,TIME,SRC,PACKET_SIZE,CUMULATIVE_PACKET_SIZE,PAGE_NUMBER,TOTAL_PACKET_SIZE
0,0.0,74.125.68.0-255,297,297,18,260268
1,2.9e-05,172.31.36.0-255,66,363,18,260268
2,0.000102,74.125.68.0-255,1484,1847,18,260268
3,0.000105,172.31.36.0-255,66,1913,18,260268
4,0.000111,74.125.68.0-255,2902,4815,18,260268
5,0.000114,172.31.36.0-255,66,4881,18,260268
6,0.00012,74.125.68.0-255,5738,10619,18,260268
7,0.000122,172.31.36.0-255,66,10685,18,260268
8,0.000127,74.125.68.0-255,3257,13942,18,260268
9,0.00013,172.31.36.0-255,66,14008,18,260268
10,0.000145,74.125.68.0-255,1484,15492,18,260268
11,0.000147,172.31.36.0-255,66,15558,18,260268
12,0.000159,74.125.68.0-255,2902,18460,18,260268
13,0.000161,172.31.36.0-255,66,18526,18,260268
14,0.000196,172.31.36.0-255,66,18592,18,260268
15,0.000223,74.125.68.0-255,2543,21135,18,260268
16,0.000226,172.31.36.0-255,66,21201,18,260268
17,0.000406,74.125.68.0-255,1484,22685,18,260268
18,0.00041,172.31.36.0-255,66,22751,18,260268
19,0.000416,74.125.68.0-255,2902,25653,18,260268
20,0.000418,172.31.36.0-255,66,25719,18,260268
21,0.000441,74.125.68.0-255,1484,27203,18,260268
22,0.000444,172.31.36.0-255,66,27269,18,260268
23,0.00045,74.125.68.0-255,2902,30171,18,260268
24,0.000452,172.31.36.0-255,66,30237,18,260268
25,0.000459,74.125.68.0-255,5738,35975,18,260268
26,0.000463,172.31.36.0-255,66,36041,18,260268
27,0.000481,74.125.68.0-255,2543,38584,18,260268
28,0.000484,172.31.36.0-255,66,38650,18,260268
29,0.000507,74.125.68.0-255,2902,41552,18,260268
30,0.00051,172.31.36.0-255,66,41618,18,260268
31,0.000538,74.125.68.0-255,4320,45938,18,260268
32,0.000544,172.31.36.0-255,66,46004,18,260268
33,0.000558,74.125.68.0-255,2902,48906,18,260268
34,0.000561,172.31.36.0-255,66,48972,18,260268
35,0.000596,74.125.68.0-255,2902,51874,18,260268
36,0.000602,172.31.36.0-255,66,51940,18,260268
37,0.000619,74.125.68.0-255,4269,56209,18,260268
38,0.000623,172.31.36.0-255,66,56275,18,260268
39,0.000662,74.125.68.0-255,111,56386,18,260268
40,0.000759,74.125.68.0-255,1484,57870,18,260268
41,0.000763,172.31.36.0-255,66,57936,18,260268
42,0.000767,74.125.68.0-255,1484,59420,18,260268
43,0.000783,74.125.68.0-255,1484,60904,18,260268
44,0.000785,172.31.36.0-255,66,60970,18,260268
45,0.000789,74.125.68.0-255,1484,62454,18,260268
46,0.000792,74.125.68.0-255,1484,63938,18,260268
47,0.000793,172.31.36.0-255,66,64004,18,260268
48,0.000806,74.125.68.0-255,1484,65488,18,260268
49,0.000819,74.125.68.0-255,2902,68390,18,260268
50,0.000821,172.31.36.0-255,66,68456,18,260268
51,0.000839,74.125.68.0-255,2902,71358,18,260268
52,0.000842,172.31.36.0-255,66,71424,18,260268
53,0.000847,74.125.68.0-255,4320,75744,18,260268
54,0.00085,172.31.36.0-255,66,75810,18,260268
55,0.000871,74.125.68.0-255,1484,77294,18,260268
56,0.000878,74.125.68.0-255,7156,84450,18,260268
57,0.000881,172.31.36.0-255,66,84516,18,260268
58,0.000885,74.125.68.0-255,2902,87418,18,260268
59,0.000887,172.31.36.0-255,66,87484,18,260268
60,0.000937,74.125.68.0-255,3602,91086,18,260268
61,0.00094,172.31.36.0-255,66,91152,18,260268
62,0.000976,74.125.68.0-255,332,91484,18,260268
63,0.001022,74.125.68.0-255,1484,92968,18,260268
64,0.001025,172.31.36.0-255,66,93034,18,260268
65,0.001028,74.125.68.0-255,1484,94518,18,260268
66,0.001055,74.125.68.0-255,1484,96002,18,260268
67,0.001058,172.31.36.0-255,66,96068,18,260268
68,0.001077,74.125.68.0-255,1484,97552,18,260268
69,0.001084,74.125.68.0-255,5738,103290,18,260268
70,0.001087,172.31.36.0-255,66,103356,18,260268
71,0.00109,74.125.68.0-255,1484,104840,18,260268
72,0.001105,74.125.68.0-255,2902,107742,18,260268
73,0.001108,172.31.36.0-255,66,107808,18,260268
74,0.001111,74.125.68.0-255,1484,109292,18,260268
75,0.001127,74.125.68.0-255,4320,113612,18,260268
76,0.001129,172.31.36.0-255,66,113678,18,260268
77,0.001155,74.125.68.0-255,7156,120834,18,260268
78,0.001158,172.31.36.0-255,66,120900,18,260268
79,0.001203,74.125.68.0-255,1484,122384,18,260268
80,0.001218,74.125.68.0-255,3602,125986,18,260268
81,0.001221,172.31.36.0-255,66,126052,18,260268
82,0.001648,74.125.68.0-255,1484,127536,18,260268
83,0.001657,74.125.68.0-255,2902,130438,18,260268
84,0.001662,172.31.36.0-255,66,130504,18,260268
85,0.001669,74.125.68.0-255,2902,133406,18,260268
86,0.001671,172.31.36.0-255,66,133472,18,260268
87,0.001693,74.125.68.0-255,2902,136374,18,260268
88,0.001695,172.31.36.0-255,66,136440,18,260268
89,0.001704,74.125.68.0-255,7156,143596,18,260268
90,0.001707,172.31.36.0-255,66,143662,18,260268
91,0.001738,172.31.36.0-255,66,143728,18,260268
92,0.001752,74.125.68.0-255,1484,145212,18,260268
93,0.001764,74.125.68.0-255,1484,146696,18,260268
94,0.001766,172.31.36.0-255,66,146762,18,260268
95,0.00178,74.125.68.0-255,2902,149664,18,260268
96,0.001783,172.31.36.0-255,66,149730,18,260268
97,0.001796,74.125.68.0-255,1484,151214,18,260268
98,0.001799,74.125.68.0-255,766,151980,18,260268
99,0.001801,172.31.36.0-255,66,152046,18,260268
100,0.002037,74.125.68.0-255,1484,153530,18,260268
101,0.002054,74.125.68.0-255,1484,155014,18,260268
102,0.002058,172.31.36.0-255,66,155080,18,260268
103,0.002064,74.125.68.0-255,2902,157982,18,260268
104,0.002066,172.31.36.0-255,66,158048,18,260268
105,0.002079,74.125.68.0-255,1484,159532,18,260268
106,0.002097,74.125.68.0-255,4320,163852,18,260268
107,0.002101,172.31.36.0-255,66,163918,18,260268
108,0.002152,74.125.68.0-255,1484,165402,18,260268
109,0.00217,74.125.68.0-255,7156,172558,18,260268
110,0.002174,172.31.36.0-255,66,172624,18,260268
111,0.002186,172.31.36.0-255,66,172690,18,260268
112,0.002191,74.125.68.0-255,3602,176292,18,260268
113,0.002194,172.31.36.0-255,66,176358,18,260268
114,0.002199,74.125.68.0-255,4320,180678,18,260268
115,0.002201,172.31.36.0-255,66,180744,18,260268
116,0.002204,74.125.68.0-255,1484,182228,18,260268
117,0.00224,172.31.36.0-255,66,182294,18,260268
118,0.002245,74.125.68.0-255,4320,186614,18,260268
119,0.002247,172.31.36.0-255,66,186680,18,260268
120,0.002269,74.125.68.0-255,5738,192418,18,260268
121,0.002272,172.31.36.0-255,66,192484,18,260268
122,0.002305,172.31.36.0-255,66,192550,18,260268
123,0.00232,74.125.68.0-255,1484,194034,18,260268
124,0.002341,74.125.68.0-255,2902,196936,18,260268
125,0.002344,172.31.36.0-255,66,197002,18,260268
126,0.002365,74.125.68.0-255,5738,202740,18,260268
127,0.002368,172.31.36.0-255,66,202806,18,260268
128,0.002378,74.125.68.0-255,2902,205708,18,260268
129,0.00238,172.31.36.0-255,66,205774,18,260268
130,0.002398,74.125.68.0-255,5738,211512,18,260268
131,0.002401,172.31.36.0-255,66,211578,18,260268
132,0.002414,172.31.36.0-255,66,211644,18,260268
133,0.002418,74.125.68.0-255,2902,214546,18,260268
134,0.00242,172.31.36.0-255,66,214612,18,260268
135,0.002435,74.125.68.0-255,2184,216796,18,260268
136,0.002437,172.31.36.0-255,66,216862,18,260268
137,0.002443,74.125.68.0-255,4320,221182,18,260268
138,0.002446,172.31.36.0-255,66,221248,18,260268
139,0.002467,74.125.68.0-255,1484,222732,18,260268
140,0.002478,172.31.36.0-255,66,222798,18,260268
141,0.002483,74.125.68.0-255,4320,227118,18,260268
142,0.002489,172.31.36.0-255,66,227184,18,260268
143,0.002498,74.125.68.0-255,2902,230086,18,260268
144,0.0025,172.31.36.0-255,66,230152,18,260268
145,0.002528,172.31.36.0-255,66,230218,18,260268
146,0.002548,74.125.68.0-255,4320,234538,18,260268
147,0.00255,172.31.36.0-255,66,234604,18,260268
148,0.002577,74.125.68.0-255,3602,238206,18,260268
149,0.00258,172.31.36.0-255,66,238272,18,260268
150,0.002585,74.125.68.0-255,4320,242592,18,260268
151,0.002588,172.31.36.0-255,66,242658,18,260268
152,0.005021,74.125.68.0-255,1484,244142,18,260268
153,0.005043,74.125.68.0-255,4320,248462,18,260268
154,0.005048,172.31.36.0-255,66,248528,18,260268
155,0.007515,74.125.68.0-255,2902,251430,18,260268
156,0.007518,172.31.36.0-255,66,251496,18,260268
157,0.007535,74.125.68.0-255,2902,254398,18,260268
158,0.007536,172.31.36.0-255,66,254464,18,260268
159,0.00997,74.125.68.0-255,5738,260202,18,260268
160,0.009975,172.31.36.0-255,66,260268,18,260268
161,0.0,74.125.24.0-255,153,153,18,261919
162,3e-05,74.125.24.0-255,1484,1637,18,261919
163,4.1e-05,172.31.36.0-255,66,1703,18,261919
164,4.9e-05,74.125.24.0-255,2902,4605,18,261919
165,5.2e-05,172.31.36.0-255,66,4671,18,261919
166,5.9e-05,74.125.24.0-255,7156,11827,18,261919
167,6.2e-05,172.31.36.0-255,66,11893,18,261919
168,6.6e-05,74.125.24.0-255,1484,13377,18,261919
169,0.000107,172.31.36.0-255,66,13443,18,261919
170,0.00011,74.125.24.0-255,1484,14927,18,261919
171,0.000128,74.125.24.0-255,3961,18888,18,261919
172,0.000131,172.31.36.0-255,66,18954,18,261919
173,0.000172,74.125.24.0-255,1484,20438,18,261919
174,0.000177,74.125.24.0-255,2902,23340,18,261919
175,0.00018,172.31.36.0-255,66,23406,18,261919
176,0.000201,74.125.24.0-255,5738,29144,18,261919
177,0.000204,172.31.36.0-255,66,29210,18,261919
178,0.000223,74.125.24.0-255,7156,36366,18,261919
179,0.000226,172.31.36.0-255,66,36432,18,261919
180,0.000238,74.125.24.0-255,4320,40752,18,261919
181,0.000241,172.31.36.0-255,66,40818,18,261919
182,0.000268,74.125.24.0-255,4320,45138,18,261919
183,0.000271,172.31.36.0-255,66,45204,18,261919
184,0.000293,172.31.36.0-255,66,45270,18,261919
185,0.000341,74.125.24.0-255,129,45399,18,261919
186,0.000825,74.125.24.0-255,342,45741,18,261919
187,0.000856,172.31.36.0-255,66,45807,18,261919
188,0.000928,74.125.24.0-255,1484,47291,18,261919
189,0.000937,74.125.24.0-255,2902,50193,18,261919
190,0.00094,172.31.36.0-255,66,50259,18,261919
191,0.000945,74.125.24.0-255,2902,53161,18,261919
192,0.000948,172.31.36.0-255,66,53227,18,261919
193,0.000962,74.125.24.0-255,2902,56129,18,261919
194,0.000965,172.31.36.0-255,66,56195,18,261919
195,0.000976,74.125.24.0-255,1484,57679,18,261919
196,0.001007,172.31.36.0-255,66,57745,18,261919
197,0.001048,74.125.24.0-255,2902,60647,18,261919
198,0.001051,172.31.36.0-255,66,60713,18,261919
199,0.001084,172.31.36.0-255,66,60779,18,261919
200,0.001313,74.125.24.0-255,1484,62263,18,261919
201,0.001321,74.125.24.0-255,2902,65165,18,261919
202,0.001326,172.31.36.0-255,66,65231,18,261919
203,0.001346,74.125.24.0-255,1484,66715,18,261919
204,0.001366,74.125.24.0-255,4320,71035,18,261919
205,0.00137,172.31.36.0-255,66,71101,18,261919
206,0.001383,74.125.24.0-255,1484,72585,18,261919
207,0.001389,74.125.24.0-255,2902,75487,18,261919
208,0.001391,172.31.36.0-255,66,75553,18,261919
209,0.001419,74.125.24.0-255,4320,79873,18,261919
210,0.001422,172.31.36.0-255,66,79939,18,261919
211,0.001431,74.125.24.0-255,7156,87095,18,261919
212,0.001433,172.31.36.0-255,66,87161,18,261919
213,0.001456,74.125.24.0-255,1484,88645,18,261919
214,0.001461,74.125.24.0-255,4320,92965,18,261919
215,0.001464,172.31.36.0-255,66,93031,18,261919
216,0.001489,74.125.24.0-255,2184,95215,18,261919
217,0.001492,172.31.36.0-255,66,95281,18,261919
218,0.001812,74.125.24.0-255,1484,96765,18,261919
219,0.00182,74.125.24.0-255,2902,99667,18,261919
220,0.001825,172.31.36.0-255,66,99733,18,261919
221,0.001832,74.125.24.0-255,5738,105471,18,261919
222,0.001835,172.31.36.0-255,66,105537,18,261919
223,0.001854,74.125.24.0-255,5738,111275,18,261919
224,0.001857,172.31.36.0-255,66,111341,18,261919
225,0.001879,74.125.24.0-255,7156,118497,18,261919
226,0.001881,172.31.36.0-255,66,118563,18,261919
227,0.001904,74.125.24.0-255,4320,122883,18,261919
228,0.001906,172.31.36.0-255,66,122949,18,261919
229,0.001946,74.125.24.0-255,4320,127269,18,261919
230,0.001949,172.31.36.0-255,66,127335,18,261919
231,0.001966,74.125.24.0-255,2184,129519,18,261919
232,0.001968,172.31.36.0-255,66,129585,18,261919
233,0.002243,74.125.24.0-255,1484,131069,18,261919
234,0.002254,74.125.24.0-255,1484,132553,18,261919
235,0.002256,172.31.36.0-255,66,132619,18,261919
236,0.002276,74.125.24.0-255,1484,134103,18,261919
237,0.002283,74.125.24.0-255,5738,139841,18,261919
238,0.002286,172.31.36.0-255,66,139907,18,261919
239,0.00229,74.125.24.0-255,2902,142809,18,261919
240,0.002292,172.31.36.0-255,66,142875,18,261919
241,0.002308,74.125.24.0-255,5738,148613,18,261919
242,0.00231,172.31.36.0-255,66,148679,18,261919
243,0.002328,74.125.24.0-255,4320,152999,18,261919
244,0.00233,172.31.36.0-255,66,153065,18,261919
245,0.002336,74.125.24.0-255,5738,158803,18,261919
246,0.002338,172.31.36.0-255,66,158869,18,261919
247,0.002362,74.125.24.0-255,2902,161771,18,261919
248,0.002364,172.31.36.0-255,66,161837,18,261919
249,0.002375,74.125.24.0-255,5738,167575,18,261919
250,0.002378,172.31.36.0-255,66,167641,18,261919
251,0.002408,172.31.36.0-255,66,167707,18,261919
252,0.002412,74.125.24.0-255,2902,170609,18,261919
253,0.002414,172.31.36.0-255,66,170675,18,261919
254,0.002439,172.31.36.0-255,66,170741,18,261919
255,0.002472,74.125.24.0-255,2184,172925,18,261919
256,0.002474,172.31.36.0-255,66,172991,18,261919
257,0.002514,74.125.24.0-255,1484,174475,18,261919
258,0.002527,74.125.24.0-255,3602,178077,18,261919
259,0.002901,74.125.24.0-255,1484,179561,18,261919
260,0.002936,74.125.24.0-255,2902,182463,18,261919
261,0.002942,74.125.24.0-255,5738,188201,18,261919
262,0.003012,74.125.24.0-255,7156,195357,18,261919
263,0.003014,74.125.24.0-255,1484,196841,18,261919
264,0.003028,74.125.24.0-255,2902,199743,18,261919
265,0.003032,172.31.36.0-255,78,199821,18,261919
266,0.003034,74.125.24.0-255,1484,201305,18,261919
267,0.003037,172.31.36.0-255,78,201383,18,261919
268,0.003065,172.31.36.0-255,78,201461,18,261919
269,0.003081,74.125.24.0-255,5020,206481,18,261919
270,0.003217,74.125.24.0-255,1484,207965,18,261919
271,0.003241,74.125.24.0-255,2902,210867,18,261919
272,0.003243,74.125.24.0-255,1484,212351,18,261919
273,0.003266,74.125.24.0-255,4320,216671,18,261919
274,0.003285,74.125.24.0-255,2902,219573,18,261919
275,0.003292,74.125.24.0-255,7156,226729,18,261919
276,0.003307,74.125.24.0-255,1484,228213,18,261919
277,0.00333,74.125.24.0-255,2184,230397,18,261919
278,0.004532,74.125.24.0-255,1484,231881,18,261919
279,0.004545,74.125.24.0-255,2902,234783,18,261919
280,0.004574,74.125.24.0-255,4320,239103,18,261919
281,0.004583,74.125.24.0-255,1484,240587,18,261919
282,0.0046,74.125.24.0-255,5738,246325,18,261919
283,0.00462,74.125.24.0-255,7156,253481,18,261919
284,0.004623,74.125.24.0-255,1484,254965,18,261919
285,0.004685,74.125.24.0-255,6581,261546,18,261919
286,0.004688,74.125.24.0-255,97,261643,18,261919
287,0.004699,74.125.24.0-255,105,261748,18,261919
288,0.005964,172.31.36.0-255,66,261814,18,261919
289,0.008562,172.31.36.0-255,105,261919,18,261919
290,0.0,172.217.194.0-255,630,630,18,956
291,0.001254,172.217.194.0-255,97,727,18,956
292,0.001265,172.31.36.0-255,66,793,18,956
293,0.003712,172.217.194.0-255,66,859,18,956
294,0.008202,172.31.36.0-255,97,956,18,956
295,0.0,172.217.24.0-255,146,146,18,316573
296,2.4e-05,172.31.36.0-255,66,212,18,316573
297,3.2e-05,172.217.24.0-255,1484,1696,18,316573
298,3.8e-05,172.31.36.0-255,66,1762,18,316573
299,5.3e-05,172.217.24.0-255,2902,4664,18,316573
300,5.7e-05,172.31.36.0-255,66,4730,18,316573
301,6.4e-05,172.217.24.0-255,5738,10468,18,316573
302,6.8e-05,172.31.36.0-255,66,10534,18,316573
303,0.000101,172.217.24.0-255,3492,14026,18,316573
304,0.000104,172.31.36.0-255,66,14092,18,316573
305,0.000135,172.217.24.0-255,1484,15576,18,316573
306,0.000138,172.31.36.0-255,66,15642,18,316573
307,0.000144,172.217.24.0-255,2902,18544,18,316573
308,0.000146,172.31.36.0-255,66,18610,18,316573
309,0.000152,172.217.24.0-255,4320,22930,18,316573
310,0.000155,172.31.36.0-255,66,22996,18,316573
311,0.000191,172.31.36.0-255,66,23062,18,316573
312,0.000256,172.217.24.0-255,1484,24546,18,316573
313,0.000259,172.31.36.0-255,66,24612,18,316573
314,0.000264,172.217.24.0-255,2902,27514,18,316573
315,0.000266,172.31.36.0-255,66,27580,18,316573
316,0.000284,172.217.24.0-255,1484,29064,18,316573
317,0.000288,172.31.36.0-255,66,29130,18,316573
318,0.000307,172.217.24.0-255,2902,32032,18,316573
319,0.00031,172.31.36.0-255,66,32098,18,316573
320,0.000314,172.217.24.0-255,2902,35000,18,316573
321,0.000317,172.31.36.0-255,66,35066,18,316573
322,0.000347,172.217.24.0-255,4320,39386,18,316573
323,0.00035,172.31.36.0-255,66,39452,18,316573
324,0.000353,172.217.24.0-255,1125,40577,18,316573
325,0.000355,172.31.36.0-255,66,40643,18,316573
326,0.000408,172.217.24.0-255,1484,42127,18,316573
327,0.000414,172.217.24.0-255,1484,43611,18,316573
328,0.000416,172.31.36.0-255,66,43677,18,316573
329,0.000446,172.217.24.0-255,1484,45161,18,316573
330,0.000453,172.217.24.0-255,5738,50899,18,316573
331,0.000456,172.31.36.0-255,66,50965,18,316573
332,0.000478,172.217.24.0-255,7087,58052,18,316573
333,0.000481,172.31.36.0-255,66,58118,18,316573
334,0.000899,172.217.24.0-255,136,58254,18,316573
335,0.001074,172.217.24.0-255,1484,59738,18,316573
336,0.001079,172.31.36.0-255,66,59804,18,316573
337,0.001086,172.217.24.0-255,2902,62706,18,316573
338,0.001088,172.31.36.0-255,66,62772,18,316573
339,0.001117,172.217.24.0-255,5738,68510,18,316573
340,0.001119,172.31.36.0-255,66,68576,18,316573
341,0.00115,172.217.24.0-255,7156,75732,18,316573
342,0.001153,172.31.36.0-255,66,75798,18,316573
343,0.001173,172.217.24.0-255,2543,78341,18,316573
344,0.001176,172.31.36.0-255,66,78407,18,316573
345,0.001182,172.217.24.0-255,5738,84145,18,316573
346,0.001185,172.31.36.0-255,66,84211,18,316573
347,0.001217,172.217.24.0-255,1484,85695,18,316573
348,0.001221,172.217.24.0-255,1484,87179,18,316573
349,0.001223,172.31.36.0-255,66,87245,18,316573
350,0.001228,172.217.24.0-255,2902,90147,18,316573
351,0.00123,172.31.36.0-255,66,90213,18,316573
352,0.001235,172.217.24.0-255,2543,92756,18,316573
353,0.001237,172.31.36.0-255,66,92822,18,316573
354,0.001309,172.217.24.0-255,2902,95724,18,316573
355,0.001312,172.31.36.0-255,66,95790,18,316573
356,0.00132,172.217.24.0-255,4320,100110,18,316573
357,0.001322,172.31.36.0-255,66,100176,18,316573
358,0.001355,172.31.36.0-255,66,100242,18,316573
359,0.001405,172.217.24.0-255,2902,103144,18,316573
360,0.001409,172.31.36.0-255,66,103210,18,316573
361,0.001449,172.31.36.0-255,66,103276,18,316573
362,0.001474,172.217.24.0-255,1886,105162,18,316573
363,0.001478,172.31.36.0-255,66,105228,18,316573
364,0.001582,172.217.24.0-255,1484,106712,18,316573
365,0.001599,172.217.24.0-255,2902,109614,18,316573
366,0.001602,172.31.36.0-255,66,109680,18,316573
367,0.00163,172.217.24.0-255,5738,115418,18,316573
368,0.001643,172.31.36.0-255,66,115484,18,316573
369,0.00165,172.31.36.0-255,66,115550,18,316573
370,0.00166,172.217.24.0-255,4320,119870,18,316573
371,0.001663,172.31.36.0-255,66,119936,18,316573
372,0.001674,172.31.36.0-255,66,120002,18,316573
373,0.0017,172.217.24.0-255,2184,122186,18,316573
374,0.001702,172.31.36.0-255,66,122252,18,316573
375,0.001818,172.217.24.0-255,1484,123736,18,316573
376,0.001822,172.217.24.0-255,1484,125220,18,316573
377,0.001827,172.31.36.0-255,66,125286,18,316573
378,0.00184,172.217.24.0-255,1484,126770,18,316573
379,0.001852,172.217.24.0-255,5738,132508,18,316573
380,0.001854,172.31.36.0-255,66,132574,18,316573
381,0.00186,172.217.24.0-255,4320,136894,18,316573
382,0.001862,172.31.36.0-255,66,136960,18,316573
383,0.001865,172.217.24.0-255,1484,138444,18,316573
384,0.001896,172.217.24.0-255,4320,142764,18,316573
385,0.0019,172.31.36.0-255,66,142830,18,316573
386,0.001914,172.31.36.0-255,66,142896,18,316573
387,0.001917,172.217.24.0-255,2184,145080,18,316573
388,0.00192,172.31.36.0-255,66,145146,18,316573
389,0.002093,172.217.24.0-255,1484,146630,18,316573
390,0.002098,172.217.24.0-255,1484,148114,18,316573
391,0.002101,172.31.36.0-255,66,148180,18,316573
392,0.002125,172.217.24.0-255,1484,149664,18,316573
393,0.002132,172.217.24.0-255,5738,155402,18,316573
394,0.002135,172.31.36.0-255,66,155468,18,316573
395,0.002163,172.31.36.0-255,66,155534,18,316573
396,0.002174,172.31.36.0-255,66,155600,18,316573
397,0.002208,172.217.24.0-255,5020,160620,18,316573
398,0.002211,172.31.36.0-255,66,160686,18,316573
399,0.002291,172.217.24.0-255,1484,162170,18,316573
400,0.002305,172.217.24.0-255,2902,165072,18,316573
401,0.002308,172.31.36.0-255,66,165138,18,316573
402,0.002337,172.217.24.0-255,5738,170876,18,316573
403,0.002341,172.31.36.0-255,66,170942,18,316573
404,0.002353,172.217.24.0-255,5738,176680,18,316573
405,0.002355,172.31.36.0-255,66,176746,18,316573
406,0.002383,172.217.24.0-255,4320,181066,18,316573
407,0.002386,172.31.36.0-255,66,181132,18,316573
408,0.00239,172.217.24.0-255,1484,182616,18,316573
409,0.002396,172.217.24.0-255,4320,186936,18,316573
410,0.002398,172.31.36.0-255,66,187002,18,316573
411,0.002428,172.31.36.0-255,66,187068,18,316573
412,0.002769,172.217.24.0-255,1484,188552,18,316573
413,0.002809,172.217.24.0-255,1484,190036,18,316573
414,0.002813,172.31.36.0-255,66,190102,18,316573
415,0.002841,172.217.24.0-255,1484,191586,18,316573
416,0.002846,172.217.24.0-255,2902,194488,18,316573
417,0.002849,172.31.36.0-255,66,194554,18,316573
418,0.002855,172.217.24.0-255,5738,200292,18,316573
419,0.002858,172.31.36.0-255,66,200358,18,316573
420,0.002884,172.217.24.0-255,2902,203260,18,316573
421,0.002887,172.31.36.0-255,66,203326,18,316573
422,0.002933,172.31.36.0-255,66,203392,18,316573
423,0.002941,172.217.24.0-255,7156,210548,18,316573
424,0.002948,172.31.36.0-255,66,210614,18,316573
425,0.00295,172.217.24.0-255,766,211380,18,316573
426,0.002979,172.217.24.0-255,1484,212864,18,316573
427,0.002981,172.31.36.0-255,66,212930,18,316573
428,0.003009,172.217.24.0-255,2902,215832,18,316573
429,0.003012,172.31.36.0-255,66,215898,18,316573
430,0.003017,172.217.24.0-255,2902,218800,18,316573
431,0.003019,172.31.36.0-255,66,218866,18,316573
432,0.003059,172.217.24.0-255,1484,220350,18,316573
433,0.003073,172.217.24.0-255,1484,221834,18,316573
434,0.003075,172.31.36.0-255,66,221900,18,316573
435,0.00308,172.217.24.0-255,2902,224802,18,316573
436,0.003083,172.31.36.0-255,66,224868,18,316573
437,0.003112,172.217.24.0-255,5738,230606,18,316573
438,0.003115,172.31.36.0-255,66,230672,18,316573
439,0.003119,172.217.24.0-255,1484,232156,18,316573
440,0.00315,172.217.24.0-255,7156,239312,18,316573
441,0.003153,172.31.36.0-255,66,239378,18,316573
442,0.003156,172.217.24.0-255,1484,240862,18,316573
443,0.003177,172.217.24.0-255,1484,242346,18,316573
444,0.00318,172.31.36.0-255,66,242412,18,316573
445,0.003213,172.217.24.0-255,3602,246014,18,316573
446,0.003216,172.31.36.0-255,66,246080,18,316573
447,0.003292,172.217.24.0-255,1484,247564,18,316573
448,0.003299,172.217.24.0-255,2902,250466,18,316573
449,0.003301,172.31.36.0-255,66,250532,18,316573
450,0.003332,172.217.24.0-255,5738,256270,18,316573
451,0.003335,172.31.36.0-255,66,256336,18,316573
452,0.003339,172.217.24.0-255,2902,259238,18,316573
453,0.003341,172.31.36.0-255,66,259304,18,316573
454,0.003348,172.217.24.0-255,4320,263624,18,316573
455,0.00335,172.31.36.0-255,66,263690,18,316573
456,0.003353,172.217.24.0-255,1484,265174,18,316573
457,0.003382,172.217.24.0-255,4320,269494,18,316573
458,0.003385,172.31.36.0-255,66,269560,18,316573
459,0.003413,172.217.24.0-255,7156,276716,18,316573
460,0.003416,172.31.36.0-255,66,276782,18,316573
461,0.003422,172.217.24.0-255,3602,280384,18,316573
462,0.003424,172.31.36.0-255,66,280450,18,316573
463,0.003519,172.217.24.0-255,1484,281934,18,316573
464,0.003524,172.217.24.0-255,1484,283418,18,316573
465,0.003526,172.31.36.0-255,66,283484,18,316573
466,0.003551,172.217.24.0-255,1484,284968,18,316573
467,0.003556,172.217.24.0-255,2902,287870,18,316573
468,0.003559,172.31.36.0-255,66,287936,18,316573
469,0.003586,172.217.24.0-255,2902,290838,18,316573
470,0.003588,172.31.36.0-255,66,290904,18,316573
471,0.003591,172.217.24.0-255,1484,292388,18,316573
472,0.003594,172.217.24.0-255,1484,293872,18,316573
473,0.003596,172.31.36.0-255,66,293938,18,316573
474,0.0036,172.217.24.0-255,1484,295422,18,316573
475,0.003608,172.217.24.0-255,1484,296906,18,316573
476,0.00361,172.31.36.0-255,66,296972,18,316573
477,0.003613,172.217.24.0-255,1484,298456,18,316573
478,0.003621,172.217.24.0-255,7156,305612,18,316573
479,0.003624,172.31.36.0-255,66,305678,18,316573
480,0.003665,172.217.24.0-255,4320,309998,18,316573
481,0.003667,172.31.36.0-255,66,310064,18,316573
482,0.003689,172.217.24.0-255,1484,311548,18,316573
483,0.003694,172.217.24.0-255,3602,315150,18,316573
484,0.003697,172.31.36.0-255,66,315216,18,316573
485,0.003699,172.217.24.0-255,1252,316468,18,316573
486,0.003723,172.217.24.0-255,105,316573,18,316573
487,0.0,172.31.36.0-255,105,105,18,105
488,0.0,74.125.24.0-255,146,146,18,164497
489,2.5e-05,172.31.36.0-255,66,212,18,164497
490,3.2e-05,74.125.24.0-255,1484,1696,18,164497
491,3.6e-05,172.31.36.0-255,66,1762,18,164497
492,4.2e-05,74.125.24.0-255,2902,4664,18,164497
493,4.5e-05,172.31.36.0-255,66,4730,18,164497
494,5.7e-05,74.125.24.0-255,4320,9050,18,164497
495,6e-05,172.31.36.0-255,66,9116,18,164497
496,0.000104,172.31.36.0-255,66,9182,18,164497
497,0.00013,74.125.24.0-255,2051,11233,18,164497
498,0.000133,172.31.36.0-255,66,11299,18,164497
499,0.000147,172.31.36.0-255,66,11365,18,164497
500,0.000191,74.125.24.0-255,7156,18521,18,164497
501,0.000196,172.31.36.0-255,66,18587,18,164497
502,0.000243,172.31.36.0-255,66,18653,18,164497
503,0.000309,74.125.24.0-255,4320,22973,18,164497
504,0.000313,172.31.36.0-255,66,23039,18,164497
505,0.00034,74.125.24.0-255,4297,27336,18,164497
506,0.000346,172.31.36.0-255,66,27402,18,164497
507,0.000382,172.31.36.0-255,66,27468,18,164497
508,0.000424,172.31.36.0-255,66,27534,18,164497
509,0.000455,74.125.24.0-255,5738,33272,18,164497
510,0.00046,172.31.36.0-255,66,33338,18,164497
511,0.000503,74.125.24.0-255,2902,36240,18,164497
512,0.000507,172.31.36.0-255,66,36306,18,164497
513,0.000529,74.125.24.0-255,5306,41612,18,164497
514,0.000534,172.31.36.0-255,66,41678,18,164497
515,0.000546,172.31.36.0-255,66,41744,18,164497
516,0.000571,74.125.24.0-255,1484,43228,18,164497
517,0.000579,172.31.36.0-255,66,43294,18,164497
518,0.000609,172.31.36.0-255,66,43360,18,164497
519,0.000642,74.125.24.0-255,7156,50516,18,164497
520,0.000646,172.31.36.0-255,66,50582,18,164497
521,0.000675,74.125.24.0-255,1484,52066,18,164497
522,0.000679,172.31.36.0-255,66,52132,18,164497
523,0.000714,74.125.24.0-255,5020,57152,18,164497
524,0.000717,172.31.36.0-255,66,57218,18,164497
525,0.000724,74.125.24.0-255,7156,64374,18,164497
526,0.000726,172.31.36.0-255,66,64440,18,164497
527,0.000753,74.125.24.0-255,1484,65924,18,164497
528,0.00077,74.125.24.0-255,4320,70244,18,164497
529,0.000781,172.31.36.0-255,66,70310,18,164497
530,0.000811,172.31.36.0-255,66,70376,18,164497
531,0.000838,74.125.24.0-255,1484,71860,18,164497
532,0.000861,172.31.36.0-255,66,71926,18,164497
533,0.000888,74.125.24.0-255,1484,73410,18,164497
534,0.000968,172.31.36.0-255,66,73476,18,164497
535,0.000996,172.31.36.0-255,66,73542,18,164497
536,0.00104,74.125.24.0-255,2902,76444,18,164497
537,0.001043,172.31.36.0-255,66,76510,18,164497
538,0.001054,74.125.24.0-255,2184,78694,18,164497
539,0.001069,172.31.36.0-255,66,78760,18,164497
540,0.001078,74.125.24.0-255,1484,80244,18,164497
541,0.001104,74.125.24.0-255,4320,84564,18,164497
542,0.001113,172.31.36.0-255,66,84630,18,164497
543,0.001117,172.31.36.0-255,66,84696,18,164497
544,0.001149,74.125.24.0-255,2902,87598,18,164497
545,0.001158,74.125.24.0-255,1484,89082,18,164497
546,0.001161,172.31.36.0-255,66,89148,18,164497
547,0.00117,74.125.24.0-255,4320,93468,18,164497
548,0.001177,172.31.36.0-255,66,93534,18,164497
549,0.001203,172.31.36.0-255,66,93600,18,164497
550,0.001242,74.125.24.0-255,1484,95084,18,164497
551,0.001258,74.125.24.0-255,2902,97986,18,164497
552,0.001261,172.31.36.0-255,66,98052,18,164497
553,0.001282,74.125.24.0-255,5738,103790,18,164497
554,0.001292,172.31.36.0-255,66,103856,18,164497
555,0.001296,74.125.24.0-255,2902,106758,18,164497
556,0.00131,172.31.36.0-255,66,106824,18,164497
557,0.001352,172.31.36.0-255,66,106890,18,164497
558,0.001388,172.31.36.0-255,66,106956,18,164497
559,0.001414,74.125.24.0-255,766,107722,18,164497
560,0.001434,74.125.24.0-255,4320,112042,18,164497
561,0.001437,172.31.36.0-255,66,112108,18,164497
562,0.001469,74.125.24.0-255,7156,119264,18,164497
563,0.001479,172.31.36.0-255,66,119330,18,164497
564,0.001523,172.31.36.0-255,66,119396,18,164497
565,0.001532,74.125.24.0-255,4320,123716,18,164497
566,0.001536,172.31.36.0-255,66,123782,18,164497
567,0.001562,74.125.24.0-255,2902,126684,18,164497
568,0.001575,172.31.36.0-255,66,126750,18,164497
569,0.001585,74.125.24.0-255,5020,131770,18,164497
570,0.001602,74.125.24.0-255,2902,134672,18,164497
571,0.001602,172.31.36.0-255,66,134738,18,164497
572,0.001607,172.31.36.0-255,66,134804,18,164497
573,0.001618,74.125.24.0-255,7156,141960,18,164497
574,0.001621,172.31.36.0-255,66,142026,18,164497
575,0.001677,172.31.36.0-255,66,142092,18,164497
576,0.001731,74.125.24.0-255,4320,146412,18,164497
577,0.001734,172.31.36.0-255,66,146478,18,164497
578,0.001764,74.125.24.0-255,5020,151498,18,164497
579,0.001777,172.31.36.0-255,66,151564,18,164497
580,0.001779,74.125.24.0-255,2902,154466,18,164497
581,0.001782,172.31.36.0-255,66,154532,18,164497
582,0.001889,172.31.36.0-255,66,154598,18,164497
583,0.001917,172.31.36.0-255,66,154664,18,164497
584,0.002037,74.125.24.0-255,4320,158984,18,164497
585,0.002042,172.31.36.0-255,66,159050,18,164497
586,0.002097,74.125.24.0-255,3602,162652,18,164497
587,0.002155,74.125.24.0-255,1674,164326,18,164497
588,0.007703,172.31.36.0-255,66,164392,18,164497
589,0.009417,172.31.36.0-255,105,164497,18,164497
590,0.0,172.217.194.0-255,153,153,18,134035
591,5.6e-05,172.217.194.0-255,1484,1637,18,134035
592,6.7e-05,172.31.36.0-255,66,1703,18,134035
593,7.3e-05,172.217.194.0-255,2902,4605,18,134035
594,7.7e-05,172.31.36.0-255,66,4671,18,134035
595,8.4e-05,172.217.194.0-255,7156,11827,18,134035
596,8.6e-05,172.31.36.0-255,66,11893,18,134035
597,0.000109,172.31.36.0-255,66,11959,18,134035
598,0.000162,172.31.36.0-255,66,12025,18,134035
599,0.000191,172.217.194.0-255,5020,17045,18,134035
600,0.000194,172.31.36.0-255,66,17111,18,134035
601,0.000431,172.217.194.0-255,1484,18595,18,134035
602,0.000438,172.217.194.0-255,2902,21497,18,134035
603,0.000442,172.31.36.0-255,66,21563,18,134035
604,0.000449,172.217.194.0-255,5738,27301,18,134035
605,0.000454,172.31.36.0-255,66,27367,18,134035
606,0.000484,172.217.194.0-255,6797,34164,18,134035
607,0.000488,172.31.36.0-255,66,34230,18,134035
608,0.000626,172.217.194.0-255,647,34877,18,134035
609,0.000652,172.217.194.0-255,1484,36361,18,134035
610,0.000658,172.31.36.0-255,66,36427,18,134035
611,0.000665,172.217.194.0-255,4320,40747,18,134035
612,0.000669,172.31.36.0-255,66,40813,18,134035
613,0.000695,172.217.194.0-255,7156,47969,18,134035
614,0.000699,172.31.36.0-255,66,48035,18,134035
615,0.000704,172.217.194.0-255,4320,52355,18,134035
616,0.000709,172.31.36.0-255,66,52421,18,134035
617,0.000745,172.31.36.0-255,66,52487,18,134035
618,0.000752,172.217.194.0-255,5738,58225,18,134035
619,0.000754,172.31.36.0-255,66,58291,18,134035
620,0.000789,172.217.194.0-255,1484,59775,18,134035
621,0.000801,172.31.36.0-255,66,59841,18,134035
622,0.000812,172.31.36.0-255,66,59907,18,134035
623,0.000818,172.217.194.0-255,4320,64227,18,134035
624,0.000821,172.31.36.0-255,66,64293,18,134035
625,0.000869,172.31.36.0-255,66,64359,18,134035
626,0.000877,172.217.194.0-255,7156,71515,18,134035
627,0.000879,172.31.36.0-255,66,71581,18,134035
628,0.000927,172.31.36.0-255,66,71647,18,134035
629,0.000942,172.31.36.0-255,66,71713,18,134035
630,0.000968,172.217.194.0-255,2184,73897,18,134035
631,0.000974,172.31.36.0-255,66,73963,18,134035
632,0.000981,172.31.36.0-255,66,74029,18,134035
633,0.001041,172.31.36.0-255,66,74095,18,134035
634,0.001049,172.217.194.0-255,6438,80533,18,134035
635,0.001051,172.31.36.0-255,66,80599,18,134035
636,0.001146,172.31.36.0-255,66,80665,18,134035
637,0.001182,172.31.36.0-255,66,80731,18,134035
638,0.001551,172.217.194.0-255,1484,82215,18,134035
639,0.001559,172.217.194.0-255,2902,85117,18,134035
640,0.001563,172.31.36.0-255,66,85183,18,134035
641,0.00157,172.217.194.0-255,5738,90921,18,134035
642,0.001572,172.31.36.0-255,66,90987,18,134035
643,0.001579,172.217.194.0-255,7156,98143,18,134035
644,0.001582,172.31.36.0-255,66,98209,18,134035
645,0.00161,172.217.194.0-255,5738,103947,18,134035
646,0.001619,172.31.36.0-255,66,104013,18,134035
647,0.001631,172.31.36.0-255,66,104079,18,134035
648,0.001679,172.217.194.0-255,1484,105563,18,134035
649,0.001685,172.217.194.0-255,2902,108465,18,134035
650,0.001688,172.31.36.0-255,66,108531,18,134035
651,0.001717,172.217.194.0-255,5738,114269,18,134035
652,0.001721,172.31.36.0-255,66,114335,18,134035
653,0.001726,172.217.194.0-255,2902,117237,18,134035
654,0.001728,172.31.36.0-255,66,117303,18,134035
655,0.001767,172.31.36.0-255,66,117369,18,134035
656,0.001772,172.217.194.0-255,2902,120271,18,134035
657,0.001775,172.31.36.0-255,66,120337,18,134035
658,0.00183,172.31.36.0-255,66,120403,18,134035
659,0.001834,172.217.194.0-255,1484,121887,18,134035
660,0.001883,172.31.36.0-255,66,121953,18,134035
661,0.001904,172.31.36.0-255,66,122019,18,134035
662,0.001941,172.217.194.0-255,5738,127757,18,134035
663,0.001945,172.31.36.0-255,66,127823,18,134035
664,0.001997,172.31.36.0-255,66,127889,18,134035
665,0.002004,172.217.194.0-255,5738,133627,18,134035
666,0.002008,172.31.36.0-255,66,133693,18,134035
667,0.002071,172.31.36.0-255,66,133759,18,134035
668,0.002074,172.217.194.0-255,105,133864,18,134035
669,0.003652,172.31.36.0-255,105,133969,18,134035
670,0.00629,172.217.194.0-255,66,134035,18,134035
671,0.0,74.125.24.0-255,153,153,18,111902
672,1.7e-05,172.31.36.0-255,66,219,18,111902
673,2.5e-05,74.125.24.0-255,1484,1703,18,111902
674,3e-05,172.31.36.0-255,66,1769,18,111902
675,3.5e-05,74.125.24.0-255,2902,4671,18,111902
676,3.8e-05,172.31.36.0-255,66,4737,18,111902
677,5.3e-05,74.125.24.0-255,7156,11893,18,111902
678,5.6e-05,172.31.36.0-255,66,11959,18,111902
679,6.1e-05,74.125.24.0-255,2029,13988,18,111902
680,6.4e-05,172.31.36.0-255,66,14054,18,111902
681,0.000153,74.125.24.0-255,1484,15538,18,111902
682,0.000157,172.31.36.0-255,66,15604,18,111902
683,0.000162,74.125.24.0-255,2902,18506,18,111902
684,0.000165,172.31.36.0-255,66,18572,18,111902
685,0.000169,74.125.24.0-255,2902,21474,18,111902
686,0.000176,172.31.36.0-255,66,21540,18,111902
687,0.0002,74.125.24.0-255,2902,24442,18,111902
688,0.000202,172.31.36.0-255,66,24508,18,111902
689,0.000214,74.125.24.0-255,6797,31305,18,111902
690,0.000216,172.31.36.0-255,66,31371,18,111902
691,0.000445,74.125.24.0-255,1484,32855,18,111902
692,0.000451,172.31.36.0-255,66,32921,18,111902
693,0.000457,74.125.24.0-255,2902,35823,18,111902
694,0.000459,172.31.36.0-255,66,35889,18,111902
695,0.000471,74.125.24.0-255,4320,40209,18,111902
696,0.000474,172.31.36.0-255,66,40275,18,111902
697,0.000505,74.125.24.0-255,1484,41759,18,111902
698,0.000508,172.31.36.0-255,66,41825,18,111902
699,0.00052,172.31.36.0-255,66,41891,18,111902
700,0.000556,74.125.24.0-255,5379,47270,18,111902
701,0.00056,172.31.36.0-255,66,47336,18,111902
702,0.000565,74.125.24.0-255,4320,51656,18,111902
703,0.000567,172.31.36.0-255,66,51722,18,111902
704,0.000601,74.125.24.0-255,5379,57101,18,111902
705,0.000604,172.31.36.0-255,66,57167,18,111902
706,0.000607,74.125.24.0-255,677,57844,18,111902
707,0.001054,74.125.24.0-255,1484,59328,18,111902
708,0.001059,74.125.24.0-255,2902,62230,18,111902
709,0.001065,172.31.36.0-255,66,62296,18,111902
710,0.001074,172.31.36.0-255,66,62362,18,111902
711,0.001081,74.125.24.0-255,5738,68100,18,111902
712,0.001087,172.31.36.0-255,66,68166,18,111902
713,0.001092,74.125.24.0-255,2902,71068,18,111902
714,0.001094,172.31.36.0-255,66,71134,18,111902
715,0.001139,172.31.36.0-255,66,71200,18,111902
716,0.001152,172.31.36.0-255,66,71266,18,111902
717,0.002077,74.125.24.0-255,1484,72750,18,111902
718,0.002089,74.125.24.0-255,2902,75652,18,111902
719,0.002094,172.31.36.0-255,66,75718,18,111902
720,0.002102,74.125.24.0-255,5738,81456,18,111902
721,0.002104,172.31.36.0-255,66,81522,18,111902
722,0.002144,172.31.36.0-255,66,81588,18,111902
723,0.002167,74.125.24.0-255,1484,83072,18,111902
724,0.002175,74.125.24.0-255,7156,90228,18,111902
725,0.002177,172.31.36.0-255,66,90294,18,111902
726,0.002205,74.125.24.0-255,3602,93896,18,111902
727,0.002207,172.31.36.0-255,66,93962,18,111902
728,0.00434,74.125.24.0-255,1484,95446,18,111902
729,0.004371,74.125.24.0-255,1484,96930,18,111902
730,0.004373,172.31.36.0-255,66,96996,18,111902
731,0.0044,74.125.24.0-255,2902,99898,18,111902
732,0.004403,172.31.36.0-255,66,99964,18,111902
733,0.006518,74.125.24.0-255,1484,101448,18,111902
734,0.006536,74.125.24.0-255,1484,102932,18,111902
735,0.006539,172.31.36.0-255,66,102998,18,111902
736,0.006593,74.125.24.0-255,2902,105900,18,111902
737,0.006596,172.31.36.0-255,66,105966,18,111902
738,0.008733,74.125.24.0-255,2902,108868,18,111902
739,0.00874,172.31.36.0-255,66,108934,18,111902
740,0.008771,74.125.24.0-255,2902,111836,18,111902
741,0.008774,172.31.36.0-255,66,111902,18,111902
742,0.0,74.125.24.0-255,298,298,18,219761
743,2.3e-05,172.31.36.0-255,66,364,18,219761
744,3.7e-05,74.125.24.0-255,1484,1848,18,219761
745,4.1e-05,172.31.36.0-255,66,1914,18,219761
746,5.5e-05,74.125.24.0-255,2902,4816,18,219761
747,5.8e-05,172.31.36.0-255,66,4882,18,219761
748,7.2e-05,74.125.24.0-255,1484,6366,18,219761
749,7.4e-05,172.31.36.0-255,66,6432,18,219761
750,8.7e-05,74.125.24.0-255,2902,9334,18,219761
751,9e-05,172.31.36.0-255,66,9400,18,219761
752,0.000123,74.125.24.0-255,6106,15506,18,219761
753,0.000125,172.31.36.0-255,66,15572,18,219761
754,0.000137,172.31.36.0-255,66,15638,18,219761
755,0.00014,74.125.24.0-255,1484,17122,18,219761
756,0.000142,172.31.36.0-255,66,17188,18,219761
757,0.000167,74.125.24.0-255,3961,21149,18,219761
758,0.00017,172.31.36.0-255,66,21215,18,219761
759,0.000187,74.125.24.0-255,1484,22699,18,219761
760,0.000191,172.31.36.0-255,66,22765,18,219761
761,0.000216,74.125.24.0-255,4320,27085,18,219761
762,0.000219,172.31.36.0-255,66,27151,18,219761
763,0.000226,74.125.24.0-255,7156,34307,18,219761
764,0.000228,172.31.36.0-255,66,34373,18,219761
765,0.000254,74.125.24.0-255,3961,38334,18,219761
766,0.000256,172.31.36.0-255,66,38400,18,219761
767,0.000294,74.125.24.0-255,4320,42720,18,219761
768,0.000298,172.31.36.0-255,66,42786,18,219761
769,0.00031,172.31.36.0-255,66,42852,18,219761
770,0.000313,74.125.24.0-255,1484,44336,18,219761
771,0.000315,172.31.36.0-255,66,44402,18,219761
772,0.000395,74.125.24.0-255,1735,46137,18,219761
773,0.0004,172.31.36.0-255,66,46203,18,219761
774,0.000493,74.125.24.0-255,1484,47687,18,219761
775,0.000511,74.125.24.0-255,2902,50589,18,219761
776,0.000514,172.31.36.0-255,66,50655,18,219761
777,0.00053,74.125.24.0-255,2902,53557,18,219761
778,0.000533,172.31.36.0-255,66,53623,18,219761
779,0.000554,74.125.24.0-255,2902,56525,18,219761
780,0.000557,172.31.36.0-255,66,56591,18,219761
781,0.000564,74.125.24.0-255,5738,62329,18,219761
782,0.000568,172.31.36.0-255,66,62395,18,219761
783,0.000586,74.125.24.0-255,5379,67774,18,219761
784,0.00059,172.31.36.0-255,66,67840,18,219761
785,0.000601,172.31.36.0-255,66,67906,18,219761
786,0.000622,74.125.24.0-255,2543,70449,18,219761
787,0.000624,172.31.36.0-255,66,70515,18,219761
788,0.000811,74.125.24.0-255,1484,71999,18,219761
789,0.000827,74.125.24.0-255,2902,74901,18,219761
790,0.00083,172.31.36.0-255,66,74967,18,219761
791,0.000851,74.125.24.0-255,5738,80705,18,219761
792,0.000854,172.31.36.0-255,66,80771,18,219761
793,0.000866,74.125.24.0-255,1484,82255,18,219761
794,0.000899,172.31.36.0-255,66,82321,18,219761
795,0.000907,74.125.24.0-255,7156,89477,18,219761
796,0.000911,172.31.36.0-255,66,89543,18,219761
797,0.000944,74.125.24.0-255,3602,93145,18,219761
798,0.000948,172.31.36.0-255,66,93211,18,219761
799,0.001002,74.125.24.0-255,1484,94695,18,219761
800,0.001006,74.125.24.0-255,1484,96179,18,219761
801,0.00101,172.31.36.0-255,66,96245,18,219761
802,0.001027,74.125.24.0-255,1484,97729,18,219761
803,0.001033,74.125.24.0-255,4320,102049,18,219761
804,0.001036,172.31.36.0-255,66,102115,18,219761
805,0.001055,74.125.24.0-255,1484,103599,18,219761
806,0.001066,172.31.36.0-255,66,103665,18,219761
807,0.001098,74.125.24.0-255,5738,109403,18,219761
808,0.001102,172.31.36.0-255,66,109469,18,219761
809,0.00113,172.31.36.0-255,66,109535,18,219761
810,0.001143,172.31.36.0-255,66,109601,18,219761
811,0.001165,74.125.24.0-255,4320,113921,18,219761
812,0.001169,172.31.36.0-255,66,113987,18,219761
813,0.00118,172.31.36.0-255,66,114053,18,219761
814,0.001211,172.31.36.0-255,66,114119,18,219761
815,0.001265,74.125.24.0-255,1484,115603,18,219761
816,0.001269,74.125.24.0-255,1484,117087,18,219761
817,0.001273,172.31.36.0-255,66,117153,18,219761
818,0.001281,74.125.24.0-255,1484,118637,18,219761
819,0.001286,74.125.24.0-255,4320,122957,18,219761
820,0.001289,172.31.36.0-255,66,123023,18,219761
821,0.001303,74.125.24.0-255,1484,124507,18,219761
822,0.001308,74.125.24.0-255,2902,127409,18,219761
823,0.00131,172.31.36.0-255,66,127475,18,219761
824,0.001331,74.125.24.0-255,7156,134631,18,219761
825,0.001334,172.31.36.0-255,66,134697,18,219761
826,0.00135,74.125.24.0-255,2902,137599,18,219761
827,0.001352,172.31.36.0-255,66,137665,18,219761
828,0.001365,172.31.36.0-255,66,137731,18,219761
829,0.001709,74.125.24.0-255,1484,139215,18,219761
830,0.001715,74.125.24.0-255,2902,142117,18,219761
831,0.001718,172.31.36.0-255,66,142183,18,219761
832,0.001742,74.125.24.0-255,5738,147921,18,219761
833,0.001745,172.31.36.0-255,66,147987,18,219761
834,0.001762,74.125.24.0-255,5738,153725,18,219761
835,0.00177,172.31.36.0-255,66,153791,18,219761
836,0.001786,74.125.24.0-255,4320,158111,18,219761
837,0.001789,172.31.36.0-255,66,158177,18,219761
838,0.001801,172.31.36.0-255,66,158243,18,219761
839,0.001806,74.125.24.0-255,3602,161845,18,219761
840,0.001809,172.31.36.0-255,66,161911,18,219761
841,0.001837,74.125.24.0-255,4320,166231,18,219761
842,0.00184,172.31.36.0-255,66,166297,18,219761
843,0.001847,74.125.24.0-255,7156,173453,18,219761
844,0.00185,172.31.36.0-255,66,173519,18,219761
845,0.001864,74.125.24.0-255,2902,176421,18,219761
846,0.001868,172.31.36.0-255,66,176487,18,219761
847,0.001874,74.125.24.0-255,5738,182225,18,219761
848,0.001877,172.31.36.0-255,66,182291,18,219761
849,0.001909,74.125.24.0-255,4320,186611,18,219761
850,0.001913,172.31.36.0-255,66,186677,18,219761
851,0.00194,172.31.36.0-255,66,186743,18,219761
852,0.002034,74.125.24.0-255,1484,188227,18,219761
853,0.002054,74.125.24.0-255,2902,191129,18,219761
854,0.002057,172.31.36.0-255,66,191195,18,219761
855,0.002082,74.125.24.0-255,5738,196933,18,219761
856,0.002085,172.31.36.0-255,66,196999,18,219761
857,0.002089,74.125.24.0-255,2902,199901,18,219761
858,0.002091,172.31.36.0-255,66,199967,18,219761
859,0.002118,172.31.36.0-255,66,200033,18,219761
860,0.002129,172.31.36.0-255,66,200099,18,219761
861,0.002146,74.125.24.0-255,2184,202283,18,219761
862,0.002148,172.31.36.0-255,66,202349,18,219761
863,0.004249,74.125.24.0-255,5738,208087,18,219761
864,0.004255,172.31.36.0-255,66,208153,18,219761
865,0.006356,74.125.24.0-255,5738,213891,18,219761
866,0.006363,172.31.36.0-255,66,213957,18,219761
867,0.008485,74.125.24.0-255,5738,219695,18,219761
868,0.008492,172.31.36.0-255,66,219761,18,219761
869,0.0,172.217.194.0-255,153,153,18,175065
870,2.4e-05,172.31.36.0-255,66,219,18,175065
871,3.2e-05,172.217.194.0-255,1484,1703,18,175065
872,3.7e-05,172.31.36.0-255,66,1769,18,175065
873,5.4e-05,172.217.194.0-255,2902,4671,18,175065
874,5.8e-05,172.31.36.0-255,66,4737,18,175065
875,6.2e-05,172.217.194.0-255,2902,7639,18,175065
876,6.5e-05,172.31.36.0-255,66,7705,18,175065
877,6.9e-05,172.217.194.0-255,1484,9189,18,175065
878,7.2e-05,172.31.36.0-255,66,9255,18,175065
879,0.0001,172.217.194.0-255,4921,14176,18,175065
880,0.000108,172.31.36.0-255,66,14242,18,175065
881,0.000135,172.217.194.0-255,1484,15726,18,175065
882,0.000138,172.31.36.0-255,66,15792,18,175065
883,0.000142,172.217.194.0-255,2902,18694,18,175065
884,0.000145,172.31.36.0-255,66,18760,18,175065
885,0.000176,172.217.194.0-255,5738,24498,18,175065
886,0.00018,172.31.36.0-255,66,24564,18,175065
887,0.000188,172.217.194.0-255,6797,31361,18,175065
888,0.00019,172.31.36.0-255,66,31427,18,175065
889,0.000588,172.217.194.0-255,1484,32911,18,175065
890,0.000594,172.31.36.0-255,66,32977,18,175065
891,0.000601,172.217.194.0-255,2902,35879,18,175065
892,0.000603,172.31.36.0-255,66,35945,18,175065
893,0.000617,172.217.194.0-255,5738,41683,18,175065
894,0.00062,172.31.36.0-255,66,41749,18,175065
895,0.000659,172.217.194.0-255,6797,48546,18,175065
896,0.000663,172.31.36.0-255,66,48612,18,175065
897,0.000728,172.217.194.0-255,1484,50096,18,175065
898,0.000732,172.31.36.0-255,66,50162,18,175065
899,0.000737,172.217.194.0-255,2902,53064,18,175065
900,0.00074,172.31.36.0-255,66,53130,18,175065
901,0.000744,172.217.194.0-255,1484,54614,18,175065
902,0.000773,172.217.194.0-255,4320,58934,18,175065
903,0.000776,172.31.36.0-255,66,59000,18,175065
904,0.000801,172.217.194.0-255,4320,63320,18,175065
905,0.000803,172.31.36.0-255,66,63386,18,175065
906,0.00083,172.217.194.0-255,2543,65929,18,175065
907,0.000832,172.31.36.0-255,66,65995,18,175065
908,0.000835,172.217.194.0-255,676,66671,18,175065
909,0.000877,172.217.194.0-255,1484,68155,18,175065
910,0.000882,172.217.194.0-255,2902,71057,18,175065
911,0.000886,172.31.36.0-255,66,71123,18,175065
912,0.00089,172.31.36.0-255,66,71189,18,175065
913,0.000905,172.217.194.0-255,4320,75509,18,175065
914,0.000907,172.31.36.0-255,66,75575,18,175065
915,0.000935,172.217.194.0-255,1484,77059,18,175065
916,0.000958,172.217.194.0-255,6797,83856,18,175065
917,0.000962,172.31.36.0-255,66,83922,18,175065
918,0.00109,172.217.194.0-255,1484,85406,18,175065
919,0.001104,172.217.194.0-255,2902,88308,18,175065
920,0.001109,172.31.36.0-255,66,88374,18,175065
921,0.001139,172.217.194.0-255,5738,94112,18,175065
922,0.001142,172.31.36.0-255,66,94178,18,175065
923,0.001149,172.217.194.0-255,6797,100975,18,175065
924,0.001152,172.31.36.0-255,66,101041,18,175065
925,0.001564,172.217.194.0-255,1484,102525,18,175065
926,0.00157,172.217.194.0-255,2902,105427,18,175065
927,0.001573,172.31.36.0-255,66,105493,18,175065
928,0.001606,172.217.194.0-255,5738,111231,18,175065
929,0.001609,172.31.36.0-255,66,111297,18,175065
930,0.001616,172.217.194.0-255,7156,118453,18,175065
931,0.001618,172.31.36.0-255,66,118519,18,175065
932,0.001637,172.31.36.0-255,66,118585,18,175065
933,0.001665,172.217.194.0-255,1484,120069,18,175065
934,0.00167,172.217.194.0-255,2184,122253,18,175065
935,0.001672,172.31.36.0-255,66,122319,18,175065
936,0.001676,172.217.194.0-255,2902,125221,18,175065
937,0.001678,172.31.36.0-255,66,125287,18,175065
938,0.001683,172.217.194.0-255,2902,128189,18,175065
939,0.001685,172.31.36.0-255,66,128255,18,175065
940,0.00172,172.217.194.0-255,4320,132575,18,175065
941,0.001722,172.31.36.0-255,66,132641,18,175065
942,0.001738,172.31.36.0-255,66,132707,18,175065
943,0.001814,172.31.36.0-255,66,132773,18,175065
944,0.001829,172.31.36.0-255,66,132839,18,175065
945,0.001846,172.31.36.0-255,66,132905,18,175065
946,0.001849,172.217.194.0-255,1484,134389,18,175065
947,0.001888,172.31.36.0-255,66,134455,18,175065
948,0.001904,172.31.36.0-255,66,134521,18,175065
949,0.001912,172.217.194.0-255,7156,141677,18,175065
950,0.001916,172.31.36.0-255,66,141743,18,175065
951,0.001965,172.31.36.0-255,66,141809,18,175065
952,0.001973,172.217.194.0-255,6438,148247,18,175065
953,0.001975,172.31.36.0-255,66,148313,18,175065
954,0.001982,172.217.194.0-255,7156,155469,18,175065
955,0.002009,172.217.194.0-255,7156,162625,18,175065
956,0.002045,172.217.194.0-255,766,163391,18,175065
957,0.002149,172.217.194.0-255,1484,164875,18,175065
958,0.002155,172.217.194.0-255,2902,167777,18,175065
959,0.002181,172.217.194.0-255,5738,173515,18,175065
960,0.002185,172.217.194.0-255,1484,174999,18,175065
961,0.007944,172.31.36.0-255,66,175065,18,175065
962,0.0,74.125.200.0-255,152,152,18,118217
963,2.7e-05,172.31.36.0-255,66,218,18,118217
964,3.4e-05,74.125.200.0-255,1484,1702,18,118217
965,3.9e-05,172.31.36.0-255,66,1768,18,118217
966,5.3e-05,74.125.200.0-255,2902,4670,18,118217
967,5.6e-05,172.31.36.0-255,66,4736,18,118217
968,6.2e-05,74.125.200.0-255,4320,9056,18,118217
969,6.5e-05,172.31.36.0-255,66,9122,18,118217
970,8.9e-05,74.125.200.0-255,4873,13995,18,118217
971,9.6e-05,172.31.36.0-255,66,14061,18,118217
972,0.000453,74.125.200.0-255,1484,15545,18,118217
973,0.000458,172.31.36.0-255,66,15611,18,118217
974,0.000465,74.125.200.0-255,2902,18513,18,118217
975,0.000467,172.31.36.0-255,66,18579,18,118217
976,0.000495,74.125.200.0-255,4320,22899,18,118217
977,0.000498,172.31.36.0-255,66,22965,18,118217
978,0.000505,74.125.200.0-255,5738,28703,18,118217
979,0.000507,172.31.36.0-255,66,28769,18,118217
980,0.000532,74.125.200.0-255,2543,31312,18,118217
981,0.000535,172.31.36.0-255,66,31378,18,118217
982,0.000778,74.125.200.0-255,1484,32862,18,118217
983,0.000783,172.31.36.0-255,66,32928,18,118217
984,0.000789,74.125.200.0-255,2902,35830,18,118217
985,0.000791,172.31.36.0-255,66,35896,18,118217
986,0.000816,74.125.200.0-255,5738,41634,18,118217
987,0.000819,172.31.36.0-255,66,41700,18,118217
988,0.000847,74.125.200.0-255,6797,48497,18,118217
989,0.00085,172.31.36.0-255,66,48563,18,118217
990,0.00088,74.125.200.0-255,7156,55719,18,118217
991,0.000883,172.31.36.0-255,66,55785,18,118217
992,0.000911,74.125.200.0-255,1484,57269,18,118217
993,0.000915,74.125.200.0-255,2902,60171,18,118217
994,0.000938,74.125.200.0-255,2902,63073,18,118217
995,0.000942,172.31.36.0-255,66,63139,18,118217
996,0.000945,172.31.36.0-255,66,63205,18,118217
997,0.000947,172.31.36.0-255,66,63271,18,118217
998,0.000968,74.125.200.0-255,2855,66126,18,118217
999,0.00097,172.31.36.0-255,66,66192,18,118217
1000,0.001053,74.125.200.0-255,111,66303,18,118217
1001,0.001284,172.31.36.0-255,66,66369,18,118217
1002,0.001439,74.125.200.0-255,1484,67853,18,118217
1003,0.00145,74.125.200.0-255,2902,70755,18,118217
1004,0.001453,172.31.36.0-255,66,70821,18,118217
1005,0.001488,74.125.200.0-255,5738,76559,18,118217
1006,0.001491,172.31.36.0-255,66,76625,18,118217
1007,0.001499,74.125.200.0-255,6797,83422,18,118217
1008,0.001501,172.31.36.0-255,66,83488,18,118217
1009,0.00153,74.125.200.0-255,4320,87808,18,118217
1010,0.001532,172.31.36.0-255,66,87874,18,118217
1011,0.001554,74.125.200.0-255,2902,90776,18,118217
1012,0.001556,172.31.36.0-255,66,90842,18,118217
1013,0.00156,74.125.200.0-255,1484,92326,18,118217
1014,0.001564,74.125.200.0-255,2902,95228,18,118217
1015,0.001566,172.31.36.0-255,66,95294,18,118217
1016,0.001596,74.125.200.0-255,1484,96778,18,118217
1017,0.001619,74.125.200.0-255,3961,100739,18,118217
1018,0.001621,172.31.36.0-255,66,100805,18,118217
1019,0.003881,74.125.200.0-255,5738,106543,18,118217
1020,0.00389,172.31.36.0-255,66,106609,18,118217
1021,0.00617,74.125.200.0-255,5738,112347,18,118217
1022,0.006178,172.31.36.0-255,66,112413,18,118217
1023,0.008438,74.125.200.0-255,5738,118151,18,118217
1024,0.008444,172.31.36.0-255,66,118217,18,118217
1025,0.0,172.31.36.0-255,66,66,18,66
1026,0.0,74.125.200.0-255,220,220,18,327271
1027,3.8e-05,172.31.36.0-255,66,286,18,327271
1028,4.4e-05,74.125.200.0-255,1484,1770,18,327271
1029,4.8e-05,172.31.36.0-255,66,1836,18,327271
1030,5.4e-05,74.125.200.0-255,4320,6156,18,327271
1031,5.7e-05,172.31.36.0-255,66,6222,18,327271
1032,6.2e-05,74.125.200.0-255,2902,9124,18,327271
1033,6.5e-05,172.31.36.0-255,66,9190,18,327271
1034,7.1e-05,74.125.200.0-255,4320,13510,18,327271
1035,7.4e-05,172.31.36.0-255,66,13576,18,327271
1036,9.5e-05,74.125.200.0-255,1484,15060,18,327271
1037,9.7e-05,172.31.36.0-255,66,15126,18,327271
1038,0.00012,74.125.200.0-255,4674,19800,18,327271
1039,0.000123,172.31.36.0-255,66,19866,18,327271
1040,0.00013,74.125.200.0-255,7156,27022,18,327271
1041,0.000132,172.31.36.0-255,66,27088,18,327271
1042,0.000161,74.125.200.0-255,3961,31049,18,327271
1043,0.000164,172.31.36.0-255,66,31115,18,327271
1044,0.000289,74.125.200.0-255,1484,32599,18,327271
1045,0.000292,172.31.36.0-255,66,32665,18,327271
1046,0.000306,74.125.200.0-255,2902,35567,18,327271
1047,0.000309,172.31.36.0-255,66,35633,18,327271
1048,0.000339,74.125.200.0-255,5738,41371,18,327271
1049,0.000343,172.31.36.0-255,66,41437,18,327271
1050,0.000348,74.125.200.0-255,2902,44339,18,327271
1051,0.000351,172.31.36.0-255,66,44405,18,327271
1052,0.000366,74.125.200.0-255,2902,47307,18,327271
1053,0.000369,172.31.36.0-255,66,47373,18,327271
1054,0.000383,74.125.200.0-255,4320,51693,18,327271
1055,0.000386,172.31.36.0-255,66,51759,18,327271
1056,0.00041,74.125.200.0-255,2543,54302,18,327271
1057,0.000414,172.31.36.0-255,66,54368,18,327271
1058,0.000421,74.125.200.0-255,5738,60106,18,327271
1059,0.000423,172.31.36.0-255,66,60172,18,327271
1060,0.000449,74.125.200.0-255,5379,65551,18,327271
1061,0.000452,172.31.36.0-255,66,65617,18,327271
1062,0.00053,74.125.200.0-255,413,66030,18,327271
1063,0.000575,74.125.200.0-255,329,66359,18,327271
1064,0.00082,74.125.200.0-255,1484,67843,18,327271
1065,0.000824,172.31.36.0-255,66,67909,18,327271
1066,0.000865,74.125.200.0-255,2902,70811,18,327271
1067,0.000869,172.31.36.0-255,66,70877,18,327271
1068,0.000874,74.125.200.0-255,2902,73779,18,327271
1069,0.000876,172.31.36.0-255,66,73845,18,327271
1070,0.00088,74.125.200.0-255,1484,75329,18,327271
1071,0.000902,74.125.200.0-255,2902,78231,18,327271
1072,0.000905,172.31.36.0-255,66,78297,18,327271
1073,0.000911,74.125.200.0-255,4320,82617,18,327271
1074,0.000913,172.31.36.0-255,66,82683,18,327271
1075,0.000932,74.125.200.0-255,5738,88421,18,327271
1076,0.000936,172.31.36.0-255,66,88487,18,327271
1077,0.000955,74.125.200.0-255,5738,94225,18,327271
1078,0.000959,172.31.36.0-255,66,94291,18,327271
1079,0.000998,74.125.200.0-255,6438,100729,18,327271
1080,0.001002,172.31.36.0-255,66,100795,18,327271
1081,0.001182,74.125.200.0-255,1484,102279,18,327271
1082,0.001203,74.125.200.0-255,2902,105181,18,327271
1083,0.001207,172.31.36.0-255,66,105247,18,327271
1084,0.001216,74.125.200.0-255,5738,110985,18,327271
1085,0.001217,172.31.36.0-255,66,111051,18,327271
1086,0.001222,74.125.200.0-255,2902,113953,18,327271
1087,0.001224,172.31.36.0-255,66,114019,18,327271
1088,0.001247,74.125.200.0-255,4320,118339,18,327271
1089,0.00125,172.31.36.0-255,66,118405,18,327271
1090,0.001256,74.125.200.0-255,4320,122725,18,327271
1091,0.001258,172.31.36.0-255,66,122791,18,327271
1092,0.001285,74.125.200.0-255,4320,127111,18,327271
1093,0.001288,172.31.36.0-255,66,127177,18,327271
1094,0.001294,74.125.200.0-255,5738,132915,18,327271
1095,0.001297,172.31.36.0-255,66,132981,18,327271
1096,0.001322,74.125.200.0-255,2184,135165,18,327271
1097,0.001325,172.31.36.0-255,66,135231,18,327271
1098,0.001372,74.125.200.0-255,2902,138133,18,327271
1099,0.001375,172.31.36.0-255,66,138199,18,327271
1100,0.001378,74.125.200.0-255,1484,139683,18,327271
1101,0.001383,74.125.200.0-255,2902,142585,18,327271
1102,0.001387,172.31.36.0-255,66,142651,18,327271
1103,0.001415,74.125.200.0-255,5738,148389,18,327271
1104,0.001419,172.31.36.0-255,66,148455,18,327271
1105,0.001427,74.125.200.0-255,1484,149939,18,327271
1106,0.001444,74.125.200.0-255,2902,152841,18,327271
1107,0.001447,172.31.36.0-255,66,152907,18,327271
1108,0.001453,74.125.200.0-255,4320,157227,18,327271
1109,0.001455,172.31.36.0-255,66,157293,18,327271
1110,0.001464,74.125.200.0-255,1484,158777,18,327271
1111,0.001477,74.125.200.0-255,1484,160261,18,327271
1112,0.00148,172.31.36.0-255,66,160327,18,327271
1113,0.001504,74.125.200.0-255,5738,166065,18,327271
1114,0.001507,172.31.36.0-255,66,166131,18,327271
1115,0.001523,74.125.200.0-255,5738,171869,18,327271
1116,0.001527,172.31.36.0-255,66,171935,18,327271
1117,0.001535,74.125.200.0-255,2184,174119,18,327271
1118,0.001538,172.31.36.0-255,66,174185,18,327271
1119,0.001542,74.125.200.0-255,2902,177087,18,327271
1120,0.001544,172.31.36.0-255,66,177153,18,327271
1121,0.001585,172.31.36.0-255,66,177219,18,327271
1122,0.001595,172.31.36.0-255,66,177285,18,327271
1123,0.001635,74.125.200.0-255,5020,182305,18,327271
1124,0.001639,172.31.36.0-255,66,182371,18,327271
1125,0.001683,74.125.200.0-255,4320,186691,18,327271
1126,0.001686,172.31.36.0-255,66,186757,18,327271
1127,0.001692,74.125.200.0-255,4320,191077,18,327271
1128,0.001694,172.31.36.0-255,66,191143,18,327271
1129,0.001717,74.125.200.0-255,1484,192627,18,327271
1130,0.001724,74.125.200.0-255,7156,199783,18,327271
1131,0.001727,172.31.36.0-255,66,199849,18,327271
1132,0.001747,74.125.200.0-255,4320,204169,18,327271
1133,0.001752,172.31.36.0-255,66,204235,18,327271
1134,0.001756,74.125.200.0-255,4320,208555,18,327271
1135,0.001759,172.31.36.0-255,66,208621,18,327271
1136,0.001782,74.125.200.0-255,1484,210105,18,327271
1137,0.0018,74.125.200.0-255,6438,216543,18,327271
1138,0.001803,172.31.36.0-255,66,216609,18,327271
1139,0.001829,74.125.200.0-255,1484,218093,18,327271
1140,0.001841,74.125.200.0-255,2902,220995,18,327271
1141,0.001844,172.31.36.0-255,66,221061,18,327271
1142,0.001848,74.125.200.0-255,1484,222545,18,327271
1143,0.001867,74.125.200.0-255,4320,226865,18,327271
1144,0.001869,172.31.36.0-255,66,226931,18,327271
1145,0.001955,172.31.36.0-255,66,226997,18,327271
1146,0.001974,74.125.200.0-255,2902,229899,18,327271
1147,0.001977,172.31.36.0-255,66,229965,18,327271
1148,0.001987,172.31.36.0-255,66,230031,18,327271
1149,0.001993,74.125.200.0-255,5738,235769,18,327271
1150,0.001995,172.31.36.0-255,66,235835,18,327271
1151,0.00201,74.125.200.0-255,2902,238737,18,327271
1152,0.002013,172.31.36.0-255,66,238803,18,327271
1153,0.002035,74.125.200.0-255,4320,243123,18,327271
1154,0.002038,172.31.36.0-255,66,243189,18,327271
1155,0.002045,74.125.200.0-255,7156,250345,18,327271
1156,0.002047,172.31.36.0-255,66,250411,18,327271
1157,0.002072,74.125.200.0-255,5738,256149,18,327271
1158,0.002075,172.31.36.0-255,66,256215,18,327271
1159,0.002081,74.125.200.0-255,4320,260535,18,327271
1160,0.002083,172.31.36.0-255,66,260601,18,327271
1161,0.002107,172.31.36.0-255,66,260667,18,327271
1162,0.002127,74.125.200.0-255,766,261433,18,327271
1163,0.002133,74.125.200.0-255,4320,265753,18,327271
1164,0.002135,172.31.36.0-255,66,265819,18,327271
1165,0.002168,172.31.36.0-255,66,265885,18,327271
1166,0.00219,74.125.200.0-255,5738,271623,18,327271
1167,0.002194,172.31.36.0-255,66,271689,18,327271
1168,0.002199,74.125.200.0-255,3602,275291,18,327271
1169,0.002202,172.31.36.0-255,66,275357,18,327271
1170,0.002215,74.125.200.0-255,1484,276841,18,327271
1171,0.002236,74.125.200.0-255,2902,279743,18,327271
1172,0.002239,172.31.36.0-255,66,279809,18,327271
1173,0.002259,74.125.200.0-255,1484,281293,18,327271
1174,0.002263,74.125.200.0-255,1484,282777,18,327271
1175,0.002265,172.31.36.0-255,66,282843,18,327271
1176,0.002282,74.125.200.0-255,1484,284327,18,327271
1177,0.002289,74.125.200.0-255,4320,288647,18,327271
1178,0.002291,172.31.36.0-255,66,288713,18,327271
1179,0.002306,74.125.200.0-255,1484,290197,18,327271
1180,0.002315,74.125.200.0-255,7156,297353,18,327271
1181,0.002318,172.31.36.0-255,66,297419,18,327271
1182,0.002334,74.125.200.0-255,4320,301739,18,327271
1183,0.002337,172.31.36.0-255,66,301805,18,327271
1184,0.002349,74.125.200.0-255,4320,306125,18,327271
1185,0.002352,172.31.36.0-255,66,306191,18,327271
1186,0.002357,74.125.200.0-255,3602,309793,18,327271
1187,0.00236,172.31.36.0-255,66,309859,18,327271
1188,0.004685,74.125.200.0-255,5738,315597,18,327271
1189,0.004697,172.31.36.0-255,66,315663,18,327271
1190,0.007024,74.125.200.0-255,5738,321401,18,327271
1191,0.007033,172.31.36.0-255,66,321467,18,327271
1192,0.009354,74.125.200.0-255,5738,327205,18,327271
1193,0.009364,172.31.36.0-255,66,327271,18,327271
1194,0.0,172.217.194.0-255,153,153,18,56737
1195,3.3e-05,172.31.36.0-255,66,219,18,56737
1196,5.3e-05,172.217.194.0-255,1484,1703,18,56737
1197,5.8e-05,172.31.36.0-255,66,1769,18,56737
1198,6.3e-05,172.217.194.0-255,2902,4671,18,56737
1199,6.7e-05,172.31.36.0-255,66,4737,18,56737
1200,9.2e-05,172.217.194.0-255,4320,9057,18,56737
1201,9.5e-05,172.31.36.0-255,66,9123,18,56737
1202,0.000173,172.217.194.0-255,4320,13443,18,56737
1203,0.000177,172.31.36.0-255,66,13509,18,56737
1204,0.000194,172.217.194.0-255,630,14139,18,56737
1205,0.000197,172.31.36.0-255,66,14205,18,56737
1206,0.000283,172.217.194.0-255,5738,19943,18,56737
1207,0.000286,172.31.36.0-255,66,20009,18,56737
1208,0.000404,172.31.36.0-255,66,20075,18,56737
1209,0.000421,172.217.194.0-255,2543,22618,18,56737
1210,0.000424,172.31.36.0-255,66,22684,18,56737
1211,0.000642,172.31.36.0-255,66,22750,18,56737
1212,0.000668,172.31.36.0-255,66,22816,18,56737
1213,0.001036,172.31.36.0-255,66,22882,18,56737
1214,0.001055,172.217.194.0-255,5379,28261,18,56737
1215,0.001059,172.31.36.0-255,66,28327,18,56737
1216,0.001312,172.217.194.0-255,676,29003,18,56737
1217,0.001318,172.31.36.0-255,66,29069,18,56737
1218,0.00134,172.217.194.0-255,5738,34807,18,56737
1219,0.001343,172.31.36.0-255,66,34873,18,56737
1220,0.001375,172.31.36.0-255,66,34939,18,56737
1221,0.00172,172.217.194.0-255,2902,37841,18,56737
1222,0.002049,172.217.194.0-255,2902,40743,18,56737
1223,0.00282,172.217.194.0-255,2902,43645,18,56737
1224,0.003436,172.217.194.0-255,4320,47965,18,56737
1225,0.003518,172.217.194.0-255,2902,50867,18,56737
1226,0.005971,172.31.36.0-255,66,50933,18,56737
1227,0.008294,172.217.194.0-255,5738,56671,18,56737
1228,0.008302,172.31.36.0-255,66,56737,18,56737
1229,0.0,74.125.24.0-255,152,152,18,90099
1230,2.6e-05,172.31.36.0-255,66,218,18,90099
1231,3.3e-05,74.125.24.0-255,1484,1702,18,90099
1232,3.8e-05,172.31.36.0-255,66,1768,18,90099
1233,4.3e-05,74.125.24.0-255,2902,4670,18,90099
1234,4.7e-05,172.31.36.0-255,66,4736,18,90099
1235,5.5e-05,74.125.24.0-255,7156,11892,18,90099
1236,5.8e-05,172.31.36.0-255,66,11958,18,90099
1237,0.000127,74.125.24.0-255,1484,13442,18,90099
1238,0.00013,172.31.36.0-255,66,13508,18,90099
1239,0.000151,74.125.24.0-255,3494,17002,18,90099
1240,0.000156,172.31.36.0-255,66,17068,18,90099
1241,0.000203,74.125.24.0-255,5738,22806,18,90099
1242,0.000206,172.31.36.0-255,66,22872,18,90099
1243,0.000276,74.125.24.0-255,5738,28610,18,90099
1244,0.000279,172.31.36.0-255,66,28676,18,90099
1245,0.000297,74.125.24.0-255,2543,31219,18,90099
1246,0.000299,172.31.36.0-255,66,31285,18,90099
1247,0.000388,74.125.24.0-255,5738,37023,18,90099
1248,0.000392,172.31.36.0-255,66,37089,18,90099
1249,0.000423,172.31.36.0-255,66,37155,18,90099
1250,0.000567,74.125.24.0-255,1125,38280,18,90099
1251,0.000571,172.31.36.0-255,66,38346,18,90099
1252,0.001888,74.125.24.0-255,1484,39830,18,90099
1253,0.001896,172.31.36.0-255,66,39896,18,90099
1254,0.001905,74.125.24.0-255,2902,42798,18,90099
1255,0.001907,172.31.36.0-255,66,42864,18,90099
1256,0.001936,74.125.24.0-255,5738,48602,18,90099
1257,0.001938,172.31.36.0-255,66,48668,18,90099
1258,0.001991,74.125.24.0-255,1484,50152,18,90099
1259,0.001994,172.31.36.0-255,66,50218,18,90099
1260,0.002014,74.125.24.0-255,4320,54538,18,90099
1261,0.002016,172.31.36.0-255,66,54604,18,90099
1262,0.002039,74.125.24.0-255,5379,59983,18,90099
1263,0.00204,172.31.36.0-255,66,60049,18,90099
1264,0.002138,74.125.24.0-255,4320,64369,18,90099
1265,0.00214,172.31.36.0-255,66,64435,18,90099
1266,0.002167,172.31.36.0-255,66,64501,18,90099
1267,0.002312,172.31.36.0-255,66,64567,18,90099
1268,0.002404,74.125.24.0-255,4320,68887,18,90099
1269,0.002407,172.31.36.0-255,66,68953,18,90099
1270,0.002427,74.125.24.0-255,3602,72555,18,90099
1271,0.00243,172.31.36.0-255,66,72621,18,90099
1272,0.004468,74.125.24.0-255,1484,74105,18,90099
1273,0.004488,74.125.24.0-255,4320,78425,18,90099
1274,0.004492,172.31.36.0-255,66,78491,18,90099
1275,0.006544,74.125.24.0-255,5738,84229,18,90099
1276,0.006547,172.31.36.0-255,66,84295,18,90099
1277,0.0086,74.125.24.0-255,5738,90033,18,90099
1278,0.008606,172.31.36.0-255,66,90099,18,90099
1279,0.0,74.125.68.0-255,153,153,18,250066
1280,2.6e-05,172.31.36.0-255,66,219,18,250066
1281,3.2e-05,74.125.68.0-255,1484,1703,18,250066
1282,3.7e-05,172.31.36.0-255,66,1769,18,250066
1283,4.2e-05,74.125.68.0-255,2902,4671,18,250066
1284,5.2e-05,172.31.36.0-255,66,4737,18,250066
1285,5.6e-05,74.125.68.0-255,2902,7639,18,250066
1286,5.9e-05,172.31.36.0-255,66,7705,18,250066
1287,6.4e-05,74.125.68.0-255,2902,10607,18,250066
1288,6.7e-05,172.31.36.0-255,66,10673,18,250066
1289,9.3e-05,74.125.68.0-255,1484,12157,18,250066
1290,9.5e-05,172.31.36.0-255,66,12223,18,250066
1291,0.000117,74.125.68.0-255,4880,17103,18,250066
1292,0.000121,172.31.36.0-255,66,17169,18,250066
1293,0.000127,74.125.68.0-255,4320,21489,18,250066
1294,0.000129,172.31.36.0-255,66,21555,18,250066
1295,0.000159,74.125.68.0-255,1484,23039,18,250066
1296,0.000163,172.31.36.0-255,66,23105,18,250066
1297,0.000196,172.31.36.0-255,66,23171,18,250066
1298,0.000285,74.125.68.0-255,1484,24655,18,250066
1299,0.000288,172.31.36.0-255,66,24721,18,250066
1300,0.00032,74.125.68.0-255,2902,27623,18,250066
1301,0.000324,172.31.36.0-255,66,27689,18,250066
1302,0.000331,74.125.68.0-255,5738,33427,18,250066
1303,0.000333,172.31.36.0-255,66,33493,18,250066
1304,0.000343,74.125.68.0-255,2902,36395,18,250066
1305,0.000346,172.31.36.0-255,66,36461,18,250066
1306,0.00035,74.125.68.0-255,2902,39363,18,250066
1307,0.000353,172.31.36.0-255,66,39429,18,250066
1308,0.000402,74.125.68.0-255,4320,43749,18,250066
1309,0.000403,172.31.36.0-255,66,43815,18,250066
1310,0.000407,172.31.36.0-255,66,43881,18,250066
1311,0.000418,74.125.68.0-255,5693,49574,18,250066
1312,0.000425,172.31.36.0-255,66,49640,18,250066
1313,0.000449,74.125.68.0-255,372,50012,18,250066
1314,0.000637,74.125.68.0-255,1484,51496,18,250066
1315,0.000642,172.31.36.0-255,66,51562,18,250066
1316,0.000646,74.125.68.0-255,1484,53046,18,250066
1317,0.00067,74.125.68.0-255,1484,54530,18,250066
1318,0.000674,172.31.36.0-255,66,54596,18,250066
1319,0.000675,74.125.68.0-255,4320,58916,18,250066
1320,0.000679,172.31.36.0-255,66,58982,18,250066
1321,0.000701,74.125.68.0-255,5738,64720,18,250066
1322,0.00071,172.31.36.0-255,66,64786,18,250066
1323,0.000716,74.125.68.0-255,5738,70524,18,250066
1324,0.000719,172.31.36.0-255,66,70590,18,250066
1325,0.000758,74.125.68.0-255,5738,76328,18,250066
1326,0.000762,172.31.36.0-255,66,76394,18,250066
1327,0.000767,74.125.68.0-255,4320,80714,18,250066
1328,0.000769,172.31.36.0-255,66,80780,18,250066
1329,0.000802,74.125.68.0-255,1484,82264,18,250066
1330,0.000826,74.125.68.0-255,2184,84448,18,250066
1331,0.000829,172.31.36.0-255,66,84514,18,250066
1332,0.000859,74.125.68.0-255,1484,85998,18,250066
1333,0.000883,74.125.68.0-255,1484,87482,18,250066
1334,0.000886,172.31.36.0-255,66,87548,18,250066
1335,0.000909,74.125.68.0-255,1484,89032,18,250066
1336,0.000915,74.125.68.0-255,4320,93352,18,250066
1337,0.000918,172.31.36.0-255,66,93418,18,250066
1338,0.000948,74.125.68.0-255,5738,99156,18,250066
1339,0.000951,172.31.36.0-255,66,99222,18,250066
1340,0.000976,74.125.68.0-255,2902,102124,18,250066
1341,0.00098,172.31.36.0-255,66,102190,18,250066
1342,0.000986,74.125.68.0-255,5738,107928,18,250066
1343,0.000989,172.31.36.0-255,66,107994,18,250066
1344,0.001001,74.125.68.0-255,7156,115150,18,250066
1345,0.001004,172.31.36.0-255,66,115216,18,250066
1346,0.001009,74.125.68.0-255,3602,118818,18,250066
1347,0.001011,172.31.36.0-255,66,118884,18,250066
1348,0.001053,74.125.68.0-255,1484,120368,18,250066
1349,0.001071,74.125.68.0-255,2902,123270,18,250066
1350,0.001075,172.31.36.0-255,66,123336,18,250066
1351,0.00108,74.125.68.0-255,2902,126238,18,250066
1352,0.001082,172.31.36.0-255,66,126304,18,250066
1353,0.001085,74.125.68.0-255,1484,127788,18,250066
1354,0.001115,74.125.68.0-255,2902,130690,18,250066
1355,0.001118,172.31.36.0-255,66,130756,18,250066
1356,0.001129,172.31.36.0-255,66,130822,18,250066
1357,0.00114,74.125.68.0-255,5738,136560,18,250066
1358,0.001143,172.31.36.0-255,66,136626,18,250066
1359,0.001148,74.125.68.0-255,4320,140946,18,250066
1360,0.001151,172.31.36.0-255,66,141012,18,250066
1361,0.001184,74.125.68.0-255,2902,143914,18,250066
1362,0.001187,172.31.36.0-255,66,143980,18,250066
1363,0.00119,74.125.68.0-255,766,144746,18,250066
1364,0.001277,74.125.68.0-255,1484,146230,18,250066
1365,0.00128,172.31.36.0-255,66,146296,18,250066
1366,0.001309,74.125.68.0-255,2902,149198,18,250066
1367,0.001314,172.31.36.0-255,66,149264,18,250066
1368,0.001315,74.125.68.0-255,4320,153584,18,250066
1369,0.001318,172.31.36.0-255,66,153650,18,250066
1370,0.001347,74.125.68.0-255,1484,155134,18,250066
1371,0.001363,172.31.36.0-255,66,155200,18,250066
1372,0.001375,172.31.36.0-255,66,155266,18,250066
1373,0.001378,74.125.68.0-255,1484,156750,18,250066
1374,0.001412,74.125.68.0-255,3602,160352,18,250066
1375,0.001415,172.31.36.0-255,66,160418,18,250066
1376,0.001525,74.125.68.0-255,1484,161902,18,250066
1377,0.001548,74.125.68.0-255,1484,163386,18,250066
1378,0.001551,172.31.36.0-255,66,163452,18,250066
1379,0.001579,74.125.68.0-255,1484,164936,18,250066
1380,0.001582,74.125.68.0-255,1484,166420,18,250066
1381,0.001585,172.31.36.0-255,66,166486,18,250066
1382,0.001607,74.125.68.0-255,4320,170806,18,250066
1383,0.00161,172.31.36.0-255,66,170872,18,250066
1384,0.001616,74.125.68.0-255,4320,175192,18,250066
1385,0.001618,172.31.36.0-255,66,175258,18,250066
1386,0.001624,74.125.68.0-255,5738,180996,18,250066
1387,0.001627,172.31.36.0-255,66,181062,18,250066
1388,0.00167,172.31.36.0-255,66,181128,18,250066
1389,0.001687,74.125.68.0-255,1484,182612,18,250066
1390,0.001717,172.31.36.0-255,66,182678,18,250066
1391,0.001729,74.125.68.0-255,7156,189834,18,250066
1392,0.00174,172.31.36.0-255,66,189900,18,250066
1393,0.001772,74.125.68.0-255,4320,194220,18,250066
1394,0.001775,172.31.36.0-255,66,194286,18,250066
1395,0.001781,74.125.68.0-255,4320,198606,18,250066
1396,0.001784,172.31.36.0-255,66,198672,18,250066
1397,0.001796,74.125.68.0-255,5738,204410,18,250066
1398,0.001799,172.31.36.0-255,66,204476,18,250066
1399,0.001803,74.125.68.0-255,3602,208078,18,250066
1400,0.001805,172.31.36.0-255,66,208144,18,250066
1401,0.001921,74.125.68.0-255,1484,209628,18,250066
1402,0.001943,74.125.68.0-255,2902,212530,18,250066
1403,0.001946,172.31.36.0-255,66,212596,18,250066
1404,0.001957,74.125.68.0-255,1484,214080,18,250066
1405,0.001973,74.125.68.0-255,2902,216982,18,250066
1406,0.001977,172.31.36.0-255,66,217048,18,250066
1407,0.002009,74.125.68.0-255,7156,224204,18,250066
1408,0.002012,172.31.36.0-255,66,224270,18,250066
1409,0.00208,172.31.36.0-255,66,224336,18,250066
1410,0.002083,74.125.68.0-255,1484,225820,18,250066
1411,0.002087,74.125.68.0-255,2902,228722,18,250066
1412,0.00209,172.31.36.0-255,66,228788,18,250066
1413,0.0021,74.125.68.0-255,4320,233108,18,250066
1414,0.002103,172.31.36.0-255,66,233174,18,250066
1415,0.002106,74.125.68.0-255,766,233940,18,250066
1416,0.002741,172.31.36.0-255,66,234006,18,250066
1417,0.004204,74.125.68.0-255,4320,238326,18,250066
1418,0.004211,172.31.36.0-255,66,238392,18,250066
1419,0.004829,74.125.68.0-255,1484,239876,18,250066
1420,0.006315,74.125.68.0-255,4320,244196,18,250066
1421,0.006319,172.31.36.0-255,66,244262,18,250066
1422,0.00842,74.125.68.0-255,5738,250000,18,250066
1423,0.008426,172.31.36.0-255,66,250066,18,250066
1424,0.0,74.125.24.0-255,153,153,18,95770
1425,5.2e-05,172.31.36.0-255,66,219,18,95770
1426,6e-05,74.125.24.0-255,1484,1703,18,95770
1427,6.4e-05,172.31.36.0-255,66,1769,18,95770
1428,7.9e-05,74.125.24.0-255,2902,4671,18,95770
1429,8.2e-05,172.31.36.0-255,66,4737,18,95770
1430,8.8e-05,74.125.24.0-255,7156,11893,18,95770
1431,9.2e-05,172.31.36.0-255,66,11959,18,95770
1432,9.6e-05,74.125.24.0-255,2038,13997,18,95770
1433,9.9e-05,172.31.36.0-255,66,14063,18,95770
1434,0.001167,74.125.24.0-255,1484,15547,18,95770
1435,0.001175,172.31.36.0-255,66,15613,18,95770
1436,0.001186,74.125.24.0-255,2902,18515,18,95770
1437,0.001196,172.31.36.0-255,66,18581,18,95770
1438,0.001203,74.125.24.0-255,5738,24319,18,95770
1439,0.001205,172.31.36.0-255,66,24385,18,95770
1440,0.001211,74.125.24.0-255,5738,30123,18,95770
1441,0.001213,172.31.36.0-255,66,30189,18,95770
1442,0.001278,172.31.36.0-255,66,30255,18,95770
1443,0.001283,74.125.24.0-255,5738,35993,18,95770
1444,0.001286,172.31.36.0-255,66,36059,18,95770
1445,0.001295,74.125.24.0-255,2902,38961,18,95770
1446,0.001297,172.31.36.0-255,66,39027,18,95770
1447,0.001322,74.125.24.0-255,4320,43347,18,95770
1448,0.001325,172.31.36.0-255,66,43413,18,95770
1449,0.001339,172.31.36.0-255,66,43479,18,95770
1450,0.001538,74.125.24.0-255,393,43872,18,95770
1451,0.001541,172.31.36.0-255,66,43938,18,95770
1452,0.001589,74.125.24.0-255,116,44054,18,95770
1453,0.001591,172.31.36.0-255,66,44120,18,95770
1454,0.001897,74.125.24.0-255,1484,45604,18,95770
1455,0.001902,74.125.24.0-255,1484,47088,18,95770
1456,0.001904,172.31.36.0-255,66,47154,18,95770
1457,0.001929,74.125.24.0-255,1484,48638,18,95770
1458,0.001935,74.125.24.0-255,5738,54376,18,95770
1459,0.001937,172.31.36.0-255,66,54442,18,95770
1460,0.001963,74.125.24.0-255,5738,60180,18,95770
1461,0.001966,172.31.36.0-255,66,60246,18,95770
1462,0.001992,74.125.24.0-255,7156,67402,18,95770
1463,0.001995,172.31.36.0-255,66,67468,18,95770
1464,0.001999,74.125.24.0-255,4320,71788,18,95770
1465,0.002001,172.31.36.0-255,66,71854,18,95770
1466,0.00202,74.125.24.0-255,6438,78292,18,95770
1467,0.002023,172.31.36.0-255,66,78358,18,95770
1468,0.00439,74.125.24.0-255,5738,84096,18,95770
1469,0.0044,172.31.36.0-255,66,84162,18,95770
1470,0.006738,74.125.24.0-255,5738,89900,18,95770
1471,0.006753,172.31.36.0-255,66,89966,18,95770
1472,0.009079,74.125.24.0-255,5738,95704,18,95770
1473,0.009087,172.31.36.0-255,66,95770,18,95770
1474,0.0,74.125.24.0-255,152,152,18,137702
1475,3.2e-05,172.31.36.0-255,66,218,18,137702
1476,4e-05,74.125.24.0-255,1484,1702,18,137702
1477,4.5e-05,172.31.36.0-255,66,1768,18,137702
1478,4.8e-05,74.125.24.0-255,1484,3252,18,137702
1479,5.1e-05,172.31.36.0-255,66,3318,18,137702
1480,7.1e-05,74.125.24.0-255,1484,4802,18,137702
1481,7.3e-05,172.31.36.0-255,66,4868,18,137702
1482,8.1e-05,74.125.24.0-255,7156,12024,18,137702
1483,8.4e-05,172.31.36.0-255,66,12090,18,137702
1484,8.8e-05,74.125.24.0-255,2031,14121,18,137702
1485,8.9e-05,172.31.36.0-255,66,14187,18,137702
1486,0.000331,172.31.36.0-255,101,14288,18,137702
1487,0.000354,74.125.24.0-255,1484,15772,18,137702
1488,0.000373,74.125.24.0-255,2902,18674,18,137702
1489,0.000379,172.31.36.0-255,66,18740,18,137702
1490,0.00039,74.125.24.0-255,2902,21642,18,137702
1491,0.000394,172.31.36.0-255,66,21708,18,137702
1492,0.000415,74.125.24.0-255,2902,24610,18,137702
1493,0.000418,172.31.36.0-255,66,24676,18,137702
1494,0.000426,74.125.24.0-255,6797,31473,18,137702
1495,0.000429,172.31.36.0-255,66,31539,18,137702
1496,0.000521,74.125.24.0-255,1484,33023,18,137702
1497,0.000536,74.125.24.0-255,2902,35925,18,137702
1498,0.000538,74.125.24.0-255,1484,37409,18,137702
1499,0.000544,172.31.36.0-255,66,37475,18,137702
1500,0.000559,74.125.24.0-255,4320,41795,18,137702
1501,0.000562,172.31.36.0-255,66,41861,18,137702
1502,0.000574,74.125.24.0-255,2902,44763,18,137702
1503,0.000576,172.31.36.0-255,66,44829,18,137702
1504,0.000597,74.125.24.0-255,3961,48790,18,137702
1505,0.0006,172.31.36.0-255,66,48856,18,137702
1506,0.001778,74.125.24.0-255,1484,50340,18,137702
1507,0.001789,74.125.24.0-255,2902,53242,18,137702
1508,0.001794,172.31.36.0-255,66,53308,18,137702
1509,0.001818,74.125.24.0-255,5738,59046,18,137702
1510,0.00182,172.31.36.0-255,66,59112,18,137702
1511,0.001834,74.125.24.0-255,1484,60596,18,137702
1512,0.001847,74.125.24.0-255,5738,66334,18,137702
1513,0.001849,172.31.36.0-255,66,66400,18,137702
1514,0.001868,74.125.24.0-255,3961,70361,18,137702
1515,0.00187,172.31.36.0-255,66,70427,18,137702
1516,0.001882,172.31.36.0-255,66,70493,18,137702
1517,0.001885,74.125.24.0-255,1125,71618,18,137702
1518,0.001959,74.125.24.0-255,1484,73102,18,137702
1519,0.001961,172.31.36.0-255,66,73168,18,137702
1520,0.001965,74.125.24.0-255,2902,76070,18,137702
1521,0.001968,172.31.36.0-255,66,76136,18,137702
1522,0.001996,74.125.24.0-255,4320,80456,18,137702
1523,0.001999,172.31.36.0-255,66,80522,18,137702
1524,0.002042,74.125.24.0-255,4320,84842,18,137702
1525,0.002044,172.31.36.0-255,66,84908,18,137702
1526,0.002058,74.125.24.0-255,3961,88869,18,137702
1527,0.00206,172.31.36.0-255,66,88935,18,137702
1528,0.002097,74.125.24.0-255,645,89580,18,137702
1529,0.002589,74.125.24.0-255,1484,91064,18,137702
1530,0.002592,172.31.36.0-255,66,91130,18,137702
1531,0.002597,74.125.24.0-255,2902,94032,18,137702
1532,0.002599,172.31.36.0-255,66,94098,18,137702
1533,0.002626,74.125.24.0-255,5738,99836,18,137702
1534,0.002628,172.31.36.0-255,66,99902,18,137702
1535,0.002633,74.125.24.0-255,4320,104222,18,137702
1536,0.002635,172.31.36.0-255,66,104288,18,137702
1537,0.002654,172.31.36.0-255,66,104354,18,137702
1538,0.002657,74.125.24.0-255,1484,105838,18,137702
1539,0.002676,74.125.24.0-255,1484,107322,18,137702
1540,0.002678,172.31.36.0-255,66,107388,18,137702
1541,0.002721,74.125.24.0-255,2902,110290,18,137702
1542,0.002723,172.31.36.0-255,66,110356,18,137702
1543,0.002744,74.125.24.0-255,5020,115376,18,137702
1544,0.002746,172.31.36.0-255,66,115442,18,137702
1545,0.002754,74.125.24.0-255,7156,122598,18,137702
1546,0.002756,172.31.36.0-255,66,122664,18,137702
1547,0.00277,74.125.24.0-255,1484,124148,18,137702
1548,0.002772,74.125.24.0-255,1484,125632,18,137702
1549,0.002774,172.31.36.0-255,66,125698,18,137702
1550,0.003043,74.125.24.0-255,66,125764,18,137702
1551,0.005473,74.125.24.0-255,2902,128666,18,137702
1552,0.005479,172.31.36.0-255,66,128732,18,137702
1553,0.005516,74.125.24.0-255,2902,131634,18,137702
1554,0.005519,172.31.36.0-255,66,131700,18,137702
1555,0.008202,74.125.24.0-255,2902,134602,18,137702
1556,0.008209,172.31.36.0-255,66,134668,18,137702
1557,0.008236,74.125.24.0-255,1484,136152,18,137702
1558,0.008252,74.125.24.0-255,1484,137636,18,137702
1559,0.008255,172.31.36.0-255,66,137702,18,137702
1560,0.0,74.125.200.0-255,146,146,18,159434
1561,2.6e-05,172.31.36.0-255,66,212,18,159434
1562,3.5e-05,74.125.200.0-255,1484,1696,18,159434
1563,4e-05,172.31.36.0-255,66,1762,18,159434
1564,4.5e-05,74.125.200.0-255,2902,4664,18,159434
1565,4.8e-05,172.31.36.0-255,66,4730,18,159434
1566,5.5e-05,74.125.200.0-255,4320,9050,18,159434
1567,5.8e-05,172.31.36.0-255,66,9116,18,159434
1568,8.7e-05,74.125.200.0-255,4871,13987,18,159434
1569,9e-05,172.31.36.0-255,66,14053,18,159434
1570,0.000709,74.125.200.0-255,1484,15537,18,159434
1571,0.000716,172.31.36.0-255,66,15603,18,159434
1572,0.000727,74.125.200.0-255,2902,18505,18,159434
1573,0.000729,172.31.36.0-255,66,18571,18,159434
1574,0.000757,74.125.200.0-255,4320,22891,18,159434
1575,0.00076,172.31.36.0-255,66,22957,18,159434
1576,0.000782,74.125.200.0-255,5738,28695,18,159434
1577,0.000785,172.31.36.0-255,66,28761,18,159434
1578,0.000811,74.125.200.0-255,5379,34140,18,159434
1579,0.000815,172.31.36.0-255,66,34206,18,159434
1580,0.000822,74.125.200.0-255,5738,39944,18,159434
1581,0.000825,172.31.36.0-255,66,40010,18,159434
1582,0.000852,74.125.200.0-255,5738,45748,18,159434
1583,0.000856,172.31.36.0-255,66,45814,18,159434
1584,0.000887,74.125.200.0-255,7156,52970,18,159434
1585,0.000891,172.31.36.0-255,66,53036,18,159434
1586,0.000921,172.31.36.0-255,66,53102,18,159434
1587,0.00094,74.125.200.0-255,2184,55286,18,159434
1588,0.000943,172.31.36.0-255,66,55352,18,159434
1589,0.000947,74.125.200.0-255,400,55752,18,159434
1590,0.000949,172.31.36.0-255,66,55818,18,159434
1591,0.000951,74.125.200.0-255,110,55928,18,159434
1592,0.001215,74.125.200.0-255,1484,57412,18,159434
1593,0.00122,172.31.36.0-255,66,57478,18,159434
1594,0.001224,74.125.200.0-255,1484,58962,18,159434
1595,0.001237,74.125.200.0-255,1484,60446,18,159434
1596,0.001243,74.125.200.0-255,5738,66184,18,159434
1597,0.001254,74.125.200.0-255,1484,67668,18,159434
1598,0.001273,74.125.200.0-255,5738,73406,18,159434
1599,0.001277,172.31.36.0-255,66,73472,18,159434
1600,0.001293,74.125.200.0-255,1484,74956,18,159434
1601,0.001307,74.125.200.0-255,2902,77858,18,159434
1602,0.001335,172.31.36.0-255,66,77924,18,159434
1603,0.00135,74.125.200.0-255,2448,80372,18,159434
1604,0.001352,172.31.36.0-255,66,80438,18,159434
1605,0.001482,74.125.200.0-255,1484,81922,18,159434
1606,0.001503,74.125.200.0-255,2902,84824,18,159434
1607,0.001506,74.125.200.0-255,1484,86308,18,159434
1608,0.001513,172.31.36.0-255,66,86374,18,159434
1609,0.001524,74.125.200.0-255,4320,90694,18,159434
1610,0.001539,172.31.36.0-255,66,90760,18,159434
1611,0.001552,74.125.200.0-255,1484,92244,18,159434
1612,0.001585,172.31.36.0-255,66,92310,18,159434
1613,0.001595,74.125.200.0-255,1484,93794,18,159434
1614,0.001608,74.125.200.0-255,2902,96696,18,159434
1615,0.001617,172.31.36.0-255,66,96762,18,159434
1616,0.001669,172.31.36.0-255,66,96828,18,159434
1617,0.001689,74.125.200.0-255,4320,101148,18,159434
1618,0.001705,74.125.200.0-255,5738,106886,18,159434
1619,0.001719,172.31.36.0-255,66,106952,18,159434
1620,0.001736,74.125.200.0-255,2902,109854,18,159434
1621,0.001753,172.31.36.0-255,66,109920,18,159434
1622,0.001759,74.125.200.0-255,3602,113522,18,159434
1623,0.001763,172.31.36.0-255,66,113588,18,159434
1624,0.002539,74.125.200.0-255,1484,115072,18,159434
1625,0.002569,74.125.200.0-255,2902,117974,18,159434
1626,0.002574,172.31.36.0-255,66,118040,18,159434
1627,0.002585,74.125.200.0-255,2902,120942,18,159434
1628,0.002611,172.31.36.0-255,66,121008,18,159434
1629,0.002648,74.125.200.0-255,1484,122492,18,159434
1630,0.002653,74.125.200.0-255,2902,125394,18,159434
1631,0.002659,172.31.36.0-255,66,125460,18,159434
1632,0.00268,74.125.200.0-255,5738,131198,18,159434
1633,0.002686,74.125.200.0-255,5738,136936,18,159434
1634,0.0027,74.125.200.0-255,4320,141256,18,159434
1635,0.002705,172.31.36.0-255,66,141322,18,159434
1636,0.002719,74.125.200.0-255,6438,147760,18,159434
1637,0.002737,172.31.36.0-255,66,147826,18,159434
1638,0.005414,74.125.200.0-255,5738,153564,18,159434
1639,0.005421,172.31.36.0-255,66,153630,18,159434
1640,0.008114,74.125.200.0-255,5738,159368,18,159434
1641,0.008121,172.31.36.0-255,66,159434,18,159434
1642,0.0,74.125.24.0-255,143,143,18,194887
1643,1.6e-05,172.31.36.0-255,66,209,18,194887
1644,2.3e-05,74.125.24.0-255,1484,1693,18,194887
1645,2.8e-05,172.31.36.0-255,66,1759,18,194887
1646,4.1e-05,74.125.24.0-255,2902,4661,18,194887
1647,4.4e-05,172.31.36.0-255,66,4727,18,194887
1648,8.5e-05,74.125.24.0-255,7156,11883,18,194887
1649,8.8e-05,172.31.36.0-255,66,11949,18,194887
1650,0.000113,74.125.24.0-255,2030,13979,18,194887
1651,0.000115,172.31.36.0-255,66,14045,18,194887
1652,0.000138,74.125.24.0-255,2902,16947,18,194887
1653,0.000141,172.31.36.0-255,66,17013,18,194887
1654,0.000172,74.125.24.0-255,2902,19915,18,194887
1655,0.000174,172.31.36.0-255,66,19981,18,194887
1656,0.000177,74.125.24.0-255,1484,21465,18,194887
1657,0.00018,172.31.36.0-255,66,21531,18,194887
1658,0.000204,74.125.24.0-255,5738,27269,18,194887
1659,0.000206,172.31.36.0-255,66,27335,18,194887
1660,0.000229,74.125.24.0-255,2902,30237,18,194887
1661,0.000231,172.31.36.0-255,66,30303,18,194887
1662,0.000252,74.125.24.0-255,1125,31428,18,194887
1663,0.000257,172.31.36.0-255,66,31494,18,194887
1664,0.000452,74.125.24.0-255,1484,32978,18,194887
1665,0.000459,172.31.36.0-255,66,33044,18,194887
1666,0.00047,74.125.24.0-255,2902,35946,18,194887
1667,0.000472,172.31.36.0-255,66,36012,18,194887
1668,0.000482,74.125.24.0-255,4320,40332,18,194887
1669,0.000484,172.31.36.0-255,66,40398,18,194887
1670,0.000513,74.125.24.0-255,1484,41882,18,194887
1671,0.000516,172.31.36.0-255,66,41948,18,194887
1672,0.000522,74.125.24.0-255,4320,46268,18,194887
1673,0.000524,172.31.36.0-255,66,46334,18,194887
1674,0.000547,74.125.24.0-255,3961,50295,18,194887
1675,0.000581,74.125.24.0-255,5738,56033,18,194887
1676,0.000595,74.125.24.0-255,1435,57468,18,194887
1677,0.000597,74.125.24.0-255,109,57577,18,194887
1678,0.0006,172.31.36.0-255,66,57643,18,194887
1679,0.000624,74.125.24.0-255,332,57975,18,194887
1680,0.000638,172.31.36.0-255,66,58041,18,194887
1681,0.000986,74.125.24.0-255,1484,59525,18,194887
1682,0.000992,74.125.24.0-255,2902,62427,18,194887
1683,0.000995,172.31.36.0-255,66,62493,18,194887
1684,0.001022,74.125.24.0-255,2902,65395,18,194887
1685,0.001032,172.31.36.0-255,66,65461,18,194887
1686,0.001041,74.125.24.0-255,2902,68363,18,194887
1687,0.001059,172.31.36.0-255,66,68429,18,194887
1688,0.001071,74.125.24.0-255,1484,69913,18,194887
1689,0.00111,172.31.36.0-255,66,69979,18,194887
1690,0.001531,74.125.24.0-255,1484,71463,18,194887
1691,0.001535,74.125.24.0-255,1484,72947,18,194887
1692,0.001538,172.31.36.0-255,66,73013,18,194887
1693,0.001566,74.125.24.0-255,1484,74497,18,194887
1694,0.001573,74.125.24.0-255,5738,80235,18,194887
1695,0.001578,74.125.24.0-255,4320,84555,18,194887
1696,0.001596,74.125.24.0-255,1484,86039,18,194887
1697,0.001613,74.125.24.0-255,7156,93195,18,194887
1698,0.00162,172.31.36.0-255,66,93261,18,194887
1699,0.001629,74.125.24.0-255,2902,96163,18,194887
1700,0.001646,74.125.24.0-255,5738,101901,18,194887
1701,0.001648,172.31.36.0-255,66,101967,18,194887
1702,0.001676,74.125.24.0-255,2184,104151,18,194887
1703,0.001692,172.31.36.0-255,66,104217,18,194887
1704,0.001945,74.125.24.0-255,1484,105701,18,194887
1705,0.001949,74.125.24.0-255,1484,107185,18,194887
1706,0.001952,172.31.36.0-255,66,107251,18,194887
1707,0.001972,74.125.24.0-255,1484,108735,18,194887
1708,0.001979,74.125.24.0-255,5738,114473,18,194887
1709,0.002008,74.125.24.0-255,2902,117375,18,194887
1710,0.002019,74.125.24.0-255,1484,118859,18,194887
1711,0.00203,74.125.24.0-255,2902,121761,18,194887
1712,0.002041,74.125.24.0-255,1484,123245,18,194887
1713,0.002047,172.31.36.0-255,66,123311,18,194887
1714,0.002057,74.125.24.0-255,4320,127631,18,194887
1715,0.002059,74.125.24.0-255,1484,129115,18,194887
1716,0.002084,74.125.24.0-255,1484,130599,18,194887
1717,0.002089,172.31.36.0-255,66,130665,18,194887
1718,0.002121,74.125.24.0-255,2902,133567,18,194887
1719,0.002127,172.31.36.0-255,66,133633,18,194887
1720,0.00216,74.125.24.0-255,2902,136535,18,194887
1721,0.002177,74.125.24.0-255,7156,143691,18,194887
1722,0.0022,74.125.24.0-255,1484,145175,18,194887
1723,0.002218,74.125.24.0-255,6438,151613,18,194887
1724,0.002222,172.31.36.0-255,66,151679,18,194887
1725,0.002315,74.125.24.0-255,1484,153163,18,194887
1726,0.00233,74.125.24.0-255,2902,156065,18,194887
1727,0.002349,74.125.24.0-255,5738,161803,18,194887
1728,0.002352,74.125.24.0-255,1484,163287,18,194887
1729,0.002356,172.31.36.0-255,66,163353,18,194887
1730,0.002392,74.125.24.0-255,4320,167673,18,194887
1731,0.002409,74.125.24.0-255,5738,173411,18,194887
1732,0.002425,74.125.24.0-255,2902,176313,18,194887
1733,0.002427,74.125.24.0-255,1484,177797,18,194887
1734,0.002437,172.31.36.0-255,66,177863,18,194887
1735,0.002448,74.125.24.0-255,4320,182183,18,194887
1736,0.00245,74.125.24.0-255,1484,183667,18,194887
1737,0.00247,74.125.24.0-255,2184,185851,18,194887
1738,0.002472,172.31.36.0-255,66,185917,18,194887
1739,0.002494,172.31.36.0-255,66,185983,18,194887
1740,0.004914,74.125.24.0-255,2902,188885,18,194887
1741,0.00492,172.31.36.0-255,66,188951,18,194887
1742,0.004974,74.125.24.0-255,1484,190435,18,194887
1743,0.004991,74.125.24.0-255,1484,191919,18,194887
1744,0.007369,74.125.24.0-255,2902,194821,18,194887
1745,0.007928,172.31.36.0-255,66,194887,18,194887
1746,0.0,74.125.24.0-255,143,143,18,113233
1747,2.6e-05,172.31.36.0-255,66,209,18,113233
1748,3.3e-05,74.125.24.0-255,1484,1693,18,113233
1749,3.8e-05,172.31.36.0-255,66,1759,18,113233
1750,4.3e-05,74.125.24.0-255,2902,4661,18,113233
1751,5.3e-05,172.31.36.0-255,66,4727,18,113233
1752,5.7e-05,74.125.24.0-255,2902,7629,18,113233
1753,5.9e-05,172.31.36.0-255,66,7695,18,113233
1754,9.3e-05,74.125.24.0-255,6301,13996,18,113233
1755,0.0001,172.31.36.0-255,66,14062,18,113233
1756,0.00017,74.125.24.0-255,1484,15546,18,113233
1757,0.000173,172.31.36.0-255,66,15612,18,113233
1758,0.000178,74.125.24.0-255,2902,18514,18,113233
1759,0.00018,172.31.36.0-255,66,18580,18,113233
1760,0.000208,74.125.24.0-255,5738,24318,18,113233
1761,0.000211,172.31.36.0-255,66,24384,18,113233
1762,0.000241,74.125.24.0-255,6797,31181,18,113233
1763,0.000243,172.31.36.0-255,66,31247,18,113233
1764,0.000305,74.125.24.0-255,1484,32731,18,113233
1765,0.000309,172.31.36.0-255,66,32797,18,113233
1766,0.000314,74.125.24.0-255,2902,35699,18,113233
1767,0.000316,172.31.36.0-255,66,35765,18,113233
1768,0.000342,74.125.24.0-255,5738,41503,18,113233
1769,0.000346,172.31.36.0-255,66,41569,18,113233
1770,0.000353,74.125.24.0-255,1484,43053,18,113233
1771,0.000356,172.31.36.0-255,66,43119,18,113233
1772,0.000367,172.31.36.0-255,66,43185,18,113233
1773,0.000388,74.125.24.0-255,5738,48923,18,113233
1774,0.000391,172.31.36.0-255,66,48989,18,113233
1775,0.000395,74.125.24.0-255,2902,51891,18,113233
1776,0.000397,172.31.36.0-255,66,51957,18,113233
1777,0.000431,74.125.24.0-255,4271,56228,18,113233
1778,0.000435,172.31.36.0-255,66,56294,18,113233
1779,0.000459,74.125.24.0-255,110,56404,18,113233
1780,0.000463,74.125.24.0-255,331,56735,18,113233
1781,0.000755,74.125.24.0-255,1484,58219,18,113233
1782,0.000762,172.31.36.0-255,66,58285,18,113233
1783,0.000769,74.125.24.0-255,2902,61187,18,113233
1784,0.000774,172.31.36.0-255,66,61253,18,113233
1785,0.000787,74.125.24.0-255,5738,66991,18,113233
1786,0.000791,172.31.36.0-255,66,67057,18,113233
1787,0.000796,74.125.24.0-255,5738,72795,18,113233
1788,0.000798,172.31.36.0-255,66,72861,18,113233
1789,0.000844,74.125.24.0-255,5020,77881,18,113233
1790,0.000895,172.31.36.0-255,66,77947,18,113233
1791,0.000903,172.31.36.0-255,66,78013,18,113233
1792,0.001431,74.125.24.0-255,1484,79497,18,113233
1793,0.001439,74.125.24.0-255,2902,82399,18,113233
1794,0.001443,172.31.36.0-255,66,82465,18,113233
1795,0.001451,74.125.24.0-255,5738,88203,18,113233
1796,0.001453,172.31.36.0-255,66,88269,18,113233
1797,0.001465,74.125.24.0-255,2902,91171,18,113233
1798,0.001467,172.31.36.0-255,66,91237,18,113233
1799,0.001505,172.31.36.0-255,66,91303,18,113233
1800,0.001516,172.31.36.0-255,66,91369,18,113233
1801,0.003505,74.125.24.0-255,5738,97107,18,113233
1802,0.00351,172.31.36.0-255,66,97173,18,113233
1803,0.005513,74.125.24.0-255,4320,101493,18,113233
1804,0.005518,172.31.36.0-255,66,101559,18,113233
1805,0.005544,74.125.24.0-255,1484,103043,18,113233
1806,0.007564,74.125.24.0-255,4320,107363,18,113233
1807,0.007571,172.31.36.0-255,66,107429,18,113233
1808,0.009588,74.125.24.0-255,5738,113167,18,113233
1809,0.009596,172.31.36.0-255,66,113233,18,113233
1810,0.0,74.125.24.0-255,153,153,18,75101
1811,2.3e-05,172.31.36.0-255,66,219,18,75101
1812,3.1e-05,74.125.24.0-255,1484,1703,18,75101
1813,3.5e-05,172.31.36.0-255,66,1769,18,75101
1814,4.8e-05,74.125.24.0-255,2902,4671,18,75101
1815,5.1e-05,172.31.36.0-255,66,4737,18,75101
1816,5.4e-05,74.125.24.0-255,1484,6221,18,75101
1817,5.6e-05,172.31.36.0-255,66,6287,18,75101
1818,7e-05,172.31.36.0-255,66,6353,18,75101
1819,0.000191,172.31.36.0-255,66,6419,18,75101
1820,0.00021,74.125.24.0-255,6797,13216,18,75101
1821,0.000214,172.31.36.0-255,66,13282,18,75101
1822,0.000385,74.125.24.0-255,7156,20438,18,75101
1823,0.000391,172.31.36.0-255,66,20504,18,75101
1824,0.000429,172.31.36.0-255,66,20570,18,75101
1825,0.000575,74.125.24.0-255,1125,21695,18,75101
1826,0.00058,172.31.36.0-255,66,21761,18,75101
1827,0.000622,172.31.36.0-255,66,21827,18,75101
1828,0.00081,74.125.24.0-255,1484,23311,18,75101
1829,0.000814,172.31.36.0-255,66,23377,18,75101
1830,0.000846,74.125.24.0-255,2902,26279,18,75101
1831,0.000849,172.31.36.0-255,66,26345,18,75101
1832,0.000881,74.125.24.0-255,5738,32083,18,75101
1833,0.000884,172.31.36.0-255,66,32149,18,75101
1834,0.000967,74.125.24.0-255,4320,36469,18,75101
1835,0.000971,172.31.36.0-255,66,36535,18,75101
1836,0.001003,172.31.36.0-255,66,36601,18,75101
1837,0.001118,74.125.24.0-255,5738,42339,18,75101
1838,0.001122,172.31.36.0-255,66,42405,18,75101
1839,0.001152,74.125.24.0-255,5020,47425,18,75101
1840,0.001156,172.31.36.0-255,66,47491,18,75101
1841,0.001256,74.125.24.0-255,5738,53229,18,75101
1842,0.001259,172.31.36.0-255,66,53295,18,75101
1843,0.001309,172.31.36.0-255,66,53361,18,75101
1844,0.001626,74.125.24.0-255,5020,58381,18,75101
1845,0.001631,172.31.36.0-255,66,58447,18,75101
1846,0.001692,74.125.24.0-255,2902,61349,18,75101
1847,0.001695,172.31.36.0-255,66,61415,18,75101
1848,0.001742,172.31.36.0-255,66,61481,18,75101
1849,0.001785,172.31.36.0-255,66,61547,18,75101
1850,0.002136,74.125.24.0-255,7156,68703,18,75101
1851,0.002141,172.31.36.0-255,66,68769,18,75101
1852,0.002185,172.31.36.0-255,66,68835,18,75101
1853,0.002225,172.31.36.0-255,66,68901,18,75101
1854,0.002573,172.31.36.0-255,66,68967,18,75101
1855,0.002597,172.31.36.0-255,66,69033,18,75101
1856,0.002673,172.31.36.0-255,66,69099,18,75101
1857,0.003502,172.31.36.0-255,66,69165,18,75101
1858,0.003546,172.31.36.0-255,66,69231,18,75101
1859,0.005992,172.31.36.0-255,66,69297,18,75101
1860,0.008138,74.125.24.0-255,5738,75035,18,75101
1861,0.008144,172.31.36.0-255,66,75101,18,75101
1862,0.0,74.125.130.0-255,146,146,18,143377
1863,1.7e-05,172.31.36.0-255,66,212,18,143377
1864,3.8e-05,74.125.130.0-255,1484,1696,18,143377
1865,4.3e-05,172.31.36.0-255,66,1762,18,143377
1866,4.6e-05,74.125.130.0-255,1484,3246,18,143377
1867,4.9e-05,172.31.36.0-255,66,3312,18,143377
1868,6.2e-05,74.125.130.0-255,1484,4796,18,143377
1869,6.4e-05,172.31.36.0-255,66,4862,18,143377
1870,7.1e-05,74.125.130.0-255,4320,9182,18,143377
1871,9e-05,172.31.36.0-255,66,9248,18,143377
1872,0.000115,74.125.130.0-255,1484,10732,18,143377
1873,0.000117,172.31.36.0-255,66,10798,18,143377
1874,0.000124,74.125.130.0-255,3493,14291,18,143377
1875,0.000126,172.31.36.0-255,66,14357,18,143377
1876,0.000132,74.125.130.0-255,4320,18677,18,143377
1877,0.000134,172.31.36.0-255,66,18743,18,143377
1878,0.000157,74.125.130.0-255,4320,23063,18,143377
1879,0.000159,172.31.36.0-255,66,23129,18,143377
1880,0.000187,74.125.130.0-255,1484,24613,18,143377
1881,0.00019,172.31.36.0-255,66,24679,18,143377
1882,0.000208,74.125.130.0-255,4320,28999,18,143377
1883,0.00021,172.31.36.0-255,66,29065,18,143377
1884,0.000215,74.125.130.0-255,2543,31608,18,143377
1885,0.000217,172.31.36.0-255,66,31674,18,143377
1886,0.00029,74.125.130.0-255,1484,33158,18,143377
1887,0.000295,172.31.36.0-255,66,33224,18,143377
1888,0.0003,74.125.130.0-255,2902,36126,18,143377
1889,0.000303,172.31.36.0-255,66,36192,18,143377
1890,0.000307,74.125.130.0-255,2902,39094,18,143377
1891,0.000309,172.31.36.0-255,66,39160,18,143377
1892,0.000329,74.125.130.0-255,2902,42062,18,143377
1893,0.000332,172.31.36.0-255,66,42128,18,143377
1894,0.000337,74.125.130.0-255,4320,46448,18,143377
1895,0.000339,172.31.36.0-255,66,46514,18,143377
1896,0.000356,74.125.130.0-255,2543,49057,18,143377
1897,0.000358,172.31.36.0-255,66,49123,18,143377
1898,0.000364,74.125.130.0-255,4320,53443,18,143377
1899,0.000366,172.31.36.0-255,66,53509,18,143377
1900,0.000387,74.125.130.0-255,2902,56411,18,143377
1901,0.000391,172.31.36.0-255,66,56477,18,143377
1902,0.000397,74.125.130.0-255,5738,62215,18,143377
1903,0.000399,172.31.36.0-255,66,62281,18,143377
1904,0.000439,74.125.130.0-255,4212,66493,18,143377
1905,0.000441,172.31.36.0-255,66,66559,18,143377
1906,0.000445,74.125.130.0-255,115,66674,18,143377
1907,0.00055,74.125.130.0-255,1484,68158,18,143377
1908,0.000557,172.31.36.0-255,66,68224,18,143377
1909,0.000563,74.125.130.0-255,2902,71126,18,143377
1910,0.000566,172.31.36.0-255,66,71192,18,143377
1911,0.000569,74.125.130.0-255,1484,72676,18,143377
1912,0.000593,74.125.130.0-255,4320,76996,18,143377
1913,0.000596,172.31.36.0-255,66,77062,18,143377
1914,0.0006,74.125.130.0-255,2902,79964,18,143377
1915,0.000602,172.31.36.0-255,66,80030,18,143377
1916,0.000608,74.125.130.0-255,4320,84350,18,143377
1917,0.00061,172.31.36.0-255,66,84416,18,143377
1918,0.000614,74.125.130.0-255,2902,87318,18,143377
1919,0.000617,172.31.36.0-255,66,87384,18,143377
1920,0.00064,74.125.130.0-255,5738,93122,18,143377
1921,0.000644,172.31.36.0-255,66,93188,18,143377
1922,0.000654,172.31.36.0-255,66,93254,18,143377
1923,0.000657,74.125.130.0-255,385,93639,18,143377
1924,0.00127,74.125.130.0-255,1484,95123,18,143377
1925,0.001277,172.31.36.0-255,66,95189,18,143377
1926,0.00133,74.125.130.0-255,2902,98091,18,143377
1927,0.001334,172.31.36.0-255,66,98157,18,143377
1928,0.001442,74.125.130.0-255,1484,99641,18,143377
1929,0.001482,74.125.130.0-255,1484,101125,18,143377
1930,0.001486,172.31.36.0-255,66,101191,18,143377
1931,0.001501,74.125.130.0-255,2902,104093,18,143377
1932,0.001504,172.31.36.0-255,66,104159,18,143377
1933,0.001527,74.125.130.0-255,1484,105643,18,143377
1934,0.001571,74.125.130.0-255,2902,108545,18,143377
1935,0.001574,172.31.36.0-255,66,108611,18,143377
1936,0.001592,74.125.130.0-255,1484,110095,18,143377
1937,0.001598,74.125.130.0-255,2902,112997,18,143377
1938,0.0016,172.31.36.0-255,66,113063,18,143377
1939,0.001605,74.125.130.0-255,4320,117383,18,143377
1940,0.001606,172.31.36.0-255,66,117449,18,143377
1941,0.001618,74.125.130.0-255,1484,118933,18,143377
1942,0.001633,74.125.130.0-255,1484,120417,18,143377
1943,0.001637,74.125.130.0-255,2902,123319,18,143377
1944,0.001641,172.31.36.0-255,66,123385,18,143377
1945,0.001644,172.31.36.0-255,66,123451,18,143377
1946,0.001673,74.125.130.0-255,2902,126353,18,143377
1947,0.001676,172.31.36.0-255,66,126419,18,143377
1948,0.001695,74.125.130.0-255,2184,128603,18,143377
1949,0.001697,172.31.36.0-255,66,128669,18,143377
1950,0.003823,74.125.130.0-255,4320,132989,18,143377
1951,0.003828,172.31.36.0-255,66,133055,18,143377
1952,0.003843,74.125.130.0-255,1484,134539,18,143377
1953,0.006,74.125.130.0-255,2902,137441,18,143377
1954,0.006003,172.31.36.0-255,66,137507,18,143377
1955,0.006018,74.125.130.0-255,1484,138991,18,143377
1956,0.008156,74.125.130.0-255,4320,143311,18,143377
1957,0.008163,172.31.36.0-255,66,143377,18,143377
1958,0.0,172.31.36.0-255,105,105,18,105
1959,0.0,172.31.36.0-255,66,66,18,66
1960,0.0,172.217.160.0-255,146,146,18,116318
1961,2.4e-05,172.31.36.0-255,66,212,18,116318
1962,3.2e-05,172.217.160.0-255,1484,1696,18,116318
1963,3.7e-05,172.31.36.0-255,66,1762,18,116318
1964,5.4e-05,172.217.160.0-255,2902,4664,18,116318
1965,5.7e-05,172.31.36.0-255,66,4730,18,116318
1966,6.6e-05,172.217.160.0-255,7156,11886,18,116318
1967,7e-05,172.31.36.0-255,66,11952,18,116318
1968,7.4e-05,172.217.160.0-255,2057,14009,18,116318
1969,7.8e-05,172.31.36.0-255,66,14075,18,116318
1970,0.000123,172.31.36.0-255,66,14141,18,116318
1971,0.000153,172.217.160.0-255,6797,20938,18,116318
1972,0.000156,172.31.36.0-255,66,21004,18,116318
1973,0.000163,172.217.160.0-255,7156,28160,18,116318
1974,0.000166,172.31.36.0-255,66,28226,18,116318
1975,0.000204,172.217.160.0-255,1484,29710,18,116318
1976,0.000207,172.31.36.0-255,66,29776,18,116318
1977,0.000241,172.31.36.0-255,66,29842,18,116318
1978,0.000268,172.217.160.0-255,2902,32744,18,116318
1979,0.000271,172.31.36.0-255,66,32810,18,116318
1980,0.000276,172.217.160.0-255,4320,37130,18,116318
1981,0.000279,172.31.36.0-255,66,37196,18,116318
1982,0.000293,172.31.36.0-255,66,37262,18,116318
1983,0.000297,172.217.160.0-255,1125,38387,18,116318
1984,0.000299,172.31.36.0-255,66,38453,18,116318
1985,0.000322,172.217.160.0-255,336,38789,18,116318
1986,0.000325,172.31.36.0-255,66,38855,18,116318
1987,0.000989,172.217.160.0-255,120,38975,18,116318
1988,0.000994,172.31.36.0-255,66,39041,18,116318
1989,0.001075,172.217.160.0-255,1484,40525,18,116318
1990,0.001082,172.217.160.0-255,2902,43427,18,116318
1991,0.001086,172.31.36.0-255,66,43493,18,116318
1992,0.00109,172.217.160.0-255,1484,44977,18,116318
1993,0.001121,172.217.160.0-255,4320,49297,18,116318
1994,0.001142,172.217.160.0-255,4320,53617,18,116318
1995,0.001148,172.31.36.0-255,66,53683,18,116318
1996,0.001158,172.217.160.0-255,2543,56226,18,116318
1997,0.00117,172.217.160.0-255,5738,61964,18,116318
1998,0.001188,172.217.160.0-255,1484,63448,18,116318
1999,0.001216,172.31.36.0-255,66,63514,18,116318
2000,0.001573,172.217.160.0-255,1484,64998,18,116318
2001,0.001583,172.217.160.0-255,2902,67900,18,116318
2002,0.001587,172.31.36.0-255,66,67966,18,116318
2003,0.001595,172.217.160.0-255,5738,73704,18,116318
2004,0.0016,172.217.160.0-255,2902,76606,18,116318
2005,0.001666,172.217.160.0-255,3602,80208,18,116318
2006,0.001692,172.217.160.0-255,4320,84528,18,116318
2007,0.001697,172.217.160.0-255,4320,88848,18,116318
2008,0.001718,172.217.160.0-255,5738,94586,18,116318
2009,0.001724,172.217.160.0-255,5738,100324,18,116318
2010,0.001799,172.217.160.0-255,1484,101808,18,116318
2011,0.001805,172.217.160.0-255,2902,104710,18,116318
2012,0.001863,172.217.160.0-255,5738,110448,18,116318
2013,0.00733,172.31.36.0-255,66,110514,18,116318
2014,0.009239,172.217.160.0-255,5738,116252,18,116318
2015,0.009248,172.31.36.0-255,66,116318,18,116318
2016,0.0,74.125.24.0-255,66,66,18,66
2017,0.0,172.217.194.0-255,153,153,18,163742
2018,3e-05,172.217.194.0-255,1484,1637,18,163742
2019,3.9e-05,172.31.36.0-255,66,1703,18,163742
2020,4.6e-05,172.217.194.0-255,2902,4605,18,163742
2021,4.9e-05,172.31.36.0-255,66,4671,18,163742
2022,5.5e-05,172.217.194.0-255,5738,10409,18,163742
2023,5.8e-05,172.31.36.0-255,66,10475,18,163742
2024,0.000101,172.217.194.0-255,3444,13919,18,163742
2025,0.000104,172.31.36.0-255,66,13985,18,163742
2026,0.000328,172.217.194.0-255,1484,15469,18,163742
2027,0.000344,172.217.194.0-255,2902,18371,18,163742
2028,0.000348,172.31.36.0-255,66,18437,18,163742
2029,0.000355,172.217.194.0-255,5738,24175,18,163742
2030,0.000357,172.31.36.0-255,66,24241,18,163742
2031,0.000364,172.217.194.0-255,5738,29979,18,163742
2032,0.000366,172.31.36.0-255,66,30045,18,163742
2033,0.000385,172.217.194.0-255,1125,31170,18,163742
2034,0.00049,172.217.194.0-255,1484,32654,18,163742
2035,0.000494,172.31.36.0-255,66,32720,18,163742
2036,0.000498,172.217.194.0-255,1484,34204,18,163742
2037,0.000514,172.217.194.0-255,1484,35688,18,163742
2038,0.000516,172.217.194.0-255,1484,37172,18,163742
2039,0.000519,172.31.36.0-255,66,37238,18,163742
2040,0.000542,172.217.194.0-255,4320,41558,18,163742
2041,0.000544,172.31.36.0-255,66,41624,18,163742
2042,0.000564,172.217.194.0-255,1484,43108,18,163742
2043,0.000595,172.31.36.0-255,66,43174,18,163742
2044,0.00064,172.31.36.0-255,66,43240,18,163742
2045,0.000643,172.217.194.0-255,364,43604,18,163742
2046,0.000871,172.217.194.0-255,379,43983,18,163742
2047,0.000888,172.31.36.0-255,66,44049,18,163742
2048,0.001002,172.217.194.0-255,1484,45533,18,163742
2049,0.001012,172.217.194.0-255,2902,48435,18,163742
2050,0.001017,172.31.36.0-255,66,48501,18,163742
2051,0.001024,172.217.194.0-255,5738,54239,18,163742
2052,0.001026,172.31.36.0-255,66,54305,18,163742
2053,0.001029,172.217.194.0-255,1484,55789,18,163742
2054,0.001031,172.217.194.0-255,1484,57273,18,163742
2055,0.001033,172.31.36.0-255,66,57339,18,163742
2056,0.001064,172.217.194.0-255,7156,64495,18,163742
2057,0.001067,172.31.36.0-255,66,64561,18,163742
2058,0.001074,172.217.194.0-255,5738,70299,18,163742
2059,0.001076,172.31.36.0-255,66,70365,18,163742
2060,0.001101,172.31.36.0-255,66,70431,18,163742
2061,0.002027,172.217.194.0-255,1484,71915,18,163742
2062,0.002035,172.217.194.0-255,2902,74817,18,163742
2063,0.002039,172.31.36.0-255,66,74883,18,163742
2064,0.002087,172.217.194.0-255,5738,80621,18,163742
2065,0.002089,172.31.36.0-255,66,80687,18,163742
2066,0.0021,172.31.36.0-255,66,80753,18,163742
2067,0.002114,172.217.194.0-255,4320,85073,18,163742
2068,0.002116,172.31.36.0-255,66,85139,18,163742
2069,0.002136,172.217.194.0-255,1484,86623,18,163742
2070,0.002159,172.31.36.0-255,66,86689,18,163742
2071,0.002864,172.217.194.0-255,1484,88173,18,163742
2072,0.002882,172.217.194.0-255,2902,91075,18,163742
2073,0.002884,172.31.36.0-255,66,91141,18,163742
2074,0.002888,172.217.194.0-255,2902,94043,18,163742
2075,0.00289,172.31.36.0-255,66,94109,18,163742
2076,0.002904,172.217.194.0-255,2902,97011,18,163742
2077,0.002906,172.31.36.0-255,66,97077,18,163742
2078,0.002929,172.217.194.0-255,2902,99979,18,163742
2079,0.002932,172.31.36.0-255,66,100045,18,163742
2080,0.002957,172.31.36.0-255,66,100111,18,163742
2081,0.002964,172.217.194.0-255,7156,107267,18,163742
2082,0.002966,172.31.36.0-255,66,107333,18,163742
2083,0.002985,172.217.194.0-255,1484,108817,18,163742
2084,0.002988,172.217.194.0-255,1484,110301,18,163742
2085,0.002989,172.31.36.0-255,66,110367,18,163742
2086,0.002992,172.217.194.0-255,766,111133,18,163742
2087,0.003235,172.217.194.0-255,1484,112617,18,163742
2088,0.003238,172.31.36.0-255,66,112683,18,163742
2089,0.003241,172.217.194.0-255,1484,114167,18,163742
2090,0.003255,172.217.194.0-255,1484,115651,18,163742
2091,0.003258,172.31.36.0-255,66,115717,18,163742
2092,0.00326,172.217.194.0-255,1484,117201,18,163742
2093,0.003298,172.31.36.0-255,66,117267,18,163742
2094,0.003301,172.217.194.0-255,1484,118751,18,163742
2095,0.003327,172.31.36.0-255,66,118817,18,163742
2096,0.003367,172.217.194.0-255,4320,123137,18,163742
2097,0.00337,172.31.36.0-255,66,123203,18,163742
2098,0.003385,172.31.36.0-255,66,123269,18,163742
2099,0.003387,172.217.194.0-255,1484,124753,18,163742
2100,0.003417,172.31.36.0-255,66,124819,18,163742
2101,0.003436,172.217.194.0-255,6438,131257,18,163742
2102,0.003438,172.31.36.0-255,66,131323,18,163742
2103,0.003452,172.217.194.0-255,2902,134225,18,163742
2104,0.003454,172.31.36.0-255,66,134291,18,163742
2105,0.00349,172.31.36.0-255,66,134357,18,163742
2106,0.003503,172.31.36.0-255,66,134423,18,163742
2107,0.003524,172.217.194.0-255,3602,138025,18,163742
2108,0.003526,172.31.36.0-255,66,138091,18,163742
2109,0.003541,172.31.36.0-255,66,138157,18,163742
2110,0.003585,172.217.194.0-255,7156,145313,18,163742
2111,0.003588,172.31.36.0-255,66,145379,18,163742
2112,0.003614,172.217.194.0-255,2902,148281,18,163742
2113,0.003616,172.31.36.0-255,66,148347,18,163742
2114,0.003628,172.31.36.0-255,66,148413,18,163742
2115,0.003639,172.31.36.0-255,66,148479,18,163742
2116,0.003657,172.31.36.0-255,66,148545,18,163742
2117,0.003682,172.31.36.0-255,66,148611,18,163742
2118,0.003685,172.217.194.0-255,1484,150095,18,163742
2119,0.003724,172.31.36.0-255,66,150161,18,163742
2120,0.003731,172.217.194.0-255,6438,156599,18,163742
2121,0.003733,172.31.36.0-255,66,156665,18,163742
2122,0.003773,172.217.194.0-255,1484,158149,18,163742
2123,0.003806,172.31.36.0-255,66,158215,18,163742
2124,0.003811,172.217.194.0-255,2902,161117,18,163742
2125,0.003813,172.31.36.0-255,66,161183,18,163742
2126,0.003852,172.31.36.0-255,66,161249,18,163742
2127,0.003856,172.217.194.0-255,2217,163466,18,163742
2128,0.003858,172.31.36.0-255,66,163532,18,163742
2129,0.003891,172.217.194.0-255,105,163637,18,163742
2130,0.009172,172.31.36.0-255,105,163742,18,163742
2131,0.0,172.217.27.0-255,66,66,18,66
2132,0.0,74.125.130.0-255,156,156,18,229544
2133,2.6e-05,172.31.36.0-255,66,222,18,229544
2134,3.2e-05,74.125.130.0-255,1484,1706,18,229544
2135,3.5e-05,172.31.36.0-255,66,1772,18,229544
2136,5.2e-05,74.125.130.0-255,2902,4674,18,229544
2137,5.4e-05,172.31.36.0-255,66,4740,18,229544
2138,5.7e-05,74.125.130.0-255,1484,6224,18,229544
2139,5.9e-05,172.31.36.0-255,66,6290,18,229544
2140,7.9e-05,74.125.130.0-255,2902,9192,18,229544
2141,8.2e-05,172.31.36.0-255,66,9258,18,229544
2142,0.000103,74.125.130.0-255,2902,12160,18,229544
2143,0.000106,172.31.36.0-255,66,12226,18,229544
2144,0.000132,74.125.130.0-255,4882,17108,18,229544
2145,0.000135,172.31.36.0-255,66,17174,18,229544
2146,0.000144,172.31.36.0-255,66,17240,18,229544
2147,0.000173,74.125.130.0-255,4320,21560,18,229544
2148,0.000176,172.31.36.0-255,66,21626,18,229544
2149,0.000179,74.125.130.0-255,1484,23110,18,229544
2150,0.000181,172.31.36.0-255,66,23176,18,229544
2151,0.000198,74.125.130.0-255,4320,27496,18,229544
2152,0.000201,172.31.36.0-255,66,27562,18,229544
2153,0.000204,74.125.130.0-255,1484,29046,18,229544
2154,0.000206,172.31.36.0-255,66,29112,18,229544
2155,0.000227,74.125.130.0-255,2902,32014,18,229544
2156,0.000229,172.31.36.0-255,66,32080,18,229544
2157,0.000246,74.125.130.0-255,2902,34982,18,229544
2158,0.000249,172.31.36.0-255,66,35048,18,229544
2159,0.000273,74.125.130.0-255,2902,37950,18,229544
2160,0.000277,172.31.36.0-255,66,38016,18,229544
2161,0.000282,74.125.130.0-255,2184,40200,18,229544
2162,0.000284,172.31.36.0-255,66,40266,18,229544
2163,0.000422,74.125.130.0-255,1484,41750,18,229544
2164,0.000467,74.125.130.0-255,1484,43234,18,229544
2165,0.000471,172.31.36.0-255,66,43300,18,229544
2166,0.000474,74.125.130.0-255,1484,44784,18,229544
2167,0.000491,74.125.130.0-255,1484,46268,18,229544
2168,0.000493,172.31.36.0-255,66,46334,18,229544
2169,0.000511,74.125.130.0-255,5738,52072,18,229544
2170,0.000514,172.31.36.0-255,66,52138,18,229544
2171,0.000518,74.125.130.0-255,2902,55040,18,229544
2172,0.00052,172.31.36.0-255,66,55106,18,229544
2173,0.000547,74.125.130.0-255,3122,58228,18,229544
2174,0.000551,172.31.36.0-255,66,58294,18,229544
2175,0.001085,74.125.130.0-255,1484,59778,18,229544
2176,0.001109,74.125.130.0-255,2902,62680,18,229544
2177,0.001113,172.31.36.0-255,66,62746,18,229544
2178,0.001119,74.125.130.0-255,2902,65648,18,229544
2179,0.001121,172.31.36.0-255,66,65714,18,229544
2180,0.001143,74.125.130.0-255,2902,68616,18,229544
2181,0.001145,172.31.36.0-255,66,68682,18,229544
2182,0.00115,74.125.130.0-255,2902,71584,18,229544
2183,0.001152,172.31.36.0-255,66,71650,18,229544
2184,0.001163,74.125.130.0-255,1484,73134,18,229544
2185,0.001177,74.125.130.0-255,2902,76036,18,229544
2186,0.001179,172.31.36.0-255,66,76102,18,229544
2187,0.001184,74.125.130.0-255,2902,79004,18,229544
2188,0.001185,172.31.36.0-255,66,79070,18,229544
2189,0.001202,74.125.130.0-255,5738,84808,18,229544
2190,0.001204,172.31.36.0-255,66,84874,18,229544
2191,0.00124,74.125.130.0-255,1484,86358,18,229544
2192,0.001258,74.125.130.0-255,6438,92796,18,229544
2193,0.001261,172.31.36.0-255,66,92862,18,229544
2194,0.001759,74.125.130.0-255,1484,94346,18,229544
2195,0.001773,74.125.130.0-255,1484,95830,18,229544
2196,0.001777,172.31.36.0-255,66,95896,18,229544
2197,0.001795,74.125.130.0-255,1484,97380,18,229544
2198,0.001798,74.125.130.0-255,1484,98864,18,229544
2199,0.0018,172.31.36.0-255,66,98930,18,229544
2200,0.001803,74.125.130.0-255,1484,100414,18,229544
2201,0.001815,74.125.130.0-255,1484,101898,18,229544
2202,0.001817,172.31.36.0-255,66,101964,18,229544
2203,0.001822,74.125.130.0-255,2902,104866,18,229544
2204,0.001824,172.31.36.0-255,66,104932,18,229544
2205,0.001846,74.125.130.0-255,2902,107834,18,229544
2206,0.001847,172.31.36.0-255,66,107900,18,229544
2207,0.001852,74.125.130.0-255,2902,110802,18,229544
2208,0.001853,172.31.36.0-255,66,110868,18,229544
2209,0.001856,74.125.130.0-255,1484,112352,18,229544
2210,0.001872,74.125.130.0-255,2902,115254,18,229544
2211,0.001875,172.31.36.0-255,66,115320,18,229544
2212,0.001881,74.125.130.0-255,5738,121058,18,229544
2213,0.001883,172.31.36.0-255,66,121124,18,229544
2214,0.001904,74.125.130.0-255,2902,124026,18,229544
2215,0.001906,172.31.36.0-255,66,124092,18,229544
2216,0.001911,74.125.130.0-255,3602,127694,18,229544
2217,0.001913,172.31.36.0-255,66,127760,18,229544
2218,0.001917,74.125.130.0-255,4320,132080,18,229544
2219,0.001919,172.31.36.0-255,66,132146,18,229544
2220,0.001923,74.125.130.0-255,2902,135048,18,229544
2221,0.001925,172.31.36.0-255,66,135114,18,229544
2222,0.001949,74.125.130.0-255,4320,139434,18,229544
2223,0.001951,172.31.36.0-255,66,139500,18,229544
2224,0.001974,172.31.36.0-255,66,139566,18,229544
2225,0.001977,74.125.130.0-255,1484,141050,18,229544
2226,0.001996,74.125.130.0-255,2902,143952,18,229544
2227,0.001998,172.31.36.0-255,66,144018,18,229544
2228,0.002,74.125.130.0-255,1484,145502,18,229544
2229,0.002018,74.125.130.0-255,4320,149822,18,229544
2230,0.002021,172.31.36.0-255,66,149888,18,229544
2231,0.002023,74.125.130.0-255,1484,151372,18,229544
2232,0.00204,74.125.130.0-255,2184,153556,18,229544
2233,0.002042,172.31.36.0-255,66,153622,18,229544
2234,0.002084,74.125.130.0-255,1484,155106,18,229544
2235,0.002095,74.125.130.0-255,1484,156590,18,229544
2236,0.002097,172.31.36.0-255,66,156656,18,229544
2237,0.0021,74.125.130.0-255,1484,158140,18,229544
2238,0.002119,74.125.130.0-255,2902,161042,18,229544
2239,0.002121,172.31.36.0-255,66,161108,18,229544
2240,0.002137,74.125.130.0-255,4320,165428,18,229544
2241,0.002139,172.31.36.0-255,66,165494,18,229544
2242,0.002165,74.125.130.0-255,5738,171232,18,229544
2243,0.002167,172.31.36.0-255,66,171298,18,229544
2244,0.002179,74.125.130.0-255,1484,172782,18,229544
2245,0.002195,74.125.130.0-255,5738,178520,18,229544
2246,0.002198,172.31.36.0-255,66,178586,18,229544
2247,0.002215,74.125.130.0-255,2902,181488,18,229544
2248,0.002216,172.31.36.0-255,66,181554,18,229544
2249,0.002246,172.31.36.0-255,66,181620,18,229544
2250,0.00227,74.125.130.0-255,1484,183104,18,229544
2251,0.002285,74.125.130.0-255,1484,184588,18,229544
2252,0.002287,172.31.36.0-255,66,184654,18,229544
2253,0.00232,172.31.36.0-255,66,184720,18,229544
2254,0.002327,74.125.130.0-255,7156,191876,18,229544
2255,0.002329,172.31.36.0-255,66,191942,18,229544
2256,0.002338,172.31.36.0-255,66,192008,18,229544
2257,0.002361,74.125.130.0-255,2902,194910,18,229544
2258,0.002363,172.31.36.0-255,66,194976,18,229544
2259,0.002385,74.125.130.0-255,2184,197160,18,229544
2260,0.002388,172.31.36.0-255,66,197226,18,229544
2261,0.002393,74.125.130.0-255,5738,202964,18,229544
2262,0.002395,172.31.36.0-255,66,203030,18,229544
2263,0.002414,74.125.130.0-255,2902,205932,18,229544
2264,0.002417,172.31.36.0-255,66,205998,18,229544
2265,0.002433,74.125.130.0-255,4320,210318,18,229544
2266,0.002436,172.31.36.0-255,66,210384,18,229544
2267,0.002441,74.125.130.0-255,4320,214704,18,229544
2268,0.002444,172.31.36.0-255,66,214770,18,229544
2269,0.002446,74.125.130.0-255,1484,216254,18,229544
2270,0.004824,74.125.130.0-255,2902,219156,18,229544
2271,0.004827,172.31.36.0-255,66,219222,18,229544
2272,0.004843,74.125.130.0-255,1484,220706,18,229544
2273,0.007264,74.125.130.0-255,2902,223608,18,229544
2274,0.00727,172.31.36.0-255,66,223674,18,229544
2275,0.007291,74.125.130.0-255,1484,225158,18,229544
2276,0.009714,74.125.130.0-255,4320,229478,18,229544
2277,0.009724,172.31.36.0-255,66,229544,18,229544
2278,0.0,172.217.194.0-255,150,150,18,159007
2279,2.4e-05,172.31.36.0-255,66,216,18,159007
2280,2.9e-05,172.217.194.0-255,1484,1700,18,159007
2281,3.4e-05,172.31.36.0-255,66,1766,18,159007
2282,3.9e-05,172.217.194.0-255,2902,4668,18,159007
2283,4.2e-05,172.31.36.0-255,66,4734,18,159007
2284,4.8e-05,172.217.194.0-255,4320,9054,18,159007
2285,5.1e-05,172.31.36.0-255,66,9120,18,159007
2286,6.9e-05,172.217.194.0-255,2902,12022,18,159007
2287,7.2e-05,172.31.36.0-255,66,12088,18,159007
2288,7.5e-05,172.217.194.0-255,2102,14190,18,159007
2289,7.7e-05,172.31.36.0-255,66,14256,18,159007
2290,0.000106,172.217.194.0-255,1484,15740,18,159007
2291,0.000108,172.31.36.0-255,66,15806,18,159007
2292,0.000112,172.217.194.0-255,1484,17290,18,159007
2293,0.000114,172.31.36.0-255,66,17356,18,159007
2294,0.000127,172.217.194.0-255,1484,18840,18,159007
2295,0.00013,172.31.36.0-255,66,18906,18,159007
2296,0.000136,172.217.194.0-255,5738,24644,18,159007
2297,0.000139,172.31.36.0-255,66,24710,18,159007
2298,0.000155,172.217.194.0-255,1484,26194,18,159007
2299,0.000157,172.31.36.0-255,66,26260,18,159007
2300,0.000184,172.217.194.0-255,5379,31639,18,159007
2301,0.000187,172.31.36.0-255,66,31705,18,159007
2302,0.000194,172.217.194.0-255,7156,38861,18,159007
2303,0.000196,172.31.36.0-255,66,38927,18,159007
2304,0.000217,172.217.194.0-255,2902,41829,18,159007
2305,0.00022,172.31.36.0-255,66,41895,18,159007
2306,0.000245,172.217.194.0-255,6797,48692,18,159007
2307,0.000248,172.31.36.0-255,66,48758,18,159007
2308,0.001081,172.217.194.0-255,1484,50242,18,159007
2309,0.001088,172.31.36.0-255,66,50308,18,159007
2310,0.001098,172.217.194.0-255,2902,53210,18,159007
2311,0.001106,172.217.194.0-255,5738,58948,18,159007
2312,0.001129,172.217.194.0-255,5738,64686,18,159007
2313,0.001167,172.217.194.0-255,1708,66394,18,159007
2314,0.001188,172.217.194.0-255,2902,69296,18,159007
2315,0.001192,172.217.194.0-255,2902,72198,18,159007
2316,0.001209,172.217.194.0-255,4320,76518,18,159007
2317,0.001221,172.217.194.0-255,2902,79420,18,159007
2318,0.001326,172.217.194.0-255,1484,80904,18,159007
2319,0.001339,172.217.194.0-255,4320,85224,18,159007
2320,0.001351,172.217.194.0-255,4320,89544,18,159007
2321,0.001353,172.217.194.0-255,1484,91028,18,159007
2322,0.001385,172.217.194.0-255,4712,95740,18,159007
2323,0.001781,172.217.194.0-255,1484,97224,18,159007
2324,0.001795,172.217.194.0-255,2902,100126,18,159007
2325,0.001817,172.217.194.0-255,4320,104446,18,159007
2326,0.001831,172.217.194.0-255,1484,105930,18,159007
2327,0.001864,172.217.194.0-255,2902,108832,18,159007
2328,0.001883,172.217.194.0-255,4659,113491,18,159007
2329,0.001917,172.217.194.0-255,2902,116393,18,159007
2330,0.001929,172.217.194.0-255,4320,120713,18,159007
2331,0.001935,172.217.194.0-255,5738,126451,18,159007
2332,0.001951,172.217.194.0-255,2902,129353,18,159007
2333,0.001978,172.217.194.0-255,2902,132255,18,159007
2334,0.001994,172.217.194.0-255,7156,139411,18,159007
2335,0.002009,172.217.194.0-255,7156,146567,18,159007
2336,0.002012,172.217.194.0-255,766,147333,18,159007
2337,0.004554,172.31.36.0-255,66,147399,18,159007
2338,0.006904,172.217.194.0-255,5738,153137,18,159007
2339,0.006909,172.31.36.0-255,66,153203,18,159007
2340,0.00924,172.217.194.0-255,5738,158941,18,159007
2341,0.009249,172.31.36.0-255,66,159007,18,159007
2342,0.0,172.31.36.0-255,105,105,18,105
2343,0.0,74.125.68.0-255,153,153,18,182889
2344,2.3e-05,172.31.36.0-255,66,219,18,182889
2345,3.1e-05,74.125.68.0-255,1484,1703,18,182889
2346,3.6e-05,172.31.36.0-255,66,1769,18,182889
2347,5.4e-05,74.125.68.0-255,2902,4671,18,182889
2348,5.8e-05,172.31.36.0-255,66,4737,18,182889
2349,7e-05,74.125.68.0-255,1484,6221,18,182889
2350,7.2e-05,172.31.36.0-255,66,6287,18,182889
2351,8.8e-05,74.125.68.0-255,4320,10607,18,182889
2352,9.1e-05,172.31.36.0-255,66,10673,18,182889
2353,0.000126,74.125.68.0-255,4888,15561,18,182889
2354,0.000129,172.31.36.0-255,66,15627,18,182889
2355,0.00015,74.125.68.0-255,5738,21365,18,182889
2356,0.000153,172.31.36.0-255,66,21431,18,182889
2357,0.000176,74.125.68.0-255,1484,22915,18,182889
2358,0.000178,172.31.36.0-255,66,22981,18,182889
2359,0.000199,172.31.36.0-255,66,23047,18,182889
2360,0.000277,74.125.68.0-255,1484,24531,18,182889
2361,0.00028,172.31.36.0-255,66,24597,18,182889
2362,0.000315,74.125.68.0-255,2902,27499,18,182889
2363,0.000317,172.31.36.0-255,66,27565,18,182889
2364,0.000324,74.125.68.0-255,5738,33303,18,182889
2365,0.000326,172.31.36.0-255,66,33369,18,182889
2366,0.000331,74.125.68.0-255,2902,36271,18,182889
2367,0.000333,172.31.36.0-255,66,36337,18,182889
2368,0.000336,74.125.68.0-255,1484,37821,18,182889
2369,0.000339,172.31.36.0-255,66,37887,18,182889
2370,0.000362,74.125.68.0-255,2543,40430,18,182889
2371,0.000365,172.31.36.0-255,66,40496,18,182889
2372,0.00041,172.31.36.0-255,66,40562,18,182889
2373,0.000413,74.125.68.0-255,1484,42046,18,182889
2374,0.000441,74.125.68.0-255,4320,46366,18,182889
2375,0.000444,172.31.36.0-255,66,46432,18,182889
2376,0.00046,74.125.68.0-255,2820,49252,18,182889
2377,0.000462,172.31.36.0-255,66,49318,18,182889
2378,0.000466,74.125.68.0-255,411,49729,18,182889
2379,0.000727,74.125.68.0-255,1484,51213,18,182889
2380,0.000734,172.31.36.0-255,66,51279,18,182889
2381,0.000738,74.125.68.0-255,1484,52763,18,182889
2382,0.000756,74.125.68.0-255,2902,55665,18,182889
2383,0.000759,172.31.36.0-255,66,55731,18,182889
2384,0.000764,74.125.68.0-255,2902,58633,18,182889
2385,0.000767,172.31.36.0-255,66,58699,18,182889
2386,0.00078,74.125.68.0-255,2902,61601,18,182889
2387,0.000782,172.31.36.0-255,66,61667,18,182889
2388,0.000818,172.31.36.0-255,66,61733,18,182889
2389,0.000846,74.125.68.0-255,3602,65335,18,182889
2390,0.000852,172.31.36.0-255,66,65401,18,182889
2391,0.001104,74.125.68.0-255,1484,66885,18,182889
2392,0.001123,74.125.68.0-255,2902,69787,18,182889
2393,0.001127,172.31.36.0-255,66,69853,18,182889
2394,0.001134,74.125.68.0-255,5738,75591,18,182889
2395,0.001136,172.31.36.0-255,66,75657,18,182889
2396,0.001152,74.125.68.0-255,2902,78559,18,182889
2397,0.001154,172.31.36.0-255,66,78625,18,182889
2398,0.001178,74.125.68.0-255,2902,81527,18,182889
2399,0.001181,172.31.36.0-255,66,81593,18,182889
2400,0.001208,74.125.68.0-255,7156,88749,18,182889
2401,0.00121,172.31.36.0-255,66,88815,18,182889
2402,0.001217,74.125.68.0-255,5738,94553,18,182889
2403,0.001219,172.31.36.0-255,66,94619,18,182889
2404,0.001248,74.125.68.0-255,5020,99639,18,182889
2405,0.001254,172.31.36.0-255,66,99705,18,182889
2406,0.001359,74.125.68.0-255,1484,101189,18,182889
2407,0.001386,74.125.68.0-255,2902,104091,18,182889
2408,0.001394,172.31.36.0-255,66,104157,18,182889
2409,0.001403,74.125.68.0-255,2902,107059,18,182889
2410,0.001408,172.31.36.0-255,66,107125,18,182889
2411,0.001416,74.125.68.0-255,2902,110027,18,182889
2412,0.001419,74.125.68.0-255,1484,111511,18,182889
2413,0.001434,74.125.68.0-255,5738,117249,18,182889
2414,0.001462,172.31.36.0-255,66,117315,18,182889
2415,0.001513,74.125.68.0-255,2902,120217,18,182889
2416,0.001516,172.31.36.0-255,66,120283,18,182889
2417,0.001537,74.125.68.0-255,5020,125303,18,182889
2418,0.001548,172.31.36.0-255,66,125369,18,182889
2419,0.001698,74.125.68.0-255,1484,126853,18,182889
2420,0.001714,74.125.68.0-255,2902,129755,18,182889
2421,0.001717,172.31.36.0-255,66,129821,18,182889
2422,0.001764,74.125.68.0-255,2902,132723,18,182889
2423,0.001776,172.31.36.0-255,66,132789,18,182889
2424,0.001788,74.125.68.0-255,4320,137109,18,182889
2425,0.001804,172.31.36.0-255,66,137175,18,182889
2426,0.001815,74.125.68.0-255,5738,142913,18,182889
2427,0.001819,172.31.36.0-255,66,142979,18,182889
2428,0.001861,74.125.68.0-255,7156,150135,18,182889
2429,0.001875,172.31.36.0-255,66,150201,18,182889
2430,0.001888,74.125.68.0-255,2902,153103,18,182889
2431,0.001913,74.125.68.0-255,5738,158841,18,182889
2432,0.001916,74.125.68.0-255,766,159607,18,182889
2433,0.001927,172.31.36.0-255,66,159673,18,182889
2434,0.003922,74.125.68.0-255,5738,165411,18,182889
2435,0.003929,172.31.36.0-255,66,165477,18,182889
2436,0.005935,74.125.68.0-255,5738,171215,18,182889
2437,0.005942,172.31.36.0-255,66,171281,18,182889
2438,0.007933,74.125.68.0-255,5738,177019,18,182889
2439,0.007936,172.31.36.0-255,66,177085,18,182889
2440,0.009949,74.125.68.0-255,5738,182823,18,182889
2441,0.009957,172.31.36.0-255,66,182889,18,182889
2442,0.0,74.125.24.0-255,153,153,18,260823
2443,1.5e-05,172.31.36.0-255,66,219,18,260823
2444,2.2e-05,74.125.24.0-255,1484,1703,18,260823
2445,2.6e-05,172.31.36.0-255,66,1769,18,260823
2446,5e-05,74.125.24.0-255,2902,4671,18,260823
2447,5.3e-05,172.31.36.0-255,66,4737,18,260823
2448,5.7e-05,74.125.24.0-255,2902,7639,18,260823
2449,6.1e-05,172.31.36.0-255,66,7705,18,260823
2450,0.000107,172.31.36.0-255,66,7771,18,260823
2451,0.000126,74.125.24.0-255,2085,9856,18,260823
2452,0.000129,172.31.36.0-255,66,9922,18,260823
2453,0.000169,74.125.24.0-255,4320,14242,18,260823
2454,0.000171,172.31.36.0-255,66,14308,18,260823
2455,0.000188,74.125.24.0-255,7156,21464,18,260823
2456,0.000192,172.31.36.0-255,66,21530,18,260823
2457,0.000245,74.125.24.0-255,1125,22655,18,260823
2458,0.000248,172.31.36.0-255,66,22721,18,260823
2459,0.000272,74.125.24.0-255,2902,25623,18,260823
2460,0.000274,172.31.36.0-255,66,25689,18,260823
2461,0.000292,74.125.24.0-255,4320,30009,18,260823
2462,0.000295,172.31.36.0-255,66,30075,18,260823
2463,0.000313,74.125.24.0-255,1484,31559,18,260823
2464,0.000315,172.31.36.0-255,66,31625,18,260823
2465,0.000335,74.125.24.0-255,7156,38781,18,260823
2466,0.000338,172.31.36.0-255,66,38847,18,260823
2467,0.000352,74.125.24.0-255,1125,39972,18,260823
2468,0.000354,172.31.36.0-255,66,40038,18,260823
2469,0.001192,74.125.24.0-255,1484,41522,18,260823
2470,0.001199,172.31.36.0-255,66,41588,18,260823
2471,0.001208,74.125.24.0-255,2902,44490,18,260823
2472,0.00121,172.31.36.0-255,66,44556,18,260823
2473,0.001218,74.125.24.0-255,5738,50294,18,260823
2474,0.00122,172.31.36.0-255,66,50360,18,260823
2475,0.00126,74.125.24.0-255,2902,53262,18,260823
2476,0.001263,172.31.36.0-255,66,53328,18,260823
2477,0.001279,74.125.24.0-255,3961,57289,18,260823
2478,0.001282,172.31.36.0-255,66,57355,18,260823
2479,0.001332,74.125.24.0-255,7156,64511,18,260823
2480,0.001335,172.31.36.0-255,66,64577,18,260823
2481,0.001366,74.125.24.0-255,2902,67479,18,260823
2482,0.001368,172.31.36.0-255,66,67545,18,260823
2483,0.001387,74.125.24.0-255,1484,69029,18,260823
2484,0.001408,172.31.36.0-255,66,69095,18,260823
2485,0.001429,74.125.24.0-255,5379,74474,18,260823
2486,0.001432,172.31.36.0-255,66,74540,18,260823
2487,0.001519,74.125.24.0-255,5738,80278,18,260823
2488,0.001522,172.31.36.0-255,66,80344,18,260823
2489,0.001568,74.125.24.0-255,3122,83466,18,260823
2490,0.001588,172.31.36.0-255,66,83532,18,260823
2491,0.002662,74.125.24.0-255,1484,85016,18,260823
2492,0.002673,74.125.24.0-255,2902,87918,18,260823
2493,0.002678,172.31.36.0-255,66,87984,18,260823
2494,0.002686,74.125.24.0-255,5738,93722,18,260823
2495,0.002688,172.31.36.0-255,66,93788,18,260823
2496,0.00273,172.31.36.0-255,66,93854,18,260823
2497,0.00275,74.125.24.0-255,2902,96756,18,260823
2498,0.002753,172.31.36.0-255,66,96822,18,260823
2499,0.00283,74.125.24.0-255,2902,99724,18,260823
2500,0.002833,172.31.36.0-255,66,99790,18,260823
2501,0.002866,172.31.36.0-255,66,99856,18,260823
2502,0.003597,74.125.24.0-255,1484,101340,18,260823
2503,0.003615,74.125.24.0-255,2902,104242,18,260823
2504,0.003618,172.31.36.0-255,66,104308,18,260823
2505,0.003624,74.125.24.0-255,2902,107210,18,260823
2506,0.003626,172.31.36.0-255,66,107276,18,260823
2507,0.003643,74.125.24.0-255,2902,110178,18,260823
2508,0.003645,172.31.36.0-255,66,110244,18,260823
2509,0.003665,74.125.24.0-255,2902,113146,18,260823
2510,0.003667,172.31.36.0-255,66,113212,18,260823
2511,0.0037,172.31.36.0-255,66,113278,18,260823
2512,0.003766,74.125.24.0-255,4320,117598,18,260823
2513,0.003769,172.31.36.0-255,66,117664,18,260823
2514,0.003789,74.125.24.0-255,6438,124102,18,260823
2515,0.003794,172.31.36.0-255,66,124168,18,260823
2516,0.004721,74.125.24.0-255,1484,125652,18,260823
2517,0.004742,74.125.24.0-255,2902,128554,18,260823
2518,0.004746,172.31.36.0-255,66,128620,18,260823
2519,0.00475,74.125.24.0-255,1484,130104,18,260823
2520,0.004768,74.125.24.0-255,4320,134424,18,260823
2521,0.00477,172.31.36.0-255,66,134490,18,260823
2522,0.004795,74.125.24.0-255,5738,140228,18,260823
2523,0.004799,172.31.36.0-255,66,140294,18,260823
2524,0.004822,74.125.24.0-255,4320,144614,18,260823
2525,0.004825,172.31.36.0-255,66,144680,18,260823
2526,0.004881,172.31.36.0-255,66,144746,18,260823
2527,0.004894,74.125.24.0-255,2184,146930,18,260823
2528,0.004898,172.31.36.0-255,66,146996,18,260823
2529,0.005811,74.125.24.0-255,1484,148480,18,260823
2530,0.005821,74.125.24.0-255,2902,151382,18,260823
2531,0.005824,172.31.36.0-255,66,151448,18,260823
2532,0.005872,74.125.24.0-255,5738,157186,18,260823
2533,0.005875,172.31.36.0-255,66,157252,18,260823
2534,0.005882,74.125.24.0-255,5738,162990,18,260823
2535,0.005884,172.31.36.0-255,66,163056,18,260823
2536,0.00593,74.125.24.0-255,7156,170212,18,260823
2537,0.005933,172.31.36.0-255,66,170278,18,260823
2538,0.005952,74.125.24.0-255,5738,176016,18,260823
2539,0.005954,172.31.36.0-255,66,176082,18,260823
2540,0.006027,74.125.24.0-255,5020,181102,18,260823
2541,0.006032,172.31.36.0-255,66,181168,18,260823
2542,0.006065,74.125.24.0-255,4320,185488,18,260823
2543,0.006068,172.31.36.0-255,66,185554,18,260823
2544,0.006085,74.125.24.0-255,1484,187038,18,260823
2545,0.006114,74.125.24.0-255,7156,194194,18,260823
2546,0.006116,172.31.36.0-255,66,194260,18,260823
2547,0.006165,74.125.24.0-255,2902,197162,18,260823
2548,0.00617,172.31.36.0-255,66,197228,18,260823
2549,0.006278,74.125.24.0-255,2902,200130,18,260823
2550,0.006291,74.125.24.0-255,3602,203732,18,260823
2551,0.006335,74.125.24.0-255,2902,206634,18,260823
2552,0.00635,74.125.24.0-255,1484,208118,18,260823
2553,0.006372,74.125.24.0-255,7156,215274,18,260823
2554,0.006407,74.125.24.0-255,5738,221012,18,260823
2555,0.006489,74.125.24.0-255,4320,225332,18,260823
2556,0.006576,74.125.24.0-255,3602,228934,18,260823
2557,0.006604,74.125.24.0-255,4320,233254,18,260823
2558,0.006837,74.125.24.0-255,7156,240410,18,260823
2559,0.006852,74.125.24.0-255,2184,242594,18,260823
2560,0.006887,172.31.36.0-255,66,242660,18,260823
2561,0.006903,74.125.24.0-255,4320,246980,18,260823
2562,0.006949,172.31.36.0-255,66,247046,18,260823
2563,0.007061,172.31.36.0-255,66,247112,18,260823
2564,0.007129,74.125.24.0-255,766,247878,18,260823
2565,0.007139,172.31.36.0-255,66,247944,18,260823
2566,0.007327,74.125.24.0-255,7156,255100,18,260823
2567,0.007345,74.125.24.0-255,5020,260120,18,260823
2568,0.007354,172.31.36.0-255,66,260186,18,260823
2569,0.0074,74.125.24.0-255,466,260652,18,260823
2570,0.008584,172.31.36.0-255,66,260718,18,260823
2571,0.008621,172.31.36.0-255,105,260823,18,260823
2572,0.0,74.125.130.0-255,226,226,18,49004
2573,2.3e-05,172.31.36.0-255,66,292,18,49004
2574,3e-05,74.125.130.0-255,1484,1776,18,49004
2575,3.5e-05,172.31.36.0-255,66,1842,18,49004
2576,6.2e-05,74.125.130.0-255,1484,3326,18,49004
2577,6.5e-05,172.31.36.0-255,66,3392,18,49004
2578,9.4e-05,74.125.130.0-255,2902,6294,18,49004
2579,0.000101,172.31.36.0-255,66,6360,18,49004
2580,0.000228,74.125.130.0-255,2902,9262,18,49004
2581,0.000234,172.31.36.0-255,66,9328,18,49004
2582,0.000351,74.125.130.0-255,1484,10812,18,49004
2583,0.000355,172.31.36.0-255,66,10878,18,49004
2584,0.000384,74.125.130.0-255,3463,14341,18,49004
2585,0.000387,172.31.36.0-255,66,14407,18,49004
2586,0.000564,74.125.130.0-255,2902,17309,18,49004
2587,0.000569,172.31.36.0-255,66,17375,18,49004
2588,0.000605,74.125.130.0-255,7156,24531,18,49004
2589,0.00061,172.31.36.0-255,66,24597,18,49004
2590,0.000994,74.125.130.0-255,6797,31394,18,49004
2591,0.001,172.31.36.0-255,66,31460,18,49004
2592,0.003671,74.125.130.0-255,5738,37198,18,49004
2593,0.003678,172.31.36.0-255,66,37264,18,49004
2594,0.006378,74.125.130.0-255,5738,43002,18,49004
2595,0.006392,172.31.36.0-255,66,43068,18,49004
2596,0.009091,74.125.130.0-255,2902,45970,18,49004
2597,0.009109,172.31.36.0-255,66,46036,18,49004
2598,0.009119,74.125.130.0-255,2902,48938,18,49004
2599,0.009122,172.31.36.0-255,66,49004,18,49004
2600,0.0,172.217.194.0-255,153,153,18,199265
2601,3.7e-05,172.217.194.0-255,1484,1637,18,199265
2602,4.6e-05,172.31.36.0-255,66,1703,18,199265
2603,5.4e-05,172.217.194.0-255,2902,4605,18,199265
2604,5.7e-05,172.31.36.0-255,66,4671,18,199265
2605,6.2e-05,172.217.194.0-255,4320,8991,18,199265
2606,6.5e-05,172.31.36.0-255,66,9057,18,199265
2607,8.5e-05,172.217.194.0-255,1484,10541,18,199265
2608,9.2e-05,172.217.194.0-255,5738,16279,18,199265
2609,9.5e-05,172.31.36.0-255,66,16345,18,199265
2610,0.000115,172.217.194.0-255,6254,22599,18,199265
2611,0.000117,172.31.36.0-255,66,22665,18,199265
2612,0.000151,172.31.36.0-255,66,22731,18,199265
2613,0.000182,172.217.194.0-255,4320,27051,18,199265
2614,0.000185,172.31.36.0-255,66,27117,18,199265
2615,0.000203,172.217.194.0-255,4320,31437,18,199265
2616,0.000206,172.31.36.0-255,66,31503,18,199265
2617,0.000214,172.217.194.0-255,7156,38659,18,199265
2618,0.000217,172.31.36.0-255,66,38725,18,199265
2619,0.000221,172.217.194.0-255,2902,41627,18,199265
2620,0.000222,172.31.36.0-255,66,41693,18,199265
2621,0.00026,172.31.36.0-255,66,41759,18,199265
2622,0.000264,172.217.194.0-255,1111,42870,18,199265
2623,0.000299,172.217.194.0-255,1484,44354,18,199265
2624,0.000302,172.31.36.0-255,66,44420,18,199265
2625,0.000307,172.217.194.0-255,2902,47322,18,199265
2626,0.000309,172.31.36.0-255,66,47388,18,199265
2627,0.000312,172.217.194.0-255,1484,48872,18,199265
2628,0.000333,172.217.194.0-255,4320,53192,18,199265
2629,0.000352,172.31.36.0-255,66,53258,18,199265
2630,0.000368,172.31.36.0-255,66,53324,18,199265
2631,0.000372,172.217.194.0-255,2902,56226,18,199265
2632,0.000375,172.31.36.0-255,66,56292,18,199265
2633,0.000424,172.31.36.0-255,66,56358,18,199265
2634,0.000432,172.217.194.0-255,6797,63155,18,199265
2635,0.000437,172.31.36.0-255,66,63221,18,199265
2636,0.000492,172.217.194.0-255,1484,64705,18,199265
2637,0.000498,172.217.194.0-255,2902,67607,18,199265
2638,0.000501,172.31.36.0-255,66,67673,18,199265
2639,0.000525,172.217.194.0-255,5738,73411,18,199265
2640,0.000528,172.31.36.0-255,66,73477,18,199265
2641,0.000532,172.217.194.0-255,2902,76379,18,199265
2642,0.000534,172.31.36.0-255,66,76445,18,199265
2643,0.000561,172.31.36.0-255,66,76511,18,199265
2644,0.000605,172.217.194.0-255,7156,83667,18,199265
2645,0.000608,172.31.36.0-255,66,83733,18,199265
2646,0.000634,172.217.194.0-255,3602,87335,18,199265
2647,0.000637,172.31.36.0-255,66,87401,18,199265
2648,0.000745,172.217.194.0-255,1484,88885,18,199265
2649,0.000764,172.217.194.0-255,2902,91787,18,199265
2650,0.000768,172.31.36.0-255,66,91853,18,199265
2651,0.000772,172.217.194.0-255,2902,94755,18,199265
2652,0.000775,172.31.36.0-255,66,94821,18,199265
2653,0.00079,172.217.194.0-255,2902,97723,18,199265
2654,0.000793,172.31.36.0-255,66,97789,18,199265
2655,0.000796,172.217.194.0-255,1484,99273,18,199265
2656,0.000821,172.217.194.0-255,5379,104652,18,199265
2657,0.000827,172.31.36.0-255,66,104718,18,199265
2658,0.00085,172.217.194.0-255,5738,110456,18,199265
2659,0.000853,172.31.36.0-255,66,110522,18,199265
2660,0.000871,172.217.194.0-255,1484,112006,18,199265
2661,0.000875,172.217.194.0-255,1484,113490,18,199265
2662,0.000877,172.31.36.0-255,66,113556,18,199265
2663,0.00089,172.31.36.0-255,66,113622,18,199265
2664,0.000934,172.31.36.0-255,66,113688,18,199265
2665,0.000949,172.217.194.0-255,1484,115172,18,199265
2666,0.000977,172.217.194.0-255,2902,118074,18,199265
2667,0.000981,172.31.36.0-255,66,118140,18,199265
2668,0.000987,172.217.194.0-255,4320,122460,18,199265
2669,0.000989,172.31.36.0-255,66,122526,18,199265
2670,0.001021,172.217.194.0-255,1484,124010,18,199265
2671,0.001035,172.31.36.0-255,66,124076,18,199265
2672,0.001046,172.31.36.0-255,66,124142,18,199265
2673,0.001062,172.217.194.0-255,2184,126326,18,199265
2674,0.001065,172.31.36.0-255,66,126392,18,199265
2675,0.001162,172.217.194.0-255,1484,127876,18,199265
2676,0.001168,172.217.194.0-255,2902,130778,18,199265
2677,0.001171,172.31.36.0-255,66,130844,18,199265
2678,0.001176,172.217.194.0-255,2902,133746,18,199265
2679,0.001178,172.31.36.0-255,66,133812,18,199265
2680,0.001197,172.217.194.0-255,2902,136714,18,199265
2681,0.0012,172.31.36.0-255,66,136780,18,199265
2682,0.001217,172.31.36.0-255,66,136846,18,199265
2683,0.001242,172.217.194.0-255,4320,141166,18,199265
2684,0.001246,172.31.36.0-255,66,141232,18,199265
2685,0.001258,172.31.36.0-255,66,141298,18,199265
2686,0.001306,172.217.194.0-255,1484,142782,18,199265
2687,0.001311,172.217.194.0-255,1484,144266,18,199265
2688,0.001314,172.31.36.0-255,66,144332,18,199265
2689,0.001329,172.217.194.0-255,1484,145816,18,199265
2690,0.001343,172.217.194.0-255,4320,150136,18,199265
2691,0.001347,172.31.36.0-255,66,150202,18,199265
2692,0.001368,172.217.194.0-255,1484,151686,18,199265
2693,0.001384,172.31.36.0-255,66,151752,18,199265
2694,0.001391,172.217.194.0-255,7156,158908,18,199265
2695,0.001395,172.31.36.0-255,66,158974,18,199265
2696,0.001417,172.217.194.0-255,1484,160458,18,199265
2697,0.001434,172.217.194.0-255,2184,162642,18,199265
2698,0.001439,172.31.36.0-255,66,162708,18,199265
2699,0.001478,172.217.194.0-255,1484,164192,18,199265
2700,0.001484,172.217.194.0-255,2902,167094,18,199265
2701,0.001488,172.31.36.0-255,66,167160,18,199265
2702,0.001494,172.217.194.0-255,5738,172898,18,199265
2703,0.001497,172.31.36.0-255,66,172964,18,199265
2704,0.001527,172.217.194.0-255,5738,178702,18,199265
2705,0.001531,172.31.36.0-255,66,178768,18,199265
2706,0.001556,172.217.194.0-255,7156,185924,18,199265
2707,0.00156,172.31.36.0-255,66,185990,18,199265
2708,0.001571,172.31.36.0-255,66,186056,18,199265
2709,0.001576,172.217.194.0-255,2184,188240,18,199265
2710,0.001578,172.31.36.0-255,66,188306,18,199265
2711,0.001582,172.217.194.0-255,2902,191208,18,199265
2712,0.001584,172.31.36.0-255,66,191274,18,199265
2713,0.00165,172.217.194.0-255,7156,198430,18,199265
2714,0.001654,172.31.36.0-255,66,198496,18,199265
2715,0.001672,172.31.36.0-255,66,198562,18,199265
2716,0.001683,172.31.36.0-255,66,198628,18,199265
2717,0.001723,172.31.36.0-255,66,198694,18,199265
2718,0.001763,172.31.36.0-255,66,198760,18,199265
2719,0.001779,172.31.36.0-255,66,198826,18,199265
2720,0.001782,172.217.194.0-255,97,198923,18,199265
2721,0.001784,172.217.194.0-255,105,199028,18,199265
2722,0.003493,172.31.36.0-255,66,199094,18,199265
2723,0.003518,172.31.36.0-255,105,199199,18,199265
2724,0.005807,172.217.194.0-255,66,199265,18,199265
2725,0.0,172.31.36.0-255,66,66,18,66
2726,0.0,74.125.24.0-255,153,153,18,112210
2727,2.2e-05,172.31.36.0-255,66,219,18,112210
2728,2.9e-05,74.125.24.0-255,1484,1703,18,112210
2729,3.3e-05,172.31.36.0-255,66,1769,18,112210
2730,3.8e-05,74.125.24.0-255,2902,4671,18,112210
2731,4.1e-05,172.31.36.0-255,66,4737,18,112210
2732,4.6e-05,74.125.24.0-255,2902,7639,18,112210
2733,4.9e-05,172.31.36.0-255,66,7705,18,112210
2734,7.1e-05,74.125.24.0-255,4320,12025,18,112210
2735,7.4e-05,172.31.36.0-255,66,12091,18,112210
2736,7.8e-05,74.125.24.0-255,2038,14129,18,112210
2737,8e-05,172.31.36.0-255,66,14195,18,112210
2738,0.000128,74.125.24.0-255,1484,15679,18,112210
2739,0.00013,172.31.36.0-255,66,15745,18,112210
2740,0.000135,74.125.24.0-255,2902,18647,18,112210
2741,0.000137,172.31.36.0-255,66,18713,18,112210
2742,0.000155,74.125.24.0-255,4320,23033,18,112210
2743,0.000157,172.31.36.0-255,66,23099,18,112210
2744,0.000176,74.125.24.0-255,1484,24583,18,112210
2745,0.000179,172.31.36.0-255,66,24649,18,112210
2746,0.000186,74.125.24.0-255,6797,31446,18,112210
2747,0.000188,172.31.36.0-255,66,31512,18,112210
2748,0.000284,74.125.24.0-255,1484,32996,18,112210
2749,0.000287,172.31.36.0-255,66,33062,18,112210
2750,0.000293,74.125.24.0-255,2902,35964,18,112210
2751,0.000295,172.31.36.0-255,66,36030,18,112210
2752,0.000314,74.125.24.0-255,1484,37514,18,112210
2753,0.000317,172.31.36.0-255,66,37580,18,112210
2754,0.000343,74.125.24.0-255,4320,41900,18,112210
2755,0.000346,172.31.36.0-255,66,41966,18,112210
2756,0.000355,74.125.24.0-255,7156,49122,18,112210
2757,0.000357,172.31.36.0-255,66,49188,18,112210
2758,0.000375,74.125.24.0-255,2543,51731,18,112210
2759,0.000377,172.31.36.0-255,66,51797,18,112210
2760,0.000388,172.31.36.0-255,66,51863,18,112210
2761,0.000394,74.125.24.0-255,3961,55824,18,112210
2762,0.000396,172.31.36.0-255,66,55890,18,112210
2763,0.000737,74.125.24.0-255,646,56536,18,112210
2764,0.000882,74.125.24.0-255,1484,58020,18,112210
2765,0.000886,172.31.36.0-255,66,58086,18,112210
2766,0.000893,74.125.24.0-255,2902,60988,18,112210
2767,0.000894,172.31.36.0-255,66,61054,18,112210
2768,0.000897,74.125.24.0-255,1484,62538,18,112210
2769,0.000921,74.125.24.0-255,4320,66858,18,112210
2770,0.000925,172.31.36.0-255,66,66924,18,112210
2771,0.000939,74.125.24.0-255,4320,71244,18,112210
2772,0.000941,172.31.36.0-255,66,71310,18,112210
2773,0.000969,172.31.36.0-255,66,71376,18,112210
2774,0.000981,172.31.36.0-255,66,71442,18,112210
2775,0.001196,74.125.24.0-255,1484,72926,18,112210
2776,0.001202,74.125.24.0-255,2902,75828,18,112210
2777,0.001206,172.31.36.0-255,66,75894,18,112210
2778,0.001209,74.125.24.0-255,1484,77378,18,112210
2779,0.001228,74.125.24.0-255,4320,81698,18,112210
2780,0.00123,172.31.36.0-255,66,81764,18,112210
2781,0.001237,74.125.24.0-255,5738,87502,18,112210
2782,0.001239,172.31.36.0-255,66,87568,18,112210
2783,0.001254,74.125.24.0-255,2902,90470,18,112210
2784,0.001256,172.31.36.0-255,66,90536,18,112210
2785,0.001278,172.31.36.0-255,66,90602,18,112210
2786,0.001284,74.125.24.0-255,4320,94922,18,112210
2787,0.001286,172.31.36.0-255,66,94988,18,112210
2788,0.001301,74.125.24.0-255,766,95754,18,112210
2789,0.001751,172.31.36.0-255,66,95820,18,112210
2790,0.003613,74.125.24.0-255,4320,100140,18,112210
2791,0.00362,172.31.36.0-255,66,100206,18,112210
2792,0.004012,74.125.24.0-255,1484,101690,18,112210
2793,0.005947,74.125.24.0-255,1484,103174,18,112210
2794,0.005951,172.31.36.0-255,66,103240,18,112210
2795,0.005971,74.125.24.0-255,2902,106142,18,112210
2796,0.005974,172.31.36.0-255,66,106208,18,112210
2797,0.008229,74.125.24.0-255,2902,109110,18,112210
2798,0.008236,172.31.36.0-255,66,109176,18,112210
2799,0.008255,74.125.24.0-255,1484,110660,18,112210
2800,0.008267,74.125.24.0-255,1484,112144,18,112210
2801,0.00827,172.31.36.0-255,66,112210,18,112210
2802,0.0,216.58.221.0-255,226,226,18,116145
2803,1.8e-05,216.58.221.0-255,1484,1710,18,116145
2804,2.9e-05,172.31.36.0-255,66,1776,18,116145
2805,6e-05,216.58.221.0-255,1484,3260,18,116145
2806,0.000106,216.58.221.0-255,2902,6162,18,116145
2807,0.000108,172.31.36.0-255,66,6228,18,116145
2808,0.00021,216.58.221.0-255,5738,11966,18,116145
2809,0.000216,172.31.36.0-255,66,12032,18,116145
2810,0.00044,216.58.221.0-255,1990,14022,18,116145
2811,0.000464,172.31.36.0-255,66,14088,18,116145
2812,0.000504,216.58.221.0-255,1484,15572,18,116145
2813,0.00055,216.58.221.0-255,2902,18474,18,116145
2814,0.000572,172.31.36.0-255,66,18540,18,116145
2815,0.000649,216.58.221.0-255,4320,22860,18,116145
2816,0.000665,216.58.221.0-255,1484,24344,18,116145
2817,0.000682,172.31.36.0-255,66,24410,18,116145
2818,0.000858,216.58.221.0-255,6797,31207,18,116145
2819,0.000863,172.31.36.0-255,66,31273,18,116145
2820,0.001113,216.58.221.0-255,4320,35593,18,116145
2821,0.001119,172.31.36.0-255,66,35659,18,116145
2822,0.001152,216.58.221.0-255,5738,41397,18,116145
2823,0.001175,172.31.36.0-255,66,41463,18,116145
2824,0.001465,216.58.221.0-255,1484,42947,18,116145
2825,0.002242,216.58.221.0-255,5738,48685,18,116145
2826,0.002247,172.31.36.0-255,66,48751,18,116145
2827,0.002302,172.31.36.0-255,66,48817,18,116145
2828,0.00269,216.58.221.0-255,5738,54555,18,116145
2829,0.002695,172.31.36.0-255,66,54621,18,116145
2830,0.002738,172.31.36.0-255,66,54687,18,116145
2831,0.003251,216.58.221.0-255,5738,60425,18,116145
2832,0.003255,172.31.36.0-255,66,60491,18,116145
2833,0.003321,172.31.36.0-255,66,60557,18,116145
2834,0.003352,172.31.36.0-255,66,60623,18,116145
2835,0.004273,216.58.221.0-255,7156,67779,18,116145
2836,0.004278,172.31.36.0-255,66,67845,18,116145
2837,0.004322,172.31.36.0-255,66,67911,18,116145
2838,0.004722,216.58.221.0-255,4320,72231,18,116145
2839,0.004727,172.31.36.0-255,66,72297,18,116145
2840,0.004774,172.31.36.0-255,66,72363,18,116145
2841,0.004825,172.31.36.0-255,66,72429,18,116145
2842,0.005226,216.58.221.0-255,196,72625,18,116145
2843,0.005409,216.58.221.0-255,7156,79781,18,116145
2844,0.005414,172.31.36.0-255,66,79847,18,116145
2845,0.005467,172.31.36.0-255,66,79913,18,116145
2846,0.006296,216.58.221.0-255,5738,85651,18,116145
2847,0.006304,172.31.36.0-255,66,85717,18,116145
2848,0.006341,216.58.221.0-255,5868,91585,18,116145
2849,0.006346,172.31.36.0-255,66,91651,18,116145
2850,0.006765,172.31.36.0-255,66,91717,18,116145
2851,0.006845,172.31.36.0-255,66,91783,18,116145
2852,0.006882,172.31.36.0-255,66,91849,18,116145
2853,0.006936,216.58.221.0-255,1658,93507,18,116145
2854,0.006942,172.31.36.0-255,66,93573,18,116145
2855,0.006954,216.58.221.0-255,1484,95057,18,116145
2856,0.006994,172.31.36.0-255,66,95123,18,116145
2857,0.00704,172.31.36.0-255,66,95189,18,116145
2858,0.007099,216.58.221.0-255,4320,99509,18,116145
2859,0.007107,172.31.36.0-255,66,99575,18,116145
2860,0.007426,172.31.36.0-255,66,99641,18,116145
2861,0.007467,216.58.221.0-255,4320,103961,18,116145
2862,0.007474,172.31.36.0-255,66,104027,18,116145
2863,0.007528,216.58.221.0-255,2902,106929,18,116145
2864,0.007536,172.31.36.0-255,66,106995,18,116145
2865,0.00755,216.58.221.0-255,4320,111315,18,116145
2866,0.007558,172.31.36.0-255,66,111381,18,116145
2867,0.00777,216.58.221.0-255,4593,115974,18,116145
2868,0.007774,172.31.36.0-255,66,116040,18,116145
2869,0.008496,172.31.36.0-255,105,116145,18,116145
2870,0.0,172.217.194.0-255,143,143,18,172483
2871,3.8e-05,172.31.36.0-255,66,209,18,172483
2872,4.5e-05,172.217.194.0-255,1484,1693,18,172483
2873,5e-05,172.31.36.0-255,66,1759,18,172483
2874,5.6e-05,172.217.194.0-255,2902,4661,18,172483
2875,5.8e-05,172.31.36.0-255,66,4727,18,172483
2876,6.5e-05,172.217.194.0-255,7156,11883,18,172483
2877,7e-05,172.31.36.0-255,66,11949,18,172483
2878,7.3e-05,172.217.194.0-255,2099,14048,18,172483
2879,7.5e-05,172.31.36.0-255,66,14114,18,172483
2880,7.9e-05,172.217.194.0-255,1484,15598,18,172483
2881,8.2e-05,172.31.36.0-255,66,15664,18,172483
2882,0.000105,172.217.194.0-255,1484,17148,18,172483
2883,0.000108,172.31.36.0-255,66,17214,18,172483
2884,0.000113,172.217.194.0-255,4320,21534,18,172483
2885,0.000117,172.31.36.0-255,66,21600,18,172483
2886,0.000135,172.217.194.0-255,2902,24502,18,172483
2887,0.000137,172.31.36.0-255,66,24568,18,172483
2888,0.000144,172.217.194.0-255,6797,31365,18,172483
2889,0.000146,172.31.36.0-255,66,31431,18,172483
2890,0.000157,172.217.194.0-255,1484,32915,18,172483
2891,0.00016,172.31.36.0-255,66,32981,18,172483
2892,0.000165,172.217.194.0-255,2902,35883,18,172483
2893,0.000167,172.31.36.0-255,66,35949,18,172483
2894,0.000169,172.217.194.0-255,1484,37433,18,172483
2895,0.000171,172.31.36.0-255,66,37499,18,172483
2896,0.000196,172.217.194.0-255,4320,41819,18,172483
2897,0.000198,172.31.36.0-255,66,41885,18,172483
2898,0.000214,172.217.194.0-255,4320,46205,18,172483
2899,0.000218,172.31.36.0-255,66,46271,18,172483
2900,0.000236,172.217.194.0-255,2543,48814,18,172483
2901,0.000238,172.31.36.0-255,66,48880,18,172483
2902,0.001049,172.217.194.0-255,1484,50364,18,172483
2903,0.00106,172.217.194.0-255,2902,53266,18,172483
2904,0.001066,172.31.36.0-255,66,53332,18,172483
2905,0.001073,172.217.194.0-255,5738,59070,18,172483
2906,0.00108,172.217.194.0-255,6797,65867,18,172483
2907,0.001159,172.217.194.0-255,1484,67351,18,172483
2908,0.001164,172.217.194.0-255,2902,70253,18,172483
2909,0.001184,172.217.194.0-255,5738,75991,18,172483
2910,0.001231,172.217.194.0-255,7156,83147,18,172483
2911,0.001251,172.217.194.0-255,5379,88526,18,172483
2912,0.001272,172.217.194.0-255,2902,91428,18,172483
2913,0.001433,172.217.194.0-255,1484,92912,18,172483
2914,0.001453,172.217.194.0-255,2902,95814,18,172483
2915,0.001466,172.217.194.0-255,4320,100134,18,172483
2916,0.001485,172.217.194.0-255,1484,101618,18,172483
2917,0.001509,172.217.194.0-255,6783,108401,18,172483
2918,0.001539,172.217.194.0-255,7156,115557,18,172483
2919,0.001543,172.217.194.0-255,1484,117041,18,172483
2920,0.001558,172.217.194.0-255,2902,119943,18,172483
2921,0.001573,172.217.194.0-255,7156,127099,18,172483
2922,0.001594,172.217.194.0-255,5738,132837,18,172483
2923,0.002031,172.217.194.0-255,1484,134321,18,172483
2924,0.002036,172.217.194.0-255,2902,137223,18,172483
2925,0.002056,172.217.194.0-255,5738,142961,18,172483
2926,0.002072,172.217.194.0-255,5738,148699,18,172483
2927,0.00209,172.217.194.0-255,7156,155855,18,172483
2928,0.002134,172.217.194.0-255,5738,161593,18,172483
2929,0.002147,172.217.194.0-255,5020,166613,18,172483
2930,0.006662,172.31.36.0-255,66,166679,18,172483
2931,0.008774,172.217.194.0-255,5738,172417,18,172483
2932,0.008786,172.31.36.0-255,66,172483,18,172483
2933,0.0,172.217.194.0-255,152,152,18,101572
2934,2.8e-05,172.31.36.0-255,66,218,18,101572
2935,3.5e-05,172.217.194.0-255,1484,1702,18,101572
2936,3.9e-05,172.31.36.0-255,66,1768,18,101572
2937,5.7e-05,172.217.194.0-255,2902,4670,18,101572
2938,6e-05,172.31.36.0-255,66,4736,18,101572
2939,9.5e-05,172.217.194.0-255,5738,10474,18,101572
2940,9.8e-05,172.31.36.0-255,66,10540,18,101572
2941,0.000101,172.217.194.0-255,1484,12024,18,101572
2942,0.000103,172.31.36.0-255,66,12090,18,101572
2943,0.000152,172.31.36.0-255,66,12156,18,101572
2944,0.000159,172.217.194.0-255,7156,19312,18,101572
2945,0.000162,172.31.36.0-255,66,19378,18,101572
2946,0.00018,172.217.194.0-255,2543,21921,18,101572
2947,0.000183,172.31.36.0-255,66,21987,18,101572
2948,0.000207,172.217.194.0-255,1484,23471,18,101572
2949,0.00021,172.31.36.0-255,66,23537,18,101572
2950,0.000229,172.217.194.0-255,2902,26439,18,101572
2951,0.000232,172.31.36.0-255,66,26505,18,101572
2952,0.000237,172.217.194.0-255,5738,32243,18,101572
2953,0.000239,172.31.36.0-255,66,32309,18,101572
2954,0.000266,172.217.194.0-255,6797,39106,18,101572
2955,0.00027,172.31.36.0-255,66,39172,18,101572
2956,0.000314,172.217.194.0-255,4320,43492,18,101572
2957,0.000319,172.31.36.0-255,66,43558,18,101572
2958,0.000354,172.31.36.0-255,66,43624,18,101572
2959,0.000357,172.217.194.0-255,114,43738,18,101572
2960,0.00036,172.31.36.0-255,66,43804,18,101572
2961,0.000402,172.217.194.0-255,385,44189,18,101572
2962,0.000407,172.31.36.0-255,101,44290,18,101572
2963,0.000651,172.217.194.0-255,1484,45774,18,101572
2964,0.000656,172.31.36.0-255,66,45840,18,101572
2965,0.000676,172.217.194.0-255,2902,48742,18,101572
2966,0.00068,172.31.36.0-255,66,48808,18,101572
2967,0.000686,172.217.194.0-255,5738,54546,18,101572
2968,0.000688,172.31.36.0-255,66,54612,18,101572
2969,0.000695,172.217.194.0-255,5738,60350,18,101572
2970,0.000697,172.31.36.0-255,66,60416,18,101572
2971,0.000716,172.217.194.0-255,7156,67572,18,101572
2972,0.000719,172.31.36.0-255,66,67638,18,101572
2973,0.000731,172.31.36.0-255,66,67704,18,101572
2974,0.001598,172.217.194.0-255,1484,69188,18,101572
2975,0.001623,172.217.194.0-255,2902,72090,18,101572
2976,0.001627,172.31.36.0-255,66,72156,18,101572
2977,0.001634,172.217.194.0-255,5738,77894,18,101572
2978,0.001636,172.31.36.0-255,66,77960,18,101572
2979,0.001641,172.217.194.0-255,4320,82280,18,101572
2980,0.001645,172.31.36.0-255,66,82346,18,101572
2981,0.001669,172.31.36.0-255,66,82412,18,101572
2982,0.001695,172.217.194.0-255,2902,85314,18,101572
2983,0.001698,172.31.36.0-255,66,85380,18,101572
2984,0.001709,172.31.36.0-255,66,85446,18,101572
2985,0.00305,172.217.194.0-255,66,85512,18,101572
2986,0.004396,172.217.194.0-255,4320,89832,18,101572
2987,0.004401,172.31.36.0-255,66,89898,18,101572
2988,0.004427,172.217.194.0-255,1484,91382,18,101572
2989,0.007119,172.217.194.0-255,4320,95702,18,101572
2990,0.007124,172.31.36.0-255,66,95768,18,101572
2991,0.009825,172.217.194.0-255,5738,101506,18,101572
2992,0.009832,172.31.36.0-255,66,101572,18,101572
2993,0.0,172.217.194.0-255,146,146,18,129312
2994,2.5e-05,172.31.36.0-255,66,212,18,129312
2995,3.2e-05,172.217.194.0-255,1484,1696,18,129312
2996,3.7e-05,172.31.36.0-255,66,1762,18,129312
2997,4.3e-05,172.217.194.0-255,2902,4664,18,129312
2998,4.6e-05,172.31.36.0-255,66,4730,18,129312
2999,5.4e-05,172.217.194.0-255,7156,11886,18,129312
3000,5.8e-05,172.31.36.0-255,66,11952,18,129312
3001,6.2e-05,172.217.194.0-255,2080,14032,18,129312
3002,6.5e-05,172.31.36.0-255,66,14098,18,129312
3003,7.3e-05,172.217.194.0-255,7156,21254,18,129312
3004,7.6e-05,172.31.36.0-255,66,21320,18,129312
3005,9.6e-05,172.217.194.0-255,4320,25640,18,129312
3006,9.9e-05,172.31.36.0-255,66,25706,18,129312
3007,0.000105,172.217.194.0-255,5379,31085,18,129312
3008,0.000108,172.31.36.0-255,66,31151,18,129312
3009,0.000164,172.217.194.0-255,1484,32635,18,129312
3010,0.000166,172.31.36.0-255,66,32701,18,129312
3011,0.000171,172.217.194.0-255,2902,35603,18,129312
3012,0.000173,172.31.36.0-255,66,35669,18,129312
3013,0.000178,172.217.194.0-255,2902,38571,18,129312
3014,0.00018,172.31.36.0-255,66,38637,18,129312
3015,0.000207,172.217.194.0-255,2902,41539,18,129312
3016,0.000211,172.217.194.0-255,4320,45859,18,129312
3017,0.000231,172.31.36.0-255,66,45925,18,129312
3018,0.000234,172.31.36.0-255,66,45991,18,129312
3019,0.000266,172.31.36.0-255,66,46057,18,129312
3020,0.000273,172.217.194.0-255,7054,53111,18,129312
3021,0.000276,172.31.36.0-255,66,53177,18,129312
3022,0.000278,172.217.194.0-255,120,53297,18,129312
3023,0.00028,172.31.36.0-255,66,53363,18,129312
3024,0.000294,172.217.194.0-255,375,53738,18,129312
3025,0.000296,172.31.36.0-255,66,53804,18,129312
3026,0.000609,172.217.194.0-255,1484,55288,18,129312
3027,0.000615,172.31.36.0-255,66,55354,18,129312
3028,0.000621,172.217.194.0-255,2902,58256,18,129312
3029,0.000625,172.31.36.0-255,66,58322,18,129312
3030,0.000631,172.217.194.0-255,5738,64060,18,129312
3031,0.000633,172.31.36.0-255,66,64126,18,129312
3032,0.000674,172.31.36.0-255,66,64192,18,129312
3033,0.000686,172.31.36.0-255,66,64258,18,129312
3034,0.00071,172.217.194.0-255,1484,65742,18,129312
3035,0.000712,172.31.36.0-255,66,65808,18,129312
3036,0.000733,172.217.194.0-255,3602,69410,18,129312
3037,0.000735,172.31.36.0-255,66,69476,18,129312
3038,0.001605,172.217.194.0-255,1484,70960,18,129312
3039,0.001612,172.31.36.0-255,66,71026,18,129312
3040,0.001621,172.217.194.0-255,2902,73928,18,129312
3041,0.001623,172.31.36.0-255,66,73994,18,129312
3042,0.00163,172.217.194.0-255,5738,79732,18,129312
3043,0.001632,172.31.36.0-255,66,79798,18,129312
3044,0.001654,172.217.194.0-255,4320,84118,18,129312
3045,0.001656,172.31.36.0-255,66,84184,18,129312
3046,0.001687,172.31.36.0-255,66,84250,18,129312
3047,0.001699,172.31.36.0-255,66,84316,18,129312
3048,0.001702,172.217.194.0-255,766,85082,18,129312
3049,0.001704,172.31.36.0-255,66,85148,18,129312
3050,0.002012,172.217.194.0-255,1484,86632,18,129312
3051,0.002021,172.217.194.0-255,2902,89534,18,129312
3052,0.002026,172.217.194.0-255,2902,92436,18,129312
3053,0.00204,172.217.194.0-255,2902,95338,18,129312
3054,0.002059,172.217.194.0-255,4320,99658,18,129312
3055,0.002096,172.217.194.0-255,5738,105396,18,129312
3056,0.002112,172.217.194.0-255,5020,110416,18,129312
3057,0.002313,172.217.194.0-255,1484,111900,18,129312
3058,0.002321,172.217.194.0-255,2902,114802,18,129312
3059,0.002326,172.217.194.0-255,2902,117704,18,129312
3060,0.002341,172.217.194.0-255,2902,120606,18,129312
3061,0.002345,172.217.194.0-255,1484,122090,18,129312
3062,0.002363,172.217.194.0-255,7156,129246,18,129312
3063,0.007864,172.31.36.0-255,66,129312,18,129312
3064,0.0,34.213.241.0-255,97,97,18,260
3065,0.000182,172.31.36.0-255,97,194,18,260
3066,0.000195,172.31.36.0-255,66,260,18,260
3067,0.0,74.125.24.0-255,153,153,18,285069
3068,2.9e-05,172.31.36.0-255,66,219,18,285069
3069,3.6e-05,74.125.24.0-255,1484,1703,18,285069
3070,3.9e-05,172.31.36.0-255,66,1769,18,285069
3071,4.4e-05,74.125.24.0-255,2902,4671,18,285069
3072,5.5e-05,172.31.36.0-255,66,4737,18,285069
3073,6.2e-05,74.125.24.0-255,7156,11893,18,285069
3074,6.5e-05,172.31.36.0-255,66,11959,18,285069
3075,6.9e-05,74.125.24.0-255,2011,13970,18,285069
3076,7.2e-05,172.31.36.0-255,66,14036,18,285069
3077,0.000114,74.125.24.0-255,1484,15520,18,285069
3078,0.000117,172.31.36.0-255,66,15586,18,285069
3079,0.000148,74.125.24.0-255,2902,18488,18,285069
3080,0.000151,172.31.36.0-255,66,18554,18,285069
3081,0.000157,74.125.24.0-255,5738,24292,18,285069
3082,0.00016,172.31.36.0-255,66,24358,18,285069
3083,0.000176,74.125.24.0-255,6797,31155,18,285069
3084,0.000178,172.31.36.0-255,66,31221,18,285069
3085,0.000231,172.31.36.0-255,66,31287,18,285069
3086,0.000255,74.125.24.0-255,2543,33830,18,285069
3087,0.000258,172.31.36.0-255,66,33896,18,285069
3088,0.000534,74.125.24.0-255,1484,35380,18,285069
3089,0.000538,172.31.36.0-255,66,35446,18,285069
3090,0.000543,74.125.24.0-255,2902,38348,18,285069
3091,0.000546,172.31.36.0-255,66,38414,18,285069
3092,0.000558,74.125.24.0-255,5738,44152,18,285069
3093,0.000561,172.31.36.0-255,66,44218,18,285069
3094,0.000569,74.125.24.0-255,6797,51015,18,285069
3095,0.000571,172.31.36.0-255,66,51081,18,285069
3096,0.000612,74.125.24.0-255,645,51726,18,285069
3097,0.000615,172.31.36.0-255,66,51792,18,285069
3098,0.000822,74.125.24.0-255,1484,53276,18,285069
3099,0.000829,74.125.24.0-255,2902,56178,18,285069
3100,0.000832,172.31.36.0-255,66,56244,18,285069
3101,0.000852,74.125.24.0-255,4320,60564,18,285069
3102,0.000856,172.31.36.0-255,66,60630,18,285069
3103,0.000884,74.125.24.0-255,1484,62114,18,285069
3104,0.00089,74.125.24.0-255,4320,66434,18,285069
3105,0.000892,172.31.36.0-255,66,66500,18,285069
3106,0.000929,172.31.36.0-255,66,66566,18,285069
3107,0.000935,74.125.24.0-255,4320,70886,18,285069
3108,0.000937,172.31.36.0-255,66,70952,18,285069
3109,0.000967,74.125.24.0-255,3054,74006,18,285069
3110,0.00097,172.31.36.0-255,66,74072,18,285069
3111,0.001022,74.125.24.0-255,1484,75556,18,285069
3112,0.001028,74.125.24.0-255,2902,78458,18,285069
3113,0.00103,172.31.36.0-255,66,78524,18,285069
3114,0.001035,74.125.24.0-255,2902,81426,18,285069
3115,0.001037,172.31.36.0-255,66,81492,18,285069
3116,0.001057,74.125.24.0-255,2902,84394,18,285069
3117,0.00106,172.31.36.0-255,66,84460,18,285069
3118,0.001079,172.31.36.0-255,66,84526,18,285069
3119,0.001112,74.125.24.0-255,1484,86010,18,285069
3120,0.001119,74.125.24.0-255,7156,93166,18,285069
3121,0.001122,172.31.36.0-255,66,93232,18,285069
3122,0.001149,74.125.24.0-255,3602,96834,18,285069
3123,0.001153,172.31.36.0-255,66,96900,18,285069
3124,0.001188,74.125.24.0-255,2902,99802,18,285069
3125,0.001192,172.31.36.0-255,66,99868,18,285069
3126,0.001223,74.125.24.0-255,1484,101352,18,285069
3127,0.001229,74.125.24.0-255,5738,107090,18,285069
3128,0.001232,172.31.36.0-255,66,107156,18,285069
3129,0.001254,172.31.36.0-255,66,107222,18,285069
3130,0.001255,74.125.24.0-255,7156,114378,18,285069
3131,0.001258,172.31.36.0-255,66,114444,18,285069
3132,0.001283,74.125.24.0-255,5020,119464,18,285069
3133,0.001287,172.31.36.0-255,66,119530,18,285069
3134,0.001411,74.125.24.0-255,1484,121014,18,285069
3135,0.00143,74.125.24.0-255,2902,123916,18,285069
3136,0.001434,172.31.36.0-255,66,123982,18,285069
3137,0.00144,74.125.24.0-255,4320,128302,18,285069
3138,0.001442,172.31.36.0-255,66,128368,18,285069
3139,0.001462,74.125.24.0-255,1484,129852,18,285069
3140,0.001472,74.125.24.0-255,5738,135590,18,285069
3141,0.001474,172.31.36.0-255,66,135656,18,285069
3142,0.001491,74.125.24.0-255,7156,142812,18,285069
3143,0.001499,172.31.36.0-255,66,142878,18,285069
3144,0.001506,74.125.24.0-255,5738,148616,18,285069
3145,0.001508,172.31.36.0-255,66,148682,18,285069
3146,0.001555,74.125.24.0-255,5020,153702,18,285069
3147,0.00156,172.31.36.0-255,66,153768,18,285069
3148,0.001682,74.125.24.0-255,1484,155252,18,285069
3149,0.001697,74.125.24.0-255,2902,158154,18,285069
3150,0.0017,172.31.36.0-255,66,158220,18,285069
3151,0.001723,74.125.24.0-255,5738,163958,18,285069
3152,0.001727,172.31.36.0-255,66,164024,18,285069
3153,0.001764,74.125.24.0-255,4320,168344,18,285069
3154,0.001766,172.31.36.0-255,66,168410,18,285069
3155,0.001801,74.125.24.0-255,2543,170953,18,285069
3156,0.001804,172.31.36.0-255,66,171019,18,285069
3157,0.001819,172.31.36.0-255,66,171085,18,285069
3158,0.001823,74.125.24.0-255,4320,175405,18,285069
3159,0.001827,172.31.36.0-255,66,175471,18,285069
3160,0.001856,74.125.24.0-255,4320,179791,18,285069
3161,0.001859,172.31.36.0-255,66,179857,18,285069
3162,0.001897,172.31.36.0-255,66,179923,18,285069
3163,0.001953,74.125.24.0-255,1484,181407,18,285069
3164,0.001959,74.125.24.0-255,2902,184309,18,285069
3165,0.001963,172.31.36.0-255,66,184375,18,285069
3166,0.001992,74.125.24.0-255,5738,190113,18,285069
3167,0.001996,172.31.36.0-255,66,190179,18,285069
3168,0.001999,74.125.24.0-255,1484,191663,18,285069
3169,0.002031,74.125.24.0-255,5379,197042,18,285069
3170,0.002036,172.31.36.0-255,66,197108,18,285069
3171,0.002044,74.125.24.0-255,7156,204264,18,285069
3172,0.002048,172.31.36.0-255,66,204330,18,285069
3173,0.002053,74.125.24.0-255,2902,207232,18,285069
3174,0.002055,172.31.36.0-255,66,207298,18,285069
3175,0.002101,172.31.36.0-255,66,207364,18,285069
3176,0.002118,172.31.36.0-255,66,207430,18,285069
3177,0.002241,74.125.24.0-255,1484,208914,18,285069
3178,0.002258,74.125.24.0-255,2902,211816,18,285069
3179,0.002262,172.31.36.0-255,66,211882,18,285069
3180,0.002267,74.125.24.0-255,5738,217620,18,285069
3181,0.00227,172.31.36.0-255,66,217686,18,285069
3182,0.002308,74.125.24.0-255,5738,223424,18,285069
3183,0.002311,172.31.36.0-255,66,223490,18,285069
3184,0.002344,172.31.36.0-255,66,223556,18,285069
3185,0.002357,172.31.36.0-255,66,223622,18,285069
3186,0.002361,74.125.24.0-255,4320,227942,18,285069
3187,0.002364,172.31.36.0-255,66,228008,18,285069
3188,0.0024,172.31.36.0-255,66,228074,18,285069
3189,0.002586,74.125.24.0-255,1484,229558,18,285069
3190,0.002603,74.125.24.0-255,2902,232460,18,285069
3191,0.002605,172.31.36.0-255,66,232526,18,285069
3192,0.00261,74.125.24.0-255,2902,235428,18,285069
3193,0.002612,172.31.36.0-255,66,235494,18,285069
3194,0.002638,74.125.24.0-255,1484,236978,18,285069
3195,0.002658,74.125.24.0-255,4320,241298,18,285069
3196,0.002661,172.31.36.0-255,66,241364,18,285069
3197,0.002683,74.125.24.0-255,5738,247102,18,285069
3198,0.002685,172.31.36.0-255,66,247168,18,285069
3199,0.002689,74.125.24.0-255,2902,250070,18,285069
3200,0.002691,172.31.36.0-255,66,250136,18,285069
3201,0.002694,74.125.24.0-255,2902,253038,18,285069
3202,0.002696,172.31.36.0-255,66,253104,18,285069
3203,0.002726,74.125.24.0-255,4320,257424,18,285069
3204,0.002728,172.31.36.0-255,66,257490,18,285069
3205,0.002731,74.125.24.0-255,1484,258974,18,285069
3206,0.002734,74.125.24.0-255,1484,260458,18,285069
3207,0.002736,172.31.36.0-255,66,260524,18,285069
3208,0.002739,74.125.24.0-255,1484,262008,18,285069
3209,0.002741,74.125.24.0-255,766,262774,18,285069
3210,0.002744,172.31.36.0-255,66,262840,18,285069
3211,0.002789,74.125.24.0-255,1484,264324,18,285069
3212,0.00281,74.125.24.0-255,2902,267226,18,285069
3213,0.002812,172.31.36.0-255,66,267292,18,285069
3214,0.002815,74.125.24.0-255,1484,268776,18,285069
3215,0.002819,74.125.24.0-255,2902,271678,18,285069
3216,0.002821,172.31.36.0-255,66,271744,18,285069
3217,0.00285,74.125.24.0-255,4320,276064,18,285069
3218,0.002853,172.31.36.0-255,66,276130,18,285069
3219,0.00286,74.125.24.0-255,7156,283286,18,285069
3220,0.002862,172.31.36.0-255,66,283352,18,285069
3221,0.002864,74.125.24.0-255,1344,284696,18,285069
3222,0.002867,74.125.24.0-255,97,284793,18,285069
3223,0.002921,74.125.24.0-255,105,284898,18,285069
3224,0.007903,172.31.36.0-255,66,284964,18,285069
3225,0.007933,172.31.36.0-255,105,285069,18,285069
3226,0.0,172.217.194.0-255,153,153,18,168701
3227,2.4e-05,172.31.36.0-255,66,219,18,168701
3228,3.2e-05,172.217.194.0-255,1484,1703,18,168701
3229,3.6e-05,172.31.36.0-255,66,1769,18,168701
3230,4.3e-05,172.217.194.0-255,2902,4671,18,168701
3231,4.5e-05,172.31.36.0-255,66,4737,18,168701
3232,5.5e-05,172.217.194.0-255,7156,11893,18,168701
3233,5.8e-05,172.31.36.0-255,66,11959,18,168701
3234,9.8e-05,172.31.36.0-255,66,12025,18,168701
3235,0.000103,172.217.194.0-255,2902,14927,18,168701
3236,0.000105,172.31.36.0-255,66,14993,18,168701
3237,0.000122,172.217.194.0-255,3961,18954,18,168701
3238,0.000125,172.31.36.0-255,66,19020,18,168701
3239,0.000262,172.217.194.0-255,1484,20504,18,168701
3240,0.000266,172.31.36.0-255,66,20570,18,168701
3241,0.000285,172.217.194.0-255,2902,23472,18,168701
3242,0.000288,172.31.36.0-255,66,23538,18,168701
3243,0.000319,172.217.194.0-255,5738,29276,18,168701
3244,0.000322,172.31.36.0-255,66,29342,18,168701
3245,0.00033,172.217.194.0-255,7156,36498,18,168701
3246,0.000332,172.31.36.0-255,66,36564,18,168701
3247,0.000363,172.217.194.0-255,1484,38048,18,168701
3248,0.000365,172.31.36.0-255,66,38114,18,168701
3249,0.00039,172.31.36.0-255,66,38180,18,168701
3250,0.000422,172.217.194.0-255,2184,40364,18,168701
3251,0.000425,172.31.36.0-255,66,40430,18,168701
3252,0.000703,172.217.194.0-255,340,40770,18,168701
3253,0.00071,172.31.36.0-255,66,40836,18,168701
3254,0.000751,172.217.194.0-255,113,40949,18,168701
3255,0.000754,172.31.36.0-255,66,41015,18,168701
3256,0.001052,172.217.194.0-255,1484,42499,18,168701
3257,0.00106,172.217.194.0-255,2902,45401,18,168701
3258,0.001063,172.31.36.0-255,66,45467,18,168701
3259,0.001069,172.217.194.0-255,2902,48369,18,168701
3260,0.001071,172.31.36.0-255,66,48435,18,168701
3261,0.001086,172.217.194.0-255,2902,51337,18,168701
3262,0.001089,172.31.36.0-255,66,51403,18,168701
3263,0.001107,172.217.194.0-255,5738,57141,18,168701
3264,0.001109,172.31.36.0-255,66,57207,18,168701
3265,0.001113,172.217.194.0-255,1484,58691,18,168701
3266,0.001133,172.217.194.0-255,5738,64429,18,168701
3267,0.001135,172.31.36.0-255,66,64495,18,168701
3268,0.001158,172.217.194.0-255,5738,70233,18,168701
3269,0.001163,172.217.194.0-255,5020,75253,18,168701
3270,0.001167,172.31.36.0-255,66,75319,18,168701
3271,0.001171,172.31.36.0-255,66,75385,18,168701
3272,0.001226,172.31.36.0-255,66,75451,18,168701
3273,0.001252,172.217.194.0-255,5738,81189,18,168701
3274,0.001254,172.31.36.0-255,66,81255,18,168701
3275,0.001269,172.31.36.0-255,66,81321,18,168701
3276,0.001272,172.217.194.0-255,1484,82805,18,168701
3277,0.001306,172.31.36.0-255,66,82871,18,168701
3278,0.001339,172.31.36.0-255,66,82937,18,168701
3279,0.001367,172.217.194.0-255,7156,90093,18,168701
3280,0.001369,172.31.36.0-255,66,90159,18,168701
3281,0.001372,172.217.194.0-255,766,90925,18,168701
3282,0.001376,172.217.194.0-255,1484,92409,18,168701
3283,0.001378,172.31.36.0-255,66,92475,18,168701
3284,0.001384,172.217.194.0-255,4320,96795,18,168701
3285,0.001386,172.31.36.0-255,66,96861,18,168701
3286,0.001397,172.31.36.0-255,66,96927,18,168701
3287,0.00141,172.31.36.0-255,66,96993,18,168701
3288,0.001415,172.217.194.0-255,4320,101313,18,168701
3289,0.001417,172.31.36.0-255,66,101379,18,168701
3290,0.001437,172.217.194.0-255,2184,103563,18,168701
3291,0.00144,172.31.36.0-255,66,103629,18,168701
3292,0.001447,172.217.194.0-255,7156,110785,18,168701
3293,0.001449,172.31.36.0-255,66,110851,18,168701
3294,0.001452,172.217.194.0-255,1484,112335,18,168701
3295,0.001497,172.31.36.0-255,66,112401,18,168701
3296,0.0015,172.217.194.0-255,1484,113885,18,168701
3297,0.001515,172.217.194.0-255,2902,116787,18,168701
3298,0.001517,172.31.36.0-255,66,116853,18,168701
3299,0.001553,172.31.36.0-255,66,116919,18,168701
3300,0.001572,172.31.36.0-255,66,116985,18,168701
3301,0.001624,172.31.36.0-255,66,117051,18,168701
3302,0.001692,172.217.194.0-255,1484,118535,18,168701
3303,0.001695,172.217.194.0-255,1484,120019,18,168701
3304,0.001706,172.31.36.0-255,66,120085,18,168701
3305,0.00171,172.217.194.0-255,1484,121569,18,168701
3306,0.001717,172.217.194.0-255,5738,127307,18,168701
3307,0.001719,172.31.36.0-255,66,127373,18,168701
3308,0.001729,172.217.194.0-255,1484,128857,18,168701
3309,0.001749,172.217.194.0-255,5738,134595,18,168701
3310,0.00177,172.31.36.0-255,66,134661,18,168701
3311,0.001789,172.217.194.0-255,4320,138981,18,168701
3312,0.001802,172.217.194.0-255,5738,144719,18,168701
3313,0.001845,172.31.36.0-255,66,144785,18,168701
3314,0.001852,172.217.194.0-255,6438,151223,18,168701
3315,0.001862,172.31.36.0-255,66,151289,18,168701
3316,0.003959,172.217.194.0-255,5738,157027,18,168701
3317,0.003967,172.31.36.0-255,66,157093,18,168701
3318,0.00612,172.217.194.0-255,5738,162831,18,168701
3319,0.006133,172.31.36.0-255,66,162897,18,168701
3320,0.008267,172.217.194.0-255,5738,168635,18,168701
3321,0.008271,172.31.36.0-255,66,168701,18,168701
3322,0.0,172.217.27.0-255,146,146,18,164471
3323,1.7e-05,172.31.36.0-255,66,212,18,164471
3324,2.5e-05,172.217.27.0-255,1484,1696,18,164471
3325,3e-05,172.31.36.0-255,66,1762,18,164471
3326,4.3e-05,172.217.27.0-255,2902,4664,18,164471
3327,4.7e-05,172.31.36.0-255,66,4730,18,164471
3328,5.3e-05,172.217.27.0-255,4320,9050,18,164471
3329,5.6e-05,172.31.36.0-255,66,9116,18,164471
3330,6.2e-05,172.217.27.0-255,4848,13964,18,164471
3331,6.5e-05,172.31.36.0-255,66,14030,18,164471
3332,6.8e-05,172.217.27.0-255,1484,15514,18,164471
3333,7.1e-05,172.31.36.0-255,66,15580,18,164471
3334,7.6e-05,172.217.27.0-255,2902,18482,18,164471
3335,7.8e-05,172.31.36.0-255,66,18548,18,164471
3336,8.1e-05,172.217.27.0-255,1484,20032,18,164471
3337,8.3e-05,172.31.36.0-255,66,20098,18,164471
3338,0.00011,172.217.27.0-255,2902,23000,18,164471
3339,0.000113,172.31.36.0-255,66,23066,18,164471
3340,0.00012,172.217.27.0-255,5738,28804,18,164471
3341,0.000123,172.31.36.0-255,66,28870,18,164471
3342,0.000127,172.217.27.0-255,2543,31413,18,164471
3343,0.00013,172.31.36.0-255,66,31479,18,164471
3344,0.000208,172.217.27.0-255,1484,32963,18,164471
3345,0.000211,172.31.36.0-255,66,33029,18,164471
3346,0.000216,172.217.27.0-255,2902,35931,18,164471
3347,0.000218,172.31.36.0-255,66,35997,18,164471
3348,0.000221,172.217.27.0-255,1484,37481,18,164471
3349,0.000223,172.31.36.0-255,66,37547,18,164471
3350,0.000255,172.217.27.0-255,2902,40449,18,164471
3351,0.000259,172.217.27.0-255,4320,44769,18,164471
3352,0.000264,172.31.36.0-255,66,44835,18,164471
3353,0.000267,172.31.36.0-255,66,44901,18,164471
3354,0.000282,172.217.27.0-255,4320,49221,18,164471
3355,0.000288,172.31.36.0-255,66,49287,18,164471
3356,0.000312,172.217.27.0-255,1125,50412,18,164471
3357,0.000334,172.31.36.0-255,66,50478,18,164471
3358,0.000337,172.217.27.0-255,396,50874,18,164471
3359,0.000623,172.217.27.0-255,114,50988,18,164471
3360,0.000758,172.217.27.0-255,1484,52472,18,164471
3361,0.000763,172.31.36.0-255,66,52538,18,164471
3362,0.000769,172.217.27.0-255,2902,55440,18,164471
3363,0.000772,172.31.36.0-255,66,55506,18,164471
3364,0.000798,172.217.27.0-255,1484,56990,18,164471
3365,0.000803,172.217.27.0-255,2902,59892,18,164471
3366,0.000807,172.31.36.0-255,66,59958,18,164471
3367,0.000816,172.217.27.0-255,4320,64278,18,164471
3368,0.000818,172.31.36.0-255,66,64344,18,164471
3369,0.000851,172.217.27.0-255,3961,68305,18,164471
3370,0.000853,172.31.36.0-255,66,68371,18,164471
3371,0.000858,172.217.27.0-255,4320,72691,18,164471
3372,0.00086,172.31.36.0-255,66,72757,18,164471
3373,0.000876,172.31.36.0-255,66,72823,18,164471
3374,0.000887,172.217.27.0-255,1484,74307,18,164471
3375,0.000892,172.217.27.0-255,2543,76850,18,164471
3376,0.000898,172.31.36.0-255,66,76916,18,164471
3377,0.000902,172.217.27.0-255,1484,78400,18,164471
3378,0.000923,172.217.27.0-255,1484,79884,18,164471
3379,0.000926,172.31.36.0-255,66,79950,18,164471
3380,0.000934,172.217.27.0-255,7156,87106,18,164471
3381,0.000937,172.31.36.0-255,66,87172,18,164471
3382,0.000945,172.217.27.0-255,4320,91492,18,164471
3383,0.000948,172.31.36.0-255,66,91558,18,164471
3384,0.00099,172.217.27.0-255,2227,93785,18,164471
3385,0.000993,172.31.36.0-255,66,93851,18,164471
3386,0.001048,172.217.27.0-255,1484,95335,18,164471
3387,0.001055,172.217.27.0-255,2902,98237,18,164471
3388,0.001058,172.31.36.0-255,66,98303,18,164471
3389,0.001089,172.217.27.0-255,5738,104041,18,164471
3390,0.001092,172.31.36.0-255,66,104107,18,164471
3391,0.001103,172.31.36.0-255,66,104173,18,164471
3392,0.001119,172.31.36.0-255,66,104239,18,164471
3393,0.001144,172.217.27.0-255,5020,109259,18,164471
3394,0.001147,172.31.36.0-255,66,109325,18,164471
3395,0.001447,172.217.27.0-255,1484,110809,18,164471
3396,0.001454,172.217.27.0-255,2902,113711,18,164471
3397,0.001457,172.31.36.0-255,66,113777,18,164471
3398,0.001462,172.217.27.0-255,2902,116679,18,164471
3399,0.001464,172.31.36.0-255,66,116745,18,164471
3400,0.001499,172.217.27.0-255,2902,119647,18,164471
3401,0.001502,172.31.36.0-255,66,119713,18,164471
3402,0.00152,172.31.36.0-255,66,119779,18,164471
3403,0.001531,172.31.36.0-255,66,119845,18,164471
3404,0.001534,172.217.27.0-255,766,120611,18,164471
3405,0.001602,172.217.27.0-255,1484,122095,18,164471
3406,0.001606,172.31.36.0-255,66,122161,18,164471
3407,0.001612,172.217.27.0-255,2902,125063,18,164471
3408,0.001614,172.31.36.0-255,66,125129,18,164471
3409,0.001618,172.217.27.0-255,2902,128031,18,164471
3410,0.001624,172.31.36.0-255,66,128097,18,164471
3411,0.001658,172.217.27.0-255,2902,130999,18,164471
3412,0.001661,172.31.36.0-255,66,131065,18,164471
3413,0.001666,172.217.27.0-255,4320,135385,18,164471
3414,0.001669,172.31.36.0-255,66,135451,18,164471
3415,0.003301,172.217.27.0-255,5738,141189,18,164471
3416,0.003308,172.31.36.0-255,66,141255,18,164471
3417,0.00494,172.217.27.0-255,5738,146993,18,164471
3418,0.004944,172.31.36.0-255,66,147059,18,164471
3419,0.00657,172.217.27.0-255,5738,152797,18,164471
3420,0.006575,172.31.36.0-255,66,152863,18,164471
3421,0.008202,172.217.27.0-255,5738,158601,18,164471
3422,0.008207,172.31.36.0-255,66,158667,18,164471
3423,0.009855,172.217.27.0-255,5738,164405,18,164471
3424,0.009862,172.31.36.0-255,66,164471,18,164471
3425,0.0,74.125.130.0-255,143,143,18,139754
3426,3.8e-05,172.31.36.0-255,66,209,18,139754
3427,4.6e-05,74.125.130.0-255,1484,1693,18,139754
3428,5.1e-05,172.31.36.0-255,66,1759,18,139754
3429,5.6e-05,74.125.130.0-255,2902,4661,18,139754
3430,5.9e-05,172.31.36.0-255,66,4727,18,139754
3431,6.2e-05,74.125.130.0-255,1484,6211,18,139754
3432,6.4e-05,172.31.36.0-255,66,6277,18,139754
3433,9.3e-05,74.125.130.0-255,4320,10597,18,139754
3434,9.5e-05,172.31.36.0-255,66,10663,18,139754
3435,0.000101,74.125.130.0-255,3492,14155,18,139754
3436,0.000103,172.31.36.0-255,66,14221,18,139754
3437,0.000217,74.125.130.0-255,1484,15705,18,139754
3438,0.000222,172.31.36.0-255,66,15771,18,139754
3439,0.00024,74.125.130.0-255,1484,17255,18,139754
3440,0.000243,172.31.36.0-255,66,17321,18,139754
3441,0.000262,74.125.130.0-255,1484,18805,18,139754
3442,0.000264,172.31.36.0-255,66,18871,18,139754
3443,0.000269,74.125.130.0-255,2902,21773,18,139754
3444,0.000272,172.31.36.0-255,66,21839,18,139754
3445,0.000277,74.125.130.0-255,4320,26159,18,139754
3446,0.000279,172.31.36.0-255,66,26225,18,139754
3447,0.000283,74.125.130.0-255,1484,27709,18,139754
3448,0.000285,172.31.36.0-255,66,27775,18,139754
3449,0.000306,74.125.130.0-255,3961,31736,18,139754
3450,0.000309,172.31.36.0-255,66,31802,18,139754
3451,0.000312,74.125.130.0-255,1484,33286,18,139754
3452,0.000316,172.31.36.0-255,66,33352,18,139754
3453,0.000329,74.125.130.0-255,4320,37672,18,139754
3454,0.000331,172.31.36.0-255,66,37738,18,139754
3455,0.000334,74.125.130.0-255,1484,39222,18,139754
3456,0.000336,172.31.36.0-255,66,39288,18,139754
3457,0.000364,74.125.130.0-255,5738,45026,18,139754
3458,0.000367,172.31.36.0-255,66,45092,18,139754
3459,0.000403,74.125.130.0-255,3961,49053,18,139754
3460,0.000409,172.31.36.0-255,66,49119,18,139754
3461,0.002109,74.125.130.0-255,1484,50603,18,139754
3462,0.00212,74.125.130.0-255,2902,53505,18,139754
3463,0.002124,172.31.36.0-255,66,53571,18,139754
3464,0.00213,74.125.130.0-255,2902,56473,18,139754
3465,0.002132,172.31.36.0-255,66,56539,18,139754
3466,0.002149,74.125.130.0-255,2902,59441,18,139754
3467,0.002151,172.31.36.0-255,66,59507,18,139754
3468,0.002156,74.125.130.0-255,4320,63827,18,139754
3469,0.002158,172.31.36.0-255,66,63893,18,139754
3470,0.002196,74.125.130.0-255,5379,69272,18,139754
3471,0.002198,172.31.36.0-255,66,69338,18,139754
3472,0.002203,74.125.130.0-255,2902,72240,18,139754
3473,0.002204,172.31.36.0-255,66,72306,18,139754
3474,0.002226,74.125.130.0-255,2902,75208,18,139754
3475,0.002229,172.31.36.0-255,66,75274,18,139754
3476,0.002236,74.125.130.0-255,7156,82430,18,139754
3477,0.002238,172.31.36.0-255,66,82496,18,139754
3478,0.002263,74.125.130.0-255,5738,88234,18,139754
3479,0.002265,172.31.36.0-255,66,88300,18,139754
3480,0.00227,74.125.130.0-255,4320,92620,18,139754
3481,0.002272,172.31.36.0-255,66,92686,18,139754
3482,0.002283,74.125.130.0-255,2902,95588,18,139754
3483,0.002285,172.31.36.0-255,66,95654,18,139754
3484,0.002309,74.125.130.0-255,2902,98556,18,139754
3485,0.00232,74.125.130.0-255,2184,100740,18,139754
3486,0.002401,74.125.130.0-255,1484,102224,18,139754
3487,0.002416,74.125.130.0-255,2902,105126,18,139754
3488,0.002431,74.125.130.0-255,5738,110864,18,139754
3489,0.002454,74.125.130.0-255,2902,113766,18,139754
3490,0.002469,74.125.130.0-255,3846,117612,18,139754
3491,0.002472,74.125.130.0-255,212,117824,18,139754
3492,0.002539,74.125.130.0-255,1484,119308,18,139754
3493,0.002553,74.125.130.0-255,1484,120792,18,139754
3494,0.002566,74.125.130.0-255,2902,123694,18,139754
3495,0.002589,74.125.130.0-255,4320,128014,18,139754
3496,0.002598,74.125.130.0-255,1484,129498,18,139754
3497,0.002609,74.125.130.0-255,2902,132400,18,139754
3498,0.002624,74.125.130.0-255,1484,133884,18,139754
3499,0.006118,172.31.36.0-255,66,133950,18,139754
3500,0.008698,74.125.130.0-255,5738,139688,18,139754
3501,0.008705,172.31.36.0-255,66,139754,18,139754
3502,0.0,172.217.194.0-255,153,153,18,172065
3503,1.5e-05,172.217.194.0-255,1484,1637,18,172065
3504,2.4e-05,172.31.36.0-255,66,1703,18,172065
3505,3.4e-05,172.217.194.0-255,2902,4605,18,172065
3506,3.7e-05,172.31.36.0-255,66,4671,18,172065
3507,4.3e-05,172.217.194.0-255,4320,8991,18,172065
3508,4.6e-05,172.31.36.0-255,66,9057,18,172065
3509,6.6e-05,172.217.194.0-255,2902,11959,18,172065
3510,6.8e-05,172.31.36.0-255,66,12025,18,172065
3511,7.3e-05,172.217.194.0-255,1992,14017,18,172065
3512,7.6e-05,172.31.36.0-255,66,14083,18,172065
3513,9e-05,172.31.36.0-255,66,14149,18,172065
3514,9.6e-05,172.217.194.0-255,4320,18469,18,172065
3515,9.8e-05,172.31.36.0-255,66,18535,18,172065
3516,0.000112,172.217.194.0-255,1125,19660,18,172065
3517,0.000199,172.217.194.0-255,1484,21144,18,172065
3518,0.000202,172.31.36.0-255,66,21210,18,172065
3519,0.000222,172.217.194.0-255,2902,24112,18,172065
3520,0.000224,172.31.36.0-255,66,24178,18,172065
3521,0.000231,172.217.194.0-255,5738,29916,18,172065
3522,0.000233,172.31.36.0-255,66,29982,18,172065
3523,0.00028,172.31.36.0-255,66,30048,18,172065
3524,0.000291,172.31.36.0-255,66,30114,18,172065
3525,0.000338,172.217.194.0-255,1713,31827,18,172065
3526,0.000341,172.31.36.0-255,66,31893,18,172065
3527,0.000407,172.217.194.0-255,1484,33377,18,172065
3528,0.000412,172.217.194.0-255,2902,36279,18,172065
3529,0.000415,172.31.36.0-255,66,36345,18,172065
3530,0.000418,172.217.194.0-255,1484,37829,18,172065
3531,0.000435,172.217.194.0-255,2902,40731,18,172065
3532,0.000437,172.31.36.0-255,66,40797,18,172065
3533,0.000444,172.217.194.0-255,5738,46535,18,172065
3534,0.000446,172.31.36.0-255,66,46601,18,172065
3535,0.000452,172.217.194.0-255,5738,52339,18,172065
3536,0.000454,172.31.36.0-255,66,52405,18,172065
3537,0.000476,172.217.194.0-255,6797,59202,18,172065
3538,0.000479,172.31.36.0-255,66,59268,18,172065
3539,0.000486,172.217.194.0-255,6797,66065,18,172065
3540,0.000488,172.31.36.0-255,66,66131,18,172065
3541,0.000668,172.217.194.0-255,1484,67615,18,172065
3542,0.000675,172.217.194.0-255,2902,70517,18,172065
3543,0.000679,172.31.36.0-255,66,70583,18,172065
3544,0.000711,172.217.194.0-255,5738,76321,18,172065
3545,0.000714,172.31.36.0-255,66,76387,18,172065
3546,0.000719,172.217.194.0-255,2902,79289,18,172065
3547,0.000721,172.31.36.0-255,66,79355,18,172065
3548,0.00075,172.31.36.0-255,66,79421,18,172065
3549,0.000763,172.217.194.0-255,1484,80905,18,172065
3550,0.00079,172.31.36.0-255,66,80971,18,172065
3551,0.000819,172.31.36.0-255,66,81037,18,172065
3552,0.000835,172.31.36.0-255,66,81103,18,172065
3553,0.00084,172.217.194.0-255,2902,84005,18,172065
3554,0.000843,172.31.36.0-255,66,84071,18,172065
3555,0.000869,172.217.194.0-255,3602,87673,18,172065
3556,0.000873,172.31.36.0-255,66,87739,18,172065
3557,0.000879,172.217.194.0-255,5738,93477,18,172065
3558,0.000881,172.31.36.0-255,66,93543,18,172065
3559,0.000893,172.217.194.0-255,1484,95027,18,172065
3560,0.000905,172.31.36.0-255,66,95093,18,172065
3561,0.00099,172.31.36.0-255,66,95159,18,172065
3562,0.000994,172.217.194.0-255,218,95377,18,172065
3563,0.001265,172.217.194.0-255,1484,96861,18,172065
3564,0.001271,172.31.36.0-255,66,96927,18,172065
3565,0.001278,172.217.194.0-255,2902,99829,18,172065
3566,0.001281,172.31.36.0-255,66,99895,18,172065
3567,0.001287,172.217.194.0-255,4320,104215,18,172065
3568,0.001289,172.31.36.0-255,66,104281,18,172065
3569,0.001307,172.217.194.0-255,1484,105765,18,172065
3570,0.00134,172.31.36.0-255,66,105831,18,172065
3571,0.001345,172.217.194.0-255,2902,108733,18,172065
3572,0.001347,172.31.36.0-255,66,108799,18,172065
3573,0.001369,172.31.36.0-255,66,108865,18,172065
3574,0.002109,172.217.194.0-255,1484,110349,18,172065
3575,0.002117,172.217.194.0-255,2902,113251,18,172065
3576,0.002122,172.31.36.0-255,66,113317,18,172065
3577,0.002129,172.217.194.0-255,5738,119055,18,172065
3578,0.002132,172.31.36.0-255,66,119121,18,172065
3579,0.002171,172.31.36.0-255,66,119187,18,172065
3580,0.002202,172.217.194.0-255,766,119953,18,172065
3581,0.002468,172.217.194.0-255,1484,121437,18,172065
3582,0.002472,172.217.194.0-255,2902,124339,18,172065
3583,0.002486,172.217.194.0-255,2902,127241,18,172065
3584,0.002506,172.217.194.0-255,2902,130143,18,172065
3585,0.002509,172.217.194.0-255,1484,131627,18,172065
3586,0.002554,172.217.194.0-255,7156,138783,18,172065
3587,0.002588,172.217.194.0-255,3602,142385,18,172065
3588,0.002608,172.217.194.0-255,4320,146705,18,172065
3589,0.002611,172.217.194.0-255,1484,148189,18,172065
3590,0.002641,172.217.194.0-255,4320,152509,18,172065
3591,0.002658,172.217.194.0-255,1484,153993,18,172065
3592,0.002696,172.217.194.0-255,5738,159731,18,172065
3593,0.002736,172.217.194.0-255,4320,164051,18,172065
3594,0.002828,172.217.194.0-255,766,164817,18,172065
3595,0.00286,172.217.194.0-255,3602,168419,18,172065
3596,0.002862,172.217.194.0-255,1484,169903,18,172065
3597,0.002866,172.217.194.0-255,1886,171789,18,172065
3598,0.002891,172.217.194.0-255,105,171894,18,172065
3599,0.004537,172.31.36.0-255,66,171960,18,172065
3600,0.007535,172.31.36.0-255,105,172065,18,172065
3601,0.0,74.125.68.0-255,150,150,18,251993
3602,1.9e-05,74.125.68.0-255,1484,1634,18,251993
3603,3.1e-05,172.31.36.0-255,66,1700,18,251993
3604,4e-05,74.125.68.0-255,2902,4602,18,251993
3605,4.4e-05,172.31.36.0-255,66,4668,18,251993
3606,5e-05,74.125.68.0-255,4320,8988,18,251993
3607,5.3e-05,172.31.36.0-255,66,9054,18,251993
3608,5.9e-05,74.125.68.0-255,4837,13891,18,251993
3609,6.2e-05,172.31.36.0-255,66,13957,18,251993
3610,8.2e-05,74.125.68.0-255,1484,15441,18,251993
3611,8.7e-05,74.125.68.0-255,2902,18343,18,251993
3612,9e-05,172.31.36.0-255,66,18409,18,251993
3613,0.00011,74.125.68.0-255,4320,22729,18,251993
3614,0.000113,172.31.36.0-255,66,22795,18,251993
3615,0.000129,74.125.68.0-255,1484,24279,18,251993
3616,0.000153,74.125.68.0-255,4320,28599,18,251993
3617,0.000156,172.31.36.0-255,66,28665,18,251993
3618,0.000188,74.125.68.0-255,2543,31208,18,251993
3619,0.00019,172.31.36.0-255,66,31274,18,251993
3620,0.000224,74.125.68.0-255,1484,32758,18,251993
3621,0.000241,74.125.68.0-255,2902,35660,18,251993
3622,0.000244,172.31.36.0-255,66,35726,18,251993
3623,0.000263,74.125.68.0-255,5738,41464,18,251993
3624,0.000266,172.31.36.0-255,66,41530,18,251993
3625,0.000291,74.125.68.0-255,4320,45850,18,251993
3626,0.000293,172.31.36.0-255,66,45916,18,251993
3627,0.000312,74.125.68.0-255,2543,48459,18,251993
3628,0.000315,172.31.36.0-255,66,48525,18,251993
3629,0.000345,74.125.68.0-255,2902,51427,18,251993
3630,0.000348,172.31.36.0-255,66,51493,18,251993
3631,0.000361,74.125.68.0-255,2902,54395,18,251993
3632,0.000363,172.31.36.0-255,66,54461,18,251993
3633,0.000395,74.125.68.0-255,7156,61617,18,251993
3634,0.000398,172.31.36.0-255,66,61683,18,251993
3635,0.000445,74.125.68.0-255,4271,65954,18,251993
3636,0.000448,172.31.36.0-255,66,66020,18,251993
3637,0.000452,74.125.68.0-255,376,66396,18,251993
3638,0.000568,74.125.68.0-255,1484,67880,18,251993
3639,0.000572,172.31.36.0-255,66,67946,18,251993
3640,0.000577,74.125.68.0-255,1484,69430,18,251993
3641,0.000593,74.125.68.0-255,1484,70914,18,251993
3642,0.000595,172.31.36.0-255,66,70980,18,251993
3643,0.000602,74.125.68.0-255,5738,76718,18,251993
3644,0.000604,172.31.36.0-255,66,76784,18,251993
3645,0.000633,74.125.68.0-255,2902,79686,18,251993
3646,0.000637,172.31.36.0-255,66,79752,18,251993
3647,0.000655,74.125.68.0-255,2902,82654,18,251993
3648,0.000658,172.31.36.0-255,66,82720,18,251993
3649,0.000681,74.125.68.0-255,7156,89876,18,251993
3650,0.000684,172.31.36.0-255,66,89942,18,251993
3651,0.000749,172.31.36.0-255,66,90008,18,251993
3652,0.000823,74.125.68.0-255,1484,91492,18,251993
3653,0.000829,74.125.68.0-255,2902,94394,18,251993
3654,0.000831,172.31.36.0-255,66,94460,18,251993
3655,0.000858,74.125.68.0-255,5738,100198,18,251993
3656,0.000861,172.31.36.0-255,66,100264,18,251993
3657,0.000889,74.125.68.0-255,1484,101748,18,251993
3658,0.000908,172.31.36.0-255,66,101814,18,251993
3659,0.000979,74.125.68.0-255,5738,107552,18,251993
3660,0.000984,172.31.36.0-255,66,107618,18,251993
3661,0.001003,74.125.68.0-255,5738,113356,18,251993
3662,0.001006,172.31.36.0-255,66,113422,18,251993
3663,0.001051,74.125.68.0-255,2184,115606,18,251993
3664,0.001054,172.31.36.0-255,66,115672,18,251993
3665,0.001087,74.125.68.0-255,5738,121410,18,251993
3666,0.00109,172.31.36.0-255,66,121476,18,251993
3667,0.001119,172.31.36.0-255,66,121542,18,251993
3668,0.001202,172.31.36.0-255,66,121608,18,251993
3669,0.001223,74.125.68.0-255,4320,125928,18,251993
3670,0.001226,172.31.36.0-255,66,125994,18,251993
3671,0.001304,74.125.68.0-255,3602,129596,18,251993
3672,0.001308,172.31.36.0-255,66,129662,18,251993
3673,0.001347,74.125.68.0-255,7156,136818,18,251993
3674,0.00135,172.31.36.0-255,66,136884,18,251993
3675,0.00138,172.31.36.0-255,66,136950,18,251993
3676,0.001456,74.125.68.0-255,2902,139852,18,251993
3677,0.001459,172.31.36.0-255,66,139918,18,251993
3678,0.001485,172.31.36.0-255,66,139984,18,251993
3679,0.001503,74.125.68.0-255,3602,143586,18,251993
3680,0.001506,172.31.36.0-255,66,143652,18,251993
3681,0.001595,74.125.68.0-255,7156,150808,18,251993
3682,0.001599,172.31.36.0-255,66,150874,18,251993
3683,0.001623,172.31.36.0-255,66,150940,18,251993
3684,0.001659,172.31.36.0-255,66,151006,18,251993
3685,0.00186,74.125.68.0-255,7156,158162,18,251993
3686,0.001865,172.31.36.0-255,66,158228,18,251993
3687,0.001905,172.31.36.0-255,66,158294,18,251993
3688,0.002099,74.125.68.0-255,1484,159778,18,251993
3689,0.002117,74.125.68.0-255,2902,162680,18,251993
3690,0.00212,172.31.36.0-255,66,162746,18,251993
3691,0.002126,74.125.68.0-255,2902,165648,18,251993
3692,0.002128,172.31.36.0-255,66,165714,18,251993
3693,0.002144,74.125.68.0-255,2902,168616,18,251993
3694,0.002146,172.31.36.0-255,66,168682,18,251993
3695,0.002178,74.125.68.0-255,1484,170166,18,251993
3696,0.002241,172.31.36.0-255,66,170232,18,251993
3697,0.002279,74.125.68.0-255,4320,174552,18,251993
3698,0.002283,172.31.36.0-255,66,174618,18,251993
3699,0.002304,74.125.68.0-255,5738,180356,18,251993
3700,0.002307,172.31.36.0-255,66,180422,18,251993
3701,0.002335,74.125.68.0-255,766,181188,18,251993
3702,0.002363,74.125.68.0-255,4320,185508,18,251993
3703,0.002367,172.31.36.0-255,66,185574,18,251993
3704,0.002394,172.31.36.0-255,66,185640,18,251993
3705,0.002471,74.125.68.0-255,5738,191378,18,251993
3706,0.002475,172.31.36.0-255,66,191444,18,251993
3707,0.002497,74.125.68.0-255,5738,197182,18,251993
3708,0.002499,172.31.36.0-255,66,197248,18,251993
3709,0.002551,74.125.68.0-255,1484,198732,18,251993
3710,0.002555,74.125.68.0-255,1484,200216,18,251993
3711,0.002558,172.31.36.0-255,66,200282,18,251993
3712,0.002583,74.125.68.0-255,1484,201766,18,251993
3713,0.00259,74.125.68.0-255,5020,206786,18,251993
3714,0.002594,172.31.36.0-255,66,206852,18,251993
3715,0.002627,74.125.68.0-255,4320,211172,18,251993
3716,0.00263,172.31.36.0-255,66,211238,18,251993
3717,0.002647,74.125.68.0-255,2902,214140,18,251993
3718,0.00265,172.31.36.0-255,66,214206,18,251993
3719,0.002669,74.125.68.0-255,1484,215690,18,251993
3720,0.002722,172.31.36.0-255,66,215756,18,251993
3721,0.002823,74.125.68.0-255,5738,221494,18,251993
3722,0.00284,74.125.68.0-255,2184,223678,18,251993
3723,0.002881,74.125.68.0-255,4320,227998,18,251993
3724,0.003009,74.125.68.0-255,1484,229482,18,251993
3725,0.003028,74.125.68.0-255,4320,233802,18,251993
3726,0.003045,74.125.68.0-255,4320,238122,18,251993
3727,0.003095,74.125.68.0-255,4320,242442,18,251993
3728,0.003111,74.125.68.0-255,2184,244626,18,251993
3729,0.003133,74.125.68.0-255,1484,246110,18,251993
3730,0.003148,74.125.68.0-255,1484,247594,18,251993
3731,0.003155,74.125.68.0-255,3467,251061,18,251993
3732,0.003157,74.125.68.0-255,105,251166,18,251993
3733,0.006344,172.31.36.0-255,66,251232,18,251993
3734,0.006349,172.31.36.0-255,66,251298,18,251993
3735,0.006352,172.31.36.0-255,66,251364,18,251993
3736,0.006355,172.31.36.0-255,66,251430,18,251993
3737,0.006378,172.31.36.0-255,66,251496,18,251993
3738,0.006381,172.31.36.0-255,66,251562,18,251993
3739,0.006384,172.31.36.0-255,66,251628,18,251993
3740,0.006387,172.31.36.0-255,66,251694,18,251993
3741,0.006391,172.31.36.0-255,66,251760,18,251993
3742,0.006394,172.31.36.0-255,66,251826,18,251993
3743,0.006787,172.31.36.0-255,101,251927,18,251993
3744,0.00905,74.125.68.0-255,66,251993,18,251993
3745,0.0,172.253.118.0-255,152,152,18,230103
3746,2.3e-05,172.31.36.0-255,66,218,18,230103
3747,3.1e-05,172.253.118.0-255,1484,1702,18,230103
3748,3.5e-05,172.31.36.0-255,66,1768,18,230103
3749,3.9e-05,172.253.118.0-255,2902,4670,18,230103
3750,5.3e-05,172.31.36.0-255,66,4736,18,230103
3751,6e-05,172.253.118.0-255,7156,11892,18,230103
3752,6.3e-05,172.31.36.0-255,66,11958,18,230103
3753,6.6e-05,172.253.118.0-255,2054,14012,18,230103
3754,6.9e-05,172.31.36.0-255,66,14078,18,230103
3755,0.000113,172.253.118.0-255,2902,16980,18,230103
3756,0.000116,172.31.36.0-255,66,17046,18,230103
3757,0.000126,172.253.118.0-255,1484,18530,18,230103
3758,0.000129,172.31.36.0-255,66,18596,18,230103
3759,0.000168,172.253.118.0-255,2902,21498,18,230103
3760,0.000172,172.31.36.0-255,66,21564,18,230103
3761,0.000183,172.31.36.0-255,66,21630,18,230103
3762,0.000186,172.253.118.0-255,1125,22755,18,230103
3763,0.000188,172.31.36.0-255,66,22821,18,230103
3764,0.000279,172.253.118.0-255,1484,24305,18,230103
3765,0.000283,172.31.36.0-255,66,24371,18,230103
3766,0.000298,172.253.118.0-255,2902,27273,18,230103
3767,0.000306,172.31.36.0-255,66,27339,18,230103
3768,0.000312,172.253.118.0-255,5738,33077,18,230103
3769,0.000316,172.31.36.0-255,66,33143,18,230103
3770,0.000323,172.253.118.0-255,4320,37463,18,230103
3771,0.000325,172.31.36.0-255,66,37529,18,230103
3772,0.000365,172.31.36.0-255,66,37595,18,230103
3773,0.000391,172.253.118.0-255,2543,40138,18,230103
3774,0.000396,172.31.36.0-255,66,40204,18,230103
3775,0.000404,172.253.118.0-255,7075,47279,18,230103
3776,0.000409,172.31.36.0-255,66,47345,18,230103
3777,0.000501,172.253.118.0-255,131,47476,18,230103
3778,0.000607,172.253.118.0-255,1484,48960,18,230103
3779,0.000611,172.31.36.0-255,66,49026,18,230103
3780,0.000616,172.253.118.0-255,2902,51928,18,230103
3781,0.000618,172.31.36.0-255,66,51994,18,230103
3782,0.000645,172.253.118.0-255,5738,57732,18,230103
3783,0.000648,172.31.36.0-255,66,57798,18,230103
3784,0.000676,172.253.118.0-255,4320,62118,18,230103
3785,0.000679,172.31.36.0-255,66,62184,18,230103
3786,0.000708,172.253.118.0-255,2543,64727,18,230103
3787,0.000711,172.31.36.0-255,66,64793,18,230103
3788,0.000719,172.253.118.0-255,7156,71949,18,230103
3789,0.000721,172.31.36.0-255,66,72015,18,230103
3790,0.000739,172.31.36.0-255,66,72081,18,230103
3791,0.000759,172.253.118.0-255,822,72903,18,230103
3792,0.000795,172.253.118.0-255,1484,74387,18,230103
3793,0.000799,172.31.36.0-255,66,74453,18,230103
3794,0.000805,172.253.118.0-255,4320,78773,18,230103
3795,0.000808,172.31.36.0-255,66,78839,18,230103
3796,0.000837,172.253.118.0-255,4320,83159,18,230103
3797,0.00084,172.31.36.0-255,66,83225,18,230103
3798,0.000851,172.31.36.0-255,66,83291,18,230103
3799,0.000904,172.31.36.0-255,66,83357,18,230103
3800,0.001224,172.253.118.0-255,1484,84841,18,230103
3801,0.001228,172.253.118.0-255,1484,86325,18,230103
3802,0.001231,172.31.36.0-255,66,86391,18,230103
3803,0.001257,172.253.118.0-255,1484,87875,18,230103
3804,0.001264,172.253.118.0-255,5738,93613,18,230103
3805,0.001268,172.31.36.0-255,66,93679,18,230103
3806,0.001334,172.31.36.0-255,66,93745,18,230103
3807,0.001352,172.253.118.0-255,1484,95229,18,230103
3808,0.001364,172.31.36.0-255,66,95295,18,230103
3809,0.001467,172.253.118.0-255,1484,96779,18,230103
3810,0.001471,172.253.118.0-255,1484,98263,18,230103
3811,0.001474,172.31.36.0-255,66,98329,18,230103
3812,0.001505,172.253.118.0-255,1484,99813,18,230103
3813,0.001511,172.253.118.0-255,5738,105551,18,230103
3814,0.001514,172.31.36.0-255,66,105617,18,230103
3815,0.001525,172.31.36.0-255,66,105683,18,230103
3816,0.001557,172.253.118.0-255,4320,110003,18,230103
3817,0.001561,172.31.36.0-255,66,110069,18,230103
3818,0.001573,172.31.36.0-255,66,110135,18,230103
3819,0.001762,172.253.118.0-255,1484,111619,18,230103
3820,0.001767,172.253.118.0-255,2902,114521,18,230103
3821,0.001772,172.31.36.0-255,66,114587,18,230103
3822,0.001777,172.253.118.0-255,1484,116071,18,230103
3823,0.001807,172.253.118.0-255,4320,120391,18,230103
3824,0.00181,172.31.36.0-255,66,120457,18,230103
3825,0.001818,172.253.118.0-255,7156,127613,18,230103
3826,0.00182,172.31.36.0-255,66,127679,18,230103
3827,0.001831,172.253.118.0-255,4320,131999,18,230103
3828,0.001833,172.31.36.0-255,66,132065,18,230103
3829,0.001871,172.31.36.0-255,66,132131,18,230103
3830,0.001876,172.253.118.0-255,2184,134315,18,230103
3831,0.001878,172.253.118.0-255,1484,135799,18,230103
3832,0.001878,172.31.36.0-255,66,135865,18,230103
3833,0.001889,172.253.118.0-255,1484,137349,18,230103
3834,0.001891,172.31.36.0-255,66,137415,18,230103
3835,0.001916,172.253.118.0-255,1484,138899,18,230103
3836,0.001922,172.253.118.0-255,5738,144637,18,230103
3837,0.001925,172.31.36.0-255,66,144703,18,230103
3838,0.00193,172.253.118.0-255,2902,147605,18,230103
3839,0.001932,172.31.36.0-255,66,147671,18,230103
3840,0.001996,172.31.36.0-255,66,147737,18,230103
3841,0.002007,172.31.36.0-255,66,147803,18,230103
3842,0.002012,172.253.118.0-255,2184,149987,18,230103
3843,0.002014,172.31.36.0-255,66,150053,18,230103
3844,0.002054,172.253.118.0-255,1484,151537,18,230103
3845,0.002071,172.253.118.0-255,2902,154439,18,230103
3846,0.002074,172.31.36.0-255,66,154505,18,230103
3847,0.002082,172.253.118.0-255,5738,160243,18,230103
3848,0.002084,172.31.36.0-255,66,160309,18,230103
3849,0.002093,172.253.118.0-255,2902,163211,18,230103
3850,0.002096,172.31.36.0-255,66,163277,18,230103
3851,0.0021,172.253.118.0-255,1484,164761,18,230103
3852,0.002125,172.31.36.0-255,66,164827,18,230103
3853,0.002163,172.31.36.0-255,66,164893,18,230103
3854,0.002209,172.253.118.0-255,7156,172049,18,230103
3855,0.002214,172.31.36.0-255,66,172115,18,230103
3856,0.002233,172.253.118.0-255,4320,176435,18,230103
3857,0.002236,172.31.36.0-255,66,176501,18,230103
3858,0.002239,172.253.118.0-255,1484,177985,18,230103
3859,0.002252,172.31.36.0-255,66,178051,18,230103
3860,0.002255,172.253.118.0-255,1484,179535,18,230103
3861,0.002259,172.253.118.0-255,4320,183855,18,230103
3862,0.002261,172.31.36.0-255,66,183921,18,230103
3863,0.002266,172.253.118.0-255,3602,187523,18,230103
3864,0.002268,172.31.36.0-255,66,187589,18,230103
3865,0.00233,172.253.118.0-255,1484,189073,18,230103
3866,0.002333,172.253.118.0-255,1484,190557,18,230103
3867,0.002336,172.31.36.0-255,66,190623,18,230103
3868,0.00234,172.253.118.0-255,2902,193525,18,230103
3869,0.002343,172.31.36.0-255,66,193591,18,230103
3870,0.002381,172.253.118.0-255,5738,199329,18,230103
3871,0.002385,172.31.36.0-255,66,199395,18,230103
3872,0.002389,172.253.118.0-255,1484,200879,18,230103
3873,0.002392,172.253.118.0-255,1484,202363,18,230103
3874,0.002394,172.31.36.0-255,66,202429,18,230103
3875,0.002396,172.253.118.0-255,1484,203913,18,230103
3876,0.002399,172.31.36.0-255,78,203991,18,230103
3877,0.002411,172.31.36.0-255,66,204057,18,230103
3878,0.002414,172.253.118.0-255,1484,205541,18,230103
3879,0.00242,172.253.118.0-255,6438,211979,18,230103
3880,0.002424,172.31.36.0-255,66,212045,18,230103
3881,0.002472,172.253.118.0-255,1484,213529,18,230103
3882,0.002497,172.253.118.0-255,2902,216431,18,230103
3883,0.002502,172.31.36.0-255,66,216497,18,230103
3884,0.002509,172.253.118.0-255,5738,222235,18,230103
3885,0.002511,172.31.36.0-255,66,222301,18,230103
3886,0.002516,172.253.118.0-255,2902,225203,18,230103
3887,0.002524,172.31.36.0-255,66,225269,18,230103
3888,0.002567,172.31.36.0-255,66,225335,18,230103
3889,0.00258,172.31.36.0-255,66,225401,18,230103
3890,0.002595,172.253.118.0-255,4294,229695,18,230103
3891,0.002599,172.31.36.0-255,66,229761,18,230103
3892,0.002634,172.253.118.0-255,105,229866,18,230103
3893,0.003487,172.31.36.0-255,66,229932,18,230103
3894,0.003514,172.31.36.0-255,105,230037,18,230103
3895,0.005538,172.253.118.0-255,66,230103,18,230103
3896,0.0,172.217.194.0-255,145,145,18,211709
3897,1.6e-05,172.217.194.0-255,1484,1629,18,211709
3898,2.6e-05,172.31.36.0-255,66,1695,18,211709
3899,3.3e-05,172.217.194.0-255,2902,4597,18,211709
3900,3.6e-05,172.31.36.0-255,66,4663,18,211709
3901,4.4e-05,172.217.194.0-255,7156,11819,18,211709
3902,5.5e-05,172.31.36.0-255,66,11885,18,211709
3903,8.1e-05,172.217.194.0-255,1994,13879,18,211709
3904,8.3e-05,172.31.36.0-255,66,13945,18,211709
3905,0.000213,172.217.194.0-255,1484,15429,18,211709
3906,0.000218,172.217.194.0-255,1484,16913,18,211709
3907,0.000221,172.31.36.0-255,66,16979,18,211709
3908,0.000249,172.217.194.0-255,1484,18463,18,211709
3909,0.000256,172.217.194.0-255,5738,24201,18,211709
3910,0.000259,172.31.36.0-255,66,24267,18,211709
3911,0.000301,172.31.36.0-255,66,24333,18,211709
3912,0.000313,172.31.36.0-255,66,24399,18,211709
3913,0.000316,172.217.194.0-255,1484,25883,18,211709
3914,0.000346,172.217.194.0-255,5379,31262,18,211709
3915,0.000349,172.31.36.0-255,66,31328,18,211709
3916,0.000996,172.217.194.0-255,1484,32812,18,211709
3917,0.001006,172.217.194.0-255,2902,35714,18,211709
3918,0.00101,172.31.36.0-255,66,35780,18,211709
3919,0.00104,172.217.194.0-255,2902,38682,18,211709
3920,0.001042,172.31.36.0-255,66,38748,18,211709
3921,0.001071,172.217.194.0-255,2902,41650,18,211709
3922,0.001073,172.31.36.0-255,66,41716,18,211709
3923,0.00108,172.217.194.0-255,6797,48513,18,211709
3924,0.001083,172.31.36.0-255,66,48579,18,211709
3925,0.001087,172.217.194.0-255,2902,51481,18,211709
3926,0.00109,172.31.36.0-255,66,51547,18,211709
3927,0.001095,172.217.194.0-255,4320,55867,18,211709
3928,0.001099,172.31.36.0-255,66,55933,18,211709
3929,0.001102,172.217.194.0-255,1484,57417,18,211709
3930,0.001134,172.217.194.0-255,7156,64573,18,211709
3931,0.001137,172.31.36.0-255,66,64639,18,211709
3932,0.001145,172.217.194.0-255,5738,70377,18,211709
3933,0.001147,172.31.36.0-255,66,70443,18,211709
3934,0.001194,172.31.36.0-255,66,70509,18,211709
3935,0.001199,172.217.194.0-255,1704,72213,18,211709
3936,0.001202,172.31.36.0-255,66,72279,18,211709
3937,0.001568,172.217.194.0-255,1484,73763,18,211709
3938,0.001577,172.217.194.0-255,2902,76665,18,211709
3939,0.001582,172.31.36.0-255,66,76731,18,211709
3940,0.001586,172.217.194.0-255,1484,78215,18,211709
3941,0.001617,172.217.194.0-255,2902,81117,18,211709
3942,0.00162,172.31.36.0-255,66,81183,18,211709
3943,0.001636,172.217.194.0-255,4320,85503,18,211709
3944,0.001643,172.31.36.0-255,66,85569,18,211709
3945,0.001669,172.217.194.0-255,4320,89889,18,211709
3946,0.001673,172.31.36.0-255,66,89955,18,211709
3947,0.001709,172.31.36.0-255,66,90021,18,211709
3948,0.001762,172.31.36.0-255,66,90087,18,211709
3949,0.001781,172.31.36.0-255,66,90153,18,211709
3950,0.001797,172.31.36.0-255,66,90219,18,211709
3951,0.002003,172.217.194.0-255,1484,91703,18,211709
3952,0.002011,172.217.194.0-255,2902,94605,18,211709
3953,0.002015,172.31.36.0-255,66,94671,18,211709
3954,0.002022,172.217.194.0-255,5738,100409,18,211709
3955,0.002024,172.31.36.0-255,66,100475,18,211709
3956,0.002056,172.31.36.0-255,66,100541,18,211709
3957,0.002089,172.217.194.0-255,4320,104861,18,211709
3958,0.002092,172.31.36.0-255,66,104927,18,211709
3959,0.002104,172.31.36.0-255,66,104993,18,211709
3960,0.002164,172.217.194.0-255,2184,107177,18,211709
3961,0.002167,172.31.36.0-255,66,107243,18,211709
3962,0.002311,172.217.194.0-255,1484,108727,18,211709
3963,0.002327,172.217.194.0-255,2902,111629,18,211709
3964,0.00233,172.31.36.0-255,66,111695,18,211709
3965,0.002354,172.217.194.0-255,5738,117433,18,211709
3966,0.002357,172.31.36.0-255,66,117499,18,211709
3967,0.002372,172.31.36.0-255,66,117565,18,211709
3968,0.002376,172.217.194.0-255,2902,120467,18,211709
3969,0.002379,172.31.36.0-255,66,120533,18,211709
3970,0.002467,172.217.194.0-255,1484,122017,18,211709
3971,0.002516,172.217.194.0-255,7156,129173,18,211709
3972,0.002518,172.217.194.0-255,766,129939,18,211709
3973,0.002522,172.217.194.0-255,1484,131423,18,211709
3974,0.002527,172.217.194.0-255,4320,135743,18,211709
3975,0.00253,172.217.194.0-255,1484,137227,18,211709
3976,0.002558,172.217.194.0-255,4320,141547,18,211709
3977,0.002575,172.217.194.0-255,2902,144449,18,211709
3978,0.002588,172.217.194.0-255,1484,145933,18,211709
3979,0.002605,172.217.194.0-255,7156,153089,18,211709
3980,0.002638,172.217.194.0-255,5738,158827,18,211709
3981,0.002658,172.217.194.0-255,7156,165983,18,211709
3982,0.00268,172.217.194.0-255,4320,170303,18,211709
3983,0.00275,172.217.194.0-255,4320,174623,18,211709
3984,0.002757,172.217.194.0-255,6438,181061,18,211709
3985,0.002778,172.217.194.0-255,1484,182545,18,211709
3986,0.002793,172.217.194.0-255,2902,185447,18,211709
3987,0.002796,172.217.194.0-255,1484,186931,18,211709
3988,0.002816,172.217.194.0-255,4320,191251,18,211709
3989,0.002834,172.217.194.0-255,5738,196989,18,211709
3990,0.002859,172.217.194.0-255,7156,204145,18,211709
3991,0.002864,172.217.194.0-255,4320,208465,18,211709
3992,0.002896,172.217.194.0-255,2902,211367,18,211709
3993,0.002917,172.217.194.0-255,105,211472,18,211709
3994,0.00382,172.31.36.0-255,66,211538,18,211709
3995,0.006637,172.31.36.0-255,105,211643,18,211709
3996,0.008716,172.217.194.0-255,66,211709,18,211709
3997,0.0,172.217.194.0-255,296,296,18,210081
3998,2.8e-05,172.31.36.0-255,66,362,18,210081
3999,3.3e-05,172.217.194.0-255,1484,1846,18,210081
4000,3.7e-05,172.31.36.0-255,66,1912,18,210081
4001,4.4e-05,172.217.194.0-255,4320,6232,18,210081
4002,4.6e-05,172.31.36.0-255,66,6298,18,210081
4003,4.9e-05,172.217.194.0-255,1484,7782,18,210081
4004,5.2e-05,172.31.36.0-255,66,7848,18,210081
4005,9e-05,172.217.194.0-255,6069,13917,18,210081
4006,9.4e-05,172.31.36.0-255,66,13983,18,210081
4007,0.000103,172.31.36.0-255,66,14049,18,210081
4008,0.000113,172.31.36.0-255,66,14115,18,210081
4009,0.000183,172.217.194.0-255,1484,15599,18,210081
4010,0.000186,172.31.36.0-255,66,15665,18,210081
4011,0.00019,172.217.194.0-255,1484,17149,18,210081
4012,0.000192,172.31.36.0-255,66,17215,18,210081
4013,0.000206,172.217.194.0-255,1484,18699,18,210081
4014,0.000208,172.31.36.0-255,66,18765,18,210081
4015,0.000214,172.217.194.0-255,5738,24503,18,210081
4016,0.000217,172.31.36.0-255,66,24569,18,210081
4017,0.000242,172.217.194.0-255,5738,30307,18,210081
4018,0.000245,172.31.36.0-255,66,30373,18,210081
4019,0.000278,172.31.36.0-255,66,30439,18,210081
4020,0.000289,172.31.36.0-255,66,30505,18,210081
4021,0.000557,172.217.194.0-255,366,30871,18,210081
4022,0.000562,172.31.36.0-255,66,30937,18,210081
4023,0.000892,172.217.194.0-255,1484,32421,18,210081
4024,0.000899,172.31.36.0-255,66,32487,18,210081
4025,0.000908,172.217.194.0-255,2902,35389,18,210081
4026,0.000915,172.217.194.0-255,5738,41127,18,210081
4027,0.00092,172.217.194.0-255,5738,46865,18,210081
4028,0.000938,172.217.194.0-255,2902,49767,18,210081
4029,0.000968,172.217.194.0-255,5020,54787,18,210081
4030,0.001282,172.217.194.0-255,1484,56271,18,210081
4031,0.00129,172.217.194.0-255,2902,59173,18,210081
4032,0.001311,172.217.194.0-255,5738,64911,18,210081
4033,0.001314,172.217.194.0-255,1484,66395,18,210081
4034,0.001352,172.217.194.0-255,2902,69297,18,210081
4035,0.001394,172.217.194.0-255,2184,71481,18,210081
4036,0.001597,172.217.194.0-255,1484,72965,18,210081
4037,0.001603,172.217.194.0-255,1484,74449,18,210081
4038,0.001619,172.217.194.0-255,1484,75933,18,210081
4039,0.001636,172.217.194.0-255,5738,81671,18,210081
4040,0.001642,172.217.194.0-255,4320,85991,18,210081
4041,0.001648,172.217.194.0-255,5738,91729,18,210081
4042,0.001666,172.217.194.0-255,5738,97467,18,210081
4043,0.001721,172.217.194.0-255,2902,100369,18,210081
4044,0.001742,172.217.194.0-255,5738,106107,18,210081
4045,0.001749,172.217.194.0-255,7156,113263,18,210081
4046,0.001791,172.217.194.0-255,7156,120419,18,210081
4047,0.001794,172.217.194.0-255,766,121185,18,210081
4048,0.001877,172.217.194.0-255,1484,122669,18,210081
4049,0.001892,172.217.194.0-255,2902,125571,18,210081
4050,0.001897,172.217.194.0-255,5738,131309,18,210081
4051,0.001942,172.217.194.0-255,2902,134211,18,210081
4052,0.001991,172.217.194.0-255,7156,141367,18,210081
4053,0.001994,172.217.194.0-255,1484,142851,18,210081
4054,0.002038,172.217.194.0-255,4320,147171,18,210081
4055,0.002049,172.217.194.0-255,2902,150073,18,210081
4056,0.002068,172.217.194.0-255,766,150839,18,210081
4057,0.002097,172.217.194.0-255,2902,153741,18,210081
4058,0.002127,172.217.194.0-255,2902,156643,18,210081
4059,0.002149,172.217.194.0-255,1484,158127,18,210081
4060,0.002202,172.217.194.0-255,4320,162447,18,210081
4061,0.002213,172.217.194.0-255,2902,165349,18,210081
4062,0.00222,172.217.194.0-255,7156,172505,18,210081
4063,0.002233,172.217.194.0-255,1484,173989,18,210081
4064,0.002238,172.217.194.0-255,4320,178309,18,210081
4065,0.002272,172.217.194.0-255,5738,184047,18,210081
4066,0.002283,172.217.194.0-255,766,184813,18,210081
4067,0.002345,172.217.194.0-255,7156,191969,18,210081
4068,0.002365,172.217.194.0-255,6438,198407,18,210081
4069,0.005294,172.31.36.0-255,66,198473,18,210081
4070,0.00766,172.217.194.0-255,5738,204211,18,210081
4071,0.007667,172.31.36.0-255,66,204277,18,210081
4072,0.009981,172.217.194.0-255,5738,210015,18,210081
4073,0.009986,172.31.36.0-255,66,210081,18,210081
4074,0.0,74.125.24.0-255,154,154,18,71844
4075,1.6e-05,172.31.36.0-255,66,220,18,71844
4076,2.3e-05,74.125.24.0-255,1484,1704,18,71844
4077,2.8e-05,172.31.36.0-255,66,1770,18,71844
4078,4.1e-05,74.125.24.0-255,2902,4672,18,71844
4079,4.4e-05,172.31.36.0-255,66,4738,18,71844
4080,5.2e-05,74.125.24.0-255,7156,11894,18,71844
4081,5.5e-05,172.31.36.0-255,66,11960,18,71844
4082,5.9e-05,74.125.24.0-255,1484,13444,18,71844
4083,6.1e-05,172.31.36.0-255,66,13510,18,71844
4084,0.000117,172.31.36.0-255,66,13576,18,71844
4085,0.000123,74.125.24.0-255,3961,17537,18,71844
4086,0.000125,172.31.36.0-255,66,17603,18,71844
4087,0.000153,74.125.24.0-255,1484,19087,18,71844
4088,0.000155,172.31.36.0-255,66,19153,18,71844
4089,0.000183,74.125.24.0-255,2902,22055,18,71844
4090,0.000185,172.31.36.0-255,66,22121,18,71844
4091,0.000192,74.125.24.0-255,5738,27859,18,71844
4092,0.000194,172.31.36.0-255,66,27925,18,71844
4093,0.000202,74.125.24.0-255,2902,30827,18,71844
4094,0.000204,172.31.36.0-255,66,30893,18,71844
4095,0.000245,172.31.36.0-255,66,30959,18,71844
4096,0.000257,172.31.36.0-255,66,31025,18,71844
4097,0.000373,74.125.24.0-255,645,31670,18,71844
4098,0.000377,172.31.36.0-255,66,31736,18,71844
4099,0.001021,74.125.24.0-255,1484,33220,18,71844
4100,0.001026,172.31.36.0-255,66,33286,18,71844
4101,0.001032,74.125.24.0-255,2902,36188,18,71844
4102,0.001034,172.31.36.0-255,66,36254,18,71844
4103,0.001046,74.125.24.0-255,5738,41992,18,71844
4104,0.001051,74.125.24.0-255,2902,44894,18,71844
4105,0.00108,74.125.24.0-255,4320,49214,18,71844
4106,0.001104,172.31.36.0-255,66,49280,18,71844
4107,0.001109,74.125.24.0-255,2902,52182,18,71844
4108,0.001112,74.125.24.0-255,2184,54366,18,71844
4109,0.001123,172.31.36.0-255,66,54432,18,71844
4110,0.003411,74.125.24.0-255,5738,60170,18,71844
4111,0.003418,172.31.36.0-255,66,60236,18,71844
4112,0.005683,74.125.24.0-255,5738,65974,18,71844
4113,0.00678,172.31.36.0-255,66,66040,18,71844
4114,0.009079,74.125.24.0-255,5738,71778,18,71844
4115,0.009087,172.31.36.0-255,66,71844,18,71844
4116,0.0,74.125.68.0-255,143,143,18,315922
4117,3.4e-05,172.31.36.0-255,66,209,18,315922
4118,6.1e-05,74.125.68.0-255,1484,1693,18,315922
4119,6.5e-05,172.31.36.0-255,66,1759,18,315922
4120,7.1e-05,74.125.68.0-255,2902,4661,18,315922
4121,7.3e-05,172.31.36.0-255,66,4727,18,315922
4122,0.000105,74.125.68.0-255,2902,7629,18,315922
4123,0.000108,172.31.36.0-255,66,7695,18,315922
4124,0.000114,74.125.68.0-255,4320,12015,18,315922
4125,0.000117,172.31.36.0-255,66,12081,18,315922
4126,0.00016,74.125.68.0-255,2079,14160,18,315922
4127,0.000163,172.31.36.0-255,66,14226,18,315922
4128,0.000258,74.125.68.0-255,1484,15710,18,315922
4129,0.000262,172.31.36.0-255,66,15776,18,315922
4130,0.000283,74.125.68.0-255,2902,18678,18,315922
4131,0.000286,172.31.36.0-255,66,18744,18,315922
4132,0.000289,74.125.68.0-255,1484,20228,18,315922
4133,0.000292,172.31.36.0-255,66,20294,18,315922
4134,0.000323,74.125.68.0-255,4320,24614,18,315922
4135,0.000332,172.31.36.0-255,66,24680,18,315922
4136,0.000335,74.125.68.0-255,1484,26164,18,315922
4137,0.000338,172.31.36.0-255,66,26230,18,315922
4138,0.000342,74.125.68.0-255,2902,29132,18,315922
4139,0.000344,172.31.36.0-255,66,29198,18,315922
4140,0.000349,74.125.68.0-255,2543,31741,18,315922
4141,0.000352,172.31.36.0-255,66,31807,18,315922
4142,0.000389,74.125.68.0-255,1484,33291,18,315922
4143,0.000393,172.31.36.0-255,66,33357,18,315922
4144,0.000412,74.125.68.0-255,2902,36259,18,315922
4145,0.000415,172.31.36.0-255,66,36325,18,315922
4146,0.000444,74.125.68.0-255,5738,42063,18,315922
4147,0.000448,172.31.36.0-255,66,42129,18,315922
4148,0.000452,74.125.68.0-255,1484,43613,18,315922
4149,0.000457,74.125.68.0-255,2902,46515,18,315922
4150,0.000468,172.31.36.0-255,66,46581,18,315922
4151,0.000492,74.125.68.0-255,1484,48065,18,315922
4152,0.000505,74.125.68.0-255,1484,49549,18,315922
4153,0.000508,172.31.36.0-255,66,49615,18,315922
4154,0.000545,74.125.68.0-255,2902,52517,18,315922
4155,0.000549,74.125.68.0-255,1484,54001,18,315922
4156,0.000557,172.31.36.0-255,66,54067,18,315922
4157,0.000568,74.125.68.0-255,2902,56969,18,315922
4158,0.000576,172.31.36.0-255,66,57035,18,315922
4159,0.000579,74.125.68.0-255,4320,61355,18,315922
4160,0.00059,172.31.36.0-255,66,61421,18,315922
4161,0.000606,74.125.68.0-255,4320,65741,18,315922
4162,0.00061,74.125.68.0-255,766,66507,18,315922
4163,0.000613,172.31.36.0-255,66,66573,18,315922
4164,0.000669,74.125.68.0-255,367,66940,18,315922
4165,0.000708,74.125.68.0-255,130,67070,18,315922
4166,0.000801,74.125.68.0-255,1484,68554,18,315922
4167,0.000807,172.31.36.0-255,66,68620,18,315922
4168,0.000828,74.125.68.0-255,2902,71522,18,315922
4169,0.000832,172.31.36.0-255,66,71588,18,315922
4170,0.000834,74.125.68.0-255,4320,75908,18,315922
4171,0.00085,74.125.68.0-255,1484,77392,18,315922
4172,0.00085,172.31.36.0-255,66,77458,18,315922
4173,0.000855,74.125.68.0-255,4320,81778,18,315922
4174,0.000867,172.31.36.0-255,66,81844,18,315922
4175,0.000903,74.125.68.0-255,5738,87582,18,315922
4176,0.000909,172.31.36.0-255,66,87648,18,315922
4177,0.00094,74.125.68.0-255,7156,94804,18,315922
4178,0.000943,172.31.36.0-255,66,94870,18,315922
4179,0.000947,74.125.68.0-255,1484,96354,18,315922
4180,0.000976,74.125.68.0-255,5020,101374,18,315922
4181,0.000988,172.31.36.0-255,66,101440,18,315922
4182,0.001022,74.125.68.0-255,1484,102924,18,315922
4183,0.001027,74.125.68.0-255,2902,105826,18,315922
4184,0.001034,172.31.36.0-255,66,105892,18,315922
4185,0.001043,74.125.68.0-255,2902,108794,18,315922
4186,0.001054,172.31.36.0-255,66,108860,18,315922
4187,0.001093,74.125.68.0-255,2902,111762,18,315922
4188,0.001099,172.31.36.0-255,66,111828,18,315922
4189,0.001106,74.125.68.0-255,1484,113312,18,315922
4190,0.001145,74.125.68.0-255,5738,119050,18,315922
4191,0.001149,172.31.36.0-255,66,119116,18,315922
4192,0.001197,74.125.68.0-255,2902,122018,18,315922
4193,0.001203,172.31.36.0-255,66,122084,18,315922
4194,0.001215,74.125.68.0-255,1484,123568,18,315922
4195,0.00125,74.125.68.0-255,4320,127888,18,315922
4196,0.001259,172.31.36.0-255,66,127954,18,315922
4197,0.001264,74.125.68.0-255,1484,129438,18,315922
4198,0.001314,74.125.68.0-255,2902,132340,18,315922
4199,0.001325,172.31.36.0-255,66,132406,18,315922
4200,0.001343,74.125.68.0-255,3602,136008,18,315922
4201,0.001346,172.31.36.0-255,66,136074,18,315922
4202,0.001379,74.125.68.0-255,1484,137558,18,315922
4203,0.001385,74.125.68.0-255,2902,140460,18,315922
4204,0.001395,172.31.36.0-255,66,140526,18,315922
4205,0.001399,74.125.68.0-255,2902,143428,18,315922
4206,0.001412,172.31.36.0-255,66,143494,18,315922
4207,0.001424,74.125.68.0-255,4320,147814,18,315922
4208,0.001437,172.31.36.0-255,66,147880,18,315922
4209,0.001473,172.31.36.0-255,66,147946,18,315922
4210,0.001493,172.31.36.0-255,66,148012,18,315922
4211,0.001518,74.125.68.0-255,1484,149496,18,315922
4212,0.001525,74.125.68.0-255,3602,153098,18,315922
4213,0.001529,172.31.36.0-255,66,153164,18,315922
4214,0.001633,74.125.68.0-255,1484,154648,18,315922
4215,0.001652,74.125.68.0-255,2902,157550,18,315922
4216,0.001656,172.31.36.0-255,66,157616,18,315922
4217,0.001661,74.125.68.0-255,2902,160518,18,315922
4218,0.001673,172.31.36.0-255,66,160584,18,315922
4219,0.001681,74.125.68.0-255,1484,162068,18,315922
4220,0.001685,74.125.68.0-255,1484,163552,18,315922
4221,0.001689,172.31.36.0-255,66,163618,18,315922
4222,0.001707,74.125.68.0-255,7156,170774,18,315922
4223,0.001717,172.31.36.0-255,66,170840,18,315922
4224,0.00172,74.125.68.0-255,5738,176578,18,315922
4225,0.00173,172.31.36.0-255,66,176644,18,315922
4226,0.001757,74.125.68.0-255,1484,178128,18,315922
4227,0.001785,74.125.68.0-255,5738,183866,18,315922
4228,0.001788,172.31.36.0-255,66,183932,18,315922
4229,0.001794,74.125.68.0-255,3602,187534,18,315922
4230,0.001805,172.31.36.0-255,66,187600,18,315922
4231,0.001909,74.125.68.0-255,1484,189084,18,315922
4232,0.00193,74.125.68.0-255,2902,191986,18,315922
4233,0.001934,172.31.36.0-255,66,192052,18,315922
4234,0.001939,74.125.68.0-255,2902,194954,18,315922
4235,0.001948,172.31.36.0-255,66,195020,18,315922
4236,0.001976,74.125.68.0-255,2902,197922,18,315922
4237,0.001982,74.125.68.0-255,5738,203660,18,315922
4238,0.001982,172.31.36.0-255,66,203726,18,315922
4239,0.001988,74.125.68.0-255,7156,210882,18,315922
4240,0.001988,172.31.36.0-255,66,210948,18,315922
4241,0.002002,172.31.36.0-255,66,211014,18,315922
4242,0.002017,74.125.68.0-255,7156,218170,18,315922
4243,0.002026,172.31.36.0-255,66,218236,18,315922
4244,0.00205,74.125.68.0-255,3602,221838,18,315922
4245,0.00206,172.31.36.0-255,66,221904,18,315922
4246,0.002065,172.31.36.0-255,66,221970,18,315922
4247,0.002107,74.125.68.0-255,2902,224872,18,315922
4248,0.002111,74.125.68.0-255,1484,226356,18,315922
4249,0.002128,74.125.68.0-255,4320,230676,18,315922
4250,0.002169,74.125.68.0-255,4320,234996,18,315922
4251,0.0022,74.125.68.0-255,5738,240734,18,315922
4252,0.002222,74.125.68.0-255,7156,247890,18,315922
4253,0.00223,74.125.68.0-255,7156,255046,18,315922
4254,0.00227,74.125.68.0-255,3602,258648,18,315922
4255,0.002287,74.125.68.0-255,1484,260132,18,315922
4256,0.002306,74.125.68.0-255,2902,263034,18,315922
4257,0.002311,74.125.68.0-255,2902,265936,18,315922
4258,0.002336,74.125.68.0-255,7156,273092,18,315922
4259,0.002342,74.125.68.0-255,5738,278830,18,315922
4260,0.002361,74.125.68.0-255,5738,284568,18,315922
4261,0.002366,74.125.68.0-255,2902,287470,18,315922
4262,0.002382,74.125.68.0-255,4320,291790,18,315922
4263,0.002409,74.125.68.0-255,2902,294692,18,315922
4264,0.002425,74.125.68.0-255,5020,299712,18,315922
4265,0.00243,74.125.68.0-255,2902,302614,18,315922
4266,0.002448,74.125.68.0-255,1484,304098,18,315922
4267,0.002462,74.125.68.0-255,2902,307000,18,315922
4268,0.00252,74.125.68.0-255,1484,308484,18,315922
4269,0.002615,74.125.68.0-255,5738,314222,18,315922
4270,0.002666,74.125.68.0-255,1463,315685,18,315922
4271,0.006935,172.31.36.0-255,66,315751,18,315922
4272,0.009579,74.125.68.0-255,105,315856,18,315922
4273,0.009977,172.31.36.0-255,66,315922,18,315922
4274,0.0,172.31.36.0-255,74,74,18,1451
4275,0.002399,172.217.194.0-255,74,148,18,1451
4276,0.002418,172.31.36.0-255,66,214,18,1451
4277,0.004508,172.31.36.0-255,697,911,18,1451
4278,0.00689,172.217.194.0-255,66,977,18,1451
4279,0.007232,172.217.194.0-255,278,1255,18,1451
4280,0.007245,172.31.36.0-255,66,1321,18,1451
4281,0.008627,172.31.36.0-255,130,1451,18,1451
4282,0.0,172.217.194.0-255,153,153,18,209184
4283,2.1e-05,172.31.36.0-255,66,219,18,209184
4284,2.7e-05,172.217.194.0-255,1484,1703,18,209184
4285,3.1e-05,172.31.36.0-255,66,1769,18,209184
4286,4.5e-05,172.217.194.0-255,2902,4671,18,209184
4287,4.9e-05,172.31.36.0-255,66,4737,18,209184
4288,5.4e-05,172.217.194.0-255,4320,9057,18,209184
4289,5.6e-05,172.31.36.0-255,66,9123,18,209184
4290,9.6e-05,172.217.194.0-255,4320,13443,18,209184
4291,9.9e-05,172.31.36.0-255,66,13509,18,209184
4292,0.000124,172.217.194.0-255,666,14175,18,209184
4293,0.000129,172.31.36.0-255,66,14241,18,209184
4294,0.000135,172.217.194.0-255,5738,19979,18,209184
4295,0.000137,172.31.36.0-255,66,20045,18,209184
4296,0.00015,172.31.36.0-255,66,20111,18,209184
4297,0.000156,172.217.194.0-255,4320,24431,18,209184
4298,0.000158,172.31.36.0-255,66,24497,18,209184
4299,0.0002,172.31.36.0-255,66,24563,18,209184
4300,0.000204,172.217.194.0-255,2184,26747,18,209184
4301,0.000208,172.31.36.0-255,66,26813,18,209184
4302,0.000212,172.217.194.0-255,2902,29715,18,209184
4303,0.000215,172.31.36.0-255,66,29781,18,209184
4304,0.000218,172.217.194.0-255,1484,31265,18,209184
4305,0.000221,172.31.36.0-255,66,31331,18,209184
4306,0.000253,172.217.194.0-255,5738,37069,18,209184
4307,0.000257,172.31.36.0-255,66,37135,18,209184
4308,0.000264,172.217.194.0-255,7048,44183,18,209184
4309,0.000267,172.31.36.0-255,66,44249,18,209184
4310,0.000296,172.217.194.0-255,115,44364,18,209184
4311,0.000301,172.31.36.0-255,66,44430,18,209184
4312,0.00037,172.217.194.0-255,1484,45914,18,209184
4313,0.000375,172.217.194.0-255,1484,47398,18,209184
4314,0.000386,172.31.36.0-255,66,47464,18,209184
4315,0.000386,172.217.194.0-255,1484,48948,18,209184
4316,0.000392,172.217.194.0-255,5738,54686,18,209184
4317,0.000408,172.31.36.0-255,66,54752,18,209184
4318,0.000416,172.217.194.0-255,5738,60490,18,209184
4319,0.000424,172.31.36.0-255,66,60556,18,209184
4320,0.00043,172.217.194.0-255,2902,63458,18,209184
4321,0.000451,172.31.36.0-255,66,63524,18,209184
4322,0.000484,172.217.194.0-255,3961,67485,18,209184
4323,0.000486,172.31.36.0-255,66,67551,18,209184
4324,0.000491,172.31.36.0-255,66,67617,18,209184
4325,0.000926,172.217.194.0-255,1484,69101,18,209184
4326,0.000942,172.217.194.0-255,2902,72003,18,209184
4327,0.000946,172.31.36.0-255,66,72069,18,209184
4328,0.000953,172.217.194.0-255,5738,77807,18,209184
4329,0.00096,172.31.36.0-255,66,77873,18,209184
4330,0.000988,172.217.194.0-255,5738,83611,18,209184
4331,0.000996,172.31.36.0-255,66,83677,18,209184
4332,0.001011,172.31.36.0-255,66,83743,18,209184
4333,0.001027,172.217.194.0-255,6438,90181,18,209184
4334,0.001035,172.217.194.0-255,7156,97337,18,209184
4335,0.001036,172.31.36.0-255,66,97403,18,209184
4336,0.001041,172.31.36.0-255,66,97469,18,209184
4337,0.001083,172.31.36.0-255,66,97535,18,209184
4338,0.001099,172.31.36.0-255,66,97601,18,209184
4339,0.001507,172.217.194.0-255,1484,99085,18,209184
4340,0.001521,172.217.194.0-255,1484,100569,18,209184
4341,0.001525,172.31.36.0-255,66,100635,18,209184
4342,0.001533,172.217.194.0-255,1484,102119,18,209184
4343,0.001543,172.217.194.0-255,2902,105021,18,209184
4344,0.001546,172.217.194.0-255,1484,106505,18,209184
4345,0.001553,172.31.36.0-255,66,106571,18,209184
4346,0.001561,172.217.194.0-255,5738,112309,18,209184
4347,0.001567,172.31.36.0-255,66,112375,18,209184
4348,0.001657,172.31.36.0-255,66,112441,18,209184
4349,0.001658,172.217.194.0-255,1484,113925,18,209184
4350,0.001664,172.217.194.0-255,3602,117527,18,209184
4351,0.001676,172.31.36.0-255,66,117593,18,209184
4352,0.001751,172.217.194.0-255,1484,119077,18,209184
4353,0.001768,172.217.194.0-255,2902,121979,18,209184
4354,0.001771,172.31.36.0-255,66,122045,18,209184
4355,0.001784,172.217.194.0-255,1484,123529,18,209184
4356,0.0018,172.217.194.0-255,4320,127849,18,209184
4357,0.001804,172.217.194.0-255,1484,129333,18,209184
4358,0.001809,172.31.36.0-255,66,129399,18,209184
4359,0.001841,172.31.36.0-255,66,129465,18,209184
4360,0.001875,172.31.36.0-255,66,129531,18,209184
4361,0.001886,172.217.194.0-255,1484,131015,18,209184
4362,0.001908,172.217.194.0-255,1484,132499,18,209184
4363,0.001914,172.217.194.0-255,4320,136819,18,209184
4364,0.001915,172.31.36.0-255,66,136885,18,209184
4365,0.001925,172.31.36.0-255,66,136951,18,209184
4366,0.001927,172.217.194.0-255,1484,138435,18,209184
4367,0.001967,172.217.194.0-255,7156,145591,18,209184
4368,0.001978,172.217.194.0-255,4320,149911,18,209184
4369,0.001978,172.31.36.0-255,66,149977,18,209184
4370,0.001982,172.31.36.0-255,66,150043,18,209184
4371,0.00201,172.217.194.0-255,5738,155781,18,209184
4372,0.002015,172.31.36.0-255,66,155847,18,209184
4373,0.002025,172.217.194.0-255,4320,160167,18,209184
4374,0.00203,172.31.36.0-255,66,160233,18,209184
4375,0.002052,172.217.194.0-255,3602,163835,18,209184
4376,0.002061,172.31.36.0-255,66,163901,18,209184
4377,0.002076,172.31.36.0-255,66,163967,18,209184
4378,0.002088,172.217.194.0-255,2902,166869,18,209184
4379,0.002093,172.31.36.0-255,66,166935,18,209184
4380,0.002093,172.217.194.0-255,4320,171255,18,209184
4381,0.002097,172.31.36.0-255,66,171321,18,209184
4382,0.002138,172.31.36.0-255,66,171387,18,209184
4383,0.002139,172.217.194.0-255,3602,174989,18,209184
4384,0.002142,172.31.36.0-255,66,175055,18,209184
4385,0.002191,172.31.36.0-255,66,175121,18,209184
4386,0.002206,172.31.36.0-255,66,175187,18,209184
4387,0.002219,172.217.194.0-255,1484,176671,18,209184
4388,0.002225,172.217.194.0-255,4320,180991,18,209184
4389,0.002233,172.31.36.0-255,66,181057,18,209184
4390,0.00226,172.217.194.0-255,5738,186795,18,209184
4391,0.002267,172.31.36.0-255,66,186861,18,209184
4392,0.002292,172.217.194.0-255,1484,188345,18,209184
4393,0.002298,172.31.36.0-255,66,188411,18,209184
4394,0.002336,172.31.36.0-255,66,188477,18,209184
4395,0.002342,172.217.194.0-255,2902,191379,18,209184
4396,0.002346,172.217.194.0-255,766,192145,18,209184
4397,0.002351,172.31.36.0-255,66,192211,18,209184
4398,0.002413,172.217.194.0-255,7156,199367,18,209184
4399,0.00242,172.31.36.0-255,66,199433,18,209184
4400,0.002447,172.31.36.0-255,66,199499,18,209184
4401,0.002456,172.217.194.0-255,1484,200983,18,209184
4402,0.002461,172.217.194.0-255,3602,204585,18,209184
4403,0.002461,172.31.36.0-255,66,204651,18,209184
4404,0.002465,172.31.36.0-255,66,204717,18,209184
4405,0.002804,172.217.194.0-255,1484,206201,18,209184
4406,0.002821,172.217.194.0-255,2478,208679,18,209184
4407,0.002826,172.31.36.0-255,66,208745,18,209184
4408,0.00283,172.217.194.0-255,97,208842,18,209184
4409,0.002897,172.217.194.0-255,105,208947,18,209184
4410,0.00366,172.31.36.0-255,66,209013,18,209184
4411,0.003686,172.31.36.0-255,105,209118,18,209184
4412,0.005796,172.217.194.0-255,66,209184,18,209184
4413,0.0,172.217.194.0-255,143,143,18,157364
4414,2.8e-05,172.217.194.0-255,1484,1627,18,157364
4415,3.7e-05,172.31.36.0-255,66,1693,18,157364
4416,4.4e-05,172.217.194.0-255,2902,4595,18,157364
4417,4.7e-05,172.31.36.0-255,66,4661,18,157364
4418,5.4e-05,172.217.194.0-255,5738,10399,18,157364
4419,6.7e-05,172.31.36.0-255,66,10465,18,157364
4420,9.1e-05,172.217.194.0-255,1484,11949,18,157364
4421,0.000114,172.31.36.0-255,66,12015,18,157364
4422,0.000119,172.217.194.0-255,2543,14558,18,157364
4423,0.000121,172.31.36.0-255,66,14624,18,157364
4424,0.000208,172.217.194.0-255,1484,16108,18,157364
4425,0.000227,172.217.194.0-255,2902,19010,18,157364
4426,0.000231,172.31.36.0-255,66,19076,18,157364
4427,0.000235,172.217.194.0-255,1484,20560,18,157364
4428,0.000258,172.217.194.0-255,4320,24880,18,157364
4429,0.000261,172.31.36.0-255,66,24946,18,157364
4430,0.000268,172.217.194.0-255,6797,31743,18,157364
4431,0.000272,172.31.36.0-255,66,31809,18,157364
4432,0.000283,172.217.194.0-255,4320,36129,18,157364
4433,0.000286,172.31.36.0-255,66,36195,18,157364
4434,0.000329,172.31.36.0-255,66,36261,18,157364
4435,0.000333,172.217.194.0-255,2543,38804,18,157364
4436,0.000336,172.31.36.0-255,66,38870,18,157364
4437,0.000338,172.217.194.0-255,677,39547,18,157364
4438,0.0009,172.217.194.0-255,1484,41031,18,157364
4439,0.000905,172.31.36.0-255,66,41097,18,157364
4440,0.000915,172.217.194.0-255,2902,43999,18,157364
4441,0.000924,172.31.36.0-255,66,44065,18,157364
4442,0.000928,172.217.194.0-255,1484,45549,18,157364
4443,0.000959,172.217.194.0-255,4320,49869,18,157364
4444,0.000964,172.31.36.0-255,66,49935,18,157364
4445,0.000972,172.217.194.0-255,7156,57091,18,157364
4446,0.000974,172.31.36.0-255,66,57157,18,157364
4447,0.000996,172.31.36.0-255,66,57223,18,157364
4448,0.001,172.217.194.0-255,2184,59407,18,157364
4449,0.001003,172.31.36.0-255,66,59473,18,157364
4450,0.001058,172.31.36.0-255,66,59539,18,157364
4451,0.001078,172.31.36.0-255,66,59605,18,157364
4452,0.00116,172.31.36.0-255,66,59671,18,157364
4453,0.001163,172.217.194.0-255,766,60437,18,157364
4454,0.001187,172.217.194.0-255,1484,61921,18,157364
4455,0.001191,172.31.36.0-255,66,61987,18,157364
4456,0.001196,172.217.194.0-255,2902,64889,18,157364
4457,0.001199,172.31.36.0-255,66,64955,18,157364
4458,0.001236,172.217.194.0-255,5738,70693,18,157364
4459,0.001241,172.31.36.0-255,66,70759,18,157364
4460,0.001244,172.217.194.0-255,1484,72243,18,157364
4461,0.001281,172.31.36.0-255,66,72309,18,157364
4462,0.001314,172.31.36.0-255,66,72375,18,157364
4463,0.001441,172.217.194.0-255,1484,73859,18,157364
4464,0.001448,172.217.194.0-255,2902,76761,18,157364
4465,0.001452,172.31.36.0-255,66,76827,18,157364
4466,0.001485,172.217.194.0-255,5738,82565,18,157364
4467,0.001489,172.31.36.0-255,66,82631,18,157364
4468,0.001496,172.217.194.0-255,7156,89787,18,157364
4469,0.001499,172.31.36.0-255,66,89853,18,157364
4470,0.001535,172.217.194.0-255,5738,95591,18,157364
4471,0.001539,172.31.36.0-255,66,95657,18,157364
4472,0.001549,172.31.36.0-255,66,95723,18,157364
4473,0.001565,172.31.36.0-255,66,95789,18,157364
4474,0.001615,172.31.36.0-255,66,95855,18,157364
4475,0.001641,172.31.36.0-255,66,95921,18,157364
4476,0.001644,172.217.194.0-255,1484,97405,18,157364
4477,0.001677,172.31.36.0-255,66,97471,18,157364
4478,0.0017,172.217.194.0-255,1484,98955,18,157364
4479,0.001717,172.217.194.0-255,2902,101857,18,157364
4480,0.00172,172.31.36.0-255,66,101923,18,157364
4481,0.001749,172.217.194.0-255,5738,107661,18,157364
4482,0.001751,172.31.36.0-255,66,107727,18,157364
4483,0.001754,172.217.194.0-255,1484,109211,18,157364
4484,0.001788,172.31.36.0-255,66,109277,18,157364
4485,0.001792,172.217.194.0-255,1484,110761,18,157364
4486,0.00182,172.31.36.0-255,66,110827,18,157364
4487,0.001823,172.217.194.0-255,766,111593,18,157364
4488,0.001854,172.217.194.0-255,1484,113077,18,157364
4489,0.001856,172.31.36.0-255,66,113143,18,157364
4490,0.00186,172.217.194.0-255,2902,116045,18,157364
4491,0.001863,172.31.36.0-255,66,116111,18,157364
4492,0.001879,172.217.194.0-255,1484,117595,18,157364
4493,0.001901,172.217.194.0-255,4320,121915,18,157364
4494,0.001903,172.31.36.0-255,66,121981,18,157364
4495,0.001916,172.31.36.0-255,66,122047,18,157364
4496,0.001926,172.217.194.0-255,5738,127785,18,157364
4497,0.001929,172.31.36.0-255,66,127851,18,157364
4498,0.001979,172.217.194.0-255,5020,132871,18,157364
4499,0.001981,172.31.36.0-255,66,132937,18,157364
4500,0.001991,172.217.194.0-255,5738,138675,18,157364
4501,0.001993,172.31.36.0-255,66,138741,18,157364
4502,0.001997,172.217.194.0-255,2902,141643,18,157364
4503,0.001999,172.31.36.0-255,66,141709,18,157364
4504,0.002031,172.31.36.0-255,66,141775,18,157364
4505,0.002035,172.217.194.0-255,2902,144677,18,157364
4506,0.002037,172.31.36.0-255,66,144743,18,157364
4507,0.002059,172.217.194.0-255,7156,151899,18,157364
4508,0.002061,172.31.36.0-255,66,151965,18,157364
4509,0.002079,172.31.36.0-255,66,152031,18,157364
4510,0.002118,172.31.36.0-255,66,152097,18,157364
4511,0.002131,172.31.36.0-255,66,152163,18,157364
4512,0.002136,172.217.194.0-255,4859,157022,18,157364
4513,0.002138,172.31.36.0-255,66,157088,18,157364
4514,0.00216,172.217.194.0-255,105,157193,18,157364
4515,0.006128,172.31.36.0-255,105,157298,18,157364
4516,0.008508,172.217.194.0-255,66,157364,18,157364
4517,0.0,172.217.194.0-255,146,146,18,207549
4518,2.3e-05,172.31.36.0-255,66,212,18,207549
4519,3.1e-05,172.217.194.0-255,1484,1696,18,207549
4520,3.6e-05,172.31.36.0-255,66,1762,18,207549
4521,5e-05,172.217.194.0-255,2902,4664,18,207549
4522,5.4e-05,172.31.36.0-255,66,4730,18,207549
4523,6e-05,172.217.194.0-255,4320,9050,18,207549
4524,6.3e-05,172.31.36.0-255,66,9116,18,207549
4525,8.9e-05,172.217.194.0-255,4881,13997,18,207549
4526,9.2e-05,172.31.36.0-255,66,14063,18,207549
4527,0.000124,172.217.194.0-255,1484,15547,18,207549
4528,0.000127,172.31.36.0-255,66,15613,18,207549
4529,0.000163,172.31.36.0-255,66,15679,18,207549
4530,0.000192,172.217.194.0-255,5379,21058,18,207549
4531,0.000194,172.31.36.0-255,66,21124,18,207549
4532,0.000422,172.217.194.0-255,1484,22608,18,207549
4533,0.000429,172.31.36.0-255,66,22674,18,207549
4534,0.000435,172.217.194.0-255,2902,25576,18,207549
4535,0.000438,172.31.36.0-255,66,25642,18,207549
4536,0.00044,172.217.194.0-255,1484,27126,18,207549
4537,0.000448,172.31.36.0-255,66,27192,18,207549
4538,0.000479,172.217.194.0-255,5738,32930,18,207549
4539,0.000482,172.31.36.0-255,66,32996,18,207549
4540,0.000511,172.217.194.0-255,7156,40152,18,207549
4541,0.000514,172.31.36.0-255,66,40218,18,207549
4542,0.00054,172.217.194.0-255,4320,44538,18,207549
4543,0.000542,172.31.36.0-255,66,44604,18,207549
4544,0.000569,172.217.194.0-255,2902,47506,18,207549
4545,0.000572,172.31.36.0-255,66,47572,18,207549
4546,0.000605,172.31.36.0-255,66,47638,18,207549
4547,0.000608,172.217.194.0-255,361,47999,18,207549
4548,0.000613,172.217.194.0-255,1484,49483,18,207549
4549,0.000615,172.31.36.0-255,66,49549,18,207549
4550,0.000638,172.217.194.0-255,1484,51033,18,207549
4551,0.000658,172.217.194.0-255,2902,53935,18,207549
4552,0.000661,172.31.36.0-255,66,54001,18,207549
4553,0.000666,172.217.194.0-255,2902,56903,18,207549
4554,0.000668,172.31.36.0-255,66,56969,18,207549
4555,0.000697,172.217.194.0-255,2902,59871,18,207549
4556,0.0007,172.31.36.0-255,66,59937,18,207549
4557,0.000707,172.217.194.0-255,5738,65675,18,207549
4558,0.000709,172.31.36.0-255,66,65741,18,207549
4559,0.000734,172.217.194.0-255,5738,71479,18,207549
4560,0.000737,172.31.36.0-255,66,71545,18,207549
4561,0.000765,172.217.194.0-255,7156,78701,18,207549
4562,0.000768,172.31.36.0-255,66,78767,18,207549
4563,0.000785,172.217.194.0-255,3602,82369,18,207549
4564,0.000787,172.31.36.0-255,66,82435,18,207549
4565,0.000864,172.217.194.0-255,1484,83919,18,207549
4566,0.00089,172.217.194.0-255,2902,86821,18,207549
4567,0.000893,172.31.36.0-255,66,86887,18,207549
4568,0.0009,172.217.194.0-255,5738,92625,18,207549
4569,0.000902,172.31.36.0-255,66,92691,18,207549
4570,0.000914,172.217.194.0-255,4320,97011,18,207549
4571,0.000916,172.31.36.0-255,66,97077,18,207549
4572,0.000946,172.217.194.0-255,7156,104233,18,207549
4573,0.000949,172.31.36.0-255,66,104299,18,207549
4574,0.000981,172.217.194.0-255,4320,108619,18,207549
4575,0.000983,172.31.36.0-255,66,108685,18,207549
4576,0.000999,172.31.36.0-255,66,108751,18,207549
4577,0.001212,172.217.194.0-255,1484,110235,18,207549
4578,0.001218,172.217.194.0-255,2902,113137,18,207549
4579,0.001223,172.31.36.0-255,66,113203,18,207549
4580,0.001232,172.217.194.0-255,1484,114687,18,207549
4581,0.001252,172.217.194.0-255,4320,119007,18,207549
4582,0.001254,172.31.36.0-255,66,119073,18,207549
4583,0.001259,172.217.194.0-255,2902,121975,18,207549
4584,0.001261,172.31.36.0-255,66,122041,18,207549
4585,0.001296,172.217.194.0-255,4320,126361,18,207549
4586,0.001299,172.31.36.0-255,66,126427,18,207549
4587,0.00131,172.31.36.0-255,66,126493,18,207549
4588,0.001347,172.217.194.0-255,5738,132231,18,207549
4589,0.001349,172.31.36.0-255,66,132297,18,207549
4590,0.001361,172.31.36.0-255,66,132363,18,207549
4591,0.001394,172.217.194.0-255,5020,137383,18,207549
4592,0.001397,172.31.36.0-255,66,137449,18,207549
4593,0.001416,172.31.36.0-255,66,137515,18,207549
4594,0.001421,172.217.194.0-255,4320,141835,18,207549
4595,0.001423,172.31.36.0-255,66,141901,18,207549
4596,0.00145,172.217.194.0-255,2184,144085,18,207549
4597,0.001456,172.31.36.0-255,66,144151,18,207549
4598,0.001506,172.217.194.0-255,1484,145635,18,207549
4599,0.001551,172.217.194.0-255,2902,148537,18,207549
4600,0.001557,172.31.36.0-255,66,148603,18,207549
4601,0.00159,172.217.194.0-255,2902,151505,18,207549
4602,0.001592,172.31.36.0-255,66,151571,18,207549
4603,0.001598,172.217.194.0-255,4320,155891,18,207549
4604,0.001601,172.31.36.0-255,66,155957,18,207549
4605,0.001627,172.217.194.0-255,4320,160277,18,207549
4606,0.001631,172.31.36.0-255,66,160343,18,207549
4607,0.00166,172.217.194.0-255,4320,164663,18,207549
4608,0.001663,172.31.36.0-255,66,164729,18,207549
4609,0.001675,172.31.36.0-255,66,164795,18,207549
4610,0.001685,172.217.194.0-255,3602,168397,18,207549
4611,0.001689,172.31.36.0-255,66,168463,18,207549
4612,0.001927,172.217.194.0-255,1484,169947,18,207549
4613,0.001934,172.217.194.0-255,2902,172849,18,207549
4614,0.001938,172.31.36.0-255,66,172915,18,207549
4615,0.002002,172.217.194.0-255,5738,178653,18,207549
4616,0.002014,172.217.194.0-255,7156,185809,18,207549
4617,0.002016,172.217.194.0-255,1484,187293,18,207549
4618,0.00202,172.31.36.0-255,66,187359,18,207549
4619,0.002024,172.31.36.0-255,66,187425,18,207549
4620,0.00205,172.31.36.0-255,66,187491,18,207549
4621,0.002054,172.217.194.0-255,2184,189675,18,207549
4622,0.002056,172.31.36.0-255,66,189741,18,207549
4623,0.004048,172.217.194.0-255,2902,192643,18,207549
4624,0.004055,172.31.36.0-255,66,192709,18,207549
4625,0.004089,172.217.194.0-255,2902,195611,18,207549
4626,0.004091,172.31.36.0-255,66,195677,18,207549
4627,0.00604,172.217.194.0-255,2902,198579,18,207549
4628,0.006046,172.31.36.0-255,66,198645,18,207549
4629,0.006075,172.217.194.0-255,2902,201547,18,207549
4630,0.006078,172.31.36.0-255,66,201613,18,207549
4631,0.008039,172.217.194.0-255,2902,204515,18,207549
4632,0.008046,172.31.36.0-255,66,204581,18,207549
4633,0.008066,172.217.194.0-255,2902,207483,18,207549
4634,0.008068,172.31.36.0-255,66,207549,18,207549
4635,0.0,172.31.36.0-255,66,66,18,66
4636,0.0,172.31.36.0-255,66,66,18,66
4637,0.0,74.125.68.0-255,150,150,18,397332
4638,1.9e-05,74.125.68.0-255,1484,1634,18,397332
4639,3.1e-05,172.31.36.0-255,66,1700,18,397332
4640,3.7e-05,74.125.68.0-255,1484,3184,18,397332
4641,6.1e-05,74.125.68.0-255,2902,6086,18,397332
4642,6.4e-05,172.31.36.0-255,66,6152,18,397332
4643,7.9e-05,74.125.68.0-255,1484,7636,18,397332
4644,9.4e-05,74.125.68.0-255,4320,11956,18,397332
4645,9.7e-05,172.31.36.0-255,66,12022,18,397332
4646,0.000142,74.125.68.0-255,2000,14022,18,397332
4647,0.000145,172.31.36.0-255,66,14088,18,397332
4648,0.000161,74.125.68.0-255,2902,16990,18,397332
4649,0.000164,172.31.36.0-255,66,17056,18,397332
4650,0.000192,74.125.68.0-255,7156,24212,18,397332
4651,0.000194,172.31.36.0-255,66,24278,18,397332
4652,0.000244,74.125.68.0-255,4320,28598,18,397332
4653,0.000247,172.31.36.0-255,66,28664,18,397332
4654,0.000267,74.125.68.0-255,2543,31207,18,397332
4655,0.00027,172.31.36.0-255,66,31273,18,397332
4656,0.00067,74.125.68.0-255,1484,32757,18,397332
4657,0.000694,74.125.68.0-255,2902,35659,18,397332
4658,0.000699,172.31.36.0-255,66,35725,18,397332
4659,0.000739,74.125.68.0-255,1484,37209,18,397332
4660,0.000758,74.125.68.0-255,2902,40111,18,397332
4661,0.000761,172.31.36.0-255,66,40177,18,397332
4662,0.000766,74.125.68.0-255,2902,43079,18,397332
4663,0.00077,172.31.36.0-255,66,43145,18,397332
4664,0.000776,74.125.68.0-255,4320,47465,18,397332
4665,0.000779,172.31.36.0-255,66,47531,18,397332
4666,0.000804,74.125.68.0-255,1125,48656,18,397332
4667,0.00084,74.125.68.0-255,1484,50140,18,397332
4668,0.000844,172.31.36.0-255,66,50206,18,397332
4669,0.000863,74.125.68.0-255,1484,51690,18,397332
4670,0.000877,74.125.68.0-255,1484,53174,18,397332
4671,0.00088,172.31.36.0-255,66,53240,18,397332
4672,0.000886,74.125.68.0-255,4320,57560,18,397332
4673,0.000888,172.31.36.0-255,66,57626,18,397332
4674,0.000907,74.125.68.0-255,7156,64782,18,397332
4675,0.00091,172.31.36.0-255,66,64848,18,397332
4676,0.000951,74.125.68.0-255,1436,66284,18,397332
4677,0.000981,74.125.68.0-255,343,66627,18,397332
4678,0.000984,172.31.36.0-255,66,66693,18,397332
4679,0.001138,74.125.68.0-255,1484,68177,18,397332
4680,0.001142,74.125.68.0-255,1484,69661,18,397332
4681,0.001146,172.31.36.0-255,66,69727,18,397332
4682,0.001161,74.125.68.0-255,1484,71211,18,397332
4683,0.001164,74.125.68.0-255,1484,72695,18,397332
4684,0.001166,172.31.36.0-255,66,72761,18,397332
4685,0.001171,74.125.68.0-255,2902,75663,18,397332
4686,0.001174,172.31.36.0-255,66,75729,18,397332
4687,0.001177,74.125.68.0-255,1484,77213,18,397332
4688,0.001201,74.125.68.0-255,4320,81533,18,397332
4689,0.001203,172.31.36.0-255,66,81599,18,397332
4690,0.001207,74.125.68.0-255,1484,83083,18,397332
4691,0.001219,74.125.68.0-255,2902,85985,18,397332
4692,0.001222,172.31.36.0-255,66,86051,18,397332
4693,0.001263,74.125.68.0-255,1484,87535,18,397332
4694,0.001292,74.125.68.0-255,2902,90437,18,397332
4695,0.001297,172.31.36.0-255,66,90503,18,397332
4696,0.001313,74.125.68.0-255,1484,91987,18,397332
4697,0.001355,74.125.68.0-255,2902,94889,18,397332
4698,0.001359,172.31.36.0-255,66,94955,18,397332
4699,0.001399,74.125.68.0-255,4320,99275,18,397332
4700,0.001402,172.31.36.0-255,66,99341,18,397332
4701,0.001424,74.125.68.0-255,2184,101525,18,397332
4702,0.001428,172.31.36.0-255,66,101591,18,397332
4703,0.001807,74.125.68.0-255,1484,103075,18,397332
4704,0.001814,74.125.68.0-255,1484,104559,18,397332
4705,0.001818,172.31.36.0-255,66,104625,18,397332
4706,0.001837,74.125.68.0-255,1484,106109,18,397332
4707,0.001842,74.125.68.0-255,2902,109011,18,397332
4708,0.001844,172.31.36.0-255,66,109077,18,397332
4709,0.001862,74.125.68.0-255,2902,111979,18,397332
4710,0.001864,172.31.36.0-255,66,112045,18,397332
4711,0.001869,74.125.68.0-255,2902,114947,18,397332
4712,0.001871,172.31.36.0-255,66,115013,18,397332
4713,0.001908,172.31.36.0-255,66,115079,18,397332
4714,0.001934,74.125.68.0-255,5738,120817,18,397332
4715,0.001936,172.31.36.0-255,66,120883,18,397332
4716,0.001967,74.125.68.0-255,1484,122367,18,397332
4717,0.001986,74.125.68.0-255,2902,125269,18,397332
4718,0.001989,172.31.36.0-255,66,125335,18,397332
4719,0.002019,74.125.68.0-255,2184,127519,18,397332
4720,0.002022,172.31.36.0-255,66,127585,18,397332
4721,0.00205,74.125.68.0-255,2902,130487,18,397332
4722,0.002052,172.31.36.0-255,66,130553,18,397332
4723,0.00208,74.125.68.0-255,2902,133455,18,397332
4724,0.002083,172.31.36.0-255,66,133521,18,397332
4725,0.002087,74.125.68.0-255,1484,135005,18,397332
4726,0.002109,74.125.68.0-255,2902,137907,18,397332
4727,0.002111,172.31.36.0-255,66,137973,18,397332
4728,0.002114,74.125.68.0-255,1484,139457,18,397332
4729,0.002135,74.125.68.0-255,5738,145195,18,397332
4730,0.002138,172.31.36.0-255,66,145261,18,397332
4731,0.002142,74.125.68.0-255,1484,146745,18,397332
4732,0.002156,74.125.68.0-255,2902,149647,18,397332
4733,0.002159,172.31.36.0-255,66,149713,18,397332
4734,0.002182,74.125.68.0-255,4320,154033,18,397332
4735,0.002186,172.31.36.0-255,66,154099,18,397332
4736,0.002193,74.125.68.0-255,7156,161255,18,397332
4737,0.002196,172.31.36.0-255,66,161321,18,397332
4738,0.002216,74.125.68.0-255,766,162087,18,397332
4739,0.002311,74.125.68.0-255,1484,163571,18,397332
4740,0.002315,172.31.36.0-255,66,163637,18,397332
4741,0.002321,74.125.68.0-255,2902,166539,18,397332
4742,0.002325,172.31.36.0-255,66,166605,18,397332
4743,0.002332,74.125.68.0-255,5738,172343,18,397332
4744,0.002334,172.31.36.0-255,66,172409,18,397332
4745,0.002351,74.125.68.0-255,2902,175311,18,397332
4746,0.002354,172.31.36.0-255,66,175377,18,397332
4747,0.002377,74.125.68.0-255,1484,176861,18,397332
4748,0.002385,74.125.68.0-255,4320,181181,18,397332
4749,0.002388,172.31.36.0-255,66,181247,18,397332
4750,0.002394,74.125.68.0-255,5738,186985,18,397332
4751,0.002397,172.31.36.0-255,66,187051,18,397332
4752,0.002429,74.125.68.0-255,5738,192789,18,397332
4753,0.002433,172.31.36.0-255,66,192855,18,397332
4754,0.002437,74.125.68.0-255,1484,194339,18,397332
4755,0.002442,74.125.68.0-255,2184,196523,18,397332
4756,0.002445,172.31.36.0-255,66,196589,18,397332
4757,0.002874,74.125.68.0-255,1484,198073,18,397332
4758,0.002908,74.125.68.0-255,1484,199557,18,397332
4759,0.002914,172.31.36.0-255,66,199623,18,397332
4760,0.00292,74.125.68.0-255,2902,202525,18,397332
4761,0.002922,172.31.36.0-255,66,202591,18,397332
4762,0.002929,74.125.68.0-255,5738,208329,18,397332
4763,0.002932,172.31.36.0-255,66,208395,18,397332
4764,0.002937,74.125.68.0-255,2902,211297,18,397332
4765,0.002939,172.31.36.0-255,66,211363,18,397332
4766,0.002968,74.125.68.0-255,5738,217101,18,397332
4767,0.00297,172.31.36.0-255,66,217167,18,397332
4768,0.002983,172.31.36.0-255,66,217233,18,397332
4769,0.002989,74.125.68.0-255,3602,220835,18,397332
4770,0.002991,172.31.36.0-255,66,220901,18,397332
4771,0.003044,74.125.68.0-255,4320,225221,18,397332
4772,0.003047,172.31.36.0-255,66,225287,18,397332
4773,0.00306,74.125.68.0-255,7156,232443,18,397332
4774,0.003062,172.31.36.0-255,66,232509,18,397332
4775,0.003066,74.125.68.0-255,1484,233993,18,397332
4776,0.003073,74.125.68.0-255,5738,239731,18,397332
4777,0.003075,172.31.36.0-255,66,239797,18,397332
4778,0.003079,74.125.68.0-255,2902,242699,18,397332
4779,0.003081,172.31.36.0-255,66,242765,18,397332
4780,0.003104,74.125.68.0-255,1484,244249,18,397332
4781,0.003107,74.125.68.0-255,1484,245733,18,397332
4782,0.003109,172.31.36.0-255,66,245799,18,397332
4783,0.003112,74.125.68.0-255,1484,247283,18,397332
4784,0.003118,74.125.68.0-255,4320,251603,18,397332
4785,0.003121,172.31.36.0-255,66,251669,18,397332
4786,0.003145,74.125.68.0-255,3602,255271,18,397332
4787,0.003148,172.31.36.0-255,66,255337,18,397332
4788,0.003196,74.125.68.0-255,1484,256821,18,397332
4789,0.003215,74.125.68.0-255,2902,259723,18,397332
4790,0.003217,172.31.36.0-255,66,259789,18,397332
4791,0.00322,74.125.68.0-255,1484,261273,18,397332
4792,0.003232,74.125.68.0-255,1484,262757,18,397332
4793,0.003234,172.31.36.0-255,66,262823,18,397332
4794,0.003255,74.125.68.0-255,1484,264307,18,397332
4795,0.003261,74.125.68.0-255,5738,270045,18,397332
4796,0.003263,172.31.36.0-255,66,270111,18,397332
4797,0.003286,74.125.68.0-255,2902,273013,18,397332
4798,0.003288,172.31.36.0-255,66,273079,18,397332
4799,0.003309,74.125.68.0-255,4320,277399,18,397332
4800,0.003311,172.31.36.0-255,66,277465,18,397332
4801,0.003316,74.125.68.0-255,4320,281785,18,397332
4802,0.003319,172.31.36.0-255,66,281851,18,397332
4803,0.003334,74.125.68.0-255,4320,286171,18,397332
4804,0.003337,172.31.36.0-255,66,286237,18,397332
4805,0.003341,74.125.68.0-255,2902,289139,18,397332
4806,0.003343,172.31.36.0-255,66,289205,18,397332
4807,0.003365,74.125.68.0-255,766,289971,18,397332
4808,0.003609,74.125.68.0-255,1484,291455,18,397332
4809,0.003612,172.31.36.0-255,66,291521,18,397332
4810,0.003617,74.125.68.0-255,2902,294423,18,397332
4811,0.003619,172.31.36.0-255,66,294489,18,397332
4812,0.003647,74.125.68.0-255,4320,298809,18,397332
4813,0.003649,172.31.36.0-255,66,298875,18,397332
4814,0.003654,74.125.68.0-255,2902,301777,18,397332
4815,0.003656,172.31.36.0-255,66,301843,18,397332
4816,0.00368,74.125.68.0-255,2902,304745,18,397332
4817,0.003682,172.31.36.0-255,66,304811,18,397332
4818,0.003688,74.125.68.0-255,4320,309131,18,397332
4819,0.00369,172.31.36.0-255,66,309197,18,397332
4820,0.003706,74.125.68.0-255,1484,310681,18,397332
4821,0.003709,74.125.68.0-255,1484,312165,18,397332
4822,0.003711,172.31.36.0-255,66,312231,18,397332
4823,0.003728,74.125.68.0-255,2902,315133,18,397332
4824,0.003731,172.31.36.0-255,66,315199,18,397332
4825,0.003734,74.125.68.0-255,1484,316683,18,397332
4826,0.00374,74.125.68.0-255,4320,321003,18,397332
4827,0.003742,172.31.36.0-255,66,321069,18,397332
4828,0.003745,74.125.68.0-255,1484,322553,18,397332
4829,0.003769,74.125.68.0-255,2184,324737,18,397332
4830,0.003771,172.31.36.0-255,66,324803,18,397332
4831,0.003791,74.125.68.0-255,4320,329123,18,397332
4832,0.003794,172.31.36.0-255,66,329189,18,397332
4833,0.003812,74.125.68.0-255,4320,333509,18,397332
4834,0.003814,172.31.36.0-255,66,333575,18,397332
4835,0.003833,74.125.68.0-255,4320,337895,18,397332
4836,0.003862,74.125.68.0-255,5738,343633,18,397332
4837,0.003895,74.125.68.0-255,2902,346535,18,397332
4838,0.003911,74.125.68.0-255,4320,350855,18,397332
4839,0.003915,74.125.68.0-255,2902,353757,18,397332
4840,0.003933,74.125.68.0-255,5020,358777,18,397332
4841,0.004096,74.125.68.0-255,1484,360261,18,397332
4842,0.004112,74.125.68.0-255,2902,363163,18,397332
4843,0.004148,74.125.68.0-255,1484,364647,18,397332
4844,0.004151,74.125.68.0-255,1484,366131,18,397332
4845,0.004173,74.125.68.0-255,1484,367615,18,397332
4846,0.004194,74.125.68.0-255,2902,370517,18,397332
4847,0.004196,74.125.68.0-255,1484,372001,18,397332
4848,0.0042,74.125.68.0-255,2902,374903,18,397332
4849,0.004203,74.125.68.0-255,1484,376387,18,397332
4850,0.004206,74.125.68.0-255,1484,377871,18,397332
4851,0.004209,74.125.68.0-255,1484,379355,18,397332
4852,0.004225,74.125.68.0-255,1484,380839,18,397332
4853,0.004228,74.125.68.0-255,1484,382323,18,397332
4854,0.00424,74.125.68.0-255,1484,383807,18,397332
4855,0.00425,74.125.68.0-255,1484,385291,18,397332
4856,0.004252,74.125.68.0-255,1484,386775,18,397332
4857,0.004268,74.125.68.0-255,1484,388259,18,397332
4858,0.004273,74.125.68.0-255,4320,392579,18,397332
4859,0.004288,74.125.68.0-255,766,393345,18,397332
4860,0.004342,74.125.68.0-255,1484,394829,18,397332
4861,0.004356,74.125.68.0-255,1484,396313,18,397332
4862,0.004372,74.125.68.0-255,743,397056,18,397332
4863,0.004434,74.125.68.0-255,105,397161,18,397332
4864,0.006294,172.31.36.0-255,66,397227,18,397332
4865,0.008747,172.31.36.0-255,105,397332,18,397332
4866,0.0,74.125.68.0-255,148,148,18,81514
4867,1.7e-05,172.31.36.0-255,66,214,18,81514
4868,2.5e-05,74.125.68.0-255,1484,1698,18,81514
4869,3e-05,172.31.36.0-255,66,1764,18,81514
4870,3.6e-05,74.125.68.0-255,2902,4666,18,81514
4871,3.8e-05,172.31.36.0-255,66,4732,18,81514
4872,0.000101,74.125.68.0-255,1484,6216,18,81514
4873,0.000104,172.31.36.0-255,66,6282,18,81514
4874,0.000138,74.125.68.0-255,2902,9184,18,81514
4875,0.000141,172.31.36.0-255,66,9250,18,81514
4876,0.00016,74.125.68.0-255,2902,12152,18,81514
4877,0.000162,172.31.36.0-255,66,12218,18,81514
4878,0.000288,74.125.68.0-255,2083,14301,18,81514
4879,0.000294,172.31.36.0-255,66,14367,18,81514
4880,0.000343,74.125.68.0-255,2902,17269,18,81514
4881,0.000346,172.31.36.0-255,66,17335,18,81514
4882,0.000435,74.125.68.0-255,5738,23073,18,81514
4883,0.000442,172.31.36.0-255,66,23139,18,81514
4884,0.00045,74.125.68.0-255,1484,24623,18,81514
4885,0.000452,172.31.36.0-255,66,24689,18,81514
4886,0.000602,74.125.68.0-255,4320,29009,18,81514
4887,0.000606,172.31.36.0-255,66,29075,18,81514
4888,0.000628,172.31.36.0-255,66,29141,18,81514
4889,0.001011,74.125.68.0-255,5738,34879,18,81514
4890,0.001017,172.31.36.0-255,66,34945,18,81514
4891,0.001054,172.31.36.0-255,66,35011,18,81514
4892,0.001562,172.31.36.0-255,66,35077,18,81514
4893,0.001585,74.125.68.0-255,6699,41776,18,81514
4894,0.001587,172.31.36.0-255,66,41842,18,81514
4895,0.002184,172.31.36.0-255,66,41908,18,81514
4896,0.002214,172.31.36.0-255,66,41974,18,81514
4897,0.002227,74.125.68.0-255,4320,46294,18,81514
4898,0.002231,172.31.36.0-255,66,46360,18,81514
4899,0.002247,74.125.68.0-255,5738,52098,18,81514
4900,0.00225,172.31.36.0-255,66,52164,18,81514
4901,0.00228,172.31.36.0-255,66,52230,18,81514
4902,0.003158,74.125.68.0-255,5738,57968,18,81514
4903,0.003161,172.31.36.0-255,66,58034,18,81514
4904,0.003183,74.125.68.0-255,7156,65190,18,81514
4905,0.003185,172.31.36.0-255,66,65256,18,81514
4906,0.00321,172.31.36.0-255,66,65322,18,81514
4907,0.003242,172.31.36.0-255,66,65388,18,81514
4908,0.004158,74.125.68.0-255,4320,69708,18,81514
4909,0.004161,172.31.36.0-255,66,69774,18,81514
4910,0.004196,172.31.36.0-255,66,69840,18,81514
4911,0.004232,172.31.36.0-255,66,69906,18,81514
4912,0.006859,74.125.68.0-255,5738,75644,18,81514
4913,0.006868,172.31.36.0-255,66,75710,18,81514
4914,0.009511,74.125.68.0-255,5738,81448,18,81514
4915,0.009517,172.31.36.0-255,66,81514,18,81514
4916,0.0,74.125.24.0-255,153,153,18,204365
4917,4.6e-05,74.125.24.0-255,1484,1637,18,204365
4918,5.7e-05,172.31.36.0-255,66,1703,18,204365
4919,8.1e-05,74.125.24.0-255,2902,4605,18,204365
4920,8.4e-05,172.31.36.0-255,66,4671,18,204365
4921,8.9e-05,74.125.24.0-255,4320,8991,18,204365
4922,9.2e-05,172.31.36.0-255,66,9057,18,204365
4923,0.000128,74.125.24.0-255,1484,10541,18,204365
4924,0.000156,172.31.36.0-255,66,10607,18,204365
4925,0.000168,172.31.36.0-255,66,10673,18,204365
4926,0.000189,74.125.24.0-255,1484,12157,18,204365
4927,0.000203,74.125.24.0-255,1125,13282,18,204365
4928,0.000206,172.31.36.0-255,66,13348,18,204365
4929,0.001118,74.125.24.0-255,1484,14832,18,204365
4930,0.00113,74.125.24.0-255,2902,17734,18,204365
4931,0.001135,172.31.36.0-255,66,17800,18,204365
4932,0.001142,74.125.24.0-255,4320,22120,18,204365
4933,0.001144,172.31.36.0-255,66,22186,18,204365
4934,0.001156,74.125.24.0-255,1484,23670,18,204365
4935,0.001159,74.125.24.0-255,1484,25154,18,204365
4936,0.001161,172.31.36.0-255,66,25220,18,204365
4937,0.001184,74.125.24.0-255,4320,29540,18,204365
4938,0.001186,172.31.36.0-255,66,29606,18,204365
4939,0.001192,74.125.24.0-255,4320,33926,18,204365
4940,0.001193,172.31.36.0-255,66,33992,18,204365
4941,0.00122,172.31.36.0-255,66,34058,18,204365
4942,0.001225,74.125.24.0-255,4238,38296,18,204365
4943,0.001227,172.31.36.0-255,66,38362,18,204365
4944,0.001269,74.125.24.0-255,127,38489,18,204365
4945,0.001401,74.125.24.0-255,1484,39973,18,204365
4946,0.001404,172.31.36.0-255,66,40039,18,204365
4947,0.001409,74.125.24.0-255,2902,42941,18,204365
4948,0.001411,172.31.36.0-255,66,43007,18,204365
4949,0.001417,74.125.24.0-255,4320,47327,18,204365
4950,0.001419,172.31.36.0-255,66,47393,18,204365
4951,0.00144,74.125.24.0-255,1484,48877,18,204365
4952,0.001446,74.125.24.0-255,4320,53197,18,204365
4953,0.001448,172.31.36.0-255,66,53263,18,204365
4954,0.001462,74.125.24.0-255,2543,55806,18,204365
4955,0.001464,172.31.36.0-255,66,55872,18,204365
4956,0.001471,74.125.24.0-255,5738,61610,18,204365
4957,0.001473,172.31.36.0-255,66,61676,18,204365
4958,0.001492,74.125.24.0-255,1484,63160,18,204365
4959,0.001505,74.125.24.0-255,4320,67480,18,204365
4960,0.001508,172.31.36.0-255,66,67546,18,204365
4961,0.001528,74.125.24.0-255,5379,72925,18,204365
4962,0.001531,172.31.36.0-255,66,72991,18,204365
4963,0.002084,74.125.24.0-255,1484,74475,18,204365
4964,0.002109,74.125.24.0-255,2902,77377,18,204365
4965,0.002112,172.31.36.0-255,66,77443,18,204365
4966,0.002133,74.125.24.0-255,5738,83181,18,204365
4967,0.002135,172.31.36.0-255,66,83247,18,204365
4968,0.00216,172.31.36.0-255,66,83313,18,204365
4969,0.002178,74.125.24.0-255,4320,87633,18,204365
4970,0.00218,172.31.36.0-255,66,87699,18,204365
4971,0.002183,74.125.24.0-255,1484,89183,18,204365
4972,0.002206,74.125.24.0-255,2902,92085,18,204365
4973,0.002208,172.31.36.0-255,66,92151,18,204365
4974,0.002223,74.125.24.0-255,4320,96471,18,204365
4975,0.002226,172.31.36.0-255,66,96537,18,204365
4976,0.00223,74.125.24.0-255,2184,98721,18,204365
4977,0.002232,172.31.36.0-255,66,98787,18,204365
4978,0.002588,74.125.24.0-255,1484,100271,18,204365
4979,0.002593,74.125.24.0-255,2902,103173,18,204365
4980,0.002595,172.31.36.0-255,66,103239,18,204365
4981,0.002616,74.125.24.0-255,5738,108977,18,204365
4982,0.002619,172.31.36.0-255,66,109043,18,204365
4983,0.002624,74.125.24.0-255,4320,113363,18,204365
4984,0.002625,172.31.36.0-255,66,113429,18,204365
4985,0.002641,74.125.24.0-255,4320,117749,18,204365
4986,0.002643,172.31.36.0-255,66,117815,18,204365
4987,0.002678,74.125.24.0-255,4320,122135,18,204365
4988,0.002681,172.31.36.0-255,66,122201,18,204365
4989,0.002692,172.31.36.0-255,66,122267,18,204365
4990,0.002703,172.31.36.0-255,66,122333,18,204365
4991,0.002709,74.125.24.0-255,5738,128071,18,204365
4992,0.002712,172.31.36.0-255,66,128137,18,204365
4993,0.002744,172.31.36.0-255,66,128203,18,204365
4994,0.002749,74.125.24.0-255,5020,133223,18,204365
4995,0.002751,172.31.36.0-255,66,133289,18,204365
4996,0.002774,74.125.24.0-255,5738,139027,18,204365
4997,0.002777,172.31.36.0-255,66,139093,18,204365
4998,0.00279,74.125.24.0-255,1484,140577,18,204365
4999,0.002839,74.125.24.0-255,2902,143479,18,204365
5000,0.002841,172.31.36.0-255,66,143545,18,204365
5001,0.002858,74.125.24.0-255,5738,149283,18,204365
5002,0.002861,172.31.36.0-255,66,149349,18,204365
5003,0.002872,172.31.36.0-255,66,149415,18,204365
5004,0.002878,74.125.24.0-255,6438,155853,18,204365
5005,0.002881,172.31.36.0-255,66,155919,18,204365
5006,0.002887,74.125.24.0-255,7156,163075,18,204365
5007,0.002889,172.31.36.0-255,66,163141,18,204365
5008,0.002899,172.31.36.0-255,66,163207,18,204365
5009,0.002935,74.125.24.0-255,4320,167527,18,204365
5010,0.002938,172.31.36.0-255,66,167593,18,204365
5011,0.002971,172.31.36.0-255,66,167659,18,204365
5012,0.00298,172.31.36.0-255,66,167725,18,204365
5013,0.003021,172.31.36.0-255,66,167791,18,204365
5014,0.003038,74.125.24.0-255,2902,170693,18,204365
5015,0.003041,172.31.36.0-255,66,170759,18,204365
5016,0.003062,172.31.36.0-255,66,170825,18,204365
5017,0.003067,74.125.24.0-255,2902,173727,18,204365
5018,0.00307,172.31.36.0-255,66,173793,18,204365
5019,0.003106,172.31.36.0-255,66,173859,18,204365
5020,0.003116,172.31.36.0-255,66,173925,18,204365
5021,0.003137,74.125.24.0-255,2902,176827,18,204365
5022,0.00314,172.31.36.0-255,66,176893,18,204365
5023,0.003172,172.31.36.0-255,66,176959,18,204365
5024,0.003175,74.125.24.0-255,1484,178443,18,204365
5025,0.003178,74.125.24.0-255,1484,179927,18,204365
5026,0.00318,172.31.36.0-255,66,179993,18,204365
5027,0.003201,74.125.24.0-255,5738,185731,18,204365
5028,0.003204,172.31.36.0-255,66,185797,18,204365
5029,0.003233,172.31.36.0-255,66,185863,18,204365
5030,0.003244,172.31.36.0-255,66,185929,18,204365
5031,0.003248,74.125.24.0-255,2902,188831,18,204365
5032,0.003251,172.31.36.0-255,66,188897,18,204365
5033,0.00329,74.125.24.0-255,5738,194635,18,204365
5034,0.003294,172.31.36.0-255,66,194701,18,204365
5035,0.003325,172.31.36.0-255,66,194767,18,204365
5036,0.003338,172.31.36.0-255,66,194833,18,204365
5037,0.003379,74.125.24.0-255,4320,199153,18,204365
5038,0.003384,172.31.36.0-255,66,199219,18,204365
5039,0.003405,74.125.24.0-255,4870,204089,18,204365
5040,0.003408,172.31.36.0-255,66,204155,18,204365
5041,0.003411,74.125.24.0-255,105,204260,18,204365
5042,0.009353,172.31.36.0-255,105,204365,18,204365
5043,0.0,74.125.24.0-255,66,66,18,66
5044,0.0,74.125.24.0-255,153,153,18,176471
5045,2.1e-05,172.31.36.0-255,66,219,18,176471
5046,2.8e-05,74.125.24.0-255,1484,1703,18,176471
5047,3.3e-05,172.31.36.0-255,66,1769,18,176471
5048,3.9e-05,74.125.24.0-255,2902,4671,18,176471
5049,4.2e-05,172.31.36.0-255,66,4737,18,176471
5050,4.8e-05,74.125.24.0-255,4320,9057,18,176471
5051,5.2e-05,172.31.36.0-255,66,9123,18,176471
5052,9.9e-05,74.125.24.0-255,4845,13968,18,176471
5053,0.000102,172.31.36.0-255,66,14034,18,176471
5054,0.000246,74.125.24.0-255,1484,15518,18,176471
5055,0.000251,172.31.36.0-255,66,15584,18,176471
5056,0.000258,74.125.24.0-255,2902,18486,18,176471
5057,0.000261,172.31.36.0-255,66,18552,18,176471
5058,0.00029,74.125.24.0-255,5738,24290,18,176471
5059,0.000293,172.31.36.0-255,66,24356,18,176471
5060,0.000313,74.125.24.0-255,1484,25840,18,176471
5061,0.000316,172.31.36.0-255,66,25906,18,176471
5062,0.000337,74.125.24.0-255,2902,28808,18,176471
5063,0.000339,172.31.36.0-255,66,28874,18,176471
5064,0.000342,74.125.24.0-255,1484,30358,18,176471
5065,0.000344,172.31.36.0-255,66,30424,18,176471
5066,0.000378,74.125.24.0-255,1125,31549,18,176471
5067,0.000381,172.31.36.0-255,66,31615,18,176471
5068,0.000468,74.125.24.0-255,1484,33099,18,176471
5069,0.000471,172.31.36.0-255,66,33165,18,176471
5070,0.000476,74.125.24.0-255,2902,36067,18,176471
5071,0.000478,172.31.36.0-255,66,36133,18,176471
5072,0.000508,74.125.24.0-255,4320,40453,18,176471
5073,0.000511,172.31.36.0-255,66,40519,18,176471
5074,0.000517,74.125.24.0-255,5738,46257,18,176471
5075,0.00052,172.31.36.0-255,66,46323,18,176471
5076,0.000542,74.125.24.0-255,4320,50643,18,176471
5077,0.000545,172.31.36.0-255,66,50709,18,176471
5078,0.000586,74.125.24.0-255,7109,57818,18,176471
5079,0.000591,172.31.36.0-255,66,57884,18,176471
5080,0.000791,74.125.24.0-255,110,57994,18,176471
5081,0.000904,74.125.24.0-255,1484,59478,18,176471
5082,0.000908,172.31.36.0-255,66,59544,18,176471
5083,0.000914,74.125.24.0-255,2902,62446,18,176471
5084,0.000916,172.31.36.0-255,66,62512,18,176471
5085,0.000921,74.125.24.0-255,2902,65414,18,176471
5086,0.000924,172.31.36.0-255,66,65480,18,176471
5087,0.000943,74.125.24.0-255,2902,68382,18,176471
5088,0.000946,172.31.36.0-255,66,68448,18,176471
5089,0.000951,74.125.24.0-255,2902,71350,18,176471
5090,0.000953,172.31.36.0-255,66,71416,18,176471
5091,0.000994,172.31.36.0-255,66,71482,18,176471
5092,0.001012,74.125.24.0-255,329,71811,18,176471
5093,0.001259,74.125.24.0-255,1484,73295,18,176471
5094,0.001263,172.31.36.0-255,66,73361,18,176471
5095,0.001269,74.125.24.0-255,2902,76263,18,176471
5096,0.001272,172.31.36.0-255,66,76329,18,176471
5097,0.001278,74.125.24.0-255,5738,82067,18,176471
5098,0.00128,172.31.36.0-255,66,82133,18,176471
5099,0.001308,74.125.24.0-255,2902,85035,18,176471
5100,0.00131,172.31.36.0-255,66,85101,18,176471
5101,0.001335,172.31.36.0-255,66,85167,18,176471
5102,0.00136,172.31.36.0-255,66,85233,18,176471
5103,0.001485,74.125.24.0-255,1484,86717,18,176471
5104,0.001506,74.125.24.0-255,2902,89619,18,176471
5105,0.001513,74.125.24.0-255,5738,95357,18,176471
5106,0.001518,172.31.36.0-255,66,95423,18,176471
5107,0.001542,74.125.24.0-255,7156,102579,18,176471
5108,0.001544,172.31.36.0-255,66,102645,18,176471
5109,0.001547,74.125.24.0-255,1484,104129,18,176471
5110,0.001588,74.125.24.0-255,4320,108449,18,176471
5111,0.001592,74.125.24.0-255,2184,110633,18,176471
5112,0.001603,172.31.36.0-255,66,110699,18,176471
5113,0.001901,74.125.24.0-255,1484,112183,18,176471
5114,0.001917,74.125.24.0-255,2902,115085,18,176471
5115,0.001921,172.31.36.0-255,66,115151,18,176471
5116,0.001925,74.125.24.0-255,1484,116635,18,176471
5117,0.001944,74.125.24.0-255,4320,120955,18,176471
5118,0.001949,74.125.24.0-255,4320,125275,18,176471
5119,0.001954,172.31.36.0-255,66,125341,18,176471
5120,0.002002,172.31.36.0-255,66,125407,18,176471
5121,0.002036,74.125.24.0-255,1484,126891,18,176471
5122,0.002054,74.125.24.0-255,2902,129793,18,176471
5123,0.002056,74.125.24.0-255,1484,131277,18,176471
5124,0.00206,172.31.36.0-255,66,131343,18,176471
5125,0.002075,74.125.24.0-255,4320,135663,18,176471
5126,0.00211,74.125.24.0-255,4320,139983,18,176471
5127,0.002122,172.31.36.0-255,66,140049,18,176471
5128,0.002159,74.125.24.0-255,2184,142233,18,176471
5129,0.002164,172.31.36.0-255,66,142299,18,176471
5130,0.002328,74.125.24.0-255,1484,143783,18,176471
5131,0.002335,74.125.24.0-255,2902,146685,18,176471
5132,0.002338,172.31.36.0-255,66,146751,18,176471
5133,0.002364,74.125.24.0-255,5738,152489,18,176471
5134,0.002379,74.125.24.0-255,5738,158227,18,176471
5135,0.002387,172.31.36.0-255,66,158293,18,176471
5136,0.002418,74.125.24.0-255,4320,162613,18,176471
5137,0.00243,74.125.24.0-255,2184,164797,18,176471
5138,0.002461,172.31.36.0-255,66,164863,18,176471
5139,0.005012,74.125.24.0-255,5738,170601,18,176471
5140,0.005019,172.31.36.0-255,66,170667,18,176471
5141,0.007602,74.125.24.0-255,5738,176405,18,176471
5142,0.007606,172.31.36.0-255,66,176471,18,176471
5143,0.0,172.217.194.0-255,209,209,18,258371
5144,3e-05,172.217.194.0-255,1484,1693,18,258371
5145,3.8e-05,172.31.36.0-255,66,1759,18,258371
5146,4.7e-05,172.217.194.0-255,4320,6079,18,258371
5147,0.00014,172.31.36.0-255,66,6145,18,258371
5148,0.000177,172.217.194.0-255,1484,7629,18,258371
5149,0.000182,172.217.194.0-255,2902,10531,18,258371
5150,0.000196,172.217.194.0-255,4320,14851,18,258371
5151,0.000213,172.217.194.0-255,1484,16335,18,258371
5152,0.000231,172.217.194.0-255,2902,19237,18,258371
5153,0.000257,172.217.194.0-255,3961,23198,18,258371
5154,0.000265,172.217.194.0-255,7156,30354,18,258371
5155,0.000285,172.217.194.0-255,4320,34674,18,258371
5156,0.000304,172.217.194.0-255,7156,41830,18,258371
5157,0.000312,172.217.194.0-255,5738,47568,18,258371
5158,0.00033,172.217.194.0-255,7156,54724,18,258371
5159,0.000335,172.217.194.0-255,2511,57235,18,258371
5160,0.00038,172.217.194.0-255,4320,61555,18,258371
5161,0.000385,172.217.194.0-255,4320,65875,18,258371
5162,0.000397,172.217.194.0-255,1484,67359,18,258371
5163,0.000423,172.217.194.0-255,7089,74448,18,258371
5164,0.000426,172.217.194.0-255,1484,75932,18,258371
5165,0.000446,172.217.194.0-255,5738,81670,18,258371
5166,0.000571,172.31.36.0-255,66,81736,18,258371
5167,0.000772,172.217.194.0-255,1484,83220,18,258371
5168,0.000789,172.217.194.0-255,1484,84704,18,258371
5169,0.000794,172.217.194.0-255,2902,87606,18,258371
5170,0.000808,172.31.36.0-255,66,87672,18,258371
5171,0.00082,172.217.194.0-255,5738,93410,18,258371
5172,0.000857,172.217.194.0-255,2902,96312,18,258371
5173,0.000862,172.31.36.0-255,66,96378,18,258371
5174,0.000887,172.31.36.0-255,66,96444,18,258371
5175,0.000898,172.217.194.0-255,5738,102182,18,258371
5176,0.000903,172.31.36.0-255,66,102248,18,258371
5177,0.000934,172.217.194.0-255,5020,107268,18,258371
5178,0.000937,172.217.194.0-255,1484,108752,18,258371
5179,0.000941,172.217.194.0-255,2902,111654,18,258371
5180,0.00096,172.31.36.0-255,66,111720,18,258371
5181,0.000972,172.217.194.0-255,2902,114622,18,258371
5182,0.000995,172.217.194.0-255,2902,117524,18,258371
5183,0.001,172.217.194.0-255,4320,121844,18,258371
5184,0.001016,172.31.36.0-255,66,121910,18,258371
5185,0.001057,172.217.194.0-255,2902,124812,18,258371
5186,0.001064,172.217.194.0-255,5738,130550,18,258371
5187,0.001074,172.31.36.0-255,66,130616,18,258371
5188,0.001099,172.217.194.0-255,2184,132800,18,258371
5189,0.001116,172.31.36.0-255,66,132866,18,258371
5190,0.001141,172.217.194.0-255,2902,135768,18,258371
5191,0.001158,172.31.36.0-255,66,135834,18,258371
5192,0.001166,172.217.194.0-255,2902,138736,18,258371
5193,0.001172,172.31.36.0-255,66,138802,18,258371
5194,0.001185,172.217.194.0-255,1484,140286,18,258371
5195,0.001201,172.217.194.0-255,1484,141770,18,258371
5196,0.001234,172.31.36.0-255,66,141836,18,258371
5197,0.00127,172.217.194.0-255,1484,143320,18,258371
5198,0.001277,172.31.36.0-255,66,143386,18,258371
5199,0.001294,172.217.194.0-255,7156,150542,18,258371
5200,0.0013,172.31.36.0-255,66,150608,18,258371
5201,0.001313,172.217.194.0-255,7156,157764,18,258371
5202,0.001347,172.217.194.0-255,2902,160666,18,258371
5203,0.001371,172.217.194.0-255,6438,167104,18,258371
5204,0.001396,172.31.36.0-255,66,167170,18,258371
5205,0.001484,172.217.194.0-255,1484,168654,18,258371
5206,0.00149,172.217.194.0-255,2902,171556,18,258371
5207,0.001503,172.31.36.0-255,66,171622,18,258371
5208,0.001516,172.217.194.0-255,4320,175942,18,258371
5209,0.001556,172.217.194.0-255,1484,177426,18,258371
5210,0.001563,172.217.194.0-255,5738,183164,18,258371
5211,0.001584,172.217.194.0-255,5020,188184,18,258371
5212,0.001602,172.31.36.0-255,66,188250,18,258371
5213,0.001626,172.217.194.0-255,1484,189734,18,258371
5214,0.001631,172.217.194.0-255,2902,192636,18,258371
5215,0.001641,172.31.36.0-255,66,192702,18,258371
5216,0.001657,172.217.194.0-255,5738,198440,18,258371
5217,0.001698,172.217.194.0-255,4320,202760,18,258371
5218,0.001719,172.217.194.0-255,4320,207080,18,258371
5219,0.001722,172.31.36.0-255,66,207146,18,258371
5220,0.001743,172.217.194.0-255,6438,213584,18,258371
5221,0.001759,172.31.36.0-255,66,213650,18,258371
5222,0.001779,172.217.194.0-255,5738,219388,18,258371
5223,0.001798,172.217.194.0-255,5738,225126,18,258371
5224,0.001805,172.217.194.0-255,5738,230864,18,258371
5225,0.001825,172.217.194.0-255,7156,238020,18,258371
5226,0.001852,172.31.36.0-255,66,238086,18,258371
5227,0.001877,172.217.194.0-255,1484,239570,18,258371
5228,0.001881,172.217.194.0-255,2902,242472,18,258371
5229,0.001899,172.31.36.0-255,66,242538,18,258371
5230,0.001906,172.217.194.0-255,5738,248276,18,258371
5231,0.001923,172.31.36.0-255,66,248342,18,258371
5232,0.001961,172.31.36.0-255,66,248408,18,258371
5233,0.001989,172.217.194.0-255,5738,254146,18,258371
5234,0.002,172.31.36.0-255,66,254212,18,258371
5235,0.002071,172.217.194.0-255,3821,258033,18,258371
5236,0.002082,172.31.36.0-255,66,258099,18,258371
5237,0.002085,172.217.194.0-255,105,258204,18,258371
5238,0.003069,172.31.36.0-255,101,258305,18,258371
5239,0.005378,172.217.194.0-255,66,258371,18,258371
5240,0.0,172.217.194.0-255,143,143,18,195282
5241,3.7e-05,172.31.36.0-255,66,209,18,195282
5242,4.4e-05,172.217.194.0-255,1484,1693,18,195282
5243,4.9e-05,172.31.36.0-255,66,1759,18,195282
5244,5.4e-05,172.217.194.0-255,2902,4661,18,195282
5245,5.6e-05,172.31.36.0-255,66,4727,18,195282
5246,6.4e-05,172.217.194.0-255,7156,11883,18,195282
5247,6.8e-05,172.31.36.0-255,66,11949,18,195282
5248,7e-05,172.217.194.0-255,1484,13433,18,195282
5249,7.2e-05,172.31.36.0-255,66,13499,18,195282
5250,9.8e-05,172.217.194.0-255,2013,15512,18,195282
5251,0.000101,172.31.36.0-255,66,15578,18,195282
5252,0.000116,172.217.194.0-255,4320,19898,18,195282
5253,0.000119,172.31.36.0-255,66,19964,18,195282
5254,0.000154,172.31.36.0-255,66,20030,18,195282
5255,0.000158,172.217.194.0-255,2543,22573,18,195282
5256,0.00016,172.31.36.0-255,66,22639,18,195282
5257,0.000214,172.217.194.0-255,1484,24123,18,195282
5258,0.000218,172.31.36.0-255,66,24189,18,195282
5259,0.000223,172.217.194.0-255,2902,27091,18,195282
5260,0.000226,172.31.36.0-255,66,27157,18,195282
5261,0.000249,172.217.194.0-255,2902,30059,18,195282
5262,0.000253,172.31.36.0-255,66,30125,18,195282
5263,0.00027,172.217.194.0-255,2902,33027,18,195282
5264,0.000273,172.31.36.0-255,66,33093,18,195282
5265,0.000278,172.217.194.0-255,2902,35995,18,195282
5266,0.00028,172.31.36.0-255,66,36061,18,195282
5267,0.000305,172.31.36.0-255,66,36127,18,195282
5268,0.000308,172.217.194.0-255,1484,37611,18,195282
5269,0.00031,172.31.36.0-255,66,37677,18,195282
5270,0.000348,172.217.194.0-255,7156,44833,18,195282
5271,0.000353,172.31.36.0-255,66,44899,18,195282
5272,0.000366,172.217.194.0-255,1413,46312,18,195282
5273,0.000614,172.217.194.0-255,366,46678,18,195282
5274,0.000618,172.31.36.0-255,66,46744,18,195282
5275,0.000674,172.217.194.0-255,1484,48228,18,195282
5276,0.000678,172.217.194.0-255,1484,49712,18,195282
5277,0.00068,172.31.36.0-255,66,49778,18,195282
5278,0.000699,172.217.194.0-255,1484,51262,18,195282
5279,0.000705,172.217.194.0-255,4320,55582,18,195282
5280,0.000707,172.31.36.0-255,66,55648,18,195282
5281,0.000725,172.217.194.0-255,7156,62804,18,195282
5282,0.000728,172.31.36.0-255,66,62870,18,195282
5283,0.00075,172.217.194.0-255,2543,65413,18,195282
5284,0.000752,172.31.36.0-255,66,65479,18,195282
5285,0.000755,172.217.194.0-255,1484,66963,18,195282
5286,0.000785,172.31.36.0-255,66,67029,18,195282
5287,0.000885,172.217.194.0-255,1484,68513,18,195282
5288,0.000905,172.217.194.0-255,1484,69997,18,195282
5289,0.000909,172.31.36.0-255,66,70063,18,195282
5290,0.000914,172.217.194.0-255,2902,72965,18,195282
5291,0.000916,172.31.36.0-255,66,73031,18,195282
5292,0.00092,172.217.194.0-255,1484,74515,18,195282
5293,0.000937,172.217.194.0-255,4320,78835,18,195282
5294,0.000939,172.31.36.0-255,66,78901,18,195282
5295,0.00098,172.31.36.0-255,66,78967,18,195282
5296,0.001038,172.31.36.0-255,66,79033,18,195282
5297,0.001044,172.31.36.0-255,66,79099,18,195282
5298,0.001056,172.217.194.0-255,2902,82001,18,195282
5299,0.001059,172.31.36.0-255,66,82067,18,195282
5300,0.001096,172.31.36.0-255,66,82133,18,195282
5301,0.001119,172.217.194.0-255,5738,87871,18,195282
5302,0.001122,172.31.36.0-255,66,87937,18,195282
5303,0.001142,172.217.194.0-255,2184,90121,18,195282
5304,0.001146,172.31.36.0-255,66,90187,18,195282
5305,0.00127,172.217.194.0-255,1484,91671,18,195282
5306,0.001296,172.217.194.0-255,1484,93155,18,195282
5307,0.0013,172.31.36.0-255,66,93221,18,195282
5308,0.001322,172.217.194.0-255,1484,94705,18,195282
5309,0.001329,172.217.194.0-255,5738,100443,18,195282
5310,0.001332,172.31.36.0-255,66,100509,18,195282
5311,0.001343,172.31.36.0-255,66,100575,18,195282
5312,0.001378,172.31.36.0-255,66,100641,18,195282
5313,0.001404,172.217.194.0-255,1484,102125,18,195282
5314,0.00142,172.217.194.0-255,5738,107863,18,195282
5315,0.001423,172.31.36.0-255,66,107929,18,195282
5316,0.001434,172.31.36.0-255,66,107995,18,195282
5317,0.001456,172.217.194.0-255,2902,110897,18,195282
5318,0.001459,172.31.36.0-255,66,110963,18,195282
5319,0.001493,172.31.36.0-255,66,111029,18,195282
5320,0.001496,172.217.194.0-255,766,111795,18,195282
5321,0.001534,172.217.194.0-255,1484,113279,18,195282
5322,0.001538,172.31.36.0-255,66,113345,18,195282
5323,0.001543,172.217.194.0-255,2902,116247,18,195282
5324,0.001546,172.31.36.0-255,66,116313,18,195282
5325,0.001575,172.217.194.0-255,1484,117797,18,195282
5326,0.00158,172.217.194.0-255,2902,120699,18,195282
5327,0.001583,172.31.36.0-255,66,120765,18,195282
5328,0.001625,172.217.194.0-255,5738,126503,18,195282
5329,0.001629,172.31.36.0-255,66,126569,18,195282
5330,0.001644,172.217.194.0-255,1484,128053,18,195282
5331,0.001669,172.217.194.0-255,5738,133791,18,195282
5332,0.001672,172.31.36.0-255,66,133857,18,195282
5333,0.001679,172.217.194.0-255,5738,139595,18,195282
5334,0.001681,172.31.36.0-255,66,139661,18,195282
5335,0.001696,172.217.194.0-255,4320,143981,18,195282
5336,0.001699,172.31.36.0-255,66,144047,18,195282
5337,0.001718,172.217.194.0-255,1484,145531,18,195282
5338,0.001733,172.217.194.0-255,766,146297,18,195282
5339,0.001736,172.31.36.0-255,66,146363,18,195282
5340,0.001855,172.217.194.0-255,1484,147847,18,195282
5341,0.001861,172.217.194.0-255,2902,150749,18,195282
5342,0.001864,172.31.36.0-255,66,150815,18,195282
5343,0.001869,172.217.194.0-255,2902,153717,18,195282
5344,0.001871,172.31.36.0-255,66,153783,18,195282
5345,0.001885,172.217.194.0-255,2902,156685,18,195282
5346,0.001888,172.31.36.0-255,66,156751,18,195282
5347,0.001891,172.217.194.0-255,1484,158235,18,195282
5348,0.001914,172.31.36.0-255,66,158301,18,195282
5349,0.001932,172.217.194.0-255,5738,164039,18,195282
5350,0.001935,172.31.36.0-255,66,164105,18,195282
5351,0.001961,172.217.194.0-255,5020,169125,18,195282
5352,0.001964,172.31.36.0-255,66,169191,18,195282
5353,0.00201,172.217.194.0-255,1484,170675,18,195282
5354,0.002031,172.217.194.0-255,2902,173577,18,195282
5355,0.002035,172.31.36.0-255,66,173643,18,195282
5356,0.002072,172.217.194.0-255,1484,175127,18,195282
5357,0.002088,172.217.194.0-255,4320,179447,18,195282
5358,0.002091,172.31.36.0-255,66,179513,18,195282
5359,0.002101,172.31.36.0-255,66,179579,18,195282
5360,0.002126,172.217.194.0-255,4320,183899,18,195282
5361,0.002129,172.31.36.0-255,66,183965,18,195282
5362,0.002134,172.217.194.0-255,2902,186867,18,195282
5363,0.002136,172.31.36.0-255,66,186933,18,195282
5364,0.002159,172.31.36.0-255,66,186999,18,195282
5365,0.00217,172.31.36.0-255,66,187065,18,195282
5366,0.002225,172.31.36.0-255,66,187131,18,195282
5367,0.002263,172.31.36.0-255,66,187197,18,195282
5368,0.002282,172.31.36.0-255,66,187263,18,195282
5369,0.002294,172.31.36.0-255,66,187329,18,195282
5370,0.002299,172.217.194.0-255,2902,190231,18,195282
5371,0.002301,172.31.36.0-255,66,190297,18,195282
5372,0.002338,172.217.194.0-255,4814,195111,18,195282
5373,0.002341,172.31.36.0-255,66,195177,18,195282
5374,0.004586,172.217.194.0-255,105,195282,18,195282
5375,0.0,172.217.27.0-255,152,152,18,128545
5376,3.3e-05,172.31.36.0-255,66,218,18,128545
5377,4e-05,172.217.27.0-255,1484,1702,18,128545
5378,4.4e-05,172.31.36.0-255,66,1768,18,128545
5379,4.8e-05,172.217.27.0-255,2902,4670,18,128545
5380,5e-05,172.31.36.0-255,66,4736,18,128545
5381,5.8e-05,172.217.27.0-255,5738,10474,18,128545
5382,6e-05,172.31.36.0-255,66,10540,18,128545
5383,6.3e-05,172.217.27.0-255,1484,12024,18,128545
5384,6.5e-05,172.31.36.0-255,66,12090,18,128545
5385,8.6e-05,172.217.27.0-255,1484,13574,18,128545
5386,8.8e-05,172.31.36.0-255,66,13640,18,128545
5387,0.00012,172.217.27.0-255,629,14269,18,128545
5388,0.000123,172.31.36.0-255,66,14335,18,128545
5389,0.000228,172.217.27.0-255,1484,15819,18,128545
5390,0.000233,172.31.36.0-255,66,15885,18,128545
5391,0.000238,172.217.27.0-255,2902,18787,18,128545
5392,0.000241,172.31.36.0-255,66,18853,18,128545
5393,0.000254,172.217.27.0-255,2902,21755,18,128545
5394,0.000256,172.31.36.0-255,66,21821,18,128545
5395,0.000275,172.217.27.0-255,2902,24723,18,128545
5396,0.000278,172.31.36.0-255,66,24789,18,128545
5397,0.000292,172.217.27.0-255,2902,27691,18,128545
5398,0.000297,172.31.36.0-255,101,27792,18,128545
5399,0.000314,172.31.36.0-255,66,27858,18,128545
5400,0.000346,172.31.36.0-255,66,27924,18,128545
5401,0.000351,172.217.27.0-255,7156,35080,18,128545
5402,0.000353,172.31.36.0-255,66,35146,18,128545
5403,0.000368,172.31.36.0-255,66,35212,18,128545
5404,0.000376,172.217.27.0-255,4320,39532,18,128545
5405,0.000379,172.217.27.0-255,1061,40593,18,128545
5406,0.000383,172.31.36.0-255,66,40659,18,128545
5407,0.000987,172.217.27.0-255,382,41041,18,128545
5408,0.001171,172.217.27.0-255,1484,42525,18,128545
5409,0.001176,172.31.36.0-255,66,42591,18,128545
5410,0.001184,172.217.27.0-255,2902,45493,18,128545
5411,0.001189,172.217.27.0-255,5738,51231,18,128545
5412,0.001214,172.217.27.0-255,7156,58387,18,128545
5413,0.001219,172.217.27.0-255,4320,62707,18,128545
5414,0.001227,172.31.36.0-255,66,62773,18,128545
5415,0.001239,172.217.27.0-255,7156,69929,18,128545
5416,0.001244,172.31.36.0-255,66,69995,18,128545
5417,0.001253,172.217.27.0-255,2902,72897,18,128545
5418,0.001256,172.217.27.0-255,2184,75081,18,128545
5419,0.001288,172.31.36.0-255,66,75147,18,128545
5420,0.001507,172.217.27.0-255,1484,76631,18,128545
5421,0.001513,172.217.27.0-255,2902,79533,18,128545
5422,0.001516,172.31.36.0-255,66,79599,18,128545
5423,0.001542,172.217.27.0-255,1484,81083,18,128545
5424,0.001554,172.217.27.0-255,4320,85403,18,128545
5425,0.001563,172.217.27.0-255,1484,86887,18,128545
5426,0.001584,172.31.36.0-255,66,86953,18,128545
5427,0.00161,172.217.27.0-255,2902,89855,18,128545
5428,0.00162,172.31.36.0-255,66,89921,18,128545
5429,0.001649,172.217.27.0-255,4320,94241,18,128545
5430,0.001657,172.31.36.0-255,66,94307,18,128545
5431,0.001672,172.31.36.0-255,66,94373,18,128545
5432,0.001683,172.217.27.0-255,4320,98693,18,128545
5433,0.001692,172.31.36.0-255,66,98759,18,128545
5434,0.00171,172.217.27.0-255,6438,105197,18,128545
5435,0.001716,172.31.36.0-255,66,105263,18,128545
5436,0.001905,172.217.27.0-255,66,105329,18,128545
5437,0.003366,172.217.27.0-255,5738,111067,18,128545
5438,0.003371,172.31.36.0-255,66,111133,18,128545
5439,0.005005,172.217.27.0-255,5738,116871,18,128545
5440,0.005009,172.31.36.0-255,66,116937,18,128545
5441,0.006652,172.217.27.0-255,5738,122675,18,128545
5442,0.006659,172.31.36.0-255,66,122741,18,128545
5443,0.008319,172.217.27.0-255,5738,128479,18,128545
5444,0.008325,172.31.36.0-255,66,128545,18,128545
5445,0.0,74.125.24.0-255,150,150,18,166452
5446,2.7e-05,172.31.36.0-255,66,216,18,166452
5447,4.4e-05,74.125.24.0-255,1484,1700,18,166452
5448,4.8e-05,172.31.36.0-255,66,1766,18,166452
5449,5.1e-05,74.125.24.0-255,1484,3250,18,166452
5450,5.4e-05,172.31.36.0-255,66,3316,18,166452
5451,8e-05,74.125.24.0-255,1484,4800,18,166452
5452,8.3e-05,172.31.36.0-255,66,4866,18,166452
5453,9e-05,74.125.24.0-255,5738,10604,18,166452
5454,9.2e-05,172.31.36.0-255,66,10670,18,166452
5455,9.7e-05,74.125.24.0-255,3454,14124,18,166452
5456,9.9e-05,172.31.36.0-255,66,14190,18,166452
5457,0.000122,74.125.24.0-255,1484,15674,18,166452
5458,0.000125,172.31.36.0-255,66,15740,18,166452
5459,0.000146,74.125.24.0-255,2902,18642,18,166452
5460,0.000148,172.31.36.0-255,66,18708,18,166452
5461,0.00016,172.31.36.0-255,66,18774,18,166452
5462,0.0002,74.125.24.0-255,2543,21317,18,166452
5463,0.000203,172.31.36.0-255,66,21383,18,166452
5464,0.000218,74.125.24.0-255,1484,22867,18,166452
5465,0.000221,172.31.36.0-255,66,22933,18,166452
5466,0.000244,74.125.24.0-255,1484,24417,18,166452
5467,0.000248,172.31.36.0-255,66,24483,18,166452
5468,0.00025,74.125.24.0-255,7156,31639,18,166452
5469,0.000253,74.125.24.0-255,2902,34541,18,166452
5470,0.000253,172.31.36.0-255,66,34607,18,166452
5471,0.000256,172.31.36.0-255,66,34673,18,166452
5472,0.000273,74.125.24.0-255,3961,38634,18,166452
5473,0.000276,172.31.36.0-255,66,38700,18,166452
5474,0.000503,74.125.24.0-255,1484,40184,18,166452
5475,0.000508,172.31.36.0-255,66,40250,18,166452
5476,0.000511,74.125.24.0-255,1484,41734,18,166452
5477,0.000523,74.125.24.0-255,1484,43218,18,166452
5478,0.000526,172.31.36.0-255,66,43284,18,166452
5479,0.000533,74.125.24.0-255,5738,49022,18,166452
5480,0.000535,172.31.36.0-255,66,49088,18,166452
5481,0.000575,74.125.24.0-255,6797,55885,18,166452
5482,0.000579,172.31.36.0-255,66,55951,18,166452
5483,0.000689,74.125.24.0-255,645,56596,18,166452
5484,0.000774,172.31.36.0-255,66,56662,18,166452
5485,0.00118,74.125.24.0-255,1484,58146,18,166452
5486,0.00119,74.125.24.0-255,2902,61048,18,166452
5487,0.001194,172.31.36.0-255,66,61114,18,166452
5488,0.001201,74.125.24.0-255,4320,65434,18,166452
5489,0.001202,172.31.36.0-255,66,65500,18,166452
5490,0.001216,74.125.24.0-255,1484,66984,18,166452
5491,0.001227,172.31.36.0-255,66,67050,18,166452
5492,0.001272,74.125.24.0-255,5738,72788,18,166452
5493,0.001276,172.31.36.0-255,66,72854,18,166452
5494,0.001304,172.31.36.0-255,66,72920,18,166452
5495,0.001688,74.125.24.0-255,1484,74404,18,166452
5496,0.001694,74.125.24.0-255,2902,77306,18,166452
5497,0.001697,172.31.36.0-255,66,77372,18,166452
5498,0.001702,74.125.24.0-255,2902,80274,18,166452
5499,0.001704,172.31.36.0-255,66,80340,18,166452
5500,0.001716,74.125.24.0-255,2902,83242,18,166452
5501,0.001718,172.31.36.0-255,66,83308,18,166452
5502,0.001721,74.125.24.0-255,1484,84792,18,166452
5503,0.001743,74.125.24.0-255,4320,89112,18,166452
5504,0.001745,172.31.36.0-255,66,89178,18,166452
5505,0.001757,172.31.36.0-255,66,89244,18,166452
5506,0.001773,74.125.24.0-255,1484,90728,18,166452
5507,0.001796,74.125.24.0-255,1484,92212,18,166452
5508,0.001798,172.31.36.0-255,66,92278,18,166452
5509,0.001817,74.125.24.0-255,3602,95880,18,166452
5510,0.00182,172.31.36.0-255,66,95946,18,166452
5511,0.001932,74.125.24.0-255,1484,97430,18,166452
5512,0.001935,74.125.24.0-255,1484,98914,18,166452
5513,0.001936,172.31.36.0-255,66,98980,18,166452
5514,0.001952,74.125.24.0-255,1484,100464,18,166452
5515,0.001965,74.125.24.0-255,5738,106202,18,166452
5516,0.001967,172.31.36.0-255,66,106268,18,166452
5517,0.002022,74.125.24.0-255,5738,112006,18,166452
5518,0.002025,172.31.36.0-255,66,112072,18,166452
5519,0.002046,74.125.24.0-255,7156,119228,18,166452
5520,0.002048,172.31.36.0-255,66,119294,18,166452
5521,0.002059,172.31.36.0-255,66,119360,18,166452
5522,0.002199,74.125.24.0-255,1484,120844,18,166452
5523,0.002212,74.125.24.0-255,1484,122328,18,166452
5524,0.002214,172.31.36.0-255,66,122394,18,166452
5525,0.002228,74.125.24.0-255,1484,123878,18,166452
5526,0.002231,74.125.24.0-255,1484,125362,18,166452
5527,0.002233,172.31.36.0-255,66,125428,18,166452
5528,0.002253,74.125.24.0-255,2902,128330,18,166452
5529,0.002256,172.31.36.0-255,66,128396,18,166452
5530,0.002268,74.125.24.0-255,1484,129880,18,166452
5531,0.002287,74.125.24.0-255,7156,137036,18,166452
5532,0.002289,172.31.36.0-255,66,137102,18,166452
5533,0.002294,74.125.24.0-255,4320,141422,18,166452
5534,0.002297,172.31.36.0-255,66,141488,18,166452
5535,0.00235,74.125.24.0-255,2902,144390,18,166452
5536,0.002352,172.31.36.0-255,66,144456,18,166452
5537,0.002378,172.31.36.0-255,66,144522,18,166452
5538,0.002424,74.125.24.0-255,1484,146006,18,166452
5539,0.002428,74.125.24.0-255,2902,148908,18,166452
5540,0.00243,172.31.36.0-255,66,148974,18,166452
5541,0.00475,74.125.24.0-255,1484,150458,18,166452
5542,0.004794,74.125.24.0-255,4320,154778,18,166452
5543,0.004799,172.31.36.0-255,66,154844,18,166452
5544,0.007172,74.125.24.0-255,5738,160582,18,166452
5545,0.007177,172.31.36.0-255,66,160648,18,166452
5546,0.009554,74.125.24.0-255,5738,166386,18,166452
5547,0.009561,172.31.36.0-255,66,166452,18,166452
5548,0.0,172.217.194.0-255,153,153,18,210980
5549,3.5e-05,172.31.36.0-255,66,219,18,210980
5550,4.2e-05,172.217.194.0-255,1484,1703,18,210980
5551,4.7e-05,172.31.36.0-255,66,1769,18,210980
5552,5.1e-05,172.217.194.0-255,1484,3253,18,210980
5553,6e-05,172.31.36.0-255,66,3319,18,210980
5554,9.4e-05,172.217.194.0-255,1484,4803,18,210980
5555,9.8e-05,172.31.36.0-255,66,4869,18,210980
5556,0.000106,172.217.194.0-255,5738,10607,18,210980
5557,0.000108,172.31.36.0-255,66,10673,18,210980
5558,0.000114,172.217.194.0-255,4856,15529,18,210980
5559,0.000116,172.31.36.0-255,66,15595,18,210980
5560,0.000122,172.217.194.0-255,5738,21333,18,210980
5561,0.000125,172.31.36.0-255,66,21399,18,210980
5562,0.000167,172.31.36.0-255,66,21465,18,210980
5563,0.000196,172.217.194.0-255,1484,22949,18,210980
5564,0.000199,172.31.36.0-255,66,23015,18,210980
5565,0.000203,172.217.194.0-255,2902,25917,18,210980
5566,0.000205,172.31.36.0-255,66,25983,18,210980
5567,0.000212,172.217.194.0-255,5738,31721,18,210980
5568,0.000215,172.31.36.0-255,66,31787,18,210980
5569,0.000244,172.217.194.0-255,2902,34689,18,210980
5570,0.000246,172.31.36.0-255,66,34755,18,210980
5571,0.000267,172.217.194.0-255,3961,38716,18,210980
5572,0.00027,172.31.36.0-255,66,38782,18,210980
5573,0.000533,172.217.194.0-255,1484,40266,18,210980
5574,0.000537,172.31.36.0-255,66,40332,18,210980
5575,0.000543,172.217.194.0-255,2902,43234,18,210980
5576,0.000546,172.31.36.0-255,66,43300,18,210980
5577,0.00055,172.217.194.0-255,2902,46202,18,210980
5578,0.000559,172.31.36.0-255,66,46268,18,210980
5579,0.000574,172.217.194.0-255,2902,49170,18,210980
5580,0.000591,172.31.36.0-255,66,49236,18,210980
5581,0.000607,172.31.36.0-255,66,49302,18,210980
5582,0.000752,172.217.194.0-255,1484,50786,18,210980
5583,0.000757,172.217.194.0-255,2902,53688,18,210980
5584,0.00076,172.31.36.0-255,66,53754,18,210980
5585,0.000777,172.217.194.0-255,5738,59492,18,210980
5586,0.000789,172.31.36.0-255,66,59558,18,210980
5587,0.000815,172.217.194.0-255,4320,63878,18,210980
5588,0.000824,172.31.36.0-255,66,63944,18,210980
5589,0.00083,172.217.194.0-255,4320,68264,18,210980
5590,0.000844,172.31.36.0-255,66,68330,18,210980
5591,0.000853,172.217.194.0-255,4320,72650,18,210980
5592,0.000856,172.31.36.0-255,66,72716,18,210980
5593,0.000859,172.217.194.0-255,1484,74200,18,210980
5594,0.000882,172.31.36.0-255,66,74266,18,210980
5595,0.000921,172.217.194.0-255,1484,75750,18,210980
5596,0.000927,172.31.36.0-255,66,75816,18,210980
5597,0.000942,172.31.36.0-255,66,75882,18,210980
5598,0.000956,172.217.194.0-255,4320,80202,18,210980
5599,0.000964,172.31.36.0-255,66,80268,18,210980
5600,0.000978,172.31.36.0-255,66,80334,18,210980
5601,0.00099,172.217.194.0-255,1484,81818,18,210980
5602,0.001016,172.217.194.0-255,1484,83302,18,210980
5603,0.001021,172.31.36.0-255,66,83368,18,210980
5604,0.001027,172.217.194.0-255,1484,84852,18,210980
5605,0.001102,172.217.194.0-255,7156,92008,18,210980
5606,0.001113,172.31.36.0-255,66,92074,18,210980
5607,0.001123,172.217.194.0-255,4320,96394,18,210980
5608,0.001132,172.31.36.0-255,66,96460,18,210980
5609,0.001146,172.31.36.0-255,66,96526,18,210980
5610,0.001518,172.217.194.0-255,1484,98010,18,210980
5611,0.001526,172.217.194.0-255,2902,100912,18,210980
5612,0.001529,172.31.36.0-255,66,100978,18,210980
5613,0.001534,172.217.194.0-255,2902,103880,18,210980
5614,0.001552,172.31.36.0-255,66,103946,18,210980
5615,0.001559,172.217.194.0-255,2902,106848,18,210980
5616,0.001567,172.31.36.0-255,66,106914,18,210980
5617,0.001572,172.31.36.0-255,66,106980,18,210980
5618,0.001615,172.217.194.0-255,4320,111300,18,210980
5619,0.001619,172.31.36.0-255,66,111366,18,210980
5620,0.001663,172.31.36.0-255,66,111432,18,210980
5621,0.001728,172.217.194.0-255,1484,112916,18,210980
5622,0.001746,172.217.194.0-255,2902,115818,18,210980
5623,0.001749,172.217.194.0-255,1484,117302,18,210980
5624,0.001754,172.31.36.0-255,66,117368,18,210980
5625,0.001784,172.217.194.0-255,4320,121688,18,210980
5626,0.001787,172.31.36.0-255,66,121754,18,210980
5627,0.001794,172.217.194.0-255,5738,127492,18,210980
5628,0.001806,172.31.36.0-255,66,127558,18,210980
5629,0.00181,172.31.36.0-255,66,127624,18,210980
5630,0.001838,172.217.194.0-255,5020,132644,18,210980
5631,0.001852,172.31.36.0-255,66,132710,18,210980
5632,0.002185,172.217.194.0-255,1484,134194,18,210980
5633,0.002204,172.217.194.0-255,2902,137096,18,210980
5634,0.002208,172.217.194.0-255,2902,139998,18,210980
5635,0.002209,172.31.36.0-255,66,140064,18,210980
5636,0.002225,172.31.36.0-255,66,140130,18,210980
5637,0.002236,172.217.194.0-255,2902,143032,18,210980
5638,0.002239,172.217.194.0-255,1484,144516,18,210980
5639,0.002269,172.217.194.0-255,2902,147418,18,210980
5640,0.002308,172.217.194.0-255,5738,153156,18,210980
5641,0.002325,172.217.194.0-255,4320,157476,18,210980
5642,0.002345,172.217.194.0-255,4320,161796,18,210980
5643,0.00235,172.217.194.0-255,4320,166116,18,210980
5644,0.002385,172.217.194.0-255,1484,167600,18,210980
5645,0.002388,172.217.194.0-255,1484,169084,18,210980
5646,0.002403,172.217.194.0-255,7156,176240,18,210980
5647,0.002466,172.217.194.0-255,5020,181260,18,210980
5648,0.00252,172.217.194.0-255,1484,182744,18,210980
5649,0.002524,172.217.194.0-255,2902,185646,18,210980
5650,0.002531,172.217.194.0-255,5738,191384,18,210980
5651,0.002554,172.217.194.0-255,2902,194286,18,210980
5652,0.002581,172.217.194.0-255,1484,195770,18,210980
5653,0.002605,172.217.194.0-255,7156,202926,18,210980
5654,0.002624,172.217.194.0-255,2184,205110,18,210980
5655,0.005011,172.31.36.0-255,66,205176,18,210980
5656,0.007656,172.217.194.0-255,5738,210914,18,210980
5657,0.007664,172.31.36.0-255,66,210980,18,210980
5658,0.0,74.125.24.0-255,152,152,18,124399
5659,3.7e-05,172.31.36.0-255,66,218,18,124399
5660,4.4e-05,74.125.24.0-255,1484,1702,18,124399
5661,4.8e-05,172.31.36.0-255,66,1768,18,124399
5662,6.1e-05,74.125.24.0-255,2902,4670,18,124399
5663,8e-05,172.31.36.0-255,66,4736,18,124399
5664,8.8e-05,74.125.24.0-255,7156,11892,18,124399
5665,9.1e-05,172.31.36.0-255,66,11958,18,124399
5666,0.000102,74.125.24.0-255,1484,13442,18,124399
5667,0.000105,172.31.36.0-255,66,13508,18,124399
5668,0.000109,172.31.36.0-255,66,13574,18,124399
5669,0.000155,172.31.36.0-255,66,13640,18,124399
5670,0.000177,74.125.24.0-255,2902,16542,18,124399
5671,0.00018,172.31.36.0-255,66,16608,18,124399
5672,0.000231,172.31.36.0-255,66,16674,18,124399
5673,0.000307,74.125.24.0-255,1484,18158,18,124399
5674,0.000312,172.31.36.0-255,66,18224,18,124399
5675,0.000319,74.125.24.0-255,2902,21126,18,124399
5676,0.000321,172.31.36.0-255,66,21192,18,124399
5677,0.000334,74.125.24.0-255,5738,26930,18,124399
5678,0.000337,172.31.36.0-255,66,26996,18,124399
5679,0.000373,74.125.24.0-255,7106,34102,18,124399
5680,0.000377,172.31.36.0-255,66,34168,18,124399
5681,0.000564,74.125.24.0-255,115,34283,18,124399
5682,0.00057,172.31.36.0-255,66,34349,18,124399
5683,0.000604,74.125.24.0-255,1484,35833,18,124399
5684,0.000608,172.31.36.0-255,66,35899,18,124399
5685,0.000614,74.125.24.0-255,2902,38801,18,124399
5686,0.000618,172.31.36.0-255,66,38867,18,124399
5687,0.000631,74.125.24.0-255,5738,44605,18,124399
5688,0.000634,172.31.36.0-255,66,44671,18,124399
5689,0.000638,74.125.24.0-255,1484,46155,18,124399
5690,0.000697,172.31.36.0-255,66,46221,18,124399
5691,0.000717,172.31.36.0-255,66,46287,18,124399
5692,0.000751,74.125.24.0-255,1484,47771,18,124399
5693,0.000757,74.125.24.0-255,2902,50673,18,124399
5694,0.000761,172.31.36.0-255,66,50739,18,124399
5695,0.000765,74.125.24.0-255,1484,52223,18,124399
5696,0.000801,74.125.24.0-255,4320,56543,18,124399
5697,0.000805,172.31.36.0-255,66,56609,18,124399
5698,0.000821,172.31.36.0-255,66,56675,18,124399
5699,0.00084,172.31.36.0-255,66,56741,18,124399
5700,0.000917,74.125.24.0-255,1484,58225,18,124399
5701,0.000923,74.125.24.0-255,2902,61127,18,124399
5702,0.000927,172.31.36.0-255,66,61193,18,124399
5703,0.000935,74.125.24.0-255,5738,66931,18,124399
5704,0.000937,172.31.36.0-255,66,66997,18,124399
5705,0.000962,74.125.24.0-255,4320,71317,18,124399
5706,0.000966,172.31.36.0-255,66,71383,18,124399
5707,0.001019,172.31.36.0-255,66,71449,18,124399
5708,0.001031,172.31.36.0-255,66,71515,18,124399
5709,0.001037,74.125.24.0-255,2184,73699,18,124399
5710,0.001041,172.31.36.0-255,66,73765,18,124399
5711,0.001254,74.125.24.0-255,1484,75249,18,124399
5712,0.001261,74.125.24.0-255,2902,78151,18,124399
5713,0.001266,172.31.36.0-255,66,78217,18,124399
5714,0.001306,74.125.24.0-255,4320,82537,18,124399
5715,0.00131,172.31.36.0-255,66,82603,18,124399
5716,0.001342,74.125.24.0-255,2902,85505,18,124399
5717,0.001346,172.31.36.0-255,66,85571,18,124399
5718,0.001379,74.125.24.0-255,2902,88473,18,124399
5719,0.001382,172.31.36.0-255,66,88539,18,124399
5720,0.001397,172.31.36.0-255,66,88605,18,124399
5721,0.001414,172.31.36.0-255,66,88671,18,124399
5722,0.001417,74.125.24.0-255,1484,90155,18,124399
5723,0.001421,74.125.24.0-255,2902,93057,18,124399
5724,0.001424,172.31.36.0-255,66,93123,18,124399
5725,0.001431,74.125.24.0-255,5738,98861,18,124399
5726,0.001434,172.31.36.0-255,66,98927,18,124399
5727,0.001449,172.31.36.0-255,66,98993,18,124399
5728,0.001461,172.31.36.0-255,66,99059,18,124399
5729,0.001567,172.31.36.0-255,66,99125,18,124399
5730,0.001582,172.31.36.0-255,66,99191,18,124399
5731,0.001612,172.31.36.0-255,66,99257,18,124399
5732,0.00162,74.125.24.0-255,7156,106413,18,124399
5733,0.001622,172.31.36.0-255,66,106479,18,124399
5734,0.001665,172.31.36.0-255,66,106545,18,124399
5735,0.00168,172.31.36.0-255,66,106611,18,124399
5736,0.001724,172.31.36.0-255,66,106677,18,124399
5737,0.001741,172.31.36.0-255,66,106743,18,124399
5738,0.001749,74.125.24.0-255,7156,113899,18,124399
5739,0.001755,172.31.36.0-255,66,113965,18,124399
5740,0.001791,172.31.36.0-255,66,114031,18,124399
5741,0.001795,74.125.24.0-255,766,114797,18,124399
5742,0.001829,172.31.36.0-255,66,114863,18,124399
5743,0.001882,172.31.36.0-255,66,114929,18,124399
5744,0.001886,172.31.36.0-255,66,114995,18,124399
5745,0.001893,74.125.24.0-255,6438,121433,18,124399
5746,0.001901,172.31.36.0-255,66,121499,18,124399
5747,0.001936,74.125.24.0-255,2492,123991,18,124399
5748,0.00194,172.31.36.0-255,66,124057,18,124399
5749,0.00197,74.125.24.0-255,105,124162,18,124399
5750,0.003612,172.31.36.0-255,66,124228,18,124399
5751,0.003644,172.31.36.0-255,105,124333,18,124399
5752,0.005906,74.125.24.0-255,66,124399,18,124399
5753,0.0,172.217.194.0-255,146,146,18,124162
5754,2.2e-05,172.31.36.0-255,66,212,18,124162
5755,2.9e-05,172.217.194.0-255,1484,1696,18,124162
5756,3.5e-05,172.31.36.0-255,66,1762,18,124162
5757,4e-05,172.217.194.0-255,2902,4664,18,124162
5758,5e-05,172.31.36.0-255,66,4730,18,124162
5759,5.8e-05,172.217.194.0-255,7156,11886,18,124162
5760,6.1e-05,172.31.36.0-255,66,11952,18,124162
5761,6.5e-05,172.217.194.0-255,2018,13970,18,124162
5762,6.8e-05,172.31.36.0-255,66,14036,18,124162
5763,9.3e-05,172.217.194.0-255,2902,16938,18,124162
5764,9.6e-05,172.31.36.0-255,66,17004,18,124162
5765,0.000128,172.217.194.0-255,4320,21324,18,124162
5766,0.000131,172.31.36.0-255,66,21390,18,124162
5767,0.000158,172.217.194.0-255,4320,25710,18,124162
5768,0.000161,172.31.36.0-255,66,25776,18,124162
5769,0.00019,172.217.194.0-255,4320,30096,18,124162
5770,0.000193,172.31.36.0-255,66,30162,18,124162
5771,0.000205,172.31.36.0-255,66,30228,18,124162
5772,0.00024,172.31.36.0-255,66,30294,18,124162
5773,0.000874,172.217.194.0-255,1484,31778,18,124162
5774,0.000881,172.31.36.0-255,66,31844,18,124162
5775,0.000887,172.217.194.0-255,2902,34746,18,124162
5776,0.000889,172.31.36.0-255,66,34812,18,124162
5777,0.000901,172.217.194.0-255,5738,40550,18,124162
5778,0.000903,172.31.36.0-255,66,40616,18,124162
5779,0.000937,172.217.194.0-255,7088,47704,18,124162
5780,0.00094,172.31.36.0-255,66,47770,18,124162
5781,0.00097,172.217.194.0-255,7156,54926,18,124162
5782,0.000974,172.31.36.0-255,66,54992,18,124162
5783,0.001002,172.217.194.0-255,4320,59312,18,124162
5784,0.001006,172.31.36.0-255,66,59378,18,124162
5785,0.001012,172.217.194.0-255,4320,63698,18,124162
5786,0.001032,172.217.194.0-255,1484,65182,18,124162
5787,0.001039,172.217.194.0-255,7156,72338,18,124162
5788,0.001045,172.31.36.0-255,66,72404,18,124162
5789,0.001097,172.217.194.0-255,5738,78142,18,124162
5790,0.0011,172.31.36.0-255,66,78208,18,124162
5791,0.001127,172.217.194.0-255,3602,81810,18,124162
5792,0.001145,172.31.36.0-255,66,81876,18,124162
5793,0.002091,172.217.194.0-255,364,82240,18,124162
5794,0.002141,172.217.194.0-255,1484,83724,18,124162
5795,0.002147,172.31.36.0-255,66,83790,18,124162
5796,0.002153,172.217.194.0-255,2902,86692,18,124162
5797,0.002203,172.217.194.0-255,5738,92430,18,124162
5798,0.00221,172.217.194.0-255,5738,98168,18,124162
5799,0.002224,172.217.194.0-255,1484,99652,18,124162
5800,0.002246,172.217.194.0-255,4320,103972,18,124162
5801,0.002256,172.31.36.0-255,66,104038,18,124162
5802,0.00228,172.31.36.0-255,66,104104,18,124162
5803,0.002308,172.217.194.0-255,2184,106288,18,124162
5804,0.002328,172.31.36.0-255,66,106354,18,124162
5805,0.004589,172.217.194.0-255,2902,109256,18,124162
5806,0.004594,172.31.36.0-255,66,109322,18,124162
5807,0.004635,172.217.194.0-255,2902,112224,18,124162
5808,0.005235,172.31.36.0-255,66,112290,18,124162
5809,0.006926,172.217.194.0-255,2902,115192,18,124162
5810,0.006933,172.31.36.0-255,66,115258,18,124162
5811,0.00756,172.217.194.0-255,2902,118160,18,124162
5812,0.007564,172.31.36.0-255,66,118226,18,124162
5813,0.009238,172.217.194.0-255,2902,121128,18,124162
5814,0.009245,172.31.36.0-255,66,121194,18,124162
5815,0.009918,172.217.194.0-255,2902,124096,18,124162
5816,0.009924,172.31.36.0-255,66,124162,18,124162
5817,0.0,74.125.130.0-255,297,297,18,168593
5818,1.6e-05,172.31.36.0-255,66,363,18,168593
5819,2.3e-05,74.125.130.0-255,1484,1847,18,168593
5820,2.7e-05,172.31.36.0-255,66,1913,18,168593
5821,5.9e-05,74.125.130.0-255,4320,6233,18,168593
5822,6.2e-05,172.31.36.0-255,66,6299,18,168593
5823,9.7e-05,172.31.36.0-255,66,6365,18,168593
5824,0.000123,74.125.130.0-255,2902,9267,18,168593
5825,0.000125,172.31.36.0-255,66,9333,18,168593
5826,0.000152,74.125.130.0-255,4320,13653,18,168593
5827,0.000155,172.31.36.0-255,66,13719,18,168593
5828,0.000187,74.125.130.0-255,4320,18039,18,168593
5829,0.00019,172.31.36.0-255,66,18105,18,168593
5830,0.000215,74.125.130.0-255,4320,22425,18,168593
5831,0.000217,172.31.36.0-255,66,22491,18,168593
5832,0.000221,74.125.130.0-255,1484,23975,18,168593
5833,0.000223,172.31.36.0-255,66,24041,18,168593
5834,0.000261,74.125.130.0-255,5738,29779,18,168593
5835,0.000264,172.31.36.0-255,66,29845,18,168593
5836,0.000296,74.125.130.0-255,1484,31329,18,168593
5837,0.000298,172.31.36.0-255,66,31395,18,168593
5838,0.000329,74.125.130.0-255,7156,38551,18,168593
5839,0.000333,172.31.36.0-255,66,38617,18,168593
5840,0.000336,74.125.130.0-255,1484,40101,18,168593
5841,0.000338,172.31.36.0-255,66,40167,18,168593
5842,0.000365,74.125.130.0-255,766,40933,18,168593
5843,0.000368,172.31.36.0-255,66,40999,18,168593
5844,0.00048,74.125.130.0-255,1484,42483,18,168593
5845,0.000484,172.31.36.0-255,66,42549,18,168593
5846,0.000513,74.125.130.0-255,2902,45451,18,168593
5847,0.000516,172.31.36.0-255,66,45517,18,168593
5848,0.000522,74.125.130.0-255,4320,49837,18,168593
5849,0.000524,172.31.36.0-255,66,49903,18,168593
5850,0.000557,74.125.130.0-255,5738,55641,18,168593
5851,0.000561,172.31.36.0-255,66,55707,18,168593
5852,0.00058,74.125.130.0-255,3122,58829,18,168593
5853,0.000582,172.31.36.0-255,66,58895,18,168593
5854,0.001691,74.125.130.0-255,1484,60379,18,168593
5855,0.001703,74.125.130.0-255,2902,63281,18,168593
5856,0.001708,172.31.36.0-255,66,63347,18,168593
5857,0.001716,74.125.130.0-255,4320,67667,18,168593
5858,0.001718,172.31.36.0-255,66,67733,18,168593
5859,0.001753,74.125.130.0-255,1484,69217,18,168593
5860,0.001761,74.125.130.0-255,5738,74955,18,168593
5861,0.001764,172.31.36.0-255,66,75021,18,168593
5862,0.001772,74.125.130.0-255,7156,82177,18,168593
5863,0.001774,172.31.36.0-255,66,82243,18,168593
5864,0.001784,74.125.130.0-255,2902,85145,18,168593
5865,0.001786,172.31.36.0-255,66,85211,18,168593
5866,0.001826,172.31.36.0-255,66,85277,18,168593
5867,0.002347,74.125.130.0-255,1484,86761,18,168593
5868,0.002356,74.125.130.0-255,2902,89663,18,168593
5869,0.002361,172.31.36.0-255,66,89729,18,168593
5870,0.002369,74.125.130.0-255,5738,95467,18,168593
5871,0.002371,172.31.36.0-255,66,95533,18,168593
5872,0.002404,74.125.130.0-255,5738,101271,18,168593
5873,0.002406,172.31.36.0-255,66,101337,18,168593
5874,0.002436,74.125.130.0-255,7156,108493,18,168593
5875,0.002438,172.31.36.0-255,66,108559,18,168593
5876,0.002444,74.125.130.0-255,2902,111461,18,168593
5877,0.002446,172.31.36.0-255,66,111527,18,168593
5878,0.002486,172.31.36.0-255,66,111593,18,168593
5879,0.002517,172.31.36.0-255,66,111659,18,168593
5880,0.002526,74.125.130.0-255,5738,117397,18,168593
5881,0.002528,172.31.36.0-255,66,117463,18,168593
5882,0.002565,74.125.130.0-255,2902,120365,18,168593
5883,0.002568,172.31.36.0-255,66,120431,18,168593
5884,0.002598,74.125.130.0-255,4320,124751,18,168593
5885,0.002601,172.31.36.0-255,66,124817,18,168593
5886,0.002608,74.125.130.0-255,6438,131255,18,168593
5887,0.00261,172.31.36.0-255,66,131321,18,168593
5888,0.002706,74.125.130.0-255,1484,132805,18,168593
5889,0.002713,74.125.130.0-255,2902,135707,18,168593
5890,0.002716,172.31.36.0-255,66,135773,18,168593
5891,0.002743,74.125.130.0-255,4320,140093,18,168593
5892,0.002746,172.31.36.0-255,66,140159,18,168593
5893,0.002785,172.31.36.0-255,66,140225,18,168593
5894,0.002791,74.125.130.0-255,4320,144545,18,168593
5895,0.002793,172.31.36.0-255,66,144611,18,168593
5896,0.002796,74.125.130.0-255,1484,146095,18,168593
5897,0.002827,74.125.130.0-255,4320,150415,18,168593
5898,0.00283,172.31.36.0-255,66,150481,18,168593
5899,0.002838,74.125.130.0-255,6438,156919,18,168593
5900,0.00284,172.31.36.0-255,66,156985,18,168593
5901,0.005622,74.125.130.0-255,5738,162723,18,168593
5902,0.005636,172.31.36.0-255,66,162789,18,168593
5903,0.008413,74.125.130.0-255,5738,168527,18,168593
5904,0.008426,172.31.36.0-255,66,168593,18,168593
5905,0.0,172.217.194.0-255,143,143,18,161156
5906,1.1e-05,172.31.36.0-255,66,209,18,161156
5907,3.4e-05,172.217.194.0-255,1484,1693,18,161156
5908,3.8e-05,172.31.36.0-255,66,1759,18,161156
5909,4.3e-05,172.217.194.0-255,2902,4661,18,161156
5910,4.5e-05,172.31.36.0-255,66,4727,18,161156
5911,7.5e-05,172.217.194.0-255,7156,11883,18,161156
5912,7.7e-05,172.31.36.0-255,66,11949,18,161156
5913,9.1e-05,172.217.194.0-255,2902,14851,18,161156
5914,9.3e-05,172.31.36.0-255,66,14917,18,161156
5915,0.000127,172.31.36.0-255,66,14983,18,161156
5916,0.000131,172.217.194.0-255,2902,17885,18,161156
5917,0.000133,172.31.36.0-255,66,17951,18,161156
5918,0.000148,172.217.194.0-255,2543,20494,18,161156
5919,0.00015,172.31.36.0-255,66,20560,18,161156
5920,0.000153,172.217.194.0-255,1484,22044,18,161156
5921,0.000155,172.31.36.0-255,66,22110,18,161156
5922,0.00018,172.217.194.0-255,4320,26430,18,161156
5923,0.000182,172.31.36.0-255,66,26496,18,161156
5924,0.000188,172.217.194.0-255,7156,33652,18,161156
5925,0.00019,172.31.36.0-255,66,33718,18,161156
5926,0.000217,172.217.194.0-255,5738,39456,18,161156
5927,0.000219,172.31.36.0-255,66,39522,18,161156
5928,0.00023,172.31.36.0-255,66,39588,18,161156
5929,0.000249,172.217.194.0-255,2902,42490,18,161156
5930,0.000252,172.31.36.0-255,66,42556,18,161156
5931,0.00027,172.217.194.0-255,2184,44740,18,161156
5932,0.000272,172.31.36.0-255,66,44806,18,161156
5933,0.000287,172.217.194.0-255,377,45183,18,161156
5934,0.000289,172.31.36.0-255,66,45249,18,161156
5935,0.000482,172.217.194.0-255,365,45614,18,161156
5936,0.000733,172.217.194.0-255,1484,47098,18,161156
5937,0.00074,172.217.194.0-255,2902,50000,18,161156
5938,0.000761,172.217.194.0-255,1484,51484,18,161156
5939,0.000781,172.217.194.0-255,4320,55804,18,161156
5940,0.000805,172.31.36.0-255,66,55870,18,161156
5941,0.000865,172.31.36.0-255,66,55936,18,161156
5942,0.001568,172.217.194.0-255,1484,57420,18,161156
5943,0.001578,172.217.194.0-255,2902,60322,18,161156
5944,0.001582,172.31.36.0-255,66,60388,18,161156
5945,0.00159,172.217.194.0-255,5738,66126,18,161156
5946,0.001613,172.217.194.0-255,4320,70446,18,161156
5947,0.001632,172.217.194.0-255,1484,71930,18,161156
5948,0.001683,172.217.194.0-255,1484,73414,18,161156
5949,0.001698,172.217.194.0-255,2902,76316,18,161156
5950,0.001703,172.217.194.0-255,5738,82054,18,161156
5951,0.00172,172.217.194.0-255,4320,86374,18,161156
5952,0.001739,172.217.194.0-255,4320,90694,18,161156
5953,0.001751,172.217.194.0-255,2902,93596,18,161156
5954,0.001788,172.217.194.0-255,2902,96498,18,161156
5955,0.001804,172.217.194.0-255,766,97264,18,161156
5956,0.001826,172.217.194.0-255,1484,98748,18,161156
5957,0.001845,172.217.194.0-255,2902,101650,18,161156
5958,0.001848,172.217.194.0-255,1484,103134,18,161156
5959,0.001865,172.217.194.0-255,4320,107454,18,161156
5960,0.001878,172.217.194.0-255,4320,111774,18,161156
5961,0.001881,172.217.194.0-255,1484,113258,18,161156
5962,0.001938,172.217.194.0-255,4320,117578,18,161156
5963,0.001971,172.217.194.0-255,2902,120480,18,161156
5964,0.00201,172.217.194.0-255,1484,121964,18,161156
5965,0.002026,172.217.194.0-255,5738,127702,18,161156
5966,0.002044,172.217.194.0-255,2184,129886,18,161156
5967,0.002226,172.217.194.0-255,1484,131370,18,161156
5968,0.002232,172.217.194.0-255,2902,134272,18,161156
5969,0.002257,172.217.194.0-255,4320,138592,18,161156
5970,0.002272,172.217.194.0-255,1484,140076,18,161156
5971,0.002277,172.217.194.0-255,2902,142978,18,161156
5972,0.00229,172.217.194.0-255,1484,144462,18,161156
5973,0.002317,172.217.194.0-255,2902,147364,18,161156
5974,0.002373,172.217.194.0-255,1484,148848,18,161156
5975,0.00239,172.217.194.0-255,6438,155286,18,161156
5976,0.005388,172.31.36.0-255,66,155352,18,161156
5977,0.007746,172.217.194.0-255,5738,161090,18,161156
5978,0.007755,172.31.36.0-255,66,161156,18,161156
5979,0.0,74.125.24.0-255,153,153,18,229291
5980,2.2e-05,172.31.36.0-255,66,219,18,229291
5981,3e-05,74.125.24.0-255,1484,1703,18,229291
5982,4.8e-05,172.31.36.0-255,66,1769,18,229291
5983,5.5e-05,74.125.24.0-255,2902,4671,18,229291
5984,5.8e-05,172.31.36.0-255,66,4737,18,229291
5985,6.5e-05,74.125.24.0-255,7156,11893,18,229291
5986,6.7e-05,172.31.36.0-255,66,11959,18,229291
5987,7.2e-05,74.125.24.0-255,2028,13987,18,229291
5988,7.5e-05,172.31.36.0-255,66,14053,18,229291
5989,0.000103,74.125.24.0-255,2902,16955,18,229291
5990,0.000107,172.31.36.0-255,66,17021,18,229291
5991,0.000111,74.125.24.0-255,1484,18505,18,229291
5992,0.000113,172.31.36.0-255,66,18571,18,229291
5993,0.000118,74.125.24.0-255,2902,21473,18,229291
5994,0.000121,172.31.36.0-255,66,21539,18,229291
5995,0.000147,74.125.24.0-255,2902,24441,18,229291
5996,0.00015,172.31.36.0-255,66,24507,18,229291
5997,0.000169,74.125.24.0-255,4320,28827,18,229291
5998,0.000172,172.31.36.0-255,66,28893,18,229291
5999,0.00019,74.125.24.0-255,7156,36049,18,229291
6000,0.000193,172.31.36.0-255,66,36115,18,229291
6001,0.000217,74.125.24.0-255,2543,38658,18,229291
6002,0.000219,172.31.36.0-255,66,38724,18,229291
6003,0.000223,74.125.24.0-255,1484,40208,18,229291
6004,0.000225,172.31.36.0-255,66,40274,18,229291
6005,0.000236,172.31.36.0-255,66,40340,18,229291
6006,0.000254,74.125.24.0-255,2902,43242,18,229291
6007,0.000256,172.31.36.0-255,66,43308,18,229291
6008,0.000285,74.125.24.0-255,5738,49046,18,229291
6009,0.000288,172.31.36.0-255,66,49112,18,229291
6010,0.000295,74.125.24.0-255,7156,56268,18,229291
6011,0.000337,74.125.24.0-255,1767,58035,18,229291
6012,0.000556,74.125.24.0-255,1484,59519,18,229291
6013,0.000572,74.125.24.0-255,2902,62421,18,229291
6014,0.000578,74.125.24.0-255,5738,68159,18,229291
6015,0.00058,74.125.24.0-255,1484,69643,18,229291
6016,0.000592,74.125.24.0-255,1484,71127,18,229291
6017,0.000637,74.125.24.0-255,5738,76865,18,229291
6018,0.00065,74.125.24.0-255,3602,80467,18,229291
6019,0.000745,172.31.36.0-255,66,80533,18,229291
6020,0.001021,74.125.24.0-255,1484,82017,18,229291
6021,0.001028,74.125.24.0-255,2902,84919,18,229291
6022,0.001037,172.31.36.0-255,66,84985,18,229291
6023,0.00105,74.125.24.0-255,5738,90723,18,229291
6024,0.001069,74.125.24.0-255,2902,93625,18,229291
6025,0.001084,172.31.36.0-255,66,93691,18,229291
6026,0.001104,74.125.24.0-255,2902,96593,18,229291
6027,0.001109,172.31.36.0-255,66,96659,18,229291
6028,0.001134,74.125.24.0-255,1484,98143,18,229291
6029,0.001148,172.31.36.0-255,66,98209,18,229291
6030,0.00116,74.125.24.0-255,5738,103947,18,229291
6031,0.001177,172.31.36.0-255,66,104013,18,229291
6032,0.001194,74.125.24.0-255,4320,108333,18,229291
6033,0.001206,172.31.36.0-255,66,108399,18,229291
6034,0.001219,74.125.24.0-255,7156,115555,18,229291
6035,0.001224,172.31.36.0-255,66,115621,18,229291
6036,0.001235,74.125.24.0-255,5738,121359,18,229291
6037,0.001274,74.125.24.0-255,1484,122843,18,229291
6038,0.001298,74.125.24.0-255,6438,129281,18,229291
6039,0.001344,172.31.36.0-255,66,129347,18,229291
6040,0.001354,74.125.24.0-255,1484,130831,18,229291
6041,0.001358,74.125.24.0-255,1484,132315,18,229291
6042,0.001377,74.125.24.0-255,1484,133799,18,229291
6043,0.001384,74.125.24.0-255,5738,139537,18,229291
6044,0.001391,172.31.36.0-255,66,139603,18,229291
6045,0.001403,74.125.24.0-255,2902,142505,18,229291
6046,0.001417,74.125.24.0-255,2902,145407,18,229291
6047,0.001432,74.125.24.0-255,1484,146891,18,229291
6048,0.00144,172.31.36.0-255,66,146957,18,229291
6049,0.001454,74.125.24.0-255,1484,148441,18,229291
6050,0.001459,74.125.24.0-255,4320,152761,18,229291
6051,0.001473,74.125.24.0-255,1484,154245,18,229291
6052,0.001484,74.125.24.0-255,1484,155729,18,229291
6053,0.001487,172.31.36.0-255,66,155795,18,229291
6054,0.001508,74.125.24.0-255,2902,158697,18,229291
6055,0.001514,74.125.24.0-255,5020,163717,18,229291
6056,0.001525,172.31.36.0-255,66,163783,18,229291
6057,0.001544,74.125.24.0-255,1484,165267,18,229291
6058,0.001549,74.125.24.0-255,2902,168169,18,229291
6059,0.001555,172.31.36.0-255,66,168235,18,229291
6060,0.001585,74.125.24.0-255,5738,173973,18,229291
6061,0.00159,74.125.24.0-255,2902,176875,18,229291
6062,0.001607,172.31.36.0-255,66,176941,18,229291
6063,0.001639,74.125.24.0-255,766,177707,18,229291
6064,0.001654,172.31.36.0-255,66,177773,18,229291
6065,0.001786,74.125.24.0-255,1484,179257,18,229291
6066,0.0018,74.125.24.0-255,2902,182159,18,229291
6067,0.001806,74.125.24.0-255,4320,186479,18,229291
6068,0.001811,172.31.36.0-255,66,186545,18,229291
6069,0.001824,74.125.24.0-255,1484,188029,18,229291
6070,0.00183,74.125.24.0-255,4320,192349,18,229291
6071,0.001844,74.125.24.0-255,4320,196669,18,229291
6072,0.00186,74.125.24.0-255,7156,203825,18,229291
6073,0.001862,74.125.24.0-255,1484,205309,18,229291
6074,0.001869,172.31.36.0-255,66,205375,18,229291
6075,0.001887,74.125.24.0-255,6438,211813,18,229291
6076,0.001909,172.31.36.0-255,66,211879,18,229291
6077,0.004127,74.125.24.0-255,5738,217617,18,229291
6078,0.004134,172.31.36.0-255,66,217683,18,229291
6079,0.006346,74.125.24.0-255,5738,223421,18,229291
6080,0.006353,172.31.36.0-255,66,223487,18,229291
6081,0.008537,74.125.24.0-255,5738,229225,18,229291
6082,0.00854,172.31.36.0-255,66,229291,18,229291
6083,0.0,172.217.194.0-255,147,147,18,170280
6084,1.7e-05,172.217.194.0-255,1484,1631,18,170280
6085,2.5e-05,172.31.36.0-255,66,1697,18,170280
6086,3.4e-05,172.217.194.0-255,2902,4599,18,170280
6087,3.7e-05,172.31.36.0-255,66,4665,18,170280
6088,5.9e-05,172.217.194.0-255,5738,10403,18,170280
6089,6.3e-05,172.31.36.0-255,66,10469,18,170280
6090,7.9e-05,172.217.194.0-255,1484,11953,18,170280
6091,8.4e-05,172.217.194.0-255,2034,13987,18,170280
6092,8.6e-05,172.31.36.0-255,66,14053,18,170280
6093,0.000121,172.217.194.0-255,1484,15537,18,170280
6094,0.000125,172.217.194.0-255,1484,17021,18,170280
6095,0.000127,172.31.36.0-255,66,17087,18,170280
6096,0.000141,172.217.194.0-255,1484,18571,18,170280
6097,0.000163,172.217.194.0-255,5738,24309,18,170280
6098,0.000166,172.31.36.0-255,66,24375,18,170280
6099,0.000173,172.217.194.0-255,5738,30113,18,170280
6100,0.000175,172.31.36.0-255,66,30179,18,170280
6101,0.000209,172.217.194.0-255,1125,31304,18,170280
6102,0.000373,172.217.194.0-255,1484,32788,18,170280
6103,0.000378,172.31.36.0-255,66,32854,18,170280
6104,0.000385,172.217.194.0-255,2902,35756,18,170280
6105,0.000388,172.31.36.0-255,66,35822,18,170280
6106,0.000395,172.217.194.0-255,5738,41560,18,170280
6107,0.000397,172.31.36.0-255,66,41626,18,170280
6108,0.000412,172.217.194.0-255,1484,43110,18,170280
6109,0.000427,172.217.194.0-255,7156,50266,18,170280
6110,0.00043,172.31.36.0-255,66,50332,18,170280
6111,0.000452,172.217.194.0-255,5379,55711,18,170280
6112,0.000455,172.31.36.0-255,66,55777,18,170280
6113,0.00047,172.217.194.0-255,1484,57261,18,170280
6114,0.000495,172.31.36.0-255,66,57327,18,170280
6115,0.000874,172.217.194.0-255,376,57703,18,170280
6116,0.001413,172.217.194.0-255,1484,59187,18,170280
6117,0.00142,172.31.36.0-255,66,59253,18,170280
6118,0.001426,172.217.194.0-255,2902,62155,18,170280
6119,0.001428,172.31.36.0-255,66,62221,18,170280
6120,0.001435,172.217.194.0-255,4320,66541,18,170280
6121,0.001437,172.31.36.0-255,66,66607,18,170280
6122,0.001452,172.217.194.0-255,1484,68091,18,170280
6123,0.001456,172.217.194.0-255,1484,69575,18,170280
6124,0.001459,172.31.36.0-255,66,69641,18,170280
6125,0.001467,172.217.194.0-255,7156,76797,18,170280
6126,0.001469,172.31.36.0-255,66,76863,18,170280
6127,0.001479,172.217.194.0-255,1484,78347,18,170280
6128,0.001513,172.217.194.0-255,2902,81249,18,170280
6129,0.001517,172.31.36.0-255,66,81315,18,170280
6130,0.001542,172.31.36.0-255,66,81381,18,170280
6131,0.002194,172.217.194.0-255,1484,82865,18,170280
6132,0.002202,172.217.194.0-255,2902,85767,18,170280
6133,0.002207,172.31.36.0-255,66,85833,18,170280
6134,0.002215,172.217.194.0-255,5738,91571,18,170280
6135,0.002217,172.31.36.0-255,66,91637,18,170280
6136,0.002234,172.217.194.0-255,1484,93121,18,170280
6137,0.00226,172.31.36.0-255,66,93187,18,170280
6138,0.00227,172.31.36.0-255,66,93253,18,170280
6139,0.002293,172.217.194.0-255,2184,95437,18,170280
6140,0.002295,172.31.36.0-255,66,95503,18,170280
6141,0.002524,172.217.194.0-255,1484,96987,18,170280
6142,0.002542,172.217.194.0-255,2902,99889,18,170280
6143,0.002545,172.31.36.0-255,66,99955,18,170280
6144,0.002551,172.217.194.0-255,5738,105693,18,170280
6145,0.002554,172.31.36.0-255,66,105759,18,170280
6146,0.002585,172.31.36.0-255,66,105825,18,170280
6147,0.002604,172.217.194.0-255,7156,112981,18,170280
6148,0.002606,172.31.36.0-255,66,113047,18,170280
6149,0.002631,172.217.194.0-255,2902,115949,18,170280
6150,0.002633,172.31.36.0-255,66,116015,18,170280
6151,0.002644,172.31.36.0-255,66,116081,18,170280
6152,0.002686,172.31.36.0-255,66,116147,18,170280
6153,0.002704,172.217.194.0-255,1484,117631,18,170280
6154,0.002717,172.31.36.0-255,66,117697,18,170280
6155,0.002761,172.217.194.0-255,2902,120599,18,170280
6156,0.002763,172.31.36.0-255,66,120665,18,170280
6157,0.002788,172.217.194.0-255,1484,122149,18,170280
6158,0.002794,172.217.194.0-255,5738,127887,18,170280
6159,0.002797,172.31.36.0-255,66,127953,18,170280
6160,0.002809,172.31.36.0-255,66,128019,18,170280
6161,0.002812,172.217.194.0-255,1484,129503,18,170280
6162,0.002825,172.217.194.0-255,2902,132405,18,170280
6163,0.002828,172.31.36.0-255,78,132483,18,170280
6164,0.002846,172.217.194.0-255,4320,136803,18,170280
6165,0.002848,172.31.36.0-255,78,136881,18,170280
6166,0.002862,172.31.36.0-255,66,136947,18,170280
6167,0.002883,172.31.36.0-255,66,137013,18,170280
6168,0.002905,172.217.194.0-255,5738,142751,18,170280
6169,0.002908,172.31.36.0-255,66,142817,18,170280
6170,0.002919,172.31.36.0-255,66,142883,18,170280
6171,0.00293,172.31.36.0-255,66,142949,18,170280
6172,0.002936,172.217.194.0-255,5738,148687,18,170280
6173,0.002939,172.31.36.0-255,66,148753,18,170280
6174,0.00297,172.31.36.0-255,66,148819,18,170280
6175,0.002987,172.217.194.0-255,5738,154557,18,170280
6176,0.00299,172.31.36.0-255,66,154623,18,170280
6177,0.003026,172.31.36.0-255,66,154689,18,170280
6178,0.003058,172.217.194.0-255,7156,161845,18,170280
6179,0.003061,172.31.36.0-255,66,161911,18,170280
6180,0.003092,172.31.36.0-255,66,161977,18,170280
6181,0.003105,172.31.36.0-255,66,162043,18,170280
6182,0.003112,172.217.194.0-255,7156,169199,18,170280
6183,0.003114,172.31.36.0-255,66,169265,18,170280
6184,0.003141,172.31.36.0-255,66,169331,18,170280
6185,0.003195,172.217.194.0-255,607,169938,18,170280
6186,0.003252,172.217.194.0-255,105,170043,18,170280
6187,0.004555,172.31.36.0-255,66,170109,18,170280
6188,0.007197,172.31.36.0-255,105,170214,18,170280
6189,0.009503,172.217.194.0-255,66,170280,18,170280
6190,0.0,172.31.36.0-255,105,105,18,105
6191,0.0,74.125.24.0-255,150,150,18,121476
6192,1.9e-05,172.31.36.0-255,66,216,18,121476
6193,2.6e-05,74.125.24.0-255,1484,1700,18,121476
6194,3.2e-05,172.31.36.0-255,66,1766,18,121476
6195,4.6e-05,74.125.24.0-255,2902,4668,18,121476
6196,4.9e-05,172.31.36.0-255,66,4734,18,121476
6197,5.3e-05,74.125.24.0-255,2902,7636,18,121476
6198,5.7e-05,172.31.36.0-255,66,7702,18,121476
6199,7.2e-05,172.31.36.0-255,66,7768,18,121476
6200,8.4e-05,172.31.36.0-255,66,7834,18,121476
6201,8.7e-05,74.125.24.0-255,1484,9318,18,121476
6202,9e-05,172.31.36.0-255,66,9384,18,121476
6203,0.000145,172.31.36.0-255,66,9450,18,121476
6204,0.000156,74.125.24.0-255,1484,10934,18,121476
6205,0.000163,172.31.36.0-255,66,11000,18,121476
6206,0.000207,172.31.36.0-255,66,11066,18,121476
6207,0.000214,74.125.24.0-255,4320,15386,18,121476
6208,0.000216,172.31.36.0-255,66,15452,18,121476
6209,0.000257,172.31.36.0-255,66,15518,18,121476
6210,0.000287,172.31.36.0-255,66,15584,18,121476
6211,0.000415,74.125.24.0-255,1484,17068,18,121476
6212,0.00042,172.31.36.0-255,66,17134,18,121476
6213,0.000425,74.125.24.0-255,2902,20036,18,121476
6214,0.000427,172.31.36.0-255,66,20102,18,121476
6215,0.000431,74.125.24.0-255,1484,21586,18,121476
6216,0.000438,172.31.36.0-255,66,21652,18,121476
6217,0.000473,74.125.24.0-255,4320,25972,18,121476
6218,0.000476,172.31.36.0-255,66,26038,18,121476
6219,0.000495,172.31.36.0-255,66,26104,18,121476
6220,0.000506,172.31.36.0-255,66,26170,18,121476
6221,0.000567,172.31.36.0-255,66,26236,18,121476
6222,0.000579,172.31.36.0-255,66,26302,18,121476
6223,0.000621,172.31.36.0-255,66,26368,18,121476
6224,0.000639,172.31.36.0-255,66,26434,18,121476
6225,0.000657,172.31.36.0-255,66,26500,18,121476
6226,0.000705,74.125.24.0-255,7156,33656,18,121476
6227,0.000719,74.125.24.0-255,2902,36558,18,121476
6228,0.000735,74.125.24.0-255,6438,42996,18,121476
6229,0.000787,74.125.24.0-255,1484,44480,18,121476
6230,0.000806,74.125.24.0-255,2902,47382,18,121476
6231,0.000809,74.125.24.0-255,1484,48866,18,121476
6232,0.000827,74.125.24.0-255,4320,53186,18,121476
6233,0.000844,74.125.24.0-255,4320,57506,18,121476
6234,0.000849,74.125.24.0-255,2902,60408,18,121476
6235,0.000862,74.125.24.0-255,2902,63310,18,121476
6236,0.00087,172.31.36.0-255,66,63376,18,121476
6237,0.000927,74.125.24.0-255,1484,64860,18,121476
6238,0.000932,74.125.24.0-255,2184,67044,18,121476
6239,0.000983,74.125.24.0-255,1484,68528,18,121476
6240,0.000989,74.125.24.0-255,2902,71430,18,121476
6241,0.000992,74.125.24.0-255,1484,72914,18,121476
6242,0.001012,74.125.24.0-255,4320,77234,18,121476
6243,0.00103,74.125.24.0-255,5738,82972,18,121476
6244,0.001052,74.125.24.0-255,7156,90128,18,121476
6245,0.001056,74.125.24.0-255,2902,93030,18,121476
6246,0.001076,74.125.24.0-255,5738,98768,18,121476
6247,0.001111,74.125.24.0-255,2184,100952,18,121476
6248,0.001116,74.125.24.0-255,2902,103854,18,121476
6249,0.001121,74.125.24.0-255,2902,106756,18,121476
6250,0.00114,74.125.24.0-255,4320,111076,18,121476
6251,0.001186,74.125.24.0-255,7156,118232,18,121476
6252,0.001276,74.125.24.0-255,2902,121134,18,121476
6253,0.001344,74.125.24.0-255,105,121239,18,121476
6254,0.001674,172.31.36.0-255,66,121305,18,121476
6255,0.004709,172.31.36.0-255,105,121410,18,121476
6256,0.006915,74.125.24.0-255,66,121476,18,121476
6257,0.0,74.125.24.0-255,153,153,18,116154
6258,2.4e-05,172.31.36.0-255,66,219,18,116154
6259,3.1e-05,74.125.24.0-255,1484,1703,18,116154
6260,3.6e-05,172.31.36.0-255,66,1769,18,116154
6261,5e-05,74.125.24.0-255,2902,4671,18,116154
6262,5.5e-05,172.31.36.0-255,66,4737,18,116154
6263,6.1e-05,74.125.24.0-255,5738,10475,18,116154
6264,6.5e-05,172.31.36.0-255,66,10541,18,116154
6265,8.2e-05,172.31.36.0-255,66,10607,18,116154
6266,8.9e-05,74.125.24.0-255,6797,17404,18,116154
6267,9.2e-05,172.31.36.0-255,66,17470,18,116154
6268,0.000224,74.125.24.0-255,1484,18954,18,116154
6269,0.000228,172.31.36.0-255,66,19020,18,116154
6270,0.000233,74.125.24.0-255,1484,20504,18,116154
6271,0.000235,172.31.36.0-255,66,20570,18,116154
6272,0.000266,74.125.24.0-255,1484,22054,18,116154
6273,0.000269,172.31.36.0-255,66,22120,18,116154
6274,0.000277,74.125.24.0-255,5738,27858,18,116154
6275,0.000279,172.31.36.0-255,66,27924,18,116154
6276,0.000305,74.125.24.0-255,1484,29408,18,116154
6277,0.000307,172.31.36.0-255,66,29474,18,116154
6278,0.00034,74.125.24.0-255,5379,34853,18,116154
6279,0.000343,172.31.36.0-255,66,34919,18,116154
6280,0.00056,74.125.24.0-255,1484,36403,18,116154
6281,0.000565,172.31.36.0-255,66,36469,18,116154
6282,0.000587,74.125.24.0-255,2902,39371,18,116154
6283,0.00059,172.31.36.0-255,66,39437,18,116154
6284,0.000619,74.125.24.0-255,2902,42339,18,116154
6285,0.000622,172.31.36.0-255,66,42405,18,116154
6286,0.000627,74.125.24.0-255,2902,45307,18,116154
6287,0.00063,172.31.36.0-255,66,45373,18,116154
6288,0.00065,74.125.24.0-255,1484,46857,18,116154
6289,0.000658,74.125.24.0-255,5379,52236,18,116154
6290,0.000661,172.31.36.0-255,66,52302,18,116154
6291,0.00143,74.125.24.0-255,1484,53786,18,116154
6292,0.001453,74.125.24.0-255,2902,56688,18,116154
6293,0.001459,172.31.36.0-255,66,56754,18,116154
6294,0.001466,74.125.24.0-255,2902,59656,18,116154
6295,0.001468,172.31.36.0-255,66,59722,18,116154
6296,0.001498,74.125.24.0-255,2902,62624,18,116154
6297,0.001501,172.31.36.0-255,66,62690,18,116154
6298,0.001505,74.125.24.0-255,2902,65592,18,116154
6299,0.001507,172.31.36.0-255,66,65658,18,116154
6300,0.001532,74.125.24.0-255,7156,72814,18,116154
6301,0.001534,172.31.36.0-255,66,72880,18,116154
6302,0.001556,74.125.24.0-255,1484,74364,18,116154
6303,0.001597,172.31.36.0-255,66,74430,18,116154
6304,0.002216,74.125.24.0-255,1484,75914,18,116154
6305,0.002224,74.125.24.0-255,2902,78816,18,116154
6306,0.002229,172.31.36.0-255,66,78882,18,116154
6307,0.002236,74.125.24.0-255,4320,83202,18,116154
6308,0.002239,172.31.36.0-255,66,83268,18,116154
6309,0.002268,74.125.24.0-255,1484,84752,18,116154
6310,0.002276,74.125.24.0-255,5738,90490,18,116154
6311,0.002279,172.31.36.0-255,66,90556,18,116154
6312,0.00229,172.31.36.0-255,66,90622,18,116154
6313,0.00232,74.125.24.0-255,4320,94942,18,116154
6314,0.002323,172.31.36.0-255,66,95008,18,116154
6315,0.002329,74.125.24.0-255,5020,100028,18,116154
6316,0.002331,172.31.36.0-255,66,100094,18,116154
6317,0.004755,74.125.24.0-255,5738,105832,18,116154
6318,0.00476,172.31.36.0-255,66,105898,18,116154
6319,0.007178,74.125.24.0-255,4320,110218,18,116154
6320,0.007183,172.31.36.0-255,66,110284,18,116154
6321,0.007207,74.125.24.0-255,1484,111768,18,116154
6322,0.009866,74.125.24.0-255,4320,116088,18,116154
6323,0.009876,172.31.36.0-255,66,116154,18,116154
6324,0.0,172.31.36.0-255,66,66,18,66
6325,0.0,74.125.24.0-255,312,312,18,227069
6326,1.2e-05,74.125.24.0-255,1484,1796,18,227069
6327,2e-05,172.31.36.0-255,66,1862,18,227069
6328,3e-05,74.125.24.0-255,4320,6182,18,227069
6329,3.3e-05,172.31.36.0-255,66,6248,18,227069
6330,3.8e-05,74.125.24.0-255,2902,9150,18,227069
6331,4.9e-05,172.31.36.0-255,66,9216,18,227069
6332,5.7e-05,74.125.24.0-255,5738,14954,18,227069
6333,6e-05,172.31.36.0-255,66,15020,18,227069
6334,9.9e-05,74.125.24.0-255,3249,18269,18,227069
6335,0.000102,172.31.36.0-255,66,18335,18,227069
6336,0.000122,172.31.36.0-255,66,18401,18,227069
6337,0.000163,74.125.24.0-255,1484,19885,18,227069
6338,0.000167,74.125.24.0-255,1484,21369,18,227069
6339,0.00017,172.31.36.0-255,66,21435,18,227069
6340,0.000192,74.125.24.0-255,1484,22919,18,227069
6341,0.000199,74.125.24.0-255,5738,28657,18,227069
6342,0.000202,172.31.36.0-255,66,28723,18,227069
6343,0.000249,172.31.36.0-255,66,28789,18,227069
6344,0.000256,74.125.24.0-255,7156,35945,18,227069
6345,0.000259,172.31.36.0-255,66,36011,18,227069
6346,0.000286,74.125.24.0-255,2819,38830,18,227069
6347,0.000288,172.31.36.0-255,66,38896,18,227069
6348,0.000345,74.125.24.0-255,379,39275,18,227069
6349,0.000457,74.125.24.0-255,1484,40759,18,227069
6350,0.000462,172.31.36.0-255,66,40825,18,227069
6351,0.000468,74.125.24.0-255,2902,43727,18,227069
6352,0.000471,172.31.36.0-255,66,43793,18,227069
6353,0.000501,74.125.24.0-255,5738,49531,18,227069
6354,0.000504,172.31.36.0-255,66,49597,18,227069
6355,0.000516,172.31.36.0-255,66,49663,18,227069
6356,0.000544,74.125.24.0-255,2543,52206,18,227069
6357,0.000546,172.31.36.0-255,66,52272,18,227069
6358,0.000558,172.31.36.0-255,66,52338,18,227069
6359,0.000579,74.125.24.0-255,3961,56299,18,227069
6360,0.000582,172.31.36.0-255,66,56365,18,227069
6361,0.000611,74.125.24.0-255,1484,57849,18,227069
6362,0.000631,74.125.24.0-255,2902,60751,18,227069
6363,0.000634,172.31.36.0-255,66,60817,18,227069
6364,0.000662,74.125.24.0-255,5738,66555,18,227069
6365,0.000665,172.31.36.0-255,66,66621,18,227069
6366,0.000671,74.125.24.0-255,4320,70941,18,227069
6367,0.000673,172.31.36.0-255,66,71007,18,227069
6368,0.000708,74.125.24.0-255,5738,76745,18,227069
6369,0.000711,172.31.36.0-255,66,76811,18,227069
6370,0.000731,172.31.36.0-255,66,76877,18,227069
6371,0.000805,74.125.24.0-255,1484,78361,18,227069
6372,0.000811,74.125.24.0-255,1484,79845,18,227069
6373,0.000814,172.31.36.0-255,66,79911,18,227069
6374,0.000844,74.125.24.0-255,1484,81395,18,227069
6375,0.000852,74.125.24.0-255,5738,87133,18,227069
6376,0.000855,172.31.36.0-255,66,87199,18,227069
6377,0.000866,172.31.36.0-255,66,87265,18,227069
6378,0.0009,74.125.24.0-255,4320,91585,18,227069
6379,0.000903,172.31.36.0-255,66,91651,18,227069
6380,0.00091,74.125.24.0-255,5738,97389,18,227069
6381,0.000912,172.31.36.0-255,66,97455,18,227069
6382,0.000962,74.125.24.0-255,2902,100357,18,227069
6383,0.000965,172.31.36.0-255,66,100423,18,227069
6384,0.00099,74.125.24.0-255,2184,102607,18,227069
6385,0.000997,172.31.36.0-255,66,102673,18,227069
6386,0.001665,74.125.24.0-255,1484,104157,18,227069
6387,0.001672,74.125.24.0-255,2902,107059,18,227069
6388,0.001676,172.31.36.0-255,66,107125,18,227069
6389,0.00171,74.125.24.0-255,5738,112863,18,227069
6390,0.001713,172.31.36.0-255,66,112929,18,227069
6391,0.001719,74.125.24.0-255,4320,117249,18,227069
6392,0.001721,172.31.36.0-255,66,117315,18,227069
6393,0.001757,172.31.36.0-255,66,117381,18,227069
6394,0.001769,172.31.36.0-255,66,117447,18,227069
6395,0.001793,74.125.24.0-255,1484,118931,18,227069
6396,0.001824,172.31.36.0-255,66,118997,18,227069
6397,0.001867,172.31.36.0-255,66,119063,18,227069
6398,0.001879,172.31.36.0-255,66,119129,18,227069
6399,0.001897,172.31.36.0-255,66,119195,18,227069
6400,0.001904,74.125.24.0-255,5738,124933,18,227069
6401,0.001906,172.31.36.0-255,66,124999,18,227069
6402,0.001943,74.125.24.0-255,4320,129319,18,227069
6403,0.001946,172.31.36.0-255,66,129385,18,227069
6404,0.001969,172.31.36.0-255,66,129451,18,227069
6405,0.00198,172.31.36.0-255,66,129517,18,227069
6406,0.002023,74.125.24.0-255,4320,133837,18,227069
6407,0.002042,74.125.24.0-255,6438,140275,18,227069
6408,0.002046,172.31.36.0-255,66,140341,18,227069
6409,0.00205,172.31.36.0-255,66,140407,18,227069
6410,0.002052,172.31.36.0-255,66,140473,18,227069
6411,0.002093,74.125.24.0-255,1484,141957,18,227069
6412,0.002099,74.125.24.0-255,2902,144859,18,227069
6413,0.002101,172.31.36.0-255,66,144925,18,227069
6414,0.002107,74.125.24.0-255,5738,150663,18,227069
6415,0.00211,172.31.36.0-255,66,150729,18,227069
6416,0.002116,74.125.24.0-255,5738,156467,18,227069
6417,0.002124,172.31.36.0-255,66,156533,18,227069
6418,0.002151,74.125.24.0-255,7156,163689,18,227069
6419,0.002153,172.31.36.0-255,66,163755,18,227069
6420,0.002156,74.125.24.0-255,1484,165239,18,227069
6421,0.002185,74.125.24.0-255,7156,172395,18,227069
6422,0.002188,172.31.36.0-255,66,172461,18,227069
6423,0.002217,74.125.24.0-255,2184,174645,18,227069
6424,0.002219,172.31.36.0-255,66,174711,18,227069
6425,0.002231,172.31.36.0-255,66,174777,18,227069
6426,0.00224,74.125.24.0-255,4320,179097,18,227069
6427,0.002242,172.31.36.0-255,66,179163,18,227069
6428,0.00225,74.125.24.0-255,5738,184901,18,227069
6429,0.002292,172.31.36.0-255,66,184967,18,227069
6430,0.002317,74.125.24.0-255,5738,190705,18,227069
6431,0.00232,172.31.36.0-255,66,190771,18,227069
6432,0.002332,74.125.24.0-255,7156,197927,18,227069
6433,0.002335,172.31.36.0-255,66,197993,18,227069
6434,0.00234,74.125.24.0-255,3602,201595,18,227069
6435,0.002342,172.31.36.0-255,66,201661,18,227069
6436,0.002347,74.125.24.0-255,4320,205981,18,227069
6437,0.002349,172.31.36.0-255,66,206047,18,227069
6438,0.002397,172.31.36.0-255,66,206113,18,227069
6439,0.002404,74.125.24.0-255,7156,213269,18,227069
6440,0.002426,172.31.36.0-255,66,213335,18,227069
6441,0.002434,74.125.24.0-255,7156,220491,18,227069
6442,0.002436,172.31.36.0-255,66,220557,18,227069
6443,0.002471,74.125.24.0-255,6341,226898,18,227069
6444,0.002474,172.31.36.0-255,66,226964,18,227069
6445,0.002501,74.125.24.0-255,105,227069,18,227069
6446,0.0,74.125.200.0-255,157,157,18,166177
6447,1.9e-05,172.31.36.0-255,66,223,18,166177
6448,2.6e-05,74.125.200.0-255,1484,1707,18,166177
6449,3e-05,172.31.36.0-255,66,1773,18,166177
6450,4.8e-05,74.125.200.0-255,1484,3257,18,166177
6451,5.1e-05,172.31.36.0-255,66,3323,18,166177
6452,6.5e-05,74.125.200.0-255,1484,4807,18,166177
6453,6.8e-05,172.31.36.0-255,66,4873,18,166177
6454,7.5e-05,74.125.200.0-255,4320,9193,18,166177
6455,7.8e-05,172.31.36.0-255,66,9259,18,166177
6456,0.000113,74.125.200.0-255,2902,12161,18,166177
6457,0.000116,172.31.36.0-255,66,12227,18,166177
6458,0.000148,74.125.200.0-255,2080,14307,18,166177
6459,0.000151,172.31.36.0-255,66,14373,18,166177
6460,0.000302,74.125.200.0-255,1484,15857,18,166177
6461,0.000307,172.31.36.0-255,66,15923,18,166177
6462,0.000313,74.125.200.0-255,2902,18825,18,166177
6463,0.000316,172.31.36.0-255,66,18891,18,166177
6464,0.000348,74.125.200.0-255,5738,24629,18,166177
6465,0.00035,172.31.36.0-255,66,24695,18,166177
6466,0.000355,74.125.200.0-255,2902,27597,18,166177
6467,0.000357,172.31.36.0-255,66,27663,18,166177
6468,0.000372,74.125.200.0-255,3961,31624,18,166177
6469,0.000375,172.31.36.0-255,66,31690,18,166177
6470,0.000396,74.125.200.0-255,4320,36010,18,166177
6471,0.000398,172.31.36.0-255,66,36076,18,166177
6472,0.000431,74.125.200.0-255,5738,41814,18,166177
6473,0.000434,172.31.36.0-255,66,41880,18,166177
6474,0.000449,74.125.200.0-255,1484,43364,18,166177
6475,0.000452,172.31.36.0-255,66,43430,18,166177
6476,0.000475,74.125.200.0-255,2902,46332,18,166177
6477,0.000477,172.31.36.0-255,66,46398,18,166177
6478,0.000505,74.125.200.0-255,2902,49300,18,166177
6479,0.000508,172.31.36.0-255,66,49366,18,166177
6480,0.000527,74.125.200.0-255,1484,50850,18,166177
6481,0.00056,74.125.200.0-255,4320,55170,18,166177
6482,0.000564,172.31.36.0-255,66,55236,18,166177
6483,0.000571,74.125.200.0-255,2902,58138,18,166177
6484,0.000574,172.31.36.0-255,66,58204,18,166177
6485,0.000587,74.125.200.0-255,2902,61106,18,166177
6486,0.000592,172.31.36.0-255,66,61172,18,166177
6487,0.000605,74.125.200.0-255,5020,66192,18,166177
6488,0.000608,172.31.36.0-255,66,66258,18,166177
6489,0.00065,74.125.200.0-255,363,66621,18,166177
6490,0.000669,74.125.200.0-255,132,66753,18,166177
6491,0.000775,74.125.200.0-255,1484,68237,18,166177
6492,0.000779,172.31.36.0-255,66,68303,18,166177
6493,0.000794,74.125.200.0-255,2902,71205,18,166177
6494,0.000796,172.31.36.0-255,66,71271,18,166177
6495,0.000839,74.125.200.0-255,4320,75591,18,166177
6496,0.000843,172.31.36.0-255,66,75657,18,166177
6497,0.000854,172.31.36.0-255,66,75723,18,166177
6498,0.00088,74.125.200.0-255,1484,77207,18,166177
6499,0.000931,74.125.200.0-255,7156,84363,18,166177
6500,0.000935,172.31.36.0-255,66,84429,18,166177
6501,0.000961,172.31.36.0-255,66,84495,18,166177
6502,0.000986,74.125.200.0-255,344,84839,18,166177
6503,0.001184,74.125.200.0-255,1484,86323,18,166177
6504,0.001189,172.31.36.0-255,66,86389,18,166177
6505,0.001194,74.125.200.0-255,2902,89291,18,166177
6506,0.001196,172.31.36.0-255,66,89357,18,166177
6507,0.001201,74.125.200.0-255,2902,92259,18,166177
6508,0.001203,172.31.36.0-255,66,92325,18,166177
6509,0.001227,74.125.200.0-255,2902,95227,18,166177
6510,0.00123,172.31.36.0-255,66,95293,18,166177
6511,0.001233,74.125.200.0-255,1484,96777,18,166177
6512,0.001252,74.125.200.0-255,5738,102515,18,166177
6513,0.001255,172.31.36.0-255,66,102581,18,166177
6514,0.001274,74.125.200.0-255,2902,105483,18,166177
6515,0.001276,172.31.36.0-255,66,105549,18,166177
6516,0.001301,172.31.36.0-255,66,105615,18,166177
6517,0.001347,74.125.200.0-255,5020,110635,18,166177
6518,0.001351,172.31.36.0-255,66,110701,18,166177
6519,0.001529,74.125.200.0-255,1484,112185,18,166177
6520,0.001551,74.125.200.0-255,2902,115087,18,166177
6521,0.001554,172.31.36.0-255,66,115153,18,166177
6522,0.001558,74.125.200.0-255,1484,116637,18,166177
6523,0.001577,74.125.200.0-255,2902,119539,18,166177
6524,0.001579,172.31.36.0-255,66,119605,18,166177
6525,0.001604,74.125.200.0-255,4320,123925,18,166177
6526,0.001606,172.31.36.0-255,66,123991,18,166177
6527,0.001629,74.125.200.0-255,1484,125475,18,166177
6528,0.001632,74.125.200.0-255,1484,126959,18,166177
6529,0.001634,172.31.36.0-255,66,127025,18,166177
6530,0.001639,74.125.200.0-255,2902,129927,18,166177
6531,0.001641,172.31.36.0-255,66,129993,18,166177
6532,0.001669,74.125.200.0-255,2902,132895,18,166177
6533,0.001672,172.31.36.0-255,66,132961,18,166177
6534,0.001678,74.125.200.0-255,2902,135863,18,166177
6535,0.00168,172.31.36.0-255,66,135929,18,166177
6536,0.001707,74.125.200.0-255,1484,137413,18,166177
6537,0.001711,74.125.200.0-255,2902,140315,18,166177
6538,0.001714,172.31.36.0-255,66,140381,18,166177
6539,0.001732,74.125.200.0-255,4320,144701,18,166177
6540,0.001735,172.31.36.0-255,66,144767,18,166177
6541,0.001747,74.125.200.0-255,766,145533,18,166177
6542,0.00236,172.31.36.0-255,66,145599,18,166177
6543,0.00375,74.125.200.0-255,4320,149919,18,166177
6544,0.003757,172.31.36.0-255,66,149985,18,166177
6545,0.004385,74.125.200.0-255,1484,151469,18,166177
6546,0.005773,74.125.200.0-255,2902,154371,18,166177
6547,0.005779,172.31.36.0-255,66,154437,18,166177
6548,0.005793,74.125.200.0-255,1484,155921,18,166177
6549,0.007811,74.125.200.0-255,4320,160241,18,166177
6550,0.007816,172.31.36.0-255,66,160307,18,166177
6551,0.009844,74.125.200.0-255,4320,164627,18,166177
6552,0.009852,172.31.36.0-255,66,164693,18,166177
6553,0.009871,74.125.200.0-255,1484,166177,18,166177
6554,0.0,172.217.194.0-255,153,153,18,128088
6555,2.3e-05,172.31.36.0-255,66,219,18,128088
6556,3e-05,172.217.194.0-255,1484,1703,18,128088
6557,3.4e-05,172.31.36.0-255,66,1769,18,128088
6558,3.7e-05,172.217.194.0-255,1484,3253,18,128088
6559,3.9e-05,172.31.36.0-255,66,3319,18,128088
6560,7.6e-05,172.217.194.0-255,1484,4803,18,128088
6561,7.9e-05,172.31.36.0-255,66,4869,18,128088
6562,8.8e-05,172.217.194.0-255,7156,12025,18,128088
6563,9.1e-05,172.31.36.0-255,66,12091,18,128088
6564,0.000117,172.217.194.0-255,5738,17829,18,128088
6565,0.00012,172.31.36.0-255,66,17895,18,128088
6566,0.000167,172.31.36.0-255,66,17961,18,128088
6567,0.00017,172.217.194.0-255,1484,19445,18,128088
6568,0.000172,172.31.36.0-255,66,19511,18,128088
6569,0.000176,172.217.194.0-255,1125,20636,18,128088
6570,0.000177,172.31.36.0-255,66,20702,18,128088
6571,0.000186,172.217.194.0-255,1484,22186,18,128088
6572,0.000188,172.31.36.0-255,66,22252,18,128088
6573,0.000194,172.217.194.0-255,4320,26572,18,128088
6574,0.000197,172.31.36.0-255,66,26638,18,128088
6575,0.000204,172.217.194.0-255,7156,33794,18,128088
6576,0.000207,172.31.36.0-255,66,33860,18,128088
6577,0.00025,172.31.36.0-255,66,33926,18,128088
6578,0.000259,172.217.194.0-255,7118,41044,18,128088
6579,0.000262,172.31.36.0-255,66,41110,18,128088
6580,0.000264,172.217.194.0-255,365,41475,18,128088
6581,0.000266,172.31.36.0-255,66,41541,18,128088
6582,0.000466,172.217.194.0-255,1484,43025,18,128088
6583,0.00047,172.31.36.0-255,66,43091,18,128088
6584,0.000486,172.217.194.0-255,2902,45993,18,128088
6585,0.000489,172.31.36.0-255,66,46059,18,128088
6586,0.0005,172.217.194.0-255,5738,51797,18,128088
6587,0.000503,172.31.36.0-255,66,51863,18,128088
6588,0.000511,172.217.194.0-255,7156,59019,18,128088
6589,0.000513,172.31.36.0-255,66,59085,18,128088
6590,0.000564,172.31.36.0-255,66,59151,18,128088
6591,0.000569,172.217.194.0-255,1635,60786,18,128088
6592,0.000571,172.31.36.0-255,66,60852,18,128088
6593,0.000615,172.217.194.0-255,1484,62336,18,128088
6594,0.000621,172.217.194.0-255,2902,65238,18,128088
6595,0.000626,172.31.36.0-255,66,65304,18,128088
6596,0.000654,172.217.194.0-255,5738,71042,18,128088
6597,0.000657,172.31.36.0-255,66,71108,18,128088
6598,0.000668,172.31.36.0-255,66,71174,18,128088
6599,0.00071,172.217.194.0-255,7156,78330,18,128088
6600,0.000714,172.31.36.0-255,66,78396,18,128088
6601,0.00076,172.31.36.0-255,66,78462,18,128088
6602,0.000943,172.217.194.0-255,1484,79946,18,128088
6603,0.000949,172.217.194.0-255,2902,82848,18,128088
6604,0.000952,172.31.36.0-255,66,82914,18,128088
6605,0.000959,172.217.194.0-255,5738,88652,18,128088
6606,0.000961,172.31.36.0-255,66,88718,18,128088
6607,0.000988,172.31.36.0-255,66,88784,18,128088
6608,0.001015,172.217.194.0-255,4320,93104,18,128088
6609,0.001018,172.31.36.0-255,66,93170,18,128088
6610,0.001031,172.31.36.0-255,66,93236,18,128088
6611,0.001114,172.217.194.0-255,1484,94720,18,128088
6612,0.00112,172.217.194.0-255,2902,97622,18,128088
6613,0.001123,172.31.36.0-255,66,97688,18,128088
6614,0.001127,172.217.194.0-255,1484,99172,18,128088
6615,0.001156,172.217.194.0-255,4320,103492,18,128088
6616,0.001159,172.31.36.0-255,66,103558,18,128088
6617,0.001172,172.31.36.0-255,66,103624,18,128088
6618,0.001199,172.217.194.0-255,1484,105108,18,128088
6619,0.001213,172.31.36.0-255,66,105174,18,128088
6620,0.001215,172.217.194.0-255,766,105940,18,128088
6621,0.00183,172.31.36.0-255,66,106006,18,128088
6622,0.001875,172.217.194.0-255,1484,107490,18,128088
6623,0.00188,172.217.194.0-255,2902,110392,18,128088
6624,0.001883,172.31.36.0-255,66,110458,18,128088
6625,0.001888,172.217.194.0-255,2902,113360,18,128088
6626,0.00189,172.31.36.0-255,66,113426,18,128088
6627,0.001911,172.217.194.0-255,2902,116328,18,128088
6628,0.001919,172.31.36.0-255,66,116394,18,128088
6629,0.001934,172.31.36.0-255,66,116460,18,128088
6630,0.001976,172.217.194.0-255,5738,122198,18,128088
6631,0.00198,172.31.36.0-255,66,122264,18,128088
6632,0.002025,172.217.194.0-255,5020,127284,18,128088
6633,0.002028,172.31.36.0-255,66,127350,18,128088
6634,0.002068,172.31.36.0-255,66,127416,18,128088
6635,0.002088,172.31.36.0-255,66,127482,18,128088
6636,0.002104,172.31.36.0-255,66,127548,18,128088
6637,0.002117,172.31.36.0-255,66,127614,18,128088
6638,0.002169,172.31.36.0-255,66,127680,18,128088
6639,0.002196,172.31.36.0-255,66,127746,18,128088
6640,0.00705,172.31.36.0-255,66,127812,18,128088
6641,0.009333,172.217.194.0-255,105,127917,18,128088
6642,0.00938,172.31.36.0-255,66,127983,18,128088
6643,0.009415,172.31.36.0-255,105,128088,18,128088
6644,0.0,172.217.194.0-255,146,146,18,144243
6645,1.3e-05,172.31.36.0-255,66,212,18,144243
6646,1.9e-05,172.217.194.0-255,1484,1696,18,144243
6647,2.3e-05,172.31.36.0-255,66,1762,18,144243
6648,4e-05,172.217.194.0-255,2902,4664,18,144243
6649,4.3e-05,172.31.36.0-255,66,4730,18,144243
6650,4.9e-05,172.217.194.0-255,4320,9050,18,144243
6651,5.3e-05,172.31.36.0-255,66,9116,18,144243
6652,5.6e-05,172.217.194.0-255,1484,10600,18,144243
6653,5.9e-05,172.31.36.0-255,66,10666,18,144243
6654,8.3e-05,172.217.194.0-255,3437,14103,18,144243
6655,8.6e-05,172.31.36.0-255,66,14169,18,144243
6656,0.000104,172.31.36.0-255,66,14235,18,144243
6657,0.000133,172.217.194.0-255,1484,15719,18,144243
6658,0.000135,172.31.36.0-255,66,15785,18,144243
6659,0.000139,172.217.194.0-255,1484,17269,18,144243
6660,0.000141,172.31.36.0-255,66,17335,18,144243
6661,0.000148,172.217.194.0-255,3961,21296,18,144243
6662,0.000154,172.31.36.0-255,66,21362,18,144243
6663,0.000185,172.217.194.0-255,4320,25682,18,144243
6664,0.000187,172.31.36.0-255,66,25748,18,144243
6665,0.000193,172.217.194.0-255,4320,30068,18,144243
6666,0.000196,172.31.36.0-255,66,30134,18,144243
6667,0.000235,172.31.36.0-255,66,30200,18,144243
6668,0.000283,172.31.36.0-255,66,30266,18,144243
6669,0.000286,172.217.194.0-255,378,30644,18,144243
6670,0.000288,172.31.36.0-255,66,30710,18,144243
6671,0.00034,172.217.194.0-255,365,31075,18,144243
6672,0.000343,172.31.36.0-255,66,31141,18,144243
6673,0.000384,172.217.194.0-255,1484,32625,18,144243
6674,0.000399,172.217.194.0-255,2902,35527,18,144243
6675,0.00041,172.217.194.0-255,2902,38429,18,144243
6676,0.000423,172.217.194.0-255,2902,41331,18,144243
6677,0.000472,172.217.194.0-255,2902,44233,18,144243
6678,0.000513,172.217.194.0-255,5738,49971,18,144243
6679,0.000529,172.217.194.0-255,1635,51606,18,144243
6680,0.000632,172.31.36.0-255,66,51672,18,144243
6681,0.000726,172.217.194.0-255,1484,53156,18,144243
6682,0.000742,172.217.194.0-255,2902,56058,18,144243
6683,0.000745,172.217.194.0-255,1484,57542,18,144243
6684,0.00075,172.31.36.0-255,66,57608,18,144243
6685,0.000768,172.217.194.0-255,4320,61928,18,144243
6686,0.000773,172.217.194.0-255,4320,66248,18,144243
6687,0.000786,172.217.194.0-255,4320,70568,18,144243
6688,0.000806,172.217.194.0-255,7156,77724,18,144243
6689,0.000829,172.31.36.0-255,66,77790,18,144243
6690,0.001083,172.217.194.0-255,1484,79274,18,144243
6691,0.001087,172.217.194.0-255,1484,80758,18,144243
6692,0.001101,172.31.36.0-255,66,80824,18,144243
6693,0.001105,172.217.194.0-255,1484,82308,18,144243
6694,0.001111,172.217.194.0-255,5738,88046,18,144243
6695,0.001135,172.31.36.0-255,66,88112,18,144243
6696,0.001167,172.217.194.0-255,1484,89596,18,144243
6697,0.001182,172.217.194.0-255,2184,91780,18,144243
6698,0.001189,172.31.36.0-255,66,91846,18,144243
6699,0.001271,172.217.194.0-255,1484,93330,18,144243
6700,0.001275,172.217.194.0-255,1484,94814,18,144243
6701,0.001293,172.217.194.0-255,1484,96298,18,144243
6702,0.001299,172.217.194.0-255,5738,102036,18,144243
6703,0.001304,172.31.36.0-255,66,102102,18,144243
6704,0.001358,172.31.36.0-255,66,102168,18,144243
6705,0.001386,172.217.194.0-255,2184,104352,18,144243
6706,0.001394,172.31.36.0-255,66,104418,18,144243
6707,0.001451,172.217.194.0-255,1484,105902,18,144243
6708,0.001467,172.217.194.0-255,2902,108804,18,144243
6709,0.001469,172.217.194.0-255,1484,110288,18,144243
6710,0.001476,172.31.36.0-255,66,110354,18,144243
6711,0.001495,172.217.194.0-255,4320,114674,18,144243
6712,0.001534,172.217.194.0-255,7156,121830,18,144243
6713,0.001537,172.31.36.0-255,66,121896,18,144243
6714,0.001553,172.217.194.0-255,3602,125498,18,144243
6715,0.001557,172.31.36.0-255,66,125564,18,144243
6716,0.001583,172.31.36.0-255,66,125630,18,144243
6717,0.001641,172.217.194.0-255,1484,127114,18,144243
6718,0.001645,172.217.194.0-255,1484,128598,18,144243
6719,0.001665,172.217.194.0-255,1484,130082,18,144243
6720,0.001672,172.217.194.0-255,5738,135820,18,144243
6721,0.00171,172.31.36.0-255,66,135886,18,144243
6722,0.001726,172.217.194.0-255,4320,140206,18,144243
6723,0.001782,172.31.36.0-255,66,140272,18,144243
6724,0.001856,172.217.194.0-255,3602,143874,18,144243
6725,0.001872,172.31.36.0-255,66,143940,18,144243
6726,0.001878,172.31.36.0-255,66,144006,18,144243
6727,0.001957,172.31.36.0-255,66,144072,18,144243
6728,0.002003,172.217.194.0-255,105,144177,18,144243
6729,0.002013,172.31.36.0-255,66,144243,18,144243
6730,0.0,74.125.24.0-255,146,146,18,162525
6731,3.1e-05,172.31.36.0-255,66,212,18,162525
6732,3.8e-05,74.125.24.0-255,1484,1696,18,162525
6733,4.2e-05,172.31.36.0-255,66,1762,18,162525
6734,7.4e-05,74.125.24.0-255,2902,4664,18,162525
6735,7.7e-05,172.31.36.0-255,66,4730,18,162525
6736,8.4e-05,74.125.24.0-255,5738,10468,18,162525
6737,8.6e-05,172.31.36.0-255,66,10534,18,162525
6738,8.9e-05,74.125.24.0-255,1484,12018,18,162525
6739,9.3e-05,172.31.36.0-255,66,12084,18,162525
6740,0.000116,74.125.24.0-255,4857,16941,18,162525
6741,0.000118,172.31.36.0-255,66,17007,18,162525
6742,0.000126,74.125.24.0-255,7156,24163,18,162525
6743,0.000129,172.31.36.0-255,66,24229,18,162525
6744,0.000154,74.125.24.0-255,6797,31026,18,162525
6745,0.000158,172.31.36.0-255,66,31092,18,162525
6746,0.000244,74.125.24.0-255,1484,32576,18,162525
6747,0.000247,172.31.36.0-255,66,32642,18,162525
6748,0.000278,74.125.24.0-255,2902,35544,18,162525
6749,0.000281,172.31.36.0-255,66,35610,18,162525
6750,0.000287,74.125.24.0-255,5738,41348,18,162525
6751,0.00029,172.31.36.0-255,66,41414,18,162525
6752,0.000339,172.31.36.0-255,66,41480,18,162525
6753,0.000353,74.125.24.0-255,5738,47218,18,162525
6754,0.000361,172.31.36.0-255,66,47284,18,162525
6755,0.000388,74.125.24.0-255,5738,53022,18,162525
6756,0.000392,172.31.36.0-255,66,53088,18,162525
6757,0.000417,74.125.24.0-255,1479,54567,18,162525
6758,0.00042,172.31.36.0-255,66,54633,18,162525
6759,0.000837,74.125.24.0-255,1484,56117,18,162525
6760,0.000842,172.31.36.0-255,66,56183,18,162525
6761,0.000874,74.125.24.0-255,2902,59085,18,162525
6762,0.000877,172.31.36.0-255,66,59151,18,162525
6763,0.000884,74.125.24.0-255,5738,64889,18,162525
6764,0.000886,172.31.36.0-255,66,64955,18,162525
6765,0.000923,172.31.36.0-255,66,65021,18,162525
6766,0.000961,74.125.24.0-255,2543,67564,18,162525
6767,0.000964,172.31.36.0-255,66,67630,18,162525
6768,0.00098,172.31.36.0-255,66,67696,18,162525
6769,0.000993,172.31.36.0-255,66,67762,18,162525
6770,0.001046,74.125.24.0-255,1484,69246,18,162525
6771,0.001067,74.125.24.0-255,2902,72148,18,162525
6772,0.00107,172.31.36.0-255,66,72214,18,162525
6773,0.001077,74.125.24.0-255,5738,77952,18,162525
6774,0.001079,172.31.36.0-255,66,78018,18,162525
6775,0.001085,74.125.24.0-255,6797,84815,18,162525
6776,0.001088,172.31.36.0-255,66,84881,18,162525
6777,0.001134,172.31.36.0-255,66,84947,18,162525
6778,0.001144,172.31.36.0-255,66,85013,18,162525
6779,0.00118,172.31.36.0-255,66,85079,18,162525
6780,0.00121,74.125.24.0-255,2184,87263,18,162525
6781,0.001213,172.31.36.0-255,66,87329,18,162525
6782,0.001388,74.125.24.0-255,1484,88813,18,162525
6783,0.001396,74.125.24.0-255,2902,91715,18,162525
6784,0.0014,172.31.36.0-255,66,91781,18,162525
6785,0.001407,74.125.24.0-255,5738,97519,18,162525
6786,0.00141,172.31.36.0-255,66,97585,18,162525
6787,0.001413,74.125.24.0-255,1484,99069,18,162525
6788,0.001434,74.125.24.0-255,2902,101971,18,162525
6789,0.001437,172.31.36.0-255,66,102037,18,162525
6790,0.001445,74.125.24.0-255,4320,106357,18,162525
6791,0.001448,172.31.36.0-255,66,106423,18,162525
6792,0.001475,74.125.24.0-255,7156,113579,18,162525
6793,0.001478,172.31.36.0-255,66,113645,18,162525
6794,0.001488,172.31.36.0-255,66,113711,18,162525
6795,0.001665,74.125.24.0-255,1484,115195,18,162525
6796,0.001669,74.125.24.0-255,2902,118097,18,162525
6797,0.001671,172.31.36.0-255,66,118163,18,162525
6798,0.001708,74.125.24.0-255,5738,123901,18,162525
6799,0.001711,172.31.36.0-255,66,123967,18,162525
6800,0.001738,74.125.24.0-255,5738,129705,18,162525
6801,0.001741,172.31.36.0-255,66,129771,18,162525
6802,0.001745,74.125.24.0-255,4320,134091,18,162525
6803,0.001747,172.31.36.0-255,66,134157,18,162525
6804,0.001784,172.31.36.0-255,66,134223,18,162525
6805,0.00179,74.125.24.0-255,5020,139243,18,162525
6806,0.001792,172.31.36.0-255,66,139309,18,162525
6807,0.00383,74.125.24.0-255,5738,145047,18,162525
6808,0.003835,172.31.36.0-255,66,145113,18,162525
6809,0.00587,74.125.24.0-255,5738,150851,18,162525
6810,0.005875,172.31.36.0-255,66,150917,18,162525
6811,0.007937,74.125.24.0-255,5738,156655,18,162525
6812,0.007944,172.31.36.0-255,66,156721,18,162525
6813,0.009989,74.125.24.0-255,5738,162459,18,162525
6814,0.009998,172.31.36.0-255,66,162525,18,162525
6815,0.0,74.125.130.0-255,153,153,18,328022
6816,2.1e-05,172.31.36.0-255,66,219,18,328022
6817,2.8e-05,74.125.130.0-255,1484,1703,18,328022
6818,3.2e-05,172.31.36.0-255,66,1769,18,328022
6819,3.6e-05,74.125.130.0-255,1484,3253,18,328022
6820,3.8e-05,172.31.36.0-255,66,3319,18,328022
6821,4.4e-05,74.125.130.0-255,2902,6221,18,328022
6822,4.7e-05,172.31.36.0-255,66,6287,18,328022
6823,7.7e-05,74.125.130.0-255,5738,12025,18,328022
6824,8e-05,172.31.36.0-255,66,12091,18,328022
6825,0.000104,74.125.130.0-255,4883,16974,18,328022
6826,0.000107,172.31.36.0-255,66,17040,18,328022
6827,0.000112,74.125.130.0-255,4320,21360,18,328022
6828,0.000114,172.31.36.0-255,66,21426,18,328022
6829,0.000128,74.125.130.0-255,1484,22910,18,328022
6830,0.000131,172.31.36.0-255,66,22976,18,328022
6831,0.000148,74.125.130.0-255,4320,27296,18,328022
6832,0.000151,172.31.36.0-255,66,27362,18,328022
6833,0.000165,74.125.130.0-255,3961,31323,18,328022
6834,0.000167,172.31.36.0-255,66,31389,18,328022
6835,0.000328,74.125.130.0-255,1484,32873,18,328022
6836,0.000333,172.31.36.0-255,66,32939,18,328022
6837,0.000351,74.125.130.0-255,2902,35841,18,328022
6838,0.000353,172.31.36.0-255,66,35907,18,328022
6839,0.000382,74.125.130.0-255,5738,41645,18,328022
6840,0.000385,172.31.36.0-255,66,41711,18,328022
6841,0.000399,74.125.130.0-255,1484,43195,18,328022
6842,0.000401,172.31.36.0-255,66,43261,18,328022
6843,0.000429,74.125.130.0-255,5379,48640,18,328022
6844,0.000432,172.31.36.0-255,66,48706,18,328022
6845,0.000435,74.125.130.0-255,1484,50190,18,328022
6846,0.000437,172.31.36.0-255,66,50256,18,328022
6847,0.000469,172.31.36.0-255,66,50322,18,328022
6848,0.000508,74.125.130.0-255,5693,56015,18,328022
6849,0.000512,172.31.36.0-255,66,56081,18,328022
6850,0.000623,74.125.130.0-255,1484,57565,18,328022
6851,0.000641,74.125.130.0-255,2902,60467,18,328022
6852,0.000645,172.31.36.0-255,66,60533,18,328022
6853,0.000648,74.125.130.0-255,1484,62017,18,328022
6854,0.000652,74.125.130.0-255,1484,63501,18,328022
6855,0.000654,172.31.36.0-255,66,63567,18,328022
6856,0.000677,74.125.130.0-255,1484,65051,18,328022
6857,0.000683,74.125.130.0-255,5738,70789,18,328022
6858,0.000685,172.31.36.0-255,66,70855,18,328022
6859,0.000707,74.125.130.0-255,4320,75175,18,328022
6860,0.000712,172.31.36.0-255,66,75241,18,328022
6861,0.000721,74.125.130.0-255,2543,77784,18,328022
6862,0.000723,172.31.36.0-255,66,77850,18,328022
6863,0.000727,74.125.130.0-255,1484,79334,18,328022
6864,0.000752,74.125.130.0-255,5738,85072,18,328022
6865,0.000755,172.31.36.0-255,66,85138,18,328022
6866,0.000761,74.125.130.0-255,4320,89458,18,328022
6867,0.000763,172.31.36.0-255,66,89524,18,328022
6868,0.000782,74.125.130.0-255,842,90366,18,328022
6869,0.000843,74.125.130.0-255,1484,91850,18,328022
6870,0.000847,172.31.36.0-255,66,91916,18,328022
6871,0.000868,74.125.130.0-255,2902,94818,18,328022
6872,0.000871,172.31.36.0-255,66,94884,18,328022
6873,0.000877,74.125.130.0-255,4320,99204,18,328022
6874,0.000879,172.31.36.0-255,66,99270,18,328022
6875,0.000892,74.125.130.0-255,1484,100754,18,328022
6876,0.000899,74.125.130.0-255,5738,106492,18,328022
6877,0.000902,172.31.36.0-255,66,106558,18,328022
6878,0.000918,74.125.130.0-255,1484,108042,18,328022
6879,0.000935,74.125.130.0-255,2902,110944,18,328022
6880,0.000937,172.31.36.0-255,66,111010,18,328022
6881,0.000962,74.125.130.0-255,7156,118166,18,328022
6882,0.000996,172.31.36.0-255,66,118232,18,328022
6883,0.001017,74.125.130.0-255,6438,124670,18,328022
6884,0.00102,172.31.36.0-255,66,124736,18,328022
6885,0.001022,74.125.130.0-255,647,125383,18,328022
6886,0.001065,74.125.130.0-255,1484,126867,18,328022
6887,0.001068,172.31.36.0-255,66,126933,18,328022
6888,0.001073,74.125.130.0-255,1484,128417,18,328022
6889,0.001087,74.125.130.0-255,1484,129901,18,328022
6890,0.001089,172.31.36.0-255,66,129967,18,328022
6891,0.001102,74.125.130.0-255,1484,131451,18,328022
6892,0.001105,74.125.130.0-255,1484,132935,18,328022
6893,0.001107,172.31.36.0-255,66,133001,18,328022
6894,0.001125,74.125.130.0-255,2902,135903,18,328022
6895,0.001128,172.31.36.0-255,66,135969,18,328022
6896,0.001149,74.125.130.0-255,5738,141707,18,328022
6897,0.001152,172.31.36.0-255,66,141773,18,328022
6898,0.0012,172.31.36.0-255,66,141839,18,328022
6899,0.001219,74.125.130.0-255,1484,143323,18,328022
6900,0.001226,74.125.130.0-255,5020,148343,18,328022
6901,0.001228,172.31.36.0-255,66,148409,18,328022
6902,0.001251,74.125.130.0-255,1484,149893,18,328022
6903,0.001269,74.125.130.0-255,1484,151377,18,328022
6904,0.001271,172.31.36.0-255,66,151443,18,328022
6905,0.001293,74.125.130.0-255,1484,152927,18,328022
6906,0.0013,74.125.130.0-255,5738,158665,18,328022
6907,0.001303,172.31.36.0-255,66,158731,18,328022
6908,0.001333,172.31.36.0-255,66,158797,18,328022
6909,0.001373,172.31.36.0-255,66,158863,18,328022
6910,0.001378,74.125.130.0-255,2902,161765,18,328022
6911,0.00138,172.31.36.0-255,66,161831,18,328022
6912,0.001406,74.125.130.0-255,2184,164015,18,328022
6913,0.001409,172.31.36.0-255,66,164081,18,328022
6914,0.001465,74.125.130.0-255,1484,165565,18,328022
6915,0.001482,74.125.130.0-255,2902,168467,18,328022
6916,0.001486,172.31.36.0-255,66,168533,18,328022
6917,0.001506,74.125.130.0-255,2902,171435,18,328022
6918,0.001509,172.31.36.0-255,66,171501,18,328022
6919,0.00152,74.125.130.0-255,2902,174403,18,328022
6920,0.001523,172.31.36.0-255,66,174469,18,328022
6921,0.001543,74.125.130.0-255,1484,175953,18,328022
6922,0.001559,74.125.130.0-255,1484,177437,18,328022
6923,0.001562,172.31.36.0-255,66,177503,18,328022
6924,0.001584,74.125.130.0-255,4320,181823,18,328022
6925,0.001588,74.125.130.0-255,2902,184725,18,328022
6926,0.001592,172.31.36.0-255,66,184791,18,328022
6927,0.0016,172.31.36.0-255,66,184857,18,328022
6928,0.001603,74.125.130.0-255,1484,186341,18,328022
6929,0.001608,74.125.130.0-255,2902,189243,18,328022
6930,0.00161,172.31.36.0-255,66,189309,18,328022
6931,0.001632,74.125.130.0-255,2902,192211,18,328022
6932,0.001635,172.31.36.0-255,66,192277,18,328022
6933,0.00164,74.125.130.0-255,4320,196597,18,328022
6934,0.001643,172.31.36.0-255,66,196663,18,328022
6935,0.001655,74.125.130.0-255,2184,198847,18,328022
6936,0.001658,172.31.36.0-255,66,198913,18,328022
6937,0.001784,74.125.130.0-255,1484,200397,18,328022
6938,0.001788,74.125.130.0-255,1484,201881,18,328022
6939,0.001792,172.31.36.0-255,66,201947,18,328022
6940,0.001813,74.125.130.0-255,2902,204849,18,328022
6941,0.001816,172.31.36.0-255,66,204915,18,328022
6942,0.00182,74.125.130.0-255,2902,207817,18,328022
6943,0.001823,172.31.36.0-255,66,207883,18,328022
6944,0.001841,74.125.130.0-255,2902,210785,18,328022
6945,0.001844,172.31.36.0-255,66,210851,18,328022
6946,0.001848,74.125.130.0-255,2902,213753,18,328022
6947,0.001852,172.31.36.0-255,66,213819,18,328022
6948,0.001896,172.31.36.0-255,66,213885,18,328022
6949,0.001956,74.125.130.0-255,1484,215369,18,328022
6950,0.001971,74.125.130.0-255,4320,219689,18,328022
6951,0.001974,172.31.36.0-255,66,219755,18,328022
6952,0.001987,74.125.130.0-255,1484,221239,18,328022
6953,0.001999,74.125.130.0-255,1484,222723,18,328022
6954,0.002001,172.31.36.0-255,66,222789,18,328022
6955,0.002023,74.125.130.0-255,2184,224973,18,328022
6956,0.002026,172.31.36.0-255,66,225039,18,328022
6957,0.002221,74.125.130.0-255,1484,226523,18,328022
6958,0.002228,74.125.130.0-255,2902,229425,18,328022
6959,0.002231,172.31.36.0-255,66,229491,18,328022
6960,0.002249,74.125.130.0-255,2902,232393,18,328022
6961,0.002252,172.31.36.0-255,66,232459,18,328022
6962,0.002275,74.125.130.0-255,2902,235361,18,328022
6963,0.002278,172.31.36.0-255,66,235427,18,328022
6964,0.002284,74.125.130.0-255,4320,239747,18,328022
6965,0.002286,172.31.36.0-255,66,239813,18,328022
6966,0.002302,74.125.130.0-255,4320,244133,18,328022
6967,0.002305,172.31.36.0-255,66,244199,18,328022
6968,0.00233,74.125.130.0-255,7156,251355,18,328022
6969,0.002334,172.31.36.0-255,66,251421,18,328022
6970,0.002357,74.125.130.0-255,7156,258577,18,328022
6971,0.002361,172.31.36.0-255,66,258643,18,328022
6972,0.002371,172.31.36.0-255,66,258709,18,328022
6973,0.00241,74.125.130.0-255,4320,263029,18,328022
6974,0.002413,172.31.36.0-255,66,263095,18,328022
6975,0.002441,74.125.130.0-255,1484,264579,18,328022
6976,0.00245,74.125.130.0-255,7156,271735,18,328022
6977,0.002456,74.125.130.0-255,7156,278891,18,328022
6978,0.002479,74.125.130.0-255,4320,283211,18,328022
6979,0.002503,74.125.130.0-255,3602,286813,18,328022
6980,0.002513,74.125.130.0-255,1484,288297,18,328022
6981,0.002528,74.125.130.0-255,7156,295453,18,328022
6982,0.002543,74.125.130.0-255,3602,299055,18,328022
6983,0.002565,74.125.130.0-255,4320,303375,18,328022
6984,0.002573,74.125.130.0-255,7156,310531,18,328022
6985,0.002579,74.125.130.0-255,5738,316269,18,328022
6986,0.002591,74.125.130.0-255,2902,319171,18,328022
6987,0.002594,74.125.130.0-255,1484,320655,18,328022
6988,0.00264,74.125.130.0-255,2902,323557,18,328022
6989,0.00266,74.125.130.0-255,4465,328022,18,328022
6990,0.0,172.217.194.0-255,172,172,18,167944
6991,2.8e-05,172.31.36.0-255,66,238,18,167944
6992,3.4e-05,172.217.194.0-255,1484,1722,18,167944
6993,3.9e-05,172.31.36.0-255,66,1788,18,167944
6994,4.3e-05,172.217.194.0-255,2902,4690,18,167944
6995,5.1e-05,172.31.36.0-255,66,4756,18,167944
6996,5.4e-05,172.217.194.0-255,1484,6240,18,167944
6997,5.7e-05,172.31.36.0-255,66,6306,18,167944
6998,9.6e-05,172.217.194.0-255,5738,12044,18,167944
6999,9.9e-05,172.31.36.0-255,66,12110,18,167944
7000,0.000118,172.217.194.0-255,7156,19266,18,167944
7001,0.000121,172.31.36.0-255,66,19332,18,167944
7002,0.000162,172.31.36.0-255,66,19398,18,167944
7003,0.000167,172.217.194.0-255,3961,23359,18,167944
7004,0.000169,172.31.36.0-255,66,23425,18,167944
7005,0.000417,172.217.194.0-255,1484,24909,18,167944
7006,0.000421,172.31.36.0-255,66,24975,18,167944
7007,0.000426,172.217.194.0-255,2902,27877,18,167944
7008,0.000431,172.31.36.0-255,66,27943,18,167944
7009,0.000464,172.217.194.0-255,5738,33681,18,167944
7010,0.000466,172.217.194.0-255,1484,35165,18,167944
7011,0.000468,172.31.36.0-255,66,35231,18,167944
7012,0.000469,172.217.194.0-255,1484,36715,18,167944
7013,0.000471,172.31.36.0-255,66,36781,18,167944
7014,0.000475,172.31.36.0-255,66,36847,18,167944
7015,0.000517,172.31.36.0-255,66,36913,18,167944
7016,0.000531,172.31.36.0-255,66,36979,18,167944
7017,0.00056,172.217.194.0-255,363,37342,18,167944
7018,0.000563,172.31.36.0-255,66,37408,18,167944
7019,0.000608,172.217.194.0-255,1484,38892,18,167944
7020,0.000612,172.217.194.0-255,1484,40376,18,167944
7021,0.000614,172.31.36.0-255,66,40442,18,167944
7022,0.000641,172.217.194.0-255,1484,41926,18,167944
7023,0.000647,172.217.194.0-255,5738,47664,18,167944
7024,0.000649,172.31.36.0-255,66,47730,18,167944
7025,0.000657,172.217.194.0-255,6797,54527,18,167944
7026,0.00066,172.31.36.0-255,66,54593,18,167944
7027,0.00102,172.217.194.0-255,1484,56077,18,167944
7028,0.001029,172.217.194.0-255,2902,58979,18,167944
7029,0.001033,172.31.36.0-255,66,59045,18,167944
7030,0.001062,172.217.194.0-255,5738,64783,18,167944
7031,0.001064,172.31.36.0-255,66,64849,18,167944
7032,0.001092,172.217.194.0-255,5738,70587,18,167944
7033,0.001096,172.31.36.0-255,66,70653,18,167944
7034,0.001126,172.217.194.0-255,4830,75483,18,167944
7035,0.00113,172.31.36.0-255,66,75549,18,167944
7036,0.001135,172.217.194.0-255,4320,79869,18,167944
7037,0.001138,172.31.36.0-255,66,79935,18,167944
7038,0.001145,172.217.194.0-255,7156,87091,18,167944
7039,0.001154,172.31.36.0-255,66,87157,18,167944
7040,0.001195,172.31.36.0-255,66,87223,18,167944
7041,0.001206,172.31.36.0-255,66,87289,18,167944
7042,0.001272,172.217.194.0-255,1484,88773,18,167944
7043,0.001291,172.217.194.0-255,2902,91675,18,167944
7044,0.001294,172.31.36.0-255,66,91741,18,167944
7045,0.001302,172.217.194.0-255,5738,97479,18,167944
7046,0.001304,172.31.36.0-255,66,97545,18,167944
7047,0.001316,172.217.194.0-255,5738,103283,18,167944
7048,0.001318,172.31.36.0-255,66,103349,18,167944
7049,0.001356,172.31.36.0-255,66,103415,18,167944
7050,0.00136,172.217.194.0-255,1484,104899,18,167944
7051,0.001389,172.217.194.0-255,3602,108501,18,167944
7052,0.001392,172.31.36.0-255,66,108567,18,167944
7053,0.00144,172.217.194.0-255,1484,110051,18,167944
7054,0.001461,172.217.194.0-255,2902,112953,18,167944
7055,0.001465,172.31.36.0-255,66,113019,18,167944
7056,0.001471,172.217.194.0-255,5738,118757,18,167944
7057,0.001474,172.31.36.0-255,66,118823,18,167944
7058,0.001514,172.31.36.0-255,66,118889,18,167944
7059,0.001567,172.31.36.0-255,66,118955,18,167944
7060,0.001605,172.217.194.0-255,2184,121139,18,167944
7061,0.001607,172.31.36.0-255,66,121205,18,167944
7062,0.001619,172.31.36.0-255,66,121271,18,167944
7063,0.001639,172.31.36.0-255,66,121337,18,167944
7064,0.001654,172.31.36.0-255,66,121403,18,167944
7065,0.001672,172.31.36.0-255,66,121469,18,167944
7066,0.001685,172.31.36.0-255,66,121535,18,167944
7067,0.001806,172.217.194.0-255,1484,123019,18,167944
7068,0.00181,172.217.194.0-255,2902,125921,18,167944
7069,0.001812,172.31.36.0-255,66,125987,18,167944
7070,0.00185,172.217.194.0-255,5738,131725,18,167944
7071,0.001854,172.31.36.0-255,66,131791,18,167944
7072,0.00189,172.31.36.0-255,66,131857,18,167944
7073,0.001901,172.31.36.0-255,66,131923,18,167944
7074,0.001926,172.217.194.0-255,5020,136943,18,167944
7075,0.001928,172.31.36.0-255,66,137009,18,167944
7076,0.001982,172.217.194.0-255,1484,138493,18,167944
7077,0.001986,172.217.194.0-255,2902,141395,18,167944
7078,0.001989,172.31.36.0-255,66,141461,18,167944
7079,0.001991,172.217.194.0-255,1484,142945,18,167944
7080,0.002019,172.217.194.0-255,4320,147265,18,167944
7081,0.002021,172.31.36.0-255,66,147331,18,167944
7082,0.002031,172.31.36.0-255,66,147397,18,167944
7083,0.002059,172.217.194.0-255,2902,150299,18,167944
7084,0.002061,172.31.36.0-255,66,150365,18,167944
7085,0.002077,172.31.36.0-255,66,150431,18,167944
7086,0.004186,172.217.194.0-255,5738,156169,18,167944
7087,0.00419,172.31.36.0-255,66,156235,18,167944
7088,0.006304,172.217.194.0-255,5738,161973,18,167944
7089,0.006311,172.31.36.0-255,66,162039,18,167944
7090,0.008426,172.217.194.0-255,5738,167777,18,167944
7091,0.008432,172.31.36.0-255,66,167843,18,167944
7092,0.00982,172.31.36.0-255,101,167944,18,167944
7093,0.0,172.217.194.0-255,153,153,18,259046
7094,2.2e-05,172.31.36.0-255,66,219,18,259046
7095,2.8e-05,172.217.194.0-255,1484,1703,18,259046
7096,3.2e-05,172.31.36.0-255,66,1769,18,259046
7097,3.8e-05,172.217.194.0-255,2902,4671,18,259046
7098,4.1e-05,172.31.36.0-255,66,4737,18,259046
7099,4.8e-05,172.217.194.0-255,7156,11893,18,259046
7100,5.1e-05,172.31.36.0-255,66,11959,18,259046
7101,7.6e-05,172.217.194.0-255,7156,19115,18,259046
7102,7.9e-05,172.31.36.0-255,66,19181,18,259046
7103,0.000108,172.31.36.0-255,66,19247,18,259046
7104,0.000121,172.217.194.0-255,3961,23208,18,259046
7105,0.000123,172.31.36.0-255,66,23274,18,259046
7106,0.000275,172.217.194.0-255,1484,24758,18,259046
7107,0.000279,172.31.36.0-255,66,24824,18,259046
7108,0.000284,172.217.194.0-255,2902,27726,18,259046
7109,0.000287,172.31.36.0-255,66,27792,18,259046
7110,0.00029,172.217.194.0-255,1484,29276,18,259046
7111,0.000291,172.31.36.0-255,66,29342,18,259046
7112,0.00032,172.217.194.0-255,4320,33662,18,259046
7113,0.000322,172.31.36.0-255,66,33728,18,259046
7114,0.000327,172.217.194.0-255,2902,36630,18,259046
7115,0.000328,172.31.36.0-255,66,36696,18,259046
7116,0.000352,172.31.36.0-255,66,36762,18,259046
7117,0.000363,172.31.36.0-255,66,36828,18,259046
7118,0.000374,172.217.194.0-255,1484,38312,18,259046
7119,0.000376,172.31.36.0-255,66,38378,18,259046
7120,0.00039,172.217.194.0-255,1446,39824,18,259046
7121,0.000391,172.31.36.0-255,66,39890,18,259046
7122,0.000407,172.217.194.0-255,365,40255,18,259046
7123,0.0008,172.217.194.0-255,1484,41739,18,259046
7124,0.000804,172.31.36.0-255,66,41805,18,259046
7125,0.000809,172.217.194.0-255,2902,44707,18,259046
7126,0.000811,172.31.36.0-255,66,44773,18,259046
7127,0.000839,172.217.194.0-255,2902,47675,18,259046
7128,0.000841,172.31.36.0-255,66,47741,18,259046
7129,0.000861,172.217.194.0-255,7156,54897,18,259046
7130,0.000865,172.31.36.0-255,66,54963,18,259046
7131,0.000887,172.217.194.0-255,5738,60701,18,259046
7132,0.00089,172.31.36.0-255,66,60767,18,259046
7133,0.000912,172.217.194.0-255,3961,64728,18,259046
7134,0.000914,172.31.36.0-255,66,64794,18,259046
7135,0.00093,172.217.194.0-255,4320,69114,18,259046
7136,0.000934,172.31.36.0-255,66,69180,18,259046
7137,0.000957,172.217.194.0-255,5379,74559,18,259046
7138,0.000959,172.31.36.0-255,66,74625,18,259046
7139,0.002076,172.217.194.0-255,1484,76109,18,259046
7140,0.002084,172.217.194.0-255,1484,77593,18,259046
7141,0.0021,172.31.36.0-255,66,77659,18,259046
7142,0.002118,172.217.194.0-255,1484,79143,18,259046
7143,0.002123,172.217.194.0-255,2902,82045,18,259046
7144,0.002125,172.31.36.0-255,66,82111,18,259046
7145,0.002138,172.217.194.0-255,2902,85013,18,259046
7146,0.00214,172.31.36.0-255,66,85079,18,259046
7147,0.002153,172.217.194.0-255,4320,89399,18,259046
7148,0.002154,172.31.36.0-255,66,89465,18,259046
7149,0.002166,172.31.36.0-255,66,89531,18,259046
7150,0.002192,172.217.194.0-255,4320,93851,18,259046
7151,0.002193,172.31.36.0-255,66,93917,18,259046
7152,0.002198,172.217.194.0-255,3602,97519,18,259046
7153,0.0022,172.31.36.0-255,66,97585,18,259046
7154,0.002441,172.217.194.0-255,1484,99069,18,259046
7155,0.002458,172.217.194.0-255,1484,100553,18,259046
7156,0.00246,172.31.36.0-255,66,100619,18,259046
7157,0.002475,172.217.194.0-255,1484,102103,18,259046
7158,0.00248,172.217.194.0-255,4320,106423,18,259046
7159,0.002481,172.31.36.0-255,66,106489,18,259046
7160,0.0025,172.217.194.0-255,1484,107973,18,259046
7161,0.002502,172.217.194.0-255,1484,109457,18,259046
7162,0.002504,172.31.36.0-255,66,109523,18,259046
7163,0.002534,172.31.36.0-255,66,109589,18,259046
7164,0.002543,172.31.36.0-255,66,109655,18,259046
7165,0.002565,172.217.194.0-255,2184,111839,18,259046
7166,0.002568,172.31.36.0-255,66,111905,18,259046
7167,0.002597,172.217.194.0-255,2902,114807,18,259046
7168,0.002599,172.31.36.0-255,66,114873,18,259046
7169,0.002613,172.217.194.0-255,1484,116357,18,259046
7170,0.00263,172.217.194.0-255,5738,122095,18,259046
7171,0.002632,172.31.36.0-255,66,122161,18,259046
7172,0.002637,172.217.194.0-255,5738,127899,18,259046
7173,0.00264,172.31.36.0-255,66,127965,18,259046
7174,0.002651,172.217.194.0-255,2902,130867,18,259046
7175,0.002653,172.31.36.0-255,66,130933,18,259046
7176,0.002658,172.217.194.0-255,4320,135253,18,259046
7177,0.00266,172.31.36.0-255,66,135319,18,259046
7178,0.002663,172.217.194.0-255,1484,136803,18,259046
7179,0.002681,172.217.194.0-255,4320,141123,18,259046
7180,0.002683,172.31.36.0-255,66,141189,18,259046
7181,0.002688,172.217.194.0-255,4320,145509,18,259046
7182,0.00269,172.31.36.0-255,66,145575,18,259046
7183,0.002692,172.217.194.0-255,766,146341,18,259046
7184,0.003101,172.217.194.0-255,1484,147825,18,259046
7185,0.003103,172.31.36.0-255,66,147891,18,259046
7186,0.003114,172.217.194.0-255,1484,149375,18,259046
7187,0.003125,172.217.194.0-255,1484,150859,18,259046
7188,0.003127,172.31.36.0-255,66,150925,18,259046
7189,0.00314,172.217.194.0-255,1484,152409,18,259046
7190,0.00316,172.217.194.0-255,4320,156729,18,259046
7191,0.003162,172.31.36.0-255,66,156795,18,259046
7192,0.003199,172.31.36.0-255,66,156861,18,259046
7193,0.003211,172.31.36.0-255,66,156927,18,259046
7194,0.003233,172.217.194.0-255,1484,158411,18,259046
7195,0.003248,172.217.194.0-255,4320,162731,18,259046
7196,0.00325,172.31.36.0-255,66,162797,18,259046
7197,0.003276,172.217.194.0-255,4320,167117,18,259046
7198,0.003277,172.31.36.0-255,66,167183,18,259046
7199,0.003318,172.31.36.0-255,66,167249,18,259046
7200,0.003331,172.217.194.0-255,2902,170151,18,259046
7201,0.003334,172.31.36.0-255,66,170217,18,259046
7202,0.003346,172.31.36.0-255,66,170283,18,259046
7203,0.003348,172.217.194.0-255,1484,171767,18,259046
7204,0.003369,172.217.194.0-255,2902,174669,18,259046
7205,0.003372,172.31.36.0-255,66,174735,18,259046
7206,0.003393,172.217.194.0-255,5738,180473,18,259046
7207,0.003395,172.31.36.0-255,66,180539,18,259046
7208,0.003397,172.217.194.0-255,1484,182023,18,259046
7209,0.003401,172.217.194.0-255,2902,184925,18,259046
7210,0.003403,172.31.36.0-255,66,184991,18,259046
7211,0.003425,172.217.194.0-255,5738,190729,18,259046
7212,0.003427,172.31.36.0-255,66,190795,18,259046
7213,0.003431,172.217.194.0-255,2902,193697,18,259046
7214,0.003433,172.31.36.0-255,66,193763,18,259046
7215,0.003465,172.31.36.0-255,66,193829,18,259046
7216,0.003468,172.217.194.0-255,1484,195313,18,259046
7217,0.003499,172.31.36.0-255,66,195379,18,259046
7218,0.003527,172.31.36.0-255,66,195445,18,259046
7219,0.003532,172.217.194.0-255,5020,200465,18,259046
7220,0.003535,172.31.36.0-255,78,200543,18,259046
7221,0.00354,172.217.194.0-255,4320,204863,18,259046
7222,0.003543,172.31.36.0-255,78,204941,18,259046
7223,0.003566,172.217.194.0-255,5738,210679,18,259046
7224,0.003568,172.31.36.0-255,66,210745,18,259046
7225,0.00359,172.217.194.0-255,1484,212229,18,259046
7226,0.003607,172.217.194.0-255,1484,213713,18,259046
7227,0.00361,172.31.36.0-255,66,213779,18,259046
7228,0.003627,172.217.194.0-255,1484,215263,18,259046
7229,0.003657,172.217.194.0-255,1484,216747,18,259046
7230,0.00366,172.31.36.0-255,66,216813,18,259046
7231,0.00368,172.217.194.0-255,1484,218297,18,259046
7232,0.003685,172.217.194.0-255,4320,222617,18,259046
7233,0.003687,172.31.36.0-255,66,222683,18,259046
7234,0.00371,172.217.194.0-255,2902,225585,18,259046
7235,0.003713,172.31.36.0-255,66,225651,18,259046
7236,0.003725,172.31.36.0-255,66,225717,18,259046
7237,0.003729,172.217.194.0-255,2902,228619,18,259046
7238,0.003731,172.31.36.0-255,66,228685,18,259046
7239,0.003759,172.217.194.0-255,2184,230869,18,259046
7240,0.003762,172.31.36.0-255,66,230935,18,259046
7241,0.003767,172.217.194.0-255,5738,236673,18,259046
7242,0.003769,172.31.36.0-255,66,236739,18,259046
7243,0.003774,172.217.194.0-255,5738,242477,18,259046
7244,0.003823,172.217.194.0-255,1484,243961,18,259046
7245,0.003825,172.217.194.0-255,1484,245445,18,259046
7246,0.003865,172.217.194.0-255,2902,248347,18,259046
7247,0.003881,172.217.194.0-255,4541,252888,18,259046
7248,0.003883,172.217.194.0-255,105,252993,18,259046
7249,0.004082,172.31.36.0-255,66,253059,18,259046
7250,0.006174,172.217.194.0-255,5738,258797,18,259046
7251,0.00618,172.31.36.0-255,78,258875,18,259046
7252,0.006506,172.31.36.0-255,105,258980,18,259046
7253,0.009092,172.217.194.0-255,66,259046,18,259046
7254,0.0,74.125.200.0-255,153,153,18,143415
7255,2.6e-05,172.31.36.0-255,66,219,18,143415
7256,3.2e-05,74.125.200.0-255,1484,1703,18,143415
7257,3.6e-05,172.31.36.0-255,66,1769,18,143415
7258,4e-05,74.125.200.0-255,1484,3253,18,143415
7259,4.3e-05,172.31.36.0-255,66,3319,18,143415
7260,6.9e-05,74.125.200.0-255,1484,4803,18,143415
7261,7.2e-05,172.31.36.0-255,66,4869,18,143415
7262,8e-05,74.125.200.0-255,5738,10607,18,143415
7263,8.2e-05,172.31.36.0-255,66,10673,18,143415
7264,0.000114,74.125.200.0-255,3492,14165,18,143415
7265,0.000117,172.31.36.0-255,66,14231,18,143415
7266,0.000195,74.125.200.0-255,1484,15715,18,143415
7267,0.000199,172.31.36.0-255,66,15781,18,143415
7268,0.000203,74.125.200.0-255,1484,17265,18,143415
7269,0.000205,172.31.36.0-255,66,17331,18,143415
7270,0.000222,74.125.200.0-255,1484,18815,18,143415
7271,0.000224,172.31.36.0-255,66,18881,18,143415
7272,0.000226,74.125.200.0-255,1484,20365,18,143415
7273,0.000229,172.31.36.0-255,66,20431,18,143415
7274,0.000233,74.125.200.0-255,2902,23333,18,143415
7275,0.000236,172.31.36.0-255,66,23399,18,143415
7276,0.000243,74.125.200.0-255,5738,29137,18,143415
7277,0.000246,172.31.36.0-255,66,29203,18,143415
7278,0.00025,74.125.200.0-255,2543,31746,18,143415
7279,0.000252,172.31.36.0-255,66,31812,18,143415
7280,0.000257,74.125.200.0-255,2902,34714,18,143415
7281,0.000259,172.31.36.0-255,66,34780,18,143415
7282,0.000293,74.125.200.0-255,7156,41936,18,143415
7283,0.000297,172.31.36.0-255,66,42002,18,143415
7284,0.000304,74.125.200.0-255,5738,47740,18,143415
7285,0.000306,172.31.36.0-255,66,47806,18,143415
7286,0.000337,74.125.200.0-255,1125,48931,18,143415
7287,0.000342,74.125.200.0-255,1484,50415,18,143415
7288,0.000344,172.31.36.0-255,66,50481,18,143415
7289,0.000372,74.125.200.0-255,4320,54801,18,143415
7290,0.000375,172.31.36.0-255,66,54867,18,143415
7291,0.000402,172.31.36.0-255,66,54933,18,143415
7292,0.000439,74.125.200.0-255,2543,57476,18,143415
7293,0.000443,172.31.36.0-255,66,57542,18,143415
7294,0.00047,74.125.200.0-255,677,58219,18,143415
7295,0.0007,74.125.200.0-255,1484,59703,18,143415
7296,0.000704,172.31.36.0-255,66,59769,18,143415
7297,0.000708,74.125.200.0-255,1484,61253,18,143415
7298,0.000727,74.125.200.0-255,2902,64155,18,143415
7299,0.000729,172.31.36.0-255,66,64221,18,143415
7300,0.000734,74.125.200.0-255,2902,67123,18,143415
7301,0.000738,172.31.36.0-255,66,67189,18,143415
7302,0.000749,74.125.200.0-255,2902,70091,18,143415
7303,0.000754,172.31.36.0-255,66,70157,18,143415
7304,0.000761,74.125.200.0-255,1484,71641,18,143415
7305,0.000777,74.125.200.0-255,4320,75961,18,143415
7306,0.000781,172.31.36.0-255,66,76027,18,143415
7307,0.000789,74.125.200.0-255,2902,78929,18,143415
7308,0.000792,172.31.36.0-255,66,78995,18,143415
7309,0.000812,74.125.200.0-255,4320,83315,18,143415
7310,0.000815,172.31.36.0-255,66,83381,18,143415
7311,0.000819,74.125.200.0-255,2902,86283,18,143415
7312,0.000823,172.31.36.0-255,66,86349,18,143415
7313,0.000834,74.125.200.0-255,5738,92087,18,143415
7314,0.000838,172.31.36.0-255,66,92153,18,143415
7315,0.000841,74.125.200.0-255,766,92919,18,143415
7316,0.001058,172.31.36.0-255,66,92985,18,143415
7317,0.001612,74.125.200.0-255,1484,94469,18,143415
7318,0.001622,74.125.200.0-255,2902,97371,18,143415
7319,0.001627,172.31.36.0-255,66,97437,18,143415
7320,0.001636,74.125.200.0-255,5738,103175,18,143415
7321,0.001639,172.31.36.0-255,66,103241,18,143415
7322,0.001659,74.125.200.0-255,2902,106143,18,143415
7323,0.001663,172.31.36.0-255,66,106209,18,143415
7324,0.001693,74.125.200.0-255,7156,113365,18,143415
7325,0.001696,172.31.36.0-255,66,113431,18,143415
7326,0.001703,74.125.200.0-255,7156,120587,18,143415
7327,0.001705,172.31.36.0-255,66,120653,18,143415
7328,0.001725,74.125.200.0-255,4320,124973,18,143415
7329,0.001727,172.31.36.0-255,66,125039,18,143415
7330,0.001731,74.125.200.0-255,2184,127223,18,143415
7331,0.001733,172.31.36.0-255,66,127289,18,143415
7332,0.003893,74.125.200.0-255,1484,128773,18,143415
7333,0.003915,74.125.200.0-255,4320,133093,18,143415
7334,0.003917,172.31.36.0-255,66,133159,18,143415
7335,0.006096,74.125.200.0-255,4320,137479,18,143415
7336,0.006102,172.31.36.0-255,66,137545,18,143415
7337,0.006127,74.125.200.0-255,1484,139029,18,143415
7338,0.008273,74.125.200.0-255,4320,143349,18,143415
7339,0.008278,172.31.36.0-255,66,143415,18,143415
7340,0.0,172.31.36.0-255,105,105,18,105
7341,0.0,74.125.24.0-255,146,146,18,216503
7342,9e-06,172.31.36.0-255,66,212,18,216503
7343,2.9e-05,74.125.24.0-255,1484,1696,18,216503
7344,3.2e-05,172.31.36.0-255,66,1762,18,216503
7345,5.5e-05,74.125.24.0-255,2902,4664,18,216503
7346,5.9e-05,172.31.36.0-255,66,4730,18,216503
7347,7e-05,74.125.24.0-255,2902,7632,18,216503
7348,7.2e-05,172.31.36.0-255,66,7698,18,216503
7349,9e-05,74.125.24.0-255,4320,12018,18,216503
7350,9.2e-05,172.31.36.0-255,66,12084,18,216503
7351,0.000105,74.125.24.0-255,2012,14096,18,216503
7352,0.000108,172.31.36.0-255,66,14162,18,216503
7353,0.000269,74.125.24.0-255,1484,15646,18,216503
7354,0.000274,172.31.36.0-255,66,15712,18,216503
7355,0.000279,74.125.24.0-255,2902,18614,18,216503
7356,0.000282,172.31.36.0-255,66,18680,18,216503
7357,0.000285,74.125.24.0-255,1484,20164,18,216503
7358,0.000287,172.31.36.0-255,66,20230,18,216503
7359,0.00031,74.125.24.0-255,2902,23132,18,216503
7360,0.000313,172.31.36.0-255,66,23198,18,216503
7361,0.000316,74.125.24.0-255,1484,24682,18,216503
7362,0.000317,172.31.36.0-255,66,24748,18,216503
7363,0.00034,172.31.36.0-255,66,24814,18,216503
7364,0.000345,74.125.24.0-255,4320,29134,18,216503
7365,0.000347,172.31.36.0-255,66,29200,18,216503
7366,0.00038,172.31.36.0-255,66,29266,18,216503
7367,0.000383,74.125.24.0-255,1125,30391,18,216503
7368,0.000384,172.31.36.0-255,66,30457,18,216503
7369,0.001546,74.125.24.0-255,1484,31941,18,216503
7370,0.001552,172.31.36.0-255,66,32007,18,216503
7371,0.001562,74.125.24.0-255,2902,34909,18,216503
7372,0.001564,172.31.36.0-255,66,34975,18,216503
7373,0.00157,74.125.24.0-255,5738,40713,18,216503
7374,0.001572,172.31.36.0-255,66,40779,18,216503
7375,0.001578,74.125.24.0-255,5738,46517,18,216503
7376,0.00158,172.31.36.0-255,66,46583,18,216503
7377,0.001605,74.125.24.0-255,1125,47708,18,216503
7378,0.001613,74.125.24.0-255,7156,54864,18,216503
7379,0.001615,172.31.36.0-255,66,54930,18,216503
7380,0.001624,74.125.24.0-255,1484,56414,18,216503
7381,0.001657,172.31.36.0-255,66,56480,18,216503
7382,0.001715,74.125.24.0-255,1484,57964,18,216503
7383,0.001731,74.125.24.0-255,7156,65120,18,216503
7384,0.001733,172.31.36.0-255,66,65186,18,216503
7385,0.001752,74.125.24.0-255,2763,67949,18,216503
7386,0.001754,172.31.36.0-255,66,68015,18,216503
7387,0.002479,74.125.24.0-255,1484,69499,18,216503
7388,0.002502,74.125.24.0-255,2902,72401,18,216503
7389,0.002505,172.31.36.0-255,66,72467,18,216503
7390,0.002511,74.125.24.0-255,4320,76787,18,216503
7391,0.002514,172.31.36.0-255,66,76853,18,216503
7392,0.002525,74.125.24.0-255,1484,78337,18,216503
7393,0.002528,74.125.24.0-255,1484,79821,18,216503
7394,0.00253,172.31.36.0-255,66,79887,18,216503
7395,0.002569,172.31.36.0-255,66,79953,18,216503
7396,0.002572,74.125.24.0-255,1484,81437,18,216503
7397,0.002586,74.125.24.0-255,4320,85757,18,216503
7398,0.002589,172.31.36.0-255,66,85823,18,216503
7399,0.002615,74.125.24.0-255,5020,90843,18,216503
7400,0.002618,172.31.36.0-255,66,90909,18,216503
7401,0.002869,74.125.24.0-255,1484,92393,18,216503
7402,0.002874,74.125.24.0-255,2902,95295,18,216503
7403,0.002876,172.31.36.0-255,66,95361,18,216503
7404,0.002885,74.125.24.0-255,5738,101099,18,216503
7405,0.002887,172.31.36.0-255,66,101165,18,216503
7406,0.002911,74.125.24.0-255,1484,102649,18,216503
7407,0.002926,74.125.24.0-255,2902,105551,18,216503
7408,0.002928,172.31.36.0-255,66,105617,18,216503
7409,0.002951,172.31.36.0-255,66,105683,18,216503
7410,0.002955,74.125.24.0-255,2902,108585,18,216503
7411,0.002957,172.31.36.0-255,66,108651,18,216503
7412,0.002996,74.125.24.0-255,2902,111553,18,216503
7413,0.002998,172.31.36.0-255,66,111619,18,216503
7414,0.003014,74.125.24.0-255,3602,115221,18,216503
7415,0.003016,172.31.36.0-255,66,115287,18,216503
7416,0.003509,74.125.24.0-255,1484,116771,18,216503
7417,0.003528,74.125.24.0-255,2902,119673,18,216503
7418,0.003531,172.31.36.0-255,66,119739,18,216503
7419,0.003536,74.125.24.0-255,4320,124059,18,216503
7420,0.003539,172.31.36.0-255,66,124125,18,216503
7421,0.003549,74.125.24.0-255,1484,125609,18,216503
7422,0.003552,74.125.24.0-255,1484,127093,18,216503
7423,0.003555,172.31.36.0-255,66,127159,18,216503
7424,0.003585,172.31.36.0-255,66,127225,18,216503
7425,0.003598,74.125.24.0-255,1484,128709,18,216503
7426,0.003601,74.125.24.0-255,1484,130193,18,216503
7427,0.003603,172.31.36.0-255,66,130259,18,216503
7428,0.003647,74.125.24.0-255,5738,135997,18,216503
7429,0.00365,172.31.36.0-255,66,136063,18,216503
7430,0.003676,74.125.24.0-255,3602,139665,18,216503
7431,0.003679,172.31.36.0-255,66,139731,18,216503
7432,0.003798,74.125.24.0-255,1484,141215,18,216503
7433,0.003804,74.125.24.0-255,2902,144117,18,216503
7434,0.003808,172.31.36.0-255,66,144183,18,216503
7435,0.003827,74.125.24.0-255,5738,149921,18,216503
7436,0.00383,172.31.36.0-255,66,149987,18,216503
7437,0.003834,74.125.24.0-255,1484,151471,18,216503
7438,0.003874,172.31.36.0-255,66,151537,18,216503
7439,0.003879,74.125.24.0-255,2902,154439,18,216503
7440,0.003881,172.31.36.0-255,66,154505,18,216503
7441,0.003904,172.31.36.0-255,66,154571,18,216503
7442,0.005964,74.125.24.0-255,1484,156055,18,216503
7443,0.005973,74.125.24.0-255,2902,158957,18,216503
7444,0.005977,172.31.36.0-255,66,159023,18,216503
7445,0.005983,74.125.24.0-255,1484,160507,18,216503
7446,0.006001,74.125.24.0-255,4320,164827,18,216503
7447,0.006003,172.31.36.0-255,66,164893,18,216503
7448,0.006008,74.125.24.0-255,2902,167795,18,216503
7449,0.00601,172.31.36.0-255,66,167861,18,216503
7450,0.006035,74.125.24.0-255,7156,175017,18,216503
7451,0.006038,172.31.36.0-255,66,175083,18,216503
7452,0.006046,74.125.24.0-255,7156,182239,18,216503
7453,0.006047,172.31.36.0-255,66,182305,18,216503
7454,0.006083,172.31.36.0-255,66,182371,18,216503
7455,0.006098,172.31.36.0-255,66,182437,18,216503
7456,0.006116,74.125.24.0-255,4320,186757,18,216503
7457,0.006118,172.31.36.0-255,66,186823,18,216503
7458,0.006142,172.31.36.0-255,66,186889,18,216503
7459,0.008212,74.125.24.0-255,1484,188373,18,216503
7460,0.008222,74.125.24.0-255,2902,191275,18,216503
7461,0.008226,172.31.36.0-255,66,191341,18,216503
7462,0.008234,74.125.24.0-255,5738,197079,18,216503
7463,0.008236,172.31.36.0-255,66,197145,18,216503
7464,0.008268,172.31.36.0-255,66,197211,18,216503
7465,0.008287,74.125.24.0-255,4320,201531,18,216503
7466,0.008289,172.31.36.0-255,66,201597,18,216503
7467,0.008292,74.125.24.0-255,1484,203081,18,216503
7468,0.008332,172.31.36.0-255,66,203147,18,216503
7469,0.009852,74.125.24.0-255,1484,204631,18,216503
7470,0.009864,74.125.24.0-255,2902,207533,18,216503
7471,0.009869,172.31.36.0-255,66,207599,18,216503
7472,0.009877,74.125.24.0-255,5738,213337,18,216503
7473,0.00988,172.31.36.0-255,66,213403,18,216503
7474,0.009885,74.125.24.0-255,2902,216305,18,216503
7475,0.009887,172.31.36.0-255,66,216371,18,216503
7476,0.009941,172.31.36.0-255,66,216437,18,216503
7477,0.009944,172.31.36.0-255,66,216503,18,216503
7478,0.0,172.217.194.0-255,153,153,18,225316
7479,1.5e-05,172.217.194.0-255,1484,1637,18,225316
7480,2.4e-05,172.31.36.0-255,66,1703,18,225316
7481,3.2e-05,172.217.194.0-255,2902,4605,18,225316
7482,3.6e-05,172.31.36.0-255,66,4671,18,225316
7483,5.5e-05,172.217.194.0-255,7156,11827,18,225316
7484,5.9e-05,172.31.36.0-255,66,11893,18,225316
7485,6.4e-05,172.217.194.0-255,1993,13886,18,225316
7486,6.7e-05,172.31.36.0-255,66,13952,18,225316
7487,7e-05,172.217.194.0-255,1484,15436,18,225316
7488,9.4e-05,172.217.194.0-255,1484,16920,18,225316
7489,0.000102,172.31.36.0-255,66,16986,18,225316
7490,0.00011,172.217.194.0-255,7156,24142,18,225316
7491,0.000114,172.31.36.0-255,66,24208,18,225316
7492,0.00012,172.217.194.0-255,5738,29946,18,225316
7493,0.000122,172.31.36.0-255,66,30012,18,225316
7494,0.000125,172.217.194.0-255,1484,31496,18,225316
7495,0.000181,172.31.36.0-255,66,31562,18,225316
7496,0.000186,172.217.194.0-255,3602,35164,18,225316
7497,0.000189,172.31.36.0-255,66,35230,18,225316
7498,0.000192,172.217.194.0-255,1484,36714,18,225316
7499,0.000225,172.217.194.0-255,2902,39616,18,225316
7500,0.000229,172.31.36.0-255,66,39682,18,225316
7501,0.000234,172.217.194.0-255,4320,44002,18,225316
7502,0.000237,172.31.36.0-255,66,44068,18,225316
7503,0.000277,172.31.36.0-255,66,44134,18,225316
7504,0.000308,172.217.194.0-255,4320,48454,18,225316
7505,0.00031,172.31.36.0-255,66,48520,18,225316
7506,0.000342,172.217.194.0-255,5738,54258,18,225316
7507,0.000344,172.31.36.0-255,66,54324,18,225316
7508,0.000386,172.217.194.0-255,7156,61480,18,225316
7509,0.000388,172.31.36.0-255,66,61546,18,225316
7510,0.000417,172.217.194.0-255,4237,65783,18,225316
7511,0.000419,172.31.36.0-255,66,65849,18,225316
7512,0.000433,172.31.36.0-255,66,65915,18,225316
7513,0.000436,172.217.194.0-255,577,66492,18,225316
7514,0.000471,172.217.194.0-255,1484,67976,18,225316
7515,0.000474,172.31.36.0-255,66,68042,18,225316
7516,0.000479,172.217.194.0-255,2902,70944,18,225316
7517,0.000482,172.31.36.0-255,66,71010,18,225316
7518,0.000517,172.217.194.0-255,5738,76748,18,225316
7519,0.000521,172.31.36.0-255,66,76814,18,225316
7520,0.000528,172.217.194.0-255,7156,83970,18,225316
7521,0.00053,172.31.36.0-255,66,84036,18,225316
7522,0.000581,172.31.36.0-255,66,84102,18,225316
7523,0.00062,172.217.194.0-255,2184,86286,18,225316
7524,0.000622,172.31.36.0-255,66,86352,18,225316
7525,0.000646,172.217.194.0-255,2902,89254,18,225316
7526,0.000648,172.31.36.0-255,66,89320,18,225316
7527,0.000688,172.217.194.0-255,7156,96476,18,225316
7528,0.000693,172.31.36.0-255,66,96542,18,225316
7529,0.000697,172.217.194.0-255,2902,99444,18,225316
7530,0.0007,172.31.36.0-255,66,99510,18,225316
7531,0.000719,172.217.194.0-255,3961,103471,18,225316
7532,0.000723,172.31.36.0-255,66,103537,18,225316
7533,0.000751,172.217.194.0-255,4320,107857,18,225316
7534,0.000755,172.31.36.0-255,66,107923,18,225316
7535,0.000779,172.217.194.0-255,1484,109407,18,225316
7536,0.000801,172.217.194.0-255,7156,116563,18,225316
7537,0.000803,172.31.36.0-255,66,116629,18,225316
7538,0.000811,172.31.36.0-255,66,116695,18,225316
7539,0.000837,172.31.36.0-255,66,116761,18,225316
7540,0.000928,172.217.194.0-255,1484,118245,18,225316
7541,0.000936,172.217.194.0-255,2902,121147,18,225316
7542,0.00094,172.31.36.0-255,66,121213,18,225316
7543,0.000947,172.217.194.0-255,5738,126951,18,225316
7544,0.00095,172.31.36.0-255,66,127017,18,225316
7545,0.000974,172.217.194.0-255,4320,131337,18,225316
7546,0.000977,172.31.36.0-255,66,131403,18,225316
7547,0.001011,172.217.194.0-255,1484,132887,18,225316
7548,0.001017,172.217.194.0-255,7156,140043,18,225316
7549,0.00102,172.31.36.0-255,66,140109,18,225316
7550,0.001059,172.31.36.0-255,66,140175,18,225316
7551,0.001837,172.217.194.0-255,1484,141659,18,225316
7552,0.001846,172.217.194.0-255,2902,144561,18,225316
7553,0.00185,172.31.36.0-255,66,144627,18,225316
7554,0.001857,172.217.194.0-255,5738,150365,18,225316
7555,0.001859,172.31.36.0-255,66,150431,18,225316
7556,0.001878,172.217.194.0-255,7156,157587,18,225316
7557,0.00188,172.31.36.0-255,66,157653,18,225316
7558,0.001923,172.217.194.0-255,5738,163391,18,225316
7559,0.001936,172.31.36.0-255,66,163457,18,225316
7560,0.001945,172.31.36.0-255,66,163523,18,225316
7561,0.002024,172.217.194.0-255,1484,165007,18,225316
7562,0.00203,172.217.194.0-255,2902,167909,18,225316
7563,0.002034,172.31.36.0-255,66,167975,18,225316
7564,0.002041,172.217.194.0-255,5738,173713,18,225316
7565,0.002043,172.31.36.0-255,66,173779,18,225316
7566,0.002075,172.217.194.0-255,7156,180935,18,225316
7567,0.002078,172.31.36.0-255,66,181001,18,225316
7568,0.002082,172.217.194.0-255,1484,182485,18,225316
7569,0.002085,172.217.194.0-255,1484,183969,18,225316
7570,0.002087,172.31.36.0-255,66,184035,18,225316
7571,0.00209,172.217.194.0-255,1484,185519,18,225316
7572,0.002154,172.217.194.0-255,7156,192675,18,225316
7573,0.002157,172.31.36.0-255,66,192741,18,225316
7574,0.002162,172.217.194.0-255,2902,195643,18,225316
7575,0.002165,172.31.36.0-255,66,195709,18,225316
7576,0.002168,172.217.194.0-255,1484,197193,18,225316
7577,0.002176,172.217.194.0-255,766,197959,18,225316
7578,0.002179,172.31.36.0-255,66,198025,18,225316
7579,0.002183,172.217.194.0-255,2902,200927,18,225316
7580,0.002186,172.31.36.0-255,66,200993,18,225316
7581,0.002189,172.217.194.0-255,1484,202477,18,225316
7582,0.002192,172.217.194.0-255,1484,203961,18,225316
7583,0.002194,172.31.36.0-255,66,204027,18,225316
7584,0.002232,172.31.36.0-255,66,204093,18,225316
7585,0.002243,172.31.36.0-255,66,204159,18,225316
7586,0.002276,172.217.194.0-255,1484,205643,18,225316
7587,0.00228,172.217.194.0-255,1484,207127,18,225316
7588,0.002284,172.31.36.0-255,66,207193,18,225316
7589,0.002294,172.31.36.0-255,66,207259,18,225316
7590,0.002303,172.217.194.0-255,1484,208743,18,225316
7591,0.002308,172.217.194.0-255,2902,211645,18,225316
7592,0.00231,172.31.36.0-255,66,211711,18,225316
7593,0.002342,172.217.194.0-255,2902,214613,18,225316
7594,0.002345,172.31.36.0-255,66,214679,18,225316
7595,0.002357,172.31.36.0-255,66,214745,18,225316
7596,0.002377,172.217.194.0-255,2902,217647,18,225316
7597,0.00238,172.31.36.0-255,66,217713,18,225316
7598,0.002398,172.31.36.0-255,66,217779,18,225316
7599,0.002402,172.217.194.0-255,2184,219963,18,225316
7600,0.002403,172.31.36.0-255,66,220029,18,225316
7601,0.002447,172.31.36.0-255,66,220095,18,225316
7602,0.002459,172.31.36.0-255,66,220161,18,225316
7603,0.00248,172.217.194.0-255,1484,221645,18,225316
7604,0.002483,172.217.194.0-255,1484,223129,18,225316
7605,0.002485,172.31.36.0-255,66,223195,18,225316
7606,0.002496,172.31.36.0-255,66,223261,18,225316
7607,0.002499,172.217.194.0-255,1484,224745,18,225316
7608,0.002509,172.31.36.0-255,66,224811,18,225316
7609,0.002544,172.217.194.0-255,97,224908,18,225316
7610,0.002548,172.31.36.0-255,66,224974,18,225316
7611,0.002582,172.217.194.0-255,105,225079,18,225316
7612,0.004742,172.31.36.0-255,66,225145,18,225316
7613,0.004777,172.31.36.0-255,105,225250,18,225316
7614,0.006691,172.217.194.0-255,66,225316,18,225316
7615,0.0,74.125.24.0-255,153,153,18,208155
7616,1.6e-05,74.125.24.0-255,1484,1637,18,208155
7617,2.4e-05,172.31.36.0-255,66,1703,18,208155
7618,3e-05,74.125.24.0-255,1484,3187,18,208155
7619,3.6e-05,74.125.24.0-255,4320,7507,18,208155
7620,4.8e-05,172.31.36.0-255,66,7573,18,208155
7621,5.3e-05,74.125.24.0-255,2902,10475,18,208155
7622,5.6e-05,172.31.36.0-255,66,10541,18,208155
7623,9.1e-05,172.31.36.0-255,66,10607,18,208155
7624,9.6e-05,74.125.24.0-255,2902,13509,18,208155
7625,9.8e-05,172.31.36.0-255,66,13575,18,208155
7626,0.000119,74.125.24.0-255,1484,15059,18,208155
7627,0.000154,172.31.36.0-255,66,15125,18,208155
7628,0.000192,74.125.24.0-255,1484,16609,18,208155
7629,0.000197,74.125.24.0-255,2902,19511,18,208155
7630,0.0002,172.31.36.0-255,66,19577,18,208155
7631,0.000204,74.125.24.0-255,2902,22479,18,208155
7632,0.000207,172.31.36.0-255,66,22545,18,208155
7633,0.00023,74.125.24.0-255,2902,25447,18,208155
7634,0.000238,172.31.36.0-255,66,25513,18,208155
7635,0.000245,74.125.24.0-255,7156,32669,18,208155
7636,0.000247,172.31.36.0-255,66,32735,18,208155
7637,0.000292,172.31.36.0-255,66,32801,18,208155
7638,0.000308,74.125.24.0-255,1484,34285,18,208155
7639,0.000314,74.125.24.0-255,2519,36804,18,208155
7640,0.000317,74.125.24.0-255,342,37146,18,208155
7641,0.000322,172.31.36.0-255,66,37212,18,208155
7642,0.000428,74.125.24.0-255,1484,38696,18,208155
7643,0.000435,74.125.24.0-255,2902,41598,18,208155
7644,0.000458,74.125.24.0-255,5738,47336,18,208155
7645,0.000473,74.125.24.0-255,4320,51656,18,208155
7646,0.000511,74.125.24.0-255,7156,58812,18,208155
7647,0.000528,74.125.24.0-255,3602,62414,18,208155
7648,0.000597,172.31.36.0-255,66,62480,18,208155
7649,0.000635,74.125.24.0-255,1484,63964,18,208155
7650,0.000641,74.125.24.0-255,2902,66866,18,208155
7651,0.00066,172.31.36.0-255,66,66932,18,208155
7652,0.000667,74.125.24.0-255,5738,72670,18,208155
7653,0.000677,172.31.36.0-255,66,72736,18,208155
7654,0.000736,172.31.36.0-255,66,72802,18,208155
7655,0.000801,172.31.36.0-255,66,72868,18,208155
7656,0.000813,172.31.36.0-255,66,72934,18,208155
7657,0.000878,74.125.24.0-255,1484,74418,18,208155
7658,0.000896,74.125.24.0-255,2902,77320,18,208155
7659,0.000909,74.125.24.0-255,2902,80222,18,208155
7660,0.000919,172.31.36.0-255,66,80288,18,208155
7661,0.000924,74.125.24.0-255,2902,83190,18,208155
7662,0.000929,172.31.36.0-255,66,83256,18,208155
7663,0.000947,74.125.24.0-255,4320,87576,18,208155
7664,0.000955,74.125.24.0-255,5738,93314,18,208155
7665,0.000968,74.125.24.0-255,4320,97634,18,208155
7666,0.000991,74.125.24.0-255,7156,104790,18,208155
7667,0.000995,74.125.24.0-255,2184,106974,18,208155
7668,0.001018,172.31.36.0-255,66,107040,18,208155
7669,0.001057,74.125.24.0-255,1484,108524,18,208155
7670,0.001062,74.125.24.0-255,2902,111426,18,208155
7671,0.001075,172.31.36.0-255,66,111492,18,208155
7672,0.001104,74.125.24.0-255,5738,117230,18,208155
7673,0.001122,74.125.24.0-255,5738,122968,18,208155
7674,0.00113,172.31.36.0-255,66,123034,18,208155
7675,0.001138,74.125.24.0-255,1484,124518,18,208155
7676,0.00116,172.31.36.0-255,66,124584,18,208155
7677,0.001167,74.125.24.0-255,1484,126068,18,208155
7678,0.001193,74.125.24.0-255,3602,129670,18,208155
7679,0.001205,172.31.36.0-255,66,129736,18,208155
7680,0.001378,74.125.24.0-255,1484,131220,18,208155
7681,0.001384,74.125.24.0-255,2902,134122,18,208155
7682,0.001399,74.125.24.0-255,1484,135606,18,208155
7683,0.001403,74.125.24.0-255,2902,138508,18,208155
7684,0.001443,172.31.36.0-255,66,138574,18,208155
7685,0.001449,172.31.36.0-255,66,138640,18,208155
7686,0.001465,74.125.24.0-255,5738,144378,18,208155
7687,0.001488,74.125.24.0-255,6438,150816,18,208155
7688,0.001522,172.31.36.0-255,66,150882,18,208155
7689,0.001558,74.125.24.0-255,1484,152366,18,208155
7690,0.001563,74.125.24.0-255,2902,155268,18,208155
7691,0.001576,74.125.24.0-255,1484,156752,18,208155
7692,0.001587,172.31.36.0-255,66,156818,18,208155
7693,0.001593,74.125.24.0-255,4320,161138,18,208155
7694,0.001615,74.125.24.0-255,7156,168294,18,208155
7695,0.001618,172.31.36.0-255,66,168360,18,208155
7696,0.001646,74.125.24.0-255,4320,172680,18,208155
7697,0.001672,172.31.36.0-255,66,172746,18,208155
7698,0.001683,74.125.24.0-255,7156,179902,18,208155
7699,0.001702,172.31.36.0-255,66,179968,18,208155
7700,0.001723,74.125.24.0-255,2184,182152,18,208155
7701,0.001726,74.125.24.0-255,2902,185054,18,208155
7702,0.001732,74.125.24.0-255,7156,192210,18,208155
7703,0.001746,74.125.24.0-255,1484,193694,18,208155
7704,0.001775,74.125.24.0-255,6438,200132,18,208155
7705,0.00179,172.31.36.0-255,66,200198,18,208155
7706,0.001852,74.125.24.0-255,2902,203100,18,208155
7707,0.001865,172.31.36.0-255,66,203166,18,208155
7708,0.001876,74.125.24.0-255,4320,207486,18,208155
7709,0.001886,172.31.36.0-255,66,207552,18,208155
7710,0.001894,74.125.24.0-255,498,208050,18,208155
7711,0.001897,74.125.24.0-255,105,208155,18,208155
7712,0.0,74.125.24.0-255,148,148,18,107592
7713,1.7e-05,172.31.36.0-255,66,214,18,107592
7714,2.3e-05,74.125.24.0-255,1484,1698,18,107592
7715,2.8e-05,172.31.36.0-255,66,1764,18,107592
7716,3.3e-05,74.125.24.0-255,2902,4666,18,107592
7717,3.7e-05,172.31.36.0-255,66,4732,18,107592
7718,5.3e-05,74.125.24.0-255,7156,11888,18,107592
7719,5.7e-05,172.31.36.0-255,66,11954,18,107592
7720,6.1e-05,74.125.24.0-255,2084,14038,18,107592
7721,6.4e-05,172.31.36.0-255,66,14104,18,107592
7722,0.000104,74.125.24.0-255,5738,19842,18,107592
7723,0.000107,172.31.36.0-255,66,19908,18,107592
7724,0.000147,172.31.36.0-255,66,19974,18,107592
7725,0.000163,172.31.36.0-255,66,20040,18,107592
7726,0.000172,74.125.24.0-255,2184,22224,18,107592
7727,0.000174,172.31.36.0-255,66,22290,18,107592
7728,0.000179,74.125.24.0-255,2902,25192,18,107592
7729,0.000181,172.31.36.0-255,66,25258,18,107592
7730,0.000187,74.125.24.0-255,7156,32414,18,107592
7731,0.00019,172.31.36.0-255,66,32480,18,107592
7732,0.000252,172.31.36.0-255,66,32546,18,107592
7733,0.001066,74.125.24.0-255,1484,34030,18,107592
7734,0.001072,172.31.36.0-255,66,34096,18,107592
7735,0.00108,74.125.24.0-255,2902,36998,18,107592
7736,0.001082,172.31.36.0-255,66,37064,18,107592
7737,0.001094,74.125.24.0-255,4320,41384,18,107592
7738,0.001096,172.31.36.0-255,66,41450,18,107592
7739,0.001128,74.125.24.0-255,1484,42934,18,107592
7740,0.00113,172.31.36.0-255,66,43000,18,107592
7741,0.001162,74.125.24.0-255,766,43766,18,107592
7742,0.001387,74.125.24.0-255,1484,45250,18,107592
7743,0.001394,74.125.24.0-255,2902,48152,18,107592
7744,0.001397,74.125.24.0-255,1484,49636,18,107592
7745,0.001414,74.125.24.0-255,1484,51120,18,107592
7746,0.001426,74.125.24.0-255,4320,55440,18,107592
7747,0.001446,74.125.24.0-255,2902,58342,18,107592
7748,0.001475,74.125.24.0-255,7156,65498,18,107592
7749,0.001488,74.125.24.0-255,2184,67682,18,107592
7750,0.001639,74.125.24.0-255,1484,69166,18,107592
7751,0.001658,74.125.24.0-255,2902,72068,18,107592
7752,0.001679,74.125.24.0-255,2902,74970,18,107592
7753,0.001699,74.125.24.0-255,2902,77872,18,107592
7754,0.001703,74.125.24.0-255,1484,79356,18,107592
7755,0.001733,74.125.24.0-255,5738,85094,18,107592
7756,0.001748,74.125.24.0-255,5020,90114,18,107592
7757,0.002199,172.31.36.0-255,66,90180,18,107592
7758,0.004665,74.125.24.0-255,5738,95918,18,107592
7759,0.004671,172.31.36.0-255,66,95984,18,107592
7760,0.007114,74.125.24.0-255,5738,101722,18,107592
7761,0.007119,172.31.36.0-255,66,101788,18,107592
7762,0.009585,74.125.24.0-255,5738,107526,18,107592
7763,0.009593,172.31.36.0-255,66,107592,18,107592
7764,0.0,74.125.24.0-255,406,406,18,290648
7765,1.8e-05,74.125.24.0-255,1484,1890,18,290648
7766,3e-05,172.31.36.0-255,66,1956,18,290648
7767,3.9e-05,74.125.24.0-255,4320,6276,18,290648
7768,4.2e-05,172.31.36.0-255,66,6342,18,290648
7769,5.5e-05,172.31.36.0-255,66,6408,18,290648
7770,0.000269,74.125.24.0-255,1484,7892,18,290648
7771,0.000277,74.125.24.0-255,2902,10794,18,290648
7772,0.000281,172.31.36.0-255,66,10860,18,290648
7773,0.000299,74.125.24.0-255,2902,13762,18,290648
7774,0.000303,172.31.36.0-255,66,13828,18,290648
7775,0.000328,74.125.24.0-255,2902,16730,18,290648
7776,0.00033,172.31.36.0-255,66,16796,18,290648
7777,0.000337,74.125.24.0-255,5738,22534,18,290648
7778,0.000339,172.31.36.0-255,66,22600,18,290648
7779,0.000353,74.125.24.0-255,1125,23725,18,290648
7780,0.000374,74.125.24.0-255,1484,25209,18,290648
7781,0.000377,172.31.36.0-255,66,25275,18,290648
7782,0.000399,74.125.24.0-255,4320,29595,18,290648
7783,0.000402,172.31.36.0-255,66,29661,18,290648
7784,0.000429,172.31.36.0-255,66,29727,18,290648
7785,0.000432,74.125.24.0-255,1125,30852,18,290648
7786,0.000674,74.125.24.0-255,1484,32336,18,290648
7787,0.00068,172.31.36.0-255,66,32402,18,290648
7788,0.000698,74.125.24.0-255,2902,35304,18,290648
7789,0.000701,172.31.36.0-255,66,35370,18,290648
7790,0.000707,74.125.24.0-255,4320,39690,18,290648
7791,0.00071,172.31.36.0-255,66,39756,18,290648
7792,0.000726,74.125.24.0-255,1484,41240,18,290648
7793,0.00073,74.125.24.0-255,1484,42724,18,290648
7794,0.000733,172.31.36.0-255,66,42790,18,290648
7795,0.000753,74.125.24.0-255,5379,48169,18,290648
7796,0.000756,172.31.36.0-255,66,48235,18,290648
7797,0.000791,74.125.24.0-255,1484,49719,18,290648
7798,0.000809,74.125.24.0-255,2902,52621,18,290648
7799,0.000813,172.31.36.0-255,66,52687,18,290648
7800,0.000827,74.125.24.0-255,2902,55589,18,290648
7801,0.000829,172.31.36.0-255,66,55655,18,290648
7802,0.000855,74.125.24.0-255,2902,58557,18,290648
7803,0.000859,172.31.36.0-255,66,58623,18,290648
7804,0.000867,74.125.24.0-255,7156,65779,18,290648
7805,0.00087,172.31.36.0-255,66,65845,18,290648
7806,0.000889,74.125.24.0-255,288,66133,18,290648
7807,0.000932,74.125.24.0-255,1484,67617,18,290648
7808,0.000935,172.31.36.0-255,66,67683,18,290648
7809,0.000939,74.125.24.0-255,1484,69167,18,290648
7810,0.000954,74.125.24.0-255,1484,70651,18,290648
7811,0.000956,172.31.36.0-255,66,70717,18,290648
7812,0.000961,74.125.24.0-255,2902,73619,18,290648
7813,0.000964,172.31.36.0-255,66,73685,18,290648
7814,0.000987,74.125.24.0-255,2902,76587,18,290648
7815,0.00099,172.31.36.0-255,66,76653,18,290648
7816,0.000995,74.125.24.0-255,2902,79555,18,290648
7817,0.000997,172.31.36.0-255,66,79621,18,290648
7818,0.001012,74.125.24.0-255,3961,83582,18,290648
7819,0.001014,172.31.36.0-255,66,83648,18,290648
7820,0.001023,74.125.24.0-255,7156,90804,18,290648
7821,0.001026,172.31.36.0-255,66,90870,18,290648
7822,0.001061,172.31.36.0-255,66,90936,18,290648
7823,0.001118,172.31.36.0-255,66,91002,18,290648
7824,0.001125,74.125.24.0-255,6921,97923,18,290648
7825,0.001127,172.31.36.0-255,66,97989,18,290648
7826,0.00127,74.125.24.0-255,1484,99473,18,290648
7827,0.001276,74.125.24.0-255,2902,102375,18,290648
7828,0.001279,172.31.36.0-255,66,102441,18,290648
7829,0.001283,74.125.24.0-255,1484,103925,18,290648
7830,0.001303,74.125.24.0-255,4320,108245,18,290648
7831,0.001306,172.31.36.0-255,66,108311,18,290648
7832,0.001324,74.125.24.0-255,1484,109795,18,290648
7833,0.001354,172.31.36.0-255,66,109861,18,290648
7834,0.001365,74.125.24.0-255,1484,111345,18,290648
7835,0.00137,74.125.24.0-255,2902,114247,18,290648
7836,0.001373,172.31.36.0-255,66,114313,18,290648
7837,0.001406,172.31.36.0-255,66,114379,18,290648
7838,0.001658,74.125.24.0-255,1484,115863,18,290648
7839,0.001664,74.125.24.0-255,2902,118765,18,290648
7840,0.001667,172.31.36.0-255,66,118831,18,290648
7841,0.00167,74.125.24.0-255,1484,120315,18,290648
7842,0.00169,74.125.24.0-255,4320,124635,18,290648
7843,0.001692,172.31.36.0-255,66,124701,18,290648
7844,0.001698,74.125.24.0-255,5738,130439,18,290648
7845,0.001701,172.31.36.0-255,66,130505,18,290648
7846,0.001722,74.125.24.0-255,5738,136243,18,290648
7847,0.001724,172.31.36.0-255,66,136309,18,290648
7848,0.001753,74.125.24.0-255,7156,143465,18,290648
7849,0.001756,172.31.36.0-255,66,143531,18,290648
7850,0.001762,74.125.24.0-255,5020,148551,18,290648
7851,0.001764,172.31.36.0-255,66,148617,18,290648
7852,0.002163,74.125.24.0-255,1484,150101,18,290648
7853,0.002169,74.125.24.0-255,2902,153003,18,290648
7854,0.002172,172.31.36.0-255,66,153069,18,290648
7855,0.002193,74.125.24.0-255,2902,155971,18,290648
7856,0.002196,172.31.36.0-255,66,156037,18,290648
7857,0.002219,74.125.24.0-255,2902,158939,18,290648
7858,0.002225,74.125.24.0-255,5738,164677,18,290648
7859,0.00223,172.31.36.0-255,66,164743,18,290648
7860,0.002233,172.31.36.0-255,66,164809,18,290648
7861,0.002248,74.125.24.0-255,4320,169129,18,290648
7862,0.00225,172.31.36.0-255,66,169195,18,290648
7863,0.002255,74.125.24.0-255,2902,172097,18,290648
7864,0.002257,172.31.36.0-255,66,172163,18,290648
7865,0.002293,172.31.36.0-255,66,172229,18,290648
7866,0.002314,74.125.24.0-255,1484,173713,18,290648
7867,0.002338,74.125.24.0-255,1484,175197,18,290648
7868,0.002342,172.31.36.0-255,66,175263,18,290648
7869,0.002381,74.125.24.0-255,2902,178165,18,290648
7870,0.002384,172.31.36.0-255,66,178231,18,290648
7871,0.002391,74.125.24.0-255,5738,183969,18,290648
7872,0.002393,172.31.36.0-255,66,184035,18,290648
7873,0.002402,74.125.24.0-255,4320,188355,18,290648
7874,0.002404,172.31.36.0-255,66,188421,18,290648
7875,0.002408,74.125.24.0-255,1484,189905,18,290648
7876,0.002414,74.125.24.0-255,5738,195643,18,290648
7877,0.002416,172.31.36.0-255,66,195709,18,290648
7878,0.002447,74.125.24.0-255,7156,202865,18,290648
7879,0.002449,172.31.36.0-255,66,202931,18,290648
7880,0.002455,74.125.24.0-255,3602,206533,18,290648
7881,0.002457,172.31.36.0-255,66,206599,18,290648
7882,0.003378,74.125.24.0-255,1484,208083,18,290648
7883,0.003398,74.125.24.0-255,2902,210985,18,290648
7884,0.003403,172.31.36.0-255,66,211051,18,290648
7885,0.00341,74.125.24.0-255,4320,215371,18,290648
7886,0.003412,172.31.36.0-255,66,215437,18,290648
7887,0.003428,74.125.24.0-255,1484,216921,18,290648
7888,0.003436,74.125.24.0-255,7156,224077,18,290648
7889,0.003438,172.31.36.0-255,66,224143,18,290648
7890,0.003463,172.31.36.0-255,66,224209,18,290648
7891,0.003488,74.125.24.0-255,5738,229947,18,290648
7892,0.00349,172.31.36.0-255,66,230013,18,290648
7893,0.003494,74.125.24.0-255,2184,232197,18,290648
7894,0.003497,172.31.36.0-255,66,232263,18,290648
7895,0.00359,74.125.24.0-255,1484,233747,18,290648
7896,0.003597,74.125.24.0-255,2902,236649,18,290648
7897,0.0036,172.31.36.0-255,66,236715,18,290648
7898,0.003606,74.125.24.0-255,4320,241035,18,290648
7899,0.003608,172.31.36.0-255,66,241101,18,290648
7900,0.00362,74.125.24.0-255,1484,242585,18,290648
7901,0.003625,74.125.24.0-255,4320,246905,18,290648
7902,0.003628,172.31.36.0-255,66,246971,18,290648
7903,0.003652,74.125.24.0-255,5738,252709,18,290648
7904,0.003655,172.31.36.0-255,66,252775,18,290648
7905,0.00366,74.125.24.0-255,4320,257095,18,290648
7906,0.003662,172.31.36.0-255,66,257161,18,290648
7907,0.003691,172.31.36.0-255,66,257227,18,290648
7908,0.003696,74.125.24.0-255,4320,261547,18,290648
7909,0.003699,172.31.36.0-255,66,261613,18,290648
7910,0.003702,74.125.24.0-255,1484,263097,18,290648
7911,0.003734,172.31.36.0-255,66,263163,18,290648
7912,0.003755,74.125.24.0-255,5738,268901,18,290648
7913,0.003758,172.31.36.0-255,66,268967,18,290648
7914,0.003764,74.125.24.0-255,6438,275405,18,290648
7915,0.003767,172.31.36.0-255,66,275471,18,290648
7916,0.003876,74.125.24.0-255,1484,276955,18,290648
7917,0.003903,74.125.24.0-255,2902,279857,18,290648
7918,0.003907,172.31.36.0-255,66,279923,18,290648
7919,0.003914,74.125.24.0-255,4320,284243,18,290648
7920,0.003916,172.31.36.0-255,66,284309,18,290648
7921,0.003935,74.125.24.0-255,1484,285793,18,290648
7922,0.003947,172.31.36.0-255,66,285859,18,290648
7923,0.003984,74.125.24.0-255,1484,287343,18,290648
7924,0.004017,172.31.36.0-255,66,287409,18,290648
7925,0.004019,74.125.24.0-255,1484,288893,18,290648
7926,0.004037,74.125.24.0-255,1584,290477,18,290648
7927,0.004039,172.31.36.0-255,66,290543,18,290648
7928,0.004042,74.125.24.0-255,105,290648,18,290648
7929,0.0,172.217.194.0-255,153,153,18,63546
7930,2.4e-05,172.31.36.0-255,66,219,18,63546
7931,3e-05,172.217.194.0-255,1484,1703,18,63546
7932,3.5e-05,172.31.36.0-255,66,1769,18,63546
7933,4.1e-05,172.217.194.0-255,2902,4671,18,63546
7934,4.4e-05,172.31.36.0-255,66,4737,18,63546
7935,6.8e-05,172.217.194.0-255,2902,7639,18,63546
7936,7.1e-05,172.31.36.0-255,66,7705,18,63546
7937,9.2e-05,172.217.194.0-255,4320,12025,18,63546
7938,9.5e-05,172.31.36.0-255,66,12091,18,63546
7939,0.000248,172.217.194.0-255,3502,15593,18,63546
7940,0.000254,172.31.36.0-255,66,15659,18,63546
7941,0.000325,172.217.194.0-255,5738,21397,18,63546
7942,0.000329,172.31.36.0-255,66,21463,18,63546
7943,0.000354,172.31.36.0-255,66,21529,18,63546
7944,0.000669,172.31.36.0-255,66,21595,18,63546
7945,0.000697,172.31.36.0-255,66,21661,18,63546
7946,0.001044,172.217.194.0-255,7156,28817,18,63546
7947,0.00105,172.31.36.0-255,66,28883,18,63546
7948,0.001082,172.31.36.0-255,66,28949,18,63546
7949,0.001433,172.31.36.0-255,66,29015,18,63546
7950,0.001454,172.217.194.0-255,5379,34394,18,63546
7951,0.001456,172.31.36.0-255,66,34460,18,63546
7952,0.001827,172.217.194.0-255,4320,38780,18,63546
7953,0.001833,172.31.36.0-255,66,38846,18,63546
7954,0.001873,172.31.36.0-255,66,38912,18,63546
7955,0.002643,172.217.194.0-255,7156,46068,18,63546
7956,0.003302,172.217.194.0-255,7156,53224,18,63546
7957,0.005116,172.31.36.0-255,66,53290,18,63546
7958,0.007239,172.217.194.0-255,4320,57610,18,63546
7959,0.007245,172.31.36.0-255,66,57676,18,63546
7960,0.007263,172.217.194.0-255,1484,59160,18,63546
7961,0.00939,172.217.194.0-255,4320,63480,18,63546
7962,0.009396,172.31.36.0-255,66,63546,18,63546
7963,0.0,172.217.194.0-255,146,146,18,99509
7964,2.3e-05,172.31.36.0-255,66,212,18,99509
7965,3.1e-05,172.217.194.0-255,1484,1696,18,99509
7966,3.6e-05,172.31.36.0-255,66,1762,18,99509
7967,4.3e-05,172.217.194.0-255,2902,4664,18,99509
7968,4.6e-05,172.31.36.0-255,66,4730,18,99509
7969,5.4e-05,172.217.194.0-255,7156,11886,18,99509
7970,5.7e-05,172.31.36.0-255,66,11952,18,99509
7971,6.1e-05,172.217.194.0-255,2085,14037,18,99509
7972,6.4e-05,172.31.36.0-255,66,14103,18,99509
7973,0.000343,172.217.194.0-255,1484,15587,18,99509
7974,0.000349,172.31.36.0-255,66,15653,18,99509
7975,0.000356,172.217.194.0-255,2902,18555,18,99509
7976,0.000359,172.31.36.0-255,66,18621,18,99509
7977,0.000365,172.217.194.0-255,5738,24359,18,99509
7978,0.000367,172.31.36.0-255,66,24425,18,99509
7979,0.000399,172.217.194.0-255,2902,27327,18,99509
7980,0.000402,172.31.36.0-255,66,27393,18,99509
7981,0.000434,172.31.36.0-255,66,27459,18,99509
7982,0.000447,172.31.36.0-255,66,27525,18,99509
7983,0.00045,172.217.194.0-255,1125,28650,18,99509
7984,0.000452,172.31.36.0-255,66,28716,18,99509
7985,0.001631,172.217.194.0-255,1484,30200,18,99509
7986,0.001639,172.31.36.0-255,66,30266,18,99509
7987,0.001649,172.217.194.0-255,2902,33168,18,99509
7988,0.001652,172.31.36.0-255,66,33234,18,99509
7989,0.001659,172.217.194.0-255,5738,38972,18,99509
7990,0.001661,172.31.36.0-255,66,39038,18,99509
7991,0.001669,172.217.194.0-255,5738,44776,18,99509
7992,0.001671,172.31.36.0-255,66,44842,18,99509
7993,0.001705,172.217.194.0-255,1705,46547,18,99509
7994,0.001708,172.31.36.0-255,66,46613,18,99509
7995,0.001735,172.217.194.0-255,2902,49515,18,99509
7996,0.001737,172.31.36.0-255,66,49581,18,99509
7997,0.00176,172.217.194.0-255,7156,56737,18,99509
7998,0.001763,172.31.36.0-255,66,56803,18,99509
7999,0.001783,172.217.194.0-255,5738,62541,18,99509
8000,0.001785,172.31.36.0-255,66,62607,18,99509
8001,0.001801,172.217.194.0-255,5738,68345,18,99509
8002,0.001803,172.31.36.0-255,66,68411,18,99509
8003,0.001808,172.217.194.0-255,2902,71313,18,99509
8004,0.00181,172.31.36.0-255,66,71379,18,99509
8005,0.001842,172.31.36.0-255,66,71445,18,99509
8006,0.002286,172.217.194.0-255,1484,72929,18,99509
8007,0.002302,172.217.194.0-255,2902,75831,18,99509
8008,0.002305,172.31.36.0-255,66,75897,18,99509
8009,0.002311,172.217.194.0-255,4320,80217,18,99509
8010,0.002313,172.31.36.0-255,66,80283,18,99509
8011,0.002338,172.31.36.0-255,66,80349,18,99509
8012,0.002378,172.217.194.0-255,2902,83251,18,99509
8013,0.002381,172.31.36.0-255,66,83317,18,99509
8014,0.002412,172.31.36.0-255,66,83383,18,99509
8015,0.004711,172.217.194.0-255,1484,84867,18,99509
8016,0.004726,172.217.194.0-255,2902,87769,18,99509
8017,0.00473,172.31.36.0-255,66,87835,18,99509
8018,0.004742,172.217.194.0-255,1484,89319,18,99509
8019,0.007055,172.217.194.0-255,4320,93639,18,99509
8020,0.007063,172.31.36.0-255,66,93705,18,99509
8021,0.00942,172.217.194.0-255,5738,99443,18,99509
8022,0.009428,172.31.36.0-255,66,99509,18,99509
8023,0.0,74.125.24.0-255,298,298,18,136169
8024,2.8e-05,172.31.36.0-255,66,364,18,136169
8025,3.7e-05,74.125.24.0-255,1484,1848,18,136169
8026,4.2e-05,172.31.36.0-255,66,1914,18,136169
8027,5e-05,74.125.24.0-255,4320,6234,18,136169
8028,5.4e-05,172.31.36.0-255,66,6300,18,136169
8029,5.9e-05,74.125.24.0-255,4320,10620,18,136169
8030,6.2e-05,172.31.36.0-255,66,10686,18,136169
8031,7.5e-05,172.31.36.0-255,66,10752,18,136169
8032,0.000104,74.125.24.0-255,460,11212,18,136169
8033,0.000107,172.31.36.0-255,66,11278,18,136169
8034,0.000121,172.31.36.0-255,66,11344,18,136169
8035,0.000183,74.125.24.0-255,1484,12828,18,136169
8036,0.000186,172.31.36.0-255,66,12894,18,136169
8037,0.000206,74.125.24.0-255,2902,15796,18,136169
8038,0.000209,172.31.36.0-255,66,15862,18,136169
8039,0.000215,74.125.24.0-255,5738,21600,18,136169
8040,0.000217,172.31.36.0-255,66,21666,18,136169
8041,0.000234,74.125.24.0-255,1484,23150,18,136169
8042,0.000236,172.31.36.0-255,66,23216,18,136169
8043,0.000269,172.31.36.0-255,66,23282,18,136169
8044,0.000297,74.125.24.0-255,2902,26184,18,136169
8045,0.0003,172.31.36.0-255,66,26250,18,136169
8046,0.000317,74.125.24.0-255,7068,33318,18,136169
8047,0.00032,172.31.36.0-255,66,33384,18,136169
8048,0.000323,74.125.24.0-255,134,33518,18,136169
8049,0.000325,172.31.36.0-255,66,33584,18,136169
8050,0.000341,74.125.24.0-255,347,33931,18,136169
8051,0.000343,172.31.36.0-255,66,33997,18,136169
8052,0.000519,74.125.24.0-255,1484,35481,18,136169
8053,0.000541,74.125.24.0-255,1484,36965,18,136169
8054,0.000545,172.31.36.0-255,66,37031,18,136169
8055,0.000556,74.125.24.0-255,1484,38515,18,136169
8056,0.000559,74.125.24.0-255,1484,39999,18,136169
8057,0.000561,172.31.36.0-255,66,40065,18,136169
8058,0.000575,74.125.24.0-255,2902,42967,18,136169
8059,0.000578,172.31.36.0-255,66,43033,18,136169
8060,0.00058,74.125.24.0-255,1484,44517,18,136169
8061,0.000606,74.125.24.0-255,6797,51314,18,136169
8062,0.000609,172.31.36.0-255,66,51380,18,136169
8063,0.000625,74.125.24.0-255,1484,52864,18,136169
8064,0.000641,74.125.24.0-255,2902,55766,18,136169
8065,0.000644,172.31.36.0-255,66,55832,18,136169
8066,0.000651,74.125.24.0-255,5738,61570,18,136169
8067,0.000653,172.31.36.0-255,66,61636,18,136169
8068,0.000679,74.125.24.0-255,4320,65956,18,136169
8069,0.000681,172.31.36.0-255,66,66022,18,136169
8070,0.000694,74.125.24.0-255,2543,68565,18,136169
8071,0.000696,172.31.36.0-255,66,68631,18,136169
8072,0.00134,74.125.24.0-255,1484,70115,18,136169
8073,0.001355,74.125.24.0-255,2902,73017,18,136169
8074,0.001359,172.31.36.0-255,66,73083,18,136169
8075,0.001365,74.125.24.0-255,5738,78821,18,136169
8076,0.001367,172.31.36.0-255,66,78887,18,136169
8077,0.001372,74.125.24.0-255,2902,81789,18,136169
8078,0.001375,172.31.36.0-255,66,81855,18,136169
8079,0.001399,74.125.24.0-255,7156,89011,18,136169
8080,0.001402,172.31.36.0-255,66,89077,18,136169
8081,0.001445,172.31.36.0-255,66,89143,18,136169
8082,0.001953,74.125.24.0-255,1484,90627,18,136169
8083,0.001962,74.125.24.0-255,2902,93529,18,136169
8084,0.001966,172.31.36.0-255,66,93595,18,136169
8085,0.001989,74.125.24.0-255,5738,99333,18,136169
8086,0.001991,172.31.36.0-255,66,99399,18,136169
8087,0.001997,74.125.24.0-255,4320,103719,18,136169
8088,0.001999,172.31.36.0-255,66,103785,18,136169
8089,0.002017,74.125.24.0-255,2902,106687,18,136169
8090,0.00202,172.31.36.0-255,66,106753,18,136169
8091,0.002057,172.31.36.0-255,66,106819,18,136169
8092,0.002068,172.31.36.0-255,66,106885,18,136169
8093,0.002148,74.125.24.0-255,1484,108369,18,136169
8094,0.002155,74.125.24.0-255,2902,111271,18,136169
8095,0.002158,172.31.36.0-255,66,111337,18,136169
8096,0.00218,74.125.24.0-255,5738,117075,18,136169
8097,0.002182,172.31.36.0-255,66,117141,18,136169
8098,0.002199,74.125.24.0-255,1484,118625,18,136169
8099,0.002228,172.31.36.0-255,66,118691,18,136169
8100,0.002242,172.31.36.0-255,66,118757,18,136169
8101,0.004512,74.125.24.0-255,5738,124495,18,136169
8102,0.004519,172.31.36.0-255,66,124561,18,136169
8103,0.006782,74.125.24.0-255,5738,130299,18,136169
8104,0.006789,172.31.36.0-255,66,130365,18,136169
8105,0.009074,74.125.24.0-255,5738,136103,18,136169
8106,0.00908,172.31.36.0-255,66,136169,18,136169
8107,0.0,172.217.194.0-255,153,153,18,188144
8108,2e-05,172.31.36.0-255,66,219,18,188144
8109,2.8e-05,172.217.194.0-255,1484,1703,18,188144
8110,3.2e-05,172.31.36.0-255,66,1769,18,188144
8111,3.7e-05,172.217.194.0-255,2902,4671,18,188144
8112,4.1e-05,172.31.36.0-255,66,4737,18,188144
8113,4.6e-05,172.217.194.0-255,2902,7639,18,188144
8114,4.9e-05,172.31.36.0-255,66,7705,18,188144
8115,5.5e-05,172.217.194.0-255,2902,10607,18,188144
8116,5.7e-05,172.31.36.0-255,66,10673,18,188144
8117,8.5e-05,172.217.194.0-255,4907,15580,18,188144
8118,8.8e-05,172.31.36.0-255,66,15646,18,188144
8119,0.000102,172.31.36.0-255,66,15712,18,188144
8120,0.00012,172.217.194.0-255,2902,18614,18,188144
8121,0.000123,172.31.36.0-255,66,18680,18,188144
8122,0.000126,172.217.194.0-255,1125,19805,18,188144
8123,0.000129,172.31.36.0-255,66,19871,18,188144
8124,0.000159,172.217.194.0-255,1484,21355,18,188144
8125,0.000162,172.31.36.0-255,66,21421,18,188144
8126,0.000165,172.217.194.0-255,1484,22905,18,188144
8127,0.000167,172.31.36.0-255,66,22971,18,188144
8128,0.000183,172.217.194.0-255,2902,25873,18,188144
8129,0.000186,172.31.36.0-255,66,25939,18,188144
8130,0.00019,172.217.194.0-255,2902,28841,18,188144
8131,0.000192,172.31.36.0-255,66,28907,18,188144
8132,0.000214,172.217.194.0-255,4320,33227,18,188144
8133,0.000216,172.31.36.0-255,66,33293,18,188144
8134,0.000221,172.217.194.0-255,2902,36195,18,188144
8135,0.000223,172.31.36.0-255,66,36261,18,188144
8136,0.000268,172.31.36.0-255,66,36327,18,188144
8137,0.000279,172.217.194.0-255,1125,37452,18,188144
8138,0.000283,172.217.194.0-255,4216,41668,18,188144
8139,0.000288,172.31.36.0-255,66,41734,18,188144
8140,0.000332,172.217.194.0-255,1484,43218,18,188144
8141,0.000346,172.217.194.0-255,2902,46120,18,188144
8142,0.00035,172.31.36.0-255,66,46186,18,188144
8143,0.000355,172.217.194.0-255,4320,50506,18,188144
8144,0.000358,172.31.36.0-255,66,50572,18,188144
8145,0.000369,172.217.194.0-255,1484,52056,18,188144
8146,0.000396,172.217.194.0-255,6797,58853,18,188144
8147,0.000399,172.31.36.0-255,66,58919,18,188144
8148,0.000435,172.217.194.0-255,4320,63239,18,188144
8149,0.000437,172.31.36.0-255,66,63305,18,188144
8150,0.000457,172.217.194.0-255,2902,66207,18,188144
8151,0.00046,172.31.36.0-255,66,66273,18,188144
8152,0.000472,172.31.36.0-255,66,66339,18,188144
8153,0.000507,172.217.194.0-255,5738,72077,18,188144
8154,0.00051,172.31.36.0-255,66,72143,18,188144
8155,0.000541,172.31.36.0-255,66,72209,18,188144
8156,0.000559,172.31.36.0-255,66,72275,18,188144
8157,0.000604,172.217.194.0-255,1484,73759,18,188144
8158,0.000609,172.217.194.0-255,2902,76661,18,188144
8159,0.000611,172.31.36.0-255,66,76727,18,188144
8160,0.000617,172.217.194.0-255,4320,81047,18,188144
8161,0.00062,172.31.36.0-255,66,81113,18,188144
8162,0.000634,172.217.194.0-255,1484,82597,18,188144
8163,0.000646,172.31.36.0-255,66,82663,18,188144
8164,0.000671,172.217.194.0-255,2902,85565,18,188144
8165,0.000673,172.31.36.0-255,66,85631,18,188144
8166,0.000687,172.31.36.0-255,66,85697,18,188144
8167,0.000778,172.217.194.0-255,1484,87181,18,188144
8168,0.000786,172.217.194.0-255,1484,88665,18,188144
8169,0.00079,172.31.36.0-255,66,88731,18,188144
8170,0.000811,172.217.194.0-255,1484,90215,18,188144
8171,0.000818,172.217.194.0-255,5738,95953,18,188144
8172,0.000821,172.31.36.0-255,66,96019,18,188144
8173,0.000824,172.217.194.0-255,1484,97503,18,188144
8174,0.000851,172.31.36.0-255,66,97569,18,188144
8175,0.000854,172.217.194.0-255,1484,99053,18,188144
8176,0.000878,172.31.36.0-255,66,99119,18,188144
8177,0.000901,172.217.194.0-255,1484,100603,18,188144
8178,0.000921,172.217.194.0-255,2902,103505,18,188144
8179,0.000925,172.31.36.0-255,66,103571,18,188144
8180,0.000931,172.217.194.0-255,5738,109309,18,188144
8181,0.000934,172.31.36.0-255,66,109375,18,188144
8182,0.000976,172.31.36.0-255,66,109441,18,188144
8183,0.000988,172.31.36.0-255,66,109507,18,188144
8184,0.001013,172.217.194.0-255,2902,112409,18,188144
8185,0.001015,172.31.36.0-255,66,112475,18,188144
8186,0.001058,172.31.36.0-255,66,112541,18,188144
8187,0.00107,172.31.36.0-255,66,112607,18,188144
8188,0.001199,172.217.194.0-255,1484,114091,18,188144
8189,0.001219,172.217.194.0-255,2902,116993,18,188144
8190,0.001222,172.31.36.0-255,66,117059,18,188144
8191,0.001229,172.217.194.0-255,5738,122797,18,188144
8192,0.001232,172.31.36.0-255,66,122863,18,188144
8193,0.001235,172.217.194.0-255,1484,124347,18,188144
8194,0.001264,172.217.194.0-255,5738,130085,18,188144
8195,0.001266,172.31.36.0-255,66,130151,18,188144
8196,0.001272,172.217.194.0-255,4320,134471,18,188144
8197,0.001275,172.31.36.0-255,66,134537,18,188144
8198,0.00131,172.31.36.0-255,66,134603,18,188144
8199,0.001315,172.217.194.0-255,2184,136787,18,188144
8200,0.001317,172.31.36.0-255,66,136853,18,188144
8201,0.001785,172.217.194.0-255,1484,138337,18,188144
8202,0.001792,172.217.194.0-255,2902,141239,18,188144
8203,0.001795,172.31.36.0-255,66,141305,18,188144
8204,0.001802,172.217.194.0-255,4320,145625,18,188144
8205,0.001804,172.31.36.0-255,66,145691,18,188144
8206,0.001822,172.217.194.0-255,1484,147175,18,188144
8207,0.001855,172.31.36.0-255,66,147241,18,188144
8208,0.001867,172.31.36.0-255,66,147307,18,188144
8209,0.001891,172.217.194.0-255,2184,149491,18,188144
8210,0.001894,172.31.36.0-255,66,149557,18,188144
8211,0.00196,172.217.194.0-255,1484,151041,18,188144
8212,0.001974,172.217.194.0-255,2902,153943,18,188144
8213,0.001977,172.31.36.0-255,66,154009,18,188144
8214,0.001982,172.217.194.0-255,2902,156911,18,188144
8215,0.001984,172.31.36.0-255,66,156977,18,188144
8216,0.001998,172.217.194.0-255,2902,159879,18,188144
8217,0.002001,172.31.36.0-255,66,159945,18,188144
8218,0.002008,172.217.194.0-255,7156,167101,18,188144
8219,0.002011,172.31.36.0-255,66,167167,18,188144
8220,0.002043,172.31.36.0-255,66,167233,18,188144
8221,0.002068,172.217.194.0-255,5738,172971,18,188144
8222,0.002071,172.31.36.0-255,66,173037,18,188144
8223,0.002077,172.217.194.0-255,3602,176639,18,188144
8224,0.002079,172.31.36.0-255,66,176705,18,188144
8225,0.002082,172.217.194.0-255,1484,178189,18,188144
8226,0.002115,172.31.36.0-255,66,178255,18,188144
8227,0.002139,172.217.194.0-255,4320,182575,18,188144
8228,0.002142,172.31.36.0-255,66,182641,18,188144
8229,0.002155,172.31.36.0-255,66,182707,18,188144
8230,0.002169,172.217.194.0-255,1484,184191,18,188144
8231,0.002195,172.217.194.0-255,3545,187736,18,188144
8232,0.002198,172.31.36.0-255,66,187802,18,188144
8233,0.002201,172.217.194.0-255,105,187907,18,188144
8234,0.004579,172.31.36.0-255,66,187973,18,188144
8235,0.004618,172.31.36.0-255,105,188078,18,188144
8236,0.006869,172.217.194.0-255,66,188144,18,188144
8237,0.0,74.125.24.0-255,153,153,18,83407
8238,2.7e-05,172.31.36.0-255,66,219,18,83407
8239,3.5e-05,74.125.24.0-255,1484,1703,18,83407
8240,4e-05,172.31.36.0-255,66,1769,18,83407
8241,5.4e-05,74.125.24.0-255,2902,4671,18,83407
8242,5.7e-05,172.31.36.0-255,66,4737,18,83407
8243,6.6e-05,74.125.24.0-255,7156,11893,18,83407
8244,6.9e-05,172.31.36.0-255,66,11959,18,83407
8245,7.5e-05,74.125.24.0-255,4320,16279,18,83407
8246,7.8e-05,172.31.36.0-255,66,16345,18,83407
8247,0.000109,74.125.24.0-255,3492,19837,18,83407
8248,0.000112,172.31.36.0-255,66,19903,18,83407
8249,0.000119,74.125.24.0-255,5738,25641,18,83407
8250,0.000121,172.31.36.0-255,66,25707,18,83407
8251,0.000158,74.125.24.0-255,5379,31086,18,83407
8252,0.00016,172.31.36.0-255,66,31152,18,83407
8253,0.001462,74.125.24.0-255,1484,32636,18,83407
8254,0.001476,172.31.36.0-255,66,32702,18,83407
8255,0.00149,74.125.24.0-255,2902,35604,18,83407
8256,0.001499,172.31.36.0-255,66,35670,18,83407
8257,0.001507,74.125.24.0-255,5738,41408,18,83407
8258,0.001509,172.31.36.0-255,66,41474,18,83407
8259,0.001516,74.125.24.0-255,6797,48271,18,83407
8260,0.001519,172.31.36.0-255,66,48337,18,83407
8261,0.001525,74.125.24.0-255,2902,51239,18,83407
8262,0.001527,172.31.36.0-255,66,51305,18,83407
8263,0.001577,172.31.36.0-255,66,51371,18,83407
8264,0.001582,74.125.24.0-255,2817,54188,18,83407
8265,0.001584,172.31.36.0-255,66,54254,18,83407
8266,0.001635,74.125.24.0-255,133,54387,18,83407
8267,0.001637,172.31.36.0-255,66,54453,18,83407
8268,0.002004,74.125.24.0-255,1484,55937,18,83407
8269,0.00201,74.125.24.0-255,2902,58839,18,83407
8270,0.002029,74.125.24.0-255,5738,64577,18,83407
8271,0.002049,74.125.24.0-255,2902,67479,18,83407
8272,0.002068,74.125.24.0-255,4320,71799,18,83407
8273,0.002086,74.125.24.0-255,5738,77537,18,83407
8274,0.006732,172.31.36.0-255,66,77603,18,83407
8275,0.009124,74.125.24.0-255,5738,83341,18,83407
8276,0.009141,172.31.36.0-255,66,83407,18,83407
8277,0.0,74.125.24.0-255,146,146,18,135624
8278,2.3e-05,172.31.36.0-255,66,212,18,135624
8279,3e-05,74.125.24.0-255,1484,1696,18,135624
8280,3.5e-05,172.31.36.0-255,66,1762,18,135624
8281,4.1e-05,74.125.24.0-255,2902,4664,18,135624
8282,4.4e-05,172.31.36.0-255,66,4730,18,135624
8283,5.1e-05,74.125.24.0-255,7156,11886,18,135624
8284,5.4e-05,172.31.36.0-255,66,11952,18,135624
8285,5.7e-05,74.125.24.0-255,1484,13436,18,135624
8286,6.1e-05,172.31.36.0-255,66,13502,18,135624
8287,0.000109,172.31.36.0-255,66,13568,18,135624
8288,0.000128,74.125.24.0-255,668,14236,18,135624
8289,0.00013,172.31.36.0-255,66,14302,18,135624
8290,0.000144,172.31.36.0-255,66,14368,18,135624
8291,0.000191,172.31.36.0-255,66,14434,18,135624
8292,0.000257,74.125.24.0-255,4299,18733,18,135624
8293,0.000261,172.31.36.0-255,66,18799,18,135624
8294,0.000264,172.31.36.0-255,66,18865,18,135624
8295,0.000314,74.125.24.0-255,1484,20349,18,135624
8296,0.000318,172.31.36.0-255,66,20415,18,135624
8297,0.000323,74.125.24.0-255,2902,23317,18,135624
8298,0.000325,172.31.36.0-255,66,23383,18,135624
8299,0.000332,74.125.24.0-255,5738,29121,18,135624
8300,0.000335,172.31.36.0-255,66,29187,18,135624
8301,0.000338,74.125.24.0-255,1484,30671,18,135624
8302,0.00034,172.31.36.0-255,66,30737,18,135624
8303,0.000356,74.125.24.0-255,5379,36116,18,135624
8304,0.000359,172.31.36.0-255,66,36182,18,135624
8305,0.000389,172.31.36.0-255,66,36248,18,135624
8306,0.000411,74.125.24.0-255,5738,41986,18,135624
8307,0.000413,172.31.36.0-255,66,42052,18,135624
8308,0.000416,74.125.24.0-255,1484,43536,18,135624
8309,0.000418,172.31.36.0-255,66,43602,18,135624
8310,0.00044,74.125.24.0-255,1407,45009,18,135624
8311,0.000443,172.31.36.0-255,66,45075,18,135624
8312,0.000785,74.125.24.0-255,1484,46559,18,135624
8313,0.000793,74.125.24.0-255,2902,49461,18,135624
8314,0.000798,172.31.36.0-255,66,49527,18,135624
8315,0.000805,74.125.24.0-255,4320,53847,18,135624
8316,0.000808,172.31.36.0-255,66,53913,18,135624
8317,0.000829,74.125.24.0-255,1484,55397,18,135624
8318,0.000845,172.31.36.0-255,66,55463,18,135624
8319,0.000869,74.125.24.0-255,1484,56947,18,135624
8320,0.000883,74.125.24.0-255,2902,59849,18,135624
8321,0.000886,172.31.36.0-255,66,59915,18,135624
8322,0.000918,172.31.36.0-255,66,59981,18,135624
8323,0.001111,74.125.24.0-255,1484,61465,18,135624
8324,0.001117,74.125.24.0-255,2902,64367,18,135624
8325,0.001121,172.31.36.0-255,66,64433,18,135624
8326,0.001128,74.125.24.0-255,4320,68753,18,135624
8327,0.00113,172.31.36.0-255,66,68819,18,135624
8328,0.001144,74.125.24.0-255,1484,70303,18,135624
8329,0.001147,74.125.24.0-255,1484,71787,18,135624
8330,0.00115,172.31.36.0-255,66,71853,18,135624
8331,0.001161,172.31.36.0-255,66,71919,18,135624
8332,0.001185,74.125.24.0-255,2902,74821,18,135624
8333,0.001188,172.31.36.0-255,66,74887,18,135624
8334,0.001225,172.31.36.0-255,66,74953,18,135624
8335,0.001244,74.125.24.0-255,5738,80691,18,135624
8336,0.001247,172.31.36.0-255,66,80757,18,135624
8337,0.001283,172.31.36.0-255,66,80823,18,135624
8338,0.001315,74.125.24.0-255,5738,86561,18,135624
8339,0.001319,172.31.36.0-255,66,86627,18,135624
8340,0.001342,74.125.24.0-255,7156,93783,18,135624
8341,0.001345,172.31.36.0-255,66,93849,18,135624
8342,0.001348,74.125.24.0-255,766,94615,18,135624
8343,0.001371,74.125.24.0-255,7156,101771,18,135624
8344,0.001375,172.31.36.0-255,66,101837,18,135624
8345,0.001403,172.31.36.0-255,66,101903,18,135624
8346,0.001451,74.125.24.0-255,7156,109059,18,135624
8347,0.001455,172.31.36.0-255,66,109125,18,135624
8348,0.001481,172.31.36.0-255,66,109191,18,135624
8349,0.001573,172.31.36.0-255,66,109257,18,135624
8350,0.001642,74.125.24.0-255,4320,113577,18,135624
8351,0.001646,172.31.36.0-255,66,113643,18,135624
8352,0.001673,172.31.36.0-255,66,113709,18,135624
8353,0.001707,172.31.36.0-255,66,113775,18,135624
8354,0.001727,74.125.24.0-255,4320,118095,18,135624
8355,0.00173,172.31.36.0-255,66,118161,18,135624
8356,0.001762,172.31.36.0-255,66,118227,18,135624
8357,0.001776,74.125.24.0-255,2184,120411,18,135624
8358,0.001779,172.31.36.0-255,66,120477,18,135624
8359,0.00183,74.125.24.0-255,7156,127633,18,135624
8360,0.001833,172.31.36.0-255,66,127699,18,135624
8361,0.001869,172.31.36.0-255,66,127765,18,135624
8362,0.001911,172.31.36.0-255,66,127831,18,135624
8363,0.002042,74.125.24.0-255,7156,134987,18,135624
8364,0.002046,172.31.36.0-255,66,135053,18,135624
8365,0.002075,172.31.36.0-255,66,135119,18,135624
8366,0.002104,172.31.36.0-255,66,135185,18,135624
8367,0.002133,172.31.36.0-255,66,135251,18,135624
8368,0.00218,74.125.24.0-255,136,135387,18,135624
8369,0.005277,172.31.36.0-255,66,135453,18,135624
8370,0.005315,172.31.36.0-255,105,135558,18,135624
8371,0.007659,74.125.24.0-255,66,135624,18,135624
8372,0.0,172.31.36.0-255,105,105,18,105
8373,0.0,172.217.194.0-255,153,153,18,176559
8374,2.3e-05,172.31.36.0-255,66,219,18,176559
8375,3e-05,172.217.194.0-255,1484,1703,18,176559
8376,3.4e-05,172.31.36.0-255,66,1769,18,176559
8377,6.5e-05,172.217.194.0-255,2902,4671,18,176559
8378,6.9e-05,172.31.36.0-255,66,4737,18,176559
8379,7.6e-05,172.217.194.0-255,5738,10475,18,176559
8380,7.9e-05,172.31.36.0-255,66,10541,18,176559
8381,0.000114,172.217.194.0-255,6339,16880,18,176559
8382,0.000117,172.31.36.0-255,66,16946,18,176559
8383,0.000125,172.217.194.0-255,7156,24102,18,176559
8384,0.000127,172.31.36.0-255,66,24168,18,176559
8385,0.000163,172.217.194.0-255,6797,30965,18,176559
8386,0.000166,172.31.36.0-255,66,31031,18,176559
8387,0.000237,172.217.194.0-255,1484,32515,18,176559
8388,0.00024,172.31.36.0-255,66,32581,18,176559
8389,0.000244,172.217.194.0-255,1484,34065,18,176559
8390,0.000246,172.31.36.0-255,66,34131,18,176559
8391,0.00028,172.217.194.0-255,1484,35615,18,176559
8392,0.000283,172.31.36.0-255,66,35681,18,176559
8393,0.000289,172.217.194.0-255,5738,41419,18,176559
8394,0.000291,172.31.36.0-255,66,41485,18,176559
8395,0.00031,172.217.194.0-255,2902,44387,18,176559
8396,0.000313,172.31.36.0-255,66,44453,18,176559
8397,0.000337,172.217.194.0-255,3961,48414,18,176559
8398,0.00034,172.31.36.0-255,66,48480,18,176559
8399,0.000343,172.217.194.0-255,1484,49964,18,176559
8400,0.000345,172.31.36.0-255,66,50030,18,176559
8401,0.000389,172.217.194.0-255,2902,52932,18,176559
8402,0.000392,172.31.36.0-255,66,52998,18,176559
8403,0.000398,172.217.194.0-255,5738,58736,18,176559
8404,0.000401,172.31.36.0-255,66,58802,18,176559
8405,0.000408,172.217.194.0-255,7069,65871,18,176559
8406,0.00041,172.31.36.0-255,66,65937,18,176559
8407,0.001173,172.217.194.0-255,120,66057,18,176559
8408,0.00118,172.31.36.0-255,66,66123,18,176559
8409,0.001185,172.217.194.0-255,381,66504,18,176559
8410,0.001281,172.31.36.0-255,66,66570,18,176559
8411,0.00186,172.217.194.0-255,1484,68054,18,176559
8412,0.001869,172.217.194.0-255,2902,70956,18,176559
8413,0.001871,172.31.36.0-255,66,71022,18,176559
8414,0.001875,172.217.194.0-255,1484,72506,18,176559
8415,0.001895,172.217.194.0-255,4320,76826,18,176559
8416,0.001897,172.31.36.0-255,66,76892,18,176559
8417,0.00193,172.31.36.0-255,66,76958,18,176559
8418,0.001953,172.217.194.0-255,2902,79860,18,176559
8419,0.001955,172.31.36.0-255,66,79926,18,176559
8420,0.001958,172.217.194.0-255,1484,81410,18,176559
8421,0.001988,172.31.36.0-255,66,81476,18,176559
8422,0.003696,172.217.194.0-255,1484,82960,18,176559
8423,0.003704,172.217.194.0-255,2902,85862,18,176559
8424,0.003708,172.31.36.0-255,66,85928,18,176559
8425,0.003713,172.217.194.0-255,2902,88830,18,176559
8426,0.003715,172.31.36.0-255,66,88896,18,176559
8427,0.003735,172.217.194.0-255,2902,91798,18,176559
8428,0.003737,172.31.36.0-255,66,91864,18,176559
8429,0.003743,172.217.194.0-255,5738,97602,18,176559
8430,0.003745,172.31.36.0-255,66,97668,18,176559
8431,0.003792,172.31.36.0-255,66,97734,18,176559
8432,0.003798,172.217.194.0-255,5020,102754,18,176559
8433,0.0038,172.31.36.0-255,66,102820,18,176559
8434,0.004118,172.217.194.0-255,1484,104304,18,176559
8435,0.004126,172.217.194.0-255,2902,107206,18,176559
8436,0.004129,172.31.36.0-255,66,107272,18,176559
8437,0.00416,172.217.194.0-255,5738,113010,18,176559
8438,0.004162,172.31.36.0-255,66,113076,18,176559
8439,0.004169,172.217.194.0-255,7156,120232,18,176559
8440,0.004171,172.31.36.0-255,66,120298,18,176559
8441,0.004189,172.217.194.0-255,2902,123200,18,176559
8442,0.004191,172.31.36.0-255,66,123266,18,176559
8443,0.004195,172.217.194.0-255,2902,126168,18,176559
8444,0.004197,172.31.36.0-255,66,126234,18,176559
8445,0.004236,172.31.36.0-255,66,126300,18,176559
8446,0.004263,172.217.194.0-255,1484,127784,18,176559
8447,0.004287,172.217.194.0-255,5738,133522,18,176559
8448,0.00429,172.31.36.0-255,66,133588,18,176559
8449,0.004295,172.217.194.0-255,5738,139326,18,176559
8450,0.004297,172.31.36.0-255,66,139392,18,176559
8451,0.004328,172.31.36.0-255,66,139458,18,176559
8452,0.004357,172.217.194.0-255,766,140224,18,176559
8453,0.004363,172.217.194.0-255,4320,144544,18,176559
8454,0.004366,172.31.36.0-255,66,144610,18,176559
8455,0.004372,172.217.194.0-255,4320,148930,18,176559
8456,0.004375,172.31.36.0-255,66,148996,18,176559
8457,0.004419,172.31.36.0-255,66,149062,18,176559
8458,0.004508,172.217.194.0-255,4320,153382,18,176559
8459,0.00452,172.31.36.0-255,66,153448,18,176559
8460,0.004538,172.217.194.0-255,3602,157050,18,176559
8461,0.004601,172.31.36.0-255,66,157116,18,176559
8462,0.004629,172.31.36.0-255,66,157182,18,176559
8463,0.004639,172.217.194.0-255,2184,159366,18,176559
8464,0.004668,172.31.36.0-255,66,159432,18,176559
8465,0.004698,172.217.194.0-255,1484,160916,18,176559
8466,0.004735,172.31.36.0-255,66,160982,18,176559
8467,0.004765,172.31.36.0-255,66,161048,18,176559
8468,0.004829,172.31.36.0-255,66,161114,18,176559
8469,0.004842,172.31.36.0-255,66,161180,18,176559
8470,0.004875,172.217.194.0-255,4320,165500,18,176559
8471,0.004932,172.31.36.0-255,66,165566,18,176559
8472,0.004976,172.31.36.0-255,66,165632,18,176559
8473,0.005022,172.217.194.0-255,4320,169952,18,176559
8474,0.005055,172.217.194.0-255,1484,171436,18,176559
8475,0.00507,172.217.194.0-255,4781,176217,18,176559
8476,0.005073,172.217.194.0-255,105,176322,18,176559
8477,0.005091,172.31.36.0-255,66,176388,18,176559
8478,0.007534,172.31.36.0-255,105,176493,18,176559
8479,0.009858,172.217.194.0-255,66,176559,18,176559
8480,0.0,172.217.194.0-255,179,179,18,210483
8481,1.9e-05,172.217.194.0-255,1484,1663,18,210483
8482,3.2e-05,172.31.36.0-255,66,1729,18,210483
8483,4.1e-05,172.217.194.0-255,2902,4631,18,210483
8484,5.9e-05,172.217.194.0-255,7156,11787,18,210483
8485,6.3e-05,172.217.194.0-255,2034,13821,18,210483
8486,0.000101,172.217.194.0-255,5379,19200,18,210483
8487,0.000168,172.31.36.0-255,66,19266,18,210483
8488,0.000234,172.217.194.0-255,1484,20750,18,210483
8489,0.000254,172.217.194.0-255,2902,23652,18,210483
8490,0.000258,172.217.194.0-255,1484,25136,18,210483
8491,0.000277,172.217.194.0-255,4320,29456,18,210483
8492,0.000296,172.217.194.0-255,4320,33776,18,210483
8493,0.000323,172.217.194.0-255,1484,35260,18,210483
8494,0.000352,172.217.194.0-255,1484,36744,18,210483
8495,0.000383,172.217.194.0-255,397,37141,18,210483
8496,0.00052,172.31.36.0-255,66,37207,18,210483
8497,0.000554,172.217.194.0-255,1484,38691,18,210483
8498,0.000561,172.217.194.0-255,2902,41593,18,210483
8499,0.000568,172.217.194.0-255,5738,47331,18,210483
8500,0.000591,172.217.194.0-255,7156,54487,18,210483
8501,0.000605,172.31.36.0-255,66,54553,18,210483
8502,0.000622,172.217.194.0-255,5738,60291,18,210483
8503,0.000628,172.217.194.0-255,4320,64611,18,210483
8504,0.000634,172.31.36.0-255,66,64677,18,210483
8505,0.000664,172.217.194.0-255,6438,71115,18,210483
8506,0.000683,172.31.36.0-255,66,71181,18,210483
8507,0.000778,172.217.194.0-255,1484,72665,18,210483
8508,0.000783,172.217.194.0-255,2902,75567,18,210483
8509,0.000798,172.31.36.0-255,66,75633,18,210483
8510,0.000806,172.217.194.0-255,5738,81371,18,210483
8511,0.00081,172.217.194.0-255,2902,84273,18,210483
8512,0.000831,172.217.194.0-255,5738,90011,18,210483
8513,0.000836,172.31.36.0-255,66,90077,18,210483
8514,0.000863,172.217.194.0-255,2902,92979,18,210483
8515,0.00088,172.217.194.0-255,5738,98717,18,210483
8516,0.000887,172.217.194.0-255,7156,105873,18,210483
8517,0.000902,172.217.194.0-255,4320,110193,18,210483
8518,0.000908,172.31.36.0-255,66,110259,18,210483
8519,0.000937,172.217.194.0-255,6438,116697,18,210483
8520,0.00094,172.217.194.0-255,376,117073,18,210483
8521,0.000968,172.31.36.0-255,66,117139,18,210483
8522,0.000972,172.217.194.0-255,1484,118623,18,210483
8523,0.000975,172.217.194.0-255,1484,120107,18,210483
8524,0.000995,172.217.194.0-255,2902,123009,18,210483
8525,0.001,172.217.194.0-255,4320,127329,18,210483
8526,0.001003,172.31.36.0-255,66,127395,18,210483
8527,0.001017,172.217.194.0-255,5738,133133,18,210483
8528,0.001029,172.217.194.0-255,7156,140289,18,210483
8529,0.001051,172.31.36.0-255,66,140355,18,210483
8530,0.001104,172.31.36.0-255,66,140421,18,210483
8531,0.001895,172.217.194.0-255,1484,141905,18,210483
8532,0.001919,172.217.194.0-255,2902,144807,18,210483
8533,0.001925,172.217.194.0-255,5738,150545,18,210483
8534,0.001929,172.217.194.0-255,4320,154865,18,210483
8535,0.001936,172.31.36.0-255,66,154931,18,210483
8536,0.001946,172.217.194.0-255,1484,156415,18,210483
8537,0.001956,172.31.36.0-255,66,156481,18,210483
8538,0.002011,172.31.36.0-255,66,156547,18,210483
8539,0.002192,172.217.194.0-255,1484,158031,18,210483
8540,0.002207,172.217.194.0-255,2902,160933,18,210483
8541,0.00221,172.31.36.0-255,66,160999,18,210483
8542,0.002242,172.217.194.0-255,5738,166737,18,210483
8543,0.002305,172.217.194.0-255,4320,171057,18,210483
8544,0.002325,172.31.36.0-255,66,171123,18,210483
8545,0.002378,172.217.194.0-255,1484,172607,18,210483
8546,0.002392,172.217.194.0-255,1484,174091,18,210483
8547,0.00244,172.217.194.0-255,7156,181247,18,210483
8548,0.002458,172.217.194.0-255,5738,186985,18,210483
8549,0.002476,172.217.194.0-255,2902,189887,18,210483
8550,0.002506,172.217.194.0-255,3602,193489,18,210483
8551,0.002548,172.217.194.0-255,5738,199227,18,210483
8552,0.002552,172.217.194.0-255,3602,202829,18,210483
8553,0.002584,172.217.194.0-255,2902,205731,18,210483
8554,0.003167,172.217.194.0-255,1484,207215,18,210483
8555,0.003173,172.217.194.0-255,2902,210117,18,210483
8556,0.003176,172.217.194.0-255,195,210312,18,210483
8557,0.003206,172.217.194.0-255,105,210417,18,210483
8558,0.009578,172.31.36.0-255,66,210483,18,210483
8559,0.0,74.125.24.0-255,153,153,18,201494
8560,1.7e-05,172.31.36.0-255,66,219,18,201494
8561,2.5e-05,74.125.24.0-255,1484,1703,18,201494
8562,2.9e-05,172.31.36.0-255,66,1769,18,201494
8563,6e-05,74.125.24.0-255,2902,4671,18,201494
8564,6.3e-05,172.31.36.0-255,66,4737,18,201494
8565,7e-05,74.125.24.0-255,5738,10475,18,201494
8566,7.3e-05,172.31.36.0-255,66,10541,18,201494
8567,8.1e-05,74.125.24.0-255,6309,16850,18,201494
8568,8.4e-05,172.31.36.0-255,66,16916,18,201494
8569,9.1e-05,74.125.24.0-255,7156,24072,18,201494
8570,9.4e-05,172.31.36.0-255,66,24138,18,201494
8571,0.000116,74.125.24.0-255,1484,25622,18,201494
8572,0.000119,172.31.36.0-255,66,25688,18,201494
8573,0.000139,74.125.24.0-255,5379,31067,18,201494
8574,0.000141,172.31.36.0-255,66,31133,18,201494
8575,0.000212,74.125.24.0-255,1484,32617,18,201494
8576,0.000216,172.31.36.0-255,66,32683,18,201494
8577,0.000219,74.125.24.0-255,1484,34167,18,201494
8578,0.000221,172.31.36.0-255,66,34233,18,201494
8579,0.000236,74.125.24.0-255,1484,35717,18,201494
8580,0.000239,172.31.36.0-255,66,35783,18,201494
8581,0.000245,74.125.24.0-255,5738,41521,18,201494
8582,0.000248,172.31.36.0-255,66,41587,18,201494
8583,0.000288,172.31.36.0-255,66,41653,18,201494
8584,0.000299,172.31.36.0-255,66,41719,18,201494
8585,0.000336,74.125.24.0-255,1422,43141,18,201494
8586,0.000339,172.31.36.0-255,66,43207,18,201494
8587,0.000415,74.125.24.0-255,126,43333,18,201494
8588,0.000418,172.31.36.0-255,66,43399,18,201494
8589,0.000468,74.125.24.0-255,351,43750,18,201494
8590,0.000754,74.125.24.0-255,1484,45234,18,201494
8591,0.000759,172.31.36.0-255,66,45300,18,201494
8592,0.000773,74.125.24.0-255,2902,48202,18,201494
8593,0.000776,172.31.36.0-255,66,48268,18,201494
8594,0.000779,74.125.24.0-255,1484,49752,18,201494
8595,0.000795,74.125.24.0-255,1484,51236,18,201494
8596,0.000797,172.31.36.0-255,66,51302,18,201494
8597,0.00082,74.125.24.0-255,7156,58458,18,201494
8598,0.000823,172.31.36.0-255,66,58524,18,201494
8599,0.000852,74.125.24.0-255,1994,60518,18,201494
8600,0.000854,172.31.36.0-255,66,60584,18,201494
8601,0.00097,74.125.24.0-255,1484,62068,18,201494
8602,0.000975,74.125.24.0-255,2902,64970,18,201494
8603,0.000978,172.31.36.0-255,66,65036,18,201494
8604,0.000982,74.125.24.0-255,1484,66520,18,201494
8605,0.001001,74.125.24.0-255,2902,69422,18,201494
8606,0.001003,172.31.36.0-255,66,69488,18,201494
8607,0.001023,74.125.24.0-255,1484,70972,18,201494
8608,0.001044,74.125.24.0-255,4320,75292,18,201494
8609,0.001047,172.31.36.0-255,66,75358,18,201494
8610,0.001054,74.125.24.0-255,5738,81096,18,201494
8611,0.001056,172.31.36.0-255,66,81162,18,201494
8612,0.001069,74.125.24.0-255,2902,84064,18,201494
8613,0.001072,172.31.36.0-255,66,84130,18,201494
8614,0.001077,74.125.24.0-255,2902,87032,18,201494
8615,0.001079,172.31.36.0-255,66,87098,18,201494
8616,0.00111,74.125.24.0-255,7156,94254,18,201494
8617,0.001114,172.31.36.0-255,66,94320,18,201494
8618,0.001117,74.125.24.0-255,766,95086,18,201494
8619,0.00128,74.125.24.0-255,1484,96570,18,201494
8620,0.001284,172.31.36.0-255,66,96636,18,201494
8621,0.001289,74.125.24.0-255,2902,99538,18,201494
8622,0.001291,172.31.36.0-255,66,99604,18,201494
8623,0.001296,74.125.24.0-255,2902,102506,18,201494
8624,0.001298,172.31.36.0-255,66,102572,18,201494
8625,0.001319,74.125.24.0-255,2902,105474,18,201494
8626,0.001321,172.31.36.0-255,66,105540,18,201494
8627,0.001338,74.125.24.0-255,1484,107024,18,201494
8628,0.001378,172.31.36.0-255,66,107090,18,201494
8629,0.001389,172.31.36.0-255,66,107156,18,201494
8630,0.001434,74.125.24.0-255,1125,108281,18,201494
8631,0.001604,74.125.24.0-255,1484,109765,18,201494
8632,0.00161,172.31.36.0-255,66,109831,18,201494
8633,0.001638,74.125.24.0-255,2902,112733,18,201494
8634,0.00164,172.31.36.0-255,66,112799,18,201494
8635,0.001647,74.125.24.0-255,5738,118537,18,201494
8636,0.001649,172.31.36.0-255,66,118603,18,201494
8637,0.00168,74.125.24.0-255,6797,125400,18,201494
8638,0.001682,172.31.36.0-255,66,125466,18,201494
8639,0.001737,74.125.24.0-255,1484,126950,18,201494
8640,0.001743,74.125.24.0-255,2902,129852,18,201494
8641,0.001746,172.31.36.0-255,66,129918,18,201494
8642,0.001768,74.125.24.0-255,5738,135656,18,201494
8643,0.001771,172.31.36.0-255,66,135722,18,201494
8644,0.001776,74.125.24.0-255,4320,140042,18,201494
8645,0.001778,172.31.36.0-255,66,140108,18,201494
8646,0.001822,74.125.24.0-255,2543,142651,18,201494
8647,0.001826,172.31.36.0-255,66,142717,18,201494
8648,0.001847,74.125.24.0-255,2902,145619,18,201494
8649,0.001851,172.31.36.0-255,66,145685,18,201494
8650,0.001854,74.125.24.0-255,1484,147169,18,201494
8651,0.001872,74.125.24.0-255,5738,152907,18,201494
8652,0.001879,74.125.24.0-255,5738,158645,18,201494
8653,0.001883,172.31.36.0-255,66,158711,18,201494
8654,0.00189,172.31.36.0-255,66,158777,18,201494
8655,0.001925,172.31.36.0-255,66,158843,18,201494
8656,0.001948,74.125.24.0-255,4320,163163,18,201494
8657,0.001951,172.31.36.0-255,66,163229,18,201494
8658,0.001956,74.125.24.0-255,3602,166831,18,201494
8659,0.001959,172.31.36.0-255,66,166897,18,201494
8660,0.002023,74.125.24.0-255,1484,168381,18,201494
8661,0.002027,74.125.24.0-255,1484,169865,18,201494
8662,0.002029,172.31.36.0-255,66,169931,18,201494
8663,0.002048,74.125.24.0-255,1484,171415,18,201494
8664,0.002055,74.125.24.0-255,5738,177153,18,201494
8665,0.002057,172.31.36.0-255,66,177219,18,201494
8666,0.002113,74.125.24.0-255,6797,184016,18,201494
8667,0.002116,172.31.36.0-255,66,184082,18,201494
8668,0.004173,74.125.24.0-255,5738,189820,18,201494
8669,0.004187,172.31.36.0-255,66,189886,18,201494
8670,0.00625,74.125.24.0-255,5738,195624,18,201494
8671,0.00626,172.31.36.0-255,66,195690,18,201494
8672,0.008336,74.125.24.0-255,5738,201428,18,201494
8673,0.008343,172.31.36.0-255,66,201494,18,201494
8674,0.0,74.125.68.0-255,153,153,18,164725
8675,1.9e-05,172.31.36.0-255,66,219,18,164725
8676,2.6e-05,74.125.68.0-255,1484,1703,18,164725
8677,3e-05,172.31.36.0-255,66,1769,18,164725
8678,3.6e-05,74.125.68.0-255,2902,4671,18,164725
8679,3.9e-05,172.31.36.0-255,66,4737,18,164725
8680,0.000128,74.125.68.0-255,7156,11893,18,164725
8681,0.000133,172.31.36.0-255,66,11959,18,164725
8682,0.000138,74.125.68.0-255,2046,14005,18,164725
8683,0.00014,172.31.36.0-255,66,14071,18,164725
8684,0.000143,74.125.68.0-255,1484,15555,18,164725
8685,0.000146,172.31.36.0-255,66,15621,18,164725
8686,0.00015,74.125.68.0-255,2902,18523,18,164725
8687,0.000152,172.31.36.0-255,66,18589,18,164725
8688,0.000158,74.125.68.0-255,4320,22909,18,164725
8689,0.000161,172.31.36.0-255,66,22975,18,164725
8690,0.000182,74.125.68.0-255,1484,24459,18,164725
8691,0.000189,172.31.36.0-255,66,24525,18,164725
8692,0.000195,74.125.68.0-255,4320,28845,18,164725
8693,0.000197,172.31.36.0-255,66,28911,18,164725
8694,0.000233,74.125.68.0-255,2543,31454,18,164725
8695,0.000236,172.31.36.0-255,66,31520,18,164725
8696,0.000339,74.125.68.0-255,1484,33004,18,164725
8697,0.000343,172.31.36.0-255,66,33070,18,164725
8698,0.000346,74.125.68.0-255,1484,34554,18,164725
8699,0.000348,172.31.36.0-255,66,34620,18,164725
8700,0.000362,74.125.68.0-255,1484,36104,18,164725
8701,0.000365,172.31.36.0-255,66,36170,18,164725
8702,0.00037,74.125.68.0-255,4320,40490,18,164725
8703,0.000372,172.31.36.0-255,66,40556,18,164725
8704,0.000391,74.125.68.0-255,2902,43458,18,164725
8705,0.000394,172.31.36.0-255,66,43524,18,164725
8706,0.000413,74.125.68.0-255,2902,46426,18,164725
8707,0.000416,172.31.36.0-255,66,46492,18,164725
8708,0.000445,172.31.36.0-255,66,46558,18,164725
8709,0.000481,74.125.68.0-255,5738,52296,18,164725
8710,0.000484,172.31.36.0-255,66,52362,18,164725
8711,0.000499,74.125.68.0-255,3961,56323,18,164725
8712,0.000504,74.125.68.0-255,676,56999,18,164725
8713,0.000765,74.125.68.0-255,1484,58483,18,164725
8714,0.000772,74.125.68.0-255,2902,61385,18,164725
8715,0.000787,74.125.68.0-255,1484,62869,18,164725
8716,0.000801,74.125.68.0-255,2902,65771,18,164725
8717,0.000816,74.125.68.0-255,2902,68673,18,164725
8718,0.000831,74.125.68.0-255,5738,74411,18,164725
8719,0.000834,74.125.68.0-255,1484,75895,18,164725
8720,0.000838,74.125.68.0-255,2902,78797,18,164725
8721,0.000857,74.125.68.0-255,5738,84535,18,164725
8722,0.000885,74.125.68.0-255,6438,90973,18,164725
8723,0.001235,74.125.68.0-255,1484,92457,18,164725
8724,0.001255,74.125.68.0-255,2902,95359,18,164725
8725,0.001284,74.125.68.0-255,2902,98261,18,164725
8726,0.001302,74.125.68.0-255,2902,101163,18,164725
8727,0.001341,74.125.68.0-255,7156,108319,18,164725
8728,0.001345,74.125.68.0-255,2902,111221,18,164725
8729,0.001367,74.125.68.0-255,4320,115541,18,164725
8730,0.001385,74.125.68.0-255,1484,117025,18,164725
8731,0.001399,74.125.68.0-255,5738,122763,18,164725
8732,0.001447,74.125.68.0-255,2184,124947,18,164725
8733,0.002275,74.125.68.0-255,1484,126431,18,164725
8734,0.002282,74.125.68.0-255,2902,129333,18,164725
8735,0.002301,74.125.68.0-255,4320,133653,18,164725
8736,0.002315,74.125.68.0-255,2902,136555,18,164725
8737,0.002327,74.125.68.0-255,2902,139457,18,164725
8738,0.002357,74.125.68.0-255,4320,143777,18,164725
8739,0.002379,74.125.68.0-255,5738,149515,18,164725
8740,0.002403,74.125.68.0-255,4320,153835,18,164725
8741,0.002426,74.125.68.0-255,5020,158855,18,164725
8742,0.005196,172.31.36.0-255,66,158921,18,164725
8743,0.007757,74.125.68.0-255,5738,164659,18,164725
8744,0.007765,172.31.36.0-255,66,164725,18,164725
8745,0.0,172.31.36.0-255,105,105,18,105
8746,0.0,74.125.24.0-255,311,311,18,161546
8747,1.7e-05,172.31.36.0-255,66,377,18,161546
8748,2.3e-05,74.125.24.0-255,1484,1861,18,161546
8749,2.8e-05,172.31.36.0-255,66,1927,18,161546
8750,4.3e-05,74.125.24.0-255,2902,4829,18,161546
8751,4.7e-05,172.31.36.0-255,66,4895,18,161546
8752,5.4e-05,74.125.24.0-255,5738,10633,18,161546
8753,5.7e-05,172.31.36.0-255,66,10699,18,161546
8754,6.2e-05,74.125.24.0-255,3476,14175,18,161546
8755,6.5e-05,172.31.36.0-255,66,14241,18,161546
8756,7.2e-05,74.125.24.0-255,4320,18561,18,161546
8757,7.5e-05,172.31.36.0-255,66,18627,18,161546
8758,8.7e-05,172.31.36.0-255,66,18693,18,161546
8759,0.000122,74.125.24.0-255,2543,21236,18,161546
8760,0.000125,172.31.36.0-255,66,21302,18,161546
8761,0.00017,74.125.24.0-255,1484,22786,18,161546
8762,0.000173,172.31.36.0-255,66,22852,18,161546
8763,0.000179,74.125.24.0-255,2902,25754,18,161546
8764,0.000181,172.31.36.0-255,66,25820,18,161546
8765,0.000212,74.125.24.0-255,5738,31558,18,161546
8766,0.000215,172.31.36.0-255,66,31624,18,161546
8767,0.00022,74.125.24.0-255,4320,35944,18,161546
8768,0.000222,172.31.36.0-255,66,36010,18,161546
8769,0.000269,74.125.24.0-255,7072,43082,18,161546
8770,0.000274,172.31.36.0-255,66,43148,18,161546
8771,0.000282,172.31.36.0-255,66,43214,18,161546
8772,0.000298,74.125.24.0-255,126,43340,18,161546
8773,0.000301,172.31.36.0-255,66,43406,18,161546
8774,0.000397,74.125.24.0-255,1484,44890,18,161546
8775,0.000401,172.31.36.0-255,66,44956,18,161546
8776,0.000407,74.125.24.0-255,2902,47858,18,161546
8777,0.00041,172.31.36.0-255,66,47924,18,161546
8778,0.000422,74.125.24.0-255,5738,53662,18,161546
8779,0.000424,172.31.36.0-255,66,53728,18,161546
8780,0.000451,74.125.24.0-255,5738,59466,18,161546
8781,0.000453,172.31.36.0-255,66,59532,18,161546
8782,0.000485,172.31.36.0-255,66,59598,18,161546
8783,0.000496,172.31.36.0-255,66,59664,18,161546
8784,0.00052,74.125.24.0-255,1410,61074,18,161546
8785,0.000913,74.125.24.0-255,1484,62558,18,161546
8786,0.000919,172.31.36.0-255,66,62624,18,161546
8787,0.000925,74.125.24.0-255,2902,65526,18,161546
8788,0.000927,172.31.36.0-255,66,65592,18,161546
8789,0.000934,74.125.24.0-255,5738,71330,18,161546
8790,0.000943,172.31.36.0-255,66,71396,18,161546
8791,0.000988,172.31.36.0-255,66,71462,18,161546
8792,0.001076,172.31.36.0-255,66,71528,18,161546
8793,0.001087,74.125.24.0-255,5738,77266,18,161546
8794,0.00109,172.31.36.0-255,66,77332,18,161546
8795,0.001102,74.125.24.0-255,7156,84488,18,161546
8796,0.001104,172.31.36.0-255,66,84554,18,161546
8797,0.001111,74.125.24.0-255,5738,90292,18,161546
8798,0.001114,172.31.36.0-255,66,90358,18,161546
8799,0.001158,172.31.36.0-255,66,90424,18,161546
8800,0.001166,74.125.24.0-255,6438,96862,18,161546
8801,0.001168,172.31.36.0-255,66,96928,18,161546
8802,0.001448,74.125.24.0-255,1484,98412,18,161546
8803,0.001453,74.125.24.0-255,1484,99896,18,161546
8804,0.001457,172.31.36.0-255,66,99962,18,161546
8805,0.001471,74.125.24.0-255,1484,101446,18,161546
8806,0.001482,74.125.24.0-255,5738,107184,18,161546
8807,0.001485,172.31.36.0-255,66,107250,18,161546
8808,0.001525,172.31.36.0-255,66,107316,18,161546
8809,0.001532,74.125.24.0-255,4320,111636,18,161546
8810,0.001534,172.31.36.0-255,66,111702,18,161546
8811,0.001566,74.125.24.0-255,2902,114604,18,161546
8812,0.001568,172.31.36.0-255,66,114670,18,161546
8813,0.001573,74.125.24.0-255,3602,118272,18,161546
8814,0.001575,172.31.36.0-255,66,118338,18,161546
8815,0.001655,74.125.24.0-255,1484,119822,18,161546
8816,0.00166,74.125.24.0-255,1484,121306,18,161546
8817,0.001662,172.31.36.0-255,66,121372,18,161546
8818,0.00169,74.125.24.0-255,1484,122856,18,161546
8819,0.001696,74.125.24.0-255,5738,128594,18,161546
8820,0.0017,172.31.36.0-255,66,128660,18,161546
8821,0.001715,172.31.36.0-255,66,128726,18,161546
8822,0.001723,74.125.24.0-255,7156,135882,18,161546
8823,0.001725,172.31.36.0-255,66,135948,18,161546
8824,0.001738,74.125.24.0-255,1484,137432,18,161546
8825,0.001762,74.125.24.0-255,2184,139616,18,161546
8826,0.001764,172.31.36.0-255,66,139682,18,161546
8827,0.003714,74.125.24.0-255,4320,144002,18,161546
8828,0.003719,172.31.36.0-255,66,144068,18,161546
8829,0.003749,74.125.24.0-255,1484,145552,18,161546
8830,0.005695,74.125.24.0-255,4320,149872,18,161546
8831,0.0057,172.31.36.0-255,66,149938,18,161546
8832,0.007666,74.125.24.0-255,5738,155676,18,161546
8833,0.007674,172.31.36.0-255,66,155742,18,161546
8834,0.009638,74.125.24.0-255,5738,161480,18,161546
8835,0.009645,172.31.36.0-255,66,161546,18,161546
8836,0.0,172.217.194.0-255,144,144,18,159620
8837,9e-05,172.31.36.0-255,66,210,18,159620
8838,9.7e-05,172.217.194.0-255,1484,1694,18,159620
8839,0.000101,172.31.36.0-255,66,1760,18,159620
8840,0.000107,172.217.194.0-255,2902,4662,18,159620
8841,0.00011,172.31.36.0-255,66,4728,18,159620
8842,0.000116,172.217.194.0-255,4320,9048,18,159620
8843,0.000118,172.31.36.0-255,66,9114,18,159620
8844,0.000124,172.217.194.0-255,4883,13997,18,159620
8845,0.000126,172.31.36.0-255,66,14063,18,159620
8846,0.000134,172.217.194.0-255,7156,21219,18,159620
8847,0.000137,172.31.36.0-255,66,21285,18,159620
8848,0.000147,172.31.36.0-255,66,21351,18,159620
8849,0.000151,172.217.194.0-255,1125,22476,18,159620
8850,0.000155,172.31.36.0-255,66,22542,18,159620
8851,0.000381,172.217.194.0-255,1484,24026,18,159620
8852,0.000386,172.31.36.0-255,66,24092,18,159620
8853,0.000392,172.217.194.0-255,2902,26994,18,159620
8854,0.000394,172.31.36.0-255,66,27060,18,159620
8855,0.000418,172.217.194.0-255,2902,29962,18,159620
8856,0.000421,172.31.36.0-255,66,30028,18,159620
8857,0.000447,172.217.194.0-255,7156,37184,18,159620
8858,0.00045,172.31.36.0-255,66,37250,18,159620
8859,0.000453,172.217.194.0-255,1484,38734,18,159620
8860,0.000456,172.31.36.0-255,66,38800,18,159620
8861,0.000471,172.217.194.0-255,1125,39925,18,159620
8862,0.000474,172.31.36.0-255,66,39991,18,159620
8863,0.000498,172.217.194.0-255,2902,42893,18,159620
8864,0.000501,172.31.36.0-255,66,42959,18,159620
8865,0.000519,172.217.194.0-255,4320,47279,18,159620
8866,0.000522,172.31.36.0-255,66,47345,18,159620
8867,0.000535,172.31.36.0-255,66,47411,18,159620
8868,0.000558,172.217.194.0-255,1380,48791,18,159620
8869,0.000582,172.217.194.0-255,117,48908,18,159620
8870,0.000704,172.217.194.0-255,1484,50392,18,159620
8871,0.000708,172.31.36.0-255,66,50458,18,159620
8872,0.000714,172.217.194.0-255,2902,53360,18,159620
8873,0.000717,172.31.36.0-255,66,53426,18,159620
8874,0.000741,172.217.194.0-255,5738,59164,18,159620
8875,0.000745,172.31.36.0-255,66,59230,18,159620
8876,0.00075,172.217.194.0-255,2902,62132,18,159620
8877,0.000752,172.31.36.0-255,66,62198,18,159620
8878,0.000789,172.31.36.0-255,66,62264,18,159620
8879,0.000797,172.217.194.0-255,7156,69420,18,159620
8880,0.000799,172.31.36.0-255,66,69486,18,159620
8881,0.000815,172.217.194.0-255,3916,73402,18,159620
8882,0.000819,172.31.36.0-255,66,73468,18,159620
8883,0.001433,172.217.194.0-255,1484,74952,18,159620
8884,0.001442,172.217.194.0-255,2902,77854,18,159620
8885,0.001447,172.31.36.0-255,66,77920,18,159620
8886,0.001482,172.217.194.0-255,5738,83658,18,159620
8887,0.001484,172.31.36.0-255,66,83724,18,159620
8888,0.001525,172.217.194.0-255,2902,86626,18,159620
8889,0.001528,172.31.36.0-255,66,86692,18,159620
8890,0.001548,172.217.194.0-255,4320,91012,18,159620
8891,0.00155,172.31.36.0-255,66,91078,18,159620
8892,0.001571,172.217.194.0-255,5738,96816,18,159620
8893,0.001574,172.31.36.0-255,66,96882,18,159620
8894,0.001592,172.217.194.0-255,2902,99784,18,159620
8895,0.001594,172.31.36.0-255,66,99850,18,159620
8896,0.001599,172.217.194.0-255,4320,104170,18,159620
8897,0.001602,172.31.36.0-255,66,104236,18,159620
8898,0.001645,172.217.194.0-255,3602,107838,18,159620
8899,0.001648,172.31.36.0-255,66,107904,18,159620
8900,0.001746,172.217.194.0-255,1484,109388,18,159620
8901,0.001767,172.217.194.0-255,2902,112290,18,159620
8902,0.00177,172.31.36.0-255,66,112356,18,159620
8903,0.001789,172.217.194.0-255,2902,115258,18,159620
8904,0.001791,172.31.36.0-255,66,115324,18,159620
8905,0.001829,172.217.194.0-255,2902,118226,18,159620
8906,0.001831,172.31.36.0-255,66,118292,18,159620
8907,0.001845,172.217.194.0-255,4320,122612,18,159620
8908,0.001848,172.31.36.0-255,66,122678,18,159620
8909,0.001855,172.217.194.0-255,7156,129834,18,159620
8910,0.001857,172.31.36.0-255,66,129900,18,159620
8911,0.001882,172.217.194.0-255,7156,137056,18,159620
8912,0.001885,172.31.36.0-255,66,137122,18,159620
8913,0.001891,172.217.194.0-255,5020,142142,18,159620
8914,0.001893,172.31.36.0-255,66,142208,18,159620
8915,0.004465,172.217.194.0-255,5738,147946,18,159620
8916,0.004468,172.31.36.0-255,66,148012,18,159620
8917,0.007049,172.217.194.0-255,5738,153750,18,159620
8918,0.007056,172.31.36.0-255,66,153816,18,159620
8919,0.009633,172.217.194.0-255,5738,159554,18,159620
8920,0.00964,172.31.36.0-255,66,159620,18,159620
8921,0.0,74.125.24.0-255,162,162,18,137650
8922,2.8e-05,172.31.36.0-255,66,228,18,137650
8923,3.5e-05,74.125.24.0-255,1484,1712,18,137650
8924,4e-05,172.31.36.0-255,66,1778,18,137650
8925,4.5e-05,74.125.24.0-255,2902,4680,18,137650
8926,4.8e-05,172.31.36.0-255,66,4746,18,137650
8927,7.5e-05,74.125.24.0-255,5738,10484,18,137650
8928,7.8e-05,172.31.36.0-255,66,10550,18,137650
8929,9.4e-05,74.125.24.0-255,1484,12034,18,137650
8930,9.6e-05,172.31.36.0-255,66,12100,18,137650
8931,0.000188,74.125.24.0-255,2046,14146,18,137650
8932,0.000192,172.31.36.0-255,66,14212,18,137650
8933,0.000199,74.125.24.0-255,2902,17114,18,137650
8934,0.000202,172.31.36.0-255,66,17180,18,137650
8935,0.000244,74.125.24.0-255,5738,22918,18,137650
8936,0.000248,172.31.36.0-255,66,22984,18,137650
8937,0.000264,74.125.24.0-255,1484,24468,18,137650
8938,0.000267,172.31.36.0-255,66,24534,18,137650
8939,0.000363,74.125.24.0-255,5738,30272,18,137650
8940,0.000367,172.31.36.0-255,66,30338,18,137650
8941,0.000385,74.125.24.0-255,1125,31463,18,137650
8942,0.000388,172.31.36.0-255,66,31529,18,137650
8943,0.000461,74.125.24.0-255,4320,35849,18,137650
8944,0.000465,172.31.36.0-255,66,35915,18,137650
8945,0.000539,172.31.36.0-255,66,35981,18,137650
8946,0.000561,74.125.24.0-255,2543,38524,18,137650
8947,0.000564,172.31.36.0-255,66,38590,18,137650
8948,0.000706,74.125.24.0-255,4320,42910,18,137650
8949,0.00071,172.31.36.0-255,66,42976,18,137650
8950,0.000735,172.31.36.0-255,66,43042,18,137650
8951,0.000763,74.125.24.0-255,4272,47314,18,137650
8952,0.000766,172.31.36.0-255,66,47380,18,137650
8953,0.000939,74.125.24.0-255,374,47754,18,137650
8954,0.00096,74.125.24.0-255,1484,49238,18,137650
8955,0.000963,172.31.36.0-255,66,49304,18,137650
8956,0.000994,172.31.36.0-255,66,49370,18,137650
8957,0.001011,74.125.24.0-255,2902,52272,18,137650
8958,0.001014,172.31.36.0-255,66,52338,18,137650
8959,0.00128,74.125.24.0-255,1484,53822,18,137650
8960,0.001303,74.125.24.0-255,4320,58142,18,137650
8961,0.001307,172.31.36.0-255,66,58208,18,137650
8962,0.001338,172.31.36.0-255,66,58274,18,137650
8963,0.001367,172.31.36.0-255,66,58340,18,137650
8964,0.001658,74.125.24.0-255,4320,62660,18,137650
8965,0.001664,172.31.36.0-255,66,62726,18,137650
8966,0.001728,172.31.36.0-255,66,62792,18,137650
8967,0.001752,172.31.36.0-255,66,62858,18,137650
8968,0.002097,74.125.24.0-255,4320,67178,18,137650
8969,0.002099,172.31.36.0-255,66,67244,18,137650
8970,0.002121,74.125.24.0-255,3602,70846,18,137650
8971,0.002123,172.31.36.0-255,66,70912,18,137650
8972,0.002221,74.125.24.0-255,4320,75232,18,137650
8973,0.002223,172.31.36.0-255,66,75298,18,137650
8974,0.002245,74.125.24.0-255,7156,82454,18,137650
8975,0.002247,172.31.36.0-255,66,82520,18,137650
8976,0.002271,172.31.36.0-255,66,82586,18,137650
8977,0.002294,172.31.36.0-255,66,82652,18,137650
8978,0.002352,74.125.24.0-255,7156,89808,18,137650
8979,0.003196,74.125.24.0-255,2902,92710,18,137650
8980,0.003217,74.125.24.0-255,7156,99866,18,137650
8981,0.003237,74.125.24.0-255,5738,105604,18,137650
8982,0.003256,74.125.24.0-255,2525,108129,18,137650
8983,0.003459,74.125.24.0-255,1484,109613,18,137650
8984,0.003485,74.125.24.0-255,1484,111097,18,137650
8985,0.003635,74.125.24.0-255,2902,113999,18,137650
8986,0.003978,74.125.24.0-255,5738,119737,18,137650
8987,0.003996,74.125.24.0-255,4320,124057,18,137650
8988,0.004072,172.31.36.0-255,66,124123,18,137650
8989,0.004157,172.31.36.0-255,66,124189,18,137650
8990,0.004191,172.31.36.0-255,66,124255,18,137650
8991,0.004624,74.125.24.0-255,7156,131411,18,137650
8992,0.00463,172.31.36.0-255,66,131477,18,137650
8993,0.00469,172.31.36.0-255,66,131543,18,137650
8994,0.004729,172.31.36.0-255,66,131609,18,137650
8995,0.005485,74.125.24.0-255,5738,137347,18,137650
8996,0.005491,172.31.36.0-255,66,137413,18,137650
8997,0.005528,172.31.36.0-255,66,137479,18,137650
8998,0.005568,172.31.36.0-255,66,137545,18,137650
8999,0.009542,172.31.36.0-255,105,137650,18,137650
9000,0.0,74.125.200.0-255,153,153,18,170591
9001,2.6e-05,172.31.36.0-255,66,219,18,170591
9002,5.8e-05,74.125.200.0-255,1484,1703,18,170591
9003,6.2e-05,172.31.36.0-255,66,1769,18,170591
9004,6.5e-05,74.125.200.0-255,1484,3253,18,170591
9005,6.8e-05,172.31.36.0-255,66,3319,18,170591
9006,0.000104,74.125.200.0-255,1484,4803,18,170591
9007,0.000107,172.31.36.0-255,66,4869,18,170591
9008,0.000113,74.125.200.0-255,4320,9189,18,170591
9009,0.000116,172.31.36.0-255,66,9255,18,170591
9010,0.000141,74.125.200.0-255,4883,14138,18,170591
9011,0.000144,172.31.36.0-255,66,14204,18,170591
9012,0.000179,74.125.200.0-255,5738,19942,18,170591
9013,0.000182,172.31.36.0-255,66,20008,18,170591
9014,0.000187,74.125.200.0-255,2902,22910,18,170591
9015,0.000189,172.31.36.0-255,66,22976,18,170591
9016,0.000193,74.125.200.0-255,4320,27296,18,170591
9017,0.000201,172.31.36.0-255,66,27362,18,170591
9018,0.000231,74.125.200.0-255,3961,31323,18,170591
9019,0.000233,172.31.36.0-255,66,31389,18,170591
9020,0.000324,74.125.200.0-255,1484,32873,18,170591
9021,0.000329,172.31.36.0-255,66,32939,18,170591
9022,0.000348,74.125.200.0-255,2902,35841,18,170591
9023,0.000352,172.31.36.0-255,66,35907,18,170591
9024,0.000358,74.125.200.0-255,5738,41645,18,170591
9025,0.000361,172.31.36.0-255,66,41711,18,170591
9026,0.000389,74.125.200.0-255,6797,48508,18,170591
9027,0.000392,172.31.36.0-255,66,48574,18,170591
9028,0.000402,74.125.200.0-255,2902,51476,18,170591
9029,0.000404,172.31.36.0-255,66,51542,18,170591
9030,0.000438,74.125.200.0-255,4320,55862,18,170591
9031,0.000441,172.31.36.0-255,66,55928,18,170591
9032,0.000452,172.31.36.0-255,66,55994,18,170591
9033,0.000473,74.125.200.0-255,1463,57457,18,170591
9034,0.000723,74.125.200.0-255,1484,58941,18,170591
9035,0.000728,172.31.36.0-255,66,59007,18,170591
9036,0.000756,74.125.200.0-255,2902,61909,18,170591
9037,0.000759,172.31.36.0-255,66,61975,18,170591
9038,0.000766,74.125.200.0-255,5738,67713,18,170591
9039,0.000769,172.31.36.0-255,66,67779,18,170591
9040,0.00081,74.125.200.0-255,6797,74576,18,170591
9041,0.000814,172.31.36.0-255,66,74642,18,170591
9042,0.000822,74.125.200.0-255,7156,81798,18,170591
9043,0.000831,172.31.36.0-255,66,81864,18,170591
9044,0.000837,74.125.200.0-255,4320,86184,18,170591
9045,0.000841,172.31.36.0-255,66,86250,18,170591
9046,0.000873,74.125.200.0-255,7156,93406,18,170591
9047,0.000877,172.31.36.0-255,66,93472,18,170591
9048,0.000897,172.31.36.0-255,66,93538,18,170591
9049,0.000903,74.125.200.0-255,3602,97140,18,170591
9050,0.000905,172.31.36.0-255,66,97206,18,170591
9051,0.000911,74.125.200.0-255,4320,101526,18,170591
9052,0.000913,172.31.36.0-255,66,101592,18,170591
9053,0.000946,74.125.200.0-255,2902,104494,18,170591
9054,0.00095,172.31.36.0-255,66,104560,18,170591
9055,0.000983,74.125.200.0-255,7156,111716,18,170591
9056,0.000987,172.31.36.0-255,66,111782,18,170591
9057,0.00099,74.125.200.0-255,827,112609,18,170591
9058,0.001336,172.31.36.0-255,66,112675,18,170591
9059,0.001588,74.125.200.0-255,1484,114159,18,170591
9060,0.001608,74.125.200.0-255,2902,117061,18,170591
9061,0.001612,172.31.36.0-255,66,117127,18,170591
9062,0.001618,74.125.200.0-255,2902,120029,18,170591
9063,0.001619,172.31.36.0-255,66,120095,18,170591
9064,0.001638,74.125.200.0-255,1484,121579,18,170591
9065,0.001642,74.125.200.0-255,2902,124481,18,170591
9066,0.001649,172.31.36.0-255,66,124547,18,170591
9067,0.001678,74.125.200.0-255,5738,130285,18,170591
9068,0.001682,172.31.36.0-255,66,130351,18,170591
9069,0.001688,74.125.200.0-255,5738,136089,18,170591
9070,0.00169,172.31.36.0-255,66,136155,18,170591
9071,0.001704,74.125.200.0-255,7156,143311,18,170591
9072,0.001708,74.125.200.0-255,3602,146913,18,170591
9073,0.001708,172.31.36.0-255,66,146979,18,170591
9074,0.001712,172.31.36.0-255,66,147045,18,170591
9075,0.003664,74.125.200.0-255,1484,148529,18,170591
9076,0.003693,74.125.200.0-255,4320,152849,18,170591
9077,0.003699,172.31.36.0-255,66,152915,18,170591
9078,0.005683,74.125.200.0-255,5738,158653,18,170591
9079,0.005688,172.31.36.0-255,66,158719,18,170591
9080,0.007665,74.125.200.0-255,2902,161621,18,170591
9081,0.007669,172.31.36.0-255,66,161687,18,170591
9082,0.007699,74.125.200.0-255,2902,164589,18,170591
9083,0.007702,172.31.36.0-255,66,164655,18,170591
9084,0.009649,74.125.200.0-255,2902,167557,18,170591
9085,0.009657,172.31.36.0-255,66,167623,18,170591
9086,0.00969,74.125.200.0-255,2902,170525,18,170591
9087,0.009695,172.31.36.0-255,66,170591,18,170591
9088,0.0,172.217.194.0-255,153,153,18,161622
9089,1.7e-05,172.217.194.0-255,1484,1637,18,161622
9090,2.7e-05,172.31.36.0-255,66,1703,18,161622
9091,3.5e-05,172.217.194.0-255,2902,4605,18,161622
9092,3.8e-05,172.31.36.0-255,66,4671,18,161622
9093,4.4e-05,172.217.194.0-255,5738,10409,18,161622
9094,5.8e-05,172.31.36.0-255,66,10475,18,161622
9095,7.6e-05,172.217.194.0-255,1484,11959,18,161622
9096,8.4e-05,172.217.194.0-255,1484,13443,18,161622
9097,8.7e-05,172.31.36.0-255,66,13509,18,161622
9098,0.000101,172.31.36.0-255,66,13575,18,161622
9099,0.000128,172.217.194.0-255,2041,15616,18,161622
9100,0.000129,172.31.36.0-255,66,15682,18,161622
9101,0.000137,172.217.194.0-255,2543,18225,18,161622
9102,0.000139,172.31.36.0-255,66,18291,18,161622
9103,0.000156,172.217.194.0-255,1484,19775,18,161622
9104,0.00016,172.217.194.0-255,2902,22677,18,161622
9105,0.000162,172.31.36.0-255,66,22743,18,161622
9106,0.00017,172.217.194.0-255,5738,28481,18,161622
9107,0.000172,172.31.36.0-255,66,28547,18,161622
9108,0.00022,172.31.36.0-255,66,28613,18,161622
9109,0.000245,172.217.194.0-255,2543,31156,18,161622
9110,0.000246,172.31.36.0-255,66,31222,18,161622
9111,0.000254,172.31.36.0-255,66,31288,18,161622
9112,0.000322,172.217.194.0-255,362,31650,18,161622
9113,0.000326,172.217.194.0-255,382,32032,18,161622
9114,0.000491,172.217.194.0-255,1484,33516,18,161622
9115,0.000497,172.31.36.0-255,66,33582,18,161622
9116,0.000503,172.217.194.0-255,2902,36484,18,161622
9117,0.000506,172.31.36.0-255,66,36550,18,161622
9118,0.000518,172.217.194.0-255,5738,42288,18,161622
9119,0.00052,172.31.36.0-255,66,42354,18,161622
9120,0.000523,172.217.194.0-255,1484,43838,18,161622
9121,0.000565,172.31.36.0-255,66,43904,18,161622
9122,0.000574,172.31.36.0-255,66,43970,18,161622
9123,0.000963,172.217.194.0-255,1484,45454,18,161622
9124,0.000971,172.217.194.0-255,2902,48356,18,161622
9125,0.000976,172.31.36.0-255,66,48422,18,161622
9126,0.000983,172.217.194.0-255,5738,54160,18,161622
9127,0.000985,172.31.36.0-255,66,54226,18,161622
9128,0.001014,172.217.194.0-255,7156,61382,18,161622
9129,0.001017,172.31.36.0-255,66,61448,18,161622
9130,0.001052,172.217.194.0-255,5738,67186,18,161622
9131,0.001056,172.31.36.0-255,66,67252,18,161622
9132,0.001073,172.31.36.0-255,66,67318,18,161622
9133,0.001076,172.217.194.0-255,766,68084,18,161622
9134,0.001105,172.217.194.0-255,1484,69568,18,161622
9135,0.001109,172.31.36.0-255,66,69634,18,161622
9136,0.001115,172.217.194.0-255,2902,72536,18,161622
9137,0.001116,172.31.36.0-255,66,72602,18,161622
9138,0.00112,172.217.194.0-255,1484,74086,18,161622
9139,0.001154,172.217.194.0-255,4320,78406,18,161622
9140,0.001159,172.31.36.0-255,66,78472,18,161622
9141,0.001172,172.31.36.0-255,66,78538,18,161622
9142,0.001182,172.217.194.0-255,5738,84276,18,161622
9143,0.001184,172.31.36.0-255,66,84342,18,161622
9144,0.001214,172.217.194.0-255,5020,89362,18,161622
9145,0.001218,172.31.36.0-255,66,89428,18,161622
9146,0.001248,172.31.36.0-255,66,89494,18,161622
9147,0.001255,172.217.194.0-255,5738,95232,18,161622
9148,0.001258,172.31.36.0-255,66,95298,18,161622
9149,0.001291,172.217.194.0-255,2184,97482,18,161622
9150,0.001296,172.31.36.0-255,66,97548,18,161622
9151,0.001307,172.31.36.0-255,66,97614,18,161622
9152,0.001323,172.31.36.0-255,66,97680,18,161622
9153,0.001369,172.31.36.0-255,66,97746,18,161622
9154,0.001372,172.217.194.0-255,1484,99230,18,161622
9155,0.00143,172.217.194.0-255,2902,102132,18,161622
9156,0.001432,172.31.36.0-255,66,102198,18,161622
9157,0.001437,172.217.194.0-255,5738,107936,18,161622
9158,0.001439,172.31.36.0-255,66,108002,18,161622
9159,0.001463,172.31.36.0-255,66,108068,18,161622
9160,0.001505,172.31.36.0-255,66,108134,18,161622
9161,0.001552,172.31.36.0-255,66,108200,18,161622
9162,0.001565,172.217.194.0-255,1484,109684,18,161622
9163,0.001584,172.31.36.0-255,66,109750,18,161622
9164,0.00159,172.217.194.0-255,6438,116188,18,161622
9165,0.001592,172.31.36.0-255,66,116254,18,161622
9166,0.001698,172.217.194.0-255,1484,117738,18,161622
9167,0.001704,172.217.194.0-255,2902,120640,18,161622
9168,0.001706,172.31.36.0-255,66,120706,18,161622
9169,0.001738,172.217.194.0-255,5738,126444,18,161622
9170,0.001742,172.31.36.0-255,66,126510,18,161622
9171,0.001746,172.217.194.0-255,2902,129412,18,161622
9172,0.001748,172.31.36.0-255,66,129478,18,161622
9173,0.001788,172.217.194.0-255,7156,136634,18,161622
9174,0.001791,172.31.36.0-255,66,136700,18,161622
9175,0.001807,172.31.36.0-255,66,136766,18,161622
9176,0.00181,172.217.194.0-255,2184,138950,18,161622
9177,0.001813,172.31.36.0-255,66,139016,18,161622
9178,0.001852,172.217.194.0-255,1484,140500,18,161622
9179,0.001856,172.217.194.0-255,1484,141984,18,161622
9180,0.001859,172.31.36.0-255,66,142050,18,161622
9181,0.001883,172.217.194.0-255,1484,143534,18,161622
9182,0.001889,172.217.194.0-255,5738,149272,18,161622
9183,0.001892,172.31.36.0-255,66,149338,18,161622
9184,0.001896,172.217.194.0-255,2902,152240,18,161622
9185,0.001898,172.31.36.0-255,66,152306,18,161622
9186,0.001938,172.31.36.0-255,66,152372,18,161622
9187,0.001941,172.217.194.0-255,1484,153856,18,161622
9188,0.001983,172.31.36.0-255,66,153922,18,161622
9189,0.001993,172.31.36.0-255,66,153988,18,161622
9190,0.002036,172.217.194.0-255,5738,159726,18,161622
9191,0.002039,172.31.36.0-255,66,159792,18,161622
9192,0.002056,172.31.36.0-255,66,159858,18,161622
9193,0.002059,172.217.194.0-255,1422,161280,18,161622
9194,0.002081,172.217.194.0-255,105,161385,18,161622
9195,0.004557,172.31.36.0-255,66,161451,18,161622
9196,0.004592,172.31.36.0-255,105,161556,18,161622
9197,0.007195,172.217.194.0-255,66,161622,18,161622
9198,0.0,74.125.24.0-255,222,222,18,181999
9199,2.3e-05,172.31.36.0-255,66,288,18,181999
9200,3e-05,74.125.24.0-255,1484,1772,18,181999
9201,3.4e-05,172.31.36.0-255,66,1838,18,181999
9202,4.2e-05,74.125.24.0-255,4320,6158,18,181999
9203,5.2e-05,172.31.36.0-255,66,6224,18,181999
9204,6.1e-05,74.125.24.0-255,7156,13380,18,181999
9205,6.3e-05,172.31.36.0-255,66,13446,18,181999
9206,6.7e-05,74.125.24.0-255,1484,14930,18,181999
9207,7e-05,172.31.36.0-255,66,14996,18,181999
9208,0.000124,172.31.36.0-255,66,15062,18,181999
9209,0.000127,74.125.24.0-255,1125,16187,18,181999
9210,0.00013,172.31.36.0-255,66,16253,18,181999
9211,0.000157,74.125.24.0-255,1484,17737,18,181999
9212,0.00016,172.31.36.0-255,66,17803,18,181999
9213,0.000165,74.125.24.0-255,2902,20705,18,181999
9214,0.000167,172.31.36.0-255,66,20771,18,181999
9215,0.000196,74.125.24.0-255,5738,26509,18,181999
9216,0.000199,172.31.36.0-255,66,26575,18,181999
9217,0.000228,172.31.36.0-255,66,26641,18,181999
9218,0.000254,74.125.24.0-255,1125,27766,18,181999
9219,0.000256,172.31.36.0-255,66,27832,18,181999
9220,0.000263,74.125.24.0-255,4320,32152,18,181999
9221,0.000266,172.31.36.0-255,66,32218,18,181999
9222,0.000271,74.125.24.0-255,2902,35120,18,181999
9223,0.000273,172.31.36.0-255,66,35186,18,181999
9224,0.000301,74.125.24.0-255,2902,38088,18,181999
9225,0.000303,172.31.36.0-255,66,38154,18,181999
9226,0.000308,74.125.24.0-255,2818,40972,18,181999
9227,0.00031,172.31.36.0-255,66,41038,18,181999
9228,0.000486,74.125.24.0-255,381,41419,18,181999
9229,0.000517,74.125.24.0-255,1484,42903,18,181999
9230,0.000521,172.31.36.0-255,66,42969,18,181999
9231,0.000528,74.125.24.0-255,4320,47289,18,181999
9232,0.000531,172.31.36.0-255,66,47355,18,181999
9233,0.000558,74.125.24.0-255,7156,54511,18,181999
9234,0.000561,172.31.36.0-255,66,54577,18,181999
9235,0.000577,172.31.36.0-255,66,54643,18,181999
9236,0.000611,172.31.36.0-255,66,54709,18,181999
9237,0.000631,74.125.24.0-255,3602,58311,18,181999
9238,0.000634,172.31.36.0-255,66,58377,18,181999
9239,0.000725,74.125.24.0-255,1484,59861,18,181999
9240,0.000731,74.125.24.0-255,2902,62763,18,181999
9241,0.000735,172.31.36.0-255,66,62829,18,181999
9242,0.000741,74.125.24.0-255,5738,68567,18,181999
9243,0.000744,172.31.36.0-255,66,68633,18,181999
9244,0.000755,74.125.24.0-255,5738,74371,18,181999
9245,0.000757,172.31.36.0-255,66,74437,18,181999
9246,0.000824,172.31.36.0-255,66,74503,18,181999
9247,0.000831,74.125.24.0-255,5020,79523,18,181999
9248,0.000834,172.31.36.0-255,66,79589,18,181999
9249,0.00084,74.125.24.0-255,5738,85327,18,181999
9250,0.000843,172.31.36.0-255,66,85393,18,181999
9251,0.000849,74.125.24.0-255,4320,89713,18,181999
9252,0.000851,172.31.36.0-255,66,89779,18,181999
9253,0.000891,172.31.36.0-255,66,89845,18,181999
9254,0.000895,74.125.24.0-255,1484,91329,18,181999
9255,0.000933,172.31.36.0-255,66,91395,18,181999
9256,0.000979,172.31.36.0-255,66,91461,18,181999
9257,0.000982,74.125.24.0-255,1484,92945,18,181999
9258,0.001003,172.31.36.0-255,66,93011,18,181999
9259,0.001026,74.125.24.0-255,2902,95913,18,181999
9260,0.001028,172.31.36.0-255,66,95979,18,181999
9261,0.001032,74.125.24.0-255,766,96745,18,181999
9262,0.001057,74.125.24.0-255,5738,102483,18,181999
9263,0.00106,172.31.36.0-255,66,102549,18,181999
9264,0.001108,172.31.36.0-255,66,102615,18,181999
9265,0.001139,172.31.36.0-255,66,102681,18,181999
9266,0.001153,74.125.24.0-255,5738,108419,18,181999
9267,0.001167,172.31.36.0-255,66,108485,18,181999
9268,0.001175,74.125.24.0-255,5738,114223,18,181999
9269,0.001177,172.31.36.0-255,66,114289,18,181999
9270,0.001259,74.125.24.0-255,1484,115773,18,181999
9271,0.001263,74.125.24.0-255,1484,117257,18,181999
9272,0.001269,172.31.36.0-255,66,117323,18,181999
9273,0.001278,74.125.24.0-255,1484,118807,18,181999
9274,0.001284,74.125.24.0-255,5738,124545,18,181999
9275,0.001301,74.125.24.0-255,2902,127447,18,181999
9276,0.001323,74.125.24.0-255,1484,128931,18,181999
9277,0.001325,172.31.36.0-255,66,128997,18,181999
9278,0.001393,74.125.24.0-255,4320,133317,18,181999
9279,0.001407,172.31.36.0-255,66,133383,18,181999
9280,0.001436,74.125.24.0-255,5020,138403,18,181999
9281,0.001439,74.125.24.0-255,1484,139887,18,181999
9282,0.001443,74.125.24.0-255,2902,142789,18,181999
9283,0.001454,74.125.24.0-255,5738,148527,18,181999
9284,0.00147,74.125.24.0-255,7156,155683,18,181999
9285,0.001489,172.31.36.0-255,66,155749,18,181999
9286,0.001535,74.125.24.0-255,6438,162187,18,181999
9287,0.001567,74.125.24.0-255,7156,169343,18,181999
9288,0.001588,74.125.24.0-255,5738,175081,18,181999
9289,0.001594,172.31.36.0-255,66,175147,18,181999
9290,0.001603,74.125.24.0-255,2184,177331,18,181999
9291,0.001609,172.31.36.0-255,66,177397,18,181999
9292,0.001671,74.125.24.0-255,1484,178881,18,181999
9293,0.001679,172.31.36.0-255,66,178947,18,181999
9294,0.001688,74.125.24.0-255,2881,181828,18,181999
9295,0.001699,172.31.36.0-255,66,181894,18,181999
9296,0.001726,74.125.24.0-255,105,181999,18,181999
9297,0.0,172.31.36.0-255,66,66,18,66
9298,0.0,172.217.194.0-255,152,152,18,158070
9299,2.2e-05,172.31.36.0-255,66,218,18,158070
9300,3e-05,172.217.194.0-255,1484,1702,18,158070
9301,3.5e-05,172.31.36.0-255,66,1768,18,158070
9302,4.1e-05,172.217.194.0-255,2902,4670,18,158070
9303,4.3e-05,172.31.36.0-255,66,4736,18,158070
9304,5.1e-05,172.217.194.0-255,7156,11892,18,158070
9305,5.4e-05,172.31.36.0-255,66,11958,18,158070
9306,5.8e-05,172.217.194.0-255,2049,14007,18,158070
9307,6.2e-05,172.31.36.0-255,66,14073,18,158070
9308,6.7e-05,172.217.194.0-255,2902,16975,18,158070
9309,7e-05,172.31.36.0-255,66,17041,18,158070
9310,0.000102,172.217.194.0-255,7156,24197,18,158070
9311,0.000105,172.31.36.0-255,66,24263,18,158070
9312,0.000112,172.217.194.0-255,7156,31419,18,158070
9313,0.000115,172.31.36.0-255,66,31485,18,158070
9314,0.000131,172.217.194.0-255,2902,34387,18,158070
9315,0.000133,172.31.36.0-255,66,34453,18,158070
9316,0.00017,172.31.36.0-255,66,34519,18,158070
9317,0.000173,172.217.194.0-255,766,35285,18,158070
9318,0.000174,172.31.36.0-255,66,35351,18,158070
9319,0.000177,172.217.194.0-255,1484,36835,18,158070
9320,0.000179,172.31.36.0-255,66,36901,18,158070
9321,0.000202,172.217.194.0-255,4320,41221,18,158070
9322,0.000204,172.31.36.0-255,66,41287,18,158070
9323,0.000209,172.217.194.0-255,2902,44189,18,158070
9324,0.000211,172.31.36.0-255,66,44255,18,158070
9325,0.000222,172.217.194.0-255,1484,45739,18,158070
9326,0.000224,172.31.36.0-255,66,45805,18,158070
9327,0.000271,172.217.194.0-255,7108,52913,18,158070
9328,0.000275,172.31.36.0-255,66,52979,18,158070
9329,0.000311,172.217.194.0-255,365,53344,18,158070
9330,0.000499,172.217.194.0-255,1484,54828,18,158070
9331,0.000506,172.217.194.0-255,2902,57730,18,158070
9332,0.000528,172.217.194.0-255,5738,63468,18,158070
9333,0.000531,172.217.194.0-255,1484,64952,18,158070
9334,0.000545,172.31.36.0-255,66,65018,18,158070
9335,0.000561,172.31.36.0-255,66,65084,18,158070
9336,0.000582,172.217.194.0-255,5738,70822,18,158070
9337,0.00062,172.31.36.0-255,66,70888,18,158070
9338,0.001281,172.217.194.0-255,1484,72372,18,158070
9339,0.001287,172.217.194.0-255,2902,75274,18,158070
9340,0.001291,172.31.36.0-255,66,75340,18,158070
9341,0.001325,172.217.194.0-255,4320,79660,18,158070
9342,0.001348,172.31.36.0-255,66,79726,18,158070
9343,0.001381,172.217.194.0-255,2184,81910,18,158070
9344,0.001387,172.31.36.0-255,66,81976,18,158070
9345,0.001634,172.217.194.0-255,1484,83460,18,158070
9346,0.00164,172.217.194.0-255,2902,86362,18,158070
9347,0.001644,172.31.36.0-255,66,86428,18,158070
9348,0.001669,172.217.194.0-255,5738,92166,18,158070
9349,0.00168,172.31.36.0-255,66,92232,18,158070
9350,0.00172,172.31.36.0-255,66,92298,18,158070
9351,0.001769,172.31.36.0-255,66,92364,18,158070
9352,0.001919,172.217.194.0-255,1484,93848,18,158070
9353,0.001941,172.217.194.0-255,2902,96750,18,158070
9354,0.001945,172.31.36.0-255,66,96816,18,158070
9355,0.001965,172.217.194.0-255,5738,102554,18,158070
9356,0.001977,172.31.36.0-255,66,102620,18,158070
9357,0.001984,172.217.194.0-255,5738,108358,18,158070
9358,0.001988,172.31.36.0-255,66,108424,18,158070
9359,0.002001,172.217.194.0-255,4320,112744,18,158070
9360,0.002022,172.31.36.0-255,66,112810,18,158070
9361,0.002029,172.217.194.0-255,7156,119966,18,158070
9362,0.002034,172.31.36.0-255,66,120032,18,158070
9363,0.002046,172.217.194.0-255,6438,126470,18,158070
9364,0.002056,172.217.194.0-255,1484,127954,18,158070
9365,0.002078,172.217.194.0-255,2902,130856,18,158070
9366,0.002084,172.217.194.0-255,5738,136594,18,158070
9367,0.002097,172.217.194.0-255,1484,138078,18,158070
9368,0.002102,172.31.36.0-255,66,138144,18,158070
9369,0.002139,172.217.194.0-255,2902,141046,18,158070
9370,0.002141,172.217.194.0-255,1484,142530,18,158070
9371,0.002144,172.31.36.0-255,66,142596,18,158070
9372,0.00215,172.31.36.0-255,66,142662,18,158070
9373,0.002182,172.31.36.0-255,66,142728,18,158070
9374,0.002232,172.217.194.0-255,2902,145630,18,158070
9375,0.002238,172.31.36.0-255,66,145696,18,158070
9376,0.002276,172.217.194.0-255,3602,149298,18,158070
9377,0.002298,172.217.194.0-255,1484,150782,18,158070
9378,0.002302,172.217.194.0-255,2902,153684,18,158070
9379,0.002317,172.217.194.0-255,1484,155168,18,158070
9380,0.002334,172.217.194.0-255,2902,158070,18,158070
9381,0.0,74.125.68.0-255,153,153,18,130028
9382,6.6e-05,172.31.36.0-255,66,219,18,130028
9383,7.3e-05,74.125.68.0-255,1484,1703,18,130028
9384,7.8e-05,172.31.36.0-255,66,1769,18,130028
9385,9.1e-05,74.125.68.0-255,2902,4671,18,130028
9386,9.3e-05,172.31.36.0-255,66,4737,18,130028
9387,9.9e-05,74.125.68.0-255,4320,9057,18,130028
9388,0.000102,172.31.36.0-255,66,9123,18,130028
9389,0.000107,74.125.68.0-255,4848,13971,18,130028
9390,0.00011,172.31.36.0-255,66,14037,18,130028
9391,0.000222,74.125.68.0-255,1484,15521,18,130028
9392,0.000227,172.31.36.0-255,66,15587,18,130028
9393,0.000233,74.125.68.0-255,2902,18489,18,130028
9394,0.000235,172.31.36.0-255,66,18555,18,130028
9395,0.00024,74.125.68.0-255,2902,21457,18,130028
9396,0.000249,172.31.36.0-255,66,21523,18,130028
9397,0.000261,74.125.68.0-255,2902,24425,18,130028
9398,0.000263,172.31.36.0-255,66,24491,18,130028
9399,0.000269,74.125.68.0-255,5738,30229,18,130028
9400,0.000279,172.31.36.0-255,66,30295,18,130028
9401,0.00031,74.125.68.0-255,3961,34256,18,130028
9402,0.000314,172.31.36.0-255,66,34322,18,130028
9403,0.000318,74.125.68.0-255,2902,37224,18,130028
9404,0.00032,172.31.36.0-255,66,37290,18,130028
9405,0.000341,74.125.68.0-255,1484,38774,18,130028
9406,0.00035,172.31.36.0-255,66,38840,18,130028
9407,0.000359,74.125.68.0-255,7156,45996,18,130028
9408,0.000362,172.31.36.0-255,66,46062,18,130028
9409,0.000392,74.125.68.0-255,2543,48605,18,130028
9410,0.000396,172.31.36.0-255,66,48671,18,130028
9411,0.000425,74.125.68.0-255,1484,50155,18,130028
9412,0.000429,172.31.36.0-255,66,50221,18,130028
9413,0.000434,74.125.68.0-255,2902,53123,18,130028
9414,0.000436,172.31.36.0-255,66,53189,18,130028
9415,0.000464,74.125.68.0-255,5738,58927,18,130028
9416,0.000468,172.31.36.0-255,66,58993,18,130028
9417,0.000472,74.125.68.0-255,2902,61895,18,130028
9418,0.000475,172.31.36.0-255,66,61961,18,130028
9419,0.000481,74.125.68.0-255,3961,65922,18,130028
9420,0.000483,172.31.36.0-255,66,65988,18,130028
9421,0.000548,74.125.68.0-255,399,66387,18,130028
9422,0.000813,74.125.68.0-255,109,66496,18,130028
9423,0.000818,74.125.68.0-255,332,66828,18,130028
9424,0.000874,172.31.36.0-255,66,66894,18,130028
9425,0.001346,74.125.68.0-255,1484,68378,18,130028
9426,0.001354,74.125.68.0-255,1484,69862,18,130028
9427,0.001359,172.31.36.0-255,66,69928,18,130028
9428,0.001385,74.125.68.0-255,1484,71412,18,130028
9429,0.001393,74.125.68.0-255,5738,77150,18,130028
9430,0.001395,172.31.36.0-255,66,77216,18,130028
9431,0.001432,172.31.36.0-255,66,77282,18,130028
9432,0.001438,74.125.68.0-255,2902,80184,18,130028
9433,0.00144,172.31.36.0-255,66,80250,18,130028
9434,0.001472,74.125.68.0-255,7156,87406,18,130028
9435,0.001476,172.31.36.0-255,66,87472,18,130028
9436,0.001485,74.125.68.0-255,5020,92492,18,130028
9437,0.001493,172.31.36.0-255,66,92558,18,130028
9438,0.002427,74.125.68.0-255,1484,94042,18,130028
9439,0.002441,74.125.68.0-255,2902,96944,18,130028
9440,0.002443,172.31.36.0-255,66,97010,18,130028
9441,0.00247,74.125.68.0-255,5738,102748,18,130028
9442,0.002472,172.31.36.0-255,66,102814,18,130028
9443,0.002475,74.125.68.0-255,1484,104298,18,130028
9444,0.002491,74.125.68.0-255,4320,108618,18,130028
9445,0.002493,172.31.36.0-255,66,108684,18,130028
9446,0.002524,74.125.68.0-255,4320,113004,18,130028
9447,0.002526,172.31.36.0-255,66,113070,18,130028
9448,0.002563,74.125.68.0-255,1484,114554,18,130028
9449,0.002589,172.31.36.0-255,66,114620,18,130028
9450,0.002593,74.125.68.0-255,3602,118222,18,130028
9451,0.002595,172.31.36.0-255,66,118288,18,130028
9452,0.005171,74.125.68.0-255,1484,119772,18,130028
9453,0.00519,74.125.68.0-255,4320,124092,18,130028
9454,0.005194,172.31.36.0-255,66,124158,18,130028
9455,0.00779,74.125.68.0-255,4320,128478,18,130028
9456,0.007797,172.31.36.0-255,66,128544,18,130028
9457,0.007828,74.125.68.0-255,1484,130028,18,130028
9458,0.0,172.217.194.0-255,153,153,18,115054
9459,1.7e-05,172.217.194.0-255,1484,1637,18,115054
9460,2.5e-05,172.31.36.0-255,66,1703,18,115054
9461,3.4e-05,172.217.194.0-255,2902,4605,18,115054
9462,3.8e-05,172.31.36.0-255,66,4671,18,115054
9463,5.4e-05,172.217.194.0-255,7156,11827,18,115054
9464,5.8e-05,172.31.36.0-255,66,11893,18,115054
9465,6.9e-05,172.31.36.0-255,66,11959,18,115054
9466,0.00013,172.31.36.0-255,66,12025,18,115054
9467,0.000162,172.31.36.0-255,66,12091,18,115054
9468,0.000169,172.217.194.0-255,7156,19247,18,115054
9469,0.000172,172.31.36.0-255,66,19313,18,115054
9470,0.0002,172.217.194.0-255,5379,24692,18,115054
9471,0.000203,172.31.36.0-255,66,24758,18,115054
9472,0.000219,172.31.36.0-255,66,24824,18,115054
9473,0.000222,172.217.194.0-255,98,24922,18,115054
9474,0.000304,172.217.194.0-255,1484,26406,18,115054
9475,0.000308,172.31.36.0-255,66,26472,18,115054
9476,0.000315,172.217.194.0-255,2902,29374,18,115054
9477,0.000317,172.31.36.0-255,66,29440,18,115054
9478,0.000329,172.217.194.0-255,5738,35178,18,115054
9479,0.000331,172.31.36.0-255,66,35244,18,115054
9480,0.000378,172.31.36.0-255,66,35310,18,115054
9481,0.000396,172.31.36.0-255,66,35376,18,115054
9482,0.000399,172.217.194.0-255,363,35739,18,115054
9483,0.00052,172.217.194.0-255,1484,37223,18,115054
9484,0.000525,172.31.36.0-255,66,37289,18,115054
9485,0.000531,172.217.194.0-255,2902,40191,18,115054
9486,0.000533,172.31.36.0-255,66,40257,18,115054
9487,0.000544,172.217.194.0-255,5738,45995,18,115054
9488,0.000547,172.31.36.0-255,66,46061,18,115054
9489,0.000588,172.31.36.0-255,66,46127,18,115054
9490,0.000622,172.31.36.0-255,66,46193,18,115054
9491,0.000634,172.31.36.0-255,66,46259,18,115054
9492,0.000676,172.31.36.0-255,66,46325,18,115054
9493,0.000713,172.31.36.0-255,66,46391,18,115054
9494,0.001011,172.217.194.0-255,1484,47875,18,115054
9495,0.001017,172.217.194.0-255,1484,49359,18,115054
9496,0.00102,172.31.36.0-255,66,49425,18,115054
9497,0.001052,172.217.194.0-255,1484,50909,18,115054
9498,0.00106,172.217.194.0-255,5738,56647,18,115054
9499,0.001062,172.31.36.0-255,66,56713,18,115054
9500,0.00107,172.217.194.0-255,7156,63869,18,115054
9501,0.001073,172.31.36.0-255,66,63935,18,115054
9502,0.001097,172.217.194.0-255,5738,69673,18,115054
9503,0.001099,172.31.36.0-255,66,69739,18,115054
9504,0.001174,172.31.36.0-255,66,69805,18,115054
9505,0.001198,172.217.194.0-255,1484,71289,18,115054
9506,0.001202,172.217.194.0-255,2902,74191,18,115054
9507,0.001206,172.31.36.0-255,66,74257,18,115054
9508,0.00121,172.217.194.0-255,1484,75741,18,115054
9509,0.001241,172.217.194.0-255,4320,80061,18,115054
9510,0.001245,172.31.36.0-255,66,80127,18,115054
9511,0.001263,172.31.36.0-255,66,80193,18,115054
9512,0.001268,172.217.194.0-255,2902,83095,18,115054
9513,0.001271,172.31.36.0-255,66,83161,18,115054
9514,0.001314,172.31.36.0-255,66,83227,18,115054
9515,0.001341,172.217.194.0-255,1484,84711,18,115054
9516,0.001347,172.217.194.0-255,2902,87613,18,115054
9517,0.001349,172.31.36.0-255,66,87679,18,115054
9518,0.001356,172.217.194.0-255,5738,93417,18,115054
9519,0.001359,172.31.36.0-255,66,93483,18,115054
9520,0.001393,172.31.36.0-255,66,93549,18,115054
9521,0.001419,172.217.194.0-255,1484,95033,18,115054
9522,0.001439,172.31.36.0-255,66,95099,18,115054
9523,0.001464,172.217.194.0-255,2184,97283,18,115054
9524,0.001466,172.31.36.0-255,66,97349,18,115054
9525,0.00147,172.217.194.0-255,1484,98833,18,115054
9526,0.001475,172.217.194.0-255,2902,101735,18,115054
9527,0.001477,172.31.36.0-255,66,101801,18,115054
9528,0.001485,172.217.194.0-255,1484,103285,18,115054
9529,0.001514,172.217.194.0-255,4320,107605,18,115054
9530,0.001517,172.31.36.0-255,66,107671,18,115054
9531,0.001531,172.31.36.0-255,66,107737,18,115054
9532,0.001547,172.31.36.0-255,66,107803,18,115054
9533,0.001618,172.31.36.0-255,66,107869,18,115054
9534,0.001657,172.31.36.0-255,66,107935,18,115054
9535,0.001727,172.31.36.0-255,66,108001,18,115054
9536,0.001784,172.217.194.0-255,6777,114778,18,115054
9537,0.001834,172.31.36.0-255,66,114844,18,115054
9538,0.001844,172.217.194.0-255,105,114949,18,115054
9539,0.007797,172.31.36.0-255,105,115054,18,115054
9540,0.0,74.125.24.0-255,298,298,18,186595
9541,2.6e-05,74.125.24.0-255,1484,1782,18,186595
9542,3.4e-05,172.31.36.0-255,66,1848,18,186595
9543,4.3e-05,74.125.24.0-255,4320,6168,18,186595
9544,4.6e-05,172.31.36.0-255,66,6234,18,186595
9545,5.2e-05,74.125.24.0-255,7156,13390,18,186595
9546,5.5e-05,172.31.36.0-255,66,13456,18,186595
9547,7.7e-05,74.125.24.0-255,1804,15260,18,186595
9548,7.9e-05,172.31.36.0-255,66,15326,18,186595
9549,8.4e-05,74.125.24.0-255,5738,21064,18,186595
9550,8.7e-05,172.31.36.0-255,66,21130,18,186595
9551,0.000116,74.125.24.0-255,5738,26868,18,186595
9552,0.000118,172.31.36.0-255,66,26934,18,186595
9553,0.000143,74.125.24.0-255,3961,30895,18,186595
9554,0.000146,172.31.36.0-255,66,30961,18,186595
9555,0.000166,74.125.24.0-255,1484,32445,18,186595
9556,0.000169,74.125.24.0-255,1484,33929,18,186595
9557,0.000171,172.31.36.0-255,66,33995,18,186595
9558,0.000187,74.125.24.0-255,1484,35479,18,186595
9559,0.000193,74.125.24.0-255,5738,41217,18,186595
9560,0.000195,172.31.36.0-255,66,41283,18,186595
9561,0.000209,74.125.24.0-255,1484,42767,18,186595
9562,0.000235,172.31.36.0-255,66,42833,18,186595
9563,0.000266,74.125.24.0-255,4320,47153,18,186595
9564,0.00027,172.31.36.0-255,66,47219,18,186595
9565,0.000299,172.31.36.0-255,66,47285,18,186595
9566,0.000302,74.125.24.0-255,108,47393,18,186595
9567,0.00038,74.125.24.0-255,1484,48877,18,186595
9568,0.000384,74.125.24.0-255,1484,50361,18,186595
9569,0.000386,172.31.36.0-255,66,50427,18,186595
9570,0.000394,74.125.24.0-255,1484,51911,18,186595
9571,0.000397,172.31.36.0-255,66,51977,18,186595
9572,0.000403,74.125.24.0-255,5738,57715,18,186595
9573,0.000406,172.31.36.0-255,66,57781,18,186595
9574,0.000411,74.125.24.0-255,4320,62101,18,186595
9575,0.000413,172.31.36.0-255,66,62167,18,186595
9576,0.000432,74.125.24.0-255,1484,63651,18,186595
9577,0.000463,172.31.36.0-255,66,63717,18,186595
9578,0.000495,172.31.36.0-255,66,63783,18,186595
9579,0.000498,74.125.24.0-255,332,64115,18,186595
9580,0.000524,74.125.24.0-255,1484,65599,18,186595
9581,0.000528,172.31.36.0-255,66,65665,18,186595
9582,0.000533,74.125.24.0-255,4320,69985,18,186595
9583,0.000536,172.31.36.0-255,66,70051,18,186595
9584,0.000573,172.31.36.0-255,66,70117,18,186595
9585,0.000579,74.125.24.0-255,7156,77273,18,186595
9586,0.000582,172.31.36.0-255,66,77339,18,186595
9587,0.00062,74.125.24.0-255,7156,84495,18,186595
9588,0.000626,172.31.36.0-255,66,84561,18,186595
9589,0.000643,74.125.24.0-255,4471,89032,18,186595
9590,0.000647,172.31.36.0-255,66,89098,18,186595
9591,0.000676,172.31.36.0-255,66,89164,18,186595
9592,0.000702,74.125.24.0-255,1484,90648,18,186595
9593,0.000705,74.125.24.0-255,1484,92132,18,186595
9594,0.000707,172.31.36.0-255,66,92198,18,186595
9595,0.000723,74.125.24.0-255,3602,95800,18,186595
9596,0.000723,172.31.36.0-255,66,95866,18,186595
9597,0.000726,172.31.36.0-255,66,95932,18,186595
9598,0.000773,74.125.24.0-255,5738,101670,18,186595
9599,0.000777,172.31.36.0-255,66,101736,18,186595
9600,0.000796,172.31.36.0-255,66,101802,18,186595
9601,0.000818,74.125.24.0-255,1484,103286,18,186595
9602,0.000839,74.125.24.0-255,2902,106188,18,186595
9603,0.000843,172.31.36.0-255,66,106254,18,186595
9604,0.000849,74.125.24.0-255,5738,111992,18,186595
9605,0.000851,172.31.36.0-255,66,112058,18,186595
9606,0.00089,172.31.36.0-255,66,112124,18,186595
9607,0.000893,74.125.24.0-255,1484,113608,18,186595
9608,0.000924,74.125.24.0-255,7156,120764,18,186595
9609,0.000927,172.31.36.0-255,66,120830,18,186595
9610,0.000946,74.125.24.0-255,2184,123014,18,186595
9611,0.00095,172.31.36.0-255,66,123080,18,186595
9612,0.000966,74.125.24.0-255,1484,124564,18,186595
9613,0.000984,74.125.24.0-255,2902,127466,18,186595
9614,0.000987,172.31.36.0-255,66,127532,18,186595
9615,0.000992,74.125.24.0-255,4320,131852,18,186595
9616,0.000994,172.31.36.0-255,66,131918,18,186595
9617,0.001008,74.125.24.0-255,1484,133402,18,186595
9618,0.001012,74.125.24.0-255,2902,136304,18,186595
9619,0.001015,172.31.36.0-255,66,136370,18,186595
9620,0.001053,172.31.36.0-255,66,136436,18,186595
9621,0.001077,172.31.36.0-255,66,136502,18,186595
9622,0.001081,74.125.24.0-255,2184,138686,18,186595
9623,0.001084,172.31.36.0-255,66,138752,18,186595
9624,0.00113,74.125.24.0-255,2902,141654,18,186595
9625,0.001133,172.31.36.0-255,66,141720,18,186595
9626,0.001139,74.125.24.0-255,4320,146040,18,186595
9627,0.001141,172.31.36.0-255,66,146106,18,186595
9628,0.001173,172.31.36.0-255,66,146172,18,186595
9629,0.001212,172.31.36.0-255,66,146238,18,186595
9630,0.001215,74.125.24.0-255,766,147004,18,186595
9631,0.00132,74.125.24.0-255,1484,148488,18,186595
9632,0.001323,172.31.36.0-255,66,148554,18,186595
9633,0.001328,74.125.24.0-255,2902,151456,18,186595
9634,0.001332,172.31.36.0-255,66,151522,18,186595
9635,0.001343,74.125.24.0-255,5738,157260,18,186595
9636,0.001346,172.31.36.0-255,66,157326,18,186595
9637,0.00138,172.31.36.0-255,66,157392,18,186595
9638,0.001387,74.125.24.0-255,7156,164548,18,186595
9639,0.001396,172.31.36.0-255,66,164614,18,186595
9640,0.001405,74.125.24.0-255,3602,168216,18,186595
9641,0.001408,172.31.36.0-255,66,168282,18,186595
9642,0.001489,74.125.24.0-255,1484,169766,18,186595
9643,0.001494,74.125.24.0-255,2902,172668,18,186595
9644,0.001502,172.31.36.0-255,66,172734,18,186595
9645,0.001509,74.125.24.0-255,5738,178472,18,186595
9646,0.001511,172.31.36.0-255,66,178538,18,186595
9647,0.001557,172.31.36.0-255,66,178604,18,186595
9648,0.001561,172.31.36.0-255,66,178670,18,186595
9649,0.001605,74.125.24.0-255,7156,185826,18,186595
9650,0.001613,172.31.36.0-255,66,185892,18,186595
9651,0.001636,172.31.36.0-255,66,185958,18,186595
9652,0.001671,172.31.36.0-255,66,186024,18,186595
9653,0.001688,172.31.36.0-255,66,186090,18,186595
9654,0.001699,172.31.36.0-255,66,186156,18,186595
9655,0.001699,74.125.24.0-255,97,186253,18,186595
9656,0.00173,74.125.24.0-255,105,186358,18,186595
9657,0.00414,172.31.36.0-255,66,186424,18,186595
9658,0.004167,172.31.36.0-255,105,186529,18,186595
9659,0.006391,74.125.24.0-255,66,186595,18,186595
9660,0.0,172.217.194.0-255,153,153,18,143536
9661,1.4e-05,172.31.36.0-255,66,219,18,143536
9662,2.1e-05,172.217.194.0-255,1484,1703,18,143536
9663,2.5e-05,172.31.36.0-255,66,1769,18,143536
9664,3.8e-05,172.217.194.0-255,2902,4671,18,143536
9665,4.2e-05,172.31.36.0-255,66,4737,18,143536
9666,5e-05,172.217.194.0-255,7156,11893,18,143536
9667,5.3e-05,172.31.36.0-255,66,11959,18,143536
9668,8.7e-05,172.217.194.0-255,4320,16279,18,143536
9669,9e-05,172.31.36.0-255,66,16345,18,143536
9670,0.000125,172.31.36.0-255,66,16411,18,143536
9671,0.000144,172.31.36.0-255,66,16477,18,143536
9672,0.000157,172.31.36.0-255,66,16543,18,143536
9673,0.000179,172.217.194.0-255,1484,18027,18,143536
9674,0.000181,172.31.36.0-255,66,18093,18,143536
9675,0.000186,172.217.194.0-255,2902,20995,18,143536
9676,0.000193,172.31.36.0-255,66,21061,18,143536
9677,0.000199,172.217.194.0-255,4320,25381,18,143536
9678,0.000201,172.31.36.0-255,66,25447,18,143536
9679,0.000211,172.217.194.0-255,1484,26931,18,143536
9680,0.000214,172.31.36.0-255,66,26997,18,143536
9681,0.000247,172.31.36.0-255,66,27063,18,143536
9682,0.000285,172.217.194.0-255,1484,28547,18,143536
9683,0.000288,172.31.36.0-255,66,28613,18,143536
9684,0.000293,172.217.194.0-255,2902,31515,18,143536
9685,0.000296,172.31.36.0-255,66,31581,18,143536
9686,0.000323,172.217.194.0-255,5738,37319,18,143536
9687,0.000326,172.31.36.0-255,66,37385,18,143536
9688,0.000331,172.217.194.0-255,4320,41705,18,143536
9689,0.000333,172.31.36.0-255,66,41771,18,143536
9690,0.000363,172.217.194.0-255,2902,44673,18,143536
9691,0.000366,172.31.36.0-255,66,44739,18,143536
9692,0.000409,172.31.36.0-255,66,44805,18,143536
9693,0.000416,172.217.194.0-255,6797,51602,18,143536
9694,0.000418,172.31.36.0-255,66,51668,18,143536
9695,0.000444,172.217.194.0-255,1484,53152,18,143536
9696,0.000449,172.217.194.0-255,2902,56054,18,143536
9697,0.000451,172.31.36.0-255,66,56120,18,143536
9698,0.000455,172.217.194.0-255,1484,57604,18,143536
9699,0.00048,172.217.194.0-255,4320,61924,18,143536
9700,0.000483,172.31.36.0-255,66,61990,18,143536
9701,0.00049,172.217.194.0-255,5738,67728,18,143536
9702,0.000492,172.31.36.0-255,66,67794,18,143536
9703,0.000522,172.217.194.0-255,7156,74950,18,143536
9704,0.000524,172.31.36.0-255,66,75016,18,143536
9705,0.000528,172.217.194.0-255,1484,76500,18,143536
9706,0.000555,172.31.36.0-255,66,76566,18,143536
9707,0.000616,172.217.194.0-255,1484,78050,18,143536
9708,0.000621,172.217.194.0-255,2902,80952,18,143536
9709,0.000623,172.31.36.0-255,66,81018,18,143536
9710,0.00063,172.217.194.0-255,5738,86756,18,143536
9711,0.000633,172.31.36.0-255,66,86822,18,143536
9712,0.000652,172.31.36.0-255,66,86888,18,143536
9713,0.000664,172.31.36.0-255,66,86954,18,143536
9714,0.000696,172.217.194.0-255,4320,91274,18,143536
9715,0.000699,172.31.36.0-255,66,91340,18,143536
9716,0.00074,172.31.36.0-255,66,91406,18,143536
9717,0.000744,172.217.194.0-255,2902,94308,18,143536
9718,0.000746,172.31.36.0-255,66,94374,18,143536
9719,0.000792,172.31.36.0-255,66,94440,18,143536
9720,0.000833,172.217.194.0-255,1484,95924,18,143536
9721,0.000837,172.217.194.0-255,1484,97408,18,143536
9722,0.000839,172.31.36.0-255,66,97474,18,143536
9723,0.000867,172.217.194.0-255,1484,98958,18,143536
9724,0.000873,172.217.194.0-255,5738,104696,18,143536
9725,0.000876,172.31.36.0-255,66,104762,18,143536
9726,0.00089,172.31.36.0-255,66,104828,18,143536
9727,0.000905,172.31.36.0-255,66,104894,18,143536
9728,0.000955,172.217.194.0-255,2184,107078,18,143536
9729,0.000957,172.31.36.0-255,66,107144,18,143536
9730,0.000962,172.217.194.0-255,2902,110046,18,143536
9731,0.000964,172.31.36.0-255,66,110112,18,143536
9732,0.000971,172.217.194.0-255,7156,117268,18,143536
9733,0.000978,172.31.36.0-255,66,117334,18,143536
9734,0.001034,172.217.194.0-255,1484,118818,18,143536
9735,0.001066,172.217.194.0-255,6438,125256,18,143536
9736,0.00107,172.217.194.0-255,2902,128158,18,143536
9737,0.001126,172.31.36.0-255,66,128224,18,143536
9738,0.001208,172.217.194.0-255,1484,129708,18,143536
9739,0.001213,172.217.194.0-255,2902,132610,18,143536
9740,0.001231,172.31.36.0-255,66,132676,18,143536
9741,0.001242,172.217.194.0-255,5738,138414,18,143536
9742,0.001253,172.31.36.0-255,66,138480,18,143536
9743,0.001352,172.31.36.0-255,66,138546,18,143536
9744,0.001424,172.31.36.0-255,66,138612,18,143536
9745,0.001456,172.217.194.0-255,1484,140096,18,143536
9746,0.001471,172.217.194.0-255,3032,143128,18,143536
9747,0.001485,172.217.194.0-255,105,143233,18,143536
9748,0.001488,172.31.36.0-255,66,143299,18,143536
9749,0.004377,172.31.36.0-255,66,143365,18,143536
9750,0.004414,172.31.36.0-255,105,143470,18,143536
9751,0.00698,172.217.194.0-255,66,143536,18,143536
9752,0.0,172.217.194.0-255,153,153,18,242315
9753,3.3e-05,172.217.194.0-255,1484,1637,18,242315
9754,4e-05,172.31.36.0-255,66,1703,18,242315
9755,4.8e-05,172.217.194.0-255,2902,4605,18,242315
9756,5.1e-05,172.31.36.0-255,66,4671,18,242315
9757,5.7e-05,172.217.194.0-255,5738,10409,18,242315
9758,6e-05,172.31.36.0-255,66,10475,18,242315
9759,8e-05,172.217.194.0-255,1484,11959,18,242315
9760,9.8e-05,172.217.194.0-255,2029,13988,18,242315
9761,0.000101,172.31.36.0-255,66,14054,18,242315
9762,0.000153,172.217.194.0-255,1484,15538,18,242315
9763,0.00016,172.217.194.0-255,2902,18440,18,242315
9764,0.000163,172.31.36.0-255,66,18506,18,242315
9765,0.000187,172.217.194.0-255,5738,24244,18,242315
9766,0.00019,172.31.36.0-255,66,24310,18,242315
9767,0.000197,172.217.194.0-255,6797,31107,18,242315
9768,0.0002,172.31.36.0-255,66,31173,18,242315
9769,0.000235,172.217.194.0-255,4320,35493,18,242315
9770,0.000238,172.31.36.0-255,66,35559,18,242315
9771,0.000267,172.31.36.0-255,66,35625,18,242315
9772,0.000273,172.217.194.0-255,2543,38168,18,242315
9773,0.000275,172.31.36.0-255,66,38234,18,242315
9774,0.000295,172.217.194.0-255,4320,42554,18,242315
9775,0.000297,172.31.36.0-255,66,42620,18,242315
9776,0.000317,172.217.194.0-255,1484,44104,18,242315
9777,0.000346,172.217.194.0-255,5738,49842,18,242315
9778,0.000348,172.31.36.0-255,66,49908,18,242315
9779,0.000359,172.217.194.0-255,1484,51392,18,242315
9780,0.000422,172.217.194.0-255,2902,54294,18,242315
9781,0.000426,172.31.36.0-255,66,54360,18,242315
9782,0.000439,172.217.194.0-255,1400,55760,18,242315
9783,0.00049,172.217.194.0-255,120,55880,18,242315
9784,0.000602,172.217.194.0-255,1484,57364,18,242315
9785,0.000606,172.31.36.0-255,66,57430,18,242315
9786,0.000623,172.217.194.0-255,2902,60332,18,242315
9787,0.000626,172.31.36.0-255,66,60398,18,242315
9788,0.00063,172.217.194.0-255,2902,63300,18,242315
9789,0.000634,172.31.36.0-255,66,63366,18,242315
9790,0.000644,172.217.194.0-255,2902,66268,18,242315
9791,0.000647,172.31.36.0-255,66,66334,18,242315
9792,0.000655,172.217.194.0-255,6797,73131,18,242315
9793,0.000657,172.31.36.0-255,66,73197,18,242315
9794,0.000702,172.217.194.0-255,5738,78935,18,242315
9795,0.000706,172.31.36.0-255,66,79001,18,242315
9796,0.000735,172.31.36.0-255,66,79067,18,242315
9797,0.000753,172.217.194.0-255,2543,81610,18,242315
9798,0.000757,172.31.36.0-255,66,81676,18,242315
9799,0.001616,172.217.194.0-255,1484,83160,18,242315
9800,0.001628,172.217.194.0-255,2902,86062,18,242315
9801,0.001633,172.31.36.0-255,66,86128,18,242315
9802,0.001639,172.217.194.0-255,2902,89030,18,242315
9803,0.001642,172.31.36.0-255,66,89096,18,242315
9804,0.001656,172.217.194.0-255,2902,91998,18,242315
9805,0.001658,172.31.36.0-255,66,92064,18,242315
9806,0.001674,172.217.194.0-255,7156,99220,18,242315
9807,0.001678,172.31.36.0-255,66,99286,18,242315
9808,0.001692,172.217.194.0-255,5738,105024,18,242315
9809,0.001694,172.31.36.0-255,66,105090,18,242315
9810,0.00172,172.217.194.0-255,1484,106574,18,242315
9811,0.00174,172.31.36.0-255,66,106640,18,242315
9812,0.001908,172.217.194.0-255,1484,108124,18,242315
9813,0.001914,172.217.194.0-255,2902,111026,18,242315
9814,0.001917,172.31.36.0-255,66,111092,18,242315
9815,0.001924,172.217.194.0-255,4320,115412,18,242315
9816,0.001925,172.31.36.0-255,66,115478,18,242315
9817,0.001937,172.217.194.0-255,1484,116962,18,242315
9818,0.00197,172.217.194.0-255,5738,122700,18,242315
9819,0.001972,172.31.36.0-255,66,122766,18,242315
9820,0.00199,172.217.194.0-255,1484,124250,18,242315
9821,0.002001,172.31.36.0-255,66,124316,18,242315
9822,0.002027,172.217.194.0-255,5020,129336,18,242315
9823,0.002029,172.31.36.0-255,66,129402,18,242315
9824,0.002071,172.217.194.0-255,1484,130886,18,242315
9825,0.002095,172.217.194.0-255,2902,133788,18,242315
9826,0.002097,172.31.36.0-255,66,133854,18,242315
9827,0.002118,172.217.194.0-255,5738,139592,18,242315
9828,0.00212,172.31.36.0-255,66,139658,18,242315
9829,0.002126,172.217.194.0-255,5738,145396,18,242315
9830,0.002129,172.31.36.0-255,66,145462,18,242315
9831,0.002191,172.31.36.0-255,66,145528,18,242315
9832,0.002196,172.217.194.0-255,5020,150548,18,242315
9833,0.002199,172.31.36.0-255,66,150614,18,242315
9834,0.002216,172.217.194.0-255,1484,152098,18,242315
9835,0.002231,172.217.194.0-255,2902,155000,18,242315
9836,0.002233,172.31.36.0-255,66,155066,18,242315
9837,0.002252,172.217.194.0-255,5738,160804,18,242315
9838,0.002255,172.31.36.0-255,66,160870,18,242315
9839,0.00226,172.217.194.0-255,4320,165190,18,242315
9840,0.002262,172.31.36.0-255,66,165256,18,242315
9841,0.002296,172.31.36.0-255,66,165322,18,242315
9842,0.002307,172.31.36.0-255,66,165388,18,242315
9843,0.002337,172.217.194.0-255,7156,172544,18,242315
9844,0.00234,172.31.36.0-255,66,172610,18,242315
9845,0.002361,172.217.194.0-255,2902,175512,18,242315
9846,0.002363,172.31.36.0-255,66,175578,18,242315
9847,0.00238,172.31.36.0-255,66,175644,18,242315
9848,0.002384,172.217.194.0-255,2902,178546,18,242315
9849,0.002386,172.31.36.0-255,66,178612,18,242315
9850,0.002416,172.31.36.0-255,66,178678,18,242315
9851,0.002441,172.217.194.0-255,7156,185834,18,242315
9852,0.002443,172.31.36.0-255,66,185900,18,242315
9853,0.002446,172.217.194.0-255,1484,187384,18,242315
9854,0.002466,172.217.194.0-255,7156,194540,18,242315
9855,0.002469,172.31.36.0-255,66,194606,18,242315
9856,0.002501,172.31.36.0-255,66,194672,18,242315
9857,0.002505,172.217.194.0-255,2184,196856,18,242315
9858,0.002506,172.31.36.0-255,66,196922,18,242315
9859,0.002544,172.217.194.0-255,1484,198406,18,242315
9860,0.002562,172.217.194.0-255,2902,201308,18,242315
9861,0.002564,172.31.36.0-255,66,201374,18,242315
9862,0.002569,172.217.194.0-255,4320,205694,18,242315
9863,0.002572,172.31.36.0-255,66,205760,18,242315
9864,0.002583,172.217.194.0-255,1484,207244,18,242315
9865,0.00259,172.217.194.0-255,7156,214400,18,242315
9866,0.002592,172.31.36.0-255,66,214466,18,242315
9867,0.002626,172.31.36.0-255,66,214532,18,242315
9868,0.00263,172.217.194.0-255,2184,216716,18,242315
9869,0.002632,172.31.36.0-255,66,216782,18,242315
9870,0.002682,172.217.194.0-255,5738,222520,18,242315
9871,0.002685,172.31.36.0-255,66,222586,18,242315
9872,0.002702,172.217.194.0-255,2902,225488,18,242315
9873,0.002703,172.31.36.0-255,66,225554,18,242315
9874,0.002714,172.31.36.0-255,66,225620,18,242315
9875,0.002717,172.217.194.0-255,1484,227104,18,242315
9876,0.002759,172.31.36.0-255,66,227170,18,242315
9877,0.002762,172.217.194.0-255,766,227936,18,242315
9878,0.002824,172.217.194.0-255,7156,235092,18,242315
9879,0.002826,172.31.36.0-255,66,235158,18,242315
9880,0.002836,172.31.36.0-255,66,235224,18,242315
9881,0.002839,172.217.194.0-255,1484,236708,18,242315
9882,0.002876,172.31.36.0-255,66,236774,18,242315
9883,0.002882,172.217.194.0-255,5199,241973,18,242315
9884,0.002884,172.31.36.0-255,66,242039,18,242315
9885,0.002924,172.217.194.0-255,105,242144,18,242315
9886,0.006397,172.31.36.0-255,105,242249,18,242315
9887,0.008823,172.217.194.0-255,66,242315,18,242315
9888,0.0,74.125.24.0-255,153,153,18,212238
9889,3.6e-05,172.31.36.0-255,66,219,18,212238
9890,4.3e-05,74.125.24.0-255,1484,1703,18,212238
9891,4.7e-05,172.31.36.0-255,66,1769,18,212238
9892,5.2e-05,74.125.24.0-255,2902,4671,18,212238
9893,5.4e-05,172.31.36.0-255,66,4737,18,212238
9894,7e-05,74.125.24.0-255,7156,11893,18,212238
9895,7.3e-05,172.31.36.0-255,66,11959,18,212238
9896,7.8e-05,74.125.24.0-255,2085,14044,18,212238
9897,8e-05,172.31.36.0-255,66,14110,18,212238
9898,0.000176,74.125.24.0-255,1484,15594,18,212238
9899,0.00018,172.31.36.0-255,66,15660,18,212238
9900,0.000185,74.125.24.0-255,2902,18562,18,212238
9901,0.000188,172.31.36.0-255,66,18628,18,212238
9902,0.000213,74.125.24.0-255,5738,24366,18,212238
9903,0.000217,172.31.36.0-255,66,24432,18,212238
9904,0.00023,74.125.24.0-255,6797,31229,18,212238
9905,0.000233,172.31.36.0-255,66,31295,18,212238
9906,0.000272,74.125.24.0-255,4320,35615,18,212238
9907,0.000275,172.31.36.0-255,66,35681,18,212238
9908,0.000301,74.125.24.0-255,5738,41419,18,212238
9909,0.000304,172.31.36.0-255,66,41485,18,212238
9910,0.000326,74.125.24.0-255,6797,48282,18,212238
9911,0.000329,172.31.36.0-255,66,48348,18,212238
9912,0.000367,74.125.24.0-255,5738,54086,18,212238
9913,0.00037,172.31.36.0-255,66,54152,18,212238
9914,0.000393,74.125.24.0-255,1484,55636,18,212238
9915,0.000396,172.31.36.0-255,66,55702,18,212238
9916,0.000406,172.31.36.0-255,66,55768,18,212238
9917,0.000429,74.125.24.0-255,1125,56893,18,212238
9918,0.000433,172.31.36.0-255,66,56959,18,212238
9919,0.000451,74.125.24.0-255,391,57350,18,212238
9920,0.000528,74.125.24.0-255,352,57702,18,212238
9921,0.000678,74.125.24.0-255,1484,59186,18,212238
9922,0.000682,172.31.36.0-255,66,59252,18,212238
9923,0.000686,74.125.24.0-255,2902,62154,18,212238
9924,0.000697,172.31.36.0-255,66,62220,18,212238
9925,0.000703,74.125.24.0-255,5738,67958,18,212238
9926,0.000711,172.31.36.0-255,66,68024,18,212238
9927,0.000735,74.125.24.0-255,6797,74821,18,212238
9928,0.000748,172.31.36.0-255,66,74887,18,212238
9929,0.000755,74.125.24.0-255,7156,82043,18,212238
9930,0.000757,172.31.36.0-255,66,82109,18,212238
9931,0.000789,172.31.36.0-255,66,82175,18,212238
9932,0.000812,74.125.24.0-255,1125,83300,18,212238
9933,0.000939,172.31.36.0-255,66,83366,18,212238
9934,0.001378,74.125.24.0-255,1484,84850,18,212238
9935,0.001387,74.125.24.0-255,2902,87752,18,212238
9936,0.001393,74.125.24.0-255,4320,92072,18,212238
9937,0.001408,74.125.24.0-255,1484,93556,18,212238
9938,0.001412,74.125.24.0-255,4320,97876,18,212238
9939,0.001481,74.125.24.0-255,1484,99360,18,212238
9940,0.001522,74.125.24.0-255,1484,100844,18,212238
9941,0.001536,74.125.24.0-255,1484,102328,18,212238
9942,0.001542,74.125.24.0-255,5738,108066,18,212238
9943,0.001557,74.125.24.0-255,5738,113804,18,212238
9944,0.00157,74.125.24.0-255,1484,115288,18,212238
9945,0.001587,74.125.24.0-255,1484,116772,18,212238
9946,0.001596,74.125.24.0-255,2184,118956,18,212238
9947,0.001979,74.125.24.0-255,1484,120440,18,212238
9948,0.001991,74.125.24.0-255,2902,123342,18,212238
9949,0.002019,74.125.24.0-255,5738,129080,18,212238
9950,0.002021,74.125.24.0-255,1484,130564,18,212238
9951,0.002054,74.125.24.0-255,2902,133466,18,212238
9952,0.002077,74.125.24.0-255,2184,135650,18,212238
9953,0.002246,74.125.24.0-255,1484,137134,18,212238
9954,0.002258,74.125.24.0-255,2902,140036,18,212238
9955,0.00227,74.125.24.0-255,1484,141520,18,212238
9956,0.002283,74.125.24.0-255,4320,145840,18,212238
9957,0.002304,74.125.24.0-255,1484,147324,18,212238
9958,0.002314,74.125.24.0-255,2902,150226,18,212238
9959,0.002334,74.125.24.0-255,7156,157382,18,212238
9960,0.002339,74.125.24.0-255,4320,161702,18,212238
9961,0.002353,74.125.24.0-255,5738,167440,18,212238
9962,0.002363,74.125.24.0-255,2184,169624,18,212238
9963,0.002445,74.125.24.0-255,1484,171108,18,212238
9964,0.002449,74.125.24.0-255,2902,174010,18,212238
9965,0.002463,74.125.24.0-255,1484,175494,18,212238
9966,0.002478,74.125.24.0-255,4320,179814,18,212238
9967,0.00248,74.125.24.0-255,1484,181298,18,212238
9968,0.002494,74.125.24.0-255,4320,185618,18,212238
9969,0.002516,74.125.24.0-255,7156,192774,18,212238
9970,0.002544,74.125.24.0-255,2184,194958,18,212238
9971,0.002562,74.125.24.0-255,2902,197860,18,212238
9972,0.002583,74.125.24.0-255,7156,205016,18,212238
9973,0.002613,74.125.24.0-255,7156,212172,18,212238
9974,0.008398,172.31.36.0-255,66,212238,18,212238
9975,0.0,74.125.24.0-255,66,66,18,66
9976,0.0,172.217.194.0-255,153,153,18,203715
9977,3.2e-05,172.217.194.0-255,1484,1637,18,203715
9978,3.9e-05,172.31.36.0-255,66,1703,18,203715
9979,4.5e-05,172.217.194.0-255,2902,4605,18,203715
9980,4.8e-05,172.31.36.0-255,66,4671,18,203715
9981,6.7e-05,172.217.194.0-255,4320,8991,18,203715
9982,7.1e-05,172.31.36.0-255,66,9057,18,203715
9983,9.8e-05,172.217.194.0-255,1484,10541,18,203715
9984,0.000104,172.217.194.0-255,3453,13994,18,203715
9985,0.000107,172.31.36.0-255,66,14060,18,203715
9986,0.00011,172.217.194.0-255,1484,15544,18,203715
9987,0.00013,172.217.194.0-255,2902,18446,18,203715
9988,0.000133,172.31.36.0-255,66,18512,18,203715
9989,0.000145,172.31.36.0-255,66,18578,18,203715
9990,0.00015,172.217.194.0-255,2543,21121,18,203715
9991,0.000152,172.31.36.0-255,66,21187,18,203715
9992,0.000188,172.31.36.0-255,66,21253,18,203715
9993,0.000215,172.217.194.0-255,1484,22737,18,203715
9994,0.000221,172.217.194.0-255,2543,25280,18,203715
9995,0.000223,172.31.36.0-255,66,25346,18,203715
9996,0.000263,172.217.194.0-255,4320,29666,18,203715
9997,0.000268,172.31.36.0-255,66,29732,18,203715
9998,0.00031,172.31.36.0-255,66,29798,18,203715
9999,0.000312,172.217.194.0-255,431,30229,18,203715
10000,0.000434,172.217.194.0-255,1484,31713,18,203715
10001,0.000437,172.31.36.0-255,66,31779,18,203715
10002,0.000441,172.217.194.0-255,1484,33263,18,203715
10003,0.000463,172.217.194.0-255,1484,34747,18,203715
10004,0.000465,172.31.36.0-255,66,34813,18,203715
10005,0.000473,172.217.194.0-255,5738,40551,18,203715
10006,0.000475,172.31.36.0-255,66,40617,18,203715
10007,0.000522,172.31.36.0-255,66,40683,18,203715
10008,0.000535,172.31.36.0-255,66,40749,18,203715
10009,0.000699,172.217.194.0-255,1484,42233,18,203715
10010,0.000712,172.217.194.0-255,2902,45135,18,203715
10011,0.000715,172.31.36.0-255,66,45201,18,203715
10012,0.000722,172.217.194.0-255,5738,50939,18,203715
10013,0.000724,172.31.36.0-255,66,51005,18,203715
10014,0.000764,172.31.36.0-255,66,51071,18,203715
10015,0.000771,172.217.194.0-255,4320,55391,18,203715
10016,0.000773,172.31.36.0-255,66,55457,18,203715
10017,0.000807,172.217.194.0-255,6438,61895,18,203715
10018,0.000812,172.31.36.0-255,66,61961,18,203715
10019,0.000825,172.31.36.0-255,66,62027,18,203715
10020,0.000831,172.217.194.0-255,4320,66347,18,203715
10021,0.000834,172.31.36.0-255,66,66413,18,203715
10022,0.000867,172.217.194.0-255,5738,72151,18,203715
10023,0.000871,172.31.36.0-255,66,72217,18,203715
10024,0.000904,172.217.194.0-255,5738,77955,18,203715
10025,0.000907,172.31.36.0-255,66,78021,18,203715
10026,0.000934,172.217.194.0-255,6438,84459,18,203715
10027,0.000938,172.31.36.0-255,66,84525,18,203715
10028,0.000967,172.217.194.0-255,1484,86009,18,203715
10029,0.000973,172.217.194.0-255,2902,88911,18,203715
10030,0.00099,172.31.36.0-255,66,88977,18,203715
10031,0.000997,172.217.194.0-255,5738,94715,18,203715
10032,0.000999,172.31.36.0-255,66,94781,18,203715
10033,0.00101,172.217.194.0-255,4320,99101,18,203715
10034,0.001012,172.31.36.0-255,66,99167,18,203715
10035,0.001063,172.31.36.0-255,66,99233,18,203715
10036,0.001092,172.217.194.0-255,1484,100717,18,203715
10037,0.001105,172.31.36.0-255,66,100783,18,203715
10038,0.001312,172.217.194.0-255,1484,102267,18,203715
10039,0.001316,172.217.194.0-255,1484,103751,18,203715
10040,0.001319,172.31.36.0-255,66,103817,18,203715
10041,0.001342,172.217.194.0-255,1484,105301,18,203715
10042,0.001349,172.217.194.0-255,5738,111039,18,203715
10043,0.001352,172.31.36.0-255,66,111105,18,203715
10044,0.001378,172.217.194.0-255,5738,116843,18,203715
10045,0.001381,172.31.36.0-255,66,116909,18,203715
10046,0.001403,172.217.194.0-255,5738,122647,18,203715
10047,0.001407,172.31.36.0-255,66,122713,18,203715
10048,0.001412,172.217.194.0-255,4320,127033,18,203715
10049,0.001414,172.31.36.0-255,66,127099,18,203715
10050,0.001453,172.31.36.0-255,66,127165,18,203715
10051,0.001461,172.217.194.0-255,7156,134321,18,203715
10052,0.001464,172.31.36.0-255,66,134387,18,203715
10053,0.001502,172.217.194.0-255,5738,140125,18,203715
10054,0.001506,172.31.36.0-255,66,140191,18,203715
10055,0.001527,172.31.36.0-255,66,140257,18,203715
10056,0.001533,172.217.194.0-255,6438,146695,18,203715
10057,0.001538,172.31.36.0-255,66,146761,18,203715
10058,0.001597,172.217.194.0-255,1484,148245,18,203715
10059,0.001603,172.217.194.0-255,2902,151147,18,203715
10060,0.001607,172.31.36.0-255,66,151213,18,203715
10061,0.001614,172.217.194.0-255,5738,156951,18,203715
10062,0.001617,172.31.36.0-255,66,157017,18,203715
10063,0.001635,172.217.194.0-255,5738,162755,18,203715
10064,0.001638,172.31.36.0-255,66,162821,18,203715
10065,0.001665,172.217.194.0-255,7156,169977,18,203715
10066,0.001668,172.31.36.0-255,66,170043,18,203715
10067,0.001679,172.31.36.0-255,66,170109,18,203715
10068,0.001707,172.217.194.0-255,2184,172293,18,203715
10069,0.001711,172.31.36.0-255,66,172359,18,203715
10070,0.001723,172.31.36.0-255,66,172425,18,203715
10071,0.001738,172.31.36.0-255,66,172491,18,203715
10072,0.00177,172.217.194.0-255,6438,178929,18,203715
10073,0.001773,172.31.36.0-255,66,178995,18,203715
10074,0.001831,172.217.194.0-255,1484,180479,18,203715
10075,0.001836,172.217.194.0-255,2902,183381,18,203715
10076,0.001839,172.31.36.0-255,66,183447,18,203715
10077,0.001863,172.217.194.0-255,5738,189185,18,203715
10078,0.001867,172.31.36.0-255,66,189251,18,203715
10079,0.001872,172.217.194.0-255,4320,193571,18,203715
10080,0.001875,172.31.36.0-255,66,193637,18,203715
10081,0.001879,172.217.194.0-255,1484,195121,18,203715
10082,0.001918,172.31.36.0-255,66,195187,18,203715
10083,0.001922,172.217.194.0-255,1484,196671,18,203715
10084,0.001957,172.217.194.0-255,6438,203109,18,203715
10085,0.001961,172.31.36.0-255,66,203175,18,203715
10086,0.001973,172.31.36.0-255,66,203241,18,203715
10087,0.002018,172.31.36.0-255,66,203307,18,203715
10088,0.002052,172.31.36.0-255,66,203373,18,203715
10089,0.002065,172.31.36.0-255,66,203439,18,203715
10090,0.002067,172.217.194.0-255,105,203544,18,203715
10091,0.003526,172.31.36.0-255,105,203649,18,203715
10092,0.005746,172.217.194.0-255,66,203715,18,203715
