,TIME,SRC,PACKET_SIZE,CUMULATIVE_PACKET_SIZE,PAGE_NUMBER,TOTAL_PACKET_SIZE
0,0.0,74.125.24.0-255,152,152,42,217498
1,2.5e-05,172.31.46.0-255,66,218,42,217498
2,3.2e-05,74.125.24.0-255,1484,1702,42,217498
3,3.7e-05,172.31.46.0-255,66,1768,42,217498
4,4.3e-05,74.125.24.0-255,2902,4670,42,217498
5,5.3e-05,172.31.46.0-255,66,4736,42,217498
6,6.1e-05,74.125.24.0-255,7156,11892,42,217498
7,6.4e-05,172.31.46.0-255,66,11958,42,217498
8,6.8e-05,74.125.24.0-255,2160,14118,42,217498
9,7.2e-05,172.31.46.0-255,66,14184,42,217498
10,0.000437,74.125.24.0-255,1484,15668,42,217498
11,0.00046,172.31.46.0-255,66,15734,42,217498
12,0.000467,74.125.24.0-255,2902,18636,42,217498
13,0.000471,172.31.46.0-255,66,18702,42,217498
14,0.000482,74.125.24.0-255,5738,24440,42,217498
15,0.000485,172.31.46.0-255,66,24506,42,217498
16,0.000492,74.125.24.0-255,6797,31303,42,217498
17,0.000494,172.31.46.0-255,66,31369,42,217498
18,0.000642,74.125.24.0-255,1484,32853,42,217498
19,0.000647,172.31.46.0-255,66,32919,42,217498
20,0.000653,74.125.24.0-255,2902,35821,42,217498
21,0.000655,172.31.46.0-255,66,35887,42,217498
22,0.000696,74.125.24.0-255,5738,41625,42,217498
23,0.000699,172.31.46.0-255,66,41691,42,217498
24,0.000704,74.125.24.0-255,2902,44593,42,217498
25,0.000706,172.31.46.0-255,66,44659,42,217498
26,0.000726,74.125.24.0-255,2902,47561,42,217498
27,0.000733,172.31.46.0-255,66,47627,42,217498
28,0.000746,74.125.24.0-255,2902,50529,42,217498
29,0.000748,172.31.46.0-255,66,50595,42,217498
30,0.000787,172.31.46.0-255,66,50661,42,217498
31,0.000815,74.125.24.0-255,5677,56338,42,217498
32,0.000818,172.31.46.0-255,66,56404,42,217498
33,0.000907,74.125.24.0-255,1484,57888,42,217498
34,0.000927,74.125.24.0-255,2902,60790,42,217498
35,0.00093,172.31.46.0-255,66,60856,42,217498
36,0.000934,74.125.24.0-255,1484,62340,42,217498
37,0.000955,74.125.24.0-255,4320,66660,42,217498
38,0.000958,172.31.46.0-255,66,66726,42,217498
39,0.000963,74.125.24.0-255,4320,71046,42,217498
40,0.000966,172.31.46.0-255,66,71112,42,217498
41,0.000993,74.125.24.0-255,4320,75432,42,217498
42,0.000995,172.31.46.0-255,66,75498,42,217498
43,0.001033,172.31.46.0-255,66,75564,42,217498
44,0.00104,74.125.24.0-255,6530,82094,42,217498
45,0.001042,172.31.46.0-255,66,82160,42,217498
46,0.001045,74.125.24.0-255,645,82805,42,217498
47,0.001448,74.125.24.0-255,1484,84289,42,217498
48,0.001455,172.31.46.0-255,66,84355,42,217498
49,0.001462,74.125.24.0-255,2902,87257,42,217498
50,0.001464,172.31.46.0-255,66,87323,42,217498
51,0.00147,74.125.24.0-255,4320,91643,42,217498
52,0.001478,172.31.46.0-255,66,91709,42,217498
53,0.001508,74.125.24.0-255,1484,93193,42,217498
54,0.001516,74.125.24.0-255,5738,98931,42,217498
55,0.001518,172.31.46.0-255,66,98997,42,217498
56,0.001532,172.31.46.0-255,66,99063,42,217498
57,0.001562,74.125.24.0-255,2902,101965,42,217498
58,0.001564,172.31.46.0-255,66,102031,42,217498
59,0.001571,74.125.24.0-255,5020,107051,42,217498
60,0.001573,172.31.46.0-255,66,107117,42,217498
61,0.001898,74.125.24.0-255,1484,108601,42,217498
62,0.001909,74.125.24.0-255,2902,111503,42,217498
63,0.001914,172.31.46.0-255,66,111569,42,217498
64,0.001922,74.125.24.0-255,5738,117307,42,217498
65,0.001924,172.31.46.0-255,66,117373,42,217498
66,0.001928,74.125.24.0-255,2902,120275,42,217498
67,0.001936,172.31.46.0-255,66,120341,42,217498
68,0.002007,172.31.46.0-255,66,120407,42,217498
69,0.002019,172.31.46.0-255,66,120473,42,217498
70,0.004344,74.125.24.0-255,5738,126211,42,217498
71,0.004356,172.31.46.0-255,66,126277,42,217498
72,0.006677,74.125.24.0-255,5738,132015,42,217498
73,0.006683,172.31.46.0-255,66,132081,42,217498
74,0.009021,74.125.24.0-255,5738,137819,42,217498
75,0.009029,172.31.46.0-255,66,137885,42,217498
76,0.011353,74.125.24.0-255,5738,143623,42,217498
77,0.011365,172.31.46.0-255,66,143689,42,217498
78,0.013701,74.125.24.0-255,5738,149427,42,217498
79,0.013715,172.31.46.0-255,66,149493,42,217498
80,0.016048,74.125.24.0-255,5738,155231,42,217498
81,0.01606,172.31.46.0-255,66,155297,42,217498
82,0.018375,74.125.24.0-255,5738,161035,42,217498
83,0.018384,172.31.46.0-255,66,161101,42,217498
84,0.020732,74.125.24.0-255,5738,166839,42,217498
85,0.020743,172.31.46.0-255,66,166905,42,217498
86,0.023086,74.125.24.0-255,5738,172643,42,217498
87,0.023105,172.31.46.0-255,66,172709,42,217498
88,0.025478,74.125.24.0-255,5738,178447,42,217498
89,0.025494,172.31.46.0-255,66,178513,42,217498
90,0.027841,74.125.24.0-255,1484,179997,42,217498
91,0.027878,74.125.24.0-255,4320,184317,42,217498
92,0.027887,172.31.46.0-255,66,184383,42,217498
93,0.030227,74.125.24.0-255,5738,190121,42,217498
94,0.030237,172.31.46.0-255,66,190187,42,217498
95,0.032577,74.125.24.0-255,5738,195925,42,217498
96,0.032591,172.31.46.0-255,66,195991,42,217498
97,0.035119,74.125.24.0-255,5738,201729,42,217498
98,0.035137,172.31.46.0-255,66,201795,42,217498
99,0.037481,74.125.24.0-255,5738,207533,42,217498
100,0.037492,172.31.46.0-255,66,207599,42,217498
101,0.038904,172.31.46.0-255,172,207771,42,217498
102,0.03894,172.31.46.0-255,1111,208882,42,217498
103,0.039012,172.31.46.0-255,1514,210396,42,217498
104,0.039013,172.31.46.0-255,1298,211694,42,217498
105,0.039839,74.125.24.0-255,5738,217432,42,217498
106,0.039851,172.31.46.0-255,66,217498,42,217498
107,0.0,216.58.221.0-255,153,153,42,235209
108,1.6e-05,216.58.221.0-255,1484,1637,42,235209
109,2.5e-05,172.31.46.0-255,66,1703,42,235209
110,3.4e-05,216.58.221.0-255,2902,4605,42,235209
111,5.5e-05,172.31.46.0-255,66,4671,42,235209
112,6.3e-05,216.58.221.0-255,7156,11827,42,235209
113,6.8e-05,172.31.46.0-255,66,11893,42,235209
114,7.2e-05,216.58.221.0-255,2053,13946,42,235209
115,7.5e-05,172.31.46.0-255,66,14012,42,235209
116,8e-05,216.58.221.0-255,2902,16914,42,235209
117,8.3e-05,172.31.46.0-255,66,16980,42,235209
118,8.9e-05,216.58.221.0-255,2902,19882,42,235209
119,9.1e-05,172.31.46.0-255,66,19948,42,235209
120,0.000123,216.58.221.0-255,4320,24268,42,235209
121,0.000127,172.31.46.0-255,66,24334,42,235209
122,0.000134,216.58.221.0-255,5738,30072,42,235209
123,0.000136,172.31.46.0-255,66,30138,42,235209
124,0.00014,216.58.221.0-255,1125,31263,42,235209
125,0.000479,216.58.221.0-255,1484,32747,42,235209
126,0.000486,172.31.46.0-255,66,32813,42,235209
127,0.000493,216.58.221.0-255,2902,35715,42,235209
128,0.000496,172.31.46.0-255,66,35781,42,235209
129,0.000504,216.58.221.0-255,1484,37265,42,235209
130,0.000507,216.58.221.0-255,1484,38749,42,235209
131,0.00051,172.31.46.0-255,66,38815,42,235209
132,0.000514,216.58.221.0-255,2902,41717,42,235209
133,0.000517,172.31.46.0-255,66,41783,42,235209
134,0.000539,216.58.221.0-255,1484,43267,42,235209
135,0.000559,216.58.221.0-255,2902,46169,42,235209
136,0.000563,172.31.46.0-255,66,46235,42,235209
137,0.000568,216.58.221.0-255,2902,49137,42,235209
138,0.00057,172.31.46.0-255,66,49203,42,235209
139,0.00059,216.58.221.0-255,1125,50328,42,235209
140,0.000596,216.58.221.0-255,4320,54648,42,235209
141,0.000598,172.31.46.0-255,66,54714,42,235209
142,0.000601,216.58.221.0-255,1484,56198,42,235209
143,0.000604,216.58.221.0-255,1484,57682,42,235209
144,0.000606,172.31.46.0-255,66,57748,42,235209
145,0.000611,216.58.221.0-255,2902,60650,42,235209
146,0.000613,172.31.46.0-255,66,60716,42,235209
147,0.000616,216.58.221.0-255,1484,62200,42,235209
148,0.000653,216.58.221.0-255,2902,65102,42,235209
149,0.000656,172.31.46.0-255,66,65168,42,235209
150,0.000659,216.58.221.0-255,1125,66293,42,235209
151,0.000765,216.58.221.0-255,390,66683,42,235209
152,0.001261,172.31.46.0-255,66,66749,42,235209
153,0.002138,216.58.221.0-255,118,66867,42,235209
154,0.002169,216.58.221.0-255,1484,68351,42,235209
155,0.002174,172.31.46.0-255,66,68417,42,235209
156,0.002178,216.58.221.0-255,1484,69901,42,235209
157,0.002205,216.58.221.0-255,2902,72803,42,235209
158,0.002208,172.31.46.0-255,66,72869,42,235209
159,0.002214,216.58.221.0-255,4320,77189,42,235209
160,0.002216,172.31.46.0-255,66,77255,42,235209
161,0.002234,216.58.221.0-255,1484,78739,42,235209
162,0.002244,216.58.221.0-255,2902,81641,42,235209
163,0.002246,172.31.46.0-255,66,81707,42,235209
164,0.00225,216.58.221.0-255,2902,84609,42,235209
165,0.002252,172.31.46.0-255,66,84675,42,235209
166,0.002258,216.58.221.0-255,4320,88995,42,235209
167,0.002261,172.31.46.0-255,66,89061,42,235209
168,0.002269,216.58.221.0-255,5738,94799,42,235209
169,0.002271,172.31.46.0-255,66,94865,42,235209
170,0.002274,216.58.221.0-255,1484,96349,42,235209
171,0.00228,216.58.221.0-255,4320,100669,42,235209
172,0.002282,172.31.46.0-255,66,100735,42,235209
173,0.002293,216.58.221.0-255,766,101501,42,235209
174,0.003325,216.58.221.0-255,1484,102985,42,235209
175,0.00333,216.58.221.0-255,1484,104469,42,235209
176,0.003336,172.31.46.0-255,66,104535,42,235209
177,0.003347,216.58.221.0-255,1484,106019,42,235209
178,0.003348,172.31.46.0-255,66,106085,42,235209
179,0.003357,216.58.221.0-255,4320,110405,42,235209
180,0.00336,172.31.46.0-255,66,110471,42,235209
181,0.003364,216.58.221.0-255,2902,113373,42,235209
182,0.003366,172.31.46.0-255,66,113439,42,235209
183,0.003395,216.58.221.0-255,2902,116341,42,235209
184,0.003403,172.31.46.0-255,66,116407,42,235209
185,0.003416,216.58.221.0-255,5738,122145,42,235209
186,0.003418,172.31.46.0-255,66,122211,42,235209
187,0.003451,216.58.221.0-255,5738,127949,42,235209
188,0.003453,172.31.46.0-255,66,128015,42,235209
189,0.003457,216.58.221.0-255,2902,130917,42,235209
190,0.003459,172.31.46.0-255,66,130983,42,235209
191,0.00348,216.58.221.0-255,5020,136003,42,235209
192,0.003485,172.31.46.0-255,66,136069,42,235209
193,0.003859,216.58.221.0-255,1484,137553,42,235209
194,0.003864,216.58.221.0-255,2902,140455,42,235209
195,0.003867,172.31.46.0-255,66,140521,42,235209
196,0.003871,216.58.221.0-255,1484,142005,42,235209
197,0.003896,216.58.221.0-255,4320,146325,42,235209
198,0.003898,172.31.46.0-255,66,146391,42,235209
199,0.003906,216.58.221.0-255,7156,153547,42,235209
200,0.003907,172.31.46.0-255,66,153613,42,235209
201,0.003937,216.58.221.0-255,5738,159351,42,235209
202,0.00394,172.31.46.0-255,66,159417,42,235209
203,0.003942,216.58.221.0-255,1484,160901,42,235209
204,0.003946,216.58.221.0-255,2902,163803,42,235209
205,0.003948,172.31.46.0-255,66,163869,42,235209
206,0.003953,216.58.221.0-255,5738,169607,42,235209
207,0.003955,172.31.46.0-255,66,169673,42,235209
208,0.003957,216.58.221.0-255,1484,171157,42,235209
209,0.003999,172.31.46.0-255,66,171223,42,235209
210,0.004005,216.58.221.0-255,5738,176961,42,235209
211,0.004007,172.31.46.0-255,66,177027,42,235209
212,0.00404,172.31.46.0-255,66,177093,42,235209
213,0.004046,216.58.221.0-255,6438,183531,42,235209
214,0.004048,172.31.46.0-255,66,183597,42,235209
215,0.004556,216.58.221.0-255,1484,185081,42,235209
216,0.004574,216.58.221.0-255,2902,187983,42,235209
217,0.004577,172.31.46.0-255,66,188049,42,235209
218,0.004583,216.58.221.0-255,5738,193787,42,235209
219,0.004585,172.31.46.0-255,66,193853,42,235209
220,0.00464,172.31.46.0-255,66,193919,42,235209
221,0.00465,172.31.46.0-255,66,193985,42,235209
222,0.004659,216.58.221.0-255,5020,199005,42,235209
223,0.004661,172.31.46.0-255,66,199071,42,235209
224,0.005437,216.58.221.0-255,1484,200555,42,235209
225,0.005446,216.58.221.0-255,2902,203457,42,235209
226,0.00545,172.31.46.0-255,66,203523,42,235209
227,0.005458,216.58.221.0-255,5738,209261,42,235209
228,0.00546,172.31.46.0-255,66,209327,42,235209
229,0.005463,216.58.221.0-255,1484,210811,42,235209
230,0.005511,172.31.46.0-255,66,210877,42,235209
231,0.005516,216.58.221.0-255,4320,215197,42,235209
232,0.005519,172.31.46.0-255,66,215263,42,235209
233,0.005559,172.31.46.0-255,66,215329,42,235209
234,0.005572,172.31.46.0-255,66,215395,42,235209
235,0.005577,216.58.221.0-255,2902,218297,42,235209
236,0.005579,172.31.46.0-255,66,218363,42,235209
237,0.005618,172.31.46.0-255,66,218429,42,235209
238,0.005626,216.58.221.0-255,7156,225585,42,235209
239,0.005628,172.31.46.0-255,66,225651,42,235209
240,0.005659,216.58.221.0-255,2184,227835,42,235209
241,0.005661,172.31.46.0-255,66,227901,42,235209
242,0.005675,172.31.46.0-255,66,227967,42,235209
243,0.005692,172.31.46.0-255,66,228033,42,235209
244,0.005718,216.58.221.0-255,2902,230935,42,235209
245,0.00572,172.31.46.0-255,66,231001,42,235209
246,0.005744,172.31.46.0-255,66,231067,42,235209
247,0.005778,216.58.221.0-255,3602,234669,42,235209
248,0.005781,172.31.46.0-255,66,234735,42,235209
249,0.005795,172.31.46.0-255,66,234801,42,235209
250,0.005814,172.31.46.0-255,66,234867,42,235209
251,0.00586,172.31.46.0-255,66,234933,42,235209
252,0.005902,216.58.221.0-255,105,235038,42,235209
253,0.007428,172.31.46.0-255,105,235143,42,235209
254,0.009399,216.58.221.0-255,66,235209,42,235209
255,0.0,74.125.24.0-255,153,153,42,301805
256,1.2e-05,172.31.46.0-255,66,219,42,301805
257,1.8e-05,74.125.24.0-255,1484,1703,42,301805
258,2.2e-05,172.31.46.0-255,66,1769,42,301805
259,4.4e-05,74.125.24.0-255,2902,4671,42,301805
260,4.7e-05,172.31.46.0-255,66,4737,42,301805
261,5.5e-05,74.125.24.0-255,7156,11893,42,301805
262,5.8e-05,172.31.46.0-255,66,11959,42,301805
263,8.4e-05,74.125.24.0-255,4320,16279,42,301805
264,8.6e-05,172.31.46.0-255,66,16345,42,301805
265,0.000124,172.31.46.0-255,66,16411,42,301805
266,0.000128,74.125.24.0-255,2543,18954,42,301805
267,0.00013,172.31.46.0-255,66,19020,42,301805
268,0.000189,74.125.24.0-255,1484,20504,42,301805
269,0.000192,172.31.46.0-255,66,20570,42,301805
270,0.000197,74.125.24.0-255,2902,23472,42,301805
271,0.000199,172.31.46.0-255,66,23538,42,301805
272,0.000222,74.125.24.0-255,5738,29276,42,301805
273,0.000225,172.31.46.0-255,66,29342,42,301805
274,0.000256,74.125.24.0-255,6797,36139,42,301805
275,0.000259,172.31.46.0-255,66,36205,42,301805
276,0.000265,74.125.24.0-255,5738,41943,42,301805
277,0.000267,172.31.46.0-255,66,42009,42,301805
278,0.000287,74.125.24.0-255,1484,43493,42,301805
279,0.000289,172.31.46.0-255,66,43559,42,301805
280,0.000315,74.125.24.0-255,2902,46461,42,301805
281,0.000318,172.31.46.0-255,66,46527,42,301805
282,0.00035,74.125.24.0-255,7111,53638,42,301805
283,0.000352,172.31.46.0-255,66,53704,42,301805
284,0.000536,74.125.24.0-255,108,53812,42,301805
285,0.000542,172.31.46.0-255,66,53878,42,301805
286,0.000728,74.125.24.0-255,1484,55362,42,301805
287,0.000734,74.125.24.0-255,1484,56846,42,301805
288,0.000737,172.31.46.0-255,66,56912,42,301805
289,0.000748,74.125.24.0-255,1484,58396,42,301805
290,0.000752,74.125.24.0-255,2902,61298,42,301805
291,0.000759,172.31.46.0-255,66,61364,42,301805
292,0.000783,74.125.24.0-255,2902,64266,42,301805
293,0.000786,172.31.46.0-255,66,64332,42,301805
294,0.000812,74.125.24.0-255,7156,71488,42,301805
295,0.000815,172.31.46.0-255,66,71554,42,301805
296,0.000836,74.125.24.0-255,6797,78351,42,301805
297,0.000839,172.31.46.0-255,66,78417,42,301805
298,0.000842,74.125.24.0-255,1484,79901,42,301805
299,0.000869,74.125.24.0-255,5738,85639,42,301805
300,0.000872,172.31.46.0-255,66,85705,42,301805
301,0.000897,74.125.24.0-255,2543,88248,42,301805
302,0.0009,172.31.46.0-255,66,88314,42,301805
303,0.001429,74.125.24.0-255,1484,89798,42,301805
304,0.001435,74.125.24.0-255,2902,92700,42,301805
305,0.001441,172.31.46.0-255,66,92766,42,301805
306,0.001461,74.125.24.0-255,5738,98504,42,301805
307,0.001464,172.31.46.0-255,66,98570,42,301805
308,0.001468,74.125.24.0-255,2902,101472,42,301805
309,0.00147,172.31.46.0-255,66,101538,42,301805
310,0.001501,74.125.24.0-255,2902,104440,42,301805
311,0.001504,172.31.46.0-255,66,104506,42,301805
312,0.001511,74.125.24.0-255,5738,110244,42,301805
313,0.001512,172.31.46.0-255,66,110310,42,301805
314,0.001548,74.125.24.0-255,7156,117466,42,301805
315,0.001551,172.31.46.0-255,66,117532,42,301805
316,0.001557,74.125.24.0-255,5020,122552,42,301805
317,0.001559,172.31.46.0-255,66,122618,42,301805
318,0.001573,172.31.46.0-255,66,122684,42,301805
319,0.001616,172.31.46.0-255,66,122750,42,301805
320,0.001629,172.31.46.0-255,66,122816,42,301805
321,0.001633,74.125.24.0-255,2184,125000,42,301805
322,0.001636,172.31.46.0-255,66,125066,42,301805
323,0.001889,74.125.24.0-255,1484,126550,42,301805
324,0.001895,74.125.24.0-255,2902,129452,42,301805
325,0.001899,172.31.46.0-255,66,129518,42,301805
326,0.001931,74.125.24.0-255,5738,135256,42,301805
327,0.001933,172.31.46.0-255,66,135322,42,301805
328,0.001967,74.125.24.0-255,2902,138224,42,301805
329,0.001969,172.31.46.0-255,66,138290,42,301805
330,0.001993,74.125.24.0-255,4320,142610,42,301805
331,0.001996,172.31.46.0-255,66,142676,42,301805
332,0.002004,74.125.24.0-255,7156,149832,42,301805
333,0.002006,172.31.46.0-255,66,149898,42,301805
334,0.002032,74.125.24.0-255,4320,154218,42,301805
335,0.002035,172.31.46.0-255,66,154284,42,301805
336,0.002041,74.125.24.0-255,5020,159304,42,301805
337,0.002043,172.31.46.0-255,66,159370,42,301805
338,0.002123,74.125.24.0-255,1484,160854,42,301805
339,0.002128,74.125.24.0-255,2902,163756,42,301805
340,0.002131,172.31.46.0-255,66,163822,42,301805
341,0.002142,74.125.24.0-255,1484,165306,42,301805
342,0.00216,74.125.24.0-255,4320,169626,42,301805
343,0.002162,172.31.46.0-255,66,169692,42,301805
344,0.002185,74.125.24.0-255,4320,174012,42,301805
345,0.002188,172.31.46.0-255,66,174078,42,301805
346,0.002197,74.125.24.0-255,1484,175562,42,301805
347,0.002219,74.125.24.0-255,7156,182718,42,301805
348,0.002221,172.31.46.0-255,66,182784,42,301805
349,0.002226,74.125.24.0-255,2902,185686,42,301805
350,0.002228,172.31.46.0-255,66,185752,42,301805
351,0.00225,74.125.24.0-255,2902,188654,42,301805
352,0.002252,172.31.46.0-255,66,188720,42,301805
353,0.002258,74.125.24.0-255,1484,190204,42,301805
354,0.002283,74.125.24.0-255,3602,193806,42,301805
355,0.002286,172.31.46.0-255,66,193872,42,301805
356,0.002379,74.125.24.0-255,1484,195356,42,301805
357,0.002384,74.125.24.0-255,2902,198258,42,301805
358,0.002386,172.31.46.0-255,66,198324,42,301805
359,0.002389,74.125.24.0-255,1484,199808,42,301805
360,0.002414,74.125.24.0-255,4320,204128,42,301805
361,0.002416,172.31.46.0-255,66,204194,42,301805
362,0.002419,74.125.24.0-255,1484,205678,42,301805
363,0.002472,172.31.46.0-255,66,205744,42,301805
364,0.002484,172.31.46.0-255,66,205810,42,301805
365,0.002608,74.125.24.0-255,1484,207294,42,301805
366,0.002614,74.125.24.0-255,2902,210196,42,301805
367,0.002617,172.31.46.0-255,66,210262,42,301805
368,0.002621,74.125.24.0-255,1484,211746,42,301805
369,0.002644,74.125.24.0-255,4320,216066,42,301805
370,0.002647,172.31.46.0-255,66,216132,42,301805
371,0.002677,74.125.24.0-255,7156,223288,42,301805
372,0.00268,172.31.46.0-255,66,223354,42,301805
373,0.002683,74.125.24.0-255,1484,224838,42,301805
374,0.005364,74.125.24.0-255,4320,229158,42,301805
375,0.005373,172.31.46.0-255,66,229224,42,301805
376,0.008022,74.125.24.0-255,4320,233544,42,301805
377,0.008028,172.31.46.0-255,66,233610,42,301805
378,0.008052,74.125.24.0-255,1484,235094,42,301805
379,0.010683,74.125.24.0-255,4320,239414,42,301805
380,0.01069,172.31.46.0-255,66,239480,42,301805
381,0.013346,74.125.24.0-255,5738,245218,42,301805
382,0.013354,172.31.46.0-255,66,245284,42,301805
383,0.015987,74.125.24.0-255,5738,251022,42,301805
384,0.015997,172.31.46.0-255,66,251088,42,301805
385,0.018663,74.125.24.0-255,5738,256826,42,301805
386,0.018673,172.31.46.0-255,66,256892,42,301805
387,0.02131,74.125.24.0-255,5738,262630,42,301805
388,0.021318,172.31.46.0-255,66,262696,42,301805
389,0.023962,74.125.24.0-255,5738,268434,42,301805
390,0.02397,172.31.46.0-255,66,268500,42,301805
391,0.026627,172.31.46.0-255,164,268664,42,301805
392,0.026638,74.125.24.0-255,5738,274402,42,301805
393,0.026643,172.31.46.0-255,66,274468,42,301805
394,0.026688,172.31.46.0-255,1121,275589,42,301805
395,0.026815,172.31.46.0-255,1514,277103,42,301805
396,0.026817,172.31.46.0-255,1288,278391,42,301805
397,0.028192,104.244.42.0-255,66,278457,42,301805
398,0.028268,104.244.42.0-255,66,278523,42,301805
399,0.028362,104.244.42.0-255,66,278589,42,301805
400,0.029322,74.125.24.0-255,5738,284327,42,301805
401,0.029328,172.31.46.0-255,66,284393,42,301805
402,0.031994,74.125.24.0-255,5738,290131,42,301805
403,0.032003,172.31.46.0-255,66,290197,42,301805
404,0.034649,74.125.24.0-255,5738,295935,42,301805
405,0.034657,172.31.46.0-255,66,296001,42,301805
406,0.037361,74.125.24.0-255,5738,301739,42,301805
407,0.037366,172.31.46.0-255,66,301805,42,301805
408,0.0,172.253.118.0-255,291,291,42,190857
409,2.3e-05,172.31.46.0-255,66,357,42,190857
410,3e-05,172.253.118.0-255,1484,1841,42,190857
411,3.4e-05,172.31.46.0-255,66,1907,42,190857
412,4.8e-05,172.253.118.0-255,4320,6227,42,190857
413,5.1e-05,172.31.46.0-255,66,6293,42,190857
414,5.6e-05,172.253.118.0-255,2902,9195,42,190857
415,6.7e-05,172.31.46.0-255,66,9261,42,190857
416,9.3e-05,172.253.118.0-255,4623,13884,42,190857
417,9.6e-05,172.31.46.0-255,66,13950,42,190857
418,0.000221,172.253.118.0-255,1484,15434,42,190857
419,0.000225,172.31.46.0-255,66,15500,42,190857
420,0.000252,172.253.118.0-255,2902,18402,42,190857
421,0.000255,172.31.46.0-255,66,18468,42,190857
422,0.000261,172.253.118.0-255,4320,22788,42,190857
423,0.000263,172.31.46.0-255,66,22854,42,190857
424,0.000302,172.253.118.0-255,1484,24338,42,190857
425,0.000305,172.31.46.0-255,66,24404,42,190857
426,0.000329,172.253.118.0-255,6797,31201,42,190857
427,0.000332,172.31.46.0-255,66,31267,42,190857
428,0.000398,172.253.118.0-255,1484,32751,42,190857
429,0.000401,172.31.46.0-255,66,32817,42,190857
430,0.000406,172.253.118.0-255,2902,35719,42,190857
431,0.000409,172.31.46.0-255,66,35785,42,190857
432,0.000439,172.253.118.0-255,5738,41523,42,190857
433,0.000442,172.31.46.0-255,66,41589,42,190857
434,0.000472,172.253.118.0-255,1484,43073,42,190857
435,0.000474,172.31.46.0-255,66,43139,42,190857
436,0.000504,172.253.118.0-255,5379,48518,42,190857
437,0.000506,172.31.46.0-255,66,48584,42,190857
438,0.001301,172.253.118.0-255,1484,50068,42,190857
439,0.001308,172.31.46.0-255,66,50134,42,190857
440,0.001318,172.253.118.0-255,2902,53036,42,190857
441,0.001325,172.31.46.0-255,66,53102,42,190857
442,0.00133,172.253.118.0-255,1484,54586,42,190857
443,0.001357,172.253.118.0-255,4320,58906,42,190857
444,0.00136,172.31.46.0-255,66,58972,42,190857
445,0.001406,172.253.118.0-255,6797,65769,42,190857
446,0.00141,172.31.46.0-255,66,65835,42,190857
447,0.001524,172.253.118.0-255,1484,67319,42,190857
448,0.001531,172.253.118.0-255,2902,70221,42,190857
449,0.001534,172.31.46.0-255,66,70287,42,190857
450,0.001554,172.253.118.0-255,5738,76025,42,190857
451,0.001556,172.31.46.0-255,66,76091,42,190857
452,0.001591,172.31.46.0-255,66,76157,42,190857
453,0.001595,172.253.118.0-255,2902,79059,42,190857
454,0.001598,172.31.46.0-255,66,79125,42,190857
455,0.001637,172.253.118.0-255,5738,84863,42,190857
456,0.00164,172.31.46.0-255,66,84929,42,190857
457,0.001651,172.31.46.0-255,66,84995,42,190857
458,0.002429,172.253.118.0-255,1484,86479,42,190857
459,0.002438,172.253.118.0-255,2902,89381,42,190857
460,0.002444,172.31.46.0-255,66,89447,42,190857
461,0.002453,172.253.118.0-255,5738,95185,42,190857
462,0.002455,172.31.46.0-255,66,95251,42,190857
463,0.002487,172.31.46.0-255,66,95317,42,190857
464,0.002509,172.253.118.0-255,1484,96801,42,190857
465,0.002517,172.253.118.0-255,7156,103957,42,190857
466,0.00252,172.31.46.0-255,66,104023,42,190857
467,0.002545,172.253.118.0-255,3602,107625,42,190857
468,0.002548,172.31.46.0-255,66,107691,42,190857
469,0.005056,172.253.118.0-255,1484,109175,42,190857
470,0.005111,172.253.118.0-255,2902,112077,42,190857
471,0.005117,172.31.46.0-255,66,112143,42,190857
472,0.005142,172.253.118.0-255,1484,113627,42,190857
473,0.007665,172.253.118.0-255,4320,117947,42,190857
474,0.007669,172.31.46.0-255,66,118013,42,190857
475,0.010281,172.253.118.0-255,5738,123751,42,190857
476,0.010294,172.31.46.0-255,66,123817,42,190857
477,0.012876,172.253.118.0-255,5738,129555,42,190857
478,0.012896,172.31.46.0-255,66,129621,42,190857
479,0.015478,172.253.118.0-255,5738,135359,42,190857
480,0.015495,172.31.46.0-255,66,135425,42,190857
481,0.018083,172.253.118.0-255,5738,141163,42,190857
482,0.0181,172.31.46.0-255,66,141229,42,190857
483,0.020675,172.253.118.0-255,5738,146967,42,190857
484,0.020688,172.31.46.0-255,66,147033,42,190857
485,0.023297,172.253.118.0-255,5738,152771,42,190857
486,0.023306,172.31.46.0-255,66,152837,42,190857
487,0.024284,172.31.46.0-255,172,153009,42,190857
488,0.024316,172.31.46.0-255,1111,154120,42,190857
489,0.024379,172.31.46.0-255,1514,155634,42,190857
490,0.02438,172.31.46.0-255,333,155967,42,190857
491,0.025882,172.253.118.0-255,5738,161705,42,190857
492,0.025889,172.31.46.0-255,66,161771,42,190857
493,0.025982,104.244.42.0-255,66,161837,42,190857
494,0.028474,172.253.118.0-255,5738,167575,42,190857
495,0.02848,172.31.46.0-255,66,167641,42,190857
496,0.031027,172.253.118.0-255,5738,173379,42,190857
497,0.031033,172.31.46.0-255,66,173445,42,190857
498,0.033595,172.253.118.0-255,5738,179183,42,190857
499,0.033602,172.31.46.0-255,66,179249,42,190857
500,0.036172,172.253.118.0-255,5738,184987,42,190857
501,0.036181,172.31.46.0-255,66,185053,42,190857
502,0.03874,172.253.118.0-255,5738,190791,42,190857
503,0.038746,172.31.46.0-255,66,190857,42,190857
504,0.0,172.217.194.0-255,152,152,42,210784
505,1.6e-05,172.31.46.0-255,66,218,42,210784
506,2.2e-05,172.217.194.0-255,1484,1702,42,210784
507,2.7e-05,172.31.46.0-255,66,1768,42,210784
508,3.2e-05,172.217.194.0-255,2902,4670,42,210784
509,3.6e-05,172.31.46.0-255,66,4736,42,210784
510,4.3e-05,172.217.194.0-255,5738,10474,42,210784
511,4.6e-05,172.31.46.0-255,66,10540,42,210784
512,7e-05,172.217.194.0-255,1484,12024,42,210784
513,7.2e-05,172.31.46.0-255,66,12090,42,210784
514,8.7e-05,172.31.46.0-255,66,12156,42,210784
515,0.000112,172.217.194.0-255,4864,17020,42,210784
516,0.000114,172.31.46.0-255,66,17086,42,210784
517,0.000119,172.217.194.0-255,2543,19629,42,210784
518,0.000121,172.31.46.0-255,66,19695,42,210784
519,0.000144,172.217.194.0-255,1484,21179,42,210784
520,0.000147,172.31.46.0-255,66,21245,42,210784
521,0.000152,172.217.194.0-255,2902,24147,42,210784
522,0.000155,172.31.46.0-255,66,24213,42,210784
523,0.000173,172.217.194.0-255,5738,29951,42,210784
524,0.000176,172.31.46.0-255,66,30017,42,210784
525,0.000221,172.217.194.0-255,7156,37173,42,210784
526,0.000223,172.31.46.0-255,66,37239,42,210784
527,0.000246,172.217.194.0-255,1125,38364,42,210784
528,0.000248,172.31.46.0-255,66,38430,42,210784
529,0.00026,172.31.46.0-255,66,38496,42,210784
530,0.000267,172.217.194.0-255,7120,45616,42,210784
531,0.000269,172.31.46.0-255,66,45682,42,210784
532,0.000272,172.217.194.0-255,364,46046,42,210784
533,0.000274,172.31.46.0-255,66,46112,42,210784
534,0.000514,172.217.194.0-255,1484,47596,42,210784
535,0.000521,172.217.194.0-255,2902,50498,42,210784
536,0.000527,172.217.194.0-255,5738,56236,42,210784
537,0.000585,172.217.194.0-255,766,57002,42,210784
538,0.000651,172.31.46.0-255,66,57068,42,210784
539,0.001329,172.217.194.0-255,1484,58552,42,210784
540,0.001337,172.217.194.0-255,2902,61454,42,210784
541,0.00134,172.31.46.0-255,66,61520,42,210784
542,0.001347,172.217.194.0-255,5738,67258,42,210784
543,0.001357,172.31.46.0-255,66,67324,42,210784
544,0.001392,172.31.46.0-255,66,67390,42,210784
545,0.001409,172.217.194.0-255,1484,68874,42,210784
546,0.001454,172.31.46.0-255,66,68940,42,210784
547,0.001789,172.217.194.0-255,1484,70424,42,210784
548,0.001798,172.217.194.0-255,2902,73326,42,210784
549,0.001802,172.31.46.0-255,66,73392,42,210784
550,0.001809,172.217.194.0-255,4320,77712,42,210784
551,0.001824,172.217.194.0-255,1484,79196,42,210784
552,0.001827,172.217.194.0-255,1484,80680,42,210784
553,0.001835,172.217.194.0-255,7156,87836,42,210784
554,0.001846,172.217.194.0-255,1484,89320,42,210784
555,0.001897,172.217.194.0-255,5020,94340,42,210784
556,0.001937,172.217.194.0-255,1484,95824,42,210784
557,0.001941,172.217.194.0-255,1484,97308,42,210784
558,0.001954,172.217.194.0-255,1484,98792,42,210784
559,0.001959,172.217.194.0-255,4320,103112,42,210784
560,0.001981,172.217.194.0-255,1484,104596,42,210784
561,0.001988,172.217.194.0-255,7156,111752,42,210784
562,0.002019,172.217.194.0-255,2184,113936,42,210784
563,0.002155,172.217.194.0-255,1484,115420,42,210784
564,0.002177,172.217.194.0-255,2902,118322,42,210784
565,0.002184,172.217.194.0-255,5738,124060,42,210784
566,0.002204,172.217.194.0-255,5738,129798,42,210784
567,0.002226,172.217.194.0-255,7156,136954,42,210784
568,0.002289,172.217.194.0-255,4320,141274,42,210784
569,0.002297,172.217.194.0-255,5738,147012,42,210784
570,0.002384,172.217.194.0-255,5738,152750,42,210784
571,0.002441,172.217.194.0-255,2184,154934,42,210784
572,0.002445,172.217.194.0-255,2902,157836,42,210784
573,0.00248,172.217.194.0-255,7156,164992,42,210784
574,0.002488,172.217.194.0-255,7156,172148,42,210784
575,0.002528,172.217.194.0-255,6438,178586,42,210784
576,0.005515,172.31.46.0-255,66,178652,42,210784
577,0.008086,172.217.194.0-255,5738,184390,42,210784
578,0.008098,172.31.46.0-255,66,184456,42,210784
579,0.010666,172.217.194.0-255,5738,190194,42,210784
580,0.012538,172.31.46.0-255,66,190260,42,210784
581,0.015103,172.217.194.0-255,5738,195998,42,210784
582,0.01511,172.31.46.0-255,66,196064,42,210784
583,0.017655,172.217.194.0-255,5738,201802,42,210784
584,0.018193,172.31.46.0-255,66,201868,42,210784
585,0.020725,172.217.194.0-255,4357,206225,42,210784
586,0.020739,172.31.46.0-255,66,206291,42,210784
587,0.023053,172.31.46.0-255,105,206396,42,210784
588,0.025523,172.217.194.0-255,66,206462,42,210784
589,0.032477,172.31.46.0-255,199,206661,42,210784
590,0.032609,172.31.46.0-255,1110,207771,42,210784
591,0.032676,172.31.46.0-255,1514,209285,42,210784
592,0.032678,172.31.46.0-255,1301,210586,42,210784
593,0.034018,104.244.42.0-255,66,210652,42,210784
594,0.034166,104.244.42.0-255,66,210718,42,210784
595,0.034213,104.244.42.0-255,66,210784,42,210784
596,0.0,172.217.194.0-255,151,151,42,182006
597,2.4e-05,172.31.46.0-255,66,217,42,182006
598,3.1e-05,172.217.194.0-255,1484,1701,42,182006
599,3.6e-05,172.31.46.0-255,66,1767,42,182006
600,4.1e-05,172.217.194.0-255,2902,4669,42,182006
601,5.2e-05,172.31.46.0-255,66,4735,42,182006
602,5.9e-05,172.217.194.0-255,7156,11891,42,182006
603,6.2e-05,172.31.46.0-255,66,11957,42,182006
604,6.9e-05,172.217.194.0-255,4840,16797,42,182006
605,7.2e-05,172.31.46.0-255,66,16863,42,182006
606,0.000125,172.31.46.0-255,66,16929,42,182006
607,0.000156,172.217.194.0-255,1484,18413,42,182006
608,0.000159,172.31.46.0-255,66,18479,42,182006
609,0.000164,172.217.194.0-255,2902,21381,42,182006
610,0.000166,172.31.46.0-255,66,21447,42,182006
611,0.000177,172.217.194.0-255,4320,25767,42,182006
612,0.00018,172.31.46.0-255,66,25833,42,182006
613,0.00021,172.217.194.0-255,1484,27317,42,182006
614,0.000212,172.31.46.0-255,66,27383,42,182006
615,0.000224,172.31.46.0-255,66,27449,42,182006
616,0.00024,172.31.46.0-255,66,27515,42,182006
617,0.000243,172.217.194.0-255,1484,28999,42,182006
618,0.000245,172.31.46.0-255,66,29065,42,182006
619,0.000273,172.217.194.0-255,2833,31898,42,182006
620,0.000276,172.31.46.0-255,66,31964,42,182006
621,0.000279,172.217.194.0-255,365,32329,42,182006
622,0.000281,172.31.46.0-255,66,32395,42,182006
623,0.000585,172.217.194.0-255,1484,33879,42,182006
624,0.000592,172.31.46.0-255,66,33945,42,182006
625,0.000598,172.217.194.0-255,2902,36847,42,182006
626,0.0006,172.31.46.0-255,66,36913,42,182006
627,0.000636,172.217.194.0-255,5738,42651,42,182006
628,0.000639,172.31.46.0-255,66,42717,42,182006
629,0.000658,172.31.46.0-255,66,42783,42,182006
630,0.000663,172.217.194.0-255,4320,47103,42,182006
631,0.000666,172.31.46.0-255,66,47169,42,182006
632,0.000702,172.217.194.0-255,6438,53607,42,182006
633,0.000705,172.31.46.0-255,66,53673,42,182006
634,0.000939,172.217.194.0-255,1484,55157,42,182006
635,0.000947,172.217.194.0-255,2902,58059,42,182006
636,0.00095,172.31.46.0-255,66,58125,42,182006
637,0.000957,172.217.194.0-255,5738,63863,42,182006
638,0.000959,172.31.46.0-255,66,63929,42,182006
639,0.001014,172.217.194.0-255,7156,71085,42,182006
640,0.001017,172.31.46.0-255,66,71151,42,182006
641,0.001039,172.217.194.0-255,5738,76889,42,182006
642,0.001044,172.217.194.0-255,4320,81209,42,182006
643,0.001049,172.31.46.0-255,66,81275,42,182006
644,0.001056,172.31.46.0-255,66,81341,42,182006
645,0.001068,172.217.194.0-255,6438,87779,42,182006
646,0.00107,172.31.46.0-255,66,87845,42,182006
647,0.001183,172.217.194.0-255,1484,89329,42,182006
648,0.001189,172.217.194.0-255,2902,92231,42,182006
649,0.001192,172.31.46.0-255,66,92297,42,182006
650,0.001196,172.217.194.0-255,1484,93781,42,182006
651,0.001225,172.217.194.0-255,4320,98101,42,182006
652,0.001227,172.31.46.0-255,66,98167,42,182006
653,0.001235,172.217.194.0-255,5738,103905,42,182006
654,0.001237,172.31.46.0-255,66,103971,42,182006
655,0.001266,172.217.194.0-255,2902,106873,42,182006
656,0.001268,172.31.46.0-255,66,106939,42,182006
657,0.001275,172.217.194.0-255,5738,112677,42,182006
658,0.001277,172.31.46.0-255,66,112743,42,182006
659,0.001315,172.31.46.0-255,66,112809,42,182006
660,0.001318,172.217.194.0-255,1484,114293,42,182006
661,0.001323,172.217.194.0-255,2902,117195,42,182006
662,0.001325,172.31.46.0-255,66,117261,42,182006
663,0.001336,172.217.194.0-255,5738,122999,42,182006
664,0.001338,172.31.46.0-255,66,123065,42,182006
665,0.001377,172.31.46.0-255,66,123131,42,182006
666,0.001392,172.31.46.0-255,66,123197,42,182006
667,0.001415,172.217.194.0-255,1484,124681,42,182006
668,0.001432,172.217.194.0-255,5738,130419,42,182006
669,0.001435,172.31.46.0-255,66,130485,42,182006
670,0.001465,172.217.194.0-255,2184,132669,42,182006
671,0.001468,172.31.46.0-255,66,132735,42,182006
672,0.001488,172.31.46.0-255,66,132801,42,182006
673,0.001505,172.31.46.0-255,66,132867,42,182006
674,0.001554,172.31.46.0-255,66,132933,42,182006
675,0.001578,172.31.46.0-255,66,132999,42,182006
676,0.001597,172.217.194.0-255,5738,138737,42,182006
677,0.0016,172.31.46.0-255,66,138803,42,182006
678,0.001603,172.217.194.0-255,766,139569,42,182006
679,0.001625,172.217.194.0-255,1484,141053,42,182006
680,0.001627,172.31.46.0-255,66,141119,42,182006
681,0.001633,172.217.194.0-255,2902,144021,42,182006
682,0.001635,172.31.46.0-255,66,144087,42,182006
683,0.001664,172.217.194.0-255,5738,149825,42,182006
684,0.001667,172.31.46.0-255,66,149891,42,182006
685,0.001673,172.217.194.0-255,5738,155629,42,182006
686,0.001676,172.31.46.0-255,66,155695,42,182006
687,0.001712,172.217.194.0-255,4320,160015,42,182006
688,0.001716,172.31.46.0-255,66,160081,42,182006
689,0.001733,172.31.46.0-255,66,160147,42,182006
690,0.001737,172.217.194.0-255,2184,162331,42,182006
691,0.001739,172.31.46.0-255,66,162397,42,182006
692,0.001809,172.217.194.0-255,2902,165299,42,182006
693,0.001812,172.31.46.0-255,66,165365,42,182006
694,0.001819,172.217.194.0-255,5738,171103,42,182006
695,0.001821,172.31.46.0-255,66,171169,42,182006
696,0.001837,172.31.46.0-255,66,171235,42,182006
697,0.001854,172.31.46.0-255,66,171301,42,182006
698,0.001859,172.217.194.0-255,4320,175621,42,182006
699,0.001861,172.31.46.0-255,66,175687,42,182006
700,0.001908,172.31.46.0-255,66,175753,42,182006
701,0.001927,172.31.46.0-255,66,175819,42,182006
702,0.00193,172.217.194.0-255,1484,177303,42,182006
703,0.001977,172.31.46.0-255,66,177369,42,182006
704,0.00198,172.217.194.0-255,105,177474,42,182006
705,0.011518,172.31.46.0-255,66,177540,42,182006
706,0.011568,172.31.46.0-255,105,177645,42,182006
707,0.013925,172.217.194.0-255,66,177711,42,182006
708,0.032053,172.31.46.0-255,172,177883,42,182006
709,0.03209,172.31.46.0-255,1110,178993,42,182006
710,0.03215,172.31.46.0-255,1514,180507,42,182006
711,0.032151,172.31.46.0-255,1301,181808,42,182006
712,0.033711,104.244.42.0-255,66,181874,42,182006
713,0.033742,104.244.42.0-255,66,181940,42,182006
714,0.033779,104.244.42.0-255,66,182006,42,182006
715,0.0,74.125.200.0-255,146,146,42,282194
716,2.2e-05,74.125.200.0-255,1484,1630,42,282194
717,3.3e-05,172.31.46.0-255,66,1696,42,282194
718,4.3e-05,74.125.200.0-255,2902,4598,42,282194
719,4.7e-05,172.31.46.0-255,66,4664,42,282194
720,5.4e-05,74.125.200.0-255,4320,8984,42,282194
721,6.5e-05,172.31.46.0-255,66,9050,42,282194
722,8.4e-05,74.125.200.0-255,2902,11952,42,282194
723,9e-05,172.31.46.0-255,66,12018,42,282194
724,9.7e-05,74.125.200.0-255,4320,16338,42,282194
725,9.9e-05,172.31.46.0-255,66,16404,42,282194
726,0.00014,74.125.200.0-255,3508,19912,42,282194
727,0.000143,172.31.46.0-255,66,19978,42,282194
728,0.000149,74.125.200.0-255,4320,24298,42,282194
729,0.000152,172.31.46.0-255,66,24364,42,282194
730,0.000158,74.125.200.0-255,5738,30102,42,282194
731,0.000161,172.31.46.0-255,66,30168,42,282194
732,0.000164,74.125.200.0-255,1125,31293,42,282194
733,0.00022,74.125.200.0-255,1484,32777,42,282194
734,0.000223,172.31.46.0-255,66,32843,42,282194
735,0.000228,74.125.200.0-255,2902,35745,42,282194
736,0.000231,172.31.46.0-255,66,35811,42,282194
737,0.000269,74.125.200.0-255,5738,41549,42,282194
738,0.000272,172.31.46.0-255,66,41615,42,282194
739,0.000275,74.125.200.0-255,1484,43099,42,282194
740,0.00028,74.125.200.0-255,2902,46001,42,282194
741,0.000285,74.125.200.0-255,2902,48903,42,282194
742,0.000308,74.125.200.0-255,3961,52864,42,282194
743,0.000314,74.125.200.0-255,5738,58602,42,282194
744,0.000326,172.31.46.0-255,66,58668,42,282194
745,0.000344,74.125.200.0-255,7072,65740,42,282194
746,0.000347,74.125.200.0-255,131,65871,42,282194
747,0.000353,172.31.46.0-255,66,65937,42,282194
748,0.00042,74.125.200.0-255,1484,67421,42,282194
749,0.000437,74.125.200.0-255,2902,70323,42,282194
750,0.000446,74.125.200.0-255,5738,76061,42,282194
751,0.000463,74.125.200.0-255,4320,80381,42,282194
752,0.000467,74.125.200.0-255,2902,83283,42,282194
753,0.00048,74.125.200.0-255,2902,86185,42,282194
754,0.000523,74.125.200.0-255,2902,89087,42,282194
755,0.000526,74.125.200.0-255,1884,90971,42,282194
756,0.000583,74.125.200.0-255,1484,92455,42,282194
757,0.0006,74.125.200.0-255,2902,95357,42,282194
758,0.000603,74.125.200.0-255,1484,96841,42,282194
759,0.000644,74.125.200.0-255,1484,98325,42,282194
760,0.000666,74.125.200.0-255,1484,99809,42,282194
761,0.000672,74.125.200.0-255,5738,105547,42,282194
762,0.000675,74.125.200.0-255,1484,107031,42,282194
763,0.000679,74.125.200.0-255,2902,109933,42,282194
764,0.000686,74.125.200.0-255,5738,115671,42,282194
765,0.000717,74.125.200.0-255,5738,121409,42,282194
766,0.000734,74.125.200.0-255,3602,125011,42,282194
767,0.000775,74.125.200.0-255,1484,126495,42,282194
768,0.000778,74.125.200.0-255,1484,127979,42,282194
769,0.000791,74.125.200.0-255,1484,129463,42,282194
770,0.000806,74.125.200.0-255,4320,133783,42,282194
771,0.00081,172.31.46.0-255,66,133849,42,282194
772,0.000822,74.125.200.0-255,1484,135333,42,282194
773,0.00083,74.125.200.0-255,4320,139653,42,282194
774,0.000833,74.125.200.0-255,1484,141137,42,282194
775,0.000837,172.31.46.0-255,66,141203,42,282194
776,0.000862,74.125.200.0-255,4320,145523,42,282194
777,0.000887,74.125.200.0-255,4320,149843,42,282194
778,0.00091,74.125.200.0-255,7156,156999,42,282194
779,0.000915,74.125.200.0-255,2184,159183,42,282194
780,0.000919,172.31.46.0-255,66,159249,42,282194
781,0.000962,74.125.200.0-255,1484,160733,42,282194
782,0.000984,74.125.200.0-255,1484,162217,42,282194
783,0.000996,74.125.200.0-255,1484,163701,42,282194
784,0.001012,172.31.46.0-255,66,163767,42,282194
785,0.00102,74.125.200.0-255,5738,169505,42,282194
786,0.001022,74.125.200.0-255,1484,170989,42,282194
787,0.001054,172.31.46.0-255,66,171055,42,282194
788,0.001108,172.31.46.0-255,66,171121,42,282194
789,0.001136,74.125.200.0-255,5020,176141,42,282194
790,0.001153,172.31.46.0-255,66,176207,42,282194
791,0.001182,74.125.200.0-255,1484,177691,42,282194
792,0.001193,74.125.200.0-255,1484,179175,42,282194
793,0.001204,74.125.200.0-255,1484,180659,42,282194
794,0.001211,172.31.46.0-255,66,180725,42,282194
795,0.001247,74.125.200.0-255,5738,186463,42,282194
796,0.001252,74.125.200.0-255,2902,189365,42,282194
797,0.001256,74.125.200.0-255,2902,192267,42,282194
798,0.001267,172.31.46.0-255,66,192333,42,282194
799,0.001288,74.125.200.0-255,7156,199489,42,282194
800,0.001295,74.125.200.0-255,5738,205227,42,282194
801,0.001318,74.125.200.0-255,5020,210247,42,282194
802,0.001325,172.31.46.0-255,66,210313,42,282194
803,0.001663,74.125.200.0-255,1484,211797,42,282194
804,0.00167,74.125.200.0-255,2902,214699,42,282194
805,0.001687,74.125.200.0-255,5738,220437,42,282194
806,0.001703,172.31.46.0-255,66,220503,42,282194
807,0.001711,74.125.200.0-255,1484,221987,42,282194
808,0.001734,74.125.200.0-255,4320,226307,42,282194
809,0.001762,74.125.200.0-255,5738,232045,42,282194
810,0.001767,172.31.46.0-255,66,232111,42,282194
811,0.001815,172.31.46.0-255,66,232177,42,282194
812,0.00184,74.125.200.0-255,1484,233661,42,282194
813,0.001845,74.125.200.0-255,2902,236563,42,282194
814,0.001851,74.125.200.0-255,5738,242301,42,282194
815,0.001859,172.31.46.0-255,66,242367,42,282194
816,0.00196,74.125.200.0-255,4320,246687,42,282194
817,0.001967,172.31.46.0-255,66,246753,42,282194
818,0.001977,74.125.200.0-255,1484,248237,42,282194
819,0.002029,74.125.200.0-255,4320,252557,42,282194
820,0.002045,74.125.200.0-255,1484,254041,42,282194
821,0.00205,74.125.200.0-255,2902,256943,42,282194
822,0.002054,172.31.46.0-255,66,257009,42,282194
823,0.002059,172.31.46.0-255,66,257075,42,282194
824,0.002094,74.125.200.0-255,7156,264231,42,282194
825,0.002117,74.125.200.0-255,4320,268551,42,282194
826,0.002121,172.31.46.0-255,66,268617,42,282194
827,0.002126,172.31.46.0-255,66,268683,42,282194
828,0.002184,74.125.200.0-255,2902,271585,42,282194
829,0.002189,172.31.46.0-255,66,271651,42,282194
830,0.00221,74.125.200.0-255,5738,277389,42,282194
831,0.002225,74.125.200.0-255,97,277486,42,282194
832,0.002245,74.125.200.0-255,105,277591,42,282194
833,0.002262,172.31.46.0-255,66,277657,42,282194
834,0.011831,172.31.46.0-255,105,277762,42,282194
835,0.01436,74.125.200.0-255,66,277828,42,282194
836,0.033585,172.31.46.0-255,243,278071,42,282194
837,0.033622,172.31.46.0-255,1107,279178,42,282194
838,0.033681,172.31.46.0-255,1514,280692,42,282194
839,0.033683,172.31.46.0-255,1304,281996,42,282194
840,0.035131,104.244.42.0-255,66,282062,42,282194
841,0.035178,104.244.42.0-255,66,282128,42,282194
842,0.035226,104.244.42.0-255,66,282194,42,282194
843,0.0,172.217.194.0-255,152,152,42,225529
844,1.7e-05,172.31.46.0-255,66,218,42,225529
845,2.4e-05,172.217.194.0-255,1484,1702,42,225529
846,2.9e-05,172.31.46.0-255,66,1768,42,225529
847,4.2e-05,172.217.194.0-255,2902,4670,42,225529
848,4.6e-05,172.31.46.0-255,66,4736,42,225529
849,5.4e-05,172.217.194.0-255,7156,11892,42,225529
850,5.7e-05,172.31.46.0-255,66,11958,42,225529
851,6.2e-05,172.217.194.0-255,2077,14035,42,225529
852,6.5e-05,172.31.46.0-255,66,14101,42,225529
853,0.000352,172.217.194.0-255,1484,15585,42,225529
854,0.000358,172.217.194.0-255,2902,18487,42,225529
855,0.000364,172.31.46.0-255,66,18553,42,225529
856,0.000374,172.31.46.0-255,66,18619,42,225529
857,0.000381,172.217.194.0-255,5738,24357,42,225529
858,0.000388,172.31.46.0-255,66,24423,42,225529
859,0.000423,172.217.194.0-255,6797,31220,42,225529
860,0.000426,172.31.46.0-255,66,31286,42,225529
861,0.000618,172.217.194.0-255,1484,32770,42,225529
862,0.000623,172.31.46.0-255,66,32836,42,225529
863,0.000628,172.217.194.0-255,1484,34320,42,225529
864,0.00063,172.31.46.0-255,66,34386,42,225529
865,0.000658,172.217.194.0-255,1484,35870,42,225529
866,0.000661,172.31.46.0-255,66,35936,42,225529
867,0.000667,172.217.194.0-255,5738,41674,42,225529
868,0.00067,172.31.46.0-255,66,41740,42,225529
869,0.000681,172.217.194.0-255,5738,47478,42,225529
870,0.000683,172.31.46.0-255,66,47544,42,225529
871,0.000688,172.217.194.0-255,2902,50446,42,225529
872,0.00069,172.31.46.0-255,66,50512,42,225529
873,0.000704,172.217.194.0-255,3961,54473,42,225529
874,0.000707,172.31.46.0-255,66,54539,42,225529
875,0.000714,172.217.194.0-255,1484,56023,42,225529
876,0.000748,172.31.46.0-255,66,56089,42,225529
877,0.000751,172.217.194.0-255,677,56766,42,225529
878,0.000873,172.217.194.0-255,1484,58250,42,225529
879,0.000878,172.31.46.0-255,66,58316,42,225529
880,0.000882,172.217.194.0-255,1484,59800,42,225529
881,0.000903,172.217.194.0-255,1484,61284,42,225529
882,0.000906,172.31.46.0-255,66,61350,42,225529
883,0.000914,172.217.194.0-255,5738,67088,42,225529
884,0.000916,172.31.46.0-255,66,67154,42,225529
885,0.000925,172.217.194.0-255,2902,70056,42,225529
886,0.000927,172.31.46.0-255,66,70122,42,225529
887,0.000969,172.31.46.0-255,66,70188,42,225529
888,0.001035,172.31.46.0-255,66,70254,42,225529
889,0.001346,172.217.194.0-255,1484,71738,42,225529
890,0.001375,172.217.194.0-255,2902,74640,42,225529
891,0.001378,172.31.46.0-255,66,74706,42,225529
892,0.001386,172.217.194.0-255,5738,80444,42,225529
893,0.001388,172.31.46.0-255,66,80510,42,225529
894,0.001434,172.31.46.0-255,66,80576,42,225529
895,0.001468,172.31.46.0-255,66,80642,42,225529
896,0.001498,172.217.194.0-255,3602,84244,42,225529
897,0.001501,172.31.46.0-255,66,84310,42,225529
898,0.001613,172.217.194.0-255,1484,85794,42,225529
899,0.001627,172.217.194.0-255,2902,88696,42,225529
900,0.001631,172.31.46.0-255,66,88762,42,225529
901,0.00166,172.217.194.0-255,5738,94500,42,225529
902,0.001663,172.31.46.0-255,66,94566,42,225529
903,0.001697,172.31.46.0-255,66,94632,42,225529
904,0.001703,172.217.194.0-255,2902,97534,42,225529
905,0.001705,172.31.46.0-255,66,97600,42,225529
906,0.001749,172.31.46.0-255,66,97666,42,225529
907,0.001818,172.217.194.0-255,1484,99150,42,225529
908,0.001822,172.217.194.0-255,1484,100634,42,225529
909,0.001825,172.31.46.0-255,66,100700,42,225529
910,0.00185,172.217.194.0-255,1484,102184,42,225529
911,0.001856,172.217.194.0-255,5738,107922,42,225529
912,0.001859,172.31.46.0-255,66,107988,42,225529
913,0.001866,172.217.194.0-255,5738,113726,42,225529
914,0.001868,172.31.46.0-255,66,113792,42,225529
915,0.001882,172.217.194.0-255,7156,120948,42,225529
916,0.001884,172.31.46.0-255,66,121014,42,225529
917,0.001913,172.217.194.0-255,1484,122498,42,225529
918,0.001945,172.31.46.0-255,66,122564,42,225529
919,0.004066,172.217.194.0-255,5738,128302,42,225529
920,0.004074,172.31.46.0-255,66,128368,42,225529
921,0.006212,172.217.194.0-255,5738,134106,42,225529
922,0.006216,172.31.46.0-255,66,134172,42,225529
923,0.008346,172.217.194.0-255,5738,139910,42,225529
924,0.008353,172.31.46.0-255,66,139976,42,225529
925,0.010497,172.217.194.0-255,5738,145714,42,225529
926,0.010504,172.31.46.0-255,66,145780,42,225529
927,0.012669,172.217.194.0-255,5738,151518,42,225529
928,0.012677,172.31.46.0-255,66,151584,42,225529
929,0.014835,172.217.194.0-255,5738,157322,42,225529
930,0.014846,172.31.46.0-255,66,157388,42,225529
931,0.016993,172.217.194.0-255,5738,163126,42,225529
932,0.017003,172.31.46.0-255,66,163192,42,225529
933,0.01917,172.217.194.0-255,5738,168930,42,225529
934,0.019178,172.31.46.0-255,66,168996,42,225529
935,0.021321,172.217.194.0-255,5738,174734,42,225529
936,0.021328,172.31.46.0-255,66,174800,42,225529
937,0.023471,172.217.194.0-255,5738,180538,42,225529
938,0.023479,172.31.46.0-255,66,180604,42,225529
939,0.025615,172.217.194.0-255,5738,186342,42,225529
940,0.025623,172.31.46.0-255,66,186408,42,225529
941,0.027456,172.31.46.0-255,176,186584,42,225529
942,0.027487,172.31.46.0-255,1112,187696,42,225529
943,0.02756,172.31.46.0-255,1514,189210,42,225529
944,0.027562,172.31.46.0-255,1297,190507,42,225529
945,0.02781,172.217.194.0-255,5738,196245,42,225529
946,0.027817,172.31.46.0-255,66,196311,42,225529
947,0.029023,104.244.42.0-255,66,196377,42,225529
948,0.029058,104.244.42.0-255,66,196443,42,225529
949,0.029119,104.244.42.0-255,66,196509,42,225529
950,0.02996,172.217.194.0-255,5738,202247,42,225529
951,0.029966,172.31.46.0-255,66,202313,42,225529
952,0.032108,172.217.194.0-255,5738,208051,42,225529
953,0.032117,172.31.46.0-255,66,208117,42,225529
954,0.034266,172.217.194.0-255,5738,213855,42,225529
955,0.034273,172.31.46.0-255,66,213921,42,225529
956,0.0364,172.217.194.0-255,5738,219659,42,225529
957,0.036407,172.31.46.0-255,66,219725,42,225529
958,0.038525,172.217.194.0-255,5738,225463,42,225529
959,0.038533,172.31.46.0-255,66,225529,42,225529
960,0.0,74.125.200.0-255,296,296,42,323575
961,2.3e-05,172.31.46.0-255,66,362,42,323575
962,3e-05,74.125.200.0-255,1484,1846,42,323575
963,3.4e-05,172.31.46.0-255,66,1912,42,323575
964,4.9e-05,74.125.200.0-255,4320,6232,42,323575
965,5.3e-05,172.31.46.0-255,66,6298,42,323575
966,8.8e-05,172.31.46.0-255,66,6364,42,323575
967,0.000166,74.125.200.0-255,1484,7848,42,323575
968,0.00017,172.31.46.0-255,66,7914,42,323575
969,0.000174,74.125.200.0-255,1484,9398,42,323575
970,0.000176,172.31.46.0-255,66,9464,42,323575
971,0.000196,74.125.200.0-255,1484,10948,42,323575
972,0.000206,74.125.200.0-255,5738,16686,42,323575
973,0.000209,74.125.200.0-255,1484,18170,42,323575
974,0.000213,172.31.46.0-255,66,18236,42,323575
975,0.000221,172.31.46.0-255,66,18302,42,323575
976,0.000224,172.31.46.0-255,66,18368,42,323575
977,0.000234,74.125.200.0-255,4320,22688,42,323575
978,0.000238,172.31.46.0-255,66,22754,42,323575
979,0.000269,74.125.200.0-255,1125,23879,42,323575
980,0.000271,172.31.46.0-255,66,23945,42,323575
981,0.000339,74.125.200.0-255,1484,25429,42,323575
982,0.000343,172.31.46.0-255,66,25495,42,323575
983,0.000351,74.125.200.0-255,2902,28397,42,323575
984,0.000353,172.31.46.0-255,66,28463,42,323575
985,0.000385,74.125.200.0-255,5738,34201,42,323575
986,0.000388,172.31.46.0-255,66,34267,42,323575
987,0.000422,74.125.200.0-255,6797,41064,42,323575
988,0.000425,172.31.46.0-255,66,41130,42,323575
989,0.000927,74.125.200.0-255,1484,42614,42,323575
990,0.000934,172.31.46.0-255,66,42680,42,323575
991,0.00094,74.125.200.0-255,2902,45582,42,323575
992,0.000942,172.31.46.0-255,66,45648,42,323575
993,0.000946,74.125.200.0-255,2902,48550,42,323575
994,0.000948,172.31.46.0-255,66,48616,42,323575
995,0.000978,74.125.200.0-255,2902,51518,42,323575
996,0.000982,74.125.200.0-255,2902,54420,42,323575
997,0.000987,74.125.200.0-255,3961,58381,42,323575
998,0.000991,172.31.46.0-255,66,58447,42,323575
999,0.000994,172.31.46.0-255,66,58513,42,323575
1000,0.001001,172.31.46.0-255,66,58579,42,323575
1001,0.001004,74.125.200.0-255,645,59224,42,323575
1002,0.001092,74.125.200.0-255,1484,60708,42,323575
1003,0.001096,172.31.46.0-255,66,60774,42,323575
1004,0.001109,74.125.200.0-255,2902,63676,42,323575
1005,0.001111,172.31.46.0-255,66,63742,42,323575
1006,0.001142,74.125.200.0-255,5738,69480,42,323575
1007,0.001146,172.31.46.0-255,66,69546,42,323575
1008,0.001153,74.125.200.0-255,6797,76343,42,323575
1009,0.001155,172.31.46.0-255,66,76409,42,323575
1010,0.001187,74.125.200.0-255,4320,80729,42,323575
1011,0.001193,172.31.46.0-255,66,80795,42,323575
1012,0.001236,74.125.200.0-255,4320,85115,42,323575
1013,0.001239,172.31.46.0-255,66,85181,42,323575
1014,0.001246,74.125.200.0-255,5738,90919,42,323575
1015,0.001249,172.31.46.0-255,66,90985,42,323575
1016,0.001278,74.125.200.0-255,2543,93528,42,323575
1017,0.00128,172.31.46.0-255,66,93594,42,323575
1018,0.001404,74.125.200.0-255,1484,95078,42,323575
1019,0.001433,74.125.200.0-255,2902,97980,42,323575
1020,0.001437,172.31.46.0-255,66,98046,42,323575
1021,0.00144,74.125.200.0-255,1484,99530,42,323575
1022,0.001465,74.125.200.0-255,2902,102432,42,323575
1023,0.001468,172.31.46.0-255,66,102498,42,323575
1024,0.001497,74.125.200.0-255,4320,106818,42,323575
1025,0.0015,172.31.46.0-255,66,106884,42,323575
1026,0.001506,74.125.200.0-255,5738,112622,42,323575
1027,0.001508,172.31.46.0-255,66,112688,42,323575
1028,0.001536,74.125.200.0-255,7156,119844,42,323575
1029,0.001539,172.31.46.0-255,66,119910,42,323575
1030,0.001572,74.125.200.0-255,4320,124230,42,323575
1031,0.001576,172.31.46.0-255,66,124296,42,323575
1032,0.001581,74.125.200.0-255,2902,127198,42,323575
1033,0.001583,172.31.46.0-255,66,127264,42,323575
1034,0.001586,74.125.200.0-255,766,128030,42,323575
1035,0.001662,74.125.200.0-255,1484,129514,42,323575
1036,0.001666,172.31.46.0-255,66,129580,42,323575
1037,0.001671,74.125.200.0-255,2902,132482,42,323575
1038,0.001673,172.31.46.0-255,66,132548,42,323575
1039,0.001725,74.125.200.0-255,2902,135450,42,323575
1040,0.001727,172.31.46.0-255,66,135516,42,323575
1041,0.001732,74.125.200.0-255,4320,139836,42,323575
1042,0.001734,172.31.46.0-255,66,139902,42,323575
1043,0.001757,74.125.200.0-255,4320,144222,42,323575
1044,0.001759,172.31.46.0-255,66,144288,42,323575
1045,0.001768,74.125.200.0-255,5738,150026,42,323575
1046,0.00177,172.31.46.0-255,66,150092,42,323575
1047,0.001788,74.125.200.0-255,1484,151576,42,323575
1048,0.001821,172.31.46.0-255,66,151642,42,323575
1049,0.001847,74.125.200.0-255,2184,153826,42,323575
1050,0.00185,172.31.46.0-255,66,153892,42,323575
1051,0.001854,74.125.200.0-255,2902,156794,42,323575
1052,0.001857,172.31.46.0-255,66,156860,42,323575
1053,0.001888,74.125.200.0-255,4320,161180,42,323575
1054,0.00189,172.31.46.0-255,66,161246,42,323575
1055,0.001911,74.125.200.0-255,1484,162730,42,323575
1056,0.001917,74.125.200.0-255,4320,167050,42,323575
1057,0.001921,172.31.46.0-255,66,167116,42,323575
1058,0.001929,74.125.200.0-255,2902,170018,42,323575
1059,0.001931,172.31.46.0-255,66,170084,42,323575
1060,0.001977,172.31.46.0-255,66,170150,42,323575
1061,0.001987,74.125.200.0-255,2902,173052,42,323575
1062,0.001989,172.31.46.0-255,66,173118,42,323575
1063,0.002028,172.31.46.0-255,66,173184,42,323575
1064,0.002038,172.31.46.0-255,66,173250,42,323575
1065,0.002051,74.125.200.0-255,2902,176152,42,323575
1066,0.002057,172.31.46.0-255,66,176218,42,323575
1067,0.00206,74.125.200.0-255,1484,177702,42,323575
1068,0.002063,74.125.200.0-255,1484,179186,42,323575
1069,0.002064,172.31.46.0-255,66,179252,42,323575
1070,0.002092,74.125.200.0-255,1484,180736,42,323575
1071,0.002097,74.125.200.0-255,5738,186474,42,323575
1072,0.002103,74.125.200.0-255,5738,192212,42,323575
1073,0.002107,172.31.46.0-255,66,192278,42,323575
1074,0.002113,172.31.46.0-255,66,192344,42,323575
1075,0.002117,74.125.200.0-255,2184,194528,42,323575
1076,0.002123,172.31.46.0-255,66,194594,42,323575
1077,0.002126,74.125.200.0-255,1484,196078,42,323575
1078,0.00216,74.125.200.0-255,7156,203234,42,323575
1079,0.002163,172.31.46.0-255,66,203300,42,323575
1080,0.002167,74.125.200.0-255,2902,206202,42,323575
1081,0.002169,172.31.46.0-255,66,206268,42,323575
1082,0.002186,74.125.200.0-255,7156,213424,42,323575
1083,0.002188,172.31.46.0-255,66,213490,42,323575
1084,0.002218,74.125.200.0-255,5738,219228,42,323575
1085,0.002221,172.31.46.0-255,66,219294,42,323575
1086,0.00223,172.31.46.0-255,66,219360,42,323575
1087,0.002402,74.125.200.0-255,1484,220844,42,323575
1088,0.002407,74.125.200.0-255,1484,222328,42,323575
1089,0.002409,172.31.46.0-255,66,222394,42,323575
1090,0.002431,74.125.200.0-255,1484,223878,42,323575
1091,0.002443,74.125.200.0-255,2902,226780,42,323575
1092,0.002445,172.31.46.0-255,66,226846,42,323575
1093,0.002468,74.125.200.0-255,2902,229748,42,323575
1094,0.00247,172.31.46.0-255,66,229814,42,323575
1095,0.002492,74.125.200.0-255,1484,231298,42,323575
1096,0.002519,74.125.200.0-255,1484,232782,42,323575
1097,0.002522,172.31.46.0-255,66,232848,42,323575
1098,0.004869,74.125.200.0-255,2902,235750,42,323575
1099,0.004877,172.31.46.0-255,66,235816,42,323575
1100,0.004913,74.125.200.0-255,2902,238718,42,323575
1101,0.004916,172.31.46.0-255,66,238784,42,323575
1102,0.007269,74.125.200.0-255,2902,241686,42,323575
1103,0.007278,172.31.46.0-255,66,241752,42,323575
1104,0.007309,74.125.200.0-255,2902,244654,42,323575
1105,0.007312,172.31.46.0-255,66,244720,42,323575
1106,0.009693,74.125.200.0-255,5738,250458,42,323575
1107,0.0097,172.31.46.0-255,66,250524,42,323575
1108,0.012137,74.125.200.0-255,5738,256262,42,323575
1109,0.012143,172.31.46.0-255,66,256328,42,323575
1110,0.01454,74.125.200.0-255,5738,262066,42,323575
1111,0.014548,172.31.46.0-255,66,262132,42,323575
1112,0.016949,74.125.200.0-255,5738,267870,42,323575
1113,0.016956,172.31.46.0-255,66,267936,42,323575
1114,0.019405,74.125.200.0-255,5738,273674,42,323575
1115,0.019415,172.31.46.0-255,66,273740,42,323575
1116,0.021834,74.125.200.0-255,5738,279478,42,323575
1117,0.021844,172.31.46.0-255,66,279544,42,323575
1118,0.024271,74.125.200.0-255,5738,285282,42,323575
1119,0.024278,172.31.46.0-255,66,285348,42,323575
1120,0.026719,74.125.200.0-255,4320,289668,42,323575
1121,0.026727,172.31.46.0-255,66,289734,42,323575
1122,0.026754,74.125.200.0-255,1484,291218,42,323575
1123,0.029172,74.125.200.0-255,4320,295538,42,323575
1124,0.029179,172.31.46.0-255,66,295604,42,323575
1125,0.031574,74.125.200.0-255,1484,297088,42,323575
1126,0.031602,74.125.200.0-255,4320,301408,42,323575
1127,0.031608,172.31.46.0-255,66,301474,42,323575
1128,0.034004,74.125.200.0-255,2902,304376,42,323575
1129,0.034011,172.31.46.0-255,66,304442,42,323575
1130,0.034045,74.125.200.0-255,2902,307344,42,323575
1131,0.034048,172.31.46.0-255,66,307410,42,323575
1132,0.036418,74.125.200.0-255,2902,310312,42,323575
1133,0.036427,172.31.46.0-255,66,310378,42,323575
1134,0.036454,74.125.200.0-255,2902,313280,42,323575
1135,0.036457,172.31.46.0-255,66,313346,42,323575
1136,0.037376,172.31.46.0-255,172,313518,42,323575
1137,0.03741,172.31.46.0-255,1110,314628,42,323575
1138,0.03747,172.31.46.0-255,1514,316142,42,323575
1139,0.03749,172.31.46.0-255,1299,317441,42,323575
1140,0.038835,74.125.200.0-255,2902,320343,42,323575
1141,0.038843,172.31.46.0-255,66,320409,42,323575
1142,0.038876,74.125.200.0-255,2902,323311,42,323575
1143,0.038878,172.31.46.0-255,66,323377,42,323575
1144,0.03904,104.244.42.0-255,66,323443,42,323575
1145,0.039085,104.244.42.0-255,66,323509,42,323575
1146,0.039148,104.244.42.0-255,66,323575,42,323575
1147,0.0,172.31.46.0-255,66,66,42,66
1148,0.0,74.125.24.0-255,146,146,42,201847
1149,2.2e-05,172.31.46.0-255,66,212,42,201847
1150,3e-05,74.125.24.0-255,1484,1696,42,201847
1151,3.5e-05,172.31.46.0-255,66,1762,42,201847
1152,4.1e-05,74.125.24.0-255,2902,4664,42,201847
1153,5.2e-05,172.31.46.0-255,66,4730,42,201847
1154,6e-05,74.125.24.0-255,7156,11886,42,201847
1155,6.4e-05,172.31.46.0-255,66,11952,42,201847
1156,6.8e-05,74.125.24.0-255,2024,13976,42,201847
1157,7.2e-05,172.31.46.0-255,66,14042,42,201847
1158,0.000125,74.125.24.0-255,2902,16944,42,201847
1159,0.000129,172.31.46.0-255,66,17010,42,201847
1160,0.000135,74.125.24.0-255,4320,21330,42,201847
1161,0.000138,172.31.46.0-255,66,21396,42,201847
1162,0.000154,172.31.46.0-255,66,21462,42,201847
1163,0.000184,74.125.24.0-255,2902,24364,42,201847
1164,0.000186,172.31.46.0-255,66,24430,42,201847
1165,0.000221,172.31.46.0-255,66,24496,42,201847
1166,0.000225,74.125.24.0-255,2902,27398,42,201847
1167,0.000227,172.31.46.0-255,66,27464,42,201847
1168,0.000259,74.125.24.0-255,2543,30007,42,201847
1169,0.000262,172.31.46.0-255,66,30073,42,201847
1170,0.000267,74.125.24.0-255,5738,35811,42,201847
1171,0.00027,172.31.46.0-255,66,35877,42,201847
1172,0.000304,172.31.46.0-255,66,35943,42,201847
1173,0.000307,74.125.24.0-255,416,36359,42,201847
1174,0.000309,172.31.46.0-255,66,36425,42,201847
1175,0.000666,74.125.24.0-255,1484,37909,42,201847
1176,0.000673,172.31.46.0-255,66,37975,42,201847
1177,0.00068,74.125.24.0-255,2902,40877,42,201847
1178,0.000682,172.31.46.0-255,66,40943,42,201847
1179,0.000688,74.125.24.0-255,5738,46681,42,201847
1180,0.000696,172.31.46.0-255,66,46747,42,201847
1181,0.000699,74.125.24.0-255,1484,48231,42,201847
1182,0.000741,172.31.46.0-255,66,48297,42,201847
1183,0.000754,172.31.46.0-255,66,48363,42,201847
1184,0.000979,74.125.24.0-255,1484,49847,42,201847
1185,0.000984,74.125.24.0-255,1484,51331,42,201847
1186,0.000988,172.31.46.0-255,66,51397,42,201847
1187,0.001016,74.125.24.0-255,1484,52881,42,201847
1188,0.001023,74.125.24.0-255,5738,58619,42,201847
1189,0.001027,172.31.46.0-255,66,58685,42,201847
1190,0.001053,74.125.24.0-255,7156,65841,42,201847
1191,0.001057,172.31.46.0-255,66,65907,42,201847
1192,0.001077,74.125.24.0-255,5738,71645,42,201847
1193,0.00108,172.31.46.0-255,66,71711,42,201847
1194,0.001086,74.125.24.0-255,4320,76031,42,201847
1195,0.001089,172.31.46.0-255,66,76097,42,201847
1196,0.001126,74.125.24.0-255,6438,82535,42,201847
1197,0.001129,172.31.46.0-255,66,82601,42,201847
1198,0.002013,74.125.24.0-255,1484,84085,42,201847
1199,0.002017,74.125.24.0-255,1484,85569,42,201847
1200,0.002028,172.31.46.0-255,66,85635,42,201847
1201,0.002053,74.125.24.0-255,1484,87119,42,201847
1202,0.00206,74.125.24.0-255,5738,92857,42,201847
1203,0.002062,172.31.46.0-255,66,92923,42,201847
1204,0.002068,74.125.24.0-255,4320,97243,42,201847
1205,0.002069,172.31.46.0-255,66,97309,42,201847
1206,0.002077,74.125.24.0-255,7156,104465,42,201847
1207,0.002079,172.31.46.0-255,66,104531,42,201847
1208,0.002117,74.125.24.0-255,4320,108851,42,201847
1209,0.002132,172.31.46.0-255,66,108917,42,201847
1210,0.002135,172.31.46.0-255,66,108983,42,201847
1211,0.004421,74.125.24.0-255,5738,114721,42,201847
1212,0.00443,172.31.46.0-255,66,114787,42,201847
1213,0.006671,74.125.24.0-255,5738,120525,42,201847
1214,0.006681,172.31.46.0-255,66,120591,42,201847
1215,0.008924,74.125.24.0-255,5738,126329,42,201847
1216,0.008935,172.31.46.0-255,66,126395,42,201847
1217,0.011173,74.125.24.0-255,5738,132133,42,201847
1218,0.011184,172.31.46.0-255,66,132199,42,201847
1219,0.013386,74.125.24.0-255,5738,137937,42,201847
1220,0.013394,172.31.46.0-255,66,138003,42,201847
1221,0.015666,74.125.24.0-255,5738,143741,42,201847
1222,0.015673,172.31.46.0-255,66,143807,42,201847
1223,0.017899,74.125.24.0-255,5738,149545,42,201847
1224,0.017907,172.31.46.0-255,66,149611,42,201847
1225,0.020134,74.125.24.0-255,5738,155349,42,201847
1226,0.020141,172.31.46.0-255,66,155415,42,201847
1227,0.022371,74.125.24.0-255,5738,161153,42,201847
1228,0.022378,172.31.46.0-255,66,161219,42,201847
1229,0.024604,74.125.24.0-255,5738,166957,42,201847
1230,0.024611,172.31.46.0-255,66,167023,42,201847
1231,0.026855,74.125.24.0-255,5738,172761,42,201847
1232,0.026862,172.31.46.0-255,66,172827,42,201847
1233,0.029093,74.125.24.0-255,5738,178565,42,201847
1234,0.0291,172.31.46.0-255,66,178631,42,201847
1235,0.03133,74.125.24.0-255,5738,184369,42,201847
1236,0.031337,172.31.46.0-255,66,184435,42,201847
1237,0.033552,74.125.24.0-255,5738,190173,42,201847
1238,0.033559,172.31.46.0-255,66,190239,42,201847
1239,0.035794,74.125.24.0-255,5738,195977,42,201847
1240,0.035801,172.31.46.0-255,66,196043,42,201847
1241,0.038051,74.125.24.0-255,5738,201781,42,201847
1242,0.038059,172.31.46.0-255,66,201847,42,201847
1243,0.0,172.217.194.0-255,148,148,42,193059
1244,1.6e-05,172.31.46.0-255,66,214,42,193059
1245,2.2e-05,172.217.194.0-255,1484,1698,42,193059
1246,2.7e-05,172.31.46.0-255,66,1764,42,193059
1247,3.2e-05,172.217.194.0-255,2902,4666,42,193059
1248,3.5e-05,172.31.46.0-255,66,4732,42,193059
1249,4.1e-05,172.217.194.0-255,4320,9052,42,193059
1250,4.4e-05,172.31.46.0-255,66,9118,42,193059
1251,5e-05,172.217.194.0-255,4858,13976,42,193059
1252,5.3e-05,172.31.46.0-255,66,14042,42,193059
1253,8.4e-05,172.217.194.0-255,1484,15526,42,193059
1254,8.7e-05,172.31.46.0-255,66,15592,42,193059
1255,9.3e-05,172.217.194.0-255,2902,18494,42,193059
1256,9.5e-05,172.31.46.0-255,66,18560,42,193059
1257,0.000115,172.217.194.0-255,4320,22880,42,193059
1258,0.000118,172.31.46.0-255,66,22946,42,193059
1259,0.000141,172.217.194.0-255,1484,24430,42,193059
1260,0.000143,172.31.46.0-255,66,24496,42,193059
1261,0.00015,172.217.194.0-255,6797,31293,42,193059
1262,0.000152,172.31.46.0-255,66,31359,42,193059
1263,0.000191,172.217.194.0-255,1484,32843,42,193059
1264,0.000194,172.31.46.0-255,66,32909,42,193059
1265,0.000198,172.217.194.0-255,2902,35811,42,193059
1266,0.0002,172.31.46.0-255,66,35877,42,193059
1267,0.000206,172.217.194.0-255,5738,41615,42,193059
1268,0.000208,172.31.46.0-255,66,41681,42,193059
1269,0.000236,172.217.194.0-255,6797,48478,42,193059
1270,0.000239,172.31.46.0-255,66,48544,42,193059
1271,0.000674,172.217.194.0-255,1484,50028,42,193059
1272,0.00068,172.31.46.0-255,66,50094,42,193059
1273,0.000687,172.217.194.0-255,2902,52996,42,193059
1274,0.000689,172.31.46.0-255,66,53062,42,193059
1275,0.000711,172.217.194.0-255,5738,58800,42,193059
1276,0.000714,172.31.46.0-255,66,58866,42,193059
1277,0.000745,172.217.194.0-255,2902,61768,42,193059
1278,0.000748,172.31.46.0-255,66,61834,42,193059
1279,0.000769,172.217.194.0-255,4542,66376,42,193059
1280,0.000772,172.31.46.0-255,66,66442,42,193059
1281,0.000803,172.31.46.0-255,66,66508,42,193059
1282,0.000814,172.31.46.0-255,66,66574,42,193059
1283,0.000848,172.217.194.0-255,7156,73730,42,193059
1284,0.000851,172.31.46.0-255,66,73796,42,193059
1285,0.00088,172.31.46.0-255,66,73862,42,193059
1286,0.001079,172.217.194.0-255,1484,75346,42,193059
1287,0.001084,172.217.194.0-255,1484,76830,42,193059
1288,0.001088,172.31.46.0-255,66,76896,42,193059
1289,0.001107,172.217.194.0-255,1484,78380,42,193059
1290,0.001113,172.217.194.0-255,5738,84118,42,193059
1291,0.001116,172.31.46.0-255,66,84184,42,193059
1292,0.001121,172.217.194.0-255,2902,87086,42,193059
1293,0.001123,172.31.46.0-255,66,87152,42,193059
1294,0.001147,172.31.46.0-255,66,87218,42,193059
1295,0.001159,172.31.46.0-255,66,87284,42,193059
1296,0.00118,172.217.194.0-255,1484,88768,42,193059
1297,0.001183,172.217.194.0-255,766,89534,42,193059
1298,0.001186,172.31.46.0-255,66,89600,42,193059
1299,0.001213,172.217.194.0-255,1484,91084,42,193059
1300,0.001217,172.217.194.0-255,2902,93986,42,193059
1301,0.00122,172.31.46.0-255,66,94052,42,193059
1302,0.001237,172.217.194.0-255,1484,95536,42,193059
1303,0.00126,172.217.194.0-255,4320,99856,42,193059
1304,0.001262,172.31.46.0-255,66,99922,42,193059
1305,0.001283,172.217.194.0-255,5738,105660,42,193059
1306,0.001286,172.31.46.0-255,66,105726,42,193059
1307,0.001293,172.217.194.0-255,7156,112882,42,193059
1308,0.001295,172.31.46.0-255,66,112948,42,193059
1309,0.001323,172.31.46.0-255,66,113014,42,193059
1310,0.001327,172.217.194.0-255,2184,115198,42,193059
1311,0.001329,172.31.46.0-255,66,115264,42,193059
1312,0.0014,172.217.194.0-255,1484,116748,42,193059
1313,0.001414,172.217.194.0-255,2902,119650,42,193059
1314,0.001417,172.31.46.0-255,66,119716,42,193059
1315,0.001424,172.217.194.0-255,5738,125454,42,193059
1316,0.001427,172.31.46.0-255,66,125520,42,193059
1317,0.001446,172.217.194.0-255,2902,128422,42,193059
1318,0.001449,172.31.46.0-255,66,128488,42,193059
1319,0.001483,172.31.46.0-255,66,128554,42,193059
1320,0.001497,172.217.194.0-255,4320,132874,42,193059
1321,0.0015,172.31.46.0-255,66,132940,42,193059
1322,0.001524,172.217.194.0-255,6438,139378,42,193059
1323,0.001527,172.31.46.0-255,66,139444,42,193059
1324,0.001575,172.217.194.0-255,2902,142346,42,193059
1325,0.001596,172.217.194.0-255,1484,143830,42,193059
1326,0.001601,172.31.46.0-255,66,143896,42,193059
1327,0.001632,172.217.194.0-255,5738,149634,42,193059
1328,0.001638,172.31.46.0-255,66,149700,42,193059
1329,0.001649,172.217.194.0-255,5738,155438,42,193059
1330,0.001659,172.31.46.0-255,66,155504,42,193059
1331,0.001668,172.217.194.0-255,2902,158406,42,193059
1332,0.001728,172.217.194.0-255,4320,162726,42,193059
1333,0.001734,172.31.46.0-255,66,162792,42,193059
1334,0.001745,172.217.194.0-255,4320,167112,42,193059
1335,0.001752,172.217.194.0-255,5738,172850,42,193059
1336,0.001757,172.31.46.0-255,66,172916,42,193059
1337,0.001792,172.31.46.0-255,66,172982,42,193059
1338,0.001837,172.31.46.0-255,66,173048,42,193059
1339,0.001884,172.217.194.0-255,5738,178786,42,193059
1340,0.001889,172.31.46.0-255,66,178852,42,193059
1341,0.001913,172.217.194.0-255,3602,182454,42,193059
1342,0.001924,172.217.194.0-255,1484,183938,42,193059
1343,0.001959,172.31.46.0-255,66,184004,42,193059
1344,0.00197,172.217.194.0-255,5020,189024,42,193059
1345,0.002015,172.31.46.0-255,66,189090,42,193059
1346,0.002044,172.31.46.0-255,66,189156,42,193059
1347,0.002056,172.217.194.0-255,237,189393,42,193059
1348,0.002083,172.217.194.0-255,105,189498,42,193059
1349,0.004407,172.31.46.0-255,66,189564,42,193059
1350,0.004445,172.31.46.0-255,105,189669,42,193059
1351,0.006745,172.217.194.0-255,66,189735,42,193059
1352,0.026227,172.31.46.0-255,167,189902,42,193059
1353,0.026255,172.31.46.0-255,1111,191013,42,193059
1354,0.026304,172.31.46.0-255,1514,192527,42,193059
1355,0.026305,172.31.46.0-255,334,192861,42,193059
1356,0.027817,104.244.42.0-255,66,192927,42,193059
1357,0.027848,104.244.42.0-255,66,192993,42,193059
1358,0.0279,104.244.42.0-255,66,193059,42,193059
1359,0.0,74.125.200.0-255,153,153,42,334118
1360,1.2e-05,172.31.46.0-255,66,219,42,334118
1361,4.5e-05,74.125.200.0-255,1484,1703,42,334118
1362,4.9e-05,172.31.46.0-255,66,1769,42,334118
1363,6.7e-05,74.125.200.0-255,2902,4671,42,334118
1364,7e-05,172.31.46.0-255,66,4737,42,334118
1365,7.3e-05,74.125.200.0-255,1484,6221,42,334118
1366,7.5e-05,172.31.46.0-255,66,6287,42,334118
1367,9.1e-05,74.125.200.0-255,4320,10607,42,334118
1368,9.4e-05,172.31.46.0-255,66,10673,42,334118
1369,9.7e-05,74.125.200.0-255,1484,12157,42,334118
1370,9.9e-05,172.31.46.0-255,66,12223,42,334118
1371,0.000139,74.125.200.0-255,2064,14287,42,334118
1372,0.000142,172.31.46.0-255,66,14353,42,334118
1373,0.000146,74.125.200.0-255,2902,17255,42,334118
1374,0.000148,172.31.46.0-255,66,17321,42,334118
1375,0.000199,74.125.200.0-255,5738,23059,42,334118
1376,0.000203,172.31.46.0-255,66,23125,42,334118
1377,0.000221,74.125.200.0-255,1484,24609,42,334118
1378,0.000223,172.31.46.0-255,66,24675,42,334118
1379,0.000243,74.125.200.0-255,5738,30413,42,334118
1380,0.000246,172.31.46.0-255,66,30479,42,334118
1381,0.000248,74.125.200.0-255,1125,31604,42,334118
1382,0.000251,172.31.46.0-255,66,31670,42,334118
1383,0.000319,74.125.200.0-255,1484,33154,42,334118
1384,0.000323,172.31.46.0-255,66,33220,42,334118
1385,0.000326,74.125.200.0-255,1484,34704,42,334118
1386,0.000328,172.31.46.0-255,66,34770,42,334118
1387,0.00034,74.125.200.0-255,1484,36254,42,334118
1388,0.000342,172.31.46.0-255,66,36320,42,334118
1389,0.000345,74.125.200.0-255,1484,37804,42,334118
1390,0.000347,172.31.46.0-255,66,37870,42,334118
1391,0.000352,74.125.200.0-255,2902,40772,42,334118
1392,0.000355,172.31.46.0-255,66,40838,42,334118
1393,0.000375,74.125.200.0-255,2902,43740,42,334118
1394,0.000377,172.31.46.0-255,66,43806,42,334118
1395,0.000397,74.125.200.0-255,2902,46708,42,334118
1396,0.000399,172.31.46.0-255,66,46774,42,334118
1397,0.000403,74.125.200.0-255,2543,49317,42,334118
1398,0.000405,172.31.46.0-255,66,49383,42,334118
1399,0.00041,74.125.200.0-255,2902,52285,42,334118
1400,0.000412,172.31.46.0-255,66,52351,42,334118
1401,0.000431,74.125.200.0-255,5738,58089,42,334118
1402,0.000433,172.31.46.0-255,66,58155,42,334118
1403,0.000456,74.125.200.0-255,1484,59639,42,334118
1404,0.000465,74.125.200.0-255,7110,66749,42,334118
1405,0.000468,172.31.46.0-255,66,66815,42,334118
1406,0.000484,74.125.200.0-255,342,67157,42,334118
1407,0.000655,74.125.200.0-255,1484,68641,42,334118
1408,0.000659,172.31.46.0-255,66,68707,42,334118
1409,0.000665,74.125.200.0-255,2902,71609,42,334118
1410,0.000668,172.31.46.0-255,66,71675,42,334118
1411,0.000682,74.125.200.0-255,2902,74577,42,334118
1412,0.000684,172.31.46.0-255,66,74643,42,334118
1413,0.000706,74.125.200.0-255,2902,77545,42,334118
1414,0.000709,74.125.200.0-255,2902,80447,42,334118
1415,0.000714,74.125.200.0-255,3961,84408,42,334118
1416,0.000718,172.31.46.0-255,66,84474,42,334118
1417,0.000721,172.31.46.0-255,66,84540,42,334118
1418,0.000723,172.31.46.0-255,66,84606,42,334118
1419,0.000733,74.125.200.0-255,2902,87508,42,334118
1420,0.000735,172.31.46.0-255,66,87574,42,334118
1421,0.000761,74.125.200.0-255,5738,93312,42,334118
1422,0.000764,172.31.46.0-255,66,93378,42,334118
1423,0.000769,74.125.200.0-255,4320,97698,42,334118
1424,0.00077,172.31.46.0-255,66,97764,42,334118
1425,0.000796,74.125.200.0-255,3961,101725,42,334118
1426,0.000798,172.31.46.0-255,66,101791,42,334118
1427,0.000882,74.125.200.0-255,1484,103275,42,334118
1428,0.0009,74.125.200.0-255,2902,106177,42,334118
1429,0.000902,172.31.46.0-255,66,106243,42,334118
1430,0.000919,74.125.200.0-255,2902,109145,42,334118
1431,0.000921,172.31.46.0-255,66,109211,42,334118
1432,0.000945,74.125.200.0-255,2902,112113,42,334118
1433,0.000948,172.31.46.0-255,66,112179,42,334118
1434,0.000955,74.125.200.0-255,7156,119335,42,334118
1435,0.000957,172.31.46.0-255,66,119401,42,334118
1436,0.000963,74.125.200.0-255,4320,123721,42,334118
1437,0.000966,172.31.46.0-255,66,123787,42,334118
1438,0.000991,74.125.200.0-255,4320,128107,42,334118
1439,0.000994,172.31.46.0-255,66,128173,42,334118
1440,0.001001,74.125.200.0-255,5738,133911,42,334118
1441,0.001003,172.31.46.0-255,66,133977,42,334118
1442,0.001025,74.125.200.0-255,2184,136161,42,334118
1443,0.001027,172.31.46.0-255,66,136227,42,334118
1444,0.001242,74.125.200.0-255,1484,137711,42,334118
1445,0.001258,74.125.200.0-255,2902,140613,42,334118
1446,0.001261,172.31.46.0-255,66,140679,42,334118
1447,0.001294,74.125.200.0-255,4320,144999,42,334118
1448,0.001297,172.31.46.0-255,66,145065,42,334118
1449,0.001307,172.31.46.0-255,66,145131,42,334118
1450,0.001312,74.125.200.0-255,2902,148033,42,334118
1451,0.001314,172.31.46.0-255,66,148099,42,334118
1452,0.001339,74.125.200.0-255,2902,151001,42,334118
1453,0.001341,172.31.46.0-255,66,151067,42,334118
1454,0.001377,172.31.46.0-255,66,151133,42,334118
1455,0.00138,74.125.200.0-255,766,151899,42,334118
1456,0.00226,74.125.200.0-255,1484,153383,42,334118
1457,0.002266,172.31.46.0-255,66,153449,42,334118
1458,0.002273,74.125.200.0-255,2902,156351,42,334118
1459,0.002275,172.31.46.0-255,66,156417,42,334118
1460,0.00228,74.125.200.0-255,2902,159319,42,334118
1461,0.002282,172.31.46.0-255,66,159385,42,334118
1462,0.002308,74.125.200.0-255,2902,162287,42,334118
1463,0.00231,172.31.46.0-255,66,162353,42,334118
1464,0.002313,74.125.200.0-255,1484,163837,42,334118
1465,0.002318,74.125.200.0-255,2902,166739,42,334118
1466,0.00232,172.31.46.0-255,66,166805,42,334118
1467,0.002335,74.125.200.0-255,5738,172543,42,334118
1468,0.002337,172.31.46.0-255,66,172609,42,334118
1469,0.00234,74.125.200.0-255,1484,174093,42,334118
1470,0.002345,74.125.200.0-255,4320,178413,42,334118
1471,0.002346,172.31.46.0-255,66,178479,42,334118
1472,0.00235,74.125.200.0-255,2902,181381,42,334118
1473,0.002353,172.31.46.0-255,66,181447,42,334118
1474,0.002382,74.125.200.0-255,4320,185767,42,334118
1475,0.002384,172.31.46.0-255,66,185833,42,334118
1476,0.002388,74.125.200.0-255,766,186599,42,334118
1477,0.002546,74.125.200.0-255,1484,188083,42,334118
1478,0.002551,172.31.46.0-255,66,188149,42,334118
1479,0.002596,74.125.200.0-255,2902,191051,42,334118
1480,0.002599,172.31.46.0-255,66,191117,42,334118
1481,0.002602,74.125.200.0-255,1484,192601,42,334118
1482,0.002606,74.125.200.0-255,1484,194085,42,334118
1483,0.002608,172.31.46.0-255,66,194151,42,334118
1484,0.002611,74.125.200.0-255,1484,195635,42,334118
1485,0.002613,74.125.200.0-255,1484,197119,42,334118
1486,0.002616,172.31.46.0-255,66,197185,42,334118
1487,0.002619,74.125.200.0-255,1484,198669,42,334118
1488,0.002622,74.125.200.0-255,1484,200153,42,334118
1489,0.002623,172.31.46.0-255,66,200219,42,334118
1490,0.002629,74.125.200.0-255,4320,204539,42,334118
1491,0.002631,172.31.46.0-255,66,204605,42,334118
1492,0.002655,74.125.200.0-255,2902,207507,42,334118
1493,0.002657,172.31.46.0-255,66,207573,42,334118
1494,0.002664,74.125.200.0-255,5738,213311,42,334118
1495,0.002666,172.31.46.0-255,66,213377,42,334118
1496,0.002669,74.125.200.0-255,1484,214861,42,334118
1497,0.002671,74.125.200.0-255,1484,216345,42,334118
1498,0.002673,172.31.46.0-255,66,216411,42,334118
1499,0.002676,74.125.200.0-255,1484,217895,42,334118
1500,0.002682,74.125.200.0-255,3602,221497,42,334118
1501,0.002683,172.31.46.0-255,66,221563,42,334118
1502,0.002713,74.125.200.0-255,7156,228719,42,334118
1503,0.002715,172.31.46.0-255,66,228785,42,334118
1504,0.002738,74.125.200.0-255,2902,231687,42,334118
1505,0.002741,172.31.46.0-255,66,231753,42,334118
1506,0.002745,74.125.200.0-255,4320,236073,42,334118
1507,0.002747,172.31.46.0-255,66,236139,42,334118
1508,0.002753,74.125.200.0-255,5738,241877,42,334118
1509,0.002754,172.31.46.0-255,66,241943,42,334118
1510,0.002775,172.31.46.0-255,66,242009,42,334118
1511,0.00278,74.125.200.0-255,3602,245611,42,334118
1512,0.002781,172.31.46.0-255,66,245677,42,334118
1513,0.002798,74.125.200.0-255,4320,249997,42,334118
1514,0.0028,172.31.46.0-255,66,250063,42,334118
1515,0.002828,172.31.46.0-255,66,250129,42,334118
1516,0.002832,74.125.200.0-255,2902,253031,42,334118
1517,0.002834,172.31.46.0-255,66,253097,42,334118
1518,0.002891,172.31.46.0-255,66,253163,42,334118
1519,0.002894,74.125.200.0-255,2184,255347,42,334118
1520,0.002896,172.31.46.0-255,66,255413,42,334118
1521,0.0029,74.125.200.0-255,2902,258315,42,334118
1522,0.002902,172.31.46.0-255,66,258381,42,334118
1523,0.002909,74.125.200.0-255,7156,265537,42,334118
1524,0.002911,172.31.46.0-255,66,265603,42,334118
1525,0.002913,74.125.200.0-255,1484,267087,42,334118
1526,0.002931,74.125.200.0-255,1484,268571,42,334118
1527,0.002933,172.31.46.0-255,66,268637,42,334118
1528,0.002937,74.125.200.0-255,2902,271539,42,334118
1529,0.002939,172.31.46.0-255,66,271605,42,334118
1530,0.002942,74.125.200.0-255,1484,273089,42,334118
1531,0.002958,74.125.200.0-255,4320,277409,42,334118
1532,0.00296,172.31.46.0-255,66,277475,42,334118
1533,0.002965,74.125.200.0-255,4320,281795,42,334118
1534,0.002967,172.31.46.0-255,66,281861,42,334118
1535,0.002969,74.125.200.0-255,1484,283345,42,334118
1536,0.003003,74.125.200.0-255,6438,289783,42,334118
1537,0.003006,172.31.46.0-255,66,289849,42,334118
1538,0.003027,74.125.200.0-255,5738,295587,42,334118
1539,0.003029,172.31.46.0-255,66,295653,42,334118
1540,0.003046,74.125.200.0-255,1484,297137,42,334118
1541,0.00306,74.125.200.0-255,5738,302875,42,334118
1542,0.003062,172.31.46.0-255,66,302941,42,334118
1543,0.003084,74.125.200.0-255,5738,308679,42,334118
1544,0.003086,172.31.46.0-255,66,308745,42,334118
1545,0.003089,74.125.200.0-255,1484,310229,42,334118
1546,0.003121,172.31.46.0-255,66,310295,42,334118
1547,0.003123,74.125.200.0-255,766,311061,42,334118
1548,0.003153,172.31.46.0-255,66,311127,42,334118
1549,0.00316,74.125.200.0-255,7156,318283,42,334118
1550,0.003162,172.31.46.0-255,66,318349,42,334118
1551,0.003177,74.125.200.0-255,1484,319833,42,334118
1552,0.00318,74.125.200.0-255,1484,321317,42,334118
1553,0.003181,172.31.46.0-255,66,321383,42,334118
1554,0.003184,74.125.200.0-255,1484,322867,42,334118
1555,0.003188,74.125.200.0-255,3671,326538,42,334118
1556,0.00319,172.31.46.0-255,66,326604,42,334118
1557,0.00323,74.125.200.0-255,105,326709,42,334118
1558,0.008425,172.31.46.0-255,66,326775,42,334118
1559,0.008463,172.31.46.0-255,105,326880,42,334118
1560,0.010673,74.125.200.0-255,66,326946,42,334118
1561,0.026402,172.31.46.0-255,172,327118,42,334118
1562,0.026432,172.31.46.0-255,1106,328224,42,334118
1563,0.026486,172.31.46.0-255,1514,329738,42,334118
1564,0.026487,172.31.46.0-255,1514,331252,42,334118
1565,0.026492,172.31.46.0-255,1514,332766,42,334118
1566,0.026493,172.31.46.0-255,1088,333854,42,334118
1567,0.027902,104.244.42.0-255,66,333920,42,334118
1568,0.028038,104.244.42.0-255,66,333986,42,334118
1569,0.028065,104.244.42.0-255,66,334052,42,334118
1570,0.028086,104.244.42.0-255,66,334118,42,334118
1571,0.0,74.125.200.0-255,152,152,42,267125
1572,2.6e-05,172.31.46.0-255,66,218,42,267125
1573,3.3e-05,74.125.200.0-255,1484,1702,42,267125
1574,3.8e-05,172.31.46.0-255,66,1768,42,267125
1575,4.4e-05,74.125.200.0-255,2902,4670,42,267125
1576,4.8e-05,172.31.46.0-255,66,4736,42,267125
1577,5.3e-05,74.125.200.0-255,4320,9056,42,267125
1578,5.6e-05,172.31.46.0-255,66,9122,42,267125
1579,6.2e-05,74.125.200.0-255,4320,13442,42,267125
1580,6.5e-05,172.31.46.0-255,66,13508,42,267125
1581,9.7e-05,74.125.200.0-255,4840,18348,42,267125
1582,0.000101,172.31.46.0-255,66,18414,42,267125
1583,0.000105,74.125.200.0-255,2902,21316,42,267125
1584,0.000107,172.31.46.0-255,66,21382,42,267125
1585,0.000154,172.31.46.0-255,66,21448,42,267125
1586,0.000257,74.125.200.0-255,1484,22932,42,267125
1587,0.000259,172.31.46.0-255,66,22998,42,267125
1588,0.000278,74.125.200.0-255,2902,25900,42,267125
1589,0.00028,172.31.46.0-255,66,25966,42,267125
1590,0.000286,74.125.200.0-255,4320,30286,42,267125
1591,0.000289,172.31.46.0-255,66,30352,42,267125
1592,0.000313,74.125.200.0-255,4320,34672,42,267125
1593,0.000315,172.31.46.0-255,66,34738,42,267125
1594,0.000339,74.125.200.0-255,5379,40117,42,267125
1595,0.000342,172.31.46.0-255,66,40183,42,267125
1596,0.000347,74.125.200.0-255,4320,44503,42,267125
1597,0.000349,172.31.46.0-255,66,44569,42,267125
1598,0.000356,74.125.200.0-255,5738,50307,42,267125
1599,0.000358,172.31.46.0-255,66,50373,42,267125
1600,0.000385,74.125.200.0-255,5693,56066,42,267125
1601,0.000388,172.31.46.0-255,66,56132,42,267125
1602,0.000391,74.125.200.0-255,342,56474,42,267125
1603,0.000534,74.125.200.0-255,1484,57958,42,267125
1604,0.000539,172.31.46.0-255,66,58024,42,267125
1605,0.000561,74.125.200.0-255,2902,60926,42,267125
1606,0.000563,172.31.46.0-255,66,60992,42,267125
1607,0.00057,74.125.200.0-255,5738,66730,42,267125
1608,0.000572,172.31.46.0-255,66,66796,42,267125
1609,0.000594,74.125.200.0-255,4320,71116,42,267125
1610,0.0006,74.125.200.0-255,5738,76854,42,267125
1611,0.000604,172.31.46.0-255,66,76920,42,267125
1612,0.00061,172.31.46.0-255,66,76986,42,267125
1613,0.000613,74.125.200.0-255,1484,78470,42,267125
1614,0.000642,172.31.46.0-255,66,78536,42,267125
1615,0.000658,74.125.200.0-255,1484,80020,42,267125
1616,0.000663,74.125.200.0-255,2184,82204,42,267125
1617,0.000665,172.31.46.0-255,66,82270,42,267125
1618,0.000701,74.125.200.0-255,1484,83754,42,267125
1619,0.000714,74.125.200.0-255,2902,86656,42,267125
1620,0.000723,172.31.46.0-255,66,86722,42,267125
1621,0.000727,74.125.200.0-255,1484,88206,42,267125
1622,0.000762,74.125.200.0-255,4320,92526,42,267125
1623,0.000766,172.31.46.0-255,66,92592,42,267125
1624,0.000774,74.125.200.0-255,7156,99748,42,267125
1625,0.000776,172.31.46.0-255,66,99814,42,267125
1626,0.000781,74.125.200.0-255,2902,102716,42,267125
1627,0.000784,172.31.46.0-255,66,102782,42,267125
1628,0.000811,172.31.46.0-255,66,102848,42,267125
1629,0.000836,74.125.200.0-255,2184,105032,42,267125
1630,0.000839,172.31.46.0-255,66,105098,42,267125
1631,0.001417,74.125.200.0-255,1484,106582,42,267125
1632,0.001434,74.125.200.0-255,2902,109484,42,267125
1633,0.001437,172.31.46.0-255,66,109550,42,267125
1634,0.001458,74.125.200.0-255,2902,112452,42,267125
1635,0.001461,172.31.46.0-255,66,112518,42,267125
1636,0.001484,74.125.200.0-255,4320,116838,42,267125
1637,0.001486,172.31.46.0-255,66,116904,42,267125
1638,0.001497,172.31.46.0-255,66,116970,42,267125
1639,0.001554,172.31.46.0-255,66,117036,42,267125
1640,0.00156,74.125.200.0-255,3602,120638,42,267125
1641,0.001562,172.31.46.0-255,66,120704,42,267125
1642,0.001721,74.125.200.0-255,1484,122188,42,267125
1643,0.001727,74.125.200.0-255,2902,125090,42,267125
1644,0.00173,172.31.46.0-255,66,125156,42,267125
1645,0.001753,74.125.200.0-255,2902,128058,42,267125
1646,0.001756,172.31.46.0-255,66,128124,42,267125
1647,0.001761,74.125.200.0-255,4320,132444,42,267125
1648,0.001763,172.31.46.0-255,66,132510,42,267125
1649,0.001769,74.125.200.0-255,4320,136830,42,267125
1650,0.001771,172.31.46.0-255,66,136896,42,267125
1651,0.001799,74.125.200.0-255,4320,141216,42,267125
1652,0.001802,172.31.46.0-255,66,141282,42,267125
1653,0.001812,172.31.46.0-255,66,141348,42,267125
1654,0.001841,74.125.200.0-255,1484,142832,42,267125
1655,0.001858,74.125.200.0-255,3602,146434,42,267125
1656,0.001861,172.31.46.0-255,66,146500,42,267125
1657,0.001942,74.125.200.0-255,1484,147984,42,267125
1658,0.001957,74.125.200.0-255,2902,150886,42,267125
1659,0.00196,172.31.46.0-255,66,150952,42,267125
1660,0.001976,74.125.200.0-255,2902,153854,42,267125
1661,0.001987,172.31.46.0-255,66,153920,42,267125
1662,0.001992,74.125.200.0-255,2902,156822,42,267125
1663,0.001995,172.31.46.0-255,66,156888,42,267125
1664,0.001998,74.125.200.0-255,1484,158372,42,267125
1665,0.002017,74.125.200.0-255,5738,164110,42,267125
1666,0.00202,172.31.46.0-255,66,164176,42,267125
1667,0.002027,74.125.200.0-255,5738,169914,42,267125
1668,0.002029,172.31.46.0-255,66,169980,42,267125
1669,0.002049,74.125.200.0-255,2902,172882,42,267125
1670,0.002052,172.31.46.0-255,66,172948,42,267125
1671,0.002063,172.31.46.0-255,66,173014,42,267125
1672,0.002095,74.125.200.0-255,1484,174498,42,267125
1673,0.002108,74.125.200.0-255,2902,177400,42,267125
1674,0.00211,172.31.46.0-255,66,177466,42,267125
1675,0.002115,74.125.200.0-255,2902,180368,42,267125
1676,0.002117,172.31.46.0-255,66,180434,42,267125
1677,0.002132,74.125.200.0-255,2902,183336,42,267125
1678,0.002135,172.31.46.0-255,66,183402,42,267125
1679,0.002156,74.125.200.0-255,4320,187722,42,267125
1680,0.002159,172.31.46.0-255,66,187788,42,267125
1681,0.002181,74.125.200.0-255,4320,192108,42,267125
1682,0.002183,172.31.46.0-255,66,192174,42,267125
1683,0.002197,172.31.46.0-255,66,192240,42,267125
1684,0.002222,74.125.200.0-255,6438,198678,42,267125
1685,0.002225,172.31.46.0-255,66,198744,42,267125
1686,0.002231,74.125.200.0-255,4320,203064,42,267125
1687,0.002233,172.31.46.0-255,66,203130,42,267125
1688,0.002247,74.125.200.0-255,2902,206032,42,267125
1689,0.00225,172.31.46.0-255,66,206098,42,267125
1690,0.002283,172.31.46.0-255,66,206164,42,267125
1691,0.002298,74.125.200.0-255,2902,209066,42,267125
1692,0.0023,172.31.46.0-255,66,209132,42,267125
1693,0.002307,74.125.200.0-255,5738,214870,42,267125
1694,0.002309,172.31.46.0-255,66,214936,42,267125
1695,0.00234,74.125.200.0-255,5020,219956,42,267125
1696,0.002343,172.31.46.0-255,66,220022,42,267125
1697,0.002381,172.31.46.0-255,66,220088,42,267125
1698,0.002403,74.125.200.0-255,1484,221572,42,267125
1699,0.002418,172.31.46.0-255,66,221638,42,267125
1700,0.00243,172.31.46.0-255,66,221704,42,267125
1701,0.002447,74.125.200.0-255,2184,223888,42,267125
1702,0.002449,172.31.46.0-255,66,223954,42,267125
1703,0.002489,74.125.200.0-255,1484,225438,42,267125
1704,0.002506,74.125.200.0-255,1484,226922,42,267125
1705,0.002509,172.31.46.0-255,66,226988,42,267125
1706,0.002517,74.125.200.0-255,7156,234144,42,267125
1707,0.002519,172.31.46.0-255,66,234210,42,267125
1708,0.002526,74.125.200.0-255,5738,239948,42,267125
1709,0.002528,172.31.46.0-255,66,240014,42,267125
1710,0.002531,74.125.200.0-255,1484,241498,42,267125
1711,0.002554,74.125.200.0-255,5738,247236,42,267125
1712,0.002556,172.31.46.0-255,66,247302,42,267125
1713,0.00257,172.31.46.0-255,66,247368,42,267125
1714,0.002589,74.125.200.0-255,2902,250270,42,267125
1715,0.002591,172.31.46.0-255,66,250336,42,267125
1716,0.002629,172.31.46.0-255,66,250402,42,267125
1717,0.002635,74.125.200.0-255,4320,254722,42,267125
1718,0.002637,172.31.46.0-255,66,254788,42,267125
1719,0.002653,74.125.200.0-255,5738,260526,42,267125
1720,0.002656,172.31.46.0-255,66,260592,42,267125
1721,0.002675,74.125.200.0-255,1830,262422,42,267125
1722,0.002678,172.31.46.0-255,66,262488,42,267125
1723,0.005327,74.125.200.0-255,105,262593,42,267125
1724,0.01115,172.31.46.0-255,66,262659,42,267125
1725,0.01121,172.31.46.0-255,105,262764,42,267125
1726,0.013888,74.125.200.0-255,66,262830,42,267125
1727,0.037092,172.31.46.0-255,172,263002,42,267125
1728,0.037127,172.31.46.0-255,1110,264112,42,267125
1729,0.037189,172.31.46.0-255,1514,265626,42,267125
1730,0.037192,172.31.46.0-255,1301,266927,42,267125
1731,0.038744,104.244.42.0-255,66,266993,42,267125
1732,0.038755,104.244.42.0-255,66,267059,42,267125
1733,0.038835,104.244.42.0-255,66,267125,42,267125
1734,0.0,74.125.200.0-255,146,146,42,299869
1735,1.4e-05,172.31.46.0-255,66,212,42,299869
1736,4.7e-05,74.125.200.0-255,1484,1696,42,299869
1737,5.2e-05,172.31.46.0-255,66,1762,42,299869
1738,5.5e-05,74.125.200.0-255,1484,3246,42,299869
1739,5.8e-05,172.31.46.0-255,66,3312,42,299869
1740,0.000104,74.125.200.0-255,2902,6214,42,299869
1741,0.000107,172.31.46.0-255,66,6280,42,299869
1742,0.00013,74.125.200.0-255,4320,10600,42,299869
1743,0.000133,172.31.46.0-255,66,10666,42,299869
1744,0.00016,74.125.200.0-255,1484,12150,42,299869
1745,0.000163,172.31.46.0-255,66,12216,42,299869
1746,0.000168,74.125.200.0-255,2161,14377,42,299869
1747,0.00017,172.31.46.0-255,66,14443,42,299869
1748,0.000223,74.125.200.0-255,1484,15927,42,299869
1749,0.000225,172.31.46.0-255,66,15993,42,299869
1750,0.000253,74.125.200.0-255,2902,18895,42,299869
1751,0.000256,172.31.46.0-255,66,18961,42,299869
1752,0.000273,74.125.200.0-255,1484,20445,42,299869
1753,0.000276,172.31.46.0-255,66,20511,42,299869
1754,0.000301,74.125.200.0-255,2902,23413,42,299869
1755,0.000303,172.31.46.0-255,66,23479,42,299869
1756,0.000308,74.125.200.0-255,2902,26381,42,299869
1757,0.00031,172.31.46.0-255,66,26447,42,299869
1758,0.000328,74.125.200.0-255,1484,27931,42,299869
1759,0.000335,172.31.46.0-255,66,27997,42,299869
1760,0.000364,74.125.200.0-255,3961,31958,42,299869
1761,0.000367,172.31.46.0-255,66,32024,42,299869
1762,0.000627,74.125.200.0-255,1484,33508,42,299869
1763,0.000633,172.31.46.0-255,66,33574,42,299869
1764,0.00064,74.125.200.0-255,2902,36476,42,299869
1765,0.000643,172.31.46.0-255,66,36542,42,299869
1766,0.000654,74.125.200.0-255,5738,42280,42,299869
1767,0.000657,172.31.46.0-255,66,42346,42,299869
1768,0.00066,74.125.200.0-255,1484,43830,42,299869
1769,0.000662,172.31.46.0-255,66,43896,42,299869
1770,0.000698,74.125.200.0-255,5379,49275,42,299869
1771,0.000701,172.31.46.0-255,66,49341,42,299869
1772,0.000722,74.125.200.0-255,5738,55079,42,299869
1773,0.000725,172.31.46.0-255,66,55145,42,299869
1774,0.000729,74.125.200.0-255,4320,59465,42,299869
1775,0.000731,172.31.46.0-255,66,59531,42,299869
1776,0.000762,74.125.200.0-255,2902,62433,42,299869
1777,0.000765,172.31.46.0-255,66,62499,42,299869
1778,0.000771,74.125.200.0-255,4238,66737,42,299869
1779,0.000773,172.31.46.0-255,66,66803,42,299869
1780,0.00081,74.125.200.0-255,133,66936,42,299869
1781,0.000813,172.31.46.0-255,66,67002,42,299869
1782,0.001024,74.125.200.0-255,1484,68486,42,299869
1783,0.001028,172.31.46.0-255,66,68552,42,299869
1784,0.001034,74.125.200.0-255,2902,71454,42,299869
1785,0.001036,172.31.46.0-255,66,71520,42,299869
1786,0.001066,74.125.200.0-255,5738,77258,42,299869
1787,0.001069,172.31.46.0-255,66,77324,42,299869
1788,0.001095,74.125.200.0-255,1484,78808,42,299869
1789,0.0011,74.125.200.0-255,2902,81710,42,299869
1790,0.001103,172.31.46.0-255,66,81776,42,299869
1791,0.001121,74.125.200.0-255,1484,83260,42,299869
1792,0.001125,74.125.200.0-255,2902,86162,42,299869
1793,0.001128,172.31.46.0-255,66,86228,42,299869
1794,0.001166,74.125.200.0-255,5738,91966,42,299869
1795,0.00117,172.31.46.0-255,66,92032,42,299869
1796,0.001205,172.31.46.0-255,66,92098,42,299869
1797,0.001543,74.125.200.0-255,1484,93582,42,299869
1798,0.001548,74.125.200.0-255,1484,95066,42,299869
1799,0.001552,172.31.46.0-255,66,95132,42,299869
1800,0.001576,74.125.200.0-255,1484,96616,42,299869
1801,0.001581,74.125.200.0-255,4320,100936,42,299869
1802,0.001584,172.31.46.0-255,66,101002,42,299869
1803,0.001591,74.125.200.0-255,5738,106740,42,299869
1804,0.001593,172.31.46.0-255,66,106806,42,299869
1805,0.001634,74.125.200.0-255,4320,111126,42,299869
1806,0.001637,172.31.46.0-255,66,111192,42,299869
1807,0.001663,74.125.200.0-255,1484,112676,42,299869
1808,0.00167,74.125.200.0-255,7156,119832,42,299869
1809,0.001674,74.125.200.0-255,4320,124152,42,299869
1810,0.001684,172.31.46.0-255,66,124218,42,299869
1811,0.001687,172.31.46.0-255,66,124284,42,299869
1812,0.001691,74.125.200.0-255,2184,126468,42,299869
1813,0.001693,172.31.46.0-255,66,126534,42,299869
1814,0.001705,74.125.200.0-255,7156,133690,42,299869
1815,0.001708,172.31.46.0-255,66,133756,42,299869
1816,0.001743,74.125.200.0-255,7156,140912,42,299869
1817,0.001745,172.31.46.0-255,66,140978,42,299869
1818,0.001775,74.125.200.0-255,5738,146716,42,299869
1819,0.001778,172.31.46.0-255,66,146782,42,299869
1820,0.001797,172.31.46.0-255,66,146848,42,299869
1821,0.001872,74.125.200.0-255,1484,148332,42,299869
1822,0.001886,74.125.200.0-255,2902,151234,42,299869
1823,0.001889,172.31.46.0-255,66,151300,42,299869
1824,0.001892,74.125.200.0-255,1484,152784,42,299869
1825,0.001912,74.125.200.0-255,4320,157104,42,299869
1826,0.001914,172.31.46.0-255,66,157170,42,299869
1827,0.001943,74.125.200.0-255,5738,162908,42,299869
1828,0.001946,172.31.46.0-255,66,162974,42,299869
1829,0.001972,74.125.200.0-255,5738,168712,42,299869
1830,0.001975,172.31.46.0-255,66,168778,42,299869
1831,0.00198,74.125.200.0-255,2902,171680,42,299869
1832,0.001982,172.31.46.0-255,66,171746,42,299869
1833,0.002018,172.31.46.0-255,66,171812,42,299869
1834,0.002245,74.125.200.0-255,1484,173296,42,299869
1835,0.002251,74.125.200.0-255,2902,176198,42,299869
1836,0.002254,172.31.46.0-255,66,176264,42,299869
1837,0.002286,74.125.200.0-255,5738,182002,42,299869
1838,0.002289,172.31.46.0-255,66,182068,42,299869
1839,0.002296,74.125.200.0-255,5738,187806,42,299869
1840,0.002298,172.31.46.0-255,66,187872,42,299869
1841,0.002305,74.125.200.0-255,5738,193610,42,299869
1842,0.002307,172.31.46.0-255,66,193676,42,299869
1843,0.002333,74.125.200.0-255,1484,195160,42,299869
1844,0.002335,74.125.200.0-255,1484,196644,42,299869
1845,0.00234,172.31.46.0-255,66,196710,42,299869
1846,0.002376,172.31.46.0-255,66,196776,42,299869
1847,0.002382,74.125.200.0-255,5738,202514,42,299869
1848,0.002385,172.31.46.0-255,66,202580,42,299869
1849,0.002388,74.125.200.0-255,1484,204064,42,299869
1850,0.002421,74.125.200.0-255,5738,209802,42,299869
1851,0.002427,172.31.46.0-255,66,209868,42,299869
1852,0.004772,74.125.200.0-255,5738,215606,42,299869
1853,0.004779,172.31.46.0-255,66,215672,42,299869
1854,0.007131,74.125.200.0-255,5738,221410,42,299869
1855,0.007138,172.31.46.0-255,66,221476,42,299869
1856,0.009508,74.125.200.0-255,4320,225796,42,299869
1857,0.009515,172.31.46.0-255,66,225862,42,299869
1858,0.009542,74.125.200.0-255,1484,227346,42,299869
1859,0.011867,74.125.200.0-255,4320,231666,42,299869
1860,0.011876,172.31.46.0-255,66,231732,42,299869
1861,0.014221,74.125.200.0-255,5738,237470,42,299869
1862,0.014228,172.31.46.0-255,66,237536,42,299869
1863,0.016613,74.125.200.0-255,5738,243274,42,299869
1864,0.016628,172.31.46.0-255,66,243340,42,299869
1865,0.018985,74.125.200.0-255,5738,249078,42,299869
1866,0.018995,172.31.46.0-255,66,249144,42,299869
1867,0.021335,74.125.200.0-255,5738,254882,42,299869
1868,0.021342,172.31.46.0-255,66,254948,42,299869
1869,0.023697,74.125.200.0-255,5738,260686,42,299869
1870,0.023703,172.31.46.0-255,66,260752,42,299869
1871,0.026077,74.125.200.0-255,5738,266490,42,299869
1872,0.026085,172.31.46.0-255,66,266556,42,299869
1873,0.02763,172.31.46.0-255,172,266728,42,299869
1874,0.027668,172.31.46.0-255,1111,267839,42,299869
1875,0.027736,172.31.46.0-255,1514,269353,42,299869
1876,0.027738,172.31.46.0-255,1298,270651,42,299869
1877,0.028436,74.125.200.0-255,5738,276389,42,299869
1878,0.028444,172.31.46.0-255,66,276455,42,299869
1879,0.029186,104.244.42.0-255,66,276521,42,299869
1880,0.029227,104.244.42.0-255,66,276587,42,299869
1881,0.029279,104.244.42.0-255,66,276653,42,299869
1882,0.030795,74.125.200.0-255,5738,282391,42,299869
1883,0.030802,172.31.46.0-255,66,282457,42,299869
1884,0.033163,74.125.200.0-255,5738,288195,42,299869
1885,0.033171,172.31.46.0-255,66,288261,42,299869
1886,0.03553,74.125.200.0-255,5738,293999,42,299869
1887,0.035537,172.31.46.0-255,66,294065,42,299869
1888,0.037907,74.125.200.0-255,5738,299803,42,299869
1889,0.037914,172.31.46.0-255,66,299869,42,299869
1890,0.0,74.125.24.0-255,156,156,42,215819
1891,1.2e-05,172.31.46.0-255,66,222,42,215819
1892,1.8e-05,74.125.24.0-255,1484,1706,42,215819
1893,2.1e-05,172.31.46.0-255,66,1772,42,215819
1894,2.6e-05,74.125.24.0-255,2902,4674,42,215819
1895,2.8e-05,172.31.46.0-255,66,4740,42,215819
1896,6.4e-05,74.125.24.0-255,2902,7642,42,215819
1897,6.7e-05,172.31.46.0-255,66,7708,42,215819
1898,9.4e-05,74.125.24.0-255,2902,10610,42,215819
1899,9.6e-05,172.31.46.0-255,66,10676,42,215819
1900,0.000114,74.125.24.0-255,1484,12160,42,215819
1901,0.000115,172.31.46.0-255,66,12226,42,215819
1902,0.000135,74.125.24.0-255,3543,15769,42,215819
1903,0.000138,172.31.46.0-255,66,15835,42,215819
1904,0.00014,74.125.24.0-255,1484,17319,42,215819
1905,0.000142,172.31.46.0-255,66,17385,42,215819
1906,0.000171,172.31.46.0-255,66,17451,42,215819
1907,0.000177,74.125.24.0-255,5379,22830,42,215819
1908,0.000179,172.31.46.0-255,66,22896,42,215819
1909,0.000273,74.125.24.0-255,1484,24380,42,215819
1910,0.000276,172.31.46.0-255,66,24446,42,215819
1911,0.000281,74.125.24.0-255,2902,27348,42,215819
1912,0.000283,172.31.46.0-255,66,27414,42,215819
1913,0.000322,74.125.24.0-255,5738,33152,42,215819
1914,0.000325,172.31.46.0-255,66,33218,42,215819
1915,0.000331,74.125.24.0-255,6797,40015,42,215819
1916,0.000333,172.31.46.0-255,66,40081,42,215819
1917,0.000348,74.125.24.0-255,4320,44401,42,215819
1918,0.00035,172.31.46.0-255,66,44467,42,215819
1919,0.000383,172.31.46.0-255,66,44533,42,215819
1920,0.000387,74.125.24.0-255,2818,47351,42,215819
1921,0.000388,172.31.46.0-255,66,47417,42,215819
1922,0.000412,74.125.24.0-255,134,47551,42,215819
1923,0.000476,74.125.24.0-255,1484,49035,42,215819
1924,0.00048,172.31.46.0-255,66,49101,42,215819
1925,0.000486,74.125.24.0-255,2902,52003,42,215819
1926,0.000488,172.31.46.0-255,66,52069,42,215819
1927,0.000493,74.125.24.0-255,4320,56389,42,215819
1928,0.000496,172.31.46.0-255,66,56455,42,215819
1929,0.000517,74.125.24.0-255,1484,57939,42,215819
1930,0.000524,74.125.24.0-255,6797,64736,42,215819
1931,0.000527,172.31.46.0-255,66,64802,42,215819
1932,0.000963,74.125.24.0-255,1484,66286,42,215819
1933,0.000979,74.125.24.0-255,2902,69188,42,215819
1934,0.000982,172.31.46.0-255,66,69254,42,215819
1935,0.000987,74.125.24.0-255,2902,72156,42,215819
1936,0.000989,172.31.46.0-255,66,72222,42,215819
1937,0.001004,74.125.24.0-255,2902,75124,42,215819
1938,0.001006,172.31.46.0-255,66,75190,42,215819
1939,0.001033,74.125.24.0-255,6494,81684,42,215819
1940,0.001037,172.31.46.0-255,66,81750,42,215819
1941,0.001112,74.125.24.0-255,1484,83234,42,215819
1942,0.001124,74.125.24.0-255,2902,86136,42,215819
1943,0.001128,74.125.24.0-255,2902,89038,42,215819
1944,0.001132,172.31.46.0-255,66,89104,42,215819
1945,0.001135,172.31.46.0-255,66,89170,42,215819
1946,0.001152,74.125.24.0-255,2902,92072,42,215819
1947,0.001154,172.31.46.0-255,66,92138,42,215819
1948,0.001166,172.31.46.0-255,66,92204,42,215819
1949,0.001192,74.125.24.0-255,2902,95106,42,215819
1950,0.001195,172.31.46.0-255,66,95172,42,215819
1951,0.001207,172.31.46.0-255,66,95238,42,215819
1952,0.001381,74.125.24.0-255,1484,96722,42,215819
1953,0.001387,74.125.24.0-255,2902,99624,42,215819
1954,0.00139,172.31.46.0-255,66,99690,42,215819
1955,0.001413,74.125.24.0-255,5738,105428,42,215819
1956,0.001416,172.31.46.0-255,66,105494,42,215819
1957,0.001449,172.31.46.0-255,66,105560,42,215819
1958,0.001467,74.125.24.0-255,2902,108462,42,215819
1959,0.001469,172.31.46.0-255,66,108528,42,215819
1960,0.001495,172.31.46.0-255,66,108594,42,215819
1961,0.001684,74.125.24.0-255,1484,110078,42,215819
1962,0.001689,74.125.24.0-255,2902,112980,42,215819
1963,0.001698,172.31.46.0-255,66,113046,42,215819
1964,0.001705,74.125.24.0-255,4320,117366,42,215819
1965,0.001707,172.31.46.0-255,66,117432,42,215819
1966,0.001726,74.125.24.0-255,1484,118916,42,215819
1967,0.001737,172.31.46.0-255,66,118982,42,215819
1968,0.001759,74.125.24.0-255,4320,123302,42,215819
1969,0.001761,172.31.46.0-255,66,123368,42,215819
1970,0.001774,172.31.46.0-255,66,123434,42,215819
1971,0.001797,74.125.24.0-255,4320,127754,42,215819
1972,0.0018,172.31.46.0-255,66,127820,42,215819
1973,0.001865,172.31.46.0-255,66,127886,42,215819
1974,0.001881,74.125.24.0-255,7156,135042,42,215819
1975,0.001883,172.31.46.0-255,66,135108,42,215819
1976,0.001886,74.125.24.0-255,1484,136592,42,215819
1977,0.001893,74.125.24.0-255,6438,143030,42,215819
1978,0.001896,172.31.46.0-255,66,143096,42,215819
1979,0.001902,74.125.24.0-255,5738,148834,42,215819
1980,0.001904,172.31.46.0-255,66,148900,42,215819
1981,0.001907,74.125.24.0-255,1484,150384,42,215819
1982,0.001935,74.125.24.0-255,5738,156122,42,215819
1983,0.001938,172.31.46.0-255,66,156188,42,215819
1984,0.001982,74.125.24.0-255,5738,161926,42,215819
1985,0.001986,172.31.46.0-255,66,161992,42,215819
1986,0.002012,172.31.46.0-255,66,162058,42,215819
1987,0.002019,74.125.24.0-255,6438,168496,42,215819
1988,0.002021,172.31.46.0-255,66,168562,42,215819
1989,0.002036,74.125.24.0-255,5738,174300,42,215819
1990,0.002038,172.31.46.0-255,66,174366,42,215819
1991,0.002057,74.125.24.0-255,4320,178686,42,215819
1992,0.00206,172.31.46.0-255,66,178752,42,215819
1993,0.002073,172.31.46.0-255,66,178818,42,215819
1994,0.00208,74.125.24.0-255,7156,185974,42,215819
1995,0.002082,172.31.46.0-255,66,186040,42,215819
1996,0.002086,74.125.24.0-255,2902,188942,42,215819
1997,0.002089,172.31.46.0-255,66,189008,42,215819
1998,0.002115,74.125.24.0-255,5020,194028,42,215819
1999,0.00212,74.125.24.0-255,4320,198348,42,215819
2000,0.002124,172.31.46.0-255,66,198414,42,215819
2001,0.002127,172.31.46.0-255,66,198480,42,215819
2002,0.002135,74.125.24.0-255,2902,201382,42,215819
2003,0.002138,172.31.46.0-255,66,201448,42,215819
2004,0.002175,172.31.46.0-255,66,201514,42,215819
2005,0.002188,172.31.46.0-255,66,201580,42,215819
2006,0.002205,74.125.24.0-255,1484,203064,42,215819
2007,0.002249,172.31.46.0-255,66,203130,42,215819
2008,0.002261,74.125.24.0-255,1484,204614,42,215819
2009,0.002284,172.31.46.0-255,66,204680,42,215819
2010,0.002302,74.125.24.0-255,2184,206864,42,215819
2011,0.002305,172.31.46.0-255,66,206930,42,215819
2012,0.00231,74.125.24.0-255,4320,211250,42,215819
2013,0.002312,172.31.46.0-255,66,211316,42,215819
2014,0.002339,172.31.46.0-255,66,211382,42,215819
2015,0.002373,74.125.24.0-255,105,211487,42,215819
2016,0.007954,172.31.46.0-255,66,211553,42,215819
2017,0.007987,172.31.46.0-255,105,211658,42,215819
2018,0.010459,74.125.24.0-255,66,211724,42,215819
2019,0.039259,172.31.46.0-255,172,211896,42,215819
2020,0.039292,172.31.46.0-255,1111,213007,42,215819
2021,0.039363,172.31.46.0-255,1514,214521,42,215819
2022,0.039365,172.31.46.0-255,1298,215819,42,215819
2023,0.0,74.125.24.0-255,152,152,42,185546
2024,1.3e-05,172.31.46.0-255,66,218,42,185546
2025,2e-05,74.125.24.0-255,1484,1702,42,185546
2026,2.4e-05,172.31.46.0-255,66,1768,42,185546
2027,3.8e-05,74.125.24.0-255,2902,4670,42,185546
2028,4.1e-05,172.31.46.0-255,66,4736,42,185546
2029,4.7e-05,74.125.24.0-255,5738,10474,42,185546
2030,5.1e-05,172.31.46.0-255,66,10540,42,185546
2031,0.000106,74.125.24.0-255,3402,13942,42,185546
2032,0.000109,172.31.46.0-255,66,14008,42,185546
2033,0.000265,74.125.24.0-255,1484,15492,42,185546
2034,0.00027,172.31.46.0-255,66,15558,42,185546
2035,0.000277,74.125.24.0-255,2902,18460,42,185546
2036,0.000279,172.31.46.0-255,66,18526,42,185546
2037,0.000297,74.125.24.0-255,2902,21428,42,185546
2038,0.000299,172.31.46.0-255,66,21494,42,185546
2039,0.000328,74.125.24.0-255,2902,24396,42,185546
2040,0.000331,172.31.46.0-255,66,24462,42,185546
2041,0.000376,74.125.24.0-255,4320,28782,42,185546
2042,0.000379,172.31.46.0-255,66,28848,42,185546
2043,0.000408,74.125.24.0-255,5379,34227,42,185546
2044,0.000411,172.31.46.0-255,66,34293,42,185546
2045,0.000494,74.125.24.0-255,5738,40031,42,185546
2046,0.000497,172.31.46.0-255,66,40097,42,185546
2047,0.000529,74.125.24.0-255,4320,44417,42,185546
2048,0.000532,172.31.46.0-255,66,44483,42,185546
2049,0.00061,74.125.24.0-255,5738,50221,42,185546
2050,0.000615,172.31.46.0-255,66,50287,42,185546
2051,0.000663,172.31.46.0-255,66,50353,42,185546
2052,0.000855,74.125.24.0-255,381,50734,42,185546
2053,0.000861,172.31.46.0-255,66,50800,42,185546
2054,0.001044,74.125.24.0-255,1484,52284,42,185546
2055,0.00105,74.125.24.0-255,2902,55186,42,185546
2056,0.001081,74.125.24.0-255,2902,58088,42,185546
2057,0.001096,74.125.24.0-255,2902,60990,42,185546
2058,0.001136,74.125.24.0-255,2902,63892,42,185546
2059,0.001149,74.125.24.0-255,2902,66794,42,185546
2060,0.001167,74.125.24.0-255,7156,73950,42,185546
2061,0.0013,74.125.24.0-255,5738,79688,42,185546
2062,0.001367,74.125.24.0-255,2902,82590,42,185546
2063,0.001385,74.125.24.0-255,2184,84774,42,185546
2064,0.002334,74.125.24.0-255,1484,86258,42,185546
2065,0.002342,74.125.24.0-255,2902,89160,42,185546
2066,0.002365,74.125.24.0-255,2902,92062,42,185546
2067,0.002382,74.125.24.0-255,2902,94964,42,185546
2068,0.00242,74.125.24.0-255,1484,96448,42,185546
2069,0.002576,74.125.24.0-255,1484,97932,42,185546
2070,0.004057,172.31.46.0-255,66,97998,42,185546
2071,0.006465,74.125.24.0-255,4320,102318,42,185546
2072,0.006473,172.31.46.0-255,66,102384,42,185546
2073,0.0065,74.125.24.0-255,1484,103868,42,185546
2074,0.008856,74.125.24.0-255,4320,108188,42,185546
2075,0.008863,172.31.46.0-255,66,108254,42,185546
2076,0.011265,74.125.24.0-255,5738,113992,42,185546
2077,0.011273,172.31.46.0-255,66,114058,42,185546
2078,0.01364,74.125.24.0-255,5738,119796,42,185546
2079,0.013648,172.31.46.0-255,66,119862,42,185546
2080,0.016037,74.125.24.0-255,5738,125600,42,185546
2081,0.016045,172.31.46.0-255,66,125666,42,185546
2082,0.018412,74.125.24.0-255,5738,131404,42,185546
2083,0.018419,172.31.46.0-255,66,131470,42,185546
2084,0.020858,74.125.24.0-255,5738,137208,42,185546
2085,0.020866,172.31.46.0-255,66,137274,42,185546
2086,0.02325,74.125.24.0-255,5738,143012,42,185546
2087,0.023259,172.31.46.0-255,66,143078,42,185546
2088,0.02506,172.31.46.0-255,167,143245,42,185546
2089,0.025093,172.31.46.0-255,1111,144356,42,185546
2090,0.025158,172.31.46.0-255,1514,145870,42,185546
2091,0.02516,172.31.46.0-255,334,146204,42,185546
2092,0.025599,74.125.24.0-255,5738,151942,42,185546
2093,0.025606,172.31.46.0-255,66,152008,42,185546
2094,0.027683,104.244.42.0-255,66,152074,42,185546
2095,0.027965,74.125.24.0-255,5738,157812,42,185546
2096,0.027972,172.31.46.0-255,66,157878,42,185546
2097,0.030335,74.125.24.0-255,5738,163616,42,185546
2098,0.030342,172.31.46.0-255,66,163682,42,185546
2099,0.032758,74.125.24.0-255,4320,168002,42,185546
2100,0.032765,172.31.46.0-255,66,168068,42,185546
2101,0.032794,74.125.24.0-255,1484,169552,42,185546
2102,0.035152,74.125.24.0-255,4320,173872,42,185546
2103,0.03516,172.31.46.0-255,66,173938,42,185546
2104,0.037546,74.125.24.0-255,5738,179676,42,185546
2105,0.037553,172.31.46.0-255,66,179742,42,185546
2106,0.039903,74.125.24.0-255,5738,185480,42,185546
2107,0.039909,172.31.46.0-255,66,185546,42,185546
2108,0.0,74.125.24.0-255,298,298,42,186984
2109,2.2e-05,172.31.46.0-255,66,364,42,186984
2110,2.9e-05,74.125.24.0-255,1484,1848,42,186984
2111,3.3e-05,172.31.46.0-255,66,1914,42,186984
2112,4.7e-05,74.125.24.0-255,4320,6234,42,186984
2113,5.2e-05,172.31.46.0-255,66,6300,42,186984
2114,5.9e-05,74.125.24.0-255,7156,13456,42,186984
2115,6.2e-05,172.31.46.0-255,66,13522,42,186984
2116,6.7e-05,74.125.24.0-255,4320,17842,42,186984
2117,7e-05,172.31.46.0-255,66,17908,42,186984
2118,0.000118,172.31.46.0-255,66,17974,42,186984
2119,0.000123,74.125.24.0-255,3961,21935,42,186984
2120,0.000126,172.31.46.0-255,66,22001,42,186984
2121,0.000151,74.125.24.0-255,1484,23485,42,186984
2122,0.000153,172.31.46.0-255,66,23551,42,186984
2123,0.000158,74.125.24.0-255,2902,26453,42,186984
2124,0.00016,172.31.46.0-255,66,26519,42,186984
2125,0.000167,74.125.24.0-255,5738,32257,42,186984
2126,0.000169,172.31.46.0-255,66,32323,42,186984
2127,0.000231,74.125.24.0-255,6797,39120,42,186984
2128,0.000233,172.31.46.0-255,66,39186,42,186984
2129,0.000757,74.125.24.0-255,1484,40670,42,186984
2130,0.000762,172.31.46.0-255,66,40736,42,186984
2131,0.000768,74.125.24.0-255,2902,43638,42,186984
2132,0.00077,172.31.46.0-255,66,43704,42,186984
2133,0.000807,74.125.24.0-255,5738,49442,42,186984
2134,0.00081,172.31.46.0-255,66,49508,42,186984
2135,0.000813,74.125.24.0-255,1484,50992,42,186984
2136,0.000815,172.31.46.0-255,66,51058,42,186984
2137,0.000847,74.125.24.0-255,2902,53960,42,186984
2138,0.00085,172.31.46.0-255,66,54026,42,186984
2139,0.000854,74.125.24.0-255,2543,56569,42,186984
2140,0.000856,172.31.46.0-255,66,56635,42,186984
2141,0.000888,74.125.24.0-255,2902,59537,42,186984
2142,0.000891,172.31.46.0-255,66,59603,42,186984
2143,0.000894,74.125.24.0-255,1484,61087,42,186984
2144,0.000922,74.125.24.0-255,5738,66825,42,186984
2145,0.000924,172.31.46.0-255,66,66891,42,186984
2146,0.000934,172.31.46.0-255,66,66957,42,186984
2147,0.00104,74.125.24.0-255,1484,68441,42,186984
2148,0.001056,74.125.24.0-255,2902,71343,42,186984
2149,0.00106,172.31.46.0-255,66,71409,42,186984
2150,0.001079,74.125.24.0-255,5738,77147,42,186984
2151,0.001082,172.31.46.0-255,66,77213,42,186984
2152,0.001104,74.125.24.0-255,1484,78697,42,186984
2153,0.001131,172.31.46.0-255,66,78763,42,186984
2154,0.001185,172.31.46.0-255,66,78829,42,186984
2155,0.001227,74.125.24.0-255,2543,81372,42,186984
2156,0.001236,172.31.46.0-255,66,81438,42,186984
2157,0.001239,172.31.46.0-255,66,81504,42,186984
2158,0.002357,74.125.24.0-255,1484,82988,42,186984
2159,0.002366,74.125.24.0-255,2902,85890,42,186984
2160,0.002371,172.31.46.0-255,66,85956,42,186984
2161,0.002379,74.125.24.0-255,5738,91694,42,186984
2162,0.002381,172.31.46.0-255,66,91760,42,186984
2163,0.002389,74.125.24.0-255,1484,93244,42,186984
2164,0.002416,74.125.24.0-255,4320,97564,42,186984
2165,0.002418,172.31.46.0-255,66,97630,42,186984
2166,0.002436,172.31.46.0-255,66,97696,42,186984
2167,0.002466,74.125.24.0-255,5020,102716,42,186984
2168,0.002469,172.31.46.0-255,66,102782,42,186984
2169,0.00506,74.125.24.0-255,5738,108520,42,186984
2170,0.005066,172.31.46.0-255,66,108586,42,186984
2171,0.007642,74.125.24.0-255,5738,114324,42,186984
2172,0.007649,172.31.46.0-255,66,114390,42,186984
2173,0.010258,74.125.24.0-255,4320,118710,42,186984
2174,0.010265,172.31.46.0-255,66,118776,42,186984
2175,0.010282,74.125.24.0-255,1484,120260,42,186984
2176,0.012838,74.125.24.0-255,4320,124580,42,186984
2177,0.012846,172.31.46.0-255,66,124646,42,186984
2178,0.01544,74.125.24.0-255,5738,130384,42,186984
2179,0.015449,172.31.46.0-255,66,130450,42,186984
2180,0.018049,74.125.24.0-255,5738,136188,42,186984
2181,0.018056,172.31.46.0-255,66,136254,42,186984
2182,0.020658,74.125.24.0-255,5738,141992,42,186984
2183,0.020666,172.31.46.0-255,66,142058,42,186984
2184,0.023295,74.125.24.0-255,5738,147796,42,186984
2185,0.023302,172.31.46.0-255,66,147862,42,186984
2186,0.025513,172.31.46.0-255,176,148038,42,186984
2187,0.02555,172.31.46.0-255,1112,149150,42,186984
2188,0.025608,172.31.46.0-255,1514,150664,42,186984
2189,0.02561,172.31.46.0-255,1298,151962,42,186984
2190,0.025875,74.125.24.0-255,5738,157700,42,186984
2191,0.025884,172.31.46.0-255,66,157766,42,186984
2192,0.027066,104.244.42.0-255,66,157832,42,186984
2193,0.027102,104.244.42.0-255,66,157898,42,186984
2194,0.027144,104.244.42.0-255,66,157964,42,186984
2195,0.028515,74.125.24.0-255,5738,163702,42,186984
2196,0.028523,172.31.46.0-255,66,163768,42,186984
2197,0.031139,74.125.24.0-255,5738,169506,42,186984
2198,0.031146,172.31.46.0-255,66,169572,42,186984
2199,0.03375,74.125.24.0-255,5738,175310,42,186984
2200,0.033757,172.31.46.0-255,66,175376,42,186984
2201,0.036359,74.125.24.0-255,5738,181114,42,186984
2202,0.036365,172.31.46.0-255,66,181180,42,186984
2203,0.038956,74.125.24.0-255,5738,186918,42,186984
2204,0.038963,172.31.46.0-255,66,186984,42,186984
2205,0.0,172.31.46.0-255,105,105,42,459
2206,0.000238,172.31.46.0-255,90,195,42,459
2207,0.000248,172.31.46.0-255,66,261,42,459
2208,0.002418,74.125.24.0-255,66,327,42,459
2209,0.002808,74.125.24.0-255,66,393,42,459
2210,0.002832,172.31.46.0-255,66,459,42,459
2211,0.0,74.125.68.0-255,153,153,42,175460
2212,2.1e-05,172.31.46.0-255,66,219,42,175460
2213,2.8e-05,74.125.68.0-255,1484,1703,42,175460
2214,3.2e-05,172.31.46.0-255,66,1769,42,175460
2215,6e-05,74.125.68.0-255,1484,3253,42,175460
2216,6.4e-05,172.31.46.0-255,66,3319,42,175460
2217,7e-05,74.125.68.0-255,2902,6221,42,175460
2218,7.3e-05,172.31.46.0-255,66,6287,42,175460
2219,9.2e-05,74.125.68.0-255,4320,10607,42,175460
2220,9.5e-05,172.31.46.0-255,66,10673,42,175460
2221,0.000112,74.125.68.0-255,1484,12157,42,175460
2222,0.000115,172.31.46.0-255,66,12223,42,175460
2223,0.000119,74.125.68.0-255,2030,14253,42,175460
2224,0.000122,172.31.46.0-255,66,14319,42,175460
2225,0.000781,74.125.68.0-255,1484,15803,42,175460
2226,0.000789,172.31.46.0-255,66,15869,42,175460
2227,0.000799,74.125.68.0-255,2902,18771,42,175460
2228,0.000802,172.31.46.0-255,66,18837,42,175460
2229,0.000815,74.125.68.0-255,1484,20321,42,175460
2230,0.000831,172.31.46.0-255,66,20387,42,175460
2231,0.000846,74.125.68.0-255,1484,21871,42,175460
2232,0.000849,172.31.46.0-255,66,21937,42,175460
2233,0.000855,74.125.68.0-255,4320,26257,42,175460
2234,0.000857,172.31.46.0-255,66,26323,42,175460
2235,0.000885,74.125.68.0-255,5379,31702,42,175460
2236,0.000887,172.31.46.0-255,66,31768,42,175460
2237,0.00089,74.125.68.0-255,1484,33252,42,175460
2238,0.000893,172.31.46.0-255,66,33318,42,175460
2239,0.000912,74.125.68.0-255,4320,37638,42,175460
2240,0.000917,74.125.68.0-255,5738,43376,42,175460
2241,0.000921,172.31.46.0-255,66,43442,42,175460
2242,0.000929,172.31.46.0-255,66,43508,42,175460
2243,0.000936,74.125.68.0-255,5738,49246,42,175460
2244,0.000939,172.31.46.0-255,66,49312,42,175460
2245,0.000961,74.125.68.0-255,1484,50796,42,175460
2246,0.00099,74.125.68.0-255,7156,57952,42,175460
2247,0.000993,172.31.46.0-255,66,58018,42,175460
2248,0.001012,74.125.68.0-255,4320,62338,42,175460
2249,0.001014,172.31.46.0-255,66,62404,42,175460
2250,0.001018,74.125.68.0-255,2902,65306,42,175460
2251,0.001021,172.31.46.0-255,66,65372,42,175460
2252,0.001034,74.125.68.0-255,1097,66469,42,175460
2253,0.001075,74.125.68.0-255,346,66815,42,175460
2254,0.001284,74.125.68.0-255,1484,68299,42,175460
2255,0.001289,172.31.46.0-255,66,68365,42,175460
2256,0.001309,74.125.68.0-255,2902,71267,42,175460
2257,0.001312,172.31.46.0-255,66,71333,42,175460
2258,0.001339,74.125.68.0-255,4320,75653,42,175460
2259,0.001342,172.31.46.0-255,66,75719,42,175460
2260,0.001354,74.125.68.0-255,1484,77203,42,175460
2261,0.001373,74.125.68.0-255,7156,84359,42,175460
2262,0.001376,172.31.46.0-255,66,84425,42,175460
2263,0.001392,74.125.68.0-255,2902,87327,42,175460
2264,0.001395,172.31.46.0-255,66,87393,42,175460
2265,0.001438,172.31.46.0-255,66,87459,42,175460
2266,0.001472,74.125.68.0-255,1484,88943,42,175460
2267,0.001487,74.125.68.0-255,2184,91127,42,175460
2268,0.00149,172.31.46.0-255,66,91193,42,175460
2269,0.004026,74.125.68.0-255,1484,92677,42,175460
2270,0.004065,74.125.68.0-255,4320,96997,42,175460
2271,0.004075,172.31.46.0-255,66,97063,42,175460
2272,0.006671,74.125.68.0-255,5738,102801,42,175460
2273,0.006676,172.31.46.0-255,66,102867,42,175460
2274,0.009272,74.125.68.0-255,5738,108605,42,175460
2275,0.009278,172.31.46.0-255,66,108671,42,175460
2276,0.011875,74.125.68.0-255,5738,114409,42,175460
2277,0.011883,172.31.46.0-255,66,114475,42,175460
2278,0.014481,74.125.68.0-255,5738,120213,42,175460
2279,0.014492,172.31.46.0-255,66,120279,42,175460
2280,0.01709,74.125.68.0-255,5738,126017,42,175460
2281,0.0171,172.31.46.0-255,66,126083,42,175460
2282,0.019719,74.125.68.0-255,4320,130403,42,175460
2283,0.019729,172.31.46.0-255,66,130469,42,175460
2284,0.01975,74.125.68.0-255,1484,131953,42,175460
2285,0.020817,172.31.46.0-255,176,132129,42,175460
2286,0.020893,172.31.46.0-255,1112,133241,42,175460
2287,0.020953,172.31.46.0-255,1514,134755,42,175460
2288,0.020955,172.31.46.0-255,1297,136052,42,175460
2289,0.022321,74.125.68.0-255,4320,140372,42,175460
2290,0.022329,172.31.46.0-255,66,140438,42,175460
2291,0.022428,104.244.42.0-255,66,140504,42,175460
2292,0.022434,104.244.42.0-255,66,140570,42,175460
2293,0.022523,104.244.42.0-255,66,140636,42,175460
2294,0.02494,74.125.68.0-255,5738,146374,42,175460
2295,0.024947,172.31.46.0-255,66,146440,42,175460
2296,0.027555,74.125.68.0-255,5738,152178,42,175460
2297,0.027562,172.31.46.0-255,66,152244,42,175460
2298,0.030162,74.125.68.0-255,5738,157982,42,175460
2299,0.030169,172.31.46.0-255,66,158048,42,175460
2300,0.03277,74.125.68.0-255,5738,163786,42,175460
2301,0.032778,172.31.46.0-255,66,163852,42,175460
2302,0.035389,74.125.68.0-255,5738,169590,42,175460
2303,0.035396,172.31.46.0-255,66,169656,42,175460
2304,0.037998,74.125.68.0-255,5738,175394,42,175460
2305,0.038004,172.31.46.0-255,66,175460,42,175460
2306,0.0,74.125.200.0-255,150,150,42,338978
2307,2.5e-05,172.31.46.0-255,66,216,42,338978
2308,3.3e-05,74.125.200.0-255,1484,1700,42,338978
2309,3.7e-05,172.31.46.0-255,66,1766,42,338978
2310,5e-05,74.125.200.0-255,2902,4668,42,338978
2311,5.3e-05,172.31.46.0-255,66,4734,42,338978
2312,5.7e-05,74.125.200.0-255,1484,6218,42,338978
2313,6e-05,172.31.46.0-255,66,6284,42,338978
2314,6.6e-05,74.125.200.0-255,2902,9186,42,338978
2315,6.9e-05,172.31.46.0-255,66,9252,42,338978
2316,0.000117,74.125.200.0-255,4886,14138,42,338978
2317,0.00012,172.31.46.0-255,66,14204,42,338978
2318,0.000127,74.125.200.0-255,5738,19942,42,338978
2319,0.00013,172.31.46.0-255,66,20008,42,338978
2320,0.000163,74.125.200.0-255,5738,25746,42,338978
2321,0.000166,172.31.46.0-255,66,25812,42,338978
2322,0.000193,74.125.200.0-255,1484,27296,42,338978
2323,0.000195,172.31.46.0-255,66,27362,42,338978
2324,0.000214,74.125.200.0-255,3961,31323,42,338978
2325,0.000217,172.31.46.0-255,66,31389,42,338978
2326,0.000351,74.125.200.0-255,1484,32873,42,338978
2327,0.000355,172.31.46.0-255,66,32939,42,338978
2328,0.000368,74.125.200.0-255,2902,35841,42,338978
2329,0.000374,172.31.46.0-255,66,35907,42,338978
2330,0.000399,74.125.200.0-255,5738,41645,42,338978
2331,0.000401,172.31.46.0-255,66,41711,42,338978
2332,0.000404,74.125.200.0-255,1484,43195,42,338978
2333,0.000406,172.31.46.0-255,66,43261,42,338978
2334,0.000409,74.125.200.0-255,1484,44745,42,338978
2335,0.00041,172.31.46.0-255,66,44811,42,338978
2336,0.00043,74.125.200.0-255,1484,46295,42,338978
2337,0.000432,172.31.46.0-255,66,46361,42,338978
2338,0.00047,74.125.200.0-255,5738,52099,42,338978
2339,0.000473,172.31.46.0-255,66,52165,42,338978
2340,0.000475,74.125.200.0-255,1484,53649,42,338978
2341,0.000481,74.125.200.0-255,2902,56551,42,338978
2342,0.000483,172.31.46.0-255,66,56617,42,338978
2343,0.000485,74.125.200.0-255,1484,58101,42,338978
2344,0.000512,74.125.200.0-255,4320,62421,42,338978
2345,0.000515,172.31.46.0-255,66,62487,42,338978
2346,0.000518,74.125.200.0-255,1484,63971,42,338978
2347,0.000521,74.125.200.0-255,2184,66155,42,338978
2348,0.000523,172.31.46.0-255,66,66221,42,338978
2349,0.000546,74.125.200.0-255,359,66580,42,338978
2350,0.000566,74.125.200.0-255,135,66715,42,338978
2351,0.000644,74.125.200.0-255,1484,68199,42,338978
2352,0.000647,172.31.46.0-255,66,68265,42,338978
2353,0.00065,74.125.200.0-255,1484,69749,42,338978
2354,0.000673,74.125.200.0-255,1484,71233,42,338978
2355,0.000675,172.31.46.0-255,66,71299,42,338978
2356,0.00068,74.125.200.0-255,4320,75619,42,338978
2357,0.000683,172.31.46.0-255,66,75685,42,338978
2358,0.000741,172.31.46.0-255,66,75751,42,338978
2359,0.000774,74.125.200.0-255,1484,77235,42,338978
2360,0.000778,74.125.200.0-255,1484,78719,42,338978
2361,0.00078,172.31.46.0-255,66,78785,42,338978
2362,0.000805,74.125.200.0-255,1484,80269,42,338978
2363,0.000811,74.125.200.0-255,5738,86007,42,338978
2364,0.000813,172.31.46.0-255,66,86073,42,338978
2365,0.000847,74.125.200.0-255,7156,93229,42,338978
2366,0.000849,172.31.46.0-255,66,93295,42,338978
2367,0.000889,172.31.46.0-255,66,93361,42,338978
2368,0.000914,74.125.200.0-255,4320,97681,42,338978
2369,0.000916,172.31.46.0-255,66,97747,42,338978
2370,0.000935,74.125.200.0-255,3602,101349,42,338978
2371,0.000937,172.31.46.0-255,66,101415,42,338978
2372,0.001228,74.125.200.0-255,1484,102899,42,338978
2373,0.001233,74.125.200.0-255,2902,105801,42,338978
2374,0.001236,172.31.46.0-255,66,105867,42,338978
2375,0.00124,74.125.200.0-255,2902,108769,42,338978
2376,0.001242,172.31.46.0-255,66,108835,42,338978
2377,0.001267,74.125.200.0-255,2902,111737,42,338978
2378,0.001272,74.125.200.0-255,4320,116057,42,338978
2379,0.001279,74.125.200.0-255,4320,120377,42,338978
2380,0.001283,172.31.46.0-255,66,120443,42,338978
2381,0.001285,172.31.46.0-255,66,120509,42,338978
2382,0.001287,172.31.46.0-255,66,120575,42,338978
2383,0.001304,74.125.200.0-255,1484,122059,42,338978
2384,0.001308,74.125.200.0-255,2902,124961,42,338978
2385,0.00131,172.31.46.0-255,66,125027,42,338978
2386,0.001352,172.31.46.0-255,66,125093,42,338978
2387,0.001356,74.125.200.0-255,2184,127277,42,338978
2388,0.001358,172.31.46.0-255,66,127343,42,338978
2389,0.001472,74.125.200.0-255,1484,128827,42,338978
2390,0.001494,74.125.200.0-255,2902,131729,42,338978
2391,0.001497,172.31.46.0-255,66,131795,42,338978
2392,0.001564,74.125.200.0-255,5738,137533,42,338978
2393,0.001567,172.31.46.0-255,66,137599,42,338978
2394,0.001571,74.125.200.0-255,2902,140501,42,338978
2395,0.001573,172.31.46.0-255,66,140567,42,338978
2396,0.001577,74.125.200.0-255,4320,144887,42,338978
2397,0.001579,172.31.46.0-255,66,144953,42,338978
2398,0.001597,74.125.200.0-255,5738,150691,42,338978
2399,0.001601,172.31.46.0-255,66,150757,42,338978
2400,0.001603,172.31.46.0-255,66,150823,42,338978
2401,0.001624,74.125.200.0-255,6438,157261,42,338978
2402,0.001627,172.31.46.0-255,66,157327,42,338978
2403,0.00163,74.125.200.0-255,1484,158811,42,338978
2404,0.001665,74.125.200.0-255,5738,164549,42,338978
2405,0.001669,172.31.46.0-255,66,164615,42,338978
2406,0.001678,172.31.46.0-255,66,164681,42,338978
2407,0.001681,74.125.200.0-255,1484,166165,42,338978
2408,0.00171,172.31.46.0-255,66,166231,42,338978
2409,0.00173,74.125.200.0-255,2184,168415,42,338978
2410,0.001732,172.31.46.0-255,66,168481,42,338978
2411,0.001789,74.125.200.0-255,1484,169965,42,338978
2412,0.001793,74.125.200.0-255,1484,171449,42,338978
2413,0.001795,172.31.46.0-255,66,171515,42,338978
2414,0.00182,74.125.200.0-255,1484,172999,42,338978
2415,0.001827,74.125.200.0-255,5738,178737,42,338978
2416,0.001829,172.31.46.0-255,66,178803,42,338978
2417,0.001834,74.125.200.0-255,4320,183123,42,338978
2418,0.001835,172.31.46.0-255,66,183189,42,338978
2419,0.001838,74.125.200.0-255,1484,184673,42,338978
2420,0.001863,74.125.200.0-255,4320,188993,42,338978
2421,0.001866,172.31.46.0-255,66,189059,42,338978
2422,0.001872,74.125.200.0-255,5738,194797,42,338978
2423,0.001873,172.31.46.0-255,66,194863,42,338978
2424,0.001909,74.125.200.0-255,5738,200601,42,338978
2425,0.001913,74.125.200.0-255,2184,202785,42,338978
2426,0.001923,172.31.46.0-255,66,202851,42,338978
2427,0.001993,74.125.200.0-255,1484,204335,42,338978
2428,0.002017,74.125.200.0-255,2902,207237,42,338978
2429,0.00202,172.31.46.0-255,66,207303,42,338978
2430,0.002043,74.125.200.0-255,2902,210205,42,338978
2431,0.002046,172.31.46.0-255,66,210271,42,338978
2432,0.002049,74.125.200.0-255,1484,211755,42,338978
2433,0.002079,74.125.200.0-255,2902,214657,42,338978
2434,0.002081,172.31.46.0-255,66,214723,42,338978
2435,0.002087,74.125.200.0-255,4320,219043,42,338978
2436,0.002089,172.31.46.0-255,66,219109,42,338978
2437,0.002107,74.125.200.0-255,2902,222011,42,338978
2438,0.002111,74.125.200.0-255,2902,224913,42,338978
2439,0.002131,74.125.200.0-255,5738,230651,42,338978
2440,0.002135,74.125.200.0-255,2902,233553,42,338978
2441,0.002139,172.31.46.0-255,66,233619,42,338978
2442,0.00215,74.125.200.0-255,3602,237221,42,338978
2443,0.002154,172.31.46.0-255,66,237287,42,338978
2444,0.002179,74.125.200.0-255,1484,238771,42,338978
2445,0.002191,74.125.200.0-255,2902,241673,42,338978
2446,0.002197,172.31.46.0-255,66,241739,42,338978
2447,0.002212,74.125.200.0-255,2902,244641,42,338978
2448,0.002227,74.125.200.0-255,2902,247543,42,338978
2449,0.002229,74.125.200.0-255,1484,249027,42,338978
2450,0.002238,172.31.46.0-255,66,249093,42,338978
2451,0.002247,74.125.200.0-255,2902,251995,42,338978
2452,0.002257,74.125.200.0-255,5738,257733,42,338978
2453,0.002274,74.125.200.0-255,1484,259217,42,338978
2454,0.002276,172.31.46.0-255,66,259283,42,338978
2455,0.002315,74.125.200.0-255,2184,261467,42,338978
2456,0.002322,172.31.46.0-255,66,261533,42,338978
2457,0.002605,74.125.200.0-255,1484,263017,42,338978
2458,0.00492,74.125.200.0-255,4320,267337,42,338978
2459,0.00493,172.31.46.0-255,66,267403,42,338978
2460,0.007518,74.125.200.0-255,4320,271723,42,338978
2461,0.007523,172.31.46.0-255,66,271789,42,338978
2462,0.007551,74.125.200.0-255,1484,273273,42,338978
2463,0.010109,74.125.200.0-255,2902,276175,42,338978
2464,0.010117,172.31.46.0-255,66,276241,42,338978
2465,0.010146,74.125.200.0-255,1484,277725,42,338978
2466,0.012784,74.125.200.0-255,4320,282045,42,338978
2467,0.012796,172.31.46.0-255,66,282111,42,338978
2468,0.015402,74.125.200.0-255,5738,287849,42,338978
2469,0.015412,172.31.46.0-255,66,287915,42,338978
2470,0.018005,74.125.200.0-255,5738,293653,42,338978
2471,0.018014,172.31.46.0-255,66,293719,42,338978
2472,0.020611,74.125.200.0-255,5738,299457,42,338978
2473,0.020619,172.31.46.0-255,66,299523,42,338978
2474,0.023211,74.125.200.0-255,5738,305261,42,338978
2475,0.023219,172.31.46.0-255,66,305327,42,338978
2476,0.025811,74.125.200.0-255,5738,311065,42,338978
2477,0.025816,172.31.46.0-255,66,311131,42,338978
2478,0.028412,74.125.200.0-255,5738,316869,42,338978
2479,0.02842,172.31.46.0-255,66,316935,42,338978
2480,0.029654,172.31.46.0-255,167,317102,42,338978
2481,0.029682,172.31.46.0-255,1111,318213,42,338978
2482,0.029751,172.31.46.0-255,1514,319727,42,338978
2483,0.029771,172.31.46.0-255,336,320063,42,338978
2484,0.031009,74.125.200.0-255,5738,325801,42,338978
2485,0.031015,172.31.46.0-255,66,325867,42,338978
2486,0.031256,104.244.42.0-255,66,325933,42,338978
2487,0.03362,74.125.200.0-255,5738,331671,42,338978
2488,0.033637,172.31.46.0-255,66,331737,42,338978
2489,0.036256,74.125.200.0-255,5738,337475,42,338978
2490,0.036275,172.31.46.0-255,66,337541,42,338978
2491,0.038879,74.125.200.0-255,1266,338807,42,338978
2492,0.039059,172.31.46.0-255,66,338873,42,338978
2493,0.039102,172.31.46.0-255,105,338978,42,338978
2494,0.0,74.125.24.0-255,431,431,42,110332
2495,1.3e-05,74.125.24.0-255,1484,1915,42,110332
2496,1.9e-05,172.31.46.0-255,66,1981,42,110332
2497,2.9e-05,74.125.24.0-255,4320,6301,42,110332
2498,3.2e-05,172.31.46.0-255,66,6367,42,110332
2499,0.000167,74.125.24.0-255,5738,12105,42,110332
2500,0.000172,172.31.46.0-255,66,12171,42,110332
2501,0.000193,74.125.24.0-255,3545,15716,42,110332
2502,0.000196,172.31.46.0-255,66,15782,42,110332
2503,0.000562,172.31.46.0-255,66,15848,42,110332
2504,0.000961,74.125.24.0-255,4320,20168,42,110332
2505,0.000967,172.31.46.0-255,66,20234,42,110332
2506,0.002585,74.125.24.0-255,5738,25972,42,110332
2507,0.002728,74.125.24.0-255,4320,30292,42,110332
2508,0.003206,74.125.24.0-255,7156,37448,42,110332
2509,0.003859,172.31.46.0-255,66,37514,42,110332
2510,0.003971,74.125.24.0-255,5738,43252,42,110332
2511,0.00398,172.31.46.0-255,66,43318,42,110332
2512,0.00399,74.125.24.0-255,4320,47638,42,110332
2513,0.004001,172.31.46.0-255,66,47704,42,110332
2514,0.00445,172.31.46.0-255,66,47770,42,110332
2515,0.004665,74.125.24.0-255,7156,54926,42,110332
2516,0.00467,172.31.46.0-255,66,54992,42,110332
2517,0.006594,74.125.24.0-255,5738,60730,42,110332
2518,0.007187,74.125.24.0-255,7156,67886,42,110332
2519,0.007518,74.125.24.0-255,7156,75042,42,110332
2520,0.007889,74.125.24.0-255,5738,80780,42,110332
2521,0.008025,172.31.46.0-255,66,80846,42,110332
2522,0.008197,74.125.24.0-255,4320,85166,42,110332
2523,0.008202,172.31.46.0-255,66,85232,42,110332
2524,0.008234,172.31.46.0-255,66,85298,42,110332
2525,0.008557,74.125.24.0-255,3816,89114,42,110332
2526,0.008561,172.31.46.0-255,66,89180,42,110332
2527,0.010659,172.31.46.0-255,66,89246,42,110332
2528,0.010683,172.31.46.0-255,66,89312,42,110332
2529,0.010946,172.31.46.0-255,66,89378,42,110332
2530,0.010992,172.31.46.0-255,66,89444,42,110332
2531,0.011464,172.31.46.0-255,66,89510,42,110332
2532,0.0115,172.31.46.0-255,66,89576,42,110332
2533,0.011896,172.31.46.0-255,66,89642,42,110332
2534,0.01197,172.31.46.0-255,66,89708,42,110332
2535,0.012284,172.31.46.0-255,66,89774,42,110332
2536,0.012306,74.125.24.0-255,6606,96380,42,110332
2537,0.012309,172.31.46.0-255,66,96446,42,110332
2538,0.013253,172.31.46.0-255,66,96512,42,110332
2539,0.013284,172.31.46.0-255,66,96578,42,110332
2540,0.013318,74.125.24.0-255,2902,99480,42,110332
2541,0.01332,172.31.46.0-255,66,99546,42,110332
2542,0.013354,74.125.24.0-255,6256,105802,42,110332
2543,0.013357,172.31.46.0-255,66,105868,42,110332
2544,0.015461,172.31.46.0-255,105,105973,42,110332
2545,0.017991,74.125.24.0-255,66,106039,42,110332
2546,0.030795,172.31.46.0-255,172,106211,42,110332
2547,0.030827,172.31.46.0-255,1111,107322,42,110332
2548,0.030894,172.31.46.0-255,1514,108836,42,110332
2549,0.030896,172.31.46.0-255,1298,110134,42,110332
2550,0.032384,104.244.42.0-255,66,110200,42,110332
2551,0.032395,104.244.42.0-255,66,110266,42,110332
2552,0.032456,104.244.42.0-255,66,110332,42,110332
2553,0.0,74.125.24.0-255,153,153,42,222904
2554,1.8e-05,172.31.46.0-255,66,219,42,222904
2555,2.5e-05,74.125.24.0-255,1484,1703,42,222904
2556,3e-05,172.31.46.0-255,66,1769,42,222904
2557,3.6e-05,74.125.24.0-255,2902,4671,42,222904
2558,3.9e-05,172.31.46.0-255,66,4737,42,222904
2559,4.7e-05,74.125.24.0-255,7156,11893,42,222904
2560,5e-05,172.31.46.0-255,66,11959,42,222904
2561,8.5e-05,74.125.24.0-255,4320,16279,42,222904
2562,8.7e-05,172.31.46.0-255,66,16345,42,222904
2563,0.000109,74.125.24.0-255,2165,18510,42,222904
2564,0.000112,172.31.46.0-255,66,18576,42,222904
2565,0.000119,74.125.24.0-255,7156,25732,42,222904
2566,0.000121,172.31.46.0-255,66,25798,42,222904
2567,0.000159,74.125.24.0-255,5379,31177,42,222904
2568,0.000162,172.31.46.0-255,66,31243,42,222904
2569,0.000206,74.125.24.0-255,1484,32727,42,222904
2570,0.000208,172.31.46.0-255,66,32793,42,222904
2571,0.000229,74.125.24.0-255,2902,35695,42,222904
2572,0.000231,172.31.46.0-255,66,35761,42,222904
2573,0.000238,74.125.24.0-255,5738,41499,42,222904
2574,0.000241,172.31.46.0-255,66,41565,42,222904
2575,0.000258,74.125.24.0-255,2902,44467,42,222904
2576,0.000261,172.31.46.0-255,66,44533,42,222904
2577,0.000301,172.31.46.0-255,66,44599,42,222904
2578,0.000313,172.31.46.0-255,66,44665,42,222904
2579,0.000335,74.125.24.0-255,129,44794,42,222904
2580,0.000338,172.31.46.0-255,66,44860,42,222904
2581,0.000397,74.125.24.0-255,348,45208,42,222904
2582,0.0004,172.31.46.0-255,66,45274,42,222904
2583,0.000514,74.125.24.0-255,1484,46758,42,222904
2584,0.000519,74.125.24.0-255,2902,49660,42,222904
2585,0.00053,172.31.46.0-255,66,49726,42,222904
2586,0.00056,74.125.24.0-255,5738,55464,42,222904
2587,0.000563,172.31.46.0-255,66,55530,42,222904
2588,0.00057,74.125.24.0-255,5738,61268,42,222904
2589,0.000572,172.31.46.0-255,66,61334,42,222904
2590,0.00064,172.31.46.0-255,66,61400,42,222904
2591,0.000645,74.125.24.0-255,3961,65361,42,222904
2592,0.000647,172.31.46.0-255,66,65427,42,222904
2593,0.001711,74.125.24.0-255,1484,66911,42,222904
2594,0.001719,74.125.24.0-255,1484,68395,42,222904
2595,0.001723,172.31.46.0-255,66,68461,42,222904
2596,0.001746,74.125.24.0-255,1484,69945,42,222904
2597,0.001752,74.125.24.0-255,5738,75683,42,222904
2598,0.001755,172.31.46.0-255,66,75749,42,222904
2599,0.001762,74.125.24.0-255,5738,81487,42,222904
2600,0.001764,172.31.46.0-255,66,81553,42,222904
2601,0.001784,74.125.24.0-255,7156,88709,42,222904
2602,0.001787,172.31.46.0-255,66,88775,42,222904
2603,0.0018,172.31.46.0-255,66,88841,42,222904
2604,0.001934,74.125.24.0-255,1484,90325,42,222904
2605,0.001939,74.125.24.0-255,2902,93227,42,222904
2606,0.001942,172.31.46.0-255,66,93293,42,222904
2607,0.001948,74.125.24.0-255,2902,96195,42,222904
2608,0.00195,172.31.46.0-255,66,96261,42,222904
2609,0.001966,74.125.24.0-255,2902,99163,42,222904
2610,0.001968,172.31.46.0-255,66,99229,42,222904
2611,0.001971,74.125.24.0-255,1484,100713,42,222904
2612,0.002003,172.31.46.0-255,66,100779,42,222904
2613,0.002042,172.31.46.0-255,66,100845,42,222904
2614,0.002063,74.125.24.0-255,3602,104447,42,222904
2615,0.002065,172.31.46.0-255,66,104513,42,222904
2616,0.002164,74.125.24.0-255,1484,105997,42,222904
2617,0.002183,74.125.24.0-255,2902,108899,42,222904
2618,0.002186,172.31.46.0-255,66,108965,42,222904
2619,0.002189,74.125.24.0-255,1484,110449,42,222904
2620,0.002208,74.125.24.0-255,4320,114769,42,222904
2621,0.002211,172.31.46.0-255,66,114835,42,222904
2622,0.002226,74.125.24.0-255,2902,117737,42,222904
2623,0.002228,172.31.46.0-255,66,117803,42,222904
2624,0.002262,172.31.46.0-255,66,117869,42,222904
2625,0.002276,74.125.24.0-255,2902,120771,42,222904
2626,0.002278,172.31.46.0-255,66,120837,42,222904
2627,0.002304,172.31.46.0-255,66,120903,42,222904
2628,0.002327,74.125.24.0-255,2902,123805,42,222904
2629,0.002329,172.31.46.0-255,66,123871,42,222904
2630,0.002334,74.125.24.0-255,4320,128191,42,222904
2631,0.002336,172.31.46.0-255,66,128257,42,222904
2632,0.002367,172.31.46.0-255,66,128323,42,222904
2633,0.002381,74.125.24.0-255,1484,129807,42,222904
2634,0.002399,74.125.24.0-255,7156,136963,42,222904
2635,0.002402,172.31.46.0-255,66,137029,42,222904
2636,0.004729,74.125.24.0-255,5738,142767,42,222904
2637,0.004732,172.31.46.0-255,66,142833,42,222904
2638,0.007119,74.125.24.0-255,5738,148571,42,222904
2639,0.007125,172.31.46.0-255,66,148637,42,222904
2640,0.009473,74.125.24.0-255,5738,154375,42,222904
2641,0.00948,172.31.46.0-255,66,154441,42,222904
2642,0.011821,74.125.24.0-255,5738,160179,42,222904
2643,0.01183,172.31.46.0-255,66,160245,42,222904
2644,0.014164,74.125.24.0-255,5738,165983,42,222904
2645,0.014171,172.31.46.0-255,66,166049,42,222904
2646,0.016514,74.125.24.0-255,5738,171787,42,222904
2647,0.016521,172.31.46.0-255,66,171853,42,222904
2648,0.018914,74.125.24.0-255,5738,177591,42,222904
2649,0.01892,172.31.46.0-255,66,177657,42,222904
2650,0.021261,74.125.24.0-255,5738,183395,42,222904
2651,0.021268,172.31.46.0-255,66,183461,42,222904
2652,0.023583,74.125.24.0-255,5738,189199,42,222904
2653,0.02359,172.31.46.0-255,66,189265,42,222904
2654,0.025916,74.125.24.0-255,5738,195003,42,222904
2655,0.025922,172.31.46.0-255,66,195069,42,222904
2656,0.028286,74.125.24.0-255,5738,200807,42,222904
2657,0.028293,172.31.46.0-255,66,200873,42,222904
2658,0.03069,74.125.24.0-255,4320,205193,42,222904
2659,0.030698,172.31.46.0-255,66,205259,42,222904
2660,0.030717,74.125.24.0-255,1484,206743,42,222904
2661,0.033087,74.125.24.0-255,4320,211063,42,222904
2662,0.033094,172.31.46.0-255,66,211129,42,222904
2663,0.03564,74.125.24.0-255,5738,216867,42,222904
2664,0.035648,172.31.46.0-255,66,216933,42,222904
2665,0.035775,172.31.46.0-255,101,217034,42,222904
2666,0.038033,74.125.24.0-255,5738,222772,42,222904
2667,0.03804,172.31.46.0-255,66,222838,42,222904
2668,0.038086,74.125.24.0-255,66,222904,42,222904
2669,0.0,74.125.200.0-255,167,167,42,246244
2670,2.2e-05,172.31.46.0-255,66,233,42,246244
2671,3e-05,74.125.200.0-255,1484,1717,42,246244
2672,3.4e-05,172.31.46.0-255,66,1783,42,246244
2673,4.7e-05,74.125.200.0-255,2902,4685,42,246244
2674,5.1e-05,172.31.46.0-255,66,4751,42,246244
2675,5.4e-05,74.125.200.0-255,1484,6235,42,246244
2676,5.7e-05,172.31.46.0-255,66,6301,42,246244
2677,8e-05,74.125.200.0-255,2902,9203,42,246244
2678,8.6e-05,172.31.46.0-255,66,9269,42,246244
2679,8.9e-05,74.125.200.0-255,1484,10753,42,246244
2680,9.1e-05,172.31.46.0-255,66,10819,42,246244
2681,0.000123,74.125.200.0-255,2902,13721,42,246244
2682,0.000127,172.31.46.0-255,66,13787,42,246244
2683,0.00013,74.125.200.0-255,623,14410,42,246244
2684,0.000132,172.31.46.0-255,66,14476,42,246244
2685,0.000162,74.125.200.0-255,1484,15960,42,246244
2686,0.000164,172.31.46.0-255,66,16026,42,246244
2687,0.000169,74.125.200.0-255,2902,18928,42,246244
2688,0.000171,172.31.46.0-255,66,18994,42,246244
2689,0.000189,74.125.200.0-255,1484,20478,42,246244
2690,0.000191,172.31.46.0-255,66,20544,42,246244
2691,0.000195,74.125.200.0-255,2902,23446,42,246244
2692,0.000202,172.31.46.0-255,66,23512,42,246244
2693,0.000225,74.125.200.0-255,1484,24996,42,246244
2694,0.000227,172.31.46.0-255,66,25062,42,246244
2695,0.000234,74.125.200.0-255,5738,30800,42,246244
2696,0.000236,172.31.46.0-255,66,30866,42,246244
2697,0.000239,74.125.200.0-255,1125,31991,42,246244
2698,0.000241,172.31.46.0-255,66,32057,42,246244
2699,0.000309,74.125.200.0-255,1484,33541,42,246244
2700,0.000312,172.31.46.0-255,66,33607,42,246244
2701,0.000329,74.125.200.0-255,2902,36509,42,246244
2702,0.000331,172.31.46.0-255,66,36575,42,246244
2703,0.000334,74.125.200.0-255,1484,38059,42,246244
2704,0.00035,74.125.200.0-255,1484,39543,42,246244
2705,0.000352,172.31.46.0-255,66,39609,42,246244
2706,0.000357,74.125.200.0-255,2902,42511,42,246244
2707,0.000359,172.31.46.0-255,66,42577,42,246244
2708,0.000385,74.125.200.0-255,1484,44061,42,246244
2709,0.000391,74.125.200.0-255,5738,49799,42,246244
2710,0.000394,172.31.46.0-255,66,49865,42,246244
2711,0.000423,74.125.200.0-255,3961,53826,42,246244
2712,0.000426,172.31.46.0-255,66,53892,42,246244
2713,0.000442,172.31.46.0-255,66,53958,42,246244
2714,0.000446,74.125.200.0-255,2817,56775,42,246244
2715,0.000448,172.31.46.0-255,66,56841,42,246244
2716,0.000541,74.125.200.0-255,129,56970,42,246244
2717,0.000777,74.125.200.0-255,1484,58454,42,246244
2718,0.000785,172.31.46.0-255,66,58520,42,246244
2719,0.000798,74.125.200.0-255,2902,61422,42,246244
2720,0.000805,172.31.46.0-255,66,61488,42,246244
2721,0.000809,74.125.200.0-255,2902,64390,42,246244
2722,0.000811,172.31.46.0-255,66,64456,42,246244
2723,0.000817,74.125.200.0-255,4320,68776,42,246244
2724,0.000819,172.31.46.0-255,66,68842,42,246244
2725,0.000861,74.125.200.0-255,2902,71744,42,246244
2726,0.000888,172.31.46.0-255,66,71810,42,246244
2727,0.000891,172.31.46.0-255,66,71876,42,246244
2728,0.000932,172.31.46.0-255,66,71942,42,246244
2729,0.001218,74.125.200.0-255,1484,73426,42,246244
2730,0.001239,74.125.200.0-255,2902,76328,42,246244
2731,0.001243,172.31.46.0-255,66,76394,42,246244
2732,0.001248,74.125.200.0-255,2902,79296,42,246244
2733,0.00125,172.31.46.0-255,66,79362,42,246244
2734,0.001283,74.125.200.0-255,4320,83682,42,246244
2735,0.001286,172.31.46.0-255,66,83748,42,246244
2736,0.001297,172.31.46.0-255,66,83814,42,246244
2737,0.001302,74.125.200.0-255,4320,88134,42,246244
2738,0.001305,172.31.46.0-255,66,88200,42,246244
2739,0.001335,74.125.200.0-255,1484,89684,42,246244
2740,0.001339,74.125.200.0-255,1484,91168,42,246244
2741,0.001341,172.31.46.0-255,66,91234,42,246244
2742,0.001364,74.125.200.0-255,5738,96972,42,246244
2743,0.001367,172.31.46.0-255,66,97038,42,246244
2744,0.00137,74.125.200.0-255,766,97804,42,246244
2745,0.001936,74.125.200.0-255,1484,99288,42,246244
2746,0.001941,172.31.46.0-255,66,99354,42,246244
2747,0.00196,74.125.200.0-255,2902,102256,42,246244
2748,0.001962,172.31.46.0-255,66,102322,42,246244
2749,0.001989,74.125.200.0-255,1484,103806,42,246244
2750,0.002005,74.125.200.0-255,2902,106708,42,246244
2751,0.002007,172.31.46.0-255,66,106774,42,246244
2752,0.002012,74.125.200.0-255,2902,109676,42,246244
2753,0.002013,172.31.46.0-255,66,109742,42,246244
2754,0.002059,74.125.200.0-255,1484,111226,42,246244
2755,0.002079,74.125.200.0-255,2902,114128,42,246244
2756,0.002082,172.31.46.0-255,66,114194,42,246244
2757,0.002088,74.125.200.0-255,5738,119932,42,246244
2758,0.00209,172.31.46.0-255,66,119998,42,246244
2759,0.002131,74.125.200.0-255,4320,124318,42,246244
2760,0.002134,172.31.46.0-255,66,124384,42,246244
2761,0.002165,74.125.200.0-255,5738,130122,42,246244
2762,0.002168,172.31.46.0-255,66,130188,42,246244
2763,0.002172,74.125.200.0-255,2184,132372,42,246244
2764,0.002174,172.31.46.0-255,66,132438,42,246244
2765,0.002526,74.125.200.0-255,1484,133922,42,246244
2766,0.002533,74.125.200.0-255,1484,135406,42,246244
2767,0.002537,172.31.46.0-255,66,135472,42,246244
2768,0.002569,74.125.200.0-255,1484,136956,42,246244
2769,0.002575,74.125.200.0-255,5738,142694,42,246244
2770,0.002577,172.31.46.0-255,66,142760,42,246244
2771,0.002585,74.125.200.0-255,7156,149916,42,246244
2772,0.002587,172.31.46.0-255,66,149982,42,246244
2773,0.002626,74.125.200.0-255,4320,154302,42,246244
2774,0.002629,172.31.46.0-255,66,154368,42,246244
2775,0.002654,74.125.200.0-255,4320,158688,42,246244
2776,0.002657,172.31.46.0-255,66,158754,42,246244
2777,0.002666,172.31.46.0-255,66,158820,42,246244
2778,0.002677,172.31.46.0-255,66,158886,42,246244
2779,0.002681,74.125.200.0-255,2902,161788,42,246244
2780,0.002683,172.31.46.0-255,66,161854,42,246244
2781,0.002686,74.125.200.0-255,1484,163338,42,246244
2782,0.005323,74.125.200.0-255,4320,167658,42,246244
2783,0.00533,172.31.46.0-255,66,167724,42,246244
2784,0.007973,74.125.200.0-255,2902,170626,42,246244
2785,0.007976,172.31.46.0-255,66,170692,42,246244
2786,0.008001,74.125.200.0-255,2902,173594,42,246244
2787,0.008004,172.31.46.0-255,66,173660,42,246244
2788,0.010637,74.125.200.0-255,4320,177980,42,246244
2789,0.010652,172.31.46.0-255,66,178046,42,246244
2790,0.010684,74.125.200.0-255,1484,179530,42,246244
2791,0.013314,74.125.200.0-255,4320,183850,42,246244
2792,0.013323,172.31.46.0-255,66,183916,42,246244
2793,0.015993,74.125.200.0-255,5738,189654,42,246244
2794,0.016002,172.31.46.0-255,66,189720,42,246244
2795,0.01865,74.125.200.0-255,5738,195458,42,246244
2796,0.018661,172.31.46.0-255,66,195524,42,246244
2797,0.021323,74.125.200.0-255,5738,201262,42,246244
2798,0.021333,172.31.46.0-255,66,201328,42,246244
2799,0.023983,74.125.200.0-255,5738,207066,42,246244
2800,0.023988,172.31.46.0-255,66,207132,42,246244
2801,0.026636,74.125.200.0-255,5738,212870,42,246244
2802,0.026643,172.31.46.0-255,66,212936,42,246244
2803,0.029291,74.125.200.0-255,5738,218674,42,246244
2804,0.029299,172.31.46.0-255,66,218740,42,246244
2805,0.029961,172.31.46.0-255,167,218907,42,246244
2806,0.029992,172.31.46.0-255,1110,220017,42,246244
2807,0.03005,172.31.46.0-255,1514,221531,42,246244
2808,0.030053,172.31.46.0-255,1299,222830,42,246244
2809,0.031671,104.244.42.0-255,66,222896,42,246244
2810,0.0317,104.244.42.0-255,66,222962,42,246244
2811,0.031744,104.244.42.0-255,66,223028,42,246244
2812,0.031952,74.125.200.0-255,5738,228766,42,246244
2813,0.031957,172.31.46.0-255,66,228832,42,246244
2814,0.034624,74.125.200.0-255,5738,234570,42,246244
2815,0.034631,172.31.46.0-255,66,234636,42,246244
2816,0.037294,74.125.200.0-255,5738,240374,42,246244
2817,0.037301,172.31.46.0-255,66,240440,42,246244
2818,0.039949,74.125.200.0-255,5738,246178,42,246244
2819,0.039955,172.31.46.0-255,66,246244,42,246244
2820,0.0,172.217.194.0-255,143,143,42,137432
2821,1.7e-05,172.31.46.0-255,66,209,42,137432
2822,2.4e-05,172.217.194.0-255,1484,1693,42,137432
2823,2.8e-05,172.31.46.0-255,66,1759,42,137432
2824,4.1e-05,172.217.194.0-255,2902,4661,42,137432
2825,4.4e-05,172.31.46.0-255,66,4727,42,137432
2826,5.2e-05,172.217.194.0-255,7156,11883,42,137432
2827,5.6e-05,172.31.46.0-255,66,11949,42,137432
2828,6.9e-05,172.31.46.0-255,66,12015,42,137432
2829,0.0001,172.217.194.0-255,3423,15438,42,137432
2830,0.000103,172.31.46.0-255,66,15504,42,137432
2831,0.00011,172.217.194.0-255,5379,20883,42,137432
2832,0.000113,172.31.46.0-255,66,20949,42,137432
2833,0.00038,172.217.194.0-255,1484,22433,42,137432
2834,0.000386,172.31.46.0-255,66,22499,42,137432
2835,0.000392,172.217.194.0-255,2902,25401,42,137432
2836,0.000395,172.31.46.0-255,66,25467,42,137432
2837,0.000404,172.217.194.0-255,2902,28369,42,137432
2838,0.000406,172.31.46.0-255,66,28435,42,137432
2839,0.000432,172.217.194.0-255,2902,31337,42,137432
2840,0.000435,172.31.46.0-255,66,31403,42,137432
2841,0.000448,172.31.46.0-255,66,31469,42,137432
2842,0.000482,172.217.194.0-255,2902,34371,42,137432
2843,0.000484,172.31.46.0-255,66,34437,42,137432
2844,0.000509,172.31.46.0-255,66,34503,42,137432
2845,0.000511,172.217.194.0-255,378,34881,42,137432
2846,0.000513,172.31.46.0-255,66,34947,42,137432
2847,0.000552,172.217.194.0-255,1484,36431,42,137432
2848,0.000556,172.31.46.0-255,66,36497,42,137432
2849,0.00056,172.217.194.0-255,4320,40817,42,137432
2850,0.000564,172.217.194.0-255,1484,42301,42,137432
2851,0.000589,172.217.194.0-255,7156,49457,42,137432
2852,0.000591,172.217.194.0-255,1484,50941,42,137432
2853,0.000594,172.31.46.0-255,66,51007,42,137432
2854,0.000604,172.217.194.0-255,4320,55327,42,137432
2855,0.000615,172.31.46.0-255,66,55393,42,137432
2856,0.000634,172.217.194.0-255,3602,58995,42,137432
2857,0.000652,172.217.194.0-255,364,59359,42,137432
2858,0.000668,172.31.46.0-255,66,59425,42,137432
2859,0.001141,172.217.194.0-255,1484,60909,42,137432
2860,0.001147,172.217.194.0-255,1484,62393,42,137432
2861,0.00115,172.31.46.0-255,66,62459,42,137432
2862,0.001172,172.217.194.0-255,1484,63943,42,137432
2863,0.001178,172.217.194.0-255,5738,69681,42,137432
2864,0.001204,172.31.46.0-255,66,69747,42,137432
2865,0.001228,172.31.46.0-255,66,69813,42,137432
2866,0.00128,172.217.194.0-255,5020,74833,42,137432
2867,0.001283,172.31.46.0-255,66,74899,42,137432
2868,0.00129,172.31.46.0-255,66,74965,42,137432
2869,0.001397,172.217.194.0-255,1484,76449,42,137432
2870,0.001401,172.217.194.0-255,1484,77933,42,137432
2871,0.001406,172.31.46.0-255,66,77999,42,137432
2872,0.001422,172.217.194.0-255,1484,79483,42,137432
2873,0.001429,172.217.194.0-255,5738,85221,42,137432
2874,0.00144,172.217.194.0-255,7156,92377,42,137432
2875,0.001442,172.217.194.0-255,1484,93861,42,137432
2876,0.001449,172.31.46.0-255,66,93927,42,137432
2877,0.00152,172.31.46.0-255,66,93993,42,137432
2878,0.00153,172.217.194.0-255,4320,98313,42,137432
2879,0.001535,172.31.46.0-255,66,98379,42,137432
2880,0.001585,172.217.194.0-255,2184,100563,42,137432
2881,0.001598,172.31.46.0-255,66,100629,42,137432
2882,0.001615,172.217.194.0-255,1484,102113,42,137432
2883,0.00162,172.217.194.0-255,2902,105015,42,137432
2884,0.001625,172.217.194.0-255,2902,107917,42,137432
2885,0.001636,172.31.46.0-255,66,107983,42,137432
2886,0.001651,172.217.194.0-255,2902,110885,42,137432
2887,0.00169,172.217.194.0-255,4320,115205,42,137432
2888,0.001697,172.31.46.0-255,66,115271,42,137432
2889,0.001723,172.217.194.0-255,6438,121709,42,137432
2890,0.001783,172.217.194.0-255,1484,123193,42,137432
2891,0.001815,172.31.46.0-255,66,123259,42,137432
2892,0.001855,172.217.194.0-255,3602,126861,42,137432
2893,0.00186,172.217.194.0-255,4320,131181,42,137432
2894,0.001864,172.31.46.0-255,66,131247,42,137432
2895,0.001947,172.31.46.0-255,66,131313,42,137432
2896,0.001978,172.217.194.0-255,1484,132797,42,137432
2897,0.002051,172.217.194.0-255,105,132902,42,137432
2898,0.00207,172.31.46.0-255,66,132968,42,137432
2899,0.009612,172.31.46.0-255,105,133073,42,137432
2900,0.011994,172.217.194.0-255,66,133139,42,137432
2901,0.030736,172.31.46.0-255,172,133311,42,137432
2902,0.03077,172.31.46.0-255,1110,134421,42,137432
2903,0.030941,172.31.46.0-255,1514,135935,42,137432
2904,0.030943,172.31.46.0-255,1299,137234,42,137432
2905,0.032421,104.244.42.0-255,66,137300,42,137432
2906,0.032509,104.244.42.0-255,66,137366,42,137432
2907,0.032601,104.244.42.0-255,66,137432,42,137432
2908,0.0,74.125.200.0-255,152,152,42,245969
2909,1.4e-05,172.31.46.0-255,66,218,42,245969
2910,5.3e-05,74.125.200.0-255,1484,1702,42,245969
2911,5.8e-05,172.31.46.0-255,66,1768,42,245969
2912,6.4e-05,74.125.200.0-255,2902,4670,42,245969
2913,6.7e-05,172.31.46.0-255,66,4736,42,245969
2914,7.4e-05,74.125.200.0-255,5738,10474,42,245969
2915,7.7e-05,172.31.46.0-255,66,10540,42,245969
2916,8e-05,74.125.200.0-255,1484,12024,42,245969
2917,8.2e-05,172.31.46.0-255,66,12090,42,245969
2918,0.000107,74.125.200.0-255,1484,13574,42,245969
2919,0.000109,172.31.46.0-255,66,13640,42,245969
2920,0.000112,74.125.200.0-255,620,14260,42,245969
2921,0.000114,172.31.46.0-255,66,14326,42,245969
2922,0.000538,74.125.200.0-255,1484,15810,42,245969
2923,0.000544,172.31.46.0-255,66,15876,42,245969
2924,0.000551,74.125.200.0-255,1484,17360,42,245969
2925,0.000553,172.31.46.0-255,66,17426,42,245969
2926,0.000572,74.125.200.0-255,1484,18910,42,245969
2927,0.000575,172.31.46.0-255,66,18976,42,245969
2928,0.00058,74.125.200.0-255,2902,21878,42,245969
2929,0.000582,172.31.46.0-255,66,21944,42,245969
2930,0.000605,74.125.200.0-255,2902,24846,42,245969
2931,0.000608,172.31.46.0-255,66,24912,42,245969
2932,0.000612,74.125.200.0-255,2902,27814,42,245969
2933,0.000614,172.31.46.0-255,66,27880,42,245969
2934,0.000671,172.31.46.0-255,66,27946,42,245969
2935,0.000696,74.125.200.0-255,1484,29430,42,245969
2936,0.000698,172.31.46.0-255,66,29496,42,245969
2937,0.000735,172.31.46.0-255,66,29562,42,245969
2938,0.000778,74.125.200.0-255,1484,31046,42,245969
2939,0.000809,74.125.200.0-255,2902,33948,42,245969
2940,0.000813,172.31.46.0-255,66,34014,42,245969
2941,0.00084,74.125.200.0-255,5738,39752,42,245969
2942,0.000844,172.31.46.0-255,66,39818,42,245969
2943,0.000848,74.125.200.0-255,2902,42720,42,245969
2944,0.000849,172.31.46.0-255,66,42786,42,245969
2945,0.000881,74.125.200.0-255,3961,46747,42,245969
2946,0.000884,172.31.46.0-255,66,46813,42,245969
2947,0.001618,74.125.200.0-255,1484,48297,42,245969
2948,0.001637,74.125.200.0-255,2902,51199,42,245969
2949,0.001642,172.31.46.0-255,66,51265,42,245969
2950,0.001645,74.125.200.0-255,1484,52749,42,245969
2951,0.001676,74.125.200.0-255,4320,57069,42,245969
2952,0.001678,172.31.46.0-255,66,57135,42,245969
2953,0.00168,74.125.200.0-255,1484,58619,42,245969
2954,0.001683,74.125.200.0-255,2902,61521,42,245969
2955,0.001685,172.31.46.0-255,66,61587,42,245969
2956,0.001714,74.125.200.0-255,5657,67244,42,245969
2957,0.001717,172.31.46.0-255,66,67310,42,245969
2958,0.001738,74.125.200.0-255,2902,70212,42,245969
2959,0.00174,172.31.46.0-255,66,70278,42,245969
2960,0.001764,74.125.200.0-255,2902,73180,42,245969
2961,0.001766,172.31.46.0-255,66,73246,42,245969
2962,0.001773,74.125.200.0-255,7156,80402,42,245969
2963,0.001775,172.31.46.0-255,66,80468,42,245969
2964,0.001835,172.31.46.0-255,66,80534,42,245969
2965,0.00184,74.125.200.0-255,3602,84136,42,245969
2966,0.001841,172.31.46.0-255,66,84202,42,245969
2967,0.001847,74.125.200.0-255,4320,88522,42,245969
2968,0.001849,172.31.46.0-255,66,88588,42,245969
2969,0.001853,74.125.200.0-255,4320,92908,42,245969
2970,0.001855,172.31.46.0-255,66,92974,42,245969
2971,0.001886,74.125.200.0-255,5738,98712,42,245969
2972,0.001888,172.31.46.0-255,66,98778,42,245969
2973,0.001893,74.125.200.0-255,4320,103098,42,245969
2974,0.001894,172.31.46.0-255,66,103164,42,245969
2975,0.001923,74.125.200.0-255,2902,106066,42,245969
2976,0.001925,172.31.46.0-255,66,106132,42,245969
2977,0.001951,172.31.46.0-255,66,106198,42,245969
2978,0.001981,74.125.200.0-255,3602,109800,42,245969
2979,0.001983,172.31.46.0-255,66,109866,42,245969
2980,0.001996,172.31.46.0-255,66,109932,42,245969
2981,0.002016,74.125.200.0-255,1484,111416,42,245969
2982,0.002021,74.125.200.0-255,4320,115736,42,245969
2983,0.002023,74.125.200.0-255,1484,117220,42,245969
2984,0.002078,74.125.200.0-255,1484,118704,42,245969
2985,0.002099,74.125.200.0-255,2902,121606,42,245969
2986,0.002101,74.125.200.0-255,1484,123090,42,245969
2987,0.002112,74.125.200.0-255,2902,125992,42,245969
2988,0.002123,74.125.200.0-255,1484,127476,42,245969
2989,0.002128,74.125.200.0-255,4320,131796,42,245969
2990,0.002144,74.125.200.0-255,2902,134698,42,245969
2991,0.002155,74.125.200.0-255,1484,136182,42,245969
2992,0.002172,74.125.200.0-255,4320,140502,42,245969
2993,0.002196,74.125.200.0-255,2184,142686,42,245969
2994,0.002231,74.125.200.0-255,2902,145588,42,245969
2995,0.002242,74.125.200.0-255,4320,149908,42,245969
2996,0.003521,172.31.46.0-255,66,149974,42,245969
2997,0.005736,74.125.200.0-255,5738,155712,42,245969
2998,0.005742,172.31.46.0-255,66,155778,42,245969
2999,0.007949,74.125.200.0-255,5738,161516,42,245969
3000,0.007957,172.31.46.0-255,66,161582,42,245969
3001,0.010144,74.125.200.0-255,5738,167320,42,245969
3002,0.010152,172.31.46.0-255,66,167386,42,245969
3003,0.01234,74.125.200.0-255,5738,173124,42,245969
3004,0.012346,172.31.46.0-255,66,173190,42,245969
3005,0.014531,74.125.200.0-255,4320,177510,42,245969
3006,0.014538,172.31.46.0-255,66,177576,42,245969
3007,0.014568,74.125.200.0-255,1484,179060,42,245969
3008,0.016728,74.125.200.0-255,4320,183380,42,245969
3009,0.016735,172.31.46.0-255,66,183446,42,245969
3010,0.018957,74.125.200.0-255,5738,189184,42,245969
3011,0.018965,172.31.46.0-255,66,189250,42,245969
3012,0.021159,74.125.200.0-255,5738,194988,42,245969
3013,0.021167,172.31.46.0-255,66,195054,42,245969
3014,0.022482,172.31.46.0-255,164,195218,42,245969
3015,0.022515,172.31.46.0-255,1119,196337,42,245969
3016,0.022573,172.31.46.0-255,1514,197851,42,245969
3017,0.022594,172.31.46.0-255,1290,199141,42,245969
3018,0.023371,74.125.200.0-255,5738,204879,42,245969
3019,0.023378,172.31.46.0-255,66,204945,42,245969
3020,0.02413,104.244.42.0-255,66,205011,42,245969
3021,0.024184,104.244.42.0-255,66,205077,42,245969
3022,0.02424,104.244.42.0-255,66,205143,42,245969
3023,0.025616,74.125.200.0-255,5738,210881,42,245969
3024,0.025624,172.31.46.0-255,66,210947,42,245969
3025,0.027872,74.125.200.0-255,2902,213849,42,245969
3026,0.027878,172.31.46.0-255,66,213915,42,245969
3027,0.027945,74.125.200.0-255,2902,216817,42,245969
3028,0.027949,172.31.46.0-255,66,216883,42,245969
3029,0.030064,74.125.200.0-255,1484,218367,42,245969
3030,0.030126,74.125.200.0-255,4320,222687,42,245969
3031,0.030132,172.31.46.0-255,66,222753,42,245969
3032,0.03233,74.125.200.0-255,5738,228491,42,245969
3033,0.032336,172.31.46.0-255,66,228557,42,245969
3034,0.034533,74.125.200.0-255,5738,234295,42,245969
3035,0.034539,172.31.46.0-255,66,234361,42,245969
3036,0.036746,74.125.200.0-255,5738,240099,42,245969
3037,0.036752,172.31.46.0-255,66,240165,42,245969
3038,0.038945,74.125.200.0-255,5738,245903,42,245969
3039,0.038951,172.31.46.0-255,66,245969,42,245969
3040,0.0,74.125.130.0-255,152,152,42,222239
3041,2.2e-05,172.31.46.0-255,66,218,42,222239
3042,3e-05,74.125.130.0-255,1484,1702,42,222239
3043,3.4e-05,172.31.46.0-255,66,1768,42,222239
3044,4.1e-05,74.125.130.0-255,2902,4670,42,222239
3045,4.4e-05,172.31.46.0-255,66,4736,42,222239
3046,5.1e-05,74.125.130.0-255,5738,10474,42,222239
3047,5.4e-05,172.31.46.0-255,66,10540,42,222239
3048,8.1e-05,74.125.130.0-255,4877,15417,42,222239
3049,8.4e-05,172.31.46.0-255,66,15483,42,222239
3050,0.000107,74.125.130.0-255,2902,18385,42,222239
3051,0.000109,172.31.46.0-255,66,18451,42,222239
3052,0.000123,74.125.130.0-255,2902,21353,42,222239
3053,0.000125,172.31.46.0-255,66,21419,42,222239
3054,0.000154,74.125.130.0-255,2902,24321,42,222239
3055,0.000157,172.31.46.0-255,66,24387,42,222239
3056,0.000176,74.125.130.0-255,6797,31184,42,222239
3057,0.000178,172.31.46.0-255,66,31250,42,222239
3058,0.000288,74.125.130.0-255,1484,32734,42,222239
3059,0.000292,172.31.46.0-255,66,32800,42,222239
3060,0.00031,74.125.130.0-255,2902,35702,42,222239
3061,0.000313,172.31.46.0-255,66,35768,42,222239
3062,0.000342,74.125.130.0-255,4320,40088,42,222239
3063,0.000345,172.31.46.0-255,66,40154,42,222239
3064,0.000351,74.125.130.0-255,5738,45892,42,222239
3065,0.000353,172.31.46.0-255,66,45958,42,222239
3066,0.00039,74.125.130.0-255,1484,47442,42,222239
3067,0.000393,172.31.46.0-255,66,47508,42,222239
3068,0.00042,172.31.46.0-255,66,47574,42,222239
3069,0.000455,74.125.130.0-255,2902,50476,42,222239
3070,0.000458,172.31.46.0-255,66,50542,42,222239
3071,0.000479,74.125.130.0-255,7071,57613,42,222239
3072,0.000503,172.31.46.0-255,66,57679,42,222239
3073,0.000619,74.125.130.0-255,118,57797,42,222239
3074,0.000817,74.125.130.0-255,1484,59281,42,222239
3075,0.000821,172.31.46.0-255,66,59347,42,222239
3076,0.000827,74.125.130.0-255,2902,62249,42,222239
3077,0.000844,74.125.130.0-255,4320,66569,42,222239
3078,0.000869,74.125.130.0-255,1484,68053,42,222239
3079,0.000881,172.31.46.0-255,66,68119,42,222239
3080,0.000918,172.31.46.0-255,66,68185,42,222239
3081,0.000936,74.125.130.0-255,4320,72505,42,222239
3082,0.000974,74.125.130.0-255,5738,78243,42,222239
3083,0.001008,74.125.130.0-255,1484,79727,42,222239
3084,0.001032,74.125.130.0-255,3961,83688,42,222239
3085,0.001911,74.125.130.0-255,1484,85172,42,222239
3086,0.001921,74.125.130.0-255,2902,88074,42,222239
3087,0.001932,74.125.130.0-255,1484,89558,42,222239
3088,0.001954,74.125.130.0-255,4320,93878,42,222239
3089,0.001967,74.125.130.0-255,4320,98198,42,222239
3090,0.002,74.125.130.0-255,2902,101100,42,222239
3091,0.002025,74.125.130.0-255,2902,104002,42,222239
3092,0.002044,74.125.130.0-255,4320,108322,42,222239
3093,0.002071,74.125.130.0-255,4320,112642,42,222239
3094,0.0021,74.125.130.0-255,1484,114126,42,222239
3095,0.002122,74.125.130.0-255,3602,117728,42,222239
3096,0.002305,74.125.130.0-255,1484,119212,42,222239
3097,0.002319,74.125.130.0-255,2902,122114,42,222239
3098,0.002364,74.125.130.0-255,2902,125016,42,222239
3099,0.002383,74.125.130.0-255,2902,127918,42,222239
3100,0.002388,74.125.130.0-255,2902,130820,42,222239
3101,0.002401,74.125.130.0-255,4320,135140,42,222239
3102,0.002423,74.125.130.0-255,2902,138042,42,222239
3103,0.002533,74.125.130.0-255,2902,140944,42,222239
3104,0.002654,74.125.130.0-255,1484,142428,42,222239
3105,0.005512,172.31.46.0-255,66,142494,42,222239
3106,0.007983,74.125.130.0-255,5738,148232,42,222239
3107,0.007994,172.31.46.0-255,66,148298,42,222239
3108,0.010455,74.125.130.0-255,5738,154036,42,222239
3109,0.010468,172.31.46.0-255,66,154102,42,222239
3110,0.01296,74.125.130.0-255,5738,159840,42,222239
3111,0.013252,172.31.46.0-255,66,159906,42,222239
3112,0.015718,74.125.130.0-255,5738,165644,42,222239
3113,0.015737,172.31.46.0-255,66,165710,42,222239
3114,0.018203,74.125.130.0-255,5738,171448,42,222239
3115,0.018222,172.31.46.0-255,66,171514,42,222239
3116,0.020679,74.125.130.0-255,5738,177252,42,222239
3117,0.020698,172.31.46.0-255,66,177318,42,222239
3118,0.02317,74.125.130.0-255,5738,183056,42,222239
3119,0.023239,172.31.46.0-255,66,183122,42,222239
3120,0.025698,74.125.130.0-255,5738,188860,42,222239
3121,0.02571,172.31.46.0-255,66,188926,42,222239
3122,0.028165,74.125.130.0-255,5738,194664,42,222239
3123,0.028176,172.31.46.0-255,66,194730,42,222239
3124,0.029526,172.31.46.0-255,172,194902,42,222239
3125,0.029558,172.31.46.0-255,1110,196012,42,222239
3126,0.029615,172.31.46.0-255,1514,197526,42,222239
3127,0.029617,172.31.46.0-255,1299,198825,42,222239
3128,0.030627,74.125.130.0-255,5738,204563,42,222239
3129,0.030638,172.31.46.0-255,66,204629,42,222239
3130,0.031209,104.244.42.0-255,66,204695,42,222239
3131,0.031239,104.244.42.0-255,66,204761,42,222239
3132,0.0313,104.244.42.0-255,66,204827,42,222239
3133,0.033094,74.125.130.0-255,5738,210565,42,222239
3134,0.033101,172.31.46.0-255,66,210631,42,222239
3135,0.035556,74.125.130.0-255,5738,216369,42,222239
3136,0.035565,172.31.46.0-255,66,216435,42,222239
3137,0.038052,74.125.130.0-255,5738,222173,42,222239
3138,0.038059,172.31.46.0-255,66,222239,42,222239
3139,0.0,74.125.200.0-255,153,153,42,219283
3140,1.9e-05,172.31.46.0-255,66,219,42,219283
3141,2.5e-05,74.125.200.0-255,1484,1703,42,219283
3142,2.9e-05,172.31.46.0-255,66,1769,42,219283
3143,3.4e-05,74.125.200.0-255,2902,4671,42,219283
3144,4.4e-05,172.31.46.0-255,66,4737,42,219283
3145,4.9e-05,74.125.200.0-255,2902,7639,42,219283
3146,5.3e-05,172.31.46.0-255,66,7705,42,219283
3147,8.4e-05,74.125.200.0-255,1484,9189,42,219283
3148,8.7e-05,172.31.46.0-255,66,9255,42,219283
3149,9.3e-05,74.125.200.0-255,4927,14182,42,219283
3150,9.5e-05,172.31.46.0-255,66,14248,42,219283
3151,0.000105,74.125.200.0-255,5738,19986,42,219283
3152,0.000108,172.31.46.0-255,66,20052,42,219283
3153,0.000132,74.125.200.0-255,4320,24372,42,219283
3154,0.000137,172.31.46.0-255,66,24438,42,219283
3155,0.000149,74.125.200.0-255,4320,28758,42,219283
3156,0.000155,172.31.46.0-255,66,28824,42,219283
3157,0.000171,74.125.200.0-255,2543,31367,42,219283
3158,0.000174,172.31.46.0-255,66,31433,42,219283
3159,0.000238,74.125.200.0-255,1484,32917,42,219283
3160,0.000241,172.31.46.0-255,66,32983,42,219283
3161,0.000266,74.125.200.0-255,2902,35885,42,219283
3162,0.000268,172.31.46.0-255,66,35951,42,219283
3163,0.000273,74.125.200.0-255,4320,40271,42,219283
3164,0.000275,172.31.46.0-255,66,40337,42,219283
3165,0.000283,74.125.200.0-255,4320,44657,42,219283
3166,0.000285,172.31.46.0-255,66,44723,42,219283
3167,0.000305,74.125.200.0-255,4320,49043,42,219283
3168,0.000311,172.31.46.0-255,66,49109,42,219283
3169,0.000317,74.125.200.0-255,7156,56265,42,219283
3170,0.000319,172.31.46.0-255,66,56331,42,219283
3171,0.000324,74.125.200.0-255,4320,60651,42,219283
3172,0.000326,172.31.46.0-255,66,60717,42,219283
3173,0.000359,74.125.200.0-255,4320,65037,42,219283
3174,0.000362,172.31.46.0-255,66,65103,42,219283
3175,0.000364,74.125.200.0-255,1063,66166,42,219283
3176,0.000439,74.125.200.0-255,129,66295,42,219283
3177,0.000602,74.125.200.0-255,1484,67779,42,219283
3178,0.000607,172.31.46.0-255,66,67845,42,219283
3179,0.000611,74.125.200.0-255,1484,69329,42,219283
3180,0.000648,74.125.200.0-255,1484,70813,42,219283
3181,0.000651,172.31.46.0-255,66,70879,42,219283
3182,0.000658,74.125.200.0-255,5738,76617,42,219283
3183,0.00066,172.31.46.0-255,66,76683,42,219283
3184,0.000667,74.125.200.0-255,2902,79585,42,219283
3185,0.00067,172.31.46.0-255,66,79651,42,219283
3186,0.000675,74.125.200.0-255,4320,83971,42,219283
3187,0.000677,172.31.46.0-255,66,84037,42,219283
3188,0.000682,74.125.200.0-255,4320,88357,42,219283
3189,0.000684,172.31.46.0-255,66,88423,42,219283
3190,0.000719,74.125.200.0-255,4320,92743,42,219283
3191,0.000722,172.31.46.0-255,66,92809,42,219283
3192,0.000728,74.125.200.0-255,5738,98547,42,219283
3193,0.00073,172.31.46.0-255,66,98613,42,219283
3194,0.000743,74.125.200.0-255,2465,101078,42,219283
3195,0.000745,172.31.46.0-255,66,101144,42,219283
3196,0.001766,74.125.200.0-255,1484,102628,42,219283
3197,0.001778,74.125.200.0-255,2902,105530,42,219283
3198,0.001783,172.31.46.0-255,66,105596,42,219283
3199,0.001788,74.125.200.0-255,1484,107080,42,219283
3200,0.001817,74.125.200.0-255,4320,111400,42,219283
3201,0.001819,172.31.46.0-255,66,111466,42,219283
3202,0.001824,74.125.200.0-255,2902,114368,42,219283
3203,0.001825,172.31.46.0-255,66,114434,42,219283
3204,0.001831,74.125.200.0-255,4320,118754,42,219283
3205,0.001833,172.31.46.0-255,66,118820,42,219283
3206,0.001884,172.31.46.0-255,66,118886,42,219283
3207,0.001891,74.125.200.0-255,4320,123206,42,219283
3208,0.001893,172.31.46.0-255,66,123272,42,219283
3209,0.001917,74.125.200.0-255,3602,126874,42,219283
3210,0.001919,172.31.46.0-255,66,126940,42,219283
3211,0.004225,74.125.200.0-255,1484,128424,42,219283
3212,0.004255,74.125.200.0-255,4320,132744,42,219283
3213,0.00426,172.31.46.0-255,66,132810,42,219283
3214,0.00665,74.125.200.0-255,5738,138548,42,219283
3215,0.006654,172.31.46.0-255,66,138614,42,219283
3216,0.009,74.125.200.0-255,5738,144352,42,219283
3217,0.009006,172.31.46.0-255,66,144418,42,219283
3218,0.011377,74.125.200.0-255,5738,150156,42,219283
3219,0.011383,172.31.46.0-255,66,150222,42,219283
3220,0.013746,74.125.200.0-255,5738,155960,42,219283
3221,0.013757,172.31.46.0-255,66,156026,42,219283
3222,0.016116,74.125.200.0-255,2902,158928,42,219283
3223,0.016124,172.31.46.0-255,66,158994,42,219283
3224,0.01616,74.125.200.0-255,2902,161896,42,219283
3225,0.016163,172.31.46.0-255,66,161962,42,219283
3226,0.018457,74.125.200.0-255,2902,164864,42,219283
3227,0.018463,172.31.46.0-255,66,164930,42,219283
3228,0.018489,74.125.200.0-255,2902,167832,42,219283
3229,0.018491,172.31.46.0-255,66,167898,42,219283
3230,0.0208,74.125.200.0-255,2902,170800,42,219283
3231,0.020807,172.31.46.0-255,66,170866,42,219283
3232,0.020833,74.125.200.0-255,2902,173768,42,219283
3233,0.020836,172.31.46.0-255,66,173834,42,219283
3234,0.023142,74.125.200.0-255,2902,176736,42,219283
3235,0.02315,172.31.46.0-255,66,176802,42,219283
3236,0.023184,74.125.200.0-255,2902,179704,42,219283
3237,0.023187,172.31.46.0-255,66,179770,42,219283
3238,0.025477,74.125.200.0-255,2902,182672,42,219283
3239,0.025483,172.31.46.0-255,66,182738,42,219283
3240,0.025513,74.125.200.0-255,2902,185640,42,219283
3241,0.025517,172.31.46.0-255,66,185706,42,219283
3242,0.026299,172.31.46.0-255,172,185878,42,219283
3243,0.026324,172.31.46.0-255,1107,186985,42,219283
3244,0.026369,172.31.46.0-255,1514,188499,42,219283
3245,0.026371,172.31.46.0-255,1302,189801,42,219283
3246,0.02782,74.125.200.0-255,2902,192703,42,219283
3247,0.027826,172.31.46.0-255,66,192769,42,219283
3248,0.027859,74.125.200.0-255,2902,195671,42,219283
3249,0.027862,172.31.46.0-255,66,195737,42,219283
3250,0.027933,104.244.42.0-255,66,195803,42,219283
3251,0.027988,104.244.42.0-255,66,195869,42,219283
3252,0.028036,104.244.42.0-255,66,195935,42,219283
3253,0.030189,74.125.200.0-255,2902,198837,42,219283
3254,0.030204,172.31.46.0-255,66,198903,42,219283
3255,0.030217,74.125.200.0-255,2902,201805,42,219283
3256,0.030227,172.31.46.0-255,66,201871,42,219283
3257,0.033166,74.125.200.0-255,5738,207609,42,219283
3258,0.033177,172.31.46.0-255,66,207675,42,219283
3259,0.035548,74.125.200.0-255,5738,213413,42,219283
3260,0.035557,172.31.46.0-255,66,213479,42,219283
3261,0.037909,74.125.200.0-255,5738,219217,42,219283
3262,0.037917,172.31.46.0-255,66,219283,42,219283
3263,0.0,172.217.194.0-255,297,297,42,229614
3264,2.3e-05,172.31.46.0-255,66,363,42,229614
3265,2.9e-05,172.217.194.0-255,1484,1847,42,229614
3266,3.3e-05,172.31.46.0-255,66,1913,42,229614
3267,3.9e-05,172.217.194.0-255,4320,6233,42,229614
3268,5e-05,172.31.46.0-255,66,6299,42,229614
3269,6.7e-05,172.217.194.0-255,5738,12037,42,229614
3270,7e-05,172.31.46.0-255,66,12103,42,229614
3271,7.6e-05,172.217.194.0-255,4320,16423,42,229614
3272,7.8e-05,172.31.46.0-255,66,16489,42,229614
3273,0.000128,172.31.46.0-255,66,16555,42,229614
3274,0.000135,172.217.194.0-255,6797,23352,42,229614
3275,0.000138,172.31.46.0-255,66,23418,42,229614
3276,0.000276,172.217.194.0-255,1484,24902,42,229614
3277,0.00028,172.31.46.0-255,66,24968,42,229614
3278,0.000286,172.217.194.0-255,1484,26452,42,229614
3279,0.000288,172.31.46.0-255,66,26518,42,229614
3280,0.000317,172.217.194.0-255,1484,28002,42,229614
3281,0.00032,172.31.46.0-255,66,28068,42,229614
3282,0.000327,172.217.194.0-255,5738,33806,42,229614
3283,0.00033,172.31.46.0-255,66,33872,42,229614
3284,0.000352,172.217.194.0-255,1484,35356,42,229614
3285,0.000354,172.31.46.0-255,66,35422,42,229614
3286,0.000395,172.31.46.0-255,66,35488,42,229614
3287,0.000411,172.31.46.0-255,66,35554,42,229614
3288,0.000416,172.217.194.0-255,4216,39770,42,229614
3289,0.000418,172.31.46.0-255,66,39836,42,229614
3290,0.000455,172.217.194.0-255,118,39954,42,229614
3291,0.000458,172.31.46.0-255,66,40020,42,229614
3292,0.000541,172.217.194.0-255,1484,41504,42,229614
3293,0.000547,172.217.194.0-255,2902,44406,42,229614
3294,0.00055,172.31.46.0-255,66,44472,42,229614
3295,0.000554,172.217.194.0-255,2902,47374,42,229614
3296,0.000557,172.31.46.0-255,66,47440,42,229614
3297,0.000581,172.217.194.0-255,2902,50342,42,229614
3298,0.000589,172.31.46.0-255,66,50408,42,229614
3299,0.000593,172.217.194.0-255,2902,53310,42,229614
3300,0.000596,172.31.46.0-255,66,53376,42,229614
3301,0.000639,172.31.46.0-255,66,53442,42,229614
3302,0.000645,172.217.194.0-255,4320,57762,42,229614
3303,0.000648,172.31.46.0-255,66,57828,42,229614
3304,0.000684,172.217.194.0-255,6751,64579,42,229614
3305,0.000687,172.31.46.0-255,66,64645,42,229614
3306,0.000941,172.217.194.0-255,1484,66129,42,229614
3307,0.000946,172.217.194.0-255,1484,67613,42,229614
3308,0.00095,172.31.46.0-255,66,67679,42,229614
3309,0.000979,172.217.194.0-255,1484,69163,42,229614
3310,0.000986,172.217.194.0-255,5738,74901,42,229614
3311,0.000988,172.31.46.0-255,66,74967,42,229614
3312,0.000991,172.217.194.0-255,1484,76451,42,229614
3313,0.001017,172.217.194.0-255,5738,82189,42,229614
3314,0.001019,172.31.46.0-255,66,82255,42,229614
3315,0.001032,172.31.46.0-255,66,82321,42,229614
3316,0.001064,172.217.194.0-255,5738,88059,42,229614
3317,0.001066,172.31.46.0-255,66,88125,42,229614
3318,0.00107,172.217.194.0-255,2184,90309,42,229614
3319,0.001073,172.31.46.0-255,66,90375,42,229614
3320,0.001419,172.217.194.0-255,1484,91859,42,229614
3321,0.001424,172.217.194.0-255,1484,93343,42,229614
3322,0.001427,172.31.46.0-255,66,93409,42,229614
3323,0.001453,172.217.194.0-255,1484,94893,42,229614
3324,0.00146,172.217.194.0-255,5738,100631,42,229614
3325,0.001462,172.31.46.0-255,66,100697,42,229614
3326,0.001469,172.217.194.0-255,5738,106435,42,229614
3327,0.001471,172.31.46.0-255,66,106501,42,229614
3328,0.00151,172.217.194.0-255,1484,107985,42,229614
3329,0.001544,172.217.194.0-255,5020,113005,42,229614
3330,0.00155,172.217.194.0-255,5738,118743,42,229614
3331,0.001553,172.217.194.0-255,2902,121645,42,229614
3332,0.001558,172.31.46.0-255,66,121711,42,229614
3333,0.001561,172.31.46.0-255,66,121777,42,229614
3334,0.001564,172.31.46.0-255,66,121843,42,229614
3335,0.001578,172.31.46.0-255,66,121909,42,229614
3336,0.001588,172.217.194.0-255,5738,127647,42,229614
3337,0.001591,172.31.46.0-255,66,127713,42,229614
3338,0.001611,172.31.46.0-255,66,127779,42,229614
3339,0.001635,172.217.194.0-255,4320,132099,42,229614
3340,0.001642,172.31.46.0-255,66,132165,42,229614
3341,0.001647,172.217.194.0-255,3602,135767,42,229614
3342,0.001649,172.31.46.0-255,66,135833,42,229614
3343,0.001897,172.217.194.0-255,1484,137317,42,229614
3344,0.00192,172.217.194.0-255,2902,140219,42,229614
3345,0.001924,172.31.46.0-255,66,140285,42,229614
3346,0.001927,172.217.194.0-255,1484,141769,42,229614
3347,0.001952,172.217.194.0-255,4320,146089,42,229614
3348,0.001956,172.31.46.0-255,66,146155,42,229614
3349,0.001979,172.31.46.0-255,66,146221,42,229614
3350,0.001995,172.217.194.0-255,4320,150541,42,229614
3351,0.001997,172.31.46.0-255,66,150607,42,229614
3352,0.002,172.217.194.0-255,1484,152091,42,229614
3353,0.002034,172.31.46.0-255,66,152157,42,229614
3354,0.002186,172.217.194.0-255,1484,153641,42,229614
3355,0.002207,172.217.194.0-255,2902,156543,42,229614
3356,0.002211,172.31.46.0-255,66,156609,42,229614
3357,0.002218,172.217.194.0-255,5738,162347,42,229614
3358,0.00222,172.31.46.0-255,66,162413,42,229614
3359,0.002223,172.217.194.0-255,1484,163897,42,229614
3360,0.002251,172.217.194.0-255,2902,166799,42,229614
3361,0.002255,172.31.46.0-255,66,166865,42,229614
3362,0.002296,172.31.46.0-255,66,166931,42,229614
3363,0.002311,172.31.46.0-255,66,166997,42,229614
3364,0.002344,172.31.46.0-255,66,167063,42,229614
3365,0.002377,172.217.194.0-255,1484,168547,42,229614
3366,0.002392,172.31.46.0-255,66,168613,42,229614
3367,0.002408,172.31.46.0-255,66,168679,42,229614
3368,0.002449,172.217.194.0-255,1484,170163,42,229614
3369,0.00247,172.217.194.0-255,2902,173065,42,229614
3370,0.002473,172.31.46.0-255,66,173131,42,229614
3371,0.002501,172.217.194.0-255,5738,178869,42,229614
3372,0.002504,172.31.46.0-255,66,178935,42,229614
3373,0.002509,172.217.194.0-255,4320,183255,42,229614
3374,0.002511,172.31.46.0-255,66,183321,42,229614
3375,0.002552,172.31.46.0-255,66,183387,42,229614
3376,0.002559,172.217.194.0-255,7156,190543,42,229614
3377,0.002561,172.31.46.0-255,66,190609,42,229614
3378,0.002614,172.217.194.0-255,3602,194211,42,229614
3379,0.00262,172.31.46.0-255,66,194277,42,229614
3380,0.002623,172.217.194.0-255,1484,195761,42,229614
3381,0.002628,172.217.194.0-255,2902,198663,42,229614
3382,0.00263,172.31.46.0-255,66,198729,42,229614
3383,0.002633,172.217.194.0-255,1484,200213,42,229614
3384,0.002667,172.217.194.0-255,4320,204533,42,229614
3385,0.00267,172.31.46.0-255,66,204599,42,229614
3386,0.002677,172.217.194.0-255,7156,211755,42,229614
3387,0.00268,172.31.46.0-255,66,211821,42,229614
3388,0.00271,172.217.194.0-255,5738,217559,42,229614
3389,0.002713,172.31.46.0-255,66,217625,42,229614
3390,0.002727,172.31.46.0-255,66,217691,42,229614
3391,0.00276,172.217.194.0-255,7156,224847,42,229614
3392,0.002763,172.31.46.0-255,66,224913,42,229614
3393,0.002811,172.31.46.0-255,66,224979,42,229614
3394,0.005512,172.217.194.0-255,105,225084,42,229614
3395,0.011372,172.31.46.0-255,66,225150,42,229614
3396,0.011412,172.31.46.0-255,105,225255,42,229614
3397,0.014152,172.217.194.0-255,66,225321,42,229614
3398,0.036218,172.31.46.0-255,172,225493,42,229614
3399,0.036252,172.31.46.0-255,1110,226603,42,229614
3400,0.036317,172.31.46.0-255,1514,228117,42,229614
3401,0.036336,172.31.46.0-255,1299,229416,42,229614
3402,0.037884,104.244.42.0-255,66,229482,42,229614
3403,0.037943,104.244.42.0-255,66,229548,42,229614
3404,0.038001,104.244.42.0-255,66,229614,42,229614
3405,0.0,172.217.194.0-255,153,153,42,184207
3406,2.5e-05,172.31.46.0-255,66,219,42,184207
3407,3.3e-05,172.217.194.0-255,1484,1703,42,184207
3408,3.8e-05,172.31.46.0-255,66,1769,42,184207
3409,5e-05,172.217.194.0-255,2902,4671,42,184207
3410,5.4e-05,172.31.46.0-255,66,4737,42,184207
3411,6.1e-05,172.217.194.0-255,7156,11893,42,184207
3412,6.5e-05,172.31.46.0-255,66,11959,42,184207
3413,6.9e-05,172.217.194.0-255,2027,13986,42,184207
3414,7.2e-05,172.31.46.0-255,66,14052,42,184207
3415,8.9e-05,172.217.194.0-255,1484,15536,42,184207
3416,9.2e-05,172.31.46.0-255,66,15602,42,184207
3417,0.00012,172.217.194.0-255,2902,18504,42,184207
3418,0.000123,172.31.46.0-255,66,18570,42,184207
3419,0.000129,172.217.194.0-255,5738,24308,42,184207
3420,0.000132,172.31.46.0-255,66,24374,42,184207
3421,0.00016,172.217.194.0-255,6797,31171,42,184207
3422,0.000163,172.31.46.0-255,66,31237,42,184207
3423,0.000212,172.217.194.0-255,1484,32721,42,184207
3424,0.000214,172.31.46.0-255,66,32787,42,184207
3425,0.000219,172.217.194.0-255,2902,35689,42,184207
3426,0.000221,172.31.46.0-255,66,35755,42,184207
3427,0.000249,172.217.194.0-255,5738,41493,42,184207
3428,0.000252,172.31.46.0-255,66,41559,42,184207
3429,0.00028,172.217.194.0-255,5738,47297,42,184207
3430,0.000284,172.31.46.0-255,66,47363,42,184207
3431,0.00033,172.31.46.0-255,66,47429,42,184207
3432,0.000335,172.217.194.0-255,3961,51390,42,184207
3433,0.000338,172.31.46.0-255,66,51456,42,184207
3434,0.000341,172.217.194.0-255,378,51834,42,184207
3435,0.000343,172.31.46.0-255,66,51900,42,184207
3436,0.000595,172.217.194.0-255,366,52266,42,184207
3437,0.00061,172.217.194.0-255,1484,53750,42,184207
3438,0.000614,172.31.46.0-255,66,53816,42,184207
3439,0.000621,172.217.194.0-255,4320,58136,42,184207
3440,0.000624,172.31.46.0-255,66,58202,42,184207
3441,0.000655,172.217.194.0-255,7156,65358,42,184207
3442,0.000658,172.31.46.0-255,66,65424,42,184207
3443,0.000684,172.217.194.0-255,2902,68326,42,184207
3444,0.000687,172.31.46.0-255,66,68392,42,184207
3445,0.000699,172.31.46.0-255,66,68458,42,184207
3446,0.000729,172.217.194.0-255,2902,71360,42,184207
3447,0.000732,172.31.46.0-255,66,71426,42,184207
3448,0.000738,172.217.194.0-255,5020,76446,42,184207
3449,0.000741,172.31.46.0-255,66,76512,42,184207
3450,0.001396,172.217.194.0-255,1484,77996,42,184207
3451,0.001403,172.217.194.0-255,2902,80898,42,184207
3452,0.001407,172.31.46.0-255,66,80964,42,184207
3453,0.001415,172.217.194.0-255,5738,86702,42,184207
3454,0.001417,172.31.46.0-255,66,86768,42,184207
3455,0.001452,172.31.46.0-255,66,86834,42,184207
3456,0.001478,172.217.194.0-255,1484,88318,42,184207
3457,0.001481,172.217.194.0-255,1484,89802,42,184207
3458,0.001483,172.31.46.0-255,66,89868,42,184207
3459,0.001488,172.217.194.0-255,2902,92770,42,184207
3460,0.00149,172.31.46.0-255,66,92836,42,184207
3461,0.001515,172.217.194.0-255,6438,99274,42,184207
3462,0.001518,172.31.46.0-255,66,99340,42,184207
3463,0.001564,172.217.194.0-255,1484,100824,42,184207
3464,0.001567,172.217.194.0-255,1484,102308,42,184207
3465,0.00157,172.31.46.0-255,66,102374,42,184207
3466,0.001597,172.217.194.0-255,1484,103858,42,184207
3467,0.001603,172.217.194.0-255,4320,108178,42,184207
3468,0.001605,172.31.46.0-255,66,108244,42,184207
3469,0.001616,172.31.46.0-255,66,108310,42,184207
3470,0.001644,172.217.194.0-255,1484,109794,42,184207
3471,0.00167,172.31.46.0-255,66,109860,42,184207
3472,0.001778,172.217.194.0-255,1484,111344,42,184207
3473,0.001784,172.217.194.0-255,2902,114246,42,184207
3474,0.001787,172.31.46.0-255,66,114312,42,184207
3475,0.001792,172.217.194.0-255,2902,117214,42,184207
3476,0.001794,172.31.46.0-255,66,117280,42,184207
3477,0.001821,172.217.194.0-255,2902,120182,42,184207
3478,0.001824,172.31.46.0-255,66,120248,42,184207
3479,0.001835,172.31.46.0-255,66,120314,42,184207
3480,0.001863,172.217.194.0-255,2902,123216,42,184207
3481,0.001866,172.31.46.0-255,66,123282,42,184207
3482,0.001878,172.31.46.0-255,66,123348,42,184207
3483,0.001902,172.217.194.0-255,7156,130504,42,184207
3484,0.001905,172.31.46.0-255,66,130570,42,184207
3485,0.001939,172.217.194.0-255,4320,134890,42,184207
3486,0.001942,172.31.46.0-255,66,134956,42,184207
3487,0.001981,172.217.194.0-255,1484,136440,42,184207
3488,0.002017,172.31.46.0-255,66,136506,42,184207
3489,0.002034,172.31.46.0-255,66,136572,42,184207
3490,0.002056,172.31.46.0-255,66,136638,42,184207
3491,0.002067,172.31.46.0-255,66,136704,42,184207
3492,0.002088,172.31.46.0-255,66,136770,42,184207
3493,0.002114,172.217.194.0-255,5738,142508,42,184207
3494,0.002117,172.31.46.0-255,66,142574,42,184207
3495,0.002123,172.217.194.0-255,5020,147594,42,184207
3496,0.002125,172.31.46.0-255,66,147660,42,184207
3497,0.002189,172.217.194.0-255,1484,149144,42,184207
3498,0.002194,172.217.194.0-255,2902,152046,42,184207
3499,0.002204,172.31.46.0-255,66,152112,42,184207
3500,0.002208,172.217.194.0-255,2902,155014,42,184207
3501,0.002211,172.31.46.0-255,66,155080,42,184207
3502,0.002239,172.217.194.0-255,2902,157982,42,184207
3503,0.002242,172.31.46.0-255,66,158048,42,184207
3504,0.002254,172.31.46.0-255,66,158114,42,184207
3505,0.002281,172.217.194.0-255,1484,159598,42,184207
3506,0.002295,172.31.46.0-255,66,159664,42,184207
3507,0.002341,172.31.46.0-255,66,159730,42,184207
3508,0.002376,172.217.194.0-255,4320,164050,42,184207
3509,0.002379,172.31.46.0-255,66,164116,42,184207
3510,0.002399,172.31.46.0-255,66,164182,42,184207
3511,0.004731,172.217.194.0-255,5738,169920,42,184207
3512,0.00474,172.31.46.0-255,66,169986,42,184207
3513,0.007034,172.217.194.0-255,5738,175724,42,184207
3514,0.007041,172.31.46.0-255,66,175790,42,184207
3515,0.009362,172.217.194.0-255,3883,179673,42,184207
3516,0.009367,172.31.46.0-255,66,179739,42,184207
3517,0.010494,172.31.46.0-255,105,179844,42,184207
3518,0.012777,172.217.194.0-255,66,179910,42,184207
3519,0.028313,172.31.46.0-255,176,180086,42,184207
3520,0.028342,172.31.46.0-255,1110,181196,42,184207
3521,0.028395,172.31.46.0-255,1514,182710,42,184207
3522,0.028397,172.31.46.0-255,1299,184009,42,184207
3523,0.029878,104.244.42.0-255,66,184075,42,184207
3524,0.029917,104.244.42.0-255,66,184141,42,184207
3525,0.030021,104.244.42.0-255,66,184207,42,184207
3526,0.0,172.253.118.0-255,146,146,42,211902
3527,2.3e-05,172.31.46.0-255,66,212,42,211902
3528,3.1e-05,172.253.118.0-255,1484,1696,42,211902
3529,3.5e-05,172.31.46.0-255,66,1762,42,211902
3530,4.1e-05,172.253.118.0-255,2902,4664,42,211902
3531,4.3e-05,172.31.46.0-255,66,4730,42,211902
3532,5.2e-05,172.253.118.0-255,7156,11886,42,211902
3533,5.7e-05,172.31.46.0-255,66,11952,42,211902
3534,6.1e-05,172.253.118.0-255,2152,14104,42,211902
3535,6.5e-05,172.31.46.0-255,66,14170,42,211902
3536,0.000187,172.253.118.0-255,1484,15654,42,211902
3537,0.000192,172.31.46.0-255,66,15720,42,211902
3538,0.000199,172.253.118.0-255,2902,18622,42,211902
3539,0.000202,172.31.46.0-255,66,18688,42,211902
3540,0.000227,172.253.118.0-255,5738,24426,42,211902
3541,0.000229,172.31.46.0-255,66,24492,42,211902
3542,0.000237,172.253.118.0-255,6797,31289,42,211902
3543,0.000239,172.31.46.0-255,66,31355,42,211902
3544,0.000339,172.253.118.0-255,1484,32839,42,211902
3545,0.000342,172.31.46.0-255,66,32905,42,211902
3546,0.000358,172.253.118.0-255,2902,35807,42,211902
3547,0.00036,172.31.46.0-255,66,35873,42,211902
3548,0.000364,172.253.118.0-255,1484,37357,42,211902
3549,0.000366,172.31.46.0-255,66,37423,42,211902
3550,0.000385,172.253.118.0-255,1484,38907,42,211902
3551,0.000387,172.31.46.0-255,66,38973,42,211902
3552,0.00041,172.253.118.0-255,1484,40457,42,211902
3553,0.000413,172.31.46.0-255,66,40523,42,211902
3554,0.000435,172.253.118.0-255,5738,46261,42,211902
3555,0.000438,172.31.46.0-255,66,46327,42,211902
3556,0.000441,172.253.118.0-255,2543,48870,42,211902
3557,0.000443,172.31.46.0-255,66,48936,42,211902
3558,0.000766,172.253.118.0-255,1484,50420,42,211902
3559,0.000771,172.31.46.0-255,66,50486,42,211902
3560,0.000776,172.253.118.0-255,2902,53388,42,211902
3561,0.000779,172.31.46.0-255,66,53454,42,211902
3562,0.000782,172.253.118.0-255,1484,54938,42,211902
3563,0.000784,172.31.46.0-255,66,55004,42,211902
3564,0.0008,172.253.118.0-255,4320,59324,42,211902
3565,0.000802,172.31.46.0-255,66,59390,42,211902
3566,0.00082,172.253.118.0-255,2902,62292,42,211902
3567,0.000822,172.31.46.0-255,66,62358,42,211902
3568,0.000838,172.253.118.0-255,3961,66319,42,211902
3569,0.000841,172.31.46.0-255,66,66385,42,211902
3570,0.000853,172.253.118.0-255,1484,67869,42,211902
3571,0.000855,172.31.46.0-255,66,67935,42,211902
3572,0.000878,172.253.118.0-255,5738,73673,42,211902
3573,0.000881,172.31.46.0-255,66,73739,42,211902
3574,0.000891,172.31.46.0-255,66,73805,42,211902
3575,0.000915,172.253.118.0-255,1125,74930,42,211902
3576,0.001265,172.31.46.0-255,66,74996,42,211902
3577,0.001643,172.253.118.0-255,1484,76480,42,211902
3578,0.001649,172.31.46.0-255,66,76546,42,211902
3579,0.001658,172.253.118.0-255,2902,79448,42,211902
3580,0.00166,172.31.46.0-255,66,79514,42,211902
3581,0.001667,172.253.118.0-255,5738,85252,42,211902
3582,0.001669,172.31.46.0-255,66,85318,42,211902
3583,0.001715,172.253.118.0-255,4320,89638,42,211902
3584,0.001722,172.253.118.0-255,7156,96794,42,211902
3585,0.001764,172.253.118.0-255,3602,100396,42,211902
3586,0.001894,172.253.118.0-255,1484,101880,42,211902
3587,0.001901,172.253.118.0-255,2902,104782,42,211902
3588,0.001919,172.253.118.0-255,5738,110520,42,211902
3589,0.001941,172.253.118.0-255,1484,112004,42,211902
3590,0.001957,172.253.118.0-255,5379,117383,42,211902
3591,0.00654,172.31.46.0-255,66,117449,42,211902
3592,0.008601,172.253.118.0-255,5738,123187,42,211902
3593,0.008614,172.31.46.0-255,66,123253,42,211902
3594,0.010668,172.253.118.0-255,5738,128991,42,211902
3595,0.010676,172.31.46.0-255,66,129057,42,211902
3596,0.012731,172.253.118.0-255,5738,134795,42,211902
3597,0.012757,172.31.46.0-255,66,134861,42,211902
3598,0.014793,172.253.118.0-255,5738,140599,42,211902
3599,0.014802,172.31.46.0-255,66,140665,42,211902
3600,0.016844,172.253.118.0-255,5738,146403,42,211902
3601,0.016852,172.31.46.0-255,66,146469,42,211902
3602,0.018876,172.253.118.0-255,5738,152207,42,211902
3603,0.018884,172.31.46.0-255,66,152273,42,211902
3604,0.020924,172.253.118.0-255,5738,158011,42,211902
3605,0.020932,172.31.46.0-255,66,158077,42,211902
3606,0.022957,172.253.118.0-255,5738,163815,42,211902
3607,0.022964,172.31.46.0-255,66,163881,42,211902
3608,0.024998,172.253.118.0-255,5738,169619,42,211902
3609,0.025007,172.31.46.0-255,66,169685,42,211902
3610,0.027045,172.253.118.0-255,5738,175423,42,211902
3611,0.027052,172.31.46.0-255,66,175489,42,211902
3612,0.028415,172.31.46.0-255,172,175661,42,211902
3613,0.028444,172.31.46.0-255,1111,176772,42,211902
3614,0.028505,172.31.46.0-255,1514,178286,42,211902
3615,0.028507,172.31.46.0-255,1298,179584,42,211902
3616,0.029077,172.253.118.0-255,5738,185322,42,211902
3617,0.029084,172.31.46.0-255,66,185388,42,211902
3618,0.029976,104.244.42.0-255,66,185454,42,211902
3619,0.030014,104.244.42.0-255,66,185520,42,211902
3620,0.030065,104.244.42.0-255,66,185586,42,211902
3621,0.031129,172.253.118.0-255,4320,189906,42,211902
3622,0.031135,172.31.46.0-255,66,189972,42,211902
3623,0.031152,172.253.118.0-255,1484,191456,42,211902
3624,0.033187,172.253.118.0-255,4320,195776,42,211902
3625,0.033195,172.31.46.0-255,66,195842,42,211902
3626,0.035239,172.253.118.0-255,5738,201580,42,211902
3627,0.035284,172.31.46.0-255,66,201646,42,211902
3628,0.037313,172.253.118.0-255,4320,205966,42,211902
3629,0.03732,172.31.46.0-255,66,206032,42,211902
3630,0.037339,172.253.118.0-255,1484,207516,42,211902
3631,0.039365,172.253.118.0-255,4320,211836,42,211902
3632,0.039373,172.31.46.0-255,66,211902,42,211902
3633,0.0,74.125.200.0-255,153,153,42,356366
3634,1.4e-05,172.31.46.0-255,66,219,42,356366
3635,3.3e-05,74.125.200.0-255,1484,1703,42,356366
3636,3.7e-05,172.31.46.0-255,66,1769,42,356366
3637,4.2e-05,74.125.200.0-255,2902,4671,42,356366
3638,4.5e-05,172.31.46.0-255,66,4737,42,356366
3639,4.9e-05,74.125.200.0-255,1484,6221,42,356366
3640,5.2e-05,172.31.46.0-255,66,6287,42,356366
3641,9.1e-05,74.125.200.0-255,2902,9189,42,356366
3642,9.4e-05,172.31.46.0-255,66,9255,42,356366
3643,0.000106,74.125.200.0-255,2902,12157,42,356366
3644,0.000109,172.31.46.0-255,66,12223,42,356366
3645,0.000127,74.125.200.0-255,2128,14351,42,356366
3646,0.00013,172.31.46.0-255,66,14417,42,356366
3647,0.000135,74.125.200.0-255,4320,18737,42,356366
3648,0.000138,172.31.46.0-255,66,18803,42,356366
3649,0.000152,74.125.200.0-255,1484,20287,42,356366
3650,0.000154,172.31.46.0-255,66,20353,42,356366
3651,0.000162,74.125.200.0-255,7156,27509,42,356366
3652,0.000164,172.31.46.0-255,66,27575,42,356366
3653,0.000203,74.125.200.0-255,3961,31536,42,356366
3654,0.000206,172.31.46.0-255,66,31602,42,356366
3655,0.000271,74.125.200.0-255,1484,33086,42,356366
3656,0.000274,172.31.46.0-255,66,33152,42,356366
3657,0.000279,74.125.200.0-255,2902,36054,42,356366
3658,0.000281,172.31.46.0-255,66,36120,42,356366
3659,0.000297,74.125.200.0-255,5738,41858,42,356366
3660,0.000299,172.31.46.0-255,66,41924,42,356366
3661,0.000305,74.125.200.0-255,4320,46244,42,356366
3662,0.000307,172.31.46.0-255,66,46310,42,356366
3663,0.000326,74.125.200.0-255,5379,51689,42,356366
3664,0.000329,172.31.46.0-255,66,51755,42,356366
3665,0.000355,74.125.200.0-255,1484,53239,42,356366
3666,0.000358,172.31.46.0-255,66,53305,42,356366
3667,0.000385,172.31.46.0-255,66,53371,42,356366
3668,0.000418,74.125.200.0-255,4235,57606,42,356366
3669,0.000421,172.31.46.0-255,66,57672,42,356366
3670,0.000581,74.125.200.0-255,127,57799,42,356366
3671,0.000586,172.31.46.0-255,66,57865,42,356366
3672,0.000711,74.125.200.0-255,1484,59349,42,356366
3673,0.000718,74.125.200.0-255,2902,62251,42,356366
3674,0.000727,172.31.46.0-255,66,62317,42,356366
3675,0.000747,74.125.200.0-255,5738,68055,42,356366
3676,0.000759,74.125.200.0-255,2902,70957,42,356366
3677,0.000762,172.31.46.0-255,66,71023,42,356366
3678,0.000767,172.31.46.0-255,66,71089,42,356366
3679,0.000777,74.125.200.0-255,3961,75050,42,356366
3680,0.000795,74.125.200.0-255,7156,82206,42,356366
3681,0.000833,74.125.200.0-255,5738,87944,42,356366
3682,0.000841,172.31.46.0-255,66,88010,42,356366
3683,0.000862,74.125.200.0-255,3961,91971,42,356366
3684,0.000871,172.31.46.0-255,66,92037,42,356366
3685,0.00091,74.125.200.0-255,1484,93521,42,356366
3686,0.000931,74.125.200.0-255,2902,96423,42,356366
3687,0.000936,172.31.46.0-255,66,96489,42,356366
3688,0.000953,74.125.200.0-255,5738,102227,42,356366
3689,0.000956,74.125.200.0-255,1484,103711,42,356366
3690,0.000968,74.125.200.0-255,2902,106613,42,356366
3691,0.000976,172.31.46.0-255,66,106679,42,356366
3692,0.000985,74.125.200.0-255,2902,109581,42,356366
3693,0.000999,74.125.200.0-255,2902,112483,42,356366
3694,0.001014,172.31.46.0-255,66,112549,42,356366
3695,0.001029,74.125.200.0-255,7156,119705,42,356366
3696,0.001048,172.31.46.0-255,66,119771,42,356366
3697,0.001068,74.125.200.0-255,1484,121255,42,356366
3698,0.001085,74.125.200.0-255,5020,126275,42,356366
3699,0.0011,172.31.46.0-255,66,126341,42,356366
3700,0.001131,74.125.200.0-255,1484,127825,42,356366
3701,0.001147,74.125.200.0-255,2902,130727,42,356366
3702,0.001175,74.125.200.0-255,5738,136465,42,356366
3703,0.001182,74.125.200.0-255,7156,143621,42,356366
3704,0.001191,172.31.46.0-255,66,143687,42,356366
3705,0.001217,74.125.200.0-255,4320,148007,42,356366
3706,0.001222,172.31.46.0-255,66,148073,42,356366
3707,0.001251,172.31.46.0-255,66,148139,42,356366
3708,0.001262,74.125.200.0-255,2184,150323,42,356366
3709,0.001283,172.31.46.0-255,66,150389,42,356366
3710,0.001661,74.125.200.0-255,1484,151873,42,356366
3711,0.001667,74.125.200.0-255,1484,153357,42,356366
3712,0.00167,172.31.46.0-255,66,153423,42,356366
3713,0.001693,74.125.200.0-255,1484,154907,42,356366
3714,0.001698,74.125.200.0-255,4320,159227,42,356366
3715,0.001702,74.125.200.0-255,2902,162129,42,356366
3716,0.00172,172.31.46.0-255,66,162195,42,356366
3717,0.001727,74.125.200.0-255,5738,167933,42,356366
3718,0.001734,74.125.200.0-255,7156,175089,42,356366
3719,0.001737,74.125.200.0-255,2902,177991,42,356366
3720,0.001743,172.31.46.0-255,66,178057,42,356366
3721,0.001756,74.125.200.0-255,5097,183154,42,356366
3722,0.001779,172.31.46.0-255,66,183220,42,356366
3723,0.001893,74.125.200.0-255,1484,184704,42,356366
3724,0.001897,74.125.200.0-255,1484,186188,42,356366
3725,0.0019,172.31.46.0-255,66,186254,42,356366
3726,0.001912,74.125.200.0-255,1484,187738,42,356366
3727,0.001915,74.125.200.0-255,1484,189222,42,356366
3728,0.001922,172.31.46.0-255,66,189288,42,356366
3729,0.001936,74.125.200.0-255,4320,193608,42,356366
3730,0.00194,74.125.200.0-255,1484,195092,42,356366
3731,0.001944,172.31.46.0-255,66,195158,42,356366
3732,0.001961,74.125.200.0-255,5738,200896,42,356366
3733,0.001976,172.31.46.0-255,66,200962,42,356366
3734,0.001996,74.125.200.0-255,7156,208118,42,356366
3735,0.002003,172.31.46.0-255,66,208184,42,356366
3736,0.002028,74.125.200.0-255,7156,215340,42,356366
3737,0.002031,74.125.200.0-255,2184,217524,42,356366
3738,0.002049,172.31.46.0-255,66,217590,42,356366
3739,0.002147,74.125.200.0-255,1484,219074,42,356366
3740,0.002153,74.125.200.0-255,2902,221976,42,356366
3741,0.002156,172.31.46.0-255,66,222042,42,356366
3742,0.002175,74.125.200.0-255,4320,226362,42,356366
3743,0.002192,74.125.200.0-255,1484,227846,42,356366
3744,0.002197,74.125.200.0-255,4320,232166,42,356366
3745,0.002201,172.31.46.0-255,66,232232,42,356366
3746,0.002224,74.125.200.0-255,2902,235134,42,356366
3747,0.002253,74.125.200.0-255,5738,240872,42,356366
3748,0.002257,74.125.200.0-255,2184,243056,42,356366
3749,0.002357,74.125.200.0-255,2902,245958,42,356366
3750,0.002362,74.125.200.0-255,5738,251696,42,356366
3751,0.002365,74.125.200.0-255,1484,253180,42,356366
3752,0.002367,74.125.200.0-255,1484,254664,42,356366
3753,0.00237,74.125.200.0-255,1484,256148,42,356366
3754,0.002388,74.125.200.0-255,3602,259750,42,356366
3755,0.00242,74.125.200.0-255,1484,261234,42,356366
3756,0.002435,74.125.200.0-255,2902,264136,42,356366
3757,0.002445,74.125.200.0-255,1484,265620,42,356366
3758,0.002465,74.125.200.0-255,4320,269940,42,356366
3759,0.002477,74.125.200.0-255,1484,271424,42,356366
3760,0.002493,74.125.200.0-255,4320,275744,42,356366
3761,0.002515,74.125.200.0-255,4320,280064,42,356366
3762,0.00252,74.125.200.0-255,2902,282966,42,356366
3763,0.002547,74.125.200.0-255,7156,290122,42,356366
3764,0.002561,74.125.200.0-255,3602,293724,42,356366
3765,0.002576,74.125.200.0-255,2902,296626,42,356366
3766,0.002593,74.125.200.0-255,1484,298110,42,356366
3767,0.002596,74.125.200.0-255,1484,299594,42,356366
3768,0.002599,74.125.200.0-255,1484,301078,42,356366
3769,0.002602,74.125.200.0-255,1484,302562,42,356366
3770,0.002605,74.125.200.0-255,1484,304046,42,356366
3771,0.002631,74.125.200.0-255,5738,309784,42,356366
3772,0.002646,74.125.200.0-255,1484,311268,42,356366
3773,0.00265,74.125.200.0-255,1484,312752,42,356366
3774,0.002651,74.125.200.0-255,1484,314236,42,356366
3775,0.002656,172.31.46.0-255,78,314314,42,356366
3776,0.002662,74.125.200.0-255,4320,318634,42,356366
3777,0.002676,74.125.200.0-255,2902,321536,42,356366
3778,0.002699,74.125.200.0-255,5738,327274,42,356366
3779,0.002702,74.125.200.0-255,766,328040,42,356366
3780,0.002705,74.125.200.0-255,1484,329524,42,356366
3781,0.002723,74.125.200.0-255,4320,333844,42,356366
3782,0.002741,74.125.200.0-255,5738,339582,42,356366
3783,0.002752,74.125.200.0-255,1484,341066,42,356366
3784,0.002756,74.125.200.0-255,2902,343968,42,356366
3785,0.002778,74.125.200.0-255,499,344467,42,356366
3786,0.002865,74.125.200.0-255,105,344572,42,356366
3787,0.007019,172.31.46.0-255,66,344638,42,356366
3788,0.008171,74.125.200.0-255,4320,348958,42,356366
3789,0.008187,172.31.46.0-255,78,349036,42,356366
3790,0.00892,172.31.46.0-255,105,349141,42,356366
3791,0.011212,74.125.200.0-255,66,349207,42,356366
3792,0.037316,172.31.46.0-255,163,349370,42,356366
3793,0.037348,172.31.46.0-255,1144,350514,42,356366
3794,0.037416,172.31.46.0-255,1514,352028,42,356366
3795,0.037418,172.31.46.0-255,1514,353542,42,356366
3796,0.037419,172.31.46.0-255,1514,355056,42,356366
3797,0.03742,172.31.46.0-255,1046,356102,42,356366
3798,0.038874,104.244.42.0-255,66,356168,42,356366
3799,0.038906,104.244.42.0-255,66,356234,42,356366
3800,0.03902,104.244.42.0-255,66,356300,42,356366
3801,0.039033,104.244.42.0-255,66,356366,42,356366
3802,0.0,74.125.24.0-255,153,153,42,265751
3803,2.4e-05,172.31.46.0-255,66,219,42,265751
3804,3.1e-05,74.125.24.0-255,1484,1703,42,265751
3805,3.5e-05,172.31.46.0-255,66,1769,42,265751
3806,4e-05,74.125.24.0-255,2902,4671,42,265751
3807,4.3e-05,172.31.46.0-255,66,4737,42,265751
3808,5e-05,74.125.24.0-255,4320,9057,42,265751
3809,5.3e-05,172.31.46.0-255,66,9123,42,265751
3810,6.7e-05,74.125.24.0-255,1484,10607,42,265751
3811,7e-05,172.31.46.0-255,66,10673,42,265751
3812,8.9e-05,74.125.24.0-255,3422,14095,42,265751
3813,9.2e-05,172.31.46.0-255,66,14161,42,265751
3814,0.000134,74.125.24.0-255,2902,17063,42,265751
3815,0.000137,172.31.46.0-255,66,17129,42,265751
3816,0.000163,74.125.24.0-255,4320,21449,42,265751
3817,0.000165,172.31.46.0-255,66,21515,42,265751
3818,0.000173,74.125.24.0-255,7156,28671,42,265751
3819,0.000175,172.31.46.0-255,66,28737,42,265751
3820,0.000199,74.125.24.0-255,1484,30221,42,265751
3821,0.000201,172.31.46.0-255,66,30287,42,265751
3822,0.000209,74.125.24.0-255,5379,35666,42,265751
3823,0.000211,172.31.46.0-255,66,35732,42,265751
3824,0.000217,74.125.24.0-255,5738,41470,42,265751
3825,0.000219,172.31.46.0-255,66,41536,42,265751
3826,0.00027,74.125.24.0-255,6797,48333,42,265751
3827,0.000272,172.31.46.0-255,66,48399,42,265751
3828,0.000291,74.125.24.0-255,1484,49883,42,265751
3829,0.000293,172.31.46.0-255,66,49949,42,265751
3830,0.00031,74.125.24.0-255,2902,52851,42,265751
3831,0.000313,172.31.46.0-255,66,52917,42,265751
3832,0.000341,74.125.24.0-255,5738,58655,42,265751
3833,0.000344,172.31.46.0-255,66,58721,42,265751
3834,0.00035,74.125.24.0-255,6797,65518,42,265751
3835,0.000353,172.31.46.0-255,66,65584,42,265751
3836,0.000401,74.125.24.0-255,677,66261,42,265751
3837,0.000589,74.125.24.0-255,1484,67745,42,265751
3838,0.000595,172.31.46.0-255,66,67811,42,265751
3839,0.000601,74.125.24.0-255,2902,70713,42,265751
3840,0.000603,172.31.46.0-255,66,70779,42,265751
3841,0.000606,74.125.24.0-255,1484,72263,42,265751
3842,0.000622,74.125.24.0-255,4320,76583,42,265751
3843,0.000625,172.31.46.0-255,66,76649,42,265751
3844,0.000644,74.125.24.0-255,5738,82387,42,265751
3845,0.000646,172.31.46.0-255,66,82453,42,265751
3846,0.000682,74.125.24.0-255,7156,89609,42,265751
3847,0.000685,172.31.46.0-255,66,89675,42,265751
3848,0.000698,172.31.46.0-255,66,89741,42,265751
3849,0.0007,74.125.24.0-255,766,90507,42,265751
3850,0.000703,74.125.24.0-255,1484,91991,42,265751
3851,0.000705,172.31.46.0-255,66,92057,42,265751
3852,0.000733,74.125.24.0-255,4320,96377,42,265751
3853,0.000738,74.125.24.0-255,4320,100697,42,265751
3854,0.000742,172.31.46.0-255,66,100763,42,265751
3855,0.000745,172.31.46.0-255,66,100829,42,265751
3856,0.000764,74.125.24.0-255,5738,106567,42,265751
3857,0.000766,172.31.46.0-255,66,106633,42,265751
3858,0.000769,74.125.24.0-255,1484,108117,42,265751
3859,0.000797,172.31.46.0-255,66,108183,42,265751
3860,0.000817,74.125.24.0-255,5738,113921,42,265751
3861,0.00082,172.31.46.0-255,66,113987,42,265751
3862,0.000824,74.125.24.0-255,2184,116171,42,265751
3863,0.000825,172.31.46.0-255,66,116237,42,265751
3864,0.000836,74.125.24.0-255,1484,117721,42,265751
3865,0.00085,74.125.24.0-255,1484,119205,42,265751
3866,0.000852,172.31.46.0-255,66,119271,42,265751
3867,0.000856,74.125.24.0-255,1484,120755,42,265751
3868,0.000876,74.125.24.0-255,5738,126493,42,265751
3869,0.000879,172.31.46.0-255,66,126559,42,265751
3870,0.000884,74.125.24.0-255,2902,129461,42,265751
3871,0.000887,172.31.46.0-255,66,129527,42,265751
3872,0.000918,74.125.24.0-255,5738,135265,42,265751
3873,0.000934,172.31.46.0-255,66,135331,42,265751
3874,0.000937,172.31.46.0-255,66,135397,42,265751
3875,0.000985,74.125.24.0-255,3602,138999,42,265751
3876,0.000989,172.31.46.0-255,66,139065,42,265751
3877,0.001084,74.125.24.0-255,1484,140549,42,265751
3878,0.00109,74.125.24.0-255,2902,143451,42,265751
3879,0.001093,172.31.46.0-255,66,143517,42,265751
3880,0.001116,74.125.24.0-255,4320,147837,42,265751
3881,0.001119,172.31.46.0-255,66,147903,42,265751
3882,0.001139,74.125.24.0-255,1484,149387,42,265751
3883,0.001147,74.125.24.0-255,7156,156543,42,265751
3884,0.001149,172.31.46.0-255,66,156609,42,265751
3885,0.001153,74.125.24.0-255,1484,158093,42,265751
3886,0.00118,172.31.46.0-255,66,158159,42,265751
3887,0.001202,74.125.24.0-255,1484,159643,42,265751
3888,0.001207,74.125.24.0-255,2184,161827,42,265751
3889,0.00121,172.31.46.0-255,66,161893,42,265751
3890,0.001229,74.125.24.0-255,1484,163377,42,265751
3891,0.001234,74.125.24.0-255,2902,166279,42,265751
3892,0.001236,74.125.24.0-255,1484,167763,42,265751
3893,0.001241,172.31.46.0-255,66,167829,42,265751
3894,0.001261,74.125.24.0-255,4320,172149,42,265751
3895,0.001264,172.31.46.0-255,66,172215,42,265751
3896,0.001271,74.125.24.0-255,7156,179371,42,265751
3897,0.001274,172.31.46.0-255,66,179437,42,265751
3898,0.001294,74.125.24.0-255,5738,185175,42,265751
3899,0.001346,172.31.46.0-255,66,185241,42,265751
3900,0.001349,172.31.46.0-255,66,185307,42,265751
3901,0.001357,74.125.24.0-255,766,186073,42,265751
3902,0.00136,74.125.24.0-255,1484,187557,42,265751
3903,0.001362,172.31.46.0-255,66,187623,42,265751
3904,0.001367,74.125.24.0-255,4320,191943,42,265751
3905,0.00137,172.31.46.0-255,66,192009,42,265751
3906,0.001382,172.31.46.0-255,66,192075,42,265751
3907,0.001388,74.125.24.0-255,5738,197813,42,265751
3908,0.00139,172.31.46.0-255,66,197879,42,265751
3909,0.001409,74.125.24.0-255,2902,200781,42,265751
3910,0.001411,172.31.46.0-255,66,200847,42,265751
3911,0.001427,74.125.24.0-255,2902,203749,42,265751
3912,0.001429,172.31.46.0-255,66,203815,42,265751
3913,0.001473,172.31.46.0-255,66,203881,42,265751
3914,0.001487,172.31.46.0-255,66,203947,42,265751
3915,0.00153,172.31.46.0-255,66,204013,42,265751
3916,0.001548,74.125.24.0-255,1484,205497,42,265751
3917,0.001568,74.125.24.0-255,2902,208399,42,265751
3918,0.001572,172.31.46.0-255,66,208465,42,265751
3919,0.00158,74.125.24.0-255,5738,214203,42,265751
3920,0.001583,172.31.46.0-255,66,214269,42,265751
3921,0.001589,74.125.24.0-255,5738,220007,42,265751
3922,0.001592,172.31.46.0-255,66,220073,42,265751
3923,0.001613,74.125.24.0-255,2902,222975,42,265751
3924,0.001616,172.31.46.0-255,66,223041,42,265751
3925,0.001643,172.31.46.0-255,66,223107,42,265751
3926,0.001663,74.125.24.0-255,1484,224591,42,265751
3927,0.00167,74.125.24.0-255,5020,229611,42,265751
3928,0.001672,172.31.46.0-255,66,229677,42,265751
3929,0.00171,74.125.24.0-255,1484,231161,42,265751
3930,0.001722,74.125.24.0-255,2902,234063,42,265751
3931,0.001725,172.31.46.0-255,66,234129,42,265751
3932,0.001746,74.125.24.0-255,5738,239867,42,265751
3933,0.001749,172.31.46.0-255,66,239933,42,265751
3934,0.001756,74.125.24.0-255,7156,247089,42,265751
3935,0.001763,172.31.46.0-255,66,247155,42,265751
3936,0.001801,172.31.46.0-255,66,247221,42,265751
3937,0.001811,74.125.24.0-255,2902,250123,42,265751
3938,0.001816,74.125.24.0-255,3602,253725,42,265751
3939,0.00182,74.125.24.0-255,2902,256627,42,265751
3940,0.001841,172.31.46.0-255,66,256693,42,265751
3941,0.001866,74.125.24.0-255,7156,263849,42,265751
3942,0.001871,74.125.24.0-255,1560,265409,42,265751
3943,0.001874,74.125.24.0-255,105,265514,42,265751
3944,0.001879,172.31.46.0-255,66,265580,42,265751
3945,0.004247,172.31.46.0-255,105,265685,42,265751
3946,0.0069,74.125.24.0-255,66,265751,42,265751
3947,0.0,172.217.194.0-255,150,150,42,217587
3948,1.9e-05,172.31.46.0-255,66,216,42,217587
3949,2.6e-05,172.217.194.0-255,1484,1700,42,217587
3950,3.2e-05,172.31.46.0-255,66,1766,42,217587
3951,6.4e-05,172.217.194.0-255,1484,3250,42,217587
3952,6.6e-05,172.31.46.0-255,66,3316,42,217587
3953,7.4e-05,172.217.194.0-255,4320,7636,42,217587
3954,9e-05,172.31.46.0-255,66,7702,42,217587
3955,0.000102,172.217.194.0-255,6279,13981,42,217587
3956,0.000106,172.31.46.0-255,66,14047,42,217587
3957,0.000139,172.217.194.0-255,1484,15531,42,217587
3958,0.000142,172.31.46.0-255,66,15597,42,217587
3959,0.000146,172.217.194.0-255,2902,18499,42,217587
3960,0.000149,172.31.46.0-255,66,18565,42,217587
3961,0.000153,172.217.194.0-255,2902,21467,42,217587
3962,0.000155,172.31.46.0-255,66,21533,42,217587
3963,0.000177,172.217.194.0-255,2902,24435,42,217587
3964,0.00018,172.31.46.0-255,66,24501,42,217587
3965,0.000196,172.217.194.0-255,2902,27403,42,217587
3966,0.000198,172.31.46.0-255,66,27469,42,217587
3967,0.000221,172.217.194.0-255,3961,31430,42,217587
3968,0.000223,172.31.46.0-255,66,31496,42,217587
3969,0.000231,172.217.194.0-255,7156,38652,42,217587
3970,0.000233,172.31.46.0-255,66,38718,42,217587
3971,0.000266,172.217.194.0-255,2902,41620,42,217587
3972,0.000268,172.31.46.0-255,66,41686,42,217587
3973,0.000294,172.217.194.0-255,5738,47424,42,217587
3974,0.000296,172.31.46.0-255,66,47490,42,217587
3975,0.000299,172.217.194.0-255,1125,48615,42,217587
3976,0.000301,172.31.46.0-255,66,48681,42,217587
3977,0.000721,172.217.194.0-255,1484,50165,42,217587
3978,0.000728,172.31.46.0-255,66,50231,42,217587
3979,0.000733,172.217.194.0-255,2902,53133,42,217587
3980,0.000737,172.31.46.0-255,66,53199,42,217587
3981,0.000749,172.217.194.0-255,1484,54683,42,217587
3982,0.000766,172.217.194.0-255,4320,59003,42,217587
3983,0.000768,172.217.194.0-255,1484,60487,42,217587
3984,0.000778,172.31.46.0-255,66,60553,42,217587
3985,0.000807,172.217.194.0-255,5379,65932,42,217587
3986,0.00081,172.31.46.0-255,66,65998,42,217587
3987,0.000996,172.217.194.0-255,1484,67482,42,217587
3988,0.001017,172.217.194.0-255,2902,70384,42,217587
3989,0.00102,172.31.46.0-255,66,70450,42,217587
3990,0.001027,172.217.194.0-255,5738,76188,42,217587
3991,0.001029,172.31.46.0-255,66,76254,42,217587
3992,0.001078,172.31.46.0-255,66,76320,42,217587
3993,0.00182,172.217.194.0-255,1484,77804,42,217587
3994,0.001831,172.217.194.0-255,2902,80706,42,217587
3995,0.001836,172.31.46.0-255,66,80772,42,217587
3996,0.001844,172.217.194.0-255,5738,86510,42,217587
3997,0.001846,172.31.46.0-255,66,86576,42,217587
3998,0.001877,172.217.194.0-255,5738,92314,42,217587
3999,0.001879,172.31.46.0-255,66,92380,42,217587
4000,0.001882,172.217.194.0-255,1484,93864,42,217587
4001,0.001911,172.31.46.0-255,66,93930,42,217587
4002,0.001918,172.217.194.0-255,5020,98950,42,217587
4003,0.001921,172.31.46.0-255,66,99016,42,217587
4004,0.002098,172.217.194.0-255,1484,100500,42,217587
4005,0.002104,172.217.194.0-255,1484,101984,42,217587
4006,0.002107,172.31.46.0-255,66,102050,42,217587
4007,0.002124,172.217.194.0-255,1484,103534,42,217587
4008,0.002131,172.217.194.0-255,5738,109272,42,217587
4009,0.002133,172.31.46.0-255,66,109338,42,217587
4010,0.002159,172.217.194.0-255,7156,116494,42,217587
4011,0.002161,172.31.46.0-255,66,116560,42,217587
4012,0.002188,172.217.194.0-255,5738,122298,42,217587
4013,0.00219,172.31.46.0-255,66,122364,42,217587
4014,0.002204,172.31.46.0-255,66,122430,42,217587
4015,0.002229,172.217.194.0-255,5738,128168,42,217587
4016,0.002232,172.31.46.0-255,66,128234,42,217587
4017,0.002269,172.31.46.0-255,66,128300,42,217587
4018,0.00228,172.31.46.0-255,66,128366,42,217587
4019,0.002333,172.217.194.0-255,1484,129850,42,217587
4020,0.00235,172.217.194.0-255,2902,132752,42,217587
4021,0.002353,172.31.46.0-255,66,132818,42,217587
4022,0.002359,172.217.194.0-255,5738,138556,42,217587
4023,0.002362,172.31.46.0-255,66,138622,42,217587
4024,0.002391,172.31.46.0-255,66,138688,42,217587
4025,0.002411,172.217.194.0-255,1484,140172,42,217587
4026,0.002424,172.31.46.0-255,66,140238,42,217587
4027,0.002548,172.217.194.0-255,1484,141722,42,217587
4028,0.002554,172.217.194.0-255,2902,144624,42,217587
4029,0.002556,172.31.46.0-255,66,144690,42,217587
4030,0.002572,172.217.194.0-255,4320,149010,42,217587
4031,0.002575,172.31.46.0-255,66,149076,42,217587
4032,0.002598,172.217.194.0-255,1484,150560,42,217587
4033,0.002612,172.31.46.0-255,66,150626,42,217587
4034,0.002641,172.217.194.0-255,5738,156364,42,217587
4035,0.002643,172.31.46.0-255,66,156430,42,217587
4036,0.002684,172.31.46.0-255,66,156496,42,217587
4037,0.002699,172.31.46.0-255,66,156562,42,217587
4038,0.002711,172.31.46.0-255,66,156628,42,217587
4039,0.00293,172.217.194.0-255,1484,158112,42,217587
4040,0.00295,172.217.194.0-255,2902,161014,42,217587
4041,0.002953,172.31.46.0-255,66,161080,42,217587
4042,0.00296,172.217.194.0-255,5738,166818,42,217587
4043,0.002962,172.31.46.0-255,66,166884,42,217587
4044,0.002987,172.217.194.0-255,7156,174040,42,217587
4045,0.00299,172.31.46.0-255,66,174106,42,217587
4046,0.003001,172.217.194.0-255,2902,177008,42,217587
4047,0.003004,172.31.46.0-255,66,177074,42,217587
4048,0.003042,172.31.46.0-255,66,177140,42,217587
4049,0.003049,172.217.194.0-255,7156,184296,42,217587
4050,0.003052,172.31.46.0-255,66,184362,42,217587
4051,0.003071,172.217.194.0-255,7156,191518,42,217587
4052,0.003075,172.31.46.0-255,66,191584,42,217587
4053,0.003082,172.217.194.0-255,7156,198740,42,217587
4054,0.003085,172.31.46.0-255,66,198806,42,217587
4055,0.003098,172.217.194.0-255,4320,203126,42,217587
4056,0.0031,172.31.46.0-255,66,203192,42,217587
4057,0.003143,172.31.46.0-255,66,203258,42,217587
4058,0.003177,172.31.46.0-255,66,203324,42,217587
4059,0.003188,172.31.46.0-255,66,203390,42,217587
4060,0.003208,172.217.194.0-255,5020,208410,42,217587
4061,0.003211,172.31.46.0-255,66,208476,42,217587
4062,0.003214,172.217.194.0-255,1484,209960,42,217587
4063,0.00323,172.217.194.0-255,3895,213855,42,217587
4064,0.003233,172.31.46.0-255,66,213921,42,217587
4065,0.003236,172.217.194.0-255,105,214026,42,217587
4066,0.009095,172.31.46.0-255,66,214092,42,217587
4067,0.009145,172.31.46.0-255,105,214197,42,217587
4068,0.011684,172.217.194.0-255,66,214263,42,217587
4069,0.02981,172.31.46.0-255,167,214430,42,217587
4070,0.029848,172.31.46.0-255,1111,215541,42,217587
4071,0.029911,172.31.46.0-255,1514,217055,42,217587
4072,0.029912,172.31.46.0-255,334,217389,42,217587
4073,0.03148,104.244.42.0-255,66,217455,42,217587
4074,0.031511,104.244.42.0-255,66,217521,42,217587
4075,0.031531,104.244.42.0-255,66,217587,42,217587
4076,0.0,172.217.194.0-255,290,290,42,111809
4077,2.1e-05,172.31.46.0-255,66,356,42,111809
4078,2.8e-05,172.217.194.0-255,1484,1840,42,111809
4079,3.2e-05,172.31.46.0-255,66,1906,42,111809
4080,4.7e-05,172.217.194.0-255,4320,6226,42,111809
4081,5.2e-05,172.31.46.0-255,66,6292,42,111809
4082,6.3e-05,172.31.46.0-255,66,6358,42,111809
4083,7.6e-05,172.31.46.0-255,66,6424,42,111809
4084,0.00013,172.31.46.0-255,66,6490,42,111809
4085,0.00025,172.217.194.0-255,1484,7974,42,111809
4086,0.000254,172.31.46.0-255,66,8040,42,111809
4087,0.000261,172.217.194.0-255,2902,10942,42,111809
4088,0.000263,172.31.46.0-255,66,11008,42,111809
4089,0.000275,172.217.194.0-255,5738,16746,42,111809
4090,0.000277,172.31.46.0-255,66,16812,42,111809
4091,0.000289,172.31.46.0-255,66,16878,42,111809
4092,0.000322,172.217.194.0-255,5379,22257,42,111809
4093,0.000324,172.31.46.0-255,66,22323,42,111809
4094,0.000336,172.31.46.0-255,66,22389,42,111809
4095,0.000341,172.217.194.0-255,1715,24104,42,111809
4096,0.000344,172.31.46.0-255,66,24170,42,111809
4097,0.000375,172.217.194.0-255,2902,27072,42,111809
4098,0.000377,172.31.46.0-255,66,27138,42,111809
4099,0.000382,172.217.194.0-255,2902,30040,42,111809
4100,0.000384,172.31.46.0-255,66,30106,42,111809
4101,0.000408,172.217.194.0-255,4320,34426,42,111809
4102,0.00041,172.31.46.0-255,66,34492,42,111809
4103,0.000418,172.217.194.0-255,6797,41289,42,111809
4104,0.00042,172.31.46.0-255,66,41355,42,111809
4105,0.000478,172.31.46.0-255,66,41421,42,111809
4106,0.000506,172.217.194.0-255,3961,45382,42,111809
4107,0.000508,172.31.46.0-255,66,45448,42,111809
4108,0.00064,172.217.194.0-255,1484,46932,42,111809
4109,0.000647,172.217.194.0-255,2902,49834,42,111809
4110,0.000651,172.31.46.0-255,66,49900,42,111809
4111,0.000658,172.217.194.0-255,5738,55638,42,111809
4112,0.00066,172.31.46.0-255,66,55704,42,111809
4113,0.000723,172.31.46.0-255,66,55770,42,111809
4114,0.00073,172.31.46.0-255,66,55836,42,111809
4115,0.000769,172.31.46.0-255,66,55902,42,111809
4116,0.000781,172.31.46.0-255,66,55968,42,111809
4117,0.000869,172.31.46.0-255,66,56034,42,111809
4118,0.000898,172.217.194.0-255,6438,62472,42,111809
4119,0.0009,172.31.46.0-255,66,62538,42,111809
4120,0.001142,172.217.194.0-255,1484,64022,42,111809
4121,0.001148,172.217.194.0-255,2902,66924,42,111809
4122,0.001151,172.31.46.0-255,66,66990,42,111809
4123,0.001154,172.217.194.0-255,1484,68474,42,111809
4124,0.00118,172.217.194.0-255,4320,72794,42,111809
4125,0.001182,172.31.46.0-255,66,72860,42,111809
4126,0.001189,172.217.194.0-255,7156,80016,42,111809
4127,0.001191,172.31.46.0-255,66,80082,42,111809
4128,0.001223,172.217.194.0-255,5738,85820,42,111809
4129,0.001225,172.31.46.0-255,66,85886,42,111809
4130,0.001237,172.31.46.0-255,66,85952,42,111809
4131,0.00124,172.217.194.0-255,766,86718,42,111809
4132,0.001395,172.217.194.0-255,1484,88202,42,111809
4133,0.0014,172.217.194.0-255,2902,91104,42,111809
4134,0.001404,172.31.46.0-255,66,91170,42,111809
4135,0.001412,172.31.46.0-255,66,91236,42,111809
4136,0.001419,172.217.194.0-255,5738,96974,42,111809
4137,0.001421,172.31.46.0-255,66,97040,42,111809
4138,0.001467,172.31.46.0-255,66,97106,42,111809
4139,0.001479,172.31.46.0-255,66,97172,42,111809
4140,0.001545,172.31.46.0-255,66,97238,42,111809
4141,0.001561,172.31.46.0-255,66,97304,42,111809
4142,0.001591,172.217.194.0-255,4320,101624,42,111809
4143,0.001594,172.31.46.0-255,66,101690,42,111809
4144,0.001647,172.31.46.0-255,66,101756,42,111809
4145,0.001665,172.31.46.0-255,66,101822,42,111809
4146,0.001758,172.31.46.0-255,66,101888,42,111809
4147,0.001761,172.31.46.0-255,66,101954,42,111809
4148,0.001789,172.31.46.0-255,66,102020,42,111809
4149,0.001795,172.217.194.0-255,5020,107040,42,111809
4150,0.001797,172.31.46.0-255,66,107106,42,111809
4151,0.001812,172.31.46.0-255,66,107172,42,111809
4152,0.001815,172.217.194.0-255,105,107277,42,111809
4153,0.004244,172.31.46.0-255,66,107343,42,111809
4154,0.004281,172.31.46.0-255,105,107448,42,111809
4155,0.006286,172.217.194.0-255,66,107514,42,111809
4156,0.031161,172.31.46.0-255,172,107686,42,111809
4157,0.031196,172.31.46.0-255,1110,108796,42,111809
4158,0.031257,172.31.46.0-255,1514,110310,42,111809
4159,0.031259,172.31.46.0-255,1301,111611,42,111809
4160,0.032695,104.244.42.0-255,66,111677,42,111809
4161,0.032726,104.244.42.0-255,66,111743,42,111809
4162,0.032782,104.244.42.0-255,66,111809,42,111809
4163,0.0,74.125.24.0-255,146,146,42,224836
4164,2.1e-05,172.31.46.0-255,66,212,42,224836
4165,2.8e-05,74.125.24.0-255,1484,1696,42,224836
4166,3.4e-05,172.31.46.0-255,66,1762,42,224836
4167,4e-05,74.125.24.0-255,2902,4664,42,224836
4168,4.4e-05,172.31.46.0-255,66,4730,42,224836
4169,5e-05,74.125.24.0-255,4320,9050,42,224836
4170,5.3e-05,172.31.46.0-255,66,9116,42,224836
4171,6e-05,74.125.24.0-255,5738,14854,42,224836
4172,6.2e-05,172.31.46.0-255,66,14920,42,224836
4173,8.2e-05,74.125.24.0-255,3421,18341,42,224836
4174,8.5e-05,172.31.46.0-255,66,18407,42,224836
4175,8.9e-05,74.125.24.0-255,1484,19891,42,224836
4176,9.1e-05,172.31.46.0-255,66,19957,42,224836
4177,0.000128,172.31.46.0-255,66,20023,42,224836
4178,0.000145,74.125.24.0-255,1484,21507,42,224836
4179,0.000147,172.31.46.0-255,66,21573,42,224836
4180,0.000162,74.125.24.0-255,2902,24475,42,224836
4181,0.000165,172.31.46.0-255,66,24541,42,224836
4182,0.000192,74.125.24.0-255,5738,30279,42,224836
4183,0.000194,172.31.46.0-255,66,30345,42,224836
4184,0.000197,74.125.24.0-255,1484,31829,42,224836
4185,0.000199,172.31.46.0-255,66,31895,42,224836
4186,0.000208,74.125.24.0-255,5738,37633,42,224836
4187,0.000211,172.31.46.0-255,66,37699,42,224836
4188,0.000226,74.125.24.0-255,3961,41660,42,224836
4189,0.000228,172.31.46.0-255,66,41726,42,224836
4190,0.000231,74.125.24.0-255,1484,43210,42,224836
4191,0.000233,172.31.46.0-255,66,43276,42,224836
4192,0.000271,172.31.46.0-255,66,43342,42,224836
4193,0.000273,74.125.24.0-255,377,43719,42,224836
4194,0.000275,172.31.46.0-255,66,43785,42,224836
4195,0.000571,74.125.24.0-255,1484,45269,42,224836
4196,0.000577,172.31.46.0-255,66,45335,42,224836
4197,0.000583,74.125.24.0-255,2902,48237,42,224836
4198,0.000586,172.31.46.0-255,66,48303,42,224836
4199,0.00059,74.125.24.0-255,2902,51205,42,224836
4200,0.000593,172.31.46.0-255,66,51271,42,224836
4201,0.000626,74.125.24.0-255,2902,54173,42,224836
4202,0.000629,172.31.46.0-255,66,54239,42,224836
4203,0.000643,172.31.46.0-255,66,54305,42,224836
4204,0.000649,74.125.24.0-255,4320,58625,42,224836
4205,0.000651,172.31.46.0-255,66,58691,42,224836
4206,0.000678,74.125.24.0-255,6438,65129,42,224836
4207,0.000684,172.31.46.0-255,66,65195,42,224836
4208,0.000747,74.125.24.0-255,1484,66679,42,224836
4209,0.000751,172.31.46.0-255,66,66745,42,224836
4210,0.000756,74.125.24.0-255,2902,69647,42,224836
4211,0.000758,172.31.46.0-255,66,69713,42,224836
4212,0.000803,74.125.24.0-255,4320,74033,42,224836
4213,0.000806,172.31.46.0-255,66,74099,42,224836
4214,0.000819,74.125.24.0-255,1484,75583,42,224836
4215,0.000821,172.31.46.0-255,66,75649,42,224836
4216,0.000834,172.31.46.0-255,66,75715,42,224836
4217,0.000845,172.31.46.0-255,66,75781,42,224836
4218,0.000887,172.31.46.0-255,66,75847,42,224836
4219,0.00092,172.31.46.0-255,66,75913,42,224836
4220,0.000934,172.31.46.0-255,66,75979,42,224836
4221,0.000937,74.125.24.0-255,1484,77463,42,224836
4222,0.000939,172.31.46.0-255,66,77529,42,224836
4223,0.000944,74.125.24.0-255,2902,80431,42,224836
4224,0.000946,172.31.46.0-255,66,80497,42,224836
4225,0.000963,74.125.24.0-255,4320,84817,42,224836
4226,0.000966,172.31.46.0-255,66,84883,42,224836
4227,0.000991,74.125.24.0-255,1484,86367,42,224836
4228,0.000994,172.31.46.0-255,66,86433,42,224836
4229,0.001,74.125.24.0-255,5738,92171,42,224836
4230,0.001002,172.31.46.0-255,66,92237,42,224836
4231,0.001014,172.31.46.0-255,66,92303,42,224836
4232,0.001019,74.125.24.0-255,4320,96623,42,224836
4233,0.001029,172.31.46.0-255,66,96689,42,224836
4234,0.001041,74.125.24.0-255,766,97455,42,224836
4235,0.001047,74.125.24.0-255,5738,103193,42,224836
4236,0.001056,172.31.46.0-255,66,103259,42,224836
4237,0.001067,74.125.24.0-255,5738,108997,42,224836
4238,0.001071,172.31.46.0-255,66,109063,42,224836
4239,0.001087,74.125.24.0-255,7156,116219,42,224836
4240,0.001107,172.31.46.0-255,66,116285,42,224836
4241,0.001126,74.125.24.0-255,5020,121305,42,224836
4242,0.001129,74.125.24.0-255,1484,122789,42,224836
4243,0.001137,172.31.46.0-255,66,122855,42,224836
4244,0.001147,74.125.24.0-255,4320,127175,42,224836
4245,0.001155,172.31.46.0-255,66,127241,42,224836
4246,0.001159,74.125.24.0-255,2902,130143,42,224836
4247,0.001189,74.125.24.0-255,5738,135881,42,224836
4248,0.0012,172.31.46.0-255,66,135947,42,224836
4249,0.001216,74.125.24.0-255,7156,143103,42,224836
4250,0.001232,172.31.46.0-255,66,143169,42,224836
4251,0.001258,74.125.24.0-255,2184,145353,42,224836
4252,0.001267,172.31.46.0-255,66,145419,42,224836
4253,0.001305,74.125.24.0-255,1484,146903,42,224836
4254,0.00131,74.125.24.0-255,2902,149805,42,224836
4255,0.001324,74.125.24.0-255,1484,151289,42,224836
4256,0.001329,172.31.46.0-255,66,151355,42,224836
4257,0.001341,74.125.24.0-255,4320,155675,42,224836
4258,0.001358,74.125.24.0-255,4320,159995,42,224836
4259,0.001361,172.31.46.0-255,66,160061,42,224836
4260,0.001369,74.125.24.0-255,1484,161545,42,224836
4261,0.001404,74.125.24.0-255,7156,168701,42,224836
4262,0.001436,172.31.46.0-255,66,168767,42,224836
4263,0.00146,74.125.24.0-255,1484,170251,42,224836
4264,0.001464,74.125.24.0-255,2902,173153,42,224836
4265,0.001469,74.125.24.0-255,5738,178891,42,224836
4266,0.001478,172.31.46.0-255,66,178957,42,224836
4267,0.001486,74.125.24.0-255,2902,181859,42,224836
4268,0.00149,172.31.46.0-255,66,181925,42,224836
4269,0.001499,74.125.24.0-255,4320,186245,42,224836
4270,0.001518,74.125.24.0-255,5738,191983,42,224836
4271,0.001526,172.31.46.0-255,66,192049,42,224836
4272,0.001537,74.125.24.0-255,2902,194951,42,224836
4273,0.00156,172.31.46.0-255,66,195017,42,224836
4274,0.001577,74.125.24.0-255,2902,197919,42,224836
4275,0.001592,74.125.24.0-255,4320,202239,42,224836
4276,0.001595,172.31.46.0-255,66,202305,42,224836
4277,0.001599,172.31.46.0-255,66,202371,42,224836
4278,0.001627,172.31.46.0-255,66,202437,42,224836
4279,0.001645,74.125.24.0-255,7156,209593,42,224836
4280,0.001657,172.31.46.0-255,66,209659,42,224836
4281,0.001688,74.125.24.0-255,5738,215397,42,224836
4282,0.001695,172.31.46.0-255,66,215463,42,224836
4283,0.001729,172.31.46.0-255,66,215529,42,224836
4284,0.001741,74.125.24.0-255,2902,218431,42,224836
4285,0.001753,74.125.24.0-255,1768,220199,42,224836
4286,0.001755,74.125.24.0-255,105,220304,42,224836
4287,0.001761,172.31.46.0-255,66,220370,42,224836
4288,0.004203,172.31.46.0-255,105,220475,42,224836
4289,0.006535,74.125.24.0-255,66,220541,42,224836
4290,0.029071,172.31.46.0-255,172,220713,42,224836
4291,0.029105,172.31.46.0-255,1110,221823,42,224836
4292,0.029165,172.31.46.0-255,1514,223337,42,224836
4293,0.029167,172.31.46.0-255,1301,224638,42,224836
4294,0.030725,104.244.42.0-255,66,224704,42,224836
4295,0.030762,104.244.42.0-255,66,224770,42,224836
4296,0.030789,104.244.42.0-255,66,224836,42,224836
4297,0.0,74.125.24.0-255,152,152,42,205314
4298,2.1e-05,172.31.46.0-255,66,218,42,205314
4299,2.8e-05,74.125.24.0-255,1484,1702,42,205314
4300,3.3e-05,172.31.46.0-255,66,1768,42,205314
4301,3.9e-05,74.125.24.0-255,2902,4670,42,205314
4302,4.2e-05,172.31.46.0-255,66,4736,42,205314
4303,4.5e-05,74.125.24.0-255,1484,6220,42,205314
4304,4.8e-05,172.31.46.0-255,66,6286,42,205314
4305,7.6e-05,74.125.24.0-255,5738,12024,42,205314
4306,7.9e-05,172.31.46.0-255,66,12090,42,205314
4307,8.3e-05,74.125.24.0-255,2023,14113,42,205314
4308,8.5e-05,172.31.46.0-255,66,14179,42,205314
4309,0.000157,74.125.24.0-255,1484,15663,42,205314
4310,0.00016,172.31.46.0-255,66,15729,42,205314
4311,0.000173,74.125.24.0-255,2902,18631,42,205314
4312,0.000175,172.31.46.0-255,66,18697,42,205314
4313,0.000182,74.125.24.0-255,5738,24435,42,205314
4314,0.000185,172.31.46.0-255,66,24501,42,205314
4315,0.000209,74.125.24.0-255,6797,31298,42,205314
4316,0.000212,172.31.46.0-255,66,31364,42,205314
4317,0.00111,74.125.24.0-255,1484,32848,42,205314
4318,0.001118,172.31.46.0-255,66,32914,42,205314
4319,0.001127,74.125.24.0-255,2902,35816,42,205314
4320,0.00113,172.31.46.0-255,66,35882,42,205314
4321,0.00115,74.125.24.0-255,5738,41620,42,205314
4322,0.001152,172.31.46.0-255,66,41686,42,205314
4323,0.001199,74.125.24.0-255,6797,48483,42,205314
4324,0.001202,172.31.46.0-255,66,48549,42,205314
4325,0.001256,74.125.24.0-255,1484,50033,42,205314
4326,0.00126,172.31.46.0-255,66,50099,42,205314
4327,0.001278,74.125.24.0-255,1484,51583,42,205314
4328,0.001281,172.31.46.0-255,66,51649,42,205314
4329,0.001298,74.125.24.0-255,1484,53133,42,205314
4330,0.001305,74.125.24.0-255,4320,57453,42,205314
4331,0.001307,172.31.46.0-255,66,57519,42,205314
4332,0.00134,74.125.24.0-255,1484,59003,42,205314
4333,0.001364,74.125.24.0-255,7094,66097,42,205314
4334,0.001366,172.31.46.0-255,66,66163,42,205314
4335,0.001404,74.125.24.0-255,126,66289,42,205314
4336,0.001469,74.125.24.0-255,353,66642,42,205314
4337,0.001666,74.125.24.0-255,1484,68126,42,205314
4338,0.001672,172.31.46.0-255,66,68192,42,205314
4339,0.001679,74.125.24.0-255,2902,71094,42,205314
4340,0.001682,172.31.46.0-255,66,71160,42,205314
4341,0.001706,74.125.24.0-255,4320,75480,42,205314
4342,0.001709,172.31.46.0-255,66,75546,42,205314
4343,0.001722,74.125.24.0-255,1484,77030,42,205314
4344,0.001729,74.125.24.0-255,5738,82768,42,205314
4345,0.001732,172.31.46.0-255,66,82834,42,205314
4346,0.001735,74.125.24.0-255,1125,83959,42,205314
4347,0.001963,74.125.24.0-255,1484,85443,42,205314
4348,0.001971,172.31.46.0-255,66,85509,42,205314
4349,0.001976,74.125.24.0-255,2902,88411,42,205314
4350,0.001979,172.31.46.0-255,66,88477,42,205314
4351,0.001985,74.125.24.0-255,5738,94215,42,205314
4352,0.001988,172.31.46.0-255,66,94281,42,205314
4353,0.001991,74.125.24.0-255,1484,95765,42,205314
4354,0.002003,172.31.46.0-255,66,95831,42,205314
4355,0.002034,74.125.24.0-255,2902,98733,42,205314
4356,0.002036,172.31.46.0-255,66,98799,42,205314
4357,0.002064,172.31.46.0-255,66,98865,42,205314
4358,0.004068,74.125.24.0-255,5738,104603,42,205314
4359,0.004079,172.31.46.0-255,66,104669,42,205314
4360,0.006091,74.125.24.0-255,4320,108989,42,205314
4361,0.006097,172.31.46.0-255,66,109055,42,205314
4362,0.006115,74.125.24.0-255,1484,110539,42,205314
4363,0.008095,74.125.24.0-255,4320,114859,42,205314
4364,0.0081,172.31.46.0-255,66,114925,42,205314
4365,0.010118,74.125.24.0-255,5738,120663,42,205314
4366,0.010131,172.31.46.0-255,66,120729,42,205314
4367,0.012152,74.125.24.0-255,5738,126467,42,205314
4368,0.012167,172.31.46.0-255,66,126533,42,205314
4369,0.014184,74.125.24.0-255,5738,132271,42,205314
4370,0.014198,172.31.46.0-255,66,132337,42,205314
4371,0.016233,74.125.24.0-255,5738,138075,42,205314
4372,0.016248,172.31.46.0-255,66,138141,42,205314
4373,0.018257,74.125.24.0-255,5738,143879,42,205314
4374,0.018269,172.31.46.0-255,66,143945,42,205314
4375,0.02027,74.125.24.0-255,5738,149683,42,205314
4376,0.020279,172.31.46.0-255,66,149749,42,205314
4377,0.022292,74.125.24.0-255,5738,155487,42,205314
4378,0.022303,172.31.46.0-255,66,155553,42,205314
4379,0.024334,74.125.24.0-255,5738,161291,42,205314
4380,0.024347,172.31.46.0-255,66,161357,42,205314
4381,0.026358,74.125.24.0-255,5738,167095,42,205314
4382,0.026369,172.31.46.0-255,66,167161,42,205314
4383,0.02838,74.125.24.0-255,5738,172899,42,205314
4384,0.028392,172.31.46.0-255,66,172965,42,205314
4385,0.030405,74.125.24.0-255,5738,178703,42,205314
4386,0.030413,172.31.46.0-255,66,178769,42,205314
4387,0.032493,74.125.24.0-255,5738,184507,42,205314
4388,0.032505,172.31.46.0-255,66,184573,42,205314
4389,0.032916,172.31.46.0-255,172,184745,42,205314
4390,0.032952,172.31.46.0-255,1111,185856,42,205314
4391,0.033011,172.31.46.0-255,1514,187370,42,205314
4392,0.033014,172.31.46.0-255,334,187704,42,205314
4393,0.034542,74.125.24.0-255,5738,193442,42,205314
4394,0.034553,172.31.46.0-255,66,193508,42,205314
4395,0.034672,104.244.42.0-255,66,193574,42,205314
4396,0.03468,104.244.42.0-255,66,193640,42,205314
4397,0.034684,104.244.42.0-255,66,193706,42,205314
4398,0.036573,74.125.24.0-255,5738,199444,42,205314
4399,0.036585,172.31.46.0-255,66,199510,42,205314
4400,0.038589,74.125.24.0-255,5738,205248,42,205314
4401,0.038599,172.31.46.0-255,66,205314,42,205314
4402,0.0,74.125.24.0-255,153,153,42,191428
4403,2e-05,172.31.46.0-255,66,219,42,191428
4404,2.6e-05,74.125.24.0-255,1484,1703,42,191428
4405,3.1e-05,172.31.46.0-255,66,1769,42,191428
4406,3.7e-05,74.125.24.0-255,2902,4671,42,191428
4407,4e-05,172.31.46.0-255,66,4737,42,191428
4408,4.7e-05,74.125.24.0-255,7156,11893,42,191428
4409,5e-05,172.31.46.0-255,66,11959,42,191428
4410,0.000139,172.31.46.0-255,66,12025,42,191428
4411,0.000151,74.125.24.0-255,647,12672,42,191428
4412,0.000153,172.31.46.0-255,66,12738,42,191428
4413,0.000268,74.125.24.0-255,1484,14222,42,191428
4414,0.000272,172.31.46.0-255,66,14288,42,191428
4415,0.000292,74.125.24.0-255,5379,19667,42,191428
4416,0.000294,172.31.46.0-255,66,19733,42,191428
4417,0.000351,74.125.24.0-255,4320,24053,42,191428
4418,0.000354,172.31.46.0-255,66,24119,42,191428
4419,0.000386,172.31.46.0-255,66,24185,42,191428
4420,0.000618,172.31.46.0-255,66,24251,42,191428
4421,0.000632,74.125.24.0-255,2852,27103,42,191428
4422,0.000634,172.31.46.0-255,66,27169,42,191428
4423,0.00073,74.125.24.0-255,110,27279,42,191428
4424,0.000733,172.31.46.0-255,66,27345,42,191428
4425,0.000774,74.125.24.0-255,1484,28829,42,191428
4426,0.000777,172.31.46.0-255,66,28895,42,191428
4427,0.000781,74.125.24.0-255,2902,31797,42,191428
4428,0.000783,172.31.46.0-255,66,31863,42,191428
4429,0.000804,74.125.24.0-255,2902,34765,42,191428
4430,0.000806,172.31.46.0-255,66,34831,42,191428
4431,0.000821,74.125.24.0-255,2902,37733,42,191428
4432,0.000823,172.31.46.0-255,66,37799,42,191428
4433,0.000875,74.125.24.0-255,2902,40701,42,191428
4434,0.000878,172.31.46.0-255,66,40767,42,191428
4435,0.000896,74.125.24.0-255,4320,45087,42,191428
4436,0.000898,172.31.46.0-255,66,45153,42,191428
4437,0.000968,74.125.24.0-255,7156,52309,42,191428
4438,0.000971,172.31.46.0-255,66,52375,42,191428
4439,0.000994,74.125.24.0-255,7156,59531,42,191428
4440,0.000996,172.31.46.0-255,66,59597,42,191428
4441,0.00114,74.125.24.0-255,2184,61781,42,191428
4442,0.001144,172.31.46.0-255,66,61847,42,191428
4443,0.001153,74.125.24.0-255,1484,63331,42,191428
4444,0.001174,74.125.24.0-255,5738,69069,42,191428
4445,0.001177,172.31.46.0-255,66,69135,42,191428
4446,0.001247,74.125.24.0-255,7156,76291,42,191428
4447,0.00125,172.31.46.0-255,66,76357,42,191428
4448,0.001282,172.31.46.0-255,66,76423,42,191428
4449,0.001299,74.125.24.0-255,2230,78653,42,191428
4450,0.001302,172.31.46.0-255,66,78719,42,191428
4451,0.00156,74.125.24.0-255,7156,85875,42,191428
4452,0.001564,172.31.46.0-255,66,85941,42,191428
4453,0.001586,172.31.46.0-255,66,86007,42,191428
4454,0.001761,172.31.46.0-255,66,86073,42,191428
4455,0.001785,74.125.24.0-255,7156,93229,42,191428
4456,0.001787,172.31.46.0-255,66,93295,42,191428
4457,0.00197,172.31.46.0-255,66,93361,42,191428
4458,0.00199,74.125.24.0-255,3602,96963,42,191428
4459,0.001992,172.31.46.0-255,66,97029,42,191428
4460,0.002183,172.31.46.0-255,66,97095,42,191428
4461,0.002414,74.125.24.0-255,5738,102833,42,191428
4462,0.002419,172.31.46.0-255,66,102899,42,191428
4463,0.002464,172.31.46.0-255,66,102965,42,191428
4464,0.002878,74.125.24.0-255,4320,107285,42,191428
4465,0.00344,74.125.24.0-255,4320,111605,42,191428
4466,0.004724,172.31.46.0-255,66,111671,42,191428
4467,0.005283,172.31.46.0-255,101,111772,42,191428
4468,0.007009,74.125.24.0-255,5738,117510,42,191428
4469,0.007017,172.31.46.0-255,66,117576,42,191428
4470,0.007551,74.125.24.0-255,66,117642,42,191428
4471,0.009281,74.125.24.0-255,4320,121962,42,191428
4472,0.009285,172.31.46.0-255,66,122028,42,191428
4473,0.009305,74.125.24.0-255,1484,123512,42,191428
4474,0.011576,74.125.24.0-255,4320,127832,42,191428
4475,0.011584,172.31.46.0-255,66,127898,42,191428
4476,0.013853,74.125.24.0-255,5738,133636,42,191428
4477,0.013863,172.31.46.0-255,66,133702,42,191428
4478,0.016115,74.125.24.0-255,5738,139440,42,191428
4479,0.016123,172.31.46.0-255,66,139506,42,191428
4480,0.018407,74.125.24.0-255,5738,145244,42,191428
4481,0.018415,172.31.46.0-255,66,145310,42,191428
4482,0.020707,74.125.24.0-255,5738,151048,42,191428
4483,0.020713,172.31.46.0-255,66,151114,42,191428
4484,0.022986,74.125.24.0-255,5738,156852,42,191428
4485,0.022991,172.31.46.0-255,66,156918,42,191428
4486,0.025267,74.125.24.0-255,5738,162656,42,191428
4487,0.025273,172.31.46.0-255,66,162722,42,191428
4488,0.02703,172.31.46.0-255,172,162894,42,191428
4489,0.027064,172.31.46.0-255,1106,164000,42,191428
4490,0.027121,172.31.46.0-255,1514,165514,42,191428
4491,0.027123,172.31.46.0-255,1303,166817,42,191428
4492,0.027552,74.125.24.0-255,5738,172555,42,191428
4493,0.027559,172.31.46.0-255,66,172621,42,191428
4494,0.02856,104.244.42.0-255,66,172687,42,191428
4495,0.028587,104.244.42.0-255,66,172753,42,191428
4496,0.028647,104.244.42.0-255,66,172819,42,191428
4497,0.029698,104.244.42.0-255,108,172927,42,191428
4498,0.029705,172.31.46.0-255,66,172993,42,191428
4499,0.029833,74.125.24.0-255,5738,178731,42,191428
4500,0.029837,172.31.46.0-255,66,178797,42,191428
4501,0.032119,74.125.24.0-255,5738,184535,42,191428
4502,0.032125,172.31.46.0-255,66,184601,42,191428
4503,0.034413,74.125.24.0-255,5738,190339,42,191428
4504,0.034419,172.31.46.0-255,66,190405,42,191428
4505,0.036685,74.125.24.0-255,918,191323,42,191428
4506,0.036833,172.31.46.0-255,105,191428,42,191428
4507,0.0,74.125.24.0-255,143,143,42,172839
4508,1.9e-05,74.125.24.0-255,1484,1627,42,172839
4509,3e-05,172.31.46.0-255,66,1693,42,172839
4510,3.8e-05,74.125.24.0-255,2902,4595,42,172839
4511,4.1e-05,172.31.46.0-255,66,4661,42,172839
4512,4.8e-05,74.125.24.0-255,5738,10399,42,172839
4513,5.8e-05,172.31.46.0-255,66,10465,42,172839
4514,0.000102,172.31.46.0-255,66,10531,42,172839
4515,0.000109,74.125.24.0-255,5738,16269,42,172839
4516,0.000111,172.31.46.0-255,66,16335,42,172839
4517,0.000148,74.125.24.0-255,1125,17460,42,172839
4518,0.000207,74.125.24.0-255,1484,18944,42,172839
4519,0.00021,172.31.46.0-255,66,19010,42,172839
4520,0.000215,74.125.24.0-255,2902,21912,42,172839
4521,0.000218,172.31.46.0-255,66,21978,42,172839
4522,0.000222,74.125.24.0-255,2902,24880,42,172839
4523,0.00023,172.31.46.0-255,66,24946,42,172839
4524,0.000263,74.125.24.0-255,2902,27848,42,172839
4525,0.000265,172.31.46.0-255,66,27914,42,172839
4526,0.000273,74.125.24.0-255,6797,34711,42,172839
4527,0.000275,172.31.46.0-255,66,34777,42,172839
4528,0.00032,172.31.46.0-255,66,34843,42,172839
4529,0.000322,74.125.24.0-255,1484,36327,42,172839
4530,0.000343,74.125.24.0-255,1404,37731,42,172839
4531,0.000345,172.31.46.0-255,66,37797,42,172839
4532,0.000369,74.125.24.0-255,128,37925,42,172839
4533,0.000564,74.125.24.0-255,1484,39409,42,172839
4534,0.00057,172.31.46.0-255,66,39475,42,172839
4535,0.000576,74.125.24.0-255,2902,42377,42,172839
4536,0.000578,172.31.46.0-255,66,42443,42,172839
4537,0.000607,74.125.24.0-255,5738,48181,42,172839
4538,0.000609,172.31.46.0-255,66,48247,42,172839
4539,0.000614,74.125.24.0-255,2902,51149,42,172839
4540,0.000617,172.31.46.0-255,66,51215,42,172839
4541,0.000661,172.31.46.0-255,66,51281,42,172839
4542,0.000689,74.125.24.0-255,2543,53824,42,172839
4543,0.000692,172.31.46.0-255,66,53890,42,172839
4544,0.000697,74.125.24.0-255,4320,58210,42,172839
4545,0.000699,172.31.46.0-255,66,58276,42,172839
4546,0.000722,74.125.24.0-255,2902,61178,42,172839
4547,0.000725,172.31.46.0-255,66,61244,42,172839
4548,0.000752,74.125.24.0-255,2799,64043,42,172839
4549,0.000755,172.31.46.0-255,66,64109,42,172839
4550,0.001794,74.125.24.0-255,1484,65593,42,172839
4551,0.001805,74.125.24.0-255,2902,68495,42,172839
4552,0.001809,172.31.46.0-255,66,68561,42,172839
4553,0.001818,74.125.24.0-255,5738,74299,42,172839
4554,0.00182,172.31.46.0-255,66,74365,42,172839
4555,0.001831,74.125.24.0-255,4320,78685,42,172839
4556,0.001834,172.31.46.0-255,66,78751,42,172839
4557,0.001872,172.31.46.0-255,66,78817,42,172839
4558,0.001877,74.125.24.0-255,2902,81719,42,172839
4559,0.001879,172.31.46.0-255,66,81785,42,172839
4560,0.001914,74.125.24.0-255,5020,86805,42,172839
4561,0.001917,172.31.46.0-255,66,86871,42,172839
4562,0.002118,74.125.24.0-255,1484,88355,42,172839
4563,0.002126,74.125.24.0-255,2902,91257,42,172839
4564,0.00213,172.31.46.0-255,66,91323,42,172839
4565,0.00217,74.125.24.0-255,4320,95643,42,172839
4566,0.002172,172.31.46.0-255,66,95709,42,172839
4567,0.002201,74.125.24.0-255,1484,97193,42,172839
4568,0.002216,172.31.46.0-255,66,97259,42,172839
4569,0.002234,172.31.46.0-255,66,97325,42,172839
4570,0.00232,74.125.24.0-255,1484,98809,42,172839
4571,0.002337,74.125.24.0-255,2902,101711,42,172839
4572,0.00234,172.31.46.0-255,66,101777,42,172839
4573,0.002346,74.125.24.0-255,2902,104679,42,172839
4574,0.002348,172.31.46.0-255,66,104745,42,172839
4575,0.002386,74.125.24.0-255,2902,107647,42,172839
4576,0.002393,172.31.46.0-255,66,107713,42,172839
4577,0.002398,74.125.24.0-255,4320,112033,42,172839
4578,0.002401,172.31.46.0-255,66,112099,42,172839
4579,0.002407,74.125.24.0-255,5738,117837,42,172839
4580,0.002409,172.31.46.0-255,66,117903,42,172839
4581,0.002414,74.125.24.0-255,2902,120805,42,172839
4582,0.002416,172.31.46.0-255,66,120871,42,172839
4583,0.002456,172.31.46.0-255,66,120937,42,172839
4584,0.00246,74.125.24.0-255,2184,123121,42,172839
4585,0.002462,172.31.46.0-255,66,123187,42,172839
4586,0.002536,74.125.24.0-255,1484,124671,42,172839
4587,0.002543,74.125.24.0-255,2902,127573,42,172839
4588,0.002547,172.31.46.0-255,66,127639,42,172839
4589,0.002582,74.125.24.0-255,5738,133377,42,172839
4590,0.002585,172.31.46.0-255,66,133443,42,172839
4591,0.002598,172.31.46.0-255,66,133509,42,172839
4592,0.002623,74.125.24.0-255,2902,136411,42,172839
4593,0.002626,172.31.46.0-255,66,136477,42,172839
4594,0.002639,172.31.46.0-255,66,136543,42,172839
4595,0.002651,74.125.24.0-255,7156,143699,42,172839
4596,0.002654,172.31.46.0-255,66,143765,42,172839
4597,0.002695,172.31.46.0-255,66,143831,42,172839
4598,0.002708,172.31.46.0-255,66,143897,42,172839
4599,0.00274,74.125.24.0-255,5020,148917,42,172839
4600,0.002742,172.31.46.0-255,66,148983,42,172839
4601,0.002759,172.31.46.0-255,66,149049,42,172839
4602,0.002763,74.125.24.0-255,1484,150533,42,172839
4603,0.002801,172.31.46.0-255,66,150599,42,172839
4604,0.002813,74.125.24.0-255,1484,152083,42,172839
4605,0.002824,74.125.24.0-255,6438,158521,42,172839
4606,0.002827,172.31.46.0-255,66,158587,42,172839
4607,0.002839,172.31.46.0-255,66,158653,42,172839
4608,0.002842,74.125.24.0-255,1484,160137,42,172839
4609,0.002857,172.31.46.0-255,66,160203,42,172839
4610,0.002921,74.125.24.0-255,1484,161687,42,172839
4611,0.002924,172.31.46.0-255,78,161765,42,172839
4612,0.002981,74.125.24.0-255,766,162531,42,172839
4613,0.003048,74.125.24.0-255,2701,165232,42,172839
4614,0.00305,74.125.24.0-255,97,165329,42,172839
4615,0.003065,74.125.24.0-255,105,165434,42,172839
4616,0.006606,172.31.46.0-255,66,165500,42,172839
4617,0.008942,172.31.46.0-255,105,165605,42,172839
4618,0.011225,74.125.24.0-255,66,165671,42,172839
4619,0.035895,172.31.46.0-255,172,165843,42,172839
4620,0.035927,172.31.46.0-255,1107,166950,42,172839
4621,0.035991,172.31.46.0-255,1514,168464,42,172839
4622,0.035993,172.31.46.0-255,1514,169978,42,172839
4623,0.035994,172.31.46.0-255,1514,171492,42,172839
4624,0.036019,172.31.46.0-255,1083,172575,42,172839
4625,0.037481,104.244.42.0-255,66,172641,42,172839
4626,0.037512,104.244.42.0-255,66,172707,42,172839
4627,0.037606,104.244.42.0-255,66,172773,42,172839
4628,0.03762,104.244.42.0-255,66,172839,42,172839
4629,0.0,172.217.194.0-255,153,153,42,246188
4630,2.8e-05,172.31.46.0-255,66,219,42,246188
4631,3.5e-05,172.217.194.0-255,1484,1703,42,246188
4632,4e-05,172.31.46.0-255,66,1769,42,246188
4633,4.5e-05,172.217.194.0-255,2902,4671,42,246188
4634,4.7e-05,172.31.46.0-255,66,4737,42,246188
4635,5.2e-05,172.217.194.0-255,4320,9057,42,246188
4636,5.4e-05,172.31.46.0-255,66,9123,42,246188
4637,5.7e-05,172.217.194.0-255,1484,10607,42,246188
4638,6e-05,172.31.46.0-255,66,10673,42,246188
4639,8.3e-05,172.217.194.0-255,3519,14192,42,246188
4640,8.6e-05,172.31.46.0-255,66,14258,42,246188
4641,9.1e-05,172.217.194.0-255,4320,18578,42,246188
4642,9.3e-05,172.31.46.0-255,66,18644,42,246188
4643,0.000114,172.217.194.0-255,7156,25800,42,246188
4644,0.000117,172.31.46.0-255,66,25866,42,246188
4645,0.000122,172.217.194.0-255,5379,31245,42,246188
4646,0.000125,172.31.46.0-255,66,31311,42,246188
4647,0.00018,172.217.194.0-255,1484,32795,42,246188
4648,0.000182,172.31.46.0-255,66,32861,42,246188
4649,0.000187,172.217.194.0-255,2902,35763,42,246188
4650,0.000189,172.31.46.0-255,66,35829,42,246188
4651,0.000194,172.217.194.0-255,4320,40149,42,246188
4652,0.000196,172.31.46.0-255,66,40215,42,246188
4653,0.000222,172.217.194.0-255,1484,41699,42,246188
4654,0.000224,172.31.46.0-255,66,41765,42,246188
4655,0.000229,172.217.194.0-255,5738,47503,42,246188
4656,0.000231,172.31.46.0-255,66,47569,42,246188
4657,0.00025,172.217.194.0-255,1125,48694,42,246188
4658,0.000253,172.31.46.0-255,66,48760,42,246188
4659,0.000474,172.217.194.0-255,1484,50244,42,246188
4660,0.000478,172.31.46.0-255,66,50310,42,246188
4661,0.000482,172.217.194.0-255,1484,51794,42,246188
4662,0.000498,172.217.194.0-255,1484,53278,42,246188
4663,0.000501,172.31.46.0-255,66,53344,42,246188
4664,0.000506,172.217.194.0-255,4320,57664,42,246188
4665,0.000508,172.31.46.0-255,66,57730,42,246188
4666,0.00052,172.217.194.0-255,1484,59214,42,246188
4667,0.000524,172.217.194.0-255,2902,62116,42,246188
4668,0.000526,172.31.46.0-255,66,62182,42,246188
4669,0.000564,172.217.194.0-255,3961,66143,42,246188
4670,0.000567,172.31.46.0-255,66,66209,42,246188
4671,0.00066,172.217.194.0-255,1484,67693,42,246188
4672,0.000678,172.217.194.0-255,2902,70595,42,246188
4673,0.000681,172.31.46.0-255,66,70661,42,246188
4674,0.000697,172.217.194.0-255,1484,72145,42,246188
4675,0.000712,172.217.194.0-255,4320,76465,42,246188
4676,0.000715,172.31.46.0-255,66,76531,42,246188
4677,0.000722,172.217.194.0-255,6797,83328,42,246188
4678,0.000724,172.31.46.0-255,66,83394,42,246188
4679,0.000742,172.217.194.0-255,5738,89132,42,246188
4680,0.000745,172.31.46.0-255,66,89198,42,246188
4681,0.000764,172.217.194.0-255,1484,90682,42,246188
4682,0.00077,172.217.194.0-255,4320,95002,42,246188
4683,0.000772,172.31.46.0-255,66,95068,42,246188
4684,0.000795,172.217.194.0-255,5379,100447,42,246188
4685,0.000798,172.31.46.0-255,66,100513,42,246188
4686,0.001479,172.217.194.0-255,1484,101997,42,246188
4687,0.001491,172.217.194.0-255,2902,104899,42,246188
4688,0.001495,172.31.46.0-255,66,104965,42,246188
4689,0.001501,172.217.194.0-255,5738,110703,42,246188
4690,0.001503,172.31.46.0-255,66,110769,42,246188
4691,0.001538,172.31.46.0-255,66,110835,42,246188
4692,0.001545,172.217.194.0-255,7156,117991,42,246188
4693,0.001546,172.31.46.0-255,66,118057,42,246188
4694,0.001559,172.217.194.0-255,2902,120959,42,246188
4695,0.001562,172.31.46.0-255,66,121025,42,246188
4696,0.001577,172.217.194.0-255,766,121791,42,246188
4697,0.001595,172.217.194.0-255,1484,123275,42,246188
4698,0.001598,172.31.46.0-255,66,123341,42,246188
4699,0.001601,172.217.194.0-255,1484,124825,42,246188
4700,0.001618,172.217.194.0-255,2902,127727,42,246188
4701,0.00162,172.31.46.0-255,66,127793,42,246188
4702,0.001624,172.217.194.0-255,2902,130695,42,246188
4703,0.001626,172.31.46.0-255,66,130761,42,246188
4704,0.001642,172.217.194.0-255,7156,137917,42,246188
4705,0.001645,172.31.46.0-255,66,137983,42,246188
4706,0.00165,172.217.194.0-255,5738,143721,42,246188
4707,0.001654,172.31.46.0-255,66,143787,42,246188
4708,0.001671,172.217.194.0-255,2902,146689,42,246188
4709,0.001673,172.31.46.0-255,66,146755,42,246188
4710,0.001698,172.217.194.0-255,1484,148239,42,246188
4711,0.001717,172.31.46.0-255,66,148305,42,246188
4712,0.001992,172.217.194.0-255,1484,149789,42,246188
4713,0.002007,172.217.194.0-255,2902,152691,42,246188
4714,0.00201,172.31.46.0-255,66,152757,42,246188
4715,0.002014,172.217.194.0-255,2902,155659,42,246188
4716,0.002016,172.31.46.0-255,66,155725,42,246188
4717,0.002029,172.217.194.0-255,2902,158627,42,246188
4718,0.002031,172.31.46.0-255,66,158693,42,246188
4719,0.002044,172.217.194.0-255,2902,161595,42,246188
4720,0.002046,172.31.46.0-255,66,161661,42,246188
4721,0.002071,172.31.46.0-255,66,161727,42,246188
4722,0.002074,172.217.194.0-255,1484,163211,42,246188
4723,0.002098,172.31.46.0-255,66,163277,42,246188
4724,0.002643,172.217.194.0-255,1484,164761,42,246188
4725,0.004677,172.217.194.0-255,4320,169081,42,246188
4726,0.004682,172.31.46.0-255,66,169147,42,246188
4727,0.007258,172.217.194.0-255,5738,174885,42,246188
4728,0.007263,172.31.46.0-255,66,174951,42,246188
4729,0.009871,172.217.194.0-255,5738,180689,42,246188
4730,0.009881,172.31.46.0-255,66,180755,42,246188
4731,0.012513,172.217.194.0-255,4320,185075,42,246188
4732,0.012521,172.31.46.0-255,66,185141,42,246188
4733,0.012554,172.217.194.0-255,1484,186625,42,246188
4734,0.015126,172.217.194.0-255,4320,190945,42,246188
4735,0.01514,172.31.46.0-255,66,191011,42,246188
4736,0.017704,172.217.194.0-255,5738,196749,42,246188
4737,0.017714,172.31.46.0-255,66,196815,42,246188
4738,0.020294,172.217.194.0-255,5738,202553,42,246188
4739,0.020302,172.31.46.0-255,66,202619,42,246188
4740,0.022912,172.217.194.0-255,5738,208357,42,246188
4741,0.02292,172.31.46.0-255,66,208423,42,246188
4742,0.025504,172.217.194.0-255,5738,214161,42,246188
4743,0.025511,172.31.46.0-255,66,214227,42,246188
4744,0.025625,172.31.46.0-255,172,214399,42,246188
4745,0.02565,172.31.46.0-255,1111,215510,42,246188
4746,0.025743,172.31.46.0-255,1514,217024,42,246188
4747,0.025746,172.31.46.0-255,1298,218322,42,246188
4748,0.027179,104.244.42.0-255,66,218388,42,246188
4749,0.02721,104.244.42.0-255,66,218454,42,246188
4750,0.027324,104.244.42.0-255,66,218520,42,246188
4751,0.028119,172.217.194.0-255,5738,224258,42,246188
4752,0.028125,172.31.46.0-255,66,224324,42,246188
4753,0.03071,172.217.194.0-255,5738,230062,42,246188
4754,0.030717,172.31.46.0-255,66,230128,42,246188
4755,0.033294,172.217.194.0-255,5738,235866,42,246188
4756,0.033301,172.31.46.0-255,66,235932,42,246188
4757,0.035938,172.217.194.0-255,4320,240252,42,246188
4758,0.035945,172.31.46.0-255,66,240318,42,246188
4759,0.035991,172.217.194.0-255,1484,241802,42,246188
4760,0.03854,172.217.194.0-255,4320,246122,42,246188
4761,0.038547,172.31.46.0-255,66,246188,42,246188
4762,0.0,74.125.24.0-255,152,152,42,237396
4763,1.6e-05,172.31.46.0-255,66,218,42,237396
4764,2.4e-05,74.125.24.0-255,1484,1702,42,237396
4765,2.8e-05,172.31.46.0-255,66,1768,42,237396
4766,6.8e-05,74.125.24.0-255,2902,4670,42,237396
4767,7.7e-05,172.31.46.0-255,66,4736,42,237396
4768,8.4e-05,74.125.24.0-255,5738,10474,42,237396
4769,8.7e-05,172.31.46.0-255,66,10540,42,237396
4770,9.2e-05,74.125.24.0-255,2902,13442,42,237396
4771,9.4e-05,172.31.46.0-255,66,13508,42,237396
4772,0.000118,74.125.24.0-255,710,14218,42,237396
4773,0.000121,172.31.46.0-255,66,14284,42,237396
4774,0.000236,74.125.24.0-255,1484,15768,42,237396
4775,0.00024,172.31.46.0-255,66,15834,42,237396
4776,0.000258,74.125.24.0-255,2902,18736,42,237396
4777,0.000261,172.31.46.0-255,66,18802,42,237396
4778,0.000268,74.125.24.0-255,5738,24540,42,237396
4779,0.00027,172.31.46.0-255,66,24606,42,237396
4780,0.000275,74.125.24.0-255,4320,28926,42,237396
4781,0.000278,172.31.46.0-255,66,28992,42,237396
4782,0.000323,74.125.24.0-255,2543,31535,42,237396
4783,0.000327,172.31.46.0-255,66,31601,42,237396
4784,0.000614,74.125.24.0-255,1484,33085,42,237396
4785,0.000619,172.31.46.0-255,66,33151,42,237396
4786,0.000626,74.125.24.0-255,2902,36053,42,237396
4787,0.000629,172.31.46.0-255,66,36119,42,237396
4788,0.000657,74.125.24.0-255,4320,40439,42,237396
4789,0.00066,172.31.46.0-255,66,40505,42,237396
4790,0.000684,74.125.24.0-255,1484,41989,42,237396
4791,0.000686,172.31.46.0-255,66,42055,42,237396
4792,0.000691,74.125.24.0-255,2902,44957,42,237396
4793,0.000694,172.31.46.0-255,66,45023,42,237396
4794,0.000737,74.125.24.0-255,1484,46507,42,237396
4795,0.000741,74.125.24.0-255,2902,49409,42,237396
4796,0.000744,74.125.24.0-255,1484,50893,42,237396
4797,0.000754,172.31.46.0-255,66,50959,42,237396
4798,0.000774,74.125.24.0-255,4320,55279,42,237396
4799,0.000791,74.125.24.0-255,2853,58132,42,237396
4800,0.000805,172.31.46.0-255,66,58198,42,237396
4801,0.000816,74.125.24.0-255,109,58307,42,237396
4802,0.000916,74.125.24.0-255,1484,59791,42,237396
4803,0.00092,172.31.46.0-255,66,59857,42,237396
4804,0.000925,74.125.24.0-255,2902,62759,42,237396
4805,0.000953,74.125.24.0-255,5738,68497,42,237396
4806,0.000962,74.125.24.0-255,7156,75653,42,237396
4807,0.000974,172.31.46.0-255,66,75719,42,237396
4808,0.001003,74.125.24.0-255,4320,80039,42,237396
4809,0.001011,172.31.46.0-255,66,80105,42,237396
4810,0.001038,74.125.24.0-255,7156,87261,42,237396
4811,0.001044,74.125.24.0-255,2902,90163,42,237396
4812,0.001055,74.125.24.0-255,2184,92347,42,237396
4813,0.001066,172.31.46.0-255,66,92413,42,237396
4814,0.001881,74.125.24.0-255,1484,93897,42,237396
4815,0.001894,74.125.24.0-255,2902,96799,42,237396
4816,0.001898,172.31.46.0-255,66,96865,42,237396
4817,0.001905,74.125.24.0-255,4320,101185,42,237396
4818,0.001926,74.125.24.0-255,4320,105505,42,237396
4819,0.00194,74.125.24.0-255,4320,109825,42,237396
4820,0.001976,74.125.24.0-255,4320,114145,42,237396
4821,0.002036,74.125.24.0-255,1484,115629,42,237396
4822,0.00204,74.125.24.0-255,2902,118531,42,237396
4823,0.002062,74.125.24.0-255,2902,121433,42,237396
4824,0.002075,74.125.24.0-255,2902,124335,42,237396
4825,0.002081,74.125.24.0-255,4320,128655,42,237396
4826,0.002209,74.125.24.0-255,1484,130139,42,237396
4827,0.002229,74.125.24.0-255,2902,133041,42,237396
4828,0.002254,74.125.24.0-255,5738,138779,42,237396
4829,0.002259,74.125.24.0-255,1484,140263,42,237396
4830,0.002274,74.125.24.0-255,4320,144583,42,237396
4831,0.00229,74.125.24.0-255,4320,148903,42,237396
4832,0.002324,74.125.24.0-255,5020,153923,42,237396
4833,0.002468,74.125.24.0-255,1484,155407,42,237396
4834,0.002489,74.125.24.0-255,2902,158309,42,237396
4835,0.002492,74.125.24.0-255,1484,159793,42,237396
4836,0.002512,74.125.24.0-255,4320,164113,42,237396
4837,0.002518,74.125.24.0-255,5738,169851,42,237396
4838,0.002531,74.125.24.0-255,1484,171335,42,237396
4839,0.002536,74.125.24.0-255,2902,174237,42,237396
4840,0.002577,74.125.24.0-255,2902,177139,42,237396
4841,0.002619,74.125.24.0-255,2902,180041,42,237396
4842,0.002624,74.125.24.0-255,4320,184361,42,237396
4843,0.002663,74.125.24.0-255,1484,185845,42,237396
4844,0.002679,74.125.24.0-255,6438,192283,42,237396
4845,0.002684,74.125.24.0-255,2902,195185,42,237396
4846,0.002701,74.125.24.0-255,5738,200923,42,237396
4847,0.002715,74.125.24.0-255,5738,206661,42,237396
4848,0.002786,74.125.24.0-255,3602,210263,42,237396
4849,0.002848,74.125.24.0-255,2902,213165,42,237396
4850,0.002879,74.125.24.0-255,2902,216067,42,237396
4851,0.002922,74.125.24.0-255,1484,217551,42,237396
4852,0.002939,74.125.24.0-255,7156,224707,42,237396
4853,0.002949,74.125.24.0-255,766,225473,42,237396
4854,0.002952,74.125.24.0-255,1484,226957,42,237396
4855,0.002955,74.125.24.0-255,1484,228441,42,237396
4856,0.003032,74.125.24.0-255,4320,232761,42,237396
4857,0.003074,74.125.24.0-255,105,232866,42,237396
4858,0.008031,172.31.46.0-255,66,232932,42,237396
4859,0.010136,172.31.46.0-255,105,233037,42,237396
4860,0.012347,74.125.24.0-255,66,233103,42,237396
4861,0.035712,172.31.46.0-255,172,233275,42,237396
4862,0.035743,172.31.46.0-255,1111,234386,42,237396
4863,0.035814,172.31.46.0-255,1514,235900,42,237396
4864,0.035816,172.31.46.0-255,1298,237198,42,237396
4865,0.037297,104.244.42.0-255,66,237264,42,237396
4866,0.037308,104.244.42.0-255,66,237330,42,237396
4867,0.037378,104.244.42.0-255,66,237396,42,237396
4868,0.0,172.217.194.0-255,292,292,42,160024
4869,1.2e-05,172.31.46.0-255,66,358,42,160024
4870,1.7e-05,172.217.194.0-255,1484,1842,42,160024
4871,2.1e-05,172.31.46.0-255,66,1908,42,160024
4872,4.2e-05,172.217.194.0-255,4320,6228,42,160024
4873,4.5e-05,172.31.46.0-255,66,6294,42,160024
4874,5.3e-05,172.217.194.0-255,7156,13450,42,160024
4875,5.6e-05,172.31.46.0-255,66,13516,42,160024
4876,0.000118,172.31.46.0-255,66,13582,42,160024
4877,0.000121,172.217.194.0-255,1125,14707,42,160024
4878,0.000123,172.31.46.0-255,66,14773,42,160024
4879,0.000163,172.217.194.0-255,1484,16257,42,160024
4880,0.000166,172.31.46.0-255,66,16323,42,160024
4881,0.00017,172.217.194.0-255,2902,19225,42,160024
4882,0.000172,172.31.46.0-255,66,19291,42,160024
4883,0.000178,172.217.194.0-255,5738,25029,42,160024
4884,0.00018,172.31.46.0-255,66,25095,42,160024
4885,0.000186,172.217.194.0-255,5738,30833,42,160024
4886,0.000189,172.31.46.0-255,66,30899,42,160024
4887,0.000214,172.217.194.0-255,1484,32383,42,160024
4888,0.000216,172.31.46.0-255,66,32449,42,160024
4889,0.000248,172.31.46.0-255,66,32515,42,160024
4890,0.000254,172.217.194.0-255,4254,36769,42,160024
4891,0.000256,172.31.46.0-255,66,36835,42,160024
4892,0.000274,172.217.194.0-255,365,37200,42,160024
4893,0.000276,172.31.46.0-255,66,37266,42,160024
4894,0.000306,172.217.194.0-255,1484,38750,42,160024
4895,0.000309,172.31.46.0-255,66,38816,42,160024
4896,0.000314,172.217.194.0-255,4320,43136,42,160024
4897,0.000317,172.31.46.0-255,66,43202,42,160024
4898,0.000353,172.31.46.0-255,66,43268,42,160024
4899,0.000406,172.217.194.0-255,2902,46170,42,160024
4900,0.000408,172.31.46.0-255,66,46236,42,160024
4901,0.000437,172.31.46.0-255,66,46302,42,160024
4902,0.000442,172.217.194.0-255,4320,50622,42,160024
4903,0.000444,172.31.46.0-255,66,50688,42,160024
4904,0.000459,172.217.194.0-255,2543,53231,42,160024
4905,0.000461,172.31.46.0-255,66,53297,42,160024
4906,0.000647,172.217.194.0-255,1484,54781,42,160024
4907,0.000655,172.217.194.0-255,2902,57683,42,160024
4908,0.000658,172.31.46.0-255,66,57749,42,160024
4909,0.000662,172.217.194.0-255,1484,59233,42,160024
4910,0.000683,172.217.194.0-255,4320,63553,42,160024
4911,0.000695,172.31.46.0-255,66,63619,42,160024
4912,0.000703,172.31.46.0-255,66,63685,42,160024
4913,0.000708,172.217.194.0-255,4320,68005,42,160024
4914,0.000711,172.31.46.0-255,66,68071,42,160024
4915,0.000722,172.31.46.0-255,66,68137,42,160024
4916,0.000791,172.31.46.0-255,66,68203,42,160024
4917,0.000806,172.31.46.0-255,66,68269,42,160024
4918,0.000808,172.217.194.0-255,1484,69753,42,160024
4919,0.000838,172.217.194.0-255,7156,76909,42,160024
4920,0.000841,172.31.46.0-255,66,76975,42,160024
4921,0.000844,172.217.194.0-255,1484,78459,42,160024
4922,0.000873,172.31.46.0-255,66,78525,42,160024
4923,0.000884,172.31.46.0-255,66,78591,42,160024
4924,0.00091,172.217.194.0-255,2902,81493,42,160024
4925,0.000913,172.31.46.0-255,66,81559,42,160024
4926,0.000926,172.217.194.0-255,2902,84461,42,160024
4927,0.000928,172.31.46.0-255,66,84527,42,160024
4928,0.000965,172.31.46.0-255,66,84593,42,160024
4929,0.000976,172.31.46.0-255,66,84659,42,160024
4930,0.000997,172.217.194.0-255,4320,88979,42,160024
4931,0.000999,172.31.46.0-255,66,89045,42,160024
4932,0.001017,172.217.194.0-255,4320,93365,42,160024
4933,0.001021,172.31.46.0-255,66,93431,42,160024
4934,0.001042,172.217.194.0-255,1484,94915,42,160024
4935,0.001067,172.217.194.0-255,4320,99235,42,160024
4936,0.001074,172.31.46.0-255,66,99301,42,160024
4937,0.001113,172.31.46.0-255,66,99367,42,160024
4938,0.001406,172.217.194.0-255,1484,100851,42,160024
4939,0.001418,172.217.194.0-255,2902,103753,42,160024
4940,0.001421,172.31.46.0-255,66,103819,42,160024
4941,0.001428,172.217.194.0-255,5738,109557,42,160024
4942,0.00143,172.31.46.0-255,66,109623,42,160024
4943,0.001437,172.217.194.0-255,5738,115361,42,160024
4944,0.001439,172.31.46.0-255,66,115427,42,160024
4945,0.001467,172.217.194.0-255,2902,118329,42,160024
4946,0.00147,172.31.46.0-255,66,118395,42,160024
4947,0.001488,172.217.194.0-255,4320,122715,42,160024
4948,0.001491,172.31.46.0-255,66,122781,42,160024
4949,0.001536,172.31.46.0-255,66,122847,42,160024
4950,0.001569,172.217.194.0-255,1484,124331,42,160024
4951,0.001581,172.217.194.0-255,1484,125815,42,160024
4952,0.001587,172.31.46.0-255,66,125881,42,160024
4953,0.001594,172.217.194.0-255,1484,127365,42,160024
4954,0.00161,172.217.194.0-255,4320,131685,42,160024
4955,0.00162,172.217.194.0-255,1484,133169,42,160024
4956,0.001629,172.31.46.0-255,66,133235,42,160024
4957,0.001646,172.217.194.0-255,1484,134719,42,160024
4958,0.001681,172.217.194.0-255,1484,136203,42,160024
4959,0.001735,172.217.194.0-255,1484,137687,42,160024
4960,0.00174,172.217.194.0-255,2902,140589,42,160024
4961,0.00175,172.31.46.0-255,66,140655,42,160024
4962,0.001768,172.217.194.0-255,5738,146393,42,160024
4963,0.001773,172.217.194.0-255,2902,149295,42,160024
4964,0.001785,172.31.46.0-255,66,149361,42,160024
4965,0.001857,172.31.46.0-255,66,149427,42,160024
4966,0.001862,172.31.46.0-255,66,149493,42,160024
4967,0.001905,172.31.46.0-255,66,149559,42,160024
4968,0.001917,172.217.194.0-255,6799,156358,42,160024
4969,0.001921,172.217.194.0-255,105,156463,42,160024
4970,0.001953,172.31.46.0-255,66,156529,42,160024
4971,0.009991,172.31.46.0-255,105,156634,42,160024
4972,0.012358,172.217.194.0-255,66,156700,42,160024
4973,0.036832,172.31.46.0-255,167,156867,42,160024
4974,0.036859,172.31.46.0-255,1111,157978,42,160024
4975,0.036914,172.31.46.0-255,1514,159492,42,160024
4976,0.036915,172.31.46.0-255,334,159826,42,160024
4977,0.038407,104.244.42.0-255,66,159892,42,160024
4978,0.038433,104.244.42.0-255,66,159958,42,160024
4979,0.038479,104.244.42.0-255,66,160024,42,160024
4980,0.0,172.217.194.0-255,146,146,42,222894
4981,2.4e-05,172.31.46.0-255,66,212,42,222894
4982,3.1e-05,172.217.194.0-255,1484,1696,42,222894
4983,3.6e-05,172.31.46.0-255,66,1762,42,222894
4984,4.2e-05,172.217.194.0-255,2902,4664,42,222894
4985,5.2e-05,172.31.46.0-255,66,4730,42,222894
4986,6e-05,172.217.194.0-255,7156,11886,42,222894
4987,6.4e-05,172.31.46.0-255,66,11952,42,222894
4988,0.000123,172.217.194.0-255,2022,13974,42,222894
4989,0.000126,172.31.46.0-255,66,14040,42,222894
4990,0.000131,172.217.194.0-255,1484,15524,42,222894
4991,0.000132,172.31.46.0-255,66,15590,42,222894
4992,0.000158,172.217.194.0-255,1484,17074,42,222894
4993,0.000165,172.31.46.0-255,66,17140,42,222894
4994,0.000174,172.217.194.0-255,7156,24296,42,222894
4995,0.000176,172.31.46.0-255,66,24362,42,222894
4996,0.000184,172.217.194.0-255,6797,31159,42,222894
4997,0.000187,172.31.46.0-255,66,31225,42,222894
4998,0.000217,172.217.194.0-255,1484,32709,42,222894
4999,0.000219,172.31.46.0-255,66,32775,42,222894
5000,0.000224,172.217.194.0-255,2902,35677,42,222894
5001,0.000226,172.31.46.0-255,66,35743,42,222894
5002,0.000238,172.217.194.0-255,5738,41481,42,222894
5003,0.00024,172.31.46.0-255,66,41547,42,222894
5004,0.000247,172.217.194.0-255,5738,47285,42,222894
5005,0.000249,172.31.46.0-255,66,47351,42,222894
5006,0.000275,172.217.194.0-255,2902,50253,42,222894
5007,0.000277,172.31.46.0-255,66,50319,42,222894
5008,0.00031,172.31.46.0-255,66,50385,42,222894
5009,0.000315,172.217.194.0-255,2902,53287,42,222894
5010,0.000317,172.31.46.0-255,66,53353,42,222894
5011,0.000339,172.217.194.0-255,1379,54732,42,222894
5012,0.000341,172.31.46.0-255,66,54798,42,222894
5013,0.000345,172.217.194.0-255,433,55231,42,222894
5014,0.000352,172.31.46.0-255,66,55297,42,222894
5015,0.000483,172.217.194.0-255,1484,56781,42,222894
5016,0.000488,172.31.46.0-255,66,56847,42,222894
5017,0.000494,172.217.194.0-255,2902,59749,42,222894
5018,0.000496,172.31.46.0-255,66,59815,42,222894
5019,0.000525,172.217.194.0-255,5738,65553,42,222894
5020,0.000528,172.31.46.0-255,66,65619,42,222894
5021,0.000559,172.217.194.0-255,6797,72416,42,222894
5022,0.000562,172.31.46.0-255,66,72482,42,222894
5023,0.000614,172.217.194.0-255,1484,73966,42,222894
5024,0.000617,172.31.46.0-255,66,74032,42,222894
5025,0.000622,172.217.194.0-255,2902,76934,42,222894
5026,0.000624,172.31.46.0-255,66,77000,42,222894
5027,0.000654,172.217.194.0-255,2902,79902,42,222894
5028,0.000661,172.217.194.0-255,4320,84222,42,222894
5029,0.000677,172.217.194.0-255,2902,87124,42,222894
5030,0.000724,172.217.194.0-255,4320,91444,42,222894
5031,0.000774,172.217.194.0-255,4320,95764,42,222894
5032,0.000786,172.217.194.0-255,1634,97398,42,222894
5033,0.00083,172.31.46.0-255,66,97464,42,222894
5034,0.000982,172.217.194.0-255,1484,98948,42,222894
5035,0.000997,172.217.194.0-255,2902,101850,42,222894
5036,0.001008,172.217.194.0-255,1484,103334,42,222894
5037,0.001026,172.31.46.0-255,66,103400,42,222894
5038,0.001033,172.217.194.0-255,4320,107720,42,222894
5039,0.001056,172.31.46.0-255,66,107786,42,222894
5040,0.001066,172.217.194.0-255,1484,109270,42,222894
5041,0.0011,172.31.46.0-255,66,109336,42,222894
5042,0.001268,172.217.194.0-255,1484,110820,42,222894
5043,0.001274,172.217.194.0-255,2902,113722,42,222894
5044,0.00128,172.217.194.0-255,5738,119460,42,222894
5045,0.001289,172.31.46.0-255,66,119526,42,222894
5046,0.001331,172.31.46.0-255,66,119592,42,222894
5047,0.001363,172.217.194.0-255,5738,125330,42,222894
5048,0.00137,172.217.194.0-255,7156,132486,42,222894
5049,0.001376,172.31.46.0-255,66,132552,42,222894
5050,0.001398,172.217.194.0-255,7156,139708,42,222894
5051,0.001417,172.217.194.0-255,2184,141892,42,222894
5052,0.001423,172.31.46.0-255,66,141958,42,222894
5053,0.002896,172.217.194.0-255,1484,143442,42,222894
5054,0.002904,172.31.46.0-255,66,143508,42,222894
5055,0.002913,172.217.194.0-255,1484,144992,42,222894
5056,0.002916,172.31.46.0-255,66,145058,42,222894
5057,0.002929,172.217.194.0-255,4320,149378,42,222894
5058,0.002953,172.31.46.0-255,66,149444,42,222894
5059,0.002965,172.31.46.0-255,66,149510,42,222894
5060,0.002969,172.217.194.0-255,2902,152412,42,222894
5061,0.002972,172.31.46.0-255,66,152478,42,222894
5062,0.003024,172.217.194.0-255,3602,156080,42,222894
5063,0.003117,172.217.194.0-255,1484,157564,42,222894
5064,0.003122,172.217.194.0-255,1484,159048,42,222894
5065,0.003141,172.217.194.0-255,1484,160532,42,222894
5066,0.003148,172.217.194.0-255,5738,166270,42,222894
5067,0.003152,172.217.194.0-255,4320,170590,42,222894
5068,0.00319,172.217.194.0-255,7156,177746,42,222894
5069,0.003214,172.217.194.0-255,3602,181348,42,222894
5070,0.003225,172.217.194.0-255,1484,182832,42,222894
5071,0.003355,172.217.194.0-255,1484,184316,42,222894
5072,0.003368,172.217.194.0-255,5020,189336,42,222894
5073,0.003385,172.217.194.0-255,4320,193656,42,222894
5074,0.003404,172.217.194.0-255,5738,199394,42,222894
5075,0.003407,172.217.194.0-255,1484,200878,42,222894
5076,0.003411,172.217.194.0-255,2902,203780,42,222894
5077,0.003461,172.217.194.0-255,5020,208800,42,222894
5078,0.003466,172.217.194.0-255,4320,213120,42,222894
5079,0.003495,172.217.194.0-255,2902,216022,42,222894
5080,0.003512,172.217.194.0-255,2879,218901,42,222894
5081,0.003515,172.217.194.0-255,105,219006,42,222894
5082,0.007478,172.31.46.0-255,66,219072,42,222894
5083,0.009113,172.31.46.0-255,105,219177,42,222894
5084,0.011389,172.217.194.0-255,66,219243,42,222894
5085,0.011609,172.31.46.0-255,105,219348,42,222894
5086,0.011903,172.31.46.0-255,90,219438,42,222894
5087,0.011915,172.31.46.0-255,66,219504,42,222894
5088,0.014502,172.217.194.0-255,66,219570,42,222894
5089,0.014526,172.217.194.0-255,66,219636,42,222894
5090,0.014544,172.31.46.0-255,66,219702,42,222894
5091,0.036386,172.31.46.0-255,167,219869,42,222894
5092,0.03642,172.31.46.0-255,1111,220980,42,222894
5093,0.036485,172.31.46.0-255,1514,222494,42,222894
5094,0.036487,172.31.46.0-255,334,222828,42,222894
5095,0.03911,104.244.42.0-255,66,222894,42,222894
5096,0.0,74.125.24.0-255,152,152,42,211251
5097,2e-05,172.31.46.0-255,66,218,42,211251
5098,2.9e-05,74.125.24.0-255,1484,1702,42,211251
5099,3.3e-05,172.31.46.0-255,66,1768,42,211251
5100,3.8e-05,74.125.24.0-255,2902,4670,42,211251
5101,4.2e-05,172.31.46.0-255,66,4736,42,211251
5102,7.5e-05,74.125.24.0-255,7156,11892,42,211251
5103,7.8e-05,172.31.46.0-255,66,11958,42,211251
5104,8.3e-05,74.125.24.0-255,2003,13961,42,211251
5105,8.5e-05,172.31.46.0-255,66,14027,42,211251
5106,0.000696,74.125.24.0-255,1484,15511,42,211251
5107,0.000702,172.31.46.0-255,66,15577,42,211251
5108,0.000712,74.125.24.0-255,2902,18479,42,211251
5109,0.000714,172.31.46.0-255,66,18545,42,211251
5110,0.000722,74.125.24.0-255,5738,24283,42,211251
5111,0.000724,172.31.46.0-255,66,24349,42,211251
5112,0.000744,74.125.24.0-255,4320,28669,42,211251
5113,0.000746,172.31.46.0-255,66,28735,42,211251
5114,0.000766,74.125.24.0-255,2543,31278,42,211251
5115,0.00077,172.31.46.0-255,66,31344,42,211251
5116,0.000775,74.125.24.0-255,4320,35664,42,211251
5117,0.000778,172.31.46.0-255,66,35730,42,211251
5118,0.000808,172.31.46.0-255,66,35796,42,211251
5119,0.000816,74.125.24.0-255,7156,42952,42,211251
5120,0.000819,172.31.46.0-255,66,43018,42,211251
5121,0.000857,172.31.46.0-255,66,43084,42,211251
5122,0.000876,74.125.24.0-255,396,43480,42,211251
5123,0.000878,172.31.46.0-255,66,43546,42,211251
5124,0.001061,74.125.24.0-255,114,43660,42,211251
5125,0.001066,172.31.46.0-255,66,43726,42,211251
5126,0.001684,74.125.24.0-255,1484,45210,42,211251
5127,0.001693,74.125.24.0-255,2902,48112,42,211251
5128,0.001697,172.31.46.0-255,66,48178,42,211251
5129,0.001705,74.125.24.0-255,5738,53916,42,211251
5130,0.001709,172.31.46.0-255,66,53982,42,211251
5131,0.001751,74.125.24.0-255,5738,59720,42,211251
5132,0.001754,172.31.46.0-255,66,59786,42,211251
5133,0.00177,74.125.24.0-255,7156,66942,42,211251
5134,0.001773,172.31.46.0-255,66,67008,42,211251
5135,0.001777,74.125.24.0-255,2902,69910,42,211251
5136,0.001779,172.31.46.0-255,66,69976,42,211251
5137,0.0018,74.125.24.0-255,7156,77132,42,211251
5138,0.001803,172.31.46.0-255,66,77198,42,211251
5139,0.001822,74.125.24.0-255,766,77964,42,211251
5140,0.001909,74.125.24.0-255,1484,79448,42,211251
5141,0.001911,172.31.46.0-255,66,79514,42,211251
5142,0.001931,74.125.24.0-255,2902,82416,42,211251
5143,0.001934,172.31.46.0-255,66,82482,42,211251
5144,0.00194,74.125.24.0-255,5738,88220,42,211251
5145,0.001942,172.31.46.0-255,66,88286,42,211251
5146,0.001953,172.31.46.0-255,66,88352,42,211251
5147,0.001994,172.31.46.0-255,66,88418,42,211251
5148,0.001997,74.125.24.0-255,766,89184,42,211251
5149,0.002152,74.125.24.0-255,1484,90668,42,211251
5150,0.002155,172.31.46.0-255,66,90734,42,211251
5151,0.002175,74.125.24.0-255,2902,93636,42,211251
5152,0.002177,172.31.46.0-255,66,93702,42,211251
5153,0.002183,74.125.24.0-255,5738,99440,42,211251
5154,0.002185,172.31.46.0-255,66,99506,42,211251
5155,0.002202,74.125.24.0-255,1484,100990,42,211251
5156,0.002224,172.31.46.0-255,66,101056,42,211251
5157,0.002247,74.125.24.0-255,2902,103958,42,211251
5158,0.002249,172.31.46.0-255,66,104024,42,211251
5159,0.00226,172.31.46.0-255,66,104090,42,211251
5160,0.002284,74.125.24.0-255,2184,106274,42,211251
5161,0.002286,172.31.46.0-255,66,106340,42,211251
5162,0.002412,74.125.24.0-255,1484,107824,42,211251
5163,0.00243,74.125.24.0-255,2902,110726,42,211251
5164,0.002432,172.31.46.0-255,66,110792,42,211251
5165,0.002438,74.125.24.0-255,4320,115112,42,211251
5166,0.00244,172.31.46.0-255,66,115178,42,211251
5167,0.002452,74.125.24.0-255,1484,116662,42,211251
5168,0.002476,74.125.24.0-255,4320,120982,42,211251
5169,0.002479,172.31.46.0-255,66,121048,42,211251
5170,0.002511,172.31.46.0-255,66,121114,42,211251
5171,0.002516,74.125.24.0-255,4320,125434,42,211251
5172,0.002518,172.31.46.0-255,66,125500,42,211251
5173,0.00253,74.125.24.0-255,1484,126984,42,211251
5174,0.002556,172.31.46.0-255,66,127050,42,211251
5175,0.005035,74.125.24.0-255,5738,132788,42,211251
5176,0.005042,172.31.46.0-255,66,132854,42,211251
5177,0.007564,74.125.24.0-255,5738,138592,42,211251
5178,0.007571,172.31.46.0-255,66,138658,42,211251
5179,0.010106,74.125.24.0-255,5738,144396,42,211251
5180,0.010115,172.31.46.0-255,66,144462,42,211251
5181,0.0126,74.125.24.0-255,5738,150200,42,211251
5182,0.012611,172.31.46.0-255,66,150266,42,211251
5183,0.015123,74.125.24.0-255,5738,156004,42,211251
5184,0.01513,172.31.46.0-255,66,156070,42,211251
5185,0.017663,74.125.24.0-255,5738,161808,42,211251
5186,0.017674,172.31.46.0-255,66,161874,42,211251
5187,0.020185,74.125.24.0-255,5738,167612,42,211251
5188,0.020194,172.31.46.0-255,66,167678,42,211251
5189,0.022743,74.125.24.0-255,5738,173416,42,211251
5190,0.022753,172.31.46.0-255,66,173482,42,211251
5191,0.025282,74.125.24.0-255,4320,177802,42,211251
5192,0.02529,172.31.46.0-255,66,177868,42,211251
5193,0.025309,74.125.24.0-255,1484,179352,42,211251
5194,0.027098,172.31.46.0-255,176,179528,42,211251
5195,0.02713,172.31.46.0-255,1110,180638,42,211251
5196,0.027192,172.31.46.0-255,1514,182152,42,211251
5197,0.027194,172.31.46.0-255,1299,183451,42,211251
5198,0.027782,74.125.24.0-255,4320,187771,42,211251
5199,0.027789,172.31.46.0-255,66,187837,42,211251
5200,0.028767,104.244.42.0-255,66,187903,42,211251
5201,0.028775,104.244.42.0-255,66,187969,42,211251
5202,0.028855,104.244.42.0-255,66,188035,42,211251
5203,0.03035,74.125.24.0-255,5738,193773,42,211251
5204,0.030358,172.31.46.0-255,66,193839,42,211251
5205,0.032868,74.125.24.0-255,5738,199577,42,211251
5206,0.032875,172.31.46.0-255,66,199643,42,211251
5207,0.035365,74.125.24.0-255,5738,205381,42,211251
5208,0.035372,172.31.46.0-255,66,205447,42,211251
5209,0.037887,74.125.24.0-255,5738,211185,42,211251
5210,0.037895,172.31.46.0-255,66,211251,42,211251
5211,0.0,74.125.24.0-255,152,152,42,198688
5212,1.9e-05,172.31.46.0-255,66,218,42,198688
5213,2.6e-05,74.125.24.0-255,1484,1702,42,198688
5214,3e-05,172.31.46.0-255,66,1768,42,198688
5215,3.6e-05,74.125.24.0-255,2902,4670,42,198688
5216,4.7e-05,172.31.46.0-255,66,4736,42,198688
5217,5.3e-05,74.125.24.0-255,5738,10474,42,198688
5218,5.7e-05,172.31.46.0-255,66,10540,42,198688
5219,8.2e-05,74.125.24.0-255,3494,14034,42,198688
5220,8.5e-05,172.31.46.0-255,66,14100,42,198688
5221,9.4e-05,74.125.24.0-255,4320,18420,42,198688
5222,9.6e-05,172.31.46.0-255,66,18486,42,198688
5223,9.9e-05,74.125.24.0-255,1484,19970,42,198688
5224,0.000101,172.31.46.0-255,66,20036,42,198688
5225,0.000142,172.31.46.0-255,66,20102,42,198688
5226,0.000146,74.125.24.0-255,2543,22645,42,198688
5227,0.000148,172.31.46.0-255,66,22711,42,198688
5228,0.00024,74.125.24.0-255,1484,24195,42,198688
5229,0.000244,172.31.46.0-255,66,24261,42,198688
5230,0.000249,74.125.24.0-255,2902,27163,42,198688
5231,0.000252,172.31.46.0-255,66,27229,42,198688
5232,0.000287,74.125.24.0-255,5738,32967,42,198688
5233,0.000289,172.31.46.0-255,66,33033,42,198688
5234,0.000297,74.125.24.0-255,6797,39830,42,198688
5235,0.000299,172.31.46.0-255,66,39896,42,198688
5236,0.000368,172.31.46.0-255,66,39962,42,198688
5237,0.000372,74.125.24.0-255,2543,42505,42,198688
5238,0.000374,172.31.46.0-255,66,42571,42,198688
5239,0.000377,74.125.24.0-255,677,43248,42,198688
5240,0.000379,172.31.46.0-255,66,43314,42,198688
5241,0.000608,74.125.24.0-255,1484,44798,42,198688
5242,0.000616,74.125.24.0-255,2902,47700,42,198688
5243,0.00062,172.31.46.0-255,66,47766,42,198688
5244,0.000625,74.125.24.0-255,2902,50668,42,198688
5245,0.000628,172.31.46.0-255,66,50734,42,198688
5246,0.00065,74.125.24.0-255,2902,53636,42,198688
5247,0.000657,172.31.46.0-255,66,53702,42,198688
5248,0.000665,74.125.24.0-255,7156,60858,42,198688
5249,0.000667,172.31.46.0-255,66,60924,42,198688
5250,0.000707,74.125.24.0-255,2902,63826,42,198688
5251,0.000711,172.31.46.0-255,66,63892,42,198688
5252,0.000743,172.31.46.0-255,66,63958,42,198688
5253,0.000819,74.125.24.0-255,1484,65442,42,198688
5254,0.000832,74.125.24.0-255,2902,68344,42,198688
5255,0.000835,172.31.46.0-255,66,68410,42,198688
5256,0.000838,74.125.24.0-255,1484,69894,42,198688
5257,0.000862,74.125.24.0-255,4320,74214,42,198688
5258,0.000865,172.31.46.0-255,66,74280,42,198688
5259,0.00088,74.125.24.0-255,4320,78600,42,198688
5260,0.000882,172.31.46.0-255,66,78666,42,198688
5261,0.000913,172.31.46.0-255,66,78732,42,198688
5262,0.000919,74.125.24.0-255,5738,84470,42,198688
5263,0.000922,172.31.46.0-255,66,84536,42,198688
5264,0.00095,74.125.24.0-255,5020,89556,42,198688
5265,0.000953,172.31.46.0-255,66,89622,42,198688
5266,0.001002,74.125.24.0-255,1484,91106,42,198688
5267,0.001006,74.125.24.0-255,1484,92590,42,198688
5268,0.001009,172.31.46.0-255,66,92656,42,198688
5269,0.001035,74.125.24.0-255,1484,94140,42,198688
5270,0.001042,74.125.24.0-255,5738,99878,42,198688
5271,0.001044,172.31.46.0-255,66,99944,42,198688
5272,0.001052,74.125.24.0-255,7156,107100,42,198688
5273,0.001054,172.31.46.0-255,66,107166,42,198688
5274,0.001079,74.125.24.0-255,5738,112904,42,198688
5275,0.001083,172.31.46.0-255,66,112970,42,198688
5276,0.001095,172.31.46.0-255,66,113036,42,198688
5277,0.001115,74.125.24.0-255,2184,115220,42,198688
5278,0.001117,172.31.46.0-255,66,115286,42,198688
5279,0.00115,74.125.24.0-255,2902,118188,42,198688
5280,0.001153,172.31.46.0-255,66,118254,42,198688
5281,0.00117,74.125.24.0-255,2902,121156,42,198688
5282,0.001173,172.31.46.0-255,66,121222,42,198688
5283,0.00121,74.125.24.0-255,4320,125542,42,198688
5284,0.001214,172.31.46.0-255,66,125608,42,198688
5285,0.001226,172.31.46.0-255,66,125674,42,198688
5286,0.001238,172.31.46.0-255,66,125740,42,198688
5287,0.001257,74.125.24.0-255,1484,127224,42,198688
5288,0.001265,74.125.24.0-255,3602,130826,42,198688
5289,0.00127,74.125.24.0-255,4320,135146,42,198688
5290,0.001308,172.31.46.0-255,66,135212,42,198688
5291,0.001326,172.31.46.0-255,66,135278,42,198688
5292,0.001396,74.125.24.0-255,4320,139598,42,198688
5293,0.00145,74.125.24.0-255,1484,141082,42,198688
5294,0.001454,74.125.24.0-255,2902,143984,42,198688
5295,0.00146,74.125.24.0-255,5738,149722,42,198688
5296,0.001462,74.125.24.0-255,1484,151206,42,198688
5297,0.001482,74.125.24.0-255,4320,155526,42,198688
5298,0.001486,74.125.24.0-255,1484,157010,42,198688
5299,0.001493,172.31.46.0-255,66,157076,42,198688
5300,0.001522,172.31.46.0-255,66,157142,42,198688
5301,0.001527,74.125.24.0-255,2902,160044,42,198688
5302,0.001548,74.125.24.0-255,2184,162228,42,198688
5303,0.001563,172.31.46.0-255,66,162294,42,198688
5304,0.00164,74.125.24.0-255,1484,163778,42,198688
5305,0.001656,74.125.24.0-255,2902,166680,42,198688
5306,0.001667,172.31.46.0-255,66,166746,42,198688
5307,0.001675,74.125.24.0-255,1484,168230,42,198688
5308,0.001694,74.125.24.0-255,4320,172550,42,198688
5309,0.001716,74.125.24.0-255,2902,175452,42,198688
5310,0.001724,172.31.46.0-255,66,175518,42,198688
5311,0.001748,74.125.24.0-255,4320,179838,42,198688
5312,0.001764,74.125.24.0-255,2184,182022,42,198688
5313,0.001767,74.125.24.0-255,1484,183506,42,198688
5314,0.001769,74.125.24.0-255,1484,184990,42,198688
5315,0.001776,172.31.46.0-255,66,185056,42,198688
5316,0.001784,74.125.24.0-255,1484,186540,42,198688
5317,0.001789,74.125.24.0-255,2902,189442,42,198688
5318,0.00181,74.125.24.0-255,2902,192344,42,198688
5319,0.001812,74.125.24.0-255,1484,193828,42,198688
5320,0.001815,172.31.46.0-255,66,193894,42,198688
5321,0.001876,172.31.46.0-255,66,193960,42,198688
5322,0.001908,74.125.24.0-255,4320,198280,42,198688
5323,0.001915,172.31.46.0-255,66,198346,42,198688
5324,0.001955,74.125.24.0-255,105,198451,42,198688
5325,0.001981,172.31.46.0-255,66,198517,42,198688
5326,0.013974,172.31.46.0-255,105,198622,42,198688
5327,0.016263,74.125.24.0-255,66,198688,42,198688
5328,0.0,172.217.194.0-255,152,152,42,236492
5329,1.5e-05,172.31.46.0-255,66,218,42,236492
5330,2.1e-05,172.217.194.0-255,1484,1702,42,236492
5331,2.5e-05,172.31.46.0-255,66,1768,42,236492
5332,3.1e-05,172.217.194.0-255,2902,4670,42,236492
5333,3.4e-05,172.31.46.0-255,66,4736,42,236492
5334,5e-05,172.217.194.0-255,7156,11892,42,236492
5335,5.3e-05,172.31.46.0-255,66,11958,42,236492
5336,5.7e-05,172.217.194.0-255,2007,13965,42,236492
5337,6.1e-05,172.31.46.0-255,66,14031,42,236492
5338,9.5e-05,172.217.194.0-255,2902,16933,42,236492
5339,9.9e-05,172.31.46.0-255,66,16999,42,236492
5340,0.000105,172.217.194.0-255,5738,22737,42,236492
5341,0.000108,172.31.46.0-255,66,22803,42,236492
5342,0.000144,172.217.194.0-255,1484,24287,42,236492
5343,0.000146,172.31.46.0-255,66,24353,42,236492
5344,0.000153,172.217.194.0-255,5738,30091,42,236492
5345,0.000155,172.31.46.0-255,66,30157,42,236492
5346,0.000158,172.217.194.0-255,1125,31282,42,236492
5347,0.00016,172.31.46.0-255,66,31348,42,236492
5348,0.000249,172.217.194.0-255,1484,32832,42,236492
5349,0.000252,172.31.46.0-255,66,32898,42,236492
5350,0.000258,172.217.194.0-255,2902,35800,42,236492
5351,0.00026,172.31.46.0-255,66,35866,42,236492
5352,0.000285,172.217.194.0-255,5738,41604,42,236492
5353,0.000288,172.31.46.0-255,66,41670,42,236492
5354,0.000326,172.31.46.0-255,66,41736,42,236492
5355,0.000354,172.217.194.0-255,1125,42861,42,236492
5356,0.000356,172.31.46.0-255,66,42927,42,236492
5357,0.000368,172.31.46.0-255,66,42993,42,236492
5358,0.000687,172.217.194.0-255,645,43638,42,236492
5359,0.000732,172.217.194.0-255,1484,45122,42,236492
5360,0.000737,172.217.194.0-255,4320,49442,42,236492
5361,0.000742,172.31.46.0-255,66,49508,42,236492
5362,0.000747,172.31.46.0-255,66,49574,42,236492
5363,0.000775,172.31.46.0-255,66,49640,42,236492
5364,0.000788,172.31.46.0-255,66,49706,42,236492
5365,0.000811,172.217.194.0-255,1484,51190,42,236492
5366,0.000814,172.217.194.0-255,1484,52674,42,236492
5367,0.000816,172.31.46.0-255,66,52740,42,236492
5368,0.000844,172.217.194.0-255,2184,54924,42,236492
5369,0.000846,172.31.46.0-255,66,54990,42,236492
5370,0.001048,172.217.194.0-255,1484,56474,42,236492
5371,0.001066,172.217.194.0-255,2902,59376,42,236492
5372,0.001069,172.31.46.0-255,66,59442,42,236492
5373,0.001076,172.217.194.0-255,5738,65180,42,236492
5374,0.001079,172.31.46.0-255,66,65246,42,236492
5375,0.001083,172.217.194.0-255,4320,69566,42,236492
5376,0.001091,172.31.46.0-255,66,69632,42,236492
5377,0.001094,172.217.194.0-255,1484,71116,42,236492
5378,0.001135,172.31.46.0-255,66,71182,42,236492
5379,0.001143,172.217.194.0-255,7156,78338,42,236492
5380,0.001145,172.31.46.0-255,66,78404,42,236492
5381,0.001179,172.217.194.0-255,766,79170,42,236492
5382,0.001192,172.31.46.0-255,66,79236,42,236492
5383,0.001205,172.31.46.0-255,66,79302,42,236492
5384,0.001251,172.217.194.0-255,4320,83622,42,236492
5385,0.001254,172.31.46.0-255,66,83688,42,236492
5386,0.001291,172.31.46.0-255,66,83754,42,236492
5387,0.001323,172.217.194.0-255,1484,85238,42,236492
5388,0.001342,172.217.194.0-255,2902,88140,42,236492
5389,0.001345,172.31.46.0-255,66,88206,42,236492
5390,0.001349,172.217.194.0-255,1484,89690,42,236492
5391,0.001374,172.217.194.0-255,4320,94010,42,236492
5392,0.001377,172.31.46.0-255,66,94076,42,236492
5393,0.001384,172.217.194.0-255,7156,101232,42,236492
5394,0.001387,172.31.46.0-255,66,101298,42,236492
5395,0.001422,172.217.194.0-255,5738,107036,42,236492
5396,0.001426,172.31.46.0-255,66,107102,42,236492
5397,0.001437,172.31.46.0-255,66,107168,42,236492
5398,0.00144,172.217.194.0-255,1484,108652,42,236492
5399,0.001462,172.217.194.0-255,766,109418,42,236492
5400,0.001464,172.31.46.0-255,66,109484,42,236492
5401,0.001551,172.217.194.0-255,1484,110968,42,236492
5402,0.001556,172.217.194.0-255,1484,112452,42,236492
5403,0.001559,172.31.46.0-255,66,112518,42,236492
5404,0.001587,172.217.194.0-255,1484,114002,42,236492
5405,0.001594,172.217.194.0-255,5738,119740,42,236492
5406,0.001596,172.31.46.0-255,66,119806,42,236492
5407,0.001601,172.217.194.0-255,4320,124126,42,236492
5408,0.001604,172.31.46.0-255,66,124192,42,236492
5409,0.001608,172.217.194.0-255,2902,127094,42,236492
5410,0.001615,172.31.46.0-255,66,127160,42,236492
5411,0.001656,172.31.46.0-255,66,127226,42,236492
5412,0.001684,172.31.46.0-255,66,127292,42,236492
5413,0.002219,172.31.46.0-255,101,127393,42,236492
5414,0.003783,172.217.194.0-255,5738,133131,42,236492
5415,0.003788,172.31.46.0-255,66,133197,42,236492
5416,0.004297,172.217.194.0-255,66,133263,42,236492
5417,0.00589,172.217.194.0-255,5738,139001,42,236492
5418,0.005894,172.31.46.0-255,66,139067,42,236492
5419,0.007971,172.217.194.0-255,5738,144805,42,236492
5420,0.007976,172.31.46.0-255,66,144871,42,236492
5421,0.010051,172.217.194.0-255,2902,147773,42,236492
5422,0.010058,172.31.46.0-255,66,147839,42,236492
5423,0.010085,172.217.194.0-255,2902,150741,42,236492
5424,0.010087,172.31.46.0-255,66,150807,42,236492
5425,0.012185,172.217.194.0-255,2902,153709,42,236492
5426,0.012193,172.31.46.0-255,66,153775,42,236492
5427,0.012222,172.217.194.0-255,2902,156677,42,236492
5428,0.012225,172.31.46.0-255,66,156743,42,236492
5429,0.014291,172.217.194.0-255,5738,162481,42,236492
5430,0.014299,172.31.46.0-255,66,162547,42,236492
5431,0.0164,172.217.194.0-255,5738,168285,42,236492
5432,0.016409,172.31.46.0-255,66,168351,42,236492
5433,0.01854,172.217.194.0-255,5738,174089,42,236492
5434,0.018547,172.31.46.0-255,66,174155,42,236492
5435,0.020652,172.217.194.0-255,5738,179893,42,236492
5436,0.02066,172.31.46.0-255,66,179959,42,236492
5437,0.022745,172.217.194.0-255,5738,185697,42,236492
5438,0.022758,172.31.46.0-255,66,185763,42,236492
5439,0.024859,172.217.194.0-255,5738,191501,42,236492
5440,0.024867,172.31.46.0-255,66,191567,42,236492
5441,0.026954,172.217.194.0-255,5738,197305,42,236492
5442,0.026961,172.31.46.0-255,66,197371,42,236492
5443,0.029077,172.217.194.0-255,5738,203109,42,236492
5444,0.029084,172.31.46.0-255,66,203175,42,236492
5445,0.031067,172.31.46.0-255,176,203351,42,236492
5446,0.031099,172.31.46.0-255,1110,204461,42,236492
5447,0.031162,172.217.194.0-255,5738,210199,42,236492
5448,0.031167,172.31.46.0-255,66,210265,42,236492
5449,0.031197,172.31.46.0-255,1514,211779,42,236492
5450,0.031199,172.31.46.0-255,1299,213078,42,236492
5451,0.032731,104.244.42.0-255,66,213144,42,236492
5452,0.032778,104.244.42.0-255,66,213210,42,236492
5453,0.032878,104.244.42.0-255,66,213276,42,236492
5454,0.033273,172.217.194.0-255,5738,219014,42,236492
5455,0.033278,172.31.46.0-255,66,219080,42,236492
5456,0.035389,172.217.194.0-255,5738,224818,42,236492
5457,0.035396,172.31.46.0-255,66,224884,42,236492
5458,0.037491,172.217.194.0-255,5738,230622,42,236492
5459,0.037498,172.31.46.0-255,66,230688,42,236492
5460,0.039604,172.217.194.0-255,5738,236426,42,236492
5461,0.039625,172.31.46.0-255,66,236492,42,236492
5462,0.0,74.125.24.0-255,150,150,42,136288
5463,2.3e-05,172.31.46.0-255,66,216,42,136288
5464,3e-05,74.125.24.0-255,1484,1700,42,136288
5465,3.5e-05,172.31.46.0-255,66,1766,42,136288
5466,4.8e-05,74.125.24.0-255,2902,4668,42,136288
5467,5.2e-05,172.31.46.0-255,66,4734,42,136288
5468,5.6e-05,74.125.24.0-255,2902,7636,42,136288
5469,5.9e-05,172.31.46.0-255,66,7702,42,136288
5470,7.1e-05,172.31.46.0-255,66,7768,42,136288
5471,0.000121,172.31.46.0-255,66,7834,42,136288
5472,0.000148,74.125.24.0-255,2543,10377,42,136288
5473,0.00015,172.31.46.0-255,66,10443,42,136288
5474,0.000269,74.125.24.0-255,1484,11927,42,136288
5475,0.000274,172.31.46.0-255,66,11993,42,136288
5476,0.000277,74.125.24.0-255,1484,13477,42,136288
5477,0.000279,172.31.46.0-255,66,13543,42,136288
5478,0.000308,74.125.24.0-255,1484,15027,42,136288
5479,0.000311,172.31.46.0-255,66,15093,42,136288
5480,0.000318,74.125.24.0-255,5738,20831,42,136288
5481,0.00032,172.31.46.0-255,66,20897,42,136288
5482,0.000349,74.125.24.0-255,4320,25217,42,136288
5483,0.000353,172.31.46.0-255,66,25283,42,136288
5484,0.000378,172.31.46.0-255,66,25349,42,136288
5485,0.00039,172.31.46.0-255,66,25415,42,136288
5486,0.000422,74.125.24.0-255,110,25525,42,136288
5487,0.000425,172.31.46.0-255,66,25591,42,136288
5488,0.000451,74.125.24.0-255,331,25922,42,136288
5489,0.000454,172.31.46.0-255,66,25988,42,136288
5490,0.000977,74.125.24.0-255,1484,27472,42,136288
5491,0.000985,74.125.24.0-255,2902,30374,42,136288
5492,0.000989,172.31.46.0-255,66,30440,42,136288
5493,0.000997,74.125.24.0-255,5738,36178,42,136288
5494,0.001,172.31.46.0-255,66,36244,42,136288
5495,0.001005,74.125.24.0-255,2902,39146,42,136288
5496,0.001006,172.31.46.0-255,66,39212,42,136288
5497,0.001042,74.125.24.0-255,2902,42114,42,136288
5498,0.001044,172.31.46.0-255,66,42180,42,136288
5499,0.00105,74.125.24.0-255,4320,46500,42,136288
5500,0.001052,172.31.46.0-255,66,46566,42,136288
5501,0.001083,172.31.46.0-255,66,46632,42,136288
5502,0.00109,74.125.24.0-255,5020,51652,42,136288
5503,0.001092,172.31.46.0-255,66,51718,42,136288
5504,0.001119,74.125.24.0-255,1484,53202,42,136288
5505,0.001143,74.125.24.0-255,2902,56104,42,136288
5506,0.001146,172.31.46.0-255,66,56170,42,136288
5507,0.001152,74.125.24.0-255,5738,61908,42,136288
5508,0.001154,172.31.46.0-255,66,61974,42,136288
5509,0.001202,172.31.46.0-255,66,62040,42,136288
5510,0.001216,74.125.24.0-255,4320,66360,42,136288
5511,0.001218,172.31.46.0-255,66,66426,42,136288
5512,0.001252,172.31.46.0-255,66,66492,42,136288
5513,0.001398,74.125.24.0-255,1484,67976,42,136288
5514,0.001412,74.125.24.0-255,2902,70878,42,136288
5515,0.001415,172.31.46.0-255,66,70944,42,136288
5516,0.001439,74.125.24.0-255,2902,73846,42,136288
5517,0.001442,172.31.46.0-255,66,73912,42,136288
5518,0.001471,74.125.24.0-255,2902,76814,42,136288
5519,0.001473,172.31.46.0-255,66,76880,42,136288
5520,0.001487,172.31.46.0-255,66,76946,42,136288
5521,0.001521,74.125.24.0-255,1484,78430,42,136288
5522,0.001533,172.31.46.0-255,66,78496,42,136288
5523,0.001536,74.125.24.0-255,1484,79980,42,136288
5524,0.001563,74.125.24.0-255,2184,82164,42,136288
5525,0.001566,172.31.46.0-255,66,82230,42,136288
5526,0.001571,74.125.24.0-255,4320,86550,42,136288
5527,0.001573,172.31.46.0-255,66,86616,42,136288
5528,0.001583,172.31.46.0-255,66,86682,42,136288
5529,0.001591,74.125.24.0-255,1484,88166,42,136288
5530,0.001629,172.31.46.0-255,66,88232,42,136288
5531,0.001671,172.31.46.0-255,66,88298,42,136288
5532,0.001682,172.31.46.0-255,66,88364,42,136288
5533,0.001719,172.31.46.0-255,66,88430,42,136288
5534,0.0018,172.31.46.0-255,66,88496,42,136288
5535,0.001821,172.31.46.0-255,66,88562,42,136288
5536,0.001827,74.125.24.0-255,6438,95000,42,136288
5537,0.00183,172.31.46.0-255,66,95066,42,136288
5538,0.002279,74.125.24.0-255,1484,96550,42,136288
5539,0.002285,74.125.24.0-255,2902,99452,42,136288
5540,0.002289,172.31.46.0-255,66,99518,42,136288
5541,0.002303,74.125.24.0-255,1484,101002,42,136288
5542,0.002329,74.125.24.0-255,4320,105322,42,136288
5543,0.002332,172.31.46.0-255,66,105388,42,136288
5544,0.002335,74.125.24.0-255,1484,106872,42,136288
5545,0.002358,172.31.46.0-255,66,106938,42,136288
5546,0.002361,74.125.24.0-255,1484,108422,42,136288
5547,0.002388,74.125.24.0-255,2902,111324,42,136288
5548,0.002391,172.31.46.0-255,66,111390,42,136288
5549,0.002418,172.31.46.0-255,66,111456,42,136288
5550,0.00242,74.125.24.0-255,1484,112940,42,136288
5551,0.002423,172.31.46.0-255,78,113018,42,136288
5552,0.002426,74.125.24.0-255,1484,114502,42,136288
5553,0.002428,172.31.46.0-255,66,114568,42,136288
5554,0.002473,172.31.46.0-255,66,114634,42,136288
5555,0.002486,172.31.46.0-255,66,114700,42,136288
5556,0.002508,74.125.24.0-255,2184,116884,42,136288
5557,0.002511,172.31.46.0-255,66,116950,42,136288
5558,0.00254,172.31.46.0-255,66,117016,42,136288
5559,0.002573,74.125.24.0-255,7156,124172,42,136288
5560,0.002577,172.31.46.0-255,66,124238,42,136288
5561,0.002593,172.31.46.0-255,66,124304,42,136288
5562,0.002614,74.125.24.0-255,2902,127206,42,136288
5563,0.002616,172.31.46.0-255,66,127272,42,136288
5564,0.002672,172.31.46.0-255,66,127338,42,136288
5565,0.002681,74.125.24.0-255,4246,131584,42,136288
5566,0.002684,172.31.46.0-255,66,131650,42,136288
5567,0.002687,74.125.24.0-255,105,131755,42,136288
5568,0.009038,172.31.46.0-255,66,131821,42,136288
5569,0.009076,172.31.46.0-255,105,131926,42,136288
5570,0.011319,74.125.24.0-255,66,131992,42,136288
5571,0.031521,172.31.46.0-255,175,132167,42,136288
5572,0.031554,172.31.46.0-255,1130,133297,42,136288
5573,0.031616,172.31.46.0-255,1514,134811,42,136288
5574,0.031617,172.31.46.0-255,1279,136090,42,136288
5575,0.033086,104.244.42.0-255,66,136156,42,136288
5576,0.03312,104.244.42.0-255,66,136222,42,136288
5577,0.03317,104.244.42.0-255,66,136288,42,136288
5578,0.0,172.217.194.0-255,153,153,42,242316
5579,1.9e-05,172.217.194.0-255,1484,1637,42,242316
5580,3e-05,172.31.46.0-255,66,1703,42,242316
5581,3.8e-05,172.217.194.0-255,2902,4605,42,242316
5582,4.2e-05,172.31.46.0-255,66,4671,42,242316
5583,5.7e-05,172.217.194.0-255,7156,11827,42,242316
5584,6e-05,172.31.46.0-255,66,11893,42,242316
5585,6.4e-05,172.217.194.0-255,2087,13980,42,242316
5586,6.7e-05,172.31.46.0-255,66,14046,42,242316
5587,0.000131,172.217.194.0-255,1484,15530,42,242316
5588,0.000149,172.217.194.0-255,2902,18432,42,242316
5589,0.000152,172.31.46.0-255,66,18498,42,242316
5590,0.000159,172.217.194.0-255,5738,24236,42,242316
5591,0.000161,172.31.46.0-255,66,24302,42,242316
5592,0.000205,172.217.194.0-255,7156,31458,42,242316
5593,0.000208,172.31.46.0-255,66,31524,42,242316
5594,0.000234,172.217.194.0-255,6797,38321,42,242316
5595,0.000236,172.31.46.0-255,66,38387,42,242316
5596,0.000248,172.31.46.0-255,66,38453,42,242316
5597,0.000549,172.217.194.0-255,1484,39937,42,242316
5598,0.000556,172.217.194.0-255,2902,42839,42,242316
5599,0.000559,172.31.46.0-255,66,42905,42,242316
5600,0.000585,172.217.194.0-255,1484,44389,42,242316
5601,0.000607,172.217.194.0-255,4320,48709,42,242316
5602,0.000611,172.31.46.0-255,66,48775,42,242316
5603,0.000656,172.31.46.0-255,66,48841,42,242316
5604,0.000681,172.217.194.0-255,1484,50325,42,242316
5605,0.000686,172.217.194.0-255,2902,53227,42,242316
5606,0.000688,172.31.46.0-255,66,53293,42,242316
5607,0.000715,172.217.194.0-255,4320,57613,42,242316
5608,0.000718,172.31.46.0-255,66,57679,42,242316
5609,0.000744,172.217.194.0-255,1484,59163,42,242316
5610,0.00075,172.217.194.0-255,4320,63483,42,242316
5611,0.000753,172.31.46.0-255,66,63549,42,242316
5612,0.000772,172.217.194.0-255,1995,65544,42,242316
5613,0.000776,172.31.46.0-255,66,65610,42,242316
5614,0.001098,172.217.194.0-255,1484,67094,42,242316
5615,0.00112,172.217.194.0-255,2902,69996,42,242316
5616,0.001124,172.31.46.0-255,66,70062,42,242316
5617,0.00113,172.217.194.0-255,5738,75800,42,242316
5618,0.001132,172.31.46.0-255,66,75866,42,242316
5619,0.00114,172.217.194.0-255,1484,77350,42,242316
5620,0.0012,172.217.194.0-255,2902,80252,42,242316
5621,0.001203,172.31.46.0-255,66,80318,42,242316
5622,0.00126,172.31.46.0-255,66,80384,42,242316
5623,0.001285,172.217.194.0-255,1484,81868,42,242316
5624,0.001291,172.217.194.0-255,5738,87606,42,242316
5625,0.001293,172.31.46.0-255,66,87672,42,242316
5626,0.001298,172.217.194.0-255,3602,91274,42,242316
5627,0.0013,172.31.46.0-255,66,91340,42,242316
5628,0.001474,172.217.194.0-255,1484,92824,42,242316
5629,0.00148,172.217.194.0-255,1484,94308,42,242316
5630,0.001485,172.31.46.0-255,66,94374,42,242316
5631,0.001509,172.217.194.0-255,1484,95858,42,242316
5632,0.001515,172.217.194.0-255,5738,101596,42,242316
5633,0.001518,172.31.46.0-255,66,101662,42,242316
5634,0.001524,172.217.194.0-255,5738,107400,42,242316
5635,0.001526,172.31.46.0-255,66,107466,42,242316
5636,0.00157,172.217.194.0-255,7156,114622,42,242316
5637,0.001572,172.31.46.0-255,66,114688,42,242316
5638,0.001584,172.31.46.0-255,66,114754,42,242316
5639,0.002281,172.217.194.0-255,1484,116238,42,242316
5640,0.002288,172.217.194.0-255,2902,119140,42,242316
5641,0.002294,172.31.46.0-255,66,119206,42,242316
5642,0.002302,172.217.194.0-255,5738,124944,42,242316
5643,0.002305,172.31.46.0-255,66,125010,42,242316
5644,0.002339,172.31.46.0-255,66,125076,42,242316
5645,0.002362,172.217.194.0-255,1484,126560,42,242316
5646,0.002368,172.217.194.0-255,4320,130880,42,242316
5647,0.002371,172.31.46.0-255,66,130946,42,242316
5648,0.002399,172.217.194.0-255,6438,137384,42,242316
5649,0.002402,172.31.46.0-255,66,137450,42,242316
5650,0.002428,172.217.194.0-255,1484,138934,42,242316
5651,0.002433,172.217.194.0-255,2902,141836,42,242316
5652,0.002435,172.31.46.0-255,66,141902,42,242316
5653,0.002439,172.217.194.0-255,1484,143386,42,242316
5654,0.002468,172.217.194.0-255,4320,147706,42,242316
5655,0.00247,172.31.46.0-255,66,147772,42,242316
5656,0.002484,172.31.46.0-255,66,147838,42,242316
5657,0.002509,172.217.194.0-255,1484,149322,42,242316
5658,0.002521,172.31.46.0-255,66,149388,42,242316
5659,0.002545,172.217.194.0-255,1484,150872,42,242316
5660,0.002549,172.217.194.0-255,2902,153774,42,242316
5661,0.002551,172.31.46.0-255,66,153840,42,242316
5662,0.002554,172.217.194.0-255,1484,155324,42,242316
5663,0.002584,172.217.194.0-255,4320,159644,42,242316
5664,0.002586,172.31.46.0-255,66,159710,42,242316
5665,0.002601,172.31.46.0-255,66,159776,42,242316
5666,0.002607,172.217.194.0-255,5738,165514,42,242316
5667,0.002609,172.31.46.0-255,66,165580,42,242316
5668,0.002638,172.217.194.0-255,4320,169900,42,242316
5669,0.00264,172.31.46.0-255,66,169966,42,242316
5670,0.002649,172.217.194.0-255,766,170732,42,242316
5671,0.002687,172.217.194.0-255,1484,172216,42,242316
5672,0.002689,172.31.46.0-255,66,172282,42,242316
5673,0.002705,172.217.194.0-255,1484,173766,42,242316
5674,0.002741,172.217.194.0-255,4320,178086,42,242316
5675,0.002744,172.31.46.0-255,66,178152,42,242316
5676,0.002747,172.217.194.0-255,1484,179636,42,242316
5677,0.002765,172.217.194.0-255,4320,183956,42,242316
5678,0.002768,172.31.46.0-255,66,184022,42,242316
5679,0.002771,172.217.194.0-255,1484,185506,42,242316
5680,0.002804,172.31.46.0-255,66,185572,42,242316
5681,0.002815,172.31.46.0-255,66,185638,42,242316
5682,0.00301,172.217.194.0-255,1484,187122,42,242316
5683,0.003014,172.217.194.0-255,2902,190024,42,242316
5684,0.003016,172.31.46.0-255,66,190090,42,242316
5685,0.003074,172.217.194.0-255,5738,195828,42,242316
5686,0.003077,172.31.46.0-255,66,195894,42,242316
5687,0.003095,172.31.46.0-255,66,195960,42,242316
5688,0.003108,172.31.46.0-255,66,196026,42,242316
5689,0.003165,172.31.46.0-255,66,196092,42,242316
5690,0.003172,172.217.194.0-255,5738,201830,42,242316
5691,0.003175,172.31.46.0-255,66,201896,42,242316
5692,0.003204,172.217.194.0-255,3602,205498,42,242316
5693,0.003206,172.31.46.0-255,66,205564,42,242316
5694,0.003444,172.217.194.0-255,1484,207048,42,242316
5695,0.003457,172.217.194.0-255,2902,209950,42,242316
5696,0.00346,172.31.46.0-255,66,210016,42,242316
5697,0.003485,172.217.194.0-255,4320,214336,42,242316
5698,0.003487,172.31.46.0-255,66,214402,42,242316
5699,0.003498,172.31.46.0-255,66,214468,42,242316
5700,0.003529,172.217.194.0-255,5738,220206,42,242316
5701,0.003531,172.31.46.0-255,66,220272,42,242316
5702,0.003553,172.217.194.0-255,7156,227428,42,242316
5703,0.003555,172.31.46.0-255,66,227494,42,242316
5704,0.003581,172.217.194.0-255,3602,231096,42,242316
5705,0.003583,172.31.46.0-255,66,231162,42,242316
5706,0.003619,172.217.194.0-255,4320,235482,42,242316
5707,0.003622,172.31.46.0-255,66,235548,42,242316
5708,0.003645,172.217.194.0-255,2133,237681,42,242316
5709,0.003648,172.31.46.0-255,66,237747,42,242316
5710,0.003651,172.217.194.0-255,105,237852,42,242316
5711,0.007875,172.31.46.0-255,105,237957,42,242316
5712,0.010524,172.217.194.0-255,66,238023,42,242316
5713,0.027191,172.31.46.0-255,172,238195,42,242316
5714,0.02722,172.31.46.0-255,1107,239302,42,242316
5715,0.027272,172.31.46.0-255,1514,240816,42,242316
5716,0.027273,172.31.46.0-255,1302,242118,42,242316
5717,0.028842,104.244.42.0-255,66,242184,42,242316
5718,0.028882,104.244.42.0-255,66,242250,42,242316
5719,0.028963,104.244.42.0-255,66,242316,42,242316
5720,0.0,74.125.24.0-255,288,288,42,184980
5721,2.1e-05,172.31.46.0-255,66,354,42,184980
5722,2.7e-05,74.125.24.0-255,1484,1838,42,184980
5723,3e-05,172.31.46.0-255,66,1904,42,184980
5724,3.6e-05,74.125.24.0-255,4320,6224,42,184980
5725,3.9e-05,172.31.46.0-255,66,6290,42,184980
5726,6.9e-05,74.125.24.0-255,1484,7774,42,184980
5727,7.1e-05,172.31.46.0-255,66,7840,42,184980
5728,9.4e-05,74.125.24.0-255,6097,13937,42,184980
5729,9.7e-05,172.31.46.0-255,66,14003,42,184980
5730,0.000148,172.31.46.0-255,66,14069,42,184980
5731,0.000154,74.125.24.0-255,7156,21225,42,184980
5732,0.000156,172.31.46.0-255,66,21291,42,184980
5733,0.000159,74.125.24.0-255,1125,22416,42,184980
5734,0.00016,172.31.46.0-255,66,22482,42,184980
5735,0.000205,74.125.24.0-255,1484,23966,42,184980
5736,0.000208,172.31.46.0-255,66,24032,42,184980
5737,0.000211,74.125.24.0-255,1484,25516,42,184980
5738,0.000212,172.31.46.0-255,66,25582,42,184980
5739,0.000228,74.125.24.0-255,1484,27066,42,184980
5740,0.000229,172.31.46.0-255,66,27132,42,184980
5741,0.000235,74.125.24.0-255,5738,32870,42,184980
5742,0.000237,172.31.46.0-255,66,32936,42,184980
5743,0.000276,172.31.46.0-255,66,33002,42,184980
5744,0.000281,74.125.24.0-255,5738,38740,42,184980
5745,0.000283,172.31.46.0-255,66,38806,42,184980
5746,0.000296,74.125.24.0-255,3961,42767,42,184980
5747,0.000298,172.31.46.0-255,66,42833,42,184980
5748,0.000334,74.125.24.0-255,646,43479,42,184980
5749,0.000337,172.31.46.0-255,66,43545,42,184980
5750,0.000607,74.125.24.0-255,1484,45029,42,184980
5751,0.000614,74.125.24.0-255,2902,47931,42,184980
5752,0.000617,172.31.46.0-255,66,47997,42,184980
5753,0.000637,74.125.24.0-255,5738,53735,42,184980
5754,0.00064,172.31.46.0-255,66,53801,42,184980
5755,0.00066,74.125.24.0-255,4320,58121,42,184980
5756,0.000662,172.31.46.0-255,66,58187,42,184980
5757,0.000682,74.125.24.0-255,4320,62507,42,184980
5758,0.000698,74.125.24.0-255,4320,66827,42,184980
5759,0.0007,74.125.24.0-255,1484,68311,42,184980
5760,0.000703,172.31.46.0-255,66,68377,42,184980
5761,0.000709,172.31.46.0-255,66,68443,42,184980
5762,0.000717,74.125.24.0-255,7156,75599,42,184980
5763,0.000719,172.31.46.0-255,66,75665,42,184980
5764,0.000736,74.125.24.0-255,1484,77149,42,184980
5765,0.000738,74.125.24.0-255,766,77915,42,184980
5766,0.00074,172.31.46.0-255,66,77981,42,184980
5767,0.000922,74.125.24.0-255,1484,79465,42,184980
5768,0.000926,74.125.24.0-255,1484,80949,42,184980
5769,0.000928,172.31.46.0-255,66,81015,42,184980
5770,0.000948,74.125.24.0-255,1484,82499,42,184980
5771,0.000955,74.125.24.0-255,5738,88237,42,184980
5772,0.000957,172.31.46.0-255,66,88303,42,184980
5773,0.000963,74.125.24.0-255,5738,94041,42,184980
5774,0.000965,172.31.46.0-255,66,94107,42,184980
5775,0.000987,74.125.24.0-255,7156,101263,42,184980
5776,0.000989,172.31.46.0-255,66,101329,42,184980
5777,0.001006,172.31.46.0-255,66,101395,42,184980
5778,0.00103,74.125.24.0-255,4471,105866,42,184980
5779,0.001033,172.31.46.0-255,66,105932,42,184980
5780,0.001051,172.31.46.0-255,66,105998,42,184980
5781,0.001058,74.125.24.0-255,5020,111018,42,184980
5782,0.00106,172.31.46.0-255,66,111084,42,184980
5783,0.00111,74.125.24.0-255,1484,112568,42,184980
5784,0.001127,74.125.24.0-255,2902,115470,42,184980
5785,0.00113,172.31.46.0-255,66,115536,42,184980
5786,0.001136,74.125.24.0-255,4320,119856,42,184980
5787,0.001139,172.31.46.0-255,66,119922,42,184980
5788,0.001142,74.125.24.0-255,1484,121406,42,184980
5789,0.001159,74.125.24.0-255,7156,128562,42,184980
5790,0.001162,172.31.46.0-255,66,128628,42,184980
5791,0.001188,74.125.24.0-255,4320,132948,42,184980
5792,0.001191,172.31.46.0-255,66,133014,42,184980
5793,0.001246,172.31.46.0-255,66,133080,42,184980
5794,0.001262,74.125.24.0-255,5020,138100,42,184980
5795,0.001265,172.31.46.0-255,66,138166,42,184980
5796,0.001283,172.31.46.0-255,66,138232,42,184980
5797,0.001293,172.31.46.0-255,66,138298,42,184980
5798,0.001306,74.125.24.0-255,2184,140482,42,184980
5799,0.001313,172.31.46.0-255,66,140548,42,184980
5800,0.001327,74.125.24.0-255,1484,142032,42,184980
5801,0.001332,74.125.24.0-255,2902,144934,42,184980
5802,0.001334,172.31.46.0-255,66,145000,42,184980
5803,0.001337,74.125.24.0-255,1484,146484,42,184980
5804,0.001367,74.125.24.0-255,4320,150804,42,184980
5805,0.00137,172.31.46.0-255,66,150870,42,184980
5806,0.001389,172.31.46.0-255,66,150936,42,184980
5807,0.001397,74.125.24.0-255,7156,158092,42,184980
5808,0.001414,172.31.46.0-255,66,158158,42,184980
5809,0.001432,74.125.24.0-255,3602,161760,42,184980
5810,0.001435,172.31.46.0-255,66,161826,42,184980
5811,0.001446,172.31.46.0-255,66,161892,42,184980
5812,0.001464,74.125.24.0-255,1484,163376,42,184980
5813,0.001477,172.31.46.0-255,66,163442,42,184980
5814,0.001496,74.125.24.0-255,4320,167762,42,184980
5815,0.001498,172.31.46.0-255,66,167828,42,184980
5816,0.001538,172.31.46.0-255,66,167894,42,184980
5817,0.001549,172.31.46.0-255,66,167960,42,184980
5818,0.001589,172.31.46.0-255,66,168026,42,184980
5819,0.001603,172.31.46.0-255,66,168092,42,184980
5820,0.001657,74.125.24.0-255,3602,171694,42,184980
5821,0.001661,74.125.24.0-255,4320,176014,42,184980
5822,0.001705,74.125.24.0-255,4320,180334,42,184980
5823,0.001734,74.125.24.0-255,105,180439,42,184980
5824,0.006687,172.31.46.0-255,66,180505,42,184980
5825,0.009184,172.31.46.0-255,105,180610,42,184980
5826,0.011575,74.125.24.0-255,66,180676,42,184980
5827,0.029266,172.31.46.0-255,181,180857,42,184980
5828,0.029303,172.31.46.0-255,1134,181991,42,184980
5829,0.029368,172.31.46.0-255,1514,183505,42,184980
5830,0.02937,172.31.46.0-255,1277,184782,42,184980
5831,0.030924,104.244.42.0-255,66,184848,42,184980
5832,0.030961,104.244.42.0-255,66,184914,42,184980
5833,0.031004,104.244.42.0-255,66,184980,42,184980
5834,0.0,74.125.130.0-255,153,153,42,207171
5835,1.4e-05,172.31.46.0-255,66,219,42,207171
5836,2e-05,74.125.130.0-255,1484,1703,42,207171
5837,2.4e-05,172.31.46.0-255,66,1769,42,207171
5838,2.9e-05,74.125.130.0-255,2902,4671,42,207171
5839,3.2e-05,172.31.46.0-255,66,4737,42,207171
5840,5.3e-05,74.125.130.0-255,7156,11893,42,207171
5841,5.5e-05,172.31.46.0-255,66,11959,42,207171
5842,8.1e-05,74.125.130.0-255,4899,16858,42,207171
5843,8.3e-05,172.31.46.0-255,66,16924,42,207171
5844,8.6e-05,74.125.130.0-255,1484,18408,42,207171
5845,8.8e-05,172.31.46.0-255,66,18474,42,207171
5846,0.000103,74.125.130.0-255,4320,22794,42,207171
5847,0.000105,172.31.46.0-255,66,22860,42,207171
5848,0.000134,172.31.46.0-255,66,22926,42,207171
5849,0.000276,74.125.130.0-255,1484,24410,42,207171
5850,0.00028,172.31.46.0-255,66,24476,42,207171
5851,0.000285,74.125.130.0-255,2902,27378,42,207171
5852,0.000287,172.31.46.0-255,66,27444,42,207171
5853,0.000298,74.125.130.0-255,1484,28928,42,207171
5854,0.000299,172.31.46.0-255,66,28994,42,207171
5855,0.000313,74.125.130.0-255,4320,33314,42,207171
5856,0.000315,172.31.46.0-255,66,33380,42,207171
5857,0.000337,74.125.130.0-255,2902,36282,42,207171
5858,0.00034,172.31.46.0-255,66,36348,42,207171
5859,0.000357,74.125.130.0-255,3961,40309,42,207171
5860,0.000359,172.31.46.0-255,66,40375,42,207171
5861,0.000381,74.125.130.0-255,7156,47531,42,207171
5862,0.000383,172.31.46.0-255,66,47597,42,207171
5863,0.000388,74.125.130.0-255,4320,51917,42,207171
5864,0.00039,172.31.46.0-255,66,51983,42,207171
5865,0.00043,74.125.130.0-255,1484,53467,42,207171
5866,0.00046,74.125.130.0-255,4252,57719,42,207171
5867,0.000463,172.31.46.0-255,66,57785,42,207171
5868,0.000466,74.125.130.0-255,365,58150,42,207171
5869,0.000607,74.125.130.0-255,1484,59634,42,207171
5870,0.000611,172.31.46.0-255,66,59700,42,207171
5871,0.000618,74.125.130.0-255,2902,62602,42,207171
5872,0.00062,172.31.46.0-255,66,62668,42,207171
5873,0.000641,74.125.130.0-255,4320,66988,42,207171
5874,0.000644,172.31.46.0-255,66,67054,42,207171
5875,0.000647,74.125.130.0-255,1484,68538,42,207171
5876,0.000661,74.125.130.0-255,4320,72858,42,207171
5877,0.000664,172.31.46.0-255,66,72924,42,207171
5878,0.000694,172.31.46.0-255,66,72990,42,207171
5879,0.0007,74.125.130.0-255,5738,78728,42,207171
5880,0.000703,172.31.46.0-255,66,78794,42,207171
5881,0.000732,74.125.130.0-255,2184,80978,42,207171
5882,0.000736,172.31.46.0-255,66,81044,42,207171
5883,0.000782,74.125.130.0-255,1484,82528,42,207171
5884,0.000799,74.125.130.0-255,2902,85430,42,207171
5885,0.000802,172.31.46.0-255,66,85496,42,207171
5886,0.000808,74.125.130.0-255,5738,91234,42,207171
5887,0.00081,172.31.46.0-255,66,91300,42,207171
5888,0.000846,172.31.46.0-255,66,91366,42,207171
5889,0.000853,74.125.130.0-255,7156,98522,42,207171
5890,0.000856,172.31.46.0-255,66,98588,42,207171
5891,0.000899,74.125.130.0-255,3602,102190,42,207171
5892,0.000902,172.31.46.0-255,66,102256,42,207171
5893,0.000957,74.125.130.0-255,1484,103740,42,207171
5894,0.000972,74.125.130.0-255,2902,106642,42,207171
5895,0.000975,172.31.46.0-255,66,106708,42,207171
5896,0.000993,74.125.130.0-255,5738,112446,42,207171
5897,0.000995,172.31.46.0-255,66,112512,42,207171
5898,0.001029,74.125.130.0-255,2902,115414,42,207171
5899,0.001031,172.31.46.0-255,66,115480,42,207171
5900,0.001042,74.125.130.0-255,1484,116964,42,207171
5901,0.001054,172.31.46.0-255,66,117030,42,207171
5902,0.001065,172.31.46.0-255,66,117096,42,207171
5903,0.001152,74.125.130.0-255,1484,118580,42,207171
5904,0.001167,74.125.130.0-255,2902,121482,42,207171
5905,0.00117,172.31.46.0-255,66,121548,42,207171
5906,0.001175,74.125.130.0-255,2902,124450,42,207171
5907,0.001177,172.31.46.0-255,66,124516,42,207171
5908,0.001192,74.125.130.0-255,2902,127418,42,207171
5909,0.001195,172.31.46.0-255,66,127484,42,207171
5910,0.0012,74.125.130.0-255,4320,131804,42,207171
5911,0.001202,172.31.46.0-255,66,131870,42,207171
5912,0.001233,172.31.46.0-255,66,131936,42,207171
5913,0.001253,74.125.130.0-255,4320,136256,42,207171
5914,0.001256,172.31.46.0-255,66,136322,42,207171
5915,0.001281,172.31.46.0-255,66,136388,42,207171
5916,0.001289,74.125.130.0-255,7156,143544,42,207171
5917,0.001291,172.31.46.0-255,66,143610,42,207171
5918,0.001313,74.125.130.0-255,1484,145094,42,207171
5919,0.001355,172.31.46.0-255,66,145160,42,207171
5920,0.001358,74.125.130.0-255,766,145926,42,207171
5921,0.001452,74.125.130.0-255,1484,147410,42,207171
5922,0.001458,172.31.46.0-255,66,147476,42,207171
5923,0.00147,74.125.130.0-255,2902,150378,42,207171
5924,0.001475,74.125.130.0-255,2902,153280,42,207171
5925,0.001492,172.31.46.0-255,66,153346,42,207171
5926,0.001498,74.125.130.0-255,2902,156248,42,207171
5927,0.001509,74.125.130.0-255,7156,163404,42,207171
5928,0.001511,74.125.130.0-255,1484,164888,42,207171
5929,0.001517,172.31.46.0-255,66,164954,42,207171
5930,0.001547,74.125.130.0-255,2184,167138,42,207171
5931,0.001555,172.31.46.0-255,66,167204,42,207171
5932,0.001697,74.125.130.0-255,1484,168688,42,207171
5933,0.001702,74.125.130.0-255,2902,171590,42,207171
5934,0.001708,172.31.46.0-255,66,171656,42,207171
5935,0.001719,74.125.130.0-255,5738,177394,42,207171
5936,0.001752,172.31.46.0-255,66,177460,42,207171
5937,0.001783,172.31.46.0-255,66,177526,42,207171
5938,0.001815,74.125.130.0-255,4320,181846,42,207171
5939,0.001821,172.31.46.0-255,66,181912,42,207171
5940,0.001843,74.125.130.0-255,7156,189068,42,207171
5941,0.001904,74.125.130.0-255,7156,196224,42,207171
5942,0.001934,74.125.130.0-255,1484,197708,42,207171
5943,0.001939,172.31.46.0-255,66,197774,42,207171
5944,0.001945,172.31.46.0-255,66,197840,42,207171
5945,0.00198,74.125.130.0-255,1484,199324,42,207171
5946,0.001988,172.31.46.0-255,66,199390,42,207171
5947,0.001999,74.125.130.0-255,2977,202367,42,207171
5948,0.002008,172.31.46.0-255,66,202433,42,207171
5949,0.002018,74.125.130.0-255,105,202538,42,207171
5950,0.002948,172.31.46.0-255,101,202639,42,207171
5951,0.004081,172.31.46.0-255,105,202744,42,207171
5952,0.005144,74.125.130.0-255,66,202810,42,207171
5953,0.00627,74.125.130.0-255,66,202876,42,207171
5954,0.025831,172.31.46.0-255,172,203048,42,207171
5955,0.025862,172.31.46.0-255,1106,204154,42,207171
5956,0.025915,172.31.46.0-255,1514,205668,42,207171
5957,0.025916,172.31.46.0-255,1305,206973,42,207171
5958,0.027367,104.244.42.0-255,66,207039,42,207171
5959,0.0274,104.244.42.0-255,66,207105,42,207171
5960,0.027447,104.244.42.0-255,66,207171,42,207171
5961,0.0,172.31.46.0-255,66,66,42,66
5962,0.0,172.217.194.0-255,297,297,42,215435
5963,2.3e-05,172.31.46.0-255,66,363,42,215435
5964,3e-05,172.217.194.0-255,1484,1847,42,215435
5965,3.4e-05,172.31.46.0-255,66,1913,42,215435
5966,4e-05,172.217.194.0-255,4320,6233,42,215435
5967,4.3e-05,172.31.46.0-255,66,6299,42,215435
5968,5e-05,172.217.194.0-255,5738,12037,42,215435
5969,5.3e-05,172.31.46.0-255,66,12103,42,215435
5970,7.8e-05,172.217.194.0-255,1839,13942,42,215435
5971,8.1e-05,172.31.46.0-255,66,14008,42,215435
5972,0.000125,172.217.194.0-255,2902,16910,42,215435
5973,0.000128,172.31.46.0-255,66,16976,42,215435
5974,0.000131,172.217.194.0-255,1484,18460,42,215435
5975,0.000133,172.31.46.0-255,66,18526,42,215435
5976,0.000147,172.217.194.0-255,1484,20010,42,215435
5977,0.000149,172.31.46.0-255,66,20076,42,215435
5978,0.000157,172.217.194.0-255,7156,27232,42,215435
5979,0.000159,172.31.46.0-255,66,27298,42,215435
5980,0.000182,172.217.194.0-255,1484,28782,42,215435
5981,0.000185,172.31.46.0-255,66,28848,42,215435
5982,0.000207,172.217.194.0-255,3961,32809,42,215435
5983,0.00021,172.31.46.0-255,66,32875,42,215435
5984,0.000216,172.217.194.0-255,5738,38613,42,215435
5985,0.000218,172.31.46.0-255,66,38679,42,215435
5986,0.000287,172.217.194.0-255,4320,42999,42,215435
5987,0.000292,172.31.46.0-255,66,43065,42,215435
5988,0.000312,172.217.194.0-255,5379,48444,42,215435
5989,0.000315,172.31.46.0-255,66,48510,42,215435
5990,0.000679,172.217.194.0-255,1484,49994,42,215435
5991,0.000685,172.31.46.0-255,66,50060,42,215435
5992,0.000689,172.217.194.0-255,1484,51544,42,215435
5993,0.000691,172.31.46.0-255,66,51610,42,215435
5994,0.000705,172.217.194.0-255,1484,53094,42,215435
5995,0.00072,172.217.194.0-255,5738,58832,42,215435
5996,0.000723,172.31.46.0-255,66,58898,42,215435
5997,0.000742,172.217.194.0-255,1484,60382,42,215435
5998,0.000767,172.217.194.0-255,6797,67179,42,215435
5999,0.00077,172.31.46.0-255,66,67245,42,215435
6000,0.000776,172.217.194.0-255,4320,71565,42,215435
6001,0.000778,172.31.46.0-255,66,71631,42,215435
6002,0.000795,172.217.194.0-255,4320,75951,42,215435
6003,0.000798,172.31.46.0-255,66,76017,42,215435
6004,0.000808,172.31.46.0-255,66,76083,42,215435
6005,0.000841,172.217.194.0-255,1484,77567,42,215435
6006,0.000857,172.217.194.0-255,2902,80469,42,215435
6007,0.00086,172.31.46.0-255,66,80535,42,215435
6008,0.000865,172.217.194.0-255,2902,83437,42,215435
6009,0.000867,172.31.46.0-255,66,83503,42,215435
6010,0.000881,172.217.194.0-255,2902,86405,42,215435
6011,0.000883,172.31.46.0-255,66,86471,42,215435
6012,0.000886,172.217.194.0-255,1484,87955,42,215435
6013,0.000909,172.217.194.0-255,7156,95111,42,215435
6014,0.000912,172.31.46.0-255,66,95177,42,215435
6015,0.000932,172.217.194.0-255,2902,98079,42,215435
6016,0.000977,172.31.46.0-255,66,98145,42,215435
6017,0.00098,172.31.46.0-255,66,98211,42,215435
6018,0.001034,172.217.194.0-255,1484,99695,42,215435
6019,0.00105,172.217.194.0-255,2902,102597,42,215435
6020,0.001053,172.31.46.0-255,66,102663,42,215435
6021,0.00106,172.217.194.0-255,5738,108401,42,215435
6022,0.001062,172.31.46.0-255,66,108467,42,215435
6023,0.001102,172.217.194.0-255,7156,115623,42,215435
6024,0.001105,172.31.46.0-255,66,115689,42,215435
6025,0.001128,172.217.194.0-255,6797,122486,42,215435
6026,0.001131,172.31.46.0-255,66,122552,42,215435
6027,0.001139,172.217.194.0-255,7156,129708,42,215435
6028,0.001142,172.31.46.0-255,66,129774,42,215435
6029,0.001165,172.217.194.0-255,2902,132676,42,215435
6030,0.001168,172.31.46.0-255,66,132742,42,215435
6031,0.001214,172.31.46.0-255,66,132808,42,215435
6032,0.001232,172.217.194.0-255,3602,136410,42,215435
6033,0.001234,172.31.46.0-255,66,136476,42,215435
6034,0.001263,172.217.194.0-255,1484,137960,42,215435
6035,0.001267,172.217.194.0-255,1484,139444,42,215435
6036,0.001269,172.31.46.0-255,66,139510,42,215435
6037,0.00129,172.217.194.0-255,1484,140994,42,215435
6038,0.001297,172.217.194.0-255,5738,146732,42,215435
6039,0.0013,172.31.46.0-255,66,146798,42,215435
6040,0.001307,172.217.194.0-255,7156,153954,42,215435
6041,0.00131,172.31.46.0-255,66,154020,42,215435
6042,0.00133,172.217.194.0-255,5738,159758,42,215435
6043,0.001353,172.31.46.0-255,66,159824,42,215435
6044,0.001356,172.31.46.0-255,66,159890,42,215435
6045,0.001373,172.217.194.0-255,766,160656,42,215435
6046,0.001458,172.217.194.0-255,1484,162140,42,215435
6047,0.001461,172.31.46.0-255,66,162206,42,215435
6048,0.001476,172.217.194.0-255,2902,165108,42,215435
6049,0.001478,172.31.46.0-255,66,165174,42,215435
6050,0.001495,172.217.194.0-255,4320,169494,42,215435
6051,0.001497,172.31.46.0-255,66,169560,42,215435
6052,0.001519,172.217.194.0-255,1484,171044,42,215435
6053,0.001527,172.217.194.0-255,5738,176782,42,215435
6054,0.001529,172.31.46.0-255,66,176848,42,215435
6055,0.00155,172.217.194.0-255,7156,184004,42,215435
6056,0.001553,172.31.46.0-255,66,184070,42,215435
6057,0.001561,172.217.194.0-255,7156,191226,42,215435
6058,0.001563,172.31.46.0-255,66,191292,42,215435
6059,0.001595,172.217.194.0-255,6438,197730,42,215435
6060,0.001599,172.31.46.0-255,66,197796,42,215435
6061,0.001612,172.31.46.0-255,66,197862,42,215435
6062,0.001642,172.217.194.0-255,5738,203600,42,215435
6063,0.001646,172.31.46.0-255,66,203666,42,215435
6064,0.001667,172.31.46.0-255,66,203732,42,215435
6065,0.001681,172.31.46.0-255,66,203798,42,215435
6066,0.001713,172.31.46.0-255,66,203864,42,215435
6067,0.001725,172.31.46.0-255,66,203930,42,215435
6068,0.001768,172.217.194.0-255,4320,208250,42,215435
6069,0.00177,172.31.46.0-255,66,208316,42,215435
6070,0.001867,172.31.46.0-255,66,208382,42,215435
6071,0.001877,172.217.194.0-255,1484,209866,42,215435
6072,0.001921,172.217.194.0-255,862,210728,42,215435
6073,0.001929,172.31.46.0-255,66,210794,42,215435
6074,0.001938,172.217.194.0-255,105,210899,42,215435
6075,0.004414,172.31.46.0-255,66,210965,42,215435
6076,0.004453,172.31.46.0-255,105,211070,42,215435
6077,0.007111,172.217.194.0-255,66,211136,42,215435
6078,0.033465,172.31.46.0-255,176,211312,42,215435
6079,0.033503,172.31.46.0-255,1110,212422,42,215435
6080,0.033563,172.31.46.0-255,1514,213936,42,215435
6081,0.033565,172.31.46.0-255,1301,215237,42,215435
6082,0.035134,104.244.42.0-255,66,215303,42,215435
6083,0.035189,104.244.42.0-255,66,215369,42,215435
6084,0.035216,104.244.42.0-255,66,215435,42,215435
6085,0.0,74.125.24.0-255,153,153,42,187216
6086,2.5e-05,172.31.46.0-255,66,219,42,187216
6087,3.3e-05,74.125.24.0-255,1484,1703,42,187216
6088,3.7e-05,172.31.46.0-255,66,1769,42,187216
6089,4.9e-05,74.125.24.0-255,2902,4671,42,187216
6090,5.3e-05,172.31.46.0-255,66,4737,42,187216
6091,6.2e-05,74.125.24.0-255,5738,10475,42,187216
6092,6.6e-05,172.31.46.0-255,66,10541,42,187216
6093,0.0001,74.125.24.0-255,3421,13962,42,187216
6094,0.000104,172.31.46.0-255,66,14028,42,187216
6095,0.000422,74.125.24.0-255,1484,15512,42,187216
6096,0.000428,74.125.24.0-255,2902,18414,42,187216
6097,0.000436,172.31.46.0-255,66,18480,42,187216
6098,0.00044,172.31.46.0-255,66,18546,42,187216
6099,0.000477,74.125.24.0-255,5738,24284,42,187216
6100,0.00048,172.31.46.0-255,66,24350,42,187216
6101,0.000488,74.125.24.0-255,6797,31147,42,187216
6102,0.00049,172.31.46.0-255,66,31213,42,187216
6103,0.000563,74.125.24.0-255,1484,32697,42,187216
6104,0.000566,172.31.46.0-255,66,32763,42,187216
6105,0.000572,74.125.24.0-255,2902,35665,42,187216
6106,0.000574,172.31.46.0-255,66,35731,42,187216
6107,0.000579,74.125.24.0-255,2902,38633,42,187216
6108,0.000587,172.31.46.0-255,66,38699,42,187216
6109,0.00062,74.125.24.0-255,2902,41601,42,187216
6110,0.000623,172.31.46.0-255,66,41667,42,187216
6111,0.000643,172.31.46.0-255,66,41733,42,187216
6112,0.000685,74.125.24.0-255,2902,44635,42,187216
6113,0.000689,172.31.46.0-255,66,44701,42,187216
6114,0.000721,74.125.24.0-255,7108,51809,42,187216
6115,0.000725,172.31.46.0-255,66,51875,42,187216
6116,0.000951,74.125.24.0-255,109,51984,42,187216
6117,0.000966,74.125.24.0-255,331,52315,42,187216
6118,0.001124,74.125.24.0-255,1484,53799,42,187216
6119,0.00113,172.31.46.0-255,66,53865,42,187216
6120,0.001137,74.125.24.0-255,2902,56767,42,187216
6121,0.00114,172.31.46.0-255,66,56833,42,187216
6122,0.001151,74.125.24.0-255,5738,62571,42,187216
6123,0.001154,172.31.46.0-255,66,62637,42,187216
6124,0.001199,172.31.46.0-255,66,62703,42,187216
6125,0.001223,74.125.24.0-255,1484,64187,42,187216
6126,0.00125,172.31.46.0-255,66,64253,42,187216
6127,0.001278,74.125.24.0-255,1484,65737,42,187216
6128,0.001282,74.125.24.0-255,2902,68639,42,187216
6129,0.001284,172.31.46.0-255,66,68705,42,187216
6130,0.001289,74.125.24.0-255,2902,71607,42,187216
6131,0.001292,172.31.46.0-255,66,71673,42,187216
6132,0.001322,74.125.24.0-255,2902,74575,42,187216
6133,0.001325,172.31.46.0-255,66,74641,42,187216
6134,0.001343,172.31.46.0-255,66,74707,42,187216
6135,0.001345,74.125.24.0-255,1484,76191,42,187216
6136,0.001384,172.31.46.0-255,66,76257,42,187216
6137,0.001402,74.125.24.0-255,1484,77741,42,187216
6138,0.001428,172.31.46.0-255,66,77807,42,187216
6139,0.001479,172.31.46.0-255,66,77873,42,187216
6140,0.00151,74.125.24.0-255,1484,79357,42,187216
6141,0.001525,172.31.46.0-255,66,79423,42,187216
6142,0.001553,74.125.24.0-255,1484,80907,42,187216
6143,0.001557,74.125.24.0-255,2902,83809,42,187216
6144,0.001559,172.31.46.0-255,66,83875,42,187216
6145,0.001566,74.125.24.0-255,5738,89613,42,187216
6146,0.001569,172.31.46.0-255,66,89679,42,187216
6147,0.001581,74.125.24.0-255,7156,96835,42,187216
6148,0.001584,172.31.46.0-255,66,96901,42,187216
6149,0.001609,74.125.24.0-255,5738,102639,42,187216
6150,0.001611,172.31.46.0-255,66,102705,42,187216
6151,0.001624,172.31.46.0-255,66,102771,42,187216
6152,0.001628,74.125.24.0-255,2184,104955,42,187216
6153,0.001629,172.31.46.0-255,66,105021,42,187216
6154,0.001757,74.125.24.0-255,1484,106505,42,187216
6155,0.001781,74.125.24.0-255,2902,109407,42,187216
6156,0.001785,172.31.46.0-255,66,109473,42,187216
6157,0.001791,74.125.24.0-255,5738,115211,42,187216
6158,0.001792,172.31.46.0-255,66,115277,42,187216
6159,0.001799,74.125.24.0-255,7156,122433,42,187216
6160,0.001801,172.31.46.0-255,66,122499,42,187216
6161,0.001855,172.31.46.0-255,66,122565,42,187216
6162,0.001859,74.125.24.0-255,2184,124749,42,187216
6163,0.001861,172.31.46.0-255,66,124815,42,187216
6164,0.001921,74.125.24.0-255,1484,126299,42,187216
6165,0.00194,74.125.24.0-255,2902,129201,42,187216
6166,0.001943,172.31.46.0-255,66,129267,42,187216
6167,0.001946,74.125.24.0-255,1484,130751,42,187216
6168,0.001966,74.125.24.0-255,4320,135071,42,187216
6169,0.001968,172.31.46.0-255,66,135137,42,187216
6170,0.001971,74.125.24.0-255,1484,136621,42,187216
6171,0.002011,172.31.46.0-255,66,136687,42,187216
6172,0.002022,172.31.46.0-255,66,136753,42,187216
6173,0.00208,74.125.24.0-255,1484,138237,42,187216
6174,0.002085,74.125.24.0-255,2902,141139,42,187216
6175,0.002088,172.31.46.0-255,66,141205,42,187216
6176,0.002094,74.125.24.0-255,5738,146943,42,187216
6177,0.002096,172.31.46.0-255,66,147009,42,187216
6178,0.002117,74.125.24.0-255,4320,151329,42,187216
6179,0.00212,172.31.46.0-255,66,151395,42,187216
6180,0.00215,172.31.46.0-255,66,151461,42,187216
6181,0.002153,74.125.24.0-255,1484,152945,42,187216
6182,0.002176,172.31.46.0-255,66,153011,42,187216
6183,0.002217,74.125.24.0-255,1484,154495,42,187216
6184,0.00222,74.125.24.0-255,2902,157397,42,187216
6185,0.002223,172.31.46.0-255,66,157463,42,187216
6186,0.002248,74.125.24.0-255,5738,163201,42,187216
6187,0.00225,172.31.46.0-255,66,163267,42,187216
6188,0.002284,172.31.46.0-255,66,163333,42,187216
6189,0.002289,74.125.24.0-255,4320,167653,42,187216
6190,0.002291,172.31.46.0-255,66,167719,42,187216
6191,0.002333,172.31.46.0-255,66,167785,42,187216
6192,0.00235,172.31.46.0-255,66,167851,42,187216
6193,0.002408,172.31.46.0-255,66,167917,42,187216
6194,0.002413,74.125.24.0-255,4320,172237,42,187216
6195,0.002415,172.31.46.0-255,66,172303,42,187216
6196,0.002442,74.125.24.0-255,5738,178041,42,187216
6197,0.002444,172.31.46.0-255,66,178107,42,187216
6198,0.002459,172.31.46.0-255,66,178173,42,187216
6199,0.002463,74.125.24.0-255,4210,182383,42,187216
6200,0.002465,172.31.46.0-255,66,182449,42,187216
6201,0.004828,74.125.24.0-255,136,182585,42,187216
6202,0.006127,172.31.46.0-255,101,182686,42,187216
6203,0.007576,172.31.46.0-255,105,182791,42,187216
6204,0.008511,74.125.24.0-255,66,182857,42,187216
6205,0.009962,74.125.24.0-255,66,182923,42,187216
6206,0.030404,172.31.46.0-255,172,183095,42,187216
6207,0.030451,172.31.46.0-255,1110,184205,42,187216
6208,0.030502,172.31.46.0-255,1514,185719,42,187216
6209,0.030505,172.31.46.0-255,1299,187018,42,187216
6210,0.032098,104.244.42.0-255,66,187084,42,187216
6211,0.03211,104.244.42.0-255,66,187150,42,187216
6212,0.032187,104.244.42.0-255,66,187216,42,187216
6213,0.0,172.31.46.0-255,105,105,42,1377
6214,6.1e-05,172.31.46.0-255,105,210,42,1377
6215,0.000169,172.31.46.0-255,105,315,42,1377
6216,0.000358,172.31.46.0-255,90,405,42,1377
6217,0.000368,172.31.46.0-255,66,471,42,1377
6218,0.000573,172.31.46.0-255,90,561,42,1377
6219,0.000579,172.31.46.0-255,66,627,42,1377
6220,0.001085,172.31.46.0-255,90,717,42,1377
6221,0.001092,172.31.46.0-255,66,783,42,1377
6222,0.002001,172.217.27.0-255,66,849,42,1377
6223,0.002029,172.217.27.0-255,66,915,42,1377
6224,0.002049,172.31.46.0-255,66,981,42,1377
6225,0.002678,74.125.24.0-255,66,1047,42,1377
6226,0.002695,74.125.24.0-255,66,1113,42,1377
6227,0.002709,172.31.46.0-255,66,1179,42,1377
6228,0.003652,74.125.24.0-255,66,1245,42,1377
6229,0.003668,74.125.24.0-255,66,1311,42,1377
6230,0.003681,172.31.46.0-255,66,1377,42,1377
6231,0.0,172.217.194.0-255,153,153,42,188897
6232,2.3e-05,172.31.46.0-255,66,219,42,188897
6233,3e-05,172.217.194.0-255,1484,1703,42,188897
6234,3.4e-05,172.31.46.0-255,66,1769,42,188897
6235,4.6e-05,172.217.194.0-255,2902,4671,42,188897
6236,5e-05,172.31.46.0-255,66,4737,42,188897
6237,5.6e-05,172.217.194.0-255,5738,10475,42,188897
6238,6e-05,172.31.46.0-255,66,10541,42,188897
6239,9.6e-05,172.31.46.0-255,66,10607,42,188897
6240,0.000108,172.31.46.0-255,66,10673,42,188897
6241,0.000156,172.217.194.0-255,1125,11798,42,188897
6242,0.00016,172.31.46.0-255,66,11864,42,188897
6243,0.000487,172.217.194.0-255,1484,13348,42,188897
6244,0.000493,172.31.46.0-255,66,13414,42,188897
6245,0.0005,172.217.194.0-255,2902,16316,42,188897
6246,0.000502,172.31.46.0-255,66,16382,42,188897
6247,0.000515,172.217.194.0-255,5738,22120,42,188897
6248,0.000518,172.31.46.0-255,66,22186,42,188897
6249,0.000525,172.217.194.0-255,6797,28983,42,188897
6250,0.000528,172.31.46.0-255,66,29049,42,188897
6251,0.000572,172.217.194.0-255,1484,30533,42,188897
6252,0.000575,172.31.46.0-255,66,30599,42,188897
6253,0.000605,172.217.194.0-255,2902,33501,42,188897
6254,0.000608,172.31.46.0-255,66,33567,42,188897
6255,0.000614,172.217.194.0-255,5738,39305,42,188897
6256,0.000616,172.31.46.0-255,66,39371,42,188897
6257,0.000657,172.217.194.0-255,6797,46168,42,188897
6258,0.000661,172.31.46.0-255,66,46234,42,188897
6259,0.000987,172.217.194.0-255,645,46879,42,188897
6260,0.000992,172.31.46.0-255,66,46945,42,188897
6261,0.001097,172.217.194.0-255,1484,48429,42,188897
6262,0.001104,172.217.194.0-255,2902,51331,42,188897
6263,0.001106,172.31.46.0-255,66,51397,42,188897
6264,0.001112,172.217.194.0-255,2902,54299,42,188897
6265,0.001114,172.31.46.0-255,66,54365,42,188897
6266,0.001131,172.217.194.0-255,2902,57267,42,188897
6267,0.001138,172.31.46.0-255,66,57333,42,188897
6268,0.001163,172.217.194.0-255,2902,60235,42,188897
6269,0.001166,172.31.46.0-255,66,60301,42,188897
6270,0.001214,172.31.46.0-255,66,60367,42,188897
6271,0.001217,172.31.46.0-255,66,60433,42,188897
6272,0.001237,172.217.194.0-255,1125,61558,42,188897
6273,0.00152,172.31.46.0-255,66,61624,42,188897
6274,0.001873,172.217.194.0-255,1484,63108,42,188897
6275,0.001883,172.217.194.0-255,2902,66010,42,188897
6276,0.001887,172.31.46.0-255,66,66076,42,188897
6277,0.001894,172.217.194.0-255,5738,71814,42,188897
6278,0.001897,172.31.46.0-255,66,71880,42,188897
6279,0.001904,172.217.194.0-255,5738,77618,42,188897
6280,0.001911,172.31.46.0-255,66,77684,42,188897
6281,0.001951,172.217.194.0-255,1484,79168,42,188897
6282,0.001964,172.31.46.0-255,66,79234,42,188897
6283,0.001969,172.217.194.0-255,2184,81418,42,188897
6284,0.001971,172.31.46.0-255,66,81484,42,188897
6285,0.003997,172.217.194.0-255,5738,87222,42,188897
6286,0.004004,172.31.46.0-255,66,87288,42,188897
6287,0.006044,172.217.194.0-255,4320,91608,42,188897
6288,0.006048,172.31.46.0-255,66,91674,42,188897
6289,0.006072,172.217.194.0-255,1484,93158,42,188897
6290,0.008044,172.217.194.0-255,4320,97478,42,188897
6291,0.00805,172.31.46.0-255,66,97544,42,188897
6292,0.010075,172.217.194.0-255,5738,103282,42,188897
6293,0.010083,172.31.46.0-255,66,103348,42,188897
6294,0.012073,172.217.194.0-255,5738,109086,42,188897
6295,0.012081,172.31.46.0-255,66,109152,42,188897
6296,0.014074,172.217.194.0-255,5738,114890,42,188897
6297,0.014083,172.31.46.0-255,66,114956,42,188897
6298,0.016094,172.217.194.0-255,5738,120694,42,188897
6299,0.016101,172.31.46.0-255,66,120760,42,188897
6300,0.018117,172.217.194.0-255,5738,126498,42,188897
6301,0.018126,172.31.46.0-255,66,126564,42,188897
6302,0.020111,172.217.194.0-255,5738,132302,42,188897
6303,0.020124,172.31.46.0-255,66,132368,42,188897
6304,0.022122,172.217.194.0-255,5738,138106,42,188897
6305,0.02213,172.31.46.0-255,66,138172,42,188897
6306,0.024127,172.217.194.0-255,5738,143910,42,188897
6307,0.024135,172.31.46.0-255,66,143976,42,188897
6308,0.026128,172.217.194.0-255,5738,149714,42,188897
6309,0.026134,172.31.46.0-255,66,149780,42,188897
6310,0.027579,172.31.46.0-255,172,149952,42,188897
6311,0.027611,172.31.46.0-255,1111,151063,42,188897
6312,0.027678,172.31.46.0-255,1514,152577,42,188897
6313,0.02768,172.31.46.0-255,1298,153875,42,188897
6314,0.028131,172.217.194.0-255,5738,159613,42,188897
6315,0.028138,172.31.46.0-255,66,159679,42,188897
6316,0.029189,104.244.42.0-255,66,159745,42,188897
6317,0.029222,104.244.42.0-255,66,159811,42,188897
6318,0.029288,104.244.42.0-255,66,159877,42,188897
6319,0.030134,172.217.194.0-255,5738,165615,42,188897
6320,0.030139,172.31.46.0-255,66,165681,42,188897
6321,0.03214,172.217.194.0-255,5738,171419,42,188897
6322,0.032146,172.31.46.0-255,66,171485,42,188897
6323,0.034174,172.217.194.0-255,5738,177223,42,188897
6324,0.034181,172.31.46.0-255,66,177289,42,188897
6325,0.036183,172.217.194.0-255,5738,183027,42,188897
6326,0.03619,172.31.46.0-255,66,183093,42,188897
6327,0.038217,172.217.194.0-255,5738,188831,42,188897
6328,0.038224,172.31.46.0-255,66,188897,42,188897
6329,0.0,172.253.118.0-255,152,152,42,185391
6330,2.2e-05,172.31.46.0-255,66,218,42,185391
6331,2.9e-05,172.253.118.0-255,1484,1702,42,185391
6332,3.3e-05,172.31.46.0-255,66,1768,42,185391
6333,4.4e-05,172.253.118.0-255,2902,4670,42,185391
6334,4.7e-05,172.31.46.0-255,66,4736,42,185391
6335,8.4e-05,172.253.118.0-255,7156,11892,42,185391
6336,8.7e-05,172.31.46.0-255,66,11958,42,185391
6337,9e-05,172.253.118.0-255,2026,13984,42,185391
6338,9.2e-05,172.31.46.0-255,66,14050,42,185391
6339,0.000121,172.253.118.0-255,1484,15534,42,185391
6340,0.000123,172.31.46.0-255,66,15600,42,185391
6341,0.000128,172.253.118.0-255,2902,18502,42,185391
6342,0.00013,172.31.46.0-255,66,18568,42,185391
6343,0.000132,172.253.118.0-255,1484,20052,42,185391
6344,0.000134,172.31.46.0-255,66,20118,42,185391
6345,0.000155,172.253.118.0-255,4320,24438,42,185391
6346,0.000157,172.31.46.0-255,66,24504,42,185391
6347,0.000179,172.253.118.0-255,6797,31301,42,185391
6348,0.000182,172.31.46.0-255,66,31367,42,185391
6349,0.000575,172.253.118.0-255,1484,32851,42,185391
6350,0.00058,172.31.46.0-255,66,32917,42,185391
6351,0.000586,172.253.118.0-255,2902,35819,42,185391
6352,0.000587,172.31.46.0-255,66,35885,42,185391
6353,0.000606,172.253.118.0-255,4320,40205,42,185391
6354,0.000608,172.31.46.0-255,66,40271,42,185391
6355,0.000631,172.253.118.0-255,1484,41755,42,185391
6356,0.000633,172.31.46.0-255,66,41821,42,185391
6357,0.000643,172.31.46.0-255,66,41887,42,185391
6358,0.000657,172.31.46.0-255,66,41953,42,185391
6359,0.00069,172.253.118.0-255,4273,46226,42,185391
6360,0.000692,172.31.46.0-255,66,46292,42,185391
6361,0.000699,172.253.118.0-255,110,46402,42,185391
6362,0.000907,172.253.118.0-255,1484,47886,42,185391
6363,0.00091,172.31.46.0-255,66,47952,42,185391
6364,0.000915,172.253.118.0-255,2902,50854,42,185391
6365,0.000917,172.31.46.0-255,66,50920,42,185391
6366,0.000921,172.253.118.0-255,4320,55240,42,185391
6367,0.000923,172.31.46.0-255,66,55306,42,185391
6368,0.00095,172.253.118.0-255,4320,59626,42,185391
6369,0.000953,172.31.46.0-255,66,59692,42,185391
6370,0.000978,172.253.118.0-255,5379,65071,42,185391
6371,0.00098,172.31.46.0-255,66,65137,42,185391
6372,0.000991,172.31.46.0-255,66,65203,42,185391
6373,0.001019,172.253.118.0-255,5379,70582,42,185391
6374,0.001024,172.31.46.0-255,66,70648,42,185391
6375,0.00305,172.253.118.0-255,5738,76386,42,185391
6376,0.003056,172.31.46.0-255,66,76452,42,185391
6377,0.005083,172.253.118.0-255,5738,82190,42,185391
6378,0.005086,172.31.46.0-255,66,82256,42,185391
6379,0.007124,172.253.118.0-255,5738,87994,42,185391
6380,0.007135,172.31.46.0-255,66,88060,42,185391
6381,0.009178,172.253.118.0-255,5738,93798,42,185391
6382,0.009191,172.31.46.0-255,66,93864,42,185391
6383,0.011243,172.253.118.0-255,5738,99602,42,185391
6384,0.01126,172.31.46.0-255,66,99668,42,185391
6385,0.01332,172.253.118.0-255,5738,105406,42,185391
6386,0.013339,172.31.46.0-255,66,105472,42,185391
6387,0.015398,172.253.118.0-255,5738,111210,42,185391
6388,0.015413,172.31.46.0-255,66,111276,42,185391
6389,0.017453,172.253.118.0-255,5738,117014,42,185391
6390,0.017469,172.31.46.0-255,66,117080,42,185391
6391,0.019508,172.253.118.0-255,5738,122818,42,185391
6392,0.019524,172.31.46.0-255,66,122884,42,185391
6393,0.021576,172.253.118.0-255,5738,128622,42,185391
6394,0.021587,172.31.46.0-255,66,128688,42,185391
6395,0.023623,172.253.118.0-255,5738,134426,42,185391
6396,0.023633,172.31.46.0-255,66,134492,42,185391
6397,0.024681,172.31.46.0-255,172,134664,42,185391
6398,0.024712,172.31.46.0-255,1110,135774,42,185391
6399,0.024771,172.31.46.0-255,1514,137288,42,185391
6400,0.024772,172.31.46.0-255,1299,138587,42,185391
6401,0.025671,172.253.118.0-255,5738,144325,42,185391
6402,0.02568,172.31.46.0-255,66,144391,42,185391
6403,0.026269,104.244.42.0-255,66,144457,42,185391
6404,0.02628,104.244.42.0-255,66,144523,42,185391
6405,0.026335,104.244.42.0-255,66,144589,42,185391
6406,0.027385,104.244.42.0-255,108,144697,42,185391
6407,0.027403,172.31.46.0-255,66,144763,42,185391
6408,0.027724,172.253.118.0-255,5738,150501,42,185391
6409,0.02773,172.31.46.0-255,66,150567,42,185391
6410,0.029783,172.253.118.0-255,5738,156305,42,185391
6411,0.02979,172.31.46.0-255,66,156371,42,185391
6412,0.031821,172.253.118.0-255,5738,162109,42,185391
6413,0.031827,172.31.46.0-255,66,162175,42,185391
6414,0.033861,172.253.118.0-255,5738,167913,42,185391
6415,0.033868,172.31.46.0-255,66,167979,42,185391
6416,0.035901,172.253.118.0-255,5738,173717,42,185391
6417,0.035907,172.31.46.0-255,66,173783,42,185391
6418,0.037945,172.253.118.0-255,5738,179521,42,185391
6419,0.037951,172.31.46.0-255,66,179587,42,185391
6420,0.039986,172.253.118.0-255,5738,185325,42,185391
6421,0.039993,172.31.46.0-255,66,185391,42,185391
6422,0.0,142.250.4.0-255,298,298,42,346143
6423,1.5e-05,142.250.4.0-255,1484,1782,42,346143
6424,2.4e-05,172.31.46.0-255,66,1848,42,346143
6425,5.4e-05,142.250.4.0-255,4320,6168,42,346143
6426,5.8e-05,172.31.46.0-255,66,6234,42,346143
6427,6.5e-05,142.250.4.0-255,5738,11972,42,346143
6428,6.9e-05,172.31.46.0-255,66,12038,42,346143
6429,8.7e-05,142.250.4.0-255,1484,13522,42,346143
6430,9e-05,142.250.4.0-255,477,13999,42,346143
6431,9.3e-05,172.31.46.0-255,66,14065,42,346143
6432,0.000173,142.250.4.0-255,1484,15549,42,346143
6433,0.000191,142.250.4.0-255,2902,18451,42,346143
6434,0.000195,172.31.46.0-255,66,18517,42,346143
6435,0.000201,142.250.4.0-255,5738,24255,42,346143
6436,0.000204,172.31.46.0-255,66,24321,42,346143
6437,0.000288,142.250.4.0-255,4320,28641,42,346143
6438,0.000292,172.31.46.0-255,66,28707,42,346143
6439,0.000311,142.250.4.0-255,2543,31250,42,346143
6440,0.000314,172.31.46.0-255,66,31316,42,346143
6441,0.000382,142.250.4.0-255,1484,32800,42,346143
6442,0.000396,142.250.4.0-255,2902,35702,42,346143
6443,0.000399,172.31.46.0-255,66,35768,42,346143
6444,0.000403,142.250.4.0-255,1484,37252,42,346143
6445,0.000422,142.250.4.0-255,4320,41572,42,346143
6446,0.000425,172.31.46.0-255,66,41638,42,346143
6447,0.000455,142.250.4.0-255,6797,48435,42,346143
6448,0.000458,172.31.46.0-255,66,48501,42,346143
6449,0.000461,142.250.4.0-255,1484,49985,42,346143
6450,0.000482,142.250.4.0-255,5738,55723,42,346143
6451,0.000485,172.31.46.0-255,66,55789,42,346143
6452,0.000489,142.250.4.0-255,2902,58691,42,346143
6453,0.000492,172.31.46.0-255,66,58757,42,346143
6454,0.000507,142.250.4.0-255,4320,63077,42,346143
6455,0.000509,172.31.46.0-255,66,63143,42,346143
6456,0.00055,142.250.4.0-255,2543,65686,42,346143
6457,0.000554,172.31.46.0-255,66,65752,42,346143
6458,0.000571,142.250.4.0-255,360,66112,42,346143
6459,0.000833,142.250.4.0-255,383,66495,42,346143
6460,0.000993,142.250.4.0-255,1484,67979,42,346143
6461,0.000998,172.31.46.0-255,66,68045,42,346143
6462,0.001004,142.250.4.0-255,2902,70947,42,346143
6463,0.001006,172.31.46.0-255,66,71013,42,346143
6464,0.001012,142.250.4.0-255,4320,75333,42,346143
6465,0.001015,172.31.46.0-255,66,75399,42,346143
6466,0.001032,142.250.4.0-255,1484,76883,42,346143
6467,0.001049,142.250.4.0-255,6797,83680,42,346143
6468,0.001053,172.31.46.0-255,66,83746,42,346143
6469,0.001061,142.250.4.0-255,1484,85230,42,346143
6470,0.001077,142.250.4.0-255,5738,90968,42,346143
6471,0.001079,172.31.46.0-255,66,91034,42,346143
6472,0.001098,142.250.4.0-255,1484,92518,42,346143
6473,0.001131,172.31.46.0-255,66,92584,42,346143
6474,0.001185,142.250.4.0-255,1484,94068,42,346143
6475,0.001204,142.250.4.0-255,1484,95552,42,346143
6476,0.001207,172.31.46.0-255,66,95618,42,346143
6477,0.00122,142.250.4.0-255,1484,97102,42,346143
6478,0.001227,142.250.4.0-255,5738,102840,42,346143
6479,0.00123,172.31.46.0-255,66,102906,42,346143
6480,0.001262,142.250.4.0-255,2902,105808,42,346143
6481,0.001265,172.31.46.0-255,66,105874,42,346143
6482,0.001284,142.250.4.0-255,3961,109835,42,346143
6483,0.001288,172.31.46.0-255,66,109901,42,346143
6484,0.001527,142.250.4.0-255,1484,111385,42,346143
6485,0.001531,142.250.4.0-255,1484,112869,42,346143
6486,0.001535,172.31.46.0-255,66,112935,42,346143
6487,0.001557,142.250.4.0-255,1484,114419,42,346143
6488,0.001565,142.250.4.0-255,5738,120157,42,346143
6489,0.001567,172.31.46.0-255,66,120223,42,346143
6490,0.001574,142.250.4.0-255,5738,125961,42,346143
6491,0.001576,172.31.46.0-255,66,126027,42,346143
6492,0.001579,142.250.4.0-255,1484,127511,42,346143
6493,0.001638,142.250.4.0-255,2902,130413,42,346143
6494,0.001642,172.31.46.0-255,66,130479,42,346143
6495,0.001645,172.31.46.0-255,66,130545,42,346143
6496,0.001654,142.250.4.0-255,2184,132729,42,346143
6497,0.001656,172.31.46.0-255,66,132795,42,346143
6498,0.00209,142.250.4.0-255,1484,134279,42,346143
6499,0.002097,142.250.4.0-255,2902,137181,42,346143
6500,0.002102,172.31.46.0-255,66,137247,42,346143
6501,0.002118,142.250.4.0-255,1484,138731,42,346143
6502,0.002141,142.250.4.0-255,5738,144469,42,346143
6503,0.002144,172.31.46.0-255,66,144535,42,346143
6504,0.002161,142.250.4.0-255,1484,146019,42,346143
6505,0.002172,142.250.4.0-255,1484,147503,42,346143
6506,0.002174,172.31.46.0-255,66,147569,42,346143
6507,0.002208,172.31.46.0-255,66,147635,42,346143
6508,0.002222,142.250.4.0-255,4320,151955,42,346143
6509,0.002224,172.31.46.0-255,66,152021,42,346143
6510,0.00225,142.250.4.0-255,6438,158459,42,346143
6511,0.002253,172.31.46.0-255,66,158525,42,346143
6512,0.002452,142.250.4.0-255,1484,160009,42,346143
6513,0.002472,142.250.4.0-255,2902,162911,42,346143
6514,0.002477,172.31.46.0-255,66,162977,42,346143
6515,0.002482,142.250.4.0-255,2902,165879,42,346143
6516,0.002484,172.31.46.0-255,66,165945,42,346143
6517,0.002503,142.250.4.0-255,2902,168847,42,346143
6518,0.002506,172.31.46.0-255,66,168913,42,346143
6519,0.002508,142.250.4.0-255,1484,170397,42,346143
6520,0.002537,142.250.4.0-255,2902,173299,42,346143
6521,0.00254,172.31.46.0-255,66,173365,42,346143
6522,0.002562,142.250.4.0-255,2902,176267,42,346143
6523,0.002564,172.31.46.0-255,66,176333,42,346143
6524,0.002567,142.250.4.0-255,1484,177817,42,346143
6525,0.002592,142.250.4.0-255,5738,183555,42,346143
6526,0.002595,172.31.46.0-255,66,183621,42,346143
6527,0.002619,142.250.4.0-255,5738,189359,42,346143
6528,0.002622,172.31.46.0-255,66,189425,42,346143
6529,0.002627,142.250.4.0-255,3602,193027,42,346143
6530,0.002629,172.31.46.0-255,66,193093,42,346143
6531,0.002765,142.250.4.0-255,1484,194577,42,346143
6532,0.002773,142.250.4.0-255,2902,197479,42,346143
6533,0.002776,172.31.46.0-255,66,197545,42,346143
6534,0.002796,142.250.4.0-255,1484,199029,42,346143
6535,0.002811,142.250.4.0-255,4320,203349,42,346143
6536,0.002813,172.31.46.0-255,66,203415,42,346143
6537,0.002861,142.250.4.0-255,4320,207735,42,346143
6538,0.002865,172.31.46.0-255,66,207801,42,346143
6539,0.002883,142.250.4.0-255,4320,212121,42,346143
6540,0.002886,172.31.46.0-255,66,212187,42,346143
6541,0.002908,142.250.4.0-255,4320,216507,42,346143
6542,0.002911,172.31.46.0-255,66,216573,42,346143
6543,0.002914,142.250.4.0-255,1484,218057,42,346143
6544,0.002925,142.250.4.0-255,5738,223795,42,346143
6545,0.002928,172.31.46.0-255,66,223861,42,346143
6546,0.002931,142.250.4.0-255,1484,225345,42,346143
6547,0.002949,142.250.4.0-255,2184,227529,42,346143
6548,0.002952,172.31.46.0-255,66,227595,42,346143
6549,0.002955,142.250.4.0-255,1484,229079,42,346143
6550,0.002963,142.250.4.0-255,7156,236235,42,346143
6551,0.002965,172.31.46.0-255,66,236301,42,346143
6552,0.00297,142.250.4.0-255,4320,240621,42,346143
6553,0.002973,172.31.46.0-255,66,240687,42,346143
6554,0.003003,172.31.46.0-255,66,240753,42,346143
6555,0.003018,142.250.4.0-255,1484,242237,42,346143
6556,0.003024,142.250.4.0-255,4320,246557,42,346143
6557,0.003026,172.31.46.0-255,66,246623,42,346143
6558,0.003047,142.250.4.0-255,3602,250225,42,346143
6559,0.00305,172.31.46.0-255,66,250291,42,346143
6560,0.003118,142.250.4.0-255,1484,251775,42,346143
6561,0.003122,142.250.4.0-255,1484,253259,42,346143
6562,0.003125,172.31.46.0-255,66,253325,42,346143
6563,0.003145,142.250.4.0-255,1484,254809,42,346143
6564,0.00315,142.250.4.0-255,2902,257711,42,346143
6565,0.003152,172.31.46.0-255,66,257777,42,346143
6566,0.003157,142.250.4.0-255,2902,260679,42,346143
6567,0.00316,172.31.46.0-255,66,260745,42,346143
6568,0.003175,142.250.4.0-255,1484,262229,42,346143
6569,0.003198,172.31.46.0-255,66,262295,42,346143
6570,0.003221,142.250.4.0-255,4320,266615,42,346143
6571,0.003224,172.31.46.0-255,66,266681,42,346143
6572,0.00325,142.250.4.0-255,1484,268165,42,346143
6573,0.003262,142.250.4.0-255,2902,271067,42,346143
6574,0.003264,172.31.46.0-255,66,271133,42,346143
6575,0.003287,142.250.4.0-255,5020,276153,42,346143
6576,0.003289,172.31.46.0-255,66,276219,42,346143
6577,0.003421,142.250.4.0-255,1484,277703,42,346143
6578,0.003425,142.250.4.0-255,1484,279187,42,346143
6579,0.003428,172.31.46.0-255,66,279253,42,346143
6580,0.003446,142.250.4.0-255,1484,280737,42,346143
6581,0.003462,142.250.4.0-255,5738,286475,42,346143
6582,0.003465,172.31.46.0-255,66,286541,42,346143
6583,0.003472,142.250.4.0-255,7156,293697,42,346143
6584,0.003474,172.31.46.0-255,66,293763,42,346143
6585,0.003536,172.31.46.0-255,66,293829,42,346143
6586,0.003539,142.250.4.0-255,1484,295313,42,346143
6587,0.003557,142.250.4.0-255,4320,299633,42,346143
6588,0.00356,172.31.46.0-255,66,299699,42,346143
6589,0.003564,142.250.4.0-255,2184,301883,42,346143
6590,0.003566,172.31.46.0-255,66,301949,42,346143
6591,0.003589,142.250.4.0-255,2902,304851,42,346143
6592,0.003591,172.31.46.0-255,66,304917,42,346143
6593,0.003598,142.250.4.0-255,7156,312073,42,346143
6594,0.003601,172.31.46.0-255,66,312139,42,346143
6595,0.003604,142.250.4.0-255,1484,313623,42,346143
6596,0.003627,142.250.4.0-255,4320,317943,42,346143
6597,0.00363,172.31.46.0-255,66,318009,42,346143
6598,0.003636,142.250.4.0-255,5738,323747,42,346143
6599,0.003638,172.31.46.0-255,66,323813,42,346143
6600,0.003654,142.250.4.0-255,1484,325297,42,346143
6601,0.003661,142.250.4.0-255,7156,332453,42,346143
6602,0.003664,172.31.46.0-255,66,332519,42,346143
6603,0.003666,142.250.4.0-255,1484,334003,42,346143
6604,0.003689,142.250.4.0-255,2184,336187,42,346143
6605,0.003691,172.31.46.0-255,66,336253,42,346143
6606,0.003753,142.250.4.0-255,1484,337737,42,346143
6607,0.003779,142.250.4.0-255,2902,340639,42,346143
6608,0.003782,172.31.46.0-255,66,340705,42,346143
6609,0.0038,142.250.4.0-255,1484,342189,42,346143
6610,0.003817,142.250.4.0-255,3612,345801,42,346143
6611,0.00382,172.31.46.0-255,66,345867,42,346143
6612,0.003873,142.250.4.0-255,105,345972,42,346143
6613,0.015493,172.31.46.0-255,105,346077,42,346143
6614,0.017905,142.250.4.0-255,66,346143,42,346143
6615,0.0,74.125.24.0-255,150,150,42,230945
6616,1.4e-05,172.31.46.0-255,66,216,42,230945
6617,4.7e-05,74.125.24.0-255,1484,1700,42,230945
6618,5.2e-05,172.31.46.0-255,66,1766,42,230945
6619,5.7e-05,74.125.24.0-255,2902,4668,42,230945
6620,6e-05,172.31.46.0-255,66,4734,42,230945
6621,8.6e-05,74.125.24.0-255,7156,11890,42,230945
6622,8.8e-05,172.31.46.0-255,66,11956,42,230945
6623,9.3e-05,74.125.24.0-255,2007,13963,42,230945
6624,9.6e-05,172.31.46.0-255,66,14029,42,230945
6625,0.0001,74.125.24.0-255,2902,16931,42,230945
6626,0.000102,172.31.46.0-255,66,16997,42,230945
6627,0.000109,74.125.24.0-255,5738,22735,42,230945
6628,0.000112,172.31.46.0-255,66,22801,42,230945
6629,0.000141,74.125.24.0-255,1484,24285,42,230945
6630,0.000144,172.31.46.0-255,66,24351,42,230945
6631,0.000149,74.125.24.0-255,4320,28671,42,230945
6632,0.000151,172.31.46.0-255,66,28737,42,230945
6633,0.000175,74.125.24.0-255,2543,31280,42,230945
6634,0.000177,172.31.46.0-255,66,31346,42,230945
6635,0.000213,74.125.24.0-255,1484,32830,42,230945
6636,0.000215,172.31.46.0-255,66,32896,42,230945
6637,0.000233,74.125.24.0-255,2902,35798,42,230945
6638,0.000236,172.31.46.0-255,66,35864,42,230945
6639,0.000239,74.125.24.0-255,1484,37348,42,230945
6640,0.000241,172.31.46.0-255,66,37414,42,230945
6641,0.000272,74.125.24.0-255,4320,41734,42,230945
6642,0.000275,172.31.46.0-255,66,41800,42,230945
6643,0.000285,172.31.46.0-255,66,41866,42,230945
6644,0.000329,74.125.24.0-255,5379,47245,42,230945
6645,0.000332,172.31.46.0-255,66,47311,42,230945
6646,0.000344,172.31.46.0-255,66,47377,42,230945
6647,0.000351,74.125.24.0-255,109,47486,42,230945
6648,0.000354,74.125.24.0-255,333,47819,42,230945
6649,0.000719,74.125.24.0-255,1484,49303,42,230945
6650,0.000724,74.125.24.0-255,2902,52205,42,230945
6651,0.000727,74.125.24.0-255,1484,53689,42,230945
6652,0.000736,172.31.46.0-255,66,53755,42,230945
6653,0.000741,172.31.46.0-255,66,53821,42,230945
6654,0.000745,74.125.24.0-255,1484,55305,42,230945
6655,0.000747,172.31.46.0-255,66,55371,42,230945
6656,0.000782,74.125.24.0-255,2902,58273,42,230945
6657,0.000785,172.31.46.0-255,66,58339,42,230945
6658,0.000803,172.31.46.0-255,66,58405,42,230945
6659,0.000811,74.125.24.0-255,5738,64143,42,230945
6660,0.000814,172.31.46.0-255,66,64209,42,230945
6661,0.000821,74.125.24.0-255,5020,69229,42,230945
6662,0.000824,172.31.46.0-255,66,69295,42,230945
6663,0.001154,74.125.24.0-255,1484,70779,42,230945
6664,0.001175,74.125.24.0-255,2902,73681,42,230945
6665,0.001179,172.31.46.0-255,66,73747,42,230945
6666,0.001186,74.125.24.0-255,5738,79485,42,230945
6667,0.001188,172.31.46.0-255,66,79551,42,230945
6668,0.001221,172.31.46.0-255,66,79617,42,230945
6669,0.001226,74.125.24.0-255,2902,82519,42,230945
6670,0.001227,172.31.46.0-255,66,82585,42,230945
6671,0.001258,74.125.24.0-255,7156,89741,42,230945
6672,0.001261,172.31.46.0-255,66,89807,42,230945
6673,0.001272,74.125.24.0-255,5020,94827,42,230945
6674,0.001274,172.31.46.0-255,66,94893,42,230945
6675,0.001325,74.125.24.0-255,1484,96377,42,230945
6676,0.001345,74.125.24.0-255,2902,99279,42,230945
6677,0.001348,172.31.46.0-255,66,99345,42,230945
6678,0.001352,74.125.24.0-255,1484,100829,42,230945
6679,0.001376,74.125.24.0-255,4320,105149,42,230945
6680,0.00138,172.31.46.0-255,66,105215,42,230945
6681,0.001405,74.125.24.0-255,1484,106699,42,230945
6682,0.001425,74.125.24.0-255,2902,109601,42,230945
6683,0.001428,172.31.46.0-255,66,109667,42,230945
6684,0.00147,172.31.46.0-255,66,109733,42,230945
6685,0.001476,74.125.24.0-255,5738,115471,42,230945
6686,0.001478,172.31.46.0-255,66,115537,42,230945
6687,0.001532,74.125.24.0-255,1484,117021,42,230945
6688,0.001549,74.125.24.0-255,2184,119205,42,230945
6689,0.001552,172.31.46.0-255,66,119271,42,230945
6690,0.001661,74.125.24.0-255,1484,120755,42,230945
6691,0.001667,74.125.24.0-255,2902,123657,42,230945
6692,0.001673,172.31.46.0-255,66,123723,42,230945
6693,0.001694,74.125.24.0-255,5738,129461,42,230945
6694,0.001697,172.31.46.0-255,66,129527,42,230945
6695,0.0017,74.125.24.0-255,1484,131011,42,230945
6696,0.001734,172.31.46.0-255,66,131077,42,230945
6697,0.001738,74.125.24.0-255,2902,133979,42,230945
6698,0.00174,172.31.46.0-255,66,134045,42,230945
6699,0.001763,74.125.24.0-255,5738,139783,42,230945
6700,0.00177,172.31.46.0-255,66,139849,42,230945
6701,0.001794,74.125.24.0-255,2184,142033,42,230945
6702,0.001797,172.31.46.0-255,66,142099,42,230945
6703,0.004212,74.125.24.0-255,1484,143583,42,230945
6704,0.004229,74.125.24.0-255,4320,147903,42,230945
6705,0.004233,172.31.46.0-255,66,147969,42,230945
6706,0.006653,74.125.24.0-255,2902,150871,42,230945
6707,0.006658,172.31.46.0-255,66,150937,42,230945
6708,0.006684,74.125.24.0-255,2902,153839,42,230945
6709,0.006687,172.31.46.0-255,66,153905,42,230945
6710,0.009117,74.125.24.0-255,5738,159643,42,230945
6711,0.009125,172.31.46.0-255,66,159709,42,230945
6712,0.011572,74.125.24.0-255,5738,165447,42,230945
6713,0.01158,172.31.46.0-255,66,165513,42,230945
6714,0.01405,74.125.24.0-255,5738,171251,42,230945
6715,0.014061,172.31.46.0-255,66,171317,42,230945
6716,0.016536,74.125.24.0-255,5738,177055,42,230945
6717,0.016545,172.31.46.0-255,66,177121,42,230945
6718,0.019019,74.125.24.0-255,5738,182859,42,230945
6719,0.019027,172.31.46.0-255,66,182925,42,230945
6720,0.02147,74.125.24.0-255,4320,187245,42,230945
6721,0.021476,172.31.46.0-255,66,187311,42,230945
6722,0.021501,74.125.24.0-255,1484,188795,42,230945
6723,0.023927,74.125.24.0-255,2902,191697,42,230945
6724,0.023933,172.31.46.0-255,66,191763,42,230945
6725,0.02396,74.125.24.0-255,1484,193247,42,230945
6726,0.026369,172.31.46.0-255,171,193418,42,230945
6727,0.026411,74.125.24.0-255,4320,197738,42,230945
6728,0.026417,172.31.46.0-255,66,197804,42,230945
6729,0.026436,172.31.46.0-255,1134,198938,42,230945
6730,0.026497,172.31.46.0-255,1514,200452,42,230945
6731,0.026499,172.31.46.0-255,1275,201727,42,230945
6732,0.028053,104.244.42.0-255,66,201793,42,230945
6733,0.028088,104.244.42.0-255,66,201859,42,230945
6734,0.028186,104.244.42.0-255,66,201925,42,230945
6735,0.028895,74.125.24.0-255,5738,207663,42,230945
6736,0.0289,172.31.46.0-255,66,207729,42,230945
6737,0.031361,74.125.24.0-255,5738,213467,42,230945
6738,0.031369,172.31.46.0-255,66,213533,42,230945
6739,0.033835,74.125.24.0-255,5738,219271,42,230945
6740,0.033841,172.31.46.0-255,66,219337,42,230945
6741,0.036303,74.125.24.0-255,5738,225075,42,230945
6742,0.036309,172.31.46.0-255,66,225141,42,230945
6743,0.03875,74.125.24.0-255,5738,230879,42,230945
6744,0.038756,172.31.46.0-255,66,230945,42,230945
6745,0.0,172.217.194.0-255,146,146,42,168654
6746,1.8e-05,172.31.46.0-255,66,212,42,168654
6747,2.5e-05,172.217.194.0-255,1484,1696,42,168654
6748,3e-05,172.31.46.0-255,66,1762,42,168654
6749,3.6e-05,172.217.194.0-255,2902,4664,42,168654
6750,4.6e-05,172.31.46.0-255,66,4730,42,168654
6751,5.3e-05,172.217.194.0-255,5738,10468,42,168654
6752,5.6e-05,172.31.46.0-255,66,10534,42,168654
6753,7.5e-05,172.217.194.0-255,1484,12018,42,168654
6754,7.8e-05,172.31.46.0-255,66,12084,42,168654
6755,8.6e-05,172.217.194.0-255,1484,13568,42,168654
6756,8.9e-05,172.31.46.0-255,66,13634,42,168654
6757,9.4e-05,172.217.194.0-255,4320,17954,42,168654
6758,9.7e-05,172.31.46.0-255,66,18020,42,168654
6759,0.000143,172.31.46.0-255,66,18086,42,168654
6760,0.000147,172.217.194.0-255,2543,20629,42,168654
6761,0.00015,172.31.46.0-255,66,20695,42,168654
6762,0.000233,172.217.194.0-255,1484,22179,42,168654
6763,0.000236,172.31.46.0-255,66,22245,42,168654
6764,0.000241,172.217.194.0-255,2902,25147,42,168654
6765,0.000244,172.31.46.0-255,66,25213,42,168654
6766,0.000272,172.217.194.0-255,1484,26697,42,168654
6767,0.000275,172.31.46.0-255,66,26763,42,168654
6768,0.000282,172.217.194.0-255,5738,32501,42,168654
6769,0.000284,172.31.46.0-255,66,32567,42,168654
6770,0.000321,172.217.194.0-255,1484,34051,42,168654
6771,0.000324,172.31.46.0-255,66,34117,42,168654
6772,0.000355,172.31.46.0-255,66,34183,42,168654
6773,0.000368,172.31.46.0-255,66,34249,42,168654
6774,0.000392,172.217.194.0-255,98,34347,42,168654
6775,0.000725,172.217.194.0-255,1484,35831,42,168654
6776,0.00073,172.31.46.0-255,66,35897,42,168654
6777,0.000736,172.217.194.0-255,2902,38799,42,168654
6778,0.000738,172.31.46.0-255,66,38865,42,168654
6779,0.000749,172.217.194.0-255,5738,44603,42,168654
6780,0.000751,172.31.46.0-255,66,44669,42,168654
6781,0.000786,172.31.46.0-255,66,44735,42,168654
6782,0.000821,172.217.194.0-255,1484,46219,42,168654
6783,0.000852,172.31.46.0-255,66,46285,42,168654
6784,0.000928,172.31.46.0-255,66,46351,42,168654
6785,0.000953,172.217.194.0-255,7156,53507,42,168654
6786,0.000968,172.217.194.0-255,6438,59945,42,168654
6787,0.000971,172.31.46.0-255,66,60011,42,168654
6788,0.000975,172.31.46.0-255,66,60077,42,168654
6789,0.002501,172.217.194.0-255,1484,61561,42,168654
6790,0.002511,172.217.194.0-255,2902,64463,42,168654
6791,0.002515,172.31.46.0-255,66,64529,42,168654
6792,0.002545,172.217.194.0-255,5738,70267,42,168654
6793,0.002547,172.31.46.0-255,66,70333,42,168654
6794,0.002551,172.217.194.0-255,2902,73235,42,168654
6795,0.002553,172.31.46.0-255,66,73301,42,168654
6796,0.002591,172.217.194.0-255,7156,80457,42,168654
6797,0.002593,172.31.46.0-255,66,80523,42,168654
6798,0.002608,172.31.46.0-255,66,80589,42,168654
6799,0.002631,172.217.194.0-255,2184,82773,42,168654
6800,0.002633,172.31.46.0-255,66,82839,42,168654
6801,0.005225,172.217.194.0-255,2902,85741,42,168654
6802,0.00523,172.31.46.0-255,66,85807,42,168654
6803,0.005263,172.217.194.0-255,2902,88709,42,168654
6804,0.005265,172.31.46.0-255,66,88775,42,168654
6805,0.007862,172.217.194.0-255,2902,91677,42,168654
6806,0.007869,172.31.46.0-255,66,91743,42,168654
6807,0.007897,172.217.194.0-255,2902,94645,42,168654
6808,0.007899,172.31.46.0-255,66,94711,42,168654
6809,0.010521,172.217.194.0-255,5738,100449,42,168654
6810,0.010529,172.31.46.0-255,66,100515,42,168654
6811,0.013169,172.217.194.0-255,5738,106253,42,168654
6812,0.013179,172.31.46.0-255,66,106319,42,168654
6813,0.015814,172.217.194.0-255,5738,112057,42,168654
6814,0.015823,172.31.46.0-255,66,112123,42,168654
6815,0.018469,172.217.194.0-255,5738,117861,42,168654
6816,0.018477,172.31.46.0-255,66,117927,42,168654
6817,0.021105,172.217.194.0-255,5738,123665,42,168654
6818,0.021112,172.31.46.0-255,66,123731,42,168654
6819,0.023707,172.31.46.0-255,172,123903,42,168654
6820,0.023732,172.31.46.0-255,1110,125013,42,168654
6821,0.023744,172.217.194.0-255,5738,130751,42,168654
6822,0.023748,172.31.46.0-255,66,130817,42,168654
6823,0.023812,172.31.46.0-255,1514,132331,42,168654
6824,0.023813,172.31.46.0-255,1301,133632,42,168654
6825,0.025242,104.244.42.0-255,66,133698,42,168654
6826,0.025384,104.244.42.0-255,66,133764,42,168654
6827,0.025405,104.244.42.0-255,66,133830,42,168654
6828,0.02638,172.217.194.0-255,5738,139568,42,168654
6829,0.026386,172.31.46.0-255,66,139634,42,168654
6830,0.028999,172.217.194.0-255,5738,145372,42,168654
6831,0.029006,172.31.46.0-255,66,145438,42,168654
6832,0.031654,172.217.194.0-255,5738,151176,42,168654
6833,0.031661,172.31.46.0-255,66,151242,42,168654
6834,0.034311,172.217.194.0-255,5738,156980,42,168654
6835,0.034317,172.31.46.0-255,66,157046,42,168654
6836,0.036992,172.217.194.0-255,5738,162784,42,168654
6837,0.037,172.31.46.0-255,66,162850,42,168654
6838,0.03966,172.217.194.0-255,5738,168588,42,168654
6839,0.039668,172.31.46.0-255,66,168654,42,168654
6840,0.0,74.125.130.0-255,150,150,42,183346
6841,1.7e-05,172.31.46.0-255,66,216,42,183346
6842,4.9e-05,74.125.130.0-255,1484,1700,42,183346
6843,5.3e-05,172.31.46.0-255,66,1766,42,183346
6844,5.9e-05,74.125.130.0-255,2902,4668,42,183346
6845,6.2e-05,172.31.46.0-255,66,4734,42,183346
6846,6.5e-05,74.125.130.0-255,1484,6218,42,183346
6847,7.3e-05,172.31.46.0-255,66,6284,42,183346
6848,0.000104,74.125.130.0-255,2902,9186,42,183346
6849,0.000112,172.31.46.0-255,66,9252,42,183346
6850,0.000118,74.125.130.0-255,4882,14134,42,183346
6851,0.000121,172.31.46.0-255,66,14200,42,183346
6852,0.000731,74.125.130.0-255,1484,15684,42,183346
6853,0.000738,172.31.46.0-255,66,15750,42,183346
6854,0.000746,74.125.130.0-255,2902,18652,42,183346
6855,0.000749,172.31.46.0-255,66,18718,42,183346
6856,0.000793,74.125.130.0-255,5738,24456,42,183346
6857,0.000797,172.31.46.0-255,66,24522,42,183346
6858,0.000802,74.125.130.0-255,2902,27424,42,183346
6859,0.000804,172.31.46.0-255,66,27490,42,183346
6860,0.000816,74.125.130.0-255,3961,31451,42,183346
6861,0.000818,172.31.46.0-255,66,31517,42,183346
6862,0.000963,74.125.130.0-255,1484,33001,42,183346
6863,0.000968,172.31.46.0-255,66,33067,42,183346
6864,0.000975,74.125.130.0-255,2902,35969,42,183346
6865,0.000979,172.31.46.0-255,66,36035,42,183346
6866,0.001008,74.125.130.0-255,4320,40355,42,183346
6867,0.001016,172.31.46.0-255,66,40421,42,183346
6868,0.001022,74.125.130.0-255,5738,46159,42,183346
6869,0.001025,172.31.46.0-255,66,46225,42,183346
6870,0.001057,74.125.130.0-255,2543,48768,42,183346
6871,0.001059,172.31.46.0-255,66,48834,42,183346
6872,0.001064,74.125.130.0-255,2902,51736,42,183346
6873,0.001066,172.31.46.0-255,66,51802,42,183346
6874,0.001087,74.125.130.0-255,2902,54704,42,183346
6875,0.001089,172.31.46.0-255,66,54770,42,183346
6876,0.001112,74.125.130.0-255,1484,56254,42,183346
6877,0.001118,74.125.130.0-255,4320,60574,42,183346
6878,0.001121,172.31.46.0-255,66,60640,42,183346
6879,0.001137,74.125.130.0-255,1484,62124,42,183346
6880,0.001158,74.125.130.0-255,3961,66085,42,183346
6881,0.001161,172.31.46.0-255,66,66151,42,183346
6882,0.001164,74.125.130.0-255,362,66513,42,183346
6883,0.001276,74.125.130.0-255,381,66894,42,183346
6884,0.001724,74.125.130.0-255,1484,68378,42,183346
6885,0.001732,172.31.46.0-255,66,68444,42,183346
6886,0.001737,74.125.130.0-255,2902,71346,42,183346
6887,0.001739,172.31.46.0-255,66,71412,42,183346
6888,0.001744,74.125.130.0-255,2902,74314,42,183346
6889,0.001751,172.31.46.0-255,66,74380,42,183346
6890,0.001786,74.125.130.0-255,4320,78700,42,183346
6891,0.001788,172.31.46.0-255,66,78766,42,183346
6892,0.0018,172.31.46.0-255,66,78832,42,183346
6893,0.001811,74.125.130.0-255,5738,84570,42,183346
6894,0.001813,172.31.46.0-255,66,84636,42,183346
6895,0.001817,74.125.130.0-255,1484,86120,42,183346
6896,0.001845,74.125.130.0-255,5738,91858,42,183346
6897,0.001847,172.31.46.0-255,66,91924,42,183346
6898,0.00185,74.125.130.0-255,766,92690,42,183346
6899,0.002773,74.125.130.0-255,1484,94174,42,183346
6900,0.002776,172.31.46.0-255,66,94240,42,183346
6901,0.00278,74.125.130.0-255,1484,95724,42,183346
6902,0.0028,74.125.130.0-255,1484,97208,42,183346
6903,0.002802,172.31.46.0-255,66,97274,42,183346
6904,0.002828,74.125.130.0-255,4320,101594,42,183346
6905,0.00283,172.31.46.0-255,66,101660,42,183346
6906,0.00286,74.125.130.0-255,1484,103144,42,183346
6907,0.002864,74.125.130.0-255,2902,106046,42,183346
6908,0.002866,172.31.46.0-255,66,106112,42,183346
6909,0.005517,74.125.130.0-255,1484,107596,42,183346
6910,0.005562,74.125.130.0-255,1484,109080,42,183346
6911,0.005567,172.31.46.0-255,66,109146,42,183346
6912,0.005601,74.125.130.0-255,2902,112048,42,183346
6913,0.005604,172.31.46.0-255,66,112114,42,183346
6914,0.008287,74.125.130.0-255,2902,115016,42,183346
6915,0.008294,172.31.46.0-255,66,115082,42,183346
6916,0.008326,74.125.130.0-255,2902,117984,42,183346
6917,0.008329,172.31.46.0-255,66,118050,42,183346
6918,0.011015,74.125.130.0-255,2902,120952,42,183346
6919,0.011022,172.31.46.0-255,66,121018,42,183346
6920,0.011054,74.125.130.0-255,2902,123920,42,183346
6921,0.011057,172.31.46.0-255,66,123986,42,183346
6922,0.013722,74.125.130.0-255,2902,126888,42,183346
6923,0.013729,172.31.46.0-255,66,126954,42,183346
6924,0.013758,74.125.130.0-255,2902,129856,42,183346
6925,0.013761,172.31.46.0-255,66,129922,42,183346
6926,0.016423,74.125.130.0-255,2902,132824,42,183346
6927,0.01643,172.31.46.0-255,66,132890,42,183346
6928,0.016463,74.125.130.0-255,2902,135792,42,183346
6929,0.016466,172.31.46.0-255,66,135858,42,183346
6930,0.019127,74.125.130.0-255,2902,138760,42,183346
6931,0.019134,172.31.46.0-255,66,138826,42,183346
6932,0.01916,74.125.130.0-255,2902,141728,42,183346
6933,0.019163,172.31.46.0-255,66,141794,42,183346
6934,0.021828,74.125.130.0-255,2902,144696,42,183346
6935,0.021835,172.31.46.0-255,66,144762,42,183346
6936,0.021866,74.125.130.0-255,2902,147664,42,183346
6937,0.021869,172.31.46.0-255,66,147730,42,183346
6938,0.024531,74.125.130.0-255,2902,150632,42,183346
6939,0.024538,172.31.46.0-255,66,150698,42,183346
6940,0.024571,74.125.130.0-255,2902,153600,42,183346
6941,0.024574,172.31.46.0-255,66,153666,42,183346
6942,0.027235,74.125.130.0-255,2902,156568,42,183346
6943,0.027242,172.31.46.0-255,66,156634,42,183346
6944,0.027266,74.125.130.0-255,2902,159536,42,183346
6945,0.027269,172.31.46.0-255,66,159602,42,183346
6946,0.029937,74.125.130.0-255,2902,162504,42,183346
6947,0.029943,172.31.46.0-255,66,162570,42,183346
6948,0.029974,74.125.130.0-255,2902,165472,42,183346
6949,0.029977,172.31.46.0-255,66,165538,42,183346
6950,0.032669,74.125.130.0-255,2902,168440,42,183346
6951,0.032676,172.31.46.0-255,66,168506,42,183346
6952,0.032705,74.125.130.0-255,2902,171408,42,183346
6953,0.032708,172.31.46.0-255,66,171474,42,183346
6954,0.035373,74.125.130.0-255,2902,174376,42,183346
6955,0.03538,172.31.46.0-255,66,174442,42,183346
6956,0.035408,74.125.130.0-255,2902,177344,42,183346
6957,0.035411,172.31.46.0-255,66,177410,42,183346
6958,0.038089,74.125.130.0-255,2902,180312,42,183346
6959,0.038095,172.31.46.0-255,66,180378,42,183346
6960,0.038128,74.125.130.0-255,2902,183280,42,183346
6961,0.03813,172.31.46.0-255,66,183346,42,183346
6962,0.0,74.125.24.0-255,153,153,42,292572
6963,2.5e-05,172.31.46.0-255,66,219,42,292572
6964,3.3e-05,74.125.24.0-255,1484,1703,42,292572
6965,3.8e-05,172.31.46.0-255,66,1769,42,292572
6966,4.4e-05,74.125.24.0-255,2902,4671,42,292572
6967,4.9e-05,172.31.46.0-255,66,4737,42,292572
6968,5.5e-05,74.125.24.0-255,4320,9057,42,292572
6969,5.9e-05,172.31.46.0-255,66,9123,42,292572
6970,8.1e-05,74.125.24.0-255,1484,10607,42,292572
6971,8.3e-05,172.31.46.0-255,66,10673,42,292572
6972,0.00011,172.31.46.0-255,66,10739,42,292572
6973,0.000116,74.125.24.0-255,4320,15059,42,292572
6974,0.000119,172.31.46.0-255,66,15125,42,292572
6975,0.000138,74.125.24.0-255,4320,19445,42,292572
6976,0.00014,172.31.46.0-255,66,19511,42,292572
6977,0.000146,74.125.24.0-255,4320,23831,42,292572
6978,0.000149,172.31.46.0-255,66,23897,42,292572
6979,0.000183,172.31.46.0-255,66,23963,42,292572
6980,0.000219,74.125.24.0-255,2184,26147,42,292572
6981,0.000221,172.31.46.0-255,66,26213,42,292572
6982,0.000258,74.125.24.0-255,1484,27697,42,292572
6983,0.00026,172.31.46.0-255,66,27763,42,292572
6984,0.000279,74.125.24.0-255,1484,29247,42,292572
6985,0.000281,172.31.46.0-255,66,29313,42,292572
6986,0.0003,74.125.24.0-255,1484,30797,42,292572
6987,0.000302,172.31.46.0-255,66,30863,42,292572
6988,0.000309,74.125.24.0-255,5738,36601,42,292572
6989,0.000312,172.31.46.0-255,66,36667,42,292572
6990,0.000314,74.125.24.0-255,1484,38151,42,292572
6991,0.000316,172.31.46.0-255,66,38217,42,292572
6992,0.000358,74.125.24.0-255,5653,43870,42,292572
6993,0.000362,172.31.46.0-255,66,43936,42,292572
6994,0.000429,74.125.24.0-255,1484,45420,42,292572
6995,0.000432,172.31.46.0-255,66,45486,42,292572
6996,0.000453,74.125.24.0-255,2902,48388,42,292572
6997,0.000456,172.31.46.0-255,66,48454,42,292572
6998,0.000461,74.125.24.0-255,2902,51356,42,292572
6999,0.000462,172.31.46.0-255,66,51422,42,292572
7000,0.000477,74.125.24.0-255,1484,52906,42,292572
7001,0.000479,172.31.46.0-255,66,52972,42,292572
7002,0.000495,74.125.24.0-255,4320,57292,42,292572
7003,0.000497,172.31.46.0-255,66,57358,42,292572
7004,0.000522,74.125.24.0-255,4253,61611,42,292572
7005,0.000525,172.31.46.0-255,66,61677,42,292572
7006,0.000532,74.125.24.0-255,7156,68833,42,292572
7007,0.000577,74.125.24.0-255,1125,69958,42,292572
7008,0.000621,172.31.46.0-255,66,70024,42,292572
7009,0.000685,74.125.24.0-255,1484,71508,42,292572
7010,0.000698,74.125.24.0-255,2902,74410,42,292572
7011,0.000701,74.125.24.0-255,1484,75894,42,292572
7012,0.000711,172.31.46.0-255,66,75960,42,292572
7013,0.000723,74.125.24.0-255,4320,80280,42,292572
7014,0.000726,74.125.24.0-255,1484,81764,42,292572
7015,0.000741,172.31.46.0-255,66,81830,42,292572
7016,0.000768,74.125.24.0-255,2902,84732,42,292572
7017,0.000789,172.31.46.0-255,66,84798,42,292572
7018,0.000801,74.125.24.0-255,1484,86282,42,292572
7019,0.000806,172.31.46.0-255,66,86348,42,292572
7020,0.000819,74.125.24.0-255,7156,93504,42,292572
7021,0.000831,74.125.24.0-255,2902,96406,42,292572
7022,0.000844,172.31.46.0-255,66,96472,42,292572
7023,0.000875,74.125.24.0-255,2902,99374,42,292572
7024,0.000881,172.31.46.0-255,66,99440,42,292572
7025,0.000909,74.125.24.0-255,6438,105878,42,292572
7026,0.000915,172.31.46.0-255,66,105944,42,292572
7027,0.000931,74.125.24.0-255,1484,107428,42,292572
7028,0.000952,74.125.24.0-255,2902,110330,42,292572
7029,0.000955,74.125.24.0-255,1484,111814,42,292572
7030,0.000961,172.31.46.0-255,66,111880,42,292572
7031,0.000973,74.125.24.0-255,4320,116200,42,292572
7032,0.000979,74.125.24.0-255,5738,121938,42,292572
7033,0.000982,74.125.24.0-255,1484,123422,42,292572
7034,0.001018,74.125.24.0-255,1484,124906,42,292572
7035,0.001024,74.125.24.0-255,5020,129926,42,292572
7036,0.001031,172.31.46.0-255,66,129992,42,292572
7037,0.001327,74.125.24.0-255,1484,131476,42,292572
7038,0.001353,74.125.24.0-255,2902,134378,42,292572
7039,0.00136,74.125.24.0-255,5738,140116,42,292572
7040,0.00137,172.31.46.0-255,66,140182,42,292572
7041,0.001383,74.125.24.0-255,2902,143084,42,292572
7042,0.001397,74.125.24.0-255,4320,147404,42,292572
7043,0.001406,74.125.24.0-255,1484,148888,42,292572
7044,0.001414,74.125.24.0-255,5738,154626,42,292572
7045,0.00142,172.31.46.0-255,66,154692,42,292572
7046,0.001441,74.125.24.0-255,4320,159012,42,292572
7047,0.001446,74.125.24.0-255,5020,164032,42,292572
7048,0.001487,172.31.46.0-255,66,164098,42,292572
7049,0.001734,74.125.24.0-255,1484,165582,42,292572
7050,0.001754,74.125.24.0-255,2902,168484,42,292572
7051,0.001757,172.31.46.0-255,66,168550,42,292572
7052,0.001765,74.125.24.0-255,5738,174288,42,292572
7053,0.001776,74.125.24.0-255,1484,175772,42,292572
7054,0.001787,74.125.24.0-255,1484,177256,42,292572
7055,0.001807,74.125.24.0-255,5738,182994,42,292572
7056,0.001821,74.125.24.0-255,1484,184478,42,292572
7057,0.001837,74.125.24.0-255,4320,188798,42,292572
7058,0.00199,74.125.24.0-255,1484,190282,42,292572
7059,0.001994,74.125.24.0-255,1484,191766,42,292572
7060,0.002006,74.125.24.0-255,1484,193250,42,292572
7061,0.002012,74.125.24.0-255,4320,197570,42,292572
7062,0.002031,74.125.24.0-255,1484,199054,42,292572
7063,0.002036,74.125.24.0-255,2902,201956,42,292572
7064,0.002058,74.125.24.0-255,5738,207694,42,292572
7065,0.002085,74.125.24.0-255,4320,212014,42,292572
7066,0.0021,74.125.24.0-255,4320,216334,42,292572
7067,0.002117,74.125.24.0-255,6438,222772,42,292572
7068,0.00212,74.125.24.0-255,1484,224256,42,292572
7069,0.002163,74.125.24.0-255,2902,227158,42,292572
7070,0.007875,172.31.46.0-255,66,227224,42,292572
7071,0.010013,74.125.24.0-255,5738,232962,42,292572
7072,0.010027,172.31.46.0-255,66,233028,42,292572
7073,0.012177,74.125.24.0-255,5738,238766,42,292572
7074,0.012191,172.31.46.0-255,66,238832,42,292572
7075,0.0143,74.125.24.0-255,5738,244570,42,292572
7076,0.014313,172.31.46.0-255,66,244636,42,292572
7077,0.016424,74.125.24.0-255,5738,250374,42,292572
7078,0.01644,172.31.46.0-255,66,250440,42,292572
7079,0.018597,74.125.24.0-255,5738,256178,42,292572
7080,0.019115,172.31.46.0-255,66,256244,42,292572
7081,0.021216,74.125.24.0-255,5738,261982,42,292572
7082,0.021229,172.31.46.0-255,66,262048,42,292572
7083,0.023339,74.125.24.0-255,5738,267786,42,292572
7084,0.023349,172.31.46.0-255,66,267852,42,292572
7085,0.02549,74.125.24.0-255,5738,273590,42,292572
7086,0.025499,172.31.46.0-255,66,273656,42,292572
7087,0.027619,74.125.24.0-255,5738,279394,42,292572
7088,0.027633,172.31.46.0-255,66,279460,42,292572
7089,0.029746,74.125.24.0-255,5738,285198,42,292572
7090,0.029762,172.31.46.0-255,66,285264,42,292572
7091,0.031038,172.31.46.0-255,163,285427,42,292572
7092,0.031081,172.31.46.0-255,1144,286571,42,292572
7093,0.031144,172.31.46.0-255,1514,288085,42,292572
7094,0.031146,172.31.46.0-255,1265,289350,42,292572
7095,0.031914,74.125.24.0-255,2787,292137,42,292572
7096,0.031921,172.31.46.0-255,66,292203,42,292572
7097,0.032128,172.31.46.0-255,105,292308,42,292572
7098,0.032702,104.244.42.0-255,66,292374,42,292572
7099,0.032786,104.244.42.0-255,66,292440,42,292572
7100,0.032894,104.244.42.0-255,66,292506,42,292572
7101,0.034208,74.125.24.0-255,66,292572,42,292572
7102,0.0,172.217.194.0-255,150,150,42,209139
7103,2.7e-05,172.31.46.0-255,66,216,42,209139
7104,3.4e-05,172.217.194.0-255,1484,1700,42,209139
7105,3.9e-05,172.31.46.0-255,66,1766,42,209139
7106,4.4e-05,172.217.194.0-255,2902,4668,42,209139
7107,4.8e-05,172.31.46.0-255,66,4734,42,209139
7108,5.6e-05,172.217.194.0-255,7156,11890,42,209139
7109,6e-05,172.31.46.0-255,66,11956,42,209139
7110,6.4e-05,172.217.194.0-255,2123,14079,42,209139
7111,6.8e-05,172.31.46.0-255,66,14145,42,209139
7112,8.2e-05,172.31.46.0-255,66,14211,42,209139
7113,0.000112,172.217.194.0-255,5379,19590,42,209139
7114,0.000115,172.31.46.0-255,66,19656,42,209139
7115,0.000212,172.217.194.0-255,1484,21140,42,209139
7116,0.000217,172.31.46.0-255,66,21206,42,209139
7117,0.000223,172.217.194.0-255,2902,24108,42,209139
7118,0.000225,172.31.46.0-255,66,24174,42,209139
7119,0.000228,172.217.194.0-255,1484,25658,42,209139
7120,0.000231,172.31.46.0-255,66,25724,42,209139
7121,0.000256,172.217.194.0-255,4320,30044,42,209139
7122,0.000259,172.31.46.0-255,66,30110,42,209139
7123,0.000266,172.217.194.0-255,6797,36907,42,209139
7124,0.000269,172.31.46.0-255,66,36973,42,209139
7125,0.000273,172.217.194.0-255,2902,39875,42,209139
7126,0.000275,172.31.46.0-255,66,39941,42,209139
7127,0.000309,172.31.46.0-255,66,40007,42,209139
7128,0.000313,172.217.194.0-255,2543,42550,42,209139
7129,0.000315,172.31.46.0-255,66,42616,42,209139
7130,0.000939,172.217.194.0-255,366,42982,42,209139
7131,0.000947,172.31.46.0-255,66,43048,42,209139
7132,0.001035,172.217.194.0-255,1484,44532,42,209139
7133,0.001058,172.217.194.0-255,2902,47434,42,209139
7134,0.001062,172.31.46.0-255,66,47500,42,209139
7135,0.00107,172.217.194.0-255,5738,53238,42,209139
7136,0.001072,172.31.46.0-255,66,53304,42,209139
7137,0.001115,172.31.46.0-255,66,53370,42,209139
7138,0.001129,172.31.46.0-255,66,53436,42,209139
7139,0.001487,172.217.194.0-255,1484,54920,42,209139
7140,0.001495,172.217.194.0-255,2902,57822,42,209139
7141,0.001498,172.31.46.0-255,66,57888,42,209139
7142,0.001507,172.217.194.0-255,5738,63626,42,209139
7143,0.001509,172.31.46.0-255,66,63692,42,209139
7144,0.001513,172.217.194.0-255,1484,65176,42,209139
7145,0.001541,172.217.194.0-255,5738,70914,42,209139
7146,0.001544,172.31.46.0-255,66,70980,42,209139
7147,0.001551,172.217.194.0-255,5738,76718,42,209139
7148,0.001553,172.31.46.0-255,66,76784,42,209139
7149,0.001584,172.31.46.0-255,66,76850,42,209139
7150,0.001588,172.217.194.0-255,2184,79034,42,209139
7151,0.00159,172.31.46.0-255,66,79100,42,209139
7152,0.001594,172.217.194.0-255,2902,82002,42,209139
7153,0.001597,172.31.46.0-255,66,82068,42,209139
7154,0.0016,172.217.194.0-255,1484,83552,42,209139
7155,0.001622,172.217.194.0-255,5738,89290,42,209139
7156,0.001625,172.31.46.0-255,66,89356,42,209139
7157,0.001642,172.31.46.0-255,66,89422,42,209139
7158,0.001645,172.217.194.0-255,1484,90906,42,209139
7159,0.001665,172.217.194.0-255,4320,95226,42,209139
7160,0.001668,172.31.46.0-255,66,95292,42,209139
7161,0.001686,172.217.194.0-255,2184,97476,42,209139
7162,0.001688,172.31.46.0-255,66,97542,42,209139
7163,0.002051,172.217.194.0-255,1484,99026,42,209139
7164,0.00206,172.217.194.0-255,2902,101928,42,209139
7165,0.002064,172.31.46.0-255,66,101994,42,209139
7166,0.002071,172.217.194.0-255,5738,107732,42,209139
7167,0.002074,172.31.46.0-255,66,107798,42,209139
7168,0.00208,172.217.194.0-255,4320,112118,42,209139
7169,0.002084,172.31.46.0-255,66,112184,42,209139
7170,0.002158,172.31.46.0-255,66,112250,42,209139
7171,0.002161,172.217.194.0-255,1484,113734,42,209139
7172,0.002165,172.217.194.0-255,1484,115218,42,209139
7173,0.002167,172.31.46.0-255,66,115284,42,209139
7174,0.00217,172.217.194.0-255,766,116050,42,209139
7175,0.00228,172.217.194.0-255,1484,117534,42,209139
7176,0.002285,172.31.46.0-255,66,117600,42,209139
7177,0.00229,172.217.194.0-255,2902,120502,42,209139
7178,0.002293,172.31.46.0-255,66,120568,42,209139
7179,0.002312,172.217.194.0-255,2902,123470,42,209139
7180,0.002314,172.31.46.0-255,66,123536,42,209139
7181,0.00234,172.217.194.0-255,2902,126438,42,209139
7182,0.002343,172.31.46.0-255,66,126504,42,209139
7183,0.002359,172.31.46.0-255,66,126570,42,209139
7184,0.002363,172.217.194.0-255,2902,129472,42,209139
7185,0.002366,172.31.46.0-255,66,129538,42,209139
7186,0.002388,172.217.194.0-255,5738,135276,42,209139
7187,0.002391,172.31.46.0-255,66,135342,42,209139
7188,0.002394,172.217.194.0-255,1484,136826,42,209139
7189,0.002397,172.217.194.0-255,766,137592,42,209139
7190,0.002399,172.31.46.0-255,66,137658,42,209139
7191,0.002405,172.217.194.0-255,4320,141978,42,209139
7192,0.002407,172.31.46.0-255,66,142044,42,209139
7193,0.00241,172.217.194.0-255,1484,143528,42,209139
7194,0.002425,172.217.194.0-255,1484,145012,42,209139
7195,0.002427,172.31.46.0-255,66,145078,42,209139
7196,0.00248,172.31.46.0-255,66,145144,42,209139
7197,0.002482,172.217.194.0-255,1484,146628,42,209139
7198,0.002501,172.217.194.0-255,1484,148112,42,209139
7199,0.002504,172.31.46.0-255,66,148178,42,209139
7200,0.002532,172.31.46.0-255,66,148244,42,209139
7201,0.003057,172.217.194.0-255,1484,149728,42,209139
7202,0.003066,172.217.194.0-255,2902,152630,42,209139
7203,0.003073,172.31.46.0-255,66,152696,42,209139
7204,0.00308,172.217.194.0-255,5738,158434,42,209139
7205,0.003083,172.31.46.0-255,66,158500,42,209139
7206,0.003115,172.31.46.0-255,66,158566,42,209139
7207,0.003169,172.31.46.0-255,66,158632,42,209139
7208,0.004472,172.217.194.0-255,1484,160116,42,209139
7209,0.004481,172.217.194.0-255,2902,163018,42,209139
7210,0.004486,172.31.46.0-255,66,163084,42,209139
7211,0.004491,172.217.194.0-255,1484,164568,42,209139
7212,0.004508,172.217.194.0-255,2902,167470,42,209139
7213,0.00451,172.31.46.0-255,66,167536,42,209139
7214,0.004532,172.217.194.0-255,5738,173274,42,209139
7215,0.004535,172.31.46.0-255,66,173340,42,209139
7216,0.00454,172.217.194.0-255,2902,176242,42,209139
7217,0.004542,172.31.46.0-255,66,176308,42,209139
7218,0.004556,172.31.46.0-255,66,176374,42,209139
7219,0.004562,172.217.194.0-255,4320,180694,42,209139
7220,0.004564,172.31.46.0-255,66,180760,42,209139
7221,0.004596,172.217.194.0-255,3602,184362,42,209139
7222,0.004599,172.31.46.0-255,66,184428,42,209139
7223,0.004606,172.217.194.0-255,5738,190166,42,209139
7224,0.004608,172.31.46.0-255,66,190232,42,209139
7225,0.004623,172.31.46.0-255,66,190298,42,209139
7226,0.004635,172.31.46.0-255,66,190364,42,209139
7227,0.004994,172.217.194.0-255,1484,191848,42,209139
7228,0.005,172.217.194.0-255,2902,194750,42,209139
7229,0.005004,172.31.46.0-255,66,194816,42,209139
7230,0.005026,172.217.194.0-255,4320,199136,42,209139
7231,0.005029,172.31.46.0-255,66,199202,42,209139
7232,0.005047,172.217.194.0-255,1484,200686,42,209139
7233,0.005055,172.217.194.0-255,7156,207842,42,209139
7234,0.005057,172.31.46.0-255,66,207908,42,209139
7235,0.00506,172.217.194.0-255,889,208797,42,209139
7236,0.005088,172.217.194.0-255,105,208902,42,209139
7237,0.006644,172.31.46.0-255,66,208968,42,209139
7238,0.006688,172.31.46.0-255,105,209073,42,209139
7239,0.00876,172.217.194.0-255,66,209139,42,209139
7240,0.0,74.125.24.0-255,153,153,42,252800
7241,1.5e-05,172.31.46.0-255,66,219,42,252800
7242,2.1e-05,74.125.24.0-255,1484,1703,42,252800
7243,2.6e-05,172.31.46.0-255,66,1769,42,252800
7244,3.2e-05,74.125.24.0-255,2902,4671,42,252800
7245,4.3e-05,172.31.46.0-255,66,4737,42,252800
7246,5.1e-05,74.125.24.0-255,7156,11893,42,252800
7247,5.4e-05,172.31.46.0-255,66,11959,42,252800
7248,5.8e-05,74.125.24.0-255,2003,13962,42,252800
7249,6.1e-05,172.31.46.0-255,66,14028,42,252800
7250,0.000117,74.125.24.0-255,4320,18348,42,252800
7251,0.00012,172.31.46.0-255,66,18414,42,252800
7252,0.000153,74.125.24.0-255,7156,25570,42,252800
7253,0.000156,172.31.46.0-255,66,25636,42,252800
7254,0.000183,74.125.24.0-255,5379,31015,42,252800
7255,0.000186,172.31.46.0-255,66,31081,42,252800
7256,0.000387,74.125.24.0-255,1484,32565,42,252800
7257,0.000392,172.31.46.0-255,66,32631,42,252800
7258,0.000396,74.125.24.0-255,1484,34115,42,252800
7259,0.000399,172.31.46.0-255,66,34181,42,252800
7260,0.000418,74.125.24.0-255,1484,35665,42,252800
7261,0.000424,172.31.46.0-255,66,35731,42,252800
7262,0.000457,74.125.24.0-255,5738,41469,42,252800
7263,0.00046,172.31.46.0-255,66,41535,42,252800
7264,0.000468,74.125.24.0-255,5738,47273,42,252800
7265,0.00047,172.31.46.0-255,66,47339,42,252800
7266,0.000496,74.125.24.0-255,1125,48464,42,252800
7267,0.000499,172.31.46.0-255,66,48530,42,252800
7268,0.000507,74.125.24.0-255,7156,55686,42,252800
7269,0.00051,172.31.46.0-255,66,55752,42,252800
7270,0.000543,74.125.24.0-255,5738,61490,42,252800
7271,0.000547,172.31.46.0-255,66,61556,42,252800
7272,0.000574,74.125.24.0-255,4285,65841,42,252800
7273,0.000576,172.31.46.0-255,66,65907,42,252800
7274,0.000997,74.125.24.0-255,1484,67391,42,252800
7275,0.001018,74.125.24.0-255,2902,70293,42,252800
7276,0.001023,172.31.46.0-255,66,70359,42,252800
7277,0.001031,74.125.24.0-255,5738,76097,42,252800
7278,0.001034,172.31.46.0-255,66,76163,42,252800
7279,0.001042,74.125.24.0-255,1484,77647,42,252800
7280,0.001087,74.125.24.0-255,4320,81967,42,252800
7281,0.00109,172.31.46.0-255,66,82033,42,252800
7282,0.001106,74.125.24.0-255,1368,83401,42,252800
7283,0.001417,74.125.24.0-255,1484,84885,42,252800
7284,0.001422,172.31.46.0-255,66,84951,42,252800
7285,0.001428,74.125.24.0-255,2902,87853,42,252800
7286,0.00143,172.31.46.0-255,66,87919,42,252800
7287,0.001466,74.125.24.0-255,5738,93657,42,252800
7288,0.001469,172.31.46.0-255,66,93723,42,252800
7289,0.001495,74.125.24.0-255,2902,96625,42,252800
7290,0.001498,172.31.46.0-255,66,96691,42,252800
7291,0.001526,74.125.24.0-255,5379,102070,42,252800
7292,0.001528,172.31.46.0-255,66,102136,42,252800
7293,0.001539,172.31.46.0-255,66,102202,42,252800
7294,0.001556,172.31.46.0-255,66,102268,42,252800
7295,0.001609,172.31.46.0-255,66,102334,42,252800
7296,0.001835,74.125.24.0-255,1484,103818,42,252800
7297,0.001848,74.125.24.0-255,2902,106720,42,252800
7298,0.001851,172.31.46.0-255,66,106786,42,252800
7299,0.001857,74.125.24.0-255,4320,111106,42,252800
7300,0.001858,172.31.46.0-255,66,111172,42,252800
7301,0.001888,74.125.24.0-255,1484,112656,42,252800
7302,0.001898,172.31.46.0-255,66,112722,42,252800
7303,0.001924,74.125.24.0-255,4320,117042,42,252800
7304,0.001927,172.31.46.0-255,66,117108,42,252800
7305,0.001933,74.125.24.0-255,7156,124264,42,252800
7306,0.001935,172.31.46.0-255,66,124330,42,252800
7307,0.001943,74.125.24.0-255,3602,127932,42,252800
7308,0.001945,172.31.46.0-255,66,127998,42,252800
7309,0.002168,74.125.24.0-255,1484,129482,42,252800
7310,0.002172,74.125.24.0-255,1484,130966,42,252800
7311,0.002175,172.31.46.0-255,66,131032,42,252800
7312,0.002195,74.125.24.0-255,1484,132516,42,252800
7313,0.002224,74.125.24.0-255,1484,134000,42,252800
7314,0.002226,172.31.46.0-255,66,134066,42,252800
7315,0.002253,74.125.24.0-255,4320,138386,42,252800
7316,0.002256,172.31.46.0-255,66,138452,42,252800
7317,0.002261,74.125.24.0-255,4320,142772,42,252800
7318,0.002263,172.31.46.0-255,66,142838,42,252800
7319,0.002289,172.31.46.0-255,66,142904,42,252800
7320,0.002295,74.125.24.0-255,7156,150060,42,252800
7321,0.002297,172.31.46.0-255,66,150126,42,252800
7322,0.002331,74.125.24.0-255,3602,153728,42,252800
7323,0.002334,172.31.46.0-255,66,153794,42,252800
7324,0.002359,172.31.46.0-255,66,153860,42,252800
7325,0.002369,172.31.46.0-255,66,153926,42,252800
7326,0.002411,172.31.46.0-255,66,153992,42,252800
7327,0.002446,74.125.24.0-255,7156,161148,42,252800
7328,0.002449,172.31.46.0-255,66,161214,42,252800
7329,0.002465,172.31.46.0-255,66,161280,42,252800
7330,0.004896,74.125.24.0-255,5738,167018,42,252800
7331,0.004903,172.31.46.0-255,66,167084,42,252800
7332,0.007347,74.125.24.0-255,5738,172822,42,252800
7333,0.007351,172.31.46.0-255,66,172888,42,252800
7334,0.009814,74.125.24.0-255,5738,178626,42,252800
7335,0.009819,172.31.46.0-255,66,178692,42,252800
7336,0.012254,74.125.24.0-255,5738,184430,42,252800
7337,0.012262,172.31.46.0-255,66,184496,42,252800
7338,0.014709,74.125.24.0-255,5738,190234,42,252800
7339,0.014718,172.31.46.0-255,66,190300,42,252800
7340,0.016808,172.31.46.0-255,101,190401,42,252800
7341,0.017158,74.125.24.0-255,5738,196139,42,252800
7342,0.017165,172.31.46.0-255,66,196205,42,252800
7343,0.019273,74.125.24.0-255,66,196271,42,252800
7344,0.019582,74.125.24.0-255,5738,202009,42,252800
7345,0.019587,172.31.46.0-255,66,202075,42,252800
7346,0.021997,74.125.24.0-255,5738,207813,42,252800
7347,0.022007,172.31.46.0-255,66,207879,42,252800
7348,0.024439,74.125.24.0-255,5738,213617,42,252800
7349,0.024447,172.31.46.0-255,66,213683,42,252800
7350,0.026864,74.125.24.0-255,5738,219421,42,252800
7351,0.02687,172.31.46.0-255,66,219487,42,252800
7352,0.028149,172.31.46.0-255,172,219659,42,252800
7353,0.028182,172.31.46.0-255,1110,220769,42,252800
7354,0.028245,172.31.46.0-255,1514,222283,42,252800
7355,0.028246,172.31.46.0-255,1299,223582,42,252800
7356,0.029302,74.125.24.0-255,5738,229320,42,252800
7357,0.02931,172.31.46.0-255,66,229386,42,252800
7358,0.029811,104.244.42.0-255,66,229452,42,252800
7359,0.029819,104.244.42.0-255,66,229518,42,252800
7360,0.029895,104.244.42.0-255,66,229584,42,252800
7361,0.031707,74.125.24.0-255,5738,235322,42,252800
7362,0.031714,172.31.46.0-255,66,235388,42,252800
7363,0.034156,74.125.24.0-255,5738,241126,42,252800
7364,0.034162,172.31.46.0-255,66,241192,42,252800
7365,0.036649,74.125.24.0-255,5738,246930,42,252800
7366,0.036656,172.31.46.0-255,66,246996,42,252800
7367,0.039096,74.125.24.0-255,5738,252734,42,252800
7368,0.039107,172.31.46.0-255,66,252800,42,252800
7369,0.0,74.125.68.0-255,152,152,42,337860
7370,1.5e-05,172.31.46.0-255,66,218,42,337860
7371,2.2e-05,74.125.68.0-255,1484,1702,42,337860
7372,2.7e-05,172.31.46.0-255,66,1768,42,337860
7373,3.3e-05,74.125.68.0-255,2902,4670,42,337860
7374,3.6e-05,172.31.46.0-255,66,4736,42,337860
7375,4.1e-05,74.125.68.0-255,2902,7638,42,337860
7376,4.3e-05,172.31.46.0-255,66,7704,42,337860
7377,6.5e-05,74.125.68.0-255,4320,12024,42,337860
7378,6.8e-05,172.31.46.0-255,66,12090,42,337860
7379,8.8e-05,74.125.68.0-255,2902,14992,42,337860
7380,9.1e-05,172.31.46.0-255,66,15058,42,337860
7381,0.000113,74.125.68.0-255,4899,19957,42,337860
7382,0.000116,172.31.46.0-255,66,20023,42,337860
7383,0.000126,172.31.46.0-255,66,20089,42,337860
7384,0.000155,172.31.46.0-255,66,20155,42,337860
7385,0.000192,74.125.68.0-255,7156,27311,42,337860
7386,0.000195,172.31.46.0-255,66,27377,42,337860
7387,0.000214,74.125.68.0-255,2184,29561,42,337860
7388,0.000217,172.31.46.0-255,66,29627,42,337860
7389,0.00025,74.125.68.0-255,5738,35365,42,337860
7390,0.000252,172.31.46.0-255,66,35431,42,337860
7391,0.000275,74.125.68.0-255,4320,39751,42,337860
7392,0.000278,172.31.46.0-255,66,39817,42,337860
7393,0.000283,74.125.68.0-255,4320,44137,42,337860
7394,0.000285,172.31.46.0-255,66,44203,42,337860
7395,0.00029,74.125.68.0-255,3133,47336,42,337860
7396,0.000292,172.31.46.0-255,66,47402,42,337860
7397,0.000353,74.125.68.0-255,2902,50304,42,337860
7398,0.000357,172.31.46.0-255,66,50370,42,337860
7399,0.000362,74.125.68.0-255,4320,54690,42,337860
7400,0.000364,172.31.46.0-255,66,54756,42,337860
7401,0.000398,172.31.46.0-255,66,54822,42,337860
7402,0.000403,74.125.68.0-255,4320,59142,42,337860
7403,0.000405,172.31.46.0-255,66,59208,42,337860
7404,0.00041,74.125.68.0-255,2902,62110,42,337860
7405,0.000411,172.31.46.0-255,66,62176,42,337860
7406,0.000438,74.125.68.0-255,2902,65078,42,337860
7407,0.00044,172.31.46.0-255,66,65144,42,337860
7408,0.000474,172.31.46.0-255,66,65210,42,337860
7409,0.000973,74.125.68.0-255,1484,66694,42,337860
7410,0.001,74.125.68.0-255,2902,69596,42,337860
7411,0.001004,172.31.46.0-255,66,69662,42,337860
7412,0.001009,74.125.68.0-255,2902,72564,42,337860
7413,0.001011,172.31.46.0-255,66,72630,42,337860
7414,0.001024,74.125.68.0-255,1484,74114,42,337860
7415,0.001027,74.125.68.0-255,1484,75598,42,337860
7416,0.001029,172.31.46.0-255,66,75664,42,337860
7417,0.00106,74.125.68.0-255,7156,82820,42,337860
7418,0.001063,172.31.46.0-255,66,82886,42,337860
7419,0.001069,74.125.68.0-255,4320,87206,42,337860
7420,0.001071,172.31.46.0-255,66,87272,42,337860
7421,0.001077,74.125.68.0-255,5738,93010,42,337860
7422,0.001079,172.31.46.0-255,66,93076,42,337860
7423,0.001103,74.125.68.0-255,4320,97396,42,337860
7424,0.001106,172.31.46.0-255,66,97462,42,337860
7425,0.001125,74.125.68.0-255,2184,99646,42,337860
7426,0.001129,172.31.46.0-255,66,99712,42,337860
7427,0.001355,74.125.68.0-255,1484,101196,42,337860
7428,0.001375,74.125.68.0-255,2902,104098,42,337860
7429,0.001379,172.31.46.0-255,66,104164,42,337860
7430,0.001386,74.125.68.0-255,5738,109902,42,337860
7431,0.001388,172.31.46.0-255,66,109968,42,337860
7432,0.001422,74.125.68.0-255,7156,117124,42,337860
7433,0.001425,172.31.46.0-255,66,117190,42,337860
7434,0.001429,74.125.68.0-255,2902,120092,42,337860
7435,0.001431,172.31.46.0-255,66,120158,42,337860
7436,0.001451,74.125.68.0-255,4320,124478,42,337860
7437,0.001455,172.31.46.0-255,66,124544,42,337860
7438,0.001462,74.125.68.0-255,1484,126028,42,337860
7439,0.001467,74.125.68.0-255,2902,128930,42,337860
7440,0.001469,172.31.46.0-255,66,128996,42,337860
7441,0.001484,74.125.68.0-255,5020,134016,42,337860
7442,0.001486,172.31.46.0-255,66,134082,42,337860
7443,0.001511,74.125.68.0-255,5738,139820,42,337860
7444,0.001513,172.31.46.0-255,66,139886,42,337860
7445,0.001537,74.125.68.0-255,2902,142788,42,337860
7446,0.001539,172.31.46.0-255,66,142854,42,337860
7447,0.001545,74.125.68.0-255,5738,148592,42,337860
7448,0.001547,172.31.46.0-255,66,148658,42,337860
7449,0.001554,74.125.68.0-255,7156,155814,42,337860
7450,0.001556,172.31.46.0-255,66,155880,42,337860
7451,0.00157,172.31.46.0-255,66,155946,42,337860
7452,0.001733,74.125.68.0-255,1484,157430,42,337860
7453,0.001737,74.125.68.0-255,1484,158914,42,337860
7454,0.00174,172.31.46.0-255,66,158980,42,337860
7455,0.001761,74.125.68.0-255,1484,160464,42,337860
7456,0.001766,74.125.68.0-255,2902,163366,42,337860
7457,0.001768,172.31.46.0-255,66,163432,42,337860
7458,0.001773,74.125.68.0-255,4320,167752,42,337860
7459,0.001776,172.31.46.0-255,66,167818,42,337860
7460,0.001789,74.125.68.0-255,1484,169302,42,337860
7461,0.001815,74.125.68.0-255,7156,176458,42,337860
7462,0.001818,172.31.46.0-255,66,176524,42,337860
7463,0.001823,74.125.68.0-255,4320,180844,42,337860
7464,0.001825,172.31.46.0-255,66,180910,42,337860
7465,0.001827,74.125.68.0-255,1484,182394,42,337860
7466,0.001848,74.125.68.0-255,4320,186714,42,337860
7467,0.00185,172.31.46.0-255,66,186780,42,337860
7468,0.001853,74.125.68.0-255,1484,188264,42,337860
7469,0.001878,74.125.68.0-255,2184,190448,42,337860
7470,0.001881,172.31.46.0-255,66,190514,42,337860
7471,0.002002,74.125.68.0-255,1484,191998,42,337860
7472,0.002006,74.125.68.0-255,1484,193482,42,337860
7473,0.002009,172.31.46.0-255,66,193548,42,337860
7474,0.002014,74.125.68.0-255,2902,196450,42,337860
7475,0.002016,172.31.46.0-255,66,196516,42,337860
7476,0.002035,74.125.68.0-255,5738,202254,42,337860
7477,0.002038,172.31.46.0-255,66,202320,42,337860
7478,0.002063,74.125.68.0-255,4320,206640,42,337860
7479,0.002066,172.31.46.0-255,66,206706,42,337860
7480,0.002086,74.125.68.0-255,5738,212444,42,337860
7481,0.002089,172.31.46.0-255,66,212510,42,337860
7482,0.002101,172.31.46.0-255,66,212576,42,337860
7483,0.002105,74.125.68.0-255,2184,214760,42,337860
7484,0.002107,172.31.46.0-255,66,214826,42,337860
7485,0.002135,74.125.68.0-255,2902,217728,42,337860
7486,0.002137,172.31.46.0-255,66,217794,42,337860
7487,0.002143,74.125.68.0-255,4320,222114,42,337860
7488,0.002145,172.31.46.0-255,66,222180,42,337860
7489,0.002161,74.125.68.0-255,2902,225082,42,337860
7490,0.002163,172.31.46.0-255,66,225148,42,337860
7491,0.002168,74.125.68.0-255,4320,229468,42,337860
7492,0.002171,172.31.46.0-255,66,229534,42,337860
7493,0.002187,74.125.68.0-255,1484,231018,42,337860
7494,0.002195,74.125.68.0-255,7156,238174,42,337860
7495,0.002198,172.31.46.0-255,66,238240,42,337860
7496,0.002213,74.125.68.0-255,1484,239724,42,337860
7497,0.002238,172.31.46.0-255,66,239790,42,337860
7498,0.002256,74.125.68.0-255,2902,242692,42,337860
7499,0.002259,172.31.46.0-255,66,242758,42,337860
7500,0.002276,74.125.68.0-255,1484,244242,42,337860
7501,0.00228,74.125.68.0-255,1484,245726,42,337860
7502,0.002283,172.31.46.0-255,66,245792,42,337860
7503,0.004539,74.125.68.0-255,5738,251530,42,337860
7504,0.004547,172.31.46.0-255,66,251596,42,337860
7505,0.006822,74.125.68.0-255,5738,257334,42,337860
7506,0.00683,172.31.46.0-255,66,257400,42,337860
7507,0.009094,74.125.68.0-255,5738,263138,42,337860
7508,0.0091,172.31.46.0-255,66,263204,42,337860
7509,0.011373,74.125.68.0-255,5738,268942,42,337860
7510,0.011381,172.31.46.0-255,66,269008,42,337860
7511,0.013656,74.125.68.0-255,5738,274746,42,337860
7512,0.013665,172.31.46.0-255,66,274812,42,337860
7513,0.015941,74.125.68.0-255,5738,280550,42,337860
7514,0.015951,172.31.46.0-255,66,280616,42,337860
7515,0.01824,74.125.68.0-255,5738,286354,42,337860
7516,0.018248,172.31.46.0-255,66,286420,42,337860
7517,0.020525,74.125.68.0-255,5738,292158,42,337860
7518,0.020533,172.31.46.0-255,66,292224,42,337860
7519,0.022814,74.125.68.0-255,5738,297962,42,337860
7520,0.022821,172.31.46.0-255,66,298028,42,337860
7521,0.025088,74.125.68.0-255,5738,303766,42,337860
7522,0.025096,172.31.46.0-255,66,303832,42,337860
7523,0.027366,74.125.68.0-255,5738,309570,42,337860
7524,0.027373,172.31.46.0-255,66,309636,42,337860
7525,0.029639,74.125.68.0-255,5738,315374,42,337860
7526,0.029647,172.31.46.0-255,66,315440,42,337860
7527,0.030098,172.31.46.0-255,167,315607,42,337860
7528,0.030128,172.31.46.0-255,1106,316713,42,337860
7529,0.030187,172.31.46.0-255,1514,318227,42,337860
7530,0.030189,172.31.46.0-255,1303,319530,42,337860
7531,0.031667,104.244.42.0-255,66,319596,42,337860
7532,0.031693,104.244.42.0-255,66,319662,42,337860
7533,0.031753,104.244.42.0-255,66,319728,42,337860
7534,0.031925,74.125.68.0-255,5738,325466,42,337860
7535,0.03193,172.31.46.0-255,66,325532,42,337860
7536,0.034208,74.125.68.0-255,5738,331270,42,337860
7537,0.034214,172.31.46.0-255,66,331336,42,337860
7538,0.036483,74.125.68.0-255,5738,337074,42,337860
7539,0.03649,172.31.46.0-255,66,337140,42,337860
7540,0.038743,74.125.68.0-255,549,337689,42,337860
7541,0.038865,172.31.46.0-255,66,337755,42,337860
7542,0.038897,172.31.46.0-255,105,337860,42,337860
7543,0.0,74.125.24.0-255,146,146,42,273922
7544,2.7e-05,172.31.46.0-255,66,212,42,273922
7545,3.4e-05,74.125.24.0-255,1484,1696,42,273922
7546,4e-05,172.31.46.0-255,66,1762,42,273922
7547,4.5e-05,74.125.24.0-255,2902,4664,42,273922
7548,5e-05,172.31.46.0-255,66,4730,42,273922
7549,5.7e-05,74.125.24.0-255,4320,9050,42,273922
7550,6e-05,172.31.46.0-255,66,9116,42,273922
7551,7.7e-05,74.125.24.0-255,2902,12018,42,273922
7552,8e-05,172.31.46.0-255,66,12084,42,273922
7553,0.000114,74.125.24.0-255,2039,14123,42,273922
7554,0.000118,172.31.46.0-255,66,14189,42,273922
7555,0.000168,74.125.24.0-255,2902,17091,42,273922
7556,0.000172,172.31.46.0-255,66,17157,42,273922
7557,0.000176,74.125.24.0-255,1484,18641,42,273922
7558,0.000178,172.31.46.0-255,66,18707,42,273922
7559,0.000185,74.125.24.0-255,5738,24445,42,273922
7560,0.000189,172.31.46.0-255,66,24511,42,273922
7561,0.000192,74.125.24.0-255,1484,25995,42,273922
7562,0.000194,172.31.46.0-255,66,26061,42,273922
7563,0.000218,74.125.24.0-255,5379,31440,42,273922
7564,0.000221,172.31.46.0-255,66,31506,42,273922
7565,0.000294,74.125.24.0-255,1484,32990,42,273922
7566,0.000298,172.31.46.0-255,66,33056,42,273922
7567,0.000304,74.125.24.0-255,2902,35958,42,273922
7568,0.000307,172.31.46.0-255,66,36024,42,273922
7569,0.000312,74.125.24.0-255,2902,38926,42,273922
7570,0.000314,172.31.46.0-255,66,38992,42,273922
7571,0.00033,74.125.24.0-255,2902,41894,42,273922
7572,0.000333,172.31.46.0-255,66,41960,42,273922
7573,0.000337,74.125.24.0-255,2902,44862,42,273922
7574,0.00034,172.31.46.0-255,66,44928,42,273922
7575,0.000371,74.125.24.0-255,6797,51725,42,273922
7576,0.000375,172.31.46.0-255,66,51791,42,273922
7577,0.000381,74.125.24.0-255,4320,56111,42,273922
7578,0.000383,172.31.46.0-255,66,56177,42,273922
7579,0.0004,74.125.24.0-255,5738,61915,42,273922
7580,0.000403,172.31.46.0-255,66,61981,42,273922
7581,0.000409,74.125.24.0-255,3961,65942,42,273922
7582,0.000411,172.31.46.0-255,66,66008,42,273922
7583,0.000556,74.125.24.0-255,646,66654,42,273922
7584,0.000713,74.125.24.0-255,1484,68138,42,273922
7585,0.000719,172.31.46.0-255,66,68204,42,273922
7586,0.000726,74.125.24.0-255,2902,71106,42,273922
7587,0.000729,172.31.46.0-255,66,71172,42,273922
7588,0.000735,74.125.24.0-255,4320,75492,42,273922
7589,0.000738,172.31.46.0-255,66,75558,42,273922
7590,0.000768,74.125.24.0-255,1484,77042,42,273922
7591,0.000781,172.31.46.0-255,66,77108,42,273922
7592,0.000794,172.31.46.0-255,66,77174,42,273922
7593,0.000821,74.125.24.0-255,5020,82194,42,273922
7594,0.000825,172.31.46.0-255,66,82260,42,273922
7595,0.001454,74.125.24.0-255,1484,83744,42,273922
7596,0.001463,74.125.24.0-255,2902,86646,42,273922
7597,0.001468,172.31.46.0-255,66,86712,42,273922
7598,0.001474,74.125.24.0-255,2902,89614,42,273922
7599,0.001477,172.31.46.0-255,66,89680,42,273922
7600,0.001504,74.125.24.0-255,2902,92582,42,273922
7601,0.001508,172.31.46.0-255,66,92648,42,273922
7602,0.001522,172.31.46.0-255,66,92714,42,273922
7603,0.001542,74.125.24.0-255,1484,94198,42,273922
7604,0.001556,172.31.46.0-255,66,94264,42,273922
7605,0.001559,74.125.24.0-255,766,95030,42,273922
7606,0.001609,74.125.24.0-255,1484,96514,42,273922
7607,0.001612,172.31.46.0-255,66,96580,42,273922
7608,0.001617,74.125.24.0-255,2902,99482,42,273922
7609,0.00162,172.31.46.0-255,66,99548,42,273922
7610,0.001655,74.125.24.0-255,5738,105286,42,273922
7611,0.001659,172.31.46.0-255,66,105352,42,273922
7612,0.001667,74.125.24.0-255,5738,111090,42,273922
7613,0.00167,172.31.46.0-255,66,111156,42,273922
7614,0.001687,74.125.24.0-255,7156,118312,42,273922
7615,0.00169,172.31.46.0-255,66,118378,42,273922
7616,0.001693,74.125.24.0-255,1484,119862,42,273922
7617,0.001718,74.125.24.0-255,4320,124182,42,273922
7618,0.001721,172.31.46.0-255,66,124248,42,273922
7619,0.001728,74.125.24.0-255,5020,129268,42,273922
7620,0.001731,172.31.46.0-255,66,129334,42,273922
7621,0.001755,74.125.24.0-255,1484,130818,42,273922
7622,0.00177,74.125.24.0-255,2902,133720,42,273922
7623,0.001773,172.31.46.0-255,66,133786,42,273922
7624,0.001786,74.125.24.0-255,1484,135270,42,273922
7625,0.001793,74.125.24.0-255,5738,141008,42,273922
7626,0.001796,172.31.46.0-255,66,141074,42,273922
7627,0.001804,74.125.24.0-255,7156,148230,42,273922
7628,0.001807,172.31.46.0-255,66,148296,42,273922
7629,0.001826,74.125.24.0-255,5738,154034,42,273922
7630,0.001829,172.31.46.0-255,66,154100,42,273922
7631,0.001835,74.125.24.0-255,4320,158420,42,273922
7632,0.001838,172.31.46.0-255,66,158486,42,273922
7633,0.001859,74.125.24.0-255,5020,163506,42,273922
7634,0.001862,172.31.46.0-255,66,163572,42,273922
7635,0.001883,74.125.24.0-255,1484,165056,42,273922
7636,0.001887,74.125.24.0-255,1484,166540,42,273922
7637,0.001889,172.31.46.0-255,66,166606,42,273922
7638,0.001902,74.125.24.0-255,1484,168090,42,273922
7639,0.001908,74.125.24.0-255,4320,172410,42,273922
7640,0.001911,172.31.46.0-255,66,172476,42,273922
7641,0.001937,74.125.24.0-255,1484,173960,42,273922
7642,0.001946,74.125.24.0-255,7156,181116,42,273922
7643,0.001949,172.31.46.0-255,66,181182,42,273922
7644,0.001964,172.31.46.0-255,66,181248,42,273922
7645,0.001991,74.125.24.0-255,2902,184150,42,273922
7646,0.001993,172.31.46.0-255,66,184216,42,273922
7647,0.001998,74.125.24.0-255,2184,186400,42,273922
7648,0.002,172.31.46.0-255,66,186466,42,273922
7649,0.002015,74.125.24.0-255,1484,187950,42,273922
7650,0.002031,74.125.24.0-255,1484,189434,42,273922
7651,0.002034,172.31.46.0-255,66,189500,42,273922
7652,0.00204,74.125.24.0-255,4320,193820,42,273922
7653,0.002043,172.31.46.0-255,66,193886,42,273922
7654,0.002063,172.31.46.0-255,66,193952,42,273922
7655,0.002113,172.31.46.0-255,66,194018,42,273922
7656,0.002145,172.31.46.0-255,66,194084,42,273922
7657,0.002161,172.31.46.0-255,66,194150,42,273922
7658,0.002179,74.125.24.0-255,1484,195634,42,273922
7659,0.002192,172.31.46.0-255,66,195700,42,273922
7660,0.002213,74.125.24.0-255,7156,202856,42,273922
7661,0.002215,172.31.46.0-255,66,202922,42,273922
7662,0.002218,74.125.24.0-255,766,203688,42,273922
7663,0.002221,74.125.24.0-255,1484,205172,42,273922
7664,0.002223,172.31.46.0-255,66,205238,42,273922
7665,0.002227,74.125.24.0-255,2902,208140,42,273922
7666,0.00223,172.31.46.0-255,66,208206,42,273922
7667,0.002233,74.125.24.0-255,1484,209690,42,273922
7668,0.002259,74.125.24.0-255,4320,214010,42,273922
7669,0.002262,172.31.46.0-255,66,214076,42,273922
7670,0.002308,172.31.46.0-255,66,214142,42,273922
7671,0.00233,74.125.24.0-255,1484,215626,42,273922
7672,0.002702,172.31.46.0-255,66,215692,42,273922
7673,0.005099,74.125.24.0-255,5738,221430,42,273922
7674,0.005119,172.31.46.0-255,66,221496,42,273922
7675,0.00753,74.125.24.0-255,5738,227234,42,273922
7676,0.007545,172.31.46.0-255,66,227300,42,273922
7677,0.009926,74.125.24.0-255,2902,230202,42,273922
7678,0.009933,172.31.46.0-255,66,230268,42,273922
7679,0.009952,74.125.24.0-255,2902,233170,42,273922
7680,0.009954,172.31.46.0-255,66,233236,42,273922
7681,0.012308,74.125.24.0-255,4320,237556,42,273922
7682,0.012317,172.31.46.0-255,66,237622,42,273922
7683,0.012334,74.125.24.0-255,1484,239106,42,273922
7684,0.01471,74.125.24.0-255,4320,243426,42,273922
7685,0.014717,172.31.46.0-255,66,243492,42,273922
7686,0.017109,74.125.24.0-255,5738,249230,42,273922
7687,0.017115,172.31.46.0-255,66,249296,42,273922
7688,0.01955,74.125.24.0-255,5738,255034,42,273922
7689,0.019557,172.31.46.0-255,66,255100,42,273922
7690,0.022068,74.125.24.0-255,4320,259420,42,273922
7691,0.022075,172.31.46.0-255,66,259486,42,273922
7692,0.022094,74.125.24.0-255,1484,260970,42,273922
7693,0.024487,74.125.24.0-255,4320,265290,42,273922
7694,0.024494,172.31.46.0-255,66,265356,42,273922
7695,0.026868,74.125.24.0-255,5738,271094,42,273922
7696,0.026875,172.31.46.0-255,66,271160,42,273922
7697,0.029242,74.125.24.0-255,2525,273685,42,273922
7698,0.029249,172.31.46.0-255,66,273751,42,273922
7699,0.029413,172.31.46.0-255,105,273856,42,273922
7700,0.031764,74.125.24.0-255,66,273922,42,273922
7701,0.0,172.217.194.0-255,152,152,42,271615
7702,2.6e-05,172.31.46.0-255,66,218,42,271615
7703,3.3e-05,172.217.194.0-255,1484,1702,42,271615
7704,3.8e-05,172.31.46.0-255,66,1768,42,271615
7705,4.4e-05,172.217.194.0-255,2902,4670,42,271615
7706,4.7e-05,172.31.46.0-255,66,4736,42,271615
7707,5e-05,172.217.194.0-255,1484,6220,42,271615
7708,5.3e-05,172.31.46.0-255,66,6286,42,271615
7709,9e-05,172.217.194.0-255,5738,12024,42,271615
7710,9.3e-05,172.31.46.0-255,66,12090,42,271615
7711,0.000115,172.217.194.0-255,2045,14135,42,271615
7712,0.000118,172.31.46.0-255,66,14201,42,271615
7713,0.00015,172.217.194.0-255,1484,15685,42,271615
7714,0.000152,172.31.46.0-255,66,15751,42,271615
7715,0.000157,172.217.194.0-255,2902,18653,42,271615
7716,0.00016,172.31.46.0-255,66,18719,42,271615
7717,0.000165,172.217.194.0-255,4320,23039,42,271615
7718,0.000168,172.31.46.0-255,66,23105,42,271615
7719,0.000189,172.217.194.0-255,1484,24589,42,271615
7720,0.000196,172.217.194.0-255,6797,31386,42,271615
7721,0.0002,172.31.46.0-255,66,31452,42,271615
7722,0.000208,172.31.46.0-255,66,31518,42,271615
7723,0.000212,172.217.194.0-255,1484,33002,42,271615
7724,0.000214,172.31.46.0-255,66,33068,42,271615
7725,0.000228,172.217.194.0-255,2902,35970,42,271615
7726,0.00023,172.31.46.0-255,66,36036,42,271615
7727,0.000247,172.217.194.0-255,7156,43192,42,271615
7728,0.00025,172.31.46.0-255,66,43258,42,271615
7729,0.00028,172.217.194.0-255,2902,46160,42,271615
7730,0.000282,172.31.46.0-255,66,46226,42,271615
7731,0.000295,172.31.46.0-255,66,46292,42,271615
7732,0.0003,172.217.194.0-255,2902,49194,42,271615
7733,0.000328,172.217.194.0-255,5316,54510,42,271615
7734,0.000347,172.217.194.0-255,382,54892,42,271615
7735,0.000494,172.217.194.0-255,1484,56376,42,271615
7736,0.0005,172.217.194.0-255,2902,59278,42,271615
7737,0.000521,172.217.194.0-255,5738,65016,42,271615
7738,0.000528,172.31.46.0-255,66,65082,42,271615
7739,0.000536,172.217.194.0-255,1484,66566,42,271615
7740,0.000551,172.217.194.0-255,4320,70886,42,271615
7741,0.000562,172.217.194.0-255,1484,72370,42,271615
7742,0.000565,172.217.194.0-255,1484,73854,42,271615
7743,0.000616,172.217.194.0-255,2184,76038,42,271615
7744,0.000632,172.31.46.0-255,66,76104,42,271615
7745,0.000685,172.217.194.0-255,1484,77588,42,271615
7746,0.000688,172.217.194.0-255,1484,79072,42,271615
7747,0.000695,172.31.46.0-255,66,79138,42,271615
7748,0.000705,172.217.194.0-255,1484,80622,42,271615
7749,0.000712,172.217.194.0-255,5738,86360,42,271615
7750,0.000732,172.31.46.0-255,66,86426,42,271615
7751,0.000742,172.217.194.0-255,2902,89328,42,271615
7752,0.000748,172.31.46.0-255,66,89394,42,271615
7753,0.00077,172.217.194.0-255,1484,90878,42,271615
7754,0.000776,172.217.194.0-255,4320,95198,42,271615
7755,0.000791,172.217.194.0-255,5738,100936,42,271615
7756,0.000794,172.217.194.0-255,766,101702,42,271615
7757,0.000813,172.31.46.0-255,66,101768,42,271615
7758,0.001122,172.217.194.0-255,1484,103252,42,271615
7759,0.001128,172.217.194.0-255,2902,106154,42,271615
7760,0.00117,172.31.46.0-255,66,106220,42,271615
7761,0.001182,172.217.194.0-255,5738,111958,42,271615
7762,0.001194,172.31.46.0-255,66,112024,42,271615
7763,0.001208,172.217.194.0-255,2902,114926,42,271615
7764,0.001225,172.217.194.0-255,7156,122082,42,271615
7765,0.001235,172.31.46.0-255,66,122148,42,271615
7766,0.001247,172.217.194.0-255,5020,127168,42,271615
7767,0.001254,172.217.194.0-255,7156,134324,42,271615
7768,0.001314,172.217.194.0-255,4320,138644,42,271615
7769,0.00132,172.31.46.0-255,66,138710,42,271615
7770,0.001337,172.217.194.0-255,3602,142312,42,271615
7771,0.001352,172.31.46.0-255,66,142378,42,271615
7772,0.00136,172.217.194.0-255,1484,143862,42,271615
7773,0.001363,172.217.194.0-255,1484,145346,42,271615
7774,0.001367,172.31.46.0-255,66,145412,42,271615
7775,0.001376,172.217.194.0-255,1484,146896,42,271615
7776,0.001378,172.217.194.0-255,1484,148380,42,271615
7777,0.001392,172.217.194.0-255,4320,152700,42,271615
7778,0.001405,172.31.46.0-255,66,152766,42,271615
7779,0.00146,172.31.46.0-255,66,152832,42,271615
7780,0.00147,172.217.194.0-255,2184,155016,42,271615
7781,0.001491,172.217.194.0-255,1484,156500,42,271615
7782,0.001498,172.31.46.0-255,66,156566,42,271615
7783,0.001506,172.217.194.0-255,1484,158050,42,271615
7784,0.001518,172.217.194.0-255,1484,159534,42,271615
7785,0.001534,172.217.194.0-255,5738,165272,42,271615
7786,0.001541,172.217.194.0-255,5738,171010,42,271615
7787,0.001564,172.217.194.0-255,2902,173912,42,271615
7788,0.001568,172.31.46.0-255,66,173978,42,271615
7789,0.001603,172.217.194.0-255,3602,177580,42,271615
7790,0.00162,172.31.46.0-255,66,177646,42,271615
7791,0.001642,172.217.194.0-255,4320,181966,42,271615
7792,0.001645,172.217.194.0-255,1484,183450,42,271615
7793,0.001649,172.217.194.0-255,1484,184934,42,271615
7794,0.001653,172.31.46.0-255,66,185000,42,271615
7795,0.001671,172.217.194.0-255,5738,190738,42,271615
7796,0.001693,172.31.46.0-255,66,190804,42,271615
7797,0.001707,172.217.194.0-255,4320,195124,42,271615
7798,0.001712,172.217.194.0-255,5020,200144,42,271615
7799,0.001717,172.31.46.0-255,66,200210,42,271615
7800,0.001729,172.217.194.0-255,1484,201694,42,271615
7801,0.001741,172.217.194.0-255,2902,204596,42,271615
7802,0.00175,172.31.46.0-255,66,204662,42,271615
7803,0.001758,172.217.194.0-255,1484,206146,42,271615
7804,0.001773,172.217.194.0-255,4320,210466,42,271615
7805,0.001778,172.217.194.0-255,2902,213368,42,271615
7806,0.001794,172.217.194.0-255,2902,216270,42,271615
7807,0.001832,172.217.194.0-255,4320,220590,42,271615
7808,0.001837,172.31.46.0-255,66,220656,42,271615
7809,0.001863,172.217.194.0-255,6438,227094,42,271615
7810,0.001869,172.217.194.0-255,7156,234250,42,271615
7811,0.00188,172.217.194.0-255,1484,235734,42,271615
7812,0.001895,172.217.194.0-255,5738,241472,42,271615
7813,0.001904,172.31.46.0-255,66,241538,42,271615
7814,0.00192,172.217.194.0-255,5738,247276,42,271615
7815,0.001938,172.31.46.0-255,66,247342,42,271615
7816,0.001946,172.217.194.0-255,1484,248826,42,271615
7817,0.001968,172.217.194.0-255,7156,255982,42,271615
7818,0.001979,172.31.46.0-255,66,256048,42,271615
7819,0.001989,172.217.194.0-255,3602,259650,42,271615
7820,0.001994,172.31.46.0-255,66,259716,42,271615
7821,0.002027,172.31.46.0-255,66,259782,42,271615
7822,0.002036,172.217.194.0-255,2902,262684,42,271615
7823,0.002038,172.217.194.0-255,1484,264168,42,271615
7824,0.002049,172.31.46.0-255,66,264234,42,271615
7825,0.00206,172.217.194.0-255,1484,265718,42,271615
7826,0.002075,172.217.194.0-255,1262,266980,42,271615
7827,0.002078,172.217.194.0-255,105,267085,42,271615
7828,0.00209,172.31.46.0-255,66,267151,42,271615
7829,0.01071,172.31.46.0-255,105,267256,42,271615
7830,0.013143,172.217.194.0-255,66,267322,42,271615
7831,0.03569,172.31.46.0-255,172,267494,42,271615
7832,0.03572,172.31.46.0-255,1110,268604,42,271615
7833,0.035774,172.31.46.0-255,1514,270118,42,271615
7834,0.035776,172.31.46.0-255,1299,271417,42,271615
7835,0.037323,104.244.42.0-255,66,271483,42,271615
7836,0.037416,104.244.42.0-255,66,271549,42,271615
7837,0.037434,104.244.42.0-255,66,271615,42,271615
7838,0.0,172.217.194.0-255,153,153,42,163115
7839,1.6e-05,172.31.46.0-255,66,219,42,163115
7840,2.2e-05,172.217.194.0-255,1484,1703,42,163115
7841,2.6e-05,172.31.46.0-255,66,1769,42,163115
7842,3e-05,172.217.194.0-255,2902,4671,42,163115
7843,3.2e-05,172.31.46.0-255,66,4737,42,163115
7844,3.8e-05,172.217.194.0-255,5738,10475,42,163115
7845,4e-05,172.31.46.0-255,66,10541,42,163115
7846,6.7e-05,172.217.194.0-255,1484,12025,42,163115
7847,7e-05,172.31.46.0-255,66,12091,42,163115
7848,0.000106,172.31.46.0-255,66,12157,42,163115
7849,0.000111,172.217.194.0-255,4320,16477,42,163115
7850,0.000113,172.31.46.0-255,66,16543,42,163115
7851,0.000117,172.217.194.0-255,2543,19086,42,163115
7852,0.000119,172.31.46.0-255,66,19152,42,163115
7853,0.000149,172.217.194.0-255,2902,22054,42,163115
7854,0.000152,172.31.46.0-255,66,22120,42,163115
7855,0.000182,172.217.194.0-255,7156,29276,42,163115
7856,0.000185,172.31.46.0-255,66,29342,42,163115
7857,0.000192,172.217.194.0-255,5738,35080,42,163115
7858,0.000194,172.31.46.0-255,66,35146,42,163115
7859,0.0002,172.217.194.0-255,4320,39466,42,163115
7860,0.000201,172.31.46.0-255,66,39532,42,163115
7861,0.00023,172.31.46.0-255,66,39598,42,163115
7862,0.000235,172.217.194.0-255,3602,43200,42,163115
7863,0.000237,172.31.46.0-255,66,43266,42,163115
7864,0.000255,172.217.194.0-255,678,43944,42,163115
7865,0.000257,172.31.46.0-255,66,44010,42,163115
7866,0.000408,172.217.194.0-255,1484,45494,42,163115
7867,0.000412,172.31.46.0-255,66,45560,42,163115
7868,0.000418,172.217.194.0-255,2902,48462,42,163115
7869,0.000421,172.31.46.0-255,66,48528,42,163115
7870,0.000424,172.217.194.0-255,1484,50012,42,163115
7871,0.000449,172.217.194.0-255,4320,54332,42,163115
7872,0.000453,172.31.46.0-255,66,54398,42,163115
7873,0.000465,172.31.46.0-255,66,54464,42,163115
7874,0.000489,172.217.194.0-255,1484,55948,42,163115
7875,0.000502,172.31.46.0-255,66,56014,42,163115
7876,0.000716,172.217.194.0-255,1484,57498,42,163115
7877,0.00073,172.217.194.0-255,2902,60400,42,163115
7878,0.000733,172.217.194.0-255,1484,61884,42,163115
7879,0.000737,172.31.46.0-255,66,61950,42,163115
7880,0.000756,172.217.194.0-255,4320,66270,42,163115
7881,0.000759,172.31.46.0-255,66,66336,42,163115
7882,0.000771,172.31.46.0-255,66,66402,42,163115
7883,0.000789,172.217.194.0-255,2902,69304,42,163115
7884,0.000791,172.31.46.0-255,66,69370,42,163115
7885,0.000802,172.31.46.0-255,66,69436,42,163115
7886,0.000818,172.217.194.0-255,2184,71620,42,163115
7887,0.000823,172.31.46.0-255,66,71686,42,163115
7888,0.000833,172.217.194.0-255,1484,73170,42,163115
7889,0.000863,172.217.194.0-255,2902,76072,42,163115
7890,0.000866,172.31.46.0-255,66,76138,42,163115
7891,0.000869,172.217.194.0-255,1484,77622,42,163115
7892,0.00089,172.217.194.0-255,4320,81942,42,163115
7893,0.000892,172.31.46.0-255,66,82008,42,163115
7894,0.000898,172.217.194.0-255,4320,86328,42,163115
7895,0.000899,172.31.46.0-255,66,86394,42,163115
7896,0.000902,172.217.194.0-255,1484,87878,42,163115
7897,0.000938,172.31.46.0-255,66,87944,42,163115
7898,0.000948,172.217.194.0-255,5738,93682,42,163115
7899,0.000951,172.31.46.0-255,66,93748,42,163115
7900,0.00098,172.31.46.0-255,66,93814,42,163115
7901,0.000984,172.217.194.0-255,2902,96716,42,163115
7902,0.000987,172.31.46.0-255,66,96782,42,163115
7903,0.001029,172.31.46.0-255,66,96848,42,163115
7904,0.00104,172.31.46.0-255,66,96914,42,163115
7905,0.001103,172.217.194.0-255,1484,98398,42,163115
7906,0.001122,172.217.194.0-255,2902,101300,42,163115
7907,0.001125,172.31.46.0-255,66,101366,42,163115
7908,0.001131,172.217.194.0-255,5738,107104,42,163115
7909,0.001134,172.31.46.0-255,66,107170,42,163115
7910,0.001163,172.217.194.0-255,7156,114326,42,163115
7911,0.001166,172.31.46.0-255,66,114392,42,163115
7912,0.001177,172.31.46.0-255,66,114458,42,163115
7913,0.001208,172.31.46.0-255,66,114524,42,163115
7914,0.001264,172.217.194.0-255,1484,116008,42,163115
7915,0.00127,172.217.194.0-255,2902,118910,42,163115
7916,0.001273,172.31.46.0-255,66,118976,42,163115
7917,0.001276,172.217.194.0-255,1484,120460,42,163115
7918,0.001297,172.217.194.0-255,4320,124780,42,163115
7919,0.0013,172.31.46.0-255,66,124846,42,163115
7920,0.00133,172.31.46.0-255,66,124912,42,163115
7921,0.001337,172.217.194.0-255,5738,130650,42,163115
7922,0.00134,172.31.46.0-255,66,130716,42,163115
7923,0.001372,172.31.46.0-255,66,130782,42,163115
7924,0.001389,172.31.46.0-255,66,130848,42,163115
7925,0.001406,172.217.194.0-255,1484,132332,42,163115
7926,0.001426,172.217.194.0-255,5738,138070,42,163115
7927,0.001428,172.31.46.0-255,66,138136,42,163115
7928,0.001462,172.31.46.0-255,66,138202,42,163115
7929,0.001475,172.31.46.0-255,66,138268,42,163115
7930,0.001488,172.31.46.0-255,66,138334,42,163115
7931,0.00151,172.217.194.0-255,1484,139818,42,163115
7932,0.001522,172.31.46.0-255,66,139884,42,163115
7933,0.001529,172.217.194.0-255,5738,145622,42,163115
7934,0.001532,172.31.46.0-255,66,145688,42,163115
7935,0.001554,172.217.194.0-255,4320,150008,42,163115
7936,0.001556,172.217.194.0-255,1484,151492,42,163115
7937,0.00156,172.31.46.0-255,66,151558,42,163115
7938,0.001597,172.217.194.0-255,2902,154460,42,163115
7939,0.001603,172.31.46.0-255,66,154526,42,163115
7940,0.001606,172.31.46.0-255,66,154592,42,163115
7941,0.001644,172.31.46.0-255,66,154658,42,163115
7942,0.001657,172.31.46.0-255,66,154724,42,163115
7943,0.00166,172.217.194.0-255,188,154912,42,163115
7944,0.001713,172.217.194.0-255,168,155080,42,163115
7945,0.007557,172.31.46.0-255,101,155181,42,163115
7946,0.008318,172.31.46.0-255,105,155286,42,163115
7947,0.008347,172.31.46.0-255,105,155391,42,163115
7948,0.008538,172.31.46.0-255,90,155481,42,163115
7949,0.008546,172.31.46.0-255,66,155547,42,163115
7950,0.00989,172.217.194.0-255,66,155613,42,163115
7951,0.010682,172.217.194.0-255,66,155679,42,163115
7952,0.010687,172.217.194.0-255,66,155745,42,163115
7953,0.0109,172.217.194.0-255,66,155811,42,163115
7954,0.010937,172.217.194.0-255,66,155877,42,163115
7955,0.010945,172.31.46.0-255,66,155943,42,163115
7956,0.03061,172.31.46.0-255,172,156115,42,163115
7957,0.030647,172.31.46.0-255,1110,157225,42,163115
7958,0.030709,172.31.46.0-255,1514,158739,42,163115
7959,0.030711,172.31.46.0-255,1514,160253,42,163115
7960,0.030712,172.31.46.0-255,1514,161767,42,163115
7961,0.030756,172.31.46.0-255,1084,162851,42,163115
7962,0.032222,104.244.42.0-255,66,162917,42,163115
7963,0.032255,104.244.42.0-255,66,162983,42,163115
7964,0.032358,104.244.42.0-255,66,163049,42,163115
7965,0.032376,104.244.42.0-255,66,163115,42,163115
7966,0.0,172.217.194.0-255,167,167,42,302022
7967,1.6e-05,172.31.46.0-255,66,233,42,302022
7968,2.3e-05,172.217.194.0-255,1484,1717,42,302022
7969,2.8e-05,172.31.46.0-255,66,1783,42,302022
7970,3.3e-05,172.217.194.0-255,2902,4685,42,302022
7971,3.6e-05,172.31.46.0-255,66,4751,42,302022
7972,4.2e-05,172.217.194.0-255,2902,7653,42,302022
7973,4.4e-05,172.31.46.0-255,66,7719,42,302022
7974,6.1e-05,172.217.194.0-255,4320,12039,42,302022
7975,6.4e-05,172.31.46.0-255,66,12105,42,302022
7976,7.9e-05,172.217.194.0-255,2042,14147,42,302022
7977,8.2e-05,172.31.46.0-255,66,14213,42,302022
7978,0.000287,172.217.194.0-255,1484,15697,42,302022
7979,0.000291,172.31.46.0-255,66,15763,42,302022
7980,0.000297,172.217.194.0-255,2902,18665,42,302022
7981,0.000299,172.31.46.0-255,66,18731,42,302022
7982,0.000313,172.217.194.0-255,4320,23051,42,302022
7983,0.000315,172.31.46.0-255,66,23117,42,302022
7984,0.000336,172.217.194.0-255,1484,24601,42,302022
7985,0.000338,172.31.46.0-255,66,24667,42,302022
7986,0.000343,172.217.194.0-255,4320,28987,42,302022
7987,0.000345,172.31.46.0-255,66,29053,42,302022
7988,0.000388,172.217.194.0-255,2543,31596,42,302022
7989,0.000391,172.31.46.0-255,66,31662,42,302022
7990,0.000515,172.217.194.0-255,1484,33146,42,302022
7991,0.00052,172.217.194.0-255,2902,36048,42,302022
7992,0.000523,172.217.194.0-255,2902,38950,42,302022
7993,0.000527,172.31.46.0-255,66,39016,42,302022
7994,0.000531,172.31.46.0-255,66,39082,42,302022
7995,0.000533,172.31.46.0-255,66,39148,42,302022
7996,0.000546,172.217.194.0-255,2902,42050,42,302022
7997,0.000548,172.31.46.0-255,66,42116,42,302022
7998,0.000555,172.217.194.0-255,6797,48913,42,302022
7999,0.000557,172.31.46.0-255,66,48979,42,302022
8000,0.000585,172.217.194.0-255,2902,51881,42,302022
8001,0.000588,172.31.46.0-255,66,51947,42,302022
8002,0.000607,172.217.194.0-255,5738,57685,42,302022
8003,0.00061,172.31.46.0-255,66,57751,42,302022
8004,0.000653,172.217.194.0-255,1484,59235,42,302022
8005,0.000667,172.217.194.0-255,5738,64973,42,302022
8006,0.00067,172.31.46.0-255,66,65039,42,302022
8007,0.000687,172.217.194.0-255,1377,66416,42,302022
8008,0.000696,172.217.194.0-255,433,66849,42,302022
8009,0.000698,172.31.46.0-255,66,66915,42,302022
8010,0.001191,172.217.194.0-255,1484,68399,42,302022
8011,0.001206,172.217.194.0-255,2902,71301,42,302022
8012,0.00121,172.31.46.0-255,66,71367,42,302022
8013,0.001235,172.217.194.0-255,2902,74269,42,302022
8014,0.001237,172.31.46.0-255,66,74335,42,302022
8015,0.001256,172.217.194.0-255,4320,78655,42,302022
8016,0.001258,172.31.46.0-255,66,78721,42,302022
8017,0.001288,172.31.46.0-255,66,78787,42,302022
8018,0.001293,172.217.194.0-255,4320,83107,42,302022
8019,0.001295,172.31.46.0-255,66,83173,42,302022
8020,0.001313,172.217.194.0-255,5738,88911,42,302022
8021,0.001315,172.31.46.0-255,66,88977,42,302022
8022,0.001349,172.217.194.0-255,3602,92579,42,302022
8023,0.001351,172.31.46.0-255,66,92645,42,302022
8024,0.001406,172.217.194.0-255,1484,94129,42,302022
8025,0.001409,172.217.194.0-255,1484,95613,42,302022
8026,0.001411,172.31.46.0-255,66,95679,42,302022
8027,0.001429,172.217.194.0-255,1484,97163,42,302022
8028,0.001435,172.217.194.0-255,5738,102901,42,302022
8029,0.001437,172.31.46.0-255,66,102967,42,302022
8030,0.001442,172.217.194.0-255,4320,107287,42,302022
8031,0.001444,172.31.46.0-255,66,107353,42,302022
8032,0.001493,172.31.46.0-255,66,107419,42,302022
8033,0.001498,172.217.194.0-255,4320,111739,42,302022
8034,0.001501,172.31.46.0-255,66,111805,42,302022
8035,0.001516,172.217.194.0-255,3602,115407,42,302022
8036,0.001518,172.31.46.0-255,66,115473,42,302022
8037,0.00171,172.217.194.0-255,1484,116957,42,302022
8038,0.001717,172.217.194.0-255,2902,119859,42,302022
8039,0.001721,172.31.46.0-255,66,119925,42,302022
8040,0.001727,172.217.194.0-255,5738,125663,42,302022
8041,0.00173,172.31.46.0-255,66,125729,42,302022
8042,0.00175,172.217.194.0-255,1484,127213,42,302022
8043,0.001761,172.217.194.0-255,2902,130115,42,302022
8044,0.001763,172.31.46.0-255,66,130181,42,302022
8045,0.001785,172.217.194.0-255,7156,137337,42,302022
8046,0.001787,172.31.46.0-255,66,137403,42,302022
8047,0.001806,172.217.194.0-255,5738,143141,42,302022
8048,0.001808,172.31.46.0-255,66,143207,42,302022
8049,0.001828,172.217.194.0-255,6438,149645,42,302022
8050,0.00183,172.31.46.0-255,66,149711,42,302022
8051,0.001853,172.217.194.0-255,1484,151195,42,302022
8052,0.001872,172.217.194.0-255,2902,154097,42,302022
8053,0.001875,172.31.46.0-255,66,154163,42,302022
8054,0.00188,172.217.194.0-255,5738,159901,42,302022
8055,0.001882,172.31.46.0-255,66,159967,42,302022
8056,0.001912,172.31.46.0-255,66,160033,42,302022
8057,0.001929,172.217.194.0-255,2902,162935,42,302022
8058,0.001931,172.31.46.0-255,66,163001,42,302022
8059,0.001933,172.217.194.0-255,1484,164485,42,302022
8060,0.001946,172.217.194.0-255,4320,168805,42,302022
8061,0.001948,172.31.46.0-255,66,168871,42,302022
8062,0.001966,172.31.46.0-255,66,168937,42,302022
8063,0.001989,172.217.194.0-255,2184,171121,42,302022
8064,0.001991,172.31.46.0-255,66,171187,42,302022
8065,0.002002,172.31.46.0-255,66,171253,42,302022
8066,0.002006,172.217.194.0-255,2902,174155,42,302022
8067,0.002008,172.31.46.0-255,66,174221,42,302022
8068,0.002044,172.31.46.0-255,66,174287,42,302022
8069,0.002075,172.217.194.0-255,1484,175771,42,302022
8070,0.002089,172.217.194.0-255,2902,178673,42,302022
8071,0.002091,172.31.46.0-255,66,178739,42,302022
8072,0.002104,172.217.194.0-255,2902,181641,42,302022
8073,0.002106,172.31.46.0-255,66,181707,42,302022
8074,0.002121,172.217.194.0-255,2902,184609,42,302022
8075,0.002124,172.31.46.0-255,66,184675,42,302022
8076,0.002126,172.217.194.0-255,1484,186159,42,302022
8077,0.00214,172.31.46.0-255,66,186225,42,302022
8078,0.002164,172.217.194.0-255,2902,189127,42,302022
8079,0.002166,172.31.46.0-255,66,189193,42,302022
8080,0.002181,172.217.194.0-255,7156,196349,42,302022
8081,0.002183,172.31.46.0-255,66,196415,42,302022
8082,0.002206,172.217.194.0-255,3602,200017,42,302022
8083,0.002208,172.31.46.0-255,66,200083,42,302022
8084,0.00435,172.217.194.0-255,1484,201567,42,302022
8085,0.004416,172.217.194.0-255,4320,205887,42,302022
8086,0.00442,172.31.46.0-255,66,205953,42,302022
8087,0.006561,172.217.194.0-255,2902,208855,42,302022
8088,0.006565,172.31.46.0-255,66,208921,42,302022
8089,0.006584,172.217.194.0-255,2902,211823,42,302022
8090,0.006585,172.31.46.0-255,66,211889,42,302022
8091,0.008673,172.217.194.0-255,2902,214791,42,302022
8092,0.008679,172.31.46.0-255,66,214857,42,302022
8093,0.008706,172.217.194.0-255,2902,217759,42,302022
8094,0.008708,172.31.46.0-255,66,217825,42,302022
8095,0.010825,172.217.194.0-255,5738,223563,42,302022
8096,0.010832,172.31.46.0-255,66,223629,42,302022
8097,0.013013,172.217.194.0-255,5738,229367,42,302022
8098,0.013019,172.31.46.0-255,66,229433,42,302022
8099,0.015239,172.217.194.0-255,5738,235171,42,302022
8100,0.015244,172.31.46.0-255,66,235237,42,302022
8101,0.017381,172.217.194.0-255,5738,240975,42,302022
8102,0.017388,172.31.46.0-255,66,241041,42,302022
8103,0.019554,172.217.194.0-255,5738,246779,42,302022
8104,0.019563,172.31.46.0-255,66,246845,42,302022
8105,0.021743,172.217.194.0-255,5738,252583,42,302022
8106,0.02175,172.31.46.0-255,66,252649,42,302022
8107,0.023952,172.217.194.0-255,5738,258387,42,302022
8108,0.02396,172.31.46.0-255,66,258453,42,302022
8109,0.02618,172.217.194.0-255,5738,264191,42,302022
8110,0.026187,172.31.46.0-255,66,264257,42,302022
8111,0.02834,172.217.194.0-255,5738,269995,42,302022
8112,0.028349,172.31.46.0-255,66,270061,42,302022
8113,0.030561,172.217.194.0-255,5738,275799,42,302022
8114,0.030567,172.31.46.0-255,66,275865,42,302022
8115,0.032711,172.217.194.0-255,5738,281603,42,302022
8116,0.032717,172.31.46.0-255,66,281669,42,302022
8117,0.034715,172.31.46.0-255,172,281841,42,302022
8118,0.034745,172.31.46.0-255,1110,282951,42,302022
8119,0.034805,172.31.46.0-255,1514,284465,42,302022
8120,0.034807,172.31.46.0-255,1299,285764,42,302022
8121,0.034843,172.217.194.0-255,5738,291502,42,302022
8122,0.034847,172.31.46.0-255,66,291568,42,302022
8123,0.036401,104.244.42.0-255,66,291634,42,302022
8124,0.036441,104.244.42.0-255,66,291700,42,302022
8125,0.036493,104.244.42.0-255,66,291766,42,302022
8126,0.036988,172.217.194.0-255,4320,296086,42,302022
8127,0.036993,172.31.46.0-255,66,296152,42,302022
8128,0.037008,172.217.194.0-255,1484,297636,42,302022
8129,0.039133,172.217.194.0-255,4320,301956,42,302022
8130,0.039139,172.31.46.0-255,66,302022,42,302022
8131,0.0,74.125.24.0-255,153,153,42,216756
8132,2.1e-05,172.31.46.0-255,66,219,42,216756
8133,2.7e-05,74.125.24.0-255,1484,1703,42,216756
8134,3.1e-05,172.31.46.0-255,66,1769,42,216756
8135,3.6e-05,74.125.24.0-255,2902,4671,42,216756
8136,3.9e-05,172.31.46.0-255,66,4737,42,216756
8137,4.6e-05,74.125.24.0-255,7156,11893,42,216756
8138,4.9e-05,172.31.46.0-255,66,11959,42,216756
8139,5.3e-05,74.125.24.0-255,3544,15503,42,216756
8140,5.5e-05,172.31.46.0-255,66,15569,42,216756
8141,0.000108,172.31.46.0-255,66,15635,42,216756
8142,0.000115,74.125.24.0-255,7156,22791,42,216756
8143,0.000117,172.31.46.0-255,66,22857,42,216756
8144,0.000158,74.125.24.0-255,4320,27177,42,216756
8145,0.000161,172.31.46.0-255,66,27243,42,216756
8146,0.000187,172.31.46.0-255,66,27309,42,216756
8147,0.000194,74.125.24.0-255,7156,34465,42,216756
8148,0.000196,172.31.46.0-255,66,34531,42,216756
8149,0.000213,74.125.24.0-255,5738,40269,42,216756
8150,0.000215,172.31.46.0-255,66,40335,42,216756
8151,0.00022,74.125.24.0-255,4317,44652,42,216756
8152,0.000221,172.31.46.0-255,66,44718,42,216756
8153,0.000394,74.125.24.0-255,1484,46202,42,216756
8154,0.000398,172.31.46.0-255,66,46268,42,216756
8155,0.000404,74.125.24.0-255,2902,49170,42,216756
8156,0.000406,172.31.46.0-255,66,49236,42,216756
8157,0.000409,74.125.24.0-255,1484,50720,42,216756
8158,0.00041,172.31.46.0-255,66,50786,42,216756
8159,0.000423,74.125.24.0-255,4320,55106,42,216756
8160,0.000425,172.31.46.0-255,66,55172,42,216756
8161,0.00047,172.31.46.0-255,66,55238,42,216756
8162,0.000477,74.125.24.0-255,7156,62394,42,216756
8163,0.000479,172.31.46.0-255,66,62460,42,216756
8164,0.00049,74.125.24.0-255,2902,65362,42,216756
8165,0.000492,172.31.46.0-255,66,65428,42,216756
8166,0.000504,74.125.24.0-255,1029,66457,42,216756
8167,0.001072,74.125.24.0-255,1484,67941,42,216756
8168,0.001077,172.31.46.0-255,66,68007,42,216756
8169,0.001082,74.125.24.0-255,2902,70909,42,216756
8170,0.001084,172.31.46.0-255,66,70975,42,216756
8171,0.001089,74.125.24.0-255,5738,76713,42,216756
8172,0.001091,172.31.46.0-255,66,76779,42,216756
8173,0.001112,74.125.24.0-255,1484,78263,42,216756
8174,0.001147,172.31.46.0-255,66,78329,42,216756
8175,0.001157,172.31.46.0-255,66,78395,42,216756
8176,0.001159,74.125.24.0-255,766,79161,42,216756
8177,0.001405,172.31.46.0-255,66,79227,42,216756
8178,0.001823,74.125.24.0-255,1484,80711,42,216756
8179,0.001832,74.125.24.0-255,2902,83613,42,216756
8180,0.001836,172.31.46.0-255,66,83679,42,216756
8181,0.001842,74.125.24.0-255,4320,87999,42,216756
8182,0.001844,172.31.46.0-255,66,88065,42,216756
8183,0.001857,74.125.24.0-255,1484,89549,42,216756
8184,0.001861,74.125.24.0-255,2902,92451,42,216756
8185,0.001863,172.31.46.0-255,66,92517,42,216756
8186,0.001893,172.31.46.0-255,66,92583,42,216756
8187,0.0019,74.125.24.0-255,7156,99739,42,216756
8188,0.001902,172.31.46.0-255,66,99805,42,216756
8189,0.001915,74.125.24.0-255,3602,103407,42,216756
8190,0.001917,172.31.46.0-255,66,103473,42,216756
8191,0.003862,74.125.24.0-255,1484,104957,42,216756
8192,0.003903,74.125.24.0-255,4320,109277,42,216756
8193,0.003906,172.31.46.0-255,66,109343,42,216756
8194,0.005906,74.125.24.0-255,5738,115081,42,216756
8195,0.005911,172.31.46.0-255,66,115147,42,216756
8196,0.007874,74.125.24.0-255,5738,120885,42,216756
8197,0.00788,172.31.46.0-255,66,120951,42,216756
8198,0.009844,74.125.24.0-255,5738,126689,42,216756
8199,0.009851,172.31.46.0-255,66,126755,42,216756
8200,0.011846,74.125.24.0-255,5738,132493,42,216756
8201,0.011853,172.31.46.0-255,66,132559,42,216756
8202,0.013854,74.125.24.0-255,5738,138297,42,216756
8203,0.01386,172.31.46.0-255,66,138363,42,216756
8204,0.015843,74.125.24.0-255,5738,144101,42,216756
8205,0.015849,172.31.46.0-255,66,144167,42,216756
8206,0.01785,74.125.24.0-255,5738,149905,42,216756
8207,0.01786,172.31.46.0-255,66,149971,42,216756
8208,0.019889,74.125.24.0-255,5738,155709,42,216756
8209,0.019896,172.31.46.0-255,66,155775,42,216756
8210,0.021881,74.125.24.0-255,5738,161513,42,216756
8211,0.021888,172.31.46.0-255,66,161579,42,216756
8212,0.023863,74.125.24.0-255,5738,167317,42,216756
8213,0.023871,172.31.46.0-255,66,167383,42,216756
8214,0.025849,74.125.24.0-255,5738,173121,42,216756
8215,0.025856,172.31.46.0-255,66,173187,42,216756
8216,0.027834,74.125.24.0-255,5738,178925,42,216756
8217,0.027841,172.31.46.0-255,66,178991,42,216756
8218,0.029821,74.125.24.0-255,5738,184729,42,216756
8219,0.029827,172.31.46.0-255,66,184795,42,216756
8220,0.030856,172.31.46.0-255,172,184967,42,216756
8221,0.030884,172.31.46.0-255,1111,186078,42,216756
8222,0.030942,172.31.46.0-255,1514,187592,42,216756
8223,0.030948,172.31.46.0-255,1298,188890,42,216756
8224,0.031781,74.125.24.0-255,4320,193210,42,216756
8225,0.031786,172.31.46.0-255,66,193276,42,216756
8226,0.031805,74.125.24.0-255,1484,194760,42,216756
8227,0.032399,104.244.42.0-255,66,194826,42,216756
8228,0.032465,104.244.42.0-255,66,194892,42,216756
8229,0.032519,104.244.42.0-255,66,194958,42,216756
8230,0.033777,74.125.24.0-255,4320,199278,42,216756
8231,0.033783,172.31.46.0-255,66,199344,42,216756
8232,0.035769,74.125.24.0-255,5738,205082,42,216756
8233,0.035774,172.31.46.0-255,66,205148,42,216756
8234,0.037735,74.125.24.0-255,5738,210886,42,216756
8235,0.03774,172.31.46.0-255,66,210952,42,216756
8236,0.03974,74.125.24.0-255,5738,216690,42,216756
8237,0.039747,172.31.46.0-255,66,216756,42,216756
8238,0.0,74.125.200.0-255,151,151,42,306829
8239,1.8e-05,172.31.46.0-255,66,217,42,306829
8240,2.4e-05,74.125.200.0-255,1484,1701,42,306829
8241,2.8e-05,172.31.46.0-255,66,1767,42,306829
8242,3.4e-05,74.125.200.0-255,2902,4669,42,306829
8243,4.4e-05,172.31.46.0-255,66,4735,42,306829
8244,5.1e-05,74.125.200.0-255,5738,10473,42,306829
8245,5.4e-05,172.31.46.0-255,66,10539,42,306829
8246,9.1e-05,74.125.200.0-255,3421,13960,42,306829
8247,9.4e-05,172.31.46.0-255,66,14026,42,306829
8248,0.000149,74.125.200.0-255,1484,15510,42,306829
8249,0.000152,172.31.46.0-255,66,15576,42,306829
8250,0.000179,74.125.200.0-255,2902,18478,42,306829
8251,0.000181,172.31.46.0-255,66,18544,42,306829
8252,0.000185,74.125.200.0-255,2902,21446,42,306829
8253,0.000187,172.31.46.0-255,66,21512,42,306829
8254,0.000191,74.125.200.0-255,1484,22996,42,306829
8255,0.000193,172.31.46.0-255,66,23062,42,306829
8256,0.000219,74.125.200.0-255,2902,25964,42,306829
8257,0.000222,172.31.46.0-255,66,26030,42,306829
8258,0.000226,74.125.200.0-255,2902,28932,42,306829
8259,0.000229,172.31.46.0-255,66,28998,42,306829
8260,0.00026,74.125.200.0-255,2543,31541,42,306829
8261,0.000263,172.31.46.0-255,66,31607,42,306829
8262,0.000269,74.125.200.0-255,5738,37345,42,306829
8263,0.000271,172.31.46.0-255,66,37411,42,306829
8264,0.000275,74.125.200.0-255,2902,40313,42,306829
8265,0.000277,172.31.46.0-255,66,40379,42,306829
8266,0.000309,74.125.200.0-255,5738,46117,42,306829
8267,0.000312,172.31.46.0-255,66,46183,42,306829
8268,0.000336,74.125.200.0-255,2543,48726,42,306829
8269,0.000339,172.31.46.0-255,66,48792,42,306829
8270,0.000397,74.125.200.0-255,1484,50276,42,306829
8271,0.000414,74.125.200.0-255,2902,53178,42,306829
8272,0.000417,172.31.46.0-255,66,53244,42,306829
8273,0.000423,74.125.200.0-255,4320,57564,42,306829
8274,0.000425,172.31.46.0-255,66,57630,42,306829
8275,0.000453,74.125.200.0-255,1484,59114,42,306829
8276,0.000457,74.125.200.0-255,2902,62016,42,306829
8277,0.00046,172.31.46.0-255,66,62082,42,306829
8278,0.000487,74.125.200.0-255,3961,66043,42,306829
8279,0.00049,172.31.46.0-255,66,66109,42,306829
8280,0.000523,74.125.200.0-255,645,66754,42,306829
8281,0.000748,74.125.200.0-255,1484,68238,42,306829
8282,0.000753,172.31.46.0-255,66,68304,42,306829
8283,0.000758,74.125.200.0-255,2902,71206,42,306829
8284,0.00076,172.31.46.0-255,66,71272,42,306829
8285,0.00079,74.125.200.0-255,4320,75592,42,306829
8286,0.000793,172.31.46.0-255,66,75658,42,306829
8287,0.000825,74.125.200.0-255,1484,77142,42,306829
8288,0.000832,74.125.200.0-255,7156,84298,42,306829
8289,0.000835,74.125.200.0-255,2902,87200,42,306829
8290,0.00084,172.31.46.0-255,66,87266,42,306829
8291,0.000843,172.31.46.0-255,66,87332,42,306829
8292,0.000873,172.31.46.0-255,66,87398,42,306829
8293,0.00091,74.125.200.0-255,5020,92418,42,306829
8294,0.000913,172.31.46.0-255,66,92484,42,306829
8295,0.001203,74.125.200.0-255,1484,93968,42,306829
8296,0.001222,74.125.200.0-255,2902,96870,42,306829
8297,0.001226,172.31.46.0-255,66,96936,42,306829
8298,0.001233,74.125.200.0-255,5738,102674,42,306829
8299,0.001234,172.31.46.0-255,66,102740,42,306829
8300,0.001293,74.125.200.0-255,2902,105642,42,306829
8301,0.001296,172.31.46.0-255,66,105708,42,306829
8302,0.001307,172.31.46.0-255,66,105774,42,306829
8303,0.001323,172.31.46.0-255,66,105840,42,306829
8304,0.001365,74.125.200.0-255,1484,107324,42,306829
8305,0.001368,74.125.200.0-255,1484,108808,42,306829
8306,0.001371,172.31.46.0-255,66,108874,42,306829
8307,0.001383,74.125.200.0-255,1484,110358,42,306829
8308,0.001413,74.125.200.0-255,2902,113260,42,306829
8309,0.001416,172.31.46.0-255,66,113326,42,306829
8310,0.001422,74.125.200.0-255,4320,117646,42,306829
8311,0.001424,172.31.46.0-255,66,117712,42,306829
8312,0.001436,74.125.200.0-255,7156,124868,42,306829
8313,0.001439,172.31.46.0-255,66,124934,42,306829
8314,0.001471,74.125.200.0-255,1484,126418,42,306829
8315,0.001479,74.125.200.0-255,7156,133574,42,306829
8316,0.001482,172.31.46.0-255,66,133640,42,306829
8317,0.001514,74.125.200.0-255,6438,140078,42,306829
8318,0.001517,172.31.46.0-255,66,140144,42,306829
8319,0.001636,74.125.200.0-255,1484,141628,42,306829
8320,0.001666,74.125.200.0-255,2902,144530,42,306829
8321,0.001668,74.125.200.0-255,1484,146014,42,306829
8322,0.001672,172.31.46.0-255,66,146080,42,306829
8323,0.001684,74.125.200.0-255,4320,150400,42,306829
8324,0.001686,172.31.46.0-255,66,150466,42,306829
8325,0.001726,172.31.46.0-255,66,150532,42,306829
8326,0.001734,74.125.200.0-255,7156,157688,42,306829
8327,0.001736,172.31.46.0-255,66,157754,42,306829
8328,0.00176,74.125.200.0-255,2902,160656,42,306829
8329,0.001763,172.31.46.0-255,66,160722,42,306829
8330,0.00177,74.125.200.0-255,5020,165742,42,306829
8331,0.001772,172.31.46.0-255,66,165808,42,306829
8332,0.001882,74.125.200.0-255,1484,167292,42,306829
8333,0.001886,74.125.200.0-255,1484,168776,42,306829
8334,0.001888,172.31.46.0-255,66,168842,42,306829
8335,0.001914,74.125.200.0-255,1484,170326,42,306829
8336,0.001926,74.125.200.0-255,2902,173228,42,306829
8337,0.001929,172.31.46.0-255,66,173294,42,306829
8338,0.001952,74.125.200.0-255,2902,176196,42,306829
8339,0.001955,172.31.46.0-255,66,176262,42,306829
8340,0.00196,74.125.200.0-255,4320,180582,42,306829
8341,0.001962,172.31.46.0-255,66,180648,42,306829
8342,0.001995,74.125.200.0-255,2902,183550,42,306829
8343,0.001997,172.31.46.0-255,66,183616,42,306829
8344,0.002,74.125.200.0-255,1484,185100,42,306829
8345,0.002033,172.31.46.0-255,66,185166,42,306829
8346,0.002066,74.125.200.0-255,2902,188068,42,306829
8347,0.002068,172.31.46.0-255,66,188134,42,306829
8348,0.002072,74.125.200.0-255,2184,190318,42,306829
8349,0.002075,172.31.46.0-255,66,190384,42,306829
8350,0.002077,74.125.200.0-255,1484,191868,42,306829
8351,0.002081,74.125.200.0-255,2902,194770,42,306829
8352,0.002089,172.31.46.0-255,66,194836,42,306829
8353,0.002096,74.125.200.0-255,5738,200574,42,306829
8354,0.002102,74.125.200.0-255,2902,203476,42,306829
8355,0.002112,74.125.200.0-255,1484,204960,42,306829
8356,0.00212,172.31.46.0-255,66,205026,42,306829
8357,0.002121,172.31.46.0-255,66,205092,42,306829
8358,0.002166,172.31.46.0-255,66,205158,42,306829
8359,0.002178,172.31.46.0-255,66,205224,42,306829
8360,0.002206,74.125.200.0-255,1484,206708,42,306829
8361,0.00223,74.125.200.0-255,2902,209610,42,306829
8362,0.002233,172.31.46.0-255,66,209676,42,306829
8363,0.002238,74.125.200.0-255,4320,213996,42,306829
8364,0.00224,172.31.46.0-255,66,214062,42,306829
8365,0.00227,172.31.46.0-255,66,214128,42,306829
8366,0.002274,74.125.200.0-255,2902,217030,42,306829
8367,0.002276,172.31.46.0-255,66,217096,42,306829
8368,0.002343,74.125.200.0-255,2902,219998,42,306829
8369,0.002346,172.31.46.0-255,66,220064,42,306829
8370,0.002378,172.31.46.0-255,66,220130,42,306829
8371,0.002382,74.125.200.0-255,2184,222314,42,306829
8372,0.002385,172.31.46.0-255,66,222380,42,306829
8373,0.002389,74.125.200.0-255,2902,225282,42,306829
8374,0.002391,172.31.46.0-255,66,225348,42,306829
8375,0.002398,74.125.200.0-255,7156,232504,42,306829
8376,0.002401,172.31.46.0-255,66,232570,42,306829
8377,0.002432,74.125.200.0-255,5738,238308,42,306829
8378,0.002449,74.125.200.0-255,4320,242628,42,306829
8379,0.002453,74.125.200.0-255,2184,244812,42,306829
8380,0.00823,172.31.46.0-255,66,244878,42,306829
8381,0.010667,74.125.200.0-255,5738,250616,42,306829
8382,0.010674,172.31.46.0-255,66,250682,42,306829
8383,0.013095,74.125.200.0-255,5738,256420,42,306829
8384,0.013103,172.31.46.0-255,66,256486,42,306829
8385,0.015531,74.125.200.0-255,5738,262224,42,306829
8386,0.015539,172.31.46.0-255,66,262290,42,306829
8387,0.018421,74.125.200.0-255,5738,268028,42,306829
8388,0.018434,172.31.46.0-255,66,268094,42,306829
8389,0.020861,74.125.200.0-255,4320,272414,42,306829
8390,0.02087,172.31.46.0-255,66,272480,42,306829
8391,0.020899,74.125.200.0-255,1484,273964,42,306829
8392,0.023376,74.125.200.0-255,4320,278284,42,306829
8393,0.023383,172.31.46.0-255,66,278350,42,306829
8394,0.025813,74.125.200.0-255,5738,284088,42,306829
8395,0.025819,172.31.46.0-255,66,284154,42,306829
8396,0.028243,74.125.200.0-255,5738,289892,42,306829
8397,0.028251,172.31.46.0-255,66,289958,42,306829
8398,0.030679,74.125.200.0-255,5738,295696,42,306829
8399,0.030687,172.31.46.0-255,66,295762,42,306829
8400,0.030891,172.31.46.0-255,171,295933,42,306829
8401,0.030921,172.31.46.0-255,1134,297067,42,306829
8402,0.030979,172.31.46.0-255,1514,298581,42,306829
8403,0.03098,172.31.46.0-255,1275,299856,42,306829
8404,0.03258,104.244.42.0-255,66,299922,42,306829
8405,0.032616,104.244.42.0-255,66,299988,42,306829
8406,0.032682,104.244.42.0-255,66,300054,42,306829
8407,0.033122,74.125.200.0-255,5738,305792,42,306829
8408,0.033127,172.31.46.0-255,66,305858,42,306829
8409,0.035518,74.125.200.0-255,734,306592,42,306829
8410,0.035644,172.31.46.0-255,66,306658,42,306829
8411,0.035679,172.31.46.0-255,105,306763,42,306829
8412,0.038068,74.125.200.0-255,66,306829,42,306829
8413,0.0,172.217.194.0-255,152,152,42,235522
8414,1.3e-05,172.31.46.0-255,66,218,42,235522
8415,1.8e-05,172.217.194.0-255,1484,1702,42,235522
8416,2.2e-05,172.31.46.0-255,66,1768,42,235522
8417,2.5e-05,172.217.194.0-255,1484,3252,42,235522
8418,2.7e-05,172.31.46.0-255,66,3318,42,235522
8419,6.2e-05,172.217.194.0-255,1484,4802,42,235522
8420,6.5e-05,172.31.46.0-255,66,4868,42,235522
8421,7.1e-05,172.217.194.0-255,4320,9188,42,235522
8422,7.3e-05,172.31.46.0-255,66,9254,42,235522
8423,9.3e-05,172.217.194.0-255,1484,10738,42,235522
8424,9.5e-05,172.31.46.0-255,66,10804,42,235522
8425,0.00012,172.217.194.0-255,3423,14227,42,235522
8426,0.000122,172.31.46.0-255,66,14293,42,235522
8427,0.000161,172.217.194.0-255,1484,15777,42,235522
8428,0.000163,172.31.46.0-255,66,15843,42,235522
8429,0.000186,172.217.194.0-255,1484,17327,42,235522
8430,0.000188,172.31.46.0-255,66,17393,42,235522
8431,0.000199,172.217.194.0-255,2902,20295,42,235522
8432,0.000205,172.31.46.0-255,66,20361,42,235522
8433,0.00024,172.217.194.0-255,4320,24681,42,235522
8434,0.000242,172.31.46.0-255,66,24747,42,235522
8435,0.000262,172.217.194.0-255,1484,26231,42,235522
8436,0.000264,172.31.46.0-255,66,26297,42,235522
8437,0.000304,172.217.194.0-255,2902,29199,42,235522
8438,0.000307,172.31.46.0-255,66,29265,42,235522
8439,0.000328,172.217.194.0-255,2543,31808,42,235522
8440,0.00033,172.31.46.0-255,66,31874,42,235522
8441,0.000421,172.217.194.0-255,1484,33358,42,235522
8442,0.000424,172.31.46.0-255,66,33424,42,235522
8443,0.000429,172.217.194.0-255,2902,36326,42,235522
8444,0.000431,172.31.46.0-255,66,36392,42,235522
8445,0.000462,172.217.194.0-255,2902,39294,42,235522
8446,0.000477,172.31.46.0-255,66,39360,42,235522
8447,0.000503,172.217.194.0-255,1484,40844,42,235522
8448,0.000522,172.217.194.0-255,2902,43746,42,235522
8449,0.000534,172.31.46.0-255,66,43812,42,235522
8450,0.000545,172.217.194.0-255,4320,48132,42,235522
8451,0.000562,172.217.194.0-255,3961,52093,42,235522
8452,0.000565,172.31.46.0-255,66,52159,42,235522
8453,0.000626,172.217.194.0-255,1484,53643,42,235522
8454,0.000666,172.31.46.0-255,66,53709,42,235522
8455,0.000672,172.217.194.0-255,4250,57959,42,235522
8456,0.000677,172.31.46.0-255,66,58025,42,235522
8457,0.000746,172.217.194.0-255,99,58124,42,235522
8458,0.000763,172.217.194.0-255,363,58487,42,235522
8459,0.001037,172.217.194.0-255,1484,59971,42,235522
8460,0.001043,172.31.46.0-255,66,60037,42,235522
8461,0.001049,172.217.194.0-255,2902,62939,42,235522
8462,0.001071,172.217.194.0-255,4320,67259,42,235522
8463,0.001116,172.217.194.0-255,1484,68743,42,235522
8464,0.001136,172.217.194.0-255,7156,75899,42,235522
8465,0.001212,172.217.194.0-255,2902,78801,42,235522
8466,0.001228,172.217.194.0-255,5738,84539,42,235522
8467,0.00125,172.217.194.0-255,5738,90277,42,235522
8468,0.001378,172.217.194.0-255,2184,92461,42,235522
8469,0.001634,172.217.194.0-255,1484,93945,42,235522
8470,0.001641,172.217.194.0-255,2902,96847,42,235522
8471,0.001669,172.217.194.0-255,1484,98331,42,235522
8472,0.001684,172.217.194.0-255,4320,102651,42,235522
8473,0.001833,172.217.194.0-255,2902,105553,42,235522
8474,0.001988,172.217.194.0-255,1484,107037,42,235522
8475,0.002012,172.217.194.0-255,1484,108521,42,235522
8476,0.002021,172.217.194.0-255,1484,110005,42,235522
8477,0.002039,172.217.194.0-255,2902,112907,42,235522
8478,0.002054,172.217.194.0-255,2902,115809,42,235522
8479,0.002105,172.217.194.0-255,1484,117293,42,235522
8480,0.002248,172.217.194.0-255,1484,118777,42,235522
8481,0.002296,172.217.194.0-255,7156,125933,42,235522
8482,0.002308,172.217.194.0-255,1484,127417,42,235522
8483,0.00234,172.217.194.0-255,766,128183,42,235522
8484,0.002362,172.217.194.0-255,1484,129667,42,235522
8485,0.002406,172.217.194.0-255,4320,133987,42,235522
8486,0.002437,172.217.194.0-255,4320,138307,42,235522
8487,0.002453,172.217.194.0-255,5738,144045,42,235522
8488,0.002547,172.217.194.0-255,2902,146947,42,235522
8489,0.002557,172.217.194.0-255,2902,149849,42,235522
8490,0.005013,172.31.46.0-255,66,149915,42,235522
8491,0.007453,172.217.194.0-255,5738,155653,42,235522
8492,0.007459,172.31.46.0-255,66,155719,42,235522
8493,0.009864,172.217.194.0-255,5738,161457,42,235522
8494,0.009874,172.31.46.0-255,66,161523,42,235522
8495,0.012327,172.217.194.0-255,5738,167261,42,235522
8496,0.012343,172.31.46.0-255,66,167327,42,235522
8497,0.014757,172.217.194.0-255,5738,173065,42,235522
8498,0.014775,172.31.46.0-255,66,173131,42,235522
8499,0.017199,172.217.194.0-255,5738,178869,42,235522
8500,0.017213,172.31.46.0-255,66,178935,42,235522
8501,0.019629,172.217.194.0-255,5738,184673,42,235522
8502,0.019639,172.31.46.0-255,66,184739,42,235522
8503,0.022033,172.217.194.0-255,5738,190477,42,235522
8504,0.022045,172.31.46.0-255,66,190543,42,235522
8505,0.024469,172.217.194.0-255,5738,196281,42,235522
8506,0.024484,172.31.46.0-255,66,196347,42,235522
8507,0.026891,172.217.194.0-255,5738,202085,42,235522
8508,0.026904,172.31.46.0-255,66,202151,42,235522
8509,0.02902,172.31.46.0-255,164,202315,42,235522
8510,0.029056,172.31.46.0-255,1119,203434,42,235522
8511,0.02912,172.31.46.0-255,1514,204948,42,235522
8512,0.029121,172.31.46.0-255,1290,206238,42,235522
8513,0.029317,172.217.194.0-255,5738,211976,42,235522
8514,0.029327,172.31.46.0-255,66,212042,42,235522
8515,0.0309,104.244.42.0-255,66,212108,42,235522
8516,0.030947,104.244.42.0-255,66,212174,42,235522
8517,0.031034,104.244.42.0-255,66,212240,42,235522
8518,0.031737,172.217.194.0-255,1484,213724,42,235522
8519,0.031759,172.217.194.0-255,4320,218044,42,235522
8520,0.031766,172.31.46.0-255,66,218110,42,235522
8521,0.034176,172.217.194.0-255,5738,223848,42,235522
8522,0.034191,172.31.46.0-255,66,223914,42,235522
8523,0.036591,172.217.194.0-255,5738,229652,42,235522
8524,0.036597,172.31.46.0-255,66,229718,42,235522
8525,0.039027,172.217.194.0-255,5738,235456,42,235522
8526,0.039037,172.31.46.0-255,66,235522,42,235522
8527,0.0,74.125.68.0-255,148,148,42,232022
8528,2.1e-05,172.31.46.0-255,66,214,42,232022
8529,2.7e-05,74.125.68.0-255,1484,1698,42,232022
8530,3.1e-05,172.31.46.0-255,66,1764,42,232022
8531,3.7e-05,74.125.68.0-255,2902,4666,42,232022
8532,4e-05,172.31.46.0-255,66,4732,42,232022
8533,4.6e-05,74.125.68.0-255,5738,10470,42,232022
8534,4.9e-05,172.31.46.0-255,66,10536,42,232022
8535,7.9e-05,74.125.68.0-255,2902,13438,42,232022
8536,8.1e-05,172.31.46.0-255,66,13504,42,232022
8537,9.8e-05,74.125.68.0-255,2100,15604,42,232022
8538,0.000101,172.31.46.0-255,66,15670,42,232022
8539,0.00013,74.125.68.0-255,5738,21408,42,232022
8540,0.000132,172.31.46.0-255,66,21474,42,232022
8541,0.000172,74.125.68.0-255,7156,28630,42,232022
8542,0.000176,172.31.46.0-255,66,28696,42,232022
8543,0.000225,74.125.68.0-255,2543,31239,42,232022
8544,0.000228,172.31.46.0-255,66,31305,42,232022
8545,0.00027,74.125.68.0-255,1484,32789,42,232022
8546,0.000273,172.31.46.0-255,66,32855,42,232022
8547,0.00029,74.125.68.0-255,1484,34339,42,232022
8548,0.000292,172.31.46.0-255,66,34405,42,232022
8549,0.000297,74.125.68.0-255,4320,38725,42,232022
8550,0.0003,172.31.46.0-255,66,38791,42,232022
8551,0.000303,74.125.68.0-255,1484,40275,42,232022
8552,0.000304,172.31.46.0-255,66,40341,42,232022
8553,0.000336,74.125.68.0-255,7156,47497,42,232022
8554,0.000339,172.31.46.0-255,66,47563,42,232022
8555,0.000367,74.125.68.0-255,1125,48688,42,232022
8556,0.00037,172.31.46.0-255,66,48754,42,232022
8557,0.000376,74.125.68.0-255,4320,53074,42,232022
8558,0.000379,172.31.46.0-255,66,53140,42,232022
8559,0.000401,74.125.68.0-255,7156,60296,42,232022
8560,0.000474,74.125.68.0-255,5379,65675,42,232022
8561,0.000509,172.31.46.0-255,66,65741,42,232022
8562,0.000737,74.125.68.0-255,646,66387,42,232022
8563,0.000927,74.125.68.0-255,1484,67871,42,232022
8564,0.000932,172.31.46.0-255,66,67937,42,232022
8565,0.000951,74.125.68.0-255,2902,70839,42,232022
8566,0.000969,74.125.68.0-255,5738,76577,42,232022
8567,0.000987,172.31.46.0-255,66,76643,42,232022
8568,0.000995,74.125.68.0-255,1484,78127,42,232022
8569,0.000998,74.125.68.0-255,1484,79611,42,232022
8570,0.001002,172.31.46.0-255,66,79677,42,232022
8571,0.001013,74.125.68.0-255,1484,81161,42,232022
8572,0.001039,74.125.68.0-255,2902,84063,42,232022
8573,0.001043,172.31.46.0-255,66,84129,42,232022
8574,0.001055,74.125.68.0-255,1484,85613,42,232022
8575,0.001069,74.125.68.0-255,5738,91351,42,232022
8576,0.001087,172.31.46.0-255,66,91417,42,232022
8577,0.001101,74.125.68.0-255,1484,92901,42,232022
8578,0.001115,74.125.68.0-255,2902,95803,42,232022
8579,0.001121,172.31.46.0-255,66,95869,42,232022
8580,0.001144,74.125.68.0-255,5020,100889,42,232022
8581,0.001152,172.31.46.0-255,66,100955,42,232022
8582,0.001264,74.125.68.0-255,1484,102439,42,232022
8583,0.001285,74.125.68.0-255,1484,103923,42,232022
8584,0.001288,172.31.46.0-255,66,103989,42,232022
8585,0.001306,74.125.68.0-255,1484,105473,42,232022
8586,0.001326,74.125.68.0-255,1484,106957,42,232022
8587,0.001332,74.125.68.0-255,4320,111277,42,232022
8588,0.001337,172.31.46.0-255,66,111343,42,232022
8589,0.001373,74.125.68.0-255,4320,115663,42,232022
8590,0.001386,74.125.68.0-255,1484,117147,42,232022
8591,0.001395,172.31.46.0-255,66,117213,42,232022
8592,0.001403,74.125.68.0-255,1484,118697,42,232022
8593,0.001433,74.125.68.0-255,1484,120181,42,232022
8594,0.001438,74.125.68.0-255,2902,123083,42,232022
8595,0.001454,74.125.68.0-255,1484,124567,42,232022
8596,0.001457,172.31.46.0-255,66,124633,42,232022
8597,0.00148,74.125.68.0-255,4320,128953,42,232022
8598,0.001485,172.31.46.0-255,66,129019,42,232022
8599,0.001515,74.125.68.0-255,4320,133339,42,232022
8600,0.00152,172.31.46.0-255,66,133405,42,232022
8601,0.001533,74.125.68.0-255,2184,135589,42,232022
8602,0.001579,172.31.46.0-255,66,135655,42,232022
8603,0.003843,74.125.68.0-255,2902,138557,42,232022
8604,0.003849,172.31.46.0-255,66,138623,42,232022
8605,0.003878,74.125.68.0-255,2902,141525,42,232022
8606,0.003893,172.31.46.0-255,66,141591,42,232022
8607,0.006152,74.125.68.0-255,2902,144493,42,232022
8608,0.006157,172.31.46.0-255,66,144559,42,232022
8609,0.006175,74.125.68.0-255,1484,146043,42,232022
8610,0.006193,74.125.68.0-255,1484,147527,42,232022
8611,0.0062,172.31.46.0-255,66,147593,42,232022
8612,0.008466,74.125.68.0-255,2902,150495,42,232022
8613,0.008474,172.31.46.0-255,66,150561,42,232022
8614,0.008506,74.125.68.0-255,2902,153463,42,232022
8615,0.00853,172.31.46.0-255,66,153529,42,232022
8616,0.010792,74.125.68.0-255,2902,156431,42,232022
8617,0.0108,172.31.46.0-255,66,156497,42,232022
8618,0.010829,74.125.68.0-255,1484,157981,42,232022
8619,0.010847,74.125.68.0-255,1484,159465,42,232022
8620,0.013118,74.125.68.0-255,2902,162367,42,232022
8621,0.013715,172.31.46.0-255,66,162433,42,232022
8622,0.016031,74.125.68.0-255,2902,165335,42,232022
8623,0.016043,172.31.46.0-255,66,165401,42,232022
8624,0.016068,74.125.68.0-255,2902,168303,42,232022
8625,0.016115,172.31.46.0-255,66,168369,42,232022
8626,0.018363,74.125.68.0-255,2902,171271,42,232022
8627,0.018383,172.31.46.0-255,66,171337,42,232022
8628,0.018415,74.125.68.0-255,2902,174239,42,232022
8629,0.018473,172.31.46.0-255,66,174305,42,232022
8630,0.020699,74.125.68.0-255,2902,177207,42,232022
8631,0.020717,172.31.46.0-255,66,177273,42,232022
8632,0.020765,74.125.68.0-255,2902,180175,42,232022
8633,0.020814,172.31.46.0-255,66,180241,42,232022
8634,0.023033,74.125.68.0-255,2902,183143,42,232022
8635,0.023052,172.31.46.0-255,66,183209,42,232022
8636,0.023107,74.125.68.0-255,2902,186111,42,232022
8637,0.023162,172.31.46.0-255,66,186177,42,232022
8638,0.025373,74.125.68.0-255,2902,189079,42,232022
8639,0.025384,172.31.46.0-255,66,189145,42,232022
8640,0.025465,74.125.68.0-255,2902,192047,42,232022
8641,0.025497,172.31.46.0-255,66,192113,42,232022
8642,0.027688,74.125.68.0-255,2902,195015,42,232022
8643,0.027699,172.31.46.0-255,66,195081,42,232022
8644,0.027794,74.125.68.0-255,2902,197983,42,232022
8645,0.027831,172.31.46.0-255,172,198155,42,232022
8646,0.027859,172.31.46.0-255,1106,199261,42,232022
8647,0.027912,172.31.46.0-255,66,199327,42,232022
8648,0.027994,172.31.46.0-255,1514,200841,42,232022
8649,0.027996,172.31.46.0-255,1303,202144,42,232022
8650,0.029374,104.244.42.0-255,66,202210,42,232022
8651,0.029509,104.244.42.0-255,66,202276,42,232022
8652,0.029551,104.244.42.0-255,66,202342,42,232022
8653,0.030044,74.125.68.0-255,2902,205244,42,232022
8654,0.030051,172.31.46.0-255,66,205310,42,232022
8655,0.030227,74.125.68.0-255,2902,208212,42,232022
8656,0.030233,172.31.46.0-255,66,208278,42,232022
8657,0.032385,74.125.68.0-255,2902,211180,42,232022
8658,0.032393,172.31.46.0-255,66,211246,42,232022
8659,0.032542,74.125.68.0-255,2902,214148,42,232022
8660,0.032547,172.31.46.0-255,66,214214,42,232022
8661,0.034707,74.125.68.0-255,2902,217116,42,232022
8662,0.034715,172.31.46.0-255,66,217182,42,232022
8663,0.034856,74.125.68.0-255,2902,220084,42,232022
8664,0.034861,172.31.46.0-255,66,220150,42,232022
8665,0.037019,74.125.68.0-255,2902,223052,42,232022
8666,0.037028,172.31.46.0-255,66,223118,42,232022
8667,0.037163,74.125.68.0-255,2902,226020,42,232022
8668,0.037463,172.31.46.0-255,66,226086,42,232022
8669,0.039348,74.125.68.0-255,2902,228988,42,232022
8670,0.039357,172.31.46.0-255,66,229054,42,232022
8671,0.039773,74.125.68.0-255,2902,231956,42,232022
8672,0.039781,172.31.46.0-255,66,232022,42,232022
8673,0.0,172.217.194.0-255,152,152,42,273610
8674,2.5e-05,172.31.46.0-255,66,218,42,273610
8675,3.2e-05,172.217.194.0-255,1484,1702,42,273610
8676,3.7e-05,172.31.46.0-255,66,1768,42,273610
8677,4.9e-05,172.217.194.0-255,2902,4670,42,273610
8678,5.2e-05,172.31.46.0-255,66,4736,42,273610
8679,6.1e-05,172.217.194.0-255,7156,11892,42,273610
8680,6.4e-05,172.31.46.0-255,66,11958,42,273610
8681,6.8e-05,172.217.194.0-255,2064,14022,42,273610
8682,7.1e-05,172.31.46.0-255,66,14088,42,273610
8683,9.1e-05,172.217.194.0-255,1484,15572,42,273610
8684,9.8e-05,172.31.46.0-255,66,15638,42,273610
8685,0.000103,172.217.194.0-255,2902,18540,42,273610
8686,0.000106,172.31.46.0-255,66,18606,42,273610
8687,0.000139,172.217.194.0-255,5738,24344,42,273610
8688,0.000143,172.31.46.0-255,66,24410,42,273610
8689,0.000154,172.31.46.0-255,66,24476,42,273610
8690,0.00016,172.217.194.0-255,5738,30214,42,273610
8691,0.000166,172.31.46.0-255,66,30280,42,273610
8692,0.00019,172.217.194.0-255,2902,33182,42,273610
8693,0.000196,172.31.46.0-255,66,33248,42,273610
8694,0.000203,172.217.194.0-255,6797,40045,42,273610
8695,0.000206,172.31.46.0-255,66,40111,42,273610
8696,0.000735,172.217.194.0-255,1484,41595,42,273610
8697,0.000741,172.31.46.0-255,66,41661,42,273610
8698,0.000755,172.217.194.0-255,2902,44563,42,273610
8699,0.000757,172.31.46.0-255,66,44629,42,273610
8700,0.000768,172.217.194.0-255,5738,50367,42,273610
8701,0.000771,172.31.46.0-255,66,50433,42,273610
8702,0.00081,172.217.194.0-255,6797,57230,42,273610
8703,0.000813,172.31.46.0-255,66,57296,42,273610
8704,0.000828,172.217.194.0-255,4320,61616,42,273610
8705,0.000834,172.31.46.0-255,66,61682,42,273610
8706,0.000859,172.217.194.0-255,2902,64584,42,273610
8707,0.000862,172.31.46.0-255,66,64650,42,273610
8708,0.000877,172.31.46.0-255,66,64716,42,273610
8709,0.00088,172.217.194.0-255,646,65362,42,273610
8710,0.000943,172.217.194.0-255,1484,66846,42,273610
8711,0.000946,172.31.46.0-255,66,66912,42,273610
8712,0.000968,172.217.194.0-255,4320,71232,42,273610
8713,0.00097,172.31.46.0-255,66,71298,42,273610
8714,0.000978,172.217.194.0-255,7156,78454,42,273610
8715,0.00098,172.31.46.0-255,66,78520,42,273610
8716,0.001013,172.217.194.0-255,3961,82481,42,273610
8717,0.001015,172.31.46.0-255,66,82547,42,273610
8718,0.001373,172.217.194.0-255,1484,84031,42,273610
8719,0.00141,172.217.194.0-255,2902,86933,42,273610
8720,0.001414,172.31.46.0-255,66,86999,42,273610
8721,0.001421,172.217.194.0-255,5738,92737,42,273610
8722,0.001423,172.31.46.0-255,66,92803,42,273610
8723,0.001441,172.31.46.0-255,66,92869,42,273610
8724,0.001456,172.31.46.0-255,66,92935,42,273610
8725,0.001612,172.217.194.0-255,1484,94419,42,273610
8726,0.001648,172.217.194.0-255,2902,97321,42,273610
8727,0.001652,172.31.46.0-255,66,97387,42,273610
8728,0.001659,172.217.194.0-255,5738,103125,42,273610
8729,0.001661,172.31.46.0-255,66,103191,42,273610
8730,0.001671,172.217.194.0-255,4320,107511,42,273610
8731,0.001673,172.31.46.0-255,66,107577,42,273610
8732,0.001705,172.31.46.0-255,66,107643,42,273610
8733,0.001739,172.217.194.0-255,7156,114799,42,273610
8734,0.001742,172.31.46.0-255,66,114865,42,273610
8735,0.001747,172.217.194.0-255,3602,118467,42,273610
8736,0.001749,172.31.46.0-255,66,118533,42,273610
8737,0.001754,172.217.194.0-255,4320,122853,42,273610
8738,0.001756,172.31.46.0-255,66,122919,42,273610
8739,0.001773,172.31.46.0-255,66,122985,42,273610
8740,0.001781,172.217.194.0-255,7156,130141,42,273610
8741,0.001783,172.31.46.0-255,66,130207,42,273610
8742,0.001822,172.31.46.0-255,66,130273,42,273610
8743,0.001829,172.217.194.0-255,3602,133875,42,273610
8744,0.001831,172.31.46.0-255,66,133941,42,273610
8745,0.001975,172.217.194.0-255,1484,135425,42,273610
8746,0.001981,172.217.194.0-255,2902,138327,42,273610
8747,0.001984,172.31.46.0-255,66,138393,42,273610
8748,0.001991,172.217.194.0-255,5738,144131,42,273610
8749,0.001993,172.31.46.0-255,66,144197,42,273610
8750,0.002031,172.217.194.0-255,4320,148517,42,273610
8751,0.002034,172.31.46.0-255,66,148583,42,273610
8752,0.002062,172.217.194.0-255,7156,155739,42,273610
8753,0.002065,172.31.46.0-255,66,155805,42,273610
8754,0.002084,172.31.46.0-255,66,155871,42,273610
8755,0.002108,172.217.194.0-255,1484,157355,42,273610
8756,0.002125,172.217.194.0-255,4320,161675,42,273610
8757,0.002128,172.31.46.0-255,66,161741,42,273610
8758,0.002157,172.217.194.0-255,2902,164643,42,273610
8759,0.00216,172.31.46.0-255,66,164709,42,273610
8760,0.004206,172.217.194.0-255,2902,167611,42,273610
8761,0.004216,172.31.46.0-255,66,167677,42,273610
8762,0.004243,172.217.194.0-255,2902,170579,42,273610
8763,0.004246,172.31.46.0-255,66,170645,42,273610
8764,0.006292,172.217.194.0-255,5738,176383,42,273610
8765,0.006297,172.31.46.0-255,66,176449,42,273610
8766,0.008369,172.217.194.0-255,5738,182187,42,273610
8767,0.008375,172.31.46.0-255,66,182253,42,273610
8768,0.010466,172.217.194.0-255,5738,187991,42,273610
8769,0.010472,172.31.46.0-255,66,188057,42,273610
8770,0.012568,172.217.194.0-255,5738,193795,42,273610
8771,0.012577,172.31.46.0-255,66,193861,42,273610
8772,0.014656,172.217.194.0-255,5738,199599,42,273610
8773,0.014666,172.31.46.0-255,66,199665,42,273610
8774,0.016795,172.217.194.0-255,5738,205403,42,273610
8775,0.016802,172.31.46.0-255,66,205469,42,273610
8776,0.018886,172.217.194.0-255,5738,211207,42,273610
8777,0.018895,172.31.46.0-255,66,211273,42,273610
8778,0.020963,172.217.194.0-255,5738,217011,42,273610
8779,0.02097,172.31.46.0-255,66,217077,42,273610
8780,0.02304,172.217.194.0-255,5738,222815,42,273610
8781,0.023046,172.31.46.0-255,66,222881,42,273610
8782,0.025127,172.217.194.0-255,5738,228619,42,273610
8783,0.025134,172.31.46.0-255,66,228685,42,273610
8784,0.026291,172.31.46.0-255,176,228861,42,273610
8785,0.026324,172.31.46.0-255,1112,229973,42,273610
8786,0.026381,172.31.46.0-255,1514,231487,42,273610
8787,0.026383,172.31.46.0-255,1297,232784,42,273610
8788,0.027193,172.217.194.0-255,5738,238522,42,273610
8789,0.0272,172.31.46.0-255,66,238588,42,273610
8790,0.027855,104.244.42.0-255,66,238654,42,273610
8791,0.027894,104.244.42.0-255,66,238720,42,273610
8792,0.027943,104.244.42.0-255,66,238786,42,273610
8793,0.029311,172.217.194.0-255,5738,244524,42,273610
8794,0.029318,172.31.46.0-255,66,244590,42,273610
8795,0.031377,172.217.194.0-255,5738,250328,42,273610
8796,0.031384,172.31.46.0-255,66,250394,42,273610
8797,0.033462,172.217.194.0-255,5738,256132,42,273610
8798,0.033469,172.31.46.0-255,66,256198,42,273610
8799,0.035548,172.217.194.0-255,5738,261936,42,273610
8800,0.035556,172.31.46.0-255,66,262002,42,273610
8801,0.037628,172.217.194.0-255,5738,267740,42,273610
8802,0.037635,172.31.46.0-255,66,267806,42,273610
8803,0.03972,172.217.194.0-255,5738,273544,42,273610
8804,0.03973,172.31.46.0-255,66,273610,42,273610
8805,0.0,172.31.46.0-255,105,105,42,276
8806,0.001813,157.240.13.0-255,105,210,42,276
8807,0.001826,172.31.46.0-255,66,276,42,276
8808,0.0,172.217.194.0-255,154,154,42,265699
8809,1.5e-05,172.31.46.0-255,66,220,42,265699
8810,2e-05,172.217.194.0-255,1484,1704,42,265699
8811,2.4e-05,172.31.46.0-255,66,1770,42,265699
8812,2.9e-05,172.217.194.0-255,2902,4672,42,265699
8813,3.9e-05,172.31.46.0-255,66,4738,42,265699
8814,7.5e-05,172.217.194.0-255,7156,11894,42,265699
8815,7.8e-05,172.31.46.0-255,66,11960,42,265699
8816,8.2e-05,172.217.194.0-255,2075,14035,42,265699
8817,8.3e-05,172.31.46.0-255,66,14101,42,265699
8818,0.000134,172.217.194.0-255,1484,15585,42,265699
8819,0.000136,172.31.46.0-255,66,15651,42,265699
8820,0.000139,172.217.194.0-255,1484,17135,42,265699
8821,0.000141,172.31.46.0-255,66,17201,42,265699
8822,0.000161,172.217.194.0-255,1484,18685,42,265699
8823,0.000165,172.31.46.0-255,66,18751,42,265699
8824,0.000187,172.217.194.0-255,5738,24489,42,265699
8825,0.00019,172.31.46.0-255,66,24555,42,265699
8826,0.000221,172.217.194.0-255,4320,28875,42,265699
8827,0.000224,172.31.46.0-255,66,28941,42,265699
8828,0.000256,172.217.194.0-255,2543,31484,42,265699
8829,0.000259,172.31.46.0-255,66,31550,42,265699
8830,0.000286,172.217.194.0-255,1484,33034,42,265699
8831,0.000289,172.31.46.0-255,66,33100,42,265699
8832,0.000293,172.217.194.0-255,2902,36002,42,265699
8833,0.000295,172.31.46.0-255,66,36068,42,265699
8834,0.0003,172.217.194.0-255,5738,41806,42,265699
8835,0.000302,172.31.46.0-255,66,41872,42,265699
8836,0.000331,172.217.194.0-255,6797,48669,42,265699
8837,0.000334,172.31.46.0-255,66,48735,42,265699
8838,0.000337,172.217.194.0-255,2902,51637,42,265699
8839,0.000339,172.31.46.0-255,66,51703,42,265699
8840,0.00037,172.217.194.0-255,4320,56023,42,265699
8841,0.000373,172.31.46.0-255,66,56089,42,265699
8842,0.000382,172.31.46.0-255,66,56155,42,265699
8843,0.000384,172.217.194.0-255,115,56270,42,265699
8844,0.000702,172.217.194.0-255,384,56654,42,265699
8845,0.00091,172.31.46.0-255,66,56720,42,265699
8846,0.00096,172.217.194.0-255,1484,58204,42,265699
8847,0.000974,172.217.194.0-255,2902,61106,42,265699
8848,0.000976,172.31.46.0-255,66,61172,42,265699
8849,0.000981,172.217.194.0-255,2902,64074,42,265699
8850,0.000983,172.31.46.0-255,66,64140,42,265699
8851,0.001016,172.217.194.0-255,2902,67042,42,265699
8852,0.001019,172.31.46.0-255,66,67108,42,265699
8853,0.00103,172.31.46.0-255,66,67174,42,265699
8854,0.001035,172.217.194.0-255,4320,71494,42,265699
8855,0.001037,172.31.46.0-255,66,71560,42,265699
8856,0.001069,172.217.194.0-255,6438,77998,42,265699
8857,0.001072,172.31.46.0-255,66,78064,42,265699
8858,0.001184,172.217.194.0-255,1484,79548,42,265699
8859,0.00119,172.217.194.0-255,2902,82450,42,265699
8860,0.001193,172.31.46.0-255,66,82516,42,265699
8861,0.001198,172.217.194.0-255,2902,85418,42,265699
8862,0.0012,172.31.46.0-255,66,85484,42,265699
8863,0.001225,172.217.194.0-255,2902,88386,42,265699
8864,0.001227,172.31.46.0-255,66,88452,42,265699
8865,0.001243,172.31.46.0-255,66,88518,42,265699
8866,0.001269,172.217.194.0-255,1484,90002,42,265699
8867,0.001312,172.31.46.0-255,66,90068,42,265699
8868,0.001384,172.217.194.0-255,1484,91552,42,265699
8869,0.001389,172.217.194.0-255,2902,94454,42,265699
8870,0.001392,172.31.46.0-255,66,94520,42,265699
8871,0.001397,172.217.194.0-255,4320,98840,42,265699
8872,0.001399,172.31.46.0-255,66,98906,42,265699
8873,0.001416,172.217.194.0-255,1484,100390,42,265699
8874,0.001452,172.31.46.0-255,66,100456,42,265699
8875,0.001518,172.31.46.0-255,66,100522,42,265699
8876,0.001523,172.217.194.0-255,2902,103424,42,265699
8877,0.001525,172.31.46.0-255,66,103490,42,265699
8878,0.001546,172.217.194.0-255,4320,107810,42,265699
8879,0.001549,172.31.46.0-255,66,107876,42,265699
8880,0.001572,172.31.46.0-255,66,107942,42,265699
8881,0.001601,172.217.194.0-255,766,108708,42,265699
8882,0.001631,172.217.194.0-255,4320,113028,42,265699
8883,0.00165,172.217.194.0-255,5738,118766,42,265699
8884,0.001657,172.217.194.0-255,7156,125922,42,265699
8885,0.001663,172.31.46.0-255,66,125988,42,265699
8886,0.001672,172.217.194.0-255,4320,130308,42,265699
8887,0.001681,172.31.46.0-255,66,130374,42,265699
8888,0.001714,172.217.194.0-255,2184,132558,42,265699
8889,0.001729,172.31.46.0-255,66,132624,42,265699
8890,0.001752,172.217.194.0-255,1484,134108,42,265699
8891,0.001767,172.217.194.0-255,2902,137010,42,265699
8892,0.00178,172.217.194.0-255,4320,141330,42,265699
8893,0.001794,172.217.194.0-255,2902,144232,42,265699
8894,0.001807,172.217.194.0-255,2902,147134,42,265699
8895,0.00181,172.31.46.0-255,66,147200,42,265699
8896,0.001815,172.31.46.0-255,66,147266,42,265699
8897,0.001868,172.217.194.0-255,7156,154422,42,265699
8898,0.001886,172.217.194.0-255,766,155188,42,265699
8899,0.001902,172.31.46.0-255,66,155254,42,265699
8900,0.002006,172.217.194.0-255,1484,156738,42,265699
8901,0.002024,172.217.194.0-255,2902,159640,42,265699
8902,0.002048,172.217.194.0-255,5738,165378,42,265699
8903,0.002051,172.217.194.0-255,1484,166862,42,265699
8904,0.002054,172.31.46.0-255,66,166928,42,265699
8905,0.00206,172.31.46.0-255,66,166994,42,265699
8906,0.002084,172.217.194.0-255,4320,171314,42,265699
8907,0.002115,172.217.194.0-255,6438,177752,42,265699
8908,0.002133,172.31.46.0-255,66,177818,42,265699
8909,0.004163,172.217.194.0-255,5738,183556,42,265699
8910,0.004169,172.31.46.0-255,66,183622,42,265699
8911,0.006191,172.217.194.0-255,5738,189360,42,265699
8912,0.006196,172.31.46.0-255,66,189426,42,265699
8913,0.008256,172.217.194.0-255,5738,195164,42,265699
8914,0.008259,172.31.46.0-255,66,195230,42,265699
8915,0.010309,172.217.194.0-255,5738,200968,42,265699
8916,0.010315,172.31.46.0-255,66,201034,42,265699
8917,0.012357,172.217.194.0-255,5738,206772,42,265699
8918,0.012364,172.31.46.0-255,66,206838,42,265699
8919,0.014448,172.217.194.0-255,5738,212576,42,265699
8920,0.014456,172.31.46.0-255,66,212642,42,265699
8921,0.016494,172.217.194.0-255,5738,218380,42,265699
8922,0.016502,172.31.46.0-255,66,218446,42,265699
8923,0.018575,172.217.194.0-255,5738,224184,42,265699
8924,0.018584,172.31.46.0-255,66,224250,42,265699
8925,0.020629,172.217.194.0-255,5738,229988,42,265699
8926,0.020635,172.31.46.0-255,66,230054,42,265699
8927,0.022727,172.217.194.0-255,4320,234374,42,265699
8928,0.022734,172.31.46.0-255,66,234440,42,265699
8929,0.022762,172.217.194.0-255,1484,235924,42,265699
8930,0.024786,172.217.194.0-255,4320,240244,42,265699
8931,0.024794,172.31.46.0-255,66,240310,42,265699
8932,0.026858,172.217.194.0-255,5738,246048,42,265699
8933,0.026865,172.31.46.0-255,66,246114,42,265699
8934,0.028202,172.31.46.0-255,172,246286,42,265699
8935,0.028234,172.31.46.0-255,1112,247398,42,265699
8936,0.028293,172.31.46.0-255,1514,248912,42,265699
8937,0.028295,172.31.46.0-255,1297,250209,42,265699
8938,0.028931,172.217.194.0-255,5738,255947,42,265699
8939,0.028938,172.31.46.0-255,66,256013,42,265699
8940,0.029782,104.244.42.0-255,66,256079,42,265699
8941,0.029823,104.244.42.0-255,66,256145,42,265699
8942,0.029889,104.244.42.0-255,66,256211,42,265699
8943,0.031009,172.217.194.0-255,5738,261949,42,265699
8944,0.031014,172.31.46.0-255,66,262015,42,265699
8945,0.033074,172.217.194.0-255,3447,265462,42,265699
8946,0.033081,172.31.46.0-255,66,265528,42,265699
8947,0.033243,172.31.46.0-255,105,265633,42,265699
8948,0.035286,172.217.194.0-255,66,265699,42,265699
8949,0.0,74.125.24.0-255,146,146,42,242407
8950,2e-05,172.31.46.0-255,66,212,42,242407
8951,2.5e-05,74.125.24.0-255,1484,1696,42,242407
8952,2.9e-05,172.31.46.0-255,66,1762,42,242407
8953,3.4e-05,74.125.24.0-255,2902,4664,42,242407
8954,3.7e-05,172.31.46.0-255,66,4730,42,242407
8955,7.1e-05,74.125.24.0-255,7156,11886,42,242407
8956,7.4e-05,172.31.46.0-255,66,11952,42,242407
8957,7.6e-05,74.125.24.0-255,1484,13436,42,242407
8958,7.8e-05,172.31.46.0-255,66,13502,42,242407
8959,8.1e-05,74.125.24.0-255,585,14087,42,242407
8960,8.3e-05,172.31.46.0-255,66,14153,42,242407
8961,0.000486,74.125.24.0-255,1484,15637,42,242407
8962,0.000492,172.31.46.0-255,66,15703,42,242407
8963,0.0005,74.125.24.0-255,2902,18605,42,242407
8964,0.000502,172.31.46.0-255,66,18671,42,242407
8965,0.000519,74.125.24.0-255,4320,22991,42,242407
8966,0.000521,172.31.46.0-255,66,23057,42,242407
8967,0.000537,74.125.24.0-255,1484,24541,42,242407
8968,0.000539,172.31.46.0-255,66,24607,42,242407
8969,0.000546,74.125.24.0-255,6797,31404,42,242407
8970,0.000549,172.31.46.0-255,66,31470,42,242407
8971,0.000821,74.125.24.0-255,1484,32954,42,242407
8972,0.000828,172.31.46.0-255,66,33020,42,242407
8973,0.000834,74.125.24.0-255,2902,35922,42,242407
8974,0.000837,172.31.46.0-255,66,35988,42,242407
8975,0.000845,74.125.24.0-255,5738,41726,42,242407
8976,0.000847,172.31.46.0-255,66,41792,42,242407
8977,0.000872,74.125.24.0-255,2902,44694,42,242407
8978,0.000874,172.31.46.0-255,66,44760,42,242407
8979,0.000907,172.31.46.0-255,66,44826,42,242407
8980,0.000922,74.125.24.0-255,5738,50564,42,242407
8981,0.000924,172.31.46.0-255,66,50630,42,242407
8982,0.000946,74.125.24.0-255,4293,54923,42,242407
8983,0.000948,172.31.46.0-255,66,54989,42,242407
8984,0.000952,74.125.24.0-255,375,55364,42,242407
8985,0.000954,172.31.46.0-255,66,55430,42,242407
8986,0.001475,74.125.24.0-255,1484,56914,42,242407
8987,0.001482,172.31.46.0-255,66,56980,42,242407
8988,0.00149,74.125.24.0-255,2902,59882,42,242407
8989,0.001492,172.31.46.0-255,66,59948,42,242407
8990,0.001518,74.125.24.0-255,5738,65686,42,242407
8991,0.001521,172.31.46.0-255,66,65752,42,242407
8992,0.001524,74.125.24.0-255,1484,67236,42,242407
8993,0.001526,172.31.46.0-255,66,67302,42,242407
8994,0.001555,172.31.46.0-255,66,67368,42,242407
8995,0.001558,74.125.24.0-255,1484,68852,42,242407
8996,0.00156,172.31.46.0-255,66,68918,42,242407
8997,0.0016,172.31.46.0-255,66,68984,42,242407
8998,0.001684,74.125.24.0-255,1484,70468,42,242407
8999,0.001686,172.31.46.0-255,66,70534,42,242407
9000,0.001708,74.125.24.0-255,2902,73436,42,242407
9001,0.001711,172.31.46.0-255,66,73502,42,242407
9002,0.001717,74.125.24.0-255,5738,79240,42,242407
9003,0.00172,172.31.46.0-255,66,79306,42,242407
9004,0.001753,74.125.24.0-255,4320,83626,42,242407
9005,0.001775,74.125.24.0-255,7156,90782,42,242407
9006,0.001791,74.125.24.0-255,1484,92266,42,242407
9007,0.001805,74.125.24.0-255,7156,99422,42,242407
9008,0.001822,74.125.24.0-255,6438,105860,42,242407
9009,0.001829,74.125.24.0-255,7156,113016,42,242407
9010,0.0019,74.125.24.0-255,766,113782,42,242407
9011,0.001932,74.125.24.0-255,1484,115266,42,242407
9012,0.001944,74.125.24.0-255,2902,118168,42,242407
9013,0.001962,74.125.24.0-255,2902,121070,42,242407
9014,0.001979,74.125.24.0-255,2902,123972,42,242407
9015,0.001993,74.125.24.0-255,2902,126874,42,242407
9016,0.002023,74.125.24.0-255,7156,134030,42,242407
9017,0.002057,74.125.24.0-255,3602,137632,42,242407
9018,0.00211,74.125.24.0-255,1484,139116,42,242407
9019,0.002114,74.125.24.0-255,1484,140600,42,242407
9020,0.002125,74.125.24.0-255,1484,142084,42,242407
9021,0.002136,74.125.24.0-255,2902,144986,42,242407
9022,0.002154,74.125.24.0-255,2902,147888,42,242407
9023,0.002157,74.125.24.0-255,1484,149372,42,242407
9024,0.002172,74.125.24.0-255,4320,153692,42,242407
9025,0.002189,74.125.24.0-255,7156,160848,42,242407
9026,0.002194,74.125.24.0-255,4320,165168,42,242407
9027,0.003758,172.31.46.0-255,66,165234,42,242407
9028,0.005998,74.125.24.0-255,5738,170972,42,242407
9029,0.006006,172.31.46.0-255,66,171038,42,242407
9030,0.008177,74.125.24.0-255,5738,176776,42,242407
9031,0.008195,172.31.46.0-255,66,176842,42,242407
9032,0.010384,74.125.24.0-255,5738,182580,42,242407
9033,0.010398,172.31.46.0-255,66,182646,42,242407
9034,0.012587,74.125.24.0-255,5738,188384,42,242407
9035,0.012601,172.31.46.0-255,66,188450,42,242407
9036,0.014788,74.125.24.0-255,5738,194188,42,242407
9037,0.014798,172.31.46.0-255,66,194254,42,242407
9038,0.016996,74.125.24.0-255,4320,198574,42,242407
9039,0.017017,74.125.24.0-255,1484,200058,42,242407
9040,0.017087,172.31.46.0-255,66,200124,42,242407
9041,0.019265,74.125.24.0-255,5738,205862,42,242407
9042,0.025713,172.31.46.0-255,66,205928,42,242407
9043,0.027884,74.125.24.0-255,5738,211666,42,242407
9044,0.027896,172.31.46.0-255,66,211732,42,242407
9045,0.030088,74.125.24.0-255,5738,217470,42,242407
9046,0.030097,172.31.46.0-255,66,217536,42,242407
9047,0.031519,172.31.46.0-255,172,217708,42,242407
9048,0.031547,172.31.46.0-255,1110,218818,42,242407
9049,0.031602,172.31.46.0-255,1514,220332,42,242407
9050,0.031604,172.31.46.0-255,1299,221631,42,242407
9051,0.032285,74.125.24.0-255,5738,227369,42,242407
9052,0.032292,172.31.46.0-255,66,227435,42,242407
9053,0.033155,104.244.42.0-255,66,227501,42,242407
9054,0.033196,104.244.42.0-255,66,227567,42,242407
9055,0.033243,104.244.42.0-255,66,227633,42,242407
9056,0.034477,74.125.24.0-255,2902,230535,42,242407
9057,0.034483,172.31.46.0-255,66,230601,42,242407
9058,0.034504,74.125.24.0-255,2902,233503,42,242407
9059,0.035046,172.31.46.0-255,66,233569,42,242407
9060,0.036674,74.125.24.0-255,2902,236471,42,242407
9061,0.036681,172.31.46.0-255,66,236537,42,242407
9062,0.037215,74.125.24.0-255,2902,239439,42,242407
9063,0.038848,74.125.24.0-255,2902,242341,42,242407
9064,0.039349,172.31.46.0-255,66,242407,42,242407
9065,0.0,172.217.194.0-255,146,146,42,190716
9066,1.5e-05,172.31.46.0-255,66,212,42,190716
9067,4.8e-05,172.217.194.0-255,1484,1696,42,190716
9068,5.4e-05,172.31.46.0-255,66,1762,42,190716
9069,6e-05,172.217.194.0-255,2902,4664,42,190716
9070,6.3e-05,172.31.46.0-255,66,4730,42,190716
9071,7.2e-05,172.217.194.0-255,7156,11886,42,190716
9072,7.6e-05,172.31.46.0-255,66,11952,42,190716
9073,0.000117,172.31.46.0-255,66,12018,42,190716
9074,0.00015,172.217.194.0-255,4320,16338,42,190716
9075,0.000152,172.31.46.0-255,66,16404,42,190716
9076,0.000178,172.217.194.0-255,3961,20365,42,190716
9077,0.000182,172.31.46.0-255,66,20431,42,190716
9078,0.00037,172.217.194.0-255,1484,21915,42,190716
9079,0.000375,172.31.46.0-255,66,21981,42,190716
9080,0.000381,172.217.194.0-255,2902,24883,42,190716
9081,0.000383,172.31.46.0-255,66,24949,42,190716
9082,0.000388,172.217.194.0-255,2902,27851,42,190716
9083,0.00039,172.31.46.0-255,66,27917,42,190716
9084,0.000422,172.217.194.0-255,2902,30819,42,190716
9085,0.000425,172.31.46.0-255,66,30885,42,190716
9086,0.000437,172.217.194.0-255,6797,37682,42,190716
9087,0.000439,172.31.46.0-255,66,37748,42,190716
9088,0.000462,172.217.194.0-255,1484,39232,42,190716
9089,0.000468,172.31.46.0-255,66,39298,42,190716
9090,0.000472,172.217.194.0-255,1484,40782,42,190716
9091,0.000473,172.31.46.0-255,66,40848,42,190716
9092,0.000497,172.217.194.0-255,1484,42332,42,190716
9093,0.000503,172.31.46.0-255,66,42398,42,190716
9094,0.00051,172.217.194.0-255,5738,48136,42,190716
9095,0.000512,172.31.46.0-255,66,48202,42,190716
9096,0.000517,172.217.194.0-255,2902,51104,42,190716
9097,0.000519,172.31.46.0-255,66,51170,42,190716
9098,0.000553,172.217.194.0-255,1484,52654,42,190716
9099,0.00057,172.217.194.0-255,1484,54138,42,190716
9100,0.000573,172.31.46.0-255,66,54204,42,190716
9101,0.000597,172.217.194.0-255,1403,55607,42,190716
9102,0.000601,172.217.194.0-255,119,55726,42,190716
9103,0.000603,172.217.194.0-255,377,56103,42,190716
9104,0.000606,172.31.46.0-255,66,56169,42,190716
9105,0.000967,172.217.194.0-255,1484,57653,42,190716
9106,0.000972,172.217.194.0-255,1484,59137,42,190716
9107,0.000976,172.31.46.0-255,66,59203,42,190716
9108,0.001008,172.217.194.0-255,1484,60687,42,190716
9109,0.001015,172.217.194.0-255,5738,66425,42,190716
9110,0.001017,172.31.46.0-255,66,66491,42,190716
9111,0.001023,172.217.194.0-255,2902,69393,42,190716
9112,0.001025,172.31.46.0-255,66,69459,42,190716
9113,0.001073,172.31.46.0-255,66,69525,42,190716
9114,0.001091,172.31.46.0-255,66,69591,42,190716
9115,0.001126,172.217.194.0-255,7156,76747,42,190716
9116,0.00113,172.31.46.0-255,66,76813,42,190716
9117,0.001141,172.31.46.0-255,66,76879,42,190716
9118,0.001189,172.31.46.0-255,66,76945,42,190716
9119,0.001192,172.217.194.0-255,766,77711,42,190716
9120,0.001241,172.217.194.0-255,1484,79195,42,190716
9121,0.001243,172.31.46.0-255,66,79261,42,190716
9122,0.001248,172.217.194.0-255,2902,82163,42,190716
9123,0.001251,172.31.46.0-255,66,82229,42,190716
9124,0.001286,172.217.194.0-255,2902,85131,42,190716
9125,0.001289,172.31.46.0-255,66,85197,42,190716
9126,0.001314,172.217.194.0-255,2902,88099,42,190716
9127,0.001317,172.31.46.0-255,66,88165,42,190716
9128,0.001328,172.31.46.0-255,66,88231,42,190716
9129,0.001331,172.217.194.0-255,1484,89715,42,190716
9130,0.001372,172.31.46.0-255,66,89781,42,190716
9131,0.001585,172.217.194.0-255,1484,91265,42,190716
9132,0.001591,172.217.194.0-255,2902,94167,42,190716
9133,0.001594,172.31.46.0-255,66,94233,42,190716
9134,0.001597,172.217.194.0-255,1484,95717,42,190716
9135,0.001631,172.217.194.0-255,4320,100037,42,190716
9136,0.001634,172.31.46.0-255,66,100103,42,190716
9137,0.001649,172.31.46.0-255,66,100169,42,190716
9138,0.001673,172.217.194.0-255,1484,101653,42,190716
9139,0.00169,172.217.194.0-255,4320,105973,42,190716
9140,0.001692,172.31.46.0-255,66,106039,42,190716
9141,0.001727,172.31.46.0-255,66,106105,42,190716
9142,0.00173,172.217.194.0-255,1484,107589,42,190716
9143,0.001735,172.217.194.0-255,2902,110491,42,190716
9144,0.001737,172.31.46.0-255,66,110557,42,190716
9145,0.001748,172.217.194.0-255,5738,116295,42,190716
9146,0.00175,172.31.46.0-255,66,116361,42,190716
9147,0.001755,172.217.194.0-255,2902,119263,42,190716
9148,0.001757,172.31.46.0-255,66,119329,42,190716
9149,0.001803,172.31.46.0-255,66,119395,42,190716
9150,0.00182,172.31.46.0-255,66,119461,42,190716
9151,0.002009,172.217.194.0-255,1484,120945,42,190716
9152,0.002013,172.217.194.0-255,1484,122429,42,190716
9153,0.002016,172.31.46.0-255,66,122495,42,190716
9154,0.002047,172.217.194.0-255,1484,123979,42,190716
9155,0.002054,172.217.194.0-255,5738,129717,42,190716
9156,0.00208,172.217.194.0-255,1484,131201,42,190716
9157,0.002117,172.217.194.0-255,5020,136221,42,190716
9158,0.002161,172.217.194.0-255,7156,143377,42,190716
9159,0.002176,172.217.194.0-255,2902,146279,42,190716
9160,0.002192,172.217.194.0-255,4320,150599,42,190716
9161,0.002243,172.217.194.0-255,1484,152083,42,190716
9162,0.00226,172.217.194.0-255,2902,154985,42,190716
9163,0.002263,172.217.194.0-255,1484,156469,42,190716
9164,0.00228,172.217.194.0-255,4320,160789,42,190716
9165,0.002338,172.217.194.0-255,1484,162273,42,190716
9166,0.002349,172.217.194.0-255,1484,163757,42,190716
9167,0.002431,172.217.194.0-255,7156,170913,42,190716
9168,0.002453,172.217.194.0-255,6438,177351,42,190716
9169,0.002466,172.217.194.0-255,4320,181671,42,190716
9170,0.00249,172.217.194.0-255,3090,184761,42,190716
9171,0.008458,172.31.46.0-255,66,184827,42,190716
9172,0.008465,172.31.46.0-255,66,184893,42,190716
9173,0.00847,172.31.46.0-255,66,184959,42,190716
9174,0.008482,172.31.46.0-255,66,185025,42,190716
9175,0.008485,172.31.46.0-255,66,185091,42,190716
9176,0.008489,172.31.46.0-255,66,185157,42,190716
9177,0.008491,172.31.46.0-255,66,185223,42,190716
9178,0.008495,172.31.46.0-255,66,185289,42,190716
9179,0.008498,172.31.46.0-255,66,185355,42,190716
9180,0.008501,172.31.46.0-255,66,185421,42,190716
9181,0.008505,172.31.46.0-255,66,185487,42,190716
9182,0.008508,172.31.46.0-255,66,185553,42,190716
9183,0.008511,172.31.46.0-255,66,185619,42,190716
9184,0.008515,172.31.46.0-255,66,185685,42,190716
9185,0.008518,172.31.46.0-255,66,185751,42,190716
9186,0.008521,172.31.46.0-255,66,185817,42,190716
9187,0.008524,172.31.46.0-255,66,185883,42,190716
9188,0.008527,172.31.46.0-255,66,185949,42,190716
9189,0.00853,172.31.46.0-255,66,186015,42,190716
9190,0.008533,172.31.46.0-255,66,186081,42,190716
9191,0.010973,172.217.194.0-255,105,186186,42,190716
9192,0.011373,172.31.46.0-255,66,186252,42,190716
9193,0.011406,172.31.46.0-255,105,186357,42,190716
9194,0.013816,172.217.194.0-255,66,186423,42,190716
9195,0.033089,172.31.46.0-255,172,186595,42,190716
9196,0.033122,172.31.46.0-255,1110,187705,42,190716
9197,0.033188,172.31.46.0-255,1514,189219,42,190716
9198,0.033189,172.31.46.0-255,1299,190518,42,190716
9199,0.034745,104.244.42.0-255,66,190584,42,190716
9200,0.034793,104.244.42.0-255,66,190650,42,190716
9201,0.034849,104.244.42.0-255,66,190716,42,190716
9202,0.0,172.217.194.0-255,156,156,42,275636
9203,2.3e-05,172.31.46.0-255,66,222,42,275636
9204,3e-05,172.217.194.0-255,1484,1706,42,275636
9205,3.5e-05,172.31.46.0-255,66,1772,42,275636
9206,4.2e-05,172.217.194.0-255,2902,4674,42,275636
9207,4.6e-05,172.31.46.0-255,66,4740,42,275636
9208,5.4e-05,172.217.194.0-255,7156,11896,42,275636
9209,5.7e-05,172.31.46.0-255,66,11962,42,275636
9210,6.1e-05,172.217.194.0-255,2043,14005,42,275636
9211,6.4e-05,172.31.46.0-255,66,14071,42,275636
9212,0.000108,172.217.194.0-255,2902,16973,42,275636
9213,0.000112,172.31.46.0-255,66,17039,42,275636
9214,0.000118,172.217.194.0-255,4320,21359,42,275636
9215,0.000121,172.31.46.0-255,66,21425,42,275636
9216,0.000149,172.31.46.0-255,66,21491,42,275636
9217,0.000152,172.217.194.0-255,1125,22616,42,275636
9218,0.000154,172.31.46.0-255,66,22682,42,275636
9219,0.000234,172.217.194.0-255,1484,24166,42,275636
9220,0.000236,172.31.46.0-255,66,24232,42,275636
9221,0.000259,172.217.194.0-255,2902,27134,42,275636
9222,0.000261,172.31.46.0-255,66,27200,42,275636
9223,0.000291,172.217.194.0-255,5738,32938,42,275636
9224,0.000295,172.31.46.0-255,66,33004,42,275636
9225,0.000297,172.217.194.0-255,1484,34488,42,275636
9226,0.0003,172.31.46.0-255,66,34554,42,275636
9227,0.000331,172.31.46.0-255,66,34620,42,275636
9228,0.000343,172.31.46.0-255,66,34686,42,275636
9229,0.000346,172.217.194.0-255,119,34805,42,275636
9230,0.000348,172.31.46.0-255,66,34871,42,275636
9231,0.000366,172.217.194.0-255,381,35252,42,275636
9232,0.000691,172.217.194.0-255,1484,36736,42,275636
9233,0.0007,172.217.194.0-255,2902,39638,42,275636
9234,0.000705,172.217.194.0-255,2902,42540,42,275636
9235,0.000721,172.217.194.0-255,2902,45442,42,275636
9236,0.000728,172.217.194.0-255,5738,51180,42,275636
9237,0.000738,172.217.194.0-255,1484,52664,42,275636
9238,0.000775,172.217.194.0-255,1484,54148,42,275636
9239,0.000781,172.217.194.0-255,5020,59168,42,275636
9240,0.000826,172.31.46.0-255,66,59234,42,275636
9241,0.001343,172.217.194.0-255,1484,60718,42,275636
9242,0.001349,172.217.194.0-255,2902,63620,42,275636
9243,0.001353,172.31.46.0-255,66,63686,42,275636
9244,0.001372,172.217.194.0-255,1484,65170,42,275636
9245,0.001394,172.217.194.0-255,4320,69490,42,275636
9246,0.001399,172.31.46.0-255,66,69556,42,275636
9247,0.001419,172.217.194.0-255,7156,76712,42,275636
9248,0.001423,172.217.194.0-255,1484,78196,42,275636
9249,0.001433,172.31.46.0-255,66,78262,42,275636
9250,0.001472,172.217.194.0-255,7156,85418,42,275636
9251,0.001477,172.31.46.0-255,66,85484,42,275636
9252,0.00149,172.217.194.0-255,5738,91222,42,275636
9253,0.001494,172.217.194.0-255,2184,93406,42,275636
9254,0.001523,172.31.46.0-255,66,93472,42,275636
9255,0.001582,172.217.194.0-255,1484,94956,42,275636
9256,0.001598,172.217.194.0-255,2902,97858,42,275636
9257,0.001618,172.31.46.0-255,66,97924,42,275636
9258,0.00163,172.217.194.0-255,5738,103662,42,275636
9259,0.001633,172.217.194.0-255,1484,105146,42,275636
9260,0.001636,172.31.46.0-255,66,105212,42,275636
9261,0.001645,172.217.194.0-255,1484,106696,42,275636
9262,0.001661,172.217.194.0-255,4320,111016,42,275636
9263,0.00167,172.31.46.0-255,66,111082,42,275636
9264,0.001689,172.217.194.0-255,5738,116820,42,275636
9265,0.001696,172.217.194.0-255,7156,123976,42,275636
9266,0.001703,172.31.46.0-255,66,124042,42,275636
9267,0.001713,172.217.194.0-255,3602,127644,42,275636
9268,0.001718,172.31.46.0-255,66,127710,42,275636
9269,0.001736,172.217.194.0-255,1484,129194,42,275636
9270,0.001749,172.217.194.0-255,2902,132096,42,275636
9271,0.001765,172.31.46.0-255,66,132162,42,275636
9272,0.001771,172.217.194.0-255,4320,136482,42,275636
9273,0.001782,172.217.194.0-255,1484,137966,42,275636
9274,0.001786,172.217.194.0-255,2902,140868,42,275636
9275,0.001789,172.31.46.0-255,66,140934,42,275636
9276,0.001808,172.217.194.0-255,2902,143836,42,275636
9277,0.001836,172.31.46.0-255,66,143902,42,275636
9278,0.001839,172.217.194.0-255,1484,145386,42,275636
9279,0.001845,172.217.194.0-255,5020,150406,42,275636
9280,0.001851,172.31.46.0-255,66,150472,42,275636
9281,0.001885,172.217.194.0-255,2902,153374,42,275636
9282,0.001904,172.31.46.0-255,66,153440,42,275636
9283,0.001926,172.217.194.0-255,1484,154924,42,275636
9284,0.001936,172.31.46.0-255,66,154990,42,275636
9285,0.001942,172.217.194.0-255,5738,160728,42,275636
9286,0.001956,172.217.194.0-255,2184,162912,42,275636
9287,0.001973,172.31.46.0-255,66,162978,42,275636
9288,0.002178,172.217.194.0-255,1484,164462,42,275636
9289,0.002183,172.217.194.0-255,1484,165946,42,275636
9290,0.002194,172.31.46.0-255,66,166012,42,275636
9291,0.002198,172.217.194.0-255,1484,167496,42,275636
9292,0.002202,172.217.194.0-255,2902,170398,42,275636
9293,0.002207,172.31.46.0-255,66,170464,42,275636
9294,0.002215,172.217.194.0-255,2902,173366,42,275636
9295,0.002235,172.31.46.0-255,66,173432,42,275636
9296,0.004352,172.217.194.0-255,2902,176334,42,275636
9297,0.004358,172.31.46.0-255,66,176400,42,275636
9298,0.004385,172.217.194.0-255,2902,179302,42,275636
9299,0.004387,172.31.46.0-255,66,179368,42,275636
9300,0.006507,172.217.194.0-255,1484,180852,42,275636
9301,0.006523,172.217.194.0-255,4320,185172,42,275636
9302,0.006525,172.31.46.0-255,66,185238,42,275636
9303,0.008697,172.217.194.0-255,5738,190976,42,275636
9304,0.008704,172.31.46.0-255,66,191042,42,275636
9305,0.010891,172.217.194.0-255,5738,196780,42,275636
9306,0.010897,172.31.46.0-255,66,196846,42,275636
9307,0.013074,172.217.194.0-255,5738,202584,42,275636
9308,0.013081,172.31.46.0-255,66,202650,42,275636
9309,0.015268,172.217.194.0-255,5738,208388,42,275636
9310,0.015279,172.31.46.0-255,66,208454,42,275636
9311,0.017399,172.217.194.0-255,5738,214192,42,275636
9312,0.017407,172.31.46.0-255,66,214258,42,275636
9313,0.019588,172.217.194.0-255,2902,217160,42,275636
9314,0.019594,172.31.46.0-255,66,217226,42,275636
9315,0.019612,172.217.194.0-255,2902,220128,42,275636
9316,0.019614,172.31.46.0-255,66,220194,42,275636
9317,0.021761,172.217.194.0-255,5738,225932,42,275636
9318,0.021767,172.31.46.0-255,66,225998,42,275636
9319,0.023903,172.217.194.0-255,4320,230318,42,275636
9320,0.02392,172.31.46.0-255,66,230384,42,275636
9321,0.023936,172.217.194.0-255,1484,231868,42,275636
9322,0.026064,172.217.194.0-255,4320,236188,42,275636
9323,0.02607,172.31.46.0-255,66,236254,42,275636
9324,0.028266,172.217.194.0-255,5738,241992,42,275636
9325,0.028272,172.31.46.0-255,66,242058,42,275636
9326,0.03042,172.217.194.0-255,5738,247796,42,275636
9327,0.030426,172.31.46.0-255,66,247862,42,275636
9328,0.032546,172.217.194.0-255,5738,253600,42,275636
9329,0.032553,172.31.46.0-255,66,253666,42,275636
9330,0.034662,172.217.194.0-255,5738,259404,42,275636
9331,0.03467,172.31.46.0-255,66,259470,42,275636
9332,0.036285,172.31.46.0-255,172,259642,42,275636
9333,0.036312,172.31.46.0-255,1110,260752,42,275636
9334,0.036361,172.31.46.0-255,1514,262266,42,275636
9335,0.036363,172.31.46.0-255,1300,263566,42,275636
9336,0.036779,172.217.194.0-255,2902,266468,42,275636
9337,0.036785,172.31.46.0-255,66,266534,42,275636
9338,0.0368,172.217.194.0-255,2902,269436,42,275636
9339,0.036803,172.31.46.0-255,66,269502,42,275636
9340,0.037914,104.244.42.0-255,66,269568,42,275636
9341,0.03796,104.244.42.0-255,66,269634,42,275636
9342,0.038057,104.244.42.0-255,66,269700,42,275636
9343,0.038917,172.217.194.0-255,2902,272602,42,275636
9344,0.038922,172.31.46.0-255,66,272668,42,275636
9345,0.038949,172.217.194.0-255,2902,275570,42,275636
9346,0.038952,172.31.46.0-255,66,275636,42,275636
9347,0.0,74.125.130.0-255,153,153,42,267932
9348,1.6e-05,172.31.46.0-255,66,219,42,267932
9349,2.2e-05,74.125.130.0-255,1484,1703,42,267932
9350,2.8e-05,172.31.46.0-255,66,1769,42,267932
9351,3.6e-05,74.125.130.0-255,2902,4671,42,267932
9352,4.1e-05,172.31.46.0-255,66,4737,42,267932
9353,4.6e-05,74.125.130.0-255,2902,7639,42,267932
9354,4.9e-05,172.31.46.0-255,66,7705,42,267932
9355,5.5e-05,74.125.130.0-255,4320,12025,42,267932
9356,5.8e-05,172.31.46.0-255,66,12091,42,267932
9357,7.8e-05,74.125.130.0-255,5738,17829,42,267932
9358,8.1e-05,172.31.46.0-255,66,17895,42,267932
9359,0.000108,74.125.130.0-255,3580,21475,42,267932
9360,0.000111,172.31.46.0-255,66,21541,42,267932
9361,0.000118,74.125.130.0-255,7156,28697,42,267932
9362,0.00012,172.31.46.0-255,66,28763,42,267932
9363,0.000171,74.125.130.0-255,2543,31306,42,267932
9364,0.000173,172.31.46.0-255,66,31372,42,267932
9365,0.000189,74.125.130.0-255,2902,34274,42,267932
9366,0.000191,172.31.46.0-255,66,34340,42,267932
9367,0.000198,74.125.130.0-255,4320,38660,42,267932
9368,0.0002,172.31.46.0-255,66,38726,42,267932
9369,0.000226,74.125.130.0-255,7156,45882,42,267932
9370,0.000229,172.31.46.0-255,66,45948,42,267932
9371,0.000239,74.125.130.0-255,1484,47432,42,267932
9372,0.000241,172.31.46.0-255,66,47498,42,267932
9373,0.000244,74.125.130.0-255,1125,48623,42,267932
9374,0.000261,172.31.46.0-255,66,48689,42,267932
9375,0.000672,74.125.130.0-255,1484,50173,42,267932
9376,0.000679,172.31.46.0-255,66,50239,42,267932
9377,0.000685,74.125.130.0-255,2902,53141,42,267932
9378,0.000687,172.31.46.0-255,66,53207,42,267932
9379,0.000693,74.125.130.0-255,5738,58945,42,267932
9380,0.000696,172.31.46.0-255,66,59011,42,267932
9381,0.000702,74.125.130.0-255,4320,63331,42,267932
9382,0.000704,172.31.46.0-255,66,63397,42,267932
9383,0.000727,74.125.130.0-255,1484,64881,42,267932
9384,0.000745,74.125.130.0-255,4320,69201,42,267932
9385,0.000749,172.31.46.0-255,66,69267,42,267932
9386,0.000774,74.125.130.0-255,6797,76064,42,267932
9387,0.000781,74.125.130.0-255,6797,82861,42,267932
9388,0.000784,74.125.130.0-255,1484,84345,42,267932
9389,0.000795,172.31.46.0-255,66,84411,42,267932
9390,0.000798,172.31.46.0-255,66,84477,42,267932
9391,0.000811,74.125.130.0-255,5738,90215,42,267932
9392,0.000813,172.31.46.0-255,66,90281,42,267932
9393,0.00082,74.125.130.0-255,5738,96019,42,267932
9394,0.000822,172.31.46.0-255,66,96085,42,267932
9395,0.000854,74.125.130.0-255,3961,100046,42,267932
9396,0.000857,172.31.46.0-255,66,100112,42,267932
9397,0.001266,74.125.130.0-255,1484,101596,42,267932
9398,0.001272,74.125.130.0-255,2902,104498,42,267932
9399,0.001276,172.31.46.0-255,66,104564,42,267932
9400,0.001281,74.125.130.0-255,2902,107466,42,267932
9401,0.001283,172.31.46.0-255,66,107532,42,267932
9402,0.001302,74.125.130.0-255,2902,110434,42,267932
9403,0.001304,172.31.46.0-255,66,110500,42,267932
9404,0.001318,74.125.130.0-255,1484,111984,42,267932
9405,0.001345,172.31.46.0-255,66,112050,42,267932
9406,0.001368,74.125.130.0-255,4320,116370,42,267932
9407,0.001372,172.31.46.0-255,66,116436,42,267932
9408,0.001397,74.125.130.0-255,6438,122874,42,267932
9409,0.001401,172.31.46.0-255,66,122940,42,267932
9410,0.001584,172.31.46.0-255,101,123041,42,267932
9411,0.001657,74.125.130.0-255,1484,124525,42,267932
9412,0.001672,74.125.130.0-255,2902,127427,42,267932
9413,0.001675,172.31.46.0-255,66,127493,42,267932
9414,0.001678,74.125.130.0-255,1484,128977,42,267932
9415,0.001697,74.125.130.0-255,2902,131879,42,267932
9416,0.0017,172.31.46.0-255,66,131945,42,267932
9417,0.001724,74.125.130.0-255,5738,137683,42,267932
9418,0.001727,172.31.46.0-255,66,137749,42,267932
9419,0.001755,172.31.46.0-255,66,137815,42,267932
9420,0.001786,172.31.46.0-255,66,137881,42,267932
9421,0.001788,74.125.130.0-255,766,138647,42,267932
9422,0.001902,74.125.130.0-255,1484,140131,42,267932
9423,0.001907,172.31.46.0-255,66,140197,42,267932
9424,0.001917,74.125.130.0-255,2902,143099,42,267932
9425,0.001919,172.31.46.0-255,66,143165,42,267932
9426,0.001934,74.125.130.0-255,5738,148903,42,267932
9427,0.001937,172.31.46.0-255,66,148969,42,267932
9428,0.001941,74.125.130.0-255,1484,150453,42,267932
9429,0.001967,74.125.130.0-255,4320,154773,42,267932
9430,0.001969,172.31.46.0-255,66,154839,42,267932
9431,0.001976,74.125.130.0-255,5738,160577,42,267932
9432,0.001978,172.31.46.0-255,66,160643,42,267932
9433,0.002002,74.125.130.0-255,7156,167799,42,267932
9434,0.002007,172.31.46.0-255,66,167865,42,267932
9435,0.002013,74.125.130.0-255,5020,172885,42,267932
9436,0.002015,172.31.46.0-255,66,172951,42,267932
9437,0.00204,74.125.130.0-255,1484,174435,42,267932
9438,0.002064,74.125.130.0-255,2902,177337,42,267932
9439,0.002067,74.125.130.0-255,1484,178821,42,267932
9440,0.002071,172.31.46.0-255,66,178887,42,267932
9441,0.002093,74.125.130.0-255,4320,183207,42,267932
9442,0.002097,172.31.46.0-255,66,183273,42,267932
9443,0.00214,172.31.46.0-255,66,183339,42,267932
9444,0.002163,74.125.130.0-255,1484,184823,42,267932
9445,0.002178,172.31.46.0-255,66,184889,42,267932
9446,0.00414,74.125.130.0-255,66,184955,42,267932
9447,0.004782,74.125.130.0-255,5738,190693,42,267932
9448,0.004788,172.31.46.0-255,66,190759,42,267932
9449,0.007398,74.125.130.0-255,2902,193661,42,267932
9450,0.007403,172.31.46.0-255,66,193727,42,267932
9451,0.007417,74.125.130.0-255,2902,196629,42,267932
9452,0.00742,172.31.46.0-255,66,196695,42,267932
9453,0.010019,74.125.130.0-255,4320,201015,42,267932
9454,0.010033,172.31.46.0-255,66,201081,42,267932
9455,0.010054,74.125.130.0-255,1484,202565,42,267932
9456,0.012648,74.125.130.0-255,4320,206885,42,267932
9457,0.01266,172.31.46.0-255,66,206951,42,267932
9458,0.015277,74.125.130.0-255,5738,212689,42,267932
9459,0.015287,172.31.46.0-255,66,212755,42,267932
9460,0.017891,74.125.130.0-255,5738,218493,42,267932
9461,0.017902,172.31.46.0-255,66,218559,42,267932
9462,0.020552,74.125.130.0-255,5738,224297,42,267932
9463,0.020564,172.31.46.0-255,66,224363,42,267932
9464,0.023187,74.125.130.0-255,5738,230101,42,267932
9465,0.023195,172.31.46.0-255,66,230167,42,267932
9466,0.025798,74.125.130.0-255,4320,234487,42,267932
9467,0.025807,172.31.46.0-255,66,234553,42,267932
9468,0.025827,74.125.130.0-255,1484,236037,42,267932
9469,0.028416,74.125.130.0-255,4320,240357,42,267932
9470,0.028423,172.31.46.0-255,66,240423,42,267932
9471,0.031059,74.125.130.0-255,5738,246161,42,267932
9472,0.031076,172.31.46.0-255,66,246227,42,267932
9473,0.033722,74.125.130.0-255,5738,251965,42,267932
9474,0.033739,172.31.46.0-255,66,252031,42,267932
9475,0.036366,74.125.130.0-255,5738,257769,42,267932
9476,0.036382,172.31.46.0-255,66,257835,42,267932
9477,0.038008,172.31.46.0-255,172,258007,42,267932
9478,0.038045,172.31.46.0-255,1111,259118,42,267932
9479,0.038113,172.31.46.0-255,1514,260632,42,267932
9480,0.038115,172.31.46.0-255,1298,261930,42,267932
9481,0.039013,74.125.130.0-255,5738,267668,42,267932
9482,0.039022,172.31.46.0-255,66,267734,42,267932
9483,0.039576,104.244.42.0-255,66,267800,42,267932
9484,0.039619,104.244.42.0-255,66,267866,42,267932
9485,0.039676,104.244.42.0-255,66,267932,42,267932
9486,0.0,172.217.24.0-255,146,146,42,344040
9487,2.5e-05,172.31.46.0-255,66,212,42,344040
9488,3.2e-05,172.217.24.0-255,1484,1696,42,344040
9489,3.6e-05,172.31.46.0-255,66,1762,42,344040
9490,4.2e-05,172.217.24.0-255,2902,4664,42,344040
9491,4.6e-05,172.31.46.0-255,66,4730,42,344040
9492,5.1e-05,172.217.24.0-255,2902,7632,42,344040
9493,5.4e-05,172.31.46.0-255,66,7698,42,344040
9494,6e-05,172.217.24.0-255,4320,12018,42,344040
9495,6.2e-05,172.31.46.0-255,66,12084,42,344040
9496,8.2e-05,172.217.24.0-255,1985,14069,42,344040
9497,8.5e-05,172.31.46.0-255,66,14135,42,344040
9498,0.000151,172.217.24.0-255,1484,15619,42,344040
9499,0.000153,172.31.46.0-255,66,15685,42,344040
9500,0.000158,172.217.24.0-255,2902,18587,42,344040
9501,0.000161,172.31.46.0-255,66,18653,42,344040
9502,0.000178,172.217.24.0-255,2902,21555,42,344040
9503,0.00018,172.31.46.0-255,66,21621,42,344040
9504,0.000205,172.217.24.0-255,2902,24523,42,344040
9505,0.000208,172.31.46.0-255,66,24589,42,344040
9506,0.000216,172.217.24.0-255,6797,31386,42,344040
9507,0.000218,172.31.46.0-255,66,31452,42,344040
9508,0.00024,172.217.24.0-255,2902,34354,42,344040
9509,0.000242,172.31.46.0-255,66,34420,42,344040
9510,0.000263,172.217.24.0-255,4320,38740,42,344040
9511,0.000266,172.31.46.0-255,66,38806,42,344040
9512,0.000272,172.217.24.0-255,5738,44544,42,344040
9513,0.000274,172.31.46.0-255,66,44610,42,344040
9514,0.000328,172.217.24.0-255,3961,48571,42,344040
9515,0.000331,172.31.46.0-255,66,48637,42,344040
9516,0.000847,172.217.24.0-255,1484,50121,42,344040
9517,0.000853,172.31.46.0-255,66,50187,42,344040
9518,0.000859,172.217.24.0-255,2902,53089,42,344040
9519,0.000862,172.31.46.0-255,66,53155,42,344040
9520,0.000869,172.217.24.0-255,5738,58893,42,344040
9521,0.000871,172.31.46.0-255,66,58959,42,344040
9522,0.000878,172.217.24.0-255,6797,65756,42,344040
9523,0.000881,172.31.46.0-255,66,65822,42,344040
9524,0.0009,172.217.24.0-255,393,66215,42,344040
9525,0.000923,172.217.24.0-255,1484,67699,42,344040
9526,0.000926,172.31.46.0-255,66,67765,42,344040
9527,0.000929,172.217.24.0-255,1484,69249,42,344040
9528,0.000952,172.217.24.0-255,2902,72151,42,344040
9529,0.000955,172.31.46.0-255,66,72217,42,344040
9530,0.000961,172.217.24.0-255,4320,76537,42,344040
9531,0.000963,172.31.46.0-255,66,76603,42,344040
9532,0.000969,172.217.24.0-255,5738,82341,42,344040
9533,0.000972,172.31.46.0-255,66,82407,42,344040
9534,0.000997,172.217.24.0-255,1125,83532,42,344040
9535,0.001268,172.31.46.0-255,66,83598,42,344040
9536,0.001612,172.217.24.0-255,1484,85082,42,344040
9537,0.001619,172.217.24.0-255,1484,86566,42,344040
9538,0.001623,172.31.46.0-255,66,86632,42,344040
9539,0.001629,172.217.24.0-255,2902,89534,42,344040
9540,0.001631,172.31.46.0-255,66,89600,42,344040
9541,0.001638,172.217.24.0-255,5738,95338,42,344040
9542,0.00164,172.31.46.0-255,66,95404,42,344040
9543,0.00167,172.217.24.0-255,5083,100487,42,344040
9544,0.001673,172.31.46.0-255,66,100553,42,344040
9545,0.001676,172.217.24.0-255,646,101199,42,344040
9546,0.001925,172.217.24.0-255,1484,102683,42,344040
9547,0.001931,172.31.46.0-255,66,102749,42,344040
9548,0.001938,172.217.24.0-255,2902,105651,42,344040
9549,0.00194,172.31.46.0-255,66,105717,42,344040
9550,0.001963,172.217.24.0-255,5738,111455,42,344040
9551,0.001965,172.31.46.0-255,66,111521,42,344040
9552,0.001992,172.217.24.0-255,2902,114423,42,344040
9553,0.001994,172.31.46.0-255,66,114489,42,344040
9554,0.002016,172.217.24.0-255,1484,115973,42,344040
9555,0.002024,172.217.24.0-255,5738,121711,42,344040
9556,0.002026,172.31.46.0-255,66,121777,42,344040
9557,0.00203,172.217.24.0-255,1484,123261,42,344040
9558,0.002053,172.217.24.0-255,7156,130417,42,344040
9559,0.002055,172.31.46.0-255,66,130483,42,344040
9560,0.002059,172.217.24.0-255,1484,131967,42,344040
9561,0.002104,172.217.24.0-255,1484,133451,42,344040
9562,0.002108,172.31.46.0-255,66,133517,42,344040
9563,0.002126,172.217.24.0-255,1484,135001,42,344040
9564,0.002129,172.217.24.0-255,766,135767,42,344040
9565,0.002131,172.31.46.0-255,66,135833,42,344040
9566,0.00219,172.217.24.0-255,1484,137317,42,344040
9567,0.002204,172.217.24.0-255,2902,140219,42,344040
9568,0.002207,172.31.46.0-255,66,140285,42,344040
9569,0.002211,172.217.24.0-255,1484,141769,42,344040
9570,0.002227,172.217.24.0-255,4320,146089,42,344040
9571,0.00223,172.31.46.0-255,66,146155,42,344040
9572,0.002262,172.217.24.0-255,4320,150475,42,344040
9573,0.002265,172.31.46.0-255,66,150541,42,344040
9574,0.002284,172.217.24.0-255,2902,153443,42,344040
9575,0.002286,172.31.46.0-255,66,153509,42,344040
9576,0.002292,172.217.24.0-255,4320,157829,42,344040
9577,0.002294,172.31.46.0-255,66,157895,42,344040
9578,0.002317,172.217.24.0-255,1484,159379,42,344040
9579,0.002333,172.217.24.0-255,4320,163699,42,344040
9580,0.002336,172.31.46.0-255,66,163765,42,344040
9581,0.002344,172.217.24.0-255,6438,170203,42,344040
9582,0.002347,172.31.46.0-255,66,170269,42,344040
9583,0.002959,172.217.24.0-255,1484,171753,42,344040
9584,0.002968,172.217.24.0-255,2902,174655,42,344040
9585,0.002973,172.31.46.0-255,66,174721,42,344040
9586,0.002977,172.217.24.0-255,1484,176205,42,344040
9587,0.00298,172.217.24.0-255,1484,177689,42,344040
9588,0.002982,172.31.46.0-255,66,177755,42,344040
9589,0.002987,172.217.24.0-255,2902,180657,42,344040
9590,0.00299,172.31.46.0-255,66,180723,42,344040
9591,0.002996,172.217.24.0-255,5738,186461,42,344040
9592,0.002999,172.31.46.0-255,66,186527,42,344040
9593,0.003005,172.217.24.0-255,5738,192265,42,344040
9594,0.003008,172.31.46.0-255,66,192331,42,344040
9595,0.003041,172.217.24.0-255,7156,199487,42,344040
9596,0.003044,172.31.46.0-255,66,199553,42,344040
9597,0.003051,172.217.24.0-255,5020,204573,42,344040
9598,0.003053,172.31.46.0-255,66,204639,42,344040
9599,0.003231,172.217.24.0-255,1484,206123,42,344040
9600,0.003235,172.217.24.0-255,1484,207607,42,344040
9601,0.003238,172.31.46.0-255,66,207673,42,344040
9602,0.003255,172.217.24.0-255,1484,209157,42,344040
9603,0.003261,172.217.24.0-255,4320,213477,42,344040
9604,0.003264,172.31.46.0-255,66,213543,42,344040
9605,0.003269,172.217.24.0-255,4320,217863,42,344040
9606,0.003272,172.31.46.0-255,66,217929,42,344040
9607,0.00329,172.217.24.0-255,4320,222249,42,344040
9608,0.003292,172.31.46.0-255,66,222315,42,344040
9609,0.003316,172.217.24.0-255,1484,223799,42,344040
9610,0.003338,172.217.24.0-255,5738,229537,42,344040
9611,0.003341,172.31.46.0-255,66,229603,42,344040
9612,0.00337,172.217.24.0-255,1484,231087,42,344040
9613,0.003418,172.217.24.0-255,2902,233989,42,344040
9614,0.003441,172.217.24.0-255,6438,240427,42,344040
9615,0.003444,172.217.24.0-255,1484,241911,42,344040
9616,0.00346,172.217.24.0-255,4320,246231,42,344040
9617,0.003466,172.217.24.0-255,4320,250551,42,344040
9618,0.00348,172.217.24.0-255,2902,253453,42,344040
9619,0.003492,172.217.24.0-255,1484,254937,42,344040
9620,0.003524,172.217.24.0-255,6438,261375,42,344040
9621,0.003584,172.217.24.0-255,1484,262859,42,344040
9622,0.003588,172.217.24.0-255,2902,265761,42,344040
9623,0.003591,172.217.24.0-255,1484,267245,42,344040
9624,0.003608,172.217.24.0-255,4320,271565,42,344040
9625,0.003611,172.217.24.0-255,1484,273049,42,344040
9626,0.003627,172.217.24.0-255,5738,278787,42,344040
9627,0.00363,172.217.24.0-255,1484,280271,42,344040
9628,0.003648,172.217.24.0-255,2902,283173,42,344040
9629,0.003662,172.217.24.0-255,4320,287493,42,344040
9630,0.003679,172.217.24.0-255,2902,290395,42,344040
9631,0.003681,172.217.24.0-255,1484,291879,42,344040
9632,0.003684,172.217.24.0-255,1484,293363,42,344040
9633,0.003687,172.217.24.0-255,1484,294847,42,344040
9634,0.003753,172.217.24.0-255,766,295613,42,344040
9635,0.00383,172.217.24.0-255,1484,297097,42,344040
9636,0.003834,172.217.24.0-255,1484,298581,42,344040
9637,0.00385,172.217.24.0-255,1484,300065,42,344040
9638,0.003857,172.217.24.0-255,5738,305803,42,344040
9639,0.003869,172.217.24.0-255,1484,307287,42,344040
9640,0.00391,172.217.24.0-255,2902,310189,42,344040
9641,0.003927,172.217.24.0-255,4320,314509,42,344040
9642,0.003951,172.217.24.0-255,3602,318111,42,344040
9643,0.003975,172.217.24.0-255,1484,319595,42,344040
9644,0.00399,172.217.24.0-255,2902,322497,42,344040
9645,0.004013,172.217.24.0-255,5738,328235,42,344040
9646,0.004028,172.217.24.0-255,4320,332555,42,344040
9647,0.00404,172.217.24.0-255,2902,335457,42,344040
9648,0.004055,172.217.24.0-255,2902,338359,42,344040
9649,0.004081,172.217.24.0-255,2050,340409,42,344040
9650,0.004112,172.217.24.0-255,97,340506,42,344040
9651,0.004191,172.217.24.0-255,105,340611,42,344040
9652,0.006111,172.31.46.0-255,66,340677,42,344040
9653,0.008672,172.31.46.0-255,105,340782,42,344040
9654,0.010627,172.217.24.0-255,66,340848,42,344040
9655,0.032086,172.31.46.0-255,167,341015,42,344040
9656,0.032139,172.31.46.0-255,1111,342126,42,344040
9657,0.032211,172.31.46.0-255,1514,343640,42,344040
9658,0.032213,172.31.46.0-255,334,343974,42,344040
9659,0.034353,104.244.42.0-255,66,344040,42,344040
9660,0.0,74.125.130.0-255,153,153,42,396090
9661,2.4e-05,74.125.130.0-255,1484,1637,42,396090
9662,3.5e-05,172.31.46.0-255,66,1703,42,396090
9663,4.1e-05,74.125.130.0-255,1484,3187,42,396090
9664,4.8e-05,74.125.130.0-255,2902,6089,42,396090
9665,5.2e-05,172.31.46.0-255,66,6155,42,396090
9666,5.7e-05,74.125.130.0-255,2902,9057,42,396090
9667,6e-05,172.31.46.0-255,66,9123,42,396090
9668,0.000103,74.125.130.0-255,2902,12025,42,396090
9669,0.000107,172.31.46.0-255,66,12091,42,396090
9670,0.000112,74.125.130.0-255,2054,14145,42,396090
9671,0.000114,172.31.46.0-255,66,14211,42,396090
9672,0.000282,74.125.130.0-255,1484,15695,42,396090
9673,0.000303,74.125.130.0-255,2902,18597,42,396090
9674,0.000307,172.31.46.0-255,66,18663,42,396090
9675,0.000332,74.125.130.0-255,5738,24401,42,396090
9676,0.000335,172.31.46.0-255,66,24467,42,396090
9677,0.00037,74.125.130.0-255,6797,31264,42,396090
9678,0.000373,172.31.46.0-255,66,31330,42,396090
9679,0.000394,74.125.130.0-255,1484,32814,42,396090
9680,0.000406,74.125.130.0-255,2902,35716,42,396090
9681,0.000408,172.31.46.0-255,66,35782,42,396090
9682,0.000432,74.125.130.0-255,4320,40102,42,396090
9683,0.000435,172.31.46.0-255,66,40168,42,396090
9684,0.000468,74.125.130.0-255,5738,45906,42,396090
9685,0.000471,172.31.46.0-255,66,45972,42,396090
9686,0.000476,74.125.130.0-255,2902,48874,42,396090
9687,0.000478,172.31.46.0-255,66,48940,42,396090
9688,0.000497,74.125.130.0-255,4320,53260,42,396090
9689,0.0005,172.31.46.0-255,66,53326,42,396090
9690,0.000506,74.125.130.0-255,5738,59064,42,396090
9691,0.000508,172.31.46.0-255,66,59130,42,396090
9692,0.000528,74.125.130.0-255,2902,62032,42,396090
9693,0.00053,172.31.46.0-255,66,62098,42,396090
9694,0.000536,74.125.130.0-255,3602,65700,42,396090
9695,0.000538,172.31.46.0-255,66,65766,42,396090
9696,0.000561,74.125.130.0-255,410,66176,42,396090
9697,0.000734,74.125.130.0-255,1484,67660,42,396090
9698,0.00074,172.31.46.0-255,66,67726,42,396090
9699,0.000745,74.125.130.0-255,2902,70628,42,396090
9700,0.000748,172.31.46.0-255,66,70694,42,396090
9701,0.000769,74.125.130.0-255,5738,76432,42,396090
9702,0.000771,172.31.46.0-255,66,76498,42,396090
9703,0.000774,74.125.130.0-255,1484,77982,42,396090
9704,0.000795,74.125.130.0-255,2902,80884,42,396090
9705,0.0008,172.31.46.0-255,66,80950,42,396090
9706,0.000813,74.125.130.0-255,2902,83852,42,396090
9707,0.000816,172.31.46.0-255,66,83918,42,396090
9708,0.000828,74.125.130.0-255,2902,86820,42,396090
9709,0.000831,172.31.46.0-255,66,86886,42,396090
9710,0.000834,74.125.130.0-255,1484,88370,42,396090
9711,0.000838,74.125.130.0-255,2902,91272,42,396090
9712,0.000841,172.31.46.0-255,66,91338,42,396090
9713,0.000872,74.125.130.0-255,5738,97076,42,396090
9714,0.000875,172.31.46.0-255,66,97142,42,396090
9715,0.00088,74.125.130.0-255,2902,100044,42,396090
9716,0.000882,172.31.46.0-255,66,100110,42,396090
9717,0.000914,74.125.130.0-255,766,100876,42,396090
9718,0.000992,74.125.130.0-255,363,101239,42,396090
9719,0.001048,74.125.130.0-255,1484,102723,42,396090
9720,0.001052,172.31.46.0-255,66,102789,42,396090
9721,0.001059,74.125.130.0-255,2902,105691,42,396090
9722,0.001061,172.31.46.0-255,66,105757,42,396090
9723,0.001084,74.125.130.0-255,2902,108659,42,396090
9724,0.001087,172.31.46.0-255,66,108725,42,396090
9725,0.001107,74.125.130.0-255,1484,110209,42,396090
9726,0.001114,74.125.130.0-255,5738,115947,42,396090
9727,0.001116,172.31.46.0-255,66,116013,42,396090
9728,0.001164,74.125.130.0-255,1484,117497,42,396090
9729,0.00117,74.125.130.0-255,2902,120399,42,396090
9730,0.001172,172.31.46.0-255,66,120465,42,396090
9731,0.001178,74.125.130.0-255,5738,126203,42,396090
9732,0.00118,172.31.46.0-255,66,126269,42,396090
9733,0.001206,74.125.130.0-255,2902,129171,42,396090
9734,0.001209,172.31.46.0-255,66,129237,42,396090
9735,0.001231,74.125.130.0-255,4320,133557,42,396090
9736,0.001234,172.31.46.0-255,66,133623,42,396090
9737,0.001238,74.125.130.0-255,2184,135807,42,396090
9738,0.00124,172.31.46.0-255,66,135873,42,396090
9739,0.001993,74.125.130.0-255,1484,137357,42,396090
9740,0.002011,74.125.130.0-255,2902,140259,42,396090
9741,0.002015,172.31.46.0-255,66,140325,42,396090
9742,0.00204,74.125.130.0-255,2902,143227,42,396090
9743,0.002042,172.31.46.0-255,66,143293,42,396090
9744,0.002045,74.125.130.0-255,1484,144777,42,396090
9745,0.002059,74.125.130.0-255,1484,146261,42,396090
9746,0.002061,172.31.46.0-255,66,146327,42,396090
9747,0.002101,74.125.130.0-255,4320,150647,42,396090
9748,0.002104,172.31.46.0-255,66,150713,42,396090
9749,0.002116,74.125.130.0-255,2902,153615,42,396090
9750,0.002118,172.31.46.0-255,66,153681,42,396090
9751,0.002133,74.125.130.0-255,5738,159419,42,396090
9752,0.002135,172.31.46.0-255,66,159485,42,396090
9753,0.002161,74.125.130.0-255,2902,162387,42,396090
9754,0.002166,74.125.130.0-255,4320,166707,42,396090
9755,0.002169,172.31.46.0-255,66,166773,42,396090
9756,0.002172,172.31.46.0-255,66,166839,42,396090
9757,0.002196,74.125.130.0-255,3602,170441,42,396090
9758,0.002198,172.31.46.0-255,66,170507,42,396090
9759,0.002444,74.125.130.0-255,1484,171991,42,396090
9760,0.002457,74.125.130.0-255,1484,173475,42,396090
9761,0.00246,172.31.46.0-255,66,173541,42,396090
9762,0.002464,74.125.130.0-255,1484,175025,42,396090
9763,0.002485,74.125.130.0-255,1484,176509,42,396090
9764,0.002487,172.31.46.0-255,66,176575,42,396090
9765,0.002507,74.125.130.0-255,5738,182313,42,396090
9766,0.002509,172.31.46.0-255,66,182379,42,396090
9767,0.002524,74.125.130.0-255,1484,183863,42,396090
9768,0.002527,74.125.130.0-255,1484,185347,42,396090
9769,0.002529,172.31.46.0-255,66,185413,42,396090
9770,0.002554,74.125.130.0-255,7156,192569,42,396090
9771,0.002556,172.31.46.0-255,66,192635,42,396090
9772,0.002599,74.125.130.0-255,1484,194119,42,396090
9773,0.002617,74.125.130.0-255,4320,198439,42,396090
9774,0.002619,172.31.46.0-255,66,198505,42,396090
9775,0.002636,74.125.130.0-255,1484,199989,42,396090
9776,0.002659,74.125.130.0-255,6438,206427,42,396090
9777,0.002662,172.31.46.0-255,66,206493,42,396090
9778,0.002695,74.125.130.0-255,1484,207977,42,396090
9779,0.002712,74.125.130.0-255,5738,213715,42,396090
9780,0.002714,172.31.46.0-255,66,213781,42,396090
9781,0.002746,74.125.130.0-255,4320,218101,42,396090
9782,0.002748,172.31.46.0-255,66,218167,42,396090
9783,0.002763,74.125.130.0-255,2902,221069,42,396090
9784,0.002766,172.31.46.0-255,66,221135,42,396090
9785,0.002769,74.125.130.0-255,1484,222619,42,396090
9786,0.002771,74.125.130.0-255,1484,224103,42,396090
9787,0.002773,172.31.46.0-255,66,224169,42,396090
9788,0.002778,74.125.130.0-255,4320,228489,42,396090
9789,0.002781,172.31.46.0-255,66,228555,42,396090
9790,0.002811,74.125.130.0-255,2902,231457,42,396090
9791,0.002814,172.31.46.0-255,66,231523,42,396090
9792,0.002817,74.125.130.0-255,1484,233007,42,396090
9793,0.002854,74.125.130.0-255,2902,235909,42,396090
9794,0.002857,172.31.46.0-255,66,235975,42,396090
9795,0.002876,74.125.130.0-255,2902,238877,42,396090
9796,0.002878,172.31.46.0-255,66,238943,42,396090
9797,0.002881,74.125.130.0-255,766,239709,42,396090
9798,0.002908,74.125.130.0-255,4320,244029,42,396090
9799,0.00291,172.31.46.0-255,66,244095,42,396090
9800,0.00293,74.125.130.0-255,4320,248415,42,396090
9801,0.002932,172.31.46.0-255,66,248481,42,396090
9802,0.002947,74.125.130.0-255,1484,249965,42,396090
9803,0.002951,74.125.130.0-255,2902,252867,42,396090
9804,0.002953,172.31.46.0-255,66,252933,42,396090
9805,0.002972,74.125.130.0-255,4320,257253,42,396090
9806,0.002975,172.31.46.0-255,66,257319,42,396090
9807,0.003006,172.31.46.0-255,66,257385,42,396090
9808,0.003011,74.125.130.0-255,2902,260287,42,396090
9809,0.003012,172.31.46.0-255,66,260353,42,396090
9810,0.003024,74.125.130.0-255,2902,263255,42,396090
9811,0.003026,172.31.46.0-255,66,263321,42,396090
9812,0.003045,74.125.130.0-255,1484,264805,42,396090
9813,0.003048,74.125.130.0-255,766,265571,42,396090
9814,0.00305,172.31.46.0-255,66,265637,42,396090
9815,0.003109,74.125.130.0-255,1484,267121,42,396090
9816,0.003124,74.125.130.0-255,2902,270023,42,396090
9817,0.003127,172.31.46.0-255,66,270089,42,396090
9818,0.00316,74.125.130.0-255,4320,274409,42,396090
9819,0.003162,172.31.46.0-255,66,274475,42,396090
9820,0.003177,74.125.130.0-255,1484,275959,42,396090
9821,0.003188,74.125.130.0-255,1484,277443,42,396090
9822,0.00319,172.31.46.0-255,66,277509,42,396090
9823,0.003211,74.125.130.0-255,5738,283247,42,396090
9824,0.003214,172.31.46.0-255,66,283313,42,396090
9825,0.003216,74.125.130.0-255,1484,284797,42,396090
9826,0.003231,74.125.130.0-255,2902,287699,42,396090
9827,0.003234,172.31.46.0-255,66,287765,42,396090
9828,0.003259,74.125.130.0-255,4320,292085,42,396090
9829,0.003261,172.31.46.0-255,66,292151,42,396090
9830,0.003278,74.125.130.0-255,1484,293635,42,396090
9831,0.003324,74.125.130.0-255,5738,299373,42,396090
9832,0.003327,172.31.46.0-255,66,299439,42,396090
9833,0.003354,74.125.130.0-255,4320,303759,42,396090
9834,0.003356,172.31.46.0-255,66,303825,42,396090
9835,0.003372,74.125.130.0-255,2184,306009,42,396090
9836,0.003375,172.31.46.0-255,66,306075,42,396090
9837,0.003377,74.125.130.0-255,1484,307559,42,396090
9838,0.0034,74.125.130.0-255,5738,313297,42,396090
9839,0.003402,172.31.46.0-255,66,313363,42,396090
9840,0.003441,74.125.130.0-255,5738,319101,42,396090
9841,0.003444,172.31.46.0-255,66,319167,42,396090
9842,0.003459,74.125.130.0-255,1484,320651,42,396090
9843,0.003476,74.125.130.0-255,5738,326389,42,396090
9844,0.003479,172.31.46.0-255,66,326455,42,396090
9845,0.003498,74.125.130.0-255,4320,330775,42,396090
9846,0.0035,172.31.46.0-255,66,330841,42,396090
9847,0.003519,74.125.130.0-255,3602,334443,42,396090
9848,0.003521,172.31.46.0-255,66,334509,42,396090
9849,0.003531,74.125.130.0-255,1484,335993,42,396090
9850,0.003547,74.125.130.0-255,2902,338895,42,396090
9851,0.003549,172.31.46.0-255,66,338961,42,396090
9852,0.003569,74.125.130.0-255,5738,344699,42,396090
9853,0.003571,172.31.46.0-255,66,344765,42,396090
9854,0.003593,74.125.130.0-255,7156,351921,42,396090
9855,0.003596,172.31.46.0-255,66,351987,42,396090
9856,0.003625,74.125.130.0-255,7156,359143,42,396090
9857,0.003628,172.31.46.0-255,66,359209,42,396090
9858,0.003647,74.125.130.0-255,7156,366365,42,396090
9859,0.00365,172.31.46.0-255,66,366431,42,396090
9860,0.003675,74.125.130.0-255,5738,372169,42,396090
9861,0.003677,172.31.46.0-255,66,372235,42,396090
9862,0.003694,74.125.130.0-255,6438,378673,42,396090
9863,0.003697,172.31.46.0-255,66,378739,42,396090
9864,0.003721,74.125.130.0-255,7156,385895,42,396090
9865,0.003723,172.31.46.0-255,66,385961,42,396090
9866,0.003742,74.125.130.0-255,5331,391292,42,396090
9867,0.003745,172.31.46.0-255,66,391358,42,396090
9868,0.003748,74.125.130.0-255,97,391455,42,396090
9869,0.003789,74.125.130.0-255,105,391560,42,396090
9870,0.010817,172.31.46.0-255,66,391626,42,396090
9871,0.010863,172.31.46.0-255,105,391731,42,396090
9872,0.012837,74.125.130.0-255,66,391797,42,396090
9873,0.032163,172.31.46.0-255,172,391969,42,396090
9874,0.032201,172.31.46.0-255,1107,393076,42,396090
9875,0.032264,172.31.46.0-255,1514,394590,42,396090
9876,0.032266,172.31.46.0-255,1302,395892,42,396090
9877,0.033759,104.244.42.0-255,66,395958,42,396090
9878,0.033802,104.244.42.0-255,66,396024,42,396090
9879,0.033873,104.244.42.0-255,66,396090,42,396090
9880,0.0,172.31.46.0-255,105,105,42,459
9881,0.000253,172.31.46.0-255,90,195,42,459
9882,0.000264,172.31.46.0-255,66,261,42,459
9883,0.002522,172.217.194.0-255,66,327,42,459
9884,0.002552,172.217.194.0-255,66,393,42,459
9885,0.002577,172.31.46.0-255,66,459,42,459
9886,0.0,172.217.194.0-255,66,66,42,66
9887,0.0,172.217.194.0-255,297,297,42,225083
9888,1.9e-05,172.31.46.0-255,66,363,42,225083
9889,2.5e-05,172.217.194.0-255,1484,1847,42,225083
9890,3.1e-05,172.31.46.0-255,66,1913,42,225083
9891,4.5e-05,172.217.194.0-255,4320,6233,42,225083
9892,4.8e-05,172.31.46.0-255,66,6299,42,225083
9893,6e-05,172.31.46.0-255,66,6365,42,225083
9894,7e-05,172.31.46.0-255,66,6431,42,225083
9895,0.000101,172.31.46.0-255,66,6497,42,225083
9896,0.000172,172.217.194.0-255,1484,7981,42,225083
9897,0.000175,172.31.46.0-255,66,8047,42,225083
9898,0.00018,172.217.194.0-255,2902,10949,42,225083
9899,0.000183,172.31.46.0-255,66,11015,42,225083
9900,0.000194,172.217.194.0-255,5738,16753,42,225083
9901,0.000197,172.31.46.0-255,66,16819,42,225083
9902,0.000204,172.217.194.0-255,6797,23616,42,225083
9903,0.000207,172.31.46.0-255,66,23682,42,225083
9904,0.000217,172.217.194.0-255,1484,25166,42,225083
9905,0.000219,172.31.46.0-255,66,25232,42,225083
9906,0.000262,172.31.46.0-255,66,25298,42,225083
9907,0.000267,172.217.194.0-255,2543,27841,42,225083
9908,0.000269,172.31.46.0-255,66,27907,42,225083
9909,0.000426,172.217.194.0-255,378,28285,42,225083
9910,0.000431,172.31.46.0-255,66,28351,42,225083
9911,0.00047,172.217.194.0-255,364,28715,42,225083
9912,0.000473,172.31.46.0-255,66,28781,42,225083
9913,0.000822,172.217.194.0-255,1484,30265,42,225083
9914,0.000827,172.31.46.0-255,66,30331,42,225083
9915,0.000832,172.217.194.0-255,2902,33233,42,225083
9916,0.000834,172.31.46.0-255,66,33299,42,225083
9917,0.000845,172.217.194.0-255,4320,37619,42,225083
9918,0.000848,172.31.46.0-255,66,37685,42,225083
9919,0.000877,172.217.194.0-255,1484,39169,42,225083
9920,0.000881,172.217.194.0-255,1484,40653,42,225083
9921,0.000883,172.31.46.0-255,66,40719,42,225083
9922,0.000894,172.31.46.0-255,66,40785,42,225083
9923,0.000929,172.31.46.0-255,66,40851,42,225083
9924,0.000958,172.217.194.0-255,2184,43035,42,225083
9925,0.000961,172.31.46.0-255,66,43101,42,225083
9926,0.00147,172.217.194.0-255,1484,44585,42,225083
9927,0.001477,172.217.194.0-255,2902,47487,42,225083
9928,0.00148,172.31.46.0-255,66,47553,42,225083
9929,0.001486,172.217.194.0-255,4320,51873,42,225083
9930,0.001488,172.31.46.0-255,66,51939,42,225083
9931,0.001525,172.217.194.0-255,1484,53423,42,225083
9932,0.001539,172.31.46.0-255,66,53489,42,225083
9933,0.001552,172.217.194.0-255,7156,60645,42,225083
9934,0.001553,172.31.46.0-255,66,60711,42,225083
9935,0.001593,172.217.194.0-255,3602,64313,42,225083
9936,0.001595,172.31.46.0-255,66,64379,42,225083
9937,0.001601,172.217.194.0-255,2902,67281,42,225083
9938,0.001602,172.31.46.0-255,66,67347,42,225083
9939,0.001627,172.217.194.0-255,1484,68831,42,225083
9940,0.001666,172.217.194.0-255,4320,73151,42,225083
9941,0.001668,172.31.46.0-255,66,73217,42,225083
9942,0.001693,172.217.194.0-255,5738,78955,42,225083
9943,0.001695,172.31.46.0-255,66,79021,42,225083
9944,0.001711,172.31.46.0-255,66,79087,42,225083
9945,0.001722,172.31.46.0-255,66,79153,42,225083
9946,0.001725,172.217.194.0-255,1484,80637,42,225083
9947,0.001749,172.217.194.0-255,2902,83539,42,225083
9948,0.001751,172.31.46.0-255,66,83605,42,225083
9949,0.001758,172.217.194.0-255,5738,89343,42,225083
9950,0.00176,172.31.46.0-255,66,89409,42,225083
9951,0.001792,172.31.46.0-255,66,89475,42,225083
9952,0.001799,172.217.194.0-255,5738,95213,42,225083
9953,0.001801,172.31.46.0-255,66,95279,42,225083
9954,0.001822,172.217.194.0-255,5738,101017,42,225083
9955,0.001825,172.31.46.0-255,66,101083,42,225083
9956,0.001836,172.217.194.0-255,4320,105403,42,225083
9957,0.001838,172.31.46.0-255,66,105469,42,225083
9958,0.001852,172.217.194.0-255,3602,109071,42,225083
9959,0.001854,172.31.46.0-255,66,109137,42,225083
9960,0.001869,172.31.46.0-255,66,109203,42,225083
9961,0.001886,172.217.194.0-255,2902,112105,42,225083
9962,0.00189,172.31.46.0-255,66,112171,42,225083
9963,0.001927,172.31.46.0-255,66,112237,42,225083
9964,0.00193,172.217.194.0-255,766,113003,42,225083
9965,0.001937,172.217.194.0-255,7156,120159,42,225083
9966,0.00194,172.31.46.0-255,66,120225,42,225083
9967,0.001971,172.217.194.0-255,2902,123127,42,225083
9968,0.001973,172.31.46.0-255,66,123193,42,225083
9969,0.001994,172.31.46.0-255,66,123259,42,225083
9970,0.002008,172.31.46.0-255,66,123325,42,225083
9971,0.002012,172.217.194.0-255,2902,126227,42,225083
9972,0.002014,172.31.46.0-255,66,126293,42,225083
9973,0.002065,172.31.46.0-255,66,126359,42,225083
9974,0.002083,172.31.46.0-255,66,126425,42,225083
9975,0.00209,172.217.194.0-255,6438,132863,42,225083
9976,0.002092,172.31.46.0-255,66,132929,42,225083
9977,0.004184,172.217.194.0-255,5738,138667,42,225083
9978,0.004193,172.31.46.0-255,66,138733,42,225083
9979,0.006296,172.217.194.0-255,5738,144471,42,225083
9980,0.006305,172.31.46.0-255,66,144537,42,225083
9981,0.008435,172.217.194.0-255,5738,150275,42,225083
9982,0.00845,172.31.46.0-255,66,150341,42,225083
9983,0.009215,172.31.46.0-255,101,150442,42,225083
9984,0.010594,172.217.194.0-255,5738,156180,42,225083
9985,0.010605,172.31.46.0-255,66,156246,42,225083
9986,0.011323,172.217.194.0-255,66,156312,42,225083
9987,0.012709,172.217.194.0-255,5738,162050,42,225083
9988,0.012718,172.31.46.0-255,66,162116,42,225083
9989,0.014843,172.217.194.0-255,5738,167854,42,225083
9990,0.01485,172.31.46.0-255,66,167920,42,225083
9991,0.01693,172.217.194.0-255,1484,169404,42,225083
9992,0.01695,172.217.194.0-255,4320,173724,42,225083
9993,0.016954,172.31.46.0-255,66,173790,42,225083
9994,0.019067,172.217.194.0-255,5738,179528,42,225083
9995,0.019078,172.31.46.0-255,66,179594,42,225083
9996,0.021167,172.217.194.0-255,5738,185332,42,225083
9997,0.02118,172.31.46.0-255,66,185398,42,225083
9998,0.02328,172.217.194.0-255,5738,191136,42,225083
9999,0.023296,172.31.46.0-255,66,191202,42,225083
10000,0.025393,172.217.194.0-255,5738,196940,42,225083
10001,0.025402,172.31.46.0-255,66,197006,42,225083
10002,0.027546,172.217.194.0-255,5738,202744,42,225083
10003,0.027558,172.31.46.0-255,66,202810,42,225083
10004,0.029676,172.217.194.0-255,5738,208548,42,225083
10005,0.029684,172.31.46.0-255,66,208614,42,225083
10006,0.031803,172.217.194.0-255,5738,214352,42,225083
10007,0.031813,172.31.46.0-255,66,214418,42,225083
10008,0.03392,172.217.194.0-255,5738,220156,42,225083
10009,0.033926,172.31.46.0-255,66,220222,42,225083
10010,0.036034,172.217.194.0-255,4690,224912,42,225083
10011,0.036045,172.31.46.0-255,66,224978,42,225083
10012,0.036272,172.31.46.0-255,105,225083,42,225083
10013,0.0,74.125.24.0-255,152,152,42,271208
10014,1.9e-05,172.31.46.0-255,66,218,42,271208
10015,2.6e-05,74.125.24.0-255,1484,1702,42,271208
10016,2.9e-05,172.31.46.0-255,66,1768,42,271208
10017,3.5e-05,74.125.24.0-255,2902,4670,42,271208
10018,4.6e-05,172.31.46.0-255,66,4736,42,271208
10019,5.3e-05,74.125.24.0-255,5738,10474,42,271208
10020,5.6e-05,172.31.46.0-255,66,10540,42,271208
10021,9e-05,74.125.24.0-255,3454,13994,42,271208
10022,9.3e-05,172.31.46.0-255,66,14060,42,271208
10023,0.000494,74.125.24.0-255,1484,15544,42,271208
10024,0.0005,172.31.46.0-255,66,15610,42,271208
10025,0.000505,74.125.24.0-255,2902,18512,42,271208
10026,0.000508,172.31.46.0-255,66,18578,42,271208
10027,0.000511,74.125.24.0-255,1484,20062,42,271208
10028,0.000513,172.31.46.0-255,66,20128,42,271208
10029,0.000547,74.125.24.0-255,4320,24448,42,271208
10030,0.00055,172.31.46.0-255,66,24514,42,271208
10031,0.00059,172.31.46.0-255,66,24580,42,271208
10032,0.000597,74.125.24.0-255,7156,31736,42,271208
10033,0.000599,172.31.46.0-255,66,31802,42,271208
10034,0.000629,74.125.24.0-255,5379,37181,42,271208
10035,0.000631,172.31.46.0-255,66,37247,42,271208
10036,0.000902,74.125.24.0-255,1484,38731,42,271208
10037,0.000906,172.31.46.0-255,66,38797,42,271208
10038,0.000912,74.125.24.0-255,2902,41699,42,271208
10039,0.000914,172.31.46.0-255,66,41765,42,271208
10040,0.000935,74.125.24.0-255,4320,46085,42,271208
10041,0.000937,172.31.46.0-255,66,46151,42,271208
10042,0.000962,74.125.24.0-255,1484,47635,42,271208
10043,0.000964,172.31.46.0-255,66,47701,42,271208
10044,0.000973,74.125.24.0-255,2902,50603,42,271208
10045,0.000994,74.125.24.0-255,5738,56341,42,271208
10046,0.000997,172.31.46.0-255,66,56407,42,271208
10047,0.001001,172.31.46.0-255,66,56473,42,271208
10048,0.001015,74.125.24.0-255,5379,61852,42,271208
10049,0.00102,74.125.24.0-255,4320,66172,42,271208
10050,0.001059,74.125.24.0-255,2902,69074,42,271208
10051,0.001064,172.31.46.0-255,66,69140,42,271208
10052,0.001074,74.125.24.0-255,3122,72262,42,271208
10053,0.001091,172.31.46.0-255,66,72328,42,271208
10054,0.001102,74.125.24.0-255,1484,73812,42,271208
10055,0.001111,74.125.24.0-255,2902,76714,42,271208
10056,0.001122,74.125.24.0-255,1484,78198,42,271208
10057,0.001137,74.125.24.0-255,4320,82518,42,271208
10058,0.001143,172.31.46.0-255,66,82584,42,271208
10059,0.001182,74.125.24.0-255,2902,85486,42,271208
10060,0.001186,172.31.46.0-255,66,85552,42,271208
10061,0.001225,172.31.46.0-255,66,85618,42,271208
10062,0.001476,74.125.24.0-255,1484,87102,42,271208
10063,0.001492,74.125.24.0-255,2902,90004,42,271208
10064,0.001508,74.125.24.0-255,4320,94324,42,271208
10065,0.001511,172.31.46.0-255,66,94390,42,271208
10066,0.001518,74.125.24.0-255,1484,95874,42,271208
10067,0.001523,74.125.24.0-255,2902,98776,42,271208
10068,0.001534,172.31.46.0-255,66,98842,42,271208
10069,0.001563,74.125.24.0-255,5738,104580,42,271208
10070,0.001569,172.31.46.0-255,66,104646,42,271208
10071,0.001579,74.125.24.0-255,4655,109301,42,271208
10072,0.001586,74.125.24.0-255,2902,112203,42,271208
10073,0.001592,172.31.46.0-255,66,112269,42,271208
10074,0.001602,74.125.24.0-255,4320,116589,42,271208
10075,0.001676,172.31.46.0-255,66,116655,42,271208
10076,0.001691,74.125.24.0-255,1484,118139,42,271208
10077,0.001694,74.125.24.0-255,766,118905,42,271208
10078,0.001718,172.31.46.0-255,66,118971,42,271208
10079,0.001722,74.125.24.0-255,1484,120455,42,271208
10080,0.001726,74.125.24.0-255,2902,123357,42,271208
10081,0.001736,172.31.46.0-255,66,123423,42,271208
10082,0.001745,74.125.24.0-255,4320,127743,42,271208
10083,0.001763,74.125.24.0-255,1484,129227,42,271208
10084,0.001768,74.125.24.0-255,2902,132129,42,271208
10085,0.001805,172.31.46.0-255,66,132195,42,271208
10086,0.001823,172.31.46.0-255,66,132261,42,271208
10087,0.001862,74.125.24.0-255,5738,137999,42,271208
10088,0.001867,172.31.46.0-255,66,138065,42,271208
10089,0.001882,74.125.24.0-255,2902,140967,42,271208
10090,0.001893,172.31.46.0-255,66,141033,42,271208
10091,0.001934,74.125.24.0-255,1484,142517,42,271208
10092,0.001943,172.31.46.0-255,66,142583,42,271208
10093,0.001947,74.125.24.0-255,2902,145485,42,271208
10094,0.001952,172.31.46.0-255,66,145551,42,271208
10095,0.00198,74.125.24.0-255,5738,151289,42,271208
10096,0.001985,74.125.24.0-255,4320,155609,42,271208
10097,0.002007,74.125.24.0-255,4320,159929,42,271208
10098,0.002012,172.31.46.0-255,66,159995,42,271208
10099,0.002038,74.125.24.0-255,2902,162897,42,271208
10100,0.002043,172.31.46.0-255,66,162963,42,271208
10101,0.002055,74.125.24.0-255,5738,168701,42,271208
10102,0.002083,74.125.24.0-255,6438,175139,42,271208
10103,0.002095,172.31.46.0-255,66,175205,42,271208
10104,0.002383,74.125.24.0-255,1484,176689,42,271208
10105,0.00239,74.125.24.0-255,2902,179591,42,271208
10106,0.00241,74.125.24.0-255,5738,185329,42,271208
10107,0.002414,172.31.46.0-255,66,185395,42,271208
10108,0.002424,172.31.46.0-255,66,185461,42,271208
10109,0.00245,74.125.24.0-255,1484,186945,42,271208
10110,0.002503,172.31.46.0-255,66,187011,42,271208
10111,0.005066,74.125.24.0-255,4320,191331,42,271208
10112,0.005074,172.31.46.0-255,66,191397,42,271208
10113,0.005099,74.125.24.0-255,1484,192881,42,271208
10114,0.007626,74.125.24.0-255,4320,197201,42,271208
10115,0.008238,172.31.46.0-255,66,197267,42,271208
10116,0.010769,74.125.24.0-255,5738,203005,42,271208
10117,0.010776,172.31.46.0-255,66,203071,42,271208
10118,0.013354,74.125.24.0-255,5738,208809,42,271208
10119,0.013363,172.31.46.0-255,66,208875,42,271208
10120,0.015885,74.125.24.0-255,5738,214613,42,271208
10121,0.015894,172.31.46.0-255,66,214679,42,271208
10122,0.018429,74.125.24.0-255,5738,220417,42,271208
10123,0.019438,172.31.46.0-255,66,220483,42,271208
10124,0.021988,74.125.24.0-255,5738,226221,42,271208
10125,0.022,172.31.46.0-255,66,226287,42,271208
10126,0.024595,74.125.24.0-255,5738,232025,42,271208
10127,0.024601,172.31.46.0-255,66,232091,42,271208
10128,0.027124,74.125.24.0-255,5738,237829,42,271208
10129,0.02713,172.31.46.0-255,66,237895,42,271208
10130,0.029658,74.125.24.0-255,5738,243633,42,271208
10131,0.029665,172.31.46.0-255,66,243699,42,271208
10132,0.032218,74.125.24.0-255,5738,249437,42,271208
10133,0.032227,172.31.46.0-255,66,249503,42,271208
10134,0.034782,74.125.24.0-255,5738,255241,42,271208
10135,0.034795,172.31.46.0-255,66,255307,42,271208
10136,0.036332,172.31.46.0-255,172,255479,42,271208
10137,0.036366,172.31.46.0-255,1111,256590,42,271208
10138,0.036425,172.31.46.0-255,1514,258104,42,271208
10139,0.036427,172.31.46.0-255,1298,259402,42,271208
10140,0.037379,74.125.24.0-255,5738,265140,42,271208
10141,0.037386,172.31.46.0-255,66,265206,42,271208
10142,0.037897,104.244.42.0-255,66,265272,42,271208
10143,0.037946,104.244.42.0-255,66,265338,42,271208
10144,0.038043,104.244.42.0-255,66,265404,42,271208
10145,0.039959,74.125.24.0-255,5738,271142,42,271208
10146,0.039966,172.31.46.0-255,66,271208,42,271208
10147,0.0,74.125.24.0-255,153,153,42,276663
10148,1.6e-05,172.31.46.0-255,66,219,42,276663
10149,2.3e-05,74.125.24.0-255,1484,1703,42,276663
10150,2.8e-05,172.31.46.0-255,66,1769,42,276663
10151,4.3e-05,74.125.24.0-255,2902,4671,42,276663
10152,4.7e-05,172.31.46.0-255,66,4737,42,276663
10153,5.5e-05,74.125.24.0-255,5738,10475,42,276663
10154,5.8e-05,172.31.46.0-255,66,10541,42,276663
10155,9.1e-05,74.125.24.0-255,1484,12025,42,276663
10156,9.4e-05,172.31.46.0-255,66,12091,42,276663
10157,9.9e-05,74.125.24.0-255,2027,14118,42,276663
10158,0.000101,172.31.46.0-255,66,14184,42,276663
10159,0.000119,172.31.46.0-255,66,14250,42,276663
10160,0.000122,74.125.24.0-255,1484,15734,42,276663
10161,0.000124,172.31.46.0-255,66,15800,42,276663
10162,0.000158,74.125.24.0-255,3961,19761,42,276663
10163,0.000161,172.31.46.0-255,66,19827,42,276663
10164,0.000194,74.125.24.0-255,1484,21311,42,276663
10165,0.000196,172.31.46.0-255,66,21377,42,276663
10166,0.000215,74.125.24.0-255,2902,24279,42,276663
10167,0.000218,172.31.46.0-255,66,24345,42,276663
10168,0.000224,74.125.24.0-255,4320,28665,42,276663
10169,0.000226,172.31.46.0-255,66,28731,42,276663
10170,0.000254,74.125.24.0-255,1484,30215,42,276663
10171,0.000257,172.31.46.0-255,66,30281,42,276663
10172,0.000263,74.125.24.0-255,4320,34601,42,276663
10173,0.000266,172.31.46.0-255,66,34667,42,276663
10174,0.000294,172.31.46.0-255,66,34733,42,276663
10175,0.000303,74.125.24.0-255,7156,41889,42,276663
10176,0.000305,172.31.46.0-255,66,41955,42,276663
10177,0.000318,74.125.24.0-255,2857,44812,42,276663
10178,0.00032,172.31.46.0-255,66,44878,42,276663
10179,0.000324,74.125.24.0-255,111,44989,42,276663
10180,0.000333,74.125.24.0-255,328,45317,42,276663
10181,0.000639,74.125.24.0-255,1484,46801,42,276663
10182,0.000644,172.31.46.0-255,66,46867,42,276663
10183,0.000678,74.125.24.0-255,2902,49769,42,276663
10184,0.00068,172.31.46.0-255,66,49835,42,276663
10185,0.000685,74.125.24.0-255,2902,52737,42,276663
10186,0.000687,172.31.46.0-255,66,52803,42,276663
10187,0.000693,74.125.24.0-255,7156,59959,42,276663
10188,0.000699,172.31.46.0-255,66,60025,42,276663
10189,0.000758,172.31.46.0-255,66,60091,42,276663
10190,0.000763,74.125.24.0-255,2902,62993,42,276663
10191,0.000765,172.31.46.0-255,66,63059,42,276663
10192,0.000785,74.125.24.0-255,2184,65243,42,276663
10193,0.000787,172.31.46.0-255,66,65309,42,276663
10194,0.000975,74.125.24.0-255,1484,66793,42,276663
10195,0.000981,74.125.24.0-255,2902,69695,42,276663
10196,0.000984,172.31.46.0-255,66,69761,42,276663
10197,0.000989,74.125.24.0-255,4320,74081,42,276663
10198,0.000991,172.31.46.0-255,66,74147,42,276663
10199,0.001017,74.125.24.0-255,1484,75631,42,276663
10200,0.001021,74.125.24.0-255,1484,77115,42,276663
10201,0.001023,172.31.46.0-255,66,77181,42,276663
10202,0.001062,172.31.46.0-255,66,77247,42,276663
10203,0.001089,74.125.24.0-255,7156,84403,42,276663
10204,0.001092,172.31.46.0-255,66,84469,42,276663
10205,0.001116,74.125.24.0-255,3602,88071,42,276663
10206,0.001118,172.31.46.0-255,66,88137,42,276663
10207,0.001525,74.125.24.0-255,1484,89621,42,276663
10208,0.00153,74.125.24.0-255,2902,92523,42,276663
10209,0.001533,172.31.46.0-255,66,92589,42,276663
10210,0.001536,74.125.24.0-255,1484,94073,42,276663
10211,0.001562,74.125.24.0-255,4320,98393,42,276663
10212,0.001564,172.31.46.0-255,66,98459,42,276663
10213,0.001571,74.125.24.0-255,7156,105615,42,276663
10214,0.001573,172.31.46.0-255,66,105681,42,276663
10215,0.001602,74.125.24.0-255,5738,111419,42,276663
10216,0.001604,172.31.46.0-255,66,111485,42,276663
10217,0.001619,172.31.46.0-255,66,111551,42,276663
10218,0.001622,74.125.24.0-255,1484,113035,42,276663
10219,0.001646,74.125.24.0-255,2902,115937,42,276663
10220,0.001648,172.31.46.0-255,66,116003,42,276663
10221,0.001654,74.125.24.0-255,5738,121741,42,276663
10222,0.001656,172.31.46.0-255,66,121807,42,276663
10223,0.00172,172.31.46.0-255,66,121873,42,276663
10224,0.001734,172.31.46.0-255,66,121939,42,276663
10225,0.00177,74.125.24.0-255,1484,123423,42,276663
10226,0.001787,74.125.24.0-255,2902,126325,42,276663
10227,0.00179,172.31.46.0-255,66,126391,42,276663
10228,0.001794,74.125.24.0-255,2902,129293,42,276663
10229,0.001796,172.31.46.0-255,66,129359,42,276663
10230,0.001829,74.125.24.0-255,2902,132261,42,276663
10231,0.001832,172.31.46.0-255,66,132327,42,276663
10232,0.001848,172.31.46.0-255,66,132393,42,276663
10233,0.001855,74.125.24.0-255,7156,139549,42,276663
10234,0.001857,172.31.46.0-255,66,139615,42,276663
10235,0.001882,74.125.24.0-255,3602,143217,42,276663
10236,0.001888,172.31.46.0-255,66,143283,42,276663
10237,0.001955,74.125.24.0-255,1484,144767,42,276663
10238,0.001958,74.125.24.0-255,1484,146251,42,276663
10239,0.001961,172.31.46.0-255,66,146317,42,276663
10240,0.001985,74.125.24.0-255,1484,147801,42,276663
10241,0.001991,74.125.24.0-255,5738,153539,42,276663
10242,0.001993,172.31.46.0-255,66,153605,42,276663
10243,0.002004,74.125.24.0-255,5738,159343,42,276663
10244,0.002011,172.31.46.0-255,66,159409,42,276663
10245,0.002022,172.31.46.0-255,66,159475,42,276663
10246,0.002051,74.125.24.0-255,4320,163795,42,276663
10247,0.002057,172.31.46.0-255,66,163861,42,276663
10248,0.002062,74.125.24.0-255,4320,168181,42,276663
10249,0.002064,172.31.46.0-255,66,168247,42,276663
10250,0.002067,74.125.24.0-255,766,169013,42,276663
10251,0.002897,172.31.46.0-255,66,169079,42,276663
10252,0.004133,74.125.24.0-255,4320,173399,42,276663
10253,0.004141,172.31.46.0-255,66,173465,42,276663
10254,0.004966,74.125.24.0-255,1484,174949,42,276663
10255,0.006201,74.125.24.0-255,4320,179269,42,276663
10256,0.006204,172.31.46.0-255,66,179335,42,276663
10257,0.008243,74.125.24.0-255,5738,185073,42,276663
10258,0.008248,172.31.46.0-255,66,185139,42,276663
10259,0.010322,74.125.24.0-255,5738,190877,42,276663
10260,0.010328,172.31.46.0-255,66,190943,42,276663
10261,0.011613,172.31.46.0-255,101,191044,42,276663
10262,0.012366,74.125.24.0-255,5738,196782,42,276663
10263,0.012376,172.31.46.0-255,66,196848,42,276663
10264,0.013612,74.125.24.0-255,66,196914,42,276663
10265,0.01443,74.125.24.0-255,5738,202652,42,276663
10266,0.014445,172.31.46.0-255,66,202718,42,276663
10267,0.016504,74.125.24.0-255,5738,208456,42,276663
10268,0.016519,172.31.46.0-255,66,208522,42,276663
10269,0.018591,74.125.24.0-255,5738,214260,42,276663
10270,0.018607,172.31.46.0-255,66,214326,42,276663
10271,0.020672,74.125.24.0-255,5738,220064,42,276663
10272,0.020682,172.31.46.0-255,66,220130,42,276663
10273,0.022713,74.125.24.0-255,5738,225868,42,276663
10274,0.02272,172.31.46.0-255,66,225934,42,276663
10275,0.024765,74.125.24.0-255,5738,231672,42,276663
10276,0.024772,172.31.46.0-255,66,231738,42,276663
10277,0.026792,74.125.24.0-255,5738,237476,42,276663
10278,0.026799,172.31.46.0-255,66,237542,42,276663
10279,0.02887,74.125.24.0-255,5738,243280,42,276663
10280,0.028877,172.31.46.0-255,66,243346,42,276663
10281,0.029595,172.31.46.0-255,176,243522,42,276663
10282,0.029627,172.31.46.0-255,1110,244632,42,276663
10283,0.029683,172.31.46.0-255,1514,246146,42,276663
10284,0.029685,172.31.46.0-255,1299,247445,42,276663
10285,0.030971,74.125.24.0-255,5738,253183,42,276663
10286,0.030979,172.31.46.0-255,66,253249,42,276663
10287,0.031094,104.244.42.0-255,66,253315,42,276663
10288,0.03114,104.244.42.0-255,66,253381,42,276663
10289,0.031199,104.244.42.0-255,66,253447,42,276663
10290,0.033027,74.125.24.0-255,5738,259185,42,276663
10291,0.033033,172.31.46.0-255,66,259251,42,276663
10292,0.035135,74.125.24.0-255,5738,264989,42,276663
10293,0.035143,172.31.46.0-255,66,265055,42,276663
10294,0.037175,74.125.24.0-255,5738,270793,42,276663
10295,0.037181,172.31.46.0-255,66,270859,42,276663
10296,0.039268,74.125.24.0-255,5738,276597,42,276663
10297,0.039275,172.31.46.0-255,66,276663,42,276663
10298,0.0,74.125.24.0-255,153,153,42,260040
10299,1.9e-05,172.31.46.0-255,66,219,42,260040
10300,2.6e-05,74.125.24.0-255,1484,1703,42,260040
10301,3.1e-05,172.31.46.0-255,66,1769,42,260040
10302,3.7e-05,74.125.24.0-255,2902,4671,42,260040
10303,4e-05,172.31.46.0-255,66,4737,42,260040
10304,5.5e-05,74.125.24.0-255,5738,10475,42,260040
10305,5.8e-05,172.31.46.0-255,66,10541,42,260040
10306,7.3e-05,74.125.24.0-255,1484,12025,42,260040
10307,8e-05,172.31.46.0-255,66,12091,42,260040
10308,8.5e-05,74.125.24.0-255,2060,14151,42,260040
10309,8.6e-05,172.31.46.0-255,66,14217,42,260040
10310,0.000292,74.125.24.0-255,1484,15701,42,260040
10311,0.000298,172.31.46.0-255,66,15767,42,260040
10312,0.000303,74.125.24.0-255,2902,18669,42,260040
10313,0.000306,172.31.46.0-255,66,18735,42,260040
10314,0.000325,74.125.24.0-255,4320,23055,42,260040
10315,0.000327,172.31.46.0-255,66,23121,42,260040
10316,0.000357,74.125.24.0-255,1484,24605,42,260040
10317,0.000359,172.31.46.0-255,66,24671,42,260040
10318,0.000393,172.31.46.0-255,66,24737,42,260040
10319,0.000399,74.125.24.0-255,4320,29057,42,260040
10320,0.000401,172.31.46.0-255,66,29123,42,260040
10321,0.000438,74.125.24.0-255,7156,36279,42,260040
10322,0.000441,172.31.46.0-255,66,36345,42,260040
10323,0.000449,74.125.24.0-255,7156,43501,42,260040
10324,0.000451,172.31.46.0-255,66,43567,42,260040
10325,0.000475,74.125.24.0-255,5738,49305,42,260040
10326,0.000478,172.31.46.0-255,66,49371,42,260040
10327,0.000482,74.125.24.0-255,2902,52273,42,260040
10328,0.000484,172.31.46.0-255,66,52339,42,260040
10329,0.000505,74.125.24.0-255,2184,54523,42,260040
10330,0.000511,172.31.46.0-255,66,54589,42,260040
10331,0.000514,74.125.24.0-255,707,55296,42,260040
10332,0.000516,172.31.46.0-255,66,55362,42,260040
10333,0.000718,74.125.24.0-255,1484,56846,42,260040
10334,0.000722,172.31.46.0-255,66,56912,42,260040
10335,0.000753,74.125.24.0-255,2902,59814,42,260040
10336,0.000756,172.31.46.0-255,66,59880,42,260040
10337,0.000762,74.125.24.0-255,5738,65618,42,260040
10338,0.000764,172.31.46.0-255,66,65684,42,260040
10339,0.000799,172.31.46.0-255,66,65750,42,260040
10340,0.000839,74.125.24.0-255,4320,70070,42,260040
10341,0.000843,172.31.46.0-255,66,70136,42,260040
10342,0.000877,172.31.46.0-255,66,70202,42,260040
10343,0.001239,74.125.24.0-255,1484,71686,42,260040
10344,0.001262,74.125.24.0-255,2902,74588,42,260040
10345,0.001269,74.125.24.0-255,5738,80326,42,260040
10346,0.001285,74.125.24.0-255,4320,84646,42,260040
10347,0.001328,74.125.24.0-255,2902,87548,42,260040
10348,0.001356,74.125.24.0-255,1484,89032,42,260040
10349,0.001397,74.125.24.0-255,5738,94770,42,260040
10350,0.001412,74.125.24.0-255,766,95536,42,260040
10351,0.001516,74.125.24.0-255,1484,97020,42,260040
10352,0.001524,74.125.24.0-255,2902,99922,42,260040
10353,0.001544,74.125.24.0-255,2902,102824,42,260040
10354,0.001604,74.125.24.0-255,5738,108562,42,260040
10355,0.001615,74.125.24.0-255,1484,110046,42,260040
10356,0.001643,74.125.24.0-255,7156,117202,42,260040
10357,0.001667,74.125.24.0-255,3602,120804,42,260040
10358,0.001809,74.125.24.0-255,1484,122288,42,260040
10359,0.001815,74.125.24.0-255,2902,125190,42,260040
10360,0.001838,74.125.24.0-255,4320,129510,42,260040
10361,0.001858,74.125.24.0-255,1484,130994,42,260040
10362,0.001881,74.125.24.0-255,1484,132478,42,260040
10363,0.001898,74.125.24.0-255,5738,138216,42,260040
10364,0.001915,74.125.24.0-255,5020,143236,42,260040
10365,0.002001,74.125.24.0-255,1484,144720,42,260040
10366,0.00202,74.125.24.0-255,2902,147622,42,260040
10367,0.002045,74.125.24.0-255,5738,153360,42,260040
10368,0.002049,74.125.24.0-255,2902,156262,42,260040
10369,0.002066,74.125.24.0-255,7156,163418,42,260040
10370,0.002088,74.125.24.0-255,4320,167738,42,260040
10371,0.002129,74.125.24.0-255,1484,169222,42,260040
10372,0.002183,74.125.24.0-255,1484,170706,42,260040
10373,0.002209,74.125.24.0-255,7156,177862,42,260040
10374,0.002212,74.125.24.0-255,1484,179346,42,260040
10375,0.002258,74.125.24.0-255,2184,181530,42,260040
10376,0.002337,74.125.24.0-255,4320,185850,42,260040
10377,0.002382,74.125.24.0-255,2902,188752,42,260040
10378,0.002398,74.125.24.0-255,5738,194490,42,260040
10379,0.002511,74.125.24.0-255,3602,198092,42,260040
10380,0.002729,172.31.46.0-255,66,198158,42,260040
10381,0.005058,74.125.24.0-255,5738,203896,42,260040
10382,0.005064,172.31.46.0-255,66,203962,42,260040
10383,0.007386,74.125.24.0-255,4320,208282,42,260040
10384,0.00739,172.31.46.0-255,66,208348,42,260040
10385,0.007413,74.125.24.0-255,1484,209832,42,260040
10386,0.00972,74.125.24.0-255,4320,214152,42,260040
10387,0.009726,172.31.46.0-255,66,214218,42,260040
10388,0.012041,74.125.24.0-255,5738,219956,42,260040
10389,0.012049,172.31.46.0-255,66,220022,42,260040
10390,0.014372,74.125.24.0-255,5738,225760,42,260040
10391,0.014383,172.31.46.0-255,66,225826,42,260040
10392,0.016729,74.125.24.0-255,5738,231564,42,260040
10393,0.016741,172.31.46.0-255,66,231630,42,260040
10394,0.019098,74.125.24.0-255,5738,237368,42,260040
10395,0.019108,172.31.46.0-255,66,237434,42,260040
10396,0.02146,74.125.24.0-255,5738,243172,42,260040
10397,0.021471,172.31.46.0-255,66,243238,42,260040
10398,0.023798,74.125.24.0-255,5738,248976,42,260040
10399,0.023805,172.31.46.0-255,66,249042,42,260040
10400,0.026133,74.125.24.0-255,5738,254780,42,260040
10401,0.026139,172.31.46.0-255,66,254846,42,260040
10402,0.028429,74.125.24.0-255,672,255518,42,260040
10403,0.028542,172.31.46.0-255,66,255584,42,260040
10404,0.028574,172.31.46.0-255,105,255689,42,260040
10405,0.029576,172.31.46.0-255,164,255853,42,260040
10406,0.029603,172.31.46.0-255,1120,256973,42,260040
10407,0.029651,172.31.46.0-255,1514,258487,42,260040
10408,0.029653,172.31.46.0-255,1289,259776,42,260040
10409,0.030876,74.125.24.0-255,66,259842,42,260040
10410,0.031164,104.244.42.0-255,66,259908,42,260040
10411,0.031184,104.244.42.0-255,66,259974,42,260040
10412,0.0312,104.244.42.0-255,66,260040,42,260040
10413,0.0,74.125.68.0-255,153,153,42,288638
10414,1.8e-05,172.31.46.0-255,66,219,42,288638
10415,2.5e-05,74.125.68.0-255,1484,1703,42,288638
10416,2.9e-05,172.31.46.0-255,66,1769,42,288638
10417,3.5e-05,74.125.68.0-255,2902,4671,42,288638
10418,3.9e-05,172.31.46.0-255,66,4737,42,288638
10419,6.7e-05,74.125.68.0-255,4320,9057,42,288638
10420,6.9e-05,172.31.46.0-255,66,9123,42,288638
10421,0.000102,74.125.68.0-255,4320,13443,42,288638
10422,0.000104,172.31.46.0-255,66,13509,42,288638
10423,0.000125,74.125.68.0-255,566,14075,42,288638
10424,0.000127,172.31.46.0-255,66,14141,42,288638
10425,0.000275,74.125.68.0-255,1484,15625,42,288638
10426,0.000279,172.31.46.0-255,66,15691,42,288638
10427,0.000285,74.125.68.0-255,2902,18593,42,288638
10428,0.000288,172.31.46.0-255,66,18659,42,288638
10429,0.000306,74.125.68.0-255,4320,22979,42,288638
10430,0.000309,172.31.46.0-255,66,23045,42,288638
10431,0.000312,74.125.68.0-255,1484,24529,42,288638
10432,0.000314,172.31.46.0-255,66,24595,42,288638
10433,0.000336,74.125.68.0-255,4320,28915,42,288638
10434,0.000338,172.31.46.0-255,66,28981,42,288638
10435,0.000351,74.125.68.0-255,2543,31524,42,288638
10436,0.000353,172.31.46.0-255,66,31590,42,288638
10437,0.000378,74.125.68.0-255,2902,34492,42,288638
10438,0.000381,172.31.46.0-255,66,34558,42,288638
10439,0.000388,74.125.68.0-255,7156,41714,42,288638
10440,0.000391,172.31.46.0-255,66,41780,42,288638
10441,0.000424,74.125.68.0-255,7156,48936,42,288638
10442,0.000427,172.31.46.0-255,66,49002,42,288638
10443,0.000435,74.125.68.0-255,7156,56158,42,288638
10444,0.000437,172.31.46.0-255,66,56224,42,288638
10445,0.000463,74.125.68.0-255,1484,57708,42,288638
10446,0.000475,172.31.46.0-255,66,57774,42,288638
10447,0.000478,74.125.68.0-255,444,58218,42,288638
10448,0.000643,74.125.68.0-255,330,58548,42,288638
10449,0.000679,74.125.68.0-255,1484,60032,42,288638
10450,0.000682,172.31.46.0-255,66,60098,42,288638
10451,0.000687,74.125.68.0-255,2902,63000,42,288638
10452,0.00069,172.31.46.0-255,66,63066,42,288638
10453,0.000704,74.125.68.0-255,1484,64550,42,288638
10454,0.00071,74.125.68.0-255,5738,70288,42,288638
10455,0.000713,172.31.46.0-255,66,70354,42,288638
10456,0.000718,74.125.68.0-255,2902,73256,42,288638
10457,0.00072,172.31.46.0-255,66,73322,42,288638
10458,0.000737,74.125.68.0-255,4320,77642,42,288638
10459,0.000739,172.31.46.0-255,66,77708,42,288638
10460,0.000797,74.125.68.0-255,7156,84864,42,288638
10461,0.000804,172.31.46.0-255,66,84930,42,288638
10462,0.000827,74.125.68.0-255,7156,92086,42,288638
10463,0.000835,172.31.46.0-255,66,92152,42,288638
10464,0.000853,74.125.68.0-255,766,92918,42,288638
10465,0.000966,74.125.68.0-255,1484,94402,42,288638
10466,0.00097,172.31.46.0-255,66,94468,42,288638
10467,0.00099,74.125.68.0-255,2902,97370,42,288638
10468,0.000992,172.31.46.0-255,66,97436,42,288638
10469,0.001005,74.125.68.0-255,2902,100338,42,288638
10470,0.001007,172.31.46.0-255,66,100404,42,288638
10471,0.001022,74.125.68.0-255,2902,103306,42,288638
10472,0.001027,74.125.68.0-255,5738,109044,42,288638
10473,0.00103,172.31.46.0-255,66,109110,42,288638
10474,0.001034,172.31.46.0-255,66,109176,42,288638
10475,0.00105,74.125.68.0-255,1484,110660,42,288638
10476,0.001061,74.125.68.0-255,2902,113562,42,288638
10477,0.001064,172.31.46.0-255,66,113628,42,288638
10478,0.001086,74.125.68.0-255,5738,119366,42,288638
10479,0.001089,172.31.46.0-255,66,119432,42,288638
10480,0.001155,74.125.68.0-255,7156,126588,42,288638
10481,0.001159,172.31.46.0-255,66,126654,42,288638
10482,0.001179,74.125.68.0-255,766,127420,42,288638
10483,0.00165,74.125.68.0-255,1484,128904,42,288638
10484,0.001654,172.31.46.0-255,66,128970,42,288638
10485,0.001675,74.125.68.0-255,2902,131872,42,288638
10486,0.001678,172.31.46.0-255,66,131938,42,288638
10487,0.001682,74.125.68.0-255,2902,134840,42,288638
10488,0.001684,172.31.46.0-255,66,134906,42,288638
10489,0.001701,74.125.68.0-255,1484,136390,42,288638
10490,0.00173,74.125.68.0-255,4320,140710,42,288638
10491,0.001733,172.31.46.0-255,66,140776,42,288638
10492,0.001766,74.125.68.0-255,5738,146514,42,288638
10493,0.001769,172.31.46.0-255,66,146580,42,288638
10494,0.001774,74.125.68.0-255,4320,150900,42,288638
10495,0.001777,172.31.46.0-255,66,150966,42,288638
10496,0.001793,74.125.68.0-255,1484,152450,42,288638
10497,0.001842,74.125.68.0-255,4320,156770,42,288638
10498,0.001847,172.31.46.0-255,66,156836,42,288638
10499,0.001853,74.125.68.0-255,4320,161156,42,288638
10500,0.001855,172.31.46.0-255,66,161222,42,288638
10501,0.001867,74.125.68.0-255,766,161988,42,288638
10502,0.001894,74.125.68.0-255,1484,163472,42,288638
10503,0.001896,172.31.46.0-255,66,163538,42,288638
10504,0.001918,74.125.68.0-255,2902,166440,42,288638
10505,0.00192,172.31.46.0-255,66,166506,42,288638
10506,0.001936,74.125.68.0-255,1484,167990,42,288638
10507,0.00195,74.125.68.0-255,4320,172310,42,288638
10508,0.001952,172.31.46.0-255,66,172376,42,288638
10509,0.002009,172.31.46.0-255,66,172442,42,288638
10510,0.002021,172.31.46.0-255,66,172508,42,288638
10511,0.002027,74.125.68.0-255,5020,177528,42,288638
10512,0.002029,172.31.46.0-255,66,177594,42,288638
10513,0.004118,74.125.68.0-255,5738,183332,42,288638
10514,0.004132,172.31.46.0-255,66,183398,42,288638
10515,0.006216,74.125.68.0-255,5738,189136,42,288638
10516,0.006224,172.31.46.0-255,66,189202,42,288638
10517,0.008306,74.125.68.0-255,5738,194940,42,288638
10518,0.008318,172.31.46.0-255,66,195006,42,288638
10519,0.010409,74.125.68.0-255,1484,196490,42,288638
10520,0.010431,74.125.68.0-255,4320,200810,42,288638
10521,0.010437,172.31.46.0-255,66,200876,42,288638
10522,0.012525,74.125.68.0-255,5738,206614,42,288638
10523,0.012534,172.31.46.0-255,66,206680,42,288638
10524,0.01461,74.125.68.0-255,5738,212418,42,288638
10525,0.014619,172.31.46.0-255,66,212484,42,288638
10526,0.016708,74.125.68.0-255,5738,218222,42,288638
10527,0.016716,172.31.46.0-255,66,218288,42,288638
10528,0.018787,74.125.68.0-255,2902,221190,42,288638
10529,0.018793,172.31.46.0-255,66,221256,42,288638
10530,0.018812,74.125.68.0-255,2902,224158,42,288638
10531,0.018815,172.31.46.0-255,66,224224,42,288638
10532,0.020891,74.125.68.0-255,5738,229962,42,288638
10533,0.020899,172.31.46.0-255,66,230028,42,288638
10534,0.022986,74.125.68.0-255,5738,235766,42,288638
10535,0.022994,172.31.46.0-255,66,235832,42,288638
10536,0.025084,74.125.68.0-255,5738,241570,42,288638
10537,0.025092,172.31.46.0-255,66,241636,42,288638
10538,0.02719,74.125.68.0-255,5738,247374,42,288638
10539,0.027198,172.31.46.0-255,66,247440,42,288638
10540,0.027664,172.31.46.0-255,167,247607,42,288638
10541,0.027692,172.31.46.0-255,1111,248718,42,288638
10542,0.027743,172.31.46.0-255,1514,250232,42,288638
10543,0.027745,172.31.46.0-255,1514,251746,42,288638
10544,0.027746,172.31.46.0-255,1514,253260,42,288638
10545,0.027747,172.31.46.0-255,116,253376,42,288638
10546,0.02923,104.244.42.0-255,66,253442,42,288638
10547,0.029257,104.244.42.0-255,66,253508,42,288638
10548,0.029281,104.244.42.0-255,66,253574,42,288638
10549,0.029297,74.125.68.0-255,5738,259312,42,288638
10550,0.029306,172.31.46.0-255,66,259378,42,288638
10551,0.029345,104.244.42.0-255,66,259444,42,288638
10552,0.030144,104.244.42.0-255,108,259552,42,288638
10553,0.030149,172.31.46.0-255,66,259618,42,288638
10554,0.031378,74.125.68.0-255,5738,265356,42,288638
10555,0.031384,172.31.46.0-255,66,265422,42,288638
10556,0.033472,74.125.68.0-255,5738,271160,42,288638
10557,0.033478,172.31.46.0-255,66,271226,42,288638
10558,0.035549,74.125.68.0-255,5738,276964,42,288638
10559,0.035556,172.31.46.0-255,66,277030,42,288638
10560,0.037661,74.125.68.0-255,5738,282768,42,288638
10561,0.03767,172.31.46.0-255,66,282834,42,288638
10562,0.039765,74.125.68.0-255,5738,288572,42,288638
10563,0.039772,172.31.46.0-255,66,288638,42,288638
10564,0.0,74.125.24.0-255,147,147,42,236731
10565,2e-05,172.31.46.0-255,66,213,42,236731
10566,2.7e-05,74.125.24.0-255,1484,1697,42,236731
10567,3.1e-05,172.31.46.0-255,66,1763,42,236731
10568,3.6e-05,74.125.24.0-255,1484,3247,42,236731
10569,3.8e-05,172.31.46.0-255,66,3313,42,236731
10570,5.5e-05,74.125.24.0-255,1484,4797,42,236731
10571,5.7e-05,172.31.46.0-255,66,4863,42,236731
10572,6.6e-05,74.125.24.0-255,7156,12019,42,236731
10573,6.9e-05,172.31.46.0-255,66,12085,42,236731
10574,7.3e-05,74.125.24.0-255,2161,14246,42,236731
10575,7.5e-05,172.31.46.0-255,66,14312,42,236731
10576,0.000171,74.125.24.0-255,1484,15796,42,236731
10577,0.000174,172.31.46.0-255,66,15862,42,236731
10578,0.000179,74.125.24.0-255,2902,18764,42,236731
10579,0.000182,172.31.46.0-255,66,18830,42,236731
10580,0.000188,74.125.24.0-255,5738,24568,42,236731
10581,0.000191,172.31.46.0-255,66,24634,42,236731
10582,0.000228,74.125.24.0-255,7156,31790,42,236731
10583,0.00023,172.31.46.0-255,66,31856,42,236731
10584,0.000258,74.125.24.0-255,6797,38653,42,236731
10585,0.00026,172.31.46.0-255,66,38719,42,236731
10586,0.000274,172.31.46.0-255,66,38785,42,236731
10587,0.000304,74.125.24.0-255,7156,45941,42,236731
10588,0.000306,172.31.46.0-255,66,46007,42,236731
10589,0.000333,172.31.46.0-255,66,46073,42,236731
10590,0.000824,74.125.24.0-255,130,46203,42,236731
10591,0.000832,172.31.46.0-255,66,46269,42,236731
10592,0.001065,74.125.24.0-255,1484,47753,42,236731
10593,0.001071,172.31.46.0-255,66,47819,42,236731
10594,0.001077,74.125.24.0-255,2902,50721,42,236731
10595,0.00108,172.31.46.0-255,66,50787,42,236731
10596,0.001083,74.125.24.0-255,1484,52271,42,236731
10597,0.00111,74.125.24.0-255,4320,56591,42,236731
10598,0.001113,172.31.46.0-255,66,56657,42,236731
10599,0.001127,172.31.46.0-255,66,56723,42,236731
10600,0.001162,74.125.24.0-255,2902,59625,42,236731
10601,0.001164,172.31.46.0-255,66,59691,42,236731
10602,0.00119,172.31.46.0-255,66,59757,42,236731
10603,0.001854,74.125.24.0-255,1484,61241,42,236731
10604,0.001874,74.125.24.0-255,2902,64143,42,236731
10605,0.00188,172.31.46.0-255,66,64209,42,236731
10606,0.001887,74.125.24.0-255,5738,69947,42,236731
10607,0.00189,172.31.46.0-255,66,70013,42,236731
10608,0.001923,172.31.46.0-255,66,70079,42,236731
10609,0.001928,74.125.24.0-255,4320,74399,42,236731
10610,0.00193,172.31.46.0-255,66,74465,42,236731
10611,0.001961,74.125.24.0-255,2902,77367,42,236731
10612,0.001963,172.31.46.0-255,66,77433,42,236731
10613,0.001979,74.125.24.0-255,2902,80335,42,236731
10614,0.001981,172.31.46.0-255,66,80401,42,236731
10615,0.001984,74.125.24.0-255,766,81167,42,236731
10616,0.00203,74.125.24.0-255,1484,82651,42,236731
10617,0.002033,172.31.46.0-255,66,82717,42,236731
10618,0.002039,74.125.24.0-255,2902,85619,42,236731
10619,0.00204,172.31.46.0-255,66,85685,42,236731
10620,0.002053,74.125.24.0-255,2902,88587,42,236731
10621,0.002055,172.31.46.0-255,66,88653,42,236731
10622,0.002071,74.125.24.0-255,2902,91555,42,236731
10623,0.002076,74.125.24.0-255,4320,95875,42,236731
10624,0.00208,172.31.46.0-255,66,95941,42,236731
10625,0.002084,172.31.46.0-255,66,96007,42,236731
10626,0.00212,172.31.46.0-255,66,96073,42,236731
10627,0.002132,172.31.46.0-255,66,96139,42,236731
10628,0.00217,74.125.24.0-255,1484,97623,42,236731
10629,0.002188,74.125.24.0-255,2902,100525,42,236731
10630,0.002191,172.31.46.0-255,66,100591,42,236731
10631,0.002195,74.125.24.0-255,1484,102075,42,236731
10632,0.002213,74.125.24.0-255,4320,106395,42,236731
10633,0.002216,172.31.46.0-255,66,106461,42,236731
10634,0.002232,74.125.24.0-255,5738,112199,42,236731
10635,0.002235,172.31.46.0-255,66,112265,42,236731
10636,0.002259,74.125.24.0-255,7156,119421,42,236731
10637,0.002262,172.31.46.0-255,66,119487,42,236731
10638,0.002264,74.125.24.0-255,1484,120971,42,236731
10639,0.002302,74.125.24.0-255,4320,125291,42,236731
10640,0.002324,74.125.24.0-255,5020,130311,42,236731
10641,0.002336,172.31.46.0-255,66,130377,42,236731
10642,0.002483,74.125.24.0-255,1484,131861,42,236731
10643,0.002499,74.125.24.0-255,2902,134763,42,236731
10644,0.002502,172.31.46.0-255,66,134829,42,236731
10645,0.00251,74.125.24.0-255,5738,140567,42,236731
10646,0.002512,172.31.46.0-255,66,140633,42,236731
10647,0.002535,74.125.24.0-255,1484,142117,42,236731
10648,0.00257,74.125.24.0-255,4320,146437,42,236731
10649,0.00258,172.31.46.0-255,66,146503,42,236731
10650,0.002587,74.125.24.0-255,5738,152241,42,236731
10651,0.002598,172.31.46.0-255,66,152307,42,236731
10652,0.002639,172.31.46.0-255,66,152373,42,236731
10653,0.002702,172.31.46.0-255,66,152439,42,236731
10654,0.005399,74.125.24.0-255,5738,158177,42,236731
10655,0.005412,172.31.46.0-255,66,158243,42,236731
10656,0.008063,74.125.24.0-255,5738,163981,42,236731
10657,0.008071,172.31.46.0-255,66,164047,42,236731
10658,0.010686,74.125.24.0-255,5738,169785,42,236731
10659,0.010695,172.31.46.0-255,66,169851,42,236731
10660,0.013326,74.125.24.0-255,4320,174171,42,236731
10661,0.013334,172.31.46.0-255,66,174237,42,236731
10662,0.013354,74.125.24.0-255,1484,175721,42,236731
10663,0.016016,74.125.24.0-255,4320,180041,42,236731
10664,0.016032,172.31.46.0-255,66,180107,42,236731
10665,0.018709,74.125.24.0-255,5738,185845,42,236731
10666,0.018723,172.31.46.0-255,66,185911,42,236731
10667,0.021358,74.125.24.0-255,5738,191649,42,236731
10668,0.021369,172.31.46.0-255,66,191715,42,236731
10669,0.022599,172.31.46.0-255,101,191816,42,236731
10670,0.024041,74.125.24.0-255,5738,197554,42,236731
10671,0.024048,172.31.46.0-255,66,197620,42,236731
10672,0.02521,74.125.24.0-255,66,197686,42,236731
10673,0.026685,74.125.24.0-255,4320,202006,42,236731
10674,0.026692,172.31.46.0-255,66,202072,42,236731
10675,0.026711,74.125.24.0-255,1484,203556,42,236731
10676,0.029339,74.125.24.0-255,4320,207876,42,236731
10677,0.029356,172.31.46.0-255,66,207942,42,236731
10678,0.032017,74.125.24.0-255,5738,213680,42,236731
10679,0.032026,172.31.46.0-255,66,213746,42,236731
10680,0.034687,74.125.24.0-255,5738,219484,42,236731
10681,0.034696,172.31.46.0-255,66,219550,42,236731
10682,0.037308,74.125.24.0-255,4320,223870,42,236731
10683,0.037314,172.31.46.0-255,66,223936,42,236731
10684,0.037336,74.125.24.0-255,1484,225420,42,236731
10685,0.039279,172.31.46.0-255,193,225613,42,236731
10686,0.039322,172.31.46.0-255,1111,226724,42,236731
10687,0.039415,172.31.46.0-255,1514,228238,42,236731
10688,0.039417,172.31.46.0-255,1514,229752,42,236731
10689,0.039418,172.31.46.0-255,1514,231266,42,236731
10690,0.039419,172.31.46.0-255,1079,232345,42,236731
10691,0.039984,74.125.24.0-255,4320,236665,42,236731
10692,0.039994,172.31.46.0-255,66,236731,42,236731
10693,0.0,74.125.24.0-255,152,152,42,285089
10694,1.9e-05,172.31.46.0-255,66,218,42,285089
10695,2.6e-05,74.125.24.0-255,1484,1702,42,285089
10696,3e-05,172.31.46.0-255,66,1768,42,285089
10697,5.3e-05,74.125.24.0-255,2902,4670,42,285089
10698,5.6e-05,172.31.46.0-255,66,4736,42,285089
10699,8.2e-05,74.125.24.0-255,7156,11892,42,285089
10700,8.4e-05,172.31.46.0-255,66,11958,42,285089
10701,0.000118,74.125.24.0-255,2902,14860,42,285089
10702,0.00012,172.31.46.0-255,66,14926,42,285089
10703,0.000149,172.31.46.0-255,66,14992,42,285089
10704,0.000153,74.125.24.0-255,4320,19312,42,285089
10705,0.000155,172.31.46.0-255,66,19378,42,285089
10706,0.000184,74.125.24.0-255,2543,21921,42,285089
10707,0.000186,172.31.46.0-255,66,21987,42,285089
10708,0.000286,74.125.24.0-255,1484,23471,42,285089
10709,0.00029,172.31.46.0-255,66,23537,42,285089
10710,0.000295,74.125.24.0-255,2902,26439,42,285089
10711,0.000298,172.31.46.0-255,66,26505,42,285089
10712,0.000328,74.125.24.0-255,5738,32243,42,285089
10713,0.000331,172.31.46.0-255,66,32309,42,285089
10714,0.000344,74.125.24.0-255,2902,35211,42,285089
10715,0.000346,172.31.46.0-255,66,35277,42,285089
10716,0.000368,74.125.24.0-255,3961,39238,42,285089
10717,0.000371,172.31.46.0-255,66,39304,42,285089
10718,0.000374,74.125.24.0-255,1484,40788,42,285089
10719,0.000375,172.31.46.0-255,66,40854,42,285089
10720,0.000393,74.125.24.0-255,5738,46592,42,285089
10721,0.000395,172.31.46.0-255,66,46658,42,285089
10722,0.000399,74.125.24.0-255,2902,49560,42,285089
10723,0.000401,172.31.46.0-255,66,49626,42,285089
10724,0.000442,74.125.24.0-255,7072,56698,42,285089
10725,0.000453,172.31.46.0-255,66,56764,42,285089
10726,0.00048,74.125.24.0-255,135,56899,42,285089
10727,0.00062,74.125.24.0-255,1484,58383,42,285089
10728,0.000628,172.31.46.0-255,66,58449,42,285089
10729,0.000645,74.125.24.0-255,2902,61351,42,285089
10730,0.000655,172.31.46.0-255,66,61417,42,285089
10731,0.000664,74.125.24.0-255,4320,65737,42,285089
10732,0.000673,172.31.46.0-255,66,65803,42,285089
10733,0.000679,74.125.24.0-255,4320,70123,42,285089
10734,0.000681,172.31.46.0-255,66,70189,42,285089
10735,0.000694,74.125.24.0-255,4320,74509,42,285089
10736,0.000696,172.31.46.0-255,66,74575,42,285089
10737,0.000698,74.125.24.0-255,1484,76059,42,285089
10738,0.000766,74.125.24.0-255,5738,81797,42,285089
10739,0.000771,172.31.46.0-255,66,81863,42,285089
10740,0.000791,74.125.24.0-255,4320,86183,42,285089
10741,0.000802,172.31.46.0-255,66,86249,42,285089
10742,0.000823,74.125.24.0-255,5020,91269,42,285089
10743,0.000843,172.31.46.0-255,66,91335,42,285089
10744,0.001035,74.125.24.0-255,343,91678,42,285089
10745,0.00108,74.125.24.0-255,1484,93162,42,285089
10746,0.001083,172.31.46.0-255,66,93228,42,285089
10747,0.001091,74.125.24.0-255,4320,97548,42,285089
10748,0.001093,172.31.46.0-255,66,97614,42,285089
10749,0.001096,74.125.24.0-255,1484,99098,42,285089
10750,0.001122,74.125.24.0-255,5738,104836,42,285089
10751,0.001131,172.31.46.0-255,66,104902,42,285089
10752,0.001139,74.125.24.0-255,1484,106386,42,285089
10753,0.001173,74.125.24.0-255,7156,113542,42,285089
10754,0.00119,74.125.24.0-255,4320,117862,42,285089
10755,0.001193,172.31.46.0-255,66,117928,42,285089
10756,0.001201,172.31.46.0-255,66,117994,42,285089
10757,0.001204,74.125.24.0-255,2902,120896,42,285089
10758,0.001228,74.125.24.0-255,5020,125916,42,285089
10759,0.001242,172.31.46.0-255,66,125982,42,285089
10760,0.001525,74.125.24.0-255,1484,127466,42,285089
10761,0.001529,74.125.24.0-255,1484,128950,42,285089
10762,0.001532,172.31.46.0-255,66,129016,42,285089
10763,0.001549,74.125.24.0-255,1484,130500,42,285089
10764,0.001552,74.125.24.0-255,1484,131984,42,285089
10765,0.001554,172.31.46.0-255,66,132050,42,285089
10766,0.001574,74.125.24.0-255,4320,136370,42,285089
10767,0.001576,172.31.46.0-255,66,136436,42,285089
10768,0.001579,74.125.24.0-255,1484,137920,42,285089
10769,0.001605,172.31.46.0-255,66,137986,42,285089
10770,0.001619,74.125.24.0-255,7156,145142,42,285089
10771,0.001624,172.31.46.0-255,66,145208,42,285089
10772,0.00163,74.125.24.0-255,1484,146692,42,285089
10773,0.001656,74.125.24.0-255,2902,149594,42,285089
10774,0.001659,172.31.46.0-255,66,149660,42,285089
10775,0.001673,74.125.24.0-255,2184,151844,42,285089
10776,0.001676,172.31.46.0-255,66,151910,42,285089
10777,0.001765,74.125.24.0-255,1484,153394,42,285089
10778,0.001781,74.125.24.0-255,2902,156296,42,285089
10779,0.001783,172.31.46.0-255,66,156362,42,285089
10780,0.001786,74.125.24.0-255,1484,157846,42,285089
10781,0.001804,74.125.24.0-255,4320,162166,42,285089
10782,0.001806,74.125.24.0-255,1484,163650,42,285089
10783,0.001821,74.125.24.0-255,2902,166552,42,285089
10784,0.001824,172.31.46.0-255,66,166618,42,285089
10785,0.001828,172.31.46.0-255,66,166684,42,285089
10786,0.001846,74.125.24.0-255,5738,172422,42,285089
10787,0.001856,172.31.46.0-255,66,172488,42,285089
10788,0.001861,74.125.24.0-255,5738,178226,42,285089
10789,0.001865,172.31.46.0-255,66,178292,42,285089
10790,0.001894,172.31.46.0-255,66,178358,42,285089
10791,0.001924,74.125.24.0-255,5738,184096,42,285089
10792,0.001929,172.31.46.0-255,66,184162,42,285089
10793,0.00196,172.31.46.0-255,66,184228,42,285089
10794,0.00198,74.125.24.0-255,3602,187830,42,285089
10795,0.00199,172.31.46.0-255,66,187896,42,285089
10796,0.002022,74.125.24.0-255,1484,189380,42,285089
10797,0.002057,172.31.46.0-255,66,189446,42,285089
10798,0.002099,74.125.24.0-255,3602,193048,42,285089
10799,0.002161,74.125.24.0-255,5738,198786,42,285089
10800,0.002179,74.125.24.0-255,7156,205942,42,285089
10801,0.002195,74.125.24.0-255,5738,211680,42,285089
10802,0.002234,74.125.24.0-255,1484,213164,42,285089
10803,0.002261,74.125.24.0-255,2902,216066,42,285089
10804,0.002291,74.125.24.0-255,5738,221804,42,285089
10805,0.002324,74.125.24.0-255,3602,225406,42,285089
10806,0.00742,172.31.46.0-255,66,225472,42,285089
10807,0.009748,74.125.24.0-255,5738,231210,42,285089
10808,0.009754,172.31.46.0-255,66,231276,42,285089
10809,0.012059,74.125.24.0-255,5738,237014,42,285089
10810,0.012066,172.31.46.0-255,66,237080,42,285089
10811,0.0144,74.125.24.0-255,5738,242818,42,285089
10812,0.014411,172.31.46.0-255,66,242884,42,285089
10813,0.016701,74.125.24.0-255,5738,248622,42,285089
10814,0.01671,172.31.46.0-255,66,248688,42,285089
10815,0.019018,74.125.24.0-255,5738,254426,42,285089
10816,0.019027,172.31.46.0-255,66,254492,42,285089
10817,0.021333,74.125.24.0-255,5738,260230,42,285089
10818,0.02134,172.31.46.0-255,66,260296,42,285089
10819,0.023637,74.125.24.0-255,5738,266034,42,285089
10820,0.023644,172.31.46.0-255,66,266100,42,285089
10821,0.025948,74.125.24.0-255,5738,271838,42,285089
10822,0.025955,172.31.46.0-255,66,271904,42,285089
10823,0.028262,74.125.24.0-255,5738,277642,42,285089
10824,0.028269,172.31.46.0-255,66,277708,42,285089
10825,0.030158,172.31.46.0-255,167,277875,42,285089
10826,0.030191,172.31.46.0-255,1106,278981,42,285089
10827,0.03025,172.31.46.0-255,1514,280495,42,285089
10828,0.030252,172.31.46.0-255,1303,281798,42,285089
10829,0.030582,74.125.24.0-255,2856,284654,42,285089
10830,0.030589,172.31.46.0-255,66,284720,42,285089
10831,0.030779,172.31.46.0-255,105,284825,42,285089
10832,0.031716,104.244.42.0-255,66,284891,42,285089
10833,0.031724,104.244.42.0-255,66,284957,42,285089
10834,0.031826,104.244.42.0-255,66,285023,42,285089
10835,0.033068,74.125.24.0-255,66,285089,42,285089
10836,0.0,74.125.200.0-255,146,146,42,351423
10837,1.4e-05,172.31.46.0-255,66,212,42,351423
10838,3.4e-05,74.125.200.0-255,1484,1696,42,351423
10839,3.9e-05,172.31.46.0-255,66,1762,42,351423
10840,4.5e-05,74.125.200.0-255,2902,4664,42,351423
10841,4.7e-05,172.31.46.0-255,66,4730,42,351423
10842,8.2e-05,74.125.200.0-255,7156,11886,42,351423
10843,8.6e-05,172.31.46.0-255,66,11952,42,351423
10844,0.000121,74.125.200.0-255,2902,14854,42,351423
10845,0.000124,172.31.46.0-255,66,14920,42,351423
10846,0.000145,74.125.200.0-255,3424,18344,42,351423
10847,0.000148,172.31.46.0-255,66,18410,42,351423
10848,0.000153,74.125.200.0-255,4320,22730,42,351423
10849,0.000156,172.31.46.0-255,66,22796,42,351423
10850,0.00017,74.125.200.0-255,2902,25698,42,351423
10851,0.000172,172.31.46.0-255,66,25764,42,351423
10852,0.000176,74.125.200.0-255,2902,28666,42,351423
10853,0.000179,172.31.46.0-255,66,28732,42,351423
10854,0.000202,74.125.200.0-255,2543,31275,42,351423
10855,0.000204,172.31.46.0-255,66,31341,42,351423
10856,0.000254,74.125.200.0-255,1484,32825,42,351423
10857,0.000258,172.31.46.0-255,66,32891,42,351423
10858,0.000262,74.125.200.0-255,2902,35793,42,351423
10859,0.000265,172.31.46.0-255,66,35859,42,351423
10860,0.000268,74.125.200.0-255,1484,37343,42,351423
10861,0.00027,172.31.46.0-255,66,37409,42,351423
10862,0.000299,74.125.200.0-255,2902,40311,42,351423
10863,0.000302,172.31.46.0-255,66,40377,42,351423
10864,0.000309,74.125.200.0-255,5738,46115,42,351423
10865,0.000311,172.31.46.0-255,66,46181,42,351423
10866,0.000332,74.125.200.0-255,5738,51919,42,351423
10867,0.000335,172.31.46.0-255,66,51985,42,351423
10868,0.000354,74.125.200.0-255,5738,57723,42,351423
10869,0.000357,172.31.46.0-255,66,57789,42,351423
10870,0.000377,74.125.200.0-255,2902,60691,42,351423
10871,0.00038,172.31.46.0-255,66,60757,42,351423
10872,0.000403,74.125.200.0-255,5020,65777,42,351423
10873,0.000405,172.31.46.0-255,66,65843,42,351423
10874,0.000408,74.125.200.0-255,677,66520,42,351423
10875,0.000641,74.125.200.0-255,1484,68004,42,351423
10876,0.000646,172.31.46.0-255,66,68070,42,351423
10877,0.000652,74.125.200.0-255,2902,70972,42,351423
10878,0.000655,172.31.46.0-255,66,71038,42,351423
10879,0.00066,74.125.200.0-255,4320,75358,42,351423
10880,0.000663,172.31.46.0-255,66,75424,42,351423
10881,0.000684,74.125.200.0-255,1484,76908,42,351423
10882,0.000703,74.125.200.0-255,4320,81228,42,351423
10883,0.000706,172.31.46.0-255,66,81294,42,351423
10884,0.00073,74.125.200.0-255,7156,88450,42,351423
10885,0.000737,74.125.200.0-255,7156,95606,42,351423
10886,0.000741,172.31.46.0-255,66,95672,42,351423
10887,0.000745,172.31.46.0-255,66,95738,42,351423
10888,0.000758,74.125.200.0-255,5020,100758,42,351423
10889,0.000761,172.31.46.0-255,66,100824,42,351423
10890,0.000905,74.125.200.0-255,1484,102308,42,351423
10891,0.000918,74.125.200.0-255,2902,105210,42,351423
10892,0.000921,172.31.46.0-255,66,105276,42,351423
10893,0.000945,74.125.200.0-255,5738,111014,42,351423
10894,0.000947,172.31.46.0-255,66,111080,42,351423
10895,0.000951,74.125.200.0-255,2902,113982,42,351423
10896,0.000953,172.31.46.0-255,66,114048,42,351423
10897,0.000955,74.125.200.0-255,1484,115532,42,351423
10898,0.000972,74.125.200.0-255,2902,118434,42,351423
10899,0.000974,172.31.46.0-255,66,118500,42,351423
10900,0.000976,74.125.200.0-255,1484,119984,42,351423
10901,0.000995,74.125.200.0-255,5738,125722,42,351423
10902,0.000997,172.31.46.0-255,66,125788,42,351423
10903,0.001015,74.125.200.0-255,1484,127272,42,351423
10904,0.001018,74.125.200.0-255,1484,128756,42,351423
10905,0.00102,172.31.46.0-255,66,128822,42,351423
10906,0.001024,74.125.200.0-255,2902,131724,42,351423
10907,0.001027,172.31.46.0-255,66,131790,42,351423
10908,0.001049,74.125.200.0-255,1484,133274,42,351423
10909,0.001059,74.125.200.0-255,2184,135458,42,351423
10910,0.001062,172.31.46.0-255,66,135524,42,351423
10911,0.001097,74.125.200.0-255,1484,137008,42,351423
10912,0.001111,74.125.200.0-255,1484,138492,42,351423
10913,0.001114,172.31.46.0-255,66,138558,42,351423
10914,0.00112,74.125.200.0-255,4320,142878,42,351423
10915,0.001122,172.31.46.0-255,66,142944,42,351423
10916,0.001137,74.125.200.0-255,1484,144428,42,351423
10917,0.001162,74.125.200.0-255,7156,151584,42,351423
10918,0.001164,172.31.46.0-255,66,151650,42,351423
10919,0.00117,74.125.200.0-255,5738,157388,42,351423
10920,0.001172,172.31.46.0-255,66,157454,42,351423
10921,0.001178,74.125.200.0-255,7156,164610,42,351423
10922,0.00118,172.31.46.0-255,66,164676,42,351423
10923,0.001229,74.125.200.0-255,1484,166160,42,351423
10924,0.001243,74.125.200.0-255,3602,169762,42,351423
10925,0.001246,172.31.46.0-255,66,169828,42,351423
10926,0.001265,74.125.200.0-255,1484,171312,42,351423
10927,0.00127,74.125.200.0-255,2902,174214,42,351423
10928,0.001272,172.31.46.0-255,66,174280,42,351423
10929,0.001284,74.125.200.0-255,1484,175764,42,351423
10930,0.001302,74.125.200.0-255,4320,180084,42,351423
10931,0.001305,172.31.46.0-255,66,180150,42,351423
10932,0.001309,74.125.200.0-255,2902,183052,42,351423
10933,0.00131,172.31.46.0-255,66,183118,42,351423
10934,0.001313,74.125.200.0-255,1484,184602,42,351423
10935,0.001326,74.125.200.0-255,2902,187504,42,351423
10936,0.001328,172.31.46.0-255,66,187570,42,351423
10937,0.001353,172.31.46.0-255,66,187636,42,351423
10938,0.001359,74.125.200.0-255,5738,193374,42,351423
10939,0.001364,172.31.46.0-255,66,193440,42,351423
10940,0.001376,74.125.200.0-255,1484,194924,42,351423
10941,0.001378,74.125.200.0-255,766,195690,42,351423
10942,0.001391,172.31.46.0-255,66,195756,42,351423
10943,0.001482,74.125.200.0-255,1484,197240,42,351423
10944,0.001488,74.125.200.0-255,2902,200142,42,351423
10945,0.001495,172.31.46.0-255,66,200208,42,351423
10946,0.001506,74.125.200.0-255,5738,205946,42,351423
10947,0.001521,74.125.200.0-255,1484,207430,42,351423
10948,0.001525,74.125.200.0-255,2902,210332,42,351423
10949,0.001532,172.31.46.0-255,66,210398,42,351423
10950,0.001546,74.125.200.0-255,4320,214718,42,351423
10951,0.001548,172.31.46.0-255,66,214784,42,351423
10952,0.001558,74.125.200.0-255,1484,216268,42,351423
10953,0.001593,74.125.200.0-255,766,217034,42,351423
10954,0.001613,172.31.46.0-255,66,217100,42,351423
10955,0.001862,74.125.200.0-255,1484,218584,42,351423
10956,0.001868,74.125.200.0-255,2902,221486,42,351423
10957,0.001878,172.31.46.0-255,66,221552,42,351423
10958,0.001893,74.125.200.0-255,5738,227290,42,351423
10959,0.001896,172.31.46.0-255,66,227356,42,351423
10960,0.001926,74.125.200.0-255,4320,231676,42,351423
10961,0.001928,172.31.46.0-255,66,231742,42,351423
10962,0.001952,74.125.200.0-255,5738,237480,42,351423
10963,0.001954,172.31.46.0-255,66,237546,42,351423
10964,0.00196,74.125.200.0-255,5738,243284,42,351423
10965,0.001961,172.31.46.0-255,66,243350,42,351423
10966,0.00199,74.125.200.0-255,5738,249088,42,351423
10967,0.001994,74.125.200.0-255,3602,252690,42,351423
10968,0.001998,74.125.200.0-255,4320,257010,42,351423
10969,0.002022,74.125.200.0-255,1484,258494,42,351423
10970,0.002028,172.31.46.0-255,66,258560,42,351423
10971,0.002042,74.125.200.0-255,5738,264298,42,351423
10972,0.002069,74.125.200.0-255,7156,271454,42,351423
10973,0.002074,172.31.46.0-255,66,271520,42,351423
10974,0.002095,74.125.200.0-255,1484,273004,42,351423
10975,0.002116,172.31.46.0-255,66,273070,42,351423
10976,0.002145,74.125.200.0-255,4320,277390,42,351423
10977,0.002152,172.31.46.0-255,66,277456,42,351423
10978,0.002183,74.125.200.0-255,2902,280358,42,351423
10979,0.002186,74.125.200.0-255,2902,283260,42,351423
10980,0.002191,172.31.46.0-255,66,283326,42,351423
10981,0.002213,74.125.200.0-255,3602,286928,42,351423
10982,0.002225,172.31.46.0-255,66,286994,42,351423
10983,0.002289,74.125.200.0-255,1484,288478,42,351423
10984,0.002302,74.125.200.0-255,2902,291380,42,351423
10985,0.002319,172.31.46.0-255,66,291446,42,351423
10986,0.002326,74.125.200.0-255,2902,294348,42,351423
10987,0.00233,172.31.46.0-255,66,294414,42,351423
10988,0.002337,74.125.200.0-255,1484,295898,42,351423
10989,0.002384,74.125.200.0-255,5738,301636,42,351423
10990,0.002389,74.125.200.0-255,5738,307374,42,351423
10991,0.002404,172.31.46.0-255,66,307440,42,351423
10992,0.002408,74.125.200.0-255,2902,310342,42,351423
10993,0.002412,172.31.46.0-255,66,310408,42,351423
10994,0.00242,74.125.200.0-255,4320,314728,42,351423
10995,0.002434,74.125.200.0-255,1484,316212,42,351423
10996,0.002445,172.31.46.0-255,66,316278,42,351423
10997,0.002449,74.125.200.0-255,4320,320598,42,351423
10998,0.002454,172.31.46.0-255,66,320664,42,351423
10999,0.002461,74.125.200.0-255,1484,322148,42,351423
11000,0.002492,74.125.200.0-255,5020,327168,42,351423
11001,0.002495,74.125.200.0-255,1484,328652,42,351423
11002,0.002498,74.125.200.0-255,2902,331554,42,351423
11003,0.002505,172.31.46.0-255,66,331620,42,351423
11004,0.002515,74.125.200.0-255,5738,337358,42,351423
11005,0.00252,172.31.46.0-255,66,337424,42,351423
11006,0.00254,74.125.200.0-255,2902,340326,42,351423
11007,0.002552,172.31.46.0-255,66,340392,42,351423
11008,0.002562,74.125.200.0-255,5738,346130,42,351423
11009,0.002564,74.125.200.0-255,592,346722,42,351423
11010,0.002572,172.31.46.0-255,66,346788,42,351423
11011,0.002608,74.125.200.0-255,105,346893,42,351423
11012,0.004143,172.31.46.0-255,66,346959,42,351423
11013,0.004175,172.31.46.0-255,105,347064,42,351423
11014,0.006783,74.125.200.0-255,66,347130,42,351423
11015,0.030295,172.31.46.0-255,172,347302,42,351423
11016,0.030328,172.31.46.0-255,1110,348412,42,351423
11017,0.03039,172.31.46.0-255,1514,349926,42,351423
11018,0.030392,172.31.46.0-255,1299,351225,42,351423
11019,0.031978,104.244.42.0-255,66,351291,42,351423
11020,0.032157,104.244.42.0-255,66,351357,42,351423
11021,0.032186,104.244.42.0-255,66,351423,42,351423
11022,0.0,74.125.24.0-255,153,153,42,254965
11023,2.1e-05,172.31.46.0-255,66,219,42,254965
11024,2.7e-05,74.125.24.0-255,1484,1703,42,254965
11025,3.2e-05,172.31.46.0-255,66,1769,42,254965
11026,3.6e-05,74.125.24.0-255,2902,4671,42,254965
11027,4.7e-05,172.31.46.0-255,66,4737,42,254965
11028,7.9e-05,74.125.24.0-255,4320,9057,42,254965
11029,8.2e-05,172.31.46.0-255,66,9123,42,254965
11030,9.4e-05,74.125.24.0-255,1484,10607,42,254965
11031,9.6e-05,172.31.46.0-255,66,10673,42,254965
11032,0.000125,74.125.24.0-255,4891,15564,42,254965
11033,0.000128,172.31.46.0-255,66,15630,42,254965
11034,0.000153,74.125.24.0-255,7156,22786,42,254965
11035,0.000155,172.31.46.0-255,66,22852,42,254965
11036,0.000159,74.125.24.0-255,2902,25754,42,254965
11037,0.000161,172.31.46.0-255,66,25820,42,254965
11038,0.000198,74.125.24.0-255,5379,31199,42,254965
11039,0.000201,172.31.46.0-255,66,31265,42,254965
11040,0.000341,74.125.24.0-255,1484,32749,42,254965
11041,0.000346,172.31.46.0-255,66,32815,42,254965
11042,0.000349,74.125.24.0-255,1484,34299,42,254965
11043,0.000351,172.31.46.0-255,66,34365,42,254965
11044,0.000354,74.125.24.0-255,1484,35849,42,254965
11045,0.000356,172.31.46.0-255,66,35915,42,254965
11046,0.000386,74.125.24.0-255,1484,37399,42,254965
11047,0.000389,172.31.46.0-255,66,37465,42,254965
11048,0.000396,74.125.24.0-255,5738,43203,42,254965
11049,0.000398,172.31.46.0-255,66,43269,42,254965
11050,0.000437,74.125.24.0-255,2902,46171,42,254965
11051,0.000439,172.31.46.0-255,66,46237,42,254965
11052,0.000467,74.125.24.0-255,2543,48780,42,254965
11053,0.00047,172.31.46.0-255,66,48846,42,254965
11054,0.000473,74.125.24.0-255,1484,50330,42,254965
11055,0.000499,74.125.24.0-255,4320,54650,42,254965
11056,0.000501,172.31.46.0-255,66,54716,42,254965
11057,0.000506,74.125.24.0-255,4320,59036,42,254965
11058,0.000508,172.31.46.0-255,66,59102,42,254965
11059,0.000536,74.125.24.0-255,6797,65899,42,254965
11060,0.000538,172.31.46.0-255,66,65965,42,254965
11061,0.000918,74.125.24.0-255,645,66610,42,254965
11062,0.000984,172.31.46.0-255,66,66676,42,254965
11063,0.001139,74.125.24.0-255,1484,68160,42,254965
11064,0.001147,74.125.24.0-255,2902,71062,42,254965
11065,0.00115,172.31.46.0-255,66,71128,42,254965
11066,0.001175,74.125.24.0-255,4320,75448,42,254965
11067,0.001178,172.31.46.0-255,66,75514,42,254965
11068,0.001216,74.125.24.0-255,4320,79834,42,254965
11069,0.001219,172.31.46.0-255,66,79900,42,254965
11070,0.001249,74.125.24.0-255,3961,83861,42,254965
11071,0.001252,172.31.46.0-255,66,83927,42,254965
11072,0.001346,74.125.24.0-255,1484,85411,42,254965
11073,0.001363,74.125.24.0-255,2902,88313,42,254965
11074,0.001365,172.31.46.0-255,66,88379,42,254965
11075,0.001392,74.125.24.0-255,5738,94117,42,254965
11076,0.001394,172.31.46.0-255,66,94183,42,254965
11077,0.001433,74.125.24.0-255,6797,100980,42,254965
11078,0.001436,172.31.46.0-255,66,101046,42,254965
11079,0.001814,74.125.24.0-255,1484,102530,42,254965
11080,0.001822,74.125.24.0-255,2902,105432,42,254965
11081,0.001826,172.31.46.0-255,66,105498,42,254965
11082,0.001832,74.125.24.0-255,4320,109818,42,254965
11083,0.001834,172.31.46.0-255,66,109884,42,254965
11084,0.001855,74.125.24.0-255,1484,111368,42,254965
11085,0.001859,74.125.24.0-255,2902,114270,42,254965
11086,0.001861,172.31.46.0-255,66,114336,42,254965
11087,0.001901,172.31.46.0-255,66,114402,42,254965
11088,0.001911,172.31.46.0-255,66,114468,42,254965
11089,0.001915,74.125.24.0-255,2184,116652,42,254965
11090,0.001916,172.31.46.0-255,66,116718,42,254965
11091,0.002186,74.125.24.0-255,1484,118202,42,254965
11092,0.002227,74.125.24.0-255,2902,121104,42,254965
11093,0.002231,172.31.46.0-255,66,121170,42,254965
11094,0.002236,74.125.24.0-255,4320,125490,42,254965
11095,0.002238,172.31.46.0-255,66,125556,42,254965
11096,0.002241,74.125.24.0-255,2902,128458,42,254965
11097,0.002243,172.31.46.0-255,66,128524,42,254965
11098,0.002267,74.125.24.0-255,2902,131426,42,254965
11099,0.002269,172.31.46.0-255,66,131492,42,254965
11100,0.002275,74.125.24.0-255,5738,137230,42,254965
11101,0.002277,172.31.46.0-255,66,137296,42,254965
11102,0.002308,74.125.24.0-255,5738,143034,42,254965
11103,0.00231,172.31.46.0-255,66,143100,42,254965
11104,0.00232,172.31.46.0-255,66,143166,42,254965
11105,0.002345,74.125.24.0-255,1484,144650,42,254965
11106,0.002349,74.125.24.0-255,2902,147552,42,254965
11107,0.00235,172.31.46.0-255,66,147618,42,254965
11108,0.002376,74.125.24.0-255,5738,153356,42,254965
11109,0.002378,172.31.46.0-255,66,153422,42,254965
11110,0.002382,74.125.24.0-255,4320,157742,42,254965
11111,0.002384,172.31.46.0-255,66,157808,42,254965
11112,0.002393,74.125.24.0-255,5738,163546,42,254965
11113,0.002395,172.31.46.0-255,66,163612,42,254965
11114,0.004802,74.125.24.0-255,5738,169350,42,254965
11115,0.004808,172.31.46.0-255,66,169416,42,254965
11116,0.007148,74.125.24.0-255,5738,175154,42,254965
11117,0.007154,172.31.46.0-255,66,175220,42,254965
11118,0.009536,74.125.24.0-255,5738,180958,42,254965
11119,0.009543,172.31.46.0-255,66,181024,42,254965
11120,0.011972,74.125.24.0-255,5738,186762,42,254965
11121,0.011979,172.31.46.0-255,66,186828,42,254965
11122,0.014341,74.125.24.0-255,5738,192566,42,254965
11123,0.014349,172.31.46.0-255,66,192632,42,254965
11124,0.016708,74.125.24.0-255,5738,198370,42,254965
11125,0.016716,172.31.46.0-255,66,198436,42,254965
11126,0.019128,74.125.24.0-255,5738,204174,42,254965
11127,0.019143,172.31.46.0-255,66,204240,42,254965
11128,0.021532,74.125.24.0-255,5738,209978,42,254965
11129,0.02154,172.31.46.0-255,66,210044,42,254965
11130,0.023898,74.125.24.0-255,5738,215782,42,254965
11131,0.023904,172.31.46.0-255,66,215848,42,254965
11132,0.024844,172.31.46.0-255,172,216020,42,254965
11133,0.024873,172.31.46.0-255,1107,217127,42,254965
11134,0.02492,172.31.46.0-255,1514,218641,42,254965
11135,0.024922,172.31.46.0-255,1302,219943,42,254965
11136,0.026293,74.125.24.0-255,5738,225681,42,254965
11137,0.026299,172.31.46.0-255,66,225747,42,254965
11138,0.026512,104.244.42.0-255,66,225813,42,254965
11139,0.026519,104.244.42.0-255,66,225879,42,254965
11140,0.026624,104.244.42.0-255,66,225945,42,254965
11141,0.028698,74.125.24.0-255,5738,231683,42,254965
11142,0.028705,172.31.46.0-255,66,231749,42,254965
11143,0.031087,74.125.24.0-255,5738,237487,42,254965
11144,0.031092,172.31.46.0-255,66,237553,42,254965
11145,0.033486,74.125.24.0-255,5738,243291,42,254965
11146,0.033493,172.31.46.0-255,66,243357,42,254965
11147,0.035859,74.125.24.0-255,5738,249095,42,254965
11148,0.035864,172.31.46.0-255,66,249161,42,254965
11149,0.038258,74.125.24.0-255,5738,254899,42,254965
11150,0.038266,172.31.46.0-255,66,254965,42,254965
11151,0.0,74.125.68.0-255,148,148,42,279764
11152,2.7e-05,172.31.46.0-255,66,214,42,279764
11153,3.3e-05,74.125.68.0-255,1484,1698,42,279764
11154,3.7e-05,172.31.46.0-255,66,1764,42,279764
11155,3.9e-05,74.125.68.0-255,1484,3248,42,279764
11156,4.1e-05,172.31.46.0-255,66,3314,42,279764
11157,7.8e-05,74.125.68.0-255,1484,4798,42,279764
11158,8.3e-05,74.125.68.0-255,4320,9118,42,279764
11159,8.3e-05,172.31.46.0-255,66,9184,42,279764
11160,8.7e-05,74.125.68.0-255,2902,12086,42,279764
11161,8.8e-05,172.31.46.0-255,66,12152,42,279764
11162,9.1e-05,172.31.46.0-255,66,12218,42,279764
11163,0.000119,74.125.68.0-255,2004,14222,42,279764
11164,0.000122,172.31.46.0-255,66,14288,42,279764
11165,0.000147,74.125.68.0-255,1484,15772,42,279764
11166,0.000149,172.31.46.0-255,66,15838,42,279764
11167,0.000172,74.125.68.0-255,2902,18740,42,279764
11168,0.000176,172.31.46.0-255,66,18806,42,279764
11169,0.000209,74.125.68.0-255,1484,20290,42,279764
11170,0.000212,172.31.46.0-255,66,20356,42,279764
11171,0.000236,74.125.68.0-255,2902,23258,42,279764
11172,0.000239,172.31.46.0-255,66,23324,42,279764
11173,0.000252,74.125.68.0-255,1484,24808,42,279764
11174,0.000258,172.31.46.0-255,66,24874,42,279764
11175,0.000261,74.125.68.0-255,1484,26358,42,279764
11176,0.000263,172.31.46.0-255,66,26424,42,279764
11177,0.000285,74.125.68.0-255,1484,27908,42,279764
11178,0.000287,172.31.46.0-255,66,27974,42,279764
11179,0.000291,74.125.68.0-255,1484,29458,42,279764
11180,0.000293,172.31.46.0-255,66,29524,42,279764
11181,0.000322,74.125.68.0-255,2902,32426,42,279764
11182,0.000325,172.31.46.0-255,66,32492,42,279764
11183,0.000351,74.125.68.0-255,1484,33976,42,279764
11184,0.000355,74.125.68.0-255,1484,35460,42,279764
11185,0.00036,172.31.46.0-255,66,35526,42,279764
11186,0.00037,74.125.68.0-255,1484,37010,42,279764
11187,0.00038,74.125.68.0-255,2902,39912,42,279764
11188,0.00039,172.31.46.0-255,66,39978,42,279764
11189,0.000397,74.125.68.0-255,2902,42880,42,279764
11190,0.000409,74.125.68.0-255,6438,49318,42,279764
11191,0.000409,172.31.46.0-255,66,49384,42,279764
11192,0.000414,172.31.46.0-255,66,49450,42,279764
11193,0.00046,74.125.68.0-255,1484,50934,42,279764
11194,0.000488,74.125.68.0-255,1484,52418,42,279764
11195,0.000503,74.125.68.0-255,2902,55320,42,279764
11196,0.000503,172.31.46.0-255,66,55386,42,279764
11197,0.000511,172.31.46.0-255,66,55452,42,279764
11198,0.000539,74.125.68.0-255,5738,61190,42,279764
11199,0.00055,172.31.46.0-255,66,61256,42,279764
11200,0.000559,74.125.68.0-255,2902,64158,42,279764
11201,0.000566,172.31.46.0-255,66,64224,42,279764
11202,0.000577,74.125.68.0-255,2869,67093,42,279764
11203,0.000584,172.31.46.0-255,66,67159,42,279764
11204,0.00061,74.125.68.0-255,1484,68643,42,279764
11205,0.000624,74.125.68.0-255,1484,70127,42,279764
11206,0.000627,74.125.68.0-255,1484,71611,42,279764
11207,0.000633,172.31.46.0-255,66,71677,42,279764
11208,0.000643,74.125.68.0-255,2902,74579,42,279764
11209,0.000654,74.125.68.0-255,4320,78899,42,279764
11210,0.000657,172.31.46.0-255,66,78965,42,279764
11211,0.000661,172.31.46.0-255,66,79031,42,279764
11212,0.000671,74.125.68.0-255,4320,83351,42,279764
11213,0.000677,172.31.46.0-255,66,83417,42,279764
11214,0.000681,74.125.68.0-255,4320,87737,42,279764
11215,0.000692,172.31.46.0-255,66,87803,42,279764
11216,0.000711,74.125.68.0-255,1484,89287,42,279764
11217,0.000719,74.125.68.0-255,7156,96443,42,279764
11218,0.00073,172.31.46.0-255,66,96509,42,279764
11219,0.000747,74.125.68.0-255,5020,101529,42,279764
11220,0.000759,172.31.46.0-255,66,101595,42,279764
11221,0.001419,74.125.68.0-255,1484,103079,42,279764
11222,0.001424,172.31.46.0-255,66,103145,42,279764
11223,0.001467,74.125.68.0-255,1484,104629,42,279764
11224,0.00148,74.125.68.0-255,2902,107531,42,279764
11225,0.001495,74.125.68.0-255,1484,109015,42,279764
11226,0.001534,74.125.68.0-255,1484,110499,42,279764
11227,0.001602,74.125.68.0-255,2902,113401,42,279764
11228,0.001634,74.125.68.0-255,2902,116303,42,279764
11229,0.001671,74.125.68.0-255,4320,120623,42,279764
11230,0.001751,74.125.68.0-255,1484,122107,42,279764
11231,0.001762,74.125.68.0-255,1484,123591,42,279764
11232,0.001773,74.125.68.0-255,1484,125075,42,279764
11233,0.001808,74.125.68.0-255,2902,127977,42,279764
11234,0.001826,74.125.68.0-255,1484,129461,42,279764
11235,0.001839,74.125.68.0-255,1484,130945,42,279764
11236,0.001853,74.125.68.0-255,2902,133847,42,279764
11237,0.001888,74.125.68.0-255,2184,136031,42,279764
11238,0.002091,74.125.68.0-255,1484,137515,42,279764
11239,0.002113,74.125.68.0-255,2902,140417,42,279764
11240,0.002162,74.125.68.0-255,5738,146155,42,279764
11241,0.002165,74.125.68.0-255,1484,147639,42,279764
11242,0.002169,74.125.68.0-255,2902,150541,42,279764
11243,0.002186,74.125.68.0-255,2902,153443,42,279764
11244,0.002196,74.125.68.0-255,1484,154927,42,279764
11245,0.002209,74.125.68.0-255,1484,156411,42,279764
11246,0.002211,74.125.68.0-255,1484,157895,42,279764
11247,0.002215,74.125.68.0-255,2902,160797,42,279764
11248,0.002235,74.125.68.0-255,1484,162281,42,279764
11249,0.002255,74.125.68.0-255,4320,166601,42,279764
11250,0.002259,74.125.68.0-255,2902,169503,42,279764
11251,0.002269,74.125.68.0-255,766,170269,42,279764
11252,0.002383,74.125.68.0-255,1484,171753,42,279764
11253,0.002394,74.125.68.0-255,2902,174655,42,279764
11254,0.002413,74.125.68.0-255,2902,177557,42,279764
11255,0.002422,74.125.68.0-255,1484,179041,42,279764
11256,0.002433,74.125.68.0-255,1484,180525,42,279764
11257,0.002455,74.125.68.0-255,5738,186263,42,279764
11258,0.00247,74.125.68.0-255,4320,190583,42,279764
11259,0.002817,172.31.46.0-255,66,190649,42,279764
11260,0.005243,74.125.68.0-255,1484,192133,42,279764
11261,0.005265,74.125.68.0-255,4320,196453,42,279764
11262,0.005269,172.31.46.0-255,66,196519,42,279764
11263,0.007696,74.125.68.0-255,4320,200839,42,279764
11264,0.007701,172.31.46.0-255,66,200905,42,279764
11265,0.007735,74.125.68.0-255,1484,202389,42,279764
11266,0.010117,74.125.68.0-255,4320,206709,42,279764
11267,0.010124,172.31.46.0-255,66,206775,42,279764
11268,0.01256,74.125.68.0-255,5738,212513,42,279764
11269,0.012622,172.31.46.0-255,66,212579,42,279764
11270,0.015054,74.125.68.0-255,5738,218317,42,279764
11271,0.015064,172.31.46.0-255,66,218383,42,279764
11272,0.017501,74.125.68.0-255,5738,224121,42,279764
11273,0.017511,172.31.46.0-255,66,224187,42,279764
11274,0.019957,74.125.68.0-255,5738,229925,42,279764
11275,0.019964,172.31.46.0-255,66,229991,42,279764
11276,0.022391,74.125.68.0-255,5738,235729,42,279764
11277,0.022401,172.31.46.0-255,66,235795,42,279764
11278,0.024829,74.125.68.0-255,5738,241533,42,279764
11279,0.024838,172.31.46.0-255,66,241599,42,279764
11280,0.026357,172.31.46.0-255,176,241775,42,279764
11281,0.026386,172.31.46.0-255,1110,242885,42,279764
11282,0.026454,172.31.46.0-255,1514,244399,42,279764
11283,0.026457,172.31.46.0-255,1299,245698,42,279764
11284,0.027274,74.125.68.0-255,5738,251436,42,279764
11285,0.027281,172.31.46.0-255,66,251502,42,279764
11286,0.028012,104.244.42.0-255,66,251568,42,279764
11287,0.028019,104.244.42.0-255,66,251634,42,279764
11288,0.028103,104.244.42.0-255,66,251700,42,279764
11289,0.029702,74.125.68.0-255,4320,256020,42,279764
11290,0.029705,172.31.46.0-255,66,256086,42,279764
11291,0.029737,74.125.68.0-255,1484,257570,42,279764
11292,0.032116,74.125.68.0-255,4320,261890,42,279764
11293,0.032121,172.31.46.0-255,66,261956,42,279764
11294,0.034538,74.125.68.0-255,2902,264858,42,279764
11295,0.034542,172.31.46.0-255,66,264924,42,279764
11296,0.03457,74.125.68.0-255,2902,267826,42,279764
11297,0.034581,172.31.46.0-255,66,267892,42,279764
11298,0.036957,74.125.68.0-255,2902,270794,42,279764
11299,0.036962,172.31.46.0-255,66,270860,42,279764
11300,0.036998,74.125.68.0-255,2902,273762,42,279764
11301,0.037022,172.31.46.0-255,66,273828,42,279764
11302,0.039369,74.125.68.0-255,2902,276730,42,279764
11303,0.039374,172.31.46.0-255,66,276796,42,279764
11304,0.039429,74.125.68.0-255,2902,279698,42,279764
11305,0.039452,172.31.46.0-255,66,279764,42,279764
11306,0.0,74.125.68.0-255,150,150,42,354213
11307,2.1e-05,172.31.46.0-255,66,216,42,354213
11308,2.8e-05,74.125.68.0-255,1484,1700,42,354213
11309,3.3e-05,172.31.46.0-255,66,1766,42,354213
11310,4.6e-05,74.125.68.0-255,2902,4668,42,354213
11311,5e-05,172.31.46.0-255,66,4734,42,354213
11312,5.6e-05,74.125.68.0-255,4320,9054,42,354213
11313,5.9e-05,172.31.46.0-255,66,9120,42,354213
11314,9.3e-05,74.125.68.0-255,4864,13984,42,354213
11315,9.7e-05,172.31.46.0-255,66,14050,42,354213
11316,0.000152,74.125.68.0-255,1484,15534,42,354213
11317,0.000155,172.31.46.0-255,66,15600,42,354213
11318,0.000187,172.31.46.0-255,66,15666,42,354213
11319,0.000194,74.125.68.0-255,5379,21045,42,354213
11320,0.000196,172.31.46.0-255,66,21111,42,354213
11321,0.000285,74.125.68.0-255,1484,22595,42,354213
11322,0.000289,172.31.46.0-255,66,22661,42,354213
11323,0.000293,74.125.68.0-255,1484,24145,42,354213
11324,0.000295,172.31.46.0-255,66,24211,42,354213
11325,0.000313,74.125.68.0-255,1484,25695,42,354213
11326,0.000315,172.31.46.0-255,66,25761,42,354213
11327,0.000321,74.125.68.0-255,5738,31499,42,354213
11328,0.000325,172.31.46.0-255,66,31565,42,354213
11329,0.000329,74.125.68.0-255,2902,34467,42,354213
11330,0.000331,172.31.46.0-255,66,34533,42,354213
11331,0.000333,74.125.68.0-255,1484,36017,42,354213
11332,0.000335,172.31.46.0-255,66,36083,42,354213
11333,0.000364,74.125.68.0-255,2543,38626,42,354213
11334,0.000366,172.31.46.0-255,66,38692,42,354213
11335,0.000386,74.125.68.0-255,5738,44430,42,354213
11336,0.000388,172.31.46.0-255,66,44496,42,354213
11337,0.000413,74.125.68.0-255,2902,47398,42,354213
11338,0.000419,74.125.68.0-255,2902,50300,42,354213
11339,0.000444,74.125.68.0-255,1484,51784,42,354213
11340,0.000456,74.125.68.0-255,2902,54686,42,354213
11341,0.00047,74.125.68.0-255,1484,56170,42,354213
11342,0.000473,74.125.68.0-255,329,56499,42,354213
11343,0.000519,172.31.46.0-255,66,56565,42,354213
11344,0.000657,74.125.68.0-255,1484,58049,42,354213
11345,0.000669,74.125.68.0-255,2902,60951,42,354213
11346,0.000688,74.125.68.0-255,1484,62435,42,354213
11347,0.000693,74.125.68.0-255,2902,65337,42,354213
11348,0.000714,172.31.46.0-255,66,65403,42,354213
11349,0.000725,74.125.68.0-255,5738,71141,42,354213
11350,0.000731,74.125.68.0-255,1484,72625,42,354213
11351,0.000736,172.31.46.0-255,66,72691,42,354213
11352,0.000757,74.125.68.0-255,5379,78070,42,354213
11353,0.000762,74.125.68.0-255,4320,82390,42,354213
11354,0.000774,172.31.46.0-255,66,82456,42,354213
11355,0.000778,74.125.68.0-255,2902,85358,42,354213
11356,0.000782,172.31.46.0-255,66,85424,42,354213
11357,0.000812,74.125.68.0-255,5379,90803,42,354213
11358,0.00082,172.31.46.0-255,66,90869,42,354213
11359,0.001087,74.125.68.0-255,1484,92353,42,354213
11360,0.0011,74.125.68.0-255,2902,95255,42,354213
11361,0.001103,172.31.46.0-255,66,95321,42,354213
11362,0.001133,74.125.68.0-255,5738,101059,42,354213
11363,0.00114,172.31.46.0-255,66,101125,42,354213
11364,0.001166,74.125.68.0-255,5738,106863,42,354213
11365,0.001174,172.31.46.0-255,66,106929,42,354213
11366,0.001198,74.125.68.0-255,7156,114085,42,354213
11367,0.001201,74.125.68.0-255,1484,115569,42,354213
11368,0.001233,172.31.46.0-255,66,115635,42,354213
11369,0.001301,74.125.68.0-255,1484,117119,42,354213
11370,0.001321,74.125.68.0-255,2902,120021,42,354213
11371,0.001354,74.125.68.0-255,2902,122923,42,354213
11372,0.001357,172.31.46.0-255,66,122989,42,354213
11373,0.001362,172.31.46.0-255,66,123055,42,354213
11374,0.001381,74.125.68.0-255,2902,125957,42,354213
11375,0.00141,172.31.46.0-255,66,126023,42,354213
11376,0.001417,74.125.68.0-255,7156,133179,42,354213
11377,0.001422,172.31.46.0-255,66,133245,42,354213
11378,0.001438,74.125.68.0-255,3602,136847,42,354213
11379,0.001454,172.31.46.0-255,66,136913,42,354213
11380,0.001475,74.125.68.0-255,1484,138397,42,354213
11381,0.001492,74.125.68.0-255,2902,141299,42,354213
11382,0.001505,172.31.46.0-255,66,141365,42,354213
11383,0.001511,74.125.68.0-255,1484,142849,42,354213
11384,0.001536,74.125.68.0-255,2902,145751,42,354213
11385,0.001546,172.31.46.0-255,66,145817,42,354213
11386,0.001557,74.125.68.0-255,5738,151555,42,354213
11387,0.001562,74.125.68.0-255,1484,153039,42,354213
11388,0.001593,74.125.68.0-255,2902,155941,42,354213
11389,0.0016,172.31.46.0-255,66,156007,42,354213
11390,0.001623,74.125.68.0-255,5738,161745,42,354213
11391,0.001628,74.125.68.0-255,2902,164647,42,354213
11392,0.001637,172.31.46.0-255,66,164713,42,354213
11393,0.00164,74.125.68.0-255,1484,166197,42,354213
11394,0.001661,74.125.68.0-255,2902,169099,42,354213
11395,0.001664,74.125.68.0-255,2184,171283,42,354213
11396,0.001681,172.31.46.0-255,66,171349,42,354213
11397,0.001831,74.125.68.0-255,1484,172833,42,354213
11398,0.001835,74.125.68.0-255,1484,174317,42,354213
11399,0.001838,172.31.46.0-255,66,174383,42,354213
11400,0.001861,74.125.68.0-255,1484,175867,42,354213
11401,0.001867,74.125.68.0-255,5738,181605,42,354213
11402,0.001871,74.125.68.0-255,2902,184507,42,354213
11403,0.001875,172.31.46.0-255,66,184573,42,354213
11404,0.001898,74.125.68.0-255,5738,190311,42,354213
11405,0.001907,172.31.46.0-255,66,190377,42,354213
11406,0.001917,74.125.68.0-255,4320,194697,42,354213
11407,0.001928,74.125.68.0-255,7156,201853,42,354213
11408,0.00194,74.125.68.0-255,1484,203337,42,354213
11409,0.001947,172.31.46.0-255,66,203403,42,354213
11410,0.001973,74.125.68.0-255,2184,205587,42,354213
11411,0.00199,172.31.46.0-255,66,205653,42,354213
11412,0.002039,74.125.68.0-255,1484,207137,42,354213
11413,0.002056,74.125.68.0-255,2902,210039,42,354213
11414,0.002063,74.125.68.0-255,5738,215777,42,354213
11415,0.002072,172.31.46.0-255,66,215843,42,354213
11416,0.00208,74.125.68.0-255,2902,218745,42,354213
11417,0.002092,74.125.68.0-255,4320,223065,42,354213
11418,0.002107,74.125.68.0-255,1484,224549,42,354213
11419,0.002126,74.125.68.0-255,7156,231705,42,354213
11420,0.002156,74.125.68.0-255,4320,236025,42,354213
11421,0.002167,74.125.68.0-255,2902,238927,42,354213
11422,0.00217,74.125.68.0-255,2902,241829,42,354213
11423,0.002183,74.125.68.0-255,5020,246849,42,354213
11424,0.002185,74.125.68.0-255,1484,248333,42,354213
11425,0.002205,74.125.68.0-255,1484,249817,42,354213
11426,0.002209,74.125.68.0-255,4320,254137,42,354213
11427,0.002211,74.125.68.0-255,1484,255621,42,354213
11428,0.002226,74.125.68.0-255,5738,261359,42,354213
11429,0.002235,74.125.68.0-255,1484,262843,42,354213
11430,0.00224,74.125.68.0-255,4320,267163,42,354213
11431,0.002251,74.125.68.0-255,2902,270065,42,354213
11432,0.002284,74.125.68.0-255,2902,272967,42,354213
11433,0.002301,74.125.68.0-255,4320,277287,42,354213
11434,0.002322,74.125.68.0-255,4320,281607,42,354213
11435,0.002339,74.125.68.0-255,4320,285927,42,354213
11436,0.002342,74.125.68.0-255,1484,287411,42,354213
11437,0.007098,172.31.46.0-255,66,287477,42,354213
11438,0.007841,172.31.46.0-255,101,287578,42,354213
11439,0.009424,74.125.68.0-255,5738,293316,42,354213
11440,0.009432,172.31.46.0-255,66,293382,42,354213
11441,0.010124,74.125.68.0-255,66,293448,42,354213
11442,0.011752,74.125.68.0-255,5738,299186,42,354213
11443,0.011759,172.31.46.0-255,66,299252,42,354213
11444,0.014073,74.125.68.0-255,5738,304990,42,354213
11445,0.014081,172.31.46.0-255,66,305056,42,354213
11446,0.016401,74.125.68.0-255,5738,310794,42,354213
11447,0.017555,172.31.46.0-255,66,310860,42,354213
11448,0.01988,74.125.68.0-255,5738,316598,42,354213
11449,0.019889,172.31.46.0-255,66,316664,42,354213
11450,0.02221,74.125.68.0-255,4320,320984,42,354213
11451,0.022217,172.31.46.0-255,66,321050,42,354213
11452,0.022248,74.125.68.0-255,1484,322534,42,354213
11453,0.02454,74.125.68.0-255,4320,326854,42,354213
11454,0.024547,172.31.46.0-255,66,326920,42,354213
11455,0.026876,74.125.68.0-255,5738,332658,42,354213
11456,0.026966,172.31.46.0-255,66,332724,42,354213
11457,0.028852,172.31.46.0-255,172,332896,42,354213
11458,0.028889,172.31.46.0-255,1110,334006,42,354213
11459,0.028947,172.31.46.0-255,1514,335520,42,354213
11460,0.028948,172.31.46.0-255,1299,336819,42,354213
11461,0.029283,74.125.68.0-255,5738,342557,42,354213
11462,0.02929,172.31.46.0-255,66,342623,42,354213
11463,0.030389,104.244.42.0-255,66,342689,42,354213
11464,0.03043,104.244.42.0-255,66,342755,42,354213
11465,0.030478,104.244.42.0-255,66,342821,42,354213
11466,0.031642,74.125.68.0-255,5738,348559,42,354213
11467,0.031648,172.31.46.0-255,66,348625,42,354213
11468,0.033976,74.125.68.0-255,5417,354042,42,354213
11469,0.033981,172.31.46.0-255,66,354108,42,354213
11470,0.034128,172.31.46.0-255,105,354213,42,354213
11471,0.0,172.217.194.0-255,146,146,42,88379
11472,2e-05,172.217.194.0-255,1484,1630,42,88379
11473,3.1e-05,172.31.46.0-255,66,1696,42,88379
11474,3.9e-05,172.217.194.0-255,2902,4598,42,88379
11475,8.9e-05,172.217.194.0-255,2902,7500,42,88379
11476,0.000108,172.217.194.0-255,4320,11820,42,88379
11477,0.000125,172.31.46.0-255,66,11886,42,88379
11478,0.000272,172.217.194.0-255,2089,13975,42,88379
11479,0.000313,172.217.194.0-255,7156,21131,42,88379
11480,0.000329,172.217.194.0-255,4320,25451,42,88379
11481,0.000343,172.31.46.0-255,66,25517,42,88379
11482,0.000578,172.217.194.0-255,1484,27001,42,88379
11483,0.000616,172.217.194.0-255,4320,31321,42,88379
11484,0.000619,172.31.46.0-255,66,31387,42,88379
11485,0.00066,172.217.194.0-255,5379,36766,42,88379
11486,0.000672,172.31.46.0-255,66,36832,42,88379
11487,0.001058,172.217.194.0-255,5738,42570,42,88379
11488,0.001064,172.31.46.0-255,66,42636,42,88379
11489,0.001492,172.217.194.0-255,431,43067,42,88379
11490,0.001515,172.217.194.0-255,4320,47387,42,88379
11491,0.002024,172.217.194.0-255,1484,48871,42,88379
11492,0.002855,172.217.194.0-255,1484,50355,42,88379
11493,0.003739,172.217.194.0-255,7156,57511,42,88379
11494,0.004972,172.217.194.0-255,4320,61831,42,88379
11495,0.005107,172.31.46.0-255,66,61897,42,88379
11496,0.007543,172.31.46.0-255,66,61963,42,88379
11497,0.007741,172.217.194.0-255,7156,69119,42,88379
11498,0.007829,172.217.194.0-255,1484,70603,42,88379
11499,0.008,172.31.46.0-255,66,70669,42,88379
11500,0.008724,172.31.46.0-255,66,70735,42,88379
11501,0.008748,172.217.194.0-255,7156,77891,42,88379
11502,0.008793,172.31.46.0-255,66,77957,42,88379
11503,0.009062,172.217.194.0-255,5738,83695,42,88379
11504,0.009068,172.31.46.0-255,66,83761,42,88379
11505,0.009167,172.31.46.0-255,66,83827,42,88379
11506,0.009617,172.31.46.0-255,105,83932,42,88379
11507,0.01198,172.217.194.0-255,66,83998,42,88379
11508,0.029729,172.31.46.0-255,260,84258,42,88379
11509,0.029764,172.31.46.0-255,1107,85365,42,88379
11510,0.029842,172.31.46.0-255,1514,86879,42,88379
11511,0.029844,172.31.46.0-255,1302,88181,42,88379
11512,0.031427,104.244.42.0-255,66,88247,42,88379
11513,0.03146,104.244.42.0-255,66,88313,42,88379
11514,0.031546,104.244.42.0-255,66,88379,42,88379
11515,0.0,172.253.118.0-255,146,146,42,153578
11516,1.7e-05,172.31.46.0-255,66,212,42,153578
11517,2.4e-05,172.253.118.0-255,1484,1696,42,153578
11518,2.8e-05,172.31.46.0-255,66,1762,42,153578
11519,3.3e-05,172.253.118.0-255,2902,4664,42,153578
11520,4.4e-05,172.31.46.0-255,66,4730,42,153578
11521,5.2e-05,172.253.118.0-255,7156,11886,42,153578
11522,5.6e-05,172.31.46.0-255,66,11952,42,153578
11523,6.1e-05,172.253.118.0-255,2127,14079,42,153578
11524,6.4e-05,172.31.46.0-255,66,14145,42,153578
11525,0.000215,172.253.118.0-255,1484,15629,42,153578
11526,0.000219,172.31.46.0-255,66,15695,42,153578
11527,0.000225,172.253.118.0-255,2902,18597,42,153578
11528,0.000228,172.31.46.0-255,66,18663,42,153578
11529,0.000244,172.253.118.0-255,2902,21565,42,153578
11530,0.000246,172.31.46.0-255,66,21631,42,153578
11531,0.000269,172.253.118.0-255,2902,24533,42,153578
11532,0.000275,172.31.46.0-255,66,24599,42,153578
11533,0.000278,172.253.118.0-255,1484,26083,42,153578
11534,0.00028,172.31.46.0-255,66,26149,42,153578
11535,0.00031,172.253.118.0-255,5379,31528,42,153578
11536,0.000313,172.31.46.0-255,66,31594,42,153578
11537,0.000738,172.253.118.0-255,1484,33078,42,153578
11538,0.000744,172.31.46.0-255,66,33144,42,153578
11539,0.00075,172.253.118.0-255,2902,36046,42,153578
11540,0.000752,172.31.46.0-255,66,36112,42,153578
11541,0.000758,172.253.118.0-255,4320,40432,42,153578
11542,0.000765,172.31.46.0-255,66,40498,42,153578
11543,0.000796,172.253.118.0-255,1484,41982,42,153578
11544,0.000799,172.31.46.0-255,66,42048,42,153578
11545,0.000811,172.31.46.0-255,66,42114,42,153578
11546,0.000857,172.253.118.0-255,3961,46075,42,153578
11547,0.00086,172.253.118.0-255,361,46436,42,153578
11548,0.000875,172.31.46.0-255,66,46502,42,153578
11549,0.001139,172.253.118.0-255,381,46883,42,153578
11550,0.001159,172.31.46.0-255,66,46949,42,153578
11551,0.001301,172.253.118.0-255,1484,48433,42,153578
11552,0.00131,172.253.118.0-255,2902,51335,42,153578
11553,0.001326,172.253.118.0-255,5738,57073,42,153578
11554,0.00134,172.253.118.0-255,2902,59975,42,153578
11555,0.001356,172.253.118.0-255,3961,63936,42,153578
11556,0.001379,172.253.118.0-255,5738,69674,42,153578
11557,0.00141,172.253.118.0-255,2543,72217,42,153578
11558,0.002027,172.253.118.0-255,1484,73701,42,153578
11559,0.002036,172.253.118.0-255,2902,76603,42,153578
11560,0.00204,172.253.118.0-255,1484,78087,42,153578
11561,0.011555,172.253.118.0-255,1484,79571,42,153578
11562,0.012062,172.31.46.0-255,66,79637,42,153578
11563,0.014117,172.253.118.0-255,5738,85375,42,153578
11564,0.014132,172.31.46.0-255,66,85441,42,153578
11565,0.016188,172.253.118.0-255,5738,91179,42,153578
11566,0.016205,172.31.46.0-255,66,91245,42,153578
11567,0.018239,172.253.118.0-255,5738,96983,42,153578
11568,0.019599,172.31.46.0-255,66,97049,42,153578
11569,0.021639,172.253.118.0-255,5738,102787,42,153578
11570,0.02165,172.31.46.0-255,66,102853,42,153578
11571,0.023686,172.253.118.0-255,5738,108591,42,153578
11572,0.023694,172.31.46.0-255,66,108657,42,153578
11573,0.025718,172.253.118.0-255,5738,114395,42,153578
11574,0.02573,172.31.46.0-255,66,114461,42,153578
11575,0.027767,172.253.118.0-255,5738,120199,42,153578
11576,0.027775,172.31.46.0-255,66,120265,42,153578
11577,0.029827,172.253.118.0-255,5738,126003,42,153578
11578,0.029842,172.31.46.0-255,66,126069,42,153578
11579,0.031872,172.253.118.0-255,5738,131807,42,153578
11580,0.031882,172.31.46.0-255,66,131873,42,153578
11581,0.033915,172.253.118.0-255,5738,137611,42,153578
11582,0.033925,172.31.46.0-255,66,137677,42,153578
11583,0.03522,172.31.46.0-255,172,137849,42,153578
11584,0.035261,172.31.46.0-255,1111,138960,42,153578
11585,0.035337,172.31.46.0-255,1514,140474,42,153578
11586,0.035339,172.31.46.0-255,1298,141772,42,153578
11587,0.035952,172.253.118.0-255,5738,147510,42,153578
11588,0.035962,172.31.46.0-255,66,147576,42,153578
11589,0.036771,104.244.42.0-255,66,147642,42,153578
11590,0.036818,104.244.42.0-255,66,147708,42,153578
11591,0.036931,104.244.42.0-255,66,147774,42,153578
11592,0.038004,172.253.118.0-255,5738,153512,42,153578
11593,0.038009,172.31.46.0-255,66,153578,42,153578
11594,0.0,74.125.130.0-255,148,148,42,208826
11595,2.6e-05,172.31.46.0-255,66,214,42,208826
11596,3.4e-05,74.125.130.0-255,1484,1698,42,208826
11597,3.9e-05,172.31.46.0-255,66,1764,42,208826
11598,4.4e-05,74.125.130.0-255,2902,4666,42,208826
11599,4.7e-05,172.31.46.0-255,66,4732,42,208826
11600,5e-05,74.125.130.0-255,1484,6216,42,208826
11601,5.3e-05,172.31.46.0-255,66,6282,42,208826
11602,6.1e-05,74.125.130.0-255,2902,9184,42,208826
11603,6.6e-05,172.31.46.0-255,66,9250,42,208826
11604,7.3e-05,74.125.130.0-255,6302,15552,42,208826
11605,7.6e-05,172.31.46.0-255,66,15618,42,208826
11606,8e-05,74.125.130.0-255,2902,18520,42,208826
11607,8.3e-05,172.31.46.0-255,66,18586,42,208826
11608,0.00012,74.125.130.0-255,4320,22906,42,208826
11609,0.000123,172.31.46.0-255,66,22972,42,208826
11610,0.000141,74.125.130.0-255,7156,30128,42,208826
11611,0.000144,172.31.46.0-255,66,30194,42,208826
11612,0.000147,74.125.130.0-255,1125,31319,42,208826
11613,0.000149,172.31.46.0-255,66,31385,42,208826
11614,0.000319,74.125.130.0-255,1484,32869,42,208826
11615,0.000323,172.31.46.0-255,66,32935,42,208826
11616,0.000345,74.125.130.0-255,2902,35837,42,208826
11617,0.000348,172.31.46.0-255,66,35903,42,208826
11618,0.000353,74.125.130.0-255,4320,40223,42,208826
11619,0.000356,172.31.46.0-255,66,40289,42,208826
11620,0.00039,74.125.130.0-255,4320,44609,42,208826
11621,0.000392,172.31.46.0-255,66,44675,42,208826
11622,0.000412,74.125.130.0-255,3961,48636,42,208826
11623,0.000414,172.31.46.0-255,66,48702,42,208826
11624,0.000417,74.125.130.0-255,1484,50186,42,208826
11625,0.000419,172.31.46.0-255,66,50252,42,208826
11626,0.000439,74.125.130.0-255,7156,57408,42,208826
11627,0.000441,172.31.46.0-255,66,57474,42,208826
11628,0.000446,74.125.130.0-255,4320,61794,42,208826
11629,0.000448,172.31.46.0-255,66,61860,42,208826
11630,0.000487,74.125.130.0-255,4216,66076,42,208826
11631,0.00049,172.31.46.0-255,66,66142,42,208826
11632,0.000801,74.125.130.0-255,120,66262,42,208826
11633,0.00101,74.125.130.0-255,1484,67746,42,208826
11634,0.001014,172.31.46.0-255,66,67812,42,208826
11635,0.001043,74.125.130.0-255,2902,70714,42,208826
11636,0.001046,172.31.46.0-255,66,70780,42,208826
11637,0.00107,74.125.130.0-255,2902,73682,42,208826
11638,0.001073,172.31.46.0-255,66,73748,42,208826
11639,0.001089,74.125.130.0-255,4320,78068,42,208826
11640,0.001091,172.31.46.0-255,66,78134,42,208826
11641,0.001115,74.125.130.0-255,5379,83513,42,208826
11642,0.001117,172.31.46.0-255,66,83579,42,208826
11643,0.001152,74.125.130.0-255,5738,89317,42,208826
11644,0.001155,172.31.46.0-255,66,89383,42,208826
11645,0.001159,74.125.130.0-255,1484,90867,42,208826
11646,0.001179,74.125.130.0-255,2902,93769,42,208826
11647,0.001182,172.31.46.0-255,66,93835,42,208826
11648,0.001196,74.125.130.0-255,5738,99573,42,208826
11649,0.001199,172.31.46.0-255,66,99639,42,208826
11650,0.001202,74.125.130.0-255,1125,100764,42,208826
11651,0.00154,172.31.46.0-255,66,100830,42,208826
11652,0.003173,74.125.130.0-255,4320,105150,42,208826
11653,0.00318,172.31.46.0-255,66,105216,42,208826
11654,0.003502,74.125.130.0-255,1484,106700,42,208826
11655,0.005159,74.125.130.0-255,4320,111020,42,208826
11656,0.005165,172.31.46.0-255,66,111086,42,208826
11657,0.007141,74.125.130.0-255,5738,116824,42,208826
11658,0.007146,172.31.46.0-255,66,116890,42,208826
11659,0.009131,74.125.130.0-255,4320,121210,42,208826
11660,0.009138,172.31.46.0-255,66,121276,42,208826
11661,0.009154,74.125.130.0-255,1484,122760,42,208826
11662,0.011114,74.125.130.0-255,4320,127080,42,208826
11663,0.011121,172.31.46.0-255,66,127146,42,208826
11664,0.013124,74.125.130.0-255,5738,132884,42,208826
11665,0.013135,172.31.46.0-255,66,132950,42,208826
11666,0.015116,74.125.130.0-255,5738,138688,42,208826
11667,0.015124,172.31.46.0-255,66,138754,42,208826
11668,0.0171,74.125.130.0-255,5738,144492,42,208826
11669,0.017105,172.31.46.0-255,66,144558,42,208826
11670,0.019086,74.125.130.0-255,5738,150296,42,208826
11671,0.019095,172.31.46.0-255,66,150362,42,208826
11672,0.021068,74.125.130.0-255,5738,156100,42,208826
11673,0.021075,172.31.46.0-255,66,156166,42,208826
11674,0.023052,74.125.130.0-255,4320,160486,42,208826
11675,0.023061,172.31.46.0-255,66,160552,42,208826
11676,0.023084,74.125.130.0-255,1484,162036,42,208826
11677,0.025035,74.125.130.0-255,2902,164938,42,208826
11678,0.025043,172.31.46.0-255,66,165004,42,208826
11679,0.026586,172.31.46.0-255,167,165171,42,208826
11680,0.026615,172.31.46.0-255,1111,166282,42,208826
11681,0.026677,172.31.46.0-255,1514,167796,42,208826
11682,0.026679,172.31.46.0-255,336,168132,42,208826
11683,0.027014,74.125.130.0-255,5738,173870,42,208826
11684,0.027021,172.31.46.0-255,66,173936,42,208826
11685,0.028723,104.244.42.0-255,66,174002,42,208826
11686,0.028995,74.125.130.0-255,5738,179740,42,208826
11687,0.029,172.31.46.0-255,66,179806,42,208826
11688,0.030979,74.125.130.0-255,5738,185544,42,208826
11689,0.030987,172.31.46.0-255,66,185610,42,208826
11690,0.032964,74.125.130.0-255,5738,191348,42,208826
11691,0.032971,172.31.46.0-255,66,191414,42,208826
11692,0.034942,74.125.130.0-255,5738,197152,42,208826
11693,0.034949,172.31.46.0-255,66,197218,42,208826
11694,0.036933,74.125.130.0-255,5738,202956,42,208826
11695,0.036939,172.31.46.0-255,66,203022,42,208826
11696,0.038914,74.125.130.0-255,5738,208760,42,208826
11697,0.038921,172.31.46.0-255,66,208826,42,208826
11698,0.0,74.125.24.0-255,152,152,42,184279
11699,2.4e-05,172.31.46.0-255,66,218,42,184279
11700,3.2e-05,74.125.24.0-255,1484,1702,42,184279
11701,3.6e-05,172.31.46.0-255,66,1768,42,184279
11702,4.2e-05,74.125.24.0-255,2902,4670,42,184279
11703,5.4e-05,172.31.46.0-255,66,4736,42,184279
11704,6e-05,74.125.24.0-255,5738,10474,42,184279
11705,6.3e-05,172.31.46.0-255,66,10540,42,184279
11706,6.9e-05,74.125.24.0-255,3442,13982,42,184279
11707,7.2e-05,172.31.46.0-255,66,14048,42,184279
11708,0.000176,74.125.24.0-255,1484,15532,42,184279
11709,0.00018,172.31.46.0-255,66,15598,42,184279
11710,0.000198,74.125.24.0-255,2902,18500,42,184279
11711,0.000201,172.31.46.0-255,66,18566,42,184279
11712,0.000207,74.125.24.0-255,5738,24304,42,184279
11713,0.00021,172.31.46.0-255,66,24370,42,184279
11714,0.000238,74.125.24.0-255,6797,31167,42,184279
11715,0.000241,172.31.46.0-255,66,31233,42,184279
11716,0.000488,74.125.24.0-255,1484,32717,42,184279
11717,0.000494,172.31.46.0-255,66,32783,42,184279
11718,0.0005,74.125.24.0-255,2902,35685,42,184279
11719,0.000502,172.31.46.0-255,66,35751,42,184279
11720,0.000514,74.125.24.0-255,5738,41489,42,184279
11721,0.000517,172.31.46.0-255,66,41555,42,184279
11722,0.000521,74.125.24.0-255,2902,44457,42,184279
11723,0.000524,172.31.46.0-255,66,44523,42,184279
11724,0.000556,74.125.24.0-255,2902,47425,42,184279
11725,0.000559,172.31.46.0-255,66,47491,42,184279
11726,0.000573,172.31.46.0-255,66,47557,42,184279
11727,0.000576,74.125.24.0-255,1484,49041,42,184279
11728,0.000578,172.31.46.0-255,66,49107,42,184279
11729,0.000609,74.125.24.0-255,2814,51921,42,184279
11730,0.000613,172.31.46.0-255,66,51987,42,184279
11731,0.000615,74.125.24.0-255,132,52119,42,184279
11732,0.000744,74.125.24.0-255,1484,53603,42,184279
11733,0.000748,172.31.46.0-255,66,53669,42,184279
11734,0.000754,74.125.24.0-255,2902,56571,42,184279
11735,0.000756,172.31.46.0-255,66,56637,42,184279
11736,0.000766,74.125.24.0-255,4320,60957,42,184279
11737,0.000768,172.31.46.0-255,66,61023,42,184279
11738,0.000794,74.125.24.0-255,1484,62507,42,184279
11739,0.000802,74.125.24.0-255,6797,69304,42,184279
11740,0.000805,172.31.46.0-255,66,69370,42,184279
11741,0.000811,74.125.24.0-255,5738,75108,42,184279
11742,0.000813,172.31.46.0-255,66,75174,42,184279
11743,0.000853,172.31.46.0-255,66,75240,42,184279
11744,0.000857,74.125.24.0-255,2543,77783,42,184279
11745,0.00086,172.31.46.0-255,66,77849,42,184279
11746,0.000939,74.125.24.0-255,349,78198,42,184279
11747,0.001486,172.31.46.0-255,66,78264,42,184279
11748,0.002342,74.125.24.0-255,1484,79748,42,184279
11749,0.002353,74.125.24.0-255,2902,82650,42,184279
11750,0.002357,172.31.46.0-255,66,82716,42,184279
11751,0.002365,74.125.24.0-255,5738,88454,42,184279
11752,0.002367,172.31.46.0-255,66,88520,42,184279
11753,0.002415,172.31.46.0-255,66,88586,42,184279
11754,0.00242,74.125.24.0-255,2902,91488,42,184279
11755,0.002422,172.31.46.0-255,66,91554,42,184279
11756,0.002454,172.31.46.0-255,66,91620,42,184279
11757,0.002462,74.125.24.0-255,7156,98776,42,184279
11758,0.002463,172.31.46.0-255,66,98842,42,184279
11759,0.002517,172.31.46.0-255,66,98908,42,184279
11760,0.002527,172.31.46.0-255,66,98974,42,184279
11761,0.002573,172.31.46.0-255,66,99040,42,184279
11762,0.00263,172.31.46.0-255,66,99106,42,184279
11763,0.002659,172.31.46.0-255,66,99172,42,184279
11764,0.00524,74.125.24.0-255,5738,104910,42,184279
11765,0.005247,172.31.46.0-255,66,104976,42,184279
11766,0.007803,74.125.24.0-255,2902,107878,42,184279
11767,0.007808,172.31.46.0-255,66,107944,42,184279
11768,0.007834,74.125.24.0-255,2902,110846,42,184279
11769,0.007837,172.31.46.0-255,66,110912,42,184279
11770,0.010379,74.125.24.0-255,2902,113814,42,184279
11771,0.010386,172.31.46.0-255,66,113880,42,184279
11772,0.010416,74.125.24.0-255,2902,116782,42,184279
11773,0.010419,172.31.46.0-255,66,116848,42,184279
11774,0.012948,74.125.24.0-255,2902,119750,42,184279
11775,0.012957,172.31.46.0-255,66,119816,42,184279
11776,0.01299,74.125.24.0-255,2902,122718,42,184279
11777,0.012993,172.31.46.0-255,66,122784,42,184279
11778,0.015541,74.125.24.0-255,2902,125686,42,184279
11779,0.01555,172.31.46.0-255,66,125752,42,184279
11780,0.015581,74.125.24.0-255,2902,128654,42,184279
11781,0.015584,172.31.46.0-255,66,128720,42,184279
11782,0.018145,74.125.24.0-255,5738,134458,42,184279
11783,0.018154,172.31.46.0-255,66,134524,42,184279
11784,0.020734,74.125.24.0-255,5738,140262,42,184279
11785,0.020741,172.31.46.0-255,66,140328,42,184279
11786,0.023366,74.125.24.0-255,5738,146066,42,184279
11787,0.023381,172.31.46.0-255,66,146132,42,184279
11788,0.02596,74.125.24.0-255,5738,151870,42,184279
11789,0.025966,172.31.46.0-255,66,151936,42,184279
11790,0.02696,172.31.46.0-255,167,152103,42,184279
11791,0.026991,172.31.46.0-255,1111,153214,42,184279
11792,0.027052,172.31.46.0-255,1514,154728,42,184279
11793,0.027054,172.31.46.0-255,333,155061,42,184279
11794,0.028511,104.244.42.0-255,66,155127,42,184279
11795,0.028549,104.244.42.0-255,66,155193,42,184279
11796,0.02858,104.244.42.0-255,66,155259,42,184279
11797,0.028598,74.125.24.0-255,5738,160997,42,184279
11798,0.028607,172.31.46.0-255,66,161063,42,184279
11799,0.031214,74.125.24.0-255,5738,166801,42,184279
11800,0.03122,172.31.46.0-255,66,166867,42,184279
11801,0.033818,74.125.24.0-255,5738,172605,42,184279
11802,0.033825,172.31.46.0-255,66,172671,42,184279
11803,0.036519,74.125.24.0-255,5738,178409,42,184279
11804,0.036526,172.31.46.0-255,66,178475,42,184279
11805,0.039149,74.125.24.0-255,5738,184213,42,184279
11806,0.039159,172.31.46.0-255,66,184279,42,184279
11807,0.0,74.125.24.0-255,294,294,42,183478
11808,1.5e-05,172.31.46.0-255,66,360,42,183478
11809,2e-05,74.125.24.0-255,1484,1844,42,183478
11810,2.4e-05,172.31.46.0-255,66,1910,42,183478
11811,2.8e-05,74.125.24.0-255,1484,3394,42,183478
11812,3.5e-05,172.31.46.0-255,66,3460,42,183478
11813,5.3e-05,74.125.24.0-255,2902,6362,42,183478
11814,5.6e-05,172.31.46.0-255,66,6428,42,183478
11815,6.3e-05,74.125.24.0-255,5738,12166,42,183478
11816,6.6e-05,172.31.46.0-255,66,12232,42,183478
11817,9.6e-05,74.125.24.0-255,1865,14097,42,183478
11818,9.9e-05,172.31.46.0-255,66,14163,42,183478
11819,0.000107,74.125.24.0-255,7156,21319,42,183478
11820,0.00011,172.31.46.0-255,66,21385,42,183478
11821,0.000141,74.125.24.0-255,7156,28541,42,183478
11822,0.000148,172.31.46.0-255,66,28607,42,183478
11823,0.000153,74.125.24.0-255,2543,31150,42,183478
11824,0.000155,172.31.46.0-255,66,31216,42,183478
11825,0.000174,74.125.24.0-255,1484,32700,42,183478
11826,0.000177,172.31.46.0-255,66,32766,42,183478
11827,0.000182,74.125.24.0-255,2902,35668,42,183478
11828,0.000184,172.31.46.0-255,66,35734,42,183478
11829,0.00019,74.125.24.0-255,5738,41472,42,183478
11830,0.000193,172.31.46.0-255,66,41538,42,183478
11831,0.000225,74.125.24.0-255,5738,47276,42,183478
11832,0.000227,172.31.46.0-255,66,47342,42,183478
11833,0.000261,172.31.46.0-255,66,47408,42,183478
11834,0.000285,74.125.24.0-255,5738,53146,42,183478
11835,0.000287,172.31.46.0-255,66,53212,42,183478
11836,0.000315,74.125.24.0-255,3961,57173,42,183478
11837,0.000318,172.31.46.0-255,66,57239,42,183478
11838,0.000349,74.125.24.0-255,646,57885,42,183478
11839,0.000496,74.125.24.0-255,1484,59369,42,183478
11840,0.000502,74.125.24.0-255,2902,62271,42,183478
11841,0.00051,74.125.24.0-255,5738,68009,42,183478
11842,0.000534,74.125.24.0-255,1484,69493,42,183478
11843,0.000556,74.125.24.0-255,7156,76649,42,183478
11844,0.000578,74.125.24.0-255,2902,79551,42,183478
11845,0.000682,172.31.46.0-255,66,79617,42,183478
11846,0.000859,74.125.24.0-255,1484,81101,42,183478
11847,0.000866,74.125.24.0-255,2902,84003,42,183478
11848,0.000873,74.125.24.0-255,5738,89741,42,183478
11849,0.000878,74.125.24.0-255,2902,92643,42,183478
11850,0.000893,172.31.46.0-255,66,92709,42,183478
11851,0.000922,74.125.24.0-255,4320,97029,42,183478
11852,0.000932,172.31.46.0-255,66,97095,42,183478
11853,0.000984,172.31.46.0-255,66,97161,42,183478
11854,0.000996,74.125.24.0-255,3602,100763,42,183478
11855,0.001005,74.125.24.0-255,2902,103665,42,183478
11856,0.00103,172.31.46.0-255,66,103731,42,183478
11857,0.001097,74.125.24.0-255,4320,108051,42,183478
11858,0.0011,172.31.46.0-255,66,108117,42,183478
11859,0.001114,74.125.24.0-255,4320,112437,42,183478
11860,0.001128,172.31.46.0-255,66,112503,42,183478
11861,0.001133,74.125.24.0-255,3602,116105,42,183478
11862,0.001169,74.125.24.0-255,7156,123261,42,183478
11863,0.001179,172.31.46.0-255,66,123327,42,183478
11864,0.001227,74.125.24.0-255,5020,128347,42,183478
11865,0.001241,172.31.46.0-255,66,128413,42,183478
11866,0.001257,74.125.24.0-255,1484,129897,42,183478
11867,0.001262,74.125.24.0-255,2902,132799,42,183478
11868,0.001276,172.31.46.0-255,66,132865,42,183478
11869,0.001298,74.125.24.0-255,5738,138603,42,183478
11870,0.001304,74.125.24.0-255,4320,142923,42,183478
11871,0.001316,172.31.46.0-255,66,142989,42,183478
11872,0.001404,74.125.24.0-255,4320,147309,42,183478
11873,0.00142,172.31.46.0-255,66,147375,42,183478
11874,0.001478,172.31.46.0-255,66,147441,42,183478
11875,0.001618,74.125.24.0-255,1484,148925,42,183478
11876,0.001625,74.125.24.0-255,2902,151827,42,183478
11877,0.00163,74.125.24.0-255,4320,156147,42,183478
11878,0.001636,172.31.46.0-255,66,156213,42,183478
11879,0.001646,74.125.24.0-255,1484,157697,42,183478
11880,0.001707,74.125.24.0-255,766,158463,42,183478
11881,0.00171,172.31.46.0-255,66,158529,42,183478
11882,0.001946,74.125.24.0-255,1484,160013,42,183478
11883,0.001952,74.125.24.0-255,2902,162915,42,183478
11884,0.001978,74.125.24.0-255,5738,168653,42,183478
11885,0.001984,74.125.24.0-255,5738,174391,42,183478
11886,0.002,74.125.24.0-255,4320,178711,42,183478
11887,0.002008,172.31.46.0-255,66,178777,42,183478
11888,0.002061,172.31.46.0-255,66,178843,42,183478
11889,0.002111,74.125.24.0-255,105,178948,42,183478
11890,0.002127,172.31.46.0-255,66,179014,42,183478
11891,0.012642,172.31.46.0-255,105,179119,42,183478
11892,0.015153,74.125.24.0-255,66,179185,42,183478
11893,0.037903,172.31.46.0-255,172,179357,42,183478
11894,0.037942,172.31.46.0-255,1106,180463,42,183478
11895,0.038006,172.31.46.0-255,1514,181977,42,183478
11896,0.038008,172.31.46.0-255,1303,183280,42,183478
11897,0.039476,104.244.42.0-255,66,183346,42,183478
11898,0.039512,104.244.42.0-255,66,183412,42,183478
11899,0.03955,104.244.42.0-255,66,183478,42,183478
11900,0.0,74.125.68.0-255,153,153,42,337659
11901,1.2e-05,172.31.46.0-255,66,219,42,337659
11902,2.9e-05,74.125.68.0-255,1484,1703,42,337659
11903,3.3e-05,172.31.46.0-255,66,1769,42,337659
11904,5.2e-05,74.125.68.0-255,1484,3253,42,337659
11905,5.4e-05,172.31.46.0-255,66,3319,42,337659
11906,7.9e-05,74.125.68.0-255,2902,6221,42,337659
11907,8.2e-05,172.31.46.0-255,66,6287,42,337659
11908,8.7e-05,74.125.68.0-255,2902,9189,42,337659
11909,9e-05,172.31.46.0-255,66,9255,42,337659
11910,0.000117,74.125.68.0-255,2902,12157,42,337659
11911,0.00012,172.31.46.0-255,66,12223,42,337659
11912,0.000124,74.125.68.0-255,2023,14246,42,337659
11913,0.000126,172.31.46.0-255,66,14312,42,337659
11914,0.00015,74.125.68.0-255,1484,15796,42,337659
11915,0.000152,172.31.46.0-255,66,15862,42,337659
11916,0.000172,74.125.68.0-255,2902,18764,42,337659
11917,0.000175,172.31.46.0-255,66,18830,42,337659
11918,0.000193,74.125.68.0-255,5738,24568,42,337659
11919,0.000196,172.31.46.0-255,66,24634,42,337659
11920,0.000199,74.125.68.0-255,1484,26118,42,337659
11921,0.000202,172.31.46.0-255,66,26184,42,337659
11922,0.000257,74.125.68.0-255,2902,29086,42,337659
11923,0.000261,172.31.46.0-255,66,29152,42,337659
11924,0.000268,74.125.68.0-255,5738,34890,42,337659
11925,0.00027,172.31.46.0-255,66,34956,42,337659
11926,0.000273,74.125.68.0-255,1484,36440,42,337659
11927,0.000275,172.31.46.0-255,66,36506,42,337659
11928,0.000324,74.125.68.0-255,1484,37990,42,337659
11929,0.000326,172.31.46.0-255,66,38056,42,337659
11930,0.000332,74.125.68.0-255,2902,40958,42,337659
11931,0.000334,172.31.46.0-255,66,41024,42,337659
11932,0.000348,74.125.68.0-255,1484,42508,42,337659
11933,0.000362,74.125.68.0-255,2902,45410,42,337659
11934,0.000365,172.31.46.0-255,66,45476,42,337659
11935,0.000404,74.125.68.0-255,3602,49078,42,337659
11936,0.000407,172.31.46.0-255,66,49144,42,337659
11937,0.000616,74.125.68.0-255,1484,50628,42,337659
11938,0.000632,74.125.68.0-255,2902,53530,42,337659
11939,0.000636,172.31.46.0-255,66,53596,42,337659
11940,0.000662,74.125.68.0-255,1484,55080,42,337659
11941,0.000683,74.125.68.0-255,2902,57982,42,337659
11942,0.000686,172.31.46.0-255,66,58048,42,337659
11943,0.000698,74.125.68.0-255,1484,59532,42,337659
11944,0.000715,74.125.68.0-255,2902,62434,42,337659
11945,0.000718,172.31.46.0-255,66,62500,42,337659
11946,0.000763,74.125.68.0-255,4268,66768,42,337659
11947,0.000767,172.31.46.0-255,66,66834,42,337659
11948,0.000837,74.125.68.0-255,1484,68318,42,337659
11949,0.000862,74.125.68.0-255,2902,71220,42,337659
11950,0.000865,172.31.46.0-255,66,71286,42,337659
11951,0.000869,74.125.68.0-255,1484,72770,42,337659
11952,0.000887,74.125.68.0-255,2902,75672,42,337659
11953,0.00089,172.31.46.0-255,66,75738,42,337659
11954,0.000926,74.125.68.0-255,7156,82894,42,337659
11955,0.000929,172.31.46.0-255,66,82960,42,337659
11956,0.00094,172.31.46.0-255,66,83026,42,337659
11957,0.000959,74.125.68.0-255,2902,85928,42,337659
11958,0.000961,172.31.46.0-255,66,85994,42,337659
11959,0.000984,74.125.68.0-255,6438,92432,42,337659
11960,0.000986,172.31.46.0-255,66,92498,42,337659
11961,0.001021,74.125.68.0-255,1484,93982,42,337659
11962,0.001044,74.125.68.0-255,2902,96884,42,337659
11963,0.001046,172.31.46.0-255,66,96950,42,337659
11964,0.001051,74.125.68.0-255,2902,99852,42,337659
11965,0.001053,172.31.46.0-255,66,99918,42,337659
11966,0.001071,74.125.68.0-255,2902,102820,42,337659
11967,0.001073,172.31.46.0-255,66,102886,42,337659
11968,0.001077,74.125.68.0-255,2902,105788,42,337659
11969,0.001079,172.31.46.0-255,66,105854,42,337659
11970,0.001107,74.125.68.0-255,1484,107338,42,337659
11971,0.001135,172.31.46.0-255,66,107404,42,337659
11972,0.001147,172.31.46.0-255,66,107470,42,337659
11973,0.001149,74.125.68.0-255,766,108236,42,337659
11974,0.001257,74.125.68.0-255,1484,109720,42,337659
11975,0.001263,172.31.46.0-255,66,109786,42,337659
11976,0.001268,74.125.68.0-255,1484,111270,42,337659
11977,0.001283,74.125.68.0-255,1484,112754,42,337659
11978,0.001286,172.31.46.0-255,66,112820,42,337659
11979,0.001292,74.125.68.0-255,4320,117140,42,337659
11980,0.001294,172.31.46.0-255,66,117206,42,337659
11981,0.001311,74.125.68.0-255,1484,118690,42,337659
11982,0.001317,74.125.68.0-255,4320,123010,42,337659
11983,0.001319,172.31.46.0-255,66,123076,42,337659
11984,0.001342,74.125.68.0-255,5738,128814,42,337659
11985,0.001345,172.31.46.0-255,66,128880,42,337659
11986,0.001358,172.31.46.0-255,66,128946,42,337659
11987,0.001379,74.125.68.0-255,1484,130430,42,337659
11988,0.001382,74.125.68.0-255,1484,131914,42,337659
11989,0.001385,172.31.46.0-255,66,131980,42,337659
11990,0.0014,74.125.68.0-255,766,132746,42,337659
11991,0.001531,74.125.68.0-255,1484,134230,42,337659
11992,0.001535,172.31.46.0-255,66,134296,42,337659
11993,0.001538,74.125.68.0-255,1484,135780,42,337659
11994,0.001554,74.125.68.0-255,1484,137264,42,337659
11995,0.001556,172.31.46.0-255,66,137330,42,337659
11996,0.001561,74.125.68.0-255,2902,140232,42,337659
11997,0.001563,172.31.46.0-255,66,140298,42,337659
11998,0.001577,74.125.68.0-255,2902,143200,42,337659
11999,0.001579,172.31.46.0-255,66,143266,42,337659
12000,0.001582,74.125.68.0-255,1484,144750,42,337659
12001,0.001587,74.125.68.0-255,2902,147652,42,337659
12002,0.001589,172.31.46.0-255,66,147718,42,337659
12003,0.001594,74.125.68.0-255,4320,152038,42,337659
12004,0.001597,172.31.46.0-255,66,152104,42,337659
12005,0.001612,74.125.68.0-255,1484,153588,42,337659
12006,0.001627,74.125.68.0-255,4320,157908,42,337659
12007,0.00163,172.31.46.0-255,66,157974,42,337659
12008,0.00165,74.125.68.0-255,5738,163712,42,337659
12009,0.001653,172.31.46.0-255,66,163778,42,337659
12010,0.001672,74.125.68.0-255,1484,165262,42,337659
12011,0.001689,74.125.68.0-255,2184,167446,42,337659
12012,0.001692,172.31.46.0-255,66,167512,42,337659
12013,0.001755,74.125.68.0-255,1484,168996,42,337659
12014,0.001768,74.125.68.0-255,2902,171898,42,337659
12015,0.001771,172.31.46.0-255,66,171964,42,337659
12016,0.001826,74.125.68.0-255,4320,176284,42,337659
12017,0.001829,172.31.46.0-255,66,176350,42,337659
12018,0.001856,74.125.68.0-255,5738,182088,42,337659
12019,0.001859,172.31.46.0-255,66,182154,42,337659
12020,0.00188,74.125.68.0-255,5738,187892,42,337659
12021,0.001882,172.31.46.0-255,66,187958,42,337659
12022,0.001905,74.125.68.0-255,4320,192278,42,337659
12023,0.001908,172.31.46.0-255,66,192344,42,337659
12024,0.001929,74.125.68.0-255,4320,196664,42,337659
12025,0.001931,172.31.46.0-255,66,196730,42,337659
12026,0.001954,74.125.68.0-255,5020,201750,42,337659
12027,0.001957,172.31.46.0-255,66,201816,42,337659
12028,0.001994,172.31.46.0-255,66,201882,42,337659
12029,0.002004,74.125.68.0-255,1484,203366,42,337659
12030,0.002009,74.125.68.0-255,4320,207686,42,337659
12031,0.002012,172.31.46.0-255,66,207752,42,337659
12032,0.002042,172.31.46.0-255,66,207818,42,337659
12033,0.002054,172.31.46.0-255,66,207884,42,337659
12034,0.002093,74.125.68.0-255,1484,209368,42,337659
12035,0.002106,74.125.68.0-255,2902,212270,42,337659
12036,0.002108,172.31.46.0-255,66,212336,42,337659
12037,0.002128,74.125.68.0-255,4320,216656,42,337659
12038,0.002131,172.31.46.0-255,66,216722,42,337659
12039,0.00215,74.125.68.0-255,1484,218206,42,337659
12040,0.002158,74.125.68.0-255,7156,225362,42,337659
12041,0.002161,172.31.46.0-255,66,225428,42,337659
12042,0.002192,74.125.68.0-255,7156,232584,42,337659
12043,0.002196,172.31.46.0-255,66,232650,42,337659
12044,0.002217,74.125.68.0-255,4320,236970,42,337659
12045,0.00222,172.31.46.0-255,66,237036,42,337659
12046,0.002278,74.125.68.0-255,5020,242056,42,337659
12047,0.002281,172.31.46.0-255,66,242122,42,337659
12048,0.004566,74.125.68.0-255,5738,247860,42,337659
12049,0.004578,172.31.46.0-255,66,247926,42,337659
12050,0.006876,74.125.68.0-255,5738,253664,42,337659
12051,0.00689,172.31.46.0-255,66,253730,42,337659
12052,0.009163,74.125.68.0-255,4320,258050,42,337659
12053,0.009169,172.31.46.0-255,66,258116,42,337659
12054,0.009188,74.125.68.0-255,1484,259600,42,337659
12055,0.011455,74.125.68.0-255,4320,263920,42,337659
12056,0.011467,172.31.46.0-255,66,263986,42,337659
12057,0.013763,74.125.68.0-255,5738,269724,42,337659
12058,0.013777,172.31.46.0-255,66,269790,42,337659
12059,0.01607,74.125.68.0-255,5738,275528,42,337659
12060,0.016089,172.31.46.0-255,66,275594,42,337659
12061,0.018387,74.125.68.0-255,5738,281332,42,337659
12062,0.018406,172.31.46.0-255,66,281398,42,337659
12063,0.020684,74.125.68.0-255,5738,287136,42,337659
12064,0.020697,172.31.46.0-255,66,287202,42,337659
12065,0.022989,74.125.68.0-255,5738,292940,42,337659
12066,0.023,172.31.46.0-255,66,293006,42,337659
12067,0.025297,74.125.68.0-255,5738,298744,42,337659
12068,0.025313,172.31.46.0-255,66,298810,42,337659
12069,0.027608,74.125.68.0-255,5738,304548,42,337659
12070,0.027626,172.31.46.0-255,66,304614,42,337659
12071,0.029915,74.125.68.0-255,5738,310352,42,337659
12072,0.029932,172.31.46.0-255,66,310418,42,337659
12073,0.032233,74.125.68.0-255,5738,316156,42,337659
12074,0.032247,172.31.46.0-255,66,316222,42,337659
12075,0.034535,74.125.68.0-255,5738,321960,42,337659
12076,0.034551,172.31.46.0-255,66,322026,42,337659
12077,0.036847,74.125.68.0-255,5738,327764,42,337659
12078,0.03686,172.31.46.0-255,66,327830,42,337659
12079,0.039017,172.31.46.0-255,163,327993,42,337659
12080,0.039054,172.31.46.0-255,1145,329138,42,337659
12081,0.03911,172.31.46.0-255,1514,330652,42,337659
12082,0.039112,172.31.46.0-255,1203,331855,42,337659
12083,0.039141,74.125.68.0-255,5738,337593,42,337659
12084,0.039148,172.31.46.0-255,66,337659,42,337659
12085,0.0,74.125.200.0-255,143,143,42,356559
12086,2.2e-05,172.31.46.0-255,66,209,42,356559
12087,2.9e-05,74.125.200.0-255,1484,1693,42,356559
12088,3.3e-05,172.31.46.0-255,66,1759,42,356559
12089,3.7e-05,74.125.200.0-255,2902,4661,42,356559
12090,4e-05,172.31.46.0-255,66,4727,42,356559
12091,4.6e-05,74.125.200.0-255,5738,10465,42,356559
12092,4.8e-05,172.31.46.0-255,66,10531,42,356559
12093,8.3e-05,74.125.200.0-255,1484,12015,42,356559
12094,8.5e-05,172.31.46.0-255,66,12081,42,356559
12095,9e-05,74.125.200.0-255,2126,14207,42,356559
12096,9.1e-05,172.31.46.0-255,66,14273,42,356559
12097,0.000151,74.125.200.0-255,1484,15757,42,356559
12098,0.000153,172.31.46.0-255,66,15823,42,356559
12099,0.000187,74.125.200.0-255,2902,18725,42,356559
12100,0.00019,172.31.46.0-255,66,18791,42,356559
12101,0.000193,74.125.200.0-255,2902,21693,42,356559
12102,0.000195,172.31.46.0-255,66,21759,42,356559
12103,0.000215,74.125.200.0-255,2902,24661,42,356559
12104,0.000217,172.31.46.0-255,66,24727,42,356559
12105,0.000224,74.125.200.0-255,6797,31524,42,356559
12106,0.000226,172.31.46.0-255,66,31590,42,356559
12107,0.000256,74.125.200.0-255,2902,34492,42,356559
12108,0.000258,172.31.46.0-255,66,34558,42,356559
12109,0.000282,74.125.200.0-255,5738,40296,42,356559
12110,0.000284,172.31.46.0-255,66,40362,42,356559
12111,0.000295,172.31.46.0-255,66,40428,42,356559
12112,0.00031,74.125.200.0-255,4320,44748,42,356559
12113,0.000312,172.31.46.0-255,66,44814,42,356559
12114,0.000327,74.125.200.0-255,7156,51970,42,356559
12115,0.000329,172.31.46.0-255,66,52036,42,356559
12116,0.000358,74.125.200.0-255,3932,55968,42,356559
12117,0.000429,172.31.46.0-255,66,56034,42,356559
12118,0.000446,74.125.200.0-255,347,56381,42,356559
12119,0.000757,74.125.200.0-255,1484,57865,42,356559
12120,0.000762,172.31.46.0-255,66,57931,42,356559
12121,0.000767,74.125.200.0-255,1484,59415,42,356559
12122,0.000779,74.125.200.0-255,1484,60899,42,356559
12123,0.000785,74.125.200.0-255,4320,65219,42,356559
12124,0.000799,74.125.200.0-255,1484,66703,42,356559
12125,0.000802,74.125.200.0-255,1484,68187,42,356559
12126,0.000818,172.31.46.0-255,66,68253,42,356559
12127,0.000826,74.125.200.0-255,7156,75409,42,356559
12128,0.000832,172.31.46.0-255,66,75475,42,356559
12129,0.000863,74.125.200.0-255,4320,79795,42,356559
12130,0.000868,172.31.46.0-255,66,79861,42,356559
12131,0.000885,74.125.200.0-255,1484,81345,42,356559
12132,0.000892,74.125.200.0-255,7156,88501,42,356559
12133,0.000899,172.31.46.0-255,66,88567,42,356559
12134,0.000912,74.125.200.0-255,2184,90751,42,356559
12135,0.000939,172.31.46.0-255,66,90817,42,356559
12136,0.001289,74.125.200.0-255,1484,92301,42,356559
12137,0.001309,74.125.200.0-255,2902,95203,42,356559
12138,0.001313,172.31.46.0-255,66,95269,42,356559
12139,0.00132,74.125.200.0-255,5738,101007,42,356559
12140,0.001324,172.31.46.0-255,66,101073,42,356559
12141,0.00135,74.125.200.0-255,4320,105393,42,356559
12142,0.001353,74.125.200.0-255,1484,106877,42,356559
12143,0.001368,74.125.200.0-255,4320,111197,42,356559
12144,0.001374,172.31.46.0-255,66,111263,42,356559
12145,0.001381,74.125.200.0-255,1484,112747,42,356559
12146,0.001404,74.125.200.0-255,7156,119903,42,356559
12147,0.00142,172.31.46.0-255,66,119969,42,356559
12148,0.001436,74.125.200.0-255,5020,124989,42,356559
12149,0.001456,172.31.46.0-255,66,125055,42,356559
12150,0.001781,74.125.200.0-255,1484,126539,42,356559
12151,0.001797,74.125.200.0-255,1484,128023,42,356559
12152,0.001801,172.31.46.0-255,66,128089,42,356559
12153,0.001807,74.125.200.0-255,2902,130991,42,356559
12154,0.00181,74.125.200.0-255,1484,132475,42,356559
12155,0.001824,74.125.200.0-255,4320,136795,42,356559
12156,0.00184,74.125.200.0-255,2902,139697,42,356559
12157,0.001894,74.125.200.0-255,4320,144017,42,356559
12158,0.001912,74.125.200.0-255,6438,150455,42,356559
12159,0.002081,74.125.200.0-255,1484,151939,42,356559
12160,0.002097,74.125.200.0-255,1484,153423,42,356559
12161,0.002142,74.125.200.0-255,2902,156325,42,356559
12162,0.002155,74.125.200.0-255,2902,159227,42,356559
12163,0.002176,74.125.200.0-255,4320,163547,42,356559
12164,0.002197,74.125.200.0-255,7156,170703,42,356559
12165,0.002216,74.125.200.0-255,5738,176441,42,356559
12166,0.002227,74.125.200.0-255,2902,179343,42,356559
12167,0.002238,74.125.200.0-255,1484,180827,42,356559
12168,0.002256,74.125.200.0-255,3602,184429,42,356559
12169,0.002415,74.125.200.0-255,1484,185913,42,356559
12170,0.002422,74.125.200.0-255,2902,188815,42,356559
12171,0.002434,74.125.200.0-255,1484,190299,42,356559
12172,0.002449,74.125.200.0-255,4320,194619,42,356559
12173,0.002452,74.125.200.0-255,1484,196103,42,356559
12174,0.00249,74.125.200.0-255,4320,200423,42,356559
12175,0.00251,74.125.200.0-255,4320,204743,42,356559
12176,0.002512,74.125.200.0-255,1484,206227,42,356559
12177,0.002531,74.125.200.0-255,1484,207711,42,356559
12178,0.002548,74.125.200.0-255,2184,209895,42,356559
12179,0.002628,74.125.200.0-255,1484,211379,42,356559
12180,0.002648,74.125.200.0-255,2902,214281,42,356559
12181,0.002665,74.125.200.0-255,4320,218601,42,356559
12182,0.002684,74.125.200.0-255,2902,221503,42,356559
12183,0.002687,74.125.200.0-255,1484,222987,42,356559
12184,0.002711,74.125.200.0-255,5738,228725,42,356559
12185,0.002726,74.125.200.0-255,2902,231627,42,356559
12186,0.002748,74.125.200.0-255,1484,233111,42,356559
12187,0.002751,74.125.200.0-255,766,233877,42,356559
12188,0.0028,74.125.200.0-255,1484,235361,42,356559
12189,0.002812,74.125.200.0-255,2902,238263,42,356559
12190,0.002839,74.125.200.0-255,4320,242583,42,356559
12191,0.002854,74.125.200.0-255,1484,244067,42,356559
12192,0.002857,74.125.200.0-255,1484,245551,42,356559
12193,0.002872,74.125.200.0-255,2902,248453,42,356559
12194,0.002886,74.125.200.0-255,1484,249937,42,356559
12195,0.002899,74.125.200.0-255,4320,254257,42,356559
12196,0.002901,74.125.200.0-255,1484,255741,42,356559
12197,0.002914,74.125.200.0-255,1484,257225,42,356559
12198,0.002924,74.125.200.0-255,1484,258709,42,356559
12199,0.002928,74.125.200.0-255,1484,260193,42,356559
12200,0.002954,74.125.200.0-255,4320,264513,42,356559
12201,0.002972,74.125.200.0-255,3602,268115,42,356559
12202,0.002977,74.125.200.0-255,4320,272435,42,356559
12203,0.003003,74.125.200.0-255,4320,276755,42,356559
12204,0.003024,74.125.200.0-255,5738,282493,42,356559
12205,0.003029,74.125.200.0-255,4320,286813,42,356559
12206,0.003046,74.125.200.0-255,7156,293969,42,356559
12207,0.003051,74.125.200.0-255,2902,296871,42,356559
12208,0.003066,74.125.200.0-255,4320,301191,42,356559
12209,0.003093,74.125.200.0-255,5738,306929,42,356559
12210,0.003111,74.125.200.0-255,2184,309113,42,356559
12211,0.003116,74.125.200.0-255,4320,313433,42,356559
12212,0.00312,74.125.200.0-255,2902,316335,42,356559
12213,0.003135,74.125.200.0-255,1484,317819,42,356559
12214,0.003174,74.125.200.0-255,2902,320721,42,356559
12215,0.003194,74.125.200.0-255,7156,327877,42,356559
12216,0.0032,74.125.200.0-255,4320,332197,42,356559
12217,0.003205,74.125.200.0-255,3602,335799,42,356559
12218,0.003208,74.125.200.0-255,1484,337283,42,356559
12219,0.003213,74.125.200.0-255,4320,341603,42,356559
12220,0.003217,74.125.200.0-255,2902,344505,42,356559
12221,0.003235,74.125.200.0-255,1484,345989,42,356559
12222,0.003242,74.125.200.0-255,5664,351653,42,356559
12223,0.003245,74.125.200.0-255,97,351750,42,356559
12224,0.003302,74.125.200.0-255,105,351855,42,356559
12225,0.004406,172.31.46.0-255,66,351921,42,356559
12226,0.006292,172.31.46.0-255,105,352026,42,356559
12227,0.008627,74.125.200.0-255,66,352092,42,356559
12228,0.035657,172.31.46.0-255,172,352264,42,356559
12229,0.035687,172.31.46.0-255,1111,353375,42,356559
12230,0.035756,172.31.46.0-255,1514,354889,42,356559
12231,0.035757,172.31.46.0-255,1298,356187,42,356559
12232,0.037163,104.244.42.0-255,66,356253,42,356559
12233,0.037254,104.244.42.0-255,66,356319,42,356559
12234,0.0374,104.244.42.0-255,66,356385,42,356559
12235,0.038142,104.244.42.0-255,108,356493,42,356559
12236,0.03815,172.31.46.0-255,66,356559,42,356559
12237,0.0,172.217.194.0-255,152,152,42,171774
12238,2.3e-05,172.31.46.0-255,66,218,42,171774
12239,3e-05,172.217.194.0-255,1484,1702,42,171774
12240,3.5e-05,172.31.46.0-255,66,1768,42,171774
12241,4e-05,172.217.194.0-255,2902,4670,42,171774
12242,4.4e-05,172.31.46.0-255,66,4736,42,171774
12243,5.2e-05,172.217.194.0-255,7156,11892,42,171774
12244,5.5e-05,172.31.46.0-255,66,11958,42,171774
12245,5.9e-05,172.217.194.0-255,2046,14004,42,171774
12246,6.2e-05,172.31.46.0-255,66,14070,42,171774
12247,0.000142,172.217.194.0-255,1484,15554,42,171774
12248,0.000145,172.31.46.0-255,66,15620,42,171774
12249,0.00015,172.217.194.0-255,1484,17104,42,171774
12250,0.000152,172.31.46.0-255,66,17170,42,171774
12251,0.000176,172.217.194.0-255,1484,18654,42,171774
12252,0.000178,172.31.46.0-255,66,18720,42,171774
12253,0.000184,172.217.194.0-255,5738,24458,42,171774
12254,0.000187,172.31.46.0-255,66,24524,42,171774
12255,0.000191,172.217.194.0-255,2902,27426,42,171774
12256,0.000193,172.31.46.0-255,66,27492,42,171774
12257,0.000241,172.31.46.0-255,66,27558,42,171774
12258,0.000244,172.217.194.0-255,1484,29042,42,171774
12259,0.000246,172.31.46.0-255,66,29108,42,171774
12260,0.000275,172.31.46.0-255,66,29174,42,171774
12261,0.000299,172.217.194.0-255,4320,33494,42,171774
12262,0.000301,172.31.46.0-255,66,33560,42,171774
12263,0.000309,172.217.194.0-255,6438,39998,42,171774
12264,0.000311,172.31.46.0-255,66,40064,42,171774
12265,0.000314,172.217.194.0-255,376,40440,42,171774
12266,0.000316,172.31.46.0-255,66,40506,42,171774
12267,0.000551,172.217.194.0-255,366,40872,42,171774
12268,0.000585,172.217.194.0-255,1484,42356,42,171774
12269,0.000589,172.31.46.0-255,66,42422,42,171774
12270,0.000595,172.217.194.0-255,2902,45324,42,171774
12271,0.000598,172.31.46.0-255,66,45390,42,171774
12272,0.000622,172.217.194.0-255,1484,46874,42,171774
12273,0.00063,172.217.194.0-255,7156,54030,42,171774
12274,0.000633,172.31.46.0-255,66,54096,42,171774
12275,0.000643,172.31.46.0-255,66,54162,42,171774
12276,0.000671,172.217.194.0-255,4320,58482,42,171774
12277,0.000673,172.31.46.0-255,66,58548,42,171774
12278,0.000702,172.31.46.0-255,66,58614,42,171774
12279,0.000723,172.217.194.0-255,4320,62934,42,171774
12280,0.000727,172.31.46.0-255,66,63000,42,171774
12281,0.000736,172.217.194.0-255,2902,65902,42,171774
12282,0.000739,172.31.46.0-255,66,65968,42,171774
12283,0.00075,172.31.46.0-255,66,66034,42,171774
12284,0.000794,172.31.46.0-255,66,66100,42,171774
12285,0.000797,172.217.194.0-255,766,66866,42,171774
12286,0.001204,172.217.194.0-255,1484,68350,42,171774
12287,0.001208,172.31.46.0-255,66,68416,42,171774
12288,0.001222,172.217.194.0-255,2902,71318,42,171774
12289,0.001224,172.31.46.0-255,66,71384,42,171774
12290,0.001231,172.217.194.0-255,5738,77122,42,171774
12291,0.001233,172.31.46.0-255,66,77188,42,171774
12292,0.00127,172.217.194.0-255,4320,81508,42,171774
12293,0.001272,172.31.46.0-255,66,81574,42,171774
12294,0.001292,172.217.194.0-255,4320,85894,42,171774
12295,0.001294,172.31.46.0-255,66,85960,42,171774
12296,0.001299,172.217.194.0-255,2902,88862,42,171774
12297,0.001301,172.31.46.0-255,66,88928,42,171774
12298,0.001331,172.31.46.0-255,66,88994,42,171774
12299,0.001509,172.217.194.0-255,1484,90478,42,171774
12300,0.001514,172.217.194.0-255,2902,93380,42,171774
12301,0.001517,172.31.46.0-255,66,93446,42,171774
12302,0.00154,172.217.194.0-255,5738,99184,42,171774
12303,0.001543,172.31.46.0-255,66,99250,42,171774
12304,0.001548,172.217.194.0-255,4320,103570,42,171774
12305,0.00155,172.31.46.0-255,66,103636,42,171774
12306,0.001578,172.217.194.0-255,7156,110792,42,171774
12307,0.001581,172.31.46.0-255,66,110858,42,171774
12308,0.001601,172.217.194.0-255,4320,115178,42,171774
12309,0.001605,172.31.46.0-255,66,115244,42,171774
12310,0.001615,172.31.46.0-255,66,115310,42,171774
12311,0.001765,172.217.194.0-255,1484,116794,42,171774
12312,0.001771,172.217.194.0-255,2902,119696,42,171774
12313,0.001774,172.31.46.0-255,66,119762,42,171774
12314,0.001781,172.217.194.0-255,5738,125500,42,171774
12315,0.001783,172.31.46.0-255,66,125566,42,171774
12316,0.001786,172.217.194.0-255,1484,127050,42,171774
12317,0.001815,172.31.46.0-255,66,127116,42,171774
12318,0.001826,172.31.46.0-255,66,127182,42,171774
12319,0.001829,172.217.194.0-255,766,127948,42,171774
12320,0.001903,172.217.194.0-255,1484,129432,42,171774
12321,0.001908,172.217.194.0-255,2902,132334,42,171774
12322,0.001913,172.31.46.0-255,66,132400,42,171774
12323,0.001916,172.31.46.0-255,66,132466,42,171774
12324,0.001936,172.217.194.0-255,5738,138204,42,171774
12325,0.001939,172.31.46.0-255,66,138270,42,171774
12326,0.001957,172.217.194.0-255,2902,141172,42,171774
12327,0.001959,172.31.46.0-255,66,141238,42,171774
12328,0.002002,172.31.46.0-255,66,141304,42,171774
12329,0.002013,172.31.46.0-255,66,141370,42,171774
12330,0.00202,172.217.194.0-255,7156,148526,42,171774
12331,0.002023,172.31.46.0-255,66,148592,42,171774
12332,0.002042,172.217.194.0-255,4320,152912,42,171774
12333,0.002045,172.31.46.0-255,66,152978,42,171774
12334,0.002071,172.217.194.0-255,2184,155162,42,171774
12335,0.002074,172.31.46.0-255,66,155228,42,171774
12336,0.002089,172.31.46.0-255,66,155294,42,171774
12337,0.0021,172.31.46.0-255,66,155360,42,171774
12338,0.002114,172.217.194.0-255,2902,158262,42,171774
12339,0.002119,172.31.46.0-255,66,158328,42,171774
12340,0.002154,172.31.46.0-255,66,158394,42,171774
12341,0.002169,172.217.194.0-255,5738,164132,42,171774
12342,0.002226,172.31.46.0-255,66,164198,42,171774
12343,0.002279,172.31.46.0-255,66,164264,42,171774
12344,0.002316,172.217.194.0-255,105,164369,42,171774
12345,0.00234,172.31.46.0-255,66,164435,42,171774
12346,0.004308,172.31.46.0-255,105,164540,42,171774
12347,0.006922,172.217.194.0-255,66,164606,42,171774
12348,0.03049,172.31.46.0-255,172,164778,42,171774
12349,0.030525,172.31.46.0-255,1111,165889,42,171774
12350,0.030593,172.31.46.0-255,1514,167403,42,171774
12351,0.030596,172.31.46.0-255,1514,168917,42,171774
12352,0.0306,172.31.46.0-255,1514,170431,42,171774
12353,0.030601,172.31.46.0-255,1079,171510,42,171774
12354,0.032167,104.244.42.0-255,66,171576,42,171774
12355,0.032225,104.244.42.0-255,66,171642,42,171774
12356,0.03228,104.244.42.0-255,66,171708,42,171774
12357,0.032293,104.244.42.0-255,66,171774,42,171774
12358,0.0,74.125.68.0-255,152,152,42,370137
12359,2.8e-05,172.31.46.0-255,66,218,42,370137
12360,3.6e-05,74.125.68.0-255,1484,1702,42,370137
12361,4e-05,172.31.46.0-255,66,1768,42,370137
12362,5.4e-05,74.125.68.0-255,2902,4670,42,370137
12363,5.7e-05,172.31.46.0-255,66,4736,42,370137
12364,6.1e-05,74.125.68.0-255,1484,6220,42,370137
12365,6.4e-05,172.31.46.0-255,66,6286,42,370137
12366,6.9e-05,74.125.68.0-255,2902,9188,42,370137
12367,7.1e-05,172.31.46.0-255,66,9254,42,370137
12368,0.000107,74.125.68.0-255,4823,14077,42,370137
12369,0.00011,172.31.46.0-255,66,14143,42,370137
12370,0.00014,74.125.68.0-255,1484,15627,42,370137
12371,0.000143,172.31.46.0-255,66,15693,42,370137
12372,0.000165,74.125.68.0-255,2902,18595,42,370137
12373,0.000167,172.31.46.0-255,66,18661,42,370137
12374,0.000173,74.125.68.0-255,2902,21563,42,370137
12375,0.000175,172.31.46.0-255,66,21629,42,370137
12376,0.00021,74.125.68.0-255,2902,24531,42,370137
12377,0.000213,172.31.46.0-255,66,24597,42,370137
12378,0.000217,74.125.68.0-255,2902,27499,42,370137
12379,0.000219,172.31.46.0-255,66,27565,42,370137
12380,0.000226,74.125.68.0-255,3961,31526,42,370137
12381,0.000231,172.31.46.0-255,66,31592,42,370137
12382,0.000244,74.125.68.0-255,4320,35912,42,370137
12383,0.000247,172.31.46.0-255,66,35978,42,370137
12384,0.000252,74.125.68.0-255,4320,40298,42,370137
12385,0.000257,172.31.46.0-255,66,40364,42,370137
12386,0.000283,74.125.68.0-255,1484,41848,42,370137
12387,0.000285,172.31.46.0-255,66,41914,42,370137
12388,0.00029,74.125.68.0-255,2902,44816,42,370137
12389,0.000292,172.31.46.0-255,66,44882,42,370137
12390,0.000317,74.125.68.0-255,3961,48843,42,370137
12391,0.000333,172.31.46.0-255,66,48909,42,370137
12392,0.001072,74.125.68.0-255,1484,50393,42,370137
12393,0.001083,74.125.68.0-255,2902,53295,42,370137
12394,0.001088,172.31.46.0-255,66,53361,42,370137
12395,0.001116,74.125.68.0-255,1484,54845,42,370137
12396,0.001121,74.125.68.0-255,2902,57747,42,370137
12397,0.001127,74.125.68.0-255,5738,63485,42,370137
12398,0.00114,74.125.68.0-255,2543,66028,42,370137
12399,0.001156,172.31.46.0-255,66,66094,42,370137
12400,0.001285,74.125.68.0-255,1484,67578,42,370137
12401,0.00129,74.125.68.0-255,2902,70480,42,370137
12402,0.001294,74.125.68.0-255,1484,71964,42,370137
12403,0.001327,74.125.68.0-255,2902,74866,42,370137
12404,0.001334,74.125.68.0-255,5738,80604,42,370137
12405,0.001355,74.125.68.0-255,6797,87401,42,370137
12406,0.001378,74.125.68.0-255,1484,88885,42,370137
12407,0.001386,172.31.46.0-255,66,88951,42,370137
12408,0.001397,74.125.68.0-255,5738,94689,42,370137
12409,0.001408,74.125.68.0-255,5959,100648,42,370137
12410,0.001421,172.31.46.0-255,66,100714,42,370137
12411,0.00186,74.125.68.0-255,1484,102198,42,370137
12412,0.001879,74.125.68.0-255,2902,105100,42,370137
12413,0.001882,172.31.46.0-255,66,105166,42,370137
12414,0.001889,74.125.68.0-255,5738,110904,42,370137
12415,0.001912,74.125.68.0-255,2902,113806,42,370137
12416,0.001927,74.125.68.0-255,4320,118126,42,370137
12417,0.001939,172.31.46.0-255,66,118192,42,370137
12418,0.001965,74.125.68.0-255,5738,123930,42,370137
12419,0.001982,74.125.68.0-255,1484,125414,42,370137
12420,0.001991,172.31.46.0-255,66,125480,42,370137
12421,0.002004,74.125.68.0-255,7156,132636,42,370137
12422,0.00202,74.125.68.0-255,1484,134120,42,370137
12423,0.002022,74.125.68.0-255,766,134886,42,370137
12424,0.00204,172.31.46.0-255,66,134952,42,370137
12425,0.002235,74.125.68.0-255,1484,136436,42,370137
12426,0.002258,74.125.68.0-255,1484,137920,42,370137
12427,0.002262,172.31.46.0-255,66,137986,42,370137
12428,0.002271,74.125.68.0-255,2902,140888,42,370137
12429,0.002282,172.31.46.0-255,66,140954,42,370137
12430,0.002302,74.125.68.0-255,5738,146692,42,370137
12431,0.002308,74.125.68.0-255,4320,151012,42,370137
12432,0.002311,74.125.68.0-255,1484,152496,42,370137
12433,0.002327,172.31.46.0-255,66,152562,42,370137
12434,0.002341,74.125.68.0-255,7156,159718,42,370137
12435,0.002366,172.31.46.0-255,66,159784,42,370137
12436,0.002373,74.125.68.0-255,1484,161268,42,370137
12437,0.002402,74.125.68.0-255,4320,165588,42,370137
12438,0.002405,74.125.68.0-255,1484,167072,42,370137
12439,0.002408,74.125.68.0-255,1484,168556,42,370137
12440,0.002411,74.125.68.0-255,766,169322,42,370137
12441,0.002424,172.31.46.0-255,66,169388,42,370137
12442,0.003207,74.125.68.0-255,1484,170872,42,370137
12443,0.003216,74.125.68.0-255,2902,173774,42,370137
12444,0.00322,172.31.46.0-255,66,173840,42,370137
12445,0.003243,74.125.68.0-255,4320,178160,42,370137
12446,0.003277,74.125.68.0-255,1484,179644,42,370137
12447,0.003285,172.31.46.0-255,66,179710,42,370137
12448,0.003314,74.125.68.0-255,4320,184030,42,370137
12449,0.00332,74.125.68.0-255,5738,189768,42,370137
12450,0.003326,74.125.68.0-255,5020,194788,42,370137
12451,0.003349,172.31.46.0-255,66,194854,42,370137
12452,0.003378,74.125.68.0-255,1484,196338,42,370137
12453,0.003382,74.125.68.0-255,1484,197822,42,370137
12454,0.0034,74.125.68.0-255,1484,199306,42,370137
12455,0.003405,74.125.68.0-255,2902,202208,42,370137
12456,0.003415,172.31.46.0-255,66,202274,42,370137
12457,0.003424,74.125.68.0-255,2902,205176,42,370137
12458,0.003433,74.125.68.0-255,2902,208078,42,370137
12459,0.003439,172.31.46.0-255,66,208144,42,370137
12460,0.003455,74.125.68.0-255,2902,211046,42,370137
12461,0.003467,74.125.68.0-255,1484,212530,42,370137
12462,0.00348,172.31.46.0-255,66,212596,42,370137
12463,0.003487,74.125.68.0-255,5738,218334,42,370137
12464,0.003492,172.31.46.0-255,66,218400,42,370137
12465,0.003546,172.31.46.0-255,66,218466,42,370137
12466,0.003942,74.125.68.0-255,1484,219950,42,370137
12467,0.00397,74.125.68.0-255,2902,222852,42,370137
12468,0.003974,172.31.46.0-255,66,222918,42,370137
12469,0.003978,74.125.68.0-255,1484,224402,42,370137
12470,0.003982,74.125.68.0-255,2902,227304,42,370137
12471,0.004012,74.125.68.0-255,5738,233042,42,370137
12472,0.004015,74.125.68.0-255,1484,234526,42,370137
12473,0.00404,74.125.68.0-255,7156,241682,42,370137
12474,0.004056,74.125.68.0-255,2902,244584,42,370137
12475,0.004085,74.125.68.0-255,5738,250322,42,370137
12476,0.0041,74.125.68.0-255,2184,252506,42,370137
12477,0.004242,74.125.68.0-255,1484,253990,42,370137
12478,0.004263,74.125.68.0-255,2902,256892,42,370137
12479,0.00427,74.125.68.0-255,5738,262630,42,370137
12480,0.004339,74.125.68.0-255,2902,265532,42,370137
12481,0.004373,74.125.68.0-255,5738,271270,42,370137
12482,0.004379,74.125.68.0-255,5020,276290,42,370137
12483,0.004419,74.125.68.0-255,1484,277774,42,370137
12484,0.004434,74.125.68.0-255,2902,280676,42,370137
12485,0.004454,74.125.68.0-255,5738,286414,42,370137
12486,0.004458,74.125.68.0-255,1484,287898,42,370137
12487,0.004472,74.125.68.0-255,1484,289382,42,370137
12488,0.004475,74.125.68.0-255,1484,290866,42,370137
12489,0.004518,74.125.68.0-255,4320,295186,42,370137
12490,0.004523,74.125.68.0-255,2902,298088,42,370137
12491,0.004548,74.125.68.0-255,4320,302408,42,370137
12492,0.004555,74.125.68.0-255,7156,309564,42,370137
12493,0.004558,74.125.68.0-255,766,310330,42,370137
12494,0.004571,74.125.68.0-255,4320,314650,42,370137
12495,0.004593,74.125.68.0-255,5738,320388,42,370137
12496,0.004598,74.125.68.0-255,2902,323290,42,370137
12497,0.004634,74.125.68.0-255,1484,324774,42,370137
12498,0.004639,74.125.68.0-255,2902,327676,42,370137
12499,0.004641,74.125.68.0-255,1484,329160,42,370137
12500,0.004647,74.125.68.0-255,4320,333480,42,370137
12501,0.004652,74.125.68.0-255,4320,337800,42,370137
12502,0.004667,74.125.68.0-255,1484,339284,42,370137
12503,0.004694,74.125.68.0-255,5020,344304,42,370137
12504,0.004699,172.31.46.0-255,66,344370,42,370137
12505,0.004712,74.125.68.0-255,2902,347272,42,370137
12506,0.004723,172.31.46.0-255,66,347338,42,370137
12507,0.004731,74.125.68.0-255,2902,350240,42,370137
12508,0.004736,74.125.68.0-255,5738,355978,42,370137
12509,0.004755,74.125.68.0-255,2902,358880,42,370137
12510,0.004788,74.125.68.0-255,2902,361782,42,370137
12511,0.004792,172.31.46.0-255,66,361848,42,370137
12512,0.004797,172.31.46.0-255,66,361914,42,370137
12513,0.004813,74.125.68.0-255,4689,366603,42,370137
12514,0.004835,74.125.68.0-255,105,366708,42,370137
12515,0.004847,172.31.46.0-255,66,366774,42,370137
12516,0.00603,172.31.46.0-255,105,366879,42,370137
12517,0.00822,74.125.68.0-255,66,366945,42,370137
12518,0.035231,172.31.46.0-255,167,367112,42,370137
12519,0.035264,172.31.46.0-255,1111,368223,42,370137
12520,0.035327,172.31.46.0-255,1514,369737,42,370137
12521,0.035356,172.31.46.0-255,334,370071,42,370137
12522,0.037484,104.244.42.0-255,66,370137,42,370137
12523,0.0,216.58.203.0-255,153,153,42,212779
12524,1.5e-05,172.31.46.0-255,66,219,42,212779
12525,2.2e-05,216.58.203.0-255,1484,1703,42,212779
12526,2.7e-05,172.31.46.0-255,66,1769,42,212779
12527,4e-05,216.58.203.0-255,2902,4671,42,212779
12528,4.5e-05,172.31.46.0-255,66,4737,42,212779
12529,5.2e-05,216.58.203.0-255,5738,10475,42,212779
12530,5.5e-05,172.31.46.0-255,66,10541,42,212779
12531,7.9e-05,216.58.203.0-255,2902,13443,42,212779
12532,8.3e-05,172.31.46.0-255,66,13509,42,212779
12533,0.000107,216.58.203.0-255,3500,17009,42,212779
12534,0.000114,172.31.46.0-255,66,17075,42,212779
12535,0.00013,172.31.46.0-255,66,17141,42,212779
12536,0.000169,216.58.203.0-255,1484,18625,42,212779
12537,0.000172,172.31.46.0-255,66,18691,42,212779
12538,0.000177,216.58.203.0-255,2902,21593,42,212779
12539,0.000179,172.31.46.0-255,66,21659,42,212779
12540,0.000183,216.58.203.0-255,1484,23143,42,212779
12541,0.000186,172.31.46.0-255,66,23209,42,212779
12542,0.00022,216.58.203.0-255,4320,27529,42,212779
12543,0.000223,172.31.46.0-255,66,27595,42,212779
12544,0.00023,216.58.203.0-255,6797,34392,42,212779
12545,0.000233,172.31.46.0-255,66,34458,42,212779
12546,0.000255,216.58.203.0-255,1484,35942,42,212779
12547,0.000257,172.31.46.0-255,66,36008,42,212779
12548,0.000261,216.58.203.0-255,1484,37492,42,212779
12549,0.000264,172.31.46.0-255,66,37558,42,212779
12550,0.000291,216.58.203.0-255,1484,39042,42,212779
12551,0.000294,172.31.46.0-255,66,39108,42,212779
12552,0.000301,216.58.203.0-255,5738,44846,42,212779
12553,0.000303,172.31.46.0-255,66,44912,42,212779
12554,0.000311,216.58.203.0-255,7089,52001,42,212779
12555,0.000314,172.31.46.0-255,66,52067,42,212779
12556,0.000737,216.58.203.0-255,384,52451,42,212779
12557,0.000848,216.58.203.0-255,1484,53935,42,212779
12558,0.000853,172.31.46.0-255,66,54001,42,212779
12559,0.000859,216.58.203.0-255,2902,56903,42,212779
12560,0.000861,172.31.46.0-255,66,56969,42,212779
12561,0.000892,216.58.203.0-255,5738,62707,42,212779
12562,0.000894,172.31.46.0-255,66,62773,42,212779
12563,0.000926,172.31.46.0-255,66,62839,42,212779
12564,0.000954,216.58.203.0-255,5379,68218,42,212779
12565,0.000958,172.31.46.0-255,66,68284,42,212779
12566,0.000969,172.31.46.0-255,66,68350,42,212779
12567,0.000975,216.58.203.0-255,4320,72670,42,212779
12568,0.000977,172.31.46.0-255,66,72736,42,212779
12569,0.001009,216.58.203.0-255,5738,78474,42,212779
12570,0.001013,172.31.46.0-255,66,78540,42,212779
12571,0.00102,216.58.203.0-255,6249,84789,42,212779
12572,0.001022,172.31.46.0-255,66,84855,42,212779
12573,0.002757,216.58.203.0-255,5738,90593,42,212779
12574,0.002764,172.31.46.0-255,66,90659,42,212779
12575,0.004498,216.58.203.0-255,4320,94979,42,212779
12576,0.004503,172.31.46.0-255,66,95045,42,212779
12577,0.004533,216.58.203.0-255,1484,96529,42,212779
12578,0.006241,216.58.203.0-255,4320,100849,42,212779
12579,0.006245,172.31.46.0-255,66,100915,42,212779
12580,0.007977,216.58.203.0-255,5738,106653,42,212779
12581,0.007985,172.31.46.0-255,66,106719,42,212779
12582,0.009719,216.58.203.0-255,5738,112457,42,212779
12583,0.009727,172.31.46.0-255,66,112523,42,212779
12584,0.011486,216.58.203.0-255,5738,118261,42,212779
12585,0.011493,172.31.46.0-255,66,118327,42,212779
12586,0.01324,216.58.203.0-255,5738,124065,42,212779
12587,0.013248,172.31.46.0-255,66,124131,42,212779
12588,0.015001,216.58.203.0-255,5738,129869,42,212779
12589,0.015009,172.31.46.0-255,66,129935,42,212779
12590,0.016865,216.58.203.0-255,5738,135673,42,212779
12591,0.016873,172.31.46.0-255,66,135739,42,212779
12592,0.018613,216.58.203.0-255,4320,140059,42,212779
12593,0.01862,172.31.46.0-255,66,140125,42,212779
12594,0.018643,216.58.203.0-255,1484,141609,42,212779
12595,0.020346,216.58.203.0-255,4320,145929,42,212779
12596,0.020353,172.31.46.0-255,66,145995,42,212779
12597,0.022081,216.58.203.0-255,5738,151733,42,212779
12598,0.022088,172.31.46.0-255,66,151799,42,212779
12599,0.023834,216.58.203.0-255,4320,156119,42,212779
12600,0.023838,172.31.46.0-255,66,156185,42,212779
12601,0.023861,216.58.203.0-255,1484,157669,42,212779
12602,0.024783,172.31.46.0-255,171,157840,42,212779
12603,0.024809,172.31.46.0-255,1131,158971,42,212779
12604,0.024861,172.31.46.0-255,1514,160485,42,212779
12605,0.024863,172.31.46.0-255,1278,161763,42,212779
12606,0.025622,216.58.203.0-255,4320,166083,42,212779
12607,0.025628,172.31.46.0-255,66,166149,42,212779
12608,0.026435,104.244.42.0-255,66,166215,42,212779
12609,0.02648,104.244.42.0-255,66,166281,42,212779
12610,0.026581,104.244.42.0-255,66,166347,42,212779
12611,0.027406,216.58.203.0-255,5738,172085,42,212779
12612,0.027411,172.31.46.0-255,66,172151,42,212779
12613,0.029152,216.58.203.0-255,5738,177889,42,212779
12614,0.029158,172.31.46.0-255,66,177955,42,212779
12615,0.030897,216.58.203.0-255,5738,183693,42,212779
12616,0.030904,172.31.46.0-255,66,183759,42,212779
12617,0.032635,216.58.203.0-255,5738,189497,42,212779
12618,0.032641,172.31.46.0-255,66,189563,42,212779
12619,0.034387,216.58.203.0-255,5738,195301,42,212779
12620,0.034393,172.31.46.0-255,66,195367,42,212779
12621,0.036128,216.58.203.0-255,5738,201105,42,212779
12622,0.036134,172.31.46.0-255,66,201171,42,212779
12623,0.037877,216.58.203.0-255,5738,206909,42,212779
12624,0.037883,172.31.46.0-255,66,206975,42,212779
12625,0.039626,216.58.203.0-255,5738,212713,42,212779
12626,0.039632,172.31.46.0-255,66,212779,42,212779
12627,0.0,172.217.194.0-255,153,153,42,291543
12628,1.7e-05,172.31.46.0-255,66,219,42,291543
12629,2.3e-05,172.217.194.0-255,1484,1703,42,291543
12630,2.9e-05,172.31.46.0-255,66,1769,42,291543
12631,3.5e-05,172.217.194.0-255,2902,4671,42,291543
12632,3.9e-05,172.31.46.0-255,66,4737,42,291543
12633,4.7e-05,172.217.194.0-255,5738,10475,42,291543
12634,5e-05,172.31.46.0-255,66,10541,42,291543
12635,6.8e-05,172.217.194.0-255,1484,12025,42,291543
12636,7e-05,172.31.46.0-255,66,12091,42,291543
12637,7.9e-05,172.217.194.0-255,7156,19247,42,291543
12638,8.1e-05,172.31.46.0-255,66,19313,42,291543
12639,0.000103,172.217.194.0-255,6254,25567,42,291543
12640,0.000105,172.31.46.0-255,66,25633,42,291543
12641,0.000135,172.217.194.0-255,5379,31012,42,291543
12642,0.000138,172.31.46.0-255,66,31078,42,291543
12643,0.000417,172.217.194.0-255,1484,32562,42,291543
12644,0.000424,172.31.46.0-255,66,32628,42,291543
12645,0.000428,172.217.194.0-255,1484,34112,42,291543
12646,0.000431,172.31.46.0-255,66,34178,42,291543
12647,0.000447,172.217.194.0-255,1484,35662,42,291543
12648,0.00045,172.31.46.0-255,66,35728,42,291543
12649,0.000457,172.217.194.0-255,5738,41466,42,291543
12650,0.000461,172.31.46.0-255,66,41532,42,291543
12651,0.000464,172.217.194.0-255,1484,43016,42,291543
12652,0.000466,172.31.46.0-255,66,43082,42,291543
12653,0.000482,172.217.194.0-255,4320,47402,42,291543
12654,0.000485,172.31.46.0-255,66,47468,42,291543
12655,0.000505,172.217.194.0-255,1125,48593,42,291543
12656,0.000507,172.31.46.0-255,66,48659,42,291543
12657,0.000528,172.217.194.0-255,2902,51561,42,291543
12658,0.000531,172.31.46.0-255,66,51627,42,291543
12659,0.000551,172.217.194.0-255,1484,53111,42,291543
12660,0.000554,172.31.46.0-255,66,53177,42,291543
12661,0.000561,172.217.194.0-255,5738,58915,42,291543
12662,0.000577,172.217.194.0-255,5738,64653,42,291543
12663,0.000591,172.217.194.0-255,1438,66091,42,291543
12664,0.000594,172.217.194.0-255,364,66455,42,291543
12665,0.000719,172.31.46.0-255,66,66521,42,291543
12666,0.000826,172.217.194.0-255,1484,68005,42,291543
12667,0.000849,172.217.194.0-255,2902,70907,42,291543
12668,0.000857,172.217.194.0-255,5738,76645,42,291543
12669,0.000906,172.217.194.0-255,2902,79547,42,291543
12670,0.000914,172.217.194.0-255,7156,86703,42,291543
12671,0.000944,172.217.194.0-255,3602,90305,42,291543
12672,0.000959,172.31.46.0-255,66,90371,42,291543
12673,0.001614,172.217.194.0-255,1484,91855,42,291543
12674,0.001619,172.217.194.0-255,1484,93339,42,291543
12675,0.001623,172.31.46.0-255,66,93405,42,291543
12676,0.001635,172.217.194.0-255,1484,94889,42,291543
12677,0.001657,172.217.194.0-255,5738,100627,42,291543
12678,0.001663,172.217.194.0-255,4320,104947,42,291543
12679,0.001684,172.217.194.0-255,2902,107849,42,291543
12680,0.001699,172.217.194.0-255,4320,112169,42,291543
12681,0.001728,172.217.194.0-255,2184,114353,42,291543
12682,0.001758,172.31.46.0-255,66,114419,42,291543
12683,0.001897,172.217.194.0-255,1484,115903,42,291543
12684,0.001903,172.217.194.0-255,2902,118805,42,291543
12685,0.001906,172.217.194.0-255,1484,120289,42,291543
12686,0.001924,172.217.194.0-255,4320,124609,42,291543
12687,0.001933,172.31.46.0-255,66,124675,42,291543
12688,0.001944,172.217.194.0-255,2902,127577,42,291543
12689,0.001949,172.31.46.0-255,66,127643,42,291543
12690,0.002002,172.217.194.0-255,1484,129127,42,291543
12691,0.00201,172.217.194.0-255,7156,136283,42,291543
12692,0.002026,172.217.194.0-255,7156,143439,42,291543
12693,0.002034,172.31.46.0-255,66,143505,42,291543
12694,0.002071,172.217.194.0-255,5738,149243,42,291543
12695,0.002093,172.31.46.0-255,66,149309,42,291543
12696,0.002118,172.217.194.0-255,3602,152911,42,291543
12697,0.002149,172.31.46.0-255,66,152977,42,291543
12698,0.002158,172.217.194.0-255,1484,154461,42,291543
12699,0.002171,172.217.194.0-255,1484,155945,42,291543
12700,0.002196,172.31.46.0-255,66,156011,42,291543
12701,0.002202,172.217.194.0-255,3602,159613,42,291543
12702,0.002208,172.217.194.0-255,5738,165351,42,291543
12703,0.002214,172.31.46.0-255,66,165417,42,291543
12704,0.002226,172.217.194.0-255,4320,169737,42,291543
12705,0.002243,172.217.194.0-255,4320,174057,42,291543
12706,0.002262,172.217.194.0-255,4320,178377,42,291543
12707,0.002269,172.217.194.0-255,7156,185533,42,291543
12708,0.002277,172.31.46.0-255,66,185599,42,291543
12709,0.002284,172.31.46.0-255,66,185665,42,291543
12710,0.002295,172.217.194.0-255,7156,192821,42,291543
12711,0.002332,172.31.46.0-255,66,192887,42,291543
12712,0.002371,172.217.194.0-255,2184,195071,42,291543
12713,0.002381,172.31.46.0-255,66,195137,42,291543
12714,0.002402,172.217.194.0-255,1484,196621,42,291543
12715,0.002404,172.217.194.0-255,1484,198105,42,291543
12716,0.00241,172.31.46.0-255,66,198171,42,291543
12717,0.002424,172.217.194.0-255,1484,199655,42,291543
12718,0.002429,172.217.194.0-255,4320,203975,42,291543
12719,0.002449,172.217.194.0-255,5738,209713,42,291543
12720,0.002452,172.31.46.0-255,66,209779,42,291543
12721,0.002457,172.31.46.0-255,66,209845,42,291543
12722,0.002476,172.217.194.0-255,4320,214165,42,291543
12723,0.002487,172.31.46.0-255,66,214231,42,291543
12724,0.002504,172.217.194.0-255,7156,221387,42,291543
12725,0.002511,172.217.194.0-255,5738,227125,42,291543
12726,0.00252,172.31.46.0-255,66,227191,42,291543
12727,0.00253,172.217.194.0-255,2184,229375,42,291543
12728,0.002567,172.31.46.0-255,66,229441,42,291543
12729,0.002642,172.217.194.0-255,1484,230925,42,291543
12730,0.002664,172.217.194.0-255,2902,233827,42,291543
12731,0.002669,172.217.194.0-255,2902,236729,42,291543
12732,0.002676,172.31.46.0-255,66,236795,42,291543
12733,0.002685,172.217.194.0-255,2902,239697,42,291543
12734,0.002687,172.217.194.0-255,1484,241181,42,291543
12735,0.002694,172.31.46.0-255,66,241247,42,291543
12736,0.002707,172.217.194.0-255,5738,246985,42,291543
12737,0.002726,172.31.46.0-255,66,247051,42,291543
12738,0.002738,172.217.194.0-255,7156,254207,42,291543
12739,0.002743,172.31.46.0-255,66,254273,42,291543
12740,0.002754,172.217.194.0-255,5738,260011,42,291543
12741,0.00277,172.217.194.0-255,1484,261495,42,291543
12742,0.002773,172.217.194.0-255,1484,262979,42,291543
12743,0.002782,172.31.46.0-255,66,263045,42,291543
12744,0.00548,172.217.194.0-255,5738,268783,42,291543
12745,0.005487,172.31.46.0-255,66,268849,42,291543
12746,0.008182,172.217.194.0-255,5738,274587,42,291543
12747,0.010656,172.31.46.0-255,66,274653,42,291543
12748,0.013403,172.217.194.0-255,5738,280391,42,291543
12749,0.013413,172.31.46.0-255,66,280457,42,291543
12750,0.016108,172.217.194.0-255,5738,286195,42,291543
12751,0.016116,172.31.46.0-255,66,286261,42,291543
12752,0.018788,172.217.194.0-255,760,287021,42,291543
12753,0.018909,172.31.46.0-255,66,287087,42,291543
12754,0.018943,172.31.46.0-255,105,287192,42,291543
12755,0.021618,172.217.194.0-255,66,287258,42,291543
12756,0.030007,172.31.46.0-255,164,287422,42,291543
12757,0.030035,172.31.46.0-255,1119,288541,42,291543
12758,0.030086,172.31.46.0-255,1514,290055,42,291543
12759,0.030088,172.31.46.0-255,1290,291345,42,291543
12760,0.031667,104.244.42.0-255,66,291411,42,291543
12761,0.031697,104.244.42.0-255,66,291477,42,291543
12762,0.031717,104.244.42.0-255,66,291543,42,291543
12763,0.0,172.217.194.0-255,153,153,42,275198
12764,1.7e-05,172.31.46.0-255,66,219,42,275198
12765,2.4e-05,172.217.194.0-255,1484,1703,42,275198
12766,2.8e-05,172.31.46.0-255,66,1769,42,275198
12767,4.2e-05,172.217.194.0-255,2902,4671,42,275198
12768,4.5e-05,172.31.46.0-255,66,4737,42,275198
12769,5.2e-05,172.217.194.0-255,5738,10475,42,275198
12770,5.5e-05,172.31.46.0-255,66,10541,42,275198
12771,7.1e-05,172.217.194.0-255,1484,12025,42,275198
12772,7.4e-05,172.31.46.0-255,66,12091,42,275198
12773,0.000105,172.217.194.0-255,2022,14113,42,275198
12774,0.000107,172.31.46.0-255,66,14179,42,275198
12775,0.000111,172.217.194.0-255,1484,15663,42,275198
12776,0.000114,172.31.46.0-255,66,15729,42,275198
12777,0.000133,172.217.194.0-255,2902,18631,42,275198
12778,0.000141,172.31.46.0-255,66,18697,42,275198
12779,0.000146,172.217.194.0-255,4320,23017,42,275198
12780,0.000148,172.31.46.0-255,66,23083,42,275198
12781,0.000189,172.217.194.0-255,5738,28821,42,275198
12782,0.000192,172.31.46.0-255,66,28887,42,275198
12783,0.000217,172.217.194.0-255,2543,31430,42,275198
12784,0.000219,172.31.46.0-255,66,31496,42,275198
12785,0.00024,172.217.194.0-255,1484,32980,42,275198
12786,0.000243,172.31.46.0-255,66,33046,42,275198
12787,0.000247,172.217.194.0-255,2902,35948,42,275198
12788,0.00025,172.31.46.0-255,66,36014,42,275198
12789,0.000285,172.217.194.0-255,5738,41752,42,275198
12790,0.000287,172.31.46.0-255,66,41818,42,275198
12791,0.000292,172.217.194.0-255,2902,44720,42,275198
12792,0.000294,172.31.46.0-255,66,44786,42,275198
12793,0.000317,172.217.194.0-255,3961,48747,42,275198
12794,0.000324,172.31.46.0-255,66,48813,42,275198
12795,0.000348,172.217.194.0-255,5738,54551,42,275198
12796,0.000351,172.31.46.0-255,66,54617,42,275198
12797,0.000376,172.217.194.0-255,2902,57519,42,275198
12798,0.000378,172.31.46.0-255,66,57585,42,275198
12799,0.000399,172.217.194.0-255,4320,61905,42,275198
12800,0.000402,172.31.46.0-255,66,61971,42,275198
12801,0.000407,172.217.194.0-255,4214,66185,42,275198
12802,0.000409,172.31.46.0-255,66,66251,42,275198
12803,0.000436,172.217.194.0-255,434,66685,42,275198
12804,0.00065,172.217.194.0-255,1484,68169,42,275198
12805,0.000656,172.31.46.0-255,66,68235,42,275198
12806,0.000692,172.217.194.0-255,2902,71137,42,275198
12807,0.000696,172.31.46.0-255,66,71203,42,275198
12808,0.000702,172.217.194.0-255,5738,76941,42,275198
12809,0.000705,172.31.46.0-255,66,77007,42,275198
12810,0.000715,172.217.194.0-255,4320,81327,42,275198
12811,0.000717,172.31.46.0-255,66,81393,42,275198
12812,0.000782,172.31.46.0-255,66,81459,42,275198
12813,0.00081,172.217.194.0-255,1484,82943,42,275198
12814,0.00083,172.31.46.0-255,66,83009,42,275198
12815,0.000925,172.217.194.0-255,1484,84493,42,275198
12816,0.000943,172.217.194.0-255,2902,87395,42,275198
12817,0.000961,172.31.46.0-255,66,87461,42,275198
12818,0.000969,172.217.194.0-255,5738,93199,42,275198
12819,0.000972,172.31.46.0-255,66,93265,42,275198
12820,0.001041,172.31.46.0-255,66,93331,42,275198
12821,0.001046,172.217.194.0-255,5738,99069,42,275198
12822,0.001049,172.31.46.0-255,66,99135,42,275198
12823,0.001055,172.217.194.0-255,5020,104155,42,275198
12824,0.001057,172.31.46.0-255,66,104221,42,275198
12825,0.001345,172.217.194.0-255,1484,105705,42,275198
12826,0.001363,172.217.194.0-255,2902,108607,42,275198
12827,0.001368,172.31.46.0-255,66,108673,42,275198
12828,0.001375,172.217.194.0-255,5738,114411,42,275198
12829,0.001377,172.31.46.0-255,66,114477,42,275198
12830,0.001407,172.217.194.0-255,4320,118797,42,275198
12831,0.00141,172.31.46.0-255,66,118863,42,275198
12832,0.001448,172.31.46.0-255,66,118929,42,275198
12833,0.001639,172.217.194.0-255,1484,120413,42,275198
12834,0.001655,172.217.194.0-255,2902,123315,42,275198
12835,0.001674,172.217.194.0-255,2902,126217,42,275198
12836,0.001694,172.217.194.0-255,1484,127701,42,275198
12837,0.001722,172.217.194.0-255,7156,134857,42,275198
12838,0.00175,172.217.194.0-255,1484,136341,42,275198
12839,0.001762,172.217.194.0-255,1484,137825,42,275198
12840,0.001824,172.217.194.0-255,7156,144981,42,275198
12841,0.001841,172.217.194.0-255,766,145747,42,275198
12842,0.001845,172.217.194.0-255,2902,148649,42,275198
12843,0.001866,172.217.194.0-255,5738,154387,42,275198
12844,0.001928,172.217.194.0-255,5738,160125,42,275198
12845,0.00195,172.217.194.0-255,5020,165145,42,275198
12846,0.001975,172.217.194.0-255,1484,166629,42,275198
12847,0.00199,172.217.194.0-255,2902,169531,42,275198
12848,0.002,172.217.194.0-255,1484,171015,42,275198
12849,0.002015,172.217.194.0-255,4320,175335,42,275198
12850,0.002018,172.217.194.0-255,1484,176819,42,275198
12851,0.002033,172.217.194.0-255,2902,179721,42,275198
12852,0.002055,172.217.194.0-255,2902,182623,42,275198
12853,0.00208,172.217.194.0-255,4320,186943,42,275198
12854,0.002096,172.217.194.0-255,3602,190545,42,275198
12855,0.005234,172.31.46.0-255,66,190611,42,275198
12856,0.007587,172.217.194.0-255,5738,196349,42,275198
12857,0.007596,172.31.46.0-255,66,196415,42,275198
12858,0.00997,172.217.194.0-255,5738,202153,42,275198
12859,0.009985,172.31.46.0-255,66,202219,42,275198
12860,0.012342,172.217.194.0-255,5738,207957,42,275198
12861,0.012358,172.31.46.0-255,66,208023,42,275198
12862,0.014751,172.217.194.0-255,5738,213761,42,275198
12863,0.014766,172.31.46.0-255,66,213827,42,275198
12864,0.017094,172.217.194.0-255,5738,219565,42,275198
12865,0.017105,172.31.46.0-255,66,219631,42,275198
12866,0.01948,172.217.194.0-255,5738,225369,42,275198
12867,0.019491,172.31.46.0-255,66,225435,42,275198
12868,0.021842,172.217.194.0-255,5738,231173,42,275198
12869,0.021852,172.31.46.0-255,66,231239,42,275198
12870,0.024191,172.217.194.0-255,5738,236977,42,275198
12871,0.024205,172.31.46.0-255,66,237043,42,275198
12872,0.026536,172.217.194.0-255,5738,242781,42,275198
12873,0.026546,172.31.46.0-255,66,242847,42,275198
12874,0.028905,172.217.194.0-255,5738,248585,42,275198
12875,0.028914,172.31.46.0-255,66,248651,42,275198
12876,0.031277,172.217.194.0-255,5738,254389,42,275198
12877,0.031291,172.31.46.0-255,66,254455,42,275198
12878,0.033545,172.31.46.0-255,172,254627,42,275198
12879,0.033585,172.31.46.0-255,1111,255738,42,275198
12880,0.033629,172.217.194.0-255,5738,261476,42,275198
12881,0.033637,172.31.46.0-255,66,261542,42,275198
12882,0.033755,172.31.46.0-255,1514,263056,42,275198
12883,0.033757,172.31.46.0-255,336,263392,42,275198
12884,0.035061,104.244.42.0-255,66,263458,42,275198
12885,0.035099,104.244.42.0-255,66,263524,42,275198
12886,0.035295,104.244.42.0-255,66,263590,42,275198
12887,0.035963,172.217.194.0-255,5738,269328,42,275198
12888,0.03597,172.31.46.0-255,66,269394,42,275198
12889,0.038298,172.217.194.0-255,5738,275132,42,275198
12890,0.038311,172.31.46.0-255,66,275198,42,275198
12891,0.0,172.31.46.0-255,105,105,42,459
12892,0.00026,172.31.46.0-255,90,195,42,459
12893,0.000272,172.31.46.0-255,66,261,42,459
12894,0.002543,74.125.68.0-255,66,327,42,459
12895,0.002574,74.125.68.0-255,66,393,42,459
12896,0.002596,172.31.46.0-255,66,459,42,459
12897,0.0,172.217.194.0-255,156,156,42,182850
12898,1.6e-05,172.31.46.0-255,66,222,42,182850
12899,2.3e-05,172.217.194.0-255,1484,1706,42,182850
12900,2.8e-05,172.31.46.0-255,66,1772,42,182850
12901,4e-05,172.217.194.0-255,2902,4674,42,182850
12902,4.3e-05,172.31.46.0-255,66,4740,42,182850
12903,5e-05,172.217.194.0-255,7156,11896,42,182850
12904,5.3e-05,172.31.46.0-255,66,11962,42,182850
12905,7.6e-05,172.217.194.0-255,2098,14060,42,182850
12906,8.3e-05,172.31.46.0-255,66,14126,42,182850
12907,0.000126,172.217.194.0-255,1484,15610,42,182850
12908,0.000129,172.31.46.0-255,66,15676,42,182850
12909,0.000133,172.217.194.0-255,2902,18578,42,182850
12910,0.000135,172.31.46.0-255,66,18644,42,182850
12911,0.000157,172.217.194.0-255,5738,24382,42,182850
12912,0.000159,172.31.46.0-255,66,24448,42,182850
12913,0.000193,172.217.194.0-255,6797,31245,42,182850
12914,0.000196,172.31.46.0-255,66,31311,42,182850
12915,0.00028,172.217.194.0-255,1484,32795,42,182850
12916,0.000284,172.31.46.0-255,66,32861,42,182850
12917,0.000289,172.217.194.0-255,2902,35763,42,182850
12918,0.000291,172.31.46.0-255,66,35829,42,182850
12919,0.000294,172.217.194.0-255,1484,37313,42,182850
12920,0.000297,172.31.46.0-255,66,37379,42,182850
12921,0.000342,172.217.194.0-255,4320,41699,42,182850
12922,0.000345,172.31.46.0-255,66,41765,42,182850
12923,0.000356,172.31.46.0-255,66,41831,42,182850
12924,0.000366,172.31.46.0-255,66,41897,42,182850
12925,0.000392,172.217.194.0-255,7076,48973,42,182850
12926,0.000394,172.31.46.0-255,66,49039,42,182850
12927,0.00042,172.217.194.0-255,119,49158,42,182850
12928,0.000627,172.217.194.0-255,376,49534,42,182850
12929,0.000798,172.217.194.0-255,1484,51018,42,182850
12930,0.000803,172.31.46.0-255,66,51084,42,182850
12931,0.000809,172.217.194.0-255,2902,53986,42,182850
12932,0.000811,172.31.46.0-255,66,54052,42,182850
12933,0.000816,172.217.194.0-255,4320,58372,42,182850
12934,0.000818,172.31.46.0-255,66,58438,42,182850
12935,0.000846,172.217.194.0-255,1484,59922,42,182850
12936,0.000861,172.31.46.0-255,66,59988,42,182850
12937,0.000873,172.31.46.0-255,66,60054,42,182850
12938,0.000894,172.217.194.0-255,766,60820,42,182850
12939,0.001313,172.217.194.0-255,1484,62304,42,182850
12940,0.00132,172.31.46.0-255,66,62370,42,182850
12941,0.001327,172.217.194.0-255,2902,65272,42,182850
12942,0.001329,172.31.46.0-255,66,65338,42,182850
12943,0.001335,172.217.194.0-255,4320,69658,42,182850
12944,0.001342,172.31.46.0-255,66,69724,42,182850
12945,0.001382,172.217.194.0-255,1484,71208,42,182850
12946,0.001395,172.31.46.0-255,66,71274,42,182850
12947,0.001406,172.31.46.0-255,66,71340,42,182850
12948,0.001452,172.217.194.0-255,1484,72824,42,182850
12949,0.001476,172.217.194.0-255,2902,75726,42,182850
12950,0.001478,172.31.46.0-255,66,75792,42,182850
12951,0.001484,172.217.194.0-255,5738,81530,42,182850
12952,0.001486,172.31.46.0-255,66,81596,42,182850
12953,0.001512,172.217.194.0-255,7156,88752,42,182850
12954,0.001514,172.31.46.0-255,66,88818,42,182850
12955,0.001538,172.217.194.0-255,5738,94556,42,182850
12956,0.00154,172.31.46.0-255,66,94622,42,182850
12957,0.001555,172.31.46.0-255,66,94688,42,182850
12958,0.001593,172.217.194.0-255,1484,96172,42,182850
12959,0.001598,172.217.194.0-255,2902,99074,42,182850
12960,0.0016,172.31.46.0-255,66,99140,42,182850
12961,0.001606,172.217.194.0-255,5738,104878,42,182850
12962,0.001608,172.31.46.0-255,66,104944,42,182850
12963,0.001635,172.31.46.0-255,66,105010,42,182850
12964,0.001657,172.217.194.0-255,2902,107912,42,182850
12965,0.001659,172.31.46.0-255,66,107978,42,182850
12966,0.001704,172.31.46.0-255,66,108044,42,182850
12967,0.001715,172.31.46.0-255,66,108110,42,182850
12968,0.001746,172.31.46.0-255,66,108176,42,182850
12969,0.001751,172.217.194.0-255,3602,111778,42,182850
12970,0.001753,172.31.46.0-255,66,111844,42,182850
12971,0.001758,172.217.194.0-255,4320,116164,42,182850
12972,0.00176,172.31.46.0-255,66,116230,42,182850
12973,0.001763,172.217.194.0-255,1484,117714,42,182850
12974,0.001806,172.31.46.0-255,66,117780,42,182850
12975,0.001823,172.31.46.0-255,66,117846,42,182850
12976,0.001858,172.217.194.0-255,6438,124284,42,182850
12977,0.001861,172.31.46.0-255,66,124350,42,182850
12978,0.001888,172.217.194.0-255,1484,125834,42,182850
12979,0.001892,172.217.194.0-255,2902,128736,42,182850
12980,0.001894,172.31.46.0-255,66,128802,42,182850
12981,0.001897,172.217.194.0-255,1484,130286,42,182850
12982,0.001919,172.217.194.0-255,4320,134606,42,182850
12983,0.001922,172.31.46.0-255,66,134672,42,182850
12984,0.001934,172.31.46.0-255,66,134738,42,182850
12985,0.001942,172.217.194.0-255,4320,139058,42,182850
12986,0.001944,172.31.46.0-255,66,139124,42,182850
12987,0.001971,172.217.194.0-255,6438,145562,42,182850
12988,0.001974,172.31.46.0-255,66,145628,42,182850
12989,0.001998,172.217.194.0-255,2902,148530,42,182850
12990,0.002,172.31.46.0-255,66,148596,42,182850
12991,0.002042,172.31.46.0-255,66,148662,42,182850
12992,0.002093,172.31.46.0-255,66,148728,42,182850
12993,0.002122,172.31.46.0-255,66,148794,42,182850
12994,0.002137,172.31.46.0-255,66,148860,42,182850
12995,0.002142,172.217.194.0-255,5020,153880,42,182850
12996,0.002144,172.31.46.0-255,66,153946,42,182850
12997,0.002168,172.217.194.0-255,1484,155430,42,182850
12998,0.002188,172.217.194.0-255,2902,158332,42,182850
12999,0.00219,172.31.46.0-255,66,158398,42,182850
13000,0.002194,172.217.194.0-255,2902,161300,42,182850
13001,0.002196,172.31.46.0-255,66,161366,42,182850
13002,0.002217,172.217.194.0-255,2902,164268,42,182850
13003,0.002219,172.31.46.0-255,66,164334,42,182850
13004,0.002226,172.217.194.0-255,7156,171490,42,182850
13005,0.002228,172.31.46.0-255,66,171556,42,182850
13006,0.002248,172.217.194.0-255,1484,173040,42,182850
13007,0.002275,172.217.194.0-255,5105,178145,42,182850
13008,0.002277,172.31.46.0-255,66,178211,42,182850
13009,0.00451,172.217.194.0-255,105,178316,42,182850
13010,0.006862,172.31.46.0-255,66,178382,42,182850
13011,0.006895,172.31.46.0-255,105,178487,42,182850
13012,0.009115,172.217.194.0-255,66,178553,42,182850
13013,0.028571,172.31.46.0-255,176,178729,42,182850
13014,0.028608,172.31.46.0-255,1106,179835,42,182850
13015,0.028667,172.31.46.0-255,1514,181349,42,182850
13016,0.028668,172.31.46.0-255,1303,182652,42,182850
13017,0.030139,104.244.42.0-255,66,182718,42,182850
13018,0.030178,104.244.42.0-255,66,182784,42,182850
13019,0.030221,104.244.42.0-255,66,182850,42,182850
13020,0.0,74.125.200.0-255,155,155,42,237145
13021,2.4e-05,172.31.46.0-255,66,221,42,237145
13022,3.1e-05,74.125.200.0-255,1484,1705,42,237145
13023,3.6e-05,172.31.46.0-255,66,1771,42,237145
13024,4.2e-05,74.125.200.0-255,2902,4673,42,237145
13025,4.6e-05,172.31.46.0-255,66,4739,42,237145
13026,5e-05,74.125.200.0-255,1484,6223,42,237145
13027,5.2e-05,172.31.46.0-255,66,6289,42,237145
13028,5.7e-05,74.125.200.0-255,2902,9191,42,237145
13029,6e-05,172.31.46.0-255,66,9257,42,237145
13030,6.4e-05,74.125.200.0-255,1484,10741,42,237145
13031,6.6e-05,172.31.46.0-255,66,10807,42,237145
13032,0.000103,74.125.200.0-255,4877,15684,42,237145
13033,0.000106,172.31.46.0-255,66,15750,42,237145
13034,0.000113,74.125.200.0-255,5738,21488,42,237145
13035,0.000115,172.31.46.0-255,66,21554,42,237145
13036,0.000122,74.125.200.0-255,7156,28710,42,237145
13037,0.000124,172.31.46.0-255,66,28776,42,237145
13038,0.000142,74.125.200.0-255,2543,31319,42,237145
13039,0.000144,172.31.46.0-255,66,31385,42,237145
13040,0.000342,74.125.200.0-255,1484,32869,42,237145
13041,0.000347,172.31.46.0-255,66,32935,42,237145
13042,0.000354,74.125.200.0-255,2902,35837,42,237145
13043,0.000356,172.31.46.0-255,66,35903,42,237145
13044,0.000387,74.125.200.0-255,5738,41641,42,237145
13045,0.000389,172.31.46.0-255,66,41707,42,237145
13046,0.000398,74.125.200.0-255,6797,48504,42,237145
13047,0.0004,172.31.46.0-255,66,48570,42,237145
13048,0.000671,74.125.200.0-255,1484,50054,42,237145
13049,0.000676,172.31.46.0-255,66,50120,42,237145
13050,0.000683,74.125.200.0-255,2902,53022,42,237145
13051,0.000685,172.31.46.0-255,66,53088,42,237145
13052,0.000719,74.125.200.0-255,5738,58826,42,237145
13053,0.000721,74.125.200.0-255,1484,60310,42,237145
13054,0.000728,172.31.46.0-255,66,60376,42,237145
13055,0.000741,74.125.200.0-255,2902,63278,42,237145
13056,0.000761,74.125.200.0-255,2543,65821,42,237145
13057,0.000767,172.31.46.0-255,66,65887,42,237145
13058,0.000805,74.125.200.0-255,2902,68789,42,237145
13059,0.000808,74.125.200.0-255,1484,70273,42,237145
13060,0.000815,172.31.46.0-255,66,70339,42,237145
13061,0.000824,74.125.200.0-255,2902,73241,42,237145
13062,0.000827,74.125.200.0-255,1484,74725,42,237145
13063,0.000831,172.31.46.0-255,66,74791,42,237145
13064,0.000842,74.125.200.0-255,4320,79111,42,237145
13065,0.000874,74.125.200.0-255,6797,85908,42,237145
13066,0.000878,74.125.200.0-255,1484,87392,42,237145
13067,0.000899,74.125.200.0-255,5738,93130,42,237145
13068,0.000904,172.31.46.0-255,66,93196,42,237145
13069,0.000922,74.125.200.0-255,2902,96098,42,237145
13070,0.000932,172.31.46.0-255,66,96164,42,237145
13071,0.000952,74.125.200.0-255,4540,100704,42,237145
13072,0.000958,172.31.46.0-255,66,100770,42,237145
13073,0.001072,74.125.200.0-255,1484,102254,42,237145
13074,0.001088,74.125.200.0-255,2902,105156,42,237145
13075,0.001093,74.125.200.0-255,2902,108058,42,237145
13076,0.001111,74.125.200.0-255,2902,110960,42,237145
13077,0.001115,74.125.200.0-255,2902,113862,42,237145
13078,0.001129,172.31.46.0-255,66,113928,42,237145
13079,0.001135,74.125.200.0-255,4320,118248,42,237145
13080,0.00114,74.125.200.0-255,4320,122568,42,237145
13081,0.001146,172.31.46.0-255,66,122634,42,237145
13082,0.001173,74.125.200.0-255,4320,126954,42,237145
13083,0.001222,172.31.46.0-255,66,127020,42,237145
13084,0.001967,74.125.200.0-255,1484,128504,42,237145
13085,0.001977,74.125.200.0-255,2902,131406,42,237145
13086,0.001983,172.31.46.0-255,66,131472,42,237145
13087,0.001989,74.125.200.0-255,2902,134374,42,237145
13088,0.002005,74.125.200.0-255,2902,137276,42,237145
13089,0.002008,74.125.200.0-255,1484,138760,42,237145
13090,0.002025,74.125.200.0-255,7156,145916,42,237145
13091,0.002028,74.125.200.0-255,1484,147400,42,237145
13092,0.002069,74.125.200.0-255,5020,152420,42,237145
13093,0.007675,172.31.46.0-255,66,152486,42,237145
13094,0.009827,74.125.200.0-255,5738,158224,42,237145
13095,0.009836,172.31.46.0-255,66,158290,42,237145
13096,0.011987,74.125.200.0-255,5738,164028,42,237145
13097,0.01276,172.31.46.0-255,66,164094,42,237145
13098,0.01491,74.125.200.0-255,5738,169832,42,237145
13099,0.014922,172.31.46.0-255,66,169898,42,237145
13100,0.017092,74.125.200.0-255,5738,175636,42,237145
13101,0.0171,172.31.46.0-255,66,175702,42,237145
13102,0.019237,74.125.200.0-255,5738,181440,42,237145
13103,0.019244,172.31.46.0-255,66,181506,42,237145
13104,0.021388,74.125.200.0-255,5738,187244,42,237145
13105,0.021397,172.31.46.0-255,66,187310,42,237145
13106,0.023541,74.125.200.0-255,5738,193048,42,237145
13107,0.02355,172.31.46.0-255,66,193114,42,237145
13108,0.025682,74.125.200.0-255,4320,197434,42,237145
13109,0.025689,172.31.46.0-255,66,197500,42,237145
13110,0.025708,74.125.200.0-255,1484,198984,42,237145
13111,0.027846,74.125.200.0-255,4320,203304,42,237145
13112,0.027852,172.31.46.0-255,66,203370,42,237145
13113,0.028343,172.31.46.0-255,172,203542,42,237145
13114,0.028384,172.31.46.0-255,1110,204652,42,237145
13115,0.028437,172.31.46.0-255,1514,206166,42,237145
13116,0.028439,172.31.46.0-255,1299,207465,42,237145
13117,0.030017,104.244.42.0-255,66,207531,42,237145
13118,0.030046,104.244.42.0-255,66,207597,42,237145
13119,0.030077,74.125.200.0-255,5738,213335,42,237145
13120,0.030105,104.244.42.0-255,66,213401,42,237145
13121,0.030129,172.31.46.0-255,66,213467,42,237145
13122,0.032281,74.125.200.0-255,5738,219205,42,237145
13123,0.032288,172.31.46.0-255,66,219271,42,237145
13124,0.034415,74.125.200.0-255,2902,222173,42,237145
13125,0.034421,172.31.46.0-255,66,222239,42,237145
13126,0.034438,74.125.200.0-255,2902,225141,42,237145
13127,0.034463,172.31.46.0-255,66,225207,42,237145
13128,0.036567,74.125.200.0-255,2902,228109,42,237145
13129,0.036572,172.31.46.0-255,66,228175,42,237145
13130,0.036594,74.125.200.0-255,2902,231077,42,237145
13131,0.036615,172.31.46.0-255,66,231143,42,237145
13132,0.038708,74.125.200.0-255,2902,234045,42,237145
13133,0.038715,172.31.46.0-255,66,234111,42,237145
13134,0.038752,74.125.200.0-255,1484,235595,42,237145
13135,0.038766,74.125.200.0-255,1484,237079,42,237145
13136,0.038773,172.31.46.0-255,66,237145,42,237145
13137,0.0,74.125.200.0-255,153,153,42,342305
13138,2.6e-05,172.31.46.0-255,66,219,42,342305
13139,3.3e-05,74.125.200.0-255,1484,1703,42,342305
13140,3.7e-05,172.31.46.0-255,66,1769,42,342305
13141,4.4e-05,74.125.200.0-255,2902,4671,42,342305
13142,4.7e-05,172.31.46.0-255,66,4737,42,342305
13143,5.2e-05,74.125.200.0-255,2902,7639,42,342305
13144,5.5e-05,172.31.46.0-255,66,7705,42,342305
13145,6.1e-05,74.125.200.0-255,4320,12025,42,342305
13146,6.4e-05,172.31.46.0-255,66,12091,42,342305
13147,9.2e-05,74.125.200.0-255,2027,14118,42,342305
13148,9.5e-05,172.31.46.0-255,66,14184,42,342305
13149,0.000112,74.125.200.0-255,2902,17086,42,342305
13150,0.000114,172.31.46.0-255,66,17152,42,342305
13151,0.000138,74.125.200.0-255,4320,21472,42,342305
13152,0.000141,172.31.46.0-255,66,21538,42,342305
13153,0.000163,74.125.200.0-255,1484,23022,42,342305
13154,0.000165,172.31.46.0-255,66,23088,42,342305
13155,0.000174,74.125.200.0-255,7156,30244,42,342305
13156,0.000176,172.31.46.0-255,66,30310,42,342305
13157,0.000179,74.125.200.0-255,1125,31435,42,342305
13158,0.000181,172.31.46.0-255,66,31501,42,342305
13159,0.000281,74.125.200.0-255,1484,32985,42,342305
13160,0.000285,172.31.46.0-255,66,33051,42,342305
13161,0.000288,74.125.200.0-255,1484,34535,42,342305
13162,0.00029,172.31.46.0-255,66,34601,42,342305
13163,0.000294,74.125.200.0-255,1484,36085,42,342305
13164,0.000296,172.31.46.0-255,66,36151,42,342305
13165,0.00032,74.125.200.0-255,1484,37635,42,342305
13166,0.000323,172.31.46.0-255,66,37701,42,342305
13167,0.000329,74.125.200.0-255,5738,43439,42,342305
13168,0.000332,172.31.46.0-255,66,43505,42,342305
13169,0.000336,74.125.200.0-255,2902,46407,42,342305
13170,0.000338,172.31.46.0-255,66,46473,42,342305
13171,0.000365,74.125.200.0-255,3961,50434,42,342305
13172,0.000368,172.31.46.0-255,66,50500,42,342305
13173,0.000375,74.125.200.0-255,7156,57656,42,342305
13174,0.000377,172.31.46.0-255,66,57722,42,342305
13175,0.000395,74.125.200.0-255,4320,62042,42,342305
13176,0.000398,172.31.46.0-255,66,62108,42,342305
13177,0.000423,74.125.200.0-255,3961,66069,42,342305
13178,0.000426,172.31.46.0-255,66,66135,42,342305
13179,0.000429,74.125.200.0-255,402,66537,42,342305
13180,0.000456,74.125.200.0-255,372,66909,42,342305
13181,0.00083,74.125.200.0-255,1484,68393,42,342305
13182,0.000837,172.31.46.0-255,66,68459,42,342305
13183,0.000843,74.125.200.0-255,2902,71361,42,342305
13184,0.000845,172.31.46.0-255,66,71427,42,342305
13185,0.000848,74.125.200.0-255,1484,72911,42,342305
13186,0.000852,74.125.200.0-255,1484,74395,42,342305
13187,0.000854,172.31.46.0-255,66,74461,42,342305
13188,0.000872,74.125.200.0-255,1484,75945,42,342305
13189,0.00088,74.125.200.0-255,5738,81683,42,342305
13190,0.000882,172.31.46.0-255,66,81749,42,342305
13191,0.000885,74.125.200.0-255,1484,83233,42,342305
13192,0.000908,74.125.200.0-255,7156,90389,42,342305
13193,0.000911,172.31.46.0-255,66,90455,42,342305
13194,0.000915,74.125.200.0-255,2902,93357,42,342305
13195,0.000918,172.31.46.0-255,66,93423,42,342305
13196,0.000938,74.125.200.0-255,7156,100579,42,342305
13197,0.00094,172.31.46.0-255,66,100645,42,342305
13198,0.000943,74.125.200.0-255,766,101411,42,342305
13199,0.001016,74.125.200.0-255,1484,102895,42,342305
13200,0.001019,172.31.46.0-255,66,102961,42,342305
13201,0.001037,74.125.200.0-255,2902,105863,42,342305
13202,0.00104,172.31.46.0-255,66,105929,42,342305
13203,0.001046,74.125.200.0-255,4320,110249,42,342305
13204,0.001048,172.31.46.0-255,66,110315,42,342305
13205,0.0011,74.125.200.0-255,5738,116053,42,342305
13206,0.001103,172.31.46.0-255,66,116119,42,342305
13207,0.001116,172.31.46.0-255,66,116185,42,342305
13208,0.001132,74.125.200.0-255,1484,117669,42,342305
13209,0.001138,74.125.200.0-255,4320,121989,42,342305
13210,0.00114,172.31.46.0-255,66,122055,42,342305
13211,0.001152,74.125.200.0-255,1484,123539,42,342305
13212,0.001171,74.125.200.0-255,2184,125723,42,342305
13213,0.001174,172.31.46.0-255,66,125789,42,342305
13214,0.001177,74.125.200.0-255,1484,127273,42,342305
13215,0.001201,74.125.200.0-255,2902,130175,42,342305
13216,0.001204,172.31.46.0-255,66,130241,42,342305
13217,0.001209,74.125.200.0-255,2902,133143,42,342305
13218,0.001212,172.31.46.0-255,66,133209,42,342305
13219,0.001227,74.125.200.0-255,2902,136111,42,342305
13220,0.001229,172.31.46.0-255,66,136177,42,342305
13221,0.001237,74.125.200.0-255,7156,143333,42,342305
13222,0.00124,172.31.46.0-255,66,143399,42,342305
13223,0.001257,74.125.200.0-255,7156,150555,42,342305
13224,0.001259,172.31.46.0-255,66,150621,42,342305
13225,0.001287,74.125.200.0-255,7156,157777,42,342305
13226,0.00129,172.31.46.0-255,66,157843,42,342305
13227,0.001326,74.125.200.0-255,2184,160027,42,342305
13228,0.001329,172.31.46.0-255,66,160093,42,342305
13229,0.001349,74.125.200.0-255,2902,162995,42,342305
13230,0.001352,172.31.46.0-255,66,163061,42,342305
13231,0.00136,74.125.200.0-255,7156,170217,42,342305
13232,0.001362,172.31.46.0-255,66,170283,42,342305
13233,0.001365,74.125.200.0-255,1484,171767,42,342305
13234,0.001392,74.125.200.0-255,7156,178923,42,342305
13235,0.001394,172.31.46.0-255,66,178989,42,342305
13236,0.001416,74.125.200.0-255,4320,183309,42,342305
13237,0.001419,172.31.46.0-255,66,183375,42,342305
13238,0.00144,74.125.200.0-255,4320,187695,42,342305
13239,0.001442,172.31.46.0-255,66,187761,42,342305
13240,0.001463,74.125.200.0-255,4320,192081,42,342305
13241,0.001466,172.31.46.0-255,66,192147,42,342305
13242,0.00147,74.125.200.0-255,2184,194331,42,342305
13243,0.001472,172.31.46.0-255,66,194397,42,342305
13244,0.001495,74.125.200.0-255,2902,197299,42,342305
13245,0.001497,172.31.46.0-255,66,197365,42,342305
13246,0.001505,74.125.200.0-255,7156,204521,42,342305
13247,0.001527,172.31.46.0-255,66,204587,42,342305
13248,0.001532,74.125.200.0-255,2902,207489,42,342305
13249,0.001535,172.31.46.0-255,66,207555,42,342305
13250,0.001538,74.125.200.0-255,1484,209039,42,342305
13251,0.001572,172.31.46.0-255,66,209105,42,342305
13252,0.001583,172.31.46.0-255,66,209171,42,342305
13253,0.001614,74.125.200.0-255,1484,210655,42,342305
13254,0.001618,74.125.200.0-255,1484,212139,42,342305
13255,0.00162,172.31.46.0-255,66,212205,42,342305
13256,0.001636,74.125.200.0-255,1484,213689,42,342305
13257,0.001648,74.125.200.0-255,1484,215173,42,342305
13258,0.00165,172.31.46.0-255,66,215239,42,342305
13259,0.001675,74.125.200.0-255,4320,219559,42,342305
13260,0.001677,172.31.46.0-255,66,219625,42,342305
13261,0.001688,74.125.200.0-255,7156,226781,42,342305
13262,0.001691,172.31.46.0-255,66,226847,42,342305
13263,0.001696,74.125.200.0-255,4320,231167,42,342305
13264,0.001698,172.31.46.0-255,66,231233,42,342305
13265,0.001728,172.31.46.0-255,66,231299,42,342305
13266,0.001732,74.125.200.0-255,2184,233483,42,342305
13267,0.001734,172.31.46.0-255,66,233549,42,342305
13268,0.003799,74.125.200.0-255,5738,239287,42,342305
13269,0.003806,172.31.46.0-255,66,239353,42,342305
13270,0.005842,74.125.200.0-255,5738,245091,42,342305
13271,0.005849,172.31.46.0-255,66,245157,42,342305
13272,0.007909,74.125.200.0-255,5738,250895,42,342305
13273,0.007915,172.31.46.0-255,66,250961,42,342305
13274,0.010018,74.125.200.0-255,5738,256699,42,342305
13275,0.010025,172.31.46.0-255,66,256765,42,342305
13276,0.012107,74.125.200.0-255,5738,262503,42,342305
13277,0.012114,172.31.46.0-255,66,262569,42,342305
13278,0.014205,74.125.200.0-255,5738,268307,42,342305
13279,0.014218,172.31.46.0-255,66,268373,42,342305
13280,0.016278,74.125.200.0-255,5738,274111,42,342305
13281,0.016292,172.31.46.0-255,66,274177,42,342305
13282,0.018343,74.125.200.0-255,5738,279915,42,342305
13283,0.018359,172.31.46.0-255,66,279981,42,342305
13284,0.02043,74.125.200.0-255,5738,285719,42,342305
13285,0.020443,172.31.46.0-255,66,285785,42,342305
13286,0.02249,74.125.200.0-255,5738,291523,42,342305
13287,0.022499,172.31.46.0-255,66,291589,42,342305
13288,0.024592,74.125.200.0-255,5738,297327,42,342305
13289,0.024602,172.31.46.0-255,66,297393,42,342305
13290,0.026662,74.125.200.0-255,5738,303131,42,342305
13291,0.026671,172.31.46.0-255,66,303197,42,342305
13292,0.028709,74.125.200.0-255,5738,308935,42,342305
13293,0.028717,172.31.46.0-255,66,309001,42,342305
13294,0.029575,172.31.46.0-255,163,309164,42,342305
13295,0.029606,172.31.46.0-255,1143,310307,42,342305
13296,0.029668,172.31.46.0-255,1514,311821,42,342305
13297,0.02967,172.31.46.0-255,1266,313087,42,342305
13298,0.030789,74.125.200.0-255,5738,318825,42,342305
13299,0.030799,172.31.46.0-255,66,318891,42,342305
13300,0.031149,104.244.42.0-255,66,318957,42,342305
13301,0.031182,104.244.42.0-255,66,319023,42,342305
13302,0.031243,104.244.42.0-255,66,319089,42,342305
13303,0.032845,74.125.200.0-255,5738,324827,42,342305
13304,0.032852,172.31.46.0-255,66,324893,42,342305
13305,0.034906,74.125.200.0-255,5738,330631,42,342305
13306,0.034915,172.31.46.0-255,66,330697,42,342305
13307,0.036964,74.125.200.0-255,5738,336435,42,342305
13308,0.036973,172.31.46.0-255,66,336501,42,342305
13309,0.039017,74.125.200.0-255,5738,342239,42,342305
13310,0.039024,172.31.46.0-255,66,342305,42,342305
13311,0.0,74.125.24.0-255,152,152,42,268203
13312,2.3e-05,172.31.46.0-255,66,218,42,268203
13313,2.9e-05,74.125.24.0-255,1484,1702,42,268203
13314,3.4e-05,172.31.46.0-255,66,1768,42,268203
13315,4e-05,74.125.24.0-255,2902,4670,42,268203
13316,4.3e-05,172.31.46.0-255,66,4736,42,268203
13317,5.1e-05,74.125.24.0-255,7156,11892,42,268203
13318,5.4e-05,172.31.46.0-255,66,11958,42,268203
13319,5.7e-05,74.125.24.0-255,1484,13442,42,268203
13320,6e-05,172.31.46.0-255,66,13508,42,268203
13321,8e-05,74.125.24.0-255,2902,16410,42,268203
13322,8.3e-05,172.31.46.0-255,66,16476,42,268203
13323,0.000114,172.31.46.0-255,66,16542,42,268203
13324,0.000117,74.125.24.0-255,1484,18026,42,268203
13325,0.000119,172.31.46.0-255,66,18092,42,268203
13326,0.000141,74.125.24.0-255,5379,23471,42,268203
13327,0.000144,172.31.46.0-255,66,23537,42,268203
13328,0.000147,74.125.24.0-255,1484,25021,42,268203
13329,0.000149,172.31.46.0-255,66,25087,42,268203
13330,0.000153,74.125.24.0-255,1484,26571,42,268203
13331,0.000155,172.31.46.0-255,66,26637,42,268203
13332,0.000184,74.125.24.0-255,1484,28121,42,268203
13333,0.000186,172.31.46.0-255,66,28187,42,268203
13334,0.000193,74.125.24.0-255,5738,33925,42,268203
13335,0.000196,172.31.46.0-255,66,33991,42,268203
13336,0.000203,74.125.24.0-255,7156,41147,42,268203
13337,0.000205,172.31.46.0-255,66,41213,42,268203
13338,0.000227,74.125.24.0-255,5379,46592,42,268203
13339,0.000229,172.31.46.0-255,66,46658,42,268203
13340,0.000265,74.125.24.0-255,4320,50978,42,268203
13341,0.000268,172.31.46.0-255,66,51044,42,268203
13342,0.000294,74.125.24.0-255,7069,58113,42,268203
13343,0.000296,172.31.46.0-255,66,58179,42,268203
13344,0.0004,74.125.24.0-255,136,58315,42,268203
13345,0.000561,74.125.24.0-255,1484,59799,42,268203
13346,0.000567,172.31.46.0-255,66,59865,42,268203
13347,0.000572,74.125.24.0-255,2902,62767,42,268203
13348,0.000574,172.31.46.0-255,66,62833,42,268203
13349,0.000596,74.125.24.0-255,5738,68571,42,268203
13350,0.000599,172.31.46.0-255,66,68637,42,268203
13351,0.000623,74.125.24.0-255,2902,71539,42,268203
13352,0.000626,172.31.46.0-255,66,71605,42,268203
13353,0.000649,74.125.24.0-255,3961,75566,42,268203
13354,0.000652,172.31.46.0-255,66,75632,42,268203
13355,0.000667,172.31.46.0-255,66,75698,42,268203
13356,0.000671,74.125.24.0-255,2798,78496,42,268203
13357,0.000673,172.31.46.0-255,66,78562,42,268203
13358,0.0014,74.125.24.0-255,1484,80046,42,268203
13359,0.001409,74.125.24.0-255,2902,82948,42,268203
13360,0.001413,172.31.46.0-255,66,83014,42,268203
13361,0.00142,74.125.24.0-255,4320,87334,42,268203
13362,0.001422,172.31.46.0-255,66,87400,42,268203
13363,0.001436,74.125.24.0-255,1484,88884,42,268203
13364,0.001438,74.125.24.0-255,1484,90368,42,268203
13365,0.001441,172.31.46.0-255,66,90434,42,268203
13366,0.001458,74.125.24.0-255,1484,91918,42,268203
13367,0.001479,74.125.24.0-255,7156,99074,42,268203
13368,0.001482,172.31.46.0-255,66,99140,42,268203
13369,0.001497,74.125.24.0-255,1484,100624,42,268203
13370,0.001512,74.125.24.0-255,4320,104944,42,268203
13371,0.001514,172.31.46.0-255,66,105010,42,268203
13372,0.001543,172.31.46.0-255,66,105076,42,268203
13373,0.001554,172.31.46.0-255,66,105142,42,268203
13374,0.001568,172.31.46.0-255,66,105208,42,268203
13375,0.001593,74.125.24.0-255,2902,108110,42,268203
13376,0.001596,172.31.46.0-255,66,108176,42,268203
13377,0.001624,172.31.46.0-255,66,108242,42,268203
13378,0.001656,74.125.24.0-255,1484,109726,42,268203
13379,0.001661,74.125.24.0-255,2902,112628,42,268203
13380,0.001664,172.31.46.0-255,66,112694,42,268203
13381,0.001687,74.125.24.0-255,5738,118432,42,268203
13382,0.00169,172.31.46.0-255,66,118498,42,268203
13383,0.001726,74.125.24.0-255,5738,124236,42,268203
13384,0.001729,172.31.46.0-255,66,124302,42,268203
13385,0.001746,74.125.24.0-255,5738,130040,42,268203
13386,0.001749,172.31.46.0-255,66,130106,42,268203
13387,0.001754,74.125.24.0-255,2902,133008,42,268203
13388,0.001756,172.31.46.0-255,66,133074,42,268203
13389,0.001794,172.31.46.0-255,66,133140,42,268203
13390,0.002264,74.125.24.0-255,1484,134624,42,268203
13391,0.002272,74.125.24.0-255,2902,137526,42,268203
13392,0.002276,172.31.46.0-255,66,137592,42,268203
13393,0.00228,74.125.24.0-255,1484,139076,42,268203
13394,0.002298,74.125.24.0-255,4320,143396,42,268203
13395,0.0023,172.31.46.0-255,66,143462,42,268203
13396,0.002358,74.125.24.0-255,1484,144946,42,268203
13397,0.002414,74.125.24.0-255,2902,147848,42,268203
13398,0.002449,74.125.24.0-255,5738,153586,42,268203
13399,0.002464,74.125.24.0-255,4320,157906,42,268203
13400,0.002482,74.125.24.0-255,2902,160808,42,268203
13401,0.002501,74.125.24.0-255,1484,162292,42,268203
13402,0.002521,74.125.24.0-255,4320,166612,42,268203
13403,0.002537,74.125.24.0-255,1484,168096,42,268203
13404,0.002546,74.125.24.0-255,1484,169580,42,268203
13405,0.002561,74.125.24.0-255,5020,174600,42,268203
13406,0.002621,74.125.24.0-255,4320,178920,42,268203
13407,0.002637,74.125.24.0-255,5020,183940,42,268203
13408,0.003328,172.31.46.0-255,66,184006,42,268203
13409,0.005808,74.125.24.0-255,5738,189744,42,268203
13410,0.005816,172.31.46.0-255,66,189810,42,268203
13411,0.008306,74.125.24.0-255,5738,195548,42,268203
13412,0.008313,172.31.46.0-255,66,195614,42,268203
13413,0.01081,74.125.24.0-255,5738,201352,42,268203
13414,0.010816,172.31.46.0-255,66,201418,42,268203
13415,0.013282,74.125.24.0-255,4320,205738,42,268203
13416,0.013288,172.31.46.0-255,66,205804,42,268203
13417,0.013306,74.125.24.0-255,1484,207288,42,268203
13418,0.015727,74.125.24.0-255,4320,211608,42,268203
13419,0.015736,172.31.46.0-255,66,211674,42,268203
13420,0.018214,74.125.24.0-255,5738,217412,42,268203
13421,0.018221,172.31.46.0-255,66,217478,42,268203
13422,0.02068,74.125.24.0-255,5738,223216,42,268203
13423,0.020687,172.31.46.0-255,66,223282,42,268203
13424,0.023154,74.125.24.0-255,5738,229020,42,268203
13425,0.023164,172.31.46.0-255,66,229086,42,268203
13426,0.025583,74.125.24.0-255,5738,234824,42,268203
13427,0.02559,172.31.46.0-255,66,234890,42,268203
13428,0.02809,74.125.24.0-255,5738,240628,42,268203
13429,0.028097,172.31.46.0-255,66,240694,42,268203
13430,0.028505,172.31.46.0-255,172,240866,42,268203
13431,0.028535,172.31.46.0-255,1110,241976,42,268203
13432,0.02859,172.31.46.0-255,1514,243490,42,268203
13433,0.028592,172.31.46.0-255,1299,244789,42,268203
13434,0.030148,104.244.42.0-255,66,244855,42,268203
13435,0.030205,104.244.42.0-255,66,244921,42,268203
13436,0.030275,104.244.42.0-255,66,244987,42,268203
13437,0.030547,74.125.24.0-255,5738,250725,42,268203
13438,0.030552,172.31.46.0-255,66,250791,42,268203
13439,0.033022,74.125.24.0-255,5738,256529,42,268203
13440,0.033028,172.31.46.0-255,66,256595,42,268203
13441,0.035494,74.125.24.0-255,5738,262333,42,268203
13442,0.035499,172.31.46.0-255,66,262399,42,268203
13443,0.037958,74.125.24.0-255,5738,268137,42,268203
13444,0.037964,172.31.46.0-255,66,268203,42,268203
13445,0.0,74.125.24.0-255,153,153,42,175144
13446,1.4e-05,172.31.46.0-255,66,219,42,175144
13447,2.1e-05,74.125.24.0-255,1484,1703,42,175144
13448,2.6e-05,172.31.46.0-255,66,1769,42,175144
13449,3.1e-05,74.125.24.0-255,2902,4671,42,175144
13450,3.3e-05,172.31.46.0-255,66,4737,42,175144
13451,4.2e-05,74.125.24.0-255,7156,11893,42,175144
13452,4.5e-05,172.31.46.0-255,66,11959,42,175144
13453,7e-05,74.125.24.0-255,2003,13962,42,175144
13454,7.2e-05,172.31.46.0-255,66,14028,42,175144
13455,0.000128,74.125.24.0-255,1484,15512,42,175144
13456,0.000131,172.31.46.0-255,66,15578,42,175144
13457,0.000136,74.125.24.0-255,2902,18480,42,175144
13458,0.000138,172.31.46.0-255,66,18546,42,175144
13459,0.000157,74.125.24.0-255,5738,24284,42,175144
13460,0.000159,172.31.46.0-255,66,24350,42,175144
13461,0.000185,74.125.24.0-255,6797,31147,42,175144
13462,0.000188,172.31.46.0-255,66,31213,42,175144
13463,0.000212,74.125.24.0-255,4320,35533,42,175144
13464,0.000214,172.31.46.0-255,66,35599,42,175144
13465,0.00024,172.31.46.0-255,66,35665,42,175144
13466,0.000244,74.125.24.0-255,2543,38208,42,175144
13467,0.000246,172.31.46.0-255,66,38274,42,175144
13468,0.001388,74.125.24.0-255,1484,39758,42,175144
13469,0.001395,172.31.46.0-255,66,39824,42,175144
13470,0.001406,74.125.24.0-255,2902,42726,42,175144
13471,0.001409,172.31.46.0-255,66,42792,42,175144
13472,0.001415,74.125.24.0-255,5738,48530,42,175144
13473,0.001417,172.31.46.0-255,66,48596,42,175144
13474,0.001447,172.31.46.0-255,66,48662,42,175144
13475,0.001467,74.125.24.0-255,5379,54041,42,175144
13476,0.001469,172.31.46.0-255,66,54107,42,175144
13477,0.00148,172.31.46.0-255,66,54173,42,175144
13478,0.00154,172.31.46.0-255,66,54239,42,175144
13479,0.00157,172.31.46.0-255,66,54305,42,175144
13480,0.00224,74.125.24.0-255,1484,55789,42,175144
13481,0.002244,74.125.24.0-255,1484,57273,42,175144
13482,0.002247,172.31.46.0-255,66,57339,42,175144
13483,0.002267,74.125.24.0-255,1484,58823,42,175144
13484,0.002273,74.125.24.0-255,5738,64561,42,175144
13485,0.002275,172.31.46.0-255,66,64627,42,175144
13486,0.002297,74.125.24.0-255,4320,68947,42,175144
13487,0.0023,172.31.46.0-255,66,69013,42,175144
13488,0.002329,172.31.46.0-255,66,69079,42,175144
13489,0.002353,74.125.24.0-255,4320,73399,42,175144
13490,0.002356,172.31.46.0-255,66,73465,42,175144
13491,0.002373,74.125.24.0-255,4320,77785,42,175144
13492,0.002375,172.31.46.0-255,66,77851,42,175144
13493,0.004704,74.125.24.0-255,2902,80753,42,175144
13494,0.00471,172.31.46.0-255,66,80819,42,175144
13495,0.004728,74.125.24.0-255,2902,83721,42,175144
13496,0.004731,172.31.46.0-255,66,83787,42,175144
13497,0.007042,74.125.24.0-255,5738,89525,42,175144
13498,0.00705,172.31.46.0-255,66,89591,42,175144
13499,0.009406,74.125.24.0-255,5738,95329,42,175144
13500,0.009413,172.31.46.0-255,66,95395,42,175144
13501,0.011731,74.125.24.0-255,5738,101133,42,175144
13502,0.011739,172.31.46.0-255,66,101199,42,175144
13503,0.014057,74.125.24.0-255,5738,106937,42,175144
13504,0.014066,172.31.46.0-255,66,107003,42,175144
13505,0.016416,74.125.24.0-255,5738,112741,42,175144
13506,0.016424,172.31.46.0-255,66,112807,42,175144
13507,0.018728,74.125.24.0-255,5738,118545,42,175144
13508,0.018736,172.31.46.0-255,66,118611,42,175144
13509,0.021094,74.125.24.0-255,5738,124349,42,175144
13510,0.0211,172.31.46.0-255,66,124415,42,175144
13511,0.023477,74.125.24.0-255,5738,130153,42,175144
13512,0.023485,172.31.46.0-255,66,130219,42,175144
13513,0.025617,172.31.46.0-255,176,130395,42,175144
13514,0.02565,172.31.46.0-255,1110,131505,42,175144
13515,0.025705,172.31.46.0-255,1514,133019,42,175144
13516,0.025707,172.31.46.0-255,1299,134318,42,175144
13517,0.025832,74.125.24.0-255,5738,140056,42,175144
13518,0.025838,172.31.46.0-255,66,140122,42,175144
13519,0.0273,104.244.42.0-255,66,140188,42,175144
13520,0.02735,104.244.42.0-255,66,140254,42,175144
13521,0.027378,104.244.42.0-255,66,140320,42,175144
13522,0.028173,74.125.24.0-255,5738,146058,42,175144
13523,0.028178,172.31.46.0-255,66,146124,42,175144
13524,0.030536,74.125.24.0-255,5738,151862,42,175144
13525,0.030542,172.31.46.0-255,66,151928,42,175144
13526,0.032865,74.125.24.0-255,5738,157666,42,175144
13527,0.032872,172.31.46.0-255,66,157732,42,175144
13528,0.035219,74.125.24.0-255,5738,163470,42,175144
13529,0.035226,172.31.46.0-255,66,163536,42,175144
13530,0.037566,74.125.24.0-255,5738,169274,42,175144
13531,0.037572,172.31.46.0-255,66,169340,42,175144
13532,0.039891,74.125.24.0-255,5738,175078,42,175144
13533,0.0399,172.31.46.0-255,66,175144,42,175144
13534,0.0,74.125.24.0-255,150,150,42,179313
13535,2.8e-05,172.31.46.0-255,66,216,42,179313
13536,3.6e-05,74.125.24.0-255,1484,1700,42,179313
13537,4.2e-05,172.31.46.0-255,66,1766,42,179313
13538,4.8e-05,74.125.24.0-255,2902,4668,42,179313
13539,5.2e-05,172.31.46.0-255,66,4734,42,179313
13540,6.1e-05,74.125.24.0-255,7156,11890,42,179313
13541,6.5e-05,172.31.46.0-255,66,11956,42,179313
13542,6.9e-05,74.125.24.0-255,2064,14020,42,179313
13543,7.3e-05,172.31.46.0-255,66,14086,42,179313
13544,0.000214,74.125.24.0-255,1484,15570,42,179313
13545,0.000218,172.31.46.0-255,66,15636,42,179313
13546,0.000224,74.125.24.0-255,2902,18538,42,179313
13547,0.000227,172.31.46.0-255,66,18604,42,179313
13548,0.000247,74.125.24.0-255,2902,21506,42,179313
13549,0.00025,172.31.46.0-255,66,21572,42,179313
13550,0.000269,74.125.24.0-255,2902,24474,42,179313
13551,0.000272,172.31.46.0-255,66,24540,42,179313
13552,0.000279,74.125.24.0-255,5738,30278,42,179313
13553,0.000282,172.31.46.0-255,66,30344,42,179313
13554,0.000284,74.125.24.0-255,1125,31469,42,179313
13555,0.000286,172.31.46.0-255,66,31535,42,179313
13556,0.000323,74.125.24.0-255,1484,33019,42,179313
13557,0.000325,172.31.46.0-255,66,33085,42,179313
13558,0.000331,74.125.24.0-255,4320,37405,42,179313
13559,0.000334,172.31.46.0-255,66,37471,42,179313
13560,0.000337,74.125.24.0-255,1484,38955,42,179313
13561,0.000339,172.31.46.0-255,66,39021,42,179313
13562,0.000366,74.125.24.0-255,4320,43341,42,179313
13563,0.000368,172.31.46.0-255,66,43407,42,179313
13564,0.000402,74.125.24.0-255,5379,48786,42,179313
13565,0.000406,172.31.46.0-255,66,48852,42,179313
13566,0.001589,74.125.24.0-255,1484,50336,42,179313
13567,0.001608,74.125.24.0-255,2902,53238,42,179313
13568,0.001617,172.31.46.0-255,66,53304,42,179313
13569,0.001626,74.125.24.0-255,5738,59042,42,179313
13570,0.001628,172.31.46.0-255,66,59108,42,179313
13571,0.001634,74.125.24.0-255,4320,63428,42,179313
13572,0.001637,172.31.46.0-255,66,63494,42,179313
13573,0.001662,74.125.24.0-255,3122,66616,42,179313
13574,0.001664,172.31.46.0-255,66,66682,42,179313
13575,0.001901,74.125.24.0-255,1484,68166,42,179313
13576,0.001909,74.125.24.0-255,2902,71068,42,179313
13577,0.001913,172.31.46.0-255,66,71134,42,179313
13578,0.001921,74.125.24.0-255,5738,76872,42,179313
13579,0.001923,172.31.46.0-255,66,76938,42,179313
13580,0.001961,172.31.46.0-255,66,77004,42,179313
13581,0.002003,172.31.46.0-255,66,77070,42,179313
13582,0.002022,74.125.24.0-255,5020,82090,42,179313
13583,0.002024,172.31.46.0-255,66,82156,42,179313
13584,0.004355,74.125.24.0-255,5738,87894,42,179313
13585,0.004363,172.31.46.0-255,66,87960,42,179313
13586,0.006653,74.125.24.0-255,5738,93698,42,179313
13587,0.00666,172.31.46.0-255,66,93764,42,179313
13588,0.009016,74.125.24.0-255,5738,99502,42,179313
13589,0.009035,172.31.46.0-255,66,99568,42,179313
13590,0.011368,74.125.24.0-255,5738,105306,42,179313
13591,0.011386,172.31.46.0-255,66,105372,42,179313
13592,0.013727,74.125.24.0-255,5738,111110,42,179313
13593,0.013743,172.31.46.0-255,66,111176,42,179313
13594,0.016073,74.125.24.0-255,5738,116914,42,179313
13595,0.016089,172.31.46.0-255,66,116980,42,179313
13596,0.018416,74.125.24.0-255,5738,122718,42,179313
13597,0.018428,172.31.46.0-255,66,122784,42,179313
13598,0.020784,74.125.24.0-255,5738,128522,42,179313
13599,0.020792,172.31.46.0-255,66,128588,42,179313
13600,0.023108,74.125.24.0-255,5738,134326,42,179313
13601,0.023117,172.31.46.0-255,66,134392,42,179313
13602,0.025159,172.31.46.0-255,172,134564,42,179313
13603,0.025189,172.31.46.0-255,1106,135670,42,179313
13604,0.025238,172.31.46.0-255,1514,137184,42,179313
13605,0.025239,172.31.46.0-255,1303,138487,42,179313
13606,0.025444,74.125.24.0-255,5738,144225,42,179313
13607,0.025451,172.31.46.0-255,66,144291,42,179313
13608,0.026712,104.244.42.0-255,66,144357,42,179313
13609,0.02674,104.244.42.0-255,66,144423,42,179313
13610,0.026835,104.244.42.0-255,66,144489,42,179313
13611,0.027804,74.125.24.0-255,5738,150227,42,179313
13612,0.027809,172.31.46.0-255,66,150293,42,179313
13613,0.030148,74.125.24.0-255,5738,156031,42,179313
13614,0.03017,172.31.46.0-255,66,156097,42,179313
13615,0.03246,74.125.24.0-255,5738,161835,42,179313
13616,0.032466,172.31.46.0-255,66,161901,42,179313
13617,0.034813,74.125.24.0-255,5738,167639,42,179313
13618,0.03482,172.31.46.0-255,66,167705,42,179313
13619,0.037165,74.125.24.0-255,5738,173443,42,179313
13620,0.037171,172.31.46.0-255,66,173509,42,179313
13621,0.03947,74.125.24.0-255,5738,179247,42,179313
13622,0.03948,172.31.46.0-255,66,179313,42,179313
13623,0.0,74.125.24.0-255,152,152,42,158432
13624,2e-05,172.31.46.0-255,66,218,42,158432
13625,2.7e-05,74.125.24.0-255,1484,1702,42,158432
13626,3.2e-05,172.31.46.0-255,66,1768,42,158432
13627,3.9e-05,74.125.24.0-255,2902,4670,42,158432
13628,5.1e-05,172.31.46.0-255,66,4736,42,158432
13629,5.8e-05,74.125.24.0-255,7156,11892,42,158432
13630,6.2e-05,172.31.46.0-255,66,11958,42,158432
13631,7.3e-05,172.31.46.0-255,66,12024,42,158432
13632,0.000117,74.125.24.0-255,5738,17762,42,158432
13633,0.00012,172.31.46.0-255,66,17828,42,158432
13634,0.000148,74.125.24.0-255,5379,23207,42,158432
13635,0.000151,172.31.46.0-255,66,23273,42,158432
13636,0.000168,74.125.24.0-255,1484,24757,42,158432
13637,0.00017,172.31.46.0-255,66,24823,42,158432
13638,0.000175,74.125.24.0-255,2902,27725,42,158432
13639,0.000178,172.31.46.0-255,66,27791,42,158432
13640,0.000184,74.125.24.0-255,5738,33529,42,158432
13641,0.000186,172.31.46.0-255,66,33595,42,158432
13642,0.000225,74.125.24.0-255,6797,40392,42,158432
13643,0.000228,172.31.46.0-255,66,40458,42,158432
13644,0.000242,172.31.46.0-255,66,40524,42,158432
13645,0.000246,74.125.24.0-255,2857,43381,42,158432
13646,0.000248,172.31.46.0-255,66,43447,42,158432
13647,0.000384,74.125.24.0-255,112,43559,42,158432
13648,0.000389,172.31.46.0-255,66,43625,42,158432
13649,0.000406,74.125.24.0-255,326,43951,42,158432
13650,0.000408,172.31.46.0-255,66,44017,42,158432
13651,0.000613,74.125.24.0-255,1484,45501,42,158432
13652,0.000619,172.31.46.0-255,66,45567,42,158432
13653,0.000624,74.125.24.0-255,2902,48469,42,158432
13654,0.000627,172.31.46.0-255,66,48535,42,158432
13655,0.000655,74.125.24.0-255,5738,54273,42,158432
13656,0.000657,74.125.24.0-255,1484,55757,42,158432
13657,0.000662,172.31.46.0-255,66,55823,42,158432
13658,0.000688,74.125.24.0-255,4320,60143,42,158432
13659,0.000691,172.31.46.0-255,66,60209,42,158432
13660,0.000721,74.125.24.0-255,4320,64529,42,158432
13661,0.000724,172.31.46.0-255,66,64595,42,158432
13662,0.000735,172.31.46.0-255,66,64661,42,158432
13663,0.000761,74.125.24.0-255,4320,68981,42,158432
13664,0.000764,172.31.46.0-255,66,69047,42,158432
13665,0.000794,74.125.24.0-255,766,69813,42,158432
13666,0.000997,74.125.24.0-255,1484,71297,42,158432
13667,0.001001,172.31.46.0-255,66,71363,42,158432
13668,0.001006,74.125.24.0-255,2902,74265,42,158432
13669,0.001009,172.31.46.0-255,66,74331,42,158432
13670,0.001019,74.125.24.0-255,4320,78651,42,158432
13671,0.001021,172.31.46.0-255,66,78717,42,158432
13672,0.001043,74.125.24.0-255,1484,80201,42,158432
13673,0.001057,172.31.46.0-255,66,80267,42,158432
13674,0.001091,74.125.24.0-255,1484,81751,42,158432
13675,0.001104,172.31.46.0-255,66,81817,42,158432
13676,0.00113,74.125.24.0-255,4320,86137,42,158432
13677,0.001132,172.31.46.0-255,66,86203,42,158432
13678,0.001162,74.125.24.0-255,5738,91941,42,158432
13679,0.001165,172.31.46.0-255,66,92007,42,158432
13680,0.001177,172.31.46.0-255,66,92073,42,158432
13681,0.001256,172.31.46.0-255,66,92139,42,158432
13682,0.001293,172.31.46.0-255,66,92205,42,158432
13683,0.00131,172.31.46.0-255,66,92271,42,158432
13684,0.001348,172.31.46.0-255,66,92337,42,158432
13685,0.001369,74.125.24.0-255,1484,93821,42,158432
13686,0.001382,74.125.24.0-255,2902,96723,42,158432
13687,0.001385,172.31.46.0-255,66,96789,42,158432
13688,0.00139,74.125.24.0-255,2902,99691,42,158432
13689,0.001392,172.31.46.0-255,66,99757,42,158432
13690,0.001428,74.125.24.0-255,2902,102659,42,158432
13691,0.001432,172.31.46.0-255,66,102725,42,158432
13692,0.001445,172.31.46.0-255,66,102791,42,158432
13693,0.001454,172.31.46.0-255,66,102857,42,158432
13694,0.00148,74.125.24.0-255,2184,105041,42,158432
13695,0.001482,172.31.46.0-255,66,105107,42,158432
13696,0.001536,74.125.24.0-255,2902,108009,42,158432
13697,0.00154,172.31.46.0-255,66,108075,42,158432
13698,0.001544,74.125.24.0-255,2902,110977,42,158432
13699,0.001546,172.31.46.0-255,66,111043,42,158432
13700,0.001577,74.125.24.0-255,1484,112527,42,158432
13701,0.001588,172.31.46.0-255,66,112593,42,158432
13702,0.001603,172.31.46.0-255,66,112659,42,158432
13703,0.001632,74.125.24.0-255,5738,118397,42,158432
13704,0.001635,172.31.46.0-255,66,118463,42,158432
13705,0.00164,74.125.24.0-255,3602,122065,42,158432
13706,0.001641,172.31.46.0-255,66,122131,42,158432
13707,0.001725,74.125.24.0-255,1484,123615,42,158432
13708,0.001751,74.125.24.0-255,2902,126517,42,158432
13709,0.001754,172.31.46.0-255,66,126583,42,158432
13710,0.001758,74.125.24.0-255,2902,129485,42,158432
13711,0.00176,172.31.46.0-255,66,129551,42,158432
13712,0.001778,74.125.24.0-255,2902,132453,42,158432
13713,0.00178,74.125.24.0-255,1484,133937,42,158432
13714,0.001783,172.31.46.0-255,66,134003,42,158432
13715,0.001806,172.31.46.0-255,66,134069,42,158432
13716,0.001854,172.31.46.0-255,66,134135,42,158432
13717,0.001896,74.125.24.0-255,7156,141291,42,158432
13718,0.001899,172.31.46.0-255,66,141357,42,158432
13719,0.001909,172.31.46.0-255,66,141423,42,158432
13720,0.001935,74.125.24.0-255,4320,145743,42,158432
13721,0.001937,172.31.46.0-255,66,145809,42,158432
13722,0.001982,74.125.24.0-255,6438,152247,42,158432
13723,0.002028,172.31.46.0-255,66,152313,42,158432
13724,0.002062,74.125.24.0-255,1484,153797,42,158432
13725,0.002087,74.125.24.0-255,105,153902,42,158432
13726,0.002097,172.31.46.0-255,66,153968,42,158432
13727,0.004378,172.31.46.0-255,105,154073,42,158432
13728,0.006752,74.125.24.0-255,66,154139,42,158432
13729,0.029088,172.31.46.0-255,172,154311,42,158432
13730,0.029115,172.31.46.0-255,1110,155421,42,158432
13731,0.029173,172.31.46.0-255,1514,156935,42,158432
13732,0.029175,172.31.46.0-255,1299,158234,42,158432
13733,0.030724,104.244.42.0-255,66,158300,42,158432
13734,0.030762,104.244.42.0-255,66,158366,42,158432
13735,0.030809,104.244.42.0-255,66,158432,42,158432
13736,0.0,172.31.46.0-255,105,105,42,459
13737,0.000188,172.31.46.0-255,90,195,42,459
13738,0.000195,172.31.46.0-255,66,261,42,459
13739,0.002443,74.125.68.0-255,66,327,42,459
13740,0.002471,74.125.68.0-255,66,393,42,459
13741,0.002492,172.31.46.0-255,66,459,42,459
13742,0.0,74.125.24.0-255,154,154,42,269406
13743,1.9e-05,172.31.46.0-255,66,220,42,269406
13744,2.6e-05,74.125.24.0-255,1484,1704,42,269406
13745,3e-05,172.31.46.0-255,66,1770,42,269406
13746,5.1e-05,74.125.24.0-255,2902,4672,42,269406
13747,5.4e-05,172.31.46.0-255,66,4738,42,269406
13748,5.7e-05,74.125.24.0-255,1484,6222,42,269406
13749,5.9e-05,172.31.46.0-255,66,6288,42,269406
13750,7.3e-05,74.125.24.0-255,2902,9190,42,269406
13751,7.6e-05,172.31.46.0-255,66,9256,42,269406
13752,9.4e-05,74.125.24.0-255,1484,10740,42,269406
13753,9.6e-05,172.31.46.0-255,66,10806,42,269406
13754,9.9e-05,74.125.24.0-255,1484,12290,42,269406
13755,0.000101,172.31.46.0-255,66,12356,42,269406
13756,0.000125,172.31.46.0-255,66,12422,42,269406
13757,0.000142,74.125.24.0-255,2042,14464,42,269406
13758,0.000144,172.31.46.0-255,66,14530,42,269406
13759,0.00015,74.125.24.0-255,6797,21327,42,269406
13760,0.000152,172.31.46.0-255,66,21393,42,269406
13761,0.00057,74.125.24.0-255,1484,22877,42,269406
13762,0.000575,172.31.46.0-255,66,22943,42,269406
13763,0.000579,74.125.24.0-255,1484,24427,42,269406
13764,0.000581,172.31.46.0-255,66,24493,42,269406
13765,0.000596,74.125.24.0-255,1484,25977,42,269406
13766,0.000598,172.31.46.0-255,66,26043,42,269406
13767,0.000604,74.125.24.0-255,5738,31781,42,269406
13768,0.000606,172.31.46.0-255,66,31847,42,269406
13769,0.000611,74.125.24.0-255,5738,37585,42,269406
13770,0.000613,172.31.46.0-255,66,37651,42,269406
13771,0.000635,74.125.24.0-255,1125,38776,42,269406
13772,0.000637,172.31.46.0-255,66,38842,42,269406
13773,0.000668,172.31.46.0-255,66,38908,42,269406
13774,0.000732,74.125.24.0-255,7156,46064,42,269406
13775,0.000735,172.31.46.0-255,66,46130,42,269406
13776,0.000752,74.125.24.0-255,1395,47525,42,269406
13777,0.000765,74.125.24.0-255,134,47659,42,269406
13778,0.000792,74.125.24.0-255,1484,49143,42,269406
13779,0.000795,172.31.46.0-255,66,49209,42,269406
13780,0.000798,74.125.24.0-255,1484,50693,42,269406
13781,0.000814,74.125.24.0-255,1484,52177,42,269406
13782,0.000816,172.31.46.0-255,66,52243,42,269406
13783,0.000824,74.125.24.0-255,7156,59399,42,269406
13784,0.000826,172.31.46.0-255,66,59465,42,269406
13785,0.000855,74.125.24.0-255,2902,62367,42,269406
13786,0.000857,172.31.46.0-255,66,62433,42,269406
13787,0.000876,74.125.24.0-255,2543,64976,42,269406
13788,0.000879,172.31.46.0-255,66,65042,42,269406
13789,0.000918,74.125.24.0-255,1484,66526,42,269406
13790,0.000952,74.125.24.0-255,2902,69428,42,269406
13791,0.000956,172.31.46.0-255,66,69494,42,269406
13792,0.000962,74.125.24.0-255,5738,75232,42,269406
13793,0.000963,172.31.46.0-255,66,75298,42,269406
13794,0.000966,74.125.24.0-255,1484,76782,42,269406
13795,0.001008,74.125.24.0-255,4320,81102,42,269406
13796,0.001011,172.31.46.0-255,66,81168,42,269406
13797,0.001027,74.125.24.0-255,1407,82575,42,269406
13798,0.001298,172.31.46.0-255,66,82641,42,269406
13799,0.001499,74.125.24.0-255,1484,84125,42,269406
13800,0.001508,74.125.24.0-255,2902,87027,42,269406
13801,0.001512,172.31.46.0-255,66,87093,42,269406
13802,0.001518,74.125.24.0-255,4320,91413,42,269406
13803,0.00152,172.31.46.0-255,66,91479,42,269406
13804,0.001532,74.125.24.0-255,1484,92963,42,269406
13805,0.001545,74.125.24.0-255,2902,95865,42,269406
13806,0.001547,172.31.46.0-255,66,95931,42,269406
13807,0.001571,74.125.24.0-255,7156,103087,42,269406
13808,0.001573,172.31.46.0-255,66,103153,42,269406
13809,0.001586,74.125.24.0-255,2902,106055,42,269406
13810,0.001588,172.31.46.0-255,66,106121,42,269406
13811,0.001626,172.31.46.0-255,66,106187,42,269406
13812,0.001791,74.125.24.0-255,1484,107671,42,269406
13813,0.001798,74.125.24.0-255,2902,110573,42,269406
13814,0.001801,172.31.46.0-255,66,110639,42,269406
13815,0.001808,74.125.24.0-255,5738,116377,42,269406
13816,0.00181,172.31.46.0-255,66,116443,42,269406
13817,0.001839,74.125.24.0-255,4320,120763,42,269406
13818,0.001841,172.31.46.0-255,66,120829,42,269406
13819,0.001855,74.125.24.0-255,7156,127985,42,269406
13820,0.001857,172.31.46.0-255,66,128051,42,269406
13821,0.001869,74.125.24.0-255,1484,129535,42,269406
13822,0.001894,74.125.24.0-255,2902,132437,42,269406
13823,0.001897,172.31.46.0-255,66,132503,42,269406
13824,0.001924,172.31.46.0-255,66,132569,42,269406
13825,0.001938,74.125.24.0-255,5738,138307,42,269406
13826,0.001941,172.31.46.0-255,66,138373,42,269406
13827,0.001957,74.125.24.0-255,5738,144111,42,269406
13828,0.00196,172.31.46.0-255,66,144177,42,269406
13829,0.001997,172.31.46.0-255,66,144243,42,269406
13830,0.002004,74.125.24.0-255,7156,151399,42,269406
13831,0.002006,172.31.46.0-255,66,151465,42,269406
13832,0.002031,74.125.24.0-255,2184,153649,42,269406
13833,0.002034,172.31.46.0-255,66,153715,42,269406
13834,0.002117,74.125.24.0-255,1484,155199,42,269406
13835,0.002122,74.125.24.0-255,1484,156683,42,269406
13836,0.002126,172.31.46.0-255,66,156749,42,269406
13837,0.002142,74.125.24.0-255,1484,158233,42,269406
13838,0.002149,74.125.24.0-255,4320,162553,42,269406
13839,0.002152,172.31.46.0-255,66,162619,42,269406
13840,0.002177,74.125.24.0-255,1484,164103,42,269406
13841,0.002192,172.31.46.0-255,66,164169,42,269406
13842,0.002197,74.125.24.0-255,2902,167071,42,269406
13843,0.0022,172.31.46.0-255,66,167137,42,269406
13844,0.002225,172.31.46.0-255,66,167203,42,269406
13845,0.002311,74.125.24.0-255,1484,168687,42,269406
13846,0.002331,74.125.24.0-255,2902,171589,42,269406
13847,0.002334,172.31.46.0-255,66,171655,42,269406
13848,0.002338,74.125.24.0-255,1484,173139,42,269406
13849,0.004681,74.125.24.0-255,4320,177459,42,269406
13850,0.004688,172.31.46.0-255,66,177525,42,269406
13851,0.007057,74.125.24.0-255,5738,183263,42,269406
13852,0.007064,172.31.46.0-255,66,183329,42,269406
13853,0.009388,74.125.24.0-255,5738,189067,42,269406
13854,0.009394,172.31.46.0-255,66,189133,42,269406
13855,0.011717,74.125.24.0-255,2902,192035,42,269406
13856,0.011725,172.31.46.0-255,66,192101,42,269406
13857,0.011749,74.125.24.0-255,2902,195003,42,269406
13858,0.011769,172.31.46.0-255,66,195069,42,269406
13859,0.014065,74.125.24.0-255,2902,197971,42,269406
13860,0.014073,172.31.46.0-255,66,198037,42,269406
13861,0.014104,74.125.24.0-255,2902,200939,42,269406
13862,0.014106,172.31.46.0-255,66,201005,42,269406
13863,0.016409,74.125.24.0-255,2902,203907,42,269406
13864,0.016418,172.31.46.0-255,66,203973,42,269406
13865,0.016435,74.125.24.0-255,2902,206875,42,269406
13866,0.016437,172.31.46.0-255,66,206941,42,269406
13867,0.018745,74.125.24.0-255,2902,209843,42,269406
13868,0.018753,172.31.46.0-255,66,209909,42,269406
13869,0.018775,74.125.24.0-255,2902,212811,42,269406
13870,0.018778,172.31.46.0-255,66,212877,42,269406
13871,0.021096,74.125.24.0-255,5738,218615,42,269406
13872,0.021104,172.31.46.0-255,66,218681,42,269406
13873,0.02346,74.125.24.0-255,5738,224419,42,269406
13874,0.023467,172.31.46.0-255,66,224485,42,269406
13875,0.0258,74.125.24.0-255,5738,230223,42,269406
13876,0.025807,172.31.46.0-255,66,230289,42,269406
13877,0.028128,74.125.24.0-255,5738,236027,42,269406
13878,0.028134,172.31.46.0-255,66,236093,42,269406
13879,0.028774,172.31.46.0-255,172,236265,42,269406
13880,0.0288,172.31.46.0-255,1110,237375,42,269406
13881,0.028852,172.31.46.0-255,1514,238889,42,269406
13882,0.028854,172.31.46.0-255,1299,240188,42,269406
13883,0.030451,104.244.42.0-255,66,240254,42,269406
13884,0.030476,104.244.42.0-255,66,240320,42,269406
13885,0.030497,74.125.24.0-255,5738,246058,42,269406
13886,0.030505,172.31.46.0-255,66,246124,42,269406
13887,0.030515,104.244.42.0-255,66,246190,42,269406
13888,0.03282,74.125.24.0-255,5738,251928,42,269406
13889,0.032826,172.31.46.0-255,66,251994,42,269406
13890,0.035252,74.125.24.0-255,5738,257732,42,269406
13891,0.035259,172.31.46.0-255,66,257798,42,269406
13892,0.037601,74.125.24.0-255,5738,263536,42,269406
13893,0.037608,172.31.46.0-255,66,263602,42,269406
13894,0.039961,74.125.24.0-255,5738,269340,42,269406
13895,0.039967,172.31.46.0-255,66,269406,42,269406
13896,0.0,172.217.194.0-255,152,152,42,228337
13897,1.7e-05,172.31.46.0-255,66,218,42,228337
13898,2.3e-05,172.217.194.0-255,1484,1702,42,228337
13899,2.7e-05,172.31.46.0-255,66,1768,42,228337
13900,3.2e-05,172.217.194.0-255,2902,4670,42,228337
13901,3.5e-05,172.31.46.0-255,66,4736,42,228337
13902,4.2e-05,172.217.194.0-255,7156,11892,42,228337
13903,4.4e-05,172.31.46.0-255,66,11958,42,228337
13904,7.7e-05,172.217.194.0-255,2041,13999,42,228337
13905,7.9e-05,172.31.46.0-255,66,14065,42,228337
13906,9e-05,172.217.194.0-255,1484,15549,42,228337
13907,9.1e-05,172.31.46.0-255,66,15615,42,228337
13908,0.000107,172.217.194.0-255,1484,17099,42,228337
13909,0.000109,172.31.46.0-255,66,17165,42,228337
13910,0.000116,172.217.194.0-255,7156,24321,42,228337
13911,0.000118,172.31.46.0-255,66,24387,42,228337
13912,0.000138,172.217.194.0-255,6797,31184,42,228337
13913,0.00014,172.31.46.0-255,66,31250,42,228337
13914,0.000234,172.217.194.0-255,1484,32734,42,228337
13915,0.000237,172.31.46.0-255,66,32800,42,228337
13916,0.000243,172.217.194.0-255,2902,35702,42,228337
13917,0.000244,172.31.46.0-255,66,35768,42,228337
13918,0.000251,172.217.194.0-255,5738,41506,42,228337
13919,0.000254,172.31.46.0-255,66,41572,42,228337
13920,0.000301,172.31.46.0-255,66,41638,42,228337
13921,0.000322,172.217.194.0-255,5379,47017,42,228337
13922,0.000324,172.31.46.0-255,66,47083,42,228337
13923,0.000333,172.31.46.0-255,66,47149,42,228337
13924,0.000336,172.217.194.0-255,395,47544,42,228337
13925,0.000337,172.31.46.0-255,66,47610,42,228337
13926,0.00036,172.217.194.0-255,379,47989,42,228337
13927,0.000559,172.217.194.0-255,1484,49473,42,228337
13928,0.000565,172.31.46.0-255,66,49539,42,228337
13929,0.00057,172.217.194.0-255,2902,52441,42,228337
13930,0.000573,172.31.46.0-255,66,52507,42,228337
13931,0.000578,172.217.194.0-255,5738,58245,42,228337
13932,0.00058,172.31.46.0-255,66,58311,42,228337
13933,0.000609,172.31.46.0-255,66,58377,42,228337
13934,0.000628,172.217.194.0-255,4320,62697,42,228337
13935,0.000631,172.31.46.0-255,66,62763,42,228337
13936,0.000657,172.217.194.0-255,5738,68501,42,228337
13937,0.00066,172.31.46.0-255,66,68567,42,228337
13938,0.000672,172.217.194.0-255,5020,73587,42,228337
13939,0.000674,172.31.46.0-255,66,73653,42,228337
13940,0.000726,172.217.194.0-255,1484,75137,42,228337
13941,0.000731,172.217.194.0-255,2902,78039,42,228337
13942,0.000733,172.31.46.0-255,66,78105,42,228337
13943,0.000755,172.217.194.0-255,5738,83843,42,228337
13944,0.000758,172.31.46.0-255,66,83909,42,228337
13945,0.000771,172.217.194.0-255,4320,88229,42,228337
13946,0.000773,172.31.46.0-255,66,88295,42,228337
13947,0.000801,172.31.46.0-255,66,88361,42,228337
13948,0.000831,172.217.194.0-255,1484,89845,42,228337
13949,0.000851,172.31.46.0-255,66,89911,42,228337
13950,0.000853,172.217.194.0-255,1484,91395,42,228337
13951,0.000857,172.217.194.0-255,2902,94297,42,228337
13952,0.000859,172.31.46.0-255,66,94363,42,228337
13953,0.000885,172.217.194.0-255,5738,100101,42,228337
13954,0.000888,172.31.46.0-255,66,100167,42,228337
13955,0.000894,172.217.194.0-255,7156,107323,42,228337
13956,0.000896,172.31.46.0-255,66,107389,42,228337
13957,0.000909,172.217.194.0-255,5738,113127,42,228337
13958,0.000911,172.31.46.0-255,66,113193,42,228337
13959,0.000914,172.217.194.0-255,1484,114677,42,228337
13960,0.000939,172.31.46.0-255,66,114743,42,228337
13961,0.000941,172.217.194.0-255,766,115509,42,228337
13962,0.001044,172.217.194.0-255,1484,116993,42,228337
13963,0.001047,172.31.46.0-255,66,117059,42,228337
13964,0.001051,172.217.194.0-255,2902,119961,42,228337
13965,0.001053,172.31.46.0-255,66,120027,42,228337
13966,0.001071,172.217.194.0-255,5738,125765,42,228337
13967,0.001072,172.31.46.0-255,66,125831,42,228337
13968,0.001105,172.31.46.0-255,66,125897,42,228337
13969,0.001123,172.217.194.0-255,2902,128799,42,228337
13970,0.001125,172.31.46.0-255,66,128865,42,228337
13971,0.001129,172.217.194.0-255,4320,133185,42,228337
13972,0.001131,172.31.46.0-255,66,133251,42,228337
13973,0.001154,172.217.194.0-255,6438,139689,42,228337
13974,0.001157,172.31.46.0-255,66,139755,42,228337
13975,0.001225,172.217.194.0-255,1484,141239,42,228337
13976,0.00123,172.217.194.0-255,2902,144141,42,228337
13977,0.001232,172.31.46.0-255,66,144207,42,228337
13978,0.001254,172.217.194.0-255,5738,149945,42,228337
13979,0.001257,172.31.46.0-255,66,150011,42,228337
13980,0.001261,172.217.194.0-255,4320,154331,42,228337
13981,0.001263,172.31.46.0-255,66,154397,42,228337
13982,0.00128,172.217.194.0-255,2902,157299,42,228337
13983,0.001282,172.31.46.0-255,66,157365,42,228337
13984,0.001287,172.217.194.0-255,5738,163103,42,228337
13985,0.001289,172.31.46.0-255,66,163169,42,228337
13986,0.001322,172.31.46.0-255,66,163235,42,228337
13987,0.001325,172.217.194.0-255,2184,165419,42,228337
13988,0.001327,172.31.46.0-255,66,165485,42,228337
13989,0.001361,172.217.194.0-255,1484,166969,42,228337
13990,0.001365,172.217.194.0-255,2902,169871,42,228337
13991,0.001368,172.31.46.0-255,66,169937,42,228337
13992,0.001372,172.217.194.0-255,2902,172839,42,228337
13993,0.001374,172.31.46.0-255,66,172905,42,228337
13994,0.001388,172.217.194.0-255,2902,175807,42,228337
13995,0.001391,172.31.46.0-255,66,175873,42,228337
13996,0.001393,172.217.194.0-255,1484,177357,42,228337
13997,0.001433,172.31.46.0-255,66,177423,42,228337
13998,0.001443,172.31.46.0-255,66,177489,42,228337
13999,0.001445,172.217.194.0-255,766,178255,42,228337
14000,0.0017,172.217.194.0-255,1484,179739,42,228337
14001,0.001704,172.31.46.0-255,66,179805,42,228337
14002,0.001709,172.217.194.0-255,2902,182707,42,228337
14003,0.001711,172.31.46.0-255,66,182773,42,228337
14004,0.001717,172.217.194.0-255,5738,188511,42,228337
14005,0.001719,172.31.46.0-255,66,188577,42,228337
14006,0.001736,172.217.194.0-255,1484,190061,42,228337
14007,0.00175,172.217.194.0-255,7156,197217,42,228337
14008,0.001753,172.31.46.0-255,66,197283,42,228337
14009,0.001774,172.217.194.0-255,4320,201603,42,228337
14010,0.001776,172.31.46.0-255,66,201669,42,228337
14011,0.001787,172.31.46.0-255,66,201735,42,228337
14012,0.001865,172.217.194.0-255,1484,203219,42,228337
14013,0.001879,172.217.194.0-255,2902,206121,42,228337
14014,0.001882,172.31.46.0-255,66,206187,42,228337
14015,0.001913,172.217.194.0-255,1484,207671,42,228337
14016,0.001945,172.217.194.0-255,4320,211991,42,228337
14017,0.001947,172.31.46.0-255,66,212057,42,228337
14018,0.001969,172.31.46.0-255,66,212123,42,228337
14019,0.002022,172.217.194.0-255,766,212889,42,228337
14020,0.002046,172.31.46.0-255,66,212955,42,228337
14021,0.002067,172.217.194.0-255,5738,218693,42,228337
14022,0.00207,172.31.46.0-255,66,218759,42,228337
14023,0.002111,172.31.46.0-255,66,218825,42,228337
14024,0.00212,172.217.194.0-255,4778,223603,42,228337
14025,0.002123,172.217.194.0-255,97,223700,42,228337
14026,0.002124,172.217.194.0-255,105,223805,42,228337
14027,0.002129,172.31.46.0-255,66,223871,42,228337
14028,0.00391,172.31.46.0-255,105,223976,42,228337
14029,0.006047,172.217.194.0-255,66,224042,42,228337
14030,0.030164,172.31.46.0-255,172,224214,42,228337
14031,0.030194,172.31.46.0-255,1110,225324,42,228337
14032,0.030248,172.31.46.0-255,1514,226838,42,228337
14033,0.03025,172.31.46.0-255,1301,228139,42,228337
14034,0.031768,104.244.42.0-255,66,228205,42,228337
14035,0.031795,104.244.42.0-255,66,228271,42,228337
14036,0.031862,104.244.42.0-255,66,228337,42,228337
14037,0.0,74.125.200.0-255,156,156,42,195263
14038,2.3e-05,172.31.46.0-255,66,222,42,195263
14039,3e-05,74.125.200.0-255,1484,1706,42,195263
14040,3.4e-05,172.31.46.0-255,66,1772,42,195263
14041,4e-05,74.125.200.0-255,2902,4674,42,195263
14042,4.3e-05,172.31.46.0-255,66,4740,42,195263
14043,4.9e-05,74.125.200.0-255,4320,9060,42,195263
14044,5.2e-05,172.31.46.0-255,66,9126,42,195263
14045,7.6e-05,74.125.200.0-255,4841,13967,42,195263
14046,7.9e-05,172.31.46.0-255,66,14033,42,195263
14047,0.0001,74.125.200.0-255,1484,15517,42,195263
14048,0.000103,172.31.46.0-255,66,15583,42,195263
14049,0.000127,74.125.200.0-255,4320,19903,42,195263
14050,0.00013,172.31.46.0-255,66,19969,42,195263
14051,0.000133,74.125.200.0-255,1484,21453,42,195263
14052,0.000135,172.31.46.0-255,66,21519,42,195263
14053,0.00017,172.31.46.0-255,66,21585,42,195263
14054,0.000173,74.125.200.0-255,1125,22710,42,195263
14055,0.000175,172.31.46.0-255,66,22776,42,195263
14056,0.000267,74.125.200.0-255,1484,24260,42,195263
14057,0.000271,172.31.46.0-255,66,24326,42,195263
14058,0.000289,74.125.200.0-255,2902,27228,42,195263
14059,0.000292,172.31.46.0-255,66,27294,42,195263
14060,0.000298,74.125.200.0-255,4320,31614,42,195263
14061,0.000301,172.31.46.0-255,66,31680,42,195263
14062,0.000323,74.125.200.0-255,1484,33164,42,195263
14063,0.000326,172.31.46.0-255,66,33230,42,195263
14064,0.000333,74.125.200.0-255,6797,40027,42,195263
14065,0.000335,172.31.46.0-255,66,40093,42,195263
14066,0.000357,74.125.200.0-255,4320,44413,42,195263
14067,0.000359,172.31.46.0-255,66,44479,42,195263
14068,0.000376,74.125.200.0-255,2902,47381,42,195263
14069,0.000378,172.31.46.0-255,66,47447,42,195263
14070,0.000386,74.125.200.0-255,7156,54603,42,195263
14071,0.000388,172.31.46.0-255,66,54669,42,195263
14072,0.00042,74.125.200.0-255,2849,57518,42,195263
14073,0.000422,172.31.46.0-255,66,57584,42,195263
14074,0.000775,74.125.200.0-255,113,57697,42,195263
14075,0.000882,74.125.200.0-255,1484,59181,42,195263
14076,0.000887,172.31.46.0-255,66,59247,42,195263
14077,0.000893,74.125.200.0-255,2902,62149,42,195263
14078,0.000895,172.31.46.0-255,66,62215,42,195263
14079,0.000914,74.125.200.0-255,5738,67953,42,195263
14080,0.000916,172.31.46.0-255,66,68019,42,195263
14081,0.000929,74.125.200.0-255,1484,69503,42,195263
14082,0.000947,74.125.200.0-255,4320,73823,42,195263
14083,0.00095,172.31.46.0-255,66,73889,42,195263
14084,0.000957,74.125.200.0-255,6797,80686,42,195263
14085,0.000959,172.31.46.0-255,66,80752,42,195263
14086,0.001011,172.31.46.0-255,66,80818,42,195263
14087,0.00221,74.125.200.0-255,1484,82302,42,195263
14088,0.002221,74.125.200.0-255,2902,85204,42,195263
14089,0.002226,172.31.46.0-255,66,85270,42,195263
14090,0.002231,74.125.200.0-255,1484,86754,42,195263
14091,0.002252,74.125.200.0-255,4320,91074,42,195263
14092,0.002254,172.31.46.0-255,66,91140,42,195263
14093,0.002261,74.125.200.0-255,5738,96878,42,195263
14094,0.002263,172.31.46.0-255,66,96944,42,195263
14095,0.002282,74.125.200.0-255,1484,98428,42,195263
14096,0.002302,74.125.200.0-255,5738,104166,42,195263
14097,0.002304,172.31.46.0-255,66,104232,42,195263
14098,0.002334,172.31.46.0-255,66,104298,42,195263
14099,0.002337,74.125.200.0-255,1484,105782,42,195263
14100,0.00234,74.125.200.0-255,766,106548,42,195263
14101,0.002341,172.31.46.0-255,66,106614,42,195263
14102,0.004734,74.125.200.0-255,4320,110934,42,195263
14103,0.004737,172.31.46.0-255,66,111000,42,195263
14104,0.004753,74.125.200.0-255,1484,112484,42,195263
14105,0.007148,74.125.200.0-255,4320,116804,42,195263
14106,0.007153,172.31.46.0-255,66,116870,42,195263
14107,0.00958,74.125.200.0-255,5738,122608,42,195263
14108,0.009588,172.31.46.0-255,66,122674,42,195263
14109,0.01201,74.125.200.0-255,5738,128412,42,195263
14110,0.012019,172.31.46.0-255,66,128478,42,195263
14111,0.014448,74.125.200.0-255,5738,134216,42,195263
14112,0.014454,172.31.46.0-255,66,134282,42,195263
14113,0.016903,74.125.200.0-255,5738,140020,42,195263
14114,0.016911,172.31.46.0-255,66,140086,42,195263
14115,0.01933,74.125.200.0-255,5738,145824,42,195263
14116,0.019338,172.31.46.0-255,66,145890,42,195263
14117,0.021763,74.125.200.0-255,5738,151628,42,195263
14118,0.02177,172.31.46.0-255,66,151694,42,195263
14119,0.024181,74.125.200.0-255,5738,157432,42,195263
14120,0.02419,172.31.46.0-255,66,157498,42,195263
14121,0.026451,172.31.46.0-255,172,157670,42,195263
14122,0.026485,172.31.46.0-255,1110,158780,42,195263
14123,0.026546,172.31.46.0-255,1514,160294,42,195263
14124,0.026548,172.31.46.0-255,1299,161593,42,195263
14125,0.026596,74.125.200.0-255,4320,165913,42,195263
14126,0.026601,172.31.46.0-255,66,165979,42,195263
14127,0.026618,74.125.200.0-255,1484,167463,42,195263
14128,0.028096,104.244.42.0-255,66,167529,42,195263
14129,0.028132,104.244.42.0-255,66,167595,42,195263
14130,0.028231,104.244.42.0-255,66,167661,42,195263
14131,0.029019,74.125.200.0-255,4320,171981,42,195263
14132,0.029028,172.31.46.0-255,66,172047,42,195263
14133,0.031445,74.125.200.0-255,5738,177785,42,195263
14134,0.031452,172.31.46.0-255,66,177851,42,195263
14135,0.033867,74.125.200.0-255,5738,183589,42,195263
14136,0.033873,172.31.46.0-255,66,183655,42,195263
14137,0.036299,74.125.200.0-255,5738,189393,42,195263
14138,0.036305,172.31.46.0-255,66,189459,42,195263
14139,0.038793,74.125.200.0-255,5738,195197,42,195263
14140,0.038799,172.31.46.0-255,66,195263,42,195263
14141,0.0,74.125.24.0-255,153,153,42,257039
14142,1.9e-05,172.31.46.0-255,66,219,42,257039
14143,2.5e-05,74.125.24.0-255,1484,1703,42,257039
14144,2.9e-05,172.31.46.0-255,66,1769,42,257039
14145,4.3e-05,74.125.24.0-255,2902,4671,42,257039
14146,4.6e-05,172.31.46.0-255,66,4737,42,257039
14147,5.3e-05,74.125.24.0-255,5738,10475,42,257039
14148,5.6e-05,172.31.46.0-255,66,10541,42,257039
14149,8.9e-05,74.125.24.0-255,1484,12025,42,257039
14150,9.2e-05,172.31.46.0-255,66,12091,42,257039
14151,0.000111,74.125.24.0-255,2004,14095,42,257039
14152,0.000114,172.31.46.0-255,66,14161,42,257039
14153,0.000195,74.125.24.0-255,1484,15645,42,257039
14154,0.000199,172.31.46.0-255,66,15711,42,257039
14155,0.000203,74.125.24.0-255,1484,17195,42,257039
14156,0.000205,172.31.46.0-255,66,17261,42,257039
14157,0.000235,74.125.24.0-255,1484,18745,42,257039
14158,0.000238,172.31.46.0-255,66,18811,42,257039
14159,0.000245,74.125.24.0-255,5738,24549,42,257039
14160,0.000248,172.31.46.0-255,66,24615,42,257039
14161,0.000263,74.125.24.0-255,6797,31412,42,257039
14162,0.000266,172.31.46.0-255,66,31478,42,257039
14163,0.00031,74.125.24.0-255,4320,35798,42,257039
14164,0.000313,172.31.46.0-255,66,35864,42,257039
14165,0.00034,172.31.46.0-255,66,35930,42,257039
14166,0.000345,74.125.24.0-255,2543,38473,42,257039
14167,0.000347,172.31.46.0-255,66,38539,42,257039
14168,0.000374,74.125.24.0-255,2902,41441,42,257039
14169,0.000377,172.31.46.0-255,66,41507,42,257039
14170,0.000384,74.125.24.0-255,5738,47245,42,257039
14171,0.000386,172.31.46.0-255,66,47311,42,257039
14172,0.000419,74.125.24.0-255,1484,48795,42,257039
14173,0.000427,74.125.24.0-255,6797,55592,42,257039
14174,0.000431,172.31.46.0-255,66,55658,42,257039
14175,0.000434,74.125.24.0-255,399,56057,42,257039
14176,0.000464,74.125.24.0-255,109,56166,42,257039
14177,0.000518,74.125.24.0-255,332,56498,42,257039
14178,0.000723,74.125.24.0-255,1484,57982,42,257039
14179,0.000729,172.31.46.0-255,66,58048,42,257039
14180,0.000758,74.125.24.0-255,2902,60950,42,257039
14181,0.000761,172.31.46.0-255,66,61016,42,257039
14182,0.000765,74.125.24.0-255,2902,63918,42,257039
14183,0.000767,172.31.46.0-255,66,63984,42,257039
14184,0.000777,74.125.24.0-255,7156,71140,42,257039
14185,0.000779,172.31.46.0-255,66,71206,42,257039
14186,0.000809,74.125.24.0-255,2543,73749,42,257039
14187,0.000813,74.125.24.0-255,2902,76651,42,257039
14188,0.000818,172.31.46.0-255,66,76717,42,257039
14189,0.000825,172.31.46.0-255,66,76783,42,257039
14190,0.000835,74.125.24.0-255,2902,79685,42,257039
14191,0.000837,172.31.46.0-255,66,79751,42,257039
14192,0.00087,74.125.24.0-255,4320,84071,42,257039
14193,0.000873,172.31.46.0-255,66,84137,42,257039
14194,0.000893,74.125.24.0-255,6797,90934,42,257039
14195,0.000896,172.31.46.0-255,66,91000,42,257039
14196,0.001196,74.125.24.0-255,1484,92484,42,257039
14197,0.001205,74.125.24.0-255,2902,95386,42,257039
14198,0.001209,172.31.46.0-255,66,95452,42,257039
14199,0.001242,74.125.24.0-255,5738,101190,42,257039
14200,0.001245,172.31.46.0-255,66,101256,42,257039
14201,0.001256,172.31.46.0-255,66,101322,42,257039
14202,0.001268,74.125.24.0-255,4320,105642,42,257039
14203,0.001271,172.31.46.0-255,66,105708,42,257039
14204,0.001276,74.125.24.0-255,4320,110028,42,257039
14205,0.001283,172.31.46.0-255,66,110094,42,257039
14206,0.001312,74.125.24.0-255,6438,116532,42,257039
14207,0.001315,172.31.46.0-255,66,116598,42,257039
14208,0.001647,74.125.24.0-255,1484,118082,42,257039
14209,0.001653,74.125.24.0-255,1484,119566,42,257039
14210,0.001658,172.31.46.0-255,66,119632,42,257039
14211,0.001689,74.125.24.0-255,1484,121116,42,257039
14212,0.001697,74.125.24.0-255,5738,126854,42,257039
14213,0.0017,172.31.46.0-255,66,126920,42,257039
14214,0.001712,172.31.46.0-255,66,126986,42,257039
14215,0.001736,74.125.24.0-255,2902,129888,42,257039
14216,0.001738,172.31.46.0-255,66,129954,42,257039
14217,0.00175,172.31.46.0-255,66,130020,42,257039
14218,0.001754,74.125.24.0-255,2184,132204,42,257039
14219,0.001756,172.31.46.0-255,66,132270,42,257039
14220,0.002158,74.125.24.0-255,1484,133754,42,257039
14221,0.002164,74.125.24.0-255,2902,136656,42,257039
14222,0.002167,172.31.46.0-255,66,136722,42,257039
14223,0.002197,74.125.24.0-255,5738,142460,42,257039
14224,0.002199,172.31.46.0-255,66,142526,42,257039
14225,0.00226,74.125.24.0-255,4320,146846,42,257039
14226,0.002262,172.31.46.0-255,66,146912,42,257039
14227,0.002269,74.125.24.0-255,5738,152650,42,257039
14228,0.002272,172.31.46.0-255,66,152716,42,257039
14229,0.002282,172.31.46.0-255,66,152782,42,257039
14230,0.002309,74.125.24.0-255,2902,155684,42,257039
14231,0.002311,172.31.46.0-255,66,155750,42,257039
14232,0.002318,74.125.24.0-255,5738,161488,42,257039
14233,0.002321,172.31.46.0-255,66,161554,42,257039
14234,0.002349,74.125.24.0-255,6438,167992,42,257039
14235,0.002352,172.31.46.0-255,66,168058,42,257039
14236,0.002362,172.31.46.0-255,66,168124,42,257039
14237,0.002393,74.125.24.0-255,4320,172444,42,257039
14238,0.002395,172.31.46.0-255,66,172510,42,257039
14239,0.002402,74.125.24.0-255,7156,179666,42,257039
14240,0.002405,172.31.46.0-255,66,179732,42,257039
14241,0.002427,74.125.24.0-255,3602,183334,42,257039
14242,0.002429,172.31.46.0-255,66,183400,42,257039
14243,0.002601,74.125.24.0-255,1484,184884,42,257039
14244,0.002617,74.125.24.0-255,2902,187786,42,257039
14245,0.00262,172.31.46.0-255,66,187852,42,257039
14246,0.002623,74.125.24.0-255,1484,189336,42,257039
14247,0.002646,74.125.24.0-255,4320,193656,42,257039
14248,0.002649,172.31.46.0-255,66,193722,42,257039
14249,0.002654,74.125.24.0-255,2902,196624,42,257039
14250,0.002656,172.31.46.0-255,66,196690,42,257039
14251,0.002688,74.125.24.0-255,5738,202428,42,257039
14252,0.002691,172.31.46.0-255,66,202494,42,257039
14253,0.002702,172.31.46.0-255,66,202560,42,257039
14254,0.002708,74.125.24.0-255,5020,207580,42,257039
14255,0.002711,172.31.46.0-255,66,207646,42,257039
14256,0.003247,74.125.24.0-255,1484,209130,42,257039
14257,0.003271,74.125.24.0-255,2902,212032,42,257039
14258,0.003274,172.31.46.0-255,66,212098,42,257039
14259,0.003298,74.125.24.0-255,2902,215000,42,257039
14260,0.003301,172.31.46.0-255,66,215066,42,257039
14261,0.003306,74.125.24.0-255,4320,219386,42,257039
14262,0.003309,172.31.46.0-255,66,219452,42,257039
14263,0.003334,74.125.24.0-255,2902,222354,42,257039
14264,0.003337,172.31.46.0-255,66,222420,42,257039
14265,0.003342,74.125.24.0-255,4320,226740,42,257039
14266,0.003344,172.31.46.0-255,66,226806,42,257039
14267,0.003381,172.31.46.0-255,66,226872,42,257039
14268,0.003387,74.125.24.0-255,5020,231892,42,257039
14269,0.003389,172.31.46.0-255,66,231958,42,257039
14270,0.003445,74.125.24.0-255,1484,233442,42,257039
14271,0.003462,74.125.24.0-255,2902,236344,42,257039
14272,0.003465,172.31.46.0-255,66,236410,42,257039
14273,0.003472,74.125.24.0-255,5738,242148,42,257039
14274,0.003474,172.31.46.0-255,66,242214,42,257039
14275,0.003518,172.31.46.0-255,66,242280,42,257039
14276,0.003544,74.125.24.0-255,5738,248018,42,257039
14277,0.003546,172.31.46.0-255,66,248084,42,257039
14278,0.00358,172.31.46.0-255,66,248150,42,257039
14279,0.003604,74.125.24.0-255,2184,250334,42,257039
14280,0.003607,172.31.46.0-255,66,250400,42,257039
14281,0.00362,172.31.46.0-255,66,250466,42,257039
14282,0.003622,74.125.24.0-255,1484,251950,42,257039
14283,0.003661,74.125.24.0-255,2902,254852,42,257039
14284,0.003664,172.31.46.0-255,66,254918,42,257039
14285,0.003709,172.31.46.0-255,66,254984,42,257039
14286,0.003726,172.31.46.0-255,66,255050,42,257039
14287,0.003728,74.125.24.0-255,1484,256534,42,257039
14288,0.003739,172.31.46.0-255,66,256600,42,257039
14289,0.003741,74.125.24.0-255,97,256697,42,257039
14290,0.003743,74.125.24.0-255,105,256802,42,257039
14291,0.008142,172.31.46.0-255,66,256868,42,257039
14292,0.008182,172.31.46.0-255,105,256973,42,257039
14293,0.010513,74.125.24.0-255,66,257039,42,257039
14294,0.0,74.125.24.0-255,153,153,42,194093
14295,1.8e-05,74.125.24.0-255,1484,1637,42,194093
14296,2.9e-05,172.31.46.0-255,66,1703,42,194093
14297,3.7e-05,74.125.24.0-255,2902,4605,42,194093
14298,4.1e-05,172.31.46.0-255,66,4671,42,194093
14299,5.5e-05,74.125.24.0-255,7156,11827,42,194093
14300,5.8e-05,172.31.46.0-255,66,11893,42,194093
14301,6.5e-05,74.125.24.0-255,6348,18241,42,194093
14302,6.9e-05,172.31.46.0-255,66,18307,42,194093
14303,0.000118,172.31.46.0-255,66,18373,42,194093
14304,0.000142,74.125.24.0-255,2543,20916,42,194093
14305,0.000145,172.31.46.0-255,66,20982,42,194093
14306,0.000201,74.125.24.0-255,1484,22466,42,194093
14307,0.000206,74.125.24.0-255,2902,25368,42,194093
14308,0.000208,172.31.46.0-255,66,25434,42,194093
14309,0.000238,74.125.24.0-255,5738,31172,42,194093
14310,0.000241,172.31.46.0-255,66,31238,42,194093
14311,0.000289,172.31.46.0-255,66,31304,42,194093
14312,0.00033,172.31.46.0-255,66,31370,42,194093
14313,0.000333,74.125.24.0-255,414,31784,42,194093
14314,0.00049,74.125.24.0-255,1484,33268,42,194093
14315,0.000496,172.31.46.0-255,66,33334,42,194093
14316,0.000501,74.125.24.0-255,2902,36236,42,194093
14317,0.000504,172.31.46.0-255,66,36302,42,194093
14318,0.000512,74.125.24.0-255,1484,37786,42,194093
14319,0.000538,74.125.24.0-255,4320,42106,42,194093
14320,0.000553,172.31.46.0-255,66,42172,42,194093
14321,0.000556,172.31.46.0-255,66,42238,42,194093
14322,0.000595,172.31.46.0-255,66,42304,42,194093
14323,0.000985,74.125.24.0-255,1484,43788,42,194093
14324,0.000992,74.125.24.0-255,2902,46690,42,194093
14325,0.000995,172.31.46.0-255,66,46756,42,194093
14326,0.001002,74.125.24.0-255,5738,52494,42,194093
14327,0.001004,172.31.46.0-255,66,52560,42,194093
14328,0.001021,74.125.24.0-255,1484,54044,42,194093
14329,0.00106,172.31.46.0-255,66,54110,42,194093
14330,0.001096,172.31.46.0-255,66,54176,42,194093
14331,0.001474,74.125.24.0-255,1484,55660,42,194093
14332,0.001492,74.125.24.0-255,2902,58562,42,194093
14333,0.001495,172.31.46.0-255,66,58628,42,194093
14334,0.001513,74.125.24.0-255,2902,61530,42,194093
14335,0.001516,172.31.46.0-255,66,61596,42,194093
14336,0.001541,74.125.24.0-255,2902,64498,42,194093
14337,0.001543,172.31.46.0-255,66,64564,42,194093
14338,0.001549,74.125.24.0-255,5738,70302,42,194093
14339,0.001551,172.31.46.0-255,66,70368,42,194093
14340,0.001563,74.125.24.0-255,7156,77524,42,194093
14341,0.001566,172.31.46.0-255,66,77590,42,194093
14342,0.001571,74.125.24.0-255,4320,81910,42,194093
14343,0.001573,172.31.46.0-255,66,81976,42,194093
14344,0.001607,74.125.24.0-255,6438,88414,42,194093
14345,0.00161,172.31.46.0-255,66,88480,42,194093
14346,0.001654,74.125.24.0-255,4320,92800,42,194093
14347,0.001657,172.31.46.0-255,66,92866,42,194093
14348,0.001688,74.125.24.0-255,7156,100022,42,194093
14349,0.001691,172.31.46.0-255,66,100088,42,194093
14350,0.001707,172.31.46.0-255,66,100154,42,194093
14351,0.00172,172.31.46.0-255,66,100220,42,194093
14352,0.001746,74.125.24.0-255,4320,104540,42,194093
14353,0.001748,172.31.46.0-255,66,104606,42,194093
14354,0.001754,74.125.24.0-255,5738,110344,42,194093
14355,0.001761,172.31.46.0-255,66,110410,42,194093
14356,0.001806,172.31.46.0-255,66,110476,42,194093
14357,0.001813,74.125.24.0-255,7156,117632,42,194093
14358,0.001815,172.31.46.0-255,66,117698,42,194093
14359,0.001845,74.125.24.0-255,5020,122718,42,194093
14360,0.001847,172.31.46.0-255,66,122784,42,194093
14361,0.00199,74.125.24.0-255,1484,124268,42,194093
14362,0.001995,74.125.24.0-255,2902,127170,42,194093
14363,0.001998,172.31.46.0-255,66,127236,42,194093
14364,0.002025,74.125.24.0-255,5738,132974,42,194093
14365,0.002027,172.31.46.0-255,66,133040,42,194093
14366,0.002069,172.31.46.0-255,66,133106,42,194093
14367,0.002096,74.125.24.0-255,1484,134590,42,194093
14368,0.002109,172.31.46.0-255,66,134656,42,194093
14369,0.002153,74.125.24.0-255,1484,136140,42,194093
14370,0.002159,74.125.24.0-255,2902,139042,42,194093
14371,0.002162,172.31.46.0-255,66,139108,42,194093
14372,0.002192,74.125.24.0-255,5738,144846,42,194093
14373,0.002195,172.31.46.0-255,66,144912,42,194093
14374,0.002213,172.31.46.0-255,66,144978,42,194093
14375,0.002219,74.125.24.0-255,5738,150716,42,194093
14376,0.002221,172.31.46.0-255,66,150782,42,194093
14377,0.002258,74.125.24.0-255,6438,157220,42,194093
14378,0.002261,172.31.46.0-255,66,157286,42,194093
14379,0.002264,74.125.24.0-255,1484,158770,42,194093
14380,0.002269,74.125.24.0-255,2902,161672,42,194093
14381,0.002271,172.31.46.0-255,66,161738,42,194093
14382,0.002278,74.125.24.0-255,5738,167476,42,194093
14383,0.00228,172.31.46.0-255,66,167542,42,194093
14384,0.002287,74.125.24.0-255,5738,173280,42,194093
14385,0.002289,172.31.46.0-255,66,173346,42,194093
14386,0.002332,74.125.24.0-255,7156,180502,42,194093
14387,0.002336,172.31.46.0-255,66,180568,42,194093
14388,0.002352,172.31.46.0-255,66,180634,42,194093
14389,0.002367,172.31.46.0-255,66,180700,42,194093
14390,0.002411,172.31.46.0-255,66,180766,42,194093
14391,0.002423,172.31.46.0-255,66,180832,42,194093
14392,0.002426,74.125.24.0-255,1484,182316,42,194093
14393,0.00244,172.31.46.0-255,66,182382,42,194093
14394,0.002443,74.125.24.0-255,1484,183866,42,194093
14395,0.002487,74.125.24.0-255,2902,186768,42,194093
14396,0.002489,172.31.46.0-255,66,186834,42,194093
14397,0.002516,74.125.24.0-255,2624,189458,42,194093
14398,0.002519,172.31.46.0-255,66,189524,42,194093
14399,0.002522,74.125.24.0-255,105,189629,42,194093
14400,0.011111,172.31.46.0-255,105,189734,42,194093
14401,0.013443,74.125.24.0-255,66,189800,42,194093
14402,0.03067,172.31.46.0-255,172,189972,42,194093
14403,0.030705,172.31.46.0-255,1107,191079,42,194093
14404,0.030783,172.31.46.0-255,1514,192593,42,194093
14405,0.030785,172.31.46.0-255,1302,193895,42,194093
14406,0.032239,104.244.42.0-255,66,193961,42,194093
14407,0.03225,104.244.42.0-255,66,194027,42,194093
14408,0.032339,104.244.42.0-255,66,194093,42,194093
14409,0.0,172.31.46.0-255,105,105,42,459
14410,0.000284,172.31.46.0-255,90,195,42,459
14411,0.000295,172.31.46.0-255,66,261,42,459
14412,0.002882,172.217.194.0-255,66,327,42,459
14413,0.002914,172.217.194.0-255,66,393,42,459
14414,0.002939,172.31.46.0-255,66,459,42,459
14415,0.0,172.217.194.0-255,153,153,42,287368
14416,1.4e-05,172.31.46.0-255,66,219,42,287368
14417,2.2e-05,172.217.194.0-255,1484,1703,42,287368
14418,2.6e-05,172.31.46.0-255,66,1769,42,287368
14419,3.2e-05,172.217.194.0-255,2902,4671,42,287368
14420,3.6e-05,172.31.46.0-255,66,4737,42,287368
14421,3.9e-05,172.217.194.0-255,1484,6221,42,287368
14422,4.1e-05,172.31.46.0-255,66,6287,42,287368
14423,7.2e-05,172.217.194.0-255,4320,10607,42,287368
14424,7.5e-05,172.31.46.0-255,66,10673,42,287368
14425,8.1e-05,172.217.194.0-255,3520,14193,42,287368
14426,8.4e-05,172.31.46.0-255,66,14259,42,287368
14427,0.00013,172.217.194.0-255,1484,15743,42,287368
14428,0.000132,172.31.46.0-255,66,15809,42,287368
14429,0.000138,172.217.194.0-255,2902,18711,42,287368
14430,0.00014,172.31.46.0-255,66,18777,42,287368
14431,0.000162,172.217.194.0-255,5738,24515,42,287368
14432,0.000165,172.31.46.0-255,66,24581,42,287368
14433,0.000198,172.217.194.0-255,6797,31378,42,287368
14434,0.000201,172.31.46.0-255,66,31444,42,287368
14435,0.000233,172.217.194.0-255,4320,35764,42,287368
14436,0.000236,172.31.46.0-255,66,35830,42,287368
14437,0.000256,172.217.194.0-255,1484,37314,42,287368
14438,0.000258,172.31.46.0-255,66,37380,42,287368
14439,0.000265,172.217.194.0-255,7156,44536,42,287368
14440,0.000267,172.31.46.0-255,66,44602,42,287368
14441,0.000278,172.217.194.0-255,1484,46086,42,287368
14442,0.00028,172.31.46.0-255,66,46152,42,287368
14443,0.000295,172.217.194.0-255,2543,48695,42,287368
14444,0.000298,172.31.46.0-255,66,48761,42,287368
14445,0.000316,172.217.194.0-255,4320,53081,42,287368
14446,0.000318,172.31.46.0-255,66,53147,42,287368
14447,0.000335,172.217.194.0-255,1484,54631,42,287368
14448,0.000337,172.31.46.0-255,66,54697,42,287368
14449,0.000359,172.217.194.0-255,4320,59017,42,287368
14450,0.000361,172.31.46.0-255,66,59083,42,287368
14451,0.000393,172.217.194.0-255,7073,66156,42,287368
14452,0.000395,172.31.46.0-255,66,66222,42,287368
14453,0.000419,172.217.194.0-255,431,66653,42,287368
14454,0.000421,172.31.46.0-255,66,66719,42,287368
14455,0.000468,172.217.194.0-255,1484,68203,42,287368
14456,0.000471,172.31.46.0-255,66,68269,42,287368
14457,0.000475,172.217.194.0-255,2902,71171,42,287368
14458,0.000478,172.31.46.0-255,66,71237,42,287368
14459,0.000488,172.217.194.0-255,1484,72721,42,287368
14460,0.00049,172.31.46.0-255,66,72787,42,287368
14461,0.000493,172.217.194.0-255,1484,74271,42,287368
14462,0.000495,172.31.46.0-255,66,74337,42,287368
14463,0.000535,172.217.194.0-255,4320,78657,42,287368
14464,0.000538,172.31.46.0-255,66,78723,42,287368
14465,0.00056,172.217.194.0-255,5379,84102,42,287368
14466,0.000562,172.31.46.0-255,66,84168,42,287368
14467,0.000815,172.217.194.0-255,1484,85652,42,287368
14468,0.000819,172.31.46.0-255,66,85718,42,287368
14469,0.000822,172.217.194.0-255,1484,87202,42,287368
14470,0.000824,172.31.46.0-255,66,87268,42,287368
14471,0.000838,172.217.194.0-255,1484,88752,42,287368
14472,0.00084,172.31.46.0-255,66,88818,42,287368
14473,0.000845,172.217.194.0-255,4320,93138,42,287368
14474,0.000848,172.31.46.0-255,66,93204,42,287368
14475,0.000891,172.217.194.0-255,5738,98942,42,287368
14476,0.000895,172.31.46.0-255,66,99008,42,287368
14477,0.000903,172.217.194.0-255,2543,101551,42,287368
14478,0.000905,172.31.46.0-255,66,101617,42,287368
14479,0.001223,172.217.194.0-255,1484,103101,42,287368
14480,0.001228,172.217.194.0-255,2902,106003,42,287368
14481,0.001236,172.31.46.0-255,66,106069,42,287368
14482,0.001239,172.31.46.0-255,66,106135,42,287368
14483,0.001243,172.217.194.0-255,2902,109037,42,287368
14484,0.001245,172.31.46.0-255,66,109103,42,287368
14485,0.001271,172.217.194.0-255,2902,112005,42,287368
14486,0.001274,172.31.46.0-255,66,112071,42,287368
14487,0.001281,172.217.194.0-255,7156,119227,42,287368
14488,0.001282,172.31.46.0-255,66,119293,42,287368
14489,0.001307,172.217.194.0-255,5738,125031,42,287368
14490,0.001309,172.31.46.0-255,66,125097,42,287368
14491,0.001333,172.31.46.0-255,66,125163,42,287368
14492,0.001337,172.217.194.0-255,2184,127347,42,287368
14493,0.001339,172.31.46.0-255,66,127413,42,287368
14494,0.001711,172.217.194.0-255,1484,128897,42,287368
14495,0.001716,172.31.46.0-255,66,128963,42,287368
14496,0.001738,172.217.194.0-255,2902,131865,42,287368
14497,0.001741,172.31.46.0-255,66,131931,42,287368
14498,0.001747,172.217.194.0-255,5738,137669,42,287368
14499,0.001749,172.31.46.0-255,66,137735,42,287368
14500,0.001754,172.217.194.0-255,5738,143473,42,287368
14501,0.001756,172.31.46.0-255,66,143539,42,287368
14502,0.001785,172.217.194.0-255,7156,150695,42,287368
14503,0.001788,172.31.46.0-255,66,150761,42,287368
14504,0.001798,172.31.46.0-255,66,150827,42,287368
14505,0.002052,172.217.194.0-255,1484,152311,42,287368
14506,0.002058,172.31.46.0-255,66,152377,42,287368
14507,0.002063,172.217.194.0-255,2902,155279,42,287368
14508,0.002065,172.31.46.0-255,66,155345,42,287368
14509,0.002083,172.217.194.0-255,5738,161083,42,287368
14510,0.002085,172.31.46.0-255,66,161149,42,287368
14511,0.002112,172.217.194.0-255,1484,162633,42,287368
14512,0.002114,172.31.46.0-255,66,162699,42,287368
14513,0.002143,172.31.46.0-255,66,162765,42,287368
14514,0.002149,172.217.194.0-255,5738,168503,42,287368
14515,0.00215,172.31.46.0-255,66,168569,42,287368
14516,0.002175,172.217.194.0-255,2902,171471,42,287368
14517,0.002177,172.31.46.0-255,66,171537,42,287368
14518,0.00219,172.217.194.0-255,2184,173721,42,287368
14519,0.002191,172.31.46.0-255,66,173787,42,287368
14520,0.002256,172.217.194.0-255,1484,175271,42,287368
14521,0.00226,172.31.46.0-255,66,175337,42,287368
14522,0.002266,172.217.194.0-255,2902,178239,42,287368
14523,0.002267,172.31.46.0-255,66,178305,42,287368
14524,0.002271,172.217.194.0-255,1484,179789,42,287368
14525,0.002292,172.217.194.0-255,4320,184109,42,287368
14526,0.002294,172.31.46.0-255,66,184175,42,287368
14527,0.002297,172.217.194.0-255,1484,185659,42,287368
14528,0.002317,172.31.46.0-255,66,185725,42,287368
14529,0.002343,172.217.194.0-255,2902,188627,42,287368
14530,0.002345,172.31.46.0-255,66,188693,42,287368
14531,0.002353,172.217.194.0-255,7156,195849,42,287368
14532,0.002356,172.31.46.0-255,66,195915,42,287368
14533,0.002381,172.217.194.0-255,3602,199517,42,287368
14534,0.002384,172.31.46.0-255,66,199583,42,287368
14535,0.002507,172.217.194.0-255,1484,201067,42,287368
14536,0.002524,172.217.194.0-255,2902,203969,42,287368
14537,0.002527,172.31.46.0-255,66,204035,42,287368
14538,0.00255,172.217.194.0-255,5738,209773,42,287368
14539,0.002552,172.31.46.0-255,66,209839,42,287368
14540,0.002596,172.31.46.0-255,66,209905,42,287368
14541,0.002609,172.31.46.0-255,66,209971,42,287368
14542,0.00264,172.217.194.0-255,1484,211455,42,287368
14543,0.002643,172.217.194.0-255,1484,212939,42,287368
14544,0.002645,172.31.46.0-255,66,213005,42,287368
14545,0.002663,172.217.194.0-255,1484,214489,42,287368
14546,0.00267,172.217.194.0-255,5738,220227,42,287368
14547,0.002672,172.31.46.0-255,66,220293,42,287368
14548,0.002697,172.31.46.0-255,66,220359,42,287368
14549,0.00271,172.217.194.0-255,4320,224679,42,287368
14550,0.002712,172.31.46.0-255,66,224745,42,287368
14551,0.002717,172.217.194.0-255,2902,227647,42,287368
14552,0.002719,172.31.46.0-255,66,227713,42,287368
14553,0.002757,172.31.46.0-255,66,227779,42,287368
14554,0.002759,172.217.194.0-255,1484,229263,42,287368
14555,0.002767,172.217.194.0-255,7156,236419,42,287368
14556,0.002769,172.31.46.0-255,66,236485,42,287368
14557,0.002773,172.217.194.0-255,2902,239387,42,287368
14558,0.002775,172.31.46.0-255,66,239453,42,287368
14559,0.002811,172.31.46.0-255,66,239519,42,287368
14560,0.002813,172.217.194.0-255,1484,241003,42,287368
14561,0.00283,172.217.194.0-255,2902,243905,42,287368
14562,0.002833,172.31.46.0-255,66,243971,42,287368
14563,0.002839,172.217.194.0-255,5738,249709,42,287368
14564,0.002841,172.31.46.0-255,66,249775,42,287368
14565,0.002906,172.31.46.0-255,66,249841,42,287368
14566,0.002925,172.217.194.0-255,4320,254161,42,287368
14567,0.002927,172.31.46.0-255,66,254227,42,287368
14568,0.002933,172.217.194.0-255,5738,259965,42,287368
14569,0.002936,172.31.46.0-255,66,260031,42,287368
14570,0.002942,172.217.194.0-255,5020,265051,42,287368
14571,0.002944,172.31.46.0-255,66,265117,42,287368
14572,0.00295,172.217.194.0-255,5738,270855,42,287368
14573,0.002953,172.31.46.0-255,66,270921,42,287368
14574,0.002958,172.217.194.0-255,5738,276659,42,287368
14575,0.002962,172.31.46.0-255,66,276725,42,287368
14576,0.002994,172.217.194.0-255,2902,279627,42,287368
14577,0.002996,172.31.46.0-255,66,279693,42,287368
14578,0.003025,172.217.194.0-255,105,279798,42,287368
14579,0.004328,172.31.46.0-255,66,279864,42,287368
14580,0.005955,172.31.46.0-255,105,279969,42,287368
14581,0.008277,172.217.194.0-255,66,280035,42,287368
14582,0.033476,172.31.46.0-255,163,280198,42,287368
14583,0.033511,172.31.46.0-255,1139,281337,42,287368
14584,0.033588,172.31.46.0-255,1514,282851,42,287368
14585,0.033591,172.31.46.0-255,1514,284365,42,287368
14586,0.033594,172.31.46.0-255,1514,285879,42,287368
14587,0.033595,172.31.46.0-255,1051,286930,42,287368
14588,0.035101,104.244.42.0-255,66,286996,42,287368
14589,0.035139,104.244.42.0-255,66,287062,42,287368
14590,0.035166,104.244.42.0-255,66,287128,42,287368
14591,0.035186,104.244.42.0-255,66,287194,42,287368
14592,0.039836,104.244.42.0-255,108,287302,42,287368
14593,0.039842,172.31.46.0-255,66,287368,42,287368
14594,0.0,74.125.130.0-255,153,153,42,251336
14595,2.1e-05,172.31.46.0-255,66,219,42,251336
14596,2.8e-05,74.125.130.0-255,1484,1703,42,251336
14597,3.3e-05,172.31.46.0-255,66,1769,42,251336
14598,3.9e-05,74.125.130.0-255,2902,4671,42,251336
14599,5.2e-05,172.31.46.0-255,66,4737,42,251336
14600,5.8e-05,74.125.130.0-255,5738,10475,42,251336
14601,6.2e-05,172.31.46.0-255,66,10541,42,251336
14602,9.6e-05,74.125.130.0-255,3422,13963,42,251336
14603,9.9e-05,172.31.46.0-255,66,14029,42,251336
14604,0.000297,74.125.130.0-255,1484,15513,42,251336
14605,0.000303,172.31.46.0-255,66,15579,42,251336
14606,0.000309,74.125.130.0-255,2902,18481,42,251336
14607,0.000311,172.31.46.0-255,66,18547,42,251336
14608,0.00032,74.125.130.0-255,2902,21449,42,251336
14609,0.000323,172.31.46.0-255,66,21515,42,251336
14610,0.000359,74.125.130.0-255,2902,24417,42,251336
14611,0.000363,172.31.46.0-255,66,24483,42,251336
14612,0.000367,74.125.130.0-255,2902,27385,42,251336
14613,0.000369,172.31.46.0-255,66,27451,42,251336
14614,0.000375,74.125.130.0-255,3961,31412,42,251336
14615,0.000378,172.31.46.0-255,66,31478,42,251336
14616,0.000384,74.125.130.0-255,4320,35798,42,251336
14617,0.000386,172.31.46.0-255,66,35864,42,251336
14618,0.000439,74.125.130.0-255,5738,41602,42,251336
14619,0.000442,172.31.46.0-255,66,41668,42,251336
14620,0.000449,74.125.130.0-255,6797,48465,42,251336
14621,0.000451,172.31.46.0-255,66,48531,42,251336
14622,0.000796,74.125.130.0-255,1484,50015,42,251336
14623,0.0008,172.31.46.0-255,66,50081,42,251336
14624,0.000806,74.125.130.0-255,2902,52983,42,251336
14625,0.000809,172.31.46.0-255,66,53049,42,251336
14626,0.000838,74.125.130.0-255,5738,58787,42,251336
14627,0.00084,172.31.46.0-255,66,58853,42,251336
14628,0.000844,74.125.130.0-255,2902,61755,42,251336
14629,0.000846,172.31.46.0-255,66,61821,42,251336
14630,0.000888,74.125.130.0-255,2902,64723,42,251336
14631,0.000893,172.31.46.0-255,66,64789,42,251336
14632,0.00091,74.125.130.0-255,1705,66494,42,251336
14633,0.000913,172.31.46.0-255,66,66560,42,251336
14634,0.000972,74.125.130.0-255,1484,68044,42,251336
14635,0.000978,74.125.130.0-255,2902,70946,42,251336
14636,0.000982,172.31.46.0-255,66,71012,42,251336
14637,0.000987,74.125.130.0-255,4320,75332,42,251336
14638,0.000989,172.31.46.0-255,66,75398,42,251336
14639,0.000992,74.125.130.0-255,1484,76882,42,251336
14640,0.001025,74.125.130.0-255,4320,81202,42,251336
14641,0.001028,172.31.46.0-255,66,81268,42,251336
14642,0.001052,172.31.46.0-255,66,81334,42,251336
14643,0.001093,74.125.130.0-255,5738,87072,42,251336
14644,0.001096,172.31.46.0-255,66,87138,42,251336
14645,0.001114,74.125.130.0-255,2543,89681,42,251336
14646,0.001116,172.31.46.0-255,66,89747,42,251336
14647,0.001438,74.125.130.0-255,1484,91231,42,251336
14648,0.001446,74.125.130.0-255,2902,94133,42,251336
14649,0.001451,172.31.46.0-255,66,94199,42,251336
14650,0.001455,74.125.130.0-255,1484,95683,42,251336
14651,0.001474,74.125.130.0-255,4320,100003,42,251336
14652,0.001477,172.31.46.0-255,66,100069,42,251336
14653,0.001512,172.31.46.0-255,66,100135,42,251336
14654,0.001538,74.125.130.0-255,2902,103037,42,251336
14655,0.001541,172.31.46.0-255,66,103103,42,251336
14656,0.001546,74.125.130.0-255,4320,107423,42,251336
14657,0.001549,172.31.46.0-255,66,107489,42,251336
14658,0.00157,74.125.130.0-255,6438,113927,42,251336
14659,0.001573,172.31.46.0-255,66,113993,42,251336
14660,0.001981,74.125.130.0-255,1484,115477,42,251336
14661,0.001989,74.125.130.0-255,2902,118379,42,251336
14662,0.001994,172.31.46.0-255,66,118445,42,251336
14663,0.001998,74.125.130.0-255,2902,121347,42,251336
14664,0.002001,172.31.46.0-255,66,121413,42,251336
14665,0.002022,74.125.130.0-255,2902,124315,42,251336
14666,0.002025,172.31.46.0-255,66,124381,42,251336
14667,0.002028,74.125.130.0-255,1484,125865,42,251336
14668,0.002036,74.125.130.0-255,2902,128767,42,251336
14669,0.002038,172.31.46.0-255,66,128833,42,251336
14670,0.002045,74.125.130.0-255,5738,134571,42,251336
14671,0.002047,172.31.46.0-255,66,134637,42,251336
14672,0.002091,172.31.46.0-255,66,134703,42,251336
14673,0.002119,74.125.130.0-255,3602,138305,42,251336
14674,0.002122,172.31.46.0-255,66,138371,42,251336
14675,0.002199,74.125.130.0-255,1484,139855,42,251336
14676,0.002204,74.125.130.0-255,2902,142757,42,251336
14677,0.002206,172.31.46.0-255,66,142823,42,251336
14678,0.002211,74.125.130.0-255,2902,145725,42,251336
14679,0.002213,172.31.46.0-255,66,145791,42,251336
14680,0.002236,74.125.130.0-255,1484,147275,42,251336
14681,0.002242,74.125.130.0-255,5738,153013,42,251336
14682,0.002244,172.31.46.0-255,66,153079,42,251336
14683,0.002281,172.31.46.0-255,66,153145,42,251336
14684,0.002286,74.125.130.0-255,4320,157465,42,251336
14685,0.002289,172.31.46.0-255,66,157531,42,251336
14686,0.00232,74.125.130.0-255,1484,159015,42,251336
14687,0.002341,74.125.130.0-255,2184,161199,42,251336
14688,0.002343,172.31.46.0-255,66,161265,42,251336
14689,0.00471,74.125.130.0-255,1484,162749,42,251336
14690,0.004759,74.125.130.0-255,4320,167069,42,251336
14691,0.004762,172.31.46.0-255,66,167135,42,251336
14692,0.007186,74.125.130.0-255,5738,172873,42,251336
14693,0.007192,172.31.46.0-255,66,172939,42,251336
14694,0.009646,74.125.130.0-255,5738,178677,42,251336
14695,0.009653,172.31.46.0-255,66,178743,42,251336
14696,0.012084,74.125.130.0-255,5738,184481,42,251336
14697,0.012091,172.31.46.0-255,66,184547,42,251336
14698,0.014534,74.125.130.0-255,5738,190285,42,251336
14699,0.014544,172.31.46.0-255,66,190351,42,251336
14700,0.016995,74.125.130.0-255,5738,196089,42,251336
14701,0.017004,172.31.46.0-255,66,196155,42,251336
14702,0.019441,74.125.130.0-255,5738,201893,42,251336
14703,0.01945,172.31.46.0-255,66,201959,42,251336
14704,0.021883,74.125.130.0-255,5738,207697,42,251336
14705,0.02189,172.31.46.0-255,66,207763,42,251336
14706,0.02434,74.125.130.0-255,4320,212083,42,251336
14707,0.024349,172.31.46.0-255,66,212149,42,251336
14708,0.02438,74.125.130.0-255,1484,213633,42,251336
14709,0.026783,74.125.130.0-255,4320,217953,42,251336
14710,0.026792,172.31.46.0-255,66,218019,42,251336
14711,0.028445,172.31.46.0-255,176,218195,42,251336
14712,0.028479,172.31.46.0-255,1110,219305,42,251336
14713,0.02855,172.31.46.0-255,1514,220819,42,251336
14714,0.028552,172.31.46.0-255,1299,222118,42,251336
14715,0.029225,74.125.130.0-255,5738,227856,42,251336
14716,0.029232,172.31.46.0-255,66,227922,42,251336
14717,0.030124,104.244.42.0-255,66,227988,42,251336
14718,0.03016,104.244.42.0-255,66,228054,42,251336
14719,0.030205,104.244.42.0-255,66,228120,42,251336
14720,0.031658,74.125.130.0-255,5738,233858,42,251336
14721,0.031663,172.31.46.0-255,66,233924,42,251336
14722,0.034117,74.125.130.0-255,5738,239662,42,251336
14723,0.034123,172.31.46.0-255,66,239728,42,251336
14724,0.036557,74.125.130.0-255,5738,245466,42,251336
14725,0.036564,172.31.46.0-255,66,245532,42,251336
14726,0.038999,74.125.130.0-255,5738,251270,42,251336
14727,0.039005,172.31.46.0-255,66,251336,42,251336
