,TIME,SRC,PACKET_SIZE,CUMULATIVE_PACKET_SIZE,PAGE_NUMBER,TOTAL_PACKET_SIZE
0,0.0,172.217.194.0-255,152,152,48,214290
1,1.7e-05,172.31.46.0-255,66,218,48,214290
2,2.5e-05,172.217.194.0-255,1484,1702,48,214290
3,2.9e-05,172.31.46.0-255,66,1768,48,214290
4,3.5e-05,172.217.194.0-255,2902,4670,48,214290
5,4.5e-05,172.31.46.0-255,66,4736,48,214290
6,5.2e-05,172.217.194.0-255,5738,10474,48,214290
7,5.5e-05,172.31.46.0-255,66,10540,48,214290
8,7.9e-05,172.217.194.0-255,3545,14085,48,214290
9,8.6e-05,172.31.46.0-255,66,14151,48,214290
10,0.000115,172.217.194.0-255,4320,18471,48,214290
11,0.000118,172.31.46.0-255,66,18537,48,214290
12,0.000126,172.217.194.0-255,7156,25693,48,214290
13,0.000129,172.31.46.0-255,66,25759,48,214290
14,0.000158,172.217.194.0-255,2902,28661,48,214290
15,0.00016,172.31.46.0-255,66,28727,48,214290
16,0.000165,172.217.194.0-255,2543,31270,48,214290
17,0.000167,172.31.46.0-255,66,31336,48,214290
18,0.000478,172.217.194.0-255,1484,32820,48,214290
19,0.000484,172.31.46.0-255,66,32886,48,214290
20,0.000491,172.217.194.0-255,2902,35788,48,214290
21,0.000494,172.31.46.0-255,66,35854,48,214290
22,0.000518,172.217.194.0-255,4320,40174,48,214290
23,0.000521,172.31.46.0-255,66,40240,48,214290
24,0.000532,172.217.194.0-255,5738,45978,48,214290
25,0.000535,172.31.46.0-255,66,46044,48,214290
26,0.000569,172.31.46.0-255,66,46110,48,214290
27,0.00061,172.217.194.0-255,7156,53266,48,214290
28,0.000615,172.31.46.0-255,66,53332,48,214290
29,0.000638,172.217.194.0-255,2543,55875,48,214290
30,0.000641,172.31.46.0-255,66,55941,48,214290
31,0.000643,172.217.194.0-255,377,56318,48,214290
32,0.000996,172.217.194.0-255,365,56683,48,214290
33,0.001111,172.217.194.0-255,1484,58167,48,214290
34,0.001122,172.217.194.0-255,1484,59651,48,214290
35,0.001127,172.31.46.0-255,66,59717,48,214290
36,0.00114,172.217.194.0-255,1484,61201,48,214290
37,0.001151,172.217.194.0-255,5738,66939,48,214290
38,0.001181,172.31.46.0-255,66,67005,48,214290
39,0.0012,172.217.194.0-255,4320,71325,48,214290
40,0.001215,172.31.46.0-255,66,71391,48,214290
41,0.001242,172.217.194.0-255,7156,78547,48,214290
42,0.001245,172.31.46.0-255,66,78613,48,214290
43,0.001273,172.217.194.0-255,3602,82215,48,214290
44,0.00128,172.31.46.0-255,66,82281,48,214290
45,0.002087,172.217.194.0-255,1484,83765,48,214290
46,0.002099,172.217.194.0-255,2902,86667,48,214290
47,0.002103,172.31.46.0-255,66,86733,48,214290
48,0.002111,172.217.194.0-255,5738,92471,48,214290
49,0.00215,172.217.194.0-255,2902,95373,48,214290
50,0.002288,172.217.194.0-255,1484,96857,48,214290
51,0.002294,172.217.194.0-255,2902,99759,48,214290
52,0.002312,172.217.194.0-255,5738,105497,48,214290
53,0.002375,172.217.194.0-255,7156,112653,48,214290
54,0.002389,172.217.194.0-255,3602,116255,48,214290
55,0.007339,172.31.46.0-255,66,116321,48,214290
56,0.009999,172.217.194.0-255,5738,122059,48,214290
57,0.010008,172.31.46.0-255,66,122125,48,214290
58,0.012643,172.217.194.0-255,4320,126445,48,214290
59,0.012653,172.31.46.0-255,66,126511,48,214290
60,0.012682,172.217.194.0-255,1484,127995,48,214290
61,0.015272,172.217.194.0-255,4320,132315,48,214290
62,0.015284,172.31.46.0-255,66,132381,48,214290
63,0.017878,172.217.194.0-255,5738,138119,48,214290
64,0.017937,172.31.46.0-255,66,138185,48,214290
65,0.020573,172.217.194.0-255,5738,143923,48,214290
66,0.02058,172.31.46.0-255,66,143989,48,214290
67,0.02318,172.217.194.0-255,5738,149727,48,214290
68,0.023187,172.31.46.0-255,66,149793,48,214290
69,0.025812,172.217.194.0-255,5738,155531,48,214290
70,0.025819,172.31.46.0-255,66,155597,48,214290
71,0.025921,172.31.46.0-255,172,155769,48,214290
72,0.02595,172.31.46.0-255,1112,156881,48,214290
73,0.02602,172.31.46.0-255,1514,158395,48,214290
74,0.026022,172.31.46.0-255,1514,159909,48,214290
75,0.026023,172.31.46.0-255,1514,161423,48,214290
76,0.026024,172.31.46.0-255,367,161790,48,214290
77,0.027488,104.244.42.0-255,66,161856,48,214290
78,0.027558,104.244.42.0-255,66,161922,48,214290
79,0.027579,104.244.42.0-255,66,161988,48,214290
80,0.02759,104.244.42.0-255,66,162054,48,214290
81,0.028421,172.217.194.0-255,5738,167792,48,214290
82,0.028426,172.31.46.0-255,66,167858,48,214290
83,0.031031,172.217.194.0-255,5738,173596,48,214290
84,0.031038,172.31.46.0-255,66,173662,48,214290
85,0.033674,172.217.194.0-255,5738,179400,48,214290
86,0.033681,172.31.46.0-255,66,179466,48,214290
87,0.036303,172.217.194.0-255,5738,185204,48,214290
88,0.036309,172.31.46.0-255,66,185270,48,214290
89,0.03892,172.217.194.0-255,5738,191008,48,214290
90,0.038926,172.31.46.0-255,66,191074,48,214290
91,0.041544,172.217.194.0-255,5738,196812,48,214290
92,0.041551,172.31.46.0-255,66,196878,48,214290
93,0.044187,172.217.194.0-255,5738,202616,48,214290
94,0.044194,172.31.46.0-255,66,202682,48,214290
95,0.046805,172.217.194.0-255,5738,208420,48,214290
96,0.046812,172.31.46.0-255,66,208486,48,214290
97,0.049415,172.217.194.0-255,5738,214224,48,214290
98,0.04942,172.31.46.0-255,66,214290,48,214290
99,0.0,74.125.200.0-255,209,209,48,335976
100,2.9e-05,74.125.200.0-255,1484,1693,48,335976
101,3.7e-05,172.31.46.0-255,66,1759,48,335976
102,4.5e-05,74.125.200.0-255,4320,6079,48,335976
103,4.9e-05,172.31.46.0-255,66,6145,48,335976
104,7.2e-05,74.125.200.0-255,2902,9047,48,335976
105,7.5e-05,172.31.46.0-255,66,9113,48,335976
106,0.000111,74.125.200.0-255,4693,13806,48,335976
107,0.000114,172.31.46.0-255,66,13872,48,335976
108,0.000482,74.125.200.0-255,1484,15356,48,335976
109,0.000488,74.125.200.0-255,2902,18258,48,335976
110,0.000492,172.31.46.0-255,66,18324,48,335976
111,0.000496,74.125.200.0-255,1484,19808,48,335976
112,0.000522,74.125.200.0-255,4320,24128,48,335976
113,0.000525,172.31.46.0-255,66,24194,48,335976
114,0.000527,74.125.200.0-255,1484,25678,48,335976
115,0.000532,74.125.200.0-255,2902,28580,48,335976
116,0.000534,172.31.46.0-255,66,28646,48,335976
117,0.00056,74.125.200.0-255,1484,30130,48,335976
118,0.000581,74.125.200.0-255,5379,35509,48,335976
119,0.000584,172.31.46.0-255,66,35575,48,335976
120,0.000591,74.125.200.0-255,5738,41313,48,335976
121,0.000593,172.31.46.0-255,66,41379,48,335976
122,0.000618,74.125.200.0-255,1484,42863,48,335976
123,0.000621,74.125.200.0-255,1484,44347,48,335976
124,0.000623,172.31.46.0-255,66,44413,48,335976
125,0.000649,74.125.200.0-255,5738,50151,48,335976
126,0.000652,172.31.46.0-255,66,50217,48,335976
127,0.000689,172.31.46.0-255,66,50283,48,335976
128,0.000696,74.125.200.0-255,6438,56721,48,335976
129,0.000698,172.31.46.0-255,66,56787,48,335976
130,0.000706,74.125.200.0-255,676,57463,48,335976
131,0.000965,74.125.200.0-255,1484,58947,48,335976
132,0.000969,172.31.46.0-255,66,59013,48,335976
133,0.000973,74.125.200.0-255,1484,60497,48,335976
134,0.000997,74.125.200.0-255,1484,61981,48,335976
135,0.000999,172.31.46.0-255,66,62047,48,335976
136,0.001005,74.125.200.0-255,5738,67785,48,335976
137,0.001007,172.31.46.0-255,66,67851,48,335976
138,0.001017,74.125.200.0-255,2902,70753,48,335976
139,0.00102,172.31.46.0-255,66,70819,48,335976
140,0.001066,172.31.46.0-255,66,70885,48,335976
141,0.001072,74.125.200.0-255,4320,75205,48,335976
142,0.001075,172.31.46.0-255,66,75271,48,335976
143,0.001103,74.125.200.0-255,6438,81709,48,335976
144,0.001105,172.31.46.0-255,66,81775,48,335976
145,0.002232,74.125.200.0-255,1484,83259,48,335976
146,0.00224,74.125.200.0-255,1484,84743,48,335976
147,0.002244,172.31.46.0-255,66,84809,48,335976
148,0.002248,74.125.200.0-255,1484,86293,48,335976
149,0.00227,74.125.200.0-255,1484,87777,48,335976
150,0.002272,172.31.46.0-255,66,87843,48,335976
151,0.002294,74.125.200.0-255,4320,92163,48,335976
152,0.002307,172.31.46.0-255,66,92229,48,335976
153,0.002337,74.125.200.0-255,1484,93713,48,335976
154,0.002341,74.125.200.0-255,2902,96615,48,335976
155,0.002343,172.31.46.0-255,66,96681,48,335976
156,0.002348,74.125.200.0-255,4320,101001,48,335976
157,0.00235,172.31.46.0-255,66,101067,48,335976
158,0.002362,172.31.46.0-255,66,101133,48,335976
159,0.0024,74.125.200.0-255,4320,105453,48,335976
160,0.002403,172.31.46.0-255,66,105519,48,335976
161,0.002425,74.125.200.0-255,2184,107703,48,335976
162,0.002426,172.31.46.0-255,66,107769,48,335976
163,0.003067,74.125.200.0-255,1484,109253,48,335976
164,0.003074,74.125.200.0-255,2902,112155,48,335976
165,0.003077,172.31.46.0-255,66,112221,48,335976
166,0.003104,74.125.200.0-255,4320,116541,48,335976
167,0.003106,172.31.46.0-255,66,116607,48,335976
168,0.003109,74.125.200.0-255,1484,118091,48,335976
169,0.003139,74.125.200.0-255,4320,122411,48,335976
170,0.003141,172.31.46.0-255,66,122477,48,335976
171,0.003146,74.125.200.0-255,2902,125379,48,335976
172,0.003147,172.31.46.0-255,66,125445,48,335976
173,0.003182,172.31.46.0-255,66,125511,48,335976
174,0.003185,74.125.200.0-255,1484,126995,48,335976
175,0.003188,74.125.200.0-255,1484,128479,48,335976
176,0.003189,172.31.46.0-255,66,128545,48,335976
177,0.003193,74.125.200.0-255,2902,131447,48,335976
178,0.003195,172.31.46.0-255,66,131513,48,335976
179,0.003227,74.125.200.0-255,2184,133697,48,335976
180,0.00323,172.31.46.0-255,66,133763,48,335976
181,0.005241,74.125.200.0-255,1484,135247,48,335976
182,0.005262,74.125.200.0-255,1484,136731,48,335976
183,0.005266,172.31.46.0-255,66,136797,48,335976
184,0.005297,74.125.200.0-255,1484,138281,48,335976
185,0.005302,74.125.200.0-255,4320,142601,48,335976
186,0.005305,172.31.46.0-255,66,142667,48,335976
187,0.005314,74.125.200.0-255,1484,144151,48,335976
188,0.00532,74.125.200.0-255,1484,145635,48,335976
189,0.005322,172.31.46.0-255,66,145701,48,335976
190,0.005326,74.125.200.0-255,2902,148603,48,335976
191,0.005328,172.31.46.0-255,66,148669,48,335976
192,0.005331,74.125.200.0-255,2902,151571,48,335976
193,0.005333,172.31.46.0-255,66,151637,48,335976
194,0.005357,74.125.200.0-255,2902,154539,48,335976
195,0.005359,172.31.46.0-255,66,154605,48,335976
196,0.005363,74.125.200.0-255,2902,157507,48,335976
197,0.005365,172.31.46.0-255,66,157573,48,335976
198,0.005371,74.125.200.0-255,1484,159057,48,335976
199,0.005396,74.125.200.0-255,2902,161959,48,335976
200,0.005398,172.31.46.0-255,66,162025,48,335976
201,0.005404,74.125.200.0-255,6438,168463,48,335976
202,0.005406,172.31.46.0-255,66,168529,48,335976
203,0.005636,74.125.200.0-255,1484,170013,48,335976
204,0.005649,74.125.200.0-255,1484,171497,48,335976
205,0.005651,172.31.46.0-255,66,171563,48,335976
206,0.005671,74.125.200.0-255,1484,173047,48,335976
207,0.005683,74.125.200.0-255,1484,174531,48,335976
208,0.005685,172.31.46.0-255,66,174597,48,335976
209,0.005712,74.125.200.0-255,1484,176081,48,335976
210,0.005715,74.125.200.0-255,1484,177565,48,335976
211,0.005717,172.31.46.0-255,66,177631,48,335976
212,0.00572,74.125.200.0-255,1484,179115,48,335976
213,0.005725,74.125.200.0-255,4320,183435,48,335976
214,0.005726,172.31.46.0-255,66,183501,48,335976
215,0.005739,172.31.46.0-255,66,183567,48,335976
216,0.005743,74.125.200.0-255,4320,187887,48,335976
217,0.005745,172.31.46.0-255,66,187953,48,335976
218,0.005792,74.125.200.0-255,4320,192273,48,335976
219,0.005794,172.31.46.0-255,66,192339,48,335976
220,0.005815,74.125.200.0-255,766,193105,48,335976
221,0.006612,74.125.200.0-255,1484,194589,48,335976
222,0.006615,172.31.46.0-255,66,194655,48,335976
223,0.006618,74.125.200.0-255,1484,196139,48,335976
224,0.006638,74.125.200.0-255,1484,197623,48,335976
225,0.00664,172.31.46.0-255,66,197689,48,335976
226,0.006648,74.125.200.0-255,5738,203427,48,335976
227,0.00665,172.31.46.0-255,66,203493,48,335976
228,0.006678,74.125.200.0-255,2902,206395,48,335976
229,0.00668,172.31.46.0-255,66,206461,48,335976
230,0.006685,74.125.200.0-255,4320,210781,48,335976
231,0.006687,172.31.46.0-255,66,210847,48,335976
232,0.006701,172.31.46.0-255,66,210913,48,335976
233,0.006705,74.125.200.0-255,4320,215233,48,335976
234,0.006707,172.31.46.0-255,66,215299,48,335976
235,0.006734,74.125.200.0-255,3602,218901,48,335976
236,0.00674,172.31.46.0-255,66,218967,48,335976
237,0.006884,74.125.200.0-255,1484,220451,48,335976
238,0.0069,74.125.200.0-255,2902,223353,48,335976
239,0.006903,172.31.46.0-255,66,223419,48,335976
240,0.006927,74.125.200.0-255,4320,227739,48,335976
241,0.00693,172.31.46.0-255,66,227805,48,335976
242,0.006946,74.125.200.0-255,2902,230707,48,335976
243,0.006948,172.31.46.0-255,66,230773,48,335976
244,0.006977,74.125.200.0-255,5738,236511,48,335976
245,0.00698,172.31.46.0-255,66,236577,48,335976
246,0.006986,74.125.200.0-255,7156,243733,48,335976
247,0.006988,172.31.46.0-255,66,243799,48,335976
248,0.007072,172.31.46.0-255,66,243865,48,335976
249,0.007166,74.125.200.0-255,1484,245349,48,335976
250,0.007171,74.125.200.0-255,1484,246833,48,335976
251,0.007173,172.31.46.0-255,66,246899,48,335976
252,0.007198,74.125.200.0-255,1484,248383,48,335976
253,0.007212,74.125.200.0-255,5738,254121,48,335976
254,0.007215,172.31.46.0-255,66,254187,48,335976
255,0.007218,74.125.200.0-255,1484,255671,48,335976
256,0.007238,74.125.200.0-255,1484,257155,48,335976
257,0.00724,172.31.46.0-255,66,257221,48,335976
258,0.007251,172.31.46.0-255,66,257287,48,335976
259,0.007272,74.125.200.0-255,1484,258771,48,335976
260,0.007283,172.31.46.0-255,66,258837,48,335976
261,0.007309,74.125.200.0-255,2184,261021,48,335976
262,0.007311,172.31.46.0-255,66,261087,48,335976
263,0.007372,74.125.200.0-255,1484,262571,48,335976
264,0.007388,74.125.200.0-255,2902,265473,48,335976
265,0.007391,172.31.46.0-255,66,265539,48,335976
266,0.007407,74.125.200.0-255,1484,267023,48,335976
267,0.007433,74.125.200.0-255,4320,271343,48,335976
268,0.007436,172.31.46.0-255,66,271409,48,335976
269,0.007441,74.125.200.0-255,4320,275729,48,335976
270,0.007444,172.31.46.0-255,66,275795,48,335976
271,0.007471,74.125.200.0-255,1484,277279,48,335976
272,0.007477,74.125.200.0-255,7156,284435,48,335976
273,0.00748,172.31.46.0-255,66,284501,48,335976
274,0.007483,74.125.200.0-255,1484,285985,48,335976
275,0.007507,74.125.200.0-255,7156,293141,48,335976
276,0.00751,172.31.46.0-255,66,293207,48,335976
277,0.007537,74.125.200.0-255,2184,295391,48,335976
278,0.00754,172.31.46.0-255,66,295457,48,335976
279,0.007551,172.31.46.0-255,66,295523,48,335976
280,0.007561,74.125.200.0-255,7156,302679,48,335976
281,0.007563,172.31.46.0-255,66,302745,48,335976
282,0.007582,74.125.200.0-255,4320,307065,48,335976
283,0.007587,172.31.46.0-255,66,307131,48,335976
284,0.007593,74.125.200.0-255,5738,312869,48,335976
285,0.007595,172.31.46.0-255,66,312935,48,335976
286,0.007629,74.125.200.0-255,6438,319373,48,335976
287,0.007631,172.31.46.0-255,66,319439,48,335976
288,0.007654,74.125.200.0-255,5738,325177,48,335976
289,0.007657,172.31.46.0-255,66,325243,48,335976
290,0.007677,74.125.200.0-255,1038,326281,48,335976
291,0.00768,74.125.200.0-255,105,326386,48,335976
292,0.009974,172.31.46.0-255,66,326452,48,335976
293,0.01001,172.31.46.0-255,105,326557,48,335976
294,0.012486,74.125.200.0-255,66,326623,48,335976
295,0.031675,172.31.46.0-255,260,326883,48,335976
296,0.031711,172.31.46.0-255,1108,327991,48,335976
297,0.031788,172.31.46.0-255,1514,329505,48,335976
298,0.03179,172.31.46.0-255,1514,331019,48,335976
299,0.031796,172.31.46.0-255,1514,332533,48,335976
300,0.031797,172.31.46.0-255,1514,334047,48,335976
301,0.031816,172.31.46.0-255,1514,335561,48,335976
302,0.031817,172.31.46.0-255,151,335712,48,335976
303,0.033347,104.244.42.0-255,66,335778,48,335976
304,0.033377,104.244.42.0-255,66,335844,48,335976
305,0.033459,104.244.42.0-255,66,335910,48,335976
306,0.033511,104.244.42.0-255,66,335976,48,335976
307,0.0,74.125.24.0-255,143,143,48,220959
308,2.3e-05,172.31.46.0-255,66,209,48,220959
309,3e-05,74.125.24.0-255,1484,1693,48,220959
310,3.6e-05,172.31.46.0-255,66,1759,48,220959
311,4.8e-05,74.125.24.0-255,2902,4661,48,220959
312,5.2e-05,172.31.46.0-255,66,4727,48,220959
313,5.6e-05,74.125.24.0-255,1484,6211,48,220959
314,5.9e-05,172.31.46.0-255,66,6277,48,220959
315,9.7e-05,74.125.24.0-255,5738,12015,48,220959
316,0.0001,172.31.46.0-255,66,12081,48,220959
317,0.000103,74.125.24.0-255,1484,13565,48,220959
318,0.000106,172.31.46.0-255,66,13631,48,220959
319,0.000109,74.125.24.0-255,618,14249,48,220959
320,0.000111,172.31.46.0-255,66,14315,48,220959
321,0.000163,74.125.24.0-255,1484,15799,48,220959
322,0.000166,172.31.46.0-255,66,15865,48,220959
323,0.000171,74.125.24.0-255,2902,18767,48,220959
324,0.000173,172.31.46.0-255,66,18833,48,220959
325,0.000203,74.125.24.0-255,5738,24571,48,220959
326,0.000206,172.31.46.0-255,66,24637,48,220959
327,0.000234,74.125.24.0-255,2902,27539,48,220959
328,0.000236,172.31.46.0-255,66,27605,48,220959
329,0.000261,74.125.24.0-255,3961,31566,48,220959
330,0.000264,172.31.46.0-255,66,31632,48,220959
331,0.000292,74.125.24.0-255,1484,33116,48,220959
332,0.000295,172.31.46.0-255,66,33182,48,220959
333,0.0003,74.125.24.0-255,2902,36084,48,220959
334,0.000302,172.31.46.0-255,66,36150,48,220959
335,0.000335,74.125.24.0-255,2902,39052,48,220959
336,0.000337,172.31.46.0-255,66,39118,48,220959
337,0.000343,74.125.24.0-255,4320,43438,48,220959
338,0.000345,172.31.46.0-255,66,43504,48,220959
339,0.00037,74.125.24.0-255,1484,44988,48,220959
340,0.000382,74.125.24.0-255,1484,46472,48,220959
341,0.000384,172.31.46.0-255,66,46538,48,220959
342,0.000411,74.125.24.0-255,2543,49081,48,220959
343,0.000414,172.31.46.0-255,66,49147,48,220959
344,0.000471,74.125.24.0-255,1484,50631,48,220959
345,0.000475,74.125.24.0-255,2902,53533,48,220959
346,0.000479,172.31.46.0-255,66,53599,48,220959
347,0.000483,74.125.24.0-255,2902,56501,48,220959
348,0.000485,172.31.46.0-255,66,56567,48,220959
349,0.000506,74.125.24.0-255,2902,59469,48,220959
350,0.000508,172.31.46.0-255,66,59535,48,220959
351,0.000512,74.125.24.0-255,1484,61019,48,220959
352,0.000545,74.125.24.0-255,5716,66735,48,220959
353,0.000548,172.31.46.0-255,66,66801,48,220959
354,0.000551,74.125.24.0-255,342,67143,48,220959
355,0.000738,74.125.24.0-255,1484,68627,48,220959
356,0.000744,172.31.46.0-255,66,68693,48,220959
357,0.000749,74.125.24.0-255,2902,71595,48,220959
358,0.000752,172.31.46.0-255,66,71661,48,220959
359,0.000757,74.125.24.0-255,4320,75981,48,220959
360,0.000765,172.31.46.0-255,66,76047,48,220959
361,0.000798,74.125.24.0-255,1484,77531,48,220959
362,0.000805,74.125.24.0-255,6797,84328,48,220959
363,0.000808,172.31.46.0-255,66,84394,48,220959
364,0.000811,74.125.24.0-255,1484,85878,48,220959
365,0.00084,172.31.46.0-255,66,85944,48,220959
366,0.000864,74.125.24.0-255,1484,87428,48,220959
367,0.000881,74.125.24.0-255,5379,92807,48,220959
368,0.000885,172.31.46.0-255,66,92873,48,220959
369,0.001895,74.125.24.0-255,1484,94357,48,220959
370,0.001923,74.125.24.0-255,2902,97259,48,220959
371,0.001927,172.31.46.0-255,66,97325,48,220959
372,0.001933,74.125.24.0-255,2902,100227,48,220959
373,0.001935,172.31.46.0-255,66,100293,48,220959
374,0.001939,74.125.24.0-255,1484,101777,48,220959
375,0.001971,74.125.24.0-255,5738,107515,48,220959
376,0.001973,172.31.46.0-255,66,107581,48,220959
377,0.001981,74.125.24.0-255,7156,114737,48,220959
378,0.001984,172.31.46.0-255,66,114803,48,220959
379,0.002027,172.31.46.0-255,66,114869,48,220959
380,0.002033,74.125.24.0-255,3602,118471,48,220959
381,0.002035,172.31.46.0-255,66,118537,48,220959
382,0.004677,74.125.24.0-255,5738,124275,48,220959
383,0.004684,172.31.46.0-255,66,124341,48,220959
384,0.007368,74.125.24.0-255,5738,130079,48,220959
385,0.007375,172.31.46.0-255,66,130145,48,220959
386,0.010032,74.125.24.0-255,4320,134465,48,220959
387,0.010039,172.31.46.0-255,66,134531,48,220959
388,0.010067,74.125.24.0-255,1484,136015,48,220959
389,0.012706,74.125.24.0-255,4320,140335,48,220959
390,0.012713,172.31.46.0-255,66,140401,48,220959
391,0.015386,74.125.24.0-255,5738,146139,48,220959
392,0.015398,172.31.46.0-255,66,146205,48,220959
393,0.018079,74.125.24.0-255,5738,151943,48,220959
394,0.018086,172.31.46.0-255,66,152009,48,220959
395,0.020766,74.125.24.0-255,5738,157747,48,220959
396,0.020773,172.31.46.0-255,66,157813,48,220959
397,0.023434,74.125.24.0-255,4320,162133,48,220959
398,0.02344,172.31.46.0-255,66,162199,48,220959
399,0.023467,74.125.24.0-255,1484,163683,48,220959
400,0.02426,172.31.46.0-255,172,163855,48,220959
401,0.024287,172.31.46.0-255,1113,164968,48,220959
402,0.024339,172.31.46.0-255,1514,166482,48,220959
403,0.02434,172.31.46.0-255,1514,167996,48,220959
404,0.024341,172.31.46.0-255,1514,169510,48,220959
405,0.024342,172.31.46.0-255,367,169877,48,220959
406,0.025804,104.244.42.0-255,66,169943,48,220959
407,0.025881,104.244.42.0-255,66,170009,48,220959
408,0.025903,104.244.42.0-255,66,170075,48,220959
409,0.025913,104.244.42.0-255,66,170141,48,220959
410,0.026096,74.125.24.0-255,4320,174461,48,220959
411,0.026102,172.31.46.0-255,66,174527,48,220959
412,0.028778,74.125.24.0-255,5738,180265,48,220959
413,0.028785,172.31.46.0-255,66,180331,48,220959
414,0.031464,74.125.24.0-255,5738,186069,48,220959
415,0.031471,172.31.46.0-255,66,186135,48,220959
416,0.034144,74.125.24.0-255,5738,191873,48,220959
417,0.034151,172.31.46.0-255,66,191939,48,220959
418,0.036848,74.125.24.0-255,5738,197677,48,220959
419,0.036854,172.31.46.0-255,66,197743,48,220959
420,0.039528,74.125.24.0-255,5738,203481,48,220959
421,0.039535,172.31.46.0-255,66,203547,48,220959
422,0.042215,74.125.24.0-255,5738,209285,48,220959
423,0.042222,172.31.46.0-255,66,209351,48,220959
424,0.044884,74.125.24.0-255,5738,215089,48,220959
425,0.044892,172.31.46.0-255,66,215155,48,220959
426,0.04754,74.125.24.0-255,5738,220893,48,220959
427,0.047545,172.31.46.0-255,66,220959,48,220959
428,0.0,172.31.46.0-255,66,66,48,66
429,0.0,172.217.194.0-255,145,145,48,222862
430,1.7e-05,172.31.46.0-255,66,211,48,222862
431,2.4e-05,172.217.194.0-255,1484,1695,48,222862
432,2.9e-05,172.31.46.0-255,66,1761,48,222862
433,3.5e-05,172.217.194.0-255,2902,4663,48,222862
434,3.8e-05,172.31.46.0-255,66,4729,48,222862
435,4.4e-05,172.217.194.0-255,4320,9049,48,222862
436,4.8e-05,172.31.46.0-255,66,9115,48,222862
437,7.3e-05,172.217.194.0-255,2902,12017,48,222862
438,7.6e-05,172.31.46.0-255,66,12083,48,222862
439,8e-05,172.217.194.0-255,2902,14985,48,222862
440,8.3e-05,172.31.46.0-255,66,15051,48,222862
441,9.9e-05,172.217.194.0-255,4901,19952,48,222862
442,0.000102,172.31.46.0-255,66,20018,48,222862
443,0.000113,172.31.46.0-255,66,20084,48,222862
444,0.000117,172.217.194.0-255,2543,22627,48,222862
445,0.00012,172.31.46.0-255,66,22693,48,222862
446,0.00016,172.217.194.0-255,2902,25595,48,222862
447,0.000163,172.31.46.0-255,66,25661,48,222862
448,0.000168,172.217.194.0-255,4320,29981,48,222862
449,0.000171,172.31.46.0-255,66,30047,48,222862
450,0.000197,172.217.194.0-255,5738,35785,48,222862
451,0.0002,172.31.46.0-255,66,35851,48,222862
452,0.000213,172.217.194.0-255,2902,38753,48,222862
453,0.000216,172.31.46.0-255,66,38819,48,222862
454,0.000232,172.217.194.0-255,7156,45975,48,222862
455,0.000236,172.31.46.0-255,66,46041,48,222862
456,0.000254,172.31.46.0-255,66,46107,48,222862
457,0.000278,172.217.194.0-255,1435,47542,48,222862
458,0.00028,172.31.46.0-255,66,47608,48,222862
459,0.000348,172.217.194.0-255,378,47986,48,222862
460,0.000626,172.217.194.0-255,1484,49470,48,222862
461,0.000632,172.217.194.0-255,2902,52372,48,222862
462,0.000634,172.217.194.0-255,1484,53856,48,222862
463,0.000651,172.217.194.0-255,4320,58176,48,222862
464,0.000666,172.217.194.0-255,2902,61078,48,222862
465,0.000679,172.31.46.0-255,66,61144,48,222862
466,0.000723,172.217.194.0-255,2184,63328,48,222862
467,0.00073,172.31.46.0-255,66,63394,48,222862
468,0.000864,172.217.194.0-255,1484,64878,48,222862
469,0.00088,172.217.194.0-255,2902,67780,48,222862
470,0.000882,172.217.194.0-255,1484,69264,48,222862
471,0.000889,172.31.46.0-255,66,69330,48,222862
472,0.000898,172.217.194.0-255,2902,72232,48,222862
473,0.000903,172.217.194.0-255,4320,76552,48,222862
474,0.000916,172.217.194.0-255,4320,80872,48,222862
475,0.000947,172.217.194.0-255,4320,85192,48,222862
476,0.000955,172.31.46.0-255,66,85258,48,222862
477,0.000995,172.31.46.0-255,66,85324,48,222862
478,0.00109,172.217.194.0-255,1484,86808,48,222862
479,0.001094,172.217.194.0-255,1484,88292,48,222862
480,0.001122,172.31.46.0-255,66,88358,48,222862
481,0.001129,172.217.194.0-255,1484,89842,48,222862
482,0.001136,172.217.194.0-255,5738,95580,48,222862
483,0.001156,172.217.194.0-255,1484,97064,48,222862
484,0.001161,172.217.194.0-255,2902,99966,48,222862
485,0.001217,172.217.194.0-255,4320,104286,48,222862
486,0.001244,172.217.194.0-255,6438,110724,48,222862
487,0.001248,172.217.194.0-255,2902,113626,48,222862
488,0.001303,172.217.194.0-255,7156,120782,48,222862
489,0.001328,172.217.194.0-255,1484,122266,48,222862
490,0.001346,172.217.194.0-255,1484,123750,48,222862
491,0.001368,172.217.194.0-255,2902,126652,48,222862
492,0.001373,172.217.194.0-255,5738,132390,48,222862
493,0.001394,172.217.194.0-255,4320,136710,48,222862
494,0.00142,172.217.194.0-255,4320,141030,48,222862
495,0.001441,172.217.194.0-255,6438,147468,48,222862
496,0.001492,172.217.194.0-255,5738,153206,48,222862
497,0.001523,172.217.194.0-255,7156,160362,48,222862
498,0.001525,172.217.194.0-255,766,161128,48,222862
499,0.001668,172.217.194.0-255,1484,162612,48,222862
500,0.001688,172.217.194.0-255,2902,165514,48,222862
501,0.001693,172.217.194.0-255,5738,171252,48,222862
502,0.001717,172.217.194.0-255,5738,176990,48,222862
503,0.001727,172.217.194.0-255,1484,178474,48,222862
504,0.001733,172.217.194.0-255,5738,184212,48,222862
505,0.001768,172.217.194.0-255,7156,191368,48,222862
506,0.00179,172.217.194.0-255,6438,197806,48,222862
507,0.001796,172.217.194.0-255,5738,203544,48,222862
508,0.001824,172.217.194.0-255,5738,209282,48,222862
509,0.001862,172.217.194.0-255,2184,211466,48,222862
510,0.001895,172.217.194.0-255,4320,215786,48,222862
511,0.001973,172.217.194.0-255,97,215883,48,222862
512,0.001975,172.217.194.0-255,105,215988,48,222862
513,0.005588,172.31.46.0-255,66,216054,48,222862
514,0.008366,172.31.46.0-255,105,216159,48,222862
515,0.010892,172.217.194.0-255,66,216225,48,222862
516,0.03176,172.31.46.0-255,176,216401,48,222862
517,0.031796,172.31.46.0-255,1111,217512,48,222862
518,0.031863,172.31.46.0-255,1514,219026,48,222862
519,0.031865,172.31.46.0-255,1514,220540,48,222862
520,0.031866,172.31.46.0-255,1514,222054,48,222862
521,0.031867,172.31.46.0-255,370,222424,48,222862
522,0.033304,104.244.42.0-255,66,222490,48,222862
523,0.033338,104.244.42.0-255,66,222556,48,222862
524,0.0334,104.244.42.0-255,66,222622,48,222862
525,0.033405,104.244.42.0-255,66,222688,48,222862
526,0.033936,104.244.42.0-255,108,222796,48,222862
527,0.033941,172.31.46.0-255,66,222862,48,222862
528,0.0,172.217.194.0-255,149,149,48,244229
529,2.9e-05,172.31.46.0-255,66,215,48,244229
530,3.6e-05,172.217.194.0-255,1484,1699,48,244229
531,4e-05,172.31.46.0-255,66,1765,48,244229
532,4.3e-05,172.217.194.0-255,2902,4667,48,244229
533,5.2e-05,172.31.46.0-255,66,4733,48,244229
534,5.6e-05,172.217.194.0-255,2902,7635,48,244229
535,5.8e-05,172.31.46.0-255,66,7701,48,244229
536,8.7e-05,172.217.194.0-255,1484,9185,48,244229
537,9e-05,172.31.46.0-255,66,9251,48,244229
538,9.5e-05,172.217.194.0-255,4879,14130,48,244229
539,9.7e-05,172.31.46.0-255,66,14196,48,244229
540,0.000123,172.217.194.0-255,5738,19934,48,244229
541,0.000126,172.31.46.0-255,66,20000,48,244229
542,0.000138,172.217.194.0-255,5738,25738,48,244229
543,0.00014,172.31.46.0-255,66,25804,48,244229
544,0.000186,172.217.194.0-255,4320,30124,48,244229
545,0.000188,172.31.46.0-255,66,30190,48,244229
546,0.000209,172.217.194.0-255,1125,31315,48,244229
547,0.000211,172.31.46.0-255,66,31381,48,244229
548,0.000234,172.217.194.0-255,2902,34283,48,244229
549,0.000237,172.31.46.0-255,66,34349,48,244229
550,0.000241,172.217.194.0-255,4320,38669,48,244229
551,0.000243,172.31.46.0-255,66,38735,48,244229
552,0.000274,172.31.46.0-255,66,38801,48,244229
553,0.000299,172.217.194.0-255,2543,41344,48,244229
554,0.000302,172.31.46.0-255,66,41410,48,244229
555,0.000306,172.217.194.0-255,2902,44312,48,244229
556,0.000308,172.31.46.0-255,66,44378,48,244229
557,0.000313,172.217.194.0-255,7156,51534,48,244229
558,0.00032,172.31.46.0-255,66,51600,48,244229
559,0.000352,172.217.194.0-255,5631,57231,48,244229
560,0.000356,172.31.46.0-255,66,57297,48,244229
561,0.000359,172.217.194.0-255,119,57416,48,244229
562,0.000397,172.217.194.0-255,381,57797,48,244229
563,0.000633,172.217.194.0-255,1484,59281,48,244229
564,0.000635,172.217.194.0-255,1484,60765,48,244229
565,0.000637,172.31.46.0-255,66,60831,48,244229
566,0.000644,172.217.194.0-255,1484,62315,48,244229
567,0.000646,172.31.46.0-255,66,62381,48,244229
568,0.000656,172.217.194.0-255,5738,68119,48,244229
569,0.000659,172.31.46.0-255,66,68185,48,244229
570,0.000693,172.31.46.0-255,66,68251,48,244229
571,0.000697,172.217.194.0-255,4320,72571,48,244229
572,0.000699,172.31.46.0-255,66,72637,48,244229
573,0.000728,172.217.194.0-255,6438,79075,48,244229
574,0.000731,172.31.46.0-255,66,79141,48,244229
575,0.001057,172.217.194.0-255,1484,80625,48,244229
576,0.001085,172.217.194.0-255,2902,83527,48,244229
577,0.001089,172.31.46.0-255,66,83593,48,244229
578,0.00112,172.217.194.0-255,5738,89331,48,244229
579,0.001123,172.31.46.0-255,66,89397,48,244229
580,0.001128,172.217.194.0-255,4320,93717,48,244229
581,0.00113,172.31.46.0-255,66,93783,48,244229
582,0.001155,172.217.194.0-255,1484,95267,48,244229
583,0.001161,172.217.194.0-255,7156,102423,48,244229
584,0.001164,172.31.46.0-255,66,102489,48,244229
585,0.0012,172.31.46.0-255,66,102555,48,244229
586,0.001222,172.31.46.0-255,66,102621,48,244229
587,0.001243,172.217.194.0-255,1484,104105,48,244229
588,0.001252,172.31.46.0-255,66,104171,48,244229
589,0.001281,172.217.194.0-255,2902,107073,48,244229
590,0.001284,172.31.46.0-255,66,107139,48,244229
591,0.001313,172.31.46.0-255,66,107205,48,244229
592,0.001524,172.217.194.0-255,1484,108689,48,244229
593,0.001531,172.217.194.0-255,2902,111591,48,244229
594,0.001534,172.31.46.0-255,66,111657,48,244229
595,0.001554,172.217.194.0-255,5738,117395,48,244229
596,0.001556,172.31.46.0-255,66,117461,48,244229
597,0.001587,172.31.46.0-255,66,117527,48,244229
598,0.001592,172.217.194.0-255,4320,121847,48,244229
599,0.001593,172.31.46.0-255,66,121913,48,244229
600,0.001621,172.217.194.0-255,6438,128351,48,244229
601,0.001623,172.31.46.0-255,66,128417,48,244229
602,0.002309,172.217.194.0-255,1484,129901,48,244229
603,0.002322,172.217.194.0-255,2902,132803,48,244229
604,0.002325,172.31.46.0-255,66,132869,48,244229
605,0.002357,172.217.194.0-255,2902,135771,48,244229
606,0.002359,172.31.46.0-255,66,135837,48,244229
607,0.002368,172.217.194.0-255,2902,138739,48,244229
608,0.002369,172.31.46.0-255,66,138805,48,244229
609,0.002377,172.217.194.0-255,4320,143125,48,244229
610,0.002379,172.31.46.0-255,66,143191,48,244229
611,0.002408,172.217.194.0-255,1484,144675,48,244229
612,0.00242,172.31.46.0-255,66,144741,48,244229
613,0.002423,172.217.194.0-255,2902,147643,48,244229
614,0.002425,172.31.46.0-255,66,147709,48,244229
615,0.002428,172.217.194.0-255,2184,149893,48,244229
616,0.002429,172.31.46.0-255,66,149959,48,244229
617,0.002469,172.217.194.0-255,1484,151443,48,244229
618,0.002492,172.217.194.0-255,1484,152927,48,244229
619,0.002494,172.31.46.0-255,66,152993,48,244229
620,0.0025,172.217.194.0-255,7156,160149,48,244229
621,0.002502,172.31.46.0-255,66,160215,48,244229
622,0.002515,172.217.194.0-255,7156,167371,48,244229
623,0.002517,172.31.46.0-255,66,167437,48,244229
624,0.002522,172.217.194.0-255,5738,173175,48,244229
625,0.002524,172.31.46.0-255,66,173241,48,244229
626,0.002527,172.217.194.0-255,1484,174725,48,244229
627,0.002566,172.31.46.0-255,66,174791,48,244229
628,0.002571,172.217.194.0-255,5738,180529,48,244229
629,0.002572,172.31.46.0-255,66,180595,48,244229
630,0.00259,172.217.194.0-255,4320,184915,48,244229
631,0.002592,172.31.46.0-255,66,184981,48,244229
632,0.002596,172.217.194.0-255,4320,189301,48,244229
633,0.002598,172.31.46.0-255,66,189367,48,244229
634,0.002637,172.31.46.0-255,66,189433,48,244229
635,0.002639,172.217.194.0-255,1484,190917,48,244229
636,0.002658,172.217.194.0-255,4320,195237,48,244229
637,0.00266,172.31.46.0-255,66,195303,48,244229
638,0.002685,172.217.194.0-255,6438,201741,48,244229
639,0.002687,172.31.46.0-255,66,201807,48,244229
640,0.00269,172.217.194.0-255,2902,204709,48,244229
641,0.002692,172.31.46.0-255,66,204775,48,244229
642,0.002701,172.31.46.0-255,66,204841,48,244229
643,0.00274,172.217.194.0-255,4320,209161,48,244229
644,0.002742,172.31.46.0-255,66,209227,48,244229
645,0.002752,172.31.46.0-255,66,209293,48,244229
646,0.002766,172.31.46.0-255,66,209359,48,244229
647,0.002771,172.217.194.0-255,5738,215097,48,244229
648,0.002772,172.31.46.0-255,66,215163,48,244229
649,0.002796,172.217.194.0-255,5738,220901,48,244229
650,0.002802,172.31.46.0-255,66,220967,48,244229
651,0.002805,172.217.194.0-255,1484,222451,48,244229
652,0.002821,172.217.194.0-255,5738,228189,48,244229
653,0.002823,172.31.46.0-255,66,228255,48,244229
654,0.002844,172.217.194.0-255,4320,232575,48,244229
655,0.002847,172.31.46.0-255,66,232641,48,244229
656,0.002874,172.31.46.0-255,66,232707,48,244229
657,0.002878,172.217.194.0-255,4320,237027,48,244229
658,0.00288,172.31.46.0-255,66,237093,48,244229
659,0.002905,172.31.46.0-255,66,237159,48,244229
660,0.002913,172.31.46.0-255,66,237225,48,244229
661,0.00295,172.217.194.0-255,1484,238709,48,244229
662,0.002973,172.31.46.0-255,66,238775,48,244229
663,0.002989,172.217.194.0-255,105,238880,48,244229
664,0.00836,172.31.46.0-255,66,238946,48,244229
665,0.008384,172.31.46.0-255,105,239051,48,244229
666,0.010719,172.217.194.0-255,66,239117,48,244229
667,0.026753,172.31.46.0-255,172,239289,48,244229
668,0.02678,172.31.46.0-255,1111,240400,48,244229
669,0.02681,172.31.46.0-255,1514,241914,48,244229
670,0.026828,172.31.46.0-255,1514,243428,48,244229
671,0.026829,172.31.46.0-255,603,244031,48,244229
672,0.028423,104.244.42.0-255,66,244097,48,244229
673,0.028461,104.244.42.0-255,66,244163,48,244229
674,0.028552,104.244.42.0-255,66,244229,48,244229
675,0.0,74.125.200.0-255,152,152,48,269735
676,1.4e-05,74.125.200.0-255,1484,1636,48,269735
677,2e-05,172.31.46.0-255,66,1702,48,269735
678,2.9e-05,74.125.200.0-255,2902,4604,48,269735
679,3.3e-05,172.31.46.0-255,66,4670,48,269735
680,3.6e-05,74.125.200.0-255,1484,6154,48,269735
681,4.9e-05,74.125.200.0-255,2902,9056,48,269735
682,5.2e-05,172.31.46.0-255,66,9122,48,269735
683,9e-05,74.125.200.0-255,6348,15470,48,269735
684,9.3e-05,172.31.46.0-255,66,15536,48,269735
685,9.7e-05,74.125.200.0-255,2902,18438,48,269735
686,0.0001,172.31.46.0-255,66,18504,48,269735
687,0.000105,74.125.200.0-255,4320,22824,48,269735
688,0.000108,172.31.46.0-255,66,22890,48,269735
689,0.000156,172.31.46.0-255,66,22956,48,269735
690,0.00022,74.125.200.0-255,1484,24440,48,269735
691,0.000239,74.125.200.0-255,2902,27342,48,269735
692,0.000243,172.31.46.0-255,66,27408,48,269735
693,0.000262,74.125.200.0-255,4320,31728,48,269735
694,0.000266,172.31.46.0-255,66,31794,48,269735
695,0.000292,74.125.200.0-255,5738,37532,48,269735
696,0.000295,172.31.46.0-255,66,37598,48,269735
697,0.000322,74.125.200.0-255,3961,41559,48,269735
698,0.000324,172.31.46.0-255,66,41625,48,269735
699,0.000327,74.125.200.0-255,1484,43109,48,269735
700,0.000332,74.125.200.0-255,2902,46011,48,269735
701,0.000334,172.31.46.0-255,66,46077,48,269735
702,0.00034,74.125.200.0-255,5738,51815,48,269735
703,0.000343,172.31.46.0-255,66,51881,48,269735
704,0.000348,74.125.200.0-255,4320,56201,48,269735
705,0.000351,172.31.46.0-255,66,56267,48,269735
706,0.000399,74.125.200.0-255,1461,57728,48,269735
707,0.000495,74.125.200.0-255,1484,59212,48,269735
708,0.000498,172.31.46.0-255,66,59278,48,269735
709,0.000527,74.125.200.0-255,2902,62180,48,269735
710,0.000531,172.31.46.0-255,66,62246,48,269735
711,0.000537,74.125.200.0-255,5738,67984,48,269735
712,0.000539,172.31.46.0-255,66,68050,48,269735
713,0.000588,172.31.46.0-255,66,68116,48,269735
714,0.000599,172.31.46.0-255,66,68182,48,269735
715,0.000606,74.125.200.0-255,7060,75242,48,269735
716,0.000609,172.31.46.0-255,66,75308,48,269735
717,0.000731,74.125.200.0-255,1484,76792,48,269735
718,0.000751,74.125.200.0-255,2902,79694,48,269735
719,0.000755,172.31.46.0-255,66,79760,48,269735
720,0.000761,74.125.200.0-255,4320,84080,48,269735
721,0.000763,172.31.46.0-255,66,84146,48,269735
722,0.000799,172.31.46.0-255,66,84212,48,269735
723,0.000803,74.125.200.0-255,2902,87114,48,269735
724,0.000805,172.31.46.0-255,66,87180,48,269735
725,0.000834,74.125.200.0-255,2902,90082,48,269735
726,0.000871,172.31.46.0-255,66,90148,48,269735
727,0.000889,172.31.46.0-255,66,90214,48,269735
728,0.000957,74.125.200.0-255,1484,91698,48,269735
729,0.000973,74.125.200.0-255,2902,94600,48,269735
730,0.000975,172.31.46.0-255,66,94666,48,269735
731,0.00099,74.125.200.0-255,2902,97568,48,269735
732,0.000997,172.31.46.0-255,66,97634,48,269735
733,0.001023,74.125.200.0-255,2902,100536,48,269735
734,0.00103,74.125.200.0-255,7156,107692,48,269735
735,0.001035,172.31.46.0-255,66,107758,48,269735
736,0.001042,172.31.46.0-255,66,107824,48,269735
737,0.001045,74.125.200.0-255,1484,109308,48,269735
738,0.001067,74.125.200.0-255,7156,116464,48,269735
739,0.00107,172.31.46.0-255,66,116530,48,269735
740,0.001116,172.31.46.0-255,66,116596,48,269735
741,0.001287,74.125.200.0-255,1484,118080,48,269735
742,0.001292,74.125.200.0-255,1484,119564,48,269735
743,0.001295,172.31.46.0-255,66,119630,48,269735
744,0.001321,74.125.200.0-255,2902,122532,48,269735
745,0.001323,172.31.46.0-255,66,122598,48,269735
746,0.001354,74.125.200.0-255,5738,128336,48,269735
747,0.001356,172.31.46.0-255,66,128402,48,269735
748,0.001359,74.125.200.0-255,1484,129886,48,269735
749,0.001364,74.125.200.0-255,2902,132788,48,269735
750,0.001366,172.31.46.0-255,66,132854,48,269735
751,0.001376,74.125.200.0-255,4320,137174,48,269735
752,0.001378,172.31.46.0-255,66,137240,48,269735
753,0.001398,74.125.200.0-255,1484,138724,48,269735
754,0.001406,74.125.200.0-255,5738,144462,48,269735
755,0.001408,172.31.46.0-255,66,144528,48,269735
756,0.001447,74.125.200.0-255,6438,150966,48,269735
757,0.00145,172.31.46.0-255,66,151032,48,269735
758,0.00156,74.125.200.0-255,1484,152516,48,269735
759,0.001566,74.125.200.0-255,2902,155418,48,269735
760,0.001569,172.31.46.0-255,66,155484,48,269735
761,0.001573,74.125.200.0-255,1484,156968,48,269735
762,0.001599,74.125.200.0-255,4320,161288,48,269735
763,0.001602,172.31.46.0-255,66,161354,48,269735
764,0.001609,74.125.200.0-255,5738,167092,48,269735
765,0.001611,172.31.46.0-255,66,167158,48,269735
766,0.001643,74.125.200.0-255,4320,171478,48,269735
767,0.001646,172.31.46.0-255,66,171544,48,269735
768,0.001659,172.31.46.0-255,66,171610,48,269735
769,0.001664,74.125.200.0-255,3602,175212,48,269735
770,0.001667,172.31.46.0-255,66,175278,48,269735
771,0.001672,74.125.200.0-255,4320,179598,48,269735
772,0.001674,172.31.46.0-255,66,179664,48,269735
773,0.001714,172.31.46.0-255,66,179730,48,269735
774,0.00172,74.125.200.0-255,4320,184050,48,269735
775,0.001722,172.31.46.0-255,66,184116,48,269735
776,0.001763,74.125.200.0-255,7156,191272,48,269735
777,0.001767,172.31.46.0-255,66,191338,48,269735
778,0.001787,74.125.200.0-255,6438,197776,48,269735
779,0.00179,172.31.46.0-255,66,197842,48,269735
780,0.001795,74.125.200.0-255,4320,202162,48,269735
781,0.001797,172.31.46.0-255,66,202228,48,269735
782,0.001848,172.31.46.0-255,66,202294,48,269735
783,0.001854,74.125.200.0-255,4320,206614,48,269735
784,0.001856,172.31.46.0-255,66,206680,48,269735
785,0.00186,74.125.200.0-255,2902,209582,48,269735
786,0.001862,172.31.46.0-255,66,209648,48,269735
787,0.001907,172.31.46.0-255,66,209714,48,269735
788,0.001947,74.125.200.0-255,7156,216870,48,269735
789,0.00195,172.31.46.0-255,66,216936,48,269735
790,0.001985,172.31.46.0-255,66,217002,48,269735
791,0.00199,74.125.200.0-255,4320,221322,48,269735
792,0.001992,172.31.46.0-255,66,221388,48,269735
793,0.002009,172.31.46.0-255,66,221454,48,269735
794,0.002039,74.125.200.0-255,766,222220,48,269735
795,0.002056,172.31.46.0-255,66,222286,48,269735
796,0.002061,74.125.200.0-255,2902,225188,48,269735
797,0.002063,172.31.46.0-255,66,225254,48,269735
798,0.002086,74.125.200.0-255,2902,228156,48,269735
799,0.002088,172.31.46.0-255,66,228222,48,269735
800,0.002093,74.125.200.0-255,2902,231124,48,269735
801,0.002095,172.31.46.0-255,66,231190,48,269735
802,0.002122,172.31.46.0-255,66,231256,48,269735
803,0.002129,74.125.200.0-255,7156,238412,48,269735
804,0.002131,172.31.46.0-255,66,238478,48,269735
805,0.002167,74.125.200.0-255,7156,245634,48,269735
806,0.002171,172.31.46.0-255,66,245700,48,269735
807,0.002178,74.125.200.0-255,7156,252856,48,269735
808,0.00218,172.31.46.0-255,66,252922,48,269735
809,0.002187,74.125.200.0-255,6438,259360,48,269735
810,0.002189,172.31.46.0-255,66,259426,48,269735
811,0.002226,74.125.200.0-255,3477,262903,48,269735
812,0.002229,172.31.46.0-255,66,262969,48,269735
813,0.002286,74.125.200.0-255,105,263074,48,269735
814,0.009429,172.31.46.0-255,105,263179,48,269735
815,0.011944,74.125.200.0-255,66,263245,48,269735
816,0.028178,172.31.46.0-255,203,263448,48,269735
817,0.028209,172.31.46.0-255,1108,264556,48,269735
818,0.028272,172.31.46.0-255,1514,266070,48,269735
819,0.028273,172.31.46.0-255,1514,267584,48,269735
820,0.028275,172.31.46.0-255,1514,269098,48,269735
821,0.028276,172.31.46.0-255,373,269471,48,269735
822,0.02972,104.244.42.0-255,66,269537,48,269735
823,0.029769,104.244.42.0-255,66,269603,48,269735
824,0.029852,104.244.42.0-255,66,269669,48,269735
825,0.029866,104.244.42.0-255,66,269735,48,269735
826,0.0,172.217.194.0-255,153,153,48,235788
827,2.5e-05,172.31.46.0-255,66,219,48,235788
828,3.3e-05,172.217.194.0-255,1484,1703,48,235788
829,3.7e-05,172.31.46.0-255,66,1769,48,235788
830,4.3e-05,172.217.194.0-255,2902,4671,48,235788
831,5.3e-05,172.31.46.0-255,66,4737,48,235788
832,5.9e-05,172.217.194.0-255,4320,9057,48,235788
833,6.3e-05,172.31.46.0-255,66,9123,48,235788
834,6.9e-05,172.217.194.0-255,4909,14032,48,235788
835,7.4e-05,172.31.46.0-255,66,14098,48,235788
836,0.000112,172.217.194.0-255,1484,15582,48,235788
837,0.000115,172.31.46.0-255,66,15648,48,235788
838,0.000121,172.217.194.0-255,2902,18550,48,235788
839,0.000123,172.31.46.0-255,66,18616,48,235788
840,0.000127,172.217.194.0-255,2902,21518,48,235788
841,0.000135,172.31.46.0-255,66,21584,48,235788
842,0.000146,172.217.194.0-255,2902,24486,48,235788
843,0.000148,172.31.46.0-255,66,24552,48,235788
844,0.000177,172.217.194.0-255,4320,28872,48,235788
845,0.000179,172.31.46.0-255,66,28938,48,235788
846,0.000215,172.31.46.0-255,66,29004,48,235788
847,0.000218,172.217.194.0-255,1484,30488,48,235788
848,0.00022,172.31.46.0-255,66,30554,48,235788
849,0.000257,172.31.46.0-255,66,30620,48,235788
850,0.000586,172.217.194.0-255,1484,32104,48,235788
851,0.000591,172.31.46.0-255,66,32170,48,235788
852,0.000616,172.217.194.0-255,2902,35072,48,235788
853,0.00062,172.31.46.0-255,66,35138,48,235788
854,0.000626,172.217.194.0-255,5738,40876,48,235788
855,0.000629,172.31.46.0-255,66,40942,48,235788
856,0.000636,172.217.194.0-255,6797,47739,48,235788
857,0.000639,172.31.46.0-255,66,47805,48,235788
858,0.000681,172.217.194.0-255,2902,50707,48,235788
859,0.000686,172.217.194.0-255,4320,55027,48,235788
860,0.000691,172.31.46.0-255,66,55093,48,235788
861,0.000699,172.31.46.0-255,66,55159,48,235788
862,0.00071,172.217.194.0-255,5738,60897,48,235788
863,0.000713,172.31.46.0-255,66,60963,48,235788
864,0.000745,172.217.194.0-255,2902,63865,48,235788
865,0.000748,172.31.46.0-255,66,63931,48,235788
866,0.000751,172.217.194.0-255,1125,65056,48,235788
867,0.000756,172.217.194.0-255,1484,66540,48,235788
868,0.000758,172.31.46.0-255,66,66606,48,235788
869,0.000768,172.217.194.0-255,4320,70926,48,235788
870,0.00077,172.31.46.0-255,66,70992,48,235788
871,0.000812,172.31.46.0-255,66,71058,48,235788
872,0.000839,172.217.194.0-255,1705,72763,48,235788
873,0.000842,172.31.46.0-255,66,72829,48,235788
874,0.000881,172.217.194.0-255,1484,74313,48,235788
875,0.000887,172.217.194.0-255,2902,77215,48,235788
876,0.00089,172.31.46.0-255,66,77281,48,235788
877,0.000916,172.217.194.0-255,5738,83019,48,235788
878,0.000919,172.31.46.0-255,66,83085,48,235788
879,0.000924,172.217.194.0-255,2902,85987,48,235788
880,0.000926,172.31.46.0-255,66,86053,48,235788
881,0.000962,172.31.46.0-255,66,86119,48,235788
882,0.000972,172.31.46.0-255,66,86185,48,235788
883,0.001002,172.217.194.0-255,2184,88369,48,235788
884,0.001007,172.31.46.0-255,66,88435,48,235788
885,0.001151,172.217.194.0-255,1484,89919,48,235788
886,0.001157,172.217.194.0-255,2902,92821,48,235788
887,0.00116,172.31.46.0-255,66,92887,48,235788
888,0.001164,172.217.194.0-255,1484,94371,48,235788
889,0.001195,172.217.194.0-255,4320,98691,48,235788
890,0.001198,172.31.46.0-255,66,98757,48,235788
891,0.001217,172.31.46.0-255,66,98823,48,235788
892,0.001296,172.31.46.0-255,66,98889,48,235788
893,0.001321,172.217.194.0-255,2184,101073,48,235788
894,0.001324,172.31.46.0-255,66,101139,48,235788
895,0.002036,172.217.194.0-255,1484,102623,48,235788
896,0.002042,172.217.194.0-255,2902,105525,48,235788
897,0.002045,172.31.46.0-255,66,105591,48,235788
898,0.002052,172.217.194.0-255,4320,109911,48,235788
899,0.002053,172.31.46.0-255,66,109977,48,235788
900,0.002078,172.217.194.0-255,1484,111461,48,235788
901,0.002095,172.31.46.0-255,66,111527,48,235788
902,0.002125,172.217.194.0-255,1484,113011,48,235788
903,0.002138,172.31.46.0-255,66,113077,48,235788
904,0.004492,172.217.194.0-255,5738,118815,48,235788
905,0.0045,172.31.46.0-255,66,118881,48,235788
906,0.006816,172.217.194.0-255,5738,124619,48,235788
907,0.00682,172.31.46.0-255,66,124685,48,235788
908,0.009225,172.217.194.0-255,5738,130423,48,235788
909,0.009235,172.31.46.0-255,66,130489,48,235788
910,0.011632,172.217.194.0-255,5738,136227,48,235788
911,0.011642,172.31.46.0-255,66,136293,48,235788
912,0.014018,172.217.194.0-255,5738,142031,48,235788
913,0.014032,172.31.46.0-255,66,142097,48,235788
914,0.01639,172.217.194.0-255,5738,147835,48,235788
915,0.016403,172.31.46.0-255,66,147901,48,235788
916,0.018773,172.217.194.0-255,5738,153639,48,235788
917,0.018791,172.31.46.0-255,66,153705,48,235788
918,0.021183,172.217.194.0-255,5738,159443,48,235788
919,0.021203,172.31.46.0-255,66,159509,48,235788
920,0.023546,172.217.194.0-255,5738,165247,48,235788
921,0.02356,172.31.46.0-255,66,165313,48,235788
922,0.025907,172.217.194.0-255,5738,171051,48,235788
923,0.02592,172.31.46.0-255,66,171117,48,235788
924,0.028298,172.217.194.0-255,5738,176855,48,235788
925,0.028306,172.31.46.0-255,66,176921,48,235788
926,0.029814,172.31.46.0-255,172,177093,48,235788
927,0.029846,172.31.46.0-255,1113,178206,48,235788
928,0.029909,172.31.46.0-255,1514,179720,48,235788
929,0.029911,172.31.46.0-255,1514,181234,48,235788
930,0.029912,172.31.46.0-255,1514,182748,48,235788
931,0.029913,172.31.46.0-255,366,183114,48,235788
932,0.030645,172.217.194.0-255,5738,188852,48,235788
933,0.030652,172.31.46.0-255,66,188918,48,235788
934,0.031352,104.244.42.0-255,66,188984,48,235788
935,0.031399,104.244.42.0-255,66,189050,48,235788
936,0.031502,104.244.42.0-255,66,189116,48,235788
937,0.031508,104.244.42.0-255,66,189182,48,235788
938,0.032522,104.244.42.0-255,108,189290,48,235788
939,0.03253,172.31.46.0-255,66,189356,48,235788
940,0.033207,172.217.194.0-255,5738,195094,48,235788
941,0.033211,172.31.46.0-255,66,195160,48,235788
942,0.03556,172.217.194.0-255,5738,200898,48,235788
943,0.035571,172.31.46.0-255,66,200964,48,235788
944,0.03794,172.217.194.0-255,5738,206702,48,235788
945,0.037954,172.31.46.0-255,66,206768,48,235788
946,0.040317,172.217.194.0-255,5738,212506,48,235788
947,0.04033,172.31.46.0-255,66,212572,48,235788
948,0.042713,172.217.194.0-255,5738,218310,48,235788
949,0.04272,172.31.46.0-255,66,218376,48,235788
950,0.04512,172.217.194.0-255,5738,224114,48,235788
951,0.045127,172.31.46.0-255,66,224180,48,235788
952,0.047471,172.217.194.0-255,5738,229918,48,235788
953,0.047478,172.31.46.0-255,66,229984,48,235788
954,0.049842,172.217.194.0-255,5738,235722,48,235788
955,0.04985,172.31.46.0-255,66,235788,48,235788
956,0.0,74.125.200.0-255,151,151,48,260860
957,1.4e-05,172.31.46.0-255,66,217,48,260860
958,4.5e-05,74.125.200.0-255,1484,1701,48,260860
959,4.9e-05,172.31.46.0-255,66,1767,48,260860
960,6.5e-05,74.125.200.0-255,2902,4669,48,260860
961,6.8e-05,172.31.46.0-255,66,4735,48,260860
962,0.0001,74.125.200.0-255,5738,10473,48,260860
963,0.000103,172.31.46.0-255,66,10539,48,260860
964,0.000107,74.125.200.0-255,3421,13960,48,260860
965,0.000109,172.31.46.0-255,66,14026,48,260860
966,0.000187,74.125.200.0-255,1484,15510,48,260860
967,0.00019,172.31.46.0-255,66,15576,48,260860
968,0.000202,74.125.200.0-255,2902,18478,48,260860
969,0.000208,172.31.46.0-255,66,18544,48,260860
970,0.000211,74.125.200.0-255,1484,20028,48,260860
971,0.000213,172.31.46.0-255,66,20094,48,260860
972,0.00024,74.125.200.0-255,4320,24414,48,260860
973,0.000242,172.31.46.0-255,66,24480,48,260860
974,0.000251,74.125.200.0-255,4320,28800,48,260860
975,0.000253,172.31.46.0-255,66,28866,48,260860
976,0.000256,74.125.200.0-255,1484,30350,48,260860
977,0.000258,172.31.46.0-255,66,30416,48,260860
978,0.000286,74.125.200.0-255,3961,34377,48,260860
979,0.000288,172.31.46.0-255,66,34443,48,260860
980,0.000295,74.125.200.0-255,7156,41599,48,260860
981,0.000297,172.31.46.0-255,66,41665,48,260860
982,0.000324,74.125.200.0-255,4320,45985,48,260860
983,0.00033,172.31.46.0-255,66,46051,48,260860
984,0.000356,172.31.46.0-255,66,46117,48,260860
985,0.000363,74.125.200.0-255,5738,51855,48,260860
986,0.000365,172.31.46.0-255,66,51921,48,260860
987,0.000379,74.125.200.0-255,1098,53019,48,260860
988,0.001068,172.31.46.0-255,66,53085,48,260860
989,0.001082,74.125.200.0-255,1484,54569,48,260860
990,0.001087,74.125.200.0-255,1484,56053,48,260860
991,0.001099,172.31.46.0-255,66,56119,48,260860
992,0.001104,74.125.200.0-255,1484,57603,48,260860
993,0.00113,74.125.200.0-255,5738,63341,48,260860
994,0.001133,172.31.46.0-255,66,63407,48,260860
995,0.001165,74.125.200.0-255,7156,70563,48,260860
996,0.001167,172.31.46.0-255,66,70629,48,260860
997,0.001201,74.125.200.0-255,4320,74949,48,260860
998,0.001204,172.31.46.0-255,66,75015,48,260860
999,0.001222,172.31.46.0-255,66,75081,48,260860
1000,0.001227,74.125.200.0-255,2902,77983,48,260860
1001,0.001229,172.31.46.0-255,66,78049,48,260860
1002,0.001235,74.125.200.0-255,4320,82369,48,260860
1003,0.001237,172.31.46.0-255,66,82435,48,260860
1004,0.001249,172.31.46.0-255,66,82501,48,260860
1005,0.001255,74.125.200.0-255,4320,86821,48,260860
1006,0.001258,172.31.46.0-255,66,86887,48,260860
1007,0.001297,74.125.200.0-255,2902,89789,48,260860
1008,0.0013,172.31.46.0-255,66,89855,48,260860
1009,0.001316,172.31.46.0-255,66,89921,48,260860
1010,0.001321,74.125.200.0-255,2184,92105,48,260860
1011,0.001323,172.31.46.0-255,66,92171,48,260860
1012,0.001656,74.125.200.0-255,1484,93655,48,260860
1013,0.001672,74.125.200.0-255,2902,96557,48,260860
1014,0.001676,172.31.46.0-255,66,96623,48,260860
1015,0.00173,74.125.200.0-255,2902,99525,48,260860
1016,0.001734,172.31.46.0-255,66,99591,48,260860
1017,0.001777,74.125.200.0-255,1484,101075,48,260860
1018,0.001801,74.125.200.0-255,1484,102559,48,260860
1019,0.001804,172.31.46.0-255,66,102625,48,260860
1020,0.00183,74.125.200.0-255,1484,104109,48,260860
1021,0.001841,74.125.200.0-255,1484,105593,48,260860
1022,0.001844,172.31.46.0-255,66,105659,48,260860
1023,0.001884,74.125.200.0-255,1484,107143,48,260860
1024,0.001897,74.125.200.0-255,2902,110045,48,260860
1025,0.001899,172.31.46.0-255,66,110111,48,260860
1026,0.001934,74.125.200.0-255,1484,111595,48,260860
1027,0.001949,74.125.200.0-255,2902,114497,48,260860
1028,0.001951,172.31.46.0-255,66,114563,48,260860
1029,0.001978,74.125.200.0-255,2902,117465,48,260860
1030,0.00198,172.31.46.0-255,66,117531,48,260860
1031,0.001983,74.125.200.0-255,1484,119015,48,260860
1032,0.002011,74.125.200.0-255,2902,121917,48,260860
1033,0.002014,172.31.46.0-255,66,121983,48,260860
1034,0.002023,74.125.200.0-255,2902,124885,48,260860
1035,0.002025,172.31.46.0-255,66,124951,48,260860
1036,0.002048,74.125.200.0-255,2184,127135,48,260860
1037,0.00205,172.31.46.0-255,66,127201,48,260860
1038,0.002303,74.125.200.0-255,1484,128685,48,260860
1039,0.002308,74.125.200.0-255,2902,131587,48,260860
1040,0.002312,172.31.46.0-255,66,131653,48,260860
1041,0.002337,74.125.200.0-255,2902,134555,48,260860
1042,0.002339,172.31.46.0-255,66,134621,48,260860
1043,0.002366,74.125.200.0-255,4320,138941,48,260860
1044,0.002368,172.31.46.0-255,66,139007,48,260860
1045,0.002394,74.125.200.0-255,1484,140491,48,260860
1046,0.002398,74.125.200.0-255,2902,143393,48,260860
1047,0.0024,172.31.46.0-255,66,143459,48,260860
1048,0.002406,74.125.200.0-255,2902,146361,48,260860
1049,0.002407,172.31.46.0-255,66,146427,48,260860
1050,0.004798,74.125.200.0-255,5738,152165,48,260860
1051,0.004806,172.31.46.0-255,66,152231,48,260860
1052,0.007203,74.125.200.0-255,4320,156551,48,260860
1053,0.007209,172.31.46.0-255,66,156617,48,260860
1054,0.007266,74.125.200.0-255,1484,158101,48,260860
1055,0.009604,74.125.200.0-255,4320,162421,48,260860
1056,0.009611,172.31.46.0-255,66,162487,48,260860
1057,0.012071,74.125.200.0-255,5738,168225,48,260860
1058,0.012079,172.31.46.0-255,66,168291,48,260860
1059,0.014484,74.125.200.0-255,5738,174029,48,260860
1060,0.014495,172.31.46.0-255,66,174095,48,260860
1061,0.016918,74.125.200.0-255,5738,179833,48,260860
1062,0.016929,172.31.46.0-255,66,179899,48,260860
1063,0.019335,74.125.200.0-255,5738,185637,48,260860
1064,0.019343,172.31.46.0-255,66,185703,48,260860
1065,0.021748,74.125.200.0-255,5738,191441,48,260860
1066,0.021755,172.31.46.0-255,66,191507,48,260860
1067,0.024164,74.125.200.0-255,5738,197245,48,260860
1068,0.024173,172.31.46.0-255,66,197311,48,260860
1069,0.026595,74.125.200.0-255,2902,200213,48,260860
1070,0.026602,172.31.46.0-255,66,200279,48,260860
1071,0.026629,74.125.200.0-255,2902,203181,48,260860
1072,0.026633,172.31.46.0-255,66,203247,48,260860
1073,0.028042,172.31.46.0-255,172,203419,48,260860
1074,0.028072,172.31.46.0-255,1111,204530,48,260860
1075,0.02813,172.31.46.0-255,1514,206044,48,260860
1076,0.028133,172.31.46.0-255,1514,207558,48,260860
1077,0.028134,172.31.46.0-255,604,208162,48,260860
1078,0.029004,74.125.200.0-255,2902,211064,48,260860
1079,0.029012,172.31.46.0-255,66,211130,48,260860
1080,0.029041,74.125.200.0-255,2902,214032,48,260860
1081,0.029043,172.31.46.0-255,66,214098,48,260860
1082,0.029697,104.244.42.0-255,66,214164,48,260860
1083,0.029749,104.244.42.0-255,66,214230,48,260860
1084,0.029798,104.244.42.0-255,66,214296,48,260860
1085,0.029802,104.244.42.0-255,66,214362,48,260860
1086,0.031414,74.125.200.0-255,1484,215846,48,260860
1087,0.031446,74.125.200.0-255,4320,220166,48,260860
1088,0.031451,172.31.46.0-255,66,220232,48,260860
1089,0.033868,74.125.200.0-255,5738,225970,48,260860
1090,0.033874,172.31.46.0-255,66,226036,48,260860
1091,0.036284,74.125.200.0-255,5738,231774,48,260860
1092,0.036291,172.31.46.0-255,66,231840,48,260860
1093,0.0387,74.125.200.0-255,5738,237578,48,260860
1094,0.038706,172.31.46.0-255,66,237644,48,260860
1095,0.041112,74.125.200.0-255,5738,243382,48,260860
1096,0.041118,172.31.46.0-255,66,243448,48,260860
1097,0.043526,74.125.200.0-255,5738,249186,48,260860
1098,0.043532,172.31.46.0-255,66,249252,48,260860
1099,0.045994,74.125.200.0-255,5738,254990,48,260860
1100,0.046,172.31.46.0-255,66,255056,48,260860
1101,0.048411,74.125.200.0-255,5738,260794,48,260860
1102,0.048418,172.31.46.0-255,66,260860,48,260860
1103,0.0,74.125.68.0-255,146,146,48,211420
1104,2.3e-05,172.31.46.0-255,66,212,48,211420
1105,3e-05,74.125.68.0-255,1484,1696,48,211420
1106,3.5e-05,172.31.46.0-255,66,1762,48,211420
1107,4.2e-05,74.125.68.0-255,2902,4664,48,211420
1108,4.5e-05,172.31.46.0-255,66,4730,48,211420
1109,5.2e-05,74.125.68.0-255,4320,9050,48,211420
1110,5.5e-05,172.31.46.0-255,66,9116,48,211420
1111,7.9e-05,74.125.68.0-255,2902,12018,48,211420
1112,8.2e-05,172.31.46.0-255,66,12084,48,211420
1113,8.6e-05,74.125.68.0-255,2030,14114,48,211420
1114,8.9e-05,172.31.46.0-255,66,14180,48,211420
1115,0.000122,74.125.68.0-255,1484,15664,48,211420
1116,0.000125,172.31.46.0-255,66,15730,48,211420
1117,0.00013,74.125.68.0-255,2902,18632,48,211420
1118,0.000132,172.31.46.0-255,66,18698,48,211420
1119,0.000139,74.125.68.0-255,4320,23018,48,211420
1120,0.000142,172.31.46.0-255,66,23084,48,211420
1121,0.00016,74.125.68.0-255,1484,24568,48,211420
1122,0.000162,172.31.46.0-255,66,24634,48,211420
1123,0.000169,74.125.68.0-255,5738,30372,48,211420
1124,0.000172,172.31.46.0-255,66,30438,48,211420
1125,0.000187,74.125.68.0-255,1125,31563,48,211420
1126,0.00019,172.31.46.0-255,66,31629,48,211420
1127,0.00038,74.125.68.0-255,1484,33113,48,211420
1128,0.000384,172.31.46.0-255,66,33179,48,211420
1129,0.00039,74.125.68.0-255,2902,36081,48,211420
1130,0.000394,172.31.46.0-255,66,36147,48,211420
1131,0.000424,74.125.68.0-255,5738,41885,48,211420
1132,0.000427,172.31.46.0-255,66,41951,48,211420
1133,0.000435,74.125.68.0-255,6797,48748,48,211420
1134,0.000437,172.31.46.0-255,66,48814,48,211420
1135,0.000751,74.125.68.0-255,1484,50298,48,211420
1136,0.000759,74.125.68.0-255,2902,53200,48,211420
1137,0.000762,172.31.46.0-255,66,53266,48,211420
1138,0.000787,74.125.68.0-255,4320,57586,48,211420
1139,0.000802,172.31.46.0-255,66,57652,48,211420
1140,0.000832,172.31.46.0-255,66,57718,48,211420
1141,0.001012,74.125.68.0-255,1484,59202,48,211420
1142,0.001031,74.125.68.0-255,2902,62104,48,211420
1143,0.001035,172.31.46.0-255,66,62170,48,211420
1144,0.001042,74.125.68.0-255,5738,67908,48,211420
1145,0.001059,172.31.46.0-255,66,67974,48,211420
1146,0.001074,74.125.68.0-255,4320,72294,48,211420
1147,0.001093,74.125.68.0-255,2543,74837,48,211420
1148,0.001096,172.31.46.0-255,66,74903,48,211420
1149,0.001101,172.31.46.0-255,66,74969,48,211420
1150,0.00133,74.125.68.0-255,1484,76453,48,211420
1151,0.001347,74.125.68.0-255,2902,79355,48,211420
1152,0.00135,172.31.46.0-255,66,79421,48,211420
1153,0.001355,74.125.68.0-255,2902,82323,48,211420
1154,0.001369,74.125.68.0-255,2902,85225,48,211420
1155,0.001375,74.125.68.0-255,5738,90963,48,211420
1156,0.00138,172.31.46.0-255,66,91029,48,211420
1157,0.001417,74.125.68.0-255,1125,92154,48,211420
1158,0.001554,172.31.46.0-255,66,92220,48,211420
1159,0.002069,74.125.68.0-255,1484,93704,48,211420
1160,0.00208,74.125.68.0-255,2902,96606,48,211420
1161,0.002084,74.125.68.0-255,1484,98090,48,211420
1162,0.002105,74.125.68.0-255,2902,100992,48,211420
1163,0.002111,74.125.68.0-255,5738,106730,48,211420
1164,0.002143,74.125.68.0-255,4320,111050,48,211420
1165,0.002197,74.125.68.0-255,6438,117488,48,211420
1166,0.006006,172.31.46.0-255,66,117554,48,211420
1167,0.00864,74.125.68.0-255,5738,123292,48,211420
1168,0.008647,172.31.46.0-255,66,123358,48,211420
1169,0.011315,74.125.68.0-255,5738,129096,48,211420
1170,0.013905,172.31.46.0-255,66,129162,48,211420
1171,0.016566,74.125.68.0-255,5738,134900,48,211420
1172,0.016584,172.31.46.0-255,66,134966,48,211420
1173,0.019228,74.125.68.0-255,5738,140704,48,211420
1174,0.019244,172.31.46.0-255,66,140770,48,211420
1175,0.021897,74.125.68.0-255,5738,146508,48,211420
1176,0.021915,172.31.46.0-255,66,146574,48,211420
1177,0.024556,74.125.68.0-255,5738,152312,48,211420
1178,0.024569,172.31.46.0-255,66,152378,48,211420
1179,0.024826,172.31.46.0-255,172,152550,48,211420
1180,0.024859,172.31.46.0-255,1112,153662,48,211420
1181,0.025008,172.31.46.0-255,1514,155176,48,211420
1182,0.02501,172.31.46.0-255,1514,156690,48,211420
1183,0.025011,172.31.46.0-255,1514,158204,48,211420
1184,0.025012,172.31.46.0-255,1514,159718,48,211420
1185,0.025038,172.31.46.0-255,554,160272,48,211420
1186,0.02634,104.244.42.0-255,66,160338,48,211420
1187,0.026373,104.244.42.0-255,66,160404,48,211420
1188,0.026529,104.244.42.0-255,66,160470,48,211420
1189,0.026533,104.244.42.0-255,66,160536,48,211420
1190,0.027188,74.125.68.0-255,5738,166274,48,211420
1191,0.027198,172.31.46.0-255,66,166340,48,211420
1192,0.029833,74.125.68.0-255,5738,172078,48,211420
1193,0.029843,172.31.46.0-255,66,172144,48,211420
1194,0.032489,74.125.68.0-255,5738,177882,48,211420
1195,0.032499,172.31.46.0-255,66,177948,48,211420
1196,0.035135,74.125.68.0-255,4320,182268,48,211420
1197,0.035144,172.31.46.0-255,66,182334,48,211420
1198,0.035162,74.125.68.0-255,1484,183818,48,211420
1199,0.037772,74.125.68.0-255,4320,188138,48,211420
1200,0.03778,172.31.46.0-255,66,188204,48,211420
1201,0.040412,74.125.68.0-255,5738,193942,48,211420
1202,0.040453,172.31.46.0-255,66,194008,48,211420
1203,0.04309,74.125.68.0-255,5738,199746,48,211420
1204,0.043096,172.31.46.0-255,66,199812,48,211420
1205,0.045724,74.125.68.0-255,5738,205550,48,211420
1206,0.045731,172.31.46.0-255,66,205616,48,211420
1207,0.048386,74.125.68.0-255,5738,211354,48,211420
1208,0.048392,172.31.46.0-255,66,211420,48,211420
1209,0.0,74.125.24.0-255,146,146,48,174249
1210,1.9e-05,172.31.46.0-255,66,212,48,174249
1211,2.7e-05,74.125.24.0-255,1484,1696,48,174249
1212,3.1e-05,172.31.46.0-255,66,1762,48,174249
1213,4.8e-05,74.125.24.0-255,2902,4664,48,174249
1214,5.2e-05,172.31.46.0-255,66,4730,48,174249
1215,6e-05,74.125.24.0-255,7156,11886,48,174249
1216,6.3e-05,172.31.46.0-255,66,11952,48,174249
1217,6.8e-05,74.125.24.0-255,1985,13937,48,174249
1218,7e-05,172.31.46.0-255,66,14003,48,174249
1219,7.8e-05,74.125.24.0-255,4320,18323,48,174249
1220,8.1e-05,172.31.46.0-255,66,18389,48,174249
1221,0.000121,74.125.24.0-255,7156,25545,48,174249
1222,0.000124,172.31.46.0-255,66,25611,48,174249
1223,0.000146,172.31.46.0-255,66,25677,48,174249
1224,0.000149,74.125.24.0-255,766,26443,48,174249
1225,0.000151,172.31.46.0-255,66,26509,48,174249
1226,0.000705,74.125.24.0-255,1484,27993,48,174249
1227,0.000725,172.31.46.0-255,66,28059,48,174249
1228,0.000732,74.125.24.0-255,2902,30961,48,174249
1229,0.000734,172.31.46.0-255,66,31027,48,174249
1230,0.000745,74.125.24.0-255,5738,36765,48,174249
1231,0.000747,172.31.46.0-255,66,36831,48,174249
1232,0.000781,74.125.24.0-255,7150,43981,48,174249
1233,0.000784,172.31.46.0-255,66,44047,48,174249
1234,0.003043,74.125.24.0-255,5738,49785,48,174249
1235,0.00305,172.31.46.0-255,66,49851,48,174249
1236,0.0053,74.125.24.0-255,5738,55589,48,174249
1237,0.005303,172.31.46.0-255,66,55655,48,174249
1238,0.007566,74.125.24.0-255,5738,61393,48,174249
1239,0.007574,172.31.46.0-255,66,61459,48,174249
1240,0.009841,74.125.24.0-255,5738,67197,48,174249
1241,0.00985,172.31.46.0-255,66,67263,48,174249
1242,0.012106,74.125.24.0-255,5738,73001,48,174249
1243,0.012114,172.31.46.0-255,66,73067,48,174249
1244,0.014391,74.125.24.0-255,5738,78805,48,174249
1245,0.014399,172.31.46.0-255,66,78871,48,174249
1246,0.016655,74.125.24.0-255,5738,84609,48,174249
1247,0.016663,172.31.46.0-255,66,84675,48,174249
1248,0.018917,74.125.24.0-255,5738,90413,48,174249
1249,0.018925,172.31.46.0-255,66,90479,48,174249
1250,0.021195,74.125.24.0-255,5738,96217,48,174249
1251,0.021201,172.31.46.0-255,66,96283,48,174249
1252,0.02214,172.31.46.0-255,167,96450,48,174249
1253,0.022202,172.31.46.0-255,1112,97562,48,174249
1254,0.02227,172.31.46.0-255,1514,99076,48,174249
1255,0.022272,172.31.46.0-255,1514,100590,48,174249
1256,0.022273,172.31.46.0-255,1514,102104,48,174249
1257,0.022274,172.31.46.0-255,1514,103618,48,174249
1258,0.022275,172.31.46.0-255,545,104163,48,174249
1259,0.023451,74.125.24.0-255,5738,109901,48,174249
1260,0.023458,172.31.46.0-255,66,109967,48,174249
1261,0.023678,104.244.42.0-255,66,110033,48,174249
1262,0.023768,104.244.42.0-255,66,110099,48,174249
1263,0.023878,104.244.42.0-255,66,110165,48,174249
1264,0.023884,104.244.42.0-255,66,110231,48,174249
1265,0.024465,104.244.42.0-255,108,110339,48,174249
1266,0.024473,172.31.46.0-255,66,110405,48,174249
1267,0.025715,74.125.24.0-255,5738,116143,48,174249
1268,0.025722,172.31.46.0-255,66,116209,48,174249
1269,0.027977,74.125.24.0-255,5738,121947,48,174249
1270,0.027989,172.31.46.0-255,66,122013,48,174249
1271,0.030305,74.125.24.0-255,5738,127751,48,174249
1272,0.030313,172.31.46.0-255,66,127817,48,174249
1273,0.032583,74.125.24.0-255,5738,133555,48,174249
1274,0.03259,172.31.46.0-255,66,133621,48,174249
1275,0.034833,74.125.24.0-255,5738,139359,48,174249
1276,0.03484,172.31.46.0-255,66,139425,48,174249
1277,0.037133,74.125.24.0-255,5738,145163,48,174249
1278,0.03714,172.31.46.0-255,66,145229,48,174249
1279,0.039383,74.125.24.0-255,5738,150967,48,174249
1280,0.03939,172.31.46.0-255,66,151033,48,174249
1281,0.04166,74.125.24.0-255,5738,156771,48,174249
1282,0.041666,172.31.46.0-255,66,156837,48,174249
1283,0.043927,74.125.24.0-255,5738,162575,48,174249
1284,0.043935,172.31.46.0-255,66,162641,48,174249
1285,0.046197,74.125.24.0-255,5738,168379,48,174249
1286,0.046208,172.31.46.0-255,66,168445,48,174249
1287,0.048457,74.125.24.0-255,5738,174183,48,174249
1288,0.048465,172.31.46.0-255,66,174249,48,174249
1289,0.0,172.31.46.0-255,105,105,48,459
1290,0.000204,172.31.46.0-255,90,195,48,459
1291,0.000213,172.31.46.0-255,66,261,48,459
1292,0.002578,172.217.194.0-255,66,327,48,459
1293,0.002606,172.217.194.0-255,66,393,48,459
1294,0.002625,172.31.46.0-255,66,459,48,459
1295,0.0,74.125.200.0-255,153,153,48,297958
1296,2.2e-05,172.31.46.0-255,66,219,48,297958
1297,2.9e-05,74.125.200.0-255,1484,1703,48,297958
1298,3.4e-05,172.31.46.0-255,66,1769,48,297958
1299,4.7e-05,74.125.200.0-255,2902,4671,48,297958
1300,5.1e-05,172.31.46.0-255,66,4737,48,297958
1301,5.8e-05,74.125.200.0-255,5738,10475,48,297958
1302,6.1e-05,172.31.46.0-255,66,10541,48,297958
1303,6.7e-05,74.125.200.0-255,3517,14058,48,297958
1304,6.9e-05,172.31.46.0-255,66,14124,48,297958
1305,9.8e-05,74.125.200.0-255,4320,18444,48,297958
1306,0.000101,172.31.46.0-255,66,18510,48,297958
1307,0.000129,74.125.200.0-255,2902,21412,48,297958
1308,0.000132,172.31.46.0-255,66,21478,48,297958
1309,0.000159,74.125.200.0-255,4320,25798,48,297958
1310,0.000161,172.31.46.0-255,66,25864,48,297958
1311,0.000165,74.125.200.0-255,2902,28766,48,297958
1312,0.000168,172.31.46.0-255,66,28832,48,297958
1313,0.000212,74.125.200.0-255,2543,31375,48,297958
1314,0.000214,172.31.46.0-255,66,31441,48,297958
1315,0.000586,74.125.200.0-255,1484,32925,48,297958
1316,0.000592,172.31.46.0-255,66,32991,48,297958
1317,0.000598,74.125.200.0-255,2902,35893,48,297958
1318,0.000601,172.31.46.0-255,66,35959,48,297958
1319,0.000634,74.125.200.0-255,5738,41697,48,297958
1320,0.000637,172.31.46.0-255,66,41763,48,297958
1321,0.000645,74.125.200.0-255,6797,48560,48,297958
1322,0.000647,172.31.46.0-255,66,48626,48,297958
1323,0.000668,74.125.200.0-255,4320,52946,48,297958
1324,0.000671,172.31.46.0-255,66,53012,48,297958
1325,0.000704,74.125.200.0-255,4320,57332,48,297958
1326,0.00071,172.31.46.0-255,66,57398,48,297958
1327,0.000746,172.31.46.0-255,66,57464,48,297958
1328,0.00075,74.125.200.0-255,129,57593,48,297958
1329,0.00083,74.125.200.0-255,1484,59077,48,297958
1330,0.000834,172.31.46.0-255,66,59143,48,297958
1331,0.000839,74.125.200.0-255,2902,62045,48,297958
1332,0.000841,172.31.46.0-255,66,62111,48,297958
1333,0.000869,74.125.200.0-255,5738,67849,48,297958
1334,0.000872,172.31.46.0-255,66,67915,48,297958
1335,0.000876,74.125.200.0-255,2902,70817,48,297958
1336,0.000879,172.31.46.0-255,66,70883,48,297958
1337,0.000888,74.125.200.0-255,3961,74844,48,297958
1338,0.00089,172.31.46.0-255,66,74910,48,297958
1339,0.000904,74.125.200.0-255,4320,79230,48,297958
1340,0.000906,172.31.46.0-255,66,79296,48,297958
1341,0.000932,74.125.200.0-255,4320,83616,48,297958
1342,0.000934,172.31.46.0-255,66,83682,48,297958
1343,0.000944,74.125.200.0-255,5738,89420,48,297958
1344,0.000946,172.31.46.0-255,66,89486,48,297958
1345,0.000991,74.125.200.0-255,2543,92029,48,297958
1346,0.000994,172.31.46.0-255,66,92095,48,297958
1347,0.001416,74.125.200.0-255,1484,93579,48,297958
1348,0.001431,74.125.200.0-255,2902,96481,48,297958
1349,0.001434,172.31.46.0-255,66,96547,48,297958
1350,0.001456,74.125.200.0-255,5738,102285,48,297958
1351,0.001459,172.31.46.0-255,66,102351,48,297958
1352,0.001476,74.125.200.0-255,2902,105253,48,297958
1353,0.001478,172.31.46.0-255,66,105319,48,297958
1354,0.001504,74.125.200.0-255,5738,111057,48,297958
1355,0.001506,172.31.46.0-255,66,111123,48,297958
1356,0.001534,74.125.200.0-255,5738,116861,48,297958
1357,0.001536,172.31.46.0-255,66,116927,48,297958
1358,0.001562,74.125.200.0-255,4320,121247,48,297958
1359,0.001563,172.31.46.0-255,66,121313,48,297958
1360,0.001585,74.125.200.0-255,2902,124215,48,297958
1361,0.001587,172.31.46.0-255,66,124281,48,297958
1362,0.001594,74.125.200.0-255,2184,126465,48,297958
1363,0.001596,172.31.46.0-255,66,126531,48,297958
1364,0.001729,74.125.200.0-255,1484,128015,48,297958
1365,0.00174,74.125.200.0-255,2902,130917,48,297958
1366,0.001743,172.31.46.0-255,66,130983,48,297958
1367,0.001778,74.125.200.0-255,1484,132467,48,297958
1368,0.001809,74.125.200.0-255,2902,135369,48,297958
1369,0.001813,172.31.46.0-255,66,135435,48,297958
1370,0.00182,74.125.200.0-255,1484,136919,48,297958
1371,0.001839,74.125.200.0-255,4320,141239,48,297958
1372,0.001841,172.31.46.0-255,66,141305,48,297958
1373,0.001879,74.125.200.0-255,4320,145625,48,297958
1374,0.001882,172.31.46.0-255,66,145691,48,297958
1375,0.001912,74.125.200.0-255,2902,148593,48,297958
1376,0.001914,172.31.46.0-255,66,148659,48,297958
1377,0.001935,74.125.200.0-255,2902,151561,48,297958
1378,0.001937,172.31.46.0-255,66,151627,48,297958
1379,0.001975,74.125.200.0-255,4320,155947,48,297958
1380,0.001977,172.31.46.0-255,66,156013,48,297958
1381,0.002027,74.125.200.0-255,4320,160333,48,297958
1382,0.00203,172.31.46.0-255,66,160399,48,297958
1383,0.002059,74.125.200.0-255,766,161165,48,297958
1384,0.002211,74.125.200.0-255,1484,162649,48,297958
1385,0.002215,172.31.46.0-255,66,162715,48,297958
1386,0.00222,74.125.200.0-255,2902,165617,48,297958
1387,0.002221,172.31.46.0-255,66,165683,48,297958
1388,0.002248,74.125.200.0-255,1484,167167,48,297958
1389,0.002252,74.125.200.0-255,2902,170069,48,297958
1390,0.002253,172.31.46.0-255,66,170135,48,297958
1391,0.002258,74.125.200.0-255,4320,174455,48,297958
1392,0.00226,172.31.46.0-255,66,174521,48,297958
1393,0.002276,74.125.200.0-255,1484,176005,48,297958
1394,0.002317,172.31.46.0-255,66,176071,48,297958
1395,0.002351,172.31.46.0-255,66,176137,48,297958
1396,0.002574,172.31.46.0-255,101,176238,48,297958
1397,0.00467,74.125.200.0-255,2902,179140,48,297958
1398,0.004676,172.31.46.0-255,66,179206,48,297958
1399,0.004698,74.125.200.0-255,2902,182108,48,297958
1400,0.0047,172.31.46.0-255,66,182174,48,297958
1401,0.004863,74.125.200.0-255,66,182240,48,297958
1402,0.006992,74.125.200.0-255,2902,185142,48,297958
1403,0.006995,172.31.46.0-255,66,185208,48,297958
1404,0.007022,74.125.200.0-255,2902,188110,48,297958
1405,0.007023,172.31.46.0-255,66,188176,48,297958
1406,0.009316,74.125.200.0-255,2902,191078,48,297958
1407,0.009323,172.31.46.0-255,66,191144,48,297958
1408,0.009348,74.125.200.0-255,2902,194046,48,297958
1409,0.009351,172.31.46.0-255,66,194112,48,297958
1410,0.011654,74.125.200.0-255,5738,199850,48,297958
1411,0.011666,172.31.46.0-255,66,199916,48,297958
1412,0.014013,74.125.200.0-255,5738,205654,48,297958
1413,0.014021,172.31.46.0-255,66,205720,48,297958
1414,0.016356,74.125.200.0-255,5738,211458,48,297958
1415,0.016363,172.31.46.0-255,66,211524,48,297958
1416,0.018695,74.125.200.0-255,5738,217262,48,297958
1417,0.018701,172.31.46.0-255,66,217328,48,297958
1418,0.021035,74.125.200.0-255,5738,223066,48,297958
1419,0.021047,172.31.46.0-255,66,223132,48,297958
1420,0.023378,74.125.200.0-255,5738,228870,48,297958
1421,0.023384,172.31.46.0-255,66,228936,48,297958
1422,0.023963,172.31.46.0-255,172,229108,48,297958
1423,0.02399,172.31.46.0-255,1107,230215,48,297958
1424,0.02404,172.31.46.0-255,1514,231729,48,297958
1425,0.024042,172.31.46.0-255,1514,233243,48,297958
1426,0.024063,172.31.46.0-255,607,233850,48,297958
1427,0.025489,104.244.42.0-255,66,233916,48,297958
1428,0.025527,104.244.42.0-255,66,233982,48,297958
1429,0.025579,104.244.42.0-255,66,234048,48,297958
1430,0.025591,104.244.42.0-255,66,234114,48,297958
1431,0.025715,74.125.200.0-255,5738,239852,48,297958
1432,0.025719,172.31.46.0-255,66,239918,48,297958
1433,0.02805,74.125.200.0-255,5738,245656,48,297958
1434,0.028055,172.31.46.0-255,66,245722,48,297958
1435,0.030382,74.125.200.0-255,5738,251460,48,297958
1436,0.030404,172.31.46.0-255,66,251526,48,297958
1437,0.032731,74.125.200.0-255,5738,257264,48,297958
1438,0.032737,172.31.46.0-255,66,257330,48,297958
1439,0.035085,74.125.200.0-255,5738,263068,48,297958
1440,0.035092,172.31.46.0-255,66,263134,48,297958
1441,0.037435,74.125.200.0-255,5738,268872,48,297958
1442,0.037441,172.31.46.0-255,66,268938,48,297958
1443,0.039781,74.125.200.0-255,5738,274676,48,297958
1444,0.039789,172.31.46.0-255,66,274742,48,297958
1445,0.042135,74.125.200.0-255,5738,280480,48,297958
1446,0.042142,172.31.46.0-255,66,280546,48,297958
1447,0.044477,74.125.200.0-255,5738,286284,48,297958
1448,0.044482,172.31.46.0-255,66,286350,48,297958
1449,0.046861,74.125.200.0-255,5738,292088,48,297958
1450,0.046868,172.31.46.0-255,66,292154,48,297958
1451,0.0492,74.125.200.0-255,5738,297892,48,297958
1452,0.049206,172.31.46.0-255,66,297958,48,297958
1453,0.0,172.217.194.0-255,298,298,48,253620
1454,2.3e-05,172.31.46.0-255,66,364,48,253620
1455,2.9e-05,172.217.194.0-255,1484,1848,48,253620
1456,3.3e-05,172.31.46.0-255,66,1914,48,253620
1457,3.9e-05,172.217.194.0-255,4320,6234,48,253620
1458,4.3e-05,172.31.46.0-255,66,6300,48,253620
1459,4.8e-05,172.217.194.0-255,4320,10620,48,253620
1460,5.1e-05,172.31.46.0-255,66,10686,48,253620
1461,7.2e-05,172.217.194.0-255,3261,13947,48,253620
1462,7.4e-05,172.31.46.0-255,66,14013,48,253620
1463,8.1e-05,172.217.194.0-255,7156,21169,48,253620
1464,8.3e-05,172.31.46.0-255,66,21235,48,253620
1465,0.000104,172.217.194.0-255,7156,28391,48,253620
1466,0.000106,172.31.46.0-255,66,28457,48,253620
1467,0.00011,172.217.194.0-255,2543,31000,48,253620
1468,0.000112,172.31.46.0-255,66,31066,48,253620
1469,0.000182,172.217.194.0-255,1484,32550,48,253620
1470,0.000185,172.31.46.0-255,66,32616,48,253620
1471,0.000199,172.217.194.0-255,2902,35518,48,253620
1472,0.000201,172.31.46.0-255,66,35584,48,253620
1473,0.000227,172.217.194.0-255,5738,41322,48,253620
1474,0.000229,172.31.46.0-255,66,41388,48,253620
1475,0.000242,172.217.194.0-255,4320,45708,48,253620
1476,0.000244,172.31.46.0-255,66,45774,48,253620
1477,0.00027,172.31.46.0-255,66,45840,48,253620
1478,0.000276,172.217.194.0-255,5738,51578,48,253620
1479,0.000278,172.31.46.0-255,66,51644,48,253620
1480,0.000314,172.217.194.0-255,1484,53128,48,253620
1481,0.000316,172.31.46.0-255,66,53194,48,253620
1482,0.00033,172.217.194.0-255,2798,55992,48,253620
1483,0.000332,172.31.46.0-255,66,56058,48,253620
1484,0.000334,172.217.194.0-255,118,56176,48,253620
1485,0.000351,172.217.194.0-255,380,56556,48,253620
1486,0.000624,172.217.194.0-255,1484,58040,48,253620
1487,0.000629,172.31.46.0-255,66,58106,48,253620
1488,0.000634,172.217.194.0-255,2902,61008,48,253620
1489,0.000636,172.31.46.0-255,66,61074,48,253620
1490,0.000639,172.217.194.0-255,1484,62558,48,253620
1491,0.000654,172.217.194.0-255,4320,66878,48,253620
1492,0.000656,172.31.46.0-255,66,66944,48,253620
1493,0.000669,172.217.194.0-255,4320,71264,48,253620
1494,0.000671,172.31.46.0-255,66,71330,48,253620
1495,0.000702,172.31.46.0-255,66,71396,48,253620
1496,0.000705,172.217.194.0-255,1484,72880,48,253620
1497,0.000721,172.217.194.0-255,1484,74364,48,253620
1498,0.000723,172.31.46.0-255,66,74430,48,253620
1499,0.000753,172.31.46.0-255,66,74496,48,253620
1500,0.000979,172.217.194.0-255,1484,75980,48,253620
1501,0.000984,172.217.194.0-255,2902,78882,48,253620
1502,0.000987,172.31.46.0-255,66,78948,48,253620
1503,0.00099,172.217.194.0-255,1484,80432,48,253620
1504,0.001007,172.217.194.0-255,4320,84752,48,253620
1505,0.001009,172.31.46.0-255,66,84818,48,253620
1506,0.001014,172.217.194.0-255,4320,89138,48,253620
1507,0.001016,172.31.46.0-255,66,89204,48,253620
1508,0.001046,172.31.46.0-255,66,89270,48,253620
1509,0.001051,172.217.194.0-255,5738,95008,48,253620
1510,0.001053,172.31.46.0-255,66,95074,48,253620
1511,0.001073,172.217.194.0-255,2902,97976,48,253620
1512,0.001075,172.31.46.0-255,66,98042,48,253620
1513,0.001088,172.217.194.0-255,2184,100226,48,253620
1514,0.001091,172.31.46.0-255,66,100292,48,253620
1515,0.001097,172.217.194.0-255,5738,106030,48,253620
1516,0.001099,172.31.46.0-255,66,106096,48,253620
1517,0.001124,172.217.194.0-255,7156,113252,48,253620
1518,0.001127,172.31.46.0-255,66,113318,48,253620
1519,0.001148,172.217.194.0-255,5738,119056,48,253620
1520,0.001151,172.31.46.0-255,66,119122,48,253620
1521,0.001156,172.217.194.0-255,5738,124860,48,253620
1522,0.001158,172.31.46.0-255,66,124926,48,253620
1523,0.001178,172.217.194.0-255,2902,127828,48,253620
1524,0.00118,172.31.46.0-255,66,127894,48,253620
1525,0.001194,172.217.194.0-255,4320,132214,48,253620
1526,0.001197,172.31.46.0-255,66,132280,48,253620
1527,0.001213,172.217.194.0-255,2184,134464,48,253620
1528,0.001215,172.31.46.0-255,66,134530,48,253620
1529,0.001222,172.217.194.0-255,7156,141686,48,253620
1530,0.001224,172.31.46.0-255,66,141752,48,253620
1531,0.00125,172.217.194.0-255,4320,146072,48,253620
1532,0.001252,172.31.46.0-255,66,146138,48,253620
1533,0.001257,172.217.194.0-255,4320,150458,48,253620
1534,0.001259,172.31.46.0-255,66,150524,48,253620
1535,0.001269,172.217.194.0-255,1484,152008,48,253620
1536,0.001272,172.217.194.0-255,1484,153492,48,253620
1537,0.001274,172.31.46.0-255,66,153558,48,253620
1538,0.001299,172.31.46.0-255,66,153624,48,253620
1539,0.001304,172.217.194.0-255,5020,158644,48,253620
1540,0.001307,172.31.46.0-255,66,158710,48,253620
1541,0.001387,172.217.194.0-255,1484,160194,48,253620
1542,0.0014,172.217.194.0-255,2902,163096,48,253620
1543,0.001403,172.31.46.0-255,66,163162,48,253620
1544,0.001406,172.217.194.0-255,1484,164646,48,253620
1545,0.001423,172.217.194.0-255,4320,168966,48,253620
1546,0.001426,172.31.46.0-255,66,169032,48,253620
1547,0.001459,172.217.194.0-255,1484,170516,48,253620
1548,0.001479,172.31.46.0-255,66,170582,48,253620
1549,0.001489,172.31.46.0-255,66,170648,48,253620
1550,0.001491,172.217.194.0-255,766,171414,48,253620
1551,0.001529,172.217.194.0-255,1484,172898,48,253620
1552,0.001532,172.31.46.0-255,66,172964,48,253620
1553,0.001552,172.217.194.0-255,2902,175866,48,253620
1554,0.001554,172.31.46.0-255,66,175932,48,253620
1555,0.00156,172.217.194.0-255,5738,181670,48,253620
1556,0.001562,172.31.46.0-255,66,181736,48,253620
1557,0.001593,172.31.46.0-255,66,181802,48,253620
1558,0.001611,172.217.194.0-255,4320,186122,48,253620
1559,0.001614,172.31.46.0-255,66,186188,48,253620
1560,0.001625,172.31.46.0-255,66,186254,48,253620
1561,0.001637,172.217.194.0-255,1484,187738,48,253620
1562,0.001658,172.31.46.0-255,66,187804,48,253620
1563,0.001665,172.217.194.0-255,1484,189288,48,253620
1564,0.001689,172.31.46.0-255,66,189354,48,253620
1565,0.001705,172.217.194.0-255,1484,190838,48,253620
1566,0.001729,172.31.46.0-255,66,190904,48,253620
1567,0.001734,172.217.194.0-255,2902,193806,48,253620
1568,0.001736,172.31.46.0-255,66,193872,48,253620
1569,0.00176,172.31.46.0-255,66,193938,48,253620
1570,0.001766,172.217.194.0-255,5738,199676,48,253620
1571,0.001768,172.31.46.0-255,66,199742,48,253620
1572,0.001807,172.217.194.0-255,5738,205480,48,253620
1573,0.00181,172.31.46.0-255,66,205546,48,253620
1574,0.001838,172.31.46.0-255,66,205612,48,253620
1575,0.001841,172.217.194.0-255,1484,207096,48,253620
1576,0.001873,172.217.194.0-255,1484,208580,48,253620
1577,0.001892,172.31.46.0-255,66,208646,48,253620
1578,0.001909,172.217.194.0-255,5738,214384,48,253620
1579,0.001916,172.31.46.0-255,66,214450,48,253620
1580,0.00193,172.217.194.0-255,3602,218052,48,253620
1581,0.001946,172.217.194.0-255,5738,223790,48,253620
1582,0.001951,172.31.46.0-255,66,223856,48,253620
1583,0.001969,172.217.194.0-255,4320,228176,48,253620
1584,0.001973,172.217.194.0-255,4320,232496,48,253620
1585,0.001982,172.31.46.0-255,66,232562,48,253620
1586,0.001995,172.217.194.0-255,5738,238300,48,253620
1587,0.002049,172.217.194.0-255,1484,239784,48,253620
1588,0.002053,172.217.194.0-255,3602,243386,48,253620
1589,0.002059,172.217.194.0-255,4714,248100,48,253620
1590,0.002078,172.217.194.0-255,105,248205,48,253620
1591,0.002085,172.31.46.0-255,66,248271,48,253620
1592,0.011884,172.31.46.0-255,105,248376,48,253620
1593,0.014261,172.217.194.0-255,66,248442,48,253620
1594,0.031086,172.31.46.0-255,172,248614,48,253620
1595,0.031116,172.31.46.0-255,1111,249725,48,253620
1596,0.031168,172.31.46.0-255,1514,251239,48,253620
1597,0.03117,172.31.46.0-255,1514,252753,48,253620
1598,0.031171,172.31.46.0-255,603,253356,48,253620
1599,0.032741,104.244.42.0-255,66,253422,48,253620
1600,0.032775,104.244.42.0-255,66,253488,48,253620
1601,0.032825,104.244.42.0-255,66,253554,48,253620
1602,0.032838,104.244.42.0-255,66,253620,48,253620
1603,0.0,172.31.46.0-255,105,105,48,257791
1604,0.000285,172.31.46.0-255,90,195,48,257791
1605,0.000294,172.31.46.0-255,66,261,48,257791
1606,0.002321,74.125.68.0-255,66,327,48,257791
1607,0.002347,74.125.68.0-255,66,393,48,257791
1608,0.002367,172.31.46.0-255,66,459,48,257791
1609,0.027315,74.125.200.0-255,150,609,48,257791
1610,0.027332,172.31.46.0-255,66,675,48,257791
1611,0.027349,74.125.200.0-255,1484,2159,48,257791
1612,0.027358,172.31.46.0-255,66,2225,48,257791
1613,0.027365,74.125.200.0-255,2902,5127,48,257791
1614,0.027369,172.31.46.0-255,66,5193,48,257791
1615,0.027374,74.125.200.0-255,2902,8095,48,257791
1616,0.027377,172.31.46.0-255,66,8161,48,257791
1617,0.02741,74.125.200.0-255,2902,11063,48,257791
1618,0.027413,172.31.46.0-255,66,11129,48,257791
1619,0.027419,74.125.200.0-255,3584,14713,48,257791
1620,0.027421,172.31.46.0-255,66,14779,48,257791
1621,0.027427,74.125.200.0-255,4320,19099,48,257791
1622,0.02743,172.31.46.0-255,66,19165,48,257791
1623,0.027435,74.125.200.0-255,4320,23485,48,257791
1624,0.027437,172.31.46.0-255,66,23551,48,257791
1625,0.027469,74.125.200.0-255,5738,29289,48,257791
1626,0.027472,172.31.46.0-255,66,29355,48,257791
1627,0.027477,74.125.200.0-255,2543,31898,48,257791
1628,0.027479,172.31.46.0-255,66,31964,48,257791
1629,0.027525,74.125.200.0-255,1484,33448,48,257791
1630,0.027528,172.31.46.0-255,66,33514,48,257791
1631,0.027534,74.125.200.0-255,2902,36416,48,257791
1632,0.027536,172.31.46.0-255,66,36482,48,257791
1633,0.027567,74.125.200.0-255,1484,37966,48,257791
1634,0.027569,172.31.46.0-255,66,38032,48,257791
1635,0.027574,74.125.200.0-255,2902,40934,48,257791
1636,0.027576,172.31.46.0-255,66,41000,48,257791
1637,0.027589,74.125.200.0-255,5738,46738,48,257791
1638,0.027592,172.31.46.0-255,66,46804,48,257791
1639,0.027595,74.125.200.0-255,1484,48288,48,257791
1640,0.027597,172.31.46.0-255,66,48354,48,257791
1641,0.027624,74.125.200.0-255,4320,52674,48,257791
1642,0.027627,172.31.46.0-255,66,52740,48,257791
1643,0.027635,74.125.200.0-255,7156,59896,48,257791
1644,0.027638,172.31.46.0-255,66,59962,48,257791
1645,0.027678,74.125.200.0-255,6438,66400,48,257791
1646,0.027682,172.31.46.0-255,66,66466,48,257791
1647,0.027709,74.125.200.0-255,356,66822,48,257791
1648,0.02772,74.125.200.0-255,131,66953,48,257791
1649,0.027882,74.125.200.0-255,1484,68437,48,257791
1650,0.027887,172.31.46.0-255,66,68503,48,257791
1651,0.027892,74.125.200.0-255,1484,69987,48,257791
1652,0.027912,74.125.200.0-255,1484,71471,48,257791
1653,0.027915,172.31.46.0-255,66,71537,48,257791
1654,0.02792,74.125.200.0-255,2902,74439,48,257791
1655,0.027923,172.31.46.0-255,66,74505,48,257791
1656,0.027933,74.125.200.0-255,4320,78825,48,257791
1657,0.027935,172.31.46.0-255,66,78891,48,257791
1658,0.027946,172.31.46.0-255,66,78957,48,257791
1659,0.027949,74.125.200.0-255,1484,80441,48,257791
1660,0.02798,74.125.200.0-255,5738,86179,48,257791
1661,0.027984,172.31.46.0-255,66,86245,48,257791
1662,0.028014,74.125.200.0-255,6438,92683,48,257791
1663,0.028017,172.31.46.0-255,66,92749,48,257791
1664,0.028334,74.125.200.0-255,1484,94233,48,257791
1665,0.028354,74.125.200.0-255,2902,97135,48,257791
1666,0.028358,172.31.46.0-255,66,97201,48,257791
1667,0.028363,74.125.200.0-255,1484,98685,48,257791
1668,0.028385,74.125.200.0-255,4320,103005,48,257791
1669,0.028388,172.31.46.0-255,66,103071,48,257791
1670,0.028396,74.125.200.0-255,7156,110227,48,257791
1671,0.028398,172.31.46.0-255,66,110293,48,257791
1672,0.028431,172.31.46.0-255,66,110359,48,257791
1673,0.028434,74.125.200.0-255,1484,111843,48,257791
1674,0.028469,74.125.200.0-255,6438,118281,48,257791
1675,0.028473,172.31.46.0-255,66,118347,48,257791
1676,0.028494,74.125.200.0-255,1484,119831,48,257791
1677,0.0285,74.125.200.0-255,2902,122733,48,257791
1678,0.028502,172.31.46.0-255,66,122799,48,257791
1679,0.028532,74.125.200.0-255,5738,128537,48,257791
1680,0.028535,172.31.46.0-255,66,128603,48,257791
1681,0.028574,74.125.200.0-255,1484,130087,48,257791
1682,0.028606,74.125.200.0-255,4320,134407,48,257791
1683,0.028613,74.125.200.0-255,7156,141563,48,257791
1684,0.028626,172.31.46.0-255,66,141629,48,257791
1685,0.02863,172.31.46.0-255,66,141695,48,257791
1686,0.028632,172.31.46.0-255,66,141761,48,257791
1687,0.028649,74.125.200.0-255,1484,143245,48,257791
1688,0.028653,74.125.200.0-255,1484,144729,48,257791
1689,0.028656,172.31.46.0-255,66,144795,48,257791
1690,0.028667,74.125.200.0-255,1484,146279,48,257791
1691,0.028694,74.125.200.0-255,5738,152017,48,257791
1692,0.028697,172.31.46.0-255,66,152083,48,257791
1693,0.0287,74.125.200.0-255,1484,153567,48,257791
1694,0.028704,74.125.200.0-255,2902,156469,48,257791
1695,0.028707,172.31.46.0-255,66,156535,48,257791
1696,0.028741,74.125.200.0-255,5738,162273,48,257791
1697,0.028745,172.31.46.0-255,66,162339,48,257791
1698,0.02875,74.125.200.0-255,4320,166659,48,257791
1699,0.028753,172.31.46.0-255,66,166725,48,257791
1700,0.028755,74.125.200.0-255,1484,168209,48,257791
1701,0.028803,74.125.200.0-255,4320,172529,48,257791
1702,0.028807,172.31.46.0-255,66,172595,48,257791
1703,0.028812,74.125.200.0-255,3602,176197,48,257791
1704,0.028834,172.31.46.0-255,66,176263,48,257791
1705,0.029403,74.125.200.0-255,1484,177747,48,257791
1706,0.029425,74.125.200.0-255,2902,180649,48,257791
1707,0.029428,172.31.46.0-255,66,180715,48,257791
1708,0.029433,74.125.200.0-255,2902,183617,48,257791
1709,0.029436,172.31.46.0-255,66,183683,48,257791
1710,0.029466,74.125.200.0-255,2902,186585,48,257791
1711,0.029469,172.31.46.0-255,66,186651,48,257791
1712,0.029474,74.125.200.0-255,2902,189553,48,257791
1713,0.029476,172.31.46.0-255,66,189619,48,257791
1714,0.029483,74.125.200.0-255,7156,196775,48,257791
1715,0.029485,172.31.46.0-255,66,196841,48,257791
1716,0.029509,74.125.200.0-255,2902,199743,48,257791
1717,0.029511,172.31.46.0-255,66,199809,48,257791
1718,0.029518,74.125.200.0-255,5738,205547,48,257791
1719,0.02952,172.31.46.0-255,66,205613,48,257791
1720,0.029547,74.125.200.0-255,2902,208515,48,257791
1721,0.02955,172.31.46.0-255,66,208581,48,257791
1722,0.029554,74.125.200.0-255,2184,210765,48,257791
1723,0.029556,172.31.46.0-255,66,210831,48,257791
1724,0.031892,74.125.200.0-255,5738,216569,48,257791
1725,0.0319,172.31.46.0-255,66,216635,48,257791
1726,0.034243,74.125.200.0-255,2902,219537,48,257791
1727,0.03425,172.31.46.0-255,66,219603,48,257791
1728,0.034276,74.125.200.0-255,2902,222505,48,257791
1729,0.034279,172.31.46.0-255,66,222571,48,257791
1730,0.036596,74.125.200.0-255,2902,225473,48,257791
1731,0.036601,172.31.46.0-255,66,225539,48,257791
1732,0.036632,74.125.200.0-255,2902,228441,48,257791
1733,0.036635,172.31.46.0-255,66,228507,48,257791
1734,0.039023,74.125.200.0-255,2902,231409,48,257791
1735,0.039031,172.31.46.0-255,66,231475,48,257791
1736,0.03906,74.125.200.0-255,2902,234377,48,257791
1737,0.039063,172.31.46.0-255,66,234443,48,257791
1738,0.041374,74.125.200.0-255,2902,237345,48,257791
1739,0.041382,172.31.46.0-255,66,237411,48,257791
1740,0.041414,74.125.200.0-255,2902,240313,48,257791
1741,0.041417,172.31.46.0-255,66,240379,48,257791
1742,0.043746,74.125.200.0-255,5738,246117,48,257791
1743,0.043757,172.31.46.0-255,66,246183,48,257791
1744,0.046108,74.125.200.0-255,5738,251921,48,257791
1745,0.04612,172.31.46.0-255,66,251987,48,257791
1746,0.048484,74.125.200.0-255,5738,257725,48,257791
1747,0.048493,172.31.46.0-255,66,257791,48,257791
1748,0.0,172.31.46.0-255,105,105,48,525
1749,0.000305,172.31.46.0-255,90,195,48,525
1750,0.000325,172.31.46.0-255,66,261,48,525
1751,0.002321,74.125.24.0-255,66,327,48,525
1752,0.002346,74.125.24.0-255,66,393,48,525
1753,0.002352,172.31.46.0-255,66,459,48,525
1754,0.002355,74.125.24.0-255,66,525,48,525
1755,0.0,74.125.24.0-255,296,296,48,173881
1756,1.7e-05,172.31.46.0-255,66,362,48,173881
1757,2.3e-05,74.125.24.0-255,1484,1846,48,173881
1758,2.8e-05,172.31.46.0-255,66,1912,48,173881
1759,4.2e-05,74.125.24.0-255,4320,6232,48,173881
1760,4.6e-05,172.31.46.0-255,66,6298,48,173881
1761,8.7e-05,172.31.46.0-255,66,6364,48,173881
1762,0.000324,74.125.24.0-255,1484,7848,48,173881
1763,0.000329,172.31.46.0-255,66,7914,48,173881
1764,0.000335,74.125.24.0-255,2902,10816,48,173881
1765,0.000337,172.31.46.0-255,66,10882,48,173881
1766,0.000343,74.125.24.0-255,4320,15202,48,173881
1767,0.000351,172.31.46.0-255,66,15268,48,173881
1768,0.000378,74.125.24.0-255,1484,16752,48,173881
1769,0.00038,172.31.46.0-255,66,16818,48,173881
1770,0.000409,74.125.24.0-255,6797,23615,48,173881
1771,0.000412,172.31.46.0-255,66,23681,48,173881
1772,0.000475,74.125.24.0-255,7156,30837,48,173881
1773,0.000481,172.31.46.0-255,66,30903,48,173881
1774,0.000547,74.125.24.0-255,7156,38059,48,173881
1775,0.000551,172.31.46.0-255,66,38125,48,173881
1776,0.000571,74.125.24.0-255,2543,40668,48,173881
1777,0.000574,172.31.46.0-255,66,40734,48,173881
1778,0.001584,74.125.24.0-255,1484,42218,48,173881
1779,0.001591,172.31.46.0-255,66,42284,48,173881
1780,0.001602,74.125.24.0-255,2902,45186,48,173881
1781,0.001604,172.31.46.0-255,66,45252,48,173881
1782,0.001616,74.125.24.0-255,5738,50990,48,173881
1783,0.001618,172.31.46.0-255,66,51056,48,173881
1784,0.001672,74.125.24.0-255,4320,55376,48,173881
1785,0.001675,172.31.46.0-255,66,55442,48,173881
1786,0.001705,74.125.24.0-255,2543,57985,48,173881
1787,0.001733,74.125.24.0-255,7156,65141,48,173881
1788,0.001745,74.125.24.0-255,1484,66625,48,173881
1789,0.001809,74.125.24.0-255,2902,69527,48,173881
1790,0.007671,172.31.46.0-255,66,69593,48,173881
1791,0.010041,74.125.24.0-255,5738,75331,48,173881
1792,0.010052,172.31.46.0-255,66,75397,48,173881
1793,0.012393,74.125.24.0-255,5738,81135,48,173881
1794,0.012402,172.31.46.0-255,66,81201,48,173881
1795,0.014749,74.125.24.0-255,5738,86939,48,173881
1796,0.014756,172.31.46.0-255,66,87005,48,173881
1797,0.017097,74.125.24.0-255,5738,92743,48,173881
1798,0.017106,172.31.46.0-255,66,92809,48,173881
1799,0.019488,74.125.24.0-255,5738,98547,48,173881
1800,0.019496,172.31.46.0-255,66,98613,48,173881
1801,0.021865,74.125.24.0-255,4320,102933,48,173881
1802,0.021874,172.31.46.0-255,66,102999,48,173881
1803,0.021903,74.125.24.0-255,1484,104483,48,173881
1804,0.024231,74.125.24.0-255,4320,108803,48,173881
1805,0.024238,172.31.46.0-255,66,108869,48,173881
1806,0.025135,172.31.46.0-255,172,109041,48,173881
1807,0.025169,172.31.46.0-255,1112,110153,48,173881
1808,0.025237,172.31.46.0-255,1514,111667,48,173881
1809,0.025239,172.31.46.0-255,1514,113181,48,173881
1810,0.02524,172.31.46.0-255,1514,114695,48,173881
1811,0.025241,172.31.46.0-255,1514,116209,48,173881
1812,0.025242,172.31.46.0-255,546,116755,48,173881
1813,0.026636,74.125.24.0-255,5738,122493,48,173881
1814,0.026643,172.31.46.0-255,66,122559,48,173881
1815,0.026705,104.244.42.0-255,66,122625,48,173881
1816,0.026712,104.244.42.0-255,66,122691,48,173881
1817,0.026811,104.244.42.0-255,66,122757,48,173881
1818,0.026817,104.244.42.0-255,66,122823,48,173881
1819,0.027994,104.244.42.0-255,108,122931,48,173881
1820,0.028004,172.31.46.0-255,66,122997,48,173881
1821,0.028994,74.125.24.0-255,5738,128735,48,173881
1822,0.029001,172.31.46.0-255,66,128801,48,173881
1823,0.031339,74.125.24.0-255,5738,134539,48,173881
1824,0.031346,172.31.46.0-255,66,134605,48,173881
1825,0.0337,74.125.24.0-255,4320,138925,48,173881
1826,0.033708,172.31.46.0-255,66,138991,48,173881
1827,0.033726,74.125.24.0-255,1484,140475,48,173881
1828,0.036086,74.125.24.0-255,4320,144795,48,173881
1829,0.036094,172.31.46.0-255,66,144861,48,173881
1830,0.038433,74.125.24.0-255,5738,150599,48,173881
1831,0.03844,172.31.46.0-255,66,150665,48,173881
1832,0.040784,74.125.24.0-255,5738,156403,48,173881
1833,0.040791,172.31.46.0-255,66,156469,48,173881
1834,0.043157,74.125.24.0-255,5738,162207,48,173881
1835,0.043164,172.31.46.0-255,66,162273,48,173881
1836,0.04552,74.125.24.0-255,5738,168011,48,173881
1837,0.045526,172.31.46.0-255,66,168077,48,173881
1838,0.047894,74.125.24.0-255,5738,173815,48,173881
1839,0.047901,172.31.46.0-255,66,173881,48,173881
1840,0.0,172.31.46.0-255,66,66,48,66
1841,0.0,172.31.46.0-255,105,105,48,459
1842,0.000241,172.31.46.0-255,90,195,48,459
1843,0.000252,172.31.46.0-255,66,261,48,459
1844,0.00249,74.125.130.0-255,66,327,48,459
1845,0.002522,74.125.130.0-255,66,393,48,459
1846,0.002545,172.31.46.0-255,66,459,48,459
1847,0.0,74.125.68.0-255,153,153,48,319004
1848,3.2e-05,172.31.46.0-255,66,219,48,319004
1849,4e-05,74.125.68.0-255,1484,1703,48,319004
1850,4.5e-05,172.31.46.0-255,66,1769,48,319004
1851,5.2e-05,74.125.68.0-255,2902,4671,48,319004
1852,5.6e-05,172.31.46.0-255,66,4737,48,319004
1853,6.4e-05,74.125.68.0-255,5738,10475,48,319004
1854,6.7e-05,172.31.46.0-255,66,10541,48,319004
1855,7.4e-05,74.125.68.0-255,4866,15407,48,319004
1856,7.7e-05,172.31.46.0-255,66,15473,48,319004
1857,8.4e-05,74.125.68.0-255,5738,21211,48,319004
1858,8.7e-05,172.31.46.0-255,66,21277,48,319004
1859,0.000119,172.31.46.0-255,66,21343,48,319004
1860,0.000597,74.125.68.0-255,1484,22827,48,319004
1861,0.000604,172.31.46.0-255,66,22893,48,319004
1862,0.000611,74.125.68.0-255,2902,25795,48,319004
1863,0.000615,172.31.46.0-255,66,25861,48,319004
1864,0.000636,74.125.68.0-255,4320,30181,48,319004
1865,0.000639,172.31.46.0-255,66,30247,48,319004
1866,0.000671,74.125.68.0-255,7156,37403,48,319004
1867,0.000674,172.31.46.0-255,66,37469,48,319004
1868,0.000696,74.125.68.0-255,2543,40012,48,319004
1869,0.000699,172.31.46.0-255,66,40078,48,319004
1870,0.000734,172.31.46.0-255,66,40144,48,319004
1871,0.00074,74.125.68.0-255,5689,45833,48,319004
1872,0.000743,172.31.46.0-255,66,45899,48,319004
1873,0.000746,74.125.68.0-255,111,46010,48,319004
1874,0.00075,172.31.46.0-255,66,46076,48,319004
1875,0.000836,74.125.68.0-255,1484,47560,48,319004
1876,0.000839,172.31.46.0-255,66,47626,48,319004
1877,0.000843,74.125.68.0-255,1484,49110,48,319004
1878,0.000859,74.125.68.0-255,1484,50594,48,319004
1879,0.000862,172.31.46.0-255,66,50660,48,319004
1880,0.000865,74.125.68.0-255,1484,52144,48,319004
1881,0.000867,74.125.68.0-255,1484,53628,48,319004
1882,0.00087,172.31.46.0-255,66,53694,48,319004
1883,0.000887,74.125.68.0-255,1484,55178,48,319004
1884,0.000894,74.125.68.0-255,5738,60916,48,319004
1885,0.000896,172.31.46.0-255,66,60982,48,319004
1886,0.00092,74.125.68.0-255,7156,68138,48,319004
1887,0.000922,172.31.46.0-255,66,68204,48,319004
1888,0.000927,74.125.68.0-255,2902,71106,48,319004
1889,0.00093,172.31.46.0-255,66,71172,48,319004
1890,0.000958,74.125.68.0-255,5738,76910,48,319004
1891,0.000961,172.31.46.0-255,66,76976,48,319004
1892,0.000967,74.125.68.0-255,3867,80843,48,319004
1893,0.000969,172.31.46.0-255,66,80909,48,319004
1894,0.001246,74.125.68.0-255,1484,82393,48,319004
1895,0.001254,74.125.68.0-255,2902,85295,48,319004
1896,0.001259,172.31.46.0-255,66,85361,48,319004
1897,0.001281,74.125.68.0-255,4320,89681,48,319004
1898,0.001284,172.31.46.0-255,66,89747,48,319004
1899,0.001302,74.125.68.0-255,1484,91231,48,319004
1900,0.00131,74.125.68.0-255,7156,98387,48,319004
1901,0.001312,172.31.46.0-255,66,98453,48,319004
1902,0.001354,172.31.46.0-255,66,98519,48,319004
1903,0.001371,74.125.68.0-255,1484,100003,48,319004
1904,0.001387,74.125.68.0-255,2184,102187,48,319004
1905,0.00139,172.31.46.0-255,66,102253,48,319004
1906,0.001602,74.125.68.0-255,1484,103737,48,319004
1907,0.00161,74.125.68.0-255,2902,106639,48,319004
1908,0.001615,172.31.46.0-255,66,106705,48,319004
1909,0.00162,74.125.68.0-255,2902,109607,48,319004
1910,0.001623,172.31.46.0-255,66,109673,48,319004
1911,0.001629,74.125.68.0-255,4320,113993,48,319004
1912,0.001631,172.31.46.0-255,66,114059,48,319004
1913,0.00165,74.125.68.0-255,1484,115543,48,319004
1914,0.001679,74.125.68.0-255,7156,122699,48,319004
1915,0.001681,172.31.46.0-255,66,122765,48,319004
1916,0.001688,74.125.68.0-255,5738,128503,48,319004
1917,0.00169,172.31.46.0-255,66,128569,48,319004
1918,0.001696,74.125.68.0-255,2902,131471,48,319004
1919,0.001698,172.31.46.0-255,66,131537,48,319004
1920,0.001717,74.125.68.0-255,4320,135857,48,319004
1921,0.00172,172.31.46.0-255,66,135923,48,319004
1922,0.001723,74.125.68.0-255,766,136689,48,319004
1923,0.002119,74.125.68.0-255,1484,138173,48,319004
1924,0.002126,172.31.46.0-255,66,138239,48,319004
1925,0.002131,74.125.68.0-255,1484,139723,48,319004
1926,0.002134,74.125.68.0-255,1484,141207,48,319004
1927,0.002136,172.31.46.0-255,66,141273,48,319004
1928,0.002161,74.125.68.0-255,1484,142757,48,319004
1929,0.002168,74.125.68.0-255,5738,148495,48,319004
1930,0.002171,172.31.46.0-255,66,148561,48,319004
1931,0.002174,74.125.68.0-255,1484,150045,48,319004
1932,0.002195,74.125.68.0-255,7156,157201,48,319004
1933,0.002197,172.31.46.0-255,66,157267,48,319004
1934,0.0022,74.125.68.0-255,1484,158751,48,319004
1935,0.002225,172.31.46.0-255,66,158817,48,319004
1936,0.002231,74.125.68.0-255,3602,162419,48,319004
1937,0.002233,172.31.46.0-255,66,162485,48,319004
1938,0.002268,74.125.68.0-255,4320,166805,48,319004
1939,0.002271,172.31.46.0-255,66,166871,48,319004
1940,0.002273,74.125.68.0-255,1484,168355,48,319004
1941,0.002289,74.125.68.0-255,1484,169839,48,319004
1942,0.002291,172.31.46.0-255,66,169905,48,319004
1943,0.002317,172.31.46.0-255,66,169971,48,319004
1944,0.002344,172.31.46.0-255,66,170037,48,319004
1945,0.002379,74.125.68.0-255,4320,174357,48,319004
1946,0.002382,172.31.46.0-255,66,174423,48,319004
1947,0.002408,74.125.68.0-255,6438,180861,48,319004
1948,0.002411,172.31.46.0-255,66,180927,48,319004
1949,0.002417,74.125.68.0-255,4320,185247,48,319004
1950,0.002419,172.31.46.0-255,66,185313,48,319004
1951,0.002435,74.125.68.0-255,4320,189633,48,319004
1952,0.002437,172.31.46.0-255,66,189699,48,319004
1953,0.002468,172.31.46.0-255,66,189765,48,319004
1954,0.002475,74.125.68.0-255,5738,195503,48,319004
1955,0.002477,172.31.46.0-255,66,195569,48,319004
1956,0.002504,74.125.68.0-255,3602,199171,48,319004
1957,0.002506,172.31.46.0-255,66,199237,48,319004
1958,0.002574,74.125.68.0-255,1484,200721,48,319004
1959,0.002595,74.125.68.0-255,2902,203623,48,319004
1960,0.002598,172.31.46.0-255,66,203689,48,319004
1961,0.002613,74.125.68.0-255,4320,208009,48,319004
1962,0.002616,172.31.46.0-255,66,208075,48,319004
1963,0.0052,74.125.68.0-255,5738,213813,48,319004
1964,0.00522,172.31.46.0-255,66,213879,48,319004
1965,0.007838,74.125.68.0-255,5738,219617,48,319004
1966,0.007857,172.31.46.0-255,66,219683,48,319004
1967,0.010459,74.125.68.0-255,5738,225421,48,319004
1968,0.010478,172.31.46.0-255,66,225487,48,319004
1969,0.01309,74.125.68.0-255,5738,231225,48,319004
1970,0.013103,172.31.46.0-255,66,231291,48,319004
1971,0.015711,74.125.68.0-255,5738,237029,48,319004
1972,0.015731,172.31.46.0-255,66,237095,48,319004
1973,0.018338,74.125.68.0-255,5738,242833,48,319004
1974,0.018353,172.31.46.0-255,66,242899,48,319004
1975,0.020966,74.125.68.0-255,5738,248637,48,319004
1976,0.020978,172.31.46.0-255,66,248703,48,319004
1977,0.023606,74.125.68.0-255,5738,254441,48,319004
1978,0.023624,172.31.46.0-255,66,254507,48,319004
1979,0.026231,74.125.68.0-255,5738,260245,48,319004
1980,0.026248,172.31.46.0-255,66,260311,48,319004
1981,0.028844,74.125.68.0-255,5738,266049,48,319004
1982,0.028859,172.31.46.0-255,66,266115,48,319004
1983,0.030953,172.31.46.0-255,172,266287,48,319004
1984,0.030988,172.31.46.0-255,1113,267400,48,319004
1985,0.031052,172.31.46.0-255,1514,268914,48,319004
1986,0.031054,172.31.46.0-255,1514,270428,48,319004
1987,0.031059,172.31.46.0-255,1514,271942,48,319004
1988,0.03106,172.31.46.0-255,366,272308,48,319004
1989,0.031459,74.125.68.0-255,5738,278046,48,319004
1990,0.031469,172.31.46.0-255,66,278112,48,319004
1991,0.032493,104.244.42.0-255,66,278178,48,319004
1992,0.032519,104.244.42.0-255,66,278244,48,319004
1993,0.032611,104.244.42.0-255,66,278310,48,319004
1994,0.032616,104.244.42.0-255,66,278376,48,319004
1995,0.0341,74.125.68.0-255,5738,284114,48,319004
1996,0.034106,172.31.46.0-255,66,284180,48,319004
1997,0.036731,74.125.68.0-255,5738,289918,48,319004
1998,0.036748,172.31.46.0-255,66,289984,48,319004
1999,0.039376,74.125.68.0-255,5738,295722,48,319004
2000,0.039394,172.31.46.0-255,66,295788,48,319004
2001,0.042021,74.125.68.0-255,5738,301526,48,319004
2002,0.042036,172.31.46.0-255,66,301592,48,319004
2003,0.044644,74.125.68.0-255,5738,307330,48,319004
2004,0.044654,172.31.46.0-255,66,307396,48,319004
2005,0.047258,74.125.68.0-255,5738,313134,48,319004
2006,0.047268,172.31.46.0-255,66,313200,48,319004
2007,0.049873,74.125.68.0-255,5738,318938,48,319004
2008,0.049883,172.31.46.0-255,66,319004,48,319004
2009,0.0,74.125.200.0-255,150,150,48,301591
2010,1.6e-05,172.31.46.0-255,66,216,48,301591
2011,2.3e-05,74.125.200.0-255,1484,1700,48,301591
2012,2.8e-05,172.31.46.0-255,66,1766,48,301591
2013,4.1e-05,74.125.200.0-255,2902,4668,48,301591
2014,4.4e-05,172.31.46.0-255,66,4734,48,301591
2015,4.7e-05,74.125.200.0-255,1484,6218,48,301591
2016,5.1e-05,172.31.46.0-255,66,6284,48,301591
2017,5.6e-05,74.125.200.0-255,2902,9186,48,301591
2018,5.9e-05,172.31.46.0-255,66,9252,48,301591
2019,0.000103,74.125.200.0-255,4848,14100,48,301591
2020,0.000111,172.31.46.0-255,66,14166,48,301591
2021,0.000138,74.125.200.0-255,5738,19904,48,301591
2022,0.000141,172.31.46.0-255,66,19970,48,301591
2023,0.000147,74.125.200.0-255,4320,24290,48,301591
2024,0.000149,172.31.46.0-255,66,24356,48,301591
2025,0.000152,74.125.200.0-255,1484,25840,48,301591
2026,0.000158,172.31.46.0-255,66,25906,48,301591
2027,0.000185,74.125.200.0-255,4320,30226,48,301591
2028,0.000188,172.31.46.0-255,66,30292,48,301591
2029,0.000191,74.125.200.0-255,1125,31417,48,301591
2030,0.000193,172.31.46.0-255,66,31483,48,301591
2031,0.000262,74.125.200.0-255,1484,32967,48,301591
2032,0.000265,172.31.46.0-255,66,33033,48,301591
2033,0.00027,74.125.200.0-255,2902,35935,48,301591
2034,0.000272,172.31.46.0-255,66,36001,48,301591
2035,0.000298,74.125.200.0-255,5738,41739,48,301591
2036,0.000301,172.31.46.0-255,66,41805,48,301591
2037,0.000336,74.125.200.0-255,2902,44707,48,301591
2038,0.000339,172.31.46.0-255,66,44773,48,301591
2039,0.000362,74.125.200.0-255,3961,48734,48,301591
2040,0.000365,172.31.46.0-255,66,48800,48,301591
2041,0.000379,172.31.46.0-255,66,48866,48,301591
2042,0.00041,74.125.200.0-255,4320,53186,48,301591
2043,0.000413,172.31.46.0-255,66,53252,48,301591
2044,0.000416,74.125.200.0-255,329,53581,48,301591
2045,0.000599,74.125.200.0-255,1484,55065,48,301591
2046,0.000604,172.31.46.0-255,66,55131,48,301591
2047,0.000609,74.125.200.0-255,2902,58033,48,301591
2048,0.000612,172.31.46.0-255,66,58099,48,301591
2049,0.000616,74.125.200.0-255,2902,61001,48,301591
2050,0.000623,172.31.46.0-255,66,61067,48,301591
2051,0.000653,74.125.200.0-255,2902,63969,48,301591
2052,0.000656,172.31.46.0-255,66,64035,48,301591
2053,0.00067,172.31.46.0-255,66,64101,48,301591
2054,0.000706,74.125.200.0-255,2902,67003,48,301591
2055,0.000709,172.31.46.0-255,66,67069,48,301591
2056,0.000743,172.31.46.0-255,66,67135,48,301591
2057,0.000915,74.125.200.0-255,1484,68619,48,301591
2058,0.000921,74.125.200.0-255,2902,71521,48,301591
2059,0.000924,172.31.46.0-255,66,71587,48,301591
2060,0.000951,74.125.200.0-255,5738,77325,48,301591
2061,0.000954,172.31.46.0-255,66,77391,48,301591
2062,0.000958,74.125.200.0-255,2902,80293,48,301591
2063,0.00096,172.31.46.0-255,66,80359,48,301591
2064,0.000987,172.31.46.0-255,66,80425,48,301591
2065,0.00099,74.125.200.0-255,1484,81909,48,301591
2066,0.001033,172.31.46.0-255,66,81975,48,301591
2067,0.001258,74.125.200.0-255,1484,83459,48,301591
2068,0.001264,74.125.200.0-255,2902,86361,48,301591
2069,0.001267,172.31.46.0-255,66,86427,48,301591
2070,0.001272,74.125.200.0-255,2902,89329,48,301591
2071,0.001274,172.31.46.0-255,66,89395,48,301591
2072,0.0013,74.125.200.0-255,2902,92297,48,301591
2073,0.001302,172.31.46.0-255,66,92363,48,301591
2074,0.001319,172.31.46.0-255,66,92429,48,301591
2075,0.001322,74.125.200.0-255,1484,93913,48,301591
2076,0.00135,172.31.46.0-255,66,93979,48,301591
2077,0.001355,74.125.200.0-255,2184,96163,48,301591
2078,0.001357,172.31.46.0-255,66,96229,48,301591
2079,0.001671,74.125.200.0-255,1484,97713,48,301591
2080,0.001694,74.125.200.0-255,2902,100615,48,301591
2081,0.001698,172.31.46.0-255,66,100681,48,301591
2082,0.001704,74.125.200.0-255,4320,105001,48,301591
2083,0.001706,172.31.46.0-255,66,105067,48,301591
2084,0.001741,74.125.200.0-255,5738,110805,48,301591
2085,0.001744,172.31.46.0-255,66,110871,48,301591
2086,0.001776,172.31.46.0-255,66,110937,48,301591
2087,0.001816,74.125.200.0-255,2902,113839,48,301591
2088,0.00182,172.31.46.0-255,66,113905,48,301591
2089,0.001843,74.125.200.0-255,6438,120343,48,301591
2090,0.001845,172.31.46.0-255,66,120409,48,301591
2091,0.001981,74.125.200.0-255,1484,121893,48,301591
2092,0.001997,74.125.200.0-255,2902,124795,48,301591
2093,0.002,172.31.46.0-255,66,124861,48,301591
2094,0.002006,74.125.200.0-255,4320,129181,48,301591
2095,0.002008,172.31.46.0-255,66,129247,48,301591
2096,0.002043,74.125.200.0-255,1484,130731,48,301591
2097,0.002051,74.125.200.0-255,7156,137887,48,301591
2098,0.002053,172.31.46.0-255,66,137953,48,301591
2099,0.002097,172.31.46.0-255,66,138019,48,301591
2100,0.002123,74.125.200.0-255,1484,139503,48,301591
2101,0.002127,74.125.200.0-255,2184,141687,48,301591
2102,0.002129,172.31.46.0-255,66,141753,48,301591
2103,0.002223,74.125.200.0-255,1484,143237,48,301591
2104,0.002237,74.125.200.0-255,2902,146139,48,301591
2105,0.002239,172.31.46.0-255,66,146205,48,301591
2106,0.002243,74.125.200.0-255,1484,147689,48,301591
2107,0.002268,74.125.200.0-255,4320,152009,48,301591
2108,0.002271,172.31.46.0-255,66,152075,48,301591
2109,0.002289,74.125.200.0-255,7156,159231,48,301591
2110,0.002292,172.31.46.0-255,66,159297,48,301591
2111,0.002304,172.31.46.0-255,66,159363,48,301591
2112,0.002346,172.31.46.0-255,66,159429,48,301591
2113,0.00239,74.125.200.0-255,1484,160913,48,301591
2114,0.002406,74.125.200.0-255,2902,163815,48,301591
2115,0.002409,172.31.46.0-255,66,163881,48,301591
2116,0.002412,74.125.200.0-255,1484,165365,48,301591
2117,0.00244,74.125.200.0-255,2902,168267,48,301591
2118,0.002443,172.31.46.0-255,66,168333,48,301591
2119,0.00245,74.125.200.0-255,5738,174071,48,301591
2120,0.002452,172.31.46.0-255,66,174137,48,301591
2121,0.002473,74.125.200.0-255,7156,181293,48,301591
2122,0.002476,172.31.46.0-255,66,181359,48,301591
2123,0.002502,74.125.200.0-255,2902,184261,48,301591
2124,0.002504,172.31.46.0-255,66,184327,48,301591
2125,0.002545,74.125.200.0-255,2184,186511,48,301591
2126,0.002551,74.125.200.0-255,5738,192249,48,301591
2127,0.002558,74.125.200.0-255,7156,199405,48,301591
2128,0.002579,74.125.200.0-255,7156,206561,48,301591
2129,0.002601,74.125.200.0-255,5738,212299,48,301591
2130,0.002608,74.125.200.0-255,6438,218737,48,301591
2131,0.008119,172.31.46.0-255,66,218803,48,301591
2132,0.010713,74.125.200.0-255,5738,224541,48,301591
2133,0.010725,172.31.46.0-255,66,224607,48,301591
2134,0.013327,74.125.200.0-255,5738,230345,48,301591
2135,0.013345,172.31.46.0-255,66,230411,48,301591
2136,0.015953,74.125.200.0-255,5738,236149,48,301591
2137,0.015968,172.31.46.0-255,66,236215,48,301591
2138,0.018583,74.125.200.0-255,5738,241953,48,301591
2139,0.018597,172.31.46.0-255,66,242019,48,301591
2140,0.021201,74.125.200.0-255,5738,247757,48,301591
2141,0.021216,172.31.46.0-255,66,247823,48,301591
2142,0.02381,74.125.200.0-255,5738,253561,48,301591
2143,0.023816,172.31.46.0-255,66,253627,48,301591
2144,0.026408,74.125.200.0-255,5738,259365,48,301591
2145,0.026414,172.31.46.0-255,66,259431,48,301591
2146,0.028998,74.125.200.0-255,5738,265169,48,301591
2147,0.029011,172.31.46.0-255,66,265235,48,301591
2148,0.030104,172.31.46.0-255,172,265407,48,301591
2149,0.030137,172.31.46.0-255,1112,266519,48,301591
2150,0.030206,172.31.46.0-255,1514,268033,48,301591
2151,0.030208,172.31.46.0-255,1514,269547,48,301591
2152,0.030209,172.31.46.0-255,1514,271061,48,301591
2153,0.030211,172.31.46.0-255,1514,272575,48,301591
2154,0.030237,172.31.46.0-255,554,273129,48,301591
2155,0.031587,104.244.42.0-255,66,273195,48,301591
2156,0.031603,74.125.200.0-255,5738,278933,48,301591
2157,0.031608,172.31.46.0-255,66,278999,48,301591
2158,0.031726,104.244.42.0-255,66,279065,48,301591
2159,0.031732,104.244.42.0-255,66,279131,48,301591
2160,0.031735,104.244.42.0-255,66,279197,48,301591
2161,0.032566,104.244.42.0-255,108,279305,48,301591
2162,0.032578,172.31.46.0-255,66,279371,48,301591
2163,0.034209,74.125.200.0-255,5738,285109,48,301591
2164,0.034215,172.31.46.0-255,66,285175,48,301591
2165,0.036815,74.125.200.0-255,5738,290913,48,301591
2166,0.036822,172.31.46.0-255,66,290979,48,301591
2167,0.039419,74.125.200.0-255,5738,296717,48,301591
2168,0.039427,172.31.46.0-255,66,296783,48,301591
2169,0.04202,74.125.200.0-255,4571,301354,48,301591
2170,0.042029,172.31.46.0-255,66,301420,48,301591
2171,0.042253,172.31.46.0-255,105,301525,48,301591
2172,0.04481,74.125.200.0-255,66,301591,48,301591
2173,0.0,172.31.46.0-255,105,105,48,1377
2174,7.7e-05,172.31.46.0-255,105,210,48,1377
2175,0.000188,172.31.46.0-255,105,315,48,1377
2176,0.000372,172.31.46.0-255,90,405,48,1377
2177,0.000382,172.31.46.0-255,66,471,48,1377
2178,0.00058,172.31.46.0-255,90,561,48,1377
2179,0.000587,172.31.46.0-255,66,627,48,1377
2180,0.000949,172.31.46.0-255,90,717,48,1377
2181,0.000956,172.31.46.0-255,66,783,48,1377
2182,0.002667,74.125.68.0-255,66,849,48,1377
2183,0.002696,74.125.68.0-255,66,915,48,1377
2184,0.002718,172.31.46.0-255,66,981,48,1377
2185,0.002882,172.217.194.0-255,66,1047,48,1377
2186,0.0029,172.217.194.0-255,66,1113,48,1377
2187,0.002912,172.31.46.0-255,66,1179,48,1377
2188,0.003196,74.125.24.0-255,66,1245,48,1377
2189,0.003213,74.125.24.0-255,66,1311,48,1377
2190,0.003226,172.31.46.0-255,66,1377,48,1377
2191,0.0,172.31.46.0-255,105,105,48,459
2192,0.000239,172.31.46.0-255,90,195,48,459
2193,0.00025,172.31.46.0-255,66,261,48,459
2194,0.002525,74.125.24.0-255,66,327,48,459
2195,0.002544,74.125.24.0-255,66,393,48,459
2196,0.002559,172.31.46.0-255,66,459,48,459
2197,0.0,74.125.200.0-255,150,150,48,307994
2198,2.3e-05,172.31.46.0-255,66,216,48,307994
2199,3e-05,74.125.200.0-255,1484,1700,48,307994
2200,3.5e-05,172.31.46.0-255,66,1766,48,307994
2201,4.9e-05,74.125.200.0-255,2902,4668,48,307994
2202,5.3e-05,172.31.46.0-255,66,4734,48,307994
2203,6e-05,74.125.200.0-255,5738,10472,48,307994
2204,6.3e-05,172.31.46.0-255,66,10538,48,307994
2205,6.8e-05,74.125.200.0-255,3422,13960,48,307994
2206,7.2e-05,172.31.46.0-255,66,14026,48,307994
2207,0.000131,74.125.200.0-255,1484,15510,48,307994
2208,0.000134,172.31.46.0-255,66,15576,48,307994
2209,0.000138,74.125.200.0-255,1484,17060,48,307994
2210,0.00014,172.31.46.0-255,66,17126,48,307994
2211,0.000177,74.125.200.0-255,1484,18610,48,307994
2212,0.000185,172.31.46.0-255,66,18676,48,307994
2213,0.000192,74.125.200.0-255,5738,24414,48,307994
2214,0.000195,172.31.46.0-255,66,24480,48,307994
2215,0.000202,74.125.200.0-255,6797,31277,48,307994
2216,0.000204,172.31.46.0-255,66,31343,48,307994
2217,0.000241,74.125.200.0-255,4320,35663,48,307994
2218,0.000244,172.31.46.0-255,66,35729,48,307994
2219,0.00025,74.125.200.0-255,5738,41467,48,307994
2220,0.000253,172.31.46.0-255,66,41533,48,307994
2221,0.000285,172.31.46.0-255,66,41599,48,307994
2222,0.000305,74.125.200.0-255,4320,45919,48,307994
2223,0.000308,172.31.46.0-255,66,45985,48,307994
2224,0.000346,172.31.46.0-255,66,46051,48,307994
2225,0.00037,74.125.200.0-255,374,46425,48,307994
2226,0.000373,172.31.46.0-255,66,46491,48,307994
2227,0.000469,74.125.200.0-255,1484,47975,48,307994
2228,0.000493,74.125.200.0-255,2902,50877,48,307994
2229,0.000497,172.31.46.0-255,66,50943,48,307994
2230,0.000504,74.125.200.0-255,5738,56681,48,307994
2231,0.000507,172.31.46.0-255,66,56747,48,307994
2232,0.000545,172.31.46.0-255,66,56813,48,307994
2233,0.000584,74.125.200.0-255,2902,59715,48,307994
2234,0.000587,172.31.46.0-255,66,59781,48,307994
2235,0.000613,172.31.46.0-255,66,59847,48,307994
2236,0.001433,74.125.200.0-255,1484,61331,48,307994
2237,0.001438,74.125.200.0-255,1484,62815,48,307994
2238,0.001443,172.31.46.0-255,66,62881,48,307994
2239,0.001472,74.125.200.0-255,2902,65783,48,307994
2240,0.001475,172.31.46.0-255,66,65849,48,307994
2241,0.001505,74.125.200.0-255,5738,71587,48,307994
2242,0.001507,172.31.46.0-255,66,71653,48,307994
2243,0.001511,74.125.200.0-255,1484,73137,48,307994
2244,0.001515,74.125.200.0-255,2902,76039,48,307994
2245,0.001517,172.31.46.0-255,66,76105,48,307994
2246,0.001545,74.125.200.0-255,5738,81843,48,307994
2247,0.001548,172.31.46.0-255,66,81909,48,307994
2248,0.001552,74.125.200.0-255,1484,83393,48,307994
2249,0.001592,74.125.200.0-255,1484,84877,48,307994
2250,0.001595,172.31.46.0-255,66,84943,48,307994
2251,0.001625,74.125.200.0-255,2902,87845,48,307994
2252,0.001632,172.31.46.0-255,66,87911,48,307994
2253,0.001648,74.125.200.0-255,1484,89395,48,307994
2254,0.001665,74.125.200.0-255,2902,92297,48,307994
2255,0.001667,172.31.46.0-255,66,92363,48,307994
2256,0.001708,74.125.200.0-255,2184,94547,48,307994
2257,0.001711,172.31.46.0-255,66,94613,48,307994
2258,0.001923,74.125.200.0-255,1484,96097,48,307994
2259,0.001944,74.125.200.0-255,2902,98999,48,307994
2260,0.001947,172.31.46.0-255,66,99065,48,307994
2261,0.001959,74.125.200.0-255,1484,100549,48,307994
2262,0.001974,74.125.200.0-255,4320,104869,48,307994
2263,0.001976,172.31.46.0-255,66,104935,48,307994
2264,0.002004,74.125.200.0-255,7156,112091,48,307994
2265,0.002006,172.31.46.0-255,66,112157,48,307994
2266,0.002011,74.125.200.0-255,4320,116477,48,307994
2267,0.002013,172.31.46.0-255,66,116543,48,307994
2268,0.002035,74.125.200.0-255,4320,120863,48,307994
2269,0.002037,172.31.46.0-255,66,120929,48,307994
2270,0.00206,74.125.200.0-255,1484,122413,48,307994
2271,0.002063,74.125.200.0-255,1484,123897,48,307994
2272,0.002065,172.31.46.0-255,66,123963,48,307994
2273,0.002092,74.125.200.0-255,5020,128983,48,307994
2274,0.002094,172.31.46.0-255,66,129049,48,307994
2275,0.002247,74.125.200.0-255,1484,130533,48,307994
2276,0.002272,74.125.200.0-255,1484,132017,48,307994
2277,0.002276,172.31.46.0-255,66,132083,48,307994
2278,0.002301,74.125.200.0-255,2902,134985,48,307994
2279,0.002304,172.31.46.0-255,66,135051,48,307994
2280,0.00233,74.125.200.0-255,1484,136535,48,307994
2281,0.002347,74.125.200.0-255,2902,139437,48,307994
2282,0.002349,172.31.46.0-255,66,139503,48,307994
2283,0.002355,74.125.200.0-255,5738,145241,48,307994
2284,0.002356,172.31.46.0-255,66,145307,48,307994
2285,0.002361,74.125.200.0-255,4320,149627,48,307994
2286,0.002363,172.31.46.0-255,66,149693,48,307994
2287,0.002389,74.125.200.0-255,7156,156849,48,307994
2288,0.002391,172.31.46.0-255,66,156915,48,307994
2289,0.002395,74.125.200.0-255,4320,161235,48,307994
2290,0.002397,172.31.46.0-255,66,161301,48,307994
2291,0.002424,74.125.200.0-255,2184,163485,48,307994
2292,0.002426,172.31.46.0-255,66,163551,48,307994
2293,0.002455,74.125.200.0-255,2902,166453,48,307994
2294,0.002457,172.31.46.0-255,66,166519,48,307994
2295,0.00246,74.125.200.0-255,1484,168003,48,307994
2296,0.002483,74.125.200.0-255,2902,170905,48,307994
2297,0.002485,172.31.46.0-255,66,170971,48,307994
2298,0.00249,74.125.200.0-255,2902,173873,48,307994
2299,0.002491,172.31.46.0-255,66,173939,48,307994
2300,0.00251,74.125.200.0-255,2902,176841,48,307994
2301,0.002515,172.31.46.0-255,66,176907,48,307994
2302,0.002527,74.125.200.0-255,1484,178391,48,307994
2303,0.002551,172.31.46.0-255,66,178457,48,307994
2304,0.002584,74.125.200.0-255,1484,179941,48,307994
2305,0.002605,172.31.46.0-255,66,180007,48,307994
2306,0.002643,74.125.200.0-255,1484,181491,48,307994
2307,0.002647,74.125.200.0-255,2902,184393,48,307994
2308,0.00265,172.31.46.0-255,66,184459,48,307994
2309,0.002655,74.125.200.0-255,4320,188779,48,307994
2310,0.002657,172.31.46.0-255,66,188845,48,307994
2311,0.002674,74.125.200.0-255,1484,190329,48,307994
2312,0.002676,74.125.200.0-255,1484,191813,48,307994
2313,0.002678,172.31.46.0-255,66,191879,48,307994
2314,0.002687,74.125.200.0-255,2902,194781,48,307994
2315,0.00269,172.31.46.0-255,66,194847,48,307994
2316,0.002692,74.125.200.0-255,1484,196331,48,307994
2317,0.002729,74.125.200.0-255,4320,200651,48,307994
2318,0.002732,172.31.46.0-255,66,200717,48,307994
2319,0.002737,74.125.200.0-255,4320,205037,48,307994
2320,0.002739,172.31.46.0-255,66,205103,48,307994
2321,0.005414,74.125.200.0-255,1484,206587,48,307994
2322,0.005437,74.125.200.0-255,4320,210907,48,307994
2323,0.005443,172.31.46.0-255,66,210973,48,307994
2324,0.008173,74.125.200.0-255,5738,216711,48,307994
2325,0.00818,172.31.46.0-255,66,216777,48,307994
2326,0.010869,74.125.200.0-255,5738,222515,48,307994
2327,0.010877,172.31.46.0-255,66,222581,48,307994
2328,0.013578,74.125.200.0-255,5738,228319,48,307994
2329,0.013587,172.31.46.0-255,66,228385,48,307994
2330,0.0163,74.125.200.0-255,5738,234123,48,307994
2331,0.016312,172.31.46.0-255,66,234189,48,307994
2332,0.019038,74.125.200.0-255,5738,239927,48,307994
2333,0.019047,172.31.46.0-255,66,239993,48,307994
2334,0.021737,74.125.200.0-255,5738,245731,48,307994
2335,0.021745,172.31.46.0-255,66,245797,48,307994
2336,0.024428,74.125.200.0-255,5738,251535,48,307994
2337,0.024436,172.31.46.0-255,66,251601,48,307994
2338,0.027123,74.125.200.0-255,5738,257339,48,307994
2339,0.02713,172.31.46.0-255,66,257405,48,307994
2340,0.02987,74.125.200.0-255,2902,260307,48,307994
2341,0.029877,172.31.46.0-255,66,260373,48,307994
2342,0.029903,74.125.200.0-255,2902,263275,48,307994
2343,0.029907,172.31.46.0-255,66,263341,48,307994
2344,0.030698,172.31.46.0-255,172,263513,48,307994
2345,0.03073,172.31.46.0-255,1111,264624,48,307994
2346,0.03079,172.31.46.0-255,1514,266138,48,307994
2347,0.030792,172.31.46.0-255,1514,267652,48,307994
2348,0.030793,172.31.46.0-255,604,268256,48,307994
2349,0.032347,104.244.42.0-255,66,268322,48,307994
2350,0.032373,104.244.42.0-255,66,268388,48,307994
2351,0.032468,104.244.42.0-255,66,268454,48,307994
2352,0.032558,74.125.200.0-255,2902,271356,48,307994
2353,0.032562,172.31.46.0-255,66,271422,48,307994
2354,0.032589,74.125.200.0-255,2902,274324,48,307994
2355,0.032592,172.31.46.0-255,66,274390,48,307994
2356,0.03527,74.125.200.0-255,2902,277292,48,307994
2357,0.035277,172.31.46.0-255,66,277358,48,307994
2358,0.035308,74.125.200.0-255,2902,280260,48,307994
2359,0.035311,172.31.46.0-255,66,280326,48,307994
2360,0.037975,74.125.200.0-255,4320,284646,48,307994
2361,0.037985,172.31.46.0-255,66,284712,48,307994
2362,0.038011,74.125.200.0-255,1484,286196,48,307994
2363,0.040677,74.125.200.0-255,4320,290516,48,307994
2364,0.040683,172.31.46.0-255,66,290582,48,307994
2365,0.043379,74.125.200.0-255,5738,296320,48,307994
2366,0.043386,172.31.46.0-255,66,296386,48,307994
2367,0.04608,74.125.200.0-255,5738,302124,48,307994
2368,0.046087,172.31.46.0-255,66,302190,48,307994
2369,0.048817,74.125.200.0-255,5738,307928,48,307994
2370,0.048824,172.31.46.0-255,66,307994,48,307994
2371,0.0,74.125.130.0-255,152,152,48,225624
2372,1.2e-05,172.31.46.0-255,66,218,48,225624
2373,4.4e-05,74.125.130.0-255,1484,1702,48,225624
2374,4.9e-05,172.31.46.0-255,66,1768,48,225624
2375,5.2e-05,74.125.130.0-255,1484,3252,48,225624
2376,5.5e-05,172.31.46.0-255,66,3318,48,225624
2377,8.5e-05,74.125.130.0-255,2902,6220,48,225624
2378,9.2e-05,172.31.46.0-255,66,6286,48,225624
2379,0.000101,74.125.130.0-255,5738,12024,48,225624
2380,0.000103,172.31.46.0-255,66,12090,48,225624
2381,0.000107,74.125.130.0-255,2003,14093,48,225624
2382,0.000109,172.31.46.0-255,66,14159,48,225624
2383,0.00062,74.125.130.0-255,1484,15643,48,225624
2384,0.000626,172.31.46.0-255,66,15709,48,225624
2385,0.000637,74.125.130.0-255,2902,18611,48,225624
2386,0.000639,172.31.46.0-255,66,18677,48,225624
2387,0.000652,74.125.130.0-255,5738,24415,48,225624
2388,0.000655,172.31.46.0-255,66,24481,48,225624
2389,0.00066,74.125.130.0-255,2902,27383,48,225624
2390,0.000662,172.31.46.0-255,66,27449,48,225624
2391,0.000667,74.125.130.0-255,2902,30351,48,225624
2392,0.00067,172.31.46.0-255,66,30417,48,225624
2393,0.000702,74.125.130.0-255,1125,31542,48,225624
2394,0.000705,172.31.46.0-255,66,31608,48,225624
2395,0.00071,74.125.130.0-255,2902,34510,48,225624
2396,0.000712,172.31.46.0-255,66,34576,48,225624
2397,0.000717,74.125.130.0-255,2902,37478,48,225624
2398,0.000723,172.31.46.0-255,66,37544,48,225624
2399,0.000746,74.125.130.0-255,1484,39028,48,225624
2400,0.000749,172.31.46.0-255,66,39094,48,225624
2401,0.000756,74.125.130.0-255,5738,44832,48,225624
2402,0.000759,172.31.46.0-255,66,44898,48,225624
2403,0.000788,74.125.130.0-255,2902,47800,48,225624
2404,0.000795,172.31.46.0-255,66,47866,48,225624
2405,0.000799,74.125.130.0-255,1125,48991,48,225624
2406,0.001533,74.125.130.0-255,1484,50475,48,225624
2407,0.001539,172.31.46.0-255,66,50541,48,225624
2408,0.001545,74.125.130.0-255,2902,53443,48,225624
2409,0.001547,172.31.46.0-255,66,53509,48,225624
2410,0.001577,74.125.130.0-255,5738,59247,48,225624
2411,0.001579,172.31.46.0-255,66,59313,48,225624
2412,0.001583,74.125.130.0-255,2902,62215,48,225624
2413,0.001585,172.31.46.0-255,66,62281,48,225624
2414,0.001588,74.125.130.0-255,1484,63765,48,225624
2415,0.001614,74.125.130.0-255,2543,66308,48,225624
2416,0.001616,172.31.46.0-255,66,66374,48,225624
2417,0.001629,74.125.130.0-255,1484,67858,48,225624
2418,0.001648,74.125.130.0-255,4320,72178,48,225624
2419,0.00165,172.31.46.0-255,66,72244,48,225624
2420,0.001689,74.125.130.0-255,7156,79400,48,225624
2421,0.001691,172.31.46.0-255,66,79466,48,225624
2422,0.001696,74.125.130.0-255,3961,83427,48,225624
2423,0.001698,172.31.46.0-255,66,83493,48,225624
2424,0.001737,74.125.130.0-255,1484,84977,48,225624
2425,0.001771,74.125.130.0-255,1484,86461,48,225624
2426,0.001773,172.31.46.0-255,66,86527,48,225624
2427,0.001798,74.125.130.0-255,1484,88011,48,225624
2428,0.001801,74.125.130.0-255,1484,89495,48,225624
2429,0.001803,172.31.46.0-255,66,89561,48,225624
2430,0.001829,74.125.130.0-255,2902,92463,48,225624
2431,0.001831,172.31.46.0-255,66,92529,48,225624
2432,0.001833,74.125.130.0-255,1484,94013,48,225624
2433,0.001856,74.125.130.0-255,2902,96915,48,225624
2434,0.001858,172.31.46.0-255,66,96981,48,225624
2435,0.001861,74.125.130.0-255,1484,98465,48,225624
2436,0.001889,74.125.130.0-255,3122,101587,48,225624
2437,0.001891,172.31.46.0-255,66,101653,48,225624
2438,0.001996,74.125.130.0-255,1484,103137,48,225624
2439,0.002023,74.125.130.0-255,2902,106039,48,225624
2440,0.002025,172.31.46.0-255,66,106105,48,225624
2441,0.002028,74.125.130.0-255,1484,107589,48,225624
2442,0.002052,74.125.130.0-255,2902,110491,48,225624
2443,0.002054,172.31.46.0-255,66,110557,48,225624
2444,0.00206,74.125.130.0-255,5738,116295,48,225624
2445,0.002062,172.31.46.0-255,66,116361,48,225624
2446,0.00209,172.31.46.0-255,66,116427,48,225624
2447,0.002129,74.125.130.0-255,2902,119329,48,225624
2448,0.002131,172.31.46.0-255,66,119395,48,225624
2449,0.002149,74.125.130.0-255,5020,124415,48,225624
2450,0.002152,172.31.46.0-255,66,124481,48,225624
2451,0.004868,74.125.130.0-255,5738,130219,48,225624
2452,0.004875,172.31.46.0-255,66,130285,48,225624
2453,0.007582,74.125.130.0-255,5738,136023,48,225624
2454,0.00759,172.31.46.0-255,66,136089,48,225624
2455,0.010306,74.125.130.0-255,4320,140409,48,225624
2456,0.010315,172.31.46.0-255,66,140475,48,225624
2457,0.010343,74.125.130.0-255,1484,141959,48,225624
2458,0.013024,74.125.130.0-255,4320,146279,48,225624
2459,0.013032,172.31.46.0-255,66,146345,48,225624
2460,0.01578,74.125.130.0-255,5738,152083,48,225624
2461,0.015792,172.31.46.0-255,66,152149,48,225624
2462,0.018496,74.125.130.0-255,5738,157887,48,225624
2463,0.018504,172.31.46.0-255,66,157953,48,225624
2464,0.020248,172.31.46.0-255,172,158125,48,225624
2465,0.020282,172.31.46.0-255,1111,159236,48,225624
2466,0.020342,172.31.46.0-255,1514,160750,48,225624
2467,0.020343,172.31.46.0-255,1514,162264,48,225624
2468,0.020344,172.31.46.0-255,604,162868,48,225624
2469,0.021202,74.125.130.0-255,5738,168606,48,225624
2470,0.021209,172.31.46.0-255,66,168672,48,225624
2471,0.021903,104.244.42.0-255,66,168738,48,225624
2472,0.02191,104.244.42.0-255,66,168804,48,225624
2473,0.022016,104.244.42.0-255,66,168870,48,225624
2474,0.022022,104.244.42.0-255,66,168936,48,225624
2475,0.023922,74.125.130.0-255,5738,174674,48,225624
2476,0.023928,172.31.46.0-255,66,174740,48,225624
2477,0.026629,74.125.130.0-255,5738,180478,48,225624
2478,0.026636,172.31.46.0-255,66,180544,48,225624
2479,0.029337,74.125.130.0-255,5738,186282,48,225624
2480,0.029343,172.31.46.0-255,66,186348,48,225624
2481,0.032051,74.125.130.0-255,5738,192086,48,225624
2482,0.032057,172.31.46.0-255,66,192152,48,225624
2483,0.034758,74.125.130.0-255,4320,196472,48,225624
2484,0.034763,172.31.46.0-255,66,196538,48,225624
2485,0.034791,74.125.130.0-255,1484,198022,48,225624
2486,0.037478,74.125.130.0-255,4320,202342,48,225624
2487,0.037484,172.31.46.0-255,66,202408,48,225624
2488,0.040198,74.125.130.0-255,5738,208146,48,225624
2489,0.040205,172.31.46.0-255,66,208212,48,225624
2490,0.042916,74.125.130.0-255,5738,213950,48,225624
2491,0.042922,172.31.46.0-255,66,214016,48,225624
2492,0.04563,74.125.130.0-255,5738,219754,48,225624
2493,0.045636,172.31.46.0-255,66,219820,48,225624
2494,0.048351,74.125.130.0-255,5738,225558,48,225624
2495,0.048356,172.31.46.0-255,66,225624,48,225624
2496,0.0,74.125.200.0-255,153,153,48,235933
2497,2.5e-05,172.31.46.0-255,66,219,48,235933
2498,3.3e-05,74.125.200.0-255,1484,1703,48,235933
2499,3.8e-05,172.31.46.0-255,66,1769,48,235933
2500,6.7e-05,74.125.200.0-255,2902,4671,48,235933
2501,7.1e-05,172.31.46.0-255,66,4737,48,235933
2502,0.000101,74.125.200.0-255,4320,9057,48,235933
2503,0.000105,172.31.46.0-255,66,9123,48,235933
2504,0.000112,74.125.200.0-255,4842,13965,48,235933
2505,0.000115,172.31.46.0-255,66,14031,48,235933
2506,0.000118,74.125.200.0-255,1484,15515,48,235933
2507,0.000121,172.31.46.0-255,66,15581,48,235933
2508,0.000137,74.125.200.0-255,4320,19901,48,235933
2509,0.000139,172.31.46.0-255,66,19967,48,235933
2510,0.000153,74.125.200.0-255,7156,27123,48,235933
2511,0.000156,172.31.46.0-255,66,27189,48,235933
2512,0.000182,74.125.200.0-255,3961,31150,48,235933
2513,0.000185,172.31.46.0-255,66,31216,48,235933
2514,0.000363,74.125.200.0-255,1484,32700,48,235933
2515,0.000367,172.31.46.0-255,66,32766,48,235933
2516,0.000395,74.125.200.0-255,2902,35668,48,235933
2517,0.000398,172.31.46.0-255,66,35734,48,235933
2518,0.000403,74.125.200.0-255,4320,40054,48,235933
2519,0.000406,172.31.46.0-255,66,40120,48,235933
2520,0.000443,172.31.46.0-255,66,40186,48,235933
2521,0.000648,74.125.200.0-255,1484,41670,48,235933
2522,0.000653,172.31.46.0-255,66,41736,48,235933
2523,0.000672,74.125.200.0-255,2902,44638,48,235933
2524,0.000675,172.31.46.0-255,66,44704,48,235933
2525,0.00068,74.125.200.0-255,2902,47606,48,235933
2526,0.000682,172.31.46.0-255,66,47672,48,235933
2527,0.000708,74.125.200.0-255,1484,49156,48,235933
2528,0.000747,172.31.46.0-255,66,49222,48,235933
2529,0.00075,74.125.200.0-255,645,49867,48,235933
2530,0.00116,172.31.46.0-255,66,49933,48,235933
2531,0.001255,74.125.200.0-255,1484,51417,48,235933
2532,0.001283,74.125.200.0-255,2902,54319,48,235933
2533,0.001287,172.31.46.0-255,66,54385,48,235933
2534,0.001292,74.125.200.0-255,2902,57287,48,235933
2535,0.001294,172.31.46.0-255,66,57353,48,235933
2536,0.001311,74.125.200.0-255,1484,58837,48,235933
2537,0.001332,74.125.200.0-255,4320,63157,48,235933
2538,0.001334,172.31.46.0-255,66,63223,48,235933
2539,0.001363,74.125.200.0-255,4320,67543,48,235933
2540,0.001366,172.31.46.0-255,66,67609,48,235933
2541,0.00139,74.125.200.0-255,4320,71929,48,235933
2542,0.001393,172.31.46.0-255,66,71995,48,235933
2543,0.001416,74.125.200.0-255,5738,77733,48,235933
2544,0.001419,172.31.46.0-255,66,77799,48,235933
2545,0.001425,74.125.200.0-255,4320,82119,48,235933
2546,0.001427,172.31.46.0-255,66,82185,48,235933
2547,0.001444,74.125.200.0-255,2184,84369,48,235933
2548,0.001446,172.31.46.0-255,66,84435,48,235933
2549,0.002072,74.125.200.0-255,1484,85919,48,235933
2550,0.00208,74.125.200.0-255,2902,88821,48,235933
2551,0.002085,172.31.46.0-255,66,88887,48,235933
2552,0.002089,74.125.200.0-255,1484,90371,48,235933
2553,0.002107,74.125.200.0-255,2902,93273,48,235933
2554,0.002109,172.31.46.0-255,66,93339,48,235933
2555,0.002143,172.31.46.0-255,66,93405,48,235933
2556,0.00215,74.125.200.0-255,5738,99143,48,235933
2557,0.002152,172.31.46.0-255,66,99209,48,235933
2558,0.002189,74.125.200.0-255,7156,106365,48,235933
2559,0.002191,172.31.46.0-255,66,106431,48,235933
2560,0.002195,74.125.200.0-255,1484,107915,48,235933
2561,0.002218,74.125.200.0-255,2184,110099,48,235933
2562,0.00222,172.31.46.0-255,66,110165,48,235933
2563,0.004379,74.125.200.0-255,1484,111649,48,235933
2564,0.004399,74.125.200.0-255,2902,114551,48,235933
2565,0.004402,172.31.46.0-255,66,114617,48,235933
2566,0.004426,74.125.200.0-255,1484,116101,48,235933
2567,0.00658,74.125.200.0-255,4320,120421,48,235933
2568,0.006586,172.31.46.0-255,66,120487,48,235933
2569,0.008903,74.125.200.0-255,5738,126225,48,235933
2570,0.00891,172.31.46.0-255,66,126291,48,235933
2571,0.011096,74.125.200.0-255,5738,132029,48,235933
2572,0.011104,172.31.46.0-255,66,132095,48,235933
2573,0.0133,74.125.200.0-255,5738,137833,48,235933
2574,0.013308,172.31.46.0-255,66,137899,48,235933
2575,0.015492,74.125.200.0-255,5738,143637,48,235933
2576,0.015499,172.31.46.0-255,66,143703,48,235933
2577,0.017716,74.125.200.0-255,5738,149441,48,235933
2578,0.01773,172.31.46.0-255,66,149507,48,235933
2579,0.019937,74.125.200.0-255,5738,155245,48,235933
2580,0.019953,172.31.46.0-255,66,155311,48,235933
2581,0.022153,74.125.200.0-255,5738,161049,48,235933
2582,0.022169,172.31.46.0-255,66,161115,48,235933
2583,0.024377,74.125.200.0-255,5738,166853,48,235933
2584,0.024394,172.31.46.0-255,66,166919,48,235933
2585,0.026588,74.125.200.0-255,5738,172657,48,235933
2586,0.026598,172.31.46.0-255,66,172723,48,235933
2587,0.026607,172.31.46.0-255,164,172887,48,235933
2588,0.026654,172.31.46.0-255,1120,174007,48,235933
2589,0.026779,172.31.46.0-255,1514,175521,48,235933
2590,0.026781,172.31.46.0-255,1514,177035,48,235933
2591,0.026782,172.31.46.0-255,594,177629,48,235933
2592,0.028292,104.244.42.0-255,66,177695,48,235933
2593,0.02831,104.244.42.0-255,66,177761,48,235933
2594,0.028465,104.244.42.0-255,66,177827,48,235933
2595,0.028472,104.244.42.0-255,66,177893,48,235933
2596,0.028836,74.125.200.0-255,5738,183631,48,235933
2597,0.028848,172.31.46.0-255,66,183697,48,235933
2598,0.031053,74.125.200.0-255,5738,189435,48,235933
2599,0.031063,172.31.46.0-255,66,189501,48,235933
2600,0.033261,74.125.200.0-255,5738,195239,48,235933
2601,0.03327,172.31.46.0-255,66,195305,48,235933
2602,0.035463,74.125.200.0-255,5738,201043,48,235933
2603,0.035471,172.31.46.0-255,66,201109,48,235933
2604,0.037669,74.125.200.0-255,5738,206847,48,235933
2605,0.037678,172.31.46.0-255,66,206913,48,235933
2606,0.039881,74.125.200.0-255,5738,212651,48,235933
2607,0.039889,172.31.46.0-255,66,212717,48,235933
2608,0.042084,74.125.200.0-255,5738,218455,48,235933
2609,0.04209,172.31.46.0-255,66,218521,48,235933
2610,0.044291,74.125.200.0-255,5738,224259,48,235933
2611,0.0443,172.31.46.0-255,66,224325,48,235933
2612,0.0465,74.125.200.0-255,5738,230063,48,235933
2613,0.046506,172.31.46.0-255,66,230129,48,235933
2614,0.048702,74.125.200.0-255,5738,235867,48,235933
2615,0.048709,172.31.46.0-255,66,235933,48,235933
2616,0.0,74.125.68.0-255,153,153,48,321631
2617,2.2e-05,172.31.46.0-255,66,219,48,321631
2618,2.9e-05,74.125.68.0-255,1484,1703,48,321631
2619,3.4e-05,172.31.46.0-255,66,1769,48,321631
2620,3.9e-05,74.125.68.0-255,2902,4671,48,321631
2621,5.1e-05,172.31.46.0-255,66,4737,48,321631
2622,5.8e-05,74.125.68.0-255,4320,9057,48,321631
2623,6.2e-05,172.31.46.0-255,66,9123,48,321631
2624,9.7e-05,74.125.68.0-255,2902,12025,48,321631
2625,0.000101,172.31.46.0-255,66,12091,48,321631
2626,0.000118,172.31.46.0-255,66,12157,48,321631
2627,0.000124,74.125.68.0-255,5738,17895,48,321631
2628,0.000126,172.31.46.0-255,66,17961,48,321631
2629,0.000168,74.125.68.0-255,5379,23340,48,321631
2630,0.000171,172.31.46.0-255,66,23406,48,321631
2631,0.00027,74.125.68.0-255,1484,24890,48,321631
2632,0.000273,172.31.46.0-255,66,24956,48,321631
2633,0.000287,74.125.68.0-255,2902,27858,48,321631
2634,0.000294,172.31.46.0-255,66,27924,48,321631
2635,0.000302,74.125.68.0-255,5738,33662,48,321631
2636,0.000305,172.31.46.0-255,66,33728,48,321631
2637,0.000309,74.125.68.0-255,2902,36630,48,321631
2638,0.000311,172.31.46.0-255,66,36696,48,321631
2639,0.00034,74.125.68.0-255,3961,40657,48,321631
2640,0.000342,172.31.46.0-255,66,40723,48,321631
2641,0.000365,74.125.68.0-255,4320,45043,48,321631
2642,0.000368,172.31.46.0-255,66,45109,48,321631
2643,0.00039,74.125.68.0-255,4320,49429,48,321631
2644,0.000392,172.31.46.0-255,66,49495,48,321631
2645,0.000396,74.125.68.0-255,2902,52397,48,321631
2646,0.000398,172.31.46.0-255,66,52463,48,321631
2647,0.000422,74.125.68.0-255,4320,56783,48,321631
2648,0.000424,172.31.46.0-255,66,56849,48,321631
2649,0.000452,74.125.68.0-255,1400,58249,48,321631
2650,0.000457,74.125.68.0-255,131,58380,48,321631
2651,0.000503,74.125.68.0-255,1484,59864,48,321631
2652,0.000506,172.31.46.0-255,66,59930,48,321631
2653,0.000533,74.125.68.0-255,2902,62832,48,321631
2654,0.000537,172.31.46.0-255,66,62898,48,321631
2655,0.00054,74.125.68.0-255,1484,64382,48,321631
2656,0.000544,74.125.68.0-255,2902,67284,48,321631
2657,0.000546,172.31.46.0-255,66,67350,48,321631
2658,0.000554,74.125.68.0-255,1484,68834,48,321631
2659,0.000574,74.125.68.0-255,4320,73154,48,321631
2660,0.000577,172.31.46.0-255,66,73220,48,321631
2661,0.000584,74.125.68.0-255,7156,80376,48,321631
2662,0.000586,172.31.46.0-255,66,80442,48,321631
2663,0.00062,74.125.68.0-255,2902,83344,48,321631
2664,0.000623,172.31.46.0-255,66,83410,48,321631
2665,0.000653,74.125.68.0-255,1484,84894,48,321631
2666,0.000687,172.31.46.0-255,66,84960,48,321631
2667,0.000812,74.125.68.0-255,1484,86444,48,321631
2668,0.000818,74.125.68.0-255,2902,89346,48,321631
2669,0.000822,172.31.46.0-255,66,89412,48,321631
2670,0.000825,74.125.68.0-255,1484,90896,48,321631
2671,0.000829,74.125.68.0-255,1484,92380,48,321631
2672,0.000831,172.31.46.0-255,66,92446,48,321631
2673,0.000857,74.125.68.0-255,1484,93930,48,321631
2674,0.000863,74.125.68.0-255,5738,99668,48,321631
2675,0.000866,172.31.46.0-255,66,99734,48,321631
2676,0.000886,74.125.68.0-255,4320,104054,48,321631
2677,0.000895,172.31.46.0-255,66,104120,48,321631
2678,0.000901,74.125.68.0-255,5738,109858,48,321631
2679,0.000904,172.31.46.0-255,66,109924,48,321631
2680,0.000933,74.125.68.0-255,2902,112826,48,321631
2681,0.000935,172.31.46.0-255,66,112892,48,321631
2682,0.000969,74.125.68.0-255,6438,119330,48,321631
2683,0.000973,172.31.46.0-255,66,119396,48,321631
2684,0.001498,74.125.68.0-255,1484,120880,48,321631
2685,0.001504,74.125.68.0-255,2902,123782,48,321631
2686,0.001508,172.31.46.0-255,66,123848,48,321631
2687,0.001512,74.125.68.0-255,1484,125332,48,321631
2688,0.00154,74.125.68.0-255,4320,129652,48,321631
2689,0.001542,172.31.46.0-255,66,129718,48,321631
2690,0.00155,74.125.68.0-255,7156,136874,48,321631
2691,0.001552,172.31.46.0-255,66,136940,48,321631
2692,0.001558,74.125.68.0-255,4320,141260,48,321631
2693,0.00156,172.31.46.0-255,66,141326,48,321631
2694,0.001596,74.125.68.0-255,4320,145646,48,321631
2695,0.001599,172.31.46.0-255,66,145712,48,321631
2696,0.00161,172.31.46.0-255,66,145778,48,321631
2697,0.001654,74.125.68.0-255,1484,147262,48,321631
2698,0.001671,74.125.68.0-255,2902,150164,48,321631
2699,0.001674,172.31.46.0-255,66,150230,48,321631
2700,0.001702,74.125.68.0-255,5738,155968,48,321631
2701,0.001704,172.31.46.0-255,66,156034,48,321631
2702,0.00171,74.125.68.0-255,4320,160354,48,321631
2703,0.001712,172.31.46.0-255,66,160420,48,321631
2704,0.001743,74.125.68.0-255,2902,163322,48,321631
2705,0.001745,172.31.46.0-255,66,163388,48,321631
2706,0.001759,172.31.46.0-255,66,163454,48,321631
2707,0.001802,74.125.68.0-255,3602,167056,48,321631
2708,0.001806,172.31.46.0-255,66,167122,48,321631
2709,0.001836,74.125.68.0-255,4320,171442,48,321631
2710,0.001839,172.31.46.0-255,66,171508,48,321631
2711,0.001845,74.125.68.0-255,4320,175828,48,321631
2712,0.001847,172.31.46.0-255,66,175894,48,321631
2713,0.001854,74.125.68.0-255,5738,181632,48,321631
2714,0.001857,172.31.46.0-255,66,181698,48,321631
2715,0.001904,172.31.46.0-255,66,181764,48,321631
2716,0.00191,74.125.68.0-255,4320,186084,48,321631
2717,0.001913,172.31.46.0-255,66,186150,48,321631
2718,0.001943,74.125.68.0-255,3602,189752,48,321631
2719,0.001955,172.31.46.0-255,66,189818,48,321631
2720,0.002638,172.31.46.0-255,101,189919,48,321631
2721,0.004014,74.125.68.0-255,1484,191403,48,321631
2722,0.004047,74.125.68.0-255,2902,194305,48,321631
2723,0.004052,172.31.46.0-255,66,194371,48,321631
2724,0.004093,74.125.68.0-255,1484,195855,48,321631
2725,0.004702,74.125.68.0-255,66,195921,48,321631
2726,0.006146,74.125.68.0-255,4320,200241,48,321631
2727,0.006151,172.31.46.0-255,66,200307,48,321631
2728,0.00827,74.125.68.0-255,1484,201791,48,321631
2729,0.008295,74.125.68.0-255,4320,206111,48,321631
2730,0.008298,172.31.46.0-255,66,206177,48,321631
2731,0.010417,74.125.68.0-255,5738,211915,48,321631
2732,0.010429,172.31.46.0-255,66,211981,48,321631
2733,0.012546,74.125.68.0-255,5738,217719,48,321631
2734,0.012557,172.31.46.0-255,66,217785,48,321631
2735,0.014681,74.125.68.0-255,5738,223523,48,321631
2736,0.014692,172.31.46.0-255,66,223589,48,321631
2737,0.016852,74.125.68.0-255,5738,229327,48,321631
2738,0.016869,172.31.46.0-255,66,229393,48,321631
2739,0.019123,74.125.68.0-255,5738,235131,48,321631
2740,0.019135,172.31.46.0-255,66,235197,48,321631
2741,0.021257,74.125.68.0-255,5738,240935,48,321631
2742,0.021268,172.31.46.0-255,66,241001,48,321631
2743,0.023376,74.125.68.0-255,5738,246739,48,321631
2744,0.023383,172.31.46.0-255,66,246805,48,321631
2745,0.025532,74.125.68.0-255,5738,252543,48,321631
2746,0.025543,172.31.46.0-255,66,252609,48,321631
2747,0.027657,74.125.68.0-255,5738,258347,48,321631
2748,0.027664,172.31.46.0-255,66,258413,48,321631
2749,0.029773,74.125.68.0-255,5738,264151,48,321631
2750,0.029781,172.31.46.0-255,66,264217,48,321631
2751,0.031893,74.125.68.0-255,5738,269955,48,321631
2752,0.031899,172.31.46.0-255,66,270021,48,321631
2753,0.032757,172.31.46.0-255,172,270193,48,321631
2754,0.032793,172.31.46.0-255,1111,271304,48,321631
2755,0.032852,172.31.46.0-255,1514,272818,48,321631
2756,0.032854,172.31.46.0-255,1514,274332,48,321631
2757,0.032877,172.31.46.0-255,603,274935,48,321631
2758,0.034054,74.125.68.0-255,5738,280673,48,321631
2759,0.034062,172.31.46.0-255,66,280739,48,321631
2760,0.03443,104.244.42.0-255,66,280805,48,321631
2761,0.034477,104.244.42.0-255,66,280871,48,321631
2762,0.034519,104.244.42.0-255,66,280937,48,321631
2763,0.034524,104.244.42.0-255,66,281003,48,321631
2764,0.036174,74.125.68.0-255,5738,286741,48,321631
2765,0.036181,172.31.46.0-255,66,286807,48,321631
2766,0.038309,74.125.68.0-255,5738,292545,48,321631
2767,0.038315,172.31.46.0-255,66,292611,48,321631
2768,0.040444,74.125.68.0-255,5738,298349,48,321631
2769,0.040452,172.31.46.0-255,66,298415,48,321631
2770,0.04258,74.125.68.0-255,5738,304153,48,321631
2771,0.042588,172.31.46.0-255,66,304219,48,321631
2772,0.044708,74.125.68.0-255,5738,309957,48,321631
2773,0.044715,172.31.46.0-255,66,310023,48,321631
2774,0.046835,74.125.68.0-255,5738,315761,48,321631
2775,0.046841,172.31.46.0-255,66,315827,48,321631
2776,0.048961,74.125.68.0-255,5738,321565,48,321631
2777,0.048972,172.31.46.0-255,66,321631,48,321631
2778,0.0,74.125.200.0-255,153,153,48,315964
2779,3.8e-05,74.125.200.0-255,1484,1637,48,315964
2780,5e-05,172.31.46.0-255,66,1703,48,315964
2781,5.7e-05,74.125.200.0-255,2902,4605,48,315964
2782,6e-05,172.31.46.0-255,66,4671,48,315964
2783,6.7e-05,74.125.200.0-255,5738,10409,48,315964
2784,7.5e-05,172.31.46.0-255,66,10475,48,315964
2785,0.000113,74.125.200.0-255,3471,13946,48,315964
2786,0.000116,172.31.46.0-255,66,14012,48,315964
2787,0.000123,74.125.200.0-255,4320,18332,48,315964
2788,0.000125,172.31.46.0-255,66,18398,48,315964
2789,0.000156,74.125.200.0-255,7156,25554,48,315964
2790,0.000159,172.31.46.0-255,66,25620,48,315964
2791,0.000201,74.125.200.0-255,4320,29940,48,315964
2792,0.000204,172.31.46.0-255,66,30006,48,315964
2793,0.000221,74.125.200.0-255,1125,31131,48,315964
2794,0.000317,74.125.200.0-255,1484,32615,48,315964
2795,0.00032,172.31.46.0-255,66,32681,48,315964
2796,0.000325,74.125.200.0-255,2902,35583,48,315964
2797,0.000327,172.31.46.0-255,66,35649,48,315964
2798,0.000357,74.125.200.0-255,2902,38551,48,315964
2799,0.000359,172.31.46.0-255,66,38617,48,315964
2800,0.000364,74.125.200.0-255,4320,42937,48,315964
2801,0.000367,172.31.46.0-255,66,43003,48,315964
2802,0.00039,74.125.200.0-255,1484,44487,48,315964
2803,0.000412,74.125.200.0-255,4320,48807,48,315964
2804,0.000415,172.31.46.0-255,66,48873,48,315964
2805,0.000442,74.125.200.0-255,3961,52834,48,315964
2806,0.000445,172.31.46.0-255,66,52900,48,315964
2807,0.000459,172.31.46.0-255,66,52966,48,315964
2808,0.000468,74.125.200.0-255,2543,55509,48,315964
2809,0.000471,172.31.46.0-255,66,55575,48,315964
2810,0.000474,74.125.200.0-255,395,55970,48,315964
2811,0.000515,74.125.200.0-255,347,56317,48,315964
2812,0.001203,74.125.200.0-255,1484,57801,48,315964
2813,0.001209,172.31.46.0-255,66,57867,48,315964
2814,0.001215,74.125.200.0-255,2902,60769,48,315964
2815,0.001217,172.31.46.0-255,66,60835,48,315964
2816,0.001258,74.125.200.0-255,5738,66573,48,315964
2817,0.001261,172.31.46.0-255,66,66639,48,315964
2818,0.001269,74.125.200.0-255,7156,73795,48,315964
2819,0.001271,172.31.46.0-255,66,73861,48,315964
2820,0.001309,74.125.200.0-255,2902,76763,48,315964
2821,0.001312,172.31.46.0-255,66,76829,48,315964
2822,0.001347,172.31.46.0-255,66,76895,48,315964
2823,0.001375,74.125.200.0-255,3602,80497,48,315964
2824,0.001379,172.31.46.0-255,66,80563,48,315964
2825,0.001457,74.125.200.0-255,1484,82047,48,315964
2826,0.001463,74.125.200.0-255,2902,84949,48,315964
2827,0.001466,172.31.46.0-255,66,85015,48,315964
2828,0.001473,74.125.200.0-255,5738,90753,48,315964
2829,0.001475,172.31.46.0-255,66,90819,48,315964
2830,0.001503,74.125.200.0-255,2902,93721,48,315964
2831,0.001505,172.31.46.0-255,66,93787,48,315964
2832,0.001517,172.31.46.0-255,66,93853,48,315964
2833,0.001533,172.31.46.0-255,66,93919,48,315964
2834,0.001616,74.125.200.0-255,1484,95403,48,315964
2835,0.001637,74.125.200.0-255,2902,98305,48,315964
2836,0.001641,172.31.46.0-255,66,98371,48,315964
2837,0.001644,74.125.200.0-255,1484,99855,48,315964
2838,0.001649,74.125.200.0-255,2902,102757,48,315964
2839,0.00165,172.31.46.0-255,66,102823,48,315964
2840,0.001679,74.125.200.0-255,5738,108561,48,315964
2841,0.001681,172.31.46.0-255,66,108627,48,315964
2842,0.001717,172.31.46.0-255,66,108693,48,315964
2843,0.001751,172.31.46.0-255,66,108759,48,315964
2844,0.001754,74.125.200.0-255,766,109525,48,315964
2845,0.001822,74.125.200.0-255,1484,111009,48,315964
2846,0.001826,172.31.46.0-255,66,111075,48,315964
2847,0.001831,74.125.200.0-255,2902,113977,48,315964
2848,0.001833,172.31.46.0-255,66,114043,48,315964
2849,0.001837,74.125.200.0-255,2902,116945,48,315964
2850,0.001846,172.31.46.0-255,66,117011,48,315964
2851,0.001852,74.125.200.0-255,2902,119913,48,315964
2852,0.001854,172.31.46.0-255,66,119979,48,315964
2853,0.001883,74.125.200.0-255,1484,121463,48,315964
2854,0.001898,172.31.46.0-255,66,121529,48,315964
2855,0.001904,74.125.200.0-255,4320,125849,48,315964
2856,0.001906,172.31.46.0-255,66,125915,48,315964
2857,0.001946,74.125.200.0-255,5738,131653,48,315964
2858,0.001949,172.31.46.0-255,66,131719,48,315964
2859,0.001979,74.125.200.0-255,3602,135321,48,315964
2860,0.001982,172.31.46.0-255,66,135387,48,315964
2861,0.001986,74.125.200.0-255,1484,136871,48,315964
2862,0.00201,74.125.200.0-255,2902,139773,48,315964
2863,0.002012,172.31.46.0-255,66,139839,48,315964
2864,0.002015,74.125.200.0-255,1484,141323,48,315964
2865,0.00202,74.125.200.0-255,2902,144225,48,315964
2866,0.002022,172.31.46.0-255,66,144291,48,315964
2867,0.002029,74.125.200.0-255,1484,145775,48,315964
2868,0.002058,74.125.200.0-255,4320,150095,48,315964
2869,0.002061,172.31.46.0-255,66,150161,48,315964
2870,0.002065,74.125.200.0-255,2902,153063,48,315964
2871,0.002067,172.31.46.0-255,66,153129,48,315964
2872,0.002072,74.125.200.0-255,4320,157449,48,315964
2873,0.00208,172.31.46.0-255,66,157515,48,315964
2874,0.002129,172.31.46.0-255,66,157581,48,315964
2875,0.002135,74.125.200.0-255,3602,161183,48,315964
2876,0.002137,172.31.46.0-255,66,161249,48,315964
2877,0.002168,74.125.200.0-255,1484,162733,48,315964
2878,0.002188,74.125.200.0-255,2902,165635,48,315964
2879,0.002191,172.31.46.0-255,66,165701,48,315964
2880,0.002194,74.125.200.0-255,1484,167185,48,315964
2881,0.002218,74.125.200.0-255,2902,170087,48,315964
2882,0.002221,172.31.46.0-255,66,170153,48,315964
2883,0.002224,74.125.200.0-255,1484,171637,48,315964
2884,0.002258,74.125.200.0-255,4320,175957,48,315964
2885,0.002261,172.31.46.0-255,66,176023,48,315964
2886,0.002269,74.125.200.0-255,7156,183179,48,315964
2887,0.002271,172.31.46.0-255,66,183245,48,315964
2888,0.002283,74.125.200.0-255,7156,190401,48,315964
2889,0.002286,172.31.46.0-255,66,190467,48,315964
2890,0.002318,74.125.200.0-255,1484,191951,48,315964
2891,0.002324,74.125.200.0-255,3602,195553,48,315964
2892,0.002327,172.31.46.0-255,66,195619,48,315964
2893,0.002465,74.125.200.0-255,1484,197103,48,315964
2894,0.002469,74.125.200.0-255,1484,198587,48,315964
2895,0.002472,172.31.46.0-255,66,198653,48,315964
2896,0.002477,74.125.200.0-255,1484,200137,48,315964
2897,0.002483,74.125.200.0-255,4320,204457,48,315964
2898,0.002489,172.31.46.0-255,66,204523,48,315964
2899,0.002524,172.31.46.0-255,66,204589,48,315964
2900,0.00253,74.125.200.0-255,4320,208909,48,315964
2901,0.002532,172.31.46.0-255,66,208975,48,315964
2902,0.002535,74.125.200.0-255,1484,210459,48,315964
2903,0.002543,74.125.200.0-255,2902,213361,48,315964
2904,0.002546,172.31.46.0-255,66,213427,48,315964
2905,0.00255,74.125.200.0-255,2902,216329,48,315964
2906,0.002552,172.31.46.0-255,66,216395,48,315964
2907,0.002555,74.125.200.0-255,1484,217879,48,315964
2908,0.002585,74.125.200.0-255,2184,220063,48,315964
2909,0.002588,172.31.46.0-255,66,220129,48,315964
2910,0.002766,74.125.200.0-255,1484,221613,48,315964
2911,0.002772,74.125.200.0-255,2902,224515,48,315964
2912,0.002777,172.31.46.0-255,66,224581,48,315964
2913,0.002785,74.125.200.0-255,4320,228901,48,315964
2914,0.002787,172.31.46.0-255,66,228967,48,315964
2915,0.002799,74.125.200.0-255,5738,234705,48,315964
2916,0.002801,172.31.46.0-255,66,234771,48,315964
2917,0.00286,74.125.200.0-255,5738,240509,48,315964
2918,0.002863,172.31.46.0-255,66,240575,48,315964
2919,0.002866,74.125.200.0-255,1484,242059,48,315964
2920,0.002872,74.125.200.0-255,4320,246379,48,315964
2921,0.002879,172.31.46.0-255,66,246445,48,315964
2922,0.002884,74.125.200.0-255,4320,250765,48,315964
2923,0.002886,172.31.46.0-255,66,250831,48,315964
2924,0.002922,74.125.200.0-255,1484,252315,48,315964
2925,0.002948,74.125.200.0-255,2184,254499,48,315964
2926,0.002951,172.31.46.0-255,66,254565,48,315964
2927,0.003007,74.125.200.0-255,1484,256049,48,315964
2928,0.003028,74.125.200.0-255,1484,257533,48,315964
2929,0.00303,172.31.46.0-255,66,257599,48,315964
2930,0.003036,74.125.200.0-255,2902,260501,48,315964
2931,0.003038,172.31.46.0-255,66,260567,48,315964
2932,0.003073,74.125.200.0-255,2902,263469,48,315964
2933,0.003076,172.31.46.0-255,66,263535,48,315964
2934,0.0031,74.125.200.0-255,2902,266437,48,315964
2935,0.003104,172.31.46.0-255,66,266503,48,315964
2936,0.003107,74.125.200.0-255,1484,267987,48,315964
2937,0.003111,74.125.200.0-255,2902,270889,48,315964
2938,0.003113,172.31.46.0-255,66,270955,48,315964
2939,0.003122,74.125.200.0-255,2902,273857,48,315964
2940,0.003124,172.31.46.0-255,66,273923,48,315964
2941,0.003154,74.125.200.0-255,2902,276825,48,315964
2942,0.003158,172.31.46.0-255,66,276891,48,315964
2943,0.003164,74.125.200.0-255,5738,282629,48,315964
2944,0.003166,172.31.46.0-255,66,282695,48,315964
2945,0.003185,74.125.200.0-255,2902,285597,48,315964
2946,0.003187,172.31.46.0-255,66,285663,48,315964
2947,0.003199,74.125.200.0-255,7156,292819,48,315964
2948,0.003201,172.31.46.0-255,66,292885,48,315964
2949,0.003244,74.125.200.0-255,2184,295069,48,315964
2950,0.003248,172.31.46.0-255,66,295135,48,315964
2951,0.003265,172.31.46.0-255,66,295201,48,315964
2952,0.003269,74.125.200.0-255,2902,298103,48,315964
2953,0.003271,172.31.46.0-255,66,298169,48,315964
2954,0.003277,74.125.200.0-255,4320,302489,48,315964
2955,0.003279,172.31.46.0-255,66,302555,48,315964
2956,0.00329,172.31.46.0-255,66,302621,48,315964
2957,0.003338,74.125.200.0-255,6544,309165,48,315964
2958,0.003341,172.31.46.0-255,66,309231,48,315964
2959,0.0034,74.125.200.0-255,105,309336,48,315964
2960,0.012411,172.31.46.0-255,105,309441,48,315964
2961,0.014745,74.125.200.0-255,66,309507,48,315964
2962,0.034653,172.31.46.0-255,172,309679,48,315964
2963,0.034688,172.31.46.0-255,1108,310787,48,315964
2964,0.034748,172.31.46.0-255,1514,312301,48,315964
2965,0.034749,172.31.46.0-255,1514,313815,48,315964
2966,0.03475,172.31.46.0-255,1514,315329,48,315964
2967,0.034752,172.31.46.0-255,371,315700,48,315964
2968,0.036336,104.244.42.0-255,66,315766,48,315964
2969,0.036353,104.244.42.0-255,66,315832,48,315964
2970,0.03644,104.244.42.0-255,66,315898,48,315964
2971,0.036444,104.244.42.0-255,66,315964,48,315964
2972,0.0,172.217.194.0-255,153,153,48,315377
2973,2.2e-05,172.31.46.0-255,66,219,48,315377
2974,2.8e-05,172.217.194.0-255,1484,1703,48,315377
2975,3.2e-05,172.31.46.0-255,66,1769,48,315377
2976,3.8e-05,172.217.194.0-255,2902,4671,48,315377
2977,4.2e-05,172.31.46.0-255,66,4737,48,315377
2978,4.8e-05,172.217.194.0-255,7156,11893,48,315377
2979,5e-05,172.31.46.0-255,66,11959,48,315377
2980,5.3e-05,172.217.194.0-255,1484,13443,48,315377
2981,5.5e-05,172.31.46.0-255,66,13509,48,315377
2982,7.8e-05,172.217.194.0-255,2902,16411,48,315377
2983,8e-05,172.31.46.0-255,66,16477,48,315377
2984,0.000101,172.217.194.0-255,3460,19937,48,315377
2985,0.000104,172.31.46.0-255,66,20003,48,315377
2986,0.000115,172.31.46.0-255,66,20069,48,315377
2987,0.000152,172.217.194.0-255,4320,24389,48,315377
2988,0.000155,172.31.46.0-255,66,24455,48,315377
2989,0.000158,172.217.194.0-255,2902,27357,48,315377
2990,0.00016,172.31.46.0-255,66,27423,48,315377
2991,0.000174,172.217.194.0-255,2902,30325,48,315377
2992,0.000176,172.31.46.0-255,66,30391,48,315377
2993,0.000221,172.217.194.0-255,4320,34711,48,315377
2994,0.000224,172.31.46.0-255,66,34777,48,315377
2995,0.000238,172.31.46.0-255,66,34843,48,315377
2996,0.000243,172.217.194.0-255,4320,39163,48,315377
2997,0.000245,172.31.46.0-255,66,39229,48,315377
2998,0.000272,172.217.194.0-255,7071,46300,48,315377
2999,0.000274,172.31.46.0-255,66,46366,48,315377
3000,0.000303,172.217.194.0-255,114,46480,48,315377
3001,0.000305,172.31.46.0-255,66,46546,48,315377
3002,0.000995,172.217.194.0-255,385,46931,48,315377
3003,0.001084,172.217.194.0-255,1484,48415,48,315377
3004,0.001089,172.31.46.0-255,66,48481,48,315377
3005,0.001095,172.217.194.0-255,2902,51383,48,315377
3006,0.001097,172.31.46.0-255,66,51449,48,315377
3007,0.001119,172.217.194.0-255,5738,57187,48,315377
3008,0.001121,172.31.46.0-255,66,57253,48,315377
3009,0.001154,172.217.194.0-255,1484,58737,48,315377
3010,0.001174,172.217.194.0-255,5379,64116,48,315377
3011,0.001176,172.31.46.0-255,66,64182,48,315377
3012,0.001184,172.217.194.0-255,5738,69920,48,315377
3013,0.001186,172.31.46.0-255,66,69986,48,315377
3014,0.001209,172.217.194.0-255,1484,71470,48,315377
3015,0.001222,172.31.46.0-255,66,71536,48,315377
3016,0.001518,172.217.194.0-255,1484,73020,48,315377
3017,0.001538,172.217.194.0-255,2902,75922,48,315377
3018,0.001542,172.31.46.0-255,66,75988,48,315377
3019,0.001548,172.217.194.0-255,4320,80308,48,315377
3020,0.00155,172.31.46.0-255,66,80374,48,315377
3021,0.001563,172.217.194.0-255,1484,81858,48,315377
3022,0.001576,172.31.46.0-255,66,81924,48,315377
3023,0.001618,172.217.194.0-255,5738,87662,48,315377
3024,0.00162,172.31.46.0-255,66,87728,48,315377
3025,0.001642,172.217.194.0-255,5020,92748,48,315377
3026,0.001645,172.31.46.0-255,66,92814,48,315377
3027,0.001668,172.217.194.0-255,1484,94298,48,315377
3028,0.001696,172.31.46.0-255,66,94364,48,315377
3029,0.001699,172.217.194.0-255,1484,95848,48,315377
3030,0.001728,172.31.46.0-255,66,95914,48,315377
3031,0.001732,172.217.194.0-255,2902,98816,48,315377
3032,0.001734,172.31.46.0-255,66,98882,48,315377
3033,0.001753,172.217.194.0-255,6438,105320,48,315377
3034,0.001755,172.31.46.0-255,66,105386,48,315377
3035,0.001769,172.217.194.0-255,1484,106870,48,315377
3036,0.001772,172.217.194.0-255,1484,108354,48,315377
3037,0.001773,172.31.46.0-255,66,108420,48,315377
3038,0.001794,172.217.194.0-255,1484,109904,48,315377
3039,0.001801,172.217.194.0-255,5738,115642,48,315377
3040,0.001803,172.31.46.0-255,66,115708,48,315377
3041,0.001826,172.217.194.0-255,1484,117192,48,315377
3042,0.001837,172.217.194.0-255,2902,120094,48,315377
3043,0.00184,172.31.46.0-255,66,120160,48,315377
3044,0.001862,172.217.194.0-255,5738,125898,48,315377
3045,0.001865,172.31.46.0-255,66,125964,48,315377
3046,0.001869,172.217.194.0-255,4320,130284,48,315377
3047,0.001871,172.31.46.0-255,66,130350,48,315377
3048,0.001886,172.217.194.0-255,5738,136088,48,315377
3049,0.001888,172.31.46.0-255,66,136154,48,315377
3050,0.001916,172.217.194.0-255,3602,139756,48,315377
3051,0.001919,172.31.46.0-255,66,139822,48,315377
3052,0.001954,172.217.194.0-255,1484,141306,48,315377
3053,0.00197,172.217.194.0-255,1484,142790,48,315377
3054,0.001972,172.31.46.0-255,66,142856,48,315377
3055,0.001986,172.217.194.0-255,1484,144340,48,315377
3056,0.002002,172.217.194.0-255,5738,150078,48,315377
3057,0.002004,172.31.46.0-255,66,150144,48,315377
3058,0.00201,172.217.194.0-255,5738,155882,48,315377
3059,0.002012,172.31.46.0-255,66,155948,48,315377
3060,0.00203,172.217.194.0-255,7156,163104,48,315377
3061,0.002033,172.31.46.0-255,66,163170,48,315377
3062,0.002038,172.217.194.0-255,5738,168908,48,315377
3063,0.00204,172.31.46.0-255,66,168974,48,315377
3064,0.002104,172.217.194.0-255,5020,173994,48,315377
3065,0.002107,172.31.46.0-255,66,174060,48,315377
3066,0.002114,172.217.194.0-255,5738,179798,48,315377
3067,0.002116,172.31.46.0-255,66,179864,48,315377
3068,0.002136,172.31.46.0-255,66,179930,48,315377
3069,0.002149,172.31.46.0-255,66,179996,48,315377
3070,0.002155,172.217.194.0-255,3602,183598,48,315377
3071,0.002157,172.31.46.0-255,66,183664,48,315377
3072,0.004288,172.217.194.0-255,1484,185148,48,315377
3073,0.004302,172.217.194.0-255,4320,189468,48,315377
3074,0.004305,172.31.46.0-255,66,189534,48,315377
3075,0.006464,172.217.194.0-255,4320,193854,48,315377
3076,0.006471,172.31.46.0-255,66,193920,48,315377
3077,0.006491,172.217.194.0-255,1484,195404,48,315377
3078,0.008628,172.217.194.0-255,4320,199724,48,315377
3079,0.008634,172.31.46.0-255,66,199790,48,315377
3080,0.01078,172.217.194.0-255,5738,205528,48,315377
3081,0.010788,172.31.46.0-255,66,205594,48,315377
3082,0.012928,172.217.194.0-255,5738,211332,48,315377
3083,0.012936,172.31.46.0-255,66,211398,48,315377
3084,0.015089,172.217.194.0-255,5738,217136,48,315377
3085,0.015098,172.31.46.0-255,66,217202,48,315377
3086,0.017227,172.217.194.0-255,5738,222940,48,315377
3087,0.017237,172.31.46.0-255,66,223006,48,315377
3088,0.019368,172.217.194.0-255,5738,228744,48,315377
3089,0.019376,172.31.46.0-255,66,228810,48,315377
3090,0.021561,172.217.194.0-255,1484,230294,48,315377
3091,0.021582,172.217.194.0-255,4320,234614,48,315377
3092,0.021587,172.31.46.0-255,66,234680,48,315377
3093,0.02373,172.217.194.0-255,5738,240418,48,315377
3094,0.023737,172.31.46.0-255,66,240484,48,315377
3095,0.025906,172.217.194.0-255,5738,246222,48,315377
3096,0.025913,172.31.46.0-255,66,246288,48,315377
3097,0.028056,172.217.194.0-255,5738,252026,48,315377
3098,0.028063,172.31.46.0-255,66,252092,48,315377
3099,0.029985,172.31.46.0-255,172,252264,48,315377
3100,0.030013,172.31.46.0-255,1111,253375,48,315377
3101,0.030074,172.31.46.0-255,1514,254889,48,315377
3102,0.030076,172.31.46.0-255,1514,256403,48,315377
3103,0.030077,172.31.46.0-255,604,257007,48,315377
3104,0.030192,172.217.194.0-255,5738,262745,48,315377
3105,0.030199,172.31.46.0-255,66,262811,48,315377
3106,0.031632,104.244.42.0-255,66,262877,48,315377
3107,0.031721,104.244.42.0-255,66,262943,48,315377
3108,0.031756,104.244.42.0-255,66,263009,48,315377
3109,0.03176,104.244.42.0-255,66,263075,48,315377
3110,0.032345,172.217.194.0-255,5738,268813,48,315377
3111,0.032351,172.31.46.0-255,66,268879,48,315377
3112,0.034512,172.217.194.0-255,5738,274617,48,315377
3113,0.034531,172.31.46.0-255,66,274683,48,315377
3114,0.036649,172.217.194.0-255,5738,280421,48,315377
3115,0.036676,172.31.46.0-255,66,280487,48,315377
3116,0.03883,172.217.194.0-255,5738,286225,48,315377
3117,0.038836,172.31.46.0-255,66,286291,48,315377
3118,0.040959,172.217.194.0-255,5738,292029,48,315377
3119,0.040965,172.31.46.0-255,66,292095,48,315377
3120,0.043097,172.217.194.0-255,5738,297833,48,315377
3121,0.043102,172.31.46.0-255,66,297899,48,315377
3122,0.04528,172.217.194.0-255,5738,303637,48,315377
3123,0.045287,172.31.46.0-255,66,303703,48,315377
3124,0.047423,172.217.194.0-255,5738,309441,48,315377
3125,0.047428,172.31.46.0-255,66,309507,48,315377
3126,0.049555,172.217.194.0-255,1484,310991,48,315377
3127,0.049576,172.217.194.0-255,4320,315311,48,315377
3128,0.049581,172.31.46.0-255,66,315377,48,315377
3129,0.0,74.125.68.0-255,146,146,48,335938
3130,1.9e-05,172.31.46.0-255,66,212,48,335938
3131,2.6e-05,74.125.68.0-255,1484,1696,48,335938
3132,3.2e-05,172.31.46.0-255,66,1762,48,335938
3133,4.5e-05,74.125.68.0-255,2902,4664,48,335938
3134,4.9e-05,172.31.46.0-255,66,4730,48,335938
3135,5.2e-05,74.125.68.0-255,1484,6214,48,335938
3136,5.5e-05,172.31.46.0-255,66,6280,48,335938
3137,7.1e-05,74.125.68.0-255,5738,12018,48,335938
3138,7.4e-05,172.31.46.0-255,66,12084,48,335938
3139,8.2e-05,74.125.68.0-255,2066,14150,48,335938
3140,8.5e-05,172.31.46.0-255,66,14216,48,335938
3141,9e-05,74.125.68.0-255,2902,17118,48,335938
3142,9.3e-05,172.31.46.0-255,66,17184,48,335938
3143,0.000134,74.125.68.0-255,7156,24340,48,335938
3144,0.000138,172.31.46.0-255,66,24406,48,335938
3145,0.000142,74.125.68.0-255,2902,27308,48,335938
3146,0.000144,172.31.46.0-255,66,27374,48,335938
3147,0.000179,74.125.68.0-255,3961,31335,48,335938
3148,0.000181,172.31.46.0-255,66,31401,48,335938
3149,0.000248,74.125.68.0-255,1484,32885,48,335938
3150,0.000251,172.31.46.0-255,66,32951,48,335938
3151,0.000269,74.125.68.0-255,2902,35853,48,335938
3152,0.000272,172.31.46.0-255,66,35919,48,335938
3153,0.000275,74.125.68.0-255,1484,37403,48,335938
3154,0.000277,172.31.46.0-255,66,37469,48,335938
3155,0.000298,74.125.68.0-255,2902,40371,48,335938
3156,0.000305,172.31.46.0-255,66,40437,48,335938
3157,0.000308,74.125.68.0-255,1484,41921,48,335938
3158,0.00031,172.31.46.0-255,66,41987,48,335938
3159,0.000357,172.31.46.0-255,66,42053,48,335938
3160,0.000362,74.125.68.0-255,2902,44955,48,335938
3161,0.000364,172.31.46.0-255,66,45021,48,335938
3162,0.000388,74.125.68.0-255,5738,50759,48,335938
3163,0.00039,172.31.46.0-255,66,50825,48,335938
3164,0.000415,74.125.68.0-255,7072,57897,48,335938
3165,0.000418,172.31.46.0-255,66,57963,48,335938
3166,0.00042,74.125.68.0-255,412,58375,48,335938
3167,0.000422,172.31.46.0-255,66,58441,48,335938
3168,0.000511,74.125.68.0-255,1484,59925,48,335938
3169,0.000514,172.31.46.0-255,66,59991,48,335938
3170,0.000517,74.125.68.0-255,1484,61475,48,335938
3171,0.000519,172.31.46.0-255,66,61541,48,335938
3172,0.00054,74.125.68.0-255,1484,63025,48,335938
3173,0.000542,172.31.46.0-255,66,63091,48,335938
3174,0.000545,74.125.68.0-255,1484,64575,48,335938
3175,0.000549,172.31.46.0-255,66,64641,48,335938
3176,0.000567,74.125.68.0-255,1484,66125,48,335938
3177,0.000569,172.31.46.0-255,66,66191,48,335938
3178,0.000593,74.125.68.0-255,1484,67675,48,335938
3179,0.000595,172.31.46.0-255,66,67741,48,335938
3180,0.000601,74.125.68.0-255,5738,73479,48,335938
3181,0.000603,172.31.46.0-255,66,73545,48,335938
3182,0.000617,172.31.46.0-255,66,73611,48,335938
3183,0.000654,172.31.46.0-255,66,73677,48,335938
3184,0.00109,74.125.68.0-255,1484,75161,48,335938
3185,0.001095,172.31.46.0-255,66,75227,48,335938
3186,0.001121,74.125.68.0-255,2902,78129,48,335938
3187,0.001123,172.31.46.0-255,66,78195,48,335938
3188,0.00113,74.125.68.0-255,5738,83933,48,335938
3189,0.001131,172.31.46.0-255,66,83999,48,335938
3190,0.001136,74.125.68.0-255,4320,88319,48,335938
3191,0.001138,172.31.46.0-255,66,88385,48,335938
3192,0.00116,74.125.68.0-255,2902,91287,48,335938
3193,0.001162,172.31.46.0-255,66,91353,48,335938
3194,0.001173,172.31.46.0-255,66,91419,48,335938
3195,0.001217,74.125.68.0-255,5738,97157,48,335938
3196,0.001235,172.31.46.0-255,66,97223,48,335938
3197,0.001239,74.125.68.0-255,2184,99407,48,335938
3198,0.001244,172.31.46.0-255,66,99473,48,335938
3199,0.001569,74.125.68.0-255,1484,100957,48,335938
3200,0.001573,172.31.46.0-255,66,101023,48,335938
3201,0.001578,74.125.68.0-255,2902,103925,48,335938
3202,0.00158,172.31.46.0-255,66,103991,48,335938
3203,0.001598,74.125.68.0-255,4320,108311,48,335938
3204,0.0016,172.31.46.0-255,66,108377,48,335938
3205,0.001606,74.125.68.0-255,1484,109861,48,335938
3206,0.001625,74.125.68.0-255,4320,114181,48,335938
3207,0.00164,172.31.46.0-255,66,114247,48,335938
3208,0.001667,74.125.68.0-255,5738,119985,48,335938
3209,0.001683,74.125.68.0-255,5738,125723,48,335938
3210,0.001685,74.125.68.0-255,1484,127207,48,335938
3211,0.001692,172.31.46.0-255,66,127273,48,335938
3212,0.001719,74.125.68.0-255,6438,133711,48,335938
3213,0.001725,172.31.46.0-255,66,133777,48,335938
3214,0.001773,74.125.68.0-255,1484,135261,48,335938
3215,0.001777,74.125.68.0-255,1484,136745,48,335938
3216,0.001779,172.31.46.0-255,66,136811,48,335938
3217,0.001807,74.125.68.0-255,1484,138295,48,335938
3218,0.001812,74.125.68.0-255,5738,144033,48,335938
3219,0.001816,74.125.68.0-255,2902,146935,48,335938
3220,0.001827,74.125.68.0-255,1484,148419,48,335938
3221,0.001833,172.31.46.0-255,66,148485,48,335938
3222,0.001879,172.31.46.0-255,66,148551,48,335938
3223,0.001887,172.31.46.0-255,66,148617,48,335938
3224,0.002015,74.125.68.0-255,1484,150101,48,335938
3225,0.002028,74.125.68.0-255,2902,153003,48,335938
3226,0.002032,172.31.46.0-255,66,153069,48,335938
3227,0.00204,74.125.68.0-255,2902,155971,48,335938
3228,0.002044,172.31.46.0-255,66,156037,48,335938
3229,0.002061,74.125.68.0-255,2902,158939,48,335938
3230,0.002066,74.125.68.0-255,4320,163259,48,335938
3231,0.002077,172.31.46.0-255,66,163325,48,335938
3232,0.002096,74.125.68.0-255,1484,164809,48,335938
3233,0.002103,74.125.68.0-255,7156,171965,48,335938
3234,0.002105,74.125.68.0-255,1484,173449,48,335938
3235,0.002146,172.31.46.0-255,66,173515,48,335938
3236,0.002212,74.125.68.0-255,1484,174999,48,335938
3237,0.002228,74.125.68.0-255,2902,177901,48,335938
3238,0.002231,74.125.68.0-255,1484,179385,48,335938
3239,0.002234,172.31.46.0-255,66,179451,48,335938
3240,0.002253,74.125.68.0-255,4320,183771,48,335938
3241,0.00227,74.125.68.0-255,5738,189509,48,335938
3242,0.00229,74.125.68.0-255,1484,190993,48,335938
3243,0.002321,74.125.68.0-255,5738,196731,48,335938
3244,0.002337,74.125.68.0-255,2184,198915,48,335938
3245,0.00234,74.125.68.0-255,1484,200399,48,335938
3246,0.002363,74.125.68.0-255,7156,207555,48,335938
3247,0.002379,74.125.68.0-255,4320,211875,48,335938
3248,0.002398,74.125.68.0-255,4320,216195,48,335938
3249,0.00241,74.125.68.0-255,5738,221933,48,335938
3250,0.002427,74.125.68.0-255,2902,224835,48,335938
3251,0.005354,172.31.46.0-255,66,224901,48,335938
3252,0.007728,74.125.68.0-255,5738,230639,48,335938
3253,0.007733,172.31.46.0-255,66,230705,48,335938
3254,0.010109,74.125.68.0-255,5738,236443,48,335938
3255,0.010116,172.31.46.0-255,66,236509,48,335938
3256,0.012489,74.125.68.0-255,5738,242247,48,335938
3257,0.012496,172.31.46.0-255,66,242313,48,335938
3258,0.014914,74.125.68.0-255,5738,248051,48,335938
3259,0.014923,172.31.46.0-255,66,248117,48,335938
3260,0.017306,74.125.68.0-255,5738,253855,48,335938
3261,0.017313,172.31.46.0-255,66,253921,48,335938
3262,0.019687,74.125.68.0-255,5738,259659,48,335938
3263,0.019694,172.31.46.0-255,66,259725,48,335938
3264,0.022078,74.125.68.0-255,5738,265463,48,335938
3265,0.022088,172.31.46.0-255,66,265529,48,335938
3266,0.024472,74.125.68.0-255,5738,271267,48,335938
3267,0.02448,172.31.46.0-255,66,271333,48,335938
3268,0.026861,74.125.68.0-255,5738,277071,48,335938
3269,0.026868,172.31.46.0-255,66,277137,48,335938
3270,0.02901,172.31.46.0-255,172,277309,48,335938
3271,0.029042,172.31.46.0-255,1111,278420,48,335938
3272,0.0291,172.31.46.0-255,1514,279934,48,335938
3273,0.029102,172.31.46.0-255,1514,281448,48,335938
3274,0.029104,172.31.46.0-255,1514,282962,48,335938
3275,0.029104,172.31.46.0-255,368,283330,48,335938
3276,0.029249,74.125.68.0-255,5738,289068,48,335938
3277,0.029255,172.31.46.0-255,66,289134,48,335938
3278,0.030548,104.244.42.0-255,66,289200,48,335938
3279,0.030594,104.244.42.0-255,66,289266,48,335938
3280,0.030681,104.244.42.0-255,66,289332,48,335938
3281,0.031641,74.125.68.0-255,5738,295070,48,335938
3282,0.031645,172.31.46.0-255,66,295136,48,335938
3283,0.031651,104.244.42.0-255,108,295244,48,335938
3284,0.031653,172.31.46.0-255,66,295310,48,335938
3285,0.034025,74.125.68.0-255,5738,301048,48,335938
3286,0.034032,172.31.46.0-255,66,301114,48,335938
3287,0.036458,74.125.68.0-255,5738,306852,48,335938
3288,0.036464,172.31.46.0-255,66,306918,48,335938
3289,0.03884,74.125.68.0-255,5738,312656,48,335938
3290,0.038847,172.31.46.0-255,66,312722,48,335938
3291,0.041241,74.125.68.0-255,5738,318460,48,335938
3292,0.041248,172.31.46.0-255,66,318526,48,335938
3293,0.04364,74.125.68.0-255,5738,324264,48,335938
3294,0.043645,172.31.46.0-255,66,324330,48,335938
3295,0.046016,74.125.68.0-255,5738,330068,48,335938
3296,0.046022,172.31.46.0-255,66,330134,48,335938
3297,0.048415,74.125.68.0-255,5738,335872,48,335938
3298,0.048422,172.31.46.0-255,66,335938,48,335938
3299,0.0,172.253.118.0-255,153,153,48,233077
3300,2.3e-05,172.31.46.0-255,66,219,48,233077
3301,3e-05,172.253.118.0-255,1484,1703,48,233077
3302,3.5e-05,172.31.46.0-255,66,1769,48,233077
3303,4e-05,172.253.118.0-255,2902,4671,48,233077
3304,4.3e-05,172.31.46.0-255,66,4737,48,233077
3305,5.1e-05,172.253.118.0-255,7156,11893,48,233077
3306,5.3e-05,172.31.46.0-255,66,11959,48,233077
3307,7.3e-05,172.253.118.0-255,2157,14116,48,233077
3308,7.5e-05,172.31.46.0-255,66,14182,48,233077
3309,0.000183,172.253.118.0-255,1484,15666,48,233077
3310,0.000186,172.31.46.0-255,66,15732,48,233077
3311,0.000192,172.253.118.0-255,2902,18634,48,233077
3312,0.000194,172.31.46.0-255,66,18700,48,233077
3313,0.000216,172.253.118.0-255,5738,24438,48,233077
3314,0.000218,172.31.46.0-255,66,24504,48,233077
3315,0.000222,172.253.118.0-255,2902,27406,48,233077
3316,0.000223,172.31.46.0-255,66,27472,48,233077
3317,0.000237,172.253.118.0-255,2902,30374,48,233077
3318,0.000239,172.31.46.0-255,66,30440,48,233077
3319,0.000258,172.253.118.0-255,1125,31565,48,233077
3320,0.00026,172.31.46.0-255,66,31631,48,233077
3321,0.000292,172.253.118.0-255,1484,33115,48,233077
3322,0.000295,172.31.46.0-255,66,33181,48,233077
3323,0.000299,172.253.118.0-255,2902,36083,48,233077
3324,0.000301,172.31.46.0-255,66,36149,48,233077
3325,0.000312,172.253.118.0-255,1484,37633,48,233077
3326,0.000313,172.31.46.0-255,66,37699,48,233077
3327,0.000319,172.253.118.0-255,4320,42019,48,233077
3328,0.000322,172.31.46.0-255,66,42085,48,233077
3329,0.000338,172.253.118.0-255,2902,44987,48,233077
3330,0.00034,172.31.46.0-255,66,45053,48,233077
3331,0.000371,172.253.118.0-255,3961,49014,48,233077
3332,0.000458,172.31.46.0-255,66,49080,48,233077
3333,0.000676,172.253.118.0-255,1484,50564,48,233077
3334,0.00068,172.253.118.0-255,1484,52048,48,233077
3335,0.000688,172.31.46.0-255,66,52114,48,233077
3336,0.000697,172.253.118.0-255,1484,53598,48,233077
3337,0.000704,172.253.118.0-255,5738,59336,48,233077
3338,0.000726,172.253.118.0-255,7127,66463,48,233077
3339,0.000742,172.31.46.0-255,66,66529,48,233077
3340,0.000926,172.253.118.0-255,347,66876,48,233077
3341,0.001049,172.253.118.0-255,1484,68360,48,233077
3342,0.001054,172.31.46.0-255,66,68426,48,233077
3343,0.001059,172.253.118.0-255,2902,71328,48,233077
3344,0.001062,172.253.118.0-255,1484,72812,48,233077
3345,0.001077,172.253.118.0-255,4320,77132,48,233077
3346,0.001081,172.253.118.0-255,2902,80034,48,233077
3347,0.001087,172.31.46.0-255,66,80100,48,233077
3348,0.001119,172.31.46.0-255,66,80166,48,233077
3349,0.001151,172.31.46.0-255,66,80232,48,233077
3350,0.001462,172.253.118.0-255,1484,81716,48,233077
3351,0.001468,172.253.118.0-255,2902,84618,48,233077
3352,0.001471,172.31.46.0-255,66,84684,48,233077
3353,0.001495,172.253.118.0-255,1484,86168,48,233077
3354,0.001525,172.253.118.0-255,4320,90488,48,233077
3355,0.001585,172.31.46.0-255,66,90554,48,233077
3356,0.003653,172.253.118.0-255,5738,96292,48,233077
3357,0.003663,172.31.46.0-255,66,96358,48,233077
3358,0.005717,172.253.118.0-255,5738,102096,48,233077
3359,0.005726,172.31.46.0-255,66,102162,48,233077
3360,0.007752,172.253.118.0-255,5738,107900,48,233077
3361,0.007916,172.31.46.0-255,66,107966,48,233077
3362,0.009962,172.253.118.0-255,5738,113704,48,233077
3363,0.009975,172.31.46.0-255,66,113770,48,233077
3364,0.012006,172.253.118.0-255,5738,119508,48,233077
3365,0.012017,172.31.46.0-255,66,119574,48,233077
3366,0.014085,172.253.118.0-255,5738,125312,48,233077
3367,0.014097,172.31.46.0-255,66,125378,48,233077
3368,0.016145,172.253.118.0-255,5738,131116,48,233077
3369,0.016156,172.31.46.0-255,66,131182,48,233077
3370,0.018186,172.253.118.0-255,5738,136920,48,233077
3371,0.01918,172.31.46.0-255,66,136986,48,233077
3372,0.021225,172.253.118.0-255,5738,142724,48,233077
3373,0.021239,172.31.46.0-255,66,142790,48,233077
3374,0.023273,172.253.118.0-255,5738,148528,48,233077
3375,0.023288,172.31.46.0-255,66,148594,48,233077
3376,0.025336,172.253.118.0-255,5738,154332,48,233077
3377,0.025346,172.31.46.0-255,66,154398,48,233077
3378,0.027389,172.253.118.0-255,5738,160136,48,233077
3379,0.027404,172.31.46.0-255,66,160202,48,233077
3380,0.029444,172.253.118.0-255,5738,165940,48,233077
3381,0.029455,172.31.46.0-255,66,166006,48,233077
3382,0.031503,172.253.118.0-255,5738,171744,48,233077
3383,0.031514,172.31.46.0-255,66,171810,48,233077
3384,0.033556,172.253.118.0-255,5738,177548,48,233077
3385,0.03357,172.31.46.0-255,66,177614,48,233077
3386,0.035621,172.253.118.0-255,5738,183352,48,233077
3387,0.035636,172.31.46.0-255,66,183418,48,233077
3388,0.037686,172.253.118.0-255,5738,189156,48,233077
3389,0.037701,172.31.46.0-255,66,189222,48,233077
3390,0.039764,172.253.118.0-255,5738,194960,48,233077
3391,0.039782,172.31.46.0-255,66,195026,48,233077
3392,0.041814,172.253.118.0-255,5738,200764,48,233077
3393,0.04183,172.31.46.0-255,66,200830,48,233077
3394,0.043731,172.31.46.0-255,172,201002,48,233077
3395,0.043763,172.31.46.0-255,1112,202114,48,233077
3396,0.043839,172.253.118.0-255,5738,207852,48,233077
3397,0.043845,172.31.46.0-255,66,207918,48,233077
3398,0.043893,172.31.46.0-255,1514,209432,48,233077
3399,0.043895,172.31.46.0-255,1514,210946,48,233077
3400,0.043896,172.31.46.0-255,1514,212460,48,233077
3401,0.043898,172.31.46.0-255,1514,213974,48,233077
3402,0.043936,172.31.46.0-255,1493,215467,48,233077
3403,0.045272,104.244.42.0-255,66,215533,48,233077
3404,0.045315,104.244.42.0-255,66,215599,48,233077
3405,0.04552,104.244.42.0-255,66,215665,48,233077
3406,0.045866,172.253.118.0-255,5738,221403,48,233077
3407,0.045875,172.31.46.0-255,66,221469,48,233077
3408,0.047923,172.253.118.0-255,5738,227207,48,233077
3409,0.047934,172.31.46.0-255,66,227273,48,233077
3410,0.049967,172.253.118.0-255,5738,233011,48,233077
3411,0.049976,172.31.46.0-255,66,233077,48,233077
3412,0.0,74.125.200.0-255,143,143,48,356294
3413,2.4e-05,172.31.46.0-255,66,209,48,356294
3414,3.1e-05,74.125.200.0-255,1484,1693,48,356294
3415,3.6e-05,172.31.46.0-255,66,1759,48,356294
3416,4.2e-05,74.125.200.0-255,2902,4661,48,356294
3417,4.5e-05,172.31.46.0-255,66,4727,48,356294
3418,7.7e-05,74.125.200.0-255,7156,11883,48,356294
3419,8e-05,172.31.46.0-255,66,11949,48,356294
3420,8.4e-05,74.125.200.0-255,2131,14080,48,356294
3421,8.6e-05,172.31.46.0-255,66,14146,48,356294
3422,9.1e-05,74.125.200.0-255,2902,17048,48,356294
3423,9.4e-05,172.31.46.0-255,66,17114,48,356294
3424,9.7e-05,74.125.200.0-255,1484,18598,48,356294
3425,9.9e-05,172.31.46.0-255,66,18664,48,356294
3426,0.00013,74.125.200.0-255,5738,24402,48,356294
3427,0.000132,172.31.46.0-255,66,24468,48,356294
3428,0.000136,74.125.200.0-255,2902,27370,48,356294
3429,0.000138,172.31.46.0-255,66,27436,48,356294
3430,0.000159,74.125.200.0-255,1484,28920,48,356294
3431,0.000161,172.31.46.0-255,66,28986,48,356294
3432,0.000175,74.125.200.0-255,2543,31529,48,356294
3433,0.000178,172.31.46.0-255,66,31595,48,356294
3434,0.000289,74.125.200.0-255,1484,33079,48,356294
3435,0.000293,172.31.46.0-255,66,33145,48,356294
3436,0.000313,74.125.200.0-255,2902,36047,48,356294
3437,0.000316,172.31.46.0-255,66,36113,48,356294
3438,0.000328,74.125.200.0-255,1484,37597,48,356294
3439,0.00033,172.31.46.0-255,66,37663,48,356294
3440,0.000354,74.125.200.0-255,4320,41983,48,356294
3441,0.000357,172.31.46.0-255,66,42049,48,356294
3442,0.00036,74.125.200.0-255,1484,43533,48,356294
3443,0.000362,172.31.46.0-255,66,43599,48,356294
3444,0.000436,74.125.200.0-255,393,43992,48,356294
3445,0.000497,74.125.200.0-255,1484,45476,48,356294
3446,0.000502,74.125.200.0-255,2902,48378,48,356294
3447,0.000507,74.125.200.0-255,4320,52698,48,356294
3448,0.000518,74.125.200.0-255,1484,54182,48,356294
3449,0.000562,74.125.200.0-255,5738,59920,48,356294
3450,0.000572,172.31.46.0-255,66,59986,48,356294
3451,0.000583,74.125.200.0-255,4320,64306,48,356294
3452,0.000588,172.31.46.0-255,66,64372,48,356294
3453,0.000607,74.125.200.0-255,5020,69392,48,356294
3454,0.000634,172.31.46.0-255,66,69458,48,356294
3455,0.000652,74.125.200.0-255,1484,70942,48,356294
3456,0.000681,74.125.200.0-255,2902,73844,48,356294
3457,0.000686,74.125.200.0-255,2902,76746,48,356294
3458,0.000701,172.31.46.0-255,66,76812,48,356294
3459,0.000713,74.125.200.0-255,2902,79714,48,356294
3460,0.000726,172.31.46.0-255,66,79780,48,356294
3461,0.000738,74.125.200.0-255,4320,84100,48,356294
3462,0.000743,74.125.200.0-255,2902,87002,48,356294
3463,0.000749,172.31.46.0-255,66,87068,48,356294
3464,0.000759,74.125.200.0-255,4320,91388,48,356294
3465,0.000771,74.125.200.0-255,2902,94290,48,356294
3466,0.00079,74.125.200.0-255,5738,100028,48,356294
3467,0.000795,74.125.200.0-255,3602,103630,48,356294
3468,0.000839,172.31.46.0-255,66,103696,48,356294
3469,0.00085,74.125.200.0-255,349,104045,48,356294
3470,0.000897,74.125.200.0-255,1484,105529,48,356294
3471,0.000902,172.31.46.0-255,66,105595,48,356294
3472,0.000916,74.125.200.0-255,2902,108497,48,356294
3473,0.000934,74.125.200.0-255,4320,112817,48,356294
3474,0.000946,74.125.200.0-255,1484,114301,48,356294
3475,0.00095,172.31.46.0-255,66,114367,48,356294
3476,0.000963,74.125.200.0-255,4320,118687,48,356294
3477,0.000984,172.31.46.0-255,66,118753,48,356294
3478,0.000989,74.125.200.0-255,2902,121655,48,356294
3479,0.000994,172.31.46.0-255,66,121721,48,356294
3480,0.001016,74.125.200.0-255,5738,127459,48,356294
3481,0.001019,74.125.200.0-255,1484,128943,48,356294
3482,0.001034,74.125.200.0-255,5738,134681,48,356294
3483,0.001046,172.31.46.0-255,66,134747,48,356294
3484,0.001056,74.125.200.0-255,3602,138349,48,356294
3485,0.001061,172.31.46.0-255,66,138415,48,356294
3486,0.001186,74.125.200.0-255,1484,139899,48,356294
3487,0.001203,74.125.200.0-255,2902,142801,48,356294
3488,0.001224,74.125.200.0-255,2902,145703,48,356294
3489,0.001232,172.31.46.0-255,66,145769,48,356294
3490,0.001245,74.125.200.0-255,2902,148671,48,356294
3491,0.00125,74.125.200.0-255,4320,152991,48,356294
3492,0.001272,74.125.200.0-255,5738,158729,48,356294
3493,0.001283,172.31.46.0-255,66,158795,48,356294
3494,0.001299,74.125.200.0-255,5738,164533,48,356294
3495,0.001315,74.125.200.0-255,1484,166017,48,356294
3496,0.001331,74.125.200.0-255,5738,171755,48,356294
3497,0.001333,74.125.200.0-255,766,172521,48,356294
3498,0.001337,172.31.46.0-255,66,172587,48,356294
3499,0.001347,172.31.46.0-255,66,172653,48,356294
3500,0.001501,74.125.200.0-255,1484,174137,48,356294
3501,0.001516,74.125.200.0-255,2902,177039,48,356294
3502,0.001534,74.125.200.0-255,4320,181359,48,356294
3503,0.001539,172.31.46.0-255,66,181425,48,356294
3504,0.001547,74.125.200.0-255,1484,182909,48,356294
3505,0.00156,74.125.200.0-255,2902,185811,48,356294
3506,0.00157,74.125.200.0-255,2902,188713,48,356294
3507,0.001581,74.125.200.0-255,1484,190197,48,356294
3508,0.001591,172.31.46.0-255,66,190263,48,356294
3509,0.0016,74.125.200.0-255,2902,193165,48,356294
3510,0.001613,74.125.200.0-255,4320,197485,48,356294
3511,0.001615,172.31.46.0-255,66,197551,48,356294
3512,0.001636,74.125.200.0-255,1484,199035,48,356294
3513,0.001649,172.31.46.0-255,66,199101,48,356294
3514,0.001855,74.125.200.0-255,1484,200585,48,356294
3515,0.001867,74.125.200.0-255,1484,202069,48,356294
3516,0.001882,172.31.46.0-255,66,202135,48,356294
3517,0.001885,74.125.200.0-255,1484,203619,48,356294
3518,0.00189,74.125.200.0-255,2902,206521,48,356294
3519,0.001894,172.31.46.0-255,66,206587,48,356294
3520,0.001904,74.125.200.0-255,2902,209489,48,356294
3521,0.001915,74.125.200.0-255,4320,213809,48,356294
3522,0.00194,74.125.200.0-255,5738,219547,48,356294
3523,0.001956,74.125.200.0-255,5738,225285,48,356294
3524,0.001977,172.31.46.0-255,66,225351,48,356294
3525,0.002056,74.125.200.0-255,1484,226835,48,356294
3526,0.002059,74.125.200.0-255,1484,228319,48,356294
3527,0.002074,74.125.200.0-255,1484,229803,48,356294
3528,0.002085,172.31.46.0-255,66,229869,48,356294
3529,0.002104,74.125.200.0-255,4320,234189,48,356294
3530,0.002111,172.31.46.0-255,66,234255,48,356294
3531,0.00213,74.125.200.0-255,1484,235739,48,356294
3532,0.002146,74.125.200.0-255,7156,242895,48,356294
3533,0.00215,172.31.46.0-255,66,242961,48,356294
3534,0.002167,74.125.200.0-255,2902,245863,48,356294
3535,0.002173,74.125.200.0-255,5020,250883,48,356294
3536,0.00219,172.31.46.0-255,66,250949,48,356294
3537,0.002208,74.125.200.0-255,1484,252433,48,356294
3538,0.00223,74.125.200.0-255,2902,255335,48,356294
3539,0.00224,172.31.46.0-255,66,255401,48,356294
3540,0.002247,74.125.200.0-255,5738,261139,48,356294
3541,0.002259,74.125.200.0-255,4320,265459,48,356294
3542,0.002296,172.31.46.0-255,66,265525,48,356294
3543,0.002322,74.125.200.0-255,5738,271263,48,356294
3544,0.002329,74.125.200.0-255,7156,278419,48,356294
3545,0.002336,172.31.46.0-255,66,278485,48,356294
3546,0.002371,74.125.200.0-255,5738,284223,48,356294
3547,0.00239,74.125.200.0-255,766,284989,48,356294
3548,0.002393,74.125.200.0-255,1484,286473,48,356294
3549,0.002397,172.31.46.0-255,66,286539,48,356294
3550,0.002402,172.31.46.0-255,66,286605,48,356294
3551,0.002411,74.125.200.0-255,1484,288089,48,356294
3552,0.004755,74.125.200.0-255,4320,292409,48,356294
3553,0.004763,172.31.46.0-255,66,292475,48,356294
3554,0.007137,74.125.200.0-255,5738,298213,48,356294
3555,0.008802,172.31.46.0-255,66,298279,48,356294
3556,0.011177,74.125.200.0-255,5738,304017,48,356294
3557,0.011187,172.31.46.0-255,66,304083,48,356294
3558,0.013581,74.125.200.0-255,5738,309821,48,356294
3559,0.013593,172.31.46.0-255,66,309887,48,356294
3560,0.016005,74.125.200.0-255,5738,315625,48,356294
3561,0.016216,172.31.46.0-255,66,315691,48,356294
3562,0.01862,74.125.200.0-255,5738,321429,48,356294
3563,0.018636,172.31.46.0-255,66,321495,48,356294
3564,0.021002,74.125.200.0-255,5738,327233,48,356294
3565,0.021011,172.31.46.0-255,66,327299,48,356294
3566,0.023386,74.125.200.0-255,5738,333037,48,356294
3567,0.023396,172.31.46.0-255,66,333103,48,356294
3568,0.025763,74.125.200.0-255,5738,338841,48,356294
3569,0.025775,172.31.46.0-255,66,338907,48,356294
3570,0.028148,74.125.200.0-255,4320,343227,48,356294
3571,0.028158,172.31.46.0-255,66,343293,48,356294
3572,0.028181,74.125.200.0-255,1484,344777,48,356294
3573,0.030529,74.125.200.0-255,4320,349097,48,356294
3574,0.030539,172.31.46.0-255,66,349163,48,356294
3575,0.032882,74.125.200.0-255,263,349426,48,356294
3576,0.033027,172.31.46.0-255,66,349492,48,356294
3577,0.03307,172.31.46.0-255,105,349597,48,356294
3578,0.034216,172.31.46.0-255,172,349769,48,356294
3579,0.03425,172.31.46.0-255,1112,350881,48,356294
3580,0.034318,172.31.46.0-255,1514,352395,48,356294
3581,0.03432,172.31.46.0-255,1514,353909,48,356294
3582,0.034321,172.31.46.0-255,1514,355423,48,356294
3583,0.034322,172.31.46.0-255,367,355790,48,356294
3584,0.035396,74.125.200.0-255,66,355856,48,356294
3585,0.035742,104.244.42.0-255,66,355922,48,356294
3586,0.035791,104.244.42.0-255,66,355988,48,356294
3587,0.035887,104.244.42.0-255,66,356054,48,356294
3588,0.03589,104.244.42.0-255,66,356120,48,356294
3589,0.036446,104.244.42.0-255,108,356228,48,356294
3590,0.036453,172.31.46.0-255,66,356294,48,356294
3591,0.0,74.125.24.0-255,153,153,48,257129
3592,2.3e-05,172.31.46.0-255,66,219,48,257129
3593,3e-05,74.125.24.0-255,1484,1703,48,257129
3594,3.4e-05,172.31.46.0-255,66,1769,48,257129
3595,4.1e-05,74.125.24.0-255,2902,4671,48,257129
3596,4.3e-05,172.31.46.0-255,66,4737,48,257129
3597,5.1e-05,74.125.24.0-255,7156,11893,48,257129
3598,5.5e-05,172.31.46.0-255,66,11959,48,257129
3599,9.5e-05,172.31.46.0-255,66,12025,48,257129
3600,0.000121,74.125.24.0-255,6296,18321,48,257129
3601,0.000124,172.31.46.0-255,66,18387,48,257129
3602,0.000128,74.125.24.0-255,2543,20930,48,257129
3603,0.00013,172.31.46.0-255,66,20996,48,257129
3604,0.000157,74.125.24.0-255,2902,23898,48,257129
3605,0.00016,172.31.46.0-255,66,23964,48,257129
3606,0.00018,74.125.24.0-255,5738,29702,48,257129
3607,0.000182,172.31.46.0-255,66,29768,48,257129
3608,0.000203,74.125.24.0-255,1484,31252,48,257129
3609,0.000205,172.31.46.0-255,66,31318,48,257129
3610,0.000211,74.125.24.0-255,4320,35638,48,257129
3611,0.000213,172.31.46.0-255,66,35704,48,257129
3612,0.000247,172.31.46.0-255,66,35770,48,257129
3613,0.000254,74.125.24.0-255,7156,42926,48,257129
3614,0.000256,172.31.46.0-255,66,42992,48,257129
3615,0.000274,74.125.24.0-255,3961,46953,48,257129
3616,0.000276,172.31.46.0-255,66,47019,48,257129
3617,0.00028,74.125.24.0-255,362,47381,48,257129
3618,0.000282,172.31.46.0-255,66,47447,48,257129
3619,0.000284,74.125.24.0-255,127,47574,48,257129
3620,0.000286,172.31.46.0-255,66,47640,48,257129
3621,0.000374,74.125.24.0-255,351,47991,48,257129
3622,0.000756,74.125.24.0-255,1484,49475,48,257129
3623,0.000763,172.31.46.0-255,66,49541,48,257129
3624,0.000768,74.125.24.0-255,2902,52443,48,257129
3625,0.000771,172.31.46.0-255,66,52509,48,257129
3626,0.00079,74.125.24.0-255,5738,58247,48,257129
3627,0.000793,172.31.46.0-255,66,58313,48,257129
3628,0.00084,74.125.24.0-255,5738,64051,48,257129
3629,0.000842,172.31.46.0-255,66,64117,48,257129
3630,0.000866,74.125.24.0-255,7156,71273,48,257129
3631,0.000868,172.31.46.0-255,66,71339,48,257129
3632,0.00088,172.31.46.0-255,66,71405,48,257129
3633,0.000882,74.125.24.0-255,766,72171,48,257129
3634,0.000886,74.125.24.0-255,1484,73655,48,257129
3635,0.000888,172.31.46.0-255,66,73721,48,257129
3636,0.000892,74.125.24.0-255,1484,75205,48,257129
3637,0.000908,74.125.24.0-255,2902,78107,48,257129
3638,0.00091,172.31.46.0-255,66,78173,48,257129
3639,0.000925,74.125.24.0-255,2902,81075,48,257129
3640,0.000927,172.31.46.0-255,66,81141,48,257129
3641,0.00095,74.125.24.0-255,7156,88297,48,257129
3642,0.000952,172.31.46.0-255,66,88363,48,257129
3643,0.000958,74.125.24.0-255,5738,94101,48,257129
3644,0.000961,172.31.46.0-255,66,94167,48,257129
3645,0.000993,74.125.24.0-255,5738,99905,48,257129
3646,0.000995,172.31.46.0-255,66,99971,48,257129
3647,0.001002,74.125.24.0-255,6438,106409,48,257129
3648,0.001005,172.31.46.0-255,66,106475,48,257129
3649,0.00102,74.125.24.0-255,1484,107959,48,257129
3650,0.001041,74.125.24.0-255,2902,110861,48,257129
3651,0.001043,172.31.46.0-255,66,110927,48,257129
3652,0.001051,74.125.24.0-255,5738,116665,48,257129
3653,0.001053,172.31.46.0-255,66,116731,48,257129
3654,0.001066,74.125.24.0-255,1484,118215,48,257129
3655,0.001105,172.31.46.0-255,66,118281,48,257129
3656,0.001117,172.31.46.0-255,66,118347,48,257129
3657,0.00112,74.125.24.0-255,766,119113,48,257129
3658,0.001158,74.125.24.0-255,1484,120597,48,257129
3659,0.00116,172.31.46.0-255,66,120663,48,257129
3660,0.001164,74.125.24.0-255,1484,122147,48,257129
3661,0.001182,74.125.24.0-255,2902,125049,48,257129
3662,0.001185,172.31.46.0-255,66,125115,48,257129
3663,0.001191,74.125.24.0-255,5738,130853,48,257129
3664,0.001193,172.31.46.0-255,66,130919,48,257129
3665,0.00121,74.125.24.0-255,4320,135239,48,257129
3666,0.001213,172.31.46.0-255,66,135305,48,257129
3667,0.001216,74.125.24.0-255,1484,136789,48,257129
3668,0.001231,74.125.24.0-255,1484,138273,48,257129
3669,0.001234,172.31.46.0-255,66,138339,48,257129
3670,0.001268,172.31.46.0-255,66,138405,48,257129
3671,0.001297,172.31.46.0-255,66,138471,48,257129
3672,0.001318,74.125.24.0-255,2902,141373,48,257129
3673,0.00132,172.31.46.0-255,66,141439,48,257129
3674,0.001333,74.125.24.0-255,1484,142923,48,257129
3675,0.001349,74.125.24.0-255,5738,148661,48,257129
3676,0.001351,172.31.46.0-255,66,148727,48,257129
3677,0.001373,74.125.24.0-255,5738,154465,48,257129
3678,0.001376,172.31.46.0-255,66,154531,48,257129
3679,0.001379,74.125.24.0-255,1484,156015,48,257129
3680,0.001393,74.125.24.0-255,2902,158917,48,257129
3681,0.001396,172.31.46.0-255,66,158983,48,257129
3682,0.001434,172.31.46.0-255,66,159049,48,257129
3683,0.001447,172.31.46.0-255,66,159115,48,257129
3684,0.001489,172.31.46.0-255,66,159181,48,257129
3685,0.001508,74.125.24.0-255,2902,162083,48,257129
3686,0.001511,172.31.46.0-255,66,162149,48,257129
3687,0.001539,74.125.24.0-255,6438,168587,48,257129
3688,0.001542,172.31.46.0-255,66,168653,48,257129
3689,0.001597,74.125.24.0-255,1484,170137,48,257129
3690,0.001602,74.125.24.0-255,2902,173039,48,257129
3691,0.001604,172.31.46.0-255,66,173105,48,257129
3692,0.001611,74.125.24.0-255,5738,178843,48,257129
3693,0.001613,172.31.46.0-255,66,178909,48,257129
3694,0.001619,74.125.24.0-255,5738,184647,48,257129
3695,0.001622,172.31.46.0-255,66,184713,48,257129
3696,0.001635,172.31.46.0-255,66,184779,48,257129
3697,0.001661,74.125.24.0-255,1484,186263,48,257129
3698,0.001668,74.125.24.0-255,5020,191283,48,257129
3699,0.001671,172.31.46.0-255,66,191349,48,257129
3700,0.001728,74.125.24.0-255,1484,192833,48,257129
3701,0.00175,74.125.24.0-255,2902,195735,48,257129
3702,0.001753,172.31.46.0-255,66,195801,48,257129
3703,0.00176,74.125.24.0-255,5738,201539,48,257129
3704,0.001763,74.125.24.0-255,1484,203023,48,257129
3705,0.001804,74.125.24.0-255,5738,208761,48,257129
3706,0.001816,74.125.24.0-255,4320,213081,48,257129
3707,0.001819,74.125.24.0-255,766,213847,48,257129
3708,0.001946,74.125.24.0-255,1484,215331,48,257129
3709,0.001951,74.125.24.0-255,1484,216815,48,257129
3710,0.001973,74.125.24.0-255,1484,218299,48,257129
3711,0.00198,74.125.24.0-255,5738,224037,48,257129
3712,0.001985,74.125.24.0-255,4320,228357,48,257129
3713,0.002059,74.125.24.0-255,5738,234095,48,257129
3714,0.002114,74.125.24.0-255,2184,236279,48,257129
3715,0.002117,74.125.24.0-255,1484,237763,48,257129
3716,0.002119,74.125.24.0-255,1484,239247,48,257129
3717,0.002129,74.125.24.0-255,1484,240731,48,257129
3718,0.002143,74.125.24.0-255,4320,245051,48,257129
3719,0.00218,74.125.24.0-255,2184,247235,48,257129
3720,0.002186,74.125.24.0-255,4206,251441,48,257129
3721,0.002189,74.125.24.0-255,105,251546,48,257129
3722,0.004885,172.31.46.0-255,66,251612,48,257129
3723,0.005137,172.31.46.0-255,101,251713,48,257129
3724,0.00777,74.125.24.0-255,66,251779,48,257129
3725,0.008123,172.31.46.0-255,105,251884,48,257129
3726,0.010758,74.125.24.0-255,66,251950,48,257129
3727,0.02994,172.31.46.0-255,172,252122,48,257129
3728,0.029977,172.31.46.0-255,1111,253233,48,257129
3729,0.030043,172.31.46.0-255,1514,254747,48,257129
3730,0.030045,172.31.46.0-255,1514,256261,48,257129
3731,0.03007,172.31.46.0-255,604,256865,48,257129
3732,0.031566,104.244.42.0-255,66,256931,48,257129
3733,0.031658,104.244.42.0-255,66,256997,48,257129
3734,0.031808,104.244.42.0-255,66,257063,48,257129
3735,0.031811,104.244.42.0-255,66,257129,48,257129
3736,0.0,172.217.194.0-255,152,152,48,261866
3737,2.3e-05,172.31.46.0-255,66,218,48,261866
3738,3.1e-05,172.217.194.0-255,1484,1702,48,261866
3739,3.5e-05,172.31.46.0-255,66,1768,48,261866
3740,4.1e-05,172.217.194.0-255,2902,4670,48,261866
3741,4.4e-05,172.31.46.0-255,66,4736,48,261866
3742,5.1e-05,172.217.194.0-255,5738,10474,48,261866
3743,5.4e-05,172.31.46.0-255,66,10540,48,261866
3744,7.8e-05,172.217.194.0-255,1484,12024,48,261866
3745,8.1e-05,172.31.46.0-255,66,12090,48,261866
3746,9.9e-05,172.217.194.0-255,2023,14113,48,261866
3747,0.000102,172.31.46.0-255,66,14179,48,261866
3748,0.000141,172.217.194.0-255,1484,15663,48,261866
3749,0.000144,172.31.46.0-255,66,15729,48,261866
3750,0.000149,172.217.194.0-255,2902,18631,48,261866
3751,0.000152,172.31.46.0-255,66,18697,48,261866
3752,0.000176,172.217.194.0-255,5738,24435,48,261866
3753,0.000178,172.31.46.0-255,66,24501,48,261866
3754,0.000184,172.217.194.0-255,4320,28821,48,261866
3755,0.000186,172.31.46.0-255,66,28887,48,261866
3756,0.00025,172.217.194.0-255,5738,34625,48,261866
3757,0.000253,172.31.46.0-255,66,34691,48,261866
3758,0.000274,172.217.194.0-255,5379,40070,48,261866
3759,0.000276,172.31.46.0-255,66,40136,48,261866
3760,0.000293,172.217.194.0-255,4320,44456,48,261866
3761,0.000296,172.31.46.0-255,66,44522,48,261866
3762,0.000317,172.217.194.0-255,3961,48483,48,261866
3763,0.00032,172.31.46.0-255,66,48549,48,261866
3764,0.000359,172.31.46.0-255,66,48615,48,261866
3765,0.000367,172.217.194.0-255,7156,55771,48,261866
3766,0.00037,172.31.46.0-255,66,55837,48,261866
3767,0.0004,172.217.194.0-255,1125,56962,48,261866
3768,0.000452,172.217.194.0-255,646,57608,48,261866
3769,0.000455,172.31.46.0-255,66,57674,48,261866
3770,0.000484,172.217.194.0-255,1484,59158,48,261866
3771,0.000505,172.217.194.0-255,4320,63478,48,261866
3772,0.000509,172.31.46.0-255,66,63544,48,261866
3773,0.000548,172.217.194.0-255,7156,70700,48,261866
3774,0.000551,172.31.46.0-255,66,70766,48,261866
3775,0.000574,172.217.194.0-255,7156,77922,48,261866
3776,0.000577,172.31.46.0-255,66,77988,48,261866
3777,0.000601,172.217.194.0-255,1484,79472,48,261866
3778,0.000613,172.31.46.0-255,66,79538,48,261866
3779,0.000617,172.217.194.0-255,2184,81722,48,261866
3780,0.00062,172.31.46.0-255,66,81788,48,261866
3781,0.000706,172.217.194.0-255,1484,83272,48,261866
3782,0.000711,172.217.194.0-255,1484,84756,48,261866
3783,0.000715,172.31.46.0-255,66,84822,48,261866
3784,0.000733,172.217.194.0-255,1484,86306,48,261866
3785,0.000738,172.217.194.0-255,2902,89208,48,261866
3786,0.000741,172.31.46.0-255,66,89274,48,261866
3787,0.000761,172.217.194.0-255,2902,92176,48,261866
3788,0.000765,172.31.46.0-255,66,92242,48,261866
3789,0.000776,172.31.46.0-255,66,92308,48,261866
3790,0.000792,172.217.194.0-255,1484,93792,48,261866
3791,0.000796,172.217.194.0-255,1484,95276,48,261866
3792,0.000798,172.31.46.0-255,66,95342,48,261866
3793,0.000835,172.31.46.0-255,66,95408,48,261866
3794,0.00084,172.217.194.0-255,2184,97592,48,261866
3795,0.000843,172.31.46.0-255,66,97658,48,261866
3796,0.000861,172.217.194.0-255,5738,103396,48,261866
3797,0.000864,172.31.46.0-255,66,103462,48,261866
3798,0.000876,172.217.194.0-255,1484,104946,48,261866
3799,0.000898,172.217.194.0-255,5738,110684,48,261866
3800,0.000902,172.217.194.0-255,2902,113586,48,261866
3801,0.000916,172.31.46.0-255,66,113652,48,261866
3802,0.000939,172.217.194.0-255,6438,120090,48,261866
3803,0.00095,172.31.46.0-255,66,120156,48,261866
3804,0.001047,172.217.194.0-255,1484,121640,48,261866
3805,0.001053,172.217.194.0-255,2902,124542,48,261866
3806,0.001069,172.217.194.0-255,4320,128862,48,261866
3807,0.001073,172.31.46.0-255,66,128928,48,261866
3808,0.001086,172.217.194.0-255,2902,131830,48,261866
3809,0.001089,172.31.46.0-255,66,131896,48,261866
3810,0.001103,172.217.194.0-255,4320,136216,48,261866
3811,0.001118,172.217.194.0-255,1484,137700,48,261866
3812,0.001124,172.31.46.0-255,66,137766,48,261866
3813,0.001144,172.217.194.0-255,2902,140668,48,261866
3814,0.00115,172.31.46.0-255,66,140734,48,261866
3815,0.001188,172.31.46.0-255,66,140800,48,261866
3816,0.001204,172.217.194.0-255,2902,143702,48,261866
3817,0.001209,172.217.194.0-255,4320,148022,48,261866
3818,0.00122,172.31.46.0-255,66,148088,48,261866
3819,0.001231,172.217.194.0-255,1484,149572,48,261866
3820,0.001267,172.31.46.0-255,66,149638,48,261866
3821,0.001275,172.217.194.0-255,1484,151122,48,261866
3822,0.001291,172.217.194.0-255,5020,156142,48,261866
3823,0.001311,172.31.46.0-255,66,156208,48,261866
3824,0.00141,172.217.194.0-255,1484,157692,48,261866
3825,0.001429,172.217.194.0-255,2902,160594,48,261866
3826,0.001432,172.217.194.0-255,1484,162078,48,261866
3827,0.001449,172.217.194.0-255,4320,166398,48,261866
3828,0.001465,172.31.46.0-255,66,166464,48,261866
3829,0.001519,172.31.46.0-255,66,166530,48,261866
3830,0.00153,172.217.194.0-255,4320,170850,48,261866
3831,0.001563,172.31.46.0-255,66,170916,48,261866
3832,0.001635,172.217.194.0-255,1484,172400,48,261866
3833,0.001639,172.217.194.0-255,1484,173884,48,261866
3834,0.001644,172.31.46.0-255,66,173950,48,261866
3835,0.001652,172.217.194.0-255,1484,175434,48,261866
3836,0.001656,172.217.194.0-255,1484,176918,48,261866
3837,0.00166,172.31.46.0-255,66,176984,48,261866
3838,0.001672,172.217.194.0-255,4320,181304,48,261866
3839,0.001674,172.217.194.0-255,1484,182788,48,261866
3840,0.001689,172.31.46.0-255,66,182854,48,261866
3841,0.00171,172.217.194.0-255,2902,185756,48,261866
3842,0.001725,172.217.194.0-255,7156,192912,48,261866
3843,0.001728,172.31.46.0-255,66,192978,48,261866
3844,0.001736,172.217.194.0-255,2184,195162,48,261866
3845,0.001764,172.31.46.0-255,66,195228,48,261866
3846,0.001784,172.217.194.0-255,2902,198130,48,261866
3847,0.001793,172.31.46.0-255,66,198196,48,261866
3848,0.001814,172.217.194.0-255,4320,202516,48,261866
3849,0.001829,172.31.46.0-255,66,202582,48,261866
3850,0.001869,172.31.46.0-255,66,202648,48,261866
3851,0.00188,172.217.194.0-255,2902,205550,48,261866
3852,0.001898,172.217.194.0-255,7156,212706,48,261866
3853,0.001911,172.217.194.0-255,2184,214890,48,261866
3854,0.001919,172.217.194.0-255,5738,220628,48,261866
3855,0.001926,172.31.46.0-255,66,220694,48,261866
3856,0.001944,172.217.194.0-255,7156,227850,48,261866
3857,0.001966,172.217.194.0-255,1484,229334,48,261866
3858,0.001971,172.31.46.0-255,66,229400,48,261866
3859,0.001984,172.217.194.0-255,5020,234420,48,261866
3860,0.002007,172.31.46.0-255,66,234486,48,261866
3861,0.002037,172.217.194.0-255,4320,238806,48,261866
3862,0.002044,172.217.194.0-255,4320,243126,48,261866
3863,0.002056,172.217.194.0-255,1484,244610,48,261866
3864,0.002061,172.31.46.0-255,66,244676,48,261866
3865,0.00207,172.217.194.0-255,2902,247578,48,261866
3866,0.002075,172.31.46.0-255,66,247644,48,261866
3867,0.002131,172.217.194.0-255,1484,249128,48,261866
3868,0.002143,172.31.46.0-255,66,249194,48,261866
3869,0.002149,172.217.194.0-255,4208,253402,48,261866
3870,0.002152,172.217.194.0-255,97,253499,48,261866
3871,0.002157,172.31.46.0-255,66,253565,48,261866
3872,0.00224,172.217.194.0-255,105,253670,48,261866
3873,0.01188,172.31.46.0-255,66,253736,48,261866
3874,0.011933,172.31.46.0-255,105,253841,48,261866
3875,0.014239,172.217.194.0-255,66,253907,48,261866
3876,0.031754,172.31.46.0-255,172,254079,48,261866
3877,0.031787,172.31.46.0-255,1112,255191,48,261866
3878,0.031853,172.31.46.0-255,1514,256705,48,261866
3879,0.031855,172.31.46.0-255,1514,258219,48,261866
3880,0.031856,172.31.46.0-255,1514,259733,48,261866
3881,0.031858,172.31.46.0-255,1514,261247,48,261866
3882,0.031859,172.31.46.0-255,553,261800,48,261866
3883,0.033477,104.244.42.0-255,66,261866,48,261866
3884,0.0,172.217.194.0-255,153,153,48,169008
3885,2.5e-05,172.31.46.0-255,66,219,48,169008
3886,3.3e-05,172.217.194.0-255,1484,1703,48,169008
3887,3.7e-05,172.31.46.0-255,66,1769,48,169008
3888,5e-05,172.217.194.0-255,2902,4671,48,169008
3889,5.3e-05,172.31.46.0-255,66,4737,48,169008
3890,6e-05,172.217.194.0-255,5738,10475,48,169008
3891,6.3e-05,172.31.46.0-255,66,10541,48,169008
3892,7.7e-05,172.31.46.0-255,66,10607,48,169008
3893,8.1e-05,172.217.194.0-255,2902,13509,48,169008
3894,8.3e-05,172.31.46.0-255,66,13575,48,169008
3895,0.000122,172.217.194.0-255,6797,20372,48,169008
3896,0.000125,172.31.46.0-255,66,20438,48,169008
3897,0.000166,172.217.194.0-255,1484,21922,48,169008
3898,0.000169,172.31.46.0-255,66,21988,48,169008
3899,0.00018,172.217.194.0-255,2902,24890,48,169008
3900,0.000183,172.31.46.0-255,66,24956,48,169008
3901,0.000195,172.217.194.0-255,5738,30694,48,169008
3902,0.000197,172.31.46.0-255,66,30760,48,169008
3903,0.000203,172.217.194.0-255,4320,35080,48,169008
3904,0.000205,172.31.46.0-255,66,35146,48,169008
3905,0.000244,172.31.46.0-255,66,35212,48,169008
3906,0.000251,172.217.194.0-255,7053,42265,48,169008
3907,0.000253,172.31.46.0-255,66,42331,48,169008
3908,0.000256,172.217.194.0-255,122,42453,48,169008
3909,0.000258,172.31.46.0-255,66,42519,48,169008
3910,0.000648,172.217.194.0-255,376,42895,48,169008
3911,0.000653,172.31.46.0-255,66,42961,48,169008
3912,0.001118,172.217.194.0-255,1484,44445,48,169008
3913,0.001123,172.31.46.0-255,66,44511,48,169008
3914,0.001131,172.217.194.0-255,2902,47413,48,169008
3915,0.001133,172.31.46.0-255,66,47479,48,169008
3916,0.001145,172.217.194.0-255,5738,53217,48,169008
3917,0.001147,172.31.46.0-255,66,53283,48,169008
3918,0.00115,172.217.194.0-255,1484,54767,48,169008
3919,0.001191,172.31.46.0-255,66,54833,48,169008
3920,0.001199,172.217.194.0-255,7156,61989,48,169008
3921,0.0012,172.31.46.0-255,66,62055,48,169008
3922,0.00123,172.217.194.0-255,3602,65657,48,169008
3923,0.001232,172.31.46.0-255,66,65723,48,169008
3924,0.001347,172.217.194.0-255,1484,67207,48,169008
3925,0.001353,172.217.194.0-255,2902,70109,48,169008
3926,0.001355,172.31.46.0-255,66,70175,48,169008
3927,0.001385,172.217.194.0-255,5738,75913,48,169008
3928,0.001387,172.31.46.0-255,66,75979,48,169008
3929,0.001397,172.31.46.0-255,66,76045,48,169008
3930,0.001425,172.217.194.0-255,4320,80365,48,169008
3931,0.001428,172.31.46.0-255,66,80431,48,169008
3932,0.001442,172.31.46.0-255,66,80497,48,169008
3933,0.001445,172.217.194.0-255,1484,81981,48,169008
3934,0.001471,172.217.194.0-255,1484,83465,48,169008
3935,0.001474,172.31.46.0-255,66,83531,48,169008
3936,0.00148,172.217.194.0-255,4320,87851,48,169008
3937,0.001482,172.31.46.0-255,66,87917,48,169008
3938,0.001494,172.31.46.0-255,66,87983,48,169008
3939,0.001557,172.31.46.0-255,66,88049,48,169008
3940,0.001564,172.217.194.0-255,7156,95205,48,169008
3941,0.001565,172.31.46.0-255,66,95271,48,169008
3942,0.001579,172.31.46.0-255,66,95337,48,169008
3943,0.001617,172.31.46.0-255,66,95403,48,169008
3944,0.001627,172.217.194.0-255,1484,96887,48,169008
3945,0.001633,172.217.194.0-255,766,97653,48,169008
3946,0.001635,172.31.46.0-255,66,97719,48,169008
3947,0.001659,172.217.194.0-255,1484,99203,48,169008
3948,0.00168,172.217.194.0-255,5738,104941,48,169008
3949,0.001683,172.31.46.0-255,66,105007,48,169008
3950,0.001693,172.31.46.0-255,66,105073,48,169008
3951,0.001722,172.217.194.0-255,5738,110811,48,169008
3952,0.001724,172.31.46.0-255,66,110877,48,169008
3953,0.001756,172.31.46.0-255,66,110943,48,169008
3954,0.001759,172.217.194.0-255,766,111709,48,169008
3955,0.001839,172.217.194.0-255,1484,113193,48,169008
3956,0.001843,172.31.46.0-255,66,113259,48,169008
3957,0.001849,172.217.194.0-255,2902,116161,48,169008
3958,0.001852,172.31.46.0-255,66,116227,48,169008
3959,0.001855,172.217.194.0-255,1484,117711,48,169008
3960,0.001882,172.217.194.0-255,4320,122031,48,169008
3961,0.001885,172.31.46.0-255,66,122097,48,169008
3962,0.001893,172.217.194.0-255,7156,129253,48,169008
3963,0.001895,172.31.46.0-255,66,129319,48,169008
3964,0.001941,172.31.46.0-255,66,129385,48,169008
3965,0.001946,172.217.194.0-255,2184,131569,48,169008
3966,0.001948,172.31.46.0-255,66,131635,48,169008
3967,0.001969,172.217.194.0-255,1484,133119,48,169008
3968,0.001974,172.217.194.0-255,2902,136021,48,169008
3969,0.001977,172.31.46.0-255,66,136087,48,169008
3970,0.00198,172.217.194.0-255,1484,137571,48,169008
3971,0.002007,172.217.194.0-255,4320,141891,48,169008
3972,0.00201,172.31.46.0-255,66,141957,48,169008
3973,0.002023,172.31.46.0-255,66,142023,48,169008
3974,0.00204,172.31.46.0-255,66,142089,48,169008
3975,0.002066,172.217.194.0-255,766,142855,48,169008
3976,0.002113,172.217.194.0-255,1484,144339,48,169008
3977,0.002116,172.31.46.0-255,66,144405,48,169008
3978,0.002122,172.217.194.0-255,2902,147307,48,169008
3979,0.002124,172.31.46.0-255,66,147373,48,169008
3980,0.002129,172.217.194.0-255,2902,150275,48,169008
3981,0.002137,172.31.46.0-255,66,150341,48,169008
3982,0.002168,172.217.194.0-255,2902,153243,48,169008
3983,0.00217,172.31.46.0-255,66,153309,48,169008
3984,0.002184,172.31.46.0-255,66,153375,48,169008
3985,0.002202,172.31.46.0-255,66,153441,48,169008
3986,0.002286,172.31.46.0-255,66,153507,48,169008
3987,0.002295,172.217.194.0-255,7156,160663,48,169008
3988,0.002297,172.31.46.0-255,66,160729,48,169008
3989,0.002315,172.31.46.0-255,66,160795,48,169008
3990,0.002364,172.31.46.0-255,66,160861,48,169008
3991,0.002367,172.217.194.0-255,1245,162106,48,169008
3992,0.004637,172.217.194.0-255,105,162211,48,169008
3993,0.00675,172.31.46.0-255,101,162312,48,169008
3994,0.006997,172.31.46.0-255,105,162417,48,169008
3995,0.009019,172.217.194.0-255,66,162483,48,169008
3996,0.009286,172.217.194.0-255,66,162549,48,169008
3997,0.032938,172.31.46.0-255,172,162721,48,169008
3998,0.032979,172.31.46.0-255,1111,163832,48,169008
3999,0.033047,172.31.46.0-255,1514,165346,48,169008
4000,0.033049,172.31.46.0-255,1514,166860,48,169008
4001,0.03305,172.31.46.0-255,1514,168374,48,169008
4002,0.033051,172.31.46.0-255,370,168744,48,169008
4003,0.034441,104.244.42.0-255,66,168810,48,169008
4004,0.034473,104.244.42.0-255,66,168876,48,169008
4005,0.034552,104.244.42.0-255,66,168942,48,169008
4006,0.034566,104.244.42.0-255,66,169008,48,169008
4007,0.0,74.125.24.0-255,144,144,48,238424
4008,1.9e-05,172.31.46.0-255,66,210,48,238424
4009,2.5e-05,74.125.24.0-255,1484,1694,48,238424
4010,2.9e-05,172.31.46.0-255,66,1760,48,238424
4011,3.4e-05,74.125.24.0-255,2902,4662,48,238424
4012,3.7e-05,172.31.46.0-255,66,4728,48,238424
4013,4.1e-05,74.125.24.0-255,2902,7630,48,238424
4014,4.4e-05,172.31.46.0-255,66,7696,48,238424
4015,6.2e-05,74.125.24.0-255,4320,12016,48,238424
4016,6.5e-05,172.31.46.0-255,66,12082,48,238424
4017,6.9e-05,74.125.24.0-255,2037,14119,48,238424
4018,7.1e-05,172.31.46.0-255,66,14185,48,238424
4019,0.00011,74.125.24.0-255,5738,19923,48,238424
4020,0.000113,172.31.46.0-255,66,19989,48,238424
4021,0.000135,74.125.24.0-255,7156,27145,48,238424
4022,0.000138,172.31.46.0-255,66,27211,48,238424
4023,0.000156,74.125.24.0-255,2902,30113,48,238424
4024,0.000158,172.31.46.0-255,66,30179,48,238424
4025,0.000175,74.125.24.0-255,1125,31304,48,238424
4026,0.000177,172.31.46.0-255,66,31370,48,238424
4027,0.000286,74.125.24.0-255,1484,32854,48,238424
4028,0.00029,172.31.46.0-255,66,32920,48,238424
4029,0.000294,74.125.24.0-255,1484,34404,48,238424
4030,0.000296,172.31.46.0-255,66,34470,48,238424
4031,0.000309,74.125.24.0-255,1484,35954,48,238424
4032,0.000311,172.31.46.0-255,66,36020,48,238424
4033,0.000316,74.125.24.0-255,4320,40340,48,238424
4034,0.000317,172.31.46.0-255,66,40406,48,238424
4035,0.000334,74.125.24.0-255,1484,41890,48,238424
4036,0.000335,172.31.46.0-255,66,41956,48,238424
4037,0.000371,172.31.46.0-255,66,42022,48,238424
4038,0.000375,74.125.24.0-255,2902,44924,48,238424
4039,0.000376,172.31.46.0-255,66,44990,48,238424
4040,0.000391,74.125.24.0-255,5738,50728,48,238424
4041,0.000394,172.31.46.0-255,66,50794,48,238424
4042,0.000417,74.125.24.0-255,4242,55036,48,238424
4043,0.000419,172.31.46.0-255,66,55102,48,238424
4044,0.000422,74.125.24.0-255,125,55227,48,238424
4045,0.000496,74.125.24.0-255,1484,56711,48,238424
4046,0.000499,172.31.46.0-255,66,56777,48,238424
4047,0.000504,74.125.24.0-255,2902,59679,48,238424
4048,0.000506,172.31.46.0-255,66,59745,48,238424
4049,0.000517,74.125.24.0-255,1484,61229,48,238424
4050,0.000538,74.125.24.0-255,4320,65549,48,238424
4051,0.00054,172.31.46.0-255,66,65615,48,238424
4052,0.000542,74.125.24.0-255,1484,67099,48,238424
4053,0.000556,74.125.24.0-255,1484,68583,48,238424
4054,0.000558,172.31.46.0-255,66,68649,48,238424
4055,0.000577,172.31.46.0-255,66,68715,48,238424
4056,0.000588,172.31.46.0-255,66,68781,48,238424
4057,0.000605,74.125.24.0-255,1406,70187,48,238424
4058,0.00068,74.125.24.0-255,1484,71671,48,238424
4059,0.000683,172.31.46.0-255,66,71737,48,238424
4060,0.000688,74.125.24.0-255,2902,74639,48,238424
4061,0.00069,172.31.46.0-255,66,74705,48,238424
4062,0.000695,74.125.24.0-255,4320,79025,48,238424
4063,0.000697,172.31.46.0-255,66,79091,48,238424
4064,0.000713,74.125.24.0-255,1484,80575,48,238424
4065,0.000727,74.125.24.0-255,4320,84895,48,238424
4066,0.00073,172.31.46.0-255,66,84961,48,238424
4067,0.000759,172.31.46.0-255,66,85027,48,238424
4068,0.000761,74.125.24.0-255,1484,86511,48,238424
4069,0.000812,172.31.46.0-255,66,86577,48,238424
4070,0.000814,74.125.24.0-255,1484,88061,48,238424
4071,0.000842,172.31.46.0-255,66,88127,48,238424
4072,0.00087,172.31.46.0-255,66,88193,48,238424
4073,0.000886,74.125.24.0-255,2902,91095,48,238424
4074,0.000888,172.31.46.0-255,66,91161,48,238424
4075,0.000906,74.125.24.0-255,6438,97599,48,238424
4076,0.00091,172.31.46.0-255,66,97665,48,238424
4077,0.000927,74.125.24.0-255,1484,99149,48,238424
4078,0.00093,74.125.24.0-255,1484,100633,48,238424
4079,0.000932,172.31.46.0-255,66,100699,48,238424
4080,0.000944,74.125.24.0-255,1484,102183,48,238424
4081,0.000947,74.125.24.0-255,1484,103667,48,238424
4082,0.000949,172.31.46.0-255,66,103733,48,238424
4083,0.000973,74.125.24.0-255,4320,108053,48,238424
4084,0.000976,172.31.46.0-255,66,108119,48,238424
4085,0.000981,74.125.24.0-255,5738,113857,48,238424
4086,0.000983,172.31.46.0-255,66,113923,48,238424
4087,0.001005,74.125.24.0-255,7156,121079,48,238424
4088,0.001008,172.31.46.0-255,66,121145,48,238424
4089,0.001019,172.31.46.0-255,66,121211,48,238424
4090,0.001141,74.125.24.0-255,1484,122695,48,238424
4091,0.001153,74.125.24.0-255,1484,124179,48,238424
4092,0.001156,172.31.46.0-255,66,124245,48,238424
4093,0.001174,74.125.24.0-255,1484,125729,48,238424
4094,0.001176,74.125.24.0-255,1484,127213,48,238424
4095,0.001178,172.31.46.0-255,66,127279,48,238424
4096,0.001193,74.125.24.0-255,4320,131599,48,238424
4097,0.001195,172.31.46.0-255,66,131665,48,238424
4098,0.001201,74.125.24.0-255,5738,137403,48,238424
4099,0.001203,172.31.46.0-255,66,137469,48,238424
4100,0.001239,74.125.24.0-255,1484,138953,48,238424
4101,0.001254,172.31.46.0-255,66,139019,48,238424
4102,0.001258,74.125.24.0-255,2184,141203,48,238424
4103,0.00126,172.31.46.0-255,66,141269,48,238424
4104,0.001273,74.125.24.0-255,1484,142753,48,238424
4105,0.001286,74.125.24.0-255,1484,144237,48,238424
4106,0.001288,172.31.46.0-255,66,144303,48,238424
4107,0.001291,74.125.24.0-255,1484,145787,48,238424
4108,0.001304,74.125.24.0-255,1484,147271,48,238424
4109,0.001306,172.31.46.0-255,66,147337,48,238424
4110,0.001322,74.125.24.0-255,4320,151657,48,238424
4111,0.001324,172.31.46.0-255,66,151723,48,238424
4112,0.001351,172.31.46.0-255,66,151789,48,238424
4113,0.001372,74.125.24.0-255,4320,156109,48,238424
4114,0.001374,172.31.46.0-255,66,156175,48,238424
4115,0.00139,74.125.24.0-255,1484,157659,48,238424
4116,0.00142,172.31.46.0-255,66,157725,48,238424
4117,0.001483,74.125.24.0-255,1484,159209,48,238424
4118,0.001487,74.125.24.0-255,1484,160693,48,238424
4119,0.001489,172.31.46.0-255,66,160759,48,238424
4120,0.001509,74.125.24.0-255,1484,162243,48,238424
4121,0.001514,74.125.24.0-255,2902,165145,48,238424
4122,0.001516,172.31.46.0-255,66,165211,48,238424
4123,0.001541,74.125.24.0-255,2902,168113,48,238424
4124,0.001543,172.31.46.0-255,66,168179,48,238424
4125,0.001557,172.31.46.0-255,66,168245,48,238424
4126,0.001562,74.125.24.0-255,4320,172565,48,238424
4127,0.001564,172.31.46.0-255,66,172631,48,238424
4128,0.001588,74.125.24.0-255,6438,179069,48,238424
4129,0.001591,172.31.46.0-255,66,179135,48,238424
4130,0.001609,74.125.24.0-255,1484,180619,48,238424
4131,0.001614,74.125.24.0-255,2902,183521,48,238424
4132,0.001616,172.31.46.0-255,66,183587,48,238424
4133,0.001658,74.125.24.0-255,2902,186489,48,238424
4134,0.001661,172.31.46.0-255,66,186555,48,238424
4135,0.001689,74.125.24.0-255,2902,189457,48,238424
4136,0.001692,172.31.46.0-255,66,189523,48,238424
4137,0.001702,172.31.46.0-255,66,189589,48,238424
4138,0.001714,172.31.46.0-255,66,189655,48,238424
4139,0.001719,74.125.24.0-255,5020,194675,48,238424
4140,0.001722,172.31.46.0-255,66,194741,48,238424
4141,0.001745,74.125.24.0-255,4320,199061,48,238424
4142,0.001748,172.31.46.0-255,66,199127,48,238424
4143,0.001765,74.125.24.0-255,1484,200611,48,238424
4144,0.001774,74.125.24.0-255,7156,207767,48,238424
4145,0.001776,172.31.46.0-255,66,207833,48,238424
4146,0.001809,172.31.46.0-255,66,207899,48,238424
4147,0.001817,74.125.24.0-255,5738,213637,48,238424
4148,0.00182,172.31.46.0-255,66,213703,48,238424
4149,0.001842,74.125.24.0-255,3602,217305,48,238424
4150,0.001845,172.31.46.0-255,66,217371,48,238424
4151,0.001852,74.125.24.0-255,5738,223109,48,238424
4152,0.001854,172.31.46.0-255,66,223175,48,238424
4153,0.001894,172.31.46.0-255,66,223241,48,238424
4154,0.001919,74.125.24.0-255,7156,230397,48,238424
4155,0.001922,172.31.46.0-255,66,230463,48,238424
4156,0.001933,172.31.46.0-255,66,230529,48,238424
4157,0.001937,74.125.24.0-255,2305,232834,48,238424
4158,0.001939,172.31.46.0-255,66,232900,48,238424
4159,0.001974,74.125.24.0-255,105,233005,48,238424
4160,0.00757,172.31.46.0-255,66,233071,48,238424
4161,0.007603,172.31.46.0-255,105,233176,48,238424
4162,0.010004,74.125.24.0-255,66,233242,48,238424
4163,0.02696,172.31.46.0-255,176,233418,48,238424
4164,0.026992,172.31.46.0-255,1111,234529,48,238424
4165,0.027057,172.31.46.0-255,1514,236043,48,238424
4166,0.027059,172.31.46.0-255,1514,237557,48,238424
4167,0.02706,172.31.46.0-255,603,238160,48,238424
4168,0.028602,104.244.42.0-255,66,238226,48,238424
4169,0.028629,104.244.42.0-255,66,238292,48,238424
4170,0.028682,104.244.42.0-255,66,238358,48,238424
4171,0.028693,104.244.42.0-255,66,238424,48,238424
4172,0.0,74.125.200.0-255,153,153,48,182695
4173,2.3e-05,172.31.46.0-255,66,219,48,182695
4174,3.1e-05,74.125.200.0-255,1484,1703,48,182695
4175,3.5e-05,172.31.46.0-255,66,1769,48,182695
4176,3.8e-05,74.125.200.0-255,1484,3253,48,182695
4177,4.8e-05,172.31.46.0-255,66,3319,48,182695
4178,7.4e-05,74.125.200.0-255,2902,6221,48,182695
4179,7.7e-05,172.31.46.0-255,66,6287,48,182695
4180,0.00014,74.125.200.0-255,5738,12025,48,182695
4181,0.000144,172.31.46.0-255,66,12091,48,182695
4182,0.000252,74.125.200.0-255,1988,14079,48,182695
4183,0.000256,172.31.46.0-255,66,14145,48,182695
4184,0.000297,74.125.200.0-255,5738,19883,48,182695
4185,0.000301,172.31.46.0-255,66,19949,48,182695
4186,0.000321,74.125.200.0-255,4320,24269,48,182695
4187,0.000323,172.31.46.0-255,66,24335,48,182695
4188,0.000519,74.125.200.0-255,6797,31132,48,182695
4189,0.000525,172.31.46.0-255,66,31198,48,182695
4190,0.000666,74.125.200.0-255,1484,32682,48,182695
4191,0.00067,172.31.46.0-255,66,32748,48,182695
4192,0.000711,172.31.46.0-255,66,32814,48,182695
4193,0.000999,172.31.46.0-255,66,32880,48,182695
4194,0.001042,172.31.46.0-255,66,32946,48,182695
4195,0.001398,74.125.200.0-255,397,33343,48,182695
4196,0.001404,172.31.46.0-255,66,33409,48,182695
4197,0.001432,74.125.200.0-255,1527,34936,48,182695
4198,0.001434,172.31.46.0-255,66,35002,48,182695
4199,0.00148,74.125.200.0-255,4320,39322,48,182695
4200,0.001483,172.31.46.0-255,66,39388,48,182695
4201,0.001546,74.125.200.0-255,7156,46544,48,182695
4202,0.001561,74.125.200.0-255,2902,49446,48,182695
4203,0.001768,74.125.200.0-255,2902,52348,48,182695
4204,0.004242,172.31.46.0-255,66,52414,48,182695
4205,0.006269,74.125.200.0-255,1484,53898,48,182695
4206,0.00629,74.125.200.0-255,4320,58218,48,182695
4207,0.006294,172.31.46.0-255,66,58284,48,182695
4208,0.008312,74.125.200.0-255,5738,64022,48,182695
4209,0.00832,172.31.46.0-255,66,64088,48,182695
4210,0.01035,74.125.200.0-255,5738,69826,48,182695
4211,0.012294,172.31.46.0-255,66,69892,48,182695
4212,0.01432,74.125.200.0-255,5738,75630,48,182695
4213,0.014328,172.31.46.0-255,66,75696,48,182695
4214,0.016346,74.125.200.0-255,5738,81434,48,182695
4215,0.016353,172.31.46.0-255,66,81500,48,182695
4216,0.018374,74.125.200.0-255,5738,87238,48,182695
4217,0.018382,172.31.46.0-255,66,87304,48,182695
4218,0.020395,74.125.200.0-255,5738,93042,48,182695
4219,0.020402,172.31.46.0-255,66,93108,48,182695
4220,0.021489,172.31.46.0-255,172,93280,48,182695
4221,0.021522,172.31.46.0-255,1112,94392,48,182695
4222,0.021588,172.31.46.0-255,1514,95906,48,182695
4223,0.021591,172.31.46.0-255,1514,97420,48,182695
4224,0.021592,172.31.46.0-255,1514,98934,48,182695
4225,0.021593,172.31.46.0-255,1514,100448,48,182695
4226,0.021594,172.31.46.0-255,553,101001,48,182695
4227,0.022415,74.125.200.0-255,5738,106739,48,182695
4228,0.022424,172.31.46.0-255,66,106805,48,182695
4229,0.023023,104.244.42.0-255,66,106871,48,182695
4230,0.023076,104.244.42.0-255,66,106937,48,182695
4231,0.023179,104.244.42.0-255,66,107003,48,182695
4232,0.023182,104.244.42.0-255,66,107069,48,182695
4233,0.023705,104.244.42.0-255,108,107177,48,182695
4234,0.02371,172.31.46.0-255,66,107243,48,182695
4235,0.024439,74.125.200.0-255,5738,112981,48,182695
4236,0.024445,172.31.46.0-255,66,113047,48,182695
4237,0.026471,74.125.200.0-255,5738,118785,48,182695
4238,0.026478,172.31.46.0-255,66,118851,48,182695
4239,0.028492,74.125.200.0-255,5738,124589,48,182695
4240,0.028498,172.31.46.0-255,66,124655,48,182695
4241,0.03052,74.125.200.0-255,5738,130393,48,182695
4242,0.030526,172.31.46.0-255,66,130459,48,182695
4243,0.032556,74.125.200.0-255,5738,136197,48,182695
4244,0.032563,172.31.46.0-255,66,136263,48,182695
4245,0.034585,74.125.200.0-255,5738,142001,48,182695
4246,0.034592,172.31.46.0-255,66,142067,48,182695
4247,0.036616,74.125.200.0-255,5738,147805,48,182695
4248,0.036624,172.31.46.0-255,66,147871,48,182695
4249,0.038681,74.125.200.0-255,5738,153609,48,182695
4250,0.038688,172.31.46.0-255,66,153675,48,182695
4251,0.040709,74.125.200.0-255,5738,159413,48,182695
4252,0.040715,172.31.46.0-255,66,159479,48,182695
4253,0.042739,74.125.200.0-255,5738,165217,48,182695
4254,0.042745,172.31.46.0-255,66,165283,48,182695
4255,0.044765,74.125.200.0-255,5738,171021,48,182695
4256,0.044773,172.31.46.0-255,66,171087,48,182695
4257,0.046798,74.125.200.0-255,5738,176825,48,182695
4258,0.046805,172.31.46.0-255,66,176891,48,182695
4259,0.048821,74.125.200.0-255,5738,182629,48,182695
4260,0.04883,172.31.46.0-255,66,182695,48,182695
4261,0.0,74.125.24.0-255,153,153,48,116886
4262,1.9e-05,172.31.46.0-255,66,219,48,116886
4263,2.5e-05,74.125.24.0-255,1484,1703,48,116886
4264,3.1e-05,172.31.46.0-255,66,1769,48,116886
4265,3.6e-05,74.125.24.0-255,2902,4671,48,116886
4266,4e-05,172.31.46.0-255,66,4737,48,116886
4267,4.5e-05,74.125.24.0-255,4320,9057,48,116886
4268,4.9e-05,172.31.46.0-255,66,9123,48,116886
4269,8.8e-05,172.31.46.0-255,66,9189,48,116886
4270,0.000152,74.125.24.0-255,5738,14927,48,116886
4271,0.000155,172.31.46.0-255,66,14993,48,116886
4272,0.000177,74.125.24.0-255,6797,21790,48,116886
4273,0.00018,172.31.46.0-255,66,21856,48,116886
4274,0.000263,74.125.24.0-255,1484,23340,48,116886
4275,0.00028,172.31.46.0-255,66,23406,48,116886
4276,0.000287,74.125.24.0-255,2902,26308,48,116886
4277,0.00029,172.31.46.0-255,66,26374,48,116886
4278,0.000296,74.125.24.0-255,4320,30694,48,116886
4279,0.000298,172.31.46.0-255,66,30760,48,116886
4280,0.00032,74.125.24.0-255,1484,32244,48,116886
4281,0.000322,172.31.46.0-255,66,32310,48,116886
4282,0.000371,172.31.46.0-255,66,32376,48,116886
4283,0.000469,74.125.24.0-255,5738,38114,48,116886
4284,0.000474,172.31.46.0-255,66,38180,48,116886
4285,0.000495,74.125.24.0-255,5630,43810,48,116886
4286,0.000498,172.31.46.0-255,66,43876,48,116886
4287,0.000558,74.125.24.0-255,2902,46778,48,116886
4288,0.000562,172.31.46.0-255,66,46844,48,116886
4289,0.000588,172.31.46.0-255,66,46910,48,116886
4290,0.000664,74.125.24.0-255,7156,54066,48,116886
4291,0.000669,172.31.46.0-255,66,54132,48,116886
4292,0.000705,172.31.46.0-255,66,54198,48,116886
4293,0.000888,172.31.46.0-255,66,54264,48,116886
4294,0.000893,172.31.46.0-255,66,54330,48,116886
4295,0.001134,172.31.46.0-255,66,54396,48,116886
4296,0.001153,74.125.24.0-255,766,55162,48,116886
4297,0.001205,172.31.46.0-255,66,55228,48,116886
4298,0.001236,172.31.46.0-255,66,55294,48,116886
4299,0.00145,74.125.24.0-255,5738,61032,48,116886
4300,0.001455,172.31.46.0-255,66,61098,48,116886
4301,0.001511,172.31.46.0-255,66,61164,48,116886
4302,0.001731,74.125.24.0-255,2184,63348,48,116886
4303,0.001736,172.31.46.0-255,66,63414,48,116886
4304,0.001764,74.125.24.0-255,2902,66316,48,116886
4305,0.001769,74.125.24.0-255,2902,69218,48,116886
4306,0.001775,172.31.46.0-255,66,69284,48,116886
4307,0.001788,74.125.24.0-255,4320,73604,48,116886
4308,0.001806,172.31.46.0-255,66,73670,48,116886
4309,0.001825,74.125.24.0-255,2902,76572,48,116886
4310,0.001841,74.125.24.0-255,7156,83728,48,116886
4311,0.001845,172.31.46.0-255,66,83794,48,116886
4312,0.00185,172.31.46.0-255,66,83860,48,116886
4313,0.001918,74.125.24.0-255,4320,88180,48,116886
4314,0.001925,172.31.46.0-255,66,88246,48,116886
4315,0.001953,172.31.46.0-255,66,88312,48,116886
4316,0.002028,74.125.24.0-255,4320,92632,48,116886
4317,0.002032,172.31.46.0-255,66,92698,48,116886
4318,0.002077,172.31.46.0-255,66,92764,48,116886
4319,0.00225,74.125.24.0-255,5738,98502,48,116886
4320,0.002255,172.31.46.0-255,66,98568,48,116886
4321,0.002304,74.125.24.0-255,4320,102888,48,116886
4322,0.002307,172.31.46.0-255,66,102954,48,116886
4323,0.002359,172.31.46.0-255,66,103020,48,116886
4324,0.002562,172.31.46.0-255,66,103086,48,116886
4325,0.002648,172.31.46.0-255,66,103152,48,116886
4326,0.002935,172.31.46.0-255,66,103218,48,116886
4327,0.003003,172.31.46.0-255,66,103284,48,116886
4328,0.003007,172.31.46.0-255,66,103350,48,116886
4329,0.005262,74.125.24.0-255,5738,109088,48,116886
4330,0.005268,172.31.46.0-255,66,109154,48,116886
4331,0.007565,74.125.24.0-255,2143,111297,48,116886
4332,0.00757,172.31.46.0-255,66,111363,48,116886
4333,0.010027,172.31.46.0-255,105,111468,48,116886
4334,0.012243,74.125.24.0-255,66,111534,48,116886
4335,0.02782,172.31.46.0-255,172,111706,48,116886
4336,0.027852,172.31.46.0-255,1107,112813,48,116886
4337,0.027907,172.31.46.0-255,1514,114327,48,116886
4338,0.027908,172.31.46.0-255,1514,115841,48,116886
4339,0.027909,172.31.46.0-255,607,116448,48,116886
4340,0.029401,104.244.42.0-255,66,116514,48,116886
4341,0.029433,104.244.42.0-255,66,116580,48,116886
4342,0.029477,104.244.42.0-255,66,116646,48,116886
4343,0.029495,104.244.42.0-255,66,116712,48,116886
4344,0.030294,104.244.42.0-255,108,116820,48,116886
4345,0.030302,172.31.46.0-255,66,116886,48,116886
4346,0.0,74.125.24.0-255,153,153,48,151663
4347,1.9e-05,74.125.24.0-255,1484,1637,48,151663
4348,2.9e-05,172.31.46.0-255,66,1703,48,151663
4349,3.8e-05,74.125.24.0-255,2902,4605,48,151663
4350,4.2e-05,172.31.46.0-255,66,4671,48,151663
4351,7.9e-05,74.125.24.0-255,4320,8991,48,151663
4352,8.3e-05,172.31.46.0-255,66,9057,48,151663
4353,9e-05,74.125.24.0-255,4928,13985,48,151663
4354,9.2e-05,172.31.46.0-255,66,14051,48,151663
4355,0.000107,172.31.46.0-255,66,14117,48,151663
4356,0.000132,74.125.24.0-255,1484,15601,48,151663
4357,0.000161,74.125.24.0-255,6797,22398,48,151663
4358,0.000163,172.31.46.0-255,66,22464,48,151663
4359,0.000188,74.125.24.0-255,4320,26784,48,151663
4360,0.000191,172.31.46.0-255,66,26850,48,151663
4361,0.000208,74.125.24.0-255,2902,29752,48,151663
4362,0.00021,172.31.46.0-255,66,29818,48,151663
4363,0.000213,74.125.24.0-255,1484,31302,48,151663
4364,0.000225,172.31.46.0-255,66,31368,48,151663
4365,0.000257,74.125.24.0-255,2543,33911,48,151663
4366,0.000259,172.31.46.0-255,66,33977,48,151663
4367,0.000279,172.31.46.0-255,66,34043,48,151663
4368,0.000281,74.125.24.0-255,133,34176,48,151663
4369,0.000429,74.125.24.0-255,1484,35660,48,151663
4370,0.000435,172.31.46.0-255,66,35726,48,151663
4371,0.000454,74.125.24.0-255,2902,38628,48,151663
4372,0.000457,172.31.46.0-255,66,38694,48,151663
4373,0.000469,74.125.24.0-255,5738,44432,48,151663
4374,0.000471,172.31.46.0-255,66,44498,48,151663
4375,0.000476,74.125.24.0-255,2902,47400,48,151663
4376,0.000479,172.31.46.0-255,66,47466,48,151663
4377,0.000524,172.31.46.0-255,66,47532,48,151663
4378,0.000539,172.31.46.0-255,66,47598,48,151663
4379,0.000736,74.125.24.0-255,1484,49082,48,151663
4380,0.000742,74.125.24.0-255,2902,51984,48,151663
4381,0.000749,172.31.46.0-255,66,52050,48,151663
4382,0.000762,74.125.24.0-255,5738,57788,48,151663
4383,0.000765,172.31.46.0-255,66,57854,48,151663
4384,0.000773,74.125.24.0-255,1484,59338,48,151663
4385,0.000801,172.31.46.0-255,66,59404,48,151663
4386,0.000834,172.31.46.0-255,66,59470,48,151663
4387,0.000862,74.125.24.0-255,3602,63072,48,151663
4388,0.000865,172.31.46.0-255,66,63138,48,151663
4389,0.000902,74.125.24.0-255,1484,64622,48,151663
4390,0.000906,74.125.24.0-255,1484,66106,48,151663
4391,0.000916,172.31.46.0-255,66,66172,48,151663
4392,0.00092,74.125.24.0-255,1484,67656,48,151663
4393,0.000945,74.125.24.0-255,5738,73394,48,151663
4394,0.000948,172.31.46.0-255,66,73460,48,151663
4395,0.000997,74.125.24.0-255,4320,77780,48,151663
4396,0.000999,172.31.46.0-255,66,77846,48,151663
4397,0.001032,74.125.24.0-255,7156,85002,48,151663
4398,0.001036,172.31.46.0-255,66,85068,48,151663
4399,0.001054,172.31.46.0-255,66,85134,48,151663
4400,0.001057,74.125.24.0-255,1484,86618,48,151663
4401,0.001062,74.125.24.0-255,2902,89520,48,151663
4402,0.001064,172.31.46.0-255,66,89586,48,151663
4403,0.001101,74.125.24.0-255,5738,95324,48,151663
4404,0.001104,172.31.46.0-255,66,95390,48,151663
4405,0.001115,172.31.46.0-255,66,95456,48,151663
4406,0.001146,74.125.24.0-255,4320,99776,48,151663
4407,0.001149,172.31.46.0-255,66,99842,48,151663
4408,0.001153,74.125.24.0-255,2902,102744,48,151663
4409,0.001156,172.31.46.0-255,66,102810,48,151663
4410,0.001172,172.31.46.0-255,66,102876,48,151663
4411,0.00129,74.125.24.0-255,1484,104360,48,151663
4412,0.001297,74.125.24.0-255,2902,107262,48,151663
4413,0.0013,172.31.46.0-255,66,107328,48,151663
4414,0.001331,74.125.24.0-255,5738,113066,48,151663
4415,0.001338,74.125.24.0-255,7156,120222,48,151663
4416,0.001342,172.31.46.0-255,66,120288,48,151663
4417,0.001345,172.31.46.0-255,66,120354,48,151663
4418,0.001357,74.125.24.0-255,7156,127510,48,151663
4419,0.001364,172.31.46.0-255,66,127576,48,151663
4420,0.001397,74.125.24.0-255,7156,134732,48,151663
4421,0.0014,172.31.46.0-255,66,134798,48,151663
4422,0.00142,172.31.46.0-255,66,134864,48,151663
4423,0.001442,172.31.46.0-255,66,134930,48,151663
4424,0.001448,74.125.24.0-255,5020,139950,48,151663
4425,0.00145,172.31.46.0-255,66,140016,48,151663
4426,0.001453,74.125.24.0-255,1484,141500,48,151663
4427,0.001514,172.31.46.0-255,66,141566,48,151663
4428,0.00153,172.31.46.0-255,66,141632,48,151663
4429,0.001535,74.125.24.0-255,2902,144534,48,151663
4430,0.001537,172.31.46.0-255,66,144600,48,151663
4431,0.001588,172.31.46.0-255,66,144666,48,151663
4432,0.001635,172.31.46.0-255,66,144732,48,151663
4433,0.001687,172.31.46.0-255,66,144798,48,151663
4434,0.001722,172.31.46.0-255,66,144864,48,151663
4435,0.001734,172.31.46.0-255,66,144930,48,151663
4436,0.001737,74.125.24.0-255,105,145035,48,151663
4437,0.010337,172.31.46.0-255,105,145140,48,151663
4438,0.012657,74.125.24.0-255,66,145206,48,151663
4439,0.031469,172.31.46.0-255,172,145378,48,151663
4440,0.031502,172.31.46.0-255,1108,146486,48,151663
4441,0.031562,172.31.46.0-255,1514,148000,48,151663
4442,0.031564,172.31.46.0-255,1514,149514,48,151663
4443,0.031569,172.31.46.0-255,1514,151028,48,151663
4444,0.03157,172.31.46.0-255,371,151399,48,151663
4445,0.033052,104.244.42.0-255,66,151465,48,151663
4446,0.033089,104.244.42.0-255,66,151531,48,151663
4447,0.033144,104.244.42.0-255,66,151597,48,151663
4448,0.033165,104.244.42.0-255,66,151663,48,151663
4449,0.0,172.217.194.0-255,143,143,48,206066
4450,1.8e-05,172.31.46.0-255,66,209,48,206066
4451,2.5e-05,172.217.194.0-255,1484,1693,48,206066
4452,3e-05,172.31.46.0-255,66,1759,48,206066
4453,3.6e-05,172.217.194.0-255,2902,4661,48,206066
4454,3.9e-05,172.31.46.0-255,66,4727,48,206066
4455,4.5e-05,172.217.194.0-255,4320,9047,48,206066
4456,4.8e-05,172.31.46.0-255,66,9113,48,206066
4457,5.4e-05,172.217.194.0-255,4936,14049,48,206066
4458,5.7e-05,172.31.46.0-255,66,14115,48,206066
4459,7.1e-05,172.31.46.0-255,66,14181,48,206066
4460,7.6e-05,172.217.194.0-255,4320,18501,48,206066
4461,8e-05,172.31.46.0-255,66,18567,48,206066
4462,0.000106,172.217.194.0-255,1125,19692,48,206066
4463,0.000109,172.31.46.0-255,66,19758,48,206066
4464,0.000147,172.217.194.0-255,1484,21242,48,206066
4465,0.00015,172.31.46.0-255,66,21308,48,206066
4466,0.000163,172.217.194.0-255,2902,24210,48,206066
4467,0.000166,172.31.46.0-255,66,24276,48,206066
4468,0.00019,172.217.194.0-255,5738,30014,48,206066
4469,0.000194,172.31.46.0-255,66,30080,48,206066
4470,0.000212,172.217.194.0-255,4320,34400,48,206066
4471,0.000215,172.31.46.0-255,66,34466,48,206066
4472,0.000245,172.31.46.0-255,66,34532,48,206066
4473,0.000257,172.31.46.0-255,66,34598,48,206066
4474,0.00026,172.217.194.0-255,99,34697,48,206066
4475,0.000262,172.31.46.0-255,66,34763,48,206066
4476,0.000265,172.217.194.0-255,364,35127,48,206066
4477,0.000267,172.31.46.0-255,66,35193,48,206066
4478,0.000403,172.217.194.0-255,1484,36677,48,206066
4479,0.00041,172.217.194.0-255,2902,39579,48,206066
4480,0.000413,172.31.46.0-255,66,39645,48,206066
4481,0.000417,172.217.194.0-255,1484,41129,48,206066
4482,0.000435,172.217.194.0-255,4320,45449,48,206066
4483,0.000438,172.31.46.0-255,66,45515,48,206066
4484,0.00044,172.217.194.0-255,1484,46999,48,206066
4485,0.000465,172.31.46.0-255,66,47065,48,206066
4486,0.000479,172.217.194.0-255,1484,48549,48,206066
4487,0.000495,172.217.194.0-255,1484,50033,48,206066
4488,0.000497,172.31.46.0-255,66,50099,48,206066
4489,0.000525,172.31.46.0-255,66,50165,48,206066
4490,0.001156,172.217.194.0-255,1484,51649,48,206066
4491,0.001179,172.217.194.0-255,2902,54551,48,206066
4492,0.001182,172.31.46.0-255,66,54617,48,206066
4493,0.001189,172.217.194.0-255,5738,60355,48,206066
4494,0.00119,172.31.46.0-255,66,60421,48,206066
4495,0.001197,172.217.194.0-255,5738,66159,48,206066
4496,0.001198,172.31.46.0-255,66,66225,48,206066
4497,0.001222,172.217.194.0-255,2902,69127,48,206066
4498,0.001224,172.31.46.0-255,66,69193,48,206066
4499,0.001269,172.31.46.0-255,66,69259,48,206066
4500,0.001453,172.217.194.0-255,1484,70743,48,206066
4501,0.001457,172.217.194.0-255,2902,73645,48,206066
4502,0.001462,172.31.46.0-255,66,73711,48,206066
4503,0.001476,172.217.194.0-255,4320,78031,48,206066
4504,0.001478,172.31.46.0-255,66,78097,48,206066
4505,0.001504,172.217.194.0-255,1484,79581,48,206066
4506,0.001518,172.31.46.0-255,66,79647,48,206066
4507,0.001559,172.31.46.0-255,66,79713,48,206066
4508,0.001578,172.217.194.0-255,3602,83315,48,206066
4509,0.00158,172.31.46.0-255,66,83381,48,206066
4510,0.001583,172.217.194.0-255,1484,84865,48,206066
4511,0.001597,172.217.194.0-255,2902,87767,48,206066
4512,0.001599,172.31.46.0-255,66,87833,48,206066
4513,0.001625,172.217.194.0-255,5738,93571,48,206066
4514,0.001627,172.31.46.0-255,66,93637,48,206066
4515,0.001632,172.217.194.0-255,2902,96539,48,206066
4516,0.001634,172.31.46.0-255,66,96605,48,206066
4517,0.001654,172.31.46.0-255,66,96671,48,206066
4518,0.00166,172.217.194.0-255,5738,102409,48,206066
4519,0.001662,172.31.46.0-255,66,102475,48,206066
4520,0.001684,172.217.194.0-255,4320,106795,48,206066
4521,0.001686,172.217.194.0-255,766,107561,48,206066
4522,0.001689,172.31.46.0-255,66,107627,48,206066
4523,0.001755,172.217.194.0-255,1484,109111,48,206066
4524,0.001759,172.31.46.0-255,66,109177,48,206066
4525,0.00177,172.217.194.0-255,2902,112079,48,206066
4526,0.001772,172.31.46.0-255,66,112145,48,206066
4527,0.001777,172.217.194.0-255,5738,117883,48,206066
4528,0.001779,172.31.46.0-255,66,117949,48,206066
4529,0.001805,172.217.194.0-255,7156,125105,48,206066
4530,0.001807,172.31.46.0-255,66,125171,48,206066
4531,0.001831,172.217.194.0-255,5738,130909,48,206066
4532,0.001834,172.31.46.0-255,66,130975,48,206066
4533,0.001844,172.31.46.0-255,66,131041,48,206066
4534,0.001846,172.217.194.0-255,766,131807,48,206066
4535,0.001883,172.217.194.0-255,1484,133291,48,206066
4536,0.001885,172.31.46.0-255,66,133357,48,206066
4537,0.00189,172.217.194.0-255,2902,136259,48,206066
4538,0.001892,172.31.46.0-255,66,136325,48,206066
4539,0.001904,172.217.194.0-255,1484,137809,48,206066
4540,0.001908,172.217.194.0-255,4320,142129,48,206066
4541,0.00191,172.31.46.0-255,66,142195,48,206066
4542,0.001937,172.217.194.0-255,5738,147933,48,206066
4543,0.00194,172.31.46.0-255,66,147999,48,206066
4544,0.001949,172.31.46.0-255,66,148065,48,206066
4545,0.001999,172.31.46.0-255,66,148131,48,206066
4546,0.002026,172.217.194.0-255,1484,149615,48,206066
4547,0.002039,172.217.194.0-255,2902,152517,48,206066
4548,0.002041,172.31.46.0-255,66,152583,48,206066
4549,0.002047,172.217.194.0-255,4320,156903,48,206066
4550,0.002049,172.31.46.0-255,66,156969,48,206066
4551,0.002059,172.217.194.0-255,1484,158453,48,206066
4552,0.002073,172.217.194.0-255,2902,161355,48,206066
4553,0.002076,172.31.46.0-255,66,161421,48,206066
4554,0.002093,172.31.46.0-255,66,161487,48,206066
4555,0.002113,172.217.194.0-255,1484,162971,48,206066
4556,0.002129,172.217.194.0-255,2902,165873,48,206066
4557,0.002131,172.31.46.0-255,66,165939,48,206066
4558,0.002157,172.31.46.0-255,66,166005,48,206066
4559,0.002196,172.217.194.0-255,1484,167489,48,206066
4560,0.002199,172.217.194.0-255,2902,170391,48,206066
4561,0.002202,172.31.46.0-255,66,170457,48,206066
4562,0.002208,172.217.194.0-255,5738,176195,48,206066
4563,0.002209,172.31.46.0-255,66,176261,48,206066
4564,0.002234,172.217.194.0-255,7156,183417,48,206066
4565,0.002237,172.31.46.0-255,66,183483,48,206066
4566,0.002256,172.217.194.0-255,5738,189221,48,206066
4567,0.002259,172.31.46.0-255,66,189287,48,206066
4568,0.002276,172.217.194.0-255,5738,195025,48,206066
4569,0.002278,172.31.46.0-255,66,195091,48,206066
4570,0.002313,172.31.46.0-255,66,195157,48,206066
4571,0.002325,172.31.46.0-255,66,195223,48,206066
4572,0.002369,172.31.46.0-255,66,195289,48,206066
4573,0.002399,172.31.46.0-255,66,195355,48,206066
4574,0.002412,172.217.194.0-255,2902,198257,48,206066
4575,0.002415,172.31.46.0-255,66,198323,48,206066
4576,0.002461,172.31.46.0-255,66,198389,48,206066
4577,0.002463,172.217.194.0-255,105,198494,48,206066
4578,0.003906,172.31.46.0-255,66,198560,48,206066
4579,0.003943,172.31.46.0-255,105,198665,48,206066
4580,0.006487,172.217.194.0-255,66,198731,48,206066
4581,0.031068,172.31.46.0-255,172,198903,48,206066
4582,0.031102,172.31.46.0-255,1112,200015,48,206066
4583,0.031165,172.31.46.0-255,1514,201529,48,206066
4584,0.031167,172.31.46.0-255,1514,203043,48,206066
4585,0.031168,172.31.46.0-255,1514,204557,48,206066
4586,0.031169,172.31.46.0-255,1071,205628,48,206066
4587,0.032638,104.244.42.0-255,66,205694,48,206066
4588,0.032665,104.244.42.0-255,66,205760,48,206066
4589,0.032718,104.244.42.0-255,66,205826,48,206066
4590,0.032723,104.244.42.0-255,66,205892,48,206066
4591,0.033952,104.244.42.0-255,108,206000,48,206066
4592,0.033959,172.31.46.0-255,66,206066,48,206066
4593,0.0,172.31.46.0-255,105,105,48,459
4594,0.000276,172.31.46.0-255,90,195,48,459
4595,0.000288,172.31.46.0-255,66,261,48,459
4596,0.002623,74.125.24.0-255,66,327,48,459
4597,0.00264,74.125.24.0-255,66,393,48,459
4598,0.002653,172.31.46.0-255,66,459,48,459
4599,0.0,74.125.200.0-255,153,153,48,217897
4600,1.8e-05,172.31.46.0-255,66,219,48,217897
4601,2.4e-05,74.125.200.0-255,1484,1703,48,217897
4602,2.9e-05,172.31.46.0-255,66,1769,48,217897
4603,3.5e-05,74.125.200.0-255,2902,4671,48,217897
4604,3.9e-05,172.31.46.0-255,66,4737,48,217897
4605,7.2e-05,74.125.200.0-255,5738,10475,48,217897
4606,7.5e-05,172.31.46.0-255,66,10541,48,217897
4607,8.1e-05,74.125.200.0-255,3503,14044,48,217897
4608,8.3e-05,172.31.46.0-255,66,14110,48,217897
4609,0.000299,74.125.200.0-255,1484,15594,48,217897
4610,0.000305,172.31.46.0-255,66,15660,48,217897
4611,0.00031,74.125.200.0-255,2902,18562,48,217897
4612,0.000312,172.31.46.0-255,66,18628,48,217897
4613,0.000342,74.125.200.0-255,5738,24366,48,217897
4614,0.000345,172.31.46.0-255,66,24432,48,217897
4615,0.000353,74.125.200.0-255,6797,31229,48,217897
4616,0.000355,172.31.46.0-255,66,31295,48,217897
4617,0.000583,74.125.200.0-255,1484,32779,48,217897
4618,0.000587,172.31.46.0-255,66,32845,48,217897
4619,0.000593,74.125.200.0-255,2902,35747,48,217897
4620,0.000595,172.31.46.0-255,66,35813,48,217897
4621,0.000623,74.125.200.0-255,5738,41551,48,217897
4622,0.000626,172.31.46.0-255,66,41617,48,217897
4623,0.000631,74.125.200.0-255,2902,44519,48,217897
4624,0.000633,172.31.46.0-255,66,44585,48,217897
4625,0.000638,74.125.200.0-255,3961,48546,48,217897
4626,0.00064,172.31.46.0-255,66,48612,48,217897
4627,0.000668,74.125.200.0-255,5738,54350,48,217897
4628,0.000671,172.31.46.0-255,66,54416,48,217897
4629,0.000692,74.125.200.0-255,2902,57318,48,217897
4630,0.000694,172.31.46.0-255,66,57384,48,217897
4631,0.000701,74.125.200.0-255,5738,63122,48,217897
4632,0.000703,172.31.46.0-255,66,63188,48,217897
4633,0.000725,74.125.200.0-255,2543,65731,48,217897
4634,0.000728,172.31.46.0-255,66,65797,48,217897
4635,0.001479,74.125.200.0-255,648,66445,48,217897
4636,0.001621,74.125.200.0-255,1484,67929,48,217897
4637,0.001627,172.31.46.0-255,66,67995,48,217897
4638,0.001634,74.125.200.0-255,2902,70897,48,217897
4639,0.001636,172.31.46.0-255,66,70963,48,217897
4640,0.001639,74.125.200.0-255,1484,72447,48,217897
4641,0.001661,74.125.200.0-255,2902,75349,48,217897
4642,0.001663,172.31.46.0-255,66,75415,48,217897
4643,0.001681,74.125.200.0-255,5738,81153,48,217897
4644,0.001683,172.31.46.0-255,66,81219,48,217897
4645,0.001708,74.125.200.0-255,2902,84121,48,217897
4646,0.00171,172.31.46.0-255,66,84187,48,217897
4647,0.001713,74.125.200.0-255,1484,85671,48,217897
4648,0.001753,172.31.46.0-255,66,85737,48,217897
4649,0.001757,74.125.200.0-255,2902,88639,48,217897
4650,0.001759,172.31.46.0-255,66,88705,48,217897
4651,0.001782,74.125.200.0-255,766,89471,48,217897
4652,0.002305,74.125.200.0-255,1484,90955,48,217897
4653,0.002308,172.31.46.0-255,66,91021,48,217897
4654,0.004054,74.125.200.0-255,2902,93923,48,217897
4655,0.004057,172.31.46.0-255,66,93989,48,217897
4656,0.0046,74.125.200.0-255,2902,96891,48,217897
4657,0.004603,172.31.46.0-255,66,96957,48,217897
4658,0.006367,74.125.200.0-255,2902,99859,48,217897
4659,0.006372,172.31.46.0-255,66,99925,48,217897
4660,0.006906,74.125.200.0-255,2902,102827,48,217897
4661,0.006911,172.31.46.0-255,66,102893,48,217897
4662,0.008681,74.125.200.0-255,2902,105795,48,217897
4663,0.008687,172.31.46.0-255,66,105861,48,217897
4664,0.009217,74.125.200.0-255,2902,108763,48,217897
4665,0.009223,172.31.46.0-255,66,108829,48,217897
4666,0.010998,74.125.200.0-255,2902,111731,48,217897
4667,0.011004,172.31.46.0-255,66,111797,48,217897
4668,0.011525,74.125.200.0-255,2902,114699,48,217897
4669,0.011531,172.31.46.0-255,66,114765,48,217897
4670,0.013317,74.125.200.0-255,2902,117667,48,217897
4671,0.013325,172.31.46.0-255,66,117733,48,217897
4672,0.013845,74.125.200.0-255,2902,120635,48,217897
4673,0.013852,172.31.46.0-255,66,120701,48,217897
4674,0.015629,74.125.200.0-255,2902,123603,48,217897
4675,0.015637,172.31.46.0-255,66,123669,48,217897
4676,0.016151,74.125.200.0-255,2902,126571,48,217897
4677,0.016158,172.31.46.0-255,66,126637,48,217897
4678,0.017942,74.125.200.0-255,2902,129539,48,217897
4679,0.017948,172.31.46.0-255,66,129605,48,217897
4680,0.01846,74.125.200.0-255,2902,132507,48,217897
4681,0.018468,172.31.46.0-255,66,132573,48,217897
4682,0.020245,74.125.200.0-255,2902,135475,48,217897
4683,0.020251,172.31.46.0-255,66,135541,48,217897
4684,0.020784,74.125.200.0-255,2902,138443,48,217897
4685,0.020792,172.31.46.0-255,66,138509,48,217897
4686,0.021051,172.31.46.0-255,172,138681,48,217897
4687,0.021085,172.31.46.0-255,1112,139793,48,217897
4688,0.021186,172.31.46.0-255,1514,141307,48,217897
4689,0.021188,172.31.46.0-255,1514,142821,48,217897
4690,0.021189,172.31.46.0-255,1514,144335,48,217897
4691,0.021191,172.31.46.0-255,1514,145849,48,217897
4692,0.021192,172.31.46.0-255,552,146401,48,217897
4693,0.02257,74.125.200.0-255,2902,149303,48,217897
4694,0.022577,172.31.46.0-255,66,149369,48,217897
4695,0.022607,104.244.42.0-255,66,149435,48,217897
4696,0.022661,104.244.42.0-255,66,149501,48,217897
4697,0.022763,104.244.42.0-255,66,149567,48,217897
4698,0.022769,104.244.42.0-255,66,149633,48,217897
4699,0.023095,74.125.200.0-255,2902,152535,48,217897
4700,0.023102,172.31.46.0-255,66,152601,48,217897
4701,0.024925,74.125.200.0-255,2902,155503,48,217897
4702,0.024931,172.31.46.0-255,66,155569,48,217897
4703,0.025412,74.125.200.0-255,2902,158471,48,217897
4704,0.025419,172.31.46.0-255,66,158537,48,217897
4705,0.027252,74.125.200.0-255,2902,161439,48,217897
4706,0.027258,172.31.46.0-255,66,161505,48,217897
4707,0.027738,74.125.200.0-255,2902,164407,48,217897
4708,0.027744,172.31.46.0-255,66,164473,48,217897
4709,0.029583,74.125.200.0-255,2902,167375,48,217897
4710,0.029589,172.31.46.0-255,66,167441,48,217897
4711,0.030055,74.125.200.0-255,2902,170343,48,217897
4712,0.030061,172.31.46.0-255,66,170409,48,217897
4713,0.031898,74.125.200.0-255,2902,173311,48,217897
4714,0.031904,172.31.46.0-255,66,173377,48,217897
4715,0.032374,74.125.200.0-255,2902,176279,48,217897
4716,0.03238,172.31.46.0-255,66,176345,48,217897
4717,0.034216,74.125.200.0-255,2902,179247,48,217897
4718,0.034222,172.31.46.0-255,66,179313,48,217897
4719,0.034682,74.125.200.0-255,2902,182215,48,217897
4720,0.034689,172.31.46.0-255,66,182281,48,217897
4721,0.036547,74.125.200.0-255,2902,185183,48,217897
4722,0.036553,172.31.46.0-255,66,185249,48,217897
4723,0.036991,74.125.200.0-255,2902,188151,48,217897
4724,0.036997,172.31.46.0-255,66,188217,48,217897
4725,0.038855,74.125.200.0-255,2902,191119,48,217897
4726,0.038863,172.31.46.0-255,66,191185,48,217897
4727,0.0393,74.125.200.0-255,2902,194087,48,217897
4728,0.039307,172.31.46.0-255,66,194153,48,217897
4729,0.041169,74.125.200.0-255,2902,197055,48,217897
4730,0.041175,172.31.46.0-255,66,197121,48,217897
4731,0.041616,74.125.200.0-255,2902,200023,48,217897
4732,0.041622,172.31.46.0-255,66,200089,48,217897
4733,0.043486,74.125.200.0-255,2902,202991,48,217897
4734,0.043492,172.31.46.0-255,66,203057,48,217897
4735,0.043931,74.125.200.0-255,2902,205959,48,217897
4736,0.043938,172.31.46.0-255,66,206025,48,217897
4737,0.045813,74.125.200.0-255,2902,208927,48,217897
4738,0.045819,172.31.46.0-255,66,208993,48,217897
4739,0.046252,74.125.200.0-255,2902,211895,48,217897
4740,0.046258,172.31.46.0-255,66,211961,48,217897
4741,0.048127,74.125.200.0-255,2902,214863,48,217897
4742,0.048134,172.31.46.0-255,66,214929,48,217897
4743,0.048563,74.125.200.0-255,2902,217831,48,217897
4744,0.048569,172.31.46.0-255,66,217897,48,217897
4745,0.0,172.217.194.0-255,150,150,48,254672
4746,2.2e-05,172.31.46.0-255,66,216,48,254672
4747,3e-05,172.217.194.0-255,1484,1700,48,254672
4748,3.4e-05,172.31.46.0-255,66,1766,48,254672
4749,4.1e-05,172.217.194.0-255,2902,4668,48,254672
4750,5.3e-05,172.31.46.0-255,66,4734,48,254672
4751,5.9e-05,172.217.194.0-255,5738,10472,48,254672
4752,6.2e-05,172.31.46.0-255,66,10538,48,254672
4753,8.9e-05,172.217.194.0-255,6242,16780,48,254672
4754,9.7e-05,172.31.46.0-255,66,16846,48,254672
4755,0.000103,172.217.194.0-255,5738,22584,48,254672
4756,0.000106,172.31.46.0-255,66,22650,48,254672
4757,0.000138,172.217.194.0-255,1484,24134,48,254672
4758,0.000141,172.31.46.0-255,66,24200,48,254672
4759,0.000148,172.217.194.0-255,6797,30997,48,254672
4760,0.00015,172.31.46.0-255,66,31063,48,254672
4761,0.000269,172.217.194.0-255,1484,32547,48,254672
4762,0.000273,172.31.46.0-255,66,32613,48,254672
4763,0.000292,172.217.194.0-255,2902,35515,48,254672
4764,0.000295,172.31.46.0-255,66,35581,48,254672
4765,0.0003,172.217.194.0-255,2902,38483,48,254672
4766,0.000302,172.31.46.0-255,66,38549,48,254672
4767,0.000335,172.217.194.0-255,2902,41451,48,254672
4768,0.000338,172.31.46.0-255,66,41517,48,254672
4769,0.000356,172.31.46.0-255,66,41583,48,254672
4770,0.000363,172.217.194.0-255,7156,48739,48,254672
4771,0.000365,172.31.46.0-255,66,48805,48,254672
4772,0.000389,172.217.194.0-255,3943,52748,48,254672
4773,0.000391,172.31.46.0-255,66,52814,48,254672
4774,0.000482,172.217.194.0-255,1484,54298,48,254672
4775,0.000485,172.31.46.0-255,66,54364,48,254672
4776,0.00049,172.217.194.0-255,2902,57266,48,254672
4777,0.000517,172.217.194.0-255,5738,63004,48,254672
4778,0.000536,172.217.194.0-255,4320,67324,48,254672
4779,0.000548,172.217.194.0-255,2902,70226,48,254672
4780,0.000565,172.217.194.0-255,4320,74546,48,254672
4781,0.00058,172.217.194.0-255,4320,78866,48,254672
4782,0.000583,172.217.194.0-255,1484,80350,48,254672
4783,0.000597,172.217.194.0-255,4320,84670,48,254672
4784,0.000624,172.31.46.0-255,66,84736,48,254672
4785,0.000655,172.217.194.0-255,2184,86920,48,254672
4786,0.000674,172.31.46.0-255,66,86986,48,254672
4787,0.001181,172.217.194.0-255,1484,88470,48,254672
4788,0.001187,172.217.194.0-255,2902,91372,48,254672
4789,0.001189,172.217.194.0-255,1484,92856,48,254672
4790,0.001194,172.31.46.0-255,66,92922,48,254672
4791,0.001213,172.217.194.0-255,4320,97242,48,254672
4792,0.001237,172.217.194.0-255,1484,98726,48,254672
4793,0.001298,172.31.46.0-255,66,98792,48,254672
4794,0.001421,172.217.194.0-255,1484,100276,48,254672
4795,0.001441,172.217.194.0-255,2902,103178,48,254672
4796,0.001445,172.31.46.0-255,66,103244,48,254672
4797,0.001451,172.217.194.0-255,5738,108982,48,254672
4798,0.001456,172.217.194.0-255,4320,113302,48,254672
4799,0.001479,172.217.194.0-255,2902,116204,48,254672
4800,0.001484,172.217.194.0-255,4320,120524,48,254672
4801,0.00151,172.217.194.0-255,2184,122708,48,254672
4802,0.001519,172.31.46.0-255,66,122774,48,254672
4803,0.001965,172.217.194.0-255,1484,124258,48,254672
4804,0.001983,172.217.194.0-255,2902,127160,48,254672
4805,0.001986,172.31.46.0-255,66,127226,48,254672
4806,0.001994,172.217.194.0-255,5738,132964,48,254672
4807,0.002035,172.31.46.0-255,66,133030,48,254672
4808,0.002062,172.217.194.0-255,2902,135932,48,254672
4809,0.002096,172.31.46.0-255,66,135998,48,254672
4810,0.004463,172.217.194.0-255,5738,141736,48,254672
4811,0.004471,172.31.46.0-255,66,141802,48,254672
4812,0.006776,172.217.194.0-255,4320,146122,48,254672
4813,0.006789,172.217.194.0-255,1484,147606,48,254672
4814,0.008498,172.31.46.0-255,66,147672,48,254672
4815,0.010826,172.217.194.0-255,5738,153410,48,254672
4816,0.010834,172.31.46.0-255,66,153476,48,254672
4817,0.013153,172.217.194.0-255,5738,159214,48,254672
4818,0.013161,172.31.46.0-255,66,159280,48,254672
4819,0.015452,172.217.194.0-255,5738,165018,48,254672
4820,0.01546,172.31.46.0-255,66,165084,48,254672
4821,0.017768,172.217.194.0-255,5738,170822,48,254672
4822,0.017775,172.31.46.0-255,66,170888,48,254672
4823,0.020071,172.217.194.0-255,5738,176626,48,254672
4824,0.020081,172.31.46.0-255,66,176692,48,254672
4825,0.022375,172.217.194.0-255,5738,182430,48,254672
4826,0.022384,172.31.46.0-255,66,182496,48,254672
4827,0.0247,172.217.194.0-255,5738,188234,48,254672
4828,0.024707,172.31.46.0-255,66,188300,48,254672
4829,0.027032,172.217.194.0-255,5738,194038,48,254672
4830,0.027039,172.31.46.0-255,66,194104,48,254672
4831,0.02935,172.217.194.0-255,5738,199842,48,254672
4832,0.029358,172.31.46.0-255,66,199908,48,254672
4833,0.031685,172.217.194.0-255,5738,205646,48,254672
4834,0.031692,172.31.46.0-255,66,205712,48,254672
4835,0.034,172.217.194.0-255,5738,211450,48,254672
4836,0.034008,172.31.46.0-255,66,211516,48,254672
4837,0.036301,172.217.194.0-255,5738,217254,48,254672
4838,0.036309,172.31.46.0-255,66,217320,48,254672
4839,0.038603,172.217.194.0-255,5738,223058,48,254672
4840,0.038613,172.31.46.0-255,66,223124,48,254672
4841,0.040923,172.217.194.0-255,5738,228862,48,254672
4842,0.040937,172.31.46.0-255,66,228928,48,254672
4843,0.043249,172.217.194.0-255,5738,234666,48,254672
4844,0.043258,172.31.46.0-255,66,234732,48,254672
4845,0.043837,172.31.46.0-255,172,234904,48,254672
4846,0.04387,172.31.46.0-255,1112,236016,48,254672
4847,0.043961,172.31.46.0-255,1514,237530,48,254672
4848,0.043963,172.31.46.0-255,1514,239044,48,254672
4849,0.043964,172.31.46.0-255,1514,240558,48,254672
4850,0.043965,172.31.46.0-255,1514,242072,48,254672
4851,0.043966,172.31.46.0-255,554,242626,48,254672
4852,0.045375,104.244.42.0-255,66,242692,48,254672
4853,0.04542,104.244.42.0-255,66,242758,48,254672
4854,0.045523,104.244.42.0-255,66,242824,48,254672
4855,0.045536,104.244.42.0-255,66,242890,48,254672
4856,0.045574,172.217.194.0-255,5738,248628,48,254672
4857,0.045579,172.31.46.0-255,66,248694,48,254672
4858,0.046102,104.244.42.0-255,108,248802,48,254672
4859,0.046112,172.31.46.0-255,66,248868,48,254672
4860,0.04794,172.217.194.0-255,5738,254606,48,254672
4861,0.047947,172.31.46.0-255,66,254672,48,254672
4862,0.0,172.31.46.0-255,66,66,48,66
4863,0.0,74.125.24.0-255,146,146,48,224589
4864,1.3e-05,172.31.46.0-255,66,212,48,224589
4865,1.8e-05,74.125.24.0-255,1484,1696,48,224589
4866,2.1e-05,172.31.46.0-255,66,1762,48,224589
4867,2.5e-05,74.125.24.0-255,2902,4664,48,224589
4868,2.8e-05,172.31.46.0-255,66,4730,48,224589
4869,5.6e-05,74.125.24.0-255,7156,11886,48,224589
4870,6.3e-05,172.31.46.0-255,66,11952,48,224589
4871,0.000105,172.31.46.0-255,66,12018,48,224589
4872,0.00011,74.125.24.0-255,6797,18815,48,224589
4873,0.000112,172.31.46.0-255,66,18881,48,224589
4874,0.000146,74.125.24.0-255,1484,20365,48,224589
4875,0.000148,172.31.46.0-255,66,20431,48,224589
4876,0.000152,74.125.24.0-255,2902,23333,48,224589
4877,0.000153,172.31.46.0-255,66,23399,48,224589
4878,0.000181,74.125.24.0-255,5738,29137,48,224589
4879,0.000184,172.31.46.0-255,66,29203,48,224589
4880,0.000218,172.31.46.0-255,66,29269,48,224589
4881,0.000288,74.125.24.0-255,4320,33589,48,224589
4882,0.000291,172.31.46.0-255,66,33655,48,224589
4883,0.000313,74.125.24.0-255,5713,39368,48,224589
4884,0.000315,172.31.46.0-255,66,39434,48,224589
4885,0.000317,74.125.24.0-255,108,39542,48,224589
4886,0.00032,172.31.46.0-255,66,39608,48,224589
4887,0.000464,74.125.24.0-255,332,39940,48,224589
4888,0.000468,172.31.46.0-255,66,40006,48,224589
4889,0.00068,74.125.24.0-255,1484,41490,48,224589
4890,0.000683,172.31.46.0-255,66,41556,48,224589
4891,0.000687,74.125.24.0-255,2902,44458,48,224589
4892,0.000688,172.31.46.0-255,66,44524,48,224589
4893,0.000706,74.125.24.0-255,1484,46008,48,224589
4894,0.000732,74.125.24.0-255,4320,50328,48,224589
4895,0.000734,172.31.46.0-255,66,50394,48,224589
4896,0.000745,172.31.46.0-255,66,50460,48,224589
4897,0.000751,74.125.24.0-255,7156,57616,48,224589
4898,0.000752,172.31.46.0-255,66,57682,48,224589
4899,0.000772,74.125.24.0-255,3602,61284,48,224589
4900,0.000774,172.31.46.0-255,66,61350,48,224589
4901,0.001853,74.125.24.0-255,1484,62834,48,224589
4902,0.001863,74.125.24.0-255,2902,65736,48,224589
4903,0.001868,172.31.46.0-255,66,65802,48,224589
4904,0.001876,74.125.24.0-255,4320,70122,48,224589
4905,0.001878,172.31.46.0-255,66,70188,48,224589
4906,0.001901,74.125.24.0-255,1484,71672,48,224589
4907,0.001919,172.31.46.0-255,66,71738,48,224589
4908,0.001925,74.125.24.0-255,4320,76058,48,224589
4909,0.001927,172.31.46.0-255,66,76124,48,224589
4910,0.001957,74.125.24.0-255,6438,82562,48,224589
4911,0.00196,172.31.46.0-255,66,82628,48,224589
4912,0.00199,74.125.24.0-255,1484,84112,48,224589
4913,0.002008,74.125.24.0-255,2902,87014,48,224589
4914,0.00201,172.31.46.0-255,66,87080,48,224589
4915,0.002016,74.125.24.0-255,5738,92818,48,224589
4916,0.002018,172.31.46.0-255,66,92884,48,224589
4917,0.002021,74.125.24.0-255,1484,94368,48,224589
4918,0.002024,74.125.24.0-255,1484,95852,48,224589
4919,0.00203,172.31.46.0-255,66,95918,48,224589
4920,0.002065,74.125.24.0-255,7156,103074,48,224589
4921,0.002067,172.31.46.0-255,66,103140,48,224589
4922,0.002071,74.125.24.0-255,1484,104624,48,224589
4923,0.002112,172.31.46.0-255,66,104690,48,224589
4924,0.004485,74.125.24.0-255,4320,109010,48,224589
4925,0.00449,172.31.46.0-255,66,109076,48,224589
4926,0.004515,74.125.24.0-255,1484,110560,48,224589
4927,0.006854,74.125.24.0-255,4320,114880,48,224589
4928,0.006863,172.31.46.0-255,66,114946,48,224589
4929,0.009215,74.125.24.0-255,5738,120684,48,224589
4930,0.009225,172.31.46.0-255,66,120750,48,224589
4931,0.011534,74.125.24.0-255,5738,126488,48,224589
4932,0.011544,172.31.46.0-255,66,126554,48,224589
4933,0.013875,74.125.24.0-255,5738,132292,48,224589
4934,0.013885,172.31.46.0-255,66,132358,48,224589
4935,0.016237,74.125.24.0-255,5738,138096,48,224589
4936,0.016244,172.31.46.0-255,66,138162,48,224589
4937,0.018605,74.125.24.0-255,5738,143900,48,224589
4938,0.018613,172.31.46.0-255,66,143966,48,224589
4939,0.020968,74.125.24.0-255,5738,149704,48,224589
4940,0.020974,172.31.46.0-255,66,149770,48,224589
4941,0.022164,172.31.46.0-255,172,149942,48,224589
4942,0.022192,172.31.46.0-255,1113,151055,48,224589
4943,0.022231,172.31.46.0-255,1514,152569,48,224589
4944,0.022251,172.31.46.0-255,1514,154083,48,224589
4945,0.022254,172.31.46.0-255,1514,155597,48,224589
4946,0.022269,172.31.46.0-255,366,155963,48,224589
4947,0.023332,74.125.24.0-255,5738,161701,48,224589
4948,0.023338,172.31.46.0-255,66,161767,48,224589
4949,0.023743,104.244.42.0-255,66,161833,48,224589
4950,0.023773,104.244.42.0-255,66,161899,48,224589
4951,0.023776,104.244.42.0-255,66,161965,48,224589
4952,0.023824,104.244.42.0-255,66,162031,48,224589
4953,0.023827,104.244.42.0-255,66,162097,48,224589
4954,0.025676,74.125.24.0-255,4320,166417,48,224589
4955,0.025681,172.31.46.0-255,66,166483,48,224589
4956,0.025719,74.125.24.0-255,1484,167967,48,224589
4957,0.028032,74.125.24.0-255,4320,172287,48,224589
4958,0.028038,172.31.46.0-255,66,172353,48,224589
4959,0.030364,74.125.24.0-255,5738,178091,48,224589
4960,0.03037,172.31.46.0-255,66,178157,48,224589
4961,0.032731,74.125.24.0-255,5738,183895,48,224589
4962,0.032748,172.31.46.0-255,66,183961,48,224589
4963,0.035069,74.125.24.0-255,5738,189699,48,224589
4964,0.035084,172.31.46.0-255,66,189765,48,224589
4965,0.037433,74.125.24.0-255,5738,195503,48,224589
4966,0.037446,172.31.46.0-255,66,195569,48,224589
4967,0.039799,74.125.24.0-255,5738,201307,48,224589
4968,0.039808,172.31.46.0-255,66,201373,48,224589
4969,0.042152,74.125.24.0-255,5738,207111,48,224589
4970,0.042158,172.31.46.0-255,66,207177,48,224589
4971,0.044557,74.125.24.0-255,5738,212915,48,224589
4972,0.044565,172.31.46.0-255,66,212981,48,224589
4973,0.046868,74.125.24.0-255,5738,218719,48,224589
4974,0.046875,172.31.46.0-255,66,218785,48,224589
4975,0.049226,74.125.24.0-255,5738,224523,48,224589
4976,0.049232,172.31.46.0-255,66,224589,48,224589
4977,0.0,172.217.194.0-255,297,297,48,255544
4978,1.3e-05,172.31.46.0-255,66,363,48,255544
4979,1.9e-05,172.217.194.0-255,1484,1847,48,255544
4980,2.3e-05,172.31.46.0-255,66,1913,48,255544
4981,6e-05,172.217.194.0-255,2902,4815,48,255544
4982,6.3e-05,172.31.46.0-255,66,4881,48,255544
4983,6.9e-05,172.217.194.0-255,5738,10619,48,255544
4984,7.2e-05,172.31.46.0-255,66,10685,48,255544
4985,7.7e-05,172.217.194.0-255,3257,13942,48,255544
4986,8.1e-05,172.31.46.0-255,66,14008,48,255544
4987,0.000397,172.217.194.0-255,1484,15492,48,255544
4988,0.000404,172.31.46.0-255,66,15558,48,255544
4989,0.000411,172.217.194.0-255,2902,18460,48,255544
4990,0.000414,172.31.46.0-255,66,18526,48,255544
4991,0.000452,172.217.194.0-255,5738,24264,48,255544
4992,0.000455,172.31.46.0-255,66,24330,48,255544
4993,0.000462,172.217.194.0-255,5738,30068,48,255544
4994,0.000464,172.31.46.0-255,66,30134,48,255544
4995,0.000522,172.31.46.0-255,66,30200,48,255544
4996,0.000527,172.217.194.0-255,3961,34161,48,255544
4997,0.00053,172.31.46.0-255,66,34227,48,255544
4998,0.000557,172.217.194.0-255,1484,35711,48,255544
4999,0.00056,172.31.46.0-255,66,35777,48,255544
5000,0.000565,172.217.194.0-255,2902,38679,48,255544
5001,0.000568,172.31.46.0-255,66,38745,48,255544
5002,0.000571,172.217.194.0-255,1484,40229,48,255544
5003,0.000573,172.31.46.0-255,66,40295,48,255544
5004,0.000609,172.217.194.0-255,4320,44615,48,255544
5005,0.000613,172.31.46.0-255,66,44681,48,255544
5006,0.000618,172.217.194.0-255,4320,49001,48,255544
5007,0.000621,172.31.46.0-255,66,49067,48,255544
5008,0.000653,172.217.194.0-255,2799,51866,48,255544
5009,0.000656,172.31.46.0-255,66,51932,48,255544
5010,0.00083,172.217.194.0-255,118,52050,48,255544
5011,0.000874,172.217.194.0-255,1484,53534,48,255544
5012,0.000878,172.31.46.0-255,66,53600,48,255544
5013,0.000896,172.217.194.0-255,2902,56502,48,255544
5014,0.000898,172.31.46.0-255,66,56568,48,255544
5015,0.000903,172.217.194.0-255,2902,59470,48,255544
5016,0.000905,172.31.46.0-255,66,59536,48,255544
5017,0.000941,172.217.194.0-255,7156,66692,48,255544
5018,0.000944,172.31.46.0-255,66,66758,48,255544
5019,0.000948,172.217.194.0-255,2543,69301,48,255544
5020,0.00095,172.31.46.0-255,66,69367,48,255544
5021,0.000954,172.217.194.0-255,1484,70851,48,255544
5022,0.000985,172.217.194.0-255,1484,72335,48,255544
5023,0.000993,172.217.194.0-255,7156,79491,48,255544
5024,0.000997,172.31.46.0-255,66,79557,48,255544
5025,0.001,172.31.46.0-255,66,79623,48,255544
5026,0.001018,172.217.194.0-255,4320,83943,48,255544
5027,0.001021,172.31.46.0-255,66,84009,48,255544
5028,0.00105,172.217.194.0-255,2543,86552,48,255544
5029,0.001055,172.31.46.0-255,66,86618,48,255544
5030,0.001677,172.217.194.0-255,1484,88102,48,255544
5031,0.001686,172.217.194.0-255,1484,89586,48,255544
5032,0.00169,172.31.46.0-255,66,89652,48,255544
5033,0.001719,172.217.194.0-255,1484,91136,48,255544
5034,0.001724,172.217.194.0-255,2902,94038,48,255544
5035,0.001727,172.31.46.0-255,66,94104,48,255544
5036,0.001735,172.217.194.0-255,7156,101260,48,255544
5037,0.001738,172.31.46.0-255,66,101326,48,255544
5038,0.001777,172.31.46.0-255,66,101392,48,255544
5039,0.001782,172.217.194.0-255,3602,104994,48,255544
5040,0.001784,172.31.46.0-255,66,105060,48,255544
5041,0.001813,172.217.194.0-255,1484,106544,48,255544
5042,0.001817,172.217.194.0-255,1484,108028,48,255544
5043,0.00182,172.31.46.0-255,66,108094,48,255544
5044,0.001858,172.217.194.0-255,1484,109578,48,255544
5045,0.001865,172.217.194.0-255,5738,115316,48,255544
5046,0.001867,172.31.46.0-255,66,115382,48,255544
5047,0.001881,172.31.46.0-255,66,115448,48,255544
5048,0.001897,172.31.46.0-255,66,115514,48,255544
5049,0.001928,172.217.194.0-255,4320,119834,48,255544
5050,0.001931,172.31.46.0-255,66,119900,48,255544
5051,0.001981,172.31.46.0-255,66,119966,48,255544
5052,0.001994,172.31.46.0-255,66,120032,48,255544
5053,0.002005,172.217.194.0-255,7156,127188,48,255544
5054,0.002008,172.31.46.0-255,66,127254,48,255544
5055,0.00202,172.31.46.0-255,66,127320,48,255544
5056,0.002102,172.31.46.0-255,66,127386,48,255544
5057,0.002105,172.217.194.0-255,766,128152,48,255544
5058,0.004216,172.217.194.0-255,2902,131054,48,255544
5059,0.004223,172.31.46.0-255,66,131120,48,255544
5060,0.004241,172.217.194.0-255,1484,132604,48,255544
5061,0.006319,172.217.194.0-255,4320,136924,48,255544
5062,0.006326,172.31.46.0-255,66,136990,48,255544
5063,0.008415,172.217.194.0-255,5738,142728,48,255544
5064,0.008421,172.31.46.0-255,66,142794,48,255544
5065,0.010549,172.217.194.0-255,4320,147114,48,255544
5066,0.010555,172.31.46.0-255,66,147180,48,255544
5067,0.010573,172.217.194.0-255,1484,148664,48,255544
5068,0.012664,172.217.194.0-255,4320,152984,48,255544
5069,0.012671,172.31.46.0-255,66,153050,48,255544
5070,0.014774,172.217.194.0-255,4320,157370,48,255544
5071,0.014782,172.31.46.0-255,66,157436,48,255544
5072,0.014816,172.217.194.0-255,1484,158920,48,255544
5073,0.016867,172.217.194.0-255,4320,163240,48,255544
5074,0.016873,172.31.46.0-255,66,163306,48,255544
5075,0.018968,172.217.194.0-255,5738,169044,48,255544
5076,0.018979,172.31.46.0-255,66,169110,48,255544
5077,0.021071,172.217.194.0-255,5738,174848,48,255544
5078,0.021078,172.31.46.0-255,66,174914,48,255544
5079,0.023242,172.217.194.0-255,5738,180652,48,255544
5080,0.023252,172.31.46.0-255,66,180718,48,255544
5081,0.025375,172.217.194.0-255,5738,186456,48,255544
5082,0.025385,172.31.46.0-255,66,186522,48,255544
5083,0.027473,172.217.194.0-255,5738,192260,48,255544
5084,0.027485,172.31.46.0-255,66,192326,48,255544
5085,0.029612,172.217.194.0-255,5738,198064,48,255544
5086,0.029619,172.31.46.0-255,66,198130,48,255544
5087,0.031699,172.217.194.0-255,5738,203868,48,255544
5088,0.031705,172.31.46.0-255,66,203934,48,255544
5089,0.03382,172.217.194.0-255,5738,209672,48,255544
5090,0.033828,172.31.46.0-255,66,209738,48,255544
5091,0.035944,172.217.194.0-255,5738,215476,48,255544
5092,0.035951,172.31.46.0-255,66,215542,48,255544
5093,0.038035,172.217.194.0-255,5738,221280,48,255544
5094,0.038042,172.31.46.0-255,66,221346,48,255544
5095,0.040156,172.217.194.0-255,5738,227084,48,255544
5096,0.040162,172.31.46.0-255,66,227150,48,255544
5097,0.040633,172.31.46.0-255,172,227322,48,255544
5098,0.040659,172.31.46.0-255,1111,228433,48,255544
5099,0.04071,172.31.46.0-255,1514,229947,48,255544
5100,0.040712,172.31.46.0-255,1514,231461,48,255544
5101,0.040713,172.31.46.0-255,603,232064,48,255544
5102,0.042253,172.217.194.0-255,5738,237802,48,255544
5103,0.042259,172.31.46.0-255,66,237868,48,255544
5104,0.042322,104.244.42.0-255,66,237934,48,255544
5105,0.042328,104.244.42.0-255,66,238000,48,255544
5106,0.042422,104.244.42.0-255,66,238066,48,255544
5107,0.042427,104.244.42.0-255,66,238132,48,255544
5108,0.044427,172.217.194.0-255,5738,243870,48,255544
5109,0.044434,172.31.46.0-255,66,243936,48,255544
5110,0.046539,172.217.194.0-255,5738,249674,48,255544
5111,0.046544,172.31.46.0-255,66,249740,48,255544
5112,0.048659,172.217.194.0-255,5738,255478,48,255544
5113,0.048665,172.31.46.0-255,66,255544,48,255544
5114,0.0,74.125.24.0-255,150,150,48,220508
5115,2e-05,172.31.46.0-255,66,216,48,220508
5116,2.7e-05,74.125.24.0-255,1484,1700,48,220508
5117,3.1e-05,172.31.46.0-255,66,1766,48,220508
5118,4.4e-05,74.125.24.0-255,2902,4668,48,220508
5119,4.8e-05,172.31.46.0-255,66,4734,48,220508
5120,5.7e-05,74.125.24.0-255,7156,11890,48,220508
5121,6.2e-05,172.31.46.0-255,66,11956,48,220508
5122,6.6e-05,74.125.24.0-255,2065,14021,48,220508
5123,7e-05,172.31.46.0-255,66,14087,48,220508
5124,7.5e-05,74.125.24.0-255,2902,16989,48,220508
5125,7.8e-05,172.31.46.0-255,66,17055,48,220508
5126,0.000122,74.125.24.0-255,7156,24211,48,220508
5127,0.000125,172.31.46.0-255,66,24277,48,220508
5128,0.000133,74.125.24.0-255,6797,31074,48,220508
5129,0.000136,172.31.46.0-255,66,31140,48,220508
5130,0.000174,74.125.24.0-255,5738,36878,48,220508
5131,0.000177,172.31.46.0-255,66,36944,48,220508
5132,0.000185,74.125.24.0-255,7156,44100,48,220508
5133,0.000187,172.31.46.0-255,66,44166,48,220508
5134,0.000213,74.125.24.0-255,3961,48127,48,220508
5135,0.000215,172.31.46.0-255,66,48193,48,220508
5136,0.000245,74.125.24.0-255,4320,52513,48,220508
5137,0.000248,172.31.46.0-255,66,52579,48,220508
5138,0.000259,172.31.46.0-255,66,52645,48,220508
5139,0.00029,74.125.24.0-255,2876,55521,48,220508
5140,0.000293,172.31.46.0-255,66,55587,48,220508
5141,0.000296,74.125.24.0-255,111,55698,48,220508
5142,0.000299,172.31.46.0-255,66,55764,48,220508
5143,0.001348,74.125.24.0-255,331,56095,48,220508
5144,0.001356,172.31.46.0-255,66,56161,48,220508
5145,0.00156,74.125.24.0-255,1484,57645,48,220508
5146,0.001571,74.125.24.0-255,2902,60547,48,220508
5147,0.001576,172.31.46.0-255,66,60613,48,220508
5148,0.001584,74.125.24.0-255,5738,66351,48,220508
5149,0.001586,172.31.46.0-255,66,66417,48,220508
5150,0.001599,74.125.24.0-255,4320,70737,48,220508
5151,0.001601,172.31.46.0-255,66,70803,48,220508
5152,0.001618,74.125.24.0-255,1484,72287,48,220508
5153,0.001638,172.31.46.0-255,66,72353,48,220508
5154,0.001644,74.125.24.0-255,3961,76314,48,220508
5155,0.001646,172.31.46.0-255,66,76380,48,220508
5156,0.002174,74.125.24.0-255,1484,77864,48,220508
5157,0.002184,74.125.24.0-255,2902,80766,48,220508
5158,0.002187,172.31.46.0-255,66,80832,48,220508
5159,0.002195,74.125.24.0-255,5738,86570,48,220508
5160,0.002197,172.31.46.0-255,66,86636,48,220508
5161,0.002202,74.125.24.0-255,5738,92374,48,220508
5162,0.002209,172.31.46.0-255,66,92440,48,220508
5163,0.00222,74.125.24.0-255,1484,93924,48,220508
5164,0.002253,172.31.46.0-255,66,93990,48,220508
5165,0.002259,74.125.24.0-255,5020,99010,48,220508
5166,0.00226,172.31.46.0-255,66,99076,48,220508
5167,0.004546,74.125.24.0-255,5738,104814,48,220508
5168,0.00455,172.31.46.0-255,66,104880,48,220508
5169,0.006841,74.125.24.0-255,5738,110618,48,220508
5170,0.006845,172.31.46.0-255,66,110684,48,220508
5171,0.009151,74.125.24.0-255,5738,116422,48,220508
5172,0.009159,172.31.46.0-255,66,116488,48,220508
5173,0.011432,74.125.24.0-255,5738,122226,48,220508
5174,0.011439,172.31.46.0-255,66,122292,48,220508
5175,0.013698,74.125.24.0-255,5738,128030,48,220508
5176,0.013705,172.31.46.0-255,66,128096,48,220508
5177,0.015971,74.125.24.0-255,5738,133834,48,220508
5178,0.015979,172.31.46.0-255,66,133900,48,220508
5179,0.018248,74.125.24.0-255,5738,139638,48,220508
5180,0.018258,172.31.46.0-255,66,139704,48,220508
5181,0.020529,74.125.24.0-255,5738,145442,48,220508
5182,0.020537,172.31.46.0-255,66,145508,48,220508
5183,0.022839,74.125.24.0-255,5738,151246,48,220508
5184,0.022846,172.31.46.0-255,66,151312,48,220508
5185,0.023102,172.31.46.0-255,172,151484,48,220508
5186,0.023129,172.31.46.0-255,1107,152591,48,220508
5187,0.023177,172.31.46.0-255,1514,154105,48,220508
5188,0.023178,172.31.46.0-255,1514,155619,48,220508
5189,0.023179,172.31.46.0-255,607,156226,48,220508
5190,0.024648,104.244.42.0-255,66,156292,48,220508
5191,0.024675,104.244.42.0-255,66,156358,48,220508
5192,0.024738,104.244.42.0-255,66,156424,48,220508
5193,0.024742,104.244.42.0-255,66,156490,48,220508
5194,0.025176,74.125.24.0-255,5738,162228,48,220508
5195,0.025183,172.31.46.0-255,66,162294,48,220508
5196,0.025901,104.244.42.0-255,108,162402,48,220508
5197,0.025911,172.31.46.0-255,66,162468,48,220508
5198,0.027524,74.125.24.0-255,5738,168206,48,220508
5199,0.027528,172.31.46.0-255,66,168272,48,220508
5200,0.02985,74.125.24.0-255,5738,174010,48,220508
5201,0.029856,172.31.46.0-255,66,174076,48,220508
5202,0.032157,74.125.24.0-255,5738,179814,48,220508
5203,0.032164,172.31.46.0-255,66,179880,48,220508
5204,0.034531,74.125.24.0-255,5738,185618,48,220508
5205,0.034538,172.31.46.0-255,66,185684,48,220508
5206,0.036793,74.125.24.0-255,5738,191422,48,220508
5207,0.0368,172.31.46.0-255,66,191488,48,220508
5208,0.039068,74.125.24.0-255,5738,197226,48,220508
5209,0.039074,172.31.46.0-255,66,197292,48,220508
5210,0.041378,74.125.24.0-255,5738,203030,48,220508
5211,0.041387,172.31.46.0-255,66,203096,48,220508
5212,0.043688,74.125.24.0-255,5738,208834,48,220508
5213,0.043695,172.31.46.0-255,66,208900,48,220508
5214,0.04598,74.125.24.0-255,5738,214638,48,220508
5215,0.045986,172.31.46.0-255,66,214704,48,220508
5216,0.048287,74.125.24.0-255,5738,220442,48,220508
5217,0.048293,172.31.46.0-255,66,220508,48,220508
5218,0.0,172.217.194.0-255,143,143,48,301491
5219,2.8e-05,172.217.194.0-255,1484,1627,48,301491
5220,3.6e-05,172.31.46.0-255,66,1693,48,301491
5221,4.4e-05,172.217.194.0-255,2902,4595,48,301491
5222,4.7e-05,172.31.46.0-255,66,4661,48,301491
5223,6e-05,172.217.194.0-255,5738,10399,48,301491
5224,6.4e-05,172.31.46.0-255,66,10465,48,301491
5225,7.1e-05,172.217.194.0-255,4890,15355,48,301491
5226,7.4e-05,172.31.46.0-255,66,15421,48,301491
5227,8e-05,172.217.194.0-255,5738,21159,48,301491
5228,8.3e-05,172.31.46.0-255,66,21225,48,301491
5229,0.000146,172.217.194.0-255,5738,26963,48,301491
5230,0.000149,172.31.46.0-255,66,27029,48,301491
5231,0.000171,172.217.194.0-255,3961,30990,48,301491
5232,0.000174,172.31.46.0-255,66,31056,48,301491
5233,0.000197,172.217.194.0-255,1484,32540,48,301491
5234,0.000203,172.217.194.0-255,2902,35442,48,301491
5235,0.000206,172.31.46.0-255,66,35508,48,301491
5236,0.00021,172.217.194.0-255,2902,38410,48,301491
5237,0.000212,172.31.46.0-255,66,38476,48,301491
5238,0.000247,172.217.194.0-255,2902,41378,48,301491
5239,0.00025,172.31.46.0-255,66,41444,48,301491
5240,0.000256,172.217.194.0-255,5738,47182,48,301491
5241,0.000258,172.31.46.0-255,66,47248,48,301491
5242,0.00028,172.217.194.0-255,5738,52986,48,301491
5243,0.000282,172.31.46.0-255,66,53052,48,301491
5244,0.000315,172.217.194.0-255,7156,60208,48,301491
5245,0.000317,172.31.46.0-255,66,60274,48,301491
5246,0.000324,172.217.194.0-255,5020,65294,48,301491
5247,0.000326,172.31.46.0-255,66,65360,48,301491
5248,0.000361,172.217.194.0-255,377,65737,48,301491
5249,0.000409,172.217.194.0-255,98,65835,48,301491
5250,0.000462,172.217.194.0-255,1484,67319,48,301491
5251,0.000466,172.31.46.0-255,66,67385,48,301491
5252,0.000472,172.217.194.0-255,2902,70287,48,301491
5253,0.000474,172.31.46.0-255,66,70353,48,301491
5254,0.000477,172.217.194.0-255,1484,71837,48,301491
5255,0.000507,172.217.194.0-255,4320,76157,48,301491
5256,0.000509,172.31.46.0-255,66,76223,48,301491
5257,0.000521,172.31.46.0-255,66,76289,48,301491
5258,0.000545,172.217.194.0-255,2902,79191,48,301491
5259,0.000547,172.31.46.0-255,66,79257,48,301491
5260,0.000559,172.31.46.0-255,66,79323,48,301491
5261,0.000586,172.217.194.0-255,766,80089,48,301491
5262,0.000589,172.217.194.0-255,364,80453,48,301491
5263,0.000652,172.217.194.0-255,1484,81937,48,301491
5264,0.000655,172.31.46.0-255,66,82003,48,301491
5265,0.00066,172.217.194.0-255,2902,84905,48,301491
5266,0.000662,172.31.46.0-255,66,84971,48,301491
5267,0.000667,172.217.194.0-255,2902,87873,48,301491
5268,0.000673,172.31.46.0-255,66,87939,48,301491
5269,0.000702,172.217.194.0-255,2902,90841,48,301491
5270,0.000706,172.31.46.0-255,66,90907,48,301491
5271,0.000711,172.217.194.0-255,4320,95227,48,301491
5272,0.000713,172.31.46.0-255,66,95293,48,301491
5273,0.000726,172.31.46.0-255,66,95359,48,301491
5274,0.000764,172.31.46.0-255,66,95425,48,301491
5275,0.00092,172.217.194.0-255,1484,96909,48,301491
5276,0.000937,172.217.194.0-255,2902,99811,48,301491
5277,0.000941,172.31.46.0-255,66,99877,48,301491
5278,0.00097,172.217.194.0-255,5738,105615,48,301491
5279,0.000972,172.31.46.0-255,66,105681,48,301491
5280,0.001009,172.217.194.0-255,5738,111419,48,301491
5281,0.001014,172.31.46.0-255,66,111485,48,301491
5282,0.001042,172.217.194.0-255,7156,118641,48,301491
5283,0.001045,172.31.46.0-255,66,118707,48,301491
5284,0.001049,172.217.194.0-255,2902,121609,48,301491
5285,0.001052,172.31.46.0-255,66,121675,48,301491
5286,0.001082,172.31.46.0-255,66,121741,48,301491
5287,0.001224,172.217.194.0-255,1484,123225,48,301491
5288,0.001232,172.217.194.0-255,2902,126127,48,301491
5289,0.001235,172.31.46.0-255,66,126193,48,301491
5290,0.001263,172.217.194.0-255,5738,131931,48,301491
5291,0.001266,172.31.46.0-255,66,131997,48,301491
5292,0.001274,172.217.194.0-255,7156,139153,48,301491
5293,0.001276,172.31.46.0-255,66,139219,48,301491
5294,0.001305,172.217.194.0-255,5738,144957,48,301491
5295,0.001309,172.31.46.0-255,66,145023,48,301491
5296,0.001321,172.31.46.0-255,66,145089,48,301491
5297,0.00148,172.217.194.0-255,1484,146573,48,301491
5298,0.001501,172.217.194.0-255,2902,149475,48,301491
5299,0.001505,172.31.46.0-255,66,149541,48,301491
5300,0.001567,172.217.194.0-255,4320,153861,48,301491
5301,0.00157,172.31.46.0-255,66,153927,48,301491
5302,0.001577,172.217.194.0-255,7156,161083,48,301491
5303,0.00158,172.31.46.0-255,66,161149,48,301491
5304,0.001598,172.31.46.0-255,66,161215,48,301491
5305,0.001603,172.217.194.0-255,4320,165535,48,301491
5306,0.001605,172.31.46.0-255,66,165601,48,301491
5307,0.001633,172.217.194.0-255,5020,170621,48,301491
5308,0.001635,172.31.46.0-255,66,170687,48,301491
5309,0.001701,172.217.194.0-255,1484,172171,48,301491
5310,0.001715,172.217.194.0-255,2902,175073,48,301491
5311,0.001718,172.31.46.0-255,66,175139,48,301491
5312,0.001725,172.217.194.0-255,4320,179459,48,301491
5313,0.001727,172.31.46.0-255,66,179525,48,301491
5314,0.001746,172.217.194.0-255,1484,181009,48,301491
5315,0.001769,172.31.46.0-255,66,181075,48,301491
5316,0.001774,172.217.194.0-255,4320,185395,48,301491
5317,0.001776,172.31.46.0-255,66,185461,48,301491
5318,0.00181,172.217.194.0-255,5738,191199,48,301491
5319,0.001813,172.31.46.0-255,66,191265,48,301491
5320,0.001817,172.217.194.0-255,766,192031,48,301491
5321,0.002199,172.217.194.0-255,1484,193515,48,301491
5322,0.002204,172.31.46.0-255,66,193581,48,301491
5323,0.002209,172.217.194.0-255,2902,196483,48,301491
5324,0.002212,172.31.46.0-255,66,196549,48,301491
5325,0.002217,172.217.194.0-255,4320,200869,48,301491
5326,0.002223,172.31.46.0-255,66,200935,48,301491
5327,0.00225,172.217.194.0-255,1484,202419,48,301491
5328,0.002261,172.31.46.0-255,66,202485,48,301491
5329,0.002299,172.31.46.0-255,66,202551,48,301491
5330,0.002327,172.217.194.0-255,3602,206153,48,301491
5331,0.002329,172.31.46.0-255,66,206219,48,301491
5332,0.002348,172.217.194.0-255,1484,207703,48,301491
5333,0.002352,172.217.194.0-255,2902,210605,48,301491
5334,0.002354,172.31.46.0-255,66,210671,48,301491
5335,0.002359,172.217.194.0-255,2902,213573,48,301491
5336,0.002361,172.31.46.0-255,66,213639,48,301491
5337,0.002382,172.217.194.0-255,2902,216541,48,301491
5338,0.002384,172.31.46.0-255,66,216607,48,301491
5339,0.002391,172.217.194.0-255,5738,222345,48,301491
5340,0.002393,172.31.46.0-255,66,222411,48,301491
5341,0.0024,172.217.194.0-255,7156,229567,48,301491
5342,0.002402,172.31.46.0-255,66,229633,48,301491
5343,0.002433,172.217.194.0-255,5738,235371,48,301491
5344,0.002435,172.31.46.0-255,66,235437,48,301491
5345,0.002442,172.217.194.0-255,5020,240457,48,301491
5346,0.002444,172.31.46.0-255,66,240523,48,301491
5347,0.00245,172.217.194.0-255,5738,246261,48,301491
5348,0.002453,172.31.46.0-255,66,246327,48,301491
5349,0.002476,172.217.194.0-255,5738,252065,48,301491
5350,0.002479,172.31.46.0-255,66,252131,48,301491
5351,0.002515,172.217.194.0-255,7156,259287,48,301491
5352,0.002519,172.31.46.0-255,66,259353,48,301491
5353,0.00253,172.31.46.0-255,66,259419,48,301491
5354,0.002534,172.217.194.0-255,2902,262321,48,301491
5355,0.002536,172.31.46.0-255,66,262387,48,301491
5356,0.002564,172.217.194.0-255,2184,264571,48,301491
5357,0.002567,172.31.46.0-255,66,264637,48,301491
5358,0.002573,172.217.194.0-255,5738,270375,48,301491
5359,0.002576,172.31.46.0-255,66,270441,48,301491
5360,0.002598,172.217.194.0-255,1484,271925,48,301491
5361,0.002633,172.217.194.0-255,5738,277663,48,301491
5362,0.002636,172.31.46.0-255,66,277729,48,301491
5363,0.002675,172.217.194.0-255,4320,282049,48,301491
5364,0.002677,172.31.46.0-255,66,282115,48,301491
5365,0.002716,172.31.46.0-255,66,282181,48,301491
5366,0.002723,172.217.194.0-255,6438,288619,48,301491
5367,0.002725,172.31.46.0-255,66,288685,48,301491
5368,0.002736,172.217.194.0-255,6007,294692,48,301491
5369,0.002739,172.31.46.0-255,66,294758,48,301491
5370,0.002741,172.217.194.0-255,105,294863,48,301491
5371,0.006707,172.31.46.0-255,105,294968,48,301491
5372,0.009312,172.217.194.0-255,66,295034,48,301491
5373,0.030709,172.31.46.0-255,172,295206,48,301491
5374,0.030738,172.31.46.0-255,1108,296314,48,301491
5375,0.030791,172.31.46.0-255,1514,297828,48,301491
5376,0.030792,172.31.46.0-255,1514,299342,48,301491
5377,0.030793,172.31.46.0-255,1514,300856,48,301491
5378,0.030799,172.31.46.0-255,371,301227,48,301491
5379,0.032427,104.244.42.0-255,66,301293,48,301491
5380,0.032501,104.244.42.0-255,66,301359,48,301491
5381,0.032521,104.244.42.0-255,66,301425,48,301491
5382,0.032533,104.244.42.0-255,66,301491,48,301491
5383,0.0,172.217.194.0-255,152,152,48,138202
5384,2.2e-05,172.31.46.0-255,66,218,48,138202
5385,2.9e-05,172.217.194.0-255,1484,1702,48,138202
5386,3.3e-05,172.31.46.0-255,66,1768,48,138202
5387,3.6e-05,172.217.194.0-255,1484,3252,48,138202
5388,3.9e-05,172.31.46.0-255,66,3318,48,138202
5389,4.5e-05,172.217.194.0-255,4320,7638,48,138202
5390,4.8e-05,172.31.46.0-255,66,7704,48,138202
5391,5.5e-05,172.217.194.0-255,7156,14860,48,138202
5392,5.9e-05,172.31.46.0-255,66,14926,48,138202
5393,8.7e-05,172.217.194.0-255,3425,18351,48,138202
5394,9e-05,172.31.46.0-255,66,18417,48,138202
5395,0.000103,172.31.46.0-255,66,18483,48,138202
5396,0.000106,172.217.194.0-255,1125,19608,48,138202
5397,0.000108,172.31.46.0-255,66,19674,48,138202
5398,0.000131,172.217.194.0-255,1484,21158,48,138202
5399,0.000134,172.31.46.0-255,66,21224,48,138202
5400,0.000138,172.217.194.0-255,2902,24126,48,138202
5401,0.00014,172.31.46.0-255,66,24192,48,138202
5402,0.000155,172.217.194.0-255,1484,25676,48,138202
5403,0.000157,172.31.46.0-255,66,25742,48,138202
5404,0.000175,172.217.194.0-255,4320,30062,48,138202
5405,0.000178,172.31.46.0-255,66,30128,48,138202
5406,0.000192,172.217.194.0-255,5738,35866,48,138202
5407,0.000194,172.31.46.0-255,66,35932,48,138202
5408,0.000207,172.31.46.0-255,66,35998,48,138202
5409,0.000232,172.217.194.0-255,2902,38900,48,138202
5410,0.000234,172.31.46.0-255,66,38966,48,138202
5411,0.000255,172.217.194.0-255,3602,42568,48,138202
5412,0.000258,172.31.46.0-255,66,42634,48,138202
5413,0.000261,172.217.194.0-255,409,43043,48,138202
5414,0.000293,172.217.194.0-255,1484,44527,48,138202
5415,0.000295,172.31.46.0-255,66,44593,48,138202
5416,0.000318,172.217.194.0-255,4320,48913,48,138202
5417,0.000321,172.31.46.0-255,66,48979,48,138202
5418,0.000325,172.217.194.0-255,2902,51881,48,138202
5419,0.000327,172.31.46.0-255,66,51947,48,138202
5420,0.000341,172.217.194.0-255,4320,56267,48,138202
5421,0.000344,172.31.46.0-255,66,56333,48,138202
5422,0.000357,172.217.194.0-255,4320,60653,48,138202
5423,0.00036,172.31.46.0-255,66,60719,48,138202
5424,0.000379,172.217.194.0-255,4320,65039,48,138202
5425,0.000382,172.31.46.0-255,66,65105,48,138202
5426,0.000394,172.31.46.0-255,66,65171,48,138202
5427,0.000441,172.217.194.0-255,2184,67355,48,138202
5428,0.000444,172.31.46.0-255,66,67421,48,138202
5429,0.000458,172.217.194.0-255,2902,70323,48,138202
5430,0.000461,172.31.46.0-255,66,70389,48,138202
5431,0.000481,172.217.194.0-255,1484,71873,48,138202
5432,0.000485,172.217.194.0-255,2902,74775,48,138202
5433,0.000488,172.31.46.0-255,66,74841,48,138202
5434,0.000513,172.217.194.0-255,5738,80579,48,138202
5435,0.000516,172.31.46.0-255,66,80645,48,138202
5436,0.000546,172.31.46.0-255,66,80711,48,138202
5437,0.00059,172.31.46.0-255,66,80777,48,138202
5438,0.000716,172.217.194.0-255,1484,82261,48,138202
5439,0.000719,172.217.194.0-255,1484,83745,48,138202
5440,0.000725,172.31.46.0-255,66,83811,48,138202
5441,0.000742,172.217.194.0-255,1484,85295,48,138202
5442,0.000749,172.217.194.0-255,5738,91033,48,138202
5443,0.000752,172.31.46.0-255,66,91099,48,138202
5444,0.000763,172.31.46.0-255,66,91165,48,138202
5445,0.000788,172.217.194.0-255,4320,95485,48,138202
5446,0.000791,172.31.46.0-255,66,95551,48,138202
5447,0.000803,172.31.46.0-255,66,95617,48,138202
5448,0.000909,172.217.194.0-255,1484,97101,48,138202
5449,0.000914,172.217.194.0-255,2902,100003,48,138202
5450,0.000918,172.31.46.0-255,66,100069,48,138202
5451,0.000923,172.217.194.0-255,2902,102971,48,138202
5452,0.000926,172.31.46.0-255,66,103037,48,138202
5453,0.000941,172.217.194.0-255,2902,105939,48,138202
5454,0.000945,172.217.194.0-255,2902,108841,48,138202
5455,0.000949,172.31.46.0-255,66,108907,48,138202
5456,0.000953,172.31.46.0-255,66,108973,48,138202
5457,0.000983,172.217.194.0-255,2902,111875,48,138202
5458,0.000987,172.31.46.0-255,66,111941,48,138202
5459,0.00099,172.31.46.0-255,66,112007,48,138202
5460,0.001029,172.31.46.0-255,66,112073,48,138202
5461,0.001048,172.31.46.0-255,66,112139,48,138202
5462,0.001055,172.217.194.0-255,7156,119295,48,138202
5463,0.001057,172.31.46.0-255,66,119361,48,138202
5464,0.001092,172.217.194.0-255,5738,125099,48,138202
5465,0.001096,172.31.46.0-255,66,125165,48,138202
5466,0.001145,172.217.194.0-255,1484,126649,48,138202
5467,0.001154,172.31.46.0-255,66,126715,48,138202
5468,0.001296,172.31.46.0-255,66,126781,48,138202
5469,0.001347,172.31.46.0-255,66,126847,48,138202
5470,0.001378,172.217.194.0-255,5738,132585,48,138202
5471,0.001412,172.217.194.0-255,97,132682,48,138202
5472,0.001415,172.217.194.0-255,105,132787,48,138202
5473,0.001418,172.31.46.0-255,66,132853,48,138202
5474,0.001424,172.31.46.0-255,66,132919,48,138202
5475,0.004331,172.31.46.0-255,105,133024,48,138202
5476,0.006703,172.217.194.0-255,66,133090,48,138202
5477,0.028446,172.31.46.0-255,172,133262,48,138202
5478,0.028478,172.31.46.0-255,1111,134373,48,138202
5479,0.028538,172.31.46.0-255,1514,135887,48,138202
5480,0.02854,172.31.46.0-255,1514,137401,48,138202
5481,0.028562,172.31.46.0-255,603,138004,48,138202
5482,0.030105,104.244.42.0-255,66,138070,48,138202
5483,0.030136,104.244.42.0-255,66,138136,48,138202
5484,0.030214,104.244.42.0-255,66,138202,48,138202
5485,0.0,74.125.130.0-255,155,155,48,226515
5486,1.3e-05,172.31.46.0-255,66,221,48,226515
5487,3.5e-05,74.125.130.0-255,1484,1705,48,226515
5488,4e-05,172.31.46.0-255,66,1771,48,226515
5489,4.4e-05,74.125.130.0-255,2902,4673,48,226515
5490,4.8e-05,172.31.46.0-255,66,4739,48,226515
5491,5.4e-05,74.125.130.0-255,7156,11895,48,226515
5492,5.7e-05,172.31.46.0-255,66,11961,48,226515
5493,6.1e-05,74.125.130.0-255,2902,14863,48,226515
5494,6.4e-05,172.31.46.0-255,66,14929,48,226515
5495,8.9e-05,74.125.130.0-255,2098,17027,48,226515
5496,9.1e-05,172.31.46.0-255,66,17093,48,226515
5497,9.6e-05,74.125.130.0-255,5738,22831,48,226515
5498,9.8e-05,172.31.46.0-255,66,22897,48,226515
5499,0.000126,172.31.46.0-255,66,22963,48,226515
5500,0.000326,74.125.130.0-255,1484,24447,48,226515
5501,0.00033,172.31.46.0-255,66,24513,48,226515
5502,0.000336,74.125.130.0-255,2902,27415,48,226515
5503,0.000338,172.31.46.0-255,66,27481,48,226515
5504,0.00034,74.125.130.0-255,1484,28965,48,226515
5505,0.000342,172.31.46.0-255,66,29031,48,226515
5506,0.00037,74.125.130.0-255,4320,33351,48,226515
5507,0.000373,172.31.46.0-255,66,33417,48,226515
5508,0.000387,74.125.130.0-255,6797,40214,48,226515
5509,0.00039,172.31.46.0-255,66,40280,48,226515
5510,0.000394,74.125.130.0-255,4320,44600,48,226515
5511,0.000396,172.31.46.0-255,66,44666,48,226515
5512,0.000417,74.125.130.0-255,2902,47568,48,226515
5513,0.000419,172.31.46.0-255,66,47634,48,226515
5514,0.000425,74.125.130.0-255,5738,53372,48,226515
5515,0.000427,172.31.46.0-255,66,53438,48,226515
5516,0.000442,74.125.130.0-255,4218,57656,48,226515
5517,0.000444,172.31.46.0-255,66,57722,48,226515
5518,0.000556,74.125.130.0-255,114,57836,48,226515
5519,0.000652,74.125.130.0-255,1484,59320,48,226515
5520,0.00066,172.31.46.0-255,66,59386,48,226515
5521,0.000666,74.125.130.0-255,2902,62288,48,226515
5522,0.000668,172.31.46.0-255,66,62354,48,226515
5523,0.000686,74.125.130.0-255,4320,66674,48,226515
5524,0.000688,172.31.46.0-255,66,66740,48,226515
5525,0.000712,172.31.46.0-255,66,66806,48,226515
5526,0.000732,74.125.130.0-255,4320,71126,48,226515
5527,0.000734,172.31.46.0-255,66,71192,48,226515
5528,0.000767,172.31.46.0-255,66,71258,48,226515
5529,0.001969,74.125.130.0-255,1484,72742,48,226515
5530,0.001979,74.125.130.0-255,2902,75644,48,226515
5531,0.001983,172.31.46.0-255,66,75710,48,226515
5532,0.001991,74.125.130.0-255,5738,81448,48,226515
5533,0.001992,172.31.46.0-255,66,81514,48,226515
5534,0.002015,74.125.130.0-255,5738,87252,48,226515
5535,0.002017,172.31.46.0-255,66,87318,48,226515
5536,0.002034,74.125.130.0-255,1484,88802,48,226515
5537,0.002039,74.125.130.0-255,4320,93122,48,226515
5538,0.00204,172.31.46.0-255,66,93188,48,226515
5539,0.002061,172.31.46.0-255,66,93254,48,226515
5540,0.002095,74.125.130.0-255,2184,95438,48,226515
5541,0.002097,172.31.46.0-255,66,95504,48,226515
5542,0.004275,74.125.130.0-255,2902,98406,48,226515
5543,0.004282,172.31.46.0-255,66,98472,48,226515
5544,0.004296,74.125.130.0-255,1484,99956,48,226515
5545,0.004308,74.125.130.0-255,1484,101440,48,226515
5546,0.00431,172.31.46.0-255,66,101506,48,226515
5547,0.006515,74.125.130.0-255,2902,104408,48,226515
5548,0.006522,172.31.46.0-255,66,104474,48,226515
5549,0.006542,74.125.130.0-255,2902,107376,48,226515
5550,0.006545,172.31.46.0-255,66,107442,48,226515
5551,0.008748,74.125.130.0-255,2902,110344,48,226515
5552,0.008756,172.31.46.0-255,66,110410,48,226515
5553,0.00878,74.125.130.0-255,2902,113312,48,226515
5554,0.008783,172.31.46.0-255,66,113378,48,226515
5555,0.010987,74.125.130.0-255,2902,116280,48,226515
5556,0.010998,172.31.46.0-255,66,116346,48,226515
5557,0.01102,74.125.130.0-255,2902,119248,48,226515
5558,0.011022,172.31.46.0-255,66,119314,48,226515
5559,0.01324,74.125.130.0-255,5738,125052,48,226515
5560,0.013253,172.31.46.0-255,66,125118,48,226515
5561,0.015492,74.125.130.0-255,5738,130856,48,226515
5562,0.015506,172.31.46.0-255,66,130922,48,226515
5563,0.017735,74.125.130.0-255,5738,136660,48,226515
5564,0.017746,172.31.46.0-255,66,136726,48,226515
5565,0.019977,74.125.130.0-255,5738,142464,48,226515
5566,0.019988,172.31.46.0-255,66,142530,48,226515
5567,0.022227,74.125.130.0-255,5738,148268,48,226515
5568,0.022236,172.31.46.0-255,66,148334,48,226515
5569,0.024463,74.125.130.0-255,5738,154072,48,226515
5570,0.024469,172.31.46.0-255,66,154138,48,226515
5571,0.025535,172.31.46.0-255,176,154314,48,226515
5572,0.025568,172.31.46.0-255,1107,155421,48,226515
5573,0.025632,172.31.46.0-255,1514,156935,48,226515
5574,0.025634,172.31.46.0-255,1514,158449,48,226515
5575,0.025635,172.31.46.0-255,1514,159963,48,226515
5576,0.025636,172.31.46.0-255,1514,161477,48,226515
5577,0.025662,172.31.46.0-255,930,162407,48,226515
5578,0.026701,74.125.130.0-255,5738,168145,48,226515
5579,0.026707,172.31.46.0-255,66,168211,48,226515
5580,0.02706,104.244.42.0-255,66,168277,48,226515
5581,0.027154,104.244.42.0-255,66,168343,48,226515
5582,0.027206,104.244.42.0-255,66,168409,48,226515
5583,0.027216,104.244.42.0-255,66,168475,48,226515
5584,0.028928,74.125.130.0-255,5738,174213,48,226515
5585,0.028933,172.31.46.0-255,66,174279,48,226515
5586,0.031154,74.125.130.0-255,5738,180017,48,226515
5587,0.031159,172.31.46.0-255,66,180083,48,226515
5588,0.033397,74.125.130.0-255,5738,185821,48,226515
5589,0.033403,172.31.46.0-255,66,185887,48,226515
5590,0.035634,74.125.130.0-255,5738,191625,48,226515
5591,0.03564,172.31.46.0-255,66,191691,48,226515
5592,0.037878,74.125.130.0-255,5738,197429,48,226515
5593,0.037884,172.31.46.0-255,66,197495,48,226515
5594,0.040117,74.125.130.0-255,5738,203233,48,226515
5595,0.040124,172.31.46.0-255,66,203299,48,226515
5596,0.04236,74.125.130.0-255,5738,209037,48,226515
5597,0.042367,172.31.46.0-255,66,209103,48,226515
5598,0.04461,74.125.130.0-255,5738,214841,48,226515
5599,0.044619,172.31.46.0-255,66,214907,48,226515
5600,0.046861,74.125.130.0-255,5738,220645,48,226515
5601,0.046867,172.31.46.0-255,66,220711,48,226515
5602,0.049106,74.125.130.0-255,5738,226449,48,226515
5603,0.049112,172.31.46.0-255,66,226515,48,226515
5604,0.0,172.217.194.0-255,153,153,48,240325
5605,1.9e-05,172.217.194.0-255,1484,1637,48,240325
5606,3.1e-05,172.31.46.0-255,66,1703,48,240325
5607,3.9e-05,172.217.194.0-255,2902,4605,48,240325
5608,4.3e-05,172.31.46.0-255,66,4671,48,240325
5609,5.1e-05,172.217.194.0-255,7156,11827,48,240325
5610,5.4e-05,172.31.46.0-255,66,11893,48,240325
5611,5.8e-05,172.217.194.0-255,2090,13983,48,240325
5612,6.2e-05,172.31.46.0-255,66,14049,48,240325
5613,0.000156,172.217.194.0-255,1484,15533,48,240325
5614,0.00016,172.217.194.0-255,1484,17017,48,240325
5615,0.000167,172.31.46.0-255,66,17083,48,240325
5616,0.000181,172.217.194.0-255,1484,18567,48,240325
5617,0.000188,172.217.194.0-255,5738,24305,48,240325
5618,0.00019,172.31.46.0-255,66,24371,48,240325
5619,0.00022,172.217.194.0-255,6797,31168,48,240325
5620,0.000223,172.31.46.0-255,66,31234,48,240325
5621,0.000247,172.217.194.0-255,7156,38390,48,240325
5622,0.00025,172.31.46.0-255,66,38456,48,240325
5623,0.000271,172.217.194.0-255,5738,44194,48,240325
5624,0.000275,172.31.46.0-255,66,44260,48,240325
5625,0.000307,172.217.194.0-255,7156,51416,48,240325
5626,0.00031,172.31.46.0-255,66,51482,48,240325
5627,0.000326,172.31.46.0-255,66,51548,48,240325
5628,0.000328,172.217.194.0-255,342,51890,48,240325
5629,0.000347,172.217.194.0-255,431,52321,48,240325
5630,0.000751,172.217.194.0-255,1484,53805,48,240325
5631,0.000756,172.31.46.0-255,66,53871,48,240325
5632,0.000762,172.217.194.0-255,2902,56773,48,240325
5633,0.000765,172.31.46.0-255,66,56839,48,240325
5634,0.000779,172.217.194.0-255,1484,58323,48,240325
5635,0.000794,172.217.194.0-255,4320,62643,48,240325
5636,0.000797,172.31.46.0-255,66,62709,48,240325
5637,0.000814,172.217.194.0-255,2902,65611,48,240325
5638,0.000816,172.31.46.0-255,66,65677,48,240325
5639,0.000854,172.31.46.0-255,66,65743,48,240325
5640,0.000858,172.217.194.0-255,1484,67227,48,240325
5641,0.000866,172.217.194.0-255,7156,74383,48,240325
5642,0.000869,172.31.46.0-255,66,74449,48,240325
5643,0.000884,172.217.194.0-255,2184,76633,48,240325
5644,0.000886,172.31.46.0-255,66,76699,48,240325
5645,0.001277,172.217.194.0-255,1484,78183,48,240325
5646,0.001284,172.217.194.0-255,2902,81085,48,240325
5647,0.001288,172.31.46.0-255,66,81151,48,240325
5648,0.001293,172.217.194.0-255,4320,85471,48,240325
5649,0.001295,172.31.46.0-255,66,85537,48,240325
5650,0.001318,172.217.194.0-255,1484,87021,48,240325
5651,0.001325,172.217.194.0-255,5738,92759,48,240325
5652,0.001327,172.31.46.0-255,66,92825,48,240325
5653,0.001342,172.217.194.0-255,4320,97145,48,240325
5654,0.001344,172.31.46.0-255,66,97211,48,240325
5655,0.001359,172.217.194.0-255,2902,100113,48,240325
5656,0.001361,172.31.46.0-255,66,100179,48,240325
5657,0.001373,172.31.46.0-255,66,100245,48,240325
5658,0.002852,172.217.194.0-255,1484,101729,48,240325
5659,0.002864,172.217.194.0-255,2902,104631,48,240325
5660,0.002869,172.31.46.0-255,66,104697,48,240325
5661,0.002877,172.217.194.0-255,5738,110435,48,240325
5662,0.002879,172.31.46.0-255,66,110501,48,240325
5663,0.002916,172.31.46.0-255,66,110567,48,240325
5664,0.002944,172.217.194.0-255,4320,114887,48,240325
5665,0.002947,172.31.46.0-255,66,114953,48,240325
5666,0.002959,172.31.46.0-255,66,115019,48,240325
5667,0.003104,172.217.194.0-255,1484,116503,48,240325
5668,0.003138,172.217.194.0-255,1484,117987,48,240325
5669,0.00314,172.31.46.0-255,66,118053,48,240325
5670,0.003158,172.217.194.0-255,1484,119537,48,240325
5671,0.003162,172.217.194.0-255,2902,122439,48,240325
5672,0.003164,172.31.46.0-255,66,122505,48,240325
5673,0.003167,172.217.194.0-255,1484,123989,48,240325
5674,0.003196,172.31.46.0-255,66,124055,48,240325
5675,0.003206,172.31.46.0-255,66,124121,48,240325
5676,0.003237,172.217.194.0-255,4320,128441,48,240325
5677,0.00324,172.31.46.0-255,66,128507,48,240325
5678,0.003271,172.31.46.0-255,66,128573,48,240325
5679,0.003274,172.217.194.0-255,1484,130057,48,240325
5680,0.003277,172.31.46.0-255,78,130135,48,240325
5681,0.00328,172.217.194.0-255,1484,131619,48,240325
5682,0.003283,172.31.46.0-255,66,131685,48,240325
5683,0.003297,172.31.46.0-255,66,131751,48,240325
5684,0.003333,172.31.46.0-255,66,131817,48,240325
5685,0.003337,172.217.194.0-255,2184,134001,48,240325
5686,0.003339,172.31.46.0-255,66,134067,48,240325
5687,0.003343,172.217.194.0-255,2902,136969,48,240325
5688,0.003345,172.31.46.0-255,66,137035,48,240325
5689,0.003348,172.217.194.0-255,1484,138519,48,240325
5690,0.003373,172.217.194.0-255,5738,144257,48,240325
5691,0.003376,172.31.46.0-255,66,144323,48,240325
5692,0.003381,172.217.194.0-255,4320,148643,48,240325
5693,0.003383,172.31.46.0-255,66,148709,48,240325
5694,0.003413,172.217.194.0-255,4320,153029,48,240325
5695,0.003416,172.31.46.0-255,66,153095,48,240325
5696,0.003433,172.217.194.0-255,2902,155997,48,240325
5697,0.003435,172.31.46.0-255,66,156063,48,240325
5698,0.00344,172.217.194.0-255,4320,160383,48,240325
5699,0.003443,172.31.46.0-255,66,160449,48,240325
5700,0.003473,172.31.46.0-255,66,160515,48,240325
5701,0.003483,172.31.46.0-255,66,160581,48,240325
5702,0.0035,172.217.194.0-255,4320,164901,48,240325
5703,0.003502,172.31.46.0-255,66,164967,48,240325
5704,0.003507,172.217.194.0-255,4320,169287,48,240325
5705,0.003509,172.31.46.0-255,66,169353,48,240325
5706,0.003544,172.31.46.0-255,66,169419,48,240325
5707,0.003564,172.217.194.0-255,5738,175157,48,240325
5708,0.003566,172.31.46.0-255,66,175223,48,240325
5709,0.003587,172.217.194.0-255,2184,177407,48,240325
5710,0.003589,172.31.46.0-255,66,177473,48,240325
5711,0.003597,172.217.194.0-255,7156,184629,48,240325
5712,0.0036,172.31.46.0-255,66,184695,48,240325
5713,0.003616,172.217.194.0-255,7156,191851,48,240325
5714,0.003618,172.31.46.0-255,66,191917,48,240325
5715,0.003642,172.217.194.0-255,5738,197655,48,240325
5716,0.003645,172.31.46.0-255,66,197721,48,240325
5717,0.003673,172.31.46.0-255,66,197787,48,240325
5718,0.003738,172.31.46.0-255,66,197853,48,240325
5719,0.003741,172.217.194.0-255,1484,199337,48,240325
5720,0.003755,172.31.46.0-255,66,199403,48,240325
5721,0.003774,172.217.194.0-255,2184,201587,48,240325
5722,0.003776,172.31.46.0-255,66,201653,48,240325
5723,0.004007,172.217.194.0-255,1484,203137,48,240325
5724,0.004012,172.217.194.0-255,2902,206039,48,240325
5725,0.004015,172.31.46.0-255,66,206105,48,240325
5726,0.004021,172.217.194.0-255,5738,211843,48,240325
5727,0.004023,172.31.46.0-255,66,211909,48,240325
5728,0.004047,172.217.194.0-255,4320,216229,48,240325
5729,0.00405,172.31.46.0-255,66,216295,48,240325
5730,0.004069,172.217.194.0-255,2902,219197,48,240325
5731,0.004071,172.31.46.0-255,66,219263,48,240325
5732,0.004075,172.217.194.0-255,2902,222165,48,240325
5733,0.004077,172.31.46.0-255,66,222231,48,240325
5734,0.004095,172.217.194.0-255,5738,227969,48,240325
5735,0.004097,172.31.46.0-255,66,228035,48,240325
5736,0.004125,172.31.46.0-255,66,228101,48,240325
5737,0.004145,172.217.194.0-255,1484,229585,48,240325
5738,0.004165,172.217.194.0-255,3774,233359,48,240325
5739,0.004168,172.31.46.0-255,66,233425,48,240325
5740,0.004171,172.217.194.0-255,105,233530,48,240325
5741,0.00482,172.31.46.0-255,101,233631,48,240325
5742,0.006664,172.31.46.0-255,105,233736,48,240325
5743,0.007212,172.217.194.0-255,66,233802,48,240325
5744,0.009011,172.217.194.0-255,66,233868,48,240325
5745,0.03772,172.31.46.0-255,172,234040,48,240325
5746,0.037755,172.31.46.0-255,1108,235148,48,240325
5747,0.037817,172.31.46.0-255,1514,236662,48,240325
5748,0.037819,172.31.46.0-255,1514,238176,48,240325
5749,0.03782,172.31.46.0-255,1514,239690,48,240325
5750,0.037821,172.31.46.0-255,371,240061,48,240325
5751,0.039382,104.244.42.0-255,66,240127,48,240325
5752,0.039449,104.244.42.0-255,66,240193,48,240325
5753,0.039486,104.244.42.0-255,66,240259,48,240325
5754,0.03949,104.244.42.0-255,66,240325,48,240325
5755,0.0,172.217.194.0-255,153,153,48,240105
5756,1.2e-05,172.31.46.0-255,66,219,48,240105
5757,1.7e-05,172.217.194.0-255,1484,1703,48,240105
5758,2.1e-05,172.31.46.0-255,66,1769,48,240105
5759,2.6e-05,172.217.194.0-255,2902,4671,48,240105
5760,2.8e-05,172.31.46.0-255,66,4737,48,240105
5761,4.9e-05,172.217.194.0-255,4320,9057,48,240105
5762,5.1e-05,172.31.46.0-255,66,9123,48,240105
5763,7.1e-05,172.217.194.0-255,2902,12025,48,240105
5764,7.3e-05,172.31.46.0-255,66,12091,48,240105
5765,7.7e-05,172.217.194.0-255,2040,14131,48,240105
5766,7.9e-05,172.31.46.0-255,66,14197,48,240105
5767,9.1e-05,172.217.194.0-255,1484,15681,48,240105
5768,9.3e-05,172.31.46.0-255,66,15747,48,240105
5769,0.000135,172.217.194.0-255,1484,17231,48,240105
5770,0.000138,172.31.46.0-255,66,17297,48,240105
5771,0.000145,172.217.194.0-255,7156,24453,48,240105
5772,0.000148,172.31.46.0-255,66,24519,48,240105
5773,0.000154,172.217.194.0-255,6797,31316,48,240105
5774,0.000156,172.31.46.0-255,66,31382,48,240105
5775,0.00018,172.217.194.0-255,1484,32866,48,240105
5776,0.000182,172.31.46.0-255,66,32932,48,240105
5777,0.000186,172.217.194.0-255,2902,35834,48,240105
5778,0.000188,172.31.46.0-255,66,35900,48,240105
5779,0.000192,172.217.194.0-255,2902,38802,48,240105
5780,0.000193,172.31.46.0-255,66,38868,48,240105
5781,0.000207,172.217.194.0-255,2902,41770,48,240105
5782,0.000209,172.31.46.0-255,66,41836,48,240105
5783,0.00023,172.217.194.0-255,5738,47574,48,240105
5784,0.000232,172.31.46.0-255,66,47640,48,240105
5785,0.000245,172.217.194.0-255,1125,48765,48,240105
5786,0.000246,172.31.46.0-255,66,48831,48,240105
5787,0.00025,172.217.194.0-255,2902,51733,48,240105
5788,0.000252,172.31.46.0-255,66,51799,48,240105
5789,0.000279,172.217.194.0-255,4320,56119,48,240105
5790,0.000281,172.31.46.0-255,66,56185,48,240105
5791,0.000291,172.31.46.0-255,66,56251,48,240105
5792,0.000305,172.217.194.0-255,435,56686,48,240105
5793,0.000599,172.217.194.0-255,1484,58170,48,240105
5794,0.000604,172.31.46.0-255,66,58236,48,240105
5795,0.000609,172.217.194.0-255,2902,61138,48,240105
5796,0.000611,172.31.46.0-255,66,61204,48,240105
5797,0.000614,172.217.194.0-255,1484,62688,48,240105
5798,0.000629,172.217.194.0-255,4320,67008,48,240105
5799,0.000634,172.31.46.0-255,66,67074,48,240105
5800,0.000664,172.217.194.0-255,4320,71394,48,240105
5801,0.000666,172.31.46.0-255,66,71460,48,240105
5802,0.000692,172.217.194.0-255,4320,75780,48,240105
5803,0.000694,172.31.46.0-255,66,75846,48,240105
5804,0.000704,172.31.46.0-255,66,75912,48,240105
5805,0.000709,172.217.194.0-255,5020,80932,48,240105
5806,0.00071,172.31.46.0-255,66,80998,48,240105
5807,0.000733,172.217.194.0-255,1484,82482,48,240105
5808,0.000749,172.217.194.0-255,4320,86802,48,240105
5809,0.000752,172.31.46.0-255,66,86868,48,240105
5810,0.000757,172.217.194.0-255,5738,92606,48,240105
5811,0.000759,172.31.46.0-255,66,92672,48,240105
5812,0.000772,172.217.194.0-255,2902,95574,48,240105
5813,0.000774,172.31.46.0-255,66,95640,48,240105
5814,0.000796,172.31.46.0-255,66,95706,48,240105
5815,0.000833,172.31.46.0-255,66,95772,48,240105
5816,0.000849,172.217.194.0-255,2902,98674,48,240105
5817,0.000851,172.31.46.0-255,66,98740,48,240105
5818,0.000871,172.217.194.0-255,5738,104478,48,240105
5819,0.000876,172.217.194.0-255,7156,111634,48,240105
5820,0.000879,172.31.46.0-255,101,111735,48,240105
5821,0.000884,172.31.46.0-255,66,111801,48,240105
5822,0.000886,172.31.46.0-255,66,111867,48,240105
5823,0.000899,172.217.194.0-255,2902,114769,48,240105
5824,0.000902,172.31.46.0-255,66,114835,48,240105
5825,0.000917,172.217.194.0-255,4320,119155,48,240105
5826,0.00092,172.31.46.0-255,66,119221,48,240105
5827,0.000955,172.31.46.0-255,66,119287,48,240105
5828,0.000983,172.217.194.0-255,1484,120771,48,240105
5829,0.001001,172.217.194.0-255,2902,123673,48,240105
5830,0.001004,172.31.46.0-255,66,123739,48,240105
5831,0.001045,172.217.194.0-255,4320,128059,48,240105
5832,0.001047,172.31.46.0-255,66,128125,48,240105
5833,0.001076,172.217.194.0-255,1484,129609,48,240105
5834,0.00109,172.31.46.0-255,66,129675,48,240105
5835,0.001102,172.31.46.0-255,66,129741,48,240105
5836,0.001182,172.217.194.0-255,1484,131225,48,240105
5837,0.0012,172.217.194.0-255,2902,134127,48,240105
5838,0.001203,172.31.46.0-255,66,134193,48,240105
5839,0.001209,172.217.194.0-255,5738,139931,48,240105
5840,0.00121,172.31.46.0-255,66,139997,48,240105
5841,0.001253,172.31.46.0-255,66,140063,48,240105
5842,0.001275,172.217.194.0-255,5738,145801,48,240105
5843,0.001277,172.31.46.0-255,66,145867,48,240105
5844,0.001299,172.31.46.0-255,66,145933,48,240105
5845,0.001474,172.217.194.0-255,1484,147417,48,240105
5846,0.001479,172.217.194.0-255,2902,150319,48,240105
5847,0.001482,172.31.46.0-255,66,150385,48,240105
5848,0.001488,172.217.194.0-255,5738,156123,48,240105
5849,0.00149,172.31.46.0-255,66,156189,48,240105
5850,0.001521,172.217.194.0-255,5738,161927,48,240105
5851,0.001523,172.31.46.0-255,66,161993,48,240105
5852,0.001541,172.217.194.0-255,4320,166313,48,240105
5853,0.001543,172.31.46.0-255,66,166379,48,240105
5854,0.001577,172.31.46.0-255,66,166445,48,240105
5855,0.001602,172.217.194.0-255,2184,168629,48,240105
5856,0.001604,172.31.46.0-255,66,168695,48,240105
5857,0.001617,172.31.46.0-255,66,168761,48,240105
5858,0.001622,172.217.194.0-255,4320,173081,48,240105
5859,0.001624,172.31.46.0-255,66,173147,48,240105
5860,0.001674,172.217.194.0-255,5738,178885,48,240105
5861,0.001678,172.31.46.0-255,66,178951,48,240105
5862,0.001705,172.31.46.0-255,66,179017,48,240105
5863,0.001743,172.217.194.0-255,1484,180501,48,240105
5864,0.001747,172.217.194.0-255,2902,183403,48,240105
5865,0.001749,172.31.46.0-255,66,183469,48,240105
5866,0.001755,172.217.194.0-255,4320,187789,48,240105
5867,0.001756,172.31.46.0-255,66,187855,48,240105
5868,0.001773,172.217.194.0-255,1484,189339,48,240105
5869,0.001782,172.31.46.0-255,66,189405,48,240105
5870,0.001828,172.217.194.0-255,4320,193725,48,240105
5871,0.001832,172.31.46.0-255,66,193791,48,240105
5872,0.001847,172.31.46.0-255,66,193857,48,240105
5873,0.001852,172.217.194.0-255,4320,198177,48,240105
5874,0.001854,172.31.46.0-255,66,198243,48,240105
5875,0.001898,172.31.46.0-255,66,198309,48,240105
5876,0.001938,172.217.194.0-255,1484,199793,48,240105
5877,0.001945,172.31.46.0-255,66,199859,48,240105
5878,0.001953,172.217.194.0-255,766,200625,48,240105
5879,0.002062,172.217.194.0-255,1484,202109,48,240105
5880,0.002065,172.31.46.0-255,66,202175,48,240105
5881,0.00208,172.217.194.0-255,2902,205077,48,240105
5882,0.002082,172.31.46.0-255,66,205143,48,240105
5883,0.002086,172.217.194.0-255,2902,208045,48,240105
5884,0.002088,172.31.46.0-255,66,208111,48,240105
5885,0.002112,172.217.194.0-255,2902,211013,48,240105
5886,0.002125,172.217.194.0-255,5738,216751,48,240105
5887,0.00213,172.31.46.0-255,66,216817,48,240105
5888,0.002144,172.217.194.0-255,4320,221137,48,240105
5889,0.002149,172.31.46.0-255,66,221203,48,240105
5890,0.002156,172.217.194.0-255,1484,222687,48,240105
5891,0.002175,172.217.194.0-255,5020,227707,48,240105
5892,0.002181,172.31.46.0-255,66,227773,48,240105
5893,0.002212,172.217.194.0-255,3399,231172,48,240105
5894,0.002224,172.31.46.0-255,66,231238,48,240105
5895,0.002232,172.217.194.0-255,105,231343,48,240105
5896,0.003616,172.217.194.0-255,66,231409,48,240105
5897,0.009429,172.31.46.0-255,105,231514,48,240105
5898,0.012143,172.217.194.0-255,66,231580,48,240105
5899,0.02756,172.31.46.0-255,172,231752,48,240105
5900,0.02759,172.31.46.0-255,1111,232863,48,240105
5901,0.027642,172.31.46.0-255,1514,234377,48,240105
5902,0.027643,172.31.46.0-255,1514,235891,48,240105
5903,0.027645,172.31.46.0-255,1514,237405,48,240105
5904,0.027668,172.31.46.0-255,1514,238919,48,240105
5905,0.027669,172.31.46.0-255,922,239841,48,240105
5906,0.029198,104.244.42.0-255,66,239907,48,240105
5907,0.029462,104.244.42.0-255,66,239973,48,240105
5908,0.029464,104.244.42.0-255,66,240039,48,240105
5909,0.029467,104.244.42.0-255,66,240105,48,240105
5910,0.0,74.125.24.0-255,153,153,48,173952
5911,2.1e-05,172.31.46.0-255,66,219,48,173952
5912,2.8e-05,74.125.24.0-255,1484,1703,48,173952
5913,3.1e-05,172.31.46.0-255,66,1769,48,173952
5914,3.6e-05,74.125.24.0-255,2902,4671,48,173952
5915,3.9e-05,172.31.46.0-255,66,4737,48,173952
5916,5.2e-05,74.125.24.0-255,7156,11893,48,173952
5917,5.5e-05,172.31.46.0-255,66,11959,48,173952
5918,5.8e-05,74.125.24.0-255,1484,13443,48,173952
5919,6.1e-05,172.31.46.0-255,66,13509,48,173952
5920,0.000128,172.31.46.0-255,66,13575,48,173952
5921,0.000131,74.125.24.0-255,1484,15059,48,173952
5922,0.000133,172.31.46.0-255,66,15125,48,173952
5923,0.000175,74.125.24.0-255,5379,20504,48,173952
5924,0.000178,172.31.46.0-255,66,20570,48,173952
5925,0.000297,74.125.24.0-255,1484,22054,48,173952
5926,0.000301,172.31.46.0-255,66,22120,48,173952
5927,0.000307,74.125.24.0-255,2902,25022,48,173952
5928,0.000309,172.31.46.0-255,66,25088,48,173952
5929,0.000314,74.125.24.0-255,2902,27990,48,173952
5930,0.000316,172.31.46.0-255,66,28056,48,173952
5931,0.000346,74.125.24.0-255,2902,30958,48,173952
5932,0.000349,172.31.46.0-255,66,31024,48,173952
5933,0.000353,74.125.24.0-255,2902,33926,48,173952
5934,0.000355,172.31.46.0-255,66,33992,48,173952
5935,0.000389,172.31.46.0-255,66,34058,48,173952
5936,0.000401,172.31.46.0-255,66,34124,48,173952
5937,0.001429,74.125.24.0-255,109,34233,48,173952
5938,0.001436,172.31.46.0-255,66,34299,48,173952
5939,0.001445,74.125.24.0-255,332,34631,48,173952
5940,0.001632,74.125.24.0-255,1484,36115,48,173952
5941,0.001639,172.31.46.0-255,66,36181,48,173952
5942,0.001645,74.125.24.0-255,2902,39083,48,173952
5943,0.001647,172.31.46.0-255,66,39149,48,173952
5944,0.001659,74.125.24.0-255,5738,44887,48,173952
5945,0.001661,172.31.46.0-255,66,44953,48,173952
5946,0.00171,172.31.46.0-255,66,45019,48,173952
5947,0.001737,74.125.24.0-255,5738,50757,48,173952
5948,0.001739,172.31.46.0-255,66,50823,48,173952
5949,0.001767,74.125.24.0-255,5020,55843,48,173952
5950,0.00177,172.31.46.0-255,66,55909,48,173952
5951,0.00416,74.125.24.0-255,5738,61647,48,173952
5952,0.004165,172.31.46.0-255,66,61713,48,173952
5953,0.006579,74.125.24.0-255,5738,67451,48,173952
5954,0.006584,172.31.46.0-255,66,67517,48,173952
5955,0.008997,74.125.24.0-255,5738,73255,48,173952
5956,0.009007,172.31.46.0-255,66,73321,48,173952
5957,0.011428,74.125.24.0-255,5738,79059,48,173952
5958,0.011436,172.31.46.0-255,66,79125,48,173952
5959,0.013889,74.125.24.0-255,5738,84863,48,173952
5960,0.013899,172.31.46.0-255,66,84929,48,173952
5961,0.016314,74.125.24.0-255,5738,90667,48,173952
5962,0.016322,172.31.46.0-255,66,90733,48,173952
5963,0.018743,74.125.24.0-255,5738,96471,48,173952
5964,0.018749,172.31.46.0-255,66,96537,48,173952
5965,0.02119,74.125.24.0-255,5738,102275,48,173952
5966,0.021197,172.31.46.0-255,66,102341,48,173952
5967,0.023031,172.31.46.0-255,172,102513,48,173952
5968,0.023059,172.31.46.0-255,1111,103624,48,173952
5969,0.023111,172.31.46.0-255,1514,105138,48,173952
5970,0.023113,172.31.46.0-255,1514,106652,48,173952
5971,0.023114,172.31.46.0-255,1514,108166,48,173952
5972,0.023138,172.31.46.0-255,1514,109680,48,173952
5973,0.02314,172.31.46.0-255,922,110602,48,173952
5974,0.02359,74.125.24.0-255,5738,116340,48,173952
5975,0.023596,172.31.46.0-255,66,116406,48,173952
5976,0.024682,104.244.42.0-255,66,116472,48,173952
5977,0.024753,104.244.42.0-255,66,116538,48,173952
5978,0.024817,104.244.42.0-255,66,116604,48,173952
5979,0.02482,104.244.42.0-255,66,116670,48,173952
5980,0.026028,74.125.24.0-255,5738,122408,48,173952
5981,0.026033,172.31.46.0-255,66,122474,48,173952
5982,0.028466,74.125.24.0-255,5738,128212,48,173952
5983,0.028472,172.31.46.0-255,66,128278,48,173952
5984,0.030904,74.125.24.0-255,2902,131180,48,173952
5985,0.03091,172.31.46.0-255,66,131246,48,173952
5986,0.030937,74.125.24.0-255,2902,134148,48,173952
5987,0.03094,172.31.46.0-255,66,134214,48,173952
5988,0.033519,74.125.24.0-255,2902,137116,48,173952
5989,0.033525,172.31.46.0-255,66,137182,48,173952
5990,0.033574,74.125.24.0-255,2902,140084,48,173952
5991,0.033577,172.31.46.0-255,66,140150,48,173952
5992,0.035953,74.125.24.0-255,2902,143052,48,173952
5993,0.035958,172.31.46.0-255,66,143118,48,173952
5994,0.036041,74.125.24.0-255,2902,146020,48,173952
5995,0.036045,172.31.46.0-255,66,146086,48,173952
5996,0.038387,74.125.24.0-255,2902,148988,48,173952
5997,0.038397,172.31.46.0-255,66,149054,48,173952
5998,0.038426,74.125.24.0-255,1484,150538,48,173952
5999,0.038442,74.125.24.0-255,1484,152022,48,173952
6000,0.038445,172.31.46.0-255,66,152088,48,173952
6001,0.040849,74.125.24.0-255,4320,156408,48,173952
6002,0.040855,172.31.46.0-255,66,156474,48,173952
6003,0.04089,74.125.24.0-255,1484,157958,48,173952
6004,0.043281,74.125.24.0-255,4320,162278,48,173952
6005,0.043288,172.31.46.0-255,66,162344,48,173952
6006,0.045714,74.125.24.0-255,5738,168082,48,173952
6007,0.04572,172.31.46.0-255,66,168148,48,173952
6008,0.048176,74.125.24.0-255,5738,173886,48,173952
6009,0.048182,172.31.46.0-255,66,173952,48,173952
6010,0.0,172.31.46.0-255,105,105,48,276
6011,0.002088,157.240.13.0-255,105,210,48,276
6012,0.002104,172.31.46.0-255,66,276,48,276
6013,0.0,172.31.46.0-255,105,105,48,459
6014,0.000255,172.31.46.0-255,90,195,48,459
6015,0.000266,172.31.46.0-255,66,261,48,459
6016,0.002544,74.125.24.0-255,66,327,48,459
6017,0.002575,74.125.24.0-255,66,393,48,459
6018,0.002598,172.31.46.0-255,66,459,48,459
6019,0.0,172.253.118.0-255,293,293,48,233621
6020,2.3e-05,172.31.46.0-255,66,359,48,233621
6021,2.9e-05,172.253.118.0-255,1484,1843,48,233621
6022,3.4e-05,172.31.46.0-255,66,1909,48,233621
6023,4.9e-05,172.253.118.0-255,4320,6229,48,233621
6024,5.2e-05,172.31.46.0-255,66,6295,48,233621
6025,5.8e-05,172.253.118.0-255,4320,10615,48,233621
6026,6.1e-05,172.31.46.0-255,66,10681,48,233621
6027,0.000103,172.253.118.0-255,3248,13929,48,233621
6028,0.000106,172.31.46.0-255,66,13995,48,233621
6029,0.000218,172.253.118.0-255,1484,15479,48,233621
6030,0.000222,172.31.46.0-255,66,15545,48,233621
6031,0.000227,172.253.118.0-255,2902,18447,48,233621
6032,0.00023,172.31.46.0-255,66,18513,48,233621
6033,0.000264,172.253.118.0-255,5738,24251,48,233621
6034,0.000268,172.31.46.0-255,66,24317,48,233621
6035,0.000274,172.253.118.0-255,4320,28637,48,233621
6036,0.000276,172.31.46.0-255,66,28703,48,233621
6037,0.000279,172.253.118.0-255,1484,30187,48,233621
6038,0.000281,172.31.46.0-255,66,30253,48,233621
6039,0.000326,172.31.46.0-255,66,30319,48,233621
6040,0.000334,172.253.118.0-255,7156,37475,48,233621
6041,0.000336,172.31.46.0-255,66,37541,48,233621
6042,0.000373,172.253.118.0-255,4320,41861,48,233621
6043,0.000376,172.31.46.0-255,66,41927,48,233621
6044,0.00041,172.31.46.0-255,66,41993,48,233621
6045,0.000617,172.253.118.0-255,399,42392,48,233621
6046,0.00062,172.31.46.0-255,66,42458,48,233621
6047,0.000659,172.253.118.0-255,345,42803,48,233621
6048,0.000662,172.31.46.0-255,66,42869,48,233621
6049,0.000898,172.253.118.0-255,1484,44353,48,233621
6050,0.000904,172.253.118.0-255,1484,45837,48,233621
6051,0.000909,172.31.46.0-255,66,45903,48,233621
6052,0.000939,172.253.118.0-255,1484,47387,48,233621
6053,0.000946,172.253.118.0-255,5738,53125,48,233621
6054,0.000949,172.31.46.0-255,66,53191,48,233621
6055,0.000956,172.253.118.0-255,7156,60347,48,233621
6056,0.000959,172.31.46.0-255,66,60413,48,233621
6057,0.000996,172.253.118.0-255,5738,66151,48,233621
6058,0.000999,172.31.46.0-255,66,66217,48,233621
6059,0.001012,172.31.46.0-255,66,66283,48,233621
6060,0.001453,172.253.118.0-255,1484,67767,48,233621
6061,0.00146,172.253.118.0-255,2902,70669,48,233621
6062,0.001463,172.31.46.0-255,66,70735,48,233621
6063,0.001496,172.253.118.0-255,5738,76473,48,233621
6064,0.001499,172.31.46.0-255,66,76539,48,233621
6065,0.001538,172.31.46.0-255,66,76605,48,233621
6066,0.001546,172.253.118.0-255,7156,83761,48,233621
6067,0.001548,172.31.46.0-255,66,83827,48,233621
6068,0.001573,172.253.118.0-255,3602,87429,48,233621
6069,0.001576,172.31.46.0-255,66,87495,48,233621
6070,0.003537,172.253.118.0-255,1484,88979,48,233621
6071,0.003574,172.253.118.0-255,4320,93299,48,233621
6072,0.00358,172.31.46.0-255,66,93365,48,233621
6073,0.005563,172.253.118.0-255,2902,96267,48,233621
6074,0.005567,172.31.46.0-255,66,96333,48,233621
6075,0.005586,172.253.118.0-255,2902,99235,48,233621
6076,0.005588,172.31.46.0-255,66,99301,48,233621
6077,0.007575,172.253.118.0-255,5738,105039,48,233621
6078,0.007582,172.31.46.0-255,66,105105,48,233621
6079,0.009595,172.253.118.0-255,5738,110843,48,233621
6080,0.009602,172.31.46.0-255,66,110909,48,233621
6081,0.011601,172.253.118.0-255,5738,116647,48,233621
6082,0.011608,172.31.46.0-255,66,116713,48,233621
6083,0.013616,172.253.118.0-255,5738,122451,48,233621
6084,0.013624,172.31.46.0-255,66,122517,48,233621
6085,0.015626,172.253.118.0-255,5738,128255,48,233621
6086,0.015638,172.31.46.0-255,66,128321,48,233621
6087,0.017638,172.253.118.0-255,5738,134059,48,233621
6088,0.017645,172.31.46.0-255,66,134125,48,233621
6089,0.019658,172.253.118.0-255,5738,139863,48,233621
6090,0.01967,172.31.46.0-255,66,139929,48,233621
6091,0.021662,172.253.118.0-255,5738,145667,48,233621
6092,0.021669,172.31.46.0-255,66,145733,48,233621
6093,0.02369,172.253.118.0-255,5738,151471,48,233621
6094,0.023697,172.31.46.0-255,66,151537,48,233621
6095,0.025691,172.253.118.0-255,5738,157275,48,233621
6096,0.025697,172.31.46.0-255,66,157341,48,233621
6097,0.026614,172.31.46.0-255,172,157513,48,233621
6098,0.026642,172.31.46.0-255,1111,158624,48,233621
6099,0.026693,172.31.46.0-255,1514,160138,48,233621
6100,0.026694,172.31.46.0-255,1514,161652,48,233621
6101,0.026695,172.31.46.0-255,1514,163166,48,233621
6102,0.026696,172.31.46.0-255,369,163535,48,233621
6103,0.027701,172.253.118.0-255,5738,169273,48,233621
6104,0.027707,172.31.46.0-255,66,169339,48,233621
6105,0.028189,104.244.42.0-255,66,169405,48,233621
6106,0.028219,104.244.42.0-255,66,169471,48,233621
6107,0.028276,104.244.42.0-255,66,169537,48,233621
6108,0.028294,104.244.42.0-255,66,169603,48,233621
6109,0.029203,104.244.42.0-255,108,169711,48,233621
6110,0.02921,172.31.46.0-255,66,169777,48,233621
6111,0.029701,172.253.118.0-255,5738,175515,48,233621
6112,0.029707,172.31.46.0-255,66,175581,48,233621
6113,0.031687,172.253.118.0-255,5738,181319,48,233621
6114,0.031694,172.31.46.0-255,66,181385,48,233621
6115,0.033702,172.253.118.0-255,5738,187123,48,233621
6116,0.033708,172.31.46.0-255,66,187189,48,233621
6117,0.035708,172.253.118.0-255,5738,192927,48,233621
6118,0.035714,172.31.46.0-255,66,192993,48,233621
6119,0.03774,172.253.118.0-255,5738,198731,48,233621
6120,0.037746,172.31.46.0-255,66,198797,48,233621
6121,0.039746,172.253.118.0-255,5738,204535,48,233621
6122,0.039752,172.31.46.0-255,66,204601,48,233621
6123,0.041756,172.253.118.0-255,5738,210339,48,233621
6124,0.041762,172.31.46.0-255,66,210405,48,233621
6125,0.043766,172.253.118.0-255,5738,216143,48,233621
6126,0.043774,172.31.46.0-255,66,216209,48,233621
6127,0.045767,172.253.118.0-255,5738,221947,48,233621
6128,0.045773,172.31.46.0-255,66,222013,48,233621
6129,0.047751,172.253.118.0-255,5738,227751,48,233621
6130,0.047759,172.31.46.0-255,66,227817,48,233621
6131,0.049753,172.253.118.0-255,5738,233555,48,233621
6132,0.049759,172.31.46.0-255,66,233621,48,233621
6133,0.0,142.250.4.0-255,153,153,48,202401
6134,1.5e-05,142.250.4.0-255,1484,1637,48,202401
6135,2.2e-05,172.31.46.0-255,66,1703,48,202401
6136,3.1e-05,142.250.4.0-255,2902,4605,48,202401
6137,3.4e-05,172.31.46.0-255,66,4671,48,202401
6138,4.1e-05,142.250.4.0-255,5738,10409,48,202401
6139,4.5e-05,172.31.46.0-255,66,10475,48,202401
6140,6.3e-05,142.250.4.0-255,1484,11959,48,202401
6141,7.9e-05,142.250.4.0-255,2093,14052,48,202401
6142,8.2e-05,172.31.46.0-255,66,14118,48,202401
6143,0.000463,142.250.4.0-255,1484,15602,48,202401
6144,0.000472,142.250.4.0-255,2902,18504,48,202401
6145,0.000477,172.31.46.0-255,66,18570,48,202401
6146,0.000482,142.250.4.0-255,1484,20054,48,202401
6147,0.000503,142.250.4.0-255,4320,24374,48,202401
6148,0.000506,172.31.46.0-255,66,24440,48,202401
6149,0.000529,142.250.4.0-255,6797,31237,48,202401
6150,0.000532,172.31.46.0-255,66,31303,48,202401
6151,0.000571,142.250.4.0-255,5738,37041,48,202401
6152,0.000573,172.31.46.0-255,66,37107,48,202401
6153,0.000591,142.250.4.0-255,2902,40009,48,202401
6154,0.000594,172.31.46.0-255,66,40075,48,202401
6155,0.000609,142.250.4.0-255,4320,44395,48,202401
6156,0.000612,172.31.46.0-255,66,44461,48,202401
6157,0.000642,172.31.46.0-255,66,44527,48,202401
6158,0.000655,142.250.4.0-255,1484,46011,48,202401
6159,0.000676,142.250.4.0-255,4320,50331,48,202401
6160,0.000678,172.31.46.0-255,66,50397,48,202401
6161,0.000703,142.250.4.0-255,3602,53999,48,202401
6162,0.000705,172.31.46.0-255,66,54065,48,202401
6163,0.000812,142.250.4.0-255,363,54428,48,202401
6164,0.00085,142.250.4.0-255,128,54556,48,202401
6165,0.001289,142.250.4.0-255,1484,56040,48,202401
6166,0.001297,172.31.46.0-255,66,56106,48,202401
6167,0.001304,142.250.4.0-255,2902,59008,48,202401
6168,0.001307,172.31.46.0-255,66,59074,48,202401
6169,0.001314,142.250.4.0-255,5738,64812,48,202401
6170,0.001317,172.31.46.0-255,66,64878,48,202401
6171,0.001358,142.250.4.0-255,7156,72034,48,202401
6172,0.001362,172.31.46.0-255,66,72100,48,202401
6173,0.001368,142.250.4.0-255,4320,76420,48,202401
6174,0.00137,172.31.46.0-255,66,76486,48,202401
6175,0.001392,172.31.46.0-255,66,76552,48,202401
6176,0.001396,142.250.4.0-255,2184,78736,48,202401
6177,0.001398,172.31.46.0-255,66,78802,48,202401
6178,0.001437,142.250.4.0-255,4320,83122,48,202401
6179,0.001441,172.31.46.0-255,66,83188,48,202401
6180,0.001465,172.31.46.0-255,66,83254,48,202401
6181,0.001478,172.31.46.0-255,66,83320,48,202401
6182,0.001496,142.250.4.0-255,2902,86222,48,202401
6183,0.001499,172.31.46.0-255,66,86288,48,202401
6184,0.001513,172.31.46.0-255,66,86354,48,202401
6185,0.001527,172.31.46.0-255,66,86420,48,202401
6186,0.001591,172.31.46.0-255,66,86486,48,202401
6187,0.001594,142.250.4.0-255,348,86834,48,202401
6188,0.001815,142.250.4.0-255,1484,88318,48,202401
6189,0.001818,172.31.46.0-255,66,88384,48,202401
6190,0.001823,142.250.4.0-255,2902,91286,48,202401
6191,0.001826,172.31.46.0-255,66,91352,48,202401
6192,0.001829,142.250.4.0-255,1484,92836,48,202401
6193,0.001844,142.250.4.0-255,4320,97156,48,202401
6194,0.001847,172.31.46.0-255,66,97222,48,202401
6195,0.001883,172.31.46.0-255,66,97288,48,202401
6196,0.001886,142.250.4.0-255,1484,98772,48,202401
6197,0.001917,172.31.46.0-255,66,98838,48,202401
6198,0.001944,142.250.4.0-255,1484,100322,48,202401
6199,0.001962,142.250.4.0-255,2902,103224,48,202401
6200,0.001965,172.31.46.0-255,66,103290,48,202401
6201,0.001971,142.250.4.0-255,5738,109028,48,202401
6202,0.001974,172.31.46.0-255,66,109094,48,202401
6203,0.001986,142.250.4.0-255,1484,110578,48,202401
6204,0.002011,172.31.46.0-255,66,110644,48,202401
6205,0.002042,142.250.4.0-255,4320,114964,48,202401
6206,0.002044,172.31.46.0-255,66,115030,48,202401
6207,0.002077,172.31.46.0-255,66,115096,48,202401
6208,0.002101,142.250.4.0-255,1484,116580,48,202401
6209,0.002115,142.250.4.0-255,2902,119482,48,202401
6210,0.002118,172.31.46.0-255,66,119548,48,202401
6211,0.002121,142.250.4.0-255,1484,121032,48,202401
6212,0.002138,142.250.4.0-255,4320,125352,48,202401
6213,0.002141,172.31.46.0-255,66,125418,48,202401
6214,0.002148,142.250.4.0-255,7156,132574,48,202401
6215,0.002155,172.31.46.0-255,66,132640,48,202401
6216,0.00218,142.250.4.0-255,7156,139796,48,202401
6217,0.002183,172.31.46.0-255,66,139862,48,202401
6218,0.002207,142.250.4.0-255,7156,147018,48,202401
6219,0.002209,172.31.46.0-255,66,147084,48,202401
6220,0.002213,142.250.4.0-255,2184,149268,48,202401
6221,0.002215,172.31.46.0-255,66,149334,48,202401
6222,0.002281,142.250.4.0-255,1484,150818,48,202401
6223,0.002301,142.250.4.0-255,2902,153720,48,202401
6224,0.002304,172.31.46.0-255,66,153786,48,202401
6225,0.00231,142.250.4.0-255,5738,159524,48,202401
6226,0.002313,172.31.46.0-255,66,159590,48,202401
6227,0.00233,142.250.4.0-255,2902,162492,48,202401
6228,0.002332,172.31.46.0-255,66,162558,48,202401
6229,0.002364,172.31.46.0-255,66,162624,48,202401
6230,0.002376,172.31.46.0-255,66,162690,48,202401
6231,0.002445,142.250.4.0-255,1484,164174,48,202401
6232,0.002449,142.250.4.0-255,1484,165658,48,202401
6233,0.002451,172.31.46.0-255,66,165724,48,202401
6234,0.002469,142.250.4.0-255,1484,167208,48,202401
6235,0.002473,142.250.4.0-255,2902,170110,48,202401
6236,0.002476,172.31.46.0-255,66,170176,48,202401
6237,0.002498,142.250.4.0-255,2902,173078,48,202401
6238,0.0025,172.31.46.0-255,66,173144,48,202401
6239,0.002504,142.250.4.0-255,1484,174628,48,202401
6240,0.002507,142.250.4.0-255,1484,176112,48,202401
6241,0.002509,172.31.46.0-255,66,176178,48,202401
6242,0.002513,142.250.4.0-255,2902,179080,48,202401
6243,0.002516,172.31.46.0-255,66,179146,48,202401
6244,0.002546,142.250.4.0-255,1484,180630,48,202401
6245,0.002549,142.250.4.0-255,1484,182114,48,202401
6246,0.002551,172.31.46.0-255,66,182180,48,202401
6247,0.002562,172.31.46.0-255,66,182246,48,202401
6248,0.002569,142.250.4.0-255,5020,187266,48,202401
6249,0.002572,172.31.46.0-255,66,187332,48,202401
6250,0.002644,172.31.46.0-255,66,187398,48,202401
6251,0.002656,172.31.46.0-255,66,187464,48,202401
6252,0.002703,172.31.46.0-255,66,187530,48,202401
6253,0.002718,142.250.4.0-255,2184,189714,48,202401
6254,0.00272,172.31.46.0-255,66,189780,48,202401
6255,0.002726,142.250.4.0-255,5738,195518,48,202401
6256,0.002728,172.31.46.0-255,66,195584,48,202401
6257,0.002766,172.31.46.0-255,66,195650,48,202401
6258,0.002788,142.250.4.0-255,105,195755,48,202401
6259,0.007782,172.31.46.0-255,105,195860,48,202401
6260,0.010177,142.250.4.0-255,66,195926,48,202401
6261,0.028356,172.31.46.0-255,190,196116,48,202401
6262,0.02839,172.31.46.0-255,1108,197224,48,202401
6263,0.02845,172.31.46.0-255,1514,198738,48,202401
6264,0.028452,172.31.46.0-255,1514,200252,48,202401
6265,0.028453,172.31.46.0-255,1514,201766,48,202401
6266,0.028454,172.31.46.0-255,371,202137,48,202401
6267,0.030026,104.244.42.0-255,66,202203,48,202401
6268,0.030057,104.244.42.0-255,66,202269,48,202401
6269,0.030163,104.244.42.0-255,66,202335,48,202401
6270,0.030176,104.244.42.0-255,66,202401,48,202401
6271,0.0,74.125.24.0-255,146,146,48,256172
6272,2.4e-05,172.31.46.0-255,66,212,48,256172
6273,3.1e-05,74.125.24.0-255,1484,1696,48,256172
6274,3.6e-05,172.31.46.0-255,66,1762,48,256172
6275,4.2e-05,74.125.24.0-255,2902,4664,48,256172
6276,4.5e-05,172.31.46.0-255,66,4730,48,256172
6277,5.1e-05,74.125.24.0-255,4320,9050,48,256172
6278,5.4e-05,172.31.46.0-255,66,9116,48,256172
6279,8.2e-05,74.125.24.0-255,2902,12018,48,256172
6280,8.4e-05,172.31.46.0-255,66,12084,48,256172
6281,8.9e-05,74.125.24.0-255,2004,14088,48,256172
6282,9.2e-05,172.31.46.0-255,66,14154,48,256172
6283,0.000185,74.125.24.0-255,1484,15638,48,256172
6284,0.000188,172.31.46.0-255,66,15704,48,256172
6285,0.000194,74.125.24.0-255,2902,18606,48,256172
6286,0.000196,172.31.46.0-255,66,18672,48,256172
6287,0.0002,74.125.24.0-255,1484,20156,48,256172
6288,0.000202,172.31.46.0-255,66,20222,48,256172
6289,0.000228,74.125.24.0-255,4320,24542,48,256172
6290,0.000231,172.31.46.0-255,66,24608,48,256172
6291,0.000238,74.125.24.0-255,6797,31405,48,256172
6292,0.000241,172.31.46.0-255,66,31471,48,256172
6293,0.000294,172.31.46.0-255,66,31537,48,256172
6294,0.000298,74.125.24.0-255,2543,34080,48,256172
6295,0.0003,172.31.46.0-255,66,34146,48,256172
6296,0.000352,74.125.24.0-255,2902,37048,48,256172
6297,0.000354,172.31.46.0-255,66,37114,48,256172
6298,0.00038,172.31.46.0-255,66,37180,48,256172
6299,0.000402,74.125.24.0-255,5689,42869,48,256172
6300,0.000405,172.31.46.0-255,66,42935,48,256172
6301,0.000619,74.125.24.0-255,344,43279,48,256172
6302,0.000624,172.31.46.0-255,66,43345,48,256172
6303,0.000735,74.125.24.0-255,1484,44829,48,256172
6304,0.000739,74.125.24.0-255,1484,46313,48,256172
6305,0.000744,172.31.46.0-255,66,46379,48,256172
6306,0.000747,172.31.46.0-255,66,46445,48,256172
6307,0.000755,74.125.24.0-255,1484,47929,48,256172
6308,0.000757,172.31.46.0-255,66,47995,48,256172
6309,0.000789,74.125.24.0-255,5738,53733,48,256172
6310,0.000792,172.31.46.0-255,66,53799,48,256172
6311,0.000797,74.125.24.0-255,2902,56701,48,256172
6312,0.000798,172.31.46.0-255,66,56767,48,256172
6313,0.000822,74.125.24.0-255,3961,60728,48,256172
6314,0.000825,172.31.46.0-255,66,60794,48,256172
6315,0.000832,74.125.24.0-255,7156,67950,48,256172
6316,0.000834,172.31.46.0-255,66,68016,48,256172
6317,0.000865,172.31.46.0-255,66,68082,48,256172
6318,0.001332,74.125.24.0-255,1484,69566,48,256172
6319,0.001337,172.31.46.0-255,66,69632,48,256172
6320,0.001344,74.125.24.0-255,2902,72534,48,256172
6321,0.001346,172.31.46.0-255,66,72600,48,256172
6322,0.001366,74.125.24.0-255,2902,75502,48,256172
6323,0.001368,172.31.46.0-255,66,75568,48,256172
6324,0.001389,74.125.24.0-255,2902,78470,48,256172
6325,0.001393,172.31.46.0-255,66,78536,48,256172
6326,0.001403,74.125.24.0-255,2902,81438,48,256172
6327,0.001405,172.31.46.0-255,66,81504,48,256172
6328,0.001427,172.31.46.0-255,66,81570,48,256172
6329,0.001432,74.125.24.0-255,4320,85890,48,256172
6330,0.001435,172.31.46.0-255,66,85956,48,256172
6331,0.001468,74.125.24.0-255,5738,91694,48,256172
6332,0.00147,172.31.46.0-255,66,91760,48,256172
6333,0.001475,74.125.24.0-255,2184,93944,48,256172
6334,0.001477,172.31.46.0-255,66,94010,48,256172
6335,0.001481,74.125.24.0-255,2902,96912,48,256172
6336,0.001483,172.31.46.0-255,66,96978,48,256172
6337,0.001488,74.125.24.0-255,2902,99880,48,256172
6338,0.001493,172.31.46.0-255,66,99946,48,256172
6339,0.001504,74.125.24.0-255,4320,104266,48,256172
6340,0.001511,74.125.24.0-255,7156,111422,48,256172
6341,0.001516,172.31.46.0-255,66,111488,48,256172
6342,0.001528,74.125.24.0-255,7156,118644,48,256172
6343,0.001533,74.125.24.0-255,4320,122964,48,256172
6344,0.001564,74.125.24.0-255,1484,124448,48,256172
6345,0.00157,172.31.46.0-255,66,124514,48,256172
6346,0.001596,74.125.24.0-255,5738,130252,48,256172
6347,0.001602,74.125.24.0-255,5738,135990,48,256172
6348,0.00161,172.31.46.0-255,66,136056,48,256172
6349,0.001622,74.125.24.0-255,7156,143212,48,256172
6350,0.001627,172.31.46.0-255,66,143278,48,256172
6351,0.001648,74.125.24.0-255,6438,149716,48,256172
6352,0.001652,74.125.24.0-255,1484,151200,48,256172
6353,0.001657,172.31.46.0-255,66,151266,48,256172
6354,0.00168,74.125.24.0-255,2902,154168,48,256172
6355,0.001685,74.125.24.0-255,4320,158488,48,256172
6356,0.0017,74.125.24.0-255,1484,159972,48,256172
6357,0.00173,74.125.24.0-255,2902,162874,48,256172
6358,0.001748,74.125.24.0-255,2902,165776,48,256172
6359,0.001757,172.31.46.0-255,66,165842,48,256172
6360,0.00177,74.125.24.0-255,7156,172998,48,256172
6361,0.001786,74.125.24.0-255,2184,175182,48,256172
6362,0.001795,172.31.46.0-255,66,175248,48,256172
6363,0.001883,74.125.24.0-255,1484,176732,48,256172
6364,0.001898,74.125.24.0-255,2902,179634,48,256172
6365,0.001901,74.125.24.0-255,1484,181118,48,256172
6366,0.00191,172.31.46.0-255,66,181184,48,256172
6367,0.001919,74.125.24.0-255,4320,185504,48,256172
6368,0.001924,172.31.46.0-255,66,185570,48,256172
6369,0.001934,74.125.24.0-255,1484,187054,48,256172
6370,0.001952,74.125.24.0-255,4320,191374,48,256172
6371,0.00196,172.31.46.0-255,66,191440,48,256172
6372,0.001971,74.125.24.0-255,7156,198596,48,256172
6373,0.001982,74.125.24.0-255,1484,200080,48,256172
6374,0.001992,172.31.46.0-255,66,200146,48,256172
6375,0.002031,74.125.24.0-255,1484,201630,48,256172
6376,0.00206,172.31.46.0-255,66,201696,48,256172
6377,0.002093,74.125.24.0-255,1484,203180,48,256172
6378,0.002097,74.125.24.0-255,2902,206082,48,256172
6379,0.002106,74.125.24.0-255,2902,208984,48,256172
6380,0.00211,172.31.46.0-255,66,209050,48,256172
6381,0.002121,74.125.24.0-255,2902,211952,48,256172
6382,0.002135,74.125.24.0-255,5738,217690,48,256172
6383,0.002141,172.31.46.0-255,66,217756,48,256172
6384,0.002151,74.125.24.0-255,7156,224912,48,256172
6385,0.002159,172.31.46.0-255,66,224978,48,256172
6386,0.002187,74.125.24.0-255,1484,226462,48,256172
6387,0.0022,74.125.24.0-255,4320,230782,48,256172
6388,0.002224,172.31.46.0-255,66,230848,48,256172
6389,0.002236,74.125.24.0-255,2902,233750,48,256172
6390,0.002244,172.31.46.0-255,66,233816,48,256172
6391,0.002261,172.31.46.0-255,66,233882,48,256172
6392,0.00227,74.125.24.0-255,4320,238202,48,256172
6393,0.002284,74.125.24.0-255,1484,239686,48,256172
6394,0.002292,172.31.46.0-255,66,239752,48,256172
6395,0.002346,172.31.46.0-255,66,239818,48,256172
6396,0.002385,172.31.46.0-255,66,239884,48,256172
6397,0.002393,74.125.24.0-255,2902,242786,48,256172
6398,0.002399,172.31.46.0-255,66,242852,48,256172
6399,0.002408,74.125.24.0-255,4320,247172,48,256172
6400,0.002422,172.31.46.0-255,66,247238,48,256172
6401,0.002511,74.125.24.0-255,105,247343,48,256172
6402,0.002514,172.31.46.0-255,66,247409,48,256172
6403,0.002519,172.31.46.0-255,66,247475,48,256172
6404,0.010187,172.31.46.0-255,105,247580,48,256172
6405,0.012658,74.125.24.0-255,66,247646,48,256172
6406,0.028299,172.31.46.0-255,172,247818,48,256172
6407,0.028331,172.31.46.0-255,1111,248929,48,256172
6408,0.028388,172.31.46.0-255,1514,250443,48,256172
6409,0.02839,172.31.46.0-255,1514,251957,48,256172
6410,0.028394,172.31.46.0-255,1514,253471,48,256172
6411,0.028395,172.31.46.0-255,1514,254985,48,256172
6412,0.028413,172.31.46.0-255,923,255908,48,256172
6413,0.030005,104.244.42.0-255,66,255974,48,256172
6414,0.030084,104.244.42.0-255,66,256040,48,256172
6415,0.030127,104.244.42.0-255,66,256106,48,256172
6416,0.030131,104.244.42.0-255,66,256172,48,256172
6417,0.0,172.217.194.0-255,153,153,48,153408
6418,1.3e-05,172.31.46.0-255,66,219,48,153408
6419,2.1e-05,172.217.194.0-255,1484,1703,48,153408
6420,2.5e-05,172.31.46.0-255,66,1769,48,153408
6421,3.9e-05,172.217.194.0-255,2902,4671,48,153408
6422,4.4e-05,172.31.46.0-255,66,4737,48,153408
6423,5e-05,172.217.194.0-255,5738,10475,48,153408
6424,5.4e-05,172.31.46.0-255,66,10541,48,153408
6425,0.00011,172.217.194.0-255,4862,15403,48,153408
6426,0.000114,172.31.46.0-255,66,15469,48,153408
6427,0.00012,172.217.194.0-255,5738,21207,48,153408
6428,0.000123,172.31.46.0-255,66,21273,48,153408
6429,0.000139,172.31.46.0-255,66,21339,48,153408
6430,0.000175,172.217.194.0-255,4320,25659,48,153408
6431,0.000178,172.31.46.0-255,66,25725,48,153408
6432,0.000197,172.31.46.0-255,66,25791,48,153408
6433,0.000599,172.217.194.0-255,1484,27275,48,153408
6434,0.000605,172.31.46.0-255,66,27341,48,153408
6435,0.000612,172.217.194.0-255,2902,30243,48,153408
6436,0.000614,172.31.46.0-255,66,30309,48,153408
6437,0.000627,172.217.194.0-255,5738,36047,48,153408
6438,0.00063,172.31.46.0-255,66,36113,48,153408
6439,0.000635,172.217.194.0-255,2902,39015,48,153408
6440,0.000638,172.31.46.0-255,66,39081,48,153408
6441,0.000683,172.217.194.0-255,2902,41983,48,153408
6442,0.000687,172.31.46.0-255,66,42049,48,153408
6443,0.000713,172.217.194.0-255,1450,43499,48,153408
6444,0.000716,172.31.46.0-255,66,43565,48,153408
6445,0.003276,172.217.194.0-255,1484,45049,48,153408
6446,0.003289,172.31.46.0-255,66,45115,48,153408
6447,0.003328,172.217.194.0-255,2902,48017,48,153408
6448,0.003332,172.31.46.0-255,66,48083,48,153408
6449,0.003348,172.217.194.0-255,1484,49567,48,153408
6450,0.005941,172.217.194.0-255,1484,51051,48,153408
6451,0.00595,172.31.46.0-255,66,51117,48,153408
6452,0.005983,172.217.194.0-255,2902,54019,48,153408
6453,0.005986,172.31.46.0-255,66,54085,48,153408
6454,0.00861,172.217.194.0-255,5738,59823,48,153408
6455,0.008623,172.31.46.0-255,66,59889,48,153408
6456,0.011267,172.217.194.0-255,5738,65627,48,153408
6457,0.011279,172.31.46.0-255,66,65693,48,153408
6458,0.013909,172.217.194.0-255,5738,71431,48,153408
6459,0.013917,172.31.46.0-255,66,71497,48,153408
6460,0.016562,172.217.194.0-255,5738,77235,48,153408
6461,0.016574,172.31.46.0-255,66,77301,48,153408
6462,0.019215,172.217.194.0-255,5738,83039,48,153408
6463,0.019224,172.31.46.0-255,66,83105,48,153408
6464,0.021857,172.217.194.0-255,5738,88843,48,153408
6465,0.021864,172.31.46.0-255,66,88909,48,153408
6466,0.022284,172.31.46.0-255,172,89081,48,153408
6467,0.022311,172.31.46.0-255,1111,90192,48,153408
6468,0.022363,172.31.46.0-255,1514,91706,48,153408
6469,0.022364,172.31.46.0-255,1514,93220,48,153408
6470,0.022366,172.31.46.0-255,1514,94734,48,153408
6471,0.022366,172.31.46.0-255,370,95104,48,153408
6472,0.023814,104.244.42.0-255,66,95170,48,153408
6473,0.02384,104.244.42.0-255,66,95236,48,153408
6474,0.023903,104.244.42.0-255,66,95302,48,153408
6475,0.023914,104.244.42.0-255,66,95368,48,153408
6476,0.024503,172.217.194.0-255,5738,101106,48,153408
6477,0.024509,172.31.46.0-255,66,101172,48,153408
6478,0.027134,172.217.194.0-255,5738,106910,48,153408
6479,0.02714,172.31.46.0-255,66,106976,48,153408
6480,0.029807,172.217.194.0-255,5738,112714,48,153408
6481,0.029814,172.31.46.0-255,66,112780,48,153408
6482,0.032451,172.217.194.0-255,5738,118518,48,153408
6483,0.032457,172.31.46.0-255,66,118584,48,153408
6484,0.035096,172.217.194.0-255,5738,124322,48,153408
6485,0.035103,172.31.46.0-255,66,124388,48,153408
6486,0.037779,172.217.194.0-255,5738,130126,48,153408
6487,0.037786,172.31.46.0-255,66,130192,48,153408
6488,0.040459,172.217.194.0-255,5738,135930,48,153408
6489,0.040469,172.31.46.0-255,66,135996,48,153408
6490,0.043119,172.217.194.0-255,5738,141734,48,153408
6491,0.043125,172.31.46.0-255,66,141800,48,153408
6492,0.045765,172.217.194.0-255,5738,147538,48,153408
6493,0.045772,172.31.46.0-255,66,147604,48,153408
6494,0.048422,172.217.194.0-255,5738,153342,48,153408
6495,0.048429,172.31.46.0-255,66,153408,48,153408
6496,0.0,74.125.24.0-255,153,153,48,337075
6497,1.9e-05,172.31.46.0-255,66,219,48,337075
6498,2.6e-05,74.125.24.0-255,1484,1703,48,337075
6499,3e-05,172.31.46.0-255,66,1769,48,337075
6500,3.5e-05,74.125.24.0-255,2902,4671,48,337075
6501,3.7e-05,172.31.46.0-255,66,4737,48,337075
6502,4.4e-05,74.125.24.0-255,7156,11893,48,337075
6503,4.6e-05,172.31.46.0-255,66,11959,48,337075
6504,4.9e-05,74.125.24.0-255,2003,13962,48,337075
6505,5.2e-05,172.31.46.0-255,66,14028,48,337075
6506,0.000174,74.125.24.0-255,1484,15512,48,337075
6507,0.000178,172.31.46.0-255,66,15578,48,337075
6508,0.000183,74.125.24.0-255,2902,18480,48,337075
6509,0.000185,172.31.46.0-255,66,18546,48,337075
6510,0.000191,74.125.24.0-255,5738,24284,48,337075
6511,0.000193,172.31.46.0-255,66,24350,48,337075
6512,0.000208,74.125.24.0-255,4320,28670,48,337075
6513,0.00021,172.31.46.0-255,66,28736,48,337075
6514,0.000225,74.125.24.0-255,1484,30220,48,337075
6515,0.000227,172.31.46.0-255,66,30286,48,337075
6516,0.00024,74.125.24.0-255,1125,31411,48,337075
6517,0.000242,172.31.46.0-255,66,31477,48,337075
6518,0.000275,74.125.24.0-255,1484,32961,48,337075
6519,0.000278,172.31.46.0-255,66,33027,48,337075
6520,0.000284,74.125.24.0-255,4320,37347,48,337075
6521,0.000285,172.31.46.0-255,66,37413,48,337075
6522,0.000305,74.125.24.0-255,2902,40315,48,337075
6523,0.000307,172.31.46.0-255,66,40381,48,337075
6524,0.00033,74.125.24.0-255,7156,47537,48,337075
6525,0.000333,172.31.46.0-255,66,47603,48,337075
6526,0.000339,74.125.24.0-255,7156,54759,48,337075
6527,0.000341,172.31.46.0-255,66,54825,48,337075
6528,0.000357,172.31.46.0-255,66,54891,48,337075
6529,0.00036,74.125.24.0-255,1125,56016,48,337075
6530,0.000401,74.125.24.0-255,400,56416,48,337075
6531,0.000523,74.125.24.0-255,110,56526,48,337075
6532,0.000527,172.31.46.0-255,66,56592,48,337075
6533,0.000674,74.125.24.0-255,1484,58076,48,337075
6534,0.000679,74.125.24.0-255,2902,60978,48,337075
6535,0.000681,172.31.46.0-255,66,61044,48,337075
6536,0.000698,74.125.24.0-255,4320,65364,48,337075
6537,0.000701,172.31.46.0-255,66,65430,48,337075
6538,0.000708,74.125.24.0-255,1484,66914,48,337075
6539,0.000724,74.125.24.0-255,4320,71234,48,337075
6540,0.000726,172.31.46.0-255,66,71300,48,337075
6541,0.000761,74.125.24.0-255,7156,78456,48,337075
6542,0.000764,172.31.46.0-255,66,78522,48,337075
6543,0.000767,172.31.46.0-255,66,78588,48,337075
6544,0.000774,74.125.24.0-255,2543,81131,48,337075
6545,0.000777,172.31.46.0-255,66,81197,48,337075
6546,0.000779,74.125.24.0-255,329,81526,48,337075
6547,0.001209,172.31.46.0-255,66,81592,48,337075
6548,0.001301,74.125.24.0-255,1484,83076,48,337075
6549,0.00132,74.125.24.0-255,1484,84560,48,337075
6550,0.001324,172.31.46.0-255,66,84626,48,337075
6551,0.001343,74.125.24.0-255,1484,86110,48,337075
6552,0.001349,74.125.24.0-255,5738,91848,48,337075
6553,0.001351,172.31.46.0-255,66,91914,48,337075
6554,0.001354,74.125.24.0-255,1484,93398,48,337075
6555,0.001384,172.31.46.0-255,66,93464,48,337075
6556,0.001388,74.125.24.0-255,2902,96366,48,337075
6557,0.00139,172.31.46.0-255,66,96432,48,337075
6558,0.001404,74.125.24.0-255,5738,102170,48,337075
6559,0.001406,172.31.46.0-255,66,102236,48,337075
6560,0.001418,74.125.24.0-255,1484,103720,48,337075
6561,0.001421,74.125.24.0-255,766,104486,48,337075
6562,0.001422,172.31.46.0-255,66,104552,48,337075
6563,0.001566,74.125.24.0-255,1484,106036,48,337075
6564,0.001572,74.125.24.0-255,2902,108938,48,337075
6565,0.001575,172.31.46.0-255,66,109004,48,337075
6566,0.001581,74.125.24.0-255,5738,114742,48,337075
6567,0.001583,172.31.46.0-255,66,114808,48,337075
6568,0.001586,74.125.24.0-255,1484,116292,48,337075
6569,0.001604,74.125.24.0-255,7156,123448,48,337075
6570,0.001606,172.31.46.0-255,66,123514,48,337075
6571,0.001611,74.125.24.0-255,4320,127834,48,337075
6572,0.001612,172.31.46.0-255,66,127900,48,337075
6573,0.00163,74.125.24.0-255,5738,133638,48,337075
6574,0.001632,172.31.46.0-255,66,133704,48,337075
6575,0.001634,74.125.24.0-255,1484,135188,48,337075
6576,0.001657,74.125.24.0-255,3602,138790,48,337075
6577,0.001659,172.31.46.0-255,66,138856,48,337075
6578,0.001676,74.125.24.0-255,1484,140340,48,337075
6579,0.001695,74.125.24.0-255,4320,144660,48,337075
6580,0.001697,172.31.46.0-255,66,144726,48,337075
6581,0.001703,74.125.24.0-255,5738,150464,48,337075
6582,0.001706,172.31.46.0-255,66,150530,48,337075
6583,0.001709,74.125.24.0-255,2902,153432,48,337075
6584,0.001711,172.31.46.0-255,66,153498,48,337075
6585,0.001726,74.125.24.0-255,5738,159236,48,337075
6586,0.001728,172.31.46.0-255,66,159302,48,337075
6587,0.001747,74.125.24.0-255,4320,163622,48,337075
6588,0.001748,172.31.46.0-255,66,163688,48,337075
6589,0.001755,74.125.24.0-255,7156,170844,48,337075
6590,0.001757,172.31.46.0-255,66,170910,48,337075
6591,0.00178,74.125.24.0-255,2184,173094,48,337075
6592,0.001782,172.31.46.0-255,66,173160,48,337075
6593,0.001799,74.125.24.0-255,1484,174644,48,337075
6594,0.001803,74.125.24.0-255,2902,177546,48,337075
6595,0.001805,172.31.46.0-255,66,177612,48,337075
6596,0.001836,74.125.24.0-255,5738,183350,48,337075
6597,0.001838,172.31.46.0-255,66,183416,48,337075
6598,0.001843,74.125.24.0-255,4320,187736,48,337075
6599,0.001845,172.31.46.0-255,66,187802,48,337075
6600,0.001867,172.31.46.0-255,66,187868,48,337075
6601,0.001876,172.31.46.0-255,66,187934,48,337075
6602,0.001896,74.125.24.0-255,2184,190118,48,337075
6603,0.001897,172.31.46.0-255,66,190184,48,337075
6604,0.00255,74.125.24.0-255,1484,191668,48,337075
6605,0.002557,74.125.24.0-255,1484,193152,48,337075
6606,0.00256,172.31.46.0-255,66,193218,48,337075
6607,0.002566,74.125.24.0-255,2902,196120,48,337075
6608,0.002568,172.31.46.0-255,66,196186,48,337075
6609,0.002581,74.125.24.0-255,1484,197670,48,337075
6610,0.002601,74.125.24.0-255,7156,204826,48,337075
6611,0.002676,74.125.24.0-255,1484,206310,48,337075
6612,0.003257,74.125.24.0-255,1484,207794,48,337075
6613,0.003274,74.125.24.0-255,1484,209278,48,337075
6614,0.003284,74.125.24.0-255,1484,210762,48,337075
6615,0.003311,74.125.24.0-255,5738,216500,48,337075
6616,0.003332,74.125.24.0-255,2902,219402,48,337075
6617,0.003346,74.125.24.0-255,7156,226558,48,337075
6618,0.003362,74.125.24.0-255,2902,229460,48,337075
6619,0.003366,74.125.24.0-255,4320,233780,48,337075
6620,0.003378,74.125.24.0-255,1484,235264,48,337075
6621,0.003392,74.125.24.0-255,2902,238166,48,337075
6622,0.003403,74.125.24.0-255,2184,240350,48,337075
6623,0.003441,74.125.24.0-255,1484,241834,48,337075
6624,0.003453,74.125.24.0-255,2902,244736,48,337075
6625,0.003469,74.125.24.0-255,5738,250474,48,337075
6626,0.003496,74.125.24.0-255,7156,257630,48,337075
6627,0.003518,74.125.24.0-255,2902,260532,48,337075
6628,0.003536,74.125.24.0-255,4320,264852,48,337075
6629,0.003551,74.125.24.0-255,4320,269172,48,337075
6630,0.003557,74.125.24.0-255,5020,274192,48,337075
6631,0.00357,74.125.24.0-255,1484,275676,48,337075
6632,0.003579,74.125.24.0-255,1484,277160,48,337075
6633,0.00359,74.125.24.0-255,1484,278644,48,337075
6634,0.003611,74.125.24.0-255,1484,280128,48,337075
6635,0.003626,74.125.24.0-255,4320,284448,48,337075
6636,0.00366,74.125.24.0-255,4320,288768,48,337075
6637,0.00369,74.125.24.0-255,7156,295924,48,337075
6638,0.0037,74.125.24.0-255,2184,298108,48,337075
6639,0.003703,74.125.24.0-255,1484,299592,48,337075
6640,0.003715,74.125.24.0-255,5738,305330,48,337075
6641,0.003727,74.125.24.0-255,2902,308232,48,337075
6642,0.003731,74.125.24.0-255,4320,312552,48,337075
6643,0.003759,74.125.24.0-255,1484,314036,48,337075
6644,0.003772,74.125.24.0-255,2902,316938,48,337075
6645,0.003798,74.125.24.0-255,6438,323376,48,337075
6646,0.003874,74.125.24.0-255,1484,324860,48,337075
6647,0.003878,74.125.24.0-255,2902,327762,48,337075
6648,0.00388,74.125.24.0-255,445,328207,48,337075
6649,0.003943,74.125.24.0-255,105,328312,48,337075
6650,0.007573,172.31.46.0-255,66,328378,48,337075
6651,0.009608,172.31.46.0-255,105,328483,48,337075
6652,0.011942,74.125.24.0-255,66,328549,48,337075
6653,0.02951,172.31.46.0-255,172,328721,48,337075
6654,0.02954,172.31.46.0-255,1111,329832,48,337075
6655,0.029603,172.31.46.0-255,1514,331346,48,337075
6656,0.029605,172.31.46.0-255,1514,332860,48,337075
6657,0.02961,172.31.46.0-255,1514,334374,48,337075
6658,0.029611,172.31.46.0-255,1514,335888,48,337075
6659,0.029643,172.31.46.0-255,923,336811,48,337075
6660,0.031214,104.244.42.0-255,66,336877,48,337075
6661,0.031269,104.244.42.0-255,66,336943,48,337075
6662,0.031304,104.244.42.0-255,66,337009,48,337075
6663,0.031319,104.244.42.0-255,66,337075,48,337075
6664,0.0,74.125.24.0-255,153,153,48,219346
6665,1.5e-05,172.31.46.0-255,66,219,48,219346
6666,2.1e-05,74.125.24.0-255,1484,1703,48,219346
6667,2.6e-05,172.31.46.0-255,66,1769,48,219346
6668,3.2e-05,74.125.24.0-255,2902,4671,48,219346
6669,3.6e-05,172.31.46.0-255,66,4737,48,219346
6670,4.4e-05,74.125.24.0-255,7156,11893,48,219346
6671,4.7e-05,172.31.46.0-255,66,11959,48,219346
6672,6.8e-05,74.125.24.0-255,7156,19115,48,219346
6673,7.1e-05,172.31.46.0-255,66,19181,48,219346
6674,9.1e-05,74.125.24.0-255,2083,21264,48,219346
6675,9.4e-05,172.31.46.0-255,66,21330,48,219346
6676,0.000106,172.31.46.0-255,66,21396,48,219346
6677,0.000894,74.125.24.0-255,1484,22880,48,219346
6678,0.000901,172.31.46.0-255,66,22946,48,219346
6679,0.00091,74.125.24.0-255,2902,25848,48,219346
6680,0.000913,172.31.46.0-255,66,25914,48,219346
6681,0.00092,74.125.24.0-255,5738,31652,48,219346
6682,0.000922,172.31.46.0-255,66,31718,48,219346
6683,0.000928,74.125.24.0-255,4320,36038,48,219346
6684,0.00093,172.31.46.0-255,66,36104,48,219346
6685,0.000958,172.31.46.0-255,66,36170,48,219346
6686,0.000969,172.31.46.0-255,66,36236,48,219346
6687,0.000996,74.125.24.0-255,2184,38420,48,219346
6688,0.000998,172.31.46.0-255,66,38486,48,219346
6689,0.001003,74.125.24.0-255,2902,41388,48,219346
6690,0.001006,172.31.46.0-255,66,41454,48,219346
6691,0.001033,74.125.24.0-255,7156,48610,48,219346
6692,0.001036,172.31.46.0-255,66,48676,48,219346
6693,0.001074,172.31.46.0-255,66,48742,48,219346
6694,0.001077,74.125.24.0-255,1484,50226,48,219346
6695,0.001101,172.31.46.0-255,66,50292,48,219346
6696,0.001129,172.31.46.0-255,66,50358,48,219346
6697,0.001173,172.31.46.0-255,66,50424,48,219346
6698,0.001191,74.125.24.0-255,1484,51908,48,219346
6699,0.001199,74.125.24.0-255,6438,58346,48,219346
6700,0.001202,172.31.46.0-255,66,58412,48,219346
6701,0.001738,74.125.24.0-255,1484,59896,48,219346
6702,0.001746,74.125.24.0-255,2902,62798,48,219346
6703,0.00175,172.31.46.0-255,66,62864,48,219346
6704,0.001759,74.125.24.0-255,5738,68602,48,219346
6705,0.001762,172.31.46.0-255,66,68668,48,219346
6706,0.001802,172.31.46.0-255,66,68734,48,219346
6707,0.001825,74.125.24.0-255,4320,73054,48,219346
6708,0.001827,172.31.46.0-255,66,73120,48,219346
6709,0.00184,172.31.46.0-255,66,73186,48,219346
6710,0.001842,74.125.24.0-255,766,73952,48,219346
6711,0.002268,74.125.24.0-255,1484,75436,48,219346
6712,0.00227,172.31.46.0-255,66,75502,48,219346
6713,0.002285,74.125.24.0-255,2902,78404,48,219346
6714,0.002287,172.31.46.0-255,66,78470,48,219346
6715,0.002314,74.125.24.0-255,5738,84208,48,219346
6716,0.002317,172.31.46.0-255,66,84274,48,219346
6717,0.002321,74.125.24.0-255,2902,87176,48,219346
6718,0.002323,172.31.46.0-255,66,87242,48,219346
6719,0.002326,74.125.24.0-255,1484,88726,48,219346
6720,0.00236,172.31.46.0-255,66,88792,48,219346
6721,0.002367,74.125.24.0-255,5738,94530,48,219346
6722,0.002369,172.31.46.0-255,66,94596,48,219346
6723,0.002386,74.125.24.0-255,5020,99616,48,219346
6724,0.002388,172.31.46.0-255,66,99682,48,219346
6725,0.00334,74.125.24.0-255,1484,101166,48,219346
6726,0.00336,74.125.24.0-255,2902,104068,48,219346
6727,0.003367,74.125.24.0-255,5738,109806,48,219346
6728,0.003407,74.125.24.0-255,4320,114126,48,219346
6729,0.003436,74.125.24.0-255,4320,118446,48,219346
6730,0.003456,74.125.24.0-255,6438,124884,48,219346
6731,0.003702,74.125.24.0-255,1484,126368,48,219346
6732,0.003706,74.125.24.0-255,1484,127852,48,219346
6733,0.003727,172.31.46.0-255,66,127918,48,219346
6734,0.003731,74.125.24.0-255,1484,129402,48,219346
6735,0.003748,74.125.24.0-255,5738,135140,48,219346
6736,0.003768,172.31.46.0-255,66,135206,48,219346
6737,0.003806,74.125.24.0-255,4320,139526,48,219346
6738,0.00386,172.31.46.0-255,66,139592,48,219346
6739,0.003918,74.125.24.0-255,1484,141076,48,219346
6740,0.003922,74.125.24.0-255,2902,143978,48,219346
6741,0.003945,74.125.24.0-255,5738,149716,48,219346
6742,0.003952,74.125.24.0-255,5738,155454,48,219346
6743,0.003957,172.31.46.0-255,66,155520,48,219346
6744,0.003972,74.125.24.0-255,2902,158422,48,219346
6745,0.003977,74.125.24.0-255,5738,164160,48,219346
6746,0.003987,172.31.46.0-255,66,164226,48,219346
6747,0.004003,74.125.24.0-255,4320,168546,48,219346
6748,0.004023,74.125.24.0-255,5020,173566,48,219346
6749,0.004065,74.125.24.0-255,5738,179304,48,219346
6750,0.004068,172.31.46.0-255,66,179370,48,219346
6751,0.004074,172.31.46.0-255,66,179436,48,219346
6752,0.004098,74.125.24.0-255,1484,180920,48,219346
6753,0.004101,172.31.46.0-255,78,180998,48,219346
6754,0.004133,74.125.24.0-255,4320,185318,48,219346
6755,0.004168,74.125.24.0-255,3602,188920,48,219346
6756,0.004181,172.31.46.0-255,66,188986,48,219346
6757,0.004685,74.125.24.0-255,1484,190470,48,219346
6758,0.004692,74.125.24.0-255,2902,193372,48,219346
6759,0.004696,172.31.46.0-255,66,193438,48,219346
6760,0.004702,74.125.24.0-255,4320,197758,48,219346
6761,0.004717,74.125.24.0-255,1484,199242,48,219346
6762,0.004724,74.125.24.0-255,7156,206398,48,219346
6763,0.004733,172.31.46.0-255,66,206464,48,219346
6764,0.00476,74.125.24.0-255,4320,210784,48,219346
6765,0.004778,74.125.24.0-255,2984,213768,48,219346
6766,0.004786,172.31.46.0-255,66,213834,48,219346
6767,0.004803,74.125.24.0-255,105,213939,48,219346
6768,0.007145,172.31.46.0-255,66,214005,48,219346
6769,0.007192,172.31.46.0-255,105,214110,48,219346
6770,0.009251,74.125.24.0-255,66,214176,48,219346
6771,0.032187,172.31.46.0-255,164,214340,48,219346
6772,0.032225,172.31.46.0-255,1121,215461,48,219346
6773,0.032292,172.31.46.0-255,1514,216975,48,219346
6774,0.032295,172.31.46.0-255,1514,218489,48,219346
6775,0.032296,172.31.46.0-255,593,219082,48,219346
6776,0.033853,104.244.42.0-255,66,219148,48,219346
6777,0.033881,104.244.42.0-255,66,219214,48,219346
6778,0.033991,104.244.42.0-255,66,219280,48,219346
6779,0.033995,104.244.42.0-255,66,219346,48,219346
6780,0.0,172.31.46.0-255,105,105,48,735
6781,0.002066,157.240.13.0-255,105,210,48,735
6782,0.002085,172.31.46.0-255,66,276,48,735
6783,0.00709,172.31.46.0-255,105,381,48,735
6784,0.007291,172.31.46.0-255,90,471,48,735
6785,0.007309,172.31.46.0-255,66,537,48,735
6786,0.009657,74.125.24.0-255,66,603,48,735
6787,0.009691,74.125.24.0-255,66,669,48,735
6788,0.009715,172.31.46.0-255,66,735,48,735
6789,0.0,172.217.194.0-255,153,153,48,226135
6790,2.3e-05,172.31.46.0-255,66,219,48,226135
6791,3e-05,172.217.194.0-255,1484,1703,48,226135
6792,3.5e-05,172.31.46.0-255,66,1769,48,226135
6793,4e-05,172.217.194.0-255,2902,4671,48,226135
6794,4.3e-05,172.31.46.0-255,66,4737,48,226135
6795,4.7e-05,172.217.194.0-255,2902,7639,48,226135
6796,5.1e-05,172.31.46.0-255,66,7705,48,226135
6797,5.8e-05,172.217.194.0-255,4320,12025,48,226135
6798,6.1e-05,172.31.46.0-255,66,12091,48,226135
6799,8.5e-05,172.217.194.0-255,2045,14136,48,226135
6800,8.8e-05,172.31.46.0-255,66,14202,48,226135
6801,9.2e-05,172.217.194.0-255,1484,15686,48,226135
6802,9.4e-05,172.31.46.0-255,66,15752,48,226135
6803,0.000115,172.217.194.0-255,1484,17236,48,226135
6804,0.000117,172.31.46.0-255,66,17302,48,226135
6805,0.000125,172.217.194.0-255,7156,24458,48,226135
6806,0.000127,172.31.46.0-255,66,24524,48,226135
6807,0.000144,172.217.194.0-255,6797,31321,48,226135
6808,0.000147,172.31.46.0-255,66,31387,48,226135
6809,0.000347,172.217.194.0-255,1484,32871,48,226135
6810,0.000352,172.31.46.0-255,66,32937,48,226135
6811,0.000358,172.217.194.0-255,2902,35839,48,226135
6812,0.000361,172.31.46.0-255,66,35905,48,226135
6813,0.000377,172.217.194.0-255,5738,41643,48,226135
6814,0.000379,172.31.46.0-255,66,41709,48,226135
6815,0.000403,172.217.194.0-255,6797,48506,48,226135
6816,0.000406,172.31.46.0-255,66,48572,48,226135
6817,0.000448,172.217.194.0-255,5738,54310,48,226135
6818,0.000451,172.31.46.0-255,66,54376,48,226135
6819,0.000477,172.31.46.0-255,66,54442,48,226135
6820,0.000482,172.217.194.0-255,2794,57236,48,226135
6821,0.000484,172.31.46.0-255,66,57302,48,226135
6822,0.000486,172.217.194.0-255,436,57738,48,226135
6823,0.000967,172.217.194.0-255,1484,59222,48,226135
6824,0.000972,172.31.46.0-255,66,59288,48,226135
6825,0.000976,172.217.194.0-255,1484,60772,48,226135
6826,0.000997,172.217.194.0-255,1484,62256,48,226135
6827,0.001002,172.217.194.0-255,5738,67994,48,226135
6828,0.001006,172.31.46.0-255,66,68060,48,226135
6829,0.001013,172.31.46.0-255,66,68126,48,226135
6830,0.001019,172.217.194.0-255,4320,72446,48,226135
6831,0.001022,172.31.46.0-255,66,72512,48,226135
6832,0.00106,172.31.46.0-255,66,72578,48,226135
6833,0.00107,172.31.46.0-255,66,72644,48,226135
6834,0.001092,172.217.194.0-255,2184,74828,48,226135
6835,0.001094,172.31.46.0-255,66,74894,48,226135
6836,0.002182,172.217.194.0-255,1484,76378,48,226135
6837,0.002192,172.217.194.0-255,2902,79280,48,226135
6838,0.002196,172.31.46.0-255,66,79346,48,226135
6839,0.002204,172.217.194.0-255,5738,85084,48,226135
6840,0.002206,172.31.46.0-255,66,85150,48,226135
6841,0.002224,172.217.194.0-255,4320,89470,48,226135
6842,0.002227,172.31.46.0-255,66,89536,48,226135
6843,0.002259,172.31.46.0-255,66,89602,48,226135
6844,0.002271,172.31.46.0-255,66,89668,48,226135
6845,0.002393,172.217.194.0-255,1484,91152,48,226135
6846,0.00241,172.217.194.0-255,2902,94054,48,226135
6847,0.002412,172.31.46.0-255,66,94120,48,226135
6848,0.002417,172.217.194.0-255,2902,97022,48,226135
6849,0.002419,172.31.46.0-255,66,97088,48,226135
6850,0.002431,172.217.194.0-255,2902,99990,48,226135
6851,0.002433,172.31.46.0-255,66,100056,48,226135
6852,0.002441,172.217.194.0-255,7156,107212,48,226135
6853,0.002443,172.31.46.0-255,66,107278,48,226135
6854,0.002469,172.217.194.0-255,5738,113016,48,226135
6855,0.002471,172.31.46.0-255,66,113082,48,226135
6856,0.002478,172.217.194.0-255,7156,120238,48,226135
6857,0.00248,172.31.46.0-255,66,120304,48,226135
6858,0.002496,172.217.194.0-255,2902,123206,48,226135
6859,0.002498,172.31.46.0-255,66,123272,48,226135
6860,0.00253,172.31.46.0-255,66,123338,48,226135
6861,0.002569,172.31.46.0-255,66,123404,48,226135
6862,0.00258,172.31.46.0-255,66,123470,48,226135
6863,0.00533,172.217.194.0-255,5738,129208,48,226135
6864,0.005335,172.31.46.0-255,66,129274,48,226135
6865,0.008055,172.217.194.0-255,5738,135012,48,226135
6866,0.008062,172.31.46.0-255,66,135078,48,226135
6867,0.010823,172.217.194.0-255,5738,140816,48,226135
6868,0.010834,172.31.46.0-255,66,140882,48,226135
6869,0.013561,172.217.194.0-255,5738,146620,48,226135
6870,0.013574,172.31.46.0-255,66,146686,48,226135
6871,0.016311,172.217.194.0-255,5738,152424,48,226135
6872,0.016319,172.31.46.0-255,66,152490,48,226135
6873,0.019067,172.217.194.0-255,5738,158228,48,226135
6874,0.019076,172.31.46.0-255,66,158294,48,226135
6875,0.021795,172.217.194.0-255,4320,162614,48,226135
6876,0.021802,172.31.46.0-255,66,162680,48,226135
6877,0.02182,172.217.194.0-255,1484,164164,48,226135
6878,0.024541,172.217.194.0-255,4320,168484,48,226135
6879,0.024547,172.31.46.0-255,66,168550,48,226135
6880,0.027269,172.217.194.0-255,5738,174288,48,226135
6881,0.027276,172.31.46.0-255,66,174354,48,226135
6882,0.029989,172.217.194.0-255,5738,180092,48,226135
6883,0.029996,172.31.46.0-255,66,180158,48,226135
6884,0.031807,172.31.46.0-255,176,180334,48,226135
6885,0.031838,172.31.46.0-255,1111,181445,48,226135
6886,0.031894,172.31.46.0-255,1514,182959,48,226135
6887,0.031896,172.31.46.0-255,1514,184473,48,226135
6888,0.031897,172.31.46.0-255,603,185076,48,226135
6889,0.032705,172.217.194.0-255,5738,190814,48,226135
6890,0.032712,172.31.46.0-255,66,190880,48,226135
6891,0.033479,104.244.42.0-255,66,190946,48,226135
6892,0.033486,104.244.42.0-255,66,191012,48,226135
6893,0.033574,104.244.42.0-255,66,191078,48,226135
6894,0.033577,104.244.42.0-255,66,191144,48,226135
6895,0.035402,172.217.194.0-255,5738,196882,48,226135
6896,0.035406,172.31.46.0-255,66,196948,48,226135
6897,0.038127,172.217.194.0-255,5738,202686,48,226135
6898,0.038134,172.31.46.0-255,66,202752,48,226135
6899,0.040835,172.217.194.0-255,5738,208490,48,226135
6900,0.040841,172.31.46.0-255,66,208556,48,226135
6901,0.043544,172.217.194.0-255,5738,214294,48,226135
6902,0.04355,172.31.46.0-255,66,214360,48,226135
6903,0.043649,172.31.46.0-255,101,214461,48,226135
6904,0.046285,172.217.194.0-255,5738,220199,48,226135
6905,0.04629,172.31.46.0-255,66,220265,48,226135
6906,0.046318,172.217.194.0-255,66,220331,48,226135
6907,0.048996,172.217.194.0-255,5738,226069,48,226135
6908,0.049002,172.31.46.0-255,66,226135,48,226135
6909,0.0,74.125.68.0-255,295,295,48,309699
6910,1.3e-05,172.31.46.0-255,66,361,48,309699
6911,1.9e-05,74.125.68.0-255,1484,1845,48,309699
6912,2.3e-05,172.31.46.0-255,66,1911,48,309699
6913,4.2e-05,74.125.68.0-255,4320,6231,48,309699
6914,4.5e-05,172.31.46.0-255,66,6297,48,309699
6915,4.9e-05,74.125.68.0-255,2902,9199,48,309699
6916,5.3e-05,172.31.46.0-255,66,9265,48,309699
6917,7.6e-05,74.125.68.0-255,2902,12167,48,309699
6918,7.9e-05,172.31.46.0-255,66,12233,48,309699
6919,0.000109,74.125.68.0-255,1902,14135,48,309699
6920,0.000113,172.31.46.0-255,66,14201,48,309699
6921,0.000152,74.125.68.0-255,1484,15685,48,309699
6922,0.000154,172.31.46.0-255,66,15751,48,309699
6923,0.000169,74.125.68.0-255,2902,18653,48,309699
6924,0.000172,172.31.46.0-255,66,18719,48,309699
6925,0.000203,74.125.68.0-255,5738,24457,48,309699
6926,0.000206,172.31.46.0-255,66,24523,48,309699
6927,0.00021,74.125.68.0-255,2902,27425,48,309699
6928,0.000212,172.31.46.0-255,66,27491,48,309699
6929,0.000218,74.125.68.0-255,3961,31452,48,309699
6930,0.000221,172.31.46.0-255,66,31518,48,309699
6931,0.000239,74.125.68.0-255,1484,33002,48,309699
6932,0.000242,172.31.46.0-255,66,33068,48,309699
6933,0.000266,74.125.68.0-255,4320,37388,48,309699
6934,0.000268,172.31.46.0-255,66,37454,48,309699
6935,0.000276,74.125.68.0-255,7156,44610,48,309699
6936,0.000278,172.31.46.0-255,66,44676,48,309699
6937,0.000303,74.125.68.0-255,3961,48637,48,309699
6938,0.000305,172.31.46.0-255,66,48703,48,309699
6939,0.000429,74.125.68.0-255,1484,50187,48,309699
6940,0.000434,172.31.46.0-255,66,50253,48,309699
6941,0.00044,74.125.68.0-255,2902,53155,48,309699
6942,0.000443,172.31.46.0-255,66,53221,48,309699
6943,0.000447,74.125.68.0-255,2902,56123,48,309699
6944,0.000449,172.31.46.0-255,66,56189,48,309699
6945,0.000471,74.125.68.0-255,1484,57673,48,309699
6946,0.000494,74.125.68.0-255,5738,63411,48,309699
6947,0.000497,172.31.46.0-255,66,63477,48,309699
6948,0.000501,74.125.68.0-255,2543,66020,48,309699
6949,0.000503,172.31.46.0-255,66,66086,48,309699
6950,0.000828,74.125.68.0-255,645,66731,48,309699
6951,0.000996,74.125.68.0-255,1484,68215,48,309699
6952,0.001002,172.31.46.0-255,66,68281,48,309699
6953,0.001019,74.125.68.0-255,2902,71183,48,309699
6954,0.001021,172.31.46.0-255,66,71249,48,309699
6955,0.001027,74.125.68.0-255,4320,75569,48,309699
6956,0.001029,172.31.46.0-255,66,75635,48,309699
6957,0.001051,74.125.68.0-255,1484,77119,48,309699
6958,0.001072,74.125.68.0-255,7156,84275,48,309699
6959,0.001075,172.31.46.0-255,66,84341,48,309699
6960,0.001097,74.125.68.0-255,5738,90079,48,309699
6961,0.001099,172.31.46.0-255,66,90145,48,309699
6962,0.001123,74.125.68.0-255,2902,93047,48,309699
6963,0.001125,172.31.46.0-255,66,93113,48,309699
6964,0.001145,172.31.46.0-255,66,93179,48,309699
6965,0.001562,74.125.68.0-255,1484,94663,48,309699
6966,0.001578,74.125.68.0-255,2902,97565,48,309699
6967,0.001582,172.31.46.0-255,66,97631,48,309699
6968,0.00162,74.125.68.0-255,2902,100533,48,309699
6969,0.001623,172.31.46.0-255,66,100599,48,309699
6970,0.001644,74.125.68.0-255,2902,103501,48,309699
6971,0.001647,172.31.46.0-255,66,103567,48,309699
6972,0.001652,74.125.68.0-255,2902,106469,48,309699
6973,0.001654,172.31.46.0-255,66,106535,48,309699
6974,0.001659,74.125.68.0-255,4320,110855,48,309699
6975,0.001661,172.31.46.0-255,66,110921,48,309699
6976,0.001668,74.125.68.0-255,7156,118077,48,309699
6977,0.00167,172.31.46.0-255,66,118143,48,309699
6978,0.001688,74.125.68.0-255,1484,119627,48,309699
6979,0.001695,74.125.68.0-255,5738,125365,48,309699
6980,0.001697,172.31.46.0-255,66,125431,48,309699
6981,0.001738,74.125.68.0-255,2184,127615,48,309699
6982,0.00174,172.31.46.0-255,66,127681,48,309699
6983,0.0019,74.125.68.0-255,1484,129165,48,309699
6984,0.00192,74.125.68.0-255,2902,132067,48,309699
6985,0.001923,172.31.46.0-255,66,132133,48,309699
6986,0.00193,74.125.68.0-255,5738,137871,48,309699
6987,0.001932,172.31.46.0-255,66,137937,48,309699
6988,0.00197,74.125.68.0-255,4320,142257,48,309699
6989,0.001973,172.31.46.0-255,66,142323,48,309699
6990,0.001984,74.125.68.0-255,2902,145225,48,309699
6991,0.001986,74.125.68.0-255,1484,146709,48,309699
6992,0.001989,172.31.46.0-255,66,146775,48,309699
6993,0.002008,74.125.68.0-255,7156,153931,48,309699
6994,0.00201,172.31.46.0-255,66,153997,48,309699
6995,0.002013,74.125.68.0-255,1484,155481,48,309699
6996,0.002033,74.125.68.0-255,6438,161919,48,309699
6997,0.002035,172.31.46.0-255,66,161985,48,309699
6998,0.002068,74.125.68.0-255,1484,163469,48,309699
6999,0.002081,74.125.68.0-255,2902,166371,48,309699
7000,0.002083,172.31.46.0-255,66,166437,48,309699
7001,0.002097,74.125.68.0-255,4320,170757,48,309699
7002,0.002099,172.31.46.0-255,66,170823,48,309699
7003,0.002114,74.125.68.0-255,1484,172307,48,309699
7004,0.002118,74.125.68.0-255,2902,175209,48,309699
7005,0.00212,172.31.46.0-255,66,175275,48,309699
7006,0.00214,74.125.68.0-255,2902,178177,48,309699
7007,0.002142,172.31.46.0-255,66,178243,48,309699
7008,0.002167,74.125.68.0-255,7156,185399,48,309699
7009,0.00217,172.31.46.0-255,66,185465,48,309699
7010,0.002181,172.31.46.0-255,66,185531,48,309699
7011,0.002218,74.125.68.0-255,2184,187715,48,309699
7012,0.002221,172.31.46.0-255,66,187781,48,309699
7013,0.004442,74.125.68.0-255,2902,190683,48,309699
7014,0.004449,172.31.46.0-255,66,190749,48,309699
7015,0.004497,74.125.68.0-255,2902,193651,48,309699
7016,0.0045,172.31.46.0-255,66,193717,48,309699
7017,0.006716,74.125.68.0-255,2902,196619,48,309699
7018,0.006723,172.31.46.0-255,66,196685,48,309699
7019,0.006768,74.125.68.0-255,2902,199587,48,309699
7020,0.00677,172.31.46.0-255,66,199653,48,309699
7021,0.008987,74.125.68.0-255,2902,202555,48,309699
7022,0.008992,172.31.46.0-255,66,202621,48,309699
7023,0.009038,74.125.68.0-255,2902,205523,48,309699
7024,0.00904,172.31.46.0-255,66,205589,48,309699
7025,0.011266,74.125.68.0-255,2902,208491,48,309699
7026,0.011273,172.31.46.0-255,66,208557,48,309699
7027,0.011299,74.125.68.0-255,2902,211459,48,309699
7028,0.011301,172.31.46.0-255,66,211525,48,309699
7029,0.013543,74.125.68.0-255,2902,214427,48,309699
7030,0.013551,172.31.46.0-255,66,214493,48,309699
7031,0.013573,74.125.68.0-255,2902,217395,48,309699
7032,0.013575,172.31.46.0-255,66,217461,48,309699
7033,0.015836,74.125.68.0-255,5738,223199,48,309699
7034,0.015845,172.31.46.0-255,66,223265,48,309699
7035,0.018134,74.125.68.0-255,5738,229003,48,309699
7036,0.018143,172.31.46.0-255,66,229069,48,309699
7037,0.020447,74.125.68.0-255,5738,234807,48,309699
7038,0.020455,172.31.46.0-255,66,234873,48,309699
7039,0.022747,74.125.68.0-255,5738,240611,48,309699
7040,0.022757,172.31.46.0-255,66,240677,48,309699
7041,0.025037,74.125.68.0-255,5738,246415,48,309699
7042,0.025045,172.31.46.0-255,66,246481,48,309699
7043,0.027325,74.125.68.0-255,5738,252219,48,309699
7044,0.027332,172.31.46.0-255,66,252285,48,309699
7045,0.029302,172.31.46.0-255,172,252457,48,309699
7046,0.02933,172.31.46.0-255,1107,253564,48,309699
7047,0.02938,172.31.46.0-255,1514,255078,48,309699
7048,0.029382,172.31.46.0-255,1514,256592,48,309699
7049,0.029383,172.31.46.0-255,607,257199,48,309699
7050,0.029596,74.125.68.0-255,5738,262937,48,309699
7051,0.029602,172.31.46.0-255,66,263003,48,309699
7052,0.030858,104.244.42.0-255,66,263069,48,309699
7053,0.030911,104.244.42.0-255,66,263135,48,309699
7054,0.030965,104.244.42.0-255,66,263201,48,309699
7055,0.030975,104.244.42.0-255,66,263267,48,309699
7056,0.031879,74.125.68.0-255,5738,269005,48,309699
7057,0.031884,172.31.46.0-255,66,269071,48,309699
7058,0.034161,74.125.68.0-255,5738,274809,48,309699
7059,0.034168,172.31.46.0-255,66,274875,48,309699
7060,0.036441,74.125.68.0-255,5738,280613,48,309699
7061,0.036447,172.31.46.0-255,66,280679,48,309699
7062,0.03871,74.125.68.0-255,5738,286417,48,309699
7063,0.038717,172.31.46.0-255,66,286483,48,309699
7064,0.041001,74.125.68.0-255,5738,292221,48,309699
7065,0.041008,172.31.46.0-255,66,292287,48,309699
7066,0.043311,74.125.68.0-255,5738,298025,48,309699
7067,0.043318,172.31.46.0-255,66,298091,48,309699
7068,0.045643,74.125.68.0-255,5738,303829,48,309699
7069,0.045649,172.31.46.0-255,66,303895,48,309699
7070,0.047943,74.125.68.0-255,5738,309633,48,309699
7071,0.04795,172.31.46.0-255,66,309699,48,309699
7072,0.0,74.125.130.0-255,152,152,48,295401
7073,1.2e-05,172.31.46.0-255,66,218,48,295401
7074,1.8e-05,74.125.130.0-255,1484,1702,48,295401
7075,2.2e-05,172.31.46.0-255,66,1768,48,295401
7076,2.4e-05,74.125.130.0-255,1484,3252,48,295401
7077,2.6e-05,172.31.46.0-255,66,3318,48,295401
7078,5.1e-05,74.125.130.0-255,1484,4802,48,295401
7079,5.4e-05,172.31.46.0-255,66,4868,48,295401
7080,7.4e-05,74.125.130.0-255,1484,6352,48,295401
7081,7.6e-05,172.31.46.0-255,66,6418,48,295401
7082,8.4e-05,74.125.130.0-255,5738,12156,48,295401
7083,8.5e-05,172.31.46.0-255,66,12222,48,295401
7084,0.000124,74.125.130.0-255,2042,14264,48,295401
7085,0.000126,172.31.46.0-255,66,14330,48,295401
7086,0.000415,74.125.130.0-255,1484,15814,48,295401
7087,0.000419,172.31.46.0-255,66,15880,48,295401
7088,0.000423,74.125.130.0-255,1484,17364,48,295401
7089,0.000425,172.31.46.0-255,66,17430,48,295401
7090,0.000441,74.125.130.0-255,2902,20332,48,295401
7091,0.000444,172.31.46.0-255,66,20398,48,295401
7092,0.000467,74.125.130.0-255,5738,26136,48,295401
7093,0.00047,172.31.46.0-255,66,26202,48,295401
7094,0.000528,74.125.130.0-255,1484,27686,48,295401
7095,0.000531,172.31.46.0-255,66,27752,48,295401
7096,0.000547,74.125.130.0-255,1484,29236,48,295401
7097,0.00055,172.31.46.0-255,66,29302,48,295401
7098,0.000568,74.125.130.0-255,1484,30786,48,295401
7099,0.00057,172.31.46.0-255,66,30852,48,295401
7100,0.00059,74.125.130.0-255,6797,37649,48,295401
7101,0.000592,172.31.46.0-255,66,37715,48,295401
7102,0.00066,74.125.130.0-255,4320,42035,48,295401
7103,0.000663,172.31.46.0-255,66,42101,48,295401
7104,0.000687,74.125.130.0-255,7156,49257,48,295401
7105,0.000703,74.125.130.0-255,2902,52159,48,295401
7106,0.000707,172.31.46.0-255,66,52225,48,295401
7107,0.000846,74.125.130.0-255,2902,55127,48,295401
7108,0.000849,172.31.46.0-255,66,55193,48,295401
7109,0.000873,74.125.130.0-255,7156,62349,48,295401
7110,0.000882,172.31.46.0-255,66,62415,48,295401
7111,0.000952,74.125.130.0-255,2902,65317,48,295401
7112,0.000961,172.31.46.0-255,66,65383,48,295401
7113,0.000969,74.125.130.0-255,1041,66424,48,295401
7114,0.000972,74.125.130.0-255,119,66543,48,295401
7115,0.001018,74.125.130.0-255,5738,72281,48,295401
7116,0.001023,172.31.46.0-255,66,72347,48,295401
7117,0.001062,74.125.130.0-255,1484,73831,48,295401
7118,0.001126,172.31.46.0-255,66,73897,48,295401
7119,0.001229,74.125.130.0-255,2902,76799,48,295401
7120,0.001238,172.31.46.0-255,66,76865,48,295401
7121,0.001291,172.31.46.0-255,66,76931,48,295401
7122,0.001388,74.125.130.0-255,379,77310,48,295401
7123,0.001423,172.31.46.0-255,66,77376,48,295401
7124,0.001607,74.125.130.0-255,1484,78860,48,295401
7125,0.001615,74.125.130.0-255,2902,81762,48,295401
7126,0.001649,74.125.130.0-255,5738,87500,48,295401
7127,0.001709,74.125.130.0-255,1484,88984,48,295401
7128,0.00172,74.125.130.0-255,1484,90468,48,295401
7129,0.001749,74.125.130.0-255,7156,97624,48,295401
7130,0.001849,74.125.130.0-255,7156,104780,48,295401
7131,0.001864,74.125.130.0-255,2902,107682,48,295401
7132,0.001955,74.125.130.0-255,3602,111284,48,295401
7133,0.001988,74.125.130.0-255,1484,112768,48,295401
7134,0.002004,74.125.130.0-255,1484,114252,48,295401
7135,0.002028,74.125.130.0-255,4320,118572,48,295401
7136,0.002047,74.125.130.0-255,4320,122892,48,295401
7137,0.002148,74.125.130.0-255,4320,127212,48,295401
7138,0.002359,74.125.130.0-255,3602,130814,48,295401
7139,0.002394,74.125.130.0-255,4320,135134,48,295401
7140,0.002452,74.125.130.0-255,2902,138036,48,295401
7141,0.002472,74.125.130.0-255,2902,140938,48,295401
7142,0.002528,74.125.130.0-255,4320,145258,48,295401
7143,0.002546,74.125.130.0-255,2902,148160,48,295401
7144,0.002623,74.125.130.0-255,1484,149644,48,295401
7145,0.002629,74.125.130.0-255,2902,152546,48,295401
7146,0.002656,74.125.130.0-255,1484,154030,48,295401
7147,0.002684,74.125.130.0-255,4320,158350,48,295401
7148,0.002722,74.125.130.0-255,2902,161252,48,295401
7149,0.002739,74.125.130.0-255,2902,164154,48,295401
7150,0.002788,74.125.130.0-255,766,164920,48,295401
7151,0.002844,74.125.130.0-255,1484,166404,48,295401
7152,0.002868,74.125.130.0-255,2902,169306,48,295401
7153,0.002887,74.125.130.0-255,2902,172208,48,295401
7154,0.002914,74.125.130.0-255,1484,173692,48,295401
7155,0.002929,74.125.130.0-255,2902,176594,48,295401
7156,0.00296,74.125.130.0-255,1484,178078,48,295401
7157,0.002996,74.125.130.0-255,1484,179562,48,295401
7158,0.003011,74.125.130.0-255,5738,185300,48,295401
7159,0.003027,74.125.130.0-255,1484,186784,48,295401
7160,0.003088,74.125.130.0-255,4320,191104,48,295401
7161,0.003136,74.125.130.0-255,2902,194006,48,295401
7162,0.003147,74.125.130.0-255,2902,196908,48,295401
7163,0.003209,74.125.130.0-255,1484,198392,48,295401
7164,0.003212,74.125.130.0-255,766,199158,48,295401
7165,0.003301,74.125.130.0-255,1484,200642,48,295401
7166,0.00333,74.125.130.0-255,1484,202126,48,295401
7167,0.003368,74.125.130.0-255,1484,203610,48,295401
7168,0.003378,74.125.130.0-255,1484,205094,48,295401
7169,0.003383,74.125.130.0-255,2902,207996,48,295401
7170,0.003396,74.125.130.0-255,1484,209480,48,295401
7171,0.003432,74.125.130.0-255,1484,210964,48,295401
7172,0.003466,74.125.130.0-255,7156,218120,48,295401
7173,0.003526,74.125.130.0-255,1484,219604,48,295401
7174,0.003548,74.125.130.0-255,4320,223924,48,295401
7175,0.003573,74.125.130.0-255,5738,229662,48,295401
7176,0.00359,74.125.130.0-255,1484,231146,48,295401
7177,0.003687,74.125.130.0-255,2184,233330,48,295401
7178,0.003716,74.125.130.0-255,2902,236232,48,295401
7179,0.00373,74.125.130.0-255,4320,240552,48,295401
7180,0.003748,74.125.130.0-255,2902,243454,48,295401
7181,0.003835,74.125.130.0-255,4320,247774,48,295401
7182,0.003898,74.125.130.0-255,2902,250676,48,295401
7183,0.004118,74.125.130.0-255,4320,254996,48,295401
7184,0.004302,74.125.130.0-255,2902,257898,48,295401
7185,0.004337,74.125.130.0-255,7156,265054,48,295401
7186,0.004423,74.125.130.0-255,1484,266538,48,295401
7187,0.004449,74.125.130.0-255,6438,272976,48,295401
7188,0.004524,74.125.130.0-255,1484,274460,48,295401
7189,0.004605,74.125.130.0-255,1484,275944,48,295401
7190,0.004729,74.125.130.0-255,4320,280264,48,295401
7191,0.004966,74.125.130.0-255,4320,284584,48,295401
7192,0.005333,74.125.130.0-255,1484,286068,48,295401
7193,0.005357,74.125.130.0-255,3917,289985,48,295401
7194,0.006706,172.31.46.0-255,66,290051,48,295401
7195,0.009205,172.31.46.0-255,105,290156,48,295401
7196,0.011647,74.125.130.0-255,66,290222,48,295401
7197,0.035538,172.31.46.0-255,172,290394,48,295401
7198,0.035573,172.31.46.0-255,1111,291505,48,295401
7199,0.035636,172.31.46.0-255,1514,293019,48,295401
7200,0.035638,172.31.46.0-255,1514,294533,48,295401
7201,0.035661,172.31.46.0-255,604,295137,48,295401
7202,0.037172,104.244.42.0-255,66,295203,48,295401
7203,0.0373,104.244.42.0-255,66,295269,48,295401
7204,0.037477,104.244.42.0-255,66,295335,48,295401
7205,0.03749,104.244.42.0-255,66,295401,48,295401
7206,0.0,172.217.194.0-255,297,297,48,242782
7207,3.4e-05,172.31.46.0-255,66,363,48,242782
7208,4.1e-05,172.217.194.0-255,1484,1847,48,242782
7209,4.5e-05,172.31.46.0-255,66,1913,48,242782
7210,4.8e-05,172.217.194.0-255,1484,3397,48,242782
7211,5e-05,172.31.46.0-255,66,3463,48,242782
7212,7.7e-05,172.217.194.0-255,2902,6365,48,242782
7213,7.9e-05,172.31.46.0-255,66,6431,48,242782
7214,8.5e-05,172.217.194.0-255,5738,12169,48,242782
7215,8.7e-05,172.31.46.0-255,66,12235,48,242782
7216,0.000113,172.31.46.0-255,66,12301,48,242782
7217,0.000126,172.217.194.0-255,1805,14106,48,242782
7218,0.000128,172.31.46.0-255,66,14172,48,242782
7219,0.000131,172.217.194.0-255,1484,15656,48,242782
7220,0.000133,172.31.46.0-255,66,15722,48,242782
7221,0.000158,172.217.194.0-255,5379,21101,48,242782
7222,0.00016,172.31.46.0-255,66,21167,48,242782
7223,0.000209,172.217.194.0-255,1484,22651,48,242782
7224,0.000212,172.31.46.0-255,66,22717,48,242782
7225,0.000216,172.217.194.0-255,2902,25619,48,242782
7226,0.000218,172.31.46.0-255,66,25685,48,242782
7227,0.000246,172.217.194.0-255,1484,27169,48,242782
7228,0.000248,172.31.46.0-255,66,27235,48,242782
7229,0.000268,172.217.194.0-255,4320,31555,48,242782
7230,0.00027,172.31.46.0-255,66,31621,48,242782
7231,0.000276,172.217.194.0-255,5738,37359,48,242782
7232,0.000278,172.31.46.0-255,66,37425,48,242782
7233,0.000307,172.31.46.0-255,66,37491,48,242782
7234,0.000314,172.217.194.0-255,4252,41743,48,242782
7235,0.000316,172.31.46.0-255,66,41809,48,242782
7236,0.00032,172.217.194.0-255,99,41908,48,242782
7237,0.000343,172.217.194.0-255,362,42270,48,242782
7238,0.000556,172.217.194.0-255,1484,43754,48,242782
7239,0.000562,172.217.194.0-255,2902,46656,48,242782
7240,0.000565,172.217.194.0-255,1484,48140,48,242782
7241,0.00057,172.31.46.0-255,66,48206,48,242782
7242,0.000583,172.217.194.0-255,2902,51108,48,242782
7243,0.000587,172.217.194.0-255,1484,52592,48,242782
7244,0.000591,172.31.46.0-255,66,52658,48,242782
7245,0.000611,172.217.194.0-255,4320,56978,48,242782
7246,0.000617,172.31.46.0-255,66,57044,48,242782
7247,0.000644,172.217.194.0-255,2902,59946,48,242782
7248,0.000648,172.31.46.0-255,66,60012,48,242782
7249,0.000681,172.31.46.0-255,66,60078,48,242782
7250,0.000683,172.217.194.0-255,6438,66516,48,242782
7251,0.000686,172.31.46.0-255,66,66582,48,242782
7252,0.000708,172.217.194.0-255,1484,68066,48,242782
7253,0.000713,172.217.194.0-255,2902,70968,48,242782
7254,0.000715,172.217.194.0-255,1484,72452,48,242782
7255,0.000722,172.31.46.0-255,66,72518,48,242782
7256,0.000732,172.217.194.0-255,4320,76838,48,242782
7257,0.000736,172.31.46.0-255,66,76904,48,242782
7258,0.000736,172.217.194.0-255,2902,79806,48,242782
7259,0.00074,172.31.46.0-255,66,79872,48,242782
7260,0.000774,172.31.46.0-255,66,79938,48,242782
7261,0.000788,172.217.194.0-255,2902,82840,48,242782
7262,0.000797,172.31.46.0-255,66,82906,48,242782
7263,0.000827,172.31.46.0-255,66,82972,48,242782
7264,0.00085,172.217.194.0-255,4320,87292,48,242782
7265,0.000851,172.31.46.0-255,66,87358,48,242782
7266,0.000855,172.31.46.0-255,66,87424,48,242782
7267,0.000874,172.217.194.0-255,4320,91744,48,242782
7268,0.000878,172.217.194.0-255,2184,93928,48,242782
7269,0.000882,172.31.46.0-255,66,93994,48,242782
7270,0.000927,172.31.46.0-255,66,94060,48,242782
7271,0.00095,172.31.46.0-255,66,94126,48,242782
7272,0.000956,172.217.194.0-255,2902,97028,48,242782
7273,0.000961,172.217.194.0-255,2902,99930,48,242782
7274,0.000966,172.31.46.0-255,66,99996,48,242782
7275,0.00098,172.31.46.0-255,66,100062,48,242782
7276,0.001042,172.217.194.0-255,1484,101546,48,242782
7277,0.001047,172.217.194.0-255,2902,104448,48,242782
7278,0.001061,172.31.46.0-255,66,104514,48,242782
7279,0.001071,172.217.194.0-255,5738,110252,48,242782
7280,0.001075,172.31.46.0-255,66,110318,48,242782
7281,0.001087,172.217.194.0-255,1484,111802,48,242782
7282,0.001131,172.31.46.0-255,66,111868,48,242782
7283,0.001138,172.217.194.0-255,5738,117606,48,242782
7284,0.001144,172.31.46.0-255,66,117672,48,242782
7285,0.001153,172.217.194.0-255,5738,123410,48,242782
7286,0.001158,172.31.46.0-255,66,123476,48,242782
7287,0.001165,172.217.194.0-255,766,124242,48,242782
7288,0.002062,172.217.194.0-255,1484,125726,48,242782
7289,0.002067,172.31.46.0-255,66,125792,48,242782
7290,0.002082,172.217.194.0-255,2902,128694,48,242782
7291,0.002102,172.217.194.0-255,1484,130178,48,242782
7292,0.002117,172.217.194.0-255,1484,131662,48,242782
7293,0.002141,172.217.194.0-255,1484,133146,48,242782
7294,0.002174,172.217.194.0-255,4320,137466,48,242782
7295,0.002247,172.217.194.0-255,2184,139650,48,242782
7296,0.00848,172.31.46.0-255,66,139716,48,242782
7297,0.010893,172.217.194.0-255,5738,145454,48,242782
7298,0.0109,172.31.46.0-255,66,145520,48,242782
7299,0.013336,172.217.194.0-255,2902,148422,48,242782
7300,0.013342,172.31.46.0-255,66,148488,48,242782
7301,0.013363,172.217.194.0-255,2902,151390,48,242782
7302,0.01381,172.31.46.0-255,66,151456,48,242782
7303,0.015759,172.217.194.0-255,2902,154358,48,242782
7304,0.015766,172.31.46.0-255,66,154424,48,242782
7305,0.016256,172.217.194.0-255,2902,157326,48,242782
7306,0.016262,172.31.46.0-255,66,157392,48,242782
7307,0.018157,172.217.194.0-255,2902,160294,48,242782
7308,0.018163,172.31.46.0-255,66,160360,48,242782
7309,0.018696,172.217.194.0-255,2902,163262,48,242782
7310,0.018701,172.31.46.0-255,66,163328,48,242782
7311,0.020555,172.217.194.0-255,2902,166230,48,242782
7312,0.020565,172.31.46.0-255,66,166296,48,242782
7313,0.02107,172.217.194.0-255,2902,169198,48,242782
7314,0.021073,172.31.46.0-255,66,169264,48,242782
7315,0.022948,172.217.194.0-255,2902,172166,48,242782
7316,0.022955,172.31.46.0-255,66,172232,48,242782
7317,0.023503,172.217.194.0-255,2902,175134,48,242782
7318,0.023509,172.31.46.0-255,66,175200,48,242782
7319,0.025349,172.217.194.0-255,2902,178102,48,242782
7320,0.025357,172.31.46.0-255,66,178168,48,242782
7321,0.025959,172.217.194.0-255,2902,181070,48,242782
7322,0.025965,172.31.46.0-255,66,181136,48,242782
7323,0.027777,172.217.194.0-255,2902,184038,48,242782
7324,0.027783,172.31.46.0-255,66,184104,48,242782
7325,0.028372,172.217.194.0-255,2902,187006,48,242782
7326,0.028377,172.31.46.0-255,66,187072,48,242782
7327,0.030235,172.217.194.0-255,2902,189974,48,242782
7328,0.030243,172.31.46.0-255,66,190040,48,242782
7329,0.03082,172.217.194.0-255,2902,192942,48,242782
7330,0.030829,172.31.46.0-255,66,193008,48,242782
7331,0.032652,172.217.194.0-255,2902,195910,48,242782
7332,0.032659,172.31.46.0-255,66,195976,48,242782
7333,0.033213,172.217.194.0-255,2902,198878,48,242782
7334,0.03322,172.31.46.0-255,66,198944,48,242782
7335,0.0351,172.217.194.0-255,2902,201846,48,242782
7336,0.035106,172.31.46.0-255,66,201912,48,242782
7337,0.035609,172.217.194.0-255,2902,204814,48,242782
7338,0.035621,172.31.46.0-255,66,204880,48,242782
7339,0.036258,172.31.46.0-255,247,205127,48,242782
7340,0.036301,172.31.46.0-255,1111,206238,48,242782
7341,0.036376,172.31.46.0-255,1514,207752,48,242782
7342,0.036379,172.31.46.0-255,1514,209266,48,242782
7343,0.036408,172.31.46.0-255,604,209870,48,242782
7344,0.037529,172.217.194.0-255,2902,212772,48,242782
7345,0.037535,172.31.46.0-255,66,212838,48,242782
7346,0.037921,104.244.42.0-255,66,212904,48,242782
7347,0.03798,104.244.42.0-255,66,212970,48,242782
7348,0.038024,104.244.42.0-255,66,213036,48,242782
7349,0.038027,104.244.42.0-255,66,213102,48,242782
7350,0.038051,172.217.194.0-255,2902,216004,48,242782
7351,0.038055,172.31.46.0-255,66,216070,48,242782
7352,0.03992,172.217.194.0-255,2902,218972,48,242782
7353,0.039927,172.31.46.0-255,66,219038,48,242782
7354,0.040483,172.217.194.0-255,2902,221940,48,242782
7355,0.040488,172.31.46.0-255,66,222006,48,242782
7356,0.04231,172.217.194.0-255,2902,224908,48,242782
7357,0.042315,172.31.46.0-255,66,224974,48,242782
7358,0.042866,172.217.194.0-255,2902,227876,48,242782
7359,0.04287,172.31.46.0-255,66,227942,48,242782
7360,0.044772,172.217.194.0-255,2902,230844,48,242782
7361,0.044778,172.31.46.0-255,66,230910,48,242782
7362,0.045256,172.217.194.0-255,2902,233812,48,242782
7363,0.045261,172.31.46.0-255,66,233878,48,242782
7364,0.047153,172.217.194.0-255,2902,236780,48,242782
7365,0.047158,172.31.46.0-255,66,236846,48,242782
7366,0.047693,172.217.194.0-255,2902,239748,48,242782
7367,0.047697,172.31.46.0-255,66,239814,48,242782
7368,0.049519,172.217.194.0-255,2902,242716,48,242782
7369,0.049524,172.31.46.0-255,66,242782,48,242782
7370,0.0,74.125.24.0-255,177,177,48,237028
7371,1.4e-05,172.31.46.0-255,66,243,48,237028
7372,2e-05,74.125.24.0-255,1484,1727,48,237028
7373,2.3e-05,172.31.46.0-255,66,1793,48,237028
7374,5.1e-05,74.125.24.0-255,2902,4695,48,237028
7375,5.4e-05,172.31.46.0-255,66,4761,48,237028
7376,6.1e-05,74.125.24.0-255,7156,11917,48,237028
7377,6.3e-05,172.31.46.0-255,66,11983,48,237028
7378,6.7e-05,74.125.24.0-255,2005,13988,48,237028
7379,7e-05,172.31.46.0-255,66,14054,48,237028
7380,0.000107,74.125.24.0-255,5738,19792,48,237028
7381,0.000109,172.31.46.0-255,66,19858,48,237028
7382,0.000133,74.125.24.0-255,5738,25596,48,237028
7383,0.000135,172.31.46.0-255,66,25662,48,237028
7384,0.00014,74.125.24.0-255,5379,31041,48,237028
7385,0.000142,172.31.46.0-255,66,31107,48,237028
7386,0.000275,74.125.24.0-255,1484,32591,48,237028
7387,0.000279,172.31.46.0-255,66,32657,48,237028
7388,0.000284,74.125.24.0-255,2902,35559,48,237028
7389,0.000286,172.31.46.0-255,66,35625,48,237028
7390,0.000319,74.125.24.0-255,4320,39945,48,237028
7391,0.000322,172.31.46.0-255,66,40011,48,237028
7392,0.000339,74.125.24.0-255,1484,41495,48,237028
7393,0.000341,172.31.46.0-255,66,41561,48,237028
7394,0.000344,74.125.24.0-255,1484,43045,48,237028
7395,0.000346,172.31.46.0-255,66,43111,48,237028
7396,0.000374,74.125.24.0-255,4320,47431,48,237028
7397,0.000378,172.31.46.0-255,66,47497,48,237028
7398,0.000392,74.125.24.0-255,5379,52876,48,237028
7399,0.000394,172.31.46.0-255,66,52942,48,237028
7400,0.000399,74.125.24.0-255,4320,57262,48,237028
7401,0.000401,172.31.46.0-255,66,57328,48,237028
7402,0.000439,74.125.24.0-255,4320,61648,48,237028
7403,0.000441,172.31.46.0-255,66,61714,48,237028
7404,0.000456,74.125.24.0-255,4267,65981,48,237028
7405,0.000459,172.31.46.0-255,66,66047,48,237028
7406,0.000461,74.125.24.0-255,113,66160,48,237028
7407,0.000485,74.125.24.0-255,333,66493,48,237028
7408,0.000725,74.125.24.0-255,1484,67977,48,237028
7409,0.000729,172.31.46.0-255,66,68043,48,237028
7410,0.000734,74.125.24.0-255,2902,70945,48,237028
7411,0.000735,172.31.46.0-255,66,71011,48,237028
7412,0.000746,74.125.24.0-255,1484,72495,48,237028
7413,0.000764,74.125.24.0-255,4320,76815,48,237028
7414,0.000766,172.31.46.0-255,66,76881,48,237028
7415,0.000786,74.125.24.0-255,7156,84037,48,237028
7416,0.000788,172.31.46.0-255,66,84103,48,237028
7417,0.000818,74.125.24.0-255,5738,89841,48,237028
7418,0.00082,172.31.46.0-255,66,89907,48,237028
7419,0.00083,172.31.46.0-255,66,89973,48,237028
7420,0.000841,74.125.24.0-255,1484,91457,48,237028
7421,0.000854,74.125.24.0-255,766,92223,48,237028
7422,0.000856,172.31.46.0-255,66,92289,48,237028
7423,0.001141,74.125.24.0-255,1484,93773,48,237028
7424,0.00118,74.125.24.0-255,2902,96675,48,237028
7425,0.001183,172.31.46.0-255,66,96741,48,237028
7426,0.001202,74.125.24.0-255,2902,99643,48,237028
7427,0.001204,172.31.46.0-255,66,99709,48,237028
7428,0.001248,74.125.24.0-255,7156,106865,48,237028
7429,0.001251,172.31.46.0-255,66,106931,48,237028
7430,0.001256,74.125.24.0-255,4320,111251,48,237028
7431,0.001258,172.31.46.0-255,66,111317,48,237028
7432,0.001261,74.125.24.0-255,1484,112801,48,237028
7433,0.001297,172.31.46.0-255,66,112867,48,237028
7434,0.001302,74.125.24.0-255,2184,115051,48,237028
7435,0.001304,172.31.46.0-255,66,115117,48,237028
7436,0.001359,74.125.24.0-255,1484,116601,48,237028
7437,0.001379,74.125.24.0-255,2902,119503,48,237028
7438,0.001382,172.31.46.0-255,66,119569,48,237028
7439,0.001386,74.125.24.0-255,1484,121053,48,237028
7440,0.001403,74.125.24.0-255,4320,125373,48,237028
7441,0.001405,172.31.46.0-255,66,125439,48,237028
7442,0.001411,74.125.24.0-255,5738,131177,48,237028
7443,0.001414,172.31.46.0-255,66,131243,48,237028
7444,0.001448,172.31.46.0-255,66,131309,48,237028
7445,0.001472,74.125.24.0-255,5738,137047,48,237028
7446,0.001474,172.31.46.0-255,66,137113,48,237028
7447,0.001477,74.125.24.0-255,766,137879,48,237028
7448,0.001549,74.125.24.0-255,1484,139363,48,237028
7449,0.001553,172.31.46.0-255,66,139429,48,237028
7450,0.001559,74.125.24.0-255,2902,142331,48,237028
7451,0.001562,172.31.46.0-255,66,142397,48,237028
7452,0.001567,74.125.24.0-255,2902,145299,48,237028
7453,0.001569,172.31.46.0-255,66,145365,48,237028
7454,0.001596,74.125.24.0-255,2902,148267,48,237028
7455,0.001599,172.31.46.0-255,66,148333,48,237028
7456,0.001613,172.31.46.0-255,66,148399,48,237028
7457,0.001624,172.31.46.0-255,66,148465,48,237028
7458,0.001645,74.125.24.0-255,2184,150649,48,237028
7459,0.001647,172.31.46.0-255,66,150715,48,237028
7460,0.0017,74.125.24.0-255,1484,152199,48,237028
7461,0.001721,74.125.24.0-255,2902,155101,48,237028
7462,0.001724,172.31.46.0-255,66,155167,48,237028
7463,0.001731,74.125.24.0-255,5738,160905,48,237028
7464,0.001733,172.31.46.0-255,66,160971,48,237028
7465,0.001758,74.125.24.0-255,5738,166709,48,237028
7466,0.001761,172.31.46.0-255,66,166775,48,237028
7467,0.001787,74.125.24.0-255,7156,173931,48,237028
7468,0.00179,172.31.46.0-255,66,173997,48,237028
7469,0.001802,172.31.46.0-255,66,174063,48,237028
7470,0.001826,74.125.24.0-255,2902,176965,48,237028
7471,0.001828,172.31.46.0-255,66,177031,48,237028
7472,0.001868,172.31.46.0-255,66,177097,48,237028
7473,0.00189,74.125.24.0-255,4320,181417,48,237028
7474,0.001892,172.31.46.0-255,66,181483,48,237028
7475,0.001903,172.31.46.0-255,66,181549,48,237028
7476,0.001906,74.125.24.0-255,1484,183033,48,237028
7477,0.001942,74.125.24.0-255,5738,188771,48,237028
7478,0.001945,172.31.46.0-255,66,188837,48,237028
7479,0.001956,172.31.46.0-255,66,188903,48,237028
7480,0.001959,74.125.24.0-255,1484,190387,48,237028
7481,0.001992,172.31.46.0-255,66,190453,48,237028
7482,0.002004,74.125.24.0-255,1484,191937,48,237028
7483,0.002007,74.125.24.0-255,766,192703,48,237028
7484,0.002009,172.31.46.0-255,66,192769,48,237028
7485,0.002033,74.125.24.0-255,4320,197089,48,237028
7486,0.002036,172.31.46.0-255,66,197155,48,237028
7487,0.002042,74.125.24.0-255,5738,202893,48,237028
7488,0.002044,172.31.46.0-255,66,202959,48,237028
7489,0.002087,74.125.24.0-255,5738,208697,48,237028
7490,0.002089,172.31.46.0-255,66,208763,48,237028
7491,0.002122,74.125.24.0-255,5738,214501,48,237028
7492,0.002125,172.31.46.0-255,66,214567,48,237028
7493,0.002139,172.31.46.0-255,66,214633,48,237028
7494,0.002152,172.31.46.0-255,66,214699,48,237028
7495,0.002165,172.31.46.0-255,66,214765,48,237028
7496,0.002197,172.31.46.0-255,66,214831,48,237028
7497,0.002217,172.31.46.0-255,66,214897,48,237028
7498,0.002223,74.125.24.0-255,7156,222053,48,237028
7499,0.002225,172.31.46.0-255,66,222119,48,237028
7500,0.002244,74.125.24.0-255,5020,227139,48,237028
7501,0.002247,172.31.46.0-255,66,227205,48,237028
7502,0.002252,74.125.24.0-255,4237,231442,48,237028
7503,0.002254,172.31.46.0-255,66,231508,48,237028
7504,0.002256,74.125.24.0-255,105,231613,48,237028
7505,0.007841,172.31.46.0-255,66,231679,48,237028
7506,0.007877,172.31.46.0-255,105,231784,48,237028
7507,0.010281,74.125.24.0-255,66,231850,48,237028
7508,0.03486,172.31.46.0-255,172,232022,48,237028
7509,0.034893,172.31.46.0-255,1111,233133,48,237028
7510,0.034947,172.31.46.0-255,1514,234647,48,237028
7511,0.034948,172.31.46.0-255,1514,236161,48,237028
7512,0.034949,172.31.46.0-255,603,236764,48,237028
7513,0.036453,104.244.42.0-255,66,236830,48,237028
7514,0.036486,104.244.42.0-255,66,236896,48,237028
7515,0.036561,104.244.42.0-255,66,236962,48,237028
7516,0.036579,104.244.42.0-255,66,237028,48,237028
7517,0.0,74.125.68.0-255,153,153,48,276028
7518,2.4e-05,172.31.46.0-255,66,219,48,276028
7519,3.1e-05,74.125.68.0-255,1484,1703,48,276028
7520,3.5e-05,172.31.46.0-255,66,1769,48,276028
7521,4.8e-05,74.125.68.0-255,2902,4671,48,276028
7522,5.2e-05,172.31.46.0-255,66,4737,48,276028
7523,6e-05,74.125.68.0-255,7156,11893,48,276028
7524,6.3e-05,172.31.46.0-255,66,11959,48,276028
7525,0.000104,74.125.68.0-255,2042,14001,48,276028
7526,0.000107,172.31.46.0-255,66,14067,48,276028
7527,0.00016,74.125.68.0-255,1484,15551,48,276028
7528,0.000163,172.31.46.0-255,66,15617,48,276028
7529,0.000166,74.125.68.0-255,1484,17101,48,276028
7530,0.000169,172.31.46.0-255,66,17167,48,276028
7531,0.000189,74.125.68.0-255,1484,18651,48,276028
7532,0.000191,172.31.46.0-255,66,18717,48,276028
7533,0.000198,74.125.68.0-255,5738,24455,48,276028
7534,0.0002,172.31.46.0-255,66,24521,48,276028
7535,0.00021,74.125.68.0-255,2902,27423,48,276028
7536,0.000212,172.31.46.0-255,66,27489,48,276028
7537,0.00024,74.125.68.0-255,3961,31450,48,276028
7538,0.000247,172.31.46.0-255,66,31516,48,276028
7539,0.000666,74.125.68.0-255,1484,33000,48,276028
7540,0.000672,172.31.46.0-255,66,33066,48,276028
7541,0.000678,74.125.68.0-255,2902,35968,48,276028
7542,0.00068,172.31.46.0-255,66,36034,48,276028
7543,0.000711,74.125.68.0-255,5738,41772,48,276028
7544,0.000715,74.125.68.0-255,2902,44674,48,276028
7545,0.000717,74.125.68.0-255,1484,46158,48,276028
7546,0.000722,172.31.46.0-255,66,46224,48,276028
7547,0.000729,172.31.46.0-255,66,46290,48,276028
7548,0.000732,172.31.46.0-255,66,46356,48,276028
7549,0.000742,74.125.68.0-255,2543,48899,48,276028
7550,0.000744,172.31.46.0-255,66,48965,48,276028
7551,0.000767,74.125.68.0-255,7156,56121,48,276028
7552,0.000774,172.31.46.0-255,66,56187,48,276028
7553,0.000801,74.125.68.0-255,1484,57671,48,276028
7554,0.000808,74.125.68.0-255,4320,61991,48,276028
7555,0.000812,172.31.46.0-255,66,62057,48,276028
7556,0.000815,74.125.68.0-255,1484,63541,48,276028
7557,0.000841,74.125.68.0-255,2838,66379,48,276028
7558,0.000844,172.31.46.0-255,66,66445,48,276028
7559,0.000874,74.125.68.0-255,127,66572,48,276028
7560,0.000898,74.125.68.0-255,351,66923,48,276028
7561,0.00119,74.125.68.0-255,1484,68407,48,276028
7562,0.001194,172.31.46.0-255,66,68473,48,276028
7563,0.001198,74.125.68.0-255,1484,69957,48,276028
7564,0.001221,74.125.68.0-255,1484,71441,48,276028
7565,0.001223,172.31.46.0-255,66,71507,48,276028
7566,0.001227,74.125.68.0-255,2902,74409,48,276028
7567,0.001229,172.31.46.0-255,66,74475,48,276028
7568,0.001233,74.125.68.0-255,4320,78795,48,276028
7569,0.001235,172.31.46.0-255,66,78861,48,276028
7570,0.001277,172.31.46.0-255,66,78927,48,276028
7571,0.001283,74.125.68.0-255,7156,86083,48,276028
7572,0.001285,172.31.46.0-255,66,86149,48,276028
7573,0.001309,74.125.68.0-255,1484,87633,48,276028
7574,0.001325,74.125.68.0-255,2902,90535,48,276028
7575,0.001328,172.31.46.0-255,66,90601,48,276028
7576,0.001346,74.125.68.0-255,2184,92785,48,276028
7577,0.001349,172.31.46.0-255,66,92851,48,276028
7578,0.002028,74.125.68.0-255,1484,94335,48,276028
7579,0.002036,74.125.68.0-255,1484,95819,48,276028
7580,0.00204,172.31.46.0-255,66,95885,48,276028
7581,0.002065,74.125.68.0-255,1484,97369,48,276028
7582,0.002071,74.125.68.0-255,5738,103107,48,276028
7583,0.002072,172.31.46.0-255,66,103173,48,276028
7584,0.002107,74.125.68.0-255,5738,108911,48,276028
7585,0.002109,172.31.46.0-255,66,108977,48,276028
7586,0.002133,74.125.68.0-255,4320,113297,48,276028
7587,0.002136,172.31.46.0-255,66,113363,48,276028
7588,0.002141,74.125.68.0-255,5738,119101,48,276028
7589,0.002143,172.31.46.0-255,66,119167,48,276028
7590,0.002173,74.125.68.0-255,2902,122069,48,276028
7591,0.002175,172.31.46.0-255,66,122135,48,276028
7592,0.002199,74.125.68.0-255,4320,126455,48,276028
7593,0.002201,172.31.46.0-255,66,126521,48,276028
7594,0.002207,74.125.68.0-255,766,127287,48,276028
7595,0.002255,74.125.68.0-255,1484,128771,48,276028
7596,0.002258,172.31.46.0-255,66,128837,48,276028
7597,0.002262,74.125.68.0-255,1484,130321,48,276028
7598,0.002281,74.125.68.0-255,1484,131805,48,276028
7599,0.002283,172.31.46.0-255,66,131871,48,276028
7600,0.002288,74.125.68.0-255,2902,134773,48,276028
7601,0.002289,172.31.46.0-255,66,134839,48,276028
7602,0.002295,74.125.68.0-255,4320,139159,48,276028
7603,0.002296,172.31.46.0-255,66,139225,48,276028
7604,0.002336,74.125.68.0-255,4320,143545,48,276028
7605,0.002339,172.31.46.0-255,66,143611,48,276028
7606,0.002363,74.125.68.0-255,4320,147931,48,276028
7607,0.002366,172.31.46.0-255,66,147997,48,276028
7608,0.002371,74.125.68.0-255,4320,152317,48,276028
7609,0.002374,172.31.46.0-255,66,152383,48,276028
7610,0.002408,74.125.68.0-255,5738,158121,48,276028
7611,0.00241,172.31.46.0-255,66,158187,48,276028
7612,0.002433,74.125.68.0-255,3602,161789,48,276028
7613,0.002435,172.31.46.0-255,66,161855,48,276028
7614,0.004805,74.125.68.0-255,1484,163339,48,276028
7615,0.004834,74.125.68.0-255,4320,167659,48,276028
7616,0.004839,172.31.46.0-255,66,167725,48,276028
7617,0.007258,74.125.68.0-255,5738,173463,48,276028
7618,0.007265,172.31.46.0-255,66,173529,48,276028
7619,0.009674,74.125.68.0-255,5738,179267,48,276028
7620,0.009681,172.31.46.0-255,66,179333,48,276028
7621,0.012097,74.125.68.0-255,5738,185071,48,276028
7622,0.012105,172.31.46.0-255,66,185137,48,276028
7623,0.014607,74.125.68.0-255,5738,190875,48,276028
7624,0.014615,172.31.46.0-255,66,190941,48,276028
7625,0.017034,74.125.68.0-255,5738,196679,48,276028
7626,0.017046,172.31.46.0-255,66,196745,48,276028
7627,0.019471,74.125.68.0-255,5738,202483,48,276028
7628,0.019479,172.31.46.0-255,66,202549,48,276028
7629,0.021898,74.125.68.0-255,5738,208287,48,276028
7630,0.021906,172.31.46.0-255,66,208353,48,276028
7631,0.024316,74.125.68.0-255,5738,214091,48,276028
7632,0.024324,172.31.46.0-255,66,214157,48,276028
7633,0.026735,74.125.68.0-255,5738,219895,48,276028
7634,0.026742,172.31.46.0-255,66,219961,48,276028
7635,0.029149,74.125.68.0-255,5738,225699,48,276028
7636,0.029156,172.31.46.0-255,66,225765,48,276028
7637,0.031579,74.125.68.0-255,5738,231503,48,276028
7638,0.031589,172.31.46.0-255,66,231569,48,276028
7639,0.034017,74.125.68.0-255,5738,237307,48,276028
7640,0.034025,172.31.46.0-255,66,237373,48,276028
7641,0.035831,172.31.46.0-255,176,237549,48,276028
7642,0.035862,172.31.46.0-255,1111,238660,48,276028
7643,0.035921,172.31.46.0-255,1514,240174,48,276028
7644,0.035923,172.31.46.0-255,1514,241688,48,276028
7645,0.035929,172.31.46.0-255,604,242292,48,276028
7646,0.036437,74.125.68.0-255,5738,248030,48,276028
7647,0.036443,172.31.46.0-255,66,248096,48,276028
7648,0.037483,104.244.42.0-255,66,248162,48,276028
7649,0.037526,104.244.42.0-255,66,248228,48,276028
7650,0.037621,104.244.42.0-255,66,248294,48,276028
7651,0.037627,104.244.42.0-255,66,248360,48,276028
7652,0.038858,74.125.68.0-255,5738,254098,48,276028
7653,0.038864,172.31.46.0-255,66,254164,48,276028
7654,0.041281,74.125.68.0-255,5738,259902,48,276028
7655,0.041287,172.31.46.0-255,66,259968,48,276028
7656,0.043705,74.125.68.0-255,4320,264288,48,276028
7657,0.043713,172.31.46.0-255,66,264354,48,276028
7658,0.043736,74.125.68.0-255,1484,265838,48,276028
7659,0.04613,74.125.68.0-255,4320,270158,48,276028
7660,0.046139,172.31.46.0-255,66,270224,48,276028
7661,0.048562,74.125.68.0-255,5738,275962,48,276028
7662,0.04857,172.31.46.0-255,66,276028,48,276028
7663,0.0,74.125.24.0-255,219,219,48,228054
7664,2.3e-05,172.31.46.0-255,66,285,48,228054
7665,3e-05,74.125.24.0-255,1484,1769,48,228054
7666,3.4e-05,172.31.46.0-255,66,1835,48,228054
7667,4.1e-05,74.125.24.0-255,4320,6155,48,228054
7668,4.5e-05,172.31.46.0-255,66,6221,48,228054
7669,5.7e-05,172.31.46.0-255,66,6287,48,228054
7670,6.5e-05,74.125.24.0-255,7156,13443,48,228054
7671,6.7e-05,172.31.46.0-255,66,13509,48,228054
7672,8.5e-05,74.125.24.0-255,1484,14993,48,228054
7673,8.8e-05,172.31.46.0-255,66,15059,48,228054
7674,0.000118,74.125.24.0-255,4320,19379,48,228054
7675,0.00012,172.31.46.0-255,66,19445,48,228054
7676,0.000132,74.125.24.0-255,2543,21988,48,228054
7677,0.000135,172.31.46.0-255,66,22054,48,228054
7678,0.000157,74.125.24.0-255,4320,26374,48,228054
7679,0.000159,172.31.46.0-255,66,26440,48,228054
7680,0.000186,74.125.24.0-255,2902,29342,48,228054
7681,0.000188,172.31.46.0-255,66,29408,48,228054
7682,0.0002,172.31.46.0-255,66,29474,48,228054
7683,0.000204,74.125.24.0-255,2902,32376,48,228054
7684,0.000207,172.31.46.0-255,66,32442,48,228054
7685,0.000236,172.31.46.0-255,66,32508,48,228054
7686,0.000239,74.125.24.0-255,348,32856,48,228054
7687,0.000241,172.31.46.0-255,66,32922,48,228054
7688,0.000392,74.125.24.0-255,1484,34406,48,228054
7689,0.000397,172.31.46.0-255,66,34472,48,228054
7690,0.000418,74.125.24.0-255,2902,37374,48,228054
7691,0.000421,172.31.46.0-255,66,37440,48,228054
7692,0.000427,74.125.24.0-255,5738,43178,48,228054
7693,0.000429,172.31.46.0-255,66,43244,48,228054
7694,0.000485,172.31.46.0-255,66,43310,48,228054
7695,0.000496,172.31.46.0-255,66,43376,48,228054
7696,0.000513,74.125.24.0-255,3961,47337,48,228054
7697,0.000516,172.31.46.0-255,66,47403,48,228054
7698,0.000551,74.125.24.0-255,1484,48887,48,228054
7699,0.000558,74.125.24.0-255,2902,51789,48,228054
7700,0.000561,172.31.46.0-255,66,51855,48,228054
7701,0.000564,74.125.24.0-255,1484,53339,48,228054
7702,0.00058,74.125.24.0-255,4320,57659,48,228054
7703,0.000583,172.31.46.0-255,66,57725,48,228054
7704,0.000588,74.125.24.0-255,2902,60627,48,228054
7705,0.00059,172.31.46.0-255,66,60693,48,228054
7706,0.000616,172.31.46.0-255,66,60759,48,228054
7707,0.000659,74.125.24.0-255,5738,66497,48,228054
7708,0.000663,172.31.46.0-255,66,66563,48,228054
7709,0.000685,74.125.24.0-255,6438,73001,48,228054
7710,0.000688,172.31.46.0-255,66,73067,48,228054
7711,0.001732,74.125.24.0-255,1484,74551,48,228054
7712,0.001752,74.125.24.0-255,2902,77453,48,228054
7713,0.001756,172.31.46.0-255,66,77519,48,228054
7714,0.001763,74.125.24.0-255,4320,81839,48,228054
7715,0.001765,172.31.46.0-255,66,81905,48,228054
7716,0.001777,74.125.24.0-255,1484,83389,48,228054
7717,0.001804,172.31.46.0-255,66,83455,48,228054
7718,0.00185,172.31.46.0-255,66,83521,48,228054
7719,0.003857,74.125.24.0-255,5738,89259,48,228054
7720,0.003865,172.31.46.0-255,66,89325,48,228054
7721,0.005826,74.125.24.0-255,4320,93645,48,228054
7722,0.00583,172.31.46.0-255,66,93711,48,228054
7723,0.005847,74.125.24.0-255,1484,95195,48,228054
7724,0.007798,74.125.24.0-255,4320,99515,48,228054
7725,0.007802,172.31.46.0-255,66,99581,48,228054
7726,0.009783,74.125.24.0-255,5738,105319,48,228054
7727,0.009788,172.31.46.0-255,66,105385,48,228054
7728,0.011771,74.125.24.0-255,5738,111123,48,228054
7729,0.011778,172.31.46.0-255,66,111189,48,228054
7730,0.013749,74.125.24.0-255,2902,114091,48,228054
7731,0.013757,172.31.46.0-255,66,114157,48,228054
7732,0.013775,74.125.24.0-255,2902,117059,48,228054
7733,0.013777,172.31.46.0-255,66,117125,48,228054
7734,0.015791,74.125.24.0-255,5738,122863,48,228054
7735,0.015799,172.31.46.0-255,66,122929,48,228054
7736,0.01776,74.125.24.0-255,5738,128667,48,228054
7737,0.017768,172.31.46.0-255,66,128733,48,228054
7738,0.019762,74.125.24.0-255,5738,134471,48,228054
7739,0.019777,172.31.46.0-255,66,134537,48,228054
7740,0.021784,74.125.24.0-255,5738,140275,48,228054
7741,0.021795,172.31.46.0-255,66,140341,48,228054
7742,0.023787,74.125.24.0-255,5738,146079,48,228054
7743,0.023797,172.31.46.0-255,66,146145,48,228054
7744,0.02578,74.125.24.0-255,5738,151883,48,228054
7745,0.025793,172.31.46.0-255,66,151949,48,228054
7746,0.027787,74.125.24.0-255,5738,157687,48,228054
7747,0.027797,172.31.46.0-255,66,157753,48,228054
7748,0.028563,172.31.46.0-255,172,157925,48,228054
7749,0.028593,172.31.46.0-255,1112,159037,48,228054
7750,0.028666,172.31.46.0-255,1514,160551,48,228054
7751,0.028668,172.31.46.0-255,1514,162065,48,228054
7752,0.02867,172.31.46.0-255,1514,163579,48,228054
7753,0.028671,172.31.46.0-255,367,163946,48,228054
7754,0.029796,74.125.24.0-255,5738,169684,48,228054
7755,0.029806,172.31.46.0-255,66,169750,48,228054
7756,0.030093,104.244.42.0-255,66,169816,48,228054
7757,0.030125,104.244.42.0-255,66,169882,48,228054
7758,0.030213,104.244.42.0-255,66,169948,48,228054
7759,0.030218,104.244.42.0-255,66,170014,48,228054
7760,0.03182,74.125.24.0-255,5738,175752,48,228054
7761,0.031829,172.31.46.0-255,66,175818,48,228054
7762,0.033804,74.125.24.0-255,5738,181556,48,228054
7763,0.033814,172.31.46.0-255,66,181622,48,228054
7764,0.035829,74.125.24.0-255,5738,187360,48,228054
7765,0.035837,172.31.46.0-255,66,187426,48,228054
7766,0.037822,74.125.24.0-255,5738,193164,48,228054
7767,0.037831,172.31.46.0-255,66,193230,48,228054
7768,0.039845,74.125.24.0-255,5738,198968,48,228054
7769,0.039854,172.31.46.0-255,66,199034,48,228054
7770,0.041855,74.125.24.0-255,5738,204772,48,228054
7771,0.041863,172.31.46.0-255,66,204838,48,228054
7772,0.043858,74.125.24.0-255,5738,210576,48,228054
7773,0.043865,172.31.46.0-255,66,210642,48,228054
7774,0.045846,74.125.24.0-255,5738,216380,48,228054
7775,0.045855,172.31.46.0-255,66,216446,48,228054
7776,0.047841,74.125.24.0-255,5738,222184,48,228054
7777,0.047849,172.31.46.0-255,66,222250,48,228054
7778,0.049834,74.125.24.0-255,5738,227988,48,228054
7779,0.04984,172.31.46.0-255,66,228054,48,228054
7780,0.0,74.125.200.0-255,150,150,48,321926
7781,1.5e-05,172.31.46.0-255,66,216,48,321926
7782,3.9e-05,74.125.200.0-255,1484,1700,48,321926
7783,4.3e-05,172.31.46.0-255,66,1766,48,321926
7784,4.9e-05,74.125.200.0-255,2902,4668,48,321926
7785,5.2e-05,172.31.46.0-255,66,4734,48,321926
7786,5.5e-05,74.125.200.0-255,1484,6218,48,321926
7787,5.7e-05,172.31.46.0-255,66,6284,48,321926
7788,8.6e-05,74.125.200.0-255,2902,9186,48,321926
7789,8.9e-05,172.31.46.0-255,66,9252,48,321926
7790,9.2e-05,74.125.200.0-255,1484,10736,48,321926
7791,9.4e-05,172.31.46.0-255,66,10802,48,321926
7792,0.00012,74.125.200.0-255,3422,14224,48,321926
7793,0.000122,172.31.46.0-255,66,14290,48,321926
7794,0.000126,74.125.200.0-255,1484,15774,48,321926
7795,0.000127,172.31.46.0-255,66,15840,48,321926
7796,0.000155,74.125.200.0-255,4320,20160,48,321926
7797,0.000158,172.31.46.0-255,66,20226,48,321926
7798,0.000162,74.125.200.0-255,2902,23128,48,321926
7799,0.000165,172.31.46.0-255,66,23194,48,321926
7800,0.000168,74.125.200.0-255,1484,24678,48,321926
7801,0.00017,172.31.46.0-255,66,24744,48,321926
7802,0.000199,74.125.200.0-255,2902,27646,48,321926
7803,0.000202,172.31.46.0-255,66,27712,48,321926
7804,0.000231,74.125.200.0-255,3961,31673,48,321926
7805,0.000233,172.31.46.0-255,66,31739,48,321926
7806,0.00043,74.125.200.0-255,1484,33223,48,321926
7807,0.000436,172.31.46.0-255,66,33289,48,321926
7808,0.00047,74.125.200.0-255,2902,36191,48,321926
7809,0.000472,172.31.46.0-255,66,36257,48,321926
7810,0.000478,74.125.200.0-255,4320,40577,48,321926
7811,0.000481,172.31.46.0-255,66,40643,48,321926
7812,0.000506,74.125.200.0-255,4320,44963,48,321926
7813,0.000511,172.31.46.0-255,66,45029,48,321926
7814,0.000543,74.125.200.0-255,5379,50408,48,321926
7815,0.000545,172.31.46.0-255,66,50474,48,321926
7816,0.00055,74.125.200.0-255,2902,53376,48,321926
7817,0.000552,172.31.46.0-255,66,53442,48,321926
7818,0.00059,74.125.200.0-255,4320,57762,48,321926
7819,0.000593,172.31.46.0-255,66,57828,48,321926
7820,0.000599,74.125.200.0-255,4320,62148,48,321926
7821,0.000601,172.31.46.0-255,66,62214,48,321926
7822,0.000644,74.125.200.0-255,4273,66487,48,321926
7823,0.000649,172.31.46.0-255,66,66553,48,321926
7824,0.000653,74.125.200.0-255,109,66662,48,321926
7825,0.00072,74.125.200.0-255,1484,68146,48,321926
7826,0.000724,172.31.46.0-255,66,68212,48,321926
7827,0.00073,74.125.200.0-255,2902,71114,48,321926
7828,0.000732,172.31.46.0-255,66,71180,48,321926
7829,0.000759,74.125.200.0-255,4320,75500,48,321926
7830,0.000762,172.31.46.0-255,66,75566,48,321926
7831,0.000767,74.125.200.0-255,2902,78468,48,321926
7832,0.000769,172.31.46.0-255,66,78534,48,321926
7833,0.000789,74.125.200.0-255,2902,81436,48,321926
7834,0.000791,172.31.46.0-255,66,81502,48,321926
7835,0.000803,74.125.200.0-255,7156,88658,48,321926
7836,0.000805,172.31.46.0-255,66,88724,48,321926
7837,0.000832,74.125.200.0-255,4320,93044,48,321926
7838,0.000834,172.31.46.0-255,66,93110,48,321926
7839,0.000838,74.125.200.0-255,1484,94594,48,321926
7840,0.000871,74.125.200.0-255,5738,100332,48,321926
7841,0.000875,172.31.46.0-255,66,100398,48,321926
7842,0.000878,74.125.200.0-255,1030,101428,48,321926
7843,0.001155,74.125.200.0-255,1484,102912,48,321926
7844,0.00116,172.31.46.0-255,66,102978,48,321926
7845,0.001165,74.125.200.0-255,1484,104462,48,321926
7846,0.001186,74.125.200.0-255,1484,105946,48,321926
7847,0.001189,172.31.46.0-255,66,106012,48,321926
7848,0.001196,74.125.200.0-255,5738,111750,48,321926
7849,0.001198,172.31.46.0-255,66,111816,48,321926
7850,0.001222,74.125.200.0-255,7156,118972,48,321926
7851,0.001224,172.31.46.0-255,66,119038,48,321926
7852,0.00125,74.125.200.0-255,1484,120522,48,321926
7853,0.001263,172.31.46.0-255,66,120588,48,321926
7854,0.001289,74.125.200.0-255,4472,125060,48,321926
7855,0.001291,172.31.46.0-255,66,125126,48,321926
7856,0.001327,74.125.200.0-255,1484,126610,48,321926
7857,0.001347,74.125.200.0-255,2902,129512,48,321926
7858,0.00135,172.31.46.0-255,66,129578,48,321926
7859,0.001355,74.125.200.0-255,2902,132480,48,321926
7860,0.001357,172.31.46.0-255,66,132546,48,321926
7861,0.001388,74.125.200.0-255,2902,135448,48,321926
7862,0.001391,172.31.46.0-255,66,135514,48,321926
7863,0.001398,74.125.200.0-255,7156,142670,48,321926
7864,0.0014,172.31.46.0-255,66,142736,48,321926
7865,0.001443,74.125.200.0-255,4320,147056,48,321926
7866,0.001446,172.31.46.0-255,66,147122,48,321926
7867,0.001491,172.31.46.0-255,66,147188,48,321926
7868,0.001495,74.125.200.0-255,2184,149372,48,321926
7869,0.001498,172.31.46.0-255,66,149438,48,321926
7870,0.001961,74.125.200.0-255,1484,150922,48,321926
7871,0.001978,74.125.200.0-255,2902,153824,48,321926
7872,0.001982,172.31.46.0-255,66,153890,48,321926
7873,0.002007,74.125.200.0-255,5738,159628,48,321926
7874,0.00201,172.31.46.0-255,66,159694,48,321926
7875,0.002013,74.125.200.0-255,1484,161178,48,321926
7876,0.002043,74.125.200.0-255,7156,168334,48,321926
7877,0.002046,172.31.46.0-255,66,168400,48,321926
7878,0.002051,74.125.200.0-255,4320,172720,48,321926
7879,0.002053,172.31.46.0-255,66,172786,48,321926
7880,0.00209,74.125.200.0-255,5738,178524,48,321926
7881,0.002092,172.31.46.0-255,66,178590,48,321926
7882,0.002099,74.125.200.0-255,5020,183610,48,321926
7883,0.002101,172.31.46.0-255,66,183676,48,321926
7884,0.002234,74.125.200.0-255,1484,185160,48,321926
7885,0.002252,74.125.200.0-255,1484,186644,48,321926
7886,0.002256,172.31.46.0-255,66,186710,48,321926
7887,0.002282,74.125.200.0-255,1484,188194,48,321926
7888,0.00229,74.125.200.0-255,5738,193932,48,321926
7889,0.002292,172.31.46.0-255,66,193998,48,321926
7890,0.002298,74.125.200.0-255,4320,198318,48,321926
7891,0.0023,172.31.46.0-255,66,198384,48,321926
7892,0.002326,74.125.200.0-255,2902,201286,48,321926
7893,0.002329,172.31.46.0-255,66,201352,48,321926
7894,0.00234,172.31.46.0-255,66,201418,48,321926
7895,0.002383,74.125.200.0-255,5738,207156,48,321926
7896,0.002387,172.31.46.0-255,66,207222,48,321926
7897,0.002403,74.125.200.0-255,2184,209406,48,321926
7898,0.002406,172.31.46.0-255,66,209472,48,321926
7899,0.004822,74.125.200.0-255,4320,213792,48,321926
7900,0.004829,172.31.46.0-255,66,213858,48,321926
7901,0.004855,74.125.200.0-255,1484,215342,48,321926
7902,0.007245,74.125.200.0-255,4320,219662,48,321926
7903,0.007248,172.31.46.0-255,66,219728,48,321926
7904,0.009679,74.125.200.0-255,5738,225466,48,321926
7905,0.009686,172.31.46.0-255,66,225532,48,321926
7906,0.012114,74.125.200.0-255,5738,231270,48,321926
7907,0.012122,172.31.46.0-255,66,231336,48,321926
7908,0.014553,74.125.200.0-255,2902,234238,48,321926
7909,0.014559,172.31.46.0-255,66,234304,48,321926
7910,0.014585,74.125.200.0-255,2902,237206,48,321926
7911,0.014588,172.31.46.0-255,66,237272,48,321926
7912,0.016992,74.125.200.0-255,2902,240174,48,321926
7913,0.017003,172.31.46.0-255,66,240240,48,321926
7914,0.017031,74.125.200.0-255,2902,243142,48,321926
7915,0.017033,172.31.46.0-255,66,243208,48,321926
7916,0.019423,74.125.200.0-255,2902,246110,48,321926
7917,0.019435,172.31.46.0-255,66,246176,48,321926
7918,0.019471,74.125.200.0-255,2902,249078,48,321926
7919,0.019474,172.31.46.0-255,66,249144,48,321926
7920,0.021854,74.125.200.0-255,2902,252046,48,321926
7921,0.021862,172.31.46.0-255,66,252112,48,321926
7922,0.02189,74.125.200.0-255,2902,255014,48,321926
7923,0.021893,172.31.46.0-255,66,255080,48,321926
7924,0.024277,74.125.200.0-255,2902,257982,48,321926
7925,0.024282,172.31.46.0-255,66,258048,48,321926
7926,0.024309,74.125.200.0-255,2902,260950,48,321926
7927,0.024311,172.31.46.0-255,66,261016,48,321926
7928,0.026709,74.125.200.0-255,2902,263918,48,321926
7929,0.026716,172.31.46.0-255,66,263984,48,321926
7930,0.02676,74.125.200.0-255,2902,266886,48,321926
7931,0.026763,172.31.46.0-255,66,266952,48,321926
7932,0.028523,172.31.46.0-255,172,267124,48,321926
7933,0.028554,172.31.46.0-255,1111,268235,48,321926
7934,0.028612,172.31.46.0-255,1514,269749,48,321926
7935,0.028614,172.31.46.0-255,1514,271263,48,321926
7936,0.028632,172.31.46.0-255,603,271866,48,321926
7937,0.029138,74.125.200.0-255,2902,274768,48,321926
7938,0.029143,172.31.46.0-255,66,274834,48,321926
7939,0.029172,74.125.200.0-255,1484,276318,48,321926
7940,0.029186,74.125.200.0-255,1484,277802,48,321926
7941,0.029189,172.31.46.0-255,66,277868,48,321926
7942,0.03019,104.244.42.0-255,66,277934,48,321926
7943,0.030227,104.244.42.0-255,66,278000,48,321926
7944,0.03033,104.244.42.0-255,66,278066,48,321926
7945,0.030335,104.244.42.0-255,66,278132,48,321926
7946,0.031567,74.125.200.0-255,1484,279616,48,321926
7947,0.031603,74.125.200.0-255,4320,283936,48,321926
7948,0.031609,172.31.46.0-255,66,284002,48,321926
7949,0.034055,74.125.200.0-255,5738,289740,48,321926
7950,0.034062,172.31.46.0-255,66,289806,48,321926
7951,0.036478,74.125.200.0-255,4320,294126,48,321926
7952,0.036485,172.31.46.0-255,66,294192,48,321926
7953,0.036508,74.125.200.0-255,1484,295676,48,321926
7954,0.038905,74.125.200.0-255,4320,299996,48,321926
7955,0.038911,172.31.46.0-255,66,300062,48,321926
7956,0.041326,74.125.200.0-255,4320,304382,48,321926
7957,0.041332,172.31.46.0-255,66,304448,48,321926
7958,0.041354,74.125.200.0-255,1484,305932,48,321926
7959,0.043756,74.125.200.0-255,4320,310252,48,321926
7960,0.043765,172.31.46.0-255,66,310318,48,321926
7961,0.046191,74.125.200.0-255,5738,316056,48,321926
7962,0.046197,172.31.46.0-255,66,316122,48,321926
7963,0.048632,74.125.200.0-255,5738,321860,48,321926
7964,0.048639,172.31.46.0-255,66,321926,48,321926
7965,0.0,172.217.194.0-255,296,296,48,222554
7966,3.6e-05,172.31.46.0-255,66,362,48,222554
7967,4.1e-05,172.217.194.0-255,1484,1846,48,222554
7968,4.6e-05,172.31.46.0-255,66,1912,48,222554
7969,5.2e-05,172.217.194.0-255,4320,6232,48,222554
7970,6.1e-05,172.31.46.0-255,66,6298,48,222554
7971,0.000103,172.217.194.0-255,2902,9200,48,222554
7972,0.000105,172.31.46.0-255,66,9266,48,222554
7973,0.000138,172.217.194.0-255,4641,13907,48,222554
7974,0.000141,172.31.46.0-255,66,13973,48,222554
7975,0.00022,172.217.194.0-255,1484,15457,48,222554
7976,0.000224,172.31.46.0-255,66,15523,48,222554
7977,0.000247,172.217.194.0-255,2902,18425,48,222554
7978,0.00025,172.31.46.0-255,66,18491,48,222554
7979,0.000286,172.217.194.0-255,1484,19975,48,222554
7980,0.000289,172.31.46.0-255,66,20041,48,222554
7981,0.000317,172.217.194.0-255,4320,24361,48,222554
7982,0.000323,172.31.46.0-255,66,24427,48,222554
7983,0.000384,172.217.194.0-255,2902,27329,48,222554
7984,0.000388,172.31.46.0-255,66,27395,48,222554
7985,0.000435,172.31.46.0-255,66,27461,48,222554
7986,0.000606,172.217.194.0-255,5738,33199,48,222554
7987,0.000611,172.31.46.0-255,66,33265,48,222554
7988,0.000635,172.217.194.0-255,3961,37226,48,222554
7989,0.000638,172.31.46.0-255,66,37292,48,222554
7990,0.001448,172.217.194.0-255,1484,38776,48,222554
7991,0.001455,172.31.46.0-255,66,38842,48,222554
7992,0.001465,172.217.194.0-255,2902,41744,48,222554
7993,0.001474,172.31.46.0-255,66,41810,48,222554
7994,0.00151,172.217.194.0-255,5738,47548,48,222554
7995,0.001516,172.31.46.0-255,66,47614,48,222554
7996,0.001586,172.217.194.0-255,6797,54411,48,222554
7997,0.001691,172.217.194.0-255,2902,57313,48,222554
7998,0.001706,172.217.194.0-255,4320,61633,48,222554
7999,0.00176,172.31.46.0-255,66,61699,48,222554
8000,0.001825,172.217.194.0-255,5738,67437,48,222554
8001,0.001833,172.31.46.0-255,66,67503,48,222554
8002,0.001873,172.31.46.0-255,66,67569,48,222554
8003,0.002062,172.31.46.0-255,66,67635,48,222554
8004,0.002089,172.217.194.0-255,1704,69339,48,222554
8005,0.002098,172.31.46.0-255,66,69405,48,222554
8006,0.00225,172.217.194.0-255,1484,70889,48,222554
8007,0.002268,172.217.194.0-255,2902,73791,48,222554
8008,0.002271,172.31.46.0-255,66,73857,48,222554
8009,0.002316,172.217.194.0-255,4320,78177,48,222554
8010,0.002327,172.217.194.0-255,1484,79661,48,222554
8011,0.002339,172.31.46.0-255,66,79727,48,222554
8012,0.002423,172.217.194.0-255,4320,84047,48,222554
8013,0.002427,172.31.46.0-255,66,84113,48,222554
8014,0.002472,172.31.46.0-255,66,84179,48,222554
8015,0.002611,172.217.194.0-255,4320,88499,48,222554
8016,0.002615,172.31.46.0-255,66,88565,48,222554
8017,0.002636,172.217.194.0-255,6438,95003,48,222554
8018,0.002658,172.31.46.0-255,66,95069,48,222554
8019,0.002784,172.217.194.0-255,2902,97971,48,222554
8020,0.002788,172.31.46.0-255,66,98037,48,222554
8021,0.00283,172.31.46.0-255,66,98103,48,222554
8022,0.002842,172.217.194.0-255,7156,105259,48,222554
8023,0.002899,172.31.46.0-255,66,105325,48,222554
8024,0.003205,172.217.194.0-255,2902,108227,48,222554
8025,0.003209,172.31.46.0-255,66,108293,48,222554
8026,0.003299,172.31.46.0-255,66,108359,48,222554
8027,0.005726,172.217.194.0-255,4320,112679,48,222554
8028,0.005731,172.31.46.0-255,66,112745,48,222554
8029,0.005759,172.217.194.0-255,1484,114229,48,222554
8030,0.008121,172.217.194.0-255,4320,118549,48,222554
8031,0.008128,172.31.46.0-255,66,118615,48,222554
8032,0.010528,172.217.194.0-255,2902,121517,48,222554
8033,0.010537,172.31.46.0-255,66,121583,48,222554
8034,0.010567,172.217.194.0-255,2902,124485,48,222554
8035,0.010601,172.31.46.0-255,66,124551,48,222554
8036,0.012986,172.217.194.0-255,2902,127453,48,222554
8037,0.012997,172.31.46.0-255,66,127519,48,222554
8038,0.013041,172.217.194.0-255,2902,130421,48,222554
8039,0.013082,172.31.46.0-255,66,130487,48,222554
8040,0.015389,172.217.194.0-255,2902,133389,48,222554
8041,0.015455,172.217.194.0-255,1484,134873,48,222554
8042,0.01547,172.217.194.0-255,1484,136357,48,222554
8043,0.015794,172.31.46.0-255,66,136423,48,222554
8044,0.018219,172.217.194.0-255,5738,142161,48,222554
8045,0.018237,172.31.46.0-255,66,142227,48,222554
8046,0.020658,172.217.194.0-255,5738,147965,48,222554
8047,0.020675,172.31.46.0-255,66,148031,48,222554
8048,0.023084,172.217.194.0-255,5738,153769,48,222554
8049,0.023094,172.31.46.0-255,66,153835,48,222554
8050,0.025511,172.217.194.0-255,5738,159573,48,222554
8051,0.025529,172.31.46.0-255,66,159639,48,222554
8052,0.02776,172.31.46.0-255,164,159803,48,222554
8053,0.027797,172.31.46.0-255,1120,160923,48,222554
8054,0.027851,172.31.46.0-255,1514,162437,48,222554
8055,0.027853,172.31.46.0-255,1514,163951,48,222554
8056,0.027854,172.31.46.0-255,595,164546,48,222554
8057,0.02793,172.217.194.0-255,1484,166030,48,222554
8058,0.027957,172.217.194.0-255,4320,170350,48,222554
8059,0.027962,172.31.46.0-255,66,170416,48,222554
8060,0.029385,104.244.42.0-255,66,170482,48,222554
8061,0.029432,104.244.42.0-255,66,170548,48,222554
8062,0.02953,104.244.42.0-255,66,170614,48,222554
8063,0.029538,104.244.42.0-255,66,170680,48,222554
8064,0.030399,172.217.194.0-255,4320,175000,48,222554
8065,0.030404,172.31.46.0-255,66,175066,48,222554
8066,0.030426,172.217.194.0-255,1484,176550,48,222554
8067,0.032824,172.217.194.0-255,4320,180870,48,222554
8068,0.032835,172.31.46.0-255,66,180936,48,222554
8069,0.035378,172.217.194.0-255,2902,183838,48,222554
8070,0.035386,172.31.46.0-255,66,183904,48,222554
8071,0.035466,172.217.194.0-255,2902,186806,48,222554
8072,0.035486,172.31.46.0-255,66,186872,48,222554
8073,0.037798,172.217.194.0-255,2902,189774,48,222554
8074,0.037803,172.31.46.0-255,66,189840,48,222554
8075,0.037869,172.217.194.0-255,1484,191324,48,222554
8076,0.037895,172.217.194.0-255,1484,192808,48,222554
8077,0.037904,172.31.46.0-255,66,192874,48,222554
8078,0.040213,172.217.194.0-255,2902,195776,48,222554
8079,0.040218,172.31.46.0-255,66,195842,48,222554
8080,0.0403,172.217.194.0-255,1484,197326,48,222554
8081,0.040314,172.217.194.0-255,1484,198810,48,222554
8082,0.040326,172.31.46.0-255,66,198876,48,222554
8083,0.042617,172.217.194.0-255,2902,201778,48,222554
8084,0.042622,172.31.46.0-255,66,201844,48,222554
8085,0.042728,172.217.194.0-255,2902,204746,48,222554
8086,0.042733,172.31.46.0-255,66,204812,48,222554
8087,0.045018,172.217.194.0-255,2902,207714,48,222554
8088,0.045024,172.31.46.0-255,66,207780,48,222554
8089,0.045145,172.217.194.0-255,2902,210682,48,222554
8090,0.04515,172.31.46.0-255,66,210748,48,222554
8091,0.047407,172.217.194.0-255,2902,213650,48,222554
8092,0.047416,172.31.46.0-255,66,213716,48,222554
8093,0.047515,172.217.194.0-255,2902,216618,48,222554
8094,0.047543,172.31.46.0-255,66,216684,48,222554
8095,0.049809,172.217.194.0-255,2902,219586,48,222554
8096,0.049816,172.31.46.0-255,66,219652,48,222554
8097,0.049929,172.217.194.0-255,2902,222554,48,222554
8098,0.0,74.125.68.0-255,291,291,48,279936
8099,1.7e-05,172.31.46.0-255,66,357,48,279936
8100,2.2e-05,74.125.68.0-255,1484,1841,48,279936
8101,2.6e-05,172.31.46.0-255,66,1907,48,279936
8102,4.4e-05,74.125.68.0-255,4320,6227,48,279936
8103,4.7e-05,172.31.46.0-255,66,6293,48,279936
8104,7.1e-05,74.125.68.0-255,2902,9195,48,279936
8105,7.3e-05,172.31.46.0-255,66,9261,48,279936
8106,7.8e-05,74.125.68.0-255,4320,13581,48,279936
8107,7.9e-05,172.31.46.0-255,66,13647,48,279936
8108,0.000114,74.125.68.0-255,2902,16549,48,279936
8109,0.000116,172.31.46.0-255,66,16615,48,279936
8110,0.000138,74.125.68.0-255,6122,22737,48,279936
8111,0.000141,172.31.46.0-255,66,22803,48,279936
8112,0.000143,74.125.68.0-255,1484,24287,48,279936
8113,0.000145,172.31.46.0-255,66,24353,48,279936
8114,0.000163,74.125.68.0-255,5738,30091,48,279936
8115,0.000166,172.31.46.0-255,66,30157,48,279936
8116,0.000184,74.125.68.0-255,1125,31282,48,279936
8117,0.000186,172.31.46.0-255,66,31348,48,279936
8118,0.000232,74.125.68.0-255,1484,32832,48,279936
8119,0.000235,172.31.46.0-255,66,32898,48,279936
8120,0.00024,74.125.68.0-255,2902,35800,48,279936
8121,0.000242,172.31.46.0-255,66,35866,48,279936
8122,0.000261,74.125.68.0-255,2902,38768,48,279936
8123,0.000263,172.31.46.0-255,66,38834,48,279936
8124,0.000268,74.125.68.0-255,4320,43154,48,279936
8125,0.00027,172.31.46.0-255,66,43220,48,279936
8126,0.000294,74.125.68.0-255,5738,48958,48,279936
8127,0.000296,172.31.46.0-255,66,49024,48,279936
8128,0.000311,74.125.68.0-255,2902,51926,48,279936
8129,0.000313,172.31.46.0-255,66,51992,48,279936
8130,0.00033,74.125.68.0-255,5738,57730,48,279936
8131,0.000333,172.31.46.0-255,66,57796,48,279936
8132,0.000348,74.125.68.0-255,1484,59280,48,279936
8133,0.000365,74.125.68.0-255,2902,62182,48,279936
8134,0.000368,172.31.46.0-255,66,62248,48,279936
8135,0.000387,74.125.68.0-255,3934,66182,48,279936
8136,0.00039,172.31.46.0-255,66,66248,48,279936
8137,0.000405,74.125.68.0-255,111,66359,48,279936
8138,0.000576,74.125.68.0-255,1484,67843,48,279936
8139,0.00058,172.31.46.0-255,66,67909,48,279936
8140,0.000593,74.125.68.0-255,2902,70811,48,279936
8141,0.000595,172.31.46.0-255,66,70877,48,279936
8142,0.000622,74.125.68.0-255,5738,76615,48,279936
8143,0.000624,172.31.46.0-255,66,76681,48,279936
8144,0.000627,74.125.68.0-255,1484,78165,48,279936
8145,0.000647,74.125.68.0-255,5738,83903,48,279936
8146,0.000649,172.31.46.0-255,66,83969,48,279936
8147,0.00067,74.125.68.0-255,4320,88289,48,279936
8148,0.000673,172.31.46.0-255,66,88355,48,279936
8149,0.000689,74.125.68.0-255,2902,91257,48,279936
8150,0.000691,172.31.46.0-255,66,91323,48,279936
8151,0.000704,74.125.68.0-255,2902,94225,48,279936
8152,0.000706,172.31.46.0-255,66,94291,48,279936
8153,0.000736,74.125.68.0-255,2902,97193,48,279936
8154,0.000739,172.31.46.0-255,66,97259,48,279936
8155,0.000758,74.125.68.0-255,2902,100161,48,279936
8156,0.00076,172.31.46.0-255,66,100227,48,279936
8157,0.000763,74.125.68.0-255,766,100993,48,279936
8158,0.000829,74.125.68.0-255,1484,102477,48,279936
8159,0.000832,172.31.46.0-255,66,102543,48,279936
8160,0.000851,74.125.68.0-255,2902,105445,48,279936
8161,0.000853,172.31.46.0-255,66,105511,48,279936
8162,0.000859,74.125.68.0-255,4320,109831,48,279936
8163,0.000861,172.31.46.0-255,66,109897,48,279936
8164,0.000871,74.125.68.0-255,1484,111381,48,279936
8165,0.000893,74.125.68.0-255,2902,114283,48,279936
8166,0.000896,172.31.46.0-255,66,114349,48,279936
8167,0.000901,74.125.68.0-255,4320,118669,48,279936
8168,0.000903,172.31.46.0-255,66,118735,48,279936
8169,0.00095,74.125.68.0-255,1484,120219,48,279936
8170,0.000965,74.125.68.0-255,2902,123121,48,279936
8171,0.00097,172.31.46.0-255,66,123187,48,279936
8172,0.00099,74.125.68.0-255,4320,127507,48,279936
8173,0.000992,172.31.46.0-255,66,127573,48,279936
8174,0.001036,74.125.68.0-255,5738,133311,48,279936
8175,0.001039,172.31.46.0-255,66,133377,48,279936
8176,0.001056,74.125.68.0-255,2184,135561,48,279936
8177,0.001058,172.31.46.0-255,66,135627,48,279936
8178,0.001382,74.125.68.0-255,1484,137111,48,279936
8179,0.001398,74.125.68.0-255,1484,138595,48,279936
8180,0.001401,172.31.46.0-255,66,138661,48,279936
8181,0.001414,74.125.68.0-255,1484,140145,48,279936
8182,0.001432,74.125.68.0-255,5738,145883,48,279936
8183,0.001434,172.31.46.0-255,66,145949,48,279936
8184,0.001468,74.125.68.0-255,2902,148851,48,279936
8185,0.001471,172.31.46.0-255,66,148917,48,279936
8186,0.001497,74.125.68.0-255,4320,153237,48,279936
8187,0.0015,172.31.46.0-255,66,153303,48,279936
8188,0.001511,172.31.46.0-255,66,153369,48,279936
8189,0.001554,74.125.68.0-255,5020,158389,48,279936
8190,0.001556,172.31.46.0-255,66,158455,48,279936
8191,0.001666,74.125.68.0-255,1484,159939,48,279936
8192,0.001698,74.125.68.0-255,2902,162841,48,279936
8193,0.001701,172.31.46.0-255,66,162907,48,279936
8194,0.001705,74.125.68.0-255,2902,165809,48,279936
8195,0.001707,172.31.46.0-255,66,165875,48,279936
8196,0.001712,74.125.68.0-255,4320,170195,48,279936
8197,0.001714,172.31.46.0-255,66,170261,48,279936
8198,0.001748,74.125.68.0-255,7156,177417,48,279936
8199,0.001751,172.31.46.0-255,66,177483,48,279936
8200,0.001761,172.31.46.0-255,66,177549,48,279936
8201,0.001792,74.125.68.0-255,6438,183987,48,279936
8202,0.001794,172.31.46.0-255,66,184053,48,279936
8203,0.001824,74.125.68.0-255,4320,188373,48,279936
8204,0.001826,172.31.46.0-255,66,188439,48,279936
8205,0.001851,74.125.68.0-255,2902,191341,48,279936
8206,0.001853,172.31.46.0-255,66,191407,48,279936
8207,0.001856,74.125.68.0-255,1484,192891,48,279936
8208,0.001881,74.125.68.0-255,4320,197211,48,279936
8209,0.001884,172.31.46.0-255,66,197277,48,279936
8210,0.001888,74.125.68.0-255,4320,201597,48,279936
8211,0.00189,172.31.46.0-255,66,201663,48,279936
8212,0.001916,172.31.46.0-255,66,201729,48,279936
8213,0.001966,74.125.68.0-255,1484,203213,48,279936
8214,0.00198,74.125.68.0-255,2902,206115,48,279936
8215,0.001982,172.31.46.0-255,66,206181,48,279936
8216,0.001988,74.125.68.0-255,4320,210501,48,279936
8217,0.00199,172.31.46.0-255,66,210567,48,279936
8218,0.002006,74.125.68.0-255,6438,217005,48,279936
8219,0.002008,172.31.46.0-255,66,217071,48,279936
8220,0.002047,74.125.68.0-255,2902,219973,48,279936
8221,0.002049,172.31.46.0-255,66,220039,48,279936
8222,0.002085,172.31.46.0-255,66,220105,48,279936
8223,0.002151,74.125.68.0-255,2902,223007,48,279936
8224,0.002154,172.31.46.0-255,66,223073,48,279936
8225,0.002173,74.125.68.0-255,2902,225975,48,279936
8226,0.002176,172.31.46.0-255,66,226041,48,279936
8227,0.002186,172.31.46.0-255,66,226107,48,279936
8228,0.002217,74.125.68.0-255,1484,227591,48,279936
8229,0.002255,172.31.46.0-255,66,227657,48,279936
8230,0.002335,74.125.68.0-255,4320,231977,48,279936
8231,0.002339,172.31.46.0-255,66,232043,48,279936
8232,0.002359,172.31.46.0-255,66,232109,48,279936
8233,0.002389,172.31.46.0-255,66,232175,48,279936
8234,0.002573,172.31.46.0-255,66,232241,48,279936
8235,0.002591,74.125.68.0-255,2902,235143,48,279936
8236,0.002594,172.31.46.0-255,66,235209,48,279936
8237,0.002596,74.125.68.0-255,1484,236693,48,279936
8238,0.002627,172.31.46.0-255,66,236759,48,279936
8239,0.002692,74.125.68.0-255,1484,238243,48,279936
8240,0.002696,74.125.68.0-255,1484,239727,48,279936
8241,0.002698,172.31.46.0-255,66,239793,48,279936
8242,0.002704,74.125.68.0-255,3602,243395,48,279936
8243,0.002706,172.31.46.0-255,66,243461,48,279936
8244,0.002708,74.125.68.0-255,1484,244945,48,279936
8245,0.002714,74.125.68.0-255,5738,250683,48,279936
8246,0.002716,172.31.46.0-255,66,250749,48,279936
8247,0.002727,172.31.46.0-255,66,250815,48,279936
8248,0.002759,74.125.68.0-255,1484,252299,48,279936
8249,0.002763,74.125.68.0-255,2902,255201,48,279936
8250,0.002765,172.31.46.0-255,66,255267,48,279936
8251,0.002768,74.125.68.0-255,1484,256751,48,279936
8252,0.002788,74.125.68.0-255,7156,263907,48,279936
8253,0.00279,172.31.46.0-255,66,263973,48,279936
8254,0.002808,74.125.68.0-255,5738,269711,48,279936
8255,0.00281,172.31.46.0-255,66,269777,48,279936
8256,0.002827,74.125.68.0-255,4573,274350,48,279936
8257,0.002829,172.31.46.0-255,66,274416,48,279936
8258,0.00284,74.125.68.0-255,105,274521,48,279936
8259,0.008757,172.31.46.0-255,66,274587,48,279936
8260,0.008791,172.31.46.0-255,105,274692,48,279936
8261,0.011018,74.125.68.0-255,66,274758,48,279936
8262,0.028651,172.31.46.0-255,172,274930,48,279936
8263,0.028681,172.31.46.0-255,1107,276037,48,279936
8264,0.028732,172.31.46.0-255,1514,277551,48,279936
8265,0.028733,172.31.46.0-255,1514,279065,48,279936
8266,0.028734,172.31.46.0-255,607,279672,48,279936
8267,0.030182,104.244.42.0-255,66,279738,48,279936
8268,0.030235,104.244.42.0-255,66,279804,48,279936
8269,0.030324,104.244.42.0-255,66,279870,48,279936
8270,0.030342,104.244.42.0-255,66,279936,48,279936
8271,0.0,74.125.24.0-255,146,146,48,263900
8272,2.2e-05,172.31.46.0-255,66,212,48,263900
8273,2.9e-05,74.125.24.0-255,1484,1696,48,263900
8274,3.4e-05,172.31.46.0-255,66,1762,48,263900
8275,4e-05,74.125.24.0-255,2902,4664,48,263900
8276,4.5e-05,172.31.46.0-255,66,4730,48,263900
8277,5.2e-05,74.125.24.0-255,7156,11886,48,263900
8278,5.5e-05,172.31.46.0-255,66,11952,48,263900
8279,5.9e-05,74.125.24.0-255,2064,14016,48,263900
8280,6.3e-05,172.31.46.0-255,66,14082,48,263900
8281,8.6e-05,74.125.24.0-255,1484,15566,48,263900
8282,8.9e-05,172.31.46.0-255,66,15632,48,263900
8283,9.3e-05,74.125.24.0-255,1484,17116,48,263900
8284,9.5e-05,172.31.46.0-255,66,17182,48,263900
8285,0.000108,74.125.24.0-255,1484,18666,48,263900
8286,0.000111,172.31.46.0-255,66,18732,48,263900
8287,0.000116,74.125.24.0-255,4320,23052,48,263900
8288,0.000119,172.31.46.0-255,66,23118,48,263900
8289,0.000135,74.125.24.0-255,1484,24602,48,263900
8290,0.000137,172.31.46.0-255,66,24668,48,263900
8291,0.000164,74.125.24.0-255,6797,31465,48,263900
8292,0.000166,172.31.46.0-255,66,31531,48,263900
8293,0.000208,74.125.24.0-255,1484,33015,48,263900
8294,0.00021,172.31.46.0-255,66,33081,48,263900
8295,0.000227,74.125.24.0-255,2902,35983,48,263900
8296,0.000229,172.31.46.0-255,66,36049,48,263900
8297,0.000236,74.125.24.0-255,5738,41787,48,263900
8298,0.000239,172.31.46.0-255,66,41853,48,263900
8299,0.000242,74.125.24.0-255,1484,43337,48,263900
8300,0.000243,172.31.46.0-255,66,43403,48,263900
8301,0.000267,74.125.24.0-255,5379,48782,48,263900
8302,0.00027,172.31.46.0-255,66,48848,48,263900
8303,0.000328,172.31.46.0-255,66,48914,48,263900
8304,0.000349,74.125.24.0-255,4320,53234,48,263900
8305,0.000351,172.31.46.0-255,66,53300,48,263900
8306,0.000356,74.125.24.0-255,2543,55843,48,263900
8307,0.000358,172.31.46.0-255,66,55909,48,263900
8308,0.00067,74.125.24.0-255,646,56555,48,263900
8309,0.000675,172.31.46.0-255,66,56621,48,263900
8310,0.000952,74.125.24.0-255,1484,58105,48,263900
8311,0.000957,172.31.46.0-255,66,58171,48,263900
8312,0.000979,74.125.24.0-255,2902,61073,48,263900
8313,0.000981,172.31.46.0-255,66,61139,48,263900
8314,0.000988,74.125.24.0-255,5738,66877,48,263900
8315,0.00099,172.31.46.0-255,66,66943,48,263900
8316,0.001007,74.125.24.0-255,1484,68427,48,263900
8317,0.00101,172.31.46.0-255,66,68493,48,263900
8318,0.001042,172.31.46.0-255,66,68559,48,263900
8319,0.001081,172.31.46.0-255,66,68625,48,263900
8320,0.001099,74.125.24.0-255,1484,70109,48,263900
8321,0.001102,172.31.46.0-255,66,70175,48,263900
8322,0.001107,74.125.24.0-255,3602,73777,48,263900
8323,0.001109,172.31.46.0-255,66,73843,48,263900
8324,0.001581,74.125.24.0-255,1484,75327,48,263900
8325,0.001587,172.31.46.0-255,66,75393,48,263900
8326,0.001596,74.125.24.0-255,2902,78295,48,263900
8327,0.001598,172.31.46.0-255,66,78361,48,263900
8328,0.001604,74.125.24.0-255,4320,82681,48,263900
8329,0.001606,172.31.46.0-255,66,82747,48,263900
8330,0.001625,74.125.24.0-255,1484,84231,48,263900
8331,0.001627,172.31.46.0-255,66,84297,48,263900
8332,0.001632,74.125.24.0-255,2902,87199,48,263900
8333,0.001634,172.31.46.0-255,66,87265,48,263900
8334,0.00166,172.31.46.0-255,66,87331,48,263900
8335,0.001665,74.125.24.0-255,4320,91651,48,263900
8336,0.001667,172.31.46.0-255,66,91717,48,263900
8337,0.001681,74.125.24.0-255,1484,93201,48,263900
8338,0.001683,172.31.46.0-255,66,93267,48,263900
8339,0.001706,74.125.24.0-255,5020,98287,48,263900
8340,0.001709,172.31.46.0-255,66,98353,48,263900
8341,0.001754,74.125.24.0-255,1484,99837,48,263900
8342,0.001757,172.31.46.0-255,66,99903,48,263900
8343,0.001761,74.125.24.0-255,1484,101387,48,263900
8344,0.001763,172.31.46.0-255,66,101453,48,263900
8345,0.001775,74.125.24.0-255,1484,102937,48,263900
8346,0.001782,74.125.24.0-255,5738,108675,48,263900
8347,0.001808,74.125.24.0-255,5738,114413,48,263900
8348,0.001821,74.125.24.0-255,2902,117315,48,263900
8349,0.001858,74.125.24.0-255,7156,124471,48,263900
8350,0.001926,74.125.24.0-255,1484,125955,48,263900
8351,0.001938,74.125.24.0-255,2902,128857,48,263900
8352,0.001941,74.125.24.0-255,1484,130341,48,263900
8353,0.001959,74.125.24.0-255,2902,133243,48,263900
8354,0.00205,74.125.24.0-255,2184,135427,48,263900
8355,0.002114,74.125.24.0-255,1484,136911,48,263900
8356,0.002131,74.125.24.0-255,2902,139813,48,263900
8357,0.002149,74.125.24.0-255,5738,145551,48,263900
8358,0.00217,74.125.24.0-255,4320,149871,48,263900
8359,0.002184,74.125.24.0-255,2902,152773,48,263900
8360,0.002305,74.125.24.0-255,1484,154257,48,263900
8361,0.007242,172.31.46.0-255,66,154323,48,263900
8362,0.009521,74.125.24.0-255,5738,160061,48,263900
8363,0.009528,172.31.46.0-255,66,160127,48,263900
8364,0.011789,74.125.24.0-255,5738,165865,48,263900
8365,0.011801,172.31.46.0-255,66,165931,48,263900
8366,0.014097,74.125.24.0-255,5738,171669,48,263900
8367,0.014113,172.31.46.0-255,66,171735,48,263900
8368,0.0164,74.125.24.0-255,5738,177473,48,263900
8369,0.016412,172.31.46.0-255,66,177539,48,263900
8370,0.018676,74.125.24.0-255,5738,183277,48,263900
8371,0.018686,172.31.46.0-255,66,183343,48,263900
8372,0.020947,74.125.24.0-255,5738,189081,48,263900
8373,0.020955,172.31.46.0-255,66,189147,48,263900
8374,0.023271,74.125.24.0-255,5738,194885,48,263900
8375,0.02328,172.31.46.0-255,66,194951,48,263900
8376,0.025561,74.125.24.0-255,5738,200689,48,263900
8377,0.02557,172.31.46.0-255,66,200755,48,263900
8378,0.027854,74.125.24.0-255,5738,206493,48,263900
8379,0.027862,172.31.46.0-255,66,206559,48,263900
8380,0.030151,74.125.24.0-255,5738,212297,48,263900
8381,0.030159,172.31.46.0-255,66,212363,48,263900
8382,0.031573,172.31.46.0-255,172,212535,48,263900
8383,0.031605,172.31.46.0-255,1113,213648,48,263900
8384,0.031668,172.31.46.0-255,1514,215162,48,263900
8385,0.03167,172.31.46.0-255,1514,216676,48,263900
8386,0.031675,172.31.46.0-255,1514,218190,48,263900
8387,0.031676,172.31.46.0-255,366,218556,48,263900
8388,0.032445,74.125.24.0-255,5738,224294,48,263900
8389,0.032452,172.31.46.0-255,66,224360,48,263900
8390,0.033098,104.244.42.0-255,66,224426,48,263900
8391,0.033195,104.244.42.0-255,66,224492,48,263900
8392,0.033232,104.244.42.0-255,66,224558,48,263900
8393,0.033245,104.244.42.0-255,66,224624,48,263900
8394,0.034734,74.125.24.0-255,5738,230362,48,263900
8395,0.034739,172.31.46.0-255,66,230428,48,263900
8396,0.037036,74.125.24.0-255,4320,234748,48,263900
8397,0.037042,172.31.46.0-255,66,234814,48,263900
8398,0.037058,74.125.24.0-255,1484,236298,48,263900
8399,0.039332,74.125.24.0-255,4320,240618,48,263900
8400,0.039339,172.31.46.0-255,66,240684,48,263900
8401,0.041629,74.125.24.0-255,5738,246422,48,263900
8402,0.041669,172.31.46.0-255,66,246488,48,263900
8403,0.043952,74.125.24.0-255,5738,252226,48,263900
8404,0.043958,172.31.46.0-255,66,252292,48,263900
8405,0.046265,74.125.24.0-255,5738,258030,48,263900
8406,0.04627,172.31.46.0-255,66,258096,48,263900
8407,0.048533,74.125.24.0-255,5738,263834,48,263900
8408,0.048539,172.31.46.0-255,66,263900,48,263900
8409,0.0,74.125.24.0-255,150,150,48,198966
8410,1.6e-05,172.31.46.0-255,66,216,48,198966
8411,2.3e-05,74.125.24.0-255,1484,1700,48,198966
8412,2.7e-05,172.31.46.0-255,66,1766,48,198966
8413,3.1e-05,74.125.24.0-255,2902,4668,48,198966
8414,3.5e-05,172.31.46.0-255,66,4734,48,198966
8415,4.2e-05,74.125.24.0-255,7156,11890,48,198966
8416,4.5e-05,172.31.46.0-255,66,11956,48,198966
8417,4.8e-05,74.125.24.0-255,1484,13440,48,198966
8418,5.1e-05,172.31.46.0-255,66,13506,48,198966
8419,9.1e-05,172.31.46.0-255,66,13572,48,198966
8420,9.7e-05,74.125.24.0-255,6797,20369,48,198966
8421,0.0001,172.31.46.0-255,66,20435,48,198966
8422,0.000163,74.125.24.0-255,1484,21919,48,198966
8423,0.000165,172.31.46.0-255,66,21985,48,198966
8424,0.000182,74.125.24.0-255,2902,24887,48,198966
8425,0.000184,172.31.46.0-255,66,24953,48,198966
8426,0.00019,74.125.24.0-255,5738,30691,48,198966
8427,0.000192,172.31.46.0-255,66,30757,48,198966
8428,0.000229,172.31.46.0-255,66,30823,48,198966
8429,0.000255,74.125.24.0-255,2543,33366,48,198966
8430,0.000257,172.31.46.0-255,66,33432,48,198966
8431,0.000267,172.31.46.0-255,66,33498,48,198966
8432,0.000269,74.125.24.0-255,131,33629,48,198966
8433,0.000271,172.31.46.0-255,66,33695,48,198966
8434,0.000274,74.125.24.0-255,347,34042,48,198966
8435,0.000275,172.31.46.0-255,66,34108,48,198966
8436,0.00044,74.125.24.0-255,1484,35592,48,198966
8437,0.000445,172.31.46.0-255,66,35658,48,198966
8438,0.000449,74.125.24.0-255,2902,38560,48,198966
8439,0.000454,74.125.24.0-255,2902,41462,48,198966
8440,0.000474,74.125.24.0-255,2902,44364,48,198966
8441,0.000478,74.125.24.0-255,4320,48684,48,198966
8442,0.000483,172.31.46.0-255,66,48750,48,198966
8443,0.00053,74.125.24.0-255,766,49516,48,198966
8444,0.000535,172.31.46.0-255,66,49582,48,198966
8445,0.00069,74.125.24.0-255,1484,51066,48,198966
8446,0.000706,74.125.24.0-255,2902,53968,48,198966
8447,0.000711,74.125.24.0-255,5738,59706,48,198966
8448,0.000742,74.125.24.0-255,2902,62608,48,198966
8449,0.000765,74.125.24.0-255,4320,66928,48,198966
8450,0.000782,74.125.24.0-255,4320,71248,48,198966
8451,0.000802,74.125.24.0-255,2184,73432,48,198966
8452,0.000851,74.125.24.0-255,2902,76334,48,198966
8453,0.000853,74.125.24.0-255,1484,77818,48,198966
8454,0.000868,74.125.24.0-255,2902,80720,48,198966
8455,0.000913,74.125.24.0-255,2902,83622,48,198966
8456,0.001038,74.125.24.0-255,1484,85106,48,198966
8457,0.001051,74.125.24.0-255,2902,88008,48,198966
8458,0.001055,74.125.24.0-255,2902,90910,48,198966
8459,0.001077,74.125.24.0-255,4320,95230,48,198966
8460,0.001093,74.125.24.0-255,2902,98132,48,198966
8461,0.001095,74.125.24.0-255,1484,99616,48,198966
8462,0.001135,74.125.24.0-255,3602,103218,48,198966
8463,0.001186,74.125.24.0-255,1484,104702,48,198966
8464,0.001191,74.125.24.0-255,2902,107604,48,198966
8465,0.001209,74.125.24.0-255,5738,113342,48,198966
8466,0.001241,74.125.24.0-255,7156,120498,48,198966
8467,0.001265,74.125.24.0-255,4320,124818,48,198966
8468,0.001295,74.125.24.0-255,2184,127002,48,198966
8469,0.001313,74.125.24.0-255,4320,131322,48,198966
8470,0.00135,74.125.24.0-255,4320,135642,48,198966
8471,0.001364,74.125.24.0-255,5738,141380,48,198966
8472,0.001385,74.125.24.0-255,5020,146400,48,198966
8473,0.001423,74.125.24.0-255,1484,147884,48,198966
8474,0.001425,74.125.24.0-255,1484,149368,48,198966
8475,0.001435,74.125.24.0-255,1484,150852,48,198966
8476,0.001448,74.125.24.0-255,5738,156590,48,198966
8477,0.001491,74.125.24.0-255,7156,163746,48,198966
8478,0.001532,74.125.24.0-255,3602,167348,48,198966
8479,0.001572,74.125.24.0-255,4320,171668,48,198966
8480,0.001589,74.125.24.0-255,2902,174570,48,198966
8481,0.001602,74.125.24.0-255,4320,178890,48,198966
8482,0.001619,74.125.24.0-255,4320,183210,48,198966
8483,0.001645,74.125.24.0-255,2902,186112,48,198966
8484,0.001752,74.125.24.0-255,7156,193268,48,198966
8485,0.001835,74.125.24.0-255,105,193373,48,198966
8486,0.004631,172.31.46.0-255,66,193439,48,198966
8487,0.007603,172.31.46.0-255,105,193544,48,198966
8488,0.009867,74.125.24.0-255,66,193610,48,198966
8489,0.03131,172.31.46.0-255,176,193786,48,198966
8490,0.031339,172.31.46.0-255,1107,194893,48,198966
8491,0.031394,172.31.46.0-255,1514,196407,48,198966
8492,0.031395,172.31.46.0-255,1514,197921,48,198966
8493,0.031396,172.31.46.0-255,607,198528,48,198966
8494,0.032799,104.244.42.0-255,66,198594,48,198966
8495,0.032833,104.244.42.0-255,66,198660,48,198966
8496,0.032902,104.244.42.0-255,66,198726,48,198966
8497,0.032922,104.244.42.0-255,66,198792,48,198966
8498,0.033851,104.244.42.0-255,108,198900,48,198966
8499,0.033859,172.31.46.0-255,66,198966,48,198966
8500,0.0,172.217.194.0-255,297,297,48,170707
8501,2.8e-05,172.31.46.0-255,66,363,48,170707
8502,3.6e-05,172.217.194.0-255,1484,1847,48,170707
8503,4e-05,172.31.46.0-255,66,1913,48,170707
8504,5.3e-05,172.217.194.0-255,4320,6233,48,170707
8505,5.7e-05,172.31.46.0-255,66,6299,48,170707
8506,6e-05,172.217.194.0-255,1484,7783,48,170707
8507,6.2e-05,172.31.46.0-255,66,7849,48,170707
8508,0.000102,172.31.46.0-255,66,7915,48,170707
8509,0.000116,172.31.46.0-255,66,7981,48,170707
8510,0.000122,172.217.194.0-255,5379,13360,48,170707
8511,0.000124,172.31.46.0-255,66,13426,48,170707
8512,0.000171,172.217.194.0-255,1484,14910,48,170707
8513,0.000174,172.31.46.0-255,66,14976,48,170707
8514,0.000189,172.217.194.0-255,2902,17878,48,170707
8515,0.000196,172.31.46.0-255,66,17944,48,170707
8516,0.000241,172.217.194.0-255,5738,23682,48,170707
8517,0.000245,172.31.46.0-255,66,23748,48,170707
8518,0.000257,172.31.46.0-255,66,23814,48,170707
8519,0.00026,172.217.194.0-255,1484,25298,48,170707
8520,0.000262,172.31.46.0-255,66,25364,48,170707
8521,0.000314,172.31.46.0-255,66,25430,48,170707
8522,0.000317,172.217.194.0-255,415,25845,48,170707
8523,0.000319,172.31.46.0-255,66,25911,48,170707
8524,0.000373,172.217.194.0-255,1484,27395,48,170707
8525,0.000376,172.31.46.0-255,66,27461,48,170707
8526,0.00038,172.217.194.0-255,1484,28945,48,170707
8527,0.000384,172.31.46.0-255,66,29011,48,170707
8528,0.000409,172.217.194.0-255,1484,30495,48,170707
8529,0.000417,172.217.194.0-255,5738,36233,48,170707
8530,0.00042,172.31.46.0-255,66,36299,48,170707
8531,0.000438,172.31.46.0-255,66,36365,48,170707
8532,0.000477,172.31.46.0-255,66,36431,48,170707
8533,0.000506,172.217.194.0-255,2184,38615,48,170707
8534,0.000509,172.31.46.0-255,66,38681,48,170707
8535,0.000516,172.217.194.0-255,5738,44419,48,170707
8536,0.000523,172.31.46.0-255,66,44485,48,170707
8537,0.000561,172.31.46.0-255,66,44551,48,170707
8538,0.000565,172.31.46.0-255,66,44617,48,170707
8539,0.000589,172.217.194.0-255,1484,46101,48,170707
8540,0.000595,172.217.194.0-255,3602,49703,48,170707
8541,0.000606,172.31.46.0-255,66,49769,48,170707
8542,0.000642,172.217.194.0-255,1484,51253,48,170707
8543,0.000647,172.217.194.0-255,2902,54155,48,170707
8544,0.00065,172.31.46.0-255,66,54221,48,170707
8545,0.000673,172.217.194.0-255,5738,59959,48,170707
8546,0.000686,172.31.46.0-255,66,60025,48,170707
8547,0.000703,172.31.46.0-255,66,60091,48,170707
8548,0.000715,172.217.194.0-255,1484,61575,48,170707
8549,0.000746,172.31.46.0-255,66,61641,48,170707
8550,0.000775,172.217.194.0-255,2902,64543,48,170707
8551,0.000778,172.31.46.0-255,66,64609,48,170707
8552,0.000784,172.217.194.0-255,4320,68929,48,170707
8553,0.000787,172.217.194.0-255,2902,71831,48,170707
8554,0.000792,172.31.46.0-255,66,71897,48,170707
8555,0.000823,172.217.194.0-255,5738,77635,48,170707
8556,0.000828,172.31.46.0-255,66,77701,48,170707
8557,0.00084,172.31.46.0-255,66,77767,48,170707
8558,0.000869,172.217.194.0-255,5738,83505,48,170707
8559,0.000876,172.31.46.0-255,66,83571,48,170707
8560,0.000917,172.217.194.0-255,3602,87173,48,170707
8561,0.000917,172.31.46.0-255,66,87239,48,170707
8562,0.000922,172.31.46.0-255,66,87305,48,170707
8563,0.000967,172.217.194.0-255,4320,91625,48,170707
8564,0.000977,172.31.46.0-255,66,91691,48,170707
8565,0.000978,172.217.194.0-255,4320,96011,48,170707
8566,0.000981,172.31.46.0-255,66,96077,48,170707
8567,0.001016,172.217.194.0-255,5738,101815,48,170707
8568,0.00103,172.31.46.0-255,66,101881,48,170707
8569,0.001035,172.31.46.0-255,66,101947,48,170707
8570,0.001049,172.31.46.0-255,66,102013,48,170707
8571,0.001076,172.217.194.0-255,2184,104197,48,170707
8572,0.001081,172.31.46.0-255,66,104263,48,170707
8573,0.001093,172.217.194.0-255,5738,110001,48,170707
8574,0.001096,172.31.46.0-255,66,110067,48,170707
8575,0.0011,172.31.46.0-255,66,110133,48,170707
8576,0.001132,172.217.194.0-255,5314,115447,48,170707
8577,0.001145,172.31.46.0-255,66,115513,48,170707
8578,0.001468,172.217.194.0-255,1484,116997,48,170707
8579,0.001474,172.217.194.0-255,2902,119899,48,170707
8580,0.001478,172.31.46.0-255,66,119965,48,170707
8581,0.00151,172.217.194.0-255,5738,125703,48,170707
8582,0.001513,172.31.46.0-255,66,125769,48,170707
8583,0.001519,172.217.194.0-255,5738,131507,48,170707
8584,0.001525,172.31.46.0-255,66,131573,48,170707
8585,0.001551,172.31.46.0-255,66,131639,48,170707
8586,0.00158,172.217.194.0-255,4320,135959,48,170707
8587,0.001584,172.31.46.0-255,66,136025,48,170707
8588,0.001586,172.217.194.0-255,5020,141045,48,170707
8589,0.001596,172.31.46.0-255,66,141111,48,170707
8590,0.001611,172.217.194.0-255,5738,146849,48,170707
8591,0.001617,172.217.194.0-255,5738,152587,48,170707
8592,0.001623,172.31.46.0-255,66,152653,48,170707
8593,0.001642,172.217.194.0-255,1484,154137,48,170707
8594,0.001679,172.31.46.0-255,66,154203,48,170707
8595,0.00169,172.217.194.0-255,2902,157105,48,170707
8596,0.001694,172.31.46.0-255,66,157171,48,170707
8597,0.001702,172.217.194.0-255,6438,163609,48,170707
8598,0.001707,172.31.46.0-255,66,163675,48,170707
8599,0.001723,172.31.46.0-255,66,163741,48,170707
8600,0.001758,172.31.46.0-255,66,163807,48,170707
8601,0.001759,172.217.194.0-255,97,163904,48,170707
8602,0.001761,172.217.194.0-255,105,164009,48,170707
8603,0.001763,172.31.46.0-255,66,164075,48,170707
8604,0.0087,172.31.46.0-255,105,164180,48,170707
8605,0.010715,172.217.194.0-255,66,164246,48,170707
8606,0.033471,172.31.46.0-255,176,164422,48,170707
8607,0.033503,172.31.46.0-255,1113,165535,48,170707
8608,0.033544,172.31.46.0-255,1514,167049,48,170707
8609,0.033545,172.31.46.0-255,1514,168563,48,170707
8610,0.033547,172.31.46.0-255,1514,170077,48,170707
8611,0.033548,172.31.46.0-255,366,170443,48,170707
8612,0.03502,104.244.42.0-255,66,170509,48,170707
8613,0.035059,104.244.42.0-255,66,170575,48,170707
8614,0.035114,104.244.42.0-255,66,170641,48,170707
8615,0.035117,104.244.42.0-255,66,170707,48,170707
8616,0.0,74.125.24.0-255,150,150,48,184444
8617,1.3e-05,172.31.46.0-255,66,216,48,184444
8618,2e-05,74.125.24.0-255,1484,1700,48,184444
8619,2.4e-05,172.31.46.0-255,66,1766,48,184444
8620,2.9e-05,74.125.24.0-255,2902,4668,48,184444
8621,3.2e-05,172.31.46.0-255,66,4734,48,184444
8622,4e-05,74.125.24.0-255,7156,11890,48,184444
8623,4.2e-05,172.31.46.0-255,66,11956,48,184444
8624,5.2e-05,172.31.46.0-255,66,12022,48,184444
8625,8.1e-05,172.31.46.0-255,66,12088,48,184444
8626,8.6e-05,74.125.24.0-255,2543,14631,48,184444
8627,8.7e-05,172.31.46.0-255,66,14697,48,184444
8628,0.000145,74.125.24.0-255,2902,17599,48,184444
8629,0.000148,172.31.46.0-255,66,17665,48,184444
8630,0.000154,74.125.24.0-255,4320,21985,48,184444
8631,0.000156,172.31.46.0-255,66,22051,48,184444
8632,0.00021,172.31.46.0-255,66,22117,48,184444
8633,0.000215,74.125.24.0-255,3961,26078,48,184444
8634,0.000216,172.31.46.0-255,66,26144,48,184444
8635,0.000228,172.31.46.0-255,66,26210,48,184444
8636,0.000246,74.125.24.0-255,3961,30171,48,184444
8637,0.000248,172.31.46.0-255,66,30237,48,184444
8638,0.000251,74.125.24.0-255,364,30601,48,184444
8639,0.000252,172.31.46.0-255,66,30667,48,184444
8640,0.000263,74.125.24.0-255,132,30799,48,184444
8641,0.000265,172.31.46.0-255,66,30865,48,184444
8642,0.000376,74.125.24.0-255,1484,32349,48,184444
8643,0.00038,172.31.46.0-255,66,32415,48,184444
8644,0.000383,74.125.24.0-255,1484,33899,48,184444
8645,0.000401,74.125.24.0-255,1484,35383,48,184444
8646,0.000403,172.31.46.0-255,66,35449,48,184444
8647,0.00041,74.125.24.0-255,5738,41187,48,184444
8648,0.000412,172.31.46.0-255,66,41253,48,184444
8649,0.000415,74.125.24.0-255,1484,42737,48,184444
8650,0.000437,74.125.24.0-255,2902,45639,48,184444
8651,0.000439,172.31.46.0-255,66,45705,48,184444
8652,0.000455,74.125.24.0-255,2902,48607,48,184444
8653,0.000457,172.31.46.0-255,66,48673,48,184444
8654,0.000496,172.31.46.0-255,66,48739,48,184444
8655,0.000505,172.31.46.0-255,66,48805,48,184444
8656,0.00061,74.125.24.0-255,1484,50289,48,184444
8657,0.000614,74.125.24.0-255,1484,51773,48,184444
8658,0.000617,172.31.46.0-255,66,51839,48,184444
8659,0.000628,74.125.24.0-255,1484,53323,48,184444
8660,0.000631,74.125.24.0-255,1484,54807,48,184444
8661,0.000632,172.31.46.0-255,66,54873,48,184444
8662,0.000658,74.125.24.0-255,4320,59193,48,184444
8663,0.00066,172.31.46.0-255,66,59259,48,184444
8664,0.000664,74.125.24.0-255,2902,62161,48,184444
8665,0.000667,172.31.46.0-255,66,62227,48,184444
8666,0.000681,74.125.24.0-255,4320,66547,48,184444
8667,0.000683,172.31.46.0-255,66,66613,48,184444
8668,0.000687,74.125.24.0-255,2902,69515,48,184444
8669,0.000689,172.31.46.0-255,66,69581,48,184444
8670,0.000725,172.31.46.0-255,66,69647,48,184444
8671,0.000729,74.125.24.0-255,2184,71831,48,184444
8672,0.00073,172.31.46.0-255,66,71897,48,184444
8673,0.000747,74.125.24.0-255,2902,74799,48,184444
8674,0.000748,172.31.46.0-255,66,74865,48,184444
8675,0.000753,74.125.24.0-255,4320,79185,48,184444
8676,0.000755,172.31.46.0-255,66,79251,48,184444
8677,0.000779,74.125.24.0-255,2902,82153,48,184444
8678,0.000782,172.31.46.0-255,66,82219,48,184444
8679,0.000792,172.31.46.0-255,66,82285,48,184444
8680,0.000796,74.125.24.0-255,4320,86605,48,184444
8681,0.000798,172.31.46.0-255,66,86671,48,184444
8682,0.000851,74.125.24.0-255,1484,88155,48,184444
8683,0.000866,74.125.24.0-255,5738,93893,48,184444
8684,0.000897,74.125.24.0-255,1484,95377,48,184444
8685,0.00091,74.125.24.0-255,4320,99697,48,184444
8686,0.000922,74.125.24.0-255,5738,105435,48,184444
8687,0.000937,74.125.24.0-255,2902,108337,48,184444
8688,0.001095,172.31.46.0-255,66,108403,48,184444
8689,0.001441,74.125.24.0-255,1484,109887,48,184444
8690,0.00145,74.125.24.0-255,2902,112789,48,184444
8691,0.001474,74.125.24.0-255,5738,118527,48,184444
8692,0.001492,74.125.24.0-255,4320,122847,48,184444
8693,0.001527,74.125.24.0-255,7156,130003,48,184444
8694,0.001532,74.125.24.0-255,2902,132905,48,184444
8695,0.00159,74.125.24.0-255,2902,135807,48,184444
8696,0.00162,74.125.24.0-255,5738,141545,48,184444
8697,0.001638,74.125.24.0-255,7156,148701,48,184444
8698,0.001644,74.125.24.0-255,4320,153021,48,184444
8699,0.001659,74.125.24.0-255,5020,158041,48,184444
8700,0.001685,74.125.24.0-255,4320,162361,48,184444
8701,0.001741,74.125.24.0-255,2902,165263,48,184444
8702,0.001767,74.125.24.0-255,5738,171001,48,184444
8703,0.001842,74.125.24.0-255,2184,173185,48,184444
8704,0.001873,74.125.24.0-255,5738,178923,48,184444
8705,0.001889,74.125.24.0-255,105,179028,48,184444
8706,0.004633,172.31.46.0-255,66,179094,48,184444
8707,0.007561,172.31.46.0-255,105,179199,48,184444
8708,0.009712,74.125.24.0-255,66,179265,48,184444
8709,0.027609,172.31.46.0-255,172,179437,48,184444
8710,0.027648,172.31.46.0-255,1111,180548,48,184444
8711,0.0277,172.31.46.0-255,1514,182062,48,184444
8712,0.027701,172.31.46.0-255,1514,183576,48,184444
8713,0.027723,172.31.46.0-255,604,184180,48,184444
8714,0.029263,104.244.42.0-255,66,184246,48,184444
8715,0.029483,104.244.42.0-255,66,184312,48,184444
8716,0.029507,104.244.42.0-255,66,184378,48,184444
8717,0.029523,104.244.42.0-255,66,184444,48,184444
8718,0.0,172.217.194.0-255,147,147,48,236209
8719,2.7e-05,172.31.46.0-255,66,213,48,236209
8720,3.4e-05,172.217.194.0-255,1484,1697,48,236209
8721,3.9e-05,172.31.46.0-255,66,1763,48,236209
8722,4.4e-05,172.217.194.0-255,2902,4665,48,236209
8723,4.7e-05,172.31.46.0-255,66,4731,48,236209
8724,6.2e-05,172.217.194.0-255,7156,11887,48,236209
8725,6.6e-05,172.31.46.0-255,66,11953,48,236209
8726,7.6e-05,172.31.46.0-255,66,12019,48,236209
8727,0.000123,172.31.46.0-255,66,12085,48,236209
8728,0.000152,172.217.194.0-255,2543,14628,48,236209
8729,0.000154,172.31.46.0-255,66,14694,48,236209
8730,0.000167,172.31.46.0-255,66,14760,48,236209
8731,0.000177,172.217.194.0-255,5379,20139,48,236209
8732,0.000179,172.31.46.0-255,66,20205,48,236209
8733,0.00032,172.217.194.0-255,1484,21689,48,236209
8734,0.000324,172.31.46.0-255,66,21755,48,236209
8735,0.00033,172.217.194.0-255,2902,24657,48,236209
8736,0.000332,172.31.46.0-255,66,24723,48,236209
8737,0.000339,172.217.194.0-255,5738,30461,48,236209
8738,0.000341,172.31.46.0-255,66,30527,48,236209
8739,0.00035,172.217.194.0-255,2902,33429,48,236209
8740,0.000352,172.31.46.0-255,66,33495,48,236209
8741,0.000385,172.217.194.0-255,3961,37456,48,236209
8742,0.000387,172.31.46.0-255,66,37522,48,236209
8743,0.00041,172.217.194.0-255,4320,41842,48,236209
8744,0.000412,172.31.46.0-255,66,41908,48,236209
8745,0.000436,172.217.194.0-255,5738,47646,48,236209
8746,0.000438,172.31.46.0-255,66,47712,48,236209
8747,0.00047,172.217.194.0-255,6797,54509,48,236209
8748,0.000472,172.31.46.0-255,66,54575,48,236209
8749,0.000762,172.217.194.0-255,1484,56059,48,236209
8750,0.00077,172.217.194.0-255,2902,58961,48,236209
8751,0.000774,172.31.46.0-255,66,59027,48,236209
8752,0.000778,172.217.194.0-255,1484,60511,48,236209
8753,0.000808,172.217.194.0-255,4320,64831,48,236209
8754,0.000811,172.31.46.0-255,66,64897,48,236209
8755,0.000823,172.31.46.0-255,66,64963,48,236209
8756,0.000852,172.217.194.0-255,2902,67865,48,236209
8757,0.000855,172.31.46.0-255,66,67931,48,236209
8758,0.000867,172.217.194.0-255,5738,73669,48,236209
8759,0.00087,172.31.46.0-255,66,73735,48,236209
8760,0.000903,172.217.194.0-255,5020,78755,48,236209
8761,0.000906,172.31.46.0-255,66,78821,48,236209
8762,0.000993,172.217.194.0-255,1484,80305,48,236209
8763,0.001014,172.217.194.0-255,2902,83207,48,236209
8764,0.001017,172.31.46.0-255,66,83273,48,236209
8765,0.001022,172.217.194.0-255,2902,86175,48,236209
8766,0.001024,172.31.46.0-255,66,86241,48,236209
8767,0.001061,172.217.194.0-255,2902,89143,48,236209
8768,0.001064,172.31.46.0-255,66,89209,48,236209
8769,0.001084,172.31.46.0-255,66,89275,48,236209
8770,0.001119,172.31.46.0-255,66,89341,48,236209
8771,0.001145,172.217.194.0-255,2184,91525,48,236209
8772,0.001148,172.31.46.0-255,66,91591,48,236209
8773,0.001214,172.217.194.0-255,1484,93075,48,236209
8774,0.001219,172.217.194.0-255,1484,94559,48,236209
8775,0.001222,172.31.46.0-255,66,94625,48,236209
8776,0.001251,172.217.194.0-255,1484,96109,48,236209
8777,0.001258,172.217.194.0-255,5738,101847,48,236209
8778,0.001261,172.31.46.0-255,66,101913,48,236209
8779,0.001267,172.217.194.0-255,4320,106233,48,236209
8780,0.001269,172.31.46.0-255,66,106299,48,236209
8781,0.001303,172.31.46.0-255,66,106365,48,236209
8782,0.001317,172.31.46.0-255,66,106431,48,236209
8783,0.00132,172.217.194.0-255,766,107197,48,236209
8784,0.002034,172.217.194.0-255,1484,108681,48,236209
8785,0.00204,172.217.194.0-255,2902,111583,48,236209
8786,0.002042,172.217.194.0-255,1484,113067,48,236209
8787,0.002047,172.31.46.0-255,66,113133,48,236209
8788,0.002056,172.31.46.0-255,66,113199,48,236209
8789,0.002067,172.217.194.0-255,4320,117519,48,236209
8790,0.002069,172.31.46.0-255,66,117585,48,236209
8791,0.002074,172.217.194.0-255,4320,121905,48,236209
8792,0.002076,172.31.46.0-255,66,121971,48,236209
8793,0.002117,172.31.46.0-255,66,122037,48,236209
8794,0.002129,172.31.46.0-255,66,122103,48,236209
8795,0.004616,172.217.194.0-255,5738,127841,48,236209
8796,0.004625,172.31.46.0-255,66,127907,48,236209
8797,0.007048,172.217.194.0-255,4320,132227,48,236209
8798,0.007052,172.31.46.0-255,66,132293,48,236209
8799,0.007081,172.217.194.0-255,1484,133777,48,236209
8800,0.009526,172.217.194.0-255,4320,138097,48,236209
8801,0.009534,172.31.46.0-255,66,138163,48,236209
8802,0.012021,172.217.194.0-255,5738,143901,48,236209
8803,0.012034,172.31.46.0-255,66,143967,48,236209
8804,0.014491,172.217.194.0-255,5738,149705,48,236209
8805,0.014503,172.31.46.0-255,66,149771,48,236209
8806,0.017006,172.217.194.0-255,5738,155509,48,236209
8807,0.017018,172.31.46.0-255,66,155575,48,236209
8808,0.019482,172.217.194.0-255,5738,161313,48,236209
8809,0.019493,172.31.46.0-255,66,161379,48,236209
8810,0.021955,172.217.194.0-255,5738,167117,48,236209
8811,0.021967,172.31.46.0-255,66,167183,48,236209
8812,0.024437,172.217.194.0-255,5738,172921,48,236209
8813,0.024449,172.31.46.0-255,66,172987,48,236209
8814,0.026921,172.217.194.0-255,5738,178725,48,236209
8815,0.026934,172.31.46.0-255,66,178791,48,236209
8816,0.029395,172.217.194.0-255,5738,184529,48,236209
8817,0.029409,172.31.46.0-255,66,184595,48,236209
8818,0.03186,172.217.194.0-255,5738,190333,48,236209
8819,0.031872,172.31.46.0-255,66,190399,48,236209
8820,0.033695,172.31.46.0-255,176,190575,48,236209
8821,0.033729,172.31.46.0-255,1111,191686,48,236209
8822,0.033792,172.31.46.0-255,1514,193200,48,236209
8823,0.033794,172.31.46.0-255,1514,194714,48,236209
8824,0.033794,172.31.46.0-255,603,195317,48,236209
8825,0.034402,172.217.194.0-255,5738,201055,48,236209
8826,0.034411,172.31.46.0-255,66,201121,48,236209
8827,0.035325,104.244.42.0-255,66,201187,48,236209
8828,0.035368,104.244.42.0-255,66,201253,48,236209
8829,0.035452,104.244.42.0-255,66,201319,48,236209
8830,0.035457,104.244.42.0-255,66,201385,48,236209
8831,0.036879,172.217.194.0-255,5738,207123,48,236209
8832,0.036886,172.31.46.0-255,66,207189,48,236209
8833,0.039338,172.217.194.0-255,5738,212927,48,236209
8834,0.039351,172.31.46.0-255,66,212993,48,236209
8835,0.041826,172.217.194.0-255,5738,218731,48,236209
8836,0.041836,172.31.46.0-255,66,218797,48,236209
8837,0.044303,172.217.194.0-255,5738,224535,48,236209
8838,0.04431,172.31.46.0-255,66,224601,48,236209
8839,0.046769,172.217.194.0-255,5738,230339,48,236209
8840,0.046782,172.31.46.0-255,66,230405,48,236209
8841,0.049238,172.217.194.0-255,5738,236143,48,236209
8842,0.049247,172.31.46.0-255,66,236209,48,236209
8843,0.0,172.217.194.0-255,150,150,48,313899
8844,1.3e-05,172.31.46.0-255,66,216,48,313899
8845,1.8e-05,172.217.194.0-255,1484,1700,48,313899
8846,2.2e-05,172.31.46.0-255,66,1766,48,313899
8847,3.7e-05,172.217.194.0-255,2902,4668,48,313899
8848,3.9e-05,172.31.46.0-255,66,4734,48,313899
8849,5.9e-05,172.217.194.0-255,4320,9054,48,313899
8850,6.2e-05,172.31.46.0-255,66,9120,48,313899
8851,8.1e-05,172.217.194.0-255,2902,12022,48,313899
8852,8.3e-05,172.31.46.0-255,66,12088,48,313899
8853,8.6e-05,172.217.194.0-255,2005,14093,48,313899
8854,8.8e-05,172.31.46.0-255,66,14159,48,313899
8855,0.000115,172.217.194.0-255,1484,15643,48,313899
8856,0.000117,172.31.46.0-255,66,15709,48,313899
8857,0.000121,172.217.194.0-255,2902,18611,48,313899
8858,0.000123,172.31.46.0-255,66,18677,48,313899
8859,0.000125,172.217.194.0-255,1484,20161,48,313899
8860,0.000127,172.31.46.0-255,66,20227,48,313899
8861,0.000141,172.217.194.0-255,4320,24547,48,313899
8862,0.000143,172.31.46.0-255,66,24613,48,313899
8863,0.000182,172.217.194.0-255,1484,26097,48,313899
8864,0.000184,172.31.46.0-255,66,26163,48,313899
8865,0.000196,172.217.194.0-255,2902,29065,48,313899
8866,0.000199,172.31.46.0-255,66,29131,48,313899
8867,0.00022,172.217.194.0-255,2543,31674,48,313899
8868,0.000221,172.31.46.0-255,66,31740,48,313899
8869,0.000423,172.217.194.0-255,1484,33224,48,313899
8870,0.000428,172.31.46.0-255,66,33290,48,313899
8871,0.000432,172.217.194.0-255,1484,34774,48,313899
8872,0.000433,172.31.46.0-255,66,34840,48,313899
8873,0.000448,172.217.194.0-255,1484,36324,48,313899
8874,0.000451,172.31.46.0-255,66,36390,48,313899
8875,0.000457,172.217.194.0-255,5738,42128,48,313899
8876,0.00046,172.217.194.0-255,1484,43612,48,313899
8877,0.000477,172.217.194.0-255,4320,47932,48,313899
8878,0.000482,172.31.46.0-255,66,47998,48,313899
8879,0.000489,172.217.194.0-255,1484,49482,48,313899
8880,0.000519,172.217.194.0-255,3961,53443,48,313899
8881,0.000524,172.217.194.0-255,3961,57404,48,313899
8882,0.000529,172.31.46.0-255,66,57470,48,313899
8883,0.000749,172.217.194.0-255,645,58115,48,313899
8884,0.000902,172.31.46.0-255,66,58181,48,313899
8885,0.000906,172.217.194.0-255,1484,59665,48,313899
8886,0.000918,172.217.194.0-255,2902,62567,48,313899
8887,0.00092,172.31.46.0-255,66,62633,48,313899
8888,0.000935,172.217.194.0-255,4320,66953,48,313899
8889,0.000937,172.31.46.0-255,66,67019,48,313899
8890,0.000957,172.217.194.0-255,1484,68503,48,313899
8891,0.00096,172.217.194.0-255,1484,69987,48,313899
8892,0.000962,172.31.46.0-255,66,70053,48,313899
8893,0.00099,172.31.46.0-255,66,70119,48,313899
8894,0.001025,172.217.194.0-255,2902,73021,48,313899
8895,0.001038,172.217.194.0-255,4320,77341,48,313899
8896,0.001041,172.31.46.0-255,66,77407,48,313899
8897,0.001045,172.31.46.0-255,66,77473,48,313899
8898,0.001055,172.217.194.0-255,3602,81075,48,313899
8899,0.001059,172.217.194.0-255,2902,83977,48,313899
8900,0.00107,172.31.46.0-255,66,84043,48,313899
8901,0.001111,172.31.46.0-255,66,84109,48,313899
8902,0.001126,172.217.194.0-255,2902,87011,48,313899
8903,0.001133,172.31.46.0-255,66,87077,48,313899
8904,0.001148,172.217.194.0-255,1484,88561,48,313899
8905,0.001162,172.217.194.0-255,5738,94299,48,313899
8906,0.001171,172.217.194.0-255,1484,95783,48,313899
8907,0.001177,172.31.46.0-255,66,95849,48,313899
8908,0.001185,172.217.194.0-255,2902,98751,48,313899
8909,0.00119,172.217.194.0-255,5738,104489,48,313899
8910,0.001192,172.217.194.0-255,1484,105973,48,313899
8911,0.001196,172.31.46.0-255,66,106039,48,313899
8912,0.001219,172.217.194.0-255,5738,111777,48,313899
8913,0.001223,172.217.194.0-255,2902,114679,48,313899
8914,0.001243,172.217.194.0-255,6438,121117,48,313899
8915,0.001245,172.31.46.0-255,66,121183,48,313899
8916,0.001249,172.31.46.0-255,66,121249,48,313899
8917,0.001279,172.217.194.0-255,1484,122733,48,313899
8918,0.0013,172.217.194.0-255,2902,125635,48,313899
8919,0.001306,172.217.194.0-255,5738,131373,48,313899
8920,0.001319,172.31.46.0-255,66,131439,48,313899
8921,0.001325,172.217.194.0-255,1484,132923,48,313899
8922,0.001375,172.217.194.0-255,5738,138661,48,313899
8923,0.001381,172.31.46.0-255,66,138727,48,313899
8924,0.001403,172.217.194.0-255,5738,144465,48,313899
8925,0.001414,172.217.194.0-255,766,145231,48,313899
8926,0.001432,172.31.46.0-255,66,145297,48,313899
8927,0.001492,172.217.194.0-255,1484,146781,48,313899
8928,0.001496,172.217.194.0-255,2902,149683,48,313899
8929,0.001503,172.31.46.0-255,66,149749,48,313899
8930,0.001511,172.217.194.0-255,2902,152651,48,313899
8931,0.001515,172.31.46.0-255,66,152717,48,313899
8932,0.00153,172.217.194.0-255,2902,155619,48,313899
8933,0.001536,172.31.46.0-255,66,155685,48,313899
8934,0.001568,172.217.194.0-255,2902,158587,48,313899
8935,0.001583,172.217.194.0-255,7156,165743,48,313899
8936,0.001588,172.31.46.0-255,66,165809,48,313899
8937,0.001607,172.217.194.0-255,2902,168711,48,313899
8938,0.001613,172.217.194.0-255,7156,175867,48,313899
8939,0.001618,172.31.46.0-255,66,175933,48,313899
8940,0.001643,172.217.194.0-255,3602,179535,48,313899
8941,0.00165,172.31.46.0-255,66,179601,48,313899
8942,0.001752,172.217.194.0-255,1484,181085,48,313899
8943,0.001757,172.217.194.0-255,2902,183987,48,313899
8944,0.001773,172.31.46.0-255,66,184053,48,313899
8945,0.001785,172.217.194.0-255,5738,189791,48,313899
8946,0.001796,172.217.194.0-255,2902,192693,48,313899
8947,0.001816,172.217.194.0-255,7156,199849,48,313899
8948,0.001829,172.31.46.0-255,66,199915,48,313899
8949,0.001833,172.217.194.0-255,2902,202817,48,313899
8950,0.001838,172.31.46.0-255,66,202883,48,313899
8951,0.001847,172.217.194.0-255,4320,207203,48,313899
8952,0.001864,172.31.46.0-255,66,207269,48,313899
8953,0.001871,172.217.194.0-255,6438,213707,48,313899
8954,0.001882,172.31.46.0-255,66,213773,48,313899
8955,0.002421,172.217.194.0-255,1484,215257,48,313899
8956,0.002429,172.217.194.0-255,2902,218159,48,313899
8957,0.002446,172.217.194.0-255,1484,219643,48,313899
8958,0.002469,172.217.194.0-255,4320,223963,48,313899
8959,0.002477,172.217.194.0-255,7156,231119,48,313899
8960,0.002504,172.217.194.0-255,5738,236857,48,313899
8961,0.00253,172.217.194.0-255,2184,239041,48,313899
8962,0.003195,172.217.194.0-255,1484,240525,48,313899
8963,0.003202,172.217.194.0-255,1484,242009,48,313899
8964,0.003221,172.217.194.0-255,1484,243493,48,313899
8965,0.003229,172.217.194.0-255,5738,249231,48,313899
8966,0.003234,172.217.194.0-255,2902,252133,48,313899
8967,0.003236,172.217.194.0-255,1484,253617,48,313899
8968,0.003281,172.217.194.0-255,2902,256519,48,313899
8969,0.00332,172.217.194.0-255,6438,262957,48,313899
8970,0.003346,172.217.194.0-255,1484,264441,48,313899
8971,0.00336,172.217.194.0-255,2902,267343,48,313899
8972,0.003382,172.217.194.0-255,2902,270245,48,313899
8973,0.003385,172.217.194.0-255,1484,271729,48,313899
8974,0.003407,172.217.194.0-255,2902,274631,48,313899
8975,0.003422,172.217.194.0-255,2902,277533,48,313899
8976,0.003424,172.217.194.0-255,1484,279017,48,313899
8977,0.003465,172.217.194.0-255,6438,285455,48,313899
8978,0.003556,172.217.194.0-255,1484,286939,48,313899
8979,0.00356,172.217.194.0-255,2902,289841,48,313899
8980,0.003584,172.217.194.0-255,5738,295579,48,313899
8981,0.003595,172.217.194.0-255,2902,298481,48,313899
8982,0.003611,172.217.194.0-255,4320,302801,48,313899
8983,0.003621,172.217.194.0-255,2902,305703,48,313899
8984,0.003645,172.217.194.0-255,1484,307187,48,313899
8985,0.003682,172.217.194.0-255,1191,308378,48,313899
8986,0.003708,172.217.194.0-255,105,308483,48,313899
8987,0.005506,172.31.46.0-255,66,308549,48,313899
8988,0.007748,172.31.46.0-255,105,308654,48,313899
8989,0.009834,172.217.194.0-255,66,308720,48,313899
8990,0.037276,172.31.46.0-255,172,308892,48,313899
8991,0.03731,172.31.46.0-255,1111,310003,48,313899
8992,0.037371,172.31.46.0-255,1514,311517,48,313899
8993,0.037373,172.31.46.0-255,1514,313031,48,313899
8994,0.037397,172.31.46.0-255,604,313635,48,313899
8995,0.038932,104.244.42.0-255,66,313701,48,313899
8996,0.038969,104.244.42.0-255,66,313767,48,313899
8997,0.039014,104.244.42.0-255,66,313833,48,313899
8998,0.039063,104.244.42.0-255,66,313899,48,313899
8999,0.0,74.125.130.0-255,153,153,48,277202
9000,2.6e-05,172.31.46.0-255,66,219,48,277202
9001,3.2e-05,74.125.130.0-255,1484,1703,48,277202
9002,3.7e-05,172.31.46.0-255,66,1769,48,277202
9003,4.2e-05,74.125.130.0-255,2902,4671,48,277202
9004,4.5e-05,172.31.46.0-255,66,4737,48,277202
9005,5.1e-05,74.125.130.0-255,4320,9057,48,277202
9006,5.4e-05,172.31.46.0-255,66,9123,48,277202
9007,6e-05,74.125.130.0-255,4963,14086,48,277202
9008,6.3e-05,172.31.46.0-255,66,14152,48,277202
9009,0.00017,74.125.130.0-255,1484,15636,48,277202
9010,0.000174,172.31.46.0-255,66,15702,48,277202
9011,0.000178,74.125.130.0-255,2902,18604,48,277202
9012,0.00018,172.31.46.0-255,66,18670,48,277202
9013,0.000217,74.125.130.0-255,5738,24408,48,277202
9014,0.00022,172.31.46.0-255,66,24474,48,277202
9015,0.000224,74.125.130.0-255,2902,27376,48,277202
9016,0.000226,172.31.46.0-255,66,27442,48,277202
9017,0.000231,74.125.130.0-255,3961,31403,48,277202
9018,0.000234,172.31.46.0-255,66,31469,48,277202
9019,0.000258,74.125.130.0-255,1484,32953,48,277202
9020,0.00026,172.31.46.0-255,66,33019,48,277202
9021,0.000265,74.125.130.0-255,2902,35921,48,277202
9022,0.000268,172.31.46.0-255,66,35987,48,277202
9023,0.000287,74.125.130.0-255,4320,40307,48,277202
9024,0.00029,172.31.46.0-255,66,40373,48,277202
9025,0.000314,74.125.130.0-255,1484,41857,48,277202
9026,0.000316,172.31.46.0-255,66,41923,48,277202
9027,0.000324,74.125.130.0-255,6797,48720,48,277202
9028,0.000327,172.31.46.0-255,66,48786,48,277202
9029,0.00039,74.125.130.0-255,1484,50270,48,277202
9030,0.000393,172.31.46.0-255,66,50336,48,277202
9031,0.000398,74.125.130.0-255,2902,53238,48,277202
9032,0.000401,172.31.46.0-255,66,53304,48,277202
9033,0.000412,74.125.130.0-255,1484,54788,48,277202
9034,0.000431,74.125.130.0-255,2902,57690,48,277202
9035,0.000434,172.31.46.0-255,66,57756,48,277202
9036,0.000482,172.31.46.0-255,66,57822,48,277202
9037,0.000515,74.125.130.0-255,645,58467,48,277202
9038,0.000544,74.125.130.0-255,1484,59951,48,277202
9039,0.000547,172.31.46.0-255,66,60017,48,277202
9040,0.000562,74.125.130.0-255,1484,61501,48,277202
9041,0.000565,74.125.130.0-255,1484,62985,48,277202
9042,0.000567,172.31.46.0-255,66,63051,48,277202
9043,0.000584,74.125.130.0-255,1484,64535,48,277202
9044,0.00059,74.125.130.0-255,4320,68855,48,277202
9045,0.000592,172.31.46.0-255,66,68921,48,277202
9046,0.000608,74.125.130.0-255,1484,70405,48,277202
9047,0.000611,74.125.130.0-255,1484,71889,48,277202
9048,0.000613,172.31.46.0-255,66,71955,48,277202
9049,0.000636,74.125.130.0-255,3961,75916,48,277202
9050,0.00064,172.31.46.0-255,66,75982,48,277202
9051,0.000671,74.125.130.0-255,1484,77466,48,277202
9052,0.000686,74.125.130.0-255,2902,80368,48,277202
9053,0.000689,172.31.46.0-255,66,80434,48,277202
9054,0.000692,74.125.130.0-255,1484,81918,48,277202
9055,0.000709,74.125.130.0-255,4320,86238,48,277202
9056,0.000712,172.31.46.0-255,66,86304,48,277202
9057,0.000718,74.125.130.0-255,4320,90624,48,277202
9058,0.00072,172.31.46.0-255,66,90690,48,277202
9059,0.000742,74.125.130.0-255,1484,92174,48,277202
9060,0.000757,74.125.130.0-255,1125,93299,48,277202
9061,0.000759,172.31.46.0-255,66,93365,48,277202
9062,0.001221,74.125.130.0-255,1484,94849,48,277202
9063,0.001237,74.125.130.0-255,2902,97751,48,277202
9064,0.00124,172.31.46.0-255,66,97817,48,277202
9065,0.001247,74.125.130.0-255,5738,103555,48,277202
9066,0.001249,172.31.46.0-255,66,103621,48,277202
9067,0.001273,74.125.130.0-255,4320,107941,48,277202
9068,0.001276,172.31.46.0-255,66,108007,48,277202
9069,0.001305,172.31.46.0-255,66,108073,48,277202
9070,0.001331,74.125.130.0-255,2902,110975,48,277202
9071,0.001333,172.31.46.0-255,66,111041,48,277202
9072,0.001363,172.31.46.0-255,66,111107,48,277202
9073,0.002207,74.125.130.0-255,1484,112591,48,277202
9074,0.002217,74.125.130.0-255,2902,115493,48,277202
9075,0.002221,172.31.46.0-255,66,115559,48,277202
9076,0.002228,74.125.130.0-255,4320,119879,48,277202
9077,0.00223,172.31.46.0-255,66,119945,48,277202
9078,0.002263,74.125.130.0-255,5738,125683,48,277202
9079,0.002265,172.31.46.0-255,66,125749,48,277202
9080,0.002285,74.125.130.0-255,4320,130069,48,277202
9081,0.002288,172.31.46.0-255,66,130135,48,277202
9082,0.002319,74.125.130.0-255,7156,137291,48,277202
9083,0.002321,172.31.46.0-255,66,137357,48,277202
9084,0.002332,172.31.46.0-255,66,137423,48,277202
9085,0.002462,74.125.130.0-255,1484,138907,48,277202
9086,0.002468,74.125.130.0-255,2902,141809,48,277202
9087,0.002471,172.31.46.0-255,66,141875,48,277202
9088,0.002496,74.125.130.0-255,5738,147613,48,277202
9089,0.002499,172.31.46.0-255,66,147679,48,277202
9090,0.002504,74.125.130.0-255,4320,151999,48,277202
9091,0.002507,172.31.46.0-255,66,152065,48,277202
9092,0.002513,74.125.130.0-255,5738,157803,48,277202
9093,0.002515,172.31.46.0-255,66,157869,48,277202
9094,0.002548,172.31.46.0-255,66,157935,48,277202
9095,0.002565,74.125.130.0-255,1484,159419,48,277202
9096,0.00257,74.125.130.0-255,2184,161603,48,277202
9097,0.002572,172.31.46.0-255,66,161669,48,277202
9098,0.002607,74.125.130.0-255,5738,167407,48,277202
9099,0.00261,172.31.46.0-255,66,167473,48,277202
9100,0.00264,172.31.46.0-255,66,167539,48,277202
9101,0.002652,172.31.46.0-255,66,167605,48,277202
9102,0.005251,74.125.130.0-255,4320,171925,48,277202
9103,0.005259,172.31.46.0-255,66,171991,48,277202
9104,0.005278,74.125.130.0-255,1484,173475,48,277202
9105,0.007867,74.125.130.0-255,4320,177795,48,277202
9106,0.007874,172.31.46.0-255,66,177861,48,277202
9107,0.010495,74.125.130.0-255,5738,183599,48,277202
9108,0.010503,172.31.46.0-255,66,183665,48,277202
9109,0.013118,74.125.130.0-255,5738,189403,48,277202
9110,0.013127,172.31.46.0-255,66,189469,48,277202
9111,0.015739,74.125.130.0-255,5738,195207,48,277202
9112,0.015747,172.31.46.0-255,66,195273,48,277202
9113,0.018353,74.125.130.0-255,5738,201011,48,277202
9114,0.018361,172.31.46.0-255,66,201077,48,277202
9115,0.020992,74.125.130.0-255,5738,206815,48,277202
9116,0.021004,172.31.46.0-255,66,206881,48,277202
9117,0.023618,74.125.130.0-255,5738,212619,48,277202
9118,0.023626,172.31.46.0-255,66,212685,48,277202
9119,0.026235,74.125.130.0-255,5738,218423,48,277202
9120,0.026241,172.31.46.0-255,66,218489,48,277202
9121,0.026599,172.31.46.0-255,192,218681,48,277202
9122,0.026631,172.31.46.0-255,1112,219793,48,277202
9123,0.026689,172.31.46.0-255,1514,221307,48,277202
9124,0.026691,172.31.46.0-255,1514,222821,48,277202
9125,0.026695,172.31.46.0-255,1514,224335,48,277202
9126,0.026695,172.31.46.0-255,367,224702,48,277202
9127,0.028157,104.244.42.0-255,66,224768,48,277202
9128,0.028214,104.244.42.0-255,66,224834,48,277202
9129,0.028278,104.244.42.0-255,66,224900,48,277202
9130,0.028282,104.244.42.0-255,66,224966,48,277202
9131,0.02886,74.125.130.0-255,5738,230704,48,277202
9132,0.028865,172.31.46.0-255,66,230770,48,277202
9133,0.031479,74.125.130.0-255,5738,236508,48,277202
9134,0.031486,172.31.46.0-255,66,236574,48,277202
9135,0.034105,74.125.130.0-255,5738,242312,48,277202
9136,0.034112,172.31.46.0-255,66,242378,48,277202
9137,0.036729,74.125.130.0-255,5738,248116,48,277202
9138,0.036736,172.31.46.0-255,66,248182,48,277202
9139,0.039335,74.125.130.0-255,5738,253920,48,277202
9140,0.039342,172.31.46.0-255,66,253986,48,277202
9141,0.042006,74.125.130.0-255,5738,259724,48,277202
9142,0.042013,172.31.46.0-255,66,259790,48,277202
9143,0.044623,74.125.130.0-255,5738,265528,48,277202
9144,0.044632,172.31.46.0-255,66,265594,48,277202
9145,0.047232,74.125.130.0-255,5738,271332,48,277202
9146,0.047238,172.31.46.0-255,66,271398,48,277202
9147,0.04985,74.125.130.0-255,5738,277136,48,277202
9148,0.049856,172.31.46.0-255,66,277202,48,277202
9149,0.0,172.217.24.0-255,150,150,48,304238
9150,1.7e-05,172.31.46.0-255,66,216,48,304238
9151,2.4e-05,172.217.24.0-255,1484,1700,48,304238
9152,2.8e-05,172.31.46.0-255,66,1766,48,304238
9153,3.4e-05,172.217.24.0-255,2902,4668,48,304238
9154,3.8e-05,172.31.46.0-255,66,4734,48,304238
9155,4.1e-05,172.217.24.0-255,1484,6218,48,304238
9156,4.5e-05,172.31.46.0-255,66,6284,48,304238
9157,6.9e-05,172.217.24.0-255,4320,10604,48,304238
9158,7.2e-05,172.31.46.0-255,66,10670,48,304238
9159,7.8e-05,172.217.24.0-255,3402,14072,48,304238
9160,8e-05,172.31.46.0-255,66,14138,48,304238
9161,0.000105,172.217.24.0-255,1484,15622,48,304238
9162,0.000107,172.31.46.0-255,66,15688,48,304238
9163,0.000129,172.217.24.0-255,2902,18590,48,304238
9164,0.000132,172.31.46.0-255,66,18656,48,304238
9165,0.000138,172.217.24.0-255,4320,22976,48,304238
9166,0.00014,172.31.46.0-255,66,23042,48,304238
9167,0.000147,172.217.24.0-255,5738,28780,48,304238
9168,0.000149,172.31.46.0-255,66,28846,48,304238
9169,0.000171,172.217.24.0-255,2543,31389,48,304238
9170,0.000173,172.31.46.0-255,66,31455,48,304238
9171,0.000251,172.217.24.0-255,1484,32939,48,304238
9172,0.000256,172.31.46.0-255,66,33005,48,304238
9173,0.000261,172.217.24.0-255,2902,35907,48,304238
9174,0.000264,172.31.46.0-255,66,35973,48,304238
9175,0.000287,172.217.24.0-255,1484,37457,48,304238
9176,0.00029,172.31.46.0-255,66,37523,48,304238
9177,0.000311,172.217.24.0-255,2902,40425,48,304238
9178,0.000314,172.31.46.0-255,66,40491,48,304238
9179,0.000318,172.217.24.0-255,2902,43393,48,304238
9180,0.00032,172.31.46.0-255,66,43459,48,304238
9181,0.000325,172.217.24.0-255,4320,47779,48,304238
9182,0.000328,172.31.46.0-255,66,47845,48,304238
9183,0.00033,172.217.24.0-255,1125,48970,48,304238
9184,0.000379,172.217.24.0-255,1484,50454,48,304238
9185,0.000382,172.31.46.0-255,66,50520,48,304238
9186,0.000388,172.217.24.0-255,2902,53422,48,304238
9187,0.000391,172.31.46.0-255,66,53488,48,304238
9188,0.000416,172.217.24.0-255,5738,59226,48,304238
9189,0.000419,172.31.46.0-255,66,59292,48,304238
9190,0.000453,172.217.24.0-255,4320,63612,48,304238
9191,0.000456,172.31.46.0-255,66,63678,48,304238
9192,0.000472,172.217.24.0-255,2543,66221,48,304238
9193,0.000475,172.31.46.0-255,66,66287,48,304238
9194,0.000497,172.217.24.0-255,394,66681,48,304238
9195,0.000923,172.217.24.0-255,120,66801,48,304238
9196,0.001046,172.217.24.0-255,1484,68285,48,304238
9197,0.001051,172.31.46.0-255,66,68351,48,304238
9198,0.001057,172.217.24.0-255,2902,71253,48,304238
9199,0.001059,172.31.46.0-255,66,71319,48,304238
9200,0.001064,172.217.24.0-255,2902,74221,48,304238
9201,0.001067,172.31.46.0-255,66,74287,48,304238
9202,0.001088,172.217.24.0-255,2902,77189,48,304238
9203,0.00109,172.31.46.0-255,66,77255,48,304238
9204,0.001098,172.217.24.0-255,6797,84052,48,304238
9205,0.0011,172.31.46.0-255,66,84118,48,304238
9206,0.001141,172.217.24.0-255,5738,89856,48,304238
9207,0.001144,172.31.46.0-255,66,89922,48,304238
9208,0.001164,172.217.24.0-255,1484,91406,48,304238
9209,0.001169,172.217.24.0-255,2902,94308,48,304238
9210,0.001171,172.31.46.0-255,66,94374,48,304238
9211,0.001201,172.217.24.0-255,4320,98694,48,304238
9212,0.001203,172.31.46.0-255,66,98760,48,304238
9213,0.00122,172.217.24.0-255,2803,101563,48,304238
9214,0.001223,172.31.46.0-255,66,101629,48,304238
9215,0.001578,172.217.24.0-255,1484,103113,48,304238
9216,0.001586,172.217.24.0-255,2902,106015,48,304238
9217,0.001591,172.31.46.0-255,66,106081,48,304238
9218,0.001598,172.217.24.0-255,5738,111819,48,304238
9219,0.0016,172.31.46.0-255,66,111885,48,304238
9220,0.001605,172.217.24.0-255,2902,114787,48,304238
9221,0.001607,172.31.46.0-255,66,114853,48,304238
9222,0.001642,172.217.24.0-255,4320,119173,48,304238
9223,0.001645,172.31.46.0-255,66,119239,48,304238
9224,0.001655,172.31.46.0-255,66,119305,48,304238
9225,0.001685,172.217.24.0-255,4320,123625,48,304238
9226,0.001688,172.31.46.0-255,66,123691,48,304238
9227,0.001711,172.217.24.0-255,3602,127293,48,304238
9228,0.001714,172.31.46.0-255,66,127359,48,304238
9229,0.001718,172.217.24.0-255,1484,128843,48,304238
9230,0.001734,172.217.24.0-255,2902,131745,48,304238
9231,0.001736,172.31.46.0-255,66,131811,48,304238
9232,0.001742,172.217.24.0-255,4320,136131,48,304238
9233,0.001745,172.31.46.0-255,66,136197,48,304238
9234,0.001766,172.217.24.0-255,1484,137681,48,304238
9235,0.001779,172.31.46.0-255,66,137747,48,304238
9236,0.001783,172.217.24.0-255,2902,140649,48,304238
9237,0.001785,172.31.46.0-255,66,140715,48,304238
9238,0.00181,172.31.46.0-255,66,140781,48,304238
9239,0.001827,172.217.24.0-255,2184,142965,48,304238
9240,0.001829,172.31.46.0-255,66,143031,48,304238
9241,0.00194,172.217.24.0-255,1484,144515,48,304238
9242,0.001946,172.217.24.0-255,2902,147417,48,304238
9243,0.00195,172.31.46.0-255,66,147483,48,304238
9244,0.001969,172.217.24.0-255,4320,151803,48,304238
9245,0.001971,172.31.46.0-255,66,151869,48,304238
9246,0.001978,172.217.24.0-255,5738,157607,48,304238
9247,0.001981,172.31.46.0-255,66,157673,48,304238
9248,0.002017,172.31.46.0-255,66,157739,48,304238
9249,0.004004,172.217.24.0-255,5738,163477,48,304238
9250,0.004012,172.31.46.0-255,66,163543,48,304238
9251,0.005985,172.217.24.0-255,5738,169281,48,304238
9252,0.005991,172.31.46.0-255,66,169347,48,304238
9253,0.007963,172.217.24.0-255,2902,172249,48,304238
9254,0.007968,172.31.46.0-255,66,172315,48,304238
9255,0.008004,172.217.24.0-255,2902,175217,48,304238
9256,0.008007,172.31.46.0-255,66,175283,48,304238
9257,0.009972,172.217.24.0-255,2902,178185,48,304238
9258,0.009979,172.31.46.0-255,66,178251,48,304238
9259,0.010001,172.217.24.0-255,2902,181153,48,304238
9260,0.010004,172.31.46.0-255,66,181219,48,304238
9261,0.011954,172.217.24.0-255,2902,184121,48,304238
9262,0.011962,172.31.46.0-255,66,184187,48,304238
9263,0.011984,172.217.24.0-255,2902,187089,48,304238
9264,0.011986,172.31.46.0-255,66,187155,48,304238
9265,0.013938,172.217.24.0-255,4320,191475,48,304238
9266,0.013945,172.31.46.0-255,66,191541,48,304238
9267,0.013964,172.217.24.0-255,1484,193025,48,304238
9268,0.015917,172.217.24.0-255,4320,197345,48,304238
9269,0.015925,172.31.46.0-255,66,197411,48,304238
9270,0.017906,172.217.24.0-255,5738,203149,48,304238
9271,0.017914,172.31.46.0-255,66,203215,48,304238
9272,0.019887,172.217.24.0-255,5738,208953,48,304238
9273,0.019895,172.31.46.0-255,66,209019,48,304238
9274,0.021868,172.217.24.0-255,4320,213339,48,304238
9275,0.021875,172.31.46.0-255,66,213405,48,304238
9276,0.021895,172.217.24.0-255,1484,214889,48,304238
9277,0.023846,172.217.24.0-255,4320,219209,48,304238
9278,0.023854,172.31.46.0-255,66,219275,48,304238
9279,0.025837,172.217.24.0-255,2902,222177,48,304238
9280,0.025844,172.31.46.0-255,66,222243,48,304238
9281,0.025865,172.217.24.0-255,2902,225145,48,304238
9282,0.025868,172.31.46.0-255,66,225211,48,304238
9283,0.027813,172.217.24.0-255,2902,228113,48,304238
9284,0.027821,172.31.46.0-255,66,228179,48,304238
9285,0.027848,172.217.24.0-255,2902,231081,48,304238
9286,0.02785,172.31.46.0-255,66,231147,48,304238
9287,0.028439,172.31.46.0-255,172,231319,48,304238
9288,0.028472,172.31.46.0-255,1112,232431,48,304238
9289,0.028541,172.31.46.0-255,1514,233945,48,304238
9290,0.028543,172.31.46.0-255,1514,235459,48,304238
9291,0.028544,172.31.46.0-255,1514,236973,48,304238
9292,0.028545,172.31.46.0-255,1514,238487,48,304238
9293,0.028546,172.31.46.0-255,545,239032,48,304238
9294,0.029806,172.217.24.0-255,2902,241934,48,304238
9295,0.029813,172.31.46.0-255,66,242000,48,304238
9296,0.029834,172.217.24.0-255,2902,244902,48,304238
9297,0.029837,172.31.46.0-255,66,244968,48,304238
9298,0.029995,104.244.42.0-255,66,245034,48,304238
9299,0.03005,104.244.42.0-255,66,245100,48,304238
9300,0.030124,104.244.42.0-255,66,245166,48,304238
9301,0.030157,104.244.42.0-255,66,245232,48,304238
9302,0.031474,104.244.42.0-255,108,245340,48,304238
9303,0.031484,172.31.46.0-255,66,245406,48,304238
9304,0.031786,172.217.24.0-255,2902,248308,48,304238
9305,0.031791,172.31.46.0-255,66,248374,48,304238
9306,0.03182,172.217.24.0-255,2902,251276,48,304238
9307,0.031823,172.31.46.0-255,66,251342,48,304238
9308,0.033758,172.217.24.0-255,2902,254244,48,304238
9309,0.033765,172.31.46.0-255,66,254310,48,304238
9310,0.033786,172.217.24.0-255,2902,257212,48,304238
9311,0.033789,172.31.46.0-255,66,257278,48,304238
9312,0.035731,172.217.24.0-255,2902,260180,48,304238
9313,0.035738,172.31.46.0-255,66,260246,48,304238
9314,0.03576,172.217.24.0-255,2902,263148,48,304238
9315,0.035763,172.31.46.0-255,66,263214,48,304238
9316,0.037715,172.217.24.0-255,2902,266116,48,304238
9317,0.037725,172.31.46.0-255,66,266182,48,304238
9318,0.037746,172.217.24.0-255,2902,269084,48,304238
9319,0.03775,172.31.46.0-255,66,269150,48,304238
9320,0.039717,172.217.24.0-255,2902,272052,48,304238
9321,0.039723,172.31.46.0-255,66,272118,48,304238
9322,0.039748,172.217.24.0-255,2902,275020,48,304238
9323,0.039751,172.31.46.0-255,66,275086,48,304238
9324,0.041698,172.217.24.0-255,2902,277988,48,304238
9325,0.041704,172.31.46.0-255,66,278054,48,304238
9326,0.041728,172.217.24.0-255,2902,280956,48,304238
9327,0.041731,172.31.46.0-255,66,281022,48,304238
9328,0.043688,172.217.24.0-255,5738,286760,48,304238
9329,0.043695,172.31.46.0-255,66,286826,48,304238
9330,0.045708,172.217.24.0-255,5738,292564,48,304238
9331,0.045715,172.31.46.0-255,66,292630,48,304238
9332,0.047686,172.217.24.0-255,5738,298368,48,304238
9333,0.047693,172.31.46.0-255,66,298434,48,304238
9334,0.049664,172.217.24.0-255,5738,304172,48,304238
9335,0.049671,172.31.46.0-255,66,304238,48,304238
9336,0.0,74.125.24.0-255,153,153,48,218141
9337,1.8e-05,74.125.24.0-255,1484,1637,48,218141
9338,2.7e-05,172.31.46.0-255,66,1703,48,218141
9339,3.6e-05,74.125.24.0-255,2902,4605,48,218141
9340,4e-05,172.31.46.0-255,66,4671,48,218141
9341,5.5e-05,74.125.24.0-255,7156,11827,48,218141
9342,5.8e-05,172.31.46.0-255,66,11893,48,218141
9343,6.2e-05,74.125.24.0-255,2091,13984,48,218141
9344,0.000175,74.125.24.0-255,7156,21140,48,218141
9345,0.000188,74.125.24.0-255,2184,23324,48,218141
9346,0.000231,172.31.46.0-255,66,23390,48,218141
9347,0.000355,74.125.24.0-255,1484,24874,48,218141
9348,0.000362,74.125.24.0-255,2902,27776,48,218141
9349,0.000384,74.125.24.0-255,5738,33514,48,218141
9350,0.000415,74.125.24.0-255,5738,39252,48,218141
9351,0.000425,74.125.24.0-255,1464,40716,48,218141
9352,0.000472,74.125.24.0-255,1484,42200,48,218141
9353,0.000481,172.31.46.0-255,66,42266,48,218141
9354,0.000498,74.125.24.0-255,2902,45168,48,218141
9355,0.000505,74.125.24.0-255,5738,50906,48,218141
9356,0.000509,74.125.24.0-255,2902,53808,48,218141
9357,0.000524,74.125.24.0-255,4320,58128,48,218141
9358,0.000543,74.125.24.0-255,2902,61030,48,218141
9359,0.000571,172.31.46.0-255,66,61096,48,218141
9360,0.00058,74.125.24.0-255,1484,62580,48,218141
9361,0.000588,74.125.24.0-255,2184,64764,48,218141
9362,0.000608,172.31.46.0-255,66,64830,48,218141
9363,0.000651,74.125.24.0-255,1484,66314,48,218141
9364,0.000655,74.125.24.0-255,1484,67798,48,218141
9365,0.00067,74.125.24.0-255,1484,69282,48,218141
9366,0.000675,74.125.24.0-255,4320,73602,48,218141
9367,0.000679,172.31.46.0-255,66,73668,48,218141
9368,0.000684,172.31.46.0-255,66,73734,48,218141
9369,0.000692,74.125.24.0-255,1484,75218,48,218141
9370,0.000711,74.125.24.0-255,1484,76702,48,218141
9371,0.00076,172.31.46.0-255,66,76768,48,218141
9372,0.000784,74.125.24.0-255,1484,78252,48,218141
9373,0.000801,74.125.24.0-255,2902,81154,48,218141
9374,0.000814,172.31.46.0-255,66,81220,48,218141
9375,0.000831,74.125.24.0-255,5738,86958,48,218141
9376,0.000855,74.125.24.0-255,4320,91278,48,218141
9377,0.000872,74.125.24.0-255,7156,98434,48,218141
9378,0.000884,74.125.24.0-255,3602,102036,48,218141
9379,0.000893,172.31.46.0-255,66,102102,48,218141
9380,0.001045,74.125.24.0-255,1484,103586,48,218141
9381,0.001066,74.125.24.0-255,2902,106488,48,218141
9382,0.001069,74.125.24.0-255,1484,107972,48,218141
9383,0.001086,74.125.24.0-255,4320,112292,48,218141
9384,0.001089,74.125.24.0-255,1484,113776,48,218141
9385,0.001096,74.125.24.0-255,7156,120932,48,218141
9386,0.001099,172.31.46.0-255,66,120998,48,218141
9387,0.001106,74.125.24.0-255,1484,122482,48,218141
9388,0.001114,172.31.46.0-255,66,122548,48,218141
9389,0.0012,74.125.24.0-255,1484,124032,48,218141
9390,0.001204,74.125.24.0-255,2902,126934,48,218141
9391,0.00121,74.125.24.0-255,5738,132672,48,218141
9392,0.001216,172.31.46.0-255,66,132738,48,218141
9393,0.001264,172.31.46.0-255,66,132804,48,218141
9394,0.00132,172.31.46.0-255,66,132870,48,218141
9395,0.001359,74.125.24.0-255,1484,134354,48,218141
9396,0.001374,74.125.24.0-255,2902,137256,48,218141
9397,0.001378,74.125.24.0-255,1484,138740,48,218141
9398,0.001396,74.125.24.0-255,4320,143060,48,218141
9399,0.001402,172.31.46.0-255,66,143126,48,218141
9400,0.001419,74.125.24.0-255,4320,147446,48,218141
9401,0.001466,172.31.46.0-255,66,147512,48,218141
9402,0.001494,74.125.24.0-255,2184,149696,48,218141
9403,0.001517,172.31.46.0-255,66,149762,48,218141
9404,0.001583,74.125.24.0-255,1484,151246,48,218141
9405,0.001596,74.125.24.0-255,2902,154148,48,218141
9406,0.001609,74.125.24.0-255,2902,157050,48,218141
9407,0.00162,74.125.24.0-255,2902,159952,48,218141
9408,0.001637,74.125.24.0-255,4320,164272,48,218141
9409,0.001641,172.31.46.0-255,66,164338,48,218141
9410,0.001652,74.125.24.0-255,5738,170076,48,218141
9411,0.001672,74.125.24.0-255,2902,172978,48,218141
9412,0.001675,172.31.46.0-255,66,173044,48,218141
9413,0.001688,74.125.24.0-255,4320,177364,48,218141
9414,0.001709,74.125.24.0-255,6438,183802,48,218141
9415,0.001725,172.31.46.0-255,66,183868,48,218141
9416,0.001778,74.125.24.0-255,1484,185352,48,218141
9417,0.001798,74.125.24.0-255,2902,188254,48,218141
9418,0.001812,74.125.24.0-255,5738,193992,48,218141
9419,0.001823,74.125.24.0-255,1484,195476,48,218141
9420,0.001826,172.31.46.0-255,66,195542,48,218141
9421,0.001858,74.125.24.0-255,7156,202698,48,218141
9422,0.00188,172.31.46.0-255,66,202764,48,218141
9423,0.001927,172.31.46.0-255,66,202830,48,218141
9424,0.001962,74.125.24.0-255,2902,205732,48,218141
9425,0.001969,172.31.46.0-255,66,205798,48,218141
9426,0.002066,172.31.46.0-255,66,205864,48,218141
9427,0.002071,172.31.46.0-255,66,205930,48,218141
9428,0.002325,74.125.24.0-255,1484,207414,48,218141
9429,0.002331,74.125.24.0-255,2902,210316,48,218141
9430,0.002339,172.31.46.0-255,66,210382,48,218141
9431,0.002368,74.125.24.0-255,777,211159,48,218141
9432,0.0024,74.125.24.0-255,105,211264,48,218141
9433,0.010754,172.31.46.0-255,66,211330,48,218141
9434,0.010795,172.31.46.0-255,105,211435,48,218141
9435,0.012559,74.125.24.0-255,105,211540,48,218141
9436,0.012571,172.31.46.0-255,78,211618,48,218141
9437,0.013038,74.125.24.0-255,66,211684,48,218141
9438,0.031575,172.31.46.0-255,172,211856,48,218141
9439,0.031606,172.31.46.0-255,1108,212964,48,218141
9440,0.031665,172.31.46.0-255,1514,214478,48,218141
9441,0.031666,172.31.46.0-255,1514,215992,48,218141
9442,0.031668,172.31.46.0-255,1514,217506,48,218141
9443,0.031669,172.31.46.0-255,371,217877,48,218141
9444,0.033151,104.244.42.0-255,66,217943,48,218141
9445,0.033161,104.244.42.0-255,66,218009,48,218141
9446,0.033276,104.244.42.0-255,66,218075,48,218141
9447,0.033303,104.244.42.0-255,66,218141,48,218141
9448,0.0,172.31.46.0-255,105,105,48,459
9449,0.000256,172.31.46.0-255,90,195,48,459
9450,0.000268,172.31.46.0-255,66,261,48,459
9451,0.002601,74.125.200.0-255,66,327,48,459
9452,0.002641,74.125.200.0-255,66,393,48,459
9453,0.002668,172.31.46.0-255,66,459,48,459
9454,0.0,172.217.194.0-255,153,153,48,254334
9455,1.3e-05,172.31.46.0-255,66,219,48,254334
9456,2e-05,172.217.194.0-255,1484,1703,48,254334
9457,2.4e-05,172.31.46.0-255,66,1769,48,254334
9458,3e-05,172.217.194.0-255,2902,4671,48,254334
9459,3.9e-05,172.31.46.0-255,66,4737,48,254334
9460,4.7e-05,172.217.194.0-255,7156,11893,48,254334
9461,5e-05,172.31.46.0-255,66,11959,48,254334
9462,5.4e-05,172.217.194.0-255,2102,14061,48,254334
9463,5.7e-05,172.31.46.0-255,66,14127,48,254334
9464,0.000101,172.217.194.0-255,1484,15611,48,254334
9465,0.000104,172.31.46.0-255,66,15677,48,254334
9466,0.000108,172.217.194.0-255,1484,17161,48,254334
9467,0.00011,172.31.46.0-255,66,17227,48,254334
9468,0.000146,172.217.194.0-255,1484,18711,48,254334
9469,0.000148,172.31.46.0-255,66,18777,48,254334
9470,0.000155,172.217.194.0-255,5738,24515,48,254334
9471,0.000158,172.31.46.0-255,66,24581,48,254334
9472,0.000165,172.217.194.0-255,6797,31378,48,254334
9473,0.000167,172.31.46.0-255,66,31444,48,254334
9474,0.0006,172.217.194.0-255,1484,32928,48,254334
9475,0.000605,172.31.46.0-255,66,32994,48,254334
9476,0.000611,172.217.194.0-255,2902,35896,48,254334
9477,0.000613,172.31.46.0-255,66,35962,48,254334
9478,0.000621,172.217.194.0-255,5738,41700,48,254334
9479,0.000627,172.31.46.0-255,66,41766,48,254334
9480,0.000632,172.217.194.0-255,2902,44668,48,254334
9481,0.000633,172.31.46.0-255,66,44734,48,254334
9482,0.000671,172.31.46.0-255,66,44800,48,254334
9483,0.000683,172.31.46.0-255,66,44866,48,254334
9484,0.000722,172.217.194.0-255,677,45543,48,254334
9485,0.000868,172.217.194.0-255,1484,47027,48,254334
9486,0.000872,172.31.46.0-255,66,47093,48,254334
9487,0.000877,172.217.194.0-255,2902,49995,48,254334
9488,0.000879,172.31.46.0-255,66,50061,48,254334
9489,0.000911,172.217.194.0-255,5738,55799,48,254334
9490,0.000914,172.31.46.0-255,66,55865,48,254334
9491,0.000917,172.217.194.0-255,1484,57349,48,254334
9492,0.000949,172.217.194.0-255,4320,61669,48,254334
9493,0.000951,172.31.46.0-255,66,61735,48,254334
9494,0.000959,172.217.194.0-255,7156,68891,48,254334
9495,0.000961,172.31.46.0-255,66,68957,48,254334
9496,0.000984,172.217.194.0-255,5738,74695,48,254334
9497,0.000987,172.31.46.0-255,66,74761,48,254334
9498,0.000994,172.217.194.0-255,5020,79781,48,254334
9499,0.000997,172.31.46.0-255,66,79847,48,254334
9500,0.001109,172.217.194.0-255,1484,81331,48,254334
9501,0.001115,172.217.194.0-255,2902,84233,48,254334
9502,0.001119,172.31.46.0-255,66,84299,48,254334
9503,0.001148,172.217.194.0-255,5738,90037,48,254334
9504,0.001151,172.31.46.0-255,66,90103,48,254334
9505,0.001154,172.217.194.0-255,1484,91587,48,254334
9506,0.001195,172.31.46.0-255,66,91653,48,254334
9507,0.001211,172.31.46.0-255,66,91719,48,254334
9508,0.00124,172.217.194.0-255,1484,93203,48,254334
9509,0.001246,172.217.194.0-255,2902,96105,48,254334
9510,0.001248,172.31.46.0-255,66,96171,48,254334
9511,0.00127,172.217.194.0-255,1484,97655,48,254334
9512,0.001292,172.217.194.0-255,4320,101975,48,254334
9513,0.001294,172.31.46.0-255,66,102041,48,254334
9514,0.001298,172.217.194.0-255,1484,103525,48,254334
9515,0.00135,172.217.194.0-255,4320,107845,48,254334
9516,0.001353,172.31.46.0-255,66,107911,48,254334
9517,0.001373,172.217.194.0-255,4320,112231,48,254334
9518,0.001376,172.31.46.0-255,66,112297,48,254334
9519,0.001391,172.31.46.0-255,66,112363,48,254334
9520,0.001424,172.217.194.0-255,1484,113847,48,254334
9521,0.001437,172.217.194.0-255,2902,116749,48,254334
9522,0.00144,172.31.46.0-255,66,116815,48,254334
9523,0.001443,172.217.194.0-255,1484,118299,48,254334
9524,0.00147,172.217.194.0-255,4320,122619,48,254334
9525,0.001473,172.31.46.0-255,66,122685,48,254334
9526,0.001478,172.217.194.0-255,2902,125587,48,254334
9527,0.00148,172.31.46.0-255,66,125653,48,254334
9528,0.001513,172.31.46.0-255,66,125719,48,254334
9529,0.001516,172.217.194.0-255,1484,127203,48,254334
9530,0.001548,172.31.46.0-255,66,127269,48,254334
9531,0.001562,172.217.194.0-255,5020,132289,48,254334
9532,0.001564,172.31.46.0-255,66,132355,48,254334
9533,0.001584,172.31.46.0-255,66,132421,48,254334
9534,0.001611,172.217.194.0-255,2902,135323,48,254334
9535,0.001614,172.31.46.0-255,66,135389,48,254334
9536,0.001627,172.31.46.0-255,66,135455,48,254334
9537,0.00163,172.217.194.0-255,1484,136939,48,254334
9538,0.00167,172.217.194.0-255,5738,142677,48,254334
9539,0.001673,172.31.46.0-255,66,142743,48,254334
9540,0.001685,172.31.46.0-255,66,142809,48,254334
9541,0.001707,172.31.46.0-255,66,142875,48,254334
9542,0.00171,172.217.194.0-255,766,143641,48,254334
9543,0.001939,172.217.194.0-255,1484,145125,48,254334
9544,0.001944,172.31.46.0-255,66,145191,48,254334
9545,0.001948,172.217.194.0-255,1484,146675,48,254334
9546,0.001978,172.217.194.0-255,1484,148159,48,254334
9547,0.001982,172.31.46.0-255,66,148225,48,254334
9548,0.00199,172.217.194.0-255,5738,153963,48,254334
9549,0.001992,172.31.46.0-255,66,154029,48,254334
9550,0.001996,172.217.194.0-255,1484,155513,48,254334
9551,0.002054,172.31.46.0-255,66,155579,48,254334
9552,0.002058,172.31.46.0-255,66,155645,48,254334
9553,0.002063,172.217.194.0-255,3602,159247,48,254334
9554,0.002065,172.31.46.0-255,66,159313,48,254334
9555,0.002132,172.217.194.0-255,1484,160797,48,254334
9556,0.00215,172.217.194.0-255,2902,163699,48,254334
9557,0.002153,172.31.46.0-255,66,163765,48,254334
9558,0.002174,172.217.194.0-255,4320,168085,48,254334
9559,0.002176,172.31.46.0-255,66,168151,48,254334
9560,0.002193,172.217.194.0-255,1484,169635,48,254334
9561,0.002211,172.31.46.0-255,66,169701,48,254334
9562,0.002222,172.31.46.0-255,66,169767,48,254334
9563,0.002277,172.217.194.0-255,2184,171951,48,254334
9564,0.00228,172.31.46.0-255,66,172017,48,254334
9565,0.004593,172.217.194.0-255,2902,174919,48,254334
9566,0.004599,172.31.46.0-255,66,174985,48,254334
9567,0.004632,172.217.194.0-255,2902,177887,48,254334
9568,0.004635,172.31.46.0-255,66,177953,48,254334
9569,0.006914,172.217.194.0-255,2902,180855,48,254334
9570,0.006921,172.31.46.0-255,66,180921,48,254334
9571,0.006954,172.217.194.0-255,2902,183823,48,254334
9572,0.006957,172.31.46.0-255,66,183889,48,254334
9573,0.009226,172.217.194.0-255,2902,186791,48,254334
9574,0.009229,172.31.46.0-255,66,186857,48,254334
9575,0.009264,172.217.194.0-255,2902,189759,48,254334
9576,0.009266,172.31.46.0-255,66,189825,48,254334
9577,0.011589,172.217.194.0-255,5738,195563,48,254334
9578,0.011596,172.31.46.0-255,66,195629,48,254334
9579,0.013961,172.217.194.0-255,5738,201367,48,254334
9580,0.013969,172.31.46.0-255,66,201433,48,254334
9581,0.016288,172.217.194.0-255,5738,207171,48,254334
9582,0.016297,172.31.46.0-255,66,207237,48,254334
9583,0.018666,172.217.194.0-255,2902,210139,48,254334
9584,0.018673,172.31.46.0-255,66,210205,48,254334
9585,0.018697,172.217.194.0-255,2902,213107,48,254334
9586,0.0187,172.31.46.0-255,66,213173,48,254334
9587,0.021036,172.217.194.0-255,5738,218911,48,254334
9588,0.021045,172.31.46.0-255,66,218977,48,254334
9589,0.023398,172.217.194.0-255,5738,224715,48,254334
9590,0.023405,172.31.46.0-255,66,224781,48,254334
9591,0.025801,172.217.194.0-255,5738,230519,48,254334
9592,0.025807,172.31.46.0-255,66,230585,48,254334
9593,0.028163,172.217.194.0-255,2902,233487,48,254334
9594,0.028171,172.31.46.0-255,66,233553,48,254334
9595,0.0282,172.217.194.0-255,2902,236455,48,254334
9596,0.028203,172.31.46.0-255,66,236521,48,254334
9597,0.030531,172.217.194.0-255,2902,239423,48,254334
9598,0.030538,172.31.46.0-255,66,239489,48,254334
9599,0.03057,172.217.194.0-255,2902,242391,48,254334
9600,0.030573,172.31.46.0-255,66,242457,48,254334
9601,0.032939,172.217.194.0-255,3115,245572,48,254334
9602,0.032947,172.31.46.0-255,66,245638,48,254334
9603,0.033123,172.31.46.0-255,105,245743,48,254334
9604,0.034944,172.31.46.0-255,172,245915,48,254334
9605,0.034974,172.31.46.0-255,1107,247022,48,254334
9606,0.035043,172.31.46.0-255,1514,248536,48,254334
9607,0.035045,172.31.46.0-255,1514,250050,48,254334
9608,0.035049,172.31.46.0-255,1514,251564,48,254334
9609,0.035051,172.31.46.0-255,1514,253078,48,254334
9610,0.035068,172.31.46.0-255,926,254004,48,254334
9611,0.035524,172.217.194.0-255,66,254070,48,254334
9612,0.036543,104.244.42.0-255,66,254136,48,254334
9613,0.036578,104.244.42.0-255,66,254202,48,254334
9614,0.036641,104.244.42.0-255,66,254268,48,254334
9615,0.036655,104.244.42.0-255,66,254334,48,254334
9616,0.0,74.125.24.0-255,153,153,48,201394
9617,2.3e-05,172.31.46.0-255,66,219,48,201394
9618,3e-05,74.125.24.0-255,1484,1703,48,201394
9619,3.5e-05,172.31.46.0-255,66,1769,48,201394
9620,4.8e-05,74.125.24.0-255,2902,4671,48,201394
9621,5.2e-05,172.31.46.0-255,66,4737,48,201394
9622,6e-05,74.125.24.0-255,7156,11893,48,201394
9623,6.4e-05,172.31.46.0-255,66,11959,48,201394
9624,6.8e-05,74.125.24.0-255,2104,14063,48,201394
9625,7.1e-05,172.31.46.0-255,66,14129,48,201394
9626,0.000115,74.125.24.0-255,1484,15613,48,201394
9627,0.000117,172.31.46.0-255,66,15679,48,201394
9628,0.000123,74.125.24.0-255,2902,18581,48,201394
9629,0.000125,172.31.46.0-255,66,18647,48,201394
9630,0.000156,74.125.24.0-255,5738,24385,48,201394
9631,0.000159,172.31.46.0-255,66,24451,48,201394
9632,0.000176,74.125.24.0-255,2902,27353,48,201394
9633,0.000178,172.31.46.0-255,66,27419,48,201394
9634,0.000207,74.125.24.0-255,3961,31380,48,201394
9635,0.00021,172.31.46.0-255,66,31446,48,201394
9636,0.000258,74.125.24.0-255,1484,32930,48,201394
9637,0.00026,172.31.46.0-255,66,32996,48,201394
9638,0.000265,74.125.24.0-255,2902,35898,48,201394
9639,0.000267,172.31.46.0-255,66,35964,48,201394
9640,0.000301,74.125.24.0-255,5738,41702,48,201394
9641,0.000304,172.31.46.0-255,66,41768,48,201394
9642,0.000307,74.125.24.0-255,1484,43252,48,201394
9643,0.000309,172.31.46.0-255,66,43318,48,201394
9644,0.00034,172.31.46.0-255,66,43384,48,201394
9645,0.00035,172.31.46.0-255,66,43450,48,201394
9646,0.000375,74.125.24.0-255,1398,44848,48,201394
9647,0.000565,74.125.24.0-255,381,45229,48,201394
9648,0.000571,172.31.46.0-255,66,45295,48,201394
9649,0.000682,74.125.24.0-255,1484,46779,48,201394
9650,0.000688,74.125.24.0-255,2902,49681,48,201394
9651,0.000692,172.31.46.0-255,66,49747,48,201394
9652,0.000698,74.125.24.0-255,5738,55485,48,201394
9653,0.0007,172.31.46.0-255,66,55551,48,201394
9654,0.000756,172.31.46.0-255,66,55617,48,201394
9655,0.000772,172.31.46.0-255,66,55683,48,201394
9656,0.001053,74.125.24.0-255,1484,57167,48,201394
9657,0.00106,74.125.24.0-255,2902,60069,48,201394
9658,0.001063,172.31.46.0-255,66,60135,48,201394
9659,0.001067,74.125.24.0-255,1484,61619,48,201394
9660,0.001085,74.125.24.0-255,4320,65939,48,201394
9661,0.001088,172.31.46.0-255,66,66005,48,201394
9662,0.001093,74.125.24.0-255,2902,68907,48,201394
9663,0.001095,172.31.46.0-255,66,68973,48,201394
9664,0.001135,74.125.24.0-255,1484,70457,48,201394
9665,0.001141,172.31.46.0-255,66,70523,48,201394
9666,0.001154,74.125.24.0-255,2902,73425,48,201394
9667,0.00116,172.31.46.0-255,66,73491,48,201394
9668,0.00119,74.125.24.0-255,6438,79929,48,201394
9669,0.001193,172.31.46.0-255,66,79995,48,201394
9670,0.001323,74.125.24.0-255,1484,81479,48,201394
9671,0.001338,74.125.24.0-255,2902,84381,48,201394
9672,0.001341,172.31.46.0-255,66,84447,48,201394
9673,0.001371,74.125.24.0-255,5738,90185,48,201394
9674,0.001374,172.31.46.0-255,66,90251,48,201394
9675,0.001415,172.31.46.0-255,66,90317,48,201394
9676,0.001483,172.31.46.0-255,66,90383,48,201394
9677,0.00162,74.125.24.0-255,1484,91867,48,201394
9678,0.001639,74.125.24.0-255,2902,94769,48,201394
9679,0.001642,172.31.46.0-255,66,94835,48,201394
9680,0.001649,74.125.24.0-255,5738,100573,48,201394
9681,0.001651,172.31.46.0-255,66,100639,48,201394
9682,0.001711,172.31.46.0-255,66,100705,48,201394
9683,0.001725,172.31.46.0-255,66,100771,48,201394
9684,0.002187,74.125.24.0-255,1484,102255,48,201394
9685,0.002191,74.125.24.0-255,1484,103739,48,201394
9686,0.002195,172.31.46.0-255,66,103805,48,201394
9687,0.002226,74.125.24.0-255,1484,105289,48,201394
9688,0.002233,74.125.24.0-255,5738,111027,48,201394
9689,0.002236,172.31.46.0-255,66,111093,48,201394
9690,0.002248,172.31.46.0-255,66,111159,48,201394
9691,0.002282,74.125.24.0-255,2902,114061,48,201394
9692,0.002284,172.31.46.0-255,66,114127,48,201394
9693,0.002294,172.31.46.0-255,66,114193,48,201394
9694,0.002327,172.31.46.0-255,66,114259,48,201394
9695,0.002355,74.125.24.0-255,4320,118579,48,201394
9696,0.002357,172.31.46.0-255,66,118645,48,201394
9697,0.002403,172.31.46.0-255,66,118711,48,201394
9698,0.00242,172.31.46.0-255,66,118777,48,201394
9699,0.002516,74.125.24.0-255,1484,120261,48,201394
9700,0.002521,74.125.24.0-255,2902,123163,48,201394
9701,0.002524,172.31.46.0-255,66,123229,48,201394
9702,0.002531,74.125.24.0-255,5738,128967,48,201394
9703,0.002534,172.31.46.0-255,66,129033,48,201394
9704,0.002543,74.125.24.0-255,2902,131935,48,201394
9705,0.002546,172.31.46.0-255,66,132001,48,201394
9706,0.002593,172.31.46.0-255,66,132067,48,201394
9707,0.002604,172.31.46.0-255,66,132133,48,201394
9708,0.002608,74.125.24.0-255,2184,134317,48,201394
9709,0.002611,172.31.46.0-255,66,134383,48,201394
9710,0.003114,74.125.24.0-255,1484,135867,48,201394
9711,0.003135,74.125.24.0-255,2902,138769,48,201394
9712,0.003139,172.31.46.0-255,66,138835,48,201394
9713,0.003143,74.125.24.0-255,1484,140319,48,201394
9714,0.00317,74.125.24.0-255,4320,144639,48,201394
9715,0.003173,172.31.46.0-255,66,144705,48,201394
9716,0.00318,74.125.24.0-255,7156,151861,48,201394
9717,0.003183,172.31.46.0-255,66,151927,48,201394
9718,0.003222,172.31.46.0-255,66,151993,48,201394
9719,0.003254,74.125.24.0-255,4320,156313,48,201394
9720,0.003257,172.31.46.0-255,66,156379,48,201394
9721,0.003262,74.125.24.0-255,2184,158563,48,201394
9722,0.003265,172.31.46.0-255,66,158629,48,201394
9723,0.00328,172.31.46.0-255,66,158695,48,201394
9724,0.003283,74.125.24.0-255,1484,160179,48,201394
9725,0.003362,172.31.46.0-255,66,160245,48,201394
9726,0.003365,74.125.24.0-255,1484,161729,48,201394
9727,0.003372,74.125.24.0-255,7156,168885,48,201394
9728,0.003375,172.31.46.0-255,66,168951,48,201394
9729,0.003377,74.125.24.0-255,1484,170435,48,201394
9730,0.003382,74.125.24.0-255,2184,172619,48,201394
9731,0.003384,172.31.46.0-255,66,172685,48,201394
9732,0.003494,74.125.24.0-255,1484,174169,48,201394
9733,0.003514,74.125.24.0-255,2902,177071,48,201394
9734,0.003519,172.31.46.0-255,66,177137,48,201394
9735,0.003525,74.125.24.0-255,4320,181457,48,201394
9736,0.003527,172.31.46.0-255,66,181523,48,201394
9737,0.003554,74.125.24.0-255,5738,187261,48,201394
9738,0.003556,172.31.46.0-255,66,187327,48,201394
9739,0.003582,74.125.24.0-255,2902,190229,48,201394
9740,0.003585,172.31.46.0-255,66,190295,48,201394
9741,0.003614,172.31.46.0-255,66,190361,48,201394
9742,0.00364,74.125.24.0-255,766,191127,48,201394
9743,0.003674,74.125.24.0-255,1484,192611,48,201394
9744,0.003677,172.31.46.0-255,66,192677,48,201394
9745,0.003681,74.125.24.0-255,1484,194161,48,201394
9746,0.003702,74.125.24.0-255,1484,195645,48,201394
9747,0.003704,172.31.46.0-255,66,195711,48,201394
9748,0.003708,74.125.24.0-255,163,195874,48,201394
9749,0.003739,74.125.24.0-255,105,195979,48,201394
9750,0.011761,172.31.46.0-255,66,196045,48,201394
9751,0.011809,172.31.46.0-255,105,196150,48,201394
9752,0.014374,74.125.24.0-255,66,196216,48,201394
9753,0.036287,172.31.46.0-255,172,196388,48,201394
9754,0.036321,172.31.46.0-255,1107,197495,48,201394
9755,0.036374,172.31.46.0-255,1514,199009,48,201394
9756,0.036376,172.31.46.0-255,1514,200523,48,201394
9757,0.036383,172.31.46.0-255,607,201130,48,201394
9758,0.037861,104.244.42.0-255,66,201196,48,201394
9759,0.0379,104.244.42.0-255,66,201262,48,201394
9760,0.037945,104.244.42.0-255,66,201328,48,201394
9761,0.037949,104.244.42.0-255,66,201394,48,201394
9762,0.0,74.125.24.0-255,297,297,48,246364
9763,2.3e-05,172.31.46.0-255,66,363,48,246364
9764,2.9e-05,74.125.24.0-255,1484,1847,48,246364
9765,3.4e-05,172.31.46.0-255,66,1913,48,246364
9766,6.4e-05,74.125.24.0-255,4320,6233,48,246364
9767,6.7e-05,172.31.46.0-255,66,6299,48,246364
9768,7.3e-05,74.125.24.0-255,5738,12037,48,246364
9769,7.6e-05,172.31.46.0-255,66,12103,48,246364
9770,0.000111,74.125.24.0-255,6094,18197,48,246364
9771,0.000113,172.31.46.0-255,66,18263,48,246364
9772,0.000146,74.125.24.0-255,7156,25419,48,246364
9773,0.000149,172.31.46.0-255,66,25485,48,246364
9774,0.000156,74.125.24.0-255,5379,30864,48,246364
9775,0.000159,172.31.46.0-255,66,30930,48,246364
9776,0.000253,74.125.24.0-255,1484,32414,48,246364
9777,0.000257,172.31.46.0-255,66,32480,48,246364
9778,0.000263,74.125.24.0-255,2902,35382,48,246364
9779,0.000266,172.31.46.0-255,66,35448,48,246364
9780,0.000292,74.125.24.0-255,5738,41186,48,246364
9781,0.000295,172.31.46.0-255,66,41252,48,246364
9782,0.000321,74.125.24.0-255,4320,45572,48,246364
9783,0.000323,172.31.46.0-255,66,45638,48,246364
9784,0.000352,74.125.24.0-255,7156,52794,48,246364
9785,0.000354,172.31.46.0-255,66,52860,48,246364
9786,0.000387,172.31.46.0-255,66,52926,48,246364
9787,0.000411,74.125.24.0-255,3602,56528,48,246364
9788,0.000413,172.31.46.0-255,66,56594,48,246364
9789,0.000862,74.125.24.0-255,400,56994,48,246364
9790,0.000868,172.31.46.0-255,66,57060,48,246364
9791,0.000895,74.125.24.0-255,109,57169,48,246364
9792,0.0009,172.31.46.0-255,66,57235,48,246364
9793,0.001035,74.125.24.0-255,331,57566,48,246364
9794,0.001084,74.125.24.0-255,1484,59050,48,246364
9795,0.001088,172.31.46.0-255,66,59116,48,246364
9796,0.001095,74.125.24.0-255,4320,63436,48,246364
9797,0.001097,172.31.46.0-255,66,63502,48,246364
9798,0.001136,172.31.46.0-255,66,63568,48,246364
9799,0.001139,74.125.24.0-255,1484,65052,48,246364
9800,0.001174,172.31.46.0-255,66,65118,48,246364
9801,0.001204,74.125.24.0-255,5020,70138,48,246364
9802,0.001207,172.31.46.0-255,66,70204,48,246364
9803,0.001486,74.125.24.0-255,1484,71688,48,246364
9804,0.001493,74.125.24.0-255,2902,74590,48,246364
9805,0.001497,172.31.46.0-255,66,74656,48,246364
9806,0.001531,74.125.24.0-255,5738,80394,48,246364
9807,0.001534,172.31.46.0-255,66,80460,48,246364
9808,0.001541,74.125.24.0-255,5738,86198,48,246364
9809,0.001543,172.31.46.0-255,66,86264,48,246364
9810,0.001585,172.31.46.0-255,66,86330,48,246364
9811,0.001609,74.125.24.0-255,2902,89232,48,246364
9812,0.001618,74.125.24.0-255,5020,94252,48,246364
9813,0.001622,172.31.46.0-255,66,94318,48,246364
9814,0.001625,172.31.46.0-255,66,94384,48,246364
9815,0.001713,74.125.24.0-255,1484,95868,48,246364
9816,0.00173,74.125.24.0-255,2902,98770,48,246364
9817,0.001733,172.31.46.0-255,66,98836,48,246364
9818,0.001765,74.125.24.0-255,5738,104574,48,246364
9819,0.001768,172.31.46.0-255,66,104640,48,246364
9820,0.001774,74.125.24.0-255,4320,108960,48,246364
9821,0.001776,172.31.46.0-255,66,109026,48,246364
9822,0.001823,172.31.46.0-255,66,109092,48,246364
9823,0.001838,172.31.46.0-255,66,109158,48,246364
9824,0.001879,172.31.46.0-255,66,109224,48,246364
9825,0.001917,172.31.46.0-255,66,109290,48,246364
9826,0.001938,172.31.46.0-255,66,109356,48,246364
9827,0.001942,74.125.24.0-255,1484,110840,48,246364
9828,0.001969,74.125.24.0-255,2902,113742,48,246364
9829,0.001972,172.31.46.0-255,66,113808,48,246364
9830,0.001975,74.125.24.0-255,1484,115292,48,246364
9831,0.001995,74.125.24.0-255,4320,119612,48,246364
9832,0.001998,172.31.46.0-255,66,119678,48,246364
9833,0.002006,74.125.24.0-255,5738,125416,48,246364
9834,0.002008,172.31.46.0-255,66,125482,48,246364
9835,0.002012,74.125.24.0-255,2902,128384,48,246364
9836,0.002014,172.31.46.0-255,66,128450,48,246364
9837,0.002049,74.125.24.0-255,4320,132770,48,246364
9838,0.002052,172.31.46.0-255,66,132836,48,246364
9839,0.002057,74.125.24.0-255,2902,135738,48,246364
9840,0.002059,172.31.46.0-255,66,135804,48,246364
9841,0.002099,172.31.46.0-255,66,135870,48,246364
9842,0.002102,74.125.24.0-255,1484,137354,48,246364
9843,0.002106,74.125.24.0-255,2902,140256,48,246364
9844,0.002109,172.31.46.0-255,66,140322,48,246364
9845,0.002137,74.125.24.0-255,5738,146060,48,246364
9846,0.00214,172.31.46.0-255,66,146126,48,246364
9847,0.002175,74.125.24.0-255,7156,153282,48,246364
9848,0.002179,172.31.46.0-255,66,153348,48,246364
9849,0.002182,74.125.24.0-255,1484,154832,48,246364
9850,0.00222,172.31.46.0-255,66,154898,48,246364
9851,0.002225,74.125.24.0-255,2184,157082,48,246364
9852,0.002227,172.31.46.0-255,66,157148,48,246364
9853,0.002272,74.125.24.0-255,1484,158632,48,246364
9854,0.002288,74.125.24.0-255,2902,161534,48,246364
9855,0.002291,172.31.46.0-255,66,161600,48,246364
9856,0.002297,74.125.24.0-255,4320,165920,48,246364
9857,0.002299,172.31.46.0-255,66,165986,48,246364
9858,0.002319,74.125.24.0-255,1484,167470,48,246364
9859,0.002332,172.31.46.0-255,66,167536,48,246364
9860,0.002368,74.125.24.0-255,1484,169020,48,246364
9861,0.002382,172.31.46.0-255,66,169086,48,246364
9862,0.002531,74.125.24.0-255,1484,170570,48,246364
9863,0.002543,74.125.24.0-255,2902,173472,48,246364
9864,0.002587,172.31.46.0-255,66,173538,48,246364
9865,0.002603,74.125.24.0-255,5738,179276,48,246364
9866,0.00261,172.31.46.0-255,66,179342,48,246364
9867,0.002658,74.125.24.0-255,2184,181526,48,246364
9868,0.002668,172.31.46.0-255,66,181592,48,246364
9869,0.002696,74.125.24.0-255,1484,183076,48,246364
9870,0.002699,74.125.24.0-255,1484,184560,48,246364
9871,0.002704,172.31.46.0-255,66,184626,48,246364
9872,0.002733,74.125.24.0-255,4320,188946,48,246364
9873,0.002738,74.125.24.0-255,2902,191848,48,246364
9874,0.002744,172.31.46.0-255,66,191914,48,246364
9875,0.002776,74.125.24.0-255,7156,199070,48,246364
9876,0.002779,172.31.46.0-255,66,199136,48,246364
9877,0.002812,74.125.24.0-255,4320,203456,48,246364
9878,0.002833,172.31.46.0-255,66,203522,48,246364
9879,0.00287,74.125.24.0-255,6438,209960,48,246364
9880,0.002873,74.125.24.0-255,1484,211444,48,246364
9881,0.00288,74.125.24.0-255,7156,218600,48,246364
9882,0.002886,74.125.24.0-255,5738,224338,48,246364
9883,0.002889,74.125.24.0-255,1484,225822,48,246364
9884,0.002891,74.125.24.0-255,1484,227306,48,246364
9885,0.002911,74.125.24.0-255,7156,234462,48,246364
9886,0.00292,172.31.46.0-255,66,234528,48,246364
9887,0.002929,74.125.24.0-255,1273,235801,48,246364
9888,0.002931,74.125.24.0-255,97,235898,48,246364
9889,0.003052,74.125.24.0-255,105,236003,48,246364
9890,0.012156,172.31.46.0-255,66,236069,48,246364
9891,0.012195,172.31.46.0-255,105,236174,48,246364
9892,0.014366,74.125.24.0-255,105,236279,48,246364
9893,0.014378,172.31.46.0-255,78,236357,48,246364
9894,0.014708,74.125.24.0-255,66,236423,48,246364
9895,0.037659,172.31.46.0-255,176,236599,48,246364
9896,0.037688,172.31.46.0-255,1112,237711,48,246364
9897,0.037747,172.31.46.0-255,1514,239225,48,246364
9898,0.037748,172.31.46.0-255,1514,240739,48,246364
9899,0.037749,172.31.46.0-255,1514,242253,48,246364
9900,0.037755,172.31.46.0-255,1514,243767,48,246364
9901,0.037756,172.31.46.0-255,1514,245281,48,246364
9902,0.037757,172.31.46.0-255,819,246100,48,246364
9903,0.039225,104.244.42.0-255,66,246166,48,246364
9904,0.039285,104.244.42.0-255,66,246232,48,246364
9905,0.039328,104.244.42.0-255,66,246298,48,246364
9906,0.039346,104.244.42.0-255,66,246364,48,246364
9907,0.0,74.125.24.0-255,152,152,48,255093
9908,2.2e-05,172.31.46.0-255,66,218,48,255093
9909,2.9e-05,74.125.24.0-255,1484,1702,48,255093
9910,3.4e-05,172.31.46.0-255,66,1768,48,255093
9911,3.9e-05,74.125.24.0-255,2902,4670,48,255093
9912,4.9e-05,172.31.46.0-255,66,4736,48,255093
9913,5.4e-05,74.125.24.0-255,4320,9056,48,255093
9914,5.7e-05,172.31.46.0-255,66,9122,48,255093
9915,6.3e-05,74.125.24.0-255,4863,13985,48,255093
9916,6.7e-05,172.31.46.0-255,66,14051,48,255093
9917,8.1e-05,172.31.46.0-255,66,14117,48,255093
9918,0.000106,74.125.24.0-255,2902,17019,48,255093
9919,0.000114,172.31.46.0-255,66,17085,48,255093
9920,0.000144,172.31.46.0-255,66,17151,48,255093
9921,0.00015,74.125.24.0-255,3602,20753,48,255093
9922,0.000151,172.31.46.0-255,66,20819,48,255093
9923,0.000199,74.125.24.0-255,5738,26557,48,255093
9924,0.000202,172.31.46.0-255,66,26623,48,255093
9925,0.00023,74.125.24.0-255,5738,32361,48,255093
9926,0.000233,172.31.46.0-255,66,32427,48,255093
9927,0.000239,74.125.24.0-255,5736,38163,48,255093
9928,0.000241,172.31.46.0-255,66,38229,48,255093
9929,0.0003,74.125.24.0-255,4320,42549,48,255093
9930,0.000303,172.31.46.0-255,66,42615,48,255093
9931,0.000309,74.125.24.0-255,5738,48353,48,255093
9932,0.000312,172.31.46.0-255,66,48419,48,255093
9933,0.000346,172.31.46.0-255,66,48485,48,255093
9934,0.00036,172.31.46.0-255,66,48551,48,255093
9935,0.000367,74.125.24.0-255,330,48881,48,255093
9936,0.000728,74.125.24.0-255,1484,50365,48,255093
9937,0.000733,172.31.46.0-255,66,50431,48,255093
9938,0.000739,74.125.24.0-255,2902,53333,48,255093
9939,0.000741,172.31.46.0-255,66,53399,48,255093
9940,0.000753,74.125.24.0-255,5738,59137,48,255093
9941,0.000755,172.31.46.0-255,66,59203,48,255093
9942,0.000804,172.31.46.0-255,66,59269,48,255093
9943,0.000822,172.31.46.0-255,66,59335,48,255093
9944,0.001348,74.125.24.0-255,1484,60819,48,255093
9945,0.001355,74.125.24.0-255,2902,63721,48,255093
9946,0.001359,172.31.46.0-255,66,63787,48,255093
9947,0.001363,74.125.24.0-255,1484,65271,48,255093
9948,0.001393,74.125.24.0-255,4320,69591,48,255093
9949,0.001396,172.31.46.0-255,66,69657,48,255093
9950,0.001399,74.125.24.0-255,1484,71141,48,255093
9951,0.001436,172.31.46.0-255,66,71207,48,255093
9952,0.001452,172.31.46.0-255,66,71273,48,255093
9953,0.001518,74.125.24.0-255,1484,72757,48,255093
9954,0.001535,74.125.24.0-255,2902,75659,48,255093
9955,0.001537,172.31.46.0-255,66,75725,48,255093
9956,0.001544,74.125.24.0-255,5738,81463,48,255093
9957,0.001545,172.31.46.0-255,66,81529,48,255093
9958,0.001591,74.125.24.0-255,4320,85849,48,255093
9959,0.001594,172.31.46.0-255,66,85915,48,255093
9960,0.001625,74.125.24.0-255,1484,87399,48,255093
9961,0.001641,74.125.24.0-255,5020,92419,48,255093
9962,0.001646,172.31.46.0-255,66,92485,48,255093
9963,0.001649,172.31.46.0-255,66,92551,48,255093
9964,0.001727,74.125.24.0-255,1484,94035,48,255093
9965,0.001731,74.125.24.0-255,2902,96937,48,255093
9966,0.001736,172.31.46.0-255,66,97003,48,255093
9967,0.001745,74.125.24.0-255,1484,98487,48,255093
9968,0.001763,74.125.24.0-255,4320,102807,48,255093
9969,0.001765,172.31.46.0-255,66,102873,48,255093
9970,0.001773,74.125.24.0-255,7156,110029,48,255093
9971,0.00178,172.31.46.0-255,66,110095,48,255093
9972,0.001783,74.125.24.0-255,1484,111579,48,255093
9973,0.001821,172.31.46.0-255,66,111645,48,255093
9974,0.001825,74.125.24.0-255,2184,113829,48,255093
9975,0.001828,172.31.46.0-255,66,113895,48,255093
9976,0.001867,74.125.24.0-255,1484,115379,48,255093
9977,0.00188,74.125.24.0-255,2902,118281,48,255093
9978,0.001883,172.31.46.0-255,66,118347,48,255093
9979,0.00189,74.125.24.0-255,5738,124085,48,255093
9980,0.001893,172.31.46.0-255,66,124151,48,255093
9981,0.00192,74.125.24.0-255,5738,129889,48,255093
9982,0.001923,172.31.46.0-255,66,129955,48,255093
9983,0.001932,74.125.24.0-255,2902,132857,48,255093
9984,0.001934,172.31.46.0-255,66,132923,48,255093
9985,0.001975,172.31.46.0-255,66,132989,48,255093
9986,0.001995,172.31.46.0-255,66,133055,48,255093
9987,0.002008,172.31.46.0-255,66,133121,48,255093
9988,0.002041,74.125.24.0-255,4320,137441,48,255093
9989,0.002044,172.31.46.0-255,66,137507,48,255093
9990,0.00205,74.125.24.0-255,5738,143245,48,255093
9991,0.002053,172.31.46.0-255,66,143311,48,255093
9992,0.004007,74.125.24.0-255,5738,149049,48,255093
9993,0.004015,172.31.46.0-255,66,149115,48,255093
9994,0.006008,74.125.24.0-255,2902,152017,48,255093
9995,0.006011,172.31.46.0-255,66,152083,48,255093
9996,0.006034,74.125.24.0-255,2902,154985,48,255093
9997,0.006036,172.31.46.0-255,66,155051,48,255093
9998,0.007972,74.125.24.0-255,5738,160789,48,255093
9999,0.007974,172.31.46.0-255,66,160855,48,255093
10000,0.009951,74.125.24.0-255,5738,166593,48,255093
10001,0.009959,172.31.46.0-255,66,166659,48,255093
10002,0.011927,74.125.24.0-255,5738,172397,48,255093
10003,0.011935,172.31.46.0-255,66,172463,48,255093
10004,0.013899,74.125.24.0-255,5738,178201,48,255093
10005,0.013907,172.31.46.0-255,66,178267,48,255093
10006,0.015886,74.125.24.0-255,5738,184005,48,255093
10007,0.015894,172.31.46.0-255,66,184071,48,255093
10008,0.017852,74.125.24.0-255,5738,189809,48,255093
10009,0.01786,172.31.46.0-255,66,189875,48,255093
10010,0.019819,74.125.24.0-255,5738,195613,48,255093
10011,0.019826,172.31.46.0-255,66,195679,48,255093
10012,0.02181,74.125.24.0-255,5738,201417,48,255093
10013,0.021817,172.31.46.0-255,66,201483,48,255093
10014,0.023774,74.125.24.0-255,5738,207221,48,255093
10015,0.023781,172.31.46.0-255,66,207287,48,255093
10016,0.025814,74.125.24.0-255,5738,213025,48,255093
10017,0.02582,172.31.46.0-255,66,213091,48,255093
10018,0.027761,74.125.24.0-255,5738,218829,48,255093
10019,0.027769,172.31.46.0-255,66,218895,48,255093
10020,0.029743,74.125.24.0-255,5738,224633,48,255093
10021,0.02975,172.31.46.0-255,66,224699,48,255093
10022,0.031239,172.31.46.0-255,172,224871,48,255093
10023,0.031284,172.31.46.0-255,1111,225982,48,255093
10024,0.031351,172.31.46.0-255,1514,227496,48,255093
10025,0.031353,172.31.46.0-255,1514,229010,48,255093
10026,0.031358,172.31.46.0-255,1514,230524,48,255093
10027,0.031359,172.31.46.0-255,370,230894,48,255093
10028,0.03172,74.125.24.0-255,5738,236632,48,255093
10029,0.031726,172.31.46.0-255,66,236698,48,255093
10030,0.032758,104.244.42.0-255,66,236764,48,255093
10031,0.032785,104.244.42.0-255,66,236830,48,255093
10032,0.032906,104.244.42.0-255,66,236896,48,255093
10033,0.032911,104.244.42.0-255,66,236962,48,255093
10034,0.033565,104.244.42.0-255,108,237070,48,255093
10035,0.033571,172.31.46.0-255,66,237136,48,255093
10036,0.033705,74.125.24.0-255,5738,242874,48,255093
10037,0.03371,172.31.46.0-255,66,242940,48,255093
10038,0.035694,74.125.24.0-255,5738,248678,48,255093
10039,0.035701,172.31.46.0-255,66,248744,48,255093
10040,0.037678,74.125.24.0-255,5738,254482,48,255093
10041,0.037684,172.31.46.0-255,66,254548,48,255093
10042,0.039665,74.125.24.0-255,308,254856,48,255093
10043,0.039808,172.31.46.0-255,66,254922,48,255093
10044,0.039843,172.31.46.0-255,105,255027,48,255093
10045,0.041762,74.125.24.0-255,66,255093,48,255093
10046,0.0,172.31.46.0-255,105,105,48,276
10047,0.002082,157.240.13.0-255,105,210,48,276
10048,0.002097,172.31.46.0-255,66,276,48,276
10049,0.0,172.31.46.0-255,105,105,48,459
10050,0.000198,172.31.46.0-255,90,195,48,459
10051,0.000208,172.31.46.0-255,66,261,48,459
10052,0.002258,74.125.24.0-255,66,327,48,459
10053,0.002281,74.125.24.0-255,66,393,48,459
10054,0.002293,172.31.46.0-255,66,459,48,459
10055,0.0,74.125.24.0-255,153,153,48,224322
10056,2.7e-05,172.31.46.0-255,66,219,48,224322
10057,3.4e-05,74.125.24.0-255,1484,1703,48,224322
10058,3.9e-05,172.31.46.0-255,66,1769,48,224322
10059,4.5e-05,74.125.24.0-255,2902,4671,48,224322
10060,4.8e-05,172.31.46.0-255,66,4737,48,224322
10061,5.6e-05,74.125.24.0-255,7156,11893,48,224322
10062,5.9e-05,172.31.46.0-255,66,11959,48,224322
10063,9.9e-05,172.31.46.0-255,66,12025,48,224322
10064,0.000122,74.125.24.0-255,2902,14927,48,224322
10065,0.000125,172.31.46.0-255,66,14993,48,224322
10066,0.000143,74.125.24.0-255,5379,20372,48,224322
10067,0.000147,172.31.46.0-255,66,20438,48,224322
10068,0.000487,74.125.24.0-255,1484,21922,48,224322
10069,0.000493,74.125.24.0-255,2902,24824,48,224322
10070,0.0005,172.31.46.0-255,66,24890,48,224322
10071,0.00051,172.31.46.0-255,66,24956,48,224322
10072,0.000517,74.125.24.0-255,5738,30694,48,224322
10073,0.00052,172.31.46.0-255,66,30760,48,224322
10074,0.000554,172.31.46.0-255,66,30826,48,224322
10075,0.000566,172.31.46.0-255,66,30892,48,224322
10076,0.000586,74.125.24.0-255,5379,36271,48,224322
10077,0.000589,172.31.46.0-255,66,36337,48,224322
10078,0.000624,74.125.24.0-255,646,36983,48,224322
10079,0.000627,172.31.46.0-255,66,37049,48,224322
10080,0.001375,74.125.24.0-255,1484,38533,48,224322
10081,0.001382,172.31.46.0-255,66,38599,48,224322
10082,0.001391,74.125.24.0-255,2902,41501,48,224322
10083,0.001394,172.31.46.0-255,66,41567,48,224322
10084,0.001398,74.125.24.0-255,1484,43051,48,224322
10085,0.001428,74.125.24.0-255,4320,47371,48,224322
10086,0.001431,172.31.46.0-255,66,47437,48,224322
10087,0.00144,74.125.24.0-255,7156,54593,48,224322
10088,0.001442,172.31.46.0-255,66,54659,48,224322
10089,0.001449,74.125.24.0-255,7156,61815,48,224322
10090,0.001451,172.31.46.0-255,66,61881,48,224322
10091,0.001482,74.125.24.0-255,7156,69037,48,224322
10092,0.001485,172.31.46.0-255,66,69103,48,224322
10093,0.00149,74.125.24.0-255,2184,71287,48,224322
10094,0.001491,172.31.46.0-255,66,71353,48,224322
10095,0.001773,74.125.24.0-255,1484,72837,48,224322
10096,0.001793,74.125.24.0-255,2902,75739,48,224322
10097,0.001798,172.31.46.0-255,66,75805,48,224322
10098,0.001818,74.125.24.0-255,2902,78707,48,224322
10099,0.00182,172.31.46.0-255,66,78773,48,224322
10100,0.001839,74.125.24.0-255,1484,80257,48,224322
10101,0.001867,74.125.24.0-255,5738,85995,48,224322
10102,0.00187,172.31.46.0-255,66,86061,48,224322
10103,0.001877,74.125.24.0-255,5738,91799,48,224322
10104,0.001879,172.31.46.0-255,66,91865,48,224322
10105,0.001908,74.125.24.0-255,5738,97603,48,224322
10106,0.001911,172.31.46.0-255,66,97669,48,224322
10107,0.001922,172.31.46.0-255,66,97735,48,224322
10108,0.001925,74.125.24.0-255,1484,99219,48,224322
10109,0.001929,74.125.24.0-255,1484,100703,48,224322
10110,0.00193,172.31.46.0-255,66,100769,48,224322
10111,0.001953,74.125.24.0-255,1484,102253,48,224322
10112,0.001961,74.125.24.0-255,5738,107991,48,224322
10113,0.001963,172.31.46.0-255,66,108057,48,224322
10114,0.001991,172.31.46.0-255,66,108123,48,224322
10115,0.00202,74.125.24.0-255,2902,111025,48,224322
10116,0.002023,172.31.46.0-255,66,111091,48,224322
10117,0.002036,172.31.46.0-255,66,111157,48,224322
10118,0.002311,74.125.24.0-255,1484,112641,48,224322
10119,0.002329,74.125.24.0-255,2902,115543,48,224322
10120,0.002332,172.31.46.0-255,66,115609,48,224322
10121,0.002336,74.125.24.0-255,1484,117093,48,224322
10122,0.002353,74.125.24.0-255,4320,121413,48,224322
10123,0.002356,172.31.46.0-255,66,121479,48,224322
10124,0.002358,74.125.24.0-255,1484,122963,48,224322
10125,0.002373,74.125.24.0-255,1484,124447,48,224322
10126,0.002375,172.31.46.0-255,66,124513,48,224322
10127,0.002407,172.31.46.0-255,66,124579,48,224322
10128,0.002414,74.125.24.0-255,7156,131735,48,224322
10129,0.002417,172.31.46.0-255,66,131801,48,224322
10130,0.002444,74.125.24.0-255,2184,133985,48,224322
10131,0.002446,172.31.46.0-255,66,134051,48,224322
10132,0.00289,74.125.24.0-255,1484,135535,48,224322
10133,0.002896,74.125.24.0-255,2902,138437,48,224322
10134,0.002899,172.31.46.0-255,66,138503,48,224322
10135,0.002918,74.125.24.0-255,5738,144241,48,224322
10136,0.002921,172.31.46.0-255,66,144307,48,224322
10137,0.002936,74.125.24.0-255,1484,145791,48,224322
10138,0.002951,74.125.24.0-255,5738,151529,48,224322
10139,0.002954,172.31.46.0-255,66,151595,48,224322
10140,0.002976,74.125.24.0-255,5738,157333,48,224322
10141,0.002978,172.31.46.0-255,66,157399,48,224322
10142,0.00299,172.31.46.0-255,66,157465,48,224322
10143,0.003025,74.125.24.0-255,4320,161785,48,224322
10144,0.003028,172.31.46.0-255,66,161851,48,224322
10145,0.003083,74.125.24.0-255,4320,166171,48,224322
10146,0.003098,74.125.24.0-255,4320,170491,48,224322
10147,0.003104,74.125.24.0-255,4320,174811,48,224322
10148,0.00312,74.125.24.0-255,4320,179131,48,224322
10149,0.003125,74.125.24.0-255,4320,183451,48,224322
10150,0.003161,74.125.24.0-255,7156,190607,48,224322
10151,0.003179,74.125.24.0-255,5020,195627,48,224322
10152,0.00323,74.125.24.0-255,1484,197111,48,224322
10153,0.003234,74.125.24.0-255,1484,198595,48,224322
10154,0.00325,74.125.24.0-255,1484,200079,48,224322
10155,0.003258,74.125.24.0-255,5738,205817,48,224322
10156,0.003281,74.125.24.0-255,4320,210137,48,224322
10157,0.003302,74.125.24.0-255,1484,211621,48,224322
10158,0.00334,74.125.24.0-255,4320,215941,48,224322
10159,0.0034,74.125.24.0-255,1484,217425,48,224322
10160,0.003507,74.125.24.0-255,97,217522,48,224322
10161,0.00351,74.125.24.0-255,105,217627,48,224322
10162,0.004871,172.31.46.0-255,66,217693,48,224322
10163,0.007537,172.31.46.0-255,105,217798,48,224322
10164,0.010074,74.125.24.0-255,66,217864,48,224322
10165,0.033174,172.31.46.0-255,172,218036,48,224322
10166,0.033211,172.31.46.0-255,1112,219148,48,224322
10167,0.033288,172.31.46.0-255,1514,220662,48,224322
10168,0.03329,172.31.46.0-255,1514,222176,48,224322
10169,0.033292,172.31.46.0-255,1514,223690,48,224322
10170,0.033293,172.31.46.0-255,368,224058,48,224322
10171,0.034711,104.244.42.0-255,66,224124,48,224322
10172,0.034744,104.244.42.0-255,66,224190,48,224322
10173,0.034868,104.244.42.0-255,66,224256,48,224322
10174,0.034873,104.244.42.0-255,66,224322,48,224322
10175,0.0,74.125.24.0-255,152,152,48,249310
10176,1.7e-05,172.31.46.0-255,66,218,48,249310
10177,2.3e-05,74.125.24.0-255,1484,1702,48,249310
10178,2.7e-05,172.31.46.0-255,66,1768,48,249310
10179,3.4e-05,74.125.24.0-255,2902,4670,48,249310
10180,3.7e-05,172.31.46.0-255,66,4736,48,249310
10181,4.4e-05,74.125.24.0-255,7156,11892,48,249310
10182,4.7e-05,172.31.46.0-255,66,11958,48,249310
10183,5.2e-05,74.125.24.0-255,2065,14023,48,249310
10184,5.5e-05,172.31.46.0-255,66,14089,48,249310
10185,8.2e-05,74.125.24.0-255,2902,16991,48,249310
10186,8.5e-05,172.31.46.0-255,66,17057,48,249310
10187,9.1e-05,74.125.24.0-255,4320,21377,48,249310
10188,9.3e-05,172.31.46.0-255,66,21443,48,249310
10189,0.000107,74.125.24.0-255,2902,24345,48,249310
10190,0.000109,172.31.46.0-255,66,24411,48,249310
10191,0.000112,74.125.24.0-255,1484,25895,48,249310
10192,0.000114,172.31.46.0-255,66,25961,48,249310
10193,0.000126,172.31.46.0-255,66,26027,48,249310
10194,0.00015,74.125.24.0-255,4320,30347,48,249310
10195,0.000153,172.31.46.0-255,66,30413,48,249310
10196,0.000163,172.31.46.0-255,66,30479,48,249310
10197,0.000209,74.125.24.0-255,7156,37635,48,249310
10198,0.000213,172.31.46.0-255,66,37701,48,249310
10199,0.000216,172.31.46.0-255,66,37767,48,249310
10200,0.000243,74.125.24.0-255,1432,39199,48,249310
10201,0.000245,172.31.46.0-255,66,39265,48,249310
10202,0.000274,74.125.24.0-255,114,39379,48,249310
10203,0.000277,172.31.46.0-255,66,39445,48,249310
10204,0.00036,74.125.24.0-255,1484,40929,48,249310
10205,0.000367,74.125.24.0-255,2902,43831,48,249310
10206,0.000401,74.125.24.0-255,5738,49569,48,249310
10207,0.000408,74.125.24.0-255,5738,55307,48,249310
10208,0.000429,74.125.24.0-255,6797,62104,48,249310
10209,0.000458,74.125.24.0-255,7156,69260,48,249310
10210,0.000477,74.125.24.0-255,3961,73221,48,249310
10211,0.00053,172.31.46.0-255,66,73287,48,249310
10212,0.000578,74.125.24.0-255,1484,74771,48,249310
10213,0.000598,74.125.24.0-255,2902,77673,48,249310
10214,0.000605,74.125.24.0-255,5738,83411,48,249310
10215,0.000612,74.125.24.0-255,5738,89149,48,249310
10216,0.000667,74.125.24.0-255,5020,94169,48,249310
10217,0.000683,172.31.46.0-255,66,94235,48,249310
10218,0.000772,74.125.24.0-255,1484,95719,48,249310
10219,0.000778,74.125.24.0-255,2902,98621,48,249310
10220,0.000789,172.31.46.0-255,66,98687,48,249310
10221,0.000801,74.125.24.0-255,5738,104425,48,249310
10222,0.000806,172.31.46.0-255,66,104491,48,249310
10223,0.000848,74.125.24.0-255,5738,110229,48,249310
10224,0.000871,74.125.24.0-255,4320,114549,48,249310
10225,0.000895,172.31.46.0-255,66,114615,48,249310
10226,0.000904,172.31.46.0-255,66,114681,48,249310
10227,0.000925,74.125.24.0-255,5738,120419,48,249310
10228,0.000941,172.31.46.0-255,66,120485,48,249310
10229,0.000958,172.31.46.0-255,66,120551,48,249310
10230,0.000984,74.125.24.0-255,1484,122035,48,249310
10231,0.000989,74.125.24.0-255,2902,124937,48,249310
10232,0.001006,172.31.46.0-255,66,125003,48,249310
10233,0.001012,74.125.24.0-255,5738,130741,48,249310
10234,0.001015,74.125.24.0-255,2902,133643,48,249310
10235,0.001027,74.125.24.0-255,2902,136545,48,249310
10236,0.001029,172.31.46.0-255,66,136611,48,249310
10237,0.001047,74.125.24.0-255,7156,143767,48,249310
10238,0.001064,74.125.24.0-255,5738,149505,48,249310
10239,0.001068,74.125.24.0-255,2902,152407,48,249310
10240,0.001078,172.31.46.0-255,66,152473,48,249310
10241,0.001081,74.125.24.0-255,2184,154657,48,249310
10242,0.001086,172.31.46.0-255,66,154723,48,249310
10243,0.001101,74.125.24.0-255,1484,156207,48,249310
10244,0.001129,74.125.24.0-255,4320,160527,48,249310
10245,0.001134,74.125.24.0-255,4320,164847,48,249310
10246,0.001139,74.125.24.0-255,5738,170585,48,249310
10247,0.001147,172.31.46.0-255,66,170651,48,249310
10248,0.001168,74.125.24.0-255,5738,176389,48,249310
10249,0.00118,74.125.24.0-255,2902,179291,48,249310
10250,0.001188,172.31.46.0-255,66,179357,48,249310
10251,0.001208,74.125.24.0-255,5738,185095,48,249310
10252,0.001212,172.31.46.0-255,66,185161,48,249310
10253,0.001295,172.31.46.0-255,66,185227,48,249310
10254,0.001336,74.125.24.0-255,6438,191665,48,249310
10255,0.001342,172.31.46.0-255,66,191731,48,249310
10256,0.001354,74.125.24.0-255,1484,193215,48,249310
10257,0.001372,74.125.24.0-255,5738,198953,48,249310
10258,0.001376,74.125.24.0-255,4320,203273,48,249310
10259,0.001381,172.31.46.0-255,66,203339,48,249310
10260,0.001393,74.125.24.0-255,2902,206241,48,249310
10261,0.001396,74.125.24.0-255,1484,207725,48,249310
10262,0.001408,74.125.24.0-255,5738,213463,48,249310
10263,0.001419,74.125.24.0-255,4320,217783,48,249310
10264,0.001437,172.31.46.0-255,66,217849,48,249310
10265,0.001442,74.125.24.0-255,4320,222169,48,249310
10266,0.001448,74.125.24.0-255,7156,229325,48,249310
10267,0.001453,172.31.46.0-255,66,229391,48,249310
10268,0.001482,74.125.24.0-255,6438,235829,48,249310
10269,0.001501,172.31.46.0-255,66,235895,48,249310
10270,0.001532,74.125.24.0-255,7156,243051,48,249310
10271,0.001555,172.31.46.0-255,66,243117,48,249310
10272,0.001562,74.125.24.0-255,673,243790,48,249310
10273,0.001602,74.125.24.0-255,105,243895,48,249310
10274,0.008763,172.31.46.0-255,66,243961,48,249310
10275,0.008808,172.31.46.0-255,105,244066,48,249310
10276,0.011095,74.125.24.0-255,66,244132,48,249310
10277,0.033694,172.31.46.0-255,172,244304,48,249310
10278,0.033725,172.31.46.0-255,1107,245411,48,249310
10279,0.033785,172.31.46.0-255,1514,246925,48,249310
10280,0.033787,172.31.46.0-255,1514,248439,48,249310
10281,0.03381,172.31.46.0-255,607,249046,48,249310
10282,0.035235,104.244.42.0-255,66,249112,48,249310
10283,0.035274,104.244.42.0-255,66,249178,48,249310
10284,0.0353,104.244.42.0-255,66,249244,48,249310
10285,0.035319,104.244.42.0-255,66,249310,48,249310
10286,0.0,74.125.200.0-255,146,146,48,337000
10287,2.4e-05,172.31.46.0-255,66,212,48,337000
10288,3.1e-05,74.125.200.0-255,1484,1696,48,337000
10289,3.8e-05,172.31.46.0-255,66,1762,48,337000
10290,4.4e-05,74.125.200.0-255,2902,4664,48,337000
10291,4.7e-05,172.31.46.0-255,66,4730,48,337000
10292,7e-05,74.125.200.0-255,5738,10468,48,337000
10293,7.3e-05,172.31.46.0-255,66,10534,48,337000
10294,7.8e-05,74.125.200.0-255,2902,13436,48,337000
10295,8e-05,172.31.46.0-255,66,13502,48,337000
10296,0.0001,74.125.200.0-255,625,14127,48,337000
10297,0.000102,172.31.46.0-255,66,14193,48,337000
10298,0.000108,74.125.200.0-255,4320,18513,48,337000
10299,0.000111,172.31.46.0-255,66,18579,48,337000
10300,0.000117,74.125.200.0-255,4320,22899,48,337000
10301,0.000119,172.31.46.0-255,66,22965,48,337000
10302,0.000149,74.125.200.0-255,5738,28703,48,337000
10303,0.000152,172.31.46.0-255,66,28769,48,337000
10304,0.000157,74.125.200.0-255,2543,31312,48,337000
10305,0.000159,172.31.46.0-255,66,31378,48,337000
10306,0.000231,74.125.200.0-255,1484,32862,48,337000
10307,0.000234,172.31.46.0-255,66,32928,48,337000
10308,0.000238,74.125.200.0-255,1484,34412,48,337000
10309,0.000241,172.31.46.0-255,66,34478,48,337000
10310,0.000256,74.125.200.0-255,1484,35962,48,337000
10311,0.000258,172.31.46.0-255,66,36028,48,337000
10312,0.000266,74.125.200.0-255,5738,41766,48,337000
10313,0.000268,172.31.46.0-255,66,41832,48,337000
10314,0.000274,74.125.200.0-255,4320,46152,48,337000
10315,0.000278,172.31.46.0-255,66,46218,48,337000
10316,0.00029,74.125.200.0-255,2543,48761,48,337000
10317,0.000293,172.31.46.0-255,66,48827,48,337000
10318,0.000298,74.125.200.0-255,4320,53147,48,337000
10319,0.000301,172.31.46.0-255,66,53213,48,337000
10320,0.000324,74.125.200.0-255,2902,56115,48,337000
10321,0.000327,172.31.46.0-255,66,56181,48,337000
10322,0.000357,172.31.46.0-255,66,56247,48,337000
10323,0.00036,74.125.200.0-255,129,56376,48,337000
10324,0.000364,74.125.200.0-255,347,56723,48,337000
10325,0.000653,74.125.200.0-255,1484,58207,48,337000
10326,0.000658,172.31.46.0-255,66,58273,48,337000
10327,0.000664,74.125.200.0-255,2902,61175,48,337000
10328,0.000667,172.31.46.0-255,66,61241,48,337000
10329,0.00067,74.125.200.0-255,1484,62725,48,337000
10330,0.000697,74.125.200.0-255,1484,64209,48,337000
10331,0.0007,172.31.46.0-255,66,64275,48,337000
10332,0.000715,74.125.200.0-255,1484,65759,48,337000
10333,0.000732,74.125.200.0-255,1484,67243,48,337000
10334,0.000735,172.31.46.0-255,66,67309,48,337000
10335,0.000755,74.125.200.0-255,4320,71629,48,337000
10336,0.000758,172.31.46.0-255,66,71695,48,337000
10337,0.000762,74.125.200.0-255,2902,74597,48,337000
10338,0.000764,172.31.46.0-255,66,74663,48,337000
10339,0.000769,74.125.200.0-255,4320,78983,48,337000
10340,0.000772,172.31.46.0-255,66,79049,48,337000
10341,0.000783,172.31.46.0-255,66,79115,48,337000
10342,0.000789,74.125.200.0-255,3051,82166,48,337000
10343,0.000791,172.31.46.0-255,66,82232,48,337000
10344,0.000866,74.125.200.0-255,1484,83716,48,337000
10345,0.000879,74.125.200.0-255,2902,86618,48,337000
10346,0.000882,172.31.46.0-255,66,86684,48,337000
10347,0.0009,74.125.200.0-255,1484,88168,48,337000
10348,0.000917,74.125.200.0-255,4320,92488,48,337000
10349,0.00092,172.31.46.0-255,66,92554,48,337000
10350,0.000934,74.125.200.0-255,1484,94038,48,337000
10351,0.000955,74.125.200.0-255,5738,99776,48,337000
10352,0.000958,172.31.46.0-255,66,99842,48,337000
10353,0.000976,74.125.200.0-255,1484,101326,48,337000
10354,0.000995,74.125.200.0-255,7156,108482,48,337000
10355,0.000999,172.31.46.0-255,66,108548,48,337000
10356,0.001006,74.125.200.0-255,7156,115704,48,337000
10357,0.001008,172.31.46.0-255,66,115770,48,337000
10358,0.001031,74.125.200.0-255,766,116536,48,337000
10359,0.001141,74.125.200.0-255,1484,118020,48,337000
10360,0.001145,172.31.46.0-255,66,118086,48,337000
10361,0.001159,74.125.200.0-255,2902,120988,48,337000
10362,0.001162,172.31.46.0-255,66,121054,48,337000
10363,0.001185,74.125.200.0-255,5738,126792,48,337000
10364,0.001187,172.31.46.0-255,66,126858,48,337000
10365,0.001206,74.125.200.0-255,2902,129760,48,337000
10366,0.001208,172.31.46.0-255,66,129826,48,337000
10367,0.001232,172.31.46.0-255,66,129892,48,337000
10368,0.001275,74.125.200.0-255,2902,132794,48,337000
10369,0.001277,172.31.46.0-255,66,132860,48,337000
10370,0.001306,172.31.46.0-255,66,132926,48,337000
10371,0.001309,74.125.200.0-255,1484,134410,48,337000
10372,0.001324,74.125.200.0-255,2902,137312,48,337000
10373,0.001327,172.31.46.0-255,66,137378,48,337000
10374,0.001385,74.125.200.0-255,5738,143116,48,337000
10375,0.001388,172.31.46.0-255,66,143182,48,337000
10376,0.001392,74.125.200.0-255,2902,146084,48,337000
10377,0.001393,172.31.46.0-255,66,146150,48,337000
10378,0.001399,74.125.200.0-255,4320,150470,48,337000
10379,0.001401,172.31.46.0-255,66,150536,48,337000
10380,0.001412,172.31.46.0-255,66,150602,48,337000
10381,0.001423,172.31.46.0-255,66,150668,48,337000
10382,0.001463,74.125.200.0-255,1484,152152,48,337000
10383,0.001479,74.125.200.0-255,1484,153636,48,337000
10384,0.001482,172.31.46.0-255,66,153702,48,337000
10385,0.001503,74.125.200.0-255,1484,155186,48,337000
10386,0.00151,74.125.200.0-255,5738,160924,48,337000
10387,0.001512,172.31.46.0-255,66,160990,48,337000
10388,0.001517,74.125.200.0-255,2902,163892,48,337000
10389,0.001519,172.31.46.0-255,66,163958,48,337000
10390,0.001546,74.125.200.0-255,4320,168278,48,337000
10391,0.001548,172.31.46.0-255,66,168344,48,337000
10392,0.001561,74.125.200.0-255,4320,172664,48,337000
10393,0.001563,172.31.46.0-255,66,172730,48,337000
10394,0.001575,74.125.200.0-255,2902,175632,48,337000
10395,0.001577,172.31.46.0-255,66,175698,48,337000
10396,0.001595,74.125.200.0-255,2902,178600,48,337000
10397,0.001597,172.31.46.0-255,66,178666,48,337000
10398,0.001615,74.125.200.0-255,2902,181568,48,337000
10399,0.001617,172.31.46.0-255,66,181634,48,337000
10400,0.001638,74.125.200.0-255,3602,185236,48,337000
10401,0.00164,172.31.46.0-255,66,185302,48,337000
10402,0.001788,74.125.200.0-255,1484,186786,48,337000
10403,0.001793,74.125.200.0-255,2902,189688,48,337000
10404,0.001796,172.31.46.0-255,66,189754,48,337000
10405,0.001818,74.125.200.0-255,5738,195492,48,337000
10406,0.00182,172.31.46.0-255,66,195558,48,337000
10407,0.001823,74.125.200.0-255,1484,197042,48,337000
10408,0.001848,74.125.200.0-255,5738,202780,48,337000
10409,0.001851,172.31.46.0-255,66,202846,48,337000
10410,0.001854,74.125.200.0-255,1484,204330,48,337000
10411,0.001887,74.125.200.0-255,2184,206514,48,337000
10412,0.001891,172.31.46.0-255,66,206580,48,337000
10413,0.001897,172.31.46.0-255,66,206646,48,337000
10414,0.001998,74.125.200.0-255,1484,208130,48,337000
10415,0.002014,74.125.200.0-255,2902,211032,48,337000
10416,0.002017,172.31.46.0-255,66,211098,48,337000
10417,0.002032,74.125.200.0-255,1484,212582,48,337000
10418,0.002045,74.125.200.0-255,2902,215484,48,337000
10419,0.002047,172.31.46.0-255,66,215550,48,337000
10420,0.002073,74.125.200.0-255,5738,221288,48,337000
10421,0.002075,172.31.46.0-255,66,221354,48,337000
10422,0.00208,74.125.200.0-255,2902,224256,48,337000
10423,0.002081,172.31.46.0-255,66,224322,48,337000
10424,0.002098,74.125.200.0-255,4320,228642,48,337000
10425,0.0021,172.31.46.0-255,66,228708,48,337000
10426,0.002121,74.125.200.0-255,2902,231610,48,337000
10427,0.002124,172.31.46.0-255,66,231676,48,337000
10428,0.002151,74.125.200.0-255,5738,237414,48,337000
10429,0.002154,172.31.46.0-255,66,237480,48,337000
10430,0.002179,74.125.200.0-255,3602,241082,48,337000
10431,0.002181,172.31.46.0-255,66,241148,48,337000
10432,0.002234,74.125.200.0-255,1484,242632,48,337000
10433,0.002239,74.125.200.0-255,2902,245534,48,337000
10434,0.002242,172.31.46.0-255,66,245600,48,337000
10435,0.002263,74.125.200.0-255,4320,249920,48,337000
10436,0.002266,172.31.46.0-255,66,249986,48,337000
10437,0.002278,74.125.200.0-255,1484,251470,48,337000
10438,0.00228,74.125.200.0-255,1484,252954,48,337000
10439,0.002282,172.31.46.0-255,66,253020,48,337000
10440,0.002286,74.125.200.0-255,2902,255922,48,337000
10441,0.002288,172.31.46.0-255,66,255988,48,337000
10442,0.002308,74.125.200.0-255,2902,258890,48,337000
10443,0.002329,172.31.46.0-255,66,258956,48,337000
10444,0.002349,74.125.200.0-255,2902,261858,48,337000
10445,0.002351,172.31.46.0-255,66,261924,48,337000
10446,0.002356,74.125.200.0-255,4320,266244,48,337000
10447,0.002358,172.31.46.0-255,66,266310,48,337000
10448,0.002364,74.125.200.0-255,5738,272048,48,337000
10449,0.002366,172.31.46.0-255,66,272114,48,337000
10450,0.002393,74.125.200.0-255,3602,275716,48,337000
10451,0.002395,172.31.46.0-255,66,275782,48,337000
10452,0.0024,74.125.200.0-255,4320,280102,48,337000
10453,0.00246,74.125.200.0-255,1484,281586,48,337000
10454,0.002488,74.125.200.0-255,4320,285906,48,337000
10455,0.002531,74.125.200.0-255,5738,291644,48,337000
10456,0.002533,74.125.200.0-255,766,292410,48,337000
10457,0.002536,74.125.200.0-255,1484,293894,48,337000
10458,0.002551,74.125.200.0-255,1484,295378,48,337000
10459,0.002562,74.125.200.0-255,2902,298280,48,337000
10460,0.002582,74.125.200.0-255,2902,301182,48,337000
10461,0.002585,74.125.200.0-255,1484,302666,48,337000
10462,0.002601,74.125.200.0-255,2902,305568,48,337000
10463,0.00263,74.125.200.0-255,2902,308470,48,337000
10464,0.00265,74.125.200.0-255,5738,314208,48,337000
10465,0.002661,74.125.200.0-255,1484,315692,48,337000
10466,0.002679,74.125.200.0-255,5738,321430,48,337000
10467,0.006837,172.31.46.0-255,66,321496,48,337000
10468,0.009483,74.125.200.0-255,5738,327234,48,337000
10469,0.009488,172.31.46.0-255,66,327300,48,337000
10470,0.012143,74.125.200.0-255,4284,331584,48,337000
10471,0.012151,172.31.46.0-255,66,331650,48,337000
10472,0.017071,172.31.46.0-255,105,331755,48,337000
10473,0.019668,74.125.200.0-255,66,331821,48,337000
10474,0.03481,172.31.46.0-255,172,331993,48,337000
10475,0.034839,172.31.46.0-255,1111,333104,48,337000
10476,0.034892,172.31.46.0-255,1514,334618,48,337000
10477,0.034894,172.31.46.0-255,1514,336132,48,337000
10478,0.034915,172.31.46.0-255,604,336736,48,337000
10479,0.036472,104.244.42.0-255,66,336802,48,337000
10480,0.036507,104.244.42.0-255,66,336868,48,337000
10481,0.036554,104.244.42.0-255,66,336934,48,337000
10482,0.036558,104.244.42.0-255,66,337000,48,337000
10483,0.0,74.125.24.0-255,153,153,48,234663
10484,1.8e-05,74.125.24.0-255,1484,1637,48,234663
10485,2.9e-05,172.31.46.0-255,66,1703,48,234663
10486,3.9e-05,74.125.24.0-255,2902,4605,48,234663
10487,4.3e-05,172.31.46.0-255,66,4671,48,234663
10488,5.7e-05,74.125.24.0-255,7156,11827,48,234663
10489,6e-05,172.31.46.0-255,66,11893,48,234663
10490,9.9e-05,74.125.24.0-255,4320,16213,48,234663
10491,0.000102,172.31.46.0-255,66,16279,48,234663
10492,0.000136,172.31.46.0-255,66,16345,48,234663
10493,0.000139,74.125.24.0-255,1484,17829,48,234663
10494,0.000146,74.125.24.0-255,5738,23567,48,234663
10495,0.000149,172.31.46.0-255,66,23633,48,234663
10496,0.000187,172.31.46.0-255,66,23699,48,234663
10497,0.000192,74.125.24.0-255,2902,26601,48,234663
10498,0.000194,172.31.46.0-255,66,26667,48,234663
10499,0.000225,74.125.24.0-255,5020,31687,48,234663
10500,0.000228,172.31.46.0-255,66,31753,48,234663
10501,0.000231,74.125.24.0-255,1484,33237,48,234663
10502,0.000262,74.125.24.0-255,1484,34721,48,234663
10503,0.000265,172.31.46.0-255,66,34787,48,234663
10504,0.00027,74.125.24.0-255,4320,39107,48,234663
10505,0.000273,172.31.46.0-255,66,39173,48,234663
10506,0.000284,172.31.46.0-255,66,39239,48,234663
10507,0.000286,74.125.24.0-255,1479,40718,48,234663
10508,0.000323,74.125.24.0-255,1484,42202,48,234663
10509,0.000326,172.31.46.0-255,66,42268,48,234663
10510,0.000352,74.125.24.0-255,2902,45170,48,234663
10511,0.000355,172.31.46.0-255,66,45236,48,234663
10512,0.000361,74.125.24.0-255,5738,50974,48,234663
10513,0.000363,172.31.46.0-255,66,51040,48,234663
10514,0.000398,172.31.46.0-255,66,51106,48,234663
10515,0.000405,74.125.24.0-255,5738,56844,48,234663
10516,0.000407,172.31.46.0-255,66,56910,48,234663
10517,0.000437,74.125.24.0-255,4320,61230,48,234663
10518,0.000439,172.31.46.0-255,66,61296,48,234663
10519,0.000442,74.125.24.0-255,1031,62327,48,234663
10520,0.000486,74.125.24.0-255,1484,63811,48,234663
10521,0.00049,172.31.46.0-255,66,63877,48,234663
10522,0.000494,74.125.24.0-255,2902,66779,48,234663
10523,0.000497,172.31.46.0-255,66,66845,48,234663
10524,0.000528,74.125.24.0-255,5738,72583,48,234663
10525,0.000531,172.31.46.0-255,66,72649,48,234663
10526,0.000564,172.31.46.0-255,66,72715,48,234663
10527,0.000581,172.31.46.0-255,66,72781,48,234663
10528,0.000605,74.125.24.0-255,1484,74265,48,234663
10529,0.00061,74.125.24.0-255,2184,76449,48,234663
10530,0.000612,172.31.46.0-255,66,76515,48,234663
10531,0.000615,74.125.24.0-255,1484,77999,48,234663
10532,0.000636,74.125.24.0-255,1484,79483,48,234663
10533,0.000639,172.31.46.0-255,66,79549,48,234663
10534,0.000647,74.125.24.0-255,7156,86705,48,234663
10535,0.00065,172.31.46.0-255,66,86771,48,234663
10536,0.000657,74.125.24.0-255,1484,88255,48,234663
10537,0.000734,172.31.46.0-255,66,88321,48,234663
10538,0.000738,74.125.24.0-255,1484,89805,48,234663
10539,0.000774,74.125.24.0-255,6438,96243,48,234663
10540,0.000777,172.31.46.0-255,66,96309,48,234663
10541,0.00078,74.125.24.0-255,1484,97793,48,234663
10542,0.000785,74.125.24.0-255,2902,100695,48,234663
10543,0.000787,172.31.46.0-255,66,100761,48,234663
10544,0.000793,74.125.24.0-255,5738,106499,48,234663
10545,0.000796,172.31.46.0-255,66,106565,48,234663
10546,0.0008,74.125.24.0-255,2902,109467,48,234663
10547,0.000803,172.31.46.0-255,66,109533,48,234663
10548,0.000833,74.125.24.0-255,7156,116689,48,234663
10549,0.000836,172.31.46.0-255,66,116755,48,234663
10550,0.000868,74.125.24.0-255,2902,119657,48,234663
10551,0.00087,172.31.46.0-255,66,119723,48,234663
10552,0.000883,172.31.46.0-255,66,119789,48,234663
10553,0.000888,74.125.24.0-255,4320,124109,48,234663
10554,0.000891,172.31.46.0-255,66,124175,48,234663
10555,0.00093,74.125.24.0-255,7156,131331,48,234663
10556,0.000933,172.31.46.0-255,66,131397,48,234663
10557,0.000941,74.125.24.0-255,7156,138553,48,234663
10558,0.000943,172.31.46.0-255,66,138619,48,234663
10559,0.000967,74.125.24.0-255,7156,145775,48,234663
10560,0.00097,172.31.46.0-255,66,145841,48,234663
10561,0.001005,172.31.46.0-255,66,145907,48,234663
10562,0.001013,74.125.24.0-255,7156,153063,48,234663
10563,0.001015,172.31.46.0-255,66,153129,48,234663
10564,0.001037,74.125.24.0-255,2902,156031,48,234663
10565,0.00104,172.31.46.0-255,66,156097,48,234663
10566,0.001047,74.125.24.0-255,7156,163253,48,234663
10567,0.001054,172.31.46.0-255,66,163319,48,234663
10568,0.001078,74.125.24.0-255,4320,167639,48,234663
10569,0.001081,172.31.46.0-255,66,167705,48,234663
10570,0.001086,74.125.24.0-255,4320,172025,48,234663
10571,0.001088,172.31.46.0-255,66,172091,48,234663
10572,0.001129,172.31.46.0-255,66,172157,48,234663
10573,0.001147,74.125.24.0-255,1484,173641,48,234663
10574,0.001152,74.125.24.0-255,2902,176543,48,234663
10575,0.001155,172.31.46.0-255,66,176609,48,234663
10576,0.001159,74.125.24.0-255,2902,179511,48,234663
10577,0.001161,172.31.46.0-255,66,179577,48,234663
10578,0.001194,74.125.24.0-255,2902,182479,48,234663
10579,0.001196,172.31.46.0-255,66,182545,48,234663
10580,0.001209,172.31.46.0-255,66,182611,48,234663
10581,0.001221,172.31.46.0-255,66,182677,48,234663
10582,0.001247,74.125.24.0-255,1484,184161,48,234663
10583,0.001268,74.125.24.0-255,2184,186345,48,234663
10584,0.001272,172.31.46.0-255,66,186411,48,234663
10585,0.001571,74.125.24.0-255,1484,187895,48,234663
10586,0.001586,74.125.24.0-255,2902,190797,48,234663
10587,0.00159,172.31.46.0-255,66,190863,48,234663
10588,0.001597,74.125.24.0-255,5738,196601,48,234663
10589,0.0016,172.31.46.0-255,66,196667,48,234663
10590,0.001609,74.125.24.0-255,2902,199569,48,234663
10591,0.001611,172.31.46.0-255,66,199635,48,234663
10592,0.001637,74.125.24.0-255,2902,202537,48,234663
10593,0.001639,172.31.46.0-255,66,202603,48,234663
10594,0.001644,74.125.24.0-255,2902,205505,48,234663
10595,0.001646,172.31.46.0-255,66,205571,48,234663
10596,0.001684,172.31.46.0-255,66,205637,48,234663
10597,0.001691,74.125.24.0-255,5020,210657,48,234663
10598,0.001693,172.31.46.0-255,66,210723,48,234663
10599,0.001758,74.125.24.0-255,1484,212207,48,234663
10600,0.001764,74.125.24.0-255,2902,215109,48,234663
10601,0.001766,172.31.46.0-255,66,215175,48,234663
10602,0.001774,74.125.24.0-255,5738,220913,48,234663
10603,0.001776,172.31.46.0-255,66,220979,48,234663
10604,0.001787,172.31.46.0-255,66,221045,48,234663
10605,0.001825,172.31.46.0-255,66,221111,48,234663
10606,0.001857,74.125.24.0-255,6438,227549,48,234663
10607,0.00186,172.31.46.0-255,66,227615,48,234663
10608,0.001872,172.31.46.0-255,66,227681,48,234663
10609,0.001935,172.31.46.0-255,66,227747,48,234663
10610,0.001939,74.125.24.0-255,97,227844,48,234663
10611,0.001941,74.125.24.0-255,105,227949,48,234663
10612,0.004635,172.31.46.0-255,66,228015,48,234663
10613,0.004673,172.31.46.0-255,105,228120,48,234663
10614,0.007022,74.125.24.0-255,66,228186,48,234663
10615,0.031779,172.31.46.0-255,192,228378,48,234663
10616,0.03181,172.31.46.0-255,1108,229486,48,234663
10617,0.03187,172.31.46.0-255,1514,231000,48,234663
10618,0.031872,172.31.46.0-255,1514,232514,48,234663
10619,0.031877,172.31.46.0-255,1514,234028,48,234663
10620,0.031878,172.31.46.0-255,371,234399,48,234663
10621,0.033439,104.244.42.0-255,66,234465,48,234663
10622,0.033527,104.244.42.0-255,66,234531,48,234663
10623,0.033554,104.244.42.0-255,66,234597,48,234663
10624,0.033574,104.244.42.0-255,66,234663,48,234663
10625,0.0,74.125.68.0-255,291,291,48,309055
10626,1.6e-05,172.31.46.0-255,66,357,48,309055
10627,2.2e-05,74.125.68.0-255,1484,1841,48,309055
10628,2.6e-05,172.31.46.0-255,66,1907,48,309055
10629,2.9e-05,74.125.68.0-255,1484,3391,48,309055
10630,3.2e-05,172.31.46.0-255,66,3457,48,309055
10631,6e-05,74.125.68.0-255,1484,4941,48,309055
10632,6.3e-05,172.31.46.0-255,66,5007,48,309055
10633,7e-05,74.125.68.0-255,5738,10745,48,309055
10634,7.2e-05,172.31.46.0-255,66,10811,48,309055
10635,7.6e-05,74.125.68.0-255,2902,13713,48,309055
10636,7.8e-05,172.31.46.0-255,66,13779,48,309055
10637,0.000109,74.125.68.0-255,389,14168,48,309055
10638,0.000112,172.31.46.0-255,66,14234,48,309055
10639,0.000185,74.125.68.0-255,1484,15718,48,309055
10640,0.000187,172.31.46.0-255,66,15784,48,309055
10641,0.000219,74.125.68.0-255,2902,18686,48,309055
10642,0.000222,172.31.46.0-255,66,18752,48,309055
10643,0.000245,74.125.68.0-255,2902,21654,48,309055
10644,0.000247,172.31.46.0-255,66,21720,48,309055
10645,0.000259,74.125.68.0-255,1484,23204,48,309055
10646,0.000264,172.31.46.0-255,66,23270,48,309055
10647,0.000288,74.125.68.0-255,5738,29008,48,309055
10648,0.00029,172.31.46.0-255,66,29074,48,309055
10649,0.000314,74.125.68.0-255,2543,31617,48,309055
10650,0.000316,172.31.46.0-255,66,31683,48,309055
10651,0.000513,74.125.68.0-255,1484,33167,48,309055
10652,0.000518,172.31.46.0-255,66,33233,48,309055
10653,0.000522,74.125.68.0-255,1484,34717,48,309055
10654,0.000523,172.31.46.0-255,66,34783,48,309055
10655,0.000545,74.125.68.0-255,2902,37685,48,309055
10656,0.000547,172.31.46.0-255,66,37751,48,309055
10657,0.000552,74.125.68.0-255,4320,42071,48,309055
10658,0.000554,172.31.46.0-255,66,42137,48,309055
10659,0.000573,74.125.68.0-255,1484,43621,48,309055
10660,0.00058,74.125.68.0-255,5379,49000,48,309055
10661,0.000583,172.31.46.0-255,66,49066,48,309055
10662,0.000615,74.125.68.0-255,5738,54804,48,309055
10663,0.000618,172.31.46.0-255,66,54870,48,309055
10664,0.000621,74.125.68.0-255,1484,56354,48,309055
10665,0.000649,74.125.68.0-255,4320,60674,48,309055
10666,0.000651,172.31.46.0-255,66,60740,48,309055
10667,0.000663,74.125.68.0-255,5689,66429,48,309055
10668,0.000669,172.31.46.0-255,66,66495,48,309055
10669,0.000859,74.125.68.0-255,110,66605,48,309055
10670,0.000876,74.125.68.0-255,332,66937,48,309055
10671,0.001053,172.31.46.0-255,66,67003,48,309055
10672,0.001122,74.125.68.0-255,1484,68487,48,309055
10673,0.001141,74.125.68.0-255,2902,71389,48,309055
10674,0.001143,172.31.46.0-255,66,71455,48,309055
10675,0.001188,74.125.68.0-255,4320,75775,48,309055
10676,0.00119,172.31.46.0-255,66,75841,48,309055
10677,0.001211,74.125.68.0-255,1484,77325,48,309055
10678,0.001218,74.125.68.0-255,7156,84481,48,309055
10679,0.00122,172.31.46.0-255,66,84547,48,309055
10680,0.001239,74.125.68.0-255,7156,91703,48,309055
10681,0.001241,172.31.46.0-255,66,91769,48,309055
10682,0.001245,74.125.68.0-255,1484,93253,48,309055
10683,0.001274,74.125.68.0-255,7156,100409,48,309055
10684,0.001276,172.31.46.0-255,66,100475,48,309055
10685,0.001279,74.125.68.0-255,766,101241,48,309055
10686,0.001317,74.125.68.0-255,1484,102725,48,309055
10687,0.00132,172.31.46.0-255,66,102791,48,309055
10688,0.001323,74.125.68.0-255,1484,104275,48,309055
10689,0.001343,74.125.68.0-255,1484,105759,48,309055
10690,0.001345,172.31.46.0-255,66,105825,48,309055
10691,0.00135,74.125.68.0-255,4320,110145,48,309055
10692,0.001352,172.31.46.0-255,66,110211,48,309055
10693,0.001386,172.31.46.0-255,66,110277,48,309055
10694,0.001392,74.125.68.0-255,5738,116015,48,309055
10695,0.001394,172.31.46.0-255,66,116081,48,309055
10696,0.001409,74.125.68.0-255,4320,120401,48,309055
10697,0.001411,172.31.46.0-255,66,120467,48,309055
10698,0.001432,74.125.68.0-255,2902,123369,48,309055
10699,0.001435,172.31.46.0-255,66,123435,48,309055
10700,0.001467,74.125.68.0-255,3602,127037,48,309055
10701,0.00147,172.31.46.0-255,66,127103,48,309055
10702,0.001545,74.125.68.0-255,1484,128587,48,309055
10703,0.001558,74.125.68.0-255,2902,131489,48,309055
10704,0.001561,172.31.46.0-255,66,131555,48,309055
10705,0.001565,74.125.68.0-255,1484,133039,48,309055
10706,0.001593,74.125.68.0-255,4320,137359,48,309055
10707,0.001596,172.31.46.0-255,66,137425,48,309055
10708,0.001599,74.125.68.0-255,1484,138909,48,309055
10709,0.001603,74.125.68.0-255,2902,141811,48,309055
10710,0.001605,172.31.46.0-255,66,141877,48,309055
10711,0.001625,74.125.68.0-255,5738,147615,48,309055
10712,0.001628,172.31.46.0-255,66,147681,48,309055
10713,0.001631,74.125.68.0-255,1484,149165,48,309055
10714,0.001658,74.125.68.0-255,4320,153485,48,309055
10715,0.001661,172.31.46.0-255,66,153551,48,309055
10716,0.001667,74.125.68.0-255,5738,159289,48,309055
10717,0.001669,172.31.46.0-255,66,159355,48,309055
10718,0.001695,74.125.68.0-255,1484,160839,48,309055
10719,0.001698,74.125.68.0-255,766,161605,48,309055
10720,0.0017,172.31.46.0-255,66,161671,48,309055
10721,0.001823,74.125.68.0-255,1484,163155,48,309055
10722,0.001828,74.125.68.0-255,1484,164639,48,309055
10723,0.001831,172.31.46.0-255,66,164705,48,309055
10724,0.001853,74.125.68.0-255,1484,166189,48,309055
10725,0.001858,74.125.68.0-255,4320,170509,48,309055
10726,0.00186,172.31.46.0-255,66,170575,48,309055
10727,0.001883,74.125.68.0-255,5738,176313,48,309055
10728,0.001885,172.31.46.0-255,66,176379,48,309055
10729,0.001911,74.125.68.0-255,2902,179281,48,309055
10730,0.001913,172.31.46.0-255,66,179347,48,309055
10731,0.001919,74.125.68.0-255,5738,185085,48,309055
10732,0.001921,172.31.46.0-255,66,185151,48,309055
10733,0.001931,74.125.68.0-255,7156,192307,48,309055
10734,0.001934,172.31.46.0-255,66,192373,48,309055
10735,0.001938,74.125.68.0-255,2902,195275,48,309055
10736,0.00194,172.31.46.0-255,66,195341,48,309055
10737,0.001969,74.125.68.0-255,766,196107,48,309055
10738,0.004334,172.31.46.0-255,66,196173,48,309055
10739,0.004344,74.125.68.0-255,4320,200493,48,309055
10740,0.004355,172.31.46.0-255,66,200559,48,309055
10741,0.006738,74.125.68.0-255,1484,202043,48,309055
10742,0.006761,74.125.68.0-255,4320,206363,48,309055
10743,0.006767,172.31.46.0-255,66,206429,48,309055
10744,0.009187,74.125.68.0-255,5738,212167,48,309055
10745,0.009192,172.31.46.0-255,66,212233,48,309055
10746,0.011603,74.125.68.0-255,5738,217971,48,309055
10747,0.01161,172.31.46.0-255,66,218037,48,309055
10748,0.014038,74.125.68.0-255,5738,223775,48,309055
10749,0.014048,172.31.46.0-255,66,223841,48,309055
10750,0.01647,74.125.68.0-255,5738,229579,48,309055
10751,0.016481,172.31.46.0-255,66,229645,48,309055
10752,0.018944,74.125.68.0-255,5738,235383,48,309055
10753,0.018953,172.31.46.0-255,66,235449,48,309055
10754,0.02137,74.125.68.0-255,5738,241187,48,309055
10755,0.021377,172.31.46.0-255,66,241253,48,309055
10756,0.023791,74.125.68.0-255,5738,246991,48,309055
10757,0.023798,172.31.46.0-255,66,247057,48,309055
10758,0.026207,74.125.68.0-255,5738,252795,48,309055
10759,0.026214,172.31.46.0-255,66,252861,48,309055
10760,0.028632,74.125.68.0-255,4320,257181,48,309055
10761,0.028638,172.31.46.0-255,66,257247,48,309055
10762,0.028667,74.125.68.0-255,1484,258731,48,309055
10763,0.031048,74.125.68.0-255,1484,260215,48,309055
10764,0.031052,172.31.46.0-255,66,260281,48,309055
10765,0.031079,74.125.68.0-255,2902,263183,48,309055
10766,0.031082,172.31.46.0-255,66,263249,48,309055
10767,0.031924,172.31.46.0-255,172,263421,48,309055
10768,0.031949,172.31.46.0-255,1111,264532,48,309055
10769,0.031997,172.31.46.0-255,1514,266046,48,309055
10770,0.031999,172.31.46.0-255,1514,267560,48,309055
10771,0.032025,172.31.46.0-255,603,268163,48,309055
10772,0.033477,74.125.68.0-255,5738,273901,48,309055
10773,0.033484,172.31.46.0-255,66,273967,48,309055
10774,0.033596,104.244.42.0-255,66,274033,48,309055
10775,0.033603,104.244.42.0-255,66,274099,48,309055
10776,0.033657,104.244.42.0-255,66,274165,48,309055
10777,0.03366,104.244.42.0-255,66,274231,48,309055
10778,0.035908,74.125.68.0-255,5738,279969,48,309055
10779,0.035914,172.31.46.0-255,66,280035,48,309055
10780,0.038339,74.125.68.0-255,5738,285773,48,309055
10781,0.038346,172.31.46.0-255,66,285839,48,309055
10782,0.040767,74.125.68.0-255,5738,291577,48,309055
10783,0.040774,172.31.46.0-255,66,291643,48,309055
10784,0.043188,74.125.68.0-255,5738,297381,48,309055
10785,0.043194,172.31.46.0-255,66,297447,48,309055
10786,0.045605,74.125.68.0-255,5738,303185,48,309055
10787,0.045611,172.31.46.0-255,66,303251,48,309055
10788,0.048023,74.125.68.0-255,5738,308989,48,309055
10789,0.048029,172.31.46.0-255,66,309055,48,309055
10790,0.0,172.217.194.0-255,152,152,48,199145
10791,2.2e-05,172.31.46.0-255,66,218,48,199145
10792,2.9e-05,172.217.194.0-255,1484,1702,48,199145
10793,3.4e-05,172.31.46.0-255,66,1768,48,199145
10794,4.7e-05,172.217.194.0-255,2902,4670,48,199145
10795,5e-05,172.31.46.0-255,66,4736,48,199145
10796,5.4e-05,172.217.194.0-255,2902,7638,48,199145
10797,5.6e-05,172.31.46.0-255,66,7704,48,199145
10798,0.000101,172.217.194.0-255,6319,14023,48,199145
10799,0.000104,172.31.46.0-255,66,14089,48,199145
10800,0.000163,172.217.194.0-255,1484,15573,48,199145
10801,0.000166,172.31.46.0-255,66,15639,48,199145
10802,0.000192,172.217.194.0-255,2902,18541,48,199145
10803,0.000198,172.217.194.0-255,5738,24279,48,199145
10804,0.000202,172.31.46.0-255,66,24345,48,199145
10805,0.000205,172.31.46.0-255,66,24411,48,199145
10806,0.000255,172.31.46.0-255,66,24477,48,199145
10807,0.00029,172.31.46.0-255,66,24543,48,199145
10808,0.000316,172.217.194.0-255,2902,27445,48,199145
10809,0.000318,172.31.46.0-255,66,27511,48,199145
10810,0.000321,172.217.194.0-255,1125,28636,48,199145
10811,0.000323,172.31.46.0-255,66,28702,48,199145
10812,0.000326,172.217.194.0-255,1484,30186,48,199145
10813,0.000328,172.31.46.0-255,66,30252,48,199145
10814,0.000349,172.217.194.0-255,2902,33154,48,199145
10815,0.000352,172.31.46.0-255,66,33220,48,199145
10816,0.000358,172.217.194.0-255,5738,38958,48,199145
10817,0.000361,172.31.46.0-255,66,39024,48,199145
10818,0.000394,172.217.194.0-255,6797,45821,48,199145
10819,0.000397,172.31.46.0-255,66,45887,48,199145
10820,0.000479,172.217.194.0-255,647,46534,48,199145
10821,0.000509,172.217.194.0-255,1484,48018,48,199145
10822,0.000513,172.31.46.0-255,66,48084,48,199145
10823,0.000519,172.217.194.0-255,4320,52404,48,199145
10824,0.000521,172.31.46.0-255,66,52470,48,199145
10825,0.000552,172.217.194.0-255,5738,58208,48,199145
10826,0.000555,172.31.46.0-255,66,58274,48,199145
10827,0.000561,172.217.194.0-255,7156,65430,48,199145
10828,0.000563,172.31.46.0-255,66,65496,48,199145
10829,0.000566,172.217.194.0-255,1484,66980,48,199145
10830,0.000603,172.31.46.0-255,66,67046,48,199145
10831,0.000605,172.217.194.0-255,766,67812,48,199145
10832,0.000823,172.217.194.0-255,1484,69296,48,199145
10833,0.000828,172.31.46.0-255,66,69362,48,199145
10834,0.000835,172.217.194.0-255,2902,72264,48,199145
10835,0.000838,172.31.46.0-255,66,72330,48,199145
10836,0.00085,172.217.194.0-255,5738,78068,48,199145
10837,0.000852,172.31.46.0-255,66,78134,48,199145
10838,0.0009,172.31.46.0-255,66,78200,48,199145
10839,0.000912,172.31.46.0-255,66,78266,48,199145
10840,0.000952,172.217.194.0-255,1484,79750,48,199145
10841,0.000955,172.217.194.0-255,1484,81234,48,199145
10842,0.000958,172.31.46.0-255,66,81300,48,199145
10843,0.000984,172.217.194.0-255,1484,82784,48,199145
10844,0.001,172.217.194.0-255,5738,88522,48,199145
10845,0.001002,172.217.194.0-255,1484,90006,48,199145
10846,0.001021,172.31.46.0-255,66,90072,48,199145
10847,0.001024,172.31.46.0-255,66,90138,48,199145
10848,0.00107,172.31.46.0-255,66,90204,48,199145
10849,0.001105,172.217.194.0-255,1484,91688,48,199145
10850,0.001111,172.217.194.0-255,2902,94590,48,199145
10851,0.001113,172.31.46.0-255,66,94656,48,199145
10852,0.001118,172.217.194.0-255,2902,97558,48,199145
10853,0.001119,172.31.46.0-255,66,97624,48,199145
10854,0.00114,172.217.194.0-255,2902,100526,48,199145
10855,0.001186,172.31.46.0-255,66,100592,48,199145
10856,0.001209,172.31.46.0-255,66,100658,48,199145
10857,0.001224,172.31.46.0-255,66,100724,48,199145
10858,0.00125,172.217.194.0-255,4320,105044,48,199145
10859,0.001253,172.31.46.0-255,66,105110,48,199145
10860,0.001284,172.217.194.0-255,4320,109430,48,199145
10861,0.001287,172.31.46.0-255,66,109496,48,199145
10862,0.0013,172.31.46.0-255,66,109562,48,199145
10863,0.001315,172.31.46.0-255,66,109628,48,199145
10864,0.00135,172.217.194.0-255,5020,114648,48,199145
10865,0.001353,172.31.46.0-255,66,114714,48,199145
10866,0.001383,172.217.194.0-255,5738,120452,48,199145
10867,0.001386,172.31.46.0-255,66,120518,48,199145
10868,0.001392,172.217.194.0-255,4320,124838,48,199145
10869,0.001394,172.31.46.0-255,66,124904,48,199145
10870,0.001432,172.31.46.0-255,66,124970,48,199145
10871,0.001435,172.217.194.0-255,1484,126454,48,199145
10872,0.001476,172.31.46.0-255,66,126520,48,199145
10873,0.001513,172.217.194.0-255,1484,128004,48,199145
10874,0.001517,172.217.194.0-255,1484,129488,48,199145
10875,0.00152,172.31.46.0-255,66,129554,48,199145
10876,0.001548,172.217.194.0-255,1484,131038,48,199145
10877,0.001555,172.217.194.0-255,5738,136776,48,199145
10878,0.001557,172.31.46.0-255,66,136842,48,199145
10879,0.001563,172.217.194.0-255,4320,141162,48,199145
10880,0.001565,172.31.46.0-255,66,141228,48,199145
10881,0.001582,172.31.46.0-255,66,141294,48,199145
10882,0.001604,172.217.194.0-255,1484,142778,48,199145
10883,0.001617,172.31.46.0-255,66,142844,48,199145
10884,0.001659,172.217.194.0-255,5020,147864,48,199145
10885,0.001663,172.31.46.0-255,66,147930,48,199145
10886,0.001679,172.31.46.0-255,66,147996,48,199145
10887,0.001689,172.31.46.0-255,66,148062,48,199145
10888,0.00172,172.217.194.0-255,5738,153800,48,199145
10889,0.001723,172.31.46.0-255,66,153866,48,199145
10890,0.00173,172.217.194.0-255,7156,161022,48,199145
10891,0.001732,172.31.46.0-255,66,161088,48,199145
10892,0.001735,172.217.194.0-255,1484,162572,48,199145
10893,0.001786,172.31.46.0-255,66,162638,48,199145
10894,0.001792,172.217.194.0-255,6438,169076,48,199145
10895,0.001795,172.31.46.0-255,66,169142,48,199145
10896,0.001875,172.217.194.0-255,1484,170626,48,199145
10897,0.001881,172.217.194.0-255,2902,173528,48,199145
10898,0.001884,172.31.46.0-255,66,173594,48,199145
10899,0.001911,172.217.194.0-255,5738,179332,48,199145
10900,0.001914,172.31.46.0-255,66,179398,48,199145
10901,0.001922,172.217.194.0-255,7156,186554,48,199145
10902,0.001924,172.31.46.0-255,66,186620,48,199145
10903,0.001935,172.217.194.0-255,4320,190940,48,199145
10904,0.001938,172.31.46.0-255,66,191006,48,199145
10905,0.001979,172.31.46.0-255,66,191072,48,199145
10906,0.001981,172.217.194.0-255,1274,192346,48,199145
10907,0.001984,172.217.194.0-255,105,192451,48,199145
10908,0.004485,172.31.46.0-255,66,192517,48,199145
10909,0.004518,172.31.46.0-255,105,192622,48,199145
10910,0.006479,172.217.194.0-255,66,192688,48,199145
10911,0.030986,172.31.46.0-255,172,192860,48,199145
10912,0.031049,172.31.46.0-255,1111,193971,48,199145
10913,0.031115,172.31.46.0-255,1514,195485,48,199145
10914,0.031116,172.31.46.0-255,1514,196999,48,199145
10915,0.031118,172.31.46.0-255,1514,198513,48,199145
10916,0.031119,172.31.46.0-255,368,198881,48,199145
10917,0.03262,104.244.42.0-255,66,198947,48,199145
10918,0.032631,104.244.42.0-255,66,199013,48,199145
10919,0.032732,104.244.42.0-255,66,199079,48,199145
10920,0.032738,104.244.42.0-255,66,199145,48,199145
10921,0.0,172.217.194.0-255,152,152,48,262474
10922,1.9e-05,172.217.194.0-255,1484,1636,48,262474
10923,3.1e-05,172.31.46.0-255,66,1702,48,262474
10924,3.9e-05,172.217.194.0-255,2902,4604,48,262474
10925,4.7e-05,172.217.194.0-255,7156,11760,48,262474
10926,8.9e-05,172.217.194.0-255,2090,13850,48,262474
10927,0.000145,172.31.46.0-255,66,13916,48,262474
10928,0.000187,172.217.194.0-255,1484,15400,48,262474
10929,0.000193,172.217.194.0-255,2902,18302,48,262474
10930,0.000214,172.217.194.0-255,5738,24040,48,262474
10931,0.000239,172.217.194.0-255,2902,26942,48,262474
10932,0.000251,172.217.194.0-255,1484,28426,48,262474
10933,0.000294,172.217.194.0-255,3961,32387,48,262474
10934,0.000363,172.217.194.0-255,6797,39184,48,262474
10935,0.000432,172.31.46.0-255,66,39250,48,262474
10936,0.001323,172.217.194.0-255,1484,40734,48,262474
10937,0.001335,172.217.194.0-255,2902,43636,48,262474
10938,0.001341,172.31.46.0-255,66,43702,48,262474
10939,0.00135,172.217.194.0-255,5738,49440,48,262474
10940,0.001397,172.217.194.0-255,2902,52342,48,262474
10941,0.001424,172.217.194.0-255,4541,56883,48,262474
10942,0.001431,172.217.194.0-255,7156,64039,48,262474
10943,0.001442,172.217.194.0-255,1484,65523,48,262474
10944,0.001487,172.217.194.0-255,4320,69843,48,262474
10945,0.001584,172.217.194.0-255,2902,72745,48,262474
10946,0.001974,172.217.194.0-255,1484,74229,48,262474
10947,0.001982,172.217.194.0-255,2902,77131,48,262474
10948,0.002004,172.217.194.0-255,5738,82869,48,262474
10949,0.002027,172.217.194.0-255,4320,87189,48,262474
10950,0.002047,172.217.194.0-255,7156,94345,48,262474
10951,0.002115,172.217.194.0-255,5738,100083,48,262474
10952,0.002137,172.217.194.0-255,4320,104403,48,262474
10953,0.002151,172.217.194.0-255,2184,106587,48,262474
10954,0.002204,172.217.194.0-255,4320,110907,48,262474
10955,0.002292,172.217.194.0-255,1484,112391,48,262474
10956,0.002342,172.217.194.0-255,6438,118829,48,262474
10957,0.00274,172.217.194.0-255,1484,120313,48,262474
10958,0.002744,172.217.194.0-255,1484,121797,48,262474
10959,0.002754,172.217.194.0-255,1484,123281,48,262474
10960,0.002775,172.217.194.0-255,5738,129019,48,262474
10961,0.002798,172.217.194.0-255,1484,130503,48,262474
10962,0.002815,172.217.194.0-255,5738,136241,48,262474
10963,0.002825,172.217.194.0-255,1484,137725,48,262474
10964,0.002884,172.217.194.0-255,1484,139209,48,262474
10965,0.002903,172.217.194.0-255,5738,144947,48,262474
10966,0.002928,172.217.194.0-255,2902,147849,48,262474
10967,0.002949,172.217.194.0-255,5020,152869,48,262474
10968,0.003003,172.217.194.0-255,1484,154353,48,262474
10969,0.00302,172.217.194.0-255,2902,157255,48,262474
10970,0.00304,172.217.194.0-255,5738,162993,48,262474
10971,0.003071,172.217.194.0-255,1484,164477,48,262474
10972,0.003085,172.217.194.0-255,4320,168797,48,262474
10973,0.003111,172.217.194.0-255,1484,170281,48,262474
10974,0.003131,172.217.194.0-255,5738,176019,48,262474
10975,0.003173,172.217.194.0-255,1484,177503,48,262474
10976,0.003208,172.217.194.0-255,766,178269,48,262474
10977,0.003248,172.217.194.0-255,4320,182589,48,262474
10978,0.00327,172.217.194.0-255,5738,188327,48,262474
10979,0.003321,172.217.194.0-255,5738,194065,48,262474
10980,0.003364,172.217.194.0-255,7156,201221,48,262474
10981,0.003468,172.217.194.0-255,766,201987,48,262474
10982,0.003487,172.217.194.0-255,1484,203471,48,262474
10983,0.003672,172.217.194.0-255,4320,207791,48,262474
10984,0.003694,172.217.194.0-255,3602,211393,48,262474
10985,0.003726,172.217.194.0-255,4320,215713,48,262474
10986,0.003744,172.217.194.0-255,4320,220033,48,262474
10987,0.003778,172.31.46.0-255,66,220099,48,262474
10988,0.003789,172.217.194.0-255,2902,223001,48,262474
10989,0.003836,172.217.194.0-255,7156,230157,48,262474
10990,0.003873,172.31.46.0-255,66,230223,48,262474
10991,0.003926,172.217.194.0-255,4320,234543,48,262474
10992,0.003937,172.31.46.0-255,66,234609,48,262474
10993,0.003964,172.31.46.0-255,66,234675,48,262474
10994,0.003974,172.217.194.0-255,766,235441,48,262474
10995,0.003992,172.31.46.0-255,66,235507,48,262474
10996,0.004092,172.217.194.0-255,4320,239827,48,262474
10997,0.004109,172.217.194.0-255,2902,242729,48,262474
10998,0.004113,172.31.46.0-255,66,242795,48,262474
10999,0.004118,172.31.46.0-255,66,242861,48,262474
11000,0.004141,172.217.194.0-255,2902,245763,48,262474
11001,0.004145,172.31.46.0-255,66,245829,48,262474
11002,0.004153,172.217.194.0-255,4320,250149,48,262474
11003,0.004178,172.31.46.0-255,66,250215,48,262474
11004,0.004218,172.31.46.0-255,66,250281,48,262474
11005,0.004387,172.217.194.0-255,1484,251765,48,262474
11006,0.004416,172.31.46.0-255,66,251831,48,262474
11007,0.004426,172.217.194.0-255,3844,255675,48,262474
11008,0.004435,172.31.46.0-255,66,255741,48,262474
11009,0.004451,172.217.194.0-255,105,255846,48,262474
11010,0.011461,172.31.46.0-255,105,255951,48,262474
11011,0.013826,172.217.194.0-255,66,256017,48,262474
11012,0.031671,172.31.46.0-255,172,256189,48,262474
11013,0.031705,172.31.46.0-255,1108,257297,48,262474
11014,0.031766,172.31.46.0-255,1514,258811,48,262474
11015,0.031768,172.31.46.0-255,1514,260325,48,262474
11016,0.031769,172.31.46.0-255,1514,261839,48,262474
11017,0.03177,172.31.46.0-255,371,262210,48,262474
11018,0.033363,104.244.42.0-255,66,262276,48,262474
11019,0.033453,104.244.42.0-255,66,262342,48,262474
11020,0.033457,104.244.42.0-255,66,262408,48,262474
11021,0.033461,104.244.42.0-255,66,262474,48,262474
11022,0.0,172.31.46.0-255,105,105,48,735
11023,0.000224,172.31.46.0-255,90,195,48,735
11024,0.000233,172.31.46.0-255,66,261,48,735
11025,0.002472,74.125.130.0-255,66,327,48,735
11026,0.002503,74.125.130.0-255,66,393,48,735
11027,0.002527,172.31.46.0-255,66,459,48,735
11028,0.004777,172.31.46.0-255,105,564,48,735
11029,0.006885,157.240.13.0-255,105,669,48,735
11030,0.006892,172.31.46.0-255,66,735,48,735
11031,0.0,172.217.194.0-255,153,153,48,235113
11032,2.3e-05,172.31.46.0-255,66,219,48,235113
11033,3e-05,172.217.194.0-255,1484,1703,48,235113
11034,3.4e-05,172.31.46.0-255,66,1769,48,235113
11035,4.8e-05,172.217.194.0-255,2902,4671,48,235113
11036,5.1e-05,172.31.46.0-255,66,4737,48,235113
11037,5.6e-05,172.217.194.0-255,2902,7639,48,235113
11038,6e-05,172.31.46.0-255,66,7705,48,235113
11039,8e-05,172.217.194.0-255,4320,12025,48,235113
11040,8.8e-05,172.31.46.0-255,66,12091,48,235113
11041,0.0001,172.31.46.0-255,66,12157,48,235113
11042,0.000142,172.31.46.0-255,66,12223,48,235113
11043,0.000154,172.31.46.0-255,66,12289,48,235113
11044,0.000188,172.217.194.0-255,5738,18027,48,235113
11045,0.00019,172.31.46.0-255,66,18093,48,235113
11046,0.000193,172.217.194.0-255,766,18859,48,235113
11047,0.000195,172.31.46.0-255,66,18925,48,235113
11048,0.000236,172.31.46.0-255,66,18991,48,235113
11049,0.000265,172.217.194.0-255,6797,25788,48,235113
11050,0.000267,172.31.46.0-255,66,25854,48,235113
11051,0.00027,172.217.194.0-255,679,26533,48,235113
11052,0.000272,172.31.46.0-255,66,26599,48,235113
11053,0.000383,172.217.194.0-255,1484,28083,48,235113
11054,0.000387,172.31.46.0-255,66,28149,48,235113
11055,0.000392,172.217.194.0-255,2902,31051,48,235113
11056,0.000395,172.31.46.0-255,66,31117,48,235113
11057,0.000424,172.217.194.0-255,5738,36855,48,235113
11058,0.000427,172.31.46.0-255,66,36921,48,235113
11059,0.000433,172.217.194.0-255,5738,42659,48,235113
11060,0.000435,172.31.46.0-255,66,42725,48,235113
11061,0.000441,172.217.194.0-255,4320,47045,48,235113
11062,0.000443,172.31.46.0-255,66,47111,48,235113
11063,0.000489,172.31.46.0-255,66,47177,48,235113
11064,0.000495,172.217.194.0-255,5020,52197,48,235113
11065,0.000498,172.31.46.0-255,66,52263,48,235113
11066,0.000694,172.217.194.0-255,1484,53747,48,235113
11067,0.000698,172.31.46.0-255,66,53813,48,235113
11068,0.000705,172.217.194.0-255,2902,56715,48,235113
11069,0.000707,172.31.46.0-255,66,56781,48,235113
11070,0.00074,172.217.194.0-255,5738,62519,48,235113
11071,0.000743,172.31.46.0-255,66,62585,48,235113
11072,0.000764,172.31.46.0-255,66,62651,48,235113
11073,0.000816,172.31.46.0-255,66,62717,48,235113
11074,0.000869,172.217.194.0-255,1484,64201,48,235113
11075,0.000885,172.217.194.0-255,2902,67103,48,235113
11076,0.000888,172.217.194.0-255,1484,68587,48,235113
11077,0.000898,172.31.46.0-255,66,68653,48,235113
11078,0.000915,172.217.194.0-255,4320,72973,48,235113
11079,0.000922,172.217.194.0-255,5738,78711,48,235113
11080,0.000929,172.31.46.0-255,66,78777,48,235113
11081,0.00094,172.217.194.0-255,7156,85933,48,235113
11082,0.000951,172.217.194.0-255,5738,91671,48,235113
11083,0.00098,172.31.46.0-255,66,91737,48,235113
11084,0.000987,172.217.194.0-255,5020,96757,48,235113
11085,0.001002,172.31.46.0-255,66,96823,48,235113
11086,0.001007,172.217.194.0-255,4320,101143,48,235113
11087,0.001027,172.217.194.0-255,1484,102627,48,235113
11088,0.001035,172.217.194.0-255,7156,109783,48,235113
11089,0.001085,172.31.46.0-255,66,109849,48,235113
11090,0.001118,172.217.194.0-255,6438,116287,48,235113
11091,0.00114,172.217.194.0-255,1484,117771,48,235113
11092,0.001144,172.217.194.0-255,1484,119255,48,235113
11093,0.001154,172.31.46.0-255,66,119321,48,235113
11094,0.001158,172.217.194.0-255,1484,120805,48,235113
11095,0.001185,172.217.194.0-255,5738,126543,48,235113
11096,0.00119,172.217.194.0-255,4320,130863,48,235113
11097,0.001207,172.31.46.0-255,66,130929,48,235113
11098,0.001213,172.217.194.0-255,4320,135249,48,235113
11099,0.001218,172.31.46.0-255,66,135315,48,235113
11100,0.001252,172.217.194.0-255,7156,142471,48,235113
11101,0.001274,172.31.46.0-255,66,142537,48,235113
11102,0.001284,172.217.194.0-255,1484,144021,48,235113
11103,0.001287,172.217.194.0-255,1484,145505,48,235113
11104,0.001306,172.31.46.0-255,66,145571,48,235113
11105,0.001315,172.217.194.0-255,1484,147055,48,235113
11106,0.001325,172.217.194.0-255,5738,152793,48,235113
11107,0.00133,172.217.194.0-255,2902,155695,48,235113
11108,0.001335,172.31.46.0-255,66,155761,48,235113
11109,0.001381,172.217.194.0-255,7156,162917,48,235113
11110,0.001388,172.31.46.0-255,66,162983,48,235113
11111,0.001415,172.217.194.0-255,3602,166585,48,235113
11112,0.001423,172.31.46.0-255,66,166651,48,235113
11113,0.00146,172.217.194.0-255,1484,168135,48,235113
11114,0.001465,172.217.194.0-255,2902,171037,48,235113
11115,0.001475,172.31.46.0-255,66,171103,48,235113
11116,0.001493,172.217.194.0-255,5738,176841,48,235113
11117,0.001504,172.217.194.0-255,5738,182579,48,235113
11118,0.001524,172.31.46.0-255,66,182645,48,235113
11119,0.00155,172.217.194.0-255,1484,184129,48,235113
11120,0.001557,172.217.194.0-255,5020,189149,48,235113
11121,0.001562,172.31.46.0-255,66,189215,48,235113
11122,0.001586,172.217.194.0-255,5738,194953,48,235113
11123,0.001591,172.217.194.0-255,2902,197855,48,235113
11124,0.001607,172.217.194.0-255,1484,199339,48,235113
11125,0.001615,172.31.46.0-255,66,199405,48,235113
11126,0.001627,172.217.194.0-255,5738,205143,48,235113
11127,0.001652,172.217.194.0-255,5738,210881,48,235113
11128,0.001683,172.31.46.0-255,66,210947,48,235113
11129,0.00179,172.217.194.0-255,2902,213849,48,235113
11130,0.001795,172.217.194.0-255,4320,218169,48,235113
11131,0.001812,172.31.46.0-255,66,218235,48,235113
11132,0.001821,172.217.194.0-255,2902,221137,48,235113
11133,0.001827,172.31.46.0-255,66,221203,48,235113
11134,0.001876,172.217.194.0-255,5020,226223,48,235113
11135,0.001884,172.31.46.0-255,66,226289,48,235113
11136,0.002078,172.217.194.0-255,1484,227773,48,235113
11137,0.002084,172.217.194.0-255,2902,230675,48,235113
11138,0.002094,172.31.46.0-255,66,230741,48,235113
11139,0.002129,172.217.194.0-255,3113,233854,48,235113
11140,0.002147,172.31.46.0-255,66,233920,48,235113
11141,0.002158,172.217.194.0-255,105,234025,48,235113
11142,0.004915,172.31.46.0-255,66,234091,48,235113
11143,0.004956,172.31.46.0-255,105,234196,48,235113
11144,0.007246,172.217.194.0-255,66,234262,48,235113
11145,0.028265,172.31.46.0-255,172,234434,48,235113
11146,0.028301,172.31.46.0-255,613,235047,48,235113
11147,0.030409,104.244.42.0-255,66,235113,48,235113
11148,0.0,172.31.46.0-255,252,252,48,318
11149,0.005862,74.125.24.0-255,66,318,48,318
11150,0.0,74.125.200.0-255,153,153,48,295939
11151,2.4e-05,172.31.46.0-255,66,219,48,295939
11152,3.2e-05,74.125.200.0-255,1484,1703,48,295939
11153,3.7e-05,172.31.46.0-255,66,1769,48,295939
11154,4.2e-05,74.125.200.0-255,2902,4671,48,295939
11155,4.5e-05,172.31.46.0-255,66,4737,48,295939
11156,5.3e-05,74.125.200.0-255,7156,11893,48,295939
11157,5.5e-05,172.31.46.0-255,66,11959,48,295939
11158,8.7e-05,74.125.200.0-255,2064,14023,48,295939
11159,9e-05,172.31.46.0-255,66,14089,48,295939
11160,0.000167,74.125.200.0-255,1484,15573,48,295939
11161,0.00017,172.31.46.0-255,66,15639,48,295939
11162,0.000174,74.125.200.0-255,1484,17123,48,295939
11163,0.000177,172.31.46.0-255,66,17189,48,295939
11164,0.00019,74.125.200.0-255,1484,18673,48,295939
11165,0.000192,172.31.46.0-255,66,18739,48,295939
11166,0.000195,74.125.200.0-255,1484,20223,48,295939
11167,0.000198,172.31.46.0-255,66,20289,48,295939
11168,0.000202,74.125.200.0-255,2902,23191,48,295939
11169,0.000204,172.31.46.0-255,66,23257,48,295939
11170,0.000236,74.125.200.0-255,5738,28995,48,295939
11171,0.000239,172.31.46.0-255,66,29061,48,295939
11172,0.000243,74.125.200.0-255,2543,31604,48,295939
11173,0.000245,172.31.46.0-255,66,31670,48,295939
11174,0.000248,74.125.200.0-255,1484,33154,48,295939
11175,0.00025,172.31.46.0-255,66,33220,48,295939
11176,0.000271,74.125.200.0-255,1484,34704,48,295939
11177,0.000273,172.31.46.0-255,66,34770,48,295939
11178,0.000281,74.125.200.0-255,7156,41926,48,295939
11179,0.000283,172.31.46.0-255,66,41992,48,295939
11180,0.000309,74.125.200.0-255,6797,48789,48,295939
11181,0.000312,172.31.46.0-255,66,48855,48,295939
11182,0.000351,74.125.200.0-255,1484,50339,48,295939
11183,0.000378,74.125.200.0-255,2902,53241,48,295939
11184,0.0004,74.125.200.0-255,2902,56143,48,295939
11185,0.000422,74.125.200.0-255,1484,57627,48,295939
11186,0.000428,74.125.200.0-255,5738,63365,48,295939
11187,0.000447,74.125.200.0-255,3132,66497,48,295939
11188,0.000542,172.31.46.0-255,66,66563,48,295939
11189,0.000647,74.125.200.0-255,1484,68047,48,295939
11190,0.000661,74.125.200.0-255,2902,70949,48,295939
11191,0.000673,74.125.200.0-255,1484,72433,48,295939
11192,0.000688,74.125.200.0-255,4320,76753,48,295939
11193,0.000699,74.125.200.0-255,1484,78237,48,295939
11194,0.000705,172.31.46.0-255,66,78303,48,295939
11195,0.000719,74.125.200.0-255,7156,85459,48,295939
11196,0.000724,74.125.200.0-255,2902,88361,48,295939
11197,0.000747,74.125.200.0-255,7156,95517,48,295939
11198,0.000754,74.125.200.0-255,5020,100537,48,295939
11199,0.000758,172.31.46.0-255,66,100603,48,295939
11200,0.000938,74.125.200.0-255,1484,102087,48,295939
11201,0.000954,74.125.200.0-255,2902,104989,48,295939
11202,0.000957,74.125.200.0-255,1484,106473,48,295939
11203,0.000968,74.125.200.0-255,2902,109375,48,295939
11204,0.001023,74.125.200.0-255,1484,110859,48,295939
11205,0.001046,74.125.200.0-255,5738,116597,48,295939
11206,0.001058,74.125.200.0-255,766,117363,48,295939
11207,0.001096,172.31.46.0-255,66,117429,48,295939
11208,0.001556,74.125.200.0-255,1484,118913,48,295939
11209,0.001577,74.125.200.0-255,2902,121815,48,295939
11210,0.001581,172.31.46.0-255,66,121881,48,295939
11211,0.001588,74.125.200.0-255,5738,127619,48,295939
11212,0.001601,172.31.46.0-255,66,127685,48,295939
11213,0.001611,74.125.200.0-255,1484,129169,48,295939
11214,0.00166,172.31.46.0-255,66,129235,48,295939
11215,0.001671,74.125.200.0-255,2184,131419,48,295939
11216,0.001676,172.31.46.0-255,66,131485,48,295939
11217,0.001795,74.125.200.0-255,1484,132969,48,295939
11218,0.001801,74.125.200.0-255,2902,135871,48,295939
11219,0.001813,172.31.46.0-255,66,135937,48,295939
11220,0.001823,74.125.200.0-255,4320,140257,48,295939
11221,0.001827,172.31.46.0-255,66,140323,48,295939
11222,0.001856,74.125.200.0-255,7156,147479,48,295939
11223,0.001866,172.31.46.0-255,66,147545,48,295939
11224,0.001869,74.125.200.0-255,1484,149029,48,295939
11225,0.001873,74.125.200.0-255,2902,151931,48,295939
11226,0.001895,74.125.200.0-255,2902,154833,48,295939
11227,0.001915,74.125.200.0-255,766,155599,48,295939
11228,0.001918,172.31.46.0-255,66,155665,48,295939
11229,0.001935,172.31.46.0-255,66,155731,48,295939
11230,0.002068,74.125.200.0-255,1484,157215,48,295939
11231,0.002087,74.125.200.0-255,2902,160117,48,295939
11232,0.002096,172.31.46.0-255,66,160183,48,295939
11233,0.002108,74.125.200.0-255,5738,165921,48,295939
11234,0.002111,74.125.200.0-255,1484,167405,48,295939
11235,0.002125,172.31.46.0-255,66,167471,48,295939
11236,0.002134,74.125.200.0-255,2902,170373,48,295939
11237,0.002137,74.125.200.0-255,1484,171857,48,295939
11238,0.00215,74.125.200.0-255,4320,176177,48,295939
11239,0.002152,172.31.46.0-255,66,176243,48,295939
11240,0.002166,74.125.200.0-255,1484,177727,48,295939
11241,0.002173,172.31.46.0-255,66,177793,48,295939
11242,0.002192,172.31.46.0-255,66,177859,48,295939
11243,0.002229,74.125.200.0-255,3602,181461,48,295939
11244,0.002233,172.31.46.0-255,66,181527,48,295939
11245,0.004443,74.125.200.0-255,1484,183011,48,295939
11246,0.004469,74.125.200.0-255,4320,187331,48,295939
11247,0.004474,172.31.46.0-255,66,187397,48,295939
11248,0.006698,74.125.200.0-255,2902,190299,48,295939
11249,0.006712,74.125.200.0-255,2902,193201,48,295939
11250,0.008631,172.31.46.0-255,66,193267,48,295939
11251,0.010883,74.125.200.0-255,5738,199005,48,295939
11252,0.010893,172.31.46.0-255,66,199071,48,295939
11253,0.01315,74.125.200.0-255,5738,204809,48,295939
11254,0.013895,172.31.46.0-255,66,204875,48,295939
11255,0.016153,74.125.200.0-255,5738,210613,48,295939
11256,0.016171,172.31.46.0-255,66,210679,48,295939
11257,0.018432,74.125.200.0-255,5738,216417,48,295939
11258,0.018448,172.31.46.0-255,66,216483,48,295939
11259,0.020702,74.125.200.0-255,5738,222221,48,295939
11260,0.020713,172.31.46.0-255,66,222287,48,295939
11261,0.022968,74.125.200.0-255,5738,228025,48,295939
11262,0.022975,172.31.46.0-255,66,228091,48,295939
11263,0.025215,74.125.200.0-255,5738,233829,48,295939
11264,0.025223,172.31.46.0-255,66,233895,48,295939
11265,0.027471,74.125.200.0-255,5738,239633,48,295939
11266,0.027484,172.31.46.0-255,66,239699,48,295939
11267,0.029729,74.125.200.0-255,5738,245437,48,295939
11268,0.029741,172.31.46.0-255,66,245503,48,295939
11269,0.032034,74.125.200.0-255,5738,251241,48,295939
11270,0.032041,172.31.46.0-255,66,251307,48,295939
11271,0.03251,172.31.46.0-255,176,251483,48,295939
11272,0.03254,172.31.46.0-255,1107,252590,48,295939
11273,0.03259,172.31.46.0-255,1514,254104,48,295939
11274,0.032592,172.31.46.0-255,1514,255618,48,295939
11275,0.032593,172.31.46.0-255,607,256225,48,295939
11276,0.034095,104.244.42.0-255,66,256291,48,295939
11277,0.034108,104.244.42.0-255,66,256357,48,295939
11278,0.034171,104.244.42.0-255,66,256423,48,295939
11279,0.034175,104.244.42.0-255,66,256489,48,295939
11280,0.034283,74.125.200.0-255,5738,262227,48,295939
11281,0.03429,172.31.46.0-255,66,262293,48,295939
11282,0.034952,104.244.42.0-255,108,262401,48,295939
11283,0.03496,172.31.46.0-255,66,262467,48,295939
11284,0.036533,74.125.200.0-255,5738,268205,48,295939
11285,0.036541,172.31.46.0-255,66,268271,48,295939
11286,0.038798,74.125.200.0-255,5738,274009,48,295939
11287,0.038807,172.31.46.0-255,66,274075,48,295939
11288,0.041069,74.125.200.0-255,5738,279813,48,295939
11289,0.041084,172.31.46.0-255,66,279879,48,295939
11290,0.043406,74.125.200.0-255,5738,285617,48,295939
11291,0.043414,172.31.46.0-255,66,285683,48,295939
11292,0.045655,74.125.200.0-255,4320,290003,48,295939
11293,0.045663,172.31.46.0-255,66,290069,48,295939
11294,0.045682,74.125.200.0-255,1484,291553,48,295939
11295,0.0479,74.125.200.0-255,4320,295873,48,295939
11296,0.047907,172.31.46.0-255,66,295939,48,295939
11297,0.0,74.125.68.0-255,153,153,48,196474
11298,1.6e-05,172.31.46.0-255,66,219,48,196474
11299,2.2e-05,74.125.68.0-255,1484,1703,48,196474
11300,2.7e-05,172.31.46.0-255,66,1769,48,196474
11301,7.2e-05,74.125.68.0-255,2902,4671,48,196474
11302,7.6e-05,172.31.46.0-255,66,4737,48,196474
11303,8.1e-05,74.125.68.0-255,4320,9057,48,196474
11304,8.4e-05,172.31.46.0-255,66,9123,48,196474
11305,9e-05,74.125.68.0-255,4822,13945,48,196474
11306,9.3e-05,172.31.46.0-255,66,14011,48,196474
11307,0.000123,74.125.68.0-255,7156,21167,48,196474
11308,0.000127,172.31.46.0-255,66,21233,48,196474
11309,0.000173,74.125.68.0-255,5738,26971,48,196474
11310,0.000177,172.31.46.0-255,66,27037,48,196474
11311,0.000194,74.125.68.0-255,1484,28521,48,196474
11312,0.000196,172.31.46.0-255,66,28587,48,196474
11313,0.00022,74.125.68.0-255,2543,31130,48,196474
11314,0.000223,172.31.46.0-255,66,31196,48,196474
11315,0.000369,74.125.68.0-255,1484,32680,48,196474
11316,0.000373,172.31.46.0-255,66,32746,48,196474
11317,0.000378,74.125.68.0-255,2902,35648,48,196474
11318,0.000382,172.31.46.0-255,66,35714,48,196474
11319,0.000398,74.125.68.0-255,1484,37198,48,196474
11320,0.0004,172.31.46.0-255,66,37264,48,196474
11321,0.000419,74.125.68.0-255,2902,40166,48,196474
11322,0.000422,172.31.46.0-255,66,40232,48,196474
11323,0.000487,74.125.68.0-255,2902,43134,48,196474
11324,0.000491,172.31.46.0-255,66,43200,48,196474
11325,0.00052,74.125.68.0-255,4320,47520,48,196474
11326,0.000523,172.31.46.0-255,66,47586,48,196474
11327,0.000554,74.125.68.0-255,1484,49070,48,196474
11328,0.000557,172.31.46.0-255,66,49136,48,196474
11329,0.000588,74.125.68.0-255,2902,52038,48,196474
11330,0.000591,172.31.46.0-255,66,52104,48,196474
11331,0.000595,74.125.68.0-255,1484,53588,48,196474
11332,0.000614,74.125.68.0-255,4320,57908,48,196474
11333,0.000617,172.31.46.0-255,66,57974,48,196474
11334,0.000625,74.125.68.0-255,7156,65130,48,196474
11335,0.000627,172.31.46.0-255,66,65196,48,196474
11336,0.00063,74.125.68.0-255,766,65962,48,196474
11337,0.0011,172.31.46.0-255,66,66028,48,196474
11338,0.002873,74.125.68.0-255,679,66707,48,196474
11339,0.002931,172.31.46.0-255,66,66773,48,196474
11340,0.003793,74.125.68.0-255,1484,68257,48,196474
11341,0.003811,74.125.68.0-255,2902,71159,48,196474
11342,0.003815,172.31.46.0-255,66,71225,48,196474
11343,0.005212,74.125.68.0-255,1484,72709,48,196474
11344,0.006098,74.125.68.0-255,4320,77029,48,196474
11345,0.006104,172.31.46.0-255,66,77095,48,196474
11346,0.008386,74.125.68.0-255,5738,82833,48,196474
11347,0.008394,172.31.46.0-255,66,82899,48,196474
11348,0.010682,74.125.68.0-255,5738,88637,48,196474
11349,0.010691,172.31.46.0-255,66,88703,48,196474
11350,0.012991,74.125.68.0-255,5738,94441,48,196474
11351,0.012999,172.31.46.0-255,66,94507,48,196474
11352,0.015275,74.125.68.0-255,5738,100245,48,196474
11353,0.015281,172.31.46.0-255,66,100311,48,196474
11354,0.01757,74.125.68.0-255,5738,106049,48,196474
11355,0.017581,172.31.46.0-255,66,106115,48,196474
11356,0.019861,74.125.68.0-255,5738,111853,48,196474
11357,0.019868,172.31.46.0-255,66,111919,48,196474
11358,0.022148,74.125.68.0-255,5738,117657,48,196474
11359,0.022157,172.31.46.0-255,66,117723,48,196474
11360,0.024442,74.125.68.0-255,5738,123461,48,196474
11361,0.02445,172.31.46.0-255,66,123527,48,196474
11362,0.026731,74.125.68.0-255,5738,129265,48,196474
11363,0.026741,172.31.46.0-255,66,129331,48,196474
11364,0.028354,172.31.46.0-255,164,129495,48,196474
11365,0.028386,172.31.46.0-255,1122,130617,48,196474
11366,0.028451,172.31.46.0-255,1514,132131,48,196474
11367,0.028453,172.31.46.0-255,1514,133645,48,196474
11368,0.028458,172.31.46.0-255,1514,135159,48,196474
11369,0.028459,172.31.46.0-255,1514,136673,48,196474
11370,0.028489,172.31.46.0-255,1497,138170,48,196474
11371,0.029017,74.125.68.0-255,5738,143908,48,196474
11372,0.029025,172.31.46.0-255,66,143974,48,196474
11373,0.030656,104.244.42.0-255,66,144040,48,196474
11374,0.030699,104.244.42.0-255,66,144106,48,196474
11375,0.03072,104.244.42.0-255,66,144172,48,196474
11376,0.030749,104.244.42.0-255,66,144238,48,196474
11377,0.031306,74.125.68.0-255,5738,149976,48,196474
11378,0.031316,172.31.46.0-255,66,150042,48,196474
11379,0.03361,74.125.68.0-255,5738,155780,48,196474
11380,0.033619,172.31.46.0-255,66,155846,48,196474
11381,0.035907,74.125.68.0-255,5738,161584,48,196474
11382,0.035918,172.31.46.0-255,66,161650,48,196474
11383,0.038211,74.125.68.0-255,5738,167388,48,196474
11384,0.038222,172.31.46.0-255,66,167454,48,196474
11385,0.040523,74.125.68.0-255,5738,173192,48,196474
11386,0.040538,172.31.46.0-255,66,173258,48,196474
11387,0.042828,74.125.68.0-255,5738,178996,48,196474
11388,0.042838,172.31.46.0-255,66,179062,48,196474
11389,0.045129,74.125.68.0-255,5738,184800,48,196474
11390,0.045146,172.31.46.0-255,66,184866,48,196474
11391,0.047425,74.125.68.0-255,5738,190604,48,196474
11392,0.047437,172.31.46.0-255,66,190670,48,196474
11393,0.049742,74.125.68.0-255,5738,196408,48,196474
11394,0.049752,172.31.46.0-255,66,196474,48,196474
11395,0.0,74.125.200.0-255,153,153,48,273282
11396,1.8e-05,172.31.46.0-255,66,219,48,273282
11397,2.4e-05,74.125.200.0-255,1484,1703,48,273282
11398,2.8e-05,172.31.46.0-255,66,1769,48,273282
11399,3.1e-05,74.125.200.0-255,1484,3253,48,273282
11400,3.5e-05,172.31.46.0-255,66,3319,48,273282
11401,4.1e-05,74.125.200.0-255,2902,6221,48,273282
11402,4.4e-05,172.31.46.0-255,66,6287,48,273282
11403,5.1e-05,74.125.200.0-255,5738,12025,48,273282
11404,5.4e-05,172.31.46.0-255,66,12091,48,273282
11405,7.9e-05,74.125.200.0-255,1484,13575,48,273282
11406,8.1e-05,172.31.46.0-255,66,13641,48,273282
11407,0.000103,74.125.200.0-255,6344,19985,48,273282
11408,0.000106,172.31.46.0-255,66,20051,48,273282
11409,0.000118,74.125.200.0-255,2902,22953,48,273282
11410,0.000121,172.31.46.0-255,66,23019,48,273282
11411,0.000141,74.125.200.0-255,5738,28757,48,273282
11412,0.000143,172.31.46.0-255,66,28823,48,273282
11413,0.000168,74.125.200.0-255,1484,30307,48,273282
11414,0.00017,172.31.46.0-255,66,30373,48,273282
11415,0.000173,74.125.200.0-255,1125,31498,48,273282
11416,0.000175,172.31.46.0-255,66,31564,48,273282
11417,0.000285,74.125.200.0-255,1484,33048,48,273282
11418,0.000289,172.31.46.0-255,66,33114,48,273282
11419,0.000294,74.125.200.0-255,2902,36016,48,273282
11420,0.000297,172.31.46.0-255,66,36082,48,273282
11421,0.000323,74.125.200.0-255,2902,38984,48,273282
11422,0.000325,172.31.46.0-255,66,39050,48,273282
11423,0.000344,74.125.200.0-255,4320,43370,48,273282
11424,0.000346,172.31.46.0-255,66,43436,48,273282
11425,0.000383,74.125.200.0-255,5379,48815,48,273282
11426,0.000386,172.31.46.0-255,66,48881,48,273282
11427,0.000418,74.125.200.0-255,5738,54619,48,273282
11428,0.000421,172.31.46.0-255,66,54685,48,273282
11429,0.000425,74.125.200.0-255,1484,56169,48,273282
11430,0.000441,74.125.200.0-255,2902,59071,48,273282
11431,0.000444,172.31.46.0-255,66,59137,48,273282
11432,0.000472,74.125.200.0-255,5738,64875,48,273282
11433,0.000475,172.31.46.0-255,66,64941,48,273282
11434,0.000478,74.125.200.0-255,1125,66066,48,273282
11435,0.000536,74.125.200.0-255,399,66465,48,273282
11436,0.000636,74.125.200.0-255,1484,67949,48,273282
11437,0.00064,172.31.46.0-255,66,68015,48,273282
11438,0.000658,74.125.200.0-255,2902,70917,48,273282
11439,0.000661,172.31.46.0-255,66,70983,48,273282
11440,0.000691,74.125.200.0-255,1484,72467,48,273282
11441,0.000713,74.125.200.0-255,2902,75369,48,273282
11442,0.000717,172.31.46.0-255,66,75435,48,273282
11443,0.000742,74.125.200.0-255,5738,81173,48,273282
11444,0.000745,172.31.46.0-255,66,81239,48,273282
11445,0.000783,74.125.200.0-255,2241,83480,48,273282
11446,0.000786,172.31.46.0-255,66,83546,48,273282
11447,0.000793,74.125.200.0-255,2902,86448,48,273282
11448,0.000795,172.31.46.0-255,66,86514,48,273282
11449,0.000827,74.125.200.0-255,7156,93670,48,273282
11450,0.000831,172.31.46.0-255,66,93736,48,273282
11451,0.000835,74.125.200.0-255,2902,96638,48,273282
11452,0.000838,172.31.46.0-255,66,96704,48,273282
11453,0.000854,74.125.200.0-255,3961,100665,48,273282
11454,0.000857,172.31.46.0-255,66,100731,48,273282
11455,0.001122,74.125.200.0-255,1484,102215,48,273282
11456,0.001143,74.125.200.0-255,2902,105117,48,273282
11457,0.001147,172.31.46.0-255,66,105183,48,273282
11458,0.001152,74.125.200.0-255,4320,109503,48,273282
11459,0.001154,172.31.46.0-255,66,109569,48,273282
11460,0.00116,74.125.200.0-255,5738,115307,48,273282
11461,0.001161,172.31.46.0-255,66,115373,48,273282
11462,0.001194,172.31.46.0-255,66,115439,48,273282
11463,0.001199,74.125.200.0-255,4320,119759,48,273282
11464,0.001201,172.31.46.0-255,66,119825,48,273282
11465,0.001238,74.125.200.0-255,1484,121309,48,273282
11466,0.001251,74.125.200.0-255,2184,123493,48,273282
11467,0.001253,172.31.46.0-255,66,123559,48,273282
11468,0.001917,74.125.200.0-255,1484,125043,48,273282
11469,0.001958,74.125.200.0-255,1484,126527,48,273282
11470,0.001963,172.31.46.0-255,66,126593,48,273282
11471,0.001968,74.125.200.0-255,2902,129495,48,273282
11472,0.00197,172.31.46.0-255,66,129561,48,273282
11473,0.002014,74.125.200.0-255,4320,133881,48,273282
11474,0.002017,172.31.46.0-255,66,133947,48,273282
11475,0.002031,74.125.200.0-255,1484,135431,48,273282
11476,0.002038,74.125.200.0-255,7156,142587,48,273282
11477,0.002041,172.31.46.0-255,66,142653,48,273282
11478,0.002093,172.31.46.0-255,66,142719,48,273282
11479,0.002098,74.125.200.0-255,2902,145621,48,273282
11480,0.0021,172.31.46.0-255,66,145687,48,273282
11481,0.002114,74.125.200.0-255,2184,147871,48,273282
11482,0.002117,172.31.46.0-255,66,147937,48,273282
11483,0.004371,74.125.200.0-255,5738,153675,48,273282
11484,0.004378,172.31.46.0-255,66,153741,48,273282
11485,0.006648,74.125.200.0-255,5738,159479,48,273282
11486,0.006651,172.31.46.0-255,66,159545,48,273282
11487,0.008929,74.125.200.0-255,5738,165283,48,273282
11488,0.008943,172.31.46.0-255,66,165349,48,273282
11489,0.011231,74.125.200.0-255,5738,171087,48,273282
11490,0.011245,172.31.46.0-255,66,171153,48,273282
11491,0.013515,74.125.200.0-255,5738,176891,48,273282
11492,0.013523,172.31.46.0-255,66,176957,48,273282
11493,0.015803,74.125.200.0-255,5738,182695,48,273282
11494,0.015819,172.31.46.0-255,66,182761,48,273282
11495,0.018093,74.125.200.0-255,5738,188499,48,273282
11496,0.018099,172.31.46.0-255,66,188565,48,273282
11497,0.020366,74.125.200.0-255,5738,194303,48,273282
11498,0.020375,172.31.46.0-255,66,194369,48,273282
11499,0.022641,74.125.200.0-255,5738,200107,48,273282
11500,0.022649,172.31.46.0-255,66,200173,48,273282
11501,0.02492,74.125.200.0-255,5738,205911,48,273282
11502,0.024928,172.31.46.0-255,66,205977,48,273282
11503,0.027203,74.125.200.0-255,5738,211715,48,273282
11504,0.02721,172.31.46.0-255,66,211781,48,273282
11505,0.02949,74.125.200.0-255,5738,217519,48,273282
11506,0.029505,172.31.46.0-255,66,217585,48,273282
11507,0.031771,74.125.200.0-255,5738,223323,48,273282
11508,0.031779,172.31.46.0-255,66,223389,48,273282
11509,0.034057,74.125.200.0-255,5738,229127,48,273282
11510,0.034072,172.31.46.0-255,66,229193,48,273282
11511,0.03636,74.125.200.0-255,5738,234931,48,273282
11512,0.03637,172.31.46.0-255,66,234997,48,273282
11513,0.038654,74.125.200.0-255,5738,240735,48,273282
11514,0.038669,172.31.46.0-255,66,240801,48,273282
11515,0.040942,74.125.200.0-255,5738,246539,48,273282
11516,0.040954,172.31.46.0-255,66,246605,48,273282
11517,0.04275,172.31.46.0-255,172,246777,48,273282
11518,0.042777,172.31.46.0-255,1112,247889,48,273282
11519,0.042838,172.31.46.0-255,1514,249403,48,273282
11520,0.04284,172.31.46.0-255,1514,250917,48,273282
11521,0.042844,172.31.46.0-255,1514,252431,48,273282
11522,0.042845,172.31.46.0-255,1514,253945,48,273282
11523,0.042862,172.31.46.0-255,1514,255459,48,273282
11524,0.042863,172.31.46.0-255,147,255606,48,273282
11525,0.043224,74.125.200.0-255,5738,261344,48,273282
11526,0.043232,172.31.46.0-255,66,261410,48,273282
11527,0.044314,104.244.42.0-255,66,261476,48,273282
11528,0.04436,104.244.42.0-255,66,261542,48,273282
11529,0.044394,104.244.42.0-255,66,261608,48,273282
11530,0.044398,104.244.42.0-255,66,261674,48,273282
11531,0.04549,74.125.200.0-255,5738,267412,48,273282
11532,0.045501,172.31.46.0-255,66,267478,48,273282
11533,0.047769,74.125.200.0-255,5738,273216,48,273282
11534,0.047779,172.31.46.0-255,66,273282,48,273282
11535,0.0,172.217.194.0-255,296,296,48,178144
11536,1.5e-05,172.31.46.0-255,66,362,48,178144
11537,2.1e-05,172.217.194.0-255,1484,1846,48,178144
11538,2.6e-05,172.31.46.0-255,66,1912,48,178144
11539,4.2e-05,172.217.194.0-255,2902,4814,48,178144
11540,4.4e-05,172.31.46.0-255,66,4880,48,178144
11541,5.9e-05,172.217.194.0-255,1484,6364,48,178144
11542,6.1e-05,172.31.46.0-255,66,6430,48,178144
11543,8.4e-05,172.217.194.0-255,1484,7914,48,178144
11544,8.6e-05,172.31.46.0-255,66,7980,48,178144
11545,0.000113,172.31.46.0-255,66,8046,48,178144
11546,0.000117,172.217.194.0-255,2902,10948,48,178144
11547,0.000119,172.31.46.0-255,66,11014,48,178144
11548,0.000145,172.217.194.0-255,7156,18170,48,178144
11549,0.000147,172.31.46.0-255,66,18236,48,178144
11550,0.000162,172.217.194.0-255,5738,23974,48,178144
11551,0.000166,172.31.46.0-255,66,24040,48,178144
11552,0.000204,172.31.46.0-255,66,24106,48,178144
11553,0.000207,172.217.194.0-255,766,24872,48,178144
11554,0.000209,172.31.46.0-255,66,24938,48,178144
11555,0.000231,172.217.194.0-255,1484,26422,48,178144
11556,0.000234,172.31.46.0-255,66,26488,48,178144
11557,0.000238,172.217.194.0-255,2902,29390,48,178144
11558,0.000241,172.31.46.0-255,66,29456,48,178144
11559,0.000247,172.217.194.0-255,4320,33776,48,178144
11560,0.000249,172.31.46.0-255,66,33842,48,178144
11561,0.000265,172.217.194.0-255,1484,35326,48,178144
11562,0.000267,172.31.46.0-255,66,35392,48,178144
11563,0.000303,172.217.194.0-255,2902,38294,48,178144
11564,0.000306,172.31.46.0-255,66,38360,48,178144
11565,0.000331,172.217.194.0-255,4541,42901,48,178144
11566,0.000334,172.31.46.0-255,66,42967,48,178144
11567,0.000344,172.31.46.0-255,66,43033,48,178144
11568,0.000347,172.217.194.0-255,1484,44517,48,178144
11569,0.000395,172.31.46.0-255,66,44583,48,178144
11570,0.000402,172.217.194.0-255,6438,51021,48,178144
11571,0.000404,172.31.46.0-255,66,51087,48,178144
11572,0.000411,172.217.194.0-255,7156,58243,48,178144
11573,0.000414,172.31.46.0-255,66,58309,48,178144
11574,0.000445,172.31.46.0-255,66,58375,48,178144
11575,0.000459,172.217.194.0-255,5738,64113,48,178144
11576,0.000462,172.31.46.0-255,66,64179,48,178144
11577,0.000467,172.217.194.0-255,4320,68499,48,178144
11578,0.000469,172.31.46.0-255,66,68565,48,178144
11579,0.0005,172.217.194.0-255,3602,72167,48,178144
11580,0.000503,172.31.46.0-255,66,72233,48,178144
11581,0.000529,172.31.46.0-255,66,72299,48,178144
11582,0.000562,172.217.194.0-255,3602,75901,48,178144
11583,0.000565,172.31.46.0-255,66,75967,48,178144
11584,0.000578,172.31.46.0-255,66,76033,48,178144
11585,0.000629,172.31.46.0-255,66,76099,48,178144
11586,0.000647,172.217.194.0-255,4320,80419,48,178144
11587,0.000716,172.31.46.0-255,66,80485,48,178144
11588,0.001492,172.217.194.0-255,1484,81969,48,178144
11589,0.001496,172.217.194.0-255,1484,83453,48,178144
11590,0.001501,172.31.46.0-255,66,83519,48,178144
11591,0.001509,172.217.194.0-255,1484,85003,48,178144
11592,0.001512,172.217.194.0-255,1484,86487,48,178144
11593,0.001514,172.31.46.0-255,66,86553,48,178144
11594,0.001531,172.217.194.0-255,4320,90873,48,178144
11595,0.001533,172.31.46.0-255,66,90939,48,178144
11596,0.001537,172.217.194.0-255,4320,95259,48,178144
11597,0.001539,172.31.46.0-255,66,95325,48,178144
11598,0.001557,172.217.194.0-255,7156,102481,48,178144
11599,0.001559,172.31.46.0-255,66,102547,48,178144
11600,0.001582,172.217.194.0-255,1484,104031,48,178144
11601,0.001595,172.217.194.0-255,4320,108351,48,178144
11602,0.001598,172.31.46.0-255,66,108417,48,178144
11603,0.001618,172.217.194.0-255,6438,114855,48,178144
11604,0.00162,172.31.46.0-255,66,114921,48,178144
11605,0.001663,172.217.194.0-255,1484,116405,48,178144
11606,0.001676,172.217.194.0-255,2902,119307,48,178144
11607,0.001678,172.31.46.0-255,66,119373,48,178144
11608,0.001701,172.217.194.0-255,5738,125111,48,178144
11609,0.001704,172.31.46.0-255,66,125177,48,178144
11610,0.001728,172.217.194.0-255,7156,132333,48,178144
11611,0.00173,172.31.46.0-255,66,132399,48,178144
11612,0.001758,172.217.194.0-255,5738,138137,48,178144
11613,0.00176,172.31.46.0-255,66,138203,48,178144
11614,0.001767,172.217.194.0-255,7156,145359,48,178144
11615,0.001769,172.31.46.0-255,66,145425,48,178144
11616,0.001795,172.217.194.0-255,3602,149027,48,178144
11617,0.001797,172.31.46.0-255,66,149093,48,178144
11618,0.001832,172.217.194.0-255,2902,151995,48,178144
11619,0.001834,172.31.46.0-255,66,152061,48,178144
11620,0.001859,172.217.194.0-255,4320,156381,48,178144
11621,0.001862,172.31.46.0-255,66,156447,48,178144
11622,0.001871,172.31.46.0-255,66,156513,48,178144
11623,0.001905,172.31.46.0-255,66,156579,48,178144
11624,0.001934,172.31.46.0-255,66,156645,48,178144
11625,0.001938,172.217.194.0-255,2902,159547,48,178144
11626,0.00194,172.31.46.0-255,66,159613,48,178144
11627,0.001952,172.217.194.0-255,2902,162515,48,178144
11628,0.001954,172.31.46.0-255,66,162581,48,178144
11629,0.001996,172.217.194.0-255,1484,164065,48,178144
11630,0.00201,172.31.46.0-255,66,164131,48,178144
11631,0.002044,172.31.46.0-255,66,164197,48,178144
11632,0.002063,172.217.194.0-255,2902,167099,48,178144
11633,0.002077,172.31.46.0-255,66,167165,48,178144
11634,0.002087,172.217.194.0-255,5020,172185,48,178144
11635,0.002113,172.31.46.0-255,66,172251,48,178144
11636,0.002181,172.217.194.0-255,105,172356,48,178144
11637,0.002201,172.31.46.0-255,66,172422,48,178144
11638,0.011122,172.31.46.0-255,105,172527,48,178144
11639,0.013739,172.217.194.0-255,66,172593,48,178144
11640,0.033591,172.31.46.0-255,176,172769,48,178144
11641,0.033627,172.31.46.0-255,1112,173881,48,178144
11642,0.033694,172.31.46.0-255,1514,175395,48,178144
11643,0.033696,172.31.46.0-255,1514,176909,48,178144
11644,0.033721,172.31.46.0-255,971,177880,48,178144
11645,0.03525,104.244.42.0-255,66,177946,48,178144
11646,0.035293,104.244.42.0-255,66,178012,48,178144
11647,0.035376,104.244.42.0-255,66,178078,48,178144
11648,0.035421,104.244.42.0-255,66,178144,48,178144
11649,0.0,74.125.68.0-255,152,152,48,404978
11650,2.3e-05,172.31.46.0-255,66,218,48,404978
11651,3e-05,74.125.68.0-255,1484,1702,48,404978
11652,3.4e-05,172.31.46.0-255,66,1768,48,404978
11653,8.2e-05,74.125.68.0-255,2902,4670,48,404978
11654,8.5e-05,172.31.46.0-255,66,4736,48,404978
11655,0.000109,74.125.68.0-255,1484,6220,48,404978
11656,0.000112,172.31.46.0-255,66,6286,48,404978
11657,0.000116,74.125.68.0-255,1484,7770,48,404978
11658,0.000118,172.31.46.0-255,66,7836,48,404978
11659,0.000136,74.125.68.0-255,1484,9320,48,404978
11660,0.00014,172.31.46.0-255,66,9386,48,404978
11661,0.000186,74.125.68.0-255,2902,12288,48,404978
11662,0.000189,172.31.46.0-255,66,12354,48,404978
11663,0.000215,74.125.68.0-255,2024,14378,48,404978
11664,0.000217,172.31.46.0-255,66,14444,48,404978
11665,0.000224,74.125.68.0-255,5738,20182,48,404978
11666,0.000226,172.31.46.0-255,66,20248,48,404978
11667,0.000233,74.125.68.0-255,4320,24568,48,404978
11668,0.000237,172.31.46.0-255,66,24634,48,404978
11669,0.00026,74.125.68.0-255,4320,28954,48,404978
11670,0.000266,172.31.46.0-255,66,29020,48,404978
11671,0.000285,74.125.68.0-255,2543,31563,48,404978
11672,0.000287,172.31.46.0-255,66,31629,48,404978
11673,0.000318,74.125.68.0-255,1484,33113,48,404978
11674,0.000321,172.31.46.0-255,66,33179,48,404978
11675,0.000325,74.125.68.0-255,1484,34663,48,404978
11676,0.000327,172.31.46.0-255,66,34729,48,404978
11677,0.000332,74.125.68.0-255,2902,37631,48,404978
11678,0.000334,172.31.46.0-255,66,37697,48,404978
11679,0.00034,74.125.68.0-255,5738,43435,48,404978
11680,0.000343,172.31.46.0-255,66,43501,48,404978
11681,0.000363,74.125.68.0-255,1484,44985,48,404978
11682,0.000387,74.125.68.0-255,2902,47887,48,404978
11683,0.000408,74.125.68.0-255,1125,49012,48,404978
11684,0.000412,74.125.68.0-255,1484,50496,48,404978
11685,0.000431,74.125.68.0-255,4320,54816,48,404978
11686,0.000457,74.125.68.0-255,7156,61972,48,404978
11687,0.000478,74.125.68.0-255,3961,65933,48,404978
11688,0.000647,172.31.46.0-255,66,65999,48,404978
11689,0.000659,74.125.68.0-255,646,66645,48,404978
11690,0.000748,74.125.68.0-255,1484,68129,48,404978
11691,0.000753,74.125.68.0-255,2902,71031,48,404978
11692,0.000769,172.31.46.0-255,66,71097,48,404978
11693,0.000798,74.125.68.0-255,5738,76835,48,404978
11694,0.000818,172.31.46.0-255,66,76901,48,404978
11695,0.00084,74.125.68.0-255,2902,79803,48,404978
11696,0.000858,172.31.46.0-255,66,79869,48,404978
11697,0.000875,74.125.68.0-255,4320,84189,48,404978
11698,0.000892,74.125.68.0-255,6797,90986,48,404978
11699,0.000911,74.125.68.0-255,4320,95306,48,404978
11700,0.000918,172.31.46.0-255,66,95372,48,404978
11701,0.000931,74.125.68.0-255,1484,96856,48,404978
11702,0.000947,74.125.68.0-255,3961,100817,48,404978
11703,0.000969,172.31.46.0-255,66,100883,48,404978
11704,0.000995,74.125.68.0-255,1484,102367,48,404978
11705,0.001001,74.125.68.0-255,2902,105269,48,404978
11706,0.001018,172.31.46.0-255,66,105335,48,404978
11707,0.001031,74.125.68.0-255,5738,111073,48,404978
11708,0.00104,74.125.68.0-255,2902,113975,48,404978
11709,0.001068,172.31.46.0-255,66,114041,48,404978
11710,0.001121,74.125.68.0-255,3412,117453,48,404978
11711,0.001129,172.31.46.0-255,66,117519,48,404978
11712,0.001343,74.125.68.0-255,1484,119003,48,404978
11713,0.001376,74.125.68.0-255,2902,121905,48,404978
11714,0.001383,74.125.68.0-255,5738,127643,48,404978
11715,0.001412,74.125.68.0-255,4320,131963,48,404978
11716,0.001436,74.125.68.0-255,2902,134865,48,404978
11717,0.001439,74.125.68.0-255,1484,136349,48,404978
11718,0.00146,74.125.68.0-255,7156,143505,48,404978
11719,0.001463,74.125.68.0-255,1484,144989,48,404978
11720,0.001492,74.125.68.0-255,4320,149309,48,404978
11721,0.001509,74.125.68.0-255,2184,151493,48,404978
11722,0.001539,74.125.68.0-255,1484,152977,48,404978
11723,0.001543,74.125.68.0-255,1484,154461,48,404978
11724,0.001575,74.125.68.0-255,1484,155945,48,404978
11725,0.001582,74.125.68.0-255,5738,161683,48,404978
11726,0.001585,74.125.68.0-255,1484,163167,48,404978
11727,0.001618,74.125.68.0-255,1484,164651,48,404978
11728,0.001625,74.125.68.0-255,4320,168971,48,404978
11729,0.001681,74.125.68.0-255,4320,173291,48,404978
11730,0.00171,74.125.68.0-255,5020,178311,48,404978
11731,0.00175,74.125.68.0-255,5738,184049,48,404978
11732,0.001764,74.125.68.0-255,1484,185533,48,404978
11733,0.001797,74.125.68.0-255,4320,189853,48,404978
11734,0.001829,74.125.68.0-255,4320,194173,48,404978
11735,0.001876,74.125.68.0-255,2902,197075,48,404978
11736,0.001913,74.125.68.0-255,2902,199977,48,404978
11737,0.001926,74.125.68.0-255,2902,202879,48,404978
11738,0.001957,74.125.68.0-255,2902,205781,48,404978
11739,0.00197,74.125.68.0-255,1484,207265,48,404978
11740,0.001996,74.125.68.0-255,3602,210867,48,404978
11741,0.00204,74.125.68.0-255,1484,212351,48,404978
11742,0.002045,74.125.68.0-255,2902,215253,48,404978
11743,0.002049,74.125.68.0-255,2902,218155,48,404978
11744,0.002076,74.125.68.0-255,2902,221057,48,404978
11745,0.002082,74.125.68.0-255,4320,225377,48,404978
11746,0.002118,74.125.68.0-255,2902,228279,48,404978
11747,0.002134,74.125.68.0-255,2902,231181,48,404978
11748,0.00214,74.125.68.0-255,4320,235501,48,404978
11749,0.002159,74.125.68.0-255,4320,239821,48,404978
11750,0.002172,74.125.68.0-255,2902,242723,48,404978
11751,0.002181,74.125.68.0-255,2184,244907,48,404978
11752,0.002332,74.125.68.0-255,1484,246391,48,404978
11753,0.002338,74.125.68.0-255,2902,249293,48,404978
11754,0.002363,74.125.68.0-255,2902,252195,48,404978
11755,0.002368,74.125.68.0-255,4320,256515,48,404978
11756,0.002372,74.125.68.0-255,2902,259417,48,404978
11757,0.002419,74.125.68.0-255,1484,260901,48,404978
11758,0.00244,74.125.68.0-255,4320,265221,48,404978
11759,0.002466,74.125.68.0-255,4320,269541,48,404978
11760,0.002482,74.125.68.0-255,2902,272443,48,404978
11761,0.002511,74.125.68.0-255,2902,275345,48,404978
11762,0.002545,74.125.68.0-255,5738,281083,48,404978
11763,0.002579,74.125.68.0-255,2902,283985,48,404978
11764,0.00262,74.125.68.0-255,2902,286887,48,404978
11765,0.002637,74.125.68.0-255,2902,289789,48,404978
11766,0.002661,74.125.68.0-255,4320,294109,48,404978
11767,0.002677,74.125.68.0-255,1484,295593,48,404978
11768,0.002697,74.125.68.0-255,4320,299913,48,404978
11769,0.002714,74.125.68.0-255,2902,302815,48,404978
11770,0.002738,74.125.68.0-255,2184,304999,48,404978
11771,0.002742,74.125.68.0-255,1484,306483,48,404978
11772,0.00278,74.125.68.0-255,2902,309385,48,404978
11773,0.002784,74.125.68.0-255,1484,310869,48,404978
11774,0.0028,74.125.68.0-255,1484,312353,48,404978
11775,0.002815,74.125.68.0-255,1484,313837,48,404978
11776,0.002819,74.125.68.0-255,2902,316739,48,404978
11777,0.002844,74.125.68.0-255,5738,322477,48,404978
11778,0.002866,74.125.68.0-255,4320,326797,48,404978
11779,0.002872,74.125.68.0-255,5738,332535,48,404978
11780,0.002902,74.125.68.0-255,1484,334019,48,404978
11781,0.002918,74.125.68.0-255,5020,339039,48,404978
11782,0.003023,74.125.68.0-255,1484,340523,48,404978
11783,0.003035,74.125.68.0-255,2902,343425,48,404978
11784,0.00311,74.125.68.0-255,4320,347745,48,404978
11785,0.003163,74.125.68.0-255,2902,350647,48,404978
11786,0.003179,74.125.68.0-255,2902,353549,48,404978
11787,0.003198,74.125.68.0-255,1484,355033,48,404978
11788,0.003224,74.125.68.0-255,1484,356517,48,404978
11789,0.003236,74.125.68.0-255,2902,359419,48,404978
11790,0.003263,74.125.68.0-255,4320,363739,48,404978
11791,0.00331,74.125.68.0-255,5738,369477,48,404978
11792,0.003326,74.125.68.0-255,1484,370961,48,404978
11793,0.00334,74.125.68.0-255,3602,374563,48,404978
11794,0.003345,74.125.68.0-255,4320,378883,48,404978
11795,0.003421,74.125.68.0-255,2902,381785,48,404978
11796,0.003435,74.125.68.0-255,2902,384687,48,404978
11797,0.003457,74.125.68.0-255,4320,389007,48,404978
11798,0.003492,74.125.68.0-255,5738,394745,48,404978
11799,0.003495,74.125.68.0-255,905,395650,48,404978
11800,0.003517,74.125.68.0-255,105,395755,48,404978
11801,0.003528,74.125.68.0-255,129,395884,48,404978
11802,0.005665,172.31.46.0-255,66,395950,48,404978
11803,0.008829,172.31.46.0-255,105,396055,48,404978
11804,0.008881,172.31.46.0-255,105,396160,48,404978
11805,0.009123,172.31.46.0-255,90,396250,48,404978
11806,0.009143,172.31.46.0-255,66,396316,48,404978
11807,0.016103,74.125.68.0-255,66,396382,48,404978
11808,0.016121,74.125.68.0-255,66,396448,48,404978
11809,0.016235,74.125.68.0-255,66,396514,48,404978
11810,0.016272,74.125.68.0-255,66,396580,48,404978
11811,0.016282,172.31.46.0-255,66,396646,48,404978
11812,0.042656,172.31.46.0-255,172,396818,48,404978
11813,0.0427,172.31.46.0-255,1112,397930,48,404978
11814,0.042766,172.31.46.0-255,1514,399444,48,404978
11815,0.042768,172.31.46.0-255,1514,400958,48,404978
11816,0.04277,172.31.46.0-255,1514,402472,48,404978
11817,0.042771,172.31.46.0-255,1514,403986,48,404978
11818,0.042772,172.31.46.0-255,554,404540,48,404978
11819,0.044264,104.244.42.0-255,66,404606,48,404978
11820,0.04429,104.244.42.0-255,66,404672,48,404978
11821,0.044343,104.244.42.0-255,66,404738,48,404978
11822,0.044347,104.244.42.0-255,66,404804,48,404978
11823,0.046209,104.244.42.0-255,108,404912,48,404978
11824,0.046229,172.31.46.0-255,66,404978,48,404978
11825,0.0,216.58.221.0-255,153,153,48,282464
11826,2.5e-05,216.58.221.0-255,1484,1637,48,282464
11827,3.3e-05,172.31.46.0-255,66,1703,48,282464
11828,4.3e-05,216.58.221.0-255,2902,4605,48,282464
11829,4.6e-05,216.58.221.0-255,1484,6089,48,282464
11830,7.5e-05,216.58.221.0-255,4320,10409,48,282464
11831,7.8e-05,216.58.221.0-255,1484,11893,48,282464
11832,9.3e-05,216.58.221.0-255,4888,16781,48,282464
11833,9.6e-05,216.58.221.0-255,1484,18265,48,282464
11834,0.000115,216.58.221.0-255,4320,22585,48,282464
11835,0.000129,216.58.221.0-255,1484,24069,48,282464
11836,0.000152,216.58.221.0-255,6797,30866,48,282464
11837,0.000284,172.31.46.0-255,66,30932,48,282464
11838,0.000495,216.58.221.0-255,1484,32416,48,282464
11839,0.000501,216.58.221.0-255,2902,35318,48,282464
11840,0.000508,216.58.221.0-255,5738,41056,48,282464
11841,0.000527,216.58.221.0-255,4320,45376,48,282464
11842,0.000546,172.31.46.0-255,66,45442,48,282464
11843,0.000551,216.58.221.0-255,2543,47985,48,282464
11844,0.000572,172.31.46.0-255,66,48051,48,282464
11845,0.000598,216.58.221.0-255,2902,50953,48,282464
11846,0.000604,216.58.221.0-255,2850,53803,48,282464
11847,0.000619,172.31.46.0-255,66,53869,48,282464
11848,0.001107,216.58.221.0-255,115,53984,48,282464
11849,0.001327,216.58.221.0-255,1484,55468,48,282464
11850,0.001334,172.31.46.0-255,66,55534,48,282464
11851,0.001341,216.58.221.0-255,1484,57018,48,282464
11852,0.00136,216.58.221.0-255,1484,58502,48,282464
11853,0.001383,216.58.221.0-255,2902,61404,48,282464
11854,0.001406,216.58.221.0-255,2902,64306,48,282464
11855,0.001422,216.58.221.0-255,2902,67208,48,282464
11856,0.001446,216.58.221.0-255,6797,74005,48,282464
11857,0.001581,216.58.221.0-255,1484,75489,48,282464
11858,0.001588,216.58.221.0-255,2902,78391,48,282464
11859,0.001624,216.58.221.0-255,1484,79875,48,282464
11860,0.001639,216.58.221.0-255,2902,82777,48,282464
11861,0.001654,216.58.221.0-255,5738,88515,48,282464
11862,0.001672,216.58.221.0-255,2902,91417,48,282464
11863,0.001678,216.58.221.0-255,4320,95737,48,282464
11864,0.001698,216.58.221.0-255,3602,99339,48,282464
11865,0.001886,216.58.221.0-255,1484,100823,48,282464
11866,0.001893,216.58.221.0-255,2902,103725,48,282464
11867,0.001896,216.58.221.0-255,1484,105209,48,282464
11868,0.001917,216.58.221.0-255,1484,106693,48,282464
11869,0.001935,216.58.221.0-255,1484,108177,48,282464
11870,0.001952,216.58.221.0-255,2902,111079,48,282464
11871,0.001959,216.58.221.0-255,5738,116817,48,282464
11872,0.001987,216.58.221.0-255,2902,119719,48,282464
11873,0.002002,216.58.221.0-255,3602,123321,48,282464
11874,0.0022,216.58.221.0-255,1484,124805,48,282464
11875,0.002217,216.58.221.0-255,2902,127707,48,282464
11876,0.00222,216.58.221.0-255,1484,129191,48,282464
11877,0.002241,216.58.221.0-255,4320,133511,48,282464
11878,0.002254,216.58.221.0-255,1484,134995,48,282464
11879,0.002311,216.58.221.0-255,3602,138597,48,282464
11880,0.002361,216.58.221.0-255,1484,140081,48,282464
11881,0.002366,216.58.221.0-255,2902,142983,48,282464
11882,0.002369,216.58.221.0-255,1484,144467,48,282464
11883,0.00239,216.58.221.0-255,4320,148787,48,282464
11884,0.002395,216.58.221.0-255,4320,153107,48,282464
11885,0.002423,216.58.221.0-255,2902,156009,48,282464
11886,0.002438,216.58.221.0-255,5738,161747,48,282464
11887,0.002455,216.58.221.0-255,2184,163931,48,282464
11888,0.00299,216.58.221.0-255,1484,165415,48,282464
11889,0.002995,216.58.221.0-255,2902,168317,48,282464
11890,0.002997,216.58.221.0-255,1484,169801,48,282464
11891,0.00302,216.58.221.0-255,4320,174121,48,282464
11892,0.003025,216.58.221.0-255,4320,178441,48,282464
11893,0.003031,216.58.221.0-255,5738,184179,48,282464
11894,0.003069,216.58.221.0-255,7156,191335,48,282464
11895,0.003085,216.58.221.0-255,4320,195655,48,282464
11896,0.00309,216.58.221.0-255,2184,197839,48,282464
11897,0.003321,216.58.221.0-255,1484,199323,48,282464
11898,0.003324,216.58.221.0-255,1484,200807,48,282464
11899,0.003341,216.58.221.0-255,1484,202291,48,282464
11900,0.003349,216.58.221.0-255,5738,208029,48,282464
11901,0.00339,216.58.221.0-255,2902,210931,48,282464
11902,0.003393,216.58.221.0-255,1484,212415,48,282464
11903,0.003397,216.58.221.0-255,2902,215317,48,282464
11904,0.00341,216.58.221.0-255,2902,218219,48,282464
11905,0.003412,216.58.221.0-255,766,218985,48,282464
11906,0.003453,216.58.221.0-255,2902,221887,48,282464
11907,0.003469,216.58.221.0-255,1484,223371,48,282464
11908,0.003475,172.31.46.0-255,78,223449,48,282464
11909,0.003539,172.31.46.0-255,78,223527,48,282464
11910,0.003566,216.58.221.0-255,1484,225011,48,282464
11911,0.00357,172.31.46.0-255,66,225077,48,282464
11912,0.003578,216.58.221.0-255,6438,231515,48,282464
11913,0.003581,172.31.46.0-255,66,231581,48,282464
11914,0.003679,216.58.221.0-255,1484,233065,48,282464
11915,0.003682,172.31.46.0-255,66,233131,48,282464
11916,0.003687,216.58.221.0-255,2902,236033,48,282464
11917,0.003689,172.31.46.0-255,66,236099,48,282464
11918,0.003694,216.58.221.0-255,4320,240419,48,282464
11919,0.003701,172.31.46.0-255,66,240485,48,282464
11920,0.003712,216.58.221.0-255,1484,241969,48,282464
11921,0.003714,172.31.46.0-255,66,242035,48,282464
11922,0.003735,216.58.221.0-255,2902,244937,48,282464
11923,0.003738,172.31.46.0-255,66,245003,48,282464
11924,0.003744,216.58.221.0-255,4320,249323,48,282464
11925,0.003746,172.31.46.0-255,66,249389,48,282464
11926,0.003784,216.58.221.0-255,1484,250873,48,282464
11927,0.003809,216.58.221.0-255,6438,257311,48,282464
11928,0.004048,216.58.221.0-255,1484,258795,48,282464
11929,0.004061,216.58.221.0-255,2902,261697,48,282464
11930,0.004066,216.58.221.0-255,4320,266017,48,282464
11931,0.004081,216.58.221.0-255,1484,267501,48,282464
11932,0.004085,216.58.221.0-255,1484,268985,48,282464
11933,0.004127,216.58.221.0-255,5738,274723,48,282464
11934,0.00415,216.58.221.0-255,1853,276576,48,282464
11935,0.004174,216.58.221.0-255,105,276681,48,282464
11936,0.006348,172.31.46.0-255,66,276747,48,282464
11937,0.008911,172.31.46.0-255,105,276852,48,282464
11938,0.010924,216.58.221.0-255,66,276918,48,282464
11939,0.033215,172.31.46.0-255,171,277089,48,282464
11940,0.033283,172.31.46.0-255,1132,278221,48,282464
11941,0.033347,172.31.46.0-255,1514,279735,48,282464
11942,0.033349,172.31.46.0-255,1514,281249,48,282464
11943,0.03335,172.31.46.0-255,951,282200,48,282464
11944,0.034869,104.244.42.0-255,66,282266,48,282464
11945,0.034953,104.244.42.0-255,66,282332,48,282464
11946,0.035031,104.244.42.0-255,66,282398,48,282464
11947,0.035097,104.244.42.0-255,66,282464,48,282464
11948,0.0,172.217.194.0-255,153,153,48,193077
11949,1.3e-05,172.31.46.0-255,66,219,48,193077
11950,1.9e-05,172.217.194.0-255,1484,1703,48,193077
11951,2.3e-05,172.31.46.0-255,66,1769,48,193077
11952,2.9e-05,172.217.194.0-255,2902,4671,48,193077
11953,3.3e-05,172.31.46.0-255,66,4737,48,193077
11954,3.6e-05,172.217.194.0-255,1484,6221,48,193077
11955,3.9e-05,172.31.46.0-255,66,6287,48,193077
11956,6.1e-05,172.217.194.0-255,5738,12025,48,193077
11957,6.4e-05,172.31.46.0-255,66,12091,48,193077
11958,8.6e-05,172.217.194.0-255,5738,17829,48,193077
11959,8.9e-05,172.31.46.0-255,66,17895,48,193077
11960,0.000128,172.31.46.0-255,66,17961,48,193077
11961,0.000132,172.217.194.0-255,2543,20504,48,193077
11962,0.000135,172.31.46.0-255,66,20570,48,193077
11963,0.000184,172.217.194.0-255,1484,22054,48,193077
11964,0.000186,172.31.46.0-255,66,22120,48,193077
11965,0.000191,172.217.194.0-255,2902,25022,48,193077
11966,0.000194,172.31.46.0-255,66,25088,48,193077
11967,0.000212,172.217.194.0-255,5738,30826,48,193077
11968,0.000214,172.31.46.0-255,66,30892,48,193077
11969,0.000228,172.217.194.0-255,1484,32376,48,193077
11970,0.00023,172.31.46.0-255,66,32442,48,193077
11971,0.000254,172.31.46.0-255,66,32508,48,193077
11972,0.000301,172.31.46.0-255,66,32574,48,193077
11973,0.000304,172.217.194.0-255,436,33010,48,193077
11974,0.000306,172.31.46.0-255,66,33076,48,193077
11975,0.000489,172.217.194.0-255,1484,34560,48,193077
11976,0.000494,172.31.46.0-255,66,34626,48,193077
11977,0.0005,172.217.194.0-255,2902,37528,48,193077
11978,0.000502,172.31.46.0-255,66,37594,48,193077
11979,0.000508,172.217.194.0-255,4320,41914,48,193077
11980,0.000511,172.31.46.0-255,66,41980,48,193077
11981,0.000532,172.217.194.0-255,1484,43464,48,193077
11982,0.000538,172.217.194.0-255,2902,46366,48,193077
11983,0.00054,172.31.46.0-255,66,46432,48,193077
11984,0.00057,172.31.46.0-255,66,46498,48,193077
11985,0.000574,172.217.194.0-255,1484,47982,48,193077
11986,0.000584,172.217.194.0-255,1484,49466,48,193077
11987,0.000587,172.31.46.0-255,66,49532,48,193077
11988,0.000601,172.217.194.0-255,4320,53852,48,193077
11989,0.000604,172.31.46.0-255,66,53918,48,193077
11990,0.000618,172.217.194.0-255,3602,57520,48,193077
11991,0.000621,172.31.46.0-255,66,57586,48,193077
11992,0.001011,172.217.194.0-255,1484,59070,48,193077
11993,0.001017,172.217.194.0-255,2902,61972,48,193077
11994,0.00102,172.31.46.0-255,66,62038,48,193077
11995,0.001042,172.217.194.0-255,4320,66358,48,193077
11996,0.001045,172.31.46.0-255,66,66424,48,193077
11997,0.001066,172.217.194.0-255,1484,67908,48,193077
11998,0.001077,172.31.46.0-255,66,67974,48,193077
11999,0.001089,172.31.46.0-255,66,68040,48,193077
12000,0.001142,172.217.194.0-255,5020,73060,48,193077
12001,0.001145,172.31.46.0-255,66,73126,48,193077
12002,0.001382,172.217.194.0-255,1484,74610,48,193077
12003,0.001411,172.217.194.0-255,2902,77512,48,193077
12004,0.001415,172.31.46.0-255,66,77578,48,193077
12005,0.001422,172.217.194.0-255,5738,83316,48,193077
12006,0.001424,172.31.46.0-255,66,83382,48,193077
12007,0.001428,172.217.194.0-255,1484,84866,48,193077
12008,0.001459,172.31.46.0-255,66,84932,48,193077
12009,0.001468,172.217.194.0-255,7156,92088,48,193077
12010,0.00147,172.31.46.0-255,66,92154,48,193077
12011,0.001491,172.217.194.0-255,3602,95756,48,193077
12012,0.001493,172.31.46.0-255,66,95822,48,193077
12013,0.001505,172.31.46.0-255,66,95888,48,193077
12014,0.001523,172.217.194.0-255,1484,97372,48,193077
12015,0.001534,172.31.46.0-255,66,97438,48,193077
12016,0.001577,172.217.194.0-255,1484,98922,48,193077
12017,0.001595,172.217.194.0-255,4320,103242,48,193077
12018,0.001597,172.31.46.0-255,66,103308,48,193077
12019,0.001626,172.31.46.0-255,66,103374,48,193077
12020,0.001975,172.217.194.0-255,1484,104858,48,193077
12021,0.001992,172.217.194.0-255,2902,107760,48,193077
12022,0.001995,172.31.46.0-255,66,107826,48,193077
12023,0.002002,172.217.194.0-255,4320,112146,48,193077
12024,0.002004,172.31.46.0-255,66,112212,48,193077
12025,0.002016,172.217.194.0-255,1484,113696,48,193077
12026,0.002021,172.217.194.0-255,2902,116598,48,193077
12027,0.002023,172.31.46.0-255,66,116664,48,193077
12028,0.002056,172.31.46.0-255,66,116730,48,193077
12029,0.002069,172.217.194.0-255,1484,118214,48,193077
12030,0.002164,172.217.194.0-255,1484,119698,48,193077
12031,0.002176,172.217.194.0-255,2902,122600,48,193077
12032,0.00219,172.217.194.0-255,5738,128338,48,193077
12033,0.002218,172.217.194.0-255,2902,131240,48,193077
12034,0.002271,172.217.194.0-255,5738,136978,48,193077
12035,0.002302,172.217.194.0-255,1484,138462,48,193077
12036,0.002305,172.217.194.0-255,2902,141364,48,193077
12037,0.002351,172.217.194.0-255,7156,148520,48,193077
12038,0.002367,172.217.194.0-255,1484,150004,48,193077
12039,0.002385,172.217.194.0-255,4320,154324,48,193077
12040,0.002453,172.217.194.0-255,7156,161480,48,193077
12041,0.002478,172.217.194.0-255,3602,165082,48,193077
12042,0.002557,172.217.194.0-255,5738,170820,48,193077
12043,0.00257,172.217.194.0-255,5738,176558,48,193077
12044,0.00261,172.217.194.0-255,4320,180878,48,193077
12045,0.002624,172.217.194.0-255,411,181289,48,193077
12046,0.002626,172.217.194.0-255,105,181394,48,193077
12047,0.006525,172.31.46.0-255,66,181460,48,193077
12048,0.006532,172.31.46.0-255,66,181526,48,193077
12049,0.006534,172.31.46.0-255,66,181592,48,193077
12050,0.006537,172.31.46.0-255,66,181658,48,193077
12051,0.00655,172.31.46.0-255,66,181724,48,193077
12052,0.006553,172.31.46.0-255,66,181790,48,193077
12053,0.006556,172.31.46.0-255,66,181856,48,193077
12054,0.006559,172.31.46.0-255,66,181922,48,193077
12055,0.006561,172.31.46.0-255,66,181988,48,193077
12056,0.006564,172.31.46.0-255,66,182054,48,193077
12057,0.006568,172.31.46.0-255,66,182120,48,193077
12058,0.00657,172.31.46.0-255,66,182186,48,193077
12059,0.006574,172.31.46.0-255,66,182252,48,193077
12060,0.006577,172.31.46.0-255,66,182318,48,193077
12061,0.00658,172.31.46.0-255,66,182384,48,193077
12062,0.006583,172.31.46.0-255,66,182450,48,193077
12063,0.006585,172.31.46.0-255,66,182516,48,193077
12064,0.006588,172.31.46.0-255,66,182582,48,193077
12065,0.006591,172.31.46.0-255,66,182648,48,193077
12066,0.006594,172.31.46.0-255,66,182714,48,193077
12067,0.006597,172.31.46.0-255,66,182780,48,193077
12068,0.0066,172.31.46.0-255,66,182846,48,193077
12069,0.006603,172.31.46.0-255,66,182912,48,193077
12070,0.008662,172.31.46.0-255,66,182978,48,193077
12071,0.008699,172.31.46.0-255,105,183083,48,193077
12072,0.011363,172.217.194.0-255,66,183149,48,193077
12073,0.033721,172.31.46.0-255,164,183313,48,193077
12074,0.033756,172.31.46.0-255,1120,184433,48,193077
12075,0.033828,172.31.46.0-255,1514,185947,48,193077
12076,0.033829,172.31.46.0-255,1514,187461,48,193077
12077,0.03383,172.31.46.0-255,1514,188975,48,193077
12078,0.033832,172.31.46.0-255,1514,190489,48,193077
12079,0.033833,172.31.46.0-255,1514,192003,48,193077
12080,0.033861,172.31.46.0-255,810,192813,48,193077
12081,0.035387,104.244.42.0-255,66,192879,48,193077
12082,0.035425,104.244.42.0-255,66,192945,48,193077
12083,0.035516,104.244.42.0-255,66,193011,48,193077
12084,0.035537,104.244.42.0-255,66,193077,48,193077
12085,0.0,74.125.24.0-255,296,296,48,269369
12086,2.6e-05,172.31.46.0-255,66,362,48,269369
12087,3.4e-05,74.125.24.0-255,1484,1846,48,269369
12088,3.8e-05,172.31.46.0-255,66,1912,48,269369
12089,4.5e-05,74.125.24.0-255,4320,6232,48,269369
12090,4.8e-05,172.31.46.0-255,66,6298,48,269369
12091,9.6e-05,172.31.46.0-255,66,6364,48,269369
12092,0.000132,74.125.24.0-255,1484,7848,48,269369
12093,0.000134,172.31.46.0-255,66,7914,48,269369
12094,0.000139,74.125.24.0-255,2902,10816,48,269369
12095,0.000141,172.31.46.0-255,66,10882,48,269369
12096,0.000147,74.125.24.0-255,4320,15202,48,269369
12097,0.00015,172.31.46.0-255,66,15268,48,269369
12098,0.000173,74.125.24.0-255,1484,16752,48,269369
12099,0.000175,172.31.46.0-255,66,16818,48,269369
12100,0.000182,74.125.24.0-255,5738,22556,48,269369
12101,0.000184,172.31.46.0-255,66,22622,48,269369
12102,0.000219,74.125.24.0-255,2902,25524,48,269369
12103,0.000222,172.31.46.0-255,66,25590,48,269369
12104,0.000249,172.31.46.0-255,66,25656,48,269369
12105,0.000271,74.125.24.0-255,3961,29617,48,269369
12106,0.000274,172.31.46.0-255,66,29683,48,269369
12107,0.000279,74.125.24.0-255,4320,34003,48,269369
12108,0.000282,172.31.46.0-255,66,34069,48,269369
12109,0.000293,74.125.24.0-255,1484,35553,48,269369
12110,0.000295,172.31.46.0-255,66,35619,48,269369
12111,0.000325,172.31.46.0-255,66,35685,48,269369
12112,0.000332,74.125.24.0-255,2543,38228,48,269369
12113,0.000335,172.31.46.0-255,66,38294,48,269369
12114,0.000337,74.125.24.0-255,369,38663,48,269369
12115,0.000387,74.125.24.0-255,131,38794,48,269369
12116,0.000407,74.125.24.0-255,341,39135,48,269369
12117,0.000749,74.125.24.0-255,1484,40619,48,269369
12118,0.000755,172.31.46.0-255,66,40685,48,269369
12119,0.000761,74.125.24.0-255,2902,43587,48,269369
12120,0.000763,172.31.46.0-255,66,43653,48,269369
12121,0.000798,74.125.24.0-255,4320,47973,48,269369
12122,0.000802,172.31.46.0-255,66,48039,48,269369
12123,0.000819,74.125.24.0-255,1484,49523,48,269369
12124,0.000827,74.125.24.0-255,7156,56679,48,269369
12125,0.000842,74.125.24.0-255,2184,58863,48,269369
12126,0.000847,172.31.46.0-255,66,58929,48,269369
12127,0.00085,172.31.46.0-255,66,58995,48,269369
12128,0.000853,172.31.46.0-255,66,59061,48,269369
12129,0.00127,74.125.24.0-255,1484,60545,48,269369
12130,0.001277,74.125.24.0-255,2902,63447,48,269369
12131,0.00128,172.31.46.0-255,66,63513,48,269369
12132,0.001284,74.125.24.0-255,1484,64997,48,269369
12133,0.001301,74.125.24.0-255,4320,69317,48,269369
12134,0.001304,172.31.46.0-255,66,69383,48,269369
12135,0.001345,172.31.46.0-255,66,69449,48,269369
12136,0.001364,74.125.24.0-255,1484,70933,48,269369
12137,0.001379,172.31.46.0-255,66,70999,48,269369
12138,0.001383,74.125.24.0-255,2184,73183,48,269369
12139,0.001385,172.31.46.0-255,66,73249,48,269369
12140,0.001778,74.125.24.0-255,1484,74733,48,269369
12141,0.001785,74.125.24.0-255,2902,77635,48,269369
12142,0.001788,172.31.46.0-255,66,77701,48,269369
12143,0.001795,74.125.24.0-255,4320,82021,48,269369
12144,0.001797,172.31.46.0-255,66,82087,48,269369
12145,0.00181,74.125.24.0-255,1484,83571,48,269369
12146,0.001813,74.125.24.0-255,1484,85055,48,269369
12147,0.001815,172.31.46.0-255,66,85121,48,269369
12148,0.001856,172.31.46.0-255,66,85187,48,269369
12149,0.001863,74.125.24.0-255,7156,92343,48,269369
12150,0.001866,172.31.46.0-255,66,92409,48,269369
12151,0.001884,74.125.24.0-255,3602,96011,48,269369
12152,0.001886,172.31.46.0-255,66,96077,48,269369
12153,0.00193,74.125.24.0-255,1484,97561,48,269369
12154,0.001934,74.125.24.0-255,1484,99045,48,269369
12155,0.001937,172.31.46.0-255,66,99111,48,269369
12156,0.00196,74.125.24.0-255,1484,100595,48,269369
12157,0.001967,74.125.24.0-255,5738,106333,48,269369
12158,0.00197,172.31.46.0-255,66,106399,48,269369
12159,0.001981,172.31.46.0-255,66,106465,48,269369
12160,0.002,74.125.24.0-255,4320,110785,48,269369
12161,0.002003,172.31.46.0-255,66,110851,48,269369
12162,0.00201,74.125.24.0-255,7156,118007,48,269369
12163,0.002012,172.31.46.0-255,66,118073,48,269369
12164,0.002017,74.125.24.0-255,3602,121675,48,269369
12165,0.002019,172.31.46.0-255,66,121741,48,269369
12166,0.004015,74.125.24.0-255,5738,127479,48,269369
12167,0.004022,172.31.46.0-255,66,127545,48,269369
12168,0.006019,74.125.24.0-255,5738,133283,48,269369
12169,0.006025,172.31.46.0-255,66,133349,48,269369
12170,0.007993,74.125.24.0-255,5738,139087,48,269369
12171,0.008,172.31.46.0-255,66,139153,48,269369
12172,0.009988,74.125.24.0-255,5738,144891,48,269369
12173,0.009997,172.31.46.0-255,66,144957,48,269369
12174,0.011982,74.125.24.0-255,5738,150695,48,269369
12175,0.011993,172.31.46.0-255,66,150761,48,269369
12176,0.013987,74.125.24.0-255,5738,156499,48,269369
12177,0.013998,172.31.46.0-255,66,156565,48,269369
12178,0.015947,74.125.24.0-255,5738,162303,48,269369
12179,0.015955,172.31.46.0-255,66,162369,48,269369
12180,0.017939,74.125.24.0-255,5738,168107,48,269369
12181,0.017947,172.31.46.0-255,66,168173,48,269369
12182,0.019965,74.125.24.0-255,5738,173911,48,269369
12183,0.019976,172.31.46.0-255,66,173977,48,269369
12184,0.021991,74.125.24.0-255,5738,179715,48,269369
12185,0.021999,172.31.46.0-255,66,179781,48,269369
12186,0.024018,74.125.24.0-255,5738,185519,48,269369
12187,0.024026,172.31.46.0-255,66,185585,48,269369
12188,0.025995,74.125.24.0-255,5738,191323,48,269369
12189,0.026002,172.31.46.0-255,66,191389,48,269369
12190,0.027963,74.125.24.0-255,5738,197127,48,269369
12191,0.027971,172.31.46.0-255,66,197193,48,269369
12192,0.029202,172.31.46.0-255,172,197365,48,269369
12193,0.029232,172.31.46.0-255,1112,198477,48,269369
12194,0.0293,172.31.46.0-255,1514,199991,48,269369
12195,0.029301,172.31.46.0-255,1514,201505,48,269369
12196,0.029303,172.31.46.0-255,1514,203019,48,269369
12197,0.029303,172.31.46.0-255,1514,204533,48,269369
12198,0.029304,172.31.46.0-255,554,205087,48,269369
12199,0.02995,74.125.24.0-255,5738,210825,48,269369
12200,0.029957,172.31.46.0-255,66,210891,48,269369
12201,0.030737,104.244.42.0-255,66,210957,48,269369
12202,0.030765,104.244.42.0-255,66,211023,48,269369
12203,0.030834,104.244.42.0-255,66,211089,48,269369
12204,0.030864,104.244.42.0-255,66,211155,48,269369
12205,0.031433,104.244.42.0-255,108,211263,48,269369
12206,0.031438,172.31.46.0-255,66,211329,48,269369
12207,0.031936,74.125.24.0-255,5738,217067,48,269369
12208,0.03194,172.31.46.0-255,66,217133,48,269369
12209,0.033924,74.125.24.0-255,5738,222871,48,269369
12210,0.033929,172.31.46.0-255,66,222937,48,269369
12211,0.035935,74.125.24.0-255,5738,228675,48,269369
12212,0.03594,172.31.46.0-255,66,228741,48,269369
12213,0.037951,74.125.24.0-255,5738,234479,48,269369
12214,0.037963,172.31.46.0-255,66,234545,48,269369
12215,0.039961,74.125.24.0-255,5738,240283,48,269369
12216,0.039977,172.31.46.0-255,66,240349,48,269369
12217,0.041969,74.125.24.0-255,5738,246087,48,269369
12218,0.041978,172.31.46.0-255,66,246153,48,269369
12219,0.043981,74.125.24.0-255,5738,251891,48,269369
12220,0.043992,172.31.46.0-255,66,251957,48,269369
12221,0.045988,74.125.24.0-255,5738,257695,48,269369
12222,0.045996,172.31.46.0-255,66,257761,48,269369
12223,0.047988,74.125.24.0-255,5738,263499,48,269369
12224,0.048,172.31.46.0-255,66,263565,48,269369
12225,0.049989,74.125.24.0-255,5738,269303,48,269369
12226,0.049997,172.31.46.0-255,66,269369,48,269369
12227,0.0,172.31.46.0-255,105,105,48,201810
12228,0.000427,172.31.46.0-255,90,195,48,201810
12229,0.000436,172.31.46.0-255,66,261,48,201810
12230,0.00281,74.125.24.0-255,66,327,48,201810
12231,0.002836,74.125.24.0-255,66,393,48,201810
12232,0.002856,172.31.46.0-255,66,459,48,201810
12233,0.007893,74.125.24.0-255,153,612,48,201810
12234,0.007902,172.31.46.0-255,66,678,48,201810
12235,0.007936,74.125.24.0-255,1484,2162,48,201810
12236,0.007941,172.31.46.0-255,66,2228,48,201810
12237,0.007946,74.125.24.0-255,2902,5130,48,201810
12238,0.007949,172.31.46.0-255,66,5196,48,201810
12239,0.007956,74.125.24.0-255,7156,12352,48,201810
12240,0.007958,172.31.46.0-255,66,12418,48,201810
12241,0.007997,74.125.24.0-255,2139,14557,48,201810
12242,0.008,172.31.46.0-255,66,14623,48,201810
12243,0.00845,74.125.24.0-255,1484,16107,48,201810
12244,0.008457,172.31.46.0-255,66,16173,48,201810
12245,0.008466,74.125.24.0-255,2902,19075,48,201810
12246,0.008468,172.31.46.0-255,66,19141,48,201810
12247,0.00848,74.125.24.0-255,5738,24879,48,201810
12248,0.008482,172.31.46.0-255,66,24945,48,201810
12249,0.008517,74.125.24.0-255,6797,31742,48,201810
12250,0.00852,172.31.46.0-255,66,31808,48,201810
12251,0.008648,74.125.24.0-255,1484,33292,48,201810
12252,0.008653,172.31.46.0-255,66,33358,48,201810
12253,0.008658,74.125.24.0-255,1484,34842,48,201810
12254,0.00866,172.31.46.0-255,66,34908,48,201810
12255,0.00869,74.125.24.0-255,1484,36392,48,201810
12256,0.008692,172.31.46.0-255,66,36458,48,201810
12257,0.008699,74.125.24.0-255,5738,42196,48,201810
12258,0.008701,172.31.46.0-255,66,42262,48,201810
12259,0.008732,74.125.24.0-255,7156,49418,48,201810
12260,0.008736,172.31.46.0-255,66,49484,48,201810
12261,0.008769,74.125.24.0-255,6797,56281,48,201810
12262,0.008772,172.31.46.0-255,66,56347,48,201810
12263,0.008788,172.31.46.0-255,66,56413,48,201810
12264,0.009121,74.125.24.0-255,127,56540,48,201810
12265,0.009312,74.125.24.0-255,1484,58024,48,201810
12266,0.009316,172.31.46.0-255,66,58090,48,201810
12267,0.009323,74.125.24.0-255,2902,60992,48,201810
12268,0.009325,172.31.46.0-255,66,61058,48,201810
12269,0.009329,74.125.24.0-255,1484,62542,48,201810
12270,0.009362,74.125.24.0-255,4320,66862,48,201810
12271,0.009365,172.31.46.0-255,66,66928,48,201810
12272,0.009374,74.125.24.0-255,6797,73725,48,201810
12273,0.009377,172.31.46.0-255,66,73791,48,201810
12274,0.009412,74.125.24.0-255,7156,80947,48,201810
12275,0.009415,172.31.46.0-255,66,81013,48,201810
12276,0.009426,172.31.46.0-255,66,81079,48,201810
12277,0.009989,74.125.24.0-255,1484,82563,48,201810
12278,0.009995,74.125.24.0-255,2902,85465,48,201810
12279,0.009999,172.31.46.0-255,66,85531,48,201810
12280,0.01003,74.125.24.0-255,5738,91269,48,201810
12281,0.010034,172.31.46.0-255,66,91335,48,201810
12282,0.010054,74.125.24.0-255,5738,97073,48,201810
12283,0.010057,172.31.46.0-255,66,97139,48,201810
12284,0.010082,74.125.24.0-255,1484,98623,48,201810
12285,0.010096,172.31.46.0-255,66,98689,48,201810
12286,0.010126,74.125.24.0-255,6438,105127,48,201810
12287,0.010129,172.31.46.0-255,66,105193,48,201810
12288,0.012491,74.125.24.0-255,5738,110931,48,201810
12289,0.012498,172.31.46.0-255,66,110997,48,201810
12290,0.014857,74.125.24.0-255,5738,116735,48,201810
12291,0.014864,172.31.46.0-255,66,116801,48,201810
12292,0.017278,74.125.24.0-255,5738,122539,48,201810
12293,0.017286,172.31.46.0-255,66,122605,48,201810
12294,0.019677,74.125.24.0-255,5738,128343,48,201810
12295,0.019688,172.31.46.0-255,66,128409,48,201810
12296,0.022049,74.125.24.0-255,4320,132729,48,201810
12297,0.022058,172.31.46.0-255,66,132795,48,201810
12298,0.022091,74.125.24.0-255,1484,134279,48,201810
12299,0.024452,74.125.24.0-255,4320,138599,48,201810
12300,0.024463,172.31.46.0-255,66,138665,48,201810
12301,0.026833,74.125.24.0-255,4320,142985,48,201810
12302,0.02684,172.31.46.0-255,66,143051,48,201810
12303,0.026866,74.125.24.0-255,1484,144535,48,201810
12304,0.02923,74.125.24.0-255,4320,148855,48,201810
12305,0.029237,172.31.46.0-255,66,148921,48,201810
12306,0.029704,172.31.46.0-255,172,149093,48,201810
12307,0.029731,172.31.46.0-255,1112,150205,48,201810
12308,0.029795,172.31.46.0-255,1514,151719,48,201810
12309,0.029797,172.31.46.0-255,1514,153233,48,201810
12310,0.029801,172.31.46.0-255,1514,154747,48,201810
12311,0.029802,172.31.46.0-255,367,155114,48,201810
12312,0.031276,104.244.42.0-255,66,155180,48,201810
12313,0.031314,104.244.42.0-255,66,155246,48,201810
12314,0.031339,104.244.42.0-255,66,155312,48,201810
12315,0.031359,104.244.42.0-255,66,155378,48,201810
12316,0.0316,74.125.24.0-255,5738,161116,48,201810
12317,0.031606,172.31.46.0-255,66,161182,48,201810
12318,0.03397,74.125.24.0-255,5738,166920,48,201810
12319,0.033976,172.31.46.0-255,66,166986,48,201810
12320,0.036357,74.125.24.0-255,5738,172724,48,201810
12321,0.036362,172.31.46.0-255,66,172790,48,201810
12322,0.038753,74.125.24.0-255,5738,178528,48,201810
12323,0.038759,172.31.46.0-255,66,178594,48,201810
12324,0.041124,74.125.24.0-255,5738,184332,48,201810
12325,0.041131,172.31.46.0-255,66,184398,48,201810
12326,0.043501,74.125.24.0-255,5738,190136,48,201810
12327,0.043507,172.31.46.0-255,66,190202,48,201810
12328,0.045883,74.125.24.0-255,5738,195940,48,201810
12329,0.04589,172.31.46.0-255,66,196006,48,201810
12330,0.048288,74.125.24.0-255,5738,201744,48,201810
12331,0.048294,172.31.46.0-255,66,201810,48,201810
12332,0.0,172.217.194.0-255,150,150,48,211991
12333,2.9e-05,172.31.46.0-255,66,216,48,211991
12334,3.6e-05,172.217.194.0-255,1484,1700,48,211991
12335,4e-05,172.31.46.0-255,66,1766,48,211991
12336,5.3e-05,172.217.194.0-255,2902,4668,48,211991
12337,5.7e-05,172.31.46.0-255,66,4734,48,211991
12338,6.4e-05,172.217.194.0-255,5738,10472,48,211991
12339,6.7e-05,172.31.46.0-255,66,10538,48,211991
12340,8.2e-05,172.31.46.0-255,66,10604,48,211991
12341,9.5e-05,172.31.46.0-255,66,10670,48,211991
12342,0.000136,172.217.194.0-255,1484,12154,48,211991
12343,0.00014,172.31.46.0-255,66,12220,48,211991
12344,0.000144,172.217.194.0-255,2902,15122,48,211991
12345,0.000146,172.31.46.0-255,66,15188,48,211991
12346,0.000149,172.217.194.0-255,1484,16672,48,211991
12347,0.000156,172.31.46.0-255,66,16738,48,211991
12348,0.000184,172.217.194.0-255,4320,21058,48,211991
12349,0.000187,172.31.46.0-255,66,21124,48,211991
12350,0.0002,172.31.46.0-255,66,21190,48,211991
12351,0.000243,172.217.194.0-255,7156,28346,48,211991
12352,0.000246,172.31.46.0-255,66,28412,48,211991
12353,0.000263,172.217.194.0-255,4213,32625,48,211991
12354,0.000266,172.31.46.0-255,66,32691,48,211991
12355,0.000316,172.217.194.0-255,1484,34175,48,211991
12356,0.000318,172.31.46.0-255,66,34241,48,211991
12357,0.000342,172.217.194.0-255,2902,37143,48,211991
12358,0.000345,172.31.46.0-255,66,37209,48,211991
12359,0.000351,172.217.194.0-255,5738,42947,48,211991
12360,0.000354,172.31.46.0-255,66,43013,48,211991
12361,0.000395,172.31.46.0-255,66,43079,48,211991
12362,0.000428,172.217.194.0-255,7156,50235,48,211991
12363,0.000431,172.31.46.0-255,66,50301,48,211991
12364,0.000469,172.217.194.0-255,3602,53903,48,211991
12365,0.000472,172.31.46.0-255,66,53969,48,211991
12366,0.000489,172.31.46.0-255,66,54035,48,211991
12367,0.000564,172.217.194.0-255,1484,55519,48,211991
12368,0.00057,172.217.194.0-255,2902,58421,48,211991
12369,0.000573,172.31.46.0-255,66,58487,48,211991
12370,0.000598,172.217.194.0-255,5738,64225,48,211991
12371,0.000601,172.31.46.0-255,66,64291,48,211991
12372,0.000605,172.217.194.0-255,2902,67193,48,211991
12373,0.000607,172.31.46.0-255,66,67259,48,211991
12374,0.000642,172.31.46.0-255,66,67325,48,211991
12375,0.000653,172.31.46.0-255,66,67391,48,211991
12376,0.000681,172.217.194.0-255,2184,69575,48,211991
12377,0.000684,172.31.46.0-255,66,69641,48,211991
12378,0.000712,172.217.194.0-255,1484,71125,48,211991
12379,0.000717,172.217.194.0-255,2902,74027,48,211991
12380,0.000719,172.31.46.0-255,66,74093,48,211991
12381,0.000722,172.217.194.0-255,1484,75577,48,211991
12382,0.000747,172.217.194.0-255,4320,79897,48,211991
12383,0.000751,172.31.46.0-255,66,79963,48,211991
12384,0.000755,172.217.194.0-255,2902,82865,48,211991
12385,0.000757,172.31.46.0-255,66,82931,48,211991
12386,0.000784,172.217.194.0-255,5738,88669,48,211991
12387,0.000787,172.31.46.0-255,66,88735,48,211991
12388,0.000791,172.217.194.0-255,2902,91637,48,211991
12389,0.000795,172.31.46.0-255,66,91703,48,211991
12390,0.000829,172.31.46.0-255,66,91769,48,211991
12391,0.000908,172.217.194.0-255,1484,93253,48,211991
12392,0.000913,172.217.194.0-255,2902,96155,48,211991
12393,0.000916,172.31.46.0-255,66,96221,48,211991
12394,0.000921,172.217.194.0-255,2902,99123,48,211991
12395,0.000923,172.31.46.0-255,66,99189,48,211991
12396,0.000943,172.217.194.0-255,2902,102091,48,211991
12397,0.000945,172.31.46.0-255,66,102157,48,211991
12398,0.000951,172.217.194.0-255,4320,106477,48,211991
12399,0.000953,172.31.46.0-255,66,106543,48,211991
12400,0.000984,172.217.194.0-255,5738,112281,48,211991
12401,0.000988,172.31.46.0-255,66,112347,48,211991
12402,0.001018,172.217.194.0-255,7156,119503,48,211991
12403,0.001021,172.31.46.0-255,66,119569,48,211991
12404,0.00105,172.217.194.0-255,6438,126007,48,211991
12405,0.001053,172.31.46.0-255,66,126073,48,211991
12406,0.001057,172.217.194.0-255,1484,127557,48,211991
12407,0.001061,172.217.194.0-255,2902,130459,48,211991
12408,0.001064,172.31.46.0-255,66,130525,48,211991
12409,0.001069,172.217.194.0-255,4320,134845,48,211991
12410,0.001071,172.31.46.0-255,66,134911,48,211991
12411,0.001092,172.217.194.0-255,1484,136395,48,211991
12412,0.001103,172.31.46.0-255,66,136461,48,211991
12413,0.001133,172.217.194.0-255,2902,139363,48,211991
12414,0.001135,172.31.46.0-255,66,139429,48,211991
12415,0.001146,172.31.46.0-255,66,139495,48,211991
12416,0.00115,172.217.194.0-255,2184,141679,48,211991
12417,0.001152,172.31.46.0-255,66,141745,48,211991
12418,0.001191,172.217.194.0-255,2902,144647,48,211991
12419,0.001194,172.31.46.0-255,66,144713,48,211991
12420,0.001202,172.217.194.0-255,7156,151869,48,211991
12421,0.001205,172.31.46.0-255,66,151935,48,211991
12422,0.001212,172.217.194.0-255,7156,159091,48,211991
12423,0.001214,172.31.46.0-255,66,159157,48,211991
12424,0.001254,172.31.46.0-255,66,159223,48,211991
12425,0.001296,172.217.194.0-255,1484,160707,48,211991
12426,0.001333,172.217.194.0-255,6438,167145,48,211991
12427,0.001336,172.31.46.0-255,66,167211,48,211991
12428,0.001339,172.217.194.0-255,1484,168695,48,211991
12429,0.001342,172.217.194.0-255,2902,171597,48,211991
12430,0.001344,172.31.46.0-255,66,171663,48,211991
12431,0.001349,172.217.194.0-255,5738,177401,48,211991
12432,0.001351,172.31.46.0-255,66,177467,48,211991
12433,0.001362,172.31.46.0-255,66,177533,48,211991
12434,0.001393,172.31.46.0-255,66,177599,48,211991
12435,0.001419,172.217.194.0-255,5738,183337,48,211991
12436,0.001422,172.31.46.0-255,66,183403,48,211991
12437,0.001446,172.217.194.0-255,1484,184887,48,211991
12438,0.001456,172.31.46.0-255,66,184953,48,211991
12439,0.001462,172.217.194.0-255,7156,192109,48,211991
12440,0.001464,172.31.46.0-255,66,192175,48,211991
12441,0.001506,172.31.46.0-255,66,192241,48,211991
12442,0.001511,172.217.194.0-255,3602,195843,48,211991
12443,0.001513,172.31.46.0-255,66,195909,48,211991
12444,0.001519,172.217.194.0-255,7156,203065,48,211991
12445,0.001521,172.31.46.0-255,66,203131,48,211991
12446,0.001571,172.31.46.0-255,66,203197,48,211991
12447,0.001581,172.31.46.0-255,66,203263,48,211991
12448,0.001584,172.217.194.0-255,2902,206165,48,211991
12449,0.001586,172.31.46.0-255,66,206231,48,211991
12450,0.001633,172.31.46.0-255,66,206297,48,211991
12451,0.001636,172.217.194.0-255,105,206402,48,211991
12452,0.008893,172.31.46.0-255,66,206468,48,211991
12453,0.008928,172.31.46.0-255,105,206573,48,211991
12454,0.011169,172.217.194.0-255,66,206639,48,211991
12455,0.032729,172.31.46.0-255,172,206811,48,211991
12456,0.032757,172.31.46.0-255,1107,207918,48,211991
12457,0.032809,172.31.46.0-255,1514,209432,48,211991
12458,0.032811,172.31.46.0-255,1514,210946,48,211991
12459,0.032812,172.31.46.0-255,607,211553,48,211991
12460,0.034282,104.244.42.0-255,66,211619,48,211991
12461,0.034289,104.244.42.0-255,66,211685,48,211991
12462,0.034372,104.244.42.0-255,66,211751,48,211991
12463,0.034375,104.244.42.0-255,66,211817,48,211991
12464,0.035167,104.244.42.0-255,108,211925,48,211991
12465,0.035175,172.31.46.0-255,66,211991,48,211991
12466,0.0,172.217.194.0-255,152,152,48,229976
12467,2.1e-05,172.31.46.0-255,66,218,48,229976
12468,2.8e-05,172.217.194.0-255,1484,1702,48,229976
12469,3.1e-05,172.31.46.0-255,66,1768,48,229976
12470,3.6e-05,172.217.194.0-255,2902,4670,48,229976
12471,3.9e-05,172.31.46.0-255,66,4736,48,229976
12472,5.4e-05,172.217.194.0-255,7156,11892,48,229976
12473,5.8e-05,172.31.46.0-255,66,11958,48,229976
12474,8.3e-05,172.217.194.0-255,2003,13961,48,229976
12475,8.9e-05,172.31.46.0-255,66,14027,48,229976
12476,0.000115,172.217.194.0-255,2902,16929,48,229976
12477,0.000118,172.31.46.0-255,66,16995,48,229976
12478,0.00014,172.217.194.0-255,2902,19897,48,229976
12479,0.000142,172.31.46.0-255,66,19963,48,229976
12480,0.000163,172.217.194.0-255,1484,21447,48,229976
12481,0.000165,172.31.46.0-255,66,21513,48,229976
12482,0.000173,172.217.194.0-255,7156,28669,48,229976
12483,0.000175,172.31.46.0-255,66,28735,48,229976
12484,0.000199,172.217.194.0-255,1484,30219,48,229976
12485,0.000202,172.31.46.0-255,66,30285,48,229976
12486,0.000231,172.217.194.0-255,4320,34605,48,229976
12487,0.000234,172.31.46.0-255,66,34671,48,229976
12488,0.000266,172.31.46.0-255,66,34737,48,229976
12489,0.00027,172.217.194.0-255,2543,37280,48,229976
12490,0.000272,172.31.46.0-255,66,37346,48,229976
12491,0.000314,172.217.194.0-255,2902,40248,48,229976
12492,0.000317,172.31.46.0-255,66,40314,48,229976
12493,0.000338,172.217.194.0-255,1484,41798,48,229976
12494,0.00034,172.31.46.0-255,78,41876,48,229976
12495,0.000346,172.217.194.0-255,7156,49032,48,229976
12496,0.000349,172.31.46.0-255,66,49098,48,229976
12497,0.000383,172.217.194.0-255,2902,52000,48,229976
12498,0.000385,172.31.46.0-255,66,52066,48,229976
12499,0.000409,172.217.194.0-255,2543,54609,48,229976
12500,0.000411,172.31.46.0-255,66,54675,48,229976
12501,0.000528,172.217.194.0-255,380,55055,48,229976
12502,0.000564,172.217.194.0-255,1484,56539,48,229976
12503,0.000568,172.31.46.0-255,66,56605,48,229976
12504,0.000573,172.217.194.0-255,4320,60925,48,229976
12505,0.000575,172.31.46.0-255,66,60991,48,229976
12506,0.00061,172.31.46.0-255,66,61057,48,229976
12507,0.000632,172.217.194.0-255,2902,63959,48,229976
12508,0.000634,172.31.46.0-255,66,64025,48,229976
12509,0.000672,172.31.46.0-255,66,64091,48,229976
12510,0.000676,172.217.194.0-255,2902,66993,48,229976
12511,0.000678,172.31.46.0-255,66,67059,48,229976
12512,0.000712,172.217.194.0-255,4616,71675,48,229976
12513,0.000715,172.31.46.0-255,66,71741,48,229976
12514,0.000724,172.31.46.0-255,66,71807,48,229976
12515,0.000726,172.217.194.0-255,1484,73291,48,229976
12516,0.000765,172.31.46.0-255,66,73357,48,229976
12517,0.000823,172.217.194.0-255,1484,74841,48,229976
12518,0.000839,172.217.194.0-255,2902,77743,48,229976
12519,0.000841,172.31.46.0-255,66,77809,48,229976
12520,0.000866,172.217.194.0-255,2902,80711,48,229976
12521,0.000869,172.31.46.0-255,66,80777,48,229976
12522,0.000892,172.217.194.0-255,2902,83679,48,229976
12523,0.000895,172.31.46.0-255,66,83745,48,229976
12524,0.000906,172.31.46.0-255,66,83811,48,229976
12525,0.00093,172.217.194.0-255,1484,85295,48,229976
12526,0.000934,172.217.194.0-255,2902,88197,48,229976
12527,0.000936,172.31.46.0-255,66,88263,48,229976
12528,0.000971,172.31.46.0-255,66,88329,48,229976
12529,0.001177,172.217.194.0-255,1484,89813,48,229976
12530,0.001195,172.217.194.0-255,2902,92715,48,229976
12531,0.001198,172.31.46.0-255,66,92781,48,229976
12532,0.001227,172.217.194.0-255,5738,98519,48,229976
12533,0.001229,172.31.46.0-255,66,98585,48,229976
12534,0.001234,172.217.194.0-255,4320,102905,48,229976
12535,0.001236,172.31.46.0-255,66,102971,48,229976
12536,0.001277,172.31.46.0-255,66,103037,48,229976
12537,0.001292,172.31.46.0-255,66,103103,48,229976
12538,0.001334,172.31.46.0-255,66,103169,48,229976
12539,0.001367,172.31.46.0-255,66,103235,48,229976
12540,0.001377,172.31.46.0-255,66,103301,48,229976
12541,0.001629,172.217.194.0-255,1484,104785,48,229976
12542,0.001635,172.217.194.0-255,2902,107687,48,229976
12543,0.001638,172.31.46.0-255,66,107753,48,229976
12544,0.001671,172.217.194.0-255,5738,113491,48,229976
12545,0.001678,172.217.194.0-255,7156,120647,48,229976
12546,0.001688,172.217.194.0-255,4320,124967,48,229976
12547,0.001692,172.31.46.0-255,66,125033,48,229976
12548,0.001695,172.31.46.0-255,66,125099,48,229976
12549,0.001698,172.31.46.0-255,66,125165,48,229976
12550,0.001742,172.31.46.0-255,66,125231,48,229976
12551,0.001747,172.217.194.0-255,2184,127415,48,229976
12552,0.001749,172.31.46.0-255,66,127481,48,229976
12553,0.004439,172.217.194.0-255,5738,133219,48,229976
12554,0.004446,172.31.46.0-255,66,133285,48,229976
12555,0.007126,172.217.194.0-255,5738,139023,48,229976
12556,0.007129,172.31.46.0-255,66,139089,48,229976
12557,0.009832,172.217.194.0-255,5738,144827,48,229976
12558,0.009839,172.31.46.0-255,66,144893,48,229976
12559,0.012525,172.217.194.0-255,5738,150631,48,229976
12560,0.012535,172.31.46.0-255,66,150697,48,229976
12561,0.015248,172.217.194.0-255,5738,156435,48,229976
12562,0.01526,172.31.46.0-255,66,156501,48,229976
12563,0.017954,172.217.194.0-255,5738,162239,48,229976
12564,0.01796,172.31.46.0-255,66,162305,48,229976
12565,0.020664,172.217.194.0-255,5738,168043,48,229976
12566,0.020671,172.31.46.0-255,66,168109,48,229976
12567,0.023372,172.217.194.0-255,5738,173847,48,229976
12568,0.023379,172.31.46.0-255,66,173913,48,229976
12569,0.024907,172.31.46.0-255,172,174085,48,229976
12570,0.024938,172.31.46.0-255,1111,175196,48,229976
12571,0.024999,172.31.46.0-255,1514,176710,48,229976
12572,0.025018,172.31.46.0-255,1514,178224,48,229976
12573,0.02502,172.31.46.0-255,604,178828,48,229976
12574,0.026068,172.217.194.0-255,5738,184566,48,229976
12575,0.026073,172.31.46.0-255,66,184632,48,229976
12576,0.026567,104.244.42.0-255,66,184698,48,229976
12577,0.026574,104.244.42.0-255,66,184764,48,229976
12578,0.026681,104.244.42.0-255,66,184830,48,229976
12579,0.026683,104.244.42.0-255,66,184896,48,229976
12580,0.028766,172.217.194.0-255,4320,189216,48,229976
12581,0.028771,172.31.46.0-255,66,189282,48,229976
12582,0.028796,172.217.194.0-255,1484,190766,48,229976
12583,0.031467,172.217.194.0-255,4320,195086,48,229976
12584,0.031476,172.31.46.0-255,66,195152,48,229976
12585,0.034172,172.217.194.0-255,5738,200890,48,229976
12586,0.034178,172.31.46.0-255,66,200956,48,229976
12587,0.036886,172.217.194.0-255,5738,206694,48,229976
12588,0.036892,172.31.46.0-255,66,206760,48,229976
12589,0.039612,172.217.194.0-255,5738,212498,48,229976
12590,0.039618,172.31.46.0-255,66,212564,48,229976
12591,0.042306,172.217.194.0-255,5738,218302,48,229976
12592,0.042312,172.31.46.0-255,66,218368,48,229976
12593,0.045041,172.217.194.0-255,5738,224106,48,229976
12594,0.045051,172.31.46.0-255,66,224172,48,229976
12595,0.047778,172.217.194.0-255,5738,229910,48,229976
12596,0.047784,172.31.46.0-255,66,229976,48,229976
12597,0.0,74.125.200.0-255,143,143,48,332529
12598,1.6e-05,172.31.46.0-255,66,209,48,332529
12599,2.2e-05,74.125.200.0-255,1484,1693,48,332529
12600,2.8e-05,172.31.46.0-255,66,1759,48,332529
12601,3.3e-05,74.125.200.0-255,2902,4661,48,332529
12602,3.7e-05,172.31.46.0-255,66,4727,48,332529
12603,6.5e-05,74.125.200.0-255,2902,7629,48,332529
12604,6.7e-05,172.31.46.0-255,66,7695,48,332529
12605,8.9e-05,74.125.200.0-255,4320,12015,48,332529
12606,9.1e-05,172.31.46.0-255,66,12081,48,332529
12607,9.6e-05,74.125.200.0-255,2065,14146,48,332529
12608,9.9e-05,172.31.46.0-255,66,14212,48,332529
12609,0.000103,74.125.200.0-255,2902,17114,48,332529
12610,0.000105,172.31.46.0-255,66,17180,48,332529
12611,0.000112,74.125.200.0-255,7156,24336,48,332529
12612,0.000114,172.31.46.0-255,66,24402,48,332529
12613,0.000119,74.125.200.0-255,2902,27304,48,332529
12614,0.000121,172.31.46.0-255,66,27370,48,332529
12615,0.000166,74.125.200.0-255,3961,31331,48,332529
12616,0.000169,172.31.46.0-255,66,31397,48,332529
12617,0.000233,74.125.200.0-255,1484,32881,48,332529
12618,0.000235,172.31.46.0-255,66,32947,48,332529
12619,0.00024,74.125.200.0-255,2902,35849,48,332529
12620,0.000242,172.31.46.0-255,66,35915,48,332529
12621,0.000256,74.125.200.0-255,1484,37399,48,332529
12622,0.000258,172.31.46.0-255,66,37465,48,332529
12623,0.000263,74.125.200.0-255,2902,40367,48,332529
12624,0.000265,172.31.46.0-255,66,40433,48,332529
12625,0.00028,74.125.200.0-255,1484,41917,48,332529
12626,0.000283,172.31.46.0-255,66,41983,48,332529
12627,0.000308,74.125.200.0-255,4320,46303,48,332529
12628,0.000311,172.31.46.0-255,66,46369,48,332529
12629,0.000319,74.125.200.0-255,7156,53525,48,332529
12630,0.000321,172.31.46.0-255,66,53591,48,332529
12631,0.000338,74.125.200.0-255,4320,57911,48,332529
12632,0.00034,172.31.46.0-255,66,57977,48,332529
12633,0.000379,172.31.46.0-255,66,58043,48,332529
12634,0.000408,74.125.200.0-255,129,58172,48,332529
12635,0.00042,74.125.200.0-255,346,58518,48,332529
12636,0.000603,74.125.200.0-255,1484,60002,48,332529
12637,0.000608,172.31.46.0-255,66,60068,48,332529
12638,0.000616,74.125.200.0-255,2902,62970,48,332529
12639,0.000618,172.31.46.0-255,66,63036,48,332529
12640,0.000624,74.125.200.0-255,5738,68774,48,332529
12641,0.000627,172.31.46.0-255,66,68840,48,332529
12642,0.000667,74.125.200.0-255,7156,75996,48,332529
12643,0.000669,172.31.46.0-255,66,76062,48,332529
12644,0.000695,74.125.200.0-255,5738,81800,48,332529
12645,0.000698,172.31.46.0-255,66,81866,48,332529
12646,0.000704,74.125.200.0-255,5738,87604,48,332529
12647,0.000706,172.31.46.0-255,66,87670,48,332529
12648,0.00073,74.125.200.0-255,5020,92690,48,332529
12649,0.000733,172.31.46.0-255,66,92756,48,332529
12650,0.001205,74.125.200.0-255,1484,94240,48,332529
12651,0.001236,74.125.200.0-255,2902,97142,48,332529
12652,0.00124,172.31.46.0-255,66,97208,48,332529
12653,0.00126,74.125.200.0-255,2902,100110,48,332529
12654,0.001262,172.31.46.0-255,66,100176,48,332529
12655,0.001282,74.125.200.0-255,2902,103078,48,332529
12656,0.001284,172.31.46.0-255,66,103144,48,332529
12657,0.001291,74.125.200.0-255,7156,110300,48,332529
12658,0.001293,172.31.46.0-255,66,110366,48,332529
12659,0.00131,74.125.200.0-255,1484,111850,48,332529
12660,0.001331,74.125.200.0-255,5738,117588,48,332529
12661,0.001334,172.31.46.0-255,66,117654,48,332529
12662,0.001359,74.125.200.0-255,7156,124810,48,332529
12663,0.001361,172.31.46.0-255,66,124876,48,332529
12664,0.001402,74.125.200.0-255,2184,127060,48,332529
12665,0.001405,172.31.46.0-255,66,127126,48,332529
12666,0.001456,74.125.200.0-255,2902,130028,48,332529
12667,0.00146,172.31.46.0-255,66,130094,48,332529
12668,0.001464,74.125.200.0-255,2902,132996,48,332529
12669,0.001467,172.31.46.0-255,66,133062,48,332529
12670,0.001471,74.125.200.0-255,2902,135964,48,332529
12671,0.001473,172.31.46.0-255,66,136030,48,332529
12672,0.001493,74.125.200.0-255,1484,137514,48,332529
12673,0.001525,172.31.46.0-255,66,137580,48,332529
12674,0.00153,74.125.200.0-255,4320,141900,48,332529
12675,0.001532,172.31.46.0-255,66,141966,48,332529
12676,0.001546,74.125.200.0-255,2902,144868,48,332529
12677,0.001548,172.31.46.0-255,66,144934,48,332529
12678,0.00158,172.31.46.0-255,66,145000,48,332529
12679,0.001647,74.125.200.0-255,1484,146484,48,332529
12680,0.001652,74.125.200.0-255,2902,149386,48,332529
12681,0.001654,172.31.46.0-255,66,149452,48,332529
12682,0.001659,74.125.200.0-255,2902,152354,48,332529
12683,0.001661,172.31.46.0-255,66,152420,48,332529
12684,0.001676,74.125.200.0-255,2902,155322,48,332529
12685,0.001678,172.31.46.0-255,66,155388,48,332529
12686,0.001684,74.125.200.0-255,5738,161126,48,332529
12687,0.001686,172.31.46.0-255,66,161192,48,332529
12688,0.001714,74.125.200.0-255,7156,168348,48,332529
12689,0.001716,172.31.46.0-255,66,168414,48,332529
12690,0.001721,74.125.200.0-255,4320,172734,48,332529
12691,0.001723,172.31.46.0-255,66,172800,48,332529
12692,0.001782,74.125.200.0-255,6438,179238,48,332529
12693,0.001784,172.31.46.0-255,66,179304,48,332529
12694,0.001899,74.125.200.0-255,1484,180788,48,332529
12695,0.001935,74.125.200.0-255,2902,183690,48,332529
12696,0.001939,172.31.46.0-255,66,183756,48,332529
12697,0.001942,74.125.200.0-255,1484,185240,48,332529
12698,0.001974,74.125.200.0-255,2902,188142,48,332529
12699,0.001977,172.31.46.0-255,66,188208,48,332529
12700,0.001997,74.125.200.0-255,5738,193946,48,332529
12701,0.002,172.31.46.0-255,66,194012,48,332529
12702,0.00203,74.125.200.0-255,2902,196914,48,332529
12703,0.002033,172.31.46.0-255,66,196980,48,332529
12704,0.002053,74.125.200.0-255,4320,201300,48,332529
12705,0.002057,74.125.200.0-255,2902,204202,48,332529
12706,0.00206,172.31.46.0-255,66,204268,48,332529
12707,0.002068,172.31.46.0-255,66,204334,48,332529
12708,0.002084,74.125.200.0-255,4320,208654,48,332529
12709,0.002086,172.31.46.0-255,66,208720,48,332529
12710,0.002089,74.125.200.0-255,1484,210204,48,332529
12711,0.002109,74.125.200.0-255,1484,211688,48,332529
12712,0.002111,172.31.46.0-255,66,211754,48,332529
12713,0.002116,74.125.200.0-255,2184,213938,48,332529
12714,0.002118,172.31.46.0-255,66,214004,48,332529
12715,0.002633,74.125.200.0-255,1484,215488,48,332529
12716,0.002639,74.125.200.0-255,2902,218390,48,332529
12717,0.002642,172.31.46.0-255,66,218456,48,332529
12718,0.002663,74.125.200.0-255,2902,221358,48,332529
12719,0.002665,172.31.46.0-255,66,221424,48,332529
12720,0.00267,74.125.200.0-255,2902,224326,48,332529
12721,0.002672,172.31.46.0-255,66,224392,48,332529
12722,0.002684,74.125.200.0-255,1484,225876,48,332529
12723,0.002704,74.125.200.0-255,1484,227360,48,332529
12724,0.002706,172.31.46.0-255,66,227426,48,332529
12725,0.002726,74.125.200.0-255,7156,234582,48,332529
12726,0.002728,172.31.46.0-255,66,234648,48,332529
12727,0.002732,74.125.200.0-255,2902,237550,48,332529
12728,0.002734,172.31.46.0-255,66,237616,48,332529
12729,0.002737,74.125.200.0-255,1484,239100,48,332529
12730,0.002742,74.125.200.0-255,2902,242002,48,332529
12731,0.002744,172.31.46.0-255,66,242068,48,332529
12732,0.002747,74.125.200.0-255,1484,243552,48,332529
12733,0.00277,74.125.200.0-255,1484,245036,48,332529
12734,0.002772,172.31.46.0-255,66,245102,48,332529
12735,0.002775,74.125.200.0-255,1484,246586,48,332529
12736,0.002778,74.125.200.0-255,1484,248070,48,332529
12737,0.002781,172.31.46.0-255,66,248136,48,332529
12738,0.002799,74.125.200.0-255,3602,251738,48,332529
12739,0.002801,172.31.46.0-255,66,251804,48,332529
12740,0.002808,74.125.200.0-255,5738,257542,48,332529
12741,0.00281,172.31.46.0-255,66,257608,48,332529
12742,0.002834,74.125.200.0-255,1484,259092,48,332529
12743,0.002847,74.125.200.0-255,5738,264830,48,332529
12744,0.002849,172.31.46.0-255,66,264896,48,332529
12745,0.002873,74.125.200.0-255,5738,270634,48,332529
12746,0.002876,172.31.46.0-255,66,270700,48,332529
12747,0.002903,74.125.200.0-255,4320,275020,48,332529
12748,0.002905,172.31.46.0-255,66,275086,48,332529
12749,0.002935,172.31.46.0-255,66,275152,48,332529
12750,0.002942,74.125.200.0-255,7156,282308,48,332529
12751,0.002945,172.31.46.0-255,66,282374,48,332529
12752,0.002977,74.125.200.0-255,7156,289530,48,332529
12753,0.002981,172.31.46.0-255,66,289596,48,332529
12754,0.002991,172.31.46.0-255,66,289662,48,332529
12755,0.003003,172.31.46.0-255,66,289728,48,332529
12756,0.003005,74.125.200.0-255,1484,291212,48,332529
12757,0.00301,74.125.200.0-255,2902,294114,48,332529
12758,0.003012,172.31.46.0-255,66,294180,48,332529
12759,0.003019,74.125.200.0-255,5738,299918,48,332529
12760,0.003021,172.31.46.0-255,66,299984,48,332529
12761,0.003032,172.31.46.0-255,66,300050,48,332529
12762,0.003058,74.125.200.0-255,2902,302952,48,332529
12763,0.003061,172.31.46.0-255,66,303018,48,332529
12764,0.003085,74.125.200.0-255,7156,310174,48,332529
12765,0.003088,172.31.46.0-255,66,310240,48,332529
12766,0.003091,74.125.200.0-255,2902,313142,48,332529
12767,0.003093,172.31.46.0-255,66,313208,48,332529
12768,0.003172,172.31.46.0-255,66,313274,48,332529
12769,0.003193,74.125.200.0-255,5020,318294,48,332529
12770,0.003196,172.31.46.0-255,66,318360,48,332529
12771,0.00321,172.31.46.0-255,66,318426,48,332529
12772,0.003213,74.125.200.0-255,1484,319910,48,332529
12773,0.003217,74.125.200.0-255,2673,322583,48,332529
12774,0.003219,172.31.46.0-255,66,322649,48,332529
12775,0.003222,74.125.200.0-255,97,322746,48,332529
12776,0.003235,74.125.200.0-255,105,322851,48,332529
12777,0.010383,172.31.46.0-255,66,322917,48,332529
12778,0.010421,172.31.46.0-255,105,323022,48,332529
12779,0.01243,74.125.200.0-255,66,323088,48,332529
12780,0.030313,172.31.46.0-255,172,323260,48,332529
12781,0.030344,172.31.46.0-255,1111,324371,48,332529
12782,0.030402,172.31.46.0-255,1514,325885,48,332529
12783,0.030404,172.31.46.0-255,1514,327399,48,332529
12784,0.030405,172.31.46.0-255,1514,328913,48,332529
12785,0.030406,172.31.46.0-255,1514,330427,48,332529
12786,0.030407,172.31.46.0-255,1514,331941,48,332529
12787,0.030434,172.31.46.0-255,150,332091,48,332529
12788,0.03186,104.244.42.0-255,66,332157,48,332529
12789,0.031891,104.244.42.0-255,66,332223,48,332529
12790,0.032013,104.244.42.0-255,66,332289,48,332529
12791,0.032027,104.244.42.0-255,66,332355,48,332529
12792,0.03309,104.244.42.0-255,108,332463,48,332529
12793,0.033097,172.31.46.0-255,66,332529,48,332529
12794,0.0,74.125.24.0-255,152,152,48,283085
12795,2.2e-05,172.31.46.0-255,66,218,48,283085
12796,2.8e-05,74.125.24.0-255,1484,1702,48,283085
12797,3.2e-05,172.31.46.0-255,66,1768,48,283085
12798,3.7e-05,74.125.24.0-255,2902,4670,48,283085
12799,3.9e-05,172.31.46.0-255,66,4736,48,283085
12800,6.8e-05,74.125.24.0-255,4320,9056,48,283085
12801,7e-05,172.31.46.0-255,66,9122,48,283085
12802,9.9e-05,74.125.24.0-255,4320,13442,48,283085
12803,0.000101,172.31.46.0-255,66,13508,48,283085
12804,0.000122,74.125.24.0-255,4839,18347,48,283085
12805,0.000124,172.31.46.0-255,66,18413,48,283085
12806,0.000155,74.125.24.0-255,4320,22733,48,283085
12807,0.000157,172.31.46.0-255,66,22799,48,283085
12808,0.000177,74.125.24.0-255,5738,28537,48,283085
12809,0.000179,172.31.46.0-255,66,28603,48,283085
12810,0.000206,74.125.24.0-255,2543,31146,48,283085
12811,0.000209,172.31.46.0-255,66,31212,48,283085
12812,0.000252,74.125.24.0-255,1484,32696,48,283085
12813,0.000254,172.31.46.0-255,66,32762,48,283085
12814,0.000257,74.125.24.0-255,1484,34246,48,283085
12815,0.000259,172.31.46.0-255,66,34312,48,283085
12816,0.000273,74.125.24.0-255,1484,35796,48,283085
12817,0.000274,172.31.46.0-255,66,35862,48,283085
12818,0.00028,74.125.24.0-255,5738,41600,48,283085
12819,0.000282,172.31.46.0-255,66,41666,48,283085
12820,0.000287,74.125.24.0-255,4320,45986,48,283085
12821,0.00029,172.31.46.0-255,66,46052,48,283085
12822,0.000312,74.125.24.0-255,2543,48595,48,283085
12823,0.000315,172.31.46.0-255,66,48661,48,283085
12824,0.001131,74.125.24.0-255,1484,50145,48,283085
12825,0.001139,172.31.46.0-255,66,50211,48,283085
12826,0.001149,74.125.24.0-255,2902,53113,48,283085
12827,0.001152,172.31.46.0-255,66,53179,48,283085
12828,0.001159,74.125.24.0-255,5738,58917,48,283085
12829,0.001161,172.31.46.0-255,66,58983,48,283085
12830,0.001168,74.125.24.0-255,6797,65780,48,283085
12831,0.001171,172.31.46.0-255,66,65846,48,283085
12832,0.001316,74.125.24.0-255,1484,67330,48,283085
12833,0.001334,74.125.24.0-255,2902,70232,48,283085
12834,0.001337,172.31.46.0-255,66,70298,48,283085
12835,0.001342,74.125.24.0-255,1484,71782,48,283085
12836,0.001356,74.125.24.0-255,4320,76102,48,283085
12837,0.001358,172.31.46.0-255,66,76168,48,283085
12838,0.001389,74.125.24.0-255,6797,82965,48,283085
12839,0.001392,172.31.46.0-255,66,83031,48,283085
12840,0.001395,74.125.24.0-255,1484,84515,48,283085
12841,0.001423,172.31.46.0-255,66,84581,48,283085
12842,0.001441,74.125.24.0-255,2902,87483,48,283085
12843,0.001444,172.31.46.0-255,66,87549,48,283085
12844,0.001459,74.125.24.0-255,2543,90092,48,283085
12845,0.001468,172.31.46.0-255,66,90158,48,283085
12846,0.001858,74.125.24.0-255,1484,91642,48,283085
12847,0.001866,74.125.24.0-255,2902,94544,48,283085
12848,0.00187,172.31.46.0-255,66,94610,48,283085
12849,0.001874,74.125.24.0-255,1484,96094,48,283085
12850,0.00189,74.125.24.0-255,1484,97578,48,283085
12851,0.001892,172.31.46.0-255,66,97644,48,283085
12852,0.001895,74.125.24.0-255,1484,99128,48,283085
12853,0.001915,74.125.24.0-255,2902,102030,48,283085
12854,0.001917,172.31.46.0-255,66,102096,48,283085
12855,0.001927,172.31.46.0-255,66,102162,48,283085
12856,0.001947,74.125.24.0-255,4320,106482,48,283085
12857,0.001949,172.31.46.0-255,66,106548,48,283085
12858,0.00197,172.31.46.0-255,66,106614,48,283085
12859,0.002,74.125.24.0-255,1484,108098,48,283085
12860,0.002005,74.125.24.0-255,2902,111000,48,283085
12861,0.002007,172.31.46.0-255,66,111066,48,283085
12862,0.00201,74.125.24.0-255,1484,112550,48,283085
12863,0.002027,74.125.24.0-255,1484,114034,48,283085
12864,0.002029,172.31.46.0-255,66,114100,48,283085
12865,0.002042,74.125.24.0-255,2902,117002,48,283085
12866,0.002044,172.31.46.0-255,66,117068,48,283085
12867,0.002048,74.125.24.0-255,1484,118552,48,283085
12868,0.002074,74.125.24.0-255,1484,120036,48,283085
12869,0.002076,172.31.46.0-255,66,120102,48,283085
12870,0.002108,172.31.46.0-255,66,120168,48,283085
12871,0.002123,172.31.46.0-255,66,120234,48,283085
12872,0.002137,172.31.46.0-255,66,120300,48,283085
12873,0.002143,74.125.24.0-255,4320,124620,48,283085
12874,0.002145,172.31.46.0-255,66,124686,48,283085
12875,0.00217,74.125.24.0-255,5738,130424,48,283085
12876,0.002173,172.31.46.0-255,66,130490,48,283085
12877,0.002178,74.125.24.0-255,5020,135510,48,283085
12878,0.00218,172.31.46.0-255,66,135576,48,283085
12879,0.002235,74.125.24.0-255,1484,137060,48,283085
12880,0.002241,74.125.24.0-255,2902,139962,48,283085
12881,0.002244,172.31.46.0-255,66,140028,48,283085
12882,0.002277,74.125.24.0-255,5738,145766,48,283085
12883,0.002281,172.31.46.0-255,66,145832,48,283085
12884,0.002286,74.125.24.0-255,4320,150152,48,283085
12885,0.002288,172.31.46.0-255,66,150218,48,283085
12886,0.002327,74.125.24.0-255,4320,154538,48,283085
12887,0.002363,74.125.24.0-255,7156,161694,48,283085
12888,0.002376,172.31.46.0-255,66,161760,48,283085
12889,0.002389,74.125.24.0-255,5738,167498,48,283085
12890,0.002403,172.31.46.0-255,66,167564,48,283085
12891,0.002442,172.31.46.0-255,66,167630,48,283085
12892,0.004895,74.125.24.0-255,5738,173368,48,283085
12893,0.004901,172.31.46.0-255,66,173434,48,283085
12894,0.007433,74.125.24.0-255,5738,179172,48,283085
12895,0.007439,172.31.46.0-255,66,179238,48,283085
12896,0.009885,74.125.24.0-255,5738,184976,48,283085
12897,0.009901,172.31.46.0-255,66,185042,48,283085
12898,0.012384,74.125.24.0-255,5738,190780,48,283085
12899,0.012402,172.31.46.0-255,66,190846,48,283085
12900,0.014872,74.125.24.0-255,5738,196584,48,283085
12901,0.014891,172.31.46.0-255,66,196650,48,283085
12902,0.017354,74.125.24.0-255,5738,202388,48,283085
12903,0.017368,172.31.46.0-255,66,202454,48,283085
12904,0.019803,74.125.24.0-255,5738,208192,48,283085
12905,0.019821,172.31.46.0-255,66,208258,48,283085
12906,0.022267,74.125.24.0-255,5738,213996,48,283085
12907,0.022284,172.31.46.0-255,66,214062,48,283085
12908,0.024717,74.125.24.0-255,5738,219800,48,283085
12909,0.024734,172.31.46.0-255,66,219866,48,283085
12910,0.027186,74.125.24.0-255,5738,225604,48,283085
12911,0.027202,172.31.46.0-255,66,225670,48,283085
12912,0.028872,172.31.46.0-255,172,225842,48,283085
12913,0.028911,172.31.46.0-255,1111,226953,48,283085
12914,0.028971,172.31.46.0-255,1514,228467,48,283085
12915,0.028972,172.31.46.0-255,1514,229981,48,283085
12916,0.028974,172.31.46.0-255,604,230585,48,283085
12917,0.029646,74.125.24.0-255,5738,236323,48,283085
12918,0.029654,172.31.46.0-255,66,236389,48,283085
12919,0.03057,104.244.42.0-255,66,236455,48,283085
12920,0.030604,104.244.42.0-255,66,236521,48,283085
12921,0.030667,104.244.42.0-255,66,236587,48,283085
12922,0.030672,104.244.42.0-255,66,236653,48,283085
12923,0.032097,74.125.24.0-255,5738,242391,48,283085
12924,0.03211,172.31.46.0-255,66,242457,48,283085
12925,0.034567,74.125.24.0-255,5738,248195,48,283085
12926,0.034581,172.31.46.0-255,66,248261,48,283085
12927,0.037072,74.125.24.0-255,5738,253999,48,283085
12928,0.037081,172.31.46.0-255,66,254065,48,283085
12929,0.039529,74.125.24.0-255,5738,259803,48,283085
12930,0.03954,172.31.46.0-255,66,259869,48,283085
12931,0.04199,74.125.24.0-255,5738,265607,48,283085
12932,0.042,172.31.46.0-255,66,265673,48,283085
12933,0.044456,74.125.24.0-255,5738,271411,48,283085
12934,0.044464,172.31.46.0-255,66,271477,48,283085
12935,0.046903,74.125.24.0-255,5738,277215,48,283085
12936,0.046909,172.31.46.0-255,66,277281,48,283085
12937,0.049367,74.125.24.0-255,5738,283019,48,283085
12938,0.049372,172.31.46.0-255,66,283085,48,283085
12939,0.0,172.217.194.0-255,167,167,48,299446
12940,1.6e-05,172.31.46.0-255,66,233,48,299446
12941,2.2e-05,172.217.194.0-255,1484,1717,48,299446
12942,2.6e-05,172.31.46.0-255,66,1783,48,299446
12943,3.1e-05,172.217.194.0-255,2902,4685,48,299446
12944,3.4e-05,172.31.46.0-255,66,4751,48,299446
12945,6.4e-05,172.217.194.0-255,7156,11907,48,299446
12946,6.7e-05,172.31.46.0-255,66,11973,48,299446
12947,7.1e-05,172.217.194.0-255,2002,13975,48,299446
12948,7.4e-05,172.31.46.0-255,66,14041,48,299446
12949,7.8e-05,172.217.194.0-255,2902,16943,48,299446
12950,8.1e-05,172.31.46.0-255,66,17009,48,299446
12951,0.000116,172.217.194.0-255,7156,24165,48,299446
12952,0.000119,172.31.46.0-255,66,24231,48,299446
12953,0.000122,172.217.194.0-255,1484,25715,48,299446
12954,0.000124,172.31.46.0-255,66,25781,48,299446
12955,0.000144,172.217.194.0-255,5379,31160,48,299446
12956,0.000146,172.31.46.0-255,66,31226,48,299446
12957,0.000179,172.217.194.0-255,1484,32710,48,299446
12958,0.000181,172.31.46.0-255,66,32776,48,299446
12959,0.000186,172.217.194.0-255,2902,35678,48,299446
12960,0.000188,172.31.46.0-255,66,35744,48,299446
12961,0.000208,172.217.194.0-255,5738,41482,48,299446
12962,0.000211,172.31.46.0-255,66,41548,48,299446
12963,0.000217,172.217.194.0-255,5738,47286,48,299446
12964,0.000219,172.31.46.0-255,66,47352,48,299446
12965,0.000259,172.217.194.0-255,1125,48477,48,299446
12966,0.000262,172.31.46.0-255,66,48543,48,299446
12967,0.000319,172.217.194.0-255,1484,50027,48,299446
12968,0.000322,172.31.46.0-255,66,50093,48,299446
12969,0.000327,172.217.194.0-255,2902,52995,48,299446
12970,0.000329,172.31.46.0-255,66,53061,48,299446
12971,0.000334,172.217.194.0-255,4320,57381,48,299446
12972,0.000337,172.31.46.0-255,66,57447,48,299446
12973,0.000357,172.217.194.0-255,1484,58931,48,299446
12974,0.000361,172.217.194.0-255,1484,60415,48,299446
12975,0.000363,172.31.46.0-255,66,60481,48,299446
12976,0.000384,172.217.194.0-255,5694,66175,48,299446
12977,0.000387,172.31.46.0-255,66,66241,48,299446
12978,0.000389,172.217.194.0-255,361,66602,48,299446
12979,0.000624,172.217.194.0-255,1484,68086,48,299446
12980,0.00063,172.31.46.0-255,66,68152,48,299446
12981,0.000635,172.217.194.0-255,2902,71054,48,299446
12982,0.000638,172.31.46.0-255,66,71120,48,299446
12983,0.000644,172.217.194.0-255,5738,76858,48,299446
12984,0.000646,172.31.46.0-255,66,76924,48,299446
12985,0.000702,172.31.46.0-255,66,76990,48,299446
12986,0.000708,172.217.194.0-255,5738,82728,48,299446
12987,0.000711,172.31.46.0-255,66,82794,48,299446
12988,0.000726,172.217.194.0-255,4320,87114,48,299446
12989,0.000728,172.31.46.0-255,66,87180,48,299446
12990,0.00073,172.217.194.0-255,766,87946,48,299446
12991,0.000885,172.217.194.0-255,1484,89430,48,299446
12992,0.000889,172.31.46.0-255,66,89496,48,299446
12993,0.000907,172.217.194.0-255,2902,92398,48,299446
12994,0.000909,172.31.46.0-255,66,92464,48,299446
12995,0.00094,172.217.194.0-255,5738,98202,48,299446
12996,0.000942,172.31.46.0-255,66,98268,48,299446
12997,0.000964,172.217.194.0-255,5738,104006,48,299446
12998,0.000966,172.31.46.0-255,66,104072,48,299446
12999,0.000982,172.217.194.0-255,7156,111228,48,299446
13000,0.000984,172.31.46.0-255,66,111294,48,299446
13001,0.000988,172.217.194.0-255,4320,115614,48,299446
13002,0.00099,172.31.46.0-255,66,115680,48,299446
13003,0.001019,172.217.194.0-255,5738,121418,48,299446
13004,0.001021,172.31.46.0-255,66,121484,48,299446
13005,0.001024,172.217.194.0-255,766,122250,48,299446
13006,0.001614,172.31.46.0-255,66,122316,48,299446
13007,0.001763,172.217.194.0-255,1484,123800,48,299446
13008,0.00177,172.217.194.0-255,2902,126702,48,299446
13009,0.001773,172.31.46.0-255,66,126768,48,299446
13010,0.001781,172.217.194.0-255,5738,132506,48,299446
13011,0.001782,172.31.46.0-255,66,132572,48,299446
13012,0.001804,172.217.194.0-255,1484,134056,48,299446
13013,0.001836,172.31.46.0-255,66,134122,48,299446
13014,0.001876,172.31.46.0-255,66,134188,48,299446
13015,0.002121,172.217.194.0-255,1484,135672,48,299446
13016,0.002129,172.217.194.0-255,2902,138574,48,299446
13017,0.002133,172.31.46.0-255,66,138640,48,299446
13018,0.00214,172.217.194.0-255,5738,144378,48,299446
13019,0.002141,172.31.46.0-255,66,144444,48,299446
13020,0.002145,172.217.194.0-255,1484,145928,48,299446
13021,0.002178,172.31.46.0-255,66,145994,48,299446
13022,0.002186,172.217.194.0-255,7156,153150,48,299446
13023,0.002187,172.31.46.0-255,66,153216,48,299446
13024,0.002213,172.217.194.0-255,3602,156818,48,299446
13025,0.002215,172.31.46.0-255,66,156884,48,299446
13026,0.002241,172.217.194.0-255,2902,159786,48,299446
13027,0.002243,172.31.46.0-255,66,159852,48,299446
13028,0.002258,172.217.194.0-255,1484,161336,48,299446
13029,0.002287,172.217.194.0-255,7156,168492,48,299446
13030,0.00229,172.31.46.0-255,66,168558,48,299446
13031,0.002306,172.217.194.0-255,1484,170042,48,299446
13032,0.00232,172.31.46.0-255,66,170108,48,299446
13033,0.002323,172.217.194.0-255,1484,171592,48,299446
13034,0.002356,172.31.46.0-255,66,171658,48,299446
13035,0.002446,172.217.194.0-255,1484,173142,48,299446
13036,0.002452,172.217.194.0-255,2902,176044,48,299446
13037,0.002455,172.31.46.0-255,66,176110,48,299446
13038,0.002458,172.217.194.0-255,1484,177594,48,299446
13039,0.00248,172.217.194.0-255,4320,181914,48,299446
13040,0.002482,172.31.46.0-255,66,181980,48,299446
13041,0.002497,172.217.194.0-255,2902,184882,48,299446
13042,0.0025,172.31.46.0-255,66,184948,48,299446
13043,0.004946,172.217.194.0-255,2902,187850,48,299446
13044,0.004951,172.31.46.0-255,66,187916,48,299446
13045,0.004972,172.217.194.0-255,2902,190818,48,299446
13046,0.004974,172.31.46.0-255,66,190884,48,299446
13047,0.007398,172.217.194.0-255,2902,193786,48,299446
13048,0.007405,172.31.46.0-255,66,193852,48,299446
13049,0.007449,172.217.194.0-255,2902,196754,48,299446
13050,0.007452,172.31.46.0-255,66,196820,48,299446
13051,0.009888,172.217.194.0-255,2902,199722,48,299446
13052,0.009894,172.31.46.0-255,66,199788,48,299446
13053,0.009914,172.217.194.0-255,2902,202690,48,299446
13054,0.009917,172.31.46.0-255,66,202756,48,299446
13055,0.01239,172.217.194.0-255,5738,208494,48,299446
13056,0.012397,172.31.46.0-255,66,208560,48,299446
13057,0.014895,172.217.194.0-255,5738,214298,48,299446
13058,0.014903,172.31.46.0-255,66,214364,48,299446
13059,0.017387,172.217.194.0-255,5738,220102,48,299446
13060,0.017397,172.31.46.0-255,66,220168,48,299446
13061,0.019884,172.217.194.0-255,5738,225906,48,299446
13062,0.019892,172.31.46.0-255,66,225972,48,299446
13063,0.02238,172.217.194.0-255,5738,231710,48,299446
13064,0.022387,172.31.46.0-255,66,231776,48,299446
13065,0.024865,172.217.194.0-255,5738,237514,48,299446
13066,0.024872,172.31.46.0-255,66,237580,48,299446
13067,0.027366,172.217.194.0-255,5738,243318,48,299446
13068,0.027372,172.31.46.0-255,66,243384,48,299446
13069,0.028131,172.31.46.0-255,172,243556,48,299446
13070,0.028157,172.31.46.0-255,1111,244667,48,299446
13071,0.028208,172.31.46.0-255,1514,246181,48,299446
13072,0.02821,172.31.46.0-255,1514,247695,48,299446
13073,0.028232,172.31.46.0-255,603,248298,48,299446
13074,0.029832,104.244.42.0-255,66,248364,48,299446
13075,0.029856,104.244.42.0-255,66,248430,48,299446
13076,0.029881,172.217.194.0-255,5738,254168,48,299446
13077,0.029885,172.31.46.0-255,66,254234,48,299446
13078,0.02991,104.244.42.0-255,66,254300,48,299446
13079,0.029913,104.244.42.0-255,66,254366,48,299446
13080,0.032359,172.217.194.0-255,5738,260104,48,299446
13081,0.032363,172.31.46.0-255,66,260170,48,299446
13082,0.034845,172.217.194.0-255,5738,265908,48,299446
13083,0.03485,172.31.46.0-255,66,265974,48,299446
13084,0.037302,172.217.194.0-255,5738,271712,48,299446
13085,0.037308,172.31.46.0-255,66,271778,48,299446
13086,0.039795,172.217.194.0-255,4320,276098,48,299446
13087,0.039801,172.31.46.0-255,66,276164,48,299446
13088,0.039817,172.217.194.0-255,1484,277648,48,299446
13089,0.042258,172.217.194.0-255,4320,281968,48,299446
13090,0.042264,172.31.46.0-255,66,282034,48,299446
13091,0.044746,172.217.194.0-255,5738,287772,48,299446
13092,0.044752,172.31.46.0-255,66,287838,48,299446
13093,0.047226,172.217.194.0-255,5738,293576,48,299446
13094,0.047232,172.31.46.0-255,66,293642,48,299446
13095,0.049701,172.217.194.0-255,5738,299380,48,299446
13096,0.049706,172.31.46.0-255,66,299446,48,299446
13097,0.0,172.217.194.0-255,153,153,48,282406
13098,3.3e-05,172.31.46.0-255,66,219,48,282406
13099,3.8e-05,172.217.194.0-255,1484,1703,48,282406
13100,4.2e-05,172.31.46.0-255,66,1769,48,282406
13101,4.7e-05,172.217.194.0-255,2902,4671,48,282406
13102,4.9e-05,172.31.46.0-255,66,4737,48,282406
13103,6.1e-05,172.217.194.0-255,7156,11893,48,282406
13104,6.3e-05,172.31.46.0-255,66,11959,48,282406
13105,6.7e-05,172.217.194.0-255,2064,14023,48,282406
13106,6.9e-05,172.31.46.0-255,66,14089,48,282406
13107,9.4e-05,172.217.194.0-255,1484,15573,48,282406
13108,9.6e-05,172.31.46.0-255,66,15639,48,282406
13109,0.0001,172.217.194.0-255,2902,18541,48,282406
13110,0.000106,172.31.46.0-255,66,18607,48,282406
13111,0.000112,172.217.194.0-255,5738,24345,48,282406
13112,0.000113,172.31.46.0-255,66,24411,48,282406
13113,0.000153,172.217.194.0-255,6797,31208,48,282406
13114,0.000158,172.31.46.0-255,66,31274,48,282406
13115,0.000184,172.217.194.0-255,4320,35594,48,282406
13116,0.000186,172.31.46.0-255,66,35660,48,282406
13117,0.000209,172.217.194.0-255,1484,37144,48,282406
13118,0.000212,172.31.46.0-255,66,37210,48,282406
13119,0.000218,172.217.194.0-255,7156,44366,48,282406
13120,0.00022,172.31.46.0-255,66,44432,48,282406
13121,0.000246,172.217.194.0-255,3961,48393,48,282406
13122,0.000249,172.31.46.0-255,66,48459,48,282406
13123,0.000731,172.217.194.0-255,1484,49943,48,282406
13124,0.000736,172.31.46.0-255,66,50009,48,282406
13125,0.000758,172.217.194.0-255,2902,52911,48,282406
13126,0.000761,172.31.46.0-255,66,52977,48,282406
13127,0.000767,172.217.194.0-255,5738,58715,48,282406
13128,0.000769,172.31.46.0-255,66,58781,48,282406
13129,0.000804,172.217.194.0-255,6797,65578,48,282406
13130,0.000808,172.217.194.0-255,646,66224,48,282406
13131,0.000814,172.31.46.0-255,66,66290,48,282406
13132,0.000829,172.217.194.0-255,1484,67774,48,282406
13133,0.000848,172.217.194.0-255,4320,72094,48,282406
13134,0.000852,172.31.46.0-255,66,72160,48,282406
13135,0.000877,172.217.194.0-255,2902,75062,48,282406
13136,0.000883,172.31.46.0-255,66,75128,48,282406
13137,0.000911,172.217.194.0-255,7156,82284,48,282406
13138,0.000915,172.217.194.0-255,1125,83409,48,282406
13139,0.000922,172.31.46.0-255,66,83475,48,282406
13140,0.000953,172.217.194.0-255,7156,90631,48,282406
13141,0.00096,172.31.46.0-255,66,90697,48,282406
13142,0.000964,172.217.194.0-255,1125,91822,48,282406
13143,0.000973,172.31.46.0-255,66,91888,48,282406
13144,0.001588,172.217.194.0-255,1484,93372,48,282406
13145,0.001609,172.217.194.0-255,2902,96274,48,282406
13146,0.001614,172.31.46.0-255,66,96340,48,282406
13147,0.001621,172.217.194.0-255,5738,102078,48,282406
13148,0.001632,172.31.46.0-255,66,102144,48,282406
13149,0.001644,172.217.194.0-255,6234,108378,48,282406
13150,0.001653,172.217.194.0-255,2902,111280,48,282406
13151,0.001661,172.31.46.0-255,66,111346,48,282406
13152,0.001664,172.217.194.0-255,1484,112830,48,282406
13153,0.001691,172.217.194.0-255,2902,115732,48,282406
13154,0.001698,172.31.46.0-255,66,115798,48,282406
13155,0.001739,172.31.46.0-255,66,115864,48,282406
13156,0.001765,172.217.194.0-255,5738,121602,48,282406
13157,0.00177,172.31.46.0-255,66,121668,48,282406
13158,0.001772,172.217.194.0-255,7156,128824,48,282406
13159,0.001775,172.31.46.0-255,66,128890,48,282406
13160,0.001795,172.31.46.0-255,66,128956,48,282406
13161,0.001796,172.217.194.0-255,4320,133276,48,282406
13162,0.001808,172.31.46.0-255,66,133342,48,282406
13163,0.001825,172.31.46.0-255,66,133408,48,282406
13164,0.001857,172.217.194.0-255,2902,136310,48,282406
13165,0.001859,172.31.46.0-255,66,136376,48,282406
13166,0.00187,172.31.46.0-255,66,136442,48,282406
13167,0.001905,172.31.46.0-255,66,136508,48,282406
13168,0.001909,172.217.194.0-255,6824,143332,48,282406
13169,0.001916,172.217.194.0-255,7156,150488,48,282406
13170,0.001919,172.31.46.0-255,66,150554,48,282406
13171,0.001921,172.217.194.0-255,4320,154874,48,282406
13172,0.001937,172.31.46.0-255,66,154940,48,282406
13173,0.00197,172.217.194.0-255,5020,159960,48,282406
13174,0.001977,172.31.46.0-255,66,160026,48,282406
13175,0.004083,172.217.194.0-255,5738,165764,48,282406
13176,0.004089,172.31.46.0-255,66,165830,48,282406
13177,0.006193,172.217.194.0-255,5738,171568,48,282406
13178,0.006199,172.31.46.0-255,66,171634,48,282406
13179,0.008292,172.217.194.0-255,5738,177372,48,282406
13180,0.011185,172.31.46.0-255,66,177438,48,282406
13181,0.013298,172.217.194.0-255,5738,183176,48,282406
13182,0.01331,172.31.46.0-255,66,183242,48,282406
13183,0.015418,172.217.194.0-255,5738,188980,48,282406
13184,0.017269,172.31.46.0-255,66,189046,48,282406
13185,0.019384,172.217.194.0-255,5738,194784,48,282406
13186,0.019402,172.31.46.0-255,66,194850,48,282406
13187,0.021518,172.217.194.0-255,5738,200588,48,282406
13188,0.021534,172.31.46.0-255,66,200654,48,282406
13189,0.023635,172.217.194.0-255,5738,206392,48,282406
13190,0.023651,172.31.46.0-255,66,206458,48,282406
13191,0.025747,172.217.194.0-255,5738,212196,48,282406
13192,0.025762,172.31.46.0-255,66,212262,48,282406
13193,0.027872,172.217.194.0-255,5738,218000,48,282406
13194,0.027882,172.31.46.0-255,66,218066,48,282406
13195,0.029982,172.217.194.0-255,5738,223804,48,282406
13196,0.029991,172.31.46.0-255,66,223870,48,282406
13197,0.030751,172.31.46.0-255,172,224042,48,282406
13198,0.0308,172.31.46.0-255,1107,225149,48,282406
13199,0.030884,172.31.46.0-255,1514,226663,48,282406
13200,0.030887,172.31.46.0-255,1514,228177,48,282406
13201,0.030913,172.31.46.0-255,607,228784,48,282406
13202,0.032055,172.217.194.0-255,5738,234522,48,282406
13203,0.032062,172.31.46.0-255,66,234588,48,282406
13204,0.032294,104.244.42.0-255,66,234654,48,282406
13205,0.032404,104.244.42.0-255,66,234720,48,282406
13206,0.032443,104.244.42.0-255,66,234786,48,282406
13207,0.032447,104.244.42.0-255,66,234852,48,282406
13208,0.03413,172.217.194.0-255,2902,237754,48,282406
13209,0.034135,172.31.46.0-255,66,237820,48,282406
13210,0.034163,172.217.194.0-255,2902,240722,48,282406
13211,0.034195,172.31.46.0-255,66,240788,48,282406
13212,0.036231,172.217.194.0-255,2902,243690,48,282406
13213,0.036239,172.31.46.0-255,66,243756,48,282406
13214,0.036297,172.217.194.0-255,2902,246658,48,282406
13215,0.036332,172.31.46.0-255,66,246724,48,282406
13216,0.038328,172.217.194.0-255,2902,249626,48,282406
13217,0.038336,172.31.46.0-255,66,249692,48,282406
13218,0.0384,172.217.194.0-255,2902,252594,48,282406
13219,0.038408,172.31.46.0-255,66,252660,48,282406
13220,0.040443,172.217.194.0-255,2902,255562,48,282406
13221,0.040453,172.31.46.0-255,66,255628,48,282406
13222,0.040509,172.217.194.0-255,1484,257112,48,282406
13223,0.040527,172.217.194.0-255,1484,258596,48,282406
13224,0.040572,172.31.46.0-255,66,258662,48,282406
13225,0.042561,172.217.194.0-255,2902,261564,48,282406
13226,0.04257,172.31.46.0-255,66,261630,48,282406
13227,0.04266,172.217.194.0-255,2902,264532,48,282406
13228,0.042695,172.31.46.0-255,66,264598,48,282406
13229,0.044646,172.217.194.0-255,2902,267500,48,282406
13230,0.044653,172.31.46.0-255,66,267566,48,282406
13231,0.044767,172.217.194.0-255,2902,270468,48,282406
13232,0.044772,172.31.46.0-255,66,270534,48,282406
13233,0.046741,172.217.194.0-255,2902,273436,48,282406
13234,0.046747,172.31.46.0-255,66,273502,48,282406
13235,0.046845,172.217.194.0-255,2902,276404,48,282406
13236,0.046866,172.31.46.0-255,66,276470,48,282406
13237,0.048828,172.217.194.0-255,2902,279372,48,282406
13238,0.048834,172.31.46.0-255,66,279438,48,282406
13239,0.048931,172.217.194.0-255,2902,282340,48,282406
13240,0.048952,172.31.46.0-255,66,282406,48,282406
13241,0.0,74.125.24.0-255,153,153,48,168705
13242,2.3e-05,172.31.46.0-255,66,219,48,168705
13243,3e-05,74.125.24.0-255,1484,1703,48,168705
13244,3.5e-05,172.31.46.0-255,66,1769,48,168705
13245,4.7e-05,74.125.24.0-255,2902,4671,48,168705
13246,5e-05,172.31.46.0-255,66,4737,48,168705
13247,5.6e-05,74.125.24.0-255,4320,9057,48,168705
13248,5.8e-05,172.31.46.0-255,66,9123,48,168705
13249,9.5e-05,172.31.46.0-255,66,9189,48,168705
13250,0.000106,172.31.46.0-255,66,9255,48,168705
13251,0.000133,74.125.24.0-255,2902,12157,48,168705
13252,0.000136,172.31.46.0-255,66,12223,48,168705
13253,0.000173,172.31.46.0-255,66,12289,48,168705
13254,0.000249,74.125.24.0-255,1484,13773,48,168705
13255,0.000252,172.31.46.0-255,66,13839,48,168705
13256,0.00028,74.125.24.0-255,2902,16741,48,168705
13257,0.000283,172.31.46.0-255,66,16807,48,168705
13258,0.00029,74.125.24.0-255,5738,22545,48,168705
13259,0.000293,172.31.46.0-255,66,22611,48,168705
13260,0.000299,74.125.24.0-255,5738,28349,48,168705
13261,0.000302,172.31.46.0-255,66,28415,48,168705
13262,0.000336,74.125.24.0-255,1400,29815,48,168705
13263,0.000339,172.31.46.0-255,66,29881,48,168705
13264,0.000771,74.125.24.0-255,131,30012,48,168705
13265,0.000777,172.31.46.0-255,66,30078,48,168705
13266,0.000815,74.125.24.0-255,1484,31562,48,168705
13267,0.000818,172.31.46.0-255,66,31628,48,168705
13268,0.000822,74.125.24.0-255,1484,33112,48,168705
13269,0.000824,172.31.46.0-255,66,33178,48,168705
13270,0.00084,74.125.24.0-255,1484,34662,48,168705
13271,0.000854,74.125.24.0-255,7156,41818,48,168705
13272,0.000856,172.31.46.0-255,66,41884,48,168705
13273,0.000863,74.125.24.0-255,4320,46204,48,168705
13274,0.000865,172.31.46.0-255,66,46270,48,168705
13275,0.0009,74.125.24.0-255,4320,50590,48,168705
13276,0.000902,172.31.46.0-255,66,50656,48,168705
13277,0.00092,172.31.46.0-255,66,50722,48,168705
13278,0.001405,74.125.24.0-255,1484,52206,48,168705
13279,0.001425,74.125.24.0-255,2902,55108,48,168705
13280,0.001429,172.31.46.0-255,66,55174,48,168705
13281,0.001436,74.125.24.0-255,5738,60912,48,168705
13282,0.001438,172.31.46.0-255,66,60978,48,168705
13283,0.001482,172.31.46.0-255,66,61044,48,168705
13284,0.001492,172.31.46.0-255,66,61110,48,168705
13285,0.001521,74.125.24.0-255,2902,64012,48,168705
13286,0.001525,172.31.46.0-255,66,64078,48,168705
13287,0.001562,172.31.46.0-255,66,64144,48,168705
13288,0.001566,74.125.24.0-255,2902,67046,48,168705
13289,0.001569,172.31.46.0-255,66,67112,48,168705
13290,0.001604,172.31.46.0-255,66,67178,48,168705
13291,0.00192,74.125.24.0-255,1484,68662,48,168705
13292,0.001927,74.125.24.0-255,2902,71564,48,168705
13293,0.001931,172.31.46.0-255,66,71630,48,168705
13294,0.001934,74.125.24.0-255,1484,73114,48,168705
13295,0.001963,74.125.24.0-255,4320,77434,48,168705
13296,0.001965,172.31.46.0-255,66,77500,48,168705
13297,0.00199,74.125.24.0-255,4320,81820,48,168705
13298,0.001994,172.31.46.0-255,66,81886,48,168705
13299,0.002014,74.125.24.0-255,5738,87624,48,168705
13300,0.002016,172.31.46.0-255,66,87690,48,168705
13301,0.002029,172.31.46.0-255,66,87756,48,168705
13302,0.002034,74.125.24.0-255,2184,89940,48,168705
13303,0.002036,172.31.46.0-255,66,90006,48,168705
13304,0.002251,74.125.24.0-255,1484,91490,48,168705
13305,0.002269,74.125.24.0-255,2902,94392,48,168705
13306,0.002272,172.31.46.0-255,66,94458,48,168705
13307,0.002277,74.125.24.0-255,2902,97360,48,168705
13308,0.002279,172.31.46.0-255,66,97426,48,168705
13309,0.002306,74.125.24.0-255,7156,104582,48,168705
13310,0.002312,172.31.46.0-255,66,104648,48,168705
13311,0.002318,74.125.24.0-255,2902,107550,48,168705
13312,0.00232,172.31.46.0-255,66,107616,48,168705
13313,0.002363,172.31.46.0-255,66,107682,48,168705
13314,0.002368,74.125.24.0-255,3602,111284,48,168705
13315,0.00237,172.31.46.0-255,66,111350,48,168705
13316,0.002428,172.31.46.0-255,66,111416,48,168705
13317,0.002447,172.31.46.0-255,66,111482,48,168705
13318,0.002501,172.31.46.0-255,66,111548,48,168705
13319,0.002517,172.31.46.0-255,66,111614,48,168705
13320,0.002582,74.125.24.0-255,1484,113098,48,168705
13321,0.00259,74.125.24.0-255,5738,118836,48,168705
13322,0.002593,172.31.46.0-255,66,118902,48,168705
13323,0.002602,74.125.24.0-255,7156,126058,48,168705
13324,0.002605,172.31.46.0-255,66,126124,48,168705
13325,0.002629,172.31.46.0-255,66,126190,48,168705
13326,0.002634,74.125.24.0-255,2184,128374,48,168705
13327,0.002636,172.31.46.0-255,66,128440,48,168705
13328,0.002662,74.125.24.0-255,4320,132760,48,168705
13329,0.002664,172.31.46.0-255,66,132826,48,168705
13330,0.002703,172.31.46.0-255,66,132892,48,168705
13331,0.002715,172.31.46.0-255,66,132958,48,168705
13332,0.002723,74.125.24.0-255,7156,140114,48,168705
13333,0.002726,74.125.24.0-255,766,140880,48,168705
13334,0.002748,74.125.24.0-255,1484,142364,48,168705
13335,0.002753,74.125.24.0-255,2902,145266,48,168705
13336,0.002769,74.125.24.0-255,1484,146750,48,168705
13337,0.002774,74.125.24.0-255,2902,149652,48,168705
13338,0.002778,74.125.24.0-255,2902,152554,48,168705
13339,0.002782,74.125.24.0-255,2902,155456,48,168705
13340,0.002801,74.125.24.0-255,4320,159776,48,168705
13341,0.002878,74.125.24.0-255,3409,163185,48,168705
13342,0.002937,74.125.24.0-255,105,163290,48,168705
13343,0.008178,172.31.46.0-255,66,163356,48,168705
13344,0.010178,172.31.46.0-255,105,163461,48,168705
13345,0.01258,74.125.24.0-255,66,163527,48,168705
13346,0.043569,172.31.46.0-255,172,163699,48,168705
13347,0.043602,172.31.46.0-255,1111,164810,48,168705
13348,0.043668,172.31.46.0-255,1514,166324,48,168705
13349,0.043669,172.31.46.0-255,1514,167838,48,168705
13350,0.04367,172.31.46.0-255,603,168441,48,168705
13351,0.045238,104.244.42.0-255,66,168507,48,168705
13352,0.045249,104.244.42.0-255,66,168573,48,168705
13353,0.045334,104.244.42.0-255,66,168639,48,168705
13354,0.045337,104.244.42.0-255,66,168705,48,168705
13355,0.0,74.125.200.0-255,153,153,48,219160
13356,2e-05,172.31.46.0-255,66,219,48,219160
13357,2.7e-05,74.125.200.0-255,1484,1703,48,219160
13358,3.2e-05,172.31.46.0-255,66,1769,48,219160
13359,3.8e-05,74.125.200.0-255,2902,4671,48,219160
13360,4.1e-05,172.31.46.0-255,66,4737,48,219160
13361,4.4e-05,74.125.200.0-255,1484,6221,48,219160
13362,4.7e-05,172.31.46.0-255,66,6287,48,219160
13363,5.3e-05,74.125.200.0-255,2902,9189,48,219160
13364,5.5e-05,172.31.46.0-255,66,9255,48,219160
13365,9.6e-05,74.125.200.0-255,4824,14079,48,219160
13366,9.9e-05,172.31.46.0-255,66,14145,48,219160
13367,0.000137,74.125.200.0-255,4320,18465,48,219160
13368,0.00014,172.31.46.0-255,66,18531,48,219160
13369,0.000157,74.125.200.0-255,1484,20015,48,219160
13370,0.00016,74.125.200.0-255,2902,22917,48,219160
13371,0.000164,74.125.200.0-255,4320,27237,48,219160
13372,0.000169,172.31.46.0-255,66,27303,48,219160
13373,0.000176,172.31.46.0-255,66,27369,48,219160
13374,0.000179,172.31.46.0-255,66,27435,48,219160
13375,0.000196,74.125.200.0-255,2902,30337,48,219160
13376,0.000199,172.31.46.0-255,66,30403,48,219160
13377,0.000213,74.125.200.0-255,1125,31528,48,219160
13378,0.000215,172.31.46.0-255,66,31594,48,219160
13379,0.000269,74.125.200.0-255,1484,33078,48,219160
13380,0.000273,172.31.46.0-255,66,33144,48,219160
13381,0.000286,74.125.200.0-255,2902,36046,48,219160
13382,0.000289,172.31.46.0-255,66,36112,48,219160
13383,0.000291,74.125.200.0-255,1484,37596,48,219160
13384,0.000293,172.31.46.0-255,66,37662,48,219160
13385,0.000297,74.125.200.0-255,2902,40564,48,219160
13386,0.000299,172.31.46.0-255,66,40630,48,219160
13387,0.000329,74.125.200.0-255,5738,46368,48,219160
13388,0.000332,172.31.46.0-255,66,46434,48,219160
13389,0.000363,74.125.200.0-255,2543,48977,48,219160
13390,0.000365,172.31.46.0-255,66,49043,48,219160
13391,0.001324,74.125.200.0-255,1484,50527,48,219160
13392,0.001333,74.125.200.0-255,2902,53429,48,219160
13393,0.001337,172.31.46.0-255,66,53495,48,219160
13394,0.001344,74.125.200.0-255,2902,56397,48,219160
13395,0.001345,172.31.46.0-255,66,56463,48,219160
13396,0.00136,74.125.200.0-255,2902,59365,48,219160
13397,0.001363,172.31.46.0-255,66,59431,48,219160
13398,0.001366,74.125.200.0-255,1484,60915,48,219160
13399,0.001369,74.125.200.0-255,1484,62399,48,219160
13400,0.001371,172.31.46.0-255,66,62465,48,219160
13401,0.00139,74.125.200.0-255,1484,63949,48,219160
13402,0.001405,74.125.200.0-255,2543,66492,48,219160
13403,0.001407,172.31.46.0-255,66,66558,48,219160
13404,0.00145,74.125.200.0-255,2902,69460,48,219160
13405,0.001452,172.31.46.0-255,66,69526,48,219160
13406,0.001468,74.125.200.0-255,4320,73846,48,219160
13407,0.001471,172.31.46.0-255,66,73912,48,219160
13408,0.001499,74.125.200.0-255,7156,81068,48,219160
13409,0.001501,172.31.46.0-255,66,81134,48,219160
13410,0.001519,74.125.200.0-255,1484,82618,48,219160
13411,0.001523,74.125.200.0-255,1706,84324,48,219160
13412,0.001525,172.31.46.0-255,66,84390,48,219160
13413,0.001641,74.125.200.0-255,1484,85874,48,219160
13414,0.001645,74.125.200.0-255,2902,88776,48,219160
13415,0.001647,172.31.46.0-255,66,88842,48,219160
13416,0.001651,74.125.200.0-255,1484,90326,48,219160
13417,0.001666,74.125.200.0-255,2902,93228,48,219160
13418,0.001668,172.31.46.0-255,66,93294,48,219160
13419,0.00169,74.125.200.0-255,5738,99032,48,219160
13420,0.001692,172.31.46.0-255,66,99098,48,219160
13421,0.001707,74.125.200.0-255,2543,101641,48,219160
13422,0.00171,172.31.46.0-255,66,101707,48,219160
13423,0.004161,74.125.200.0-255,5738,107445,48,219160
13424,0.004167,172.31.46.0-255,66,107511,48,219160
13425,0.006637,74.125.200.0-255,5738,113249,48,219160
13426,0.006648,172.31.46.0-255,66,113315,48,219160
13427,0.009104,74.125.200.0-255,5738,119053,48,219160
13428,0.00911,172.31.46.0-255,66,119119,48,219160
13429,0.011562,74.125.200.0-255,4320,123439,48,219160
13430,0.011567,172.31.46.0-255,66,123505,48,219160
13431,0.011588,74.125.200.0-255,1484,124989,48,219160
13432,0.014025,74.125.200.0-255,4320,129309,48,219160
13433,0.014033,172.31.46.0-255,66,129375,48,219160
13434,0.016501,74.125.200.0-255,5738,135113,48,219160
13435,0.016509,172.31.46.0-255,66,135179,48,219160
13436,0.018994,74.125.200.0-255,5738,140917,48,219160
13437,0.019002,172.31.46.0-255,66,140983,48,219160
13438,0.021471,74.125.200.0-255,5738,146721,48,219160
13439,0.02148,172.31.46.0-255,66,146787,48,219160
13440,0.023944,74.125.200.0-255,5738,152525,48,219160
13441,0.023951,172.31.46.0-255,66,152591,48,219160
13442,0.026417,74.125.200.0-255,5738,158329,48,219160
13443,0.026425,172.31.46.0-255,66,158395,48,219160
13444,0.027402,172.31.46.0-255,172,158567,48,219160
13445,0.027436,172.31.46.0-255,1112,159679,48,219160
13446,0.027527,172.31.46.0-255,1514,161193,48,219160
13447,0.027529,172.31.46.0-255,1514,162707,48,219160
13448,0.02753,172.31.46.0-255,1514,164221,48,219160
13449,0.027531,172.31.46.0-255,1514,165735,48,219160
13450,0.027533,172.31.46.0-255,553,166288,48,219160
13451,0.028903,74.125.200.0-255,5738,172026,48,219160
13452,0.028924,172.31.46.0-255,66,172092,48,219160
13453,0.028956,104.244.42.0-255,66,172158,48,219160
13454,0.028977,104.244.42.0-255,66,172224,48,219160
13455,0.029135,104.244.42.0-255,66,172290,48,219160
13456,0.029988,104.244.42.0-255,108,172398,48,219160
13457,0.029997,172.31.46.0-255,66,172464,48,219160
13458,0.031387,74.125.200.0-255,2902,175366,48,219160
13459,0.031394,172.31.46.0-255,66,175432,48,219160
13460,0.031418,74.125.200.0-255,2902,178334,48,219160
13461,0.03142,172.31.46.0-255,66,178400,48,219160
13462,0.033855,74.125.200.0-255,2902,181302,48,219160
13463,0.033865,172.31.46.0-255,66,181368,48,219160
13464,0.033887,74.125.200.0-255,2902,184270,48,219160
13465,0.03389,172.31.46.0-255,66,184336,48,219160
13466,0.036351,74.125.200.0-255,5738,190074,48,219160
13467,0.036359,172.31.46.0-255,66,190140,48,219160
13468,0.038822,74.125.200.0-255,5738,195878,48,219160
13469,0.038828,172.31.46.0-255,66,195944,48,219160
13470,0.041285,74.125.200.0-255,5738,201682,48,219160
13471,0.041293,172.31.46.0-255,66,201748,48,219160
13472,0.043758,74.125.200.0-255,5738,207486,48,219160
13473,0.043764,172.31.46.0-255,66,207552,48,219160
13474,0.046233,74.125.200.0-255,5738,213290,48,219160
13475,0.046241,172.31.46.0-255,66,213356,48,219160
13476,0.048714,74.125.200.0-255,5738,219094,48,219160
13477,0.048721,172.31.46.0-255,66,219160,48,219160
13478,0.0,74.125.24.0-255,152,152,48,167967
13479,2.4e-05,172.31.46.0-255,66,218,48,167967
13480,3.1e-05,74.125.24.0-255,1484,1702,48,167967
13481,3.5e-05,172.31.46.0-255,66,1768,48,167967
13482,4e-05,74.125.24.0-255,2902,4670,48,167967
13483,4.3e-05,172.31.46.0-255,66,4736,48,167967
13484,5e-05,74.125.24.0-255,7156,11892,48,167967
13485,5.4e-05,172.31.46.0-255,66,11958,48,167967
13486,5.7e-05,74.125.24.0-255,1484,13442,48,167967
13487,6.1e-05,172.31.46.0-255,66,13508,48,167967
13488,9.6e-05,74.125.24.0-255,5738,19246,48,167967
13489,9.9e-05,172.31.46.0-255,66,19312,48,167967
13490,0.000133,172.31.46.0-255,66,19378,48,167967
13491,0.000137,74.125.24.0-255,2543,21921,48,167967
13492,0.000139,172.31.46.0-255,66,21987,48,167967
13493,0.00019,74.125.24.0-255,1484,23471,48,167967
13494,0.000193,172.31.46.0-255,66,23537,48,167967
13495,0.000198,74.125.24.0-255,2902,26439,48,167967
13496,0.000201,172.31.46.0-255,66,26505,48,167967
13497,0.000206,74.125.24.0-255,5738,32243,48,167967
13498,0.000209,172.31.46.0-255,66,32309,48,167967
13499,0.000248,172.31.46.0-255,66,32375,48,167967
13500,0.000253,74.125.24.0-255,2902,35277,48,167967
13501,0.000255,172.31.46.0-255,66,35343,48,167967
13502,0.000286,172.31.46.0-255,66,35409,48,167967
13503,0.000902,74.125.24.0-255,130,35539,48,167967
13504,0.000909,172.31.46.0-255,66,35605,48,167967
13505,0.001285,74.125.24.0-255,1484,37089,48,167967
13506,0.001291,172.31.46.0-255,66,37155,48,167967
13507,0.0013,74.125.24.0-255,2902,40057,48,167967
13508,0.001302,172.31.46.0-255,66,40123,48,167967
13509,0.001308,74.125.24.0-255,5738,45861,48,167967
13510,0.00131,172.31.46.0-255,66,45927,48,167967
13511,0.001371,172.31.46.0-255,66,45993,48,167967
13512,0.001383,172.31.46.0-255,66,46059,48,167967
13513,0.003712,74.125.24.0-255,5738,51797,48,167967
13514,0.003719,172.31.46.0-255,66,51863,48,167967
13515,0.006074,74.125.24.0-255,5738,57601,48,167967
13516,0.006078,172.31.46.0-255,66,57667,48,167967
13517,0.008421,74.125.24.0-255,5738,63405,48,167967
13518,0.008429,172.31.46.0-255,66,63471,48,167967
13519,0.010766,74.125.24.0-255,5738,69209,48,167967
13520,0.010774,172.31.46.0-255,66,69275,48,167967
13521,0.013136,74.125.24.0-255,5738,75013,48,167967
13522,0.013147,172.31.46.0-255,66,75079,48,167967
13523,0.015484,74.125.24.0-255,5738,80817,48,167967
13524,0.015493,172.31.46.0-255,66,80883,48,167967
13525,0.017813,74.125.24.0-255,4320,85203,48,167967
13526,0.01782,172.31.46.0-255,66,85269,48,167967
13527,0.017839,74.125.24.0-255,1484,86753,48,167967
13528,0.020164,74.125.24.0-255,4320,91073,48,167967
13529,0.020172,172.31.46.0-255,66,91139,48,167967
13530,0.022485,74.125.24.0-255,5738,96877,48,167967
13531,0.022492,172.31.46.0-255,66,96943,48,167967
13532,0.024808,74.125.24.0-255,5738,102681,48,167967
13533,0.024816,172.31.46.0-255,66,102747,48,167967
13534,0.027164,74.125.24.0-255,5738,108485,48,167967
13535,0.027172,172.31.46.0-255,66,108551,48,167967
13536,0.029524,74.125.24.0-255,5738,114289,48,167967
13537,0.029534,172.31.46.0-255,66,114355,48,167967
13538,0.031701,172.31.46.0-255,176,114531,48,167967
13539,0.03173,172.31.46.0-255,1111,115642,48,167967
13540,0.031792,172.31.46.0-255,1514,117156,48,167967
13541,0.031794,172.31.46.0-255,1514,118670,48,167967
13542,0.031795,172.31.46.0-255,1514,120184,48,167967
13543,0.031796,172.31.46.0-255,1514,121698,48,167967
13544,0.031798,172.31.46.0-255,925,122623,48,167967
13545,0.031854,74.125.24.0-255,5738,128361,48,167967
13546,0.031859,172.31.46.0-255,66,128427,48,167967
13547,0.033349,104.244.42.0-255,66,128493,48,167967
13548,0.033393,104.244.42.0-255,66,128559,48,167967
13549,0.033471,104.244.42.0-255,66,128625,48,167967
13550,0.033477,104.244.42.0-255,66,128691,48,167967
13551,0.034194,74.125.24.0-255,5738,134429,48,167967
13552,0.034201,172.31.46.0-255,66,134495,48,167967
13553,0.036511,74.125.24.0-255,5738,140233,48,167967
13554,0.036518,172.31.46.0-255,66,140299,48,167967
13555,0.038881,74.125.24.0-255,4320,144619,48,167967
13556,0.038889,172.31.46.0-255,66,144685,48,167967
13557,0.038907,74.125.24.0-255,1484,146169,48,167967
13558,0.041207,74.125.24.0-255,4320,150489,48,167967
13559,0.041213,172.31.46.0-255,66,150555,48,167967
13560,0.043596,74.125.24.0-255,5738,156293,48,167967
13561,0.043603,172.31.46.0-255,66,156359,48,167967
13562,0.045919,74.125.24.0-255,5738,162097,48,167967
13563,0.045927,172.31.46.0-255,66,162163,48,167967
13564,0.048251,74.125.24.0-255,5738,167901,48,167967
13565,0.048262,172.31.46.0-255,66,167967,48,167967
13566,0.0,74.125.24.0-255,153,153,48,231344
13567,2.1e-05,172.31.46.0-255,66,219,48,231344
13568,2.8e-05,74.125.24.0-255,1484,1703,48,231344
13569,3.1e-05,172.31.46.0-255,66,1769,48,231344
13570,3.6e-05,74.125.24.0-255,2902,4671,48,231344
13571,4.5e-05,172.31.46.0-255,66,4737,48,231344
13572,5.1e-05,74.125.24.0-255,7156,11893,48,231344
13573,5.3e-05,172.31.46.0-255,66,11959,48,231344
13574,9.3e-05,172.31.46.0-255,66,12025,48,231344
13575,0.000103,172.31.46.0-255,66,12091,48,231344
13576,0.000177,74.125.24.0-255,1484,13575,48,231344
13577,0.00018,172.31.46.0-255,66,13641,48,231344
13578,0.000183,74.125.24.0-255,1484,15125,48,231344
13579,0.000185,172.31.46.0-255,66,15191,48,231344
13580,0.000204,74.125.24.0-255,1484,16675,48,231344
13581,0.000206,172.31.46.0-255,66,16741,48,231344
13582,0.000216,74.125.24.0-255,5738,22479,48,231344
13583,0.000218,172.31.46.0-255,66,22545,48,231344
13584,0.000241,74.125.24.0-255,5738,28283,48,231344
13585,0.000243,172.31.46.0-255,66,28349,48,231344
13586,0.000266,74.125.24.0-255,1125,29474,48,231344
13587,0.000268,172.31.46.0-255,66,29540,48,231344
13588,0.000281,172.31.46.0-255,66,29606,48,231344
13589,0.000284,74.125.24.0-255,2818,32424,48,231344
13590,0.000287,172.31.46.0-255,66,32490,48,231344
13591,0.000315,74.125.24.0-255,381,32871,48,231344
13592,0.000317,172.31.46.0-255,66,32937,48,231344
13593,0.000398,74.125.24.0-255,1484,34421,48,231344
13594,0.000402,172.31.46.0-255,66,34487,48,231344
13595,0.000405,74.125.24.0-255,1484,35971,48,231344
13596,0.000425,74.125.24.0-255,1484,37455,48,231344
13597,0.000427,172.31.46.0-255,66,37521,48,231344
13598,0.000433,74.125.24.0-255,5738,43259,48,231344
13599,0.000434,172.31.46.0-255,66,43325,48,231344
13600,0.000461,74.125.24.0-255,5738,49063,48,231344
13601,0.000464,172.31.46.0-255,66,49129,48,231344
13602,0.000495,172.31.46.0-255,66,49195,48,231344
13603,0.000505,172.31.46.0-255,66,49261,48,231344
13604,0.000832,74.125.24.0-255,1484,50745,48,231344
13605,0.000874,74.125.24.0-255,2902,53647,48,231344
13606,0.000878,172.31.46.0-255,66,53713,48,231344
13607,0.000885,74.125.24.0-255,5738,59451,48,231344
13608,0.000887,172.31.46.0-255,66,59517,48,231344
13609,0.000891,74.125.24.0-255,4320,63837,48,231344
13610,0.000897,172.31.46.0-255,66,63903,48,231344
13611,0.000929,74.125.24.0-255,4320,68223,48,231344
13612,0.000932,172.31.46.0-255,66,68289,48,231344
13613,0.000942,172.31.46.0-255,66,68355,48,231344
13614,0.000947,74.125.24.0-255,5020,73375,48,231344
13615,0.00095,172.31.46.0-255,66,73441,48,231344
13616,0.001131,74.125.24.0-255,1484,74925,48,231344
13617,0.001137,74.125.24.0-255,2902,77827,48,231344
13618,0.00114,172.31.46.0-255,66,77893,48,231344
13619,0.001145,74.125.24.0-255,2902,80795,48,231344
13620,0.001147,172.31.46.0-255,66,80861,48,231344
13621,0.001163,74.125.24.0-255,1484,82345,48,231344
13622,0.001165,74.125.24.0-255,1484,83829,48,231344
13623,0.001167,172.31.46.0-255,66,83895,48,231344
13624,0.001193,74.125.24.0-255,7156,91051,48,231344
13625,0.001195,172.31.46.0-255,66,91117,48,231344
13626,0.001201,74.125.24.0-255,5738,96855,48,231344
13627,0.001203,172.31.46.0-255,66,96921,48,231344
13628,0.001242,172.31.46.0-255,66,96987,48,231344
13629,0.001253,74.125.24.0-255,1484,98471,48,231344
13630,0.001275,74.125.24.0-255,7156,105627,48,231344
13631,0.001277,172.31.46.0-255,66,105693,48,231344
13632,0.001288,172.31.46.0-255,66,105759,48,231344
13633,0.001298,74.125.24.0-255,7156,112915,48,231344
13634,0.0013,172.31.46.0-255,66,112981,48,231344
13635,0.001303,74.125.24.0-255,1484,114465,48,231344
13636,0.001337,74.125.24.0-255,6438,120903,48,231344
13637,0.00134,172.31.46.0-255,66,120969,48,231344
13638,0.001365,74.125.24.0-255,1484,122453,48,231344
13639,0.00137,74.125.24.0-255,2902,125355,48,231344
13640,0.001372,172.31.46.0-255,66,125421,48,231344
13641,0.001377,74.125.24.0-255,5738,131159,48,231344
13642,0.001379,172.31.46.0-255,66,131225,48,231344
13643,0.001384,74.125.24.0-255,4320,135545,48,231344
13644,0.001391,172.31.46.0-255,66,135611,48,231344
13645,0.001424,172.31.46.0-255,66,135677,48,231344
13646,0.00145,74.125.24.0-255,2902,138579,48,231344
13647,0.001453,172.31.46.0-255,66,138645,48,231344
13648,0.001462,172.31.46.0-255,66,138711,48,231344
13649,0.00152,74.125.24.0-255,1484,140195,48,231344
13650,0.001525,74.125.24.0-255,2902,143097,48,231344
13651,0.001527,172.31.46.0-255,66,143163,48,231344
13652,0.001534,74.125.24.0-255,5738,148901,48,231344
13653,0.001536,172.31.46.0-255,66,148967,48,231344
13654,0.001543,74.125.24.0-255,5738,154705,48,231344
13655,0.001545,172.31.46.0-255,66,154771,48,231344
13656,0.001583,74.125.24.0-255,4320,159091,48,231344
13657,0.001586,172.31.46.0-255,66,159157,48,231344
13658,0.001592,74.125.24.0-255,4320,163477,48,231344
13659,0.001594,172.31.46.0-255,66,163543,48,231344
13660,0.001629,172.31.46.0-255,66,163609,48,231344
13661,0.001653,74.125.24.0-255,1484,165093,48,231344
13662,0.001657,74.125.24.0-255,1484,166577,48,231344
13663,0.001659,172.31.46.0-255,66,166643,48,231344
13664,0.001683,74.125.24.0-255,1484,168127,48,231344
13665,0.001689,74.125.24.0-255,5738,173865,48,231344
13666,0.001692,172.31.46.0-255,66,173931,48,231344
13667,0.001697,74.125.24.0-255,4320,178251,48,231344
13668,0.001699,172.31.46.0-255,66,178317,48,231344
13669,0.001742,172.31.46.0-255,66,178383,48,231344
13670,0.001753,172.31.46.0-255,66,178449,48,231344
13671,0.001775,74.125.24.0-255,1484,179933,48,231344
13672,0.001801,74.125.24.0-255,7156,187089,48,231344
13673,0.001804,172.31.46.0-255,66,187155,48,231344
13674,0.001811,74.125.24.0-255,5738,192893,48,231344
13675,0.001813,172.31.46.0-255,66,192959,48,231344
13676,0.001818,74.125.24.0-255,2902,195861,48,231344
13677,0.00182,172.31.46.0-255,66,195927,48,231344
13678,0.001832,74.125.24.0-255,4320,200247,48,231344
13679,0.001835,172.31.46.0-255,66,200313,48,231344
13680,0.001875,172.31.46.0-255,66,200379,48,231344
13681,0.001888,172.31.46.0-255,66,200445,48,231344
13682,0.001902,172.31.46.0-255,66,200511,48,231344
13683,0.001917,172.31.46.0-255,66,200577,48,231344
13684,0.001948,74.125.24.0-255,5738,206315,48,231344
13685,0.001951,172.31.46.0-255,66,206381,48,231344
13686,0.001973,74.125.24.0-255,7156,213537,48,231344
13687,0.001975,172.31.46.0-255,66,213603,48,231344
13688,0.00199,172.31.46.0-255,66,213669,48,231344
13689,0.002026,74.125.24.0-255,6438,220107,48,231344
13690,0.00203,172.31.46.0-255,66,220173,48,231344
13691,0.002055,74.125.24.0-255,5310,225483,48,231344
13692,0.002058,172.31.46.0-255,66,225549,48,231344
13693,0.002061,74.125.24.0-255,105,225654,48,231344
13694,0.006709,172.31.46.0-255,101,225755,48,231344
13695,0.007546,172.31.46.0-255,105,225860,48,231344
13696,0.009116,74.125.24.0-255,66,225926,48,231344
13697,0.009946,74.125.24.0-255,66,225992,48,231344
13698,0.030436,172.31.46.0-255,172,226164,48,231344
13699,0.030466,172.31.46.0-255,1111,227275,48,231344
13700,0.030516,172.31.46.0-255,1514,228789,48,231344
13701,0.030518,172.31.46.0-255,1514,230303,48,231344
13702,0.030519,172.31.46.0-255,603,230906,48,231344
13703,0.032061,104.244.42.0-255,66,230972,48,231344
13704,0.032107,104.244.42.0-255,66,231038,48,231344
13705,0.032165,104.244.42.0-255,66,231104,48,231344
13706,0.032169,104.244.42.0-255,66,231170,48,231344
13707,0.032877,104.244.42.0-255,108,231278,48,231344
13708,0.032885,172.31.46.0-255,66,231344,48,231344
13709,0.0,74.125.24.0-255,226,226,48,147303
13710,1.5e-05,172.31.46.0-255,66,292,48,147303
13711,2.2e-05,74.125.24.0-255,1484,1776,48,147303
13712,2.6e-05,172.31.46.0-255,66,1842,48,147303
13713,6.1e-05,74.125.24.0-255,4320,6162,48,147303
13714,6.4e-05,172.31.46.0-255,66,6228,48,147303
13715,0.000256,74.125.24.0-255,4320,10548,48,147303
13716,0.000262,172.31.46.0-255,66,10614,48,147303
13717,0.000282,74.125.24.0-255,3421,14035,48,147303
13718,0.000285,172.31.46.0-255,66,14101,48,147303
13719,0.000588,74.125.24.0-255,4320,18421,48,147303
13720,0.000594,172.31.46.0-255,66,18487,48,147303
13721,0.000615,74.125.24.0-255,4320,22807,48,147303
13722,0.000617,172.31.46.0-255,66,22873,48,147303
13723,0.000998,172.31.46.0-255,66,22939,48,147303
13724,0.003417,74.125.24.0-255,5738,28677,48,147303
13725,0.003423,172.31.46.0-255,66,28743,48,147303
13726,0.005834,74.125.24.0-255,5738,34481,48,147303
13727,0.005843,172.31.46.0-255,66,34547,48,147303
13728,0.0083,74.125.24.0-255,2902,37449,48,147303
13729,0.008309,172.31.46.0-255,66,37515,48,147303
13730,0.008345,74.125.24.0-255,2902,40417,48,147303
13731,0.008348,172.31.46.0-255,66,40483,48,147303
13732,0.010743,74.125.24.0-255,2902,43385,48,147303
13733,0.010753,172.31.46.0-255,66,43451,48,147303
13734,0.010788,74.125.24.0-255,2902,46353,48,147303
13735,0.010791,172.31.46.0-255,66,46419,48,147303
13736,0.013167,74.125.24.0-255,2902,49321,48,147303
13737,0.013174,172.31.46.0-255,66,49387,48,147303
13738,0.013208,74.125.24.0-255,1484,50871,48,147303
13739,0.013211,172.31.46.0-255,66,50937,48,147303
13740,0.013227,74.125.24.0-255,1484,52421,48,147303
13741,0.013229,172.31.46.0-255,66,52487,48,147303
13742,0.015614,74.125.24.0-255,2902,55389,48,147303
13743,0.015622,172.31.46.0-255,66,55455,48,147303
13744,0.015659,74.125.24.0-255,2902,58357,48,147303
13745,0.015662,172.31.46.0-255,66,58423,48,147303
13746,0.016818,172.31.46.0-255,176,58599,48,147303
13747,0.016851,172.31.46.0-255,1111,59710,48,147303
13748,0.016911,172.31.46.0-255,1514,61224,48,147303
13749,0.016913,172.31.46.0-255,1514,62738,48,147303
13750,0.016914,172.31.46.0-255,603,63341,48,147303
13751,0.018082,74.125.24.0-255,2902,66243,48,147303
13752,0.018091,172.31.46.0-255,66,66309,48,147303
13753,0.018111,74.125.24.0-255,2902,69211,48,147303
13754,0.018114,172.31.46.0-255,66,69277,48,147303
13755,0.018463,104.244.42.0-255,66,69343,48,147303
13756,0.018523,104.244.42.0-255,66,69409,48,147303
13757,0.018573,104.244.42.0-255,66,69475,48,147303
13758,0.018578,104.244.42.0-255,66,69541,48,147303
13759,0.02052,74.125.24.0-255,2902,72443,48,147303
13760,0.020527,172.31.46.0-255,66,72509,48,147303
13761,0.020564,74.125.24.0-255,2902,75411,48,147303
13762,0.020567,172.31.46.0-255,66,75477,48,147303
13763,0.022977,74.125.24.0-255,2902,78379,48,147303
13764,0.022984,172.31.46.0-255,66,78445,48,147303
13765,0.023009,74.125.24.0-255,2902,81347,48,147303
13766,0.023012,172.31.46.0-255,66,81413,48,147303
13767,0.025395,74.125.24.0-255,2902,84315,48,147303
13768,0.025402,172.31.46.0-255,66,84381,48,147303
13769,0.025438,74.125.24.0-255,2902,87283,48,147303
13770,0.025441,172.31.46.0-255,66,87349,48,147303
13771,0.027822,74.125.24.0-255,2902,90251,48,147303
13772,0.02783,172.31.46.0-255,66,90317,48,147303
13773,0.027857,74.125.24.0-255,1484,91801,48,147303
13774,0.02787,74.125.24.0-255,1484,93285,48,147303
13775,0.027872,172.31.46.0-255,66,93351,48,147303
13776,0.03025,74.125.24.0-255,2902,96253,48,147303
13777,0.030257,172.31.46.0-255,66,96319,48,147303
13778,0.030293,74.125.24.0-255,2902,99221,48,147303
13779,0.030295,172.31.46.0-255,66,99287,48,147303
13780,0.032687,74.125.24.0-255,2902,102189,48,147303
13781,0.032694,172.31.46.0-255,66,102255,48,147303
13782,0.032729,74.125.24.0-255,2902,105157,48,147303
13783,0.032732,172.31.46.0-255,66,105223,48,147303
13784,0.035126,74.125.24.0-255,2902,108125,48,147303
13785,0.035133,172.31.46.0-255,66,108191,48,147303
13786,0.035178,74.125.24.0-255,2902,111093,48,147303
13787,0.035181,172.31.46.0-255,66,111159,48,147303
13788,0.037532,74.125.24.0-255,2902,114061,48,147303
13789,0.037539,172.31.46.0-255,66,114127,48,147303
13790,0.03759,74.125.24.0-255,1484,115611,48,147303
13791,0.037593,172.31.46.0-255,66,115677,48,147303
13792,0.037607,74.125.24.0-255,1484,117161,48,147303
13793,0.03761,172.31.46.0-255,66,117227,48,147303
13794,0.039959,74.125.24.0-255,2902,120129,48,147303
13795,0.039967,172.31.46.0-255,66,120195,48,147303
13796,0.039987,74.125.24.0-255,1484,121679,48,147303
13797,0.03999,172.31.46.0-255,66,121745,48,147303
13798,0.040008,74.125.24.0-255,1484,123229,48,147303
13799,0.04001,172.31.46.0-255,66,123295,48,147303
13800,0.042414,74.125.24.0-255,2902,126197,48,147303
13801,0.042421,172.31.46.0-255,66,126263,48,147303
13802,0.04244,74.125.24.0-255,1484,127747,48,147303
13803,0.042443,172.31.46.0-255,66,127813,48,147303
13804,0.042459,74.125.24.0-255,1484,129297,48,147303
13805,0.042461,172.31.46.0-255,66,129363,48,147303
13806,0.044861,74.125.24.0-255,2902,132265,48,147303
13807,0.044868,172.31.46.0-255,66,132331,48,147303
13808,0.044887,74.125.24.0-255,1484,133815,48,147303
13809,0.04489,172.31.46.0-255,66,133881,48,147303
13810,0.044905,74.125.24.0-255,1484,135365,48,147303
13811,0.044907,172.31.46.0-255,66,135431,48,147303
13812,0.04729,74.125.24.0-255,2902,138333,48,147303
13813,0.047297,172.31.46.0-255,66,138399,48,147303
13814,0.047325,74.125.24.0-255,2902,141301,48,147303
13815,0.047328,172.31.46.0-255,66,141367,48,147303
13816,0.049712,74.125.24.0-255,2902,144269,48,147303
13817,0.049718,172.31.46.0-255,66,144335,48,147303
13818,0.049757,74.125.24.0-255,2902,147237,48,147303
13819,0.04976,172.31.46.0-255,66,147303,48,147303
13820,0.0,74.125.24.0-255,153,153,48,156292
13821,2.2e-05,172.31.46.0-255,66,219,48,156292
13822,3e-05,74.125.24.0-255,1484,1703,48,156292
13823,3.4e-05,172.31.46.0-255,66,1769,48,156292
13824,4.8e-05,74.125.24.0-255,2902,4671,48,156292
13825,5.3e-05,172.31.46.0-255,66,4737,48,156292
13826,6.1e-05,74.125.24.0-255,7156,11893,48,156292
13827,6.3e-05,172.31.46.0-255,66,11959,48,156292
13828,6.6e-05,74.125.24.0-255,1484,13443,48,156292
13829,6.9e-05,172.31.46.0-255,66,13509,48,156292
13830,0.000113,172.31.46.0-255,66,13575,48,156292
13831,0.000116,74.125.24.0-255,1484,15059,48,156292
13832,0.000118,172.31.46.0-255,66,15125,48,156292
13833,0.000146,74.125.24.0-255,6797,21922,48,156292
13834,0.000149,172.31.46.0-255,66,21988,48,156292
13835,0.000207,74.125.24.0-255,1484,23472,48,156292
13836,0.000209,172.31.46.0-255,66,23538,48,156292
13837,0.000214,74.125.24.0-255,2902,26440,48,156292
13838,0.000216,172.31.46.0-255,66,26506,48,156292
13839,0.000219,74.125.24.0-255,1484,27990,48,156292
13840,0.000222,172.31.46.0-255,66,28056,48,156292
13841,0.00025,74.125.24.0-255,4320,32376,48,156292
13842,0.000253,172.31.46.0-255,66,32442,48,156292
13843,0.000256,74.125.24.0-255,1484,33926,48,156292
13844,0.000258,172.31.46.0-255,66,33992,48,156292
13845,0.000299,172.31.46.0-255,66,34058,48,156292
13846,0.000304,74.125.24.0-255,4320,38378,48,156292
13847,0.000308,172.31.46.0-255,66,38444,48,156292
13848,0.000337,74.125.24.0-255,4320,42764,48,156292
13849,0.00034,172.31.46.0-255,66,42830,48,156292
13850,0.000343,74.125.24.0-255,1399,44229,48,156292
13851,0.000347,74.125.24.0-255,130,44359,48,156292
13852,0.00043,74.125.24.0-255,1484,45843,48,156292
13853,0.000435,172.31.46.0-255,66,45909,48,156292
13854,0.000439,74.125.24.0-255,1484,47393,48,156292
13855,0.000459,74.125.24.0-255,1484,48877,48,156292
13856,0.000462,172.31.46.0-255,66,48943,48,156292
13857,0.000468,74.125.24.0-255,5738,54681,48,156292
13858,0.000471,172.31.46.0-255,66,54747,48,156292
13859,0.000514,172.31.46.0-255,66,54813,48,156292
13860,0.000548,172.31.46.0-255,66,54879,48,156292
13861,0.000586,172.31.46.0-255,66,54945,48,156292
13862,0.000625,74.125.24.0-255,2902,57847,48,156292
13863,0.000627,172.31.46.0-255,66,57913,48,156292
13864,0.000653,74.125.24.0-255,2902,60815,48,156292
13865,0.000656,172.31.46.0-255,66,60881,48,156292
13866,0.000672,172.31.46.0-255,66,60947,48,156292
13867,0.000675,74.125.24.0-255,766,61713,48,156292
13868,0.000692,74.125.24.0-255,1484,63197,48,156292
13869,0.000694,172.31.46.0-255,66,63263,48,156292
13870,0.000699,74.125.24.0-255,2902,66165,48,156292
13871,0.000701,172.31.46.0-255,66,66231,48,156292
13872,0.000707,74.125.24.0-255,4320,70551,48,156292
13873,0.000709,172.31.46.0-255,66,70617,48,156292
13874,0.000721,74.125.24.0-255,1484,72101,48,156292
13875,0.000742,74.125.24.0-255,2902,75003,48,156292
13876,0.000745,172.31.46.0-255,66,75069,48,156292
13877,0.000779,172.31.46.0-255,66,75135,48,156292
13878,0.000783,74.125.24.0-255,2902,78037,48,156292
13879,0.000786,172.31.46.0-255,66,78103,48,156292
13880,0.000825,172.31.46.0-255,66,78169,48,156292
13881,0.000895,74.125.24.0-255,1484,79653,48,156292
13882,0.0009,74.125.24.0-255,1484,81137,48,156292
13883,0.000903,172.31.46.0-255,66,81203,48,156292
13884,0.000929,74.125.24.0-255,1484,82687,48,156292
13885,0.000936,74.125.24.0-255,5738,88425,48,156292
13886,0.000939,172.31.46.0-255,66,88491,48,156292
13887,0.000953,172.31.46.0-255,66,88557,48,156292
13888,0.00101,172.31.46.0-255,66,88623,48,156292
13889,0.0014,74.125.24.0-255,1484,90107,48,156292
13890,0.001407,74.125.24.0-255,2902,93009,48,156292
13891,0.00141,172.31.46.0-255,66,93075,48,156292
13892,0.001439,74.125.24.0-255,5738,98813,48,156292
13893,0.001444,74.125.24.0-255,4320,103133,48,156292
13894,0.001447,172.31.46.0-255,66,103199,48,156292
13895,0.00145,172.31.46.0-255,66,103265,48,156292
13896,0.001474,74.125.24.0-255,4320,107585,48,156292
13897,0.001477,172.31.46.0-255,66,107651,48,156292
13898,0.001483,74.125.24.0-255,4320,111971,48,156292
13899,0.001485,172.31.46.0-255,66,112037,48,156292
13900,0.001519,172.31.46.0-255,66,112103,48,156292
13901,0.001545,74.125.24.0-255,2184,114287,48,156292
13902,0.001547,172.31.46.0-255,66,114353,48,156292
13903,0.001559,172.31.46.0-255,66,114419,48,156292
13904,0.001571,74.125.24.0-255,5738,120157,48,156292
13905,0.001574,172.31.46.0-255,66,120223,48,156292
13906,0.001631,172.31.46.0-255,66,120289,48,156292
13907,0.001695,74.125.24.0-255,1484,121773,48,156292
13908,0.001698,74.125.24.0-255,1484,123257,48,156292
13909,0.001701,172.31.46.0-255,66,123323,48,156292
13910,0.001727,74.125.24.0-255,1484,124807,48,156292
13911,0.001733,74.125.24.0-255,5738,130545,48,156292
13912,0.001736,74.125.24.0-255,2902,133447,48,156292
13913,0.001742,172.31.46.0-255,66,133513,48,156292
13914,0.001745,172.31.46.0-255,66,133579,48,156292
13915,0.001802,172.31.46.0-255,66,133645,48,156292
13916,0.001815,172.31.46.0-255,66,133711,48,156292
13917,0.001826,172.31.46.0-255,66,133777,48,156292
13918,0.001837,172.31.46.0-255,66,133843,48,156292
13919,0.001947,172.31.46.0-255,66,133909,48,156292
13920,0.001955,172.31.46.0-255,66,133975,48,156292
13921,0.001957,172.31.46.0-255,66,134041,48,156292
13922,0.001987,74.125.24.0-255,1484,135525,48,156292
13923,0.001992,74.125.24.0-255,2902,138427,48,156292
13924,0.001999,172.31.46.0-255,66,138493,48,156292
13925,0.002005,74.125.24.0-255,5738,144231,48,156292
13926,0.002008,172.31.46.0-255,66,144297,48,156292
13927,0.002011,74.125.24.0-255,1484,145781,48,156292
13928,0.002071,172.31.46.0-255,66,145847,48,156292
13929,0.002084,172.31.46.0-255,66,145913,48,156292
13930,0.002091,74.125.24.0-255,4793,150706,48,156292
13931,0.002093,172.31.46.0-255,66,150772,48,156292
13932,0.002155,74.125.24.0-255,105,150877,48,156292
13933,0.011281,172.31.46.0-255,66,150943,48,156292
13934,0.011321,172.31.46.0-255,105,151048,48,156292
13935,0.013658,74.125.24.0-255,66,151114,48,156292
13936,0.038093,172.31.46.0-255,172,151286,48,156292
13937,0.03812,172.31.46.0-255,1111,152397,48,156292
13938,0.038177,172.31.46.0-255,1514,153911,48,156292
13939,0.038179,172.31.46.0-255,1514,155425,48,156292
13940,0.038201,172.31.46.0-255,603,156028,48,156292
13941,0.039748,104.244.42.0-255,66,156094,48,156292
13942,0.039795,104.244.42.0-255,66,156160,48,156292
13943,0.039847,104.244.42.0-255,66,156226,48,156292
13944,0.039858,104.244.42.0-255,66,156292,48,156292
13945,0.0,172.217.194.0-255,150,150,48,216888
13946,1.4e-05,172.217.194.0-255,1484,1634,48,216888
13947,2.3e-05,172.31.46.0-255,66,1700,48,216888
13948,3.1e-05,172.217.194.0-255,2902,4602,48,216888
13949,3.4e-05,172.31.46.0-255,66,4668,48,216888
13950,3.9e-05,172.217.194.0-255,2902,7570,48,216888
13951,4.1e-05,172.31.46.0-255,66,7636,48,216888
13952,8.6e-05,172.217.194.0-255,2902,10538,48,216888
13953,8.9e-05,172.31.46.0-255,66,10604,48,216888
13954,0.000108,172.217.194.0-255,3470,14074,48,216888
13955,0.000111,172.31.46.0-255,66,14140,48,216888
13956,0.000237,172.217.194.0-255,1484,15624,48,216888
13957,0.000244,172.217.194.0-255,2902,18526,48,216888
13958,0.000247,172.31.46.0-255,66,18592,48,216888
13959,0.000255,172.217.194.0-255,5738,24330,48,216888
13960,0.000257,172.31.46.0-255,66,24396,48,216888
13961,0.000278,172.217.194.0-255,1484,25880,48,216888
13962,0.000302,172.217.194.0-255,5379,31259,48,216888
13963,0.000305,172.31.46.0-255,66,31325,48,216888
13964,0.00035,172.217.194.0-255,1484,32809,48,216888
13965,0.000353,172.217.194.0-255,1484,34293,48,216888
13966,0.000356,172.31.46.0-255,66,34359,48,216888
13967,0.000374,172.217.194.0-255,1484,35843,48,216888
13968,0.000381,172.217.194.0-255,5738,41581,48,216888
13969,0.000384,172.31.46.0-255,66,41647,48,216888
13970,0.000392,172.217.194.0-255,6797,48444,48,216888
13971,0.000394,172.31.46.0-255,66,48510,48,216888
13972,0.000414,172.217.194.0-255,1484,49994,48,216888
13973,0.000441,172.31.46.0-255,66,50060,48,216888
13974,0.000445,172.217.194.0-255,2543,52603,48,216888
13975,0.000448,172.31.46.0-255,66,52669,48,216888
13976,0.000462,172.217.194.0-255,380,53049,48,216888
13977,0.00051,172.217.194.0-255,363,53412,48,216888
13978,0.000666,172.217.194.0-255,1484,54896,48,216888
13979,0.000671,172.31.46.0-255,66,54962,48,216888
13980,0.000676,172.217.194.0-255,2902,57864,48,216888
13981,0.000679,172.31.46.0-255,66,57930,48,216888
13982,0.000682,172.217.194.0-255,1484,59414,48,216888
13983,0.000699,172.217.194.0-255,2902,62316,48,216888
13984,0.000702,172.31.46.0-255,66,62382,48,216888
13985,0.000706,172.217.194.0-255,1484,63866,48,216888
13986,0.000726,172.217.194.0-255,7156,71022,48,216888
13987,0.000729,172.31.46.0-255,66,71088,48,216888
13988,0.00075,172.217.194.0-255,1484,72572,48,216888
13989,0.000785,172.31.46.0-255,66,72638,48,216888
13990,0.000805,172.217.194.0-255,2184,74822,48,216888
13991,0.000807,172.31.46.0-255,66,74888,48,216888
13992,0.001624,172.217.194.0-255,1484,76372,48,216888
13993,0.001635,172.217.194.0-255,2902,79274,48,216888
13994,0.00164,172.31.46.0-255,66,79340,48,216888
13995,0.001646,172.217.194.0-255,2902,82242,48,216888
13996,0.001648,172.31.46.0-255,66,82308,48,216888
13997,0.001662,172.217.194.0-255,2902,85210,48,216888
13998,0.001664,172.31.46.0-255,66,85276,48,216888
13999,0.001668,172.217.194.0-255,2902,88178,48,216888
14000,0.00167,172.31.46.0-255,66,88244,48,216888
14001,0.001676,172.217.194.0-255,4320,92564,48,216888
14002,0.001678,172.31.46.0-255,66,92630,48,216888
14003,0.001682,172.217.194.0-255,1484,94114,48,216888
14004,0.001709,172.217.194.0-255,7156,101270,48,216888
14005,0.001712,172.31.46.0-255,66,101336,48,216888
14006,0.001723,172.31.46.0-255,66,101402,48,216888
14007,0.001884,172.217.194.0-255,1484,102886,48,216888
14008,0.001892,172.217.194.0-255,2902,105788,48,216888
14009,0.001896,172.31.46.0-255,66,105854,48,216888
14010,0.001903,172.217.194.0-255,5738,111592,48,216888
14011,0.001905,172.31.46.0-255,66,111658,48,216888
14012,0.001931,172.217.194.0-255,4320,115978,48,216888
14013,0.001933,172.31.46.0-255,66,116044,48,216888
14014,0.001962,172.31.46.0-255,66,116110,48,216888
14015,0.001969,172.217.194.0-255,5738,121848,48,216888
14016,0.001971,172.31.46.0-255,66,121914,48,216888
14017,0.001998,172.217.194.0-255,5020,126934,48,216888
14018,0.002001,172.31.46.0-255,66,127000,48,216888
14019,0.002013,172.217.194.0-255,1484,128484,48,216888
14020,0.002033,172.217.194.0-255,2902,131386,48,216888
14021,0.002035,172.31.46.0-255,66,131452,48,216888
14022,0.002043,172.217.194.0-255,5738,137190,48,216888
14023,0.002045,172.31.46.0-255,66,137256,48,216888
14024,0.002049,172.217.194.0-255,1484,138740,48,216888
14025,0.002087,172.31.46.0-255,66,138806,48,216888
14026,0.002145,172.31.46.0-255,66,138872,48,216888
14027,0.002151,172.217.194.0-255,4320,143192,48,216888
14028,0.002153,172.31.46.0-255,66,143258,48,216888
14029,0.00217,172.217.194.0-255,7156,150414,48,216888
14030,0.002173,172.31.46.0-255,66,150480,48,216888
14031,0.002188,172.217.194.0-255,1484,151964,48,216888
14032,0.002191,172.31.46.0-255,78,152042,48,216888
14033,0.002194,172.217.194.0-255,1484,153526,48,216888
14034,0.002197,172.31.46.0-255,78,153604,48,216888
14035,0.002232,172.31.46.0-255,78,153682,48,216888
14036,0.002264,172.31.46.0-255,66,153748,48,216888
14037,0.002275,172.31.46.0-255,66,153814,48,216888
14038,0.002294,172.31.46.0-255,66,153880,48,216888
14039,0.00231,172.31.46.0-255,66,153946,48,216888
14040,0.002325,172.31.46.0-255,66,154012,48,216888
14041,0.002332,172.217.194.0-255,7156,161168,48,216888
14042,0.002335,172.31.46.0-255,66,161234,48,216888
14043,0.002372,172.31.46.0-255,66,161300,48,216888
14044,0.002388,172.31.46.0-255,66,161366,48,216888
14045,0.002399,172.31.46.0-255,66,161432,48,216888
14046,0.002431,172.217.194.0-255,4320,165752,48,216888
14047,0.002434,172.31.46.0-255,66,165818,48,216888
14048,0.002441,172.217.194.0-255,5020,170838,48,216888
14049,0.002443,172.31.46.0-255,66,170904,48,216888
14050,0.002453,172.31.46.0-255,66,170970,48,216888
14051,0.002458,172.217.194.0-255,4320,175290,48,216888
14052,0.00246,172.31.46.0-255,66,175356,48,216888
14053,0.002464,172.217.194.0-255,1484,176840,48,216888
14054,0.00247,172.217.194.0-255,4320,181160,48,216888
14055,0.002472,172.31.46.0-255,66,181226,48,216888
14056,0.002484,172.217.194.0-255,1484,182710,48,216888
14057,0.002487,172.217.194.0-255,1484,184194,48,216888
14058,0.002489,172.31.46.0-255,66,184260,48,216888
14059,0.002514,172.217.194.0-255,7156,191416,48,216888
14060,0.002517,172.31.46.0-255,66,191482,48,216888
14061,0.002523,172.217.194.0-255,5020,196502,48,216888
14062,0.002525,172.31.46.0-255,66,196568,48,216888
14063,0.002529,172.217.194.0-255,2902,199470,48,216888
14064,0.002531,172.31.46.0-255,66,199536,48,216888
14065,0.00261,172.31.46.0-255,66,199602,48,216888
14066,0.002613,172.217.194.0-255,1484,201086,48,216888
14067,0.00263,172.31.46.0-255,66,201152,48,216888
14068,0.002634,172.217.194.0-255,2184,203336,48,216888
14069,0.002636,172.31.46.0-255,66,203402,48,216888
14070,0.002643,172.217.194.0-255,6520,209922,48,216888
14071,0.002646,172.31.46.0-255,66,209988,48,216888
14072,0.00265,172.217.194.0-255,105,210093,48,216888
14073,0.005028,172.31.46.0-255,101,210194,48,216888
14074,0.006436,172.31.46.0-255,105,210299,48,216888
14075,0.00706,172.217.194.0-255,66,210365,48,216888
14076,0.008476,172.217.194.0-255,66,210431,48,216888
14077,0.031617,172.31.46.0-255,172,210603,48,216888
14078,0.031653,172.31.46.0-255,1108,211711,48,216888
14079,0.031716,172.31.46.0-255,1514,213225,48,216888
14080,0.031718,172.31.46.0-255,1514,214739,48,216888
14081,0.031723,172.31.46.0-255,1514,216253,48,216888
14082,0.031725,172.31.46.0-255,371,216624,48,216888
14083,0.033163,104.244.42.0-255,66,216690,48,216888
14084,0.033202,104.244.42.0-255,66,216756,48,216888
14085,0.033286,104.244.42.0-255,66,216822,48,216888
14086,0.033309,104.244.42.0-255,66,216888,48,216888
14087,0.0,74.125.68.0-255,150,150,48,275188
14088,2.5e-05,172.31.46.0-255,66,216,48,275188
14089,3.2e-05,74.125.68.0-255,1484,1700,48,275188
14090,3.6e-05,172.31.46.0-255,66,1766,48,275188
14091,4.2e-05,74.125.68.0-255,2902,4668,48,275188
14092,4.4e-05,172.31.46.0-255,66,4734,48,275188
14093,5.1e-05,74.125.68.0-255,5738,10472,48,275188
14094,5.5e-05,172.31.46.0-255,66,10538,48,275188
14095,7.5e-05,74.125.68.0-255,3463,14001,48,275188
14096,7.8e-05,172.31.46.0-255,66,14067,48,275188
14097,0.000106,74.125.68.0-255,4320,18387,48,275188
14098,0.000109,172.31.46.0-255,66,18453,48,275188
14099,0.000129,74.125.68.0-255,1484,19937,48,275188
14100,0.000131,172.31.46.0-255,66,20003,48,275188
14101,0.000155,74.125.68.0-255,7156,27159,48,275188
14102,0.000158,172.31.46.0-255,66,27225,48,275188
14103,0.00017,172.31.46.0-255,66,27291,48,275188
14104,0.000173,74.125.68.0-255,1484,28775,48,275188
14105,0.000175,172.31.46.0-255,66,28841,48,275188
14106,0.000214,172.31.46.0-255,66,28907,48,275188
14107,0.000258,74.125.68.0-255,1484,30391,48,275188
14108,0.000261,172.31.46.0-255,66,30457,48,275188
14109,0.000264,74.125.68.0-255,1484,31941,48,275188
14110,0.000266,172.31.46.0-255,66,32007,48,275188
14111,0.00028,74.125.68.0-255,1484,33491,48,275188
14112,0.000282,172.31.46.0-255,66,33557,48,275188
14113,0.000288,74.125.68.0-255,4320,37877,48,275188
14114,0.00029,172.31.46.0-255,66,37943,48,275188
14115,0.000315,74.125.68.0-255,2902,40845,48,275188
14116,0.000317,172.31.46.0-255,66,40911,48,275188
14117,0.000337,74.125.68.0-255,5706,46617,48,275188
14118,0.00034,172.31.46.0-255,66,46683,48,275188
14119,0.000476,74.125.68.0-255,1484,48167,48,275188
14120,0.000484,74.125.68.0-255,2902,51069,48,275188
14121,0.000487,172.31.46.0-255,66,51135,48,275188
14122,0.000513,74.125.68.0-255,5738,56873,48,275188
14123,0.000516,172.31.46.0-255,66,56939,48,275188
14124,0.000532,74.125.68.0-255,4320,61259,48,275188
14125,0.000535,172.31.46.0-255,66,61325,48,275188
14126,0.000567,74.125.68.0-255,3961,65286,48,275188
14127,0.00057,172.31.46.0-255,66,65352,48,275188
14128,0.000581,172.31.46.0-255,66,65418,48,275188
14129,0.000584,74.125.68.0-255,1484,66902,48,275188
14130,0.000615,74.125.68.0-255,5379,72281,48,275188
14131,0.000618,172.31.46.0-255,66,72347,48,275188
14132,0.001463,74.125.68.0-255,1484,73831,48,275188
14133,0.00147,74.125.68.0-255,2902,76733,48,275188
14134,0.001473,172.31.46.0-255,66,76799,48,275188
14135,0.001477,74.125.68.0-255,1484,78283,48,275188
14136,0.001493,74.125.68.0-255,2902,81185,48,275188
14137,0.001495,172.31.46.0-255,66,81251,48,275188
14138,0.001517,74.125.68.0-255,1484,82735,48,275188
14139,0.001535,74.125.68.0-255,4320,87055,48,275188
14140,0.001538,172.31.46.0-255,66,87121,48,275188
14141,0.001549,172.31.46.0-255,66,87187,48,275188
14142,0.001589,74.125.68.0-255,5738,92925,48,275188
14143,0.001591,172.31.46.0-255,66,92991,48,275188
14144,0.001607,74.125.68.0-255,3602,96593,48,275188
14145,0.001611,172.31.46.0-255,66,96659,48,275188
14146,0.001623,74.125.68.0-255,5738,102397,48,275188
14147,0.001625,172.31.46.0-255,66,102463,48,275188
14148,0.001645,74.125.68.0-255,4320,106783,48,275188
14149,0.001648,172.31.46.0-255,66,106849,48,275188
14150,0.001655,74.125.68.0-255,5738,112587,48,275188
14151,0.001657,172.31.46.0-255,66,112653,48,275188
14152,0.00169,74.125.68.0-255,4320,116973,48,275188
14153,0.001693,172.31.46.0-255,66,117039,48,275188
14154,0.001719,74.125.68.0-255,5738,122777,48,275188
14155,0.001722,172.31.46.0-255,66,122843,48,275188
14156,0.001737,74.125.68.0-255,2902,125745,48,275188
14157,0.001739,172.31.46.0-255,66,125811,48,275188
14158,0.001771,74.125.68.0-255,4320,130131,48,275188
14159,0.001774,172.31.46.0-255,66,130197,48,275188
14160,0.001777,74.125.68.0-255,766,130963,48,275188
14161,0.002092,74.125.68.0-255,1484,132447,48,275188
14162,0.002098,172.31.46.0-255,66,132513,48,275188
14163,0.003814,74.125.68.0-255,2902,135415,48,275188
14164,0.003825,172.31.46.0-255,66,135481,48,275188
14165,0.004134,74.125.68.0-255,2902,138383,48,275188
14166,0.004137,172.31.46.0-255,66,138449,48,275188
14167,0.005865,74.125.68.0-255,2902,141351,48,275188
14168,0.005869,172.31.46.0-255,66,141417,48,275188
14169,0.006173,74.125.68.0-255,2902,144319,48,275188
14170,0.006178,172.31.46.0-255,66,144385,48,275188
14171,0.007913,74.125.68.0-255,2902,147287,48,275188
14172,0.00792,172.31.46.0-255,66,147353,48,275188
14173,0.008216,74.125.68.0-255,2902,150255,48,275188
14174,0.008221,172.31.46.0-255,66,150321,48,275188
14175,0.009976,74.125.68.0-255,2902,153223,48,275188
14176,0.009986,172.31.46.0-255,66,153289,48,275188
14177,0.010269,74.125.68.0-255,2902,156191,48,275188
14178,0.010276,172.31.46.0-255,66,156257,48,275188
14179,0.012048,74.125.68.0-255,2902,159159,48,275188
14180,0.012062,172.31.46.0-255,66,159225,48,275188
14181,0.012324,74.125.68.0-255,2902,162127,48,275188
14182,0.012331,172.31.46.0-255,66,162193,48,275188
14183,0.014118,74.125.68.0-255,2902,165095,48,275188
14184,0.014129,172.31.46.0-255,66,165161,48,275188
14185,0.014363,74.125.68.0-255,2902,168063,48,275188
14186,0.014368,172.31.46.0-255,66,168129,48,275188
14187,0.016183,74.125.68.0-255,2902,171031,48,275188
14188,0.016203,172.31.46.0-255,66,171097,48,275188
14189,0.016399,74.125.68.0-255,2902,173999,48,275188
14190,0.016404,172.31.46.0-255,66,174065,48,275188
14191,0.01825,74.125.68.0-255,2902,176967,48,275188
14192,0.018261,172.31.46.0-255,66,177033,48,275188
14193,0.018444,74.125.68.0-255,2902,179935,48,275188
14194,0.01845,172.31.46.0-255,66,180001,48,275188
14195,0.020312,74.125.68.0-255,2902,182903,48,275188
14196,0.020321,172.31.46.0-255,66,182969,48,275188
14197,0.020478,74.125.68.0-255,2902,185871,48,275188
14198,0.020482,172.31.46.0-255,66,185937,48,275188
14199,0.022374,74.125.68.0-255,2902,188839,48,275188
14200,0.022387,172.31.46.0-255,66,188905,48,275188
14201,0.02253,74.125.68.0-255,2902,191807,48,275188
14202,0.022535,172.31.46.0-255,66,191873,48,275188
14203,0.024437,74.125.68.0-255,2902,194775,48,275188
14204,0.024446,172.31.46.0-255,66,194841,48,275188
14205,0.024575,74.125.68.0-255,2902,197743,48,275188
14206,0.024581,172.31.46.0-255,66,197809,48,275188
14207,0.025036,172.31.46.0-255,172,197981,48,275188
14208,0.025068,172.31.46.0-255,1112,199093,48,275188
14209,0.025136,172.31.46.0-255,1514,200607,48,275188
14210,0.025138,172.31.46.0-255,1514,202121,48,275188
14211,0.025139,172.31.46.0-255,1514,203635,48,275188
14212,0.02514,172.31.46.0-255,1514,205149,48,275188
14213,0.025141,172.31.46.0-255,555,205704,48,275188
14214,0.026496,74.125.68.0-255,2902,208606,48,275188
14215,0.026503,172.31.46.0-255,66,208672,48,275188
14216,0.026549,104.244.42.0-255,66,208738,48,275188
14217,0.026613,74.125.68.0-255,2902,211640,48,275188
14218,0.026617,172.31.46.0-255,66,211706,48,275188
14219,0.026694,104.244.42.0-255,66,211772,48,275188
14220,0.0267,104.244.42.0-255,66,211838,48,275188
14221,0.026703,104.244.42.0-255,66,211904,48,275188
14222,0.028566,74.125.68.0-255,2902,214806,48,275188
14223,0.028573,172.31.46.0-255,66,214872,48,275188
14224,0.028648,74.125.68.0-255,2902,217774,48,275188
14225,0.028652,172.31.46.0-255,66,217840,48,275188
14226,0.030621,74.125.68.0-255,2902,220742,48,275188
14227,0.030628,172.31.46.0-255,66,220808,48,275188
14228,0.030692,74.125.68.0-255,2902,223710,48,275188
14229,0.030696,172.31.46.0-255,66,223776,48,275188
14230,0.032685,74.125.68.0-255,2902,226678,48,275188
14231,0.032694,172.31.46.0-255,66,226744,48,275188
14232,0.032737,74.125.68.0-255,2902,229646,48,275188
14233,0.03274,172.31.46.0-255,66,229712,48,275188
14234,0.034745,74.125.68.0-255,2902,232614,48,275188
14235,0.034754,172.31.46.0-255,66,232680,48,275188
14236,0.034786,74.125.68.0-255,2902,235582,48,275188
14237,0.034789,172.31.46.0-255,66,235648,48,275188
14238,0.036807,74.125.68.0-255,2902,238550,48,275188
14239,0.03682,172.31.46.0-255,66,238616,48,275188
14240,0.036845,74.125.68.0-255,2902,241518,48,275188
14241,0.036847,172.31.46.0-255,66,241584,48,275188
14242,0.038862,74.125.68.0-255,2902,244486,48,275188
14243,0.038875,172.31.46.0-255,66,244552,48,275188
14244,0.038895,74.125.68.0-255,2902,247454,48,275188
14245,0.038898,172.31.46.0-255,66,247520,48,275188
14246,0.040926,74.125.68.0-255,4320,251840,48,275188
14247,0.040935,172.31.46.0-255,66,251906,48,275188
14248,0.040954,74.125.68.0-255,1484,253390,48,275188
14249,0.042991,74.125.68.0-255,4320,257710,48,275188
14250,0.043,172.31.46.0-255,66,257776,48,275188
14251,0.045124,74.125.68.0-255,5738,263514,48,275188
14252,0.045139,172.31.46.0-255,66,263580,48,275188
14253,0.047204,74.125.68.0-255,5738,269318,48,275188
14254,0.047215,172.31.46.0-255,66,269384,48,275188
14255,0.049282,74.125.68.0-255,5738,275122,48,275188
14256,0.049291,172.31.46.0-255,66,275188,48,275188
14257,0.0,172.217.194.0-255,153,153,48,320313
14258,1.8e-05,172.31.46.0-255,66,219,48,320313
14259,2.5e-05,172.217.194.0-255,1484,1703,48,320313
14260,2.9e-05,172.31.46.0-255,66,1769,48,320313
14261,3.5e-05,172.217.194.0-255,2902,4671,48,320313
14262,3.9e-05,172.31.46.0-255,66,4737,48,320313
14263,4.7e-05,172.217.194.0-255,7156,11893,48,320313
14264,5e-05,172.31.46.0-255,66,11959,48,320313
14265,8.5e-05,172.31.46.0-255,66,12025,48,320313
14266,0.000111,172.217.194.0-255,646,12671,48,320313
14267,0.000114,172.31.46.0-255,66,12737,48,320313
14268,0.000121,172.217.194.0-255,6797,19534,48,320313
14269,0.000125,172.31.46.0-255,66,19600,48,320313
14270,0.000307,172.217.194.0-255,1484,21084,48,320313
14271,0.000312,172.31.46.0-255,66,21150,48,320313
14272,0.000319,172.217.194.0-255,2902,24052,48,320313
14273,0.000321,172.31.46.0-255,66,24118,48,320313
14274,0.000347,172.217.194.0-255,5738,29856,48,320313
14275,0.00035,172.31.46.0-255,66,29922,48,320313
14276,0.000357,172.217.194.0-255,7156,37078,48,320313
14277,0.000359,172.31.46.0-255,66,37144,48,320313
14278,0.000408,172.31.46.0-255,66,37210,48,320313
14279,0.000412,172.217.194.0-255,2184,39394,48,320313
14280,0.000414,172.31.46.0-255,66,39460,48,320313
14281,0.000539,172.217.194.0-255,379,39839,48,320313
14282,0.000543,172.31.46.0-255,66,39905,48,320313
14283,0.000587,172.217.194.0-255,1484,41389,48,320313
14284,0.000591,172.31.46.0-255,66,41455,48,320313
14285,0.000594,172.217.194.0-255,1484,42939,48,320313
14286,0.000597,172.31.46.0-255,66,43005,48,320313
14287,0.000611,172.217.194.0-255,1484,44489,48,320313
14288,0.000618,172.217.194.0-255,5738,50227,48,320313
14289,0.00062,172.31.46.0-255,66,50293,48,320313
14290,0.000626,172.217.194.0-255,4320,54613,48,320313
14291,0.000629,172.31.46.0-255,66,54679,48,320313
14292,0.000664,172.31.46.0-255,66,54745,48,320313
14293,0.00067,172.217.194.0-255,4320,59065,48,320313
14294,0.000672,172.31.46.0-255,66,59131,48,320313
14295,0.000699,172.217.194.0-255,2902,62033,48,320313
14296,0.000702,172.31.46.0-255,66,62099,48,320313
14297,0.000722,172.217.194.0-255,3602,65701,48,320313
14298,0.000725,172.31.46.0-255,66,65767,48,320313
14299,0.000781,172.217.194.0-255,1484,67251,48,320313
14300,0.000795,172.217.194.0-255,2902,70153,48,320313
14301,0.0008,172.31.46.0-255,66,70219,48,320313
14302,0.000818,172.217.194.0-255,1484,71703,48,320313
14303,0.000837,172.217.194.0-255,4320,76023,48,320313
14304,0.00084,172.31.46.0-255,66,76089,48,320313
14305,0.000846,172.217.194.0-255,5738,81827,48,320313
14306,0.000849,172.31.46.0-255,66,81893,48,320313
14307,0.000883,172.217.194.0-255,4320,86213,48,320313
14308,0.000886,172.31.46.0-255,66,86279,48,320313
14309,0.000914,172.31.46.0-255,66,86345,48,320313
14310,0.000921,172.217.194.0-255,5020,91365,48,320313
14311,0.000923,172.31.46.0-255,66,91431,48,320313
14312,0.000982,172.217.194.0-255,1484,92915,48,320313
14313,0.000996,172.217.194.0-255,1484,94399,48,320313
14314,0.000999,172.31.46.0-255,66,94465,48,320313
14315,0.001005,172.217.194.0-255,2902,97367,48,320313
14316,0.001007,172.31.46.0-255,66,97433,48,320313
14317,0.001024,172.217.194.0-255,2902,100335,48,320313
14318,0.001026,172.31.46.0-255,66,100401,48,320313
14319,0.001047,172.217.194.0-255,2902,103303,48,320313
14320,0.00105,172.31.46.0-255,66,103369,48,320313
14321,0.001055,172.217.194.0-255,2902,106271,48,320313
14322,0.001058,172.31.46.0-255,66,106337,48,320313
14323,0.001081,172.31.46.0-255,66,106403,48,320313
14324,0.001147,172.217.194.0-255,7156,113559,48,320313
14325,0.001151,172.31.46.0-255,66,113625,48,320313
14326,0.001175,172.217.194.0-255,3602,117227,48,320313
14327,0.001178,172.31.46.0-255,66,117293,48,320313
14328,0.001456,172.217.194.0-255,1484,118777,48,320313
14329,0.001473,172.217.194.0-255,2902,121679,48,320313
14330,0.001477,172.31.46.0-255,66,121745,48,320313
14331,0.001482,172.217.194.0-255,2902,124647,48,320313
14332,0.001484,172.31.46.0-255,66,124713,48,320313
14333,0.001498,172.217.194.0-255,2902,127615,48,320313
14334,0.001501,172.31.46.0-255,66,127681,48,320313
14335,0.001504,172.217.194.0-255,1484,129165,48,320313
14336,0.001532,172.31.46.0-255,66,129231,48,320313
14337,0.001582,172.217.194.0-255,4320,133551,48,320313
14338,0.001585,172.31.46.0-255,66,133617,48,320313
14339,0.001601,172.217.194.0-255,4320,137937,48,320313
14340,0.001604,172.31.46.0-255,66,138003,48,320313
14341,0.001615,172.217.194.0-255,1484,139487,48,320313
14342,0.001652,172.217.194.0-255,1484,140971,48,320313
14343,0.001655,172.31.46.0-255,66,141037,48,320313
14344,0.001674,172.217.194.0-255,2184,143221,48,320313
14345,0.001677,172.31.46.0-255,66,143287,48,320313
14346,0.001885,172.217.194.0-255,1484,144771,48,320313
14347,0.001893,172.217.194.0-255,2902,147673,48,320313
14348,0.001896,172.31.46.0-255,66,147739,48,320313
14349,0.001904,172.217.194.0-255,5738,153477,48,320313
14350,0.001906,172.31.46.0-255,66,153543,48,320313
14351,0.001914,172.217.194.0-255,7156,160699,48,320313
14352,0.001916,172.31.46.0-255,66,160765,48,320313
14353,0.00193,172.217.194.0-255,2902,163667,48,320313
14354,0.001933,172.31.46.0-255,66,163733,48,320313
14355,0.001976,172.31.46.0-255,66,163799,48,320313
14356,0.001999,172.217.194.0-255,3602,167401,48,320313
14357,0.002002,172.31.46.0-255,66,167467,48,320313
14358,0.002005,172.217.194.0-255,1484,168951,48,320313
14359,0.002009,172.217.194.0-255,2902,171853,48,320313
14360,0.002011,172.31.46.0-255,66,171919,48,320313
14361,0.002018,172.217.194.0-255,5738,177657,48,320313
14362,0.002021,172.31.46.0-255,66,177723,48,320313
14363,0.002051,172.217.194.0-255,5738,183461,48,320313
14364,0.002054,172.31.46.0-255,66,183527,48,320313
14365,0.002075,172.217.194.0-255,2902,186429,48,320313
14366,0.002077,172.31.46.0-255,66,186495,48,320313
14367,0.002097,172.217.194.0-255,4320,190815,48,320313
14368,0.002099,172.31.46.0-255,66,190881,48,320313
14369,0.002107,172.217.194.0-255,7156,198037,48,320313
14370,0.002109,172.31.46.0-255,66,198103,48,320313
14371,0.00213,172.217.194.0-255,1484,199587,48,320313
14372,0.002135,172.217.194.0-255,2184,201771,48,320313
14373,0.002137,172.31.46.0-255,66,201837,48,320313
14374,0.002171,172.217.194.0-255,4320,206157,48,320313
14375,0.002174,172.31.46.0-255,66,206223,48,320313
14376,0.002195,172.217.194.0-255,2902,209125,48,320313
14377,0.002197,172.31.46.0-255,66,209191,48,320313
14378,0.002205,172.217.194.0-255,7156,216347,48,320313
14379,0.002208,172.31.46.0-255,66,216413,48,320313
14380,0.002226,172.217.194.0-255,1484,217897,48,320313
14381,0.002233,172.217.194.0-255,5738,223635,48,320313
14382,0.002236,172.31.46.0-255,66,223701,48,320313
14383,0.002264,172.31.46.0-255,66,223767,48,320313
14384,0.002288,172.31.46.0-255,66,223833,48,320313
14385,0.002314,172.217.194.0-255,766,224599,48,320313
14386,0.002328,172.31.46.0-255,66,224665,48,320313
14387,0.002336,172.217.194.0-255,7156,231821,48,320313
14388,0.002339,172.31.46.0-255,66,231887,48,320313
14389,0.002345,172.217.194.0-255,5738,237625,48,320313
14390,0.002348,172.31.46.0-255,66,237691,48,320313
14391,0.004673,172.217.194.0-255,5738,243429,48,320313
14392,0.004683,172.31.46.0-255,66,243495,48,320313
14393,0.006985,172.217.194.0-255,5738,249233,48,320313
14394,0.006991,172.31.46.0-255,66,249299,48,320313
14395,0.009299,172.217.194.0-255,4320,253619,48,320313
14396,0.009302,172.31.46.0-255,66,253685,48,320313
14397,0.00932,172.217.194.0-255,1484,255169,48,320313
14398,0.011599,172.217.194.0-255,4320,259489,48,320313
14399,0.011607,172.31.46.0-255,66,259555,48,320313
14400,0.01391,172.217.194.0-255,5738,265293,48,320313
14401,0.01392,172.31.46.0-255,66,265359,48,320313
14402,0.01624,172.217.194.0-255,5738,271097,48,320313
14403,0.016248,172.31.46.0-255,66,271163,48,320313
14404,0.018549,172.217.194.0-255,5738,276901,48,320313
14405,0.018557,172.31.46.0-255,66,276967,48,320313
14406,0.020869,172.217.194.0-255,5738,282705,48,320313
14407,0.02088,172.31.46.0-255,66,282771,48,320313
14408,0.023177,172.217.194.0-255,5738,288509,48,320313
14409,0.023185,172.31.46.0-255,66,288575,48,320313
14410,0.02554,172.217.194.0-255,5738,294313,48,320313
14411,0.025545,172.31.46.0-255,66,294379,48,320313
14412,0.02784,172.217.194.0-255,5738,300117,48,320313
14413,0.027847,172.31.46.0-255,66,300183,48,320313
14414,0.03016,172.217.194.0-255,5738,305921,48,320313
14415,0.030167,172.31.46.0-255,66,305987,48,320313
14416,0.032487,172.217.194.0-255,5738,311725,48,320313
14417,0.032495,172.31.46.0-255,66,311791,48,320313
14418,0.034804,172.217.194.0-255,3115,314906,48,320313
14419,0.034811,172.31.46.0-255,66,314972,48,320313
14420,0.034974,172.31.46.0-255,105,315077,48,320313
14421,0.035608,172.31.46.0-255,164,315241,48,320313
14422,0.03564,172.31.46.0-255,1116,316357,48,320313
14423,0.035698,172.31.46.0-255,1514,317871,48,320313
14424,0.035701,172.31.46.0-255,1514,319385,48,320313
14425,0.035729,172.31.46.0-255,598,319983,48,320313
14426,0.037162,104.244.42.0-255,66,320049,48,320313
14427,0.037197,104.244.42.0-255,66,320115,48,320313
14428,0.037249,172.217.194.0-255,66,320181,48,320313
14429,0.037295,104.244.42.0-255,66,320247,48,320313
14430,0.037298,104.244.42.0-255,66,320313,48,320313
14431,0.0,74.125.130.0-255,152,152,48,324757
14432,1.8e-05,172.31.46.0-255,66,218,48,324757
14433,2.5e-05,74.125.130.0-255,1484,1702,48,324757
14434,2.9e-05,172.31.46.0-255,66,1768,48,324757
14435,3.5e-05,74.125.130.0-255,2902,4670,48,324757
14436,4.7e-05,172.31.46.0-255,66,4736,48,324757
14437,5.5e-05,74.125.130.0-255,7156,11892,48,324757
14438,5.8e-05,172.31.46.0-255,66,11958,48,324757
14439,6.2e-05,74.125.130.0-255,2042,14000,48,324757
14440,6.5e-05,172.31.46.0-255,66,14066,48,324757
14441,0.000273,74.125.130.0-255,1484,15550,48,324757
14442,0.000279,172.31.46.0-255,66,15616,48,324757
14443,0.000305,74.125.130.0-255,2902,18518,48,324757
14444,0.000309,172.31.46.0-255,66,18584,48,324757
14445,0.000312,74.125.130.0-255,1484,20068,48,324757
14446,0.000314,172.31.46.0-255,66,20134,48,324757
14447,0.000319,74.125.130.0-255,2902,23036,48,324757
14448,0.000321,172.31.46.0-255,66,23102,48,324757
14449,0.000326,74.125.130.0-255,2902,26004,48,324757
14450,0.000328,172.31.46.0-255,66,26070,48,324757
14451,0.000353,74.125.130.0-255,2902,28972,48,324757
14452,0.000356,172.31.46.0-255,66,29038,48,324757
14453,0.000385,74.125.130.0-255,3961,32999,48,324757
14454,0.000388,172.31.46.0-255,66,33065,48,324757
14455,0.000393,74.125.130.0-255,4320,37385,48,324757
14456,0.000395,172.31.46.0-255,66,37451,48,324757
14457,0.000401,74.125.130.0-255,4320,41771,48,324757
14458,0.000403,172.31.46.0-255,66,41837,48,324757
14459,0.000436,74.125.130.0-255,5738,47575,48,324757
14460,0.000438,172.31.46.0-255,66,47641,48,324757
14461,0.000444,74.125.130.0-255,4320,51961,48,324757
14462,0.000446,172.31.46.0-255,66,52027,48,324757
14463,0.000468,74.125.130.0-255,2902,54929,48,324757
14464,0.000475,172.31.46.0-255,66,54995,48,324757
14465,0.00051,172.31.46.0-255,66,55061,48,324757
14466,0.000513,74.125.130.0-255,389,55450,48,324757
14467,0.00064,74.125.130.0-255,1484,56934,48,324757
14468,0.000645,172.31.46.0-255,66,57000,48,324757
14469,0.000649,74.125.130.0-255,1484,58484,48,324757
14470,0.000668,74.125.130.0-255,1484,59968,48,324757
14471,0.000671,172.31.46.0-255,66,60034,48,324757
14472,0.000675,74.125.130.0-255,2902,62936,48,324757
14473,0.000678,172.31.46.0-255,66,63002,48,324757
14474,0.000683,74.125.130.0-255,4320,67322,48,324757
14475,0.00069,172.31.46.0-255,66,67388,48,324757
14476,0.000729,172.31.46.0-255,66,67454,48,324757
14477,0.000735,74.125.130.0-255,5738,73192,48,324757
14478,0.000737,172.31.46.0-255,66,73258,48,324757
14479,0.000752,74.125.130.0-255,1484,74742,48,324757
14480,0.000778,74.125.130.0-255,5738,80480,48,324757
14481,0.000781,172.31.46.0-255,66,80546,48,324757
14482,0.000784,74.125.130.0-255,766,81312,48,324757
14483,0.000977,74.125.130.0-255,1484,82796,48,324757
14484,0.000982,172.31.46.0-255,66,82862,48,324757
14485,0.000988,74.125.130.0-255,2902,85764,48,324757
14486,0.00099,172.31.46.0-255,66,85830,48,324757
14487,0.001016,74.125.130.0-255,5738,91568,48,324757
14488,0.001018,172.31.46.0-255,66,91634,48,324757
14489,0.001043,74.125.130.0-255,4320,95954,48,324757
14490,0.001046,172.31.46.0-255,66,96020,48,324757
14491,0.00105,74.125.130.0-255,2902,98922,48,324757
14492,0.001052,172.31.46.0-255,66,98988,48,324757
14493,0.001074,74.125.130.0-255,2902,101890,48,324757
14494,0.001076,172.31.46.0-255,66,101956,48,324757
14495,0.001088,172.31.46.0-255,66,102022,48,324757
14496,0.001092,74.125.130.0-255,1923,103945,48,324757
14497,0.001096,172.31.46.0-255,66,104011,48,324757
14498,0.001128,74.125.130.0-255,2902,106913,48,324757
14499,0.00113,172.31.46.0-255,66,106979,48,324757
14500,0.001174,172.31.46.0-255,66,107045,48,324757
14501,0.001211,74.125.130.0-255,5738,112783,48,324757
14502,0.001214,172.31.46.0-255,66,112849,48,324757
14503,0.001249,172.31.46.0-255,66,112915,48,324757
14504,0.001252,74.125.130.0-255,766,113681,48,324757
14505,0.001273,74.125.130.0-255,1484,115165,48,324757
14506,0.001276,172.31.46.0-255,66,115231,48,324757
14507,0.001296,74.125.130.0-255,2902,118133,48,324757
14508,0.0013,74.125.130.0-255,4320,122453,48,324757
14509,0.001306,172.31.46.0-255,66,122519,48,324757
14510,0.001309,172.31.46.0-255,66,122585,48,324757
14511,0.001346,172.31.46.0-255,66,122651,48,324757
14512,0.001501,74.125.130.0-255,1484,124135,48,324757
14513,0.001506,74.125.130.0-255,1484,125619,48,324757
14514,0.001509,172.31.46.0-255,66,125685,48,324757
14515,0.00152,74.125.130.0-255,1484,127169,48,324757
14516,0.001527,74.125.130.0-255,1484,128653,48,324757
14517,0.001529,172.31.46.0-255,66,128719,48,324757
14518,0.001559,74.125.130.0-255,4320,133039,48,324757
14519,0.001561,172.31.46.0-255,66,133105,48,324757
14520,0.001569,74.125.130.0-255,7156,140261,48,324757
14521,0.001571,172.31.46.0-255,66,140327,48,324757
14522,0.001574,74.125.130.0-255,1484,141811,48,324757
14523,0.001613,172.31.46.0-255,66,141877,48,324757
14524,0.001618,74.125.130.0-255,2184,144061,48,324757
14525,0.00162,172.31.46.0-255,66,144127,48,324757
14526,0.001668,74.125.130.0-255,1484,145611,48,324757
14527,0.001688,74.125.130.0-255,2902,148513,48,324757
14528,0.001697,172.31.46.0-255,66,148579,48,324757
14529,0.0017,74.125.130.0-255,1484,150063,48,324757
14530,0.001723,74.125.130.0-255,1484,151547,48,324757
14531,0.001725,172.31.46.0-255,66,151613,48,324757
14532,0.001731,74.125.130.0-255,4320,155933,48,324757
14533,0.001733,172.31.46.0-255,66,155999,48,324757
14534,0.001771,74.125.130.0-255,5738,161737,48,324757
14535,0.001775,172.31.46.0-255,66,161803,48,324757
14536,0.001782,74.125.130.0-255,7156,168959,48,324757
14537,0.001785,172.31.46.0-255,66,169025,48,324757
14538,0.001822,74.125.130.0-255,7156,176181,48,324757
14539,0.001825,172.31.46.0-255,66,176247,48,324757
14540,0.001851,74.125.130.0-255,2184,178431,48,324757
14541,0.001854,172.31.46.0-255,66,178497,48,324757
14542,0.001865,172.31.46.0-255,66,178563,48,324757
14543,0.001889,74.125.130.0-255,1484,180047,48,324757
14544,0.001896,74.125.130.0-255,5738,185785,48,324757
14545,0.001899,172.31.46.0-255,66,185851,48,324757
14546,0.001906,74.125.130.0-255,7156,193007,48,324757
14547,0.001909,172.31.46.0-255,66,193073,48,324757
14548,0.001916,74.125.130.0-255,5738,198811,48,324757
14549,0.001918,172.31.46.0-255,66,198877,48,324757
14550,0.001942,74.125.130.0-255,5020,203897,48,324757
14551,0.001945,172.31.46.0-255,66,203963,48,324757
14552,0.002007,74.125.130.0-255,1484,205447,48,324757
14553,0.002011,74.125.130.0-255,1484,206931,48,324757
14554,0.002014,172.31.46.0-255,66,206997,48,324757
14555,0.002031,74.125.130.0-255,1484,208481,48,324757
14556,0.002055,74.125.130.0-255,5738,214219,48,324757
14557,0.00206,74.125.130.0-255,4320,218539,48,324757
14558,0.002064,74.125.130.0-255,2902,221441,48,324757
14559,0.002068,172.31.46.0-255,66,221507,48,324757
14560,0.002072,172.31.46.0-255,66,221573,48,324757
14561,0.002078,172.31.46.0-255,66,221639,48,324757
14562,0.002087,74.125.130.0-255,2902,224541,48,324757
14563,0.002089,172.31.46.0-255,66,224607,48,324757
14564,0.002095,74.125.130.0-255,4320,228927,48,324757
14565,0.002097,172.31.46.0-255,66,228993,48,324757
14566,0.002124,74.125.130.0-255,7156,236149,48,324757
14567,0.002128,172.31.46.0-255,66,236215,48,324757
14568,0.002131,74.125.130.0-255,2184,238399,48,324757
14569,0.002134,172.31.46.0-255,66,238465,48,324757
14570,0.002214,74.125.130.0-255,1484,239949,48,324757
14571,0.002229,74.125.130.0-255,2902,242851,48,324757
14572,0.002232,172.31.46.0-255,66,242917,48,324757
14573,0.002237,74.125.130.0-255,2902,245819,48,324757
14574,0.002239,172.31.46.0-255,66,245885,48,324757
14575,0.002267,74.125.130.0-255,2902,248787,48,324757
14576,0.002274,172.31.46.0-255,66,248853,48,324757
14577,0.00228,74.125.130.0-255,5738,254591,48,324757
14578,0.002282,172.31.46.0-255,66,254657,48,324757
14579,0.002317,74.125.130.0-255,2902,257559,48,324757
14580,0.00232,172.31.46.0-255,66,257625,48,324757
14581,0.002354,74.125.130.0-255,4320,261945,48,324757
14582,0.002357,172.31.46.0-255,66,262011,48,324757
14583,0.002368,172.31.46.0-255,66,262077,48,324757
14584,0.002375,74.125.130.0-255,6438,268515,48,324757
14585,0.002378,172.31.46.0-255,66,268581,48,324757
14586,0.00242,74.125.130.0-255,7156,275737,48,324757
14587,0.002423,172.31.46.0-255,66,275803,48,324757
14588,0.00243,74.125.130.0-255,5738,281541,48,324757
14589,0.002432,172.31.46.0-255,66,281607,48,324757
14590,0.002437,74.125.130.0-255,4320,285927,48,324757
14591,0.002439,172.31.46.0-255,66,285993,48,324757
14592,0.002467,74.125.130.0-255,1484,287477,48,324757
14593,0.003076,172.31.46.0-255,101,287578,48,324757
14594,0.004859,74.125.130.0-255,4320,291898,48,324757
14595,0.004865,172.31.46.0-255,66,291964,48,324757
14596,0.005495,74.125.130.0-255,1484,293448,48,324757
14597,0.007285,74.125.130.0-255,4320,297768,48,324757
14598,0.00729,172.31.46.0-255,66,297834,48,324757
14599,0.009708,74.125.130.0-255,5738,303572,48,324757
14600,0.009715,172.31.46.0-255,66,303638,48,324757
14601,0.012125,74.125.130.0-255,5738,309376,48,324757
14602,0.012131,172.31.46.0-255,66,309442,48,324757
14603,0.01456,74.125.130.0-255,5738,315180,48,324757
14604,0.014569,172.31.46.0-255,66,315246,48,324757
14605,0.016979,74.125.130.0-255,4096,319342,48,324757
14606,0.016987,172.31.46.0-255,66,319408,48,324757
14607,0.018261,172.31.46.0-255,105,319513,48,324757
14608,0.024762,74.125.130.0-255,66,319579,48,324757
14609,0.032914,172.31.46.0-255,172,319751,48,324757
14610,0.03294,172.31.46.0-255,1111,320862,48,324757
14611,0.032993,172.31.46.0-255,1514,322376,48,324757
14612,0.033011,172.31.46.0-255,1514,323890,48,324757
14613,0.033014,172.31.46.0-255,603,324493,48,324757
14614,0.034613,104.244.42.0-255,66,324559,48,324757
14615,0.034642,104.244.42.0-255,66,324625,48,324757
14616,0.034765,104.244.42.0-255,66,324691,48,324757
14617,0.034786,104.244.42.0-255,66,324757,48,324757
