,TIME,SRC,PACKET_SIZE,CUMULATIVE_PACKET_SIZE,PAGE_NUMBER,TOTAL_PACKET_SIZE
0,0.0,172.217.194.0-255,291,291,63,181680
1,2.2e-05,172.31.40.0-255,66,357,63,181680
2,2.9e-05,172.217.194.0-255,1484,1841,63,181680
3,3.5e-05,172.31.40.0-255,66,1907,63,181680
4,4.1e-05,172.217.194.0-255,2902,4809,63,181680
5,4.5e-05,172.31.40.0-255,66,4875,63,181680
6,5.2e-05,172.217.194.0-255,5738,10613,63,181680
7,5.6e-05,172.31.40.0-255,66,10679,63,181680
8,9e-05,172.217.194.0-255,3297,13976,63,181680
9,9.3e-05,172.31.40.0-255,66,14042,63,181680
10,0.000191,172.217.194.0-255,1484,15526,63,181680
11,0.000195,172.31.40.0-255,66,15592,63,181680
12,0.000208,172.217.194.0-255,2902,18494,63,181680
13,0.000211,172.31.40.0-255,66,18560,63,181680
14,0.000237,172.217.194.0-255,5738,24298,63,181680
15,0.00024,172.31.40.0-255,66,24364,63,181680
16,0.000246,172.217.194.0-255,4320,28684,63,181680
17,0.000247,172.31.40.0-255,66,28750,63,181680
18,0.000288,172.217.194.0-255,2902,31652,63,181680
19,0.00029,172.31.40.0-255,66,31718,63,181680
20,0.000322,172.31.40.0-255,66,31784,63,181680
21,0.000333,172.31.40.0-255,66,31850,63,181680
22,0.000381,172.31.40.0-255,66,31916,63,181680
23,0.000398,172.217.194.0-255,2184,34100,63,181680
24,0.0004,172.31.40.0-255,66,34166,63,181680
25,0.000404,172.217.194.0-255,341,34507,63,181680
26,0.000406,172.31.40.0-255,66,34573,63,181680
27,0.000483,172.217.194.0-255,119,34692,63,181680
28,0.000486,172.31.40.0-255,66,34758,63,181680
29,0.000944,172.217.194.0-255,1484,36242,63,181680
30,0.000952,172.217.194.0-255,2902,39144,63,181680
31,0.000955,172.31.40.0-255,66,39210,63,181680
32,0.000963,172.217.194.0-255,5738,44948,63,181680
33,0.000965,172.31.40.0-255,66,45014,63,181680
34,0.001,172.31.40.0-255,66,45080,63,181680
35,0.001015,172.217.194.0-255,2902,47982,63,181680
36,0.001017,172.31.40.0-255,66,48048,63,181680
37,0.00103,172.31.40.0-255,66,48114,63,181680
38,0.001799,172.217.194.0-255,1484,49598,63,181680
39,0.00181,172.217.194.0-255,2902,52500,63,181680
40,0.001815,172.31.40.0-255,66,52566,63,181680
41,0.001842,172.217.194.0-255,5738,58304,63,181680
42,0.001845,172.31.40.0-255,66,58370,63,181680
43,0.001871,172.31.40.0-255,66,58436,63,181680
44,0.001887,172.217.194.0-255,4320,62756,63,181680
45,0.001889,172.31.40.0-255,66,62822,63,181680
46,0.001897,172.217.194.0-255,7156,69978,63,181680
47,0.001899,172.31.40.0-255,66,70044,63,181680
48,0.001939,172.217.194.0-255,3602,73646,63,181680
49,0.001941,172.31.40.0-255,66,73712,63,181680
50,0.002178,172.217.194.0-255,1484,75196,63,181680
51,0.002185,172.217.194.0-255,1484,76680,63,181680
52,0.002189,172.31.40.0-255,66,76746,63,181680
53,0.002209,172.217.194.0-255,1484,78230,63,181680
54,0.002215,172.217.194.0-255,4320,82550,63,181680
55,0.002218,172.31.40.0-255,66,82616,63,181680
56,0.002236,172.217.194.0-255,1484,84100,63,181680
57,0.002243,172.217.194.0-255,7156,91256,63,181680
58,0.002246,172.31.40.0-255,66,91322,63,181680
59,0.002271,172.217.194.0-255,4320,95642,63,181680
60,0.002273,172.31.40.0-255,66,95708,63,181680
61,0.002287,172.31.40.0-255,66,95774,63,181680
62,0.002319,172.217.194.0-255,7156,102930,63,181680
63,0.002323,172.31.40.0-255,66,102996,63,181680
64,0.002354,172.217.194.0-255,5738,108734,63,181680
65,0.002357,172.31.40.0-255,66,108800,63,181680
66,0.002365,172.217.194.0-255,7156,115956,63,181680
67,0.002367,172.31.40.0-255,66,116022,63,181680
68,0.002401,172.217.194.0-255,4320,120342,63,181680
69,0.002404,172.31.40.0-255,66,120408,63,181680
70,0.002426,172.31.40.0-255,66,120474,63,181680
71,0.002446,172.217.194.0-255,2902,123376,63,181680
72,0.002449,172.31.40.0-255,66,123442,63,181680
73,0.00247,172.217.194.0-255,4320,127762,63,181680
74,0.002473,172.31.40.0-255,66,127828,63,181680
75,0.00248,172.217.194.0-255,5738,133566,63,181680
76,0.002482,172.31.40.0-255,66,133632,63,181680
77,0.002511,172.217.194.0-255,2902,136534,63,181680
78,0.002514,172.31.40.0-255,66,136600,63,181680
79,0.002521,172.217.194.0-255,5738,142338,63,181680
80,0.002523,172.31.40.0-255,66,142404,63,181680
81,0.002554,172.217.194.0-255,4320,146724,63,181680
82,0.002556,172.31.40.0-255,66,146790,63,181680
83,0.002582,172.31.40.0-255,66,146856,63,181680
84,0.005173,172.217.194.0-255,5738,152594,63,181680
85,0.005181,172.31.40.0-255,66,152660,63,181680
86,0.00779,172.217.194.0-255,5738,158398,63,181680
87,0.007797,172.31.40.0-255,66,158464,63,181680
88,0.010384,172.217.194.0-255,5738,164202,63,181680
89,0.01039,172.31.40.0-255,66,164268,63,181680
90,0.012979,172.217.194.0-255,5738,170006,63,181680
91,0.012987,172.31.40.0-255,66,170072,63,181680
92,0.015609,172.217.194.0-255,5738,175810,63,181680
93,0.015618,172.31.40.0-255,66,175876,63,181680
94,0.018227,172.217.194.0-255,5738,181614,63,181680
95,0.018238,172.31.40.0-255,66,181680,63,181680
96,0.0,172.217.194.0-255,151,151,63,143248
97,2.3e-05,172.31.40.0-255,66,217,63,143248
98,3.1e-05,172.217.194.0-255,1484,1701,63,143248
99,3.5e-05,172.31.40.0-255,66,1767,63,143248
100,4.1e-05,172.217.194.0-255,2902,4669,63,143248
101,4.5e-05,172.31.40.0-255,66,4735,63,143248
102,5.9e-05,172.217.194.0-255,5738,10473,63,143248
103,6.2e-05,172.31.40.0-255,66,10539,63,143248
104,8e-05,172.217.194.0-255,1484,12023,63,143248
105,8.2e-05,172.31.40.0-255,66,12089,63,143248
106,0.000129,172.31.40.0-255,66,12155,63,143248
107,0.000169,172.31.40.0-255,66,12221,63,143248
108,0.00018,172.31.40.0-255,66,12287,63,143248
109,0.000201,172.217.194.0-255,1484,13771,63,143248
110,0.000203,172.31.40.0-255,66,13837,63,143248
111,0.000219,172.31.40.0-255,66,13903,63,143248
112,0.000247,172.217.194.0-255,5738,19641,63,143248
113,0.000254,172.31.40.0-255,66,19707,63,143248
114,0.00026,172.217.194.0-255,3882,23589,63,143248
115,0.000263,172.31.40.0-255,66,23655,63,143248
116,0.000266,172.217.194.0-255,117,23772,63,143248
117,0.000268,172.31.40.0-255,66,23838,63,143248
118,0.000346,172.217.194.0-255,1484,25322,63,143248
119,0.000349,172.31.40.0-255,66,25388,63,143248
120,0.000355,172.217.194.0-255,2902,28290,63,143248
121,0.000357,172.31.40.0-255,66,28356,63,143248
122,0.000392,172.217.194.0-255,5738,34094,63,143248
123,0.000395,172.31.40.0-255,66,34160,63,143248
124,0.000406,172.31.40.0-255,66,34226,63,143248
125,0.000428,172.217.194.0-255,2902,37128,63,143248
126,0.00043,172.31.40.0-255,66,37194,63,143248
127,0.000441,172.217.194.0-255,5738,42932,63,143248
128,0.000444,172.31.40.0-255,66,42998,63,143248
129,0.000467,172.217.194.0-255,6169,49167,63,143248
130,0.000475,172.31.40.0-255,66,49233,63,143248
131,0.000649,172.217.194.0-255,1484,50717,63,143248
132,0.000657,172.217.194.0-255,2902,53619,63,143248
133,0.000661,172.31.40.0-255,66,53685,63,143248
134,0.000719,172.217.194.0-255,5738,59423,63,143248
135,0.000722,172.31.40.0-255,66,59489,63,143248
136,0.000734,172.31.40.0-255,66,59555,63,143248
137,0.000746,172.217.194.0-255,7156,66711,63,143248
138,0.00075,172.31.40.0-255,66,66777,63,143248
139,0.000783,172.217.194.0-255,6438,73215,63,143248
140,0.000786,172.31.40.0-255,66,73281,63,143248
141,0.001848,172.217.194.0-255,1484,74765,63,143248
142,0.001867,172.217.194.0-255,2902,77667,63,143248
143,0.001871,172.31.40.0-255,66,77733,63,143248
144,0.001877,172.217.194.0-255,4320,82053,63,143248
145,0.001879,172.31.40.0-255,66,82119,63,143248
146,0.001908,172.217.194.0-255,1484,83603,63,143248
147,0.001919,172.31.40.0-255,66,83669,63,143248
148,0.00195,172.217.194.0-255,4320,87989,63,143248
149,0.001953,172.31.40.0-255,66,88055,63,143248
150,0.001966,172.31.40.0-255,66,88121,63,143248
151,0.002025,172.217.194.0-255,1484,89605,63,143248
152,0.002048,172.217.194.0-255,2902,92507,63,143248
153,0.002052,172.31.40.0-255,66,92573,63,143248
154,0.002055,172.217.194.0-255,1484,94057,63,143248
155,0.002086,172.217.194.0-255,4320,98377,63,143248
156,0.002089,172.31.40.0-255,66,98443,63,143248
157,0.002129,172.31.40.0-255,66,98509,63,143248
158,0.002132,172.217.194.0-255,1484,99993,63,143248
159,0.00217,172.217.194.0-255,2902,102895,63,143248
160,0.002173,172.31.40.0-255,66,102961,63,143248
161,0.002202,172.31.40.0-255,66,103027,63,143248
162,0.002409,172.217.194.0-255,1484,104511,63,143248
163,0.002414,172.217.194.0-255,2902,107413,63,143248
164,0.002418,172.31.40.0-255,66,107479,63,143248
165,0.002421,172.217.194.0-255,1484,108963,63,143248
166,0.002449,172.217.194.0-255,4320,113283,63,143248
167,0.002452,172.31.40.0-255,66,113349,63,143248
168,0.002459,172.217.194.0-255,7156,120505,63,143248
169,0.002461,172.31.40.0-255,66,120571,63,143248
170,0.002491,172.217.194.0-255,5738,126309,63,143248
171,0.002494,172.31.40.0-255,66,126375,63,143248
172,0.002506,172.31.40.0-255,66,126441,63,143248
173,0.002567,172.31.40.0-255,66,126507,63,143248
174,0.002577,172.31.40.0-255,66,126573,63,143248
175,0.00261,172.217.194.0-255,5738,132311,63,143248
176,0.002613,172.31.40.0-255,66,132377,63,143248
177,0.002666,172.31.40.0-255,66,132443,63,143248
178,0.002722,172.31.40.0-255,66,132509,63,143248
179,0.002755,172.217.194.0-255,3602,136111,63,143248
180,0.002757,172.31.40.0-255,66,136177,63,143248
181,0.002776,172.31.40.0-255,66,136243,63,143248
182,0.002795,172.31.40.0-255,66,136309,63,143248
183,0.002823,172.31.40.0-255,66,136375,63,143248
184,0.002836,172.31.40.0-255,66,136441,63,143248
185,0.002839,172.217.194.0-255,1484,137925,63,143248
186,0.002844,172.217.194.0-255,4320,142245,63,143248
187,0.002849,172.217.194.0-255,661,142906,63,143248
188,0.002852,172.217.194.0-255,105,143011,63,143248
189,0.007396,172.31.40.0-255,66,143077,63,143248
190,0.009224,172.31.40.0-255,105,143182,63,143248
191,0.011926,172.217.194.0-255,66,143248,63,143248
192,0.0,216.58.221.0-255,153,153,63,157334
193,1.9e-05,172.31.40.0-255,66,219,63,157334
194,2.6e-05,216.58.221.0-255,1484,1703,63,157334
195,3.1e-05,172.31.40.0-255,66,1769,63,157334
196,4.3e-05,216.58.221.0-255,2902,4671,63,157334
197,4.8e-05,172.31.40.0-255,66,4737,63,157334
198,5.4e-05,216.58.221.0-255,4320,9057,63,157334
199,5.6e-05,172.31.40.0-255,66,9123,63,157334
200,5.9e-05,216.58.221.0-255,1484,10607,63,157334
201,6.2e-05,172.31.40.0-255,66,10673,63,157334
202,0.000113,172.31.40.0-255,66,10739,63,157334
203,0.000123,172.31.40.0-255,66,10805,63,157334
204,0.000133,216.58.221.0-255,3961,14766,63,157334
205,0.000136,172.31.40.0-255,66,14832,63,157334
206,0.000168,216.58.221.0-255,4320,19152,63,157334
207,0.000171,172.31.40.0-255,66,19218,63,157334
208,0.000173,216.58.221.0-255,1484,20702,63,157334
209,0.000175,172.31.40.0-255,66,20768,63,157334
210,0.00021,172.31.40.0-255,66,20834,63,157334
211,0.000237,216.58.221.0-255,2543,23377,63,157334
212,0.000239,172.31.40.0-255,66,23443,63,157334
213,0.000338,216.58.221.0-255,1484,24927,63,157334
214,0.000343,172.31.40.0-255,66,24993,63,157334
215,0.000348,216.58.221.0-255,2902,27895,63,157334
216,0.00035,172.31.40.0-255,66,27961,63,157334
217,0.000384,216.58.221.0-255,5738,33699,63,157334
218,0.000387,172.31.40.0-255,66,33765,63,157334
219,0.00039,216.58.221.0-255,1484,35249,63,157334
220,0.000392,172.31.40.0-255,66,35315,63,157334
221,0.000396,216.58.221.0-255,1484,36799,63,157334
222,0.000426,216.58.221.0-255,2902,39701,63,157334
223,0.000428,172.31.40.0-255,66,39767,63,157334
224,0.000431,216.58.221.0-255,1415,41182,63,157334
225,0.000954,216.58.221.0-255,386,41568,63,157334
226,0.00096,172.31.40.0-255,66,41634,63,157334
227,0.00104,216.58.221.0-255,1484,43118,63,157334
228,0.001059,216.58.221.0-255,1484,44602,63,157334
229,0.001062,172.31.40.0-255,66,44668,63,157334
230,0.001089,216.58.221.0-255,1484,46152,63,157334
231,0.001095,216.58.221.0-255,2902,49054,63,157334
232,0.001098,172.31.40.0-255,66,49120,63,157334
233,0.001129,216.58.221.0-255,2902,52022,63,157334
234,0.001132,172.31.40.0-255,66,52088,63,157334
235,0.00114,216.58.221.0-255,6797,58885,63,157334
236,0.001142,172.31.40.0-255,66,58951,63,157334
237,0.001155,216.58.221.0-255,7156,66107,63,157334
238,0.001157,172.31.40.0-255,66,66173,63,157334
239,0.001162,216.58.221.0-255,4320,70493,63,157334
240,0.001164,172.31.40.0-255,66,70559,63,157334
241,0.001195,216.58.221.0-255,4320,74879,63,157334
242,0.001198,172.31.40.0-255,66,74945,63,157334
243,0.001201,216.58.221.0-255,1125,76070,63,157334
244,0.001471,172.31.40.0-255,66,76136,63,157334
245,0.001604,216.58.221.0-255,1484,77620,63,157334
246,0.001613,216.58.221.0-255,2902,80522,63,157334
247,0.001617,172.31.40.0-255,66,80588,63,157334
248,0.001625,216.58.221.0-255,5738,86326,63,157334
249,0.001627,172.31.40.0-255,66,86392,63,157334
250,0.001681,172.31.40.0-255,66,86458,63,157334
251,0.001716,172.31.40.0-255,66,86524,63,157334
252,0.001748,216.58.221.0-255,1484,88008,63,157334
253,0.001774,216.58.221.0-255,5738,93746,63,157334
254,0.001777,172.31.40.0-255,66,93812,63,157334
255,0.001788,172.31.40.0-255,66,93878,63,157334
256,0.001832,172.31.40.0-255,66,93944,63,157334
257,0.001866,216.58.221.0-255,5738,99682,63,157334
258,0.001869,172.31.40.0-255,66,99748,63,157334
259,0.001872,216.58.221.0-255,766,100514,63,157334
260,0.002058,216.58.221.0-255,1484,101998,63,157334
261,0.002065,172.31.40.0-255,66,102064,63,157334
262,0.00207,216.58.221.0-255,2902,104966,63,157334
263,0.002072,172.31.40.0-255,66,105032,63,157334
264,0.002079,216.58.221.0-255,5738,110770,63,157334
265,0.002081,172.31.40.0-255,66,110836,63,157334
266,0.002088,216.58.221.0-255,1484,112320,63,157334
267,0.004149,216.58.221.0-255,4320,116640,63,157334
268,0.004157,172.31.40.0-255,66,116706,63,157334
269,0.006218,216.58.221.0-255,5738,122444,63,157334
270,0.006222,172.31.40.0-255,66,122510,63,157334
271,0.00828,216.58.221.0-255,5738,128248,63,157334
272,0.008286,172.31.40.0-255,66,128314,63,157334
273,0.01035,216.58.221.0-255,5738,134052,63,157334
274,0.010359,172.31.40.0-255,66,134118,63,157334
275,0.012434,216.58.221.0-255,5738,139856,63,157334
276,0.012442,172.31.40.0-255,66,139922,63,157334
277,0.014505,216.58.221.0-255,5738,145660,63,157334
278,0.014512,172.31.40.0-255,66,145726,63,157334
279,0.016579,216.58.221.0-255,5738,151464,63,157334
280,0.016589,172.31.40.0-255,66,151530,63,157334
281,0.018652,216.58.221.0-255,5738,157268,63,157334
282,0.018659,172.31.40.0-255,66,157334,63,157334
283,0.0,74.125.24.0-255,147,147,63,179680
284,1.9e-05,172.31.40.0-255,66,213,63,179680
285,2.6e-05,74.125.24.0-255,1484,1697,63,179680
286,3e-05,172.31.40.0-255,66,1763,63,179680
287,3.5e-05,74.125.24.0-255,2902,4665,63,179680
288,3.8e-05,172.31.40.0-255,66,4731,63,179680
289,4.6e-05,74.125.24.0-255,7156,11887,63,179680
290,4.9e-05,172.31.40.0-255,66,11953,63,179680
291,5.4e-05,74.125.24.0-255,2139,14092,63,179680
292,5.7e-05,172.31.40.0-255,66,14158,63,179680
293,0.000129,74.125.24.0-255,1484,15642,63,179680
294,0.000132,172.31.40.0-255,66,15708,63,179680
295,0.000138,74.125.24.0-255,2902,18610,63,179680
296,0.00014,172.31.40.0-255,66,18676,63,179680
297,0.000147,74.125.24.0-255,5738,24414,63,179680
298,0.000149,172.31.40.0-255,66,24480,63,179680
299,0.000153,74.125.24.0-255,2902,27382,63,179680
300,0.000155,172.31.40.0-255,66,27448,63,179680
301,0.000177,74.125.24.0-255,3961,31409,63,179680
302,0.00018,172.31.40.0-255,66,31475,63,179680
303,0.000209,74.125.24.0-255,1484,32959,63,179680
304,0.000211,172.31.40.0-255,66,33025,63,179680
305,0.000215,74.125.24.0-255,2902,35927,63,179680
306,0.000218,172.31.40.0-255,66,35993,63,179680
307,0.000232,74.125.24.0-255,4320,40313,63,179680
308,0.000234,172.31.40.0-255,66,40379,63,179680
309,0.000246,74.125.24.0-255,1484,41863,63,179680
310,0.000247,172.31.40.0-255,66,41929,63,179680
311,0.000264,74.125.24.0-255,4320,46249,63,179680
312,0.000267,172.31.40.0-255,66,46315,63,179680
313,0.00028,74.125.24.0-255,2543,48858,63,179680
314,0.000282,172.31.40.0-255,66,48924,63,179680
315,0.000967,74.125.24.0-255,1484,50408,63,179680
316,0.000977,74.125.24.0-255,2902,53310,63,179680
317,0.000981,172.31.40.0-255,66,53376,63,179680
318,0.000989,74.125.24.0-255,5738,59114,63,179680
319,0.001022,74.125.24.0-255,4320,63434,63,179680
320,0.001039,74.125.24.0-255,3123,66557,63,179680
321,0.001128,74.125.24.0-255,1484,68041,63,179680
322,0.001191,74.125.24.0-255,2902,70943,63,179680
323,0.001198,74.125.24.0-255,5738,76681,63,179680
324,0.001205,74.125.24.0-255,6797,83478,63,179680
325,0.001212,74.125.24.0-255,7156,90634,63,179680
326,0.001214,74.125.24.0-255,1484,92118,63,179680
327,0.001645,74.125.24.0-255,1484,93602,63,179680
328,0.001653,74.125.24.0-255,2902,96504,63,179680
329,0.001677,74.125.24.0-255,5738,102242,63,179680
330,0.001699,74.125.24.0-255,4320,106562,63,179680
331,0.001723,74.125.24.0-255,5738,112300,63,179680
332,0.00173,74.125.24.0-255,5738,118038,63,179680
333,0.001993,74.125.24.0-255,1484,119522,63,179680
334,0.002,74.125.24.0-255,2902,122424,63,179680
335,0.002003,74.125.24.0-255,1484,123908,63,179680
336,0.002029,74.125.24.0-255,4320,128228,63,179680
337,0.002037,74.125.24.0-255,5738,133966,63,179680
338,0.002086,74.125.24.0-255,5020,138986,63,179680
339,0.002189,74.125.24.0-255,1484,140470,63,179680
340,0.002203,74.125.24.0-255,2902,143372,63,179680
341,0.002233,74.125.24.0-255,5738,149110,63,179680
342,0.002235,74.125.24.0-255,1484,150594,63,179680
343,0.002257,74.125.24.0-255,5738,156332,63,179680
344,0.006968,172.31.40.0-255,66,156398,63,179680
345,0.009206,74.125.24.0-255,5738,162136,63,179680
346,0.009214,172.31.40.0-255,66,162202,63,179680
347,0.011449,74.125.24.0-255,4320,166522,63,179680
348,0.011468,74.125.24.0-255,1484,168006,63,179680
349,0.013992,172.31.40.0-255,66,168072,63,179680
350,0.016239,74.125.24.0-255,5738,173810,63,179680
351,0.016249,172.31.40.0-255,66,173876,63,179680
352,0.018486,74.125.24.0-255,5738,179614,63,179680
353,0.018494,172.31.40.0-255,66,179680,63,179680
354,0.0,172.217.194.0-255,150,150,63,198883
355,2.2e-05,172.31.40.0-255,66,216,63,198883
356,2.9e-05,172.217.194.0-255,1484,1700,63,198883
357,3.4e-05,172.31.40.0-255,66,1766,63,198883
358,3.9e-05,172.217.194.0-255,2902,4668,63,198883
359,4.3e-05,172.31.40.0-255,66,4734,63,198883
360,4.9e-05,172.217.194.0-255,5738,10472,63,198883
361,5.3e-05,172.31.40.0-255,66,10538,63,198883
362,7.5e-05,172.217.194.0-255,1484,12022,63,198883
363,7.8e-05,172.31.40.0-255,66,12088,63,198883
364,0.000112,172.31.40.0-255,66,12154,63,198883
365,0.000132,172.217.194.0-255,6797,18951,63,198883
366,0.000135,172.31.40.0-255,66,19017,63,198883
367,0.000167,172.217.194.0-255,2902,21919,63,198883
368,0.000169,172.31.40.0-255,66,21985,63,198883
369,0.000194,172.217.194.0-255,4320,26305,63,198883
370,0.0002,172.217.194.0-255,7156,33461,63,198883
371,0.000237,172.31.40.0-255,66,33527,63,198883
372,0.000244,172.31.40.0-255,66,33593,63,198883
373,0.000262,172.31.40.0-255,66,33659,63,198883
374,0.000266,172.217.194.0-255,2793,36452,63,198883
375,0.000268,172.31.40.0-255,66,36518,63,198883
376,0.00027,172.217.194.0-255,120,36638,63,198883
377,0.000272,172.31.40.0-255,66,36704,63,198883
378,0.000292,172.217.194.0-255,381,37085,63,198883
379,0.000294,172.31.40.0-255,66,37151,63,198883
380,0.000469,172.217.194.0-255,1484,38635,63,198883
381,0.000473,172.31.40.0-255,66,38701,63,198883
382,0.000479,172.217.194.0-255,2902,41603,63,198883
383,0.000482,172.31.40.0-255,66,41669,63,198883
384,0.000508,172.217.194.0-255,5738,47407,63,198883
385,0.000511,172.31.40.0-255,66,47473,63,198883
386,0.000515,172.217.194.0-255,4320,51793,63,198883
387,0.000517,172.31.40.0-255,66,51859,63,198883
388,0.000537,172.31.40.0-255,66,51925,63,198883
389,0.000575,172.31.40.0-255,66,51991,63,198883
390,0.000918,172.217.194.0-255,1484,53475,63,198883
391,0.000926,172.217.194.0-255,2902,56377,63,198883
392,0.000929,172.31.40.0-255,66,56443,63,198883
393,0.000936,172.217.194.0-255,5738,62181,63,198883
394,0.000938,172.31.40.0-255,66,62247,63,198883
395,0.000964,172.217.194.0-255,5738,67985,63,198883
396,0.000967,172.31.40.0-255,66,68051,63,198883
397,0.00098,172.217.194.0-255,2902,70953,63,198883
398,0.000984,172.31.40.0-255,66,71019,63,198883
399,0.001007,172.31.40.0-255,66,71085,63,198883
400,0.001013,172.217.194.0-255,5020,76105,63,198883
401,0.001015,172.31.40.0-255,66,76171,63,198883
402,0.001122,172.217.194.0-255,1484,77655,63,198883
403,0.001127,172.217.194.0-255,2902,80557,63,198883
404,0.001133,172.31.40.0-255,66,80623,63,198883
405,0.001157,172.217.194.0-255,5738,86361,63,198883
406,0.00116,172.31.40.0-255,66,86427,63,198883
407,0.001171,172.31.40.0-255,66,86493,63,198883
408,0.001213,172.31.40.0-255,66,86559,63,198883
409,0.001219,172.217.194.0-255,4320,90879,63,198883
410,0.001221,172.31.40.0-255,66,90945,63,198883
411,0.001242,172.31.40.0-255,66,91011,63,198883
412,0.001261,172.217.194.0-255,2902,93913,63,198883
413,0.001263,172.31.40.0-255,66,93979,63,198883
414,0.001291,172.31.40.0-255,66,94045,63,198883
415,0.00131,172.217.194.0-255,2184,96229,63,198883
416,0.001312,172.31.40.0-255,66,96295,63,198883
417,0.001315,172.217.194.0-255,1484,97779,63,198883
418,0.00132,172.217.194.0-255,2902,100681,63,198883
419,0.001322,172.31.40.0-255,66,100747,63,198883
420,0.001325,172.217.194.0-255,1484,102231,63,198883
421,0.001353,172.217.194.0-255,4320,106551,63,198883
422,0.001356,172.31.40.0-255,66,106617,63,198883
423,0.001369,172.31.40.0-255,66,106683,63,198883
424,0.001387,172.217.194.0-255,2902,109585,63,198883
425,0.001389,172.31.40.0-255,66,109651,63,198883
426,0.001439,172.217.194.0-255,5738,115389,63,198883
427,0.001443,172.31.40.0-255,66,115455,63,198883
428,0.001464,172.217.194.0-255,5020,120475,63,198883
429,0.001468,172.31.40.0-255,66,120541,63,198883
430,0.00148,172.31.40.0-255,66,120607,63,198883
431,0.001497,172.31.40.0-255,66,120673,63,198883
432,0.001515,172.217.194.0-255,1484,122157,63,198883
433,0.001531,172.217.194.0-255,5738,127895,63,198883
434,0.001534,172.31.40.0-255,66,127961,63,198883
435,0.001571,172.31.40.0-255,66,128027,63,198883
436,0.001578,172.217.194.0-255,7156,135183,63,198883
437,0.00158,172.31.40.0-255,66,135249,63,198883
438,0.001605,172.31.40.0-255,66,135315,63,198883
439,0.001621,172.217.194.0-255,2184,137499,63,198883
440,0.001623,172.31.40.0-255,66,137565,63,198883
441,0.001626,172.217.194.0-255,1484,139049,63,198883
442,0.00165,172.217.194.0-255,2902,141951,63,198883
443,0.001653,172.31.40.0-255,66,142017,63,198883
444,0.001659,172.217.194.0-255,5738,147755,63,198883
445,0.001662,172.31.40.0-255,66,147821,63,198883
446,0.001678,172.217.194.0-255,5738,153559,63,198883
447,0.001684,172.31.40.0-255,66,153625,63,198883
448,0.001734,172.217.194.0-255,2902,156527,63,198883
449,0.001743,172.31.40.0-255,66,156593,63,198883
450,0.001754,172.217.194.0-255,3602,160195,63,198883
451,0.001759,172.31.40.0-255,66,160261,63,198883
452,0.002085,172.217.194.0-255,1484,161745,63,198883
453,0.002108,172.217.194.0-255,2902,164647,63,198883
454,0.002112,172.31.40.0-255,66,164713,63,198883
455,0.002118,172.217.194.0-255,5738,170451,63,198883
456,0.00212,172.31.40.0-255,66,170517,63,198883
457,0.002123,172.217.194.0-255,1484,172001,63,198883
458,0.002149,172.217.194.0-255,5738,177739,63,198883
459,0.002152,172.31.40.0-255,66,177805,63,198883
460,0.002156,172.217.194.0-255,1484,179289,63,198883
461,0.002188,172.217.194.0-255,2184,181473,63,198883
462,0.002211,172.31.40.0-255,66,181539,63,198883
463,0.002233,172.31.40.0-255,66,181605,63,198883
464,0.002243,172.217.194.0-255,7156,188761,63,198883
465,0.002266,172.217.194.0-255,6438,195199,63,198883
466,0.002279,172.217.194.0-255,3276,198475,63,198883
467,0.002287,172.31.40.0-255,66,198541,63,198883
468,0.002298,172.217.194.0-255,105,198646,63,198883
469,0.003855,172.31.40.0-255,66,198712,63,198883
470,0.003891,172.31.40.0-255,105,198817,63,198883
471,0.006511,172.217.194.0-255,66,198883,63,198883
472,0.0,172.217.194.0-255,153,153,63,160825
473,1.7e-05,172.31.40.0-255,66,219,63,160825
474,2.3e-05,172.217.194.0-255,1484,1703,63,160825
475,2.9e-05,172.31.40.0-255,66,1769,63,160825
476,3.6e-05,172.217.194.0-255,2902,4671,63,160825
477,4e-05,172.31.40.0-255,66,4737,63,160825
478,5e-05,172.217.194.0-255,7156,11893,63,160825
479,5.5e-05,172.31.40.0-255,66,11959,63,160825
480,8.3e-05,172.31.40.0-255,66,12025,63,160825
481,0.00012,172.217.194.0-255,4937,16962,63,160825
482,0.000123,172.31.40.0-255,66,17028,63,160825
483,0.000126,172.217.194.0-255,1484,18512,63,160825
484,0.000129,172.31.40.0-255,66,18578,63,160825
485,0.000135,172.217.194.0-255,3961,22539,63,160825
486,0.000138,172.31.40.0-255,66,22605,63,160825
487,0.000143,172.217.194.0-255,4320,26925,63,160825
488,0.000145,172.31.40.0-255,66,26991,63,160825
489,0.000157,172.31.40.0-255,66,27057,63,160825
490,0.000159,172.217.194.0-255,1484,28541,63,160825
491,0.000162,172.31.40.0-255,66,28607,63,160825
492,0.000166,172.217.194.0-255,2902,31509,63,160825
493,0.000168,172.31.40.0-255,66,31575,63,160825
494,0.000174,172.217.194.0-255,4320,35895,63,160825
495,0.000177,172.31.40.0-255,66,35961,63,160825
496,0.000202,172.217.194.0-255,1484,37445,63,160825
497,0.000204,172.31.40.0-255,66,37511,63,160825
498,0.000212,172.217.194.0-255,6797,44308,63,160825
499,0.000214,172.31.40.0-255,66,44374,63,160825
500,0.000234,172.217.194.0-255,363,44737,63,160825
501,0.000236,172.31.40.0-255,66,44803,63,160825
502,0.00045,172.217.194.0-255,379,45182,63,160825
503,0.000863,172.217.194.0-255,1484,46666,63,160825
504,0.000868,172.31.40.0-255,66,46732,63,160825
505,0.000874,172.217.194.0-255,2902,49634,63,160825
506,0.000876,172.31.40.0-255,66,49700,63,160825
507,0.000881,172.217.194.0-255,4320,54020,63,160825
508,0.000883,172.31.40.0-255,66,54086,63,160825
509,0.0009,172.217.194.0-255,1484,55570,63,160825
510,0.000905,172.217.194.0-255,4320,59890,63,160825
511,0.000908,172.31.40.0-255,66,59956,63,160825
512,0.000927,172.217.194.0-255,1995,61951,63,160825
513,0.00093,172.31.40.0-255,66,62017,63,160825
514,0.000986,172.217.194.0-255,1484,63501,63,160825
515,0.000992,172.217.194.0-255,2902,66403,63,160825
516,0.000995,172.31.40.0-255,66,66469,63,160825
517,0.000998,172.217.194.0-255,1484,67953,63,160825
518,0.001017,172.217.194.0-255,4320,72273,63,160825
519,0.00102,172.31.40.0-255,66,72339,63,160825
520,0.001028,172.217.194.0-255,7156,79495,63,160825
521,0.001029,172.31.40.0-255,66,79561,63,160825
522,0.001074,172.31.40.0-255,66,79627,63,160825
523,0.001079,172.217.194.0-255,2184,81811,63,160825
524,0.00108,172.31.40.0-255,66,81877,63,160825
525,0.001966,172.217.194.0-255,1484,83361,63,160825
526,0.001976,172.217.194.0-255,2902,86263,63,160825
527,0.00198,172.31.40.0-255,66,86329,63,160825
528,0.001986,172.217.194.0-255,4320,90649,63,160825
529,0.001988,172.31.40.0-255,66,90715,63,160825
530,0.002001,172.217.194.0-255,1484,92199,63,160825
531,0.002012,172.217.194.0-255,4320,96519,63,160825
532,0.002014,172.31.40.0-255,66,96585,63,160825
533,0.002037,172.31.40.0-255,66,96651,63,160825
534,0.002047,172.31.40.0-255,66,96717,63,160825
535,0.002112,172.217.194.0-255,1484,98201,63,160825
536,0.002131,172.217.194.0-255,2902,101103,63,160825
537,0.002133,172.31.40.0-255,66,101169,63,160825
538,0.002137,172.217.194.0-255,1484,102653,63,160825
539,0.002154,172.217.194.0-255,4320,106973,63,160825
540,0.002156,172.31.40.0-255,66,107039,63,160825
541,0.002161,172.217.194.0-255,4320,111359,63,160825
542,0.002163,172.31.40.0-255,66,111425,63,160825
543,0.002178,172.217.194.0-255,7156,118581,63,160825
544,0.00218,172.31.40.0-255,66,118647,63,160825
545,0.002203,172.217.194.0-255,1484,120131,63,160825
546,0.002214,172.31.40.0-255,66,120197,63,160825
547,0.004495,172.217.194.0-255,5738,125935,63,160825
548,0.004501,172.31.40.0-255,66,126001,63,160825
549,0.006763,172.217.194.0-255,5738,131739,63,160825
550,0.006768,172.31.40.0-255,66,131805,63,160825
551,0.009057,172.217.194.0-255,5738,137543,63,160825
552,0.009064,172.31.40.0-255,66,137609,63,160825
553,0.011366,172.217.194.0-255,5738,143347,63,160825
554,0.011373,172.31.40.0-255,66,143413,63,160825
555,0.013638,172.217.194.0-255,5738,149151,63,160825
556,0.013647,172.31.40.0-255,66,149217,63,160825
557,0.015931,172.217.194.0-255,5738,154955,63,160825
558,0.015938,172.31.40.0-255,66,155021,63,160825
559,0.018229,172.217.194.0-255,5738,160759,63,160825
560,0.018235,172.31.40.0-255,66,160825,63,160825
561,0.0,74.125.24.0-255,190,190,63,148328
562,2.2e-05,172.31.40.0-255,66,256,63,148328
563,2.9e-05,74.125.24.0-255,1484,1740,63,148328
564,3.3e-05,172.31.40.0-255,66,1806,63,148328
565,3.9e-05,74.125.24.0-255,2902,4708,63,148328
566,4.3e-05,172.31.40.0-255,66,4774,63,148328
567,5e-05,74.125.24.0-255,7156,11930,63,148328
568,5.4e-05,172.31.40.0-255,66,11996,63,148328
569,5.7e-05,74.125.24.0-255,1484,13480,63,148328
570,5.9e-05,172.31.40.0-255,66,13546,63,148328
571,9.4e-05,172.31.40.0-255,66,13612,63,148328
572,0.000101,74.125.24.0-255,6797,20409,63,148328
573,0.000104,172.31.40.0-255,66,20475,63,148328
574,0.000141,74.125.24.0-255,2902,23377,63,148328
575,0.000144,172.31.40.0-255,66,23443,63,148328
576,0.000165,74.125.24.0-255,5738,29181,63,148328
577,0.000168,172.31.40.0-255,66,29247,63,148328
578,0.000214,172.31.40.0-255,66,29313,63,148328
579,0.000844,74.125.24.0-255,1484,30797,63,148328
580,0.00085,172.31.40.0-255,66,30863,63,148328
581,0.000858,74.125.24.0-255,2902,33765,63,148328
582,0.000861,172.31.40.0-255,66,33831,63,148328
583,0.000867,74.125.24.0-255,4320,38151,63,148328
584,0.000869,172.31.40.0-255,66,38217,63,148328
585,0.00089,74.125.24.0-255,1484,39701,63,148328
586,0.000893,172.31.40.0-255,66,39767,63,148328
587,0.000898,74.125.24.0-255,2902,42669,63,148328
588,0.0009,172.31.40.0-255,66,42735,63,148328
589,0.000915,74.125.24.0-255,3961,46696,63,148328
590,0.000917,172.31.40.0-255,66,46762,63,148328
591,0.001019,74.125.24.0-255,1484,48246,63,148328
592,0.001027,74.125.24.0-255,2902,51148,63,148328
593,0.001031,172.31.40.0-255,66,51214,63,148328
594,0.001038,74.125.24.0-255,4320,55534,63,148328
595,0.00104,172.31.40.0-255,66,55600,63,148328
596,0.001054,74.125.24.0-255,1484,57084,63,148328
597,0.001101,74.125.24.0-255,4320,61404,63,148328
598,0.001104,172.31.40.0-255,66,61470,63,148328
599,0.001136,172.31.40.0-255,66,61536,63,148328
600,0.001176,172.31.40.0-255,66,61602,63,148328
601,0.001518,74.125.24.0-255,1484,63086,63,148328
602,0.001527,74.125.24.0-255,2902,65988,63,148328
603,0.001532,172.31.40.0-255,66,66054,63,148328
604,0.001539,74.125.24.0-255,5738,71792,63,148328
605,0.001542,172.31.40.0-255,66,71858,63,148328
606,0.00157,74.125.24.0-255,4320,76178,63,148328
607,0.001572,172.31.40.0-255,66,76244,63,148328
608,0.001589,74.125.24.0-255,2560,78804,63,148328
609,0.001592,172.31.40.0-255,66,78870,63,148328
610,0.001863,74.125.24.0-255,1484,80354,63,148328
611,0.001871,74.125.24.0-255,2902,83256,63,148328
612,0.001875,172.31.40.0-255,66,83322,63,148328
613,0.001883,74.125.24.0-255,5738,89060,63,148328
614,0.001885,172.31.40.0-255,66,89126,63,148328
615,0.001907,74.125.24.0-255,1484,90610,63,148328
616,0.00192,74.125.24.0-255,2902,93512,63,148328
617,0.001922,172.31.40.0-255,66,93578,63,148328
618,0.001948,172.31.40.0-255,66,93644,63,148328
619,0.001955,74.125.24.0-255,7156,100800,63,148328
620,0.001957,172.31.40.0-255,66,100866,63,148328
621,0.001991,74.125.24.0-255,3602,104468,63,148328
622,0.001993,172.31.40.0-255,66,104534,63,148328
623,0.004092,74.125.24.0-255,1484,106018,63,148328
624,0.004169,74.125.24.0-255,2902,108920,63,148328
625,0.004172,172.31.40.0-255,66,108986,63,148328
626,0.004185,74.125.24.0-255,1484,110470,63,148328
627,0.006298,74.125.24.0-255,4320,114790,63,148328
628,0.006304,172.31.40.0-255,66,114856,63,148328
629,0.008491,74.125.24.0-255,5738,120594,63,148328
630,0.008498,172.31.40.0-255,66,120660,63,148328
631,0.010671,74.125.24.0-255,5738,126398,63,148328
632,0.01068,172.31.40.0-255,66,126464,63,148328
633,0.012874,74.125.24.0-255,4320,130784,63,148328
634,0.012882,172.31.40.0-255,66,130850,63,148328
635,0.012903,74.125.24.0-255,1484,132334,63,148328
636,0.015036,74.125.24.0-255,4320,136654,63,148328
637,0.015043,172.31.40.0-255,66,136720,63,148328
638,0.017529,74.125.24.0-255,5738,142458,63,148328
639,0.017537,172.31.40.0-255,66,142524,63,148328
640,0.019753,74.125.24.0-255,5738,148262,63,148328
641,0.019763,172.31.40.0-255,66,148328,63,148328
642,0.0,172.217.194.0-255,153,153,63,291632
643,2.3e-05,172.31.40.0-255,66,219,63,291632
644,2.9e-05,172.217.194.0-255,1484,1703,63,291632
645,3.3e-05,172.31.40.0-255,66,1769,63,291632
646,3.9e-05,172.217.194.0-255,2902,4671,63,291632
647,4.3e-05,172.31.40.0-255,66,4737,63,291632
648,5.6e-05,172.217.194.0-255,5738,10475,63,291632
649,5.9e-05,172.31.40.0-255,66,10541,63,291632
650,0.000108,172.217.194.0-255,3508,14049,63,291632
651,0.000111,172.31.40.0-255,66,14115,63,291632
652,0.000158,172.217.194.0-255,1484,15599,63,291632
653,0.000162,172.31.40.0-255,66,15665,63,291632
654,0.000167,172.217.194.0-255,2902,18567,63,291632
655,0.000169,172.31.40.0-255,66,18633,63,291632
656,0.000172,172.217.194.0-255,1484,20117,63,291632
657,0.000174,172.31.40.0-255,66,20183,63,291632
658,0.000203,172.217.194.0-255,4320,24503,63,291632
659,0.000208,172.31.40.0-255,66,24569,63,291632
660,0.00023,172.217.194.0-255,5738,30307,63,291632
661,0.000232,172.31.40.0-255,66,30373,63,291632
662,0.000269,172.31.40.0-255,66,30439,63,291632
663,0.000335,172.217.194.0-255,5738,36177,63,291632
664,0.000339,172.31.40.0-255,66,36243,63,291632
665,0.000371,172.217.194.0-255,3961,40204,63,291632
666,0.000374,172.31.40.0-255,66,40270,63,291632
667,0.000616,172.217.194.0-255,1484,41754,63,291632
668,0.000621,172.31.40.0-255,66,41820,63,291632
669,0.000625,172.217.194.0-255,1484,43304,63,291632
670,0.000627,172.31.40.0-255,66,43370,63,291632
671,0.000648,172.217.194.0-255,1484,44854,63,291632
672,0.000651,172.31.40.0-255,66,44920,63,291632
673,0.000657,172.217.194.0-255,4320,49240,63,291632
674,0.00066,172.31.40.0-255,66,49306,63,291632
675,0.000686,172.217.194.0-255,1484,50790,63,291632
676,0.000701,172.217.194.0-255,2902,53692,63,291632
677,0.000704,172.31.40.0-255,66,53758,63,291632
678,0.000741,172.217.194.0-255,3961,57719,63,291632
679,0.000744,172.31.40.0-255,66,57785,63,291632
680,0.000776,172.217.194.0-255,2902,60687,63,291632
681,0.000779,172.31.40.0-255,66,60753,63,291632
682,0.000814,172.217.194.0-255,4320,65073,63,291632
683,0.000818,172.31.40.0-255,66,65139,63,291632
684,0.000828,172.31.40.0-255,66,65205,63,291632
685,0.00084,172.31.40.0-255,66,65271,63,291632
686,0.000878,172.31.40.0-255,66,65337,63,291632
687,0.000881,172.217.194.0-255,286,65623,63,291632
688,0.001265,172.217.194.0-255,1484,67107,63,291632
689,0.00127,172.31.40.0-255,66,67173,63,291632
690,0.001275,172.217.194.0-255,2902,70075,63,291632
691,0.001277,172.31.40.0-255,66,70141,63,291632
692,0.001282,172.217.194.0-255,4320,74461,63,291632
693,0.001284,172.31.40.0-255,66,74527,63,291632
694,0.00131,172.217.194.0-255,1484,76011,63,291632
695,0.001315,172.217.194.0-255,2902,78913,63,291632
696,0.001318,172.31.40.0-255,66,78979,63,291632
697,0.001351,172.217.194.0-255,3399,82378,63,291632
698,0.001354,172.31.40.0-255,66,82444,63,291632
699,0.001422,172.217.194.0-255,1484,83928,63,291632
700,0.001435,172.217.194.0-255,1484,85412,63,291632
701,0.001438,172.31.40.0-255,66,85478,63,291632
702,0.001463,172.217.194.0-255,1484,86962,63,291632
703,0.001466,172.217.194.0-255,1484,88446,63,291632
704,0.001468,172.31.40.0-255,66,88512,63,291632
705,0.001471,172.217.194.0-255,1484,89996,63,291632
706,0.001494,172.217.194.0-255,1484,91480,63,291632
707,0.001497,172.31.40.0-255,66,91546,63,291632
708,0.001503,172.217.194.0-255,5738,97284,63,291632
709,0.001505,172.31.40.0-255,66,97350,63,291632
710,0.001534,172.217.194.0-255,5738,103088,63,291632
711,0.001536,172.31.40.0-255,66,103154,63,291632
712,0.001563,172.217.194.0-255,7156,110310,63,291632
713,0.001566,172.31.40.0-255,66,110376,63,291632
714,0.001602,172.217.194.0-255,6438,116814,63,291632
715,0.001604,172.31.40.0-255,66,116880,63,291632
716,0.001633,172.217.194.0-255,1484,118364,63,291632
717,0.001643,172.217.194.0-255,1484,119848,63,291632
718,0.001646,172.31.40.0-255,66,119914,63,291632
719,0.001674,172.217.194.0-255,1484,121398,63,291632
720,0.001681,172.217.194.0-255,5738,127136,63,291632
721,0.001683,172.31.40.0-255,66,127202,63,291632
722,0.001687,172.217.194.0-255,1484,128686,63,291632
723,0.001718,172.217.194.0-255,2902,131588,63,291632
724,0.001723,172.31.40.0-255,66,131654,63,291632
725,0.001731,172.31.40.0-255,66,131720,63,291632
726,0.001743,172.217.194.0-255,5738,137458,63,291632
727,0.001745,172.31.40.0-255,66,137524,63,291632
728,0.00177,172.217.194.0-255,2184,139708,63,291632
729,0.001773,172.31.40.0-255,66,139774,63,291632
730,0.001776,172.217.194.0-255,1484,141258,63,291632
731,0.00178,172.217.194.0-255,2902,144160,63,291632
732,0.001782,172.31.40.0-255,66,144226,63,291632
733,0.001788,172.217.194.0-255,5738,149964,63,291632
734,0.00179,172.31.40.0-255,66,150030,63,291632
735,0.001793,172.217.194.0-255,1484,151514,63,291632
736,0.001828,172.31.40.0-255,66,151580,63,291632
737,0.001834,172.217.194.0-255,5738,157318,63,291632
738,0.001836,172.31.40.0-255,66,157384,63,291632
739,0.001873,172.217.194.0-255,2902,160286,63,291632
740,0.001876,172.31.40.0-255,66,160352,63,291632
741,0.001881,172.217.194.0-255,2184,162536,63,291632
742,0.001883,172.31.40.0-255,66,162602,63,291632
743,0.001961,172.217.194.0-255,1484,164086,63,291632
744,0.001977,172.217.194.0-255,2902,166988,63,291632
745,0.00198,172.31.40.0-255,66,167054,63,291632
746,0.001987,172.217.194.0-255,5738,172792,63,291632
747,0.001989,172.31.40.0-255,66,172858,63,291632
748,0.002053,172.31.40.0-255,66,172924,63,291632
749,0.002056,172.217.194.0-255,1484,174408,63,291632
750,0.002122,172.31.40.0-255,66,174474,63,291632
751,0.002125,172.217.194.0-255,1484,175958,63,291632
752,0.002129,172.217.194.0-255,2902,178860,63,291632
753,0.002131,172.31.40.0-255,66,178926,63,291632
754,0.002136,172.217.194.0-255,2902,181828,63,291632
755,0.002138,172.31.40.0-255,66,181894,63,291632
756,0.002161,172.217.194.0-255,2902,184796,63,291632
757,0.002164,172.31.40.0-255,66,184862,63,291632
758,0.002172,172.217.194.0-255,7156,192018,63,291632
759,0.002176,172.31.40.0-255,66,192084,63,291632
760,0.002204,172.217.194.0-255,5738,197822,63,291632
761,0.002206,172.31.40.0-255,66,197888,63,291632
762,0.002219,172.31.40.0-255,66,197954,63,291632
763,0.002249,172.217.194.0-255,2184,200138,63,291632
764,0.002252,172.31.40.0-255,66,200204,63,291632
765,0.002263,172.217.194.0-255,1484,201688,63,291632
766,0.002282,172.217.194.0-255,1484,203172,63,291632
767,0.002284,172.31.40.0-255,66,203238,63,291632
768,0.002291,172.217.194.0-255,5738,208976,63,291632
769,0.002294,172.31.40.0-255,66,209042,63,291632
770,0.002298,172.217.194.0-255,2902,211944,63,291632
771,0.002305,172.31.40.0-255,66,212010,63,291632
772,0.002331,172.217.194.0-255,7156,219166,63,291632
773,0.002338,172.217.194.0-255,5738,224904,63,291632
774,0.002363,172.217.194.0-255,7156,232060,63,291632
775,0.002375,172.217.194.0-255,2184,234244,63,291632
776,0.002387,172.217.194.0-255,1484,235728,63,291632
777,0.002401,172.217.194.0-255,4320,240048,63,291632
778,0.002419,172.217.194.0-255,4320,244368,63,291632
779,0.002432,172.217.194.0-255,5738,250106,63,291632
780,0.00244,172.217.194.0-255,5738,255844,63,291632
781,0.002457,172.217.194.0-255,2902,258746,63,291632
782,0.002465,172.217.194.0-255,7156,265902,63,291632
783,0.002483,172.217.194.0-255,2184,268086,63,291632
784,0.008286,172.31.40.0-255,66,268152,63,291632
785,0.010743,172.217.194.0-255,5738,273890,63,291632
786,0.010753,172.31.40.0-255,66,273956,63,291632
787,0.013195,172.217.194.0-255,5738,279694,63,291632
788,0.013203,172.31.40.0-255,66,279760,63,291632
789,0.015726,172.217.194.0-255,2902,282662,63,291632
790,0.015734,172.31.40.0-255,66,282728,63,291632
791,0.015764,172.217.194.0-255,2902,285630,63,291632
792,0.015767,172.31.40.0-255,66,285696,63,291632
793,0.018165,172.217.194.0-255,2902,288598,63,291632
794,0.018173,172.31.40.0-255,66,288664,63,291632
795,0.018204,172.217.194.0-255,2902,291566,63,291632
796,0.018207,172.31.40.0-255,66,291632,63,291632
797,0.0,74.125.68.0-255,153,153,63,92668
798,2.2e-05,172.31.40.0-255,66,219,63,92668
799,2.9e-05,74.125.68.0-255,1484,1703,63,92668
800,3.5e-05,172.31.40.0-255,66,1769,63,92668
801,4.9e-05,74.125.68.0-255,2902,4671,63,92668
802,5.2e-05,172.31.40.0-255,66,4737,63,92668
803,6e-05,74.125.68.0-255,5738,10475,63,92668
804,6.4e-05,172.31.40.0-255,66,10541,63,92668
805,6.9e-05,74.125.68.0-255,3519,14060,63,92668
806,7.1e-05,172.31.40.0-255,66,14126,63,92668
807,7.6e-05,74.125.68.0-255,2902,17028,63,92668
808,7.9e-05,172.31.40.0-255,66,17094,63,92668
809,0.000102,74.125.68.0-255,1484,18578,63,92668
810,0.000106,172.31.40.0-255,66,18644,63,92668
811,0.000123,172.31.40.0-255,66,18710,63,92668
812,0.000128,74.125.68.0-255,2543,21253,63,92668
813,0.00013,172.31.40.0-255,66,21319,63,92668
814,0.000222,74.125.68.0-255,1484,22803,63,92668
815,0.000225,172.31.40.0-255,66,22869,63,92668
816,0.000248,74.125.68.0-255,2902,25771,63,92668
817,0.000251,172.31.40.0-255,66,25837,63,92668
818,0.000258,74.125.68.0-255,5738,31575,63,92668
819,0.00026,172.31.40.0-255,66,31641,63,92668
820,0.000264,74.125.68.0-255,2902,34543,63,92668
821,0.000267,172.31.40.0-255,66,34609,63,92668
822,0.000272,74.125.68.0-255,3961,38570,63,92668
823,0.000274,172.31.40.0-255,66,38636,63,92668
824,0.000342,172.31.40.0-255,66,38702,63,92668
825,0.000347,74.125.68.0-255,4320,43022,63,92668
826,0.000349,172.31.40.0-255,66,43088,63,92668
827,0.000376,74.125.68.0-255,2902,45990,63,92668
828,0.000379,172.31.40.0-255,66,46056,63,92668
829,0.000396,74.125.68.0-255,1400,47456,63,92668
830,0.001045,172.31.40.0-255,66,47522,63,92668
831,0.002691,74.125.68.0-255,1484,49006,63,92668
832,0.002718,74.125.68.0-255,2902,51908,63,92668
833,0.002722,172.31.40.0-255,66,51974,63,92668
834,0.003382,74.125.68.0-255,1484,53458,63,92668
835,0.005056,74.125.68.0-255,4320,57778,63,92668
836,0.005061,172.31.40.0-255,66,57844,63,92668
837,0.00741,74.125.68.0-255,5738,63582,63,92668
838,0.007417,172.31.40.0-255,66,63648,63,92668
839,0.009777,74.125.68.0-255,5738,69386,63,92668
840,0.009793,172.31.40.0-255,66,69452,63,92668
841,0.012137,74.125.68.0-255,5738,75190,63,92668
842,0.012146,172.31.40.0-255,66,75256,63,92668
843,0.0145,74.125.68.0-255,5738,80994,63,92668
844,0.014508,172.31.40.0-255,66,81060,63,92668
845,0.016843,74.125.68.0-255,5738,86798,63,92668
846,0.01685,172.31.40.0-255,66,86864,63,92668
847,0.019199,74.125.68.0-255,5738,92602,63,92668
848,0.019207,172.31.40.0-255,66,92668,63,92668
849,0.0,74.125.68.0-255,146,146,63,147733
850,2.3e-05,172.31.40.0-255,66,212,63,147733
851,3e-05,74.125.68.0-255,1484,1696,63,147733
852,3.5e-05,172.31.40.0-255,66,1762,63,147733
853,4.1e-05,74.125.68.0-255,2902,4664,63,147733
854,4.4e-05,172.31.40.0-255,66,4730,63,147733
855,5e-05,74.125.68.0-255,4320,9050,63,147733
856,5.3e-05,172.31.40.0-255,66,9116,63,147733
857,7.6e-05,74.125.68.0-255,1484,10600,63,147733
858,7.9e-05,172.31.40.0-255,66,10666,63,147733
859,8.5e-05,74.125.68.0-255,3582,14248,63,147733
860,8.7e-05,172.31.40.0-255,66,14314,63,147733
861,0.000446,74.125.68.0-255,1484,15798,63,147733
862,0.000452,172.31.40.0-255,66,15864,63,147733
863,0.000458,74.125.68.0-255,2902,18766,63,147733
864,0.00046,172.31.40.0-255,66,18832,63,147733
865,0.000464,74.125.68.0-255,1484,20316,63,147733
866,0.000466,172.31.40.0-255,66,20382,63,147733
867,0.000486,74.125.68.0-255,2902,23284,63,147733
868,0.000489,172.31.40.0-255,66,23350,63,147733
869,0.000496,74.125.68.0-255,5738,29088,63,147733
870,0.000498,172.31.40.0-255,66,29154,63,147733
871,0.00052,74.125.68.0-255,2543,31697,63,147733
872,0.000524,172.31.40.0-255,66,31763,63,147733
873,0.000767,74.125.68.0-255,1484,33247,63,147733
874,0.000773,172.31.40.0-255,66,33313,63,147733
875,0.00078,74.125.68.0-255,2902,36215,63,147733
876,0.000782,172.31.40.0-255,66,36281,63,147733
877,0.000809,74.125.68.0-255,2902,39183,63,147733
878,0.000811,172.31.40.0-255,66,39249,63,147733
879,0.000829,74.125.68.0-255,2902,42151,63,147733
880,0.000832,172.31.40.0-255,66,42217,63,147733
881,0.000836,74.125.68.0-255,2902,45119,63,147733
882,0.000838,172.31.40.0-255,66,45185,63,147733
883,0.000879,74.125.68.0-255,1484,46669,63,147733
884,0.000898,74.125.68.0-255,2543,49212,63,147733
885,0.0009,172.31.40.0-255,66,49278,63,147733
886,0.00092,74.125.68.0-255,1484,50762,63,147733
887,0.000925,74.125.68.0-255,2902,53664,63,147733
888,0.000927,172.31.40.0-255,66,53730,63,147733
889,0.000934,74.125.68.0-255,5738,59468,63,147733
890,0.000936,172.31.40.0-255,66,59534,63,147733
891,0.000939,74.125.68.0-255,1484,61018,63,147733
892,0.000943,74.125.68.0-255,2902,63920,63,147733
893,0.000946,172.31.40.0-255,66,63986,63,147733
894,0.00095,74.125.68.0-255,2817,66803,63,147733
895,0.000953,172.31.40.0-255,66,66869,63,147733
896,0.001591,74.125.68.0-255,128,66997,63,147733
897,0.001787,74.125.68.0-255,1484,68481,63,147733
898,0.001794,172.31.40.0-255,66,68547,63,147733
899,0.001809,74.125.68.0-255,2902,71449,63,147733
900,0.001813,172.31.40.0-255,66,71515,63,147733
901,0.001836,74.125.68.0-255,5738,77253,63,147733
902,0.001839,172.31.40.0-255,66,77319,63,147733
903,0.001863,74.125.68.0-255,6797,84116,63,147733
904,0.001866,172.31.40.0-255,66,84182,63,147733
905,0.001889,74.125.68.0-255,5738,89920,63,147733
906,0.001892,172.31.40.0-255,66,89986,63,147733
907,0.001909,74.125.68.0-255,4320,94306,63,147733
908,0.001911,172.31.40.0-255,66,94372,63,147733
909,0.001933,74.125.68.0-255,1484,95856,63,147733
910,0.00195,74.125.68.0-255,5379,101235,63,147733
911,0.001953,172.31.40.0-255,66,101301,63,147733
912,0.003977,74.125.68.0-255,5738,107039,63,147733
913,0.003981,172.31.40.0-255,66,107105,63,147733
914,0.006007,74.125.68.0-255,5738,112843,63,147733
915,0.006013,172.31.40.0-255,66,112909,63,147733
916,0.008039,74.125.68.0-255,5738,118647,63,147733
917,0.008045,172.31.40.0-255,66,118713,63,147733
918,0.010108,74.125.68.0-255,5738,124451,63,147733
919,0.010116,172.31.40.0-255,66,124517,63,147733
920,0.012157,74.125.68.0-255,5738,130255,63,147733
921,0.012165,172.31.40.0-255,66,130321,63,147733
922,0.014207,74.125.68.0-255,5738,136059,63,147733
923,0.014214,172.31.40.0-255,66,136125,63,147733
924,0.016241,74.125.68.0-255,5738,141863,63,147733
925,0.01625,172.31.40.0-255,66,141929,63,147733
926,0.018279,74.125.68.0-255,5738,147667,63,147733
927,0.018286,172.31.40.0-255,66,147733,63,147733
928,0.0,74.125.68.0-255,290,290,63,186038
929,2.2e-05,172.31.40.0-255,66,356,63,186038
930,2.9e-05,74.125.68.0-255,1484,1840,63,186038
931,3.2e-05,172.31.40.0-255,66,1906,63,186038
932,3.8e-05,74.125.68.0-255,2902,4808,63,186038
933,4e-05,172.31.40.0-255,66,4874,63,186038
934,4.3e-05,74.125.68.0-255,1484,6358,63,186038
935,4.5e-05,172.31.40.0-255,66,6424,63,186038
936,6.6e-05,74.125.68.0-255,2902,9326,63,186038
937,6.9e-05,172.31.40.0-255,66,9392,63,186038
938,8e-05,74.125.68.0-255,1484,10876,63,186038
939,8.2e-05,172.31.40.0-255,66,10942,63,186038
940,8.5e-05,74.125.68.0-255,1484,12426,63,186038
941,8.6e-05,172.31.40.0-255,66,12492,63,186038
942,0.000105,74.125.68.0-255,1484,13976,63,186038
943,0.000107,172.31.40.0-255,66,14042,63,186038
944,0.00013,74.125.68.0-255,1938,15980,63,186038
945,0.000132,172.31.40.0-255,66,16046,63,186038
946,0.000135,74.125.68.0-255,1484,17530,63,186038
947,0.000136,172.31.40.0-255,66,17596,63,186038
948,0.00015,74.125.68.0-255,1484,19080,63,186038
949,0.000152,172.31.40.0-255,66,19146,63,186038
950,0.000172,74.125.68.0-255,1484,20630,63,186038
951,0.000174,172.31.40.0-255,66,20696,63,186038
952,0.000204,74.125.68.0-255,5738,26434,63,186038
953,0.000207,172.31.40.0-255,66,26500,63,186038
954,0.000212,74.125.68.0-255,5379,31879,63,186038
955,0.000214,172.31.40.0-255,66,31945,63,186038
956,0.000268,74.125.68.0-255,1484,33429,63,186038
957,0.000271,172.31.40.0-255,66,33495,63,186038
958,0.000286,74.125.68.0-255,2902,36397,63,186038
959,0.000288,172.31.40.0-255,66,36463,63,186038
960,0.000306,74.125.68.0-255,5738,42201,63,186038
961,0.000337,74.125.68.0-255,4320,46521,63,186038
962,0.000357,74.125.68.0-255,5738,52259,63,186038
963,0.000364,74.125.68.0-255,4320,56579,63,186038
964,0.000388,74.125.68.0-255,7156,63735,63,186038
965,0.000405,74.125.68.0-255,2184,65919,63,186038
966,0.000407,74.125.68.0-255,362,66281,63,186038
967,0.000477,172.31.40.0-255,66,66347,63,186038
968,0.000509,74.125.68.0-255,133,66480,63,186038
969,0.000662,74.125.68.0-255,1484,67964,63,186038
970,0.000674,172.31.40.0-255,66,68030,63,186038
971,0.000683,74.125.68.0-255,2902,70932,63,186038
972,0.000686,74.125.68.0-255,1484,72416,63,186038
973,0.000691,172.31.40.0-255,66,72482,63,186038
974,0.000702,74.125.68.0-255,2902,75384,63,186038
975,0.000707,74.125.68.0-255,4320,79704,63,186038
976,0.000725,74.125.68.0-255,1484,81188,63,186038
977,0.00073,172.31.40.0-255,66,81254,63,186038
978,0.000758,74.125.68.0-255,1484,82738,63,186038
979,0.000767,172.31.40.0-255,66,82804,63,186038
980,0.000782,74.125.68.0-255,2902,85706,63,186038
981,0.000797,74.125.68.0-255,3602,89308,63,186038
982,0.000804,172.31.40.0-255,66,89374,63,186038
983,0.00153,74.125.68.0-255,1484,90858,63,186038
984,0.00154,74.125.68.0-255,2902,93760,63,186038
985,0.001544,172.31.40.0-255,66,93826,63,186038
986,0.00155,74.125.68.0-255,2902,96728,63,186038
987,0.001563,74.125.68.0-255,1484,98212,63,186038
988,0.001585,74.125.68.0-255,2902,101114,63,186038
989,0.001609,74.125.68.0-255,1484,102598,63,186038
990,0.001629,74.125.68.0-255,2902,105500,63,186038
991,0.002002,74.125.68.0-255,1484,106984,63,186038
992,0.002018,74.125.68.0-255,2902,109886,63,186038
993,0.002038,74.125.68.0-255,5738,115624,63,186038
994,0.002063,74.125.68.0-255,4320,119944,63,186038
995,0.00212,74.125.68.0-255,4320,124264,63,186038
996,0.002152,74.125.68.0-255,2902,127166,63,186038
997,0.002159,172.31.40.0-255,66,127232,63,186038
998,0.002182,74.125.68.0-255,5738,132970,63,186038
999,0.002188,74.125.68.0-255,7156,140126,63,186038
1000,0.002217,74.125.68.0-255,4320,144446,63,186038
1001,0.002228,74.125.68.0-255,2184,146630,63,186038
1002,0.002257,172.31.40.0-255,66,146696,63,186038
1003,0.002262,172.31.40.0-255,66,146762,63,186038
1004,0.004568,74.125.68.0-255,5738,152500,63,186038
1005,0.004575,172.31.40.0-255,66,152566,63,186038
1006,0.006875,74.125.68.0-255,5738,158304,63,186038
1007,0.006881,172.31.40.0-255,66,158370,63,186038
1008,0.009174,74.125.68.0-255,5738,164108,63,186038
1009,0.00918,172.31.40.0-255,66,164174,63,186038
1010,0.01147,74.125.68.0-255,4320,168494,63,186038
1011,0.011477,172.31.40.0-255,66,168560,63,186038
1012,0.011496,74.125.68.0-255,1484,170044,63,186038
1013,0.013776,74.125.68.0-255,4320,174364,63,186038
1014,0.013785,172.31.40.0-255,66,174430,63,186038
1015,0.016081,74.125.68.0-255,5738,180168,63,186038
1016,0.016192,172.31.40.0-255,66,180234,63,186038
1017,0.018484,74.125.68.0-255,5738,185972,63,186038
1018,0.018491,172.31.40.0-255,66,186038,63,186038
1019,0.0,172.31.40.0-255,105,105,63,276
1020,0.001777,157.240.24.0-255,105,210,63,276
1021,0.00179,172.31.40.0-255,66,276,63,276
1022,0.0,74.125.130.0-255,147,147,63,383150
1023,2e-05,172.31.40.0-255,66,213,63,383150
1024,2.7e-05,74.125.130.0-255,1484,1697,63,383150
1025,3.2e-05,172.31.40.0-255,66,1763,63,383150
1026,3.5e-05,74.125.130.0-255,1484,3247,63,383150
1027,3.9e-05,172.31.40.0-255,66,3313,63,383150
1028,5.8e-05,74.125.130.0-255,1484,4797,63,383150
1029,6.1e-05,172.31.40.0-255,66,4863,63,383150
1030,6.4e-05,74.125.130.0-255,1484,6347,63,383150
1031,6.6e-05,172.31.40.0-255,66,6413,63,383150
1032,8.5e-05,74.125.130.0-255,4320,10733,63,383150
1033,8.8e-05,172.31.40.0-255,66,10799,63,383150
1034,9.1e-05,74.125.130.0-255,1484,12283,63,383150
1035,9.3e-05,172.31.40.0-255,66,12349,63,383150
1036,9.7e-05,74.125.130.0-255,1994,14343,63,383150
1037,0.0001,172.31.40.0-255,66,14409,63,383150
1038,0.000134,74.125.130.0-255,4320,18729,63,383150
1039,0.000137,172.31.40.0-255,66,18795,63,383150
1040,0.000155,74.125.130.0-255,1484,20279,63,383150
1041,0.000157,172.31.40.0-255,66,20345,63,383150
1042,0.000162,74.125.130.0-255,2902,23247,63,383150
1043,0.000165,172.31.40.0-255,66,23313,63,383150
1044,0.000186,74.125.130.0-255,4320,27633,63,383150
1045,0.000189,172.31.40.0-255,66,27699,63,383150
1046,0.000193,74.125.130.0-255,2902,30601,63,383150
1047,0.000195,172.31.40.0-255,66,30667,63,383150
1048,0.000226,74.125.130.0-255,1125,31792,63,383150
1049,0.000229,172.31.40.0-255,66,31858,63,383150
1050,0.000397,74.125.130.0-255,1484,33342,63,383150
1051,0.000402,172.31.40.0-255,66,33408,63,383150
1052,0.000406,74.125.130.0-255,1484,34892,63,383150
1053,0.000408,172.31.40.0-255,66,34958,63,383150
1054,0.000422,74.125.130.0-255,1484,36442,63,383150
1055,0.000426,74.125.130.0-255,1484,37926,63,383150
1056,0.000428,172.31.40.0-255,66,37992,63,383150
1057,0.000452,74.125.130.0-255,2902,40894,63,383150
1058,0.000455,172.31.40.0-255,66,40960,63,383150
1059,0.000462,74.125.130.0-255,5738,46698,63,383150
1060,0.000464,172.31.40.0-255,66,46764,63,383150
1061,0.000484,74.125.130.0-255,2543,49307,63,383150
1062,0.000487,172.31.40.0-255,66,49373,63,383150
1063,0.000512,74.125.130.0-255,2902,52275,63,383150
1064,0.000514,172.31.40.0-255,66,52341,63,383150
1065,0.000534,74.125.130.0-255,1484,53825,63,383150
1066,0.000559,74.125.130.0-255,5738,59563,63,383150
1067,0.000562,172.31.40.0-255,66,59629,63,383150
1068,0.000595,74.125.130.0-255,5738,65367,63,383150
1069,0.000598,172.31.40.0-255,66,65433,63,383150
1070,0.000611,74.125.130.0-255,1413,66846,63,383150
1071,0.000614,74.125.130.0-255,366,67212,63,383150
1072,0.000616,172.31.40.0-255,66,67278,63,383150
1073,0.000893,74.125.130.0-255,1484,68762,63,383150
1074,0.000899,74.125.130.0-255,2902,71664,63,383150
1075,0.000903,172.31.40.0-255,66,71730,63,383150
1076,0.000923,74.125.130.0-255,2902,74632,63,383150
1077,0.000926,172.31.40.0-255,66,74698,63,383150
1078,0.000951,74.125.130.0-255,2902,77600,63,383150
1079,0.000957,74.125.130.0-255,5738,83338,63,383150
1080,0.000983,74.125.130.0-255,5738,89076,63,383150
1081,0.000987,172.31.40.0-255,66,89142,63,383150
1082,0.000995,172.31.40.0-255,66,89208,63,383150
1083,0.000998,172.31.40.0-255,66,89274,63,383150
1084,0.001002,74.125.130.0-255,1484,90758,63,383150
1085,0.001015,172.31.40.0-255,66,90824,63,383150
1086,0.001617,74.125.130.0-255,1484,92308,63,383150
1087,0.001627,74.125.130.0-255,2902,95210,63,383150
1088,0.001631,172.31.40.0-255,66,95276,63,383150
1089,0.001635,74.125.130.0-255,1484,96760,63,383150
1090,0.001655,74.125.130.0-255,4320,101080,63,383150
1091,0.001658,172.31.40.0-255,66,101146,63,383150
1092,0.001662,74.125.130.0-255,2902,104048,63,383150
1093,0.001664,172.31.40.0-255,66,104114,63,383150
1094,0.001682,74.125.130.0-255,4320,108434,63,383150
1095,0.001684,172.31.40.0-255,66,108500,63,383150
1096,0.001696,74.125.130.0-255,1484,109984,63,383150
1097,0.001712,74.125.130.0-255,7156,117140,63,383150
1098,0.001714,172.31.40.0-255,66,117206,63,383150
1099,0.001729,74.125.130.0-255,4320,121526,63,383150
1100,0.001731,172.31.40.0-255,66,121592,63,383150
1101,0.001747,74.125.130.0-255,1484,123076,63,383150
1102,0.001767,74.125.130.0-255,5020,128096,63,383150
1103,0.00177,172.31.40.0-255,66,128162,63,383150
1104,0.001786,74.125.130.0-255,4320,132482,63,383150
1105,0.001788,172.31.40.0-255,66,132548,63,383150
1106,0.001805,74.125.130.0-255,2902,135450,63,383150
1107,0.001807,172.31.40.0-255,66,135516,63,383150
1108,0.00181,74.125.130.0-255,1484,137000,63,383150
1109,0.001815,74.125.130.0-255,2902,139902,63,383150
1110,0.001817,172.31.40.0-255,66,139968,63,383150
1111,0.001835,74.125.130.0-255,4320,144288,63,383150
1112,0.001838,172.31.40.0-255,66,144354,63,383150
1113,0.001849,74.125.130.0-255,1484,145838,63,383150
1114,0.001854,74.125.130.0-255,2902,148740,63,383150
1115,0.001856,172.31.40.0-255,66,148806,63,383150
1116,0.001872,74.125.130.0-255,2902,151708,63,383150
1117,0.001874,172.31.40.0-255,66,151774,63,383150
1118,0.0019,74.125.130.0-255,7156,158930,63,383150
1119,0.001903,172.31.40.0-255,66,158996,63,383150
1120,0.001906,74.125.130.0-255,766,159762,63,383150
1121,0.001909,74.125.130.0-255,1484,161246,63,383150
1122,0.001911,172.31.40.0-255,66,161312,63,383150
1123,0.001914,74.125.130.0-255,1484,162796,63,383150
1124,0.00193,74.125.130.0-255,2902,165698,63,383150
1125,0.001933,172.31.40.0-255,66,165764,63,383150
1126,0.001948,74.125.130.0-255,1484,167248,63,383150
1127,0.001966,74.125.130.0-255,7156,174404,63,383150
1128,0.001969,172.31.40.0-255,66,174470,63,383150
1129,0.001972,74.125.130.0-255,1484,175954,63,383150
1130,0.001997,172.31.40.0-255,66,176020,63,383150
1131,0.002003,74.125.130.0-255,7156,183176,63,383150
1132,0.002007,172.31.40.0-255,66,183242,63,383150
1133,0.002055,74.125.130.0-255,2184,185426,63,383150
1134,0.002059,172.31.40.0-255,66,185492,63,383150
1135,0.002267,74.125.130.0-255,1484,186976,63,383150
1136,0.002286,74.125.130.0-255,2902,189878,63,383150
1137,0.002291,172.31.40.0-255,66,189944,63,383150
1138,0.002294,74.125.130.0-255,1484,191428,63,383150
1139,0.002316,74.125.130.0-255,2902,194330,63,383150
1140,0.002319,172.31.40.0-255,66,194396,63,383150
1141,0.002322,74.125.130.0-255,1484,195880,63,383150
1142,0.002342,74.125.130.0-255,5738,201618,63,383150
1143,0.002346,172.31.40.0-255,66,201684,63,383150
1144,0.002348,74.125.130.0-255,1484,203168,63,383150
1145,0.002351,74.125.130.0-255,1484,204652,63,383150
1146,0.002353,172.31.40.0-255,66,204718,63,383150
1147,0.002356,74.125.130.0-255,1484,206202,63,383150
1148,0.002377,74.125.130.0-255,2902,209104,63,383150
1149,0.00238,172.31.40.0-255,66,209170,63,383150
1150,0.002386,74.125.130.0-255,4320,213490,63,383150
1151,0.002388,172.31.40.0-255,66,213556,63,383150
1152,0.002423,74.125.130.0-255,6438,219994,63,383150
1153,0.002692,74.125.130.0-255,1484,221478,63,383150
1154,0.002701,74.125.130.0-255,2902,224380,63,383150
1155,0.002703,74.125.130.0-255,1484,225864,63,383150
1156,0.002728,74.125.130.0-255,2902,228766,63,383150
1157,0.002741,74.125.130.0-255,5738,234504,63,383150
1158,0.002766,74.125.130.0-255,7156,241660,63,383150
1159,0.002769,74.125.130.0-255,1484,243144,63,383150
1160,0.002787,74.125.130.0-255,1484,244628,63,383150
1161,0.002821,74.125.130.0-255,766,245394,63,383150
1162,0.003037,74.125.130.0-255,1484,246878,63,383150
1163,0.003055,74.125.130.0-255,2902,249780,63,383150
1164,0.003059,74.125.130.0-255,1484,251264,63,383150
1165,0.003082,74.125.130.0-255,2902,254166,63,383150
1166,0.003113,74.125.130.0-255,2902,257068,63,383150
1167,0.003127,74.125.130.0-255,2902,259970,63,383150
1168,0.003146,74.125.130.0-255,2902,262872,63,383150
1169,0.003166,74.125.130.0-255,4320,267192,63,383150
1170,0.003169,74.125.130.0-255,1484,268676,63,383150
1171,0.003172,74.125.130.0-255,1484,270160,63,383150
1172,0.003188,74.125.130.0-255,1484,271644,63,383150
1173,0.003203,74.125.130.0-255,1484,273128,63,383150
1174,0.003222,74.125.130.0-255,2902,276030,63,383150
1175,0.003241,74.125.130.0-255,3602,279632,63,383150
1176,0.003266,74.125.130.0-255,2902,282534,63,383150
1177,0.003281,74.125.130.0-255,1484,284018,63,383150
1178,0.003304,74.125.130.0-255,5738,289756,63,383150
1179,0.00332,74.125.130.0-255,4320,294076,63,383150
1180,0.003337,74.125.130.0-255,4320,298396,63,383150
1181,0.003353,74.125.130.0-255,1484,299880,63,383150
1182,0.003356,74.125.130.0-255,1484,301364,63,383150
1183,0.003377,74.125.130.0-255,4320,305684,63,383150
1184,0.00338,74.125.130.0-255,1484,307168,63,383150
1185,0.003396,74.125.130.0-255,5738,312906,63,383150
1186,0.003399,74.125.130.0-255,766,313672,63,383150
1187,0.003529,74.125.130.0-255,1484,315156,63,383150
1188,0.003546,74.125.130.0-255,2902,318058,63,383150
1189,0.003569,74.125.130.0-255,5738,323796,63,383150
1190,0.003574,74.125.130.0-255,2902,326698,63,383150
1191,0.003595,74.125.130.0-255,4320,331018,63,383150
1192,0.003601,74.125.130.0-255,4320,335338,63,383150
1193,0.003619,74.125.130.0-255,4320,339658,63,383150
1194,0.003623,74.125.130.0-255,2902,342560,63,383150
1195,0.00364,74.125.130.0-255,4320,346880,63,383150
1196,0.003655,74.125.130.0-255,766,347646,63,383150
1197,0.003823,74.125.130.0-255,1484,349130,63,383150
1198,0.003838,74.125.130.0-255,2902,352032,63,383150
1199,0.003861,74.125.130.0-255,4320,356352,63,383150
1200,0.003875,74.125.130.0-255,1484,357836,63,383150
1201,0.00388,74.125.130.0-255,4320,362156,63,383150
1202,0.003899,74.125.130.0-255,2902,365058,63,383150
1203,0.003911,74.125.130.0-255,4320,369378,63,383150
1204,0.003927,74.125.130.0-255,1484,370862,63,383150
1205,0.00393,74.125.130.0-255,1484,372346,63,383150
1206,0.003933,74.125.130.0-255,1484,373830,63,383150
1207,0.003935,74.125.130.0-255,1484,375314,63,383150
1208,0.003949,74.125.130.0-255,1484,376798,63,383150
1209,0.003952,74.125.130.0-255,1484,378282,63,383150
1210,0.003954,74.125.130.0-255,1484,379766,63,383150
1211,0.003967,74.125.130.0-255,2184,381950,63,383150
1212,0.00397,74.125.130.0-255,761,382711,63,383150
1213,0.003994,74.125.130.0-255,97,382808,63,383150
1214,0.004108,74.125.130.0-255,105,382913,63,383150
1215,0.00616,172.31.40.0-255,66,382979,63,383150
1216,0.008561,172.31.40.0-255,105,383084,63,383150
1217,0.010792,74.125.130.0-255,66,383150,63,383150
1218,0.0,74.125.130.0-255,154,154,63,145411
1219,2.4e-05,172.31.40.0-255,66,220,63,145411
1220,4.6e-05,74.125.130.0-255,1484,1704,63,145411
1221,5.1e-05,172.31.40.0-255,66,1770,63,145411
1222,5.6e-05,74.125.130.0-255,2902,4672,63,145411
1223,6e-05,172.31.40.0-255,66,4738,63,145411
1224,6.7e-05,74.125.130.0-255,5738,10476,63,145411
1225,7e-05,172.31.40.0-255,66,10542,63,145411
1226,9.8e-05,74.125.130.0-255,3519,14061,63,145411
1227,0.000101,172.31.40.0-255,66,14127,63,145411
1228,0.000251,74.125.130.0-255,1484,15611,63,145411
1229,0.000257,172.31.40.0-255,66,15677,63,145411
1230,0.000262,74.125.130.0-255,2902,18579,63,145411
1231,0.000265,172.31.40.0-255,66,18645,63,145411
1232,0.000271,74.125.130.0-255,5738,24383,63,145411
1233,0.000274,172.31.40.0-255,66,24449,63,145411
1234,0.000323,172.31.40.0-255,66,24515,63,145411
1235,0.000344,74.125.130.0-255,3961,28476,63,145411
1236,0.000347,172.31.40.0-255,66,28542,63,145411
1237,0.000365,74.125.130.0-255,5738,34280,63,145411
1238,0.000368,172.31.40.0-255,66,34346,63,145411
1239,0.000394,74.125.130.0-255,3961,38307,63,145411
1240,0.000397,172.31.40.0-255,66,38373,63,145411
1241,0.000449,74.125.130.0-255,1484,39857,63,145411
1242,0.000452,172.31.40.0-255,66,39923,63,145411
1243,0.000456,74.125.130.0-255,1484,41407,63,145411
1244,0.000458,172.31.40.0-255,66,41473,63,145411
1245,0.000472,74.125.130.0-255,1484,42957,63,145411
1246,0.000474,172.31.40.0-255,66,43023,63,145411
1247,0.000482,74.125.130.0-255,5738,48761,63,145411
1248,0.000485,172.31.40.0-255,66,48827,63,145411
1249,0.00051,74.125.130.0-255,6797,55624,63,145411
1250,0.000513,172.31.40.0-255,66,55690,63,145411
1251,0.000559,74.125.130.0-255,339,56029,63,145411
1252,0.000584,74.125.130.0-255,434,56463,63,145411
1253,0.000852,74.125.130.0-255,1484,57947,63,145411
1254,0.000856,172.31.40.0-255,66,58013,63,145411
1255,0.000862,74.125.130.0-255,2902,60915,63,145411
1256,0.000864,172.31.40.0-255,66,60981,63,145411
1257,0.00089,74.125.130.0-255,1484,62465,63,145411
1258,0.000911,74.125.130.0-255,4320,66785,63,145411
1259,0.000914,172.31.40.0-255,66,66851,63,145411
1260,0.000928,172.31.40.0-255,66,66917,63,145411
1261,0.000934,74.125.130.0-255,5738,72655,63,145411
1262,0.000937,172.31.40.0-255,66,72721,63,145411
1263,0.000961,74.125.130.0-255,2902,75623,63,145411
1264,0.000964,172.31.40.0-255,66,75689,63,145411
1265,0.000968,74.125.130.0-255,2184,77873,63,145411
1266,0.00097,172.31.40.0-255,66,77939,63,145411
1267,0.001299,74.125.130.0-255,1484,79423,63,145411
1268,0.001305,74.125.130.0-255,2902,82325,63,145411
1269,0.001308,172.31.40.0-255,66,82391,63,145411
1270,0.001313,74.125.130.0-255,1484,83875,63,145411
1271,0.001332,74.125.130.0-255,4320,88195,63,145411
1272,0.001334,172.31.40.0-255,66,88261,63,145411
1273,0.001338,74.125.130.0-255,1484,89745,63,145411
1274,0.001341,74.125.130.0-255,1484,91229,63,145411
1275,0.001343,172.31.40.0-255,66,91295,63,145411
1276,0.00136,74.125.130.0-255,7156,98451,63,145411
1277,0.001362,172.31.40.0-255,66,98517,63,145411
1278,0.001405,172.31.40.0-255,66,98583,63,145411
1279,0.003502,74.125.130.0-255,5738,104321,63,145411
1280,0.003509,172.31.40.0-255,66,104387,63,145411
1281,0.005609,74.125.130.0-255,2902,107289,63,145411
1282,0.005614,172.31.40.0-255,66,107355,63,145411
1283,0.005634,74.125.130.0-255,2902,110257,63,145411
1284,0.005636,172.31.40.0-255,66,110323,63,145411
1285,0.007705,74.125.130.0-255,2902,113225,63,145411
1286,0.007711,172.31.40.0-255,66,113291,63,145411
1287,0.007731,74.125.130.0-255,2902,116193,63,145411
1288,0.007733,172.31.40.0-255,66,116259,63,145411
1289,0.009808,74.125.130.0-255,2902,119161,63,145411
1290,0.009816,172.31.40.0-255,66,119227,63,145411
1291,0.00984,74.125.130.0-255,2902,122129,63,145411
1292,0.009843,172.31.40.0-255,66,122195,63,145411
1293,0.011915,74.125.130.0-255,5738,127933,63,145411
1294,0.011923,172.31.40.0-255,66,127999,63,145411
1295,0.014025,74.125.130.0-255,5738,133737,63,145411
1296,0.014035,172.31.40.0-255,66,133803,63,145411
1297,0.016133,74.125.130.0-255,5738,139541,63,145411
1298,0.016142,172.31.40.0-255,66,139607,63,145411
1299,0.018245,74.125.130.0-255,5738,145345,63,145411
1300,0.018253,172.31.40.0-255,66,145411,63,145411
1301,0.0,74.125.68.0-255,153,153,63,217310
1302,1.5e-05,172.31.40.0-255,66,219,63,217310
1303,2.2e-05,74.125.68.0-255,1484,1703,63,217310
1304,2.7e-05,172.31.40.0-255,66,1769,63,217310
1305,4e-05,74.125.68.0-255,2902,4671,63,217310
1306,4.3e-05,172.31.40.0-255,66,4737,63,217310
1307,5.3e-05,74.125.68.0-255,7156,11893,63,217310
1308,5.8e-05,172.31.40.0-255,66,11959,63,217310
1309,6.2e-05,74.125.68.0-255,1484,13443,63,217310
1310,6.5e-05,172.31.40.0-255,66,13509,63,217310
1311,0.000105,74.125.68.0-255,6294,19803,63,217310
1312,0.000109,172.31.40.0-255,66,19869,63,217310
1313,0.00012,172.31.40.0-255,66,19935,63,217310
1314,0.000153,74.125.68.0-255,2543,22478,63,217310
1315,0.000156,172.31.40.0-255,66,22544,63,217310
1316,0.000213,74.125.68.0-255,1484,24028,63,217310
1317,0.000216,172.31.40.0-255,66,24094,63,217310
1318,0.000246,74.125.68.0-255,2902,26996,63,217310
1319,0.000248,74.125.68.0-255,1484,28480,63,217310
1320,0.000252,74.125.68.0-255,2902,31382,63,217310
1321,0.000256,172.31.40.0-255,66,31448,63,217310
1322,0.000263,172.31.40.0-255,66,31514,63,217310
1323,0.000267,172.31.40.0-255,66,31580,63,217310
1324,0.000274,74.125.68.0-255,5738,37318,63,217310
1325,0.000276,172.31.40.0-255,66,37384,63,217310
1326,0.000327,74.125.68.0-255,7156,44540,63,217310
1327,0.00033,172.31.40.0-255,66,44606,63,217310
1328,0.000334,74.125.68.0-255,2902,47508,63,217310
1329,0.000336,172.31.40.0-255,66,47574,63,217310
1330,0.000367,74.125.68.0-255,5738,53312,63,217310
1331,0.00037,172.31.40.0-255,66,53378,63,217310
1332,0.000398,74.125.68.0-255,3602,56980,63,217310
1333,0.0004,172.31.40.0-255,66,57046,63,217310
1334,0.000432,74.125.68.0-255,394,57440,63,217310
1335,0.000467,74.125.68.0-255,115,57555,63,217310
1336,0.000687,74.125.68.0-255,1484,59039,63,217310
1337,0.000692,172.31.40.0-255,66,59105,63,217310
1338,0.000704,74.125.68.0-255,1484,60589,63,217310
1339,0.00072,74.125.68.0-255,2902,63491,63,217310
1340,0.000723,172.31.40.0-255,66,63557,63,217310
1341,0.000751,74.125.68.0-255,5738,69295,63,217310
1342,0.000754,172.31.40.0-255,66,69361,63,217310
1343,0.000759,74.125.68.0-255,2902,72263,63,217310
1344,0.000761,172.31.40.0-255,66,72329,63,217310
1345,0.000821,74.125.68.0-255,4320,76649,63,217310
1346,0.000826,172.31.40.0-255,66,76715,63,217310
1347,0.000854,74.125.68.0-255,5738,82453,63,217310
1348,0.000858,172.31.40.0-255,66,82519,63,217310
1349,0.000886,74.125.68.0-255,1484,84003,63,217310
1350,0.000928,74.125.68.0-255,2902,86905,63,217310
1351,0.000945,172.31.40.0-255,66,86971,63,217310
1352,0.000973,74.125.68.0-255,5020,91991,63,217310
1353,0.000976,172.31.40.0-255,66,92057,63,217310
1354,0.00129,74.125.68.0-255,1484,93541,63,217310
1355,0.001297,74.125.68.0-255,2902,96443,63,217310
1356,0.0013,172.31.40.0-255,66,96509,63,217310
1357,0.001304,74.125.68.0-255,1484,97993,63,217310
1358,0.001328,74.125.68.0-255,2902,100895,63,217310
1359,0.001331,172.31.40.0-255,66,100961,63,217310
1360,0.001366,74.125.68.0-255,5738,106699,63,217310
1361,0.001369,172.31.40.0-255,66,106765,63,217310
1362,0.001372,74.125.68.0-255,1484,108249,63,217310
1363,0.001397,74.125.68.0-255,2902,111151,63,217310
1364,0.0014,172.31.40.0-255,66,111217,63,217310
1365,0.001433,74.125.68.0-255,5738,116955,63,217310
1366,0.001436,172.31.40.0-255,66,117021,63,217310
1367,0.001439,74.125.68.0-255,1484,118505,63,217310
1368,0.001443,74.125.68.0-255,2902,121407,63,217310
1369,0.001445,172.31.40.0-255,66,121473,63,217310
1370,0.001468,74.125.68.0-255,2902,124375,63,217310
1371,0.00147,172.31.40.0-255,66,124441,63,217310
1372,0.001504,74.125.68.0-255,3287,127728,63,217310
1373,0.001507,172.31.40.0-255,66,127794,63,217310
1374,0.00151,74.125.68.0-255,1484,129278,63,217310
1375,0.001543,74.125.68.0-255,7156,136434,63,217310
1376,0.001546,172.31.40.0-255,66,136500,63,217310
1377,0.001575,172.31.40.0-255,66,136566,63,217310
1378,0.001594,74.125.68.0-255,4320,140886,63,217310
1379,0.001598,74.125.68.0-255,1484,142370,63,217310
1380,0.001622,74.125.68.0-255,4320,146690,63,217310
1381,0.001627,74.125.68.0-255,3602,150292,63,217310
1382,0.001643,172.31.40.0-255,66,150358,63,217310
1383,0.001845,74.125.68.0-255,1484,151842,63,217310
1384,0.001858,74.125.68.0-255,2902,154744,63,217310
1385,0.001861,172.31.40.0-255,66,154810,63,217310
1386,0.001896,74.125.68.0-255,5738,160548,63,217310
1387,0.001907,172.31.40.0-255,66,160614,63,217310
1388,0.001929,74.125.68.0-255,7156,167770,63,217310
1389,0.001949,172.31.40.0-255,66,167836,63,217310
1390,0.001994,172.31.40.0-255,66,167902,63,217310
1391,0.002013,74.125.68.0-255,7156,175058,63,217310
1392,0.002026,74.125.68.0-255,766,175824,63,217310
1393,0.002035,172.31.40.0-255,66,175890,63,217310
1394,0.004404,74.125.68.0-255,5738,181628,63,217310
1395,0.004411,172.31.40.0-255,66,181694,63,217310
1396,0.006766,74.125.68.0-255,2902,184596,63,217310
1397,0.006771,172.31.40.0-255,66,184662,63,217310
1398,0.006798,74.125.68.0-255,2902,187564,63,217310
1399,0.0068,172.31.40.0-255,66,187630,63,217310
1400,0.009136,74.125.68.0-255,2902,190532,63,217310
1401,0.009142,172.31.40.0-255,66,190598,63,217310
1402,0.009172,74.125.68.0-255,2902,193500,63,217310
1403,0.009175,172.31.40.0-255,66,193566,63,217310
1404,0.011503,74.125.68.0-255,2902,196468,63,217310
1405,0.01151,172.31.40.0-255,66,196534,63,217310
1406,0.01157,74.125.68.0-255,2902,199436,63,217310
1407,0.011573,172.31.40.0-255,66,199502,63,217310
1408,0.01388,74.125.68.0-255,2902,202404,63,217310
1409,0.013886,172.31.40.0-255,66,202470,63,217310
1410,0.013922,74.125.68.0-255,2902,205372,63,217310
1411,0.013925,172.31.40.0-255,66,205438,63,217310
1412,0.01625,74.125.68.0-255,2902,208340,63,217310
1413,0.016261,172.31.40.0-255,66,208406,63,217310
1414,0.016295,74.125.68.0-255,2902,211308,63,217310
1415,0.016298,172.31.40.0-255,66,211374,63,217310
1416,0.018635,74.125.68.0-255,2902,214276,63,217310
1417,0.018644,172.31.40.0-255,66,214342,63,217310
1418,0.018672,74.125.68.0-255,2902,217244,63,217310
1419,0.018675,172.31.40.0-255,66,217310,63,217310
1420,0.0,74.125.24.0-255,152,152,63,254983
1421,2.4e-05,172.31.40.0-255,66,218,63,254983
1422,3.1e-05,74.125.24.0-255,1484,1702,63,254983
1423,3.6e-05,172.31.40.0-255,66,1768,63,254983
1424,4.1e-05,74.125.24.0-255,2902,4670,63,254983
1425,5e-05,172.31.40.0-255,66,4736,63,254983
1426,6e-05,74.125.24.0-255,7156,11892,63,254983
1427,6.3e-05,172.31.40.0-255,66,11958,63,254983
1428,0.000106,74.125.24.0-255,2074,14032,63,254983
1429,0.00011,172.31.40.0-255,66,14098,63,254983
1430,0.000145,172.31.40.0-255,66,14164,63,254983
1431,0.00015,74.125.24.0-255,2902,17066,63,254983
1432,0.000152,172.31.40.0-255,66,17132,63,254983
1433,0.000181,74.125.24.0-255,5379,22511,63,254983
1434,0.000184,172.31.40.0-255,66,22577,63,254983
1435,0.00022,74.125.24.0-255,1484,24061,63,254983
1436,0.000222,172.31.40.0-255,66,24127,63,254983
1437,0.000237,74.125.24.0-255,2902,27029,63,254983
1438,0.000244,172.31.40.0-255,66,27095,63,254983
1439,0.000279,74.125.24.0-255,5738,32833,63,254983
1440,0.000282,172.31.40.0-255,66,32899,63,254983
1441,0.00032,74.125.24.0-255,2902,35801,63,254983
1442,0.000324,172.31.40.0-255,66,35867,63,254983
1443,0.000353,74.125.24.0-255,3961,39828,63,254983
1444,0.000355,172.31.40.0-255,66,39894,63,254983
1445,0.00036,74.125.24.0-255,2902,42796,63,254983
1446,0.000362,172.31.40.0-255,66,42862,63,254983
1447,0.000395,74.125.24.0-255,4320,47182,63,254983
1448,0.000397,172.31.40.0-255,66,47248,63,254983
1449,0.000403,74.125.24.0-255,4320,51568,63,254983
1450,0.000405,172.31.40.0-255,66,51634,63,254983
1451,0.000436,74.125.24.0-255,5379,57013,63,254983
1452,0.000463,74.125.24.0-255,362,57375,63,254983
1453,0.000532,74.125.24.0-255,131,57506,63,254983
1454,0.000582,172.31.40.0-255,66,57572,63,254983
1455,0.000698,74.125.24.0-255,1484,59056,63,254983
1456,0.000704,74.125.24.0-255,2902,61958,63,254983
1457,0.000718,74.125.24.0-255,1484,63442,63,254983
1458,0.000729,172.31.40.0-255,66,63508,63,254983
1459,0.00074,74.125.24.0-255,4320,67828,63,254983
1460,0.000745,172.31.40.0-255,66,67894,63,254983
1461,0.000763,74.125.24.0-255,5738,73632,63,254983
1462,0.000783,74.125.24.0-255,1125,74757,63,254983
1463,0.000798,172.31.40.0-255,66,74823,63,254983
1464,0.000828,74.125.24.0-255,7156,81979,63,254983
1465,0.000843,172.31.40.0-255,66,82045,63,254983
1466,0.000909,172.31.40.0-255,66,82111,63,254983
1467,0.001113,74.125.24.0-255,1484,83595,63,254983
1468,0.00112,74.125.24.0-255,2902,86497,63,254983
1469,0.001126,74.125.24.0-255,5738,92235,63,254983
1470,0.001143,172.31.40.0-255,66,92301,63,254983
1471,0.001201,74.125.24.0-255,5738,98039,63,254983
1472,0.001213,172.31.40.0-255,66,98105,63,254983
1473,0.001243,74.125.24.0-255,7156,105261,63,254983
1474,0.001247,74.125.24.0-255,1484,106745,63,254983
1475,0.001254,172.31.40.0-255,66,106811,63,254983
1476,0.001268,74.125.24.0-255,4320,111131,63,254983
1477,0.001288,74.125.24.0-255,5020,116151,63,254983
1478,0.001297,172.31.40.0-255,66,116217,63,254983
1479,0.001345,74.125.24.0-255,2902,119119,63,254983
1480,0.001351,172.31.40.0-255,66,119185,63,254983
1481,0.001389,172.31.40.0-255,66,119251,63,254983
1482,0.001428,74.125.24.0-255,4320,123571,63,254983
1483,0.001437,172.31.40.0-255,66,123637,63,254983
1484,0.001495,172.31.40.0-255,66,123703,63,254983
1485,0.001597,74.125.24.0-255,2902,126605,63,254983
1486,0.001601,172.31.40.0-255,66,126671,63,254983
1487,0.001635,74.125.24.0-255,4320,130991,63,254983
1488,0.00164,172.31.40.0-255,66,131057,63,254983
1489,0.001658,74.125.24.0-255,2902,133959,63,254983
1490,0.001671,172.31.40.0-255,66,134025,63,254983
1491,0.001688,74.125.24.0-255,5738,139763,63,254983
1492,0.001703,172.31.40.0-255,66,139829,63,254983
1493,0.001746,172.31.40.0-255,66,139895,63,254983
1494,0.001758,74.125.24.0-255,6438,146333,63,254983
1495,0.001777,172.31.40.0-255,66,146399,63,254983
1496,0.00185,74.125.24.0-255,1484,147883,63,254983
1497,0.001872,74.125.24.0-255,2902,150785,63,254983
1498,0.00188,172.31.40.0-255,66,150851,63,254983
1499,0.001894,74.125.24.0-255,5738,156589,63,254983
1500,0.001924,172.31.40.0-255,66,156655,63,254983
1501,0.001983,74.125.24.0-255,2902,159557,63,254983
1502,0.001986,172.31.40.0-255,66,159623,63,254983
1503,0.001993,74.125.24.0-255,4320,163943,63,254983
1504,0.001997,172.31.40.0-255,66,164009,63,254983
1505,0.002027,74.125.24.0-255,5738,169747,63,254983
1506,0.002036,172.31.40.0-255,66,169813,63,254983
1507,0.002047,74.125.24.0-255,5738,175551,63,254983
1508,0.002074,74.125.24.0-255,4320,179871,63,254983
1509,0.00208,172.31.40.0-255,66,179937,63,254983
1510,0.002087,74.125.24.0-255,766,180703,63,254983
1511,0.002113,74.125.24.0-255,5738,186441,63,254983
1512,0.002122,172.31.40.0-255,66,186507,63,254983
1513,0.002152,74.125.24.0-255,7156,193663,63,254983
1514,0.002159,172.31.40.0-255,66,193729,63,254983
1515,0.002213,74.125.24.0-255,2902,196631,63,254983
1516,0.002237,74.125.24.0-255,7156,203787,63,254983
1517,0.002356,74.125.24.0-255,766,204553,63,254983
1518,0.00236,74.125.24.0-255,1484,206037,63,254983
1519,0.002549,74.125.24.0-255,4320,210357,63,254983
1520,0.002571,74.125.24.0-255,6438,216795,63,254983
1521,0.002635,74.125.24.0-255,4320,221115,63,254983
1522,0.002823,172.31.40.0-255,66,221181,63,254983
1523,0.005232,74.125.24.0-255,5738,226919,63,254983
1524,0.005247,172.31.40.0-255,66,226985,63,254983
1525,0.007917,74.125.24.0-255,4320,231305,63,254983
1526,0.007933,172.31.40.0-255,66,231371,63,254983
1527,0.007964,74.125.24.0-255,1484,232855,63,254983
1528,0.010425,74.125.24.0-255,1484,234339,63,254983
1529,0.010432,172.31.40.0-255,66,234405,63,254983
1530,0.010452,74.125.24.0-255,1484,235889,63,254983
1531,0.01048,74.125.24.0-255,1484,237373,63,254983
1532,0.0105,172.31.40.0-255,66,237439,63,254983
1533,0.012915,74.125.24.0-255,1484,238923,63,254983
1534,0.012949,74.125.24.0-255,2902,241825,63,254983
1535,0.012966,74.125.24.0-255,1484,243309,63,254983
1536,0.014247,172.31.40.0-255,66,243375,63,254983
1537,0.016648,74.125.24.0-255,5738,249113,63,254983
1538,0.016667,172.31.40.0-255,66,249179,63,254983
1539,0.019056,74.125.24.0-255,5738,254917,63,254983
1540,0.019076,172.31.40.0-255,66,254983,63,254983
1541,0.0,172.217.194.0-255,152,152,63,176328
1542,1.8e-05,172.31.40.0-255,66,218,63,176328
1543,2.5e-05,172.217.194.0-255,1484,1702,63,176328
1544,3e-05,172.31.40.0-255,66,1768,63,176328
1545,3.7e-05,172.217.194.0-255,2902,4670,63,176328
1546,4e-05,172.31.40.0-255,66,4736,63,176328
1547,5.4e-05,172.217.194.0-255,5738,10474,63,176328
1548,5.8e-05,172.31.40.0-255,66,10540,63,176328
1549,0.000106,172.31.40.0-255,66,10606,63,176328
1550,0.000113,172.217.194.0-255,6797,17403,63,176328
1551,0.000116,172.31.40.0-255,66,17469,63,176328
1552,0.000153,172.217.194.0-255,1484,18953,63,176328
1553,0.000155,172.31.40.0-255,66,19019,63,176328
1554,0.000159,172.217.194.0-255,1484,20503,63,176328
1555,0.000161,172.31.40.0-255,66,20569,63,176328
1556,0.000186,172.217.194.0-255,1484,22053,63,176328
1557,0.000188,172.31.40.0-255,66,22119,63,176328
1558,0.000199,172.217.194.0-255,5738,27857,63,176328
1559,0.000202,172.31.40.0-255,66,27923,63,176328
1560,0.000209,172.217.194.0-255,6797,34720,63,176328
1561,0.000212,172.31.40.0-255,66,34786,63,176328
1562,0.000255,172.217.194.0-255,1484,36270,63,176328
1563,0.000258,172.31.40.0-255,66,36336,63,176328
1564,0.000262,172.217.194.0-255,2902,39238,63,176328
1565,0.000264,172.31.40.0-255,66,39304,63,176328
1566,0.000269,172.217.194.0-255,2902,42206,63,176328
1567,0.000272,172.31.40.0-255,66,42272,63,176328
1568,0.000305,172.217.194.0-255,2902,45174,63,176328
1569,0.000307,172.31.40.0-255,66,45240,63,176328
1570,0.000318,172.31.40.0-255,66,45306,63,176328
1571,0.000715,172.217.194.0-255,1484,46790,63,176328
1572,0.000721,172.217.194.0-255,2902,49692,63,176328
1573,0.000734,172.31.40.0-255,66,49758,63,176328
1574,0.000742,172.217.194.0-255,5738,55496,63,176328
1575,0.000745,172.31.40.0-255,66,55562,63,176328
1576,0.000754,172.217.194.0-255,4320,59882,63,176328
1577,0.000757,172.31.40.0-255,66,59948,63,176328
1578,0.000816,172.31.40.0-255,66,60014,63,176328
1579,0.000824,172.31.40.0-255,66,60080,63,176328
1580,0.00134,172.217.194.0-255,1484,61564,63,176328
1581,0.001355,172.217.194.0-255,2902,64466,63,176328
1582,0.001358,172.31.40.0-255,66,64532,63,176328
1583,0.001366,172.217.194.0-255,5738,70270,63,176328
1584,0.001368,172.31.40.0-255,66,70336,63,176328
1585,0.001404,172.31.40.0-255,66,70402,63,176328
1586,0.001408,172.217.194.0-255,1484,71886,63,176328
1587,0.001444,172.31.40.0-255,66,71952,63,176328
1588,0.001447,172.217.194.0-255,1484,73436,63,176328
1589,0.001471,172.217.194.0-255,2902,76338,63,176328
1590,0.001474,172.217.194.0-255,2902,79240,63,176328
1591,0.001478,172.31.40.0-255,66,79306,63,176328
1592,0.001485,172.31.40.0-255,66,79372,63,176328
1593,0.001494,172.217.194.0-255,2902,82274,63,176328
1594,0.001496,172.31.40.0-255,66,82340,63,176328
1595,0.001516,172.217.194.0-255,4320,86660,63,176328
1596,0.001518,172.31.40.0-255,66,86726,63,176328
1597,0.001557,172.31.40.0-255,66,86792,63,176328
1598,0.001573,172.217.194.0-255,1484,88276,63,176328
1599,0.001589,172.31.40.0-255,66,88342,63,176328
1600,0.001651,172.217.194.0-255,1484,89826,63,176328
1601,0.001655,172.217.194.0-255,2902,92728,63,176328
1602,0.001658,172.31.40.0-255,66,92794,63,176328
1603,0.001664,172.217.194.0-255,5738,98532,63,176328
1604,0.001667,172.31.40.0-255,66,98598,63,176328
1605,0.001672,172.217.194.0-255,2902,101500,63,176328
1606,0.001674,172.31.40.0-255,66,101566,63,176328
1607,0.001704,172.217.194.0-255,5738,107304,63,176328
1608,0.001713,172.31.40.0-255,66,107370,63,176328
1609,0.001725,172.31.40.0-255,66,107436,63,176328
1610,0.00173,172.217.194.0-255,5020,112456,63,176328
1611,0.001732,172.31.40.0-255,66,112522,63,176328
1612,0.001774,172.217.194.0-255,5738,118260,63,176328
1613,0.001777,172.31.40.0-255,66,118326,63,176328
1614,0.00178,172.217.194.0-255,1484,119810,63,176328
1615,0.0018,172.217.194.0-255,5738,125548,63,176328
1616,0.001803,172.31.40.0-255,66,125614,63,176328
1617,0.001806,172.217.194.0-255,1484,127098,63,176328
1618,0.001846,172.31.40.0-255,66,127164,63,176328
1619,0.001857,172.31.40.0-255,66,127230,63,176328
1620,0.001894,172.31.40.0-255,66,127296,63,176328
1621,0.00194,172.31.40.0-255,66,127362,63,176328
1622,0.001945,172.217.194.0-255,5020,132382,63,176328
1623,0.001948,172.31.40.0-255,66,132448,63,176328
1624,0.001987,172.217.194.0-255,1484,133932,63,176328
1625,0.002004,172.217.194.0-255,2902,136834,63,176328
1626,0.002007,172.31.40.0-255,66,136900,63,176328
1627,0.002014,172.217.194.0-255,5738,142638,63,176328
1628,0.002016,172.31.40.0-255,66,142704,63,176328
1629,0.002034,172.31.40.0-255,66,142770,63,176328
1630,0.002058,172.217.194.0-255,1484,144254,63,176328
1631,0.002065,172.217.194.0-255,7156,151410,63,176328
1632,0.002068,172.31.40.0-255,66,151476,63,176328
1633,0.002094,172.217.194.0-255,3602,155078,63,176328
1634,0.002096,172.31.40.0-255,66,155144,63,176328
1635,0.002103,172.217.194.0-255,1484,156628,63,176328
1636,0.002107,172.217.194.0-255,2902,159530,63,176328
1637,0.00211,172.31.40.0-255,66,159596,63,176328
1638,0.002116,172.217.194.0-255,5738,165334,63,176328
1639,0.002118,172.31.40.0-255,66,165400,63,176328
1640,0.002163,172.31.40.0-255,66,165466,63,176328
1641,0.00217,172.217.194.0-255,5738,171204,63,176328
1642,0.002172,172.31.40.0-255,66,171270,63,176328
1643,0.002206,172.217.194.0-255,4320,175590,63,176328
1644,0.002208,172.31.40.0-255,66,175656,63,176328
1645,0.002261,172.31.40.0-255,66,175722,63,176328
1646,0.002277,172.31.40.0-255,66,175788,63,176328
1647,0.002335,172.31.40.0-255,66,175854,63,176328
1648,0.002374,172.31.40.0-255,66,175920,63,176328
1649,0.00239,172.31.40.0-255,66,175986,63,176328
1650,0.002393,172.217.194.0-255,105,176091,63,176328
1651,0.012136,172.31.40.0-255,66,176157,63,176328
1652,0.012189,172.31.40.0-255,105,176262,63,176328
1653,0.014508,172.217.194.0-255,66,176328,63,176328
1654,0.0,74.125.24.0-255,153,153,63,160604
1655,2.1e-05,172.31.40.0-255,66,219,63,160604
1656,2.9e-05,74.125.24.0-255,1484,1703,63,160604
1657,3.4e-05,172.31.40.0-255,66,1769,63,160604
1658,4e-05,74.125.24.0-255,2902,4671,63,160604
1659,4.2e-05,172.31.40.0-255,66,4737,63,160604
1660,4.6e-05,74.125.24.0-255,1484,6221,63,160604
1661,4.8e-05,172.31.40.0-255,66,6287,63,160604
1662,7.2e-05,74.125.24.0-255,5738,12025,63,160604
1663,7.4e-05,172.31.40.0-255,66,12091,63,160604
1664,7.9e-05,74.125.24.0-255,2056,14147,63,160604
1665,8.1e-05,172.31.40.0-255,66,14213,63,160604
1666,0.000173,74.125.24.0-255,1484,15697,63,160604
1667,0.000176,172.31.40.0-255,66,15763,63,160604
1668,0.000197,74.125.24.0-255,2902,18665,63,160604
1669,0.0002,172.31.40.0-255,66,18731,63,160604
1670,0.000207,74.125.24.0-255,5738,24469,63,160604
1671,0.000209,172.31.40.0-255,66,24535,63,160604
1672,0.000212,74.125.24.0-255,1484,26019,63,160604
1673,0.000214,172.31.40.0-255,66,26085,63,160604
1674,0.000241,74.125.24.0-255,2902,28987,63,160604
1675,0.000244,172.31.40.0-255,66,29053,63,160604
1676,0.000262,74.125.24.0-255,4320,33373,63,160604
1677,0.000265,172.31.40.0-255,66,33439,63,160604
1678,0.000286,172.31.40.0-255,66,33505,63,160604
1679,0.000289,74.125.24.0-255,1484,34989,63,160604
1680,0.000292,172.31.40.0-255,66,35055,63,160604
1681,0.000311,74.125.24.0-255,4320,39375,63,160604
1682,0.000314,172.31.40.0-255,66,39441,63,160604
1683,0.000331,74.125.24.0-255,1484,40925,63,160604
1684,0.000333,172.31.40.0-255,66,40991,63,160604
1685,0.000368,74.125.24.0-255,2902,43893,63,160604
1686,0.000371,172.31.40.0-255,66,43959,63,160604
1687,0.000401,172.31.40.0-255,66,44025,63,160604
1688,0.000424,74.125.24.0-255,5354,49379,63,160604
1689,0.000427,172.31.40.0-255,66,49445,63,160604
1690,0.000676,74.125.24.0-255,109,49554,63,160604
1691,0.000721,74.125.24.0-255,1484,51038,63,160604
1692,0.000725,172.31.40.0-255,66,51104,63,160604
1693,0.00073,74.125.24.0-255,2902,54006,63,160604
1694,0.000732,172.31.40.0-255,66,54072,63,160604
1695,0.000746,74.125.24.0-255,1484,55556,63,160604
1696,0.000763,74.125.24.0-255,5738,61294,63,160604
1697,0.000766,172.31.40.0-255,66,61360,63,160604
1698,0.000786,74.125.24.0-255,1484,62844,63,160604
1699,0.000823,172.31.40.0-255,66,62910,63,160604
1700,0.000836,172.31.40.0-255,66,62976,63,160604
1701,0.00102,74.125.24.0-255,1484,64460,63,160604
1702,0.001038,74.125.24.0-255,2902,67362,63,160604
1703,0.001041,172.31.40.0-255,66,67428,63,160604
1704,0.001066,74.125.24.0-255,5738,73166,63,160604
1705,0.001068,172.31.40.0-255,66,73232,63,160604
1706,0.001075,74.125.24.0-255,5738,78970,63,160604
1707,0.001077,172.31.40.0-255,66,79036,63,160604
1708,0.001091,74.125.24.0-255,1484,80520,63,160604
1709,0.001105,172.31.40.0-255,66,80586,63,160604
1710,0.001124,74.125.24.0-255,2902,83488,63,160604
1711,0.001127,172.31.40.0-255,66,83554,63,160604
1712,0.001131,74.125.24.0-255,2184,85738,63,160604
1713,0.001133,172.31.40.0-255,66,85804,63,160604
1714,0.001562,74.125.24.0-255,1484,87288,63,160604
1715,0.00157,74.125.24.0-255,2902,90190,63,160604
1716,0.001574,172.31.40.0-255,66,90256,63,160604
1717,0.001581,74.125.24.0-255,4320,94576,63,160604
1718,0.001583,172.31.40.0-255,66,94642,63,160604
1719,0.001596,74.125.24.0-255,1484,96126,63,160604
1720,0.001628,74.125.24.0-255,7156,103282,63,160604
1721,0.001632,172.31.40.0-255,66,103348,63,160604
1722,0.001654,74.125.24.0-255,5738,109086,63,160604
1723,0.001657,172.31.40.0-255,66,109152,63,160604
1724,0.001731,74.125.24.0-255,7156,116308,63,160604
1725,0.001758,74.125.24.0-255,4320,120628,63,160604
1726,0.001784,74.125.24.0-255,4320,124948,63,160604
1727,0.00182,74.125.24.0-255,766,125714,63,160604
1728,0.004149,172.31.40.0-255,66,125780,63,160604
1729,0.006546,74.125.24.0-255,5738,131518,63,160604
1730,0.006552,172.31.40.0-255,66,131584,63,160604
1731,0.008917,74.125.24.0-255,5738,137322,63,160604
1732,0.008924,172.31.40.0-255,66,137388,63,160604
1733,0.01133,74.125.24.0-255,5738,143126,63,160604
1734,0.011337,172.31.40.0-255,66,143192,63,160604
1735,0.013724,74.125.24.0-255,5738,148930,63,160604
1736,0.013731,172.31.40.0-255,66,148996,63,160604
1737,0.01615,74.125.24.0-255,5738,154734,63,160604
1738,0.01616,172.31.40.0-255,66,154800,63,160604
1739,0.018535,74.125.24.0-255,5738,160538,63,160604
1740,0.018542,172.31.40.0-255,66,160604,63,160604
1741,0.0,74.125.24.0-255,146,146,63,256278
1742,1.9e-05,172.31.40.0-255,66,212,63,256278
1743,2.7e-05,74.125.24.0-255,1484,1696,63,256278
1744,3.1e-05,172.31.40.0-255,66,1762,63,256278
1745,4.9e-05,74.125.24.0-255,2902,4664,63,256278
1746,5.2e-05,172.31.40.0-255,66,4730,63,256278
1747,5.8e-05,74.125.24.0-255,5738,10468,63,256278
1748,6.2e-05,172.31.40.0-255,66,10534,63,256278
1749,8e-05,74.125.24.0-255,3493,14027,63,256278
1750,8.3e-05,172.31.40.0-255,66,14093,63,256278
1751,0.000374,74.125.24.0-255,1484,15577,63,256278
1752,0.000381,172.31.40.0-255,66,15643,63,256278
1753,0.000387,74.125.24.0-255,2902,18545,63,256278
1754,0.00039,172.31.40.0-255,66,18611,63,256278
1755,0.000396,74.125.24.0-255,4320,22931,63,256278
1756,0.000398,172.31.40.0-255,66,22997,63,256278
1757,0.000421,74.125.24.0-255,1484,24481,63,256278
1758,0.000423,172.31.40.0-255,66,24547,63,256278
1759,0.000438,74.125.24.0-255,2902,27449,63,256278
1760,0.00044,172.31.40.0-255,66,27515,63,256278
1761,0.000466,74.125.24.0-255,3961,31476,63,256278
1762,0.000469,172.31.40.0-255,66,31542,63,256278
1763,0.000498,74.125.24.0-255,1484,33026,63,256278
1764,0.000501,172.31.40.0-255,66,33092,63,256278
1765,0.000507,74.125.24.0-255,2902,35994,63,256278
1766,0.00051,172.31.40.0-255,66,36060,63,256278
1767,0.000514,74.125.24.0-255,2902,38962,63,256278
1768,0.000517,172.31.40.0-255,66,39028,63,256278
1769,0.00053,74.125.24.0-255,2902,41930,63,256278
1770,0.000533,172.31.40.0-255,66,41996,63,256278
1771,0.00055,74.125.24.0-255,6797,48793,63,256278
1772,0.000553,172.31.40.0-255,66,48859,63,256278
1773,0.00057,74.125.24.0-255,2902,51761,63,256278
1774,0.000577,172.31.40.0-255,66,51827,63,256278
1775,0.000597,74.125.24.0-255,2840,54667,63,256278
1776,0.000619,172.31.40.0-255,66,54733,63,256278
1777,0.000653,74.125.24.0-255,132,54865,63,256278
1778,0.000757,74.125.24.0-255,1484,56349,63,256278
1779,0.000761,172.31.40.0-255,66,56415,63,256278
1780,0.000766,74.125.24.0-255,2902,59317,63,256278
1781,0.000804,74.125.24.0-255,5738,65055,63,256278
1782,0.000811,74.125.24.0-255,5738,70793,63,256278
1783,0.000825,172.31.40.0-255,66,70859,63,256278
1784,0.000846,74.125.24.0-255,2902,73761,63,256278
1785,0.000851,172.31.40.0-255,66,73827,63,256278
1786,0.000894,74.125.24.0-255,4320,78147,63,256278
1787,0.000897,172.31.40.0-255,66,78213,63,256278
1788,0.000904,74.125.24.0-255,1405,79618,63,256278
1789,0.000909,172.31.40.0-255,66,79684,63,256278
1790,0.000983,74.125.24.0-255,1484,81168,63,256278
1791,0.000998,74.125.24.0-255,2902,84070,63,256278
1792,0.001007,172.31.40.0-255,66,84136,63,256278
1793,0.001023,74.125.24.0-255,5738,89874,63,256278
1794,0.001039,172.31.40.0-255,66,89940,63,256278
1795,0.001057,74.125.24.0-255,2902,92842,63,256278
1796,0.001064,172.31.40.0-255,66,92908,63,256278
1797,0.001109,74.125.24.0-255,5738,98646,63,256278
1798,0.001118,172.31.40.0-255,66,98712,63,256278
1799,0.001134,74.125.24.0-255,1484,100196,63,256278
1800,0.001162,172.31.40.0-255,66,100262,63,256278
1801,0.001171,74.125.24.0-255,3602,103864,63,256278
1802,0.001192,172.31.40.0-255,66,103930,63,256278
1803,0.001214,74.125.24.0-255,1484,105414,63,256278
1804,0.00122,74.125.24.0-255,2902,108316,63,256278
1805,0.001223,74.125.24.0-255,1484,109800,63,256278
1806,0.001227,172.31.40.0-255,66,109866,63,256278
1807,0.001248,74.125.24.0-255,4320,114186,63,256278
1808,0.001259,172.31.40.0-255,66,114252,63,256278
1809,0.001276,74.125.24.0-255,4320,118572,63,256278
1810,0.001295,172.31.40.0-255,66,118638,63,256278
1811,0.0013,74.125.24.0-255,4320,122958,63,256278
1812,0.001304,172.31.40.0-255,66,123024,63,256278
1813,0.00132,74.125.24.0-255,6438,129462,63,256278
1814,0.001334,172.31.40.0-255,66,129528,63,256278
1815,0.001747,74.125.24.0-255,1484,131012,63,256278
1816,0.001752,74.125.24.0-255,2902,133914,63,256278
1817,0.001754,172.31.40.0-255,66,133980,63,256278
1818,0.001759,74.125.24.0-255,2902,136882,63,256278
1819,0.001774,74.125.24.0-255,2902,139784,63,256278
1820,0.00178,172.31.40.0-255,66,139850,63,256278
1821,0.001799,74.125.24.0-255,7156,147006,63,256278
1822,0.001803,172.31.40.0-255,66,147072,63,256278
1823,0.001819,74.125.24.0-255,5738,152810,63,256278
1824,0.001826,172.31.40.0-255,66,152876,63,256278
1825,0.001852,172.31.40.0-255,66,152942,63,256278
1826,0.001873,74.125.24.0-255,4320,157262,63,256278
1827,0.001878,74.125.24.0-255,5738,163000,63,256278
1828,0.00188,74.125.24.0-255,1484,164484,63,256278
1829,0.001884,172.31.40.0-255,66,164550,63,256278
1830,0.001939,74.125.24.0-255,2902,167452,63,256278
1831,0.00196,172.31.40.0-255,66,167518,63,256278
1832,0.001976,74.125.24.0-255,1484,169002,63,256278
1833,0.002007,74.125.24.0-255,766,169768,63,256278
1834,0.002009,172.31.40.0-255,78,169846,63,256278
1835,0.002023,172.31.40.0-255,78,169924,63,256278
1836,0.002035,74.125.24.0-255,2902,172826,63,256278
1837,0.002041,172.31.40.0-255,66,172892,63,256278
1838,0.002064,74.125.24.0-255,1484,174376,63,256278
1839,0.002085,74.125.24.0-255,2902,177278,63,256278
1840,0.002088,74.125.24.0-255,1484,178762,63,256278
1841,0.002093,172.31.40.0-255,66,178828,63,256278
1842,0.002109,74.125.24.0-255,4320,183148,63,256278
1843,0.002114,74.125.24.0-255,4320,187468,63,256278
1844,0.002129,74.125.24.0-255,1484,188952,63,256278
1845,0.002134,172.31.40.0-255,66,189018,63,256278
1846,0.002172,74.125.24.0-255,5020,194038,63,256278
1847,0.002179,172.31.40.0-255,66,194104,63,256278
1848,0.002224,74.125.24.0-255,1484,195588,63,256278
1849,0.002241,74.125.24.0-255,2902,198490,63,256278
1850,0.002248,172.31.40.0-255,66,198556,63,256278
1851,0.002263,74.125.24.0-255,5738,204294,63,256278
1852,0.002271,172.31.40.0-255,66,204360,63,256278
1853,0.002277,74.125.24.0-255,1484,205844,63,256278
1854,0.002292,74.125.24.0-255,2902,208746,63,256278
1855,0.002307,74.125.24.0-255,4320,213066,63,256278
1856,0.002311,172.31.40.0-255,66,213132,63,256278
1857,0.002324,74.125.24.0-255,1484,214616,63,256278
1858,0.002329,74.125.24.0-255,4320,218936,63,256278
1859,0.002345,172.31.40.0-255,66,219002,63,256278
1860,0.002383,74.125.24.0-255,5738,224740,63,256278
1861,0.002389,172.31.40.0-255,66,224806,63,256278
1862,0.00241,74.125.24.0-255,3602,228408,63,256278
1863,0.002412,74.125.24.0-255,1484,229892,63,256278
1864,0.002416,74.125.24.0-255,2902,232794,63,256278
1865,0.002429,74.125.24.0-255,4320,237114,63,256278
1866,0.002433,172.31.40.0-255,66,237180,63,256278
1867,0.00244,74.125.24.0-255,1484,238664,63,256278
1868,0.002446,74.125.24.0-255,7156,245820,63,256278
1869,0.002463,172.31.40.0-255,66,245886,63,256278
1870,0.002476,74.125.24.0-255,2902,248788,63,256278
1871,0.002482,172.31.40.0-255,66,248854,63,256278
1872,0.002505,74.125.24.0-255,6915,255769,63,256278
1873,0.002508,74.125.24.0-255,105,255874,63,256278
1874,0.002521,172.31.40.0-255,66,255940,63,256278
1875,0.002863,172.31.40.0-255,101,256041,63,256278
1876,0.003984,172.31.40.0-255,105,256146,63,256278
1877,0.004811,74.125.24.0-255,66,256212,63,256278
1878,0.005933,74.125.24.0-255,66,256278,63,256278
1879,0.0,74.125.24.0-255,297,297,63,138232
1880,1.5e-05,172.31.40.0-255,66,363,63,138232
1881,2.1e-05,74.125.24.0-255,1484,1847,63,138232
1882,2.6e-05,172.31.40.0-255,66,1913,63,138232
1883,3.3e-05,74.125.24.0-255,4320,6233,63,138232
1884,4.3e-05,172.31.40.0-255,66,6299,63,138232
1885,5.6e-05,172.31.40.0-255,66,6365,63,138232
1886,6.7e-05,172.31.40.0-255,66,6431,63,138232
1887,0.000109,74.125.24.0-255,1484,7915,63,138232
1888,0.000112,172.31.40.0-255,66,7981,63,138232
1889,0.000119,74.125.24.0-255,5379,13360,63,138232
1890,0.000122,172.31.40.0-255,66,13426,63,138232
1891,0.00016,74.125.24.0-255,1484,14910,63,138232
1892,0.000162,172.31.40.0-255,66,14976,63,138232
1893,0.000167,74.125.24.0-255,2902,17878,63,138232
1894,0.00017,172.31.40.0-255,66,17944,63,138232
1895,0.000199,74.125.24.0-255,5738,23682,63,138232
1896,0.000201,172.31.40.0-255,66,23748,63,138232
1897,0.000204,74.125.24.0-255,1484,25232,63,138232
1898,0.000206,172.31.40.0-255,66,25298,63,138232
1899,0.000241,172.31.40.0-255,66,25364,63,138232
1900,0.000271,74.125.24.0-255,2902,28266,63,138232
1901,0.000272,172.31.40.0-255,66,28332,63,138232
1902,0.000309,172.31.40.0-255,66,28398,63,138232
1903,0.000311,74.125.24.0-255,423,28821,63,138232
1904,0.000313,172.31.40.0-255,66,28887,63,138232
1905,0.000352,74.125.24.0-255,1484,30371,63,138232
1906,0.000354,172.31.40.0-255,66,30437,63,138232
1907,0.000358,74.125.24.0-255,2902,33339,63,138232
1908,0.000361,172.31.40.0-255,66,33405,63,138232
1909,0.000416,74.125.24.0-255,5738,39143,63,138232
1910,0.000419,172.31.40.0-255,66,39209,63,138232
1911,0.000423,74.125.24.0-255,2902,42111,63,138232
1912,0.000425,172.31.40.0-255,66,42177,63,138232
1913,0.000445,74.125.24.0-255,1484,43661,63,138232
1914,0.000466,74.125.24.0-255,2248,45909,63,138232
1915,0.000468,172.31.40.0-255,66,45975,63,138232
1916,0.001458,74.125.24.0-255,1484,47459,63,138232
1917,0.001466,74.125.24.0-255,1484,48943,63,138232
1918,0.001472,172.31.40.0-255,66,49009,63,138232
1919,0.001508,74.125.24.0-255,1484,50493,63,138232
1920,0.001515,74.125.24.0-255,5738,56231,63,138232
1921,0.001518,172.31.40.0-255,66,56297,63,138232
1922,0.001524,74.125.24.0-255,4320,60617,63,138232
1923,0.001526,172.31.40.0-255,66,60683,63,138232
1924,0.001548,74.125.24.0-255,2543,63226,63,138232
1925,0.00155,172.31.40.0-255,66,63292,63,138232
1926,0.001622,74.125.24.0-255,1484,64776,63,138232
1927,0.001628,74.125.24.0-255,2902,67678,63,138232
1928,0.00163,172.31.40.0-255,66,67744,63,138232
1929,0.001634,74.125.24.0-255,1484,69228,63,138232
1930,0.001658,74.125.24.0-255,4320,73548,63,138232
1931,0.00166,172.31.40.0-255,66,73614,63,138232
1932,0.001673,172.31.40.0-255,66,73680,63,138232
1933,0.001694,74.125.24.0-255,2902,76582,63,138232
1934,0.0017,172.31.40.0-255,66,76648,63,138232
1935,0.001712,172.31.40.0-255,66,76714,63,138232
1936,0.001746,74.125.24.0-255,766,77480,63,138232
1937,0.001759,172.31.40.0-255,66,77546,63,138232
1938,0.001773,172.31.40.0-255,66,77612,63,138232
1939,0.001808,172.31.40.0-255,66,77678,63,138232
1940,0.001968,74.125.24.0-255,1484,79162,63,138232
1941,0.001975,74.125.24.0-255,2902,82064,63,138232
1942,0.00198,172.31.40.0-255,66,82130,63,138232
1943,0.001985,74.125.24.0-255,2902,85032,63,138232
1944,0.001987,172.31.40.0-255,66,85098,63,138232
1945,0.00202,74.125.24.0-255,2902,88000,63,138232
1946,0.002023,172.31.40.0-255,66,88066,63,138232
1947,0.00203,74.125.24.0-255,7156,95222,63,138232
1948,0.002033,172.31.40.0-255,66,95288,63,138232
1949,0.002084,172.31.40.0-255,66,95354,63,138232
1950,0.002087,74.125.24.0-255,2184,97538,63,138232
1951,0.002089,172.31.40.0-255,66,97604,63,138232
1952,0.004523,74.125.24.0-255,5738,103342,63,138232
1953,0.004531,172.31.40.0-255,66,103408,63,138232
1954,0.006978,74.125.24.0-255,5738,109146,63,138232
1955,0.006985,172.31.40.0-255,66,109212,63,138232
1956,0.009434,74.125.24.0-255,5738,114950,63,138232
1957,0.009438,172.31.40.0-255,66,115016,63,138232
1958,0.011923,74.125.24.0-255,5738,120754,63,138232
1959,0.011932,172.31.40.0-255,66,120820,63,138232
1960,0.014427,74.125.24.0-255,5738,126558,63,138232
1961,0.014437,172.31.40.0-255,66,126624,63,138232
1962,0.016926,74.125.24.0-255,5738,132362,63,138232
1963,0.016937,172.31.40.0-255,66,132428,63,138232
1964,0.019439,74.125.24.0-255,5738,138166,63,138232
1965,0.019449,172.31.40.0-255,66,138232,63,138232
1966,0.0,74.125.24.0-255,156,156,63,221010
1967,2.1e-05,172.31.40.0-255,66,222,63,221010
1968,2.8e-05,74.125.24.0-255,1484,1706,63,221010
1969,3.2e-05,172.31.40.0-255,66,1772,63,221010
1970,3.8e-05,74.125.24.0-255,2902,4674,63,221010
1971,4.2e-05,172.31.40.0-255,66,4740,63,221010
1972,4.8e-05,74.125.24.0-255,5738,10478,63,221010
1973,5.2e-05,172.31.40.0-255,66,10544,63,221010
1974,8.3e-05,74.125.24.0-255,3544,14088,63,221010
1975,8.6e-05,172.31.40.0-255,66,14154,63,221010
1976,0.000153,74.125.24.0-255,1484,15638,63,221010
1977,0.000156,172.31.40.0-255,66,15704,63,221010
1978,0.000161,74.125.24.0-255,2902,18606,63,221010
1979,0.000164,172.31.40.0-255,66,18672,63,221010
1980,0.00017,74.125.24.0-255,5738,24410,63,221010
1981,0.000173,172.31.40.0-255,66,24476,63,221010
1982,0.000178,74.125.24.0-255,4320,28796,63,221010
1983,0.00018,172.31.40.0-255,66,28862,63,221010
1984,0.000221,74.125.24.0-255,2543,31405,63,221010
1985,0.000225,172.31.40.0-255,66,31471,63,221010
1986,0.000476,74.125.24.0-255,1484,32955,63,221010
1987,0.000482,172.31.40.0-255,66,33021,63,221010
1988,0.00049,74.125.24.0-255,2902,35923,63,221010
1989,0.000492,172.31.40.0-255,66,35989,63,221010
1990,0.000499,74.125.24.0-255,5738,41727,63,221010
1991,0.000502,172.31.40.0-255,66,41793,63,221010
1992,0.000534,74.125.24.0-255,5738,47531,63,221010
1993,0.000538,172.31.40.0-255,66,47597,63,221010
1994,0.00056,74.125.24.0-255,1125,48722,63,221010
1995,0.000567,74.125.24.0-255,7156,55878,63,221010
1996,0.000571,172.31.40.0-255,66,55944,63,221010
1997,0.000574,172.31.40.0-255,66,56010,63,221010
1998,0.000601,74.125.24.0-255,7156,63166,63,221010
1999,0.000604,172.31.40.0-255,66,63232,63,221010
2000,0.000638,74.125.24.0-255,2543,65775,63,221010
2001,0.000641,172.31.40.0-255,66,65841,63,221010
2002,0.000718,74.125.24.0-255,647,66488,63,221010
2003,0.000951,74.125.24.0-255,1484,67972,63,221010
2004,0.000955,172.31.40.0-255,66,68038,63,221010
2005,0.00096,74.125.24.0-255,2902,70940,63,221010
2006,0.000963,172.31.40.0-255,66,71006,63,221010
2007,0.000992,74.125.24.0-255,5738,76744,63,221010
2008,0.000995,172.31.40.0-255,66,76810,63,221010
2009,0.001002,74.125.24.0-255,7156,83966,63,221010
2010,0.001004,172.31.40.0-255,66,84032,63,221010
2011,0.001059,172.31.40.0-255,66,84098,63,221010
2012,0.001094,74.125.24.0-255,5020,89118,63,221010
2013,0.001097,172.31.40.0-255,66,89184,63,221010
2014,0.001296,74.125.24.0-255,1484,90668,63,221010
2015,0.001333,74.125.24.0-255,2902,93570,63,221010
2016,0.001337,172.31.40.0-255,66,93636,63,221010
2017,0.001343,74.125.24.0-255,4320,97956,63,221010
2018,0.001346,172.31.40.0-255,66,98022,63,221010
2019,0.001361,74.125.24.0-255,4320,102342,63,221010
2020,0.001363,172.31.40.0-255,66,102408,63,221010
2021,0.001386,74.125.24.0-255,4320,106728,63,221010
2022,0.001389,172.31.40.0-255,66,106794,63,221010
2023,0.001419,172.31.40.0-255,66,106860,63,221010
2024,0.001433,172.31.40.0-255,66,106926,63,221010
2025,0.001436,74.125.24.0-255,1484,108410,63,221010
2026,0.001463,74.125.24.0-255,7156,115566,63,221010
2027,0.001466,172.31.40.0-255,66,115632,63,221010
2028,0.001499,74.125.24.0-255,7156,122788,63,221010
2029,0.001502,172.31.40.0-255,66,122854,63,221010
2030,0.001537,172.31.40.0-255,66,122920,63,221010
2031,0.001541,74.125.24.0-255,766,123686,63,221010
2032,0.001616,74.125.24.0-255,1484,125170,63,221010
2033,0.001619,172.31.40.0-255,66,125236,63,221010
2034,0.001625,74.125.24.0-255,2902,128138,63,221010
2035,0.001627,172.31.40.0-255,66,128204,63,221010
2036,0.001648,74.125.24.0-255,5738,133942,63,221010
2037,0.001651,172.31.40.0-255,66,134008,63,221010
2038,0.001687,74.125.24.0-255,2902,136910,63,221010
2039,0.001692,172.31.40.0-255,66,136976,63,221010
2040,0.001701,74.125.24.0-255,4320,141296,63,221010
2041,0.001703,172.31.40.0-255,66,141362,63,221010
2042,0.001709,74.125.24.0-255,5738,147100,63,221010
2043,0.001712,172.31.40.0-255,66,147166,63,221010
2044,0.00175,74.125.24.0-255,5738,152904,63,221010
2045,0.001753,172.31.40.0-255,66,152970,63,221010
2046,0.001775,74.125.24.0-255,5020,157990,63,221010
2047,0.001778,172.31.40.0-255,66,158056,63,221010
2048,0.002369,74.125.24.0-255,1484,159540,63,221010
2049,0.002376,74.125.24.0-255,2902,162442,63,221010
2050,0.002379,172.31.40.0-255,66,162508,63,221010
2051,0.002383,74.125.24.0-255,1484,163992,63,221010
2052,0.002404,74.125.24.0-255,4320,168312,63,221010
2053,0.002407,172.31.40.0-255,66,168378,63,221010
2054,0.00242,172.31.40.0-255,66,168444,63,221010
2055,0.002423,74.125.24.0-255,1484,169928,63,221010
2056,0.002465,74.125.24.0-255,5738,175666,63,221010
2057,0.002469,172.31.40.0-255,66,175732,63,221010
2058,0.002494,172.31.40.0-255,66,175798,63,221010
2059,0.002516,172.31.40.0-255,66,175864,63,221010
2060,0.002527,172.31.40.0-255,66,175930,63,221010
2061,0.002558,74.125.24.0-255,5738,181668,63,221010
2062,0.00256,172.31.40.0-255,66,181734,63,221010
2063,0.002579,74.125.24.0-255,4320,186054,63,221010
2064,0.002581,172.31.40.0-255,66,186120,63,221010
2065,0.002584,74.125.24.0-255,1484,187604,63,221010
2066,0.00515,74.125.24.0-255,4320,191924,63,221010
2067,0.005159,172.31.40.0-255,66,191990,63,221010
2068,0.007683,74.125.24.0-255,5738,197728,63,221010
2069,0.007692,172.31.40.0-255,66,197794,63,221010
2070,0.010212,74.125.24.0-255,5738,203532,63,221010
2071,0.010232,172.31.40.0-255,66,203598,63,221010
2072,0.012807,74.125.24.0-255,5738,209336,63,221010
2073,0.012825,172.31.40.0-255,66,209402,63,221010
2074,0.015374,74.125.24.0-255,5738,215140,63,221010
2075,0.015388,172.31.40.0-255,66,215206,63,221010
2076,0.017917,74.125.24.0-255,5738,220944,63,221010
2077,0.017933,172.31.40.0-255,66,221010,63,221010
2078,0.0,172.217.194.0-255,146,146,63,147854
2079,2.2e-05,172.31.40.0-255,66,212,63,147854
2080,2.9e-05,172.217.194.0-255,1484,1696,63,147854
2081,3.4e-05,172.31.40.0-255,66,1762,63,147854
2082,4e-05,172.217.194.0-255,2902,4664,63,147854
2083,4.4e-05,172.31.40.0-255,66,4730,63,147854
2084,5.2e-05,172.217.194.0-255,7156,11886,63,147854
2085,5.5e-05,172.31.40.0-255,66,11952,63,147854
2086,5.9e-05,172.217.194.0-255,2039,13991,63,147854
2087,6.2e-05,172.31.40.0-255,66,14057,63,147854
2088,0.000295,172.217.194.0-255,1484,15541,63,147854
2089,0.0003,172.31.40.0-255,66,15607,63,147854
2090,0.000307,172.217.194.0-255,2902,18509,63,147854
2091,0.00031,172.31.40.0-255,66,18575,63,147854
2092,0.000328,172.217.194.0-255,4320,22895,63,147854
2093,0.000331,172.31.40.0-255,66,22961,63,147854
2094,0.000353,172.217.194.0-255,1484,24445,63,147854
2095,0.000356,172.31.40.0-255,66,24511,63,147854
2096,0.000364,172.217.194.0-255,6797,31308,63,147854
2097,0.000367,172.31.40.0-255,66,31374,63,147854
2098,0.000516,172.217.194.0-255,1484,32858,63,147854
2099,0.00052,172.31.40.0-255,66,32924,63,147854
2100,0.000525,172.217.194.0-255,1484,34408,63,147854
2101,0.000527,172.31.40.0-255,66,34474,63,147854
2102,0.000547,172.217.194.0-255,1484,35958,63,147854
2103,0.00055,172.31.40.0-255,66,36024,63,147854
2104,0.000556,172.217.194.0-255,4320,40344,63,147854
2105,0.000559,172.31.40.0-255,66,40410,63,147854
2106,0.000576,172.217.194.0-255,1484,41894,63,147854
2107,0.000579,172.31.40.0-255,66,41960,63,147854
2108,0.000602,172.217.194.0-255,4320,46280,63,147854
2109,0.000605,172.31.40.0-255,66,46346,63,147854
2110,0.000625,172.217.194.0-255,2543,48889,63,147854
2111,0.000628,172.31.40.0-255,66,48955,63,147854
2112,0.000652,172.217.194.0-255,4320,53275,63,147854
2113,0.000655,172.31.40.0-255,66,53341,63,147854
2114,0.000667,172.217.194.0-255,2902,56243,63,147854
2115,0.000673,172.217.194.0-255,5738,61981,63,147854
2116,0.000682,172.31.40.0-255,66,62047,63,147854
2117,0.000686,172.31.40.0-255,66,62113,63,147854
2118,0.000691,172.217.194.0-255,2902,65015,63,147854
2119,0.000692,172.31.40.0-255,66,65081,63,147854
2120,0.000695,172.217.194.0-255,1438,66519,63,147854
2121,0.000899,172.217.194.0-255,364,66883,63,147854
2122,0.000905,172.31.40.0-255,66,66949,63,147854
2123,0.000986,172.217.194.0-255,1484,68433,63,147854
2124,0.001012,172.217.194.0-255,2902,71335,63,147854
2125,0.001015,172.31.40.0-255,66,71401,63,147854
2126,0.001022,172.217.194.0-255,5738,77139,63,147854
2127,0.001025,172.31.40.0-255,66,77205,63,147854
2128,0.00105,172.217.194.0-255,1484,78689,63,147854
2129,0.001086,172.31.40.0-255,66,78755,63,147854
2130,0.001131,172.31.40.0-255,66,78821,63,147854
2131,0.001149,172.217.194.0-255,2543,81364,63,147854
2132,0.001151,172.31.40.0-255,66,81430,63,147854
2133,0.002568,172.217.194.0-255,1484,82914,63,147854
2134,0.002578,172.217.194.0-255,2902,85816,63,147854
2135,0.002582,172.31.40.0-255,66,85882,63,147854
2136,0.002588,172.217.194.0-255,2902,88784,63,147854
2137,0.00259,172.31.40.0-255,66,88850,63,147854
2138,0.002607,172.217.194.0-255,2902,91752,63,147854
2139,0.002609,172.31.40.0-255,66,91818,63,147854
2140,0.002614,172.217.194.0-255,5738,97556,63,147854
2141,0.002616,172.31.40.0-255,66,97622,63,147854
2142,0.002633,172.217.194.0-255,7156,104778,63,147854
2143,0.002634,172.31.40.0-255,66,104844,63,147854
2144,0.002639,172.217.194.0-255,4320,109164,63,147854
2145,0.002641,172.31.40.0-255,66,109230,63,147854
2146,0.00267,172.217.194.0-255,6438,115668,63,147854
2147,0.002672,172.31.40.0-255,66,115734,63,147854
2148,0.005368,172.217.194.0-255,4320,120054,63,147854
2149,0.005372,172.31.40.0-255,66,120120,63,147854
2150,0.005385,172.217.194.0-255,1484,121604,63,147854
2151,0.008103,172.217.194.0-255,4320,125924,63,147854
2152,0.00811,172.31.40.0-255,66,125990,63,147854
2153,0.010778,172.217.194.0-255,5738,131728,63,147854
2154,0.010788,172.31.40.0-255,66,131794,63,147854
2155,0.013462,172.217.194.0-255,5738,137532,63,147854
2156,0.013474,172.31.40.0-255,66,137598,63,147854
2157,0.01615,172.217.194.0-255,4320,141918,63,147854
2158,0.01616,172.31.40.0-255,66,141984,63,147854
2159,0.016179,172.217.194.0-255,1484,143468,63,147854
2160,0.018878,172.217.194.0-255,4320,147788,63,147854
2161,0.018886,172.31.40.0-255,66,147854,63,147854
2162,0.0,172.217.194.0-255,152,152,63,150525
2163,1.6e-05,172.31.40.0-255,66,218,63,150525
2164,2.3e-05,172.217.194.0-255,1484,1702,63,150525
2165,2.7e-05,172.31.40.0-255,66,1768,63,150525
2166,3.2e-05,172.217.194.0-255,2902,4670,63,150525
2167,4.2e-05,172.31.40.0-255,66,4736,63,150525
2168,4.9e-05,172.217.194.0-255,7156,11892,63,150525
2169,5.1e-05,172.31.40.0-255,66,11958,63,150525
2170,9e-05,172.217.194.0-255,2072,14030,63,150525
2171,9.3e-05,172.31.40.0-255,66,14096,63,150525
2172,0.00012,172.217.194.0-255,2902,16998,63,150525
2173,0.000122,172.31.40.0-255,66,17064,63,150525
2174,0.000145,172.217.194.0-255,5738,22802,63,150525
2175,0.000148,172.31.40.0-255,66,22868,63,150525
2176,0.000173,172.217.194.0-255,2902,25770,63,150525
2177,0.000175,172.31.40.0-255,66,25836,63,150525
2178,0.000195,172.217.194.0-255,5379,31215,63,150525
2179,0.000197,172.31.40.0-255,66,31281,63,150525
2180,0.000235,172.217.194.0-255,1484,32765,63,150525
2181,0.000237,172.31.40.0-255,66,32831,63,150525
2182,0.00024,172.217.194.0-255,1484,34315,63,150525
2183,0.000241,172.31.40.0-255,66,34381,63,150525
2184,0.000264,172.217.194.0-255,1484,35865,63,150525
2185,0.000267,172.31.40.0-255,66,35931,63,150525
2186,0.000273,172.217.194.0-255,5738,41669,63,150525
2187,0.000274,172.31.40.0-255,66,41735,63,150525
2188,0.000284,172.217.194.0-255,6797,48532,63,150525
2189,0.000286,172.31.40.0-255,66,48598,63,150525
2190,0.000334,172.31.40.0-255,66,48664,63,150525
2191,0.000338,172.217.194.0-255,2543,51207,63,150525
2192,0.000339,172.31.40.0-255,66,51273,63,150525
2193,0.000355,172.217.194.0-255,677,51950,63,150525
2194,0.000708,172.217.194.0-255,1484,53434,63,150525
2195,0.000713,172.31.40.0-255,66,53500,63,150525
2196,0.00072,172.217.194.0-255,2902,56402,63,150525
2197,0.000723,172.31.40.0-255,66,56468,63,150525
2198,0.000734,172.217.194.0-255,5738,62206,63,150525
2199,0.000737,172.31.40.0-255,66,62272,63,150525
2200,0.000775,172.31.40.0-255,66,62338,63,150525
2201,0.000783,172.217.194.0-255,7156,69494,63,150525
2202,0.000785,172.31.40.0-255,66,69560,63,150525
2203,0.000813,172.217.194.0-255,3602,73162,63,150525
2204,0.000816,172.31.40.0-255,66,73228,63,150525
2205,0.00113,172.217.194.0-255,1484,74712,63,150525
2206,0.001136,172.217.194.0-255,2902,77614,63,150525
2207,0.001146,172.31.40.0-255,66,77680,63,150525
2208,0.001199,172.217.194.0-255,4320,82000,63,150525
2209,0.001203,172.31.40.0-255,66,82066,63,150525
2210,0.001228,172.217.194.0-255,1484,83550,63,150525
2211,0.001243,172.31.40.0-255,66,83616,63,150525
2212,0.001255,172.31.40.0-255,66,83682,63,150525
2213,0.001296,172.217.194.0-255,1484,85166,63,150525
2214,0.001308,172.217.194.0-255,2902,88068,63,150525
2215,0.001311,172.31.40.0-255,66,88134,63,150525
2216,0.001316,172.217.194.0-255,2902,91036,63,150525
2217,0.001318,172.31.40.0-255,66,91102,63,150525
2218,0.001347,172.217.194.0-255,2902,94004,63,150525
2219,0.001354,172.31.40.0-255,66,94070,63,150525
2220,0.001359,172.217.194.0-255,4320,98390,63,150525
2221,0.001362,172.31.40.0-255,66,98456,63,150525
2222,0.001375,172.31.40.0-255,66,98522,63,150525
2223,0.001414,172.31.40.0-255,66,98588,63,150525
2224,0.001893,172.217.194.0-255,1484,100072,63,150525
2225,0.001907,172.217.194.0-255,2902,102974,63,150525
2226,0.001912,172.31.40.0-255,66,103040,63,150525
2227,0.001918,172.217.194.0-255,5738,108778,63,150525
2228,0.00192,172.31.40.0-255,66,108844,63,150525
2229,0.001961,172.31.40.0-255,66,108910,63,150525
2230,0.001972,172.31.40.0-255,66,108976,63,150525
2231,0.00198,172.217.194.0-255,766,109742,63,150525
2232,0.002072,172.217.194.0-255,1484,111226,63,150525
2233,0.002076,172.31.40.0-255,66,111292,63,150525
2234,0.002082,172.217.194.0-255,2902,114194,63,150525
2235,0.002083,172.31.40.0-255,66,114260,63,150525
2236,0.002088,172.217.194.0-255,2902,117162,63,150525
2237,0.002095,172.31.40.0-255,66,117228,63,150525
2238,0.002133,172.217.194.0-255,2902,120130,63,150525
2239,0.002136,172.31.40.0-255,66,120196,63,150525
2240,0.002144,172.217.194.0-255,7156,127352,63,150525
2241,0.002146,172.31.40.0-255,66,127418,63,150525
2242,0.002165,172.31.40.0-255,66,127484,63,150525
2243,0.002169,172.217.194.0-255,2184,129668,63,150525
2244,0.002171,172.31.40.0-255,66,129734,63,150525
2245,0.002176,172.217.194.0-255,2902,132636,63,150525
2246,0.002178,172.31.40.0-255,66,132702,63,150525
2247,0.002185,172.217.194.0-255,7156,139858,63,150525
2248,0.002188,172.31.40.0-255,66,139924,63,150525
2249,0.002244,172.31.40.0-255,66,139990,63,150525
2250,0.002255,172.31.40.0-255,66,140056,63,150525
2251,0.002266,172.217.194.0-255,7156,147212,63,150525
2252,0.002268,172.31.40.0-255,66,147278,63,150525
2253,0.002315,172.31.40.0-255,66,147344,63,150525
2254,0.002326,172.31.40.0-255,66,147410,63,150525
2255,0.002329,172.217.194.0-255,1484,148894,63,150525
2256,0.002331,172.31.40.0-255,78,148972,63,150525
2257,0.002421,172.31.40.0-255,66,149038,63,150525
2258,0.002432,172.31.40.0-255,66,149104,63,150525
2259,0.002445,172.31.40.0-255,66,149170,63,150525
2260,0.002458,172.31.40.0-255,66,149236,63,150525
2261,0.002471,172.31.40.0-255,66,149302,63,150525
2262,0.002481,172.31.40.0-255,66,149368,63,150525
2263,0.002496,172.31.40.0-255,66,149434,63,150525
2264,0.002498,172.217.194.0-255,749,150183,63,150525
2265,0.002525,172.217.194.0-255,105,150288,63,150525
2266,0.008659,172.31.40.0-255,66,150354,63,150525
2267,0.008698,172.31.40.0-255,105,150459,63,150525
2268,0.010987,172.217.194.0-255,66,150525,63,150525
2269,0.0,74.125.24.0-255,150,150,63,218574
2270,1.6e-05,172.31.40.0-255,66,216,63,218574
2271,2.2e-05,74.125.24.0-255,1484,1700,63,218574
2272,2.6e-05,172.31.40.0-255,66,1766,63,218574
2273,3.2e-05,74.125.24.0-255,2902,4668,63,218574
2274,3.5e-05,172.31.40.0-255,66,4734,63,218574
2275,6.9e-05,74.125.24.0-255,7156,11890,63,218574
2276,7.2e-05,172.31.40.0-255,66,11956,63,218574
2277,7.6e-05,74.125.24.0-255,2101,14057,63,218574
2278,7.8e-05,172.31.40.0-255,66,14123,63,218574
2279,0.000109,74.125.24.0-255,1484,15607,63,218574
2280,0.000111,172.31.40.0-255,66,15673,63,218574
2281,0.000123,74.125.24.0-255,1484,17157,63,218574
2282,0.000126,172.31.40.0-255,66,17223,63,218574
2283,0.000143,74.125.24.0-255,1484,18707,63,218574
2284,0.000145,172.31.40.0-255,66,18773,63,218574
2285,0.000153,74.125.24.0-255,5738,24511,63,218574
2286,0.000155,172.31.40.0-255,66,24577,63,218574
2287,0.000158,74.125.24.0-255,1484,26061,63,218574
2288,0.000159,172.31.40.0-255,66,26127,63,218574
2289,0.000188,74.125.24.0-255,5379,31506,63,218574
2290,0.000192,172.31.40.0-255,66,31572,63,218574
2291,0.0003,74.125.24.0-255,1484,33056,63,218574
2292,0.000305,172.31.40.0-255,66,33122,63,218574
2293,0.00031,74.125.24.0-255,2902,36024,63,218574
2294,0.000313,172.31.40.0-255,66,36090,63,218574
2295,0.000316,74.125.24.0-255,1484,37574,63,218574
2296,0.000318,172.31.40.0-255,66,37640,63,218574
2297,0.000338,74.125.24.0-255,4320,41960,63,218574
2298,0.000341,172.31.40.0-255,66,42026,63,218574
2299,0.000357,74.125.24.0-255,1484,43510,63,218574
2300,0.000359,172.31.40.0-255,66,43576,63,218574
2301,0.000391,74.125.24.0-255,7156,50732,63,218574
2302,0.000394,172.31.40.0-255,66,50798,63,218574
2303,0.000421,74.125.24.0-255,6797,57595,63,218574
2304,0.000423,172.31.40.0-255,66,57661,63,218574
2305,0.000434,172.31.40.0-255,66,57727,63,218574
2306,0.000437,74.125.24.0-255,125,57852,63,218574
2307,0.000561,74.125.24.0-255,1484,59336,63,218574
2308,0.000566,172.31.40.0-255,66,59402,63,218574
2309,0.000571,74.125.24.0-255,2902,62304,63,218574
2310,0.000574,172.31.40.0-255,66,62370,63,218574
2311,0.00058,74.125.24.0-255,5738,68108,63,218574
2312,0.000583,172.31.40.0-255,66,68174,63,218574
2313,0.000616,172.31.40.0-255,66,68240,63,218574
2314,0.000663,172.31.40.0-255,66,68306,63,218574
2315,0.00087,74.125.24.0-255,1484,69790,63,218574
2316,0.000885,74.125.24.0-255,2902,72692,63,218574
2317,0.000889,172.31.40.0-255,66,72758,63,218574
2318,0.000896,74.125.24.0-255,5738,78496,63,218574
2319,0.000898,172.31.40.0-255,66,78562,63,218574
2320,0.000931,172.31.40.0-255,66,78628,63,218574
2321,0.000944,74.125.24.0-255,4320,82948,63,218574
2322,0.000946,172.31.40.0-255,66,83014,63,218574
2323,0.00095,74.125.24.0-255,1484,84498,63,218574
2324,0.000973,74.125.24.0-255,4320,88818,63,218574
2325,0.000977,172.31.40.0-255,66,88884,63,218574
2326,0.000996,74.125.24.0-255,4320,93204,63,218574
2327,0.001,172.31.40.0-255,66,93270,63,218574
2328,0.001002,74.125.24.0-255,766,94036,63,218574
2329,0.001037,74.125.24.0-255,1484,95520,63,218574
2330,0.001041,172.31.40.0-255,66,95586,63,218574
2331,0.001044,74.125.24.0-255,1484,97070,63,218574
2332,0.001058,74.125.24.0-255,1484,98554,63,218574
2333,0.00106,172.31.40.0-255,66,98620,63,218574
2334,0.001067,74.125.24.0-255,5738,104358,63,218574
2335,0.001069,172.31.40.0-255,66,104424,63,218574
2336,0.001084,74.125.24.0-255,1484,105908,63,218574
2337,0.001108,172.31.40.0-255,66,105974,63,218574
2338,0.001151,74.125.24.0-255,4320,110294,63,218574
2339,0.001155,172.31.40.0-255,66,110360,63,218574
2340,0.001175,74.125.24.0-255,6438,116798,63,218574
2341,0.001178,172.31.40.0-255,66,116864,63,218574
2342,0.001656,74.125.24.0-255,1484,118348,63,218574
2343,0.001664,74.125.24.0-255,2902,121250,63,218574
2344,0.001668,172.31.40.0-255,66,121316,63,218574
2345,0.001675,74.125.24.0-255,5738,127054,63,218574
2346,0.001677,172.31.40.0-255,66,127120,63,218574
2347,0.001692,74.125.24.0-255,1484,128604,63,218574
2348,0.001714,172.31.40.0-255,66,128670,63,218574
2349,0.001736,74.125.24.0-255,1484,130154,63,218574
2350,0.001743,74.125.24.0-255,7156,137310,63,218574
2351,0.001747,172.31.40.0-255,66,137376,63,218574
2352,0.00178,172.31.40.0-255,66,137442,63,218574
2353,0.001784,74.125.24.0-255,2902,140344,63,218574
2354,0.001786,172.31.40.0-255,66,140410,63,218574
2355,0.001814,172.31.40.0-255,66,140476,63,218574
2356,0.001821,74.125.24.0-255,6438,146914,63,218574
2357,0.001823,172.31.40.0-255,66,146980,63,218574
2358,0.001875,74.125.24.0-255,1484,148464,63,218574
2359,0.001893,74.125.24.0-255,2902,151366,63,218574
2360,0.001896,172.31.40.0-255,66,151432,63,218574
2361,0.00192,74.125.24.0-255,5738,157170,63,218574
2362,0.001923,172.31.40.0-255,66,157236,63,218574
2363,0.00195,74.125.24.0-255,7156,164392,63,218574
2364,0.001952,172.31.40.0-255,66,164458,63,218574
2365,0.001977,74.125.24.0-255,5738,170196,63,218574
2366,0.00198,172.31.40.0-255,66,170262,63,218574
2367,0.001992,172.31.40.0-255,66,170328,63,218574
2368,0.002017,74.125.24.0-255,4320,174648,63,218574
2369,0.002021,172.31.40.0-255,66,174714,63,218574
2370,0.002027,74.125.24.0-255,5738,180452,63,218574
2371,0.002029,172.31.40.0-255,66,180518,63,218574
2372,0.002114,172.31.40.0-255,66,180584,63,218574
2373,0.002128,172.31.40.0-255,66,180650,63,218574
2374,0.004553,74.125.24.0-255,4320,184970,63,218574
2375,0.004559,172.31.40.0-255,66,185036,63,218574
2376,0.004581,74.125.24.0-255,1484,186520,63,218574
2377,0.006962,74.125.24.0-255,2902,189422,63,218574
2378,0.006965,172.31.40.0-255,66,189488,63,218574
2379,0.006982,74.125.24.0-255,1484,190972,63,218574
2380,0.009369,74.125.24.0-255,4320,195292,63,218574
2381,0.009376,172.31.40.0-255,66,195358,63,218574
2382,0.011781,74.125.24.0-255,5738,201096,63,218574
2383,0.011789,172.31.40.0-255,66,201162,63,218574
2384,0.014216,74.125.24.0-255,5738,206900,63,218574
2385,0.014226,172.31.40.0-255,66,206966,63,218574
2386,0.016665,74.125.24.0-255,5738,212704,63,218574
2387,0.016672,172.31.40.0-255,66,212770,63,218574
2388,0.019077,74.125.24.0-255,5738,218508,63,218574
2389,0.019086,172.31.40.0-255,66,218574,63,218574
2390,0.0,74.125.24.0-255,148,148,63,118158
2391,2.1e-05,172.31.40.0-255,66,214,63,118158
2392,2.8e-05,74.125.24.0-255,1484,1698,63,118158
2393,3.3e-05,172.31.40.0-255,66,1764,63,118158
2394,4.6e-05,74.125.24.0-255,2902,4666,63,118158
2395,4.9e-05,172.31.40.0-255,66,4732,63,118158
2396,5.6e-05,74.125.24.0-255,5738,10470,63,118158
2397,5.9e-05,172.31.40.0-255,66,10536,63,118158
2398,7.6e-05,74.125.24.0-255,1484,12020,63,118158
2399,7.8e-05,172.31.40.0-255,66,12086,63,118158
2400,8.7e-05,74.125.24.0-255,2067,14153,63,118158
2401,9e-05,172.31.40.0-255,66,14219,63,118158
2402,0.000118,74.125.24.0-255,1484,15703,63,118158
2403,0.000121,172.31.40.0-255,66,15769,63,118158
2404,0.000146,74.125.24.0-255,1484,17253,63,118158
2405,0.000148,172.31.40.0-255,66,17319,63,118158
2406,0.000155,74.125.24.0-255,4320,21639,63,118158
2407,0.000158,172.31.40.0-255,66,21705,63,118158
2408,0.000163,74.125.24.0-255,2902,24607,63,118158
2409,0.000166,172.31.40.0-255,66,24673,63,118158
2410,0.000202,74.125.24.0-255,5738,30411,63,118158
2411,0.000205,172.31.40.0-255,66,30477,63,118158
2412,0.000208,74.125.24.0-255,1125,31602,63,118158
2413,0.00021,172.31.40.0-255,66,31668,63,118158
2414,0.000443,74.125.24.0-255,1484,33152,63,118158
2415,0.000449,172.31.40.0-255,66,33218,63,118158
2416,0.000455,74.125.24.0-255,2902,36120,63,118158
2417,0.000458,172.31.40.0-255,66,36186,63,118158
2418,0.000462,74.125.24.0-255,2902,39088,63,118158
2419,0.000464,172.31.40.0-255,66,39154,63,118158
2420,0.000496,74.125.24.0-255,2902,42056,63,118158
2421,0.000499,172.31.40.0-255,66,42122,63,118158
2422,0.000507,74.125.24.0-255,6797,48919,63,118158
2423,0.00051,172.31.40.0-255,66,48985,63,118158
2424,0.000583,74.125.24.0-255,1484,50469,63,118158
2425,0.000599,74.125.24.0-255,2902,53371,63,118158
2426,0.000602,172.31.40.0-255,66,53437,63,118158
2427,0.000639,74.125.24.0-255,5738,59175,63,118158
2428,0.000642,172.31.40.0-255,66,59241,63,118158
2429,0.000663,74.125.24.0-255,2902,62143,63,118158
2430,0.000665,172.31.40.0-255,66,62209,63,118158
2431,0.000695,74.125.24.0-255,4290,66499,63,118158
2432,0.000698,172.31.40.0-255,66,66565,63,118158
2433,0.000839,74.125.24.0-255,113,66678,63,118158
2434,0.000875,74.125.24.0-255,332,67010,63,118158
2435,0.001199,172.31.40.0-255,66,67076,63,118158
2436,0.001429,74.125.24.0-255,1484,68560,63,118158
2437,0.001438,74.125.24.0-255,1484,70044,63,118158
2438,0.001442,172.31.40.0-255,66,70110,63,118158
2439,0.001471,74.125.24.0-255,1484,71594,63,118158
2440,0.00148,74.125.24.0-255,5738,77332,63,118158
2441,0.001483,172.31.40.0-255,66,77398,63,118158
2442,0.001495,172.31.40.0-255,66,77464,63,118158
2443,0.001558,172.31.40.0-255,66,77530,63,118158
2444,0.003992,74.125.24.0-255,5738,83268,63,118158
2445,0.003999,172.31.40.0-255,66,83334,63,118158
2446,0.006396,74.125.24.0-255,5738,89072,63,118158
2447,0.006401,172.31.40.0-255,66,89138,63,118158
2448,0.008774,74.125.24.0-255,5738,94876,63,118158
2449,0.008781,172.31.40.0-255,66,94942,63,118158
2450,0.011197,74.125.24.0-255,5738,100680,63,118158
2451,0.011206,172.31.40.0-255,66,100746,63,118158
2452,0.013658,74.125.24.0-255,5738,106484,63,118158
2453,0.013668,172.31.40.0-255,66,106550,63,118158
2454,0.016092,74.125.24.0-255,5738,112288,63,118158
2455,0.016102,172.31.40.0-255,66,112354,63,118158
2456,0.018491,74.125.24.0-255,5738,118092,63,118158
2457,0.018499,172.31.40.0-255,66,118158,63,118158
2458,0.0,172.217.194.0-255,152,152,63,187724
2459,1.8e-05,172.31.40.0-255,66,218,63,187724
2460,2.5e-05,172.217.194.0-255,1484,1702,63,187724
2461,3e-05,172.31.40.0-255,66,1768,63,187724
2462,3.5e-05,172.217.194.0-255,2902,4670,63,187724
2463,3.9e-05,172.31.40.0-255,66,4736,63,187724
2464,4.4e-05,172.217.194.0-255,4320,9056,63,187724
2465,4.7e-05,172.31.40.0-255,66,9122,63,187724
2466,7.3e-05,172.217.194.0-255,4320,13442,63,187724
2467,7.5e-05,172.31.40.0-255,66,13508,63,187724
2468,8.7e-05,172.217.194.0-255,647,14155,63,187724
2469,8.9e-05,172.31.40.0-255,66,14221,63,187724
2470,0.000122,172.217.194.0-255,1484,15705,63,187724
2471,0.000124,172.31.40.0-255,66,15771,63,187724
2472,0.000147,172.217.194.0-255,4320,20091,63,187724
2473,0.00015,172.31.40.0-255,66,20157,63,187724
2474,0.000153,172.217.194.0-255,1484,21641,63,187724
2475,0.000155,172.31.40.0-255,66,21707,63,187724
2476,0.000167,172.31.40.0-255,66,21773,63,187724
2477,0.000203,172.31.40.0-255,66,21839,63,187724
2478,0.000242,172.31.40.0-255,66,21905,63,187724
2479,0.000253,172.31.40.0-255,66,21971,63,187724
2480,0.000269,172.217.194.0-255,2902,24873,63,187724
2481,0.000271,172.31.40.0-255,66,24939,63,187724
2482,0.000282,172.217.194.0-255,1125,26064,63,187724
2483,0.000284,172.31.40.0-255,66,26130,63,187724
2484,0.000289,172.217.194.0-255,2902,29032,63,187724
2485,0.000292,172.31.40.0-255,66,29098,63,187724
2486,0.000322,172.217.194.0-255,2064,31162,63,187724
2487,0.000336,172.217.194.0-255,1125,32287,63,187724
2488,0.000404,172.217.194.0-255,1994,34281,63,187724
2489,0.00048,172.217.194.0-255,1484,35765,63,187724
2490,0.000486,172.217.194.0-255,2902,38667,63,187724
2491,0.000502,172.217.194.0-255,5738,44405,63,187724
2492,0.000539,172.217.194.0-255,4320,48725,63,187724
2493,0.000546,172.217.194.0-255,5738,54463,63,187724
2494,0.000569,172.217.194.0-255,4320,58783,63,187724
2495,0.000571,172.217.194.0-255,766,59549,63,187724
2496,0.000616,172.31.40.0-255,66,59615,63,187724
2497,0.000664,172.217.194.0-255,1484,61099,63,187724
2498,0.00067,172.217.194.0-255,2902,64001,63,187724
2499,0.000674,172.217.194.0-255,1484,65485,63,187724
2500,0.000682,172.31.40.0-255,66,65551,63,187724
2501,0.000693,172.217.194.0-255,4320,69871,63,187724
2502,0.000703,172.31.40.0-255,66,69937,63,187724
2503,0.000713,172.217.194.0-255,4320,74257,63,187724
2504,0.000733,172.217.194.0-255,1484,75741,63,187724
2505,0.000765,172.31.40.0-255,66,75807,63,187724
2506,0.000782,172.217.194.0-255,1484,77291,63,187724
2507,0.000801,172.217.194.0-255,2902,80193,63,187724
2508,0.000805,172.217.194.0-255,2902,83095,63,187724
2509,0.000817,172.217.194.0-255,2902,85997,63,187724
2510,0.000821,172.217.194.0-255,2902,88899,63,187724
2511,0.000839,172.31.40.0-255,66,88965,63,187724
2512,0.000844,172.31.40.0-255,66,89031,63,187724
2513,0.00085,172.217.194.0-255,1484,90515,63,187724
2514,0.000871,172.217.194.0-255,766,91281,63,187724
2515,0.000884,172.31.40.0-255,66,91347,63,187724
2516,0.000909,172.217.194.0-255,1484,92831,63,187724
2517,0.000913,172.217.194.0-255,1484,94315,63,187724
2518,0.000925,172.217.194.0-255,1484,95799,63,187724
2519,0.000928,172.217.194.0-255,2902,98701,63,187724
2520,0.00093,172.31.40.0-255,66,98767,63,187724
2521,0.000939,172.217.194.0-255,2902,101669,63,187724
2522,0.000943,172.217.194.0-255,2902,104571,63,187724
2523,0.000947,172.31.40.0-255,66,104637,63,187724
2524,0.000954,172.217.194.0-255,1484,106121,63,187724
2525,0.000957,172.217.194.0-255,1484,107605,63,187724
2526,0.00099,172.31.40.0-255,66,107671,63,187724
2527,0.001006,172.217.194.0-255,5738,113409,63,187724
2528,0.00102,172.217.194.0-255,2184,115593,63,187724
2529,0.001026,172.31.40.0-255,66,115659,63,187724
2530,0.001054,172.217.194.0-255,1484,117143,63,187724
2531,0.001069,172.217.194.0-255,2902,120045,63,187724
2532,0.001074,172.31.40.0-255,66,120111,63,187724
2533,0.001096,172.217.194.0-255,5738,125849,63,187724
2534,0.001103,172.217.194.0-255,7156,133005,63,187724
2535,0.001107,172.31.40.0-255,66,133071,63,187724
2536,0.00113,172.217.194.0-255,5738,138809,63,187724
2537,0.001137,172.31.40.0-255,66,138875,63,187724
2538,0.001191,172.217.194.0-255,7156,146031,63,187724
2539,0.001204,172.217.194.0-255,3602,149633,63,187724
2540,0.001212,172.31.40.0-255,66,149699,63,187724
2541,0.001408,172.217.194.0-255,1484,151183,63,187724
2542,0.001422,172.217.194.0-255,2902,154085,63,187724
2543,0.00143,172.31.40.0-255,66,154151,63,187724
2544,0.001448,172.217.194.0-255,5738,159889,63,187724
2545,0.001453,172.217.194.0-255,4320,164209,63,187724
2546,0.001461,172.31.40.0-255,66,164275,63,187724
2547,0.001473,172.217.194.0-255,7156,171431,63,187724
2548,0.001491,172.31.40.0-255,66,171497,63,187724
2549,0.001503,172.217.194.0-255,4320,175817,63,187724
2550,0.001516,172.31.40.0-255,66,175883,63,187724
2551,0.001576,172.217.194.0-255,1484,177367,63,187724
2552,0.001582,172.31.40.0-255,66,177433,63,187724
2553,0.001623,172.31.40.0-255,66,177499,63,187724
2554,0.001659,172.217.194.0-255,4320,181819,63,187724
2555,0.001664,172.31.40.0-255,66,181885,63,187724
2556,0.001688,172.31.40.0-255,66,181951,63,187724
2557,0.001717,172.31.40.0-255,66,182017,63,187724
2558,0.001752,172.217.194.0-255,5365,187382,63,187724
2559,0.001756,172.217.194.0-255,105,187487,63,187724
2560,0.001782,172.31.40.0-255,66,187553,63,187724
2561,0.004317,172.31.40.0-255,105,187658,63,187724
2562,0.006504,172.217.194.0-255,66,187724,63,187724
2563,0.0,74.125.130.0-255,295,295,63,159636
2564,2.8e-05,172.31.40.0-255,66,361,63,159636
2565,3.4e-05,74.125.130.0-255,1484,1845,63,159636
2566,3.8e-05,172.31.40.0-255,66,1911,63,159636
2567,4.4e-05,74.125.130.0-255,4320,6231,63,159636
2568,4.6e-05,172.31.40.0-255,66,6297,63,159636
2569,5e-05,74.125.130.0-255,2902,9199,63,159636
2570,6e-05,172.31.40.0-255,66,9265,63,159636
2571,6.6e-05,74.125.130.0-255,4320,13585,63,159636
2572,6.8e-05,172.31.40.0-255,66,13651,63,159636
2573,0.000119,172.31.40.0-255,66,13717,63,159636
2574,0.000124,74.125.130.0-255,4320,18037,63,159636
2575,0.000126,172.31.40.0-255,66,18103,63,159636
2576,0.000171,74.125.130.0-255,3961,22064,63,159636
2577,0.000174,172.31.40.0-255,66,22130,63,159636
2578,0.000448,74.125.130.0-255,1484,23614,63,159636
2579,0.000457,172.31.40.0-255,66,23680,63,159636
2580,0.000461,74.125.130.0-255,1484,25164,63,159636
2581,0.000464,172.31.40.0-255,66,25230,63,159636
2582,0.000468,74.125.130.0-255,2902,28132,63,159636
2583,0.000471,172.31.40.0-255,66,28198,63,159636
2584,0.000511,74.125.130.0-255,5738,33936,63,159636
2585,0.000515,172.31.40.0-255,66,34002,63,159636
2586,0.00052,74.125.130.0-255,4320,38322,63,159636
2587,0.000522,172.31.40.0-255,66,38388,63,159636
2588,0.000553,74.125.130.0-255,2543,40931,63,159636
2589,0.000556,172.31.40.0-255,66,40997,63,159636
2590,0.000563,74.125.130.0-255,7156,48153,63,159636
2591,0.000567,172.31.40.0-255,66,48219,63,159636
2592,0.000567,74.125.130.0-255,4320,52539,63,159636
2593,0.00057,172.31.40.0-255,66,52605,63,159636
2594,0.000581,74.125.130.0-255,3961,56566,63,159636
2595,0.000584,172.31.40.0-255,66,56632,63,159636
2596,0.000737,74.125.130.0-255,1484,58116,63,159636
2597,0.000743,74.125.130.0-255,2902,61018,63,159636
2598,0.000747,172.31.40.0-255,66,61084,63,159636
2599,0.000762,74.125.130.0-255,5738,66822,63,159636
2600,0.000769,172.31.40.0-255,66,66888,63,159636
2601,0.000773,74.125.130.0-255,1484,68372,63,159636
2602,0.000776,74.125.130.0-255,1484,69856,63,159636
2603,0.000778,172.31.40.0-255,66,69922,63,159636
2604,0.000807,74.125.130.0-255,1484,71406,63,159636
2605,0.000825,74.125.130.0-255,1484,72890,63,159636
2606,0.000828,172.31.40.0-255,66,72956,63,159636
2607,0.000855,74.125.130.0-255,1125,74081,63,159636
2608,0.000919,74.125.130.0-255,1484,75565,63,159636
2609,0.000923,172.31.40.0-255,66,75631,63,159636
2610,0.000926,74.125.130.0-255,1484,77115,63,159636
2611,0.000953,74.125.130.0-255,1484,78599,63,159636
2612,0.000955,172.31.40.0-255,66,78665,63,159636
2613,0.000964,74.125.130.0-255,5738,84403,63,159636
2614,0.000966,172.31.40.0-255,66,84469,63,159636
2615,0.000969,74.125.130.0-255,1484,85953,63,159636
2616,0.001,74.125.130.0-255,5379,91332,63,159636
2617,0.001004,172.31.40.0-255,66,91398,63,159636
2618,0.002124,74.125.130.0-255,1484,92882,63,159636
2619,0.002134,74.125.130.0-255,2902,95784,63,159636
2620,0.002138,172.31.40.0-255,66,95850,63,159636
2621,0.002143,74.125.130.0-255,1484,97334,63,159636
2622,0.002178,74.125.130.0-255,2902,100236,63,159636
2623,0.00218,172.31.40.0-255,66,100302,63,159636
2624,0.002185,74.125.130.0-255,2902,103204,63,159636
2625,0.002186,172.31.40.0-255,66,103270,63,159636
2626,0.002211,74.125.130.0-255,2902,106172,63,159636
2627,0.002213,172.31.40.0-255,66,106238,63,159636
2628,0.00222,74.125.130.0-255,7156,113394,63,159636
2629,0.002222,172.31.40.0-255,66,113460,63,159636
2630,0.002274,74.125.130.0-255,7156,120616,63,159636
2631,0.002277,172.31.40.0-255,66,120682,63,159636
2632,0.002293,74.125.130.0-255,4320,125002,63,159636
2633,0.002299,172.31.40.0-255,66,125068,63,159636
2634,0.00232,74.125.130.0-255,766,125834,63,159636
2635,0.004816,74.125.130.0-255,4320,130154,63,159636
2636,0.004822,172.31.40.0-255,66,130220,63,159636
2637,0.007347,74.125.130.0-255,5738,135958,63,159636
2638,0.007353,172.31.40.0-255,66,136024,63,159636
2639,0.009872,74.125.130.0-255,5738,141762,63,159636
2640,0.009878,172.31.40.0-255,66,141828,63,159636
2641,0.012414,74.125.130.0-255,2902,144730,63,159636
2642,0.012422,172.31.40.0-255,66,144796,63,159636
2643,0.012449,74.125.130.0-255,2902,147698,63,159636
2644,0.012451,172.31.40.0-255,66,147764,63,159636
2645,0.014961,74.125.130.0-255,2902,150666,63,159636
2646,0.014969,172.31.40.0-255,66,150732,63,159636
2647,0.015006,74.125.130.0-255,2902,153634,63,159636
2648,0.015009,172.31.40.0-255,66,153700,63,159636
2649,0.017499,74.125.130.0-255,2902,156602,63,159636
2650,0.017506,172.31.40.0-255,66,156668,63,159636
2651,0.017555,74.125.130.0-255,2902,159570,63,159636
2652,0.017559,172.31.40.0-255,66,159636,63,159636
2653,0.0,74.125.68.0-255,297,297,63,113137
2654,1.8e-05,172.31.40.0-255,66,363,63,113137
2655,2.5e-05,74.125.68.0-255,1484,1847,63,113137
2656,2.9e-05,172.31.40.0-255,66,1913,63,113137
2657,3.2e-05,74.125.68.0-255,1484,3397,63,113137
2658,3.5e-05,172.31.40.0-255,66,3463,63,113137
2659,4.1e-05,74.125.68.0-255,2902,6365,63,113137
2660,4.4e-05,172.31.40.0-255,66,6431,63,113137
2661,4.9e-05,74.125.68.0-255,2902,9333,63,113137
2662,5.1e-05,172.31.40.0-255,66,9399,63,113137
2663,6.8e-05,74.125.68.0-255,2902,12301,63,113137
2664,7e-05,172.31.40.0-255,66,12367,63,113137
2665,7.4e-05,74.125.68.0-255,1896,14263,63,113137
2666,7.6e-05,172.31.40.0-255,66,14329,63,113137
2667,9.2e-05,74.125.68.0-255,1484,15813,63,113137
2668,9.3e-05,172.31.40.0-255,66,15879,63,113137
2669,0.000116,74.125.68.0-255,1484,17363,63,113137
2670,0.000118,172.31.40.0-255,66,17429,63,113137
2671,0.000124,74.125.68.0-255,5738,23167,63,113137
2672,0.000126,172.31.40.0-255,66,23233,63,113137
2673,0.000136,74.125.68.0-255,1484,24717,63,113137
2674,0.000138,172.31.40.0-255,66,24783,63,113137
2675,0.000143,74.125.68.0-255,4320,29103,63,113137
2676,0.000145,172.31.40.0-255,66,29169,63,113137
2677,0.000186,74.125.68.0-255,2543,31712,63,113137
2678,0.000188,172.31.40.0-255,66,31778,63,113137
2679,0.000249,74.125.68.0-255,1484,33262,63,113137
2680,0.000252,172.31.40.0-255,66,33328,63,113137
2681,0.000271,74.125.68.0-255,2902,36230,63,113137
2682,0.000273,172.31.40.0-255,66,36296,63,113137
2683,0.000277,74.125.68.0-255,2902,39198,63,113137
2684,0.000279,172.31.40.0-255,66,39264,63,113137
2685,0.000299,74.125.68.0-255,4320,43584,63,113137
2686,0.000313,74.125.68.0-255,1484,45068,63,113137
2687,0.000328,74.125.68.0-255,7156,52224,63,113137
2688,0.000373,74.125.68.0-255,4320,56544,63,113137
2689,0.000433,74.125.68.0-255,425,56969,63,113137
2690,0.000538,172.31.40.0-255,66,57035,63,113137
2691,0.002186,74.125.68.0-255,1484,58519,63,113137
2692,0.002198,74.125.68.0-255,2902,61421,63,113137
2693,0.002203,172.31.40.0-255,66,61487,63,113137
2694,0.002208,74.125.68.0-255,1484,62971,63,113137
2695,0.002211,74.125.68.0-255,1484,64455,63,113137
2696,0.002225,74.125.68.0-255,1484,65939,63,113137
2697,0.002233,74.125.68.0-255,5738,71677,63,113137
2698,0.002252,74.125.68.0-255,1484,73161,63,113137
2699,0.002263,74.125.68.0-255,1484,74645,63,113137
2700,0.002287,74.125.68.0-255,5738,80383,63,113137
2701,0.002309,74.125.68.0-255,4320,84703,63,113137
2702,0.002329,74.125.68.0-255,5738,90441,63,113137
2703,0.002343,74.125.68.0-255,766,91207,63,113137
2704,0.004718,172.31.40.0-255,66,91273,63,113137
2705,0.007408,74.125.68.0-255,4320,95593,63,113137
2706,0.007414,172.31.40.0-255,66,95659,63,113137
2707,0.007437,74.125.68.0-255,1484,97143,63,113137
2708,0.010099,74.125.68.0-255,4320,101463,63,113137
2709,0.010105,172.31.40.0-255,66,101529,63,113137
2710,0.012795,74.125.68.0-255,5738,107267,63,113137
2711,0.015821,172.31.40.0-255,66,107333,63,113137
2712,0.018518,74.125.68.0-255,5738,113071,63,113137
2713,0.018526,172.31.40.0-255,66,113137,63,113137
2714,0.0,74.125.24.0-255,146,146,63,191818
2715,1.8e-05,172.31.40.0-255,66,212,63,191818
2716,2.4e-05,74.125.24.0-255,1484,1696,63,191818
2717,2.9e-05,172.31.40.0-255,66,1762,63,191818
2718,3.5e-05,74.125.24.0-255,2902,4664,63,191818
2719,4e-05,172.31.40.0-255,66,4730,63,191818
2720,4.7e-05,74.125.24.0-255,7156,11886,63,191818
2721,5.1e-05,172.31.40.0-255,66,11952,63,191818
2722,5.4e-05,74.125.24.0-255,2104,14056,63,191818
2723,5.8e-05,172.31.40.0-255,66,14122,63,191818
2724,9.7e-05,172.31.40.0-255,66,14188,63,191818
2725,0.000112,172.31.40.0-255,66,14254,63,191818
2726,0.000126,74.125.24.0-255,1484,15738,63,191818
2727,0.000128,172.31.40.0-255,66,15804,63,191818
2728,0.000167,172.31.40.0-255,66,15870,63,191818
2729,0.00018,172.31.40.0-255,66,15936,63,191818
2730,0.000183,74.125.24.0-255,1484,17420,63,191818
2731,0.000185,172.31.40.0-255,66,17486,63,191818
2732,0.000201,74.125.24.0-255,2812,20298,63,191818
2733,0.000204,172.31.40.0-255,66,20364,63,191818
2734,0.000251,74.125.24.0-255,135,20499,63,191818
2735,0.000254,172.31.40.0-255,66,20565,63,191818
2736,0.000287,74.125.24.0-255,1484,22049,63,191818
2737,0.00029,172.31.40.0-255,66,22115,63,191818
2738,0.000294,74.125.24.0-255,1484,23599,63,191818
2739,0.000296,172.31.40.0-255,66,23665,63,191818
2740,0.000316,74.125.24.0-255,1484,25149,63,191818
2741,0.000319,172.31.40.0-255,66,25215,63,191818
2742,0.000327,74.125.24.0-255,7156,32371,63,191818
2743,0.000329,172.31.40.0-255,66,32437,63,191818
2744,0.000355,74.125.24.0-255,4320,36757,63,191818
2745,0.000357,172.31.40.0-255,66,36823,63,191818
2746,0.000378,74.125.24.0-255,1484,38307,63,191818
2747,0.000393,172.31.40.0-255,66,38373,63,191818
2748,0.000397,74.125.24.0-255,2184,40557,63,191818
2749,0.000399,172.31.40.0-255,66,40623,63,191818
2750,0.000573,74.125.24.0-255,1484,42107,63,191818
2751,0.000582,74.125.24.0-255,2902,45009,63,191818
2752,0.000586,172.31.40.0-255,66,45075,63,191818
2753,0.000591,74.125.24.0-255,2902,47977,63,191818
2754,0.000593,172.31.40.0-255,66,48043,63,191818
2755,0.00061,74.125.24.0-255,2902,50945,63,191818
2756,0.000612,172.31.40.0-255,66,51011,63,191818
2757,0.000615,74.125.24.0-255,1484,52495,63,191818
2758,0.000661,74.125.24.0-255,766,53261,63,191818
2759,0.000666,172.31.40.0-255,66,53327,63,191818
2760,0.000674,172.31.40.0-255,66,53393,63,191818
2761,0.000725,74.125.24.0-255,1484,54877,63,191818
2762,0.000729,172.31.40.0-255,66,54943,63,191818
2763,0.000732,74.125.24.0-255,1484,56427,63,191818
2764,0.000758,74.125.24.0-255,4320,60747,63,191818
2765,0.000761,172.31.40.0-255,66,60813,63,191818
2766,0.000764,74.125.24.0-255,1484,62297,63,191818
2767,0.000782,74.125.24.0-255,2902,65199,63,191818
2768,0.000785,172.31.40.0-255,66,65265,63,191818
2769,0.000807,74.125.24.0-255,5738,71003,63,191818
2770,0.000811,74.125.24.0-255,2902,73905,63,191818
2771,0.000815,172.31.40.0-255,66,73971,63,191818
2772,0.000818,172.31.40.0-255,66,74037,63,191818
2773,0.000835,172.31.40.0-255,66,74103,63,191818
2774,0.000863,74.125.24.0-255,5020,79123,63,191818
2775,0.000866,172.31.40.0-255,66,79189,63,191818
2776,0.000873,74.125.24.0-255,5738,84927,63,191818
2777,0.000875,172.31.40.0-255,66,84993,63,191818
2778,0.000898,172.31.40.0-255,66,85059,63,191818
2779,0.000912,74.125.24.0-255,2902,87961,63,191818
2780,0.000915,172.31.40.0-255,66,88027,63,191818
2781,0.000922,74.125.24.0-255,7156,95183,63,191818
2782,0.000925,172.31.40.0-255,66,95249,63,191818
2783,0.000931,74.125.24.0-255,5738,100987,63,191818
2784,0.000934,172.31.40.0-255,66,101053,63,191818
2785,0.000962,74.125.24.0-255,3602,104655,63,191818
2786,0.000965,172.31.40.0-255,66,104721,63,191818
2787,0.000968,74.125.24.0-255,1484,106205,63,191818
2788,0.000973,74.125.24.0-255,2902,109107,63,191818
2789,0.000975,172.31.40.0-255,66,109173,63,191818
2790,0.000979,74.125.24.0-255,2902,112075,63,191818
2791,0.000981,172.31.40.0-255,66,112141,63,191818
2792,0.000995,74.125.24.0-255,2902,115043,63,191818
2793,0.000997,172.31.40.0-255,66,115109,63,191818
2794,0.001013,74.125.24.0-255,2902,118011,63,191818
2795,0.001015,172.31.40.0-255,66,118077,63,191818
2796,0.001045,172.31.40.0-255,66,118143,63,191818
2797,0.001079,172.31.40.0-255,66,118209,63,191818
2798,0.00115,74.125.24.0-255,1484,119693,63,191818
2799,0.001154,74.125.24.0-255,1484,121177,63,191818
2800,0.001156,172.31.40.0-255,66,121243,63,191818
2801,0.001174,74.125.24.0-255,1484,122727,63,191818
2802,0.00118,74.125.24.0-255,5738,128465,63,191818
2803,0.001182,172.31.40.0-255,66,128531,63,191818
2804,0.001188,74.125.24.0-255,5738,134269,63,191818
2805,0.00119,172.31.40.0-255,66,134335,63,191818
2806,0.001214,74.125.24.0-255,7156,141491,63,191818
2807,0.001217,172.31.40.0-255,66,141557,63,191818
2808,0.001227,172.31.40.0-255,66,141623,63,191818
2809,0.001271,74.125.24.0-255,4320,145943,63,191818
2810,0.001273,172.31.40.0-255,66,146009,63,191818
2811,0.001317,172.31.40.0-255,66,146075,63,191818
2812,0.001329,172.31.40.0-255,66,146141,63,191818
2813,0.001335,74.125.24.0-255,5738,151879,63,191818
2814,0.001338,172.31.40.0-255,66,151945,63,191818
2815,0.001355,74.125.24.0-255,2902,154847,63,191818
2816,0.001357,172.31.40.0-255,66,154913,63,191818
2817,0.001374,172.31.40.0-255,66,154979,63,191818
2818,0.001394,74.125.24.0-255,1484,156463,63,191818
2819,0.001402,74.125.24.0-255,6438,162901,63,191818
2820,0.001405,172.31.40.0-255,66,162967,63,191818
2821,0.001418,74.125.24.0-255,1484,164451,63,191818
2822,0.001435,74.125.24.0-255,2902,167353,63,191818
2823,0.001437,172.31.40.0-255,66,167419,63,191818
2824,0.001443,74.125.24.0-255,2902,170321,63,191818
2825,0.001445,172.31.40.0-255,66,170387,63,191818
2826,0.001461,74.125.24.0-255,2902,173289,63,191818
2827,0.001463,172.31.40.0-255,66,173355,63,191818
2828,0.00147,74.125.24.0-255,5738,179093,63,191818
2829,0.001472,172.31.40.0-255,66,179159,63,191818
2830,0.001489,74.125.24.0-255,7156,186315,63,191818
2831,0.001491,172.31.40.0-255,66,186381,63,191818
2832,0.001525,172.31.40.0-255,66,186447,63,191818
2833,0.001546,74.125.24.0-255,2184,188631,63,191818
2834,0.001548,172.31.40.0-255,66,188697,63,191818
2835,0.001559,172.31.40.0-255,66,188763,63,191818
2836,0.001574,74.125.24.0-255,1484,190247,63,191818
2837,0.00161,172.31.40.0-255,66,190313,63,191818
2838,0.001641,74.125.24.0-255,1000,191313,63,191818
2839,0.001645,74.125.24.0-255,97,191410,63,191818
2840,0.001649,172.31.40.0-255,66,191476,63,191818
2841,0.001715,74.125.24.0-255,105,191581,63,191818
2842,0.004364,172.31.40.0-255,66,191647,63,191818
2843,0.004403,172.31.40.0-255,105,191752,63,191818
2844,0.00659,74.125.24.0-255,66,191818,63,191818
2845,0.0,172.217.194.0-255,146,146,63,167089
2846,2e-05,172.31.40.0-255,66,212,63,167089
2847,2.7e-05,172.217.194.0-255,1484,1696,63,167089
2848,3.2e-05,172.31.40.0-255,66,1762,63,167089
2849,3.7e-05,172.217.194.0-255,2902,4664,63,167089
2850,4e-05,172.31.40.0-255,66,4730,63,167089
2851,5.5e-05,172.217.194.0-255,7156,11886,63,167089
2852,5.7e-05,172.31.40.0-255,66,11952,63,167089
2853,9.2e-05,172.217.194.0-255,2057,14009,63,167089
2854,9.5e-05,172.31.40.0-255,66,14075,63,167089
2855,0.0001,172.217.194.0-255,2902,16977,63,167089
2856,0.000102,172.31.40.0-255,66,17043,63,167089
2857,0.00011,172.217.194.0-255,7156,24199,63,167089
2858,0.000112,172.31.40.0-255,66,24265,63,167089
2859,0.00015,172.217.194.0-255,6797,31062,63,167089
2860,0.000152,172.31.40.0-255,66,31128,63,167089
2861,0.000174,172.217.194.0-255,1484,32612,63,167089
2862,0.000176,172.31.40.0-255,66,32678,63,167089
2863,0.000179,172.217.194.0-255,1484,34162,63,167089
2864,0.000181,172.31.40.0-255,66,34228,63,167089
2865,0.000202,172.217.194.0-255,1484,35712,63,167089
2866,0.000204,172.31.40.0-255,66,35778,63,167089
2867,0.00021,172.217.194.0-255,5738,41516,63,167089
2868,0.000213,172.31.40.0-255,66,41582,63,167089
2869,0.000249,172.31.40.0-255,66,41648,63,167089
2870,0.000279,172.217.194.0-255,3961,45609,63,167089
2871,0.000282,172.31.40.0-255,66,45675,63,167089
2872,0.000287,172.217.194.0-255,2902,48577,63,167089
2873,0.000289,172.31.40.0-255,66,48643,63,167089
2874,0.000322,172.31.40.0-255,66,48709,63,167089
2875,0.000575,172.217.194.0-255,646,49355,63,167089
2876,0.000655,172.217.194.0-255,1484,50839,63,167089
2877,0.000662,172.217.194.0-255,2902,53741,63,167089
2878,0.000665,172.217.194.0-255,1484,55225,63,167089
2879,0.000684,172.217.194.0-255,4320,59545,63,167089
2880,0.000688,172.31.40.0-255,66,59611,63,167089
2881,0.000694,172.31.40.0-255,66,59677,63,167089
2882,0.000732,172.217.194.0-255,4320,63997,63,167089
2883,0.000753,172.31.40.0-255,66,64063,63,167089
2884,0.000781,172.217.194.0-255,4320,68383,63,167089
2885,0.000785,172.31.40.0-255,66,68449,63,167089
2886,0.000797,172.217.194.0-255,5379,73828,63,167089
2887,0.000824,172.31.40.0-255,66,73894,63,167089
2888,0.00088,172.217.194.0-255,1484,75378,63,167089
2889,0.000886,172.217.194.0-255,2902,78280,63,167089
2890,0.000889,172.217.194.0-255,1484,79764,63,167089
2891,0.000897,172.31.40.0-255,66,79830,63,167089
2892,0.000916,172.217.194.0-255,4320,84150,63,167089
2893,0.000922,172.217.194.0-255,2902,87052,63,167089
2894,0.000955,172.217.194.0-255,7156,94208,63,167089
2895,0.000959,172.31.40.0-255,66,94274,63,167089
2896,0.000973,172.31.40.0-255,66,94340,63,167089
2897,0.000993,172.217.194.0-255,3602,97942,63,167089
2898,0.001016,172.31.40.0-255,66,98008,63,167089
2899,0.001404,172.217.194.0-255,1484,99492,63,167089
2900,0.001409,172.217.194.0-255,1484,100976,63,167089
2901,0.001413,172.31.40.0-255,66,101042,63,167089
2902,0.001439,172.217.194.0-255,1484,102526,63,167089
2903,0.001445,172.217.194.0-255,5738,108264,63,167089
2904,0.001453,172.217.194.0-255,7156,115420,63,167089
2905,0.001459,172.31.40.0-255,66,115486,63,167089
2906,0.00148,172.217.194.0-255,5738,121224,63,167089
2907,0.001498,172.217.194.0-255,4320,125544,63,167089
2908,0.001504,172.31.40.0-255,66,125610,63,167089
2909,0.001526,172.217.194.0-255,6438,132048,63,167089
2910,0.001539,172.31.40.0-255,66,132114,63,167089
2911,0.001708,172.217.194.0-255,1484,133598,63,167089
2912,0.001713,172.217.194.0-255,2902,136500,63,167089
2913,0.001717,172.31.40.0-255,66,136566,63,167089
2914,0.001746,172.217.194.0-255,5738,142304,63,167089
2915,0.00175,172.217.194.0-255,1484,143788,63,167089
2916,0.001757,172.31.40.0-255,66,143854,63,167089
2917,0.0018,172.217.194.0-255,1484,145338,63,167089
2918,0.001803,172.217.194.0-255,1484,146822,63,167089
2919,0.001819,172.31.40.0-255,66,146888,63,167089
2920,0.001851,172.217.194.0-255,1484,148372,63,167089
2921,0.001853,172.217.194.0-255,1484,149856,63,167089
2922,0.001981,172.31.40.0-255,66,149922,63,167089
2923,0.002056,172.31.40.0-255,66,149988,63,167089
2924,0.002089,172.217.194.0-255,4320,154308,63,167089
2925,0.002095,172.31.40.0-255,66,154374,63,167089
2926,0.002155,172.217.194.0-255,1484,155858,63,167089
2927,0.002185,172.31.40.0-255,66,155924,63,167089
2928,0.002207,172.217.194.0-255,6438,162362,63,167089
2929,0.00222,172.31.40.0-255,66,162428,63,167089
2930,0.002282,172.31.40.0-255,66,162494,63,167089
2931,0.002328,172.217.194.0-255,4253,166747,63,167089
2932,0.002332,172.217.194.0-255,105,166852,63,167089
2933,0.002346,172.31.40.0-255,66,166918,63,167089
2934,0.011627,172.31.40.0-255,105,167023,63,167089
2935,0.014056,172.217.194.0-255,66,167089,63,167089
2936,0.0,172.217.194.0-255,146,146,63,171500
2937,2e-05,172.31.40.0-255,66,212,63,171500
2938,2.8e-05,172.217.194.0-255,1484,1696,63,171500
2939,3.2e-05,172.31.40.0-255,66,1762,63,171500
2940,3.7e-05,172.217.194.0-255,2902,4664,63,171500
2941,4.8e-05,172.31.40.0-255,66,4730,63,171500
2942,5.5e-05,172.217.194.0-255,5738,10468,63,171500
2943,5.8e-05,172.31.40.0-255,66,10534,63,171500
2944,9.6e-05,172.217.194.0-255,3582,14116,63,171500
2945,9.9e-05,172.31.40.0-255,66,14182,63,171500
2946,0.000119,172.217.194.0-255,4320,18502,63,171500
2947,0.000122,172.31.40.0-255,66,18568,63,171500
2948,0.000128,172.217.194.0-255,5738,24306,63,171500
2949,0.00013,172.31.40.0-255,66,24372,63,171500
2950,0.00019,172.31.40.0-255,66,24438,63,171500
2951,0.000196,172.217.194.0-255,5738,30176,63,171500
2952,0.000199,172.31.40.0-255,66,30242,63,171500
2953,0.000228,172.217.194.0-255,5379,35621,63,171500
2954,0.000234,172.31.40.0-255,66,35687,63,171500
2955,0.000237,172.217.194.0-255,1484,37171,63,171500
2956,0.000239,172.31.40.0-255,66,37237,63,171500
2957,0.000244,172.217.194.0-255,2902,40139,63,171500
2958,0.000248,172.31.40.0-255,66,40205,63,171500
2959,0.000254,172.217.194.0-255,5738,45943,63,171500
2960,0.000257,172.31.40.0-255,66,46009,63,171500
2961,0.000294,172.217.194.0-255,7095,53104,63,171500
2962,0.000297,172.31.40.0-255,66,53170,63,171500
2963,0.000329,172.217.194.0-255,380,53550,63,171500
2964,0.000332,172.31.40.0-255,66,53616,63,171500
2965,0.000637,172.217.194.0-255,1484,55100,63,171500
2966,0.000643,172.217.194.0-255,2902,58002,63,171500
2967,0.000648,172.217.194.0-255,5738,63740,63,171500
2968,0.000658,172.31.40.0-255,66,63806,63,171500
2969,0.000663,172.31.40.0-255,66,63872,63,171500
2970,0.000667,172.31.40.0-255,66,63938,63,171500
2971,0.00067,172.217.194.0-255,1484,65422,63,171500
2972,0.00071,172.31.40.0-255,66,65488,63,171500
2973,0.000727,172.31.40.0-255,66,65554,63,171500
2974,0.001487,172.217.194.0-255,1484,67038,63,171500
2975,0.001496,172.217.194.0-255,2902,69940,63,171500
2976,0.0015,172.31.40.0-255,66,70006,63,171500
2977,0.001508,172.217.194.0-255,5738,75744,63,171500
2978,0.00151,172.31.40.0-255,66,75810,63,171500
2979,0.00154,172.31.40.0-255,66,75876,63,171500
2980,0.00156,172.217.194.0-255,5738,81614,63,171500
2981,0.001562,172.31.40.0-255,66,81680,63,171500
2982,0.001589,172.217.194.0-255,5020,86700,63,171500
2983,0.001592,172.31.40.0-255,66,86766,63,171500
2984,0.001633,172.217.194.0-255,1484,88250,63,171500
2985,0.001652,172.217.194.0-255,2902,91152,63,171500
2986,0.001655,172.31.40.0-255,66,91218,63,171500
2987,0.001661,172.217.194.0-255,5738,96956,63,171500
2988,0.001664,172.31.40.0-255,66,97022,63,171500
2989,0.001678,172.31.40.0-255,66,97088,63,171500
2990,0.001709,172.217.194.0-255,4320,101408,63,171500
2991,0.001711,172.31.40.0-255,66,101474,63,171500
2992,0.001722,172.31.40.0-255,66,101540,63,171500
2993,0.001739,172.217.194.0-255,2184,103724,63,171500
2994,0.001741,172.31.40.0-255,66,103790,63,171500
2995,0.001903,172.217.194.0-255,1484,105274,63,171500
2996,0.001909,172.217.194.0-255,2902,108176,63,171500
2997,0.001912,172.31.40.0-255,66,108242,63,171500
2998,0.001919,172.217.194.0-255,5738,113980,63,171500
2999,0.001921,172.31.40.0-255,66,114046,63,171500
3000,0.001963,172.31.40.0-255,66,114112,63,171500
3001,0.00197,172.217.194.0-255,7156,121268,63,171500
3002,0.001972,172.31.40.0-255,66,121334,63,171500
3003,0.001997,172.217.194.0-255,3602,124936,63,171500
3004,0.001999,172.31.40.0-255,66,125002,63,171500
3005,0.003964,172.217.194.0-255,1484,126486,63,171500
3006,0.004009,172.217.194.0-255,4320,130806,63,171500
3007,0.004015,172.31.40.0-255,66,130872,63,171500
3008,0.006014,172.217.194.0-255,5738,136610,63,171500
3009,0.006018,172.31.40.0-255,66,136676,63,171500
3010,0.008011,172.217.194.0-255,5738,142414,63,171500
3011,0.008018,172.31.40.0-255,66,142480,63,171500
3012,0.010022,172.217.194.0-255,5738,148218,63,171500
3013,0.010029,172.31.40.0-255,66,148284,63,171500
3014,0.012041,172.217.194.0-255,5738,154022,63,171500
3015,0.012049,172.31.40.0-255,66,154088,63,171500
3016,0.014059,172.217.194.0-255,5738,159826,63,171500
3017,0.014066,172.31.40.0-255,66,159892,63,171500
3018,0.016055,172.217.194.0-255,5738,165630,63,171500
3019,0.016061,172.31.40.0-255,66,165696,63,171500
3020,0.018076,172.217.194.0-255,5738,171434,63,171500
3021,0.018084,172.31.40.0-255,66,171500,63,171500
3022,0.0,74.125.24.0-255,151,151,63,230929
3023,2.1e-05,172.31.40.0-255,66,217,63,230929
3024,2.8e-05,74.125.24.0-255,1484,1701,63,230929
3025,3.3e-05,172.31.40.0-255,66,1767,63,230929
3026,4e-05,74.125.24.0-255,2902,4669,63,230929
3027,4.3e-05,172.31.40.0-255,66,4735,63,230929
3028,4.9e-05,74.125.24.0-255,4320,9055,63,230929
3029,5.2e-05,172.31.40.0-255,66,9121,63,230929
3030,7.1e-05,74.125.24.0-255,1484,10605,63,230929
3031,7.4e-05,172.31.40.0-255,66,10671,63,230929
3032,0.000112,74.125.24.0-255,5738,16409,63,230929
3033,0.000115,172.31.40.0-255,66,16475,63,230929
3034,0.000142,172.31.40.0-255,66,16541,63,230929
3035,0.000154,172.31.40.0-255,66,16607,63,230929
3036,0.000178,74.125.24.0-255,2902,19509,63,230929
3037,0.00018,172.31.40.0-255,66,19575,63,230929
3038,0.000191,172.31.40.0-255,66,19641,63,230929
3039,0.000269,74.125.24.0-255,1484,21125,63,230929
3040,0.000272,172.31.40.0-255,66,21191,63,230929
3041,0.000277,74.125.24.0-255,2902,24093,63,230929
3042,0.00028,172.31.40.0-255,66,24159,63,230929
3043,0.000296,74.125.24.0-255,5738,29897,63,230929
3044,0.000299,172.31.40.0-255,66,29963,63,230929
3045,0.00035,74.125.24.0-255,6797,36760,63,230929
3046,0.000354,172.31.40.0-255,66,36826,63,230929
3047,0.000871,74.125.24.0-255,645,37471,63,230929
3048,0.000877,172.31.40.0-255,66,37537,63,230929
3049,0.001039,74.125.24.0-255,1484,39021,63,230929
3050,0.001044,172.31.40.0-255,66,39087,63,230929
3051,0.001064,74.125.24.0-255,2902,41989,63,230929
3052,0.001067,172.31.40.0-255,66,42055,63,230929
3053,0.00108,74.125.24.0-255,2902,44957,63,230929
3054,0.001082,172.31.40.0-255,66,45023,63,230929
3055,0.0011,74.125.24.0-255,2902,47925,63,230929
3056,0.001102,172.31.40.0-255,66,47991,63,230929
3057,0.001107,74.125.24.0-255,2902,50893,63,230929
3058,0.001108,172.31.40.0-255,66,50959,63,230929
3059,0.001135,172.31.40.0-255,66,51025,63,230929
3060,0.001148,74.125.24.0-255,1484,52509,63,230929
3061,0.001152,74.125.24.0-255,1484,53993,63,230929
3062,0.001154,172.31.40.0-255,66,54059,63,230929
3063,0.001178,74.125.24.0-255,5738,59797,63,230929
3064,0.00118,172.31.40.0-255,66,59863,63,230929
3065,0.001226,74.125.24.0-255,3602,63465,63,230929
3066,0.001229,172.31.40.0-255,66,63531,63,230929
3067,0.001798,74.125.24.0-255,1484,65015,63,230929
3068,0.001805,74.125.24.0-255,1484,66499,63,230929
3069,0.001808,172.31.40.0-255,66,66565,63,230929
3070,0.001824,74.125.24.0-255,1484,68049,63,230929
3071,0.00183,74.125.24.0-255,5738,73787,63,230929
3072,0.001832,172.31.40.0-255,66,73853,63,230929
3073,0.001871,172.31.40.0-255,66,73919,63,230929
3074,0.001873,74.125.24.0-255,1484,75403,63,230929
3075,0.001893,74.125.24.0-255,5738,81141,63,230929
3076,0.001895,172.31.40.0-255,66,81207,63,230929
3077,0.001912,74.125.24.0-255,5020,86227,63,230929
3078,0.001914,172.31.40.0-255,66,86293,63,230929
3079,0.002475,74.125.24.0-255,1484,87777,63,230929
3080,0.002479,74.125.24.0-255,1484,89261,63,230929
3081,0.002482,172.31.40.0-255,66,89327,63,230929
3082,0.002493,74.125.24.0-255,1484,90811,63,230929
3083,0.002518,74.125.24.0-255,4320,95131,63,230929
3084,0.00252,172.31.40.0-255,66,95197,63,230929
3085,0.002525,74.125.24.0-255,2902,98099,63,230929
3086,0.002526,172.31.40.0-255,66,98165,63,230929
3087,0.002549,172.31.40.0-255,66,98231,63,230929
3088,0.002552,74.125.24.0-255,1484,99715,63,230929
3089,0.002573,74.125.24.0-255,5738,105453,63,230929
3090,0.002575,172.31.40.0-255,66,105519,63,230929
3091,0.002597,74.125.24.0-255,4320,109839,63,230929
3092,0.0026,172.31.40.0-255,66,109905,63,230929
3093,0.002603,74.125.24.0-255,2184,112089,63,230929
3094,0.002606,172.31.40.0-255,66,112155,63,230929
3095,0.002608,74.125.24.0-255,1484,113639,63,230929
3096,0.002651,172.31.40.0-255,66,113705,63,230929
3097,0.002672,74.125.24.0-255,2902,116607,63,230929
3098,0.002674,172.31.40.0-255,66,116673,63,230929
3099,0.002683,172.31.40.0-255,66,116739,63,230929
3100,0.002695,172.31.40.0-255,66,116805,63,230929
3101,0.002698,74.125.24.0-255,1484,118289,63,230929
3102,0.0027,172.31.40.0-255,78,118367,63,230929
3103,0.002724,74.125.24.0-255,2902,121269,63,230929
3104,0.002741,74.125.24.0-255,4320,125589,63,230929
3105,0.002752,74.125.24.0-255,1484,127073,63,230929
3106,0.002765,74.125.24.0-255,3602,130675,63,230929
3107,0.002795,74.125.24.0-255,1484,132159,63,230929
3108,0.002823,74.125.24.0-255,1484,133643,63,230929
3109,0.002829,74.125.24.0-255,4320,137963,63,230929
3110,0.002916,74.125.24.0-255,1484,139447,63,230929
3111,0.002928,74.125.24.0-255,2902,142349,63,230929
3112,0.002949,74.125.24.0-255,5738,148087,63,230929
3113,0.002977,74.125.24.0-255,5020,153107,63,230929
3114,0.002996,74.125.24.0-255,7156,160263,63,230929
3115,0.003009,74.125.24.0-255,2902,163165,63,230929
3116,0.003024,74.125.24.0-255,2184,165349,63,230929
3117,0.003036,74.125.24.0-255,1484,166833,63,230929
3118,0.00304,74.125.24.0-255,2902,169735,63,230929
3119,0.003068,74.125.24.0-255,5738,175473,63,230929
3120,0.003071,74.125.24.0-255,1484,176957,63,230929
3121,0.00309,74.125.24.0-255,5738,182695,63,230929
3122,0.003093,74.125.24.0-255,1484,184179,63,230929
3123,0.003127,74.125.24.0-255,2184,186363,63,230929
3124,0.003203,74.125.24.0-255,1484,187847,63,230929
3125,0.003206,74.125.24.0-255,1484,189331,63,230929
3126,0.00323,74.125.24.0-255,1484,190815,63,230929
3127,0.003237,74.125.24.0-255,5738,196553,63,230929
3128,0.003298,74.125.24.0-255,4320,200873,63,230929
3129,0.003364,74.125.24.0-255,1484,202357,63,230929
3130,0.003376,74.125.24.0-255,2902,205259,63,230929
3131,0.003396,74.125.24.0-255,5738,210997,63,230929
3132,0.003415,74.125.24.0-255,4320,215317,63,230929
3133,0.003432,74.125.24.0-255,2902,218219,63,230929
3134,0.003439,74.125.24.0-255,5738,223957,63,230929
3135,0.00345,74.125.24.0-255,1484,225441,63,230929
3136,0.003463,74.125.24.0-255,2902,228343,63,230929
3137,0.003493,74.125.24.0-255,2244,230587,63,230929
3138,0.003532,74.125.24.0-255,105,230692,63,230929
3139,0.006431,172.31.40.0-255,66,230758,63,230929
3140,0.008962,172.31.40.0-255,105,230863,63,230929
3141,0.011341,74.125.24.0-255,66,230929,63,230929
3142,0.0,172.217.194.0-255,153,153,63,197633
3143,2.2e-05,172.31.40.0-255,66,219,63,197633
3144,2.9e-05,172.217.194.0-255,1484,1703,63,197633
3145,3.4e-05,172.31.40.0-255,66,1769,63,197633
3146,4e-05,172.217.194.0-255,2902,4671,63,197633
3147,4.4e-05,172.31.40.0-255,66,4737,63,197633
3148,5.1e-05,172.217.194.0-255,7156,11893,63,197633
3149,5.5e-05,172.31.40.0-255,66,11959,63,197633
3150,7.9e-05,172.217.194.0-255,2099,14058,63,197633
3151,8.2e-05,172.31.40.0-255,66,14124,63,197633
3152,0.000125,172.217.194.0-255,2902,17026,63,197633
3153,0.000128,172.31.40.0-255,66,17092,63,197633
3154,0.000134,172.217.194.0-255,4320,21412,63,197633
3155,0.000136,172.31.40.0-255,66,21478,63,197633
3156,0.000147,172.31.40.0-255,66,21544,63,197633
3157,0.00017,172.217.194.0-255,1125,22669,63,197633
3158,0.000173,172.31.40.0-255,66,22735,63,197633
3159,0.000275,172.217.194.0-255,1484,24219,63,197633
3160,0.000279,172.31.40.0-255,66,24285,63,197633
3161,0.000284,172.217.194.0-255,2902,27187,63,197633
3162,0.000286,172.31.40.0-255,66,27253,63,197633
3163,0.000289,172.217.194.0-255,1484,28737,63,197633
3164,0.000292,172.31.40.0-255,66,28803,63,197633
3165,0.000299,172.217.194.0-255,5738,34541,63,197633
3166,0.000301,172.31.40.0-255,66,34607,63,197633
3167,0.000327,172.217.194.0-255,5379,39986,63,197633
3168,0.00033,172.31.40.0-255,66,40052,63,197633
3169,0.000336,172.217.194.0-255,5738,45790,63,197633
3170,0.000339,172.31.40.0-255,66,45856,63,197633
3171,0.000392,172.217.194.0-255,5738,51594,63,197633
3172,0.000395,172.31.40.0-255,66,51660,63,197633
3173,0.000412,172.217.194.0-255,5379,57039,63,197633
3174,0.000415,172.31.40.0-255,66,57105,63,197633
3175,0.000601,172.217.194.0-255,646,57751,63,197633
3176,0.000717,172.217.194.0-255,1484,59235,63,197633
3177,0.000722,172.31.40.0-255,66,59301,63,197633
3178,0.000732,172.217.194.0-255,2902,62203,63,197633
3179,0.000734,172.31.40.0-255,66,62269,63,197633
3180,0.00077,172.217.194.0-255,5738,68007,63,197633
3181,0.000773,172.31.40.0-255,66,68073,63,197633
3182,0.000781,172.217.194.0-255,7156,75229,63,197633
3183,0.000782,172.31.40.0-255,66,75295,63,197633
3184,0.000787,172.217.194.0-255,2902,78197,63,197633
3185,0.00079,172.31.40.0-255,66,78263,63,197633
3186,0.000821,172.31.40.0-255,66,78329,63,197633
3187,0.000845,172.217.194.0-255,1484,79813,63,197633
3188,0.00085,172.217.194.0-255,2184,81997,63,197633
3189,0.000853,172.31.40.0-255,66,82063,63,197633
3190,0.000855,172.217.194.0-255,1484,83547,63,197633
3191,0.000873,172.217.194.0-255,2902,86449,63,197633
3192,0.000876,172.31.40.0-255,66,86515,63,197633
3193,0.000905,172.217.194.0-255,5738,92253,63,197633
3194,0.000909,172.31.40.0-255,66,92319,63,197633
3195,0.000914,172.217.194.0-255,4320,96639,63,197633
3196,0.000916,172.31.40.0-255,66,96705,63,197633
3197,0.00094,172.31.40.0-255,66,96771,63,197633
3198,0.000976,172.217.194.0-255,5738,102509,63,197633
3199,0.000978,172.31.40.0-255,66,102575,63,197633
3200,0.000992,172.217.194.0-255,2902,105477,63,197633
3201,0.000995,172.31.40.0-255,66,105543,63,197633
3202,0.000999,172.217.194.0-255,2184,107727,63,197633
3203,0.001002,172.31.40.0-255,66,107793,63,197633
3204,0.001185,172.217.194.0-255,1484,109277,63,197633
3205,0.001191,172.217.194.0-255,2902,112179,63,197633
3206,0.001194,172.31.40.0-255,66,112245,63,197633
3207,0.001201,172.217.194.0-255,5738,117983,63,197633
3208,0.001204,172.31.40.0-255,66,118049,63,197633
3209,0.001207,172.217.194.0-255,1484,119533,63,197633
3210,0.00123,172.217.194.0-255,5738,125271,63,197633
3211,0.001233,172.31.40.0-255,66,125337,63,197633
3212,0.001236,172.217.194.0-255,1484,126821,63,197633
3213,0.001261,172.31.40.0-255,66,126887,63,197633
3214,0.001281,172.217.194.0-255,2902,129789,63,197633
3215,0.001284,172.31.40.0-255,66,129855,63,197633
3216,0.001288,172.217.194.0-255,2184,132039,63,197633
3217,0.00129,172.31.40.0-255,66,132105,63,197633
3218,0.001319,172.217.194.0-255,2902,135007,63,197633
3219,0.001322,172.31.40.0-255,66,135073,63,197633
3220,0.001328,172.217.194.0-255,5738,140811,63,197633
3221,0.00133,172.31.40.0-255,66,140877,63,197633
3222,0.001353,172.217.194.0-255,1484,142361,63,197633
3223,0.001356,172.31.40.0-255,66,142427,63,197633
3224,0.001369,172.217.194.0-255,2902,145329,63,197633
3225,0.001399,172.31.40.0-255,66,145395,63,197633
3226,0.001407,172.31.40.0-255,66,145461,63,197633
3227,0.001513,172.217.194.0-255,1484,146945,63,197633
3228,0.001519,172.217.194.0-255,2902,149847,63,197633
3229,0.001522,172.31.40.0-255,66,149913,63,197633
3230,0.001527,172.217.194.0-255,2902,152815,63,197633
3231,0.001543,172.217.194.0-255,2902,155717,63,197633
3232,0.001546,172.217.194.0-255,1484,157201,63,197633
3233,0.001557,172.31.40.0-255,66,157267,63,197633
3234,0.001587,172.31.40.0-255,66,157333,63,197633
3235,0.001598,172.217.194.0-255,1484,158817,63,197633
3236,0.001601,172.217.194.0-255,766,159583,63,197633
3237,0.001618,172.31.40.0-255,66,159649,63,197633
3238,0.001702,172.217.194.0-255,1484,161133,63,197633
3239,0.001719,172.217.194.0-255,2902,164035,63,197633
3240,0.001725,172.31.40.0-255,66,164101,63,197633
3241,0.00174,172.217.194.0-255,5738,169839,63,197633
3242,0.00176,172.217.194.0-255,5738,175577,63,197633
3243,0.001781,172.217.194.0-255,7156,182733,63,197633
3244,0.001805,172.31.40.0-255,66,182799,63,197633
3245,0.001819,172.217.194.0-255,1484,184283,63,197633
3246,0.001872,172.217.194.0-255,5020,189303,63,197633
3247,0.001894,172.31.40.0-255,66,189369,63,197633
3248,0.0019,172.217.194.0-255,3602,192971,63,197633
3249,0.001945,172.31.40.0-255,66,193037,63,197633
3250,0.001995,172.217.194.0-255,1484,194521,63,197633
3251,0.002007,172.31.40.0-255,66,194587,63,197633
3252,0.00204,172.31.40.0-255,66,194653,63,197633
3253,0.002066,172.31.40.0-255,66,194719,63,197633
3254,0.002074,172.217.194.0-255,1484,196203,63,197633
3255,0.002132,172.217.194.0-255,925,197128,63,197633
3256,0.002135,172.217.194.0-255,97,197225,63,197633
3257,0.002137,172.31.40.0-255,66,197291,63,197633
3258,0.002212,172.217.194.0-255,105,197396,63,197633
3259,0.004487,172.31.40.0-255,66,197462,63,197633
3260,0.004529,172.31.40.0-255,105,197567,63,197633
3261,0.007171,172.217.194.0-255,66,197633,63,197633
3262,0.0,172.217.194.0-255,146,146,63,184323
3263,2.2e-05,172.31.40.0-255,66,212,63,184323
3264,2.9e-05,172.217.194.0-255,1484,1696,63,184323
3265,3.5e-05,172.31.40.0-255,66,1762,63,184323
3266,4e-05,172.217.194.0-255,2902,4664,63,184323
3267,4.4e-05,172.31.40.0-255,66,4730,63,184323
3268,5.2e-05,172.217.194.0-255,7156,11886,63,184323
3269,5.4e-05,172.31.40.0-255,66,11952,63,184323
3270,7.9e-05,172.217.194.0-255,2138,14090,63,184323
3271,8.1e-05,172.31.40.0-255,66,14156,63,184323
3272,0.000186,172.217.194.0-255,1484,15640,63,184323
3273,0.000189,172.31.40.0-255,66,15706,63,184323
3274,0.000195,172.217.194.0-255,2902,18608,63,184323
3275,0.000198,172.31.40.0-255,66,18674,63,184323
3276,0.000201,172.217.194.0-255,1484,20158,63,184323
3277,0.000203,172.31.40.0-255,66,20224,63,184323
3278,0.000222,172.217.194.0-255,4320,24544,63,184323
3279,0.000225,172.31.40.0-255,66,24610,63,184323
3280,0.000231,172.217.194.0-255,5738,30348,63,184323
3281,0.000234,172.31.40.0-255,66,30414,63,184323
3282,0.000257,172.217.194.0-255,2902,33316,63,184323
3283,0.000259,172.31.40.0-255,66,33382,63,184323
3284,0.00028,172.31.40.0-255,66,33448,63,184323
3285,0.000319,172.31.40.0-255,66,33514,63,184323
3286,0.00034,172.217.194.0-255,5738,39252,63,184323
3287,0.000343,172.31.40.0-255,66,39318,63,184323
3288,0.000359,172.217.194.0-255,766,40084,63,184323
3289,0.000361,172.31.40.0-255,66,40150,63,184323
3290,0.000444,172.217.194.0-255,647,40797,63,184323
3291,0.000448,172.31.40.0-255,66,40863,63,184323
3292,0.000625,172.217.194.0-255,1484,42347,63,184323
3293,0.000632,172.217.194.0-255,2902,45249,63,184323
3294,0.000636,172.31.40.0-255,66,45315,63,184323
3295,0.000654,172.217.194.0-255,4320,49635,63,184323
3296,0.000658,172.31.40.0-255,66,49701,63,184323
3297,0.000676,172.217.194.0-255,1484,51185,63,184323
3298,0.000684,172.217.194.0-255,6247,57432,63,184323
3299,0.000687,172.31.40.0-255,66,57498,63,184323
3300,0.00087,172.217.194.0-255,1484,58982,63,184323
3301,0.000875,172.217.194.0-255,2902,61884,63,184323
3302,0.000879,172.31.40.0-255,66,61950,63,184323
3303,0.000903,172.217.194.0-255,5738,67688,63,184323
3304,0.000905,172.31.40.0-255,66,67754,63,184323
3305,0.000939,172.31.40.0-255,66,67820,63,184323
3306,0.000945,172.217.194.0-255,5738,73558,63,184323
3307,0.000948,172.31.40.0-255,66,73624,63,184323
3308,0.000975,172.217.194.0-255,5020,78644,63,184323
3309,0.000978,172.31.40.0-255,66,78710,63,184323
3310,0.000985,172.217.194.0-255,7156,85866,63,184323
3311,0.000988,172.31.40.0-255,66,85932,63,184323
3312,0.001007,172.217.194.0-255,4320,90252,63,184323
3313,0.001009,172.31.40.0-255,66,90318,63,184323
3314,0.001015,172.217.194.0-255,4320,94638,63,184323
3315,0.001017,172.31.40.0-255,66,94704,63,184323
3316,0.001031,172.217.194.0-255,1125,95829,63,184323
3317,0.001095,172.217.194.0-255,1484,97313,63,184323
3318,0.001098,172.31.40.0-255,66,97379,63,184323
3319,0.001104,172.217.194.0-255,2902,100281,63,184323
3320,0.001106,172.31.40.0-255,66,100347,63,184323
3321,0.001123,172.217.194.0-255,5738,106085,63,184323
3322,0.001126,172.31.40.0-255,66,106151,63,184323
3323,0.00113,172.217.194.0-255,1484,107635,63,184323
3324,0.001159,172.31.40.0-255,66,107701,63,184323
3325,0.00117,172.31.40.0-255,66,107767,63,184323
3326,0.001194,172.217.194.0-255,766,108533,63,184323
3327,0.001447,172.217.194.0-255,1484,110017,63,184323
3328,0.001451,172.31.40.0-255,66,110083,63,184323
3329,0.001456,172.217.194.0-255,2902,112985,63,184323
3330,0.001459,172.31.40.0-255,66,113051,63,184323
3331,0.001482,172.217.194.0-255,5738,118789,63,184323
3332,0.001485,172.31.40.0-255,66,118855,63,184323
3333,0.001497,172.31.40.0-255,66,118921,63,184323
3334,0.001522,172.217.194.0-255,2902,121823,63,184323
3335,0.001535,172.31.40.0-255,66,121889,63,184323
3336,0.001542,172.31.40.0-255,66,121955,63,184323
3337,0.002089,172.217.194.0-255,1484,123439,63,184323
3338,0.002106,172.217.194.0-255,2902,126341,63,184323
3339,0.00211,172.31.40.0-255,66,126407,63,184323
3340,0.002114,172.217.194.0-255,1484,127891,63,184323
3341,0.002127,172.217.194.0-255,4320,132211,63,184323
3342,0.002129,172.31.40.0-255,66,132277,63,184323
3343,0.002163,172.31.40.0-255,66,132343,63,184323
3344,0.002167,172.217.194.0-255,1484,133827,63,184323
3345,0.002182,172.217.194.0-255,4320,138147,63,184323
3346,0.002184,172.31.40.0-255,66,138213,63,184323
3347,0.002208,172.217.194.0-255,2902,141115,63,184323
3348,0.002211,172.31.40.0-255,66,141181,63,184323
3349,0.002231,172.217.194.0-255,2184,143365,63,184323
3350,0.002234,172.31.40.0-255,66,143431,63,184323
3351,0.0046,172.217.194.0-255,2902,146333,63,184323
3352,0.004606,172.31.40.0-255,66,146399,63,184323
3353,0.004625,172.217.194.0-255,2902,149301,63,184323
3354,0.004627,172.31.40.0-255,66,149367,63,184323
3355,0.007018,172.217.194.0-255,2902,152269,63,184323
3356,0.007021,172.31.40.0-255,66,152335,63,184323
3357,0.007041,172.217.194.0-255,2902,155237,63,184323
3358,0.007043,172.31.40.0-255,66,155303,63,184323
3359,0.009396,172.217.194.0-255,5738,161041,63,184323
3360,0.009402,172.31.40.0-255,66,161107,63,184323
3361,0.011728,172.217.194.0-255,5738,166845,63,184323
3362,0.011737,172.31.40.0-255,66,166911,63,184323
3363,0.014101,172.217.194.0-255,5738,172649,63,184323
3364,0.014117,172.31.40.0-255,66,172715,63,184323
3365,0.016534,172.217.194.0-255,5738,178453,63,184323
3366,0.016549,172.31.40.0-255,66,178519,63,184323
3367,0.018909,172.217.194.0-255,5738,184257,63,184323
3368,0.018925,172.31.40.0-255,66,184323,63,184323
3369,0.0,172.217.194.0-255,153,153,63,221490
3370,1.7e-05,172.31.40.0-255,66,219,63,221490
3371,2.4e-05,172.217.194.0-255,1484,1703,63,221490
3372,2.8e-05,172.31.40.0-255,66,1769,63,221490
3373,4.3e-05,172.217.194.0-255,2902,4671,63,221490
3374,4.8e-05,172.31.40.0-255,66,4737,63,221490
3375,5.6e-05,172.217.194.0-255,7156,11893,63,221490
3376,5.9e-05,172.31.40.0-255,66,11959,63,221490
3377,6.4e-05,172.217.194.0-255,3502,15461,63,221490
3378,6.7e-05,172.31.40.0-255,66,15527,63,221490
3379,7.2e-05,172.217.194.0-255,2902,18429,63,221490
3380,7.4e-05,172.31.40.0-255,66,18495,63,221490
3381,0.000116,172.31.40.0-255,66,18561,63,221490
3382,0.000121,172.217.194.0-255,2543,21104,63,221490
3383,0.000123,172.31.40.0-255,66,21170,63,221490
3384,0.00032,172.217.194.0-255,1484,22654,63,221490
3385,0.000327,172.31.40.0-255,66,22720,63,221490
3386,0.000331,172.217.194.0-255,1484,24204,63,221490
3387,0.000333,172.31.40.0-255,66,24270,63,221490
3388,0.000368,172.217.194.0-255,1484,25754,63,221490
3389,0.000371,172.31.40.0-255,66,25820,63,221490
3390,0.000379,172.217.194.0-255,5738,31558,63,221490
3391,0.000381,172.31.40.0-255,66,31624,63,221490
3392,0.000387,172.217.194.0-255,5738,37362,63,221490
3393,0.000403,172.31.40.0-255,66,37428,63,221490
3394,0.000406,172.217.194.0-255,1125,38553,63,221490
3395,0.000408,172.31.40.0-255,66,38619,63,221490
3396,0.000494,172.217.194.0-255,1484,40103,63,221490
3397,0.000498,172.31.40.0-255,66,40169,63,221490
3398,0.000525,172.217.194.0-255,2902,43071,63,221490
3399,0.000528,172.31.40.0-255,66,43137,63,221490
3400,0.000535,172.217.194.0-255,5738,48875,63,221490
3401,0.00057,172.217.194.0-255,5738,54613,63,221490
3402,0.000573,172.31.40.0-255,66,54679,63,221490
3403,0.000578,172.31.40.0-255,66,54745,63,221490
3404,0.000598,172.217.194.0-255,1125,55870,63,221490
3405,0.00078,172.217.194.0-255,1484,57354,63,221490
3406,0.000784,172.217.194.0-255,1484,58838,63,221490
3407,0.0008,172.217.194.0-255,1484,60322,63,221490
3408,0.000806,172.217.194.0-255,5738,66060,63,221490
3409,0.000808,172.217.194.0-255,1484,67544,63,221490
3410,0.000819,172.217.194.0-255,2902,70446,63,221490
3411,0.000824,172.31.40.0-255,66,70512,63,221490
3412,0.000871,172.217.194.0-255,3122,73634,63,221490
3413,0.000884,172.31.40.0-255,66,73700,63,221490
3414,0.001063,172.217.194.0-255,1484,75184,63,221490
3415,0.001077,172.217.194.0-255,1484,76668,63,221490
3416,0.00108,172.31.40.0-255,66,76734,63,221490
3417,0.001108,172.217.194.0-255,1484,78218,63,221490
3418,0.001112,172.217.194.0-255,2902,81120,63,221490
3419,0.001118,172.217.194.0-255,7156,88276,63,221490
3420,0.001124,172.31.40.0-255,66,88342,63,221490
3421,0.001149,172.217.194.0-255,4320,92662,63,221490
3422,0.001154,172.31.40.0-255,66,92728,63,221490
3423,0.001196,172.31.40.0-255,66,92794,63,221490
3424,0.00122,172.217.194.0-255,5020,97814,63,221490
3425,0.001226,172.31.40.0-255,66,97880,63,221490
3426,0.001762,172.217.194.0-255,1484,99364,63,221490
3427,0.001783,172.217.194.0-255,2902,102266,63,221490
3428,0.001787,172.31.40.0-255,66,102332,63,221490
3429,0.001792,172.217.194.0-255,1484,103816,63,221490
3430,0.001813,172.217.194.0-255,1484,105300,63,221490
3431,0.001816,172.217.194.0-255,1484,106784,63,221490
3432,0.001838,172.217.194.0-255,5738,112522,63,221490
3433,0.001863,172.217.194.0-255,2902,115424,63,221490
3434,0.00188,172.217.194.0-255,7156,122580,63,221490
3435,0.001891,172.217.194.0-255,4320,126900,63,221490
3436,0.001893,172.217.194.0-255,1484,128384,63,221490
3437,0.001912,172.217.194.0-255,2008,130392,63,221490
3438,0.002067,172.217.194.0-255,1484,131876,63,221490
3439,0.002072,172.217.194.0-255,1484,133360,63,221490
3440,0.002084,172.217.194.0-255,1484,134844,63,221490
3441,0.002089,172.217.194.0-255,2902,137746,63,221490
3442,0.002107,172.217.194.0-255,2902,140648,63,221490
3443,0.002114,172.217.194.0-255,7156,147804,63,221490
3444,0.002178,172.217.194.0-255,2184,149988,63,221490
3445,0.00221,172.217.194.0-255,4320,154308,63,221490
3446,0.002228,172.217.194.0-255,5738,160046,63,221490
3447,0.002234,172.217.194.0-255,5738,165784,63,221490
3448,0.002256,172.217.194.0-255,5738,171522,63,221490
3449,0.002259,172.217.194.0-255,1484,173006,63,221490
3450,0.002296,172.217.194.0-255,4320,177326,63,221490
3451,0.002322,172.217.194.0-255,7156,184482,63,221490
3452,0.002342,172.217.194.0-255,7156,191638,63,221490
3453,0.002355,172.217.194.0-255,766,192404,63,221490
3454,0.006238,172.31.40.0-255,66,192470,63,221490
3455,0.008789,172.217.194.0-255,5738,198208,63,221490
3456,0.008796,172.31.40.0-255,66,198274,63,221490
3457,0.011307,172.217.194.0-255,5738,204012,63,221490
3458,0.011317,172.31.40.0-255,66,204078,63,221490
3459,0.01382,172.217.194.0-255,5738,209816,63,221490
3460,0.013828,172.31.40.0-255,66,209882,63,221490
3461,0.016334,172.217.194.0-255,5738,215620,63,221490
3462,0.016342,172.31.40.0-255,66,215686,63,221490
3463,0.01887,172.217.194.0-255,5738,221424,63,221490
3464,0.018881,172.31.40.0-255,66,221490,63,221490
3465,0.0,74.125.130.0-255,153,153,63,228611
3466,2.6e-05,172.31.40.0-255,66,219,63,228611
3467,3.5e-05,74.125.130.0-255,1484,1703,63,228611
3468,4.1e-05,172.31.40.0-255,66,1769,63,228611
3469,4.6e-05,74.125.130.0-255,2902,4671,63,228611
3470,5.9e-05,172.31.40.0-255,66,4737,63,228611
3471,6.7e-05,74.125.130.0-255,7156,11893,63,228611
3472,7e-05,172.31.40.0-255,66,11959,63,228611
3473,9.4e-05,74.125.130.0-255,2094,14053,63,228611
3474,9.7e-05,172.31.40.0-255,66,14119,63,228611
3475,0.000373,74.125.130.0-255,1484,15603,63,228611
3476,0.00038,172.31.40.0-255,66,15669,63,228611
3477,0.000386,74.125.130.0-255,2902,18571,63,228611
3478,0.000389,172.31.40.0-255,66,18637,63,228611
3479,0.000423,74.125.130.0-255,5738,24375,63,228611
3480,0.000428,172.31.40.0-255,66,24441,63,228611
3481,0.000431,74.125.130.0-255,1484,25925,63,228611
3482,0.000433,172.31.40.0-255,66,25991,63,228611
3483,0.000459,74.125.130.0-255,2902,28893,63,228611
3484,0.000462,172.31.40.0-255,66,28959,63,228611
3485,0.000489,74.125.130.0-255,2543,31502,63,228611
3486,0.000491,172.31.40.0-255,66,31568,63,228611
3487,0.000495,74.125.130.0-255,2902,34470,63,228611
3488,0.000498,172.31.40.0-255,66,34536,63,228611
3489,0.000503,74.125.130.0-255,2902,37438,63,228611
3490,0.000505,172.31.40.0-255,66,37504,63,228611
3491,0.000532,74.125.130.0-255,4320,41824,63,228611
3492,0.000535,172.31.40.0-255,66,41890,63,228611
3493,0.000561,74.125.130.0-255,4320,46210,63,228611
3494,0.000563,172.31.40.0-255,66,46276,63,228611
3495,0.000579,74.125.130.0-255,2543,48819,63,228611
3496,0.000582,172.31.40.0-255,66,48885,63,228611
3497,0.000884,74.125.130.0-255,1484,50369,63,228611
3498,0.000906,74.125.130.0-255,2902,53271,63,228611
3499,0.000919,172.31.40.0-255,66,53337,63,228611
3500,0.000926,74.125.130.0-255,5738,59075,63,228611
3501,0.000931,172.31.40.0-255,66,59141,63,228611
3502,0.000956,74.125.130.0-255,6797,65938,63,228611
3503,0.000978,172.31.40.0-255,66,66004,63,228611
3504,0.001093,74.125.130.0-255,1484,67488,63,228611
3505,0.001098,74.125.130.0-255,2902,70390,63,228611
3506,0.001106,172.31.40.0-255,66,70456,63,228611
3507,0.001125,74.125.130.0-255,5738,76194,63,228611
3508,0.001146,74.125.130.0-255,4320,80514,63,228611
3509,0.001151,172.31.40.0-255,66,80580,63,228611
3510,0.00116,74.125.130.0-255,1484,82064,63,228611
3511,0.001187,74.125.130.0-255,3961,86025,63,228611
3512,0.001202,172.31.40.0-255,66,86091,63,228611
3513,0.001216,74.125.130.0-255,1484,87575,63,228611
3514,0.001225,74.125.130.0-255,2902,90477,63,228611
3515,0.001246,74.125.130.0-255,5738,96215,63,228611
3516,0.00128,74.125.130.0-255,1484,97699,63,228611
3517,0.001284,74.125.130.0-255,2543,100242,63,228611
3518,0.001286,172.31.40.0-255,66,100308,63,228611
3519,0.001291,172.31.40.0-255,66,100374,63,228611
3520,0.001334,74.125.130.0-255,645,101019,63,228611
3521,0.00176,74.125.130.0-255,1484,102503,63,228611
3522,0.001765,172.31.40.0-255,66,102569,63,228611
3523,0.00179,74.125.130.0-255,2902,105471,63,228611
3524,0.001796,172.31.40.0-255,66,105537,63,228611
3525,0.001807,74.125.130.0-255,2902,108439,63,228611
3526,0.001828,74.125.130.0-255,1484,109923,63,228611
3527,0.00183,172.31.40.0-255,66,109989,63,228611
3528,0.00184,74.125.130.0-255,2902,112891,63,228611
3529,0.001843,172.31.40.0-255,66,112957,63,228611
3530,0.00187,74.125.130.0-255,4831,117788,63,228611
3531,0.001878,172.31.40.0-255,66,117854,63,228611
3532,0.001922,74.125.130.0-255,1484,119338,63,228611
3533,0.001946,74.125.130.0-255,2902,122240,63,228611
3534,0.00197,74.125.130.0-255,5738,127978,63,228611
3535,0.001975,172.31.40.0-255,66,128044,63,228611
3536,0.002002,74.125.130.0-255,4320,132364,63,228611
3537,0.002015,74.125.130.0-255,2902,135266,63,228611
3538,0.002026,74.125.130.0-255,2902,138168,63,228611
3539,0.002036,172.31.40.0-255,66,138234,63,228611
3540,0.002069,74.125.130.0-255,2902,141136,63,228611
3541,0.002072,172.31.40.0-255,66,141202,63,228611
3542,0.002099,74.125.130.0-255,7156,148358,63,228611
3543,0.002112,74.125.130.0-255,1484,149842,63,228611
3544,0.002122,172.31.40.0-255,66,149908,63,228611
3545,0.00216,74.125.130.0-255,2184,152092,63,228611
3546,0.002163,74.125.130.0-255,2902,154994,63,228611
3547,0.002179,74.125.130.0-255,2902,157896,63,228611
3548,0.002191,74.125.130.0-255,4320,162216,63,228611
3549,0.002195,172.31.40.0-255,66,162282,63,228611
3550,0.002203,172.31.40.0-255,66,162348,63,228611
3551,0.002235,74.125.130.0-255,1484,163832,63,228611
3552,0.002253,74.125.130.0-255,5379,169211,63,228611
3553,0.002258,172.31.40.0-255,66,169277,63,228611
3554,0.002329,74.125.130.0-255,1484,170761,63,228611
3555,0.002346,74.125.130.0-255,1484,172245,63,228611
3556,0.002348,172.31.40.0-255,66,172311,63,228611
3557,0.002373,74.125.130.0-255,1484,173795,63,228611
3558,0.002376,74.125.130.0-255,1484,175279,63,228611
3559,0.002385,172.31.40.0-255,66,175345,63,228611
3560,0.0024,74.125.130.0-255,4320,179665,63,228611
3561,0.002439,172.31.40.0-255,66,179731,63,228611
3562,0.002498,74.125.130.0-255,4320,184051,63,228611
3563,0.002513,74.125.130.0-255,4320,188371,63,228611
3564,0.002523,172.31.40.0-255,66,188437,63,228611
3565,0.002533,74.125.130.0-255,1484,189921,63,228611
3566,0.002564,74.125.130.0-255,2902,192823,63,228611
3567,0.00257,172.31.40.0-255,66,192889,63,228611
3568,0.002578,74.125.130.0-255,2184,195073,63,228611
3569,0.002583,172.31.40.0-255,66,195139,63,228611
3570,0.005211,74.125.130.0-255,5738,200877,63,228611
3571,0.005218,172.31.40.0-255,66,200943,63,228611
3572,0.007821,74.125.130.0-255,5738,206681,63,228611
3573,0.007826,172.31.40.0-255,66,206747,63,228611
3574,0.010438,74.125.130.0-255,4320,211067,63,228611
3575,0.010444,172.31.40.0-255,66,211133,63,228611
3576,0.010471,74.125.130.0-255,1484,212617,63,228611
3577,0.01306,74.125.130.0-255,4320,216937,63,228611
3578,0.013069,172.31.40.0-255,66,217003,63,228611
3579,0.0157,74.125.130.0-255,5738,222741,63,228611
3580,0.015762,172.31.40.0-255,66,222807,63,228611
3581,0.018384,74.125.130.0-255,5738,228545,63,228611
3582,0.018393,172.31.40.0-255,66,228611,63,228611
3583,0.0,74.125.24.0-255,155,155,63,249979
3584,2e-05,172.31.40.0-255,66,221,63,249979
3585,2.8e-05,74.125.24.0-255,1484,1705,63,249979
3586,3.3e-05,172.31.40.0-255,66,1771,63,249979
3587,4.8e-05,74.125.24.0-255,2902,4673,63,249979
3588,5.1e-05,172.31.40.0-255,66,4739,63,249979
3589,5.9e-05,74.125.24.0-255,7156,11895,63,249979
3590,6.2e-05,172.31.40.0-255,66,11961,63,249979
3591,6.6e-05,74.125.24.0-255,2118,14079,63,249979
3592,6.9e-05,172.31.40.0-255,66,14145,63,249979
3593,0.000113,74.125.24.0-255,5738,19883,63,249979
3594,0.000117,172.31.40.0-255,66,19949,63,249979
3595,0.000145,74.125.24.0-255,5738,25687,63,249979
3596,0.000148,172.31.40.0-255,66,25753,63,249979
3597,0.00018,74.125.24.0-255,4320,30073,63,249979
3598,0.000182,172.31.40.0-255,66,30139,63,249979
3599,0.000204,74.125.24.0-255,1125,31264,63,249979
3600,0.000207,172.31.40.0-255,66,31330,63,249979
3601,0.000251,74.125.24.0-255,1484,32814,63,249979
3602,0.000253,172.31.40.0-255,66,32880,63,249979
3603,0.000258,74.125.24.0-255,2902,35782,63,249979
3604,0.00026,172.31.40.0-255,66,35848,63,249979
3605,0.000272,74.125.24.0-255,5738,41586,63,249979
3606,0.000275,172.31.40.0-255,66,41652,63,249979
3607,0.000295,74.125.24.0-255,2902,44554,63,249979
3608,0.000298,172.31.40.0-255,66,44620,63,249979
3609,0.000329,74.125.24.0-255,3961,48581,63,249979
3610,0.000332,172.31.40.0-255,66,48647,63,249979
3611,0.000577,74.125.24.0-255,1484,50131,63,249979
3612,0.000582,172.31.40.0-255,66,50197,63,249979
3613,0.000588,74.125.24.0-255,2902,53099,63,249979
3614,0.000591,172.31.40.0-255,66,53165,63,249979
3615,0.000601,74.125.24.0-255,5738,58903,63,249979
3616,0.000604,172.31.40.0-255,66,58969,63,249979
3617,0.000609,74.125.24.0-255,4320,63289,63,249979
3618,0.000612,172.31.40.0-255,66,63355,63,249979
3619,0.000648,172.31.40.0-255,66,63421,63,249979
3620,0.000671,74.125.24.0-255,3961,67382,63,249979
3621,0.000674,172.31.40.0-255,66,67448,63,249979
3622,0.000684,172.31.40.0-255,66,67514,63,249979
3623,0.000711,74.125.24.0-255,4320,71834,63,249979
3624,0.000714,172.31.40.0-255,66,71900,63,249979
3625,0.000737,74.125.24.0-255,1484,73384,63,249979
3626,0.000745,74.125.24.0-255,7156,80540,63,249979
3627,0.000748,172.31.40.0-255,66,80606,63,249979
3628,0.000791,74.125.24.0-255,3961,84567,63,249979
3629,0.000794,172.31.40.0-255,66,84633,63,249979
3630,0.000943,74.125.24.0-255,1484,86117,63,249979
3631,0.000948,74.125.24.0-255,2902,89019,63,249979
3632,0.000952,172.31.40.0-255,66,89085,63,249979
3633,0.000959,74.125.24.0-255,5738,94823,63,249979
3634,0.000961,172.31.40.0-255,66,94889,63,249979
3635,0.000981,74.125.24.0-255,5738,100627,63,249979
3636,0.000983,172.31.40.0-255,66,100693,63,249979
3637,0.001018,74.125.24.0-255,7156,107849,63,249979
3638,0.001022,172.31.40.0-255,66,107915,63,249979
3639,0.001038,172.31.40.0-255,66,107981,63,249979
3640,0.00144,74.125.24.0-255,1484,109465,63,249979
3641,0.001446,74.125.24.0-255,2902,112367,63,249979
3642,0.001449,172.31.40.0-255,66,112433,63,249979
3643,0.001455,74.125.24.0-255,2902,115335,63,249979
3644,0.001457,172.31.40.0-255,66,115401,63,249979
3645,0.001488,74.125.24.0-255,2902,118303,63,249979
3646,0.001495,172.31.40.0-255,66,118369,63,249979
3647,0.0015,74.125.24.0-255,4320,122689,63,249979
3648,0.001502,172.31.40.0-255,66,122755,63,249979
3649,0.001509,74.125.24.0-255,5738,128493,63,249979
3650,0.001511,172.31.40.0-255,66,128559,63,249979
3651,0.001538,74.125.24.0-255,5738,134297,63,249979
3652,0.001541,172.31.40.0-255,66,134363,63,249979
3653,0.001547,74.125.24.0-255,5738,140101,63,249979
3654,0.00155,172.31.40.0-255,66,140167,63,249979
3655,0.001584,74.125.24.0-255,2184,142351,63,249979
3656,0.001587,172.31.40.0-255,66,142417,63,249979
3657,0.001983,74.125.24.0-255,1484,143901,63,249979
3658,0.001989,74.125.24.0-255,2902,146803,63,249979
3659,0.001993,172.31.40.0-255,66,146869,63,249979
3660,0.001998,74.125.24.0-255,2902,149771,63,249979
3661,0.002,172.31.40.0-255,66,149837,63,249979
3662,0.002032,74.125.24.0-255,2902,152739,63,249979
3663,0.002052,172.31.40.0-255,66,152805,63,249979
3664,0.002055,172.31.40.0-255,66,152871,63,249979
3665,0.002058,74.125.24.0-255,1484,154355,63,249979
3666,0.002066,74.125.24.0-255,7156,161511,63,249979
3667,0.002068,172.31.40.0-255,66,161577,63,249979
3668,0.002108,74.125.24.0-255,6438,168015,63,249979
3669,0.002115,74.125.24.0-255,7156,175171,63,249979
3670,0.002121,74.125.24.0-255,4320,179491,63,249979
3671,0.002126,172.31.40.0-255,66,179557,63,249979
3672,0.002129,172.31.40.0-255,66,179623,63,249979
3673,0.002131,172.31.40.0-255,66,179689,63,249979
3674,0.002176,172.31.40.0-255,66,179755,63,249979
3675,0.002179,74.125.24.0-255,766,180521,63,249979
3676,0.002206,74.125.24.0-255,1484,182005,63,249979
3677,0.002209,172.31.40.0-255,66,182071,63,249979
3678,0.002214,74.125.24.0-255,2902,184973,63,249979
3679,0.002216,172.31.40.0-255,66,185039,63,249979
3680,0.00222,74.125.24.0-255,2902,187941,63,249979
3681,0.002223,172.31.40.0-255,66,188007,63,249979
3682,0.002256,74.125.24.0-255,2902,190909,63,249979
3683,0.002259,172.31.40.0-255,66,190975,63,249979
3684,0.002265,74.125.24.0-255,4320,195295,63,249979
3685,0.002267,172.31.40.0-255,66,195361,63,249979
3686,0.002279,74.125.24.0-255,5738,201099,63,249979
3687,0.002282,172.31.40.0-255,66,201165,63,249979
3688,0.002294,172.31.40.0-255,66,201231,63,249979
3689,0.002298,74.125.24.0-255,3602,204833,63,249979
3690,0.002301,172.31.40.0-255,66,204899,63,249979
3691,0.002306,74.125.24.0-255,4320,209219,63,249979
3692,0.002309,172.31.40.0-255,66,209285,63,249979
3693,0.00232,172.31.40.0-255,66,209351,63,249979
3694,0.004611,74.125.24.0-255,5738,215089,63,249979
3695,0.004632,172.31.40.0-255,66,215155,63,249979
3696,0.006959,74.125.24.0-255,5738,220893,63,249979
3697,0.006973,172.31.40.0-255,66,220959,63,249979
3698,0.009269,74.125.24.0-255,5738,226697,63,249979
3699,0.009291,172.31.40.0-255,66,226763,63,249979
3700,0.011564,74.125.24.0-255,5738,232501,63,249979
3701,0.011569,172.31.40.0-255,66,232567,63,249979
3702,0.013856,74.125.24.0-255,5738,238305,63,249979
3703,0.013863,172.31.40.0-255,66,238371,63,249979
3704,0.01614,74.125.24.0-255,5738,244109,63,249979
3705,0.016148,172.31.40.0-255,66,244175,63,249979
3706,0.018406,74.125.24.0-255,5738,249913,63,249979
3707,0.018415,172.31.40.0-255,66,249979,63,249979
3708,0.0,74.125.68.0-255,150,150,63,211217
3709,1.5e-05,172.31.40.0-255,66,216,63,211217
3710,2.2e-05,74.125.68.0-255,1484,1700,63,211217
3711,2.6e-05,172.31.40.0-255,66,1766,63,211217
3712,3.2e-05,74.125.68.0-255,2902,4668,63,211217
3713,4.2e-05,172.31.40.0-255,66,4734,63,211217
3714,5e-05,74.125.68.0-255,7156,11890,63,211217
3715,5.3e-05,172.31.40.0-255,66,11956,63,211217
3716,5.7e-05,74.125.68.0-255,1984,13940,63,211217
3717,6e-05,172.31.40.0-255,66,14006,63,211217
3718,0.000171,74.125.68.0-255,1484,15490,63,211217
3719,0.000175,172.31.40.0-255,66,15556,63,211217
3720,0.000179,74.125.68.0-255,1484,17040,63,211217
3721,0.000182,172.31.40.0-255,66,17106,63,211217
3722,0.000204,74.125.68.0-255,1484,18590,63,211217
3723,0.000206,172.31.40.0-255,66,18656,63,211217
3724,0.000227,74.125.68.0-255,5738,24394,63,211217
3725,0.000231,172.31.40.0-255,66,24460,63,211217
3726,0.000238,74.125.68.0-255,6797,31257,63,211217
3727,0.00024,172.31.40.0-255,66,31323,63,211217
3728,0.000271,74.125.68.0-255,7156,38479,63,211217
3729,0.000274,172.31.40.0-255,66,38545,63,211217
3730,0.000277,74.125.68.0-255,1484,40029,63,211217
3731,0.000278,172.31.40.0-255,66,40095,63,211217
3732,0.000315,74.125.68.0-255,7156,47251,63,211217
3733,0.000318,172.31.40.0-255,66,47317,63,211217
3734,0.000325,74.125.68.0-255,7156,54473,63,211217
3735,0.000327,172.31.40.0-255,66,54539,63,211217
3736,0.000348,74.125.68.0-255,1484,56023,63,211217
3737,0.00035,172.31.40.0-255,66,56089,63,211217
3738,0.000367,172.31.40.0-255,66,56155,63,211217
3739,0.00037,74.125.68.0-255,397,56552,63,211217
3740,0.000374,74.125.68.0-255,111,56663,63,211217
3741,0.000464,74.125.68.0-255,1484,58147,63,211217
3742,0.000467,74.125.68.0-255,1484,59631,63,211217
3743,0.000477,74.125.68.0-255,1484,61115,63,211217
3744,0.000516,74.125.68.0-255,5738,66853,63,211217
3745,0.000521,74.125.68.0-255,4320,71173,63,211217
3746,0.000545,74.125.68.0-255,5738,76911,63,211217
3747,0.000576,74.125.68.0-255,5738,82649,63,211217
3748,0.000596,74.125.68.0-255,5738,88387,63,211217
3749,0.000611,172.31.40.0-255,66,88453,63,211217
3750,0.000614,74.125.68.0-255,1484,89937,63,211217
3751,0.000617,74.125.68.0-255,766,90703,63,211217
3752,0.000627,172.31.40.0-255,66,90769,63,211217
3753,0.001336,74.125.68.0-255,1484,92253,63,211217
3754,0.001355,74.125.68.0-255,2902,95155,63,211217
3755,0.00136,172.31.40.0-255,66,95221,63,211217
3756,0.001389,74.125.68.0-255,4320,99541,63,211217
3757,0.001394,74.125.68.0-255,2902,102443,63,211217
3758,0.001416,74.125.68.0-255,2902,105345,63,211217
3759,0.001419,74.125.68.0-255,1484,106829,63,211217
3760,0.001425,172.31.40.0-255,66,106895,63,211217
3761,0.001449,74.125.68.0-255,5738,112633,63,211217
3762,0.001454,74.125.68.0-255,2902,115535,63,211217
3763,0.001463,172.31.40.0-255,66,115601,63,211217
3764,0.001483,74.125.68.0-255,5738,121339,63,211217
3765,0.001488,74.125.68.0-255,3602,124941,63,211217
3766,0.001509,172.31.40.0-255,66,125007,63,211217
3767,0.002095,74.125.68.0-255,1484,126491,63,211217
3768,0.002106,74.125.68.0-255,2902,129393,63,211217
3769,0.00211,172.31.40.0-255,66,129459,63,211217
3770,0.002146,74.125.68.0-255,5738,135197,63,211217
3771,0.002154,74.125.68.0-255,7156,142353,63,211217
3772,0.002176,74.125.68.0-255,1484,143837,63,211217
3773,0.002232,74.125.68.0-255,4320,148157,63,211217
3774,0.00225,74.125.68.0-255,3602,151759,63,211217
3775,0.002293,74.125.68.0-255,2902,154661,63,211217
3776,0.002314,74.125.68.0-255,4320,158981,63,211217
3777,0.002319,74.125.68.0-255,4320,163301,63,211217
3778,0.002343,74.125.68.0-255,4320,167621,63,211217
3779,0.002347,74.125.68.0-255,2902,170523,63,211217
3780,0.003461,172.31.40.0-255,66,170589,63,211217
3781,0.005766,74.125.68.0-255,5738,176327,63,211217
3782,0.005772,172.31.40.0-255,66,176393,63,211217
3783,0.008077,74.125.68.0-255,5738,182131,63,211217
3784,0.008083,172.31.40.0-255,66,182197,63,211217
3785,0.010394,74.125.68.0-255,5738,187935,63,211217
3786,0.010402,172.31.40.0-255,66,188001,63,211217
3787,0.012718,74.125.68.0-255,5738,193739,63,211217
3788,0.012726,172.31.40.0-255,66,193805,63,211217
3789,0.015042,74.125.68.0-255,5738,199543,63,211217
3790,0.015049,172.31.40.0-255,66,199609,63,211217
3791,0.017347,74.125.68.0-255,5738,205347,63,211217
3792,0.017355,172.31.40.0-255,66,205413,63,211217
3793,0.019653,74.125.68.0-255,5738,211151,63,211217
3794,0.01966,172.31.40.0-255,66,211217,63,211217
3795,0.0,172.217.160.0-255,153,153,63,143241
3796,2.2e-05,172.31.40.0-255,66,219,63,143241
3797,2.9e-05,172.217.160.0-255,1484,1703,63,143241
3798,3.4e-05,172.31.40.0-255,66,1769,63,143241
3799,4e-05,172.217.160.0-255,2902,4671,63,143241
3800,4.3e-05,172.31.40.0-255,66,4737,63,143241
3801,4.9e-05,172.217.160.0-255,7156,11893,63,143241
3802,5.4e-05,172.31.40.0-255,66,11959,63,143241
3803,5.8e-05,172.217.160.0-255,2038,13997,63,143241
3804,6e-05,172.31.40.0-255,66,14063,63,143241
3805,0.000285,172.217.160.0-255,1484,15547,63,143241
3806,0.000291,172.31.40.0-255,66,15613,63,143241
3807,0.000297,172.217.160.0-255,2902,18515,63,143241
3808,0.0003,172.31.40.0-255,66,18581,63,143241
3809,0.000339,172.217.160.0-255,1484,20065,63,143241
3810,0.000344,172.31.40.0-255,66,20131,63,143241
3811,0.000353,172.217.160.0-255,1484,21615,63,143241
3812,0.000356,172.31.40.0-255,66,21681,63,143241
3813,0.00037,172.217.160.0-255,1484,23165,63,143241
3814,0.000372,172.31.40.0-255,66,23231,63,143241
3815,0.000398,172.217.160.0-255,5738,28969,63,143241
3816,0.000401,172.31.40.0-255,66,29035,63,143241
3817,0.000405,172.217.160.0-255,2543,31578,63,143241
3818,0.000408,172.31.40.0-255,66,31644,63,143241
3819,0.000439,172.217.160.0-255,1484,33128,63,143241
3820,0.000442,172.31.40.0-255,66,33194,63,143241
3821,0.000447,172.217.160.0-255,2902,36096,63,143241
3822,0.000449,172.31.40.0-255,66,36162,63,143241
3823,0.000455,172.217.160.0-255,5738,41900,63,143241
3824,0.000458,172.31.40.0-255,66,41966,63,143241
3825,0.000473,172.217.160.0-255,1484,43450,63,143241
3826,0.000476,172.31.40.0-255,66,43516,63,143241
3827,0.000493,172.217.160.0-255,5379,48895,63,143241
3828,0.000495,172.31.40.0-255,66,48961,63,143241
3829,0.000684,172.217.160.0-255,1484,50445,63,143241
3830,0.000691,172.217.160.0-255,2902,53347,63,143241
3831,0.000694,172.31.40.0-255,66,53413,63,143241
3832,0.000698,172.217.160.0-255,1484,54897,63,143241
3833,0.000714,172.217.160.0-255,4320,59217,63,143241
3834,0.000716,172.31.40.0-255,66,59283,63,143241
3835,0.000739,172.217.160.0-255,5738,65021,63,143241
3836,0.000741,172.31.40.0-255,66,65087,63,143241
3837,0.000757,172.217.160.0-255,1125,66212,63,143241
3838,0.000995,172.31.40.0-255,66,66278,63,143241
3839,0.00151,172.217.160.0-255,645,66923,63,143241
3840,0.001675,172.217.160.0-255,1484,68407,63,143241
3841,0.001681,172.31.40.0-255,66,68473,63,143241
3842,0.001687,172.217.160.0-255,2902,71375,63,143241
3843,0.001689,172.31.40.0-255,66,71441,63,143241
3844,0.001694,172.217.160.0-255,4320,75761,63,143241
3845,0.001696,172.31.40.0-255,66,75827,63,143241
3846,0.00172,172.217.160.0-255,1484,77311,63,143241
3847,0.001729,172.31.40.0-255,66,77377,63,143241
3848,0.001748,172.217.160.0-255,4320,81697,63,143241
3849,0.00175,172.31.40.0-255,66,81763,63,143241
3850,0.001759,172.31.40.0-255,66,81829,63,143241
3851,0.001779,172.217.160.0-255,2184,84013,63,143241
3852,0.001781,172.31.40.0-255,66,84079,63,143241
3853,0.00353,172.217.160.0-255,2902,86981,63,143241
3854,0.003535,172.31.40.0-255,66,87047,63,143241
3855,0.00355,172.217.160.0-255,2902,89949,63,143241
3856,0.003552,172.31.40.0-255,66,90015,63,143241
3857,0.005299,172.217.160.0-255,2902,92917,63,143241
3858,0.005302,172.31.40.0-255,66,92983,63,143241
3859,0.005326,172.217.160.0-255,2902,95885,63,143241
3860,0.005328,172.31.40.0-255,66,95951,63,143241
3861,0.007089,172.217.160.0-255,2902,98853,63,143241
3862,0.007097,172.31.40.0-255,66,98919,63,143241
3863,0.007114,172.217.160.0-255,1484,100403,63,143241
3864,0.007127,172.217.160.0-255,1484,101887,63,143241
3865,0.00713,172.31.40.0-255,66,101953,63,143241
3866,0.008883,172.217.160.0-255,2902,104855,63,143241
3867,0.008889,172.31.40.0-255,66,104921,63,143241
3868,0.00891,172.217.160.0-255,2902,107823,63,143241
3869,0.008913,172.31.40.0-255,66,107889,63,143241
3870,0.010694,172.217.160.0-255,2902,110791,63,143241
3871,0.010701,172.31.40.0-255,66,110857,63,143241
3872,0.010733,172.217.160.0-255,2902,113759,63,143241
3873,0.010736,172.31.40.0-255,66,113825,63,143241
3874,0.012467,172.217.160.0-255,2902,116727,63,143241
3875,0.012474,172.31.40.0-255,66,116793,63,143241
3876,0.0125,172.217.160.0-255,2902,119695,63,143241
3877,0.012503,172.31.40.0-255,66,119761,63,143241
3878,0.014249,172.217.160.0-255,2902,122663,63,143241
3879,0.014256,172.31.40.0-255,66,122729,63,143241
3880,0.014276,172.217.160.0-255,2902,125631,63,143241
3881,0.014278,172.31.40.0-255,66,125697,63,143241
3882,0.016023,172.217.160.0-255,2902,128599,63,143241
3883,0.016029,172.31.40.0-255,66,128665,63,143241
3884,0.01605,172.217.160.0-255,2902,131567,63,143241
3885,0.016052,172.31.40.0-255,66,131633,63,143241
3886,0.017806,172.217.160.0-255,5738,137371,63,143241
3887,0.017815,172.31.40.0-255,66,137437,63,143241
3888,0.019585,172.217.160.0-255,5738,143175,63,143241
3889,0.019593,172.31.40.0-255,66,143241,63,143241
3890,0.0,172.217.194.0-255,152,152,63,111268
3891,2.6e-05,172.31.40.0-255,66,218,63,111268
3892,3.2e-05,172.217.194.0-255,1484,1702,63,111268
3893,3.7e-05,172.31.40.0-255,66,1768,63,111268
3894,4.1e-05,172.217.194.0-255,2902,4670,63,111268
3895,4.4e-05,172.31.40.0-255,66,4736,63,111268
3896,5.2e-05,172.217.194.0-255,7156,11892,63,111268
3897,5.4e-05,172.31.40.0-255,66,11958,63,111268
3898,9.3e-05,172.31.40.0-255,66,12024,63,111268
3899,9.9e-05,172.217.194.0-255,6797,18821,63,111268
3900,0.000102,172.31.40.0-255,66,18887,63,111268
3901,0.000167,172.217.194.0-255,1484,20371,63,111268
3902,0.000171,172.31.40.0-255,66,20437,63,111268
3903,0.000195,172.217.194.0-255,2902,23339,63,111268
3904,0.000199,172.31.40.0-255,66,23405,63,111268
3905,0.000205,172.217.194.0-255,5738,29143,63,111268
3906,0.000207,172.31.40.0-255,66,29209,63,111268
3907,0.000227,172.217.194.0-255,4320,33529,63,111268
3908,0.00023,172.31.40.0-255,66,33595,63,111268
3909,0.000253,172.217.194.0-255,2543,36138,63,111268
3910,0.000255,172.31.40.0-255,66,36204,63,111268
3911,0.002107,172.217.194.0-255,1484,37688,63,111268
3912,0.002114,172.31.40.0-255,66,37754,63,111268
3913,0.002123,172.217.194.0-255,2902,40656,63,111268
3914,0.002126,172.31.40.0-255,66,40722,63,111268
3915,0.002131,172.217.194.0-255,5738,46460,63,111268
3916,0.002133,172.31.40.0-255,66,46526,63,111268
3917,0.002167,172.217.194.0-255,6797,53323,63,111268
3918,0.002169,172.31.40.0-255,66,53389,63,111268
3919,0.002231,172.217.194.0-255,1484,54873,63,111268
3920,0.002236,172.217.194.0-255,2902,57775,63,111268
3921,0.00224,172.31.40.0-255,66,57841,63,111268
3922,0.002247,172.31.40.0-255,66,57907,63,111268
3923,0.002252,172.217.194.0-255,4320,62227,63,111268
3924,0.002254,172.31.40.0-255,66,62293,63,111268
3925,0.002277,172.217.194.0-255,1484,63777,63,111268
3926,0.002285,172.217.194.0-255,6797,70574,63,111268
3927,0.002287,172.31.40.0-255,66,70640,63,111268
3928,0.004574,172.217.194.0-255,5738,76378,63,111268
3929,0.00458,172.31.40.0-255,66,76444,63,111268
3930,0.006839,172.217.194.0-255,5738,82182,63,111268
3931,0.006844,172.31.40.0-255,66,82248,63,111268
3932,0.009086,172.217.194.0-255,5738,87986,63,111268
3933,0.009093,172.31.40.0-255,66,88052,63,111268
3934,0.011337,172.217.194.0-255,5738,93790,63,111268
3935,0.011345,172.31.40.0-255,66,93856,63,111268
3936,0.013599,172.217.194.0-255,5738,99594,63,111268
3937,0.013608,172.31.40.0-255,66,99660,63,111268
3938,0.015847,172.217.194.0-255,5738,105398,63,111268
3939,0.015854,172.31.40.0-255,66,105464,63,111268
3940,0.018119,172.217.194.0-255,5738,111202,63,111268
3941,0.018126,172.31.40.0-255,66,111268,63,111268
3942,0.0,74.125.24.0-255,150,150,63,82457
3943,1.4e-05,172.31.40.0-255,66,216,63,82457
3944,2.1e-05,74.125.24.0-255,1484,1700,63,82457
3945,2.4e-05,172.31.40.0-255,66,1766,63,82457
3946,2.9e-05,74.125.24.0-255,2902,4668,63,82457
3947,3.1e-05,172.31.40.0-255,66,4734,63,82457
3948,3.8e-05,74.125.24.0-255,7156,11890,63,82457
3949,4.1e-05,172.31.40.0-255,66,11956,63,82457
3950,7.8e-05,172.31.40.0-255,66,12022,63,82457
3951,0.000102,74.125.24.0-255,6293,18315,63,82457
3952,0.000105,172.31.40.0-255,66,18381,63,82457
3953,0.000119,172.31.40.0-255,66,18447,63,82457
3954,0.000122,74.125.24.0-255,2184,20631,63,82457
3955,0.000124,172.31.40.0-255,66,20697,63,82457
3956,0.000554,74.125.24.0-255,1484,22181,63,82457
3957,0.000559,172.31.40.0-255,66,22247,63,82457
3958,0.000564,74.125.24.0-255,2902,25149,63,82457
3959,0.000566,172.31.40.0-255,66,25215,63,82457
3960,0.000571,74.125.24.0-255,5738,30953,63,82457
3961,0.000573,172.31.40.0-255,66,31019,63,82457
3962,0.000579,74.125.24.0-255,7106,38125,63,82457
3963,0.000581,172.31.40.0-255,66,38191,63,82457
3964,0.000606,74.125.24.0-255,114,38305,63,82457
3965,0.000609,172.31.40.0-255,66,38371,63,82457
3966,0.000966,74.125.24.0-255,1484,39855,63,82457
3967,0.000971,172.31.40.0-255,66,39921,63,82457
3968,0.000977,74.125.24.0-255,2902,42823,63,82457
3969,0.000979,172.31.40.0-255,66,42889,63,82457
3970,0.000985,74.125.24.0-255,5738,48627,63,82457
3971,0.000987,172.31.40.0-255,66,48693,63,82457
3972,0.001008,74.125.24.0-255,2902,51595,63,82457
3973,0.00101,172.31.40.0-255,66,51661,63,82457
3974,0.001044,172.31.40.0-255,66,51727,63,82457
3975,0.001056,172.31.40.0-255,66,51793,63,82457
3976,0.00117,74.125.24.0-255,1484,53277,63,82457
3977,0.001176,74.125.24.0-255,2902,56179,63,82457
3978,0.001179,172.31.40.0-255,66,56245,63,82457
3979,0.001201,74.125.24.0-255,5738,61983,63,82457
3980,0.001204,172.31.40.0-255,66,62049,63,82457
3981,0.001244,172.31.40.0-255,66,62115,63,82457
3982,0.00125,74.125.24.0-255,4320,66435,63,82457
3983,0.001251,172.31.40.0-255,66,66501,63,82457
3984,0.001268,74.125.24.0-255,6438,72939,63,82457
3985,0.00127,172.31.40.0-255,66,73005,63,82457
3986,0.001301,172.31.40.0-255,66,73071,63,82457
3987,0.001332,172.31.40.0-255,66,73137,63,82457
3988,0.001341,172.31.40.0-255,66,73203,63,82457
3989,0.001416,172.31.40.0-255,66,73269,63,82457
3990,0.001421,74.125.24.0-255,4320,77589,63,82457
3991,0.001423,172.31.40.0-255,66,77655,63,82457
3992,0.001455,172.31.40.0-255,66,77721,63,82457
3993,0.001471,74.125.24.0-255,3602,81323,63,82457
3994,0.001473,172.31.40.0-255,66,81389,63,82457
3995,0.001487,172.31.40.0-255,66,81455,63,82457
3996,0.001522,172.31.40.0-255,66,81521,63,82457
3997,0.001537,172.31.40.0-255,66,81587,63,82457
3998,0.001565,172.31.40.0-255,66,81653,63,82457
3999,0.001576,172.31.40.0-255,66,81719,63,82457
4000,0.001604,172.31.40.0-255,66,81785,63,82457
4001,0.001617,172.31.40.0-255,66,81851,63,82457
4002,0.001652,172.31.40.0-255,66,81917,63,82457
4003,0.001665,172.31.40.0-255,66,81983,63,82457
4004,0.001733,172.31.40.0-255,66,82049,63,82457
4005,0.001745,172.31.40.0-255,66,82115,63,82457
4006,0.001747,74.125.24.0-255,105,82220,63,82457
4007,0.007383,172.31.40.0-255,66,82286,63,82457
4008,0.007423,172.31.40.0-255,105,82391,63,82457
4009,0.010015,74.125.24.0-255,66,82457,63,82457
4010,0.0,172.217.194.0-255,152,152,63,191676
4011,2.2e-05,172.31.40.0-255,66,218,63,191676
4012,2.9e-05,172.217.194.0-255,1484,1702,63,191676
4013,3.3e-05,172.31.40.0-255,66,1768,63,191676
4014,4e-05,172.217.194.0-255,2902,4670,63,191676
4015,5e-05,172.31.40.0-255,66,4736,63,191676
4016,5.7e-05,172.217.194.0-255,5738,10474,63,191676
4017,6e-05,172.31.40.0-255,66,10540,63,191676
4018,0.000108,172.31.40.0-255,66,10606,63,191676
4019,0.000112,172.217.194.0-255,2902,13508,63,191676
4020,0.000114,172.31.40.0-255,66,13574,63,191676
4021,0.000211,172.217.194.0-255,7156,20730,63,191676
4022,0.000215,172.31.40.0-255,66,20796,63,191676
4023,0.000219,172.217.194.0-255,1125,21921,63,191676
4024,0.000221,172.31.40.0-255,66,21987,63,191676
4025,0.000318,172.217.194.0-255,1484,23471,63,191676
4026,0.000322,172.31.40.0-255,66,23537,63,191676
4027,0.000347,172.217.194.0-255,2902,26439,63,191676
4028,0.000351,172.31.40.0-255,66,26505,63,191676
4029,0.000357,172.217.194.0-255,5738,32243,63,191676
4030,0.000359,172.31.40.0-255,66,32309,63,191676
4031,0.000394,172.31.40.0-255,66,32375,63,191676
4032,0.000429,172.217.194.0-255,5738,38113,63,191676
4033,0.000432,172.31.40.0-255,66,38179,63,191676
4034,0.000458,172.217.194.0-255,5020,43199,63,191676
4035,0.000461,172.31.40.0-255,66,43265,63,191676
4036,0.000497,172.217.194.0-255,359,43624,63,191676
4037,0.0005,172.31.40.0-255,66,43690,63,191676
4038,0.00057,172.217.194.0-255,1484,45174,63,191676
4039,0.000575,172.31.40.0-255,66,45240,63,191676
4040,0.000603,172.217.194.0-255,2902,48142,63,191676
4041,0.000606,172.31.40.0-255,66,48208,63,191676
4042,0.00061,172.217.194.0-255,1484,49692,63,191676
4043,0.000633,172.217.194.0-255,2902,52594,63,191676
4044,0.000636,172.31.40.0-255,66,52660,63,191676
4045,0.00067,172.217.194.0-255,5738,58398,63,191676
4046,0.000673,172.31.40.0-255,66,58464,63,191676
4047,0.000696,172.217.194.0-255,2902,61366,63,191676
4048,0.000698,172.31.40.0-255,66,61432,63,191676
4049,0.000704,172.217.194.0-255,5738,67170,63,191676
4050,0.000707,172.31.40.0-255,66,67236,63,191676
4051,0.000719,172.31.40.0-255,66,67302,63,191676
4052,0.000745,172.217.194.0-255,766,68068,63,191676
4053,0.000749,172.217.194.0-255,1484,69552,63,191676
4054,0.000751,172.31.40.0-255,66,69618,63,191676
4055,0.000769,172.217.194.0-255,5738,75356,63,191676
4056,0.000775,172.31.40.0-255,66,75422,63,191676
4057,0.000786,172.31.40.0-255,66,75488,63,191676
4058,0.000829,172.31.40.0-255,66,75554,63,191676
4059,0.000858,172.217.194.0-255,6176,81730,63,191676
4060,0.000861,172.31.40.0-255,66,81796,63,191676
4061,0.000994,172.217.194.0-255,1484,83280,63,191676
4062,0.000998,172.217.194.0-255,1484,84764,63,191676
4063,0.001001,172.31.40.0-255,66,84830,63,191676
4064,0.001024,172.217.194.0-255,1484,86314,63,191676
4065,0.00103,172.217.194.0-255,5738,92052,63,191676
4066,0.00105,172.31.40.0-255,66,92118,63,191676
4067,0.001081,172.31.40.0-255,66,92184,63,191676
4068,0.001087,172.217.194.0-255,5738,97922,63,191676
4069,0.00109,172.31.40.0-255,66,97988,63,191676
4070,0.001122,172.217.194.0-255,4320,102308,63,191676
4071,0.001125,172.31.40.0-255,66,102374,63,191676
4072,0.001132,172.217.194.0-255,5020,107394,63,191676
4073,0.001139,172.217.194.0-255,5738,113132,63,191676
4074,0.00115,172.31.40.0-255,66,113198,63,191676
4075,0.001213,172.217.194.0-255,5738,118936,63,191676
4076,0.001217,172.31.40.0-255,66,119002,63,191676
4077,0.001222,172.31.40.0-255,66,119068,63,191676
4078,0.001265,172.31.40.0-255,66,119134,63,191676
4079,0.001325,172.217.194.0-255,1484,120618,63,191676
4080,0.001342,172.217.194.0-255,2902,123520,63,191676
4081,0.001352,172.31.40.0-255,66,123586,63,191676
4082,0.001364,172.217.194.0-255,5738,129324,63,191676
4083,0.001369,172.31.40.0-255,66,129390,63,191676
4084,0.001407,172.217.194.0-255,7156,136546,63,191676
4085,0.001423,172.217.194.0-255,2184,138730,63,191676
4086,0.001445,172.31.40.0-255,66,138796,63,191676
4087,0.001531,172.217.194.0-255,1484,140280,63,191676
4088,0.001543,172.217.194.0-255,2902,143182,63,191676
4089,0.00156,172.31.40.0-255,66,143248,63,191676
4090,0.001573,172.217.194.0-255,1484,144732,63,191676
4091,0.001578,172.217.194.0-255,2902,147634,63,191676
4092,0.001594,172.217.194.0-255,2902,150536,63,191676
4093,0.001627,172.31.40.0-255,66,150602,63,191676
4094,0.001638,172.217.194.0-255,4320,154922,63,191676
4095,0.001644,172.217.194.0-255,1484,156406,63,191676
4096,0.001736,172.217.194.0-255,2902,159308,63,191676
4097,0.001739,172.31.40.0-255,66,159374,63,191676
4098,0.001745,172.31.40.0-255,66,159440,63,191676
4099,0.001767,172.217.194.0-255,1484,160924,63,191676
4100,0.001795,172.217.194.0-255,5738,166662,63,191676
4101,0.001814,172.31.40.0-255,66,166728,63,191676
4102,0.001823,172.217.194.0-255,1484,168212,63,191676
4103,0.001863,172.217.194.0-255,766,168978,63,191676
4104,0.001868,172.217.194.0-255,4320,173298,63,191676
4105,0.001883,172.31.40.0-255,66,173364,63,191676
4106,0.001931,172.31.40.0-255,66,173430,63,191676
4107,0.001945,172.217.194.0-255,7156,180586,63,191676
4108,0.001989,172.31.40.0-255,66,180652,63,191676
4109,0.001999,172.217.194.0-255,4320,184972,63,191676
4110,0.002004,172.31.40.0-255,66,185038,63,191676
4111,0.002022,172.217.194.0-255,6032,191070,63,191676
4112,0.002025,172.217.194.0-255,97,191167,63,191676
4113,0.002056,172.31.40.0-255,66,191233,63,191676
4114,0.004045,172.217.194.0-255,105,191338,63,191676
4115,0.012934,172.31.40.0-255,101,191439,63,191676
4116,0.014079,172.31.40.0-255,105,191544,63,191676
4117,0.014883,172.217.194.0-255,66,191610,63,191676
4118,0.016086,172.217.194.0-255,66,191676,63,191676
4119,0.0,172.217.194.0-255,147,147,63,135251
4120,3.5e-05,172.31.40.0-255,66,213,63,135251
4121,4.2e-05,172.217.194.0-255,1484,1697,63,135251
4122,4.7e-05,172.31.40.0-255,66,1763,63,135251
4123,5.2e-05,172.217.194.0-255,2902,4665,63,135251
4124,5.5e-05,172.31.40.0-255,66,4731,63,135251
4125,6.3e-05,172.217.194.0-255,7156,11887,63,135251
4126,6.5e-05,172.31.40.0-255,66,11953,63,135251
4127,9.3e-05,172.217.194.0-255,4971,16924,63,135251
4128,9.6e-05,172.31.40.0-255,66,16990,63,135251
4129,0.000122,172.217.194.0-255,4320,21310,63,135251
4130,0.000124,172.31.40.0-255,66,21376,63,135251
4131,0.000138,172.217.194.0-255,1484,22860,63,135251
4132,0.00014,172.31.40.0-255,66,22926,63,135251
4133,0.000152,172.31.40.0-255,66,22992,63,135251
4134,0.000249,172.217.194.0-255,1484,24476,63,135251
4135,0.000252,172.31.40.0-255,66,24542,63,135251
4136,0.000257,172.217.194.0-255,2902,27444,63,135251
4137,0.00026,172.31.40.0-255,66,27510,63,135251
4138,0.000284,172.217.194.0-255,5738,33248,63,135251
4139,0.000287,172.31.40.0-255,66,33314,63,135251
4140,0.000318,172.31.40.0-255,66,33380,63,135251
4141,0.000348,172.217.194.0-255,5738,39118,63,135251
4142,0.000351,172.31.40.0-255,66,39184,63,135251
4143,0.000372,172.217.194.0-255,5657,44841,63,135251
4144,0.000374,172.31.40.0-255,66,44907,63,135251
4145,0.000377,172.217.194.0-255,120,45027,63,135251
4146,0.000379,172.31.40.0-255,66,45093,63,135251
4147,0.000433,172.217.194.0-255,378,45471,63,135251
4148,0.000437,172.31.40.0-255,66,45537,63,135251
4149,0.000873,172.217.194.0-255,1484,47021,63,135251
4150,0.000895,172.217.194.0-255,2902,49923,63,135251
4151,0.0009,172.31.40.0-255,66,49989,63,135251
4152,0.000907,172.217.194.0-255,5738,55727,63,135251
4153,0.000909,172.31.40.0-255,66,55793,63,135251
4154,0.000946,172.31.40.0-255,66,55859,63,135251
4155,0.000975,172.31.40.0-255,66,55925,63,135251
4156,0.001665,172.217.194.0-255,1484,57409,63,135251
4157,0.001675,172.217.194.0-255,2902,60311,63,135251
4158,0.00168,172.31.40.0-255,66,60377,63,135251
4159,0.001688,172.217.194.0-255,5738,66115,63,135251
4160,0.001691,172.31.40.0-255,66,66181,63,135251
4161,0.001729,172.31.40.0-255,66,66247,63,135251
4162,0.001741,172.31.40.0-255,66,66313,63,135251
4163,0.001762,172.217.194.0-255,766,67079,63,135251
4164,0.002009,172.217.194.0-255,1484,68563,63,135251
4165,0.002015,172.31.40.0-255,66,68629,63,135251
4166,0.002022,172.217.194.0-255,2902,71531,63,135251
4167,0.002024,172.31.40.0-255,66,71597,63,135251
4168,0.002031,172.217.194.0-255,5738,77335,63,135251
4169,0.002033,172.31.40.0-255,66,77401,63,135251
4170,0.002056,172.217.194.0-255,2902,80303,63,135251
4171,0.002058,172.31.40.0-255,66,80369,63,135251
4172,0.002087,172.31.40.0-255,66,80435,63,135251
4173,0.002099,172.31.40.0-255,66,80501,63,135251
4174,0.002171,172.217.194.0-255,1484,81985,63,135251
4175,0.002179,172.217.194.0-255,2902,84887,63,135251
4176,0.002182,172.31.40.0-255,66,84953,63,135251
4177,0.002204,172.217.194.0-255,5738,90691,63,135251
4178,0.002208,172.31.40.0-255,66,90757,63,135251
4179,0.002213,172.217.194.0-255,4320,95077,63,135251
4180,0.002216,172.31.40.0-255,66,95143,63,135251
4181,0.002238,172.31.40.0-255,66,95209,63,135251
4182,0.00225,172.31.40.0-255,66,95275,63,135251
4183,0.002252,172.217.194.0-255,766,96041,63,135251
4184,0.004517,172.217.194.0-255,4320,100361,63,135251
4185,0.004523,172.31.40.0-255,66,100427,63,135251
4186,0.006784,172.217.194.0-255,5738,106165,63,135251
4187,0.00679,172.31.40.0-255,66,106231,63,135251
4188,0.00905,172.217.194.0-255,5738,111969,63,135251
4189,0.009057,172.31.40.0-255,66,112035,63,135251
4190,0.011343,172.217.194.0-255,5738,117773,63,135251
4191,0.011352,172.31.40.0-255,66,117839,63,135251
4192,0.013612,172.217.194.0-255,5738,123577,63,135251
4193,0.01362,172.31.40.0-255,66,123643,63,135251
4194,0.015891,172.217.194.0-255,5738,129381,63,135251
4195,0.015899,172.31.40.0-255,66,129447,63,135251
4196,0.018216,172.217.194.0-255,5738,135185,63,135251
4197,0.018223,172.31.40.0-255,66,135251,63,135251
4198,0.0,216.58.221.0-255,153,153,63,133835
4199,2e-05,172.31.40.0-255,66,219,63,133835
4200,2.6e-05,216.58.221.0-255,1484,1703,63,133835
4201,3.1e-05,172.31.40.0-255,66,1769,63,133835
4202,4.1e-05,216.58.221.0-255,2902,4671,63,133835
4203,4.4e-05,172.31.40.0-255,66,4737,63,133835
4204,4.7e-05,216.58.221.0-255,1484,6221,63,133835
4205,4.9e-05,172.31.40.0-255,66,6287,63,133835
4206,5.4e-05,216.58.221.0-255,2902,9189,63,133835
4207,5.6e-05,172.31.40.0-255,66,9255,63,133835
4208,0.000104,216.58.221.0-255,4900,14155,63,133835
4209,0.000108,172.31.40.0-255,66,14221,63,133835
4210,0.000141,216.58.221.0-255,1484,15705,63,133835
4211,0.000143,172.31.40.0-255,66,15771,63,133835
4212,0.000168,216.58.221.0-255,2902,18673,63,133835
4213,0.000171,172.31.40.0-255,66,18739,63,133835
4214,0.000179,216.58.221.0-255,5738,24477,63,133835
4215,0.000181,172.31.40.0-255,66,24543,63,133835
4216,0.000206,216.58.221.0-255,2902,27445,63,133835
4217,0.000209,172.31.40.0-255,66,27511,63,133835
4218,0.000228,216.58.221.0-255,3961,31472,63,133835
4219,0.000231,172.31.40.0-255,66,31538,63,133835
4220,0.000536,216.58.221.0-255,1484,33022,63,133835
4221,0.000543,172.31.40.0-255,66,33088,63,133835
4222,0.000547,216.58.221.0-255,1484,34572,63,133835
4223,0.000549,172.31.40.0-255,66,34638,63,133835
4224,0.000602,216.58.221.0-255,2902,37540,63,133835
4225,0.000606,172.31.40.0-255,66,37606,63,133835
4226,0.000613,216.58.221.0-255,5738,43344,63,133835
4227,0.000616,172.31.40.0-255,66,43410,63,133835
4228,0.000632,216.58.221.0-255,1484,44894,63,133835
4229,0.000634,172.31.40.0-255,66,44960,63,133835
4230,0.000671,172.31.40.0-255,66,45026,63,133835
4231,0.000697,216.58.221.0-255,2543,47569,63,133835
4232,0.0007,172.31.40.0-255,66,47635,63,133835
4233,0.000709,216.58.221.0-255,7156,54791,63,133835
4234,0.000716,172.31.40.0-255,66,54857,63,133835
4235,0.000719,216.58.221.0-255,1125,55982,63,133835
4236,0.001209,172.31.40.0-255,66,56048,63,133835
4237,0.001713,216.58.221.0-255,645,56693,63,133835
4238,0.001812,216.58.221.0-255,1484,58177,63,133835
4239,0.001818,172.31.40.0-255,66,58243,63,133835
4240,0.001825,216.58.221.0-255,2902,61145,63,133835
4241,0.001827,172.31.40.0-255,66,61211,63,133835
4242,0.00184,216.58.221.0-255,5738,66949,63,133835
4243,0.001843,172.31.40.0-255,66,67015,63,133835
4244,0.001848,216.58.221.0-255,2902,69917,63,133835
4245,0.00185,172.31.40.0-255,66,69983,63,133835
4246,0.00188,216.58.221.0-255,1484,71467,63,133835
4247,0.001899,216.58.221.0-255,3961,75428,63,133835
4248,0.001901,172.31.40.0-255,66,75494,63,133835
4249,0.001906,216.58.221.0-255,1484,76978,63,133835
4250,0.001929,216.58.221.0-255,2902,79880,63,133835
4251,0.001932,172.31.40.0-255,66,79946,63,133835
4252,0.001964,216.58.221.0-255,5738,85684,63,133835
4253,0.001966,172.31.40.0-255,66,85750,63,133835
4254,0.001986,216.58.221.0-255,4320,90070,63,133835
4255,0.001989,172.31.40.0-255,66,90136,63,133835
4256,0.001992,216.58.221.0-255,1125,91261,63,133835
4257,0.004041,216.58.221.0-255,2902,94163,63,133835
4258,0.004045,172.31.40.0-255,66,94229,63,133835
4259,0.004069,216.58.221.0-255,1484,95713,63,133835
4260,0.006114,216.58.221.0-255,2902,98615,63,133835
4261,0.006116,172.31.40.0-255,66,98681,63,133835
4262,0.00614,216.58.221.0-255,1484,100165,63,133835
4263,0.008188,216.58.221.0-255,4320,104485,63,133835
4264,0.008194,172.31.40.0-255,66,104551,63,133835
4265,0.010269,216.58.221.0-255,5738,110289,63,133835
4266,0.010277,172.31.40.0-255,66,110355,63,133835
4267,0.012362,216.58.221.0-255,5738,116093,63,133835
4268,0.01237,172.31.40.0-255,66,116159,63,133835
4269,0.014443,216.58.221.0-255,5738,121897,63,133835
4270,0.014453,172.31.40.0-255,66,121963,63,133835
4271,0.016529,216.58.221.0-255,2902,124865,63,133835
4272,0.016536,172.31.40.0-255,66,124931,63,133835
4273,0.016573,216.58.221.0-255,2902,127833,63,133835
4274,0.016576,172.31.40.0-255,66,127899,63,133835
4275,0.018606,216.58.221.0-255,2902,130801,63,133835
4276,0.018614,172.31.40.0-255,66,130867,63,133835
4277,0.018645,216.58.221.0-255,2902,133769,63,133835
4278,0.018648,172.31.40.0-255,66,133835,63,133835
4279,0.0,172.217.194.0-255,153,153,63,181195
4280,1.9e-05,172.31.40.0-255,66,219,63,181195
4281,2.5e-05,172.217.194.0-255,1484,1703,63,181195
4282,3e-05,172.31.40.0-255,66,1769,63,181195
4283,3.6e-05,172.217.194.0-255,2902,4671,63,181195
4284,3.9e-05,172.31.40.0-255,66,4737,63,181195
4285,4.4e-05,172.217.194.0-255,4320,9057,63,181195
4286,5.7e-05,172.31.40.0-255,66,9123,63,181195
4287,0.0001,172.217.194.0-255,7156,16279,63,181195
4288,0.000103,172.31.40.0-255,66,16345,63,181195
4289,0.00013,172.217.194.0-255,2056,18401,63,181195
4290,0.000132,172.31.40.0-255,66,18467,63,181195
4291,0.000145,172.31.40.0-255,66,18533,63,181195
4292,0.000171,172.217.194.0-255,2543,21076,63,181195
4293,0.000173,172.31.40.0-255,66,21142,63,181195
4294,0.000197,172.217.194.0-255,1484,22626,63,181195
4295,0.000199,172.31.40.0-255,66,22692,63,181195
4296,0.000204,172.217.194.0-255,2902,25594,63,181195
4297,0.000206,172.31.40.0-255,66,25660,63,181195
4298,0.000213,172.217.194.0-255,5738,31398,63,181195
4299,0.000216,172.31.40.0-255,66,31464,63,181195
4300,0.00022,172.217.194.0-255,4320,35784,63,181195
4301,0.000223,172.31.40.0-255,66,35850,63,181195
4302,0.000237,172.31.40.0-255,66,35916,63,181195
4303,0.000243,172.217.194.0-255,2902,38818,63,181195
4304,0.000246,172.31.40.0-255,66,38884,63,181195
4305,0.00028,172.217.194.0-255,4248,43132,63,181195
4306,0.000283,172.31.40.0-255,66,43198,63,181195
4307,0.000293,172.31.40.0-255,66,43264,63,181195
4308,0.000309,172.31.40.0-255,66,43330,63,181195
4309,0.000366,172.217.194.0-255,1484,44814,63,181195
4310,0.000379,172.217.194.0-255,1484,46298,63,181195
4311,0.000381,172.31.40.0-255,66,46364,63,181195
4312,0.000408,172.217.194.0-255,1484,47848,63,181195
4313,0.000415,172.217.194.0-255,5738,53586,63,181195
4314,0.000418,172.31.40.0-255,66,53652,63,181195
4315,0.000432,172.31.40.0-255,66,53718,63,181195
4316,0.000474,172.217.194.0-255,7156,60874,63,181195
4317,0.000476,172.31.40.0-255,66,60940,63,181195
4318,0.000489,172.217.194.0-255,3602,64542,63,181195
4319,0.000491,172.31.40.0-255,66,64608,63,181195
4320,0.000526,172.217.194.0-255,1484,66092,63,181195
4321,0.00053,172.217.194.0-255,2902,68994,63,181195
4322,0.000533,172.31.40.0-255,66,69060,63,181195
4323,0.000563,172.217.194.0-255,5738,74798,63,181195
4324,0.000566,172.31.40.0-255,66,74864,63,181195
4325,0.000598,172.31.40.0-255,66,74930,63,181195
4326,0.000627,172.217.194.0-255,2902,77832,63,181195
4327,0.000629,172.31.40.0-255,66,77898,63,181195
4328,0.000642,172.31.40.0-255,66,77964,63,181195
4329,0.000658,172.31.40.0-255,66,78030,63,181195
4330,0.000665,172.217.194.0-255,7156,85186,63,181195
4331,0.000667,172.31.40.0-255,66,85252,63,181195
4332,0.000699,172.217.194.0-255,4320,89572,63,181195
4333,0.000702,172.31.40.0-255,66,89638,63,181195
4334,0.000709,172.217.194.0-255,7156,96794,63,181195
4335,0.000711,172.31.40.0-255,66,96860,63,181195
4336,0.000739,172.217.194.0-255,5020,101880,63,181195
4337,0.000742,172.31.40.0-255,66,101946,63,181195
4338,0.000745,172.217.194.0-255,1484,103430,63,181195
4339,0.00075,172.217.194.0-255,2902,106332,63,181195
4340,0.000752,172.31.40.0-255,66,106398,63,181195
4341,0.000781,172.217.194.0-255,5738,112136,63,181195
4342,0.000788,172.31.40.0-255,66,112202,63,181195
4343,0.000822,172.31.40.0-255,66,112268,63,181195
4344,0.000853,172.217.194.0-255,4320,116588,63,181195
4345,0.000856,172.31.40.0-255,66,116654,63,181195
4346,0.000859,172.217.194.0-255,1484,118138,63,181195
4347,0.000863,172.217.194.0-255,2902,121040,63,181195
4348,0.000865,172.31.40.0-255,66,121106,63,181195
4349,0.000894,172.217.194.0-255,6438,127544,63,181195
4350,0.000897,172.31.40.0-255,66,127610,63,181195
4351,0.000909,172.31.40.0-255,66,127676,63,181195
4352,0.000924,172.31.40.0-255,66,127742,63,181195
4353,0.000957,172.217.194.0-255,5738,133480,63,181195
4354,0.00096,172.31.40.0-255,66,133546,63,181195
4355,0.000971,172.31.40.0-255,66,133612,63,181195
4356,0.000991,172.31.40.0-255,66,133678,63,181195
4357,0.001019,172.217.194.0-255,5738,139416,63,181195
4358,0.001022,172.31.40.0-255,66,139482,63,181195
4359,0.00107,172.31.40.0-255,66,139548,63,181195
4360,0.001074,172.217.194.0-255,2184,141732,63,181195
4361,0.001076,172.31.40.0-255,66,141798,63,181195
4362,0.001097,172.31.40.0-255,66,141864,63,181195
4363,0.001174,172.31.40.0-255,66,141930,63,181195
4364,0.001177,172.217.194.0-255,1484,143414,63,181195
4365,0.001181,172.217.194.0-255,2902,146316,63,181195
4366,0.001183,172.31.40.0-255,66,146382,63,181195
4367,0.001195,172.217.194.0-255,2902,149284,63,181195
4368,0.001197,172.31.40.0-255,66,149350,63,181195
4369,0.001222,172.217.194.0-255,2902,152252,63,181195
4370,0.001224,172.31.40.0-255,66,152318,63,181195
4371,0.001242,172.31.40.0-255,66,152384,63,181195
4372,0.001252,172.31.40.0-255,66,152450,63,181195
4373,0.001278,172.217.194.0-255,1484,153934,63,181195
4374,0.001284,172.217.194.0-255,3602,157536,63,181195
4375,0.001293,172.217.194.0-255,4320,161856,63,181195
4376,0.001336,172.217.194.0-255,7156,169012,63,181195
4377,0.001357,172.217.194.0-255,2902,171914,63,181195
4378,0.001374,172.217.194.0-255,5738,177652,63,181195
4379,0.001381,172.31.40.0-255,66,177718,63,181195
4380,0.00141,172.217.194.0-255,2968,180686,63,181195
4381,0.001413,172.217.194.0-255,105,180791,63,181195
4382,0.001431,172.31.40.0-255,66,180857,63,181195
4383,0.003513,172.31.40.0-255,101,180958,63,181195
4384,0.005954,172.217.194.0-255,66,181024,63,181195
4385,0.011026,172.31.40.0-255,105,181129,63,181195
4386,0.013495,172.217.194.0-255,66,181195,63,181195
4387,0.0,172.217.194.0-255,226,226,63,64101
4388,1.8e-05,172.31.40.0-255,66,292,63,64101
4389,2.5e-05,172.217.194.0-255,1484,1776,63,64101
4390,2.9e-05,172.31.40.0-255,66,1842,63,64101
4391,5.9e-05,172.217.194.0-255,4320,6162,63,64101
4392,6.2e-05,172.31.40.0-255,66,6228,63,64101
4393,0.000195,172.217.194.0-255,2902,9130,63,64101
4394,0.000199,172.31.40.0-255,66,9196,63,64101
4395,0.000299,172.217.194.0-255,4940,14136,63,64101
4396,0.000303,172.31.40.0-255,66,14202,63,64101
4397,0.000487,172.31.40.0-255,66,14268,63,64101
4398,0.000506,172.217.194.0-255,1484,15752,63,64101
4399,0.000509,172.31.40.0-255,66,15818,63,64101
4400,0.000839,172.217.194.0-255,6797,22615,63,64101
4401,0.000846,172.31.40.0-255,66,22681,63,64101
4402,0.003258,172.217.194.0-255,5738,28419,63,64101
4403,0.003266,172.31.40.0-255,66,28485,63,64101
4404,0.00565,172.217.194.0-255,5738,34223,63,64101
4405,0.005657,172.31.40.0-255,66,34289,63,64101
4406,0.008055,172.217.194.0-255,2902,37191,63,64101
4407,0.008063,172.31.40.0-255,66,37257,63,64101
4408,0.008094,172.217.194.0-255,2902,40159,63,64101
4409,0.008098,172.31.40.0-255,66,40225,63,64101
4410,0.010506,172.217.194.0-255,2902,43127,63,64101
4411,0.010515,172.31.40.0-255,66,43193,63,64101
4412,0.010548,172.217.194.0-255,1484,44677,63,64101
4413,0.010551,172.31.40.0-255,66,44743,63,64101
4414,0.010565,172.217.194.0-255,1484,46227,63,64101
4415,0.010568,172.31.40.0-255,66,46293,63,64101
4416,0.012939,172.217.194.0-255,2902,49195,63,64101
4417,0.01295,172.31.40.0-255,66,49261,63,64101
4418,0.012977,172.217.194.0-255,2902,52163,63,64101
4419,0.012979,172.31.40.0-255,66,52229,63,64101
4420,0.015381,172.217.194.0-255,2902,55131,63,64101
4421,0.015389,172.31.40.0-255,66,55197,63,64101
4422,0.015418,172.217.194.0-255,2902,58099,63,64101
4423,0.015421,172.31.40.0-255,66,58165,63,64101
4424,0.017808,172.217.194.0-255,2902,61067,63,64101
4425,0.017816,172.31.40.0-255,66,61133,63,64101
4426,0.017839,172.217.194.0-255,2902,64035,63,64101
4427,0.017842,172.31.40.0-255,66,64101,63,64101
4428,0.0,172.31.40.0-255,105,105,63,459
4429,0.000123,172.31.40.0-255,90,195,63,459
4430,0.000132,172.31.40.0-255,66,261,63,459
4431,0.002428,74.125.68.0-255,66,327,63,459
4432,0.002443,74.125.68.0-255,66,393,63,459
4433,0.002453,172.31.40.0-255,66,459,63,459
4434,0.0,172.217.194.0-255,151,151,63,228650
4435,2.3e-05,172.31.40.0-255,66,217,63,228650
4436,3.1e-05,172.217.194.0-255,1484,1701,63,228650
4437,3.5e-05,172.31.40.0-255,66,1767,63,228650
4438,4.1e-05,172.217.194.0-255,2902,4669,63,228650
4439,5.2e-05,172.31.40.0-255,66,4735,63,228650
4440,6e-05,172.217.194.0-255,5738,10473,63,228650
4441,6.3e-05,172.31.40.0-255,66,10539,63,228650
4442,9.3e-05,172.217.194.0-255,3512,14051,63,228650
4443,9.6e-05,172.31.40.0-255,66,14117,63,228650
4444,0.000125,172.217.194.0-255,4320,18437,63,228650
4445,0.000128,172.31.40.0-255,66,18503,63,228650
4446,0.000134,172.217.194.0-255,5738,24241,63,228650
4447,0.000137,172.31.40.0-255,66,24307,63,228650
4448,0.000167,172.217.194.0-255,4320,28627,63,228650
4449,0.000169,172.31.40.0-255,66,28693,63,228650
4450,0.000174,172.217.194.0-255,2543,31236,63,228650
4451,0.000176,172.31.40.0-255,66,31302,63,228650
4452,0.00034,172.217.194.0-255,1484,32786,63,228650
4453,0.000344,172.31.40.0-255,66,32852,63,228650
4454,0.000351,172.217.194.0-255,2902,35754,63,228650
4455,0.000354,172.31.40.0-255,66,35820,63,228650
4456,0.000375,172.217.194.0-255,4320,40140,63,228650
4457,0.000378,172.31.40.0-255,66,40206,63,228650
4458,0.000402,172.217.194.0-255,1484,41690,63,228650
4459,0.000405,172.31.40.0-255,66,41756,63,228650
4460,0.000413,172.217.194.0-255,6797,48553,63,228650
4461,0.000415,172.31.40.0-255,66,48619,63,228650
4462,0.000461,172.217.194.0-255,4320,52939,63,228650
4463,0.000464,172.31.40.0-255,66,53005,63,228650
4464,0.000493,172.217.194.0-255,2902,55907,63,228650
4465,0.000496,172.31.40.0-255,66,55973,63,228650
4466,0.000507,172.31.40.0-255,66,56039,63,228650
4467,0.000536,172.217.194.0-255,1125,57164,63,228650
4468,0.000647,172.217.194.0-255,646,57810,63,228650
4469,0.000652,172.31.40.0-255,66,57876,63,228650
4470,0.000809,172.217.194.0-255,1484,59360,63,228650
4471,0.000815,172.217.194.0-255,2902,62262,63,228650
4472,0.000818,172.31.40.0-255,66,62328,63,228650
4473,0.000822,172.217.194.0-255,1484,63812,63,228650
4474,0.000849,172.217.194.0-255,4320,68132,63,228650
4475,0.000852,172.31.40.0-255,66,68198,63,228650
4476,0.000892,172.217.194.0-255,6797,74995,63,228650
4477,0.000895,172.31.40.0-255,66,75061,63,228650
4478,0.000902,172.217.194.0-255,7156,82217,63,228650
4479,0.000904,172.31.40.0-255,66,82283,63,228650
4480,0.000944,172.31.40.0-255,66,82349,63,228650
4481,0.001211,172.217.194.0-255,1484,83833,63,228650
4482,0.001218,172.217.194.0-255,2902,86735,63,228650
4483,0.001221,172.31.40.0-255,66,86801,63,228650
4484,0.001226,172.217.194.0-255,2902,89703,63,228650
4485,0.001228,172.31.40.0-255,66,89769,63,228650
4486,0.001265,172.217.194.0-255,2902,92671,63,228650
4487,0.001268,172.31.40.0-255,66,92737,63,228650
4488,0.001282,172.31.40.0-255,66,92803,63,228650
4489,0.001294,172.31.40.0-255,66,92869,63,228650
4490,0.001526,172.217.194.0-255,1484,94353,63,228650
4491,0.001531,172.217.194.0-255,2902,97255,63,228650
4492,0.001535,172.31.40.0-255,66,97321,63,228650
4493,0.001541,172.217.194.0-255,4320,101641,63,228650
4494,0.001543,172.31.40.0-255,66,101707,63,228650
4495,0.001577,172.217.194.0-255,1484,103191,63,228650
4496,0.001592,172.31.40.0-255,66,103257,63,228650
4497,0.001598,172.217.194.0-255,4320,107577,63,228650
4498,0.0016,172.31.40.0-255,66,107643,63,228650
4499,0.001656,172.217.194.0-255,6438,114081,63,228650
4500,0.00166,172.31.40.0-255,66,114147,63,228650
4501,0.001779,172.217.194.0-255,1484,115631,63,228650
4502,0.001794,172.217.194.0-255,2902,118533,63,228650
4503,0.001797,172.31.40.0-255,66,118599,63,228650
4504,0.001804,172.217.194.0-255,5738,124337,63,228650
4505,0.001806,172.31.40.0-255,66,124403,63,228650
4506,0.001828,172.217.194.0-255,5738,130141,63,228650
4507,0.00183,172.31.40.0-255,66,130207,63,228650
4508,0.001863,172.217.194.0-255,7156,137363,63,228650
4509,0.001867,172.31.40.0-255,66,137429,63,228650
4510,0.00187,172.217.194.0-255,1484,138913,63,228650
4511,0.001907,172.31.40.0-255,66,138979,63,228650
4512,0.002443,172.217.194.0-255,1484,140463,63,228650
4513,0.002449,172.217.194.0-255,2902,143365,63,228650
4514,0.002453,172.31.40.0-255,66,143431,63,228650
4515,0.002457,172.217.194.0-255,1484,144915,63,228650
4516,0.002491,172.217.194.0-255,4320,149235,63,228650
4517,0.002493,172.31.40.0-255,66,149301,63,228650
4518,0.002497,172.217.194.0-255,1484,150785,63,228650
4519,0.0025,172.217.194.0-255,1484,152269,63,228650
4520,0.002501,172.31.40.0-255,66,152335,63,228650
4521,0.002506,172.217.194.0-255,4320,156655,63,228650
4522,0.002508,172.31.40.0-255,66,156721,63,228650
4523,0.00254,172.217.194.0-255,1484,158205,63,228650
4524,0.002544,172.31.40.0-255,78,158283,63,228650
4525,0.002561,172.217.194.0-255,4320,162603,63,228650
4526,0.002564,172.217.194.0-255,766,163369,63,228650
4527,0.002568,172.31.40.0-255,66,163435,63,228650
4528,0.002574,172.31.40.0-255,66,163501,63,228650
4529,0.003017,172.31.40.0-255,66,163567,63,228650
4530,0.003267,172.217.194.0-255,1484,165051,63,228650
4531,0.003276,172.217.194.0-255,2902,167953,63,228650
4532,0.003279,172.31.40.0-255,66,168019,63,228650
4533,0.003283,172.217.194.0-255,1484,169503,63,228650
4534,0.003301,172.217.194.0-255,4320,173823,63,228650
4535,0.003304,172.31.40.0-255,66,173889,63,228650
4536,0.003307,172.217.194.0-255,1484,175373,63,228650
4537,0.003316,172.217.194.0-255,1484,176857,63,228650
4538,0.003318,172.31.40.0-255,66,176923,63,228650
4539,0.003347,172.217.194.0-255,7156,184079,63,228650
4540,0.003349,172.31.40.0-255,66,184145,63,228650
4541,0.003354,172.217.194.0-255,2902,187047,63,228650
4542,0.003355,172.31.40.0-255,66,187113,63,228650
4543,0.003392,172.31.40.0-255,66,187179,63,228650
4544,0.003462,172.217.194.0-255,1484,188663,63,228650
4545,0.003466,172.217.194.0-255,1484,190147,63,228650
4546,0.003468,172.31.40.0-255,66,190213,63,228650
4547,0.003486,172.217.194.0-255,1484,191697,63,228650
4548,0.00349,172.217.194.0-255,1484,193181,63,228650
4549,0.003491,172.31.40.0-255,66,193247,63,228650
4550,0.003518,172.217.194.0-255,4320,197567,63,228650
4551,0.00352,172.31.40.0-255,66,197633,63,228650
4552,0.003556,172.31.40.0-255,66,197699,63,228650
4553,0.003587,172.31.40.0-255,66,197765,63,228650
4554,0.003625,172.31.40.0-255,66,197831,63,228650
4555,0.003635,172.31.40.0-255,66,197897,63,228650
4556,0.00366,172.217.194.0-255,4320,202217,63,228650
4557,0.003662,172.31.40.0-255,66,202283,63,228650
4558,0.003669,172.217.194.0-255,7156,209439,63,228650
4559,0.00367,172.31.40.0-255,66,209505,63,228650
4560,0.003706,172.31.40.0-255,66,209571,63,228650
4561,0.003743,172.31.40.0-255,66,209637,63,228650
4562,0.003768,172.31.40.0-255,66,209703,63,228650
4563,0.003771,172.217.194.0-255,1484,211187,63,228650
4564,0.003774,172.217.194.0-255,1484,212671,63,228650
4565,0.003776,172.31.40.0-255,66,212737,63,228650
4566,0.003782,172.217.194.0-255,6438,219175,63,228650
4567,0.003785,172.31.40.0-255,66,219241,63,228650
4568,0.003798,172.31.40.0-255,66,219307,63,228650
4569,0.003801,172.217.194.0-255,2902,222209,63,228650
4570,0.003803,172.31.40.0-255,66,222275,63,228650
4571,0.003806,172.217.194.0-255,1484,223759,63,228650
4572,0.003811,172.217.194.0-255,4320,228079,63,228650
4573,0.003815,172.31.40.0-255,66,228145,63,228650
4574,0.003853,172.31.40.0-255,66,228211,63,228650
4575,0.003855,172.217.194.0-255,97,228308,63,228650
4576,0.003858,172.217.194.0-255,105,228413,63,228650
4577,0.011628,172.31.40.0-255,66,228479,63,228650
4578,0.011667,172.31.40.0-255,105,228584,63,228650
4579,0.014082,172.217.194.0-255,66,228650,63,228650
4580,0.0,74.125.24.0-255,150,150,63,206544
4581,2.6e-05,172.31.40.0-255,66,216,63,206544
4582,3.4e-05,74.125.24.0-255,1484,1700,63,206544
4583,3.9e-05,172.31.40.0-255,66,1766,63,206544
4584,5.2e-05,74.125.24.0-255,2902,4668,63,206544
4585,5.6e-05,172.31.40.0-255,66,4734,63,206544
4586,6e-05,74.125.24.0-255,1484,6218,63,206544
4587,6.2e-05,172.31.40.0-255,66,6284,63,206544
4588,7.5e-05,172.31.40.0-255,66,6350,63,206544
4589,9.5e-05,74.125.24.0-255,4320,10670,63,206544
4590,9.9e-05,172.31.40.0-255,66,10736,63,206544
4591,0.000142,172.31.40.0-255,66,10802,63,206544
4592,0.000147,74.125.24.0-255,2543,13345,63,206544
4593,0.000149,172.31.40.0-255,66,13411,63,206544
4594,0.000235,74.125.24.0-255,1484,14895,63,206544
4595,0.000237,172.31.40.0-255,66,14961,63,206544
4596,0.000242,74.125.24.0-255,2902,17863,63,206544
4597,0.000245,172.31.40.0-255,66,17929,63,206544
4598,0.000283,74.125.24.0-255,5738,23667,63,206544
4599,0.000286,172.31.40.0-255,66,23733,63,206544
4600,0.000291,74.125.24.0-255,4320,28053,63,206544
4601,0.000293,172.31.40.0-255,66,28119,63,206544
4602,0.000336,172.31.40.0-255,66,28185,63,206544
4603,0.000366,74.125.24.0-255,2543,30728,63,206544
4604,0.000369,172.31.40.0-255,66,30794,63,206544
4605,0.000377,74.125.24.0-255,7109,37903,63,206544
4606,0.000379,172.31.40.0-255,66,37969,63,206544
4607,0.000386,74.125.24.0-255,110,38079,63,206544
4608,0.000388,172.31.40.0-255,66,38145,63,206544
4609,0.00043,74.125.24.0-255,329,38474,63,206544
4610,0.000599,74.125.24.0-255,1484,39958,63,206544
4611,0.000604,172.31.40.0-255,66,40024,63,206544
4612,0.000611,74.125.24.0-255,2902,42926,63,206544
4613,0.000613,172.31.40.0-255,66,42992,63,206544
4614,0.000617,74.125.24.0-255,2902,45894,63,206544
4615,0.00062,172.31.40.0-255,66,45960,63,206544
4616,0.000656,74.125.24.0-255,2902,48862,63,206544
4617,0.000659,172.31.40.0-255,66,48928,63,206544
4618,0.000672,172.31.40.0-255,66,48994,63,206544
4619,0.00069,172.31.40.0-255,66,49060,63,206544
4620,0.001514,74.125.24.0-255,1484,50544,63,206544
4621,0.001523,74.125.24.0-255,2902,53446,63,206544
4622,0.001528,172.31.40.0-255,66,53512,63,206544
4623,0.001535,74.125.24.0-255,5738,59250,63,206544
4624,0.001537,172.31.40.0-255,66,59316,63,206544
4625,0.001543,74.125.24.0-255,4320,63636,63,206544
4626,0.001551,172.31.40.0-255,66,63702,63,206544
4627,0.001596,172.31.40.0-255,66,63768,63,206544
4628,0.001606,172.31.40.0-255,66,63834,63,206544
4629,0.00163,74.125.24.0-255,2184,66018,63,206544
4630,0.001633,172.31.40.0-255,66,66084,63,206544
4631,0.002277,74.125.24.0-255,1484,67568,63,206544
4632,0.002289,74.125.24.0-255,2902,70470,63,206544
4633,0.002295,172.31.40.0-255,66,70536,63,206544
4634,0.002301,74.125.24.0-255,2902,73438,63,206544
4635,0.002303,172.31.40.0-255,66,73504,63,206544
4636,0.002327,74.125.24.0-255,2902,76406,63,206544
4637,0.002334,172.31.40.0-255,66,76472,63,206544
4638,0.002341,74.125.24.0-255,5738,82210,63,206544
4639,0.002343,172.31.40.0-255,66,82276,63,206544
4640,0.002388,74.125.24.0-255,7156,89432,63,206544
4641,0.002391,172.31.40.0-255,66,89498,63,206544
4642,0.002411,172.31.40.0-255,66,89564,63,206544
4643,0.003187,74.125.24.0-255,1484,91048,63,206544
4644,0.003195,74.125.24.0-255,1484,92532,63,206544
4645,0.0032,172.31.40.0-255,66,92598,63,206544
4646,0.003226,74.125.24.0-255,1484,94082,63,206544
4647,0.003231,74.125.24.0-255,4320,98402,63,206544
4648,0.003234,172.31.40.0-255,66,98468,63,206544
4649,0.003241,74.125.24.0-255,5738,104206,63,206544
4650,0.003243,172.31.40.0-255,66,104272,63,206544
4651,0.00328,172.31.40.0-255,66,104338,63,206544
4652,0.003286,74.125.24.0-255,5738,110076,63,206544
4653,0.003288,172.31.40.0-255,66,110142,63,206544
4654,0.003324,74.125.24.0-255,2184,112326,63,206544
4655,0.003327,172.31.40.0-255,66,112392,63,206544
4656,0.003691,74.125.24.0-255,1484,113876,63,206544
4657,0.003706,74.125.24.0-255,2902,116778,63,206544
4658,0.003708,172.31.40.0-255,66,116844,63,206544
4659,0.003737,74.125.24.0-255,5738,122582,63,206544
4660,0.00374,172.31.40.0-255,66,122648,63,206544
4661,0.003775,172.31.40.0-255,66,122714,63,206544
4662,0.003808,172.31.40.0-255,66,122780,63,206544
4663,0.003839,74.125.24.0-255,7156,129936,63,206544
4664,0.003843,172.31.40.0-255,66,130002,63,206544
4665,0.003876,74.125.24.0-255,3602,133604,63,206544
4666,0.003878,172.31.40.0-255,66,133670,63,206544
4667,0.003905,172.31.40.0-255,66,133736,63,206544
4668,0.003916,172.31.40.0-255,66,133802,63,206544
4669,0.003944,74.125.24.0-255,6438,140240,63,206544
4670,0.003947,172.31.40.0-255,66,140306,63,206544
4671,0.004382,74.125.24.0-255,1484,141790,63,206544
4672,0.004388,74.125.24.0-255,2902,144692,63,206544
4673,0.00439,172.31.40.0-255,66,144758,63,206544
4674,0.00442,74.125.24.0-255,5738,150496,63,206544
4675,0.004423,172.31.40.0-255,66,150562,63,206544
4676,0.004444,74.125.24.0-255,5738,156300,63,206544
4677,0.004446,172.31.40.0-255,66,156366,63,206544
4678,0.004477,74.125.24.0-255,7156,163522,63,206544
4679,0.004479,172.31.40.0-255,66,163588,63,206544
4680,0.004482,74.125.24.0-255,1484,165072,63,206544
4681,0.004503,74.125.24.0-255,5738,170810,63,206544
4682,0.004506,172.31.40.0-255,66,170876,63,206544
4683,0.004535,74.125.24.0-255,3602,174478,63,206544
4684,0.004538,172.31.40.0-255,66,174544,63,206544
4685,0.004549,172.31.40.0-255,66,174610,63,206544
4686,0.004562,74.125.24.0-255,7156,181766,63,206544
4687,0.004564,172.31.40.0-255,66,181832,63,206544
4688,0.004607,172.31.40.0-255,66,181898,63,206544
4689,0.004641,172.31.40.0-255,66,181964,63,206544
4690,0.004644,74.125.24.0-255,1484,183448,63,206544
4691,0.00468,172.31.40.0-255,66,183514,63,206544
4692,0.004683,74.125.24.0-255,1484,184998,63,206544
4693,0.004702,74.125.24.0-255,1484,186482,63,206544
4694,0.004704,172.31.40.0-255,66,186548,63,206544
4695,0.004719,172.31.40.0-255,66,186614,63,206544
4696,0.004743,74.125.24.0-255,766,187380,63,206544
4697,0.004748,74.125.24.0-255,2902,190282,63,206544
4698,0.00475,172.31.40.0-255,66,190348,63,206544
4699,0.004756,74.125.24.0-255,4320,194668,63,206544
4700,0.004758,172.31.40.0-255,66,194734,63,206544
4701,0.00478,74.125.24.0-255,1484,196218,63,206544
4702,0.004806,74.125.24.0-255,7156,203374,63,206544
4703,0.004809,172.31.40.0-255,66,203440,63,206544
4704,0.00487,74.125.24.0-255,1484,204924,63,206544
4705,0.004891,172.31.40.0-255,66,204990,63,206544
4706,0.004901,172.31.40.0-255,66,205056,63,206544
4707,0.004999,74.125.24.0-255,1049,206105,63,206544
4708,0.005022,74.125.24.0-255,97,206202,63,206544
4709,0.005094,74.125.24.0-255,105,206307,63,206544
4710,0.008952,172.31.40.0-255,66,206373,63,206544
4711,0.008994,172.31.40.0-255,105,206478,63,206544
4712,0.01162,74.125.24.0-255,66,206544,63,206544
4713,0.0,172.217.194.0-255,153,153,63,202983
4714,2.6e-05,172.31.40.0-255,66,219,63,202983
4715,3.4e-05,172.217.194.0-255,1484,1703,63,202983
4716,3.9e-05,172.31.40.0-255,66,1769,63,202983
4717,4.8e-05,172.217.194.0-255,2902,4671,63,202983
4718,5.3e-05,172.31.40.0-255,66,4737,63,202983
4719,6.1e-05,172.217.194.0-255,7156,11893,63,202983
4720,6.4e-05,172.31.40.0-255,66,11959,63,202983
4721,6.8e-05,172.217.194.0-255,2098,14057,63,202983
4722,7.2e-05,172.31.40.0-255,66,14123,63,202983
4723,0.000119,172.217.194.0-255,1484,15607,63,202983
4724,0.000122,172.31.40.0-255,66,15673,63,202983
4725,0.000128,172.217.194.0-255,2902,18575,63,202983
4726,0.00013,172.31.40.0-255,66,18641,63,202983
4727,0.000154,172.217.194.0-255,5738,24379,63,202983
4728,0.000157,172.31.40.0-255,66,24445,63,202983
4729,0.000201,172.31.40.0-255,66,24511,63,202983
4730,0.000228,172.217.194.0-255,5379,29890,63,202983
4731,0.000231,172.31.40.0-255,66,29956,63,202983
4732,0.000245,172.31.40.0-255,66,30022,63,202983
4733,0.000257,172.31.40.0-255,66,30088,63,202983
4734,0.00028,172.217.194.0-255,3602,33690,63,202983
4735,0.000282,172.31.40.0-255,66,33756,63,202983
4736,0.000285,172.217.194.0-255,707,34463,63,202983
4737,0.000287,172.31.40.0-255,66,34529,63,202983
4738,0.000438,172.217.194.0-255,1484,36013,63,202983
4739,0.000443,172.31.40.0-255,66,36079,63,202983
4740,0.000448,172.217.194.0-255,2902,38981,63,202983
4741,0.000451,172.31.40.0-255,66,39047,63,202983
4742,0.000456,172.217.194.0-255,4320,43367,63,202983
4743,0.000459,172.31.40.0-255,66,43433,63,202983
4744,0.000478,172.217.194.0-255,1484,44917,63,202983
4745,0.000495,172.31.40.0-255,66,44983,63,202983
4746,0.000516,172.217.194.0-255,1125,46108,63,202983
4747,0.000527,172.31.40.0-255,66,46174,63,202983
4748,0.000529,172.217.194.0-255,1125,47299,63,202983
4749,0.001162,172.217.194.0-255,1484,48783,63,202983
4750,0.001167,172.31.40.0-255,66,48849,63,202983
4751,0.001172,172.217.194.0-255,2902,51751,63,202983
4752,0.001175,172.31.40.0-255,66,51817,63,202983
4753,0.00118,172.217.194.0-255,2902,54719,63,202983
4754,0.001182,172.31.40.0-255,66,54785,63,202983
4755,0.001201,172.217.194.0-255,2902,57687,63,202983
4756,0.001203,172.31.40.0-255,66,57753,63,202983
4757,0.001215,172.31.40.0-255,66,57819,63,202983
4758,0.001239,172.217.194.0-255,2902,60721,63,202983
4759,0.001242,172.31.40.0-255,66,60787,63,202983
4760,0.001252,172.31.40.0-255,66,60853,63,202983
4761,0.001284,172.217.194.0-255,2184,63037,63,202983
4762,0.001287,172.31.40.0-255,66,63103,63,202983
4763,0.001679,172.217.194.0-255,1484,64587,63,202983
4764,0.001696,172.217.194.0-255,2902,67489,63,202983
4765,0.0017,172.31.40.0-255,66,67555,63,202983
4766,0.001707,172.217.194.0-255,4320,71875,63,202983
4767,0.001709,172.31.40.0-255,66,71941,63,202983
4768,0.001724,172.217.194.0-255,1484,73425,63,202983
4769,0.001728,172.217.194.0-255,1484,74909,63,202983
4770,0.00173,172.31.40.0-255,66,74975,63,202983
4771,0.001747,172.217.194.0-255,5738,80713,63,202983
4772,0.001749,172.31.40.0-255,66,80779,63,202983
4773,0.001782,172.31.40.0-255,66,80845,63,202983
4774,0.001805,172.217.194.0-255,4320,85165,63,202983
4775,0.001807,172.31.40.0-255,66,85231,63,202983
4776,0.001812,172.217.194.0-255,2184,87415,63,202983
4777,0.001814,172.31.40.0-255,66,87481,63,202983
4778,0.001848,172.217.194.0-255,1484,88965,63,202983
4779,0.001853,172.217.194.0-255,2902,91867,63,202983
4780,0.001855,172.31.40.0-255,66,91933,63,202983
4781,0.001875,172.217.194.0-255,5738,97671,63,202983
4782,0.001878,172.31.40.0-255,66,97737,63,202983
4783,0.00191,172.31.40.0-255,66,97803,63,202983
4784,0.001932,172.217.194.0-255,4320,102123,63,202983
4785,0.001934,172.31.40.0-255,66,102189,63,202983
4786,0.001946,172.31.40.0-255,66,102255,63,202983
4787,0.001983,172.217.194.0-255,1484,103739,63,202983
4788,0.002,172.217.194.0-255,2902,106641,63,202983
4789,0.002003,172.31.40.0-255,66,106707,63,202983
4790,0.002009,172.217.194.0-255,5738,112445,63,202983
4791,0.002011,172.31.40.0-255,66,112511,63,202983
4792,0.002029,172.217.194.0-255,5738,118249,63,202983
4793,0.002031,172.31.40.0-255,66,118315,63,202983
4794,0.002047,172.217.194.0-255,7156,125471,63,202983
4795,0.002049,172.31.40.0-255,66,125537,63,202983
4796,0.002055,172.217.194.0-255,4320,129857,63,202983
4797,0.002058,172.31.40.0-255,66,129923,63,202983
4798,0.002082,172.217.194.0-255,4320,134243,63,202983
4799,0.002084,172.31.40.0-255,66,134309,63,202983
4800,0.002107,172.217.194.0-255,2184,136493,63,202983
4801,0.00211,172.31.40.0-255,66,136559,63,202983
4802,0.002113,172.217.194.0-255,1484,138043,63,202983
4803,0.002131,172.217.194.0-255,2902,140945,63,202983
4804,0.002137,172.217.194.0-255,5738,146683,63,202983
4805,0.002141,172.31.40.0-255,66,146749,63,202983
4806,0.002144,172.31.40.0-255,66,146815,63,202983
4807,0.002176,172.217.194.0-255,4320,151135,63,202983
4808,0.002179,172.31.40.0-255,66,151201,63,202983
4809,0.002197,172.217.194.0-255,5738,156939,63,202983
4810,0.002203,172.217.194.0-255,5738,162677,63,202983
4811,0.002213,172.31.40.0-255,66,162743,63,202983
4812,0.002217,172.217.194.0-255,1484,164227,63,202983
4813,0.002265,172.217.194.0-255,3602,167829,63,202983
4814,0.005307,172.31.40.0-255,66,167895,63,202983
4815,0.005315,172.31.40.0-255,66,167961,63,202983
4816,0.005318,172.31.40.0-255,66,168027,63,202983
4817,0.005321,172.31.40.0-255,66,168093,63,202983
4818,0.005332,172.31.40.0-255,66,168159,63,202983
4819,0.007636,172.217.194.0-255,5738,173897,63,202983
4820,0.007644,172.31.40.0-255,66,173963,63,202983
4821,0.009932,172.217.194.0-255,5738,179701,63,202983
4822,0.009941,172.31.40.0-255,66,179767,63,202983
4823,0.012203,172.217.194.0-255,5738,185505,63,202983
4824,0.012213,172.31.40.0-255,66,185571,63,202983
4825,0.014484,172.217.194.0-255,5738,191309,63,202983
4826,0.014492,172.31.40.0-255,66,191375,63,202983
4827,0.016786,172.217.194.0-255,5738,197113,63,202983
4828,0.016794,172.31.40.0-255,66,197179,63,202983
4829,0.019078,172.217.194.0-255,5738,202917,63,202983
4830,0.019085,172.31.40.0-255,66,202983,63,202983
4831,0.0,74.125.130.0-255,153,153,63,175813
4832,2.1e-05,172.31.40.0-255,66,219,63,175813
4833,2.8e-05,74.125.130.0-255,1484,1703,63,175813
4834,3.2e-05,172.31.40.0-255,66,1769,63,175813
4835,3.8e-05,74.125.130.0-255,2902,4671,63,175813
4836,4.1e-05,172.31.40.0-255,66,4737,63,175813
4837,5e-05,74.125.130.0-255,1484,6221,63,175813
4838,5.2e-05,172.31.40.0-255,66,6287,63,175813
4839,5.7e-05,74.125.130.0-255,2902,9189,63,175813
4840,5.9e-05,172.31.40.0-255,66,9255,63,175813
4841,8.7e-05,74.125.130.0-255,1484,10739,63,175813
4842,8.9e-05,172.31.40.0-255,66,10805,63,175813
4843,0.000117,74.125.130.0-255,3472,14277,63,175813
4844,0.000119,172.31.40.0-255,66,14343,63,175813
4845,0.00022,74.125.130.0-255,1484,15827,63,175813
4846,0.000223,172.31.40.0-255,66,15893,63,175813
4847,0.000236,74.125.130.0-255,1484,17377,63,175813
4848,0.000241,172.31.40.0-255,66,17443,63,175813
4849,0.00026,74.125.130.0-255,1484,18927,63,175813
4850,0.000262,172.31.40.0-255,66,18993,63,175813
4851,0.000267,74.125.130.0-255,4320,23313,63,175813
4852,0.000269,172.31.40.0-255,66,23379,63,175813
4853,0.000313,74.125.130.0-255,2902,26281,63,175813
4854,0.000316,172.31.40.0-255,66,26347,63,175813
4855,0.00034,74.125.130.0-255,2902,29249,63,175813
4856,0.000342,172.31.40.0-255,66,29315,63,175813
4857,0.000346,74.125.130.0-255,2543,31858,63,175813
4858,0.000348,172.31.40.0-255,66,31924,63,175813
4859,0.000565,74.125.130.0-255,1484,33408,63,175813
4860,0.000569,172.31.40.0-255,66,33474,63,175813
4861,0.000583,74.125.130.0-255,1484,34958,63,175813
4862,0.000589,172.31.40.0-255,66,35024,63,175813
4863,0.000612,74.125.130.0-255,1484,36508,63,175813
4864,0.000616,74.125.130.0-255,1484,37992,63,175813
4865,0.000618,172.31.40.0-255,66,38058,63,175813
4866,0.000622,74.125.130.0-255,2902,40960,63,175813
4867,0.000624,172.31.40.0-255,66,41026,63,175813
4868,0.000627,74.125.130.0-255,1484,42510,63,175813
4869,0.000657,74.125.130.0-255,4320,46830,63,175813
4870,0.00066,172.31.40.0-255,66,46896,63,175813
4871,0.000663,74.125.130.0-255,1484,48380,63,175813
4872,0.000703,74.125.130.0-255,2543,50923,63,175813
4873,0.000705,172.31.40.0-255,66,50989,63,175813
4874,0.000711,74.125.130.0-255,5738,56727,63,175813
4875,0.000713,172.31.40.0-255,66,56793,63,175813
4876,0.000717,74.125.130.0-255,2902,59695,63,175813
4877,0.000718,172.31.40.0-255,66,59761,63,175813
4878,0.000745,74.125.130.0-255,4320,64081,63,175813
4879,0.000748,172.31.40.0-255,66,64147,63,175813
4880,0.000751,74.125.130.0-255,2543,66690,63,175813
4881,0.000756,172.31.40.0-255,66,66756,63,175813
4882,0.001193,74.125.130.0-255,645,67401,63,175813
4883,0.001473,74.125.130.0-255,1484,68885,63,175813
4884,0.001479,172.31.40.0-255,66,68951,63,175813
4885,0.001485,74.125.130.0-255,2902,71853,63,175813
4886,0.001487,172.31.40.0-255,66,71919,63,175813
4887,0.001518,74.125.130.0-255,4320,76239,63,175813
4888,0.00152,172.31.40.0-255,66,76305,63,175813
4889,0.001537,74.125.130.0-255,1484,77789,63,175813
4890,0.001543,74.125.130.0-255,5738,83527,63,175813
4891,0.001545,172.31.40.0-255,66,83593,63,175813
4892,0.001573,74.125.130.0-255,1484,85077,63,175813
4893,0.00158,74.125.130.0-255,5738,90815,63,175813
4894,0.001582,172.31.40.0-255,66,90881,63,175813
4895,0.001589,74.125.130.0-255,7156,98037,63,175813
4896,0.00159,172.31.40.0-255,66,98103,63,175813
4897,0.001617,74.125.130.0-255,3602,101705,63,175813
4898,0.00162,172.31.40.0-255,66,101771,63,175813
4899,0.002197,74.125.130.0-255,1484,103255,63,175813
4900,0.002217,74.125.130.0-255,2902,106157,63,175813
4901,0.00222,172.31.40.0-255,66,106223,63,175813
4902,0.002226,74.125.130.0-255,4320,110543,63,175813
4903,0.002228,172.31.40.0-255,66,110609,63,175813
4904,0.002248,74.125.130.0-255,1484,112093,63,175813
4905,0.002253,74.125.130.0-255,4320,116413,63,175813
4906,0.002255,172.31.40.0-255,66,116479,63,175813
4907,0.002282,74.125.130.0-255,1484,117963,63,175813
4908,0.002289,74.125.130.0-255,7156,125119,63,175813
4909,0.00229,172.31.40.0-255,66,125185,63,175813
4910,0.002295,74.125.130.0-255,2902,128087,63,175813
4911,0.002296,172.31.40.0-255,66,128153,63,175813
4912,0.002316,74.125.130.0-255,2902,131055,63,175813
4913,0.002317,172.31.40.0-255,66,131121,63,175813
4914,0.002342,74.125.130.0-255,1484,132605,63,175813
4915,0.002361,74.125.130.0-255,3602,136207,63,175813
4916,0.002363,172.31.40.0-255,66,136273,63,175813
4917,0.004731,74.125.130.0-255,5738,142011,63,175813
4918,0.004736,172.31.40.0-255,66,142077,63,175813
4919,0.007106,74.125.130.0-255,5738,147815,63,175813
4920,0.007113,172.31.40.0-255,66,147881,63,175813
4921,0.009471,74.125.130.0-255,2902,150783,63,175813
4922,0.009478,172.31.40.0-255,66,150849,63,175813
4923,0.009505,74.125.130.0-255,2902,153751,63,175813
4924,0.009508,172.31.40.0-255,66,153817,63,175813
4925,0.011851,74.125.130.0-255,2902,156719,63,175813
4926,0.01186,172.31.40.0-255,66,156785,63,175813
4927,0.011888,74.125.130.0-255,2902,159687,63,175813
4928,0.01189,172.31.40.0-255,66,159753,63,175813
4929,0.01424,74.125.130.0-255,4320,164073,63,175813
4930,0.014252,172.31.40.0-255,66,164139,63,175813
4931,0.014286,74.125.130.0-255,1484,165623,63,175813
4932,0.016631,74.125.130.0-255,4320,169943,63,175813
4933,0.01664,172.31.40.0-255,66,170009,63,175813
4934,0.019017,74.125.130.0-255,5738,175747,63,175813
4935,0.019026,172.31.40.0-255,66,175813,63,175813
4936,0.0,74.125.200.0-255,153,153,63,237635
4937,2.2e-05,172.31.40.0-255,66,219,63,237635
4938,2.9e-05,74.125.200.0-255,1484,1703,63,237635
4939,3.4e-05,172.31.40.0-255,66,1769,63,237635
4940,4e-05,74.125.200.0-255,2902,4671,63,237635
4941,5e-05,172.31.40.0-255,66,4737,63,237635
4942,5.3e-05,74.125.200.0-255,1484,6221,63,237635
4943,5.6e-05,172.31.40.0-255,66,6287,63,237635
4944,6.2e-05,74.125.200.0-255,2902,9189,63,237635
4945,6.5e-05,172.31.40.0-255,66,9255,63,237635
4946,0.000108,74.125.200.0-255,2902,12157,63,237635
4947,0.000111,172.31.40.0-255,66,12223,63,237635
4948,0.000137,74.125.200.0-255,2063,14286,63,237635
4949,0.00014,172.31.40.0-255,66,14352,63,237635
4950,0.000145,74.125.200.0-255,2902,17254,63,237635
4951,0.000147,172.31.40.0-255,66,17320,63,237635
4952,0.000152,74.125.200.0-255,4320,21640,63,237635
4953,0.000154,172.31.40.0-255,66,21706,63,237635
4954,0.000189,172.31.40.0-255,66,21772,63,237635
4955,0.000191,74.125.200.0-255,1125,22897,63,237635
4956,0.000193,172.31.40.0-255,66,22963,63,237635
4957,0.000197,74.125.200.0-255,1484,24447,63,237635
4958,0.000199,172.31.40.0-255,66,24513,63,237635
4959,0.000224,74.125.200.0-255,4320,28833,63,237635
4960,0.000227,172.31.40.0-255,66,28899,63,237635
4961,0.00023,74.125.200.0-255,1484,30383,63,237635
4962,0.000232,172.31.40.0-255,66,30449,63,237635
4963,0.000269,172.31.40.0-255,66,30515,63,237635
4964,0.000272,74.125.200.0-255,1125,31640,63,237635
4965,0.000274,172.31.40.0-255,66,31706,63,237635
4966,0.000336,74.125.200.0-255,1484,33190,63,237635
4967,0.000364,74.125.200.0-255,1484,34674,63,237635
4968,0.000367,172.31.40.0-255,66,34740,63,237635
4969,0.000391,74.125.200.0-255,1484,36224,63,237635
4970,0.000397,74.125.200.0-255,5738,41962,63,237635
4971,0.000399,172.31.40.0-255,66,42028,63,237635
4972,0.000406,74.125.200.0-255,5738,47766,63,237635
4973,0.000409,172.31.40.0-255,66,47832,63,237635
4974,0.000435,74.125.200.0-255,1125,48957,63,237635
4975,0.000565,74.125.200.0-255,412,49369,63,237635
4976,0.000608,74.125.200.0-255,1484,50853,63,237635
4977,0.000611,172.31.40.0-255,66,50919,63,237635
4978,0.000615,74.125.200.0-255,1484,52403,63,237635
4979,0.000637,74.125.200.0-255,2902,55305,63,237635
4980,0.00064,172.31.40.0-255,66,55371,63,237635
4981,0.000645,74.125.200.0-255,4320,59691,63,237635
4982,0.000648,172.31.40.0-255,66,59757,63,237635
4983,0.000669,74.125.200.0-255,2902,62659,63,237635
4984,0.000671,172.31.40.0-255,66,62725,63,237635
4985,0.000695,74.125.200.0-255,2902,65627,63,237635
4986,0.000698,172.31.40.0-255,66,65693,63,237635
4987,0.000704,74.125.200.0-255,4320,70013,63,237635
4988,0.000705,172.31.40.0-255,66,70079,63,237635
4989,0.00074,74.125.200.0-255,7156,77235,63,237635
4990,0.000743,172.31.40.0-255,66,77301,63,237635
4991,0.000749,74.125.200.0-255,4320,81621,63,237635
4992,0.000751,172.31.40.0-255,66,81687,63,237635
4993,0.000757,74.125.200.0-255,2184,83871,63,237635
4994,0.000759,172.31.40.0-255,66,83937,63,237635
4995,0.000763,74.125.200.0-255,1484,85421,63,237635
4996,0.000786,74.125.200.0-255,1748,87169,63,237635
4997,0.000789,172.31.40.0-255,66,87235,63,237635
4998,0.000819,74.125.200.0-255,7156,94391,63,237635
4999,0.000822,172.31.40.0-255,66,94457,63,237635
5000,0.000826,74.125.200.0-255,2902,97359,63,237635
5001,0.000827,172.31.40.0-255,66,97425,63,237635
5002,0.000831,74.125.200.0-255,2902,100327,63,237635
5003,0.000833,172.31.40.0-255,66,100393,63,237635
5004,0.000886,172.31.40.0-255,66,100459,63,237635
5005,0.000896,172.31.40.0-255,66,100525,63,237635
5006,0.000898,74.125.200.0-255,1484,102009,63,237635
5007,0.000924,74.125.200.0-255,1484,103493,63,237635
5008,0.000926,172.31.40.0-255,66,103559,63,237635
5009,0.000945,74.125.200.0-255,1484,105043,63,237635
5010,0.000951,74.125.200.0-255,5738,110781,63,237635
5011,0.000953,172.31.40.0-255,66,110847,63,237635
5012,0.000992,74.125.200.0-255,2902,113749,63,237635
5013,0.000995,172.31.40.0-255,66,113815,63,237635
5014,0.001026,74.125.200.0-255,7156,120971,63,237635
5015,0.001029,172.31.40.0-255,66,121037,63,237635
5016,0.00104,172.31.40.0-255,66,121103,63,237635
5017,0.001044,74.125.200.0-255,2184,123287,63,237635
5018,0.001046,172.31.40.0-255,66,123353,63,237635
5019,0.001075,74.125.200.0-255,2902,126255,63,237635
5020,0.001078,172.31.40.0-255,66,126321,63,237635
5021,0.001083,74.125.200.0-255,4320,130641,63,237635
5022,0.001085,172.31.40.0-255,66,130707,63,237635
5023,0.001088,74.125.200.0-255,2902,133609,63,237635
5024,0.00109,172.31.40.0-255,66,133675,63,237635
5025,0.00111,74.125.200.0-255,4320,137995,63,237635
5026,0.001112,172.31.40.0-255,66,138061,63,237635
5027,0.001137,74.125.200.0-255,1484,139545,63,237635
5028,0.001144,74.125.200.0-255,7156,146701,63,237635
5029,0.001147,172.31.40.0-255,66,146767,63,237635
5030,0.001152,74.125.200.0-255,5738,152505,63,237635
5031,0.001154,172.31.40.0-255,66,152571,63,237635
5032,0.001179,74.125.200.0-255,2902,155473,63,237635
5033,0.001182,172.31.40.0-255,66,155539,63,237635
5034,0.001186,74.125.200.0-255,2184,157723,63,237635
5035,0.001188,172.31.40.0-255,66,157789,63,237635
5036,0.001537,74.125.200.0-255,1484,159273,63,237635
5037,0.00155,74.125.200.0-255,1484,160757,63,237635
5038,0.001554,172.31.40.0-255,66,160823,63,237635
5039,0.001584,74.125.200.0-255,1484,162307,63,237635
5040,0.001591,74.125.200.0-255,5738,168045,63,237635
5041,0.001593,172.31.40.0-255,66,168111,63,237635
5042,0.001602,172.31.40.0-255,66,168177,63,237635
5043,0.001606,74.125.200.0-255,2902,171079,63,237635
5044,0.001612,172.31.40.0-255,66,171145,63,237635
5045,0.001646,74.125.200.0-255,7156,178301,63,237635
5046,0.001649,172.31.40.0-255,66,178367,63,237635
5047,0.001655,74.125.200.0-255,5020,183387,63,237635
5048,0.001656,172.31.40.0-255,66,183453,63,237635
5049,0.002059,74.125.200.0-255,1484,184937,63,237635
5050,0.002065,74.125.200.0-255,2902,187839,63,237635
5051,0.002068,172.31.40.0-255,66,187905,63,237635
5052,0.002073,74.125.200.0-255,2902,190807,63,237635
5053,0.002075,172.31.40.0-255,66,190873,63,237635
5054,0.002109,74.125.200.0-255,2902,193775,63,237635
5055,0.002111,172.31.40.0-255,66,193841,63,237635
5056,0.002126,172.31.40.0-255,66,193907,63,237635
5057,0.004212,74.125.200.0-255,5738,199645,63,237635
5058,0.00422,172.31.40.0-255,66,199711,63,237635
5059,0.006315,74.125.200.0-255,5738,205449,63,237635
5060,0.00632,172.31.40.0-255,66,205515,63,237635
5061,0.008386,74.125.200.0-255,4320,209835,63,237635
5062,0.008391,172.31.40.0-255,66,209901,63,237635
5063,0.008403,74.125.200.0-255,1484,211385,63,237635
5064,0.010475,74.125.200.0-255,4320,215705,63,237635
5065,0.010482,172.31.40.0-255,66,215771,63,237635
5066,0.012573,74.125.200.0-255,4320,220091,63,237635
5067,0.012582,172.31.40.0-255,66,220157,63,237635
5068,0.012609,74.125.200.0-255,1484,221641,63,237635
5069,0.014676,74.125.200.0-255,4320,225961,63,237635
5070,0.014684,172.31.40.0-255,66,226027,63,237635
5071,0.016773,74.125.200.0-255,5738,231765,63,237635
5072,0.016783,172.31.40.0-255,66,231831,63,237635
5073,0.01886,74.125.200.0-255,5738,237569,63,237635
5074,0.018867,172.31.40.0-255,66,237635,63,237635
5075,0.0,74.125.24.0-255,150,150,63,148366
5076,1.4e-05,172.31.40.0-255,66,216,63,148366
5077,2e-05,74.125.24.0-255,1484,1700,63,148366
5078,2.6e-05,172.31.40.0-255,66,1766,63,148366
5079,3.2e-05,74.125.24.0-255,2902,4668,63,148366
5080,4.1e-05,172.31.40.0-255,66,4734,63,148366
5081,4.9e-05,74.125.24.0-255,7156,11890,63,148366
5082,5.3e-05,172.31.40.0-255,66,11956,63,148366
5083,5.7e-05,74.125.24.0-255,2102,14058,63,148366
5084,5.9e-05,172.31.40.0-255,66,14124,63,148366
5085,8e-05,74.125.24.0-255,5738,19862,63,148366
5086,8.6e-05,172.31.40.0-255,66,19928,63,148366
5087,0.000119,74.125.24.0-255,5738,25666,63,148366
5088,0.000122,172.31.40.0-255,66,25732,63,148366
5089,0.000128,74.125.24.0-255,5379,31111,63,148366
5090,0.000131,172.31.40.0-255,66,31177,63,148366
5091,0.000201,74.125.24.0-255,1484,32661,63,148366
5092,0.000203,172.31.40.0-255,66,32727,63,148366
5093,0.000231,74.125.24.0-255,2902,35629,63,148366
5094,0.000234,172.31.40.0-255,66,35695,63,148366
5095,0.00024,74.125.24.0-255,5738,41433,63,148366
5096,0.000243,172.31.40.0-255,66,41499,63,148366
5097,0.000271,74.125.24.0-255,2902,44401,63,148366
5098,0.000274,172.31.40.0-255,66,44467,63,148366
5099,0.000319,172.31.40.0-255,66,44533,63,148366
5100,0.000335,172.31.40.0-255,66,44599,63,148366
5101,0.000338,74.125.24.0-255,1127,45726,63,148366
5102,0.00034,172.31.40.0-255,66,45792,63,148366
5103,0.000583,74.125.24.0-255,1484,47276,63,148366
5104,0.000587,172.31.40.0-255,66,47342,63,148366
5105,0.000594,74.125.24.0-255,2902,50244,63,148366
5106,0.000597,172.31.40.0-255,66,50310,63,148366
5107,0.000608,74.125.24.0-255,5738,56048,63,148366
5108,0.00061,172.31.40.0-255,66,56114,63,148366
5109,0.000646,172.31.40.0-255,66,56180,63,148366
5110,0.000672,74.125.24.0-255,1484,57664,63,148366
5111,0.000686,172.31.40.0-255,66,57730,63,148366
5112,0.000713,74.125.24.0-255,2184,59914,63,148366
5113,0.000716,172.31.40.0-255,66,59980,63,148366
5114,0.000731,172.31.40.0-255,66,60046,63,148366
5115,0.000744,172.31.40.0-255,66,60112,63,148366
5116,0.000785,74.125.24.0-255,7156,67268,63,148366
5117,0.000789,172.31.40.0-255,66,67334,63,148366
5118,0.000838,172.31.40.0-255,66,67400,63,148366
5119,0.000841,74.125.24.0-255,1484,68884,63,148366
5120,0.00086,172.31.40.0-255,66,68950,63,148366
5121,0.001104,74.125.24.0-255,1484,70434,63,148366
5122,0.001118,74.125.24.0-255,2902,73336,63,148366
5123,0.001122,172.31.40.0-255,66,73402,63,148366
5124,0.001129,74.125.24.0-255,5738,79140,63,148366
5125,0.001131,172.31.40.0-255,66,79206,63,148366
5126,0.001155,172.31.40.0-255,66,79272,63,148366
5127,0.001177,74.125.24.0-255,2902,82174,63,148366
5128,0.001179,172.31.40.0-255,66,82240,63,148366
5129,0.001182,74.125.24.0-255,1484,83724,63,148366
5130,0.001229,172.31.40.0-255,66,83790,63,148366
5131,0.001438,74.125.24.0-255,1484,85274,63,148366
5132,0.001444,74.125.24.0-255,2902,88176,63,148366
5133,0.001447,172.31.40.0-255,66,88242,63,148366
5134,0.001451,74.125.24.0-255,1484,89726,63,148366
5135,0.001476,74.125.24.0-255,4320,94046,63,148366
5136,0.001479,172.31.40.0-255,66,94112,63,148366
5137,0.001523,172.31.40.0-255,66,94178,63,148366
5138,0.001551,74.125.24.0-255,2902,97080,63,148366
5139,0.001554,172.31.40.0-255,66,97146,63,148366
5140,0.001587,172.31.40.0-255,66,97212,63,148366
5141,0.001753,74.125.24.0-255,1484,98696,63,148366
5142,0.00176,74.125.24.0-255,2902,101598,63,148366
5143,0.001763,172.31.40.0-255,66,101664,63,148366
5144,0.001797,74.125.24.0-255,5738,107402,63,148366
5145,0.001803,74.125.24.0-255,5738,113140,63,148366
5146,0.001807,172.31.40.0-255,66,113206,63,148366
5147,0.001809,172.31.40.0-255,66,113272,63,148366
5148,0.001817,74.125.24.0-255,1484,114756,63,148366
5149,0.001837,172.31.40.0-255,66,114822,63,148366
5150,0.001864,74.125.24.0-255,5738,120560,63,148366
5151,0.001866,172.31.40.0-255,66,120626,63,148366
5152,0.001871,74.125.24.0-255,2184,122810,63,148366
5153,0.001873,172.31.40.0-255,66,122876,63,148366
5154,0.001909,172.31.40.0-255,66,122942,63,148366
5155,0.001935,74.125.24.0-255,5738,128680,63,148366
5156,0.001938,172.31.40.0-255,66,128746,63,148366
5157,0.001949,172.31.40.0-255,66,128812,63,148366
5158,0.001988,172.31.40.0-255,66,128878,63,148366
5159,0.002001,172.31.40.0-255,66,128944,63,148366
5160,0.002008,74.125.24.0-255,5738,134682,63,148366
5161,0.002011,172.31.40.0-255,66,134748,63,148366
5162,0.002063,172.31.40.0-255,66,134814,63,148366
5163,0.0021,74.125.24.0-255,7156,141970,63,148366
5164,0.002104,172.31.40.0-255,66,142036,63,148366
5165,0.002147,172.31.40.0-255,66,142102,63,148366
5166,0.002165,172.31.40.0-255,66,142168,63,148366
5167,0.002201,74.125.24.0-255,4320,146488,63,148366
5168,0.002204,172.31.40.0-255,66,146554,63,148366
5169,0.002231,172.31.40.0-255,66,146620,63,148366
5170,0.002233,74.125.24.0-255,816,147436,63,148366
5171,0.002237,74.125.24.0-255,105,147541,63,148366
5172,0.00224,74.125.24.0-255,129,147670,63,148366
5173,0.009609,172.31.40.0-255,105,147775,63,148366
5174,0.00965,172.31.40.0-255,105,147880,63,148366
5175,0.009907,172.31.40.0-255,90,147970,63,148366
5176,0.009917,172.31.40.0-255,66,148036,63,148366
5177,0.011907,74.125.24.0-255,66,148102,63,148366
5178,0.011917,74.125.24.0-255,66,148168,63,148366
5179,0.012157,74.125.24.0-255,66,148234,63,148366
5180,0.012193,74.125.24.0-255,66,148300,63,148366
5181,0.012199,172.31.40.0-255,66,148366,63,148366
5182,0.0,74.125.200.0-255,296,296,63,154102
5183,1.9e-05,172.31.40.0-255,66,362,63,154102
5184,2.6e-05,74.125.200.0-255,1484,1846,63,154102
5185,3.1e-05,172.31.40.0-255,66,1912,63,154102
5186,3.8e-05,74.125.200.0-255,4320,6232,63,154102
5187,4.8e-05,172.31.40.0-255,66,6298,63,154102
5188,5.3e-05,74.125.200.0-255,2902,9200,63,154102
5189,5.6e-05,172.31.40.0-255,66,9266,63,154102
5190,6.2e-05,74.125.200.0-255,4320,13586,63,154102
5191,6.6e-05,172.31.40.0-255,66,13652,63,154102
5192,6.8e-05,74.125.200.0-255,424,14076,63,154102
5193,7e-05,172.31.40.0-255,66,14142,63,154102
5194,0.000126,74.125.200.0-255,1484,15626,63,154102
5195,0.000129,172.31.40.0-255,66,15692,63,154102
5196,0.000151,74.125.200.0-255,1484,17176,63,154102
5197,0.000153,172.31.40.0-255,66,17242,63,154102
5198,0.000157,74.125.200.0-255,2902,20144,63,154102
5199,0.000159,172.31.40.0-255,66,20210,63,154102
5200,0.000186,74.125.200.0-255,5738,25948,63,154102
5201,0.000189,172.31.40.0-255,66,26014,63,154102
5202,0.000191,74.125.200.0-255,1484,27498,63,154102
5203,0.000193,172.31.40.0-255,66,27564,63,154102
5204,0.000223,74.125.200.0-255,2902,30466,63,154102
5205,0.000226,172.31.40.0-255,66,30532,63,154102
5206,0.000242,74.125.200.0-255,1125,31657,63,154102
5207,0.000244,172.31.40.0-255,66,31723,63,154102
5208,0.000259,74.125.200.0-255,1484,33207,63,154102
5209,0.00026,172.31.40.0-255,66,33273,63,154102
5210,0.000288,74.125.200.0-255,4320,37593,63,154102
5211,0.00029,172.31.40.0-255,66,37659,63,154102
5212,0.000319,74.125.200.0-255,4320,41979,63,154102
5213,0.000321,172.31.40.0-255,66,42045,63,154102
5214,0.000325,74.125.200.0-255,2902,44947,63,154102
5215,0.000327,172.31.40.0-255,66,45013,63,154102
5216,0.000352,74.125.200.0-255,2902,47915,63,154102
5217,0.000355,172.31.40.0-255,66,47981,63,154102
5218,0.000361,74.125.200.0-255,1125,49106,63,154102
5219,0.000396,74.125.200.0-255,1484,50590,63,154102
5220,0.000398,172.31.40.0-255,66,50656,63,154102
5221,0.000424,74.125.200.0-255,2902,53558,63,154102
5222,0.000426,172.31.40.0-255,66,53624,63,154102
5223,0.000432,74.125.200.0-255,5738,59362,63,154102
5224,0.000434,172.31.40.0-255,66,59428,63,154102
5225,0.000463,74.125.200.0-255,6797,66225,63,154102
5226,0.000465,172.31.40.0-255,66,66291,63,154102
5227,0.000606,74.125.200.0-255,413,66704,63,154102
5228,0.000632,74.125.200.0-255,330,67034,63,154102
5229,0.001006,172.31.40.0-255,66,67100,63,154102
5230,0.001163,74.125.200.0-255,1484,68584,63,154102
5231,0.00117,74.125.200.0-255,1484,70068,63,154102
5232,0.001173,172.31.40.0-255,66,70134,63,154102
5233,0.001193,74.125.200.0-255,1484,71618,63,154102
5234,0.001199,74.125.200.0-255,5738,77356,63,154102
5235,0.001202,172.31.40.0-255,66,77422,63,154102
5236,0.001229,74.125.200.0-255,4320,81742,63,154102
5237,0.001231,172.31.40.0-255,66,81808,63,154102
5238,0.001257,74.125.200.0-255,5738,87546,63,154102
5239,0.001259,172.31.40.0-255,66,87612,63,154102
5240,0.001265,74.125.200.0-255,5738,93350,63,154102
5241,0.001267,172.31.40.0-255,66,93416,63,154102
5242,0.001309,74.125.200.0-255,5738,99154,63,154102
5243,0.001312,172.31.40.0-255,66,99220,63,154102
5244,0.001317,74.125.200.0-255,2184,101404,63,154102
5245,0.001318,172.31.40.0-255,66,101470,63,154102
5246,0.003263,74.125.200.0-255,2902,104372,63,154102
5247,0.003269,172.31.40.0-255,66,104438,63,154102
5248,0.003274,74.125.200.0-255,2902,107340,63,154102
5249,0.003276,172.31.40.0-255,66,107406,63,154102
5250,0.005224,74.125.200.0-255,2902,110308,63,154102
5251,0.005227,172.31.40.0-255,66,110374,63,154102
5252,0.00525,74.125.200.0-255,2902,113276,63,154102
5253,0.005252,172.31.40.0-255,66,113342,63,154102
5254,0.007177,74.125.200.0-255,2902,116244,63,154102
5255,0.007183,172.31.40.0-255,66,116310,63,154102
5256,0.007219,74.125.200.0-255,2902,119212,63,154102
5257,0.007222,172.31.40.0-255,66,119278,63,154102
5258,0.009178,74.125.200.0-255,5738,125016,63,154102
5259,0.009186,172.31.40.0-255,66,125082,63,154102
5260,0.011163,74.125.200.0-255,5738,130820,63,154102
5261,0.011169,172.31.40.0-255,66,130886,63,154102
5262,0.01313,74.125.200.0-255,5738,136624,63,154102
5263,0.01314,172.31.40.0-255,66,136690,63,154102
5264,0.015097,74.125.200.0-255,5738,142428,63,154102
5265,0.015104,172.31.40.0-255,66,142494,63,154102
5266,0.017067,74.125.200.0-255,5738,148232,63,154102
5267,0.017074,172.31.40.0-255,66,148298,63,154102
5268,0.019034,74.125.200.0-255,5738,154036,63,154102
5269,0.019042,172.31.40.0-255,66,154102,63,154102
5270,0.0,74.125.24.0-255,152,152,63,181204
5271,1.6e-05,172.31.40.0-255,66,218,63,181204
5272,2.3e-05,74.125.24.0-255,1484,1702,63,181204
5273,2.7e-05,172.31.40.0-255,66,1768,63,181204
5274,3.3e-05,74.125.24.0-255,2902,4670,63,181204
5275,3.6e-05,172.31.40.0-255,66,4736,63,181204
5276,4.2e-05,74.125.24.0-255,5738,10474,63,181204
5277,4.5e-05,172.31.40.0-255,66,10540,63,181204
5278,4.9e-05,74.125.24.0-255,2902,13442,63,181204
5279,5.2e-05,172.31.40.0-255,66,13508,63,181204
5280,8.3e-05,172.31.40.0-255,66,13574,63,181204
5281,9.5e-05,172.31.40.0-255,66,13640,63,181204
5282,0.000139,74.125.24.0-255,1484,15124,63,181204
5283,0.000142,172.31.40.0-255,66,15190,63,181204
5284,0.000147,74.125.24.0-255,2902,18092,63,181204
5285,0.000149,172.31.40.0-255,66,18158,63,181204
5286,0.000163,74.125.24.0-255,4320,22478,63,181204
5287,0.000166,172.31.40.0-255,66,22544,63,181204
5288,0.000187,74.125.24.0-255,1484,24028,63,181204
5289,0.000189,172.31.40.0-255,66,24094,63,181204
5290,0.000195,74.125.24.0-255,4320,28414,63,181204
5291,0.000197,172.31.40.0-255,66,28480,63,181204
5292,0.000213,74.125.24.0-255,4320,32800,63,181204
5293,0.000215,172.31.40.0-255,66,32866,63,181204
5294,0.000227,172.31.40.0-255,66,32932,63,181204
5295,0.000233,74.125.24.0-255,5020,37952,63,181204
5296,0.000235,172.31.40.0-255,66,38018,63,181204
5297,0.000278,74.125.24.0-255,431,38449,63,181204
5298,0.00028,172.31.40.0-255,66,38515,63,181204
5299,0.000378,74.125.24.0-255,1484,39999,63,181204
5300,0.000398,74.125.24.0-255,2902,42901,63,181204
5301,0.000401,172.31.40.0-255,66,42967,63,181204
5302,0.000406,74.125.24.0-255,2902,45869,63,181204
5303,0.000409,172.31.40.0-255,66,45935,63,181204
5304,0.000423,74.125.24.0-255,2902,48837,63,181204
5305,0.000425,172.31.40.0-255,66,48903,63,181204
5306,0.000438,172.31.40.0-255,66,48969,63,181204
5307,0.000469,74.125.24.0-255,1484,50453,63,181204
5308,0.000481,172.31.40.0-255,66,50519,63,181204
5309,0.000483,74.125.24.0-255,1043,51562,63,181204
5310,0.001275,172.31.40.0-255,66,51628,63,181204
5311,0.001588,74.125.24.0-255,1484,53112,63,181204
5312,0.001598,74.125.24.0-255,2902,56014,63,181204
5313,0.001602,172.31.40.0-255,66,56080,63,181204
5314,0.00161,74.125.24.0-255,5738,61818,63,181204
5315,0.001612,172.31.40.0-255,66,61884,63,181204
5316,0.001617,74.125.24.0-255,2902,64786,63,181204
5317,0.001619,172.31.40.0-255,66,64852,63,181204
5318,0.001651,74.125.24.0-255,7156,72008,63,181204
5319,0.001654,172.31.40.0-255,66,72074,63,181204
5320,0.001672,74.125.24.0-255,1484,73558,63,181204
5321,0.001706,172.31.40.0-255,66,73624,63,181204
5322,0.001886,74.125.24.0-255,1484,75108,63,181204
5323,0.001893,74.125.24.0-255,2902,78010,63,181204
5324,0.001897,172.31.40.0-255,66,78076,63,181204
5325,0.001904,74.125.24.0-255,5738,83814,63,181204
5326,0.001906,172.31.40.0-255,66,83880,63,181204
5327,0.001918,74.125.24.0-255,1484,85364,63,181204
5328,0.001946,172.31.40.0-255,66,85430,63,181204
5329,0.001986,74.125.24.0-255,7156,92586,63,181204
5330,0.001989,172.31.40.0-255,66,92652,63,181204
5331,0.002022,172.31.40.0-255,66,92718,63,181204
5332,0.002039,172.31.40.0-255,66,92784,63,181204
5333,0.002049,172.31.40.0-255,66,92850,63,181204
5334,0.00207,74.125.24.0-255,2902,95752,63,181204
5335,0.002073,172.31.40.0-255,66,95818,63,181204
5336,0.002096,74.125.24.0-255,2902,98720,63,181204
5337,0.002098,172.31.40.0-255,66,98786,63,181204
5338,0.002105,74.125.24.0-255,7156,105942,63,181204
5339,0.002108,172.31.40.0-255,66,106008,63,181204
5340,0.002115,74.125.24.0-255,7156,113164,63,181204
5341,0.002117,172.31.40.0-255,66,113230,63,181204
5342,0.002133,74.125.24.0-255,7156,120386,63,181204
5343,0.002135,172.31.40.0-255,66,120452,63,181204
5344,0.002142,74.125.24.0-255,6438,126890,63,181204
5345,0.002145,172.31.40.0-255,66,126956,63,181204
5346,0.002173,74.125.24.0-255,2902,129858,63,181204
5347,0.002176,172.31.40.0-255,66,129924,63,181204
5348,0.002217,172.31.40.0-255,66,129990,63,181204
5349,0.002229,172.31.40.0-255,66,130056,63,181204
5350,0.002303,172.31.40.0-255,66,130122,63,181204
5351,0.00231,74.125.24.0-255,5738,135860,63,181204
5352,0.002313,172.31.40.0-255,66,135926,63,181204
5353,0.002347,172.31.40.0-255,66,135992,63,181204
5354,0.002361,74.125.24.0-255,4320,140312,63,181204
5355,0.002363,172.31.40.0-255,66,140378,63,181204
5356,0.00241,172.31.40.0-255,66,140444,63,181204
5357,0.004718,74.125.24.0-255,5738,146182,63,181204
5358,0.004722,172.31.40.0-255,66,146248,63,181204
5359,0.007049,74.125.24.0-255,2902,149150,63,181204
5360,0.007055,172.31.40.0-255,66,149216,63,181204
5361,0.007077,74.125.24.0-255,2902,152118,63,181204
5362,0.007079,172.31.40.0-255,66,152184,63,181204
5363,0.009389,74.125.24.0-255,5738,157922,63,181204
5364,0.009396,172.31.40.0-255,66,157988,63,181204
5365,0.011717,74.125.24.0-255,5738,163726,63,181204
5366,0.011723,172.31.40.0-255,66,163792,63,181204
5367,0.014072,74.125.24.0-255,5738,169530,63,181204
5368,0.01408,172.31.40.0-255,66,169596,63,181204
5369,0.016396,74.125.24.0-255,5738,175334,63,181204
5370,0.016406,172.31.40.0-255,66,175400,63,181204
5371,0.018716,74.125.24.0-255,5738,181138,63,181204
5372,0.018724,172.31.40.0-255,66,181204,63,181204
5373,0.0,172.253.118.0-255,150,150,63,200047
5374,1.9e-05,172.31.40.0-255,66,216,63,200047
5375,2.5e-05,172.253.118.0-255,1484,1700,63,200047
5376,2.9e-05,172.31.40.0-255,66,1766,63,200047
5377,3.4e-05,172.253.118.0-255,2902,4668,63,200047
5378,3.7e-05,172.31.40.0-255,66,4734,63,200047
5379,4.4e-05,172.253.118.0-255,7156,11890,63,200047
5380,4.7e-05,172.31.40.0-255,66,11956,63,200047
5381,5.1e-05,172.253.118.0-255,2093,14049,63,200047
5382,5.4e-05,172.31.40.0-255,66,14115,63,200047
5383,0.000134,172.253.118.0-255,1484,15599,63,200047
5384,0.000137,172.31.40.0-255,66,15665,63,200047
5385,0.000142,172.253.118.0-255,2902,18567,63,200047
5386,0.000144,172.31.40.0-255,66,18633,63,200047
5387,0.000163,172.253.118.0-255,2902,21535,63,200047
5388,0.000165,172.31.40.0-255,66,21601,63,200047
5389,0.00018,172.253.118.0-255,2902,24503,63,200047
5390,0.000183,172.31.40.0-255,66,24569,63,200047
5391,0.000207,172.253.118.0-255,2902,27471,63,200047
5392,0.000209,172.31.40.0-255,66,27537,63,200047
5393,0.000254,172.31.40.0-255,66,27603,63,200047
5394,0.000258,172.253.118.0-255,2902,30505,63,200047
5395,0.000259,172.31.40.0-255,66,30571,63,200047
5396,0.000275,172.253.118.0-255,6797,37368,63,200047
5397,0.000277,172.31.40.0-255,66,37434,63,200047
5398,0.000328,172.31.40.0-255,66,37500,63,200047
5399,0.000333,172.253.118.0-255,5738,43238,63,200047
5400,0.000336,172.31.40.0-255,66,43304,63,200047
5401,0.00035,172.253.118.0-255,1399,44703,63,200047
5402,0.000352,172.31.40.0-255,66,44769,63,200047
5403,0.000376,172.253.118.0-255,132,44901,63,200047
5404,0.000468,172.253.118.0-255,1484,46385,63,200047
5405,0.000472,172.31.40.0-255,66,46451,63,200047
5406,0.000476,172.253.118.0-255,1484,47935,63,200047
5407,0.000491,172.253.118.0-255,1484,49419,63,200047
5408,0.000493,172.31.40.0-255,66,49485,63,200047
5409,0.000499,172.253.118.0-255,5738,55223,63,200047
5410,0.000502,172.31.40.0-255,66,55289,63,200047
5411,0.000531,172.253.118.0-255,6797,62086,63,200047
5412,0.000534,172.31.40.0-255,66,62152,63,200047
5413,0.000541,172.253.118.0-255,7156,69308,63,200047
5414,0.000543,172.31.40.0-255,66,69374,63,200047
5415,0.000569,172.253.118.0-255,7156,76530,63,200047
5416,0.000571,172.31.40.0-255,66,76596,63,200047
5417,0.000575,172.253.118.0-255,2543,79139,63,200047
5418,0.000576,172.31.40.0-255,66,79205,63,200047
5419,0.000741,172.253.118.0-255,1484,80689,63,200047
5420,0.000745,172.253.118.0-255,1484,82173,63,200047
5421,0.000748,172.31.40.0-255,66,82239,63,200047
5422,0.000769,172.253.118.0-255,1484,83723,63,200047
5423,0.000775,172.253.118.0-255,5738,89461,63,200047
5424,0.000777,172.31.40.0-255,66,89527,63,200047
5425,0.000779,172.253.118.0-255,1484,91011,63,200047
5426,0.000816,172.31.40.0-255,66,91077,63,200047
5427,0.000826,172.31.40.0-255,66,91143,63,200047
5428,0.000843,172.253.118.0-255,2184,93327,63,200047
5429,0.000845,172.31.40.0-255,66,93393,63,200047
5430,0.000884,172.253.118.0-255,2902,96295,63,200047
5431,0.000886,172.31.40.0-255,66,96361,63,200047
5432,0.00089,172.253.118.0-255,2902,99263,63,200047
5433,0.000892,172.31.40.0-255,66,99329,63,200047
5434,0.000907,172.253.118.0-255,4320,103649,63,200047
5435,0.000909,172.31.40.0-255,66,103715,63,200047
5436,0.000925,172.253.118.0-255,2902,106617,63,200047
5437,0.000927,172.31.40.0-255,66,106683,63,200047
5438,0.000931,172.253.118.0-255,4320,111003,63,200047
5439,0.000933,172.31.40.0-255,66,111069,63,200047
5440,0.000973,172.31.40.0-255,66,111135,63,200047
5441,0.000978,172.253.118.0-255,5020,116155,63,200047
5442,0.00098,172.31.40.0-255,66,116221,63,200047
5443,0.001074,172.253.118.0-255,1484,117705,63,200047
5444,0.001078,172.253.118.0-255,1484,119189,63,200047
5445,0.00108,172.31.40.0-255,66,119255,63,200047
5446,0.001096,172.253.118.0-255,1484,120739,63,200047
5447,0.001101,172.253.118.0-255,4320,125059,63,200047
5448,0.001103,172.31.40.0-255,66,125125,63,200047
5449,0.001136,172.31.40.0-255,66,125191,63,200047
5450,0.001155,172.253.118.0-255,4320,129511,63,200047
5451,0.001157,172.31.40.0-255,66,129577,63,200047
5452,0.001186,172.31.40.0-255,66,129643,63,200047
5453,0.001569,172.253.118.0-255,1484,131127,63,200047
5454,0.00159,172.253.118.0-255,2902,134029,63,200047
5455,0.001594,172.31.40.0-255,66,134095,63,200047
5456,0.001601,172.253.118.0-255,5738,139833,63,200047
5457,0.001604,172.31.40.0-255,66,139899,63,200047
5458,0.001609,172.253.118.0-255,4320,144219,63,200047
5459,0.001611,172.31.40.0-255,66,144285,63,200047
5460,0.001645,172.31.40.0-255,66,144351,63,200047
5461,0.001679,172.253.118.0-255,4320,148671,63,200047
5462,0.001682,172.31.40.0-255,66,148737,63,200047
5463,0.001702,172.253.118.0-255,3602,152339,63,200047
5464,0.001704,172.31.40.0-255,66,152405,63,200047
5465,0.001835,172.253.118.0-255,1484,153889,63,200047
5466,0.00184,172.253.118.0-255,2902,156791,63,200047
5467,0.001843,172.31.40.0-255,66,156857,63,200047
5468,0.001847,172.253.118.0-255,1484,158341,63,200047
5469,0.001866,172.253.118.0-255,4320,162661,63,200047
5470,0.001868,172.31.40.0-255,66,162727,63,200047
5471,0.001906,172.31.40.0-255,66,162793,63,200047
5472,0.001931,172.31.40.0-255,66,162859,63,200047
5473,0.002079,172.253.118.0-255,1484,164343,63,200047
5474,0.002094,172.253.118.0-255,2902,167245,63,200047
5475,0.002098,172.31.40.0-255,66,167311,63,200047
5476,0.002102,172.253.118.0-255,2902,170213,63,200047
5477,0.002104,172.31.40.0-255,66,170279,63,200047
5478,0.002126,172.253.118.0-255,2902,173181,63,200047
5479,0.002128,172.31.40.0-255,66,173247,63,200047
5480,0.002135,172.253.118.0-255,7156,180403,63,200047
5481,0.002138,172.31.40.0-255,66,180469,63,200047
5482,0.002142,172.253.118.0-255,2902,183371,63,200047
5483,0.002144,172.31.40.0-255,66,183437,63,200047
5484,0.00218,172.31.40.0-255,66,183503,63,200047
5485,0.002184,172.253.118.0-255,2184,185687,63,200047
5486,0.002186,172.31.40.0-255,66,185753,63,200047
5487,0.002191,172.253.118.0-255,2902,188655,63,200047
5488,0.002193,172.31.40.0-255,66,188721,63,200047
5489,0.002218,172.31.40.0-255,66,188787,63,200047
5490,0.002246,172.253.118.0-255,2902,191689,63,200047
5491,0.002248,172.31.40.0-255,66,191755,63,200047
5492,0.002261,172.31.40.0-255,66,191821,63,200047
5493,0.002266,172.253.118.0-255,4320,196141,63,200047
5494,0.002268,172.31.40.0-255,66,196207,63,200047
5495,0.002299,172.31.40.0-255,66,196273,63,200047
5496,0.002329,172.31.40.0-255,66,196339,63,200047
5497,0.002359,172.31.40.0-255,66,196405,63,200047
5498,0.002376,172.31.40.0-255,66,196471,63,200047
5499,0.002387,172.31.40.0-255,66,196537,63,200047
5500,0.002406,172.253.118.0-255,2184,198721,63,200047
5501,0.002409,172.31.40.0-255,66,198787,63,200047
5502,0.002412,172.253.118.0-255,918,199705,63,200047
5503,0.004765,172.253.118.0-255,105,199810,63,200047
5504,0.010084,172.31.40.0-255,66,199876,63,200047
5505,0.010119,172.31.40.0-255,105,199981,63,200047
5506,0.012503,172.253.118.0-255,66,200047,63,200047
5507,0.0,74.125.24.0-255,152,152,63,205421
5508,2.3e-05,172.31.40.0-255,66,218,63,205421
5509,3e-05,74.125.24.0-255,1484,1702,63,205421
5510,3.6e-05,172.31.40.0-255,66,1768,63,205421
5511,4.2e-05,74.125.24.0-255,2902,4670,63,205421
5512,5.3e-05,172.31.40.0-255,66,4736,63,205421
5513,5.9e-05,74.125.24.0-255,4320,9056,63,205421
5514,6.2e-05,172.31.40.0-255,66,9122,63,205421
5515,6.9e-05,74.125.24.0-255,5738,14860,63,205421
5516,7.2e-05,172.31.40.0-255,66,14926,63,205421
5517,9e-05,74.125.24.0-255,3472,18398,63,205421
5518,9.6e-05,172.31.40.0-255,66,18464,63,205421
5519,0.000102,74.125.24.0-255,4320,22784,63,205421
5520,0.000105,172.31.40.0-255,66,22850,63,205421
5521,0.000144,172.31.40.0-255,66,22916,63,205421
5522,0.000172,74.125.24.0-255,1484,24400,63,205421
5523,0.000174,172.31.40.0-255,66,24466,63,205421
5524,0.000179,74.125.24.0-255,2902,27368,63,205421
5525,0.000181,172.31.40.0-255,66,27434,63,205421
5526,0.000185,74.125.24.0-255,1484,28918,63,205421
5527,0.000188,172.31.40.0-255,66,28984,63,205421
5528,0.00022,74.125.24.0-255,4320,33304,63,205421
5529,0.000222,172.31.40.0-255,66,33370,63,205421
5530,0.000225,74.125.24.0-255,1484,34854,63,205421
5531,0.000227,172.31.40.0-255,66,34920,63,205421
5532,0.000239,172.31.40.0-255,66,34986,63,205421
5533,0.000242,74.125.24.0-255,1484,36470,63,205421
5534,0.000244,172.31.40.0-255,66,36536,63,205421
5535,0.000277,172.31.40.0-255,66,36602,63,205421
5536,0.00028,74.125.24.0-255,396,36998,63,205421
5537,0.000328,74.125.24.0-255,347,37345,63,205421
5538,0.000534,74.125.24.0-255,1484,38829,63,205421
5539,0.00054,172.31.40.0-255,66,38895,63,205421
5540,0.000545,74.125.24.0-255,2902,41797,63,205421
5541,0.000547,172.31.40.0-255,66,41863,63,205421
5542,0.000582,74.125.24.0-255,2902,44765,63,205421
5543,0.000585,172.31.40.0-255,66,44831,63,205421
5544,0.000611,74.125.24.0-255,2902,47733,63,205421
5545,0.000613,172.31.40.0-255,66,47799,63,205421
5546,0.00063,172.31.40.0-255,66,47865,63,205421
5547,0.000672,172.31.40.0-255,66,47931,63,205421
5548,0.001084,74.125.24.0-255,1484,49415,63,205421
5549,0.001089,74.125.24.0-255,1484,50899,63,205421
5550,0.001091,172.31.40.0-255,66,50965,63,205421
5551,0.001122,74.125.24.0-255,1484,52449,63,205421
5552,0.001128,74.125.24.0-255,5738,58187,63,205421
5553,0.00113,172.31.40.0-255,66,58253,63,205421
5554,0.001141,172.31.40.0-255,66,58319,63,205421
5555,0.001161,74.125.24.0-255,1484,59803,63,205421
5556,0.001186,74.125.24.0-255,2902,62705,63,205421
5557,0.001189,172.31.40.0-255,66,62771,63,205421
5558,0.00122,172.31.40.0-255,66,62837,63,205421
5559,0.001372,74.125.24.0-255,1484,64321,63,205421
5560,0.001386,74.125.24.0-255,2902,67223,63,205421
5561,0.001389,172.31.40.0-255,66,67289,63,205421
5562,0.001394,74.125.24.0-255,2902,70191,63,205421
5563,0.001396,172.31.40.0-255,66,70257,63,205421
5564,0.001419,74.125.24.0-255,2902,73159,63,205421
5565,0.001421,172.31.40.0-255,66,73225,63,205421
5566,0.001432,74.125.24.0-255,7156,80381,63,205421
5567,0.001434,172.31.40.0-255,66,80447,63,205421
5568,0.001437,74.125.24.0-255,2902,83349,63,205421
5569,0.001439,172.31.40.0-255,66,83415,63,205421
5570,0.001462,74.125.24.0-255,5738,89153,63,205421
5571,0.001465,172.31.40.0-255,66,89219,63,205421
5572,0.001474,172.31.40.0-255,66,89285,63,205421
5573,0.001655,74.125.24.0-255,1484,90769,63,205421
5574,0.001668,74.125.24.0-255,2902,93671,63,205421
5575,0.001671,172.31.40.0-255,66,93737,63,205421
5576,0.001695,74.125.24.0-255,5738,99475,63,205421
5577,0.001698,172.31.40.0-255,66,99541,63,205421
5578,0.001734,172.31.40.0-255,66,99607,63,205421
5579,0.001745,172.31.40.0-255,66,99673,63,205421
5580,0.001764,74.125.24.0-255,2184,101857,63,205421
5581,0.001766,172.31.40.0-255,66,101923,63,205421
5582,0.00221,74.125.24.0-255,1484,103407,63,205421
5583,0.002227,74.125.24.0-255,2902,106309,63,205421
5584,0.002231,172.31.40.0-255,66,106375,63,205421
5585,0.00226,74.125.24.0-255,5738,112113,63,205421
5586,0.002262,172.31.40.0-255,66,112179,63,205421
5587,0.002277,74.125.24.0-255,5738,117917,63,205421
5588,0.002279,172.31.40.0-255,66,117983,63,205421
5589,0.002303,74.125.24.0-255,7156,125139,63,205421
5590,0.002306,172.31.40.0-255,66,125205,63,205421
5591,0.002313,74.125.24.0-255,7156,132361,63,205421
5592,0.002314,172.31.40.0-255,66,132427,63,205421
5593,0.002337,74.125.24.0-255,1484,133911,63,205421
5594,0.002361,74.125.24.0-255,2184,136095,63,205421
5595,0.002364,172.31.40.0-255,66,136161,63,205421
5596,0.002635,74.125.24.0-255,1484,137645,63,205421
5597,0.002653,74.125.24.0-255,2902,140547,63,205421
5598,0.002656,172.31.40.0-255,66,140613,63,205421
5599,0.002661,74.125.24.0-255,2902,143515,63,205421
5600,0.002663,172.31.40.0-255,66,143581,63,205421
5601,0.002692,74.125.24.0-255,2902,146483,63,205421
5602,0.002694,172.31.40.0-255,66,146549,63,205421
5603,0.002704,74.125.24.0-255,5738,152287,63,205421
5604,0.002706,172.31.40.0-255,66,152353,63,205421
5605,0.002734,74.125.24.0-255,7156,159509,63,205421
5606,0.002737,172.31.40.0-255,66,159575,63,205421
5607,0.002739,74.125.24.0-255,1484,161059,63,205421
5608,0.002765,74.125.24.0-255,2902,163961,63,205421
5609,0.002766,172.31.40.0-255,66,164027,63,205421
5610,0.002789,74.125.24.0-255,6438,170465,63,205421
5611,0.002791,172.31.40.0-255,66,170531,63,205421
5612,0.005586,74.125.24.0-255,5738,176269,63,205421
5613,0.005593,172.31.40.0-255,66,176335,63,205421
5614,0.008363,74.125.24.0-255,1484,177819,63,205421
5615,0.008384,74.125.24.0-255,4320,182139,63,205421
5616,0.008387,172.31.40.0-255,66,182205,63,205421
5617,0.011157,74.125.24.0-255,5738,187943,63,205421
5618,0.011163,172.31.40.0-255,66,188009,63,205421
5619,0.013928,74.125.24.0-255,5738,193747,63,205421
5620,0.013938,172.31.40.0-255,66,193813,63,205421
5621,0.016698,74.125.24.0-255,5738,199551,63,205421
5622,0.016708,172.31.40.0-255,66,199617,63,205421
5623,0.019442,74.125.24.0-255,5738,205355,63,205421
5624,0.01945,172.31.40.0-255,66,205421,63,205421
5625,0.0,74.125.24.0-255,149,149,63,168905
5626,2.1e-05,172.31.40.0-255,66,215,63,168905
5627,2.8e-05,74.125.24.0-255,1484,1699,63,168905
5628,3.4e-05,172.31.40.0-255,66,1765,63,168905
5629,4e-05,74.125.24.0-255,2902,4667,63,168905
5630,4.4e-05,172.31.40.0-255,66,4733,63,168905
5631,5.1e-05,74.125.24.0-255,7156,11889,63,168905
5632,5.5e-05,172.31.40.0-255,66,11955,63,168905
5633,9.3e-05,74.125.24.0-255,2102,14057,63,168905
5634,9.6e-05,172.31.40.0-255,66,14123,63,168905
5635,0.000132,74.125.24.0-255,2902,17025,63,168905
5636,0.000136,172.31.40.0-255,66,17091,63,168905
5637,0.000139,74.125.24.0-255,1484,18575,63,168905
5638,0.000141,172.31.40.0-255,66,18641,63,168905
5639,0.000156,74.125.24.0-255,1484,20125,63,168905
5640,0.000158,172.31.40.0-255,66,20191,63,168905
5641,0.000162,74.125.24.0-255,1484,21675,63,168905
5642,0.000164,172.31.40.0-255,66,21741,63,168905
5643,0.000193,74.125.24.0-255,5738,27479,63,168905
5644,0.000196,172.31.40.0-255,66,27545,63,168905
5645,0.000201,74.125.24.0-255,3961,31506,63,168905
5646,0.000203,172.31.40.0-255,66,31572,63,168905
5647,0.000257,74.125.24.0-255,1484,33056,63,168905
5648,0.00026,172.31.40.0-255,66,33122,63,168905
5649,0.000281,74.125.24.0-255,2902,36024,63,168905
5650,0.000284,172.31.40.0-255,66,36090,63,168905
5651,0.00029,74.125.24.0-255,5738,41828,63,168905
5652,0.000293,172.31.40.0-255,66,41894,63,168905
5653,0.000298,74.125.24.0-255,4320,46214,63,168905
5654,0.0003,172.31.40.0-255,66,46280,63,168905
5655,0.000328,74.125.24.0-255,2543,48823,63,168905
5656,0.00033,172.31.40.0-255,66,48889,63,168905
5657,0.000346,172.31.40.0-255,66,48955,63,168905
5658,0.00035,74.125.24.0-255,2839,51794,63,168905
5659,0.000352,172.31.40.0-255,66,51860,63,168905
5660,0.000729,74.125.24.0-255,381,52241,63,168905
5661,0.000835,74.125.24.0-255,1484,53725,63,168905
5662,0.00084,172.31.40.0-255,66,53791,63,168905
5663,0.000846,74.125.24.0-255,2902,56693,63,168905
5664,0.000848,172.31.40.0-255,66,56759,63,168905
5665,0.000851,74.125.24.0-255,1484,58243,63,168905
5666,0.000872,74.125.24.0-255,4320,62563,63,168905
5667,0.000875,172.31.40.0-255,66,62629,63,168905
5668,0.000916,172.31.40.0-255,66,62695,63,168905
5669,0.00093,74.125.24.0-255,2543,65238,63,168905
5670,0.000933,172.31.40.0-255,66,65304,63,168905
5671,0.000939,74.125.24.0-255,5738,71042,63,168905
5672,0.000941,172.31.40.0-255,66,71108,63,168905
5673,0.000983,74.125.24.0-255,3961,75069,63,168905
5674,0.000987,172.31.40.0-255,66,75135,63,168905
5675,0.001285,74.125.24.0-255,1484,76619,63,168905
5676,0.001289,74.125.24.0-255,1484,78103,63,168905
5677,0.001293,172.31.40.0-255,66,78169,63,168905
5678,0.001309,74.125.24.0-255,1484,79653,63,168905
5679,0.001316,74.125.24.0-255,5738,85391,63,168905
5680,0.001319,172.31.40.0-255,66,85457,63,168905
5681,0.001323,74.125.24.0-255,2902,88359,63,168905
5682,0.001325,172.31.40.0-255,66,88425,63,168905
5683,0.001357,74.125.24.0-255,7156,95581,63,168905
5684,0.001361,172.31.40.0-255,66,95647,63,168905
5685,0.001378,74.125.24.0-255,2902,98549,63,168905
5686,0.001396,172.31.40.0-255,66,98615,63,168905
5687,0.00141,172.31.40.0-255,66,98681,63,168905
5688,0.00187,74.125.24.0-255,1484,100165,63,168905
5689,0.001878,74.125.24.0-255,2902,103067,63,168905
5690,0.001883,172.31.40.0-255,66,103133,63,168905
5691,0.001891,74.125.24.0-255,5738,108871,63,168905
5692,0.001893,172.31.40.0-255,66,108937,63,168905
5693,0.001927,172.31.40.0-255,66,109003,63,168905
5694,0.001948,74.125.24.0-255,1484,110487,63,168905
5695,0.001959,172.31.40.0-255,66,110553,63,168905
5696,0.001972,74.125.24.0-255,2184,112737,63,168905
5697,0.001974,172.31.40.0-255,66,112803,63,168905
5698,0.002281,74.125.24.0-255,1484,114287,63,168905
5699,0.002289,74.125.24.0-255,2902,117189,63,168905
5700,0.002294,172.31.40.0-255,66,117255,63,168905
5701,0.002319,74.125.24.0-255,5738,122993,63,168905
5702,0.002323,172.31.40.0-255,66,123059,63,168905
5703,0.002355,172.31.40.0-255,66,123125,63,168905
5704,0.002424,74.125.24.0-255,7156,130281,63,168905
5705,0.002427,172.31.40.0-255,66,130347,63,168905
5706,0.002447,74.125.24.0-255,3602,133949,63,168905
5707,0.00245,172.31.40.0-255,66,134015,63,168905
5708,0.005039,74.125.24.0-255,1484,135499,63,168905
5709,0.005058,74.125.24.0-255,4320,139819,63,168905
5710,0.005063,172.31.40.0-255,66,139885,63,168905
5711,0.007662,74.125.24.0-255,5738,145623,63,168905
5712,0.007666,172.31.40.0-255,66,145689,63,168905
5713,0.010384,74.125.24.0-255,5738,151427,63,168905
5714,0.010398,172.31.40.0-255,66,151493,63,168905
5715,0.012993,74.125.24.0-255,5738,157231,63,168905
5716,0.013,172.31.40.0-255,66,157297,63,168905
5717,0.015571,74.125.24.0-255,5738,163035,63,168905
5718,0.015578,172.31.40.0-255,66,163101,63,168905
5719,0.018187,74.125.24.0-255,5738,168839,63,168905
5720,0.018196,172.31.40.0-255,66,168905,63,168905
5721,0.0,74.125.200.0-255,153,153,63,140344
5722,1.8e-05,172.31.40.0-255,66,219,63,140344
5723,2.5e-05,74.125.200.0-255,1484,1703,63,140344
5724,3e-05,172.31.40.0-255,66,1769,63,140344
5725,5.5e-05,74.125.200.0-255,2902,4671,63,140344
5726,5.9e-05,172.31.40.0-255,66,4737,63,140344
5727,0.000109,74.125.200.0-255,4320,9057,63,140344
5728,0.000113,172.31.40.0-255,66,9123,63,140344
5729,0.000132,74.125.200.0-255,2902,12025,63,140344
5730,0.000135,172.31.40.0-255,66,12091,63,140344
5731,0.00028,74.125.200.0-255,2075,14166,63,140344
5732,0.000286,172.31.40.0-255,66,14232,63,140344
5733,0.000306,74.125.200.0-255,1484,15716,63,140344
5734,0.000308,172.31.40.0-255,66,15782,63,140344
5735,0.000327,74.125.200.0-255,1484,17266,63,140344
5736,0.000329,172.31.40.0-255,66,17332,63,140344
5737,0.000374,74.125.200.0-255,1484,18816,63,140344
5738,0.000378,172.31.40.0-255,66,18882,63,140344
5739,0.000393,74.125.200.0-255,5738,24620,63,140344
5740,0.000396,172.31.40.0-255,66,24686,63,140344
5741,0.000557,74.125.200.0-255,5738,30424,63,140344
5742,0.000562,172.31.40.0-255,66,30490,63,140344
5743,0.000584,74.125.200.0-255,4320,34810,63,140344
5744,0.000587,172.31.40.0-255,66,34876,63,140344
5745,0.000605,74.125.200.0-255,5379,40255,63,140344
5746,0.000609,172.31.40.0-255,66,40321,63,140344
5747,0.000913,172.31.40.0-255,66,40387,63,140344
5748,0.001091,74.125.200.0-255,4320,44707,63,140344
5749,0.001095,172.31.40.0-255,66,44773,63,140344
5750,0.001132,172.31.40.0-255,66,44839,63,140344
5751,0.001151,74.125.200.0-255,4540,49379,63,140344
5752,0.001703,74.125.200.0-255,7156,56535,63,140344
5753,0.002169,74.125.200.0-255,2902,59437,63,140344
5754,0.002441,74.125.200.0-255,1484,60921,63,140344
5755,0.002455,74.125.200.0-255,4320,65241,63,140344
5756,0.002506,74.125.200.0-255,5020,70261,63,140344
5757,0.00303,74.125.200.0-255,4320,74581,63,140344
5758,0.003082,74.125.200.0-255,7156,81737,63,140344
5759,0.003656,74.125.200.0-255,4320,86057,63,140344
5760,0.003735,74.125.200.0-255,4320,90377,63,140344
5761,0.004632,74.125.200.0-255,1484,91861,63,140344
5762,0.004645,74.125.200.0-255,2902,94763,63,140344
5763,0.004657,74.125.200.0-255,4320,99083,63,140344
5764,0.00473,74.125.200.0-255,2902,101985,63,140344
5765,0.00555,74.125.200.0-255,2902,104887,63,140344
5766,0.005633,74.125.200.0-255,2902,107789,63,140344
5767,0.005702,74.125.200.0-255,7156,114945,63,140344
5768,0.005717,74.125.200.0-255,1484,116429,63,140344
5769,0.006046,172.31.40.0-255,66,116495,63,140344
5770,0.006599,74.125.200.0-255,4320,120815,63,140344
5771,0.006612,172.31.40.0-255,66,120881,63,140344
5772,0.006663,172.31.40.0-255,66,120947,63,140344
5773,0.0088,74.125.200.0-255,1484,122431,63,140344
5774,0.008823,74.125.200.0-255,5738,128169,63,140344
5775,0.008827,172.31.40.0-255,66,128235,63,140344
5776,0.008922,172.31.40.0-255,66,128301,63,140344
5777,0.008936,74.125.200.0-255,4320,132621,63,140344
5778,0.008959,172.31.40.0-255,66,132687,63,140344
5779,0.009251,74.125.200.0-255,4320,137007,63,140344
5780,0.009255,172.31.40.0-255,66,137073,63,140344
5781,0.00933,74.125.200.0-255,2902,139975,63,140344
5782,0.009338,172.31.40.0-255,66,140041,63,140344
5783,0.009379,172.31.40.0-255,66,140107,63,140344
5784,0.009405,172.31.40.0-255,66,140173,63,140344
5785,0.009848,172.31.40.0-255,105,140278,63,140344
5786,0.012544,74.125.200.0-255,66,140344,63,140344
5787,0.0,172.31.40.0-255,74,74,63,74
5788,0.0,74.125.24.0-255,148,148,63,175385
5789,8e-06,172.31.40.0-255,66,214,63,175385
5790,3.6e-05,74.125.24.0-255,1484,1698,63,175385
5791,4e-05,172.31.40.0-255,66,1764,63,175385
5792,4.5e-05,74.125.24.0-255,2902,4666,63,175385
5793,4.7e-05,172.31.40.0-255,66,4732,63,175385
5794,5e-05,74.125.24.0-255,1484,6216,63,175385
5795,5.2e-05,172.31.40.0-255,66,6282,63,175385
5796,7.8e-05,74.125.24.0-255,4320,10602,63,175385
5797,8.4e-05,172.31.40.0-255,66,10668,63,175385
5798,0.000112,74.125.24.0-255,3511,14179,63,175385
5799,0.000114,172.31.40.0-255,66,14245,63,175385
5800,0.000149,74.125.24.0-255,2902,17147,63,175385
5801,0.000151,172.31.40.0-255,66,17213,63,175385
5802,0.000154,74.125.24.0-255,1484,18697,63,175385
5803,0.000156,172.31.40.0-255,66,18763,63,175385
5804,0.000183,74.125.24.0-255,2902,21665,63,175385
5805,0.000185,172.31.40.0-255,66,21731,63,175385
5806,0.000199,172.31.40.0-255,66,21797,63,175385
5807,0.000201,74.125.24.0-255,1125,22922,63,175385
5808,0.000203,172.31.40.0-255,66,22988,63,175385
5809,0.000342,74.125.24.0-255,1484,24472,63,175385
5810,0.000346,172.31.40.0-255,66,24538,63,175385
5811,0.00035,74.125.24.0-255,1484,26022,63,175385
5812,0.000352,172.31.40.0-255,66,26088,63,175385
5813,0.000367,74.125.24.0-255,1484,27572,63,175385
5814,0.000369,172.31.40.0-255,66,27638,63,175385
5815,0.000379,74.125.24.0-255,5738,33376,63,175385
5816,0.000381,172.31.40.0-255,66,33442,63,175385
5817,0.000406,74.125.24.0-255,4320,37762,63,175385
5818,0.000408,172.31.40.0-255,66,37828,63,175385
5819,0.000441,172.31.40.0-255,66,37894,63,175385
5820,0.000451,172.31.40.0-255,66,37960,63,175385
5821,0.000453,74.125.24.0-255,1125,39085,63,175385
5822,0.000768,74.125.24.0-255,397,39482,63,175385
5823,0.000834,74.125.24.0-255,346,39828,63,175385
5824,0.000838,172.31.40.0-255,66,39894,63,175385
5825,0.001201,74.125.24.0-255,1484,41378,63,175385
5826,0.001209,74.125.24.0-255,2902,44280,63,175385
5827,0.001213,172.31.40.0-255,66,44346,63,175385
5828,0.001218,74.125.24.0-255,2902,47248,63,175385
5829,0.00122,172.31.40.0-255,66,47314,63,175385
5830,0.001244,74.125.24.0-255,2902,50216,63,175385
5831,0.001246,172.31.40.0-255,66,50282,63,175385
5832,0.001252,74.125.24.0-255,5738,56020,63,175385
5833,0.001253,172.31.40.0-255,66,56086,63,175385
5834,0.001277,74.125.24.0-255,4320,60406,63,175385
5835,0.001279,172.31.40.0-255,66,60472,63,175385
5836,0.001317,172.31.40.0-255,66,60538,63,175385
5837,0.001323,74.125.24.0-255,5020,65558,63,175385
5838,0.001324,172.31.40.0-255,66,65624,63,175385
5839,0.001573,74.125.24.0-255,1484,67108,63,175385
5840,0.001597,74.125.24.0-255,2902,70010,63,175385
5841,0.001601,172.31.40.0-255,66,70076,63,175385
5842,0.001649,74.125.24.0-255,5738,75814,63,175385
5843,0.001652,172.31.40.0-255,66,75880,63,175385
5844,0.001668,172.31.40.0-255,66,75946,63,175385
5845,0.001678,172.31.40.0-255,66,76012,63,175385
5846,0.00171,74.125.24.0-255,2184,78196,63,175385
5847,0.001712,172.31.40.0-255,66,78262,63,175385
5848,0.001746,74.125.24.0-255,1484,79746,63,175385
5849,0.001751,74.125.24.0-255,2902,82648,63,175385
5850,0.001754,172.31.40.0-255,66,82714,63,175385
5851,0.001781,74.125.24.0-255,4320,87034,63,175385
5852,0.001783,172.31.40.0-255,66,87100,63,175385
5853,0.001795,74.125.24.0-255,1484,88584,63,175385
5854,0.001798,74.125.24.0-255,1484,90068,63,175385
5855,0.0018,172.31.40.0-255,66,90134,63,175385
5856,0.00183,172.31.40.0-255,66,90200,63,175385
5857,0.001846,74.125.24.0-255,2902,93102,63,175385
5858,0.001848,172.31.40.0-255,66,93168,63,175385
5859,0.001876,172.31.40.0-255,66,93234,63,175385
5860,0.001922,74.125.24.0-255,1484,94718,63,175385
5861,0.001927,74.125.24.0-255,2902,97620,63,175385
5862,0.001929,172.31.40.0-255,66,97686,63,175385
5863,0.001933,74.125.24.0-255,2902,100588,63,175385
5864,0.001935,172.31.40.0-255,66,100654,63,175385
5865,0.001954,74.125.24.0-255,2902,103556,63,175385
5866,0.001956,172.31.40.0-255,66,103622,63,175385
5867,0.001964,74.125.24.0-255,2902,106524,63,175385
5868,0.001966,172.31.40.0-255,66,106590,63,175385
5869,0.001996,74.125.24.0-255,2902,109492,63,175385
5870,0.002002,172.31.40.0-255,66,109558,63,175385
5871,0.002015,172.31.40.0-255,66,109624,63,175385
5872,0.00202,74.125.24.0-255,5020,114644,63,175385
5873,0.002022,172.31.40.0-255,66,114710,63,175385
5874,0.002127,74.125.24.0-255,1484,116194,63,175385
5875,0.002132,74.125.24.0-255,2902,119096,63,175385
5876,0.002134,172.31.40.0-255,66,119162,63,175385
5877,0.002137,74.125.24.0-255,1484,120646,63,175385
5878,0.002163,74.125.24.0-255,4320,124966,63,175385
5879,0.002165,172.31.40.0-255,66,125032,63,175385
5880,0.002171,74.125.24.0-255,5738,130770,63,175385
5881,0.002173,172.31.40.0-255,66,130836,63,175385
5882,0.002199,74.125.24.0-255,7156,137992,63,175385
5883,0.002204,172.31.40.0-255,66,138058,63,175385
5884,0.002215,172.31.40.0-255,66,138124,63,175385
5885,0.002236,74.125.24.0-255,6438,144562,63,175385
5886,0.002239,172.31.40.0-255,66,144628,63,175385
5887,0.002258,172.31.40.0-255,66,144694,63,175385
5888,0.002272,172.31.40.0-255,66,144760,63,175385
5889,0.002312,74.125.24.0-255,4320,149080,63,175385
5890,0.002314,172.31.40.0-255,66,149146,63,175385
5891,0.002355,172.31.40.0-255,66,149212,63,175385
5892,0.002359,74.125.24.0-255,2902,152114,63,175385
5893,0.002361,172.31.40.0-255,66,152180,63,175385
5894,0.00239,172.31.40.0-255,66,152246,63,175385
5895,0.002423,172.31.40.0-255,66,152312,63,175385
5896,0.002426,74.125.24.0-255,1484,153796,63,175385
5897,0.002465,172.31.40.0-255,66,153862,63,175385
5898,0.002483,74.125.24.0-255,3602,157464,63,175385
5899,0.002485,172.31.40.0-255,66,157530,63,175385
5900,0.002505,172.31.40.0-255,66,157596,63,175385
5901,0.002564,74.125.24.0-255,3602,161198,63,175385
5902,0.002566,172.31.40.0-255,66,161264,63,175385
5903,0.002588,172.31.40.0-255,66,161330,63,175385
5904,0.002593,74.125.24.0-255,4320,165650,63,175385
5905,0.002595,172.31.40.0-255,66,165716,63,175385
5906,0.002629,74.125.24.0-255,5738,171454,63,175385
5907,0.002631,172.31.40.0-255,78,171532,63,175385
5908,0.002633,74.125.24.0-255,1484,173016,63,175385
5909,0.002636,172.31.40.0-255,66,173082,63,175385
5910,0.002638,74.125.24.0-255,465,173547,63,175385
5911,0.00264,74.125.24.0-255,105,173652,63,175385
5912,0.005037,74.125.24.0-255,1484,175136,63,175385
5913,0.005043,172.31.40.0-255,78,175214,63,175385
5914,0.007315,172.31.40.0-255,105,175319,63,175385
5915,0.009696,74.125.24.0-255,66,175385,63,175385
5916,0.0,74.125.24.0-255,146,146,63,173035
5917,1.6e-05,172.31.40.0-255,66,212,63,173035
5918,2.3e-05,74.125.24.0-255,1484,1696,63,173035
5919,2.8e-05,172.31.40.0-255,66,1762,63,173035
5920,3.4e-05,74.125.24.0-255,2902,4664,63,173035
5921,3.7e-05,172.31.40.0-255,66,4730,63,173035
5922,4.5e-05,74.125.24.0-255,7156,11886,63,173035
5923,4.9e-05,172.31.40.0-255,66,11952,63,173035
5924,7.3e-05,74.125.24.0-255,2077,14029,63,173035
5925,7.6e-05,172.31.40.0-255,66,14095,63,173035
5926,0.000149,74.125.24.0-255,1484,15579,63,173035
5927,0.000152,172.31.40.0-255,66,15645,63,173035
5928,0.000156,74.125.24.0-255,1484,17129,63,173035
5929,0.000159,172.31.40.0-255,66,17195,63,173035
5930,0.000175,74.125.24.0-255,1484,18679,63,173035
5931,0.000177,172.31.40.0-255,66,18745,63,173035
5932,0.000185,74.125.24.0-255,5738,24483,63,173035
5933,0.000188,172.31.40.0-255,66,24549,63,173035
5934,0.000245,74.125.24.0-255,6797,31346,63,173035
5935,0.000248,172.31.40.0-255,66,31412,63,173035
5936,0.000323,74.125.24.0-255,1484,32896,63,173035
5937,0.000327,172.31.40.0-255,66,32962,63,173035
5938,0.00033,74.125.24.0-255,1484,34446,63,173035
5939,0.000332,172.31.40.0-255,66,34512,63,173035
5940,0.000347,74.125.24.0-255,1484,35996,63,173035
5941,0.00035,172.31.40.0-255,66,36062,63,173035
5942,0.000357,74.125.24.0-255,5738,41800,63,173035
5943,0.00036,172.31.40.0-255,66,41866,63,173035
5944,0.000407,74.125.24.0-255,6797,48663,63,173035
5945,0.00041,172.31.40.0-255,66,48729,63,173035
5946,0.001025,74.125.24.0-255,1484,50213,63,173035
5947,0.001031,172.31.40.0-255,66,50279,63,173035
5948,0.001039,74.125.24.0-255,2902,53181,63,173035
5949,0.001042,172.31.40.0-255,66,53247,63,173035
5950,0.001048,74.125.24.0-255,5738,58985,63,173035
5951,0.00105,172.31.40.0-255,66,59051,63,173035
5952,0.001088,172.31.40.0-255,66,59117,63,173035
5953,0.001125,172.31.40.0-255,66,59183,63,173035
5954,0.001169,74.125.24.0-255,5738,64921,63,173035
5955,0.001188,172.31.40.0-255,66,64987,63,173035
5956,0.001209,74.125.24.0-255,4541,69528,63,173035
5957,0.001213,74.125.24.0-255,1484,71012,63,173035
5958,0.001223,172.31.40.0-255,66,71078,63,173035
5959,0.001228,74.125.24.0-255,4320,75398,63,173035
5960,0.001234,172.31.40.0-255,66,75464,63,173035
5961,0.001246,74.125.24.0-255,5738,81202,63,173035
5962,0.001268,74.125.24.0-255,461,81663,63,173035
5963,0.001272,172.31.40.0-255,66,81729,63,173035
5964,0.00129,74.125.24.0-255,1484,83213,63,173035
5965,0.001296,172.31.40.0-255,66,83279,63,173035
5966,0.001317,172.31.40.0-255,66,83345,63,173035
5967,0.001324,74.125.24.0-255,1484,84829,63,173035
5968,0.001339,74.125.24.0-255,4320,89149,63,173035
5969,0.001352,74.125.24.0-255,1820,90969,63,173035
5970,0.001359,172.31.40.0-255,66,91035,63,173035
5971,0.001377,74.125.24.0-255,1484,92519,63,173035
5972,0.001399,74.125.24.0-255,5738,98257,63,173035
5973,0.001406,74.125.24.0-255,5738,103995,63,173035
5974,0.001413,172.31.40.0-255,66,104061,63,173035
5975,0.001419,74.125.24.0-255,1484,105545,63,173035
5976,0.001457,74.125.24.0-255,1484,107029,63,173035
5977,0.001464,172.31.40.0-255,66,107095,63,173035
5978,0.001473,74.125.24.0-255,2184,109279,63,173035
5979,0.001478,172.31.40.0-255,66,109345,63,173035
5980,0.001487,74.125.24.0-255,4320,113665,63,173035
5981,0.001528,172.31.40.0-255,66,113731,63,173035
5982,0.001563,74.125.24.0-255,2902,116633,63,173035
5983,0.001601,172.31.40.0-255,66,116699,63,173035
5984,0.001609,74.125.24.0-255,6438,123137,63,173035
5985,0.00162,172.31.40.0-255,66,123203,63,173035
5986,0.001712,74.125.24.0-255,1484,124687,63,173035
5987,0.001719,74.125.24.0-255,2902,127589,63,173035
5988,0.00173,74.125.24.0-255,2902,130491,63,173035
5989,0.001744,74.125.24.0-255,2902,133393,63,173035
5990,0.001751,74.125.24.0-255,7156,140549,63,173035
5991,0.001762,172.31.40.0-255,66,140615,63,173035
5992,0.001832,172.31.40.0-255,66,140681,63,173035
5993,0.001844,74.125.24.0-255,2184,142865,63,173035
5994,0.001861,172.31.40.0-255,66,142931,63,173035
5995,0.001967,74.125.24.0-255,1484,144415,63,173035
5996,0.00197,74.125.24.0-255,1484,145899,63,173035
5997,0.001989,74.125.24.0-255,1484,147383,63,173035
5998,0.001996,74.125.24.0-255,5738,153121,63,173035
5999,0.002002,172.31.40.0-255,66,153187,63,173035
6000,0.002042,172.31.40.0-255,66,153253,63,173035
6001,0.002054,74.125.24.0-255,4320,157573,63,173035
6002,0.002059,172.31.40.0-255,66,157639,63,173035
6003,0.0021,172.31.40.0-255,66,157705,63,173035
6004,0.002129,74.125.24.0-255,2902,160607,63,173035
6005,0.002162,172.31.40.0-255,66,160673,63,173035
6006,0.002189,74.125.24.0-255,4320,164993,63,173035
6007,0.002202,172.31.40.0-255,66,165059,63,173035
6008,0.00222,172.31.40.0-255,66,165125,63,173035
6009,0.002302,172.31.40.0-255,66,165191,63,173035
6010,0.002364,74.125.24.0-255,2902,168093,63,173035
6011,0.00237,172.31.40.0-255,66,168159,63,173035
6012,0.00242,172.31.40.0-255,66,168225,63,173035
6013,0.002531,172.31.40.0-255,66,168291,63,173035
6014,0.00474,74.125.24.0-255,4507,172798,63,173035
6015,0.004747,172.31.40.0-255,66,172864,63,173035
6016,0.009143,172.31.40.0-255,105,172969,63,173035
6017,0.011332,74.125.24.0-255,66,173035,63,173035
6018,0.0,172.217.194.0-255,150,150,63,193527
6019,2.4e-05,172.31.40.0-255,66,216,63,193527
6020,3.1e-05,172.217.194.0-255,1484,1700,63,193527
6021,3.6e-05,172.31.40.0-255,66,1766,63,193527
6022,5e-05,172.217.194.0-255,2902,4668,63,193527
6023,5.4e-05,172.31.40.0-255,66,4734,63,193527
6024,5.8e-05,172.217.194.0-255,2902,7636,63,193527
6025,6.1e-05,172.31.40.0-255,66,7702,63,193527
6026,7.6e-05,172.31.40.0-255,66,7768,63,193527
6027,0.000113,172.217.194.0-255,2055,9823,63,193527
6028,0.000117,172.31.40.0-255,66,9889,63,193527
6029,0.000131,172.31.40.0-255,66,9955,63,193527
6030,0.000172,172.217.194.0-255,1484,11439,63,193527
6031,0.000174,172.31.40.0-255,66,11505,63,193527
6032,0.00018,172.217.194.0-255,2902,14407,63,193527
6033,0.000182,172.31.40.0-255,66,14473,63,193527
6034,0.000188,172.217.194.0-255,5738,20211,63,193527
6035,0.000191,172.31.40.0-255,66,20277,63,193527
6036,0.000244,172.31.40.0-255,66,20343,63,193527
6037,0.000264,172.217.194.0-255,3961,24304,63,193527
6038,0.000268,172.31.40.0-255,66,24370,63,193527
6039,0.000279,172.31.40.0-255,66,24436,63,193527
6040,0.00032,172.217.194.0-255,365,24801,63,193527
6041,0.000322,172.31.40.0-255,66,24867,63,193527
6042,0.000423,172.217.194.0-255,1484,26351,63,193527
6043,0.000428,172.31.40.0-255,66,26417,63,193527
6044,0.000434,172.217.194.0-255,2902,29319,63,193527
6045,0.000437,172.31.40.0-255,66,29385,63,193527
6046,0.000446,172.217.194.0-255,2902,32287,63,193527
6047,0.000448,172.31.40.0-255,66,32353,63,193527
6048,0.000471,172.217.194.0-255,2902,35255,63,193527
6049,0.000474,172.31.40.0-255,66,35321,63,193527
6050,0.000509,172.217.194.0-255,6248,41569,63,193527
6051,0.000512,172.31.40.0-255,66,41635,63,193527
6052,0.000733,172.217.194.0-255,1484,43119,63,193527
6053,0.000741,172.217.194.0-255,2902,46021,63,193527
6054,0.000745,172.31.40.0-255,66,46087,63,193527
6055,0.000768,172.217.194.0-255,5738,51825,63,193527
6056,0.000771,172.31.40.0-255,66,51891,63,193527
6057,0.000806,172.31.40.0-255,66,51957,63,193527
6058,0.000835,172.217.194.0-255,2902,54859,63,193527
6059,0.000837,172.31.40.0-255,66,54925,63,193527
6060,0.000843,172.217.194.0-255,4320,59245,63,193527
6061,0.000845,172.31.40.0-255,66,59311,63,193527
6062,0.000872,172.217.194.0-255,6438,65749,63,193527
6063,0.000874,172.31.40.0-255,66,65815,63,193527
6064,0.00097,172.217.194.0-255,1484,67299,63,193527
6065,0.000975,172.217.194.0-255,1484,68783,63,193527
6066,0.000979,172.31.40.0-255,66,68849,63,193527
6067,0.001007,172.217.194.0-255,1484,70333,63,193527
6068,0.001013,172.217.194.0-255,5738,76071,63,193527
6069,0.001029,172.31.40.0-255,66,76137,63,193527
6070,0.001037,172.31.40.0-255,66,76203,63,193527
6071,0.001041,172.217.194.0-255,2902,79105,63,193527
6072,0.001043,172.31.40.0-255,66,79171,63,193527
6073,0.001061,172.31.40.0-255,66,79237,63,193527
6074,0.001088,172.217.194.0-255,4320,83557,63,193527
6075,0.001091,172.31.40.0-255,66,83623,63,193527
6076,0.001132,172.217.194.0-255,7156,90779,63,193527
6077,0.001135,172.31.40.0-255,66,90845,63,193527
6078,0.001148,172.31.40.0-255,66,90911,63,193527
6079,0.001186,172.31.40.0-255,66,90977,63,193527
6080,0.00144,172.217.194.0-255,1484,92461,63,193527
6081,0.001459,172.217.194.0-255,1484,93945,63,193527
6082,0.001463,172.31.40.0-255,66,94011,63,193527
6083,0.001488,172.217.194.0-255,1484,95495,63,193527
6084,0.001495,172.217.194.0-255,5738,101233,63,193527
6085,0.001498,172.31.40.0-255,66,101299,63,193527
6086,0.001512,172.31.40.0-255,66,101365,63,193527
6087,0.001523,172.31.40.0-255,66,101431,63,193527
6088,0.001555,172.217.194.0-255,2184,103615,63,193527
6089,0.001558,172.31.40.0-255,66,103681,63,193527
6090,0.002065,172.217.194.0-255,1484,105165,63,193527
6091,0.002087,172.217.194.0-255,2902,108067,63,193527
6092,0.002093,172.217.194.0-255,5738,113805,63,193527
6093,0.002097,172.31.40.0-255,66,113871,63,193527
6094,0.002105,172.31.40.0-255,66,113937,63,193527
6095,0.002133,172.31.40.0-255,66,114003,63,193527
6096,0.002144,172.31.40.0-255,66,114069,63,193527
6097,0.002218,172.217.194.0-255,2184,116253,63,193527
6098,0.002222,172.31.40.0-255,66,116319,63,193527
6099,0.002252,172.217.194.0-255,1484,117803,63,193527
6100,0.002257,172.217.194.0-255,2902,120705,63,193527
6101,0.002259,172.31.40.0-255,66,120771,63,193527
6102,0.002266,172.217.194.0-255,5738,126509,63,193527
6103,0.002268,172.31.40.0-255,66,126575,63,193527
6104,0.002279,172.217.194.0-255,5738,132313,63,193527
6105,0.002282,172.31.40.0-255,66,132379,63,193527
6106,0.002339,172.31.40.0-255,66,132445,63,193527
6107,0.002359,172.31.40.0-255,66,132511,63,193527
6108,0.002371,172.31.40.0-255,66,132577,63,193527
6109,0.002404,172.217.194.0-255,5738,138315,63,193527
6110,0.002407,172.31.40.0-255,66,138381,63,193527
6111,0.002417,172.31.40.0-255,66,138447,63,193527
6112,0.002424,172.217.194.0-255,5738,144185,63,193527
6113,0.002426,172.31.40.0-255,66,144251,63,193527
6114,0.002477,172.31.40.0-255,66,144317,63,193527
6115,0.002484,172.217.194.0-255,5738,150055,63,193527
6116,0.002486,172.31.40.0-255,66,150121,63,193527
6117,0.002509,172.217.194.0-255,2184,152305,63,193527
6118,0.002511,172.31.40.0-255,66,152371,63,193527
6119,0.004908,172.217.194.0-255,2902,155273,63,193527
6120,0.004916,172.31.40.0-255,66,155339,63,193527
6121,0.004952,172.217.194.0-255,2902,158241,63,193527
6122,0.004955,172.31.40.0-255,66,158307,63,193527
6123,0.007391,172.217.194.0-255,2902,161209,63,193527
6124,0.007395,172.31.40.0-255,66,161275,63,193527
6125,0.007421,172.217.194.0-255,2902,164177,63,193527
6126,0.007424,172.31.40.0-255,66,164243,63,193527
6127,0.009949,172.217.194.0-255,2902,167145,63,193527
6128,0.009958,172.31.40.0-255,66,167211,63,193527
6129,0.009969,172.217.194.0-255,2902,170113,63,193527
6130,0.009971,172.31.40.0-255,66,170179,63,193527
6131,0.012382,172.217.194.0-255,2902,173081,63,193527
6132,0.01239,172.31.40.0-255,66,173147,63,193527
6133,0.012418,172.217.194.0-255,2902,176049,63,193527
6134,0.012421,172.31.40.0-255,66,176115,63,193527
6135,0.015002,172.217.194.0-255,5738,181853,63,193527
6136,0.015009,172.31.40.0-255,66,181919,63,193527
6137,0.017488,172.217.194.0-255,5738,187657,63,193527
6138,0.017496,172.31.40.0-255,66,187723,63,193527
6139,0.019943,172.217.194.0-255,5738,193461,63,193527
6140,0.019951,172.31.40.0-255,66,193527,63,193527
6141,0.0,74.125.200.0-255,66,66,63,66
6142,0.0,172.253.118.0-255,153,153,63,201032
6143,2e-05,172.31.40.0-255,66,219,63,201032
6144,2.6e-05,172.253.118.0-255,1484,1703,63,201032
6145,3.2e-05,172.31.40.0-255,66,1769,63,201032
6146,4.5e-05,172.253.118.0-255,2902,4671,63,201032
6147,5e-05,172.31.40.0-255,66,4737,63,201032
6148,5.8e-05,172.253.118.0-255,7156,11893,63,201032
6149,6.1e-05,172.31.40.0-255,66,11959,63,201032
6150,8.7e-05,172.253.118.0-255,1484,13443,63,201032
6151,9e-05,172.31.40.0-255,66,13509,63,201032
6152,9.9e-05,172.253.118.0-255,2105,15614,63,201032
6153,0.000102,172.31.40.0-255,66,15680,63,201032
6154,0.000144,172.253.118.0-255,5738,21418,63,201032
6155,0.000147,172.31.40.0-255,66,21484,63,201032
6156,0.000167,172.253.118.0-255,4320,25804,63,201032
6157,0.00017,172.31.40.0-255,66,25870,63,201032
6158,0.0002,172.253.118.0-255,5379,31249,63,201032
6159,0.000202,172.31.40.0-255,66,31315,63,201032
6160,0.000303,172.253.118.0-255,1484,32799,63,201032
6161,0.000307,172.31.40.0-255,66,32865,63,201032
6162,0.000313,172.253.118.0-255,2902,35767,63,201032
6163,0.000316,172.31.40.0-255,66,35833,63,201032
6164,0.000327,172.253.118.0-255,5738,41571,63,201032
6165,0.00033,172.31.40.0-255,66,41637,63,201032
6166,0.000383,172.253.118.0-255,5738,47375,63,201032
6167,0.000386,172.31.40.0-255,66,47441,63,201032
6168,0.000425,172.31.40.0-255,66,47507,63,201032
6169,0.000455,172.253.118.0-255,3961,51468,63,201032
6170,0.000457,172.31.40.0-255,66,51534,63,201032
6171,0.000516,172.253.118.0-255,2902,54436,63,201032
6172,0.000519,172.31.40.0-255,66,54502,63,201032
6173,0.000541,172.253.118.0-255,1398,55900,63,201032
6174,0.000545,172.253.118.0-255,129,56029,63,201032
6175,0.000652,172.253.118.0-255,1484,57513,63,201032
6176,0.000672,172.253.118.0-255,2902,60415,63,201032
6177,0.000675,172.31.40.0-255,66,60481,63,201032
6178,0.000681,172.31.40.0-255,66,60547,63,201032
6179,0.000711,172.253.118.0-255,5738,66285,63,201032
6180,0.000722,172.31.40.0-255,66,66351,63,201032
6181,0.000731,172.253.118.0-255,2902,69253,63,201032
6182,0.000734,172.253.118.0-255,1484,70737,63,201032
6183,0.000753,172.31.40.0-255,66,70803,63,201032
6184,0.000797,172.31.40.0-255,66,70869,63,201032
6185,0.000836,172.253.118.0-255,7156,78025,63,201032
6186,0.000842,172.31.40.0-255,66,78091,63,201032
6187,0.000851,172.253.118.0-255,2543,80634,63,201032
6188,0.000876,172.31.40.0-255,66,80700,63,201032
6189,0.001168,172.253.118.0-255,1484,82184,63,201032
6190,0.001175,172.253.118.0-255,2902,85086,63,201032
6191,0.001178,172.31.40.0-255,66,85152,63,201032
6192,0.001201,172.253.118.0-255,5738,90890,63,201032
6193,0.001216,172.31.40.0-255,66,90956,63,201032
6194,0.001225,172.253.118.0-255,4320,95276,63,201032
6195,0.001234,172.31.40.0-255,66,95342,63,201032
6196,0.001265,172.253.118.0-255,4320,99662,63,201032
6197,0.00127,172.31.40.0-255,66,99728,63,201032
6198,0.001282,172.253.118.0-255,7156,106884,63,201032
6199,0.001309,172.31.40.0-255,66,106950,63,201032
6200,0.001361,172.253.118.0-255,5738,112688,63,201032
6201,0.001369,172.31.40.0-255,66,112754,63,201032
6202,0.00138,172.253.118.0-255,2184,114938,63,201032
6203,0.001405,172.31.40.0-255,66,115004,63,201032
6204,0.001418,172.253.118.0-255,7156,122160,63,201032
6205,0.001422,172.31.40.0-255,66,122226,63,201032
6206,0.001442,172.253.118.0-255,4320,126546,63,201032
6207,0.001494,172.253.118.0-255,7156,133702,63,201032
6208,0.001506,172.31.40.0-255,66,133768,63,201032
6209,0.001572,172.31.40.0-255,66,133834,63,201032
6210,0.001641,172.253.118.0-255,766,134600,63,201032
6211,0.00166,172.253.118.0-255,1484,136084,63,201032
6212,0.001663,172.31.40.0-255,66,136150,63,201032
6213,0.0017,172.253.118.0-255,4320,140470,63,201032
6214,0.001707,172.253.118.0-255,5738,146208,63,201032
6215,0.001725,172.253.118.0-255,4320,150528,63,201032
6216,0.001739,172.31.40.0-255,66,150594,63,201032
6217,0.001778,172.253.118.0-255,4320,154914,63,201032
6218,0.001814,172.253.118.0-255,2902,157816,63,201032
6219,0.001818,172.31.40.0-255,66,157882,63,201032
6220,0.001824,172.31.40.0-255,66,157948,63,201032
6221,0.001916,172.253.118.0-255,2184,160132,63,201032
6222,0.001922,172.253.118.0-255,2902,163034,63,201032
6223,0.001928,172.31.40.0-255,66,163100,63,201032
6224,0.001963,172.253.118.0-255,7156,170256,63,201032
6225,0.001981,172.31.40.0-255,66,170322,63,201032
6226,0.001994,172.253.118.0-255,7156,177478,63,201032
6227,0.002005,172.31.40.0-255,66,177544,63,201032
6228,0.002042,172.31.40.0-255,66,177610,63,201032
6229,0.002118,172.253.118.0-255,5738,183348,63,201032
6230,0.002127,172.31.40.0-255,66,183414,63,201032
6231,0.002429,172.253.118.0-255,2902,186316,63,201032
6232,0.002766,172.253.118.0-255,7156,193472,63,201032
6233,0.00291,172.253.118.0-255,7156,200628,63,201032
6234,0.007289,172.31.40.0-255,66,200694,63,201032
6235,0.007951,172.31.40.0-255,101,200795,63,201032
6236,0.009537,172.31.40.0-255,105,200900,63,201032
6237,0.010498,172.253.118.0-255,66,200966,63,201032
6238,0.012101,172.253.118.0-255,66,201032,63,201032
6239,0.0,74.125.24.0-255,150,150,63,219537
6240,1.7e-05,172.31.40.0-255,66,216,63,219537
6241,2.4e-05,74.125.24.0-255,1484,1700,63,219537
6242,2.8e-05,172.31.40.0-255,66,1766,63,219537
6243,3.4e-05,74.125.24.0-255,2902,4668,63,219537
6244,3.8e-05,172.31.40.0-255,66,4734,63,219537
6245,5.6e-05,74.125.24.0-255,2902,7636,63,219537
6246,5.9e-05,172.31.40.0-255,66,7702,63,219537
6247,8.3e-05,74.125.24.0-255,4320,12022,63,219537
6248,8.6e-05,172.31.40.0-255,66,12088,63,219537
6249,9e-05,74.125.24.0-255,2902,14990,63,219537
6250,9.3e-05,172.31.40.0-255,66,15056,63,219537
6251,0.000125,172.31.40.0-255,66,15122,63,219537
6252,0.000132,74.125.24.0-255,5738,20860,63,219537
6253,0.000134,172.31.40.0-255,66,20926,63,219537
6254,0.000137,74.125.24.0-255,1125,22051,63,219537
6255,0.000139,172.31.40.0-255,66,22117,63,219537
6256,0.000215,74.125.24.0-255,1484,23601,63,219537
6257,0.000219,172.31.40.0-255,66,23667,63,219537
6258,0.000224,74.125.24.0-255,2902,26569,63,219537
6259,0.000226,172.31.40.0-255,66,26635,63,219537
6260,0.000233,74.125.24.0-255,5738,32373,63,219537
6261,0.000235,172.31.40.0-255,66,32439,63,219537
6262,0.000238,74.125.24.0-255,1484,33923,63,219537
6263,0.00024,172.31.40.0-255,66,33989,63,219537
6264,0.000255,74.125.24.0-255,2902,36891,63,219537
6265,0.000258,172.31.40.0-255,66,36957,63,219537
6266,0.000288,74.125.24.0-255,5738,42695,63,219537
6267,0.00029,172.31.40.0-255,66,42761,63,219537
6268,0.000312,172.31.40.0-255,66,42827,63,219537
6269,0.000336,74.125.24.0-255,5020,47847,63,219537
6270,0.000338,172.31.40.0-255,66,47913,63,219537
6271,0.000341,74.125.24.0-255,426,48339,63,219537
6272,0.000488,74.125.24.0-255,1484,49823,63,219537
6273,0.000492,172.31.40.0-255,66,49889,63,219537
6274,0.000498,74.125.24.0-255,2902,52791,63,219537
6275,0.0005,172.31.40.0-255,66,52857,63,219537
6276,0.000503,74.125.24.0-255,1484,54341,63,219537
6277,0.000522,74.125.24.0-255,4320,58661,63,219537
6278,0.000524,172.31.40.0-255,66,58727,63,219537
6279,0.00053,74.125.24.0-255,4320,63047,63,219537
6280,0.000532,172.31.40.0-255,66,63113,63,219537
6281,0.000561,172.31.40.0-255,66,63179,63,219537
6282,0.000572,172.31.40.0-255,66,63245,63,219537
6283,0.000605,74.125.24.0-255,2184,65429,63,219537
6284,0.000607,172.31.40.0-255,66,65495,63,219537
6285,0.000738,74.125.24.0-255,1484,66979,63,219537
6286,0.00076,74.125.24.0-255,2902,69881,63,219537
6287,0.000764,172.31.40.0-255,66,69947,63,219537
6288,0.000788,74.125.24.0-255,5738,75685,63,219537
6289,0.000791,172.31.40.0-255,66,75751,63,219537
6290,0.000795,74.125.24.0-255,2902,78653,63,219537
6291,0.000797,172.31.40.0-255,66,78719,63,219537
6292,0.00082,172.31.40.0-255,66,78785,63,219537
6293,0.000831,172.31.40.0-255,66,78851,63,219537
6294,0.000969,74.125.24.0-255,1484,80335,63,219537
6295,0.000974,74.125.24.0-255,2902,83237,63,219537
6296,0.000977,172.31.40.0-255,66,83303,63,219537
6297,0.000994,74.125.24.0-255,1484,84787,63,219537
6298,0.001013,74.125.24.0-255,4320,89107,63,219537
6299,0.001015,172.31.40.0-255,66,89173,63,219537
6300,0.001022,74.125.24.0-255,5738,94911,63,219537
6301,0.001023,172.31.40.0-255,66,94977,63,219537
6302,0.001035,74.125.24.0-255,1484,96461,63,219537
6303,0.00104,74.125.24.0-255,5738,102199,63,219537
6304,0.001044,172.31.40.0-255,66,102265,63,219537
6305,0.001057,74.125.24.0-255,2902,105167,63,219537
6306,0.001059,172.31.40.0-255,66,105233,63,219537
6307,0.001081,74.125.24.0-255,7156,112389,63,219537
6308,0.001084,172.31.40.0-255,66,112455,63,219537
6309,0.001111,172.31.40.0-255,66,112521,63,219537
6310,0.001125,172.31.40.0-255,66,112587,63,219537
6311,0.00116,74.125.24.0-255,4320,116907,63,219537
6312,0.001162,172.31.40.0-255,66,116973,63,219537
6313,0.00118,74.125.24.0-255,6438,123411,63,219537
6314,0.001184,172.31.40.0-255,66,123477,63,219537
6315,0.001202,74.125.24.0-255,1484,124961,63,219537
6316,0.001223,74.125.24.0-255,2902,127863,63,219537
6317,0.001226,172.31.40.0-255,66,127929,63,219537
6318,0.001249,74.125.24.0-255,2902,130831,63,219537
6319,0.001252,172.31.40.0-255,66,130897,63,219537
6320,0.001268,74.125.24.0-255,2902,133799,63,219537
6321,0.00127,172.31.40.0-255,66,133865,63,219537
6322,0.001275,74.125.24.0-255,4320,138185,63,219537
6323,0.001277,172.31.40.0-255,66,138251,63,219537
6324,0.001299,172.31.40.0-255,66,138317,63,219537
6325,0.001305,74.125.24.0-255,7156,145473,63,219537
6326,0.001307,172.31.40.0-255,66,145539,63,219537
6327,0.00133,74.125.24.0-255,1484,147023,63,219537
6328,0.001342,74.125.24.0-255,2184,149207,63,219537
6329,0.001344,172.31.40.0-255,66,149273,63,219537
6330,0.00139,74.125.24.0-255,1484,150757,63,219537
6331,0.001395,74.125.24.0-255,2902,153659,63,219537
6332,0.001397,172.31.40.0-255,66,153725,63,219537
6333,0.001418,74.125.24.0-255,5738,159463,63,219537
6334,0.00142,172.31.40.0-255,66,159529,63,219537
6335,0.001438,74.125.24.0-255,1484,161013,63,219537
6336,0.001455,74.125.24.0-255,5738,166751,63,219537
6337,0.001458,172.31.40.0-255,66,166817,63,219537
6338,0.001462,74.125.24.0-255,2902,169719,63,219537
6339,0.001464,172.31.40.0-255,66,169785,63,219537
6340,0.001485,172.31.40.0-255,66,169851,63,219537
6341,0.001487,74.125.24.0-255,1484,171335,63,219537
6342,0.001511,74.125.24.0-255,3602,174937,63,219537
6343,0.001513,172.31.40.0-255,66,175003,63,219537
6344,0.00152,74.125.24.0-255,7156,182159,63,219537
6345,0.001522,172.31.40.0-255,66,182225,63,219537
6346,0.001543,172.31.40.0-255,66,182291,63,219537
6347,0.001576,74.125.24.0-255,4320,186611,63,219537
6348,0.001579,172.31.40.0-255,66,186677,63,219537
6349,0.001589,172.31.40.0-255,66,186743,63,219537
6350,0.001592,74.125.24.0-255,1484,188227,63,219537
6351,0.001595,74.125.24.0-255,2902,191129,63,219537
6352,0.001597,172.31.40.0-255,66,191195,63,219537
6353,0.001617,74.125.24.0-255,5738,196933,63,219537
6354,0.001619,172.31.40.0-255,66,196999,63,219537
6355,0.001624,74.125.24.0-255,4320,201319,63,219537
6356,0.001626,172.31.40.0-255,66,201385,63,219537
6357,0.001661,172.31.40.0-255,66,201451,63,219537
6358,0.00167,172.31.40.0-255,66,201517,63,219537
6359,0.00169,74.125.24.0-255,5738,207255,63,219537
6360,0.001693,172.31.40.0-255,66,207321,63,219537
6361,0.001726,74.125.24.0-255,1484,208805,63,219537
6362,0.00173,172.31.40.0-255,66,208871,63,219537
6363,0.001743,74.125.24.0-255,7156,216027,63,219537
6364,0.001745,172.31.40.0-255,66,216093,63,219537
6365,0.001765,172.31.40.0-255,66,216159,63,219537
6366,0.001796,74.125.24.0-255,2184,218343,63,219537
6367,0.001799,172.31.40.0-255,66,218409,63,219537
6368,0.00181,172.31.40.0-255,66,218475,63,219537
6369,0.001857,172.31.40.0-255,66,218541,63,219537
6370,0.001882,74.125.24.0-255,105,218646,63,219537
6371,0.001884,74.125.24.0-255,129,218775,63,219537
6372,0.001887,172.31.40.0-255,66,218841,63,219537
6373,0.008782,172.31.40.0-255,105,218946,63,219537
6374,0.008818,172.31.40.0-255,105,219051,63,219537
6375,0.009028,172.31.40.0-255,90,219141,63,219537
6376,0.009037,172.31.40.0-255,66,219207,63,219537
6377,0.011204,74.125.24.0-255,66,219273,63,219537
6378,0.011226,74.125.24.0-255,66,219339,63,219537
6379,0.011447,74.125.24.0-255,66,219405,63,219537
6380,0.011479,74.125.24.0-255,66,219471,63,219537
6381,0.011485,172.31.40.0-255,66,219537,63,219537
6382,0.0,74.125.24.0-255,150,150,63,156849
6383,2.2e-05,172.31.40.0-255,66,216,63,156849
6384,3e-05,74.125.24.0-255,1484,1700,63,156849
6385,3.4e-05,172.31.40.0-255,66,1766,63,156849
6386,4.9e-05,74.125.24.0-255,2902,4668,63,156849
6387,5.2e-05,172.31.40.0-255,66,4734,63,156849
6388,5.8e-05,74.125.24.0-255,4320,9054,63,156849
6389,6.1e-05,172.31.40.0-255,66,9120,63,156849
6390,7.3e-05,172.31.40.0-255,66,9186,63,156849
6391,7.7e-05,74.125.24.0-255,2902,12088,63,156849
6392,8e-05,172.31.40.0-255,66,12154,63,156849
6393,0.000101,74.125.24.0-255,1484,13638,63,156849
6394,0.000103,172.31.40.0-255,66,13704,63,156849
6395,0.00015,172.31.40.0-255,66,13770,63,156849
6396,0.000426,74.125.24.0-255,1484,15254,63,156849
6397,0.000432,172.31.40.0-255,66,15320,63,156849
6398,0.000436,74.125.24.0-255,1484,16804,63,156849
6399,0.000438,172.31.40.0-255,66,16870,63,156849
6400,0.000458,74.125.24.0-255,1484,18354,63,156849
6401,0.000461,172.31.40.0-255,66,18420,63,156849
6402,0.000468,74.125.24.0-255,5738,24158,63,156849
6403,0.000471,172.31.40.0-255,66,24224,63,156849
6404,0.000507,74.125.24.0-255,6797,31021,63,156849
6405,0.000511,172.31.40.0-255,66,31087,63,156849
6406,0.000544,172.31.40.0-255,66,31153,63,156849
6407,0.000572,74.125.24.0-255,4320,35473,63,156849
6408,0.000574,172.31.40.0-255,66,35539,63,156849
6409,0.000579,74.125.24.0-255,2850,38389,63,156849
6410,0.000582,172.31.40.0-255,66,38455,63,156849
6411,0.000626,74.125.24.0-255,112,38567,63,156849
6412,0.000782,74.125.24.0-255,1484,40051,63,156849
6413,0.000809,74.125.24.0-255,2902,42953,63,156849
6414,0.000819,172.31.40.0-255,66,43019,63,156849
6415,0.00083,74.125.24.0-255,5738,48757,63,156849
6416,0.000849,172.31.40.0-255,66,48823,63,156849
6417,0.000856,74.125.24.0-255,4320,53143,63,156849
6418,0.000881,74.125.24.0-255,4320,57463,63,156849
6419,0.000897,74.125.24.0-255,4320,61783,63,156849
6420,0.000906,74.125.24.0-255,766,62549,63,156849
6421,0.000917,172.31.40.0-255,66,62615,63,156849
6422,0.000942,74.125.24.0-255,332,62947,63,156849
6423,0.001231,74.125.24.0-255,1484,64431,63,156849
6424,0.001235,172.31.40.0-255,66,64497,63,156849
6425,0.001242,74.125.24.0-255,2902,67399,63,156849
6426,0.00127,74.125.24.0-255,5738,73137,63,156849
6427,0.001272,172.31.40.0-255,66,73203,63,156849
6428,0.001277,172.31.40.0-255,66,73269,63,156849
6429,0.001315,172.31.40.0-255,66,73335,63,156849
6430,0.00133,74.125.24.0-255,1484,74819,63,156849
6431,0.001336,74.125.24.0-255,5738,80557,63,156849
6432,0.001364,74.125.24.0-255,5020,85577,63,156849
6433,0.001369,172.31.40.0-255,66,85643,63,156849
6434,0.001622,74.125.24.0-255,1484,87127,63,156849
6435,0.001642,74.125.24.0-255,2902,90029,63,156849
6436,0.001646,172.31.40.0-255,66,90095,63,156849
6437,0.001654,74.125.24.0-255,1484,91579,63,156849
6438,0.001677,74.125.24.0-255,1484,93063,63,156849
6439,0.001685,74.125.24.0-255,7156,100219,63,156849
6440,0.001702,172.31.40.0-255,66,100285,63,156849
6441,0.001745,74.125.24.0-255,2902,103187,63,156849
6442,0.001775,74.125.24.0-255,5020,108207,63,156849
6443,0.001788,172.31.40.0-255,66,108273,63,156849
6444,0.001883,74.125.24.0-255,1484,109757,63,156849
6445,0.001899,74.125.24.0-255,2902,112659,63,156849
6446,0.001902,172.31.40.0-255,66,112725,63,156849
6447,0.001936,74.125.24.0-255,5738,118463,63,156849
6448,0.001939,74.125.24.0-255,1484,119947,63,156849
6449,0.001974,172.31.40.0-255,66,120013,63,156849
6450,0.001978,74.125.24.0-255,1484,121497,63,156849
6451,0.00198,74.125.24.0-255,1484,122981,63,156849
6452,0.001985,172.31.40.0-255,66,123047,63,156849
6453,0.002031,172.31.40.0-255,66,123113,63,156849
6454,0.002432,74.125.24.0-255,1484,124597,63,156849
6455,0.002437,74.125.24.0-255,1484,126081,63,156849
6456,0.002441,172.31.40.0-255,66,126147,63,156849
6457,0.002454,74.125.24.0-255,1484,127631,63,156849
6458,0.002468,74.125.24.0-255,5738,133369,63,156849
6459,0.00247,74.125.24.0-255,1484,134853,63,156849
6460,0.002504,172.31.40.0-255,66,134919,63,156849
6461,0.002528,74.125.24.0-255,2902,137821,63,156849
6462,0.002534,172.31.40.0-255,66,137887,63,156849
6463,0.002595,74.125.24.0-255,1484,139371,63,156849
6464,0.0075,172.31.40.0-255,66,139437,63,156849
6465,0.010063,74.125.24.0-255,5738,145175,63,156849
6466,0.01007,172.31.40.0-255,66,145241,63,156849
6467,0.012636,74.125.24.0-255,5738,150979,63,156849
6468,0.015494,172.31.40.0-255,66,151045,63,156849
6469,0.018078,74.125.24.0-255,5738,156783,63,156849
6470,0.01809,172.31.40.0-255,66,156849,63,156849
6471,0.0,74.125.68.0-255,146,146,63,238105
6472,1.8e-05,172.31.40.0-255,66,212,63,238105
6473,2.4e-05,74.125.68.0-255,1484,1696,63,238105
6474,2.8e-05,172.31.40.0-255,66,1762,63,238105
6475,3.1e-05,74.125.68.0-255,1484,3246,63,238105
6476,3.6e-05,172.31.40.0-255,66,3312,63,238105
6477,6.2e-05,74.125.68.0-255,2902,6214,63,238105
6478,6.5e-05,172.31.40.0-255,66,6280,63,238105
6479,8.7e-05,74.125.68.0-255,5738,12018,63,238105
6480,9e-05,172.31.40.0-255,66,12084,63,238105
6481,0.000129,74.125.68.0-255,4320,16404,63,238105
6482,0.000131,172.31.40.0-255,66,16470,63,238105
6483,0.000149,74.125.68.0-255,2067,18537,63,238105
6484,0.000152,172.31.40.0-255,66,18603,63,238105
6485,0.000155,74.125.68.0-255,1484,20087,63,238105
6486,0.000157,172.31.40.0-255,66,20153,63,238105
6487,0.000191,74.125.68.0-255,2902,23055,63,238105
6488,0.000194,172.31.40.0-255,66,23121,63,238105
6489,0.000217,74.125.68.0-255,7156,30277,63,238105
6490,0.00022,172.31.40.0-255,66,30343,63,238105
6491,0.000223,74.125.68.0-255,1125,31468,63,238105
6492,0.000226,172.31.40.0-255,66,31534,63,238105
6493,0.000348,74.125.68.0-255,1484,33018,63,238105
6494,0.000353,172.31.40.0-255,66,33084,63,238105
6495,0.00037,74.125.68.0-255,2902,35986,63,238105
6496,0.000373,172.31.40.0-255,66,36052,63,238105
6497,0.000406,74.125.68.0-255,5738,41790,63,238105
6498,0.000409,172.31.40.0-255,66,41856,63,238105
6499,0.000425,74.125.68.0-255,1484,43340,63,238105
6500,0.000427,172.31.40.0-255,66,43406,63,238105
6501,0.000449,74.125.68.0-255,5379,48785,63,238105
6502,0.000452,172.31.40.0-255,66,48851,63,238105
6503,0.000455,74.125.68.0-255,1484,50335,63,238105
6504,0.00048,74.125.68.0-255,2902,53237,63,238105
6505,0.0005,74.125.68.0-255,2902,56139,63,238105
6506,0.000517,74.125.68.0-255,4320,60459,63,238105
6507,0.000534,172.31.40.0-255,66,60525,63,238105
6508,0.000546,74.125.68.0-255,2902,63427,63,238105
6509,0.000566,74.125.68.0-255,2849,66276,63,238105
6510,0.000569,74.125.68.0-255,114,66390,63,238105
6511,0.000605,172.31.40.0-255,66,66456,63,238105
6512,0.000674,74.125.68.0-255,1484,67940,63,238105
6513,0.00068,74.125.68.0-255,1484,69424,63,238105
6514,0.000697,74.125.68.0-255,1484,70908,63,238105
6515,0.000703,74.125.68.0-255,2902,73810,63,238105
6516,0.000708,172.31.40.0-255,66,73876,63,238105
6517,0.000727,74.125.68.0-255,4320,78196,63,238105
6518,0.000739,74.125.68.0-255,1484,79680,63,238105
6519,0.000757,74.125.68.0-255,4320,84000,63,238105
6520,0.000764,74.125.68.0-255,7156,91156,63,238105
6521,0.000768,172.31.40.0-255,66,91222,63,238105
6522,0.000779,172.31.40.0-255,66,91288,63,238105
6523,0.000804,74.125.68.0-255,6438,97726,63,238105
6524,0.000814,172.31.40.0-255,66,97792,63,238105
6525,0.000837,74.125.68.0-255,7156,104948,63,238105
6526,0.000851,74.125.68.0-255,3647,108595,63,238105
6527,0.000859,172.31.40.0-255,66,108661,63,238105
6528,0.001386,74.125.68.0-255,1484,110145,63,238105
6529,0.001392,74.125.68.0-255,2902,113047,63,238105
6530,0.001395,172.31.40.0-255,66,113113,63,238105
6531,0.001416,74.125.68.0-255,5738,118851,63,238105
6532,0.00142,172.31.40.0-255,66,118917,63,238105
6533,0.001433,74.125.68.0-255,1484,120401,63,238105
6534,0.001437,74.125.68.0-255,2902,123303,63,238105
6535,0.001453,172.31.40.0-255,66,123369,63,238105
6536,0.001479,74.125.68.0-255,1484,124853,63,238105
6537,0.001496,74.125.68.0-255,2902,127755,63,238105
6538,0.0015,172.31.40.0-255,66,127821,63,238105
6539,0.001519,74.125.68.0-255,4320,132141,63,238105
6540,0.001525,172.31.40.0-255,66,132207,63,238105
6541,0.001537,74.125.68.0-255,1484,133691,63,238105
6542,0.00154,74.125.68.0-255,1484,135175,63,238105
6543,0.001542,74.125.68.0-255,1484,136659,63,238105
6544,0.001549,172.31.40.0-255,66,136725,63,238105
6545,0.001558,74.125.68.0-255,1484,138209,63,238105
6546,0.0016,74.125.68.0-255,4320,142529,63,238105
6547,0.00161,172.31.40.0-255,66,142595,63,238105
6548,0.001617,74.125.68.0-255,766,143361,63,238105
6549,0.001901,74.125.68.0-255,1484,144845,63,238105
6550,0.001905,172.31.40.0-255,66,144911,63,238105
6551,0.00191,74.125.68.0-255,2902,147813,63,238105
6552,0.001914,172.31.40.0-255,66,147879,63,238105
6553,0.001931,74.125.68.0-255,2902,150781,63,238105
6554,0.001944,74.125.68.0-255,2902,153683,63,238105
6555,0.001949,172.31.40.0-255,66,153749,63,238105
6556,0.001964,74.125.68.0-255,5738,159487,63,238105
6557,0.001975,74.125.68.0-255,1484,160971,63,238105
6558,0.00198,172.31.40.0-255,66,161037,63,238105
6559,0.001996,74.125.68.0-255,2902,163939,63,238105
6560,0.002008,172.31.40.0-255,66,164005,63,238105
6561,0.002014,74.125.68.0-255,5738,169743,63,238105
6562,0.002045,172.31.40.0-255,66,169809,63,238105
6563,0.002081,172.31.40.0-255,66,169875,63,238105
6564,0.002094,74.125.68.0-255,4320,174195,63,238105
6565,0.002108,172.31.40.0-255,66,174261,63,238105
6566,0.002113,74.125.68.0-255,4320,178581,63,238105
6567,0.002115,74.125.68.0-255,1484,180065,63,238105
6568,0.002119,74.125.68.0-255,4320,184385,63,238105
6569,0.002124,172.31.40.0-255,66,184451,63,238105
6570,0.002141,74.125.68.0-255,7156,191607,63,238105
6571,0.002146,172.31.40.0-255,66,191673,63,238105
6572,0.004256,74.125.68.0-255,5738,197411,63,238105
6573,0.004262,172.31.40.0-255,66,197477,63,238105
6574,0.006373,74.125.68.0-255,5738,203215,63,238105
6575,0.006376,172.31.40.0-255,66,203281,63,238105
6576,0.008492,74.125.68.0-255,5738,209019,63,238105
6577,0.0085,172.31.40.0-255,66,209085,63,238105
6578,0.010621,74.125.68.0-255,5738,214823,63,238105
6579,0.01063,172.31.40.0-255,66,214889,63,238105
6580,0.012748,74.125.68.0-255,5738,220627,63,238105
6581,0.012759,172.31.40.0-255,66,220693,63,238105
6582,0.014889,74.125.68.0-255,5738,226431,63,238105
6583,0.014904,172.31.40.0-255,66,226497,63,238105
6584,0.017026,74.125.68.0-255,5738,232235,63,238105
6585,0.017037,172.31.40.0-255,66,232301,63,238105
6586,0.019198,74.125.68.0-255,5738,238039,63,238105
6587,0.019208,172.31.40.0-255,66,238105,63,238105
6588,0.0,74.125.68.0-255,146,146,63,264515
6589,2.3e-05,172.31.40.0-255,66,212,63,264515
6590,3e-05,74.125.68.0-255,1484,1696,63,264515
6591,3.6e-05,172.31.40.0-255,66,1762,63,264515
6592,4.9e-05,74.125.68.0-255,2902,4664,63,264515
6593,5.3e-05,172.31.40.0-255,66,4730,63,264515
6594,5.8e-05,74.125.68.0-255,2902,7632,63,264515
6595,6.2e-05,172.31.40.0-255,66,7698,63,264515
6596,8.1e-05,74.125.68.0-255,2902,10600,63,264515
6597,8.8e-05,172.31.40.0-255,66,10666,63,264515
6598,9.2e-05,74.125.68.0-255,1484,12150,63,264515
6599,9.4e-05,172.31.40.0-255,66,12216,63,264515
6600,9.9e-05,74.125.68.0-255,2038,14254,63,264515
6601,0.000101,172.31.40.0-255,66,14320,63,264515
6602,0.000156,74.125.68.0-255,1484,15804,63,264515
6603,0.000159,172.31.40.0-255,66,15870,63,264515
6604,0.000186,74.125.68.0-255,2902,18772,63,264515
6605,0.000189,172.31.40.0-255,66,18838,63,264515
6606,0.000196,74.125.68.0-255,5738,24576,63,264515
6607,0.000198,172.31.40.0-255,66,24642,63,264515
6608,0.000237,74.125.68.0-255,4320,28962,63,264515
6609,0.00024,172.31.40.0-255,66,29028,63,264515
6610,0.000255,74.125.68.0-255,2543,31571,63,264515
6611,0.000262,172.31.40.0-255,66,31637,63,264515
6612,0.000298,74.125.68.0-255,7156,38793,63,264515
6613,0.000301,172.31.40.0-255,66,38859,63,264515
6614,0.000306,74.125.68.0-255,4320,43179,63,264515
6615,0.000308,172.31.40.0-255,66,43245,63,264515
6616,0.000327,74.125.68.0-255,1484,44729,63,264515
6617,0.000329,172.31.40.0-255,66,44795,63,264515
6618,0.000358,74.125.68.0-255,3961,48756,63,264515
6619,0.000361,172.31.40.0-255,66,48822,63,264515
6620,0.000462,74.125.68.0-255,1484,50306,63,264515
6621,0.000467,74.125.68.0-255,1484,51790,63,264515
6622,0.00047,172.31.40.0-255,66,51856,63,264515
6623,0.000497,74.125.68.0-255,2902,54758,63,264515
6624,0.000499,172.31.40.0-255,66,54824,63,264515
6625,0.000506,74.125.68.0-255,5738,60562,63,264515
6626,0.000508,172.31.40.0-255,66,60628,63,264515
6627,0.000542,74.125.68.0-255,4320,64948,63,264515
6628,0.000544,172.31.40.0-255,66,65014,63,264515
6629,0.000561,74.125.68.0-255,1705,66719,63,264515
6630,0.000563,172.31.40.0-255,66,66785,63,264515
6631,0.000597,74.125.68.0-255,1484,68269,63,264515
6632,0.000613,74.125.68.0-255,2902,71171,63,264515
6633,0.000616,172.31.40.0-255,66,71237,63,264515
6634,0.000644,74.125.68.0-255,4320,75557,63,264515
6635,0.000646,172.31.40.0-255,66,75623,63,264515
6636,0.000675,74.125.68.0-255,1484,77107,63,264515
6637,0.000682,74.125.68.0-255,6797,83904,63,264515
6638,0.000685,172.31.40.0-255,66,83970,63,264515
6639,0.00069,74.125.68.0-255,5738,89708,63,264515
6640,0.000692,172.31.40.0-255,66,89774,63,264515
6641,0.000716,74.125.68.0-255,5738,95512,63,264515
6642,0.000719,172.31.40.0-255,66,95578,63,264515
6643,0.000746,74.125.68.0-255,5379,100957,63,264515
6644,0.000748,172.31.40.0-255,66,101023,63,264515
6645,0.000854,74.125.68.0-255,1484,102507,63,264515
6646,0.000883,74.125.68.0-255,2902,105409,63,264515
6647,0.000886,172.31.40.0-255,66,105475,63,264515
6648,0.000889,74.125.68.0-255,1484,106959,63,264515
6649,0.000913,74.125.68.0-255,2902,109861,63,264515
6650,0.000916,172.31.40.0-255,66,109927,63,264515
6651,0.000921,74.125.68.0-255,4320,114247,63,264515
6652,0.000923,172.31.40.0-255,66,114313,63,264515
6653,0.000944,74.125.68.0-255,4320,118633,63,264515
6654,0.000946,172.31.40.0-255,66,118699,63,264515
6655,0.00095,74.125.68.0-255,2902,121601,63,264515
6656,0.000953,172.31.40.0-255,66,121667,63,264515
6657,0.000956,74.125.68.0-255,1484,123151,63,264515
6658,0.000998,172.31.40.0-255,66,123217,63,264515
6659,0.001001,74.125.68.0-255,766,123983,63,264515
6660,0.001162,74.125.68.0-255,1484,125467,63,264515
6661,0.001165,172.31.40.0-255,66,125533,63,264515
6662,0.00117,74.125.68.0-255,2902,128435,63,264515
6663,0.001172,172.31.40.0-255,66,128501,63,264515
6664,0.001201,74.125.68.0-255,4320,132821,63,264515
6665,0.001203,172.31.40.0-255,66,132887,63,264515
6666,0.001237,74.125.68.0-255,5738,138625,63,264515
6667,0.00124,172.31.40.0-255,66,138691,63,264515
6668,0.001244,74.125.68.0-255,2902,141593,63,264515
6669,0.001246,172.31.40.0-255,66,141659,63,264515
6670,0.001274,172.31.40.0-255,66,141725,63,264515
6671,0.001279,74.125.68.0-255,4320,146045,63,264515
6672,0.001281,172.31.40.0-255,66,146111,63,264515
6673,0.001344,74.125.68.0-255,4320,150431,63,264515
6674,0.001346,172.31.40.0-255,66,150497,63,264515
6675,0.001379,172.31.40.0-255,66,150563,63,264515
6676,0.001385,74.125.68.0-255,7156,157719,63,264515
6677,0.001387,172.31.40.0-255,66,157785,63,264515
6678,0.001419,172.31.40.0-255,66,157851,63,264515
6679,0.001423,74.125.68.0-255,2902,160753,63,264515
6680,0.001425,172.31.40.0-255,66,160819,63,264515
6681,0.001443,74.125.68.0-255,1484,162303,63,264515
6682,0.001462,74.125.68.0-255,2184,164487,63,264515
6683,0.001475,172.31.40.0-255,66,164553,63,264515
6684,0.00156,74.125.68.0-255,1484,166037,63,264515
6685,0.001565,74.125.68.0-255,2902,168939,63,264515
6686,0.001568,172.31.40.0-255,66,169005,63,264515
6687,0.001594,74.125.68.0-255,5738,174743,63,264515
6688,0.001597,172.31.40.0-255,66,174809,63,264515
6689,0.001622,74.125.68.0-255,1484,176293,63,264515
6690,0.001658,74.125.68.0-255,2902,179195,63,264515
6691,0.00166,172.31.40.0-255,66,179261,63,264515
6692,0.001666,74.125.68.0-255,4320,183581,63,264515
6693,0.001668,172.31.40.0-255,66,183647,63,264515
6694,0.001685,74.125.68.0-255,1484,185131,63,264515
6695,0.001703,74.125.68.0-255,7156,192287,63,264515
6696,0.001706,172.31.40.0-255,66,192353,63,264515
6697,0.001711,74.125.68.0-255,4320,196673,63,264515
6698,0.001713,172.31.40.0-255,66,196739,63,264515
6699,0.00175,74.125.68.0-255,2184,198923,63,264515
6700,0.001753,172.31.40.0-255,66,198989,63,264515
6701,0.001916,74.125.68.0-255,1484,200473,63,264515
6702,0.001938,74.125.68.0-255,2902,203375,63,264515
6703,0.001941,172.31.40.0-255,66,203441,63,264515
6704,0.001956,74.125.68.0-255,5738,209179,63,264515
6705,0.001959,172.31.40.0-255,66,209245,63,264515
6706,0.001995,74.125.68.0-255,7156,216401,63,264515
6707,0.001997,172.31.40.0-255,66,216467,63,264515
6708,0.002024,172.31.40.0-255,66,216533,63,264515
6709,0.002048,74.125.68.0-255,1484,218017,63,264515
6710,0.002058,172.31.40.0-255,66,218083,63,264515
6711,0.004084,74.125.68.0-255,5738,223821,63,264515
6712,0.004092,172.31.40.0-255,66,223887,63,264515
6713,0.006129,74.125.68.0-255,5738,229625,63,264515
6714,0.006135,172.31.40.0-255,66,229691,63,264515
6715,0.008174,74.125.68.0-255,5738,235429,63,264515
6716,0.00818,172.31.40.0-255,66,235495,63,264515
6717,0.010214,74.125.68.0-255,5738,241233,63,264515
6718,0.01022,172.31.40.0-255,66,241299,63,264515
6719,0.012271,74.125.68.0-255,5738,247037,63,264515
6720,0.01228,172.31.40.0-255,66,247103,63,264515
6721,0.014328,74.125.68.0-255,5738,252841,63,264515
6722,0.014336,172.31.40.0-255,66,252907,63,264515
6723,0.01638,74.125.68.0-255,5738,258645,63,264515
6724,0.01639,172.31.40.0-255,66,258711,63,264515
6725,0.018425,74.125.68.0-255,5738,264449,63,264515
6726,0.018433,172.31.40.0-255,66,264515,63,264515
6727,0.0,74.125.200.0-255,152,152,63,305720
6728,1.6e-05,172.31.40.0-255,66,218,63,305720
6729,2.3e-05,74.125.200.0-255,1484,1702,63,305720
6730,2.8e-05,172.31.40.0-255,66,1768,63,305720
6731,6e-05,74.125.200.0-255,2902,4670,63,305720
6732,6.7e-05,172.31.40.0-255,66,4736,63,305720
6733,7.3e-05,74.125.200.0-255,4320,9056,63,305720
6734,7.6e-05,172.31.40.0-255,66,9122,63,305720
6735,0.000117,172.31.40.0-255,66,9188,63,305720
6736,0.000153,74.125.200.0-255,2902,12090,63,305720
6737,0.000156,172.31.40.0-255,66,12156,63,305720
6738,0.000174,74.125.200.0-255,5738,17894,63,305720
6739,0.000177,172.31.40.0-255,66,17960,63,305720
6740,0.000201,74.125.200.0-255,1484,19444,63,305720
6741,0.000203,172.31.40.0-255,66,19510,63,305720
6742,0.00022,74.125.200.0-255,2543,22053,63,305720
6743,0.000224,172.31.40.0-255,66,22119,63,305720
6744,0.000256,74.125.200.0-255,1484,23603,63,305720
6745,0.00026,172.31.40.0-255,66,23669,63,305720
6746,0.000263,74.125.200.0-255,1484,25153,63,305720
6747,0.000266,172.31.40.0-255,66,25219,63,305720
6748,0.000298,74.125.200.0-255,1484,26703,63,305720
6749,0.000301,172.31.40.0-255,66,26769,63,305720
6750,0.000308,74.125.200.0-255,5738,32507,63,305720
6751,0.00031,172.31.40.0-255,66,32573,63,305720
6752,0.000359,74.125.200.0-255,5738,38311,63,305720
6753,0.000362,172.31.40.0-255,66,38377,63,305720
6754,0.000388,74.125.200.0-255,1125,39502,63,305720
6755,0.00039,172.31.40.0-255,66,39568,63,305720
6756,0.000424,74.125.200.0-255,1484,41052,63,305720
6757,0.000427,172.31.40.0-255,66,41118,63,305720
6758,0.000452,74.125.200.0-255,2902,44020,63,305720
6759,0.000455,172.31.40.0-255,66,44086,63,305720
6760,0.000458,74.125.200.0-255,1484,45570,63,305720
6761,0.000462,74.125.200.0-255,2902,48472,63,305720
6762,0.000465,172.31.40.0-255,66,48538,63,305720
6763,0.000495,74.125.200.0-255,5738,54276,63,305720
6764,0.000498,172.31.40.0-255,66,54342,63,305720
6765,0.000502,74.125.200.0-255,2891,57233,63,305720
6766,0.000504,172.31.40.0-255,66,57299,63,305720
6767,0.000652,74.125.200.0-255,328,57627,63,305720
6768,0.000859,74.125.200.0-255,1484,59111,63,305720
6769,0.000864,172.31.40.0-255,66,59177,63,305720
6770,0.000872,74.125.200.0-255,2902,62079,63,305720
6771,0.000874,172.31.40.0-255,66,62145,63,305720
6772,0.000911,74.125.200.0-255,1484,63629,63,305720
6773,0.000927,74.125.200.0-255,1484,65113,63,305720
6774,0.000931,172.31.40.0-255,66,65179,63,305720
6775,0.000941,74.125.200.0-255,1484,66663,63,305720
6776,0.000965,74.125.200.0-255,5738,72401,63,305720
6777,0.000967,172.31.40.0-255,66,72467,63,305720
6778,0.000972,74.125.200.0-255,2543,75010,63,305720
6779,0.000974,172.31.40.0-255,66,75076,63,305720
6780,0.001042,172.31.40.0-255,66,75142,63,305720
6781,0.001084,172.31.40.0-255,66,75208,63,305720
6782,0.001916,74.125.200.0-255,1484,76692,63,305720
6783,0.001926,74.125.200.0-255,2902,79594,63,305720
6784,0.001931,172.31.40.0-255,66,79660,63,305720
6785,0.001935,74.125.200.0-255,1484,81144,63,305720
6786,0.00194,74.125.200.0-255,2902,84046,63,305720
6787,0.001942,172.31.40.0-255,66,84112,63,305720
6788,0.001954,74.125.200.0-255,5738,89850,63,305720
6789,0.001956,172.31.40.0-255,66,89916,63,305720
6790,0.001973,74.125.200.0-255,1484,91400,63,305720
6791,0.001999,172.31.40.0-255,66,91466,63,305720
6792,0.002057,74.125.200.0-255,6438,97904,63,305720
6793,0.00206,172.31.40.0-255,66,97970,63,305720
6794,0.002233,74.125.200.0-255,1484,99454,63,305720
6795,0.00224,74.125.200.0-255,2902,102356,63,305720
6796,0.002244,172.31.40.0-255,66,102422,63,305720
6797,0.002249,74.125.200.0-255,1484,103906,63,305720
6798,0.002281,74.125.200.0-255,4320,108226,63,305720
6799,0.002283,172.31.40.0-255,66,108292,63,305720
6800,0.002302,172.31.40.0-255,66,108358,63,305720
6801,0.002339,172.31.40.0-255,66,108424,63,305720
6802,0.002346,74.125.200.0-255,5738,114162,63,305720
6803,0.002348,172.31.40.0-255,66,114228,63,305720
6804,0.002373,74.125.200.0-255,1484,115712,63,305720
6805,0.002376,74.125.200.0-255,1484,117196,63,305720
6806,0.002379,172.31.40.0-255,66,117262,63,305720
6807,0.002406,74.125.200.0-255,2902,120164,63,305720
6808,0.002409,172.31.40.0-255,66,120230,63,305720
6809,0.002414,74.125.200.0-255,4320,124550,63,305720
6810,0.002416,172.31.40.0-255,66,124616,63,305720
6811,0.002432,74.125.200.0-255,1484,126100,63,305720
6812,0.002437,74.125.200.0-255,2902,129002,63,305720
6813,0.002444,172.31.40.0-255,66,129068,63,305720
6814,0.002469,74.125.200.0-255,1484,130552,63,305720
6815,0.002485,74.125.200.0-255,2902,133454,63,305720
6816,0.002488,172.31.40.0-255,66,133520,63,305720
6817,0.002517,74.125.200.0-255,2902,136422,63,305720
6818,0.00252,172.31.40.0-255,66,136488,63,305720
6819,0.002523,74.125.200.0-255,1484,137972,63,305720
6820,0.002548,74.125.200.0-255,5020,142992,63,305720
6821,0.002551,172.31.40.0-255,66,143058,63,305720
6822,0.002649,74.125.200.0-255,1484,144542,63,305720
6823,0.002653,74.125.200.0-255,1484,146026,63,305720
6824,0.002655,172.31.40.0-255,66,146092,63,305720
6825,0.002662,74.125.200.0-255,4320,150412,63,305720
6826,0.002665,172.31.40.0-255,66,150478,63,305720
6827,0.002674,74.125.200.0-255,2902,153380,63,305720
6828,0.002676,172.31.40.0-255,66,153446,63,305720
6829,0.002682,74.125.200.0-255,4320,157766,63,305720
6830,0.002684,172.31.40.0-255,66,157832,63,305720
6831,0.002687,74.125.200.0-255,1484,159316,63,305720
6832,0.002739,172.31.40.0-255,66,159382,63,305720
6833,0.002745,74.125.200.0-255,5738,165120,63,305720
6834,0.002747,172.31.40.0-255,66,165186,63,305720
6835,0.002757,74.125.200.0-255,3602,168788,63,305720
6836,0.002759,172.31.40.0-255,66,168854,63,305720
6837,0.002762,74.125.200.0-255,1484,170338,63,305720
6838,0.002789,74.125.200.0-255,1484,171822,63,305720
6839,0.002792,172.31.40.0-255,66,171888,63,305720
6840,0.00282,74.125.200.0-255,2902,174790,63,305720
6841,0.002822,172.31.40.0-255,66,174856,63,305720
6842,0.002905,74.125.200.0-255,1484,176340,63,305720
6843,0.002917,74.125.200.0-255,1484,177824,63,305720
6844,0.002919,172.31.40.0-255,66,177890,63,305720
6845,0.00293,74.125.200.0-255,1484,179374,63,305720
6846,0.002952,74.125.200.0-255,2902,182276,63,305720
6847,0.002954,172.31.40.0-255,66,182342,63,305720
6848,0.002957,74.125.200.0-255,1484,183826,63,305720
6849,0.002961,74.125.200.0-255,2902,186728,63,305720
6850,0.002963,172.31.40.0-255,66,186794,63,305720
6851,0.002975,74.125.200.0-255,5738,192532,63,305720
6852,0.002977,172.31.40.0-255,66,192598,63,305720
6853,0.003019,172.31.40.0-255,66,192664,63,305720
6854,0.003047,74.125.200.0-255,4320,196984,63,305720
6855,0.003049,172.31.40.0-255,66,197050,63,305720
6856,0.003078,74.125.200.0-255,6438,203488,63,305720
6857,0.00308,172.31.40.0-255,66,203554,63,305720
6858,0.003092,172.31.40.0-255,66,203620,63,305720
6859,0.003102,74.125.200.0-255,5738,209358,63,305720
6860,0.003105,172.31.40.0-255,66,209424,63,305720
6861,0.003129,74.125.200.0-255,6438,215862,63,305720
6862,0.003132,172.31.40.0-255,66,215928,63,305720
6863,0.003187,74.125.200.0-255,1484,217412,63,305720
6864,0.00321,74.125.200.0-255,2902,220314,63,305720
6865,0.003212,172.31.40.0-255,66,220380,63,305720
6866,0.003217,74.125.200.0-255,2902,223282,63,305720
6867,0.003219,172.31.40.0-255,66,223348,63,305720
6868,0.003289,74.125.200.0-255,7156,230504,63,305720
6869,0.003291,172.31.40.0-255,66,230570,63,305720
6870,0.003294,74.125.200.0-255,1484,232054,63,305720
6871,0.003301,74.125.200.0-255,7156,239210,63,305720
6872,0.003303,172.31.40.0-255,66,239276,63,305720
6873,0.003327,74.125.200.0-255,2902,242178,63,305720
6874,0.003328,172.31.40.0-255,66,242244,63,305720
6875,0.003333,74.125.200.0-255,4320,246564,63,305720
6876,0.003335,172.31.40.0-255,66,246630,63,305720
6877,0.003343,74.125.200.0-255,3602,250232,63,305720
6878,0.003345,172.31.40.0-255,66,250298,63,305720
6879,0.003408,74.125.200.0-255,1484,251782,63,305720
6880,0.003411,74.125.200.0-255,1484,253266,63,305720
6881,0.003413,172.31.40.0-255,66,253332,63,305720
6882,0.003436,74.125.200.0-255,1484,254816,63,305720
6883,0.003442,74.125.200.0-255,5738,260554,63,305720
6884,0.003444,172.31.40.0-255,66,260620,63,305720
6885,0.003448,74.125.200.0-255,4320,264940,63,305720
6886,0.003451,172.31.40.0-255,66,265006,63,305720
6887,0.003476,74.125.200.0-255,2902,267908,63,305720
6888,0.003478,172.31.40.0-255,66,267974,63,305720
6889,0.003491,74.125.200.0-255,1484,269458,63,305720
6890,0.003518,74.125.200.0-255,7156,276614,63,305720
6891,0.00352,172.31.40.0-255,66,276680,63,305720
6892,0.003526,74.125.200.0-255,5738,282418,63,305720
6893,0.003527,172.31.40.0-255,66,282484,63,305720
6894,0.003549,74.125.200.0-255,1484,283968,63,305720
6895,0.003568,74.125.200.0-255,7156,291124,63,305720
6896,0.003571,172.31.40.0-255,66,291190,63,305720
6897,0.003604,74.125.200.0-255,6438,297628,63,305720
6898,0.003606,172.31.40.0-255,66,297694,63,305720
6899,0.003623,172.31.40.0-255,66,297760,63,305720
6900,0.003627,74.125.200.0-255,4320,302080,63,305720
6901,0.00363,172.31.40.0-255,66,302146,63,305720
6902,0.003657,74.125.200.0-255,3166,305312,63,305720
6903,0.00366,172.31.40.0-255,66,305378,63,305720
6904,0.003683,74.125.200.0-255,105,305483,63,305720
6905,0.009055,172.31.40.0-255,66,305549,63,305720
6906,0.009087,172.31.40.0-255,105,305654,63,305720
6907,0.011367,74.125.200.0-255,66,305720,63,305720
6908,0.0,74.125.68.0-255,153,153,63,258226
6909,1.5e-05,172.31.40.0-255,66,219,63,258226
6910,4e-05,74.125.68.0-255,1484,1703,63,258226
6911,4.4e-05,172.31.40.0-255,66,1769,63,258226
6912,4.8e-05,74.125.68.0-255,1484,3253,63,258226
6913,4.9e-05,172.31.40.0-255,66,3319,63,258226
6914,6.6e-05,74.125.68.0-255,2902,6221,63,258226
6915,6.9e-05,172.31.40.0-255,66,6287,63,258226
6916,9.8e-05,74.125.68.0-255,5738,12025,63,258226
6917,0.0001,172.31.40.0-255,66,12091,63,258226
6918,0.000104,74.125.68.0-255,2103,14194,63,258226
6919,0.000106,172.31.40.0-255,66,14260,63,258226
6920,0.000241,74.125.68.0-255,1484,15744,63,258226
6921,0.000246,172.31.40.0-255,66,15810,63,258226
6922,0.000267,74.125.68.0-255,2902,18712,63,258226
6923,0.000269,172.31.40.0-255,66,18778,63,258226
6924,0.000275,74.125.68.0-255,4320,23098,63,258226
6925,0.000277,172.31.40.0-255,66,23164,63,258226
6926,0.000314,74.125.68.0-255,2902,26066,63,258226
6927,0.000317,172.31.40.0-255,66,26132,63,258226
6928,0.000341,74.125.68.0-255,5379,31511,63,258226
6929,0.000344,172.31.40.0-255,66,31577,63,258226
6930,0.000368,172.31.40.0-255,66,31643,63,258226
6931,0.000374,74.125.68.0-255,4320,35963,63,258226
6932,0.000376,172.31.40.0-255,66,36029,63,258226
6933,0.000415,74.125.68.0-255,3961,39990,63,258226
6934,0.000418,172.31.40.0-255,66,40056,63,258226
6935,0.000442,74.125.68.0-255,2902,42958,63,258226
6936,0.000445,172.31.40.0-255,66,43024,63,258226
6937,0.000462,74.125.68.0-255,1484,44508,63,258226
6938,0.000465,172.31.40.0-255,66,44574,63,258226
6939,0.000471,74.125.68.0-255,4320,48894,63,258226
6940,0.000473,172.31.40.0-255,66,48960,63,258226
6941,0.000478,74.125.68.0-255,4320,53280,63,258226
6942,0.000481,172.31.40.0-255,66,53346,63,258226
6943,0.000497,74.125.68.0-255,1484,54830,63,258226
6944,0.000514,74.125.68.0-255,2543,57373,63,258226
6945,0.000516,172.31.40.0-255,66,57439,63,258226
6946,0.000607,74.125.68.0-255,646,58085,63,258226
6947,0.000713,74.125.68.0-255,1484,59569,63,258226
6948,0.000717,172.31.40.0-255,66,59635,63,258226
6949,0.000723,74.125.68.0-255,2902,62537,63,258226
6950,0.000726,172.31.40.0-255,66,62603,63,258226
6951,0.000754,74.125.68.0-255,5738,68341,63,258226
6952,0.000757,172.31.40.0-255,66,68407,63,258226
6953,0.00078,172.31.40.0-255,66,68473,63,258226
6954,0.000783,74.125.68.0-255,1484,69957,63,258226
6955,0.000813,74.125.68.0-255,7156,77113,63,258226
6956,0.000816,172.31.40.0-255,66,77179,63,258226
6957,0.000819,74.125.68.0-255,1484,78663,63,258226
6958,0.00084,74.125.68.0-255,5379,84042,63,258226
6959,0.000843,172.31.40.0-255,66,84108,63,258226
6960,0.001007,74.125.68.0-255,1484,85592,63,258226
6961,0.001043,74.125.68.0-255,1484,87076,63,258226
6962,0.001047,172.31.40.0-255,66,87142,63,258226
6963,0.001062,74.125.68.0-255,2902,90044,63,258226
6964,0.001064,172.31.40.0-255,66,90110,63,258226
6965,0.001094,74.125.68.0-255,4320,94430,63,258226
6966,0.001097,172.31.40.0-255,66,94496,63,258226
6967,0.001104,74.125.68.0-255,5738,100234,63,258226
6968,0.001106,172.31.40.0-255,66,100300,63,258226
6969,0.001143,172.31.40.0-255,66,100366,63,258226
6970,0.001148,74.125.68.0-255,4320,104686,63,258226
6971,0.00115,172.31.40.0-255,66,104752,63,258226
6972,0.0012,74.125.68.0-255,2184,106936,63,258226
6973,0.001203,172.31.40.0-255,66,107002,63,258226
6974,0.001557,74.125.68.0-255,1484,108486,63,258226
6975,0.001574,74.125.68.0-255,2902,111388,63,258226
6976,0.001577,172.31.40.0-255,66,111454,63,258226
6977,0.0016,74.125.68.0-255,4320,115774,63,258226
6978,0.001603,172.31.40.0-255,66,115840,63,258226
6979,0.00161,74.125.68.0-255,5738,121578,63,258226
6980,0.001612,172.31.40.0-255,66,121644,63,258226
6981,0.001639,74.125.68.0-255,4320,125964,63,258226
6982,0.001641,172.31.40.0-255,66,126030,63,258226
6983,0.001669,74.125.68.0-255,7156,133186,63,258226
6984,0.001672,172.31.40.0-255,66,133252,63,258226
6985,0.001677,74.125.68.0-255,4320,137572,63,258226
6986,0.001679,172.31.40.0-255,66,137638,63,258226
6987,0.001697,74.125.68.0-255,3602,141240,63,258226
6988,0.0017,172.31.40.0-255,66,141306,63,258226
6989,0.001837,74.125.68.0-255,1484,142790,63,258226
6990,0.001847,74.125.68.0-255,1484,144274,63,258226
6991,0.001851,172.31.40.0-255,66,144340,63,258226
6992,0.001856,74.125.68.0-255,2902,147242,63,258226
6993,0.001858,172.31.40.0-255,66,147308,63,258226
6994,0.001889,74.125.68.0-255,5738,153046,63,258226
6995,0.001892,172.31.40.0-255,66,153112,63,258226
6996,0.001907,74.125.68.0-255,5738,158850,63,258226
6997,0.00191,172.31.40.0-255,66,158916,63,258226
6998,0.001939,74.125.68.0-255,7156,166072,63,258226
6999,0.001942,172.31.40.0-255,66,166138,63,258226
7000,0.001962,74.125.68.0-255,4320,170458,63,258226
7001,0.001965,172.31.40.0-255,66,170524,63,258226
7002,0.001988,74.125.68.0-255,5020,175544,63,258226
7003,0.001991,172.31.40.0-255,66,175610,63,258226
7004,0.002142,74.125.68.0-255,1484,177094,63,258226
7005,0.002147,74.125.68.0-255,2902,179996,63,258226
7006,0.002152,74.125.68.0-255,4320,184316,63,258226
7007,0.002158,172.31.40.0-255,66,184382,63,258226
7008,0.002167,172.31.40.0-255,66,184448,63,258226
7009,0.00217,74.125.68.0-255,1484,185932,63,258226
7010,0.002176,74.125.68.0-255,4320,190252,63,258226
7011,0.002178,172.31.40.0-255,66,190318,63,258226
7012,0.002202,74.125.68.0-255,2902,193220,63,258226
7013,0.002205,172.31.40.0-255,66,193286,63,258226
7014,0.002218,172.31.40.0-255,66,193352,63,258226
7015,0.002247,74.125.68.0-255,4320,197672,63,258226
7016,0.002249,172.31.40.0-255,66,197738,63,258226
7017,0.002263,74.125.68.0-255,2902,200640,63,258226
7018,0.002265,172.31.40.0-255,66,200706,63,258226
7019,0.002293,172.31.40.0-255,66,200772,63,258226
7020,0.002308,172.31.40.0-255,66,200838,63,258226
7021,0.002327,74.125.68.0-255,2902,203740,63,258226
7022,0.002329,172.31.40.0-255,66,203806,63,258226
7023,0.002335,74.125.68.0-255,4320,208126,63,258226
7024,0.002337,172.31.40.0-255,66,208192,63,258226
7025,0.002343,74.125.68.0-255,5738,213930,63,258226
7026,0.002368,74.125.68.0-255,3602,217532,63,258226
7027,0.00319,172.31.40.0-255,66,217598,63,258226
7028,0.005548,74.125.68.0-255,5738,223336,63,258226
7029,0.005556,172.31.40.0-255,66,223402,63,258226
7030,0.007905,74.125.68.0-255,5738,229140,63,258226
7031,0.007908,172.31.40.0-255,66,229206,63,258226
7032,0.010257,74.125.68.0-255,5738,234944,63,258226
7033,0.010264,172.31.40.0-255,66,235010,63,258226
7034,0.012626,74.125.68.0-255,5738,240748,63,258226
7035,0.012635,172.31.40.0-255,66,240814,63,258226
7036,0.014994,74.125.68.0-255,5738,246552,63,258226
7037,0.015003,172.31.40.0-255,66,246618,63,258226
7038,0.017372,74.125.68.0-255,5738,252356,63,258226
7039,0.01738,172.31.40.0-255,66,252422,63,258226
7040,0.019737,74.125.68.0-255,5738,258160,63,258226
7041,0.019745,172.31.40.0-255,66,258226,63,258226
7042,0.0,74.125.68.0-255,156,156,63,201393
7043,2.3e-05,172.31.40.0-255,66,222,63,201393
7044,3e-05,74.125.68.0-255,1484,1706,63,201393
7045,3.5e-05,172.31.40.0-255,66,1772,63,201393
7046,4.1e-05,74.125.68.0-255,2902,4674,63,201393
7047,4.4e-05,172.31.40.0-255,66,4740,63,201393
7048,5.9e-05,74.125.68.0-255,4320,9060,63,201393
7049,6.2e-05,172.31.40.0-255,66,9126,63,201393
7050,8e-05,74.125.68.0-255,4320,13446,63,201393
7051,8.3e-05,172.31.40.0-255,66,13512,63,201393
7052,0.000121,74.125.68.0-255,4939,18451,63,201393
7053,0.000124,172.31.40.0-255,66,18517,63,201393
7054,0.000136,172.31.40.0-255,66,18583,63,201393
7055,0.000163,74.125.68.0-255,2543,21126,63,201393
7056,0.000165,172.31.40.0-255,66,21192,63,201393
7057,0.000312,74.125.68.0-255,1484,22676,63,201393
7058,0.000317,172.31.40.0-255,66,22742,63,201393
7059,0.000321,74.125.68.0-255,1484,24226,63,201393
7060,0.000323,172.31.40.0-255,66,24292,63,201393
7061,0.00035,74.125.68.0-255,1484,25776,63,201393
7062,0.000353,172.31.40.0-255,66,25842,63,201393
7063,0.000356,74.125.68.0-255,1484,27326,63,201393
7064,0.000358,172.31.40.0-255,66,27392,63,201393
7065,0.000367,74.125.68.0-255,2902,30294,63,201393
7066,0.00037,172.31.40.0-255,66,30360,63,201393
7067,0.000376,74.125.68.0-255,5738,36098,63,201393
7068,0.00038,172.31.40.0-255,66,36164,63,201393
7069,0.000424,172.31.40.0-255,66,36230,63,201393
7070,0.000457,172.31.40.0-255,66,36296,63,201393
7071,0.000474,74.125.68.0-255,426,36722,63,201393
7072,0.000531,74.125.68.0-255,1484,38206,63,201393
7073,0.000534,172.31.40.0-255,66,38272,63,201393
7074,0.000552,74.125.68.0-255,2902,41174,63,201393
7075,0.000555,172.31.40.0-255,66,41240,63,201393
7076,0.000586,74.125.68.0-255,5738,46978,63,201393
7077,0.000589,172.31.40.0-255,66,47044,63,201393
7078,0.000593,74.125.68.0-255,2902,49946,63,201393
7079,0.000595,172.31.40.0-255,66,50012,63,201393
7080,0.000601,74.125.68.0-255,4320,54332,63,201393
7081,0.000608,172.31.40.0-255,66,54398,63,201393
7082,0.000655,172.31.40.0-255,66,54464,63,201393
7083,0.000662,74.125.68.0-255,7156,61620,63,201393
7084,0.000664,172.31.40.0-255,66,61686,63,201393
7085,0.000693,74.125.68.0-255,766,62452,63,201393
7086,0.000728,74.125.68.0-255,1765,64217,63,201393
7087,0.000731,172.31.40.0-255,66,64283,63,201393
7088,0.000735,74.125.68.0-255,1484,65767,63,201393
7089,0.000761,74.125.68.0-255,1484,67251,63,201393
7090,0.000764,172.31.40.0-255,66,67317,63,201393
7091,0.000795,74.125.68.0-255,7156,74473,63,201393
7092,0.000798,172.31.40.0-255,66,74539,63,201393
7093,0.000802,74.125.68.0-255,2902,77441,63,201393
7094,0.000804,172.31.40.0-255,66,77507,63,201393
7095,0.000841,74.125.68.0-255,5738,83245,63,201393
7096,0.000845,172.31.40.0-255,66,83311,63,201393
7097,0.000856,172.31.40.0-255,66,83377,63,201393
7098,0.000865,74.125.68.0-255,3602,86979,63,201393
7099,0.000868,172.31.40.0-255,66,87045,63,201393
7100,0.000895,74.125.68.0-255,1484,88529,63,201393
7101,0.000901,74.125.68.0-255,2902,91431,63,201393
7102,0.000903,172.31.40.0-255,66,91497,63,201393
7103,0.000909,74.125.68.0-255,4320,95817,63,201393
7104,0.000911,172.31.40.0-255,66,95883,63,201393
7105,0.000937,74.125.68.0-255,1484,97367,63,201393
7106,0.00099,74.125.68.0-255,5738,103105,63,201393
7107,0.000993,172.31.40.0-255,66,103171,63,201393
7108,0.001019,74.125.68.0-255,4320,107491,63,201393
7109,0.001022,172.31.40.0-255,66,107557,63,201393
7110,0.00104,172.31.40.0-255,66,107623,63,201393
7111,0.001044,74.125.68.0-255,2184,109807,63,201393
7112,0.001046,172.31.40.0-255,66,109873,63,201393
7113,0.001541,74.125.68.0-255,1484,111357,63,201393
7114,0.001556,74.125.68.0-255,2902,114259,63,201393
7115,0.001559,172.31.40.0-255,66,114325,63,201393
7116,0.001592,74.125.68.0-255,5738,120063,63,201393
7117,0.001595,172.31.40.0-255,66,120129,63,201393
7118,0.001603,74.125.68.0-255,7156,127285,63,201393
7119,0.001605,172.31.40.0-255,66,127351,63,201393
7120,0.00165,172.31.40.0-255,66,127417,63,201393
7121,0.001661,172.31.40.0-255,66,127483,63,201393
7122,0.002111,74.125.68.0-255,1484,128967,63,201393
7123,0.002126,74.125.68.0-255,2902,131869,63,201393
7124,0.00213,172.31.40.0-255,66,131935,63,201393
7125,0.002143,74.125.68.0-255,1484,133419,63,201393
7126,0.002177,74.125.68.0-255,1484,134903,63,201393
7127,0.00218,172.31.40.0-255,66,134969,63,201393
7128,0.002195,74.125.68.0-255,1484,136453,63,201393
7129,0.002206,74.125.68.0-255,4320,140773,63,201393
7130,0.002208,172.31.40.0-255,66,140839,63,201393
7131,0.002234,74.125.68.0-255,1484,142323,63,201393
7132,0.00225,74.125.68.0-255,2902,145225,63,201393
7133,0.002252,172.31.40.0-255,66,145291,63,201393
7134,0.002274,74.125.68.0-255,5738,151029,63,201393
7135,0.002279,172.31.40.0-255,66,151095,63,201393
7136,0.002302,74.125.68.0-255,4320,155415,63,201393
7137,0.002304,172.31.40.0-255,66,155481,63,201393
7138,0.002333,74.125.68.0-255,5738,161219,63,201393
7139,0.002336,172.31.40.0-255,66,161285,63,201393
7140,0.002339,74.125.68.0-255,766,162051,63,201393
7141,0.003086,172.31.40.0-255,66,162117,63,201393
7142,0.00462,74.125.68.0-255,4320,166437,63,201393
7143,0.004627,172.31.40.0-255,66,166503,63,201393
7144,0.005356,74.125.68.0-255,1484,167987,63,201393
7145,0.006908,74.125.68.0-255,4320,172307,63,201393
7146,0.006912,172.31.40.0-255,66,172373,63,201393
7147,0.009205,74.125.68.0-255,5738,178111,63,201393
7148,0.009213,172.31.40.0-255,66,178177,63,201393
7149,0.011511,74.125.68.0-255,5738,183915,63,201393
7150,0.011524,172.31.40.0-255,66,183981,63,201393
7151,0.013832,74.125.68.0-255,5738,189719,63,201393
7152,0.013845,172.31.40.0-255,66,189785,63,201393
7153,0.01614,74.125.68.0-255,5738,195523,63,201393
7154,0.016151,172.31.40.0-255,66,195589,63,201393
7155,0.018441,74.125.68.0-255,5738,201327,63,201393
7156,0.01845,172.31.40.0-255,66,201393,63,201393
7157,0.0,74.125.200.0-255,146,146,63,292193
7158,2.4e-05,172.31.40.0-255,66,212,63,292193
7159,3.2e-05,74.125.200.0-255,1484,1696,63,292193
7160,3.6e-05,172.31.40.0-255,66,1762,63,292193
7161,4.2e-05,74.125.200.0-255,2902,4664,63,292193
7162,4.5e-05,172.31.40.0-255,66,4730,63,292193
7163,5.3e-05,74.125.200.0-255,7156,11886,63,292193
7164,5.6e-05,172.31.40.0-255,66,11952,63,292193
7165,0.0001,172.31.40.0-255,66,12018,63,292193
7166,0.000112,172.31.40.0-255,66,12084,63,292193
7167,0.000134,74.125.200.0-255,1125,13209,63,292193
7168,0.000137,172.31.40.0-255,66,13275,63,292193
7169,0.00019,74.125.200.0-255,1484,14759,63,292193
7170,0.000193,172.31.40.0-255,66,14825,63,292193
7171,0.00021,74.125.200.0-255,2902,17727,63,292193
7172,0.000212,172.31.40.0-255,66,17793,63,292193
7173,0.000229,74.125.200.0-255,1484,19277,63,292193
7174,0.000231,172.31.40.0-255,66,19343,63,292193
7175,0.000249,74.125.200.0-255,4320,23663,63,292193
7176,0.000252,172.31.40.0-255,66,23729,63,292193
7177,0.000257,74.125.200.0-255,4320,28049,63,292193
7178,0.000259,172.31.40.0-255,66,28115,63,292193
7179,0.000277,74.125.200.0-255,5379,33494,63,292193
7180,0.00028,172.31.40.0-255,66,33560,63,292193
7181,0.000335,172.31.40.0-255,66,33626,63,292193
7182,0.000339,74.125.200.0-255,2819,36445,63,292193
7183,0.000341,172.31.40.0-255,66,36511,63,292193
7184,0.000353,74.125.200.0-255,134,36645,63,292193
7185,0.000355,172.31.40.0-255,66,36711,63,292193
7186,0.000406,74.125.200.0-255,1484,38195,63,292193
7187,0.000439,74.125.200.0-255,1484,39679,63,292193
7188,0.000443,172.31.40.0-255,66,39745,63,292193
7189,0.000468,74.125.200.0-255,1484,41229,63,292193
7190,0.000475,74.125.200.0-255,7156,48385,63,292193
7191,0.000478,172.31.40.0-255,66,48451,63,292193
7192,0.000482,74.125.200.0-255,2902,51353,63,292193
7193,0.000484,172.31.40.0-255,66,51419,63,292193
7194,0.000489,74.125.200.0-255,4320,55739,63,292193
7195,0.000492,172.31.40.0-255,66,55805,63,292193
7196,0.000529,74.125.200.0-255,7156,62961,63,292193
7197,0.000532,172.31.40.0-255,66,63027,63,292193
7198,0.000541,172.31.40.0-255,66,63093,63,292193
7199,0.000544,74.125.200.0-255,343,63436,63,292193
7200,0.000737,74.125.200.0-255,1484,64920,63,292193
7201,0.000741,172.31.40.0-255,66,64986,63,292193
7202,0.000747,74.125.200.0-255,2902,67888,63,292193
7203,0.000749,172.31.40.0-255,66,67954,63,292193
7204,0.000752,74.125.200.0-255,1484,69438,63,292193
7205,0.000774,74.125.200.0-255,2902,72340,63,292193
7206,0.000777,172.31.40.0-255,66,72406,63,292193
7207,0.000809,74.125.200.0-255,5738,78144,63,292193
7208,0.000813,172.31.40.0-255,66,78210,63,292193
7209,0.000816,74.125.200.0-255,1484,79694,63,292193
7210,0.000839,74.125.200.0-255,7156,86850,63,292193
7211,0.000842,172.31.40.0-255,66,86916,63,292193
7212,0.000856,74.125.200.0-255,4320,91236,63,292193
7213,0.000859,172.31.40.0-255,66,91302,63,292193
7214,0.000863,74.125.200.0-255,2902,94204,63,292193
7215,0.000865,172.31.40.0-255,66,94270,63,292193
7216,0.000888,74.125.200.0-255,3602,97872,63,292193
7217,0.000893,172.31.40.0-255,66,97938,63,292193
7218,0.000928,74.125.200.0-255,7156,105094,63,292193
7219,0.000931,172.31.40.0-255,66,105160,63,292193
7220,0.000935,74.125.200.0-255,2902,108062,63,292193
7221,0.000937,172.31.40.0-255,66,108128,63,292193
7222,0.000949,172.31.40.0-255,66,108194,63,292193
7223,0.000975,74.125.200.0-255,1484,109678,63,292193
7224,0.000989,172.31.40.0-255,66,109744,63,292193
7225,0.001002,74.125.200.0-255,766,110510,63,292193
7226,0.001086,74.125.200.0-255,1484,111994,63,292193
7227,0.001089,172.31.40.0-255,66,112060,63,292193
7228,0.001094,74.125.200.0-255,2902,114962,63,292193
7229,0.001097,172.31.40.0-255,66,115028,63,292193
7230,0.001112,74.125.200.0-255,4320,119348,63,292193
7231,0.001114,172.31.40.0-255,66,119414,63,292193
7232,0.001146,74.125.200.0-255,5738,125152,63,292193
7233,0.001153,172.31.40.0-255,66,125218,63,292193
7234,0.001174,74.125.200.0-255,2902,128120,63,292193
7235,0.001176,172.31.40.0-255,66,128186,63,292193
7236,0.001199,74.125.200.0-255,5738,133924,63,292193
7237,0.001203,172.31.40.0-255,66,133990,63,292193
7238,0.00121,74.125.200.0-255,7156,141146,63,292193
7239,0.001212,172.31.40.0-255,66,141212,63,292193
7240,0.001227,74.125.200.0-255,2902,144114,63,292193
7241,0.001229,172.31.40.0-255,66,144180,63,292193
7242,0.001232,74.125.200.0-255,766,144946,63,292193
7243,0.001399,74.125.200.0-255,1484,146430,63,292193
7244,0.001403,172.31.40.0-255,66,146496,63,292193
7245,0.001407,74.125.200.0-255,1484,147980,63,292193
7246,0.001423,74.125.200.0-255,2902,150882,63,292193
7247,0.001426,172.31.40.0-255,66,150948,63,292193
7248,0.001449,74.125.200.0-255,5738,156686,63,292193
7249,0.001451,172.31.40.0-255,66,156752,63,292193
7250,0.001478,172.31.40.0-255,66,156818,63,292193
7251,0.001484,74.125.200.0-255,4320,161138,63,292193
7252,0.001486,172.31.40.0-255,66,161204,63,292193
7253,0.001514,74.125.200.0-255,5738,166942,63,292193
7254,0.001517,172.31.40.0-255,66,167008,63,292193
7255,0.001522,74.125.200.0-255,3602,170610,63,292193
7256,0.001525,172.31.40.0-255,66,170676,63,292193
7257,0.001691,74.125.200.0-255,1484,172160,63,292193
7258,0.001706,74.125.200.0-255,2902,175062,63,292193
7259,0.001709,172.31.40.0-255,66,175128,63,292193
7260,0.001731,74.125.200.0-255,2902,178030,63,292193
7261,0.001733,172.31.40.0-255,66,178096,63,292193
7262,0.001739,74.125.200.0-255,4320,182416,63,292193
7263,0.001741,172.31.40.0-255,66,182482,63,292193
7264,0.001744,74.125.200.0-255,1484,183966,63,292193
7265,0.001774,74.125.200.0-255,7156,191122,63,292193
7266,0.001777,172.31.40.0-255,66,191188,63,292193
7267,0.001785,74.125.200.0-255,7156,198344,63,292193
7268,0.001787,172.31.40.0-255,66,198410,63,292193
7269,0.001813,172.31.40.0-255,66,198476,63,292193
7270,0.001818,74.125.200.0-255,4320,202796,63,292193
7271,0.001821,172.31.40.0-255,66,202862,63,292193
7272,0.001837,74.125.200.0-255,5738,208600,63,292193
7273,0.001841,172.31.40.0-255,66,208666,63,292193
7274,0.001906,74.125.200.0-255,4320,212986,63,292193
7275,0.00191,172.31.40.0-255,66,213052,63,292193
7276,0.001927,74.125.200.0-255,7156,220208,63,292193
7277,0.001932,74.125.200.0-255,4320,224528,63,292193
7278,0.001938,74.125.200.0-255,6438,230966,63,292193
7279,0.001942,172.31.40.0-255,66,231032,63,292193
7280,0.001949,172.31.40.0-255,66,231098,63,292193
7281,0.001952,172.31.40.0-255,66,231164,63,292193
7282,0.001979,74.125.200.0-255,1484,232648,63,292193
7283,0.001992,74.125.200.0-255,1484,234132,63,292193
7284,0.001994,172.31.40.0-255,66,234198,63,292193
7285,0.002015,74.125.200.0-255,1484,235682,63,292193
7286,0.002022,74.125.200.0-255,5738,241420,63,292193
7287,0.002025,172.31.40.0-255,66,241486,63,292193
7288,0.002029,74.125.200.0-255,2902,244388,63,292193
7289,0.002031,172.31.40.0-255,66,244454,63,292193
7290,0.002045,74.125.200.0-255,4320,248774,63,292193
7291,0.002047,172.31.40.0-255,66,248840,63,292193
7292,0.002065,74.125.200.0-255,5738,254578,63,292193
7293,0.002069,172.31.40.0-255,66,254644,63,292193
7294,0.002074,74.125.200.0-255,4320,258964,63,292193
7295,0.002076,172.31.40.0-255,66,259030,63,292193
7296,0.002105,74.125.200.0-255,6438,265468,63,292193
7297,0.002108,172.31.40.0-255,66,265534,63,292193
7298,0.002133,74.125.200.0-255,4320,269854,63,292193
7299,0.002135,172.31.40.0-255,66,269920,63,292193
7300,0.002159,74.125.200.0-255,5738,275658,63,292193
7301,0.002161,172.31.40.0-255,66,275724,63,292193
7302,0.002175,172.31.40.0-255,66,275790,63,292193
7303,0.002181,74.125.200.0-255,5738,281528,63,292193
7304,0.002183,172.31.40.0-255,66,281594,63,292193
7305,0.002212,74.125.200.0-255,4320,285914,63,292193
7306,0.002216,172.31.40.0-255,66,285980,63,292193
7307,0.002252,172.31.40.0-255,66,286046,63,292193
7308,0.002262,172.31.40.0-255,66,286112,63,292193
7309,0.002286,74.125.200.0-255,2902,289014,63,292193
7310,0.002288,172.31.40.0-255,66,289080,63,292193
7311,0.0023,172.31.40.0-255,66,289146,63,292193
7312,0.002325,74.125.200.0-255,2639,291785,63,292193
7313,0.002328,172.31.40.0-255,66,291851,63,292193
7314,0.004581,74.125.200.0-255,105,291956,63,292193
7315,0.009077,172.31.40.0-255,66,292022,63,292193
7316,0.009118,172.31.40.0-255,105,292127,63,292193
7317,0.011385,74.125.200.0-255,66,292193,63,292193
7318,0.0,172.217.194.0-255,152,152,63,193281
7319,2e-05,172.31.40.0-255,66,218,63,193281
7320,2.6e-05,172.217.194.0-255,1484,1702,63,193281
7321,3e-05,172.31.40.0-255,66,1768,63,193281
7322,3.5e-05,172.217.194.0-255,2902,4670,63,193281
7323,4.6e-05,172.31.40.0-255,66,4736,63,193281
7324,5.2e-05,172.217.194.0-255,7156,11892,63,193281
7325,5.5e-05,172.31.40.0-255,66,11958,63,193281
7326,7.1e-05,172.217.194.0-255,1484,13442,63,193281
7327,7.3e-05,172.31.40.0-255,66,13508,63,193281
7328,0.000102,172.217.194.0-255,575,14083,63,193281
7329,0.000103,172.31.40.0-255,66,14149,63,193281
7330,0.000126,172.217.194.0-255,1484,15633,63,193281
7331,0.000128,172.31.40.0-255,66,15699,63,193281
7332,0.000131,172.217.194.0-255,1484,17183,63,193281
7333,0.000133,172.31.40.0-255,66,17249,63,193281
7334,0.000151,172.217.194.0-255,1484,18733,63,193281
7335,0.000153,172.31.40.0-255,66,18799,63,193281
7336,0.000158,172.217.194.0-255,5738,24537,63,193281
7337,0.000166,172.31.40.0-255,66,24603,63,193281
7338,0.00017,172.217.194.0-255,2902,27505,63,193281
7339,0.000174,172.31.40.0-255,66,27571,63,193281
7340,0.000191,172.217.194.0-255,2902,30473,63,193281
7341,0.000192,172.31.40.0-255,66,30539,63,193281
7342,0.000212,172.217.194.0-255,1125,31664,63,193281
7343,0.000214,172.31.40.0-255,66,31730,63,193281
7344,0.000433,172.217.194.0-255,1484,33214,63,193281
7345,0.000437,172.31.40.0-255,66,33280,63,193281
7346,0.000442,172.217.194.0-255,1484,34764,63,193281
7347,0.000444,172.31.40.0-255,66,34830,63,193281
7348,0.000476,172.217.194.0-255,1484,36314,63,193281
7349,0.000479,172.31.40.0-255,66,36380,63,193281
7350,0.000485,172.217.194.0-255,5738,42118,63,193281
7351,0.000497,172.217.194.0-255,6797,48915,63,193281
7352,0.000503,172.217.194.0-255,7156,56071,63,193281
7353,0.000516,172.217.194.0-255,2902,58973,63,193281
7354,0.00052,172.31.40.0-255,66,59039,63,193281
7355,0.000545,172.217.194.0-255,4320,63359,63,193281
7356,0.00055,172.217.194.0-255,2543,65902,63,193281
7357,0.000561,172.31.40.0-255,66,65968,63,193281
7358,0.00089,172.217.194.0-255,645,66613,63,193281
7359,0.000973,172.217.194.0-255,1484,68097,63,193281
7360,0.000977,172.31.40.0-255,66,68163,63,193281
7361,0.000982,172.217.194.0-255,1484,69647,63,193281
7362,0.001007,172.217.194.0-255,1484,71131,63,193281
7363,0.001014,172.217.194.0-255,5738,76869,63,193281
7364,0.001018,172.217.194.0-255,2902,79771,63,193281
7365,0.001047,172.31.40.0-255,66,79837,63,193281
7366,0.001059,172.217.194.0-255,7156,86993,63,193281
7367,0.001064,172.31.40.0-255,66,87059,63,193281
7368,0.001093,172.217.194.0-255,3602,90661,63,193281
7369,0.001096,172.217.194.0-255,1484,92145,63,193281
7370,0.001111,172.217.194.0-255,4320,96465,63,193281
7371,0.001115,172.217.194.0-255,2902,99367,63,193281
7372,0.001131,172.217.194.0-255,4320,103687,63,193281
7373,0.001137,172.217.194.0-255,4320,108007,63,193281
7374,0.00119,172.217.194.0-255,5738,113745,63,193281
7375,0.001193,172.31.40.0-255,66,113811,63,193281
7376,0.001199,172.31.40.0-255,66,113877,63,193281
7377,0.001225,172.217.194.0-255,2184,116061,63,193281
7378,0.001259,172.217.194.0-255,5738,121799,63,193281
7379,0.001282,172.217.194.0-255,4320,126119,63,193281
7380,0.001287,172.217.194.0-255,4320,130439,63,193281
7381,0.001301,172.31.40.0-255,66,130505,63,193281
7382,0.001308,172.217.194.0-255,7156,137661,63,193281
7383,0.001318,172.31.40.0-255,66,137727,63,193281
7384,0.001362,172.31.40.0-255,66,137793,63,193281
7385,0.001436,172.217.194.0-255,1484,139277,63,193281
7386,0.001442,172.217.194.0-255,2902,142179,63,193281
7387,0.001445,172.217.194.0-255,1484,143663,63,193281
7388,0.001449,172.31.40.0-255,66,143729,63,193281
7389,0.001477,172.217.194.0-255,4320,148049,63,193281
7390,0.001494,172.31.40.0-255,66,148115,63,193281
7391,0.001507,172.217.194.0-255,2902,151017,63,193281
7392,0.00154,172.31.40.0-255,66,151083,63,193281
7393,0.001733,172.217.194.0-255,1484,152567,63,193281
7394,0.00174,172.217.194.0-255,2902,155469,63,193281
7395,0.001743,172.217.194.0-255,1484,156953,63,193281
7396,0.001748,172.31.40.0-255,66,157019,63,193281
7397,0.001771,172.217.194.0-255,4320,161339,63,193281
7398,0.001778,172.217.194.0-255,7156,168495,63,193281
7399,0.001798,172.217.194.0-255,1484,169979,63,193281
7400,0.001801,172.31.40.0-255,66,170045,63,193281
7401,0.001851,172.217.194.0-255,2184,172229,63,193281
7402,0.001871,172.31.40.0-255,66,172295,63,193281
7403,0.001929,172.217.194.0-255,1484,173779,63,193281
7404,0.001934,172.217.194.0-255,2902,176681,63,193281
7405,0.001939,172.31.40.0-255,66,176747,63,193281
7406,0.001952,172.217.194.0-255,4320,181067,63,193281
7407,0.001968,172.31.40.0-255,66,181133,63,193281
7408,0.001981,172.217.194.0-255,1484,182617,63,193281
7409,0.002013,172.217.194.0-255,4320,186937,63,193281
7410,0.002023,172.31.40.0-255,66,187003,63,193281
7411,0.002137,172.31.40.0-255,66,187069,63,193281
7412,0.002186,172.31.40.0-255,66,187135,63,193281
7413,0.002248,172.31.40.0-255,66,187201,63,193281
7414,0.002259,172.217.194.0-255,5571,192772,63,193281
7415,0.002262,172.217.194.0-255,105,192877,63,193281
7416,0.002273,172.31.40.0-255,66,192943,63,193281
7417,0.00271,172.31.40.0-255,101,193044,63,193281
7418,0.00435,172.31.40.0-255,105,193149,63,193281
7419,0.005361,172.217.194.0-255,66,193215,63,193281
7420,0.007003,172.217.194.0-255,66,193281,63,193281
7421,0.0,172.217.194.0-255,150,150,63,205748
7422,2.2e-05,172.31.40.0-255,66,216,63,205748
7423,2.9e-05,172.217.194.0-255,1484,1700,63,205748
7424,3.3e-05,172.31.40.0-255,66,1766,63,205748
7425,4e-05,172.217.194.0-255,2902,4668,63,205748
7426,5e-05,172.31.40.0-255,66,4734,63,205748
7427,5.8e-05,172.217.194.0-255,7156,11890,63,205748
7428,6.1e-05,172.31.40.0-255,66,11956,63,205748
7429,6.5e-05,172.217.194.0-255,2091,14047,63,205748
7430,6.7e-05,172.31.40.0-255,66,14113,63,205748
7431,0.000177,172.217.194.0-255,1484,15597,63,205748
7432,0.000181,172.31.40.0-255,66,15663,63,205748
7433,0.000187,172.217.194.0-255,2902,18565,63,205748
7434,0.00019,172.31.40.0-255,66,18631,63,205748
7435,0.000225,172.217.194.0-255,5738,24369,63,205748
7436,0.000228,172.31.40.0-255,66,24435,63,205748
7437,0.000233,172.217.194.0-255,4320,28755,63,205748
7438,0.000236,172.31.40.0-255,66,28821,63,205748
7439,0.000248,172.217.194.0-255,2543,31364,63,205748
7440,0.00025,172.31.40.0-255,66,31430,63,205748
7441,0.000319,172.217.194.0-255,1484,32914,63,205748
7442,0.000322,172.31.40.0-255,66,32980,63,205748
7443,0.000327,172.217.194.0-255,2902,35882,63,205748
7444,0.000329,172.31.40.0-255,66,35948,63,205748
7445,0.000359,172.217.194.0-255,5738,41686,63,205748
7446,0.000362,172.31.40.0-255,66,41752,63,205748
7447,0.000375,172.217.194.0-255,1484,43236,63,205748
7448,0.000382,172.31.40.0-255,66,43302,63,205748
7449,0.000414,172.217.194.0-255,5379,48681,63,205748
7450,0.000417,172.31.40.0-255,66,48747,63,205748
7451,0.000437,172.217.194.0-255,4320,53067,63,205748
7452,0.00044,172.31.40.0-255,66,53133,63,205748
7453,0.000466,172.217.194.0-255,1484,54617,63,205748
7454,0.000474,172.217.194.0-255,7156,61773,63,205748
7455,0.000477,172.31.40.0-255,66,61839,63,205748
7456,0.000503,172.217.194.0-255,2902,64741,63,205748
7457,0.000506,172.31.40.0-255,66,64807,63,205748
7458,0.000534,172.217.194.0-255,1704,66511,63,205748
7459,0.000537,172.31.40.0-255,66,66577,63,205748
7460,0.000698,172.217.194.0-255,1484,68061,63,205748
7461,0.000706,172.217.194.0-255,2902,70963,63,205748
7462,0.000709,172.31.40.0-255,66,71029,63,205748
7463,0.000715,172.217.194.0-255,4320,75349,63,205748
7464,0.000717,172.31.40.0-255,66,75415,63,205748
7465,0.000753,172.217.194.0-255,1484,76899,63,205748
7466,0.00076,172.217.194.0-255,6249,83148,63,205748
7467,0.000763,172.31.40.0-255,66,83214,63,205748
7468,0.000925,172.217.194.0-255,1484,84698,63,205748
7469,0.000932,172.217.194.0-255,2902,87600,63,205748
7470,0.000935,172.31.40.0-255,66,87666,63,205748
7471,0.000968,172.217.194.0-255,5738,93404,63,205748
7472,0.000971,172.31.40.0-255,66,93470,63,205748
7473,0.00098,172.217.194.0-255,7156,100626,63,205748
7474,0.000982,172.31.40.0-255,66,100692,63,205748
7475,0.001012,172.217.194.0-255,5738,106430,63,205748
7476,0.001016,172.31.40.0-255,66,106496,63,205748
7477,0.001023,172.217.194.0-255,7156,113652,63,205748
7478,0.001026,172.31.40.0-255,66,113718,63,205748
7479,0.001051,172.217.194.0-255,3602,117320,63,205748
7480,0.001053,172.31.40.0-255,66,117386,63,205748
7481,0.001058,172.217.194.0-255,2902,120288,63,205748
7482,0.00106,172.31.40.0-255,66,120354,63,205748
7483,0.001102,172.31.40.0-255,66,120420,63,205748
7484,0.001646,172.217.194.0-255,1484,121904,63,205748
7485,0.001653,172.217.194.0-255,2902,124806,63,205748
7486,0.001657,172.31.40.0-255,66,124872,63,205748
7487,0.001662,172.217.194.0-255,2902,127774,63,205748
7488,0.001664,172.31.40.0-255,66,127840,63,205748
7489,0.001689,172.217.194.0-255,2902,130742,63,205748
7490,0.001692,172.31.40.0-255,66,130808,63,205748
7491,0.00173,172.31.40.0-255,66,130874,63,205748
7492,0.001752,172.217.194.0-255,2902,133776,63,205748
7493,0.001755,172.31.40.0-255,66,133842,63,205748
7494,0.001762,172.217.194.0-255,7156,140998,63,205748
7495,0.001764,172.31.40.0-255,66,141064,63,205748
7496,0.001769,172.217.194.0-255,3602,144666,63,205748
7497,0.001771,172.31.40.0-255,66,144732,63,205748
7498,0.001898,172.217.194.0-255,1484,146216,63,205748
7499,0.001903,172.217.194.0-255,1484,147700,63,205748
7500,0.001907,172.31.40.0-255,66,147766,63,205748
7501,0.001911,172.217.194.0-255,1484,149250,63,205748
7502,0.001933,172.217.194.0-255,1484,150734,63,205748
7503,0.001936,172.31.40.0-255,66,150800,63,205748
7504,0.001943,172.217.194.0-255,5738,156538,63,205748
7505,0.001945,172.31.40.0-255,66,156604,63,205748
7506,0.001958,172.31.40.0-255,66,156670,63,205748
7507,0.001986,172.217.194.0-255,1484,158154,63,205748
7508,0.001995,172.217.194.0-255,7156,165310,63,205748
7509,0.001998,172.31.40.0-255,66,165376,63,205748
7510,0.002002,172.217.194.0-255,2902,168278,63,205748
7511,0.002004,172.31.40.0-255,66,168344,63,205748
7512,0.002043,172.31.40.0-255,66,168410,63,205748
7513,0.00208,172.217.194.0-255,3602,172012,63,205748
7514,0.002084,172.31.40.0-255,66,172078,63,205748
7515,0.002102,172.31.40.0-255,66,172144,63,205748
7516,0.002124,172.31.40.0-255,66,172210,63,205748
7517,0.002212,172.31.40.0-255,66,172276,63,205748
7518,0.004891,172.217.194.0-255,5738,178014,63,205748
7519,0.004899,172.31.40.0-255,66,178080,63,205748
7520,0.007558,172.217.194.0-255,5738,183818,63,205748
7521,0.007564,172.31.40.0-255,66,183884,63,205748
7522,0.010208,172.217.194.0-255,4320,188204,63,205748
7523,0.010215,172.31.40.0-255,66,188270,63,205748
7524,0.010242,172.217.194.0-255,1484,189754,63,205748
7525,0.0129,172.217.194.0-255,4320,194074,63,205748
7526,0.012912,172.31.40.0-255,66,194140,63,205748
7527,0.015583,172.217.194.0-255,5738,199878,63,205748
7528,0.015596,172.31.40.0-255,66,199944,63,205748
7529,0.018242,172.217.194.0-255,5738,205682,63,205748
7530,0.018251,172.31.40.0-255,66,205748,63,205748
7531,0.0,74.125.24.0-255,297,297,63,198978
7532,2.3e-05,172.31.40.0-255,66,363,63,198978
7533,3e-05,74.125.24.0-255,1484,1847,63,198978
7534,3.4e-05,172.31.40.0-255,66,1913,63,198978
7535,4.1e-05,74.125.24.0-255,4320,6233,63,198978
7536,4.5e-05,172.31.40.0-255,66,6299,63,198978
7537,5.5e-05,74.125.24.0-255,7156,13455,63,198978
7538,5.9e-05,172.31.40.0-255,66,13521,63,198978
7539,7.9e-05,74.125.24.0-255,1896,15417,63,198978
7540,8.2e-05,172.31.40.0-255,66,15483,63,198978
7541,9.4e-05,172.31.40.0-255,66,15549,63,198978
7542,0.000119,74.125.24.0-255,4320,19869,63,198978
7543,0.000121,172.31.40.0-255,66,19935,63,198978
7544,0.000126,74.125.24.0-255,2543,22478,63,198978
7545,0.000128,172.31.40.0-255,66,22544,63,198978
7546,0.000133,74.125.24.0-255,2902,25446,63,198978
7547,0.000135,172.31.40.0-255,66,25512,63,198978
7548,0.00014,74.125.24.0-255,2902,28414,63,198978
7549,0.000142,172.31.40.0-255,66,28480,63,198978
7550,0.000167,74.125.24.0-255,4320,32800,63,198978
7551,0.000169,172.31.40.0-255,66,32866,63,198978
7552,0.000177,74.125.24.0-255,6797,39663,63,198978
7553,0.000179,172.31.40.0-255,66,39729,63,198978
7554,0.000655,74.125.24.0-255,1484,41213,63,198978
7555,0.000661,172.31.40.0-255,66,41279,63,198978
7556,0.000667,74.125.24.0-255,2902,44181,63,198978
7557,0.000669,172.31.40.0-255,66,44247,63,198978
7558,0.000687,74.125.24.0-255,4320,48567,63,198978
7559,0.00069,172.31.40.0-255,66,48633,63,198978
7560,0.000708,74.125.24.0-255,1484,50117,63,198978
7561,0.00071,172.31.40.0-255,66,50183,63,198978
7562,0.000723,74.125.24.0-255,2902,53085,63,198978
7563,0.000726,172.31.40.0-255,66,53151,63,198978
7564,0.000742,74.125.24.0-255,3961,57112,63,198978
7565,0.000744,172.31.40.0-255,66,57178,63,198978
7566,0.000786,74.125.24.0-255,1484,58662,63,198978
7567,0.000792,74.125.24.0-255,2902,61564,63,198978
7568,0.000795,172.31.40.0-255,66,61630,63,198978
7569,0.000824,74.125.24.0-255,4320,65950,63,198978
7570,0.000827,172.31.40.0-255,66,66016,63,198978
7571,0.000849,74.125.24.0-255,1484,67500,63,198978
7572,0.000856,74.125.24.0-255,6797,74297,63,198978
7573,0.000859,172.31.40.0-255,66,74363,63,198978
7574,0.000871,74.125.24.0-255,1484,75847,63,198978
7575,0.000889,74.125.24.0-255,1484,77331,63,198978
7576,0.000892,172.31.40.0-255,66,77397,63,198978
7577,0.000897,74.125.24.0-255,4320,81717,63,198978
7578,0.0009,172.31.40.0-255,66,81783,63,198978
7579,0.00091,172.31.40.0-255,66,81849,63,198978
7580,0.000913,74.125.24.0-255,1125,82974,63,198978
7581,0.000973,74.125.24.0-255,1484,84458,63,198978
7582,0.000976,172.31.40.0-255,66,84524,63,198978
7583,0.000981,74.125.24.0-255,2902,87426,63,198978
7584,0.000983,172.31.40.0-255,66,87492,63,198978
7585,0.00101,74.125.24.0-255,5738,93230,63,198978
7586,0.001012,172.31.40.0-255,66,93296,63,198978
7587,0.001044,172.31.40.0-255,66,93362,63,198978
7588,0.001087,74.125.24.0-255,1484,94846,63,198978
7589,0.001123,172.31.40.0-255,66,94912,63,198978
7590,0.001134,172.31.40.0-255,66,94978,63,198978
7591,0.001189,172.31.40.0-255,66,95044,63,198978
7592,0.001222,172.31.40.0-255,66,95110,63,198978
7593,0.001241,74.125.24.0-255,3602,98712,63,198978
7594,0.001244,172.31.40.0-255,66,98778,63,198978
7595,0.001443,74.125.24.0-255,1484,100262,63,198978
7596,0.001448,74.125.24.0-255,1484,101746,63,198978
7597,0.001451,172.31.40.0-255,66,101812,63,198978
7598,0.00147,74.125.24.0-255,1484,103296,63,198978
7599,0.001476,74.125.24.0-255,5738,109034,63,198978
7600,0.001479,172.31.40.0-255,66,109100,63,198978
7601,0.001491,74.125.24.0-255,1484,110584,63,198978
7602,0.001507,74.125.24.0-255,1484,112068,63,198978
7603,0.001509,172.31.40.0-255,66,112134,63,198978
7604,0.001514,74.125.24.0-255,4320,116454,63,198978
7605,0.001516,172.31.40.0-255,66,116520,63,198978
7606,0.001536,172.31.40.0-255,66,116586,63,198978
7607,0.001547,172.31.40.0-255,66,116652,63,198978
7608,0.001588,74.125.24.0-255,1484,118136,63,198978
7609,0.001601,74.125.24.0-255,2902,121038,63,198978
7610,0.001604,172.31.40.0-255,66,121104,63,198978
7611,0.001632,74.125.24.0-255,5738,126842,63,198978
7612,0.001635,74.125.24.0-255,1484,128326,63,198978
7613,0.001637,74.125.24.0-255,1484,129810,63,198978
7614,0.001641,172.31.40.0-255,66,129876,63,198978
7615,0.001645,172.31.40.0-255,66,129942,63,198978
7616,0.00166,74.125.24.0-255,1484,131426,63,198978
7617,0.001676,74.125.24.0-255,1484,132910,63,198978
7618,0.001679,172.31.40.0-255,66,132976,63,198978
7619,0.001703,74.125.24.0-255,4320,137296,63,198978
7620,0.001705,172.31.40.0-255,66,137362,63,198978
7621,0.00171,74.125.24.0-255,2902,140264,63,198978
7622,0.001712,172.31.40.0-255,66,140330,63,198978
7623,0.001723,172.31.40.0-255,66,140396,63,198978
7624,0.001726,74.125.24.0-255,766,141162,63,198978
7625,0.001901,74.125.24.0-255,1484,142646,63,198978
7626,0.001905,172.31.40.0-255,66,142712,63,198978
7627,0.00191,74.125.24.0-255,2902,145614,63,198978
7628,0.001912,172.31.40.0-255,66,145680,63,198978
7629,0.001931,74.125.24.0-255,5738,151418,63,198978
7630,0.001934,172.31.40.0-255,66,151484,63,198978
7631,0.001968,172.31.40.0-255,66,151550,63,198978
7632,0.001991,74.125.24.0-255,1484,153034,63,198978
7633,0.00201,172.31.40.0-255,66,153100,63,198978
7634,0.002034,74.125.24.0-255,5020,158120,63,198978
7635,0.002036,172.31.40.0-255,66,158186,63,198978
7636,0.002133,74.125.24.0-255,1484,159670,63,198978
7637,0.002138,74.125.24.0-255,2902,162572,63,198978
7638,0.002141,172.31.40.0-255,66,162638,63,198978
7639,0.002161,74.125.24.0-255,2902,165540,63,198978
7640,0.002164,172.31.40.0-255,66,165606,63,198978
7641,0.002184,74.125.24.0-255,2902,168508,63,198978
7642,0.002187,172.31.40.0-255,66,168574,63,198978
7643,0.002193,74.125.24.0-255,4320,172894,63,198978
7644,0.002195,172.31.40.0-255,66,172960,63,198978
7645,0.002227,172.31.40.0-255,66,173026,63,198978
7646,0.002237,172.31.40.0-255,66,173092,63,198978
7647,0.00227,172.31.40.0-255,66,173158,63,198978
7648,0.002275,74.125.24.0-255,4320,177478,63,198978
7649,0.002278,172.31.40.0-255,66,177544,63,198978
7650,0.002307,74.125.24.0-255,5738,183282,63,198978
7651,0.00231,172.31.40.0-255,66,183348,63,198978
7652,0.002352,74.125.24.0-255,5738,189086,63,198978
7653,0.002354,172.31.40.0-255,66,189152,63,198978
7654,0.002377,172.31.40.0-255,66,189218,63,198978
7655,0.002394,172.31.40.0-255,66,189284,63,198978
7656,0.002407,172.31.40.0-255,66,189350,63,198978
7657,0.00241,74.125.24.0-255,1484,190834,63,198978
7658,0.002443,172.31.40.0-255,66,190900,63,198978
7659,0.002479,172.31.40.0-255,66,190966,63,198978
7660,0.002494,74.125.24.0-255,2902,193868,63,198978
7661,0.002497,172.31.40.0-255,66,193934,63,198978
7662,0.0025,74.125.24.0-255,766,194700,63,198978
7663,0.002503,74.125.24.0-255,1484,196184,63,198978
7664,0.002505,172.31.40.0-255,66,196250,63,198978
7665,0.00251,74.125.24.0-255,2320,198570,63,198978
7666,0.002512,172.31.40.0-255,66,198636,63,198978
7667,0.002541,74.125.24.0-255,105,198741,63,198978
7668,0.004538,172.31.40.0-255,66,198807,63,198978
7669,0.004574,172.31.40.0-255,105,198912,63,198978
7670,0.00724,74.125.24.0-255,66,198978,63,198978
7671,0.0,74.125.200.0-255,153,153,63,262207
7672,1.9e-05,172.31.40.0-255,66,219,63,262207
7673,2.6e-05,74.125.200.0-255,1484,1703,63,262207
7674,3e-05,172.31.40.0-255,66,1769,63,262207
7675,3.6e-05,74.125.200.0-255,2902,4671,63,262207
7676,3.9e-05,172.31.40.0-255,66,4737,63,262207
7677,4.7e-05,74.125.200.0-255,7156,11893,63,262207
7678,5.1e-05,172.31.40.0-255,66,11959,63,262207
7679,5.5e-05,74.125.200.0-255,2066,14025,63,262207
7680,5.8e-05,172.31.40.0-255,66,14091,63,262207
7681,6.2e-05,74.125.200.0-255,2902,16993,63,262207
7682,6.4e-05,172.31.40.0-255,66,17059,63,262207
7683,9.7e-05,74.125.200.0-255,7156,24215,63,262207
7684,0.0001,172.31.40.0-255,66,24281,63,262207
7685,0.000105,74.125.200.0-255,2902,27183,63,262207
7686,0.000107,172.31.40.0-255,66,27249,63,262207
7687,0.000113,74.125.200.0-255,3961,31210,63,262207
7688,0.000116,172.31.40.0-255,66,31276,63,262207
7689,0.00032,74.125.200.0-255,1484,32760,63,262207
7690,0.000325,172.31.40.0-255,66,32826,63,262207
7691,0.000329,74.125.200.0-255,1484,34310,63,262207
7692,0.000331,172.31.40.0-255,66,34376,63,262207
7693,0.000358,74.125.200.0-255,2902,37278,63,262207
7694,0.000362,172.31.40.0-255,66,37344,63,262207
7695,0.000368,74.125.200.0-255,4320,41664,63,262207
7696,0.00037,172.31.40.0-255,66,41730,63,262207
7697,0.000381,74.125.200.0-255,1484,43214,63,262207
7698,0.000383,172.31.40.0-255,66,43280,63,262207
7699,0.00039,74.125.200.0-255,5738,49018,63,262207
7700,0.000392,172.31.40.0-255,66,49084,63,262207
7701,0.000397,74.125.200.0-255,4320,53404,63,262207
7702,0.0004,172.31.40.0-255,66,53470,63,262207
7703,0.00042,74.125.200.0-255,2902,56372,63,262207
7704,0.000422,172.31.40.0-255,66,56438,63,262207
7705,0.000442,74.125.200.0-255,2902,59340,63,262207
7706,0.000444,172.31.40.0-255,66,59406,63,262207
7707,0.000467,74.125.200.0-255,6438,65844,63,262207
7708,0.00047,172.31.40.0-255,66,65910,63,262207
7709,0.000489,74.125.200.0-255,411,66321,63,262207
7710,0.000534,74.125.200.0-255,1484,67805,63,262207
7711,0.000538,172.31.40.0-255,66,67871,63,262207
7712,0.00056,74.125.200.0-255,2902,70773,63,262207
7713,0.000562,172.31.40.0-255,66,70839,63,262207
7714,0.000569,74.125.200.0-255,5738,76577,63,262207
7715,0.000571,172.31.40.0-255,66,76643,63,262207
7716,0.000574,74.125.200.0-255,1484,78127,63,262207
7717,0.000594,74.125.200.0-255,2902,81029,63,262207
7718,0.000597,172.31.40.0-255,66,81095,63,262207
7719,0.000601,74.125.200.0-255,2902,83997,63,262207
7720,0.000603,172.31.40.0-255,66,84063,63,262207
7721,0.000618,74.125.200.0-255,2902,86965,63,262207
7722,0.00062,172.31.40.0-255,66,87031,63,262207
7723,0.000634,74.125.200.0-255,1484,88515,63,262207
7724,0.000668,172.31.40.0-255,66,88581,63,262207
7725,0.000683,74.125.200.0-255,2184,90765,63,262207
7726,0.000686,172.31.40.0-255,66,90831,63,262207
7727,0.000703,74.125.200.0-255,2902,93733,63,262207
7728,0.000705,172.31.40.0-255,66,93799,63,262207
7729,0.000733,74.125.200.0-255,4320,98119,63,262207
7730,0.000735,172.31.40.0-255,66,98185,63,262207
7731,0.00076,74.125.200.0-255,2902,101087,63,262207
7732,0.000762,172.31.40.0-255,66,101153,63,262207
7733,0.000768,74.125.200.0-255,4320,105473,63,262207
7734,0.00077,172.31.40.0-255,66,105539,63,262207
7735,0.000782,172.31.40.0-255,66,105605,63,262207
7736,0.000794,74.125.200.0-255,2902,108507,63,262207
7737,0.000796,172.31.40.0-255,66,108573,63,262207
7738,0.000801,74.125.200.0-255,4320,112893,63,262207
7739,0.000803,172.31.40.0-255,66,112959,63,262207
7740,0.000827,74.125.200.0-255,2184,115143,63,262207
7741,0.00083,172.31.40.0-255,66,115209,63,262207
7742,0.000833,74.125.200.0-255,332,115541,63,262207
7743,0.000848,74.125.200.0-255,1484,117025,63,262207
7744,0.000851,172.31.40.0-255,66,117091,63,262207
7745,0.000872,74.125.200.0-255,4320,121411,63,262207
7746,0.000875,172.31.40.0-255,66,121477,63,262207
7747,0.000893,74.125.200.0-255,1484,122961,63,262207
7748,0.000908,74.125.200.0-255,7156,130117,63,262207
7749,0.000911,172.31.40.0-255,66,130183,63,262207
7750,0.000969,74.125.200.0-255,7156,137339,63,262207
7751,0.000972,172.31.40.0-255,66,137405,63,262207
7752,0.000995,74.125.200.0-255,2902,140307,63,262207
7753,0.000998,172.31.40.0-255,66,140373,63,262207
7754,0.00101,172.31.40.0-255,66,140439,63,262207
7755,0.001275,74.125.200.0-255,1484,141923,63,262207
7756,0.001292,74.125.200.0-255,2902,144825,63,262207
7757,0.001296,172.31.40.0-255,66,144891,63,262207
7758,0.001327,74.125.200.0-255,4320,149211,63,262207
7759,0.00133,172.31.40.0-255,66,149277,63,262207
7760,0.001351,74.125.200.0-255,4320,153597,63,262207
7761,0.001354,172.31.40.0-255,66,153663,63,262207
7762,0.001385,74.125.200.0-255,5738,159401,63,262207
7763,0.001387,172.31.40.0-255,66,159467,63,262207
7764,0.001393,74.125.200.0-255,2902,162369,63,262207
7765,0.001395,172.31.40.0-255,66,162435,63,262207
7766,0.001423,74.125.200.0-255,2902,165337,63,262207
7767,0.00143,74.125.200.0-255,7156,172493,63,262207
7768,0.001434,172.31.40.0-255,66,172559,63,262207
7769,0.001441,172.31.40.0-255,66,172625,63,262207
7770,0.001455,74.125.200.0-255,2184,174809,63,262207
7771,0.001457,172.31.40.0-255,66,174875,63,262207
7772,0.001652,74.125.200.0-255,1484,176359,63,262207
7773,0.001658,74.125.200.0-255,2902,179261,63,262207
7774,0.001661,172.31.40.0-255,66,179327,63,262207
7775,0.001693,74.125.200.0-255,5738,185065,63,262207
7776,0.001696,172.31.40.0-255,66,185131,63,262207
7777,0.001721,74.125.200.0-255,1484,186615,63,262207
7778,0.001751,74.125.200.0-255,2902,189517,63,262207
7779,0.001754,172.31.40.0-255,66,189583,63,262207
7780,0.001772,74.125.200.0-255,1484,191067,63,262207
7781,0.0018,74.125.200.0-255,4320,195387,63,262207
7782,0.001803,172.31.40.0-255,66,195453,63,262207
7783,0.001818,74.125.200.0-255,1484,196937,63,262207
7784,0.001856,74.125.200.0-255,1484,198421,63,262207
7785,0.001859,172.31.40.0-255,66,198487,63,262207
7786,0.001888,74.125.200.0-255,2902,201389,63,262207
7787,0.001891,172.31.40.0-255,66,201455,63,262207
7788,0.001912,74.125.200.0-255,1484,202939,63,262207
7789,0.001938,74.125.200.0-255,2902,205841,63,262207
7790,0.001941,172.31.40.0-255,66,205907,63,262207
7791,0.001959,74.125.200.0-255,1484,207391,63,262207
7792,0.001974,74.125.200.0-255,2184,209575,63,262207
7793,0.001977,172.31.40.0-255,66,209641,63,262207
7794,0.002105,74.125.200.0-255,1484,211125,63,262207
7795,0.002121,74.125.200.0-255,2902,214027,63,262207
7796,0.002125,172.31.40.0-255,66,214093,63,262207
7797,0.002147,74.125.200.0-255,5738,219831,63,262207
7798,0.00215,172.31.40.0-255,66,219897,63,262207
7799,0.002163,74.125.200.0-255,1484,221381,63,262207
7800,0.002189,172.31.40.0-255,66,221447,63,262207
7801,0.002297,74.125.200.0-255,1484,222931,63,262207
7802,0.002301,74.125.200.0-255,1484,224415,63,262207
7803,0.002316,74.125.200.0-255,1484,225899,63,262207
7804,0.002319,74.125.200.0-255,1484,227383,63,262207
7805,0.002344,74.125.200.0-255,4320,231703,63,262207
7806,0.00236,74.125.200.0-255,2902,234605,63,262207
7807,0.002402,74.125.200.0-255,4320,238925,63,262207
7808,0.008328,172.31.40.0-255,66,238991,63,262207
7809,0.010714,74.125.200.0-255,5738,244729,63,262207
7810,0.010722,172.31.40.0-255,66,244795,63,262207
7811,0.01308,74.125.200.0-255,5738,250533,63,262207
7812,0.013088,172.31.40.0-255,66,250599,63,262207
7813,0.015457,74.125.200.0-255,5738,256337,63,262207
7814,0.015465,172.31.40.0-255,66,256403,63,262207
7815,0.01782,74.125.200.0-255,5738,262141,63,262207
7816,0.017827,172.31.40.0-255,66,262207,63,262207
7817,0.0,74.125.200.0-255,294,294,63,68940
7818,1.2e-05,172.31.40.0-255,66,360,63,68940
7819,1.7e-05,74.125.200.0-255,1484,1844,63,68940
7820,2.1e-05,172.31.40.0-255,66,1910,63,68940
7821,3.9e-05,74.125.200.0-255,2902,4812,63,68940
7822,4.2e-05,172.31.40.0-255,66,4878,63,68940
7823,6.1e-05,74.125.200.0-255,1484,6362,63,68940
7824,6.4e-05,172.31.40.0-255,66,6428,63,68940
7825,0.00013,74.125.200.0-255,4320,10748,63,68940
7826,0.000134,172.31.40.0-255,66,10814,63,68940
7827,0.000155,74.125.200.0-255,3284,14098,63,68940
7828,0.000158,172.31.40.0-255,66,14164,63,68940
7829,0.000317,74.125.200.0-255,7156,21320,63,68940
7830,0.000322,172.31.40.0-255,66,21386,63,68940
7831,0.000338,74.125.200.0-255,1484,22870,63,68940
7832,0.00034,172.31.40.0-255,66,22936,63,68940
7833,0.000506,172.31.40.0-255,66,23002,63,68940
7834,0.000683,74.125.200.0-255,4320,27322,63,68940
7835,0.000687,172.31.40.0-255,66,27388,63,68940
7836,0.000723,172.31.40.0-255,66,27454,63,68940
7837,0.001088,74.125.200.0-255,4320,31774,63,68940
7838,0.001095,172.31.40.0-255,66,31840,63,68940
7839,0.001126,172.31.40.0-255,66,31906,63,68940
7840,0.001447,74.125.200.0-255,7156,39062,63,68940
7841,0.001455,172.31.40.0-255,66,39128,63,68940
7842,0.001486,172.31.40.0-255,66,39194,63,68940
7843,0.001524,172.31.40.0-255,66,39260,63,68940
7844,0.002222,172.31.40.0-255,66,39326,63,68940
7845,0.002425,172.31.40.0-255,66,39392,63,68940
7846,0.003037,172.31.40.0-255,66,39458,63,68940
7847,0.003191,172.31.40.0-255,66,39524,63,68940
7848,0.004046,172.31.40.0-255,66,39590,63,68940
7849,0.004907,172.31.40.0-255,66,39656,63,68940
7850,0.007588,74.125.200.0-255,5738,45394,63,68940
7851,0.007594,172.31.40.0-255,66,45460,63,68940
7852,0.010276,74.125.200.0-255,5738,51198,63,68940
7853,0.010285,172.31.40.0-255,66,51264,63,68940
7854,0.012965,74.125.200.0-255,5738,57002,63,68940
7855,0.012974,172.31.40.0-255,66,57068,63,68940
7856,0.015657,74.125.200.0-255,2902,59970,63,68940
7857,0.015666,172.31.40.0-255,66,60036,63,68940
7858,0.015689,74.125.200.0-255,2902,62938,63,68940
7859,0.015836,172.31.40.0-255,66,63004,63,68940
7860,0.018382,74.125.200.0-255,2902,65906,63,68940
7861,0.01839,172.31.40.0-255,66,65972,63,68940
7862,0.018536,74.125.200.0-255,2902,68874,63,68940
7863,0.018541,172.31.40.0-255,66,68940,63,68940
7864,0.0,172.217.194.0-255,146,146,63,206447
7865,2.3e-05,172.31.40.0-255,66,212,63,206447
7866,3e-05,172.217.194.0-255,1484,1696,63,206447
7867,3.4e-05,172.31.40.0-255,66,1762,63,206447
7868,4e-05,172.217.194.0-255,2902,4664,63,206447
7869,4.3e-05,172.31.40.0-255,66,4730,63,206447
7870,5.9e-05,172.217.194.0-255,7156,11886,63,206447
7871,6.2e-05,172.31.40.0-255,66,11952,63,206447
7872,9.2e-05,172.217.194.0-255,2074,14026,63,206447
7873,9.5e-05,172.31.40.0-255,66,14092,63,206447
7874,0.000201,172.217.194.0-255,1484,15576,63,206447
7875,0.000204,172.31.40.0-255,66,15642,63,206447
7876,0.000211,172.217.194.0-255,2902,18544,63,206447
7877,0.000215,172.31.40.0-255,66,18610,63,206447
7878,0.000247,172.217.194.0-255,5738,24348,63,206447
7879,0.00025,172.31.40.0-255,66,24414,63,206447
7880,0.000285,172.217.194.0-255,4320,28734,63,206447
7881,0.000288,172.31.40.0-255,66,28800,63,206447
7882,0.000315,172.217.194.0-255,2543,31343,63,206447
7883,0.000318,172.31.40.0-255,66,31409,63,206447
7884,0.000493,172.217.194.0-255,1484,32893,63,206447
7885,0.000498,172.31.40.0-255,66,32959,63,206447
7886,0.000504,172.217.194.0-255,2902,35861,63,206447
7887,0.000507,172.31.40.0-255,66,35927,63,206447
7888,0.00055,172.217.194.0-255,5738,41665,63,206447
7889,0.000553,172.31.40.0-255,66,41731,63,206447
7890,0.000572,172.217.194.0-255,4320,46051,63,206447
7891,0.000578,172.31.40.0-255,66,46117,63,206447
7892,0.00059,172.217.194.0-255,6797,52914,63,206447
7893,0.000597,172.31.40.0-255,66,52980,63,206447
7894,0.000603,172.217.194.0-255,5738,58718,63,206447
7895,0.000606,172.31.40.0-255,66,58784,63,206447
7896,0.00064,172.217.194.0-255,7052,65836,63,206447
7897,0.000643,172.31.40.0-255,66,65902,63,206447
7898,0.000671,172.217.194.0-255,401,66303,63,206447
7899,0.000674,172.31.40.0-255,66,66369,63,206447
7900,0.000831,172.217.194.0-255,1484,67853,63,206447
7901,0.000836,172.31.40.0-255,66,67919,63,206447
7902,0.000841,172.217.194.0-255,2902,70821,63,206447
7903,0.000844,172.31.40.0-255,66,70887,63,206447
7904,0.000879,172.217.194.0-255,5738,76625,63,206447
7905,0.000882,172.31.40.0-255,66,76691,63,206447
7906,0.000889,172.217.194.0-255,5738,82429,63,206447
7907,0.000892,172.31.40.0-255,66,82495,63,206447
7908,0.000919,172.217.194.0-255,4320,86815,63,206447
7909,0.000921,172.31.40.0-255,66,86881,63,206447
7910,0.000935,172.31.40.0-255,66,86947,63,206447
7911,0.000939,172.217.194.0-255,2184,89131,63,206447
7912,0.000941,172.31.40.0-255,66,89197,63,206447
7913,0.001127,172.217.194.0-255,1484,90681,63,206447
7914,0.001131,172.31.40.0-255,66,90747,63,206447
7915,0.001137,172.217.194.0-255,2902,93649,63,206447
7916,0.001139,172.31.40.0-255,66,93715,63,206447
7917,0.001156,172.217.194.0-255,1484,95199,63,206447
7918,0.001159,172.31.40.0-255,66,95265,63,206447
7919,0.001185,172.217.194.0-255,4320,99585,63,206447
7920,0.001187,172.31.40.0-255,66,99651,63,206447
7921,0.001193,172.217.194.0-255,5738,105389,63,206447
7922,0.001195,172.31.40.0-255,66,105455,63,206447
7923,0.001231,172.217.194.0-255,7156,112611,63,206447
7924,0.001234,172.31.40.0-255,66,112677,63,206447
7925,0.001239,172.217.194.0-255,4320,116997,63,206447
7926,0.001255,172.31.40.0-255,66,117063,63,206447
7927,0.001267,172.217.194.0-255,6438,123501,63,206447
7928,0.001278,172.31.40.0-255,66,123567,63,206447
7929,0.001297,172.217.194.0-255,4320,127887,63,206447
7930,0.001317,172.217.194.0-255,7156,135043,63,206447
7931,0.00132,172.217.194.0-255,1484,136527,63,206447
7932,0.001335,172.217.194.0-255,1484,138011,63,206447
7933,0.001338,172.31.40.0-255,66,138077,63,206447
7934,0.001345,172.31.40.0-255,66,138143,63,206447
7935,0.00136,172.217.194.0-255,5020,143163,63,206447
7936,0.001386,172.31.40.0-255,66,143229,63,206447
7937,0.002235,172.217.194.0-255,1484,144713,63,206447
7938,0.00224,172.31.40.0-255,66,144779,63,206447
7939,0.002247,172.217.194.0-255,2902,147681,63,206447
7940,0.002249,172.31.40.0-255,66,147747,63,206447
7941,0.002285,172.217.194.0-255,1484,149231,63,206447
7942,0.002287,172.31.40.0-255,66,149297,63,206447
7943,0.002317,172.217.194.0-255,4320,153617,63,206447
7944,0.002319,172.31.40.0-255,66,153683,63,206447
7945,0.002333,172.31.40.0-255,66,153749,63,206447
7946,0.002387,172.31.40.0-255,66,153815,63,206447
7947,0.002581,172.217.194.0-255,1484,155299,63,206447
7948,0.002588,172.217.194.0-255,2902,158201,63,206447
7949,0.002599,172.31.40.0-255,66,158267,63,206447
7950,0.002612,172.217.194.0-255,5738,164005,63,206447
7951,0.002626,172.31.40.0-255,66,164071,63,206447
7952,0.002633,172.217.194.0-255,5738,169809,63,206447
7953,0.002655,172.217.194.0-255,1484,171293,63,206447
7954,0.002658,172.217.194.0-255,1484,172777,63,206447
7955,0.002685,172.31.40.0-255,66,172843,63,206447
7956,0.005306,172.217.194.0-255,4320,177163,63,206447
7957,0.005313,172.31.40.0-255,66,177229,63,206447
7958,0.005341,172.217.194.0-255,1484,178713,63,206447
7959,0.005344,172.31.40.0-255,66,178779,63,206447
7960,0.007914,172.217.194.0-255,4320,183099,63,206447
7961,0.007918,172.31.40.0-255,66,183165,63,206447
7962,0.007964,172.217.194.0-255,1484,184649,63,206447
7963,0.010546,172.217.194.0-255,4320,188969,63,206447
7964,0.010555,172.31.40.0-255,66,189035,63,206447
7965,0.013192,172.217.194.0-255,5738,194773,63,206447
7966,0.013582,172.31.40.0-255,66,194839,63,206447
7967,0.016197,172.217.194.0-255,5738,200577,63,206447
7968,0.016208,172.31.40.0-255,66,200643,63,206447
7969,0.018841,172.217.194.0-255,5738,206381,63,206447
7970,0.018849,172.31.40.0-255,66,206447,63,206447
7971,0.0,172.217.194.0-255,153,153,63,258084
7972,2.3e-05,172.31.40.0-255,66,219,63,258084
7973,3e-05,172.217.194.0-255,1484,1703,63,258084
7974,3.4e-05,172.31.40.0-255,66,1769,63,258084
7975,4e-05,172.217.194.0-255,2902,4671,63,258084
7976,4.3e-05,172.31.40.0-255,66,4737,63,258084
7977,5.1e-05,172.217.194.0-255,5738,10475,63,258084
7978,5.4e-05,172.31.40.0-255,66,10541,63,258084
7979,7.9e-05,172.217.194.0-255,3519,14060,63,258084
7980,8.2e-05,172.31.40.0-255,66,14126,63,258084
7981,0.000145,172.217.194.0-255,2902,17028,63,258084
7982,0.000148,172.31.40.0-255,66,17094,63,258084
7983,0.00016,172.217.194.0-255,1484,18578,63,258084
7984,0.000163,172.31.40.0-255,66,18644,63,258084
7985,0.000169,172.217.194.0-255,5738,24382,63,258084
7986,0.000172,172.31.40.0-255,66,24448,63,258084
7987,0.000176,172.217.194.0-255,2902,27350,63,258084
7988,0.000178,172.31.40.0-255,66,27416,63,258084
7989,0.000208,172.217.194.0-255,6797,34213,63,258084
7990,0.000211,172.31.40.0-255,66,34279,63,258084
7991,0.000222,172.31.40.0-255,66,34345,63,258084
7992,0.000225,172.217.194.0-255,1484,35829,63,258084
7993,0.000227,172.31.40.0-255,66,35895,63,258084
7994,0.000249,172.217.194.0-255,2543,38438,63,258084
7995,0.000251,172.31.40.0-255,66,38504,63,258084
7996,0.00089,172.217.194.0-255,1484,39988,63,258084
7997,0.000896,172.31.40.0-255,66,40054,63,258084
7998,0.000904,172.217.194.0-255,2902,42956,63,258084
7999,0.000906,172.31.40.0-255,66,43022,63,258084
8000,0.000912,172.217.194.0-255,5738,48760,63,258084
8001,0.000915,172.31.40.0-255,66,48826,63,258084
8002,0.001191,172.217.194.0-255,1484,50310,63,258084
8003,0.001198,172.217.194.0-255,2902,53212,63,258084
8004,0.001228,172.217.194.0-255,5738,58950,63,258084
8005,0.001249,172.217.194.0-255,5738,64688,63,258084
8006,0.001263,172.217.194.0-255,4320,69008,63,258084
8007,0.001306,172.217.194.0-255,2902,71910,63,258084
8008,0.00131,172.217.194.0-255,2184,74094,63,258084
8009,0.001471,172.217.194.0-255,1484,75578,63,258084
8010,0.001497,172.217.194.0-255,2902,78480,63,258084
8011,0.001514,172.217.194.0-255,4320,82800,63,258084
8012,0.001546,172.217.194.0-255,4320,87120,63,258084
8013,0.001561,172.217.194.0-255,4320,91440,63,258084
8014,0.001568,172.217.194.0-255,5738,97178,63,258084
8015,0.001586,172.217.194.0-255,1484,98662,63,258084
8016,0.001597,172.217.194.0-255,766,99428,63,258084
8017,0.001696,172.217.194.0-255,1484,100912,63,258084
8018,0.001702,172.217.194.0-255,2902,103814,63,258084
8019,0.001718,172.217.194.0-255,5738,109552,63,258084
8020,0.001742,172.217.194.0-255,1484,111036,63,258084
8021,0.001782,172.217.194.0-255,5738,116774,63,258084
8022,0.001814,172.217.194.0-255,5020,121794,63,258084
8023,0.001886,172.217.194.0-255,1484,123278,63,258084
8024,0.0019,172.217.194.0-255,2902,126180,63,258084
8025,0.00192,172.217.194.0-255,1484,127664,63,258084
8026,0.00195,172.217.194.0-255,4320,131984,63,258084
8027,0.001955,172.217.194.0-255,2902,134886,63,258084
8028,0.002,172.217.194.0-255,766,135652,63,258084
8029,0.002057,172.217.194.0-255,1484,137136,63,258084
8030,0.00207,172.217.194.0-255,2902,140038,63,258084
8031,0.002081,172.217.194.0-255,1484,141522,63,258084
8032,0.002084,172.217.194.0-255,1484,143006,63,258084
8033,0.002103,172.217.194.0-255,4320,147326,63,258084
8034,0.00212,172.217.194.0-255,5738,153064,63,258084
8035,0.002124,172.217.194.0-255,2902,155966,63,258084
8036,0.002128,172.217.194.0-255,2902,158868,63,258084
8037,0.002131,172.217.194.0-255,1484,160352,63,258084
8038,0.002149,172.217.194.0-255,2902,163254,63,258084
8039,0.002174,172.217.194.0-255,6438,169692,63,258084
8040,0.002178,172.217.194.0-255,2902,172594,63,258084
8041,0.002209,172.217.194.0-255,7156,179750,63,258084
8042,0.002289,172.217.194.0-255,1484,181234,63,258084
8043,0.002294,172.217.194.0-255,3602,184836,63,258084
8044,0.00235,172.217.194.0-255,1484,186320,63,258084
8045,0.002374,172.217.194.0-255,2902,189222,63,258084
8046,0.002399,172.217.194.0-255,2902,192124,63,258084
8047,0.00241,172.217.194.0-255,1484,193608,63,258084
8048,0.002435,172.217.194.0-255,2902,196510,63,258084
8049,0.002456,172.217.194.0-255,4320,200830,63,258084
8050,0.002482,172.217.194.0-255,5738,206568,63,258084
8051,0.002497,172.217.194.0-255,2902,209470,63,258084
8052,0.002653,172.217.194.0-255,1484,210954,63,258084
8053,0.002665,172.217.194.0-255,2902,213856,63,258084
8054,0.00268,172.217.194.0-255,5738,219594,63,258084
8055,0.002711,172.217.194.0-255,4320,223914,63,258084
8056,0.002737,172.217.194.0-255,4320,228234,63,258084
8057,0.002759,172.217.194.0-255,6438,234672,63,258084
8058,0.002764,172.217.194.0-255,4320,238992,63,258084
8059,0.00278,172.217.194.0-255,7156,246148,63,258084
8060,0.002823,172.217.194.0-255,1484,247632,63,258084
8061,0.002844,172.217.194.0-255,1484,249116,63,258084
8062,0.002857,172.217.194.0-255,2902,252018,63,258084
8063,0.002912,172.217.194.0-255,2184,254202,63,258084
8064,0.002932,172.217.194.0-255,2679,256881,63,258084
8065,0.002946,172.217.194.0-255,105,256986,63,258084
8066,0.002968,172.217.194.0-255,129,257115,63,258084
8067,0.009883,172.31.40.0-255,66,257181,63,258084
8068,0.011462,172.217.194.0-255,129,257310,63,258084
8069,0.011473,172.31.40.0-255,78,257388,63,258084
8070,0.012945,172.31.40.0-255,105,257493,63,258084
8071,0.012986,172.31.40.0-255,105,257598,63,258084
8072,0.013215,172.31.40.0-255,90,257688,63,258084
8073,0.013222,172.31.40.0-255,66,257754,63,258084
8074,0.014923,172.217.194.0-255,66,257820,63,258084
8075,0.014938,172.217.194.0-255,66,257886,63,258084
8076,0.015151,172.217.194.0-255,66,257952,63,258084
8077,0.015185,172.217.194.0-255,66,258018,63,258084
8078,0.015195,172.31.40.0-255,66,258084,63,258084
8079,0.0,74.125.24.0-255,153,153,63,140218
8080,2.2e-05,172.31.40.0-255,66,219,63,140218
8081,2.9e-05,74.125.24.0-255,1484,1703,63,140218
8082,3.4e-05,172.31.40.0-255,66,1769,63,140218
8083,3.9e-05,74.125.24.0-255,2902,4671,63,140218
8084,5.1e-05,172.31.40.0-255,66,4737,63,140218
8085,5.9e-05,74.125.24.0-255,7156,11893,63,140218
8086,6.3e-05,172.31.40.0-255,66,11959,63,140218
8087,6.7e-05,74.125.24.0-255,2095,14054,63,140218
8088,7e-05,172.31.40.0-255,66,14120,63,140218
8089,0.000751,74.125.24.0-255,1484,15604,63,140218
8090,0.000759,172.31.40.0-255,66,15670,63,140218
8091,0.000766,74.125.24.0-255,2902,18572,63,140218
8092,0.000769,172.31.40.0-255,66,18638,63,140218
8093,0.000779,74.125.24.0-255,4320,22958,63,140218
8094,0.00078,172.31.40.0-255,66,23024,63,140218
8095,0.000813,74.125.24.0-255,1484,24508,63,140218
8096,0.000816,172.31.40.0-255,66,24574,63,140218
8097,0.000828,172.31.40.0-255,66,24640,63,140218
8098,0.000833,74.125.24.0-255,4320,28960,63,140218
8099,0.000835,172.31.40.0-255,66,29026,63,140218
8100,0.000884,172.31.40.0-255,66,29092,63,140218
8101,0.000897,172.31.40.0-255,66,29158,63,140218
8102,0.0009,74.125.24.0-255,361,29519,63,140218
8103,0.000902,172.31.40.0-255,66,29585,63,140218
8104,0.001166,74.125.24.0-255,1484,31069,63,140218
8105,0.001172,172.31.40.0-255,66,31135,63,140218
8106,0.001179,74.125.24.0-255,2902,34037,63,140218
8107,0.001181,172.31.40.0-255,66,34103,63,140218
8108,0.001185,74.125.24.0-255,1484,35587,63,140218
8109,0.001217,74.125.24.0-255,4320,39907,63,140218
8110,0.00122,172.31.40.0-255,66,39973,63,140218
8111,0.001252,172.31.40.0-255,66,40039,63,140218
8112,0.001263,172.31.40.0-255,66,40105,63,140218
8113,0.001295,74.125.24.0-255,6797,46902,63,140218
8114,0.001298,172.31.40.0-255,66,46968,63,140218
8115,0.001384,74.125.24.0-255,1484,48452,63,140218
8116,0.001387,74.125.24.0-255,1484,49936,63,140218
8117,0.001389,172.31.40.0-255,66,50002,63,140218
8118,0.001415,74.125.24.0-255,1484,51486,63,140218
8119,0.001421,74.125.24.0-255,5738,57224,63,140218
8120,0.001424,172.31.40.0-255,66,57290,63,140218
8121,0.001446,74.125.24.0-255,1484,58774,63,140218
8122,0.001472,172.31.40.0-255,66,58840,63,140218
8123,0.001528,172.31.40.0-255,66,58906,63,140218
8124,0.001532,74.125.24.0-255,2184,61090,63,140218
8125,0.001534,172.31.40.0-255,66,61156,63,140218
8126,0.001893,74.125.24.0-255,1484,62640,63,140218
8127,0.00191,74.125.24.0-255,2902,65542,63,140218
8128,0.001913,172.31.40.0-255,66,65608,63,140218
8129,0.001918,74.125.24.0-255,4320,69928,63,140218
8130,0.001921,172.31.40.0-255,66,69994,63,140218
8131,0.001954,74.125.24.0-255,1484,71478,63,140218
8132,0.001969,172.31.40.0-255,66,71544,63,140218
8133,0.001979,172.31.40.0-255,66,71610,63,140218
8134,0.002008,74.125.24.0-255,2184,73794,63,140218
8135,0.002011,172.31.40.0-255,66,73860,63,140218
8136,0.002224,74.125.24.0-255,1484,75344,63,140218
8137,0.002229,74.125.24.0-255,1484,76828,63,140218
8138,0.002231,172.31.40.0-255,66,76894,63,140218
8139,0.002256,74.125.24.0-255,1484,78378,63,140218
8140,0.002264,74.125.24.0-255,5738,84116,63,140218
8141,0.002266,172.31.40.0-255,66,84182,63,140218
8142,0.002291,74.125.24.0-255,4320,88502,63,140218
8143,0.002293,172.31.40.0-255,66,88568,63,140218
8144,0.002326,172.31.40.0-255,66,88634,63,140218
8145,0.002333,74.125.24.0-255,7156,95790,63,140218
8146,0.002336,172.31.40.0-255,66,95856,63,140218
8147,0.002367,74.125.24.0-255,3602,99458,63,140218
8148,0.00237,172.31.40.0-255,66,99524,63,140218
8149,0.004746,74.125.24.0-255,1484,101008,63,140218
8150,0.00477,74.125.24.0-255,4320,105328,63,140218
8151,0.004774,172.31.40.0-255,66,105394,63,140218
8152,0.007177,74.125.24.0-255,5738,111132,63,140218
8153,0.007185,172.31.40.0-255,66,111198,63,140218
8154,0.009628,74.125.24.0-255,5738,116936,63,140218
8155,0.009637,172.31.40.0-255,66,117002,63,140218
8156,0.012063,74.125.24.0-255,5738,122740,63,140218
8157,0.012073,172.31.40.0-255,66,122806,63,140218
8158,0.014508,74.125.24.0-255,5738,128544,63,140218
8159,0.014518,172.31.40.0-255,66,128610,63,140218
8160,0.016942,74.125.24.0-255,5738,134348,63,140218
8161,0.01695,172.31.40.0-255,66,134414,63,140218
8162,0.019359,74.125.24.0-255,5738,140152,63,140218
8163,0.019369,172.31.40.0-255,66,140218,63,140218
8164,0.0,172.217.194.0-255,152,152,63,173283
8165,2.3e-05,172.31.40.0-255,66,218,63,173283
8166,3.1e-05,172.217.194.0-255,1484,1702,63,173283
8167,3.5e-05,172.31.40.0-255,66,1768,63,173283
8168,4.1e-05,172.217.194.0-255,2902,4670,63,173283
8169,5.2e-05,172.31.40.0-255,66,4736,63,173283
8170,6.1e-05,172.217.194.0-255,7156,11892,63,173283
8171,6.5e-05,172.31.40.0-255,66,11958,63,173283
8172,6.8e-05,172.217.194.0-255,1484,13442,63,173283
8173,7.1e-05,172.31.40.0-255,66,13508,63,173283
8174,0.000119,172.31.40.0-255,66,13574,63,173283
8175,0.000131,172.31.40.0-255,66,13640,63,173283
8176,0.000298,172.217.194.0-255,1484,15124,63,173283
8177,0.000304,172.31.40.0-255,66,15190,63,173283
8178,0.000311,172.217.194.0-255,2902,18092,63,173283
8179,0.000314,172.31.40.0-255,66,18158,63,173283
8180,0.000325,172.217.194.0-255,5738,23896,63,173283
8181,0.000327,172.31.40.0-255,66,23962,63,173283
8182,0.000331,172.217.194.0-255,1484,25446,63,173283
8183,0.000332,172.31.40.0-255,66,25512,63,173283
8184,0.000381,172.31.40.0-255,66,25578,63,173283
8185,0.000392,172.31.40.0-255,66,25644,63,173283
8186,0.000395,172.217.194.0-255,362,26006,63,173283
8187,0.000397,172.31.40.0-255,66,26072,63,173283
8188,0.000583,172.217.194.0-255,1484,27556,63,173283
8189,0.000588,172.217.194.0-255,2902,30458,63,173283
8190,0.000598,172.31.40.0-255,66,30524,63,173283
8191,0.000602,172.31.40.0-255,66,30590,63,173283
8192,0.000609,172.217.194.0-255,5738,36328,63,173283
8193,0.000615,172.31.40.0-255,66,36394,63,173283
8194,0.000637,172.217.194.0-255,2902,39296,63,173283
8195,0.000639,172.31.40.0-255,66,39362,63,173283
8196,0.000671,172.31.40.0-255,66,39428,63,173283
8197,0.000673,172.217.194.0-255,1484,40912,63,173283
8198,0.000687,172.31.40.0-255,66,40978,63,173283
8199,0.001118,172.217.194.0-255,1484,42462,63,173283
8200,0.001125,172.217.194.0-255,2902,45364,63,173283
8201,0.001129,172.31.40.0-255,66,45430,63,173283
8202,0.001159,172.217.194.0-255,5738,51168,63,173283
8203,0.001162,172.31.40.0-255,66,51234,63,173283
8204,0.001213,172.31.40.0-255,66,51300,63,173283
8205,0.001225,172.31.40.0-255,66,51366,63,173283
8206,0.001228,172.217.194.0-255,766,52132,63,173283
8207,0.00128,172.217.194.0-255,1484,53616,63,173283
8208,0.001284,172.31.40.0-255,66,53682,63,173283
8209,0.001289,172.217.194.0-255,2902,56584,63,173283
8210,0.001291,172.31.40.0-255,66,56650,63,173283
8211,0.001296,172.217.194.0-255,4320,60970,63,173283
8212,0.001298,172.31.40.0-255,66,61036,63,173283
8213,0.001332,172.217.194.0-255,1484,62520,63,173283
8214,0.001346,172.31.40.0-255,66,62586,63,173283
8215,0.001358,172.31.40.0-255,66,62652,63,173283
8216,0.001887,172.217.194.0-255,1484,64136,63,173283
8217,0.001892,172.217.194.0-255,2902,67038,63,173283
8218,0.001897,172.31.40.0-255,66,67104,63,173283
8219,0.001912,172.217.194.0-255,5738,72842,63,173283
8220,0.001919,172.31.40.0-255,66,72908,63,173283
8221,0.001986,172.31.40.0-255,66,72974,63,173283
8222,0.001993,172.217.194.0-255,7156,80130,63,173283
8223,0.001995,172.31.40.0-255,66,80196,63,173283
8224,0.001998,172.217.194.0-255,1484,81680,63,173283
8225,0.002024,172.217.194.0-255,2184,83864,63,173283
8226,0.002026,172.31.40.0-255,66,83930,63,173283
8227,0.002181,172.217.194.0-255,1484,85414,63,173283
8228,0.002187,172.217.194.0-255,2902,88316,63,173283
8229,0.00219,172.31.40.0-255,66,88382,63,173283
8230,0.002222,172.217.194.0-255,5738,94120,63,173283
8231,0.002224,172.31.40.0-255,66,94186,63,173283
8232,0.002232,172.217.194.0-255,7156,101342,63,173283
8233,0.002234,172.31.40.0-255,66,101408,63,173283
8234,0.002262,172.217.194.0-255,2902,104310,63,173283
8235,0.002264,172.31.40.0-255,66,104376,63,173283
8236,0.002276,172.31.40.0-255,66,104442,63,173283
8237,0.002307,172.217.194.0-255,5020,109462,63,173283
8238,0.00231,172.31.40.0-255,66,109528,63,173283
8239,0.002352,172.217.194.0-255,1484,111012,63,173283
8240,0.002357,172.217.194.0-255,2902,113914,63,173283
8241,0.00236,172.31.40.0-255,66,113980,63,173283
8242,0.00238,172.217.194.0-255,5738,119718,63,173283
8243,0.002383,172.31.40.0-255,66,119784,63,173283
8244,0.002417,172.31.40.0-255,66,119850,63,173283
8245,0.002424,172.217.194.0-255,5738,125588,63,173283
8246,0.002426,172.31.40.0-255,66,125654,63,173283
8247,0.00245,172.217.194.0-255,5020,130674,63,173283
8248,0.002454,172.31.40.0-255,66,130740,63,173283
8249,0.002457,172.217.194.0-255,1484,132224,63,173283
8250,0.00246,172.217.194.0-255,1484,133708,63,173283
8251,0.002462,172.31.40.0-255,66,133774,63,173283
8252,0.002482,172.217.194.0-255,1484,135258,63,173283
8253,0.002493,172.217.194.0-255,5738,140996,63,173283
8254,0.002496,172.31.40.0-255,66,141062,63,173283
8255,0.002537,172.31.40.0-255,66,141128,63,173283
8256,0.00254,172.217.194.0-255,1484,142612,63,173283
8257,0.002633,172.217.194.0-255,5738,148350,63,173283
8258,0.002636,172.217.194.0-255,1484,149834,63,173283
8259,0.00267,172.217.194.0-255,5738,155572,63,173283
8260,0.011289,172.31.40.0-255,66,155638,63,173283
8261,0.012195,172.31.40.0-255,101,155739,63,173283
8262,0.013369,172.217.194.0-255,1484,157223,63,173283
8263,0.013931,172.217.194.0-255,4320,161543,63,173283
8264,0.013938,172.31.40.0-255,66,161609,63,173283
8265,0.014791,172.217.194.0-255,66,161675,63,173283
8266,0.016573,172.217.194.0-255,5738,167413,63,173283
8267,0.016584,172.31.40.0-255,66,167479,63,173283
8268,0.019217,172.217.194.0-255,5738,173217,63,173283
8269,0.019227,172.31.40.0-255,66,173283,63,173283
8270,0.0,74.125.24.0-255,143,143,63,166228
8271,2.2e-05,172.31.40.0-255,66,209,63,166228
8272,2.9e-05,74.125.24.0-255,1484,1693,63,166228
8273,3.4e-05,172.31.40.0-255,66,1759,63,166228
8274,4e-05,74.125.24.0-255,2902,4661,63,166228
8275,4.3e-05,172.31.40.0-255,66,4727,63,166228
8276,4.9e-05,74.125.24.0-255,4320,9047,63,166228
8277,5.2e-05,172.31.40.0-255,66,9113,63,166228
8278,6e-05,74.125.24.0-255,4901,14014,63,166228
8279,6.4e-05,172.31.40.0-255,66,14080,63,166228
8280,0.000194,74.125.24.0-255,1484,15564,63,166228
8281,0.000199,172.31.40.0-255,66,15630,63,166228
8282,0.000205,74.125.24.0-255,2902,18532,63,166228
8283,0.000207,172.31.40.0-255,66,18598,63,166228
8284,0.000246,74.125.24.0-255,5738,24336,63,166228
8285,0.000249,172.31.40.0-255,66,24402,63,166228
8286,0.000253,74.125.24.0-255,2902,27304,63,166228
8287,0.000255,172.31.40.0-255,66,27370,63,166228
8288,0.00028,74.125.24.0-255,1484,28854,63,166228
8289,0.000283,172.31.40.0-255,66,28920,63,166228
8290,0.000317,172.31.40.0-255,66,28986,63,166228
8291,0.000324,74.125.24.0-255,7156,36142,63,166228
8292,0.000327,172.31.40.0-255,66,36208,63,166228
8293,0.000354,74.125.24.0-255,2543,38751,63,166228
8294,0.000356,172.31.40.0-255,66,38817,63,166228
8295,0.001107,74.125.24.0-255,1484,40301,63,166228
8296,0.001114,172.31.40.0-255,66,40367,63,166228
8297,0.001124,74.125.24.0-255,2902,43269,63,166228
8298,0.001127,172.31.40.0-255,66,43335,63,166228
8299,0.001135,74.125.24.0-255,5738,49073,63,166228
8300,0.001137,172.31.40.0-255,66,49139,63,166228
8301,0.001184,74.125.24.0-255,6797,55936,63,166228
8302,0.001187,172.31.40.0-255,66,56002,63,166228
8303,0.001219,74.125.24.0-255,1484,57486,63,166228
8304,0.001225,74.125.24.0-255,2902,60388,63,166228
8305,0.001228,172.31.40.0-255,66,60454,63,166228
8306,0.00125,74.125.24.0-255,5738,66192,63,166228
8307,0.001254,172.31.40.0-255,66,66258,63,166228
8308,0.001259,74.125.24.0-255,4320,70578,63,166228
8309,0.001262,172.31.40.0-255,66,70644,63,166228
8310,0.001276,74.125.24.0-255,2543,73187,63,166228
8311,0.001278,172.31.40.0-255,66,73253,63,166228
8312,0.001306,74.125.24.0-255,4320,77573,63,166228
8313,0.001308,172.31.40.0-255,66,77639,63,166228
8314,0.001325,74.125.24.0-255,2902,80541,63,166228
8315,0.001328,172.31.40.0-255,66,80607,63,166228
8316,0.001333,74.125.24.0-255,4320,84927,63,166228
8317,0.001335,172.31.40.0-255,66,84993,63,166228
8318,0.001371,74.125.24.0-255,2902,87895,63,166228
8319,0.001374,172.31.40.0-255,66,87961,63,166228
8320,0.001396,74.125.24.0-255,2543,90504,63,166228
8321,0.001399,172.31.40.0-255,66,90570,63,166228
8322,0.001453,74.125.24.0-255,1484,92054,63,166228
8323,0.00148,74.125.24.0-255,1484,93538,63,166228
8324,0.001483,172.31.40.0-255,66,93604,63,166228
8325,0.001487,74.125.24.0-255,1484,95088,63,166228
8326,0.001505,74.125.24.0-255,1484,96572,63,166228
8327,0.001507,172.31.40.0-255,66,96638,63,166228
8328,0.001514,74.125.24.0-255,5738,102376,63,166228
8329,0.001517,172.31.40.0-255,66,102442,63,166228
8330,0.00152,74.125.24.0-255,1484,103926,63,166228
8331,0.001541,74.125.24.0-255,2902,106828,63,166228
8332,0.001544,172.31.40.0-255,66,106894,63,166228
8333,0.001555,172.31.40.0-255,66,106960,63,166228
8334,0.001574,74.125.24.0-255,1484,108444,63,166228
8335,0.00158,74.125.24.0-255,4320,112764,63,166228
8336,0.001583,172.31.40.0-255,66,112830,63,166228
8337,0.001603,74.125.24.0-255,2184,115014,63,166228
8338,0.001605,172.31.40.0-255,66,115080,63,166228
8339,0.001742,74.125.24.0-255,1484,116564,63,166228
8340,0.001747,74.125.24.0-255,2902,119466,63,166228
8341,0.00175,172.31.40.0-255,66,119532,63,166228
8342,0.001755,74.125.24.0-255,2902,122434,63,166228
8343,0.001757,172.31.40.0-255,66,122500,63,166228
8344,0.001773,74.125.24.0-255,2902,125402,63,166228
8345,0.001775,172.31.40.0-255,66,125468,63,166228
8346,0.001786,172.31.40.0-255,66,125534,63,166228
8347,0.001829,74.125.24.0-255,5738,131272,63,166228
8348,0.001832,172.31.40.0-255,66,131338,63,166228
8349,0.001862,172.31.40.0-255,66,131404,63,166228
8350,0.004454,74.125.24.0-255,5738,137142,63,166228
8351,0.004459,172.31.40.0-255,66,137208,63,166228
8352,0.007066,74.125.24.0-255,5738,142946,63,166228
8353,0.007073,172.31.40.0-255,66,143012,63,166228
8354,0.009689,74.125.24.0-255,5738,148750,63,166228
8355,0.009699,172.31.40.0-255,66,148816,63,166228
8356,0.012308,74.125.24.0-255,5738,154554,63,166228
8357,0.012317,172.31.40.0-255,66,154620,63,166228
8358,0.014943,74.125.24.0-255,5738,160358,63,166228
8359,0.014955,172.31.40.0-255,66,160424,63,166228
8360,0.017568,74.125.24.0-255,5738,166162,63,166228
8361,0.017576,172.31.40.0-255,66,166228,63,166228
8362,0.0,74.125.24.0-255,153,153,63,188622
8363,2.2e-05,172.31.40.0-255,66,219,63,188622
8364,3e-05,74.125.24.0-255,1484,1703,63,188622
8365,3.5e-05,172.31.40.0-255,66,1769,63,188622
8366,4.1e-05,74.125.24.0-255,2902,4671,63,188622
8367,4.5e-05,172.31.40.0-255,66,4737,63,188622
8368,5e-05,74.125.24.0-255,2902,7639,63,188622
8369,5.3e-05,172.31.40.0-255,66,7705,63,188622
8370,8.3e-05,172.31.40.0-255,66,7771,63,188622
8371,8.6e-05,74.125.24.0-255,1484,9255,63,188622
8372,8.8e-05,172.31.40.0-255,66,9321,63,188622
8373,0.000126,172.31.40.0-255,66,9387,63,188622
8374,0.000143,74.125.24.0-255,2902,12289,63,188622
8375,0.000145,172.31.40.0-255,66,12355,63,188622
8376,0.000163,74.125.24.0-255,2543,14898,63,188622
8377,0.000165,172.31.40.0-255,66,14964,63,188622
8378,0.000218,74.125.24.0-255,1484,16448,63,188622
8379,0.000222,172.31.40.0-255,66,16514,63,188622
8380,0.000227,74.125.24.0-255,2902,19416,63,188622
8381,0.000229,172.31.40.0-255,66,19482,63,188622
8382,0.000235,74.125.24.0-255,4320,23802,63,188622
8383,0.000237,172.31.40.0-255,66,23868,63,188622
8384,0.000257,74.125.24.0-255,1484,25352,63,188622
8385,0.000259,172.31.40.0-255,66,25418,63,188622
8386,0.000265,74.125.24.0-255,4320,29738,63,188622
8387,0.000267,172.31.40.0-255,66,29804,63,188622
8388,0.000286,74.125.24.0-255,7156,36960,63,188622
8389,0.000289,172.31.40.0-255,66,37026,63,188622
8390,0.00031,74.125.24.0-255,5379,42405,63,188622
8391,0.000313,172.31.40.0-255,66,42471,63,188622
8392,0.000335,74.125.24.0-255,7072,49543,63,188622
8393,0.000338,172.31.40.0-255,66,49609,63,188622
8394,0.000403,74.125.24.0-255,1484,51093,63,188622
8395,0.000424,74.125.24.0-255,3217,54310,63,188622
8396,0.000427,172.31.40.0-255,66,54376,63,188622
8397,0.000434,74.125.24.0-255,5738,60114,63,188622
8398,0.000436,172.31.40.0-255,66,60180,63,188622
8399,0.000457,74.125.24.0-255,6797,66977,63,188622
8400,0.00046,172.31.40.0-255,66,67043,63,188622
8401,0.000502,74.125.24.0-255,7156,74199,63,188622
8402,0.000504,172.31.40.0-255,66,74265,63,188622
8403,0.000511,74.125.24.0-255,5738,80003,63,188622
8404,0.000513,172.31.40.0-255,66,80069,63,188622
8405,0.000528,74.125.24.0-255,3961,84030,63,188622
8406,0.000531,172.31.40.0-255,66,84096,63,188622
8407,0.000712,74.125.24.0-255,1484,85580,63,188622
8408,0.000719,74.125.24.0-255,2902,88482,63,188622
8409,0.000723,172.31.40.0-255,66,88548,63,188622
8410,0.000746,74.125.24.0-255,5738,94286,63,188622
8411,0.000749,172.31.40.0-255,66,94352,63,188622
8412,0.000781,172.31.40.0-255,66,94418,63,188622
8413,0.000812,172.31.40.0-255,66,94484,63,188622
8414,0.000835,74.125.24.0-255,3052,97536,63,188622
8415,0.000837,172.31.40.0-255,66,97602,63,188622
8416,0.00085,172.31.40.0-255,66,97668,63,188622
8417,0.000893,172.31.40.0-255,66,97734,63,188622
8418,0.000912,74.125.24.0-255,6438,104172,63,188622
8419,0.000915,172.31.40.0-255,66,104238,63,188622
8420,0.000935,74.125.24.0-255,1484,105722,63,188622
8421,0.000949,74.125.24.0-255,2902,108624,63,188622
8422,0.000952,172.31.40.0-255,66,108690,63,188622
8423,0.000973,74.125.24.0-255,5738,114428,63,188622
8424,0.000976,172.31.40.0-255,66,114494,63,188622
8425,0.00098,74.125.24.0-255,1484,115978,63,188622
8426,0.001004,172.31.40.0-255,66,116044,63,188622
8427,0.001007,74.125.24.0-255,1484,117528,63,188622
8428,0.001035,172.31.40.0-255,66,117594,63,188622
8429,0.001042,74.125.24.0-255,7156,124750,63,188622
8430,0.001045,172.31.40.0-255,66,124816,63,188622
8431,0.001069,74.125.24.0-255,4320,129136,63,188622
8432,0.001072,172.31.40.0-255,66,129202,63,188622
8433,0.001108,172.31.40.0-255,66,129268,63,188622
8434,0.001374,74.125.24.0-255,1484,130752,63,188622
8435,0.001381,74.125.24.0-255,2902,133654,63,188622
8436,0.001386,172.31.40.0-255,66,133720,63,188622
8437,0.00139,74.125.24.0-255,1484,135204,63,188622
8438,0.001412,74.125.24.0-255,4320,139524,63,188622
8439,0.001415,172.31.40.0-255,66,139590,63,188622
8440,0.00142,74.125.24.0-255,4320,143910,63,188622
8441,0.001423,172.31.40.0-255,66,143976,63,188622
8442,0.001452,172.31.40.0-255,66,144042,63,188622
8443,0.001464,172.31.40.0-255,66,144108,63,188622
8444,0.001515,74.125.24.0-255,2184,146292,63,188622
8445,0.001518,172.31.40.0-255,66,146358,63,188622
8446,0.001522,74.125.24.0-255,2902,149260,63,188622
8447,0.001524,172.31.40.0-255,66,149326,63,188622
8448,0.001529,74.125.24.0-255,2902,152228,63,188622
8449,0.001532,172.31.40.0-255,66,152294,63,188622
8450,0.001563,74.125.24.0-255,7156,159450,63,188622
8451,0.001565,172.31.40.0-255,66,159516,63,188622
8452,0.001576,172.31.40.0-255,66,159582,63,188622
8453,0.001592,74.125.24.0-255,7156,166738,63,188622
8454,0.001595,172.31.40.0-255,66,166804,63,188622
8455,0.001601,74.125.24.0-255,5020,171824,63,188622
8456,0.001604,172.31.40.0-255,66,171890,63,188622
8457,0.001636,74.125.24.0-255,4320,176210,63,188622
8458,0.001638,172.31.40.0-255,66,176276,63,188622
8459,0.001674,172.31.40.0-255,66,176342,63,188622
8460,0.001686,172.31.40.0-255,66,176408,63,188622
8461,0.00172,74.125.24.0-255,7156,183564,63,188622
8462,0.001723,172.31.40.0-255,66,183630,63,188622
8463,0.001764,172.31.40.0-255,66,183696,63,188622
8464,0.001778,172.31.40.0-255,66,183762,63,188622
8465,0.001813,172.31.40.0-255,66,183828,63,188622
8466,0.001818,74.125.24.0-255,4320,188148,63,188622
8467,0.00182,172.31.40.0-255,66,188214,63,188622
8468,0.001841,172.31.40.0-255,66,188280,63,188622
8469,0.001843,74.125.24.0-255,105,188385,63,188622
8470,0.009865,172.31.40.0-255,66,188451,63,188622
8471,0.009907,172.31.40.0-255,105,188556,63,188622
8472,0.012157,74.125.24.0-255,66,188622,63,188622
8473,0.0,74.125.24.0-255,153,153,63,178013
8474,3.6e-05,172.31.40.0-255,66,219,63,178013
8475,4.3e-05,74.125.24.0-255,1484,1703,63,178013
8476,4.8e-05,172.31.40.0-255,66,1769,63,178013
8477,5.3e-05,74.125.24.0-255,2902,4671,63,178013
8478,5.6e-05,172.31.40.0-255,66,4737,63,178013
8479,6.2e-05,74.125.24.0-255,7156,11893,63,178013
8480,6.5e-05,172.31.40.0-255,66,11959,63,178013
8481,7e-05,74.125.24.0-255,2065,14024,63,178013
8482,7.2e-05,172.31.40.0-255,66,14090,63,178013
8483,0.000113,74.125.24.0-255,2902,16992,63,178013
8484,0.000116,172.31.40.0-255,66,17058,63,178013
8485,0.000123,74.125.24.0-255,7156,24214,63,178013
8486,0.000125,172.31.40.0-255,66,24280,63,178013
8487,0.000174,74.125.24.0-255,4320,28600,63,178013
8488,0.000177,172.31.40.0-255,66,28666,63,178013
8489,0.000198,74.125.24.0-255,2543,31209,63,178013
8490,0.0002,172.31.40.0-255,66,31275,63,178013
8491,0.000264,74.125.24.0-255,1484,32759,63,178013
8492,0.000267,172.31.40.0-255,66,32825,63,178013
8493,0.00027,74.125.24.0-255,1484,34309,63,178013
8494,0.000272,172.31.40.0-255,66,34375,63,178013
8495,0.000292,74.125.24.0-255,1484,35859,63,178013
8496,0.000294,172.31.40.0-255,66,35925,63,178013
8497,0.0003,74.125.24.0-255,5738,41663,63,178013
8498,0.000302,172.31.40.0-255,66,41729,63,178013
8499,0.000367,172.31.40.0-255,66,41795,63,178013
8500,0.000397,172.31.40.0-255,66,41861,63,178013
8501,0.0004,74.125.24.0-255,376,42237,63,178013
8502,0.000405,172.31.40.0-255,66,42303,63,178013
8503,0.000648,74.125.24.0-255,1484,43787,63,178013
8504,0.000651,74.125.24.0-255,1484,45271,63,178013
8505,0.000655,172.31.40.0-255,66,45337,63,178013
8506,0.000661,74.125.24.0-255,1484,46821,63,178013
8507,0.000668,74.125.24.0-255,5738,52559,63,178013
8508,0.000671,172.31.40.0-255,66,52625,63,178013
8509,0.000677,74.125.24.0-255,5738,58363,63,178013
8510,0.00068,172.31.40.0-255,66,58429,63,178013
8511,0.000735,172.31.40.0-255,66,58495,63,178013
8512,0.00074,74.125.24.0-255,5020,63515,63,178013
8513,0.000743,172.31.40.0-255,66,63581,63,178013
8514,0.000969,74.125.24.0-255,1484,65065,63,178013
8515,0.000975,74.125.24.0-255,1484,66549,63,178013
8516,0.000978,172.31.40.0-255,66,66615,63,178013
8517,0.00099,74.125.24.0-255,1484,68099,63,178013
8518,0.000996,74.125.24.0-255,4320,72419,63,178013
8519,0.001,172.31.40.0-255,66,72485,63,178013
8520,0.001005,74.125.24.0-255,1484,73969,63,178013
8521,0.001031,74.125.24.0-255,7156,81125,63,178013
8522,0.001034,172.31.40.0-255,66,81191,63,178013
8523,0.001061,74.125.24.0-255,5738,86929,63,178013
8524,0.001064,172.31.40.0-255,66,86995,63,178013
8525,0.001076,172.31.40.0-255,66,87061,63,178013
8526,0.001697,74.125.24.0-255,1484,88545,63,178013
8527,0.001707,74.125.24.0-255,2902,91447,63,178013
8528,0.001712,172.31.40.0-255,66,91513,63,178013
8529,0.00172,74.125.24.0-255,5738,97251,63,178013
8530,0.001722,172.31.40.0-255,66,97317,63,178013
8531,0.001726,74.125.24.0-255,1484,98801,63,178013
8532,0.001744,74.125.24.0-255,7156,105957,63,178013
8533,0.001747,172.31.40.0-255,66,106023,63,178013
8534,0.001788,74.125.24.0-255,2902,108925,63,178013
8535,0.001792,172.31.40.0-255,66,108991,63,178013
8536,0.001825,172.31.40.0-255,66,109057,63,178013
8537,0.001891,74.125.24.0-255,1484,110541,63,178013
8538,0.001896,74.125.24.0-255,2902,113443,63,178013
8539,0.001899,172.31.40.0-255,66,113509,63,178013
8540,0.001911,74.125.24.0-255,2902,116411,63,178013
8541,0.001914,172.31.40.0-255,66,116477,63,178013
8542,0.001931,74.125.24.0-255,2902,119379,63,178013
8543,0.001933,172.31.40.0-255,66,119445,63,178013
8544,0.001936,74.125.24.0-255,1484,120929,63,178013
8545,0.001968,172.31.40.0-255,66,120995,63,178013
8546,0.001981,172.31.40.0-255,66,121061,63,178013
8547,0.001994,172.31.40.0-255,66,121127,63,178013
8548,0.002037,74.125.24.0-255,7156,128283,63,178013
8549,0.002042,172.31.40.0-255,66,128349,63,178013
8550,0.002079,172.31.40.0-255,66,128415,63,178013
8551,0.002495,74.125.24.0-255,1484,129899,63,178013
8552,0.002503,74.125.24.0-255,2902,132801,63,178013
8553,0.002506,172.31.40.0-255,66,132867,63,178013
8554,0.002513,74.125.24.0-255,5738,138605,63,178013
8555,0.002515,172.31.40.0-255,66,138671,63,178013
8556,0.002551,172.31.40.0-255,66,138737,63,178013
8557,0.002569,74.125.24.0-255,4320,143057,63,178013
8558,0.002572,172.31.40.0-255,66,143123,63,178013
8559,0.002594,172.31.40.0-255,66,143189,63,178013
8560,0.005187,74.125.24.0-255,5738,148927,63,178013
8561,0.005198,172.31.40.0-255,66,148993,63,178013
8562,0.007776,74.125.24.0-255,5738,154731,63,178013
8563,0.007781,172.31.40.0-255,66,154797,63,178013
8564,0.010357,74.125.24.0-255,5738,160535,63,178013
8565,0.010363,172.31.40.0-255,66,160601,63,178013
8566,0.012936,74.125.24.0-255,5738,166339,63,178013
8567,0.012942,172.31.40.0-255,66,166405,63,178013
8568,0.015548,74.125.24.0-255,5738,172143,63,178013
8569,0.015562,172.31.40.0-255,66,172209,63,178013
8570,0.018143,74.125.24.0-255,5738,177947,63,178013
8571,0.018157,172.31.40.0-255,66,178013,63,178013
8572,0.0,74.125.200.0-255,153,153,63,174424
8573,1.6e-05,172.31.40.0-255,66,219,63,174424
8574,2.3e-05,74.125.200.0-255,1484,1703,63,174424
8575,2.6e-05,172.31.40.0-255,66,1769,63,174424
8576,6.3e-05,74.125.200.0-255,2902,4671,63,174424
8577,6.6e-05,172.31.40.0-255,66,4737,63,174424
8578,7.1e-05,74.125.200.0-255,2902,7639,63,174424
8579,7.3e-05,172.31.40.0-255,66,7705,63,174424
8580,0.000106,74.125.200.0-255,6290,13995,63,174424
8581,0.000109,172.31.40.0-255,66,14061,63,174424
8582,0.000953,74.125.200.0-255,1484,15545,63,174424
8583,0.00096,172.31.40.0-255,66,15611,63,174424
8584,0.000968,74.125.200.0-255,2902,18513,63,174424
8585,0.000971,172.31.40.0-255,66,18579,63,174424
8586,0.000984,74.125.200.0-255,4320,22899,63,174424
8587,0.000986,172.31.40.0-255,66,22965,63,174424
8588,0.001012,74.125.200.0-255,1484,24449,63,174424
8589,0.001015,172.31.40.0-255,66,24515,63,174424
8590,0.001051,74.125.200.0-255,6797,31312,63,174424
8591,0.001054,172.31.40.0-255,66,31378,63,174424
8592,0.001066,172.31.40.0-255,66,31444,63,174424
8593,0.001081,172.31.40.0-255,66,31510,63,174424
8594,0.001694,74.125.200.0-255,1484,32994,63,174424
8595,0.0017,172.31.40.0-255,66,33060,63,174424
8596,0.001707,74.125.200.0-255,2902,35962,63,174424
8597,0.00171,172.31.40.0-255,66,36028,63,174424
8598,0.001712,74.125.200.0-255,1484,37512,63,174424
8599,0.001714,172.31.40.0-255,66,37578,63,174424
8600,0.001725,74.125.200.0-255,2902,40480,63,174424
8601,0.001728,172.31.40.0-255,66,40546,63,174424
8602,0.00176,74.125.200.0-255,5738,46284,63,174424
8603,0.001767,172.31.40.0-255,66,46350,63,174424
8604,0.001773,74.125.200.0-255,5379,51729,63,174424
8605,0.001776,172.31.40.0-255,66,51795,63,174424
8606,0.001779,74.125.200.0-255,1484,53279,63,174424
8607,0.001808,74.125.200.0-255,4320,57599,63,174424
8608,0.001811,172.31.40.0-255,66,57665,63,174424
8609,0.001815,74.125.200.0-255,1484,59149,63,174424
8610,0.001839,172.31.40.0-255,66,59215,63,174424
8611,0.00211,74.125.200.0-255,1484,60699,63,174424
8612,0.002123,74.125.200.0-255,1484,62183,63,174424
8613,0.002126,172.31.40.0-255,66,62249,63,174424
8614,0.002143,74.125.200.0-255,1484,63733,63,174424
8615,0.002148,74.125.200.0-255,2902,66635,63,174424
8616,0.00215,172.31.40.0-255,66,66701,63,174424
8617,0.00218,74.125.200.0-255,2902,69603,63,174424
8618,0.002183,172.31.40.0-255,66,69669,63,174424
8619,0.002191,74.125.200.0-255,6797,76466,63,174424
8620,0.002193,172.31.40.0-255,66,76532,63,174424
8621,0.00228,74.125.200.0-255,1484,78016,63,174424
8622,0.002297,74.125.200.0-255,2902,80918,63,174424
8623,0.002299,172.31.40.0-255,66,80984,63,174424
8624,0.002302,74.125.200.0-255,1484,82468,63,174424
8625,0.002327,74.125.200.0-255,4320,86788,63,174424
8626,0.00233,172.31.40.0-255,66,86854,63,174424
8627,0.002366,74.125.200.0-255,1484,88338,63,174424
8628,0.002389,74.125.200.0-255,4320,92658,63,174424
8629,0.002392,172.31.40.0-255,66,92724,63,174424
8630,0.002399,74.125.200.0-255,7156,99880,63,174424
8631,0.002402,172.31.40.0-255,66,99946,63,174424
8632,0.002418,172.31.40.0-255,66,100012,63,174424
8633,0.002443,74.125.200.0-255,766,100778,63,174424
8634,0.002458,74.125.200.0-255,1484,102262,63,174424
8635,0.002461,172.31.40.0-255,66,102328,63,174424
8636,0.002474,74.125.200.0-255,1484,103812,63,174424
8637,0.002494,74.125.200.0-255,2902,106714,63,174424
8638,0.002497,172.31.40.0-255,66,106780,63,174424
8639,0.002504,74.125.200.0-255,5738,112518,63,174424
8640,0.002506,172.31.40.0-255,66,112584,63,174424
8641,0.002539,172.31.40.0-255,66,112650,63,174424
8642,0.002558,74.125.200.0-255,2902,115552,63,174424
8643,0.002561,172.31.40.0-255,66,115618,63,174424
8644,0.002566,74.125.200.0-255,4320,119938,63,174424
8645,0.002568,172.31.40.0-255,66,120004,63,174424
8646,0.0026,74.125.200.0-255,6438,126442,63,174424
8647,0.002607,172.31.40.0-255,66,126508,63,174424
8648,0.002643,74.125.200.0-255,7156,133664,63,174424
8649,0.002646,172.31.40.0-255,66,133730,63,174424
8650,0.00268,74.125.200.0-255,7156,140886,63,174424
8651,0.002683,172.31.40.0-255,66,140952,63,174424
8652,0.005322,74.125.200.0-255,5738,146690,63,174424
8653,0.005329,172.31.40.0-255,66,146756,63,174424
8654,0.007977,74.125.200.0-255,5738,152494,63,174424
8655,0.007986,172.31.40.0-255,66,152560,63,174424
8656,0.01062,74.125.200.0-255,5738,158298,63,174424
8657,0.010629,172.31.40.0-255,66,158364,63,174424
8658,0.013312,74.125.200.0-255,4320,162684,63,174424
8659,0.013321,172.31.40.0-255,66,162750,63,174424
8660,0.013353,74.125.200.0-255,1484,164234,63,174424
8661,0.015967,74.125.200.0-255,4320,168554,63,174424
8662,0.015976,172.31.40.0-255,66,168620,63,174424
8663,0.018605,74.125.200.0-255,5738,174358,63,174424
8664,0.018612,172.31.40.0-255,66,174424,63,174424
8665,0.0,74.125.68.0-255,143,143,63,274511
8666,1.8e-05,172.31.40.0-255,66,209,63,274511
8667,2.5e-05,74.125.68.0-255,1484,1693,63,274511
8668,3e-05,172.31.40.0-255,66,1759,63,274511
8669,4.3e-05,74.125.68.0-255,2902,4661,63,274511
8670,4.7e-05,172.31.40.0-255,66,4727,63,274511
8671,5.3e-05,74.125.68.0-255,4320,9047,63,274511
8672,5.6e-05,172.31.40.0-255,66,9113,63,274511
8673,9e-05,74.125.68.0-255,4901,14014,63,274511
8674,9.4e-05,172.31.40.0-255,66,14080,63,274511
8675,0.000133,172.31.40.0-255,66,14146,63,274511
8676,0.000163,74.125.68.0-255,6797,20943,63,274511
8677,0.000166,172.31.40.0-255,66,21009,63,274511
8678,0.000236,74.125.68.0-255,1484,22493,63,274511
8679,0.00024,172.31.40.0-255,66,22559,63,274511
8680,0.000245,74.125.68.0-255,2902,25461,63,274511
8681,0.000247,172.31.40.0-255,66,25527,63,274511
8682,0.000273,74.125.68.0-255,4320,29847,63,274511
8683,0.000279,172.31.40.0-255,66,29913,63,274511
8684,0.000314,172.31.40.0-255,66,29979,63,274511
8685,0.00036,74.125.68.0-255,4320,34299,63,274511
8686,0.000363,172.31.40.0-255,66,34365,63,274511
8687,0.000394,74.125.68.0-255,5738,40103,63,274511
8688,0.000398,172.31.40.0-255,66,40169,63,274511
8689,0.000401,74.125.68.0-255,1484,41653,63,274511
8690,0.000402,172.31.40.0-255,66,41719,63,274511
8691,0.000436,74.125.68.0-255,4320,46039,63,274511
8692,0.000439,172.31.40.0-255,66,46105,63,274511
8693,0.000462,74.125.68.0-255,1438,47543,63,274511
8694,0.000464,172.31.40.0-255,66,47609,63,274511
8695,0.00049,74.125.68.0-255,110,47719,63,274511
8696,0.000549,74.125.68.0-255,1484,49203,63,274511
8697,0.000553,172.31.40.0-255,66,49269,63,274511
8698,0.000557,74.125.68.0-255,1484,50753,63,274511
8699,0.00058,74.125.68.0-255,1484,52237,63,274511
8700,0.000583,172.31.40.0-255,66,52303,63,274511
8701,0.00059,74.125.68.0-255,5738,58041,63,274511
8702,0.000592,172.31.40.0-255,66,58107,63,274511
8703,0.000625,172.31.40.0-255,66,58173,63,274511
8704,0.000666,172.31.40.0-255,66,58239,63,274511
8705,0.000671,74.125.68.0-255,2184,60423,63,274511
8706,0.000674,172.31.40.0-255,66,60489,63,274511
8707,0.000694,74.125.68.0-255,330,60819,63,274511
8708,0.000804,74.125.68.0-255,1484,62303,63,274511
8709,0.000809,172.31.40.0-255,66,62369,63,274511
8710,0.000814,74.125.68.0-255,2902,65271,63,274511
8711,0.000817,172.31.40.0-255,66,65337,63,274511
8712,0.000859,74.125.68.0-255,5738,71075,63,274511
8713,0.000862,172.31.40.0-255,66,71141,63,274511
8714,0.000879,74.125.68.0-255,1484,72625,63,274511
8715,0.000884,74.125.68.0-255,2902,75527,63,274511
8716,0.000887,172.31.40.0-255,66,75593,63,274511
8717,0.000916,74.125.68.0-255,5738,81331,63,274511
8718,0.000919,172.31.40.0-255,66,81397,63,274511
8719,0.000923,74.125.68.0-255,2902,84299,63,274511
8720,0.000925,172.31.40.0-255,66,84365,63,274511
8721,0.00096,74.125.68.0-255,4320,88685,63,274511
8722,0.000963,172.31.40.0-255,66,88751,63,274511
8723,0.000966,74.125.68.0-255,1484,90235,63,274511
8724,0.000971,74.125.68.0-255,2902,93137,63,274511
8725,0.000973,172.31.40.0-255,66,93203,63,274511
8726,0.00103,74.125.68.0-255,2184,95387,63,274511
8727,0.001033,172.31.40.0-255,66,95453,63,274511
8728,0.001142,74.125.68.0-255,1484,96937,63,274511
8729,0.001155,74.125.68.0-255,2902,99839,63,274511
8730,0.001159,172.31.40.0-255,66,99905,63,274511
8731,0.001162,74.125.68.0-255,1484,101389,63,274511
8732,0.001185,74.125.68.0-255,2902,104291,63,274511
8733,0.001187,172.31.40.0-255,66,104357,63,274511
8734,0.001215,74.125.68.0-255,5738,110095,63,274511
8735,0.001218,172.31.40.0-255,66,110161,63,274511
8736,0.001225,74.125.68.0-255,4320,114481,63,274511
8737,0.001227,172.31.40.0-255,66,114547,63,274511
8738,0.001232,74.125.68.0-255,4320,118867,63,274511
8739,0.001234,172.31.40.0-255,66,118933,63,274511
8740,0.001258,74.125.68.0-255,1484,120417,63,274511
8741,0.001289,172.31.40.0-255,66,120483,63,274511
8742,0.00136,74.125.68.0-255,1484,121967,63,274511
8743,0.001378,74.125.68.0-255,2902,124869,63,274511
8744,0.001381,172.31.40.0-255,66,124935,63,274511
8745,0.001407,74.125.68.0-255,4320,129255,63,274511
8746,0.001411,172.31.40.0-255,66,129321,63,274511
8747,0.001439,74.125.68.0-255,1484,130805,63,274511
8748,0.001457,74.125.68.0-255,2902,133707,63,274511
8749,0.001461,172.31.40.0-255,66,133773,63,274511
8750,0.001467,74.125.68.0-255,5738,139511,63,274511
8751,0.001469,172.31.40.0-255,66,139577,63,274511
8752,0.001473,74.125.68.0-255,2902,142479,63,274511
8753,0.00148,172.31.40.0-255,66,142545,63,274511
8754,0.001485,74.125.68.0-255,2902,145447,63,274511
8755,0.001488,172.31.40.0-255,66,145513,63,274511
8756,0.001511,74.125.68.0-255,1484,146997,63,274511
8757,0.001543,172.31.40.0-255,66,147063,63,274511
8758,0.001585,74.125.68.0-255,1484,148547,63,274511
8759,0.001644,74.125.68.0-255,1484,150031,63,274511
8760,0.001648,172.31.40.0-255,66,150097,63,274511
8761,0.001677,74.125.68.0-255,1484,151581,63,274511
8762,0.001681,74.125.68.0-255,1484,153065,63,274511
8763,0.001683,172.31.40.0-255,66,153131,63,274511
8764,0.001706,74.125.68.0-255,1484,154615,63,274511
8765,0.001713,74.125.68.0-255,5738,160353,63,274511
8766,0.001715,172.31.40.0-255,66,160419,63,274511
8767,0.00175,172.31.40.0-255,66,160485,63,274511
8768,0.001775,74.125.68.0-255,5738,166223,63,274511
8769,0.001781,172.31.40.0-255,66,166289,63,274511
8770,0.001808,74.125.68.0-255,4320,170609,63,274511
8771,0.00181,172.31.40.0-255,66,170675,63,274511
8772,0.001815,74.125.68.0-255,2184,172859,63,274511
8773,0.001817,172.31.40.0-255,66,172925,63,274511
8774,0.001821,74.125.68.0-255,2902,175827,63,274511
8775,0.001824,172.31.40.0-255,66,175893,63,274511
8776,0.001831,74.125.68.0-255,7156,183049,63,274511
8777,0.001834,172.31.40.0-255,66,183115,63,274511
8778,0.001846,74.125.68.0-255,7156,190271,63,274511
8779,0.001849,172.31.40.0-255,66,190337,63,274511
8780,0.001852,74.125.68.0-255,1484,191821,63,274511
8781,0.001886,74.125.68.0-255,7156,198977,63,274511
8782,0.001889,172.31.40.0-255,66,199043,63,274511
8783,0.001892,74.125.68.0-255,1484,200527,63,274511
8784,0.001916,74.125.68.0-255,2902,203429,63,274511
8785,0.001919,172.31.40.0-255,66,203495,63,274511
8786,0.001939,74.125.68.0-255,3602,207097,63,274511
8787,0.001942,172.31.40.0-255,66,207163,63,274511
8788,0.001987,74.125.68.0-255,1484,208647,63,274511
8789,0.002008,74.125.68.0-255,2902,211549,63,274511
8790,0.00201,172.31.40.0-255,66,211615,63,274511
8791,0.002017,74.125.68.0-255,5738,217353,63,274511
8792,0.00202,172.31.40.0-255,66,217419,63,274511
8793,0.002023,74.125.68.0-255,1484,218903,63,274511
8794,0.002039,74.125.68.0-255,1484,220387,63,274511
8795,0.002042,172.31.40.0-255,66,220453,63,274511
8796,0.002047,74.125.68.0-255,4320,224773,63,274511
8797,0.002049,172.31.40.0-255,66,224839,63,274511
8798,0.002092,172.31.40.0-255,66,224905,63,274511
8799,0.002098,74.125.68.0-255,5738,230643,63,274511
8800,0.0021,172.31.40.0-255,66,230709,63,274511
8801,0.00214,74.125.68.0-255,2184,232893,63,274511
8802,0.002143,172.31.40.0-255,66,232959,63,274511
8803,0.004414,74.125.68.0-255,2902,235861,63,274511
8804,0.004421,172.31.40.0-255,66,235927,63,274511
8805,0.004455,74.125.68.0-255,2902,238829,63,274511
8806,0.004457,172.31.40.0-255,66,238895,63,274511
8807,0.006718,74.125.68.0-255,2902,241797,63,274511
8808,0.006723,172.31.40.0-255,66,241863,63,274511
8809,0.006776,74.125.68.0-255,2902,244765,63,274511
8810,0.006779,172.31.40.0-255,66,244831,63,274511
8811,0.009027,74.125.68.0-255,2902,247733,63,274511
8812,0.009034,172.31.40.0-255,66,247799,63,274511
8813,0.009079,74.125.68.0-255,2902,250701,63,274511
8814,0.009082,172.31.40.0-255,66,250767,63,274511
8815,0.011334,74.125.68.0-255,2902,253669,63,274511
8816,0.011341,172.31.40.0-255,66,253735,63,274511
8817,0.011381,74.125.68.0-255,2902,256637,63,274511
8818,0.011383,172.31.40.0-255,66,256703,63,274511
8819,0.013653,74.125.68.0-255,2902,259605,63,274511
8820,0.013661,172.31.40.0-255,66,259671,63,274511
8821,0.013692,74.125.68.0-255,2902,262573,63,274511
8822,0.013695,172.31.40.0-255,66,262639,63,274511
8823,0.015971,74.125.68.0-255,2902,265541,63,274511
8824,0.015979,172.31.40.0-255,66,265607,63,274511
8825,0.016001,74.125.68.0-255,2902,268509,63,274511
8826,0.016008,172.31.40.0-255,66,268575,63,274511
8827,0.018291,74.125.68.0-255,2902,271477,63,274511
8828,0.018299,172.31.40.0-255,66,271543,63,274511
8829,0.01833,74.125.68.0-255,2902,274445,63,274511
8830,0.018333,172.31.40.0-255,66,274511,63,274511
8831,0.0,172.253.118.0-255,153,153,63,174115
8832,2e-05,172.31.40.0-255,66,219,63,174115
8833,2.8e-05,172.253.118.0-255,1484,1703,63,174115
8834,3.2e-05,172.31.40.0-255,66,1769,63,174115
8835,3.8e-05,172.253.118.0-255,2902,4671,63,174115
8836,4.2e-05,172.31.40.0-255,66,4737,63,174115
8837,4.4e-05,172.253.118.0-255,1484,6221,63,174115
8838,5.5e-05,172.31.40.0-255,66,6287,63,174115
8839,6.3e-05,172.253.118.0-255,5738,12025,63,174115
8840,6.6e-05,172.31.40.0-255,66,12091,63,174115
8841,0.000102,172.253.118.0-255,7156,19247,63,174115
8842,0.000105,172.31.40.0-255,66,19313,63,174115
8843,0.000126,172.253.118.0-255,6394,25707,63,174115
8844,0.000129,172.31.40.0-255,66,25773,63,174115
8845,0.000145,172.31.40.0-255,66,25839,63,174115
8846,0.000148,172.253.118.0-255,1484,27323,63,174115
8847,0.00015,172.31.40.0-255,66,27389,63,174115
8848,0.000187,172.253.118.0-255,6438,33827,63,174115
8849,0.00019,172.31.40.0-255,66,33893,63,174115
8850,0.000193,172.253.118.0-255,1484,35377,63,174115
8851,0.000195,172.31.40.0-255,66,35443,63,174115
8852,0.000242,172.253.118.0-255,2902,38345,63,174115
8853,0.000244,172.31.40.0-255,66,38411,63,174115
8854,0.000251,172.253.118.0-255,5738,44149,63,174115
8855,0.000253,172.31.40.0-255,66,44215,63,174115
8856,0.000279,172.253.118.0-255,7066,51281,63,174115
8857,0.000282,172.31.40.0-255,66,51347,63,174115
8858,0.000516,172.253.118.0-255,386,51733,63,174115
8859,0.000522,172.31.40.0-255,66,51799,63,174115
8860,0.000703,172.253.118.0-255,1484,53283,63,174115
8861,0.000707,172.31.40.0-255,66,53349,63,174115
8862,0.000712,172.253.118.0-255,2902,56251,63,174115
8863,0.000715,172.31.40.0-255,66,56317,63,174115
8864,0.000726,172.253.118.0-255,4320,60637,63,174115
8865,0.00073,172.31.40.0-255,66,60703,63,174115
8866,0.00076,172.253.118.0-255,1484,62187,63,174115
8867,0.000774,172.31.40.0-255,66,62253,63,174115
8868,0.000816,172.31.40.0-255,66,62319,63,174115
8869,0.001102,172.253.118.0-255,1484,63803,63,174115
8870,0.001118,172.253.118.0-255,2902,66705,63,174115
8871,0.001122,172.31.40.0-255,66,66771,63,174115
8872,0.001126,172.253.118.0-255,1484,68255,63,174115
8873,0.001151,172.253.118.0-255,4320,72575,63,174115
8874,0.001154,172.31.40.0-255,66,72641,63,174115
8875,0.001182,172.253.118.0-255,1484,74125,63,174115
8876,0.001187,172.253.118.0-255,2902,77027,63,174115
8877,0.00119,172.31.40.0-255,66,77093,63,174115
8878,0.001197,172.253.118.0-255,5738,82831,63,174115
8879,0.001199,172.31.40.0-255,66,82897,63,174115
8880,0.001206,172.253.118.0-255,1484,84381,63,174115
8881,0.001211,172.253.118.0-255,2902,87283,63,174115
8882,0.001213,172.31.40.0-255,66,87349,63,174115
8883,0.001252,172.253.118.0-255,5738,93087,63,174115
8884,0.001255,172.31.40.0-255,66,93153,63,174115
8885,0.001261,172.253.118.0-255,3602,96755,63,174115
8886,0.001263,172.31.40.0-255,66,96821,63,174115
8887,0.00164,172.253.118.0-255,1484,98305,63,174115
8888,0.001647,172.253.118.0-255,2902,101207,63,174115
8889,0.001651,172.31.40.0-255,66,101273,63,174115
8890,0.001657,172.253.118.0-255,2902,104175,63,174115
8891,0.001659,172.31.40.0-255,66,104241,63,174115
8892,0.001681,172.253.118.0-255,2902,107143,63,174115
8893,0.001688,172.31.40.0-255,66,107209,63,174115
8894,0.001702,172.31.40.0-255,66,107275,63,174115
8895,0.001733,172.31.40.0-255,66,107341,63,174115
8896,0.001763,172.253.118.0-255,2184,109525,63,174115
8897,0.001765,172.31.40.0-255,66,109591,63,174115
8898,0.001778,172.31.40.0-255,66,109657,63,174115
8899,0.001784,172.253.118.0-255,5738,115395,63,174115
8900,0.001786,172.31.40.0-255,66,115461,63,174115
8901,0.001821,172.253.118.0-255,5738,121199,63,174115
8902,0.001825,172.31.40.0-255,66,121265,63,174115
8903,0.001863,172.31.40.0-255,66,121331,63,174115
8904,0.001866,172.253.118.0-255,1484,122815,63,174115
8905,0.001869,172.253.118.0-255,1484,124299,63,174115
8906,0.001871,172.31.40.0-255,66,124365,63,174115
8907,0.00189,172.253.118.0-255,1484,125849,63,174115
8908,0.001903,172.253.118.0-255,5738,131587,63,174115
8909,0.001905,172.31.40.0-255,66,131653,63,174115
8910,0.001909,172.253.118.0-255,2902,134555,63,174115
8911,0.001911,172.31.40.0-255,66,134621,63,174115
8912,0.001958,172.31.40.0-255,66,134687,63,174115
8913,0.00197,172.31.40.0-255,66,134753,63,174115
8914,0.001977,172.253.118.0-255,7156,141909,63,174115
8915,0.00198,172.31.40.0-255,66,141975,63,174115
8916,0.002018,172.253.118.0-255,5738,147713,63,174115
8917,0.002021,172.31.40.0-255,66,147779,63,174115
8918,0.002048,172.253.118.0-255,2902,150681,63,174115
8919,0.002051,172.31.40.0-255,66,150747,63,174115
8920,0.00207,172.31.40.0-255,66,150813,63,174115
8921,0.002082,172.31.40.0-255,66,150879,63,174115
8922,0.002112,172.253.118.0-255,2184,153063,63,174115
8923,0.002115,172.31.40.0-255,66,153129,63,174115
8924,0.002125,172.253.118.0-255,5738,158867,63,174115
8925,0.002128,172.31.40.0-255,66,158933,63,174115
8926,0.002133,172.253.118.0-255,2902,161835,63,174115
8927,0.002135,172.31.40.0-255,66,161901,63,174115
8928,0.002187,172.31.40.0-255,66,161967,63,174115
8929,0.002211,172.31.40.0-255,66,162033,63,174115
8930,0.002222,172.31.40.0-255,66,162099,63,174115
8931,0.002256,172.253.118.0-255,7156,169255,63,174115
8932,0.00226,172.31.40.0-255,66,169321,63,174115
8933,0.002317,172.253.118.0-255,2184,171505,63,174115
8934,0.002321,172.31.40.0-255,66,171571,63,174115
8935,0.002324,172.31.40.0-255,66,171637,63,174115
8936,0.002327,172.31.40.0-255,66,171703,63,174115
8937,0.002382,172.31.40.0-255,66,171769,63,174115
8938,0.002393,172.31.40.0-255,66,171835,63,174115
8939,0.002397,172.253.118.0-255,1938,173773,63,174115
8940,0.0024,172.31.40.0-255,66,173839,63,174115
8941,0.002423,172.253.118.0-255,105,173944,63,174115
8942,0.018693,172.31.40.0-255,66,174010,63,174115
8943,0.018741,172.31.40.0-255,105,174115,63,174115
8944,0.0,74.125.68.0-255,143,143,63,160652
8945,1.8e-05,172.31.40.0-255,66,209,63,160652
8946,2.5e-05,74.125.68.0-255,1484,1693,63,160652
8947,3e-05,172.31.40.0-255,66,1759,63,160652
8948,3.8e-05,74.125.68.0-255,2902,4661,63,160652
8949,4.3e-05,172.31.40.0-255,66,4727,63,160652
8950,4.8e-05,74.125.68.0-255,2902,7629,63,160652
8951,5.2e-05,172.31.40.0-255,66,7695,63,160652
8952,5.8e-05,74.125.68.0-255,4320,12015,63,160652
8953,6e-05,172.31.40.0-255,66,12081,63,160652
8954,7.9e-05,74.125.68.0-255,1484,13565,63,160652
8955,8.1e-05,172.31.40.0-255,66,13631,63,160652
8956,0.000117,172.31.40.0-255,66,13697,63,160652
8957,0.00013,172.31.40.0-255,66,13763,63,160652
8958,0.000495,74.125.68.0-255,1484,15247,63,160652
8959,0.0005,172.31.40.0-255,66,15313,63,160652
8960,0.000522,74.125.68.0-255,1484,16797,63,160652
8961,0.000525,172.31.40.0-255,66,16863,63,160652
8962,0.00053,74.125.68.0-255,2902,19765,63,160652
8963,0.000532,172.31.40.0-255,66,19831,63,160652
8964,0.000536,74.125.68.0-255,1484,21315,63,160652
8965,0.000538,172.31.40.0-255,66,21381,63,160652
8966,0.000568,74.125.68.0-255,4320,25701,63,160652
8967,0.000571,172.31.40.0-255,66,25767,63,160652
8968,0.000577,74.125.68.0-255,4320,30087,63,160652
8969,0.000579,172.31.40.0-255,66,30153,63,160652
8970,0.000584,74.125.68.0-255,4320,34473,63,160652
8971,0.000587,172.31.40.0-255,66,34539,63,160652
8972,0.00061,74.125.68.0-255,1125,35664,63,160652
8973,0.000613,172.31.40.0-255,66,35730,63,160652
8974,0.000625,172.31.40.0-255,66,35796,63,160652
8975,0.000645,74.125.68.0-255,1484,37280,63,160652
8976,0.000657,74.125.68.0-255,1125,38405,63,160652
8977,0.000659,172.31.40.0-255,66,38471,63,160652
8978,0.000776,74.125.68.0-255,363,38834,63,160652
8979,0.00103,172.31.40.0-255,66,38900,63,160652
8980,0.001357,74.125.68.0-255,380,39280,63,160652
8981,0.001476,74.125.68.0-255,1484,40764,63,160652
8982,0.001481,172.31.40.0-255,66,40830,63,160652
8983,0.001487,74.125.68.0-255,2902,43732,63,160652
8984,0.001489,172.31.40.0-255,66,43798,63,160652
8985,0.001502,74.125.68.0-255,1484,45282,63,160652
8986,0.00152,74.125.68.0-255,4320,49602,63,160652
8987,0.001523,172.31.40.0-255,66,49668,63,160652
8988,0.001535,74.125.68.0-255,1484,51152,63,160652
8989,0.001555,74.125.68.0-255,6797,57949,63,160652
8990,0.001557,172.31.40.0-255,66,58015,63,160652
8991,0.001564,74.125.68.0-255,5738,63753,63,160652
8992,0.001566,172.31.40.0-255,66,63819,63,160652
8993,0.00158,74.125.68.0-255,2902,66721,63,160652
8994,0.001583,172.31.40.0-255,66,66787,63,160652
8995,0.001591,74.125.68.0-255,6797,73584,63,160652
8996,0.001593,172.31.40.0-255,66,73650,63,160652
8997,0.001762,74.125.68.0-255,1484,75134,63,160652
8998,0.001769,74.125.68.0-255,2902,78036,63,160652
8999,0.001772,172.31.40.0-255,66,78102,63,160652
9000,0.001795,74.125.68.0-255,4320,82422,63,160652
9001,0.001797,172.31.40.0-255,66,82488,63,160652
9002,0.001802,74.125.68.0-255,2902,85390,63,160652
9003,0.001805,172.31.40.0-255,66,85456,63,160652
9004,0.001821,74.125.68.0-255,2902,88358,63,160652
9005,0.001823,172.31.40.0-255,66,88424,63,160652
9006,0.001829,74.125.68.0-255,4320,92744,63,160652
9007,0.001831,172.31.40.0-255,66,92810,63,160652
9008,0.001852,74.125.68.0-255,7156,99966,63,160652
9009,0.001854,172.31.40.0-255,66,100032,63,160652
9010,0.001861,74.125.68.0-255,5738,105770,63,160652
9011,0.001863,172.31.40.0-255,66,105836,63,160652
9012,0.00189,74.125.68.0-255,2184,108020,63,160652
9013,0.001894,172.31.40.0-255,66,108086,63,160652
9014,0.002085,74.125.68.0-255,1484,109570,63,160652
9015,0.002093,74.125.68.0-255,2902,112472,63,160652
9016,0.002097,172.31.40.0-255,66,112538,63,160652
9017,0.002117,74.125.68.0-255,5738,118276,63,160652
9018,0.00212,172.31.40.0-255,66,118342,63,160652
9019,0.002143,74.125.68.0-255,1484,119826,63,160652
9020,0.00218,172.31.40.0-255,66,119892,63,160652
9021,0.002234,172.31.40.0-255,66,119958,63,160652
9022,0.004534,74.125.68.0-255,5738,125696,63,160652
9023,0.004541,172.31.40.0-255,66,125762,63,160652
9024,0.006838,74.125.68.0-255,5738,131500,63,160652
9025,0.006845,172.31.40.0-255,66,131566,63,160652
9026,0.009131,74.125.68.0-255,1484,133050,63,160652
9027,0.009155,74.125.68.0-255,4320,137370,63,160652
9028,0.009158,172.31.40.0-255,66,137436,63,160652
9029,0.01145,74.125.68.0-255,5738,143174,63,160652
9030,0.011457,172.31.40.0-255,66,143240,63,160652
9031,0.013758,74.125.68.0-255,5738,148978,63,160652
9032,0.013766,172.31.40.0-255,66,149044,63,160652
9033,0.016065,74.125.68.0-255,5738,154782,63,160652
9034,0.016074,172.31.40.0-255,66,154848,63,160652
9035,0.018367,74.125.68.0-255,5738,160586,63,160652
9036,0.018376,172.31.40.0-255,66,160652,63,160652
9037,0.0,172.217.194.0-255,154,154,63,211144
9038,1.5e-05,172.31.40.0-255,66,220,63,211144
9039,2.2e-05,172.217.194.0-255,1484,1704,63,211144
9040,2.7e-05,172.31.40.0-255,66,1770,63,211144
9041,3.3e-05,172.217.194.0-255,2902,4672,63,211144
9042,4.4e-05,172.31.40.0-255,66,4738,63,211144
9043,5.1e-05,172.217.194.0-255,7156,11894,63,211144
9044,5.4e-05,172.31.40.0-255,66,11960,63,211144
9045,9.1e-05,172.217.194.0-255,1994,13954,63,211144
9046,9.4e-05,172.31.40.0-255,66,14020,63,211144
9047,9.9e-05,172.217.194.0-255,2902,16922,63,211144
9048,0.000101,172.31.40.0-255,66,16988,63,211144
9049,0.000107,172.217.194.0-255,4320,21308,63,211144
9050,0.000109,172.31.40.0-255,66,21374,63,211144
9051,0.000134,172.217.194.0-255,2902,24276,63,211144
9052,0.000141,172.31.40.0-255,66,24342,63,211144
9053,0.000148,172.217.194.0-255,6797,31139,63,211144
9054,0.000151,172.31.40.0-255,66,31205,63,211144
9055,0.000176,172.217.194.0-255,5738,36943,63,211144
9056,0.000179,172.31.40.0-255,66,37009,63,211144
9057,0.000221,172.31.40.0-255,66,37075,63,211144
9058,0.000224,172.217.194.0-255,1125,38200,63,211144
9059,0.000226,172.31.40.0-255,66,38266,63,211144
9060,0.00025,172.217.194.0-255,4320,42586,63,211144
9061,0.000253,172.31.40.0-255,66,42652,63,211144
9062,0.000292,172.31.40.0-255,66,42718,63,211144
9063,0.000295,172.217.194.0-255,677,43395,63,211144
9064,0.000297,172.31.40.0-255,66,43461,63,211144
9065,0.000379,172.217.194.0-255,1484,44945,63,211144
9066,0.000382,172.31.40.0-255,66,45011,63,211144
9067,0.000387,172.217.194.0-255,2902,47913,63,211144
9068,0.00039,172.31.40.0-255,66,47979,63,211144
9069,0.000412,172.217.194.0-255,5738,53717,63,211144
9070,0.000415,172.31.40.0-255,66,53783,63,211144
9071,0.000444,172.217.194.0-255,2902,56685,63,211144
9072,0.000446,172.31.40.0-255,66,56751,63,211144
9073,0.000465,172.217.194.0-255,3961,60712,63,211144
9074,0.000468,172.31.40.0-255,66,60778,63,211144
9075,0.000473,172.217.194.0-255,4320,65098,63,211144
9076,0.000475,172.31.40.0-255,66,65164,63,211144
9077,0.000495,172.217.194.0-255,2902,68066,63,211144
9078,0.000498,172.31.40.0-255,66,68132,63,211144
9079,0.000515,172.31.40.0-255,66,68198,63,211144
9080,0.000777,172.217.194.0-255,1484,69682,63,211144
9081,0.000782,172.217.194.0-255,2902,72584,63,211144
9082,0.00079,172.31.40.0-255,66,72650,63,211144
9083,0.000805,172.217.194.0-255,5738,78388,63,211144
9084,0.000812,172.31.40.0-255,66,78454,63,211144
9085,0.000818,172.217.194.0-255,4320,82774,63,211144
9086,0.000821,172.31.40.0-255,66,82840,63,211144
9087,0.000859,172.31.40.0-255,66,82906,63,211144
9088,0.000876,172.31.40.0-255,66,82972,63,211144
9089,0.000935,172.217.194.0-255,1484,84456,63,211144
9090,0.000954,172.217.194.0-255,2902,87358,63,211144
9091,0.000957,172.31.40.0-255,66,87424,63,211144
9092,0.000984,172.217.194.0-255,5738,93162,63,211144
9093,0.000988,172.31.40.0-255,66,93228,63,211144
9094,0.001001,172.31.40.0-255,66,93294,63,211144
9095,0.001047,172.31.40.0-255,66,93360,63,211144
9096,0.001178,172.217.194.0-255,1484,94844,63,211144
9097,0.001189,172.217.194.0-255,2902,97746,63,211144
9098,0.001193,172.31.40.0-255,66,97812,63,211144
9099,0.001197,172.217.194.0-255,1484,99296,63,211144
9100,0.001229,172.217.194.0-255,4320,103616,63,211144
9101,0.001237,172.217.194.0-255,5738,109354,63,211144
9102,0.001254,172.217.194.0-255,5020,114374,63,211144
9103,0.001286,172.217.194.0-255,5738,120112,63,211144
9104,0.001303,172.217.194.0-255,5738,125850,63,211144
9105,0.001332,172.217.194.0-255,7156,133006,63,211144
9106,0.001369,172.217.194.0-255,2184,135190,63,211144
9107,0.001929,172.217.194.0-255,1484,136674,63,211144
9108,0.001936,172.217.194.0-255,2902,139576,63,211144
9109,0.001944,172.217.194.0-255,5738,145314,63,211144
9110,0.002028,172.217.194.0-255,1484,146798,63,211144
9111,0.002075,172.217.194.0-255,1484,148282,63,211144
9112,0.00208,172.217.194.0-255,2902,151184,63,211144
9113,0.002104,172.217.194.0-255,5738,156922,63,211144
9114,0.002107,172.217.194.0-255,1484,158406,63,211144
9115,0.002156,172.217.194.0-255,766,159172,63,211144
9116,0.00225,172.217.194.0-255,1484,160656,63,211144
9117,0.002268,172.217.194.0-255,2902,163558,63,211144
9118,0.002288,172.217.194.0-255,5738,169296,63,211144
9119,0.002295,172.217.194.0-255,5738,175034,63,211144
9120,0.002313,172.217.194.0-255,5738,180772,63,211144
9121,0.002343,172.217.194.0-255,2902,183674,63,211144
9122,0.002427,172.217.194.0-255,2184,185858,63,211144
9123,0.002431,172.217.194.0-255,2902,188760,63,211144
9124,0.002434,172.217.194.0-255,1484,190244,63,211144
9125,0.002452,172.217.194.0-255,5738,195982,63,211144
9126,0.002455,172.217.194.0-255,1484,197466,63,211144
9127,0.0025,172.217.194.0-255,2902,200368,63,211144
9128,0.002521,172.217.194.0-255,4320,204688,63,211144
9129,0.002542,172.217.194.0-255,6048,210736,63,211144
9130,0.004374,172.31.40.0-255,66,210802,63,211144
9131,0.006885,172.217.194.0-255,105,210907,63,211144
9132,0.007091,172.31.40.0-255,66,210973,63,211144
9133,0.007127,172.31.40.0-255,105,211078,63,211144
9134,0.00961,172.217.194.0-255,66,211144,63,211144
9135,0.0,172.217.194.0-255,155,155,63,144486
9136,1.9e-05,172.31.40.0-255,66,221,63,144486
9137,2.5e-05,172.217.194.0-255,1484,1705,63,144486
9138,3e-05,172.31.40.0-255,66,1771,63,144486
9139,3.5e-05,172.217.194.0-255,2902,4673,63,144486
9140,4.5e-05,172.31.40.0-255,66,4739,63,144486
9141,5e-05,172.217.194.0-255,4320,9059,63,144486
9142,5.3e-05,172.31.40.0-255,66,9125,63,144486
9143,0.0001,172.217.194.0-255,4938,14063,63,144486
9144,0.000103,172.31.40.0-255,66,14129,63,144486
9145,0.000108,172.217.194.0-255,5738,19867,63,144486
9146,0.00011,172.31.40.0-255,66,19933,63,144486
9147,0.000154,172.31.40.0-255,66,19999,63,144486
9148,0.000186,172.217.194.0-255,1484,21483,63,144486
9149,0.000188,172.31.40.0-255,66,21549,63,144486
9150,0.000194,172.217.194.0-255,2902,24451,63,144486
9151,0.000196,172.31.40.0-255,66,24517,63,144486
9152,0.000201,172.217.194.0-255,5738,30255,63,144486
9153,0.000206,172.31.40.0-255,66,30321,63,144486
9154,0.000226,172.217.194.0-255,4320,34641,63,144486
9155,0.000228,172.31.40.0-255,66,34707,63,144486
9156,0.000268,172.31.40.0-255,66,34773,63,144486
9157,0.000278,172.31.40.0-255,66,34839,63,144486
9158,0.00028,172.217.194.0-255,340,35179,63,144486
9159,0.000282,172.31.40.0-255,66,35245,63,144486
9160,0.000292,172.217.194.0-255,433,35678,63,144486
9161,0.000294,172.31.40.0-255,66,35744,63,144486
9162,0.000499,172.217.194.0-255,1484,37228,63,144486
9163,0.000504,172.31.40.0-255,66,37294,63,144486
9164,0.000508,172.217.194.0-255,1484,38778,63,144486
9165,0.000531,172.217.194.0-255,1484,40262,63,144486
9166,0.000538,172.217.194.0-255,5738,46000,63,144486
9167,0.000542,172.31.40.0-255,66,46066,63,144486
9168,0.000545,172.31.40.0-255,66,46132,63,144486
9169,0.000588,172.31.40.0-255,66,46198,63,144486
9170,0.000622,172.31.40.0-255,66,46264,63,144486
9171,0.001038,172.217.194.0-255,1484,47748,63,144486
9172,0.001044,172.217.194.0-255,2902,50650,63,144486
9173,0.001047,172.31.40.0-255,66,50716,63,144486
9174,0.001053,172.217.194.0-255,5738,56454,63,144486
9175,0.001055,172.31.40.0-255,66,56520,63,144486
9176,0.001074,172.217.194.0-255,2902,59422,63,144486
9177,0.001076,172.31.40.0-255,66,59488,63,144486
9178,0.001124,172.31.40.0-255,66,59554,63,144486
9179,0.001135,172.31.40.0-255,66,59620,63,144486
9180,0.002161,172.217.194.0-255,1484,61104,63,144486
9181,0.002171,172.217.194.0-255,2902,64006,63,144486
9182,0.002176,172.31.40.0-255,66,64072,63,144486
9183,0.002183,172.217.194.0-255,5738,69810,63,144486
9184,0.002185,172.31.40.0-255,66,69876,63,144486
9185,0.002233,172.31.40.0-255,66,69942,63,144486
9186,0.002242,172.217.194.0-255,7156,77098,63,144486
9187,0.002245,172.31.40.0-255,66,77164,63,144486
9188,0.002275,172.217.194.0-255,3602,80766,63,144486
9189,0.002278,172.31.40.0-255,66,80832,63,144486
9190,0.002327,172.217.194.0-255,1484,82316,63,144486
9191,0.00234,172.217.194.0-255,1484,83800,63,144486
9192,0.002342,172.31.40.0-255,66,83866,63,144486
9193,0.002373,172.217.194.0-255,1484,85350,63,144486
9194,0.00238,172.217.194.0-255,5738,91088,63,144486
9195,0.002383,172.31.40.0-255,66,91154,63,144486
9196,0.002387,172.217.194.0-255,2902,94056,63,144486
9197,0.00239,172.31.40.0-255,66,94122,63,144486
9198,0.002426,172.217.194.0-255,5738,99860,63,144486
9199,0.002429,172.31.40.0-255,66,99926,63,144486
9200,0.00247,172.31.40.0-255,66,99992,63,144486
9201,0.002515,172.217.194.0-255,7156,107148,63,144486
9202,0.002518,172.31.40.0-255,66,107214,63,144486
9203,0.002552,172.31.40.0-255,66,107280,63,144486
9204,0.002571,172.31.40.0-255,66,107346,63,144486
9205,0.002576,172.217.194.0-255,3602,110948,63,144486
9206,0.002578,172.31.40.0-255,66,111014,63,144486
9207,0.005132,172.217.194.0-255,4320,115334,63,144486
9208,0.005135,172.31.40.0-255,66,115400,63,144486
9209,0.005145,172.217.194.0-255,1484,116884,63,144486
9210,0.0077,172.217.194.0-255,4320,121204,63,144486
9211,0.007707,172.31.40.0-255,66,121270,63,144486
9212,0.010259,172.217.194.0-255,5738,127008,63,144486
9213,0.010266,172.31.40.0-255,66,127074,63,144486
9214,0.012848,172.217.194.0-255,5738,132812,63,144486
9215,0.01286,172.31.40.0-255,66,132878,63,144486
9216,0.015462,172.217.194.0-255,5738,138616,63,144486
9217,0.01548,172.31.40.0-255,66,138682,63,144486
9218,0.018065,172.217.194.0-255,5738,144420,63,144486
9219,0.018079,172.31.40.0-255,66,144486,63,144486
9220,0.0,172.217.194.0-255,150,150,63,202624
9221,2.3e-05,172.31.40.0-255,66,216,63,202624
9222,2.9e-05,172.217.194.0-255,1484,1700,63,202624
9223,3.3e-05,172.31.40.0-255,66,1766,63,202624
9224,4.4e-05,172.217.194.0-255,2902,4668,63,202624
9225,4.7e-05,172.31.40.0-255,66,4734,63,202624
9226,5.4e-05,172.217.194.0-255,7156,11890,63,202624
9227,5.7e-05,172.31.40.0-255,66,11956,63,202624
9228,6.1e-05,172.217.194.0-255,2092,14048,63,202624
9229,6.4e-05,172.31.40.0-255,66,14114,63,202624
9230,0.000104,172.217.194.0-255,5738,19852,63,202624
9231,0.000107,172.31.40.0-255,66,19918,63,202624
9232,0.000143,172.217.194.0-255,5738,25656,63,202624
9233,0.000145,172.31.40.0-255,66,25722,63,202624
9234,0.000151,172.217.194.0-255,5379,31101,63,202624
9235,0.000153,172.31.40.0-255,66,31167,63,202624
9236,0.000264,172.217.194.0-255,1484,32651,63,202624
9237,0.000268,172.31.40.0-255,66,32717,63,202624
9238,0.000273,172.217.194.0-255,2902,35619,63,202624
9239,0.000275,172.31.40.0-255,66,35685,63,202624
9240,0.000279,172.217.194.0-255,2902,38587,63,202624
9241,0.000281,172.31.40.0-255,66,38653,63,202624
9242,0.000308,172.217.194.0-255,2902,41555,63,202624
9243,0.00031,172.31.40.0-255,66,41621,63,202624
9244,0.000319,172.217.194.0-255,2902,44523,63,202624
9245,0.000321,172.31.40.0-255,66,44589,63,202624
9246,0.000349,172.31.40.0-255,66,44655,63,202624
9247,0.000374,172.217.194.0-255,2902,47557,63,202624
9248,0.000376,172.31.40.0-255,66,47623,63,202624
9249,0.00041,172.31.40.0-255,66,47689,63,202624
9250,0.000412,172.217.194.0-255,342,48031,63,202624
9251,0.000907,172.217.194.0-255,401,48432,63,202624
9252,0.001019,172.31.40.0-255,66,48498,63,202624
9253,0.001061,172.217.194.0-255,1484,49982,63,202624
9254,0.001074,172.217.194.0-255,2902,52884,63,202624
9255,0.001077,172.31.40.0-255,66,52950,63,202624
9256,0.001106,172.217.194.0-255,4320,57270,63,202624
9257,0.001108,172.31.40.0-255,66,57336,63,202624
9258,0.001127,172.217.194.0-255,1484,58820,63,202624
9259,0.001132,172.217.194.0-255,2902,61722,63,202624
9260,0.001134,172.31.40.0-255,66,61788,63,202624
9261,0.001166,172.217.194.0-255,7156,68944,63,202624
9262,0.001168,172.31.40.0-255,66,69010,63,202624
9263,0.001174,172.217.194.0-255,4320,73330,63,202624
9264,0.001176,172.31.40.0-255,66,73396,63,202624
9265,0.001215,172.217.194.0-255,7156,80552,63,202624
9266,0.001218,172.31.40.0-255,66,80618,63,202624
9267,0.001222,172.217.194.0-255,2184,82802,63,202624
9268,0.001225,172.31.40.0-255,66,82868,63,202624
9269,0.001471,172.217.194.0-255,1484,84352,63,202624
9270,0.001477,172.217.194.0-255,2902,87254,63,202624
9271,0.001481,172.31.40.0-255,66,87320,63,202624
9272,0.001486,172.217.194.0-255,2902,90222,63,202624
9273,0.001488,172.31.40.0-255,66,90288,63,202624
9274,0.001514,172.217.194.0-255,2902,93190,63,202624
9275,0.001517,172.31.40.0-255,66,93256,63,202624
9276,0.001527,172.31.40.0-255,66,93322,63,202624
9277,0.00156,172.217.194.0-255,4320,97642,63,202624
9278,0.001563,172.31.40.0-255,66,97708,63,202624
9279,0.001593,172.31.40.0-255,66,97774,63,202624
9280,0.00164,172.217.194.0-255,1484,99258,63,202624
9281,0.001667,172.217.194.0-255,2902,102160,63,202624
9282,0.001669,172.31.40.0-255,66,102226,63,202624
9283,0.001676,172.217.194.0-255,5738,107964,63,202624
9284,0.001679,172.31.40.0-255,66,108030,63,202624
9285,0.001683,172.217.194.0-255,2902,110932,63,202624
9286,0.001695,172.31.40.0-255,66,110998,63,202624
9287,0.001737,172.31.40.0-255,66,111064,63,202624
9288,0.00175,172.31.40.0-255,66,111130,63,202624
9289,0.001798,172.217.194.0-255,1484,112614,63,202624
9290,0.001816,172.217.194.0-255,2902,115516,63,202624
9291,0.001818,172.31.40.0-255,66,115582,63,202624
9292,0.001823,172.217.194.0-255,2902,118484,63,202624
9293,0.001825,172.31.40.0-255,66,118550,63,202624
9294,0.001847,172.217.194.0-255,2902,121452,63,202624
9295,0.00185,172.31.40.0-255,66,121518,63,202624
9296,0.001867,172.31.40.0-255,66,121584,63,202624
9297,0.0019,172.217.194.0-255,1484,123068,63,202624
9298,0.001914,172.31.40.0-255,66,123134,63,202624
9299,0.001971,172.217.194.0-255,5738,128872,63,202624
9300,0.001992,172.217.194.0-255,5738,134610,63,202624
9301,0.002041,172.217.194.0-255,5020,139630,63,202624
9302,0.002051,172.217.194.0-255,4320,143950,63,202624
9303,0.00209,172.217.194.0-255,1484,145434,63,202624
9304,0.002111,172.217.194.0-255,7156,152590,63,202624
9305,0.002149,172.217.194.0-255,6438,159028,63,202624
9306,0.002172,172.217.194.0-255,7156,166184,63,202624
9307,0.002261,172.217.194.0-255,1484,167668,63,202624
9308,0.005873,172.31.40.0-255,66,167734,63,202624
9309,0.007998,172.217.194.0-255,5738,173472,63,202624
9310,0.008004,172.31.40.0-255,66,173538,63,202624
9311,0.010158,172.217.194.0-255,1484,175022,63,202624
9312,0.010179,172.217.194.0-255,4320,179342,63,202624
9313,0.010182,172.31.40.0-255,66,179408,63,202624
9314,0.012316,172.217.194.0-255,5738,185146,63,202624
9315,0.012324,172.31.40.0-255,66,185212,63,202624
9316,0.014479,172.217.194.0-255,5738,190950,63,202624
9317,0.014486,172.31.40.0-255,66,191016,63,202624
9318,0.01666,172.217.194.0-255,5738,196754,63,202624
9319,0.016669,172.31.40.0-255,66,196820,63,202624
9320,0.018788,172.217.194.0-255,5738,202558,63,202624
9321,0.018796,172.31.40.0-255,66,202624,63,202624
9322,0.0,172.217.194.0-255,153,153,63,224691
9323,2e-05,172.31.40.0-255,66,219,63,224691
9324,2.7e-05,172.217.194.0-255,1484,1703,63,224691
9325,3.2e-05,172.31.40.0-255,66,1769,63,224691
9326,3.9e-05,172.217.194.0-255,2902,4671,63,224691
9327,4.9e-05,172.31.40.0-255,66,4737,63,224691
9328,5.8e-05,172.217.194.0-255,7156,11893,63,224691
9329,6.1e-05,172.31.40.0-255,66,11959,63,224691
9330,6.5e-05,172.217.194.0-255,2092,14051,63,224691
9331,6.8e-05,172.31.40.0-255,66,14117,63,224691
9332,0.000101,172.217.194.0-255,2902,17019,63,224691
9333,0.000105,172.31.40.0-255,66,17085,63,224691
9334,0.000108,172.217.194.0-255,1484,18569,63,224691
9335,0.00011,172.31.40.0-255,66,18635,63,224691
9336,0.000143,172.217.194.0-255,2902,21537,63,224691
9337,0.000146,172.31.40.0-255,66,21603,63,224691
9338,0.000157,172.31.40.0-255,66,21669,63,224691
9339,0.000183,172.217.194.0-255,5379,27048,63,224691
9340,0.000186,172.31.40.0-255,66,27114,63,224691
9341,0.000193,172.217.194.0-255,5738,32852,63,224691
9342,0.000195,172.31.40.0-255,66,32918,63,224691
9343,0.000232,172.217.194.0-255,5738,38656,63,224691
9344,0.000235,172.31.40.0-255,66,38722,63,224691
9345,0.000257,172.217.194.0-255,1125,39847,63,224691
9346,0.000259,172.31.40.0-255,66,39913,63,224691
9347,0.000636,172.217.194.0-255,1484,41397,63,224691
9348,0.000642,172.217.194.0-255,2902,44299,63,224691
9349,0.000647,172.31.40.0-255,66,44365,63,224691
9350,0.000655,172.31.40.0-255,66,44431,63,224691
9351,0.000659,172.217.194.0-255,1484,45915,63,224691
9352,0.000666,172.31.40.0-255,66,45981,63,224691
9353,0.000699,172.217.194.0-255,4320,50301,63,224691
9354,0.000702,172.31.40.0-255,66,50367,63,224691
9355,0.000714,172.31.40.0-255,66,50433,63,224691
9356,0.001041,172.217.194.0-255,1484,51917,63,224691
9357,0.001046,172.217.194.0-255,1484,53401,63,224691
9358,0.00105,172.31.40.0-255,66,53467,63,224691
9359,0.001079,172.217.194.0-255,1484,54951,63,224691
9360,0.001086,172.217.194.0-255,5738,60689,63,224691
9361,0.001089,172.31.40.0-255,66,60755,63,224691
9362,0.00112,172.217.194.0-255,7156,67911,63,224691
9363,0.001122,172.31.40.0-255,66,67977,63,224691
9364,0.001157,172.217.194.0-255,5738,73715,63,224691
9365,0.00116,172.31.40.0-255,66,73781,63,224691
9366,0.001176,172.31.40.0-255,66,73847,63,224691
9367,0.001179,172.217.194.0-255,766,74613,63,224691
9368,0.001183,172.217.194.0-255,1484,76097,63,224691
9369,0.001185,172.31.40.0-255,66,76163,63,224691
9370,0.00119,172.217.194.0-255,4320,80483,63,224691
9371,0.001192,172.31.40.0-255,66,80549,63,224691
9372,0.001195,172.217.194.0-255,1484,82033,63,224691
9373,0.001217,172.31.40.0-255,66,82099,63,224691
9374,0.001223,172.217.194.0-255,4320,86419,63,224691
9375,0.001229,172.31.40.0-255,66,86485,63,224691
9376,0.001268,172.217.194.0-255,4320,90805,63,224691
9377,0.001271,172.31.40.0-255,66,90871,63,224691
9378,0.001307,172.31.40.0-255,66,90937,63,224691
9379,0.001396,172.217.194.0-255,1484,92421,63,224691
9380,0.001416,172.217.194.0-255,2902,95323,63,224691
9381,0.00142,172.31.40.0-255,66,95389,63,224691
9382,0.001428,172.217.194.0-255,5738,101127,63,224691
9383,0.00143,172.31.40.0-255,66,101193,63,224691
9384,0.001475,172.31.40.0-255,66,101259,63,224691
9385,0.001487,172.31.40.0-255,66,101325,63,224691
9386,0.001926,172.217.194.0-255,1484,102809,63,224691
9387,0.00193,172.217.194.0-255,1484,104293,63,224691
9388,0.001933,172.31.40.0-255,66,104359,63,224691
9389,0.001956,172.217.194.0-255,1484,105843,63,224691
9390,0.001963,172.217.194.0-255,5738,111581,63,224691
9391,0.001965,172.31.40.0-255,66,111647,63,224691
9392,0.002005,172.31.40.0-255,66,111713,63,224691
9393,0.002038,172.31.40.0-255,66,111779,63,224691
9394,0.002053,172.217.194.0-255,766,112545,63,224691
9395,0.002087,172.217.194.0-255,1484,114029,63,224691
9396,0.002089,172.31.40.0-255,66,114095,63,224691
9397,0.002114,172.217.194.0-255,2902,116997,63,224691
9398,0.002117,172.31.40.0-255,66,117063,63,224691
9399,0.002119,172.217.194.0-255,1484,118547,63,224691
9400,0.002141,172.217.194.0-255,2902,121449,63,224691
9401,0.002143,172.31.40.0-255,66,121515,63,224691
9402,0.002148,172.217.194.0-255,5738,127253,63,224691
9403,0.00215,172.31.40.0-255,66,127319,63,224691
9404,0.00217,172.217.194.0-255,2902,130221,63,224691
9405,0.002172,172.31.40.0-255,66,130287,63,224691
9406,0.002181,172.217.194.0-255,4320,134607,63,224691
9407,0.002182,172.31.40.0-255,66,134673,63,224691
9408,0.002214,172.217.194.0-255,7156,141829,63,224691
9409,0.002217,172.31.40.0-255,66,141895,63,224691
9410,0.002243,172.217.194.0-255,5020,146915,63,224691
9411,0.002245,172.31.40.0-255,66,146981,63,224691
9412,0.002332,172.217.194.0-255,1484,148465,63,224691
9413,0.002349,172.217.194.0-255,2902,151367,63,224691
9414,0.002352,172.31.40.0-255,66,151433,63,224691
9415,0.002373,172.217.194.0-255,5738,157171,63,224691
9416,0.002375,172.31.40.0-255,66,157237,63,224691
9417,0.002386,172.217.194.0-255,7156,164393,63,224691
9418,0.002388,172.31.40.0-255,66,164459,63,224691
9419,0.002391,172.217.194.0-255,1484,165943,63,224691
9420,0.002437,172.31.40.0-255,66,166009,63,224691
9421,0.002441,172.217.194.0-255,2184,168193,63,224691
9422,0.002443,172.31.40.0-255,66,168259,63,224691
9423,0.002498,172.217.194.0-255,1484,169743,63,224691
9424,0.002516,172.217.194.0-255,2902,172645,63,224691
9425,0.002519,172.31.40.0-255,66,172711,63,224691
9426,0.002525,172.217.194.0-255,4320,177031,63,224691
9427,0.002527,172.31.40.0-255,66,177097,63,224691
9428,0.002549,172.217.194.0-255,1484,178581,63,224691
9429,0.002554,172.217.194.0-255,2902,181483,63,224691
9430,0.002556,172.31.40.0-255,66,181549,63,224691
9431,0.002592,172.31.40.0-255,66,181615,63,224691
9432,0.0026,172.217.194.0-255,7156,188771,63,224691
9433,0.002602,172.31.40.0-255,66,188837,63,224691
9434,0.00262,172.217.194.0-255,3602,192439,63,224691
9435,0.002627,172.31.40.0-255,66,192505,63,224691
9436,0.00517,172.217.194.0-255,1484,193989,63,224691
9437,0.005239,172.217.194.0-255,2902,196891,63,224691
9438,0.005244,172.31.40.0-255,66,196957,63,224691
9439,0.005268,172.217.194.0-255,1484,198441,63,224691
9440,0.007866,172.217.194.0-255,4320,202761,63,224691
9441,0.007873,172.31.40.0-255,66,202827,63,224691
9442,0.010462,172.217.194.0-255,4320,207147,63,224691
9443,0.010467,172.31.40.0-255,66,207213,63,224691
9444,0.010491,172.217.194.0-255,1484,208697,63,224691
9445,0.013099,172.217.194.0-255,4320,213017,63,224691
9446,0.013109,172.31.40.0-255,66,213083,63,224691
9447,0.015709,172.217.194.0-255,5738,218821,63,224691
9448,0.015717,172.31.40.0-255,66,218887,63,224691
9449,0.018324,172.217.194.0-255,5738,224625,63,224691
9450,0.018332,172.31.40.0-255,66,224691,63,224691
9451,0.0,172.217.194.0-255,153,153,63,293595
9452,2.3e-05,172.31.40.0-255,66,219,63,293595
9453,3e-05,172.217.194.0-255,1484,1703,63,293595
9454,3.5e-05,172.31.40.0-255,66,1769,63,293595
9455,4.1e-05,172.217.194.0-255,2902,4671,63,293595
9456,4.5e-05,172.31.40.0-255,66,4737,63,293595
9457,5.4e-05,172.217.194.0-255,7156,11893,63,293595
9458,5.6e-05,172.31.40.0-255,66,11959,63,293595
9459,7.7e-05,172.217.194.0-255,2080,14039,63,293595
9460,7.9e-05,172.31.40.0-255,66,14105,63,293595
9461,9.8e-05,172.217.194.0-255,2902,17007,63,293595
9462,0.000101,172.31.40.0-255,66,17073,63,293595
9463,0.000106,172.217.194.0-255,4320,21393,63,293595
9464,0.000109,172.31.40.0-255,66,21459,63,293595
9465,0.000128,172.217.194.0-255,2902,24361,63,293595
9466,0.00013,172.31.40.0-255,66,24427,63,293595
9467,0.000138,172.217.194.0-255,6797,31224,63,293595
9468,0.000141,172.31.40.0-255,66,31290,63,293595
9469,0.00024,172.217.194.0-255,1484,32774,63,293595
9470,0.000244,172.31.40.0-255,66,32840,63,293595
9471,0.00027,172.217.194.0-255,2902,35742,63,293595
9472,0.000273,172.31.40.0-255,66,35808,63,293595
9473,0.000279,172.217.194.0-255,5738,41546,63,293595
9474,0.000281,172.31.40.0-255,66,41612,63,293595
9475,0.000297,172.217.194.0-255,1484,43096,63,293595
9476,0.000299,172.31.40.0-255,66,43162,63,293595
9477,0.000327,172.217.194.0-255,5379,48541,63,293595
9478,0.00033,172.31.40.0-255,66,48607,63,293595
9479,0.000338,172.217.194.0-255,7156,55763,63,293595
9480,0.00034,172.31.40.0-255,66,55829,63,293595
9481,0.000354,172.217.194.0-255,5738,61567,63,293595
9482,0.000357,172.31.40.0-255,66,61633,63,293595
9483,0.000379,172.217.194.0-255,2902,64535,63,293595
9484,0.000383,172.31.40.0-255,66,64601,63,293595
9485,0.000385,172.217.194.0-255,1416,66017,63,293595
9486,0.000409,172.217.194.0-255,99,66116,63,293595
9487,0.000489,172.217.194.0-255,1484,67600,63,293595
9488,0.000493,172.31.40.0-255,66,67666,63,293595
9489,0.000498,172.217.194.0-255,2902,70568,63,293595
9490,0.000501,172.31.40.0-255,66,70634,63,293595
9491,0.000504,172.217.194.0-255,1484,72118,63,293595
9492,0.000525,172.217.194.0-255,4320,76438,63,293595
9493,0.000528,172.31.40.0-255,66,76504,63,293595
9494,0.000533,172.217.194.0-255,4320,80824,63,293595
9495,0.000536,172.31.40.0-255,66,80890,63,293595
9496,0.000558,172.217.194.0-255,3961,84851,63,293595
9497,0.000561,172.31.40.0-255,66,84917,63,293595
9498,0.000567,172.217.194.0-255,5738,90655,63,293595
9499,0.000569,172.31.40.0-255,66,90721,63,293595
9500,0.000598,172.31.40.0-255,66,90787,63,293595
9501,0.000601,172.217.194.0-255,362,91149,63,293595
9502,0.000918,172.217.194.0-255,1484,92633,63,293595
9503,0.000923,172.31.40.0-255,66,92699,63,293595
9504,0.000945,172.217.194.0-255,2902,95601,63,293595
9505,0.000948,172.31.40.0-255,66,95667,63,293595
9506,0.000955,172.217.194.0-255,5738,101405,63,293595
9507,0.000957,172.31.40.0-255,66,101471,63,293595
9508,0.000999,172.31.40.0-255,66,101537,63,293595
9509,0.001006,172.217.194.0-255,5738,107275,63,293595
9510,0.001008,172.31.40.0-255,66,107341,63,293595
9511,0.001023,172.217.194.0-255,5020,112361,63,293595
9512,0.001026,172.31.40.0-255,66,112427,63,293595
9513,0.001081,172.217.194.0-255,1484,113911,63,293595
9514,0.001098,172.217.194.0-255,2902,116813,63,293595
9515,0.001101,172.31.40.0-255,66,116879,63,293595
9516,0.001119,172.217.194.0-255,1484,118363,63,293595
9517,0.001131,172.217.194.0-255,2902,121265,63,293595
9518,0.001133,172.31.40.0-255,66,121331,63,293595
9519,0.001157,172.217.194.0-255,1484,122815,63,293595
9520,0.001188,172.31.40.0-255,66,122881,63,293595
9521,0.001201,172.31.40.0-255,66,122947,63,293595
9522,0.001269,172.217.194.0-255,1484,124431,63,293595
9523,0.001275,172.217.194.0-255,2902,127333,63,293595
9524,0.001278,172.31.40.0-255,66,127399,63,293595
9525,0.001282,172.217.194.0-255,1484,128883,63,293595
9526,0.001302,172.217.194.0-255,4320,133203,63,293595
9527,0.001305,172.31.40.0-255,66,133269,63,293595
9528,0.001312,172.217.194.0-255,5738,139007,63,293595
9529,0.001315,172.31.40.0-255,66,139073,63,293595
9530,0.001338,172.217.194.0-255,7156,146229,63,293595
9531,0.001344,172.217.194.0-255,5738,151967,63,293595
9532,0.001349,172.31.40.0-255,66,152033,63,293595
9533,0.001352,172.31.40.0-255,66,152099,63,293595
9534,0.001367,172.217.194.0-255,5020,157119,63,293595
9535,0.00137,172.31.40.0-255,66,157185,63,293595
9536,0.001452,172.217.194.0-255,1484,158669,63,293595
9537,0.001456,172.217.194.0-255,1484,160153,63,293595
9538,0.00146,172.31.40.0-255,66,160219,63,293595
9539,0.001476,172.217.194.0-255,1484,161703,63,293595
9540,0.001479,172.217.194.0-255,1484,163187,63,293595
9541,0.001481,172.31.40.0-255,66,163253,63,293595
9542,0.001509,172.217.194.0-255,4320,167573,63,293595
9543,0.001513,172.31.40.0-255,66,167639,63,293595
9544,0.001519,172.217.194.0-255,5738,173377,63,293595
9545,0.001521,172.31.40.0-255,66,173443,63,293595
9546,0.001569,172.31.40.0-255,66,173509,63,293595
9547,0.001586,172.217.194.0-255,1484,174993,63,293595
9548,0.001593,172.217.194.0-255,5020,180013,63,293595
9549,0.001595,172.31.40.0-255,66,180079,63,293595
9550,0.001672,172.217.194.0-255,1484,181563,63,293595
9551,0.001692,172.217.194.0-255,2902,184465,63,293595
9552,0.001695,172.31.40.0-255,66,184531,63,293595
9553,0.0017,172.217.194.0-255,2902,187433,63,293595
9554,0.001702,172.31.40.0-255,66,187499,63,293595
9555,0.00172,172.217.194.0-255,2902,190401,63,293595
9556,0.001722,172.31.40.0-255,66,190467,63,293595
9557,0.001734,172.217.194.0-255,5738,196205,63,293595
9558,0.001737,172.31.40.0-255,66,196271,63,293595
9559,0.001743,172.217.194.0-255,5738,202009,63,293595
9560,0.001746,172.31.40.0-255,66,202075,63,293595
9561,0.001772,172.217.194.0-255,7156,209231,63,293595
9562,0.001775,172.31.40.0-255,66,209297,63,293595
9563,0.001789,172.31.40.0-255,66,209363,63,293595
9564,0.001796,172.217.194.0-255,7156,216519,63,293595
9565,0.001798,172.31.40.0-255,66,216585,63,293595
9566,0.001821,172.217.194.0-255,4320,220905,63,293595
9567,0.001825,172.217.194.0-255,4320,225225,63,293595
9568,0.00183,172.31.40.0-255,66,225291,63,293595
9569,0.001832,172.31.40.0-255,66,225357,63,293595
9570,0.001859,172.31.40.0-255,66,225423,63,293595
9571,0.00187,172.217.194.0-255,1484,226907,63,293595
9572,0.001874,172.217.194.0-255,2902,229809,63,293595
9573,0.001876,172.31.40.0-255,66,229875,63,293595
9574,0.001897,172.217.194.0-255,4320,234195,63,293595
9575,0.0019,172.31.40.0-255,66,234261,63,293595
9576,0.001923,172.217.194.0-255,1484,235745,63,293595
9577,0.00193,172.217.194.0-255,5738,241483,63,293595
9578,0.001933,172.31.40.0-255,66,241549,63,293595
9579,0.001947,172.31.40.0-255,66,241615,63,293595
9580,0.001952,172.217.194.0-255,2902,244517,63,293595
9581,0.001956,172.31.40.0-255,66,244583,63,293595
9582,0.001974,172.217.194.0-255,2184,246767,63,293595
9583,0.001993,172.31.40.0-255,66,246833,63,293595
9584,0.004172,172.217.194.0-255,2902,249735,63,293595
9585,0.004178,172.31.40.0-255,66,249801,63,293595
9586,0.004191,172.217.194.0-255,2902,252703,63,293595
9587,0.004193,172.31.40.0-255,66,252769,63,293595
9588,0.006395,172.217.194.0-255,2902,255671,63,293595
9589,0.006399,172.31.40.0-255,66,255737,63,293595
9590,0.006416,172.217.194.0-255,2902,258639,63,293595
9591,0.006418,172.31.40.0-255,66,258705,63,293595
9592,0.008612,172.217.194.0-255,5738,264443,63,293595
9593,0.008619,172.31.40.0-255,66,264509,63,293595
9594,0.010808,172.217.194.0-255,5738,270247,63,293595
9595,0.010813,172.31.40.0-255,66,270313,63,293595
9596,0.013003,172.217.194.0-255,5738,276051,63,293595
9597,0.013012,172.31.40.0-255,66,276117,63,293595
9598,0.015219,172.217.194.0-255,5738,281855,63,293595
9599,0.015227,172.31.40.0-255,66,281921,63,293595
9600,0.017437,172.217.194.0-255,5738,287659,63,293595
9601,0.017447,172.31.40.0-255,66,287725,63,293595
9602,0.019662,172.217.194.0-255,4320,292045,63,293595
9603,0.01967,172.31.40.0-255,66,292111,63,293595
9604,0.019691,172.217.194.0-255,1484,293595,63,293595
9605,0.0,172.217.194.0-255,153,153,63,222342
9606,1.5e-05,172.31.40.0-255,66,219,63,222342
9607,2.2e-05,172.217.194.0-255,1484,1703,63,222342
9608,2.7e-05,172.31.40.0-255,66,1769,63,222342
9609,3e-05,172.217.194.0-255,1484,3253,63,222342
9610,3.4e-05,172.31.40.0-255,66,3319,63,222342
9611,5.2e-05,172.217.194.0-255,1484,4803,63,222342
9612,5.5e-05,172.31.40.0-255,66,4869,63,222342
9613,5.8e-05,172.217.194.0-255,1484,6353,63,222342
9614,6e-05,172.31.40.0-255,66,6419,63,222342
9615,9e-05,172.217.194.0-255,5738,12157,63,222342
9616,9.2e-05,172.31.40.0-255,66,12223,63,222342
9617,9.6e-05,172.217.194.0-255,2093,14316,63,222342
9618,9.8e-05,172.31.40.0-255,66,14382,63,222342
9619,0.000111,172.31.40.0-255,66,14448,63,222342
9620,0.000124,172.217.194.0-255,1484,15932,63,222342
9621,0.000127,172.31.40.0-255,66,15998,63,222342
9622,0.000135,172.217.194.0-255,5379,21377,63,222342
9623,0.000137,172.31.40.0-255,66,21443,63,222342
9624,0.000159,172.217.194.0-255,1484,22927,63,222342
9625,0.000162,172.31.40.0-255,66,22993,63,222342
9626,0.000186,172.217.194.0-255,2902,25895,63,222342
9627,0.000189,172.31.40.0-255,66,25961,63,222342
9628,0.000195,172.217.194.0-255,5738,31699,63,222342
9629,0.000198,172.31.40.0-255,66,31765,63,222342
9630,0.000218,172.217.194.0-255,4320,36085,63,222342
9631,0.000221,172.31.40.0-255,66,36151,63,222342
9632,0.000241,172.217.194.0-255,2543,38694,63,222342
9633,0.000243,172.31.40.0-255,66,38760,63,222342
9634,0.00027,172.217.194.0-255,7156,45916,63,222342
9635,0.000273,172.31.40.0-255,66,45982,63,222342
9636,0.000279,172.217.194.0-255,5738,51720,63,222342
9637,0.000281,172.31.40.0-255,66,51786,63,222342
9638,0.000294,172.217.194.0-255,1484,53270,63,222342
9639,0.000319,172.217.194.0-255,2818,56088,63,222342
9640,0.000323,172.31.40.0-255,66,56154,63,222342
9641,0.000338,172.217.194.0-255,114,56268,63,222342
9642,0.000355,172.217.194.0-255,385,56653,63,222342
9643,0.000587,172.217.194.0-255,1484,58137,63,222342
9644,0.000593,172.31.40.0-255,66,58203,63,222342
9645,0.000598,172.217.194.0-255,2902,61105,63,222342
9646,0.000601,172.31.40.0-255,66,61171,63,222342
9647,0.000605,172.217.194.0-255,2902,64073,63,222342
9648,0.000607,172.31.40.0-255,66,64139,63,222342
9649,0.000631,172.217.194.0-255,2902,67041,63,222342
9650,0.000635,172.31.40.0-255,66,67107,63,222342
9651,0.000641,172.217.194.0-255,5738,72845,63,222342
9652,0.000644,172.31.40.0-255,66,72911,63,222342
9653,0.00065,172.217.194.0-255,4320,77231,63,222342
9654,0.000652,172.31.40.0-255,66,77297,63,222342
9655,0.000688,172.31.40.0-255,66,77363,63,222342
9656,0.000694,172.217.194.0-255,5020,82383,63,222342
9657,0.000697,172.31.40.0-255,66,82449,63,222342
9658,0.000871,172.217.194.0-255,1484,83933,63,222342
9659,0.000875,172.217.194.0-255,1484,85417,63,222342
9660,0.000878,172.31.40.0-255,66,85483,63,222342
9661,0.000895,172.217.194.0-255,1484,86967,63,222342
9662,0.000901,172.217.194.0-255,5738,92705,63,222342
9663,0.000904,172.31.40.0-255,66,92771,63,222342
9664,0.000926,172.217.194.0-255,7156,99927,63,222342
9665,0.000928,172.31.40.0-255,66,99993,63,222342
9666,0.00096,172.217.194.0-255,5738,105731,63,222342
9667,0.000963,172.31.40.0-255,66,105797,63,222342
9668,0.000976,172.31.40.0-255,66,105863,63,222342
9669,0.001079,172.217.194.0-255,1484,107347,63,222342
9670,0.001091,172.217.194.0-255,1484,108831,63,222342
9671,0.001094,172.31.40.0-255,66,108897,63,222342
9672,0.001113,172.217.194.0-255,1484,110381,63,222342
9673,0.001117,172.217.194.0-255,1484,111865,63,222342
9674,0.001119,172.31.40.0-255,66,111931,63,222342
9675,0.001141,172.217.194.0-255,4320,116251,63,222342
9676,0.001144,172.31.40.0-255,66,116317,63,222342
9677,0.001178,172.217.194.0-255,1484,117801,63,222342
9678,0.001218,172.31.40.0-255,66,117867,63,222342
9679,0.001224,172.217.194.0-255,5738,123605,63,222342
9680,0.001226,172.31.40.0-255,66,123671,63,222342
9681,0.001232,172.217.194.0-255,5020,128691,63,222342
9682,0.001235,172.31.40.0-255,66,128757,63,222342
9683,0.001252,172.217.194.0-255,1484,130241,63,222342
9684,0.001255,172.217.194.0-255,1484,131725,63,222342
9685,0.001258,172.31.40.0-255,66,131791,63,222342
9686,0.001271,172.217.194.0-255,1484,133275,63,222342
9687,0.0013,172.217.194.0-255,1484,134759,63,222342
9688,0.001303,172.31.40.0-255,66,134825,63,222342
9689,0.001308,172.217.194.0-255,2902,137727,63,222342
9690,0.00131,172.31.40.0-255,66,137793,63,222342
9691,0.001322,172.217.194.0-255,2902,140695,63,222342
9692,0.001325,172.31.40.0-255,66,140761,63,222342
9693,0.001346,172.217.194.0-255,2902,143663,63,222342
9694,0.001349,172.31.40.0-255,66,143729,63,222342
9695,0.001356,172.217.194.0-255,7156,150885,63,222342
9696,0.001359,172.31.40.0-255,66,150951,63,222342
9697,0.001373,172.217.194.0-255,4320,155271,63,222342
9698,0.001375,172.31.40.0-255,66,155337,63,222342
9699,0.001396,172.217.194.0-255,5738,161075,63,222342
9700,0.001399,172.31.40.0-255,66,161141,63,222342
9701,0.001413,172.217.194.0-255,2184,163325,63,222342
9702,0.001416,172.31.40.0-255,66,163391,63,222342
9703,0.001547,172.217.194.0-255,1484,164875,63,222342
9704,0.001554,172.217.194.0-255,2902,167777,63,222342
9705,0.001558,172.31.40.0-255,66,167843,63,222342
9706,0.001562,172.217.194.0-255,2902,170745,63,222342
9707,0.001564,172.31.40.0-255,66,170811,63,222342
9708,0.001578,172.217.194.0-255,2902,173713,63,222342
9709,0.001581,172.31.40.0-255,66,173779,63,222342
9710,0.001604,172.31.40.0-255,66,173845,63,222342
9711,0.001617,172.217.194.0-255,1484,175329,63,222342
9712,0.00162,172.217.194.0-255,1484,176813,63,222342
9713,0.001622,172.31.40.0-255,66,176879,63,222342
9714,0.001653,172.217.194.0-255,1484,178363,63,222342
9715,0.001678,172.31.40.0-255,66,178429,63,222342
9716,0.001759,172.217.194.0-255,1484,179913,63,222342
9717,0.001765,172.217.194.0-255,2902,182815,63,222342
9718,0.001768,172.31.40.0-255,66,182881,63,222342
9719,0.001773,172.217.194.0-255,2902,185783,63,222342
9720,0.001775,172.31.40.0-255,66,185849,63,222342
9721,0.00179,172.217.194.0-255,2902,188751,63,222342
9722,0.001793,172.31.40.0-255,66,188817,63,222342
9723,0.001803,172.217.194.0-255,4320,193137,63,222342
9724,0.001805,172.31.40.0-255,66,193203,63,222342
9725,0.001839,172.31.40.0-255,66,193269,63,222342
9726,0.001847,172.217.194.0-255,7156,200425,63,222342
9727,0.00185,172.31.40.0-255,66,200491,63,222342
9728,0.001856,172.217.194.0-255,5738,206229,63,222342
9729,0.001858,172.31.40.0-255,66,206295,63,222342
9730,0.001897,172.31.40.0-255,66,206361,63,222342
9731,0.001911,172.31.40.0-255,66,206427,63,222342
9732,0.001925,172.217.194.0-255,2184,208611,63,222342
9733,0.001927,172.31.40.0-255,66,208677,63,222342
9734,0.001934,172.217.194.0-255,5738,214415,63,222342
9735,0.001936,172.31.40.0-255,66,214481,63,222342
9736,0.001988,172.31.40.0-255,66,214547,63,222342
9737,0.002023,172.217.194.0-255,1484,216031,63,222342
9738,0.002073,172.31.40.0-255,66,216097,63,222342
9739,0.002095,172.31.40.0-255,66,216163,63,222342
9740,0.002111,172.31.40.0-255,66,216229,63,222342
9741,0.002118,172.217.194.0-255,5705,221934,63,222342
9742,0.002121,172.31.40.0-255,66,222000,63,222342
9743,0.002124,172.217.194.0-255,105,222105,63,222342
9744,0.008616,172.31.40.0-255,66,222171,63,222342
9745,0.008655,172.31.40.0-255,105,222276,63,222342
9746,0.010788,172.217.194.0-255,66,222342,63,222342
9747,0.0,74.125.68.0-255,153,153,63,269639
9748,2.4e-05,172.31.40.0-255,66,219,63,269639
9749,3.1e-05,74.125.68.0-255,1484,1703,63,269639
9750,3.6e-05,172.31.40.0-255,66,1769,63,269639
9751,4.1e-05,74.125.68.0-255,2902,4671,63,269639
9752,4.4e-05,172.31.40.0-255,66,4737,63,269639
9753,5.2e-05,74.125.68.0-255,5738,10475,63,269639
9754,5.5e-05,172.31.40.0-255,66,10541,63,269639
9755,5.9e-05,74.125.68.0-255,3494,14035,63,269639
9756,6.2e-05,172.31.40.0-255,66,14101,63,269639
9757,6.7e-05,74.125.68.0-255,2902,17003,63,269639
9758,7e-05,172.31.40.0-255,66,17069,63,269639
9759,9.5e-05,74.125.68.0-255,1484,18553,63,269639
9760,9.7e-05,172.31.40.0-255,66,18619,63,269639
9761,0.000103,74.125.68.0-255,4320,22939,63,269639
9762,0.000106,172.31.40.0-255,66,23005,63,269639
9763,0.000121,74.125.68.0-255,5738,28743,63,269639
9764,0.000123,172.31.40.0-255,66,28809,63,269639
9765,0.00015,74.125.68.0-255,2543,31352,63,269639
9766,0.000153,172.31.40.0-255,66,31418,63,269639
9767,0.000219,74.125.68.0-255,1484,32902,63,269639
9768,0.000222,172.31.40.0-255,66,32968,63,269639
9769,0.000227,74.125.68.0-255,2902,35870,63,269639
9770,0.00023,172.31.40.0-255,66,35936,63,269639
9771,0.000262,74.125.68.0-255,5738,41674,63,269639
9772,0.000265,172.31.40.0-255,66,41740,63,269639
9773,0.000269,74.125.68.0-255,2902,44642,63,269639
9774,0.000271,172.31.40.0-255,66,44708,63,269639
9775,0.000277,74.125.68.0-255,3961,48669,63,269639
9776,0.000279,172.31.40.0-255,66,48735,63,269639
9777,0.000305,74.125.68.0-255,4320,53055,63,269639
9778,0.000309,172.31.40.0-255,66,53121,63,269639
9779,0.000329,74.125.68.0-255,2902,56023,63,269639
9780,0.000331,172.31.40.0-255,66,56089,63,269639
9781,0.000342,172.31.40.0-255,66,56155,63,269639
9782,0.000362,74.125.68.0-255,1399,57554,63,269639
9783,0.000388,74.125.68.0-255,128,57682,63,269639
9784,0.000468,74.125.68.0-255,351,58033,63,269639
9785,0.000472,172.31.40.0-255,66,58099,63,269639
9786,0.00051,74.125.68.0-255,1484,59583,63,269639
9787,0.000514,74.125.68.0-255,1484,61067,63,269639
9788,0.000517,172.31.40.0-255,66,61133,63,269639
9789,0.000522,74.125.68.0-255,2902,64035,63,269639
9790,0.000524,172.31.40.0-255,66,64101,63,269639
9791,0.000547,74.125.68.0-255,5738,69839,63,269639
9792,0.00055,172.31.40.0-255,66,69905,63,269639
9793,0.000574,74.125.68.0-255,5738,75643,63,269639
9794,0.000578,172.31.40.0-255,66,75709,63,269639
9795,0.000598,74.125.68.0-255,4320,80029,63,269639
9796,0.000602,172.31.40.0-255,66,80095,63,269639
9797,0.000624,74.125.68.0-255,7156,87251,63,269639
9798,0.000627,172.31.40.0-255,66,87317,63,269639
9799,0.000648,74.125.68.0-255,4320,91637,63,269639
9800,0.000652,172.31.40.0-255,66,91703,63,269639
9801,0.000655,74.125.68.0-255,766,92469,63,269639
9802,0.001261,74.125.68.0-255,1484,93953,63,269639
9803,0.001266,172.31.40.0-255,66,94019,63,269639
9804,0.00129,74.125.68.0-255,2902,96921,63,269639
9805,0.001292,172.31.40.0-255,66,96987,63,269639
9806,0.001297,74.125.68.0-255,2902,99889,63,269639
9807,0.001299,172.31.40.0-255,66,99955,63,269639
9808,0.001316,74.125.68.0-255,2902,102857,63,269639
9809,0.001318,172.31.40.0-255,66,102923,63,269639
9810,0.001323,74.125.68.0-255,4320,107243,63,269639
9811,0.001325,172.31.40.0-255,66,107309,63,269639
9812,0.00135,74.125.68.0-255,5738,113047,63,269639
9813,0.001353,172.31.40.0-255,66,113113,63,269639
9814,0.001366,74.125.68.0-255,4320,117433,63,269639
9815,0.001368,172.31.40.0-255,66,117499,63,269639
9816,0.001391,74.125.68.0-255,7156,124655,63,269639
9817,0.001393,172.31.40.0-255,66,124721,63,269639
9818,0.001398,74.125.68.0-255,2184,126905,63,269639
9819,0.0014,172.31.40.0-255,66,126971,63,269639
9820,0.001503,74.125.68.0-255,1484,128455,63,269639
9821,0.001526,74.125.68.0-255,2902,131357,63,269639
9822,0.00153,172.31.40.0-255,66,131423,63,269639
9823,0.001534,74.125.68.0-255,1484,132907,63,269639
9824,0.001539,74.125.68.0-255,2902,135809,63,269639
9825,0.001541,172.31.40.0-255,66,135875,63,269639
9826,0.001591,74.125.68.0-255,5738,141613,63,269639
9827,0.001593,172.31.40.0-255,66,141679,63,269639
9828,0.0016,74.125.68.0-255,5738,147417,63,269639
9829,0.001602,172.31.40.0-255,66,147483,63,269639
9830,0.001611,74.125.68.0-255,7156,154639,63,269639
9831,0.001613,172.31.40.0-255,66,154705,63,269639
9832,0.001638,74.125.68.0-255,6438,161143,63,269639
9833,0.00164,172.31.40.0-255,66,161209,63,269639
9834,0.001879,74.125.68.0-255,1484,162693,63,269639
9835,0.001884,74.125.68.0-255,1484,164177,63,269639
9836,0.001887,172.31.40.0-255,66,164243,63,269639
9837,0.001899,74.125.68.0-255,1484,165727,63,269639
9838,0.001905,74.125.68.0-255,4320,170047,63,269639
9839,0.001908,172.31.40.0-255,66,170113,63,269639
9840,0.001928,74.125.68.0-255,1484,171597,63,269639
9841,0.001934,74.125.68.0-255,4320,175917,63,269639
9842,0.001936,172.31.40.0-255,66,175983,63,269639
9843,0.001953,74.125.68.0-255,2902,178885,63,269639
9844,0.001955,172.31.40.0-255,66,178951,63,269639
9845,0.001961,74.125.68.0-255,4320,183271,63,269639
9846,0.001962,172.31.40.0-255,66,183337,63,269639
9847,0.001989,74.125.68.0-255,4320,187657,63,269639
9848,0.001991,172.31.40.0-255,66,187723,63,269639
9849,0.002012,172.31.40.0-255,66,187789,63,269639
9850,0.00204,74.125.68.0-255,1484,189273,63,269639
9851,0.002044,74.125.68.0-255,2902,192175,63,269639
9852,0.002047,172.31.40.0-255,66,192241,63,269639
9853,0.00208,74.125.68.0-255,5738,197979,63,269639
9854,0.002083,172.31.40.0-255,66,198045,63,269639
9855,0.002088,74.125.68.0-255,2902,200947,63,269639
9856,0.002089,172.31.40.0-255,66,201013,63,269639
9857,0.002104,74.125.68.0-255,4320,205333,63,269639
9858,0.002106,172.31.40.0-255,66,205399,63,269639
9859,0.002118,74.125.68.0-255,2902,208301,63,269639
9860,0.002121,172.31.40.0-255,66,208367,63,269639
9861,0.00215,74.125.68.0-255,5738,214105,63,269639
9862,0.002152,172.31.40.0-255,66,214171,63,269639
9863,0.002163,172.31.40.0-255,66,214237,63,269639
9864,0.002189,74.125.68.0-255,1484,215721,63,269639
9865,0.002207,74.125.68.0-255,1484,217205,63,269639
9866,0.00221,172.31.40.0-255,66,217271,63,269639
9867,0.002225,74.125.68.0-255,1484,218755,63,269639
9868,0.002232,74.125.68.0-255,5738,224493,63,269639
9869,0.002235,172.31.40.0-255,66,224559,63,269639
9870,0.002263,74.125.68.0-255,7156,231715,63,269639
9871,0.002268,74.125.68.0-255,4320,236035,63,269639
9872,0.002272,172.31.40.0-255,66,236101,63,269639
9873,0.002291,74.125.68.0-255,4320,240421,63,269639
9874,0.007529,172.31.40.0-255,66,240487,63,269639
9875,0.007535,172.31.40.0-255,66,240553,63,269639
9876,0.007538,172.31.40.0-255,66,240619,63,269639
9877,0.009892,74.125.68.0-255,5738,246357,63,269639
9878,0.0099,172.31.40.0-255,66,246423,63,269639
9879,0.012247,74.125.68.0-255,5738,252161,63,269639
9880,0.012257,172.31.40.0-255,66,252227,63,269639
9881,0.014594,74.125.68.0-255,5738,257965,63,269639
9882,0.014602,172.31.40.0-255,66,258031,63,269639
9883,0.016949,74.125.68.0-255,5738,263769,63,269639
9884,0.016957,172.31.40.0-255,66,263835,63,269639
9885,0.0193,74.125.68.0-255,5738,269573,63,269639
9886,0.019308,172.31.40.0-255,66,269639,63,269639
9887,0.0,172.253.118.0-255,296,296,63,220869
9888,2.3e-05,172.31.40.0-255,66,362,63,220869
9889,2.9e-05,172.253.118.0-255,1484,1846,63,220869
9890,3.3e-05,172.31.40.0-255,66,1912,63,220869
9891,4e-05,172.253.118.0-255,4320,6232,63,220869
9892,4.4e-05,172.31.40.0-255,66,6298,63,220869
9893,5.1e-05,172.253.118.0-255,7156,13454,63,220869
9894,5.3e-05,172.31.40.0-255,66,13520,63,220869
9895,8.8e-05,172.31.40.0-255,66,13586,63,220869
9896,0.000105,172.253.118.0-255,1929,15515,63,220869
9897,0.000107,172.31.40.0-255,66,15581,63,220869
9898,0.000112,172.253.118.0-255,2543,18124,63,220869
9899,0.000113,172.31.40.0-255,66,18190,63,220869
9900,0.000238,172.253.118.0-255,1484,19674,63,220869
9901,0.000244,172.31.40.0-255,66,19740,63,220869
9902,0.00025,172.253.118.0-255,2902,22642,63,220869
9903,0.000252,172.31.40.0-255,66,22708,63,220869
9904,0.000258,172.253.118.0-255,4320,27028,63,220869
9905,0.00026,172.31.40.0-255,66,27094,63,220869
9906,0.000278,172.253.118.0-255,1484,28578,63,220869
9907,0.000281,172.31.40.0-255,66,28644,63,220869
9908,0.000285,172.253.118.0-255,2902,31546,63,220869
9909,0.000287,172.31.40.0-255,66,31612,63,220869
9910,0.000321,172.31.40.0-255,66,31678,63,220869
9911,0.000332,172.31.40.0-255,66,31744,63,220869
9912,0.00035,172.253.118.0-255,401,32145,63,220869
9913,0.000353,172.31.40.0-255,66,32211,63,220869
9914,0.000413,172.253.118.0-255,346,32557,63,220869
9915,0.000416,172.31.40.0-255,66,32623,63,220869
9916,0.000597,172.253.118.0-255,1484,34107,63,220869
9917,0.000616,172.253.118.0-255,2902,37009,63,220869
9918,0.000622,172.253.118.0-255,4320,41329,63,220869
9919,0.000626,172.31.40.0-255,66,41395,63,220869
9920,0.00063,172.31.40.0-255,66,41461,63,220869
9921,0.000638,172.253.118.0-255,1484,42945,63,220869
9922,0.000665,172.253.118.0-255,7156,50101,63,220869
9923,0.000668,172.31.40.0-255,66,50167,63,220869
9924,0.000688,172.253.118.0-255,3961,54128,63,220869
9925,0.000691,172.31.40.0-255,66,54194,63,220869
9926,0.000697,172.253.118.0-255,4320,58514,63,220869
9927,0.0007,172.31.40.0-255,66,58580,63,220869
9928,0.000723,172.253.118.0-255,7156,65736,63,220869
9929,0.000726,172.31.40.0-255,66,65802,63,220869
9930,0.000729,172.253.118.0-255,1125,66927,63,220869
9931,0.000996,172.253.118.0-255,1484,68411,63,220869
9932,0.001001,172.31.40.0-255,66,68477,63,220869
9933,0.001006,172.253.118.0-255,2902,71379,63,220869
9934,0.001008,172.31.40.0-255,66,71445,63,220869
9935,0.001041,172.253.118.0-255,5738,77183,63,220869
9936,0.001044,172.31.40.0-255,66,77249,63,220869
9937,0.001066,172.253.118.0-255,7156,84405,63,220869
9938,0.001069,172.31.40.0-255,66,84471,63,220869
9939,0.001091,172.253.118.0-255,5738,90209,63,220869
9940,0.001093,172.31.40.0-255,66,90275,63,220869
9941,0.001106,172.253.118.0-255,2902,93177,63,220869
9942,0.001109,172.31.40.0-255,66,93243,63,220869
9943,0.001115,172.253.118.0-255,4320,97563,63,220869
9944,0.001118,172.31.40.0-255,66,97629,63,220869
9945,0.001139,172.253.118.0-255,3049,100678,63,220869
9946,0.001142,172.31.40.0-255,66,100744,63,220869
9947,0.001146,172.253.118.0-255,1484,102228,63,220869
9948,0.001178,172.253.118.0-255,7156,109384,63,220869
9949,0.001182,172.31.40.0-255,66,109450,63,220869
9950,0.001187,172.253.118.0-255,4320,113770,63,220869
9951,0.001189,172.31.40.0-255,66,113836,63,220869
9952,0.001192,172.253.118.0-255,1484,115320,63,220869
9953,0.001239,172.253.118.0-255,5738,121058,63,220869
9954,0.001281,172.31.40.0-255,66,121124,63,220869
9955,0.001284,172.31.40.0-255,66,121190,63,220869
9956,0.001288,172.253.118.0-255,766,121956,63,220869
9957,0.001344,172.253.118.0-255,1484,123440,63,220869
9958,0.001348,172.31.40.0-255,66,123506,63,220869
9959,0.001353,172.253.118.0-255,2902,126408,63,220869
9960,0.001356,172.31.40.0-255,66,126474,63,220869
9961,0.001371,172.253.118.0-255,5738,132212,63,220869
9962,0.001374,172.31.40.0-255,66,132278,63,220869
9963,0.001435,172.253.118.0-255,6797,139075,63,220869
9964,0.001439,172.31.40.0-255,66,139141,63,220869
9965,0.001627,172.253.118.0-255,1484,140625,63,220869
9966,0.001648,172.253.118.0-255,2902,143527,63,220869
9967,0.001651,172.31.40.0-255,66,143593,63,220869
9968,0.001657,172.253.118.0-255,4320,147913,63,220869
9969,0.001659,172.31.40.0-255,66,147979,63,220869
9970,0.001673,172.253.118.0-255,1484,149463,63,220869
9971,0.001675,172.253.118.0-255,1484,150947,63,220869
9972,0.001683,172.31.40.0-255,66,151013,63,220869
9973,0.001687,172.253.118.0-255,2902,153915,63,220869
9974,0.00169,172.31.40.0-255,66,153981,63,220869
9975,0.001706,172.253.118.0-255,5738,159719,63,220869
9976,0.001708,172.31.40.0-255,66,159785,63,220869
9977,0.001722,172.253.118.0-255,4320,164105,63,220869
9978,0.001724,172.31.40.0-255,66,164171,63,220869
9979,0.001746,172.31.40.0-255,66,164237,63,220869
9980,0.001771,172.253.118.0-255,4320,168557,63,220869
9981,0.001774,172.31.40.0-255,66,168623,63,220869
9982,0.001807,172.31.40.0-255,66,168689,63,220869
9983,0.00183,172.253.118.0-255,7156,175845,63,220869
9984,0.001832,172.31.40.0-255,66,175911,63,220869
9985,0.001843,172.31.40.0-255,66,175977,63,220869
9986,0.001874,172.31.40.0-255,66,176043,63,220869
9987,0.001899,172.253.118.0-255,2902,178945,63,220869
9988,0.001901,172.31.40.0-255,66,179011,63,220869
9989,0.001936,172.31.40.0-255,66,179077,63,220869
9990,0.001957,172.253.118.0-255,2184,181261,63,220869
9991,0.001959,172.31.40.0-255,66,181327,63,220869
9992,0.001962,172.253.118.0-255,1484,182811,63,220869
9993,0.001966,172.253.118.0-255,2902,185713,63,220869
9994,0.001968,172.31.40.0-255,66,185779,63,220869
9995,0.001975,172.253.118.0-255,5738,191517,63,220869
9996,0.001977,172.31.40.0-255,66,191583,63,220869
9997,0.002014,172.31.40.0-255,66,191649,63,220869
9998,0.002071,172.31.40.0-255,66,191715,63,220869
9999,0.002085,172.31.40.0-255,66,191781,63,220869
10000,0.002116,172.31.40.0-255,66,191847,63,220869
10001,0.002153,172.253.118.0-255,1484,193331,63,220869
10002,0.002159,172.253.118.0-255,2902,196233,63,220869
10003,0.002162,172.31.40.0-255,66,196299,63,220869
10004,0.002167,172.253.118.0-255,2902,199201,63,220869
10005,0.002169,172.31.40.0-255,66,199267,63,220869
10006,0.002184,172.253.118.0-255,2902,202169,63,220869
10007,0.002186,172.31.40.0-255,66,202235,63,220869
10008,0.002192,172.253.118.0-255,4320,206555,63,220869
10009,0.002193,172.31.40.0-255,66,206621,63,220869
10010,0.002263,172.31.40.0-255,66,206687,63,220869
10011,0.002273,172.31.40.0-255,66,206753,63,220869
10012,0.002318,172.253.118.0-255,1484,208237,63,220869
10013,0.00233,172.253.118.0-255,2902,211139,63,220869
10014,0.002333,172.31.40.0-255,66,211205,63,220869
10015,0.002358,172.253.118.0-255,5738,216943,63,220869
10016,0.00236,172.31.40.0-255,66,217009,63,220869
10017,0.002394,172.31.40.0-255,66,217075,63,220869
10018,0.002404,172.31.40.0-255,66,217141,63,220869
10019,0.002433,172.253.118.0-255,3172,220313,63,220869
10020,0.002436,172.31.40.0-255,66,220379,63,220869
10021,0.002455,172.253.118.0-255,97,220476,63,220869
10022,0.004946,172.253.118.0-255,105,220581,63,220869
10023,0.013622,172.253.118.0-255,105,220686,63,220869
10024,0.013657,172.31.40.0-255,78,220764,63,220869
10025,0.018571,172.31.40.0-255,105,220869,63,220869
10026,0.0,172.31.40.0-255,105,105,63,276
10027,0.001803,157.240.24.0-255,105,210,63,276
10028,0.001815,172.31.40.0-255,66,276,63,276
10029,0.0,74.125.68.0-255,152,152,63,247331
10030,3e-05,172.31.40.0-255,66,218,63,247331
10031,3.8e-05,74.125.68.0-255,1484,1702,63,247331
10032,4.2e-05,172.31.40.0-255,66,1768,63,247331
10033,4.9e-05,74.125.68.0-255,2902,4670,63,247331
10034,5.9e-05,172.31.40.0-255,66,4736,63,247331
10035,6.6e-05,74.125.68.0-255,5738,10474,63,247331
10036,6.9e-05,172.31.40.0-255,66,10540,63,247331
10037,7.4e-05,74.125.68.0-255,3412,13952,63,247331
10038,7.8e-05,172.31.40.0-255,66,14018,63,247331
10039,8.4e-05,74.125.68.0-255,4320,18338,63,247331
10040,8.6e-05,172.31.40.0-255,66,18404,63,247331
10041,0.000141,172.31.40.0-255,66,18470,63,247331
10042,0.000145,74.125.68.0-255,2543,21013,63,247331
10043,0.000147,172.31.40.0-255,66,21079,63,247331
10044,0.000312,74.125.68.0-255,1484,22563,63,247331
10045,0.000317,172.31.40.0-255,66,22629,63,247331
10046,0.000322,74.125.68.0-255,2902,25531,63,247331
10047,0.000325,172.31.40.0-255,66,25597,63,247331
10048,0.000355,74.125.68.0-255,4320,29917,63,247331
10049,0.000358,172.31.40.0-255,66,29983,63,247331
10050,0.000394,172.31.40.0-255,66,30049,63,247331
10051,0.000714,74.125.68.0-255,1484,31533,63,247331
10052,0.00072,172.31.40.0-255,66,31599,63,247331
10053,0.000726,74.125.68.0-255,2902,34501,63,247331
10054,0.000728,172.31.40.0-255,66,34567,63,247331
10055,0.000731,74.125.68.0-255,1484,36051,63,247331
10056,0.000739,172.31.40.0-255,66,36117,63,247331
10057,0.000744,74.125.68.0-255,2902,39019,63,247331
10058,0.000746,172.31.40.0-255,66,39085,63,247331
10059,0.000753,74.125.68.0-255,5738,44823,63,247331
10060,0.000755,172.31.40.0-255,66,44889,63,247331
10061,0.000789,74.125.68.0-255,2543,47432,63,247331
10062,0.000793,172.31.40.0-255,66,47498,63,247331
10063,0.000835,74.125.68.0-255,1484,48982,63,247331
10064,0.000855,74.125.68.0-255,2902,51884,63,247331
10065,0.000858,172.31.40.0-255,66,51950,63,247331
10066,0.000891,74.125.68.0-255,5738,57688,63,247331
10067,0.000893,172.31.40.0-255,66,57754,63,247331
10068,0.000898,74.125.68.0-255,4320,62074,63,247331
10069,0.0009,172.31.40.0-255,66,62140,63,247331
10070,0.00093,74.125.68.0-255,7156,69296,63,247331
10071,0.000933,172.31.40.0-255,66,69362,63,247331
10072,0.00096,74.125.68.0-255,5379,74741,63,247331
10073,0.000962,172.31.40.0-255,66,74807,63,247331
10074,0.000968,74.125.68.0-255,4320,79127,63,247331
10075,0.00097,172.31.40.0-255,66,79193,63,247331
10076,0.00099,74.125.68.0-255,3122,82315,63,247331
10077,0.000992,172.31.40.0-255,66,82381,63,247331
10078,0.001094,74.125.68.0-255,1484,83865,63,247331
10079,0.001117,74.125.68.0-255,2902,86767,63,247331
10080,0.00112,172.31.40.0-255,66,86833,63,247331
10081,0.001148,74.125.68.0-255,5738,92571,63,247331
10082,0.001151,172.31.40.0-255,66,92637,63,247331
10083,0.001155,74.125.68.0-255,2902,95539,63,247331
10084,0.001157,172.31.40.0-255,66,95605,63,247331
10085,0.001198,74.125.68.0-255,1484,97089,63,247331
10086,0.001226,74.125.68.0-255,2902,99991,63,247331
10087,0.001229,172.31.40.0-255,66,100057,63,247331
10088,0.00124,172.31.40.0-255,66,100123,63,247331
10089,0.00125,74.125.68.0-255,5738,105861,63,247331
10090,0.001253,74.125.68.0-255,2184,108045,63,247331
10091,0.001275,172.31.40.0-255,66,108111,63,247331
10092,0.001362,74.125.68.0-255,1484,109595,63,247331
10093,0.001374,74.125.68.0-255,2902,112497,63,247331
10094,0.001377,172.31.40.0-255,66,112563,63,247331
10095,0.001387,74.125.68.0-255,1484,114047,63,247331
10096,0.001406,74.125.68.0-255,4320,118367,63,247331
10097,0.001408,74.125.68.0-255,1484,119851,63,247331
10098,0.001411,172.31.40.0-255,66,119917,63,247331
10099,0.001441,74.125.68.0-255,5738,125655,63,247331
10100,0.001444,74.125.68.0-255,1484,127139,63,247331
10101,0.001449,172.31.40.0-255,66,127205,63,247331
10102,0.001486,172.31.40.0-255,66,127271,63,247331
10103,0.001494,74.125.68.0-255,3602,130873,63,247331
10104,0.001511,74.125.68.0-255,2902,133775,63,247331
10105,0.001523,74.125.68.0-255,1484,135259,63,247331
10106,0.00153,172.31.40.0-255,66,135325,63,247331
10107,0.001557,74.125.68.0-255,7156,142481,63,247331
10108,0.001564,172.31.40.0-255,66,142547,63,247331
10109,0.001577,74.125.68.0-255,2902,145449,63,247331
10110,0.001586,74.125.68.0-255,5738,151187,63,247331
10111,0.001609,74.125.68.0-255,5738,156925,63,247331
10112,0.001624,172.31.40.0-255,66,156991,63,247331
10113,0.001679,74.125.68.0-255,1484,158475,63,247331
10114,0.001683,74.125.68.0-255,1484,159959,63,247331
10115,0.001694,172.31.40.0-255,66,160025,63,247331
10116,0.001703,74.125.68.0-255,1484,161509,63,247331
10117,0.001711,74.125.68.0-255,2902,164411,63,247331
10118,0.001716,74.125.68.0-255,4320,168731,63,247331
10119,0.001728,172.31.40.0-255,66,168797,63,247331
10120,0.001736,74.125.68.0-255,7156,175953,63,247331
10121,0.001759,74.125.68.0-255,1484,177437,63,247331
10122,0.001766,74.125.68.0-255,7156,184593,63,247331
10123,0.001784,172.31.40.0-255,66,184659,63,247331
10124,0.00181,74.125.68.0-255,4320,188979,63,247331
10125,0.001827,74.125.68.0-255,2184,191163,63,247331
10126,0.001839,172.31.40.0-255,66,191229,63,247331
10127,0.00233,74.125.68.0-255,1484,192713,63,247331
10128,0.002335,74.125.68.0-255,1484,194197,63,247331
10129,0.002339,172.31.40.0-255,66,194263,63,247331
10130,0.002367,74.125.68.0-255,1484,195747,63,247331
10131,0.002374,74.125.68.0-255,4320,200067,63,247331
10132,0.002378,74.125.68.0-255,2902,202969,63,247331
10133,0.002392,74.125.68.0-255,2902,205871,63,247331
10134,0.002397,172.31.40.0-255,66,205937,63,247331
10135,0.002423,74.125.68.0-255,1484,207421,63,247331
10136,0.002465,74.125.68.0-255,5738,213159,63,247331
10137,0.00248,74.125.68.0-255,3602,216761,63,247331
10138,0.002635,74.125.68.0-255,1484,218245,63,247331
10139,0.006156,172.31.40.0-255,66,218311,63,247331
10140,0.00878,74.125.68.0-255,5738,224049,63,247331
10141,0.008787,172.31.40.0-255,66,224115,63,247331
10142,0.011405,74.125.68.0-255,5738,229853,63,247331
10143,0.011413,172.31.40.0-255,66,229919,63,247331
10144,0.01403,74.125.68.0-255,5738,235657,63,247331
10145,0.014037,172.31.40.0-255,66,235723,63,247331
10146,0.016657,74.125.68.0-255,5738,241461,63,247331
10147,0.016665,172.31.40.0-255,66,241527,63,247331
10148,0.019304,74.125.68.0-255,5738,247265,63,247331
10149,0.019312,172.31.40.0-255,66,247331,63,247331
10150,0.0,172.217.194.0-255,154,154,63,103428
10151,2.4e-05,172.31.40.0-255,66,220,63,103428
10152,3.2e-05,172.217.194.0-255,1484,1704,63,103428
10153,3.6e-05,172.31.40.0-255,66,1770,63,103428
10154,4.2e-05,172.217.194.0-255,2902,4672,63,103428
10155,4.5e-05,172.31.40.0-255,66,4738,63,103428
10156,6.1e-05,172.217.194.0-255,7156,11894,63,103428
10157,6.3e-05,172.31.40.0-255,66,11960,63,103428
10158,6.8e-05,172.217.194.0-255,2101,14061,63,103428
10159,7e-05,172.31.40.0-255,66,14127,63,103428
10160,9.9e-05,172.217.194.0-255,7156,21283,63,103428
10161,0.000103,172.31.40.0-255,66,21349,63,103428
10162,0.000134,172.217.194.0-255,4320,25669,63,103428
10163,0.000137,172.31.40.0-255,66,25735,63,103428
10164,0.000142,172.217.194.0-255,2902,28637,63,103428
10165,0.000144,172.31.40.0-255,66,28703,63,103428
10166,0.000169,172.217.194.0-255,2543,31246,63,103428
10167,0.000177,172.31.40.0-255,66,31312,63,103428
10168,0.000396,172.217.194.0-255,1484,32796,63,103428
10169,0.000402,172.31.40.0-255,66,32862,63,103428
10170,0.000408,172.217.194.0-255,2902,35764,63,103428
10171,0.000411,172.31.40.0-255,66,35830,63,103428
10172,0.000436,172.217.194.0-255,1484,37314,63,103428
10173,0.000439,172.31.40.0-255,66,37380,63,103428
10174,0.000465,172.217.194.0-255,4320,41700,63,103428
10175,0.000467,172.31.40.0-255,66,41766,63,103428
10176,0.000482,172.31.40.0-255,66,41832,63,103428
10177,0.000494,172.31.40.0-255,66,41898,63,103428
10178,0.000863,172.217.194.0-255,646,42544,63,103428
10179,0.000868,172.31.40.0-255,66,42610,63,103428
10180,0.000891,172.217.194.0-255,1484,44094,63,103428
10181,0.000895,172.217.194.0-255,1484,45578,63,103428
10182,0.000897,172.31.40.0-255,66,45644,63,103428
10183,0.000924,172.217.194.0-255,2902,48546,63,103428
10184,0.000927,172.31.40.0-255,66,48612,63,103428
10185,0.000933,172.217.194.0-255,4320,52932,63,103428
10186,0.000936,172.31.40.0-255,66,52998,63,103428
10187,0.000973,172.217.194.0-255,1484,54482,63,103428
10188,0.00098,172.31.40.0-255,66,54548,63,103428
10189,0.000998,172.31.40.0-255,66,54614,63,103428
10190,0.001026,172.217.194.0-255,3602,58216,63,103428
10191,0.001028,172.31.40.0-255,66,58282,63,103428
10192,0.003269,172.217.194.0-255,1484,59766,63,103428
10193,0.003323,172.217.194.0-255,4320,64086,63,103428
10194,0.003328,172.31.40.0-255,66,64152,63,103428
10195,0.005642,172.217.194.0-255,4320,68472,63,103428
10196,0.005646,172.31.40.0-255,66,68538,63,103428
10197,0.00567,172.217.194.0-255,1484,70022,63,103428
10198,0.007934,172.217.194.0-255,4320,74342,63,103428
10199,0.007941,172.31.40.0-255,66,74408,63,103428
10200,0.010233,172.217.194.0-255,5738,80146,63,103428
10201,0.010243,172.31.40.0-255,66,80212,63,103428
10202,0.012521,172.217.194.0-255,5738,85950,63,103428
10203,0.012529,172.31.40.0-255,66,86016,63,103428
10204,0.014831,172.217.194.0-255,5738,91754,63,103428
10205,0.01484,172.31.40.0-255,66,91820,63,103428
10206,0.017163,172.217.194.0-255,5738,97558,63,103428
10207,0.017172,172.31.40.0-255,66,97624,63,103428
10208,0.019518,172.217.194.0-255,5738,103362,63,103428
10209,0.019526,172.31.40.0-255,66,103428,63,103428
10210,0.0,74.125.24.0-255,153,153,63,161689
10211,1.3e-05,172.31.40.0-255,66,219,63,161689
10212,1.9e-05,74.125.24.0-255,1484,1703,63,161689
10213,2.4e-05,172.31.40.0-255,66,1769,63,161689
10214,4.4e-05,74.125.24.0-255,2902,4671,63,161689
10215,4.7e-05,172.31.40.0-255,66,4737,63,161689
10216,5.1e-05,74.125.24.0-255,2902,7639,63,161689
10217,5.4e-05,172.31.40.0-255,66,7705,63,161689
10218,8.1e-05,74.125.24.0-255,4320,12025,63,161689
10219,8.3e-05,172.31.40.0-255,66,12091,63,161689
10220,8.7e-05,74.125.24.0-255,2039,14130,63,161689
10221,8.9e-05,172.31.40.0-255,66,14196,63,161689
10222,0.000102,74.125.24.0-255,2902,17098,63,161689
10223,0.000104,172.31.40.0-255,66,17164,63,161689
10224,0.000134,172.31.40.0-255,66,17230,63,161689
10225,0.000138,74.125.24.0-255,4320,21550,63,161689
10226,0.000141,172.31.40.0-255,66,21616,63,161689
10227,0.000169,74.125.24.0-255,1125,22741,63,161689
10228,0.000171,172.31.40.0-255,66,22807,63,161689
10229,0.00066,74.125.24.0-255,1484,24291,63,161689
10230,0.000666,172.31.40.0-255,66,24357,63,161689
10231,0.000673,74.125.24.0-255,2902,27259,63,161689
10232,0.000675,172.31.40.0-255,66,27325,63,161689
10233,0.000697,74.125.24.0-255,4320,31645,63,161689
10234,0.000699,172.31.40.0-255,66,31711,63,161689
10235,0.000718,74.125.24.0-255,1484,33195,63,161689
10236,0.00072,172.31.40.0-255,66,33261,63,161689
10237,0.000742,74.125.24.0-255,4320,37581,63,161689
10238,0.000745,172.31.40.0-255,66,37647,63,161689
10239,0.000771,74.125.24.0-255,5379,43026,63,161689
10240,0.000774,172.31.40.0-255,66,43092,63,161689
10241,0.000784,172.31.40.0-255,66,43158,63,161689
10242,0.000788,74.125.24.0-255,3961,47119,63,161689
10243,0.000791,172.31.40.0-255,66,47185,63,161689
10244,0.000812,74.125.24.0-255,411,47596,63,161689
10245,0.001088,74.125.24.0-255,1484,49080,63,161689
10246,0.001094,172.31.40.0-255,66,49146,63,161689
10247,0.0011,74.125.24.0-255,2902,52048,63,161689
10248,0.001102,172.31.40.0-255,66,52114,63,161689
10249,0.001107,74.125.24.0-255,4320,56434,63,161689
10250,0.001109,172.31.40.0-255,66,56500,63,161689
10251,0.00112,74.125.24.0-255,1484,57984,63,161689
10252,0.001132,74.125.24.0-255,1484,59468,63,161689
10253,0.001134,172.31.40.0-255,66,59534,63,161689
10254,0.001151,74.125.24.0-255,7156,66690,63,161689
10255,0.001154,172.31.40.0-255,66,66756,63,161689
10256,0.001196,74.125.24.0-255,2902,69658,63,161689
10257,0.001198,172.31.40.0-255,66,69724,63,161689
10258,0.001222,74.125.24.0-255,7156,76880,63,161689
10259,0.001226,172.31.40.0-255,66,76946,63,161689
10260,0.001245,74.125.24.0-255,5020,81966,63,161689
10261,0.001248,172.31.40.0-255,66,82032,63,161689
10262,0.00125,74.125.24.0-255,331,82363,63,161689
10263,0.00154,74.125.24.0-255,1484,83847,63,161689
10264,0.001547,172.31.40.0-255,66,83913,63,161689
10265,0.001553,74.125.24.0-255,2902,86815,63,161689
10266,0.001556,172.31.40.0-255,66,86881,63,161689
10267,0.00158,74.125.24.0-255,4320,91201,63,161689
10268,0.001583,172.31.40.0-255,66,91267,63,161689
10269,0.001605,74.125.24.0-255,1484,92751,63,161689
10270,0.001617,172.31.40.0-255,66,92817,63,161689
10271,0.00162,74.125.24.0-255,1484,94301,63,161689
10272,0.001644,172.31.40.0-255,66,94367,63,161689
10273,0.001648,74.125.24.0-255,2184,96551,63,161689
10274,0.00165,172.31.40.0-255,66,96617,63,161689
10275,0.001805,74.125.24.0-255,1484,98101,63,161689
10276,0.001818,74.125.24.0-255,1484,99585,63,161689
10277,0.00182,172.31.40.0-255,66,99651,63,161689
10278,0.001836,74.125.24.0-255,1484,101135,63,161689
10279,0.001843,74.125.24.0-255,5738,106873,63,161689
10280,0.001845,172.31.40.0-255,66,106939,63,161689
10281,0.001851,74.125.24.0-255,4320,111259,63,161689
10282,0.001853,172.31.40.0-255,66,111325,63,161689
10283,0.001907,172.31.40.0-255,66,111391,63,161689
10284,0.001924,74.125.24.0-255,2902,114293,63,161689
10285,0.001926,172.31.40.0-255,66,114359,63,161689
10286,0.001934,74.125.24.0-255,7156,121515,63,161689
10287,0.001937,172.31.40.0-255,66,121581,63,161689
10288,0.001953,74.125.24.0-255,766,122347,63,161689
10289,0.003917,172.31.40.0-255,66,122413,63,161689
10290,0.00438,74.125.24.0-255,4320,126733,63,161689
10291,0.004384,172.31.40.0-255,66,126799,63,161689
10292,0.006389,74.125.24.0-255,1484,128283,63,161689
10293,0.006825,74.125.24.0-255,4320,132603,63,161689
10294,0.006831,172.31.40.0-255,66,132669,63,161689
10295,0.009249,74.125.24.0-255,5738,138407,63,161689
10296,0.009256,172.31.40.0-255,66,138473,63,161689
10297,0.011677,74.125.24.0-255,5738,144211,63,161689
10298,0.011688,172.31.40.0-255,66,144277,63,161689
10299,0.014136,74.125.24.0-255,5738,150015,63,161689
10300,0.014149,172.31.40.0-255,66,150081,63,161689
10301,0.016551,74.125.24.0-255,5738,155819,63,161689
10302,0.016562,172.31.40.0-255,66,155885,63,161689
10303,0.018974,74.125.24.0-255,5738,161623,63,161689
10304,0.018991,172.31.40.0-255,66,161689,63,161689
10305,0.0,74.125.200.0-255,153,153,63,254909
10306,1.9e-05,172.31.40.0-255,66,219,63,254909
10307,2.6e-05,74.125.200.0-255,1484,1703,63,254909
10308,3.1e-05,172.31.40.0-255,66,1769,63,254909
10309,3.7e-05,74.125.200.0-255,2902,4671,63,254909
10310,4e-05,172.31.40.0-255,66,4737,63,254909
10311,4.6e-05,74.125.200.0-255,5738,10475,63,254909
10312,4.8e-05,172.31.40.0-255,66,10541,63,254909
10313,5.3e-05,74.125.200.0-255,3471,14012,63,254909
10314,5.7e-05,172.31.40.0-255,66,14078,63,254909
10315,9.6e-05,74.125.200.0-255,1484,15562,63,254909
10316,9.9e-05,172.31.40.0-255,66,15628,63,254909
10317,0.000111,74.125.200.0-255,1484,17112,63,254909
10318,0.000113,172.31.40.0-255,66,17178,63,254909
10319,0.000128,74.125.200.0-255,1484,18662,63,254909
10320,0.00013,172.31.40.0-255,66,18728,63,254909
10321,0.000137,74.125.200.0-255,5738,24466,63,254909
10322,0.00014,172.31.40.0-255,66,24532,63,254909
10323,0.000158,74.125.200.0-255,4320,28852,63,254909
10324,0.000161,172.31.40.0-255,66,28918,63,254909
10325,0.000182,74.125.200.0-255,2543,31461,63,254909
10326,0.000185,172.31.40.0-255,66,31527,63,254909
10327,0.000447,74.125.200.0-255,1484,33011,63,254909
10328,0.000452,172.31.40.0-255,66,33077,63,254909
10329,0.000457,74.125.200.0-255,1484,34561,63,254909
10330,0.00046,172.31.40.0-255,66,34627,63,254909
10331,0.000477,74.125.200.0-255,2902,37529,63,254909
10332,0.00048,172.31.40.0-255,66,37595,63,254909
10333,0.000485,74.125.200.0-255,2902,40497,63,254909
10334,0.000487,172.31.40.0-255,66,40563,63,254909
10335,0.000512,74.125.200.0-255,2902,43465,63,254909
10336,0.000514,172.31.40.0-255,66,43531,63,254909
10337,0.00052,74.125.200.0-255,5379,48910,63,254909
10338,0.000522,172.31.40.0-255,66,48976,63,254909
10339,0.000652,74.125.200.0-255,1484,50460,63,254909
10340,0.00067,74.125.200.0-255,1484,51944,63,254909
10341,0.000672,172.31.40.0-255,66,52010,63,254909
10342,0.000677,74.125.200.0-255,2902,54912,63,254909
10343,0.000679,172.31.40.0-255,66,54978,63,254909
10344,0.000683,74.125.200.0-255,2902,57880,63,254909
10345,0.000684,172.31.40.0-255,66,57946,63,254909
10346,0.000699,74.125.200.0-255,2902,60848,63,254909
10347,0.000701,172.31.40.0-255,66,60914,63,254909
10348,0.000719,74.125.200.0-255,4320,65234,63,254909
10349,0.000721,172.31.40.0-255,66,65300,63,254909
10350,0.000735,74.125.200.0-255,1460,66760,63,254909
10351,0.000781,74.125.200.0-255,342,67102,63,254909
10352,0.000784,172.31.40.0-255,66,67168,63,254909
10353,0.000813,74.125.200.0-255,1484,68652,63,254909
10354,0.000831,74.125.200.0-255,2902,71554,63,254909
10355,0.000834,172.31.40.0-255,66,71620,63,254909
10356,0.00085,74.125.200.0-255,1484,73104,63,254909
10357,0.000856,74.125.200.0-255,5738,78842,63,254909
10358,0.000858,172.31.40.0-255,66,78908,63,254909
10359,0.000881,74.125.200.0-255,4320,83228,63,254909
10360,0.000884,172.31.40.0-255,66,83294,63,254909
10361,0.000886,74.125.200.0-255,1125,84419,63,254909
10362,0.001051,74.125.200.0-255,1484,85903,63,254909
10363,0.001056,172.31.40.0-255,66,85969,63,254909
10364,0.001059,74.125.200.0-255,1484,87453,63,254909
10365,0.001073,74.125.200.0-255,1484,88937,63,254909
10366,0.001075,172.31.40.0-255,66,89003,63,254909
10367,0.00108,74.125.200.0-255,4320,93323,63,254909
10368,0.001081,172.31.40.0-255,66,93389,63,254909
10369,0.001114,172.31.40.0-255,66,93455,63,254909
10370,0.001119,74.125.200.0-255,4320,97775,63,254909
10371,0.001121,172.31.40.0-255,66,97841,63,254909
10372,0.001139,74.125.200.0-255,4320,102161,63,254909
10373,0.001142,172.31.40.0-255,66,102227,63,254909
10374,0.001159,74.125.200.0-255,1484,103711,63,254909
10375,0.001173,74.125.200.0-255,5738,109449,63,254909
10376,0.001175,172.31.40.0-255,66,109515,63,254909
10377,0.001192,74.125.200.0-255,766,110281,63,254909
10378,0.0013,74.125.200.0-255,1484,111765,63,254909
10379,0.001303,172.31.40.0-255,66,111831,63,254909
10380,0.001307,74.125.200.0-255,1484,113315,63,254909
10381,0.001323,74.125.200.0-255,1484,114799,63,254909
10382,0.001325,172.31.40.0-255,66,114865,63,254909
10383,0.00133,74.125.200.0-255,4320,119185,63,254909
10384,0.001331,172.31.40.0-255,66,119251,63,254909
10385,0.001358,172.31.40.0-255,66,119317,63,254909
10386,0.00136,74.125.200.0-255,1484,120801,63,254909
10387,0.00138,74.125.200.0-255,7156,127957,63,254909
10388,0.001382,172.31.40.0-255,66,128023,63,254909
10389,0.001425,74.125.200.0-255,5738,133761,63,254909
10390,0.001437,74.125.200.0-255,2184,135945,63,254909
10391,0.001499,74.125.200.0-255,1484,137429,63,254909
10392,0.001517,74.125.200.0-255,2902,140331,63,254909
10393,0.001522,74.125.200.0-255,4320,144651,63,254909
10394,0.001575,74.125.200.0-255,1484,146135,63,254909
10395,0.001591,74.125.200.0-255,7156,153291,63,254909
10396,0.001621,74.125.200.0-255,2902,156193,63,254909
10397,0.001636,74.125.200.0-255,2902,159095,63,254909
10398,0.001653,74.125.200.0-255,2184,161279,63,254909
10399,0.00182,74.125.200.0-255,1484,162763,63,254909
10400,0.001824,74.125.200.0-255,1484,164247,63,254909
10401,0.001835,74.125.200.0-255,1484,165731,63,254909
10402,0.001858,74.125.200.0-255,5738,171469,63,254909
10403,0.001875,74.125.200.0-255,4320,175789,63,254909
10404,0.001891,74.125.200.0-255,2902,178691,63,254909
10405,0.001908,74.125.200.0-255,4320,183011,63,254909
10406,0.001921,74.125.200.0-255,4320,187331,63,254909
10407,0.001926,74.125.200.0-255,2902,190233,63,254909
10408,0.001941,74.125.200.0-255,4320,194553,63,254909
10409,0.001956,74.125.200.0-255,766,195319,63,254909
10410,0.002134,74.125.200.0-255,1484,196803,63,254909
10411,0.00214,74.125.200.0-255,2902,199705,63,254909
10412,0.002158,74.125.200.0-255,2902,202607,63,254909
10413,0.002171,74.125.200.0-255,2902,205509,63,254909
10414,0.002176,74.125.200.0-255,4320,209829,63,254909
10415,0.00219,74.125.200.0-255,1484,211313,63,254909
10416,0.002201,74.125.200.0-255,4320,215633,63,254909
10417,0.002212,74.125.200.0-255,2902,218535,63,254909
10418,0.002224,74.125.200.0-255,1484,220019,63,254909
10419,0.004003,172.31.40.0-255,66,220085,63,254909
10420,0.0064,74.125.200.0-255,5738,225823,63,254909
10421,0.006408,172.31.40.0-255,66,225889,63,254909
10422,0.008802,74.125.200.0-255,5738,231627,63,254909
10423,0.008809,172.31.40.0-255,66,231693,63,254909
10424,0.011193,74.125.200.0-255,5738,237431,63,254909
10425,0.011197,172.31.40.0-255,66,237497,63,254909
10426,0.013582,74.125.200.0-255,5738,243235,63,254909
10427,0.013588,172.31.40.0-255,66,243301,63,254909
10428,0.015984,74.125.200.0-255,5738,249039,63,254909
10429,0.015992,172.31.40.0-255,66,249105,63,254909
10430,0.018395,74.125.200.0-255,5738,254843,63,254909
10431,0.018401,172.31.40.0-255,66,254909,63,254909
10432,0.0,74.125.24.0-255,154,154,63,215172
10433,1.5e-05,172.31.40.0-255,66,220,63,215172
10434,2.2e-05,74.125.24.0-255,1484,1704,63,215172
10435,2.6e-05,172.31.40.0-255,66,1770,63,215172
10436,4.3e-05,74.125.24.0-255,2902,4672,63,215172
10437,4.5e-05,172.31.40.0-255,66,4738,63,215172
10438,5.1e-05,74.125.24.0-255,5738,10476,63,215172
10439,5.3e-05,172.31.40.0-255,66,10542,63,215172
10440,7.6e-05,74.125.24.0-255,3521,14063,63,215172
10441,7.8e-05,172.31.40.0-255,66,14129,63,215172
10442,0.00014,74.125.24.0-255,1484,15613,63,215172
10443,0.000142,172.31.40.0-255,66,15679,63,215172
10444,0.000147,74.125.24.0-255,2902,18581,63,215172
10445,0.000149,172.31.40.0-255,66,18647,63,215172
10446,0.000159,74.125.24.0-255,1484,20131,63,215172
10447,0.00016,172.31.40.0-255,66,20197,63,215172
10448,0.000177,74.125.24.0-255,4320,24517,63,215172
10449,0.000179,172.31.40.0-255,66,24583,63,215172
10450,0.000181,74.125.24.0-255,1484,26067,63,215172
10451,0.000183,172.31.40.0-255,66,26133,63,215172
10452,0.000212,172.31.40.0-255,66,26199,63,215172
10453,0.000242,74.125.24.0-255,2543,28742,63,215172
10454,0.000244,172.31.40.0-255,66,28808,63,215172
10455,0.000255,172.31.40.0-255,66,28874,63,215172
10456,0.000297,172.31.40.0-255,66,28940,63,215172
10457,0.000483,74.125.24.0-255,114,29054,63,215172
10458,0.000487,172.31.40.0-255,66,29120,63,215172
10459,0.000512,74.125.24.0-255,333,29453,63,215172
10460,0.000514,172.31.40.0-255,66,29519,63,215172
10461,0.000826,74.125.24.0-255,1484,31003,63,215172
10462,0.000845,74.125.24.0-255,2902,33905,63,215172
10463,0.000848,172.31.40.0-255,66,33971,63,215172
10464,0.000855,74.125.24.0-255,5738,39709,63,215172
10465,0.000856,172.31.40.0-255,66,39775,63,215172
10466,0.000875,74.125.24.0-255,2902,42677,63,215172
10467,0.000877,172.31.40.0-255,66,42743,63,215172
10468,0.000922,74.125.24.0-255,2902,45645,63,215172
10469,0.000925,172.31.40.0-255,66,45711,63,215172
10470,0.000946,74.125.24.0-255,4320,50031,63,215172
10471,0.000948,172.31.40.0-255,66,50097,63,215172
10472,0.000961,172.31.40.0-255,66,50163,63,215172
10473,0.000965,74.125.24.0-255,2184,52347,63,215172
10474,0.000967,172.31.40.0-255,66,52413,63,215172
10475,0.001094,74.125.24.0-255,1484,53897,63,215172
10476,0.0011,74.125.24.0-255,2902,56799,63,215172
10477,0.001103,172.31.40.0-255,66,56865,63,215172
10478,0.001109,74.125.24.0-255,4320,61185,63,215172
10479,0.001111,172.31.40.0-255,66,61251,63,215172
10480,0.001123,74.125.24.0-255,1484,62735,63,215172
10481,0.001163,172.31.40.0-255,66,62801,63,215172
10482,0.001177,172.31.40.0-255,66,62867,63,215172
10483,0.001989,74.125.24.0-255,1484,64351,63,215172
10484,0.002,74.125.24.0-255,2902,67253,63,215172
10485,0.002004,172.31.40.0-255,66,67319,63,215172
10486,0.002011,74.125.24.0-255,5738,73057,63,215172
10487,0.002013,172.31.40.0-255,66,73123,63,215172
10488,0.00202,74.125.24.0-255,5738,78861,63,215172
10489,0.002022,172.31.40.0-255,66,78927,63,215172
10490,0.002039,74.125.24.0-255,1484,80411,63,215172
10491,0.002054,172.31.40.0-255,66,80477,63,215172
10492,0.002068,74.125.24.0-255,2184,82661,63,215172
10493,0.00207,172.31.40.0-255,66,82727,63,215172
10494,0.002111,74.125.24.0-255,2902,85629,63,215172
10495,0.002113,172.31.40.0-255,66,85695,63,215172
10496,0.002121,74.125.24.0-255,7156,92851,63,215172
10497,0.002123,172.31.40.0-255,66,92917,63,215172
10498,0.002133,172.31.40.0-255,66,92983,63,215172
10499,0.002159,74.125.24.0-255,5738,98721,63,215172
10500,0.002162,172.31.40.0-255,66,98787,63,215172
10501,0.002207,172.31.40.0-255,66,98853,63,215172
10502,0.002222,172.31.40.0-255,66,98919,63,215172
10503,0.002228,74.125.24.0-255,5738,104657,63,215172
10504,0.002231,172.31.40.0-255,66,104723,63,215172
10505,0.002253,74.125.24.0-255,7156,111879,63,215172
10506,0.002255,172.31.40.0-255,66,111945,63,215172
10507,0.002282,74.125.24.0-255,3602,115547,63,215172
10508,0.002284,172.31.40.0-255,66,115613,63,215172
10509,0.002299,74.125.24.0-255,1484,117097,63,215172
10510,0.002319,74.125.24.0-255,2902,119999,63,215172
10511,0.002322,172.31.40.0-255,66,120065,63,215172
10512,0.00234,74.125.24.0-255,5738,125803,63,215172
10513,0.002343,172.31.40.0-255,66,125869,63,215172
10514,0.002348,74.125.24.0-255,4320,130189,63,215172
10515,0.002351,172.31.40.0-255,66,130255,63,215172
10516,0.002397,172.31.40.0-255,66,130321,63,215172
10517,0.0024,74.125.24.0-255,1484,131805,63,215172
10518,0.002403,74.125.24.0-255,1484,133289,63,215172
10519,0.002405,172.31.40.0-255,66,133355,63,215172
10520,0.002408,74.125.24.0-255,1484,134839,63,215172
10521,0.002414,74.125.24.0-255,5738,140577,63,215172
10522,0.002416,172.31.40.0-255,66,140643,63,215172
10523,0.002419,74.125.24.0-255,766,141409,63,215172
10524,0.002533,74.125.24.0-255,1484,142893,63,215172
10525,0.002538,172.31.40.0-255,66,142959,63,215172
10526,0.002543,74.125.24.0-255,2902,145861,63,215172
10527,0.002546,172.31.40.0-255,66,145927,63,215172
10528,0.002572,74.125.24.0-255,2902,148829,63,215172
10529,0.002575,172.31.40.0-255,66,148895,63,215172
10530,0.0026,74.125.24.0-255,5738,154633,63,215172
10531,0.002626,74.125.24.0-255,5738,160371,63,215172
10532,0.002629,74.125.24.0-255,1484,161855,63,215172
10533,0.002636,74.125.24.0-255,5020,166875,63,215172
10534,0.002952,74.125.24.0-255,1484,168359,63,215172
10535,0.002957,74.125.24.0-255,1484,169843,63,215172
10536,0.002974,74.125.24.0-255,1484,171327,63,215172
10537,0.002998,74.125.24.0-255,5738,177065,63,215172
10538,0.003001,74.125.24.0-255,1484,178549,63,215172
10539,0.003031,74.125.24.0-255,1484,180033,63,215172
10540,0.003086,74.125.24.0-255,4320,184353,63,215172
10541,0.003151,74.125.24.0-255,5738,190091,63,215172
10542,0.00317,74.125.24.0-255,3602,193693,63,215172
10543,0.003188,74.125.24.0-255,4320,198013,63,215172
10544,0.003207,74.125.24.0-255,5738,203751,63,215172
10545,0.003211,74.125.24.0-255,2902,206653,63,215172
10546,0.003258,74.125.24.0-255,1484,208137,63,215172
10547,0.003266,74.125.24.0-255,6438,214575,63,215172
10548,0.003281,74.125.24.0-255,255,214830,63,215172
10549,0.003344,74.125.24.0-255,105,214935,63,215172
10550,0.008202,172.31.40.0-255,66,215001,63,215172
10551,0.010118,172.31.40.0-255,105,215106,63,215172
10552,0.012431,74.125.24.0-255,66,215172,63,215172
10553,0.0,172.217.194.0-255,150,150,63,187378
10554,2.2e-05,172.31.40.0-255,66,216,63,187378
10555,3e-05,172.217.194.0-255,1484,1700,63,187378
10556,3.6e-05,172.31.40.0-255,66,1766,63,187378
10557,4.2e-05,172.217.194.0-255,2902,4668,63,187378
10558,4.6e-05,172.31.40.0-255,66,4734,63,187378
10559,5.4e-05,172.217.194.0-255,7156,11890,63,187378
10560,5.7e-05,172.31.40.0-255,66,11956,63,187378
10561,6.1e-05,172.217.194.0-255,2056,14012,63,187378
10562,6.4e-05,172.31.40.0-255,66,14078,63,187378
10563,8.4e-05,172.217.194.0-255,1484,15562,63,187378
10564,8.6e-05,172.31.40.0-255,66,15628,63,187378
10565,0.000107,172.217.194.0-255,7156,22784,63,187378
10566,0.00011,172.31.40.0-255,66,22850,63,187378
10567,0.000126,172.217.194.0-255,2902,25752,63,187378
10568,0.000129,172.31.40.0-255,66,25818,63,187378
10569,0.000135,172.217.194.0-255,5379,31197,63,187378
10570,0.000137,172.31.40.0-255,66,31263,63,187378
10571,0.00019,172.217.194.0-255,1484,32747,63,187378
10572,0.000193,172.31.40.0-255,66,32813,63,187378
10573,0.000213,172.217.194.0-255,2902,35715,63,187378
10574,0.000216,172.31.40.0-255,66,35781,63,187378
10575,0.000222,172.217.194.0-255,5738,41519,63,187378
10576,0.000224,172.31.40.0-255,66,41585,63,187378
10577,0.000253,172.217.194.0-255,5738,47323,63,187378
10578,0.000255,172.31.40.0-255,66,47389,63,187378
10579,0.000287,172.31.40.0-255,66,47455,63,187378
10580,0.000299,172.31.40.0-255,66,47521,63,187378
10581,0.000301,172.217.194.0-255,381,47902,63,187378
10582,0.000303,172.31.40.0-255,66,47968,63,187378
10583,0.000318,172.217.194.0-255,395,48363,63,187378
10584,0.000582,172.217.194.0-255,1484,49847,63,187378
10585,0.000588,172.31.40.0-255,66,49913,63,187378
10586,0.000594,172.217.194.0-255,2902,52815,63,187378
10587,0.000597,172.31.40.0-255,66,52881,63,187378
10588,0.000623,172.217.194.0-255,5738,58619,63,187378
10589,0.000626,172.31.40.0-255,66,58685,63,187378
10590,0.000638,172.31.40.0-255,66,58751,63,187378
10591,0.000657,172.217.194.0-255,1484,60235,63,187378
10592,0.000663,172.217.194.0-255,4320,64555,63,187378
10593,0.000667,172.31.40.0-255,66,64621,63,187378
10594,0.000716,172.31.40.0-255,66,64687,63,187378
10595,0.000941,172.217.194.0-255,1484,66171,63,187378
10596,0.000947,172.217.194.0-255,2902,69073,63,187378
10597,0.00095,172.31.40.0-255,66,69139,63,187378
10598,0.000995,172.217.194.0-255,5738,74877,63,187378
10599,0.000997,172.31.40.0-255,66,74943,63,187378
10600,0.001014,172.217.194.0-255,4320,79263,63,187378
10601,0.00102,172.31.40.0-255,66,79329,63,187378
10602,0.001032,172.217.194.0-255,6438,85767,63,187378
10603,0.001037,172.31.40.0-255,66,85833,63,187378
10604,0.001532,172.217.194.0-255,1484,87317,63,187378
10605,0.001538,172.217.194.0-255,2902,90219,63,187378
10606,0.001542,172.31.40.0-255,66,90285,63,187378
10607,0.001548,172.217.194.0-255,2902,93187,63,187378
10608,0.00155,172.31.40.0-255,66,93253,63,187378
10609,0.001567,172.217.194.0-255,2902,96155,63,187378
10610,0.001569,172.31.40.0-255,66,96221,63,187378
10611,0.00158,172.31.40.0-255,66,96287,63,187378
10612,0.001603,172.217.194.0-255,4320,100607,63,187378
10613,0.001605,172.31.40.0-255,66,100673,63,187378
10614,0.001628,172.217.194.0-255,7156,107829,63,187378
10615,0.001631,172.31.40.0-255,66,107895,63,187378
10616,0.001645,172.217.194.0-255,3602,111497,63,187378
10617,0.001648,172.31.40.0-255,66,111563,63,187378
10618,0.001702,172.217.194.0-255,1484,113047,63,187378
10619,0.001706,172.217.194.0-255,1484,114531,63,187378
10620,0.001708,172.31.40.0-255,66,114597,63,187378
10621,0.00173,172.217.194.0-255,1484,116081,63,187378
10622,0.001736,172.217.194.0-255,5738,121819,63,187378
10623,0.001738,172.31.40.0-255,66,121885,63,187378
10624,0.00176,172.31.40.0-255,66,121951,63,187378
10625,0.001775,172.217.194.0-255,2902,124853,63,187378
10626,0.001778,172.31.40.0-255,66,124919,63,187378
10627,0.00179,172.31.40.0-255,66,124985,63,187378
10628,0.001963,172.217.194.0-255,1484,126469,63,187378
10629,0.001968,172.217.194.0-255,2902,129371,63,187378
10630,0.001972,172.31.40.0-255,66,129437,63,187378
10631,0.001975,172.217.194.0-255,1484,130921,63,187378
10632,0.001997,172.217.194.0-255,4320,135241,63,187378
10633,0.002,172.31.40.0-255,66,135307,63,187378
10634,0.002005,172.217.194.0-255,4320,139627,63,187378
10635,0.002007,172.31.40.0-255,66,139693,63,187378
10636,0.002028,172.31.40.0-255,66,139759,63,187378
10637,0.002048,172.31.40.0-255,66,139825,63,187378
10638,0.002075,172.217.194.0-255,7156,146981,63,187378
10639,0.002144,172.217.194.0-255,7156,154137,63,187378
10640,0.00227,172.217.194.0-255,5020,159157,63,187378
10641,0.002305,172.217.194.0-255,7156,166313,63,187378
10642,0.002357,172.217.194.0-255,7156,173469,63,187378
10643,0.002407,172.217.194.0-255,2902,176371,63,187378
10644,0.002428,172.217.194.0-255,7156,183527,63,187378
10645,0.002441,172.217.194.0-255,2855,186382,63,187378
10646,0.002455,172.217.194.0-255,105,186487,63,187378
10647,0.002466,172.217.194.0-255,129,186616,63,187378
10648,0.009234,172.31.40.0-255,66,186682,63,187378
10649,0.01138,172.31.40.0-255,105,186787,63,187378
10650,0.011422,172.31.40.0-255,105,186892,63,187378
10651,0.011633,172.31.40.0-255,90,186982,63,187378
10652,0.011643,172.31.40.0-255,66,187048,63,187378
10653,0.014004,172.217.194.0-255,66,187114,63,187378
10654,0.014017,172.217.194.0-255,66,187180,63,187378
10655,0.01423,172.217.194.0-255,66,187246,63,187378
10656,0.014253,172.217.194.0-255,66,187312,63,187378
10657,0.01426,172.31.40.0-255,66,187378,63,187378
10658,0.0,74.125.24.0-255,295,295,63,194685
10659,2.5e-05,172.31.40.0-255,66,361,63,194685
10660,3.2e-05,74.125.24.0-255,1484,1845,63,194685
10661,3.6e-05,172.31.40.0-255,66,1911,63,194685
10662,5.1e-05,74.125.24.0-255,4320,6231,63,194685
10663,5.5e-05,172.31.40.0-255,66,6297,63,194685
10664,6.3e-05,74.125.24.0-255,7156,13453,63,194685
10665,6.6e-05,172.31.40.0-255,66,13519,63,194685
10666,6.9e-05,74.125.24.0-255,447,13966,63,194685
10667,7.2e-05,172.31.40.0-255,66,14032,63,194685
10668,0.000107,74.125.24.0-255,1484,15516,63,194685
10669,0.00011,172.31.40.0-255,66,15582,63,194685
10670,0.000115,74.125.24.0-255,4320,19902,63,194685
10671,0.000118,172.31.40.0-255,66,19968,63,194685
10672,0.00012,74.125.24.0-255,1484,21452,63,194685
10673,0.000127,172.31.40.0-255,66,21518,63,194685
10674,0.000176,74.125.24.0-255,2902,24420,63,194685
10675,0.000179,172.31.40.0-255,66,24486,63,194685
10676,0.000202,74.125.24.0-255,6797,31283,63,194685
10677,0.000204,172.31.40.0-255,66,31349,63,194685
10678,0.000331,74.125.24.0-255,1484,32833,63,194685
10679,0.000335,172.31.40.0-255,66,32899,63,194685
10680,0.000341,74.125.24.0-255,2902,35801,63,194685
10681,0.000343,172.31.40.0-255,66,35867,63,194685
10682,0.000349,74.125.24.0-255,4320,40187,63,194685
10683,0.000352,172.31.40.0-255,66,40253,63,194685
10684,0.000382,74.125.24.0-255,1484,41737,63,194685
10685,0.000384,172.31.40.0-255,66,41803,63,194685
10686,0.000391,74.125.24.0-255,6797,48600,63,194685
10687,0.000394,172.31.40.0-255,66,48666,63,194685
10688,0.000413,172.31.40.0-255,66,48732,63,194685
10689,0.000436,74.125.24.0-255,1484,50216,63,194685
10690,0.000446,74.125.24.0-255,2856,53072,63,194685
10691,0.000448,172.31.40.0-255,66,53138,63,194685
10692,0.000473,74.125.24.0-255,109,53247,63,194685
10693,0.000492,74.125.24.0-255,330,53577,63,194685
10694,0.000893,74.125.24.0-255,1484,55061,63,194685
10695,0.000899,172.31.40.0-255,66,55127,63,194685
10696,0.000905,74.125.24.0-255,2902,58029,63,194685
10697,0.000907,172.31.40.0-255,66,58095,63,194685
10698,0.000913,74.125.24.0-255,5738,63833,63,194685
10699,0.000921,172.31.40.0-255,66,63899,63,194685
10700,0.000924,74.125.24.0-255,1484,65383,63,194685
10701,0.000958,74.125.24.0-255,7156,72539,63,194685
10702,0.000961,172.31.40.0-255,66,72605,63,194685
10703,0.001,172.31.40.0-255,66,72671,63,194685
10704,0.001238,74.125.24.0-255,1484,74155,63,194685
10705,0.001244,74.125.24.0-255,2902,77057,63,194685
10706,0.001248,172.31.40.0-255,66,77123,63,194685
10707,0.001297,74.125.24.0-255,5738,82861,63,194685
10708,0.001301,172.31.40.0-255,66,82927,63,194685
10709,0.001314,172.31.40.0-255,66,82993,63,194685
10710,0.001317,74.125.24.0-255,1484,84477,63,194685
10711,0.001351,172.31.40.0-255,66,84543,63,194685
10712,0.001945,74.125.24.0-255,1484,86027,63,194685
10713,0.001953,74.125.24.0-255,2902,88929,63,194685
10714,0.001957,172.31.40.0-255,66,88995,63,194685
10715,0.001964,74.125.24.0-255,5738,94733,63,194685
10716,0.001966,172.31.40.0-255,66,94799,63,194685
10717,0.002005,172.31.40.0-255,66,94865,63,194685
10718,0.002015,172.31.40.0-255,66,94931,63,194685
10719,0.00204,74.125.24.0-255,1484,96415,63,194685
10720,0.002056,74.125.24.0-255,766,97181,63,194685
10721,0.002058,172.31.40.0-255,66,97247,63,194685
10722,0.002065,74.125.24.0-255,2902,100149,63,194685
10723,0.002067,172.31.40.0-255,66,100215,63,194685
10724,0.002079,74.125.24.0-255,7156,107371,63,194685
10725,0.002082,172.31.40.0-255,66,107437,63,194685
10726,0.002136,172.31.40.0-255,66,107503,63,194685
10727,0.002147,172.31.40.0-255,66,107569,63,194685
10728,0.002155,74.125.24.0-255,1484,109053,63,194685
10729,0.00222,74.125.24.0-255,2902,111955,63,194685
10730,0.002223,172.31.40.0-255,66,112021,63,194685
10731,0.00223,74.125.24.0-255,5738,117759,63,194685
10732,0.002232,172.31.40.0-255,66,117825,63,194685
10733,0.002247,172.31.40.0-255,66,117891,63,194685
10734,0.002282,172.31.40.0-255,66,117957,63,194685
10735,0.002303,74.125.24.0-255,6438,124395,63,194685
10736,0.002308,172.31.40.0-255,66,124461,63,194685
10737,0.002318,74.125.24.0-255,1484,125945,63,194685
10738,0.002322,74.125.24.0-255,2902,128847,63,194685
10739,0.002325,172.31.40.0-255,66,128913,63,194685
10740,0.002336,74.125.24.0-255,5738,134651,63,194685
10741,0.002338,172.31.40.0-255,66,134717,63,194685
10742,0.002343,74.125.24.0-255,2902,137619,63,194685
10743,0.002344,172.31.40.0-255,66,137685,63,194685
10744,0.002401,172.31.40.0-255,66,137751,63,194685
10745,0.002412,172.31.40.0-255,66,137817,63,194685
10746,0.002416,74.125.24.0-255,2184,140001,63,194685
10747,0.002417,172.31.40.0-255,66,140067,63,194685
10748,0.002463,74.125.24.0-255,2902,142969,63,194685
10749,0.002466,172.31.40.0-255,66,143035,63,194685
10750,0.002471,74.125.24.0-255,2902,145937,63,194685
10751,0.002474,172.31.40.0-255,66,146003,63,194685
10752,0.002485,74.125.24.0-255,7156,153159,63,194685
10753,0.002488,172.31.40.0-255,66,153225,63,194685
10754,0.002491,74.125.24.0-255,1484,154709,63,194685
10755,0.002534,172.31.40.0-255,66,154775,63,194685
10756,0.00254,74.125.24.0-255,5020,159795,63,194685
10757,0.002542,172.31.40.0-255,66,159861,63,194685
10758,0.005072,74.125.24.0-255,5738,165599,63,194685
10759,0.005083,172.31.40.0-255,66,165665,63,194685
10760,0.007581,74.125.24.0-255,5738,171403,63,194685
10761,0.007591,172.31.40.0-255,66,171469,63,194685
10762,0.010096,74.125.24.0-255,5738,177207,63,194685
10763,0.010101,172.31.40.0-255,66,177273,63,194685
10764,0.012616,74.125.24.0-255,5738,183011,63,194685
10765,0.012624,172.31.40.0-255,66,183077,63,194685
10766,0.015159,74.125.24.0-255,5738,188815,63,194685
10767,0.015176,172.31.40.0-255,66,188881,63,194685
10768,0.017692,74.125.24.0-255,5738,194619,63,194685
10769,0.017707,172.31.40.0-255,66,194685,63,194685
10770,0.0,74.125.200.0-255,152,152,63,238853
10771,2.3e-05,172.31.40.0-255,66,218,63,238853
10772,3.1e-05,74.125.200.0-255,1484,1702,63,238853
10773,3.5e-05,172.31.40.0-255,66,1768,63,238853
10774,4.2e-05,74.125.200.0-255,2902,4670,63,238853
10775,5.3e-05,172.31.40.0-255,66,4736,63,238853
10776,6e-05,74.125.200.0-255,5738,10474,63,238853
10777,6.2e-05,172.31.40.0-255,66,10540,63,238853
10778,6.7e-05,74.125.200.0-255,3544,14084,63,238853
10779,7.1e-05,172.31.40.0-255,66,14150,63,238853
10780,0.000199,74.125.200.0-255,1484,15634,63,238853
10781,0.000204,172.31.40.0-255,66,15700,63,238853
10782,0.00021,74.125.200.0-255,2902,18602,63,238853
10783,0.000213,172.31.40.0-255,66,18668,63,238853
10784,0.000216,74.125.200.0-255,1484,20152,63,238853
10785,0.000223,172.31.40.0-255,66,20218,63,238853
10786,0.000237,74.125.200.0-255,2902,23120,63,238853
10787,0.00024,172.31.40.0-255,66,23186,63,238853
10788,0.000246,74.125.200.0-255,5738,28924,63,238853
10789,0.000248,172.31.40.0-255,66,28990,63,238853
10790,0.000286,74.125.200.0-255,5379,34369,63,238853
10791,0.000289,172.31.40.0-255,66,34435,63,238853
10792,0.000295,74.125.200.0-255,5738,40173,63,238853
10793,0.000296,172.31.40.0-255,66,40239,63,238853
10794,0.000326,74.125.200.0-255,7156,47395,63,238853
10795,0.00033,172.31.40.0-255,66,47461,63,238853
10796,0.000362,74.125.200.0-255,5738,53199,63,238853
10797,0.000365,172.31.40.0-255,66,53265,63,238853
10798,0.000369,74.125.200.0-255,2902,56167,63,238853
10799,0.000371,172.31.40.0-255,66,56233,63,238853
10800,0.000375,74.125.200.0-255,2902,59135,63,238853
10801,0.000377,172.31.40.0-255,66,59201,63,238853
10802,0.000413,74.125.200.0-255,6438,65639,63,238853
10803,0.000427,74.125.200.0-255,417,66056,63,238853
10804,0.000492,74.125.200.0-255,329,66385,63,238853
10805,0.000528,172.31.40.0-255,66,66451,63,238853
10806,0.000606,74.125.200.0-255,1484,67935,63,238853
10807,0.000612,74.125.200.0-255,2902,70837,63,238853
10808,0.00065,74.125.200.0-255,4320,75157,63,238853
10809,0.000655,172.31.40.0-255,66,75223,63,238853
10810,0.000679,74.125.200.0-255,1484,76707,63,238853
10811,0.000704,172.31.40.0-255,66,76773,63,238853
10812,0.000738,74.125.200.0-255,5738,82511,63,238853
10813,0.000752,74.125.200.0-255,5020,87531,63,238853
10814,0.000756,74.125.200.0-255,1484,89015,63,238853
10815,0.00076,74.125.200.0-255,2902,91917,63,238853
10816,0.000767,172.31.40.0-255,66,91983,63,238853
10817,0.00079,74.125.200.0-255,5738,97721,63,238853
10818,0.000796,74.125.200.0-255,4320,102041,63,238853
10819,0.000805,172.31.40.0-255,66,102107,63,238853
10820,0.000824,74.125.200.0-255,5738,107845,63,238853
10821,0.000849,74.125.200.0-255,5738,113583,63,238853
10822,0.000856,172.31.40.0-255,66,113649,63,238853
10823,0.000885,74.125.200.0-255,5738,119387,63,238853
10824,0.00089,74.125.200.0-255,2184,121571,63,238853
10825,0.000896,172.31.40.0-255,66,121637,63,238853
10826,0.00096,74.125.200.0-255,1484,123121,63,238853
10827,0.000975,74.125.200.0-255,2902,126023,63,238853
10828,0.000987,74.125.200.0-255,1484,127507,63,238853
10829,0.000996,172.31.40.0-255,66,127573,63,238853
10830,0.001009,74.125.200.0-255,4320,131893,63,238853
10831,0.001022,74.125.200.0-255,7156,139049,63,238853
10832,0.001052,74.125.200.0-255,7156,146205,63,238853
10833,0.001071,172.31.40.0-255,66,146271,63,238853
10834,0.001101,74.125.200.0-255,7156,153427,63,238853
10835,0.001104,74.125.200.0-255,2184,155611,63,238853
10836,0.002064,74.125.200.0-255,1484,157095,63,238853
10837,0.002072,74.125.200.0-255,2902,159997,63,238853
10838,0.002096,74.125.200.0-255,5738,165735,63,238853
10839,0.0021,74.125.200.0-255,2902,168637,63,238853
10840,0.00212,74.125.200.0-255,4320,172957,63,238853
10841,0.002166,74.125.200.0-255,7156,180113,63,238853
10842,0.002168,74.125.200.0-255,766,180879,63,238853
10843,0.002256,74.125.200.0-255,1484,182363,63,238853
10844,0.002281,74.125.200.0-255,2902,185265,63,238853
10845,0.002297,74.125.200.0-255,5738,191003,63,238853
10846,0.002301,74.125.200.0-255,2902,193905,63,238853
10847,0.002307,74.125.200.0-255,4320,198225,63,238853
10848,0.002328,74.125.200.0-255,5738,203963,63,238853
10849,0.002339,74.125.200.0-255,2902,206865,63,238853
10850,0.002354,74.125.200.0-255,1484,208349,63,238853
10851,0.002357,74.125.200.0-255,1484,209833,63,238853
10852,0.00404,172.31.40.0-255,66,209899,63,238853
10853,0.006389,74.125.200.0-255,5738,215637,63,238853
10854,0.006396,172.31.40.0-255,66,215703,63,238853
10855,0.008721,74.125.200.0-255,5738,221441,63,238853
10856,0.010304,172.31.40.0-255,66,221507,63,238853
10857,0.012629,74.125.200.0-255,5738,227245,63,238853
10858,0.012638,172.31.40.0-255,66,227311,63,238853
10859,0.014975,74.125.200.0-255,5738,233049,63,238853
10860,0.014983,172.31.40.0-255,66,233115,63,238853
10861,0.017374,74.125.200.0-255,5738,238853,63,238853
10862,0.0,74.125.130.0-255,146,146,63,185618
10863,1.4e-05,172.31.40.0-255,66,212,63,185618
10864,3.2e-05,74.125.130.0-255,1484,1696,63,185618
10865,4.3e-05,172.31.40.0-255,66,1762,63,185618
10866,4.9e-05,74.125.130.0-255,2902,4664,63,185618
10867,5.2e-05,172.31.40.0-255,66,4730,63,185618
10868,5.7e-05,74.125.130.0-255,2902,7632,63,185618
10869,5.9e-05,172.31.40.0-255,66,7698,63,185618
10870,9e-05,74.125.130.0-255,2902,10600,63,185618
10871,9.9e-05,172.31.40.0-255,66,10666,63,185618
10872,0.000132,74.125.130.0-255,3494,14160,63,185618
10873,0.000135,172.31.40.0-255,66,14226,63,185618
10874,0.000196,74.125.130.0-255,1484,15710,63,185618
10875,0.000199,172.31.40.0-255,66,15776,63,185618
10876,0.000205,74.125.130.0-255,2902,18678,63,185618
10877,0.000207,172.31.40.0-255,66,18744,63,185618
10878,0.000242,74.125.130.0-255,4320,23064,63,185618
10879,0.000245,172.31.40.0-255,66,23130,63,185618
10880,0.000274,74.125.130.0-255,5738,28868,63,185618
10881,0.000277,172.31.40.0-255,66,28934,63,185618
10882,0.000332,74.125.130.0-255,2543,31477,63,185618
10883,0.000335,172.31.40.0-255,66,31543,63,185618
10884,0.000366,74.125.130.0-255,5738,37281,63,185618
10885,0.000369,172.31.40.0-255,66,37347,63,185618
10886,0.000393,74.125.130.0-255,4320,41667,63,185618
10887,0.000395,172.31.40.0-255,66,41733,63,185618
10888,0.000479,74.125.130.0-255,2902,44635,63,185618
10889,0.000483,172.31.40.0-255,66,44701,63,185618
10890,0.000511,74.125.130.0-255,3961,48662,63,185618
10891,0.000514,172.31.40.0-255,66,48728,63,185618
10892,0.000559,172.31.40.0-255,66,48794,63,185618
10893,0.00065,172.31.40.0-255,66,48860,63,185618
10894,0.000713,74.125.130.0-255,678,49538,63,185618
10895,0.000783,74.125.130.0-255,1484,51022,63,185618
10896,0.000787,172.31.40.0-255,66,51088,63,185618
10897,0.000817,74.125.130.0-255,1484,52572,63,185618
10898,0.000833,74.125.130.0-255,1484,54056,63,185618
10899,0.000836,172.31.40.0-255,66,54122,63,185618
10900,0.000843,74.125.130.0-255,5738,59860,63,185618
10901,0.000845,172.31.40.0-255,66,59926,63,185618
10902,0.000875,74.125.130.0-255,2902,62828,63,185618
10903,0.000878,172.31.40.0-255,66,62894,63,185618
10904,0.000899,74.125.130.0-255,3961,66855,63,185618
10905,0.000902,172.31.40.0-255,66,66921,63,185618
10906,0.000953,74.125.130.0-255,7156,74077,63,185618
10907,0.000956,172.31.40.0-255,66,74143,63,185618
10908,0.001029,74.125.130.0-255,2902,77045,63,185618
10909,0.001032,172.31.40.0-255,66,77111,63,185618
10910,0.001061,74.125.130.0-255,6797,83908,63,185618
10911,0.001065,172.31.40.0-255,66,83974,63,185618
10912,0.001278,74.125.130.0-255,1484,85458,63,185618
10913,0.001284,74.125.130.0-255,2902,88360,63,185618
10914,0.001286,172.31.40.0-255,66,88426,63,185618
10915,0.001312,74.125.130.0-255,5738,94164,63,185618
10916,0.001314,172.31.40.0-255,66,94230,63,185618
10917,0.001376,74.125.130.0-255,7156,101386,63,185618
10918,0.001379,172.31.40.0-255,66,101452,63,185618
10919,0.001407,74.125.130.0-255,4320,105772,63,185618
10920,0.00141,172.31.40.0-255,66,105838,63,185618
10921,0.001499,74.125.130.0-255,4320,110158,63,185618
10922,0.001502,172.31.40.0-255,66,110224,63,185618
10923,0.001527,172.31.40.0-255,66,110290,63,185618
10924,0.001628,74.125.130.0-255,1484,111774,63,185618
10925,0.001657,172.31.40.0-255,66,111840,63,185618
10926,0.001767,74.125.130.0-255,1484,113324,63,185618
10927,0.001809,172.31.40.0-255,66,113390,63,185618
10928,0.001964,74.125.130.0-255,2902,116292,63,185618
10929,0.001967,172.31.40.0-255,66,116358,63,185618
10930,0.002024,172.31.40.0-255,66,116424,63,185618
10931,0.002318,74.125.130.0-255,5020,121444,63,185618
10932,0.002322,172.31.40.0-255,66,121510,63,185618
10933,0.002364,74.125.130.0-255,2902,124412,63,185618
10934,0.002368,172.31.40.0-255,66,124478,63,185618
10935,0.002424,172.31.40.0-255,66,124544,63,185618
10936,0.002797,74.125.130.0-255,4320,128864,63,185618
10937,0.002815,172.31.40.0-255,66,128930,63,185618
10938,0.002846,74.125.130.0-255,7156,136086,63,185618
10939,0.002849,172.31.40.0-255,66,136152,63,185618
10940,0.00292,74.125.130.0-255,2902,139054,63,185618
10941,0.002923,172.31.40.0-255,66,139120,63,185618
10942,0.002959,172.31.40.0-255,66,139186,63,185618
10943,0.005032,74.125.130.0-255,5738,144924,63,185618
10944,0.005038,172.31.40.0-255,66,144990,63,185618
10945,0.007111,74.125.130.0-255,5738,150728,63,185618
10946,0.007116,172.31.40.0-255,66,150794,63,185618
10947,0.009197,74.125.130.0-255,5738,156532,63,185618
10948,0.009204,172.31.40.0-255,66,156598,63,185618
10949,0.011278,74.125.130.0-255,5738,162336,63,185618
10950,0.011285,172.31.40.0-255,66,162402,63,185618
10951,0.013383,74.125.130.0-255,5738,168140,63,185618
10952,0.013391,172.31.40.0-255,66,168206,63,185618
10953,0.015471,74.125.130.0-255,5738,173944,63,185618
10954,0.015478,172.31.40.0-255,66,174010,63,185618
10955,0.017569,74.125.130.0-255,5738,179748,63,185618
10956,0.017578,172.31.40.0-255,66,179814,63,185618
10957,0.019651,74.125.130.0-255,5738,185552,63,185618
10958,0.01966,172.31.40.0-255,66,185618,63,185618
10959,0.0,74.125.68.0-255,152,152,63,173837
10960,2.3e-05,172.31.40.0-255,66,218,63,173837
10961,3.1e-05,74.125.68.0-255,1484,1702,63,173837
10962,3.8e-05,172.31.40.0-255,66,1768,63,173837
10963,5.1e-05,74.125.68.0-255,2902,4670,63,173837
10964,5.8e-05,172.31.40.0-255,66,4736,63,173837
10965,6.2e-05,74.125.68.0-255,1484,6220,63,173837
10966,6.5e-05,172.31.40.0-255,66,6286,63,173837
10967,7.1e-05,74.125.68.0-255,2902,9188,63,173837
10968,7.4e-05,172.31.40.0-255,66,9254,63,173837
10969,8.2e-05,74.125.68.0-255,6356,15610,63,173837
10970,8.5e-05,172.31.40.0-255,66,15676,63,173837
10971,8.9e-05,74.125.68.0-255,2902,18578,63,173837
10972,9.2e-05,172.31.40.0-255,66,18644,63,173837
10973,0.000116,74.125.68.0-255,2902,21546,63,173837
10974,0.000119,172.31.40.0-255,66,21612,63,173837
10975,0.000153,172.31.40.0-255,66,21678,63,173837
10976,0.000155,74.125.68.0-255,1125,22803,63,173837
10977,0.000157,172.31.40.0-255,66,22869,63,173837
10978,0.000221,74.125.68.0-255,1484,24353,63,173837
10979,0.000223,172.31.40.0-255,66,24419,63,173837
10980,0.000227,74.125.68.0-255,1484,25903,63,173837
10981,0.000229,172.31.40.0-255,66,25969,63,173837
10982,0.000269,74.125.68.0-255,2902,28871,63,173837
10983,0.000274,172.31.40.0-255,66,28937,63,173837
10984,0.000285,74.125.68.0-255,4320,33257,63,173837
10985,0.000287,172.31.40.0-255,66,33323,63,173837
10986,0.000308,74.125.68.0-255,1484,34807,63,173837
10987,0.00031,172.31.40.0-255,66,34873,63,173837
10988,0.000314,74.125.68.0-255,2902,37775,63,173837
10989,0.000317,172.31.40.0-255,66,37841,63,173837
10990,0.000341,74.125.68.0-255,3961,41802,63,173837
10991,0.000343,172.31.40.0-255,66,41868,63,173837
10992,0.00036,172.31.40.0-255,66,41934,63,173837
10993,0.000388,74.125.68.0-255,1484,43418,63,173837
10994,0.00041,74.125.68.0-255,5654,49072,63,173837
10995,0.000413,172.31.40.0-255,66,49138,63,173837
10996,0.000416,74.125.68.0-255,125,49263,63,173837
10997,0.000482,74.125.68.0-255,1484,50747,63,173837
10998,0.000485,172.31.40.0-255,66,50813,63,173837
10999,0.000488,74.125.68.0-255,1484,52297,63,173837
11000,0.000514,74.125.68.0-255,2902,55199,63,173837
11001,0.000517,172.31.40.0-255,66,55265,63,173837
11002,0.000547,74.125.68.0-255,5738,61003,63,173837
11003,0.000549,172.31.40.0-255,66,61069,63,173837
11004,0.000554,74.125.68.0-255,4320,65389,63,173837
11005,0.000557,172.31.40.0-255,66,65455,63,173837
11006,0.000593,74.125.68.0-255,5738,71193,63,173837
11007,0.000596,172.31.40.0-255,66,71259,63,173837
11008,0.000609,172.31.40.0-255,66,71325,63,173837
11009,0.000611,74.125.68.0-255,472,71797,63,173837
11010,0.000826,74.125.68.0-255,1484,73281,63,173837
11011,0.00083,172.31.40.0-255,66,73347,63,173837
11012,0.000843,74.125.68.0-255,2902,76249,63,173837
11013,0.000849,172.31.40.0-255,66,76315,63,173837
11014,0.000881,74.125.68.0-255,5738,82053,63,173837
11015,0.000884,172.31.40.0-255,66,82119,63,173837
11016,0.000889,74.125.68.0-255,4320,86439,63,173837
11017,0.000891,172.31.40.0-255,66,86505,63,173837
11018,0.000897,74.125.68.0-255,5738,92243,63,173837
11019,0.000899,172.31.40.0-255,66,92309,63,173837
11020,0.000929,74.125.68.0-255,5738,98047,63,173837
11021,0.000931,172.31.40.0-255,66,98113,63,173837
11022,0.000959,74.125.68.0-255,5738,103851,63,173837
11023,0.000962,172.31.40.0-255,66,103917,63,173837
11024,0.000966,74.125.68.0-255,2184,106101,63,173837
11025,0.000968,172.31.40.0-255,66,106167,63,173837
11026,0.001795,74.125.68.0-255,1484,107651,63,173837
11027,0.001802,74.125.68.0-255,2902,110553,63,173837
11028,0.001806,172.31.40.0-255,66,110619,63,173837
11029,0.001858,74.125.68.0-255,5738,116357,63,173837
11030,0.001861,172.31.40.0-255,66,116423,63,173837
11031,0.001869,74.125.68.0-255,7156,123579,63,173837
11032,0.001871,172.31.40.0-255,66,123645,63,173837
11033,0.001878,74.125.68.0-255,5738,129383,63,173837
11034,0.00188,172.31.40.0-255,66,129449,63,173837
11035,0.00191,74.125.68.0-255,2902,132351,63,173837
11036,0.001913,172.31.40.0-255,66,132417,63,173837
11037,0.001923,172.31.40.0-255,66,132483,63,173837
11038,0.004209,74.125.68.0-255,5738,138221,63,173837
11039,0.004216,172.31.40.0-255,66,138287,63,173837
11040,0.006511,74.125.68.0-255,1484,139771,63,173837
11041,0.00653,74.125.68.0-255,4320,144091,63,173837
11042,0.006535,172.31.40.0-255,66,144157,63,173837
11043,0.008831,74.125.68.0-255,2902,147059,63,173837
11044,0.008837,172.31.40.0-255,66,147125,63,173837
11045,0.008865,74.125.68.0-255,2902,150027,63,173837
11046,0.008868,172.31.40.0-255,66,150093,63,173837
11047,0.011117,74.125.68.0-255,2902,152995,63,173837
11048,0.011124,172.31.40.0-255,66,153061,63,173837
11049,0.011154,74.125.68.0-255,2902,155963,63,173837
11050,0.011157,172.31.40.0-255,66,156029,63,173837
11051,0.01342,74.125.68.0-255,2902,158931,63,173837
11052,0.013429,172.31.40.0-255,66,158997,63,173837
11053,0.013457,74.125.68.0-255,2902,161899,63,173837
11054,0.01346,172.31.40.0-255,66,161965,63,173837
11055,0.015724,74.125.68.0-255,2902,164867,63,173837
11056,0.015733,172.31.40.0-255,66,164933,63,173837
11057,0.015762,74.125.68.0-255,2902,167835,63,173837
11058,0.015765,172.31.40.0-255,66,167901,63,173837
11059,0.018035,74.125.68.0-255,2902,170803,63,173837
11060,0.018042,172.31.40.0-255,66,170869,63,173837
11061,0.018069,74.125.68.0-255,2902,173771,63,173837
11062,0.018072,172.31.40.0-255,66,173837,63,173837
11063,0.0,74.125.68.0-255,153,153,63,174273
11064,2.3e-05,172.31.40.0-255,66,219,63,174273
11065,3e-05,74.125.68.0-255,1484,1703,63,174273
11066,3.6e-05,172.31.40.0-255,66,1769,63,174273
11067,4.2e-05,74.125.68.0-255,2902,4671,63,174273
11068,4.5e-05,172.31.40.0-255,66,4737,63,174273
11069,4.8e-05,74.125.68.0-255,1484,6221,63,174273
11070,5.2e-05,172.31.40.0-255,66,6287,63,174273
11071,8.3e-05,74.125.68.0-255,2902,9189,63,174273
11072,8.6e-05,172.31.40.0-255,66,9255,63,174273
11073,9.2e-05,74.125.68.0-255,4899,14154,63,174273
11074,9.5e-05,172.31.40.0-255,66,14220,63,174273
11075,0.000297,74.125.68.0-255,1484,15704,63,174273
11076,0.000301,172.31.40.0-255,66,15770,63,174273
11077,0.000307,74.125.68.0-255,2902,18672,63,174273
11078,0.000309,172.31.40.0-255,66,18738,63,174273
11079,0.000313,74.125.68.0-255,1484,20222,63,174273
11080,0.000316,172.31.40.0-255,66,20288,63,174273
11081,0.000339,74.125.68.0-255,2902,23190,63,174273
11082,0.000342,172.31.40.0-255,66,23256,63,174273
11083,0.000361,74.125.68.0-255,2902,26158,63,174273
11084,0.000363,172.31.40.0-255,66,26224,63,174273
11085,0.000379,74.125.68.0-255,5379,31603,63,174273
11086,0.000381,172.31.40.0-255,66,31669,63,174273
11087,0.000386,74.125.68.0-255,4320,35989,63,174273
11088,0.000389,172.31.40.0-255,66,36055,63,174273
11089,0.000411,74.125.68.0-255,4320,40375,63,174273
11090,0.000414,172.31.40.0-255,66,40441,63,174273
11091,0.000419,74.125.68.0-255,2902,43343,63,174273
11092,0.000421,172.31.40.0-255,66,43409,63,174273
11093,0.000448,74.125.68.0-255,4320,47729,63,174273
11094,0.000451,172.31.40.0-255,66,47795,63,174273
11095,0.000454,74.125.68.0-255,1125,48920,63,174273
11096,0.000643,74.125.68.0-255,1484,50404,63,174273
11097,0.000648,172.31.40.0-255,66,50470,63,174273
11098,0.000669,74.125.68.0-255,2902,53372,63,174273
11099,0.000672,172.31.40.0-255,66,53438,63,174273
11100,0.000677,74.125.68.0-255,4320,57758,63,174273
11101,0.000679,172.31.40.0-255,66,57824,63,174273
11102,0.000703,74.125.68.0-255,4320,62144,63,174273
11103,0.000706,172.31.40.0-255,66,62210,63,174273
11104,0.000729,74.125.68.0-255,4541,66751,63,174273
11105,0.000732,172.31.40.0-255,66,66817,63,174273
11106,0.000772,74.125.68.0-255,1484,68301,63,174273
11107,0.000792,74.125.68.0-255,2902,71203,63,174273
11108,0.000796,172.31.40.0-255,66,71269,63,174273
11109,0.000799,74.125.68.0-255,1484,72753,63,174273
11110,0.000823,74.125.68.0-255,4320,77073,63,174273
11111,0.000826,172.31.40.0-255,66,77139,63,174273
11112,0.000831,74.125.68.0-255,2902,80041,63,174273
11113,0.000833,172.31.40.0-255,66,80107,63,174273
11114,0.000839,74.125.68.0-255,3961,84068,63,174273
11115,0.000841,172.31.40.0-255,66,84134,63,174273
11116,0.000879,172.31.40.0-255,66,84200,63,174273
11117,0.000884,74.125.68.0-255,2902,87102,63,174273
11118,0.000886,172.31.40.0-255,66,87168,63,174273
11119,0.000934,74.125.68.0-255,5379,92547,63,174273
11120,0.000938,172.31.40.0-255,66,92613,63,174273
11121,0.001446,74.125.68.0-255,1484,94097,63,174273
11122,0.001478,74.125.68.0-255,2902,96999,63,174273
11123,0.001482,172.31.40.0-255,66,97065,63,174273
11124,0.001509,74.125.68.0-255,5738,102803,63,174273
11125,0.001511,172.31.40.0-255,66,102869,63,174273
11126,0.001515,74.125.68.0-255,2902,105771,63,174273
11127,0.001517,172.31.40.0-255,66,105837,63,174273
11128,0.00153,172.31.40.0-255,66,105903,63,174273
11129,0.001535,74.125.68.0-255,4320,110223,63,174273
11130,0.001537,172.31.40.0-255,66,110289,63,174273
11131,0.001555,74.125.68.0-255,5738,116027,63,174273
11132,0.001557,172.31.40.0-255,66,116093,63,174273
11133,0.00156,74.125.68.0-255,766,116859,63,174273
11134,0.001821,172.31.40.0-255,66,116925,63,174273
11135,0.001871,74.125.68.0-255,1484,118409,63,174273
11136,0.001878,74.125.68.0-255,1484,119893,63,174273
11137,0.001881,172.31.40.0-255,66,119959,63,174273
11138,0.0019,74.125.68.0-255,1484,121443,63,174273
11139,0.001907,74.125.68.0-255,5738,127181,63,174273
11140,0.001909,172.31.40.0-255,66,127247,63,174273
11141,0.001936,74.125.68.0-255,4320,131567,63,174273
11142,0.001939,172.31.40.0-255,66,131633,63,174273
11143,0.00197,172.31.40.0-255,66,131699,63,174273
11144,0.001986,74.125.68.0-255,2902,134601,63,174273
11145,0.001988,172.31.40.0-255,66,134667,63,174273
11146,0.002014,172.31.40.0-255,66,134733,63,174273
11147,0.004444,74.125.68.0-255,2902,137635,63,174273
11148,0.004451,172.31.40.0-255,66,137701,63,174273
11149,0.00447,74.125.68.0-255,2902,140603,63,174273
11150,0.004472,172.31.40.0-255,66,140669,63,174273
11151,0.006864,74.125.68.0-255,2902,143571,63,174273
11152,0.00687,172.31.40.0-255,66,143637,63,174273
11153,0.006887,74.125.68.0-255,2902,146539,63,174273
11154,0.006889,172.31.40.0-255,66,146605,63,174273
11155,0.009304,74.125.68.0-255,4320,150925,63,174273
11156,0.009314,172.31.40.0-255,66,150991,63,174273
11157,0.009389,74.125.68.0-255,1484,152475,63,174273
11158,0.011881,74.125.68.0-255,4320,156795,63,174273
11159,0.01189,172.31.40.0-255,66,156861,63,174273
11160,0.014327,74.125.68.0-255,5738,162599,63,174273
11161,0.014339,172.31.40.0-255,66,162665,63,174273
11162,0.016769,74.125.68.0-255,5738,168403,63,174273
11163,0.01678,172.31.40.0-255,66,168469,63,174273
11164,0.019217,74.125.68.0-255,5738,174207,63,174273
11165,0.019225,172.31.40.0-255,66,174273,63,174273
11166,0.0,142.250.4.0-255,152,152,63,247030
11167,2.3e-05,172.31.40.0-255,66,218,63,247030
11168,3e-05,142.250.4.0-255,1484,1702,63,247030
11169,3.5e-05,172.31.40.0-255,66,1768,63,247030
11170,4.1e-05,142.250.4.0-255,2902,4670,63,247030
11171,5.3e-05,172.31.40.0-255,66,4736,63,247030
11172,5.9e-05,142.250.4.0-255,4320,9056,63,247030
11173,6.2e-05,172.31.40.0-255,66,9122,63,247030
11174,6.9e-05,142.250.4.0-255,4890,14012,63,247030
11175,7.3e-05,172.31.40.0-255,66,14078,63,247030
11176,0.000125,172.31.40.0-255,66,14144,63,247030
11177,0.000149,142.250.4.0-255,6797,20941,63,247030
11178,0.000152,172.31.40.0-255,66,21007,63,247030
11179,0.00022,142.250.4.0-255,1484,22491,63,247030
11180,0.000223,172.31.40.0-255,66,22557,63,247030
11181,0.000228,142.250.4.0-255,2902,25459,63,247030
11182,0.00023,172.31.40.0-255,66,25525,63,247030
11183,0.000266,142.250.4.0-255,5738,31263,63,247030
11184,0.00027,172.31.40.0-255,66,31329,63,247030
11185,0.000304,172.31.40.0-255,66,31395,63,247030
11186,0.00033,142.250.4.0-255,3961,35356,63,247030
11187,0.000333,172.31.40.0-255,66,35422,63,247030
11188,0.000339,142.250.4.0-255,4320,39742,63,247030
11189,0.000341,172.31.40.0-255,66,39808,63,247030
11190,0.000369,142.250.4.0-255,5688,45496,63,247030
11191,0.000372,172.31.40.0-255,66,45562,63,247030
11192,0.000374,142.250.4.0-255,114,45676,63,247030
11193,0.000376,172.31.40.0-255,66,45742,63,247030
11194,0.000803,142.250.4.0-255,1484,47226,63,247030
11195,0.00081,172.31.40.0-255,66,47292,63,247030
11196,0.000817,142.250.4.0-255,2902,50194,63,247030
11197,0.000819,172.31.40.0-255,66,50260,63,247030
11198,0.000852,142.250.4.0-255,5738,55998,63,247030
11199,0.000856,142.250.4.0-255,1484,57482,63,247030
11200,0.000873,142.250.4.0-255,5379,62861,63,247030
11201,0.000881,172.31.40.0-255,66,62927,63,247030
11202,0.000901,142.250.4.0-255,7156,70083,63,247030
11203,0.000915,142.250.4.0-255,5738,75821,63,247030
11204,0.000926,142.250.4.0-255,2902,78723,63,247030
11205,0.000943,142.250.4.0-255,1366,80089,63,247030
11206,0.00095,172.31.40.0-255,66,80155,63,247030
11207,0.001025,142.250.4.0-255,1484,81639,63,247030
11208,0.001031,142.250.4.0-255,2902,84541,63,247030
11209,0.001038,142.250.4.0-255,5738,90279,63,247030
11210,0.001042,142.250.4.0-255,2902,93181,63,247030
11211,0.001058,142.250.4.0-255,1484,94665,63,247030
11212,0.001062,172.31.40.0-255,66,94731,63,247030
11213,0.001095,142.250.4.0-255,4320,99051,63,247030
11214,0.001101,172.31.40.0-255,66,99117,63,247030
11215,0.001119,142.250.4.0-255,5738,104855,63,247030
11216,0.001143,172.31.40.0-255,66,104921,63,247030
11217,0.001191,172.31.40.0-255,66,104987,63,247030
11218,0.001281,142.250.4.0-255,1484,106471,63,247030
11219,0.001286,142.250.4.0-255,2902,109373,63,247030
11220,0.001292,172.31.40.0-255,66,109439,63,247030
11221,0.001316,142.250.4.0-255,5738,115177,63,247030
11222,0.001322,142.250.4.0-255,4320,119497,63,247030
11223,0.001342,142.250.4.0-255,5738,125235,63,247030
11224,0.001348,172.31.40.0-255,66,125301,63,247030
11225,0.001357,142.250.4.0-255,2902,128203,63,247030
11226,0.001361,142.250.4.0-255,2902,131105,63,247030
11227,0.001372,172.31.40.0-255,66,131171,63,247030
11228,0.001414,172.31.40.0-255,66,131237,63,247030
11229,0.001489,142.250.4.0-255,1484,132721,63,247030
11230,0.001495,142.250.4.0-255,2902,135623,63,247030
11231,0.001511,172.31.40.0-255,66,135689,63,247030
11232,0.001544,142.250.4.0-255,5738,141427,63,247030
11233,0.001552,142.250.4.0-255,7156,148583,63,247030
11234,0.001562,142.250.4.0-255,1484,150067,63,247030
11235,0.001577,172.31.40.0-255,66,150133,63,247030
11236,0.001609,142.250.4.0-255,7156,157289,63,247030
11237,0.001671,172.31.40.0-255,66,157355,63,247030
11238,0.001683,172.31.40.0-255,66,157421,63,247030
11239,0.001751,172.31.40.0-255,101,157522,63,247030
11240,0.001787,142.250.4.0-255,1484,159006,63,247030
11241,0.001792,142.250.4.0-255,2902,161908,63,247030
11242,0.001797,142.250.4.0-255,2902,164810,63,247030
11243,0.001808,142.250.4.0-255,2902,167712,63,247030
11244,0.001825,142.250.4.0-255,4320,172032,63,247030
11245,0.001866,172.31.40.0-255,66,172098,63,247030
11246,0.001908,142.250.4.0-255,5738,177836,63,247030
11247,0.001914,172.31.40.0-255,66,177902,63,247030
11248,0.001988,172.31.40.0-255,66,177968,63,247030
11249,0.002023,142.250.4.0-255,1484,179452,63,247030
11250,0.002028,142.250.4.0-255,2902,182354,63,247030
11251,0.002039,172.31.40.0-255,66,182420,63,247030
11252,0.002054,142.250.4.0-255,5738,188158,63,247030
11253,0.002065,142.250.4.0-255,4320,192478,63,247030
11254,0.002078,172.31.40.0-255,66,192544,63,247030
11255,0.002112,142.250.4.0-255,5738,198282,63,247030
11256,0.002123,142.250.4.0-255,2184,200466,63,247030
11257,0.002135,172.31.40.0-255,66,200532,63,247030
11258,0.003828,142.250.4.0-255,66,200598,63,247030
11259,0.004262,142.250.4.0-255,5738,206336,63,247030
11260,0.004268,172.31.40.0-255,66,206402,63,247030
11261,0.006409,142.250.4.0-255,5738,212140,63,247030
11262,0.006417,172.31.40.0-255,66,212206,63,247030
11263,0.008546,142.250.4.0-255,5738,217944,63,247030
11264,0.008553,172.31.40.0-255,66,218010,63,247030
11265,0.010701,142.250.4.0-255,5738,223748,63,247030
11266,0.010706,172.31.40.0-255,66,223814,63,247030
11267,0.012831,142.250.4.0-255,5738,229552,63,247030
11268,0.012838,172.31.40.0-255,66,229618,63,247030
11269,0.01497,142.250.4.0-255,5738,235356,63,247030
11270,0.014979,172.31.40.0-255,66,235422,63,247030
11271,0.017107,142.250.4.0-255,5738,241160,63,247030
11272,0.017118,172.31.40.0-255,66,241226,63,247030
11273,0.019233,142.250.4.0-255,5738,246964,63,247030
11274,0.019243,172.31.40.0-255,66,247030,63,247030
11275,0.0,74.125.130.0-255,150,150,63,265974
11276,1.3e-05,172.31.40.0-255,66,216,63,265974
11277,1.9e-05,74.125.130.0-255,1484,1700,63,265974
11278,2.3e-05,172.31.40.0-255,66,1766,63,265974
11279,3e-05,74.125.130.0-255,2902,4668,63,265974
11280,3.3e-05,172.31.40.0-255,66,4734,63,265974
11281,5.9e-05,74.125.130.0-255,7156,11890,63,265974
11282,6.2e-05,172.31.40.0-255,66,11956,63,265974
11283,6.7e-05,74.125.130.0-255,2102,14058,63,265974
11284,6.9e-05,172.31.40.0-255,66,14124,63,265974
11285,0.000125,74.125.130.0-255,1484,15608,63,265974
11286,0.000127,172.31.40.0-255,66,15674,63,265974
11287,0.000131,74.125.130.0-255,1484,17158,63,265974
11288,0.000133,172.31.40.0-255,66,17224,63,265974
11289,0.000146,74.125.130.0-255,1484,18708,63,265974
11290,0.000148,172.31.40.0-255,66,18774,63,265974
11291,0.000179,74.125.130.0-255,5738,24512,63,265974
11292,0.000182,172.31.40.0-255,66,24578,63,265974
11293,0.00019,74.125.130.0-255,6797,31375,63,265974
11294,0.000192,172.31.40.0-255,66,31441,63,265974
11295,0.000329,74.125.130.0-255,1484,32925,63,265974
11296,0.000334,172.31.40.0-255,66,32991,63,265974
11297,0.000338,74.125.130.0-255,1484,34475,63,265974
11298,0.00034,172.31.40.0-255,66,34541,63,265974
11299,0.00036,74.125.130.0-255,1484,36025,63,265974
11300,0.000363,172.31.40.0-255,66,36091,63,265974
11301,0.00037,74.125.130.0-255,5738,41829,63,265974
11302,0.000372,172.31.40.0-255,66,41895,63,265974
11303,0.000377,74.125.130.0-255,2902,44797,63,265974
11304,0.000379,172.31.40.0-255,66,44863,63,265974
11305,0.000384,74.125.130.0-255,3961,48824,63,265974
11306,0.000387,172.31.40.0-255,66,48890,63,265974
11307,0.000429,172.31.40.0-255,66,48956,63,265974
11308,0.000433,74.125.130.0-255,2902,51858,63,265974
11309,0.000435,172.31.40.0-255,66,51924,63,265974
11310,0.000474,74.125.130.0-255,5683,57607,63,265974
11311,0.000477,172.31.40.0-255,66,57673,63,265974
11312,0.000911,74.125.130.0-255,381,58054,63,265974
11313,0.001036,172.31.40.0-255,66,58120,63,265974
11314,0.0013,74.125.130.0-255,1484,59604,63,265974
11315,0.001321,74.125.130.0-255,2902,62506,63,265974
11316,0.001325,172.31.40.0-255,66,62572,63,265974
11317,0.00133,74.125.130.0-255,1484,64056,63,265974
11318,0.001334,74.125.130.0-255,2902,66958,63,265974
11319,0.001337,172.31.40.0-255,66,67024,63,265974
11320,0.001356,74.125.130.0-255,5738,72762,63,265974
11321,0.001358,172.31.40.0-255,66,72828,63,265974
11322,0.001381,74.125.130.0-255,2902,75730,63,265974
11323,0.001383,172.31.40.0-255,66,75796,63,265974
11324,0.001408,74.125.130.0-255,7156,82952,63,265974
11325,0.001411,172.31.40.0-255,66,83018,63,265974
11326,0.00145,172.31.40.0-255,66,83084,63,265974
11327,0.001538,74.125.130.0-255,1484,84568,63,265974
11328,0.001543,74.125.130.0-255,1484,86052,63,265974
11329,0.001546,172.31.40.0-255,66,86118,63,265974
11330,0.001565,74.125.130.0-255,1484,87602,63,265974
11331,0.001571,74.125.130.0-255,5738,93340,63,265974
11332,0.001573,172.31.40.0-255,66,93406,63,265974
11333,0.001579,74.125.130.0-255,2902,96308,63,265974
11334,0.001581,172.31.40.0-255,66,96374,63,265974
11335,0.001607,74.125.130.0-255,1484,97858,63,265974
11336,0.001631,74.125.130.0-255,2902,100760,63,265974
11337,0.001633,172.31.40.0-255,66,100826,63,265974
11338,0.001644,172.31.40.0-255,66,100892,63,265974
11339,0.001651,74.125.130.0-255,7156,108048,63,265974
11340,0.001653,172.31.40.0-255,66,108114,63,265974
11341,0.001666,74.125.130.0-255,1484,109598,63,265974
11342,0.001683,74.125.130.0-255,6438,116036,63,265974
11343,0.001686,172.31.40.0-255,66,116102,63,265974
11344,0.00169,74.125.130.0-255,2902,119004,63,265974
11345,0.001693,172.31.40.0-255,66,119070,63,265974
11346,0.001697,74.125.130.0-255,2902,121972,63,265974
11347,0.001699,172.31.40.0-255,66,122038,63,265974
11348,0.001723,74.125.130.0-255,1484,123522,63,265974
11349,0.001736,172.31.40.0-255,66,123588,63,265974
11350,0.00174,74.125.130.0-255,2902,126490,63,265974
11351,0.001742,172.31.40.0-255,66,126556,63,265974
11352,0.001766,74.125.130.0-255,4320,130876,63,265974
11353,0.001769,172.31.40.0-255,66,130942,63,265974
11354,0.001782,74.125.130.0-255,3602,134544,63,265974
11355,0.001785,172.31.40.0-255,66,134610,63,265974
11356,0.001881,74.125.130.0-255,1484,136094,63,265974
11357,0.001886,74.125.130.0-255,1484,137578,63,265974
11358,0.001889,172.31.40.0-255,66,137644,63,265974
11359,0.001908,74.125.130.0-255,1484,139128,63,265974
11360,0.001916,74.125.130.0-255,5738,144866,63,265974
11361,0.001918,172.31.40.0-255,66,144932,63,265974
11362,0.001954,172.31.40.0-255,66,144998,63,265974
11363,0.001979,74.125.130.0-255,7156,152154,63,265974
11364,0.001982,172.31.40.0-255,66,152220,63,265974
11365,0.002003,74.125.130.0-255,4320,156540,63,265974
11366,0.002006,172.31.40.0-255,66,156606,63,265974
11367,0.002011,74.125.130.0-255,2184,158790,63,265974
11368,0.002013,172.31.40.0-255,66,158856,63,265974
11369,0.002149,74.125.130.0-255,1484,160340,63,265974
11370,0.002164,74.125.130.0-255,2902,163242,63,265974
11371,0.002169,172.31.40.0-255,66,163308,63,265974
11372,0.002187,74.125.130.0-255,1484,164792,63,265974
11373,0.002202,74.125.130.0-255,1484,166276,63,265974
11374,0.002204,172.31.40.0-255,66,166342,63,265974
11375,0.002208,74.125.130.0-255,1484,167826,63,265974
11376,0.002211,74.125.130.0-255,1484,169310,63,265974
11377,0.002213,172.31.40.0-255,66,169376,63,265974
11378,0.002219,74.125.130.0-255,4320,173696,63,265974
11379,0.002222,172.31.40.0-255,66,173762,63,265974
11380,0.002226,74.125.130.0-255,2902,176664,63,265974
11381,0.002229,172.31.40.0-255,66,176730,63,265974
11382,0.002243,74.125.130.0-255,1484,178214,63,265974
11383,0.002248,74.125.130.0-255,2902,181116,63,265974
11384,0.00225,172.31.40.0-255,66,181182,63,265974
11385,0.002253,74.125.130.0-255,1484,182666,63,265974
11386,0.00226,74.125.130.0-255,5738,188404,63,265974
11387,0.002262,172.31.40.0-255,66,188470,63,265974
11388,0.002283,74.125.130.0-255,1484,189954,63,265974
11389,0.002308,74.125.130.0-255,5890,195844,63,265974
11390,0.002312,172.31.40.0-255,66,195910,63,265974
11391,0.002317,74.125.130.0-255,4320,200230,63,265974
11392,0.002319,172.31.40.0-255,66,200296,63,265974
11393,0.002334,74.125.130.0-255,4320,204616,63,265974
11394,0.002337,172.31.40.0-255,66,204682,63,265974
11395,0.002348,74.125.130.0-255,4320,209002,63,265974
11396,0.00235,172.31.40.0-255,66,209068,63,265974
11397,0.002377,74.125.130.0-255,2902,211970,63,265974
11398,0.002381,172.31.40.0-255,66,212036,63,265974
11399,0.002391,172.31.40.0-255,66,212102,63,265974
11400,0.002398,74.125.130.0-255,6438,218540,63,265974
11401,0.002401,172.31.40.0-255,66,218606,63,265974
11402,0.002519,74.125.130.0-255,1484,220090,63,265974
11403,0.002533,74.125.130.0-255,2902,222992,63,265974
11404,0.002535,172.31.40.0-255,66,223058,63,265974
11405,0.002556,74.125.130.0-255,4320,227378,63,265974
11406,0.002559,172.31.40.0-255,66,227444,63,265974
11407,0.002562,74.125.130.0-255,1484,228928,63,265974
11408,0.002591,74.125.130.0-255,7156,236084,63,265974
11409,0.002594,172.31.40.0-255,66,236150,63,265974
11410,0.002601,74.125.130.0-255,7156,243306,63,265974
11411,0.002604,172.31.40.0-255,66,243372,63,265974
11412,0.002664,74.125.130.0-255,4320,247692,63,265974
11413,0.002667,172.31.40.0-255,66,247758,63,265974
11414,0.002691,74.125.130.0-255,4320,252078,63,265974
11415,0.002694,172.31.40.0-255,66,252144,63,265974
11416,0.002705,172.31.40.0-255,66,252210,63,265974
11417,0.002715,172.31.40.0-255,66,252276,63,265974
11418,0.002728,172.31.40.0-255,66,252342,63,265974
11419,0.002765,172.31.40.0-255,66,252408,63,265974
11420,0.002768,74.125.130.0-255,1484,253892,63,265974
11421,0.002806,172.31.40.0-255,66,253958,63,265974
11422,0.002814,74.125.130.0-255,7156,261114,63,265974
11423,0.002817,172.31.40.0-255,66,261180,63,265974
11424,0.00291,74.125.130.0-255,2902,264082,63,265974
11425,0.002914,172.31.40.0-255,66,264148,63,265974
11426,0.002956,74.125.130.0-255,1484,265632,63,265974
11427,0.002993,74.125.130.0-255,105,265737,63,265974
11428,0.003259,172.31.40.0-255,66,265803,63,265974
11429,0.005878,172.31.40.0-255,105,265908,63,265974
11430,0.007899,74.125.130.0-255,66,265974,63,265974
11431,0.0,74.125.68.0-255,150,150,63,311989
11432,2.1e-05,172.31.40.0-255,66,216,63,311989
11433,2.8e-05,74.125.68.0-255,1484,1700,63,311989
11434,3.3e-05,172.31.40.0-255,66,1766,63,311989
11435,4.4e-05,74.125.68.0-255,2902,4668,63,311989
11436,4.7e-05,172.31.40.0-255,66,4734,63,311989
11437,5.2e-05,74.125.68.0-255,2902,7636,63,311989
11438,5.5e-05,172.31.40.0-255,66,7702,63,311989
11439,8.1e-05,74.125.68.0-255,4320,12022,63,311989
11440,8.4e-05,172.31.40.0-255,66,12088,63,311989
11441,0.000109,74.125.68.0-255,2065,14153,63,311989
11442,0.000112,172.31.40.0-255,66,14219,63,311989
11443,0.000201,74.125.68.0-255,1484,15703,63,311989
11444,0.000204,172.31.40.0-255,66,15769,63,311989
11445,0.000231,74.125.68.0-255,2902,18671,63,311989
11446,0.000234,172.31.40.0-255,66,18737,63,311989
11447,0.000239,74.125.68.0-255,4320,23057,63,311989
11448,0.000241,172.31.40.0-255,66,23123,63,311989
11449,0.000243,74.125.68.0-255,1484,24607,63,311989
11450,0.000245,172.31.40.0-255,66,24673,63,311989
11451,0.000269,74.125.68.0-255,6797,31470,63,311989
11452,0.000271,172.31.40.0-255,66,31536,63,311989
11453,0.000408,74.125.68.0-255,1484,33020,63,311989
11454,0.000412,172.31.40.0-255,66,33086,63,311989
11455,0.000416,74.125.68.0-255,1484,34570,63,311989
11456,0.000417,172.31.40.0-255,66,34636,63,311989
11457,0.00046,74.125.68.0-255,2902,37538,63,311989
11458,0.000464,172.31.40.0-255,66,37604,63,311989
11459,0.00047,74.125.68.0-255,5738,43342,63,311989
11460,0.000473,172.31.40.0-255,66,43408,63,311989
11461,0.000475,74.125.68.0-255,1484,44892,63,311989
11462,0.000478,172.31.40.0-255,66,44958,63,311989
11463,0.000483,74.125.68.0-255,2902,47860,63,311989
11464,0.000485,172.31.40.0-255,66,47926,63,311989
11465,0.000513,74.125.68.0-255,1484,49410,63,311989
11466,0.000558,74.125.68.0-255,3961,53371,63,311989
11467,0.000562,172.31.40.0-255,66,53437,63,311989
11468,0.000568,74.125.68.0-255,5738,59175,63,311989
11469,0.000571,172.31.40.0-255,66,59241,63,311989
11470,0.000619,74.125.68.0-255,4320,63561,63,311989
11471,0.000622,172.31.40.0-255,66,63627,63,311989
11472,0.000627,74.125.68.0-255,2852,66479,63,311989
11473,0.000629,172.31.40.0-255,66,66545,63,311989
11474,0.000632,74.125.68.0-255,110,66655,63,311989
11475,0.00071,74.125.68.0-255,1484,68139,63,311989
11476,0.000715,172.31.40.0-255,66,68205,63,311989
11477,0.000765,74.125.68.0-255,2902,71107,63,311989
11478,0.000769,172.31.40.0-255,66,71173,63,311989
11479,0.000772,74.125.68.0-255,1484,72657,63,311989
11480,0.000795,74.125.68.0-255,1484,74141,63,311989
11481,0.000798,172.31.40.0-255,66,74207,63,311989
11482,0.000804,74.125.68.0-255,4320,78527,63,311989
11483,0.000806,172.31.40.0-255,66,78593,63,311989
11484,0.000814,74.125.68.0-255,7156,85749,63,311989
11485,0.000816,172.31.40.0-255,66,85815,63,311989
11486,0.00086,172.31.40.0-255,66,85881,63,311989
11487,0.000864,74.125.68.0-255,2902,88783,63,311989
11488,0.000866,172.31.40.0-255,66,88849,63,311989
11489,0.000871,74.125.68.0-255,2902,91751,63,311989
11490,0.000873,172.31.40.0-255,66,91817,63,311989
11491,0.000898,74.125.68.0-255,766,92583,63,311989
11492,0.000941,74.125.68.0-255,332,92915,63,311989
11493,0.001014,74.125.68.0-255,1484,94399,63,311989
11494,0.001018,172.31.40.0-255,66,94465,63,311989
11495,0.001021,74.125.68.0-255,1484,95949,63,311989
11496,0.001045,74.125.68.0-255,2902,98851,63,311989
11497,0.001049,74.125.68.0-255,2902,101753,63,311989
11498,0.001053,172.31.40.0-255,66,101819,63,311989
11499,0.001057,172.31.40.0-255,66,101885,63,311989
11500,0.001066,74.125.68.0-255,2902,104787,63,311989
11501,0.001069,172.31.40.0-255,66,104853,63,311989
11502,0.001077,74.125.68.0-255,2902,107755,63,311989
11503,0.001079,172.31.40.0-255,66,107821,63,311989
11504,0.001085,74.125.68.0-255,4320,112141,63,311989
11505,0.001088,172.31.40.0-255,66,112207,63,311989
11506,0.001112,74.125.68.0-255,5738,117945,63,311989
11507,0.001115,172.31.40.0-255,66,118011,63,311989
11508,0.001135,74.125.68.0-255,2902,120913,63,311989
11509,0.001138,172.31.40.0-255,66,120979,63,311989
11510,0.001174,74.125.68.0-255,6438,127417,63,311989
11511,0.001178,172.31.40.0-255,66,127483,63,311989
11512,0.001221,74.125.68.0-255,1484,128967,63,311989
11513,0.001265,74.125.68.0-255,2902,131869,63,311989
11514,0.001269,172.31.40.0-255,66,131935,63,311989
11515,0.001272,74.125.68.0-255,1484,133419,63,311989
11516,0.001277,74.125.68.0-255,2902,136321,63,311989
11517,0.001279,172.31.40.0-255,66,136387,63,311989
11518,0.001311,74.125.68.0-255,5738,142125,63,311989
11519,0.001314,172.31.40.0-255,66,142191,63,311989
11520,0.001325,74.125.68.0-255,2902,145093,63,311989
11521,0.001328,172.31.40.0-255,66,145159,63,311989
11522,0.001338,74.125.68.0-255,4320,149479,63,311989
11523,0.00134,172.31.40.0-255,66,149545,63,311989
11524,0.001364,74.125.68.0-255,2902,152447,63,311989
11525,0.001367,172.31.40.0-255,66,152513,63,311989
11526,0.001396,74.125.68.0-255,4320,156833,63,311989
11527,0.0014,172.31.40.0-255,66,156899,63,311989
11528,0.001416,74.125.68.0-255,4320,161219,63,311989
11529,0.001418,172.31.40.0-255,66,161285,63,311989
11530,0.001438,74.125.68.0-255,766,162051,63,311989
11531,0.001463,74.125.68.0-255,1484,163535,63,311989
11532,0.001466,172.31.40.0-255,66,163601,63,311989
11533,0.001471,74.125.68.0-255,2902,166503,63,311989
11534,0.001474,172.31.40.0-255,66,166569,63,311989
11535,0.001489,74.125.68.0-255,1484,168053,63,311989
11536,0.001515,74.125.68.0-255,4320,172373,63,311989
11537,0.001519,172.31.40.0-255,66,172439,63,311989
11538,0.001523,74.125.68.0-255,1484,173923,63,311989
11539,0.001527,74.125.68.0-255,2902,176825,63,311989
11540,0.001529,172.31.40.0-255,66,176891,63,311989
11541,0.001566,74.125.68.0-255,5738,182629,63,311989
11542,0.00157,172.31.40.0-255,66,182695,63,311989
11543,0.001574,74.125.68.0-255,2902,185597,63,311989
11544,0.001576,172.31.40.0-255,66,185663,63,311989
11545,0.001581,74.125.68.0-255,4320,189983,63,311989
11546,0.001583,172.31.40.0-255,66,190049,63,311989
11547,0.001636,74.125.68.0-255,6438,196487,63,311989
11548,0.00164,172.31.40.0-255,66,196553,63,311989
11549,0.001704,74.125.68.0-255,1484,198037,63,311989
11550,0.001728,74.125.68.0-255,2902,200939,63,311989
11551,0.001732,172.31.40.0-255,66,201005,63,311989
11552,0.001761,74.125.68.0-255,4320,205325,63,311989
11553,0.001764,172.31.40.0-255,66,205391,63,311989
11554,0.001788,74.125.68.0-255,1484,206875,63,311989
11555,0.001793,74.125.68.0-255,2902,209777,63,311989
11556,0.001795,172.31.40.0-255,66,209843,63,311989
11557,0.001819,74.125.68.0-255,4320,214163,63,311989
11558,0.001822,172.31.40.0-255,66,214229,63,311989
11559,0.00183,74.125.68.0-255,5738,219967,63,311989
11560,0.001833,172.31.40.0-255,66,220033,63,311989
11561,0.001837,74.125.68.0-255,2902,222935,63,311989
11562,0.001838,172.31.40.0-255,66,223001,63,311989
11563,0.001877,74.125.68.0-255,4320,227321,63,311989
11564,0.001881,172.31.40.0-255,66,227387,63,311989
11565,0.001886,74.125.68.0-255,3602,230989,63,311989
11566,0.001888,172.31.40.0-255,66,231055,63,311989
11567,0.001955,74.125.68.0-255,1484,232539,63,311989
11568,0.00196,74.125.68.0-255,2902,235441,63,311989
11569,0.001963,172.31.40.0-255,66,235507,63,311989
11570,0.001966,74.125.68.0-255,1484,236991,63,311989
11571,0.002023,74.125.68.0-255,2902,239893,63,311989
11572,0.002026,172.31.40.0-255,66,239959,63,311989
11573,0.002038,74.125.68.0-255,5738,245697,63,311989
11574,0.002045,172.31.40.0-255,66,245763,63,311989
11575,0.002048,74.125.68.0-255,1484,247247,63,311989
11576,0.002052,74.125.68.0-255,2902,250149,63,311989
11577,0.002054,172.31.40.0-255,66,250215,63,311989
11578,0.002084,74.125.68.0-255,5738,255953,63,311989
11579,0.002087,172.31.40.0-255,66,256019,63,311989
11580,0.00209,74.125.68.0-255,1484,257503,63,311989
11581,0.002131,74.125.68.0-255,1484,258987,63,311989
11582,0.002134,172.31.40.0-255,66,259053,63,311989
11583,0.002155,74.125.68.0-255,6438,265491,63,311989
11584,0.002158,172.31.40.0-255,66,265557,63,311989
11585,0.004276,74.125.68.0-255,5738,271295,63,311989
11586,0.004284,172.31.40.0-255,66,271361,63,311989
11587,0.006406,74.125.68.0-255,5738,277099,63,311989
11588,0.006412,172.31.40.0-255,66,277165,63,311989
11589,0.008542,74.125.68.0-255,5738,282903,63,311989
11590,0.008548,172.31.40.0-255,66,282969,63,311989
11591,0.010674,74.125.68.0-255,5738,288707,63,311989
11592,0.010681,172.31.40.0-255,66,288773,63,311989
11593,0.012792,74.125.68.0-255,5738,294511,63,311989
11594,0.012798,172.31.40.0-255,66,294577,63,311989
11595,0.01492,74.125.68.0-255,5738,300315,63,311989
11596,0.014927,172.31.40.0-255,66,300381,63,311989
11597,0.017071,74.125.68.0-255,5738,306119,63,311989
11598,0.01708,172.31.40.0-255,66,306185,63,311989
11599,0.019221,74.125.68.0-255,5738,311923,63,311989
11600,0.019229,172.31.40.0-255,66,311989,63,311989
11601,0.0,172.217.194.0-255,152,152,63,222721
11602,2e-05,172.31.40.0-255,66,218,63,222721
11603,2.7e-05,172.217.194.0-255,1484,1702,63,222721
11604,3.2e-05,172.31.40.0-255,66,1768,63,222721
11605,3.7e-05,172.217.194.0-255,2902,4670,63,222721
11606,4e-05,172.31.40.0-255,66,4736,63,222721
11607,4.7e-05,172.217.194.0-255,7156,11892,63,222721
11608,5.1e-05,172.31.40.0-255,66,11958,63,222721
11609,5.5e-05,172.217.194.0-255,2066,14024,63,222721
11610,5.8e-05,172.31.40.0-255,66,14090,63,222721
11611,0.00031,172.217.194.0-255,1484,15574,63,222721
11612,0.000315,172.31.40.0-255,66,15640,63,222721
11613,0.000321,172.217.194.0-255,2902,18542,63,222721
11614,0.000324,172.31.40.0-255,66,18608,63,222721
11615,0.00033,172.217.194.0-255,5738,24346,63,222721
11616,0.000333,172.31.40.0-255,66,24412,63,222721
11617,0.000365,172.217.194.0-255,5738,30150,63,222721
11618,0.000373,172.31.40.0-255,66,30216,63,222721
11619,0.000376,172.217.194.0-255,1125,31341,63,222721
11620,0.000378,172.31.40.0-255,66,31407,63,222721
11621,0.000472,172.217.194.0-255,1484,32891,63,222721
11622,0.000476,172.31.40.0-255,66,32957,63,222721
11623,0.000481,172.217.194.0-255,2902,35859,63,222721
11624,0.000484,172.31.40.0-255,66,35925,63,222721
11625,0.000506,172.217.194.0-255,5738,41663,63,222721
11626,0.000509,172.31.40.0-255,66,41729,63,222721
11627,0.000512,172.217.194.0-255,1484,43213,63,222721
11628,0.000514,172.31.40.0-255,66,43279,63,222721
11629,0.000537,172.217.194.0-255,4320,47599,63,222721
11630,0.00054,172.31.40.0-255,66,47665,63,222721
11631,0.000565,172.31.40.0-255,66,47731,63,222721
11632,0.00059,172.217.194.0-255,3961,51692,63,222721
11633,0.000593,172.31.40.0-255,66,51758,63,222721
11634,0.000598,172.217.194.0-255,3961,55719,63,222721
11635,0.0006,172.31.40.0-255,66,55785,63,222721
11636,0.000634,172.217.194.0-255,409,56194,63,222721
11637,0.000639,172.217.194.0-255,365,56559,63,222721
11638,0.000829,172.217.194.0-255,1484,58043,63,222721
11639,0.000835,172.31.40.0-255,66,58109,63,222721
11640,0.000841,172.217.194.0-255,2902,61011,63,222721
11641,0.000843,172.31.40.0-255,66,61077,63,222721
11642,0.000846,172.217.194.0-255,1484,62561,63,222721
11643,0.000864,172.217.194.0-255,4320,66881,63,222721
11644,0.000867,172.31.40.0-255,66,66947,63,222721
11645,0.00087,172.217.194.0-255,1484,68431,63,222721
11646,0.000917,172.31.40.0-255,66,68497,63,222721
11647,0.00093,172.31.40.0-255,66,68563,63,222721
11648,0.001002,172.217.194.0-255,1484,70047,63,222721
11649,0.001008,172.217.194.0-255,2902,72949,63,222721
11650,0.001012,172.31.40.0-255,66,73015,63,222721
11651,0.001038,172.217.194.0-255,5738,78753,63,222721
11652,0.001041,172.217.194.0-255,1484,80237,63,222721
11653,0.001075,172.217.194.0-255,1484,81721,63,222721
11654,0.001141,172.217.194.0-255,1484,83205,63,222721
11655,0.001146,172.217.194.0-255,2902,86107,63,222721
11656,0.00115,172.217.194.0-255,2902,89009,63,222721
11657,0.001168,172.217.194.0-255,2902,91911,63,222721
11658,0.001229,172.217.194.0-255,7156,99067,63,222721
11659,0.001243,172.217.194.0-255,3602,102669,63,222721
11660,0.001726,172.217.194.0-255,1484,104153,63,222721
11661,0.001751,172.217.194.0-255,2902,107055,63,222721
11662,0.001793,172.217.194.0-255,2902,109957,63,222721
11663,0.001808,172.217.194.0-255,2902,112859,63,222721
11664,0.001833,172.217.194.0-255,5738,118597,63,222721
11665,0.002039,172.217.194.0-255,1484,120081,63,222721
11666,0.002053,172.217.194.0-255,2902,122983,63,222721
11667,0.002074,172.217.194.0-255,5738,128721,63,222721
11668,0.002077,172.217.194.0-255,1484,130205,63,222721
11669,0.00209,172.217.194.0-255,2902,133107,63,222721
11670,0.002115,172.217.194.0-255,7156,140263,63,222721
11671,0.002145,172.217.194.0-255,5738,146001,63,222721
11672,0.002157,172.217.194.0-255,4320,150321,63,222721
11673,0.002173,172.217.194.0-255,5020,155341,63,222721
11674,0.002178,172.217.194.0-255,4320,159661,63,222721
11675,0.002222,172.217.194.0-255,7156,166817,63,222721
11676,0.002252,172.217.194.0-255,2902,169719,63,222721
11677,0.002271,172.217.194.0-255,5020,174739,63,222721
11678,0.002311,172.217.194.0-255,5738,180477,63,222721
11679,0.002328,172.217.194.0-255,4320,184797,63,222721
11680,0.002332,172.217.194.0-255,2902,187699,63,222721
11681,0.002363,172.217.194.0-255,1484,189183,63,222721
11682,0.004245,172.31.40.0-255,66,189249,63,222721
11683,0.006577,172.217.194.0-255,5738,194987,63,222721
11684,0.006583,172.31.40.0-255,66,195053,63,222721
11685,0.008901,172.217.194.0-255,5738,200791,63,222721
11686,0.008909,172.31.40.0-255,66,200857,63,222721
11687,0.011236,172.217.194.0-255,5738,206595,63,222721
11688,0.011245,172.31.40.0-255,66,206661,63,222721
11689,0.01355,172.217.194.0-255,5738,212399,63,222721
11690,0.013557,172.31.40.0-255,66,212465,63,222721
11691,0.015857,172.217.194.0-255,4320,216785,63,222721
11692,0.015863,172.31.40.0-255,66,216851,63,222721
11693,0.015882,172.217.194.0-255,1484,218335,63,222721
11694,0.018168,172.217.194.0-255,4320,222655,63,222721
11695,0.018178,172.31.40.0-255,66,222721,63,222721
11696,0.0,35.165.44.0-255,66,66,63,5144
11697,0.001412,35.165.44.0-255,3551,3617,63,5144
11698,0.001421,172.31.40.0-255,66,3683,63,5144
11699,0.005257,172.31.40.0-255,192,3875,63,5144
11700,0.010746,172.31.40.0-255,1269,5144,63,5144
11701,0.0,172.31.40.0-255,105,105,63,276
11702,0.001751,157.240.24.0-255,105,210,63,276
11703,0.001761,172.31.40.0-255,66,276,63,276
11704,0.0,74.125.24.0-255,153,153,63,215663
11705,2.3e-05,172.31.40.0-255,66,219,63,215663
11706,2.9e-05,74.125.24.0-255,1484,1703,63,215663
11707,3.4e-05,172.31.40.0-255,66,1769,63,215663
11708,4e-05,74.125.24.0-255,2902,4671,63,215663
11709,4.4e-05,172.31.40.0-255,66,4737,63,215663
11710,6.9e-05,74.125.24.0-255,7156,11893,63,215663
11711,7.2e-05,172.31.40.0-255,66,11959,63,215663
11712,7.7e-05,74.125.24.0-255,2064,14023,63,215663
11713,8e-05,172.31.40.0-255,66,14089,63,215663
11714,0.00012,74.125.24.0-255,1484,15573,63,215663
11715,0.000123,172.31.40.0-255,66,15639,63,215663
11716,0.000144,74.125.24.0-255,2902,18541,63,215663
11717,0.000147,172.31.40.0-255,66,18607,63,215663
11718,0.000154,74.125.24.0-255,5738,24345,63,215663
11719,0.000156,172.31.40.0-255,66,24411,63,215663
11720,0.000207,74.125.24.0-255,6797,31208,63,215663
11721,0.00021,172.31.40.0-255,66,31274,63,215663
11722,0.000425,74.125.24.0-255,1484,32758,63,215663
11723,0.000429,172.31.40.0-255,66,32824,63,215663
11724,0.000436,74.125.24.0-255,2902,35726,63,215663
11725,0.000439,172.31.40.0-255,66,35792,63,215663
11726,0.000442,74.125.24.0-255,1484,37276,63,215663
11727,0.000445,172.31.40.0-255,66,37342,63,215663
11728,0.000474,74.125.24.0-255,4320,41662,63,215663
11729,0.000477,172.31.40.0-255,66,41728,63,215663
11730,0.000483,74.125.24.0-255,5738,47466,63,215663
11731,0.000485,172.31.40.0-255,66,47532,63,215663
11732,0.00053,172.31.40.0-255,66,47598,63,215663
11733,0.000536,74.125.24.0-255,4273,51871,63,215663
11734,0.000538,172.31.40.0-255,66,51937,63,215663
11735,0.00054,74.125.24.0-255,374,52311,63,215663
11736,0.000687,74.125.24.0-255,1484,53795,63,215663
11737,0.000693,74.125.24.0-255,2902,56697,63,215663
11738,0.000698,172.31.40.0-255,66,56763,63,215663
11739,0.000722,74.125.24.0-255,5738,62501,63,215663
11740,0.000747,74.125.24.0-255,4320,66821,63,215663
11741,0.000751,172.31.40.0-255,66,66887,63,215663
11742,0.000766,74.125.24.0-255,2902,69789,63,215663
11743,0.000779,172.31.40.0-255,66,69855,63,215663
11744,0.000822,172.31.40.0-255,66,69921,63,215663
11745,0.001071,74.125.24.0-255,1484,71405,63,215663
11746,0.001077,74.125.24.0-255,2902,74307,63,215663
11747,0.001081,172.31.40.0-255,66,74373,63,215663
11748,0.001085,74.125.24.0-255,1484,75857,63,215663
11749,0.001104,74.125.24.0-255,4320,80177,63,215663
11750,0.001112,74.125.24.0-255,7156,87333,63,215663
11751,0.001117,172.31.40.0-255,66,87399,63,215663
11752,0.001139,74.125.24.0-255,5738,93137,63,215663
11753,0.001153,172.31.40.0-255,66,93203,63,215663
11754,0.001182,74.125.24.0-255,5738,98941,63,215663
11755,0.001201,172.31.40.0-255,66,99007,63,215663
11756,0.001206,74.125.24.0-255,2184,101191,63,215663
11757,0.001217,74.125.24.0-255,2902,104093,63,215663
11758,0.001224,172.31.40.0-255,66,104159,63,215663
11759,0.001268,172.31.40.0-255,66,104225,63,215663
11760,0.001431,74.125.24.0-255,1484,105709,63,215663
11761,0.001438,74.125.24.0-255,2902,108611,63,215663
11762,0.001441,74.125.24.0-255,1484,110095,63,215663
11763,0.001461,74.125.24.0-255,4320,114415,63,215663
11764,0.001467,74.125.24.0-255,4320,118735,63,215663
11765,0.001474,172.31.40.0-255,66,118801,63,215663
11766,0.001524,172.31.40.0-255,66,118867,63,215663
11767,0.001847,74.125.24.0-255,1484,120351,63,215663
11768,0.001865,74.125.24.0-255,2902,123253,63,215663
11769,0.001868,172.31.40.0-255,66,123319,63,215663
11770,0.001872,74.125.24.0-255,1484,124803,63,215663
11771,0.001888,74.125.24.0-255,4320,129123,63,215663
11772,0.001895,74.125.24.0-255,7156,136279,63,215663
11773,0.001903,172.31.40.0-255,66,136345,63,215663
11774,0.001929,74.125.24.0-255,5738,142083,63,215663
11775,0.001954,74.125.24.0-255,2902,144985,63,215663
11776,0.001962,172.31.40.0-255,66,145051,63,215663
11777,0.001973,74.125.24.0-255,4320,149371,63,215663
11778,0.001977,74.125.24.0-255,4320,153691,63,215663
11779,0.001983,172.31.40.0-255,66,153757,63,215663
11780,0.002003,74.125.24.0-255,4320,158077,63,215663
11781,0.002016,74.125.24.0-255,7156,165233,63,215663
11782,0.002028,172.31.40.0-255,66,165299,63,215663
11783,0.00204,74.125.24.0-255,766,166065,63,215663
11784,0.002051,172.31.40.0-255,66,166131,63,215663
11785,0.002064,74.125.24.0-255,2902,169033,63,215663
11786,0.00208,172.31.40.0-255,66,169099,63,215663
11787,0.002175,172.31.40.0-255,66,169165,63,215663
11788,0.004239,74.125.24.0-255,5738,174903,63,215663
11789,0.004246,172.31.40.0-255,66,174969,63,215663
11790,0.006309,74.125.24.0-255,5738,180707,63,215663
11791,0.006316,172.31.40.0-255,66,180773,63,215663
11792,0.008374,74.125.24.0-255,5738,186511,63,215663
11793,0.008378,172.31.40.0-255,66,186577,63,215663
11794,0.010474,74.125.24.0-255,5738,192315,63,215663
11795,0.010482,172.31.40.0-255,66,192381,63,215663
11796,0.012544,74.125.24.0-255,5738,198119,63,215663
11797,0.012553,172.31.40.0-255,66,198185,63,215663
11798,0.014599,74.125.24.0-255,5738,203923,63,215663
11799,0.014607,172.31.40.0-255,66,203989,63,215663
11800,0.016663,74.125.24.0-255,5738,209727,63,215663
11801,0.016672,172.31.40.0-255,66,209793,63,215663
11802,0.018797,74.125.24.0-255,4320,214113,63,215663
11803,0.018805,172.31.40.0-255,66,214179,63,215663
11804,0.018826,74.125.24.0-255,1484,215663,63,215663
11805,0.0,74.125.24.0-255,153,153,63,163975
11806,1.6e-05,172.31.40.0-255,66,219,63,163975
11807,2.3e-05,74.125.24.0-255,1484,1703,63,163975
11808,2.7e-05,172.31.40.0-255,66,1769,63,163975
11809,3.4e-05,74.125.24.0-255,2902,4671,63,163975
11810,3.7e-05,172.31.40.0-255,66,4737,63,163975
11811,4.5e-05,74.125.24.0-255,7156,11893,63,163975
11812,4.8e-05,172.31.40.0-255,66,11959,63,163975
11813,5.2e-05,74.125.24.0-255,2088,14047,63,163975
11814,5.6e-05,172.31.40.0-255,66,14113,63,163975
11815,0.000154,74.125.24.0-255,1484,15597,63,163975
11816,0.000158,172.31.40.0-255,66,15663,63,163975
11817,0.000164,74.125.24.0-255,2902,18565,63,163975
11818,0.000167,172.31.40.0-255,66,18631,63,163975
11819,0.000199,74.125.24.0-255,2902,21533,63,163975
11820,0.000202,172.31.40.0-255,66,21599,63,163975
11821,0.000221,74.125.24.0-255,2902,24501,63,163975
11822,0.000223,172.31.40.0-255,66,24567,63,163975
11823,0.000231,74.125.24.0-255,6797,31364,63,163975
11824,0.000233,172.31.40.0-255,66,31430,63,163975
11825,0.000353,74.125.24.0-255,1484,32914,63,163975
11826,0.000356,172.31.40.0-255,66,32980,63,163975
11827,0.000362,74.125.24.0-255,2902,35882,63,163975
11828,0.000364,172.31.40.0-255,66,35948,63,163975
11829,0.000375,74.125.24.0-255,1484,37432,63,163975
11830,0.000377,172.31.40.0-255,66,37498,63,163975
11831,0.000392,74.125.24.0-255,4320,41818,63,163975
11832,0.000395,172.31.40.0-255,66,41884,63,163975
11833,0.000416,74.125.24.0-255,4320,46204,63,163975
11834,0.000418,172.31.40.0-255,66,46270,63,163975
11835,0.000431,74.125.24.0-255,5738,52008,63,163975
11836,0.000433,172.31.40.0-255,66,52074,63,163975
11837,0.000452,74.125.24.0-255,3961,56035,63,163975
11838,0.000454,172.31.40.0-255,66,56101,63,163975
11839,0.000464,172.31.40.0-255,66,56167,63,163975
11840,0.000479,74.125.24.0-255,1125,57292,63,163975
11841,0.000903,172.31.40.0-255,66,57358,63,163975
11842,0.001016,74.125.24.0-255,645,58003,63,163975
11843,0.001307,74.125.24.0-255,1484,59487,63,163975
11844,0.001313,172.31.40.0-255,66,59553,63,163975
11845,0.001319,74.125.24.0-255,2902,62455,63,163975
11846,0.001321,172.31.40.0-255,66,62521,63,163975
11847,0.001339,74.125.24.0-255,5738,68259,63,163975
11848,0.001341,172.31.40.0-255,66,68325,63,163975
11849,0.001344,74.125.24.0-255,1484,69809,63,163975
11850,0.001357,74.125.24.0-255,2902,72711,63,163975
11851,0.001359,172.31.40.0-255,66,72777,63,163975
11852,0.001378,74.125.24.0-255,2902,75679,63,163975
11853,0.00138,172.31.40.0-255,66,75745,63,163975
11854,0.001412,172.31.40.0-255,66,75811,63,163975
11855,0.001422,172.31.40.0-255,66,75877,63,163975
11856,0.001776,74.125.24.0-255,1484,77361,63,163975
11857,0.001783,74.125.24.0-255,2902,80263,63,163975
11858,0.001787,172.31.40.0-255,66,80329,63,163975
11859,0.00181,74.125.24.0-255,5738,86067,63,163975
11860,0.001812,172.31.40.0-255,66,86133,63,163975
11861,0.001836,74.125.24.0-255,5738,91871,63,163975
11862,0.001838,172.31.40.0-255,66,91937,63,163975
11863,0.001865,74.125.24.0-255,7156,99093,63,163975
11864,0.001867,172.31.40.0-255,66,99159,63,163975
11865,0.001877,172.31.40.0-255,66,99225,63,163975
11866,0.001897,74.125.24.0-255,2184,101409,63,163975
11867,0.001899,172.31.40.0-255,66,101475,63,163975
11868,0.001996,74.125.24.0-255,1484,102959,63,163975
11869,0.002,74.125.24.0-255,2902,105861,63,163975
11870,0.002001,172.31.40.0-255,66,105927,63,163975
11871,0.002022,74.125.24.0-255,5738,111665,63,163975
11872,0.002025,172.31.40.0-255,66,111731,63,163975
11873,0.002041,74.125.24.0-255,2902,114633,63,163975
11874,0.002043,172.31.40.0-255,66,114699,63,163975
11875,0.002081,172.31.40.0-255,66,114765,63,163975
11876,0.00209,172.31.40.0-255,66,114831,63,163975
11877,0.00211,74.125.24.0-255,2184,117015,63,163975
11878,0.002112,172.31.40.0-255,66,117081,63,163975
11879,0.004196,74.125.24.0-255,2902,119983,63,163975
11880,0.004199,172.31.40.0-255,66,120049,63,163975
11881,0.004215,74.125.24.0-255,1484,121533,63,163975
11882,0.004227,74.125.24.0-255,1484,123017,63,163975
11883,0.00423,172.31.40.0-255,66,123083,63,163975
11884,0.006305,74.125.24.0-255,2902,125985,63,163975
11885,0.006312,172.31.40.0-255,66,126051,63,163975
11886,0.006334,74.125.24.0-255,2902,128953,63,163975
11887,0.006337,172.31.40.0-255,66,129019,63,163975
11888,0.008391,74.125.24.0-255,2902,131921,63,163975
11889,0.008397,172.31.40.0-255,66,131987,63,163975
11890,0.008421,74.125.24.0-255,2902,134889,63,163975
11891,0.008437,172.31.40.0-255,66,134955,63,163975
11892,0.010539,74.125.24.0-255,5738,140693,63,163975
11893,0.010546,172.31.40.0-255,66,140759,63,163975
11894,0.012657,74.125.24.0-255,5738,146497,63,163975
11895,0.012666,172.31.40.0-255,66,146563,63,163975
11896,0.014876,74.125.24.0-255,5738,152301,63,163975
11897,0.014885,172.31.40.0-255,66,152367,63,163975
11898,0.017034,74.125.24.0-255,5738,158105,63,163975
11899,0.017044,172.31.40.0-255,66,158171,63,163975
11900,0.019141,74.125.24.0-255,5738,163909,63,163975
11901,0.019152,172.31.40.0-255,66,163975,63,163975
11902,0.0,74.125.68.0-255,150,150,63,187889
11903,1.3e-05,172.31.40.0-255,66,216,63,187889
11904,1.8e-05,74.125.68.0-255,1484,1700,63,187889
11905,2.2e-05,172.31.40.0-255,66,1766,63,187889
11906,5.6e-05,74.125.68.0-255,2902,4668,63,187889
11907,5.9e-05,172.31.40.0-255,66,4734,63,187889
11908,6.6e-05,74.125.68.0-255,5738,10472,63,187889
11909,6.9e-05,172.31.40.0-255,66,10538,63,187889
11910,9.6e-05,74.125.68.0-255,4930,15468,63,187889
11911,9.9e-05,172.31.40.0-255,66,15534,63,187889
11912,0.000105,74.125.68.0-255,4320,19854,63,187889
11913,0.000107,172.31.40.0-255,66,19920,63,187889
11914,0.000134,74.125.68.0-255,1484,21404,63,187889
11915,0.000137,172.31.40.0-255,66,21470,63,187889
11916,0.000175,172.31.40.0-255,66,21536,63,187889
11917,0.00023,74.125.68.0-255,1484,23020,63,187889
11918,0.000233,172.31.40.0-255,66,23086,63,187889
11919,0.000236,74.125.68.0-255,1484,24570,63,187889
11920,0.000238,172.31.40.0-255,66,24636,63,187889
11921,0.000268,74.125.68.0-255,1484,26120,63,187889
11922,0.000271,172.31.40.0-255,66,26186,63,187889
11923,0.000278,74.125.68.0-255,5738,31924,63,187889
11924,0.000281,172.31.40.0-255,66,31990,63,187889
11925,0.000287,74.125.68.0-255,5738,37728,63,187889
11926,0.000294,172.31.40.0-255,66,37794,63,187889
11927,0.000337,74.125.68.0-255,1125,38919,63,187889
11928,0.00034,172.31.40.0-255,66,38985,63,187889
11929,0.001104,74.125.68.0-255,1484,40469,63,187889
11930,0.00111,172.31.40.0-255,66,40535,63,187889
11931,0.001121,74.125.68.0-255,2902,43437,63,187889
11932,0.001123,172.31.40.0-255,66,43503,63,187889
11933,0.001136,74.125.68.0-255,2902,46405,63,187889
11934,0.001163,74.125.68.0-255,2902,49307,63,187889
11935,0.001185,74.125.68.0-255,6797,56104,63,187889
11936,0.0012,74.125.68.0-255,4320,60424,63,187889
11937,0.001214,74.125.68.0-255,5738,66162,63,187889
11938,0.001243,74.125.68.0-255,2902,69064,63,187889
11939,0.001258,74.125.68.0-255,3961,73025,63,187889
11940,0.001737,74.125.68.0-255,1484,74509,63,187889
11941,0.001743,74.125.68.0-255,1484,75993,63,187889
11942,0.001747,74.125.68.0-255,2902,78895,63,187889
11943,0.00176,74.125.68.0-255,2902,81797,63,187889
11944,0.001772,74.125.68.0-255,2902,84699,63,187889
11945,0.001792,74.125.68.0-255,4320,89019,63,187889
11946,0.001839,74.125.68.0-255,1704,90723,63,187889
11947,0.001902,74.125.68.0-255,1484,92207,63,187889
11948,0.001913,74.125.68.0-255,2902,95109,63,187889
11949,0.001928,74.125.68.0-255,1484,96593,63,187889
11950,0.00194,74.125.68.0-255,4320,100913,63,187889
11951,0.00196,74.125.68.0-255,2902,103815,63,187889
11952,0.00198,74.125.68.0-255,4320,108135,63,187889
11953,0.001996,74.125.68.0-255,2902,111037,63,187889
11954,0.002013,74.125.68.0-255,2902,113939,63,187889
11955,0.002027,74.125.68.0-255,1484,115423,63,187889
11956,0.002042,74.125.68.0-255,2902,118325,63,187889
11957,0.002064,74.125.68.0-255,5738,124063,63,187889
11958,0.002077,74.125.68.0-255,766,124829,63,187889
11959,0.002116,74.125.68.0-255,1484,126313,63,187889
11960,0.002141,74.125.68.0-255,4320,130633,63,187889
11961,0.002145,74.125.68.0-255,1484,132117,63,187889
11962,0.002163,74.125.68.0-255,2902,135019,63,187889
11963,0.002183,74.125.68.0-255,5738,140757,63,187889
11964,0.00221,74.125.68.0-255,5738,146495,63,187889
11965,0.002228,74.125.68.0-255,1484,147979,63,187889
11966,0.002241,74.125.68.0-255,2902,150881,63,187889
11967,0.002261,74.125.68.0-255,5738,156619,63,187889
11968,0.002264,74.125.68.0-255,2184,158803,63,187889
11969,0.003644,172.31.40.0-255,66,158869,63,187889
11970,0.006362,74.125.68.0-255,5738,164607,63,187889
11971,0.006367,172.31.40.0-255,66,164673,63,187889
11972,0.009135,74.125.68.0-255,5738,170411,63,187889
11973,0.009142,172.31.40.0-255,66,170477,63,187889
11974,0.011848,74.125.68.0-255,5738,176215,63,187889
11975,0.011855,172.31.40.0-255,66,176281,63,187889
11976,0.014886,74.125.68.0-255,5738,182019,63,187889
11977,0.014896,172.31.40.0-255,66,182085,63,187889
11978,0.017609,74.125.68.0-255,5738,187823,63,187889
11979,0.017619,172.31.40.0-255,66,187889,63,187889
11980,0.0,74.125.24.0-255,148,148,63,130958
11981,3.2e-05,172.31.40.0-255,66,214,63,130958
11982,4.1e-05,74.125.24.0-255,1484,1698,63,130958
11983,4.6e-05,172.31.40.0-255,66,1764,63,130958
11984,5.3e-05,74.125.24.0-255,2902,4666,63,130958
11985,5.8e-05,172.31.40.0-255,66,4732,63,130958
11986,6.4e-05,74.125.24.0-255,4320,9052,63,130958
11987,6.7e-05,172.31.40.0-255,66,9118,63,130958
11988,0.000119,74.125.24.0-255,1484,10602,63,130958
11989,0.000122,172.31.40.0-255,66,10668,63,130958
11990,0.000142,74.125.24.0-255,3482,14150,63,130958
11991,0.000145,172.31.40.0-255,66,14216,63,130958
11992,0.000306,74.125.24.0-255,1484,15700,63,130958
11993,0.000311,172.31.40.0-255,66,15766,63,130958
11994,0.000315,74.125.24.0-255,1484,17250,63,130958
11995,0.000317,172.31.40.0-255,66,17316,63,130958
11996,0.000335,74.125.24.0-255,1484,18800,63,130958
11997,0.000337,172.31.40.0-255,66,18866,63,130958
11998,0.000343,74.125.24.0-255,5738,24604,63,130958
11999,0.000346,172.31.40.0-255,66,24670,63,130958
12000,0.000352,74.125.24.0-255,5738,30408,63,130958
12001,0.000355,172.31.40.0-255,66,30474,63,130958
12002,0.000379,74.125.24.0-255,1125,31599,63,130958
12003,0.000381,172.31.40.0-255,66,31665,63,130958
12004,0.000418,74.125.24.0-255,1484,33149,63,130958
12005,0.00042,172.31.40.0-255,66,33215,63,130958
12006,0.000423,74.125.24.0-255,1484,34699,63,130958
12007,0.000426,172.31.40.0-255,66,34765,63,130958
12008,0.000443,74.125.24.0-255,2902,37667,63,130958
12009,0.000445,172.31.40.0-255,66,37733,63,130958
12010,0.000452,74.125.24.0-255,5738,43471,63,130958
12011,0.000455,172.31.40.0-255,66,43537,63,130958
12012,0.000498,74.125.24.0-255,5379,48916,63,130958
12013,0.000502,172.31.40.0-255,66,48982,63,130958
12014,0.001283,74.125.24.0-255,1484,50466,63,130958
12015,0.001294,74.125.24.0-255,2902,53368,63,130958
12016,0.001299,172.31.40.0-255,66,53434,63,130958
12017,0.001305,74.125.24.0-255,2902,56336,63,130958
12018,0.001307,172.31.40.0-255,66,56402,63,130958
12019,0.001324,74.125.24.0-255,2902,59304,63,130958
12020,0.001327,172.31.40.0-255,66,59370,63,130958
12021,0.001332,74.125.24.0-255,2902,62272,63,130958
12022,0.001334,172.31.40.0-255,66,62338,63,130958
12023,0.001339,74.125.24.0-255,3961,66299,63,130958
12024,0.001341,172.31.40.0-255,66,66365,63,130958
12025,0.001403,74.125.24.0-255,1484,67849,63,130958
12026,0.001419,74.125.24.0-255,2902,70751,63,130958
12027,0.001422,172.31.40.0-255,66,70817,63,130958
12028,0.001426,74.125.24.0-255,1484,72301,63,130958
12029,0.001445,74.125.24.0-255,4320,76621,63,130958
12030,0.001447,172.31.40.0-255,66,76687,63,130958
12031,0.001488,172.31.40.0-255,66,76753,63,130958
12032,0.001495,74.125.24.0-255,5738,82491,63,130958
12033,0.001497,172.31.40.0-255,66,82557,63,130958
12034,0.001519,74.125.24.0-255,1484,84041,63,130958
12035,0.001541,74.125.24.0-255,3123,87164,63,130958
12036,0.001544,172.31.40.0-255,66,87230,63,130958
12037,0.003709,74.125.24.0-255,4320,91550,63,130958
12038,0.003716,172.31.40.0-255,66,91616,63,130958
12039,0.003727,74.125.24.0-255,1484,93100,63,130958
12040,0.005891,74.125.24.0-255,4320,97420,63,130958
12041,0.005897,172.31.40.0-255,66,97486,63,130958
12042,0.008086,74.125.24.0-255,4320,101806,63,130958
12043,0.008093,172.31.40.0-255,66,101872,63,130958
12044,0.008111,74.125.24.0-255,1484,103356,63,130958
12045,0.010284,74.125.24.0-255,4320,107676,63,130958
12046,0.010292,172.31.40.0-255,66,107742,63,130958
12047,0.012492,74.125.24.0-255,5738,113480,63,130958
12048,0.0125,172.31.40.0-255,66,113546,63,130958
12049,0.014688,74.125.24.0-255,5738,119284,63,130958
12050,0.014697,172.31.40.0-255,66,119350,63,130958
12051,0.016881,74.125.24.0-255,5738,125088,63,130958
12052,0.016889,172.31.40.0-255,66,125154,63,130958
12053,0.019047,74.125.24.0-255,5738,130892,63,130958
12054,0.019051,172.31.40.0-255,66,130958,63,130958
12055,0.0,74.125.200.0-255,153,153,63,162485
12056,2.7e-05,172.31.40.0-255,66,219,63,162485
12057,5.5e-05,74.125.200.0-255,1484,1703,63,162485
12058,6.1e-05,172.31.40.0-255,66,1769,63,162485
12059,8.6e-05,74.125.200.0-255,2902,4671,63,162485
12060,8.9e-05,172.31.40.0-255,66,4737,63,162485
12061,0.000133,74.125.200.0-255,1484,6221,63,162485
12062,0.000137,172.31.40.0-255,66,6287,63,162485
12063,0.00016,74.125.200.0-255,2902,9189,63,162485
12064,0.000163,172.31.40.0-255,66,9255,63,162485
12065,0.000177,74.125.200.0-255,2902,12157,63,162485
12066,0.00018,172.31.40.0-255,66,12223,63,162485
12067,0.000225,74.125.200.0-255,2073,14296,63,162485
12068,0.000228,172.31.40.0-255,66,14362,63,162485
12069,0.000259,74.125.200.0-255,2902,17264,63,162485
12070,0.000262,172.31.40.0-255,66,17330,63,162485
12071,0.00028,74.125.200.0-255,1484,18814,63,162485
12072,0.000282,172.31.40.0-255,66,18880,63,162485
12073,0.000304,74.125.200.0-255,2902,21782,63,162485
12074,0.000307,172.31.40.0-255,66,21848,63,162485
12075,0.000325,74.125.200.0-255,4320,26168,63,162485
12076,0.000328,172.31.40.0-255,66,26234,63,162485
12077,0.000347,74.125.200.0-255,1484,27718,63,162485
12078,0.000349,172.31.40.0-255,66,27784,63,162485
12079,0.000355,74.125.200.0-255,3961,31745,63,162485
12080,0.000358,172.31.40.0-255,66,31811,63,162485
12081,0.000512,74.125.200.0-255,1484,33295,63,162485
12082,0.000517,172.31.40.0-255,66,33361,63,162485
12083,0.000567,74.125.200.0-255,1484,34845,63,162485
12084,0.00057,172.31.40.0-255,66,34911,63,162485
12085,0.000602,74.125.200.0-255,1484,36395,63,162485
12086,0.000605,172.31.40.0-255,66,36461,63,162485
12087,0.00061,74.125.200.0-255,2902,39363,63,162485
12088,0.000612,172.31.40.0-255,66,39429,63,162485
12089,0.000633,74.125.200.0-255,2902,42331,63,162485
12090,0.000635,172.31.40.0-255,66,42397,63,162485
12091,0.000685,74.125.200.0-255,1484,43881,63,162485
12092,0.000702,74.125.200.0-255,1484,45365,63,162485
12093,0.000704,172.31.40.0-255,66,45431,63,162485
12094,0.000741,74.125.200.0-255,1484,46915,63,162485
12095,0.000765,74.125.200.0-255,2902,49817,63,162485
12096,0.000768,172.31.40.0-255,66,49883,63,162485
12097,0.000771,74.125.200.0-255,1484,51367,63,162485
12098,0.000787,74.125.200.0-255,1484,52851,63,162485
12099,0.000789,172.31.40.0-255,66,52917,63,162485
12100,0.000803,74.125.200.0-255,1484,54401,63,162485
12101,0.000833,74.125.200.0-255,4320,58721,63,162485
12102,0.000836,172.31.40.0-255,66,58787,63,162485
12103,0.000881,74.125.200.0-255,2902,61689,63,162485
12104,0.000885,172.31.40.0-255,66,61755,63,162485
12105,0.000901,74.125.200.0-255,1484,63239,63,162485
12106,0.000939,74.125.200.0-255,3602,66841,63,162485
12107,0.000942,172.31.40.0-255,66,66907,63,162485
12108,0.001082,74.125.200.0-255,364,67271,63,162485
12109,0.0011,74.125.200.0-255,132,67403,63,162485
12110,0.001857,172.31.40.0-255,66,67469,63,162485
12111,0.001962,74.125.200.0-255,1484,68953,63,162485
12112,0.001981,74.125.200.0-255,2902,71855,63,162485
12113,0.001984,172.31.40.0-255,66,71921,63,162485
12114,0.001991,74.125.200.0-255,5738,77659,63,162485
12115,0.001993,172.31.40.0-255,66,77725,63,162485
12116,0.001998,74.125.200.0-255,2902,80627,63,162485
12117,0.002001,172.31.40.0-255,66,80693,63,162485
12118,0.002061,74.125.200.0-255,1484,82177,63,162485
12119,0.002084,74.125.200.0-255,5738,87915,63,162485
12120,0.002087,172.31.40.0-255,66,87981,63,162485
12121,0.002092,74.125.200.0-255,2902,90883,63,162485
12122,0.002094,172.31.40.0-255,66,90949,63,162485
12123,0.002115,74.125.200.0-255,5738,96687,63,162485
12124,0.002117,172.31.40.0-255,66,96753,63,162485
12125,0.00212,74.125.200.0-255,1484,98237,63,162485
12126,0.002155,74.125.200.0-255,3602,101839,63,162485
12127,0.002158,172.31.40.0-255,66,101905,63,162485
12128,0.002418,74.125.200.0-255,1484,103389,63,162485
12129,0.002428,74.125.200.0-255,2902,106291,63,162485
12130,0.002433,172.31.40.0-255,66,106357,63,162485
12131,0.002452,74.125.200.0-255,2902,109259,63,162485
12132,0.002454,172.31.40.0-255,66,109325,63,162485
12133,0.00248,74.125.200.0-255,2902,112227,63,162485
12134,0.002483,172.31.40.0-255,66,112293,63,162485
12135,0.002487,74.125.200.0-255,1484,113777,63,162485
12136,0.002495,74.125.200.0-255,7156,120933,63,162485
12137,0.002497,172.31.40.0-255,66,120999,63,162485
12138,0.002513,74.125.200.0-255,1484,122483,63,162485
12139,0.004931,74.125.200.0-255,4320,126803,63,162485
12140,0.004938,172.31.40.0-255,66,126869,63,162485
12141,0.007368,74.125.200.0-255,2902,129771,63,162485
12142,0.007374,172.31.40.0-255,66,129837,63,162485
12143,0.007401,74.125.200.0-255,2902,132739,63,162485
12144,0.007404,172.31.40.0-255,66,132805,63,162485
12145,0.009837,74.125.200.0-255,2902,135707,63,162485
12146,0.009843,172.31.40.0-255,66,135773,63,162485
12147,0.009864,74.125.200.0-255,1484,137257,63,162485
12148,0.009883,74.125.200.0-255,1484,138741,63,162485
12149,0.009885,172.31.40.0-255,66,138807,63,162485
12150,0.012276,74.125.200.0-255,2902,141709,63,162485
12151,0.012285,172.31.40.0-255,66,141775,63,162485
12152,0.012318,74.125.200.0-255,2902,144677,63,162485
12153,0.01232,172.31.40.0-255,66,144743,63,162485
12154,0.014713,74.125.200.0-255,2902,147645,63,162485
12155,0.014722,172.31.40.0-255,66,147711,63,162485
12156,0.014741,74.125.200.0-255,2902,150613,63,162485
12157,0.014743,172.31.40.0-255,66,150679,63,162485
12158,0.017154,74.125.200.0-255,2902,153581,63,162485
12159,0.017162,172.31.40.0-255,66,153647,63,162485
12160,0.017182,74.125.200.0-255,2902,156549,63,162485
12161,0.017184,172.31.40.0-255,66,156615,63,162485
12162,0.019604,74.125.200.0-255,4320,160935,63,162485
12163,0.019611,172.31.40.0-255,66,161001,63,162485
12164,0.019628,74.125.200.0-255,1484,162485,63,162485
12165,0.0,172.217.194.0-255,153,153,63,138641
12166,2.8e-05,172.31.40.0-255,66,219,63,138641
12167,3.6e-05,172.217.194.0-255,1484,1703,63,138641
12168,4.1e-05,172.31.40.0-255,66,1769,63,138641
12169,4.7e-05,172.217.194.0-255,2902,4671,63,138641
12170,5e-05,172.31.40.0-255,66,4737,63,138641
12171,5.8e-05,172.217.194.0-255,7156,11893,63,138641
12172,6e-05,172.31.40.0-255,66,11959,63,138641
12173,6.4e-05,172.217.194.0-255,2165,14124,63,138641
12174,6.6e-05,172.31.40.0-255,66,14190,63,138641
12175,8.3e-05,172.31.40.0-255,66,14256,63,138641
12176,0.000119,172.217.194.0-255,2902,17158,63,138641
12177,0.000121,172.31.40.0-255,66,17224,63,138641
12178,0.000144,172.217.194.0-255,3961,21185,63,138641
12179,0.000147,172.31.40.0-255,66,21251,63,138641
12180,0.000181,172.217.194.0-255,1484,22735,63,138641
12181,0.000184,172.31.40.0-255,66,22801,63,138641
12182,0.000188,172.217.194.0-255,2902,25703,63,138641
12183,0.00019,172.31.40.0-255,66,25769,63,138641
12184,0.000196,172.217.194.0-255,5738,31507,63,138641
12185,0.000199,172.31.40.0-255,66,31573,63,138641
12186,0.000223,172.31.40.0-255,66,31639,63,138641
12187,0.000245,172.217.194.0-255,5738,37377,63,138641
12188,0.000247,172.31.40.0-255,66,37443,63,138641
12189,0.000282,172.31.40.0-255,66,37509,63,138641
12190,0.000285,172.217.194.0-255,339,37848,63,138641
12191,0.000287,172.31.40.0-255,66,37914,63,138641
12192,0.000309,172.217.194.0-255,120,38034,63,138641
12193,0.000311,172.31.40.0-255,66,38100,63,138641
12194,0.000331,172.217.194.0-255,380,38480,63,138641
12195,0.00056,172.217.194.0-255,1484,39964,63,138641
12196,0.000566,172.31.40.0-255,66,40030,63,138641
12197,0.000572,172.217.194.0-255,2902,42932,63,138641
12198,0.000574,172.31.40.0-255,66,42998,63,138641
12199,0.000605,172.217.194.0-255,5738,48736,63,138641
12200,0.000608,172.31.40.0-255,66,48802,63,138641
12201,0.000612,172.217.194.0-255,2902,51704,63,138641
12202,0.000614,172.31.40.0-255,66,51770,63,138641
12203,0.000631,172.217.194.0-255,2902,54672,63,138641
12204,0.000633,172.31.40.0-255,66,54738,63,138641
12205,0.000637,172.217.194.0-255,2902,57640,63,138641
12206,0.000639,172.31.40.0-255,66,57706,63,138641
12207,0.000679,172.31.40.0-255,66,57772,63,138641
12208,0.000685,172.217.194.0-255,5020,62792,63,138641
12209,0.000688,172.31.40.0-255,66,62858,63,138641
12210,0.000781,172.217.194.0-255,1484,64342,63,138641
12211,0.000798,172.217.194.0-255,2902,67244,63,138641
12212,0.000802,172.31.40.0-255,66,67310,63,138641
12213,0.000807,172.217.194.0-255,2902,70212,63,138641
12214,0.000809,172.31.40.0-255,66,70278,63,138641
12215,0.000823,172.217.194.0-255,2902,73180,63,138641
12216,0.000826,172.31.40.0-255,66,73246,63,138641
12217,0.000867,172.31.40.0-255,66,73312,63,138641
12218,0.000875,172.217.194.0-255,7156,80468,63,138641
12219,0.000877,172.31.40.0-255,66,80534,63,138641
12220,0.000895,172.217.194.0-255,3602,84136,63,138641
12221,0.000898,172.31.40.0-255,66,84202,63,138641
12222,0.000901,172.217.194.0-255,1484,85686,63,138641
12223,0.000933,172.31.40.0-255,66,85752,63,138641
12224,0.000945,172.31.40.0-255,66,85818,63,138641
12225,0.000965,172.217.194.0-255,4320,90138,63,138641
12226,0.000968,172.31.40.0-255,66,90204,63,138641
12227,0.000998,172.31.40.0-255,66,90270,63,138641
12228,0.001772,172.217.194.0-255,1484,91754,63,138641
12229,0.001777,172.217.194.0-255,1484,93238,63,138641
12230,0.001781,172.31.40.0-255,66,93304,63,138641
12231,0.001803,172.217.194.0-255,1484,94788,63,138641
12232,0.00181,172.217.194.0-255,5738,100526,63,138641
12233,0.001812,172.31.40.0-255,66,100592,63,138641
12234,0.001819,172.217.194.0-255,4320,104912,63,138641
12235,0.00182,172.31.40.0-255,66,104978,63,138641
12236,0.001847,172.31.40.0-255,66,105044,63,138641
12237,0.00186,172.31.40.0-255,66,105110,63,138641
12238,0.002131,172.217.194.0-255,1484,106594,63,138641
12239,0.002154,172.217.194.0-255,2902,109496,63,138641
12240,0.002158,172.31.40.0-255,66,109562,63,138641
12241,0.002164,172.217.194.0-255,4320,113882,63,138641
12242,0.002166,172.31.40.0-255,66,113948,63,138641
12243,0.00218,172.217.194.0-255,1484,115432,63,138641
12244,0.002215,172.31.40.0-255,66,115498,63,138641
12245,0.002226,172.31.40.0-255,66,115564,63,138641
12246,0.002268,172.31.40.0-255,66,115630,63,138641
12247,0.002279,172.31.40.0-255,66,115696,63,138641
12248,0.002293,172.217.194.0-255,5738,121434,63,138641
12249,0.002295,172.31.40.0-255,66,121500,63,138641
12250,0.002323,172.31.40.0-255,66,121566,63,138641
12251,0.002334,172.31.40.0-255,66,121632,63,138641
12252,0.002407,172.217.194.0-255,2902,124534,63,138641
12253,0.002409,172.31.40.0-255,66,124600,63,138641
12254,0.002439,172.31.40.0-255,66,124666,63,138641
12255,0.002443,172.217.194.0-255,2902,127568,63,138641
12256,0.002446,172.31.40.0-255,66,127634,63,138641
12257,0.00249,172.31.40.0-255,66,127700,63,138641
12258,0.002504,172.31.40.0-255,66,127766,63,138641
12259,0.002523,172.217.194.0-255,5020,132786,63,138641
12260,0.002525,172.31.40.0-255,66,132852,63,138641
12261,0.002542,172.31.40.0-255,66,132918,63,138641
12262,0.002554,172.217.194.0-255,1484,134402,63,138641
12263,0.00257,172.31.40.0-255,66,134468,63,138641
12264,0.002598,172.217.194.0-255,3602,138070,63,138641
12265,0.002601,172.31.40.0-255,66,138136,63,138641
12266,0.002618,172.31.40.0-255,66,138202,63,138641
12267,0.002634,172.31.40.0-255,66,138268,63,138641
12268,0.005178,172.217.194.0-255,136,138404,63,138641
12269,0.01285,172.31.40.0-255,66,138470,63,138641
12270,0.012905,172.31.40.0-255,105,138575,63,138641
12271,0.015497,172.217.194.0-255,66,138641,63,138641
12272,0.0,172.31.40.0-255,105,105,63,459
12273,0.000154,172.31.40.0-255,90,195,63,459
12274,0.000164,172.31.40.0-255,66,261,63,459
12275,0.002658,74.125.200.0-255,66,327,63,459
12276,0.00269,74.125.200.0-255,66,393,63,459
12277,0.002713,172.31.40.0-255,66,459,63,459
12278,0.0,74.125.24.0-255,153,153,63,279375
12279,2.3e-05,172.31.40.0-255,66,219,63,279375
12280,3e-05,74.125.24.0-255,1484,1703,63,279375
12281,3.5e-05,172.31.40.0-255,66,1769,63,279375
12282,4e-05,74.125.24.0-255,2902,4671,63,279375
12283,4.3e-05,172.31.40.0-255,66,4737,63,279375
12284,4.7e-05,74.125.24.0-255,2902,7639,63,279375
12285,5e-05,172.31.40.0-255,66,7705,63,279375
12286,7.7e-05,74.125.24.0-255,2902,10607,63,279375
12287,8e-05,172.31.40.0-255,66,10673,63,279375
12288,0.000102,74.125.24.0-255,4892,15565,63,279375
12289,0.000105,172.31.40.0-255,66,15631,63,279375
12290,0.000112,74.125.24.0-255,7156,22787,63,279375
12291,0.000115,172.31.40.0-255,66,22853,63,279375
12292,0.000138,74.125.24.0-255,5738,28591,63,279375
12293,0.000141,172.31.40.0-255,66,28657,63,279375
12294,0.000154,74.125.24.0-255,2543,31200,63,279375
12295,0.000156,172.31.40.0-255,66,31266,63,279375
12296,0.000194,74.125.24.0-255,2902,34168,63,279375
12297,0.000197,172.31.40.0-255,66,34234,63,279375
12298,0.0002,74.125.24.0-255,1484,35718,63,279375
12299,0.000202,172.31.40.0-255,66,35784,63,279375
12300,0.000205,74.125.24.0-255,1484,37268,63,279375
12301,0.000207,172.31.40.0-255,66,37334,63,279375
12302,0.000234,74.125.24.0-255,4320,41654,63,279375
12303,0.000236,172.31.40.0-255,66,41720,63,279375
12304,0.000277,74.125.24.0-255,6797,48517,63,279375
12305,0.00028,172.31.40.0-255,66,48583,63,279375
12306,0.000411,74.125.24.0-255,1484,50067,63,279375
12307,0.000415,172.31.40.0-255,66,50133,63,279375
12308,0.00042,74.125.24.0-255,1484,51617,63,279375
12309,0.000422,172.31.40.0-255,66,51683,63,279375
12310,0.000436,74.125.24.0-255,1484,53167,63,279375
12311,0.000444,74.125.24.0-255,5738,58905,63,279375
12312,0.000446,172.31.40.0-255,66,58971,63,279375
12313,0.00045,74.125.24.0-255,1484,60455,63,279375
12314,0.000469,74.125.24.0-255,5379,65834,63,279375
12315,0.000472,172.31.40.0-255,66,65900,63,279375
12316,0.000475,74.125.24.0-255,399,66299,63,279375
12317,0.00053,74.125.24.0-255,108,66407,63,279375
12318,0.000572,74.125.24.0-255,332,66739,63,279375
12319,0.000916,74.125.24.0-255,1484,68223,63,279375
12320,0.000921,172.31.40.0-255,66,68289,63,279375
12321,0.000927,74.125.24.0-255,2902,71191,63,279375
12322,0.000929,172.31.40.0-255,66,71257,63,279375
12323,0.000944,74.125.24.0-255,2902,74159,63,279375
12324,0.000947,172.31.40.0-255,66,74225,63,279375
12325,0.000968,74.125.24.0-255,2902,77127,63,279375
12326,0.00097,172.31.40.0-255,66,77193,63,279375
12327,0.001002,172.31.40.0-255,66,77259,63,279375
12328,0.001026,74.125.24.0-255,2902,80161,63,279375
12329,0.001029,172.31.40.0-255,66,80227,63,279375
12330,0.001042,172.31.40.0-255,66,80293,63,279375
12331,0.001072,74.125.24.0-255,4320,84613,63,279375
12332,0.001074,172.31.40.0-255,66,84679,63,279375
12333,0.001096,74.125.24.0-255,1484,86163,63,279375
12334,0.001104,74.125.24.0-255,7156,93319,63,279375
12335,0.001107,172.31.40.0-255,66,93385,63,279375
12336,0.001118,172.31.40.0-255,66,93451,63,279375
12337,0.001132,74.125.24.0-255,4320,97771,63,279375
12338,0.001134,172.31.40.0-255,66,97837,63,279375
12339,0.001142,74.125.24.0-255,6438,104275,63,279375
12340,0.001144,172.31.40.0-255,66,104341,63,279375
12341,0.001358,74.125.24.0-255,1484,105825,63,279375
12342,0.001376,74.125.24.0-255,2902,108727,63,279375
12343,0.00138,172.31.40.0-255,66,108793,63,279375
12344,0.001384,74.125.24.0-255,2902,111695,63,279375
12345,0.001386,172.31.40.0-255,66,111761,63,279375
12346,0.001404,74.125.24.0-255,2902,114663,63,279375
12347,0.001406,172.31.40.0-255,66,114729,63,279375
12348,0.001414,74.125.24.0-255,7156,121885,63,279375
12349,0.001417,172.31.40.0-255,66,121951,63,279375
12350,0.001434,74.125.24.0-255,5738,127689,63,279375
12351,0.001436,172.31.40.0-255,66,127755,63,279375
12352,0.001442,74.125.24.0-255,4320,132075,63,279375
12353,0.001444,172.31.40.0-255,66,132141,63,279375
12354,0.001467,74.125.24.0-255,5738,137879,63,279375
12355,0.001471,172.31.40.0-255,66,137945,63,279375
12356,0.001473,74.125.24.0-255,766,138711,63,279375
12357,0.00151,74.125.24.0-255,1484,140195,63,279375
12358,0.001514,172.31.40.0-255,66,140261,63,279375
12359,0.001517,74.125.24.0-255,1484,141745,63,279375
12360,0.001533,74.125.24.0-255,1484,143229,63,279375
12361,0.001536,172.31.40.0-255,66,143295,63,279375
12362,0.00154,74.125.24.0-255,2902,146197,63,279375
12363,0.001542,172.31.40.0-255,66,146263,63,279375
12364,0.001557,74.125.24.0-255,2902,149165,63,279375
12365,0.001559,172.31.40.0-255,66,149231,63,279375
12366,0.001577,74.125.24.0-255,4320,153551,63,279375
12367,0.00158,172.31.40.0-255,66,153617,63,279375
12368,0.001625,172.31.40.0-255,66,153683,63,279375
12369,0.001633,172.31.40.0-255,66,153749,63,279375
12370,0.001648,74.125.24.0-255,2184,155933,63,279375
12371,0.00165,172.31.40.0-255,66,155999,63,279375
12372,0.001683,74.125.24.0-255,1484,157483,63,279375
12373,0.001699,74.125.24.0-255,2902,160385,63,279375
12374,0.001708,172.31.40.0-255,66,160451,63,279375
12375,0.001712,74.125.24.0-255,1484,161935,63,279375
12376,0.001726,74.125.24.0-255,4320,166255,63,279375
12377,0.001728,172.31.40.0-255,66,166321,63,279375
12378,0.001768,172.31.40.0-255,66,166387,63,279375
12379,0.001789,74.125.24.0-255,4320,170707,63,279375
12380,0.001792,172.31.40.0-255,66,170773,63,279375
12381,0.001813,172.31.40.0-255,66,170839,63,279375
12382,0.001828,74.125.24.0-255,1484,172323,63,279375
12383,0.001854,172.31.40.0-255,66,172389,63,279375
12384,0.001883,74.125.24.0-255,7156,179545,63,279375
12385,0.001887,172.31.40.0-255,66,179611,63,279375
12386,0.001902,74.125.24.0-255,4320,183931,63,279375
12387,0.001904,172.31.40.0-255,66,183997,63,279375
12388,0.001916,172.31.40.0-255,66,184063,63,279375
12389,0.002181,74.125.24.0-255,1484,185547,63,279375
12390,0.002187,74.125.24.0-255,2902,188449,63,279375
12391,0.00219,172.31.40.0-255,66,188515,63,279375
12392,0.002212,74.125.24.0-255,5738,194253,63,279375
12393,0.002215,172.31.40.0-255,66,194319,63,279375
12394,0.002218,74.125.24.0-255,1484,195803,63,279375
12395,0.002231,74.125.24.0-255,4320,200123,63,279375
12396,0.002233,172.31.40.0-255,66,200189,63,279375
12397,0.002249,74.125.24.0-255,4320,204509,63,279375
12398,0.002251,172.31.40.0-255,66,204575,63,279375
12399,0.002296,172.31.40.0-255,66,204641,63,279375
12400,0.002318,74.125.24.0-255,5738,210379,63,279375
12401,0.00232,172.31.40.0-255,66,210445,63,279375
12402,0.002328,74.125.24.0-255,7156,217601,63,279375
12403,0.00233,172.31.40.0-255,66,217667,63,279375
12404,0.00236,74.125.24.0-255,4320,221987,63,279375
12405,0.002363,172.31.40.0-255,66,222053,63,279375
12406,0.002382,74.125.24.0-255,5738,227791,63,279375
12407,0.002384,172.31.40.0-255,66,227857,63,279375
12408,0.002401,74.125.24.0-255,4320,232177,63,279375
12409,0.002403,172.31.40.0-255,66,232243,63,279375
12410,0.00241,74.125.24.0-255,6438,238681,63,279375
12411,0.002413,172.31.40.0-255,66,238747,63,279375
12412,0.0048,74.125.24.0-255,5738,244485,63,279375
12413,0.004807,172.31.40.0-255,66,244551,63,279375
12414,0.00722,74.125.24.0-255,5738,250289,63,279375
12415,0.007226,172.31.40.0-255,66,250355,63,279375
12416,0.009631,74.125.24.0-255,5738,256093,63,279375
12417,0.009638,172.31.40.0-255,66,256159,63,279375
12418,0.012045,74.125.24.0-255,5738,261897,63,279375
12419,0.012051,172.31.40.0-255,66,261963,63,279375
12420,0.014455,74.125.24.0-255,5738,267701,63,279375
12421,0.014463,172.31.40.0-255,66,267767,63,279375
12422,0.017049,74.125.24.0-255,5738,273505,63,279375
12423,0.017058,172.31.40.0-255,66,273571,63,279375
12424,0.019493,74.125.24.0-255,5738,279309,63,279375
12425,0.019501,172.31.40.0-255,66,279375,63,279375
