,TIME,SRC,PACKET_SIZE,CUMULATIVE_PACKET_SIZE,PAGE_NUMBER,TOTAL_PACKET_SIZE
0,0.0,74.125.200.0-255,150,150,14,251343
1,3.3e-05,172.31.36.0-255,66,216,14,251343
2,3.9e-05,74.125.200.0-255,1484,1700,14,251343
3,4.3e-05,172.31.36.0-255,66,1766,14,251343
4,4.8e-05,74.125.200.0-255,2902,4668,14,251343
5,5.1e-05,172.31.36.0-255,66,4734,14,251343
6,6e-05,172.31.36.0-255,66,4800,14,251343
7,8.9e-05,74.125.200.0-255,3490,8290,14,251343
8,9.2e-05,172.31.36.0-255,66,8356,14,251343
9,0.000267,74.125.200.0-255,1484,9840,14,251343
10,0.000273,172.31.36.0-255,66,9906,14,251343
11,0.000278,74.125.200.0-255,2902,12808,14,251343
12,0.000281,172.31.36.0-255,66,12874,14,251343
13,0.000284,74.125.200.0-255,1484,14358,14,251343
14,0.000286,172.31.36.0-255,66,14424,14,251343
15,0.00029,74.125.200.0-255,2902,17326,14,251343
16,0.000293,172.31.36.0-255,66,17392,14,251343
17,0.000297,74.125.200.0-255,2902,20294,14,251343
18,0.000299,172.31.36.0-255,66,20360,14,251343
19,0.000314,74.125.200.0-255,2902,23262,14,251343
20,0.000317,172.31.36.0-255,66,23328,14,251343
21,0.000349,74.125.200.0-255,3961,27289,14,251343
22,0.000352,172.31.36.0-255,66,27355,14,251343
23,0.000357,74.125.200.0-255,4320,31675,14,251343
24,0.000359,172.31.36.0-255,66,31741,14,251343
25,0.000394,172.31.36.0-255,66,31807,14,251343
26,0.000423,172.31.36.0-255,66,31873,14,251343
27,0.000431,74.125.200.0-255,1484,33357,14,251343
28,0.000434,172.31.36.0-255,66,33423,14,251343
29,0.00044,74.125.200.0-255,4320,37743,14,251343
30,0.000442,172.31.36.0-255,66,37809,14,251343
31,0.000446,74.125.200.0-255,2902,40711,14,251343
32,0.000449,172.31.36.0-255,66,40777,14,251343
33,0.000468,74.125.200.0-255,2184,42961,14,251343
34,0.000471,172.31.36.0-255,66,43027,14,251343
35,0.000686,74.125.200.0-255,362,43389,14,251343
36,0.000692,74.125.200.0-255,131,43520,14,251343
37,0.000778,172.31.36.0-255,66,43586,14,251343
38,0.001065,74.125.200.0-255,1484,45070,14,251343
39,0.001089,74.125.200.0-255,2902,47972,14,251343
40,0.001093,172.31.36.0-255,66,48038,14,251343
41,0.001097,74.125.200.0-255,1484,49522,14,251343
42,0.001102,74.125.200.0-255,2902,52424,14,251343
43,0.001104,172.31.36.0-255,66,52490,14,251343
44,0.001132,172.31.36.0-255,66,52556,14,251343
45,0.001137,74.125.200.0-255,2902,55458,14,251343
46,0.001139,172.31.36.0-255,66,55524,14,251343
47,0.001164,74.125.200.0-255,2902,58426,14,251343
48,0.001166,172.31.36.0-255,66,58492,14,251343
49,0.001182,74.125.200.0-255,1484,59976,14,251343
50,0.001204,172.31.36.0-255,66,60042,14,251343
51,0.001222,74.125.200.0-255,1484,61526,14,251343
52,0.001244,172.31.36.0-255,66,61592,14,251343
53,0.001268,74.125.200.0-255,346,61938,14,251343
54,0.001316,74.125.200.0-255,1484,63422,14,251343
55,0.00132,172.31.36.0-255,66,63488,14,251343
56,0.001339,74.125.200.0-255,2902,66390,14,251343
57,0.001341,172.31.36.0-255,66,66456,14,251343
58,0.00136,74.125.200.0-255,4320,70776,14,251343
59,0.001362,172.31.36.0-255,66,70842,14,251343
60,0.001401,172.31.36.0-255,66,70908,14,251343
61,0.001417,74.125.200.0-255,1484,72392,14,251343
62,0.00142,74.125.200.0-255,1484,73876,14,251343
63,0.001422,172.31.36.0-255,66,73942,14,251343
64,0.001441,74.125.200.0-255,4320,78262,14,251343
65,0.001443,172.31.36.0-255,66,78328,14,251343
66,0.001464,74.125.200.0-255,4320,82648,14,251343
67,0.001467,172.31.36.0-255,66,82714,14,251343
68,0.001472,74.125.200.0-255,4320,87034,14,251343
69,0.001474,172.31.36.0-255,66,87100,14,251343
70,0.001492,74.125.200.0-255,2184,89284,14,251343
71,0.001494,172.31.36.0-255,66,89350,14,251343
72,0.001528,74.125.200.0-255,2902,92252,14,251343
73,0.00153,172.31.36.0-255,66,92318,14,251343
74,0.001554,74.125.200.0-255,4320,96638,14,251343
75,0.001557,172.31.36.0-255,66,96704,14,251343
76,0.00162,172.31.36.0-255,66,96770,14,251343
77,0.001636,74.125.200.0-255,4320,101090,14,251343
78,0.001637,172.31.36.0-255,66,101156,14,251343
79,0.001664,172.31.36.0-255,66,101222,14,251343
80,0.001667,74.125.200.0-255,2902,104124,14,251343
81,0.00167,172.31.36.0-255,66,104190,14,251343
82,0.001674,74.125.200.0-255,4320,108510,14,251343
83,0.001676,172.31.36.0-255,66,108576,14,251343
84,0.001679,74.125.200.0-255,766,109342,14,251343
85,0.001854,74.125.200.0-255,1484,110826,14,251343
86,0.001857,172.31.36.0-255,66,110892,14,251343
87,0.001868,74.125.200.0-255,1484,112376,14,251343
88,0.001878,74.125.200.0-255,1484,113860,14,251343
89,0.001881,172.31.36.0-255,66,113926,14,251343
90,0.001885,74.125.200.0-255,2902,116828,14,251343
91,0.001887,172.31.36.0-255,66,116894,14,251343
92,0.001901,74.125.200.0-255,4320,121214,14,251343
93,0.001903,172.31.36.0-255,66,121280,14,251343
94,0.001937,172.31.36.0-255,66,121346,14,251343
95,0.001965,74.125.200.0-255,2902,124248,14,251343
96,0.001967,172.31.36.0-255,66,124314,14,251343
97,0.001991,172.31.36.0-255,66,124380,14,251343
98,0.001995,74.125.200.0-255,2902,127282,14,251343
99,0.001996,172.31.36.0-255,66,127348,14,251343
100,0.002018,74.125.200.0-255,3602,130950,14,251343
101,0.002021,172.31.36.0-255,66,131016,14,251343
102,0.002101,74.125.200.0-255,1484,132500,14,251343
103,0.002105,74.125.200.0-255,1484,133984,14,251343
104,0.002107,172.31.36.0-255,66,134050,14,251343
105,0.002124,74.125.200.0-255,1484,135534,14,251343
106,0.002127,74.125.200.0-255,1484,137018,14,251343
107,0.002128,172.31.36.0-255,66,137084,14,251343
108,0.002133,74.125.200.0-255,2902,139986,14,251343
109,0.002135,172.31.36.0-255,66,140052,14,251343
110,0.002139,74.125.200.0-255,2902,142954,14,251343
111,0.002141,172.31.36.0-255,66,143020,14,251343
112,0.002166,74.125.200.0-255,2902,145922,14,251343
113,0.002167,172.31.36.0-255,66,145988,14,251343
114,0.002171,74.125.200.0-255,1484,147472,14,251343
115,0.002174,74.125.200.0-255,2902,150374,14,251343
116,0.002176,172.31.36.0-255,66,150440,14,251343
117,0.002199,74.125.200.0-255,2902,153342,14,251343
118,0.002201,172.31.36.0-255,66,153408,14,251343
119,0.002216,74.125.200.0-255,1484,154892,14,251343
120,0.00222,74.125.200.0-255,1484,156376,14,251343
121,0.002222,172.31.36.0-255,66,156442,14,251343
122,0.002242,74.125.200.0-255,4320,160762,14,251343
123,0.002244,172.31.36.0-255,66,160828,14,251343
124,0.002246,74.125.200.0-255,1484,162312,14,251343
125,0.002249,74.125.200.0-255,1484,163796,14,251343
126,0.002251,172.31.36.0-255,66,163862,14,251343
127,0.002261,74.125.200.0-255,1484,165346,14,251343
128,0.002278,74.125.200.0-255,766,166112,14,251343
129,0.00228,172.31.36.0-255,66,166178,14,251343
130,0.002398,74.125.200.0-255,1484,167662,14,251343
131,0.002414,74.125.200.0-255,1484,169146,14,251343
132,0.002416,172.31.36.0-255,66,169212,14,251343
133,0.002431,74.125.200.0-255,1484,170696,14,251343
134,0.002434,74.125.200.0-255,1484,172180,14,251343
135,0.002435,172.31.36.0-255,66,172246,14,251343
136,0.00246,74.125.200.0-255,4320,176566,14,251343
137,0.002462,172.31.36.0-255,66,176632,14,251343
138,0.002466,74.125.200.0-255,2902,179534,14,251343
139,0.002469,172.31.36.0-255,66,179600,14,251343
140,0.002473,74.125.200.0-255,4320,183920,14,251343
141,0.002475,172.31.36.0-255,66,183986,14,251343
142,0.002507,172.31.36.0-255,66,184052,14,251343
143,0.002512,74.125.200.0-255,4320,188372,14,251343
144,0.002514,172.31.36.0-255,66,188438,14,251343
145,0.002548,74.125.200.0-255,3602,192040,14,251343
146,0.00255,172.31.36.0-255,66,192106,14,251343
147,0.002646,74.125.200.0-255,1484,193590,14,251343
148,0.00265,74.125.200.0-255,1484,195074,14,251343
149,0.002652,172.31.36.0-255,66,195140,14,251343
150,0.002665,74.125.200.0-255,1484,196624,14,251343
151,0.00267,74.125.200.0-255,4320,200944,14,251343
152,0.002672,172.31.36.0-255,66,201010,14,251343
153,0.002677,74.125.200.0-255,4320,205330,14,251343
154,0.00268,172.31.36.0-255,66,205396,14,251343
155,0.002693,74.125.200.0-255,1484,206880,14,251343
156,0.002704,74.125.200.0-255,1484,208364,14,251343
157,0.002706,172.31.36.0-255,66,208430,14,251343
158,0.002722,74.125.200.0-255,1484,209914,14,251343
159,0.002724,74.125.200.0-255,1484,211398,14,251343
160,0.002726,172.31.36.0-255,66,211464,14,251343
161,0.002744,172.31.36.0-255,66,211530,14,251343
162,0.002774,74.125.200.0-255,1484,213014,14,251343
163,0.002789,74.125.200.0-255,2902,215916,14,251343
164,0.002792,172.31.36.0-255,66,215982,14,251343
165,0.002813,172.31.36.0-255,66,216048,14,251343
166,0.00283,74.125.200.0-255,1484,217532,14,251343
167,0.00284,74.125.200.0-255,2902,220434,14,251343
168,0.002842,172.31.36.0-255,66,220500,14,251343
169,0.002877,74.125.200.0-255,2902,223402,14,251343
170,0.002879,172.31.36.0-255,66,223468,14,251343
171,0.002904,172.31.36.0-255,66,223534,14,251343
172,0.002931,74.125.200.0-255,2902,226436,14,251343
173,0.002933,172.31.36.0-255,66,226502,14,251343
174,0.002937,74.125.200.0-255,2902,229404,14,251343
175,0.00294,172.31.36.0-255,66,229470,14,251343
176,0.002953,172.31.36.0-255,66,229536,14,251343
177,0.002958,74.125.200.0-255,4320,233856,14,251343
178,0.00296,172.31.36.0-255,66,233922,14,251343
179,0.002969,172.31.36.0-255,66,233988,14,251343
180,0.003009,74.125.200.0-255,1484,235472,14,251343
181,0.003029,172.31.36.0-255,66,235538,14,251343
182,0.003032,74.125.200.0-255,2902,238440,14,251343
183,0.003034,172.31.36.0-255,66,238506,14,251343
184,0.003052,172.31.36.0-255,66,238572,14,251343
185,0.003057,74.125.200.0-255,4320,242892,14,251343
186,0.003059,172.31.36.0-255,66,242958,14,251343
187,0.003082,74.125.200.0-255,4320,247278,14,251343
188,0.003084,172.31.36.0-255,66,247344,14,251343
189,0.003089,74.125.200.0-255,2902,250246,14,251343
190,0.003091,172.31.36.0-255,66,250312,14,251343
191,0.003099,172.31.36.0-255,66,250378,14,251343
192,0.00312,172.31.36.0-255,66,250444,14,251343
193,0.003122,74.125.200.0-255,623,251067,14,251343
194,0.003125,74.125.200.0-255,105,251172,14,251343
195,0.00897,172.31.36.0-255,66,251238,14,251343
196,0.008998,172.31.36.0-255,105,251343,14,251343
197,0.0,74.125.24.0-255,298,298,14,139373
198,1.9e-05,74.125.24.0-255,1484,1782,14,139373
199,3.2e-05,172.31.36.0-255,66,1848,14,139373
200,4.2e-05,74.125.24.0-255,4320,6168,14,139373
201,4.7e-05,172.31.36.0-255,66,6234,14,139373
202,5.9e-05,172.31.36.0-255,66,6300,14,139373
203,0.000636,74.125.24.0-255,1484,7784,14,139373
204,0.000648,74.125.24.0-255,2902,10686,14,139373
205,0.000653,172.31.36.0-255,66,10752,14,139373
206,0.000661,74.125.24.0-255,4320,15072,14,139373
207,0.000663,172.31.36.0-255,66,15138,14,139373
208,0.000694,74.125.24.0-255,1484,16622,14,139373
209,0.000704,172.31.36.0-255,66,16688,14,139373
210,0.000733,172.31.36.0-255,66,16754,14,139373
211,0.000756,172.31.36.0-255,66,16820,14,139373
212,0.00076,74.125.24.0-255,2902,19722,14,139373
213,0.000762,172.31.36.0-255,66,19788,14,139373
214,0.000766,74.125.24.0-255,1125,20913,14,139373
215,0.000791,74.125.24.0-255,1484,22397,14,139373
216,0.000793,172.31.36.0-255,66,22463,14,139373
217,0.000799,74.125.24.0-255,4320,26783,14,139373
218,0.000802,172.31.36.0-255,66,26849,14,139373
219,0.000818,74.125.24.0-255,1484,28333,14,139373
220,0.000844,172.31.36.0-255,66,28399,14,139373
221,0.000847,74.125.24.0-255,1125,29524,14,139373
222,0.001336,74.125.24.0-255,645,30169,14,139373
223,0.001342,172.31.36.0-255,66,30235,14,139373
224,0.001436,74.125.24.0-255,1484,31719,14,139373
225,0.001444,74.125.24.0-255,2902,34621,14,139373
226,0.001447,172.31.36.0-255,66,34687,14,139373
227,0.001453,74.125.24.0-255,2902,37589,14,139373
228,0.001456,172.31.36.0-255,66,37655,14,139373
229,0.001472,74.125.24.0-255,2902,40557,14,139373
230,0.001475,172.31.36.0-255,66,40623,14,139373
231,0.001495,172.31.36.0-255,66,40689,14,139373
232,0.001515,74.125.24.0-255,1125,41814,14,139373
233,0.001545,172.31.36.0-255,66,41880,14,139373
234,0.001566,74.125.24.0-255,1484,43364,14,139373
235,0.001577,172.31.36.0-255,66,43430,14,139373
236,0.00158,74.125.24.0-255,1125,44555,14,139373
237,0.001749,74.125.24.0-255,1484,46039,14,139373
238,0.001756,172.31.36.0-255,66,46105,14,139373
239,0.001777,74.125.24.0-255,2902,49007,14,139373
240,0.001779,172.31.36.0-255,66,49073,14,139373
241,0.001784,74.125.24.0-255,2902,51975,14,139373
242,0.001786,172.31.36.0-255,66,52041,14,139373
243,0.001801,74.125.24.0-255,2902,54943,14,139373
244,0.001803,172.31.36.0-255,66,55009,14,139373
245,0.001809,74.125.24.0-255,4320,59329,14,139373
246,0.001811,172.31.36.0-255,66,59395,14,139373
247,0.001848,172.31.36.0-255,66,59461,14,139373
248,0.001856,172.31.36.0-255,66,59527,14,139373
249,0.001868,74.125.24.0-255,2184,61711,14,139373
250,0.001871,172.31.36.0-255,66,61777,14,139373
251,0.002095,74.125.24.0-255,1484,63261,14,139373
252,0.002101,74.125.24.0-255,2902,66163,14,139373
253,0.002103,172.31.36.0-255,66,66229,14,139373
254,0.002107,74.125.24.0-255,1484,67713,14,139373
255,0.002125,74.125.24.0-255,4320,72033,14,139373
256,0.002128,172.31.36.0-255,66,72099,14,139373
257,0.002141,74.125.24.0-255,1484,73583,14,139373
258,0.002188,74.125.24.0-255,4320,77903,14,139373
259,0.002191,172.31.36.0-255,66,77969,14,139373
260,0.002217,172.31.36.0-255,66,78035,14,139373
261,0.00222,74.125.24.0-255,1484,79519,14,139373
262,0.002232,172.31.36.0-255,66,79585,14,139373
263,0.002369,74.125.24.0-255,1484,81069,14,139373
264,0.00239,74.125.24.0-255,2902,83971,14,139373
265,0.002393,172.31.36.0-255,66,84037,14,139373
266,0.002402,172.31.36.0-255,66,84103,14,139373
267,0.002405,74.125.24.0-255,1484,85587,14,139373
268,0.002432,74.125.24.0-255,1484,87071,14,139373
269,0.00247,74.125.24.0-255,1484,88555,14,139373
270,0.002475,74.125.24.0-255,2184,90739,14,139373
271,0.002963,74.125.24.0-255,1484,92223,14,139373
272,0.002968,74.125.24.0-255,2902,95125,14,139373
273,0.002999,74.125.24.0-255,1484,96609,14,139373
274,0.003058,74.125.24.0-255,2902,99511,14,139373
275,0.00318,74.125.24.0-255,1484,100995,14,139373
276,0.003183,74.125.24.0-255,1484,102479,14,139373
277,0.003197,74.125.24.0-255,1484,103963,14,139373
278,0.003202,74.125.24.0-255,4320,108283,14,139373
279,0.003215,74.125.24.0-255,1484,109767,14,139373
280,0.00322,74.125.24.0-255,4320,114087,14,139373
281,0.003235,74.125.24.0-255,1484,115571,14,139373
282,0.003238,74.125.24.0-255,1484,117055,14,139373
283,0.003311,74.125.24.0-255,1484,118539,14,139373
284,0.003361,74.125.24.0-255,1484,120023,14,139373
285,0.003364,74.125.24.0-255,1484,121507,14,139373
286,0.003378,74.125.24.0-255,1484,122991,14,139373
287,0.00339,74.125.24.0-255,2902,125893,14,139373
288,0.003394,74.125.24.0-255,1484,127377,14,139373
289,0.003534,74.125.24.0-255,1484,128861,14,139373
290,0.003537,74.125.24.0-255,1484,130345,14,139373
291,0.003549,74.125.24.0-255,1484,131829,14,139373
292,0.003554,74.125.24.0-255,2902,134731,14,139373
293,0.003579,74.125.24.0-255,1484,136215,14,139373
294,0.003663,74.125.24.0-255,2882,139097,14,139373
295,0.003667,74.125.24.0-255,105,139202,14,139373
296,0.0053,172.31.36.0-255,66,139268,14,139373
297,0.009288,172.31.36.0-255,105,139373,14,139373
298,0.0,74.125.24.0-255,180,180,14,90367
299,1.9e-05,74.125.24.0-255,1484,1664,14,90367
300,3e-05,172.31.36.0-255,66,1730,14,90367
301,4e-05,74.125.24.0-255,2902,4632,14,90367
302,4.4e-05,74.125.24.0-255,1484,6116,14,90367
303,4.7e-05,74.125.24.0-255,1484,7600,14,90367
304,0.000183,74.125.24.0-255,1484,9084,14,90367
305,0.000186,74.125.24.0-255,1484,10568,14,90367
306,0.000193,172.31.36.0-255,66,10634,14,90367
307,0.000197,74.125.24.0-255,1484,12118,14,90367
308,0.000202,74.125.24.0-255,2902,15020,14,90367
309,0.000223,74.125.24.0-255,2902,17922,14,90367
310,0.000227,74.125.24.0-255,2902,20824,14,90367
311,0.00023,172.31.36.0-255,66,20890,14,90367
312,0.000302,74.125.24.0-255,387,21277,14,90367
313,0.000504,172.31.36.0-255,66,21343,14,90367
314,0.000822,74.125.24.0-255,1484,22827,14,90367
315,0.000829,74.125.24.0-255,2902,25729,14,90367
316,0.000875,172.31.36.0-255,66,25795,14,90367
317,0.000898,74.125.24.0-255,2902,28697,14,90367
318,0.000904,172.31.36.0-255,66,28763,14,90367
319,0.000934,74.125.24.0-255,2184,30947,14,90367
320,0.000944,172.31.36.0-255,66,31013,14,90367
321,0.001057,74.125.24.0-255,1484,32497,14,90367
322,0.001063,74.125.24.0-255,2902,35399,14,90367
323,0.001121,172.31.36.0-255,66,35465,14,90367
324,0.001133,172.31.36.0-255,66,35531,14,90367
325,0.001161,74.125.24.0-255,1484,37015,14,90367
326,0.001168,74.125.24.0-255,2902,39917,14,90367
327,0.001182,74.125.24.0-255,4320,44237,14,90367
328,0.001193,172.31.36.0-255,66,44303,14,90367
329,0.001207,74.125.24.0-255,1484,45787,14,90367
330,0.001232,172.31.36.0-255,66,45853,14,90367
331,0.001236,74.125.24.0-255,2902,48755,14,90367
332,0.001307,74.125.24.0-255,3602,52357,14,90367
333,0.00131,74.125.24.0-255,1484,53841,14,90367
334,0.001314,74.125.24.0-255,2902,56743,14,90367
335,0.001323,172.31.36.0-255,66,56809,14,90367
336,0.001364,172.31.36.0-255,66,56875,14,90367
337,0.001374,74.125.24.0-255,4320,61195,14,90367
338,0.001399,172.31.36.0-255,66,61261,14,90367
339,0.001445,172.31.36.0-255,66,61327,14,90367
340,0.001488,74.125.24.0-255,4320,65647,14,90367
341,0.001535,172.31.36.0-255,66,65713,14,90367
342,0.001622,74.125.24.0-255,2184,67897,14,90367
343,0.001642,172.31.36.0-255,66,67963,14,90367
344,0.001725,74.125.24.0-255,1484,69447,14,90367
345,0.00173,74.125.24.0-255,2902,72349,14,90367
346,0.001734,74.125.24.0-255,1484,73833,14,90367
347,0.001751,74.125.24.0-255,4320,78153,14,90367
348,0.001788,172.31.36.0-255,66,78219,14,90367
349,0.001793,74.125.24.0-255,2902,81121,14,90367
350,0.001812,172.31.36.0-255,66,81187,14,90367
351,0.001845,74.125.24.0-255,2902,84089,14,90367
352,0.001871,172.31.36.0-255,66,84155,14,90367
353,0.001915,74.125.24.0-255,4320,88475,14,90367
354,0.001921,172.31.36.0-255,66,88541,14,90367
355,0.002,74.125.24.0-255,1484,90025,14,90367
356,0.002035,74.125.24.0-255,105,90130,14,90367
357,0.002044,172.31.36.0-255,66,90196,14,90367
358,0.0046,172.31.36.0-255,105,90301,14,90367
359,0.006961,74.125.24.0-255,66,90367,14,90367
360,0.0,74.125.24.0-255,153,153,14,113122
361,2.7e-05,172.31.36.0-255,66,219,14,113122
362,3.5e-05,74.125.24.0-255,1484,1703,14,113122
363,4e-05,172.31.36.0-255,66,1769,14,113122
364,5.5e-05,74.125.24.0-255,2902,4671,14,113122
365,5.9e-05,172.31.36.0-255,66,4737,14,113122
366,6.5e-05,74.125.24.0-255,4320,9057,14,113122
367,6.8e-05,172.31.36.0-255,66,9123,14,113122
368,7.3e-05,74.125.24.0-255,2902,12025,14,113122
369,7.5e-05,172.31.36.0-255,66,12091,14,113122
370,9.9e-05,74.125.24.0-255,2037,14128,14,113122
371,0.000107,172.31.36.0-255,66,14194,14,113122
372,0.000208,74.125.24.0-255,1484,15678,14,113122
373,0.000212,172.31.36.0-255,66,15744,14,113122
374,0.000235,74.125.24.0-255,1484,17228,14,113122
375,0.000237,172.31.36.0-255,66,17294,14,113122
376,0.000262,74.125.24.0-255,1484,18778,14,113122
377,0.000265,172.31.36.0-255,66,18844,14,113122
378,0.000274,172.31.36.0-255,66,18910,14,113122
379,0.000284,172.31.36.0-255,66,18976,14,113122
380,0.000458,74.125.24.0-255,1484,20460,14,113122
381,0.000463,172.31.36.0-255,66,20526,14,113122
382,0.00047,74.125.24.0-255,2902,23428,14,113122
383,0.000472,172.31.36.0-255,66,23494,14,113122
384,0.000477,74.125.24.0-255,2902,26396,14,113122
385,0.000484,172.31.36.0-255,66,26462,14,113122
386,0.000517,74.125.24.0-255,2902,29364,14,113122
387,0.00052,172.31.36.0-255,66,29430,14,113122
388,0.000531,172.31.36.0-255,66,29496,14,113122
389,0.000535,74.125.24.0-255,2902,32398,14,113122
390,0.000537,172.31.36.0-255,66,32464,14,113122
391,0.000577,172.31.36.0-255,66,32530,14,113122
392,0.00061,74.125.24.0-255,2898,35428,14,113122
393,0.000613,172.31.36.0-255,66,35494,14,113122
394,0.00063,74.125.24.0-255,330,35824,14,113122
395,0.000945,74.125.24.0-255,1484,37308,14,113122
396,0.00095,172.31.36.0-255,66,37374,14,113122
397,0.000955,74.125.24.0-255,2902,40276,14,113122
398,0.000957,172.31.36.0-255,66,40342,14,113122
399,0.000971,172.31.36.0-255,66,40408,14,113122
400,0.001033,172.31.36.0-255,66,40474,14,113122
401,0.001042,172.31.36.0-255,66,40540,14,113122
402,0.001359,74.125.24.0-255,1484,42024,14,113122
403,0.001376,74.125.24.0-255,2902,44926,14,113122
404,0.001379,172.31.36.0-255,66,44992,14,113122
405,0.001383,74.125.24.0-255,1484,46476,14,113122
406,0.001412,74.125.24.0-255,4320,50796,14,113122
407,0.001414,172.31.36.0-255,66,50862,14,113122
408,0.001428,172.31.36.0-255,66,50928,14,113122
409,0.00145,74.125.24.0-255,1484,52412,14,113122
410,0.001468,172.31.36.0-255,66,52478,14,113122
411,0.001494,74.125.24.0-255,3602,56080,14,113122
412,0.001497,172.31.36.0-255,66,56146,14,113122
413,0.0015,74.125.24.0-255,1484,57630,14,113122
414,0.001532,172.31.36.0-255,66,57696,14,113122
415,0.001537,74.125.24.0-255,2902,60598,14,113122
416,0.001539,172.31.36.0-255,66,60664,14,113122
417,0.001577,74.125.24.0-255,4320,64984,14,113122
418,0.001581,172.31.36.0-255,66,65050,14,113122
419,0.001601,172.31.36.0-255,66,65116,14,113122
420,0.001709,74.125.24.0-255,1484,66600,14,113122
421,0.001734,74.125.24.0-255,2902,69502,14,113122
422,0.001737,172.31.36.0-255,66,69568,14,113122
423,0.001747,172.31.36.0-255,66,69634,14,113122
424,0.001766,172.31.36.0-255,66,69700,14,113122
425,0.001778,172.31.36.0-255,66,69766,14,113122
426,0.001835,74.125.24.0-255,766,70532,14,113122
427,0.001881,74.125.24.0-255,1484,72016,14,113122
428,0.001884,172.31.36.0-255,66,72082,14,113122
429,0.00189,74.125.24.0-255,2902,74984,14,113122
430,0.001892,172.31.36.0-255,66,75050,14,113122
431,0.001906,172.31.36.0-255,66,75116,14,113122
432,0.00191,74.125.24.0-255,2902,78018,14,113122
433,0.001912,172.31.36.0-255,66,78084,14,113122
434,0.001957,172.31.36.0-255,66,78150,14,113122
435,0.001992,172.31.36.0-255,66,78216,14,113122
436,0.002112,74.125.24.0-255,1484,79700,14,113122
437,0.002136,74.125.24.0-255,2902,82602,14,113122
438,0.00214,172.31.36.0-255,66,82668,14,113122
439,0.002145,74.125.24.0-255,2902,85570,14,113122
440,0.002148,172.31.36.0-255,66,85636,14,113122
441,0.002166,74.125.24.0-255,2902,88538,14,113122
442,0.002169,172.31.36.0-255,66,88604,14,113122
443,0.002193,172.31.36.0-255,66,88670,14,113122
444,0.002208,74.125.24.0-255,1484,90154,14,113122
445,0.002222,172.31.36.0-255,66,90220,14,113122
446,0.002228,74.125.24.0-255,3602,93822,14,113122
447,0.002231,172.31.36.0-255,66,93888,14,113122
448,0.002272,74.125.24.0-255,1484,95372,14,113122
449,0.002287,74.125.24.0-255,2902,98274,14,113122
450,0.00229,172.31.36.0-255,66,98340,14,113122
451,0.002323,172.31.36.0-255,66,98406,14,113122
452,0.002328,74.125.24.0-255,4320,102726,14,113122
453,0.00233,172.31.36.0-255,66,102792,14,113122
454,0.00236,172.31.36.0-255,66,102858,14,113122
455,0.002385,172.31.36.0-255,66,102924,14,113122
456,0.002389,74.125.24.0-255,2184,105108,14,113122
457,0.002392,172.31.36.0-255,66,105174,14,113122
458,0.00242,74.125.24.0-255,2902,108076,14,113122
459,0.002423,172.31.36.0-255,66,108142,14,113122
460,0.002467,172.31.36.0-255,66,108208,14,113122
461,0.002476,172.31.36.0-255,66,108274,14,113122
462,0.002516,172.31.36.0-255,66,108340,14,113122
463,0.002519,74.125.24.0-255,1484,109824,14,113122
464,0.002553,172.31.36.0-255,66,109890,14,113122
465,0.002562,172.31.36.0-255,66,109956,14,113122
466,0.002591,74.125.24.0-255,2902,112858,14,113122
467,0.002593,172.31.36.0-255,66,112924,14,113122
468,0.002623,172.31.36.0-255,66,112990,14,113122
469,0.005276,172.31.36.0-255,66,113056,14,113122
470,0.007958,172.31.36.0-255,66,113122,14,113122
471,0.0,172.217.27.0-255,153,153,14,86607
472,3.3e-05,172.31.36.0-255,66,219,14,86607
473,4e-05,172.217.27.0-255,1484,1703,14,86607
474,4.5e-05,172.31.36.0-255,66,1769,14,86607
475,5e-05,172.217.27.0-255,2902,4671,14,86607
476,5.2e-05,172.31.36.0-255,66,4737,14,86607
477,5.5e-05,172.217.27.0-255,1484,6221,14,86607
478,5.7e-05,172.31.36.0-255,66,6287,14,86607
479,6.2e-05,172.217.27.0-255,2902,9189,14,86607
480,6.4e-05,172.31.36.0-255,66,9255,14,86607
481,9.9e-05,172.31.36.0-255,66,9321,14,86607
482,0.000182,172.217.27.0-255,1484,10805,14,86607
483,0.000186,172.31.36.0-255,66,10871,14,86607
484,0.000192,172.217.27.0-255,2902,13773,14,86607
485,0.000194,172.31.36.0-255,66,13839,14,86607
486,0.0002,172.217.27.0-255,4320,18159,14,86607
487,0.000203,172.31.36.0-255,66,18225,14,86607
488,0.000226,172.217.27.0-255,1484,19709,14,86607
489,0.000229,172.31.36.0-255,66,19775,14,86607
490,0.000239,172.31.36.0-255,66,19841,14,86607
491,0.000276,172.217.27.0-255,1484,21325,14,86607
492,0.000279,172.31.36.0-255,66,21391,14,86607
493,0.000283,172.217.27.0-255,1484,22875,14,86607
494,0.000286,172.31.36.0-255,66,22941,14,86607
495,0.000302,172.217.27.0-255,1484,24425,14,86607
496,0.000305,172.31.36.0-255,66,24491,14,86607
497,0.000315,172.31.36.0-255,66,24557,14,86607
498,0.000326,172.31.36.0-255,66,24623,14,86607
499,0.000381,172.217.27.0-255,1484,26107,14,86607
500,0.000387,172.217.27.0-255,2902,29009,14,86607
501,0.00039,172.31.36.0-255,66,29075,14,86607
502,0.000395,172.217.27.0-255,4320,33395,14,86607
503,0.000398,172.31.36.0-255,66,33461,14,86607
504,0.000468,172.31.36.0-255,66,33527,14,86607
505,0.000484,172.217.27.0-255,2839,36366,14,86607
506,0.000487,172.31.36.0-255,66,36432,14,86607
507,0.000734,172.217.27.0-255,136,36568,14,86607
508,0.000835,172.31.36.0-255,66,36634,14,86607
509,0.00096,172.217.27.0-255,1484,38118,14,86607
510,0.00097,172.217.27.0-255,2902,41020,14,86607
511,0.000974,172.31.36.0-255,66,41086,14,86607
512,0.001007,172.31.36.0-255,66,41152,14,86607
513,0.001013,172.217.27.0-255,4320,45472,14,86607
514,0.001015,172.31.36.0-255,66,45538,14,86607
515,0.001024,172.31.36.0-255,66,45604,14,86607
516,0.001036,172.31.36.0-255,66,45670,14,86607
517,0.00104,172.217.27.0-255,2543,48213,14,86607
518,0.001042,172.31.36.0-255,66,48279,14,86607
519,0.00143,172.217.27.0-255,1484,49763,14,86607
520,0.001447,172.217.27.0-255,2902,52665,14,86607
521,0.001453,172.31.36.0-255,66,52731,14,86607
522,0.00148,172.217.27.0-255,2902,55633,14,86607
523,0.001483,172.31.36.0-255,66,55699,14,86607
524,0.001505,172.217.27.0-255,2902,58601,14,86607
525,0.001509,172.31.36.0-255,66,58667,14,86607
526,0.001523,172.31.36.0-255,66,58733,14,86607
527,0.001526,172.217.27.0-255,1484,60217,14,86607
528,0.00153,172.217.27.0-255,2902,63119,14,86607
529,0.001533,172.31.36.0-255,66,63185,14,86607
530,0.001541,172.31.36.0-255,66,63251,14,86607
531,0.001578,172.217.27.0-255,766,64017,14,86607
532,0.001669,172.217.27.0-255,1484,65501,14,86607
533,0.001674,172.31.36.0-255,66,65567,14,86607
534,0.001679,172.217.27.0-255,2902,68469,14,86607
535,0.001681,172.31.36.0-255,66,68535,14,86607
536,0.001689,172.31.36.0-255,66,68601,14,86607
537,0.001721,172.31.36.0-255,66,68667,14,86607
538,0.001742,172.217.27.0-255,4320,72987,14,86607
539,0.001745,172.31.36.0-255,66,73053,14,86607
540,0.001753,172.31.36.0-255,66,73119,14,86607
541,0.001828,172.31.36.0-255,66,73185,14,86607
542,0.001839,172.31.36.0-255,66,73251,14,86607
543,0.001843,172.217.27.0-255,2902,76153,14,86607
544,0.001844,172.31.36.0-255,66,76219,14,86607
545,0.003607,172.217.27.0-255,4320,80539,14,86607
546,0.003612,172.31.36.0-255,66,80605,14,86607
547,0.003631,172.217.27.0-255,1484,82089,14,86607
548,0.005364,172.217.27.0-255,4320,86409,14,86607
549,0.005369,172.31.36.0-255,66,86475,14,86607
550,0.007136,172.31.36.0-255,66,86541,14,86607
551,0.00891,172.31.36.0-255,66,86607,14,86607
552,0.0,74.125.24.0-255,153,153,14,83238
553,1.9e-05,172.31.36.0-255,66,219,14,83238
554,2.6e-05,74.125.24.0-255,1484,1703,14,83238
555,3e-05,172.31.36.0-255,66,1769,14,83238
556,3.6e-05,74.125.24.0-255,2902,4671,14,83238
557,4.7e-05,172.31.36.0-255,66,4737,14,83238
558,5.6e-05,172.31.36.0-255,66,4803,14,83238
559,6.1e-05,74.125.24.0-255,3427,8230,14,83238
560,6.4e-05,172.31.36.0-255,66,8296,14,83238
561,0.000106,74.125.24.0-255,4320,12616,14,83238
562,0.00011,172.31.36.0-255,66,12682,14,83238
563,0.000115,74.125.24.0-255,2902,15584,14,83238
564,0.000117,172.31.36.0-255,66,15650,14,83238
565,0.000158,172.31.36.0-255,66,15716,14,83238
566,0.000188,74.125.24.0-255,1125,16841,14,83238
567,0.00019,172.31.36.0-255,66,16907,14,83238
568,0.000327,74.125.24.0-255,1484,18391,14,83238
569,0.000332,172.31.36.0-255,66,18457,14,83238
570,0.000338,74.125.24.0-255,2902,21359,14,83238
571,0.00034,172.31.36.0-255,66,21425,14,83238
572,0.000348,74.125.24.0-255,1484,22909,14,83238
573,0.00035,172.31.36.0-255,66,22975,14,83238
574,0.000383,74.125.24.0-255,4320,27295,14,83238
575,0.000386,172.31.36.0-255,66,27361,14,83238
576,0.000398,172.31.36.0-255,66,27427,14,83238
577,0.000415,172.31.36.0-255,66,27493,14,83238
578,0.00044,74.125.24.0-255,4317,31810,14,83238
579,0.000446,172.31.36.0-255,66,31876,14,83238
580,0.00047,74.125.24.0-255,330,32206,14,83238
581,0.000699,74.125.24.0-255,1484,33690,14,83238
582,0.000705,74.125.24.0-255,2902,36592,14,83238
583,0.000724,172.31.36.0-255,66,36658,14,83238
584,0.000734,74.125.24.0-255,1484,38142,14,83238
585,0.000745,172.31.36.0-255,66,38208,14,83238
586,0.000758,74.125.24.0-255,1484,39692,14,83238
587,0.000795,74.125.24.0-255,2184,41876,14,83238
588,0.000807,172.31.36.0-255,66,41942,14,83238
589,0.00105,74.125.24.0-255,1484,43426,14,83238
590,0.001056,74.125.24.0-255,1484,44910,14,83238
591,0.001059,172.31.36.0-255,66,44976,14,83238
592,0.001087,74.125.24.0-255,1484,46460,14,83238
593,0.001096,74.125.24.0-255,1484,47944,14,83238
594,0.001106,172.31.36.0-255,66,48010,14,83238
595,0.001114,74.125.24.0-255,1484,49494,14,83238
596,0.001117,74.125.24.0-255,1484,50978,14,83238
597,0.001126,172.31.36.0-255,66,51044,14,83238
598,0.001177,172.31.36.0-255,66,51110,14,83238
599,0.001219,74.125.24.0-255,2902,54012,14,83238
600,0.00123,172.31.36.0-255,66,54078,14,83238
601,0.001256,172.31.36.0-255,66,54144,14,83238
602,0.001322,172.31.36.0-255,66,54210,14,83238
603,0.001767,74.125.24.0-255,1484,55694,14,83238
604,0.001774,74.125.24.0-255,2902,58596,14,83238
605,0.001778,172.31.36.0-255,66,58662,14,83238
606,0.001782,74.125.24.0-255,1484,60146,14,83238
607,0.001812,74.125.24.0-255,4320,64466,14,83238
608,0.00185,74.125.24.0-255,4320,68786,14,83238
609,0.00187,74.125.24.0-255,1484,70270,14,83238
610,0.001875,172.31.36.0-255,66,70336,14,83238
611,0.0019,172.31.36.0-255,66,70402,14,83238
612,0.001907,74.125.24.0-255,766,71168,14,83238
613,0.002197,74.125.24.0-255,1484,72652,14,83238
614,0.002202,172.31.36.0-255,66,72718,14,83238
615,0.002206,74.125.24.0-255,1484,74202,14,83238
616,0.002236,74.125.24.0-255,1484,75686,14,83238
617,0.002249,172.31.36.0-255,66,75752,14,83238
618,0.00226,74.125.24.0-255,4320,80072,14,83238
619,0.002269,172.31.36.0-255,66,80138,14,83238
620,0.002299,74.125.24.0-255,2902,83040,14,83238
621,0.002335,172.31.36.0-255,66,83106,14,83238
622,0.004641,172.31.36.0-255,66,83172,14,83238
623,0.009533,172.31.36.0-255,66,83238,14,83238
624,0.0,172.217.194.0-255,153,153,14,76884
625,1.4e-05,172.217.194.0-255,1484,1637,14,76884
626,2.2e-05,172.31.36.0-255,66,1703,14,76884
627,3.1e-05,172.217.194.0-255,2902,4605,14,76884
628,3.6e-05,172.31.36.0-255,66,4671,14,76884
629,5.5e-05,172.31.36.0-255,66,4737,14,76884
630,5.9e-05,172.217.194.0-255,2030,6767,14,76884
631,6.1e-05,172.31.36.0-255,66,6833,14,76884
632,0.000108,172.217.194.0-255,1484,8317,14,76884
633,0.000111,172.217.194.0-255,1484,9801,14,76884
634,0.000114,172.31.36.0-255,66,9867,14,76884
635,0.000147,172.217.194.0-255,1484,11351,14,76884
636,0.000156,172.31.36.0-255,66,11417,14,76884
637,0.000164,172.31.36.0-255,66,11483,14,76884
638,0.000195,172.31.36.0-255,66,11549,14,76884
639,0.000222,172.31.36.0-255,66,11615,14,76884
640,0.000228,172.217.194.0-255,3961,15576,14,76884
641,0.00023,172.31.36.0-255,66,15642,14,76884
642,0.000275,172.31.36.0-255,66,15708,14,76884
643,0.000278,172.217.194.0-255,434,16142,14,76884
644,0.000485,172.217.194.0-255,1484,17626,14,76884
645,0.000504,172.31.36.0-255,66,17692,14,76884
646,0.00051,172.217.194.0-255,2902,20594,14,76884
647,0.000513,172.31.36.0-255,66,20660,14,76884
648,0.000545,172.31.36.0-255,66,20726,14,76884
649,0.00056,172.31.36.0-255,66,20792,14,76884
650,0.000574,172.31.36.0-255,66,20858,14,76884
651,0.000626,172.217.194.0-255,1484,22342,14,76884
652,0.000631,172.217.194.0-255,2902,25244,14,76884
653,0.000634,172.31.36.0-255,66,25310,14,76884
654,0.000644,172.31.36.0-255,66,25376,14,76884
655,0.000653,172.31.36.0-255,66,25442,14,76884
656,0.000693,172.31.36.0-255,66,25508,14,76884
657,0.000707,172.31.36.0-255,66,25574,14,76884
658,0.001337,172.217.194.0-255,1484,27058,14,76884
659,0.001345,172.217.194.0-255,2902,29960,14,76884
660,0.001349,172.31.36.0-255,66,30026,14,76884
661,0.001359,172.31.36.0-255,66,30092,14,76884
662,0.001367,172.217.194.0-255,1484,31576,14,76884
663,0.001412,172.31.36.0-255,66,31642,14,76884
664,0.001457,172.31.36.0-255,66,31708,14,76884
665,0.001497,172.217.194.0-255,1484,33192,14,76884
666,0.001501,172.217.194.0-255,1484,34676,14,76884
667,0.001504,172.31.36.0-255,66,34742,14,76884
668,0.001528,172.217.194.0-255,1484,36226,14,76884
669,0.001531,172.217.194.0-255,1484,37710,14,76884
670,0.001534,172.31.36.0-255,66,37776,14,76884
671,0.001539,172.217.194.0-255,2902,40678,14,76884
672,0.001541,172.31.36.0-255,66,40744,14,76884
673,0.001549,172.31.36.0-255,66,40810,14,76884
674,0.001593,172.31.36.0-255,66,40876,14,76884
675,0.00161,172.217.194.0-255,2902,43778,14,76884
676,0.001617,172.31.36.0-255,66,43844,14,76884
677,0.001627,172.31.36.0-255,66,43910,14,76884
678,0.00163,172.217.194.0-255,1484,45394,14,76884
679,0.001655,172.217.194.0-255,2902,48296,14,76884
680,0.001658,172.31.36.0-255,66,48362,14,76884
681,0.001667,172.31.36.0-255,66,48428,14,76884
682,0.001673,172.217.194.0-255,4320,52748,14,76884
683,0.001675,172.31.36.0-255,66,52814,14,76884
684,0.001704,172.31.36.0-255,66,52880,14,76884
685,0.001707,172.217.194.0-255,1484,54364,14,76884
686,0.001731,172.31.36.0-255,66,54430,14,76884
687,0.001757,172.217.194.0-255,3602,58032,14,76884
688,0.001759,172.31.36.0-255,66,58098,14,76884
689,0.001798,172.217.194.0-255,1484,59582,14,76884
690,0.001802,172.217.194.0-255,1484,61066,14,76884
691,0.001804,172.31.36.0-255,66,61132,14,76884
692,0.001836,172.217.194.0-255,1484,62616,14,76884
693,0.001854,172.31.36.0-255,66,62682,14,76884
694,0.001857,172.31.36.0-255,66,62748,14,76884
695,0.001907,172.31.36.0-255,66,62814,14,76884
696,0.001915,172.31.36.0-255,66,62880,14,76884
697,0.00223,172.217.194.0-255,1484,64364,14,76884
698,0.002255,172.217.194.0-255,2902,67266,14,76884
699,0.002258,172.31.36.0-255,66,67332,14,76884
700,0.002268,172.31.36.0-255,66,67398,14,76884
701,0.002311,172.217.194.0-255,4320,71718,14,76884
702,0.002313,172.31.36.0-255,66,71784,14,76884
703,0.002344,172.31.36.0-255,66,71850,14,76884
704,0.002357,172.31.36.0-255,66,71916,14,76884
705,0.00238,172.31.36.0-255,66,71982,14,76884
706,0.002412,172.217.194.0-255,2902,74884,14,76884
707,0.002415,172.31.36.0-255,66,74950,14,76884
708,0.002426,172.31.36.0-255,66,75016,14,76884
709,0.002436,172.31.36.0-255,66,75082,14,76884
710,0.002491,172.31.36.0-255,66,75148,14,76884
711,0.002514,172.31.36.0-255,66,75214,14,76884
712,0.002516,172.217.194.0-255,1398,76612,14,76884
713,0.002519,172.217.194.0-255,105,76717,14,76884
714,0.003894,172.31.36.0-255,101,76818,14,76884
715,0.0065,172.217.194.0-255,66,76884,14,76884
716,0.0,74.125.24.0-255,143,143,14,107253
717,2.3e-05,172.31.36.0-255,66,209,14,107253
718,3.1e-05,74.125.24.0-255,1484,1693,14,107253
719,3.5e-05,172.31.36.0-255,66,1759,14,107253
720,4.7e-05,74.125.24.0-255,2902,4661,14,107253
721,5e-05,172.31.36.0-255,66,4727,14,107253
722,6.1e-05,172.31.36.0-255,66,4793,14,107253
723,0.000105,74.125.24.0-255,2027,6820,14,107253
724,0.000108,172.31.36.0-255,66,6886,14,107253
725,0.000349,74.125.24.0-255,1484,8370,14,107253
726,0.000355,172.31.36.0-255,66,8436,14,107253
727,0.000362,74.125.24.0-255,2902,11338,14,107253
728,0.000365,172.31.36.0-255,66,11404,14,107253
729,0.000378,172.31.36.0-255,66,11470,14,107253
730,0.000415,172.31.36.0-255,66,11536,14,107253
731,0.000597,74.125.24.0-255,1484,13020,14,107253
732,0.000602,172.31.36.0-255,66,13086,14,107253
733,0.000608,74.125.24.0-255,2902,15988,14,107253
734,0.00061,172.31.36.0-255,66,16054,14,107253
735,0.000629,74.125.24.0-255,4320,20374,14,107253
736,0.000632,172.31.36.0-255,66,20440,14,107253
737,0.000657,74.125.24.0-255,1484,21924,14,107253
738,0.00066,172.31.36.0-255,66,21990,14,107253
739,0.000672,172.31.36.0-255,66,22056,14,107253
740,0.000685,172.31.36.0-255,66,22122,14,107253
741,0.000717,74.125.24.0-255,4320,26442,14,107253
742,0.000721,172.31.36.0-255,66,26508,14,107253
743,0.000726,74.125.24.0-255,3961,30469,14,107253
744,0.000729,172.31.36.0-255,66,30535,14,107253
745,0.001134,74.125.24.0-255,412,30947,14,107253
746,0.001159,172.31.36.0-255,66,31013,14,107253
747,0.001212,74.125.24.0-255,330,31343,14,107253
748,0.002167,74.125.24.0-255,1484,32827,14,107253
749,0.002174,172.31.36.0-255,66,32893,14,107253
750,0.002181,74.125.24.0-255,1484,34377,14,107253
751,0.002203,74.125.24.0-255,1484,35861,14,107253
752,0.002205,172.31.36.0-255,66,35927,14,107253
753,0.002237,74.125.24.0-255,1484,37411,14,107253
754,0.002259,74.125.24.0-255,1484,38895,14,107253
755,0.002261,172.31.36.0-255,66,38961,14,107253
756,0.002265,74.125.24.0-255,1484,40445,14,107253
757,0.002286,74.125.24.0-255,1484,41929,14,107253
758,0.002288,172.31.36.0-255,66,41995,14,107253
759,0.002297,172.31.36.0-255,66,42061,14,107253
760,0.002306,74.125.24.0-255,2902,44963,14,107253
761,0.002308,172.31.36.0-255,66,45029,14,107253
762,0.002329,172.31.36.0-255,66,45095,14,107253
763,0.002342,172.31.36.0-255,66,45161,14,107253
764,0.002985,74.125.24.0-255,1484,46645,14,107253
765,0.003,74.125.24.0-255,2902,49547,14,107253
766,0.003002,172.31.36.0-255,66,49613,14,107253
767,0.003037,74.125.24.0-255,4320,53933,14,107253
768,0.003039,172.31.36.0-255,66,53999,14,107253
769,0.003056,74.125.24.0-255,1484,55483,14,107253
770,0.003067,172.31.36.0-255,66,55549,14,107253
771,0.003077,172.31.36.0-255,66,55615,14,107253
772,0.003124,172.31.36.0-255,66,55681,14,107253
773,0.003149,74.125.24.0-255,2184,57865,14,107253
774,0.003151,172.31.36.0-255,66,57931,14,107253
775,0.003328,74.125.24.0-255,1484,59415,14,107253
776,0.00335,74.125.24.0-255,2902,62317,14,107253
777,0.003353,172.31.36.0-255,66,62383,14,107253
778,0.003356,74.125.24.0-255,1484,63867,14,107253
779,0.0034,74.125.24.0-255,4320,68187,14,107253
780,0.003403,172.31.36.0-255,66,68253,14,107253
781,0.003422,172.31.36.0-255,66,68319,14,107253
782,0.003431,172.31.36.0-255,66,68385,14,107253
783,0.003449,74.125.24.0-255,2902,71287,14,107253
784,0.003451,172.31.36.0-255,66,71353,14,107253
785,0.003504,172.31.36.0-255,66,71419,14,107253
786,0.00351,74.125.24.0-255,4320,75739,14,107253
787,0.003512,172.31.36.0-255,66,75805,14,107253
788,0.003548,172.31.36.0-255,66,75871,14,107253
789,0.003579,172.31.36.0-255,66,75937,14,107253
790,0.003582,74.125.24.0-255,1484,77421,14,107253
791,0.003587,74.125.24.0-255,2902,80323,14,107253
792,0.003589,172.31.36.0-255,66,80389,14,107253
793,0.003631,172.31.36.0-255,66,80455,14,107253
794,0.003636,74.125.24.0-255,2902,83357,14,107253
795,0.003637,172.31.36.0-255,66,83423,14,107253
796,0.003657,172.31.36.0-255,66,83489,14,107253
797,0.003705,172.31.36.0-255,66,83555,14,107253
798,0.003709,74.125.24.0-255,1484,85039,14,107253
799,0.003741,172.31.36.0-255,66,85105,14,107253
800,0.003743,74.125.24.0-255,1484,86589,14,107253
801,0.003748,74.125.24.0-255,2902,89491,14,107253
802,0.00375,172.31.36.0-255,66,89557,14,107253
803,0.003797,74.125.24.0-255,4320,93877,14,107253
804,0.0038,172.31.36.0-255,66,93943,14,107253
805,0.003826,74.125.24.0-255,1484,95427,14,107253
806,0.003841,172.31.36.0-255,66,95493,14,107253
807,0.003856,172.31.36.0-255,66,95559,14,107253
808,0.00386,74.125.24.0-255,2184,97743,14,107253
809,0.003862,172.31.36.0-255,66,97809,14,107253
810,0.003867,74.125.24.0-255,2902,100711,14,107253
811,0.003869,172.31.36.0-255,66,100777,14,107253
812,0.003873,74.125.24.0-255,2902,103679,14,107253
813,0.003875,172.31.36.0-255,66,103745,14,107253
814,0.003903,74.125.24.0-255,1484,105229,14,107253
815,0.003918,172.31.36.0-255,66,105295,14,107253
816,0.003921,74.125.24.0-255,1484,106779,14,107253
817,0.003956,172.31.36.0-255,66,106845,14,107253
818,0.003987,172.31.36.0-255,66,106911,14,107253
819,0.004033,74.125.24.0-255,105,107016,14,107253
820,0.004527,172.31.36.0-255,66,107082,14,107253
821,0.006935,172.31.36.0-255,105,107187,14,107253
822,0.009071,74.125.24.0-255,66,107253,14,107253
823,0.0,74.125.24.0-255,153,153,14,150926
824,3.4e-05,172.31.36.0-255,66,219,14,150926
825,4.1e-05,74.125.24.0-255,1484,1703,14,150926
826,4.6e-05,172.31.36.0-255,66,1769,14,150926
827,5e-05,74.125.24.0-255,2902,4671,14,150926
828,5.4e-05,172.31.36.0-255,66,4737,14,150926
829,6.3e-05,172.31.36.0-255,66,4803,14,150926
830,0.000107,172.31.36.0-255,66,4869,14,150926
831,0.000111,74.125.24.0-255,2543,7412,14,150926
832,0.000113,172.31.36.0-255,66,7478,14,150926
833,0.000169,74.125.24.0-255,1484,8962,14,150926
834,0.000172,172.31.36.0-255,66,9028,14,150926
835,0.000177,74.125.24.0-255,2902,11930,14,150926
836,0.000179,172.31.36.0-255,66,11996,14,150926
837,0.00021,172.31.36.0-255,66,12062,14,150926
838,0.000242,172.31.36.0-255,66,12128,14,150926
839,0.000247,74.125.24.0-255,2902,15030,14,150926
840,0.000249,172.31.36.0-255,66,15096,14,150926
841,0.000278,172.31.36.0-255,66,15162,14,150926
842,0.000281,74.125.24.0-255,130,15292,14,150926
843,0.000283,172.31.36.0-255,66,15358,14,150926
844,0.000432,74.125.24.0-255,1484,16842,14,150926
845,0.000436,172.31.36.0-255,66,16908,14,150926
846,0.000441,74.125.24.0-255,2902,19810,14,150926
847,0.000443,172.31.36.0-255,66,19876,14,150926
848,0.000477,172.31.36.0-255,66,19942,14,150926
849,0.00048,74.125.24.0-255,1484,21426,14,150926
850,0.000482,172.31.36.0-255,66,21492,14,150926
851,0.000512,172.31.36.0-255,66,21558,14,150926
852,0.00052,172.31.36.0-255,66,21624,14,150926
853,0.000542,172.31.36.0-255,66,21690,14,150926
854,0.000545,74.125.24.0-255,348,22038,14,150926
855,0.000547,172.31.36.0-255,66,22104,14,150926
856,0.00057,74.125.24.0-255,1484,23588,14,150926
857,0.000573,172.31.36.0-255,66,23654,14,150926
858,0.000578,74.125.24.0-255,4320,27974,14,150926
859,0.000581,172.31.36.0-255,66,28040,14,150926
860,0.000584,74.125.24.0-255,1484,29524,14,150926
861,0.000586,172.31.36.0-255,66,29590,14,150926
862,0.000615,172.31.36.0-255,66,29656,14,150926
863,0.000634,172.31.36.0-255,66,29722,14,150926
864,0.00066,172.31.36.0-255,66,29788,14,150926
865,0.000664,172.31.36.0-255,66,29854,14,150926
866,0.000753,74.125.24.0-255,1484,31338,14,150926
867,0.000759,172.31.36.0-255,66,31404,14,150926
868,0.000764,74.125.24.0-255,2902,34306,14,150926
869,0.000766,172.31.36.0-255,66,34372,14,150926
870,0.000769,74.125.24.0-255,1484,35856,14,150926
871,0.000771,172.31.36.0-255,66,35922,14,150926
872,0.000796,74.125.24.0-255,4320,40242,14,150926
873,0.000799,172.31.36.0-255,66,40308,14,150926
874,0.000812,172.31.36.0-255,66,40374,14,150926
875,0.000834,74.125.24.0-255,2902,43276,14,150926
876,0.000837,172.31.36.0-255,66,43342,14,150926
877,0.000847,172.31.36.0-255,66,43408,14,150926
878,0.000861,74.125.24.0-255,1484,44892,14,150926
879,0.000864,172.31.36.0-255,66,44958,14,150926
880,0.00094,172.31.36.0-255,66,45024,14,150926
881,0.000997,74.125.24.0-255,1484,46508,14,150926
882,0.001016,74.125.24.0-255,2902,49410,14,150926
883,0.00104,74.125.24.0-255,1484,50894,14,150926
884,0.001921,74.125.24.0-255,1484,52378,14,150926
885,0.001928,74.125.24.0-255,2902,55280,14,150926
886,0.001948,74.125.24.0-255,4320,59600,14,150926
887,0.001952,74.125.24.0-255,2902,62502,14,150926
888,0.001995,74.125.24.0-255,4320,66822,14,150926
889,0.002106,74.125.24.0-255,1484,68306,14,150926
890,0.002111,74.125.24.0-255,2902,71208,14,150926
891,0.002149,74.125.24.0-255,4320,75528,14,150926
892,0.002175,74.125.24.0-255,4320,79848,14,150926
893,0.002199,74.125.24.0-255,1484,81332,14,150926
894,0.002259,74.125.24.0-255,4320,85652,14,150926
895,0.002275,74.125.24.0-255,2184,87836,14,150926
896,0.00228,74.125.24.0-255,4320,92156,14,150926
897,0.002291,74.125.24.0-255,2902,95058,14,150926
898,0.002312,74.125.24.0-255,4320,99378,14,150926
899,0.002315,74.125.24.0-255,1484,100862,14,150926
900,0.002317,74.125.24.0-255,1484,102346,14,150926
901,0.00232,74.125.24.0-255,1484,103830,14,150926
902,0.002336,74.125.24.0-255,1484,105314,14,150926
903,0.002345,74.125.24.0-255,1484,106798,14,150926
904,0.002355,74.125.24.0-255,1484,108282,14,150926
905,0.00237,74.125.24.0-255,1484,109766,14,150926
906,0.002401,74.125.24.0-255,4320,114086,14,150926
907,0.002412,74.125.24.0-255,2184,116270,14,150926
908,0.002732,74.125.24.0-255,1484,117754,14,150926
909,0.002736,74.125.24.0-255,2902,120656,14,150926
910,0.00275,74.125.24.0-255,2902,123558,14,150926
911,0.002766,74.125.24.0-255,1484,125042,14,150926
912,0.002791,74.125.24.0-255,2902,127944,14,150926
913,0.002803,74.125.24.0-255,1484,129428,14,150926
914,0.002805,74.125.24.0-255,1484,130912,14,150926
915,0.00284,74.125.24.0-255,1484,132396,14,150926
916,0.002845,74.125.24.0-255,4320,136716,14,150926
917,0.002899,74.125.24.0-255,2902,139618,14,150926
918,0.002904,74.125.24.0-255,4320,143938,14,150926
919,0.002906,74.125.24.0-255,766,144704,14,150926
920,0.003361,74.125.24.0-255,1484,146188,14,150926
921,0.003366,74.125.24.0-255,2902,149090,14,150926
922,0.003423,74.125.24.0-255,1494,150584,14,150926
923,0.003493,74.125.24.0-255,105,150689,14,150926
924,0.004483,172.31.36.0-255,66,150755,14,150926
925,0.006844,172.31.36.0-255,105,150860,14,150926
926,0.009046,74.125.24.0-255,66,150926,14,150926
927,0.0,172.217.194.0-255,153,153,14,70987
928,2.7e-05,172.31.36.0-255,66,219,14,70987
929,3.5e-05,172.217.194.0-255,1484,1703,14,70987
930,4e-05,172.31.36.0-255,66,1769,14,70987
931,5.4e-05,172.217.194.0-255,2902,4671,14,70987
932,5.8e-05,172.31.36.0-255,66,4737,14,70987
933,7e-05,172.31.36.0-255,66,4803,14,70987
934,7.4e-05,172.217.194.0-255,2084,6887,14,70987
935,7.7e-05,172.31.36.0-255,66,6953,14,70987
936,0.000122,172.217.194.0-255,4320,11273,14,70987
937,0.000126,172.31.36.0-255,66,11339,14,70987
938,0.000135,172.31.36.0-255,66,11405,14,70987
939,0.000185,172.31.36.0-255,66,11471,14,70987
940,0.000203,172.217.194.0-255,1484,12955,14,70987
941,0.000205,172.31.36.0-255,66,13021,14,70987
942,0.000211,172.217.194.0-255,2902,15923,14,70987
943,0.000213,172.31.36.0-255,66,15989,14,70987
944,0.000223,172.31.36.0-255,66,16055,14,70987
945,0.000269,172.31.36.0-255,66,16121,14,70987
946,0.000285,172.31.36.0-255,66,16187,14,70987
947,0.000324,172.217.194.0-255,394,16581,14,70987
948,0.000327,172.31.36.0-255,66,16647,14,70987
949,0.000397,172.217.194.0-255,380,17027,14,70987
950,0.0004,172.31.36.0-255,66,17093,14,70987
951,0.000592,172.217.194.0-255,1484,18577,14,70987
952,0.000597,172.31.36.0-255,66,18643,14,70987
953,0.000603,172.217.194.0-255,2902,21545,14,70987
954,0.000606,172.31.36.0-255,66,21611,14,70987
955,0.00062,172.31.36.0-255,66,21677,14,70987
956,0.000625,172.217.194.0-255,2902,24579,14,70987
957,0.000628,172.31.36.0-255,66,24645,14,70987
958,0.000668,172.217.194.0-255,2902,27547,14,70987
959,0.000672,172.31.36.0-255,66,27613,14,70987
960,0.000682,172.31.36.0-255,66,27679,14,70987
961,0.000698,172.31.36.0-255,66,27745,14,70987
962,0.001043,172.217.194.0-255,1484,29229,14,70987
963,0.001067,172.217.194.0-255,2902,32131,14,70987
964,0.001071,172.31.36.0-255,66,32197,14,70987
965,0.00108,172.31.36.0-255,66,32263,14,70987
966,0.001096,172.31.36.0-255,66,32329,14,70987
967,0.0011,172.217.194.0-255,1484,33813,14,70987
968,0.001146,172.31.36.0-255,66,33879,14,70987
969,0.001155,172.31.36.0-255,66,33945,14,70987
970,0.001684,172.217.194.0-255,1484,35429,14,70987
971,0.001691,172.217.194.0-255,2902,38331,14,70987
972,0.001695,172.31.36.0-255,66,38397,14,70987
973,0.001705,172.31.36.0-255,66,38463,14,70987
974,0.001768,172.31.36.0-255,66,38529,14,70987
975,0.001799,172.31.36.0-255,66,38595,14,70987
976,0.001802,172.31.36.0-255,66,38661,14,70987
977,0.001961,172.217.194.0-255,1484,40145,14,70987
978,0.001967,172.217.194.0-255,2902,43047,14,70987
979,0.001971,172.31.36.0-255,66,43113,14,70987
980,0.001978,172.217.194.0-255,4320,47433,14,70987
981,0.00198,172.31.36.0-255,66,47499,14,70987
982,0.002001,172.217.194.0-255,1484,48983,14,70987
983,0.002018,172.31.36.0-255,66,49049,14,70987
984,0.002044,172.217.194.0-255,1484,50533,14,70987
985,0.002079,172.31.36.0-255,66,50599,14,70987
986,0.002107,172.217.194.0-255,1484,52083,14,70987
987,0.002111,172.217.194.0-255,2902,54985,14,70987
988,0.002114,172.31.36.0-255,66,55051,14,70987
989,0.002156,172.217.194.0-255,2902,57953,14,70987
990,0.002158,172.31.36.0-255,66,58019,14,70987
991,0.002194,172.217.194.0-255,2902,60921,14,70987
992,0.002197,172.31.36.0-255,66,60987,14,70987
993,0.002216,172.31.36.0-255,66,61053,14,70987
994,0.002228,172.31.36.0-255,66,61119,14,70987
995,0.002231,172.217.194.0-255,766,61885,14,70987
996,0.002266,172.217.194.0-255,1484,63369,14,70987
997,0.002269,172.31.36.0-255,66,63435,14,70987
998,0.002274,172.217.194.0-255,2902,66337,14,70987
999,0.002276,172.31.36.0-255,66,66403,14,70987
1000,0.002311,172.217.194.0-255,4320,70723,14,70987
1001,0.002317,172.31.36.0-255,66,70789,14,70987
1002,0.00353,172.31.36.0-255,66,70855,14,70987
1003,0.005855,172.31.36.0-255,66,70921,14,70987
1004,0.008182,172.31.36.0-255,66,70987,14,70987
1005,0.0,74.125.200.0-255,153,153,14,98464
1006,2.4e-05,172.31.36.0-255,66,219,14,98464
1007,3.1e-05,74.125.200.0-255,1484,1703,14,98464
1008,3.6e-05,172.31.36.0-255,66,1769,14,98464
1009,3.9e-05,74.125.200.0-255,1484,3253,14,98464
1010,5e-05,172.31.36.0-255,66,3319,14,98464
1011,5.6e-05,74.125.200.0-255,2902,6221,14,98464
1012,5.9e-05,172.31.36.0-255,66,6287,14,98464
1013,6.8e-05,172.31.36.0-255,66,6353,14,98464
1014,8.7e-05,74.125.200.0-255,1484,7837,14,98464
1015,8.9e-05,172.31.36.0-255,66,7903,14,98464
1016,0.000111,74.125.200.0-255,620,8523,14,98464
1017,0.000118,172.31.36.0-255,66,8589,14,98464
1018,0.000178,74.125.200.0-255,1484,10073,14,98464
1019,0.000181,172.31.36.0-255,66,10139,14,98464
1020,0.000187,74.125.200.0-255,2902,13041,14,98464
1021,0.000189,172.31.36.0-255,66,13107,14,98464
1022,0.000223,172.31.36.0-255,66,13173,14,98464
1023,0.00026,172.31.36.0-255,66,13239,14,98464
1024,0.000292,172.31.36.0-255,66,13305,14,98464
1025,0.000328,172.31.36.0-255,66,13371,14,98464
1026,0.000352,74.125.200.0-255,1125,14496,14,98464
1027,0.000354,172.31.36.0-255,66,14562,14,98464
1028,0.000358,74.125.200.0-255,1484,16046,14,98464
1029,0.000359,172.31.36.0-255,66,16112,14,98464
1030,0.000384,74.125.200.0-255,4320,20432,14,98464
1031,0.000387,172.31.36.0-255,66,20498,14,98464
1032,0.000401,172.31.36.0-255,66,20564,14,98464
1033,0.000437,172.31.36.0-255,66,20630,14,98464
1034,0.000473,74.125.200.0-255,676,21306,14,98464
1035,0.000669,74.125.200.0-255,1484,22790,14,98464
1036,0.000674,172.31.36.0-255,66,22856,14,98464
1037,0.000678,74.125.200.0-255,1484,24340,14,98464
1038,0.000702,74.125.200.0-255,1484,25824,14,98464
1039,0.000706,172.31.36.0-255,66,25890,14,98464
1040,0.000739,172.31.36.0-255,66,25956,14,98464
1041,0.000743,74.125.200.0-255,2902,28858,14,98464
1042,0.000745,172.31.36.0-255,66,28924,14,98464
1043,0.000755,74.125.200.0-255,3961,32885,14,98464
1044,0.000757,172.31.36.0-255,66,32951,14,98464
1045,0.000812,74.125.200.0-255,1484,34435,14,98464
1046,0.000832,74.125.200.0-255,2902,37337,14,98464
1047,0.000835,172.31.36.0-255,66,37403,14,98464
1048,0.000867,74.125.200.0-255,4320,41723,14,98464
1049,0.00087,172.31.36.0-255,66,41789,14,98464
1050,0.000903,172.31.36.0-255,66,41855,14,98464
1051,0.000927,74.125.200.0-255,1125,42980,14,98464
1052,0.001605,172.31.36.0-255,66,43046,14,98464
1053,0.001664,74.125.200.0-255,1484,44530,14,98464
1054,0.001672,74.125.200.0-255,2902,47432,14,98464
1055,0.001675,172.31.36.0-255,66,47498,14,98464
1056,0.00171,74.125.200.0-255,4320,51818,14,98464
1057,0.001712,172.31.36.0-255,66,51884,14,98464
1058,0.00172,172.31.36.0-255,66,51950,14,98464
1059,0.001727,74.125.200.0-255,1484,53434,14,98464
1060,0.001759,172.31.36.0-255,66,53500,14,98464
1061,0.001768,172.31.36.0-255,66,53566,14,98464
1062,0.001792,74.125.200.0-255,766,54332,14,98464
1063,0.001926,74.125.200.0-255,1484,55816,14,98464
1064,0.00193,74.125.200.0-255,2902,58718,14,98464
1065,0.001935,172.31.36.0-255,66,58784,14,98464
1066,0.001939,172.31.36.0-255,66,58850,14,98464
1067,0.001965,74.125.200.0-255,4320,63170,14,98464
1068,0.001971,172.31.36.0-255,66,63236,14,98464
1069,0.00203,172.31.36.0-255,66,63302,14,98464
1070,0.002063,74.125.200.0-255,1484,64786,14,98464
1071,0.002068,74.125.200.0-255,2902,67688,14,98464
1072,0.00207,172.31.36.0-255,66,67754,14,98464
1073,0.002073,74.125.200.0-255,1484,69238,14,98464
1074,0.002096,74.125.200.0-255,1484,70722,14,98464
1075,0.002098,172.31.36.0-255,66,70788,14,98464
1076,0.002124,74.125.200.0-255,2902,73690,14,98464
1077,0.002128,172.31.36.0-255,66,73756,14,98464
1078,0.002159,172.31.36.0-255,66,73822,14,98464
1079,0.002163,74.125.200.0-255,1484,75306,14,98464
1080,0.002185,74.125.200.0-255,2184,77490,14,98464
1081,0.002188,172.31.36.0-255,66,77556,14,98464
1082,0.002261,74.125.200.0-255,1484,79040,14,98464
1083,0.002279,74.125.200.0-255,1484,80524,14,98464
1084,0.002282,172.31.36.0-255,66,80590,14,98464
1085,0.004448,74.125.200.0-255,2902,83492,14,98464
1086,0.004455,172.31.36.0-255,66,83558,14,98464
1087,0.004541,74.125.200.0-255,2902,86460,14,98464
1088,0.004544,172.31.36.0-255,66,86526,14,98464
1089,0.006725,74.125.200.0-255,2902,89428,14,98464
1090,0.006728,172.31.36.0-255,66,89494,14,98464
1091,0.006788,74.125.200.0-255,1484,90978,14,98464
1092,0.006805,74.125.200.0-255,1484,92462,14,98464
1093,0.006807,172.31.36.0-255,66,92528,14,98464
1094,0.009001,74.125.200.0-255,2902,95430,14,98464
1095,0.009008,172.31.36.0-255,66,95496,14,98464
1096,0.009055,74.125.200.0-255,2902,98398,14,98464
1097,0.009059,172.31.36.0-255,66,98464,14,98464
1098,0.0,74.125.24.0-255,145,145,14,97771
1099,2.7e-05,172.31.36.0-255,66,211,14,97771
1100,3.6e-05,74.125.24.0-255,1484,1695,14,97771
1101,4.2e-05,172.31.36.0-255,66,1761,14,97771
1102,4.9e-05,74.125.24.0-255,2902,4663,14,97771
1103,5.4e-05,172.31.36.0-255,66,4729,14,97771
1104,6.7e-05,172.31.36.0-255,66,4795,14,97771
1105,7.2e-05,74.125.24.0-255,2902,7697,14,97771
1106,7.6e-05,172.31.36.0-255,66,7763,14,97771
1107,0.000101,74.125.24.0-255,630,8393,14,97771
1108,0.000104,172.31.36.0-255,66,8459,14,97771
1109,0.000168,74.125.24.0-255,1484,9943,14,97771
1110,0.000172,172.31.36.0-255,66,10009,14,97771
1111,0.000177,74.125.24.0-255,2902,12911,14,97771
1112,0.00018,172.31.36.0-255,66,12977,14,97771
1113,0.000202,74.125.24.0-255,2902,15879,14,97771
1114,0.000204,172.31.36.0-255,66,15945,14,97771
1115,0.000226,74.125.24.0-255,2902,18847,14,97771
1116,0.00023,172.31.36.0-255,66,18913,14,97771
1117,0.00024,172.31.36.0-255,66,18979,14,97771
1118,0.000354,74.125.24.0-255,1484,20463,14,97771
1119,0.000358,172.31.36.0-255,66,20529,14,97771
1120,0.000364,74.125.24.0-255,2902,23431,14,97771
1121,0.000367,172.31.36.0-255,66,23497,14,97771
1122,0.000387,74.125.24.0-255,4320,27817,14,97771
1123,0.000389,172.31.36.0-255,66,27883,14,97771
1124,0.000413,172.31.36.0-255,66,27949,14,97771
1125,0.000466,172.31.36.0-255,66,28015,14,97771
1126,0.000475,172.31.36.0-255,66,28081,14,97771
1127,0.000487,74.125.24.0-255,1125,29206,14,97771
1128,0.000489,172.31.36.0-255,66,29272,14,97771
1129,0.000492,74.125.24.0-255,399,29671,14,97771
1130,0.000494,172.31.36.0-255,66,29737,14,97771
1131,0.000517,74.125.24.0-255,374,30111,14,97771
1132,0.000519,172.31.36.0-255,66,30177,14,97771
1133,0.000931,74.125.24.0-255,1484,31661,14,97771
1134,0.000936,172.31.36.0-255,66,31727,14,97771
1135,0.000943,74.125.24.0-255,2902,34629,14,97771
1136,0.000945,172.31.36.0-255,66,34695,14,97771
1137,0.000964,172.31.36.0-255,66,34761,14,97771
1138,0.001005,172.31.36.0-255,66,34827,14,97771
1139,0.001019,74.125.24.0-255,1484,36311,14,97771
1140,0.001057,172.31.36.0-255,66,36377,14,97771
1141,0.001315,74.125.24.0-255,1484,37861,14,97771
1142,0.001329,74.125.24.0-255,2902,40763,14,97771
1143,0.001333,172.31.36.0-255,66,40829,14,97771
1144,0.001338,74.125.24.0-255,2902,43731,14,97771
1145,0.001353,74.125.24.0-255,1484,45215,14,97771
1146,0.001361,172.31.36.0-255,66,45281,14,97771
1147,0.001388,74.125.24.0-255,1484,46765,14,97771
1148,0.00144,172.31.36.0-255,66,46831,14,97771
1149,0.00146,74.125.24.0-255,2902,49733,14,97771
1150,0.001465,172.31.36.0-255,66,49799,14,97771
1151,0.001481,74.125.24.0-255,3602,53401,14,97771
1152,0.001494,74.125.24.0-255,1484,54885,14,97771
1153,0.00151,172.31.36.0-255,66,54951,14,97771
1154,0.001515,74.125.24.0-255,2902,57853,14,97771
1155,0.00152,172.31.36.0-255,66,57919,14,97771
1156,0.001549,74.125.24.0-255,4320,62239,14,97771
1157,0.001589,172.31.36.0-255,66,62305,14,97771
1158,0.001592,74.125.24.0-255,1484,63789,14,97771
1159,0.001605,74.125.24.0-255,2184,65973,14,97771
1160,0.001625,172.31.36.0-255,66,66039,14,97771
1161,0.001782,74.125.24.0-255,1484,67523,14,97771
1162,0.0018,74.125.24.0-255,2902,70425,14,97771
1163,0.001813,74.125.24.0-255,2902,73327,14,97771
1164,0.001816,172.31.36.0-255,66,73393,14,97771
1165,0.001828,74.125.24.0-255,2902,76295,14,97771
1166,0.00183,74.125.24.0-255,1484,77779,14,97771
1167,0.001833,172.31.36.0-255,66,77845,14,97771
1168,0.001871,74.125.24.0-255,4320,82165,14,97771
1169,0.001876,74.125.24.0-255,4320,86485,14,97771
1170,0.00188,172.31.36.0-255,66,86551,14,97771
1171,0.001886,172.31.36.0-255,66,86617,14,97771
1172,0.001898,74.125.24.0-255,766,87383,14,97771
1173,0.001925,172.31.36.0-255,66,87449,14,97771
1174,0.004335,172.31.36.0-255,66,87515,14,97771
1175,0.006698,74.125.24.0-255,4320,91835,14,97771
1176,0.006705,172.31.36.0-255,66,91901,14,97771
1177,0.006725,74.125.24.0-255,1484,93385,14,97771
1178,0.00911,74.125.24.0-255,4320,97705,14,97771
1179,0.009124,172.31.36.0-255,66,97771,14,97771
1180,0.0,74.125.200.0-255,156,156,14,183700
1181,2.3e-05,172.31.36.0-255,66,222,14,183700
1182,3e-05,74.125.200.0-255,1484,1706,14,183700
1183,3.5e-05,172.31.36.0-255,66,1772,14,183700
1184,4e-05,74.125.200.0-255,2902,4674,14,183700
1185,4.3e-05,172.31.36.0-255,66,4740,14,183700
1186,5.2e-05,172.31.36.0-255,66,4806,14,183700
1187,8e-05,74.125.200.0-255,1484,6290,14,183700
1188,8.3e-05,172.31.36.0-255,66,6356,14,183700
1189,8.8e-05,74.125.200.0-255,2075,8431,14,183700
1190,9e-05,172.31.36.0-255,66,8497,14,183700
1191,9.5e-05,74.125.200.0-255,2902,11399,14,183700
1192,9.7e-05,172.31.36.0-255,66,11465,14,183700
1193,0.000101,74.125.200.0-255,2902,14367,14,183700
1194,0.000103,172.31.36.0-255,66,14433,14,183700
1195,0.000106,74.125.200.0-255,1484,15917,14,183700
1196,0.000109,172.31.36.0-255,66,15983,14,183700
1197,0.000124,74.125.200.0-255,2902,18885,14,183700
1198,0.000126,172.31.36.0-255,66,18951,14,183700
1199,0.000132,74.125.200.0-255,4320,23271,14,183700
1200,0.000134,172.31.36.0-255,66,23337,14,183700
1201,0.000156,74.125.200.0-255,4320,27657,14,183700
1202,0.000158,172.31.36.0-255,66,27723,14,183700
1203,0.000169,172.31.36.0-255,66,27789,14,183700
1204,0.00018,172.31.36.0-255,66,27855,14,183700
1205,0.000249,74.125.200.0-255,1484,29339,14,183700
1206,0.000252,172.31.36.0-255,66,29405,14,183700
1207,0.000272,74.125.200.0-255,2902,32307,14,183700
1208,0.000275,172.31.36.0-255,66,32373,14,183700
1209,0.000284,172.31.36.0-255,66,32439,14,183700
1210,0.000305,74.125.200.0-255,4320,36759,14,183700
1211,0.000308,172.31.36.0-255,66,36825,14,183700
1212,0.000329,74.125.200.0-255,2816,39641,14,183700
1213,0.000332,172.31.36.0-255,66,39707,14,183700
1214,0.000412,74.125.200.0-255,1484,41191,14,183700
1215,0.000432,74.125.200.0-255,2902,44093,14,183700
1216,0.000435,172.31.36.0-255,66,44159,14,183700
1217,0.000459,172.31.36.0-255,66,44225,14,183700
1218,0.000476,74.125.200.0-255,1484,45709,14,183700
1219,0.000494,172.31.36.0-255,66,45775,14,183700
1220,0.000531,74.125.200.0-255,1484,47259,14,183700
1221,0.000535,74.125.200.0-255,2902,50161,14,183700
1222,0.000537,172.31.36.0-255,66,50227,14,183700
1223,0.000541,74.125.200.0-255,2902,53129,14,183700
1224,0.000543,172.31.36.0-255,66,53195,14,183700
1225,0.000561,74.125.200.0-255,2902,56097,14,183700
1226,0.000563,172.31.36.0-255,66,56163,14,183700
1227,0.000585,172.31.36.0-255,66,56229,14,183700
1228,0.00059,74.125.200.0-255,4320,60549,14,183700
1229,0.000593,172.31.36.0-255,66,60615,14,183700
1230,0.000611,74.125.200.0-255,2902,63517,14,183700
1231,0.000613,172.31.36.0-255,66,63583,14,183700
1232,0.000626,74.125.200.0-255,1484,65067,14,183700
1233,0.000656,172.31.36.0-255,66,65133,14,183700
1234,0.000693,74.125.200.0-255,1484,66617,14,183700
1235,0.000712,74.125.200.0-255,2902,69519,14,183700
1236,0.000716,172.31.36.0-255,66,69585,14,183700
1237,0.000719,74.125.200.0-255,1484,71069,14,183700
1238,0.000722,74.125.200.0-255,1484,72553,14,183700
1239,0.000724,172.31.36.0-255,66,72619,14,183700
1240,0.000736,74.125.200.0-255,1484,74103,14,183700
1241,0.000764,172.31.36.0-255,66,74169,14,183700
1242,0.000769,74.125.200.0-255,2666,76835,14,183700
1243,0.000771,172.31.36.0-255,66,76901,14,183700
1244,0.001005,74.125.200.0-255,1484,78385,14,183700
1245,0.001026,74.125.200.0-255,2902,81287,14,183700
1246,0.00103,172.31.36.0-255,66,81353,14,183700
1247,0.001035,74.125.200.0-255,2902,84255,14,183700
1248,0.001037,172.31.36.0-255,66,84321,14,183700
1249,0.00104,74.125.200.0-255,1484,85805,14,183700
1250,0.001061,74.125.200.0-255,2902,88707,14,183700
1251,0.001063,172.31.36.0-255,66,88773,14,183700
1252,0.001067,74.125.200.0-255,1484,90257,14,183700
1253,0.001085,172.31.36.0-255,66,90323,14,183700
1254,0.001091,74.125.200.0-255,2902,93225,14,183700
1255,0.001092,172.31.36.0-255,66,93291,14,183700
1256,0.001098,74.125.200.0-255,4320,97611,14,183700
1257,0.001101,172.31.36.0-255,66,97677,14,183700
1258,0.001138,74.125.200.0-255,2902,100579,14,183700
1259,0.001142,172.31.36.0-255,66,100645,14,183700
1260,0.001156,74.125.200.0-255,3602,104247,14,183700
1261,0.001158,172.31.36.0-255,66,104313,14,183700
1262,0.001274,74.125.200.0-255,1484,105797,14,183700
1263,0.001278,74.125.200.0-255,1484,107281,14,183700
1264,0.001281,172.31.36.0-255,66,107347,14,183700
1265,0.001295,74.125.200.0-255,1484,108831,14,183700
1266,0.001301,74.125.200.0-255,4320,113151,14,183700
1267,0.001304,172.31.36.0-255,66,113217,14,183700
1268,0.001318,74.125.200.0-255,1484,114701,14,183700
1269,0.001336,172.31.36.0-255,66,114767,14,183700
1270,0.001346,172.31.36.0-255,66,114833,14,183700
1271,0.001371,172.31.36.0-255,66,114899,14,183700
1272,0.001374,74.125.200.0-255,766,115665,14,183700
1273,0.001395,74.125.200.0-255,1484,117149,14,183700
1274,0.001398,172.31.36.0-255,66,117215,14,183700
1275,0.001417,74.125.200.0-255,2902,120117,14,183700
1276,0.00142,172.31.36.0-255,66,120183,14,183700
1277,0.00144,74.125.200.0-255,1484,121667,14,183700
1278,0.001445,74.125.200.0-255,2902,124569,14,183700
1279,0.001448,172.31.36.0-255,66,124635,14,183700
1280,0.001454,74.125.200.0-255,4320,128955,14,183700
1281,0.001456,172.31.36.0-255,66,129021,14,183700
1282,0.001489,172.31.36.0-255,66,129087,14,183700
1283,0.001493,74.125.200.0-255,1484,130571,14,183700
1284,0.001513,74.125.200.0-255,4320,134891,14,183700
1285,0.001515,74.125.200.0-255,1484,136375,14,183700
1286,0.001518,172.31.36.0-255,66,136441,14,183700
1287,0.001542,172.31.36.0-255,66,136507,14,183700
1288,0.001577,74.125.200.0-255,1484,137991,14,183700
1289,0.001595,74.125.200.0-255,2902,140893,14,183700
1290,0.001598,172.31.36.0-255,66,140959,14,183700
1291,0.001622,172.31.36.0-255,66,141025,14,183700
1292,0.001657,172.31.36.0-255,66,141091,14,183700
1293,0.001676,74.125.200.0-255,4320,145411,14,183700
1294,0.001678,172.31.36.0-255,66,145477,14,183700
1295,0.001692,172.31.36.0-255,66,145543,14,183700
1296,0.001696,74.125.200.0-255,2184,147727,14,183700
1297,0.001698,172.31.36.0-255,66,147793,14,183700
1298,0.001752,74.125.200.0-255,1484,149277,14,183700
1299,0.001756,74.125.200.0-255,2902,152179,14,183700
1300,0.001759,172.31.36.0-255,66,152245,14,183700
1301,0.001764,74.125.200.0-255,4320,156565,14,183700
1302,0.001766,172.31.36.0-255,66,156631,14,183700
1303,0.001778,74.125.200.0-255,1484,158115,14,183700
1304,0.001808,172.31.36.0-255,66,158181,14,183700
1305,0.001811,74.125.200.0-255,1484,159665,14,183700
1306,0.00185,172.31.36.0-255,66,159731,14,183700
1307,0.001854,172.31.36.0-255,66,159797,14,183700
1308,0.001881,172.31.36.0-255,66,159863,14,183700
1309,0.001885,74.125.200.0-255,1484,161347,14,183700
1310,0.001914,172.31.36.0-255,66,161413,14,183700
1311,0.001934,172.31.36.0-255,66,161479,14,183700
1312,0.001958,74.125.200.0-255,4320,165799,14,183700
1313,0.001961,172.31.36.0-255,66,165865,14,183700
1314,0.001964,74.125.200.0-255,766,166631,14,183700
1315,0.001967,74.125.200.0-255,1484,168115,14,183700
1316,0.001969,172.31.36.0-255,66,168181,14,183700
1317,0.001974,74.125.200.0-255,4320,172501,14,183700
1318,0.001977,172.31.36.0-255,66,172567,14,183700
1319,0.002001,172.31.36.0-255,66,172633,14,183700
1320,0.002021,74.125.200.0-255,2902,175535,14,183700
1321,0.002024,172.31.36.0-255,66,175601,14,183700
1322,0.002034,172.31.36.0-255,66,175667,14,183700
1323,0.002056,74.125.200.0-255,4320,179987,14,183700
1324,0.002059,172.31.36.0-255,66,180053,14,183700
1325,0.002068,172.31.36.0-255,66,180119,14,183700
1326,0.002091,172.31.36.0-255,66,180185,14,183700
1327,0.002102,172.31.36.0-255,66,180251,14,183700
1328,0.002105,74.125.200.0-255,1484,181735,14,183700
1329,0.002133,172.31.36.0-255,66,181801,14,183700
1330,0.002168,74.125.200.0-255,1491,183292,14,183700
1331,0.00217,172.31.36.0-255,66,183358,14,183700
1332,0.002174,74.125.200.0-255,105,183463,14,183700
1333,0.004668,172.31.36.0-255,66,183529,14,183700
1334,0.004708,172.31.36.0-255,105,183634,14,183700
1335,0.006985,74.125.200.0-255,66,183700,14,183700
1336,0.0,172.217.194.0-255,156,156,14,18282
1337,3.3e-05,172.31.36.0-255,66,222,14,18282
1338,4e-05,172.217.194.0-255,1484,1706,14,18282
1339,4.3e-05,172.31.36.0-255,66,1772,14,18282
1340,4.8e-05,172.217.194.0-255,2902,4674,14,18282
1341,5e-05,172.31.36.0-255,66,4740,14,18282
1342,8.5e-05,172.31.36.0-255,66,4806,14,18282
1343,0.000206,172.217.194.0-255,2048,6854,14,18282
1344,0.000211,172.31.36.0-255,66,6920,14,18282
1345,0.000236,172.217.194.0-255,2902,9822,14,18282
1346,0.00024,172.31.36.0-255,66,9888,14,18282
1347,0.000306,172.31.36.0-255,66,9954,14,18282
1348,0.000444,172.31.36.0-255,66,10020,14,18282
1349,0.000568,172.31.36.0-255,66,10086,14,18282
1350,0.00061,172.31.36.0-255,66,10152,14,18282
1351,0.000874,172.31.36.0-255,66,10218,14,18282
1352,0.001051,172.31.36.0-255,66,10284,14,18282
1353,0.001183,172.217.194.0-255,380,10664,14,18282
1354,0.001188,172.31.36.0-255,66,10730,14,18282
1355,0.001196,172.217.194.0-255,2902,13632,14,18282
1356,0.001198,172.31.36.0-255,66,13698,14,18282
1357,0.00123,172.31.36.0-255,66,13764,14,18282
1358,0.001628,172.31.36.0-255,66,13830,14,18282
1359,0.002076,172.217.194.0-255,4320,18150,14,18282
1360,0.006802,172.31.36.0-255,66,18216,14,18282
1361,0.009094,172.31.36.0-255,66,18282,14,18282
1362,0.0,74.125.24.0-255,148,148,14,88031
1363,2.2e-05,172.31.36.0-255,66,214,14,88031
1364,2.9e-05,74.125.24.0-255,1484,1698,14,88031
1365,3.3e-05,172.31.36.0-255,66,1764,14,88031
1366,4e-05,74.125.24.0-255,2902,4666,14,88031
1367,4.4e-05,172.31.36.0-255,66,4732,14,88031
1368,5.5e-05,172.31.36.0-255,66,4798,14,88031
1369,6.1e-05,74.125.24.0-255,2902,7700,14,88031
1370,6.4e-05,172.31.36.0-255,66,7766,14,88031
1371,8.3e-05,74.125.24.0-255,619,8385,14,88031
1372,8.5e-05,172.31.36.0-255,66,8451,14,88031
1373,0.000101,172.31.36.0-255,66,8517,14,88031
1374,0.00015,74.125.24.0-255,2543,11060,14,88031
1375,0.000153,172.31.36.0-255,66,11126,14,88031
1376,0.000167,74.125.24.0-255,2902,14028,14,88031
1377,0.00017,172.31.36.0-255,66,14094,14,88031
1378,0.000199,172.31.36.0-255,66,14160,14,88031
1379,0.000213,74.125.24.0-255,1484,15644,14,88031
1380,0.000215,172.31.36.0-255,66,15710,14,88031
1381,0.00024,74.125.24.0-255,4320,20030,14,88031
1382,0.000242,172.31.36.0-255,66,20096,14,88031
1383,0.000289,172.31.36.0-255,66,20162,14,88031
1384,0.000345,74.125.24.0-255,1484,21646,14,88031
1385,0.000349,172.31.36.0-255,66,21712,14,88031
1386,0.000375,172.31.36.0-255,66,21778,14,88031
1387,0.000651,74.125.24.0-255,645,22423,14,88031
1388,0.000656,172.31.36.0-255,66,22489,14,88031
1389,0.000813,74.125.24.0-255,1484,23973,14,88031
1390,0.000837,74.125.24.0-255,2902,26875,14,88031
1391,0.000842,172.31.36.0-255,66,26941,14,88031
1392,0.000847,74.125.24.0-255,2902,29843,14,88031
1393,0.000849,172.31.36.0-255,66,29909,14,88031
1394,0.000873,172.31.36.0-255,66,29975,14,88031
1395,0.000906,74.125.24.0-255,2902,32877,14,88031
1396,0.000909,172.31.36.0-255,66,32943,14,88031
1397,0.00094,172.31.36.0-255,66,33009,14,88031
1398,0.000975,74.125.24.0-255,1484,34493,14,88031
1399,0.001022,74.125.24.0-255,2184,36677,14,88031
1400,0.001026,172.31.36.0-255,66,36743,14,88031
1401,0.001111,74.125.24.0-255,1484,38227,14,88031
1402,0.001126,74.125.24.0-255,2902,41129,14,88031
1403,0.001129,172.31.36.0-255,66,41195,14,88031
1404,0.001139,172.31.36.0-255,66,41261,14,88031
1405,0.001175,74.125.24.0-255,4320,45581,14,88031
1406,0.001178,172.31.36.0-255,66,45647,14,88031
1407,0.001206,172.31.36.0-255,66,45713,14,88031
1408,0.001235,74.125.24.0-255,2902,48615,14,88031
1409,0.001238,172.31.36.0-255,66,48681,14,88031
1410,0.001259,74.125.24.0-255,4320,53001,14,88031
1411,0.001261,172.31.36.0-255,66,53067,14,88031
1412,0.001272,74.125.24.0-255,1484,54551,14,88031
1413,0.001288,74.125.24.0-255,2184,56735,14,88031
1414,0.001292,172.31.36.0-255,66,56801,14,88031
1415,0.001669,74.125.24.0-255,1484,58285,14,88031
1416,0.001683,74.125.24.0-255,2902,61187,14,88031
1417,0.001687,172.31.36.0-255,66,61253,14,88031
1418,0.0017,74.125.24.0-255,1484,62737,14,88031
1419,0.001717,74.125.24.0-255,4320,67057,14,88031
1420,0.001719,172.31.36.0-255,66,67123,14,88031
1421,0.001752,74.125.24.0-255,2902,70025,14,88031
1422,0.001754,172.31.36.0-255,66,70091,14,88031
1423,0.001785,172.31.36.0-255,66,70157,14,88031
1424,0.001792,74.125.24.0-255,4320,74477,14,88031
1425,0.001794,172.31.36.0-255,66,74543,14,88031
1426,0.001814,74.125.24.0-255,1484,76027,14,88031
1427,0.001853,172.31.36.0-255,66,76093,14,88031
1428,0.004035,172.31.36.0-255,66,76159,14,88031
1429,0.006159,74.125.24.0-255,2902,79061,14,88031
1430,0.006162,172.31.36.0-255,66,79127,14,88031
1431,0.006175,74.125.24.0-255,2902,82029,14,88031
1432,0.006177,172.31.36.0-255,66,82095,14,88031
1433,0.00833,74.125.24.0-255,2902,84997,14,88031
1434,0.008337,172.31.36.0-255,66,85063,14,88031
1435,0.008359,74.125.24.0-255,2902,87965,14,88031
1436,0.008362,172.31.36.0-255,66,88031,14,88031
1437,0.0,74.125.68.0-255,153,153,14,114272
1438,2.6e-05,172.31.36.0-255,66,219,14,114272
1439,3.2e-05,74.125.68.0-255,1484,1703,14,114272
1440,3.6e-05,172.31.36.0-255,66,1769,14,114272
1441,4.1e-05,74.125.68.0-255,2902,4671,14,114272
1442,5.2e-05,172.31.36.0-255,66,4737,14,114272
1443,8.9e-05,172.31.36.0-255,66,4803,14,114272
1444,9.4e-05,74.125.68.0-255,3466,8269,14,114272
1445,9.6e-05,172.31.36.0-255,66,8335,14,114272
1446,0.000189,74.125.68.0-255,1484,9819,14,114272
1447,0.000194,172.31.36.0-255,66,9885,14,114272
1448,0.000199,74.125.68.0-255,2902,12787,14,114272
1449,0.000201,172.31.36.0-255,66,12853,14,114272
1450,0.000223,172.31.36.0-255,66,12919,14,114272
1451,0.000237,172.31.36.0-255,66,12985,14,114272
1452,0.000281,74.125.68.0-255,1125,14110,14,114272
1453,0.000285,172.31.36.0-255,66,14176,14,114272
1454,0.000309,74.125.68.0-255,1484,15660,14,114272
1455,0.000311,172.31.36.0-255,66,15726,14,114272
1456,0.000332,74.125.68.0-255,4320,20046,14,114272
1457,0.000335,172.31.36.0-255,66,20112,14,114272
1458,0.000341,74.125.68.0-255,4320,24432,14,114272
1459,0.000343,172.31.36.0-255,66,24498,14,114272
1460,0.000347,74.125.68.0-255,1484,25982,14,114272
1461,0.000352,172.31.36.0-255,66,26048,14,114272
1462,0.000389,74.125.68.0-255,4320,30368,14,114272
1463,0.000391,74.125.68.0-255,1125,31493,14,114272
1464,0.000393,172.31.36.0-255,66,31559,14,114272
1465,0.000397,172.31.36.0-255,66,31625,14,114272
1466,0.000455,74.125.68.0-255,1484,33109,14,114272
1467,0.000472,74.125.68.0-255,2902,36011,14,114272
1468,0.000475,172.31.36.0-255,66,36077,14,114272
1469,0.000486,172.31.36.0-255,66,36143,14,114272
1470,0.000496,74.125.68.0-255,2902,39045,14,114272
1471,0.000498,172.31.36.0-255,66,39111,14,114272
1472,0.000503,74.125.68.0-255,3961,43072,14,114272
1473,0.000505,172.31.36.0-255,66,43138,14,114272
1474,0.000531,74.125.68.0-255,413,43551,14,114272
1475,0.00057,74.125.68.0-255,331,43882,14,114272
1476,0.000749,74.125.68.0-255,1484,45366,14,114272
1477,0.000753,172.31.36.0-255,66,45432,14,114272
1478,0.000758,74.125.68.0-255,1484,46916,14,114272
1479,0.000781,74.125.68.0-255,1484,48400,14,114272
1480,0.000784,172.31.36.0-255,66,48466,14,114272
1481,0.000793,172.31.36.0-255,66,48532,14,114272
1482,0.000805,74.125.68.0-255,4320,52852,14,114272
1483,0.000807,172.31.36.0-255,66,52918,14,114272
1484,0.000812,74.125.68.0-255,2902,55820,14,114272
1485,0.000816,172.31.36.0-255,66,55886,14,114272
1486,0.000846,74.125.68.0-255,2543,58429,14,114272
1487,0.000849,172.31.36.0-255,66,58495,14,114272
1488,0.000858,172.31.36.0-255,66,58561,14,114272
1489,0.000894,172.31.36.0-255,66,58627,14,114272
1490,0.000897,74.125.68.0-255,2543,61170,14,114272
1491,0.000899,172.31.36.0-255,66,61236,14,114272
1492,0.001225,74.125.68.0-255,1484,62720,14,114272
1493,0.001236,74.125.68.0-255,2902,65622,14,114272
1494,0.00124,172.31.36.0-255,66,65688,14,114272
1495,0.001249,172.31.36.0-255,66,65754,14,114272
1496,0.001252,74.125.68.0-255,1484,67238,14,114272
1497,0.001281,74.125.68.0-255,1484,68722,14,114272
1498,0.001284,172.31.36.0-255,66,68788,14,114272
1499,0.001291,74.125.68.0-255,4320,73108,14,114272
1500,0.001293,172.31.36.0-255,66,73174,14,114272
1501,0.001308,172.31.36.0-255,66,73240,14,114272
1502,0.001331,74.125.68.0-255,2902,76142,14,114272
1503,0.001338,172.31.36.0-255,66,76208,14,114272
1504,0.001347,172.31.36.0-255,66,76274,14,114272
1505,0.001362,74.125.68.0-255,2184,78458,14,114272
1506,0.00137,172.31.36.0-255,66,78524,14,114272
1507,0.00177,74.125.68.0-255,1484,80008,14,114272
1508,0.001776,74.125.68.0-255,1484,81492,14,114272
1509,0.001779,172.31.36.0-255,66,81558,14,114272
1510,0.001801,74.125.68.0-255,1484,83042,14,114272
1511,0.00181,172.31.36.0-255,66,83108,14,114272
1512,0.001815,74.125.68.0-255,4320,87428,14,114272
1513,0.001816,172.31.36.0-255,66,87494,14,114272
1514,0.001846,74.125.68.0-255,2902,90396,14,114272
1515,0.001849,172.31.36.0-255,66,90462,14,114272
1516,0.001859,172.31.36.0-255,66,90528,14,114272
1517,0.001877,172.31.36.0-255,66,90594,14,114272
1518,0.002078,74.125.68.0-255,1484,92078,14,114272
1519,0.002096,74.125.68.0-255,2902,94980,14,114272
1520,0.002098,172.31.36.0-255,66,95046,14,114272
1521,0.002101,74.125.68.0-255,1484,96530,14,114272
1522,0.002127,74.125.68.0-255,4320,100850,14,114272
1523,0.002129,172.31.36.0-255,66,100916,14,114272
1524,0.002133,74.125.68.0-255,2902,103818,14,114272
1525,0.002134,172.31.36.0-255,66,103884,14,114272
1526,0.002137,74.125.68.0-255,1484,105368,14,114272
1527,0.004219,74.125.68.0-255,2902,108270,14,114272
1528,0.004225,172.31.36.0-255,66,108336,14,114272
1529,0.004252,74.125.68.0-255,1484,109820,14,114272
1530,0.00633,74.125.68.0-255,4320,114140,14,114272
1531,0.006335,172.31.36.0-255,66,114206,14,114272
1532,0.008453,172.31.36.0-255,66,114272,14,114272
1533,0.0,74.125.24.0-255,298,298,14,64567
1534,2.6e-05,172.31.36.0-255,66,364,14,64567
1535,3.3e-05,74.125.24.0-255,1484,1848,14,64567
1536,3.8e-05,172.31.36.0-255,66,1914,14,64567
1537,4.4e-05,74.125.24.0-255,4320,6234,14,64567
1538,5.6e-05,172.31.36.0-255,66,6300,14,64567
1539,6.2e-05,74.125.24.0-255,4320,10620,14,64567
1540,6.4e-05,172.31.36.0-255,66,10686,14,64567
1541,7.7e-05,172.31.36.0-255,66,10752,14,64567
1542,0.000122,172.31.36.0-255,66,10818,14,64567
1543,0.000196,74.125.24.0-255,1484,12302,14,64567
1544,0.0002,172.31.36.0-255,66,12368,14,64567
1545,0.000207,74.125.24.0-255,2902,15270,14,64567
1546,0.00021,172.31.36.0-255,66,15336,14,64567
1547,0.000245,172.31.36.0-255,66,15402,14,64567
1548,0.000251,74.125.24.0-255,4320,19722,14,64567
1549,0.000253,172.31.36.0-255,66,19788,14,64567
1550,0.000282,172.31.36.0-255,66,19854,14,64567
1551,0.000309,172.31.36.0-255,66,19920,14,64567
1552,0.000314,74.125.24.0-255,4320,24240,14,64567
1553,0.000317,172.31.36.0-255,66,24306,14,64567
1554,0.000348,74.125.24.0-255,2880,27186,14,64567
1555,0.00035,172.31.36.0-255,66,27252,14,64567
1556,0.000407,74.125.24.0-255,339,27591,14,64567
1557,0.00041,172.31.36.0-255,66,27657,14,64567
1558,0.000672,74.125.24.0-255,1484,29141,14,64567
1559,0.000679,172.31.36.0-255,66,29207,14,64567
1560,0.000685,74.125.24.0-255,2902,32109,14,64567
1561,0.000687,172.31.36.0-255,66,32175,14,64567
1562,0.000692,74.125.24.0-255,2902,35077,14,64567
1563,0.0007,172.31.36.0-255,66,35143,14,64567
1564,0.000727,74.125.24.0-255,2902,38045,14,64567
1565,0.000729,172.31.36.0-255,66,38111,14,64567
1566,0.000746,172.31.36.0-255,66,38177,14,64567
1567,0.000772,74.125.24.0-255,1484,39661,14,64567
1568,0.000788,172.31.36.0-255,66,39727,14,64567
1569,0.000794,74.125.24.0-255,3602,43329,14,64567
1570,0.000796,172.31.36.0-255,66,43395,14,64567
1571,0.00102,74.125.24.0-255,1484,44879,14,64567
1572,0.001027,74.125.24.0-255,2902,47781,14,64567
1573,0.001031,172.31.36.0-255,66,47847,14,64567
1574,0.001061,74.125.24.0-255,4320,52167,14,64567
1575,0.001064,172.31.36.0-255,66,52233,14,64567
1576,0.001097,74.125.24.0-255,1484,53717,14,64567
1577,0.001111,172.31.36.0-255,66,53783,14,64567
1578,0.001128,172.31.36.0-255,66,53849,14,64567
1579,0.002148,74.125.24.0-255,1484,55333,14,64567
1580,0.00217,74.125.24.0-255,2902,58235,14,64567
1581,0.002175,172.31.36.0-255,66,58301,14,64567
1582,0.00222,74.125.24.0-255,4320,62621,14,64567
1583,0.002222,172.31.36.0-255,66,62687,14,64567
1584,0.002251,74.125.24.0-255,1484,64171,14,64567
1585,0.002278,172.31.36.0-255,66,64237,14,64567
1586,0.002286,172.31.36.0-255,66,64303,14,64567
1587,0.002289,172.31.36.0-255,66,64369,14,64567
1588,0.004658,172.31.36.0-255,66,64435,14,64567
1589,0.007035,172.31.36.0-255,66,64501,14,64567
1590,0.009456,172.31.36.0-255,66,64567,14,64567
1591,0.0,74.125.24.0-255,156,156,14,117840
1592,3.5e-05,172.31.36.0-255,66,222,14,117840
1593,4.2e-05,74.125.24.0-255,1484,1706,14,117840
1594,4.6e-05,172.31.36.0-255,66,1772,14,117840
1595,5.2e-05,74.125.24.0-255,2902,4674,14,117840
1596,5.5e-05,172.31.36.0-255,66,4740,14,117840
1597,6.4e-05,172.31.36.0-255,66,4806,14,117840
1598,8.8e-05,74.125.24.0-255,1484,6290,14,117840
1599,9.2e-05,172.31.36.0-255,66,6356,14,117840
1600,0.0001,74.125.24.0-255,2902,9258,14,117840
1601,0.000102,172.31.36.0-255,66,9324,14,117840
1602,0.000132,172.31.36.0-255,66,9390,14,117840
1603,0.000135,74.125.24.0-255,1484,10874,14,117840
1604,0.000137,172.31.36.0-255,66,10940,14,117840
1605,0.000151,74.125.24.0-255,2543,13483,14,117840
1606,0.000153,172.31.36.0-255,66,13549,14,117840
1607,0.000199,74.125.24.0-255,1484,15033,14,117840
1608,0.000202,172.31.36.0-255,66,15099,14,117840
1609,0.000208,74.125.24.0-255,2902,18001,14,117840
1610,0.00021,172.31.36.0-255,66,18067,14,117840
1611,0.000225,74.125.24.0-255,2902,20969,14,117840
1612,0.000228,172.31.36.0-255,66,21035,14,117840
1613,0.000249,74.125.24.0-255,2902,23937,14,117840
1614,0.000251,172.31.36.0-255,66,24003,14,117840
1615,0.00026,172.31.36.0-255,66,24069,14,117840
1616,0.000274,74.125.24.0-255,1484,25553,14,117840
1617,0.000276,172.31.36.0-255,66,25619,14,117840
1618,0.00029,172.31.36.0-255,66,25685,14,117840
1619,0.000294,74.125.24.0-255,2476,28161,14,117840
1620,0.000297,172.31.36.0-255,66,28227,14,117840
1621,0.000325,74.125.24.0-255,133,28360,14,117840
1622,0.000563,74.125.24.0-255,1484,29844,14,117840
1623,0.000567,172.31.36.0-255,66,29910,14,117840
1624,0.000585,74.125.24.0-255,2902,32812,14,117840
1625,0.000588,172.31.36.0-255,66,32878,14,117840
1626,0.000591,74.125.24.0-255,1484,34362,14,117840
1627,0.000595,74.125.24.0-255,2902,37264,14,117840
1628,0.000598,172.31.36.0-255,66,37330,14,117840
1629,0.000601,74.125.24.0-255,1484,38814,14,117840
1630,0.000618,74.125.24.0-255,4320,43134,14,117840
1631,0.000622,172.31.36.0-255,66,43200,14,117840
1632,0.000643,172.31.36.0-255,66,43266,14,117840
1633,0.000679,172.31.36.0-255,66,43332,14,117840
1634,0.000684,74.125.24.0-255,4320,47652,14,117840
1635,0.000686,172.31.36.0-255,66,47718,14,117840
1636,0.000704,74.125.24.0-255,2466,50184,14,117840
1637,0.000707,172.31.36.0-255,66,50250,14,117840
1638,0.001382,74.125.24.0-255,1484,51734,14,117840
1639,0.001403,74.125.24.0-255,2902,54636,14,117840
1640,0.001408,172.31.36.0-255,66,54702,14,117840
1641,0.001414,74.125.24.0-255,4320,59022,14,117840
1642,0.001416,172.31.36.0-255,66,59088,14,117840
1643,0.001442,172.31.36.0-255,66,59154,14,117840
1644,0.001462,172.31.36.0-255,66,59220,14,117840
1645,0.00148,74.125.24.0-255,1484,60704,14,117840
1646,0.001504,172.31.36.0-255,66,60770,14,117840
1647,0.001507,74.125.24.0-255,766,61536,14,117840
1648,0.00169,74.125.24.0-255,1484,63020,14,117840
1649,0.001695,172.31.36.0-255,66,63086,14,117840
1650,0.001714,74.125.24.0-255,2902,65988,14,117840
1651,0.001716,172.31.36.0-255,66,66054,14,117840
1652,0.00173,74.125.24.0-255,1484,67538,14,117840
1653,0.001748,74.125.24.0-255,4320,71858,14,117840
1654,0.00175,172.31.36.0-255,66,71924,14,117840
1655,0.001759,172.31.36.0-255,66,71990,14,117840
1656,0.001782,172.31.36.0-255,66,72056,14,117840
1657,0.001791,172.31.36.0-255,66,72122,14,117840
1658,0.001809,74.125.24.0-255,3602,75724,14,117840
1659,0.001811,172.31.36.0-255,66,75790,14,117840
1660,0.001961,74.125.24.0-255,1484,77274,14,117840
1661,0.001975,74.125.24.0-255,1484,78758,14,117840
1662,0.001978,172.31.36.0-255,66,78824,14,117840
1663,0.001991,74.125.24.0-255,1484,80308,14,117840
1664,0.002001,74.125.24.0-255,1484,81792,14,117840
1665,0.002003,172.31.36.0-255,66,81858,14,117840
1666,0.002022,74.125.24.0-255,4320,86178,14,117840
1667,0.002025,172.31.36.0-255,66,86244,14,117840
1668,0.002042,74.125.24.0-255,2902,89146,14,117840
1669,0.002044,172.31.36.0-255,66,89212,14,117840
1670,0.002064,172.31.36.0-255,66,89278,14,117840
1671,0.002095,172.31.36.0-255,66,89344,14,117840
1672,0.002115,74.125.24.0-255,4320,93664,14,117840
1673,0.002117,172.31.36.0-255,66,93730,14,117840
1674,0.002135,172.31.36.0-255,66,93796,14,117840
1675,0.002144,172.31.36.0-255,66,93862,14,117840
1676,0.002227,172.31.36.0-255,66,93928,14,117840
1677,0.002256,172.31.36.0-255,66,93994,14,117840
1678,0.002272,172.31.36.0-255,66,94060,14,117840
1679,0.002308,172.31.36.0-255,66,94126,14,117840
1680,0.002314,74.125.24.0-255,4320,98446,14,117840
1681,0.002317,172.31.36.0-255,66,98512,14,117840
1682,0.002346,172.31.36.0-255,66,98578,14,117840
1683,0.002351,74.125.24.0-255,2902,101480,14,117840
1684,0.002353,172.31.36.0-255,66,101546,14,117840
1685,0.002371,172.31.36.0-255,66,101612,14,117840
1686,0.00254,74.125.24.0-255,1484,103096,14,117840
1687,0.00256,74.125.24.0-255,2902,105998,14,117840
1688,0.002563,172.31.36.0-255,66,106064,14,117840
1689,0.002573,172.31.36.0-255,66,106130,14,117840
1690,0.002607,172.31.36.0-255,66,106196,14,117840
1691,0.002634,172.31.36.0-255,66,106262,14,117840
1692,0.002655,74.125.24.0-255,2902,109164,14,117840
1693,0.002659,172.31.36.0-255,66,109230,14,117840
1694,0.002695,172.31.36.0-255,66,109296,14,117840
1695,0.002706,172.31.36.0-255,66,109362,14,117840
1696,0.002735,172.31.36.0-255,66,109428,14,117840
1697,0.002766,172.31.36.0-255,66,109494,14,117840
1698,0.002771,74.125.24.0-255,4320,113814,14,117840
1699,0.002773,172.31.36.0-255,66,113880,14,117840
1700,0.002809,172.31.36.0-255,66,113946,14,117840
1701,0.002829,74.125.24.0-255,3552,117498,14,117840
1702,0.002832,172.31.36.0-255,66,117564,14,117840
1703,0.005533,74.125.24.0-255,105,117669,14,117840
1704,0.009469,172.31.36.0-255,66,117735,14,117840
1705,0.009506,172.31.36.0-255,105,117840,14,117840
1706,0.0,74.125.24.0-255,153,153,14,77641
1707,2.9e-05,172.31.36.0-255,66,219,14,77641
1708,3.6e-05,74.125.24.0-255,1484,1703,14,77641
1709,4.1e-05,172.31.36.0-255,66,1769,14,77641
1710,4.6e-05,74.125.24.0-255,2902,4671,14,77641
1711,4.8e-05,172.31.36.0-255,66,4737,14,77641
1712,5.9e-05,172.31.36.0-255,66,4803,14,77641
1713,8e-05,74.125.24.0-255,2036,6839,14,77641
1714,8.3e-05,172.31.36.0-255,66,6905,14,77641
1715,0.000225,74.125.24.0-255,1484,8389,14,77641
1716,0.00023,172.31.36.0-255,66,8455,14,77641
1717,0.000236,74.125.24.0-255,2902,11357,14,77641
1718,0.000239,172.31.36.0-255,66,11423,14,77641
1719,0.000263,74.125.24.0-255,4320,15743,14,77641
1720,0.000266,172.31.36.0-255,66,15809,14,77641
1721,0.000283,74.125.24.0-255,1484,17293,14,77641
1722,0.000285,172.31.36.0-255,66,17359,14,77641
1723,0.000298,172.31.36.0-255,66,17425,14,77641
1724,0.000355,74.125.24.0-255,1484,18909,14,77641
1725,0.000359,172.31.36.0-255,66,18975,14,77641
1726,0.00038,74.125.24.0-255,2902,21877,14,77641
1727,0.000383,172.31.36.0-255,66,21943,14,77641
1728,0.000392,172.31.36.0-255,66,22009,14,77641
1729,0.000401,172.31.36.0-255,66,22075,14,77641
1730,0.000419,74.125.24.0-255,1125,23200,14,77641
1731,0.000422,172.31.36.0-255,66,23266,14,77641
1732,0.000459,74.125.24.0-255,1484,24750,14,77641
1733,0.000463,172.31.36.0-255,66,24816,14,77641
1734,0.000469,74.125.24.0-255,4320,29136,14,77641
1735,0.000476,172.31.36.0-255,66,29202,14,77641
1736,0.000486,74.125.24.0-255,2902,32104,14,77641
1737,0.000495,172.31.36.0-255,66,32170,14,77641
1738,0.000499,74.125.24.0-255,2902,35072,14,77641
1739,0.000503,172.31.36.0-255,66,35138,14,77641
1740,0.000549,172.31.36.0-255,66,35204,14,77641
1741,0.000557,74.125.24.0-255,375,35579,14,77641
1742,0.000772,74.125.24.0-255,1484,37063,14,77641
1743,0.000776,172.31.36.0-255,66,37129,14,77641
1744,0.000782,74.125.24.0-255,2902,40031,14,77641
1745,0.000795,172.31.36.0-255,66,40097,14,77641
1746,0.00081,172.31.36.0-255,66,40163,14,77641
1747,0.000812,74.125.24.0-255,1484,41647,14,77641
1748,0.000848,172.31.36.0-255,66,41713,14,77641
1749,0.000851,74.125.24.0-255,1484,43197,14,77641
1750,0.000867,74.125.24.0-255,2902,46099,14,77641
1751,0.000874,172.31.36.0-255,66,46165,14,77641
1752,0.00089,172.31.36.0-255,66,46231,14,77641
1753,0.000894,74.125.24.0-255,2184,48415,14,77641
1754,0.000913,172.31.36.0-255,66,48481,14,77641
1755,0.001139,74.125.24.0-255,1484,49965,14,77641
1756,0.001164,74.125.24.0-255,2902,52867,14,77641
1757,0.001168,172.31.36.0-255,66,52933,14,77641
1758,0.001176,172.31.36.0-255,66,52999,14,77641
1759,0.00119,172.31.36.0-255,66,53065,14,77641
1760,0.001208,74.125.24.0-255,4320,57385,14,77641
1761,0.001228,172.31.36.0-255,66,57451,14,77641
1762,0.001242,172.31.36.0-255,66,57517,14,77641
1763,0.002129,74.125.24.0-255,1484,59001,14,77641
1764,0.00214,74.125.24.0-255,2902,61903,14,77641
1765,0.002144,172.31.36.0-255,66,61969,14,77641
1766,0.002149,74.125.24.0-255,2902,64871,14,77641
1767,0.002151,172.31.36.0-255,66,64937,14,77641
1768,0.002167,74.125.24.0-255,2902,67839,14,77641
1769,0.002169,172.31.36.0-255,66,67905,14,77641
1770,0.002172,74.125.24.0-255,1484,69389,14,77641
1771,0.002197,74.125.24.0-255,1484,70873,14,77641
1772,0.0022,74.125.24.0-255,1484,72357,14,77641
1773,0.002261,74.125.24.0-255,1484,73841,14,77641
1774,0.002265,74.125.24.0-255,2902,76743,14,77641
1775,0.002268,74.125.24.0-255,766,77509,14,77641
1776,0.007196,172.31.36.0-255,66,77575,14,77641
1777,0.009459,172.31.36.0-255,66,77641,14,77641
1778,0.0,74.125.24.0-255,153,153,14,155873
1779,2.4e-05,172.31.36.0-255,66,219,14,155873
1780,3.1e-05,74.125.24.0-255,1484,1703,14,155873
1781,3.5e-05,172.31.36.0-255,66,1769,14,155873
1782,4.1e-05,74.125.24.0-255,2902,4671,14,155873
1783,5.5e-05,172.31.36.0-255,66,4737,14,155873
1784,6.6e-05,172.31.36.0-255,66,4803,14,155873
1785,8.5e-05,74.125.24.0-255,1484,6287,14,155873
1786,8.8e-05,172.31.36.0-255,66,6353,14,155873
1787,0.000133,172.31.36.0-255,66,6419,14,155873
1788,0.000136,74.125.24.0-255,1484,7903,14,155873
1789,0.000138,172.31.36.0-255,66,7969,14,155873
1790,0.000148,172.31.36.0-255,66,8035,14,155873
1791,0.000173,74.125.24.0-255,1484,9519,14,155873
1792,0.000175,172.31.36.0-255,66,9585,14,155873
1793,0.000179,74.125.24.0-255,1484,11069,14,155873
1794,0.000181,172.31.36.0-255,66,11135,14,155873
1795,0.000207,74.125.24.0-255,1484,12619,14,155873
1796,0.000209,172.31.36.0-255,66,12685,14,155873
1797,0.000214,74.125.24.0-255,2902,15587,14,155873
1798,0.000216,172.31.36.0-255,66,15653,14,155873
1799,0.000242,74.125.24.0-255,2902,18555,14,155873
1800,0.000245,172.31.36.0-255,66,18621,14,155873
1801,0.00026,172.31.36.0-255,66,18687,14,155873
1802,0.000271,172.31.36.0-255,66,18753,14,155873
1803,0.000295,74.125.24.0-255,1484,20237,14,155873
1804,0.000297,172.31.36.0-255,66,20303,14,155873
1805,0.000302,74.125.24.0-255,2516,22819,14,155873
1806,0.000331,172.31.36.0-255,66,22885,14,155873
1807,0.000374,74.125.24.0-255,108,22993,14,155873
1808,0.000579,74.125.24.0-255,1484,24477,14,155873
1809,0.000587,74.125.24.0-255,2902,27379,14,155873
1810,0.000618,172.31.36.0-255,66,27445,14,155873
1811,0.000628,172.31.36.0-255,66,27511,14,155873
1812,0.000697,74.125.24.0-255,2451,29962,14,155873
1813,0.000701,172.31.36.0-255,66,30028,14,155873
1814,0.000705,172.31.36.0-255,66,30094,14,155873
1815,0.00107,74.125.24.0-255,1484,31578,14,155873
1816,0.001095,74.125.24.0-255,2902,34480,14,155873
1817,0.001099,172.31.36.0-255,66,34546,14,155873
1818,0.001153,74.125.24.0-255,4320,38866,14,155873
1819,0.001163,74.125.24.0-255,1484,40350,14,155873
1820,0.001172,172.31.36.0-255,66,40416,14,155873
1821,0.001216,74.125.24.0-255,3602,44018,14,155873
1822,0.001222,172.31.36.0-255,66,44084,14,155873
1823,0.002607,74.125.24.0-255,1484,45568,14,155873
1824,0.002621,74.125.24.0-255,2902,48470,14,155873
1825,0.002627,172.31.36.0-255,66,48536,14,155873
1826,0.002936,74.125.24.0-255,1484,50020,14,155873
1827,0.002942,74.125.24.0-255,2902,52922,14,155873
1828,0.002945,74.125.24.0-255,1484,54406,14,155873
1829,0.002968,74.125.24.0-255,4320,58726,14,155873
1830,0.003034,74.125.24.0-255,2184,60910,14,155873
1831,0.003094,74.125.24.0-255,1484,62394,14,155873
1832,0.003113,74.125.24.0-255,2902,65296,14,155873
1833,0.003118,74.125.24.0-255,2902,68198,14,155873
1834,0.003132,74.125.24.0-255,2902,71100,14,155873
1835,0.00315,74.125.24.0-255,4320,75420,14,155873
1836,0.003177,74.125.24.0-255,2902,78322,14,155873
1837,0.003203,74.125.24.0-255,1484,79806,14,155873
1838,0.003247,74.125.24.0-255,1484,81290,14,155873
1839,0.003259,74.125.24.0-255,1484,82774,14,155873
1840,0.003278,74.125.24.0-255,3602,86376,14,155873
1841,0.003336,74.125.24.0-255,1484,87860,14,155873
1842,0.003354,74.125.24.0-255,2902,90762,14,155873
1843,0.00336,74.125.24.0-255,4320,95082,14,155873
1844,0.003374,74.125.24.0-255,1484,96566,14,155873
1845,0.003426,74.125.24.0-255,4320,100886,14,155873
1846,0.003501,74.125.24.0-255,1484,102370,14,155873
1847,0.003504,74.125.24.0-255,1484,103854,14,155873
1848,0.003522,74.125.24.0-255,1484,105338,14,155873
1849,0.003533,74.125.24.0-255,2902,108240,14,155873
1850,0.003568,74.125.24.0-255,1484,109724,14,155873
1851,0.003574,74.125.24.0-255,4320,114044,14,155873
1852,0.003609,74.125.24.0-255,766,114810,14,155873
1853,0.003635,74.125.24.0-255,1484,116294,14,155873
1854,0.003653,74.125.24.0-255,4320,120614,14,155873
1855,0.003655,74.125.24.0-255,1484,122098,14,155873
1856,0.003672,74.125.24.0-255,2902,125000,14,155873
1857,0.00369,74.125.24.0-255,2902,127902,14,155873
1858,0.003707,74.125.24.0-255,2902,130804,14,155873
1859,0.003713,74.125.24.0-255,4320,135124,14,155873
1860,0.004219,74.125.24.0-255,1484,136608,14,155873
1861,0.004244,74.125.24.0-255,1484,138092,14,155873
1862,0.004258,74.125.24.0-255,1484,139576,14,155873
1863,0.004297,74.125.24.0-255,1484,141060,14,155873
1864,0.004314,74.125.24.0-255,2902,143962,14,155873
1865,0.004316,74.125.24.0-255,1484,145446,14,155873
1866,0.004331,74.125.24.0-255,2902,148348,14,155873
1867,0.004361,74.125.24.0-255,1484,149832,14,155873
1868,0.004374,74.125.24.0-255,2902,152734,14,155873
1869,0.004385,74.125.24.0-255,1484,154218,14,155873
1870,0.004389,74.125.24.0-255,1484,155702,14,155873
1871,0.004422,74.125.24.0-255,105,155807,14,155873
1872,0.007297,172.31.36.0-255,66,155873,14,155873
1873,0.0,74.125.24.0-255,153,153,14,20838
1874,2.3e-05,172.31.36.0-255,66,219,14,20838
1875,3.1e-05,74.125.24.0-255,1484,1703,14,20838
1876,3.7e-05,172.31.36.0-255,66,1769,14,20838
1877,4.2e-05,74.125.24.0-255,2902,4671,14,20838
1878,5.4e-05,172.31.36.0-255,66,4737,14,20838
1879,6.6e-05,172.31.36.0-255,66,4803,14,20838
1880,7.1e-05,74.125.24.0-255,2085,6888,14,20838
1881,7.3e-05,172.31.36.0-255,66,6954,14,20838
1882,0.000409,74.125.24.0-255,1484,8438,14,20838
1883,0.000415,172.31.36.0-255,66,8504,14,20838
1884,0.000422,74.125.24.0-255,2902,11406,14,20838
1885,0.000426,172.31.36.0-255,66,11472,14,20838
1886,0.00044,172.31.36.0-255,66,11538,14,20838
1887,0.000472,172.31.36.0-255,66,11604,14,20838
1888,0.0007,74.125.24.0-255,1484,13088,14,20838
1889,0.000705,172.31.36.0-255,66,13154,14,20838
1890,0.00071,74.125.24.0-255,2902,16056,14,20838
1891,0.000713,172.31.36.0-255,66,16122,14,20838
1892,0.000724,74.125.24.0-255,4320,20442,14,20838
1893,0.000726,172.31.36.0-255,66,20508,14,20838
1894,0.000776,172.31.36.0-255,66,20574,14,20838
1895,0.002876,172.31.36.0-255,66,20640,14,20838
1896,0.004882,172.31.36.0-255,66,20706,14,20838
1897,0.006886,172.31.36.0-255,66,20772,14,20838
1898,0.008961,172.31.36.0-255,66,20838,14,20838
1899,0.0,74.125.24.0-255,296,296,14,128011
1900,2.5e-05,172.31.36.0-255,66,362,14,128011
1901,3.3e-05,74.125.24.0-255,1484,1846,14,128011
1902,3.7e-05,172.31.36.0-255,66,1912,14,128011
1903,4.3e-05,74.125.24.0-255,4320,6232,14,128011
1904,4.6e-05,172.31.36.0-255,66,6298,14,128011
1905,5.9e-05,172.31.36.0-255,66,6364,14,128011
1906,0.000102,74.125.24.0-255,1484,7848,14,128011
1907,0.000106,172.31.36.0-255,66,7914,14,128011
1908,0.000111,74.125.24.0-255,2902,10816,14,128011
1909,0.000114,172.31.36.0-255,66,10882,14,128011
1910,0.000144,172.31.36.0-255,66,10948,14,128011
1911,0.000153,172.31.36.0-255,66,11014,14,128011
1912,0.000306,74.125.24.0-255,1484,12498,14,128011
1913,0.000311,172.31.36.0-255,66,12564,14,128011
1914,0.000334,74.125.24.0-255,2902,15466,14,128011
1915,0.000338,172.31.36.0-255,66,15532,14,128011
1916,0.000347,172.31.36.0-255,66,15598,14,128011
1917,0.000369,74.125.24.0-255,4320,19918,14,128011
1918,0.000373,172.31.36.0-255,66,19984,14,128011
1919,0.000401,172.31.36.0-255,66,20050,14,128011
1920,0.000413,172.31.36.0-255,66,20116,14,128011
1921,0.000433,74.125.24.0-255,2543,22659,14,128011
1922,0.000436,172.31.36.0-255,66,22725,14,128011
1923,0.000459,74.125.24.0-255,401,23126,14,128011
1924,0.000463,172.31.36.0-255,66,23192,14,128011
1925,0.00051,74.125.24.0-255,342,23534,14,128011
1926,0.000638,74.125.24.0-255,1484,25018,14,128011
1927,0.000644,172.31.36.0-255,66,25084,14,128011
1928,0.00065,74.125.24.0-255,2902,27986,14,128011
1929,0.000652,172.31.36.0-255,66,28052,14,128011
1930,0.000684,172.31.36.0-255,66,28118,14,128011
1931,0.000687,74.125.24.0-255,1484,29602,14,128011
1932,0.000714,172.31.36.0-255,66,29668,14,128011
1933,0.000739,74.125.24.0-255,2543,32211,14,128011
1934,0.000743,172.31.36.0-255,66,32277,14,128011
1935,0.000774,172.31.36.0-255,66,32343,14,128011
1936,0.000905,74.125.24.0-255,1484,33827,14,128011
1937,0.000912,74.125.24.0-255,2902,36729,14,128011
1938,0.000917,172.31.36.0-255,66,36795,14,128011
1939,0.000921,74.125.24.0-255,1484,38279,14,128011
1940,0.000939,74.125.24.0-255,4320,42599,14,128011
1941,0.000943,172.31.36.0-255,66,42665,14,128011
1942,0.000985,172.31.36.0-255,66,42731,14,128011
1943,0.001014,172.31.36.0-255,66,42797,14,128011
1944,0.001037,74.125.24.0-255,3602,46399,14,128011
1945,0.001041,172.31.36.0-255,66,46465,14,128011
1946,0.001092,172.31.36.0-255,66,46531,14,128011
1947,0.001102,172.31.36.0-255,66,46597,14,128011
1948,0.001116,172.31.36.0-255,66,46663,14,128011
1949,0.001141,74.125.24.0-255,1484,48147,14,128011
1950,0.001151,172.31.36.0-255,66,48213,14,128011
1951,0.001154,74.125.24.0-255,1484,49697,14,128011
1952,0.001208,74.125.24.0-255,2902,52599,14,128011
1953,0.001213,172.31.36.0-255,66,52665,14,128011
1954,0.001222,172.31.36.0-255,66,52731,14,128011
1955,0.001227,74.125.24.0-255,4320,57051,14,128011
1956,0.001229,172.31.36.0-255,66,57117,14,128011
1957,0.001234,74.125.24.0-255,4320,61437,14,128011
1958,0.001236,172.31.36.0-255,66,61503,14,128011
1959,0.001259,172.31.36.0-255,66,61569,14,128011
1960,0.001267,172.31.36.0-255,66,61635,14,128011
1961,0.001326,74.125.24.0-255,1484,63119,14,128011
1962,0.00135,74.125.24.0-255,2902,66021,14,128011
1963,0.001355,172.31.36.0-255,66,66087,14,128011
1964,0.001364,172.31.36.0-255,66,66153,14,128011
1965,0.001391,172.31.36.0-255,66,66219,14,128011
1966,0.001411,74.125.24.0-255,4320,70539,14,128011
1967,0.001414,172.31.36.0-255,66,70605,14,128011
1968,0.001427,74.125.24.0-255,4320,74925,14,128011
1969,0.00143,172.31.36.0-255,66,74991,14,128011
1970,0.001457,172.31.36.0-255,66,75057,14,128011
1971,0.001478,74.125.24.0-255,1484,76541,14,128011
1972,0.001483,74.125.24.0-255,2902,79443,14,128011
1973,0.001485,172.31.36.0-255,66,79509,14,128011
1974,0.001489,74.125.24.0-255,1484,80993,14,128011
1975,0.001508,74.125.24.0-255,4320,85313,14,128011
1976,0.00151,172.31.36.0-255,66,85379,14,128011
1977,0.001537,172.31.36.0-255,66,85445,14,128011
1978,0.001548,74.125.24.0-255,4320,89765,14,128011
1979,0.00155,172.31.36.0-255,66,89831,14,128011
1980,0.00157,172.31.36.0-255,66,89897,14,128011
1981,0.001578,172.31.36.0-255,66,89963,14,128011
1982,0.001622,74.125.24.0-255,1484,91447,14,128011
1983,0.001655,74.125.24.0-255,2902,94349,14,128011
1984,0.00166,172.31.36.0-255,66,94415,14,128011
1985,0.001682,74.125.24.0-255,4320,98735,14,128011
1986,0.001686,172.31.36.0-255,66,98801,14,128011
1987,0.001695,172.31.36.0-255,66,98867,14,128011
1988,0.00172,74.125.24.0-255,1484,100351,14,128011
1989,0.001732,172.31.36.0-255,66,100417,14,128011
1990,0.001751,74.125.24.0-255,1484,101901,14,128011
1991,0.00177,172.31.36.0-255,66,101967,14,128011
1992,0.001797,172.31.36.0-255,66,102033,14,128011
1993,0.001806,172.31.36.0-255,66,102099,14,128011
1994,0.001821,172.31.36.0-255,66,102165,14,128011
1995,0.001844,74.125.24.0-255,3602,105767,14,128011
1996,0.001848,172.31.36.0-255,66,105833,14,128011
1997,0.001867,74.125.24.0-255,1484,107317,14,128011
1998,0.00188,74.125.24.0-255,1484,108801,14,128011
1999,0.001884,172.31.36.0-255,66,108867,14,128011
2000,0.001902,74.125.24.0-255,1484,110351,14,128011
2001,0.001911,172.31.36.0-255,66,110417,14,128011
2002,0.001928,74.125.24.0-255,4320,114737,14,128011
2003,0.001931,172.31.36.0-255,66,114803,14,128011
2004,0.002004,172.31.36.0-255,66,114869,14,128011
2005,0.002012,172.31.36.0-255,66,114935,14,128011
2006,0.002015,74.125.24.0-255,1484,116419,14,128011
2007,0.002037,74.125.24.0-255,2902,119321,14,128011
2008,0.00204,172.31.36.0-255,66,119387,14,128011
2009,0.002049,172.31.36.0-255,66,119453,14,128011
2010,0.002052,74.125.24.0-255,1484,120937,14,128011
2011,0.002086,172.31.36.0-255,66,121003,14,128011
2012,0.002107,74.125.24.0-255,4320,125323,14,128011
2013,0.002111,172.31.36.0-255,66,125389,14,128011
2014,0.002115,74.125.24.0-255,2280,127669,14,128011
2015,0.002117,172.31.36.0-255,66,127735,14,128011
2016,0.002134,74.125.24.0-255,105,127840,14,128011
2017,0.009447,172.31.36.0-255,66,127906,14,128011
2018,0.009495,172.31.36.0-255,105,128011,14,128011
2019,0.0,74.125.130.0-255,152,152,14,174639
2020,3.4e-05,172.31.36.0-255,66,218,14,174639
2021,4.2e-05,74.125.130.0-255,1484,1702,14,174639
2022,4.6e-05,172.31.36.0-255,66,1768,14,174639
2023,5.1e-05,74.125.130.0-255,2902,4670,14,174639
2024,5.4e-05,172.31.36.0-255,66,4736,14,174639
2025,5.7e-05,74.125.130.0-255,1484,6220,14,174639
2026,6e-05,172.31.36.0-255,66,6286,14,174639
2027,6.5e-05,74.125.130.0-255,2902,9188,14,174639
2028,6.7e-05,172.31.36.0-255,66,9254,14,174639
2029,9.6e-05,74.125.130.0-255,2902,12156,14,174639
2030,9.8e-05,172.31.36.0-255,66,12222,14,174639
2031,0.000112,74.125.130.0-255,2073,14295,14,174639
2032,0.000114,172.31.36.0-255,66,14361,14,174639
2033,0.000129,74.125.130.0-255,2902,17263,14,174639
2034,0.000132,172.31.36.0-255,66,17329,14,174639
2035,0.000151,74.125.130.0-255,2902,20231,14,174639
2036,0.000154,172.31.36.0-255,66,20297,14,174639
2037,0.000159,74.125.130.0-255,4320,24617,14,174639
2038,0.000161,172.31.36.0-255,66,24683,14,174639
2039,0.000169,172.31.36.0-255,66,24749,14,174639
2040,0.000188,74.125.130.0-255,1125,25874,14,174639
2041,0.000191,172.31.36.0-255,66,25940,14,174639
2042,0.000339,74.125.130.0-255,1484,27424,14,174639
2043,0.000344,172.31.36.0-255,66,27490,14,174639
2044,0.000348,74.125.130.0-255,1484,28974,14,174639
2045,0.000351,172.31.36.0-255,66,29040,14,174639
2046,0.000366,74.125.130.0-255,1484,30524,14,174639
2047,0.000368,172.31.36.0-255,66,30590,14,174639
2048,0.000373,74.125.130.0-255,2902,33492,14,174639
2049,0.000376,172.31.36.0-255,66,33558,14,174639
2050,0.000402,74.125.130.0-255,2902,36460,14,174639
2051,0.000405,172.31.36.0-255,66,36526,14,174639
2052,0.000411,74.125.130.0-255,4320,40846,14,174639
2053,0.000413,172.31.36.0-255,66,40912,14,174639
2054,0.000416,74.125.130.0-255,1484,42396,14,174639
2055,0.000434,74.125.130.0-255,3961,46357,14,174639
2056,0.000438,172.31.36.0-255,66,46423,14,174639
2057,0.000452,74.125.130.0-255,1484,47907,14,174639
2058,0.000488,172.31.36.0-255,66,47973,14,174639
2059,0.000498,74.125.130.0-255,2543,50516,14,174639
2060,0.0005,172.31.36.0-255,66,50582,14,174639
2061,0.000539,74.125.130.0-255,340,50922,14,174639
2062,0.000778,74.125.130.0-255,1484,52406,14,174639
2063,0.000782,172.31.36.0-255,66,52472,14,174639
2064,0.000803,74.125.130.0-255,2902,55374,14,174639
2065,0.000806,172.31.36.0-255,66,55440,14,174639
2066,0.000828,74.125.130.0-255,4320,59760,14,174639
2067,0.000831,172.31.36.0-255,66,59826,14,174639
2068,0.000852,74.125.130.0-255,2902,62728,14,174639
2069,0.000854,172.31.36.0-255,66,62794,14,174639
2070,0.000887,172.31.36.0-255,66,62860,14,174639
2071,0.000896,172.31.36.0-255,66,62926,14,174639
2072,0.000924,74.125.130.0-255,4320,67246,14,174639
2073,0.000927,172.31.36.0-255,66,67312,14,174639
2074,0.000934,172.31.36.0-255,66,67378,14,174639
2075,0.001146,74.125.130.0-255,1484,68862,14,174639
2076,0.001164,74.125.130.0-255,1484,70346,14,174639
2077,0.001167,172.31.36.0-255,66,70412,14,174639
2078,0.001172,74.125.130.0-255,2902,73314,14,174639
2079,0.001175,172.31.36.0-255,66,73380,14,174639
2080,0.001177,74.125.130.0-255,4320,77700,14,174639
2081,0.001179,172.31.36.0-255,66,77766,14,174639
2082,0.001201,74.125.130.0-255,1484,79250,14,174639
2083,0.001206,74.125.130.0-255,2902,82152,14,174639
2084,0.001208,172.31.36.0-255,66,82218,14,174639
2085,0.00125,74.125.130.0-255,1981,84199,14,174639
2086,0.001254,172.31.36.0-255,66,84265,14,174639
2087,0.001366,74.125.130.0-255,1484,85749,14,174639
2088,0.001389,74.125.130.0-255,2902,88651,14,174639
2089,0.001392,172.31.36.0-255,66,88717,14,174639
2090,0.001397,74.125.130.0-255,2902,91619,14,174639
2091,0.001399,172.31.36.0-255,66,91685,14,174639
2092,0.001421,74.125.130.0-255,4320,96005,14,174639
2093,0.001423,172.31.36.0-255,66,96071,14,174639
2094,0.001468,172.31.36.0-255,66,96137,14,174639
2095,0.001493,172.31.36.0-255,66,96203,14,174639
2096,0.001512,74.125.130.0-255,2902,99105,14,174639
2097,0.001515,172.31.36.0-255,66,99171,14,174639
2098,0.001518,74.125.130.0-255,1484,100655,14,174639
2099,0.001536,74.125.130.0-255,2902,103557,14,174639
2100,0.001539,172.31.36.0-255,66,103623,14,174639
2101,0.001556,74.125.130.0-255,2184,105807,14,174639
2102,0.00156,172.31.36.0-255,66,105873,14,174639
2103,0.00174,74.125.130.0-255,1484,107357,14,174639
2104,0.001756,74.125.130.0-255,2902,110259,14,174639
2105,0.00176,172.31.36.0-255,66,110325,14,174639
2106,0.001792,74.125.130.0-255,4320,114645,14,174639
2107,0.001795,172.31.36.0-255,66,114711,14,174639
2108,0.001826,74.125.130.0-255,2902,117613,14,174639
2109,0.001828,172.31.36.0-255,66,117679,14,174639
2110,0.001849,74.125.130.0-255,4320,121999,14,174639
2111,0.001852,172.31.36.0-255,66,122065,14,174639
2112,0.001855,74.125.130.0-255,1484,123549,14,174639
2113,0.001873,74.125.130.0-255,2902,126451,14,174639
2114,0.001875,172.31.36.0-255,66,126517,14,174639
2115,0.001895,74.125.130.0-255,4320,130837,14,174639
2116,0.001899,172.31.36.0-255,66,130903,14,174639
2117,0.001913,74.125.130.0-255,1484,132387,14,174639
2118,0.001919,74.125.130.0-255,2902,135289,14,174639
2119,0.001923,172.31.36.0-255,66,135355,14,174639
2120,0.001929,74.125.130.0-255,4320,139675,14,174639
2121,0.001931,172.31.36.0-255,66,139741,14,174639
2122,0.001946,74.125.130.0-255,766,140507,14,174639
2123,0.002085,74.125.130.0-255,1484,141991,14,174639
2124,0.002087,172.31.36.0-255,66,142057,14,174639
2125,0.002104,74.125.130.0-255,2902,144959,14,174639
2126,0.002107,172.31.36.0-255,66,145025,14,174639
2127,0.002129,74.125.130.0-255,1484,146509,14,174639
2128,0.002143,74.125.130.0-255,2902,149411,14,174639
2129,0.002145,172.31.36.0-255,66,149477,14,174639
2130,0.002165,74.125.130.0-255,4320,153797,14,174639
2131,0.002167,172.31.36.0-255,66,153863,14,174639
2132,0.002183,74.125.130.0-255,2902,156765,14,174639
2133,0.002185,172.31.36.0-255,66,156831,14,174639
2134,0.004311,74.125.130.0-255,2902,159733,14,174639
2135,0.004315,172.31.36.0-255,66,159799,14,174639
2136,0.004329,74.125.130.0-255,2902,162701,14,174639
2137,0.004331,172.31.36.0-255,66,162767,14,174639
2138,0.006456,74.125.130.0-255,2902,165669,14,174639
2139,0.006461,172.31.36.0-255,66,165735,14,174639
2140,0.006491,74.125.130.0-255,2902,168637,14,174639
2141,0.006494,172.31.36.0-255,66,168703,14,174639
2142,0.008604,74.125.130.0-255,2902,171605,14,174639
2143,0.008608,172.31.36.0-255,66,171671,14,174639
2144,0.008635,74.125.130.0-255,2902,174573,14,174639
2145,0.008639,172.31.36.0-255,66,174639,14,174639
2146,0.0,74.125.68.0-255,153,153,14,154547
2147,2.3e-05,172.31.36.0-255,66,219,14,154547
2148,3e-05,74.125.68.0-255,1484,1703,14,154547
2149,3.5e-05,172.31.36.0-255,66,1769,14,154547
2150,4.1e-05,74.125.68.0-255,2902,4671,14,154547
2151,4.6e-05,172.31.36.0-255,66,4737,14,154547
2152,4.9e-05,74.125.68.0-255,1484,6221,14,154547
2153,5.2e-05,172.31.36.0-255,66,6287,14,154547
2154,8.5e-05,172.31.36.0-255,66,6353,14,154547
2155,9.8e-05,172.31.36.0-255,66,6419,14,154547
2156,0.000107,172.31.36.0-255,66,6485,14,154547
2157,0.000129,74.125.68.0-255,1484,7969,14,154547
2158,0.000131,172.31.36.0-255,66,8035,14,154547
2159,0.00015,74.125.68.0-255,3961,11996,14,154547
2160,0.000152,172.31.36.0-255,66,12062,14,154547
2161,0.000216,74.125.68.0-255,1484,13546,14,154547
2162,0.00022,172.31.36.0-255,66,13612,14,154547
2163,0.000225,74.125.68.0-255,2902,16514,14,154547
2164,0.000228,172.31.36.0-255,66,16580,14,154547
2165,0.000248,172.31.36.0-255,66,16646,14,154547
2166,0.000252,74.125.68.0-255,2902,19548,14,154547
2167,0.000255,172.31.36.0-255,66,19614,14,154547
2168,0.000289,74.125.68.0-255,2902,22516,14,154547
2169,0.000292,172.31.36.0-255,66,22582,14,154547
2170,0.000321,172.31.36.0-255,66,22648,14,154547
2171,0.000327,74.125.68.0-255,4320,26968,14,154547
2172,0.000329,172.31.36.0-255,66,27034,14,154547
2173,0.000355,74.125.68.0-255,2902,29936,14,154547
2174,0.000358,172.31.36.0-255,66,30002,14,154547
2175,0.000376,74.125.68.0-255,2857,32859,14,154547
2176,0.000379,172.31.36.0-255,66,32925,14,154547
2177,0.000382,74.125.68.0-255,109,33034,14,154547
2178,0.000415,74.125.68.0-255,1484,34518,14,154547
2179,0.000419,172.31.36.0-255,66,34584,14,154547
2180,0.000424,74.125.68.0-255,2902,37486,14,154547
2181,0.000427,172.31.36.0-255,66,37552,14,154547
2182,0.000453,74.125.68.0-255,2902,40454,14,154547
2183,0.000456,172.31.36.0-255,66,40520,14,154547
2184,0.000477,74.125.68.0-255,4320,44840,14,154547
2185,0.00048,172.31.36.0-255,66,44906,14,154547
2186,0.000484,74.125.68.0-255,2902,47808,14,154547
2187,0.000486,172.31.36.0-255,66,47874,14,154547
2188,0.000497,172.31.36.0-255,66,47940,14,154547
2189,0.000516,74.125.68.0-255,4320,52260,14,154547
2190,0.000518,172.31.36.0-255,66,52326,14,154547
2191,0.000538,172.31.36.0-255,66,52392,14,154547
2192,0.000559,74.125.68.0-255,2184,54576,14,154547
2193,0.000561,172.31.36.0-255,66,54642,14,154547
2194,0.000576,74.125.68.0-255,1484,56126,14,154547
2195,0.000596,74.125.68.0-255,2902,59028,14,154547
2196,0.000599,172.31.36.0-255,66,59094,14,154547
2197,0.00062,172.31.36.0-255,66,59160,14,154547
2198,0.000636,172.31.36.0-255,66,59226,14,154547
2199,0.00066,74.125.68.0-255,1484,60710,14,154547
2200,0.000679,74.125.68.0-255,4320,65030,14,154547
2201,0.000681,172.31.36.0-255,66,65096,14,154547
2202,0.000711,172.31.36.0-255,66,65162,14,154547
2203,0.000716,74.125.68.0-255,1867,67029,14,154547
2204,0.000718,172.31.36.0-255,66,67095,14,154547
2205,0.000742,74.125.68.0-255,2902,69997,14,154547
2206,0.000745,172.31.36.0-255,66,70063,14,154547
2207,0.000765,74.125.68.0-255,4320,74383,14,154547
2208,0.000769,172.31.36.0-255,66,74449,14,154547
2209,0.000778,172.31.36.0-255,66,74515,14,154547
2210,0.000817,172.31.36.0-255,66,74581,14,154547
2211,0.000822,74.125.68.0-255,4320,78901,14,154547
2212,0.000825,172.31.36.0-255,66,78967,14,154547
2213,0.000879,172.31.36.0-255,66,79033,14,154547
2214,0.000902,172.31.36.0-255,66,79099,14,154547
2215,0.000914,74.125.68.0-255,1484,80583,14,154547
2216,0.000937,172.31.36.0-255,66,80649,14,154547
2217,0.00094,74.125.68.0-255,1484,82133,14,154547
2218,0.000965,172.31.36.0-255,66,82199,14,154547
2219,0.000971,74.125.68.0-255,4320,86519,14,154547
2220,0.000973,172.31.36.0-255,66,86585,14,154547
2221,0.000993,74.125.68.0-255,2902,89487,14,154547
2222,0.000996,172.31.36.0-255,66,89553,14,154547
2223,0.001,74.125.68.0-255,2902,92455,14,154547
2224,0.001002,172.31.36.0-255,66,92521,14,154547
2225,0.00102,172.31.36.0-255,66,92587,14,154547
2226,0.00103,172.31.36.0-255,66,92653,14,154547
2227,0.001073,172.31.36.0-255,66,92719,14,154547
2228,0.001293,74.125.68.0-255,1484,94203,14,154547
2229,0.001301,74.125.68.0-255,2902,97105,14,154547
2230,0.001304,172.31.36.0-255,66,97171,14,154547
2231,0.001324,74.125.68.0-255,2902,100073,14,154547
2232,0.001327,172.31.36.0-255,66,100139,14,154547
2233,0.001333,74.125.68.0-255,4320,104459,14,154547
2234,0.001335,172.31.36.0-255,66,104525,14,154547
2235,0.001358,172.31.36.0-255,66,104591,14,154547
2236,0.001384,172.31.36.0-255,66,104657,14,154547
2237,0.001434,172.31.36.0-255,66,104723,14,154547
2238,0.001505,74.125.68.0-255,1484,106207,14,154547
2239,0.001509,74.125.68.0-255,1484,107691,14,154547
2240,0.001512,172.31.36.0-255,66,107757,14,154547
2241,0.001528,74.125.68.0-255,2902,110659,14,154547
2242,0.00153,172.31.36.0-255,66,110725,14,154547
2243,0.001533,74.125.68.0-255,1484,112209,14,154547
2244,0.001557,74.125.68.0-255,4320,116529,14,154547
2245,0.00156,172.31.36.0-255,66,116595,14,154547
2246,0.001591,172.31.36.0-255,66,116661,14,154547
2247,0.001633,172.31.36.0-255,66,116727,14,154547
2248,0.001658,172.31.36.0-255,66,116793,14,154547
2249,0.001687,74.125.68.0-255,1484,118277,14,154547
2250,0.001691,74.125.68.0-255,1484,119761,14,154547
2251,0.001694,172.31.36.0-255,66,119827,14,154547
2252,0.001707,74.125.68.0-255,1484,121311,14,154547
2253,0.00171,74.125.68.0-255,1484,122795,14,154547
2254,0.001713,172.31.36.0-255,66,122861,14,154547
2255,0.001742,74.125.68.0-255,4320,127181,14,154547
2256,0.001745,172.31.36.0-255,66,127247,14,154547
2257,0.00175,74.125.68.0-255,2902,130149,14,154547
2258,0.001752,172.31.36.0-255,66,130215,14,154547
2259,0.001758,74.125.68.0-255,4320,134535,14,154547
2260,0.00176,172.31.36.0-255,66,134601,14,154547
2261,0.001771,172.31.36.0-255,66,134667,14,154547
2262,0.001776,74.125.68.0-255,4320,138987,14,154547
2263,0.00178,172.31.36.0-255,66,139053,14,154547
2264,0.001797,74.125.68.0-255,3602,142655,14,154547
2265,0.001799,172.31.36.0-255,66,142721,14,154547
2266,0.001834,172.31.36.0-255,66,142787,14,154547
2267,0.001838,74.125.68.0-255,2902,145689,14,154547
2268,0.001841,172.31.36.0-255,66,145755,14,154547
2269,0.001878,172.31.36.0-255,66,145821,14,154547
2270,0.001898,74.125.68.0-255,4320,150141,14,154547
2271,0.0019,172.31.36.0-255,66,150207,14,154547
2272,0.001913,172.31.36.0-255,66,150273,14,154547
2273,0.001951,74.125.68.0-255,2902,153175,14,154547
2274,0.001953,172.31.36.0-255,66,153241,14,154547
2275,0.001973,172.31.36.0-255,66,153307,14,154547
2276,0.001983,172.31.36.0-255,66,153373,14,154547
2277,0.002,172.31.36.0-255,66,153439,14,154547
2278,0.002002,74.125.68.0-255,766,154205,14,154547
2279,0.002044,172.31.36.0-255,66,154271,14,154547
2280,0.002074,74.125.68.0-255,105,154376,14,154547
2281,0.009795,172.31.36.0-255,66,154442,14,154547
2282,0.009835,172.31.36.0-255,105,154547,14,154547
2283,0.0,74.125.24.0-255,153,153,14,97280
2284,2.6e-05,74.125.24.0-255,1484,1637,14,97280
2285,3.4e-05,172.31.36.0-255,66,1703,14,97280
2286,4.1e-05,74.125.24.0-255,2902,4605,14,97280
2287,4.4e-05,172.31.36.0-255,66,4671,14,97280
2288,4.8e-05,74.125.24.0-255,1484,6155,14,97280
2289,7.7e-05,172.31.36.0-255,66,6221,14,97280
2290,0.000104,74.125.24.0-255,2001,8222,14,97280
2291,0.000106,172.31.36.0-255,66,8288,14,97280
2292,0.000194,74.125.24.0-255,1484,9772,14,97280
2293,0.0002,74.125.24.0-255,2902,12674,14,97280
2294,0.000204,172.31.36.0-255,66,12740,14,97280
2295,0.000208,74.125.24.0-255,1484,14224,14,97280
2296,0.000227,74.125.24.0-255,4320,18544,14,97280
2297,0.00023,172.31.36.0-255,66,18610,14,97280
2298,0.000258,74.125.24.0-255,1484,20094,14,97280
2299,0.00029,172.31.36.0-255,66,20160,14,97280
2300,0.000305,74.125.24.0-255,2902,23062,14,97280
2301,0.000309,172.31.36.0-255,66,23128,14,97280
2302,0.000353,172.31.36.0-255,66,23194,14,97280
2303,0.000364,172.31.36.0-255,66,23260,14,97280
2304,0.000366,74.125.24.0-255,398,23658,14,97280
2305,0.000519,74.125.24.0-255,112,23770,14,97280
2306,0.000745,74.125.24.0-255,1484,25254,14,97280
2307,0.00075,172.31.36.0-255,66,25320,14,97280
2308,0.000764,74.125.24.0-255,2902,28222,14,97280
2309,0.000767,172.31.36.0-255,66,28288,14,97280
2310,0.000771,74.125.24.0-255,2902,31190,14,97280
2311,0.000775,172.31.36.0-255,66,31256,14,97280
2312,0.000796,74.125.24.0-255,2902,34158,14,97280
2313,0.000799,172.31.36.0-255,66,34224,14,97280
2314,0.000811,172.31.36.0-255,66,34290,14,97280
2315,0.000827,74.125.24.0-255,2902,37192,14,97280
2316,0.000831,172.31.36.0-255,66,37258,14,97280
2317,0.000843,172.31.36.0-255,66,37324,14,97280
2318,0.001554,74.125.24.0-255,1484,38808,14,97280
2319,0.001564,74.125.24.0-255,2902,41710,14,97280
2320,0.001569,172.31.36.0-255,66,41776,14,97280
2321,0.001578,172.31.36.0-255,66,41842,14,97280
2322,0.001584,74.125.24.0-255,4320,46162,14,97280
2323,0.001586,172.31.36.0-255,66,46228,14,97280
2324,0.001612,74.125.24.0-255,2902,49130,14,97280
2325,0.001616,172.31.36.0-255,66,49196,14,97280
2326,0.001629,172.31.36.0-255,66,49262,14,97280
2327,0.001633,74.125.24.0-255,2184,51446,14,97280
2328,0.001635,172.31.36.0-255,66,51512,14,97280
2329,0.001654,74.125.24.0-255,1484,52996,14,97280
2330,0.001674,74.125.24.0-255,1484,54480,14,97280
2331,0.001677,172.31.36.0-255,66,54546,14,97280
2332,0.001686,172.31.36.0-255,66,54612,14,97280
2333,0.001694,172.31.36.0-255,66,54678,14,97280
2334,0.001706,74.125.24.0-255,1484,56162,14,97280
2335,0.001727,172.31.36.0-255,66,56228,14,97280
2336,0.001742,74.125.24.0-255,1484,57712,14,97280
2337,0.00177,74.125.24.0-255,4320,62032,14,97280
2338,0.001773,172.31.36.0-255,66,62098,14,97280
2339,0.00181,172.31.36.0-255,66,62164,14,97280
2340,0.001821,74.125.24.0-255,2902,65066,14,97280
2341,0.001823,172.31.36.0-255,66,65132,14,97280
2342,0.001858,172.31.36.0-255,66,65198,14,97280
2343,0.001861,74.125.24.0-255,1484,66682,14,97280
2344,0.001866,74.125.24.0-255,2902,69584,14,97280
2345,0.001867,172.31.36.0-255,66,69650,14,97280
2346,0.001875,172.31.36.0-255,66,69716,14,97280
2347,0.001907,172.31.36.0-255,66,69782,14,97280
2348,0.001917,172.31.36.0-255,66,69848,14,97280
2349,0.001933,74.125.24.0-255,3602,73450,14,97280
2350,0.001934,172.31.36.0-255,66,73516,14,97280
2351,0.002059,74.125.24.0-255,1484,75000,14,97280
2352,0.002064,74.125.24.0-255,2902,77902,14,97280
2353,0.002067,172.31.36.0-255,66,77968,14,97280
2354,0.00207,74.125.24.0-255,1484,79452,14,97280
2355,0.002089,74.125.24.0-255,4320,83772,14,97280
2356,0.002091,172.31.36.0-255,66,83838,14,97280
2357,0.002188,172.31.36.0-255,66,83904,14,97280
2358,0.002202,74.125.24.0-255,2902,86806,14,97280
2359,0.002205,172.31.36.0-255,66,86872,14,97280
2360,0.002218,172.31.36.0-255,66,86938,14,97280
2361,0.002238,172.31.36.0-255,66,87004,14,97280
2362,0.002249,172.31.36.0-255,66,87070,14,97280
2363,0.002275,172.31.36.0-255,66,87136,14,97280
2364,0.002287,172.31.36.0-255,66,87202,14,97280
2365,0.002316,74.125.24.0-255,3602,90804,14,97280
2366,0.002319,172.31.36.0-255,66,90870,14,97280
2367,0.002334,172.31.36.0-255,66,90936,14,97280
2368,0.002347,74.125.24.0-255,1484,92420,14,97280
2369,0.002361,74.125.24.0-255,4320,96740,14,97280
2370,0.002364,172.31.36.0-255,66,96806,14,97280
2371,0.002396,172.31.36.0-255,66,96872,14,97280
2372,0.002431,172.31.36.0-255,66,96938,14,97280
2373,0.002459,172.31.36.0-255,66,97004,14,97280
2374,0.002462,74.125.24.0-255,105,97109,14,97280
2375,0.004694,172.31.36.0-255,105,97214,14,97280
2376,0.006982,74.125.24.0-255,66,97280,14,97280
2377,0.0,172.217.160.0-255,153,153,14,70897
2378,2.8e-05,172.31.36.0-255,66,219,14,70897
2379,3.6e-05,172.217.160.0-255,1484,1703,14,70897
2380,4e-05,172.31.36.0-255,66,1769,14,70897
2381,4.5e-05,172.217.160.0-255,2902,4671,14,70897
2382,5.4e-05,172.31.36.0-255,66,4737,14,70897
2383,5.9e-05,172.217.160.0-255,2902,7639,14,70897
2384,6.2e-05,172.31.36.0-255,66,7705,14,70897
2385,7.2e-05,172.31.36.0-255,66,7771,14,70897
2386,0.00011,172.31.36.0-255,66,7837,14,70897
2387,0.000133,172.217.160.0-255,2543,10380,14,70897
2388,0.000136,172.31.36.0-255,66,10446,14,70897
2389,0.000151,172.217.160.0-255,1484,11930,14,70897
2390,0.000154,172.31.36.0-255,66,11996,14,70897
2391,0.000158,172.217.160.0-255,2902,14898,14,70897
2392,0.000159,172.31.36.0-255,66,14964,14,70897
2393,0.000164,172.217.160.0-255,2902,17866,14,70897
2394,0.000166,172.31.36.0-255,66,17932,14,70897
2395,0.000195,172.217.160.0-255,2902,20834,14,70897
2396,0.000198,172.31.36.0-255,66,20900,14,70897
2397,0.000211,172.31.36.0-255,66,20966,14,70897
2398,0.000224,172.31.36.0-255,66,21032,14,70897
2399,0.000268,172.217.160.0-255,1433,22465,14,70897
2400,0.000271,172.31.36.0-255,66,22531,14,70897
2401,0.000976,172.217.160.0-255,368,22899,14,70897
2402,0.000982,172.31.36.0-255,66,22965,14,70897
2403,0.001055,172.217.160.0-255,1484,24449,14,70897
2404,0.00106,172.31.36.0-255,66,24515,14,70897
2405,0.001065,172.217.160.0-255,2902,27417,14,70897
2406,0.001067,172.31.36.0-255,66,27483,14,70897
2407,0.001075,172.31.36.0-255,66,27549,14,70897
2408,0.001127,172.31.36.0-255,66,27615,14,70897
2409,0.001131,172.217.160.0-255,1484,29099,14,70897
2410,0.001132,172.31.36.0-255,66,29165,14,70897
2411,0.00117,172.31.36.0-255,66,29231,14,70897
2412,0.001337,172.217.160.0-255,1484,30715,14,70897
2413,0.001342,172.31.36.0-255,66,30781,14,70897
2414,0.001348,172.217.160.0-255,2902,33683,14,70897
2415,0.001368,172.217.160.0-255,4320,38003,14,70897
2416,0.001381,172.217.160.0-255,1484,39487,14,70897
2417,0.001401,172.31.36.0-255,66,39553,14,70897
2418,0.001411,172.217.160.0-255,1484,41037,14,70897
2419,0.001423,172.31.36.0-255,66,41103,14,70897
2420,0.001432,172.217.160.0-255,3602,44705,14,70897
2421,0.001457,172.217.160.0-255,1484,46189,14,70897
2422,0.001474,172.217.160.0-255,2902,49091,14,70897
2423,0.001494,172.31.36.0-255,66,49157,14,70897
2424,0.001521,172.31.36.0-255,66,49223,14,70897
2425,0.001561,172.217.160.0-255,4320,53543,14,70897
2426,0.001574,172.31.36.0-255,66,53609,14,70897
2427,0.001608,172.31.36.0-255,66,53675,14,70897
2428,0.001664,172.31.36.0-255,66,53741,14,70897
2429,0.00167,172.31.36.0-255,66,53807,14,70897
2430,0.001789,172.217.160.0-255,1484,55291,14,70897
2431,0.001804,172.217.160.0-255,2902,58193,14,70897
2432,0.001825,172.217.160.0-255,2902,61095,14,70897
2433,0.001837,172.217.160.0-255,4320,65415,14,70897
2434,0.001877,172.31.36.0-255,66,65481,14,70897
2435,0.001906,172.217.160.0-255,2902,68383,14,70897
2436,0.001912,172.217.160.0-255,2184,70567,14,70897
2437,0.001936,172.31.36.0-255,66,70633,14,70897
2438,0.003838,172.31.36.0-255,66,70699,14,70897
2439,0.005766,172.31.36.0-255,66,70765,14,70897
2440,0.007669,172.31.36.0-255,66,70831,14,70897
2441,0.0096,172.31.36.0-255,66,70897,14,70897
2442,0.0,74.125.24.0-255,146,146,14,132149
2443,2.2e-05,172.31.36.0-255,66,212,14,132149
2444,2.8e-05,74.125.24.0-255,1484,1696,14,132149
2445,3.2e-05,172.31.36.0-255,66,1762,14,132149
2446,5.2e-05,74.125.24.0-255,1484,3246,14,132149
2447,5.5e-05,172.31.36.0-255,66,3312,14,132149
2448,6.6e-05,74.125.24.0-255,4320,7632,14,132149
2449,6.9e-05,172.31.36.0-255,66,7698,14,132149
2450,9.5e-05,74.125.24.0-255,2902,10600,14,132149
2451,9.8e-05,172.31.36.0-255,66,10666,14,132149
2452,0.000129,74.125.24.0-255,3428,14094,14,132149
2453,0.000133,172.31.36.0-255,66,14160,14,132149
2454,0.00017,74.125.24.0-255,1484,15644,14,132149
2455,0.000173,172.31.36.0-255,66,15710,14,132149
2456,0.000177,74.125.24.0-255,1484,17194,14,132149
2457,0.000179,172.31.36.0-255,66,17260,14,132149
2458,0.000204,74.125.24.0-255,1484,18744,14,132149
2459,0.000207,172.31.36.0-255,66,18810,14,132149
2460,0.000217,74.125.24.0-255,4320,23130,14,132149
2461,0.00022,172.31.36.0-255,66,23196,14,132149
2462,0.000244,74.125.24.0-255,1484,24680,14,132149
2463,0.000247,172.31.36.0-255,66,24746,14,132149
2464,0.000281,172.31.36.0-255,66,24812,14,132149
2465,0.000356,74.125.24.0-255,1484,26296,14,132149
2466,0.00036,172.31.36.0-255,66,26362,14,132149
2467,0.000365,74.125.24.0-255,2902,29264,14,132149
2468,0.000367,172.31.36.0-255,66,29330,14,132149
2469,0.000404,172.31.36.0-255,66,29396,14,132149
2470,0.000414,172.31.36.0-255,66,29462,14,132149
2471,0.000454,74.125.24.0-255,2902,32364,14,132149
2472,0.000458,172.31.36.0-255,66,32430,14,132149
2473,0.000497,172.31.36.0-255,66,32496,14,132149
2474,0.000503,74.125.24.0-255,3961,36457,14,132149
2475,0.000505,172.31.36.0-255,66,36523,14,132149
2476,0.000568,74.125.24.0-255,414,36937,14,132149
2477,0.000704,74.125.24.0-255,328,37265,14,132149
2478,0.000801,172.31.36.0-255,66,37331,14,132149
2479,0.00128,74.125.24.0-255,1484,38815,14,132149
2480,0.00129,74.125.24.0-255,1484,40299,14,132149
2481,0.001294,172.31.36.0-255,66,40365,14,132149
2482,0.001324,74.125.24.0-255,1484,41849,14,132149
2483,0.001334,172.31.36.0-255,66,41915,14,132149
2484,0.001345,172.31.36.0-255,66,41981,14,132149
2485,0.001376,172.31.36.0-255,66,42047,14,132149
2486,0.001398,74.125.24.0-255,4320,46367,14,132149
2487,0.0014,172.31.36.0-255,66,46433,14,132149
2488,0.001404,74.125.24.0-255,766,47199,14,132149
2489,0.001654,74.125.24.0-255,1484,48683,14,132149
2490,0.001659,172.31.36.0-255,66,48749,14,132149
2491,0.001665,74.125.24.0-255,2902,51651,14,132149
2492,0.001667,172.31.36.0-255,66,51717,14,132149
2493,0.001671,74.125.24.0-255,2902,54619,14,132149
2494,0.001678,172.31.36.0-255,66,54685,14,132149
2495,0.001701,74.125.24.0-255,2902,57587,14,132149
2496,0.001703,172.31.36.0-255,66,57653,14,132149
2497,0.001716,172.31.36.0-255,66,57719,14,132149
2498,0.001775,172.31.36.0-255,66,57785,14,132149
2499,0.00191,74.125.24.0-255,1484,59269,14,132149
2500,0.001923,74.125.24.0-255,2902,62171,14,132149
2501,0.001926,172.31.36.0-255,66,62237,14,132149
2502,0.001935,172.31.36.0-255,66,62303,14,132149
2503,0.001959,172.31.36.0-255,66,62369,14,132149
2504,0.001993,172.31.36.0-255,66,62435,14,132149
2505,0.00201,172.31.36.0-255,66,62501,14,132149
2506,0.002192,74.125.24.0-255,1484,63985,14,132149
2507,0.002206,74.125.24.0-255,2902,66887,14,132149
2508,0.002209,172.31.36.0-255,66,66953,14,132149
2509,0.002237,172.31.36.0-255,66,67019,14,132149
2510,0.002242,74.125.24.0-255,4320,71339,14,132149
2511,0.002244,172.31.36.0-255,66,71405,14,132149
2512,0.002246,74.125.24.0-255,1484,72889,14,132149
2513,0.002286,172.31.36.0-255,66,72955,14,132149
2514,0.002289,74.125.24.0-255,1484,74439,14,132149
2515,0.002292,74.125.24.0-255,2184,76623,14,132149
2516,0.002295,172.31.36.0-255,66,76689,14,132149
2517,0.002337,74.125.24.0-255,1484,78173,14,132149
2518,0.002353,74.125.24.0-255,2902,81075,14,132149
2519,0.002356,172.31.36.0-255,66,81141,14,132149
2520,0.002361,74.125.24.0-255,4320,85461,14,132149
2521,0.002363,172.31.36.0-255,66,85527,14,132149
2522,0.00238,74.125.24.0-255,1484,87011,14,132149
2523,0.002385,74.125.24.0-255,4320,91331,14,132149
2524,0.002387,172.31.36.0-255,66,91397,14,132149
2525,0.002416,172.31.36.0-255,66,91463,14,132149
2526,0.002428,172.31.36.0-255,66,91529,14,132149
2527,0.00252,74.125.24.0-255,1484,93013,14,132149
2528,0.002524,74.125.24.0-255,2902,95915,14,132149
2529,0.002526,172.31.36.0-255,66,95981,14,132149
2530,0.002537,74.125.24.0-255,1484,97465,14,132149
2531,0.002543,74.125.24.0-255,1484,98949,14,132149
2532,0.002545,172.31.36.0-255,66,99015,14,132149
2533,0.002576,74.125.24.0-255,4320,103335,14,132149
2534,0.002579,172.31.36.0-255,66,103401,14,132149
2535,0.002623,172.31.36.0-255,66,103467,14,132149
2536,0.002635,172.31.36.0-255,66,103533,14,132149
2537,0.002639,74.125.24.0-255,3602,107135,14,132149
2538,0.002641,172.31.36.0-255,66,107201,14,132149
2539,0.002844,74.125.24.0-255,1484,108685,14,132149
2540,0.002848,74.125.24.0-255,1484,110169,14,132149
2541,0.002851,172.31.36.0-255,66,110235,14,132149
2542,0.002869,74.125.24.0-255,1484,111719,14,132149
2543,0.002878,172.31.36.0-255,66,111785,14,132149
2544,0.002917,172.31.36.0-255,66,111851,14,132149
2545,0.002961,172.31.36.0-255,66,111917,14,132149
2546,0.002984,74.125.24.0-255,2184,114101,14,132149
2547,0.002987,172.31.36.0-255,66,114167,14,132149
2548,0.003374,74.125.24.0-255,1484,115651,14,132149
2549,0.003427,74.125.24.0-255,2902,118553,14,132149
2550,0.003432,172.31.36.0-255,66,118619,14,132149
2551,0.003436,74.125.24.0-255,1484,120103,14,132149
2552,0.00344,74.125.24.0-255,2902,123005,14,132149
2553,0.003441,172.31.36.0-255,66,123071,14,132149
2554,0.003449,172.31.36.0-255,66,123137,14,132149
2555,0.003468,172.31.36.0-255,66,123203,14,132149
2556,0.003478,172.31.36.0-255,66,123269,14,132149
2557,0.003508,74.125.24.0-255,4320,127589,14,132149
2558,0.003511,172.31.36.0-255,66,127655,14,132149
2559,0.003544,172.31.36.0-255,66,127721,14,132149
2560,0.003582,172.31.36.0-255,66,127787,14,132149
2561,0.003617,172.31.36.0-255,66,127853,14,132149
2562,0.003627,172.31.36.0-255,66,127919,14,132149
2563,0.003656,74.125.24.0-255,1484,129403,14,132149
2564,0.003662,74.125.24.0-255,2338,131741,14,132149
2565,0.003666,172.31.36.0-255,66,131807,14,132149
2566,0.003669,74.125.24.0-255,105,131912,14,132149
2567,0.006151,172.31.36.0-255,66,131978,14,132149
2568,0.006176,172.31.36.0-255,105,132083,14,132149
2569,0.008131,74.125.24.0-255,66,132149,14,132149
2570,0.0,172.217.194.0-255,153,153,14,164978
2571,2.8e-05,172.217.194.0-255,1484,1637,14,164978
2572,3.6e-05,172.31.36.0-255,66,1703,14,164978
2573,4.4e-05,172.217.194.0-255,2902,4605,14,164978
2574,4.7e-05,172.31.36.0-255,66,4671,14,164978
2575,5e-05,172.217.194.0-255,1484,6155,14,164978
2576,7.7e-05,172.31.36.0-255,66,6221,14,164978
2577,9e-05,172.217.194.0-255,1484,7705,14,164978
2578,0.000119,172.31.36.0-255,66,7771,14,164978
2579,0.000153,172.217.194.0-255,1125,8896,14,164978
2580,0.000174,172.217.194.0-255,1484,10380,14,164978
2581,0.000177,172.31.36.0-255,66,10446,14,164978
2582,0.000182,172.217.194.0-255,2902,13348,14,164978
2583,0.000185,172.31.36.0-255,66,13414,14,164978
2584,0.000203,172.217.194.0-255,4320,17734,14,164978
2585,0.000205,172.31.36.0-255,66,17800,14,164978
2586,0.000226,172.217.194.0-255,1484,19284,14,164978
2587,0.000248,172.31.36.0-255,66,19350,14,164978
2588,0.000767,172.217.194.0-255,1484,20834,14,164978
2589,0.000805,172.217.194.0-255,2902,23736,14,164978
2590,0.00081,172.31.36.0-255,66,23802,14,164978
2591,0.000815,172.217.194.0-255,1484,25286,14,164978
2592,0.000824,172.31.36.0-255,66,25352,14,164978
2593,0.000865,172.31.36.0-255,66,25418,14,164978
2594,0.000882,172.31.36.0-255,66,25484,14,164978
2595,0.000898,172.217.194.0-255,1484,26968,14,164978
2596,0.000919,172.31.36.0-255,66,27034,14,164978
2597,0.000939,172.217.194.0-255,1125,28159,14,164978
2598,0.000943,172.217.194.0-255,645,28804,14,164978
2599,0.000948,172.31.36.0-255,66,28870,14,164978
2600,0.000989,172.217.194.0-255,1484,30354,14,164978
2601,0.001006,172.217.194.0-255,1484,31838,14,164978
2602,0.001008,172.31.36.0-255,66,31904,14,164978
2603,0.001013,172.217.194.0-255,2902,34806,14,164978
2604,0.001015,172.31.36.0-255,66,34872,14,164978
2605,0.001029,172.217.194.0-255,1484,36356,14,164978
2606,0.00107,172.31.36.0-255,66,36422,14,164978
2607,0.00109,172.217.194.0-255,3961,40383,14,164978
2608,0.001094,172.31.36.0-255,66,40449,14,164978
2609,0.001249,172.217.194.0-255,1484,41933,14,164978
2610,0.001257,172.217.194.0-255,2902,44835,14,164978
2611,0.001261,172.31.36.0-255,66,44901,14,164978
2612,0.001289,172.31.36.0-255,66,44967,14,164978
2613,0.001322,172.217.194.0-255,4320,49287,14,164978
2614,0.001325,172.31.36.0-255,66,49353,14,164978
2615,0.001361,172.217.194.0-255,1981,51334,14,164978
2616,0.001364,172.31.36.0-255,66,51400,14,164978
2617,0.0014,172.217.194.0-255,2902,54302,14,164978
2618,0.001403,172.31.36.0-255,66,54368,14,164978
2619,0.001428,172.31.36.0-255,66,54434,14,164978
2620,0.001437,172.31.36.0-255,66,54500,14,164978
2621,0.001481,172.31.36.0-255,66,54566,14,164978
2622,0.0015,172.217.194.0-255,2902,57468,14,164978
2623,0.001504,172.31.36.0-255,66,57534,14,164978
2624,0.001508,172.217.194.0-255,3602,61136,14,164978
2625,0.001511,172.31.36.0-255,66,61202,14,164978
2626,0.003008,172.217.194.0-255,1484,62686,14,164978
2627,0.003018,172.217.194.0-255,2902,65588,14,164978
2628,0.003023,172.31.36.0-255,66,65654,14,164978
2629,0.003029,172.217.194.0-255,2902,68556,14,164978
2630,0.003031,172.31.36.0-255,66,68622,14,164978
2631,0.003045,172.217.194.0-255,2902,71524,14,164978
2632,0.003047,172.31.36.0-255,66,71590,14,164978
2633,0.00305,172.217.194.0-255,1484,73074,14,164978
2634,0.003079,172.31.36.0-255,66,73140,14,164978
2635,0.003109,172.217.194.0-255,4320,77460,14,164978
2636,0.003111,172.31.36.0-255,66,77526,14,164978
2637,0.003136,172.31.36.0-255,66,77592,14,164978
2638,0.003819,172.217.194.0-255,1484,79076,14,164978
2639,0.003831,172.217.194.0-255,2902,81978,14,164978
2640,0.003832,172.31.36.0-255,66,82044,14,164978
2641,0.003837,172.217.194.0-255,2902,84946,14,164978
2642,0.003838,172.31.36.0-255,66,85012,14,164978
2643,0.003851,172.217.194.0-255,1484,86496,14,164978
2644,0.003866,172.217.194.0-255,4320,90816,14,164978
2645,0.003868,172.31.36.0-255,66,90882,14,164978
2646,0.00388,172.217.194.0-255,1484,92366,14,164978
2647,0.003883,172.217.194.0-255,1484,93850,14,164978
2648,0.003885,172.31.36.0-255,66,93916,14,164978
2649,0.003907,172.31.36.0-255,66,93982,14,164978
2650,0.00395,172.217.194.0-255,4320,98302,14,164978
2651,0.003953,172.31.36.0-255,66,98368,14,164978
2652,0.003967,172.217.194.0-255,2184,100552,14,164978
2653,0.003969,172.31.36.0-255,66,100618,14,164978
2654,0.004789,172.217.194.0-255,1484,102102,14,164978
2655,0.004796,172.217.194.0-255,2902,105004,14,164978
2656,0.004799,172.31.36.0-255,66,105070,14,164978
2657,0.004803,172.217.194.0-255,1484,106554,14,164978
2658,0.004822,172.217.194.0-255,4320,110874,14,164978
2659,0.004825,172.31.36.0-255,66,110940,14,164978
2660,0.004828,172.217.194.0-255,1484,112424,14,164978
2661,0.004846,172.217.194.0-255,4320,116744,14,164978
2662,0.004849,172.31.36.0-255,66,116810,14,164978
2663,0.004857,172.31.36.0-255,66,116876,14,164978
2664,0.004886,172.31.36.0-255,66,116942,14,164978
2665,0.004899,172.31.36.0-255,66,117008,14,164978
2666,0.005771,172.217.194.0-255,1484,118492,14,164978
2667,0.005779,172.217.194.0-255,2902,121394,14,164978
2668,0.005783,172.31.36.0-255,66,121460,14,164978
2669,0.005792,172.31.36.0-255,66,121526,14,164978
2670,0.005817,172.31.36.0-255,66,121592,14,164978
2671,0.005843,172.31.36.0-255,66,121658,14,164978
2672,0.005847,172.217.194.0-255,2902,124560,14,164978
2673,0.005849,172.31.36.0-255,66,124626,14,164978
2674,0.00587,172.217.194.0-255,2902,127528,14,164978
2675,0.005872,172.31.36.0-255,66,127594,14,164978
2676,0.00589,172.31.36.0-255,66,127660,14,164978
2677,0.005941,172.217.194.0-255,1484,129144,14,164978
2678,0.005944,172.217.194.0-255,1484,130628,14,164978
2679,0.005946,172.31.36.0-255,66,130694,14,164978
2680,0.005962,172.217.194.0-255,1484,132178,14,164978
2681,0.005967,172.217.194.0-255,4320,136498,14,164978
2682,0.005968,172.31.36.0-255,66,136564,14,164978
2683,0.005986,172.217.194.0-255,1484,138048,14,164978
2684,0.005994,172.31.36.0-255,66,138114,14,164978
2685,0.006011,172.217.194.0-255,2902,141016,14,164978
2686,0.006013,172.31.36.0-255,66,141082,14,164978
2687,0.006025,172.217.194.0-255,1484,142566,14,164978
2688,0.006044,172.31.36.0-255,66,142632,14,164978
2689,0.007156,172.217.194.0-255,1484,144116,14,164978
2690,0.007172,172.217.194.0-255,1484,145600,14,164978
2691,0.007174,172.31.36.0-255,66,145666,14,164978
2692,0.007193,172.217.194.0-255,1484,147150,14,164978
2693,0.007201,172.31.36.0-255,66,147216,14,164978
2694,0.007209,172.31.36.0-255,66,147282,14,164978
2695,0.007212,172.217.194.0-255,1484,148766,14,164978
2696,0.007262,172.217.194.0-255,1484,150250,14,164978
2697,0.007264,172.31.36.0-255,66,150316,14,164978
2698,0.007294,172.31.36.0-255,66,150382,14,164978
2699,0.007297,172.217.194.0-255,766,151148,14,164978
2700,0.007315,172.217.194.0-255,1484,152632,14,164978
2701,0.007316,172.31.36.0-255,66,152698,14,164978
2702,0.007348,172.217.194.0-255,4320,157018,14,164978
2703,0.007351,172.31.36.0-255,66,157084,14,164978
2704,0.007355,172.217.194.0-255,2902,159986,14,164978
2705,0.007356,172.31.36.0-255,66,160052,14,164978
2706,0.007369,172.217.194.0-255,1484,161536,14,164978
2707,0.007371,172.217.194.0-255,1484,163020,14,164978
2708,0.007373,172.31.36.0-255,66,163086,14,164978
2709,0.007406,172.31.36.0-255,66,163152,14,164978
2710,0.007408,172.217.194.0-255,1484,164636,14,164978
2711,0.007439,172.31.36.0-255,66,164702,14,164978
2712,0.007483,172.31.36.0-255,66,164768,14,164978
2713,0.007486,172.217.194.0-255,105,164873,14,164978
2714,0.00992,172.31.36.0-255,105,164978,14,164978
2715,0.0,172.217.27.0-255,152,152,14,43277
2716,2.9e-05,172.31.36.0-255,66,218,14,43277
2717,3.6e-05,172.217.27.0-255,1484,1702,14,43277
2718,4e-05,172.31.36.0-255,66,1768,14,43277
2719,4.5e-05,172.217.27.0-255,2902,4670,14,43277
2720,4.8e-05,172.31.36.0-255,66,4736,14,43277
2721,6.7e-05,172.31.36.0-255,66,4802,14,43277
2722,7.1e-05,172.217.27.0-255,2044,6846,14,43277
2723,7.4e-05,172.31.36.0-255,66,6912,14,43277
2724,0.000137,172.217.27.0-255,1484,8396,14,43277
2725,0.000141,172.31.36.0-255,66,8462,14,43277
2726,0.000146,172.217.27.0-255,2902,11364,14,43277
2727,0.000149,172.31.36.0-255,66,11430,14,43277
2728,0.000164,172.31.36.0-255,66,11496,14,43277
2729,0.000172,172.217.27.0-255,4320,15816,14,43277
2730,0.000175,172.31.36.0-255,66,15882,14,43277
2731,0.000222,172.217.27.0-255,2543,18425,14,43277
2732,0.000225,172.31.36.0-255,66,18491,14,43277
2733,0.000605,172.217.27.0-255,1484,19975,14,43277
2734,0.00061,172.31.36.0-255,66,20041,14,43277
2735,0.000617,172.217.27.0-255,1484,21525,14,43277
2736,0.000619,172.31.36.0-255,66,21591,14,43277
2737,0.000648,172.217.27.0-255,1484,23075,14,43277
2738,0.000651,172.31.36.0-255,66,23141,14,43277
2739,0.000657,172.217.27.0-255,4320,27461,14,43277
2740,0.000659,172.31.36.0-255,66,27527,14,43277
2741,0.000678,172.31.36.0-255,66,27593,14,43277
2742,0.000691,172.31.36.0-255,66,27659,14,43277
2743,0.000738,172.31.36.0-255,66,27725,14,43277
2744,0.002384,172.217.27.0-255,646,28371,14,43277
2745,0.002604,172.217.27.0-255,1484,29855,14,43277
2746,0.002608,172.31.36.0-255,66,29921,14,43277
2747,0.002614,172.217.27.0-255,2902,32823,14,43277
2748,0.002616,172.31.36.0-255,66,32889,14,43277
2749,0.004289,172.217.27.0-255,4320,37209,14,43277
2750,0.004293,172.31.36.0-255,66,37275,14,43277
2751,0.004315,172.217.27.0-255,1484,38759,14,43277
2752,0.005956,172.217.27.0-255,4320,43079,14,43277
2753,0.005962,172.31.36.0-255,66,43145,14,43277
2754,0.007654,172.31.36.0-255,66,43211,14,43277
2755,0.009408,172.31.36.0-255,66,43277,14,43277
2756,0.0,74.125.130.0-255,148,148,14,242596
2757,3e-05,172.31.36.0-255,66,214,14,242596
2758,3.8e-05,74.125.130.0-255,1484,1698,14,242596
2759,4.2e-05,172.31.36.0-255,66,1764,14,242596
2760,6.6e-05,74.125.130.0-255,1484,3248,14,242596
2761,6.8e-05,172.31.36.0-255,66,3314,14,242596
2762,7.4e-05,74.125.130.0-255,2902,6216,14,242596
2763,7.7e-05,172.31.36.0-255,66,6282,14,242596
2764,0.000107,74.125.130.0-255,4320,10602,14,242596
2765,0.00011,172.31.36.0-255,66,10668,14,242596
2766,0.000127,74.125.130.0-255,1484,12152,14,242596
2767,0.00013,172.31.36.0-255,66,12218,14,242596
2768,0.000133,74.125.130.0-255,1484,13702,14,242596
2769,0.000135,172.31.36.0-255,66,13768,14,242596
2770,0.000137,74.125.130.0-255,662,14430,14,242596
2771,0.00014,172.31.36.0-255,66,14496,14,242596
2772,0.000567,74.125.130.0-255,1484,15980,14,242596
2773,0.000573,172.31.36.0-255,66,16046,14,242596
2774,0.000583,74.125.130.0-255,2902,18948,14,242596
2775,0.000586,172.31.36.0-255,66,19014,14,242596
2776,0.000606,74.125.130.0-255,1484,20498,14,242596
2777,0.000609,172.31.36.0-255,66,20564,14,242596
2778,0.000629,74.125.130.0-255,4320,24884,14,242596
2779,0.000632,172.31.36.0-255,66,24950,14,242596
2780,0.000636,74.125.130.0-255,1484,26434,14,242596
2781,0.000637,172.31.36.0-255,66,26500,14,242596
2782,0.000642,74.125.130.0-255,2902,29402,14,242596
2783,0.000644,172.31.36.0-255,66,29468,14,242596
2784,0.000683,74.125.130.0-255,2543,32011,14,242596
2785,0.000688,172.31.36.0-255,66,32077,14,242596
2786,0.000835,74.125.130.0-255,1484,33561,14,242596
2787,0.000841,172.31.36.0-255,66,33627,14,242596
2788,0.000847,74.125.130.0-255,2902,36529,14,242596
2789,0.00085,172.31.36.0-255,66,36595,14,242596
2790,0.000855,74.125.130.0-255,2902,39497,14,242596
2791,0.000857,172.31.36.0-255,66,39563,14,242596
2792,0.000884,74.125.130.0-255,2902,42465,14,242596
2793,0.000887,172.31.36.0-255,66,42531,14,242596
2794,0.000893,74.125.130.0-255,4320,46851,14,242596
2795,0.000895,172.31.36.0-255,66,46917,14,242596
2796,0.000917,74.125.130.0-255,2543,49460,14,242596
2797,0.00092,172.31.36.0-255,66,49526,14,242596
2798,0.00093,172.31.36.0-255,66,49592,14,242596
2799,0.000938,172.31.36.0-255,66,49658,14,242596
2800,0.000979,74.125.130.0-255,1484,51142,14,242596
2801,0.000992,74.125.130.0-255,1484,52626,14,242596
2802,0.000995,172.31.36.0-255,66,52692,14,242596
2803,0.001007,74.125.130.0-255,1125,53817,14,242596
2804,0.001011,74.125.130.0-255,343,54160,14,242596
2805,0.001165,74.125.130.0-255,399,54559,14,242596
2806,0.001171,172.31.36.0-255,66,54625,14,242596
2807,0.001371,74.125.130.0-255,1484,56109,14,242596
2808,0.001384,74.125.130.0-255,1484,57593,14,242596
2809,0.001388,172.31.36.0-255,66,57659,14,242596
2810,0.001392,74.125.130.0-255,1484,59143,14,242596
2811,0.001405,74.125.130.0-255,1484,60627,14,242596
2812,0.001407,172.31.36.0-255,66,60693,14,242596
2813,0.001421,74.125.130.0-255,1484,62177,14,242596
2814,0.001436,74.125.130.0-255,4320,66497,14,242596
2815,0.001438,172.31.36.0-255,66,66563,14,242596
2816,0.001441,74.125.130.0-255,1484,68047,14,242596
2817,0.001461,74.125.130.0-255,1484,69531,14,242596
2818,0.001464,172.31.36.0-255,66,69597,14,242596
2819,0.001469,74.125.130.0-255,3961,73558,14,242596
2820,0.001471,172.31.36.0-255,66,73624,14,242596
2821,0.001488,74.125.130.0-255,1484,75108,14,242596
2822,0.001502,74.125.130.0-255,2902,78010,14,242596
2823,0.001504,172.31.36.0-255,66,78076,14,242596
2824,0.001536,74.125.130.0-255,4320,82396,14,242596
2825,0.001539,172.31.36.0-255,66,82462,14,242596
2826,0.001557,74.125.130.0-255,1484,83946,14,242596
2827,0.00156,74.125.130.0-255,1484,85430,14,242596
2828,0.001562,172.31.36.0-255,66,85496,14,242596
2829,0.001566,74.125.130.0-255,2902,88398,14,242596
2830,0.001568,172.31.36.0-255,66,88464,14,242596
2831,0.001584,74.125.130.0-255,1125,89589,14,242596
2832,0.001779,172.31.36.0-255,66,89655,14,242596
2833,0.002866,74.125.130.0-255,1484,91139,14,242596
2834,0.002876,74.125.130.0-255,2902,94041,14,242596
2835,0.002881,172.31.36.0-255,66,94107,14,242596
2836,0.002909,172.31.36.0-255,66,94173,14,242596
2837,0.002914,74.125.130.0-255,2902,97075,14,242596
2838,0.002916,172.31.36.0-255,66,97141,14,242596
2839,0.002921,74.125.130.0-255,4320,101461,14,242596
2840,0.002922,172.31.36.0-255,66,101527,14,242596
2841,0.002951,172.31.36.0-255,66,101593,14,242596
2842,0.002972,74.125.130.0-255,2902,104495,14,242596
2843,0.002974,172.31.36.0-255,66,104561,14,242596
2844,0.002979,74.125.130.0-255,4320,108881,14,242596
2845,0.002981,172.31.36.0-255,66,108947,14,242596
2846,0.002985,74.125.130.0-255,2902,111849,14,242596
2847,0.002987,172.31.36.0-255,66,111915,14,242596
2848,0.002989,74.125.130.0-255,766,112681,14,242596
2849,0.003199,74.125.130.0-255,1484,114165,14,242596
2850,0.003202,172.31.36.0-255,66,114231,14,242596
2851,0.003207,74.125.130.0-255,1484,115715,14,242596
2852,0.003223,74.125.130.0-255,1484,117199,14,242596
2853,0.003225,172.31.36.0-255,66,117265,14,242596
2854,0.003258,172.31.36.0-255,66,117331,14,242596
2855,0.003263,74.125.130.0-255,2902,120233,14,242596
2856,0.003264,172.31.36.0-255,66,120299,14,242596
2857,0.003267,74.125.130.0-255,1484,121783,14,242596
2858,0.00327,74.125.130.0-255,1484,123267,14,242596
2859,0.003271,172.31.36.0-255,66,123333,14,242596
2860,0.003277,74.125.130.0-255,2902,126235,14,242596
2861,0.003279,172.31.36.0-255,66,126301,14,242596
2862,0.003302,74.125.130.0-255,1484,127785,14,242596
2863,0.003306,74.125.130.0-255,2902,130687,14,242596
2864,0.003308,172.31.36.0-255,66,130753,14,242596
2865,0.003311,74.125.130.0-255,1484,132237,14,242596
2866,0.003325,74.125.130.0-255,2902,135139,14,242596
2867,0.003327,172.31.36.0-255,66,135205,14,242596
2868,0.003352,74.125.130.0-255,4320,139525,14,242596
2869,0.003355,172.31.36.0-255,66,139591,14,242596
2870,0.003359,74.125.130.0-255,2184,141775,14,242596
2871,0.00336,172.31.36.0-255,66,141841,14,242596
2872,0.003363,74.125.130.0-255,1484,143325,14,242596
2873,0.003365,74.125.130.0-255,1484,144809,14,242596
2874,0.003367,172.31.36.0-255,66,144875,14,242596
2875,0.003392,74.125.130.0-255,2902,147777,14,242596
2876,0.003394,172.31.36.0-255,66,147843,14,242596
2877,0.003419,172.31.36.0-255,66,147909,14,242596
2878,0.003452,74.125.130.0-255,4320,152229,14,242596
2879,0.003455,172.31.36.0-255,66,152295,14,242596
2880,0.00347,74.125.130.0-255,2902,155197,14,242596
2881,0.003472,172.31.36.0-255,66,155263,14,242596
2882,0.003476,74.125.130.0-255,2902,158165,14,242596
2883,0.003478,172.31.36.0-255,66,158231,14,242596
2884,0.003483,74.125.130.0-255,4320,162551,14,242596
2885,0.003485,172.31.36.0-255,66,162617,14,242596
2886,0.003546,172.31.36.0-255,66,162683,14,242596
2887,0.003739,74.125.130.0-255,1484,164167,14,242596
2888,0.003744,74.125.130.0-255,2902,167069,14,242596
2889,0.003746,172.31.36.0-255,66,167135,14,242596
2890,0.003761,74.125.130.0-255,1484,168619,14,242596
2891,0.003773,74.125.130.0-255,2902,171521,14,242596
2892,0.003776,172.31.36.0-255,66,171587,14,242596
2893,0.003792,74.125.130.0-255,2902,174489,14,242596
2894,0.003794,172.31.36.0-255,66,174555,14,242596
2895,0.003807,74.125.130.0-255,2902,177457,14,242596
2896,0.00381,172.31.36.0-255,66,177523,14,242596
2897,0.003813,74.125.130.0-255,1484,179007,14,242596
2898,0.003816,74.125.130.0-255,2902,181909,14,242596
2899,0.003818,172.31.36.0-255,66,181975,14,242596
2900,0.003834,74.125.130.0-255,2902,184877,14,242596
2901,0.003836,172.31.36.0-255,66,184943,14,242596
2902,0.003839,74.125.130.0-255,1484,186427,14,242596
2903,0.003896,74.125.130.0-255,4320,190747,14,242596
2904,0.003899,172.31.36.0-255,66,190813,14,242596
2905,0.003921,74.125.130.0-255,2902,193715,14,242596
2906,0.003924,172.31.36.0-255,66,193781,14,242596
2907,0.003927,74.125.130.0-255,1484,195265,14,242596
2908,0.003931,74.125.130.0-255,2184,197449,14,242596
2909,0.003933,172.31.36.0-255,66,197515,14,242596
2910,0.004073,74.125.130.0-255,1484,198999,14,242596
2911,0.004078,74.125.130.0-255,1484,200483,14,242596
2912,0.00408,172.31.36.0-255,66,200549,14,242596
2913,0.004092,74.125.130.0-255,1484,202033,14,242596
2914,0.004094,74.125.130.0-255,1484,203517,14,242596
2915,0.004096,172.31.36.0-255,66,203583,14,242596
2916,0.004119,74.125.130.0-255,4320,207903,14,242596
2917,0.004121,172.31.36.0-255,66,207969,14,242596
2918,0.004129,172.31.36.0-255,66,208035,14,242596
2919,0.004152,172.31.36.0-255,66,208101,14,242596
2920,0.004228,172.31.36.0-255,66,208167,14,242596
2921,0.004243,74.125.130.0-255,3602,211769,14,242596
2922,0.004245,172.31.36.0-255,66,211835,14,242596
2923,0.004276,172.31.36.0-255,66,211901,14,242596
2924,0.004285,172.31.36.0-255,66,211967,14,242596
2925,0.004289,74.125.130.0-255,2902,214869,14,242596
2926,0.004291,172.31.36.0-255,66,214935,14,242596
2927,0.004328,172.31.36.0-255,66,215001,14,242596
2928,0.004338,172.31.36.0-255,66,215067,14,242596
2929,0.00435,74.125.130.0-255,2902,217969,14,242596
2930,0.004352,172.31.36.0-255,66,218035,14,242596
2931,0.004357,74.125.130.0-255,2902,220937,14,242596
2932,0.004358,172.31.36.0-255,66,221003,14,242596
2933,0.004393,172.31.36.0-255,66,221069,14,242596
2934,0.004402,172.31.36.0-255,66,221135,14,242596
2935,0.004455,74.125.130.0-255,2902,224037,14,242596
2936,0.004458,172.31.36.0-255,66,224103,14,242596
2937,0.004476,74.125.130.0-255,2184,226287,14,242596
2938,0.004478,172.31.36.0-255,66,226353,14,242596
2939,0.004481,74.125.130.0-255,1484,227837,14,242596
2940,0.004502,74.125.130.0-255,4320,232157,14,242596
2941,0.004504,172.31.36.0-255,66,232223,14,242596
2942,0.004514,172.31.36.0-255,66,232289,14,242596
2943,0.004519,74.125.130.0-255,2902,235191,14,242596
2944,0.004521,172.31.36.0-255,66,235257,14,242596
2945,0.004562,172.31.36.0-255,66,235323,14,242596
2946,0.004571,172.31.36.0-255,66,235389,14,242596
2947,0.00461,172.31.36.0-255,66,235455,14,242596
2948,0.004638,74.125.130.0-255,3602,239057,14,242596
2949,0.004641,172.31.36.0-255,66,239123,14,242596
2950,0.004646,74.125.130.0-255,2902,242025,14,242596
2951,0.004648,172.31.36.0-255,66,242091,14,242596
2952,0.004661,172.31.36.0-255,66,242157,14,242596
2953,0.004664,74.125.130.0-255,97,242254,14,242596
2954,0.004676,74.125.130.0-255,105,242359,14,242596
2955,0.006646,172.31.36.0-255,66,242425,14,242596
2956,0.006677,172.31.36.0-255,105,242530,14,242596
2957,0.009075,74.125.130.0-255,66,242596,14,242596
2958,0.0,172.217.194.0-255,146,146,14,111448
2959,2.3e-05,172.31.36.0-255,66,212,14,111448
2960,2.8e-05,172.217.194.0-255,1484,1696,14,111448
2961,3.2e-05,172.31.36.0-255,66,1762,14,111448
2962,4.7e-05,172.217.194.0-255,2902,4664,14,111448
2963,5e-05,172.31.36.0-255,66,4730,14,111448
2964,5.4e-05,172.217.194.0-255,2902,7632,14,111448
2965,5.6e-05,172.31.36.0-255,66,7698,14,111448
2966,7.4e-05,172.217.194.0-255,1484,9182,14,111448
2967,7.7e-05,172.31.36.0-255,66,9248,14,111448
2968,0.000121,172.31.36.0-255,66,9314,14,111448
2969,0.000153,172.217.194.0-255,2902,12216,14,111448
2970,0.000155,172.31.36.0-255,66,12282,14,111448
2971,0.000176,172.217.194.0-255,2902,15184,14,111448
2972,0.000179,172.31.36.0-255,66,15250,14,111448
2973,0.000188,172.31.36.0-255,66,15316,14,111448
2974,0.000216,172.217.194.0-255,3961,19277,14,111448
2975,0.000219,172.31.36.0-255,66,19343,14,111448
2976,0.000431,172.217.194.0-255,1484,20827,14,111448
2977,0.000436,172.31.36.0-255,66,20893,14,111448
2978,0.000442,172.217.194.0-255,2902,23795,14,111448
2979,0.000445,172.31.36.0-255,66,23861,14,111448
2980,0.00045,172.217.194.0-255,2902,26763,14,111448
2981,0.000452,172.31.36.0-255,66,26829,14,111448
2982,0.000469,172.217.194.0-255,2902,29731,14,111448
2983,0.000471,172.31.36.0-255,66,29797,14,111448
2984,0.000479,172.31.36.0-255,66,29863,14,111448
2985,0.000508,172.217.194.0-255,1125,30988,14,111448
2986,0.000511,172.31.36.0-255,66,31054,14,111448
2987,0.000859,172.217.194.0-255,1484,32538,14,111448
2988,0.000864,172.31.36.0-255,66,32604,14,111448
2989,0.000876,172.217.194.0-255,2902,35506,14,111448
2990,0.00088,172.31.36.0-255,66,35572,14,111448
2991,0.000889,172.31.36.0-255,66,35638,14,111448
2992,0.000939,172.31.36.0-255,66,35704,14,111448
2993,0.001806,172.217.194.0-255,1484,37188,14,111448
2994,0.001812,172.31.36.0-255,66,37254,14,111448
2995,0.001822,172.217.194.0-255,2902,40156,14,111448
2996,0.001824,172.31.36.0-255,66,40222,14,111448
2997,0.001833,172.31.36.0-255,66,40288,14,111448
2998,0.001868,172.31.36.0-255,66,40354,14,111448
2999,0.001871,172.217.194.0-255,1484,41838,14,111448
3000,0.001936,172.217.194.0-255,766,42604,14,111448
3001,0.001952,172.31.36.0-255,66,42670,14,111448
3002,0.002726,172.217.194.0-255,1484,44154,14,111448
3003,0.002731,172.31.36.0-255,66,44220,14,111448
3004,0.002739,172.217.194.0-255,2902,47122,14,111448
3005,0.002743,172.217.194.0-255,1484,48606,14,111448
3006,0.002768,172.217.194.0-255,4320,52926,14,111448
3007,0.002777,172.217.194.0-255,2902,55828,14,111448
3008,0.002787,172.31.36.0-255,66,55894,14,111448
3009,0.002814,172.217.194.0-255,1484,57378,14,111448
3010,0.002845,172.217.194.0-255,1484,58862,14,111448
3011,0.002869,172.217.194.0-255,4320,63182,14,111448
3012,0.002884,172.31.36.0-255,66,63248,14,111448
3013,0.002961,172.31.36.0-255,66,63314,14,111448
3014,0.003322,172.217.194.0-255,1484,64798,14,111448
3015,0.003325,172.217.194.0-255,1484,66282,14,111448
3016,0.003328,172.31.36.0-255,66,66348,14,111448
3017,0.003348,172.217.194.0-255,1484,67832,14,111448
3018,0.003361,172.31.36.0-255,66,67898,14,111448
3019,0.003388,172.31.36.0-255,66,67964,14,111448
3020,0.003406,172.31.36.0-255,66,68030,14,111448
3021,0.003477,172.217.194.0-255,1484,69514,14,111448
3022,0.003483,172.217.194.0-255,2902,72416,14,111448
3023,0.003487,172.217.194.0-255,2902,75318,14,111448
3024,0.003491,172.31.36.0-255,66,75384,14,111448
3025,0.003501,172.217.194.0-255,2902,78286,14,111448
3026,0.003504,172.217.194.0-255,1484,79770,14,111448
3027,0.003545,172.31.36.0-255,66,79836,14,111448
3028,0.003583,172.217.194.0-255,4320,84156,14,111448
3029,0.003587,172.31.36.0-255,66,84222,14,111448
3030,0.003612,172.31.36.0-255,66,84288,14,111448
3031,0.003674,172.217.194.0-255,1484,85772,14,111448
3032,0.003685,172.217.194.0-255,2902,88674,14,111448
3033,0.003689,172.217.194.0-255,2902,91576,14,111448
3034,0.003715,172.217.194.0-255,2902,94478,14,111448
3035,0.003736,172.217.194.0-255,4320,98798,14,111448
3036,0.003781,172.217.194.0-255,1484,100282,14,111448
3037,0.0038,172.217.194.0-255,3602,103884,14,111448
3038,0.003817,172.217.194.0-255,4320,108204,14,111448
3039,0.003845,172.217.194.0-255,2902,111106,14,111448
3040,0.004055,172.217.194.0-255,105,111211,14,111448
3041,0.004328,172.31.36.0-255,66,111277,14,111448
3042,0.005739,172.31.36.0-255,105,111382,14,111448
3043,0.008027,172.217.194.0-255,66,111448,14,111448
3044,0.0,172.217.194.0-255,147,147,14,89078
3045,2.5e-05,172.31.36.0-255,66,213,14,89078
3046,3.2e-05,172.217.194.0-255,1484,1697,14,89078
3047,3.7e-05,172.31.36.0-255,66,1763,14,89078
3048,5.1e-05,172.217.194.0-255,2902,4665,14,89078
3049,5.5e-05,172.31.36.0-255,66,4731,14,89078
3050,6.6e-05,172.31.36.0-255,66,4797,14,89078
3051,0.000103,172.217.194.0-255,2046,6843,14,89078
3052,0.000106,172.31.36.0-255,66,6909,14,89078
3053,0.000112,172.217.194.0-255,2902,9811,14,89078
3054,0.000115,172.31.36.0-255,66,9877,14,89078
3055,0.000125,172.31.36.0-255,66,9943,14,89078
3056,0.000136,172.31.36.0-255,66,10009,14,89078
3057,0.000176,172.217.194.0-255,1484,11493,14,89078
3058,0.000179,172.31.36.0-255,66,11559,14,89078
3059,0.000184,172.217.194.0-255,2902,14461,14,89078
3060,0.000187,172.31.36.0-255,66,14527,14,89078
3061,0.000206,172.217.194.0-255,4320,18847,14,89078
3062,0.000213,172.31.36.0-255,66,18913,14,89078
3063,0.00023,172.217.194.0-255,1484,20397,14,89078
3064,0.000232,172.31.36.0-255,66,20463,14,89078
3065,0.000245,172.31.36.0-255,66,20529,14,89078
3066,0.000282,172.31.36.0-255,66,20595,14,89078
3067,0.000294,172.31.36.0-255,66,20661,14,89078
3068,0.000331,172.217.194.0-255,99,20760,14,89078
3069,0.000334,172.31.36.0-255,66,20826,14,89078
3070,0.00041,172.217.194.0-255,1484,22310,14,89078
3071,0.000429,172.217.194.0-255,2902,25212,14,89078
3072,0.000432,172.31.36.0-255,66,25278,14,89078
3073,0.000436,172.217.194.0-255,2902,28180,14,89078
3074,0.000439,172.31.36.0-255,66,28246,14,89078
3075,0.000485,172.217.194.0-255,4320,32566,14,89078
3076,0.000488,172.31.36.0-255,66,32632,14,89078
3077,0.000523,172.31.36.0-255,66,32698,14,89078
3078,0.000532,172.31.36.0-255,66,32764,14,89078
3079,0.000552,172.217.194.0-255,2902,35666,14,89078
3080,0.000555,172.31.36.0-255,66,35732,14,89078
3081,0.000575,172.31.36.0-255,66,35798,14,89078
3082,0.000929,172.217.194.0-255,1484,37282,14,89078
3083,0.000934,172.217.194.0-255,1484,38766,14,89078
3084,0.000938,172.31.36.0-255,66,38832,14,89078
3085,0.000965,172.217.194.0-255,1484,40316,14,89078
3086,0.000975,172.31.36.0-255,66,40382,14,89078
3087,0.001017,172.31.36.0-255,66,40448,14,89078
3088,0.001046,172.217.194.0-255,4320,44768,14,89078
3089,0.001049,172.31.36.0-255,66,44834,14,89078
3090,0.001062,172.31.36.0-255,66,44900,14,89078
3091,0.001066,172.217.194.0-255,1484,46384,14,89078
3092,0.00107,172.217.194.0-255,2902,49286,14,89078
3093,0.001072,172.31.36.0-255,66,49352,14,89078
3094,0.00108,172.31.36.0-255,66,49418,14,89078
3095,0.001111,172.31.36.0-255,66,49484,14,89078
3096,0.001125,172.217.194.0-255,4320,53804,14,89078
3097,0.001127,172.31.36.0-255,66,53870,14,89078
3098,0.001135,172.217.194.0-255,2902,56772,14,89078
3099,0.001138,172.31.36.0-255,66,56838,14,89078
3100,0.001166,172.31.36.0-255,66,56904,14,89078
3101,0.00121,172.217.194.0-255,1484,58388,14,89078
3102,0.001215,172.217.194.0-255,2902,61290,14,89078
3103,0.001218,172.31.36.0-255,66,61356,14,89078
3104,0.001249,172.31.36.0-255,66,61422,14,89078
3105,0.001259,172.31.36.0-255,66,61488,14,89078
3106,0.001282,172.217.194.0-255,1484,62972,14,89078
3107,0.001292,172.31.36.0-255,66,63038,14,89078
3108,0.001327,172.31.36.0-255,66,63104,14,89078
3109,0.001347,172.31.36.0-255,66,63170,14,89078
3110,0.001361,172.217.194.0-255,1484,64654,14,89078
3111,0.001378,172.31.36.0-255,66,64720,14,89078
3112,0.001474,172.217.194.0-255,1484,66204,14,89078
3113,0.00148,172.217.194.0-255,2902,69106,14,89078
3114,0.001483,172.31.36.0-255,66,69172,14,89078
3115,0.001488,172.217.194.0-255,2902,72074,14,89078
3116,0.00149,172.31.36.0-255,66,72140,14,89078
3117,0.001524,172.217.194.0-255,2902,75042,14,89078
3118,0.001549,172.31.36.0-255,66,75108,14,89078
3119,0.001557,172.31.36.0-255,66,75174,14,89078
3120,0.00156,172.31.36.0-255,66,75240,14,89078
3121,0.001575,172.31.36.0-255,66,75306,14,89078
3122,0.001579,172.217.194.0-255,2184,77490,14,89078
3123,0.001582,172.31.36.0-255,66,77556,14,89078
3124,0.001657,172.217.194.0-255,1484,79040,14,89078
3125,0.001673,172.217.194.0-255,2902,81942,14,89078
3126,0.001676,172.31.36.0-255,66,82008,14,89078
3127,0.001685,172.31.36.0-255,66,82074,14,89078
3128,0.001701,172.31.36.0-255,66,82140,14,89078
3129,0.001741,172.31.36.0-255,66,82206,14,89078
3130,0.001754,172.31.36.0-255,66,82272,14,89078
3131,0.001815,172.217.194.0-255,1484,83756,14,89078
3132,0.00182,172.217.194.0-255,2902,86658,14,89078
3133,0.001822,172.31.36.0-255,66,86724,14,89078
3134,0.001832,172.31.36.0-255,66,86790,14,89078
3135,0.001845,172.31.36.0-255,66,86856,14,89078
3136,0.001855,172.31.36.0-255,66,86922,14,89078
3137,0.001883,172.31.36.0-255,66,86988,14,89078
3138,0.0019,172.31.36.0-255,66,87054,14,89078
3139,0.001938,172.31.36.0-255,66,87120,14,89078
3140,0.001952,172.31.36.0-255,66,87186,14,89078
3141,0.001956,172.217.194.0-255,1484,88670,14,89078
3142,0.002001,172.31.36.0-255,66,88736,14,89078
3143,0.002005,172.217.194.0-255,105,88841,14,89078
3144,0.004615,172.31.36.0-255,66,88907,14,89078
3145,0.004668,172.31.36.0-255,105,89012,14,89078
3146,0.007024,172.217.194.0-255,66,89078,14,89078
3147,0.0,172.217.194.0-255,143,143,14,92068
3148,1.6e-05,172.31.36.0-255,66,209,14,92068
3149,2.3e-05,172.217.194.0-255,1484,1693,14,92068
3150,2.8e-05,172.31.36.0-255,66,1759,14,92068
3151,4.5e-05,172.217.194.0-255,2902,4661,14,92068
3152,4.9e-05,172.31.36.0-255,66,4727,14,92068
3153,6e-05,172.31.36.0-255,66,4793,14,92068
3154,6.3e-05,172.217.194.0-255,2009,6802,14,92068
3155,6.6e-05,172.31.36.0-255,66,6868,14,92068
3156,0.000113,172.217.194.0-255,4320,11188,14,92068
3157,0.000119,172.31.36.0-255,66,11254,14,92068
3158,0.000151,172.217.194.0-255,4320,15574,14,92068
3159,0.000156,172.31.36.0-255,66,15640,14,92068
3160,0.000167,172.31.36.0-255,66,15706,14,92068
3161,0.000239,172.217.194.0-255,1484,17190,14,92068
3162,0.000244,172.31.36.0-255,66,17256,14,92068
3163,0.00025,172.217.194.0-255,2902,20158,14,92068
3164,0.000252,172.31.36.0-255,66,20224,14,92068
3165,0.000258,172.217.194.0-255,4320,24544,14,92068
3166,0.000267,172.31.36.0-255,66,24610,14,92068
3167,0.000318,172.31.36.0-255,66,24676,14,92068
3168,0.000332,172.31.36.0-255,66,24742,14,92068
3169,0.000362,172.217.194.0-255,3961,28703,14,92068
3170,0.000366,172.31.36.0-255,66,28769,14,92068
3171,0.00037,172.217.194.0-255,380,29149,14,92068
3172,0.000372,172.31.36.0-255,66,29215,14,92068
3173,0.000395,172.217.194.0-255,363,29578,14,92068
3174,0.000402,172.31.36.0-255,66,29644,14,92068
3175,0.000647,172.217.194.0-255,1484,31128,14,92068
3176,0.000656,172.217.194.0-255,2902,34030,14,92068
3177,0.000661,172.31.36.0-255,66,34096,14,92068
3178,0.000666,172.217.194.0-255,2902,36998,14,92068
3179,0.000668,172.31.36.0-255,66,37064,14,92068
3180,0.000703,172.217.194.0-255,2902,39966,14,92068
3181,0.000709,172.31.36.0-255,66,40032,14,92068
3182,0.000719,172.31.36.0-255,66,40098,14,92068
3183,0.000741,172.31.36.0-255,66,40164,14,92068
3184,0.000745,172.217.194.0-255,2184,42348,14,92068
3185,0.000748,172.31.36.0-255,66,42414,14,92068
3186,0.000867,172.217.194.0-255,1484,43898,14,92068
3187,0.000874,172.217.194.0-255,2902,46800,14,92068
3188,0.00088,172.31.36.0-255,66,46866,14,92068
3189,0.000886,172.217.194.0-255,4320,51186,14,92068
3190,0.000889,172.31.36.0-255,66,51252,14,92068
3191,0.000913,172.217.194.0-255,1484,52736,14,92068
3192,0.000935,172.31.36.0-255,66,52802,14,92068
3193,0.000948,172.31.36.0-255,66,52868,14,92068
3194,0.00099,172.31.36.0-255,66,52934,14,92068
3195,0.001023,172.217.194.0-255,1484,54418,14,92068
3196,0.001037,172.31.36.0-255,66,54484,14,92068
3197,0.001061,172.31.36.0-255,66,54550,14,92068
3198,0.001064,172.217.194.0-255,766,55316,14,92068
3199,0.001468,172.217.194.0-255,1484,56800,14,92068
3200,0.001474,172.31.36.0-255,66,56866,14,92068
3201,0.001481,172.217.194.0-255,2902,59768,14,92068
3202,0.001484,172.31.36.0-255,66,59834,14,92068
3203,0.001499,172.31.36.0-255,66,59900,14,92068
3204,0.001508,172.31.36.0-255,66,59966,14,92068
3205,0.001513,172.217.194.0-255,2902,62868,14,92068
3206,0.001516,172.31.36.0-255,66,62934,14,92068
3207,0.001562,172.31.36.0-255,66,63000,14,92068
3208,0.001571,172.31.36.0-255,66,63066,14,92068
3209,0.001618,172.217.194.0-255,1484,64550,14,92068
3210,0.001623,172.217.194.0-255,1484,66034,14,92068
3211,0.001627,172.31.36.0-255,66,66100,14,92068
3212,0.001653,172.217.194.0-255,1484,67584,14,92068
3213,0.001665,172.31.36.0-255,66,67650,14,92068
3214,0.001676,172.31.36.0-255,66,67716,14,92068
3215,0.001686,172.31.36.0-255,66,67782,14,92068
3216,0.001723,172.217.194.0-255,4320,72102,14,92068
3217,0.001728,172.31.36.0-255,66,72168,14,92068
3218,0.001737,172.31.36.0-255,66,72234,14,92068
3219,0.001778,172.217.194.0-255,1484,73718,14,92068
3220,0.001794,172.217.194.0-255,2902,76620,14,92068
3221,0.001798,172.31.36.0-255,66,76686,14,92068
3222,0.001807,172.31.36.0-255,66,76752,14,92068
3223,0.001855,172.31.36.0-255,66,76818,14,92068
3224,0.001865,172.31.36.0-255,66,76884,14,92068
3225,0.001895,172.217.194.0-255,3602,80486,14,92068
3226,0.001899,172.31.36.0-255,66,80552,14,92068
3227,0.001934,172.217.194.0-255,2902,83454,14,92068
3228,0.001939,172.31.36.0-255,66,83520,14,92068
3229,0.001944,172.217.194.0-255,4320,87840,14,92068
3230,0.001948,172.31.36.0-255,66,87906,14,92068
3231,0.001965,172.31.36.0-255,66,87972,14,92068
3232,0.002015,172.31.36.0-255,66,88038,14,92068
3233,0.002026,172.31.36.0-255,66,88104,14,92068
3234,0.00208,172.31.36.0-255,66,88170,14,92068
3235,0.002094,172.31.36.0-255,66,88236,14,92068
3236,0.002098,172.217.194.0-255,2902,91138,14,92068
3237,0.0021,172.31.36.0-255,66,91204,14,92068
3238,0.002202,172.31.36.0-255,66,91270,14,92068
3239,0.002206,172.31.36.0-255,66,91336,14,92068
3240,0.002232,172.31.36.0-255,66,91402,14,92068
3241,0.002245,172.31.36.0-255,66,91468,14,92068
3242,0.002248,172.217.194.0-255,105,91573,14,92068
3243,0.002251,172.217.194.0-255,129,91702,14,92068
3244,0.009203,172.31.36.0-255,105,91807,14,92068
3245,0.009239,172.31.36.0-255,105,91912,14,92068
3246,0.009777,172.31.36.0-255,90,92002,14,92068
3247,0.009788,172.31.36.0-255,66,92068,14,92068
3248,0.0,172.217.194.0-255,153,153,14,37083
3249,3.5e-05,172.31.36.0-255,66,219,14,37083
3250,4.2e-05,172.217.194.0-255,1484,1703,14,37083
3251,4.6e-05,172.31.36.0-255,66,1769,14,37083
3252,5.2e-05,172.217.194.0-255,2902,4671,14,37083
3253,5.5e-05,172.31.36.0-255,66,4737,14,37083
3254,7.4e-05,172.31.36.0-255,66,4803,14,37083
3255,7.7e-05,172.217.194.0-255,2087,6890,14,37083
3256,8e-05,172.31.36.0-255,66,6956,14,37083
3257,0.000154,172.217.194.0-255,1484,8440,14,37083
3258,0.000157,172.31.36.0-255,66,8506,14,37083
3259,0.000162,172.217.194.0-255,2902,11408,14,37083
3260,0.000165,172.31.36.0-255,66,11474,14,37083
3261,0.00018,172.31.36.0-255,66,11540,14,37083
3262,0.000206,172.217.194.0-255,1484,13024,14,37083
3263,0.000209,172.31.36.0-255,66,13090,14,37083
3264,0.000256,172.31.36.0-255,66,13156,14,37083
3265,0.000268,172.31.36.0-255,66,13222,14,37083
3266,0.000537,172.217.194.0-255,1484,14706,14,37083
3267,0.000541,172.31.36.0-255,66,14772,14,37083
3268,0.000546,172.217.194.0-255,2902,17674,14,37083
3269,0.000549,172.31.36.0-255,66,17740,14,37083
3270,0.000564,172.31.36.0-255,66,17806,14,37083
3271,0.000574,172.31.36.0-255,66,17872,14,37083
3272,0.000639,172.217.194.0-255,361,18233,14,37083
3273,0.000643,172.31.36.0-255,66,18299,14,37083
3274,0.001049,172.217.194.0-255,382,18681,14,37083
3275,0.001089,172.31.36.0-255,66,18747,14,37083
3276,0.001487,172.217.194.0-255,1484,20231,14,37083
3277,0.001498,172.217.194.0-255,2902,23133,14,37083
3278,0.001502,172.31.36.0-255,66,23199,14,37083
3279,0.001512,172.31.36.0-255,66,23265,14,37083
3280,0.001577,172.31.36.0-255,66,23331,14,37083
3281,0.00158,172.217.194.0-255,1484,24815,14,37083
3282,0.001631,172.31.36.0-255,66,24881,14,37083
3283,0.00209,172.217.194.0-255,1484,26365,14,37083
3284,0.0021,172.217.194.0-255,2902,29267,14,37083
3285,0.002104,172.31.36.0-255,66,29333,14,37083
3286,0.00211,172.217.194.0-255,2902,32235,14,37083
3287,0.002112,172.31.36.0-255,66,32301,14,37083
3288,0.002132,172.217.194.0-255,2902,35203,14,37083
3289,0.002134,172.31.36.0-255,66,35269,14,37083
3290,0.002137,172.217.194.0-255,1484,36753,14,37083
3291,0.002174,172.31.36.0-255,66,36819,14,37083
3292,0.002186,172.31.36.0-255,66,36885,14,37083
3293,0.004553,172.31.36.0-255,66,36951,14,37083
3294,0.006906,172.31.36.0-255,66,37017,14,37083
3295,0.009264,172.31.36.0-255,66,37083,14,37083
3296,0.0,74.125.68.0-255,153,153,14,102429
3297,2.1e-05,172.31.36.0-255,66,219,14,102429
3298,2.9e-05,74.125.68.0-255,1484,1703,14,102429
3299,3.3e-05,172.31.36.0-255,66,1769,14,102429
3300,3.7e-05,74.125.68.0-255,1484,3253,14,102429
3301,4.6e-05,172.31.36.0-255,66,3319,14,102429
3302,5.3e-05,74.125.68.0-255,2902,6221,14,102429
3303,5.6e-05,172.31.36.0-255,66,6287,14,102429
3304,6.3e-05,74.125.68.0-255,4320,10607,14,102429
3305,6.6e-05,172.31.36.0-255,66,10673,14,102429
3306,9.2e-05,74.125.68.0-255,1484,12157,14,102429
3307,9.5e-05,172.31.36.0-255,66,12223,14,102429
3308,0.0001,74.125.68.0-255,2045,14268,14,102429
3309,0.000102,172.31.36.0-255,66,14334,14,102429
3310,0.000521,74.125.68.0-255,1484,15818,14,102429
3311,0.000527,172.31.36.0-255,66,15884,14,102429
3312,0.000547,74.125.68.0-255,2902,18786,14,102429
3313,0.00055,172.31.36.0-255,66,18852,14,102429
3314,0.000575,74.125.68.0-255,2902,21754,14,102429
3315,0.000577,172.31.36.0-255,66,21820,14,102429
3316,0.000606,74.125.68.0-255,2902,24722,14,102429
3317,0.000608,172.31.36.0-255,66,24788,14,102429
3318,0.000617,172.31.36.0-255,66,24854,14,102429
3319,0.000633,172.31.36.0-255,66,24920,14,102429
3320,0.000674,172.31.36.0-255,66,24986,14,102429
3321,0.000679,74.125.68.0-255,2902,27888,14,102429
3322,0.000681,172.31.36.0-255,66,27954,14,102429
3323,0.000731,172.31.36.0-255,66,28020,14,102429
3324,0.000737,74.125.68.0-255,3602,31622,14,102429
3325,0.00074,74.125.68.0-255,445,32067,14,102429
3326,0.000791,74.125.68.0-255,328,32395,14,102429
3327,0.000798,172.31.36.0-255,66,32461,14,102429
3328,0.001067,74.125.68.0-255,1484,33945,14,102429
3329,0.001072,74.125.68.0-255,1484,35429,14,102429
3330,0.001075,172.31.36.0-255,66,35495,14,102429
3331,0.0011,74.125.68.0-255,1484,36979,14,102429
3332,0.001106,74.125.68.0-255,4320,41299,14,102429
3333,0.001111,172.31.36.0-255,66,41365,14,102429
3334,0.001155,74.125.68.0-255,2902,44267,14,102429
3335,0.001166,74.125.68.0-255,4320,48587,14,102429
3336,0.001171,172.31.36.0-255,66,48653,14,102429
3337,0.001197,74.125.68.0-255,2902,51555,14,102429
3338,0.001212,74.125.68.0-255,3602,55157,14,102429
3339,0.00122,172.31.36.0-255,66,55223,14,102429
3340,0.001635,74.125.68.0-255,1484,56707,14,102429
3341,0.001658,74.125.68.0-255,1484,58191,14,102429
3342,0.001662,172.31.36.0-255,66,58257,14,102429
3343,0.001698,74.125.68.0-255,1484,59741,14,102429
3344,0.001708,74.125.68.0-255,1484,61225,14,102429
3345,0.001714,172.31.36.0-255,66,61291,14,102429
3346,0.001774,172.31.36.0-255,66,61357,14,102429
3347,0.001783,74.125.68.0-255,1484,62841,14,102429
3348,0.001821,172.31.36.0-255,66,62907,14,102429
3349,0.002154,74.125.68.0-255,1484,64391,14,102429
3350,0.002162,74.125.68.0-255,1484,65875,14,102429
3351,0.002165,172.31.36.0-255,66,65941,14,102429
3352,0.002199,74.125.68.0-255,1484,67425,14,102429
3353,0.002231,74.125.68.0-255,2902,70327,14,102429
3354,0.002252,74.125.68.0-255,2902,73229,14,102429
3355,0.002257,74.125.68.0-255,2902,76131,14,102429
3356,0.002271,74.125.68.0-255,2184,78315,14,102429
3357,0.002361,74.125.68.0-255,1484,79799,14,102429
3358,0.002376,74.125.68.0-255,2902,82701,14,102429
3359,0.002388,74.125.68.0-255,1484,84185,14,102429
3360,0.002403,74.125.68.0-255,4320,88505,14,102429
3361,0.002405,74.125.68.0-255,1484,89989,14,102429
3362,0.002422,74.125.68.0-255,2902,92891,14,102429
3363,0.002457,74.125.68.0-255,4320,97211,14,102429
3364,0.002478,74.125.68.0-255,2184,99395,14,102429
3365,0.002493,74.125.68.0-255,2902,102297,14,102429
3366,0.005862,172.31.36.0-255,66,102363,14,102429
3367,0.00836,172.31.36.0-255,66,102429,14,102429
3368,0.0,172.217.194.0-255,153,153,14,100814
3369,2.6e-05,172.217.194.0-255,1484,1637,14,100814
3370,3.3e-05,172.31.36.0-255,66,1703,14,100814
3371,4.1e-05,172.217.194.0-255,2902,4605,14,100814
3372,4.3e-05,172.31.36.0-255,66,4671,14,100814
3373,5.3e-05,172.31.36.0-255,66,4737,14,100814
3374,0.000101,172.31.36.0-255,66,4803,14,100814
3375,0.000119,172.217.194.0-255,621,5424,14,100814
3376,0.000124,172.217.194.0-255,2543,7967,14,100814
3377,0.000126,172.31.36.0-255,66,8033,14,100814
3378,0.00015,172.31.36.0-255,66,8099,14,100814
3379,0.000177,172.31.36.0-255,66,8165,14,100814
3380,0.000181,172.217.194.0-255,2543,10708,14,100814
3381,0.000185,172.31.36.0-255,66,10774,14,100814
3382,0.000257,172.217.194.0-255,1484,12258,14,100814
3383,0.000272,172.217.194.0-255,2902,15160,14,100814
3384,0.000275,172.31.36.0-255,66,15226,14,100814
3385,0.000303,172.31.36.0-255,66,15292,14,100814
3386,0.000306,172.217.194.0-255,1484,16776,14,100814
3387,0.000364,172.217.194.0-255,4320,21096,14,100814
3388,0.000368,172.31.36.0-255,66,21162,14,100814
3389,0.000383,172.217.194.0-255,1706,22868,14,100814
3390,0.000386,172.31.36.0-255,66,22934,14,100814
3391,0.000389,172.217.194.0-255,1484,24418,14,100814
3392,0.000391,172.217.194.0-255,1484,25902,14,100814
3393,0.000395,172.31.36.0-255,66,25968,14,100814
3394,0.000409,172.217.194.0-255,1484,27452,14,100814
3395,0.000418,172.31.36.0-255,66,27518,14,100814
3396,0.000441,172.217.194.0-255,1484,29002,14,100814
3397,0.000462,172.31.36.0-255,66,29068,14,100814
3398,0.000519,172.217.194.0-255,1484,30552,14,100814
3399,0.000534,172.217.194.0-255,2902,33454,14,100814
3400,0.000537,172.31.36.0-255,66,33520,14,100814
3401,0.000546,172.31.36.0-255,66,33586,14,100814
3402,0.000603,172.31.36.0-255,66,33652,14,100814
3403,0.000827,172.217.194.0-255,1484,35136,14,100814
3404,0.000832,172.217.194.0-255,2902,38038,14,100814
3405,0.000835,172.31.36.0-255,66,38104,14,100814
3406,0.000859,172.31.36.0-255,66,38170,14,100814
3407,0.000863,172.217.194.0-255,2902,41072,14,100814
3408,0.000867,172.217.194.0-255,2902,43974,14,100814
3409,0.000867,172.31.36.0-255,66,44040,14,100814
3410,0.000871,172.31.36.0-255,66,44106,14,100814
3411,0.000893,172.31.36.0-255,66,44172,14,100814
3412,0.000911,172.31.36.0-255,66,44238,14,100814
3413,0.000934,172.31.36.0-255,66,44304,14,100814
3414,0.000937,172.217.194.0-255,1484,45788,14,100814
3415,0.000959,172.31.36.0-255,66,45854,14,100814
3416,0.000985,172.217.194.0-255,1484,47338,14,100814
3417,0.000998,172.31.36.0-255,66,47404,14,100814
3418,0.00103,172.31.36.0-255,66,47470,14,100814
3419,0.001153,172.217.194.0-255,1484,48954,14,100814
3420,0.001158,172.217.194.0-255,2902,51856,14,100814
3421,0.001161,172.31.36.0-255,66,51922,14,100814
3422,0.001187,172.31.36.0-255,66,51988,14,100814
3423,0.001217,172.31.36.0-255,66,52054,14,100814
3424,0.001237,172.217.194.0-255,1484,53538,14,100814
3425,0.001247,172.31.36.0-255,66,53604,14,100814
3426,0.001297,172.217.194.0-255,2184,55788,14,100814
3427,0.0013,172.31.36.0-255,66,55854,14,100814
3428,0.001844,172.217.194.0-255,1484,57338,14,100814
3429,0.001854,172.217.194.0-255,2902,60240,14,100814
3430,0.001859,172.31.36.0-255,66,60306,14,100814
3431,0.001868,172.31.36.0-255,66,60372,14,100814
3432,0.001891,172.31.36.0-255,66,60438,14,100814
3433,0.001915,172.31.36.0-255,66,60504,14,100814
3434,0.001948,172.31.36.0-255,66,60570,14,100814
3435,0.001953,172.217.194.0-255,2184,62754,14,100814
3436,0.001955,172.31.36.0-255,66,62820,14,100814
3437,0.002002,172.217.194.0-255,1484,64304,14,100814
3438,0.00202,172.217.194.0-255,2902,67206,14,100814
3439,0.002023,172.31.36.0-255,66,67272,14,100814
3440,0.002046,172.31.36.0-255,66,67338,14,100814
3441,0.002096,172.31.36.0-255,66,67404,14,100814
3442,0.002115,172.31.36.0-255,66,67470,14,100814
3443,0.002124,172.31.36.0-255,66,67536,14,100814
3444,0.00213,172.217.194.0-255,3602,71138,14,100814
3445,0.002132,172.31.36.0-255,66,71204,14,100814
3446,0.002211,172.217.194.0-255,1484,72688,14,100814
3447,0.00223,172.217.194.0-255,2902,75590,14,100814
3448,0.002234,172.31.36.0-255,66,75656,14,100814
3449,0.002243,172.31.36.0-255,66,75722,14,100814
3450,0.002297,172.31.36.0-255,66,75788,14,100814
3451,0.002309,172.31.36.0-255,66,75854,14,100814
3452,0.002339,172.217.194.0-255,2902,78756,14,100814
3453,0.002342,172.31.36.0-255,66,78822,14,100814
3454,0.002348,172.217.194.0-255,4320,83142,14,100814
3455,0.00235,172.31.36.0-255,66,83208,14,100814
3456,0.002354,172.217.194.0-255,2902,86110,14,100814
3457,0.002356,172.31.36.0-255,66,86176,14,100814
3458,0.00237,172.217.194.0-255,2902,89078,14,100814
3459,0.002373,172.31.36.0-255,66,89144,14,100814
3460,0.002389,172.217.194.0-255,4320,93464,14,100814
3461,0.002392,172.31.36.0-255,66,93530,14,100814
3462,0.00242,172.31.36.0-255,66,93596,14,100814
3463,0.002428,172.31.36.0-255,66,93662,14,100814
3464,0.002459,172.217.194.0-255,4320,97982,14,100814
3465,0.002463,172.31.36.0-255,66,98048,14,100814
3466,0.002502,172.31.36.0-255,66,98114,14,100814
3467,0.002527,172.31.36.0-255,66,98180,14,100814
3468,0.002536,172.31.36.0-255,66,98246,14,100814
3469,0.002538,172.217.194.0-255,1484,99730,14,100814
3470,0.002543,172.217.194.0-255,579,100309,14,100814
3471,0.002545,172.31.36.0-255,66,100375,14,100814
3472,0.002548,172.217.194.0-255,97,100472,14,100814
3473,0.002604,172.217.194.0-255,105,100577,14,100814
3474,0.004655,172.31.36.0-255,66,100643,14,100814
3475,0.004681,172.31.36.0-255,105,100748,14,100814
3476,0.006985,172.217.194.0-255,66,100814,14,100814
3477,0.0,74.125.130.0-255,153,153,14,125395
3478,3.5e-05,172.31.36.0-255,66,219,14,125395
3479,4.2e-05,74.125.130.0-255,1484,1703,14,125395
3480,5.9e-05,172.31.36.0-255,66,1769,14,125395
3481,6.5e-05,74.125.130.0-255,2902,4671,14,125395
3482,6.8e-05,172.31.36.0-255,66,4737,14,125395
3483,7.1e-05,74.125.130.0-255,1484,6221,14,125395
3484,7.3e-05,172.31.36.0-255,66,6287,14,125395
3485,7.9e-05,74.125.130.0-255,2902,9189,14,125395
3486,8e-05,172.31.36.0-255,66,9255,14,125395
3487,0.000122,172.31.36.0-255,66,9321,14,125395
3488,0.000151,172.31.36.0-255,66,9387,14,125395
3489,0.000168,74.125.130.0-255,2902,12289,14,125395
3490,0.00017,172.31.36.0-255,66,12355,14,125395
3491,0.000188,74.125.130.0-255,1484,13839,14,125395
3492,0.000193,172.31.36.0-255,66,13905,14,125395
3493,0.00021,74.125.130.0-255,2902,16807,14,125395
3494,0.000213,172.31.36.0-255,66,16873,14,125395
3495,0.000218,74.125.130.0-255,3961,20834,14,125395
3496,0.000221,172.31.36.0-255,66,20900,14,125395
3497,0.000389,74.125.130.0-255,1484,22384,14,125395
3498,0.000393,172.31.36.0-255,66,22450,14,125395
3499,0.000399,74.125.130.0-255,2902,25352,14,125395
3500,0.000401,172.31.36.0-255,66,25418,14,125395
3501,0.000424,74.125.130.0-255,4320,29738,14,125395
3502,0.000427,172.31.36.0-255,66,29804,14,125395
3503,0.000464,74.125.130.0-255,4320,34124,14,125395
3504,0.00047,172.31.36.0-255,66,34190,14,125395
3505,0.000486,172.31.36.0-255,66,34256,14,125395
3506,0.000491,74.125.130.0-255,2902,37158,14,125395
3507,0.000495,172.31.36.0-255,66,37224,14,125395
3508,0.000519,74.125.130.0-255,1484,38708,14,125395
3509,0.000549,172.31.36.0-255,66,38774,14,125395
3510,0.000552,74.125.130.0-255,1412,40186,14,125395
3511,0.000556,74.125.130.0-255,100,40286,14,125395
3512,0.000656,74.125.130.0-255,1484,41770,14,125395
3513,0.000663,74.125.130.0-255,2902,44672,14,125395
3514,0.000667,172.31.36.0-255,66,44738,14,125395
3515,0.000686,74.125.130.0-255,4320,49058,14,125395
3516,0.000688,172.31.36.0-255,66,49124,14,125395
3517,0.000705,74.125.130.0-255,1484,50608,14,125395
3518,0.000718,74.125.130.0-255,4320,54928,14,125395
3519,0.000732,74.125.130.0-255,3961,58889,14,125395
3520,0.000734,74.125.130.0-255,1484,60373,14,125395
3521,0.000734,172.31.36.0-255,66,60439,14,125395
3522,0.00074,172.31.36.0-255,66,60505,14,125395
3523,0.000769,172.31.36.0-255,66,60571,14,125395
3524,0.000773,172.31.36.0-255,66,60637,14,125395
3525,0.001019,74.125.130.0-255,1484,62121,14,125395
3526,0.001037,74.125.130.0-255,2902,65023,14,125395
3527,0.001042,172.31.36.0-255,66,65089,14,125395
3528,0.001069,172.31.36.0-255,66,65155,14,125395
3529,0.001073,74.125.130.0-255,1484,66639,14,125395
3530,0.001107,74.125.130.0-255,1484,68123,14,125395
3531,0.001108,172.31.36.0-255,66,68189,14,125395
3532,0.001132,172.31.36.0-255,66,68255,14,125395
3533,0.001135,74.125.130.0-255,1484,69739,14,125395
3534,0.001138,74.125.130.0-255,1484,71223,14,125395
3535,0.001151,172.31.36.0-255,66,71289,14,125395
3536,0.001182,74.125.130.0-255,3602,74891,14,125395
3537,0.001188,172.31.36.0-255,66,74957,14,125395
3538,0.001292,74.125.130.0-255,1484,76441,14,125395
3539,0.001314,74.125.130.0-255,2902,79343,14,125395
3540,0.001317,172.31.36.0-255,66,79409,14,125395
3541,0.001323,74.125.130.0-255,4320,83729,14,125395
3542,0.001327,172.31.36.0-255,66,83795,14,125395
3543,0.001338,74.125.130.0-255,1484,85279,14,125395
3544,0.001342,74.125.130.0-255,2902,88181,14,125395
3545,0.001355,172.31.36.0-255,66,88247,14,125395
3546,0.00136,74.125.130.0-255,4320,92567,14,125395
3547,0.001371,172.31.36.0-255,66,92633,14,125395
3548,0.001399,172.31.36.0-255,66,92699,14,125395
3549,0.001408,74.125.130.0-255,4320,97019,14,125395
3550,0.001412,172.31.36.0-255,66,97085,14,125395
3551,0.00143,74.125.130.0-255,3602,100687,14,125395
3552,0.001438,172.31.36.0-255,66,100753,14,125395
3553,0.001609,74.125.130.0-255,1484,102237,14,125395
3554,0.001644,74.125.130.0-255,1484,103721,14,125395
3555,0.001648,172.31.36.0-255,66,103787,14,125395
3556,0.001655,74.125.130.0-255,1484,105271,14,125395
3557,0.001664,74.125.130.0-255,1484,106755,14,125395
3558,0.001668,74.125.130.0-255,2902,109657,14,125395
3559,0.001677,172.31.36.0-255,66,109723,14,125395
3560,0.001681,172.31.36.0-255,66,109789,14,125395
3561,0.001705,172.31.36.0-255,66,109855,14,125395
3562,0.001732,172.31.36.0-255,66,109921,14,125395
3563,0.00175,74.125.130.0-255,2184,112105,14,125395
3564,0.001756,172.31.36.0-255,66,112171,14,125395
3565,0.002144,74.125.130.0-255,1484,113655,14,125395
3566,0.002155,74.125.130.0-255,2902,116557,14,125395
3567,0.002158,172.31.36.0-255,66,116623,14,125395
3568,0.002228,74.125.130.0-255,1484,118107,14,125395
3569,0.002245,74.125.130.0-255,2902,121009,14,125395
3570,0.002311,74.125.130.0-255,1484,122493,14,125395
3571,0.002327,74.125.130.0-255,2902,125395,14,125395
3572,0.0,74.125.24.0-255,153,153,14,79016
3573,3.4e-05,172.31.36.0-255,66,219,14,79016
3574,4e-05,74.125.24.0-255,1484,1703,14,79016
3575,4.5e-05,172.31.36.0-255,66,1769,14,79016
3576,5e-05,74.125.24.0-255,2902,4671,14,79016
3577,5.4e-05,172.31.36.0-255,66,4737,14,79016
3578,6.9e-05,74.125.24.0-255,1484,6221,14,79016
3579,7.1e-05,172.31.36.0-255,66,6287,14,79016
3580,9.6e-05,74.125.24.0-255,1484,7771,14,79016
3581,9.9e-05,172.31.36.0-255,66,7837,14,79016
3582,0.000105,74.125.24.0-255,4320,12157,14,79016
3583,0.000107,172.31.36.0-255,66,12223,14,79016
3584,0.000111,74.125.24.0-255,2075,14298,14,79016
3585,0.000113,172.31.36.0-255,66,14364,14,79016
3586,0.000282,74.125.24.0-255,1484,15848,14,79016
3587,0.000289,172.31.36.0-255,66,15914,14,79016
3588,0.000298,74.125.24.0-255,2902,18816,14,79016
3589,0.000301,172.31.36.0-255,66,18882,14,79016
3590,0.000304,74.125.24.0-255,1484,20366,14,79016
3591,0.000306,172.31.36.0-255,66,20432,14,79016
3592,0.000327,74.125.24.0-255,2902,23334,14,79016
3593,0.000331,172.31.36.0-255,66,23400,14,79016
3594,0.000371,172.31.36.0-255,66,23466,14,79016
3595,0.00039,74.125.24.0-255,2543,26009,14,79016
3596,0.000395,172.31.36.0-255,66,26075,14,79016
3597,0.000401,172.31.36.0-255,66,26141,14,79016
3598,0.000414,74.125.24.0-255,1484,27625,14,79016
3599,0.000417,172.31.36.0-255,66,27691,14,79016
3600,0.000426,172.31.36.0-255,66,27757,14,79016
3601,0.001401,74.125.24.0-255,1484,29241,14,79016
3602,0.001411,74.125.24.0-255,1484,30725,14,79016
3603,0.001416,172.31.36.0-255,66,30791,14,79016
3604,0.001438,74.125.24.0-255,1484,32275,14,79016
3605,0.001448,172.31.36.0-255,66,32341,14,79016
3606,0.001454,74.125.24.0-255,4320,36661,14,79016
3607,0.001456,172.31.36.0-255,66,36727,14,79016
3608,0.001475,74.125.24.0-255,2543,39270,14,79016
3609,0.001478,172.31.36.0-255,66,39336,14,79016
3610,0.00152,74.125.24.0-255,1484,40820,14,79016
3611,0.001526,74.125.24.0-255,2902,43722,14,79016
3612,0.001528,172.31.36.0-255,66,43788,14,79016
3613,0.001541,74.125.24.0-255,1484,45272,14,79016
3614,0.001557,74.125.24.0-255,4320,49592,14,79016
3615,0.00156,172.31.36.0-255,66,49658,14,79016
3616,0.001582,74.125.24.0-255,4320,53978,14,79016
3617,0.001584,172.31.36.0-255,66,54044,14,79016
3618,0.00161,172.31.36.0-255,66,54110,14,79016
3619,0.00162,172.31.36.0-255,66,54176,14,79016
3620,0.001842,74.125.24.0-255,1484,55660,14,79016
3621,0.001847,74.125.24.0-255,2902,58562,14,79016
3622,0.001849,172.31.36.0-255,66,58628,14,79016
3623,0.001872,172.31.36.0-255,66,58694,14,79016
3624,0.001875,74.125.24.0-255,1484,60178,14,79016
3625,0.001901,172.31.36.0-255,66,60244,14,79016
3626,0.001913,74.125.24.0-255,1484,61728,14,79016
3627,0.001925,172.31.36.0-255,66,61794,14,79016
3628,0.00197,74.125.24.0-255,1484,63278,14,79016
3629,0.001974,74.125.24.0-255,2902,66180,14,79016
3630,0.001976,172.31.36.0-255,66,66246,14,79016
3631,0.001984,172.31.36.0-255,66,66312,14,79016
3632,0.001986,74.125.24.0-255,1484,67796,14,79016
3633,0.002023,172.31.36.0-255,66,67862,14,79016
3634,0.002035,172.31.36.0-255,66,67928,14,79016
3635,0.002037,74.125.24.0-255,766,68694,14,79016
3636,0.004102,74.125.24.0-255,4320,73014,14,79016
3637,0.004105,172.31.36.0-255,66,73080,14,79016
3638,0.006214,172.31.36.0-255,66,73146,14,79016
3639,0.008313,74.125.24.0-255,4320,77466,14,79016
3640,0.008318,172.31.36.0-255,66,77532,14,79016
3641,0.008337,74.125.24.0-255,1484,79016,14,79016
3642,0.0,172.217.24.0-255,146,146,14,125490
3643,2.6e-05,172.217.24.0-255,1484,1630,14,125490
3644,3.3e-05,172.31.36.0-255,66,1696,14,125490
3645,4e-05,172.217.24.0-255,2902,4598,14,125490
3646,4.3e-05,172.31.36.0-255,66,4664,14,125490
3647,4.8e-05,172.217.24.0-255,4320,8984,14,125490
3648,5.1e-05,172.31.36.0-255,66,9050,14,125490
3649,6.7e-05,172.31.36.0-255,66,9116,14,125490
3650,0.000109,172.217.24.0-255,1484,10600,14,125490
3651,0.000127,172.217.24.0-255,2902,13502,14,125490
3652,0.00013,172.31.36.0-255,66,13568,14,125490
3653,0.000156,172.31.36.0-255,66,13634,14,125490
3654,0.000185,172.31.36.0-255,66,13700,14,125490
3655,0.000205,172.217.24.0-255,1125,14825,14,125490
3656,0.000218,172.217.24.0-255,1484,16309,14,125490
3657,0.00022,172.31.36.0-255,66,16375,14,125490
3658,0.000225,172.217.24.0-255,2902,19277,14,125490
3659,0.000227,172.31.36.0-255,66,19343,14,125490
3660,0.000238,172.31.36.0-255,66,19409,14,125490
3661,0.000243,172.217.24.0-255,4320,23729,14,125490
3662,0.000245,172.31.36.0-255,66,23795,14,125490
3663,0.000274,172.217.24.0-255,2543,26338,14,125490
3664,0.000276,172.31.36.0-255,66,26404,14,125490
3665,0.000313,172.217.24.0-255,1484,27888,14,125490
3666,0.000318,172.217.24.0-255,2902,30790,14,125490
3667,0.000321,172.31.36.0-255,66,30856,14,125490
3668,0.000352,172.217.24.0-255,1484,32340,14,125490
3669,0.00037,172.217.24.0-255,4320,36660,14,125490
3670,0.000372,172.31.36.0-255,66,36726,14,125490
3671,0.00038,172.31.36.0-255,66,36792,14,125490
3672,0.000401,172.217.24.0-255,396,37188,14,125490
3673,0.001051,172.217.24.0-255,115,37303,14,125490
3674,0.001128,172.31.36.0-255,66,37369,14,125490
3675,0.001157,172.217.24.0-255,1484,38853,14,125490
3676,0.001172,172.217.24.0-255,2902,41755,14,125490
3677,0.001175,172.31.36.0-255,66,41821,14,125490
3678,0.001185,172.31.36.0-255,66,41887,14,125490
3679,0.001224,172.31.36.0-255,66,41953,14,125490
3680,0.001268,172.31.36.0-255,66,42019,14,125490
3681,0.001274,172.217.24.0-255,4320,46339,14,125490
3682,0.001277,172.31.36.0-255,66,46405,14,125490
3683,0.00133,172.31.36.0-255,66,46471,14,125490
3684,0.001646,172.217.24.0-255,1484,47955,14,125490
3685,0.001652,172.217.24.0-255,2902,50857,14,125490
3686,0.001656,172.31.36.0-255,66,50923,14,125490
3687,0.001662,172.217.24.0-255,2902,53825,14,125490
3688,0.001664,172.31.36.0-255,66,53891,14,125490
3689,0.001698,172.217.24.0-255,1484,55375,14,125490
3690,0.001711,172.31.36.0-255,66,55441,14,125490
3691,0.001716,172.217.24.0-255,2902,58343,14,125490
3692,0.001718,172.31.36.0-255,66,58409,14,125490
3693,0.001761,172.31.36.0-255,66,58475,14,125490
3694,0.001766,172.217.24.0-255,2184,60659,14,125490
3695,0.001768,172.31.36.0-255,66,60725,14,125490
3696,0.001797,172.217.24.0-255,2902,63627,14,125490
3697,0.0018,172.31.36.0-255,66,63693,14,125490
3698,0.001811,172.31.36.0-255,66,63759,14,125490
3699,0.001827,172.31.36.0-255,66,63825,14,125490
3700,0.001841,172.31.36.0-255,66,63891,14,125490
3701,0.001874,172.217.24.0-255,2184,66075,14,125490
3702,0.001876,172.31.36.0-255,66,66141,14,125490
3703,0.00188,172.217.24.0-255,1484,67625,14,125490
3704,0.001885,172.217.24.0-255,2902,70527,14,125490
3705,0.001887,172.31.36.0-255,66,70593,14,125490
3706,0.001915,172.31.36.0-255,66,70659,14,125490
3707,0.00192,172.217.24.0-255,2902,73561,14,125490
3708,0.001922,172.31.36.0-255,66,73627,14,125490
3709,0.001959,172.217.24.0-255,2902,76529,14,125490
3710,0.001962,172.31.36.0-255,66,76595,14,125490
3711,0.001975,172.31.36.0-255,66,76661,14,125490
3712,0.00199,172.31.36.0-255,66,76727,14,125490
3713,0.002074,172.217.24.0-255,1484,78211,14,125490
3714,0.00208,172.217.24.0-255,2902,81113,14,125490
3715,0.002083,172.31.36.0-255,66,81179,14,125490
3716,0.002089,172.217.24.0-255,2902,84081,14,125490
3717,0.002092,172.31.36.0-255,66,84147,14,125490
3718,0.002124,172.217.24.0-255,2902,87049,14,125490
3719,0.002127,172.31.36.0-255,66,87115,14,125490
3720,0.002142,172.31.36.0-255,66,87181,14,125490
3721,0.002147,172.217.24.0-255,2902,90083,14,125490
3722,0.002149,172.31.36.0-255,66,90149,14,125490
3723,0.002153,172.217.24.0-255,1484,91633,14,125490
3724,0.002162,172.31.36.0-255,66,91699,14,125490
3725,0.002164,172.217.24.0-255,766,92465,14,125490
3726,0.002262,172.217.24.0-255,1484,93949,14,125490
3727,0.002266,172.31.36.0-255,66,94015,14,125490
3728,0.002269,172.217.24.0-255,1484,95499,14,125490
3729,0.002273,172.217.24.0-255,1484,96983,14,125490
3730,0.002276,172.31.36.0-255,66,97049,14,125490
3731,0.002281,172.217.24.0-255,2902,99951,14,125490
3732,0.00229,172.31.36.0-255,66,100017,14,125490
3733,0.002315,172.217.24.0-255,1484,101501,14,125490
3734,0.002332,172.31.36.0-255,66,101567,14,125490
3735,0.002347,172.31.36.0-255,66,101633,14,125490
3736,0.002353,172.217.24.0-255,4320,105953,14,125490
3737,0.002356,172.31.36.0-255,66,106019,14,125490
3738,0.002359,172.217.24.0-255,766,106785,14,125490
3739,0.002604,172.217.24.0-255,1484,108269,14,125490
3740,0.00261,172.31.36.0-255,66,108335,14,125490
3741,0.002617,172.217.24.0-255,2902,111237,14,125490
3742,0.00262,172.31.36.0-255,66,111303,14,125490
3743,0.002635,172.31.36.0-255,66,111369,14,125490
3744,0.002643,172.31.36.0-255,66,111435,14,125490
3745,0.002653,172.31.36.0-255,66,111501,14,125490
3746,0.002687,172.217.24.0-255,4320,115821,14,125490
3747,0.00269,172.31.36.0-255,66,115887,14,125490
3748,0.002733,172.31.36.0-255,66,115953,14,125490
3749,0.002748,172.31.36.0-255,66,116019,14,125490
3750,0.002762,172.31.36.0-255,66,116085,14,125490
3751,0.002902,172.217.24.0-255,1484,117569,14,125490
3752,0.00291,172.217.24.0-255,2902,120471,14,125490
3753,0.002915,172.31.36.0-255,66,120537,14,125490
3754,0.002926,172.31.36.0-255,66,120603,14,125490
3755,0.00294,172.31.36.0-255,66,120669,14,125490
3756,0.002967,172.217.24.0-255,2902,123571,14,125490
3757,0.002969,172.31.36.0-255,66,123637,14,125490
3758,0.002982,172.31.36.0-255,66,123703,14,125490
3759,0.003008,172.217.24.0-255,1484,125187,14,125490
3760,0.003021,172.31.36.0-255,66,125253,14,125490
3761,0.003035,172.31.36.0-255,66,125319,14,125490
3762,0.003045,172.31.36.0-255,66,125385,14,125490
3763,0.003048,172.217.24.0-255,105,125490,14,125490
3764,0.0,172.31.36.0-255,105,105,14,105
3765,0.0,172.217.194.0-255,156,156,14,111549
3766,2.6e-05,172.31.36.0-255,66,222,14,111549
3767,3.4e-05,172.217.194.0-255,1484,1706,14,111549
3768,3.8e-05,172.31.36.0-255,66,1772,14,111549
3769,4.3e-05,172.217.194.0-255,2902,4674,14,111549
3770,4.6e-05,172.31.36.0-255,66,4740,14,111549
3771,5.6e-05,172.31.36.0-255,66,4806,14,111549
3772,6.1e-05,172.217.194.0-255,3491,8297,14,111549
3773,6.4e-05,172.31.36.0-255,66,8363,14,111549
3774,0.000107,172.31.36.0-255,66,8429,14,111549
3775,0.000111,172.217.194.0-255,2543,10972,14,111549
3776,0.000113,172.31.36.0-255,66,11038,14,111549
3777,0.000135,172.217.194.0-255,2902,13940,14,111549
3778,0.000142,172.31.36.0-255,66,14006,14,111549
3779,0.000148,172.217.194.0-255,4320,18326,14,111549
3780,0.000151,172.31.36.0-255,66,18392,14,111549
3781,0.00017,172.217.194.0-255,2902,21294,14,111549
3782,0.000172,172.31.36.0-255,66,21360,14,111549
3783,0.000177,172.217.194.0-255,4320,25680,14,111549
3784,0.000181,172.31.36.0-255,66,25746,14,111549
3785,0.000205,172.217.194.0-255,2543,28289,14,111549
3786,0.000209,172.31.36.0-255,66,28355,14,111549
3787,0.000644,172.217.194.0-255,1484,29839,14,111549
3788,0.00065,172.31.36.0-255,66,29905,14,111549
3789,0.000656,172.217.194.0-255,2902,32807,14,111549
3790,0.000658,172.31.36.0-255,66,32873,14,111549
3791,0.000681,172.217.194.0-255,1484,34357,14,111549
3792,0.000686,172.31.36.0-255,66,34423,14,111549
3793,0.000701,172.217.194.0-255,4320,38743,14,111549
3794,0.000704,172.31.36.0-255,66,38809,14,111549
3795,0.000714,172.31.36.0-255,66,38875,14,111549
3796,0.000717,172.217.194.0-255,645,39520,14,111549
3797,0.000784,172.217.194.0-255,1484,41004,14,111549
3798,0.000788,172.31.36.0-255,66,41070,14,111549
3799,0.000793,172.217.194.0-255,2902,43972,14,111549
3800,0.000798,172.31.36.0-255,66,44038,14,111549
3801,0.000802,172.31.36.0-255,66,44104,14,111549
3802,0.000822,172.217.194.0-255,2902,47006,14,111549
3803,0.000825,172.31.36.0-255,66,47072,14,111549
3804,0.000862,172.31.36.0-255,66,47138,14,111549
3805,0.000873,172.31.36.0-255,66,47204,14,111549
3806,0.000876,172.217.194.0-255,766,47970,14,111549
3807,0.001057,172.31.36.0-255,66,48036,14,111549
3808,0.001505,172.217.194.0-255,1484,49520,14,111549
3809,0.001513,172.217.194.0-255,1484,51004,14,111549
3810,0.001518,172.31.36.0-255,66,51070,14,111549
3811,0.001535,172.217.194.0-255,1484,52554,14,111549
3812,0.001545,172.31.36.0-255,66,52620,14,111549
3813,0.001554,172.31.36.0-255,66,52686,14,111549
3814,0.001558,172.217.194.0-255,1484,54170,14,111549
3815,0.001587,172.31.36.0-255,66,54236,14,111549
3816,0.001609,172.31.36.0-255,66,54302,14,111549
3817,0.001628,172.217.194.0-255,3602,57904,14,111549
3818,0.00163,172.31.36.0-255,66,57970,14,111549
3819,0.002363,172.217.194.0-255,1484,59454,14,111549
3820,0.002376,172.217.194.0-255,2902,62356,14,111549
3821,0.002379,172.31.36.0-255,66,62422,14,111549
3822,0.002385,172.217.194.0-255,4320,66742,14,111549
3823,0.002387,172.31.36.0-255,66,66808,14,111549
3824,0.002397,172.217.194.0-255,1484,68292,14,111549
3825,0.00241,172.217.194.0-255,1484,69776,14,111549
3826,0.002412,172.31.36.0-255,66,69842,14,111549
3827,0.002444,172.31.36.0-255,66,69908,14,111549
3828,0.002455,172.217.194.0-255,1484,71392,14,111549
3829,0.002478,172.217.194.0-255,4320,75712,14,111549
3830,0.002481,172.31.36.0-255,66,75778,14,111549
3831,0.002505,172.31.36.0-255,66,75844,14,111549
3832,0.002539,172.217.194.0-255,1484,77328,14,111549
3833,0.00255,172.217.194.0-255,1484,78812,14,111549
3834,0.002553,172.31.36.0-255,66,78878,14,111549
3835,0.002558,172.217.194.0-255,4320,83198,14,111549
3836,0.002561,172.31.36.0-255,66,83264,14,111549
3837,0.00257,172.31.36.0-255,66,83330,14,111549
3838,0.002586,172.217.194.0-255,2902,86232,14,111549
3839,0.002588,172.31.36.0-255,66,86298,14,111549
3840,0.002602,172.31.36.0-255,66,86364,14,111549
3841,0.002607,172.217.194.0-255,2902,89266,14,111549
3842,0.002609,172.31.36.0-255,66,89332,14,111549
3843,0.002634,172.31.36.0-255,66,89398,14,111549
3844,0.002642,172.31.36.0-255,66,89464,14,111549
3845,0.002669,172.31.36.0-255,66,89530,14,111549
3846,0.002678,172.31.36.0-255,66,89596,14,111549
3847,0.002697,172.31.36.0-255,66,89662,14,111549
3848,0.003171,172.217.194.0-255,1484,91146,14,111549
3849,0.003189,172.217.194.0-255,1484,92630,14,111549
3850,0.003191,172.31.36.0-255,66,92696,14,111549
3851,0.00321,172.217.194.0-255,1484,94180,14,111549
3852,0.003218,172.31.36.0-255,66,94246,14,111549
3853,0.003222,172.217.194.0-255,2902,97148,14,111549
3854,0.003224,172.31.36.0-255,66,97214,14,111549
3855,0.00327,172.31.36.0-255,66,97280,14,111549
3856,0.003283,172.31.36.0-255,66,97346,14,111549
3857,0.003495,172.217.194.0-255,1484,98830,14,111549
3858,0.003501,172.217.194.0-255,2902,101732,14,111549
3859,0.003505,172.31.36.0-255,66,101798,14,111549
3860,0.00353,172.31.36.0-255,66,101864,14,111549
3861,0.003567,172.31.36.0-255,66,101930,14,111549
3862,0.003571,172.217.194.0-255,2902,104832,14,111549
3863,0.003573,172.31.36.0-255,66,104898,14,111549
3864,0.003584,172.31.36.0-255,66,104964,14,111549
3865,0.003606,172.217.194.0-255,2902,107866,14,111549
3866,0.003609,172.31.36.0-255,66,107932,14,111549
3867,0.003642,172.31.36.0-255,66,107998,14,111549
3868,0.003679,172.31.36.0-255,66,108064,14,111549
3869,0.003705,172.31.36.0-255,66,108130,14,111549
3870,0.003716,172.31.36.0-255,66,108196,14,111549
3871,0.00375,172.31.36.0-255,66,108262,14,111549
3872,0.003771,172.31.36.0-255,66,108328,14,111549
3873,0.003804,172.31.36.0-255,66,108394,14,111549
3874,0.00382,172.217.194.0-255,2813,111207,14,111549
3875,0.003823,172.31.36.0-255,66,111273,14,111549
3876,0.003826,172.217.194.0-255,105,111378,14,111549
3877,0.007558,172.31.36.0-255,66,111444,14,111549
3878,0.00759,172.31.36.0-255,105,111549,14,111549
3879,0.0,172.217.194.0-255,146,146,14,45091
3880,2.3e-05,172.31.36.0-255,66,212,14,45091
3881,3e-05,172.217.194.0-255,1484,1696,14,45091
3882,3.5e-05,172.31.36.0-255,66,1762,14,45091
3883,4.1e-05,172.217.194.0-255,2902,4664,14,45091
3884,4.4e-05,172.31.36.0-255,66,4730,14,45091
3885,5.5e-05,172.31.36.0-255,66,4796,14,45091
3886,5.9e-05,172.217.194.0-255,2085,6881,14,45091
3887,6.3e-05,172.31.36.0-255,66,6947,14,45091
3888,0.000175,172.217.194.0-255,1484,8431,14,45091
3889,0.000179,172.31.36.0-255,66,8497,14,45091
3890,0.000203,172.217.194.0-255,2902,11399,14,45091
3891,0.000207,172.31.36.0-255,66,11465,14,45091
3892,0.000216,172.31.36.0-255,66,11531,14,45091
3893,0.00026,172.31.36.0-255,66,11597,14,45091
3894,0.000431,172.217.194.0-255,1484,13081,14,45091
3895,0.000435,172.31.36.0-255,66,13147,14,45091
3896,0.000441,172.217.194.0-255,2902,16049,14,45091
3897,0.000443,172.31.36.0-255,66,16115,14,45091
3898,0.000453,172.31.36.0-255,66,16181,14,45091
3899,0.000456,172.217.194.0-255,1484,17665,14,45091
3900,0.000458,172.31.36.0-255,66,17731,14,45091
3901,0.000482,172.31.36.0-255,66,17797,14,45091
3902,0.000488,172.217.194.0-255,4320,22117,14,45091
3903,0.00049,172.31.36.0-255,66,22183,14,45091
3904,0.000515,172.31.36.0-255,66,22249,14,45091
3905,0.000519,172.217.194.0-255,2543,24792,14,45091
3906,0.000522,172.31.36.0-255,66,24858,14,45091
3907,0.00089,172.217.194.0-255,360,25218,14,45091
3908,0.001114,172.31.36.0-255,66,25284,14,45091
3909,0.002836,172.217.194.0-255,383,25667,14,45091
3910,0.002874,172.217.194.0-255,1484,27151,14,45091
3911,0.002879,172.31.36.0-255,66,27217,14,45091
3912,0.002897,172.217.194.0-255,1484,28701,14,45091
3913,0.003427,172.217.194.0-255,1484,30185,14,45091
3914,0.00343,172.31.36.0-255,66,30251,14,45091
3915,0.005222,172.217.194.0-255,2902,33153,14,45091
3916,0.005226,172.31.36.0-255,66,33219,14,45091
3917,0.005754,172.217.194.0-255,2902,36121,14,45091
3918,0.005757,172.31.36.0-255,66,36187,14,45091
3919,0.007552,172.217.194.0-255,2902,39089,14,45091
3920,0.007559,172.31.36.0-255,66,39155,14,45091
3921,0.008109,172.217.194.0-255,2902,42057,14,45091
3922,0.008115,172.31.36.0-255,66,42123,14,45091
3923,0.009918,172.217.194.0-255,2902,45025,14,45091
3924,0.009926,172.31.36.0-255,66,45091,14,45091
3925,0.0,74.125.24.0-255,152,152,14,76695
3926,2.2e-05,172.31.36.0-255,66,218,14,76695
3927,2.9e-05,74.125.24.0-255,1484,1702,14,76695
3928,3.4e-05,172.31.36.0-255,66,1768,14,76695
3929,3.9e-05,74.125.24.0-255,2902,4670,14,76695
3930,5.3e-05,172.31.36.0-255,66,4736,14,76695
3931,5.8e-05,74.125.24.0-255,2902,7638,14,76695
3932,6.2e-05,172.31.36.0-255,66,7704,14,76695
3933,0.000107,172.31.36.0-255,66,7770,14,76695
3934,0.000177,74.125.24.0-255,1484,9254,14,76695
3935,0.00018,172.31.36.0-255,66,9320,14,76695
3936,0.000207,74.125.24.0-255,2902,12222,14,76695
3937,0.00021,172.31.36.0-255,66,12288,14,76695
3938,0.000219,172.31.36.0-255,66,12354,14,76695
3939,0.000224,74.125.24.0-255,2902,15256,14,76695
3940,0.000226,172.31.36.0-255,66,15322,14,76695
3941,0.000255,74.125.24.0-255,2902,18224,14,76695
3942,0.000259,172.31.36.0-255,66,18290,14,76695
3943,0.000264,74.125.24.0-255,4320,22610,14,76695
3944,0.000267,172.31.36.0-255,66,22676,14,76695
3945,0.000303,172.31.36.0-255,66,22742,14,76695
3946,0.000309,74.125.24.0-255,3961,26703,14,76695
3947,0.000311,172.31.36.0-255,66,26769,14,76695
3948,0.000587,74.125.24.0-255,1484,28253,14,76695
3949,0.000594,172.31.36.0-255,66,28319,14,76695
3950,0.000601,74.125.24.0-255,2902,31221,14,76695
3951,0.000603,172.31.36.0-255,66,31287,14,76695
3952,0.000618,172.31.36.0-255,66,31353,14,76695
3953,0.000624,74.125.24.0-255,4320,35673,14,76695
3954,0.000627,172.31.36.0-255,66,35739,14,76695
3955,0.000649,74.125.24.0-255,2543,38282,14,76695
3956,0.000653,172.31.36.0-255,66,38348,14,76695
3957,0.000716,74.125.24.0-255,1484,39832,14,76695
3958,0.000722,74.125.24.0-255,1484,41316,14,76695
3959,0.000726,172.31.36.0-255,66,41382,14,76695
3960,0.000751,74.125.24.0-255,1484,42866,14,76695
3961,0.000761,172.31.36.0-255,66,42932,14,76695
3962,0.000774,172.31.36.0-255,66,42998,14,76695
3963,0.000803,74.125.24.0-255,1484,44482,14,76695
3964,0.000806,74.125.24.0-255,1484,45966,14,76695
3965,0.000809,172.31.36.0-255,66,46032,14,76695
3966,0.000815,74.125.24.0-255,4320,50352,14,76695
3967,0.000817,172.31.36.0-255,66,50418,14,76695
3968,0.000858,172.31.36.0-255,66,50484,14,76695
3969,0.000861,74.125.24.0-255,645,51129,14,76695
3970,0.001064,74.125.24.0-255,1484,52613,14,76695
3971,0.001069,172.31.36.0-255,66,52679,14,76695
3972,0.001075,74.125.24.0-255,2902,55581,14,76695
3973,0.001077,172.31.36.0-255,66,55647,14,76695
3974,0.00109,172.31.36.0-255,66,55713,14,76695
3975,0.001131,172.31.36.0-255,66,55779,14,76695
3976,0.001184,74.125.24.0-255,4320,60099,14,76695
3977,0.001188,172.31.36.0-255,66,60165,14,76695
3978,0.00122,172.31.36.0-255,66,60231,14,76695
3979,0.001523,74.125.24.0-255,1484,61715,14,76695
3980,0.001528,74.125.24.0-255,2902,64617,14,76695
3981,0.001534,172.31.36.0-255,66,64683,14,76695
3982,0.001568,172.31.36.0-255,66,64749,14,76695
3983,0.001583,172.31.36.0-255,66,64815,14,76695
3984,0.001594,172.31.36.0-255,66,64881,14,76695
3985,0.00166,74.125.24.0-255,2184,67065,14,76695
3986,0.001663,172.31.36.0-255,66,67131,14,76695
3987,0.00201,74.125.24.0-255,1484,68615,14,76695
3988,0.002017,74.125.24.0-255,2902,71517,14,76695
3989,0.00202,172.31.36.0-255,66,71583,14,76695
3990,0.002031,172.31.36.0-255,66,71649,14,76695
3991,0.002049,172.31.36.0-255,66,71715,14,76695
3992,0.002059,172.31.36.0-255,66,71781,14,76695
3993,0.002105,172.31.36.0-255,66,71847,14,76695
3994,0.002278,74.125.24.0-255,1484,73331,14,76695
3995,0.002293,74.125.24.0-255,2902,76233,14,76695
3996,0.002296,172.31.36.0-255,66,76299,14,76695
3997,0.002306,172.31.36.0-255,66,76365,14,76695
3998,0.002364,172.31.36.0-255,66,76431,14,76695
3999,0.002393,172.31.36.0-255,66,76497,14,76695
4000,0.002424,172.31.36.0-255,66,76563,14,76695
4001,0.00503,172.31.36.0-255,66,76629,14,76695
4002,0.007597,172.31.36.0-255,66,76695,14,76695
4003,0.0,74.125.24.0-255,299,299,14,100614
4004,2.5e-05,172.31.36.0-255,66,365,14,100614
4005,3.2e-05,74.125.24.0-255,1484,1849,14,100614
4006,3.7e-05,172.31.36.0-255,66,1915,14,100614
4007,5.2e-05,74.125.24.0-255,4320,6235,14,100614
4008,5.6e-05,172.31.36.0-255,66,6301,14,100614
4009,5.9e-05,74.125.24.0-255,1484,7785,14,100614
4010,6.2e-05,172.31.36.0-255,66,7851,14,100614
4011,0.000107,172.31.36.0-255,66,7917,14,100614
4012,0.000424,74.125.24.0-255,1484,9401,14,100614
4013,0.000429,172.31.36.0-255,66,9467,14,100614
4014,0.000436,74.125.24.0-255,2902,12369,14,100614
4015,0.000439,172.31.36.0-255,66,12435,14,100614
4016,0.000476,172.31.36.0-255,66,12501,14,100614
4017,0.000481,74.125.24.0-255,2902,15403,14,100614
4018,0.000484,172.31.36.0-255,66,15469,14,100614
4019,0.000499,74.125.24.0-255,3961,19430,14,100614
4020,0.000506,172.31.36.0-255,66,19496,14,100614
4021,0.000752,74.125.24.0-255,1484,20980,14,100614
4022,0.000757,172.31.36.0-255,66,21046,14,100614
4023,0.000783,74.125.24.0-255,2902,23948,14,100614
4024,0.000786,172.31.36.0-255,66,24014,14,100614
4025,0.000792,74.125.24.0-255,4320,28334,14,100614
4026,0.000794,172.31.36.0-255,66,28400,14,100614
4027,0.000828,172.31.36.0-255,66,28466,14,100614
4028,0.000873,172.31.36.0-255,66,28532,14,100614
4029,0.000898,74.125.24.0-255,2543,31075,14,100614
4030,0.000901,172.31.36.0-255,66,31141,14,100614
4031,0.00115,74.125.24.0-255,412,31553,14,100614
4032,0.001196,172.31.36.0-255,66,31619,14,100614
4033,0.001253,74.125.24.0-255,1484,33103,14,100614
4034,0.001263,74.125.24.0-255,2902,36005,14,100614
4035,0.001266,172.31.36.0-255,66,36071,14,100614
4036,0.001277,172.31.36.0-255,66,36137,14,100614
4037,0.001308,74.125.24.0-255,4320,40457,14,100614
4038,0.001311,172.31.36.0-255,66,40523,14,100614
4039,0.001337,74.125.24.0-255,2902,43425,14,100614
4040,0.001339,172.31.36.0-255,66,43491,14,100614
4041,0.001355,172.31.36.0-255,66,43557,14,100614
4042,0.001359,74.125.24.0-255,2184,45741,14,100614
4043,0.001362,172.31.36.0-255,66,45807,14,100614
4044,0.001389,74.125.24.0-255,331,46138,14,100614
4045,0.001535,74.125.24.0-255,1484,47622,14,100614
4046,0.001538,172.31.36.0-255,66,47688,14,100614
4047,0.001543,74.125.24.0-255,2902,50590,14,100614
4048,0.001546,172.31.36.0-255,66,50656,14,100614
4049,0.00156,172.31.36.0-255,66,50722,14,100614
4050,0.001602,172.31.36.0-255,66,50788,14,100614
4051,0.001605,74.125.24.0-255,1484,52272,14,100614
4052,0.001633,172.31.36.0-255,66,52338,14,100614
4053,0.001637,74.125.24.0-255,2184,54522,14,100614
4054,0.001639,172.31.36.0-255,66,54588,14,100614
4055,0.001684,74.125.24.0-255,2902,57490,14,100614
4056,0.001687,172.31.36.0-255,66,57556,14,100614
4057,0.00169,74.125.24.0-255,1484,59040,14,100614
4058,0.001716,74.125.24.0-255,2902,61942,14,100614
4059,0.001719,172.31.36.0-255,66,62008,14,100614
4060,0.001731,172.31.36.0-255,66,62074,14,100614
4061,0.001766,172.31.36.0-255,66,62140,14,100614
4062,0.001803,172.31.36.0-255,66,62206,14,100614
4063,0.001842,74.125.24.0-255,1484,63690,14,100614
4064,0.001847,74.125.24.0-255,2902,66592,14,100614
4065,0.001849,172.31.36.0-255,66,66658,14,100614
4066,0.001878,172.31.36.0-255,66,66724,14,100614
4067,0.001912,172.31.36.0-255,66,66790,14,100614
4068,0.001918,74.125.24.0-255,4320,71110,14,100614
4069,0.00192,172.31.36.0-255,66,71176,14,100614
4070,0.002001,172.31.36.0-255,66,71242,14,100614
4071,0.002011,172.31.36.0-255,66,71308,14,100614
4072,0.002022,172.31.36.0-255,66,71374,14,100614
4073,0.002052,172.31.36.0-255,66,71440,14,100614
4074,0.00208,172.31.36.0-255,66,71506,14,100614
4075,0.002083,74.125.24.0-255,766,72272,14,100614
4076,0.002184,74.125.24.0-255,1484,73756,14,100614
4077,0.002187,172.31.36.0-255,66,73822,14,100614
4078,0.002192,74.125.24.0-255,2902,76724,14,100614
4079,0.002195,172.31.36.0-255,66,76790,14,100614
4080,0.0022,74.125.24.0-255,2902,79692,14,100614
4081,0.002206,172.31.36.0-255,66,79758,14,100614
4082,0.002239,74.125.24.0-255,2902,82660,14,100614
4083,0.002241,172.31.36.0-255,66,82726,14,100614
4084,0.002248,74.125.24.0-255,4320,87046,14,100614
4085,0.002251,172.31.36.0-255,66,87112,14,100614
4086,0.002269,172.31.36.0-255,66,87178,14,100614
4087,0.002281,172.31.36.0-255,66,87244,14,100614
4088,0.002356,74.125.24.0-255,1484,88728,14,100614
4089,0.002375,74.125.24.0-255,2902,91630,14,100614
4090,0.002377,172.31.36.0-255,66,91696,14,100614
4091,0.002388,172.31.36.0-255,66,91762,14,100614
4092,0.002431,172.31.36.0-255,66,91828,14,100614
4093,0.002435,74.125.24.0-255,2902,94730,14,100614
4094,0.002438,172.31.36.0-255,66,94796,14,100614
4095,0.002469,172.31.36.0-255,66,94862,14,100614
4096,0.002474,74.125.24.0-255,2902,97764,14,100614
4097,0.002476,172.31.36.0-255,66,97830,14,100614
4098,0.002535,172.31.36.0-255,66,97896,14,100614
4099,0.002538,74.125.24.0-255,1484,99380,14,100614
4100,0.002553,172.31.36.0-255,66,99446,14,100614
4101,0.002562,172.31.36.0-255,66,99512,14,100614
4102,0.002603,172.31.36.0-255,66,99578,14,100614
4103,0.002616,172.31.36.0-255,66,99644,14,100614
4104,0.002695,172.31.36.0-255,66,99710,14,100614
4105,0.002733,172.31.36.0-255,66,99776,14,100614
4106,0.002736,74.125.24.0-255,733,100509,14,100614
4107,0.005307,74.125.24.0-255,105,100614,14,100614
4108,0.0,172.217.194.0-255,153,153,14,28939
4109,1.7e-05,172.31.36.0-255,66,219,14,28939
4110,2.4e-05,172.217.194.0-255,1484,1703,14,28939
4111,2.8e-05,172.31.36.0-255,66,1769,14,28939
4112,3.4e-05,172.217.194.0-255,2902,4671,14,28939
4113,3.8e-05,172.31.36.0-255,66,4737,14,28939
4114,4.8e-05,172.31.36.0-255,66,4803,14,28939
4115,9.1e-05,172.217.194.0-255,3484,8287,14,28939
4116,9.4e-05,172.31.36.0-255,66,8353,14,28939
4117,0.000115,172.217.194.0-255,1484,9837,14,28939
4118,0.000117,172.31.36.0-255,66,9903,14,28939
4119,0.000137,172.217.194.0-255,2902,12805,14,28939
4120,0.00014,172.31.36.0-255,66,12871,14,28939
4121,0.000148,172.31.36.0-255,66,12937,14,28939
4122,0.000167,172.217.194.0-255,2902,15839,14,28939
4123,0.000169,172.31.36.0-255,66,15905,14,28939
4124,0.0002,172.217.194.0-255,1484,17389,14,28939
4125,0.000203,172.31.36.0-255,66,17455,14,28939
4126,0.000208,172.217.194.0-255,2902,20357,14,28939
4127,0.00021,172.31.36.0-255,66,20423,14,28939
4128,0.000228,172.217.194.0-255,1484,21907,14,28939
4129,0.00023,172.31.36.0-255,66,21973,14,28939
4130,0.000252,172.217.194.0-255,4320,26293,14,28939
4131,0.000255,172.31.36.0-255,66,26359,14,28939
4132,0.000327,172.31.36.0-255,66,26425,14,28939
4133,0.000347,172.217.194.0-255,2184,28609,14,28939
4134,0.000349,172.31.36.0-255,66,28675,14,28939
4135,0.002453,172.31.36.0-255,66,28741,14,28939
4136,0.004568,172.31.36.0-255,66,28807,14,28939
4137,0.006699,172.31.36.0-255,66,28873,14,28939
4138,0.008814,172.31.36.0-255,66,28939,14,28939
4139,0.0,172.217.27.0-255,152,152,14,91997
4140,1.6e-05,172.31.36.0-255,66,218,14,91997
4141,2.3e-05,172.217.27.0-255,1484,1702,14,91997
4142,2.8e-05,172.31.36.0-255,66,1768,14,91997
4143,4.3e-05,172.217.27.0-255,2902,4670,14,91997
4144,4.6e-05,172.31.36.0-255,66,4736,14,91997
4145,5.6e-05,172.31.36.0-255,66,4802,14,91997
4146,6.1e-05,172.217.27.0-255,3428,8230,14,91997
4147,6.3e-05,172.31.36.0-255,66,8296,14,91997
4148,7e-05,172.217.27.0-255,4320,12616,14,91997
4149,7.3e-05,172.31.36.0-255,66,12682,14,91997
4150,7.9e-05,172.217.27.0-255,4320,17002,14,91997
4151,8.2e-05,172.31.36.0-255,66,17068,14,91997
4152,0.000123,172.31.36.0-255,66,17134,14,91997
4153,0.000128,172.217.27.0-255,2543,19677,14,91997
4154,0.00013,172.31.36.0-255,66,19743,14,91997
4155,0.000254,172.217.27.0-255,1484,21227,14,91997
4156,0.000258,172.31.36.0-255,66,21293,14,91997
4157,0.000264,172.217.27.0-255,2902,24195,14,91997
4158,0.000267,172.31.36.0-255,66,24261,14,91997
4159,0.000302,172.31.36.0-255,66,24327,14,91997
4160,0.000307,172.217.27.0-255,2902,27229,14,91997
4161,0.000309,172.31.36.0-255,66,27295,14,91997
4162,0.000319,172.217.27.0-255,3961,31256,14,91997
4163,0.000321,172.31.36.0-255,66,31322,14,91997
4164,0.000349,172.31.36.0-255,66,31388,14,91997
4165,0.000371,172.217.27.0-255,2902,34290,14,91997
4166,0.000373,172.31.36.0-255,66,34356,14,91997
4167,0.000381,172.217.27.0-255,1484,35840,14,91997
4168,0.00041,172.31.36.0-255,66,35906,14,91997
4169,0.000696,172.217.27.0-255,116,36022,14,91997
4170,0.000832,172.217.27.0-255,1484,37506,14,91997
4171,0.000837,172.31.36.0-255,66,37572,14,91997
4172,0.000843,172.217.27.0-255,2902,40474,14,91997
4173,0.000845,172.31.36.0-255,66,40540,14,91997
4174,0.00085,172.217.27.0-255,2902,43442,14,91997
4175,0.000857,172.31.36.0-255,66,43508,14,91997
4176,0.000863,172.217.27.0-255,4320,47828,14,91997
4177,0.000865,172.31.36.0-255,66,47894,14,91997
4178,0.000905,172.31.36.0-255,66,47960,14,91997
4179,0.000917,172.31.36.0-255,66,48026,14,91997
4180,0.000976,172.217.27.0-255,3961,51987,14,91997
4181,0.000979,172.31.36.0-255,66,52053,14,91997
4182,0.001081,172.217.27.0-255,1484,53537,14,91997
4183,0.001086,172.217.27.0-255,2902,56439,14,91997
4184,0.001091,172.31.36.0-255,66,56505,14,91997
4185,0.00111,172.31.36.0-255,66,56571,14,91997
4186,0.001113,172.217.27.0-255,1484,58055,14,91997
4187,0.001119,172.217.27.0-255,4320,62375,14,91997
4188,0.001122,172.31.36.0-255,66,62441,14,91997
4189,0.001136,172.217.27.0-255,4320,66761,14,91997
4190,0.001142,172.31.36.0-255,66,66827,14,91997
4191,0.001194,172.31.36.0-255,66,66893,14,91997
4192,0.001242,172.217.27.0-255,1484,68377,14,91997
4193,0.001249,172.217.27.0-255,2902,71279,14,91997
4194,0.001252,172.31.36.0-255,66,71345,14,91997
4195,0.001282,172.31.36.0-255,66,71411,14,91997
4196,0.001287,172.217.27.0-255,2902,74313,14,91997
4197,0.001289,172.31.36.0-255,66,74379,14,91997
4198,0.001325,172.31.36.0-255,66,74445,14,91997
4199,0.001337,172.31.36.0-255,66,74511,14,91997
4200,0.001454,172.217.27.0-255,1484,75995,14,91997
4201,0.001458,172.217.27.0-255,1484,77479,14,91997
4202,0.001462,172.31.36.0-255,66,77545,14,91997
4203,0.001483,172.217.27.0-255,1484,79029,14,91997
4204,0.001493,172.31.36.0-255,66,79095,14,91997
4205,0.001498,172.217.27.0-255,2902,81997,14,91997
4206,0.001501,172.31.36.0-255,66,82063,14,91997
4207,0.001552,172.31.36.0-255,66,82129,14,91997
4208,0.001555,172.31.36.0-255,66,82195,14,91997
4209,0.001574,172.217.27.0-255,3602,85797,14,91997
4210,0.001576,172.31.36.0-255,66,85863,14,91997
4211,0.003178,172.217.27.0-255,1484,87347,14,91997
4212,0.003204,172.217.27.0-255,4320,91667,14,91997
4213,0.003209,172.31.36.0-255,66,91733,14,91997
4214,0.004844,172.31.36.0-255,66,91799,14,91997
4215,0.006477,172.31.36.0-255,66,91865,14,91997
4216,0.008127,172.31.36.0-255,66,91931,14,91997
4217,0.009775,172.31.36.0-255,66,91997,14,91997
4218,0.0,74.125.130.0-255,153,153,14,136167
4219,3.7e-05,172.31.36.0-255,66,219,14,136167
4220,4.5e-05,74.125.130.0-255,1484,1703,14,136167
4221,5.1e-05,172.31.36.0-255,66,1769,14,136167
4222,5.6e-05,74.125.130.0-255,2902,4671,14,136167
4223,5.8e-05,172.31.36.0-255,66,4737,14,136167
4224,6.3e-05,74.125.130.0-255,4320,9057,14,136167
4225,6.6e-05,172.31.36.0-255,66,9123,14,136167
4226,0.000101,172.31.36.0-255,66,9189,14,136167
4227,0.000179,74.125.130.0-255,1484,10673,14,136167
4228,0.000183,172.31.36.0-255,66,10739,14,136167
4229,0.000187,74.125.130.0-255,1484,12223,14,136167
4230,0.000189,172.31.36.0-255,66,12289,14,136167
4231,0.000204,74.125.130.0-255,1484,13773,14,136167
4232,0.000208,172.31.36.0-255,66,13839,14,136167
4233,0.000214,74.125.130.0-255,4320,18159,14,136167
4234,0.000218,172.31.36.0-255,66,18225,14,136167
4235,0.000239,74.125.130.0-255,1484,19709,14,136167
4236,0.000242,172.31.36.0-255,66,19775,14,136167
4237,0.000246,74.125.130.0-255,1484,21259,14,136167
4238,0.000248,172.31.36.0-255,66,21325,14,136167
4239,0.00027,172.31.36.0-255,66,21391,14,136167
4240,0.000276,74.125.130.0-255,4320,25711,14,136167
4241,0.000278,172.31.36.0-255,66,25777,14,136167
4242,0.000295,74.125.130.0-255,2902,28679,14,136167
4243,0.000297,172.31.36.0-255,66,28745,14,136167
4244,0.000302,74.125.130.0-255,4320,33065,14,136167
4245,0.000304,172.31.36.0-255,66,33131,14,136167
4246,0.000307,74.125.130.0-255,1484,34615,14,136167
4247,0.000308,172.31.36.0-255,66,34681,14,136167
4248,0.000329,74.125.130.0-255,3961,38642,14,136167
4249,0.000343,172.31.36.0-255,66,38708,14,136167
4250,0.000394,74.125.130.0-255,1484,40192,14,136167
4251,0.000415,74.125.130.0-255,2902,43094,14,136167
4252,0.000423,172.31.36.0-255,66,43160,14,136167
4253,0.000439,74.125.130.0-255,2902,46062,14,136167
4254,0.00044,172.31.36.0-255,66,46128,14,136167
4255,0.000446,172.31.36.0-255,66,46194,14,136167
4256,0.000458,74.125.130.0-255,1484,47678,14,136167
4257,0.000471,74.125.130.0-255,2543,50221,14,136167
4258,0.000477,172.31.36.0-255,66,50287,14,136167
4259,0.000489,74.125.130.0-255,375,50662,14,136167
4260,0.000654,74.125.130.0-255,367,51029,14,136167
4261,0.000822,74.125.130.0-255,1484,52513,14,136167
4262,0.000826,172.31.36.0-255,66,52579,14,136167
4263,0.000831,74.125.130.0-255,2902,55481,14,136167
4264,0.000833,172.31.36.0-255,66,55547,14,136167
4265,0.000845,74.125.130.0-255,1484,57031,14,136167
4266,0.000866,74.125.130.0-255,4320,61351,14,136167
4267,0.000869,172.31.36.0-255,66,61417,14,136167
4268,0.000878,172.31.36.0-255,66,61483,14,136167
4269,0.000899,74.125.130.0-255,1125,62608,14,136167
4270,0.000909,172.31.36.0-255,66,62674,14,136167
4271,0.000924,74.125.130.0-255,1484,64158,14,136167
4272,0.00094,74.125.130.0-255,4320,68478,14,136167
4273,0.000943,172.31.36.0-255,66,68544,14,136167
4274,0.000965,74.125.130.0-255,4320,72864,14,136167
4275,0.000967,74.125.130.0-255,1125,73989,14,136167
4276,0.000968,172.31.36.0-255,66,74055,14,136167
4277,0.001157,172.31.36.0-255,66,74121,14,136167
4278,0.001337,74.125.130.0-255,1484,75605,14,136167
4279,0.001363,74.125.130.0-255,2902,78507,14,136167
4280,0.001367,172.31.36.0-255,66,78573,14,136167
4281,0.001375,74.125.130.0-255,4320,82893,14,136167
4282,0.001377,172.31.36.0-255,66,82959,14,136167
4283,0.001382,74.125.130.0-255,2902,85861,14,136167
4284,0.001384,172.31.36.0-255,66,85927,14,136167
4285,0.001398,74.125.130.0-255,2902,88829,14,136167
4286,0.001401,172.31.36.0-255,66,88895,14,136167
4287,0.001407,74.125.130.0-255,4320,93215,14,136167
4288,0.001409,172.31.36.0-255,66,93281,14,136167
4289,0.001438,172.31.36.0-255,66,93347,14,136167
4290,0.001458,74.125.130.0-255,1484,94831,14,136167
4291,0.001479,172.31.36.0-255,66,94897,14,136167
4292,0.001497,74.125.130.0-255,2184,97081,14,136167
4293,0.001499,172.31.36.0-255,66,97147,14,136167
4294,0.001531,74.125.130.0-255,1484,98631,14,136167
4295,0.001535,74.125.130.0-255,1484,100115,14,136167
4296,0.001537,172.31.36.0-255,66,100181,14,136167
4297,0.001553,74.125.130.0-255,1484,101665,14,136167
4298,0.001559,74.125.130.0-255,4320,105985,14,136167
4299,0.001562,172.31.36.0-255,66,106051,14,136167
4300,0.001647,74.125.130.0-255,2902,108953,14,136167
4301,0.001716,74.125.130.0-255,1484,110437,14,136167
4302,0.001891,74.125.130.0-255,1484,111921,14,136167
4303,0.001898,74.125.130.0-255,2902,114823,14,136167
4304,0.001912,74.125.130.0-255,1484,116307,14,136167
4305,0.001925,74.125.130.0-255,1484,117791,14,136167
4306,0.001945,74.125.130.0-255,2902,120693,14,136167
4307,0.001954,74.125.130.0-255,1484,122177,14,136167
4308,0.001959,74.125.130.0-255,4320,126497,14,136167
4309,0.001976,74.125.130.0-255,2902,129399,14,136167
4310,0.001987,74.125.130.0-255,2902,132301,14,136167
4311,0.002044,74.125.130.0-255,766,133067,14,136167
4312,0.002294,74.125.130.0-255,1484,134551,14,136167
4313,0.002299,74.125.130.0-255,1484,136035,14,136167
4314,0.005713,172.31.36.0-255,66,136101,14,136167
4315,0.008011,172.31.36.0-255,66,136167,14,136167
4316,0.0,172.217.194.0-255,153,153,14,74913
4317,1.7e-05,172.217.194.0-255,1484,1637,14,74913
4318,3.5e-05,172.31.36.0-255,66,1703,14,74913
4319,4.4e-05,172.217.194.0-255,2902,4605,14,74913
4320,4.7e-05,172.31.36.0-255,66,4671,14,74913
4321,5.7e-05,172.31.36.0-255,66,4737,14,74913
4322,6.9e-05,172.31.36.0-255,66,4803,14,74913
4323,9.6e-05,172.31.36.0-255,66,4869,14,74913
4324,0.000101,172.217.194.0-255,2543,7412,14,74913
4325,0.000103,172.31.36.0-255,66,7478,14,74913
4326,0.000117,172.217.194.0-255,1484,8962,14,74913
4327,0.00012,172.217.194.0-255,1484,10446,14,74913
4328,0.000122,172.31.36.0-255,66,10512,14,74913
4329,0.000145,172.217.194.0-255,1484,11996,14,74913
4330,0.00015,172.217.194.0-255,4320,16316,14,74913
4331,0.000152,172.31.36.0-255,66,16382,14,74913
4332,0.000163,172.217.194.0-255,1484,17866,14,74913
4333,0.000179,172.31.36.0-255,66,17932,14,74913
4334,0.000205,172.31.36.0-255,66,17998,14,74913
4335,0.000219,172.217.194.0-255,1484,19482,14,74913
4336,0.000242,172.31.36.0-255,66,19548,14,74913
4337,0.000507,172.217.194.0-255,99,19647,14,74913
4338,0.000592,172.217.194.0-255,1484,21131,14,74913
4339,0.000596,172.31.36.0-255,66,21197,14,74913
4340,0.000603,172.217.194.0-255,2902,24099,14,74913
4341,0.000606,172.31.36.0-255,66,24165,14,74913
4342,0.000609,172.217.194.0-255,1484,25649,14,74913
4343,0.000631,172.217.194.0-255,4320,29969,14,74913
4344,0.000634,172.31.36.0-255,66,30035,14,74913
4345,0.000649,172.217.194.0-255,2902,32937,14,74913
4346,0.000652,172.31.36.0-255,66,33003,14,74913
4347,0.000678,172.217.194.0-255,1484,34487,14,74913
4348,0.000689,172.31.36.0-255,66,34553,14,74913
4349,0.0007,172.31.36.0-255,66,34619,14,74913
4350,0.00073,172.31.36.0-255,66,34685,14,74913
4351,0.000748,172.217.194.0-255,1484,36169,14,74913
4352,0.000754,172.217.194.0-255,2902,39071,14,74913
4353,0.000756,172.31.36.0-255,66,39137,14,74913
4354,0.000765,172.31.36.0-255,66,39203,14,74913
4355,0.0008,172.31.36.0-255,66,39269,14,74913
4356,0.000821,172.217.194.0-255,1484,40753,14,74913
4357,0.000841,172.31.36.0-255,66,40819,14,74913
4358,0.001263,172.217.194.0-255,1484,42303,14,74913
4359,0.00127,172.217.194.0-255,2902,45205,14,74913
4360,0.001274,172.31.36.0-255,66,45271,14,74913
4361,0.001307,172.217.194.0-255,2902,48173,14,74913
4362,0.001309,172.31.36.0-255,66,48239,14,74913
4363,0.001325,172.217.194.0-255,2902,51141,14,74913
4364,0.001327,172.31.36.0-255,66,51207,14,74913
4365,0.001336,172.31.36.0-255,66,51273,14,74913
4366,0.00135,172.31.36.0-255,66,51339,14,74913
4367,0.001375,172.217.194.0-255,4320,55659,14,74913
4368,0.001378,172.31.36.0-255,66,55725,14,74913
4369,0.001381,172.217.194.0-255,766,56491,14,74913
4370,0.001602,172.217.194.0-255,1484,57975,14,74913
4371,0.001606,172.31.36.0-255,66,58041,14,74913
4372,0.001626,172.217.194.0-255,2902,60943,14,74913
4373,0.001629,172.31.36.0-255,66,61009,14,74913
4374,0.001638,172.31.36.0-255,66,61075,14,74913
4375,0.00166,172.217.194.0-255,1484,62559,14,74913
4376,0.001695,172.31.36.0-255,66,62625,14,74913
4377,0.001707,172.31.36.0-255,66,62691,14,74913
4378,0.001748,172.31.36.0-255,66,62757,14,74913
4379,0.001779,172.31.36.0-255,66,62823,14,74913
4380,0.00181,172.31.36.0-255,66,62889,14,74913
4381,0.00184,172.217.194.0-255,2902,65791,14,74913
4382,0.001843,172.31.36.0-255,66,65857,14,74913
4383,0.001863,172.217.194.0-255,1484,67341,14,74913
4384,0.001872,172.31.36.0-255,66,67407,14,74913
4385,0.001875,172.217.194.0-255,1484,68891,14,74913
4386,0.001908,172.31.36.0-255,66,68957,14,74913
4387,0.001924,172.31.36.0-255,66,69023,14,74913
4388,0.00197,172.31.36.0-255,66,69089,14,74913
4389,0.001998,172.31.36.0-255,66,69155,14,74913
4390,0.002038,172.31.36.0-255,66,69221,14,74913
4391,0.002051,172.31.36.0-255,66,69287,14,74913
4392,0.002076,172.31.36.0-255,66,69353,14,74913
4393,0.002091,172.31.36.0-255,66,69419,14,74913
4394,0.00221,172.31.36.0-255,66,69485,14,74913
4395,0.002222,172.217.194.0-255,2184,71669,14,74913
4396,0.002226,172.217.194.0-255,2902,74571,14,74913
4397,0.002229,172.31.36.0-255,66,74637,14,74913
4398,0.002254,172.217.194.0-255,105,74742,14,74913
4399,0.002272,172.31.36.0-255,66,74808,14,74913
4400,0.009379,172.31.36.0-255,105,74913,14,74913
4401,0.0,74.125.68.0-255,146,146,14,37831
4402,3.1e-05,74.125.68.0-255,1484,1630,14,37831
4403,4.2e-05,172.31.36.0-255,66,1696,14,37831
4404,5.1e-05,74.125.68.0-255,2902,4598,14,37831
4405,5.3e-05,172.31.36.0-255,66,4664,14,37831
4406,0.000108,74.125.68.0-255,2902,7566,14,37831
4407,0.000111,172.31.36.0-255,66,7632,14,37831
4408,0.000186,74.125.68.0-255,4320,11952,14,37831
4409,0.000191,172.31.36.0-255,66,12018,14,37831
4410,0.000308,74.125.68.0-255,2035,14053,14,37831
4411,0.000313,172.31.36.0-255,66,14119,14,37831
4412,0.000362,172.31.36.0-255,66,14185,14,37831
4413,0.000606,172.31.36.0-255,66,14251,14,37831
4414,0.000824,172.31.36.0-255,66,14317,14,37831
4415,0.000858,172.31.36.0-255,66,14383,14,37831
4416,0.001272,74.125.68.0-255,1484,15867,14,37831
4417,0.001321,74.125.68.0-255,2902,18769,14,37831
4418,0.001326,172.31.36.0-255,66,18835,14,37831
4419,0.001417,172.31.36.0-255,66,18901,14,37831
4420,0.00155,74.125.68.0-255,4320,23221,14,37831
4421,0.001553,172.31.36.0-255,66,23287,14,37831
4422,0.001582,172.31.36.0-255,66,23353,14,37831
4423,0.001927,74.125.68.0-255,4320,27673,14,37831
4424,0.001931,172.31.36.0-255,66,27739,14,37831
4425,0.001975,172.31.36.0-255,66,27805,14,37831
4426,0.002687,172.31.36.0-255,66,27871,14,37831
4427,0.002954,74.125.68.0-255,4320,32191,14,37831
4428,0.002957,172.31.36.0-255,66,32257,14,37831
4429,0.002987,172.31.36.0-255,66,32323,14,37831
4430,0.003262,172.31.36.0-255,66,32389,14,37831
4431,0.0033,172.31.36.0-255,66,32455,14,37831
4432,0.003917,172.31.36.0-255,66,32521,14,37831
4433,0.003954,172.31.36.0-255,66,32587,14,37831
4434,0.004891,172.31.36.0-255,66,32653,14,37831
4435,0.004923,172.31.36.0-255,66,32719,14,37831
4436,0.005593,172.31.36.0-255,66,32785,14,37831
4437,0.005634,172.31.36.0-255,66,32851,14,37831
4438,0.006595,172.31.36.0-255,66,32917,14,37831
4439,0.006628,172.31.36.0-255,66,32983,14,37831
4440,0.007372,172.31.36.0-255,66,33049,14,37831
4441,0.007413,172.31.36.0-255,66,33115,14,37831
4442,0.008295,172.31.36.0-255,66,33181,14,37831
4443,0.008322,172.31.36.0-255,66,33247,14,37831
4444,0.008691,172.31.36.0-255,66,33313,14,37831
4445,0.008745,172.31.36.0-255,66,33379,14,37831
4446,0.009644,74.125.68.0-255,4320,37699,14,37831
4447,0.009651,172.31.36.0-255,66,37765,14,37831
4448,0.009684,172.31.36.0-255,66,37831,14,37831
4449,0.0,172.253.118.0-255,156,156,14,67717
4450,2.6e-05,172.31.36.0-255,66,222,14,67717
4451,3.3e-05,172.253.118.0-255,1484,1706,14,67717
4452,3.6e-05,172.31.36.0-255,66,1772,14,67717
4453,4.1e-05,172.253.118.0-255,2902,4674,14,67717
4454,5.1e-05,172.31.36.0-255,66,4740,14,67717
4455,5.5e-05,172.253.118.0-255,2902,7642,14,67717
4456,5.7e-05,172.31.36.0-255,66,7708,14,67717
4457,0.000107,172.31.36.0-255,66,7774,14,67717
4458,0.00014,172.253.118.0-255,4320,12094,14,67717
4459,0.000144,172.31.36.0-255,66,12160,14,67717
4460,0.000153,172.31.36.0-255,66,12226,14,67717
4461,0.0002,172.31.36.0-255,66,12292,14,67717
4462,0.000262,172.253.118.0-255,2902,15194,14,67717
4463,0.000266,172.31.36.0-255,66,15260,14,67717
4464,0.000292,172.253.118.0-255,1484,16744,14,67717
4465,0.000295,172.31.36.0-255,66,16810,14,67717
4466,0.000328,172.31.36.0-255,66,16876,14,67717
4467,0.000338,172.31.36.0-255,66,16942,14,67717
4468,0.000369,172.253.118.0-255,1484,18426,14,67717
4469,0.000372,172.31.36.0-255,66,18492,14,67717
4470,0.000377,172.253.118.0-255,2902,21394,14,67717
4471,0.000379,172.31.36.0-255,66,21460,14,67717
4472,0.000406,172.253.118.0-255,4320,25780,14,67717
4473,0.000409,172.31.36.0-255,66,25846,14,67717
4474,0.000418,172.31.36.0-255,66,25912,14,67717
4475,0.00046,172.253.118.0-255,2877,28789,14,67717
4476,0.000464,172.31.36.0-255,66,28855,14,67717
4477,0.000496,172.253.118.0-255,109,28964,14,67717
4478,0.00058,172.253.118.0-255,1484,30448,14,67717
4479,0.000585,172.31.36.0-255,66,30514,14,67717
4480,0.000589,172.253.118.0-255,1484,31998,14,67717
4481,0.00061,172.253.118.0-255,1484,33482,14,67717
4482,0.000613,172.31.36.0-255,66,33548,14,67717
4483,0.000623,172.31.36.0-255,66,33614,14,67717
4484,0.000654,172.31.36.0-255,66,33680,14,67717
4485,0.000781,172.253.118.0-255,1484,35164,14,67717
4486,0.000794,172.253.118.0-255,2902,38066,14,67717
4487,0.000797,172.31.36.0-255,66,38132,14,67717
4488,0.000801,172.253.118.0-255,1484,39616,14,67717
4489,0.00081,172.31.36.0-255,66,39682,14,67717
4490,0.00084,172.253.118.0-255,1484,41166,14,67717
4491,0.00086,172.253.118.0-255,3961,45127,14,67717
4492,0.000863,172.31.36.0-255,66,45193,14,67717
4493,0.001474,172.253.118.0-255,1484,46677,14,67717
4494,0.001485,172.253.118.0-255,2902,49579,14,67717
4495,0.00149,172.31.36.0-255,66,49645,14,67717
4496,0.001494,172.253.118.0-255,1484,51129,14,67717
4497,0.001523,172.253.118.0-255,4320,55449,14,67717
4498,0.001527,172.31.36.0-255,66,55515,14,67717
4499,0.001539,172.31.36.0-255,66,55581,14,67717
4500,0.001583,172.31.36.0-255,66,55647,14,67717
4501,0.001613,172.31.36.0-255,66,55713,14,67717
4502,0.003684,172.31.36.0-255,66,55779,14,67717
4503,0.005733,172.31.36.0-255,66,55845,14,67717
4504,0.007791,172.253.118.0-255,2902,58747,14,67717
4505,0.007798,172.31.36.0-255,66,58813,14,67717
4506,0.007829,172.253.118.0-255,2902,61715,14,67717
4507,0.007832,172.31.36.0-255,66,61781,14,67717
4508,0.00988,172.253.118.0-255,2902,64683,14,67717
4509,0.009886,172.31.36.0-255,66,64749,14,67717
4510,0.009924,172.253.118.0-255,2902,67651,14,67717
4511,0.009928,172.31.36.0-255,66,67717,14,67717
4512,0.0,172.217.194.0-255,143,143,14,125019
4513,3.2e-05,172.217.194.0-255,1484,1627,14,125019
4514,4.3e-05,172.31.36.0-255,66,1693,14,125019
4515,5.1e-05,172.217.194.0-255,2902,4595,14,125019
4516,5.3e-05,172.31.36.0-255,66,4661,14,125019
4517,6.2e-05,172.31.36.0-255,66,4727,14,125019
4518,8.3e-05,172.217.194.0-255,1484,6211,14,125019
4519,8.9e-05,172.217.194.0-255,3413,9624,14,125019
4520,9.2e-05,172.31.36.0-255,66,9690,14,125019
4521,0.000102,172.31.36.0-255,66,9756,14,125019
4522,0.00013,172.31.36.0-255,66,9822,14,125019
4523,0.000134,172.217.194.0-255,2543,12365,14,125019
4524,0.000136,172.31.36.0-255,66,12431,14,125019
4525,0.000233,172.217.194.0-255,1484,13915,14,125019
4526,0.000237,172.217.194.0-255,1484,15399,14,125019
4527,0.000241,172.31.36.0-255,66,15465,14,125019
4528,0.000262,172.217.194.0-255,1484,16949,14,125019
4529,0.000271,172.31.36.0-255,66,17015,14,125019
4530,0.000274,172.217.194.0-255,1484,18499,14,125019
4531,0.000302,172.31.36.0-255,66,18565,14,125019
4532,0.000311,172.31.36.0-255,66,18631,14,125019
4533,0.000366,172.31.36.0-255,66,18697,14,125019
4534,0.00037,172.217.194.0-255,100,18797,14,125019
4535,0.000392,172.217.194.0-255,363,19160,14,125019
4536,0.000581,172.217.194.0-255,1484,20644,14,125019
4537,0.000586,172.31.36.0-255,66,20710,14,125019
4538,0.000592,172.217.194.0-255,2902,23612,14,125019
4539,0.000594,172.31.36.0-255,66,23678,14,125019
4540,0.00063,172.31.36.0-255,66,23744,14,125019
4541,0.000635,172.217.194.0-255,2902,26646,14,125019
4542,0.000637,172.31.36.0-255,66,26712,14,125019
4543,0.000683,172.31.36.0-255,66,26778,14,125019
4544,0.000693,172.31.36.0-255,66,26844,14,125019
4545,0.00072,172.31.36.0-255,66,26910,14,125019
4546,0.001158,172.217.194.0-255,1484,28394,14,125019
4547,0.001168,172.217.194.0-255,2902,31296,14,125019
4548,0.001171,172.31.36.0-255,66,31362,14,125019
4549,0.001177,172.217.194.0-255,4320,35682,14,125019
4550,0.001179,172.31.36.0-255,66,35748,14,125019
4551,0.001202,172.217.194.0-255,1484,37232,14,125019
4552,0.001209,172.217.194.0-255,4320,41552,14,125019
4553,0.001211,172.31.36.0-255,66,41618,14,125019
4554,0.001229,172.31.36.0-255,66,41684,14,125019
4555,0.001263,172.217.194.0-255,1484,43168,14,125019
4556,0.001276,172.31.36.0-255,66,43234,14,125019
4557,0.001443,172.217.194.0-255,1484,44718,14,125019
4558,0.00145,172.217.194.0-255,2902,47620,14,125019
4559,0.001454,172.31.36.0-255,66,47686,14,125019
4560,0.001463,172.31.36.0-255,66,47752,14,125019
4561,0.00151,172.31.36.0-255,66,47818,14,125019
4562,0.001546,172.217.194.0-255,2902,50720,14,125019
4563,0.00155,172.31.36.0-255,66,50786,14,125019
4564,0.001558,172.31.36.0-255,66,50852,14,125019
4565,0.00159,172.31.36.0-255,66,50918,14,125019
4566,0.002299,172.217.194.0-255,1484,52402,14,125019
4567,0.002306,172.217.194.0-255,2902,55304,14,125019
4568,0.002311,172.31.36.0-255,66,55370,14,125019
4569,0.002316,172.217.194.0-255,2902,58272,14,125019
4570,0.002318,172.31.36.0-255,66,58338,14,125019
4571,0.002345,172.217.194.0-255,2902,61240,14,125019
4572,0.002348,172.31.36.0-255,66,61306,14,125019
4573,0.002361,172.31.36.0-255,66,61372,14,125019
4574,0.002364,172.217.194.0-255,2902,64274,14,125019
4575,0.002366,172.31.36.0-255,66,64340,14,125019
4576,0.002396,172.217.194.0-255,2902,67242,14,125019
4577,0.002399,172.31.36.0-255,66,67308,14,125019
4578,0.002407,172.31.36.0-255,66,67374,14,125019
4579,0.003135,172.217.194.0-255,1484,68858,14,125019
4580,0.00314,172.217.194.0-255,2902,71760,14,125019
4581,0.003142,172.31.36.0-255,66,71826,14,125019
4582,0.00315,172.31.36.0-255,66,71892,14,125019
4583,0.003181,172.31.36.0-255,66,71958,14,125019
4584,0.00321,172.31.36.0-255,66,72024,14,125019
4585,0.003213,172.217.194.0-255,1484,73508,14,125019
4586,0.003217,172.217.194.0-255,2902,76410,14,125019
4587,0.003219,172.31.36.0-255,66,76476,14,125019
4588,0.003263,172.31.36.0-255,66,76542,14,125019
4589,0.003281,172.31.36.0-255,66,76608,14,125019
4590,0.003327,172.217.194.0-255,4320,80928,14,125019
4591,0.00333,172.31.36.0-255,66,80994,14,125019
4592,0.003373,172.31.36.0-255,66,81060,14,125019
4593,0.003376,172.217.194.0-255,1484,82544,14,125019
4594,0.003402,172.217.194.0-255,2184,84728,14,125019
4595,0.003459,172.217.194.0-255,1484,86212,14,125019
4596,0.003479,172.217.194.0-255,2902,89114,14,125019
4597,0.003483,172.217.194.0-255,1484,90598,14,125019
4598,0.003501,172.217.194.0-255,2902,93500,14,125019
4599,0.003572,172.217.194.0-255,1484,94984,14,125019
4600,0.003605,172.217.194.0-255,1484,96468,14,125019
4601,0.00361,172.217.194.0-255,4320,100788,14,125019
4602,0.003625,172.217.194.0-255,1484,102272,14,125019
4603,0.003638,172.217.194.0-255,2902,105174,14,125019
4604,0.00364,172.217.194.0-255,1484,106658,14,125019
4605,0.003643,172.217.194.0-255,1484,108142,14,125019
4606,0.003662,172.217.194.0-255,2184,110326,14,125019
4607,0.003716,172.217.194.0-255,1484,111810,14,125019
4608,0.003733,172.217.194.0-255,2902,114712,14,125019
4609,0.003738,172.217.194.0-255,2902,117614,14,125019
4610,0.003752,172.217.194.0-255,2902,120516,14,125019
4611,0.003798,172.217.194.0-255,1484,122000,14,125019
4612,0.003803,172.217.194.0-255,2401,124401,14,125019
4613,0.003806,172.217.194.0-255,105,124506,14,125019
4614,0.004892,172.31.36.0-255,66,124572,14,125019
4615,0.007145,172.31.36.0-255,105,124677,14,125019
4616,0.007251,172.31.36.0-255,105,124782,14,125019
4617,0.00903,157.240.13.0-255,105,124887,14,125019
4618,0.009038,172.31.36.0-255,66,124953,14,125019
4619,0.009314,172.217.194.0-255,66,125019,14,125019
4620,0.0,74.125.24.0-255,66,66,14,66
4621,0.0,74.125.24.0-255,148,148,14,74412
4622,3.4e-05,172.31.36.0-255,66,214,14,74412
4623,4.2e-05,74.125.24.0-255,1484,1698,14,74412
4624,4.7e-05,172.31.36.0-255,66,1764,14,74412
4625,5.9e-05,74.125.24.0-255,2902,4666,14,74412
4626,6.3e-05,172.31.36.0-255,66,4732,14,74412
4627,7.3e-05,172.31.36.0-255,66,4798,14,74412
4628,7.6e-05,74.125.24.0-255,1484,6282,14,74412
4629,7.8e-05,172.31.36.0-255,66,6348,14,74412
4630,0.000107,74.125.24.0-255,2020,8368,14,74412
4631,0.000109,172.31.36.0-255,66,8434,14,74412
4632,0.000213,74.125.24.0-255,1484,9918,14,74412
4633,0.000218,172.31.36.0-255,66,9984,14,74412
4634,0.000223,74.125.24.0-255,2902,12886,14,74412
4635,0.000226,172.31.36.0-255,66,12952,14,74412
4636,0.00023,74.125.24.0-255,2902,15854,14,74412
4637,0.000237,172.31.36.0-255,66,15920,14,74412
4638,0.000267,74.125.24.0-255,2902,18822,14,74412
4639,0.000275,172.31.36.0-255,66,18888,14,74412
4640,0.000285,172.31.36.0-255,66,18954,14,74412
4641,0.000299,172.31.36.0-255,66,19020,14,74412
4642,0.000309,172.31.36.0-255,66,19086,14,74412
4643,0.000349,172.31.36.0-255,66,19152,14,74412
4644,0.000361,172.31.36.0-255,66,19218,14,74412
4645,0.000582,74.125.24.0-255,1484,20702,14,74412
4646,0.000587,172.31.36.0-255,66,20768,14,74412
4647,0.000592,74.125.24.0-255,2902,23670,14,74412
4648,0.000595,172.31.36.0-255,66,23736,14,74412
4649,0.000628,74.125.24.0-255,4320,28056,14,74412
4650,0.000637,172.31.36.0-255,66,28122,14,74412
4651,0.000647,74.125.24.0-255,1484,29606,14,74412
4652,0.000652,172.31.36.0-255,66,29672,14,74412
4653,0.000675,172.31.36.0-255,66,29738,14,74412
4654,0.000692,74.125.24.0-255,1484,31222,14,74412
4655,0.000709,74.125.24.0-255,2184,33406,14,74412
4656,0.000714,172.31.36.0-255,66,33472,14,74412
4657,0.001268,74.125.24.0-255,1484,34956,14,74412
4658,0.001278,74.125.24.0-255,2902,37858,14,74412
4659,0.001283,172.31.36.0-255,66,37924,14,74412
4660,0.001387,74.125.24.0-255,2184,40108,14,74412
4661,0.001573,74.125.24.0-255,1484,41592,14,74412
4662,0.001578,74.125.24.0-255,1484,43076,14,74412
4663,0.001587,74.125.24.0-255,1484,44560,14,74412
4664,0.001589,74.125.24.0-255,1484,46044,14,74412
4665,0.001602,74.125.24.0-255,4320,50364,14,74412
4666,0.001614,74.125.24.0-255,2902,53266,14,74412
4667,0.001846,74.125.24.0-255,1484,54750,14,74412
4668,0.001889,74.125.24.0-255,2902,57652,14,74412
4669,0.001904,74.125.24.0-255,4320,61972,14,74412
4670,0.001942,74.125.24.0-255,4320,66292,14,74412
4671,0.001975,74.125.24.0-255,2902,69194,14,74412
4672,0.001985,74.125.24.0-255,1484,70678,14,74412
4673,0.002073,74.125.24.0-255,3602,74280,14,74412
4674,0.006511,172.31.36.0-255,66,74346,14,74412
4675,0.008788,172.31.36.0-255,66,74412,14,74412
4676,0.0,74.125.68.0-255,153,153,14,162143
4677,3.9e-05,172.31.36.0-255,66,219,14,162143
4678,7.7e-05,74.125.68.0-255,1484,1703,14,162143
4679,8.2e-05,172.31.36.0-255,66,1769,14,162143
4680,0.000107,74.125.68.0-255,1484,3253,14,162143
4681,0.000111,172.31.36.0-255,66,3319,14,162143
4682,0.000116,74.125.68.0-255,2902,6221,14,162143
4683,0.000119,172.31.36.0-255,66,6287,14,162143
4684,0.000155,172.31.36.0-255,66,6353,14,162143
4685,0.000165,172.31.36.0-255,66,6419,14,162143
4686,0.000202,172.31.36.0-255,66,6485,14,162143
4687,0.000208,74.125.68.0-255,4320,10805,14,162143
4688,0.00021,172.31.36.0-255,66,10871,14,162143
4689,0.000228,74.125.68.0-255,3961,14832,14,162143
4690,0.000235,172.31.36.0-255,66,14898,14,162143
4691,0.000387,74.125.68.0-255,1484,16382,14,162143
4692,0.000392,172.31.36.0-255,66,16448,14,162143
4693,0.000396,74.125.68.0-255,1484,17932,14,162143
4694,0.0004,172.31.36.0-255,66,17998,14,162143
4695,0.000417,74.125.68.0-255,1484,19482,14,162143
4696,0.000422,172.31.36.0-255,66,19548,14,162143
4697,0.00045,74.125.68.0-255,4320,23868,14,162143
4698,0.000453,172.31.36.0-255,66,23934,14,162143
4699,0.000456,74.125.68.0-255,1484,25418,14,162143
4700,0.000459,172.31.36.0-255,66,25484,14,162143
4701,0.000486,172.31.36.0-255,66,25550,14,162143
4702,0.000511,74.125.68.0-255,1125,26675,14,162143
4703,0.000514,172.31.36.0-255,66,26741,14,162143
4704,0.000517,74.125.68.0-255,1484,28225,14,162143
4705,0.000541,74.125.68.0-255,4320,32545,14,162143
4706,0.000547,172.31.36.0-255,66,32611,14,162143
4707,0.000585,172.31.36.0-255,66,32677,14,162143
4708,0.000607,74.125.68.0-255,1438,34115,14,162143
4709,0.000628,74.125.68.0-255,109,34224,14,162143
4710,0.000719,74.125.68.0-255,1484,35708,14,162143
4711,0.000722,172.31.36.0-255,66,35774,14,162143
4712,0.000742,74.125.68.0-255,2902,38676,14,162143
4713,0.000747,74.125.68.0-255,2902,41578,14,162143
4714,0.00075,172.31.36.0-255,66,41644,14,162143
4715,0.000755,172.31.36.0-255,66,41710,14,162143
4716,0.000772,74.125.68.0-255,2902,44612,14,162143
4717,0.00078,172.31.36.0-255,66,44678,14,162143
4718,0.000784,74.125.68.0-255,4320,48998,14,162143
4719,0.000784,172.31.36.0-255,66,49064,14,162143
4720,0.000803,172.31.36.0-255,66,49130,14,162143
4721,0.000812,74.125.68.0-255,2902,52032,14,162143
4722,0.000818,172.31.36.0-255,66,52098,14,162143
4723,0.000822,172.31.36.0-255,66,52164,14,162143
4724,0.000878,172.31.36.0-255,66,52230,14,162143
4725,0.000886,74.125.68.0-255,331,52561,14,162143
4726,0.001018,74.125.68.0-255,1484,54045,14,162143
4727,0.001022,172.31.36.0-255,66,54111,14,162143
4728,0.001028,74.125.68.0-255,2902,57013,14,162143
4729,0.001031,172.31.36.0-255,66,57079,14,162143
4730,0.001069,172.31.36.0-255,66,57145,14,162143
4731,0.001084,172.31.36.0-255,66,57211,14,162143
4732,0.0011,74.125.68.0-255,2902,60113,14,162143
4733,0.001103,172.31.36.0-255,66,60179,14,162143
4734,0.001115,172.31.36.0-255,66,60245,14,162143
4735,0.001147,74.125.68.0-255,2902,63147,14,162143
4736,0.001151,172.31.36.0-255,66,63213,14,162143
4737,0.001165,172.31.36.0-255,66,63279,14,162143
4738,0.00121,74.125.68.0-255,1484,64763,14,162143
4739,0.001229,74.125.68.0-255,2902,67665,14,162143
4740,0.001232,74.125.68.0-255,1484,69149,14,162143
4741,0.001233,172.31.36.0-255,66,69215,14,162143
4742,0.001264,74.125.68.0-255,4320,73535,14,162143
4743,0.001267,74.125.68.0-255,1484,75019,14,162143
4744,0.00127,172.31.36.0-255,66,75085,14,162143
4745,0.001308,172.31.36.0-255,66,75151,14,162143
4746,0.001322,74.125.68.0-255,2902,78053,14,162143
4747,0.001339,172.31.36.0-255,66,78119,14,162143
4748,0.001354,172.31.36.0-255,66,78185,14,162143
4749,0.001366,74.125.68.0-255,2184,80369,14,162143
4750,0.001373,172.31.36.0-255,66,80435,14,162143
4751,0.001613,74.125.68.0-255,1484,81919,14,162143
4752,0.001628,74.125.68.0-255,2902,84821,14,162143
4753,0.001632,172.31.36.0-255,66,84887,14,162143
4754,0.001673,172.31.36.0-255,66,84953,14,162143
4755,0.001728,74.125.68.0-255,1484,86437,14,162143
4756,0.001733,74.125.68.0-255,2902,89339,14,162143
4757,0.001741,172.31.36.0-255,66,89405,14,162143
4758,0.001745,74.125.68.0-255,2902,92307,14,162143
4759,0.001768,172.31.36.0-255,66,92373,14,162143
4760,0.001768,74.125.68.0-255,1484,93857,14,162143
4761,0.001804,172.31.36.0-255,66,93923,14,162143
4762,0.001854,172.31.36.0-255,66,93989,14,162143
4763,0.001861,74.125.68.0-255,1484,95473,14,162143
4764,0.001878,74.125.68.0-255,1484,96957,14,162143
4765,0.001897,172.31.36.0-255,66,97023,14,162143
4766,0.001903,74.125.68.0-255,766,97789,14,162143
4767,0.002013,172.31.36.0-255,66,97855,14,162143
4768,0.002109,74.125.68.0-255,1484,99339,14,162143
4769,0.002119,74.125.68.0-255,2902,102241,14,162143
4770,0.002139,74.125.68.0-255,1484,103725,14,162143
4771,0.002164,74.125.68.0-255,4320,108045,14,162143
4772,0.002168,172.31.36.0-255,66,108111,14,162143
4773,0.002181,74.125.68.0-255,4320,112431,14,162143
4774,0.002194,172.31.36.0-255,66,112497,14,162143
4775,0.00225,74.125.68.0-255,2902,115399,14,162143
4776,0.002255,74.125.68.0-255,2184,117583,14,162143
4777,0.002278,172.31.36.0-255,66,117649,14,162143
4778,0.002347,74.125.68.0-255,1484,119133,14,162143
4779,0.002353,74.125.68.0-255,2902,122035,14,162143
4780,0.002367,74.125.68.0-255,2902,124937,14,162143
4781,0.002378,172.31.36.0-255,66,125003,14,162143
4782,0.002383,74.125.68.0-255,2902,127905,14,162143
4783,0.002392,74.125.68.0-255,2902,130807,14,162143
4784,0.002403,74.125.68.0-255,4320,135127,14,162143
4785,0.002432,74.125.68.0-255,4320,139447,14,162143
4786,0.002485,74.125.68.0-255,3602,143049,14,162143
4787,0.002508,74.125.68.0-255,4320,147369,14,162143
4788,0.002553,74.125.68.0-255,2902,150271,14,162143
4789,0.002574,74.125.68.0-255,4320,154591,14,162143
4790,0.002591,74.125.68.0-255,2902,157493,14,162143
4791,0.00264,74.125.68.0-255,1484,158977,14,162143
4792,0.002686,74.125.68.0-255,1484,160461,14,162143
4793,0.002697,74.125.68.0-255,1484,161945,14,162143
4794,0.00297,172.31.36.0-255,66,162011,14,162143
4795,0.005657,172.31.36.0-255,66,162077,14,162143
4796,0.008313,172.31.36.0-255,66,162143,14,162143
4797,0.0,74.125.24.0-255,153,153,14,106506
4798,2.3e-05,172.31.36.0-255,66,219,14,106506
4799,3e-05,74.125.24.0-255,1484,1703,14,106506
4800,3.4e-05,172.31.36.0-255,66,1769,14,106506
4801,5e-05,74.125.24.0-255,2902,4671,14,106506
4802,5.4e-05,172.31.36.0-255,66,4737,14,106506
4803,6.5e-05,172.31.36.0-255,66,4803,14,106506
4804,8.2e-05,172.31.36.0-255,66,4869,14,106506
4805,0.000114,172.31.36.0-255,66,4935,14,106506
4806,0.00024,74.125.24.0-255,1484,6419,14,106506
4807,0.000244,172.31.36.0-255,66,6485,14,106506
4808,0.00025,74.125.24.0-255,2902,9387,14,106506
4809,0.000252,172.31.36.0-255,66,9453,14,106506
4810,0.000287,172.31.36.0-255,66,9519,14,106506
4811,0.000326,74.125.24.0-255,2902,12421,14,106506
4812,0.000329,172.31.36.0-255,66,12487,14,106506
4813,0.00037,172.31.36.0-255,66,12553,14,106506
4814,0.000386,172.31.36.0-255,66,12619,14,106506
4815,0.000389,74.125.24.0-255,413,13032,14,106506
4816,0.000391,172.31.36.0-255,66,13098,14,106506
4817,0.000426,74.125.24.0-255,330,13428,14,106506
4818,0.000428,172.31.36.0-255,66,13494,14,106506
4819,0.000644,74.125.24.0-255,1484,14978,14,106506
4820,0.000651,172.31.36.0-255,66,15044,14,106506
4821,0.000669,74.125.24.0-255,2902,17946,14,106506
4822,0.000672,172.31.36.0-255,66,18012,14,106506
4823,0.000679,74.125.24.0-255,4320,22332,14,106506
4824,0.000711,74.125.24.0-255,1484,23816,14,106506
4825,0.000716,74.125.24.0-255,4320,28136,14,106506
4826,0.00072,172.31.36.0-255,66,28202,14,106506
4827,0.000726,172.31.36.0-255,66,28268,14,106506
4828,0.00074,74.125.24.0-255,2543,30811,14,106506
4829,0.000743,74.125.24.0-255,1484,32295,14,106506
4830,0.00076,74.125.24.0-255,1484,33779,14,106506
4831,0.000764,74.125.24.0-255,1484,35263,14,106506
4832,0.000797,74.125.24.0-255,4320,39583,14,106506
4833,0.000802,172.31.36.0-255,66,39649,14,106506
4834,0.000833,74.125.24.0-255,2543,42192,14,106506
4835,0.00085,172.31.36.0-255,66,42258,14,106506
4836,0.001177,74.125.24.0-255,1484,43742,14,106506
4837,0.001193,74.125.24.0-255,2902,46644,14,106506
4838,0.001198,74.125.24.0-255,4320,50964,14,106506
4839,0.001215,74.125.24.0-255,1484,52448,14,106506
4840,0.00122,74.125.24.0-255,2902,55350,14,106506
4841,0.001228,172.31.36.0-255,66,55416,14,106506
4842,0.001251,172.31.36.0-255,66,55482,14,106506
4843,0.00126,74.125.24.0-255,2902,58384,14,106506
4844,0.001275,74.125.24.0-255,2902,61286,14,106506
4845,0.001307,172.31.36.0-255,66,61352,14,106506
4846,0.001465,74.125.24.0-255,1484,62836,14,106506
4847,0.001471,74.125.24.0-255,2902,65738,14,106506
4848,0.001474,172.31.36.0-255,66,65804,14,106506
4849,0.001478,74.125.24.0-255,1484,67288,14,106506
4850,0.001501,74.125.24.0-255,1484,68772,14,106506
4851,0.001507,74.125.24.0-255,4320,73092,14,106506
4852,0.001536,172.31.36.0-255,66,73158,14,106506
4853,0.001546,74.125.24.0-255,2902,76060,14,106506
4854,0.001557,172.31.36.0-255,66,76126,14,106506
4855,0.001603,172.31.36.0-255,66,76192,14,106506
4856,0.001627,74.125.24.0-255,1484,77676,14,106506
4857,0.001633,74.125.24.0-255,2902,80578,14,106506
4858,0.001655,172.31.36.0-255,66,80644,14,106506
4859,0.001694,74.125.24.0-255,4320,84964,14,106506
4860,0.001714,172.31.36.0-255,66,85030,14,106506
4861,0.00172,74.125.24.0-255,3602,88632,14,106506
4862,0.001729,172.31.36.0-255,66,88698,14,106506
4863,0.002073,74.125.24.0-255,1484,90182,14,106506
4864,0.00208,74.125.24.0-255,2902,93084,14,106506
4865,0.002083,172.31.36.0-255,66,93150,14,106506
4866,0.002087,74.125.24.0-255,1484,94634,14,106506
4867,0.002122,74.125.24.0-255,4320,98954,14,106506
4868,0.002136,74.125.24.0-255,1484,100438,14,106506
4869,0.00214,172.31.36.0-255,66,100504,14,106506
4870,0.002186,172.31.36.0-255,66,100570,14,106506
4871,0.004357,172.31.36.0-255,66,100636,14,106506
4872,0.006536,74.125.24.0-255,2902,103538,14,106506
4873,0.006577,74.125.24.0-255,2902,106440,14,106506
4874,0.008419,172.31.36.0-255,66,106506,14,106506
4875,0.0,172.217.194.0-255,302,302,14,132590
4876,1.4e-05,172.31.36.0-255,66,368,14,132590
4877,2.1e-05,172.217.194.0-255,1484,1852,14,132590
4878,2.4e-05,172.31.36.0-255,66,1918,14,132590
4879,5.5e-05,172.217.194.0-255,4320,6238,14,132590
4880,5.9e-05,172.31.36.0-255,66,6304,14,132590
4881,8.5e-05,172.217.194.0-255,4320,10624,14,132590
4882,8.8e-05,172.31.36.0-255,66,10690,14,132590
4883,0.000122,172.217.194.0-255,3265,13955,14,132590
4884,0.000124,172.31.36.0-255,66,14021,14,132590
4885,0.000315,172.217.194.0-255,1484,15505,14,132590
4886,0.000321,172.31.36.0-255,66,15571,14,132590
4887,0.000327,172.217.194.0-255,2902,18473,14,132590
4888,0.00033,172.31.36.0-255,66,18539,14,132590
4889,0.000356,172.217.194.0-255,4320,22859,14,132590
4890,0.000362,172.31.36.0-255,66,22925,14,132590
4891,0.000378,172.217.194.0-255,1484,24409,14,132590
4892,0.000381,172.31.36.0-255,66,24475,14,132590
4893,0.000384,172.217.194.0-255,1484,25959,14,132590
4894,0.000386,172.31.36.0-255,66,26025,14,132590
4895,0.000415,172.31.36.0-255,66,26091,14,132590
4896,0.000425,172.31.36.0-255,66,26157,14,132590
4897,0.000429,172.217.194.0-255,2902,29059,14,132590
4898,0.000432,172.31.36.0-255,66,29125,14,132590
4899,0.000466,172.31.36.0-255,66,29191,14,132590
4900,0.000498,172.31.36.0-255,66,29257,14,132590
4901,0.000524,172.217.194.0-255,2902,32159,14,132590
4902,0.000526,172.31.36.0-255,66,32225,14,132590
4903,0.000531,172.217.194.0-255,2184,34409,14,132590
4904,0.000534,172.217.194.0-255,410,34819,14,132590
4905,0.000559,172.31.36.0-255,66,34885,14,132590
4906,0.000694,172.217.194.0-255,1484,36369,14,132590
4907,0.000717,172.217.194.0-255,2902,39271,14,132590
4908,0.000722,172.217.194.0-255,2902,42173,14,132590
4909,0.000735,172.217.194.0-255,2902,45075,14,132590
4910,0.000748,172.31.36.0-255,66,45141,14,132590
4911,0.000767,172.217.194.0-255,4320,49461,14,132590
4912,0.000786,172.217.194.0-255,4320,53781,14,132590
4913,0.000792,172.31.36.0-255,66,53847,14,132590
4914,0.000835,172.31.36.0-255,66,53913,14,132590
4915,0.00132,172.217.194.0-255,1484,55397,14,132590
4916,0.001324,172.217.194.0-255,1484,56881,14,132590
4917,0.001328,172.31.36.0-255,66,56947,14,132590
4918,0.001356,172.217.194.0-255,1484,58431,14,132590
4919,0.001361,172.217.194.0-255,2902,61333,14,132590
4920,0.001367,172.217.194.0-255,4320,65653,14,132590
4921,0.001378,172.217.194.0-255,2902,68555,14,132590
4922,0.001394,172.217.194.0-255,1484,70039,14,132590
4923,0.001405,172.217.194.0-255,2902,72941,14,132590
4924,0.001436,172.31.36.0-255,66,73007,14,132590
4925,0.001443,172.217.194.0-255,4320,77327,14,132590
4926,0.001447,172.31.36.0-255,66,77393,14,132590
4927,0.001487,172.217.194.0-255,3602,80995,14,132590
4928,0.001518,172.31.36.0-255,66,81061,14,132590
4929,0.001524,172.217.194.0-255,4320,85381,14,132590
4930,0.001529,172.217.194.0-255,3602,88983,14,132590
4931,0.001544,172.31.36.0-255,66,89049,14,132590
4932,0.001672,172.217.194.0-255,1484,90533,14,132590
4933,0.001688,172.217.194.0-255,2902,93435,14,132590
4934,0.001691,172.217.194.0-255,1484,94919,14,132590
4935,0.001703,172.31.36.0-255,66,94985,14,132590
4936,0.001709,172.217.194.0-255,4320,99305,14,132590
4937,0.001713,172.31.36.0-255,66,99371,14,132590
4938,0.001761,172.31.36.0-255,66,99437,14,132590
4939,0.001767,172.217.194.0-255,4320,103757,14,132590
4940,0.001771,172.31.36.0-255,66,103823,14,132590
4941,0.001818,172.217.194.0-255,3602,107425,14,132590
4942,0.001821,172.217.194.0-255,1484,108909,14,132590
4943,0.001835,172.217.194.0-255,2902,111811,14,132590
4944,0.001868,172.31.36.0-255,66,111877,14,132590
4945,0.002002,172.217.194.0-255,4320,116197,14,132590
4946,0.002012,172.31.36.0-255,66,116263,14,132590
4947,0.002128,172.217.194.0-255,2902,119165,14,132590
4948,0.002153,172.217.194.0-255,2902,122067,14,132590
4949,0.002207,172.217.194.0-255,2184,124251,14,132590
4950,0.002211,172.217.194.0-255,4320,128571,14,132590
4951,0.002262,172.217.194.0-255,3848,132419,14,132590
4952,0.007112,172.31.36.0-255,66,132485,14,132590
4953,0.009253,172.217.194.0-255,105,132590,14,132590
4954,0.0,172.217.194.0-255,143,143,14,61344
4955,2.9e-05,172.217.194.0-255,1484,1627,14,61344
4956,3.7e-05,172.31.36.0-255,66,1693,14,61344
4957,4.4e-05,172.217.194.0-255,2902,4595,14,61344
4958,4.7e-05,172.31.36.0-255,66,4661,14,61344
4959,6.9e-05,172.31.36.0-255,66,4727,14,61344
4960,8.2e-05,172.31.36.0-255,66,4793,14,61344
4961,0.000113,172.31.36.0-255,66,4859,14,61344
4962,0.000128,172.31.36.0-255,66,4925,14,61344
4963,0.000224,172.217.194.0-255,1484,6409,14,61344
4964,0.000245,172.217.194.0-255,2902,9311,14,61344
4965,0.000248,172.31.36.0-255,66,9377,14,61344
4966,0.000257,172.31.36.0-255,66,9443,14,61344
4967,0.000304,172.31.36.0-255,66,9509,14,61344
4968,0.000339,172.31.36.0-255,66,9575,14,61344
4969,0.000378,172.31.36.0-255,66,9641,14,61344
4970,0.00093,172.217.194.0-255,378,10019,14,61344
4971,0.00104,172.217.194.0-255,1484,11503,14,61344
4972,0.001046,172.31.36.0-255,66,11569,14,61344
4973,0.001052,172.217.194.0-255,2902,14471,14,61344
4974,0.001054,172.31.36.0-255,66,14537,14,61344
4975,0.00107,172.31.36.0-255,66,14603,14,61344
4976,0.001084,172.217.194.0-255,2902,17505,14,61344
4977,0.001087,172.31.36.0-255,66,17571,14,61344
4978,0.00113,172.31.36.0-255,66,17637,14,61344
4979,0.001147,172.31.36.0-255,66,17703,14,61344
4980,0.001157,172.31.36.0-255,66,17769,14,61344
4981,0.001193,172.217.194.0-255,4320,22089,14,61344
4982,0.001198,172.31.36.0-255,66,22155,14,61344
4983,0.001215,172.31.36.0-255,66,22221,14,61344
4984,0.001221,172.217.194.0-255,4320,26541,14,61344
4985,0.001223,172.31.36.0-255,66,26607,14,61344
4986,0.001263,172.31.36.0-255,66,26673,14,61344
4987,0.001272,172.31.36.0-255,66,26739,14,61344
4988,0.001301,172.31.36.0-255,66,26805,14,61344
4989,0.00131,172.31.36.0-255,66,26871,14,61344
4990,0.001344,172.31.36.0-255,66,26937,14,61344
4991,0.001372,172.31.36.0-255,66,27003,14,61344
4992,0.002538,172.217.194.0-255,1484,28487,14,61344
4993,0.002551,172.217.194.0-255,2902,31389,14,61344
4994,0.002554,172.31.36.0-255,66,31455,14,61344
4995,0.002585,172.31.36.0-255,66,31521,14,61344
4996,0.00259,172.217.194.0-255,4320,35841,14,61344
4997,0.002593,172.31.36.0-255,66,35907,14,61344
4998,0.002625,172.31.36.0-255,66,35973,14,61344
4999,0.002644,172.31.36.0-255,66,36039,14,61344
5000,0.002745,172.217.194.0-255,1484,37523,14,61344
5001,0.002748,172.217.194.0-255,1484,39007,14,61344
5002,0.00275,172.31.36.0-255,66,39073,14,61344
5003,0.002775,172.217.194.0-255,1484,40557,14,61344
5004,0.002784,172.31.36.0-255,66,40623,14,61344
5005,0.002792,172.31.36.0-255,66,40689,14,61344
5006,0.002842,172.31.36.0-255,66,40755,14,61344
5007,0.00285,172.31.36.0-255,66,40821,14,61344
5008,0.002874,172.217.194.0-255,2902,43723,14,61344
5009,0.002876,172.31.36.0-255,66,43789,14,61344
5010,0.002922,172.31.36.0-255,66,43855,14,61344
5011,0.002945,172.31.36.0-255,66,43921,14,61344
5012,0.003016,172.217.194.0-255,1484,45405,14,61344
5013,0.003022,172.217.194.0-255,2902,48307,14,61344
5014,0.003026,172.31.36.0-255,66,48373,14,61344
5015,0.00303,172.217.194.0-255,1484,49857,14,61344
5016,0.00306,172.217.194.0-255,4320,54177,14,61344
5017,0.003063,172.31.36.0-255,66,54243,14,61344
5018,0.003072,172.31.36.0-255,66,54309,14,61344
5019,0.00309,172.31.36.0-255,66,54375,14,61344
5020,0.003128,172.217.194.0-255,2902,57277,14,61344
5021,0.003135,172.31.36.0-255,66,57343,14,61344
5022,0.003163,172.31.36.0-255,66,57409,14,61344
5023,0.00318,172.31.36.0-255,66,57475,14,61344
5024,0.003196,172.31.36.0-255,66,57541,14,61344
5025,0.003253,172.31.36.0-255,66,57607,14,61344
5026,0.003279,172.217.194.0-255,1484,59091,14,61344
5027,0.003297,172.31.36.0-255,66,59157,14,61344
5028,0.00331,172.31.36.0-255,66,59223,14,61344
5029,0.003322,172.31.36.0-255,66,59289,14,61344
5030,0.003336,172.31.36.0-255,66,59355,14,61344
5031,0.003367,172.217.194.0-255,1647,61002,14,61344
5032,0.003371,172.31.36.0-255,66,61068,14,61344
5033,0.003375,172.217.194.0-255,105,61173,14,61344
5034,0.00635,172.31.36.0-255,105,61278,14,61344
5035,0.00868,172.217.194.0-255,66,61344,14,61344
5036,0.0,172.217.194.0-255,297,297,14,63883
5037,3.7e-05,172.31.36.0-255,66,363,14,63883
5038,4.3e-05,172.217.194.0-255,1484,1847,14,63883
5039,4.7e-05,172.31.36.0-255,66,1913,14,63883
5040,6.2e-05,172.217.194.0-255,4320,6233,14,63883
5041,6.5e-05,172.31.36.0-255,66,6299,14,63883
5042,7.6e-05,172.31.36.0-255,66,6365,14,63883
5043,7.9e-05,172.217.194.0-255,1484,7849,14,63883
5044,8.2e-05,172.31.36.0-255,66,7915,14,63883
5045,0.000122,172.31.36.0-255,66,7981,14,63883
5046,0.000131,172.31.36.0-255,66,8047,14,63883
5047,0.000206,172.217.194.0-255,1484,9531,14,63883
5048,0.000209,172.31.36.0-255,66,9597,14,63883
5049,0.000213,172.217.194.0-255,1484,11081,14,63883
5050,0.000214,172.31.36.0-255,66,11147,14,63883
5051,0.000247,172.217.194.0-255,1484,12631,14,63883
5052,0.00025,172.31.36.0-255,66,12697,14,63883
5053,0.000259,172.31.36.0-255,66,12763,14,63883
5054,0.000274,172.31.36.0-255,66,12829,14,63883
5055,0.000277,172.217.194.0-255,1484,14313,14,63883
5056,0.000279,172.31.36.0-255,66,14379,14,63883
5057,0.000333,172.31.36.0-255,66,14445,14,63883
5058,0.000337,172.217.194.0-255,2795,17240,14,63883
5059,0.000339,172.31.36.0-255,66,17306,14,63883
5060,0.000388,172.217.194.0-255,433,17739,14,63883
5061,0.000391,172.31.36.0-255,66,17805,14,63883
5062,0.000605,172.217.194.0-255,1484,19289,14,63883
5063,0.000626,172.217.194.0-255,2902,22191,14,63883
5064,0.000629,172.31.36.0-255,66,22257,14,63883
5065,0.000639,172.31.36.0-255,66,22323,14,63883
5066,0.00069,172.31.36.0-255,66,22389,14,63883
5067,0.000728,172.31.36.0-255,66,22455,14,63883
5068,0.000768,172.31.36.0-255,66,22521,14,63883
5069,0.000771,172.217.194.0-255,1484,24005,14,63883
5070,0.000773,172.31.36.0-255,66,24071,14,63883
5071,0.000775,172.217.194.0-255,2902,26973,14,63883
5072,0.000777,172.31.36.0-255,66,27039,14,63883
5073,0.00082,172.31.36.0-255,66,27105,14,63883
5074,0.000825,172.217.194.0-255,2902,30007,14,63883
5075,0.000827,172.31.36.0-255,66,30073,14,63883
5076,0.000865,172.31.36.0-255,66,30139,14,63883
5077,0.000874,172.31.36.0-255,66,30205,14,63883
5078,0.000904,172.31.36.0-255,66,30271,14,63883
5079,0.000909,172.217.194.0-255,2184,32455,14,63883
5080,0.000911,172.31.36.0-255,66,32521,14,63883
5081,0.001256,172.217.194.0-255,1484,34005,14,63883
5082,0.001272,172.217.194.0-255,2902,36907,14,63883
5083,0.001275,172.217.194.0-255,1484,38391,14,63883
5084,0.001277,172.31.36.0-255,66,38457,14,63883
5085,0.001304,172.217.194.0-255,4320,42777,14,63883
5086,0.001308,172.31.36.0-255,66,42843,14,63883
5087,0.001312,172.217.194.0-255,2902,45745,14,63883
5088,0.001314,172.31.36.0-255,66,45811,14,63883
5089,0.001349,172.31.36.0-255,66,45877,14,63883
5090,0.00136,172.31.36.0-255,66,45943,14,63883
5091,0.001394,172.31.36.0-255,66,46009,14,63883
5092,0.003394,172.31.36.0-255,66,46075,14,63883
5093,0.005387,172.217.194.0-255,2902,48977,14,63883
5094,0.005393,172.31.36.0-255,66,49043,14,63883
5095,0.005425,172.217.194.0-255,2902,51945,14,63883
5096,0.005428,172.31.36.0-255,66,52011,14,63883
5097,0.007367,172.217.194.0-255,2902,54913,14,63883
5098,0.007373,172.31.36.0-255,66,54979,14,63883
5099,0.007404,172.217.194.0-255,2902,57881,14,63883
5100,0.007406,172.31.36.0-255,66,57947,14,63883
5101,0.009342,172.217.194.0-255,2902,60849,14,63883
5102,0.009348,172.31.36.0-255,66,60915,14,63883
5103,0.009397,172.217.194.0-255,2902,63817,14,63883
5104,0.009401,172.31.36.0-255,66,63883,14,63883
5105,0.0,172.217.194.0-255,152,152,14,74063
5106,3.3e-05,172.31.36.0-255,66,218,14,74063
5107,4.1e-05,172.217.194.0-255,1484,1702,14,74063
5108,4.5e-05,172.31.36.0-255,66,1768,14,74063
5109,5.1e-05,172.217.194.0-255,2902,4670,14,74063
5110,5.4e-05,172.31.36.0-255,66,4736,14,74063
5111,6.4e-05,172.31.36.0-255,66,4802,14,74063
5112,8.7e-05,172.217.194.0-255,2084,6886,14,74063
5113,9e-05,172.31.36.0-255,66,6952,14,74063
5114,0.000155,172.217.194.0-255,4320,11272,14,74063
5115,0.00016,172.31.36.0-255,66,11338,14,74063
5116,0.000173,172.217.194.0-255,2902,14240,14,74063
5117,0.000175,172.31.36.0-255,66,14306,14,74063
5118,0.000184,172.31.36.0-255,66,14372,14,74063
5119,0.000206,172.217.194.0-255,2902,17274,14,74063
5120,0.000209,172.31.36.0-255,66,17340,14,74063
5121,0.000212,172.217.194.0-255,1125,18465,14,74063
5122,0.000214,172.31.36.0-255,66,18531,14,74063
5123,0.00023,172.217.194.0-255,1484,20015,14,74063
5124,0.000233,172.31.36.0-255,66,20081,14,74063
5125,0.000237,172.217.194.0-255,2902,22983,14,74063
5126,0.00024,172.31.36.0-255,66,23049,14,74063
5127,0.000262,172.31.36.0-255,66,23115,14,74063
5128,0.000265,172.217.194.0-255,1484,24599,14,74063
5129,0.000268,172.31.36.0-255,66,24665,14,74063
5130,0.000293,172.31.36.0-255,66,24731,14,74063
5131,0.00079,172.217.194.0-255,1484,26215,14,74063
5132,0.000796,172.31.36.0-255,66,26281,14,74063
5133,0.000806,172.217.194.0-255,2902,29183,14,74063
5134,0.000809,172.31.36.0-255,66,29249,14,74063
5135,0.000818,172.31.36.0-255,66,29315,14,74063
5136,0.000885,172.31.36.0-255,66,29381,14,74063
5137,0.000907,172.217.194.0-255,1704,31085,14,74063
5138,0.00091,172.31.36.0-255,66,31151,14,74063
5139,0.001043,172.217.194.0-255,1484,32635,14,74063
5140,0.00105,172.217.194.0-255,2902,35537,14,74063
5141,0.001054,172.31.36.0-255,66,35603,14,74063
5142,0.001084,172.31.36.0-255,66,35669,14,74063
5143,0.001088,172.217.194.0-255,2902,38571,14,74063
5144,0.001091,172.31.36.0-255,66,38637,14,74063
5145,0.001114,172.31.36.0-255,66,38703,14,74063
5146,0.00112,172.217.194.0-255,2902,41605,14,74063
5147,0.001122,172.31.36.0-255,66,41671,14,74063
5148,0.001142,172.31.36.0-255,66,41737,14,74063
5149,0.00117,172.217.194.0-255,2902,44639,14,74063
5150,0.001174,172.31.36.0-255,66,44705,14,74063
5151,0.001178,172.217.194.0-255,766,45471,14,74063
5152,0.001299,172.217.194.0-255,1484,46955,14,74063
5153,0.001303,172.31.36.0-255,66,47021,14,74063
5154,0.001308,172.217.194.0-255,2902,49923,14,74063
5155,0.00131,172.31.36.0-255,66,49989,14,74063
5156,0.001324,172.217.194.0-255,2902,52891,14,74063
5157,0.001326,172.31.36.0-255,66,52957,14,74063
5158,0.001368,172.217.194.0-255,2902,55859,14,74063
5159,0.001372,172.31.36.0-255,66,55925,14,74063
5160,0.001375,172.217.194.0-255,1484,57409,14,74063
5161,0.001388,172.31.36.0-255,66,57475,14,74063
5162,0.00139,172.217.194.0-255,1484,58959,14,74063
5163,0.001422,172.31.36.0-255,66,59025,14,74063
5164,0.002011,172.217.194.0-255,1484,60509,14,74063
5165,0.002036,172.217.194.0-255,2902,63411,14,74063
5166,0.00204,172.31.36.0-255,66,63477,14,74063
5167,0.002048,172.31.36.0-255,66,63543,14,74063
5168,0.002056,172.31.36.0-255,66,63609,14,74063
5169,0.002099,172.31.36.0-255,66,63675,14,74063
5170,0.002109,172.31.36.0-255,66,63741,14,74063
5171,0.00424,172.217.194.0-255,4320,68061,14,74063
5172,0.004245,172.31.36.0-255,66,68127,14,74063
5173,0.004262,172.217.194.0-255,1484,69611,14,74063
5174,0.006385,172.217.194.0-255,4320,73931,14,74063
5175,0.006391,172.31.36.0-255,66,73997,14,74063
5176,0.008547,172.31.36.0-255,66,74063,14,74063
5177,0.0,74.125.24.0-255,171,171,14,97361
5178,2.6e-05,74.125.24.0-255,1484,1655,14,97361
5179,3.3e-05,172.31.36.0-255,66,1721,14,97361
5180,4.2e-05,74.125.24.0-255,2902,4623,14,97361
5181,4.5e-05,172.31.36.0-255,66,4689,14,97361
5182,5.7e-05,172.31.36.0-255,66,4755,14,97361
5183,9e-05,172.31.36.0-255,66,4821,14,97361
5184,0.00011,172.31.36.0-255,66,4887,14,97361
5185,0.000121,172.31.36.0-255,66,4953,14,97361
5186,0.000144,74.125.24.0-255,1484,6437,14,97361
5187,0.00017,172.31.36.0-255,66,6503,14,97361
5188,0.00019,74.125.24.0-255,2902,9405,14,97361
5189,0.000193,172.31.36.0-255,66,9471,14,97361
5190,0.000387,172.31.36.0-255,66,9537,14,97361
5191,0.001263,74.125.24.0-255,1484,11021,14,97361
5192,0.001274,74.125.24.0-255,2902,13923,14,97361
5193,0.001281,172.31.36.0-255,66,13989,14,97361
5194,0.001292,172.31.36.0-255,66,14055,14,97361
5195,0.001297,74.125.24.0-255,2902,16957,14,97361
5196,0.001299,172.31.36.0-255,66,17023,14,97361
5197,0.001325,74.125.24.0-255,3961,20984,14,97361
5198,0.001328,172.31.36.0-255,66,21050,14,97361
5199,0.001342,74.125.24.0-255,1484,22534,14,97361
5200,0.001355,74.125.24.0-255,2902,25436,14,97361
5201,0.001358,172.31.36.0-255,66,25502,14,97361
5202,0.001367,172.31.36.0-255,66,25568,14,97361
5203,0.001392,172.31.36.0-255,66,25634,14,97361
5204,0.001435,74.125.24.0-255,2902,28536,14,97361
5205,0.001437,172.31.36.0-255,66,28602,14,97361
5206,0.001455,74.125.24.0-255,4320,32922,14,97361
5207,0.001457,172.31.36.0-255,66,32988,14,97361
5208,0.001492,74.125.24.0-255,2543,35531,14,97361
5209,0.001602,74.125.24.0-255,1484,37015,14,97361
5210,0.001607,74.125.24.0-255,2902,39917,14,97361
5211,0.001644,74.125.24.0-255,1484,41401,14,97361
5212,0.001704,74.125.24.0-255,4320,45721,14,97361
5213,0.001708,74.125.24.0-255,2184,47905,14,97361
5214,0.001798,74.125.24.0-255,1484,49389,14,97361
5215,0.001812,74.125.24.0-255,2902,52291,14,97361
5216,0.001844,74.125.24.0-255,2902,55193,14,97361
5217,0.001856,74.125.24.0-255,1484,56677,14,97361
5218,0.001863,74.125.24.0-255,4320,60997,14,97361
5219,0.00194,74.125.24.0-255,2184,63181,14,97361
5220,0.002454,74.125.24.0-255,1484,64665,14,97361
5221,0.002458,74.125.24.0-255,2902,67567,14,97361
5222,0.002473,74.125.24.0-255,2902,70469,14,97361
5223,0.002492,74.125.24.0-255,2902,73371,14,97361
5224,0.002523,74.125.24.0-255,1484,74855,14,97361
5225,0.002547,74.125.24.0-255,2184,77039,14,97361
5226,0.002902,172.31.36.0-255,66,77105,14,97361
5227,0.002935,74.125.24.0-255,1484,78589,14,97361
5228,0.002942,74.125.24.0-255,2902,81491,14,97361
5229,0.002968,74.125.24.0-255,1484,82975,14,97361
5230,0.002973,172.31.36.0-255,66,83041,14,97361
5231,0.003011,74.125.24.0-255,2902,85943,14,97361
5232,0.003017,172.31.36.0-255,66,86009,14,97361
5233,0.003071,172.31.36.0-255,66,86075,14,97361
5234,0.003101,172.31.36.0-255,66,86141,14,97361
5235,0.003155,74.125.24.0-255,2902,89043,14,97361
5236,0.003211,74.125.24.0-255,2184,91227,14,97361
5237,0.003227,74.125.24.0-255,4320,95547,14,97361
5238,0.003231,172.31.36.0-255,66,95613,14,97361
5239,0.003237,172.31.36.0-255,66,95679,14,97361
5240,0.003273,172.31.36.0-255,66,95745,14,97361
5241,0.003299,172.31.36.0-255,66,95811,14,97361
5242,0.003375,74.125.24.0-255,1274,97085,14,97361
5243,0.003378,74.125.24.0-255,105,97190,14,97361
5244,0.003383,172.31.36.0-255,66,97256,14,97361
5245,0.008414,172.31.36.0-255,105,97361,14,97361
5246,0.0,74.125.68.0-255,146,146,14,198094
5247,1.4e-05,74.125.68.0-255,1484,1630,14,198094
5248,2.1e-05,172.31.36.0-255,66,1696,14,198094
5249,5.2e-05,74.125.68.0-255,2902,4598,14,198094
5250,5.7e-05,172.31.36.0-255,66,4664,14,198094
5251,6.3e-05,74.125.68.0-255,4320,8984,14,198094
5252,6.6e-05,172.31.36.0-255,66,9050,14,198094
5253,9.6e-05,172.31.36.0-255,66,9116,14,198094
5254,0.000133,74.125.68.0-255,1484,10600,14,198094
5255,0.00015,74.125.68.0-255,2902,13502,14,198094
5256,0.000152,172.31.36.0-255,66,13568,14,198094
5257,0.00019,172.31.36.0-255,66,13634,14,198094
5258,0.000195,74.125.68.0-255,2902,16536,14,198094
5259,0.000197,172.31.36.0-255,66,16602,14,198094
5260,0.000233,74.125.68.0-255,3961,20563,14,198094
5261,0.000237,172.31.36.0-255,66,20629,14,198094
5262,0.000318,74.125.68.0-255,1484,22113,14,198094
5263,0.000324,74.125.68.0-255,2902,25015,14,198094
5264,0.000327,172.31.36.0-255,66,25081,14,198094
5265,0.000349,74.125.68.0-255,4320,29401,14,198094
5266,0.000352,172.31.36.0-255,66,29467,14,198094
5267,0.000361,172.31.36.0-255,66,29533,14,198094
5268,0.000403,74.125.68.0-255,3961,33494,14,198094
5269,0.000405,172.31.36.0-255,66,33560,14,198094
5270,0.000411,74.125.68.0-255,4320,37880,14,198094
5271,0.000415,172.31.36.0-255,66,37946,14,198094
5272,0.000418,74.125.68.0-255,1484,39430,14,198094
5273,0.00045,172.31.36.0-255,66,39496,14,198094
5274,0.000469,74.125.68.0-255,1484,40980,14,198094
5275,0.000472,74.125.68.0-255,1397,42377,14,198094
5276,0.000474,172.31.36.0-255,66,42443,14,198094
5277,0.000477,74.125.68.0-255,413,42856,14,198094
5278,0.000697,74.125.68.0-255,1484,44340,14,198094
5279,0.000704,172.31.36.0-255,66,44406,14,198094
5280,0.000723,74.125.68.0-255,2902,47308,14,198094
5281,0.000727,172.31.36.0-255,66,47374,14,198094
5282,0.000737,172.31.36.0-255,66,47440,14,198094
5283,0.000741,74.125.68.0-255,2902,50342,14,198094
5284,0.000744,172.31.36.0-255,66,50408,14,198094
5285,0.000747,74.125.68.0-255,1484,51892,14,198094
5286,0.000767,74.125.68.0-255,2902,54794,14,198094
5287,0.000769,172.31.36.0-255,66,54860,14,198094
5288,0.000775,74.125.68.0-255,2902,57762,14,198094
5289,0.000777,172.31.36.0-255,66,57828,14,198094
5290,0.000812,172.31.36.0-255,66,57894,14,198094
5291,0.00082,172.31.36.0-255,66,57960,14,198094
5292,0.000856,74.125.68.0-255,2184,60144,14,198094
5293,0.000859,172.31.36.0-255,66,60210,14,198094
5294,0.001075,74.125.68.0-255,1484,61694,14,198094
5295,0.001084,74.125.68.0-255,2902,64596,14,198094
5296,0.001088,172.31.36.0-255,66,64662,14,198094
5297,0.001094,74.125.68.0-255,2902,67564,14,198094
5298,0.001096,172.31.36.0-255,66,67630,14,198094
5299,0.001118,74.125.68.0-255,1484,69114,14,198094
5300,0.001128,172.31.36.0-255,66,69180,14,198094
5301,0.001153,172.31.36.0-255,66,69246,14,198094
5302,0.001174,74.125.68.0-255,4320,73566,14,198094
5303,0.001176,172.31.36.0-255,66,73632,14,198094
5304,0.001186,172.31.36.0-255,66,73698,14,198094
5305,0.001213,74.125.68.0-255,2184,75882,14,198094
5306,0.001216,172.31.36.0-255,66,75948,14,198094
5307,0.00122,74.125.68.0-255,1484,77432,14,198094
5308,0.001235,74.125.68.0-255,1484,78916,14,198094
5309,0.001237,172.31.36.0-255,66,78982,14,198094
5310,0.001266,172.31.36.0-255,66,79048,14,198094
5311,0.001271,74.125.68.0-255,2902,81950,14,198094
5312,0.001274,172.31.36.0-255,66,82016,14,198094
5313,0.001293,172.31.36.0-255,66,82082,14,198094
5314,0.001359,172.31.36.0-255,66,82148,14,198094
5315,0.001363,74.125.68.0-255,2184,84332,14,198094
5316,0.001365,172.31.36.0-255,66,84398,14,198094
5317,0.00143,74.125.68.0-255,1484,85882,14,198094
5318,0.001447,74.125.68.0-255,2902,88784,14,198094
5319,0.001451,172.31.36.0-255,66,88850,14,198094
5320,0.001454,74.125.68.0-255,1484,90334,14,198094
5321,0.001459,74.125.68.0-255,2902,93236,14,198094
5322,0.001461,172.31.36.0-255,66,93302,14,198094
5323,0.00148,74.125.68.0-255,2902,96204,14,198094
5324,0.001483,172.31.36.0-255,66,96270,14,198094
5325,0.001505,74.125.68.0-255,2902,99172,14,198094
5326,0.001507,172.31.36.0-255,66,99238,14,198094
5327,0.001514,74.125.68.0-255,4320,103558,14,198094
5328,0.001516,172.31.36.0-255,66,103624,14,198094
5329,0.001544,172.31.36.0-255,66,103690,14,198094
5330,0.001566,172.31.36.0-255,66,103756,14,198094
5331,0.001659,74.125.68.0-255,1484,105240,14,198094
5332,0.001679,74.125.68.0-255,2902,108142,14,198094
5333,0.001683,172.31.36.0-255,66,108208,14,198094
5334,0.001687,74.125.68.0-255,1484,109692,14,198094
5335,0.001706,74.125.68.0-255,4320,114012,14,198094
5336,0.001709,172.31.36.0-255,66,114078,14,198094
5337,0.001717,172.31.36.0-255,66,114144,14,198094
5338,0.001732,74.125.68.0-255,1484,115628,14,198094
5339,0.001755,172.31.36.0-255,66,115694,14,198094
5340,0.001792,172.31.36.0-255,66,115760,14,198094
5341,0.001808,74.125.68.0-255,1484,117244,14,198094
5342,0.001829,74.125.68.0-255,2902,120146,14,198094
5343,0.001832,172.31.36.0-255,66,120212,14,198094
5344,0.001857,172.31.36.0-255,66,120278,14,198094
5345,0.001862,74.125.68.0-255,2902,123180,14,198094
5346,0.001889,74.125.68.0-255,2902,126082,14,198094
5347,0.001909,74.125.68.0-255,2902,128984,14,198094
5348,0.001954,74.125.68.0-255,4320,133304,14,198094
5349,0.001977,74.125.68.0-255,4320,137624,14,198094
5350,0.002042,74.125.68.0-255,766,138390,14,198094
5351,0.002072,74.125.68.0-255,1484,139874,14,198094
5352,0.002086,74.125.68.0-255,2902,142776,14,198094
5353,0.002116,74.125.68.0-255,4320,147096,14,198094
5354,0.002132,74.125.68.0-255,1484,148580,14,198094
5355,0.002144,74.125.68.0-255,4320,152900,14,198094
5356,0.002194,74.125.68.0-255,2902,155802,14,198094
5357,0.002198,74.125.68.0-255,2184,157986,14,198094
5358,0.002274,172.31.36.0-255,66,158052,14,198094
5359,0.002369,74.125.68.0-255,1484,159536,14,198094
5360,0.002392,74.125.68.0-255,2902,162438,14,198094
5361,0.002416,172.31.36.0-255,66,162504,14,198094
5362,0.002422,172.31.36.0-255,66,162570,14,198094
5363,0.002432,74.125.68.0-255,2902,165472,14,198094
5364,0.002437,74.125.68.0-255,2902,168374,14,198094
5365,0.002448,74.125.68.0-255,1484,169858,14,198094
5366,0.002462,172.31.36.0-255,66,169924,14,198094
5367,0.00248,74.125.68.0-255,2902,172826,14,198094
5368,0.002481,74.125.68.0-255,1484,174310,14,198094
5369,0.002487,172.31.36.0-255,66,174376,14,198094
5370,0.002496,74.125.68.0-255,2902,177278,14,198094
5371,0.002498,74.125.68.0-255,766,178044,14,198094
5372,0.002522,74.125.68.0-255,1484,179528,14,198094
5373,0.002535,74.125.68.0-255,1484,181012,14,198094
5374,0.002542,172.31.36.0-255,66,181078,14,198094
5375,0.002551,74.125.68.0-255,2902,183980,14,198094
5376,0.002557,172.31.36.0-255,66,184046,14,198094
5377,0.002566,74.125.68.0-255,1484,185530,14,198094
5378,0.002584,74.125.68.0-255,1484,187014,14,198094
5379,0.002606,74.125.68.0-255,4320,191334,14,198094
5380,0.00261,172.31.36.0-255,66,191400,14,198094
5381,0.002615,172.31.36.0-255,66,191466,14,198094
5382,0.002625,74.125.68.0-255,2902,194368,14,198094
5383,0.002648,74.125.68.0-255,3450,197818,14,198094
5384,0.00266,172.31.36.0-255,66,197884,14,198094
5385,0.002663,74.125.68.0-255,105,197989,14,198094
5386,0.009753,172.31.36.0-255,105,198094,14,198094
5387,0.0,74.125.68.0-255,153,153,14,35871
5388,2.3e-05,172.31.36.0-255,66,219,14,35871
5389,3.1e-05,74.125.68.0-255,1484,1703,14,35871
5390,3.5e-05,172.31.36.0-255,66,1769,14,35871
5391,4.1e-05,74.125.68.0-255,2902,4671,14,35871
5392,4.5e-05,172.31.36.0-255,66,4737,14,35871
5393,8.3e-05,172.31.36.0-255,66,4803,14,35871
5394,0.000216,172.31.36.0-255,66,4869,14,35871
5395,0.000303,172.31.36.0-255,66,4935,14,35871
5396,0.000323,74.125.68.0-255,2902,7837,14,35871
5397,0.000326,172.31.36.0-255,66,7903,14,35871
5398,0.000477,172.31.36.0-255,66,7969,14,35871
5399,0.0007,74.125.68.0-255,4320,12289,14,35871
5400,0.000704,172.31.36.0-255,66,12355,14,35871
5401,0.000746,172.31.36.0-255,66,12421,14,35871
5402,0.001124,74.125.68.0-255,3937,16358,14,35871
5403,0.00113,172.31.36.0-255,66,16424,14,35871
5404,0.001168,74.125.68.0-255,112,16536,14,35871
5405,0.001171,172.31.36.0-255,66,16602,14,35871
5406,0.001197,74.125.68.0-255,1484,18086,14,35871
5407,0.001199,172.31.36.0-255,66,18152,14,35871
5408,0.001239,172.31.36.0-255,66,18218,14,35871
5409,0.001262,172.31.36.0-255,66,18284,14,35871
5410,0.001766,74.125.68.0-255,3602,21886,14,35871
5411,0.001774,172.31.36.0-255,66,21952,14,35871
5412,0.001834,74.125.68.0-255,2902,24854,14,35871
5413,0.001839,172.31.36.0-255,66,24920,14,35871
5414,0.001856,74.125.68.0-255,1484,26404,14,35871
5415,0.001912,74.125.68.0-255,2902,29306,14,35871
5416,0.001916,172.31.36.0-255,66,29372,14,35871
5417,0.001943,172.31.36.0-255,66,29438,14,35871
5418,0.002124,172.31.36.0-255,66,29504,14,35871
5419,0.00215,172.31.36.0-255,66,29570,14,35871
5420,0.002503,172.31.36.0-255,66,29636,14,35871
5421,0.003308,74.125.68.0-255,2902,32538,14,35871
5422,0.004235,74.125.68.0-255,2902,35440,14,35871
5423,0.004657,172.31.36.0-255,66,35506,14,35871
5424,0.005262,172.31.36.0-255,66,35572,14,35871
5425,0.005315,172.31.36.0-255,66,35638,14,35871
5426,0.006341,172.31.36.0-255,101,35739,14,35871
5427,0.007961,172.31.36.0-255,66,35805,14,35871
5428,0.008978,74.125.68.0-255,66,35871,14,35871
5429,0.0,74.125.24.0-255,153,153,14,168095
5430,2.7e-05,74.125.24.0-255,1484,1637,14,168095
5431,3.6e-05,172.31.36.0-255,66,1703,14,168095
5432,4.4e-05,74.125.24.0-255,2902,4605,14,168095
5433,4.7e-05,172.31.36.0-255,66,4671,14,168095
5434,5.3e-05,74.125.24.0-255,4320,8991,14,168095
5435,5.6e-05,172.31.36.0-255,66,9057,14,168095
5436,7.3e-05,74.125.24.0-255,1484,10541,14,168095
5437,0.000116,172.31.36.0-255,66,10607,14,168095
5438,0.000121,74.125.24.0-255,4320,14927,14,168095
5439,0.000124,172.31.36.0-255,66,14993,14,168095
5440,0.000147,74.125.24.0-255,2902,17895,14,168095
5441,0.000149,172.31.36.0-255,66,17961,14,168095
5442,0.000181,172.31.36.0-255,66,18027,14,168095
5443,0.000336,74.125.24.0-255,1484,19511,14,168095
5444,0.000343,74.125.24.0-255,2902,22413,14,168095
5445,0.000347,172.31.36.0-255,66,22479,14,168095
5446,0.000373,172.31.36.0-255,66,22545,14,168095
5447,0.000395,74.125.24.0-255,1484,24029,14,168095
5448,0.000428,172.31.36.0-255,66,24095,14,168095
5449,0.000438,172.31.36.0-255,66,24161,14,168095
5450,0.000469,74.125.24.0-255,2902,27063,14,168095
5451,0.000472,172.31.36.0-255,66,27129,14,168095
5452,0.000493,74.125.24.0-255,2882,30011,14,168095
5453,0.000496,172.31.36.0-255,66,30077,14,168095
5454,0.000526,74.125.24.0-255,1484,31561,14,168095
5455,0.000546,74.125.24.0-255,2902,34463,14,168095
5456,0.00055,172.31.36.0-255,66,34529,14,168095
5457,0.000554,74.125.24.0-255,1484,36013,14,168095
5458,0.000575,74.125.24.0-255,4320,40333,14,168095
5459,0.000578,172.31.36.0-255,66,40399,14,168095
5460,0.000582,74.125.24.0-255,1484,41883,14,168095
5461,0.0006,74.125.24.0-255,4320,46203,14,168095
5462,0.000603,172.31.36.0-255,66,46269,14,168095
5463,0.000625,74.125.24.0-255,826,47095,14,168095
5464,0.000777,74.125.24.0-255,1484,48579,14,168095
5465,0.000782,172.31.36.0-255,66,48645,14,168095
5466,0.0008,74.125.24.0-255,2902,51547,14,168095
5467,0.000804,172.31.36.0-255,66,51613,14,168095
5468,0.000809,74.125.24.0-255,2902,54515,14,168095
5469,0.000811,172.31.36.0-255,66,54581,14,168095
5470,0.000826,74.125.24.0-255,2902,57483,14,168095
5471,0.00083,74.125.24.0-255,2902,60385,14,168095
5472,0.000832,172.31.36.0-255,66,60451,14,168095
5473,0.000835,172.31.36.0-255,66,60517,14,168095
5474,0.00086,74.125.24.0-255,3961,64478,14,168095
5475,0.000864,172.31.36.0-255,66,64544,14,168095
5476,0.000985,74.125.24.0-255,1484,66028,14,168095
5477,0.000991,74.125.24.0-255,2902,68930,14,168095
5478,0.000994,172.31.36.0-255,66,68996,14,168095
5479,0.001028,172.31.36.0-255,66,69062,14,168095
5480,0.001032,74.125.24.0-255,2902,71964,14,168095
5481,0.001035,172.31.36.0-255,66,72030,14,168095
5482,0.001049,74.125.24.0-255,2902,74932,14,168095
5483,0.001052,172.31.36.0-255,66,74998,14,168095
5484,0.001071,172.31.36.0-255,66,75064,14,168095
5485,0.001104,172.31.36.0-255,66,75130,14,168095
5486,0.00111,74.125.24.0-255,4320,79450,14,168095
5487,0.001112,172.31.36.0-255,66,79516,14,168095
5488,0.001115,74.125.24.0-255,766,80282,14,168095
5489,0.001988,74.125.24.0-255,1484,81766,14,168095
5490,0.001995,172.31.36.0-255,66,81832,14,168095
5491,0.002004,74.125.24.0-255,2902,84734,14,168095
5492,0.002007,172.31.36.0-255,66,84800,14,168095
5493,0.002012,74.125.24.0-255,2902,87702,14,168095
5494,0.002014,172.31.36.0-255,66,87768,14,168095
5495,0.002033,74.125.24.0-255,2902,90670,14,168095
5496,0.002035,172.31.36.0-255,66,90736,14,168095
5497,0.002047,74.125.24.0-255,1484,92220,14,168095
5498,0.002075,172.31.36.0-255,66,92286,14,168095
5499,0.002079,74.125.24.0-255,2902,95188,14,168095
5500,0.002081,172.31.36.0-255,66,95254,14,168095
5501,0.002099,74.125.24.0-255,1484,96738,14,168095
5502,0.002102,74.125.24.0-255,1484,98222,14,168095
5503,0.002104,172.31.36.0-255,66,98288,14,168095
5504,0.002107,74.125.24.0-255,1484,99772,14,168095
5505,0.002121,74.125.24.0-255,3602,103374,14,168095
5506,0.002123,172.31.36.0-255,66,103440,14,168095
5507,0.002223,74.125.24.0-255,1484,104924,14,168095
5508,0.002244,74.125.24.0-255,2902,107826,14,168095
5509,0.002247,172.31.36.0-255,66,107892,14,168095
5510,0.002252,74.125.24.0-255,2902,110794,14,168095
5511,0.002254,172.31.36.0-255,66,110860,14,168095
5512,0.002314,172.31.36.0-255,66,110926,14,168095
5513,0.002331,74.125.24.0-255,1484,112410,14,168095
5514,0.002344,172.31.36.0-255,66,112476,14,168095
5515,0.002382,172.31.36.0-255,66,112542,14,168095
5516,0.002392,172.31.36.0-255,66,112608,14,168095
5517,0.002394,74.125.24.0-255,1484,114092,14,168095
5518,0.002416,74.125.24.0-255,1484,115576,14,168095
5519,0.002418,172.31.36.0-255,66,115642,14,168095
5520,0.002445,172.31.36.0-255,66,115708,14,168095
5521,0.002455,172.31.36.0-255,66,115774,14,168095
5522,0.002478,74.125.24.0-255,2902,118676,14,168095
5523,0.00248,172.31.36.0-255,66,118742,14,168095
5524,0.002484,74.125.24.0-255,2184,120926,14,168095
5525,0.002486,172.31.36.0-255,66,120992,14,168095
5526,0.002572,74.125.24.0-255,1484,122476,14,168095
5527,0.002588,74.125.24.0-255,2902,125378,14,168095
5528,0.002592,172.31.36.0-255,66,125444,14,168095
5529,0.002618,172.31.36.0-255,66,125510,14,168095
5530,0.002631,172.31.36.0-255,66,125576,14,168095
5531,0.002657,172.31.36.0-255,66,125642,14,168095
5532,0.002684,74.125.24.0-255,4320,129962,14,168095
5533,0.002694,172.31.36.0-255,66,130028,14,168095
5534,0.002697,172.31.36.0-255,66,130094,14,168095
5535,0.003233,74.125.24.0-255,1484,131578,14,168095
5536,0.003248,74.125.24.0-255,2902,134480,14,168095
5537,0.003251,172.31.36.0-255,66,134546,14,168095
5538,0.003256,74.125.24.0-255,2902,137448,14,168095
5539,0.003258,172.31.36.0-255,66,137514,14,168095
5540,0.00328,74.125.24.0-255,2902,140416,14,168095
5541,0.003284,74.125.24.0-255,4320,144736,14,168095
5542,0.003287,172.31.36.0-255,66,144802,14,168095
5543,0.00329,172.31.36.0-255,66,144868,14,168095
5544,0.003299,74.125.24.0-255,1484,146352,14,168095
5545,0.003325,172.31.36.0-255,66,146418,14,168095
5546,0.003328,74.125.24.0-255,1484,147902,14,168095
5547,0.003349,172.31.36.0-255,66,147968,14,168095
5548,0.003512,74.125.24.0-255,1484,149452,14,168095
5549,0.003528,74.125.24.0-255,2902,152354,14,168095
5550,0.003531,172.31.36.0-255,66,152420,14,168095
5551,0.003536,74.125.24.0-255,2902,155322,14,168095
5552,0.003538,172.31.36.0-255,66,155388,14,168095
5553,0.003558,74.125.24.0-255,2902,158290,14,168095
5554,0.00356,172.31.36.0-255,66,158356,14,168095
5555,0.003572,172.31.36.0-255,66,158422,14,168095
5556,0.003598,74.125.24.0-255,1484,159906,14,168095
5557,0.003609,172.31.36.0-255,66,159972,14,168095
5558,0.003654,172.31.36.0-255,66,160038,14,168095
5559,0.003679,74.125.24.0-255,2902,162940,14,168095
5560,0.003682,172.31.36.0-255,66,163006,14,168095
5561,0.003685,172.31.36.0-255,66,163072,14,168095
5562,0.00371,172.31.36.0-255,66,163138,14,168095
5563,0.003742,74.125.24.0-255,4320,167458,14,168095
5564,0.003744,172.31.36.0-255,66,167524,14,168095
5565,0.003776,172.31.36.0-255,66,167590,14,168095
5566,0.003789,172.31.36.0-255,66,167656,14,168095
5567,0.003792,74.125.24.0-255,97,167753,14,168095
5568,0.003794,74.125.24.0-255,105,167858,14,168095
5569,0.004604,172.31.36.0-255,66,167924,14,168095
5570,0.004639,172.31.36.0-255,105,168029,14,168095
5571,0.006631,74.125.24.0-255,66,168095,14,168095
5572,0.0,74.125.24.0-255,148,148,14,44266
5573,1.4e-05,172.31.36.0-255,66,214,14,44266
5574,2.1e-05,74.125.24.0-255,1484,1698,14,44266
5575,2.4e-05,172.31.36.0-255,66,1764,14,44266
5576,2.9e-05,74.125.24.0-255,2902,4666,14,44266
5577,3.2e-05,172.31.36.0-255,66,4732,14,44266
5578,4.8e-05,172.31.36.0-255,66,4798,14,44266
5579,0.000112,74.125.24.0-255,3454,8252,14,44266
5580,0.000114,172.31.36.0-255,66,8318,14,44266
5581,0.000298,74.125.24.0-255,1484,9802,14,44266
5582,0.000304,172.31.36.0-255,66,9868,14,44266
5583,0.000309,74.125.24.0-255,2902,12770,14,44266
5584,0.000311,172.31.36.0-255,66,12836,14,44266
5585,0.000318,172.31.36.0-255,66,12902,14,44266
5586,0.000358,74.125.24.0-255,1484,14386,14,44266
5587,0.000361,172.31.36.0-255,66,14452,14,44266
5588,0.0004,172.31.36.0-255,66,14518,14,44266
5589,0.000445,172.31.36.0-255,66,14584,14,44266
5590,0.002325,74.125.24.0-255,1484,16068,14,44266
5591,0.002331,172.31.36.0-255,66,16134,14,44266
5592,0.002339,74.125.24.0-255,2902,19036,14,44266
5593,0.002341,172.31.36.0-255,66,19102,14,44266
5594,0.002368,74.125.24.0-255,4320,23422,14,44266
5595,0.00237,172.31.36.0-255,66,23488,14,44266
5596,0.002394,172.31.36.0-255,66,23554,14,44266
5597,0.0024,74.125.24.0-255,4320,27874,14,44266
5598,0.002401,172.31.36.0-255,66,27940,14,44266
5599,0.002426,74.125.24.0-255,2902,30842,14,44266
5600,0.002432,172.31.36.0-255,66,30908,14,44266
5601,0.002445,74.125.24.0-255,2902,33810,14,44266
5602,0.00245,172.31.36.0-255,66,33876,14,44266
5603,0.002478,172.31.36.0-255,66,33942,14,44266
5604,0.002486,172.31.36.0-255,66,34008,14,44266
5605,0.002601,74.125.24.0-255,1484,35492,14,44266
5606,0.002613,74.125.24.0-255,1484,36976,14,44266
5607,0.002616,172.31.36.0-255,66,37042,14,44266
5608,0.00264,74.125.24.0-255,1484,38526,14,44266
5609,0.002649,172.31.36.0-255,66,38592,14,44266
5610,0.002656,172.31.36.0-255,66,38658,14,44266
5611,0.002683,74.125.24.0-255,1156,39814,14,44266
5612,0.005289,74.125.24.0-255,4320,44134,14,44266
5613,0.005295,172.31.36.0-255,66,44200,14,44266
5614,0.007957,172.31.36.0-255,66,44266,14,44266
5615,0.0,74.125.200.0-255,153,153,14,103440
5616,3.1e-05,172.31.36.0-255,66,219,14,103440
5617,3.8e-05,74.125.200.0-255,1484,1703,14,103440
5618,4.3e-05,172.31.36.0-255,66,1769,14,103440
5619,4.8e-05,74.125.200.0-255,2902,4671,14,103440
5620,5e-05,172.31.36.0-255,66,4737,14,103440
5621,5.3e-05,74.125.200.0-255,1484,6221,14,103440
5622,5.6e-05,172.31.36.0-255,66,6287,14,103440
5623,7.6e-05,74.125.200.0-255,1484,7771,14,103440
5624,7.8e-05,172.31.36.0-255,66,7837,14,103440
5625,8.5e-05,74.125.200.0-255,4320,12157,14,103440
5626,8.8e-05,172.31.36.0-255,66,12223,14,103440
5627,0.00011,74.125.200.0-255,2011,14234,14,103440
5628,0.000113,172.31.36.0-255,66,14300,14,103440
5629,0.000129,74.125.200.0-255,2902,17202,14,103440
5630,0.000132,172.31.36.0-255,66,17268,14,103440
5631,0.000157,74.125.200.0-255,2902,20170,14,103440
5632,0.00016,172.31.36.0-255,66,20236,14,103440
5633,0.00018,74.125.200.0-255,4320,24556,14,103440
5634,0.000183,172.31.36.0-255,66,24622,14,103440
5635,0.000213,74.125.200.0-255,4320,28942,14,103440
5636,0.000216,172.31.36.0-255,66,29008,14,103440
5637,0.000232,74.125.200.0-255,2543,31551,14,103440
5638,0.000234,172.31.36.0-255,66,31617,14,103440
5639,0.000689,74.125.200.0-255,1484,33101,14,103440
5640,0.000696,172.31.36.0-255,66,33167,14,103440
5641,0.000706,74.125.200.0-255,2902,36069,14,103440
5642,0.000709,172.31.36.0-255,66,36135,14,103440
5643,0.000718,172.31.36.0-255,66,36201,14,103440
5644,0.000745,172.31.36.0-255,66,36267,14,103440
5645,0.000768,172.31.36.0-255,66,36333,14,103440
5646,0.000794,172.31.36.0-255,66,36399,14,103440
5647,0.000798,74.125.200.0-255,2184,38583,14,103440
5648,0.000802,172.31.36.0-255,66,38649,14,103440
5649,0.0013,74.125.200.0-255,411,39060,14,103440
5650,0.001333,74.125.200.0-255,1484,40544,14,103440
5651,0.001337,172.31.36.0-255,66,40610,14,103440
5652,0.001354,74.125.200.0-255,2902,43512,14,103440
5653,0.001357,172.31.36.0-255,66,43578,14,103440
5654,0.001361,74.125.200.0-255,2902,46480,14,103440
5655,0.001363,172.31.36.0-255,66,46546,14,103440
5656,0.00138,74.125.200.0-255,2902,49448,14,103440
5657,0.001382,172.31.36.0-255,66,49514,14,103440
5658,0.001388,74.125.200.0-255,4320,53834,14,103440
5659,0.00139,172.31.36.0-255,66,53900,14,103440
5660,0.001393,74.125.200.0-255,1484,55384,14,103440
5661,0.001412,74.125.200.0-255,4320,59704,14,103440
5662,0.001415,172.31.36.0-255,66,59770,14,103440
5663,0.001432,74.125.200.0-255,2902,62672,14,103440
5664,0.001435,172.31.36.0-255,66,62738,14,103440
5665,0.001452,74.125.200.0-255,4320,67058,14,103440
5666,0.001454,172.31.36.0-255,66,67124,14,103440
5667,0.001489,74.125.200.0-255,4320,71444,14,103440
5668,0.001491,172.31.36.0-255,66,71510,14,103440
5669,0.001504,74.125.200.0-255,2184,73694,14,103440
5670,0.001507,172.31.36.0-255,66,73760,14,103440
5671,0.001677,74.125.200.0-255,1484,75244,14,103440
5672,0.001689,74.125.200.0-255,2902,78146,14,103440
5673,0.001691,172.31.36.0-255,66,78212,14,103440
5674,0.001714,74.125.200.0-255,1484,79696,14,103440
5675,0.00173,74.125.200.0-255,4320,84016,14,103440
5676,0.001732,172.31.36.0-255,66,84082,14,103440
5677,0.001736,74.125.200.0-255,2902,86984,14,103440
5678,0.001739,172.31.36.0-255,66,87050,14,103440
5679,0.00175,74.125.200.0-255,2902,89952,14,103440
5680,0.001753,172.31.36.0-255,66,90018,14,103440
5681,0.001756,74.125.200.0-255,1484,91502,14,103440
5682,0.001776,172.31.36.0-255,66,91568,14,103440
5683,0.001788,74.125.200.0-255,1484,93052,14,103440
5684,0.001818,172.31.36.0-255,66,93118,14,103440
5685,0.004317,74.125.200.0-255,4320,97438,14,103440
5686,0.004321,172.31.36.0-255,66,97504,14,103440
5687,0.004337,74.125.200.0-255,1484,98988,14,103440
5688,0.006828,74.125.200.0-255,4320,103308,14,103440
5689,0.006835,172.31.36.0-255,66,103374,14,103440
5690,0.009392,172.31.36.0-255,66,103440,14,103440
5691,0.0,172.217.194.0-255,209,209,14,107647
5692,4e-05,172.217.194.0-255,1484,1693,14,107647
5693,4.6e-05,172.31.36.0-255,66,1759,14,107647
5694,5.3e-05,172.217.194.0-255,4320,6079,14,107647
5695,8.5e-05,172.31.36.0-255,66,6145,14,107647
5696,9.2e-05,172.31.36.0-255,66,6211,14,107647
5697,0.000124,172.217.194.0-255,2002,8213,14,107647
5698,0.000129,172.217.194.0-255,2902,11115,14,107647
5699,0.000184,172.217.194.0-255,1484,12599,14,107647
5700,0.000223,172.217.194.0-255,2902,15501,14,107647
5701,0.000226,172.217.194.0-255,1125,16626,14,107647
5702,0.000304,172.31.36.0-255,66,16692,14,107647
5703,0.000314,172.217.194.0-255,378,17070,14,107647
5704,0.000332,172.31.36.0-255,66,17136,14,107647
5705,0.000699,172.217.194.0-255,98,17234,14,107647
5706,0.000734,172.217.194.0-255,1484,18718,14,107647
5707,0.000738,172.31.36.0-255,66,18784,14,107647
5708,0.000743,172.217.194.0-255,2902,21686,14,107647
5709,0.000754,172.31.36.0-255,66,21752,14,107647
5710,0.000792,172.31.36.0-255,66,21818,14,107647
5711,0.000797,172.31.36.0-255,66,21884,14,107647
5712,0.000809,172.31.36.0-255,66,21950,14,107647
5713,0.000833,172.217.194.0-255,2184,24134,14,107647
5714,0.000836,172.31.36.0-255,66,24200,14,107647
5715,0.000842,172.31.36.0-255,66,24266,14,107647
5716,0.000869,172.217.194.0-255,1484,25750,14,107647
5717,0.000873,172.217.194.0-255,1484,27234,14,107647
5718,0.000884,172.31.36.0-255,66,27300,14,107647
5719,0.000898,172.217.194.0-255,1484,28784,14,107647
5720,0.000922,172.31.36.0-255,66,28850,14,107647
5721,0.000951,172.31.36.0-255,66,28916,14,107647
5722,0.000985,172.31.36.0-255,66,28982,14,107647
5723,0.001,172.31.36.0-255,66,29048,14,107647
5724,0.001018,172.31.36.0-255,66,29114,14,107647
5725,0.001051,172.217.194.0-255,1484,30598,14,107647
5726,0.00107,172.31.36.0-255,66,30664,14,107647
5727,0.001195,172.217.194.0-255,1484,32148,14,107647
5728,0.00121,172.217.194.0-255,2902,35050,14,107647
5729,0.001215,172.31.36.0-255,66,35116,14,107647
5730,0.001225,172.217.194.0-255,1484,36600,14,107647
5731,0.001226,172.31.36.0-255,66,36666,14,107647
5732,0.001265,172.31.36.0-255,66,36732,14,107647
5733,0.001284,172.31.36.0-255,66,36798,14,107647
5734,0.001284,172.217.194.0-255,2184,38982,14,107647
5735,0.001288,172.31.36.0-255,66,39048,14,107647
5736,0.00174,172.217.194.0-255,1484,40532,14,107647
5737,0.001753,172.217.194.0-255,2902,43434,14,107647
5738,0.001757,172.31.36.0-255,66,43500,14,107647
5739,0.001763,172.217.194.0-255,4320,47820,14,107647
5740,0.001774,172.31.36.0-255,66,47886,14,107647
5741,0.001782,172.217.194.0-255,1484,49370,14,107647
5742,0.001787,172.217.194.0-255,2902,52272,14,107647
5743,0.001804,172.31.36.0-255,66,52338,14,107647
5744,0.001824,172.31.36.0-255,66,52404,14,107647
5745,0.001866,172.31.36.0-255,66,52470,14,107647
5746,0.001872,172.217.194.0-255,2184,54654,14,107647
5747,0.001881,172.31.36.0-255,66,54720,14,107647
5748,0.002063,172.217.194.0-255,1484,56204,14,107647
5749,0.002067,172.217.194.0-255,1484,57688,14,107647
5750,0.00207,172.31.36.0-255,66,57754,14,107647
5751,0.002084,172.217.194.0-255,1484,59238,14,107647
5752,0.002103,172.217.194.0-255,1484,60722,14,107647
5753,0.002104,172.31.36.0-255,66,60788,14,107647
5754,0.002109,172.31.36.0-255,66,60854,14,107647
5755,0.0022,172.217.194.0-255,1484,62338,14,107647
5756,0.002202,172.217.194.0-255,1484,63822,14,107647
5757,0.002211,172.217.194.0-255,1484,65306,14,107647
5758,0.002216,172.217.194.0-255,4320,69626,14,107647
5759,0.002232,172.217.194.0-255,1484,71110,14,107647
5760,0.002346,172.217.194.0-255,3602,74712,14,107647
5761,0.002349,172.217.194.0-255,1484,76196,14,107647
5762,0.002353,172.217.194.0-255,2902,79098,14,107647
5763,0.002361,172.217.194.0-255,1484,80582,14,107647
5764,0.002422,172.217.194.0-255,1484,82066,14,107647
5765,0.002426,172.217.194.0-255,2184,84250,14,107647
5766,0.002429,172.217.194.0-255,2902,87152,14,107647
5767,0.00244,172.217.194.0-255,2902,90054,14,107647
5768,0.002457,172.217.194.0-255,2902,92956,14,107647
5769,0.002462,172.217.194.0-255,2902,95858,14,107647
5770,0.002497,172.217.194.0-255,4320,100178,14,107647
5771,0.002522,172.217.194.0-255,1484,101662,14,107647
5772,0.002541,172.217.194.0-255,2902,104564,14,107647
5773,0.002562,172.217.194.0-255,2741,107305,14,107647
5774,0.002595,172.217.194.0-255,105,107410,14,107647
5775,0.005303,172.31.36.0-255,66,107476,14,107647
5776,0.006728,172.31.36.0-255,105,107581,14,107647
5777,0.008998,172.217.194.0-255,66,107647,14,107647
5778,0.0,172.217.194.0-255,153,153,14,69667
5779,3.4e-05,172.31.36.0-255,66,219,14,69667
5780,4.2e-05,172.217.194.0-255,1484,1703,14,69667
5781,4.5e-05,172.31.36.0-255,66,1769,14,69667
5782,5.1e-05,172.217.194.0-255,2902,4671,14,69667
5783,5.4e-05,172.31.36.0-255,66,4737,14,69667
5784,6.2e-05,172.31.36.0-255,66,4803,14,69667
5785,6.7e-05,172.217.194.0-255,3462,8265,14,69667
5786,7e-05,172.31.36.0-255,66,8331,14,69667
5787,0.000121,172.217.194.0-255,4320,12651,14,69667
5788,0.000125,172.31.36.0-255,66,12717,14,69667
5789,0.000132,172.217.194.0-255,4320,17037,14,69667
5790,0.000134,172.31.36.0-255,66,17103,14,69667
5791,0.00015,172.217.194.0-255,1484,18587,14,69667
5792,0.000152,172.31.36.0-255,66,18653,14,69667
5793,0.000165,172.217.194.0-255,1484,20137,14,69667
5794,0.000167,172.31.36.0-255,66,20203,14,69667
5795,0.000199,172.31.36.0-255,66,20269,14,69667
5796,0.000411,172.217.194.0-255,1484,21753,14,69667
5797,0.000415,172.31.36.0-255,66,21819,14,69667
5798,0.00042,172.217.194.0-255,1484,23303,14,69667
5799,0.000425,172.31.36.0-255,66,23369,14,69667
5800,0.000436,172.217.194.0-255,1484,24853,14,69667
5801,0.000438,172.31.36.0-255,66,24919,14,69667
5802,0.000448,172.31.36.0-255,66,24985,14,69667
5803,0.000472,172.217.194.0-255,2902,27887,14,69667
5804,0.000475,172.31.36.0-255,66,27953,14,69667
5805,0.000519,172.31.36.0-255,66,28019,14,69667
5806,0.000532,172.31.36.0-255,66,28085,14,69667
5807,0.000548,172.217.194.0-255,3961,32046,14,69667
5808,0.000551,172.31.36.0-255,66,32112,14,69667
5809,0.001214,172.217.194.0-255,645,32757,14,69667
5810,0.001331,172.217.194.0-255,1484,34241,14,69667
5811,0.001337,172.31.36.0-255,66,34307,14,69667
5812,0.001344,172.217.194.0-255,2902,37209,14,69667
5813,0.001347,172.31.36.0-255,66,37275,14,69667
5814,0.001379,172.31.36.0-255,66,37341,14,69667
5815,0.00139,172.31.36.0-255,66,37407,14,69667
5816,0.001424,172.217.194.0-255,4320,41727,14,69667
5817,0.001427,172.31.36.0-255,66,41793,14,69667
5818,0.001439,172.31.36.0-255,66,41859,14,69667
5819,0.001932,172.217.194.0-255,1484,43343,14,69667
5820,0.001971,172.217.194.0-255,2902,46245,14,69667
5821,0.001974,172.31.36.0-255,66,46311,14,69667
5822,0.002023,172.31.36.0-255,66,46377,14,69667
5823,0.002037,172.31.36.0-255,66,46443,14,69667
5824,0.002046,172.31.36.0-255,66,46509,14,69667
5825,0.002081,172.217.194.0-255,1484,47993,14,69667
5826,0.002092,172.217.194.0-255,2184,50177,14,69667
5827,0.002094,172.31.36.0-255,66,50243,14,69667
5828,0.002099,172.217.194.0-255,4320,54563,14,69667
5829,0.002101,172.31.36.0-255,66,54629,14,69667
5830,0.002106,172.217.194.0-255,4320,58949,14,69667
5831,0.002108,172.31.36.0-255,66,59015,14,69667
5832,0.002126,172.217.194.0-255,2902,61917,14,69667
5833,0.002128,172.31.36.0-255,66,61983,14,69667
5834,0.002149,172.217.194.0-255,1484,63467,14,69667
5835,0.002181,172.31.36.0-255,66,63533,14,69667
5836,0.002191,172.31.36.0-255,66,63599,14,69667
5837,0.004475,172.217.194.0-255,2902,66501,14,69667
5838,0.004478,172.31.36.0-255,66,66567,14,69667
5839,0.004497,172.217.194.0-255,2902,69469,14,69667
5840,0.004499,172.31.36.0-255,66,69535,14,69667
5841,0.006758,172.31.36.0-255,66,69601,14,69667
5842,0.009074,172.31.36.0-255,66,69667,14,69667
5843,0.0,172.217.27.0-255,154,154,14,71920
5844,2.4e-05,172.31.36.0-255,66,220,14,71920
5845,3.2e-05,172.217.27.0-255,1484,1704,14,71920
5846,3.7e-05,172.31.36.0-255,66,1770,14,71920
5847,4.3e-05,172.217.27.0-255,2902,4672,14,71920
5848,4.6e-05,172.31.36.0-255,66,4738,14,71920
5849,5.2e-05,172.217.27.0-255,4320,9058,14,71920
5850,5.5e-05,172.31.36.0-255,66,9124,14,71920
5851,5.8e-05,172.217.27.0-255,1484,10608,14,71920
5852,6.1e-05,172.31.36.0-255,66,10674,14,71920
5853,6.6e-05,172.217.27.0-255,2902,13576,14,71920
5854,7e-05,172.31.36.0-255,66,13642,14,71920
5855,7.4e-05,172.217.27.0-255,1484,15126,14,71920
5856,7.6e-05,172.31.36.0-255,66,15192,14,71920
5857,0.000105,172.31.36.0-255,66,15258,14,71920
5858,0.000142,172.31.36.0-255,66,15324,14,71920
5859,0.000256,172.217.27.0-255,1484,16808,14,71920
5860,0.00026,172.31.36.0-255,66,16874,14,71920
5861,0.000265,172.217.27.0-255,2902,19776,14,71920
5862,0.000268,172.31.36.0-255,66,19842,14,71920
5863,0.000274,172.217.27.0-255,4320,24162,14,71920
5864,0.000277,172.31.36.0-255,66,24228,14,71920
5865,0.000313,172.217.27.0-255,1484,25712,14,71920
5866,0.000316,172.31.36.0-255,66,25778,14,71920
5867,0.000327,172.31.36.0-255,66,25844,14,71920
5868,0.000342,172.31.36.0-255,66,25910,14,71920
5869,0.000346,172.217.27.0-255,2473,28383,14,71920
5870,0.000348,172.31.36.0-255,66,28449,14,71920
5871,0.000645,172.217.27.0-255,387,28836,14,71920
5872,0.000959,172.217.27.0-255,1484,30320,14,71920
5873,0.000965,172.31.36.0-255,66,30386,14,71920
5874,0.000971,172.217.27.0-255,2902,33288,14,71920
5875,0.000975,172.217.27.0-255,1484,34772,14,71920
5876,0.000996,172.217.27.0-255,4320,39092,14,71920
5877,0.001004,172.31.36.0-255,66,39158,14,71920
5878,0.00102,172.31.36.0-255,66,39224,14,71920
5879,0.001064,172.31.36.0-255,66,39290,14,71920
5880,0.001081,172.217.27.0-255,766,40056,14,71920
5881,0.00111,172.31.36.0-255,66,40122,14,71920
5882,0.001412,172.217.27.0-255,1484,41606,14,71920
5883,0.001417,172.217.27.0-255,1484,43090,14,71920
5884,0.00142,172.31.36.0-255,66,43156,14,71920
5885,0.001439,172.217.27.0-255,2902,46058,14,71920
5886,0.001446,172.217.27.0-255,4320,50378,14,71920
5887,0.001459,172.217.27.0-255,1484,51862,14,71920
5888,0.001465,172.31.36.0-255,66,51928,14,71920
5889,0.0015,172.31.36.0-255,66,51994,14,71920
5890,0.001517,172.31.36.0-255,66,52060,14,71920
5891,0.001527,172.217.27.0-255,4320,56380,14,71920
5892,0.001533,172.217.27.0-255,3602,59982,14,71920
5893,0.001537,172.217.27.0-255,4320,64302,14,71920
5894,0.001576,172.217.27.0-255,4320,68622,14,71920
5895,0.001581,172.31.36.0-255,66,68688,14,71920
5896,0.00162,172.217.27.0-255,2902,71590,14,71920
5897,0.001632,172.31.36.0-255,66,71656,14,71920
5898,0.001649,172.31.36.0-255,66,71722,14,71920
5899,0.00331,172.31.36.0-255,66,71788,14,71920
5900,0.006894,172.31.36.0-255,66,71854,14,71920
5901,0.008547,172.31.36.0-255,66,71920,14,71920
5902,0.0,74.125.24.0-255,146,146,14,98858
5903,2.2e-05,172.31.36.0-255,66,212,14,98858
5904,4.3e-05,74.125.24.0-255,1484,1696,14,98858
5905,4.8e-05,172.31.36.0-255,66,1762,14,98858
5906,5.4e-05,74.125.24.0-255,2902,4664,14,98858
5907,5.8e-05,172.31.36.0-255,66,4730,14,98858
5908,6.1e-05,74.125.24.0-255,1484,6214,14,98858
5909,6.4e-05,172.31.36.0-255,66,6280,14,98858
5910,9.5e-05,172.31.36.0-255,66,6346,14,98858
5911,9.8e-05,74.125.24.0-255,1484,7830,14,98858
5912,0.0001,172.31.36.0-255,66,7896,14,98858
5913,0.000114,74.125.24.0-255,1484,9380,14,98858
5914,0.000116,172.31.36.0-255,66,9446,14,98858
5915,0.000148,172.31.36.0-255,66,9512,14,98858
5916,0.000166,74.125.24.0-255,1484,10996,14,98858
5917,0.000168,172.31.36.0-255,66,11062,14,98858
5918,0.000171,74.125.24.0-255,1125,12187,14,98858
5919,0.000174,172.31.36.0-255,66,12253,14,98858
5920,0.000207,74.125.24.0-255,1484,13737,14,98858
5921,0.00021,172.31.36.0-255,66,13803,14,98858
5922,0.000215,74.125.24.0-255,2902,16705,14,98858
5923,0.000218,172.31.36.0-255,66,16771,14,98858
5924,0.000248,172.31.36.0-255,66,16837,14,98858
5925,0.000252,74.125.24.0-255,2902,19739,14,98858
5926,0.000254,172.31.36.0-255,66,19805,14,98858
5927,0.00028,172.31.36.0-255,66,19871,14,98858
5928,0.00029,172.31.36.0-255,66,19937,14,98858
5929,0.000313,74.125.24.0-255,2543,22480,14,98858
5930,0.000315,172.31.36.0-255,66,22546,14,98858
5931,0.000319,74.125.24.0-255,646,23192,14,98858
5932,0.000611,74.125.24.0-255,1484,24676,14,98858
5933,0.000616,74.125.24.0-255,2902,27578,14,98858
5934,0.000623,172.31.36.0-255,66,27644,14,98858
5935,0.000627,172.31.36.0-255,66,27710,14,98858
5936,0.00065,172.31.36.0-255,66,27776,14,98858
5937,0.000686,172.31.36.0-255,66,27842,14,98858
5938,0.000705,74.125.24.0-255,2902,30744,14,98858
5939,0.000708,172.31.36.0-255,66,30810,14,98858
5940,0.000721,172.31.36.0-255,66,30876,14,98858
5941,0.000918,74.125.24.0-255,1484,32360,14,98858
5942,0.000937,74.125.24.0-255,2902,35262,14,98858
5943,0.000941,172.31.36.0-255,66,35328,14,98858
5944,0.000945,74.125.24.0-255,1484,36812,14,98858
5945,0.000967,74.125.24.0-255,4320,41132,14,98858
5946,0.000969,172.31.36.0-255,66,41198,14,98858
5947,0.00098,172.31.36.0-255,66,41264,14,98858
5948,0.000997,74.125.24.0-255,4320,45584,14,98858
5949,0.000999,172.31.36.0-255,66,45650,14,98858
5950,0.001015,74.125.24.0-255,1484,47134,14,98858
5951,0.001051,172.31.36.0-255,66,47200,14,98858
5952,0.001064,172.31.36.0-255,66,47266,14,98858
5953,0.001086,74.125.24.0-255,2902,50168,14,98858
5954,0.001089,172.31.36.0-255,66,50234,14,98858
5955,0.001122,172.31.36.0-255,66,50300,14,98858
5956,0.001263,74.125.24.0-255,1484,51784,14,98858
5957,0.001269,74.125.24.0-255,2902,54686,14,98858
5958,0.001273,172.31.36.0-255,66,54752,14,98858
5959,0.001278,74.125.24.0-255,2902,57654,14,98858
5960,0.00128,172.31.36.0-255,66,57720,14,98858
5961,0.001311,74.125.24.0-255,2902,60622,14,98858
5962,0.001315,172.31.36.0-255,66,60688,14,98858
5963,0.001329,172.31.36.0-255,66,60754,14,98858
5964,0.001355,74.125.24.0-255,1484,62238,14,98858
5965,0.00137,172.31.36.0-255,66,62304,14,98858
5966,0.001439,74.125.24.0-255,1484,63788,14,98858
5967,0.001443,74.125.24.0-255,1484,65272,14,98858
5968,0.001446,172.31.36.0-255,66,65338,14,98858
5969,0.001466,74.125.24.0-255,1484,66822,14,98858
5970,0.001475,172.31.36.0-255,66,66888,14,98858
5971,0.001507,74.125.24.0-255,4320,71208,14,98858
5972,0.001533,74.125.24.0-255,2184,73392,14,98858
5973,0.002141,74.125.24.0-255,1484,74876,14,98858
5974,0.00216,74.125.24.0-255,2902,77778,14,98858
5975,0.002165,74.125.24.0-255,1484,79262,14,98858
5976,0.002181,74.125.24.0-255,4320,83582,14,98858
5977,0.002289,74.125.24.0-255,2184,85766,14,98858
5978,0.002293,74.125.24.0-255,2902,88668,14,98858
5979,0.002306,74.125.24.0-255,2902,91570,14,98858
5980,0.002321,74.125.24.0-255,4320,95890,14,98858
5981,0.002324,74.125.24.0-255,1484,97374,14,98858
5982,0.002413,74.125.24.0-255,1484,98858,14,98858
5983,0.0,172.217.194.0-255,143,143,14,79501
5984,2.1e-05,172.31.36.0-255,66,209,14,79501
5985,2.9e-05,172.217.194.0-255,1484,1693,14,79501
5986,3.5e-05,172.31.36.0-255,66,1759,14,79501
5987,5.1e-05,172.217.194.0-255,2902,4661,14,79501
5988,5.6e-05,172.31.36.0-255,66,4727,14,79501
5989,6e-05,172.217.194.0-255,2902,7629,14,79501
5990,6.3e-05,172.31.36.0-255,66,7695,14,79501
5991,7.8e-05,172.31.36.0-255,66,7761,14,79501
5992,9.2e-05,172.31.36.0-255,66,7827,14,79501
5993,0.000197,172.217.194.0-255,1484,9311,14,79501
5994,0.000202,172.31.36.0-255,66,9377,14,79501
5995,0.000208,172.217.194.0-255,2902,12279,14,79501
5996,0.000211,172.31.36.0-255,66,12345,14,79501
5997,0.000237,172.217.194.0-255,2902,15247,14,79501
5998,0.000239,172.31.36.0-255,66,15313,14,79501
5999,0.000252,172.217.194.0-255,2902,18215,14,79501
6000,0.00026,172.31.36.0-255,66,18281,14,79501
6001,0.000269,172.31.36.0-255,66,18347,14,79501
6002,0.000279,172.31.36.0-255,66,18413,14,79501
6003,0.000318,172.31.36.0-255,66,18479,14,79501
6004,0.000322,172.217.194.0-255,2543,21022,14,79501
6005,0.000324,172.31.36.0-255,66,21088,14,79501
6006,0.000326,172.217.194.0-255,377,21465,14,79501
6007,0.000329,172.31.36.0-255,66,21531,14,79501
6008,0.000572,172.217.194.0-255,365,21896,14,79501
6009,0.000578,172.31.36.0-255,66,21962,14,79501
6010,0.000746,172.217.194.0-255,1484,23446,14,79501
6011,0.000752,172.217.194.0-255,1484,24930,14,79501
6012,0.000765,172.217.194.0-255,1484,26414,14,79501
6013,0.000771,172.217.194.0-255,4320,30734,14,79501
6014,0.000784,172.217.194.0-255,1484,32218,14,79501
6015,0.000797,172.31.36.0-255,66,32284,14,79501
6016,0.000854,172.31.36.0-255,66,32350,14,79501
6017,0.000886,172.217.194.0-255,2543,34893,14,79501
6018,0.000891,172.31.36.0-255,66,34959,14,79501
6019,0.001539,172.217.194.0-255,1484,36443,14,79501
6020,0.001548,172.217.194.0-255,2902,39345,14,79501
6021,0.001565,172.217.194.0-255,2902,42247,14,79501
6022,0.001576,172.217.194.0-255,2902,45149,14,79501
6023,0.001659,172.217.194.0-255,2902,48051,14,79501
6024,0.001675,172.217.194.0-255,2184,50235,14,79501
6025,0.002118,172.217.194.0-255,1484,51719,14,79501
6026,0.002125,172.217.194.0-255,2902,54621,14,79501
6027,0.002238,172.217.194.0-255,2902,57523,14,79501
6028,0.002242,172.217.194.0-255,2184,59707,14,79501
6029,0.002286,172.217.194.0-255,4320,64027,14,79501
6030,0.002289,172.217.194.0-255,1484,65511,14,79501
6031,0.002304,172.217.194.0-255,4320,69831,14,79501
6032,0.002339,172.217.194.0-255,1484,71315,14,79501
6033,0.002368,172.217.194.0-255,1484,72799,14,79501
6034,0.002385,172.217.194.0-255,2184,74983,14,79501
6035,0.002426,172.217.194.0-255,1484,76467,14,79501
6036,0.002441,172.217.194.0-255,2902,79369,14,79501
6037,0.005018,172.31.36.0-255,66,79435,14,79501
6038,0.007617,172.31.36.0-255,66,79501,14,79501
6039,0.0,74.125.24.0-255,153,153,14,96451
6040,1.5e-05,172.31.36.0-255,66,219,14,96451
6041,2.2e-05,74.125.24.0-255,1484,1703,14,96451
6042,2.8e-05,172.31.36.0-255,66,1769,14,96451
6043,4.1e-05,74.125.24.0-255,2902,4671,14,96451
6044,4.5e-05,172.31.36.0-255,66,4737,14,96451
6045,5.7e-05,172.31.36.0-255,66,4803,14,96451
6046,6.2e-05,74.125.24.0-255,2017,6820,14,96451
6047,6.5e-05,172.31.36.0-255,66,6886,14,96451
6048,0.000157,74.125.24.0-255,1484,8370,14,96451
6049,0.000161,172.31.36.0-255,66,8436,14,96451
6050,0.000167,74.125.24.0-255,2902,11338,14,96451
6051,0.000169,172.31.36.0-255,66,11404,14,96451
6052,0.000184,172.31.36.0-255,66,11470,14,96451
6053,0.000226,74.125.24.0-255,4320,15790,14,96451
6054,0.000229,172.31.36.0-255,66,15856,14,96451
6055,0.000274,74.125.24.0-255,1125,16981,14,96451
6056,0.000298,172.31.36.0-255,66,17047,14,96451
6057,0.000301,172.31.36.0-255,66,17113,14,96451
6058,0.000308,172.31.36.0-255,66,17179,14,96451
6059,0.000335,74.125.24.0-255,1484,18663,14,96451
6060,0.000338,172.31.36.0-255,66,18729,14,96451
6061,0.000343,74.125.24.0-255,2902,21631,14,96451
6062,0.000345,172.31.36.0-255,66,21697,14,96451
6063,0.000358,172.31.36.0-255,66,21763,14,96451
6064,0.000398,172.31.36.0-255,66,21829,14,96451
6065,0.000401,74.125.24.0-255,401,22230,14,96451
6066,0.000446,74.125.24.0-255,372,22602,14,96451
6067,0.000713,74.125.24.0-255,1484,24086,14,96451
6068,0.000718,172.31.36.0-255,66,24152,14,96451
6069,0.000725,74.125.24.0-255,2902,27054,14,96451
6070,0.000729,172.31.36.0-255,66,27120,14,96451
6071,0.000743,172.31.36.0-255,66,27186,14,96451
6072,0.000796,172.31.36.0-255,66,27252,14,96451
6073,0.000813,172.31.36.0-255,66,27318,14,96451
6074,0.00103,74.125.24.0-255,1484,28802,14,96451
6075,0.001035,74.125.24.0-255,1484,30286,14,96451
6076,0.001038,172.31.36.0-255,66,30352,14,96451
6077,0.001071,74.125.24.0-255,1484,31836,14,96451
6078,0.00108,172.31.36.0-255,66,31902,14,96451
6079,0.0011,172.31.36.0-255,66,31968,14,96451
6080,0.001138,172.31.36.0-255,66,32034,14,96451
6081,0.001165,74.125.24.0-255,1484,33518,14,96451
6082,0.00118,74.125.24.0-255,2902,36420,14,96451
6083,0.001183,172.31.36.0-255,66,36486,14,96451
6084,0.001187,74.125.24.0-255,1484,37970,14,96451
6085,0.001212,74.125.24.0-255,4320,42290,14,96451
6086,0.001215,172.31.36.0-255,66,42356,14,96451
6087,0.001233,172.31.36.0-255,66,42422,14,96451
6088,0.001238,74.125.24.0-255,2902,45324,14,96451
6089,0.00124,172.31.36.0-255,66,45390,14,96451
6090,0.001269,74.125.24.0-255,4320,49710,14,96451
6091,0.001272,172.31.36.0-255,66,49776,14,96451
6092,0.0013,74.125.24.0-255,3602,53378,14,96451
6093,0.001303,172.31.36.0-255,66,53444,14,96451
6094,0.001313,172.31.36.0-255,66,53510,14,96451
6095,0.001326,172.31.36.0-255,66,53576,14,96451
6096,0.001361,172.31.36.0-255,66,53642,14,96451
6097,0.001389,172.31.36.0-255,66,53708,14,96451
6098,0.001394,74.125.24.0-255,3602,57310,14,96451
6099,0.001396,172.31.36.0-255,66,57376,14,96451
6100,0.00144,74.125.24.0-255,1484,58860,14,96451
6101,0.001466,74.125.24.0-255,2902,61762,14,96451
6102,0.001469,172.31.36.0-255,66,61828,14,96451
6103,0.00148,172.31.36.0-255,66,61894,14,96451
6104,0.001489,74.125.24.0-255,4320,66214,14,96451
6105,0.001491,172.31.36.0-255,66,66280,14,96451
6106,0.001504,172.31.36.0-255,66,66346,14,96451
6107,0.001542,172.31.36.0-255,66,66412,14,96451
6108,0.001602,74.125.24.0-255,1484,67896,14,96451
6109,0.001606,74.125.24.0-255,2902,70798,14,96451
6110,0.001609,172.31.36.0-255,66,70864,14,96451
6111,0.001618,172.31.36.0-255,66,70930,14,96451
6112,0.001638,172.31.36.0-255,66,70996,14,96451
6113,0.001641,74.125.24.0-255,1484,72480,14,96451
6114,0.001689,172.31.36.0-255,66,72546,14,96451
6115,0.001694,74.125.24.0-255,2184,74730,14,96451
6116,0.001696,172.31.36.0-255,66,74796,14,96451
6117,0.001718,74.125.24.0-255,2902,77698,14,96451
6118,0.00172,172.31.36.0-255,66,77764,14,96451
6119,0.001746,74.125.24.0-255,4320,82084,14,96451
6120,0.001753,172.31.36.0-255,66,82150,14,96451
6121,0.001764,172.31.36.0-255,66,82216,14,96451
6122,0.00179,74.125.24.0-255,2902,85118,14,96451
6123,0.001793,172.31.36.0-255,66,85184,14,96451
6124,0.001822,172.31.36.0-255,66,85250,14,96451
6125,0.001824,74.125.24.0-255,1484,86734,14,96451
6126,0.001882,172.31.36.0-255,66,86800,14,96451
6127,0.0019,172.31.36.0-255,66,86866,14,96451
6128,0.00194,172.31.36.0-255,66,86932,14,96451
6129,0.002113,74.125.24.0-255,1484,88416,14,96451
6130,0.002135,74.125.24.0-255,2902,91318,14,96451
6131,0.002138,172.31.36.0-255,66,91384,14,96451
6132,0.002157,172.31.36.0-255,66,91450,14,96451
6133,0.002256,74.125.24.0-255,2184,93634,14,96451
6134,0.00227,74.125.24.0-255,1484,95118,14,96451
6135,0.002279,74.125.24.0-255,995,96113,14,96451
6136,0.006081,172.31.36.0-255,66,96179,14,96451
6137,0.007471,172.31.36.0-255,101,96280,14,96451
6138,0.008353,74.125.24.0-255,105,96385,14,96451
6139,0.009708,74.125.24.0-255,66,96451,14,96451
6140,0.0,216.58.221.0-255,146,146,14,103937
6141,2.3e-05,172.31.36.0-255,66,212,14,103937
6142,2.9e-05,216.58.221.0-255,1484,1696,14,103937
6143,3.3e-05,172.31.36.0-255,66,1762,14,103937
6144,3.8e-05,216.58.221.0-255,2902,4664,14,103937
6145,4e-05,172.31.36.0-255,66,4730,14,103937
6146,8e-05,216.58.221.0-255,2902,7632,14,103937
6147,8.2e-05,172.31.36.0-255,66,7698,14,103937
6148,8.8e-05,216.58.221.0-255,4320,12018,14,103937
6149,9e-05,172.31.36.0-255,66,12084,14,103937
6150,0.000115,216.58.221.0-255,2057,14141,14,103937
6151,0.000118,172.31.36.0-255,66,14207,14,103937
6152,0.000168,216.58.221.0-255,1484,15691,14,103937
6153,0.000171,172.31.36.0-255,66,15757,14,103937
6154,0.000177,216.58.221.0-255,2902,18659,14,103937
6155,0.00018,172.31.36.0-255,66,18725,14,103937
6156,0.000198,172.31.36.0-255,66,18791,14,103937
6157,0.000232,172.31.36.0-255,66,18857,14,103937
6158,0.000248,216.58.221.0-255,1125,19982,14,103937
6159,0.000251,172.31.36.0-255,66,20048,14,103937
6160,0.000339,216.58.221.0-255,1484,21532,14,103937
6161,0.000343,172.31.36.0-255,66,21598,14,103937
6162,0.000349,216.58.221.0-255,2902,24500,14,103937
6163,0.000351,172.31.36.0-255,66,24566,14,103937
6164,0.000354,216.58.221.0-255,1484,26050,14,103937
6165,0.000357,172.31.36.0-255,66,26116,14,103937
6166,0.000381,216.58.221.0-255,4320,30436,14,103937
6167,0.000384,172.31.36.0-255,66,30502,14,103937
6168,0.000393,172.31.36.0-255,66,30568,14,103937
6169,0.000417,172.31.36.0-255,66,30634,14,103937
6170,0.000453,172.31.36.0-255,66,30700,14,103937
6171,0.000459,216.58.221.0-255,4229,34929,14,103937
6172,0.000461,172.31.36.0-255,66,34995,14,103937
6173,0.000983,216.58.221.0-255,387,35382,14,103937
6174,0.001154,216.58.221.0-255,1484,36866,14,103937
6175,0.00116,172.31.36.0-255,66,36932,14,103937
6176,0.001188,216.58.221.0-255,1484,38416,14,103937
6177,0.001192,216.58.221.0-255,1484,39900,14,103937
6178,0.001193,172.31.36.0-255,66,39966,14,103937
6179,0.001208,216.58.221.0-255,1484,41450,14,103937
6180,0.001216,172.31.36.0-255,66,41516,14,103937
6181,0.001232,216.58.221.0-255,2902,44418,14,103937
6182,0.001233,172.31.36.0-255,66,44484,14,103937
6183,0.001269,172.31.36.0-255,66,44550,14,103937
6184,0.001278,172.31.36.0-255,66,44616,14,103937
6185,0.001309,216.58.221.0-255,1484,46100,14,103937
6186,0.001312,216.58.221.0-255,1484,47584,14,103937
6187,0.001314,172.31.36.0-255,66,47650,14,103937
6188,0.001335,216.58.221.0-255,1484,49134,14,103937
6189,0.001344,172.31.36.0-255,66,49200,14,103937
6190,0.001359,216.58.221.0-255,1484,50684,14,103937
6191,0.001372,216.58.221.0-255,2902,53586,14,103937
6192,0.001374,172.31.36.0-255,66,53652,14,103937
6193,0.001399,172.31.36.0-255,66,53718,14,103937
6194,0.001403,216.58.221.0-255,4320,58038,14,103937
6195,0.001406,172.31.36.0-255,66,58104,14,103937
6196,0.00141,216.58.221.0-255,2902,61006,14,103937
6197,0.001412,172.31.36.0-255,66,61072,14,103937
6198,0.001432,216.58.221.0-255,2902,63974,14,103937
6199,0.001434,172.31.36.0-255,66,64040,14,103937
6200,0.001443,216.58.221.0-255,1484,65524,14,103937
6201,0.001461,216.58.221.0-255,1635,67159,14,103937
6202,0.001463,172.31.36.0-255,66,67225,14,103937
6203,0.001494,216.58.221.0-255,1484,68709,14,103937
6204,0.001499,216.58.221.0-255,1484,70193,14,103937
6205,0.001501,172.31.36.0-255,66,70259,14,103937
6206,0.001513,216.58.221.0-255,1484,71743,14,103937
6207,0.001545,216.58.221.0-255,1484,73227,14,103937
6208,0.001547,172.31.36.0-255,66,73293,14,103937
6209,0.001575,216.58.221.0-255,4320,77613,14,103937
6210,0.001577,172.31.36.0-255,66,77679,14,103937
6211,0.00159,172.31.36.0-255,66,77745,14,103937
6212,0.0016,172.31.36.0-255,66,77811,14,103937
6213,0.0017,216.58.221.0-255,1484,79295,14,103937
6214,0.001711,216.58.221.0-255,2902,82197,14,103937
6215,0.001713,172.31.36.0-255,66,82263,14,103937
6216,0.001716,216.58.221.0-255,1484,83747,14,103937
6217,0.001733,216.58.221.0-255,4320,88067,14,103937
6218,0.001735,172.31.36.0-255,66,88133,14,103937
6219,0.001765,172.31.36.0-255,66,88199,14,103937
6220,0.001784,216.58.221.0-255,1484,89683,14,103937
6221,0.001793,172.31.36.0-255,66,89749,14,103937
6222,0.001834,216.58.221.0-255,3602,93351,14,103937
6223,0.001836,172.31.36.0-255,66,93417,14,103937
6224,0.001899,216.58.221.0-255,1484,94901,14,103937
6225,0.001911,216.58.221.0-255,2902,97803,14,103937
6226,0.001913,172.31.36.0-255,66,97869,14,103937
6227,0.003758,216.58.221.0-255,1484,99353,14,103937
6228,0.003828,216.58.221.0-255,4320,103673,14,103937
6229,0.003835,172.31.36.0-255,66,103739,14,103937
6230,0.005777,172.31.36.0-255,66,103805,14,103937
6231,0.007704,172.31.36.0-255,66,103871,14,103937
6232,0.009643,172.31.36.0-255,66,103937,14,103937
6233,0.0,74.125.130.0-255,156,156,14,144208
6234,2.5e-05,172.31.36.0-255,66,222,14,144208
6235,3.3e-05,74.125.130.0-255,1484,1706,14,144208
6236,3.7e-05,172.31.36.0-255,66,1772,14,144208
6237,5.2e-05,74.125.130.0-255,2902,4674,14,144208
6238,7e-05,172.31.36.0-255,66,4740,14,144208
6239,7.5e-05,74.125.130.0-255,1484,6224,14,144208
6240,7.7e-05,172.31.36.0-255,66,6290,14,144208
6241,8.3e-05,74.125.130.0-255,2902,9192,14,144208
6242,8.6e-05,172.31.36.0-255,66,9258,14,144208
6243,0.000129,172.31.36.0-255,66,9324,14,144208
6244,0.000287,74.125.130.0-255,1484,10808,14,144208
6245,0.000291,172.31.36.0-255,66,10874,14,144208
6246,0.00031,74.125.130.0-255,2902,13776,14,144208
6247,0.000313,172.31.36.0-255,66,13842,14,144208
6248,0.000319,74.125.130.0-255,4320,18162,14,144208
6249,0.000321,172.31.36.0-255,66,18228,14,144208
6250,0.00038,172.31.36.0-255,66,18294,14,144208
6251,0.000567,74.125.130.0-255,1484,19778,14,144208
6252,0.000573,172.31.36.0-255,66,19844,14,144208
6253,0.000586,74.125.130.0-255,2902,22746,14,144208
6254,0.000593,172.31.36.0-255,66,22812,14,144208
6255,0.000631,172.31.36.0-255,66,22878,14,144208
6256,0.000654,172.31.36.0-255,66,22944,14,144208
6257,0.000657,74.125.130.0-255,1484,24428,14,144208
6258,0.000659,172.31.36.0-255,66,24494,14,144208
6259,0.000692,74.125.130.0-255,2902,27396,14,144208
6260,0.000694,172.31.36.0-255,66,27462,14,144208
6261,0.000703,172.31.36.0-255,66,27528,14,144208
6262,0.000713,74.125.130.0-255,2902,30430,14,144208
6263,0.000715,172.31.36.0-255,66,30496,14,144208
6264,0.000745,74.125.130.0-255,3961,34457,14,144208
6265,0.000748,172.31.36.0-255,66,34523,14,144208
6266,0.000751,74.125.130.0-255,645,35168,14,144208
6267,0.001021,74.125.130.0-255,1484,36652,14,144208
6268,0.001032,172.31.36.0-255,66,36718,14,144208
6269,0.001038,74.125.130.0-255,2902,39620,14,144208
6270,0.00104,172.31.36.0-255,66,39686,14,144208
6271,0.001049,74.125.130.0-255,1484,41170,14,144208
6272,0.001069,74.125.130.0-255,4320,45490,14,144208
6273,0.001071,172.31.36.0-255,66,45556,14,144208
6274,0.001076,74.125.130.0-255,2902,48458,14,144208
6275,0.001077,172.31.36.0-255,66,48524,14,144208
6276,0.001083,74.125.130.0-255,4320,52844,14,144208
6277,0.00109,172.31.36.0-255,66,52910,14,144208
6278,0.001121,74.125.130.0-255,4320,57230,14,144208
6279,0.001124,172.31.36.0-255,66,57296,14,144208
6280,0.001143,74.125.130.0-255,4320,61616,14,144208
6281,0.001145,172.31.36.0-255,66,61682,14,144208
6282,0.001181,172.31.36.0-255,66,61748,14,144208
6283,0.001354,74.125.130.0-255,1484,63232,14,144208
6284,0.00137,74.125.130.0-255,2902,66134,14,144208
6285,0.001373,172.31.36.0-255,66,66200,14,144208
6286,0.001422,172.31.36.0-255,66,66266,14,144208
6287,0.001452,172.31.36.0-255,66,66332,14,144208
6288,0.001487,172.31.36.0-255,66,66398,14,144208
6289,0.001516,74.125.130.0-255,4320,70718,14,144208
6290,0.001519,172.31.36.0-255,66,70784,14,144208
6291,0.001554,172.31.36.0-255,66,70850,14,144208
6292,0.001559,74.125.130.0-255,4320,75170,14,144208
6293,0.001562,172.31.36.0-255,66,75236,14,144208
6294,0.001567,74.125.130.0-255,4320,79556,14,144208
6295,0.001569,172.31.36.0-255,66,79622,14,144208
6296,0.001605,172.31.36.0-255,66,79688,14,144208
6297,0.001614,172.31.36.0-255,66,79754,14,144208
6298,0.001681,172.31.36.0-255,66,79820,14,144208
6299,0.001694,172.31.36.0-255,66,79886,14,144208
6300,0.001708,172.31.36.0-255,66,79952,14,144208
6301,0.001712,74.125.130.0-255,1484,81436,14,144208
6302,0.001751,172.31.36.0-255,66,81502,14,144208
6303,0.001755,74.125.130.0-255,2184,83686,14,144208
6304,0.001757,172.31.36.0-255,66,83752,14,144208
6305,0.001822,74.125.130.0-255,1484,85236,14,144208
6306,0.001838,74.125.130.0-255,2902,88138,14,144208
6307,0.001841,172.31.36.0-255,66,88204,14,144208
6308,0.001871,74.125.130.0-255,4320,92524,14,144208
6309,0.001874,172.31.36.0-255,66,92590,14,144208
6310,0.001907,172.31.36.0-255,66,92656,14,144208
6311,0.001939,172.31.36.0-255,66,92722,14,144208
6312,0.001962,74.125.130.0-255,2902,95624,14,144208
6313,0.001964,172.31.36.0-255,66,95690,14,144208
6314,0.00197,74.125.130.0-255,4320,100010,14,144208
6315,0.001972,172.31.36.0-255,66,100076,14,144208
6316,0.001992,74.125.130.0-255,2184,102260,14,144208
6317,0.001995,172.31.36.0-255,66,102326,14,144208
6318,0.002268,74.125.130.0-255,1484,103810,14,144208
6319,0.002287,74.125.130.0-255,1484,105294,14,144208
6320,0.00229,172.31.36.0-255,66,105360,14,144208
6321,0.002316,74.125.130.0-255,1484,106844,14,144208
6322,0.002321,74.125.130.0-255,2902,109746,14,144208
6323,0.002323,172.31.36.0-255,66,109812,14,144208
6324,0.002339,74.125.130.0-255,1484,111296,14,144208
6325,0.002359,74.125.130.0-255,4320,115616,14,144208
6326,0.002362,172.31.36.0-255,66,115682,14,144208
6327,0.002396,172.31.36.0-255,66,115748,14,144208
6328,0.002401,74.125.130.0-255,4320,120068,14,144208
6329,0.002403,172.31.36.0-255,66,120134,14,144208
6330,0.002462,172.31.36.0-255,66,120200,14,144208
6331,0.002503,172.31.36.0-255,66,120266,14,144208
6332,0.002586,74.125.130.0-255,1484,121750,14,144208
6333,0.002591,74.125.130.0-255,1484,123234,14,144208
6334,0.002594,172.31.36.0-255,66,123300,14,144208
6335,0.00262,74.125.130.0-255,1484,124784,14,144208
6336,0.002627,74.125.130.0-255,4320,129104,14,144208
6337,0.002629,172.31.36.0-255,66,129170,14,144208
6338,0.002657,74.125.130.0-255,1484,130654,14,144208
6339,0.002662,74.125.130.0-255,2902,133556,14,144208
6340,0.002666,172.31.36.0-255,66,133622,14,144208
6341,0.0027,172.31.36.0-255,66,133688,14,144208
6342,0.002708,172.31.36.0-255,66,133754,14,144208
6343,0.002742,74.125.130.0-255,4320,138074,14,144208
6344,0.002746,172.31.36.0-255,66,138140,14,144208
6345,0.002756,172.31.36.0-255,66,138206,14,144208
6346,0.005534,172.31.36.0-255,66,138272,14,144208
6347,0.008295,74.125.130.0-255,2902,141174,14,144208
6348,0.008304,172.31.36.0-255,66,141240,14,144208
6349,0.008333,74.125.130.0-255,2902,144142,14,144208
6350,0.008336,172.31.36.0-255,66,144208,14,144208
6351,0.0,172.217.194.0-255,153,153,14,93398
6352,2.3e-05,172.31.36.0-255,66,219,14,93398
6353,3e-05,172.217.194.0-255,1484,1703,14,93398
6354,3.4e-05,172.31.36.0-255,66,1769,14,93398
6355,4e-05,172.217.194.0-255,2902,4671,14,93398
6356,4.4e-05,172.31.36.0-255,66,4737,14,93398
6357,5.5e-05,172.31.36.0-255,66,4803,14,93398
6358,9.6e-05,172.31.36.0-255,66,4869,14,93398
6359,0.000123,172.31.36.0-255,66,4935,14,93398
6360,0.000143,172.217.194.0-255,1484,6419,14,93398
6361,0.000146,172.31.36.0-255,66,6485,14,93398
6362,0.000181,172.31.36.0-255,66,6551,14,93398
6363,0.00019,172.31.36.0-255,66,6617,14,93398
6364,0.000227,172.31.36.0-255,66,6683,14,93398
6365,0.000246,172.31.36.0-255,66,6749,14,93398
6366,0.000252,172.217.194.0-255,3946,10695,14,93398
6367,0.000254,172.31.36.0-255,66,10761,14,93398
6368,0.000257,172.217.194.0-255,364,11125,14,93398
6369,0.000259,172.31.36.0-255,66,11191,14,93398
6370,0.000512,172.217.194.0-255,1484,12675,14,93398
6371,0.000517,172.31.36.0-255,66,12741,14,93398
6372,0.000523,172.217.194.0-255,2902,15643,14,93398
6373,0.000526,172.31.36.0-255,66,15709,14,93398
6374,0.000532,172.217.194.0-255,4320,20029,14,93398
6375,0.000534,172.31.36.0-255,66,20095,14,93398
6376,0.000552,172.217.194.0-255,1484,21579,14,93398
6377,0.000559,172.217.194.0-255,4320,25899,14,93398
6378,0.000567,172.31.36.0-255,66,25965,14,93398
6379,0.000637,172.217.194.0-255,1635,27600,14,93398
6380,0.000741,172.217.194.0-255,1484,29084,14,93398
6381,0.000758,172.217.194.0-255,2902,31986,14,93398
6382,0.000778,172.217.194.0-255,1484,33470,14,93398
6383,0.000798,172.217.194.0-255,2902,36372,14,93398
6384,0.000966,172.31.36.0-255,66,36438,14,93398
6385,0.001193,172.217.194.0-255,1484,37922,14,93398
6386,0.0012,172.217.194.0-255,2902,40824,14,93398
6387,0.001214,172.217.194.0-255,4320,45144,14,93398
6388,0.001231,172.217.194.0-255,1484,46628,14,93398
6389,0.001238,172.217.194.0-255,4320,50948,14,93398
6390,0.001262,172.31.36.0-255,66,51014,14,93398
6391,0.001277,172.31.36.0-255,66,51080,14,93398
6392,0.001283,172.217.194.0-255,2902,53982,14,93398
6393,0.001313,172.31.36.0-255,66,54048,14,93398
6394,0.001893,172.217.194.0-255,1484,55532,14,93398
6395,0.0019,172.217.194.0-255,2902,58434,14,93398
6396,0.001903,172.31.36.0-255,66,58500,14,93398
6397,0.00191,172.217.194.0-255,4320,62820,14,93398
6398,0.001925,172.217.194.0-255,1484,64304,14,93398
6399,0.001944,172.31.36.0-255,66,64370,14,93398
6400,0.001953,172.217.194.0-255,1484,65854,14,93398
6401,0.001985,172.31.36.0-255,66,65920,14,93398
6402,0.002097,172.217.194.0-255,1484,67404,14,93398
6403,0.002112,172.217.194.0-255,2902,70306,14,93398
6404,0.002115,172.31.36.0-255,66,70372,14,93398
6405,0.002138,172.31.36.0-255,66,70438,14,93398
6406,0.002153,172.217.194.0-255,2902,73340,14,93398
6407,0.002185,172.217.194.0-255,1484,74824,14,93398
6408,0.002189,172.31.36.0-255,66,74890,14,93398
6409,0.002219,172.31.36.0-255,66,74956,14,93398
6410,0.002228,172.217.194.0-255,3602,78558,14,93398
6411,0.002238,172.31.36.0-255,66,78624,14,93398
6412,0.002256,172.217.194.0-255,1484,80108,14,93398
6413,0.002289,172.217.194.0-255,1484,81592,14,93398
6414,0.0023,172.31.36.0-255,66,81658,14,93398
6415,0.002304,172.217.194.0-255,1484,83142,14,93398
6416,0.002315,172.217.194.0-255,4320,87462,14,93398
6417,0.00232,172.31.36.0-255,66,87528,14,93398
6418,0.002343,172.217.194.0-255,1484,89012,14,93398
6419,0.002399,172.217.194.0-255,4320,93332,14,93398
6420,0.008399,172.31.36.0-255,66,93398,14,93398
6421,0.0,74.125.24.0-255,153,153,14,116287
6422,3.1e-05,172.31.36.0-255,66,219,14,116287
6423,3.7e-05,74.125.24.0-255,1484,1703,14,116287
6424,4.2e-05,172.31.36.0-255,66,1769,14,116287
6425,4.5e-05,74.125.24.0-255,1484,3253,14,116287
6426,4.7e-05,172.31.36.0-255,66,3319,14,116287
6427,7.7e-05,74.125.24.0-255,2902,6221,14,116287
6428,8e-05,172.31.36.0-255,66,6287,14,116287
6429,8.8e-05,172.31.36.0-255,66,6353,14,116287
6430,9e-05,74.125.24.0-255,1484,7837,14,116287
6431,9.2e-05,172.31.36.0-255,66,7903,14,116287
6432,0.000113,74.125.24.0-255,612,8515,14,116287
6433,0.000115,172.31.36.0-255,66,8581,14,116287
6434,0.000119,74.125.24.0-255,2902,11483,14,116287
6435,0.000121,172.31.36.0-255,66,11549,14,116287
6436,0.000136,74.125.24.0-255,2902,14451,14,116287
6437,0.000138,172.31.36.0-255,66,14517,14,116287
6438,0.00017,74.125.24.0-255,4320,18837,14,116287
6439,0.000174,172.31.36.0-255,66,18903,14,116287
6440,0.000184,172.31.36.0-255,66,18969,14,116287
6441,0.000201,74.125.24.0-255,2902,21871,14,116287
6442,0.000204,172.31.36.0-255,66,21937,14,116287
6443,0.000226,172.31.36.0-255,66,22003,14,116287
6444,0.000246,74.125.24.0-255,2184,24187,14,116287
6445,0.000248,172.31.36.0-255,66,24253,14,116287
6446,0.000525,74.125.24.0-255,1484,25737,14,116287
6447,0.00053,172.31.36.0-255,66,25803,14,116287
6448,0.000549,74.125.24.0-255,2902,28705,14,116287
6449,0.000552,172.31.36.0-255,66,28771,14,116287
6450,0.000577,74.125.24.0-255,4320,33091,14,116287
6451,0.00058,172.31.36.0-255,66,33157,14,116287
6452,0.000602,172.31.36.0-255,66,33223,14,116287
6453,0.000618,74.125.24.0-255,1431,34654,14,116287
6454,0.000622,74.125.24.0-255,349,35003,14,116287
6455,0.000624,172.31.36.0-255,66,35069,14,116287
6456,0.001031,74.125.24.0-255,1484,36553,14,116287
6457,0.001041,74.125.24.0-255,2902,39455,14,116287
6458,0.001045,172.31.36.0-255,66,39521,14,116287
6459,0.001056,172.31.36.0-255,66,39587,14,116287
6460,0.001093,172.31.36.0-255,66,39653,14,116287
6461,0.001137,172.31.36.0-255,66,39719,14,116287
6462,0.001168,172.31.36.0-255,66,39785,14,116287
6463,0.001185,74.125.24.0-255,1484,41269,14,116287
6464,0.001189,74.125.24.0-255,2902,44171,14,116287
6465,0.001192,172.31.36.0-255,66,44237,14,116287
6466,0.001197,74.125.24.0-255,2902,47139,14,116287
6467,0.001198,172.31.36.0-255,66,47205,14,116287
6468,0.001211,74.125.24.0-255,2902,50107,14,116287
6469,0.001213,172.31.36.0-255,66,50173,14,116287
6470,0.001228,74.125.24.0-255,4320,54493,14,116287
6471,0.001231,172.31.36.0-255,66,54559,14,116287
6472,0.001271,74.125.24.0-255,2902,57461,14,116287
6473,0.001332,74.125.24.0-255,2902,60363,14,116287
6474,0.001345,74.125.24.0-255,4320,64683,14,116287
6475,0.001389,74.125.24.0-255,2902,67585,14,116287
6476,0.001395,74.125.24.0-255,4320,71905,14,116287
6477,0.001444,74.125.24.0-255,1484,73389,14,116287
6478,0.001484,74.125.24.0-255,1484,74873,14,116287
6479,0.001495,74.125.24.0-255,2902,77775,14,116287
6480,0.001537,74.125.24.0-255,1484,79259,14,116287
6481,0.001553,74.125.24.0-255,2902,82161,14,116287
6482,0.001567,74.125.24.0-255,2902,85063,14,116287
6483,0.001579,74.125.24.0-255,2902,87965,14,116287
6484,0.001594,74.125.24.0-255,4320,92285,14,116287
6485,0.001662,74.125.24.0-255,2184,94469,14,116287
6486,0.001705,74.125.24.0-255,4320,98789,14,116287
6487,0.001749,74.125.24.0-255,766,99555,14,116287
6488,0.001893,74.125.24.0-255,2902,102457,14,116287
6489,0.001975,74.125.24.0-255,2902,105359,14,116287
6490,0.002037,74.125.24.0-255,2902,108261,14,116287
6491,0.002077,74.125.24.0-255,4320,112581,14,116287
6492,0.002094,74.125.24.0-255,3298,115879,14,116287
6493,0.002126,74.125.24.0-255,105,115984,14,116287
6494,0.00213,172.31.36.0-255,66,116050,14,116287
6495,0.00481,172.31.36.0-255,66,116116,14,116287
6496,0.004836,172.31.36.0-255,105,116221,14,116287
6497,0.007004,74.125.24.0-255,66,116287,14,116287
6498,0.0,172.217.194.0-255,147,147,14,119264
6499,2.9e-05,172.217.194.0-255,1484,1631,14,119264
6500,3.7e-05,172.31.36.0-255,66,1697,14,119264
6501,4.5e-05,172.217.194.0-255,2902,4599,14,119264
6502,4.9e-05,172.31.36.0-255,66,4665,14,119264
6503,7e-05,172.31.36.0-255,66,4731,14,119264
6504,0.000118,172.31.36.0-255,66,4797,14,119264
6505,0.000128,172.31.36.0-255,66,4863,14,119264
6506,0.000157,172.31.36.0-255,66,4929,14,119264
6507,0.000206,172.217.194.0-255,1484,6413,14,119264
6508,0.000211,172.217.194.0-255,2902,9315,14,119264
6509,0.000215,172.31.36.0-255,66,9381,14,119264
6510,0.000235,172.217.194.0-255,4320,13701,14,119264
6511,0.000238,172.31.36.0-255,66,13767,14,119264
6512,0.000256,172.217.194.0-255,1484,15251,14,119264
6513,0.00027,172.217.194.0-255,4320,19571,14,119264
6514,0.000273,172.31.36.0-255,66,19637,14,119264
6515,0.000289,172.217.194.0-255,1484,21121,14,119264
6516,0.000294,172.217.194.0-255,2902,24023,14,119264
6517,0.000296,172.31.36.0-255,66,24089,14,119264
6518,0.000314,172.217.194.0-255,3961,28050,14,119264
6519,0.000317,172.31.36.0-255,66,28116,14,119264
6520,0.000326,172.31.36.0-255,66,28182,14,119264
6521,0.00035,172.217.194.0-255,340,28522,14,119264
6522,0.000352,172.31.36.0-255,66,28588,14,119264
6523,0.000471,172.217.194.0-255,115,28703,14,119264
6524,0.000731,172.31.36.0-255,66,28769,14,119264
6525,0.002353,172.217.194.0-255,384,29153,14,119264
6526,0.002916,172.217.194.0-255,1484,30637,14,119264
6527,0.002921,172.31.36.0-255,66,30703,14,119264
6528,0.002928,172.217.194.0-255,2902,33605,14,119264
6529,0.00293,172.31.36.0-255,66,33671,14,119264
6530,0.002934,172.217.194.0-255,2902,36573,14,119264
6531,0.002936,172.31.36.0-255,66,36639,14,119264
6532,0.002959,172.217.194.0-255,2902,39541,14,119264
6533,0.002961,172.31.36.0-255,66,39607,14,119264
6534,0.00297,172.31.36.0-255,66,39673,14,119264
6535,0.002998,172.31.36.0-255,66,39739,14,119264
6536,0.003009,172.31.36.0-255,66,39805,14,119264
6537,0.003845,172.217.194.0-255,1484,41289,14,119264
6538,0.003864,172.217.194.0-255,2902,44191,14,119264
6539,0.003867,172.31.36.0-255,66,44257,14,119264
6540,0.003872,172.217.194.0-255,4320,48577,14,119264
6541,0.003874,172.31.36.0-255,66,48643,14,119264
6542,0.003885,172.217.194.0-255,1484,50127,14,119264
6543,0.003898,172.217.194.0-255,4320,54447,14,119264
6544,0.0039,172.31.36.0-255,66,54513,14,119264
6545,0.003929,172.31.36.0-255,66,54579,14,119264
6546,0.003948,172.217.194.0-255,4320,58899,14,119264
6547,0.003949,172.31.36.0-255,66,58965,14,119264
6548,0.003972,172.31.36.0-255,66,59031,14,119264
6549,0.003985,172.31.36.0-255,66,59097,14,119264
6550,0.004029,172.31.36.0-255,66,59163,14,119264
6551,0.004046,172.217.194.0-255,1484,60647,14,119264
6552,0.004059,172.217.194.0-255,2184,62831,14,119264
6553,0.004061,172.31.36.0-255,66,62897,14,119264
6554,0.004315,172.217.194.0-255,1484,64381,14,119264
6555,0.004319,172.217.194.0-255,2902,67283,14,119264
6556,0.004321,172.31.36.0-255,66,67349,14,119264
6557,0.004346,172.31.36.0-255,66,67415,14,119264
6558,0.004351,172.217.194.0-255,4320,71735,14,119264
6559,0.004354,172.31.36.0-255,66,71801,14,119264
6560,0.004373,172.31.36.0-255,66,71867,14,119264
6561,0.004442,172.217.194.0-255,2902,74769,14,119264
6562,0.004444,172.31.36.0-255,66,74835,14,119264
6563,0.00447,172.31.36.0-255,66,74901,14,119264
6564,0.004472,172.217.194.0-255,1484,76385,14,119264
6565,0.004509,172.31.36.0-255,66,76451,14,119264
6566,0.004518,172.31.36.0-255,66,76517,14,119264
6567,0.004531,172.217.194.0-255,2184,78701,14,119264
6568,0.004533,172.31.36.0-255,66,78767,14,119264
6569,0.004545,172.31.36.0-255,66,78833,14,119264
6570,0.004589,172.31.36.0-255,66,78899,14,119264
6571,0.004598,172.31.36.0-255,66,78965,14,119264
6572,0.004612,172.217.194.0-255,2902,81867,14,119264
6573,0.004614,172.31.36.0-255,66,81933,14,119264
6574,0.004619,172.217.194.0-255,3602,85535,14,119264
6575,0.004621,172.31.36.0-255,66,85601,14,119264
6576,0.004693,172.217.194.0-255,1484,87085,14,119264
6577,0.004712,172.217.194.0-255,2902,89987,14,119264
6578,0.004715,172.31.36.0-255,66,90053,14,119264
6579,0.004758,172.31.36.0-255,66,90119,14,119264
6580,0.004771,172.31.36.0-255,66,90185,14,119264
6581,0.004784,172.31.36.0-255,66,90251,14,119264
6582,0.004805,172.217.194.0-255,766,91017,14,119264
6583,0.004835,172.217.194.0-255,1484,92501,14,119264
6584,0.004839,172.31.36.0-255,66,92567,14,119264
6585,0.004844,172.217.194.0-255,2902,95469,14,119264
6586,0.004846,172.31.36.0-255,66,95535,14,119264
6587,0.004855,172.31.36.0-255,66,95601,14,119264
6588,0.004859,172.217.194.0-255,2902,98503,14,119264
6589,0.004861,172.31.36.0-255,66,98569,14,119264
6590,0.004881,172.217.194.0-255,1484,100053,14,119264
6591,0.0049,172.31.36.0-255,66,100119,14,119264
6592,0.004926,172.31.36.0-255,66,100185,14,119264
6593,0.004931,172.217.194.0-255,4320,104505,14,119264
6594,0.004933,172.31.36.0-255,66,104571,14,119264
6595,0.004953,172.217.194.0-255,3602,108173,14,119264
6596,0.004956,172.31.36.0-255,66,108239,14,119264
6597,0.004978,172.31.36.0-255,66,108305,14,119264
6598,0.005005,172.31.36.0-255,66,108371,14,119264
6599,0.005018,172.31.36.0-255,66,108437,14,119264
6600,0.005023,172.217.194.0-255,4320,112757,14,119264
6601,0.005025,172.31.36.0-255,66,112823,14,119264
6602,0.005042,172.217.194.0-255,4320,117143,14,119264
6603,0.005045,172.31.36.0-255,66,117209,14,119264
6604,0.005093,172.31.36.0-255,66,117275,14,119264
6605,0.005136,172.217.194.0-255,1484,118759,14,119264
6606,0.005168,172.31.36.0-255,66,118825,14,119264
6607,0.005169,172.217.194.0-255,97,118922,14,119264
6608,0.005185,172.31.36.0-255,66,118988,14,119264
6609,0.0052,172.217.194.0-255,105,119093,14,119264
6610,0.007665,172.31.36.0-255,105,119198,14,119264
6611,0.009974,172.217.194.0-255,66,119264,14,119264
6612,0.0,74.125.68.0-255,153,153,14,199193
6613,3.6e-05,172.31.36.0-255,66,219,14,199193
6614,4.3e-05,74.125.68.0-255,1484,1703,14,199193
6615,4.8e-05,172.31.36.0-255,66,1769,14,199193
6616,5.3e-05,74.125.68.0-255,2902,4671,14,199193
6617,5.6e-05,172.31.36.0-255,66,4737,14,199193
6618,6.5e-05,172.31.36.0-255,66,4803,14,199193
6619,6.9e-05,74.125.68.0-255,2011,6814,14,199193
6620,7.2e-05,172.31.36.0-255,66,6880,14,199193
6621,7.6e-05,74.125.68.0-255,2902,9782,14,199193
6622,7.9e-05,172.31.36.0-255,66,9848,14,199193
6623,8.9e-05,172.31.36.0-255,66,9914,14,199193
6624,9.3e-05,74.125.68.0-255,4320,14234,14,199193
6625,9.6e-05,172.31.36.0-255,66,14300,14,199193
6626,0.000152,74.125.68.0-255,2543,16843,14,199193
6627,0.000156,172.31.36.0-255,66,16909,14,199193
6628,0.000186,74.125.68.0-255,1484,18393,14,199193
6629,0.000189,172.31.36.0-255,66,18459,14,199193
6630,0.000234,74.125.68.0-255,2902,21361,14,199193
6631,0.000238,172.31.36.0-255,66,21427,14,199193
6632,0.000246,172.31.36.0-255,66,21493,14,199193
6633,0.000268,172.31.36.0-255,66,21559,14,199193
6634,0.000278,172.31.36.0-255,66,21625,14,199193
6635,0.000297,74.125.68.0-255,1125,22750,14,199193
6636,0.000299,172.31.36.0-255,66,22816,14,199193
6637,0.000311,172.31.36.0-255,66,22882,14,199193
6638,0.000344,74.125.68.0-255,2855,25737,14,199193
6639,0.000353,172.31.36.0-255,66,25803,14,199193
6640,0.000392,74.125.68.0-255,111,25914,14,199193
6641,0.000447,74.125.68.0-255,1484,27398,14,199193
6642,0.000456,172.31.36.0-255,66,27464,14,199193
6643,0.000474,74.125.68.0-255,1484,28948,14,199193
6644,0.000491,74.125.68.0-255,1484,30432,14,199193
6645,0.000499,172.31.36.0-255,66,30498,14,199193
6646,0.000518,74.125.68.0-255,1484,31982,14,199193
6647,0.000518,172.31.36.0-255,66,32048,14,199193
6648,0.000547,172.31.36.0-255,66,32114,14,199193
6649,0.000614,74.125.68.0-255,1484,33598,14,199193
6650,0.000629,74.125.68.0-255,2902,36500,14,199193
6651,0.000632,172.31.36.0-255,66,36566,14,199193
6652,0.000658,74.125.68.0-255,1484,38050,14,199193
6653,0.000663,172.31.36.0-255,66,38116,14,199193
6654,0.000667,74.125.68.0-255,1484,39600,14,199193
6655,0.000695,74.125.68.0-255,1484,41084,14,199193
6656,0.0007,172.31.36.0-255,66,41150,14,199193
6657,0.000721,74.125.68.0-255,2226,43376,14,199193
6658,0.000726,74.125.68.0-255,4320,47696,14,199193
6659,0.000727,172.31.36.0-255,66,47762,14,199193
6660,0.000732,172.31.36.0-255,66,47828,14,199193
6661,0.00075,74.125.68.0-255,2902,50730,14,199193
6662,0.000756,172.31.36.0-255,66,50796,14,199193
6663,0.000772,74.125.68.0-255,2902,53698,14,199193
6664,0.000786,172.31.36.0-255,66,53764,14,199193
6665,0.000803,74.125.68.0-255,1484,55248,14,199193
6666,0.00082,74.125.68.0-255,4320,59568,14,199193
6667,0.000824,172.31.36.0-255,66,59634,14,199193
6668,0.000828,74.125.68.0-255,1484,61118,14,199193
6669,0.000844,74.125.68.0-255,2902,64020,14,199193
6670,0.000871,172.31.36.0-255,66,64086,14,199193
6671,0.000883,74.125.68.0-255,4320,68406,14,199193
6672,0.00089,172.31.36.0-255,66,68472,14,199193
6673,0.000898,74.125.68.0-255,1484,69956,14,199193
6674,0.000911,74.125.68.0-255,2184,72140,14,199193
6675,0.000916,172.31.36.0-255,66,72206,14,199193
6676,0.000983,74.125.68.0-255,1484,73690,14,199193
6677,0.000999,74.125.68.0-255,2902,76592,14,199193
6678,0.001001,74.125.68.0-255,1484,78076,14,199193
6679,0.001005,172.31.36.0-255,66,78142,14,199193
6680,0.001024,74.125.68.0-255,2902,81044,14,199193
6681,0.001031,172.31.36.0-255,66,81110,14,199193
6682,0.001045,172.31.36.0-255,66,81176,14,199193
6683,0.001067,74.125.68.0-255,1484,82660,14,199193
6684,0.001069,74.125.68.0-255,1484,84144,14,199193
6685,0.00108,172.31.36.0-255,66,84210,14,199193
6686,0.001088,74.125.68.0-255,1484,85694,14,199193
6687,0.001093,74.125.68.0-255,2902,88596,14,199193
6688,0.001096,172.31.36.0-255,66,88662,14,199193
6689,0.00111,74.125.68.0-255,2902,91564,14,199193
6690,0.001122,172.31.36.0-255,66,91630,14,199193
6691,0.001166,74.125.68.0-255,3602,95232,14,199193
6692,0.00118,172.31.36.0-255,66,95298,14,199193
6693,0.001277,74.125.68.0-255,1484,96782,14,199193
6694,0.001291,74.125.68.0-255,2902,99684,14,199193
6695,0.001294,172.31.36.0-255,66,99750,14,199193
6696,0.001314,74.125.68.0-255,4320,104070,14,199193
6697,0.001317,74.125.68.0-255,1484,105554,14,199193
6698,0.00132,172.31.36.0-255,66,105620,14,199193
6699,0.001337,74.125.68.0-255,4320,109940,14,199193
6700,0.001344,172.31.36.0-255,66,110006,14,199193
6701,0.001351,74.125.68.0-255,4320,114326,14,199193
6702,0.001358,172.31.36.0-255,66,114392,14,199193
6703,0.001373,74.125.68.0-255,4320,118712,14,199193
6704,0.001374,172.31.36.0-255,66,118778,14,199193
6705,0.001379,172.31.36.0-255,66,118844,14,199193
6706,0.001418,74.125.68.0-255,3602,122446,14,199193
6707,0.001426,172.31.36.0-255,66,122512,14,199193
6708,0.001714,74.125.68.0-255,1484,123996,14,199193
6709,0.001736,74.125.68.0-255,2902,126898,14,199193
6710,0.001739,172.31.36.0-255,66,126964,14,199193
6711,0.001755,172.31.36.0-255,66,127030,14,199193
6712,0.001802,74.125.68.0-255,2902,129932,14,199193
6713,0.001806,172.31.36.0-255,66,129998,14,199193
6714,0.001824,172.31.36.0-255,66,130064,14,199193
6715,0.001837,74.125.68.0-255,2184,132248,14,199193
6716,0.001841,74.125.68.0-255,2902,135150,14,199193
6717,0.001841,172.31.36.0-255,66,135216,14,199193
6718,0.001845,172.31.36.0-255,66,135282,14,199193
6719,0.001855,74.125.68.0-255,1484,136766,14,199193
6720,0.001891,74.125.68.0-255,2902,139668,14,199193
6721,0.00189,172.31.36.0-255,66,139734,14,199193
6722,0.001896,74.125.68.0-255,4320,144054,14,199193
6723,0.001895,172.31.36.0-255,66,144120,14,199193
6724,0.00191,172.31.36.0-255,66,144186,14,199193
6725,0.001917,74.125.68.0-255,1484,145670,14,199193
6726,0.001923,172.31.36.0-255,66,145736,14,199193
6727,0.00194,172.31.36.0-255,66,145802,14,199193
6728,0.001947,74.125.68.0-255,2184,147986,14,199193
6729,0.001953,172.31.36.0-255,66,148052,14,199193
6730,0.001967,74.125.68.0-255,1484,149536,14,199193
6731,0.001981,74.125.68.0-255,4320,153856,14,199193
6732,0.00199,172.31.36.0-255,66,153922,14,199193
6733,0.001997,74.125.68.0-255,4320,158242,14,199193
6734,0.002002,74.125.68.0-255,4320,162562,14,199193
6735,0.002004,172.31.36.0-255,66,162628,14,199193
6736,0.002009,172.31.36.0-255,66,162694,14,199193
6737,0.002052,172.31.36.0-255,66,162760,14,199193
6738,0.002057,172.31.36.0-255,66,162826,14,199193
6739,0.002072,74.125.68.0-255,2184,165010,14,199193
6740,0.002081,172.31.36.0-255,66,165076,14,199193
6741,0.002116,74.125.68.0-255,2902,167978,14,199193
6742,0.002119,74.125.68.0-255,1484,169462,14,199193
6743,0.002128,172.31.36.0-255,66,169528,14,199193
6744,0.00213,74.125.68.0-255,2902,172430,14,199193
6745,0.002141,172.31.36.0-255,66,172496,14,199193
6746,0.002155,172.31.36.0-255,66,172562,14,199193
6747,0.002174,74.125.68.0-255,4320,176882,14,199193
6748,0.002183,172.31.36.0-255,66,176948,14,199193
6749,0.002208,172.31.36.0-255,66,177014,14,199193
6750,0.002213,74.125.68.0-255,1484,178498,14,199193
6751,0.002243,74.125.68.0-255,4320,182818,14,199193
6752,0.002244,172.31.36.0-255,66,182884,14,199193
6753,0.002258,172.31.36.0-255,66,182950,14,199193
6754,0.002273,74.125.68.0-255,2902,185852,14,199193
6755,0.002283,172.31.36.0-255,66,185918,14,199193
6756,0.002327,172.31.36.0-255,66,185984,14,199193
6757,0.002327,74.125.68.0-255,766,186750,14,199193
6758,0.002332,172.31.36.0-255,66,186816,14,199193
6759,0.002417,74.125.68.0-255,1484,188300,14,199193
6760,0.002434,74.125.68.0-255,2902,191202,14,199193
6761,0.002438,172.31.36.0-255,66,191268,14,199193
6762,0.002444,74.125.68.0-255,4320,195588,14,199193
6763,0.002455,172.31.36.0-255,66,195654,14,199193
6764,0.002456,74.125.68.0-255,1484,197138,14,199193
6765,0.002483,74.125.68.0-255,1484,198622,14,199193
6766,0.002494,172.31.36.0-255,66,198688,14,199193
6767,0.002508,74.125.68.0-255,97,198785,14,199193
6768,0.00251,172.31.36.0-255,66,198851,14,199193
6769,0.00367,172.31.36.0-255,66,198917,14,199193
6770,0.004993,74.125.68.0-255,105,199022,14,199193
6771,0.009468,172.31.36.0-255,66,199088,14,199193
6772,0.00951,172.31.36.0-255,105,199193,14,199193
6773,0.0,74.125.24.0-255,147,147,14,87841
6774,2.3e-05,172.31.36.0-255,66,213,14,87841
6775,3.1e-05,74.125.24.0-255,1484,1697,14,87841
6776,3.6e-05,172.31.36.0-255,66,1763,14,87841
6777,5.1e-05,74.125.24.0-255,2902,4665,14,87841
6778,5.5e-05,172.31.36.0-255,66,4731,14,87841
6779,6.6e-05,172.31.36.0-255,66,4797,14,87841
6780,7.7e-05,172.31.36.0-255,66,4863,14,87841
6781,0.000132,172.31.36.0-255,66,4929,14,87841
6782,0.000182,74.125.24.0-255,4320,9249,14,87841
6783,0.000185,172.31.36.0-255,66,9315,14,87841
6784,0.000214,74.125.24.0-255,2902,12217,14,87841
6785,0.000216,172.31.36.0-255,66,12283,14,87841
6786,0.000227,172.31.36.0-255,66,12349,14,87841
6787,0.000245,172.31.36.0-255,66,12415,14,87841
6788,0.000249,74.125.24.0-255,1398,13813,14,87841
6789,0.000251,172.31.36.0-255,66,13879,14,87841
6790,0.000278,74.125.24.0-255,132,14011,14,87841
6791,0.000281,172.31.36.0-255,66,14077,14,87841
6792,0.000387,74.125.24.0-255,1484,15561,14,87841
6793,0.000393,172.31.36.0-255,66,15627,14,87841
6794,0.000398,74.125.24.0-255,2902,18529,14,87841
6795,0.000401,172.31.36.0-255,66,18595,14,87841
6796,0.000441,172.31.36.0-255,66,18661,14,87841
6797,0.000475,74.125.24.0-255,4320,22981,14,87841
6798,0.000478,172.31.36.0-255,66,23047,14,87841
6799,0.00051,172.31.36.0-255,66,23113,14,87841
6800,0.00052,172.31.36.0-255,66,23179,14,87841
6801,0.000524,74.125.24.0-255,2824,26003,14,87841
6802,0.000526,172.31.36.0-255,66,26069,14,87841
6803,0.000617,74.125.24.0-255,1484,27553,14,87841
6804,0.000622,74.125.24.0-255,1484,29037,14,87841
6805,0.000625,172.31.36.0-255,66,29103,14,87841
6806,0.00065,74.125.24.0-255,1484,30587,14,87841
6807,0.00066,172.31.36.0-255,66,30653,14,87841
6808,0.000664,74.125.24.0-255,1484,32137,14,87841
6809,0.000684,172.31.36.0-255,66,32203,14,87841
6810,0.000717,172.31.36.0-255,66,32269,14,87841
6811,0.000721,74.125.24.0-255,1484,33753,14,87841
6812,0.000746,172.31.36.0-255,66,33819,14,87841
6813,0.000772,74.125.24.0-255,3602,37421,14,87841
6814,0.000774,172.31.36.0-255,66,37487,14,87841
6815,0.000778,74.125.24.0-255,1484,38971,14,87841
6816,0.000782,74.125.24.0-255,2902,41873,14,87841
6817,0.000784,172.31.36.0-255,66,41939,14,87841
6818,0.000793,172.31.36.0-255,66,42005,14,87841
6819,0.000834,172.31.36.0-255,66,42071,14,87841
6820,0.000847,172.31.36.0-255,66,42137,14,87841
6821,0.00085,74.125.24.0-255,766,42903,14,87841
6822,0.000939,74.125.24.0-255,1484,44387,14,87841
6823,0.000943,172.31.36.0-255,66,44453,14,87841
6824,0.00095,74.125.24.0-255,2902,47355,14,87841
6825,0.000953,172.31.36.0-255,66,47421,14,87841
6826,0.000967,172.31.36.0-255,66,47487,14,87841
6827,0.000996,172.31.36.0-255,66,47553,14,87841
6828,0.001009,172.31.36.0-255,66,47619,14,87841
6829,0.001047,172.31.36.0-255,66,47685,14,87841
6830,0.001052,74.125.24.0-255,2184,49869,14,87841
6831,0.001054,172.31.36.0-255,66,49935,14,87841
6832,0.001102,172.31.36.0-255,66,50001,14,87841
6833,0.001113,74.125.24.0-255,2902,52903,14,87841
6834,0.001127,172.31.36.0-255,66,52969,14,87841
6835,0.001158,74.125.24.0-255,4320,57289,14,87841
6836,0.001161,74.125.24.0-255,766,58055,14,87841
6837,0.001172,172.31.36.0-255,66,58121,14,87841
6838,0.001232,74.125.24.0-255,2902,61023,14,87841
6839,0.001247,172.31.36.0-255,66,61089,14,87841
6840,0.001334,74.125.24.0-255,1484,62573,14,87841
6841,0.001338,74.125.24.0-255,2902,65475,14,87841
6842,0.001346,74.125.24.0-255,1484,66959,14,87841
6843,0.001441,74.125.24.0-255,1484,68443,14,87841
6844,0.001452,74.125.24.0-255,2902,71345,14,87841
6845,0.001507,74.125.24.0-255,2902,74247,14,87841
6846,0.001556,74.125.24.0-255,3602,77849,14,87841
6847,0.001561,74.125.24.0-255,4320,82169,14,87841
6848,0.001636,74.125.24.0-255,4320,86489,14,87841
6849,0.001681,74.125.24.0-255,1076,87565,14,87841
6850,0.001699,74.125.24.0-255,105,87670,14,87841
6851,0.005126,172.31.36.0-255,66,87736,14,87841
6852,0.008016,172.31.36.0-255,105,87841,14,87841
6853,0.0,74.125.24.0-255,146,146,14,67352
6854,3.2e-05,172.31.36.0-255,66,212,14,67352
6855,6.7e-05,74.125.24.0-255,1484,1696,14,67352
6856,7.2e-05,172.31.36.0-255,66,1762,14,67352
6857,7.8e-05,74.125.24.0-255,2902,4664,14,67352
6858,8e-05,172.31.36.0-255,66,4730,14,67352
6859,0.000157,172.31.36.0-255,66,4796,14,67352
6860,0.000334,74.125.24.0-255,3489,8285,14,67352
6861,0.000338,172.31.36.0-255,66,8351,14,67352
6862,0.000412,74.125.24.0-255,1484,9835,14,67352
6863,0.000417,172.31.36.0-255,66,9901,14,67352
6864,0.000443,74.125.24.0-255,1484,11385,14,67352
6865,0.000445,172.31.36.0-255,66,11451,14,67352
6866,0.000473,74.125.24.0-255,1484,12935,14,67352
6867,0.000476,172.31.36.0-255,66,13001,14,67352
6868,0.000537,74.125.24.0-255,2902,15903,14,67352
6869,0.000541,172.31.36.0-255,66,15969,14,67352
6870,0.000633,74.125.24.0-255,1484,17453,14,67352
6871,0.000638,172.31.36.0-255,66,17519,14,67352
6872,0.000676,172.31.36.0-255,66,17585,14,67352
6873,0.000834,74.125.24.0-255,2543,20128,14,67352
6874,0.000839,172.31.36.0-255,66,20194,14,67352
6875,0.000898,74.125.24.0-255,1484,21678,14,67352
6876,0.000902,172.31.36.0-255,66,21744,14,67352
6877,0.000937,172.31.36.0-255,66,21810,14,67352
6878,0.001268,172.31.36.0-255,66,21876,14,67352
6879,0.001306,172.31.36.0-255,66,21942,14,67352
6880,0.001801,74.125.24.0-255,1484,23426,14,67352
6881,0.001811,74.125.24.0-255,1484,24910,14,67352
6882,0.001826,74.125.24.0-255,2902,27812,14,67352
6883,0.00184,74.125.24.0-255,2968,30780,14,67352
6884,0.002058,74.125.24.0-255,4320,35100,14,67352
6885,0.002802,74.125.24.0-255,2902,38002,14,67352
6886,0.002815,74.125.24.0-255,2902,40904,14,67352
6887,0.003805,74.125.24.0-255,1484,42388,14,67352
6888,0.003822,74.125.24.0-255,1484,43872,14,67352
6889,0.003838,74.125.24.0-255,1484,45356,14,67352
6890,0.003857,74.125.24.0-255,1484,46840,14,67352
6891,0.003868,74.125.24.0-255,1484,48324,14,67352
6892,0.00388,74.125.24.0-255,1484,49808,14,67352
6893,0.003891,74.125.24.0-255,1484,51292,14,67352
6894,0.00392,74.125.24.0-255,1484,52776,14,67352
6895,0.004002,74.125.24.0-255,4320,57096,14,67352
6896,0.004398,172.31.36.0-255,66,57162,14,67352
6897,0.006776,74.125.24.0-255,4320,61482,14,67352
6898,0.006782,172.31.36.0-255,66,61548,14,67352
6899,0.006811,74.125.24.0-255,1484,63032,14,67352
6900,0.009142,74.125.24.0-255,4320,67352,14,67352
6901,0.0,74.125.24.0-255,153,153,14,132646
6902,1.7e-05,172.31.36.0-255,66,219,14,132646
6903,2.4e-05,74.125.24.0-255,1484,1703,14,132646
6904,2.9e-05,172.31.36.0-255,66,1769,14,132646
6905,3.5e-05,74.125.24.0-255,2902,4671,14,132646
6906,3.8e-05,172.31.36.0-255,66,4737,14,132646
6907,5.7e-05,172.31.36.0-255,66,4803,14,132646
6908,6.2e-05,74.125.24.0-255,3455,8258,14,132646
6909,6.5e-05,172.31.36.0-255,66,8324,14,132646
6910,7.1e-05,74.125.24.0-255,2902,11226,14,132646
6911,7.4e-05,172.31.36.0-255,66,11292,14,132646
6912,0.000111,172.31.36.0-255,66,11358,14,132646
6913,0.000116,74.125.24.0-255,2543,13901,14,132646
6914,0.000118,172.31.36.0-255,66,13967,14,132646
6915,0.000164,74.125.24.0-255,1484,15451,14,132646
6916,0.000168,172.31.36.0-255,66,15517,14,132646
6917,0.000172,74.125.24.0-255,2902,18419,14,132646
6918,0.000175,172.31.36.0-255,66,18485,14,132646
6919,0.000187,172.31.36.0-255,66,18551,14,132646
6920,0.000222,172.31.36.0-255,66,18617,14,132646
6921,0.000281,74.125.24.0-255,1484,20101,14,132646
6922,0.000284,172.31.36.0-255,66,20167,14,132646
6923,0.000288,74.125.24.0-255,2902,23069,14,132646
6924,0.000291,172.31.36.0-255,66,23135,14,132646
6925,0.00033,172.31.36.0-255,66,23201,14,132646
6926,0.000336,74.125.24.0-255,4320,27521,14,132646
6927,0.000338,172.31.36.0-255,66,27587,14,132646
6928,0.00037,74.125.24.0-255,3153,30740,14,132646
6929,0.000372,172.31.36.0-255,66,30806,14,132646
6930,0.000437,74.125.24.0-255,1484,32290,14,132646
6931,0.000443,74.125.24.0-255,2902,35192,14,132646
6932,0.000447,172.31.36.0-255,66,35258,14,132646
6933,0.000456,172.31.36.0-255,66,35324,14,132646
6934,0.000519,172.31.36.0-255,66,35390,14,132646
6935,0.000538,172.31.36.0-255,66,35456,14,132646
6936,0.000543,74.125.24.0-255,2543,37999,14,132646
6937,0.000547,172.31.36.0-255,66,38065,14,132646
6938,0.000977,74.125.24.0-255,1484,39549,14,132646
6939,0.000985,74.125.24.0-255,2902,42451,14,132646
6940,0.000989,172.31.36.0-255,66,42517,14,132646
6941,0.000996,74.125.24.0-255,4320,46837,14,132646
6942,0.000998,172.31.36.0-255,66,46903,14,132646
6943,0.001017,74.125.24.0-255,1484,48387,14,132646
6944,0.00102,74.125.24.0-255,1484,49871,14,132646
6945,0.001022,172.31.36.0-255,66,49937,14,132646
6946,0.001055,172.31.36.0-255,66,50003,14,132646
6947,0.001071,172.31.36.0-255,66,50069,14,132646
6948,0.001114,172.31.36.0-255,66,50135,14,132646
6949,0.001141,74.125.24.0-255,4320,54455,14,132646
6950,0.001145,172.31.36.0-255,66,54521,14,132646
6951,0.001157,172.31.36.0-255,66,54587,14,132646
6952,0.001196,172.31.36.0-255,66,54653,14,132646
6953,0.001202,74.125.24.0-255,3602,58255,14,132646
6954,0.001204,172.31.36.0-255,66,58321,14,132646
6955,0.001419,74.125.24.0-255,1484,59805,14,132646
6956,0.001426,74.125.24.0-255,2902,62707,14,132646
6957,0.00143,172.31.36.0-255,66,62773,14,132646
6958,0.001435,74.125.24.0-255,2902,65675,14,132646
6959,0.001437,172.31.36.0-255,66,65741,14,132646
6960,0.001464,74.125.24.0-255,2902,68643,14,132646
6961,0.00147,172.31.36.0-255,66,68709,14,132646
6962,0.001483,172.31.36.0-255,66,68775,14,132646
6963,0.00151,74.125.24.0-255,1484,70259,14,132646
6964,0.001524,172.31.36.0-255,66,70325,14,132646
6965,0.001549,74.125.24.0-255,1484,71809,14,132646
6966,0.001553,74.125.24.0-255,2902,74711,14,132646
6967,0.001555,172.31.36.0-255,66,74777,14,132646
6968,0.001559,74.125.24.0-255,1484,76261,14,132646
6969,0.001584,74.125.24.0-255,4320,80581,14,132646
6970,0.001587,172.31.36.0-255,66,80647,14,132646
6971,0.001602,172.31.36.0-255,66,80713,14,132646
6972,0.001651,172.31.36.0-255,66,80779,14,132646
6973,0.001686,74.125.24.0-255,3602,84381,14,132646
6974,0.001689,172.31.36.0-255,66,84447,14,132646
6975,0.001867,74.125.24.0-255,1484,85931,14,132646
6976,0.001872,74.125.24.0-255,1484,87415,14,132646
6977,0.001875,172.31.36.0-255,66,87481,14,132646
6978,0.001901,74.125.24.0-255,1484,88965,14,132646
6979,0.00191,172.31.36.0-255,66,89031,14,132646
6980,0.001936,74.125.24.0-255,1484,90515,14,132646
6981,0.001967,172.31.36.0-255,66,90581,14,132646
6982,0.002018,172.31.36.0-255,66,90647,14,132646
6983,0.002041,172.31.36.0-255,66,90713,14,132646
6984,0.002053,74.125.24.0-255,1484,92197,14,132646
6985,0.00207,74.125.24.0-255,2902,95099,14,132646
6986,0.002073,172.31.36.0-255,66,95165,14,132646
6987,0.002082,172.31.36.0-255,66,95231,14,132646
6988,0.002088,74.125.24.0-255,4320,99551,14,132646
6989,0.002095,172.31.36.0-255,66,99617,14,132646
6990,0.002132,172.31.36.0-255,66,99683,14,132646
6991,0.002163,172.31.36.0-255,66,99749,14,132646
6992,0.002193,172.31.36.0-255,66,99815,14,132646
6993,0.00226,74.125.24.0-255,1484,101299,14,132646
6994,0.002264,74.125.24.0-255,1484,102783,14,132646
6995,0.002267,172.31.36.0-255,66,102849,14,132646
6996,0.002284,74.125.24.0-255,1484,104333,14,132646
6997,0.002287,74.125.24.0-255,1484,105817,14,132646
6998,0.00229,172.31.36.0-255,66,105883,14,132646
6999,0.002313,74.125.24.0-255,2902,108785,14,132646
7000,0.002315,172.31.36.0-255,66,108851,14,132646
7001,0.002326,172.31.36.0-255,66,108917,14,132646
7002,0.002371,172.31.36.0-255,66,108983,14,132646
7003,0.002399,74.125.24.0-255,3602,112585,14,132646
7004,0.002401,172.31.36.0-255,66,112651,14,132646
7005,0.00245,74.125.24.0-255,1484,114135,14,132646
7006,0.002455,74.125.24.0-255,1484,115619,14,132646
7007,0.002457,172.31.36.0-255,66,115685,14,132646
7008,0.002483,74.125.24.0-255,1484,117169,14,132646
7009,0.002492,172.31.36.0-255,66,117235,14,132646
7010,0.002497,74.125.24.0-255,2902,120137,14,132646
7011,0.0025,172.31.36.0-255,66,120203,14,132646
7012,0.002539,172.31.36.0-255,66,120269,14,132646
7013,0.00258,74.125.24.0-255,2902,123171,14,132646
7014,0.002584,74.125.24.0-255,2184,125355,14,132646
7015,0.00259,172.31.36.0-255,66,125421,14,132646
7016,0.002598,172.31.36.0-255,66,125487,14,132646
7017,0.002605,172.31.36.0-255,66,125553,14,132646
7018,0.00261,74.125.24.0-255,2902,128455,14,132646
7019,0.002613,172.31.36.0-255,66,128521,14,132646
7020,0.002649,172.31.36.0-255,66,128587,14,132646
7021,0.002659,172.31.36.0-255,66,128653,14,132646
7022,0.002662,74.125.24.0-255,1484,130137,14,132646
7023,0.002691,74.125.24.0-255,2338,132475,14,132646
7024,0.002695,172.31.36.0-255,66,132541,14,132646
7025,0.002763,74.125.24.0-255,105,132646,14,132646
7026,0.0,74.125.24.0-255,152,152,14,81777
7027,1.3e-05,74.125.24.0-255,1484,1636,14,81777
7028,2e-05,172.31.36.0-255,66,1702,14,81777
7029,2.9e-05,74.125.24.0-255,2902,4604,14,81777
7030,3.2e-05,172.31.36.0-255,66,4670,14,81777
7031,5.1e-05,172.31.36.0-255,66,4736,14,81777
7032,7.8e-05,172.31.36.0-255,66,4802,14,81777
7033,0.000109,172.31.36.0-255,66,4868,14,81777
7034,0.000118,172.31.36.0-255,66,4934,14,81777
7035,0.000161,74.125.24.0-255,1484,6418,14,81777
7036,0.000166,74.125.24.0-255,2902,9320,14,81777
7037,0.000169,172.31.36.0-255,66,9386,14,81777
7038,0.000206,172.31.36.0-255,66,9452,14,81777
7039,0.000209,74.125.24.0-255,1484,10936,14,81777
7040,0.000213,74.125.24.0-255,1484,12420,14,81777
7041,0.000215,172.31.36.0-255,66,12486,14,81777
7042,0.000257,172.31.36.0-255,66,12552,14,81777
7043,0.000274,172.31.36.0-255,66,12618,14,81777
7044,0.000277,74.125.24.0-255,362,12980,14,81777
7045,0.000513,74.125.24.0-255,130,13110,14,81777
7046,0.000692,74.125.24.0-255,1484,14594,14,81777
7047,0.000697,172.31.36.0-255,66,14660,14,81777
7048,0.000703,74.125.24.0-255,2902,17562,14,81777
7049,0.000706,172.31.36.0-255,66,17628,14,81777
7050,0.000741,172.31.36.0-255,66,17694,14,81777
7051,0.000744,74.125.24.0-255,1484,19178,14,81777
7052,0.000777,74.125.24.0-255,1484,20662,14,81777
7053,0.000781,172.31.36.0-255,66,20728,14,81777
7054,0.000831,74.125.24.0-255,2902,23630,14,81777
7055,0.000835,172.31.36.0-255,66,23696,14,81777
7056,0.000869,172.31.36.0-255,66,23762,14,81777
7057,0.001306,74.125.24.0-255,1484,25246,14,81777
7058,0.001313,74.125.24.0-255,2902,28148,14,81777
7059,0.001317,172.31.36.0-255,66,28214,14,81777
7060,0.001339,172.31.36.0-255,66,28280,14,81777
7061,0.001344,74.125.24.0-255,2902,31182,14,81777
7062,0.001346,172.31.36.0-255,66,31248,14,81777
7063,0.001379,172.31.36.0-255,66,31314,14,81777
7064,0.00139,172.31.36.0-255,66,31380,14,81777
7065,0.001429,172.31.36.0-255,66,31446,14,81777
7066,0.001463,172.31.36.0-255,66,31512,14,81777
7067,0.001475,172.31.36.0-255,66,31578,14,81777
7068,0.001518,172.31.36.0-255,66,31644,14,81777
7069,0.001529,172.31.36.0-255,66,31710,14,81777
7070,0.001537,74.125.24.0-255,1484,33194,14,81777
7071,0.001541,74.125.24.0-255,2902,36096,14,81777
7072,0.001543,172.31.36.0-255,66,36162,14,81777
7073,0.001547,74.125.24.0-255,2902,39064,14,81777
7074,0.00155,172.31.36.0-255,66,39130,14,81777
7075,0.001583,74.125.24.0-255,2902,42032,14,81777
7076,0.001586,172.31.36.0-255,66,42098,14,81777
7077,0.001597,172.31.36.0-255,66,42164,14,81777
7078,0.001626,74.125.24.0-255,2902,45066,14,81777
7079,0.001628,172.31.36.0-255,66,45132,14,81777
7080,0.001646,172.31.36.0-255,66,45198,14,81777
7081,0.001734,74.125.24.0-255,1484,46682,14,81777
7082,0.001739,74.125.24.0-255,2902,49584,14,81777
7083,0.001742,172.31.36.0-255,66,49650,14,81777
7084,0.001748,74.125.24.0-255,4320,53970,14,81777
7085,0.00175,172.31.36.0-255,66,54036,14,81777
7086,0.001783,74.125.24.0-255,1484,55520,14,81777
7087,0.001797,172.31.36.0-255,66,55586,14,81777
7088,0.001841,74.125.24.0-255,2902,58488,14,81777
7089,0.001843,172.31.36.0-255,66,58554,14,81777
7090,0.001876,172.31.36.0-255,66,58620,14,81777
7091,0.001987,74.125.24.0-255,1484,60104,14,81777
7092,0.002,74.125.24.0-255,2902,63006,14,81777
7093,0.002005,172.31.36.0-255,66,63072,14,81777
7094,0.002013,172.31.36.0-255,66,63138,14,81777
7095,0.002055,172.31.36.0-255,66,63204,14,81777
7096,0.002075,74.125.24.0-255,2902,66106,14,81777
7097,0.002078,172.31.36.0-255,66,66172,14,81777
7098,0.00209,172.31.36.0-255,66,66238,14,81777
7099,0.002141,172.31.36.0-255,66,66304,14,81777
7100,0.002163,172.31.36.0-255,66,66370,14,81777
7101,0.002175,172.31.36.0-255,66,66436,14,81777
7102,0.002201,74.125.24.0-255,1484,67920,14,81777
7103,0.002205,74.125.24.0-255,2902,70822,14,81777
7104,0.002208,172.31.36.0-255,66,70888,14,81777
7105,0.002221,172.31.36.0-255,66,70954,14,81777
7106,0.002233,172.31.36.0-255,66,71020,14,81777
7107,0.002261,74.125.24.0-255,1484,72504,14,81777
7108,0.00228,172.31.36.0-255,66,72570,14,81777
7109,0.002289,172.31.36.0-255,66,72636,14,81777
7110,0.002295,74.125.24.0-255,4320,76956,14,81777
7111,0.002297,172.31.36.0-255,66,77022,14,81777
7112,0.002328,74.125.24.0-255,4320,81342,14,81777
7113,0.002332,172.31.36.0-255,66,81408,14,81777
7114,0.002348,172.31.36.0-255,66,81474,14,81777
7115,0.002362,172.31.36.0-255,66,81540,14,81777
7116,0.002408,172.31.36.0-255,66,81606,14,81777
7117,0.002446,172.31.36.0-255,66,81672,14,81777
7118,0.002449,74.125.24.0-255,105,81777,14,81777
7119,0.0,74.125.200.0-255,143,143,14,100530
7120,2.4e-05,172.31.36.0-255,66,209,14,100530
7121,3.1e-05,74.125.200.0-255,1484,1693,14,100530
7122,3.4e-05,172.31.36.0-255,66,1759,14,100530
7123,4e-05,74.125.200.0-255,2902,4661,14,100530
7124,4.3e-05,172.31.36.0-255,66,4727,14,100530
7125,4.8e-05,74.125.200.0-255,2902,7629,14,100530
7126,5.1e-05,172.31.36.0-255,66,7695,14,100530
7127,7.9e-05,74.125.200.0-255,4320,12015,14,100530
7128,8.2e-05,172.31.36.0-255,66,12081,14,100530
7129,0.000117,74.125.200.0-255,2051,14132,14,100530
7130,0.00012,172.31.36.0-255,66,14198,14,100530
7131,0.000133,74.125.200.0-255,2902,17100,14,100530
7132,0.000135,172.31.36.0-255,66,17166,14,100530
7133,0.000155,74.125.200.0-255,1484,18650,14,100530
7134,0.000158,172.31.36.0-255,66,18716,14,100530
7135,0.000184,172.31.36.0-255,66,18782,14,100530
7136,0.000244,74.125.200.0-255,1484,20266,14,100530
7137,0.000246,172.31.36.0-255,66,20332,14,100530
7138,0.000268,172.31.36.0-255,66,20398,14,100530
7139,0.000322,74.125.200.0-255,1484,21882,14,100530
7140,0.000324,172.31.36.0-255,66,21948,14,100530
7141,0.000328,74.125.200.0-255,1484,23432,14,100530
7142,0.00033,172.31.36.0-255,66,23498,14,100530
7143,0.000344,74.125.200.0-255,1484,24982,14,100530
7144,0.000346,172.31.36.0-255,66,25048,14,100530
7145,0.000379,172.31.36.0-255,66,25114,14,100530
7146,0.000454,172.31.36.0-255,66,25180,14,100530
7147,0.000475,74.125.200.0-255,3961,29141,14,100530
7148,0.000477,172.31.36.0-255,66,29207,14,100530
7149,0.000558,74.125.200.0-255,4320,33527,14,100530
7150,0.000562,172.31.36.0-255,66,33593,14,100530
7151,0.000588,172.31.36.0-255,66,33659,14,100530
7152,0.000639,74.125.200.0-255,677,34336,14,100530
7153,0.000704,74.125.200.0-255,1484,35820,14,100530
7154,0.000708,172.31.36.0-255,66,35886,14,100530
7155,0.000713,74.125.200.0-255,2902,38788,14,100530
7156,0.000715,172.31.36.0-255,66,38854,14,100530
7157,0.000753,172.31.36.0-255,66,38920,14,100530
7158,0.000783,74.125.200.0-255,2902,41822,14,100530
7159,0.000785,172.31.36.0-255,66,41888,14,100530
7160,0.000818,74.125.200.0-255,1484,43372,14,100530
7161,0.000837,74.125.200.0-255,2902,46274,14,100530
7162,0.000839,172.31.36.0-255,66,46340,14,100530
7163,0.000866,74.125.200.0-255,2902,49242,14,100530
7164,0.000869,172.31.36.0-255,66,49308,14,100530
7165,0.000884,74.125.200.0-255,2902,52210,14,100530
7166,0.000887,172.31.36.0-255,66,52276,14,100530
7167,0.000913,74.125.200.0-255,2902,55178,14,100530
7168,0.000915,172.31.36.0-255,66,55244,14,100530
7169,0.000946,172.31.36.0-255,66,55310,14,100530
7170,0.001474,74.125.200.0-255,1484,56794,14,100530
7171,0.001482,74.125.200.0-255,2902,59696,14,100530
7172,0.001486,172.31.36.0-255,66,59762,14,100530
7173,0.001509,74.125.200.0-255,4320,64082,14,100530
7174,0.001512,172.31.36.0-255,66,64148,14,100530
7175,0.001529,74.125.200.0-255,1484,65632,14,100530
7176,0.00156,74.125.200.0-255,2902,68534,14,100530
7177,0.001563,172.31.36.0-255,66,68600,14,100530
7178,0.00159,74.125.200.0-255,2902,71502,14,100530
7179,0.001593,172.31.36.0-255,66,71568,14,100530
7180,0.001621,172.31.36.0-255,66,71634,14,100530
7181,0.001698,74.125.200.0-255,4320,75954,14,100530
7182,0.001703,172.31.36.0-255,66,76020,14,100530
7183,0.001739,74.125.200.0-255,4320,80340,14,100530
7184,0.001742,172.31.36.0-255,66,80406,14,100530
7185,0.00176,74.125.200.0-255,2184,82590,14,100530
7186,0.001763,172.31.36.0-255,66,82656,14,100530
7187,0.003756,74.125.200.0-255,2902,85558,14,100530
7188,0.003765,172.31.36.0-255,66,85624,14,100530
7189,0.003783,74.125.200.0-255,2902,88526,14,100530
7190,0.003786,172.31.36.0-255,66,88592,14,100530
7191,0.005782,74.125.200.0-255,2902,91494,14,100530
7192,0.005786,172.31.36.0-255,66,91560,14,100530
7193,0.005806,74.125.200.0-255,2902,94462,14,100530
7194,0.005809,172.31.36.0-255,66,94528,14,100530
7195,0.007801,74.125.200.0-255,2902,97430,14,100530
7196,0.007803,172.31.36.0-255,66,97496,14,100530
7197,0.007824,74.125.200.0-255,2902,100398,14,100530
7198,0.007826,172.31.36.0-255,66,100464,14,100530
7199,0.00984,172.31.36.0-255,66,100530,14,100530
7200,0.0,172.217.194.0-255,153,153,14,93411
7201,1.9e-05,172.31.36.0-255,66,219,14,93411
7202,2.7e-05,172.217.194.0-255,1484,1703,14,93411
7203,3.2e-05,172.31.36.0-255,66,1769,14,93411
7204,4.4e-05,172.217.194.0-255,2902,4671,14,93411
7205,4.8e-05,172.31.36.0-255,66,4737,14,93411
7206,6e-05,172.31.36.0-255,66,4803,14,93411
7207,0.000107,172.217.194.0-255,3438,8241,14,93411
7208,0.000112,172.31.36.0-255,66,8307,14,93411
7209,0.00017,172.217.194.0-255,1484,9791,14,93411
7210,0.000175,172.31.36.0-255,66,9857,14,93411
7211,0.00018,172.217.194.0-255,2902,12759,14,93411
7212,0.000185,172.31.36.0-255,66,12825,14,93411
7213,0.000196,172.217.194.0-255,2902,15727,14,93411
7214,0.000198,172.31.36.0-255,66,15793,14,93411
7215,0.000233,172.217.194.0-255,2902,18695,14,93411
7216,0.000238,172.31.36.0-255,66,18761,14,93411
7217,0.000243,172.217.194.0-255,2902,21663,14,93411
7218,0.000245,172.31.36.0-255,66,21729,14,93411
7219,0.000259,172.31.36.0-255,66,21795,14,93411
7220,0.00027,172.31.36.0-255,66,21861,14,93411
7221,0.000331,172.31.36.0-255,66,21927,14,93411
7222,0.000369,172.31.36.0-255,66,21993,14,93411
7223,0.000373,172.217.194.0-255,646,22639,14,93411
7224,0.000375,172.31.36.0-255,66,22705,14,93411
7225,0.000419,172.217.194.0-255,1484,24189,14,93411
7226,0.000424,172.31.36.0-255,66,24255,14,93411
7227,0.000458,172.217.194.0-255,2902,27157,14,93411
7228,0.000463,172.31.36.0-255,66,27223,14,93411
7229,0.000473,172.31.36.0-255,66,27289,14,93411
7230,0.000483,172.31.36.0-255,66,27355,14,93411
7231,0.000496,172.31.36.0-255,66,27421,14,93411
7232,0.000531,172.217.194.0-255,2902,30323,14,93411
7233,0.000536,172.31.36.0-255,66,30389,14,93411
7234,0.00054,172.217.194.0-255,2184,32573,14,93411
7235,0.000542,172.31.36.0-255,66,32639,14,93411
7236,0.000547,172.217.194.0-255,2902,35541,14,93411
7237,0.00055,172.31.36.0-255,66,35607,14,93411
7238,0.000561,172.31.36.0-255,66,35673,14,93411
7239,0.000568,172.217.194.0-255,4320,39993,14,93411
7240,0.00057,172.31.36.0-255,66,40059,14,93411
7241,0.000616,172.31.36.0-255,66,40125,14,93411
7242,0.000623,172.217.194.0-255,4320,44445,14,93411
7243,0.000625,172.31.36.0-255,66,44511,14,93411
7244,0.000676,172.31.36.0-255,66,44577,14,93411
7245,0.000708,172.31.36.0-255,66,44643,14,93411
7246,0.000721,172.31.36.0-255,66,44709,14,93411
7247,0.000774,172.31.36.0-255,66,44775,14,93411
7248,0.000803,172.217.194.0-255,4320,49095,14,93411
7249,0.000821,172.217.194.0-255,3602,52697,14,93411
7250,0.000826,172.217.194.0-255,4320,57017,14,93411
7251,0.000915,172.217.194.0-255,1484,58501,14,93411
7252,0.000922,172.217.194.0-255,2902,61403,14,93411
7253,0.000991,172.217.194.0-255,1484,62887,14,93411
7254,0.001072,172.31.36.0-255,66,62953,14,93411
7255,0.001109,172.217.194.0-255,1484,64437,14,93411
7256,0.001115,172.217.194.0-255,2902,67339,14,93411
7257,0.00117,172.31.36.0-255,66,67405,14,93411
7258,0.001175,172.31.36.0-255,66,67471,14,93411
7259,0.001233,172.217.194.0-255,4320,71791,14,93411
7260,0.001237,172.217.194.0-255,2902,74693,14,93411
7261,0.001243,172.31.36.0-255,66,74759,14,93411
7262,0.001256,172.217.194.0-255,2902,77661,14,93411
7263,0.001299,172.217.194.0-255,766,78427,14,93411
7264,0.001327,172.217.194.0-255,1484,79911,14,93411
7265,0.001331,172.31.36.0-255,66,79977,14,93411
7266,0.001341,172.217.194.0-255,4320,84297,14,93411
7267,0.001346,172.31.36.0-255,66,84363,14,93411
7268,0.001376,172.217.194.0-255,4320,88683,14,93411
7269,0.00148,172.217.194.0-255,4320,93003,14,93411
7270,0.00149,172.31.36.0-255,66,93069,14,93411
7271,0.001505,172.217.194.0-255,105,93174,14,93411
7272,0.001533,172.31.36.0-255,66,93240,14,93411
7273,0.004421,172.31.36.0-255,105,93345,14,93411
7274,0.006704,172.217.194.0-255,66,93411,14,93411
7275,0.0,172.217.194.0-255,152,152,14,71344
7276,2.3e-05,172.31.36.0-255,66,218,14,71344
7277,3e-05,172.217.194.0-255,1484,1702,14,71344
7278,3.6e-05,172.31.36.0-255,66,1768,14,71344
7279,5.1e-05,172.217.194.0-255,2902,4670,14,71344
7280,5.5e-05,172.31.36.0-255,66,4736,14,71344
7281,6e-05,172.217.194.0-255,4320,9056,14,71344
7282,6.4e-05,172.31.36.0-255,66,9122,14,71344
7283,7.4e-05,172.31.36.0-255,66,9188,14,71344
7284,0.000104,172.217.194.0-255,3474,12662,14,71344
7285,0.000107,172.31.36.0-255,66,12728,14,71344
7286,0.000128,172.31.36.0-255,66,12794,14,71344
7287,0.000171,172.217.194.0-255,1484,14278,14,71344
7288,0.000173,172.31.36.0-255,66,14344,14,71344
7289,0.000178,172.217.194.0-255,2902,17246,14,71344
7290,0.00018,172.31.36.0-255,66,17312,14,71344
7291,0.000184,172.217.194.0-255,2902,20214,14,71344
7292,0.000187,172.31.36.0-255,66,20280,14,71344
7293,0.000205,172.217.194.0-255,2902,23182,14,71344
7294,0.000208,172.31.36.0-255,66,23248,14,71344
7295,0.000224,172.31.36.0-255,66,23314,14,71344
7296,0.000239,172.31.36.0-255,66,23380,14,71344
7297,0.000262,172.217.194.0-255,1484,24864,14,71344
7298,0.000269,172.31.36.0-255,66,24930,14,71344
7299,0.000275,172.217.194.0-255,2797,27727,14,71344
7300,0.000277,172.31.36.0-255,66,27793,14,71344
7301,0.000457,172.217.194.0-255,113,27906,14,71344
7302,0.000462,172.31.36.0-255,66,27972,14,71344
7303,0.000466,172.217.194.0-255,385,28357,14,71344
7304,0.00066,172.217.194.0-255,1484,29841,14,71344
7305,0.000666,172.217.194.0-255,2902,32743,14,71344
7306,0.000667,172.31.36.0-255,66,32809,14,71344
7307,0.000673,172.31.36.0-255,66,32875,14,71344
7308,0.000735,172.31.36.0-255,66,32941,14,71344
7309,0.000741,172.31.36.0-255,66,33007,14,71344
7310,0.001127,172.217.194.0-255,1484,34491,14,71344
7311,0.001133,172.217.194.0-255,2902,37393,14,71344
7312,0.001137,172.31.36.0-255,66,37459,14,71344
7313,0.0012,172.217.194.0-255,4320,41779,14,71344
7314,0.001212,172.31.36.0-255,66,41845,14,71344
7315,0.00123,172.31.36.0-255,66,41911,14,71344
7316,0.001247,172.31.36.0-255,66,41977,14,71344
7317,0.001322,172.31.36.0-255,66,42043,14,71344
7318,0.001336,172.31.36.0-255,66,42109,14,71344
7319,0.001379,172.31.36.0-255,66,42175,14,71344
7320,0.001392,172.31.36.0-255,66,42241,14,71344
7321,0.001396,172.31.36.0-255,66,42307,14,71344
7322,0.001417,172.217.194.0-255,2184,44491,14,71344
7323,0.001428,172.31.36.0-255,66,44557,14,71344
7324,0.001475,172.217.194.0-255,1484,46041,14,71344
7325,0.001481,172.217.194.0-255,2902,48943,14,71344
7326,0.00149,172.31.36.0-255,66,49009,14,71344
7327,0.001497,172.217.194.0-255,4320,53329,14,71344
7328,0.001502,172.31.36.0-255,66,53395,14,71344
7329,0.001522,172.217.194.0-255,1484,54879,14,71344
7330,0.001542,172.31.36.0-255,66,54945,14,71344
7331,0.00156,172.217.194.0-255,1484,56429,14,71344
7332,0.001583,172.31.36.0-255,66,56495,14,71344
7333,0.001655,172.217.194.0-255,1484,57979,14,71344
7334,0.001665,172.217.194.0-255,2902,60881,14,71344
7335,0.001672,172.31.36.0-255,66,60947,14,71344
7336,0.001707,172.31.36.0-255,66,61013,14,71344
7337,0.001721,172.31.36.0-255,66,61079,14,71344
7338,0.001733,172.217.194.0-255,1484,62563,14,71344
7339,0.001784,172.31.36.0-255,66,62629,14,71344
7340,0.001796,172.31.36.0-255,66,62695,14,71344
7341,0.001826,172.31.36.0-255,66,62761,14,71344
7342,0.001963,172.217.194.0-255,1484,64245,14,71344
7343,0.001968,172.217.194.0-255,2902,67147,14,71344
7344,0.00198,172.31.36.0-255,66,67213,14,71344
7345,0.001983,172.217.194.0-255,1484,68697,14,71344
7346,0.00202,172.31.36.0-255,66,68763,14,71344
7347,0.002038,172.31.36.0-255,66,68829,14,71344
7348,0.002074,172.31.36.0-255,66,68895,14,71344
7349,0.0021,172.31.36.0-255,66,68961,14,71344
7350,0.002106,172.31.36.0-255,66,69027,14,71344
7351,0.00215,172.31.36.0-255,66,69093,14,71344
7352,0.002168,172.31.36.0-255,66,69159,14,71344
7353,0.00217,172.217.194.0-255,1909,71068,14,71344
7354,0.002173,172.217.194.0-255,105,71173,14,71344
7355,0.002185,172.31.36.0-255,66,71239,14,71344
7356,0.008994,172.31.36.0-255,105,71344,14,71344
7357,0.0,172.217.194.0-255,152,152,14,94002
7358,3.5e-05,172.31.36.0-255,66,218,14,94002
7359,4.3e-05,172.217.194.0-255,1484,1702,14,94002
7360,4.8e-05,172.31.36.0-255,66,1768,14,94002
7361,5.3e-05,172.217.194.0-255,2902,4670,14,94002
7362,5.6e-05,172.31.36.0-255,66,4736,14,94002
7363,6.6e-05,172.31.36.0-255,66,4802,14,94002
7364,7.1e-05,172.217.194.0-255,3469,8271,14,94002
7365,7.4e-05,172.31.36.0-255,66,8337,14,94002
7366,0.000119,172.217.194.0-255,4320,12657,14,94002
7367,0.000122,172.31.36.0-255,66,12723,14,94002
7368,0.000125,172.217.194.0-255,1484,14207,14,94002
7369,0.000127,172.31.36.0-255,66,14273,14,94002
7370,0.000151,172.31.36.0-255,66,14339,14,94002
7371,0.000172,172.217.194.0-255,1484,15823,14,94002
7372,0.000174,172.31.36.0-255,66,15889,14,94002
7373,0.000206,172.31.36.0-255,66,15955,14,94002
7374,0.000218,172.31.36.0-255,66,16021,14,94002
7375,0.000222,172.217.194.0-255,1125,17146,14,94002
7376,0.000224,172.31.36.0-255,66,17212,14,94002
7377,0.000367,172.217.194.0-255,1484,18696,14,94002
7378,0.000372,172.31.36.0-255,66,18762,14,94002
7379,0.000378,172.217.194.0-255,2902,21664,14,94002
7380,0.000381,172.31.36.0-255,66,21730,14,94002
7381,0.000414,172.31.36.0-255,66,21796,14,94002
7382,0.000436,172.31.36.0-255,66,21862,14,94002
7383,0.000639,172.217.194.0-255,1484,23346,14,94002
7384,0.000646,172.217.194.0-255,2902,26248,14,94002
7385,0.000649,172.31.36.0-255,66,26314,14,94002
7386,0.000653,172.217.194.0-255,1484,27798,14,94002
7387,0.000674,172.217.194.0-255,4320,32118,14,94002
7388,0.000677,172.31.36.0-255,66,32184,14,94002
7389,0.000687,172.31.36.0-255,66,32250,14,94002
7390,0.000715,172.217.194.0-255,1412,33662,14,94002
7391,0.000725,172.31.36.0-255,66,33728,14,94002
7392,0.000748,172.31.36.0-255,66,33794,14,94002
7393,0.00085,172.217.194.0-255,1484,35278,14,94002
7394,0.000855,172.217.194.0-255,2902,38180,14,94002
7395,0.000857,172.31.36.0-255,66,38246,14,94002
7396,0.000882,172.31.36.0-255,66,38312,14,94002
7397,0.000908,172.31.36.0-255,66,38378,14,94002
7398,0.000936,172.217.194.0-255,2902,41280,14,94002
7399,0.000939,172.31.36.0-255,66,41346,14,94002
7400,0.000963,172.31.36.0-255,66,41412,14,94002
7401,0.000999,172.31.36.0-255,66,41478,14,94002
7402,0.001039,172.217.194.0-255,1484,42962,14,94002
7403,0.001056,172.217.194.0-255,2902,45864,14,94002
7404,0.001059,172.31.36.0-255,66,45930,14,94002
7405,0.001068,172.31.36.0-255,66,45996,14,94002
7406,0.00113,172.31.36.0-255,66,46062,14,94002
7407,0.001147,172.217.194.0-255,1484,47546,14,94002
7408,0.001172,172.31.36.0-255,66,47612,14,94002
7409,0.001255,172.217.194.0-255,1484,49096,14,94002
7410,0.001272,172.217.194.0-255,2902,51998,14,94002
7411,0.001276,172.31.36.0-255,66,52064,14,94002
7412,0.001286,172.31.36.0-255,66,52130,14,94002
7413,0.001289,172.217.194.0-255,1484,53614,14,94002
7414,0.001319,172.31.36.0-255,66,53680,14,94002
7415,0.001351,172.31.36.0-255,66,53746,14,94002
7416,0.001355,172.217.194.0-255,2184,55930,14,94002
7417,0.001359,172.31.36.0-255,66,55996,14,94002
7418,0.001408,172.31.36.0-255,66,56062,14,94002
7419,0.00143,172.217.194.0-255,2902,58964,14,94002
7420,0.001434,172.31.36.0-255,66,59030,14,94002
7421,0.001448,172.31.36.0-255,66,59096,14,94002
7422,0.001462,172.217.194.0-255,1484,60580,14,94002
7423,0.001485,172.31.36.0-255,66,60646,14,94002
7424,0.001722,172.217.194.0-255,1484,62130,14,94002
7425,0.001738,172.217.194.0-255,2902,65032,14,94002
7426,0.001741,172.31.36.0-255,66,65098,14,94002
7427,0.00175,172.31.36.0-255,66,65164,14,94002
7428,0.001754,172.217.194.0-255,1484,66648,14,94002
7429,0.001792,172.31.36.0-255,66,66714,14,94002
7430,0.001824,172.31.36.0-255,66,66780,14,94002
7431,0.001844,172.217.194.0-255,2184,68964,14,94002
7432,0.001847,172.31.36.0-255,66,69030,14,94002
7433,0.001859,172.31.36.0-255,66,69096,14,94002
7434,0.001875,172.217.194.0-255,4320,73416,14,94002
7435,0.001879,172.31.36.0-255,66,73482,14,94002
7436,0.001904,172.31.36.0-255,66,73548,14,94002
7437,0.001908,172.217.194.0-255,2902,76450,14,94002
7438,0.001911,172.31.36.0-255,66,76516,14,94002
7439,0.001934,172.217.194.0-255,1484,78000,14,94002
7440,0.001945,172.31.36.0-255,66,78066,14,94002
7441,0.00195,172.31.36.0-255,66,78132,14,94002
7442,0.001968,172.217.194.0-255,4320,82452,14,94002
7443,0.001972,172.31.36.0-255,66,82518,14,94002
7444,0.002017,172.31.36.0-255,66,82584,14,94002
7445,0.002049,172.31.36.0-255,66,82650,14,94002
7446,0.002058,172.31.36.0-255,66,82716,14,94002
7447,0.002068,172.31.36.0-255,66,82782,14,94002
7448,0.002085,172.31.36.0-255,66,82848,14,94002
7449,0.002087,172.217.194.0-255,766,83614,14,94002
7450,0.003122,172.31.36.0-255,66,83680,14,94002
7451,0.004342,172.217.194.0-255,4320,88000,14,94002
7452,0.00435,172.31.36.0-255,66,88066,14,94002
7453,0.005364,172.217.194.0-255,1484,89550,14,94002
7454,0.0066,172.217.194.0-255,4320,93870,14,94002
7455,0.006603,172.31.36.0-255,66,93936,14,94002
7456,0.008898,172.31.36.0-255,66,94002,14,94002
7457,0.0,74.125.130.0-255,153,153,14,236871
7458,2.2e-05,172.31.36.0-255,66,219,14,236871
7459,2.8e-05,74.125.130.0-255,1484,1703,14,236871
7460,3.2e-05,172.31.36.0-255,66,1769,14,236871
7461,4.9e-05,74.125.130.0-255,2902,4671,14,236871
7462,5.2e-05,172.31.36.0-255,66,4737,14,236871
7463,7.6e-05,74.125.130.0-255,2902,7639,14,236871
7464,7.8e-05,172.31.36.0-255,66,7705,14,236871
7465,0.000111,74.125.130.0-255,4320,12025,14,236871
7466,0.000115,172.31.36.0-255,66,12091,14,236871
7467,0.00012,74.125.130.0-255,2083,14174,14,236871
7468,0.000122,172.31.36.0-255,66,14240,14,236871
7469,0.000309,74.125.130.0-255,1484,15724,14,236871
7470,0.000314,172.31.36.0-255,66,15790,14,236871
7471,0.00032,74.125.130.0-255,2902,18692,14,236871
7472,0.000323,172.31.36.0-255,66,18758,14,236871
7473,0.000361,74.125.130.0-255,4320,23078,14,236871
7474,0.000365,172.31.36.0-255,66,23144,14,236871
7475,0.000381,74.125.130.0-255,1484,24628,14,236871
7476,0.000384,172.31.36.0-255,66,24694,14,236871
7477,0.000387,74.125.130.0-255,1484,26178,14,236871
7478,0.000389,172.31.36.0-255,66,26244,14,236871
7479,0.000406,74.125.130.0-255,1484,27728,14,236871
7480,0.000409,172.31.36.0-255,66,27794,14,236871
7481,0.000444,74.125.130.0-255,4320,32114,14,236871
7482,0.000444,172.31.36.0-255,66,32180,14,236871
7483,0.000447,172.31.36.0-255,66,32246,14,236871
7484,0.000491,172.31.36.0-255,66,32312,14,236871
7485,0.000508,74.125.130.0-255,1484,33796,14,236871
7486,0.000511,172.31.36.0-255,66,33862,14,236871
7487,0.000522,172.31.36.0-255,66,33928,14,236871
7488,0.000546,74.125.130.0-255,3602,37530,14,236871
7489,0.000549,172.31.36.0-255,66,37596,14,236871
7490,0.001041,74.125.130.0-255,646,38242,14,236871
7491,0.001353,74.125.130.0-255,1484,39726,14,236871
7492,0.00136,172.31.36.0-255,66,39792,14,236871
7493,0.001367,74.125.130.0-255,2902,42694,14,236871
7494,0.00137,172.31.36.0-255,66,42760,14,236871
7495,0.001375,74.125.130.0-255,2902,45662,14,236871
7496,0.001376,172.31.36.0-255,66,45728,14,236871
7497,0.001393,74.125.130.0-255,2902,48630,14,236871
7498,0.001396,172.31.36.0-255,66,48696,14,236871
7499,0.001405,172.31.36.0-255,66,48762,14,236871
7500,0.001419,74.125.130.0-255,576,49338,14,236871
7501,0.00187,74.125.130.0-255,1484,50822,14,236871
7502,0.001873,172.31.36.0-255,66,50888,14,236871
7503,0.001891,74.125.130.0-255,1484,52372,14,236871
7504,0.0019,74.125.130.0-255,1484,53856,14,236871
7505,0.001902,172.31.36.0-255,66,53922,14,236871
7506,0.001905,74.125.130.0-255,1484,55406,14,236871
7507,0.001922,74.125.130.0-255,2902,58308,14,236871
7508,0.001924,172.31.36.0-255,66,58374,14,236871
7509,0.00194,74.125.130.0-255,1484,59858,14,236871
7510,0.001958,74.125.130.0-255,4320,64178,14,236871
7511,0.00196,172.31.36.0-255,66,64244,14,236871
7512,0.001969,172.31.36.0-255,66,64310,14,236871
7513,0.001986,74.125.130.0-255,2902,67212,14,236871
7514,0.001987,172.31.36.0-255,66,67278,14,236871
7515,0.002003,74.125.130.0-255,2902,70180,14,236871
7516,0.002006,172.31.36.0-255,66,70246,14,236871
7517,0.002026,172.31.36.0-255,66,70312,14,236871
7518,0.002067,74.125.130.0-255,1484,71796,14,236871
7519,0.00207,74.125.130.0-255,1484,73280,14,236871
7520,0.002072,172.31.36.0-255,66,73346,14,236871
7521,0.002084,74.125.130.0-255,1484,74830,14,236871
7522,0.002114,172.31.36.0-255,66,74896,14,236871
7523,0.002131,74.125.130.0-255,4320,79216,14,236871
7524,0.002133,172.31.36.0-255,66,79282,14,236871
7525,0.002144,74.125.130.0-255,2543,81825,14,236871
7526,0.002146,172.31.36.0-255,66,81891,14,236871
7527,0.002206,74.125.130.0-255,1484,83375,14,236871
7528,0.00222,74.125.130.0-255,2902,86277,14,236871
7529,0.002223,172.31.36.0-255,66,86343,14,236871
7530,0.002233,74.125.130.0-255,1484,87827,14,236871
7531,0.00225,74.125.130.0-255,4320,92147,14,236871
7532,0.002253,172.31.36.0-255,66,92213,14,236871
7533,0.002256,74.125.130.0-255,1484,93697,14,236871
7534,0.002269,74.125.130.0-255,1484,95181,14,236871
7535,0.002271,172.31.36.0-255,66,95247,14,236871
7536,0.002276,74.125.130.0-255,4320,99567,14,236871
7537,0.002278,172.31.36.0-255,66,99633,14,236871
7538,0.002296,172.31.36.0-255,66,99699,14,236871
7539,0.002301,74.125.130.0-255,4320,104019,14,236871
7540,0.002303,172.31.36.0-255,66,104085,14,236871
7541,0.002373,74.125.130.0-255,3602,107687,14,236871
7542,0.002375,172.31.36.0-255,66,107753,14,236871
7543,0.002402,74.125.130.0-255,1484,109237,14,236871
7544,0.002406,74.125.130.0-255,1484,110721,14,236871
7545,0.002408,172.31.36.0-255,66,110787,14,236871
7546,0.002423,74.125.130.0-255,1484,112271,14,236871
7547,0.002447,172.31.36.0-255,66,112337,14,236871
7548,0.002449,74.125.130.0-255,1484,113821,14,236871
7549,0.002468,172.31.36.0-255,66,113887,14,236871
7550,0.002495,172.31.36.0-255,66,113953,14,236871
7551,0.002499,74.125.130.0-255,2902,116855,14,236871
7552,0.002501,172.31.36.0-255,66,116921,14,236871
7553,0.002522,172.31.36.0-255,66,116987,14,236871
7554,0.002679,74.125.130.0-255,1484,118471,14,236871
7555,0.002697,74.125.130.0-255,2902,121373,14,236871
7556,0.002699,172.31.36.0-255,66,121439,14,236871
7557,0.002709,74.125.130.0-255,1484,122923,14,236871
7558,0.002744,74.125.130.0-255,2902,125825,14,236871
7559,0.002746,172.31.36.0-255,66,125891,14,236871
7560,0.002749,74.125.130.0-255,1484,127375,14,236871
7561,0.002762,74.125.130.0-255,1484,128859,14,236871
7562,0.002764,172.31.36.0-255,66,128925,14,236871
7563,0.002775,74.125.130.0-255,1484,130409,14,236871
7564,0.00279,74.125.130.0-255,4320,134729,14,236871
7565,0.002792,172.31.36.0-255,66,134795,14,236871
7566,0.002795,74.125.130.0-255,1484,136279,14,236871
7567,0.002814,74.125.130.0-255,4320,140599,14,236871
7568,0.002817,172.31.36.0-255,66,140665,14,236871
7569,0.002831,74.125.130.0-255,1484,142149,14,236871
7570,0.002835,74.125.130.0-255,2902,145051,14,236871
7571,0.002838,172.31.36.0-255,66,145117,14,236871
7572,0.002859,74.125.130.0-255,4320,149437,14,236871
7573,0.002861,172.31.36.0-255,66,149503,14,236871
7574,0.002866,74.125.130.0-255,2184,151687,14,236871
7575,0.002867,172.31.36.0-255,66,151753,14,236871
7576,0.002985,74.125.130.0-255,1484,153237,14,236871
7577,0.003008,74.125.130.0-255,1484,154721,14,236871
7578,0.00301,172.31.36.0-255,66,154787,14,236871
7579,0.003028,74.125.130.0-255,1484,156271,14,236871
7580,0.003032,74.125.130.0-255,2902,159173,14,236871
7581,0.003035,172.31.36.0-255,66,159239,14,236871
7582,0.00304,74.125.130.0-255,2902,162141,14,236871
7583,0.003042,172.31.36.0-255,66,162207,14,236871
7584,0.003067,74.125.130.0-255,1484,163691,14,236871
7585,0.003078,172.31.36.0-255,66,163757,14,236871
7586,0.003091,74.125.130.0-255,1484,165241,14,236871
7587,0.003094,74.125.130.0-255,1484,166725,14,236871
7588,0.003096,172.31.36.0-255,66,166791,14,236871
7589,0.0031,74.125.130.0-255,2902,169693,14,236871
7590,0.003102,172.31.36.0-255,66,169759,14,236871
7591,0.003121,172.31.36.0-255,66,169825,14,236871
7592,0.003124,74.125.130.0-255,1484,171309,14,236871
7593,0.003127,74.125.130.0-255,2184,173493,14,236871
7594,0.00313,172.31.36.0-255,66,173559,14,236871
7595,0.003219,74.125.130.0-255,1484,175043,14,236871
7596,0.003243,74.125.130.0-255,2902,177945,14,236871
7597,0.003246,172.31.36.0-255,66,178011,14,236871
7598,0.003271,172.31.36.0-255,66,178077,14,236871
7599,0.003276,74.125.130.0-255,4320,182397,14,236871
7600,0.003278,172.31.36.0-255,66,182463,14,236871
7601,0.003284,74.125.130.0-255,4320,186783,14,236871
7602,0.003286,172.31.36.0-255,66,186849,14,236871
7603,0.003303,74.125.130.0-255,1484,188333,14,236871
7604,0.003372,74.125.130.0-255,2184,190517,14,236871
7605,0.003455,172.31.36.0-255,66,190583,14,236871
7606,0.00378,74.125.130.0-255,1484,192067,14,236871
7607,0.003785,74.125.130.0-255,1484,193551,14,236871
7608,0.003788,172.31.36.0-255,66,193617,14,236871
7609,0.003803,74.125.130.0-255,1484,195101,14,236871
7610,0.003812,172.31.36.0-255,66,195167,14,236871
7611,0.003826,74.125.130.0-255,2902,198069,14,236871
7612,0.003829,172.31.36.0-255,66,198135,14,236871
7613,0.003861,172.31.36.0-255,66,198201,14,236871
7614,0.003888,172.31.36.0-255,66,198267,14,236871
7615,0.003912,172.31.36.0-255,66,198333,14,236871
7616,0.003973,74.125.130.0-255,1484,199817,14,236871
7617,0.003986,74.125.130.0-255,2902,202719,14,236871
7618,0.003992,172.31.36.0-255,66,202785,14,236871
7619,0.00401,172.31.36.0-255,66,202851,14,236871
7620,0.004052,74.125.130.0-255,2902,205753,14,236871
7621,0.004055,172.31.36.0-255,66,205819,14,236871
7622,0.004058,74.125.130.0-255,1484,207303,14,236871
7623,0.004061,74.125.130.0-255,1484,208787,14,236871
7624,0.004062,172.31.36.0-255,66,208853,14,236871
7625,0.004077,74.125.130.0-255,1484,210337,14,236871
7626,0.004082,74.125.130.0-255,2902,213239,14,236871
7627,0.004084,172.31.36.0-255,66,213305,14,236871
7628,0.004087,74.125.130.0-255,1484,214789,14,236871
7629,0.004105,74.125.130.0-255,1484,216273,14,236871
7630,0.004108,172.31.36.0-255,66,216339,14,236871
7631,0.004127,74.125.130.0-255,4320,220659,14,236871
7632,0.00413,74.125.130.0-255,1484,222143,14,236871
7633,0.004131,172.31.36.0-255,66,222209,14,236871
7634,0.004154,74.125.130.0-255,1484,223693,14,236871
7635,0.004158,172.31.36.0-255,66,223759,14,236871
7636,0.004159,74.125.130.0-255,3602,227361,14,236871
7637,0.004171,172.31.36.0-255,66,227427,14,236871
7638,0.004223,74.125.130.0-255,1484,228911,14,236871
7639,0.004226,74.125.130.0-255,1484,230395,14,236871
7640,0.004229,172.31.36.0-255,66,230461,14,236871
7641,0.004247,74.125.130.0-255,1484,231945,14,236871
7642,0.004263,172.31.36.0-255,66,232011,14,236871
7643,0.004301,172.31.36.0-255,66,232077,14,236871
7644,0.004321,74.125.130.0-255,4320,236397,14,236871
7645,0.004327,172.31.36.0-255,66,236463,14,236871
7646,0.004353,172.31.36.0-255,66,236529,14,236871
7647,0.004404,74.125.130.0-255,105,236634,14,236871
7648,0.006068,172.31.36.0-255,66,236700,14,236871
7649,0.006095,172.31.36.0-255,105,236805,14,236871
7650,0.008737,74.125.130.0-255,66,236871,14,236871
7651,0.0,172.217.194.0-255,296,296,14,99800
7652,2.4e-05,172.31.36.0-255,66,362,14,99800
7653,3.1e-05,172.217.194.0-255,1484,1846,14,99800
7654,3.5e-05,172.31.36.0-255,66,1912,14,99800
7655,5e-05,172.217.194.0-255,4320,6232,14,99800
7656,5.4e-05,172.31.36.0-255,66,6298,14,99800
7657,6.6e-05,172.31.36.0-255,66,6364,14,99800
7658,0.000109,172.217.194.0-255,1484,7848,14,99800
7659,0.000112,172.31.36.0-255,66,7914,14,99800
7660,0.000117,172.217.194.0-255,2902,10816,14,99800
7661,0.00012,172.31.36.0-255,66,10882,14,99800
7662,0.000125,172.217.194.0-255,2902,13784,14,99800
7663,0.000132,172.31.36.0-255,66,13850,14,99800
7664,0.000163,172.217.194.0-255,2902,16752,14,99800
7665,0.000166,172.31.36.0-255,66,16818,14,99800
7666,0.000175,172.31.36.0-255,66,16884,14,99800
7667,0.000213,172.31.36.0-255,66,16950,14,99800
7668,0.000218,172.217.194.0-255,3961,20911,14,99800
7669,0.00022,172.31.36.0-255,66,20977,14,99800
7670,0.000257,172.31.36.0-255,66,21043,14,99800
7671,0.000295,172.31.36.0-255,66,21109,14,99800
7672,0.000301,172.217.194.0-255,3961,25070,14,99800
7673,0.000303,172.31.36.0-255,66,25136,14,99800
7674,0.000339,172.217.194.0-255,677,25813,14,99800
7675,0.000342,172.31.36.0-255,66,25879,14,99800
7676,0.00047,172.217.194.0-255,1484,27363,14,99800
7677,0.000474,172.31.36.0-255,66,27429,14,99800
7678,0.00048,172.217.194.0-255,2902,30331,14,99800
7679,0.000482,172.31.36.0-255,66,30397,14,99800
7680,0.000497,172.31.36.0-255,66,30463,14,99800
7681,0.000538,172.31.36.0-255,66,30529,14,99800
7682,0.000594,172.31.36.0-255,66,30595,14,99800
7683,0.000803,172.217.194.0-255,1484,32079,14,99800
7684,0.000811,172.217.194.0-255,2902,34981,14,99800
7685,0.000814,172.31.36.0-255,66,35047,14,99800
7686,0.000824,172.31.36.0-255,66,35113,14,99800
7687,0.000862,172.31.36.0-255,66,35179,14,99800
7688,0.000894,172.217.194.0-255,2902,38081,14,99800
7689,0.000897,172.31.36.0-255,66,38147,14,99800
7690,0.000906,172.31.36.0-255,66,38213,14,99800
7691,0.000919,172.31.36.0-255,66,38279,14,99800
7692,0.001401,172.217.194.0-255,1484,39763,14,99800
7693,0.001406,172.217.194.0-255,1484,41247,14,99800
7694,0.001409,172.31.36.0-255,66,41313,14,99800
7695,0.001438,172.217.194.0-255,1484,42797,14,99800
7696,0.001447,172.31.36.0-255,66,42863,14,99800
7697,0.001456,172.31.36.0-255,66,42929,14,99800
7698,0.001475,172.217.194.0-255,4320,47249,14,99800
7699,0.001477,172.31.36.0-255,66,47315,14,99800
7700,0.001488,172.31.36.0-255,66,47381,14,99800
7701,0.001516,172.31.36.0-255,66,47447,14,99800
7702,0.001824,172.217.194.0-255,1484,48931,14,99800
7703,0.001827,172.217.194.0-255,1484,50415,14,99800
7704,0.001833,172.31.36.0-255,66,50481,14,99800
7705,0.001858,172.217.194.0-255,1484,51965,14,99800
7706,0.001878,172.31.36.0-255,66,52031,14,99800
7707,0.001885,172.31.36.0-255,66,52097,14,99800
7708,0.001893,172.217.194.0-255,2902,54999,14,99800
7709,0.001896,172.31.36.0-255,66,55065,14,99800
7710,0.001899,172.217.194.0-255,1484,56549,14,99800
7711,0.001938,172.31.36.0-255,66,56615,14,99800
7712,0.002083,172.217.194.0-255,1484,58099,14,99800
7713,0.002109,172.217.194.0-255,2902,61001,14,99800
7714,0.002113,172.31.36.0-255,66,61067,14,99800
7715,0.002118,172.217.194.0-255,2902,63969,14,99800
7716,0.002121,172.31.36.0-255,66,64035,14,99800
7717,0.002139,172.217.194.0-255,2902,66937,14,99800
7718,0.002142,172.31.36.0-255,66,67003,14,99800
7719,0.002157,172.31.36.0-255,66,67069,14,99800
7720,0.002198,172.31.36.0-255,66,67135,14,99800
7721,0.002207,172.217.194.0-255,2902,70037,14,99800
7722,0.002208,172.31.36.0-255,66,70103,14,99800
7723,0.002216,172.217.194.0-255,1484,71587,14,99800
7724,0.002219,172.217.194.0-255,766,72353,14,99800
7725,0.002221,172.31.36.0-255,66,72419,14,99800
7726,0.002333,172.217.194.0-255,1484,73903,14,99800
7727,0.002339,172.217.194.0-255,2902,76805,14,99800
7728,0.002342,172.31.36.0-255,66,76871,14,99800
7729,0.002348,172.217.194.0-255,2902,79773,14,99800
7730,0.00235,172.31.36.0-255,66,79839,14,99800
7731,0.002381,172.217.194.0-255,2902,82741,14,99800
7732,0.002384,172.31.36.0-255,66,82807,14,99800
7733,0.002387,172.217.194.0-255,1484,84291,14,99800
7734,0.00239,172.217.194.0-255,1484,85775,14,99800
7735,0.002392,172.31.36.0-255,66,85841,14,99800
7736,0.002395,172.217.194.0-255,1484,87325,14,99800
7737,0.002402,172.31.36.0-255,78,87403,14,99800
7738,0.00242,172.31.36.0-255,78,87481,14,99800
7739,0.002456,172.31.36.0-255,66,87547,14,99800
7740,0.00247,172.31.36.0-255,66,87613,14,99800
7741,0.002482,172.31.36.0-255,66,87679,14,99800
7742,0.002525,172.31.36.0-255,66,87745,14,99800
7743,0.002554,172.31.36.0-255,66,87811,14,99800
7744,0.002569,172.31.36.0-255,66,87877,14,99800
7745,0.002574,172.217.194.0-255,4320,92197,14,99800
7746,0.002576,172.31.36.0-255,66,92263,14,99800
7747,0.002588,172.31.36.0-255,66,92329,14,99800
7748,0.002591,172.217.194.0-255,1484,93813,14,99800
7749,0.002606,172.31.36.0-255,66,93879,14,99800
7750,0.002615,172.31.36.0-255,66,93945,14,99800
7751,0.002642,172.217.194.0-255,4320,98265,14,99800
7752,0.002645,172.31.36.0-255,66,98331,14,99800
7753,0.00269,172.31.36.0-255,66,98397,14,99800
7754,0.002709,172.31.36.0-255,66,98463,14,99800
7755,0.002711,172.217.194.0-255,766,99229,14,99800
7756,0.002721,172.31.36.0-255,66,99295,14,99800
7757,0.002769,172.31.36.0-255,66,99361,14,99800
7758,0.002773,172.217.194.0-255,97,99458,14,99800
7759,0.002795,172.217.194.0-255,105,99563,14,99800
7760,0.007942,172.31.36.0-255,66,99629,14,99800
7761,0.007982,172.31.36.0-255,105,99734,14,99800
7762,0.009996,172.217.194.0-255,66,99800,14,99800
7763,0.0,172.217.194.0-255,146,146,14,89966
7764,1.4e-05,172.31.36.0-255,66,212,14,89966
7765,2e-05,172.217.194.0-255,1484,1696,14,89966
7766,2.5e-05,172.31.36.0-255,66,1762,14,89966
7767,3e-05,172.217.194.0-255,2902,4664,14,89966
7768,3.3e-05,172.31.36.0-255,66,4730,14,89966
7769,5.9e-05,172.31.36.0-255,66,4796,14,89966
7770,6.2e-05,172.217.194.0-255,2076,6872,14,89966
7771,6.4e-05,172.31.36.0-255,66,6938,14,89966
7772,0.000112,172.31.36.0-255,66,7004,14,89966
7773,0.000133,172.217.194.0-255,4320,11324,14,89966
7774,0.000135,172.31.36.0-255,66,11390,14,89966
7775,0.000139,172.217.194.0-255,4320,15710,14,89966
7776,0.000141,172.31.36.0-255,66,15776,14,89966
7777,0.00016,172.217.194.0-255,1125,16901,14,89966
7778,0.000163,172.31.36.0-255,66,16967,14,89966
7779,0.000278,172.217.194.0-255,1484,18451,14,89966
7780,0.000282,172.31.36.0-255,66,18517,14,89966
7781,0.000287,172.217.194.0-255,2902,21419,14,89966
7782,0.000289,172.31.36.0-255,66,21485,14,89966
7783,0.000311,172.217.194.0-255,2902,24387,14,89966
7784,0.000314,172.31.36.0-255,66,24453,14,89966
7785,0.000331,172.217.194.0-255,2902,27355,14,89966
7786,0.000333,172.31.36.0-255,66,27421,14,89966
7787,0.000373,172.31.36.0-255,66,27487,14,89966
7788,0.00066,172.217.194.0-255,1484,28971,14,89966
7789,0.000665,172.31.36.0-255,66,29037,14,89966
7790,0.000671,172.217.194.0-255,2902,31939,14,89966
7791,0.000672,172.31.36.0-255,66,32005,14,89966
7792,0.00068,172.31.36.0-255,66,32071,14,89966
7793,0.000702,172.217.194.0-255,1484,33555,14,89966
7794,0.000722,172.217.194.0-255,4320,37875,14,89966
7795,0.000724,172.31.36.0-255,66,37941,14,89966
7796,0.000749,172.31.36.0-255,66,38007,14,89966
7797,0.000754,172.217.194.0-255,4320,42327,14,89966
7798,0.000756,172.31.36.0-255,66,42393,14,89966
7799,0.000769,172.217.194.0-255,2902,45295,14,89966
7800,0.000771,172.31.36.0-255,66,45361,14,89966
7801,0.000782,172.217.194.0-255,1484,46845,14,89966
7802,0.000794,172.217.194.0-255,1125,47970,14,89966
7803,0.000797,172.31.36.0-255,66,48036,14,89966
7804,0.001183,172.217.194.0-255,1484,49520,14,89966
7805,0.001202,172.217.194.0-255,2902,52422,14,89966
7806,0.001205,172.31.36.0-255,66,52488,14,89966
7807,0.00123,172.31.36.0-255,66,52554,14,89966
7808,0.001233,172.217.194.0-255,1484,54038,14,89966
7809,0.00126,172.31.36.0-255,66,54104,14,89966
7810,0.001269,172.31.36.0-255,66,54170,14,89966
7811,0.001282,172.217.194.0-255,2184,56354,14,89966
7812,0.001284,172.31.36.0-255,66,56420,14,89966
7813,0.001766,172.217.194.0-255,1484,57904,14,89966
7814,0.001775,172.217.194.0-255,2902,60806,14,89966
7815,0.00178,172.31.36.0-255,66,60872,14,89966
7816,0.001809,172.31.36.0-255,66,60938,14,89966
7817,0.001833,172.31.36.0-255,66,61004,14,89966
7818,0.001932,172.217.194.0-255,4320,65324,14,89966
7819,0.001935,172.31.36.0-255,66,65390,14,89966
7820,0.001961,172.31.36.0-255,66,65456,14,89966
7821,0.002413,172.217.194.0-255,1484,66940,14,89966
7822,0.00245,172.217.194.0-255,2902,69842,14,89966
7823,0.002452,172.31.36.0-255,66,69908,14,89966
7824,0.002476,172.31.36.0-255,66,69974,14,89966
7825,0.002478,172.217.194.0-255,1484,71458,14,89966
7826,0.002507,172.31.36.0-255,66,71524,14,89966
7827,0.002528,172.217.194.0-255,4320,75844,14,89966
7828,0.00253,172.31.36.0-255,66,75910,14,89966
7829,0.002554,172.31.36.0-255,66,75976,14,89966
7830,0.002574,172.217.194.0-255,3602,79578,14,89966
7831,0.002577,172.31.36.0-255,66,79644,14,89966
7832,0.005277,172.217.194.0-255,1484,81128,14,89966
7833,0.005302,172.217.194.0-255,2902,84030,14,89966
7834,0.005307,172.31.36.0-255,66,84096,14,89966
7835,0.005326,172.217.194.0-255,1484,85580,14,89966
7836,0.00799,172.217.194.0-255,4320,89900,14,89966
7837,0.007995,172.31.36.0-255,66,89966,14,89966
7838,0.0,74.125.200.0-255,289,289,14,132673
7839,2.7e-05,172.31.36.0-255,66,355,14,132673
7840,3.4e-05,74.125.200.0-255,1484,1839,14,132673
7841,3.8e-05,172.31.36.0-255,66,1905,14,132673
7842,4.3e-05,74.125.200.0-255,4320,6225,14,132673
7843,4.6e-05,172.31.36.0-255,66,6291,14,132673
7844,7.1e-05,74.125.200.0-255,4320,10611,14,132673
7845,7.4e-05,172.31.36.0-255,66,10677,14,132673
7846,9.2e-05,74.125.200.0-255,3258,13935,14,132673
7847,9.5e-05,74.125.200.0-255,2902,16837,14,132673
7848,9.5e-05,172.31.36.0-255,66,16903,14,132673
7849,0.0001,172.31.36.0-255,66,16969,14,132673
7850,0.000127,172.31.36.0-255,66,17035,14,132673
7851,0.000137,172.31.36.0-255,66,17101,14,132673
7852,0.00019,74.125.200.0-255,1484,18585,14,132673
7853,0.000194,172.31.36.0-255,66,18651,14,132673
7854,0.000198,74.125.200.0-255,1484,20135,14,132673
7855,0.000202,172.31.36.0-255,66,20201,14,132673
7856,0.00022,74.125.200.0-255,1484,21685,14,132673
7857,0.000222,172.31.36.0-255,66,21751,14,132673
7858,0.000225,74.125.200.0-255,1484,23235,14,132673
7859,0.000228,172.31.36.0-255,66,23301,14,132673
7860,0.000243,74.125.200.0-255,2902,26203,14,132673
7861,0.000246,172.31.36.0-255,66,26269,14,132673
7862,0.000249,74.125.200.0-255,1484,27753,14,132673
7863,0.000251,172.31.36.0-255,66,27819,14,132673
7864,0.000276,74.125.200.0-255,4320,32139,14,132673
7865,0.000281,172.31.36.0-255,66,32205,14,132673
7866,0.000284,172.31.36.0-255,66,32271,14,132673
7867,0.000293,172.31.36.0-255,66,32337,14,132673
7868,0.00034,172.31.36.0-255,66,32403,14,132673
7869,0.000376,74.125.200.0-255,2852,35255,14,132673
7870,0.00038,172.31.36.0-255,66,35321,14,132673
7871,0.000384,74.125.200.0-255,110,35431,14,132673
7872,0.000495,74.125.200.0-255,1484,36915,14,132673
7873,0.000499,172.31.36.0-255,66,36981,14,132673
7874,0.000511,74.125.200.0-255,2902,39883,14,132673
7875,0.000514,172.31.36.0-255,66,39949,14,132673
7876,0.000538,74.125.200.0-255,2902,42851,14,132673
7877,0.000541,172.31.36.0-255,66,42917,14,132673
7878,0.000545,74.125.200.0-255,1484,44401,14,132673
7879,0.000559,74.125.200.0-255,2902,47303,14,132673
7880,0.000562,172.31.36.0-255,66,47369,14,132673
7881,0.000573,172.31.36.0-255,66,47435,14,132673
7882,0.000584,172.31.36.0-255,66,47501,14,132673
7883,0.00063,172.31.36.0-255,66,47567,14,132673
7884,0.000711,74.125.200.0-255,1484,49051,14,132673
7885,0.000766,74.125.200.0-255,1484,50535,14,132673
7886,0.00077,172.31.36.0-255,66,50601,14,132673
7887,0.000775,74.125.200.0-255,2902,53503,14,132673
7888,0.000777,172.31.36.0-255,66,53569,14,132673
7889,0.000809,172.31.36.0-255,66,53635,14,132673
7890,0.000825,74.125.200.0-255,2902,56537,14,132673
7891,0.000828,172.31.36.0-255,66,56603,14,132673
7892,0.000855,172.31.36.0-255,66,56669,14,132673
7893,0.000865,172.31.36.0-255,66,56735,14,132673
7894,0.000889,74.125.200.0-255,2902,59637,14,132673
7895,0.000892,172.31.36.0-255,66,59703,14,132673
7896,0.000894,74.125.200.0-255,766,60469,14,132673
7897,0.000938,74.125.200.0-255,1484,61953,14,132673
7898,0.000941,172.31.36.0-255,66,62019,14,132673
7899,0.00096,74.125.200.0-255,2902,64921,14,132673
7900,0.000963,172.31.36.0-255,66,64987,14,132673
7901,0.000967,74.125.200.0-255,1484,66471,14,132673
7902,0.00097,74.125.200.0-255,1484,67955,14,132673
7903,0.000972,172.31.36.0-255,66,68021,14,132673
7904,0.000986,74.125.200.0-255,1484,69505,14,132673
7905,0.001013,172.31.36.0-255,66,69571,14,132673
7906,0.001016,74.125.200.0-255,1484,71055,14,132673
7907,0.00104,172.31.36.0-255,66,71121,14,132673
7908,0.00106,74.125.200.0-255,4320,75441,14,132673
7909,0.001063,172.31.36.0-255,66,75507,14,132673
7910,0.001095,74.125.200.0-255,4320,79827,14,132673
7911,0.001099,172.31.36.0-255,66,79893,14,132673
7912,0.001116,74.125.200.0-255,2184,82077,14,132673
7913,0.001119,172.31.36.0-255,66,82143,14,132673
7914,0.001685,74.125.200.0-255,1484,83627,14,132673
7915,0.001694,74.125.200.0-255,2902,86529,14,132673
7916,0.001699,172.31.36.0-255,66,86595,14,132673
7917,0.001707,172.31.36.0-255,66,86661,14,132673
7918,0.001731,74.125.200.0-255,1484,88145,14,132673
7919,0.001751,172.31.36.0-255,66,88211,14,132673
7920,0.001791,74.125.200.0-255,2902,91113,14,132673
7921,0.001794,172.31.36.0-255,66,91179,14,132673
7922,0.00182,172.31.36.0-255,66,91245,14,132673
7923,0.00185,74.125.200.0-255,1484,92729,14,132673
7924,0.001856,74.125.200.0-255,2902,95631,14,132673
7925,0.001859,172.31.36.0-255,66,95697,14,132673
7926,0.001871,74.125.200.0-255,1484,97181,14,132673
7927,0.001887,74.125.200.0-255,4320,101501,14,132673
7928,0.001889,172.31.36.0-255,66,101567,14,132673
7929,0.001892,74.125.200.0-255,1484,103051,14,132673
7930,0.00192,74.125.200.0-255,1484,104535,14,132673
7931,0.001922,172.31.36.0-255,66,104601,14,132673
7932,0.001951,172.31.36.0-255,66,104667,14,132673
7933,0.001961,172.31.36.0-255,66,104733,14,132673
7934,0.001978,74.125.200.0-255,1484,106217,14,132673
7935,0.001982,74.125.200.0-255,1484,107701,14,132673
7936,0.001984,172.31.36.0-255,66,107767,14,132673
7937,0.001999,74.125.200.0-255,2902,110669,14,132673
7938,0.002001,172.31.36.0-255,66,110735,14,132673
7939,0.002033,172.31.36.0-255,66,110801,14,132673
7940,0.002038,74.125.200.0-255,2902,113703,14,132673
7941,0.002039,172.31.36.0-255,66,113769,14,132673
7942,0.002045,74.125.200.0-255,1484,115253,14,132673
7943,0.002076,172.31.36.0-255,66,115319,14,132673
7944,0.002085,172.31.36.0-255,66,115385,14,132673
7945,0.002124,172.31.36.0-255,66,115451,14,132673
7946,0.002132,172.31.36.0-255,66,115517,14,132673
7947,0.002166,172.31.36.0-255,66,115583,14,132673
7948,0.00217,74.125.200.0-255,3602,119185,14,132673
7949,0.002173,172.31.36.0-255,66,119251,14,132673
7950,0.002196,74.125.200.0-255,4320,123571,14,132673
7951,0.002199,172.31.36.0-255,66,123637,14,132673
7952,0.002236,172.31.36.0-255,66,123703,14,132673
7953,0.00224,74.125.200.0-255,2902,126605,14,132673
7954,0.002242,172.31.36.0-255,66,126671,14,132673
7955,0.004408,172.31.36.0-255,66,126737,14,132673
7956,0.006594,172.31.36.0-255,66,126803,14,132673
7957,0.008779,74.125.200.0-255,1484,128287,14,132673
7958,0.0088,74.125.200.0-255,4320,132607,14,132673
7959,0.008804,172.31.36.0-255,66,132673,14,132673
7960,0.0,74.125.130.0-255,153,153,14,48795
7961,1.7e-05,172.31.36.0-255,66,219,14,48795
7962,2.4e-05,74.125.130.0-255,1484,1703,14,48795
7963,2.8e-05,172.31.36.0-255,66,1769,14,48795
7964,6e-05,74.125.130.0-255,2902,4671,14,48795
7965,6.7e-05,172.31.36.0-255,66,4737,14,48795
7966,7e-05,74.125.130.0-255,1484,6221,14,48795
7967,7.3e-05,172.31.36.0-255,66,6287,14,48795
7968,7.8e-05,74.125.130.0-255,2902,9189,14,48795
7969,8.3e-05,74.125.130.0-255,4320,13509,14,48795
7970,8.3e-05,172.31.36.0-255,66,13575,14,48795
7971,8.7e-05,172.31.36.0-255,66,13641,14,48795
7972,0.00011,74.125.130.0-255,2019,15660,14,48795
7973,0.000113,172.31.36.0-255,66,15726,14,48795
7974,0.000118,74.125.130.0-255,4320,20046,14,48795
7975,0.00012,172.31.36.0-255,66,20112,14,48795
7976,0.000134,172.31.36.0-255,66,20178,14,48795
7977,0.000177,172.31.36.0-255,66,20244,14,48795
7978,0.000264,74.125.130.0-255,1484,21728,14,48795
7979,0.000267,172.31.36.0-255,66,21794,14,48795
7980,0.000296,74.125.130.0-255,2902,24696,14,48795
7981,0.000301,172.31.36.0-255,66,24762,14,48795
7982,0.000332,172.31.36.0-255,66,24828,14,48795
7983,0.000386,172.31.36.0-255,66,24894,14,48795
7984,0.000403,172.31.36.0-255,66,24960,14,48795
7985,0.000408,74.125.130.0-255,4320,29280,14,48795
7986,0.000411,172.31.36.0-255,66,29346,14,48795
7987,0.000459,74.125.130.0-255,3602,32948,14,48795
7988,0.000463,172.31.36.0-255,66,33014,14,48795
7989,0.000489,74.125.130.0-255,677,33691,14,48795
7990,0.000781,172.31.36.0-255,66,33757,14,48795
7991,0.001968,74.125.130.0-255,1484,35241,14,48795
7992,0.001977,74.125.130.0-255,1484,36725,14,48795
7993,0.001982,172.31.36.0-255,66,36791,14,48795
7994,0.002008,74.125.130.0-255,1484,38275,14,48795
7995,0.002016,172.31.36.0-255,66,38341,14,48795
7996,0.00202,74.125.130.0-255,1484,39825,14,48795
7997,0.00206,74.125.130.0-255,2902,42727,14,48795
7998,0.002063,172.31.36.0-255,66,42793,14,48795
7999,0.002067,74.125.130.0-255,1484,44277,14,48795
8000,0.004104,74.125.130.0-255,4320,48597,14,48795
8001,0.00411,172.31.36.0-255,66,48663,14,48795
8002,0.006166,172.31.36.0-255,66,48729,14,48795
8003,0.008221,172.31.36.0-255,66,48795,14,48795
8004,0.0,74.125.24.0-255,152,152,14,150117
8005,3e-05,172.31.36.0-255,66,218,14,150117
8006,3.6e-05,74.125.24.0-255,1484,1702,14,150117
8007,4.1e-05,172.31.36.0-255,66,1768,14,150117
8008,4.7e-05,74.125.24.0-255,2902,4670,14,150117
8009,5e-05,172.31.36.0-255,66,4736,14,150117
8010,5.9e-05,172.31.36.0-255,66,4802,14,150117
8011,8.2e-05,74.125.24.0-255,2902,7704,14,150117
8012,8.5e-05,172.31.36.0-255,66,7770,14,150117
8013,9.9e-05,74.125.24.0-255,3429,11199,14,150117
8014,0.000103,172.31.36.0-255,66,11265,14,150117
8015,0.000106,74.125.24.0-255,1484,12749,14,150117
8016,0.000108,172.31.36.0-255,66,12815,14,150117
8017,0.000131,74.125.24.0-255,4320,17135,14,150117
8018,0.000134,172.31.36.0-255,66,17201,14,150117
8019,0.000154,172.31.36.0-255,66,17267,14,150117
8020,0.000158,74.125.24.0-255,2543,19810,14,150117
8021,0.000161,172.31.36.0-255,66,19876,14,150117
8022,0.000232,74.125.24.0-255,1484,21360,14,150117
8023,0.000235,172.31.36.0-255,66,21426,14,150117
8024,0.000239,74.125.24.0-255,1484,22910,14,150117
8025,0.000242,172.31.36.0-255,66,22976,14,150117
8026,0.000253,74.125.24.0-255,1484,24460,14,150117
8027,0.000255,172.31.36.0-255,66,24526,14,150117
8028,0.000258,74.125.24.0-255,1484,26010,14,150117
8029,0.00026,172.31.36.0-255,66,26076,14,150117
8030,0.000284,74.125.24.0-255,4320,30396,14,150117
8031,0.000287,172.31.36.0-255,66,30462,14,150117
8032,0.000302,74.125.24.0-255,4320,34782,14,150117
8033,0.000305,172.31.36.0-255,66,34848,14,150117
8034,0.000346,172.31.36.0-255,66,34914,14,150117
8035,0.000365,172.31.36.0-255,66,34980,14,150117
8036,0.000383,74.125.24.0-255,2848,37828,14,150117
8037,0.000391,172.31.36.0-255,66,37894,14,150117
8038,0.000433,74.125.24.0-255,380,38274,14,150117
8039,0.000732,74.125.24.0-255,1484,39758,14,150117
8040,0.000737,172.31.36.0-255,66,39824,14,150117
8041,0.000743,74.125.24.0-255,2902,42726,14,150117
8042,0.000751,172.31.36.0-255,66,42792,14,150117
8043,0.000765,172.31.36.0-255,66,42858,14,150117
8044,0.0008,172.31.36.0-255,66,42924,14,150117
8045,0.000822,74.125.24.0-255,1484,44408,14,150117
8046,0.000837,172.31.36.0-255,66,44474,14,150117
8047,0.000866,74.125.24.0-255,1484,45958,14,150117
8048,0.000879,74.125.24.0-255,2902,48860,14,150117
8049,0.000886,172.31.36.0-255,66,48926,14,150117
8050,0.000908,172.31.36.0-255,66,48992,14,150117
8051,0.000914,74.125.24.0-255,4320,53312,14,150117
8052,0.000919,74.125.24.0-255,2902,56214,14,150117
8053,0.000922,172.31.36.0-255,66,56280,14,150117
8054,0.000941,74.125.24.0-255,2902,59182,14,150117
8055,0.000947,74.125.24.0-255,4320,63502,14,150117
8056,0.000947,172.31.36.0-255,66,63568,14,150117
8057,0.000951,172.31.36.0-255,66,63634,14,150117
8058,0.000982,74.125.24.0-255,2184,65818,14,150117
8059,0.000983,172.31.36.0-255,66,65884,14,150117
8060,0.000988,172.31.36.0-255,66,65950,14,150117
8061,0.001011,74.125.24.0-255,1484,67434,14,150117
8062,0.001015,74.125.24.0-255,1484,68918,14,150117
8063,0.001022,172.31.36.0-255,66,68984,14,150117
8064,0.001036,74.125.24.0-255,1484,70468,14,150117
8065,0.001054,172.31.36.0-255,66,70534,14,150117
8066,0.001067,74.125.24.0-255,1484,72018,14,150117
8067,0.00108,74.125.24.0-255,2902,74920,14,150117
8068,0.00109,172.31.36.0-255,66,74986,14,150117
8069,0.001095,74.125.24.0-255,4320,79306,14,150117
8070,0.001098,172.31.36.0-255,66,79372,14,150117
8071,0.001117,74.125.24.0-255,1484,80856,14,150117
8072,0.001132,74.125.24.0-255,2184,83040,14,150117
8073,0.001137,172.31.36.0-255,66,83106,14,150117
8074,0.001186,74.125.24.0-255,1484,84590,14,150117
8075,0.001191,74.125.24.0-255,2902,87492,14,150117
8076,0.001199,74.125.24.0-255,1484,88976,14,150117
8077,0.001202,172.31.36.0-255,66,89042,14,150117
8078,0.001237,172.31.36.0-255,66,89108,14,150117
8079,0.001241,172.31.36.0-255,66,89174,14,150117
8080,0.00126,74.125.24.0-255,2184,91358,14,150117
8081,0.001265,172.31.36.0-255,66,91424,14,150117
8082,0.00134,74.125.24.0-255,1484,92908,14,150117
8083,0.001345,74.125.24.0-255,2902,95810,14,150117
8084,0.001352,172.31.36.0-255,66,95876,14,150117
8085,0.001373,74.125.24.0-255,1484,97360,14,150117
8086,0.001378,172.31.36.0-255,66,97426,14,150117
8087,0.00139,74.125.24.0-255,1484,98910,14,150117
8088,0.001404,74.125.24.0-255,4320,103230,14,150117
8089,0.001415,172.31.36.0-255,66,103296,14,150117
8090,0.00145,172.31.36.0-255,66,103362,14,150117
8091,0.001455,172.31.36.0-255,66,103428,14,150117
8092,0.001496,74.125.24.0-255,1484,104912,14,150117
8093,0.001514,74.125.24.0-255,2902,107814,14,150117
8094,0.001518,172.31.36.0-255,66,107880,14,150117
8095,0.001524,74.125.24.0-255,4320,112200,14,150117
8096,0.001533,172.31.36.0-255,66,112266,14,150117
8097,0.001537,74.125.24.0-255,1484,113750,14,150117
8098,0.001567,172.31.36.0-255,66,113816,14,150117
8099,0.001578,74.125.24.0-255,1484,115300,14,150117
8100,0.001583,74.125.24.0-255,4320,119620,14,150117
8101,0.001593,172.31.36.0-255,66,119686,14,150117
8102,0.001609,172.31.36.0-255,66,119752,14,150117
8103,0.003568,74.125.24.0-255,1484,121236,14,150117
8104,0.003579,74.125.24.0-255,2902,124138,14,150117
8105,0.003584,172.31.36.0-255,66,124204,14,150117
8106,0.003605,74.125.24.0-255,2902,127106,14,150117
8107,0.003633,74.125.24.0-255,2902,130008,14,150117
8108,0.003643,74.125.24.0-255,766,130774,14,150117
8109,0.00389,74.125.24.0-255,1484,132258,14,150117
8110,0.003902,74.125.24.0-255,1484,133742,14,150117
8111,0.003927,74.125.24.0-255,1484,135226,14,150117
8112,0.003974,74.125.24.0-255,1484,136710,14,150117
8113,0.004049,74.125.24.0-255,1484,138194,14,150117
8114,0.004063,74.125.24.0-255,2902,141096,14,150117
8115,0.004065,74.125.24.0-255,1484,142580,14,150117
8116,0.004088,74.125.24.0-255,4320,146900,14,150117
8117,0.004095,74.125.24.0-255,1484,148384,14,150117
8118,0.004186,74.125.24.0-255,1484,149868,14,150117
8119,0.004189,172.31.36.0-255,78,149946,14,150117
8120,0.004208,74.125.24.0-255,105,150051,14,150117
8121,0.008747,172.31.36.0-255,66,150117,14,150117
8122,0.0,172.217.194.0-255,153,153,14,131827
8123,2.1e-05,172.217.194.0-255,1484,1637,14,131827
8124,3.1e-05,172.31.36.0-255,66,1703,14,131827
8125,4.1e-05,172.217.194.0-255,2902,4605,14,131827
8126,4.4e-05,172.31.36.0-255,66,4671,14,131827
8127,4.8e-05,172.217.194.0-255,2902,7573,14,131827
8128,5.8e-05,172.31.36.0-255,66,7639,14,131827
8129,6.4e-05,172.217.194.0-255,4320,11959,14,131827
8130,6.7e-05,172.31.36.0-255,66,12025,14,131827
8131,0.000111,172.31.36.0-255,66,12091,14,131827
8132,0.000128,172.31.36.0-255,66,12157,14,131827
8133,0.000154,172.217.194.0-255,1125,13282,14,131827
8134,0.000158,172.217.194.0-255,1484,14766,14,131827
8135,0.00016,172.31.36.0-255,66,14832,14,131827
8136,0.000164,172.217.194.0-255,1484,16316,14,131827
8137,0.000189,172.217.194.0-255,2902,19218,14,131827
8138,0.000191,172.31.36.0-255,66,19284,14,131827
8139,0.000207,172.31.36.0-255,66,19350,14,131827
8140,0.00021,172.217.194.0-255,1125,20475,14,131827
8141,0.000724,172.217.194.0-255,1484,21959,14,131827
8142,0.000731,172.31.36.0-255,66,22025,14,131827
8143,0.000739,172.217.194.0-255,2902,24927,14,131827
8144,0.000741,172.31.36.0-255,66,24993,14,131827
8145,0.000746,172.217.194.0-255,2902,27895,14,131827
8146,0.000753,172.31.36.0-255,66,27961,14,131827
8147,0.000779,172.217.194.0-255,2902,30863,14,131827
8148,0.000781,172.31.36.0-255,66,30929,14,131827
8149,0.000797,172.31.36.0-255,66,30995,14,131827
8150,0.000803,172.217.194.0-255,4320,35315,14,131827
8151,0.000805,172.31.36.0-255,66,35381,14,131827
8152,0.000847,172.31.36.0-255,66,35447,14,131827
8153,0.000853,172.217.194.0-255,3961,39408,14,131827
8154,0.000854,172.31.36.0-255,66,39474,14,131827
8155,0.000866,172.217.194.0-255,4320,43794,14,131827
8156,0.000868,172.31.36.0-255,66,43860,14,131827
8157,0.000894,172.217.194.0-255,4320,48180,14,131827
8158,0.000897,172.31.36.0-255,66,48246,14,131827
8159,0.000928,172.31.36.0-255,66,48312,14,131827
8160,0.000932,172.217.194.0-255,2543,50855,14,131827
8161,0.000934,172.31.36.0-255,66,50921,14,131827
8162,0.000974,172.217.194.0-255,645,51566,14,131827
8163,0.001397,172.217.194.0-255,1484,53050,14,131827
8164,0.001401,172.31.36.0-255,66,53116,14,131827
8165,0.001407,172.217.194.0-255,2902,56018,14,131827
8166,0.001409,172.31.36.0-255,66,56084,14,131827
8167,0.001426,172.217.194.0-255,1484,57568,14,131827
8168,0.001428,172.217.194.0-255,1484,59052,14,131827
8169,0.001434,172.31.36.0-255,66,59118,14,131827
8170,0.001451,172.217.194.0-255,1484,60602,14,131827
8171,0.00146,172.31.36.0-255,66,60668,14,131827
8172,0.001503,172.31.36.0-255,66,60734,14,131827
8173,0.001512,172.31.36.0-255,66,60800,14,131827
8174,0.001575,172.217.194.0-255,1484,62284,14,131827
8175,0.001597,172.217.194.0-255,2902,65186,14,131827
8176,0.0016,172.31.36.0-255,66,65252,14,131827
8177,0.001604,172.217.194.0-255,1484,66736,14,131827
8178,0.001632,172.217.194.0-255,4320,71056,14,131827
8179,0.001634,172.31.36.0-255,66,71122,14,131827
8180,0.001645,172.31.36.0-255,66,71188,14,131827
8181,0.001673,172.217.194.0-255,2902,74090,14,131827
8182,0.001675,172.31.36.0-255,66,74156,14,131827
8183,0.001681,172.217.194.0-255,4320,78476,14,131827
8184,0.001682,172.31.36.0-255,66,78542,14,131827
8185,0.001709,172.31.36.0-255,66,78608,14,131827
8186,0.00176,172.217.194.0-255,4320,82928,14,131827
8187,0.001763,172.31.36.0-255,66,82994,14,131827
8188,0.001772,172.31.36.0-255,66,83060,14,131827
8189,0.001816,172.31.36.0-255,66,83126,14,131827
8190,0.001846,172.217.194.0-255,2902,86028,14,131827
8191,0.001849,172.31.36.0-255,66,86094,14,131827
8192,0.00186,172.31.36.0-255,66,86160,14,131827
8193,0.001872,172.31.36.0-255,66,86226,14,131827
8194,0.001881,172.31.36.0-255,66,86292,14,131827
8195,0.001938,172.31.36.0-255,66,86358,14,131827
8196,0.001949,172.31.36.0-255,66,86424,14,131827
8197,0.001962,172.31.36.0-255,66,86490,14,131827
8198,0.001971,172.31.36.0-255,66,86556,14,131827
8199,0.002065,172.217.194.0-255,1484,88040,14,131827
8200,0.00207,172.31.36.0-255,66,88106,14,131827
8201,0.002073,172.31.36.0-255,66,88172,14,131827
8202,0.002115,172.31.36.0-255,66,88238,14,131827
8203,0.002439,172.217.194.0-255,1484,89722,14,131827
8204,0.002486,172.217.194.0-255,1484,91206,14,131827
8205,0.00249,172.31.36.0-255,66,91272,14,131827
8206,0.002496,172.217.194.0-255,2902,94174,14,131827
8207,0.002498,172.31.36.0-255,66,94240,14,131827
8208,0.002537,172.31.36.0-255,66,94306,14,131827
8209,0.002548,172.31.36.0-255,66,94372,14,131827
8210,0.002583,172.217.194.0-255,1484,95856,14,131827
8211,0.002598,172.31.36.0-255,66,95922,14,131827
8212,0.002677,172.217.194.0-255,1484,97406,14,131827
8213,0.002699,172.217.194.0-255,2902,100308,14,131827
8214,0.002703,172.31.36.0-255,66,100374,14,131827
8215,0.002707,172.217.194.0-255,1484,101858,14,131827
8216,0.002737,172.217.194.0-255,4320,106178,14,131827
8217,0.00274,172.31.36.0-255,66,106244,14,131827
8218,0.002746,172.217.194.0-255,4320,110564,14,131827
8219,0.002748,172.31.36.0-255,66,110630,14,131827
8220,0.002769,172.217.194.0-255,2902,113532,14,131827
8221,0.002771,172.31.36.0-255,66,113598,14,131827
8222,0.002779,172.217.194.0-255,1484,115082,14,131827
8223,0.002816,172.31.36.0-255,66,115148,14,131827
8224,0.002834,172.31.36.0-255,66,115214,14,131827
8225,0.002864,172.217.194.0-255,4320,119534,14,131827
8226,0.002867,172.31.36.0-255,66,119600,14,131827
8227,0.002869,172.217.194.0-255,1484,121084,14,131827
8228,0.002889,172.31.36.0-255,66,121150,14,131827
8229,0.002893,172.217.194.0-255,2184,123334,14,131827
8230,0.002896,172.31.36.0-255,66,123400,14,131827
8231,0.002939,172.31.36.0-255,66,123466,14,131827
8232,0.002972,172.31.36.0-255,66,123532,14,131827
8233,0.002977,172.217.194.0-255,4320,127852,14,131827
8234,0.002979,172.31.36.0-255,66,127918,14,131827
8235,0.003003,172.217.194.0-255,3567,131485,14,131827
8236,0.003005,172.31.36.0-255,66,131551,14,131827
8237,0.003009,172.217.194.0-255,105,131656,14,131827
8238,0.004804,172.31.36.0-255,105,131761,14,131827
8239,0.006702,172.217.194.0-255,66,131827,14,131827
8240,0.0,172.217.194.0-255,144,144,14,87829
8241,2.5e-05,172.217.194.0-255,1484,1628,14,87829
8242,3.2e-05,172.31.36.0-255,66,1694,14,87829
8243,3.9e-05,172.217.194.0-255,2902,4596,14,87829
8244,4.2e-05,172.31.36.0-255,66,4662,14,87829
8245,6.2e-05,172.31.36.0-255,66,4728,14,87829
8246,6.6e-05,172.217.194.0-255,2001,6729,14,87829
8247,6.9e-05,172.31.36.0-255,66,6795,14,87829
8248,0.000102,172.217.194.0-255,2902,9697,14,87829
8249,0.000106,172.31.36.0-255,66,9763,14,87829
8250,0.000112,172.217.194.0-255,4320,14083,14,87829
8251,0.000114,172.31.36.0-255,66,14149,14,87829
8252,0.000116,172.217.194.0-255,1484,15633,14,87829
8253,0.00015,172.31.36.0-255,66,15699,14,87829
8254,0.000157,172.217.194.0-255,4320,20019,14,87829
8255,0.00016,172.31.36.0-255,66,20085,14,87829
8256,0.000198,172.31.36.0-255,66,20151,14,87829
8257,0.000207,172.31.36.0-255,66,20217,14,87829
8258,0.000491,172.217.194.0-255,1484,21701,14,87829
8259,0.000497,172.217.194.0-255,2902,24603,14,87829
8260,0.000501,172.31.36.0-255,66,24669,14,87829
8261,0.000505,172.217.194.0-255,1484,26153,14,87829
8262,0.000535,172.217.194.0-255,4320,30473,14,87829
8263,0.000538,172.31.36.0-255,66,30539,14,87829
8264,0.000575,172.31.36.0-255,66,30605,14,87829
8265,0.000703,172.217.194.0-255,1484,32089,14,87829
8266,0.00071,172.217.194.0-255,2902,34991,14,87829
8267,0.000715,172.217.194.0-255,4320,39311,14,87829
8268,0.000716,172.31.36.0-255,66,39377,14,87829
8269,0.000722,172.31.36.0-255,66,39443,14,87829
8270,0.000735,172.217.194.0-255,1484,40927,14,87829
8271,0.000741,172.217.194.0-255,4320,45247,14,87829
8272,0.000744,172.31.36.0-255,66,45313,14,87829
8273,0.000788,172.31.36.0-255,66,45379,14,87829
8274,0.000801,172.31.36.0-255,66,45445,14,87829
8275,0.001047,172.217.194.0-255,1484,46929,14,87829
8276,0.001054,172.217.194.0-255,2902,49831,14,87829
8277,0.001058,172.31.36.0-255,66,49897,14,87829
8278,0.001068,172.31.36.0-255,66,49963,14,87829
8279,0.001071,172.217.194.0-255,1484,51447,14,87829
8280,0.001115,172.31.36.0-255,66,51513,14,87829
8281,0.001137,172.217.194.0-255,2184,53697,14,87829
8282,0.001137,172.31.36.0-255,66,53763,14,87829
8283,0.001141,172.31.36.0-255,66,53829,14,87829
8284,0.001487,172.217.194.0-255,1484,55313,14,87829
8285,0.001498,172.217.194.0-255,2902,58215,14,87829
8286,0.001503,172.31.36.0-255,66,58281,14,87829
8287,0.001513,172.31.36.0-255,66,58347,14,87829
8288,0.001516,172.217.194.0-255,1484,59831,14,87829
8289,0.00157,172.31.36.0-255,66,59897,14,87829
8290,0.00159,172.31.36.0-255,66,59963,14,87829
8291,0.001618,172.217.194.0-255,1484,61447,14,87829
8292,0.001655,172.217.194.0-255,2902,64349,14,87829
8293,0.001659,172.31.36.0-255,66,64415,14,87829
8294,0.00167,172.31.36.0-255,66,64481,14,87829
8295,0.001688,172.31.36.0-255,66,64547,14,87829
8296,0.001693,172.217.194.0-255,2902,67449,14,87829
8297,0.001695,172.31.36.0-255,66,67515,14,87829
8298,0.001746,172.31.36.0-255,66,67581,14,87829
8299,0.001885,172.217.194.0-255,1484,69065,14,87829
8300,0.001891,172.217.194.0-255,2902,71967,14,87829
8301,0.001895,172.31.36.0-255,66,72033,14,87829
8302,0.0019,172.217.194.0-255,1484,73517,14,87829
8303,0.001934,172.217.194.0-255,4320,77837,14,87829
8304,0.001939,172.31.36.0-255,66,77903,14,87829
8305,0.00195,172.31.36.0-255,66,77969,14,87829
8306,0.001999,172.31.36.0-255,66,78035,14,87829
8307,0.002028,172.31.36.0-255,66,78101,14,87829
8308,0.002037,172.31.36.0-255,66,78167,14,87829
8309,0.002129,172.31.36.0-255,66,78233,14,87829
8310,0.002132,172.217.194.0-255,1484,79717,14,87829
8311,0.002155,172.31.36.0-255,66,79783,14,87829
8312,0.002167,172.31.36.0-255,66,79849,14,87829
8313,0.002208,172.31.36.0-255,66,79915,14,87829
8314,0.002223,172.31.36.0-255,66,79981,14,87829
8315,0.002236,172.31.36.0-255,66,80047,14,87829
8316,0.002294,172.217.194.0-255,1484,81531,14,87829
8317,0.002299,172.217.194.0-255,2902,84433,14,87829
8318,0.002303,172.31.36.0-255,66,84499,14,87829
8319,0.002329,172.31.36.0-255,66,84565,14,87829
8320,0.002355,172.31.36.0-255,66,84631,14,87829
8321,0.002365,172.217.194.0-255,2202,86833,14,87829
8322,0.002371,172.31.36.0-255,66,86899,14,87829
8323,0.002382,172.217.194.0-255,105,87004,14,87829
8324,0.002397,172.217.194.0-255,129,87133,14,87829
8325,0.00401,172.31.36.0-255,105,87238,14,87829
8326,0.004051,172.31.36.0-255,105,87343,14,87829
8327,0.00426,172.31.36.0-255,90,87433,14,87829
8328,0.00427,172.31.36.0-255,66,87499,14,87829
8329,0.006603,172.217.194.0-255,66,87565,14,87829
8330,0.006635,172.217.194.0-255,66,87631,14,87829
8331,0.006855,172.217.194.0-255,66,87697,14,87829
8332,0.00707,172.217.194.0-255,66,87763,14,87829
8333,0.007079,172.31.36.0-255,66,87829,14,87829
8334,0.0,74.125.24.0-255,152,152,14,76156
8335,3.3e-05,172.31.36.0-255,66,218,14,76156
8336,4e-05,74.125.24.0-255,1484,1702,14,76156
8337,4.4e-05,172.31.36.0-255,66,1768,14,76156
8338,4.9e-05,74.125.24.0-255,2902,4670,14,76156
8339,5.1e-05,172.31.36.0-255,66,4736,14,76156
8340,7e-05,172.31.36.0-255,66,4802,14,76156
8341,0.000106,172.31.36.0-255,66,4868,14,76156
8342,0.000139,74.125.24.0-255,1484,6352,14,76156
8343,0.000141,172.31.36.0-255,66,6418,14,76156
8344,0.000181,172.31.36.0-255,66,6484,14,76156
8345,0.001193,74.125.24.0-255,1484,7968,14,76156
8346,0.001201,172.31.36.0-255,66,8034,14,76156
8347,0.001228,74.125.24.0-255,2902,10936,14,76156
8348,0.001231,172.31.36.0-255,66,11002,14,76156
8349,0.00124,172.31.36.0-255,66,11068,14,76156
8350,0.001245,74.125.24.0-255,4320,15388,14,76156
8351,0.001247,172.31.36.0-255,66,15454,14,76156
8352,0.00128,74.125.24.0-255,2902,18356,14,76156
8353,0.001284,172.31.36.0-255,66,18422,14,76156
8354,0.001306,172.31.36.0-255,66,18488,14,76156
8355,0.001311,74.125.24.0-255,2184,20672,14,76156
8356,0.001313,172.31.36.0-255,66,20738,14,76156
8357,0.001351,74.125.24.0-255,396,21134,14,76156
8358,0.001354,172.31.36.0-255,66,21200,14,76156
8359,0.001379,74.125.24.0-255,1484,22684,14,76156
8360,0.001382,172.31.36.0-255,66,22750,14,76156
8361,0.001386,74.125.24.0-255,2902,25652,14,76156
8362,0.001397,172.31.36.0-255,66,25718,14,76156
8363,0.001409,74.125.24.0-255,1484,27202,14,76156
8364,0.001438,74.125.24.0-255,4320,31522,14,76156
8365,0.001448,172.31.36.0-255,66,31588,14,76156
8366,0.001453,172.31.36.0-255,66,31654,14,76156
8367,0.001459,74.125.24.0-255,2902,34556,14,76156
8368,0.001466,172.31.36.0-255,66,34622,14,76156
8369,0.001492,74.125.24.0-255,2902,37524,14,76156
8370,0.001502,172.31.36.0-255,66,37590,14,76156
8371,0.001515,172.31.36.0-255,66,37656,14,76156
8372,0.001529,74.125.24.0-255,3602,41258,14,76156
8373,0.001538,172.31.36.0-255,66,41324,14,76156
8374,0.001621,74.125.24.0-255,1484,42808,14,76156
8375,0.001646,74.125.24.0-255,2902,45710,14,76156
8376,0.00165,172.31.36.0-255,66,45776,14,76156
8377,0.001654,74.125.24.0-255,1484,47260,14,76156
8378,0.001673,74.125.24.0-255,4320,51580,14,76156
8379,0.001678,172.31.36.0-255,66,51646,14,76156
8380,0.001736,172.31.36.0-255,66,51712,14,76156
8381,0.001795,172.31.36.0-255,66,51778,14,76156
8382,0.002539,74.125.24.0-255,1484,53262,14,76156
8383,0.002558,74.125.24.0-255,2902,56164,14,76156
8384,0.002561,172.31.36.0-255,66,56230,14,76156
8385,0.002567,74.125.24.0-255,4320,60550,14,76156
8386,0.002572,172.31.36.0-255,66,60616,14,76156
8387,0.002598,74.125.24.0-255,1484,62100,14,76156
8388,0.002612,74.125.24.0-255,2902,65002,14,76156
8389,0.002625,172.31.36.0-255,66,65068,14,76156
8390,0.002626,74.125.24.0-255,4320,69388,14,76156
8391,0.00263,172.31.36.0-255,66,69454,14,76156
8392,0.002663,74.125.24.0-255,4320,73774,14,76156
8393,0.002667,74.125.24.0-255,2184,75958,14,76156
8394,0.002674,172.31.36.0-255,66,76024,14,76156
8395,0.005273,172.31.36.0-255,66,76090,14,76156
8396,0.007752,172.31.36.0-255,66,76156,14,76156
8397,0.0,172.31.36.0-255,66,66,14,66
8398,0.0,172.217.194.0-255,153,153,14,67571
8399,3.7e-05,172.31.36.0-255,66,219,14,67571
8400,4.5e-05,172.217.194.0-255,1484,1703,14,67571
8401,5e-05,172.31.36.0-255,66,1769,14,67571
8402,5.3e-05,172.217.194.0-255,1484,3253,14,67571
8403,5.5e-05,172.31.36.0-255,66,3319,14,67571
8404,6.9e-05,172.217.194.0-255,4320,7639,14,67571
8405,7.3e-05,172.31.36.0-255,66,7705,14,67571
8406,0.00011,172.31.36.0-255,66,7771,14,67571
8407,0.000208,172.217.194.0-255,4320,12091,14,67571
8408,0.000213,172.31.36.0-255,66,12157,14,67571
8409,0.00024,172.217.194.0-255,4320,16477,14,67571
8410,0.000242,172.31.36.0-255,66,16543,14,67571
8411,0.000295,172.217.194.0-255,3961,20504,14,67571
8412,0.000299,172.31.36.0-255,66,20570,14,67571
8413,0.000326,172.217.194.0-255,2902,23472,14,67571
8414,0.00033,172.31.36.0-255,66,23538,14,67571
8415,0.000372,172.31.36.0-255,66,23604,14,67571
8416,0.000479,172.217.194.0-255,4320,27924,14,67571
8417,0.000483,172.31.36.0-255,66,27990,14,67571
8418,0.000523,172.31.36.0-255,66,28056,14,67571
8419,0.000653,172.217.194.0-255,395,28451,14,67571
8420,0.000657,172.31.36.0-255,66,28517,14,67571
8421,0.000686,172.217.194.0-255,1484,30001,14,67571
8422,0.000689,172.31.36.0-255,66,30067,14,67571
8423,0.000694,172.217.194.0-255,2902,32969,14,67571
8424,0.000698,172.31.36.0-255,66,33035,14,67571
8425,0.000715,172.217.194.0-255,1484,34519,14,67571
8426,0.000718,172.31.36.0-255,66,34585,14,67571
8427,0.000755,172.31.36.0-255,66,34651,14,67571
8428,0.000785,172.217.194.0-255,2902,37553,14,67571
8429,0.000789,172.31.36.0-255,66,37619,14,67571
8430,0.000862,172.31.36.0-255,66,37685,14,67571
8431,0.000903,172.31.36.0-255,66,37751,14,67571
8432,0.001042,172.217.194.0-255,4320,42071,14,67571
8433,0.001046,172.31.36.0-255,66,42137,14,67571
8434,0.001081,172.31.36.0-255,66,42203,14,67571
8435,0.001181,172.31.36.0-255,66,42269,14,67571
8436,0.001219,172.31.36.0-255,66,42335,14,67571
8437,0.001366,172.31.36.0-255,66,42401,14,67571
8438,0.001406,172.31.36.0-255,66,42467,14,67571
8439,0.001646,172.31.36.0-255,66,42533,14,67571
8440,0.001676,172.217.194.0-255,3602,46135,14,67571
8441,0.00168,172.31.36.0-255,66,46201,14,67571
8442,0.001738,172.217.194.0-255,2902,49103,14,67571
8443,0.001741,172.31.36.0-255,66,49169,14,67571
8444,0.001778,172.31.36.0-255,66,49235,14,67571
8445,0.001999,172.31.36.0-255,66,49301,14,67571
8446,0.002091,172.217.194.0-255,4320,53621,14,67571
8447,0.002096,172.31.36.0-255,66,53687,14,67571
8448,0.002131,172.31.36.0-255,66,53753,14,67571
8449,0.00224,172.31.36.0-255,66,53819,14,67571
8450,0.002287,172.31.36.0-255,66,53885,14,67571
8451,0.002516,172.31.36.0-255,66,53951,14,67571
8452,0.002569,172.31.36.0-255,66,54017,14,67571
8453,0.002591,172.31.36.0-255,66,54083,14,67571
8454,0.00281,172.31.36.0-255,66,54149,14,67571
8455,0.002852,172.31.36.0-255,66,54215,14,67571
8456,0.003011,172.217.194.0-255,2902,57117,14,67571
8457,0.003014,172.31.36.0-255,66,57183,14,67571
8458,0.003043,172.31.36.0-255,66,57249,14,67571
8459,0.005223,172.217.194.0-255,4320,61569,14,67571
8460,0.005227,172.31.36.0-255,66,61635,14,67571
8461,0.005251,172.217.194.0-255,1484,63119,14,67571
8462,0.00745,172.217.194.0-255,4320,67439,14,67571
8463,0.007461,172.31.36.0-255,66,67505,14,67571
8464,0.009653,172.31.36.0-255,66,67571,14,67571
8465,0.0,172.217.194.0-255,153,153,14,141107
8466,2.4e-05,172.31.36.0-255,66,219,14,141107
8467,3.2e-05,172.217.194.0-255,1484,1703,14,141107
8468,3.7e-05,172.31.36.0-255,66,1769,14,141107
8469,4.3e-05,172.217.194.0-255,2902,4671,14,141107
8470,4.7e-05,172.31.36.0-255,66,4737,14,141107
8471,5.7e-05,172.31.36.0-255,66,4803,14,141107
8472,6.1e-05,172.217.194.0-255,2046,6849,14,141107
8473,6.4e-05,172.31.36.0-255,66,6915,14,141107
8474,9.9e-05,172.217.194.0-255,1484,8399,14,141107
8475,0.000102,172.31.36.0-255,66,8465,14,141107
8476,0.000108,172.217.194.0-255,2902,11367,14,141107
8477,0.00011,172.31.36.0-255,66,11433,14,141107
8478,0.000131,172.31.36.0-255,66,11499,14,141107
8479,0.000177,172.217.194.0-255,2902,14401,14,141107
8480,0.00018,172.31.36.0-255,66,14467,14,141107
8481,0.000214,172.31.36.0-255,66,14533,14,141107
8482,0.000225,172.31.36.0-255,66,14599,14,141107
8483,0.000248,172.217.194.0-255,1484,16083,14,141107
8484,0.000251,172.31.36.0-255,66,16149,14,141107
8485,0.000255,172.217.194.0-255,2902,19051,14,141107
8486,0.000258,172.31.36.0-255,66,19117,14,141107
8487,0.000284,172.31.36.0-255,66,19183,14,141107
8488,0.000288,172.217.194.0-255,2902,22085,14,141107
8489,0.00029,172.31.36.0-255,66,22151,14,141107
8490,0.000353,172.217.194.0-255,3961,26112,14,141107
8491,0.000358,172.31.36.0-255,66,26178,14,141107
8492,0.000381,172.217.194.0-255,676,26854,14,141107
8493,0.000862,172.217.194.0-255,1484,28338,14,141107
8494,0.000867,172.31.36.0-255,66,28404,14,141107
8495,0.000873,172.217.194.0-255,2902,31306,14,141107
8496,0.000875,172.31.36.0-255,66,31372,14,141107
8497,0.00088,172.217.194.0-255,2902,34274,14,141107
8498,0.000882,172.31.36.0-255,66,34340,14,141107
8499,0.000917,172.217.194.0-255,2902,37242,14,141107
8500,0.00092,172.31.36.0-255,66,37308,14,141107
8501,0.000934,172.31.36.0-255,66,37374,14,141107
8502,0.000958,172.217.194.0-255,4320,41694,14,141107
8503,0.000961,172.31.36.0-255,66,41760,14,141107
8504,0.000988,172.31.36.0-255,66,41826,14,141107
8505,0.000992,172.217.194.0-255,1484,43310,14,141107
8506,0.001014,172.217.194.0-255,2902,46212,14,141107
8507,0.001016,172.31.36.0-255,66,46278,14,141107
8508,0.001035,172.217.194.0-255,2902,49180,14,141107
8509,0.001039,172.31.36.0-255,66,49246,14,141107
8510,0.001056,172.217.194.0-255,2902,52148,14,141107
8511,0.001059,172.31.36.0-255,66,52214,14,141107
8512,0.001064,172.217.194.0-255,4320,56534,14,141107
8513,0.001066,172.31.36.0-255,66,56600,14,141107
8514,0.001099,172.31.36.0-255,66,56666,14,141107
8515,0.001118,172.217.194.0-255,2902,59568,14,141107
8516,0.001121,172.31.36.0-255,66,59634,14,141107
8517,0.001157,172.31.36.0-255,66,59700,14,141107
8518,0.001199,172.31.36.0-255,66,59766,14,141107
8519,0.001214,172.217.194.0-255,2902,62668,14,141107
8520,0.001216,172.31.36.0-255,66,62734,14,141107
8521,0.001227,172.31.36.0-255,66,62800,14,141107
8522,0.001239,172.31.36.0-255,66,62866,14,141107
8523,0.001259,172.217.194.0-255,2184,65050,14,141107
8524,0.001262,172.31.36.0-255,66,65116,14,141107
8525,0.001265,172.217.194.0-255,1484,66600,14,141107
8526,0.001292,172.217.194.0-255,2902,69502,14,141107
8527,0.001295,172.31.36.0-255,66,69568,14,141107
8528,0.001304,172.31.36.0-255,66,69634,14,141107
8529,0.001309,172.217.194.0-255,4320,73954,14,141107
8530,0.001311,172.31.36.0-255,66,74020,14,141107
8531,0.001344,172.31.36.0-255,66,74086,14,141107
8532,0.00137,172.217.194.0-255,1484,75570,14,141107
8533,0.001402,172.31.36.0-255,66,75636,14,141107
8534,0.001567,172.217.194.0-255,1484,77120,14,141107
8535,0.001571,172.217.194.0-255,1484,78604,14,141107
8536,0.001575,172.31.36.0-255,66,78670,14,141107
8537,0.001593,172.217.194.0-255,1484,80154,14,141107
8538,0.001602,172.31.36.0-255,66,80220,14,141107
8539,0.001613,172.31.36.0-255,66,80286,14,141107
8540,0.001642,172.217.194.0-255,4320,84606,14,141107
8541,0.001645,172.31.36.0-255,66,84672,14,141107
8542,0.001658,172.31.36.0-255,66,84738,14,141107
8543,0.001661,172.217.194.0-255,766,85504,14,141107
8544,0.00173,172.217.194.0-255,1484,86988,14,141107
8545,0.001735,172.31.36.0-255,66,87054,14,141107
8546,0.001751,172.217.194.0-255,2902,89956,14,141107
8547,0.001755,172.31.36.0-255,66,90022,14,141107
8548,0.001779,172.31.36.0-255,66,90088,14,141107
8549,0.001817,172.31.36.0-255,66,90154,14,141107
8550,0.001839,172.217.194.0-255,2902,93056,14,141107
8551,0.001842,172.31.36.0-255,66,93122,14,141107
8552,0.001855,172.31.36.0-255,66,93188,14,141107
8553,0.002053,172.217.194.0-255,1484,94672,14,141107
8554,0.002067,172.217.194.0-255,2902,97574,14,141107
8555,0.00207,172.31.36.0-255,66,97640,14,141107
8556,0.002075,172.217.194.0-255,4320,101960,14,141107
8557,0.002077,172.31.36.0-255,66,102026,14,141107
8558,0.002088,172.217.194.0-255,1484,103510,14,141107
8559,0.002094,172.217.194.0-255,4320,107830,14,141107
8560,0.002097,172.31.36.0-255,66,107896,14,141107
8561,0.00212,172.217.194.0-255,2902,110798,14,141107
8562,0.002123,172.31.36.0-255,66,110864,14,141107
8563,0.002133,172.31.36.0-255,66,110930,14,141107
8564,0.002157,172.31.36.0-255,66,110996,14,141107
8565,0.002191,172.217.194.0-255,1484,112480,14,141107
8566,0.002196,172.217.194.0-255,1484,113964,14,141107
8567,0.002198,172.31.36.0-255,66,114030,14,141107
8568,0.002213,172.217.194.0-255,1484,115514,14,141107
8569,0.002222,172.31.36.0-255,66,115580,14,141107
8570,0.002239,172.217.194.0-255,4320,119900,14,141107
8571,0.002241,172.31.36.0-255,66,119966,14,141107
8572,0.002274,172.31.36.0-255,66,120032,14,141107
8573,0.002334,172.31.36.0-255,66,120098,14,141107
8574,0.002386,172.217.194.0-255,2902,123000,14,141107
8575,0.002389,172.31.36.0-255,66,123066,14,141107
8576,0.002409,172.217.194.0-255,1484,124550,14,141107
8577,0.003703,172.31.36.0-255,101,124651,14,141107
8578,0.004629,172.217.194.0-255,1484,126135,14,141107
8579,0.004711,172.217.194.0-255,2902,129037,14,141107
8580,0.004716,172.31.36.0-255,66,129103,14,141107
8581,0.006008,172.217.194.0-255,1484,130587,14,141107
8582,0.007021,172.217.194.0-255,1484,132071,14,141107
8583,0.007025,172.31.36.0-255,66,132137,14,141107
8584,0.007043,172.217.194.0-255,2902,135039,14,141107
8585,0.007045,172.31.36.0-255,66,135105,14,141107
8586,0.009326,172.217.194.0-255,2902,138007,14,141107
8587,0.009333,172.31.36.0-255,66,138073,14,141107
8588,0.009386,172.217.194.0-255,1484,139557,14,141107
8589,0.009397,172.217.194.0-255,1484,141041,14,141107
8590,0.0094,172.31.36.0-255,66,141107,14,141107
8591,0.0,74.125.24.0-255,66,66,14,66
8592,0.0,74.125.24.0-255,153,153,14,103047
8593,3.2e-05,172.31.36.0-255,66,219,14,103047
8594,3.9e-05,74.125.24.0-255,1484,1703,14,103047
8595,4.3e-05,172.31.36.0-255,66,1769,14,103047
8596,4.7e-05,74.125.24.0-255,2902,4671,14,103047
8597,5e-05,172.31.36.0-255,66,4737,14,103047
8598,6e-05,172.31.36.0-255,66,4803,14,103047
8599,6.3e-05,74.125.24.0-255,1484,6287,14,103047
8600,6.5e-05,172.31.36.0-255,66,6353,14,103047
8601,9.4e-05,172.31.36.0-255,66,6419,14,103047
8602,0.000105,172.31.36.0-255,66,6485,14,103047
8603,0.000128,74.125.24.0-255,2902,9387,14,103047
8604,0.000132,172.31.36.0-255,66,9453,14,103047
8605,0.000155,172.31.36.0-255,66,9519,14,103047
8606,0.000176,172.31.36.0-255,66,9585,14,103047
8607,0.000195,74.125.24.0-255,4320,13905,14,103047
8608,0.000197,172.31.36.0-255,66,13971,14,103047
8609,0.000222,74.125.24.0-255,2902,16873,14,103047
8610,0.000225,172.31.36.0-255,66,16939,14,103047
8611,0.000236,172.31.36.0-255,66,17005,14,103047
8612,0.00024,74.125.24.0-255,1502,18507,14,103047
8613,0.000242,172.31.36.0-255,66,18573,14,103047
8614,0.000359,74.125.24.0-255,1484,20057,14,103047
8615,0.000364,172.31.36.0-255,66,20123,14,103047
8616,0.000369,74.125.24.0-255,2902,23025,14,103047
8617,0.000373,172.31.36.0-255,66,23091,14,103047
8618,0.000376,74.125.24.0-255,1484,24575,14,103047
8619,0.000399,74.125.24.0-255,4320,28895,14,103047
8620,0.000403,172.31.36.0-255,66,28961,14,103047
8621,0.000412,172.31.36.0-255,66,29027,14,103047
8622,0.000434,74.125.24.0-255,1484,30511,14,103047
8623,0.000449,74.125.24.0-255,2448,32959,14,103047
8624,0.000451,172.31.36.0-255,66,33025,14,103047
8625,0.000455,172.31.36.0-255,66,33091,14,103047
8626,0.000691,74.125.24.0-255,1484,34575,14,103047
8627,0.000708,74.125.24.0-255,2902,37477,14,103047
8628,0.000711,172.31.36.0-255,66,37543,14,103047
8629,0.000737,172.31.36.0-255,66,37609,14,103047
8630,0.000766,172.31.36.0-255,66,37675,14,103047
8631,0.000807,172.31.36.0-255,66,37741,14,103047
8632,0.000829,74.125.24.0-255,1484,39225,14,103047
8633,0.000844,172.31.36.0-255,66,39291,14,103047
8634,0.000872,172.31.36.0-255,66,39357,14,103047
8635,0.000883,172.31.36.0-255,66,39423,14,103047
8636,0.000968,74.125.24.0-255,1484,40907,14,103047
8637,0.000981,74.125.24.0-255,2902,43809,14,103047
8638,0.000985,172.31.36.0-255,66,43875,14,103047
8639,0.001004,74.125.24.0-255,1484,45359,14,103047
8640,0.001028,74.125.24.0-255,4320,49679,14,103047
8641,0.001031,172.31.36.0-255,66,49745,14,103047
8642,0.001046,172.31.36.0-255,66,49811,14,103047
8643,0.001054,172.31.36.0-255,66,49877,14,103047
8644,0.001071,74.125.24.0-255,1484,51361,14,103047
8645,0.001092,74.125.24.0-255,2184,53545,14,103047
8646,0.001095,172.31.36.0-255,66,53611,14,103047
8647,0.001101,74.125.24.0-255,4320,57931,14,103047
8648,0.001104,74.125.24.0-255,2902,60833,14,103047
8649,0.001105,172.31.36.0-255,66,60899,14,103047
8650,0.001108,172.31.36.0-255,66,60965,14,103047
8651,0.001142,172.31.36.0-255,66,61031,14,103047
8652,0.001159,172.31.36.0-255,66,61097,14,103047
8653,0.001162,74.125.24.0-255,766,61863,14,103047
8654,0.00128,74.125.24.0-255,1484,63347,14,103047
8655,0.001284,172.31.36.0-255,66,63413,14,103047
8656,0.001289,74.125.24.0-255,2902,66315,14,103047
8657,0.001292,172.31.36.0-255,66,66381,14,103047
8658,0.001296,74.125.24.0-255,1484,67865,14,103047
8659,0.001309,74.125.24.0-255,4320,72185,14,103047
8660,0.001313,172.31.36.0-255,66,72251,14,103047
8661,0.001347,172.31.36.0-255,66,72317,14,103047
8662,0.001371,74.125.24.0-255,4320,76637,14,103047
8663,0.001374,172.31.36.0-255,66,76703,14,103047
8664,0.001385,172.31.36.0-255,66,76769,14,103047
8665,0.001388,74.125.24.0-255,766,77535,14,103047
8666,0.001409,74.125.24.0-255,1484,79019,14,103047
8667,0.001413,172.31.36.0-255,66,79085,14,103047
8668,0.001413,74.125.24.0-255,2902,81987,14,103047
8669,0.001416,172.31.36.0-255,66,82053,14,103047
8670,0.001424,74.125.24.0-255,1484,83537,14,103047
8671,0.001448,172.31.36.0-255,66,83603,14,103047
8672,0.001467,74.125.24.0-255,2902,86505,14,103047
8673,0.00147,172.31.36.0-255,66,86571,14,103047
8674,0.001488,172.31.36.0-255,66,86637,14,103047
8675,0.0015,74.125.24.0-255,2184,88821,14,103047
8676,0.001503,172.31.36.0-255,66,88887,14,103047
8677,0.001554,172.31.36.0-255,66,88953,14,103047
8678,0.001595,74.125.24.0-255,4320,93273,14,103047
8679,0.001598,172.31.36.0-255,66,93339,14,103047
8680,0.001617,74.125.24.0-255,2902,96241,14,103047
8681,0.00162,172.31.36.0-255,66,96307,14,103047
8682,0.001635,172.31.36.0-255,66,96373,14,103047
8683,0.001646,172.31.36.0-255,66,96439,14,103047
8684,0.001667,172.31.36.0-255,66,96505,14,103047
8685,0.001679,172.31.36.0-255,66,96571,14,103047
8686,0.001727,74.125.24.0-255,1484,98055,14,103047
8687,0.001732,74.125.24.0-255,2902,100957,14,103047
8688,0.001735,172.31.36.0-255,66,101023,14,103047
8689,0.001744,172.31.36.0-255,66,101089,14,103047
8690,0.001772,172.31.36.0-255,66,101155,14,103047
8691,0.001793,74.125.24.0-255,1484,102639,14,103047
8692,0.001825,172.31.36.0-255,66,102705,14,103047
8693,0.001847,74.125.24.0-255,105,102810,14,103047
8694,0.003501,172.31.36.0-255,66,102876,14,103047
8695,0.003529,172.31.36.0-255,105,102981,14,103047
8696,0.005822,74.125.24.0-255,66,103047,14,103047
8697,0.0,172.217.24.0-255,150,150,14,67636
8698,2.5e-05,172.31.36.0-255,66,216,14,67636
8699,3.2e-05,172.217.24.0-255,1484,1700,14,67636
8700,3.8e-05,172.31.36.0-255,66,1766,14,67636
8701,5.2e-05,172.217.24.0-255,2902,4668,14,67636
8702,5.4e-05,172.31.36.0-255,66,4734,14,67636
8703,6.6e-05,172.31.36.0-255,66,4800,14,67636
8704,7.1e-05,172.217.24.0-255,2075,6875,14,67636
8705,7.3e-05,172.31.36.0-255,66,6941,14,67636
8706,0.000106,172.217.24.0-255,1484,8425,14,67636
8707,0.000109,172.31.36.0-255,66,8491,14,67636
8708,0.000114,172.217.24.0-255,2902,11393,14,67636
8709,0.000116,172.31.36.0-255,66,11459,14,67636
8710,0.00015,172.31.36.0-255,66,11525,14,67636
8711,0.000159,172.31.36.0-255,66,11591,14,67636
8712,0.000178,172.217.24.0-255,1125,12716,14,67636
8713,0.00018,172.31.36.0-255,66,12782,14,67636
8714,0.000211,172.217.24.0-255,1484,14266,14,67636
8715,0.000213,172.31.36.0-255,66,14332,14,67636
8716,0.000219,172.217.24.0-255,4320,18652,14,67636
8717,0.000221,172.31.36.0-255,66,18718,14,67636
8718,0.000247,172.31.36.0-255,66,18784,14,67636
8719,0.000274,172.217.24.0-255,4320,23104,14,67636
8720,0.000276,172.31.36.0-255,66,23170,14,67636
8721,0.000293,172.217.24.0-255,1125,24295,14,67636
8722,0.000295,172.31.36.0-255,66,24361,14,67636
8723,0.000549,172.217.24.0-255,1484,25845,14,67636
8724,0.000554,172.31.36.0-255,66,25911,14,67636
8725,0.000559,172.217.24.0-255,1484,27395,14,67636
8726,0.000582,172.217.24.0-255,1484,28879,14,67636
8727,0.000584,172.31.36.0-255,66,28945,14,67636
8728,0.000594,172.31.36.0-255,66,29011,14,67636
8729,0.000605,172.31.36.0-255,66,29077,14,67636
8730,0.000628,172.217.24.0-255,361,29438,14,67636
8731,0.001111,172.217.24.0-255,1484,30922,14,67636
8732,0.001116,172.31.36.0-255,66,30988,14,67636
8733,0.001123,172.217.24.0-255,2902,33890,14,67636
8734,0.001125,172.31.36.0-255,66,33956,14,67636
8735,0.00114,172.31.36.0-255,66,34022,14,67636
8736,0.001179,172.31.36.0-255,66,34088,14,67636
8737,0.001231,172.217.24.0-255,1484,35572,14,67636
8738,0.001246,172.217.24.0-255,2902,38474,14,67636
8739,0.001249,172.31.36.0-255,66,38540,14,67636
8740,0.001255,172.217.24.0-255,2902,41442,14,67636
8741,0.001257,172.31.36.0-255,66,41508,14,67636
8742,0.001292,172.217.24.0-255,2902,44410,14,67636
8743,0.001294,172.31.36.0-255,66,44476,14,67636
8744,0.001305,172.31.36.0-255,66,44542,14,67636
8745,0.001315,172.31.36.0-255,66,44608,14,67636
8746,0.001347,172.31.36.0-255,66,44674,14,67636
8747,0.001351,172.217.24.0-255,1484,46158,14,67636
8748,0.001378,172.217.24.0-255,1156,47314,14,67636
8749,0.001383,172.31.36.0-255,66,47380,14,67636
8750,0.001461,172.217.24.0-255,1484,48864,14,67636
8751,0.001466,172.217.24.0-255,2902,51766,14,67636
8752,0.001468,172.31.36.0-255,66,51832,14,67636
8753,0.001472,172.217.24.0-255,1484,53316,14,67636
8754,0.001498,172.217.24.0-255,4320,57636,14,67636
8755,0.0015,172.31.36.0-255,66,57702,14,67636
8756,0.001538,172.31.36.0-255,66,57768,14,67636
8757,0.001565,172.31.36.0-255,66,57834,14,67636
8758,0.001574,172.31.36.0-255,66,57900,14,67636
8759,0.001579,172.217.24.0-255,3602,61502,14,67636
8760,0.001581,172.31.36.0-255,66,61568,14,67636
8761,0.003501,172.217.24.0-255,1484,63052,14,67636
8762,0.003529,172.217.24.0-255,4320,67372,14,67636
8763,0.003535,172.31.36.0-255,66,67438,14,67636
8764,0.005794,172.31.36.0-255,66,67504,14,67636
8765,0.007749,172.31.36.0-255,66,67570,14,67636
8766,0.009705,172.31.36.0-255,66,67636,14,67636
8767,0.0,172.217.194.0-255,66,66,14,66
8768,0.0,74.125.68.0-255,153,153,14,138675
8769,3.1e-05,74.125.68.0-255,1484,1637,14,138675
8770,3.9e-05,172.31.36.0-255,66,1703,14,138675
8771,4.7e-05,74.125.68.0-255,2902,4605,14,138675
8772,5e-05,172.31.36.0-255,66,4671,14,138675
8773,6.6e-05,172.31.36.0-255,66,4737,14,138675
8774,9.4e-05,74.125.68.0-255,3420,8157,14,138675
8775,0.000101,172.31.36.0-255,66,8223,14,138675
8776,0.000213,74.125.68.0-255,1484,9707,14,138675
8777,0.000239,74.125.68.0-255,1484,11191,14,138675
8778,0.000242,172.31.36.0-255,66,11257,14,138675
8779,0.000248,74.125.68.0-255,2902,14159,14,138675
8780,0.000251,172.31.36.0-255,66,14225,14,138675
8781,0.000261,74.125.68.0-255,4320,18545,14,138675
8782,0.000264,172.31.36.0-255,66,18611,14,138675
8783,0.000289,74.125.68.0-255,1484,20095,14,138675
8784,0.000302,172.31.36.0-255,66,20161,14,138675
8785,0.000394,74.125.68.0-255,1484,21645,14,138675
8786,0.0004,74.125.68.0-255,2902,24547,14,138675
8787,0.000403,172.31.36.0-255,66,24613,14,138675
8788,0.000435,172.31.36.0-255,66,24679,14,138675
8789,0.000439,74.125.68.0-255,2902,27581,14,138675
8790,0.000442,172.31.36.0-255,66,27647,14,138675
8791,0.00049,74.125.68.0-255,3961,31608,14,138675
8792,0.000493,172.31.36.0-255,66,31674,14,138675
8793,0.001095,74.125.68.0-255,1484,33158,14,138675
8794,0.001103,74.125.68.0-255,1484,34642,14,138675
8795,0.001107,172.31.36.0-255,66,34708,14,138675
8796,0.001114,74.125.68.0-255,2902,37610,14,138675
8797,0.001116,172.31.36.0-255,66,37676,14,138675
8798,0.00112,74.125.68.0-255,1484,39160,14,138675
8799,0.001162,74.125.68.0-255,4320,43480,14,138675
8800,0.001165,172.31.36.0-255,66,43546,14,138675
8801,0.001175,172.31.36.0-255,66,43612,14,138675
8802,0.001204,74.125.68.0-255,1484,45096,14,138675
8803,0.001209,74.125.68.0-255,2902,47998,14,138675
8804,0.001211,172.31.36.0-255,66,48064,14,138675
8805,0.001243,172.31.36.0-255,66,48130,14,138675
8806,0.001277,172.31.36.0-255,66,48196,14,138675
8807,0.0013,74.125.68.0-255,1484,49680,14,138675
8808,0.001316,74.125.68.0-255,2902,52582,14,138675
8809,0.001319,172.31.36.0-255,66,52648,14,138675
8810,0.001325,74.125.68.0-255,4320,56968,14,138675
8811,0.001327,172.31.36.0-255,66,57034,14,138675
8812,0.001347,74.125.68.0-255,1484,58518,14,138675
8813,0.00136,172.31.36.0-255,66,58584,14,138675
8814,0.001385,74.125.68.0-255,645,59229,14,138675
8815,0.001891,74.125.68.0-255,1484,60713,14,138675
8816,0.001898,172.31.36.0-255,66,60779,14,138675
8817,0.001904,74.125.68.0-255,2902,63681,14,138675
8818,0.001907,172.31.36.0-255,66,63747,14,138675
8819,0.001918,74.125.68.0-255,2902,66649,14,138675
8820,0.001921,172.31.36.0-255,66,66715,14,138675
8821,0.001949,74.125.68.0-255,1484,68199,14,138675
8822,0.00196,172.31.36.0-255,66,68265,14,138675
8823,0.001972,172.31.36.0-255,66,68331,14,138675
8824,0.001987,172.31.36.0-255,66,68397,14,138675
8825,0.00199,74.125.68.0-255,766,69163,14,138675
8826,0.003401,74.125.68.0-255,1484,70647,14,138675
8827,0.003407,172.31.36.0-255,66,70713,14,138675
8828,0.003445,74.125.68.0-255,1484,72197,14,138675
8829,0.00345,74.125.68.0-255,2902,75099,14,138675
8830,0.003453,172.31.36.0-255,66,75165,14,138675
8831,0.003475,172.31.36.0-255,66,75231,14,138675
8832,0.003504,74.125.68.0-255,4320,79551,14,138675
8833,0.003506,172.31.36.0-255,66,79617,14,138675
8834,0.003531,74.125.68.0-255,1484,81101,14,138675
8835,0.003534,74.125.68.0-255,1484,82585,14,138675
8836,0.003536,172.31.36.0-255,66,82651,14,138675
8837,0.003559,74.125.68.0-255,1484,84135,14,138675
8838,0.003567,172.31.36.0-255,66,84201,14,138675
8839,0.003598,172.31.36.0-255,66,84267,14,138675
8840,0.003621,74.125.68.0-255,2184,86451,14,138675
8841,0.003623,172.31.36.0-255,66,86517,14,138675
8842,0.003815,74.125.68.0-255,1484,88001,14,138675
8843,0.003859,74.125.68.0-255,1484,89485,14,138675
8844,0.003862,172.31.36.0-255,66,89551,14,138675
8845,0.003868,74.125.68.0-255,2902,92453,14,138675
8846,0.003869,172.31.36.0-255,66,92519,14,138675
8847,0.003883,172.31.36.0-255,66,92585,14,138675
8848,0.003899,74.125.68.0-255,1484,94069,14,138675
8849,0.003909,172.31.36.0-255,66,94135,14,138675
8850,0.003914,74.125.68.0-255,2902,97037,14,138675
8851,0.003917,172.31.36.0-255,66,97103,14,138675
8852,0.003946,74.125.68.0-255,4320,101423,14,138675
8853,0.003948,172.31.36.0-255,66,101489,14,138675
8854,0.003959,172.31.36.0-255,66,101555,14,138675
8855,0.003986,74.125.68.0-255,766,102321,14,138675
8856,0.003998,172.31.36.0-255,66,102387,14,138675
8857,0.004009,172.31.36.0-255,66,102453,14,138675
8858,0.004023,172.31.36.0-255,66,102519,14,138675
8859,0.004058,172.31.36.0-255,66,102585,14,138675
8860,0.004083,74.125.68.0-255,2902,105487,14,138675
8861,0.004085,172.31.36.0-255,66,105553,14,138675
8862,0.004119,172.31.36.0-255,66,105619,14,138675
8863,0.004137,172.31.36.0-255,66,105685,14,138675
8864,0.004174,74.125.68.0-255,4320,110005,14,138675
8865,0.004177,172.31.36.0-255,66,110071,14,138675
8866,0.004194,172.31.36.0-255,66,110137,14,138675
8867,0.004198,74.125.68.0-255,2184,112321,14,138675
8868,0.004201,172.31.36.0-255,66,112387,14,138675
8869,0.005004,74.125.68.0-255,1484,113871,14,138675
8870,0.005009,74.125.68.0-255,1484,115355,14,138675
8871,0.005013,172.31.36.0-255,66,115421,14,138675
8872,0.005019,74.125.68.0-255,2902,118323,14,138675
8873,0.005021,172.31.36.0-255,66,118389,14,138675
8874,0.005065,172.31.36.0-255,66,118455,14,138675
8875,0.005068,74.125.68.0-255,1484,119939,14,138675
8876,0.005072,74.125.68.0-255,2902,122841,14,138675
8877,0.005074,172.31.36.0-255,66,122907,14,138675
8878,0.005109,172.31.36.0-255,66,122973,14,138675
8879,0.005115,74.125.68.0-255,4320,127293,14,138675
8880,0.005117,172.31.36.0-255,66,127359,14,138675
8881,0.005144,74.125.68.0-255,1484,128843,14,138675
8882,0.005154,172.31.36.0-255,66,128909,14,138675
8883,0.005163,172.31.36.0-255,66,128975,14,138675
8884,0.005171,74.125.68.0-255,1484,130459,14,138675
8885,0.005207,172.31.36.0-255,66,130525,14,138675
8886,0.005224,172.31.36.0-255,66,130591,14,138675
8887,0.00525,74.125.68.0-255,1484,132075,14,138675
8888,0.005276,172.31.36.0-255,66,132141,14,138675
8889,0.005312,172.31.36.0-255,66,132207,14,138675
8890,0.00532,74.125.68.0-255,1484,133691,14,138675
8891,0.005382,172.31.36.0-255,66,133757,14,138675
8892,0.00541,172.31.36.0-255,66,133823,14,138675
8893,0.005415,74.125.68.0-255,4320,138143,14,138675
8894,0.005418,172.31.36.0-255,66,138209,14,138675
8895,0.005432,172.31.36.0-255,66,138275,14,138675
8896,0.005476,172.31.36.0-255,66,138341,14,138675
8897,0.005514,172.31.36.0-255,66,138407,14,138675
8898,0.005524,172.31.36.0-255,66,138473,14,138675
8899,0.005535,74.125.68.0-255,97,138570,14,138675
8900,0.005575,74.125.68.0-255,105,138675,14,138675
8901,0.0,172.217.194.0-255,153,153,14,79028
8902,2.3e-05,172.31.36.0-255,66,219,14,79028
8903,3e-05,172.217.194.0-255,1484,1703,14,79028
8904,3.5e-05,172.31.36.0-255,66,1769,14,79028
8905,4.2e-05,172.217.194.0-255,2902,4671,14,79028
8906,4.5e-05,172.31.36.0-255,66,4737,14,79028
8907,5.6e-05,172.31.36.0-255,66,4803,14,79028
8908,6.6e-05,172.31.36.0-255,66,4869,14,79028
8909,9.3e-05,172.31.36.0-255,66,4935,14,79028
8910,0.000122,172.31.36.0-255,66,5001,14,79028
8911,0.000155,172.217.194.0-255,1484,6485,14,79028
8912,0.000158,172.31.36.0-255,66,6551,14,79028
8913,0.000162,172.217.194.0-255,2902,9453,14,79028
8914,0.000165,172.31.36.0-255,66,9519,14,79028
8915,0.000171,172.217.194.0-255,4320,13839,14,79028
8916,0.000174,172.31.36.0-255,66,13905,14,79028
8917,0.000207,172.217.194.0-255,1484,15389,14,79028
8918,0.000209,172.31.36.0-255,66,15455,14,79028
8919,0.000223,172.31.36.0-255,66,15521,14,79028
8920,0.000233,172.31.36.0-255,66,15587,14,79028
8921,0.000257,172.217.194.0-255,3947,19534,14,79028
8922,0.000259,172.31.36.0-255,66,19600,14,79028
8923,0.000381,172.217.194.0-255,1484,21084,14,79028
8924,0.000386,172.31.36.0-255,66,21150,14,79028
8925,0.000392,172.217.194.0-255,2902,24052,14,79028
8926,0.000395,172.31.36.0-255,66,24118,14,79028
8927,0.0004,172.217.194.0-255,4320,28438,14,79028
8928,0.000403,172.31.36.0-255,66,28504,14,79028
8929,0.000426,172.217.194.0-255,1484,29988,14,79028
8930,0.000436,172.31.36.0-255,66,30054,14,79028
8931,0.000447,172.31.36.0-255,66,30120,14,79028
8932,0.000476,172.31.36.0-255,66,30186,14,79028
8933,0.000501,172.31.36.0-255,66,30252,14,79028
8934,0.000507,172.217.194.0-255,4320,34572,14,79028
8935,0.00051,172.31.36.0-255,66,34638,14,79028
8936,0.000532,172.31.36.0-255,66,34704,14,79028
8937,0.000542,172.31.36.0-255,66,34770,14,79028
8938,0.000599,172.31.36.0-255,66,34836,14,79028
8939,0.000624,172.31.36.0-255,66,34902,14,79028
8940,0.000627,172.217.194.0-255,1484,36386,14,79028
8941,0.000643,172.217.194.0-255,2902,39288,14,79028
8942,0.000646,172.31.36.0-255,66,39354,14,79028
8943,0.000655,172.31.36.0-255,66,39420,14,79028
8944,0.000677,172.217.194.0-255,4320,43740,14,79028
8945,0.00068,172.31.36.0-255,66,43806,14,79028
8946,0.000701,172.31.36.0-255,66,43872,14,79028
8947,0.000731,172.31.36.0-255,66,43938,14,79028
8948,0.000768,172.31.36.0-255,66,44004,14,79028
8949,0.000783,172.31.36.0-255,66,44070,14,79028
8950,0.000814,172.31.36.0-255,66,44136,14,79028
8951,0.00086,172.31.36.0-255,66,44202,14,79028
8952,0.000871,172.31.36.0-255,66,44268,14,79028
8953,0.001004,172.217.194.0-255,1484,45752,14,79028
8954,0.00102,172.217.194.0-255,2902,48654,14,79028
8955,0.001023,172.31.36.0-255,66,48720,14,79028
8956,0.001033,172.31.36.0-255,66,48786,14,79028
8957,0.001037,172.217.194.0-255,2902,51688,14,79028
8958,0.00104,172.31.36.0-255,66,51754,14,79028
8959,0.001067,172.217.194.0-255,4320,56074,14,79028
8960,0.001071,172.31.36.0-255,66,56140,14,79028
8961,0.001085,172.31.36.0-255,66,56206,14,79028
8962,0.001115,172.31.36.0-255,66,56272,14,79028
8963,0.001119,172.217.194.0-255,2184,58456,14,79028
8964,0.001121,172.31.36.0-255,66,58522,14,79028
8965,0.001126,172.217.194.0-255,2902,61424,14,79028
8966,0.001128,172.31.36.0-255,66,61490,14,79028
8967,0.001134,172.217.194.0-255,4320,65810,14,79028
8968,0.001136,172.31.36.0-255,66,65876,14,79028
8969,0.001152,172.217.194.0-255,2902,68778,14,79028
8970,0.001169,172.31.36.0-255,66,68844,14,79028
8971,0.001173,172.31.36.0-255,66,68910,14,79028
8972,0.001197,172.217.194.0-255,2902,71812,14,79028
8973,0.0012,172.31.36.0-255,66,71878,14,79028
8974,0.001228,172.31.36.0-255,66,71944,14,79028
8975,0.00129,172.31.36.0-255,66,72010,14,79028
8976,0.001302,172.31.36.0-255,66,72076,14,79028
8977,0.001321,172.217.194.0-255,4320,76396,14,79028
8978,0.001325,172.31.36.0-255,66,76462,14,79028
8979,0.001367,172.31.36.0-255,66,76528,14,79028
8980,0.00138,172.31.36.0-255,66,76594,14,79028
8981,0.001398,172.31.36.0-255,66,76660,14,79028
8982,0.001409,172.31.36.0-255,66,76726,14,79028
8983,0.00144,172.31.36.0-255,66,76792,14,79028
8984,0.001444,172.217.194.0-255,1936,78728,14,79028
8985,0.001446,172.31.36.0-255,66,78794,14,79028
8986,0.001461,172.217.194.0-255,105,78899,14,79028
8987,0.001555,172.217.194.0-255,129,79028,14,79028
8988,0.0,172.31.36.0-255,130,130,14,1688
8989,0.001387,172.31.36.0-255,236,366,14,1688
8990,0.001414,172.31.36.0-255,366,732,14,1688
8991,0.002891,172.217.194.0-255,630,1362,14,1688
8992,0.00308,172.31.36.0-255,97,1459,14,1688
8993,0.003582,172.217.194.0-255,66,1525,14,1688
8994,0.004355,172.217.194.0-255,97,1622,14,1688
8995,0.009581,172.217.194.0-255,66,1688,14,1688
8996,0.0,74.125.200.0-255,152,152,14,27124
8997,2.3e-05,172.31.36.0-255,66,218,14,27124
8998,3.1e-05,74.125.200.0-255,1484,1702,14,27124
8999,3.6e-05,172.31.36.0-255,66,1768,14,27124
9000,4.9e-05,74.125.200.0-255,2902,4670,14,27124
9001,5.2e-05,172.31.36.0-255,66,4736,14,27124
9002,7.3e-05,74.125.200.0-255,1484,6220,14,27124
9003,7.6e-05,172.31.36.0-255,66,6286,14,27124
9004,0.000108,74.125.200.0-255,4320,10606,14,27124
9005,0.000111,172.31.36.0-255,66,10672,14,27124
9006,0.000195,74.125.200.0-255,3439,14111,14,27124
9007,0.000199,172.31.36.0-255,66,14177,14,27124
9008,0.000264,172.31.36.0-255,66,14243,14,27124
9009,0.000288,74.125.200.0-255,1484,15727,14,27124
9010,0.00029,172.31.36.0-255,66,15793,14,27124
9011,0.000472,74.125.200.0-255,4320,20113,14,27124
9012,0.000477,172.31.36.0-255,66,20179,14,27124
9013,0.000555,74.125.200.0-255,2902,23081,14,27124
9014,0.00056,172.31.36.0-255,66,23147,14,27124
9015,0.000597,172.31.36.0-255,66,23213,14,27124
9016,0.000902,172.31.36.0-255,66,23279,14,27124
9017,0.001044,172.31.36.0-255,66,23345,14,27124
9018,0.001067,74.125.200.0-255,349,23694,14,27124
9019,0.00108,172.31.36.0-255,66,23760,14,27124
9020,0.00123,74.125.200.0-255,2902,26662,14,27124
9021,0.001235,172.31.36.0-255,66,26728,14,27124
9022,0.001297,172.31.36.0-255,66,26794,14,27124
9023,0.001345,172.31.36.0-255,66,26860,14,27124
9024,0.001758,172.31.36.0-255,66,26926,14,27124
9025,0.004448,172.31.36.0-255,66,26992,14,27124
9026,0.006719,172.31.36.0-255,66,27058,14,27124
9027,0.00899,172.31.36.0-255,66,27124,14,27124
9028,0.0,74.125.24.0-255,165,165,14,74734
9029,2.4e-05,172.31.36.0-255,66,231,14,74734
9030,3.1e-05,74.125.24.0-255,1484,1715,14,74734
9031,3.6e-05,172.31.36.0-255,66,1781,14,74734
9032,4.2e-05,74.125.24.0-255,2902,4683,14,74734
9033,4.6e-05,172.31.36.0-255,66,4749,14,74734
9034,5.8e-05,172.31.36.0-255,66,4815,14,74734
9035,7.7e-05,74.125.24.0-255,2085,6900,14,74734
9036,7.9e-05,172.31.36.0-255,66,6966,14,74734
9037,0.000262,74.125.24.0-255,1484,8450,14,74734
9038,0.000267,172.31.36.0-255,66,8516,14,74734
9039,0.000273,74.125.24.0-255,2902,11418,14,74734
9040,0.000276,172.31.36.0-255,66,11484,14,74734
9041,0.000286,172.31.36.0-255,66,11550,14,74734
9042,0.000337,74.125.24.0-255,2902,14452,14,74734
9043,0.000339,172.31.36.0-255,66,14518,14,74734
9044,0.000356,74.125.24.0-255,3961,18479,14,74734
9045,0.000359,172.31.36.0-255,66,18545,14,74734
9046,0.000653,74.125.24.0-255,1484,20029,14,74734
9047,0.000658,172.31.36.0-255,66,20095,14,74734
9048,0.000664,74.125.24.0-255,2902,22997,14,74734
9049,0.000667,172.31.36.0-255,66,23063,14,74734
9050,0.000676,172.31.36.0-255,66,23129,14,74734
9051,0.000727,172.31.36.0-255,66,23195,14,74734
9052,0.000747,74.125.24.0-255,2902,26097,14,74734
9053,0.000749,172.31.36.0-255,66,26163,14,74734
9054,0.000765,74.125.24.0-255,4320,30483,14,74734
9055,0.000767,172.31.36.0-255,66,30549,14,74734
9056,0.00081,74.125.24.0-255,3961,34510,14,74734
9057,0.000817,172.31.36.0-255,66,34576,14,74734
9058,0.00087,74.125.24.0-255,359,34935,14,74734
9059,0.000916,74.125.24.0-255,383,35318,14,74734
9060,0.001006,74.125.24.0-255,1484,36802,14,74734
9061,0.00101,172.31.36.0-255,66,36868,14,74734
9062,0.001016,74.125.24.0-255,2902,39770,14,74734
9063,0.001018,74.125.24.0-255,1484,41254,14,74734
9064,0.001036,74.125.24.0-255,4320,45574,14,74734
9065,0.001043,172.31.36.0-255,66,45640,14,74734
9066,0.001076,74.125.24.0-255,2902,48542,14,74734
9067,0.001104,172.31.36.0-255,66,48608,14,74734
9068,0.001114,172.31.36.0-255,66,48674,14,74734
9069,0.001124,74.125.24.0-255,2902,51576,14,74734
9070,0.001156,172.31.36.0-255,66,51642,14,74734
9071,0.001526,74.125.24.0-255,1484,53126,14,74734
9072,0.001531,74.125.24.0-255,1484,54610,14,74734
9073,0.001534,172.31.36.0-255,66,54676,14,74734
9074,0.001557,74.125.24.0-255,1484,56160,14,74734
9075,0.001566,172.31.36.0-255,66,56226,14,74734
9076,0.001572,74.125.24.0-255,4320,60546,14,74734
9077,0.001574,172.31.36.0-255,66,60612,14,74734
9078,0.001625,172.31.36.0-255,66,60678,14,74734
9079,0.001638,74.125.24.0-255,3602,64280,14,74734
9080,0.001663,172.31.36.0-255,66,64346,14,74734
9081,0.003864,74.125.24.0-255,1484,65830,14,74734
9082,0.003902,74.125.24.0-255,2902,68732,14,74734
9083,0.003907,172.31.36.0-255,66,68798,14,74734
9084,0.003925,74.125.24.0-255,1484,70282,14,74734
9085,0.006153,74.125.24.0-255,4320,74602,14,74734
9086,0.006156,172.31.36.0-255,66,74668,14,74734
9087,0.008436,172.31.36.0-255,66,74734,14,74734
9088,0.0,172.217.194.0-255,152,152,14,80561
9089,2.2e-05,172.31.36.0-255,66,218,14,80561
9090,2.9e-05,172.217.194.0-255,1484,1702,14,80561
9091,3.4e-05,172.31.36.0-255,66,1768,14,80561
9092,4.1e-05,172.217.194.0-255,2902,4670,14,80561
9093,5.3e-05,172.31.36.0-255,66,4736,14,80561
9094,6.3e-05,172.31.36.0-255,66,4802,14,80561
9095,7.7e-05,172.31.36.0-255,66,4868,14,80561
9096,0.000113,172.31.36.0-255,66,4934,14,80561
9097,0.000147,172.217.194.0-255,1484,6418,14,80561
9098,0.00015,172.31.36.0-255,66,6484,14,80561
9099,0.000154,172.217.194.0-255,1125,7609,14,80561
9100,0.000156,172.31.36.0-255,66,7675,14,80561
9101,0.000179,172.217.194.0-255,1484,9159,14,80561
9102,0.000181,172.31.36.0-255,66,9225,14,80561
9103,0.000186,172.217.194.0-255,2902,12127,14,80561
9104,0.000188,172.31.36.0-255,66,12193,14,80561
9105,0.000202,172.31.36.0-255,66,12259,14,80561
9106,0.000248,172.31.36.0-255,66,12325,14,80561
9107,0.00026,172.31.36.0-255,66,12391,14,80561
9108,0.000281,172.217.194.0-255,1376,13767,14,80561
9109,0.000283,172.31.36.0-255,66,13833,14,80561
9110,0.000309,172.217.194.0-255,115,13948,14,80561
9111,0.000311,172.31.36.0-255,66,14014,14,80561
9112,0.000336,172.217.194.0-255,385,14399,14,80561
9113,0.000339,172.31.36.0-255,66,14465,14,80561
9114,0.000742,172.217.194.0-255,1484,15949,14,80561
9115,0.00075,172.217.194.0-255,2902,18851,14,80561
9116,0.000755,172.31.36.0-255,66,18917,14,80561
9117,0.000766,172.31.36.0-255,66,18983,14,80561
9118,0.000812,172.31.36.0-255,66,19049,14,80561
9119,0.000844,172.217.194.0-255,2902,21951,14,80561
9120,0.000847,172.31.36.0-255,66,22017,14,80561
9121,0.000864,172.31.36.0-255,66,22083,14,80561
9122,0.000866,172.217.194.0-255,766,22849,14,80561
9123,0.001174,172.217.194.0-255,1484,24333,14,80561
9124,0.001178,172.31.36.0-255,66,24399,14,80561
9125,0.001184,172.217.194.0-255,2902,27301,14,80561
9126,0.001186,172.31.36.0-255,66,27367,14,80561
9127,0.0012,172.31.36.0-255,66,27433,14,80561
9128,0.001206,172.217.194.0-255,4320,31753,14,80561
9129,0.001208,172.31.36.0-255,66,31819,14,80561
9130,0.001241,172.217.194.0-255,4320,36139,14,80561
9131,0.001244,172.31.36.0-255,66,36205,14,80561
9132,0.00128,172.31.36.0-255,66,36271,14,80561
9133,0.001312,172.31.36.0-255,66,36337,14,80561
9134,0.001554,172.217.194.0-255,1484,37821,14,80561
9135,0.00156,172.217.194.0-255,2902,40723,14,80561
9136,0.001563,172.31.36.0-255,66,40789,14,80561
9137,0.001573,172.31.36.0-255,66,40855,14,80561
9138,0.001602,172.31.36.0-255,66,40921,14,80561
9139,0.001636,172.217.194.0-255,4320,45241,14,80561
9140,0.001639,172.31.36.0-255,66,45307,14,80561
9141,0.001655,172.31.36.0-255,66,45373,14,80561
9142,0.001697,172.31.36.0-255,66,45439,14,80561
9143,0.001707,172.31.36.0-255,66,45505,14,80561
9144,0.001739,172.31.36.0-255,66,45571,14,80561
9145,0.00175,172.31.36.0-255,66,45637,14,80561
9146,0.001821,172.31.36.0-255,66,45703,14,80561
9147,0.001861,172.31.36.0-255,66,45769,14,80561
9148,0.001878,172.31.36.0-255,66,45835,14,80561
9149,0.001887,172.31.36.0-255,66,45901,14,80561
9150,0.001897,172.31.36.0-255,66,45967,14,80561
9151,0.001942,172.31.36.0-255,66,46033,14,80561
9152,0.001966,172.217.194.0-255,1484,47517,14,80561
9153,0.001977,172.31.36.0-255,66,47583,14,80561
9154,0.002036,172.217.194.0-255,1484,49067,14,80561
9155,0.00204,172.217.194.0-255,1484,50551,14,80561
9156,0.002043,172.31.36.0-255,66,50617,14,80561
9157,0.002068,172.217.194.0-255,1484,52101,14,80561
9158,0.00208,172.31.36.0-255,66,52167,14,80561
9159,0.002096,172.217.194.0-255,4320,56487,14,80561
9160,0.002118,172.31.36.0-255,66,56553,14,80561
9161,0.002157,172.31.36.0-255,66,56619,14,80561
9162,0.002177,172.31.36.0-255,66,56685,14,80561
9163,0.002293,172.217.194.0-255,1484,58169,14,80561
9164,0.002299,172.217.194.0-255,2902,61071,14,80561
9165,0.002309,172.217.194.0-255,1484,62555,14,80561
9166,0.002324,172.217.194.0-255,4320,66875,14,80561
9167,0.002329,172.31.36.0-255,66,66941,14,80561
9168,0.002337,172.217.194.0-255,1484,68425,14,80561
9169,0.002374,172.217.194.0-255,1484,69909,14,80561
9170,0.002398,172.31.36.0-255,66,69975,14,80561
9171,0.002453,172.31.36.0-255,66,70041,14,80561
9172,0.002488,172.31.36.0-255,66,70107,14,80561
9173,0.002521,172.31.36.0-255,66,70173,14,80561
9174,0.00494,172.31.36.0-255,66,70239,14,80561
9175,0.00737,172.217.194.0-255,4320,74559,14,80561
9176,0.007376,172.31.36.0-255,66,74625,14,80561
9177,0.007405,172.217.194.0-255,1484,76109,14,80561
9178,0.009803,172.217.194.0-255,2902,79011,14,80561
9179,0.009811,172.31.36.0-255,66,79077,14,80561
9180,0.00984,172.217.194.0-255,1484,80561,14,80561
9181,0.0,74.125.24.0-255,152,152,14,80088
9182,1.4e-05,172.31.36.0-255,66,218,14,80088
9183,4.8e-05,74.125.24.0-255,1484,1702,14,80088
9184,5.3e-05,172.31.36.0-255,66,1768,14,80088
9185,5.9e-05,74.125.24.0-255,2902,4670,14,80088
9186,6.3e-05,172.31.36.0-255,66,4736,14,80088
9187,8e-05,172.31.36.0-255,66,4802,14,80088
9188,0.000103,74.125.24.0-255,2902,7704,14,80088
9189,0.000106,172.31.36.0-255,66,7770,14,80088
9190,0.000149,172.31.36.0-255,66,7836,14,80088
9191,0.000153,74.125.24.0-255,2543,10379,14,80088
9192,0.000156,172.31.36.0-255,66,10445,14,80088
9193,0.000186,74.125.24.0-255,2902,13347,14,80088
9194,0.000189,172.31.36.0-255,66,13413,14,80088
9195,0.000194,74.125.24.0-255,4320,17733,14,80088
9196,0.000197,172.31.36.0-255,66,17799,14,80088
9197,0.000237,172.31.36.0-255,66,17865,14,80088
9198,0.000271,172.31.36.0-255,66,17931,14,80088
9199,0.000299,172.31.36.0-255,66,17997,14,80088
9200,0.000302,74.125.24.0-255,401,18398,14,80088
9201,0.000305,172.31.36.0-255,66,18464,14,80088
9202,0.000337,74.125.24.0-255,373,18837,14,80088
9203,0.00034,172.31.36.0-255,66,18903,14,80088
9204,0.000447,74.125.24.0-255,1484,20387,14,80088
9205,0.000452,172.31.36.0-255,66,20453,14,80088
9206,0.000458,74.125.24.0-255,2902,23355,14,80088
9207,0.000461,172.31.36.0-255,66,23421,14,80088
9208,0.000467,74.125.24.0-255,4320,27741,14,80088
9209,0.000474,172.31.36.0-255,66,27807,14,80088
9210,0.000502,74.125.24.0-255,1484,29291,14,80088
9211,0.000523,172.31.36.0-255,66,29357,14,80088
9212,0.000533,172.31.36.0-255,66,29423,14,80088
9213,0.000575,74.125.24.0-255,1125,30548,14,80088
9214,0.001111,74.125.24.0-255,1484,32032,14,80088
9215,0.001117,74.125.24.0-255,2902,34934,14,80088
9216,0.001119,74.125.24.0-255,1484,36418,14,80088
9217,0.001125,172.31.36.0-255,66,36484,14,80088
9218,0.001129,172.31.36.0-255,66,36550,14,80088
9219,0.001156,74.125.24.0-255,4320,40870,14,80088
9220,0.001159,172.31.36.0-255,66,40936,14,80088
9221,0.001178,172.31.36.0-255,66,41002,14,80088
9222,0.001187,172.31.36.0-255,66,41068,14,80088
9223,0.001223,74.125.24.0-255,2902,43970,14,80088
9224,0.001226,172.31.36.0-255,66,44036,14,80088
9225,0.00123,74.125.24.0-255,2184,46220,14,80088
9226,0.001233,172.31.36.0-255,66,46286,14,80088
9227,0.001297,74.125.24.0-255,2902,49188,14,80088
9228,0.001302,172.31.36.0-255,66,49254,14,80088
9229,0.001313,172.31.36.0-255,66,49320,14,80088
9230,0.00133,172.31.36.0-255,66,49386,14,80088
9231,0.001341,172.31.36.0-255,66,49452,14,80088
9232,0.001381,172.31.36.0-255,66,49518,14,80088
9233,0.001394,172.31.36.0-255,66,49584,14,80088
9234,0.00141,172.31.36.0-255,66,49650,14,80088
9235,0.001435,74.125.24.0-255,1484,51134,14,80088
9236,0.001459,172.31.36.0-255,66,51200,14,80088
9237,0.001498,172.31.36.0-255,66,51266,14,80088
9238,0.001504,74.125.24.0-255,3602,54868,14,80088
9239,0.001506,172.31.36.0-255,66,54934,14,80088
9240,0.001555,74.125.24.0-255,1484,56418,14,80088
9241,0.001559,74.125.24.0-255,1484,57902,14,80088
9242,0.001562,172.31.36.0-255,66,57968,14,80088
9243,0.001597,74.125.24.0-255,1484,59452,14,80088
9244,0.001607,172.31.36.0-255,66,59518,14,80088
9245,0.00161,74.125.24.0-255,1484,61002,14,80088
9246,0.00163,172.31.36.0-255,66,61068,14,80088
9247,0.001678,172.31.36.0-255,66,61134,14,80088
9248,0.001707,172.31.36.0-255,66,61200,14,80088
9249,0.001749,74.125.24.0-255,1484,62684,14,80088
9250,0.001781,172.31.36.0-255,66,62750,14,80088
9251,0.0018,172.31.36.0-255,66,62816,14,80088
9252,0.001881,74.125.24.0-255,1484,64300,14,80088
9253,0.001886,74.125.24.0-255,1484,65784,14,80088
9254,0.001889,172.31.36.0-255,66,65850,14,80088
9255,0.001919,74.125.24.0-255,1484,67334,14,80088
9256,0.001928,172.31.36.0-255,66,67400,14,80088
9257,0.001943,172.31.36.0-255,66,67466,14,80088
9258,0.00196,172.31.36.0-255,66,67532,14,80088
9259,0.001985,74.125.24.0-255,766,68298,14,80088
9260,0.002017,74.125.24.0-255,4320,72618,14,80088
9261,0.00202,172.31.36.0-255,66,72684,14,80088
9262,0.00205,74.125.24.0-255,1484,74168,14,80088
9263,0.002061,172.31.36.0-255,66,74234,14,80088
9264,0.002069,172.31.36.0-255,66,74300,14,80088
9265,0.002084,172.31.36.0-255,66,74366,14,80088
9266,0.002122,74.125.24.0-255,4320,78686,14,80088
9267,0.002125,172.31.36.0-255,66,78752,14,80088
9268,0.002143,172.31.36.0-255,66,78818,14,80088
9269,0.002157,172.31.36.0-255,66,78884,14,80088
9270,0.00216,74.125.24.0-255,862,79746,14,80088
9271,0.002163,74.125.24.0-255,105,79851,14,80088
9272,0.007982,172.31.36.0-255,66,79917,14,80088
9273,0.008019,172.31.36.0-255,105,80022,14,80088
9274,0.009936,74.125.24.0-255,66,80088,14,80088
9275,0.0,172.217.194.0-255,152,152,14,29074
9276,1.9e-05,172.31.36.0-255,66,218,14,29074
9277,2.6e-05,172.217.194.0-255,1484,1702,14,29074
9278,3.1e-05,172.31.36.0-255,66,1768,14,29074
9279,3.7e-05,172.217.194.0-255,2902,4670,14,29074
9280,4.1e-05,172.31.36.0-255,66,4736,14,29074
9281,5.1e-05,172.31.36.0-255,66,4802,14,29074
9282,5.5e-05,172.217.194.0-255,2047,6849,14,29074
9283,5.9e-05,172.31.36.0-255,66,6915,14,29074
9284,9e-05,172.217.194.0-255,1484,8399,14,29074
9285,9.3e-05,172.31.36.0-255,66,8465,14,29074
9286,0.000123,172.31.36.0-255,66,8531,14,29074
9287,0.000156,172.31.36.0-255,66,8597,14,29074
9288,0.000213,172.217.194.0-255,1484,10081,14,29074
9289,0.000216,172.31.36.0-255,66,10147,14,29074
9290,0.000221,172.217.194.0-255,2902,13049,14,29074
9291,0.000224,172.31.36.0-255,66,13115,14,29074
9292,0.000227,172.217.194.0-255,1484,14599,14,29074
9293,0.000229,172.31.36.0-255,66,14665,14,29074
9294,0.000259,172.217.194.0-255,4320,18985,14,29074
9295,0.000262,172.31.36.0-255,66,19051,14,29074
9296,0.000272,172.31.36.0-255,66,19117,14,29074
9297,0.000282,172.31.36.0-255,66,19183,14,29074
9298,0.000305,172.31.36.0-255,66,19249,14,29074
9299,0.00031,172.217.194.0-255,2798,22047,14,29074
9300,0.000312,172.31.36.0-255,66,22113,14,29074
9301,0.000497,172.217.194.0-255,112,22225,14,29074
9302,0.000502,172.217.194.0-255,385,22610,14,29074
9303,0.000935,172.31.36.0-255,66,22676,14,29074
9304,0.001188,172.217.194.0-255,1484,24160,14,29074
9305,0.001197,172.217.194.0-255,2902,27062,14,29074
9306,0.001201,172.31.36.0-255,66,27128,14,29074
9307,0.001212,172.31.36.0-255,66,27194,14,29074
9308,0.00122,172.31.36.0-255,66,27260,14,29074
9309,0.001224,172.217.194.0-255,1484,28744,14,29074
9310,0.001263,172.31.36.0-255,66,28810,14,29074
9311,0.001272,172.31.36.0-255,66,28876,14,29074
9312,0.003781,172.31.36.0-255,66,28942,14,29074
9313,0.006324,172.31.36.0-255,66,29008,14,29074
9314,0.008839,172.31.36.0-255,66,29074,14,29074
9315,0.0,74.125.24.0-255,152,152,14,91066
9316,3.1e-05,172.31.36.0-255,66,218,14,91066
9317,3.8e-05,74.125.24.0-255,1484,1702,14,91066
9318,4.3e-05,172.31.36.0-255,66,1768,14,91066
9319,4.9e-05,74.125.24.0-255,2902,4670,14,91066
9320,5.3e-05,172.31.36.0-255,66,4736,14,91066
9321,5.7e-05,74.125.24.0-255,1484,6220,14,91066
9322,6e-05,172.31.36.0-255,66,6286,14,91066
9323,9e-05,74.125.24.0-255,4320,10606,14,91066
9324,9.3e-05,172.31.36.0-255,66,10672,14,91066
9325,0.000109,74.125.24.0-255,1484,12156,14,91066
9326,0.000112,172.31.36.0-255,66,12222,14,91066
9327,0.000133,74.125.24.0-255,2082,14304,14,91066
9328,0.000135,172.31.36.0-255,66,14370,14,91066
9329,0.000162,74.125.24.0-255,4320,18690,14,91066
9330,0.000164,172.31.36.0-255,66,18756,14,91066
9331,0.000182,74.125.24.0-255,1484,20240,14,91066
9332,0.000184,172.31.36.0-255,66,20306,14,91066
9333,0.000203,74.125.24.0-255,2902,23208,14,91066
9334,0.000205,172.31.36.0-255,66,23274,14,91066
9335,0.000235,74.125.24.0-255,4320,27594,14,91066
9336,0.000238,172.31.36.0-255,66,27660,14,91066
9337,0.000258,74.125.24.0-255,3961,31621,14,91066
9338,0.000261,172.31.36.0-255,66,31687,14,91066
9339,0.000318,74.125.24.0-255,1484,33171,14,91066
9340,0.000321,172.31.36.0-255,66,33237,14,91066
9341,0.000339,74.125.24.0-255,2902,36139,14,91066
9342,0.000341,172.31.36.0-255,66,36205,14,91066
9343,0.000382,172.31.36.0-255,66,36271,14,91066
9344,0.000419,74.125.24.0-255,2902,39173,14,91066
9345,0.000422,172.31.36.0-255,66,39239,14,91066
9346,0.000443,74.125.24.0-255,3961,43200,14,91066
9347,0.000445,172.31.36.0-255,66,43266,14,91066
9348,0.000558,74.125.24.0-255,1484,44750,14,91066
9349,0.000564,74.125.24.0-255,1484,46234,14,91066
9350,0.000567,172.31.36.0-255,66,46300,14,91066
9351,0.000585,74.125.24.0-255,1484,47784,14,91066
9352,0.000592,74.125.24.0-255,4320,52104,14,91066
9353,0.000594,172.31.36.0-255,66,52170,14,91066
9354,0.000611,74.125.24.0-255,1484,53654,14,91066
9355,0.000652,74.125.24.0-255,2902,56556,14,91066
9356,0.000656,172.31.36.0-255,66,56622,14,91066
9357,0.000687,172.31.36.0-255,66,56688,14,91066
9358,0.000807,172.31.36.0-255,66,56754,14,91066
9359,0.000826,74.125.24.0-255,2543,59297,14,91066
9360,0.000829,172.31.36.0-255,66,59363,14,91066
9361,0.000897,74.125.24.0-255,2902,62265,14,91066
9362,0.000901,172.31.36.0-255,66,62331,14,91066
9363,0.000926,172.31.36.0-255,66,62397,14,91066
9364,0.000998,74.125.24.0-255,4320,66717,14,91066
9365,0.001001,172.31.36.0-255,66,66783,14,91066
9366,0.001022,74.125.24.0-255,2543,69326,14,91066
9367,0.001025,172.31.36.0-255,66,69392,14,91066
9368,0.00108,74.125.24.0-255,4320,73712,14,91066
9369,0.001084,172.31.36.0-255,66,73778,14,91066
9370,0.001098,74.125.24.0-255,2902,76680,14,91066
9371,0.0011,172.31.36.0-255,66,76746,14,91066
9372,0.001148,74.125.24.0-255,1484,78230,14,91066
9373,0.001174,172.31.36.0-255,66,78296,14,91066
9374,0.001232,74.125.24.0-255,1484,79780,14,91066
9375,0.001257,172.31.36.0-255,66,79846,14,91066
9376,0.001306,172.31.36.0-255,66,79912,14,91066
9377,0.001402,74.125.24.0-255,766,80678,14,91066
9378,0.002024,172.31.36.0-255,66,80744,14,91066
9379,0.003991,74.125.24.0-255,4320,85064,14,91066
9380,0.004013,172.31.36.0-255,66,85130,14,91066
9381,0.004713,74.125.24.0-255,1484,86614,14,91066
9382,0.006735,74.125.24.0-255,4320,90934,14,91066
9383,0.006754,172.31.36.0-255,66,91000,14,91066
9384,0.009483,172.31.36.0-255,66,91066,14,91066
9385,0.0,74.125.200.0-255,184,184,14,168065
9386,1.9e-05,172.31.36.0-255,66,250,14,168065
9387,2.6e-05,74.125.200.0-255,1484,1734,14,168065
9388,3.1e-05,172.31.36.0-255,66,1800,14,168065
9389,6.5e-05,74.125.200.0-255,2902,4702,14,168065
9390,6.8e-05,172.31.36.0-255,66,4768,14,168065
9391,7.3e-05,74.125.200.0-255,2902,7670,14,168065
9392,7.5e-05,172.31.36.0-255,66,7736,14,168065
9393,8e-05,74.125.200.0-255,1484,9220,14,168065
9394,8.2e-05,172.31.36.0-255,66,9286,14,168065
9395,0.000115,74.125.200.0-255,2902,12188,14,168065
9396,0.000118,172.31.36.0-255,66,12254,14,168065
9397,0.000129,172.31.36.0-255,66,12320,14,168065
9398,0.000166,74.125.200.0-255,2012,14332,14,168065
9399,0.000168,172.31.36.0-255,66,14398,14,168065
9400,0.000185,172.31.36.0-255,66,14464,14,168065
9401,0.000227,74.125.200.0-255,1484,15948,14,168065
9402,0.00023,172.31.36.0-255,66,16014,14,168065
9403,0.000236,74.125.200.0-255,2902,18916,14,168065
9404,0.000239,172.31.36.0-255,66,18982,14,168065
9405,0.000272,172.31.36.0-255,66,19048,14,168065
9406,0.000277,74.125.200.0-255,4320,23368,14,168065
9407,0.00028,172.31.36.0-255,66,23434,14,168065
9408,0.000284,74.125.200.0-255,1484,24918,14,168065
9409,0.000291,172.31.36.0-255,66,24984,14,168065
9410,0.000322,74.125.200.0-255,3961,28945,14,168065
9411,0.000325,172.31.36.0-255,66,29011,14,168065
9412,0.000334,172.31.36.0-255,66,29077,14,168065
9413,0.000361,74.125.200.0-255,4320,33397,14,168065
9414,0.000363,172.31.36.0-255,66,33463,14,168065
9415,0.000383,74.125.200.0-255,2543,36006,14,168065
9416,0.000386,172.31.36.0-255,66,36072,14,168065
9417,0.000478,74.125.200.0-255,645,36717,14,168065
9418,0.00062,74.125.200.0-255,1484,38201,14,168065
9419,0.000626,172.31.36.0-255,66,38267,14,168065
9420,0.000632,74.125.200.0-255,2902,41169,14,168065
9421,0.000634,172.31.36.0-255,66,41235,14,168065
9422,0.000649,74.125.200.0-255,1484,42719,14,168065
9423,0.000672,74.125.200.0-255,4320,47039,14,168065
9424,0.000675,172.31.36.0-255,66,47105,14,168065
9425,0.000685,172.31.36.0-255,66,47171,14,168065
9426,0.000704,74.125.200.0-255,4320,51491,14,168065
9427,0.000715,172.31.36.0-255,66,51557,14,168065
9428,0.000718,172.31.36.0-255,66,51623,14,168065
9429,0.000738,172.31.36.0-255,66,51689,14,168065
9430,0.000742,74.125.200.0-255,2184,53873,14,168065
9431,0.000745,172.31.36.0-255,66,53939,14,168065
9432,0.000796,74.125.200.0-255,1484,55423,14,168065
9433,0.00081,74.125.200.0-255,2902,58325,14,168065
9434,0.000814,172.31.36.0-255,66,58391,14,168065
9435,0.000817,74.125.200.0-255,1484,59875,14,168065
9436,0.000848,74.125.200.0-255,1484,61359,14,168065
9437,0.000851,172.31.36.0-255,66,61425,14,168065
9438,0.000857,74.125.200.0-255,4320,65745,14,168065
9439,0.000859,172.31.36.0-255,66,65811,14,168065
9440,0.000874,172.31.36.0-255,66,65877,14,168065
9441,0.00088,74.125.200.0-255,4320,70197,14,168065
9442,0.000882,172.31.36.0-255,66,70263,14,168065
9443,0.000913,74.125.200.0-255,2902,73165,14,168065
9444,0.000916,172.31.36.0-255,66,73231,14,168065
9445,0.00094,172.31.36.0-255,66,73297,14,168065
9446,0.000998,74.125.200.0-255,1484,74781,14,168065
9447,0.001019,74.125.200.0-255,2902,77683,14,168065
9448,0.001023,172.31.36.0-255,66,77749,14,168065
9449,0.001026,74.125.200.0-255,1484,79233,14,168065
9450,0.001031,74.125.200.0-255,2902,82135,14,168065
9451,0.001033,172.31.36.0-255,66,82201,14,168065
9452,0.001066,172.31.36.0-255,66,82267,14,168065
9453,0.001098,172.31.36.0-255,66,82333,14,168065
9454,0.001101,74.125.200.0-255,1484,83817,14,168065
9455,0.001132,172.31.36.0-255,66,83883,14,168065
9456,0.001141,172.31.36.0-255,66,83949,14,168065
9457,0.001167,74.125.200.0-255,766,84715,14,168065
9458,0.001267,74.125.200.0-255,1484,86199,14,168065
9459,0.001271,172.31.36.0-255,66,86265,14,168065
9460,0.001277,74.125.200.0-255,2902,89167,14,168065
9461,0.001279,172.31.36.0-255,66,89233,14,168065
9462,0.001313,74.125.200.0-255,4320,93553,14,168065
9463,0.001315,172.31.36.0-255,66,93619,14,168065
9464,0.001326,172.31.36.0-255,66,93685,14,168065
9465,0.001374,74.125.200.0-255,2902,96587,14,168065
9466,0.001377,172.31.36.0-255,66,96653,14,168065
9467,0.00139,74.125.200.0-255,4320,100973,14,168065
9468,0.001396,172.31.36.0-255,66,101039,14,168065
9469,0.001407,172.31.36.0-255,66,101105,14,168065
9470,0.00141,74.125.200.0-255,766,101871,14,168065
9471,0.001414,74.125.200.0-255,1484,103355,14,168065
9472,0.001416,172.31.36.0-255,66,103421,14,168065
9473,0.001444,74.125.200.0-255,1484,104905,14,168065
9474,0.001449,74.125.200.0-255,2902,107807,14,168065
9475,0.001452,172.31.36.0-255,66,107873,14,168065
9476,0.001466,172.31.36.0-255,66,107939,14,168065
9477,0.001518,172.31.36.0-255,66,108005,14,168065
9478,0.001522,74.125.200.0-255,2902,110907,14,168065
9479,0.001524,172.31.36.0-255,66,110973,14,168065
9480,0.001552,172.31.36.0-255,66,111039,14,168065
9481,0.001559,74.125.200.0-255,1484,112523,14,168065
9482,0.001619,172.31.36.0-255,66,112589,14,168065
9483,0.001628,172.31.36.0-255,66,112655,14,168065
9484,0.001666,172.31.36.0-255,66,112721,14,168065
9485,0.001677,172.31.36.0-255,66,112787,14,168065
9486,0.001719,172.31.36.0-255,66,112853,14,168065
9487,0.001744,74.125.200.0-255,2902,115755,14,168065
9488,0.00175,74.125.200.0-255,4320,120075,14,168065
9489,0.001772,74.125.200.0-255,2902,122977,14,168065
9490,0.001793,74.125.200.0-255,1484,124461,14,168065
9491,0.001797,74.125.200.0-255,2902,127363,14,168065
9492,0.001803,172.31.36.0-255,66,127429,14,168065
9493,0.001839,74.125.200.0-255,4320,131749,14,168065
9494,0.001854,74.125.200.0-255,3602,135351,14,168065
9495,0.001863,172.31.36.0-255,66,135417,14,168065
9496,0.001908,74.125.200.0-255,1484,136901,14,168065
9497,0.001923,74.125.200.0-255,2902,139803,14,168065
9498,0.001939,74.125.200.0-255,2902,142705,14,168065
9499,0.001954,172.31.36.0-255,66,142771,14,168065
9500,0.001958,74.125.200.0-255,1484,144255,14,168065
9501,0.001964,74.125.200.0-255,4320,148575,14,168065
9502,0.001978,172.31.36.0-255,66,148641,14,168065
9503,0.001981,74.125.200.0-255,1484,150125,14,168065
9504,0.002022,172.31.36.0-255,66,150191,14,168065
9505,0.003995,172.31.36.0-255,66,150257,14,168065
9506,0.005965,74.125.200.0-255,2902,153159,14,168065
9507,0.005972,172.31.36.0-255,66,153225,14,168065
9508,0.006002,74.125.200.0-255,2902,156127,14,168065
9509,0.006005,172.31.36.0-255,66,156193,14,168065
9510,0.007946,74.125.200.0-255,2902,159095,14,168065
9511,0.00795,172.31.36.0-255,66,159161,14,168065
9512,0.007976,74.125.200.0-255,2902,162063,14,168065
9513,0.007979,172.31.36.0-255,66,162129,14,168065
9514,0.009922,74.125.200.0-255,2902,165031,14,168065
9515,0.009929,172.31.36.0-255,66,165097,14,168065
9516,0.009958,74.125.200.0-255,2902,167999,14,168065
9517,0.00996,172.31.36.0-255,66,168065,14,168065
9518,0.0,172.217.194.0-255,153,153,14,88372
9519,2.7e-05,172.217.194.0-255,1484,1637,14,88372
9520,3.4e-05,172.31.36.0-255,66,1703,14,88372
9521,4.2e-05,172.217.194.0-255,2902,4605,14,88372
9522,4.5e-05,172.31.36.0-255,66,4671,14,88372
9523,6.2e-05,172.31.36.0-255,66,4737,14,88372
9524,8.1e-05,172.31.36.0-255,66,4803,14,88372
9525,0.000116,172.31.36.0-255,66,4869,14,88372
9526,0.000122,172.217.194.0-255,3961,8830,14,88372
9527,0.000124,172.31.36.0-255,66,8896,14,88372
9528,0.000163,172.31.36.0-255,66,8962,14,88372
9529,0.000188,172.31.36.0-255,66,9028,14,88372
9530,0.000194,172.217.194.0-255,3961,12989,14,88372
9531,0.000195,172.31.36.0-255,66,13055,14,88372
9532,0.000502,172.217.194.0-255,1484,14539,14,88372
9533,0.000528,172.217.194.0-255,2902,17441,14,88372
9534,0.000531,172.31.36.0-255,66,17507,14,88372
9535,0.00054,172.31.36.0-255,66,17573,14,88372
9536,0.000551,172.217.194.0-255,2902,20475,14,88372
9537,0.000554,172.31.36.0-255,66,20541,14,88372
9538,0.000586,172.217.194.0-255,3961,24502,14,88372
9539,0.000589,172.31.36.0-255,66,24568,14,88372
9540,0.000778,172.217.194.0-255,1484,26052,14,88372
9541,0.000792,172.217.194.0-255,2902,28954,14,88372
9542,0.000796,172.31.36.0-255,66,29020,14,88372
9543,0.00083,172.31.36.0-255,66,29086,14,88372
9544,0.000889,172.31.36.0-255,66,29152,14,88372
9545,0.000904,172.31.36.0-255,66,29218,14,88372
9546,0.000961,172.217.194.0-255,3961,33179,14,88372
9547,0.000965,172.31.36.0-255,66,33245,14,88372
9548,0.001085,172.217.194.0-255,1484,34729,14,88372
9549,0.001089,172.217.194.0-255,1484,36213,14,88372
9550,0.001093,172.31.36.0-255,66,36279,14,88372
9551,0.001117,172.217.194.0-255,1484,37763,14,88372
9552,0.001127,172.31.36.0-255,66,37829,14,88372
9553,0.001132,172.217.194.0-255,2902,40731,14,88372
9554,0.001134,172.31.36.0-255,66,40797,14,88372
9555,0.001174,172.31.36.0-255,66,40863,14,88372
9556,0.001189,172.31.36.0-255,66,40929,14,88372
9557,0.001248,172.217.194.0-255,1484,42413,14,88372
9558,0.001254,172.217.194.0-255,2902,45315,14,88372
9559,0.001256,172.31.36.0-255,66,45381,14,88372
9560,0.001293,172.31.36.0-255,66,45447,14,88372
9561,0.001305,172.31.36.0-255,66,45513,14,88372
9562,0.001337,172.217.194.0-255,1484,46997,14,88372
9563,0.001351,172.31.36.0-255,66,47063,14,88372
9564,0.001364,172.31.36.0-255,66,47129,14,88372
9565,0.001397,172.31.36.0-255,66,47195,14,88372
9566,0.001433,172.31.36.0-255,66,47261,14,88372
9567,0.001442,172.31.36.0-255,66,47327,14,88372
9568,0.001482,172.31.36.0-255,66,47393,14,88372
9569,0.001494,172.31.36.0-255,66,47459,14,88372
9570,0.001526,172.31.36.0-255,66,47525,14,88372
9571,0.001529,172.217.194.0-255,766,48291,14,88372
9572,0.001531,172.217.194.0-255,645,48936,14,88372
9573,0.001547,172.217.194.0-255,1484,50420,14,88372
9574,0.00155,172.31.36.0-255,66,50486,14,88372
9575,0.001568,172.217.194.0-255,4320,54806,14,88372
9576,0.00157,172.31.36.0-255,66,54872,14,88372
9577,0.001574,172.217.194.0-255,2902,57774,14,88372
9578,0.001576,172.31.36.0-255,66,57840,14,88372
9579,0.001592,172.217.194.0-255,1484,59324,14,88372
9580,0.001624,172.31.36.0-255,66,59390,14,88372
9581,0.001706,172.31.36.0-255,66,59456,14,88372
9582,0.001731,172.217.194.0-255,2184,61640,14,88372
9583,0.001734,172.31.36.0-255,66,61706,14,88372
9584,0.001853,172.217.194.0-255,1484,63190,14,88372
9585,0.001858,172.217.194.0-255,2902,66092,14,88372
9586,0.001862,172.31.36.0-255,66,66158,14,88372
9587,0.001865,172.217.194.0-255,1484,67642,14,88372
9588,0.001889,172.217.194.0-255,4320,71962,14,88372
9589,0.001893,172.31.36.0-255,66,72028,14,88372
9590,0.001906,172.31.36.0-255,66,72094,14,88372
9591,0.001934,172.31.36.0-255,66,72160,14,88372
9592,0.001962,172.31.36.0-255,66,72226,14,88372
9593,0.002069,172.217.194.0-255,1484,73710,14,88372
9594,0.002086,172.217.194.0-255,2902,76612,14,88372
9595,0.002089,172.31.36.0-255,66,76678,14,88372
9596,0.002093,172.217.194.0-255,1484,78162,14,88372
9597,0.002116,172.217.194.0-255,4320,82482,14,88372
9598,0.002118,172.31.36.0-255,66,82548,14,88372
9599,0.002122,172.217.194.0-255,1484,84032,14,88372
9600,0.002154,172.31.36.0-255,66,84098,14,88372
9601,0.00217,172.31.36.0-255,66,84164,14,88372
9602,0.002214,172.31.36.0-255,66,84230,14,88372
9603,0.002247,172.217.194.0-255,3602,87832,14,88372
9604,0.00225,172.31.36.0-255,66,87898,14,88372
9605,0.002269,172.31.36.0-255,66,87964,14,88372
9606,0.00228,172.31.36.0-255,66,88030,14,88372
9607,0.002321,172.31.36.0-255,66,88096,14,88372
9608,0.002324,172.217.194.0-255,105,88201,14,88372
9609,0.007144,172.31.36.0-255,105,88306,14,88372
9610,0.009448,172.217.194.0-255,66,88372,14,88372
9611,0.0,74.125.24.0-255,153,153,14,75739
9612,1.6e-05,172.31.36.0-255,66,219,14,75739
9613,2.2e-05,74.125.24.0-255,1484,1703,14,75739
9614,2.7e-05,172.31.36.0-255,66,1769,14,75739
9615,4.1e-05,74.125.24.0-255,2902,4671,14,75739
9616,4.6e-05,172.31.36.0-255,66,4737,14,75739
9617,5.8e-05,172.31.36.0-255,66,4803,14,75739
9618,7.1e-05,172.31.36.0-255,66,4869,14,75739
9619,0.000122,172.31.36.0-255,66,4935,14,75739
9620,0.000148,74.125.24.0-255,1484,6419,14,75739
9621,0.00015,172.31.36.0-255,66,6485,14,75739
9622,0.000156,74.125.24.0-255,2902,9387,14,75739
9623,0.000159,172.31.36.0-255,66,9453,14,75739
9624,0.000169,74.125.24.0-255,4320,13773,14,75739
9625,0.000172,172.31.36.0-255,66,13839,14,75739
9626,0.000195,74.125.24.0-255,1484,15323,14,75739
9627,0.000197,172.31.36.0-255,66,15389,14,75739
9628,0.000213,172.31.36.0-255,66,15455,14,75739
9629,0.000266,172.31.36.0-255,66,15521,14,75739
9630,0.000324,74.125.24.0-255,112,15633,14,75739
9631,0.000327,172.31.36.0-255,66,15699,14,75739
9632,0.00045,74.125.24.0-255,1484,17183,14,75739
9633,0.000455,172.31.36.0-255,66,17249,14,75739
9634,0.000461,74.125.24.0-255,2902,20151,14,75739
9635,0.000463,172.31.36.0-255,66,20217,14,75739
9636,0.000479,172.31.36.0-255,66,20283,14,75739
9637,0.000523,172.31.36.0-255,66,20349,14,75739
9638,0.000552,172.31.36.0-255,66,20415,14,75739
9639,0.000586,172.31.36.0-255,66,20481,14,75739
9640,0.00093,74.125.24.0-255,1484,21965,14,75739
9641,0.000937,74.125.24.0-255,2902,24867,14,75739
9642,0.000941,172.31.36.0-255,66,24933,14,75739
9643,0.000977,172.31.36.0-255,66,24999,14,75739
9644,0.001001,172.31.36.0-255,66,25065,14,75739
9645,0.001029,74.125.24.0-255,4320,29385,14,75739
9646,0.001032,172.31.36.0-255,66,29451,14,75739
9647,0.001046,172.31.36.0-255,66,29517,14,75739
9648,0.00132,74.125.24.0-255,1484,31001,14,75739
9649,0.001325,74.125.24.0-255,1484,32485,14,75739
9650,0.001328,172.31.36.0-255,66,32551,14,75739
9651,0.001351,74.125.24.0-255,1484,34035,14,75739
9652,0.001361,172.31.36.0-255,66,34101,14,75739
9653,0.001402,172.31.36.0-255,66,34167,14,75739
9654,0.001411,172.31.36.0-255,66,34233,14,75739
9655,0.001456,172.31.36.0-255,66,34299,14,75739
9656,0.001495,74.125.24.0-255,2902,37201,14,75739
9657,0.001498,172.31.36.0-255,66,37267,14,75739
9658,0.001522,74.125.24.0-255,1484,38751,14,75739
9659,0.001531,172.31.36.0-255,66,38817,14,75739
9660,0.001544,172.31.36.0-255,66,38883,14,75739
9661,0.001558,172.31.36.0-255,66,38949,14,75739
9662,0.001598,74.125.24.0-255,1484,40433,14,75739
9663,0.001603,74.125.24.0-255,2902,43335,14,75739
9664,0.001606,172.31.36.0-255,66,43401,14,75739
9665,0.00164,74.125.24.0-255,1484,44885,14,75739
9666,0.001676,74.125.24.0-255,4320,49205,14,75739
9667,0.00168,172.31.36.0-255,66,49271,14,75739
9668,0.001694,172.31.36.0-255,66,49337,14,75739
9669,0.001707,172.31.36.0-255,66,49403,14,75739
9670,0.001712,74.125.24.0-255,4320,53723,14,75739
9671,0.001715,172.31.36.0-255,66,53789,14,75739
9672,0.001774,172.31.36.0-255,66,53855,14,75739
9673,0.001777,74.125.24.0-255,1484,55339,14,75739
9674,0.001786,172.31.36.0-255,66,55405,14,75739
9675,0.00188,74.125.24.0-255,1484,56889,14,75739
9676,0.001886,74.125.24.0-255,2902,59791,14,75739
9677,0.001889,172.31.36.0-255,66,59857,14,75739
9678,0.001899,172.31.36.0-255,66,59923,14,75739
9679,0.001913,172.31.36.0-255,66,59989,14,75739
9680,0.001944,172.31.36.0-255,66,60055,14,75739
9681,0.001978,74.125.24.0-255,766,60821,14,75739
9682,0.002001,74.125.24.0-255,1484,62305,14,75739
9683,0.002004,74.125.24.0-255,1484,63789,14,75739
9684,0.002019,74.125.24.0-255,1484,65273,14,75739
9685,0.002022,74.125.24.0-255,1484,66757,14,75739
9686,0.002042,74.125.24.0-255,4320,71077,14,75739
9687,0.002056,74.125.24.0-255,1484,72561,14,75739
9688,0.002173,74.125.24.0-255,2902,75463,14,75739
9689,0.002215,74.125.24.0-255,105,75568,14,75739
9690,0.00533,172.31.36.0-255,66,75634,14,75739
9691,0.007766,172.31.36.0-255,105,75739,14,75739
9692,0.0,172.217.194.0-255,153,153,14,103244
9693,3.3e-05,172.217.194.0-255,1484,1637,14,103244
9694,3.9e-05,172.31.36.0-255,66,1703,14,103244
9695,4.7e-05,172.217.194.0-255,2902,4605,14,103244
9696,5.1e-05,172.31.36.0-255,66,4671,14,103244
9697,6.3e-05,172.31.36.0-255,66,4737,14,103244
9698,6.7e-05,172.217.194.0-255,2000,6737,14,103244
9699,6.9e-05,172.31.36.0-255,66,6803,14,103244
9700,0.000203,172.217.194.0-255,1484,8287,14,103244
9701,0.00021,172.217.194.0-255,2902,11189,14,103244
9702,0.000215,172.31.36.0-255,66,11255,14,103244
9703,0.000224,172.31.36.0-255,66,11321,14,103244
9704,0.000271,172.31.36.0-255,66,11387,14,103244
9705,0.000369,172.217.194.0-255,1484,12871,14,103244
9706,0.000375,172.217.194.0-255,2902,15773,14,103244
9707,0.000379,172.31.36.0-255,66,15839,14,103244
9708,0.000405,172.31.36.0-255,66,15905,14,103244
9709,0.000419,172.217.194.0-255,2902,18807,14,103244
9710,0.000421,172.31.36.0-255,66,18873,14,103244
9711,0.000438,172.217.194.0-255,3961,22834,14,103244
9712,0.000441,172.31.36.0-255,66,22900,14,103244
9713,0.000679,172.217.194.0-255,1484,24384,14,103244
9714,0.0007,172.217.194.0-255,2902,27286,14,103244
9715,0.000705,172.217.194.0-255,4320,31606,14,103244
9716,0.000718,172.31.36.0-255,66,31672,14,103244
9717,0.000723,172.31.36.0-255,66,31738,14,103244
9718,0.000726,172.217.194.0-255,1484,33222,14,103244
9719,0.000732,172.217.194.0-255,4320,37542,14,103244
9720,0.000734,172.31.36.0-255,66,37608,14,103244
9721,0.000753,172.217.194.0-255,3123,40731,14,103244
9722,0.000756,172.31.36.0-255,66,40797,14,103244
9723,0.000844,172.217.194.0-255,1484,42281,14,103244
9724,0.00085,172.217.194.0-255,2902,45183,14,103244
9725,0.000855,172.31.36.0-255,66,45249,14,103244
9726,0.000861,172.217.194.0-255,4320,49569,14,103244
9727,0.000864,172.31.36.0-255,66,49635,14,103244
9728,0.000882,172.217.194.0-255,1484,51119,14,103244
9729,0.000908,172.31.36.0-255,66,51185,14,103244
9730,0.000932,172.31.36.0-255,66,51251,14,103244
9731,0.000966,172.31.36.0-255,66,51317,14,103244
9732,0.001132,172.217.194.0-255,1484,52801,14,103244
9733,0.00114,172.217.194.0-255,2902,55703,14,103244
9734,0.001144,172.31.36.0-255,66,55769,14,103244
9735,0.001153,172.31.36.0-255,66,55835,14,103244
9736,0.001188,172.31.36.0-255,66,55901,14,103244
9737,0.001224,172.217.194.0-255,2902,58803,14,103244
9738,0.001227,172.31.36.0-255,66,58869,14,103244
9739,0.001239,172.31.36.0-255,66,58935,14,103244
9740,0.001287,172.217.194.0-255,1484,60419,14,103244
9741,0.001291,172.217.194.0-255,2902,63321,14,103244
9742,0.001293,172.31.36.0-255,66,63387,14,103244
9743,0.0013,172.31.36.0-255,66,63453,14,103244
9744,0.001312,172.31.36.0-255,66,63519,14,103244
9745,0.001356,172.31.36.0-255,66,63585,14,103244
9746,0.001381,172.31.36.0-255,66,63651,14,103244
9747,0.001394,172.31.36.0-255,66,63717,14,103244
9748,0.001425,172.31.36.0-255,66,63783,14,103244
9749,0.00162,172.217.194.0-255,1484,65267,14,103244
9750,0.001624,172.217.194.0-255,1484,66751,14,103244
9751,0.001627,172.31.36.0-255,66,66817,14,103244
9752,0.001645,172.217.194.0-255,1484,68301,14,103244
9753,0.001655,172.31.36.0-255,66,68367,14,103244
9754,0.001681,172.31.36.0-255,66,68433,14,103244
9755,0.001686,172.217.194.0-255,2902,71335,14,103244
9756,0.001688,172.31.36.0-255,66,71401,14,103244
9757,0.001709,172.31.36.0-255,66,71467,14,103244
9758,0.001725,172.217.194.0-255,1484,72951,14,103244
9759,0.001728,172.217.194.0-255,2184,75135,14,103244
9760,0.00173,172.31.36.0-255,66,75201,14,103244
9761,0.001826,172.217.194.0-255,1484,76685,14,103244
9762,0.001845,172.217.194.0-255,2902,79587,14,103244
9763,0.001848,172.31.36.0-255,66,79653,14,103244
9764,0.001857,172.31.36.0-255,66,79719,14,103244
9765,0.001892,172.31.36.0-255,66,79785,14,103244
9766,0.001912,172.31.36.0-255,66,79851,14,103244
9767,0.001916,172.217.194.0-255,2902,82753,14,103244
9768,0.001919,172.31.36.0-255,66,82819,14,103244
9769,0.001953,172.31.36.0-255,66,82885,14,103244
9770,0.002067,172.217.194.0-255,1484,84369,14,103244
9771,0.002084,172.217.194.0-255,2902,87271,14,103244
9772,0.002088,172.31.36.0-255,66,87337,14,103244
9773,0.002098,172.31.36.0-255,66,87403,14,103244
9774,0.002132,172.31.36.0-255,66,87469,14,103244
9775,0.002143,172.31.36.0-255,66,87535,14,103244
9776,0.002165,172.217.194.0-255,766,88301,14,103244
9777,0.002247,172.217.194.0-255,1484,89785,14,103244
9778,0.002251,172.31.36.0-255,66,89851,14,103244
9779,0.002257,172.217.194.0-255,2902,92753,14,103244
9780,0.002259,172.31.36.0-255,66,92819,14,103244
9781,0.002288,172.31.36.0-255,66,92885,14,103244
9782,0.002312,172.31.36.0-255,66,92951,14,103244
9783,0.002375,172.31.36.0-255,66,93017,14,103244
9784,0.002386,172.31.36.0-255,66,93083,14,103244
9785,0.002405,172.217.194.0-255,2902,95985,14,103244
9786,0.002407,172.31.36.0-255,66,96051,14,103244
9787,0.002455,172.31.36.0-255,66,96117,14,103244
9788,0.002464,172.31.36.0-255,66,96183,14,103244
9789,0.002472,172.31.36.0-255,66,96249,14,103244
9790,0.002484,172.31.36.0-255,66,96315,14,103244
9791,0.002505,172.217.194.0-255,4320,100635,14,103244
9792,0.002508,172.31.36.0-255,66,100701,14,103244
9793,0.002511,172.217.194.0-255,2201,102902,14,103244
9794,0.002513,172.31.36.0-255,66,102968,14,103244
9795,0.002526,172.217.194.0-255,105,103073,14,103244
9796,0.004389,172.31.36.0-255,105,103178,14,103244
9797,0.00667,172.217.194.0-255,66,103244,14,103244
9798,0.0,172.217.194.0-255,153,153,14,57799
9799,2.4e-05,172.31.36.0-255,66,219,14,57799
9800,3.2e-05,172.217.194.0-255,1484,1703,14,57799
9801,3.7e-05,172.31.36.0-255,66,1769,14,57799
9802,5.2e-05,172.217.194.0-255,2902,4671,14,57799
9803,5.6e-05,172.31.36.0-255,66,4737,14,57799
9804,6.6e-05,172.31.36.0-255,66,4803,14,57799
9805,7.2e-05,172.217.194.0-255,3503,8306,14,57799
9806,7.4e-05,172.31.36.0-255,66,8372,14,57799
9807,0.00011,172.217.194.0-255,4320,12692,14,57799
9808,0.000114,172.31.36.0-255,66,12758,14,57799
9809,0.000153,172.31.36.0-255,66,12824,14,57799
9810,0.00021,172.217.194.0-255,4320,17144,14,57799
9811,0.000213,172.31.36.0-255,66,17210,14,57799
9812,0.00024,172.31.36.0-255,66,17276,14,57799
9813,0.000343,172.31.36.0-255,66,17342,14,57799
9814,0.000371,172.217.194.0-255,2902,20244,14,57799
9815,0.000374,172.31.36.0-255,66,20310,14,57799
9816,0.000418,172.31.36.0-255,66,20376,14,57799
9817,0.000619,172.217.194.0-255,117,20493,14,57799
9818,0.000624,172.31.36.0-255,66,20559,14,57799
9819,0.000657,172.217.194.0-255,1484,22043,14,57799
9820,0.00066,172.31.36.0-255,66,22109,14,57799
9821,0.000664,172.217.194.0-255,1484,23593,14,57799
9822,0.000667,172.31.36.0-255,66,23659,14,57799
9823,0.000687,172.217.194.0-255,1484,25143,14,57799
9824,0.00069,172.31.36.0-255,66,25209,14,57799
9825,0.000698,172.217.194.0-255,4320,29529,14,57799
9826,0.000706,172.31.36.0-255,66,29595,14,57799
9827,0.000722,172.217.194.0-255,1484,31079,14,57799
9828,0.000759,172.217.194.0-255,1125,32204,14,57799
9829,0.000774,172.31.36.0-255,66,32270,14,57799
9830,0.000827,172.31.36.0-255,66,32336,14,57799
9831,0.000889,172.31.36.0-255,66,32402,14,57799
9832,0.000919,172.217.194.0-255,1125,33527,14,57799
9833,0.001471,172.217.194.0-255,1484,35011,14,57799
9834,0.001476,172.31.36.0-255,66,35077,14,57799
9835,0.0015,172.217.194.0-255,1484,36561,14,57799
9836,0.001547,172.217.194.0-255,1484,38045,14,57799
9837,0.00156,172.31.36.0-255,66,38111,14,57799
9838,0.001602,172.217.194.0-255,1484,39595,14,57799
9839,0.001606,172.217.194.0-255,1484,41079,14,57799
9840,0.001613,172.31.36.0-255,66,41145,14,57799
9841,0.001623,172.217.194.0-255,1484,42629,14,57799
9842,0.001677,172.31.36.0-255,66,42695,14,57799
9843,0.00169,172.31.36.0-255,66,42761,14,57799
9844,0.001706,172.217.194.0-255,4320,47081,14,57799
9845,0.001751,172.31.36.0-255,66,47147,14,57799
9846,0.001761,172.217.194.0-255,4320,51467,14,57799
9847,0.001767,172.31.36.0-255,66,51533,14,57799
9848,0.001812,172.31.36.0-255,66,51599,14,57799
9849,0.001926,172.217.194.0-255,1484,53083,14,57799
9850,0.001942,172.217.194.0-255,2902,55985,14,57799
9851,0.001945,172.31.36.0-255,66,56051,14,57799
9852,0.002002,172.31.36.0-255,66,56117,14,57799
9853,0.002012,172.217.194.0-255,1484,57601,14,57799
9854,0.002055,172.31.36.0-255,66,57667,14,57799
9855,0.00407,172.31.36.0-255,66,57733,14,57799
9856,0.008686,172.31.36.0-255,66,57799,14,57799
9857,0.0,74.125.68.0-255,153,153,14,69109
9858,2.9e-05,172.31.36.0-255,66,219,14,69109
9859,3.6e-05,74.125.68.0-255,1484,1703,14,69109
9860,4e-05,172.31.36.0-255,66,1769,14,69109
9861,7.9e-05,74.125.68.0-255,1484,3253,14,69109
9862,8.4e-05,74.125.68.0-255,2902,6155,14,69109
9863,8.5e-05,172.31.36.0-255,66,6221,14,69109
9864,9e-05,172.31.36.0-255,66,6287,14,69109
9865,9.3e-05,172.31.36.0-255,66,6353,14,69109
9866,0.000135,74.125.68.0-255,3429,9782,14,69109
9867,0.000139,172.31.36.0-255,66,9848,14,69109
9868,0.000145,74.125.68.0-255,4320,14168,14,69109
9869,0.000147,172.31.36.0-255,66,14234,14,69109
9870,0.00015,74.125.68.0-255,1484,15718,14,69109
9871,0.000159,172.31.36.0-255,66,15784,14,69109
9872,0.000163,74.125.68.0-255,2902,18686,14,69109
9873,0.000166,172.31.36.0-255,66,18752,14,69109
9874,0.000203,172.31.36.0-255,66,18818,14,69109
9875,0.000207,74.125.68.0-255,1125,19943,14,69109
9876,0.000209,172.31.36.0-255,66,20009,14,69109
9877,0.000392,74.125.68.0-255,1484,21493,14,69109
9878,0.000397,172.31.36.0-255,66,21559,14,69109
9879,0.000401,74.125.68.0-255,1484,23043,14,69109
9880,0.000404,172.31.36.0-255,66,23109,14,69109
9881,0.00043,74.125.68.0-255,2902,26011,14,69109
9882,0.000434,172.31.36.0-255,66,26077,14,69109
9883,0.000448,172.31.36.0-255,66,26143,14,69109
9884,0.000454,74.125.68.0-255,4320,30463,14,69109
9885,0.000456,172.31.36.0-255,66,30529,14,69109
9886,0.000481,74.125.68.0-255,1125,31654,14,69109
9887,0.000497,172.31.36.0-255,66,31720,14,69109
9888,0.000527,172.31.36.0-255,66,31786,14,69109
9889,0.00053,74.125.68.0-255,415,32201,14,69109
9890,0.000602,74.125.68.0-255,328,32529,14,69109
9891,0.000764,172.31.36.0-255,66,32595,14,69109
9892,0.001074,74.125.68.0-255,1484,34079,14,69109
9893,0.001101,74.125.68.0-255,2902,36981,14,69109
9894,0.001105,172.31.36.0-255,66,37047,14,69109
9895,0.001109,74.125.68.0-255,1484,38531,14,69109
9896,0.001139,74.125.68.0-255,2902,41433,14,69109
9897,0.001143,172.31.36.0-255,66,41499,14,69109
9898,0.001151,172.31.36.0-255,66,41565,14,69109
9899,0.001178,74.125.68.0-255,4320,45885,14,69109
9900,0.001181,172.31.36.0-255,66,45951,14,69109
9901,0.001219,172.31.36.0-255,66,46017,14,69109
9902,0.00126,172.31.36.0-255,66,46083,14,69109
9903,0.001817,74.125.68.0-255,1484,47567,14,69109
9904,0.001825,74.125.68.0-255,2902,50469,14,69109
9905,0.001829,172.31.36.0-255,66,50535,14,69109
9906,0.001863,74.125.68.0-255,4320,54855,14,69109
9907,0.001866,172.31.36.0-255,66,54921,14,69109
9908,0.001875,172.31.36.0-255,66,54987,14,69109
9909,0.001911,172.31.36.0-255,66,55053,14,69109
9910,0.001939,74.125.68.0-255,4320,59373,14,69109
9911,0.001942,172.31.36.0-255,66,59439,14,69109
9912,0.001971,74.125.68.0-255,3602,63041,14,69109
9913,0.001974,172.31.36.0-255,66,63107,14,69109
9914,0.004298,74.125.68.0-255,1484,64591,14,69109
9915,0.004341,74.125.68.0-255,4320,68911,14,69109
9916,0.004346,172.31.36.0-255,66,68977,14,69109
9917,0.006729,172.31.36.0-255,66,69043,14,69109
9918,0.009111,172.31.36.0-255,66,69109,14,69109
9919,0.0,172.217.194.0-255,298,298,14,126052
9920,1.9e-05,172.217.194.0-255,1484,1782,14,126052
9921,3e-05,172.31.36.0-255,66,1848,14,126052
9922,4.1e-05,172.217.194.0-255,4320,6168,14,126052
9923,4.6e-05,172.31.36.0-255,66,6234,14,126052
9924,6.8e-05,172.31.36.0-255,66,6300,14,126052
9925,7.9e-05,172.31.36.0-255,66,6366,14,126052
9926,9e-05,172.31.36.0-255,66,6432,14,126052
9927,0.00018,172.217.194.0-255,1484,7916,14,126052
9928,0.000186,172.217.194.0-255,2902,10818,14,126052
9929,0.000189,172.31.36.0-255,66,10884,14,126052
9930,0.000196,172.217.194.0-255,2902,13786,14,126052
9931,0.000198,172.31.36.0-255,66,13852,14,126052
9932,0.000217,172.217.194.0-255,2902,16754,14,126052
9933,0.00022,172.31.36.0-255,66,16820,14,126052
9934,0.000234,172.31.36.0-255,66,16886,14,126052
9935,0.00027,172.31.36.0-255,66,16952,14,126052
9936,0.000283,172.31.36.0-255,66,17018,14,126052
9937,0.000528,172.217.194.0-255,647,17665,14,126052
9938,0.000587,172.217.194.0-255,1484,19149,14,126052
9939,0.000592,172.31.36.0-255,66,19215,14,126052
9940,0.000599,172.217.194.0-255,2902,22117,14,126052
9941,0.000601,172.31.36.0-255,66,22183,14,126052
9942,0.000616,172.31.36.0-255,66,22249,14,126052
9943,0.000656,172.31.36.0-255,66,22315,14,126052
9944,0.000683,172.217.194.0-255,1484,23799,14,126052
9945,0.000688,172.217.194.0-255,2902,26701,14,126052
9946,0.000691,172.31.36.0-255,66,26767,14,126052
9947,0.000696,172.217.194.0-255,2902,29669,14,126052
9948,0.000699,172.31.36.0-255,66,29735,14,126052
9949,0.00072,172.217.194.0-255,2902,32637,14,126052
9950,0.000727,172.31.36.0-255,66,32703,14,126052
9951,0.000758,172.31.36.0-255,66,32769,14,126052
9952,0.001104,172.217.194.0-255,1484,34253,14,126052
9953,0.00111,172.217.194.0-255,2902,37155,14,126052
9954,0.001114,172.31.36.0-255,66,37221,14,126052
9955,0.00112,172.217.194.0-255,2902,40123,14,126052
9956,0.001122,172.31.36.0-255,66,40189,14,126052
9957,0.001157,172.217.194.0-255,2902,43091,14,126052
9958,0.00116,172.31.36.0-255,66,43157,14,126052
9959,0.001178,172.31.36.0-255,66,43223,14,126052
9960,0.00119,172.31.36.0-255,66,43289,14,126052
9961,0.001328,172.217.194.0-255,1484,44773,14,126052
9962,0.001334,172.217.194.0-255,2902,47675,14,126052
9963,0.001337,172.31.36.0-255,66,47741,14,126052
9964,0.001343,172.217.194.0-255,2902,50643,14,126052
9965,0.001345,172.31.36.0-255,66,50709,14,126052
9966,0.001371,172.217.194.0-255,2902,53611,14,126052
9967,0.001379,172.31.36.0-255,66,53677,14,126052
9968,0.001392,172.31.36.0-255,66,53743,14,126052
9969,0.001417,172.217.194.0-255,1484,55227,14,126052
9970,0.001437,172.31.36.0-255,66,55293,14,126052
9971,0.001655,172.217.194.0-255,1484,56777,14,126052
9972,0.001661,172.217.194.0-255,2902,59679,14,126052
9973,0.001665,172.31.36.0-255,66,59745,14,126052
9974,0.001736,172.31.36.0-255,66,59811,14,126052
9975,0.00174,172.217.194.0-255,1484,61295,14,126052
9976,0.001744,172.217.194.0-255,2902,64197,14,126052
9977,0.001746,172.31.36.0-255,66,64263,14,126052
9978,0.001755,172.217.194.0-255,2902,67165,14,126052
9979,0.001757,172.31.36.0-255,66,67231,14,126052
9980,0.001787,172.217.194.0-255,2902,70133,14,126052
9981,0.00179,172.31.36.0-255,66,70199,14,126052
9982,0.001793,172.217.194.0-255,1484,71683,14,126052
9983,0.00181,172.31.36.0-255,66,71749,14,126052
9984,0.001841,172.217.194.0-255,3602,75351,14,126052
9985,0.001844,172.31.36.0-255,66,75417,14,126052
9986,0.002067,172.217.194.0-255,1484,76901,14,126052
9987,0.002073,172.217.194.0-255,1484,78385,14,126052
9988,0.002076,172.31.36.0-255,66,78451,14,126052
9989,0.002101,172.217.194.0-255,1484,79935,14,126052
9990,0.002112,172.31.36.0-255,66,80001,14,126052
9991,0.00212,172.217.194.0-255,1484,81485,14,126052
9992,0.002154,172.31.36.0-255,66,81551,14,126052
9993,0.002187,172.217.194.0-255,4320,85871,14,126052
9994,0.002193,172.31.36.0-255,66,85937,14,126052
9995,0.002195,172.31.36.0-255,66,86003,14,126052
9996,0.002204,172.217.194.0-255,1484,87487,14,126052
9997,0.002257,172.31.36.0-255,66,87553,14,126052
9998,0.00229,172.31.36.0-255,66,87619,14,126052
9999,0.002302,172.31.36.0-255,66,87685,14,126052
10000,0.002327,172.217.194.0-255,2184,89869,14,126052
10001,0.002329,172.31.36.0-255,66,89935,14,126052
10002,0.002334,172.217.194.0-255,2902,92837,14,126052
10003,0.002336,172.31.36.0-255,66,92903,14,126052
10004,0.002339,172.217.194.0-255,1484,94387,14,126052
10005,0.002349,172.217.194.0-255,4320,98707,14,126052
10006,0.002352,172.31.36.0-255,66,98773,14,126052
10007,0.002355,172.217.194.0-255,1484,100257,14,126052
10008,0.002357,172.217.194.0-255,1484,101741,14,126052
10009,0.002359,172.31.36.0-255,66,101807,14,126052
10010,0.002399,172.31.36.0-255,66,101873,14,126052
10011,0.002402,172.217.194.0-255,1484,103357,14,126052
10012,0.002439,172.217.194.0-255,4320,107677,14,126052
10013,0.002442,172.31.36.0-255,66,107743,14,126052
10014,0.002479,172.31.36.0-255,66,107809,14,126052
10015,0.002482,172.217.194.0-255,1484,109293,14,126052
10016,0.002494,172.31.36.0-255,66,109359,14,126052
10017,0.002509,172.31.36.0-255,66,109425,14,126052
10018,0.002551,172.31.36.0-255,66,109491,14,126052
10019,0.002554,172.217.194.0-255,1484,110975,14,126052
10020,0.002558,172.217.194.0-255,2902,113877,14,126052
10021,0.002561,172.31.36.0-255,66,113943,14,126052
10022,0.002571,172.217.194.0-255,4320,118263,14,126052
10023,0.002573,172.31.36.0-255,66,118329,14,126052
10024,0.002586,172.31.36.0-255,66,118395,14,126052
10025,0.002624,172.217.194.0-255,4320,122715,14,126052
10026,0.002627,172.31.36.0-255,66,122781,14,126052
10027,0.002648,172.31.36.0-255,66,122847,14,126052
10028,0.002653,172.217.194.0-255,2902,125749,14,126052
10029,0.002655,172.31.36.0-255,66,125815,14,126052
10030,0.002702,172.31.36.0-255,66,125881,14,126052
10031,0.002712,172.31.36.0-255,66,125947,14,126052
10032,0.00275,172.217.194.0-255,105,126052,14,126052
10033,0.0,172.217.194.0-255,153,153,14,62137
10034,2e-05,172.217.194.0-255,1484,1637,14,62137
10035,3.2e-05,172.31.36.0-255,66,1703,14,62137
10036,4.2e-05,172.217.194.0-255,2902,4605,14,62137
10037,6.6e-05,172.217.194.0-255,2000,6605,14,62137
10038,7e-05,172.217.194.0-255,2902,9507,14,62137
10039,7.5e-05,172.217.194.0-255,2902,12409,14,62137
10040,0.000101,172.217.194.0-255,4320,16729,14,62137
10041,0.000157,172.217.194.0-255,4320,21049,14,62137
10042,0.000172,172.217.194.0-255,2902,23951,14,62137
10043,0.000175,172.217.194.0-255,1484,25435,14,62137
10044,0.000233,172.31.36.0-255,66,25501,14,62137
10045,0.000239,172.217.194.0-255,3961,29462,14,62137
10046,0.000251,172.31.36.0-255,66,29528,14,62137
10047,0.000355,172.217.194.0-255,98,29626,14,62137
10048,0.000416,172.217.194.0-255,363,29989,14,62137
10049,0.000519,172.31.36.0-255,66,30055,14,62137
10050,0.000793,172.217.194.0-255,1484,31539,14,62137
10051,0.0008,172.217.194.0-255,2902,34441,14,62137
10052,0.000803,172.217.194.0-255,1484,35925,14,62137
10053,0.000816,172.31.36.0-255,66,35991,14,62137
10054,0.000823,172.217.194.0-255,4320,40311,14,62137
10055,0.000864,172.31.36.0-255,66,40377,14,62137
10056,0.00089,172.217.194.0-255,766,41143,14,62137
10057,0.001285,172.217.194.0-255,1484,42627,14,62137
10058,0.001291,172.31.36.0-255,66,42693,14,62137
10059,0.001296,172.217.194.0-255,1484,44177,14,62137
10060,0.001322,172.217.194.0-255,1484,45661,14,62137
10061,0.001353,172.31.36.0-255,66,45727,14,62137
10062,0.001397,172.217.194.0-255,766,46493,14,62137
10063,0.001409,172.31.36.0-255,66,46559,14,62137
10064,0.001674,172.217.194.0-255,1484,48043,14,62137
10065,0.00168,172.217.194.0-255,2902,50945,14,62137
10066,0.001684,172.31.36.0-255,66,51011,14,62137
10067,0.001723,172.217.194.0-255,1484,52495,14,62137
10068,0.001735,172.31.36.0-255,66,52561,14,62137
10069,0.001787,172.31.36.0-255,66,52627,14,62137
10070,0.00182,172.217.194.0-255,1484,54111,14,62137
10071,0.001855,172.31.36.0-255,66,54177,14,62137
10072,0.001861,172.31.36.0-255,66,54243,14,62137
10073,0.001914,172.31.36.0-255,66,54309,14,62137
10074,0.001965,172.31.36.0-255,66,54375,14,62137
10075,0.001994,172.217.194.0-255,1484,55859,14,62137
10076,0.002038,172.217.194.0-255,1484,57343,14,62137
10077,0.002082,172.217.194.0-255,4320,61663,14,62137
10078,0.002139,172.31.36.0-255,66,61729,14,62137
10079,0.002209,172.31.36.0-255,66,61795,14,62137
10080,0.002253,172.217.194.0-255,105,61900,14,62137
10081,0.002265,172.31.36.0-255,66,61966,14,62137
10082,0.004303,172.31.36.0-255,105,62071,14,62137
10083,0.006863,172.217.194.0-255,66,62137,14,62137
10084,0.0,172.217.194.0-255,301,301,14,91387
10085,2.5e-05,172.31.36.0-255,66,367,14,91387
10086,3.1e-05,172.217.194.0-255,1484,1851,14,91387
10087,3.4e-05,172.31.36.0-255,66,1917,14,91387
10088,4e-05,172.217.194.0-255,4320,6237,14,91387
10089,5.1e-05,172.31.36.0-255,66,6303,14,91387
10090,6.2e-05,172.31.36.0-255,66,6369,14,91387
10091,7.9e-05,172.217.194.0-255,1484,7853,14,91387
10092,8.1e-05,172.31.36.0-255,66,7919,14,91387
10093,0.000124,172.31.36.0-255,66,7985,14,91387
10094,0.000134,172.31.36.0-255,66,8051,14,91387
10095,0.000216,172.217.194.0-255,1484,9535,14,91387
10096,0.00022,172.31.36.0-255,66,9601,14,91387
10097,0.000225,172.217.194.0-255,2902,12503,14,91387
10098,0.000227,172.31.36.0-255,66,12569,14,91387
10099,0.000242,172.31.36.0-255,66,12635,14,91387
10100,0.000284,172.31.36.0-255,66,12701,14,91387
10101,0.000305,172.31.36.0-255,66,12767,14,91387
10102,0.00031,172.217.194.0-255,2835,15602,14,91387
10103,0.000312,172.31.36.0-255,66,15668,14,91387
10104,0.000333,172.217.194.0-255,364,16032,14,91387
10105,0.000337,172.31.36.0-255,66,16098,14,91387
10106,0.00039,172.217.194.0-255,1484,17582,14,91387
10107,0.000394,172.31.36.0-255,66,17648,14,91387
10108,0.0004,172.217.194.0-255,4320,21968,14,91387
10109,0.000403,172.31.36.0-255,66,22034,14,91387
10110,0.000408,172.217.194.0-255,4320,26354,14,91387
10111,0.000416,172.31.36.0-255,66,26420,14,91387
10112,0.000425,172.31.36.0-255,66,26486,14,91387
10113,0.000468,172.31.36.0-255,66,26552,14,91387
10114,0.000478,172.31.36.0-255,66,26618,14,91387
10115,0.000507,172.217.194.0-255,1484,28102,14,91387
10116,0.000512,172.217.194.0-255,2902,31004,14,91387
10117,0.000516,172.31.36.0-255,66,31070,14,91387
10118,0.00055,172.31.36.0-255,66,31136,14,91387
10119,0.000566,172.31.36.0-255,66,31202,14,91387
10120,0.000594,172.217.194.0-255,1484,32686,14,91387
10121,0.000607,172.31.36.0-255,66,32752,14,91387
10122,0.000612,172.217.194.0-255,1634,34386,14,91387
10123,0.000614,172.31.36.0-255,66,34452,14,91387
10124,0.000635,172.217.194.0-255,2902,37354,14,91387
10125,0.000644,172.31.36.0-255,66,37420,14,91387
10126,0.00068,172.31.36.0-255,66,37486,14,91387
10127,0.000689,172.31.36.0-255,66,37552,14,91387
10128,0.000712,172.31.36.0-255,66,37618,14,91387
10129,0.000735,172.217.194.0-255,3602,41220,14,91387
10130,0.000738,172.31.36.0-255,66,41286,14,91387
10131,0.000743,172.217.194.0-255,4320,45606,14,91387
10132,0.000746,172.31.36.0-255,66,45672,14,91387
10133,0.000749,172.217.194.0-255,1484,47156,14,91387
10134,0.000792,172.31.36.0-255,66,47222,14,91387
10135,0.000797,172.217.194.0-255,2543,49765,14,91387
10136,0.000799,172.31.36.0-255,66,49831,14,91387
10137,0.000967,172.217.194.0-255,1484,51315,14,91387
10138,0.000984,172.217.194.0-255,2902,54217,14,91387
10139,0.000987,172.31.36.0-255,66,54283,14,91387
10140,0.000996,172.31.36.0-255,66,54349,14,91387
10141,0.001067,172.31.36.0-255,66,54415,14,91387
10142,0.001101,172.31.36.0-255,66,54481,14,91387
10143,0.001119,172.31.36.0-255,66,54547,14,91387
10144,0.001123,172.217.194.0-255,2902,57449,14,91387
10145,0.001126,172.31.36.0-255,66,57515,14,91387
10146,0.001155,172.31.36.0-255,66,57581,14,91387
10147,0.001171,172.31.36.0-255,66,57647,14,91387
10148,0.001196,172.217.194.0-255,4320,61967,14,91387
10149,0.001204,172.31.36.0-255,66,62033,14,91387
10150,0.001217,172.31.36.0-255,66,62099,14,91387
10151,0.001241,172.217.194.0-255,1484,63583,14,91387
10152,0.001257,172.217.194.0-255,2902,66485,14,91387
10153,0.001262,172.31.36.0-255,66,66551,14,91387
10154,0.001266,172.31.36.0-255,66,66617,14,91387
10155,0.001302,172.31.36.0-255,66,66683,14,91387
10156,0.001323,172.31.36.0-255,66,66749,14,91387
10157,0.001326,172.217.194.0-255,1484,68233,14,91387
10158,0.001355,172.217.194.0-255,4320,72553,14,91387
10159,0.001359,172.31.36.0-255,66,72619,14,91387
10160,0.001368,172.31.36.0-255,66,72685,14,91387
10161,0.001389,172.31.36.0-255,66,72751,14,91387
10162,0.001399,172.31.36.0-255,66,72817,14,91387
10163,0.001594,172.217.194.0-255,1484,74301,14,91387
10164,0.001599,172.217.194.0-255,1484,75785,14,91387
10165,0.001602,172.31.36.0-255,66,75851,14,91387
10166,0.001628,172.217.194.0-255,1484,77335,14,91387
10167,0.001638,172.31.36.0-255,66,77401,14,91387
10168,0.001642,172.217.194.0-255,1484,78885,14,91387
10169,0.001645,172.217.194.0-255,1484,80369,14,91387
10170,0.001647,172.31.36.0-255,66,80435,14,91387
10171,0.001685,172.31.36.0-255,66,80501,14,91387
10172,0.001702,172.31.36.0-255,66,80567,14,91387
10173,0.001727,172.217.194.0-255,1484,82051,14,91387
10174,0.001732,172.217.194.0-255,2902,84953,14,91387
10175,0.001735,172.31.36.0-255,66,85019,14,91387
10176,0.001738,172.217.194.0-255,1484,86503,14,91387
10177,0.001764,172.217.194.0-255,4320,90823,14,91387
10178,0.001767,172.31.36.0-255,66,90889,14,91387
10179,0.001777,172.31.36.0-255,66,90955,14,91387
10180,0.001804,172.31.36.0-255,66,91021,14,91387
10181,0.001814,172.31.36.0-255,66,91087,14,91387
10182,0.001884,172.31.36.0-255,66,91153,14,91387
10183,0.001887,172.217.194.0-255,105,91258,14,91387
10184,0.00189,172.217.194.0-255,129,91387,14,91387
10185,0.0,216.58.221.0-255,298,298,14,149005
10186,2.6e-05,216.58.221.0-255,1484,1782,14,149005
10187,3.4e-05,172.31.36.0-255,66,1848,14,149005
10188,4.2e-05,216.58.221.0-255,4320,6168,14,149005
10189,4.4e-05,172.31.36.0-255,66,6234,14,149005
10190,4.9e-05,216.58.221.0-255,2902,9136,14,149005
10191,5.1e-05,172.31.36.0-255,66,9202,14,149005
10192,8.7e-05,216.58.221.0-255,4320,13522,14,149005
10193,9e-05,172.31.36.0-255,66,13588,14,149005
10194,0.000135,172.31.36.0-255,66,13654,14,149005
10195,0.000145,172.31.36.0-255,66,13720,14,149005
10196,0.000517,216.58.221.0-255,1484,15204,14,149005
10197,0.000522,216.58.221.0-255,2902,18106,14,149005
10198,0.000526,172.31.36.0-255,66,18172,14,149005
10199,0.00055,172.31.36.0-255,66,18238,14,149005
10200,0.000591,172.31.36.0-255,66,18304,14,149005
10201,0.000605,172.31.36.0-255,66,18370,14,149005
10202,0.000635,216.58.221.0-255,1394,19764,14,149005
10203,0.001178,216.58.221.0-255,387,20151,14,149005
10204,0.001184,172.31.36.0-255,66,20217,14,149005
10205,0.001311,216.58.221.0-255,1484,21701,14,149005
10206,0.001318,216.58.221.0-255,2902,24603,14,149005
10207,0.001321,172.31.36.0-255,66,24669,14,149005
10208,0.001326,216.58.221.0-255,1484,26153,14,149005
10209,0.001347,216.58.221.0-255,2902,29055,14,149005
10210,0.001349,172.31.36.0-255,66,29121,14,149005
10211,0.001382,172.31.36.0-255,66,29187,14,149005
10212,0.001394,216.58.221.0-255,1484,30671,14,149005
10213,0.001402,216.58.221.0-255,2902,33573,14,149005
10214,0.001405,172.31.36.0-255,66,33639,14,149005
10215,0.001411,216.58.221.0-255,4320,37959,14,149005
10216,0.001413,172.31.36.0-255,66,38025,14,149005
10217,0.001448,216.58.221.0-255,1484,39509,14,149005
10218,0.00146,172.31.36.0-255,66,39575,14,149005
10219,0.001532,216.58.221.0-255,1484,41059,14,149005
10220,0.001538,216.58.221.0-255,2902,43961,14,149005
10221,0.001541,172.31.36.0-255,66,44027,14,149005
10222,0.001546,216.58.221.0-255,2902,46929,14,149005
10223,0.001549,172.31.36.0-255,66,46995,14,149005
10224,0.001574,216.58.221.0-255,2902,49897,14,149005
10225,0.001578,172.31.36.0-255,66,49963,14,149005
10226,0.001595,172.31.36.0-255,66,50029,14,149005
10227,0.001632,216.58.221.0-255,4320,54349,14,149005
10228,0.001636,172.31.36.0-255,66,54415,14,149005
10229,0.001645,172.31.36.0-255,66,54481,14,149005
10230,0.001658,216.58.221.0-255,3602,58083,14,149005
10231,0.001661,172.31.36.0-255,66,58149,14,149005
10232,0.001666,216.58.221.0-255,4320,62469,14,149005
10233,0.001671,172.31.36.0-255,66,62535,14,149005
10234,0.001708,172.31.36.0-255,66,62601,14,149005
10235,0.001728,172.31.36.0-255,66,62667,14,149005
10236,0.001733,216.58.221.0-255,2902,65569,14,149005
10237,0.001736,172.31.36.0-255,66,65635,14,149005
10238,0.001776,172.31.36.0-255,66,65701,14,149005
10239,0.00211,216.58.221.0-255,1484,67185,14,149005
10240,0.002116,216.58.221.0-255,2902,70087,14,149005
10241,0.002119,172.31.36.0-255,66,70153,14,149005
10242,0.002124,216.58.221.0-255,2902,73055,14,149005
10243,0.002126,172.31.36.0-255,66,73121,14,149005
10244,0.002129,216.58.221.0-255,1484,74605,14,149005
10245,0.002167,172.31.36.0-255,66,74671,14,149005
10246,0.002177,172.31.36.0-255,66,74737,14,149005
10247,0.002197,216.58.221.0-255,2902,77639,14,149005
10248,0.002198,172.31.36.0-255,66,77705,14,149005
10249,0.002235,216.58.221.0-255,1484,79189,14,149005
10250,0.002281,216.58.221.0-255,2902,82091,14,149005
10251,0.002283,172.31.36.0-255,66,82157,14,149005
10252,0.002286,216.58.221.0-255,1484,83641,14,149005
10253,0.00231,216.58.221.0-255,2184,85825,14,149005
10254,0.002312,172.31.36.0-255,66,85891,14,149005
10255,0.002428,216.58.221.0-255,1484,87375,14,149005
10256,0.002441,216.58.221.0-255,2902,90277,14,149005
10257,0.002443,172.31.36.0-255,66,90343,14,149005
10258,0.002502,216.58.221.0-255,1484,91827,14,149005
10259,0.002505,216.58.221.0-255,1484,93311,14,149005
10260,0.002507,172.31.36.0-255,66,93377,14,149005
10261,0.002524,216.58.221.0-255,1484,94861,14,149005
10262,0.002533,172.31.36.0-255,66,94927,14,149005
10263,0.002538,216.58.221.0-255,4320,99247,14,149005
10264,0.002541,172.31.36.0-255,66,99313,14,149005
10265,0.002575,172.31.36.0-255,66,99379,14,149005
10266,0.002587,172.31.36.0-255,66,99445,14,149005
10267,0.002592,216.58.221.0-255,4320,103765,14,149005
10268,0.002598,172.31.36.0-255,66,103831,14,149005
10269,0.002626,216.58.221.0-255,2902,106733,14,149005
10270,0.002628,172.31.36.0-255,66,106799,14,149005
10271,0.002636,216.58.221.0-255,2902,109701,14,149005
10272,0.002638,172.31.36.0-255,66,109767,14,149005
10273,0.002654,172.31.36.0-255,66,109833,14,149005
10274,0.00268,216.58.221.0-255,2902,112735,14,149005
10275,0.002686,172.31.36.0-255,66,112801,14,149005
10276,0.002691,216.58.221.0-255,4320,117121,14,149005
10277,0.002693,172.31.36.0-255,66,117187,14,149005
10278,0.002698,216.58.221.0-255,4320,121507,14,149005
10279,0.0027,172.31.36.0-255,66,121573,14,149005
10280,0.002733,172.31.36.0-255,66,121639,14,149005
10281,0.002738,216.58.221.0-255,4320,125959,14,149005
10282,0.002741,172.31.36.0-255,66,126025,14,149005
10283,0.002773,172.31.36.0-255,66,126091,14,149005
10284,0.002782,172.31.36.0-255,66,126157,14,149005
10285,0.002788,216.58.221.0-255,4320,130477,14,149005
10286,0.002794,172.31.36.0-255,66,130543,14,149005
10287,0.002835,172.31.36.0-255,66,130609,14,149005
10288,0.002839,216.58.221.0-255,766,131375,14,149005
10289,0.002876,216.58.221.0-255,1484,132859,14,149005
10290,0.002878,172.31.36.0-255,66,132925,14,149005
10291,0.002883,216.58.221.0-255,2902,135827,14,149005
10292,0.002885,172.31.36.0-255,66,135893,14,149005
10293,0.002888,216.58.221.0-255,1484,137377,14,149005
10294,0.002917,216.58.221.0-255,1484,138861,14,149005
10295,0.002919,172.31.36.0-255,66,138927,14,149005
10296,0.002925,216.58.221.0-255,4320,143247,14,149005
10297,0.002927,172.31.36.0-255,66,143313,14,149005
10298,0.002941,172.31.36.0-255,66,143379,14,149005
10299,0.002975,172.31.36.0-255,66,143445,14,149005
10300,0.003002,172.31.36.0-255,66,143511,14,149005
10301,0.003007,216.58.221.0-255,2902,146413,14,149005
10302,0.003009,172.31.36.0-255,66,146479,14,149005
10303,0.003052,172.31.36.0-255,66,146545,14,149005
10304,0.003086,216.58.221.0-255,2184,148729,14,149005
10305,0.00311,216.58.221.0-255,105,148834,14,149005
10306,0.006351,172.31.36.0-255,66,148900,14,149005
10307,0.008967,172.31.36.0-255,105,149005,14,149005
10308,0.0,74.125.24.0-255,289,289,14,121685
10309,2.3e-05,172.31.36.0-255,66,355,14,121685
10310,3e-05,74.125.24.0-255,1484,1839,14,121685
10311,3.4e-05,172.31.36.0-255,66,1905,14,121685
10312,5.1e-05,74.125.24.0-255,4320,6225,14,121685
10313,5.4e-05,172.31.36.0-255,66,6291,14,121685
10314,6.8e-05,172.31.36.0-255,66,6357,14,121685
10315,8.4e-05,172.31.36.0-255,66,6423,14,121685
10316,0.000129,74.125.24.0-255,1484,7907,14,121685
10317,0.000132,172.31.36.0-255,66,7973,14,121685
10318,0.000138,74.125.24.0-255,2902,10875,14,121685
10319,0.00014,172.31.36.0-255,66,10941,14,121685
10320,0.000149,172.31.36.0-255,66,11007,14,121685
10321,0.000153,74.125.24.0-255,2902,13909,14,121685
10322,0.000156,172.31.36.0-255,66,13975,14,121685
10323,0.000194,74.125.24.0-255,4320,18295,14,121685
10324,0.000197,172.31.36.0-255,66,18361,14,121685
10325,0.000213,172.31.36.0-255,66,18427,14,121685
10326,0.000217,74.125.24.0-255,2481,20908,14,121685
10327,0.00022,172.31.36.0-255,66,20974,14,121685
10328,0.000245,74.125.24.0-255,132,21106,14,121685
10329,0.000248,172.31.36.0-255,66,21172,14,121685
10330,0.000369,74.125.24.0-255,1484,22656,14,121685
10331,0.000373,172.31.36.0-255,66,22722,14,121685
10332,0.000377,74.125.24.0-255,1484,24206,14,121685
10333,0.000379,172.31.36.0-255,66,24272,14,121685
10334,0.000411,74.125.24.0-255,1484,25756,14,121685
10335,0.000414,172.31.36.0-255,66,25822,14,121685
10336,0.000424,172.31.36.0-255,66,25888,14,121685
10337,0.000432,172.31.36.0-255,66,25954,14,121685
10338,0.000473,172.31.36.0-255,66,26020,14,121685
10339,0.0005,74.125.24.0-255,2902,28922,14,121685
10340,0.000502,172.31.36.0-255,66,28988,14,121685
10341,0.000511,172.31.36.0-255,66,29054,14,121685
10342,0.001054,74.125.24.0-255,1484,30538,14,121685
10343,0.001078,74.125.24.0-255,2902,33440,14,121685
10344,0.001082,172.31.36.0-255,66,33506,14,121685
10345,0.001119,172.31.36.0-255,66,33572,14,121685
10346,0.00113,172.31.36.0-255,66,33638,14,121685
10347,0.001134,74.125.24.0-255,1484,35122,14,121685
10348,0.001167,172.31.36.0-255,66,35188,14,121685
10349,0.001173,74.125.24.0-255,4320,39508,14,121685
10350,0.001175,172.31.36.0-255,66,39574,14,121685
10351,0.001198,74.125.24.0-255,766,40340,14,121685
10352,0.001223,74.125.24.0-255,1484,41824,14,121685
10353,0.001226,172.31.36.0-255,66,41890,14,121685
10354,0.001232,74.125.24.0-255,2902,44792,14,121685
10355,0.001234,172.31.36.0-255,66,44858,14,121685
10356,0.001237,74.125.24.0-255,1484,46342,14,121685
10357,0.001263,74.125.24.0-255,4320,50662,14,121685
10358,0.001265,172.31.36.0-255,66,50728,14,121685
10359,0.001281,172.31.36.0-255,66,50794,14,121685
10360,0.00129,172.31.36.0-255,66,50860,14,121685
10361,0.001321,74.125.24.0-255,3602,54462,14,121685
10362,0.001323,172.31.36.0-255,66,54528,14,121685
10363,0.001353,74.125.24.0-255,4320,58848,14,121685
10364,0.001357,172.31.36.0-255,66,58914,14,121685
10365,0.001366,172.31.36.0-255,66,58980,14,121685
10366,0.001395,74.125.24.0-255,4320,63300,14,121685
10367,0.001398,172.31.36.0-255,66,63366,14,121685
10368,0.001408,172.31.36.0-255,66,63432,14,121685
10369,0.001441,172.31.36.0-255,66,63498,14,121685
10370,0.002241,74.125.24.0-255,1484,64982,14,121685
10371,0.002248,74.125.24.0-255,2902,67884,14,121685
10372,0.002251,172.31.36.0-255,66,67950,14,121685
10373,0.002288,172.31.36.0-255,66,68016,14,121685
10374,0.002301,172.31.36.0-255,66,68082,14,121685
10375,0.002328,74.125.24.0-255,1484,69566,14,121685
10376,0.002359,74.125.24.0-255,4320,73886,14,121685
10377,0.002362,172.31.36.0-255,66,73952,14,121685
10378,0.002385,172.31.36.0-255,66,74018,14,121685
10379,0.002454,74.125.24.0-255,1484,75502,14,121685
10380,0.00246,74.125.24.0-255,2902,78404,14,121685
10381,0.002463,172.31.36.0-255,66,78470,14,121685
10382,0.002472,172.31.36.0-255,66,78536,14,121685
10383,0.002525,172.31.36.0-255,66,78602,14,121685
10384,0.002562,172.31.36.0-255,66,78668,14,121685
10385,0.002605,74.125.24.0-255,1484,80152,14,121685
10386,0.00261,74.125.24.0-255,2902,83054,14,121685
10387,0.002612,172.31.36.0-255,66,83120,14,121685
10388,0.002648,74.125.24.0-255,2902,86022,14,121685
10389,0.00265,172.31.36.0-255,66,86088,14,121685
10390,0.002682,74.125.24.0-255,2902,88990,14,121685
10391,0.002685,172.31.36.0-255,66,89056,14,121685
10392,0.002698,172.31.36.0-255,66,89122,14,121685
10393,0.002701,74.125.24.0-255,1484,90606,14,121685
10394,0.002712,172.31.36.0-255,66,90672,14,121685
10395,0.003419,74.125.24.0-255,1484,92156,14,121685
10396,0.003427,74.125.24.0-255,2902,95058,14,121685
10397,0.003431,172.31.36.0-255,66,95124,14,121685
10398,0.003435,74.125.24.0-255,1484,96608,14,121685
10399,0.003462,74.125.24.0-255,4320,100928,14,121685
10400,0.003465,172.31.36.0-255,66,100994,14,121685
10401,0.003468,74.125.24.0-255,1484,102478,14,121685
10402,0.003472,74.125.24.0-255,2902,105380,14,121685
10403,0.003474,172.31.36.0-255,66,105446,14,121685
10404,0.003488,172.31.36.0-255,66,105512,14,121685
10405,0.0035,172.31.36.0-255,66,105578,14,121685
10406,0.003531,74.125.24.0-255,4320,109898,14,121685
10407,0.003534,172.31.36.0-255,66,109964,14,121685
10408,0.003537,74.125.24.0-255,766,110730,14,121685
10409,0.003737,74.125.24.0-255,1484,112214,14,121685
10410,0.003741,172.31.36.0-255,66,112280,14,121685
10411,0.003746,74.125.24.0-255,2902,115182,14,121685
10412,0.003749,172.31.36.0-255,66,115248,14,121685
10413,0.003781,172.31.36.0-255,66,115314,14,121685
10414,0.003783,74.125.24.0-255,1484,116798,14,121685
10415,0.003787,74.125.24.0-255,1484,118282,14,121685
10416,0.003789,172.31.36.0-255,66,118348,14,121685
10417,0.003793,74.125.24.0-255,2902,121250,14,121685
10418,0.003796,172.31.36.0-255,66,121316,14,121685
10419,0.003845,172.31.36.0-255,66,121382,14,121685
10420,0.003855,172.31.36.0-255,66,121448,14,121685
10421,0.003868,172.31.36.0-255,66,121514,14,121685
10422,0.003881,172.31.36.0-255,66,121580,14,121685
10423,0.003905,74.125.24.0-255,105,121685,14,121685
10424,0.0,74.125.24.0-255,153,153,14,125321
10425,1.4e-05,172.31.36.0-255,66,219,14,125321
10426,2.1e-05,74.125.24.0-255,1484,1703,14,125321
10427,2.5e-05,172.31.36.0-255,66,1769,14,125321
10428,3.8e-05,74.125.24.0-255,2902,4671,14,125321
10429,4.1e-05,172.31.36.0-255,66,4737,14,125321
10430,5.2e-05,172.31.36.0-255,66,4803,14,125321
10431,0.000114,172.31.36.0-255,66,4869,14,125321
10432,0.000123,172.31.36.0-255,66,4935,14,125321
10433,0.000405,74.125.24.0-255,1484,6419,14,125321
10434,0.000411,172.31.36.0-255,66,6485,14,125321
10435,0.000418,74.125.24.0-255,2902,9387,14,125321
10436,0.00042,172.31.36.0-255,66,9453,14,125321
10437,0.000435,172.31.36.0-255,66,9519,14,125321
10438,0.000483,172.31.36.0-255,66,9585,14,125321
10439,0.00053,172.31.36.0-255,66,9651,14,125321
10440,0.000556,74.125.24.0-255,4212,13863,14,125321
10441,0.000559,172.31.36.0-255,66,13929,14,125321
10442,0.000562,74.125.24.0-255,1484,15413,14,125321
10443,0.000564,172.31.36.0-255,66,15479,14,125321
10444,0.000567,74.125.24.0-255,1484,16963,14,125321
10445,0.000569,172.31.36.0-255,66,17029,14,125321
10446,0.000605,74.125.24.0-255,1484,18513,14,125321
10447,0.000608,172.31.36.0-255,66,18579,14,125321
10448,0.000618,172.31.36.0-255,66,18645,14,125321
10449,0.000629,74.125.24.0-255,4320,22965,14,125321
10450,0.000632,172.31.36.0-255,66,23031,14,125321
10451,0.000645,172.31.36.0-255,66,23097,14,125321
10452,0.000648,74.125.24.0-255,1484,24581,14,125321
10453,0.000683,172.31.36.0-255,66,24647,14,125321
10454,0.001228,74.125.24.0-255,1484,26131,14,125321
10455,0.001234,74.125.24.0-255,2902,29033,14,125321
10456,0.001237,172.31.36.0-255,66,29099,14,125321
10457,0.001246,172.31.36.0-255,66,29165,14,125321
10458,0.001288,172.31.36.0-255,66,29231,14,125321
10459,0.001293,74.125.24.0-255,2902,32133,14,125321
10460,0.001295,172.31.36.0-255,66,32199,14,125321
10461,0.001326,172.31.36.0-255,66,32265,14,125321
10462,0.001352,172.31.36.0-255,66,32331,14,125321
10463,0.001362,172.31.36.0-255,66,32397,14,125321
10464,0.001415,172.31.36.0-255,66,32463,14,125321
10465,0.001422,172.31.36.0-255,66,32529,14,125321
10466,0.001814,74.125.24.0-255,1484,34013,14,125321
10467,0.001834,74.125.24.0-255,2902,36915,14,125321
10468,0.001838,172.31.36.0-255,66,36981,14,125321
10469,0.001847,172.31.36.0-255,66,37047,14,125321
10470,0.001851,74.125.24.0-255,2902,39949,14,125321
10471,0.001859,172.31.36.0-255,66,40015,14,125321
10472,0.001901,172.31.36.0-255,66,40081,14,125321
10473,0.001907,74.125.24.0-255,4320,44401,14,125321
10474,0.001909,172.31.36.0-255,66,44467,14,125321
10475,0.001941,172.31.36.0-255,66,44533,14,125321
10476,0.001944,74.125.24.0-255,766,45299,14,125321
10477,0.002128,74.125.24.0-255,1484,46783,14,125321
10478,0.002132,172.31.36.0-255,66,46849,14,125321
10479,0.002138,74.125.24.0-255,2902,49751,14,125321
10480,0.00214,172.31.36.0-255,66,49817,14,125321
10481,0.002172,74.125.24.0-255,2902,52719,14,125321
10482,0.002175,172.31.36.0-255,66,52785,14,125321
10483,0.002178,74.125.24.0-255,1484,54269,14,125321
10484,0.002181,74.125.24.0-255,1484,55753,14,125321
10485,0.002183,172.31.36.0-255,66,55819,14,125321
10486,0.002213,74.125.24.0-255,4320,60139,14,125321
10487,0.002216,172.31.36.0-255,66,60205,14,125321
10488,0.002225,172.31.36.0-255,66,60271,14,125321
10489,0.002233,74.125.24.0-255,1484,61755,14,125321
10490,0.002236,74.125.24.0-255,1484,63239,14,125321
10491,0.002238,172.31.36.0-255,66,63305,14,125321
10492,0.002276,172.31.36.0-255,66,63371,14,125321
10493,0.002281,74.125.24.0-255,3602,66973,14,125321
10494,0.002283,172.31.36.0-255,66,67039,14,125321
10495,0.0024,74.125.24.0-255,1484,68523,14,125321
10496,0.002419,74.125.24.0-255,2902,71425,14,125321
10497,0.002422,172.31.36.0-255,66,71491,14,125321
10498,0.002427,74.125.24.0-255,2902,74393,14,125321
10499,0.002429,172.31.36.0-255,66,74459,14,125321
10500,0.002461,74.125.24.0-255,2902,77361,14,125321
10501,0.002463,172.31.36.0-255,66,77427,14,125321
10502,0.002466,74.125.24.0-255,1484,78911,14,125321
10503,0.002508,172.31.36.0-255,66,78977,14,125321
10504,0.002517,172.31.36.0-255,66,79043,14,125321
10505,0.002546,172.31.36.0-255,66,79109,14,125321
10506,0.002593,74.125.24.0-255,1484,80593,14,125321
10507,0.002598,74.125.24.0-255,2902,83495,14,125321
10508,0.002602,172.31.36.0-255,66,83561,14,125321
10509,0.002619,74.125.24.0-255,2902,86463,14,125321
10510,0.002622,172.31.36.0-255,66,86529,14,125321
10511,0.002653,74.125.24.0-255,2902,89431,14,125321
10512,0.002657,172.31.36.0-255,66,89497,14,125321
10513,0.002673,172.31.36.0-255,66,89563,14,125321
10514,0.002678,74.125.24.0-255,4320,93883,14,125321
10515,0.002681,172.31.36.0-255,66,93949,14,125321
10516,0.002685,74.125.24.0-255,2902,96851,14,125321
10517,0.002687,172.31.36.0-255,66,96917,14,125321
10518,0.00273,172.31.36.0-255,66,96983,14,125321
10519,0.002765,74.125.24.0-255,1484,98467,14,125321
10520,0.002769,74.125.24.0-255,2902,101369,14,125321
10521,0.002772,172.31.36.0-255,66,101435,14,125321
10522,0.002806,172.31.36.0-255,66,101501,14,125321
10523,0.002818,172.31.36.0-255,66,101567,14,125321
10524,0.002848,74.125.24.0-255,1484,103051,14,125321
10525,0.002861,172.31.36.0-255,66,103117,14,125321
10526,0.002886,74.125.24.0-255,3602,106719,14,125321
10527,0.002889,172.31.36.0-255,66,106785,14,125321
10528,0.0029,172.31.36.0-255,66,106851,14,125321
10529,0.002905,74.125.24.0-255,4320,111171,14,125321
10530,0.002912,172.31.36.0-255,66,111237,14,125321
10531,0.00294,74.125.24.0-255,4320,115557,14,125321
10532,0.002943,172.31.36.0-255,66,115623,14,125321
10533,0.002964,172.31.36.0-255,66,115689,14,125321
10534,0.002975,74.125.24.0-255,1484,117173,14,125321
10535,0.002979,74.125.24.0-255,2184,119357,14,125321
10536,0.002985,172.31.36.0-255,66,119423,14,125321
10537,0.00299,74.125.24.0-255,4320,123743,14,125321
10538,0.002993,172.31.36.0-255,66,123809,14,125321
10539,0.003029,172.31.36.0-255,66,123875,14,125321
10540,0.003032,74.125.24.0-255,1341,125216,14,125321
10541,0.003053,74.125.24.0-255,105,125321,14,125321
10542,0.0,172.217.194.0-255,153,153,14,110137
10543,3.9e-05,172.217.194.0-255,1484,1637,14,110137
10544,5.1e-05,172.31.36.0-255,66,1703,14,110137
10545,9e-05,172.217.194.0-255,2902,4605,14,110137
10546,9.5e-05,172.31.36.0-255,66,4671,14,110137
10547,0.000101,172.217.194.0-255,4320,8991,14,110137
10548,0.000104,172.31.36.0-255,66,9057,14,110137
10549,0.000109,172.217.194.0-255,4320,13377,14,110137
10550,0.000112,172.31.36.0-255,66,13443,14,110137
10551,0.000145,172.31.36.0-255,66,13509,14,110137
10552,0.000148,172.217.194.0-255,1484,14993,14,110137
10553,0.000202,172.31.36.0-255,66,15059,14,110137
10554,0.000248,172.217.194.0-255,1484,16543,14,110137
10555,0.000271,172.217.194.0-255,2902,19445,14,110137
10556,0.000273,172.31.36.0-255,66,19511,14,110137
10557,0.000282,172.31.36.0-255,66,19577,14,110137
10558,0.000333,172.31.36.0-255,66,19643,14,110137
10559,0.00036,172.217.194.0-255,3961,23604,14,110137
10560,0.000363,172.31.36.0-255,66,23670,14,110137
10561,0.000399,172.31.36.0-255,66,23736,14,110137
10562,0.000523,172.217.194.0-255,1484,25220,14,110137
10563,0.000529,172.217.194.0-255,2902,28122,14,110137
10564,0.000533,172.31.36.0-255,66,28188,14,110137
10565,0.000538,172.217.194.0-255,2902,31090,14,110137
10566,0.00054,172.31.36.0-255,66,31156,14,110137
10567,0.000569,172.217.194.0-255,2902,34058,14,110137
10568,0.000572,172.31.36.0-255,66,34124,14,110137
10569,0.000586,172.31.36.0-255,66,34190,14,110137
10570,0.000596,172.31.36.0-255,66,34256,14,110137
10571,0.00064,172.217.194.0-255,3602,37858,14,110137
10572,0.000643,172.31.36.0-255,66,37924,14,110137
10573,0.000737,172.217.194.0-255,1484,39408,14,110137
10574,0.000743,172.217.194.0-255,2902,42310,14,110137
10575,0.000746,172.31.36.0-255,66,42376,14,110137
10576,0.000752,172.217.194.0-255,2902,45278,14,110137
10577,0.000755,172.31.36.0-255,66,45344,14,110137
10578,0.000775,172.217.194.0-255,2902,48246,14,110137
10579,0.000777,172.31.36.0-255,66,48312,14,110137
10580,0.000796,172.31.36.0-255,66,48378,14,110137
10581,0.000808,172.31.36.0-255,66,48444,14,110137
10582,0.00084,172.217.194.0-255,2184,50628,14,110137
10583,0.000843,172.31.36.0-255,66,50694,14,110137
10584,0.001496,172.217.194.0-255,1484,52178,14,110137
10585,0.001504,172.217.194.0-255,2902,55080,14,110137
10586,0.001507,172.31.36.0-255,66,55146,14,110137
10587,0.001516,172.31.36.0-255,66,55212,14,110137
10588,0.001566,172.31.36.0-255,66,55278,14,110137
10589,0.001601,172.217.194.0-255,4320,59598,14,110137
10590,0.001604,172.31.36.0-255,66,59664,14,110137
10591,0.001636,172.31.36.0-255,66,59730,14,110137
10592,0.00164,172.217.194.0-255,2902,62632,14,110137
10593,0.001642,172.31.36.0-255,66,62698,14,110137
10594,0.001672,172.217.194.0-255,2902,65600,14,110137
10595,0.001675,172.31.36.0-255,66,65666,14,110137
10596,0.001685,172.31.36.0-255,66,65732,14,110137
10597,0.001735,172.31.36.0-255,66,65798,14,110137
10598,0.001777,172.31.36.0-255,66,65864,14,110137
10599,0.001937,172.217.194.0-255,1484,67348,14,110137
10600,0.001943,172.217.194.0-255,2902,70250,14,110137
10601,0.001946,172.31.36.0-255,66,70316,14,110137
10602,0.00198,172.31.36.0-255,66,70382,14,110137
10603,0.001984,172.217.194.0-255,1484,71866,14,110137
10604,0.002009,172.31.36.0-255,66,71932,14,110137
10605,0.002015,172.217.194.0-255,4320,76252,14,110137
10606,0.002017,172.31.36.0-255,66,76318,14,110137
10607,0.00207,172.31.36.0-255,66,76384,14,110137
10608,0.002111,172.217.194.0-255,2902,79286,14,110137
10609,0.002114,172.31.36.0-255,66,79352,14,110137
10610,0.00212,172.217.194.0-255,4320,83672,14,110137
10611,0.002122,172.31.36.0-255,66,83738,14,110137
10612,0.002153,172.31.36.0-255,66,83804,14,110137
10613,0.002164,172.217.194.0-255,4320,88124,14,110137
10614,0.002166,172.31.36.0-255,66,88190,14,110137
10615,0.002211,172.31.36.0-255,66,88256,14,110137
10616,0.002223,172.31.36.0-255,66,88322,14,110137
10617,0.002259,172.217.194.0-255,3602,91924,14,110137
10618,0.002262,172.31.36.0-255,66,91990,14,110137
10619,0.002278,172.31.36.0-255,66,92056,14,110137
10620,0.002297,172.31.36.0-255,66,92122,14,110137
10621,0.0023,172.217.194.0-255,1484,93606,14,110137
10622,0.002342,172.31.36.0-255,66,93672,14,110137
10623,0.002347,172.217.194.0-255,3602,97274,14,110137
10624,0.002349,172.31.36.0-255,66,97340,14,110137
10625,0.002352,172.217.194.0-255,1484,98824,14,110137
10626,0.002374,172.217.194.0-255,4320,103144,14,110137
10627,0.002377,172.31.36.0-255,66,103210,14,110137
10628,0.00243,172.31.36.0-255,66,103276,14,110137
10629,0.002433,172.217.194.0-255,1484,104760,14,110137
10630,0.002435,172.217.194.0-255,1484,106244,14,110137
10631,0.002438,172.31.36.0-255,78,106322,14,110137
10632,0.002466,172.31.36.0-255,66,106388,14,110137
10633,0.002529,172.217.194.0-255,3407,109795,14,110137
10634,0.002532,172.31.36.0-255,66,109861,14,110137
10635,0.002535,172.217.194.0-255,105,109966,14,110137
10636,0.00898,172.31.36.0-255,66,110032,14,110137
10637,0.009013,172.31.36.0-255,105,110137,14,110137
