,TIME,SRC,PACKET_SIZE,CUMULATIVE_PACKET_SIZE,PAGE_NUMBER,TOTAL_PACKET_SIZE
0,0.0,74.125.200.0-255,156,156,8,295327
1,2.8e-05,172.31.36.0-255,66,222,8,295327
2,3.6e-05,74.125.200.0-255,1484,1706,8,295327
3,4e-05,172.31.36.0-255,66,1772,8,295327
4,4.3e-05,74.125.200.0-255,1484,3256,8,295327
5,4.5e-05,172.31.36.0-255,66,3322,8,295327
6,6e-05,74.125.200.0-255,1484,4806,8,295327
7,6.3e-05,172.31.36.0-255,66,4872,8,295327
8,6.8e-05,74.125.200.0-255,2902,7774,8,295327
9,7.1e-05,172.31.36.0-255,66,7840,8,295327
10,9.2e-05,74.125.200.0-255,2902,10742,8,295327
11,9.4e-05,172.31.36.0-255,66,10808,8,295327
12,0.00013,74.125.200.0-255,1484,12292,8,295327
13,0.000134,172.31.36.0-255,66,12358,8,295327
14,0.000151,74.125.200.0-255,2037,14395,8,295327
15,0.000154,172.31.36.0-255,66,14461,8,295327
16,0.000554,74.125.200.0-255,1484,15945,8,295327
17,0.00056,172.31.36.0-255,66,16011,8,295327
18,0.000571,74.125.200.0-255,2902,18913,8,295327
19,0.000573,172.31.36.0-255,66,18979,8,295327
20,0.000597,74.125.200.0-255,5738,24717,8,295327
21,0.0006,172.31.36.0-255,66,24783,8,295327
22,0.000605,74.125.200.0-255,2902,27685,8,295327
23,0.000607,172.31.36.0-255,66,27751,8,295327
24,0.000636,74.125.200.0-255,3961,31712,8,295327
25,0.000643,74.125.200.0-255,7156,38868,8,295327
26,0.000648,172.31.36.0-255,66,38934,8,295327
27,0.000657,172.31.36.0-255,66,39000,8,295327
28,0.000662,74.125.200.0-255,2902,41902,8,295327
29,0.000665,172.31.36.0-255,66,41968,8,295327
30,0.000705,172.31.36.0-255,66,42034,8,295327
31,0.000712,74.125.200.0-255,5738,47772,8,295327
32,0.000714,172.31.36.0-255,66,47838,8,295327
33,0.000734,74.125.200.0-255,7156,54994,8,295327
34,0.000737,172.31.36.0-255,66,55060,8,295327
35,0.000741,74.125.200.0-255,2184,57244,8,295327
36,0.000743,172.31.36.0-255,66,57310,8,295327
37,0.004124,74.125.200.0-255,645,57955,8,295327
38,0.004153,172.31.36.0-255,66,58021,8,295327
39,0.004165,74.125.200.0-255,1484,59505,8,295327
40,0.004179,74.125.200.0-255,1484,60989,8,295327
41,0.004182,172.31.36.0-255,66,61055,8,295327
42,0.004186,74.125.200.0-255,1484,62539,8,295327
43,0.006273,74.125.200.0-255,1484,64023,8,295327
44,0.006279,172.31.36.0-255,66,64089,8,295327
45,0.0063,74.125.200.0-255,2902,66991,8,295327
46,0.006302,172.31.36.0-255,66,67057,8,295327
47,0.00845,74.125.200.0-255,2902,69959,8,295327
48,0.008457,172.31.36.0-255,66,70025,8,295327
49,0.00848,74.125.200.0-255,2902,72927,8,295327
50,0.008483,172.31.36.0-255,66,72993,8,295327
51,0.010569,74.125.200.0-255,2902,75895,8,295327
52,0.010576,172.31.36.0-255,66,75961,8,295327
53,0.010593,74.125.200.0-255,1484,77445,8,295327
54,0.010604,74.125.200.0-255,1484,78929,8,295327
55,0.010606,172.31.36.0-255,66,78995,8,295327
56,0.012719,74.125.200.0-255,5738,84733,8,295327
57,0.012726,172.31.36.0-255,66,84799,8,295327
58,0.014865,74.125.200.0-255,5738,90537,8,295327
59,0.014873,172.31.36.0-255,66,90603,8,295327
60,0.017,74.125.200.0-255,4320,94923,8,295327
61,0.017008,172.31.36.0-255,66,94989,8,295327
62,0.017031,74.125.200.0-255,1484,96473,8,295327
63,0.019119,74.125.200.0-255,4320,100793,8,295327
64,0.019126,172.31.36.0-255,66,100859,8,295327
65,0.02127,74.125.200.0-255,5738,106597,8,295327
66,0.021278,172.31.36.0-255,66,106663,8,295327
67,0.022384,172.31.36.0-255,172,106835,8,295327
68,0.022414,172.31.36.0-255,1111,107946,8,295327
69,0.02247,172.31.36.0-255,1514,109460,8,295327
70,0.022472,172.31.36.0-255,1293,110753,8,295327
71,0.023453,74.125.200.0-255,5738,116491,8,295327
72,0.02346,172.31.36.0-255,66,116557,8,295327
73,0.024099,104.244.42.0-255,66,116623,8,295327
74,0.024128,104.244.42.0-255,66,116689,8,295327
75,0.024147,104.244.42.0-255,66,116755,8,295327
76,0.025623,74.125.200.0-255,5738,122493,8,295327
77,0.025629,172.31.36.0-255,66,122559,8,295327
78,0.027773,74.125.200.0-255,5738,128297,8,295327
79,0.02778,172.31.36.0-255,66,128363,8,295327
80,0.029917,74.125.200.0-255,5738,134101,8,295327
81,0.029923,172.31.36.0-255,66,134167,8,295327
82,0.032061,74.125.200.0-255,5738,139905,8,295327
83,0.032067,172.31.36.0-255,66,139971,8,295327
84,0.034205,74.125.200.0-255,5738,145709,8,295327
85,0.034211,172.31.36.0-255,66,145775,8,295327
86,0.036343,74.125.200.0-255,5738,151513,8,295327
87,0.036349,172.31.36.0-255,66,151579,8,295327
88,0.038481,74.125.200.0-255,5738,157317,8,295327
89,0.038487,172.31.36.0-255,66,157383,8,295327
90,0.040617,74.125.200.0-255,5738,163121,8,295327
91,0.040624,172.31.36.0-255,66,163187,8,295327
92,0.042759,74.125.200.0-255,5738,168925,8,295327
93,0.042765,172.31.36.0-255,66,168991,8,295327
94,0.044895,74.125.200.0-255,5738,174729,8,295327
95,0.044902,172.31.36.0-255,66,174795,8,295327
96,0.04704,74.125.200.0-255,5738,180533,8,295327
97,0.047046,172.31.36.0-255,66,180599,8,295327
98,0.049175,74.125.200.0-255,5738,186337,8,295327
99,0.049182,172.31.36.0-255,66,186403,8,295327
100,0.051327,74.125.200.0-255,5738,192141,8,295327
101,0.051333,172.31.36.0-255,66,192207,8,295327
102,0.053452,74.125.200.0-255,4320,196527,8,295327
103,0.05346,172.31.36.0-255,66,196593,8,295327
104,0.053484,74.125.200.0-255,1484,198077,8,295327
105,0.055595,74.125.200.0-255,4320,202397,8,295327
106,0.055602,172.31.36.0-255,66,202463,8,295327
107,0.057738,74.125.200.0-255,5738,208201,8,295327
108,0.057745,172.31.36.0-255,66,208267,8,295327
109,0.059894,74.125.200.0-255,5738,214005,8,295327
110,0.0599,172.31.36.0-255,66,214071,8,295327
111,0.062035,74.125.200.0-255,5738,219809,8,295327
112,0.062042,172.31.36.0-255,66,219875,8,295327
113,0.06421,74.125.200.0-255,5738,225613,8,295327
114,0.064216,172.31.36.0-255,66,225679,8,295327
115,0.066351,74.125.200.0-255,5738,231417,8,295327
116,0.066357,172.31.36.0-255,66,231483,8,295327
117,0.068493,74.125.200.0-255,5738,237221,8,295327
118,0.068499,172.31.36.0-255,66,237287,8,295327
119,0.070634,74.125.200.0-255,5738,243025,8,295327
120,0.070641,172.31.36.0-255,66,243091,8,295327
121,0.072775,74.125.200.0-255,5738,248829,8,295327
122,0.072782,172.31.36.0-255,66,248895,8,295327
123,0.074917,74.125.200.0-255,5738,254633,8,295327
124,0.074924,172.31.36.0-255,66,254699,8,295327
125,0.077059,74.125.200.0-255,5738,260437,8,295327
126,0.077065,172.31.36.0-255,66,260503,8,295327
127,0.079207,74.125.200.0-255,5738,266241,8,295327
128,0.079213,172.31.36.0-255,66,266307,8,295327
129,0.081354,74.125.200.0-255,5738,272045,8,295327
130,0.081361,172.31.36.0-255,66,272111,8,295327
131,0.083492,74.125.200.0-255,5738,277849,8,295327
132,0.083499,172.31.36.0-255,66,277915,8,295327
133,0.085642,74.125.200.0-255,5738,283653,8,295327
134,0.085648,172.31.36.0-255,66,283719,8,295327
135,0.087792,74.125.200.0-255,5738,289457,8,295327
136,0.087799,172.31.36.0-255,66,289523,8,295327
137,0.089944,74.125.200.0-255,5738,295261,8,295327
138,0.08995,172.31.36.0-255,66,295327,8,295327
139,0.0,172.217.194.0-255,153,153,8,271590
140,4.6e-05,172.217.194.0-255,1484,1637,8,271590
141,5.4e-05,172.31.36.0-255,66,1703,8,271590
142,6.1e-05,172.217.194.0-255,2902,4605,8,271590
143,6.7e-05,172.217.194.0-255,4320,8925,8,271590
144,0.000122,172.217.194.0-255,2902,11827,8,271590
145,0.000137,172.217.194.0-255,1991,13818,8,271590
146,0.000155,172.31.36.0-255,66,13884,8,271590
147,0.000192,172.217.194.0-255,1484,15368,8,271590
148,0.000204,172.217.194.0-255,2902,18270,8,271590
149,0.00022,172.217.194.0-255,5738,24008,8,271590
150,0.000266,172.217.194.0-255,5738,29746,8,271590
151,0.000283,172.217.194.0-255,6797,36543,8,271590
152,0.000312,172.217.194.0-255,4320,40863,8,271590
153,0.000335,172.217.194.0-255,6797,47660,8,271590
154,0.000471,172.31.36.0-255,66,47726,8,271590
155,0.000623,172.217.194.0-255,1484,49210,8,271590
156,0.000638,172.217.194.0-255,2902,52112,8,271590
157,0.00065,172.31.36.0-255,66,52178,8,271590
158,0.000662,172.217.194.0-255,5738,57916,8,271590
159,0.000667,172.217.194.0-255,4320,62236,8,271590
160,0.000685,172.217.194.0-255,3122,65358,8,271590
161,0.000711,172.31.36.0-255,66,65424,8,271590
162,0.000738,172.217.194.0-255,1484,66908,8,271590
163,0.000751,172.217.194.0-255,2902,69810,8,271590
164,0.000757,172.217.194.0-255,4320,74130,8,271590
165,0.000767,172.217.194.0-255,1484,75614,8,271590
166,0.000771,172.217.194.0-255,4320,79934,8,271590
167,0.000775,172.31.36.0-255,66,80000,8,271590
168,0.000798,172.31.36.0-255,66,80066,8,271590
169,0.000858,172.31.36.0-255,66,80132,8,271590
170,0.001129,172.217.194.0-255,1484,81616,8,271590
171,0.001136,172.217.194.0-255,2902,84518,8,271590
172,0.001139,172.31.36.0-255,66,84584,8,271590
173,0.001147,172.217.194.0-255,5738,90322,8,271590
174,0.001165,172.31.36.0-255,66,90388,8,271590
175,0.001171,172.217.194.0-255,4320,94708,8,271590
176,0.001177,172.31.36.0-255,66,94774,8,271590
177,0.001238,172.217.194.0-255,2184,96958,8,271590
178,0.001246,172.31.36.0-255,66,97024,8,271590
179,0.001291,172.217.194.0-255,1484,98508,8,271590
180,0.001305,172.217.194.0-255,2902,101410,8,271590
181,0.001309,172.217.194.0-255,2902,104312,8,271590
182,0.001318,172.31.36.0-255,66,104378,8,271590
183,0.001323,172.217.194.0-255,2902,107280,8,271590
184,0.001347,172.217.194.0-255,7156,114436,8,271590
185,0.001361,172.31.36.0-255,66,114502,8,271590
186,0.001364,172.217.194.0-255,1484,115986,8,271590
187,0.001401,172.217.194.0-255,1484,117470,8,271590
188,0.00141,172.31.36.0-255,66,117536,8,271590
189,0.001437,172.217.194.0-255,766,118302,8,271590
190,0.001945,172.217.194.0-255,1484,119786,8,271590
191,0.001952,172.31.36.0-255,66,119852,8,271590
192,0.00198,172.217.194.0-255,2902,122754,8,271590
193,0.001987,172.217.194.0-255,5738,128492,8,271590
194,0.002001,172.217.194.0-255,2902,131394,8,271590
195,0.00205,172.217.194.0-255,1484,132878,8,271590
196,0.002057,172.217.194.0-255,7156,140034,8,271590
197,0.002076,172.217.194.0-255,3602,143636,8,271590
198,0.002462,172.217.194.0-255,1484,145120,8,271590
199,0.00247,172.217.194.0-255,2902,148022,8,271590
200,0.00249,172.217.194.0-255,5738,153760,8,271590
201,0.002517,172.217.194.0-255,5738,159498,8,271590
202,0.00254,172.217.194.0-255,2902,162400,8,271590
203,0.002564,172.217.194.0-255,1484,163884,8,271590
204,0.002608,172.217.194.0-255,5738,169622,8,271590
205,0.002701,172.217.194.0-255,4320,173942,8,271590
206,0.002717,172.217.194.0-255,3602,177544,8,271590
207,0.002885,172.217.194.0-255,1484,179028,8,271590
208,0.002904,172.217.194.0-255,2902,181930,8,271590
209,0.002922,172.217.194.0-255,4320,186250,8,271590
210,0.002937,172.217.194.0-255,2902,189152,8,271590
211,0.002954,172.217.194.0-255,5738,194890,8,271590
212,0.002999,172.217.194.0-255,766,195656,8,271590
213,0.003251,172.217.194.0-255,1484,197140,8,271590
214,0.003266,172.217.194.0-255,2902,200042,8,271590
215,0.003283,172.217.194.0-255,1484,201526,8,271590
216,0.003304,172.217.194.0-255,1484,203010,8,271590
217,0.003323,172.217.194.0-255,7156,210166,8,271590
218,0.00333,172.217.194.0-255,7156,217322,8,271590
219,0.003343,172.217.194.0-255,1484,218806,8,271590
220,0.003379,172.217.194.0-255,5738,224544,8,271590
221,0.003402,172.217.194.0-255,1484,226028,8,271590
222,0.00342,172.217.194.0-255,7156,233184,8,271590
223,0.003442,172.217.194.0-255,1484,234668,8,271590
224,0.003458,172.217.194.0-255,5738,240406,8,271590
225,0.003492,172.217.194.0-255,2902,243308,8,271590
226,0.00354,172.217.194.0-255,2902,246210,8,271590
227,0.003546,172.217.194.0-255,5738,251948,8,271590
228,0.003561,172.217.194.0-255,7156,259104,8,271590
229,0.003581,172.217.194.0-255,3165,262269,8,271590
230,0.003584,172.217.194.0-255,105,262374,8,271590
231,0.006835,172.31.36.0-255,66,262440,8,271590
232,0.009254,172.31.36.0-255,105,262545,8,271590
233,0.011254,172.217.194.0-255,66,262611,8,271590
234,0.031808,172.31.36.0-255,172,262783,8,271590
235,0.031846,172.31.36.0-255,1110,263893,8,271590
236,0.031915,172.31.36.0-255,1514,265407,8,271590
237,0.031916,172.31.36.0-255,1514,266921,8,271590
238,0.031923,172.31.36.0-255,1514,268435,8,271590
239,0.031924,172.31.36.0-255,1514,269949,8,271590
240,0.031943,172.31.36.0-255,1377,271326,8,271590
241,0.033386,104.244.42.0-255,66,271392,8,271590
242,0.033397,104.244.42.0-255,66,271458,8,271590
243,0.033481,104.244.42.0-255,66,271524,8,271590
244,0.033485,104.244.42.0-255,66,271590,8,271590
245,0.0,74.125.24.0-255,153,153,8,196566
246,2.9e-05,74.125.24.0-255,1484,1637,8,196566
247,3.8e-05,172.31.36.0-255,66,1703,8,196566
248,4.6e-05,74.125.24.0-255,2902,4605,8,196566
249,5.3e-05,74.125.24.0-255,7156,11761,8,196566
250,6.4e-05,74.125.24.0-255,1994,13755,8,196566
251,9.4e-05,172.31.36.0-255,66,13821,8,196566
252,0.000113,74.125.24.0-255,1484,15305,8,196566
253,0.000118,74.125.24.0-255,2902,18207,8,196566
254,0.000139,74.125.24.0-255,5738,23945,8,196566
255,0.000166,74.125.24.0-255,5738,29683,8,196566
256,0.000182,74.125.24.0-255,1125,30808,8,196566
257,0.000263,74.125.24.0-255,1484,32292,8,196566
258,0.000268,74.125.24.0-255,2902,35194,8,196566
259,0.000279,74.125.24.0-255,2902,38096,8,196566
260,0.00029,172.31.36.0-255,66,38162,8,196566
261,0.000299,74.125.24.0-255,2902,41064,8,196566
262,0.000303,74.125.24.0-255,2902,43966,8,196566
263,0.000317,172.31.36.0-255,66,44032,8,196566
264,0.000349,172.31.36.0-255,66,44098,8,196566
265,0.000351,74.125.24.0-255,397,44495,8,196566
266,0.000357,172.31.36.0-255,66,44561,8,196566
267,0.000414,74.125.24.0-255,110,44671,8,196566
268,0.000559,74.125.24.0-255,1484,46155,8,196566
269,0.000564,74.125.24.0-255,2902,49057,8,196566
270,0.000566,172.31.36.0-255,66,49123,8,196566
271,0.000571,172.31.36.0-255,66,49189,8,196566
272,0.000605,74.125.24.0-255,5738,54927,8,196566
273,0.000613,172.31.36.0-255,66,54993,8,196566
274,0.000623,74.125.24.0-255,4320,59313,8,196566
275,0.00064,172.31.36.0-255,66,59379,8,196566
276,0.000644,74.125.24.0-255,2543,61922,8,196566
277,0.000656,172.31.36.0-255,66,61988,8,196566
278,0.000674,74.125.24.0-255,7156,69144,8,196566
279,0.000685,172.31.36.0-255,66,69210,8,196566
280,0.000732,172.31.36.0-255,66,69276,8,196566
281,0.001387,74.125.24.0-255,1484,70760,8,196566
282,0.001398,74.125.24.0-255,2902,73662,8,196566
283,0.001403,172.31.36.0-255,66,73728,8,196566
284,0.00141,74.125.24.0-255,5738,79466,8,196566
285,0.001415,74.125.24.0-255,2902,82368,8,196566
286,0.001462,74.125.24.0-255,766,83134,8,196566
287,0.001625,74.125.24.0-255,1484,84618,8,196566
288,0.001631,74.125.24.0-255,2902,87520,8,196566
289,0.001636,74.125.24.0-255,4320,91840,8,196566
290,0.001652,74.125.24.0-255,1484,93324,8,196566
291,0.001704,74.125.24.0-255,766,94090,8,196566
292,0.001817,74.125.24.0-255,1484,95574,8,196566
293,0.001824,74.125.24.0-255,2902,98476,8,196566
294,0.001844,74.125.24.0-255,5738,104214,8,196566
295,0.001856,74.125.24.0-255,1484,105698,8,196566
296,0.001899,74.125.24.0-255,5738,111436,8,196566
297,0.001914,74.125.24.0-255,5020,116456,8,196566
298,0.002067,74.125.24.0-255,1484,117940,8,196566
299,0.00207,74.125.24.0-255,1484,119424,8,196566
300,0.00208,74.125.24.0-255,1484,120908,8,196566
301,0.002097,74.125.24.0-255,1484,122392,8,196566
302,0.002117,74.125.24.0-255,4320,126712,8,196566
303,0.002123,74.125.24.0-255,5738,132450,8,196566
304,0.002145,74.125.24.0-255,1484,133934,8,196566
305,0.002213,74.125.24.0-255,3602,137536,8,196566
306,0.002252,74.125.24.0-255,6438,143974,8,196566
307,0.002255,74.125.24.0-255,1484,145458,8,196566
308,0.00229,74.125.24.0-255,2902,148360,8,196566
309,0.002309,74.125.24.0-255,4320,152680,8,196566
310,0.00233,74.125.24.0-255,2902,155582,8,196566
311,0.002365,74.125.24.0-255,5738,161320,8,196566
312,0.00239,74.125.24.0-255,7156,168476,8,196566
313,0.002411,74.125.24.0-255,2902,171378,8,196566
314,0.002443,74.125.24.0-255,5738,177116,8,196566
315,0.002446,74.125.24.0-255,2184,179300,8,196566
316,0.002502,74.125.24.0-255,4320,183620,8,196566
317,0.002539,74.125.24.0-255,7156,190776,8,196566
318,0.002551,74.125.24.0-255,1181,191957,8,196566
319,0.002553,74.125.24.0-255,97,192054,8,196566
320,0.002555,74.125.24.0-255,105,192159,8,196566
321,0.003867,172.31.36.0-255,66,192225,8,196566
322,0.006293,172.31.36.0-255,105,192330,8,196566
323,0.008607,74.125.24.0-255,66,192396,8,196566
324,0.027189,172.31.36.0-255,172,192568,8,196566
325,0.027217,172.31.36.0-255,1110,193678,8,196566
326,0.027259,172.31.36.0-255,1514,195192,8,196566
327,0.027261,172.31.36.0-255,1176,196368,8,196566
328,0.028784,104.244.42.0-255,66,196434,8,196566
329,0.028812,104.244.42.0-255,66,196500,8,196566
330,0.028873,104.244.42.0-255,66,196566,8,196566
331,0.0,74.125.24.0-255,298,298,8,320061
332,2.4e-05,172.31.36.0-255,66,364,8,320061
333,3.1e-05,74.125.24.0-255,1484,1848,8,320061
334,3.5e-05,172.31.36.0-255,66,1914,8,320061
335,4.3e-05,74.125.24.0-255,4320,6234,8,320061
336,5.5e-05,172.31.36.0-255,66,6300,8,320061
337,6.7e-05,172.31.36.0-255,66,6366,8,320061
338,7.9e-05,172.31.36.0-255,66,6432,8,320061
339,0.000115,172.31.36.0-255,66,6498,8,320061
340,0.000175,74.125.24.0-255,1484,7982,8,320061
341,0.000177,172.31.36.0-255,66,8048,8,320061
342,0.000183,74.125.24.0-255,2902,10950,8,320061
343,0.000185,172.31.36.0-255,66,11016,8,320061
344,0.000223,74.125.24.0-255,5738,16754,8,320061
345,0.000226,172.31.36.0-255,66,16820,8,320061
346,0.000254,74.125.24.0-255,6797,23617,8,320061
347,0.000256,172.31.36.0-255,66,23683,8,320061
348,0.000852,74.125.24.0-255,1484,25167,8,320061
349,0.000857,172.31.36.0-255,66,25233,8,320061
350,0.000863,74.125.24.0-255,2902,28135,8,320061
351,0.000865,172.31.36.0-255,66,28201,8,320061
352,0.000871,74.125.24.0-255,2902,31103,8,320061
353,0.000879,172.31.36.0-255,66,31169,8,320061
354,0.000911,74.125.24.0-255,2902,34071,8,320061
355,0.000914,172.31.36.0-255,66,34137,8,320061
356,0.000943,74.125.24.0-255,6797,40934,8,320061
357,0.000946,172.31.36.0-255,66,41000,8,320061
358,0.001038,74.125.24.0-255,1484,42484,8,320061
359,0.001041,172.31.36.0-255,66,42550,8,320061
360,0.001047,74.125.24.0-255,2902,45452,8,320061
361,0.00105,172.31.36.0-255,66,45518,8,320061
362,0.001076,74.125.24.0-255,5738,51256,8,320061
363,0.001079,172.31.36.0-255,66,51322,8,320061
364,0.001106,74.125.24.0-255,4320,55642,8,320061
365,0.001109,172.31.36.0-255,66,55708,8,320061
366,0.001127,74.125.24.0-255,3123,58831,8,320061
367,0.001129,172.31.36.0-255,66,58897,8,320061
368,0.00173,74.125.24.0-255,1484,60381,8,320061
369,0.001741,74.125.24.0-255,2902,63283,8,320061
370,0.001746,172.31.36.0-255,66,63349,8,320061
371,0.001754,74.125.24.0-255,5738,69087,8,320061
372,0.001756,172.31.36.0-255,66,69153,8,320061
373,0.001768,74.125.24.0-255,4320,73473,8,320061
374,0.00177,172.31.36.0-255,66,73539,8,320061
375,0.001817,74.125.24.0-255,4320,77859,8,320061
376,0.00182,172.31.36.0-255,66,77925,8,320061
377,0.001849,172.31.36.0-255,66,77991,8,320061
378,0.001852,74.125.24.0-255,1484,79475,8,320061
379,0.001878,74.125.24.0-255,5738,85213,8,320061
380,0.00188,172.31.36.0-255,66,85279,8,320061
381,0.001917,172.31.36.0-255,66,85345,8,320061
382,0.001924,74.125.24.0-255,5738,91083,8,320061
383,0.001927,172.31.36.0-255,66,91149,8,320061
384,0.001955,74.125.24.0-255,2184,93333,8,320061
385,0.001958,172.31.36.0-255,66,93399,8,320061
386,0.001984,74.125.24.0-255,1484,94883,8,320061
387,0.001989,74.125.24.0-255,2902,97785,8,320061
388,0.001991,172.31.36.0-255,66,97851,8,320061
389,0.002025,74.125.24.0-255,5738,103589,8,320061
390,0.002029,172.31.36.0-255,66,103655,8,320061
391,0.002035,74.125.24.0-255,5738,109393,8,320061
392,0.002037,172.31.36.0-255,66,109459,8,320061
393,0.002062,74.125.24.0-255,2902,112361,8,320061
394,0.002064,172.31.36.0-255,66,112427,8,320061
395,0.002103,172.31.36.0-255,66,112493,8,320061
396,0.002109,74.125.24.0-255,5738,118231,8,320061
397,0.002112,172.31.36.0-255,66,118297,8,320061
398,0.002156,172.31.36.0-255,66,118363,8,320061
399,0.004779,74.125.24.0-255,5738,124101,8,320061
400,0.004791,172.31.36.0-255,66,124167,8,320061
401,0.007417,74.125.24.0-255,5738,129905,8,320061
402,0.007431,172.31.36.0-255,66,129971,8,320061
403,0.010086,74.125.24.0-255,5738,135709,8,320061
404,0.010093,172.31.36.0-255,66,135775,8,320061
405,0.012736,74.125.24.0-255,5738,141513,8,320061
406,0.012745,172.31.36.0-255,66,141579,8,320061
407,0.015357,74.125.24.0-255,5738,147317,8,320061
408,0.015366,172.31.36.0-255,66,147383,8,320061
409,0.018018,74.125.24.0-255,5738,153121,8,320061
410,0.018031,172.31.36.0-255,66,153187,8,320061
411,0.02067,74.125.24.0-255,5738,158925,8,320061
412,0.020681,172.31.36.0-255,66,158991,8,320061
413,0.023354,74.125.24.0-255,5738,164729,8,320061
414,0.023369,172.31.36.0-255,66,164795,8,320061
415,0.026157,74.125.24.0-255,5738,170533,8,320061
416,0.026167,172.31.36.0-255,66,170599,8,320061
417,0.028834,74.125.24.0-255,5738,176337,8,320061
418,0.028843,172.31.36.0-255,66,176403,8,320061
419,0.031452,74.125.24.0-255,5738,182141,8,320061
420,0.03146,172.31.36.0-255,66,182207,8,320061
421,0.034059,74.125.24.0-255,5738,187945,8,320061
422,0.034068,172.31.36.0-255,66,188011,8,320061
423,0.036714,74.125.24.0-255,5738,193749,8,320061
424,0.036733,172.31.36.0-255,66,193815,8,320061
425,0.037564,172.31.36.0-255,172,193987,8,320061
426,0.037598,172.31.36.0-255,1111,195098,8,320061
427,0.037667,172.31.36.0-255,1514,196612,8,320061
428,0.037669,172.31.36.0-255,1514,198126,8,320061
429,0.03767,172.31.36.0-255,1514,199640,8,320061
430,0.037675,172.31.36.0-255,1514,201154,8,320061
431,0.037677,172.31.36.0-255,1514,202668,8,320061
432,0.037678,172.31.36.0-255,875,203543,8,320061
433,0.039145,104.244.42.0-255,66,203609,8,320061
434,0.03922,104.244.42.0-255,66,203675,8,320061
435,0.039271,104.244.42.0-255,66,203741,8,320061
436,0.039276,104.244.42.0-255,66,203807,8,320061
437,0.039344,74.125.24.0-255,5738,209545,8,320061
438,0.039353,172.31.36.0-255,66,209611,8,320061
439,0.041987,74.125.24.0-255,5738,215349,8,320061
440,0.042007,172.31.36.0-255,66,215415,8,320061
441,0.04464,74.125.24.0-255,5738,221153,8,320061
442,0.04465,172.31.36.0-255,66,221219,8,320061
443,0.04727,74.125.24.0-255,5738,226957,8,320061
444,0.047284,172.31.36.0-255,66,227023,8,320061
445,0.049898,74.125.24.0-255,5738,232761,8,320061
446,0.049916,172.31.36.0-255,66,232827,8,320061
447,0.052575,74.125.24.0-255,5738,238565,8,320061
448,0.052592,172.31.36.0-255,66,238631,8,320061
449,0.055225,74.125.24.0-255,5738,244369,8,320061
450,0.055238,172.31.36.0-255,66,244435,8,320061
451,0.056418,172.31.36.0-255,108,244543,8,320061
452,0.057846,74.125.24.0-255,5738,250281,8,320061
453,0.057855,172.31.36.0-255,66,250347,8,320061
454,0.057931,104.244.42.0-255,66,250413,8,320061
455,0.060487,74.125.24.0-255,5738,256151,8,320061
456,0.060496,172.31.36.0-255,66,256217,8,320061
457,0.063097,74.125.24.0-255,5738,261955,8,320061
458,0.063106,172.31.36.0-255,66,262021,8,320061
459,0.065719,74.125.24.0-255,5738,267759,8,320061
460,0.06573,172.31.36.0-255,66,267825,8,320061
461,0.068366,74.125.24.0-255,5738,273563,8,320061
462,0.068377,172.31.36.0-255,66,273629,8,320061
463,0.070974,74.125.24.0-255,5738,279367,8,320061
464,0.070987,172.31.36.0-255,66,279433,8,320061
465,0.073622,74.125.24.0-255,5738,285171,8,320061
466,0.073634,172.31.36.0-255,66,285237,8,320061
467,0.076233,74.125.24.0-255,5738,290975,8,320061
468,0.076245,172.31.36.0-255,66,291041,8,320061
469,0.078922,74.125.24.0-255,5738,296779,8,320061
470,0.078937,172.31.36.0-255,66,296845,8,320061
471,0.081548,74.125.24.0-255,5738,302583,8,320061
472,0.081558,172.31.36.0-255,66,302649,8,320061
473,0.084197,74.125.24.0-255,5738,308387,8,320061
474,0.084208,172.31.36.0-255,66,308453,8,320061
475,0.086818,74.125.24.0-255,5738,314191,8,320061
476,0.086825,172.31.36.0-255,66,314257,8,320061
477,0.089485,74.125.24.0-255,5738,319995,8,320061
478,0.089496,172.31.36.0-255,66,320061,8,320061
479,0.0,172.217.27.0-255,153,153,8,389007
480,1.7e-05,172.31.36.0-255,66,219,8,389007
481,2.4e-05,172.217.27.0-255,1484,1703,8,389007
482,2.8e-05,172.31.36.0-255,66,1769,8,389007
483,3.4e-05,172.217.27.0-255,2902,4671,8,389007
484,3.7e-05,172.31.36.0-255,66,4737,8,389007
485,4.2e-05,172.217.27.0-255,2902,7639,8,389007
486,4.4e-05,172.31.36.0-255,66,7705,8,389007
487,7.5e-05,172.217.27.0-255,4320,12025,8,389007
488,7.8e-05,172.31.36.0-255,66,12091,8,389007
489,8.2e-05,172.217.27.0-255,2080,14171,8,389007
490,8.4e-05,172.31.36.0-255,66,14237,8,389007
491,0.000166,172.217.27.0-255,1484,15721,8,389007
492,0.000169,172.31.36.0-255,66,15787,8,389007
493,0.000175,172.217.27.0-255,2902,18689,8,389007
494,0.000177,172.31.36.0-255,66,18755,8,389007
495,0.000184,172.217.27.0-255,5738,24493,8,389007
496,0.000186,172.31.36.0-255,66,24559,8,389007
497,0.000214,172.217.27.0-255,4320,28879,8,389007
498,0.000216,172.31.36.0-255,66,28945,8,389007
499,0.000239,172.217.27.0-255,2543,31488,8,389007
500,0.000242,172.31.36.0-255,66,31554,8,389007
501,0.00025,172.217.27.0-255,7156,38710,8,389007
502,0.000252,172.31.36.0-255,66,38776,8,389007
503,0.000282,172.217.27.0-255,2902,41678,8,389007
504,0.000284,172.31.36.0-255,66,41744,8,389007
505,0.000306,172.217.27.0-255,6797,48541,8,389007
506,0.000309,172.31.36.0-255,66,48607,8,389007
507,0.001232,172.217.27.0-255,1484,50091,8,389007
508,0.001239,172.31.36.0-255,66,50157,8,389007
509,0.00125,172.217.27.0-255,2902,53059,8,389007
510,0.001252,172.31.36.0-255,66,53125,8,389007
511,0.001257,172.217.27.0-255,2902,56027,8,389007
512,0.001259,172.31.36.0-255,66,56093,8,389007
513,0.001264,172.217.27.0-255,4320,60413,8,389007
514,0.001266,172.31.36.0-255,66,60479,8,389007
515,0.001289,172.217.27.0-255,1484,61963,8,389007
516,0.001308,172.217.27.0-255,4540,66503,8,389007
517,0.001311,172.31.36.0-255,66,66569,8,389007
518,0.00133,172.217.27.0-255,2902,69471,8,389007
519,0.001332,172.31.36.0-255,66,69537,8,389007
520,0.001348,172.217.27.0-255,4320,73857,8,389007
521,0.00135,172.31.36.0-255,66,73923,8,389007
522,0.001356,172.217.27.0-255,4320,78243,8,389007
523,0.001359,172.31.36.0-255,66,78309,8,389007
524,0.001384,172.217.27.0-255,5379,83688,8,389007
525,0.001387,172.31.36.0-255,66,83754,8,389007
526,0.00142,172.217.27.0-255,1484,85238,8,389007
527,0.001424,172.217.27.0-255,1484,86722,8,389007
528,0.001426,172.31.36.0-255,66,86788,8,389007
529,0.001444,172.217.27.0-255,1484,88272,8,389007
530,0.001451,172.217.27.0-255,5738,94010,8,389007
531,0.001453,172.31.36.0-255,66,94076,8,389007
532,0.001459,172.217.27.0-255,4320,98396,8,389007
533,0.001461,172.31.36.0-255,66,98462,8,389007
534,0.001476,172.217.27.0-255,2543,101005,8,389007
535,0.001479,172.31.36.0-255,66,101071,8,389007
536,0.003239,172.217.27.0-255,2902,103973,8,389007
537,0.003247,172.31.36.0-255,66,104039,8,389007
538,0.003269,172.217.27.0-255,2902,106941,8,389007
539,0.003284,172.31.36.0-255,66,107007,8,389007
540,0.004999,172.217.27.0-255,2902,109909,8,389007
541,0.005005,172.31.36.0-255,66,109975,8,389007
542,0.005026,172.217.27.0-255,2902,112877,8,389007
543,0.005029,172.31.36.0-255,66,112943,8,389007
544,0.006761,172.217.27.0-255,2902,115845,8,389007
545,0.006765,172.31.36.0-255,66,115911,8,389007
546,0.006781,172.217.27.0-255,2902,118813,8,389007
547,0.006783,172.31.36.0-255,66,118879,8,389007
548,0.008524,172.217.27.0-255,5738,124617,8,389007
549,0.008532,172.31.36.0-255,66,124683,8,389007
550,0.010296,172.217.27.0-255,5738,130421,8,389007
551,0.010303,172.31.36.0-255,66,130487,8,389007
552,0.012069,172.217.27.0-255,5738,136225,8,389007
553,0.012078,172.31.36.0-255,66,136291,8,389007
554,0.013855,172.217.27.0-255,5738,142029,8,389007
555,0.013863,172.31.36.0-255,66,142095,8,389007
556,0.015623,172.217.27.0-255,5738,147833,8,389007
557,0.015629,172.31.36.0-255,66,147899,8,389007
558,0.017428,172.217.27.0-255,5738,153637,8,389007
559,0.017434,172.31.36.0-255,66,153703,8,389007
560,0.019237,172.217.27.0-255,5738,159441,8,389007
561,0.019245,172.31.36.0-255,66,159507,8,389007
562,0.021019,172.217.27.0-255,5738,165245,8,389007
563,0.021026,172.31.36.0-255,66,165311,8,389007
564,0.022802,172.217.27.0-255,5738,171049,8,389007
565,0.02281,172.31.36.0-255,66,171115,8,389007
566,0.024584,172.217.27.0-255,5738,176853,8,389007
567,0.024593,172.31.36.0-255,66,176919,8,389007
568,0.026385,172.217.27.0-255,5738,182657,8,389007
569,0.026393,172.31.36.0-255,66,182723,8,389007
570,0.028338,172.217.27.0-255,5738,188461,8,389007
571,0.028346,172.31.36.0-255,66,188527,8,389007
572,0.029225,172.31.36.0-255,172,188699,8,389007
573,0.029259,172.31.36.0-255,1111,189810,8,389007
574,0.029316,172.31.36.0-255,1514,191324,8,389007
575,0.029318,172.31.36.0-255,1369,192693,8,389007
576,0.030191,172.217.27.0-255,2902,195595,8,389007
577,0.030197,172.31.36.0-255,66,195661,8,389007
578,0.030219,172.217.27.0-255,2902,198563,8,389007
579,0.030221,172.31.36.0-255,66,198629,8,389007
580,0.030847,104.244.42.0-255,66,198695,8,389007
581,0.030914,104.244.42.0-255,66,198761,8,389007
582,0.030959,104.244.42.0-255,66,198827,8,389007
583,0.031989,172.217.27.0-255,5738,204565,8,389007
584,0.031995,172.31.36.0-255,66,204631,8,389007
585,0.033782,172.217.27.0-255,5738,210369,8,389007
586,0.033788,172.31.36.0-255,66,210435,8,389007
587,0.035563,172.217.27.0-255,5738,216173,8,389007
588,0.035569,172.31.36.0-255,66,216239,8,389007
589,0.037341,172.217.27.0-255,5738,221977,8,389007
590,0.037347,172.31.36.0-255,66,222043,8,389007
591,0.039114,172.217.27.0-255,5738,227781,8,389007
592,0.039121,172.31.36.0-255,66,227847,8,389007
593,0.040893,172.217.27.0-255,5738,233585,8,389007
594,0.040902,172.31.36.0-255,66,233651,8,389007
595,0.042672,172.217.27.0-255,4320,237971,8,389007
596,0.042679,172.31.36.0-255,66,238037,8,389007
597,0.042697,172.217.27.0-255,1484,239521,8,389007
598,0.044453,172.217.27.0-255,4320,243841,8,389007
599,0.04446,172.31.36.0-255,66,243907,8,389007
600,0.046231,172.217.27.0-255,5738,249645,8,389007
601,0.046237,172.31.36.0-255,66,249711,8,389007
602,0.048004,172.217.27.0-255,5738,255449,8,389007
603,0.048011,172.31.36.0-255,66,255515,8,389007
604,0.049778,172.217.27.0-255,5738,261253,8,389007
605,0.049784,172.31.36.0-255,66,261319,8,389007
606,0.051555,172.217.27.0-255,5738,267057,8,389007
607,0.051561,172.31.36.0-255,66,267123,8,389007
608,0.053352,172.217.27.0-255,5738,272861,8,389007
609,0.053359,172.31.36.0-255,66,272927,8,389007
610,0.055142,172.217.27.0-255,5738,278665,8,389007
611,0.055148,172.31.36.0-255,66,278731,8,389007
612,0.056924,172.217.27.0-255,5738,284469,8,389007
613,0.056931,172.31.36.0-255,66,284535,8,389007
614,0.058719,172.217.27.0-255,5738,290273,8,389007
615,0.058726,172.31.36.0-255,66,290339,8,389007
616,0.06051,172.217.27.0-255,5738,296077,8,389007
617,0.060516,172.31.36.0-255,66,296143,8,389007
618,0.062289,172.217.27.0-255,5738,301881,8,389007
619,0.062296,172.31.36.0-255,66,301947,8,389007
620,0.06409,172.217.27.0-255,5738,307685,8,389007
621,0.064097,172.31.36.0-255,66,307751,8,389007
622,0.065876,172.217.27.0-255,5738,313489,8,389007
623,0.065883,172.31.36.0-255,66,313555,8,389007
624,0.067668,172.217.27.0-255,5738,319293,8,389007
625,0.067675,172.31.36.0-255,66,319359,8,389007
626,0.069443,172.217.27.0-255,5738,325097,8,389007
627,0.069449,172.31.36.0-255,66,325163,8,389007
628,0.071229,172.217.27.0-255,5738,330901,8,389007
629,0.071235,172.31.36.0-255,66,330967,8,389007
630,0.07303,172.217.27.0-255,5738,336705,8,389007
631,0.073037,172.31.36.0-255,66,336771,8,389007
632,0.074847,172.217.27.0-255,5738,342509,8,389007
633,0.074853,172.31.36.0-255,66,342575,8,389007
634,0.07662,172.217.27.0-255,5738,348313,8,389007
635,0.076626,172.31.36.0-255,66,348379,8,389007
636,0.078429,172.217.27.0-255,5738,354117,8,389007
637,0.078436,172.31.36.0-255,66,354183,8,389007
638,0.080203,172.217.27.0-255,5738,359921,8,389007
639,0.080212,172.31.36.0-255,66,359987,8,389007
640,0.081981,172.217.27.0-255,5738,365725,8,389007
641,0.081989,172.31.36.0-255,66,365791,8,389007
642,0.083762,172.217.27.0-255,5738,371529,8,389007
643,0.083768,172.31.36.0-255,66,371595,8,389007
644,0.085537,172.217.27.0-255,5738,377333,8,389007
645,0.085544,172.31.36.0-255,66,377399,8,389007
646,0.087322,172.217.27.0-255,5738,383137,8,389007
647,0.087328,172.31.36.0-255,66,383203,8,389007
648,0.089108,172.217.27.0-255,5738,388941,8,389007
649,0.089114,172.31.36.0-255,66,389007,8,389007
650,0.0,74.125.24.0-255,153,153,8,320902
651,2.2e-05,172.31.36.0-255,66,219,8,320902
652,3e-05,74.125.24.0-255,1484,1703,8,320902
653,3.4e-05,172.31.36.0-255,66,1769,8,320902
654,4e-05,74.125.24.0-255,2902,4671,8,320902
655,5.1e-05,172.31.36.0-255,66,4737,8,320902
656,5.6e-05,74.125.24.0-255,4320,9057,8,320902
657,5.9e-05,172.31.36.0-255,66,9123,8,320902
658,7.2e-05,172.31.36.0-255,66,9189,8,320902
659,0.000102,74.125.24.0-255,2902,12091,8,320902
660,0.000104,172.31.36.0-255,66,12157,8,320902
661,0.000111,74.125.24.0-255,4320,16477,8,320902
662,0.000114,172.31.36.0-255,66,16543,8,320902
663,0.000117,74.125.24.0-255,1484,18027,8,320902
664,0.000119,172.31.36.0-255,66,18093,8,320902
665,0.000154,74.125.24.0-255,3961,22054,8,320902
666,0.000157,172.31.36.0-255,66,22120,8,320902
667,0.000194,74.125.24.0-255,1484,23604,8,320902
668,0.000196,172.31.36.0-255,66,23670,8,320902
669,0.0002,74.125.24.0-255,1484,25154,8,320902
670,0.000201,172.31.36.0-255,66,25220,8,320902
671,0.000231,74.125.24.0-255,1484,26704,8,320902
672,0.000234,172.31.36.0-255,66,26770,8,320902
673,0.000243,74.125.24.0-255,5738,32508,8,320902
674,0.000249,172.31.36.0-255,66,32574,8,320902
675,0.000254,74.125.24.0-255,4320,36894,8,320902
676,0.000257,172.31.36.0-255,66,36960,8,320902
677,0.000262,74.125.24.0-255,4320,41280,8,320902
678,0.000265,172.31.36.0-255,66,41346,8,320902
679,0.000315,172.31.36.0-255,66,41412,8,320902
680,0.000323,74.125.24.0-255,7071,48483,8,320902
681,0.000331,74.125.24.0-255,127,48610,8,320902
682,0.000334,74.125.24.0-255,351,48961,8,320902
683,0.000537,172.31.36.0-255,66,49027,8,320902
684,0.000616,74.125.24.0-255,1484,50511,8,320902
685,0.000623,74.125.24.0-255,2902,53413,8,320902
686,0.000635,74.125.24.0-255,1484,54897,8,320902
687,0.000652,74.125.24.0-255,4320,59217,8,320902
688,0.000656,172.31.36.0-255,66,59283,8,320902
689,0.000661,172.31.36.0-255,66,59349,8,320902
690,0.00097,172.31.36.0-255,66,59415,8,320902
691,0.001505,74.125.24.0-255,1484,60899,8,320902
692,0.001512,74.125.24.0-255,2902,63801,8,320902
693,0.001515,172.31.36.0-255,66,63867,8,320902
694,0.001523,74.125.24.0-255,5738,69605,8,320902
695,0.001548,74.125.24.0-255,7156,76761,8,320902
696,0.001557,172.31.36.0-255,66,76827,8,320902
697,0.001577,74.125.24.0-255,5738,82565,8,320902
698,0.001607,172.31.36.0-255,66,82631,8,320902
699,0.001814,74.125.24.0-255,1484,84115,8,320902
700,0.00182,74.125.24.0-255,2902,87017,8,320902
701,0.001823,172.31.36.0-255,66,87083,8,320902
702,0.001828,74.125.24.0-255,2902,89985,8,320902
703,0.001852,74.125.24.0-255,2902,92887,8,320902
704,0.001855,74.125.24.0-255,1484,94371,8,320902
705,0.001896,74.125.24.0-255,4320,98691,8,320902
706,0.001905,172.31.36.0-255,66,98757,8,320902
707,0.001926,74.125.24.0-255,5738,104495,8,320902
708,0.00195,172.31.36.0-255,66,104561,8,320902
709,0.004295,74.125.24.0-255,5738,110299,8,320902
710,0.004302,172.31.36.0-255,66,110365,8,320902
711,0.006624,74.125.24.0-255,2902,113267,8,320902
712,0.00664,74.125.24.0-255,2902,116169,8,320902
713,0.008056,172.31.36.0-255,66,116235,8,320902
714,0.010386,74.125.24.0-255,5738,121973,8,320902
715,0.010395,172.31.36.0-255,66,122039,8,320902
716,0.012721,74.125.24.0-255,5738,127777,8,320902
717,0.013447,172.31.36.0-255,66,127843,8,320902
718,0.01577,74.125.24.0-255,5738,133581,8,320902
719,0.015779,172.31.36.0-255,66,133647,8,320902
720,0.018084,74.125.24.0-255,5738,139385,8,320902
721,0.018091,172.31.36.0-255,66,139451,8,320902
722,0.020413,74.125.24.0-255,5738,145189,8,320902
723,0.02042,172.31.36.0-255,66,145255,8,320902
724,0.022732,74.125.24.0-255,5738,150993,8,320902
725,0.022741,172.31.36.0-255,66,151059,8,320902
726,0.025099,74.125.24.0-255,5738,156797,8,320902
727,0.025107,172.31.36.0-255,66,156863,8,320902
728,0.027401,74.125.24.0-255,5738,162601,8,320902
729,0.027408,172.31.36.0-255,66,162667,8,320902
730,0.029719,74.125.24.0-255,5738,168405,8,320902
731,0.029727,172.31.36.0-255,66,168471,8,320902
732,0.032069,74.125.24.0-255,5738,174209,8,320902
733,0.032075,172.31.36.0-255,66,174275,8,320902
734,0.034401,74.125.24.0-255,5738,180013,8,320902
735,0.034408,172.31.36.0-255,66,180079,8,320902
736,0.036737,74.125.24.0-255,5738,185817,8,320902
737,0.036744,172.31.36.0-255,66,185883,8,320902
738,0.039088,74.125.24.0-255,5738,191621,8,320902
739,0.039095,172.31.36.0-255,66,191687,8,320902
740,0.041445,74.125.24.0-255,5738,197425,8,320902
741,0.041453,172.31.36.0-255,66,197491,8,320902
742,0.043763,74.125.24.0-255,5738,203229,8,320902
743,0.043771,172.31.36.0-255,66,203295,8,320902
744,0.046089,74.125.24.0-255,5738,209033,8,320902
745,0.046098,172.31.36.0-255,66,209099,8,320902
746,0.048398,74.125.24.0-255,5738,214837,8,320902
747,0.048407,172.31.36.0-255,66,214903,8,320902
748,0.050733,74.125.24.0-255,5738,220641,8,320902
749,0.050741,172.31.36.0-255,66,220707,8,320902
750,0.053043,74.125.24.0-255,5738,226445,8,320902
751,0.053053,172.31.36.0-255,66,226511,8,320902
752,0.053636,172.31.36.0-255,172,226683,8,320902
753,0.053667,172.31.36.0-255,1107,227790,8,320902
754,0.053731,172.31.36.0-255,1514,229304,8,320902
755,0.053732,172.31.36.0-255,1514,230818,8,320902
756,0.053738,172.31.36.0-255,1514,232332,8,320902
757,0.05374,172.31.36.0-255,1514,233846,8,320902
758,0.05376,172.31.36.0-255,1314,235160,8,320902
759,0.055186,104.244.42.0-255,66,235226,8,320902
760,0.055242,104.244.42.0-255,66,235292,8,320902
761,0.055312,104.244.42.0-255,66,235358,8,320902
762,0.055317,104.244.42.0-255,66,235424,8,320902
763,0.055371,74.125.24.0-255,2902,238326,8,320902
764,0.055376,172.31.36.0-255,66,238392,8,320902
765,0.055408,74.125.24.0-255,2902,241294,8,320902
766,0.055434,172.31.36.0-255,66,241360,8,320902
767,0.057684,74.125.24.0-255,2902,244262,8,320902
768,0.05769,172.31.36.0-255,66,244328,8,320902
769,0.057787,74.125.24.0-255,2902,247230,8,320902
770,0.057791,172.31.36.0-255,66,247296,8,320902
771,0.060031,74.125.24.0-255,2902,250198,8,320902
772,0.060041,172.31.36.0-255,66,250264,8,320902
773,0.060117,74.125.24.0-255,2902,253166,8,320902
774,0.060139,172.31.36.0-255,66,253232,8,320902
775,0.06236,74.125.24.0-255,2902,256134,8,320902
776,0.062367,172.31.36.0-255,66,256200,8,320902
777,0.062409,74.125.24.0-255,2902,259102,8,320902
778,0.062434,172.31.36.0-255,66,259168,8,320902
779,0.064675,74.125.24.0-255,2902,262070,8,320902
780,0.064694,172.31.36.0-255,66,262136,8,320902
781,0.064761,74.125.24.0-255,2902,265038,8,320902
782,0.06478,172.31.36.0-255,66,265104,8,320902
783,0.067019,74.125.24.0-255,2902,268006,8,320902
784,0.067026,172.31.36.0-255,66,268072,8,320902
785,0.067075,74.125.24.0-255,2902,270974,8,320902
786,0.067084,172.31.36.0-255,66,271040,8,320902
787,0.069335,74.125.24.0-255,2902,273942,8,320902
788,0.069341,172.31.36.0-255,66,274008,8,320902
789,0.069393,74.125.24.0-255,2902,276910,8,320902
790,0.0694,172.31.36.0-255,66,276976,8,320902
791,0.071699,74.125.24.0-255,2902,279878,8,320902
792,0.071706,172.31.36.0-255,66,279944,8,320902
793,0.071737,74.125.24.0-255,2902,282846,8,320902
794,0.07176,172.31.36.0-255,66,282912,8,320902
795,0.074023,74.125.24.0-255,2902,285814,8,320902
796,0.074029,172.31.36.0-255,66,285880,8,320902
797,0.074049,74.125.24.0-255,2902,288782,8,320902
798,0.074081,172.31.36.0-255,66,288848,8,320902
799,0.076413,74.125.24.0-255,5738,294586,8,320902
800,0.076519,172.31.36.0-255,66,294652,8,320902
801,0.078848,74.125.24.0-255,5738,300390,8,320902
802,0.078855,172.31.36.0-255,66,300456,8,320902
803,0.081143,74.125.24.0-255,5738,306194,8,320902
804,0.08115,172.31.36.0-255,66,306260,8,320902
805,0.083446,74.125.24.0-255,4320,310580,8,320902
806,0.083452,172.31.36.0-255,66,310646,8,320902
807,0.083481,74.125.24.0-255,1484,312130,8,320902
808,0.085791,74.125.24.0-255,2902,315032,8,320902
809,0.085797,172.31.36.0-255,66,315098,8,320902
810,0.088134,74.125.24.0-255,5738,320836,8,320902
811,0.088173,172.31.36.0-255,66,320902,8,320902
812,0.0,172.217.194.0-255,153,153,8,202541
813,1.8e-05,172.217.194.0-255,1484,1637,8,202541
814,2.8e-05,172.31.36.0-255,66,1703,8,202541
815,3.6e-05,172.217.194.0-255,2902,4605,8,202541
816,3.8e-05,172.31.36.0-255,66,4671,8,202541
817,4.5e-05,172.217.194.0-255,5738,10409,8,202541
818,6.2e-05,172.31.36.0-255,66,10475,8,202541
819,0.000105,172.31.36.0-255,66,10541,8,202541
820,0.000139,172.217.194.0-255,6797,17338,8,202541
821,0.000143,172.31.36.0-255,66,17404,8,202541
822,0.000183,172.217.194.0-255,7156,24560,8,202541
823,0.000187,172.31.36.0-255,66,24626,8,202541
824,0.000195,172.217.194.0-255,7156,31782,8,202541
825,0.000198,172.31.36.0-255,66,31848,8,202541
826,0.000204,172.217.194.0-255,5738,37586,8,202541
827,0.000207,172.31.36.0-255,66,37652,8,202541
828,0.000244,172.31.36.0-255,66,37718,8,202541
829,0.000249,172.217.194.0-255,2543,40261,8,202541
830,0.000251,172.31.36.0-255,66,40327,8,202541
831,0.000254,172.217.194.0-255,646,40973,8,202541
832,0.000355,172.217.194.0-255,1484,42457,8,202541
833,0.000358,172.217.194.0-255,1484,43941,8,202541
834,0.000362,172.31.36.0-255,66,44007,8,202541
835,0.000369,172.217.194.0-255,1484,45491,8,202541
836,0.000373,172.31.36.0-255,66,45557,8,202541
837,0.000385,172.217.194.0-255,5738,51295,8,202541
838,0.000388,172.31.36.0-255,66,51361,8,202541
839,0.000431,172.217.194.0-255,4320,55681,8,202541
840,0.000435,172.31.36.0-255,66,55747,8,202541
841,0.000466,172.217.194.0-255,1484,57231,8,202541
842,0.000469,172.31.36.0-255,66,57297,8,202541
843,0.000507,172.31.36.0-255,66,57363,8,202541
844,0.000728,172.217.194.0-255,1484,58847,8,202541
845,0.000731,172.217.194.0-255,1484,60331,8,202541
846,0.000735,172.31.36.0-255,66,60397,8,202541
847,0.000757,172.217.194.0-255,1484,61881,8,202541
848,0.000764,172.217.194.0-255,5738,67619,8,202541
849,0.000767,172.31.36.0-255,66,67685,8,202541
850,0.000772,172.217.194.0-255,4320,72005,8,202541
851,0.000774,172.31.36.0-255,66,72071,8,202541
852,0.000812,172.31.36.0-255,66,72137,8,202541
853,0.000825,172.31.36.0-255,66,72203,8,202541
854,0.000918,172.217.194.0-255,1484,73687,8,202541
855,0.000924,172.217.194.0-255,2902,76589,8,202541
856,0.000926,172.31.36.0-255,66,76655,8,202541
857,0.000931,172.217.194.0-255,2902,79557,8,202541
858,0.000934,172.31.36.0-255,66,79623,8,202541
859,0.000954,172.217.194.0-255,2902,82525,8,202541
860,0.000957,172.31.36.0-255,66,82591,8,202541
861,0.000977,172.31.36.0-255,66,82657,8,202541
862,0.001003,172.217.194.0-255,4320,86977,8,202541
863,0.001007,172.31.36.0-255,66,87043,8,202541
864,0.001032,172.217.194.0-255,6438,93481,8,202541
865,0.001035,172.31.36.0-255,66,93547,8,202541
866,0.001098,172.217.194.0-255,1484,95031,8,202541
867,0.001102,172.217.194.0-255,2902,97933,8,202541
868,0.001105,172.31.36.0-255,66,97999,8,202541
869,0.001109,172.217.194.0-255,1484,99483,8,202541
870,0.001134,172.217.194.0-255,4320,103803,8,202541
871,0.001138,172.217.194.0-255,4320,108123,8,202541
872,0.001139,172.31.36.0-255,66,108189,8,202541
873,0.001143,172.31.36.0-255,66,108255,8,202541
874,0.001181,172.31.36.0-255,66,108321,8,202541
875,0.00119,172.31.36.0-255,66,108387,8,202541
876,0.001231,172.31.36.0-255,66,108453,8,202541
877,0.001289,172.31.36.0-255,66,108519,8,202541
878,0.001319,172.217.194.0-255,4320,112839,8,202541
879,0.001322,172.31.36.0-255,66,112905,8,202541
880,0.001344,172.31.36.0-255,66,112971,8,202541
881,0.00136,172.31.36.0-255,66,113037,8,202541
882,0.001512,172.217.194.0-255,1484,114521,8,202541
883,0.001515,172.217.194.0-255,1484,116005,8,202541
884,0.001518,172.31.36.0-255,66,116071,8,202541
885,0.001547,172.217.194.0-255,1484,117555,8,202541
886,0.001553,172.217.194.0-255,5738,123293,8,202541
887,0.001556,172.31.36.0-255,66,123359,8,202541
888,0.001564,172.217.194.0-255,6797,130156,8,202541
889,0.001567,172.31.36.0-255,66,130222,8,202541
890,0.001882,172.217.194.0-255,1484,131706,8,202541
891,0.001906,172.217.194.0-255,2902,134608,8,202541
892,0.001909,172.31.36.0-255,66,134674,8,202541
893,0.001916,172.217.194.0-255,5738,140412,8,202541
894,0.001919,172.31.36.0-255,66,140478,8,202541
895,0.001932,172.217.194.0-255,7156,147634,8,202541
896,0.001934,172.31.36.0-255,66,147700,8,202541
897,0.00194,172.217.194.0-255,4320,152020,8,202541
898,0.001943,172.31.36.0-255,66,152086,8,202541
899,0.001986,172.31.36.0-255,66,152152,8,202541
900,0.001991,172.217.194.0-255,2184,154336,8,202541
901,0.001993,172.31.36.0-255,66,154402,8,202541
902,0.002195,172.217.194.0-255,1484,155886,8,202541
903,0.002198,172.217.194.0-255,1484,157370,8,202541
904,0.002202,172.31.36.0-255,66,157436,8,202541
905,0.002221,172.217.194.0-255,1484,158920,8,202541
906,0.002228,172.217.194.0-255,5738,164658,8,202541
907,0.002231,172.31.36.0-255,66,164724,8,202541
908,0.002236,172.217.194.0-255,2902,167626,8,202541
909,0.002239,172.31.36.0-255,66,167692,8,202541
910,0.002273,172.31.36.0-255,66,167758,8,202541
911,0.002277,172.217.194.0-255,2902,170660,8,202541
912,0.002279,172.31.36.0-255,66,170726,8,202541
913,0.002315,172.31.36.0-255,66,170792,8,202541
914,0.002515,172.217.194.0-255,1484,172276,8,202541
915,0.002523,172.217.194.0-255,2902,175178,8,202541
916,0.002526,172.31.36.0-255,66,175244,8,202541
917,0.002533,172.217.194.0-255,5738,180982,8,202541
918,0.002535,172.31.36.0-255,66,181048,8,202541
919,0.002586,172.31.36.0-255,66,181114,8,202541
920,0.002598,172.31.36.0-255,66,181180,8,202541
921,0.002604,172.217.194.0-255,5738,186918,8,202541
922,0.002607,172.31.36.0-255,66,186984,8,202541
923,0.002635,172.217.194.0-255,5738,192722,8,202541
924,0.002639,172.31.36.0-255,66,192788,8,202541
925,0.00265,172.31.36.0-255,66,192854,8,202541
926,0.002679,172.217.194.0-255,5176,198030,8,202541
927,0.002682,172.31.36.0-255,66,198096,8,202541
928,0.002685,172.217.194.0-255,105,198201,8,202541
929,0.007499,172.31.36.0-255,105,198306,8,202541
930,0.010098,172.217.194.0-255,66,198372,8,202541
931,0.028473,172.31.36.0-255,171,198543,8,202541
932,0.028505,172.31.36.0-255,1134,199677,8,202541
933,0.028548,172.31.36.0-255,1514,201191,8,202541
934,0.028573,172.31.36.0-255,1152,202343,8,202541
935,0.030096,104.244.42.0-255,66,202409,8,202541
936,0.030159,104.244.42.0-255,66,202475,8,202541
937,0.030206,104.244.42.0-255,66,202541,8,202541
938,0.0,172.31.36.0-255,66,66,8,66
939,0.0,104.244.42.0-255,66,66,8,66
940,0.0,74.125.24.0-255,143,143,8,194895
941,3.4e-05,172.31.36.0-255,66,209,8,194895
942,4.1e-05,74.125.24.0-255,1484,1693,8,194895
943,4.5e-05,172.31.36.0-255,66,1759,8,194895
944,5e-05,74.125.24.0-255,2902,4661,8,194895
945,5.2e-05,172.31.36.0-255,66,4727,8,194895
946,6.7e-05,74.125.24.0-255,7156,11883,8,194895
947,7e-05,172.31.36.0-255,66,11949,8,194895
948,7.4e-05,74.125.24.0-255,2080,14029,8,194895
949,7.6e-05,172.31.36.0-255,66,14095,8,194895
950,0.000117,172.31.36.0-255,66,14161,8,194895
951,0.000129,74.125.24.0-255,5379,19540,8,194895
952,0.000131,172.31.36.0-255,66,19606,8,194895
953,0.000308,74.125.24.0-255,1484,21090,8,194895
954,0.000313,172.31.36.0-255,66,21156,8,194895
955,0.000318,74.125.24.0-255,2902,24058,8,194895
956,0.000323,172.31.36.0-255,66,24124,8,194895
957,0.000351,74.125.24.0-255,5738,29862,8,194895
958,0.000359,172.31.36.0-255,66,29928,8,194895
959,0.000371,172.31.36.0-255,66,29994,8,194895
960,0.000407,74.125.24.0-255,2902,32896,8,194895
961,0.000415,172.31.36.0-255,66,32962,8,194895
962,0.000428,172.31.36.0-255,66,33028,8,194895
963,0.000431,74.125.24.0-255,364,33392,8,194895
964,0.000433,172.31.36.0-255,66,33458,8,194895
965,0.000436,74.125.24.0-255,378,33836,8,194895
966,0.000437,172.31.36.0-255,66,33902,8,194895
967,0.000573,74.125.24.0-255,1484,35386,8,194895
968,0.000577,172.31.36.0-255,66,35452,8,194895
969,0.000583,74.125.24.0-255,2902,38354,8,194895
970,0.000588,74.125.24.0-255,2902,41256,8,194895
971,0.000595,172.31.36.0-255,66,41322,8,194895
972,0.000608,74.125.24.0-255,2902,44224,8,194895
973,0.000615,74.125.24.0-255,1484,45708,8,194895
974,0.000625,172.31.36.0-255,66,45774,8,194895
975,0.000649,74.125.24.0-255,2902,48676,8,194895
976,0.000651,172.31.36.0-255,66,48742,8,194895
977,0.000656,172.31.36.0-255,66,48808,8,194895
978,0.000701,74.125.24.0-255,2184,50992,8,194895
979,0.000705,172.31.36.0-255,66,51058,8,194895
980,0.000811,74.125.24.0-255,1484,52542,8,194895
981,0.000824,74.125.24.0-255,2902,55444,8,194895
982,0.000827,172.31.36.0-255,66,55510,8,194895
983,0.000839,74.125.24.0-255,1484,56994,8,194895
984,0.00086,74.125.24.0-255,4320,61314,8,194895
985,0.000866,74.125.24.0-255,4320,65634,8,194895
986,0.000869,172.31.36.0-255,66,65700,8,194895
987,0.000874,172.31.36.0-255,66,65766,8,194895
988,0.00088,74.125.24.0-255,5738,71504,8,194895
989,0.000888,172.31.36.0-255,66,71570,8,194895
990,0.000905,74.125.24.0-255,2902,74472,8,194895
991,0.000915,172.31.36.0-255,66,74538,8,194895
992,0.000931,172.31.36.0-255,66,74604,8,194895
993,0.00094,74.125.24.0-255,2184,76788,8,194895
994,0.000958,172.31.36.0-255,66,76854,8,194895
995,0.001409,74.125.24.0-255,1484,78338,8,194895
996,0.001414,74.125.24.0-255,2902,81240,8,194895
997,0.001417,172.31.36.0-255,66,81306,8,194895
998,0.001424,74.125.24.0-255,5738,87044,8,194895
999,0.001428,74.125.24.0-255,2902,89946,8,194895
1000,0.001434,172.31.36.0-255,66,90012,8,194895
1001,0.001444,74.125.24.0-255,1484,91496,8,194895
1002,0.001507,172.31.36.0-255,66,91562,8,194895
1003,0.001534,74.125.24.0-255,2902,94464,8,194895
1004,0.001542,74.125.24.0-255,7156,101620,8,194895
1005,0.001543,172.31.36.0-255,66,101686,8,194895
1006,0.001544,74.125.24.0-255,766,102452,8,194895
1007,0.001548,172.31.36.0-255,66,102518,8,194895
1008,0.001772,74.125.24.0-255,1484,104002,8,194895
1009,0.001783,74.125.24.0-255,1484,105486,8,194895
1010,0.001787,172.31.36.0-255,66,105552,8,194895
1011,0.001818,74.125.24.0-255,1484,107036,8,194895
1012,0.001836,74.125.24.0-255,1484,108520,8,194895
1013,0.001839,172.31.36.0-255,66,108586,8,194895
1014,0.001846,74.125.24.0-255,5738,114324,8,194895
1015,0.001849,74.125.24.0-255,1484,115808,8,194895
1016,0.001853,172.31.36.0-255,66,115874,8,194895
1017,0.001878,74.125.24.0-255,7156,123030,8,194895
1018,0.001889,172.31.36.0-255,66,123096,8,194895
1019,0.001895,74.125.24.0-255,1484,124580,8,194895
1020,0.0019,74.125.24.0-255,4320,128900,8,194895
1021,0.001906,172.31.36.0-255,66,128966,8,194895
1022,0.001934,74.125.24.0-255,5738,134704,8,194895
1023,0.001941,172.31.36.0-255,66,134770,8,194895
1024,0.001971,74.125.24.0-255,2184,136954,8,194895
1025,0.001982,172.31.36.0-255,66,137020,8,194895
1026,0.002103,74.125.24.0-255,1484,138504,8,194895
1027,0.002121,74.125.24.0-255,2902,141406,8,194895
1028,0.002124,172.31.36.0-255,66,141472,8,194895
1029,0.00213,74.125.24.0-255,5738,147210,8,194895
1030,0.002134,172.31.36.0-255,66,147276,8,194895
1031,0.002163,74.125.24.0-255,7156,154432,8,194895
1032,0.002169,172.31.36.0-255,66,154498,8,194895
1033,0.002181,172.31.36.0-255,66,154564,8,194895
1034,0.0022,74.125.24.0-255,5738,160302,8,194895
1035,0.002208,172.31.36.0-255,66,160368,8,194895
1036,0.002239,74.125.24.0-255,3602,163970,8,194895
1037,0.002245,172.31.36.0-255,66,164036,8,194895
1038,0.00227,74.125.24.0-255,7156,171192,8,194895
1039,0.002271,172.31.36.0-255,66,171258,8,194895
1040,0.002346,74.125.24.0-255,6438,177696,8,194895
1041,0.002376,74.125.24.0-255,6438,184134,8,194895
1042,0.002415,74.125.24.0-255,4320,188454,8,194895
1043,0.002574,74.125.24.0-255,2831,191285,8,194895
1044,0.00259,74.125.24.0-255,105,191390,8,194895
1045,0.007908,172.31.36.0-255,66,191456,8,194895
1046,0.009342,172.31.36.0-255,105,191561,8,194895
1047,0.011939,74.125.24.0-255,66,191627,8,194895
1048,0.025603,172.31.36.0-255,172,191799,8,194895
1049,0.025631,172.31.36.0-255,1109,192908,8,194895
1050,0.025677,172.31.36.0-255,1514,194422,8,194895
1051,0.025678,172.31.36.0-255,407,194829,8,194895
1052,0.027246,104.244.42.0-255,66,194895,8,194895
1053,0.0,74.125.24.0-255,154,154,8,334875
1054,2.2e-05,172.31.36.0-255,66,220,8,334875
1055,2.8e-05,74.125.24.0-255,1484,1704,8,334875
1056,3.2e-05,172.31.36.0-255,66,1770,8,334875
1057,3.7e-05,74.125.24.0-255,2902,4672,8,334875
1058,4e-05,172.31.36.0-255,66,4738,8,334875
1059,4.7e-05,74.125.24.0-255,7156,11894,8,334875
1060,4.9e-05,172.31.36.0-255,66,11960,8,334875
1061,5.2e-05,74.125.24.0-255,2036,13996,8,334875
1062,5.4e-05,172.31.36.0-255,66,14062,8,334875
1063,0.000265,74.125.24.0-255,1484,15546,8,334875
1064,0.000271,172.31.36.0-255,66,15612,8,334875
1065,0.000277,74.125.24.0-255,2902,18514,8,334875
1066,0.00028,172.31.36.0-255,66,18580,8,334875
1067,0.000286,74.125.24.0-255,5738,24318,8,334875
1068,0.000289,172.31.36.0-255,66,24384,8,334875
1069,0.000319,74.125.24.0-255,5738,30122,8,334875
1070,0.000323,172.31.36.0-255,66,30188,8,334875
1071,0.000343,74.125.24.0-255,1125,31313,8,334875
1072,0.000346,172.31.36.0-255,66,31379,8,334875
1073,0.000354,74.125.24.0-255,7156,38535,8,334875
1074,0.000356,172.31.36.0-255,66,38601,8,334875
1075,0.00038,172.31.36.0-255,66,38667,8,334875
1076,0.001239,74.125.24.0-255,1484,40151,8,334875
1077,0.001246,172.31.36.0-255,66,40217,8,334875
1078,0.001256,74.125.24.0-255,2902,43119,8,334875
1079,0.001258,172.31.36.0-255,66,43185,8,334875
1080,0.001264,74.125.24.0-255,5738,48923,8,334875
1081,0.001267,172.31.36.0-255,66,48989,8,334875
1082,0.001275,74.125.24.0-255,6797,55786,8,334875
1083,0.001277,172.31.36.0-255,66,55852,8,334875
1084,0.001302,74.125.24.0-255,7156,63008,8,334875
1085,0.001304,172.31.36.0-255,66,63074,8,334875
1086,0.001328,74.125.24.0-255,7156,70230,8,334875
1087,0.00133,172.31.36.0-255,66,70296,8,334875
1088,0.001342,172.31.36.0-255,66,70362,8,334875
1089,0.001355,74.125.24.0-255,1484,71846,8,334875
1090,0.001359,74.125.24.0-255,1484,73330,8,334875
1091,0.001361,172.31.36.0-255,66,73396,8,334875
1092,0.001386,74.125.24.0-255,5599,78995,8,334875
1093,0.001388,172.31.36.0-255,66,79061,8,334875
1094,0.002194,74.125.24.0-255,1484,80545,8,334875
1095,0.002202,74.125.24.0-255,2902,83447,8,334875
1096,0.002206,172.31.36.0-255,66,83513,8,334875
1097,0.002222,74.125.24.0-255,5738,89251,8,334875
1098,0.002224,172.31.36.0-255,66,89317,8,334875
1099,0.002228,74.125.24.0-255,2902,92219,8,334875
1100,0.00223,172.31.36.0-255,66,92285,8,334875
1101,0.002253,74.125.24.0-255,2902,95187,8,334875
1102,0.002257,74.125.24.0-255,4320,99507,8,334875
1103,0.002261,172.31.36.0-255,66,99573,8,334875
1104,0.002263,172.31.36.0-255,66,99639,8,334875
1105,0.00229,172.31.36.0-255,66,99705,8,334875
1106,0.002295,74.125.24.0-255,4320,104025,8,334875
1107,0.002297,172.31.36.0-255,66,104091,8,334875
1108,0.004504,74.125.24.0-255,1484,105575,8,334875
1109,0.00456,74.125.24.0-255,4320,109895,8,334875
1110,0.004565,172.31.36.0-255,66,109961,8,334875
1111,0.006803,74.125.24.0-255,5738,115699,8,334875
1112,0.00681,172.31.36.0-255,66,115765,8,334875
1113,0.009046,74.125.24.0-255,5738,121503,8,334875
1114,0.009051,172.31.36.0-255,66,121569,8,334875
1115,0.01131,74.125.24.0-255,5738,127307,8,334875
1116,0.011317,172.31.36.0-255,66,127373,8,334875
1117,0.013581,74.125.24.0-255,5738,133111,8,334875
1118,0.013588,172.31.36.0-255,66,133177,8,334875
1119,0.015834,74.125.24.0-255,5738,138915,8,334875
1120,0.015842,172.31.36.0-255,66,138981,8,334875
1121,0.018141,74.125.24.0-255,5738,144719,8,334875
1122,0.01815,172.31.36.0-255,66,144785,8,334875
1123,0.020402,74.125.24.0-255,5738,150523,8,334875
1124,0.02041,172.31.36.0-255,66,150589,8,334875
1125,0.022656,74.125.24.0-255,5738,156327,8,334875
1126,0.022664,172.31.36.0-255,66,156393,8,334875
1127,0.024905,74.125.24.0-255,5738,162131,8,334875
1128,0.024915,172.31.36.0-255,66,162197,8,334875
1129,0.02715,74.125.24.0-255,5738,167935,8,334875
1130,0.027157,172.31.36.0-255,66,168001,8,334875
1131,0.0294,74.125.24.0-255,5738,173739,8,334875
1132,0.029404,172.31.36.0-255,66,173805,8,334875
1133,0.031656,74.125.24.0-255,5738,179543,8,334875
1134,0.031661,172.31.36.0-255,66,179609,8,334875
1135,0.032338,172.31.36.0-255,172,179781,8,334875
1136,0.032412,172.31.36.0-255,1111,180892,8,334875
1137,0.032496,172.31.36.0-255,1514,182406,8,334875
1138,0.032499,172.31.36.0-255,1514,183920,8,334875
1139,0.032503,172.31.36.0-255,1514,185434,8,334875
1140,0.032504,172.31.36.0-255,1514,186948,8,334875
1141,0.032551,172.31.36.0-255,1514,188462,8,334875
1142,0.032553,172.31.36.0-255,875,189337,8,334875
1143,0.03395,74.125.24.0-255,5738,195075,8,334875
1144,0.033957,172.31.36.0-255,66,195141,8,334875
1145,0.033964,104.244.42.0-255,66,195207,8,334875
1146,0.033977,104.244.42.0-255,66,195273,8,334875
1147,0.034079,104.244.42.0-255,66,195339,8,334875
1148,0.034115,104.244.42.0-255,66,195405,8,334875
1149,0.036209,74.125.24.0-255,5738,201143,8,334875
1150,0.036216,172.31.36.0-255,66,201209,8,334875
1151,0.038493,74.125.24.0-255,5738,206947,8,334875
1152,0.038501,172.31.36.0-255,66,207013,8,334875
1153,0.040792,74.125.24.0-255,5738,212751,8,334875
1154,0.040802,172.31.36.0-255,66,212817,8,334875
1155,0.043058,74.125.24.0-255,5738,218555,8,334875
1156,0.043071,172.31.36.0-255,66,218621,8,334875
1157,0.045317,74.125.24.0-255,5738,224359,8,334875
1158,0.045326,172.31.36.0-255,66,224425,8,334875
1159,0.047621,74.125.24.0-255,5738,230163,8,334875
1160,0.047642,172.31.36.0-255,66,230229,8,334875
1161,0.04995,74.125.24.0-255,5738,235967,8,334875
1162,0.049967,172.31.36.0-255,66,236033,8,334875
1163,0.050241,172.31.36.0-255,108,236141,8,334875
1164,0.051844,104.244.42.0-255,66,236207,8,334875
1165,0.052199,74.125.24.0-255,5738,241945,8,334875
1166,0.052207,172.31.36.0-255,66,242011,8,334875
1167,0.054455,74.125.24.0-255,5738,247749,8,334875
1168,0.054466,172.31.36.0-255,66,247815,8,334875
1169,0.0567,74.125.24.0-255,5738,253553,8,334875
1170,0.056708,172.31.36.0-255,66,253619,8,334875
1171,0.059007,74.125.24.0-255,5738,259357,8,334875
1172,0.059015,172.31.36.0-255,66,259423,8,334875
1173,0.0613,74.125.24.0-255,5738,265161,8,334875
1174,0.061308,172.31.36.0-255,66,265227,8,334875
1175,0.063545,74.125.24.0-255,5738,270965,8,334875
1176,0.06355,172.31.36.0-255,66,271031,8,334875
1177,0.065812,74.125.24.0-255,5738,276769,8,334875
1178,0.065818,172.31.36.0-255,66,276835,8,334875
1179,0.06809,74.125.24.0-255,5738,282573,8,334875
1180,0.068097,172.31.36.0-255,66,282639,8,334875
1181,0.070329,74.125.24.0-255,5738,288377,8,334875
1182,0.070334,172.31.36.0-255,66,288443,8,334875
1183,0.072591,74.125.24.0-255,5738,294181,8,334875
1184,0.072603,172.31.36.0-255,66,294247,8,334875
1185,0.074878,74.125.24.0-255,5738,299985,8,334875
1186,0.074886,172.31.36.0-255,66,300051,8,334875
1187,0.077169,74.125.24.0-255,5738,305789,8,334875
1188,0.077176,172.31.36.0-255,66,305855,8,334875
1189,0.079429,74.125.24.0-255,5738,311593,8,334875
1190,0.079435,172.31.36.0-255,66,311659,8,334875
1191,0.081672,74.125.24.0-255,5738,317397,8,334875
1192,0.08168,172.31.36.0-255,66,317463,8,334875
1193,0.083966,74.125.24.0-255,5738,323201,8,334875
1194,0.083978,172.31.36.0-255,66,323267,8,334875
1195,0.086249,74.125.24.0-255,5738,329005,8,334875
1196,0.086266,172.31.36.0-255,66,329071,8,334875
1197,0.088537,74.125.24.0-255,5738,334809,8,334875
1198,0.088553,172.31.36.0-255,66,334875,8,334875
1199,0.0,74.125.24.0-255,148,148,8,194595
1200,3.3e-05,172.31.36.0-255,66,214,8,194595
1201,4e-05,74.125.24.0-255,1484,1698,8,194595
1202,4.5e-05,172.31.36.0-255,66,1764,8,194595
1203,5e-05,74.125.24.0-255,2902,4666,8,194595
1204,5.2e-05,172.31.36.0-255,66,4732,8,194595
1205,5.9e-05,74.125.24.0-255,7156,11888,8,194595
1206,6.3e-05,172.31.36.0-255,66,11954,8,194595
1207,0.000114,74.125.24.0-255,1484,13438,8,194595
1208,0.000117,172.31.36.0-255,66,13504,8,194595
1209,0.000122,74.125.24.0-255,2902,16406,8,194595
1210,0.000124,172.31.36.0-255,66,16472,8,194595
1211,0.000159,172.31.36.0-255,66,16538,8,194595
1212,0.000233,74.125.24.0-255,7156,23694,8,194595
1213,0.000238,172.31.36.0-255,66,23760,8,194595
1214,0.000295,74.125.24.0-255,7156,30916,8,194595
1215,0.000301,172.31.36.0-255,66,30982,8,194595
1216,0.000332,172.31.36.0-255,66,31048,8,194595
1217,0.000471,172.31.36.0-255,66,31114,8,194595
1218,0.000496,172.31.36.0-255,66,31180,8,194595
1219,0.000612,74.125.24.0-255,7156,38336,8,194595
1220,0.000618,172.31.36.0-255,66,38402,8,194595
1221,0.000655,172.31.36.0-255,66,38468,8,194595
1222,0.000793,172.31.36.0-255,66,38534,8,194595
1223,0.000815,74.125.24.0-255,6438,44972,8,194595
1224,0.000819,172.31.36.0-255,66,45038,8,194595
1225,0.001074,74.125.24.0-255,1484,46522,8,194595
1226,0.001092,74.125.24.0-255,2902,49424,8,194595
1227,0.001097,172.31.36.0-255,66,49490,8,194595
1228,0.001102,74.125.24.0-255,2902,52392,8,194595
1229,0.001105,172.31.36.0-255,66,52458,8,194595
1230,0.001132,74.125.24.0-255,2902,55360,8,194595
1231,0.001135,172.31.36.0-255,66,55426,8,194595
1232,0.001168,74.125.24.0-255,4320,59746,8,194595
1233,0.001172,172.31.36.0-255,66,59812,8,194595
1234,0.001222,74.125.24.0-255,5738,65550,8,194595
1235,0.001227,172.31.36.0-255,66,65616,8,194595
1236,0.001239,74.125.24.0-255,5738,71354,8,194595
1237,0.001242,172.31.36.0-255,66,71420,8,194595
1238,0.001296,74.125.24.0-255,4320,75740,8,194595
1239,0.0013,172.31.36.0-255,66,75806,8,194595
1240,0.001342,74.125.24.0-255,3602,79408,8,194595
1241,0.001347,172.31.36.0-255,66,79474,8,194595
1242,0.001369,74.125.24.0-255,1484,80958,8,194595
1243,0.001386,74.125.24.0-255,2902,83860,8,194595
1244,0.001389,172.31.36.0-255,66,83926,8,194595
1245,0.001424,172.31.36.0-255,66,83992,8,194595
1246,0.001498,74.125.24.0-255,2902,86894,8,194595
1247,0.001505,172.31.36.0-255,66,86960,8,194595
1248,0.001527,74.125.24.0-255,2902,89862,8,194595
1249,0.001531,172.31.36.0-255,66,89928,8,194595
1250,0.001571,172.31.36.0-255,66,89994,8,194595
1251,0.001898,74.125.24.0-255,1484,91478,8,194595
1252,0.001919,74.125.24.0-255,2902,94380,8,194595
1253,0.001924,172.31.36.0-255,66,94446,8,194595
1254,0.001931,74.125.24.0-255,5738,100184,8,194595
1255,0.001933,172.31.36.0-255,66,100250,8,194595
1256,0.001978,74.125.24.0-255,2902,103152,8,194595
1257,0.001981,172.31.36.0-255,66,103218,8,194595
1258,0.002005,74.125.24.0-255,5738,108956,8,194595
1259,0.002007,172.31.36.0-255,66,109022,8,194595
1260,0.002021,74.125.24.0-255,4320,113342,8,194595
1261,0.002024,172.31.36.0-255,66,113408,8,194595
1262,0.002096,74.125.24.0-255,2902,116310,8,194595
1263,0.002099,172.31.36.0-255,66,116376,8,194595
1264,0.002129,172.31.36.0-255,66,116442,8,194595
1265,0.002192,74.125.24.0-255,1484,117926,8,194595
1266,0.002208,74.125.24.0-255,2902,120828,8,194595
1267,0.002211,172.31.36.0-255,66,120894,8,194595
1268,0.00223,74.125.24.0-255,4320,125214,8,194595
1269,0.002233,172.31.36.0-255,66,125280,8,194595
1270,0.00225,74.125.24.0-255,1484,126764,8,194595
1271,0.002289,74.125.24.0-255,4320,131084,8,194595
1272,0.002293,172.31.36.0-255,66,131150,8,194595
1273,0.002316,74.125.24.0-255,7156,138306,8,194595
1274,0.002319,172.31.36.0-255,66,138372,8,194595
1275,0.002416,74.125.24.0-255,2902,141274,8,194595
1276,0.00242,172.31.36.0-255,66,141340,8,194595
1277,0.002444,74.125.24.0-255,7156,148496,8,194595
1278,0.002447,172.31.36.0-255,66,148562,8,194595
1279,0.00247,74.125.24.0-255,7156,155718,8,194595
1280,0.002474,172.31.36.0-255,66,155784,8,194595
1281,0.002489,74.125.24.0-255,2184,157968,8,194595
1282,0.002491,172.31.36.0-255,66,158034,8,194595
1283,0.002563,74.125.24.0-255,5738,163772,8,194595
1284,0.002566,172.31.36.0-255,66,163838,8,194595
1285,0.002592,74.125.24.0-255,4320,168158,8,194595
1286,0.002596,172.31.36.0-255,66,168224,8,194595
1287,0.002649,74.125.24.0-255,1484,169708,8,194595
1288,0.002685,172.31.36.0-255,66,169774,8,194595
1289,0.002716,172.31.36.0-255,66,169840,8,194595
1290,0.002944,172.31.36.0-255,66,169906,8,194595
1291,0.003014,172.31.36.0-255,66,169972,8,194595
1292,0.003476,74.125.24.0-255,7156,177128,8,194595
1293,0.003482,172.31.36.0-255,66,177194,8,194595
1294,0.003524,172.31.36.0-255,66,177260,8,194595
1295,0.003577,172.31.36.0-255,66,177326,8,194595
1296,0.004049,74.125.24.0-255,6866,184192,8,194595
1297,0.004054,172.31.36.0-255,66,184258,8,194595
1298,0.004271,172.31.36.0-255,105,184363,8,194595
1299,0.006791,74.125.24.0-255,66,184429,8,194595
1300,0.034241,172.31.36.0-255,172,184601,8,194595
1301,0.034277,172.31.36.0-255,1111,185712,8,194595
1302,0.034322,172.31.36.0-255,1514,187226,8,194595
1303,0.034324,172.31.36.0-255,1514,188740,8,194595
1304,0.034329,172.31.36.0-255,1514,190254,8,194595
1305,0.03433,172.31.36.0-255,1514,191768,8,194595
1306,0.034348,172.31.36.0-255,1514,193282,8,194595
1307,0.03435,172.31.36.0-255,875,194157,8,194595
1308,0.035819,104.244.42.0-255,66,194223,8,194595
1309,0.035854,104.244.42.0-255,66,194289,8,194595
1310,0.03591,104.244.42.0-255,66,194355,8,194595
1311,0.035914,104.244.42.0-255,66,194421,8,194595
1312,0.04553,172.31.36.0-255,108,194529,8,194595
1313,0.047094,104.244.42.0-255,66,194595,8,194595
1314,0.0,172.217.194.0-255,153,153,8,339040
1315,1.9e-05,172.31.36.0-255,66,219,8,339040
1316,2.6e-05,172.217.194.0-255,1484,1703,8,339040
1317,3.1e-05,172.31.36.0-255,66,1769,8,339040
1318,3.6e-05,172.217.194.0-255,2902,4671,8,339040
1319,3.9e-05,172.31.36.0-255,66,4737,8,339040
1320,4.6e-05,172.217.194.0-255,7156,11893,8,339040
1321,5e-05,172.31.36.0-255,66,11959,8,339040
1322,5.3e-05,172.217.194.0-255,2074,14033,8,339040
1323,5.6e-05,172.31.36.0-255,66,14099,8,339040
1324,0.000425,172.217.194.0-255,1484,15583,8,339040
1325,0.000431,172.31.36.0-255,66,15649,8,339040
1326,0.000437,172.217.194.0-255,2902,18551,8,339040
1327,0.00044,172.31.36.0-255,66,18617,8,339040
1328,0.000446,172.217.194.0-255,5738,24355,8,339040
1329,0.000448,172.31.36.0-255,66,24421,8,339040
1330,0.000478,172.217.194.0-255,5738,30159,8,339040
1331,0.000481,172.31.36.0-255,66,30225,8,339040
1332,0.0005,172.217.194.0-255,1125,31350,8,339040
1333,0.000503,172.31.36.0-255,66,31416,8,339040
1334,0.000552,172.217.194.0-255,1484,32900,8,339040
1335,0.000555,172.31.36.0-255,66,32966,8,339040
1336,0.00056,172.217.194.0-255,2902,35868,8,339040
1337,0.000562,172.31.36.0-255,66,35934,8,339040
1338,0.000569,172.217.194.0-255,5738,41672,8,339040
1339,0.000571,172.31.36.0-255,66,41738,8,339040
1340,0.000616,172.217.194.0-255,7156,48894,8,339040
1341,0.00062,172.31.36.0-255,66,48960,8,339040
1342,0.000647,172.217.194.0-255,6797,55757,8,339040
1343,0.00065,172.31.36.0-255,66,55823,8,339040
1344,0.000656,172.217.194.0-255,4320,60143,8,339040
1345,0.000658,172.31.36.0-255,66,60209,8,339040
1346,0.000662,172.217.194.0-255,2902,63111,8,339040
1347,0.000664,172.31.36.0-255,66,63177,8,339040
1348,0.000682,172.217.194.0-255,3162,66339,8,339040
1349,0.000684,172.31.36.0-255,66,66405,8,339040
1350,0.001309,172.217.194.0-255,1484,67889,8,339040
1351,0.001321,172.217.194.0-255,2902,70791,8,339040
1352,0.001326,172.31.36.0-255,66,70857,8,339040
1353,0.001349,172.217.194.0-255,2902,73759,8,339040
1354,0.001351,172.31.36.0-255,66,73825,8,339040
1355,0.001374,172.217.194.0-255,2902,76727,8,339040
1356,0.001377,172.31.36.0-255,66,76793,8,339040
1357,0.00139,172.31.36.0-255,66,76859,8,339040
1358,0.001397,172.217.194.0-255,7156,84015,8,339040
1359,0.001399,172.31.36.0-255,66,84081,8,339040
1360,0.001427,172.217.194.0-255,3602,87683,8,339040
1361,0.001429,172.31.36.0-255,66,87749,8,339040
1362,0.002167,172.217.194.0-255,1484,89233,8,339040
1363,0.002175,172.217.194.0-255,2902,92135,8,339040
1364,0.002179,172.31.36.0-255,66,92201,8,339040
1365,0.002186,172.217.194.0-255,5738,97939,8,339040
1366,0.002188,172.31.36.0-255,66,98005,8,339040
1367,0.002228,172.31.36.0-255,66,98071,8,339040
1368,0.002233,172.217.194.0-255,4320,102391,8,339040
1369,0.002236,172.31.36.0-255,66,102457,8,339040
1370,0.002254,172.217.194.0-255,6438,108895,8,339040
1371,0.002257,172.31.36.0-255,66,108961,8,339040
1372,0.002289,172.217.194.0-255,2902,111863,8,339040
1373,0.002291,172.31.36.0-255,66,111929,8,339040
1374,0.002308,172.217.194.0-255,5738,117667,8,339040
1375,0.002311,172.31.36.0-255,66,117733,8,339040
1376,0.002328,172.217.194.0-255,1484,119217,8,339040
1377,0.004545,172.217.194.0-255,4320,123537,8,339040
1378,0.004548,172.31.36.0-255,66,123603,8,339040
1379,0.006797,172.217.194.0-255,2902,126505,8,339040
1380,0.006803,172.31.36.0-255,66,126571,8,339040
1381,0.006825,172.217.194.0-255,2902,129473,8,339040
1382,0.006827,172.31.36.0-255,66,129539,8,339040
1383,0.009058,172.217.194.0-255,2902,132441,8,339040
1384,0.009066,172.31.36.0-255,66,132507,8,339040
1385,0.009088,172.217.194.0-255,2902,135409,8,339040
1386,0.009091,172.31.36.0-255,66,135475,8,339040
1387,0.011312,172.217.194.0-255,2902,138377,8,339040
1388,0.011321,172.31.36.0-255,66,138443,8,339040
1389,0.011355,172.217.194.0-255,2902,141345,8,339040
1390,0.011357,172.31.36.0-255,66,141411,8,339040
1391,0.013571,172.217.194.0-255,2902,144313,8,339040
1392,0.013579,172.31.36.0-255,66,144379,8,339040
1393,0.013602,172.217.194.0-255,2902,147281,8,339040
1394,0.013605,172.31.36.0-255,66,147347,8,339040
1395,0.015855,172.217.194.0-255,4320,151667,8,339040
1396,0.015865,172.31.36.0-255,66,151733,8,339040
1397,0.015887,172.217.194.0-255,1484,153217,8,339040
1398,0.018134,172.217.194.0-255,4320,157537,8,339040
1399,0.018144,172.31.36.0-255,66,157603,8,339040
1400,0.02042,172.217.194.0-255,5738,163341,8,339040
1401,0.020429,172.31.36.0-255,66,163407,8,339040
1402,0.022665,172.217.194.0-255,5738,169145,8,339040
1403,0.022674,172.31.36.0-255,66,169211,8,339040
1404,0.02493,172.217.194.0-255,5738,174949,8,339040
1405,0.024939,172.31.36.0-255,66,175015,8,339040
1406,0.027194,172.217.194.0-255,5738,180753,8,339040
1407,0.027201,172.31.36.0-255,66,180819,8,339040
1408,0.027776,172.31.36.0-255,167,180986,8,339040
1409,0.027807,172.31.36.0-255,1112,182098,8,339040
1410,0.027867,172.31.36.0-255,1514,183612,8,339040
1411,0.027868,172.31.36.0-255,1292,184904,8,339040
1412,0.029342,104.244.42.0-255,66,184970,8,339040
1413,0.029379,104.244.42.0-255,66,185036,8,339040
1414,0.029427,104.244.42.0-255,66,185102,8,339040
1415,0.029469,172.217.194.0-255,5738,190840,8,339040
1416,0.029474,172.31.36.0-255,66,190906,8,339040
1417,0.031755,172.217.194.0-255,5738,196644,8,339040
1418,0.031762,172.31.36.0-255,66,196710,8,339040
1419,0.034057,172.217.194.0-255,5738,202448,8,339040
1420,0.034064,172.31.36.0-255,66,202514,8,339040
1421,0.036352,172.217.194.0-255,5738,208252,8,339040
1422,0.036358,172.31.36.0-255,66,208318,8,339040
1423,0.038636,172.217.194.0-255,5738,214056,8,339040
1424,0.038643,172.31.36.0-255,66,214122,8,339040
1425,0.040936,172.217.194.0-255,5738,219860,8,339040
1426,0.040943,172.31.36.0-255,66,219926,8,339040
1427,0.043201,172.217.194.0-255,5738,225664,8,339040
1428,0.043208,172.31.36.0-255,66,225730,8,339040
1429,0.045511,172.217.194.0-255,5738,231468,8,339040
1430,0.045518,172.31.36.0-255,66,231534,8,339040
1431,0.047821,172.217.194.0-255,5738,237272,8,339040
1432,0.047828,172.31.36.0-255,66,237338,8,339040
1433,0.050077,172.217.194.0-255,5738,243076,8,339040
1434,0.050084,172.31.36.0-255,66,243142,8,339040
1435,0.052371,172.217.194.0-255,5738,248880,8,339040
1436,0.052377,172.31.36.0-255,66,248946,8,339040
1437,0.054633,172.217.194.0-255,4320,253266,8,339040
1438,0.054644,172.31.36.0-255,66,253332,8,339040
1439,0.054664,172.217.194.0-255,1484,254816,8,339040
1440,0.05689,172.217.194.0-255,2902,257718,8,339040
1441,0.056908,172.31.36.0-255,66,257784,8,339040
1442,0.059153,172.217.194.0-255,5738,263522,8,339040
1443,0.059159,172.31.36.0-255,66,263588,8,339040
1444,0.061416,172.217.194.0-255,5738,269326,8,339040
1445,0.061423,172.31.36.0-255,66,269392,8,339040
1446,0.063691,172.217.194.0-255,5738,275130,8,339040
1447,0.063698,172.31.36.0-255,66,275196,8,339040
1448,0.06597,172.217.194.0-255,5738,280934,8,339040
1449,0.065977,172.31.36.0-255,66,281000,8,339040
1450,0.068248,172.217.194.0-255,5738,286738,8,339040
1451,0.068257,172.31.36.0-255,66,286804,8,339040
1452,0.070545,172.217.194.0-255,5738,292542,8,339040
1453,0.070552,172.31.36.0-255,66,292608,8,339040
1454,0.072826,172.217.194.0-255,5738,298346,8,339040
1455,0.072832,172.31.36.0-255,66,298412,8,339040
1456,0.075127,172.217.194.0-255,5738,304150,8,339040
1457,0.075133,172.31.36.0-255,66,304216,8,339040
1458,0.077406,172.217.194.0-255,5738,309954,8,339040
1459,0.077412,172.31.36.0-255,66,310020,8,339040
1460,0.079679,172.217.194.0-255,5738,315758,8,339040
1461,0.079685,172.31.36.0-255,66,315824,8,339040
1462,0.081969,172.217.194.0-255,5738,321562,8,339040
1463,0.081974,172.31.36.0-255,66,321628,8,339040
1464,0.084227,172.217.194.0-255,5738,327366,8,339040
1465,0.084234,172.31.36.0-255,66,327432,8,339040
1466,0.086538,172.217.194.0-255,5738,333170,8,339040
1467,0.086545,172.31.36.0-255,66,333236,8,339040
1468,0.088823,172.217.194.0-255,5738,338974,8,339040
1469,0.088829,172.31.36.0-255,66,339040,8,339040
1470,0.0,74.125.24.0-255,153,153,8,337922
1471,2.3e-05,172.31.36.0-255,66,219,8,337922
1472,3e-05,74.125.24.0-255,1484,1703,8,337922
1473,3.5e-05,172.31.36.0-255,66,1769,8,337922
1474,4.1e-05,74.125.24.0-255,2902,4671,8,337922
1475,4.4e-05,172.31.36.0-255,66,4737,8,337922
1476,5.2e-05,74.125.24.0-255,7156,11893,8,337922
1477,5.4e-05,172.31.36.0-255,66,11959,8,337922
1478,5.8e-05,74.125.24.0-255,2049,14008,8,337922
1479,6.1e-05,172.31.36.0-255,66,14074,8,337922
1480,6.9e-05,74.125.24.0-255,5738,19812,8,337922
1481,7.2e-05,172.31.36.0-255,66,19878,8,337922
1482,9.3e-05,74.125.24.0-255,5738,25616,8,337922
1483,9.7e-05,172.31.36.0-255,66,25682,8,337922
1484,0.000103,74.125.24.0-255,5379,31061,8,337922
1485,0.000106,172.31.36.0-255,66,31127,8,337922
1486,0.000111,74.125.24.0-255,4320,35447,8,337922
1487,0.000113,172.31.36.0-255,66,35513,8,337922
1488,0.000131,74.125.24.0-255,1484,36997,8,337922
1489,0.000133,172.31.36.0-255,66,37063,8,337922
1490,0.000137,74.125.24.0-255,1484,38547,8,337922
1491,0.000139,172.31.36.0-255,66,38613,8,337922
1492,0.000171,172.31.36.0-255,66,38679,8,337922
1493,0.000412,74.125.24.0-255,1484,40163,8,337922
1494,0.000417,172.31.36.0-255,66,40229,8,337922
1495,0.000424,74.125.24.0-255,2902,43131,8,337922
1496,0.000427,172.31.36.0-255,66,43197,8,337922
1497,0.000432,74.125.24.0-255,4320,47517,8,337922
1498,0.000435,172.31.36.0-255,66,47583,8,337922
1499,0.000461,74.125.24.0-255,1484,49067,8,337922
1500,0.000464,172.31.36.0-255,66,49133,8,337922
1501,0.000472,74.125.24.0-255,6797,55930,8,337922
1502,0.000475,172.31.36.0-255,66,55996,8,337922
1503,0.000526,74.125.24.0-255,1484,57480,8,337922
1504,0.000533,74.125.24.0-255,2902,60382,8,337922
1505,0.000536,172.31.36.0-255,66,60448,8,337922
1506,0.000556,74.125.24.0-255,5738,66186,8,337922
1507,0.000559,172.31.36.0-255,66,66252,8,337922
1508,0.000577,74.125.24.0-255,1484,67736,8,337922
1509,0.000618,74.125.24.0-255,7156,74892,8,337922
1510,0.000623,172.31.36.0-255,66,74958,8,337922
1511,0.000641,74.125.24.0-255,5379,80337,8,337922
1512,0.000644,172.31.36.0-255,66,80403,8,337922
1513,0.000657,172.31.36.0-255,66,80469,8,337922
1514,0.000664,74.125.24.0-255,7156,87625,8,337922
1515,0.000666,172.31.36.0-255,66,87691,8,337922
1516,0.000704,172.31.36.0-255,66,87757,8,337922
1517,0.000708,74.125.24.0-255,198,87955,8,337922
1518,0.000986,74.125.24.0-255,1484,89439,8,337922
1519,0.00099,172.31.36.0-255,66,89505,8,337922
1520,0.000996,74.125.24.0-255,2902,92407,8,337922
1521,0.000998,172.31.36.0-255,66,92473,8,337922
1522,0.001027,74.125.24.0-255,5738,98211,8,337922
1523,0.00103,172.31.36.0-255,66,98277,8,337922
1524,0.001038,74.125.24.0-255,7156,105433,8,337922
1525,0.00104,172.31.36.0-255,66,105499,8,337922
1526,0.001055,74.125.24.0-255,5738,111237,8,337922
1527,0.001058,172.31.36.0-255,66,111303,8,337922
1528,0.001085,172.31.36.0-255,66,111369,8,337922
1529,0.001106,74.125.24.0-255,2184,113553,8,337922
1530,0.00111,172.31.36.0-255,66,113619,8,337922
1531,0.001528,74.125.24.0-255,1484,115103,8,337922
1532,0.001534,74.125.24.0-255,2902,118005,8,337922
1533,0.001539,172.31.36.0-255,66,118071,8,337922
1534,0.001546,74.125.24.0-255,5738,123809,8,337922
1535,0.001548,172.31.36.0-255,66,123875,8,337922
1536,0.001597,172.31.36.0-255,66,123941,8,337922
1537,0.001625,74.125.24.0-255,4320,128261,8,337922
1538,0.001628,172.31.36.0-255,66,128327,8,337922
1539,0.001658,172.31.36.0-255,66,128393,8,337922
1540,0.001934,74.125.24.0-255,1484,129877,8,337922
1541,0.001949,74.125.24.0-255,2902,132779,8,337922
1542,0.001952,172.31.36.0-255,66,132845,8,337922
1543,0.00196,74.125.24.0-255,5738,138583,8,337922
1544,0.001962,172.31.36.0-255,66,138649,8,337922
1545,0.002003,172.31.36.0-255,66,138715,8,337922
1546,0.00202,74.125.24.0-255,1484,140199,8,337922
1547,0.002044,74.125.24.0-255,2902,143101,8,337922
1548,0.002047,172.31.36.0-255,66,143167,8,337922
1549,0.002078,172.31.36.0-255,66,143233,8,337922
1550,0.002137,74.125.24.0-255,1484,144717,8,337922
1551,0.00215,74.125.24.0-255,2902,147619,8,337922
1552,0.002154,172.31.36.0-255,66,147685,8,337922
1553,0.002163,74.125.24.0-255,1484,149169,8,337922
1554,0.002183,74.125.24.0-255,4320,153489,8,337922
1555,0.002186,172.31.36.0-255,66,153555,8,337922
1556,0.002191,74.125.24.0-255,4320,157875,8,337922
1557,0.002193,172.31.36.0-255,66,157941,8,337922
1558,0.00221,74.125.24.0-255,7156,165097,8,337922
1559,0.002213,172.31.36.0-255,66,165163,8,337922
1560,0.002241,74.125.24.0-255,4320,169483,8,337922
1561,0.002244,172.31.36.0-255,66,169549,8,337922
1562,0.002276,172.31.36.0-255,66,169615,8,337922
1563,0.004668,74.125.24.0-255,5738,175353,8,337922
1564,0.004676,172.31.36.0-255,66,175419,8,337922
1565,0.007029,74.125.24.0-255,5738,181157,8,337922
1566,0.007036,172.31.36.0-255,66,181223,8,337922
1567,0.009423,74.125.24.0-255,5738,186961,8,337922
1568,0.00943,172.31.36.0-255,66,187027,8,337922
1569,0.011794,74.125.24.0-255,5738,192765,8,337922
1570,0.011803,172.31.36.0-255,66,192831,8,337922
1571,0.014185,74.125.24.0-255,5738,198569,8,337922
1572,0.014193,172.31.36.0-255,66,198635,8,337922
1573,0.016579,74.125.24.0-255,5738,204373,8,337922
1574,0.01659,172.31.36.0-255,66,204439,8,337922
1575,0.01899,74.125.24.0-255,5738,210177,8,337922
1576,0.019,172.31.36.0-255,66,210243,8,337922
1577,0.021374,74.125.24.0-255,5738,215981,8,337922
1578,0.021389,172.31.36.0-255,66,216047,8,337922
1579,0.023772,74.125.24.0-255,5738,221785,8,337922
1580,0.023782,172.31.36.0-255,66,221851,8,337922
1581,0.026164,74.125.24.0-255,5738,227589,8,337922
1582,0.026172,172.31.36.0-255,66,227655,8,337922
1583,0.028547,74.125.24.0-255,5738,233393,8,337922
1584,0.028555,172.31.36.0-255,66,233459,8,337922
1585,0.030955,74.125.24.0-255,5738,239197,8,337922
1586,0.030964,172.31.36.0-255,66,239263,8,337922
1587,0.033345,74.125.24.0-255,5738,245001,8,337922
1588,0.033353,172.31.36.0-255,66,245067,8,337922
1589,0.035714,74.125.24.0-255,5738,250805,8,337922
1590,0.035722,172.31.36.0-255,66,250871,8,337922
1591,0.03811,74.125.24.0-255,5738,256609,8,337922
1592,0.038118,172.31.36.0-255,66,256675,8,337922
1593,0.040479,74.125.24.0-255,5738,262413,8,337922
1594,0.040493,172.31.36.0-255,66,262479,8,337922
1595,0.042861,74.125.24.0-255,5738,268217,8,337922
1596,0.042884,172.31.36.0-255,66,268283,8,337922
1597,0.045278,74.125.24.0-255,5738,274021,8,337922
1598,0.045286,172.31.36.0-255,66,274087,8,337922
1599,0.047658,74.125.24.0-255,5738,279825,8,337922
1600,0.04767,172.31.36.0-255,66,279891,8,337922
1601,0.04972,172.31.36.0-255,176,280067,8,337922
1602,0.049749,172.31.36.0-255,1107,281174,8,337922
1603,0.049815,172.31.36.0-255,1514,282688,8,337922
1604,0.049816,172.31.36.0-255,1373,284061,8,337922
1605,0.050039,74.125.24.0-255,5738,289799,8,337922
1606,0.050045,172.31.36.0-255,66,289865,8,337922
1607,0.051285,104.244.42.0-255,66,289931,8,337922
1608,0.051335,104.244.42.0-255,66,289997,8,337922
1609,0.051385,104.244.42.0-255,66,290063,8,337922
1610,0.052418,74.125.24.0-255,5738,295801,8,337922
1611,0.052426,172.31.36.0-255,66,295867,8,337922
1612,0.056089,74.125.24.0-255,5738,301605,8,337922
1613,0.056096,172.31.36.0-255,66,301671,8,337922
1614,0.05845,74.125.24.0-255,5738,307409,8,337922
1615,0.058456,172.31.36.0-255,66,307475,8,337922
1616,0.060875,74.125.24.0-255,5738,313213,8,337922
1617,0.060882,172.31.36.0-255,66,313279,8,337922
1618,0.063272,74.125.24.0-255,5738,319017,8,337922
1619,0.063278,172.31.36.0-255,66,319083,8,337922
1620,0.065641,74.125.24.0-255,5738,324821,8,337922
1621,0.065648,172.31.36.0-255,66,324887,8,337922
1622,0.068016,74.125.24.0-255,5738,330625,8,337922
1623,0.068023,172.31.36.0-255,66,330691,8,337922
1624,0.070426,74.125.24.0-255,5738,336429,8,337922
1625,0.070438,172.31.36.0-255,66,336495,8,337922
1626,0.07278,74.125.24.0-255,1190,337685,8,337922
1627,0.073891,172.31.36.0-255,66,337751,8,337922
1628,0.073933,172.31.36.0-255,105,337856,8,337922
1629,0.076262,74.125.24.0-255,66,337922,8,337922
1630,0.0,74.125.24.0-255,146,146,8,197008
1631,1.7e-05,172.31.36.0-255,66,212,8,197008
1632,2.3e-05,74.125.24.0-255,1484,1696,8,197008
1633,2.7e-05,172.31.36.0-255,66,1762,8,197008
1634,3.3e-05,74.125.24.0-255,2902,4664,8,197008
1635,3.6e-05,172.31.36.0-255,66,4730,8,197008
1636,6.1e-05,74.125.24.0-255,7156,11886,8,197008
1637,6.4e-05,172.31.36.0-255,66,11952,8,197008
1638,0.000127,74.125.24.0-255,2073,14025,8,197008
1639,0.000131,172.31.36.0-255,66,14091,8,197008
1640,0.00069,74.125.24.0-255,1484,15575,8,197008
1641,0.000696,172.31.36.0-255,66,15641,8,197008
1642,0.000705,74.125.24.0-255,2902,18543,8,197008
1643,0.000707,172.31.36.0-255,66,18609,8,197008
1644,0.000734,74.125.24.0-255,5738,24347,8,197008
1645,0.000736,172.31.36.0-255,66,24413,8,197008
1646,0.000781,74.125.24.0-255,4320,28733,8,197008
1647,0.000784,172.31.36.0-255,66,28799,8,197008
1648,0.000804,74.125.24.0-255,2543,31342,8,197008
1649,0.000808,172.31.36.0-255,66,31408,8,197008
1650,0.000855,74.125.24.0-255,4320,35728,8,197008
1651,0.00086,172.31.36.0-255,66,35794,8,197008
1652,0.000888,172.31.36.0-255,66,35860,8,197008
1653,0.000996,74.125.24.0-255,2543,38403,8,197008
1654,0.001,172.31.36.0-255,66,38469,8,197008
1655,0.001022,74.125.24.0-255,2902,41371,8,197008
1656,0.001024,172.31.36.0-255,66,41437,8,197008
1657,0.001054,172.31.36.0-255,66,41503,8,197008
1658,0.001176,74.125.24.0-255,1125,42628,8,197008
1659,0.001179,172.31.36.0-255,66,42694,8,197008
1660,0.001191,74.125.24.0-255,2902,45596,8,197008
1661,0.001193,172.31.36.0-255,66,45662,8,197008
1662,0.001224,172.31.36.0-255,66,45728,8,197008
1663,0.001309,74.125.24.0-255,2902,48630,8,197008
1664,0.001312,172.31.36.0-255,66,48696,8,197008
1665,0.001344,172.31.36.0-255,66,48762,8,197008
1666,0.001495,74.125.24.0-255,2902,51664,8,197008
1667,0.001497,172.31.36.0-255,66,51730,8,197008
1668,0.001523,172.31.36.0-255,66,51796,8,197008
1669,0.001544,74.125.24.0-255,3332,55128,8,197008
1670,0.001546,172.31.36.0-255,66,55194,8,197008
1671,0.001735,74.125.24.0-255,1484,56678,8,197008
1672,0.001771,172.31.36.0-255,66,56744,8,197008
1673,0.001804,172.31.36.0-255,66,56810,8,197008
1674,0.002132,74.125.24.0-255,1484,58294,8,197008
1675,0.002153,74.125.24.0-255,2902,61196,8,197008
1676,0.002155,172.31.36.0-255,66,61262,8,197008
1677,0.002172,74.125.24.0-255,5738,67000,8,197008
1678,0.002174,172.31.36.0-255,66,67066,8,197008
1679,0.002264,74.125.24.0-255,1484,68550,8,197008
1680,0.002343,172.31.36.0-255,66,68616,8,197008
1681,0.002439,74.125.24.0-255,4320,72936,8,197008
1682,0.002449,172.31.36.0-255,66,73002,8,197008
1683,0.002469,74.125.24.0-255,6438,79440,8,197008
1684,0.002475,172.31.36.0-255,66,79506,8,197008
1685,0.002792,74.125.24.0-255,1484,80990,8,197008
1686,0.002798,74.125.24.0-255,2902,83892,8,197008
1687,0.002801,172.31.36.0-255,66,83958,8,197008
1688,0.002824,74.125.24.0-255,4320,88278,8,197008
1689,0.002827,172.31.36.0-255,66,88344,8,197008
1690,0.002843,74.125.24.0-255,1484,89828,8,197008
1691,0.002874,74.125.24.0-255,2902,92730,8,197008
1692,0.002877,172.31.36.0-255,66,92796,8,197008
1693,0.002901,172.31.36.0-255,66,92862,8,197008
1694,0.003009,74.125.24.0-255,2902,95764,8,197008
1695,0.003013,172.31.36.0-255,66,95830,8,197008
1696,0.003032,74.125.24.0-255,1484,97314,8,197008
1697,0.003048,74.125.24.0-255,1484,98798,8,197008
1698,0.00305,172.31.36.0-255,66,98864,8,197008
1699,0.003062,74.125.24.0-255,1484,100348,8,197008
1700,0.003089,74.125.24.0-255,3602,103950,8,197008
1701,0.003092,172.31.36.0-255,66,104016,8,197008
1702,0.003525,74.125.24.0-255,1484,105500,8,197008
1703,0.003544,74.125.24.0-255,2902,108402,8,197008
1704,0.00355,172.31.36.0-255,66,108468,8,197008
1705,0.003566,74.125.24.0-255,1484,109952,8,197008
1706,0.003583,74.125.24.0-255,4320,114272,8,197008
1707,0.003586,172.31.36.0-255,66,114338,8,197008
1708,0.003608,74.125.24.0-255,7156,121494,8,197008
1709,0.003611,172.31.36.0-255,66,121560,8,197008
1710,0.003629,74.125.24.0-255,5738,127298,8,197008
1711,0.003632,172.31.36.0-255,66,127364,8,197008
1712,0.003739,74.125.24.0-255,2902,130266,8,197008
1713,0.003744,172.31.36.0-255,66,130332,8,197008
1714,0.003771,172.31.36.0-255,66,130398,8,197008
1715,0.003867,74.125.24.0-255,4320,134718,8,197008
1716,0.003871,172.31.36.0-255,66,134784,8,197008
1717,0.003884,74.125.24.0-255,1484,136268,8,197008
1718,0.003905,74.125.24.0-255,2902,139170,8,197008
1719,0.003908,172.31.36.0-255,66,139236,8,197008
1720,0.003925,74.125.24.0-255,1484,140720,8,197008
1721,0.003961,74.125.24.0-255,2902,143622,8,197008
1722,0.003964,172.31.36.0-255,66,143688,8,197008
1723,0.003997,172.31.36.0-255,66,143754,8,197008
1724,0.004017,74.125.24.0-255,2902,146656,8,197008
1725,0.00402,172.31.36.0-255,66,146722,8,197008
1726,0.004132,74.125.24.0-255,6438,153160,8,197008
1727,0.004135,172.31.36.0-255,66,153226,8,197008
1728,0.004209,74.125.24.0-255,1484,154710,8,197008
1729,0.004237,172.31.36.0-255,66,154776,8,197008
1730,0.004312,74.125.24.0-255,5738,160514,8,197008
1731,0.004316,172.31.36.0-255,66,160580,8,197008
1732,0.004345,172.31.36.0-255,66,160646,8,197008
1733,0.004367,74.125.24.0-255,6438,167084,8,197008
1734,0.004369,172.31.36.0-255,66,167150,8,197008
1735,0.004545,74.125.24.0-255,2902,170052,8,197008
1736,0.004549,172.31.36.0-255,66,170118,8,197008
1737,0.004574,74.125.24.0-255,1484,171602,8,197008
1738,0.004609,172.31.36.0-255,66,171668,8,197008
1739,0.004644,172.31.36.0-255,66,171734,8,197008
1740,0.004886,74.125.24.0-255,1484,173218,8,197008
1741,0.004907,74.125.24.0-255,2902,176120,8,197008
1742,0.004911,172.31.36.0-255,66,176186,8,197008
1743,0.004943,172.31.36.0-255,66,176252,8,197008
1744,0.004957,74.125.24.0-255,4320,180572,8,197008
1745,0.004959,172.31.36.0-255,66,180638,8,197008
1746,0.004981,74.125.24.0-255,4320,184958,8,197008
1747,0.004983,172.31.36.0-255,66,185024,8,197008
1748,0.005006,74.125.24.0-255,7156,192180,8,197008
1749,0.005008,172.31.36.0-255,66,192246,8,197008
1750,0.005068,172.31.36.0-255,66,192312,8,197008
1751,0.005107,172.31.36.0-255,66,192378,8,197008
1752,0.005499,74.125.24.0-255,105,192483,8,197008
1753,0.007944,172.31.36.0-255,66,192549,8,197008
1754,0.00797,172.31.36.0-255,105,192654,8,197008
1755,0.010053,74.125.24.0-255,66,192720,8,197008
1756,0.024996,172.31.36.0-255,172,192892,8,197008
1757,0.025028,172.31.36.0-255,1111,194003,8,197008
1758,0.025066,172.31.36.0-255,1514,195517,8,197008
1759,0.025068,172.31.36.0-255,1293,196810,8,197008
1760,0.026657,104.244.42.0-255,66,196876,8,197008
1761,0.026695,104.244.42.0-255,66,196942,8,197008
1762,0.026739,104.244.42.0-255,66,197008,8,197008
1763,0.0,74.125.68.0-255,153,153,8,379135
1764,2.1e-05,172.31.36.0-255,66,219,8,379135
1765,2.8e-05,74.125.68.0-255,1484,1703,8,379135
1766,3.3e-05,172.31.36.0-255,66,1769,8,379135
1767,4.7e-05,74.125.68.0-255,2902,4671,8,379135
1768,5.1e-05,172.31.36.0-255,66,4737,8,379135
1769,5.7e-05,74.125.68.0-255,4320,9057,8,379135
1770,5.9e-05,172.31.36.0-255,66,9123,8,379135
1771,8.4e-05,74.125.68.0-255,2902,12025,8,379135
1772,8.6e-05,172.31.36.0-255,66,12091,8,379135
1773,0.000115,74.125.68.0-255,2045,14136,8,379135
1774,0.000118,172.31.36.0-255,66,14202,8,379135
1775,0.000148,74.125.68.0-255,2902,17104,8,379135
1776,0.00015,172.31.36.0-255,66,17170,8,379135
1777,0.000169,74.125.68.0-255,2902,20072,8,379135
1778,0.000172,172.31.36.0-255,66,20138,8,379135
1779,0.000178,74.125.68.0-255,7156,27294,8,379135
1780,0.00018,172.31.36.0-255,66,27360,8,379135
1781,0.000183,74.125.68.0-255,1484,28844,8,379135
1782,0.000185,172.31.36.0-255,66,28910,8,379135
1783,0.000209,74.125.68.0-255,2543,31453,8,379135
1784,0.000216,172.31.36.0-255,66,31519,8,379135
1785,0.000464,74.125.68.0-255,1484,33003,8,379135
1786,0.00047,172.31.36.0-255,66,33069,8,379135
1787,0.000477,74.125.68.0-255,2902,35971,8,379135
1788,0.00048,172.31.36.0-255,66,36037,8,379135
1789,0.000491,74.125.68.0-255,2902,38939,8,379135
1790,0.000493,172.31.36.0-255,66,39005,8,379135
1791,0.000527,74.125.68.0-255,2902,41907,8,379135
1792,0.000531,172.31.36.0-255,66,41973,8,379135
1793,0.000539,74.125.68.0-255,6797,48770,8,379135
1794,0.000541,172.31.36.0-255,66,48836,8,379135
1795,0.000552,74.125.68.0-255,5738,54574,8,379135
1796,0.000555,172.31.36.0-255,66,54640,8,379135
1797,0.000585,74.125.68.0-255,4320,58960,8,379135
1798,0.000588,172.31.36.0-255,66,59026,8,379135
1799,0.000631,74.125.68.0-255,7154,66180,8,379135
1800,0.000635,172.31.36.0-255,66,66246,8,379135
1801,0.000686,74.125.68.0-255,329,66575,8,379135
1802,0.001175,74.125.68.0-255,1484,68059,8,379135
1803,0.001182,172.31.36.0-255,66,68125,8,379135
1804,0.001188,74.125.68.0-255,2902,71027,8,379135
1805,0.00119,172.31.36.0-255,66,71093,8,379135
1806,0.001193,74.125.68.0-255,1484,72577,8,379135
1807,0.001217,74.125.68.0-255,4320,76897,8,379135
1808,0.00122,172.31.36.0-255,66,76963,8,379135
1809,0.001261,172.31.36.0-255,66,77029,8,379135
1810,0.001279,172.31.36.0-255,66,77095,8,379135
1811,0.001285,74.125.68.0-255,5020,82115,8,379135
1812,0.001287,172.31.36.0-255,66,82181,8,379135
1813,0.001359,74.125.68.0-255,1484,83665,8,379135
1814,0.001382,74.125.68.0-255,2902,86567,8,379135
1815,0.001386,172.31.36.0-255,66,86633,8,379135
1816,0.001392,74.125.68.0-255,4320,90953,8,379135
1817,0.001395,172.31.36.0-255,66,91019,8,379135
1818,0.001436,172.31.36.0-255,66,91085,8,379135
1819,0.001442,74.125.68.0-255,5738,96823,8,379135
1820,0.001445,172.31.36.0-255,66,96889,8,379135
1821,0.001459,74.125.68.0-255,7156,104045,8,379135
1822,0.001461,172.31.36.0-255,66,104111,8,379135
1823,0.001498,74.125.68.0-255,3602,107713,8,379135
1824,0.001503,172.31.36.0-255,66,107779,8,379135
1825,0.001689,74.125.68.0-255,1484,109263,8,379135
1826,0.001696,74.125.68.0-255,2902,112165,8,379135
1827,0.0017,172.31.36.0-255,66,112231,8,379135
1828,0.00173,74.125.68.0-255,1484,113715,8,379135
1829,0.001734,74.125.68.0-255,2902,116617,8,379135
1830,0.001736,172.31.36.0-255,66,116683,8,379135
1831,0.001761,74.125.68.0-255,2902,119585,8,379135
1832,0.001763,172.31.36.0-255,66,119651,8,379135
1833,0.001794,74.125.68.0-255,2902,122553,8,379135
1834,0.001797,172.31.36.0-255,66,122619,8,379135
1835,0.001802,74.125.68.0-255,2902,125521,8,379135
1836,0.001804,172.31.36.0-255,66,125587,8,379135
1837,0.001809,74.125.68.0-255,4320,129907,8,379135
1838,0.001811,172.31.36.0-255,66,129973,8,379135
1839,0.001825,172.31.36.0-255,66,130039,8,379135
1840,0.001829,74.125.68.0-255,3602,133641,8,379135
1841,0.001832,172.31.36.0-255,66,133707,8,379135
1842,0.001874,74.125.68.0-255,1484,135191,8,379135
1843,0.001877,74.125.68.0-255,1484,136675,8,379135
1844,0.00188,172.31.36.0-255,66,136741,8,379135
1845,0.001905,74.125.68.0-255,1484,138225,8,379135
1846,0.001912,74.125.68.0-255,5738,143963,8,379135
1847,0.001914,172.31.36.0-255,66,144029,8,379135
1848,0.001919,74.125.68.0-255,2902,146931,8,379135
1849,0.001922,172.31.36.0-255,66,146997,8,379135
1850,0.001932,74.125.68.0-255,4320,151317,8,379135
1851,0.001934,172.31.36.0-255,66,151383,8,379135
1852,0.001937,74.125.68.0-255,1484,152867,8,379135
1853,0.00197,74.125.68.0-255,7156,160023,8,379135
1854,0.001972,172.31.36.0-255,66,160089,8,379135
1855,0.001982,172.31.36.0-255,66,160155,8,379135
1856,0.00408,74.125.68.0-255,5738,165893,8,379135
1857,0.004085,172.31.36.0-255,66,165959,8,379135
1858,0.006188,74.125.68.0-255,4320,170279,8,379135
1859,0.006195,172.31.36.0-255,66,170345,8,379135
1860,0.006225,74.125.68.0-255,1484,171829,8,379135
1861,0.0083,74.125.68.0-255,4320,176149,8,379135
1862,0.008307,172.31.36.0-255,66,176215,8,379135
1863,0.010415,74.125.68.0-255,5738,181953,8,379135
1864,0.010423,172.31.36.0-255,66,182019,8,379135
1865,0.012531,74.125.68.0-255,5738,187757,8,379135
1866,0.012539,172.31.36.0-255,66,187823,8,379135
1867,0.014654,74.125.68.0-255,5738,193561,8,379135
1868,0.014663,172.31.36.0-255,66,193627,8,379135
1869,0.016776,74.125.68.0-255,5738,199365,8,379135
1870,0.016784,172.31.36.0-255,66,199431,8,379135
1871,0.018889,74.125.68.0-255,5738,205169,8,379135
1872,0.018897,172.31.36.0-255,66,205235,8,379135
1873,0.021018,74.125.68.0-255,5738,210973,8,379135
1874,0.021024,172.31.36.0-255,66,211039,8,379135
1875,0.023144,74.125.68.0-255,5738,216777,8,379135
1876,0.023151,172.31.36.0-255,66,216843,8,379135
1877,0.025255,74.125.68.0-255,5738,222581,8,379135
1878,0.025261,172.31.36.0-255,66,222647,8,379135
1879,0.027365,74.125.68.0-255,4320,226967,8,379135
1880,0.027374,172.31.36.0-255,66,227033,8,379135
1881,0.027405,74.125.68.0-255,1484,228517,8,379135
1882,0.027768,172.31.36.0-255,172,228689,8,379135
1883,0.027828,172.31.36.0-255,1111,229800,8,379135
1884,0.02791,172.31.36.0-255,1514,231314,8,379135
1885,0.027912,172.31.36.0-255,1293,232607,8,379135
1886,0.029363,104.244.42.0-255,66,232673,8,379135
1887,0.029416,104.244.42.0-255,66,232739,8,379135
1888,0.029464,74.125.68.0-255,2902,235641,8,379135
1889,0.029468,172.31.36.0-255,66,235707,8,379135
1890,0.029503,74.125.68.0-255,1484,237191,8,379135
1891,0.029517,104.244.42.0-255,66,237257,8,379135
1892,0.031568,74.125.68.0-255,4320,241577,8,379135
1893,0.031573,172.31.36.0-255,66,241643,8,379135
1894,0.033678,74.125.68.0-255,5738,247381,8,379135
1895,0.033684,172.31.36.0-255,66,247447,8,379135
1896,0.035781,74.125.68.0-255,5738,253185,8,379135
1897,0.035787,172.31.36.0-255,66,253251,8,379135
1898,0.037894,74.125.68.0-255,5738,258989,8,379135
1899,0.037899,172.31.36.0-255,66,259055,8,379135
1900,0.040003,74.125.68.0-255,5738,264793,8,379135
1901,0.040009,172.31.36.0-255,66,264859,8,379135
1902,0.042106,74.125.68.0-255,5738,270597,8,379135
1903,0.042112,172.31.36.0-255,66,270663,8,379135
1904,0.044207,74.125.68.0-255,5738,276401,8,379135
1905,0.044212,172.31.36.0-255,66,276467,8,379135
1906,0.046321,74.125.68.0-255,5738,282205,8,379135
1907,0.046327,172.31.36.0-255,66,282271,8,379135
1908,0.048431,74.125.68.0-255,5738,288009,8,379135
1909,0.048436,172.31.36.0-255,66,288075,8,379135
1910,0.050536,74.125.68.0-255,5738,293813,8,379135
1911,0.050541,172.31.36.0-255,66,293879,8,379135
1912,0.052646,74.125.68.0-255,5738,299617,8,379135
1913,0.052654,172.31.36.0-255,66,299683,8,379135
1914,0.054752,74.125.68.0-255,4320,304003,8,379135
1915,0.054757,172.31.36.0-255,66,304069,8,379135
1916,0.054791,74.125.68.0-255,1484,305553,8,379135
1917,0.056855,74.125.68.0-255,4320,309873,8,379135
1918,0.056861,172.31.36.0-255,66,309939,8,379135
1919,0.058966,74.125.68.0-255,5738,315677,8,379135
1920,0.058971,172.31.36.0-255,66,315743,8,379135
1921,0.061083,74.125.68.0-255,5738,321481,8,379135
1922,0.061089,172.31.36.0-255,66,321547,8,379135
1923,0.063283,74.125.68.0-255,5738,327285,8,379135
1924,0.063289,172.31.36.0-255,66,327351,8,379135
1925,0.065392,74.125.68.0-255,5738,333089,8,379135
1926,0.065398,172.31.36.0-255,66,333155,8,379135
1927,0.067499,74.125.68.0-255,5738,338893,8,379135
1928,0.067504,172.31.36.0-255,66,338959,8,379135
1929,0.069634,74.125.68.0-255,5738,344697,8,379135
1930,0.069639,172.31.36.0-255,66,344763,8,379135
1931,0.071741,74.125.68.0-255,5738,350501,8,379135
1932,0.071747,172.31.36.0-255,66,350567,8,379135
1933,0.073845,74.125.68.0-255,5738,356305,8,379135
1934,0.073851,172.31.36.0-255,66,356371,8,379135
1935,0.075965,74.125.68.0-255,5738,362109,8,379135
1936,0.07597,172.31.36.0-255,66,362175,8,379135
1937,0.078069,74.125.68.0-255,5738,367913,8,379135
1938,0.078076,172.31.36.0-255,66,367979,8,379135
1939,0.080178,74.125.68.0-255,5738,373717,8,379135
1940,0.080183,172.31.36.0-255,66,373783,8,379135
1941,0.082306,74.125.68.0-255,5115,378898,8,379135
1942,0.082311,172.31.36.0-255,66,378964,8,379135
1943,0.08256,172.31.36.0-255,105,379069,8,379135
1944,0.084632,74.125.68.0-255,66,379135,8,379135
1945,0.0,74.125.24.0-255,153,153,8,214430
1946,3.4e-05,172.31.36.0-255,66,219,8,214430
1947,4.2e-05,74.125.24.0-255,1484,1703,8,214430
1948,4.7e-05,172.31.36.0-255,66,1769,8,214430
1949,5.3e-05,74.125.24.0-255,2902,4671,8,214430
1950,5.5e-05,172.31.36.0-255,66,4737,8,214430
1951,7.4e-05,74.125.24.0-255,1484,6221,8,214430
1952,7.7e-05,172.31.36.0-255,66,6287,8,214430
1953,9.3e-05,74.125.24.0-255,2902,9189,8,214430
1954,9.6e-05,172.31.36.0-255,66,9255,8,214430
1955,0.000122,74.125.24.0-255,4320,13575,8,214430
1956,0.000125,172.31.36.0-255,66,13641,8,214430
1957,0.000136,74.125.24.0-255,1484,15125,8,214430
1958,0.000138,172.31.36.0-255,66,15191,8,214430
1959,0.000174,172.31.36.0-255,66,15257,8,214430
1960,0.000185,172.31.36.0-255,66,15323,8,214430
1961,0.000314,74.125.24.0-255,1484,16807,8,214430
1962,0.000318,172.31.36.0-255,66,16873,8,214430
1963,0.000323,74.125.24.0-255,2902,19775,8,214430
1964,0.000325,172.31.36.0-255,66,19841,8,214430
1965,0.000342,74.125.24.0-255,5738,25579,8,214430
1966,0.000346,172.31.36.0-255,66,25645,8,214430
1967,0.000383,172.31.36.0-255,66,25711,8,214430
1968,0.000405,172.31.36.0-255,66,25777,8,214430
1969,0.000433,74.125.24.0-255,5738,31515,8,214430
1970,0.000436,172.31.36.0-255,66,31581,8,214430
1971,0.000487,74.125.24.0-255,1438,33019,8,214430
1972,0.000492,172.31.36.0-255,66,33085,8,214430
1973,0.000763,74.125.24.0-255,109,33194,8,214430
1974,0.000822,74.125.24.0-255,1484,34678,8,214430
1975,0.000827,172.31.36.0-255,66,34744,8,214430
1976,0.000831,74.125.24.0-255,1484,36228,8,214430
1977,0.000844,74.125.24.0-255,1484,37712,8,214430
1978,0.000847,172.31.36.0-255,66,37778,8,214430
1979,0.000853,74.125.24.0-255,4320,42098,8,214430
1980,0.000856,172.31.36.0-255,66,42164,8,214430
1981,0.000873,74.125.24.0-255,1484,43648,8,214430
1982,0.000879,74.125.24.0-255,4320,47968,8,214430
1983,0.000882,172.31.36.0-255,66,48034,8,214430
1984,0.000898,74.125.24.0-255,2543,50577,8,214430
1985,0.000903,172.31.36.0-255,66,50643,8,214430
1986,0.000964,74.125.24.0-255,1484,52127,8,214430
1987,0.000983,74.125.24.0-255,2902,55029,8,214430
1988,0.000986,172.31.36.0-255,66,55095,8,214430
1989,0.001005,74.125.24.0-255,5738,60833,8,214430
1990,0.001024,172.31.36.0-255,66,60899,8,214430
1991,0.001028,74.125.24.0-255,1484,62383,8,214430
1992,0.001048,74.125.24.0-255,5379,67762,8,214430
1993,0.001051,172.31.36.0-255,66,67828,8,214430
1994,0.00199,74.125.24.0-255,1484,69312,8,214430
1995,0.00201,74.125.24.0-255,1484,70796,8,214430
1996,0.002016,172.31.36.0-255,66,70862,8,214430
1997,0.002021,74.125.24.0-255,1484,72346,8,214430
1998,0.002034,74.125.24.0-255,1484,73830,8,214430
1999,0.002036,172.31.36.0-255,66,73896,8,214430
2000,0.002042,74.125.24.0-255,5738,79634,8,214430
2001,0.002044,172.31.36.0-255,66,79700,8,214430
2002,0.002073,74.125.24.0-255,5738,85438,8,214430
2003,0.002075,172.31.36.0-255,66,85504,8,214430
2004,0.002121,74.125.24.0-255,4320,89824,8,214430
2005,0.002123,172.31.36.0-255,66,89890,8,214430
2006,0.002151,172.31.36.0-255,66,89956,8,214430
2007,0.002169,74.125.24.0-255,3602,93558,8,214430
2008,0.00217,172.31.36.0-255,66,93624,8,214430
2009,0.002611,74.125.24.0-255,1484,95108,8,214430
2010,0.002627,74.125.24.0-255,1484,96592,8,214430
2011,0.002629,172.31.36.0-255,66,96658,8,214430
2012,0.002646,74.125.24.0-255,1484,98142,8,214430
2013,0.002651,74.125.24.0-255,4320,102462,8,214430
2014,0.002653,172.31.36.0-255,66,102528,8,214430
2015,0.002676,74.125.24.0-255,1484,104012,8,214430
2016,0.002691,172.31.36.0-255,66,104078,8,214430
2017,0.002731,74.125.24.0-255,2902,106980,8,214430
2018,0.002734,172.31.36.0-255,66,107046,8,214430
2019,0.002766,172.31.36.0-255,66,107112,8,214430
2020,0.002776,172.31.36.0-255,66,107178,8,214430
2021,0.002779,74.125.24.0-255,2902,110080,8,214430
2022,0.002782,172.31.36.0-255,66,110146,8,214430
2023,0.002785,74.125.24.0-255,1484,111630,8,214430
2024,0.002792,74.125.24.0-255,7156,118786,8,214430
2025,0.002795,172.31.36.0-255,66,118852,8,214430
2026,0.002804,172.31.36.0-255,66,118918,8,214430
2027,0.002809,74.125.24.0-255,3602,122520,8,214430
2028,0.002811,172.31.36.0-255,66,122586,8,214430
2029,0.002829,74.125.24.0-255,2902,125488,8,214430
2030,0.002831,172.31.36.0-255,66,125554,8,214430
2031,0.002854,74.125.24.0-255,1484,127038,8,214430
2032,0.002863,172.31.36.0-255,66,127104,8,214430
2033,0.002866,74.125.24.0-255,1484,128588,8,214430
2034,0.002883,74.125.24.0-255,1484,130072,8,214430
2035,0.002885,172.31.36.0-255,66,130138,8,214430
2036,0.002901,74.125.24.0-255,4320,134458,8,214430
2037,0.002903,172.31.36.0-255,66,134524,8,214430
2038,0.002922,74.125.24.0-255,4320,138844,8,214430
2039,0.002925,172.31.36.0-255,66,138910,8,214430
2040,0.002948,172.31.36.0-255,66,138976,8,214430
2041,0.002963,74.125.24.0-255,2902,141878,8,214430
2042,0.002965,172.31.36.0-255,66,141944,8,214430
2043,0.003,172.31.36.0-255,66,142010,8,214430
2044,0.00301,74.125.24.0-255,4320,146330,8,214430
2045,0.003012,172.31.36.0-255,66,146396,8,214430
2046,0.00304,172.31.36.0-255,66,146462,8,214430
2047,0.003045,74.125.24.0-255,3602,150064,8,214430
2048,0.003047,172.31.36.0-255,66,150130,8,214430
2049,0.003076,74.125.24.0-255,4320,154450,8,214430
2050,0.003079,172.31.36.0-255,66,154516,8,214430
2051,0.003103,172.31.36.0-255,66,154582,8,214430
2052,0.003106,74.125.24.0-255,1484,156066,8,214430
2053,0.003152,172.31.36.0-255,66,156132,8,214430
2054,0.003158,74.125.24.0-255,5738,161870,8,214430
2055,0.00316,172.31.36.0-255,66,161936,8,214430
2056,0.003175,172.31.36.0-255,66,162002,8,214430
2057,0.003181,74.125.24.0-255,5738,167740,8,214430
2058,0.003184,172.31.36.0-255,66,167806,8,214430
2059,0.0032,74.125.24.0-255,2902,170708,8,214430
2060,0.003203,172.31.36.0-255,66,170774,8,214430
2061,0.003206,74.125.24.0-255,1484,172258,8,214430
2062,0.003249,172.31.36.0-255,66,172324,8,214430
2063,0.003287,74.125.24.0-255,2902,175226,8,214430
2064,0.003289,172.31.36.0-255,66,175292,8,214430
2065,0.003326,172.31.36.0-255,66,175358,8,214430
2066,0.003337,172.31.36.0-255,66,175424,8,214430
2067,0.003339,74.125.24.0-255,766,176190,8,214430
2068,0.003342,74.125.24.0-255,1484,177674,8,214430
2069,0.003344,172.31.36.0-255,66,177740,8,214430
2070,0.003347,74.125.24.0-255,1484,179224,8,214430
2071,0.003354,74.125.24.0-255,7156,186380,8,214430
2072,0.003356,172.31.36.0-255,66,186446,8,214430
2073,0.00336,74.125.24.0-255,2902,189348,8,214430
2074,0.003363,172.31.36.0-255,66,189414,8,214430
2075,0.003366,74.125.24.0-255,2902,192316,8,214430
2076,0.003368,172.31.36.0-255,66,192382,8,214430
2077,0.003374,74.125.24.0-255,4320,196702,8,214430
2078,0.003376,172.31.36.0-255,66,196768,8,214430
2079,0.003408,172.31.36.0-255,66,196834,8,214430
2080,0.003411,74.125.24.0-255,766,197600,8,214430
2081,0.003436,74.125.24.0-255,6256,203856,8,214430
2082,0.003439,172.31.36.0-255,66,203922,8,214430
2083,0.003544,74.125.24.0-255,105,204027,8,214430
2084,0.010767,172.31.36.0-255,66,204093,8,214430
2085,0.010801,172.31.36.0-255,105,204198,8,214430
2086,0.013076,74.125.24.0-255,66,204264,8,214430
2087,0.044288,172.31.36.0-255,172,204436,8,214430
2088,0.044317,172.31.36.0-255,1111,205547,8,214430
2089,0.044373,172.31.36.0-255,1514,207061,8,214430
2090,0.044374,172.31.36.0-255,1514,208575,8,214430
2091,0.04438,172.31.36.0-255,1514,210089,8,214430
2092,0.044382,172.31.36.0-255,1514,211603,8,214430
2093,0.0444,172.31.36.0-255,1514,213117,8,214430
2094,0.044401,172.31.36.0-255,875,213992,8,214430
2095,0.045865,104.244.42.0-255,66,214058,8,214430
2096,0.045876,104.244.42.0-255,66,214124,8,214430
2097,0.045952,104.244.42.0-255,66,214190,8,214430
2098,0.045958,104.244.42.0-255,66,214256,8,214430
2099,0.065148,172.31.36.0-255,108,214364,8,214430
2100,0.066726,104.244.42.0-255,66,214430,8,214430
2101,0.0,74.125.24.0-255,153,153,8,294361
2102,3.4e-05,172.31.36.0-255,66,219,8,294361
2103,4.1e-05,74.125.24.0-255,1484,1703,8,294361
2104,4.5e-05,172.31.36.0-255,66,1769,8,294361
2105,4.9e-05,74.125.24.0-255,2902,4671,8,294361
2106,5.3e-05,172.31.36.0-255,66,4737,8,294361
2107,6e-05,74.125.24.0-255,7156,11893,8,294361
2108,6.3e-05,172.31.36.0-255,66,11959,8,294361
2109,6.6e-05,74.125.24.0-255,2066,14025,8,294361
2110,6.9e-05,172.31.36.0-255,66,14091,8,294361
2111,0.00023,74.125.24.0-255,1484,15575,8,294361
2112,0.000235,172.31.36.0-255,66,15641,8,294361
2113,0.000241,74.125.24.0-255,2902,18543,8,294361
2114,0.000244,172.31.36.0-255,66,18609,8,294361
2115,0.000247,74.125.24.0-255,1484,20093,8,294361
2116,0.000249,172.31.36.0-255,66,20159,8,294361
2117,0.000271,74.125.24.0-255,4320,24479,8,294361
2118,0.000274,172.31.36.0-255,66,24545,8,294361
2119,0.000315,74.125.24.0-255,6797,31342,8,294361
2120,0.000319,172.31.36.0-255,66,31408,8,294361
2121,0.000322,74.125.24.0-255,1484,32892,8,294361
2122,0.000325,74.125.24.0-255,1484,34376,8,294361
2123,0.000327,172.31.36.0-255,66,34442,8,294361
2124,0.000331,172.31.36.0-255,66,34508,8,294361
2125,0.000336,74.125.24.0-255,1484,35992,8,294361
2126,0.000339,172.31.36.0-255,66,36058,8,294361
2127,0.000358,74.125.24.0-255,4320,40378,8,294361
2128,0.000362,172.31.36.0-255,66,40444,8,294361
2129,0.000381,74.125.24.0-255,1484,41928,8,294361
2130,0.000384,172.31.36.0-255,66,41994,8,294361
2131,0.000389,74.125.24.0-255,2902,44896,8,294361
2132,0.000392,172.31.36.0-255,66,44962,8,294361
2133,0.000408,74.125.24.0-255,4320,49282,8,294361
2134,0.000411,172.31.36.0-255,66,49348,8,294361
2135,0.000446,74.125.24.0-255,5738,55086,8,294361
2136,0.00045,172.31.36.0-255,66,55152,8,294361
2137,0.000456,74.125.24.0-255,4320,59472,8,294361
2138,0.000458,172.31.36.0-255,66,59538,8,294361
2139,0.000472,74.125.24.0-255,2902,62440,8,294361
2140,0.000475,172.31.36.0-255,66,62506,8,294361
2141,0.000507,74.125.24.0-255,3602,66108,8,294361
2142,0.00051,172.31.36.0-255,66,66174,8,294361
2143,0.000943,74.125.24.0-255,363,66537,8,294361
2144,0.000952,74.125.24.0-255,130,66667,8,294361
2145,0.001177,74.125.24.0-255,1484,68151,8,294361
2146,0.001183,172.31.36.0-255,66,68217,8,294361
2147,0.00119,74.125.24.0-255,2902,71119,8,294361
2148,0.001191,172.31.36.0-255,66,71185,8,294361
2149,0.001214,74.125.24.0-255,1484,72669,8,294361
2150,0.001231,74.125.24.0-255,4320,76989,8,294361
2151,0.001233,172.31.36.0-255,66,77055,8,294361
2152,0.00124,74.125.24.0-255,4320,81375,8,294361
2153,0.001242,172.31.36.0-255,66,81441,8,294361
2154,0.001247,74.125.24.0-255,2902,84343,8,294361
2155,0.001248,172.31.36.0-255,66,84409,8,294361
2156,0.001279,172.31.36.0-255,66,84475,8,294361
2157,0.00129,172.31.36.0-255,66,84541,8,294361
2158,0.00131,74.125.24.0-255,346,84887,8,294361
2159,0.001419,74.125.24.0-255,1484,86371,8,294361
2160,0.001424,172.31.36.0-255,66,86437,8,294361
2161,0.00143,74.125.24.0-255,2902,89339,8,294361
2162,0.001431,172.31.36.0-255,66,89405,8,294361
2163,0.001437,74.125.24.0-255,4320,93725,8,294361
2164,0.001439,172.31.36.0-255,66,93791,8,294361
2165,0.001454,74.125.24.0-255,1484,95275,8,294361
2166,0.001458,74.125.24.0-255,2902,98177,8,294361
2167,0.001462,172.31.36.0-255,66,98243,8,294361
2168,0.00149,172.31.36.0-255,66,98309,8,294361
2169,0.001518,172.31.36.0-255,66,98375,8,294361
2170,0.00248,74.125.24.0-255,1484,99859,8,294361
2171,0.002494,74.125.24.0-255,2902,102761,8,294361
2172,0.002496,172.31.36.0-255,66,102827,8,294361
2173,0.002501,74.125.24.0-255,4320,107147,8,294361
2174,0.002503,172.31.36.0-255,66,107213,8,294361
2175,0.002515,74.125.24.0-255,1484,108697,8,294361
2176,0.002528,74.125.24.0-255,2902,111599,8,294361
2177,0.002531,172.31.36.0-255,66,111665,8,294361
2178,0.002549,172.31.36.0-255,66,111731,8,294361
2179,0.002559,74.125.24.0-255,1484,113215,8,294361
2180,0.002571,172.31.36.0-255,66,113281,8,294361
2181,0.005252,74.125.24.0-255,1484,114765,8,294361
2182,0.00527,74.125.24.0-255,4320,119085,8,294361
2183,0.005273,172.31.36.0-255,66,119151,8,294361
2184,0.008003,74.125.24.0-255,5738,124889,8,294361
2185,0.008009,172.31.36.0-255,66,124955,8,294361
2186,0.010712,74.125.24.0-255,2902,127857,8,294361
2187,0.01072,172.31.36.0-255,66,127923,8,294361
2188,0.010742,74.125.24.0-255,2902,130825,8,294361
2189,0.010745,172.31.36.0-255,66,130891,8,294361
2190,0.013433,74.125.24.0-255,5738,136629,8,294361
2191,0.013443,172.31.36.0-255,66,136695,8,294361
2192,0.016177,74.125.24.0-255,5738,142433,8,294361
2193,0.016189,172.31.36.0-255,66,142499,8,294361
2194,0.01892,74.125.24.0-255,5738,148237,8,294361
2195,0.018929,172.31.36.0-255,66,148303,8,294361
2196,0.021636,74.125.24.0-255,5738,154041,8,294361
2197,0.021644,172.31.36.0-255,66,154107,8,294361
2198,0.024381,74.125.24.0-255,5738,159845,8,294361
2199,0.024388,172.31.36.0-255,66,159911,8,294361
2200,0.027166,74.125.24.0-255,5738,165649,8,294361
2201,0.027174,172.31.36.0-255,66,165715,8,294361
2202,0.029928,74.125.24.0-255,5738,171453,8,294361
2203,0.029938,172.31.36.0-255,66,171519,8,294361
2204,0.032634,74.125.24.0-255,5738,177257,8,294361
2205,0.032643,172.31.36.0-255,66,177323,8,294361
2206,0.035356,74.125.24.0-255,5738,183061,8,294361
2207,0.035364,172.31.36.0-255,66,183127,8,294361
2208,0.038077,74.125.24.0-255,5738,188865,8,294361
2209,0.038085,172.31.36.0-255,66,188931,8,294361
2210,0.04007,172.31.36.0-255,176,189107,8,294361
2211,0.040098,172.31.36.0-255,1111,190218,8,294361
2212,0.040152,172.31.36.0-255,1514,191732,8,294361
2213,0.040154,172.31.36.0-255,1514,193246,8,294361
2214,0.04016,172.31.36.0-255,1514,194760,8,294361
2215,0.040166,172.31.36.0-255,1514,196274,8,294361
2216,0.040191,172.31.36.0-255,1230,197504,8,294361
2217,0.040777,74.125.24.0-255,5738,203242,8,294361
2218,0.040784,172.31.36.0-255,66,203308,8,294361
2219,0.041737,104.244.42.0-255,66,203374,8,294361
2220,0.041745,104.244.42.0-255,66,203440,8,294361
2221,0.041888,104.244.42.0-255,66,203506,8,294361
2222,0.041896,104.244.42.0-255,66,203572,8,294361
2223,0.044159,74.125.24.0-255,5738,209310,8,294361
2224,0.044165,172.31.36.0-255,66,209376,8,294361
2225,0.04687,74.125.24.0-255,5738,215114,8,294361
2226,0.046876,172.31.36.0-255,66,215180,8,294361
2227,0.04959,74.125.24.0-255,5738,220918,8,294361
2228,0.049596,172.31.36.0-255,66,220984,8,294361
2229,0.052326,74.125.24.0-255,5738,226722,8,294361
2230,0.052333,172.31.36.0-255,66,226788,8,294361
2231,0.05504,74.125.24.0-255,1484,228272,8,294361
2232,0.055127,74.125.24.0-255,4320,232592,8,294361
2233,0.055131,172.31.36.0-255,66,232658,8,294361
2234,0.057867,74.125.24.0-255,4320,236978,8,294361
2235,0.057872,172.31.36.0-255,66,237044,8,294361
2236,0.057897,74.125.24.0-255,1484,238528,8,294361
2237,0.060602,74.125.24.0-255,2902,241430,8,294361
2238,0.060607,172.31.36.0-255,66,241496,8,294361
2239,0.060637,74.125.24.0-255,1484,242980,8,294361
2240,0.060724,172.31.36.0-255,101,243081,8,294361
2241,0.063324,74.125.24.0-255,4320,247401,8,294361
2242,0.063329,172.31.36.0-255,66,247467,8,294361
2243,0.063433,74.125.24.0-255,1484,248951,8,294361
2244,0.06603,74.125.24.0-255,4320,253271,8,294361
2245,0.066036,172.31.36.0-255,66,253337,8,294361
2246,0.068736,74.125.24.0-255,5738,259075,8,294361
2247,0.068741,172.31.36.0-255,66,259141,8,294361
2248,0.071483,74.125.24.0-255,5738,264879,8,294361
2249,0.071488,172.31.36.0-255,66,264945,8,294361
2250,0.074198,74.125.24.0-255,4320,269265,8,294361
2251,0.074203,172.31.36.0-255,66,269331,8,294361
2252,0.074235,74.125.24.0-255,1484,270815,8,294361
2253,0.076914,74.125.24.0-255,2902,273717,8,294361
2254,0.076919,172.31.36.0-255,66,273783,8,294361
2255,0.076947,74.125.24.0-255,1484,275267,8,294361
2256,0.079646,74.125.24.0-255,2902,278169,8,294361
2257,0.079656,172.31.36.0-255,66,278235,8,294361
2258,0.079681,74.125.24.0-255,1484,279719,8,294361
2259,0.082375,74.125.24.0-255,4320,284039,8,294361
2260,0.082383,172.31.36.0-255,66,284105,8,294361
2261,0.08511,74.125.24.0-255,4320,288425,8,294361
2262,0.085116,172.31.36.0-255,66,288491,8,294361
2263,0.085143,74.125.24.0-255,1484,289975,8,294361
2264,0.087836,74.125.24.0-255,4320,294295,8,294361
2265,0.087841,172.31.36.0-255,66,294361,8,294361
2266,0.0,74.125.24.0-255,153,153,8,381414
2267,2.5e-05,172.31.36.0-255,66,219,8,381414
2268,3.1e-05,74.125.24.0-255,1484,1703,8,381414
2269,3.6e-05,172.31.36.0-255,66,1769,8,381414
2270,4.2e-05,74.125.24.0-255,2902,4671,8,381414
2271,4.5e-05,172.31.36.0-255,66,4737,8,381414
2272,7.7e-05,74.125.24.0-255,5738,10475,8,381414
2273,8e-05,172.31.36.0-255,66,10541,8,381414
2274,9.9e-05,74.125.24.0-255,1484,12025,8,381414
2275,0.000101,172.31.36.0-255,66,12091,8,381414
2276,0.000119,74.125.24.0-255,2036,14127,8,381414
2277,0.000122,172.31.36.0-255,66,14193,8,381414
2278,0.00033,74.125.24.0-255,1484,15677,8,381414
2279,0.000336,172.31.36.0-255,66,15743,8,381414
2280,0.000342,74.125.24.0-255,2902,18645,8,381414
2281,0.000344,172.31.36.0-255,66,18711,8,381414
2282,0.000347,74.125.24.0-255,1484,20195,8,381414
2283,0.000349,172.31.36.0-255,66,20261,8,381414
2284,0.000376,74.125.24.0-255,4320,24581,8,381414
2285,0.00038,172.31.36.0-255,66,24647,8,381414
2286,0.000406,74.125.24.0-255,6797,31444,8,381414
2287,0.000409,172.31.36.0-255,66,31510,8,381414
2288,0.000622,74.125.24.0-255,1484,32994,8,381414
2289,0.000627,172.31.36.0-255,66,33060,8,381414
2290,0.000636,74.125.24.0-255,2902,35962,8,381414
2291,0.000639,172.31.36.0-255,66,36028,8,381414
2292,0.000646,74.125.24.0-255,5738,41766,8,381414
2293,0.000648,172.31.36.0-255,66,41832,8,381414
2294,0.000678,74.125.24.0-255,6797,48629,8,381414
2295,0.000682,172.31.36.0-255,66,48695,8,381414
2296,0.000712,74.125.24.0-255,1484,50179,8,381414
2297,0.000716,172.31.36.0-255,66,50245,8,381414
2298,0.000719,74.125.24.0-255,1484,51729,8,381414
2299,0.000746,74.125.24.0-255,1484,53213,8,381414
2300,0.000753,74.125.24.0-255,5738,58951,8,381414
2301,0.000757,74.125.24.0-255,2902,61853,8,381414
2302,0.000778,74.125.24.0-255,3961,65814,8,381414
2303,0.000789,172.31.36.0-255,66,65880,8,381414
2304,0.000803,74.125.24.0-255,1484,67364,8,381414
2305,0.000819,74.125.24.0-255,2902,70266,8,381414
2306,0.000827,74.125.24.0-255,5738,76004,8,381414
2307,0.00086,74.125.24.0-255,4320,80324,8,381414
2308,0.000869,172.31.36.0-255,66,80390,8,381414
2309,0.000897,172.31.36.0-255,66,80456,8,381414
2310,0.000911,74.125.24.0-255,2902,83358,8,381414
2311,0.000924,74.125.24.0-255,2902,86260,8,381414
2312,0.000946,74.125.24.0-255,3961,90221,8,381414
2313,0.000971,172.31.36.0-255,66,90287,8,381414
2314,0.001104,74.125.24.0-255,1484,91771,8,381414
2315,0.001121,74.125.24.0-255,2902,94673,8,381414
2316,0.001125,74.125.24.0-255,1484,96157,8,381414
2317,0.001145,74.125.24.0-255,2902,99059,8,381414
2318,0.00115,74.125.24.0-255,2902,101961,8,381414
2319,0.001179,74.125.24.0-255,5738,107699,8,381414
2320,0.001186,74.125.24.0-255,7156,114855,8,381414
2321,0.001209,172.31.36.0-255,66,114921,8,381414
2322,0.001221,74.125.24.0-255,5738,120659,8,381414
2323,0.001234,172.31.36.0-255,66,120725,8,381414
2324,0.00124,74.125.24.0-255,3602,124327,8,381414
2325,0.001277,74.125.24.0-255,1484,125811,8,381414
2326,0.001281,74.125.24.0-255,2902,128713,8,381414
2327,0.001297,74.125.24.0-255,2902,131615,8,381414
2328,0.001316,172.31.36.0-255,66,131681,8,381414
2329,0.00132,74.125.24.0-255,2902,134583,8,381414
2330,0.001326,74.125.24.0-255,7156,141739,8,381414
2331,0.001331,172.31.36.0-255,66,141805,8,381414
2332,0.001338,74.125.24.0-255,1484,143289,8,381414
2333,0.001367,74.125.24.0-255,2184,145473,8,381414
2334,0.001378,172.31.36.0-255,66,145539,8,381414
2335,0.001581,74.125.24.0-255,1484,147023,8,381414
2336,0.001601,74.125.24.0-255,2902,149925,8,381414
2337,0.001606,74.125.24.0-255,2902,152827,8,381414
2338,0.001612,172.31.36.0-255,66,152893,8,381414
2339,0.001632,74.125.24.0-255,2902,155795,8,381414
2340,0.001636,74.125.24.0-255,2902,158697,8,381414
2341,0.001641,74.125.24.0-255,5738,164435,8,381414
2342,0.001669,74.125.24.0-255,6438,170873,8,381414
2343,0.001675,172.31.36.0-255,66,170939,8,381414
2344,0.001916,74.125.24.0-255,1484,172423,8,381414
2345,0.00192,74.125.24.0-255,1484,173907,8,381414
2346,0.001923,172.31.36.0-255,66,173973,8,381414
2347,0.001938,74.125.24.0-255,1484,175457,8,381414
2348,0.001943,74.125.24.0-255,2902,178359,8,381414
2349,0.001949,172.31.36.0-255,66,178425,8,381414
2350,0.001965,74.125.24.0-255,2902,181327,8,381414
2351,0.001976,172.31.36.0-255,66,181393,8,381414
2352,0.001986,74.125.24.0-255,4320,185713,8,381414
2353,0.002009,74.125.24.0-255,4320,190033,8,381414
2354,0.002013,172.31.36.0-255,66,190099,8,381414
2355,0.002039,74.125.24.0-255,1484,191583,8,381414
2356,0.002044,74.125.24.0-255,3602,195185,8,381414
2357,0.00206,172.31.36.0-255,66,195251,8,381414
2358,0.002172,74.125.24.0-255,1484,196735,8,381414
2359,0.002184,74.125.24.0-255,2902,199637,8,381414
2360,0.002187,172.31.36.0-255,66,199703,8,381414
2361,0.00221,74.125.24.0-255,5738,205441,8,381414
2362,0.002218,172.31.36.0-255,66,205507,8,381414
2363,0.004437,74.125.24.0-255,2902,208409,8,381414
2364,0.004442,172.31.36.0-255,66,208475,8,381414
2365,0.004461,74.125.24.0-255,2902,211377,8,381414
2366,0.004463,172.31.36.0-255,66,211443,8,381414
2367,0.006603,74.125.24.0-255,2902,214345,8,381414
2368,0.006607,172.31.36.0-255,66,214411,8,381414
2369,0.006629,74.125.24.0-255,2902,217313,8,381414
2370,0.006632,172.31.36.0-255,66,217379,8,381414
2371,0.008778,74.125.24.0-255,2902,220281,8,381414
2372,0.008784,172.31.36.0-255,66,220347,8,381414
2373,0.008811,74.125.24.0-255,2902,223249,8,381414
2374,0.008814,172.31.36.0-255,66,223315,8,381414
2375,0.010992,74.125.24.0-255,5738,229053,8,381414
2376,0.010999,172.31.36.0-255,66,229119,8,381414
2377,0.013174,74.125.24.0-255,5738,234857,8,381414
2378,0.013181,172.31.36.0-255,66,234923,8,381414
2379,0.015388,74.125.24.0-255,5738,240661,8,381414
2380,0.015395,172.31.36.0-255,66,240727,8,381414
2381,0.017587,74.125.24.0-255,4320,245047,8,381414
2382,0.017594,172.31.36.0-255,66,245113,8,381414
2383,0.017624,74.125.24.0-255,1484,246597,8,381414
2384,0.019786,74.125.24.0-255,4320,250917,8,381414
2385,0.019794,172.31.36.0-255,66,250983,8,381414
2386,0.022001,74.125.24.0-255,5738,256721,8,381414
2387,0.022009,172.31.36.0-255,66,256787,8,381414
2388,0.024182,74.125.24.0-255,4320,261107,8,381414
2389,0.02419,172.31.36.0-255,66,261173,8,381414
2390,0.024211,74.125.24.0-255,1484,262657,8,381414
2391,0.026392,74.125.24.0-255,4320,266977,8,381414
2392,0.026399,172.31.36.0-255,66,267043,8,381414
2393,0.027003,172.31.36.0-255,172,267215,8,381414
2394,0.027045,172.31.36.0-255,1111,268326,8,381414
2395,0.027122,172.31.36.0-255,1514,269840,8,381414
2396,0.027125,172.31.36.0-255,1293,271133,8,381414
2397,0.02859,74.125.24.0-255,5738,276871,8,381414
2398,0.028596,172.31.36.0-255,66,276937,8,381414
2399,0.028642,104.244.42.0-255,66,277003,8,381414
2400,0.028699,104.244.42.0-255,66,277069,8,381414
2401,0.028798,104.244.42.0-255,66,277135,8,381414
2402,0.030847,74.125.24.0-255,4320,281455,8,381414
2403,0.030854,172.31.36.0-255,66,281521,8,381414
2404,0.030875,74.125.24.0-255,1484,283005,8,381414
2405,0.033051,74.125.24.0-255,4320,287325,8,381414
2406,0.033056,172.31.36.0-255,66,287391,8,381414
2407,0.035246,74.125.24.0-255,2902,290293,8,381414
2408,0.035251,172.31.36.0-255,66,290359,8,381414
2409,0.035288,74.125.24.0-255,2902,293261,8,381414
2410,0.035292,172.31.36.0-255,66,293327,8,381414
2411,0.037425,74.125.24.0-255,2902,296229,8,381414
2412,0.03743,172.31.36.0-255,66,296295,8,381414
2413,0.03747,74.125.24.0-255,2902,299197,8,381414
2414,0.037473,172.31.36.0-255,66,299263,8,381414
2415,0.039609,74.125.24.0-255,2902,302165,8,381414
2416,0.039614,172.31.36.0-255,66,302231,8,381414
2417,0.039644,74.125.24.0-255,2902,305133,8,381414
2418,0.039647,172.31.36.0-255,66,305199,8,381414
2419,0.041817,74.125.24.0-255,2902,308101,8,381414
2420,0.041822,172.31.36.0-255,66,308167,8,381414
2421,0.041853,74.125.24.0-255,2902,311069,8,381414
2422,0.041856,172.31.36.0-255,66,311135,8,381414
2423,0.044002,74.125.24.0-255,2902,314037,8,381414
2424,0.044008,172.31.36.0-255,66,314103,8,381414
2425,0.044024,74.125.24.0-255,1484,315587,8,381414
2426,0.044042,74.125.24.0-255,1484,317071,8,381414
2427,0.044045,172.31.36.0-255,66,317137,8,381414
2428,0.046186,74.125.24.0-255,2902,320039,8,381414
2429,0.046191,172.31.36.0-255,66,320105,8,381414
2430,0.046222,74.125.24.0-255,2902,323007,8,381414
2431,0.046225,172.31.36.0-255,66,323073,8,381414
2432,0.048413,74.125.24.0-255,5738,328811,8,381414
2433,0.04842,172.31.36.0-255,66,328877,8,381414
2434,0.050611,74.125.24.0-255,5738,334615,8,381414
2435,0.050616,172.31.36.0-255,66,334681,8,381414
2436,0.052792,74.125.24.0-255,2902,337583,8,381414
2437,0.052798,172.31.36.0-255,66,337649,8,381414
2438,0.052826,74.125.24.0-255,2902,340551,8,381414
2439,0.052829,172.31.36.0-255,66,340617,8,381414
2440,0.054994,74.125.24.0-255,2902,343519,8,381414
2441,0.054998,172.31.36.0-255,66,343585,8,381414
2442,0.055028,74.125.24.0-255,2902,346487,8,381414
2443,0.055032,172.31.36.0-255,66,346553,8,381414
2444,0.057201,74.125.24.0-255,2902,349455,8,381414
2445,0.057206,172.31.36.0-255,66,349521,8,381414
2446,0.057233,74.125.24.0-255,2902,352423,8,381414
2447,0.057236,172.31.36.0-255,66,352489,8,381414
2448,0.059409,74.125.24.0-255,2902,355391,8,381414
2449,0.059415,172.31.36.0-255,66,355457,8,381414
2450,0.059435,74.125.24.0-255,2902,358359,8,381414
2451,0.059438,172.31.36.0-255,66,358425,8,381414
2452,0.061593,74.125.24.0-255,2902,361327,8,381414
2453,0.061598,172.31.36.0-255,66,361393,8,381414
2454,0.061634,74.125.24.0-255,2902,364295,8,381414
2455,0.061637,172.31.36.0-255,66,364361,8,381414
2456,0.063789,74.125.24.0-255,2902,367263,8,381414
2457,0.063794,172.31.36.0-255,66,367329,8,381414
2458,0.063824,74.125.24.0-255,2902,370231,8,381414
2459,0.063827,172.31.36.0-255,66,370297,8,381414
2460,0.065978,74.125.24.0-255,2902,373199,8,381414
2461,0.065983,172.31.36.0-255,66,373265,8,381414
2462,0.066014,74.125.24.0-255,1484,374749,8,381414
2463,0.066032,74.125.24.0-255,1484,376233,8,381414
2464,0.066038,172.31.36.0-255,66,376299,8,381414
2465,0.068147,74.125.24.0-255,2902,379201,8,381414
2466,0.068152,172.31.36.0-255,66,379267,8,381414
2467,0.068206,74.125.24.0-255,1910,381177,8,381414
2468,0.06821,172.31.36.0-255,66,381243,8,381414
2469,0.068344,172.31.36.0-255,105,381348,8,381414
2470,0.070489,74.125.24.0-255,66,381414,8,381414
2471,0.0,74.125.24.0-255,153,153,8,312913
2472,3.1e-05,172.31.36.0-255,66,219,8,312913
2473,3.9e-05,74.125.24.0-255,1484,1703,8,312913
2474,4.3e-05,172.31.36.0-255,66,1769,8,312913
2475,4.8e-05,74.125.24.0-255,2902,4671,8,312913
2476,5.1e-05,172.31.36.0-255,66,4737,8,312913
2477,6.6e-05,74.125.24.0-255,7156,11893,8,312913
2478,6.9e-05,172.31.36.0-255,66,11959,8,312913
2479,7.3e-05,74.125.24.0-255,3485,15444,8,312913
2480,7.5e-05,172.31.36.0-255,66,15510,8,312913
2481,8.7e-05,172.31.36.0-255,66,15576,8,312913
2482,0.000121,74.125.24.0-255,4320,19896,8,312913
2483,0.000124,172.31.36.0-255,66,19962,8,312913
2484,0.000129,74.125.24.0-255,2543,22505,8,312913
2485,0.000131,172.31.36.0-255,66,22571,8,312913
2486,0.000798,74.125.24.0-255,1484,24055,8,312913
2487,0.000805,172.31.36.0-255,66,24121,8,312913
2488,0.000814,74.125.24.0-255,2902,27023,8,312913
2489,0.000816,172.31.36.0-255,66,27089,8,312913
2490,0.000831,74.125.24.0-255,4320,31409,8,312913
2491,0.000833,172.31.36.0-255,66,31475,8,312913
2492,0.000864,74.125.24.0-255,1484,32959,8,312913
2493,0.000866,172.31.36.0-255,66,33025,8,312913
2494,0.000874,74.125.24.0-255,6797,39822,8,312913
2495,0.000876,172.31.36.0-255,66,39888,8,312913
2496,0.001267,74.125.24.0-255,1484,41372,8,312913
2497,0.001272,172.31.36.0-255,66,41438,8,312913
2498,0.001278,74.125.24.0-255,2902,44340,8,312913
2499,0.00128,172.31.36.0-255,66,44406,8,312913
2500,0.001315,74.125.24.0-255,5738,50144,8,312913
2501,0.001318,172.31.36.0-255,66,50210,8,312913
2502,0.001323,74.125.24.0-255,2902,53112,8,312913
2503,0.001336,74.125.24.0-255,1484,54596,8,312913
2504,0.001372,74.125.24.0-255,4320,58916,8,312913
2505,0.001398,74.125.24.0-255,2902,61818,8,312913
2506,0.001433,74.125.24.0-255,5738,67556,8,312913
2507,0.001474,74.125.24.0-255,5020,72576,8,312913
2508,0.001922,74.125.24.0-255,645,73221,8,312913
2509,0.001958,74.125.24.0-255,1484,74705,8,312913
2510,0.001971,74.125.24.0-255,2902,77607,8,312913
2511,0.001992,74.125.24.0-255,4320,81927,8,312913
2512,0.002005,74.125.24.0-255,1484,83411,8,312913
2513,0.002028,74.125.24.0-255,2902,86313,8,312913
2514,0.002039,74.125.24.0-255,4320,90633,8,312913
2515,0.00205,74.125.24.0-255,2902,93535,8,312913
2516,0.002062,74.125.24.0-255,2902,96437,8,312913
2517,0.002097,74.125.24.0-255,2902,99339,8,312913
2518,0.002436,74.125.24.0-255,1484,100823,8,312913
2519,0.00245,74.125.24.0-255,2902,103725,8,312913
2520,0.002464,74.125.24.0-255,1484,105209,8,312913
2521,0.002476,74.125.24.0-255,2902,108111,8,312913
2522,0.005541,172.31.36.0-255,66,108177,8,312913
2523,0.008011,74.125.24.0-255,5738,113915,8,312913
2524,0.008021,172.31.36.0-255,66,113981,8,312913
2525,0.010455,74.125.24.0-255,5738,119719,8,312913
2526,0.010463,172.31.36.0-255,66,119785,8,312913
2527,0.012947,74.125.24.0-255,5738,125523,8,312913
2528,0.012957,172.31.36.0-255,66,125589,8,312913
2529,0.015404,74.125.24.0-255,5738,131327,8,312913
2530,0.015412,172.31.36.0-255,66,131393,8,312913
2531,0.01788,74.125.24.0-255,5738,137131,8,312913
2532,0.01789,172.31.36.0-255,66,137197,8,312913
2533,0.020409,74.125.24.0-255,5738,142935,8,312913
2534,0.020419,172.31.36.0-255,66,143001,8,312913
2535,0.022862,74.125.24.0-255,5738,148739,8,312913
2536,0.022871,172.31.36.0-255,66,148805,8,312913
2537,0.025361,74.125.24.0-255,5738,154543,8,312913
2538,0.02537,172.31.36.0-255,66,154609,8,312913
2539,0.027827,74.125.24.0-255,5738,160347,8,312913
2540,0.027835,172.31.36.0-255,66,160413,8,312913
2541,0.030299,74.125.24.0-255,5738,166151,8,312913
2542,0.030307,172.31.36.0-255,66,166217,8,312913
2543,0.031745,172.31.36.0-255,172,166389,8,312913
2544,0.031776,172.31.36.0-255,1111,167500,8,312913
2545,0.031816,172.31.36.0-255,1514,169014,8,312913
2546,0.031818,172.31.36.0-255,1369,170383,8,312913
2547,0.032763,74.125.24.0-255,5738,176121,8,312913
2548,0.032769,172.31.36.0-255,66,176187,8,312913
2549,0.03339,104.244.42.0-255,66,176253,8,312913
2550,0.033445,104.244.42.0-255,66,176319,8,312913
2551,0.033471,104.244.42.0-255,66,176385,8,312913
2552,0.035205,74.125.24.0-255,2902,179287,8,312913
2553,0.03521,172.31.36.0-255,66,179353,8,312913
2554,0.035266,74.125.24.0-255,2902,182255,8,312913
2555,0.035279,172.31.36.0-255,66,182321,8,312913
2556,0.037647,74.125.24.0-255,2902,185223,8,312913
2557,0.037653,172.31.36.0-255,66,185289,8,312913
2558,0.037728,74.125.24.0-255,2902,188191,8,312913
2559,0.03774,172.31.36.0-255,66,188257,8,312913
2560,0.0401,74.125.24.0-255,2902,191159,8,312913
2561,0.040107,172.31.36.0-255,66,191225,8,312913
2562,0.040173,74.125.24.0-255,2902,194127,8,312913
2563,0.040186,172.31.36.0-255,66,194193,8,312913
2564,0.042559,74.125.24.0-255,2902,197095,8,312913
2565,0.042565,172.31.36.0-255,66,197161,8,312913
2566,0.04264,74.125.24.0-255,2902,200063,8,312913
2567,0.043278,172.31.36.0-255,66,200129,8,312913
2568,0.044996,74.125.24.0-255,2902,203031,8,312913
2569,0.045001,172.31.36.0-255,66,203097,8,312913
2570,0.045719,74.125.24.0-255,2902,205999,8,312913
2571,0.045724,172.31.36.0-255,66,206065,8,312913
2572,0.047475,74.125.24.0-255,2902,208967,8,312913
2573,0.04748,172.31.36.0-255,66,209033,8,312913
2574,0.048171,74.125.24.0-255,2902,211935,8,312913
2575,0.048177,172.31.36.0-255,66,212001,8,312913
2576,0.049918,74.125.24.0-255,2902,214903,8,312913
2577,0.049923,172.31.36.0-255,66,214969,8,312913
2578,0.050664,74.125.24.0-255,2902,217871,8,312913
2579,0.05067,172.31.36.0-255,66,217937,8,312913
2580,0.052372,74.125.24.0-255,2902,220839,8,312913
2581,0.052378,172.31.36.0-255,66,220905,8,312913
2582,0.053129,74.125.24.0-255,2902,223807,8,312913
2583,0.053135,172.31.36.0-255,66,223873,8,312913
2584,0.054831,74.125.24.0-255,2902,226775,8,312913
2585,0.054836,172.31.36.0-255,66,226841,8,312913
2586,0.055593,74.125.24.0-255,2902,229743,8,312913
2587,0.055598,172.31.36.0-255,66,229809,8,312913
2588,0.057253,74.125.24.0-255,2902,232711,8,312913
2589,0.057258,172.31.36.0-255,66,232777,8,312913
2590,0.058043,74.125.24.0-255,2902,235679,8,312913
2591,0.058048,172.31.36.0-255,66,235745,8,312913
2592,0.059739,74.125.24.0-255,1484,237229,8,312913
2593,0.05977,74.125.24.0-255,1484,238713,8,312913
2594,0.059774,172.31.36.0-255,66,238779,8,312913
2595,0.0605,74.125.24.0-255,2902,241681,8,312913
2596,0.060505,172.31.36.0-255,66,241747,8,312913
2597,0.062199,74.125.24.0-255,2902,244649,8,312913
2598,0.062204,172.31.36.0-255,66,244715,8,312913
2599,0.06296,74.125.24.0-255,2902,247617,8,312913
2600,0.062966,172.31.36.0-255,66,247683,8,312913
2601,0.064693,74.125.24.0-255,2902,250585,8,312913
2602,0.064699,172.31.36.0-255,66,250651,8,312913
2603,0.065431,74.125.24.0-255,2902,253553,8,312913
2604,0.065437,172.31.36.0-255,66,253619,8,312913
2605,0.067135,74.125.24.0-255,2902,256521,8,312913
2606,0.067397,172.31.36.0-255,66,256587,8,312913
2607,0.067904,74.125.24.0-255,2902,259489,8,312913
2608,0.06791,172.31.36.0-255,66,259555,8,312913
2609,0.069884,74.125.24.0-255,2902,262457,8,312913
2610,0.069889,172.31.36.0-255,66,262523,8,312913
2611,0.070355,74.125.24.0-255,2902,265425,8,312913
2612,0.070361,172.31.36.0-255,66,265491,8,312913
2613,0.072314,74.125.24.0-255,2902,268393,8,312913
2614,0.072319,172.31.36.0-255,66,268459,8,312913
2615,0.072777,74.125.24.0-255,2902,271361,8,312913
2616,0.072782,172.31.36.0-255,66,271427,8,312913
2617,0.074766,74.125.24.0-255,2902,274329,8,312913
2618,0.074771,172.31.36.0-255,66,274395,8,312913
2619,0.075223,74.125.24.0-255,2902,277297,8,312913
2620,0.07524,172.31.36.0-255,66,277363,8,312913
2621,0.077206,74.125.24.0-255,2902,280265,8,312913
2622,0.07721,172.31.36.0-255,66,280331,8,312913
2623,0.077685,74.125.24.0-255,2902,283233,8,312913
2624,0.07769,172.31.36.0-255,66,283299,8,312913
2625,0.079669,74.125.24.0-255,2902,286201,8,312913
2626,0.079675,172.31.36.0-255,66,286267,8,312913
2627,0.080128,74.125.24.0-255,2902,289169,8,312913
2628,0.080134,172.31.36.0-255,66,289235,8,312913
2629,0.082123,74.125.24.0-255,2902,292137,8,312913
2630,0.082129,172.31.36.0-255,66,292203,8,312913
2631,0.082553,74.125.24.0-255,2902,295105,8,312913
2632,0.082558,172.31.36.0-255,66,295171,8,312913
2633,0.084583,74.125.24.0-255,2902,298073,8,312913
2634,0.084588,172.31.36.0-255,66,298139,8,312913
2635,0.084986,74.125.24.0-255,2902,301041,8,312913
2636,0.084991,172.31.36.0-255,66,301107,8,312913
2637,0.087039,74.125.24.0-255,2902,304009,8,312913
2638,0.087044,172.31.36.0-255,66,304075,8,312913
2639,0.087435,74.125.24.0-255,2902,306977,8,312913
2640,0.08744,172.31.36.0-255,66,307043,8,312913
2641,0.089501,74.125.24.0-255,2902,309945,8,312913
2642,0.089507,172.31.36.0-255,66,310011,8,312913
2643,0.089885,74.125.24.0-255,2902,312913,8,312913
2644,0.0,74.125.24.0-255,295,295,8,285137
2645,3.4e-05,172.31.36.0-255,66,361,8,285137
2646,4.1e-05,74.125.24.0-255,1484,1845,8,285137
2647,4.6e-05,172.31.36.0-255,66,1911,8,285137
2648,5.9e-05,74.125.24.0-255,4320,6231,8,285137
2649,6.3e-05,172.31.36.0-255,66,6297,8,285137
2650,7.1e-05,74.125.24.0-255,7156,13453,8,285137
2651,7.4e-05,172.31.36.0-255,66,13519,8,285137
2652,0.000105,74.125.24.0-255,431,13950,8,285137
2653,0.000108,172.31.36.0-255,66,14016,8,285137
2654,0.000278,74.125.24.0-255,1484,15500,8,285137
2655,0.000283,172.31.36.0-255,66,15566,8,285137
2656,0.000289,74.125.24.0-255,2902,18468,8,285137
2657,0.000292,172.31.36.0-255,66,18534,8,285137
2658,0.000305,74.125.24.0-255,5738,24272,8,285137
2659,0.000308,172.31.36.0-255,66,24338,8,285137
2660,0.000344,74.125.24.0-255,6797,31135,8,285137
2661,0.000349,172.31.36.0-255,66,31201,8,285137
2662,0.000465,74.125.24.0-255,1484,32685,8,285137
2663,0.000469,172.31.36.0-255,66,32751,8,285137
2664,0.000474,74.125.24.0-255,2902,35653,8,285137
2665,0.000477,172.31.36.0-255,66,35719,8,285137
2666,0.000483,74.125.24.0-255,5738,41457,8,285137
2667,0.000491,172.31.36.0-255,66,41523,8,285137
2668,0.000532,74.125.24.0-255,6797,48320,8,285137
2669,0.000535,172.31.36.0-255,66,48386,8,285137
2670,0.001154,74.125.24.0-255,1484,49870,8,285137
2671,0.00116,172.31.36.0-255,66,49936,8,285137
2672,0.001172,74.125.24.0-255,2902,52838,8,285137
2673,0.00118,172.31.36.0-255,66,52904,8,285137
2674,0.001187,74.125.24.0-255,5738,58642,8,285137
2675,0.001189,172.31.36.0-255,66,58708,8,285137
2676,0.001225,74.125.24.0-255,7142,65850,8,285137
2677,0.0015,74.125.24.0-255,331,66181,8,285137
2678,0.001882,74.125.24.0-255,1484,67665,8,285137
2679,0.001889,74.125.24.0-255,2902,70567,8,285137
2680,0.001895,74.125.24.0-255,5738,76305,8,285137
2681,0.001924,74.125.24.0-255,5738,82043,8,285137
2682,0.00194,74.125.24.0-255,7156,89199,8,285137
2683,0.001981,74.125.24.0-255,2184,91383,8,285137
2684,0.002574,74.125.24.0-255,1484,92867,8,285137
2685,0.002589,74.125.24.0-255,2902,95769,8,285137
2686,0.00523,172.31.36.0-255,66,95835,8,285137
2687,0.007836,74.125.24.0-255,5738,101573,8,285137
2688,0.007843,172.31.36.0-255,66,101639,8,285137
2689,0.01039,74.125.24.0-255,5738,107377,8,285137
2690,0.010401,172.31.36.0-255,66,107443,8,285137
2691,0.012947,74.125.24.0-255,5738,113181,8,285137
2692,0.012961,172.31.36.0-255,66,113247,8,285137
2693,0.015497,74.125.24.0-255,5738,118985,8,285137
2694,0.01551,172.31.36.0-255,66,119051,8,285137
2695,0.018081,74.125.24.0-255,5738,124789,8,285137
2696,0.018092,172.31.36.0-255,66,124855,8,285137
2697,0.02067,74.125.24.0-255,5738,130593,8,285137
2698,0.020676,172.31.36.0-255,66,130659,8,285137
2699,0.021668,172.31.36.0-255,172,130831,8,285137
2700,0.021712,172.31.36.0-255,1109,131940,8,285137
2701,0.021784,172.31.36.0-255,1514,133454,8,285137
2702,0.021786,172.31.36.0-255,407,133861,8,285137
2703,0.023233,104.244.42.0-255,66,133927,8,285137
2704,0.023274,74.125.24.0-255,5738,139665,8,285137
2705,0.02328,172.31.36.0-255,66,139731,8,285137
2706,0.023307,104.244.42.0-255,66,139797,8,285137
2707,0.023354,104.244.42.0-255,66,139863,8,285137
2708,0.024016,104.244.42.0-255,108,139971,8,285137
2709,0.024023,172.31.36.0-255,66,140037,8,285137
2710,0.025877,74.125.24.0-255,5738,145775,8,285137
2711,0.025882,172.31.36.0-255,66,145841,8,285137
2712,0.028453,74.125.24.0-255,5738,151579,8,285137
2713,0.02846,172.31.36.0-255,66,151645,8,285137
2714,0.03105,74.125.24.0-255,5738,157383,8,285137
2715,0.031057,172.31.36.0-255,66,157449,8,285137
2716,0.033644,74.125.24.0-255,5738,163187,8,285137
2717,0.033651,172.31.36.0-255,66,163253,8,285137
2718,0.036207,74.125.24.0-255,5738,168991,8,285137
2719,0.036214,172.31.36.0-255,66,169057,8,285137
2720,0.03877,74.125.24.0-255,5738,174795,8,285137
2721,0.038776,172.31.36.0-255,66,174861,8,285137
2722,0.041368,74.125.24.0-255,5738,180599,8,285137
2723,0.041374,172.31.36.0-255,66,180665,8,285137
2724,0.043912,74.125.24.0-255,5738,186403,8,285137
2725,0.043918,172.31.36.0-255,66,186469,8,285137
2726,0.046532,74.125.24.0-255,5738,192207,8,285137
2727,0.046539,172.31.36.0-255,66,192273,8,285137
2728,0.049139,74.125.24.0-255,5738,198011,8,285137
2729,0.049146,172.31.36.0-255,66,198077,8,285137
2730,0.051715,74.125.24.0-255,5738,203815,8,285137
2731,0.051721,172.31.36.0-255,66,203881,8,285137
2732,0.054266,74.125.24.0-255,5738,209619,8,285137
2733,0.054276,172.31.36.0-255,66,209685,8,285137
2734,0.056845,74.125.24.0-255,5738,215423,8,285137
2735,0.056852,172.31.36.0-255,66,215489,8,285137
2736,0.05944,74.125.24.0-255,5738,221227,8,285137
2737,0.059447,172.31.36.0-255,66,221293,8,285137
2738,0.061991,74.125.24.0-255,5738,227031,8,285137
2739,0.061998,172.31.36.0-255,66,227097,8,285137
2740,0.064618,74.125.24.0-255,5738,232835,8,285137
2741,0.064624,172.31.36.0-255,66,232901,8,285137
2742,0.067193,74.125.24.0-255,5738,238639,8,285137
2743,0.067199,172.31.36.0-255,66,238705,8,285137
2744,0.069774,74.125.24.0-255,5738,244443,8,285137
2745,0.069779,172.31.36.0-255,66,244509,8,285137
2746,0.0724,74.125.24.0-255,5738,250247,8,285137
2747,0.072406,172.31.36.0-255,66,250313,8,285137
2748,0.075014,74.125.24.0-255,5738,256051,8,285137
2749,0.075029,172.31.36.0-255,66,256117,8,285137
2750,0.077628,74.125.24.0-255,5738,261855,8,285137
2751,0.077637,172.31.36.0-255,66,261921,8,285137
2752,0.08017,74.125.24.0-255,5738,267659,8,285137
2753,0.080178,172.31.36.0-255,66,267725,8,285137
2754,0.082803,74.125.24.0-255,5738,273463,8,285137
2755,0.08281,172.31.36.0-255,66,273529,8,285137
2756,0.085386,74.125.24.0-255,5738,279267,8,285137
2757,0.085392,172.31.36.0-255,66,279333,8,285137
2758,0.087984,74.125.24.0-255,5738,285071,8,285137
2759,0.08799,172.31.36.0-255,66,285137,8,285137
2760,0.0,74.125.24.0-255,156,156,8,229849
2761,2.5e-05,172.31.36.0-255,66,222,8,229849
2762,3.1e-05,74.125.24.0-255,1484,1706,8,229849
2763,3.5e-05,172.31.36.0-255,66,1772,8,229849
2764,6.2e-05,74.125.24.0-255,2902,4674,8,229849
2765,6.5e-05,172.31.36.0-255,66,4740,8,229849
2766,7.2e-05,74.125.24.0-255,7156,11896,8,229849
2767,7.4e-05,172.31.36.0-255,66,11962,8,229849
2768,7.9e-05,74.125.24.0-255,4919,16881,8,229849
2769,8.2e-05,172.31.36.0-255,66,16947,8,229849
2770,0.000122,74.125.24.0-255,7156,24103,8,229849
2771,0.000125,172.31.36.0-255,66,24169,8,229849
2772,0.000142,74.125.24.0-255,6797,30966,8,229849
2773,0.000144,172.31.36.0-255,66,31032,8,229849
2774,0.000167,74.125.24.0-255,1484,32516,8,229849
2775,0.00017,172.31.36.0-255,66,32582,8,229849
2776,0.000175,74.125.24.0-255,2902,35484,8,229849
2777,0.000177,172.31.36.0-255,66,35550,8,229849
2778,0.000179,74.125.24.0-255,1484,37034,8,229849
2779,0.000182,172.31.36.0-255,66,37100,8,229849
2780,0.000201,74.125.24.0-255,4320,41420,8,229849
2781,0.000204,172.31.36.0-255,66,41486,8,229849
2782,0.000236,172.31.36.0-255,66,41552,8,229849
2783,0.000241,74.125.24.0-255,4320,45872,8,229849
2784,0.000243,172.31.36.0-255,66,45938,8,229849
2785,0.000261,74.125.24.0-255,6438,52376,8,229849
2786,0.000264,172.31.36.0-255,66,52442,8,229849
2787,0.000267,74.125.24.0-255,364,52806,8,229849
2788,0.000269,172.31.36.0-255,66,52872,8,229849
2789,0.000492,74.125.24.0-255,129,53001,8,229849
2790,0.000497,172.31.36.0-255,66,53067,8,229849
2791,0.000781,74.125.24.0-255,1484,54551,8,229849
2792,0.000786,74.125.24.0-255,1484,56035,8,229849
2793,0.000789,172.31.36.0-255,66,56101,8,229849
2794,0.000811,74.125.24.0-255,1484,57585,8,229849
2795,0.000818,74.125.24.0-255,5738,63323,8,229849
2796,0.00082,172.31.36.0-255,66,63389,8,229849
2797,0.000825,74.125.24.0-255,4320,67709,8,229849
2798,0.000827,172.31.36.0-255,66,67775,8,229849
2799,0.000854,172.31.36.0-255,66,67841,8,229849
2800,0.00086,172.31.36.0-255,66,67907,8,229849
2801,0.000881,74.125.24.0-255,766,68673,8,229849
2802,0.001057,172.31.36.0-255,66,68739,8,229849
2803,0.001103,74.125.24.0-255,1484,70223,8,229849
2804,0.001119,74.125.24.0-255,2902,73125,8,229849
2805,0.001122,172.31.36.0-255,66,73191,8,229849
2806,0.001125,74.125.24.0-255,1484,74675,8,229849
2807,0.001145,74.125.24.0-255,4320,78995,8,229849
2808,0.001147,172.31.36.0-255,66,79061,8,229849
2809,0.001153,74.125.24.0-255,4320,83381,8,229849
2810,0.001155,172.31.36.0-255,66,83447,8,229849
2811,0.001169,172.31.36.0-255,66,83513,8,229849
2812,0.001189,74.125.24.0-255,2902,86415,8,229849
2813,0.001192,172.31.36.0-255,66,86481,8,229849
2814,0.001214,74.125.24.0-255,5020,91501,8,229849
2815,0.001216,172.31.36.0-255,66,91567,8,229849
2816,0.001256,74.125.24.0-255,1484,93051,8,229849
2817,0.001261,74.125.24.0-255,2902,95953,8,229849
2818,0.001263,172.31.36.0-255,66,96019,8,229849
2819,0.001269,74.125.24.0-255,5738,101757,8,229849
2820,0.001271,172.31.36.0-255,66,101823,8,229849
2821,0.001302,74.125.24.0-255,7156,108979,8,229849
2822,0.001305,172.31.36.0-255,66,109045,8,229849
2823,0.001325,74.125.24.0-255,4320,113365,8,229849
2824,0.001329,172.31.36.0-255,66,113431,8,229849
2825,0.001337,74.125.24.0-255,1484,114915,8,229849
2826,0.00134,74.125.24.0-255,1484,116399,8,229849
2827,0.001342,172.31.36.0-255,66,116465,8,229849
2828,0.001379,172.31.36.0-255,66,116531,8,229849
2829,0.001396,74.125.24.0-255,1484,118015,8,229849
2830,0.001411,74.125.24.0-255,2902,120917,8,229849
2831,0.001414,172.31.36.0-255,66,120983,8,229849
2832,0.001437,74.125.24.0-255,5738,126721,8,229849
2833,0.00144,172.31.36.0-255,66,126787,8,229849
2834,0.001445,74.125.24.0-255,5738,132525,8,229849
2835,0.001447,172.31.36.0-255,66,132591,8,229849
2836,0.001462,74.125.24.0-255,2902,135493,8,229849
2837,0.001466,172.31.36.0-255,66,135559,8,229849
2838,0.0015,172.31.36.0-255,66,135625,8,229849
2839,0.001506,74.125.24.0-255,5020,140645,8,229849
2840,0.001508,172.31.36.0-255,66,140711,8,229849
2841,0.001617,74.125.24.0-255,1484,142195,8,229849
2842,0.001622,74.125.24.0-255,2902,145097,8,229849
2843,0.001625,172.31.36.0-255,66,145163,8,229849
2844,0.001686,74.125.24.0-255,5738,150901,8,229849
2845,0.00169,172.31.36.0-255,66,150967,8,229849
2846,0.001696,74.125.24.0-255,4320,155287,8,229849
2847,0.001698,172.31.36.0-255,66,155353,8,229849
2848,0.00171,172.31.36.0-255,66,155419,8,229849
2849,0.001726,172.31.36.0-255,66,155485,8,229849
2850,0.00173,74.125.24.0-255,1484,156969,8,229849
2851,0.001769,172.31.36.0-255,66,157035,8,229849
2852,0.001789,74.125.24.0-255,2902,159937,8,229849
2853,0.001792,172.31.36.0-255,66,160003,8,229849
2854,0.001804,172.31.36.0-255,66,160069,8,229849
2855,0.001807,74.125.24.0-255,1484,161553,8,229849
2856,0.001834,74.125.24.0-255,4320,165873,8,229849
2857,0.001837,172.31.36.0-255,66,165939,8,229849
2858,0.001844,74.125.24.0-255,7156,173095,8,229849
2859,0.001846,172.31.36.0-255,66,173161,8,229849
2860,0.001851,74.125.24.0-255,4320,177481,8,229849
2861,0.001854,172.31.36.0-255,66,177547,8,229849
2862,0.001893,172.31.36.0-255,66,177613,8,229849
2863,0.001899,74.125.24.0-255,6438,184051,8,229849
2864,0.001901,172.31.36.0-255,66,184117,8,229849
2865,0.001927,74.125.24.0-255,7156,191273,8,229849
2866,0.001931,172.31.36.0-255,66,191339,8,229849
2867,0.001938,74.125.24.0-255,7156,198495,8,229849
2868,0.00194,172.31.36.0-255,66,198561,8,229849
2869,0.001961,74.125.24.0-255,1484,200045,8,229849
2870,0.001984,172.31.36.0-255,66,200111,8,229849
2871,0.002005,74.125.24.0-255,4320,204431,8,229849
2872,0.002008,172.31.36.0-255,66,204497,8,229849
2873,0.00202,172.31.36.0-255,66,204563,8,229849
2874,0.002056,172.31.36.0-255,66,204629,8,229849
2875,0.00206,74.125.24.0-255,1484,206113,8,229849
2876,0.002072,172.31.36.0-255,66,206179,8,229849
2877,0.002099,74.125.24.0-255,6438,212617,8,229849
2878,0.002102,172.31.36.0-255,66,212683,8,229849
2879,0.002147,172.31.36.0-255,66,212749,8,229849
2880,0.002173,74.125.24.0-255,5738,218487,8,229849
2881,0.002177,172.31.36.0-255,66,218553,8,229849
2882,0.002183,172.31.36.0-255,66,218619,8,229849
2883,0.002189,74.125.24.0-255,6533,225152,8,229849
2884,0.002191,172.31.36.0-255,66,225218,8,229849
2885,0.002194,74.125.24.0-255,105,225323,8,229849
2886,0.003601,172.31.36.0-255,66,225389,8,229849
2887,0.007841,172.31.36.0-255,105,225494,8,229849
2888,0.0102,74.125.24.0-255,66,225560,8,229849
2889,0.031794,172.31.36.0-255,171,225731,8,229849
2890,0.031826,172.31.36.0-255,1135,226866,8,229849
2891,0.031865,172.31.36.0-255,1514,228380,8,229849
2892,0.031867,172.31.36.0-255,1271,229651,8,229849
2893,0.033423,104.244.42.0-255,66,229717,8,229849
2894,0.033453,104.244.42.0-255,66,229783,8,229849
2895,0.033507,104.244.42.0-255,66,229849,8,229849
2896,0.0,74.125.130.0-255,296,296,8,354291
2897,2.8e-05,172.31.36.0-255,66,362,8,354291
2898,3.4e-05,74.125.130.0-255,1484,1846,8,354291
2899,3.7e-05,172.31.36.0-255,66,1912,8,354291
2900,4.3e-05,74.125.130.0-255,2902,4814,8,354291
2901,4.5e-05,172.31.36.0-255,66,4880,8,354291
2902,4.9e-05,74.125.130.0-255,1484,6364,8,354291
2903,5.1e-05,172.31.36.0-255,66,6430,8,354291
2904,8.1e-05,74.125.130.0-255,4320,10750,8,354291
2905,8.4e-05,172.31.36.0-255,66,10816,8,354291
2906,8.9e-05,74.125.130.0-255,3255,14071,8,354291
2907,9.2e-05,172.31.36.0-255,66,14137,8,354291
2908,0.000163,74.125.130.0-255,1484,15621,8,354291
2909,0.000167,172.31.36.0-255,66,15687,8,354291
2910,0.000189,74.125.130.0-255,2902,18589,8,354291
2911,0.000191,172.31.36.0-255,66,18655,8,354291
2912,0.000196,74.125.130.0-255,2902,21557,8,354291
2913,0.000198,172.31.36.0-255,66,21623,8,354291
2914,0.000209,74.125.130.0-255,2902,24525,8,354291
2915,0.000212,172.31.36.0-255,66,24591,8,354291
2916,0.000232,74.125.130.0-255,1484,26075,8,354291
2917,0.000234,172.31.36.0-255,66,26141,8,354291
2918,0.000259,74.125.130.0-255,5379,31520,8,354291
2919,0.000261,172.31.36.0-255,66,31586,8,354291
2920,0.000576,74.125.130.0-255,1484,33070,8,354291
2921,0.000581,172.31.36.0-255,66,33136,8,354291
2922,0.00059,74.125.130.0-255,2902,36038,8,354291
2923,0.000592,172.31.36.0-255,66,36104,8,354291
2924,0.00061,74.125.130.0-255,2902,39006,8,354291
2925,0.000612,172.31.36.0-255,66,39072,8,354291
2926,0.000638,74.125.130.0-255,2902,41974,8,354291
2927,0.000641,172.31.36.0-255,66,42040,8,354291
2928,0.000649,74.125.130.0-255,6797,48837,8,354291
2929,0.000714,74.125.130.0-255,1484,50321,8,354291
2930,0.000735,74.125.130.0-255,2902,53223,8,354291
2931,0.000755,74.125.130.0-255,5738,58961,8,354291
2932,0.000779,74.125.130.0-255,2902,61863,8,354291
2933,0.000801,74.125.130.0-255,3961,65824,8,354291
2934,0.000803,74.125.130.0-255,377,66201,8,354291
2935,0.000955,74.125.130.0-255,98,66299,8,354291
2936,0.001204,74.125.130.0-255,364,66663,8,354291
2937,0.001253,74.125.130.0-255,1484,68147,8,354291
2938,0.001277,74.125.130.0-255,1484,69631,8,354291
2939,0.001296,74.125.130.0-255,2902,72533,8,354291
2940,0.001301,74.125.130.0-255,2902,75435,8,354291
2941,0.001315,74.125.130.0-255,2902,78337,8,354291
2942,0.001328,74.125.130.0-255,4320,82657,8,354291
2943,0.001348,74.125.130.0-255,2902,85559,8,354291
2944,0.001351,74.125.130.0-255,1484,87043,8,354291
2945,0.001374,74.125.130.0-255,7156,94199,8,354291
2946,0.001378,74.125.130.0-255,4320,98519,8,354291
2947,0.001392,74.125.130.0-255,2184,100703,8,354291
2948,0.002075,74.125.130.0-255,1484,102187,8,354291
2949,0.002089,74.125.130.0-255,2902,105089,8,354291
2950,0.002117,74.125.130.0-255,2902,107991,8,354291
2951,0.002136,74.125.130.0-255,2902,110893,8,354291
2952,0.002142,74.125.130.0-255,5738,116631,8,354291
2953,0.00215,74.125.130.0-255,1484,118115,8,354291
2954,0.002153,74.125.130.0-255,1484,119599,8,354291
2955,0.004524,172.31.36.0-255,66,119665,8,354291
2956,0.006688,74.125.130.0-255,5738,125403,8,354291
2957,0.006694,172.31.36.0-255,66,125469,8,354291
2958,0.008843,74.125.130.0-255,5738,131207,8,354291
2959,0.008849,172.31.36.0-255,66,131273,8,354291
2960,0.011024,74.125.130.0-255,1484,132757,8,354291
2961,0.011047,74.125.130.0-255,4320,137077,8,354291
2962,0.011052,172.31.36.0-255,66,137143,8,354291
2963,0.013215,74.125.130.0-255,5738,142881,8,354291
2964,0.013223,172.31.36.0-255,66,142947,8,354291
2965,0.015379,74.125.130.0-255,5738,148685,8,354291
2966,0.015389,172.31.36.0-255,66,148751,8,354291
2967,0.017545,74.125.130.0-255,5738,154489,8,354291
2968,0.017558,172.31.36.0-255,66,154555,8,354291
2969,0.01977,74.125.130.0-255,5738,160293,8,354291
2970,0.019777,172.31.36.0-255,66,160359,8,354291
2971,0.021929,74.125.130.0-255,5738,166097,8,354291
2972,0.021936,172.31.36.0-255,66,166163,8,354291
2973,0.024096,74.125.130.0-255,5738,171901,8,354291
2974,0.024102,172.31.36.0-255,66,171967,8,354291
2975,0.026261,74.125.130.0-255,5738,177705,8,354291
2976,0.026267,172.31.36.0-255,66,177771,8,354291
2977,0.028201,172.31.36.0-255,260,178031,8,354291
2978,0.028232,172.31.36.0-255,1111,179142,8,354291
2979,0.028268,172.31.36.0-255,1514,180656,8,354291
2980,0.02827,172.31.36.0-255,1293,181949,8,354291
2981,0.028722,74.125.130.0-255,2902,184851,8,354291
2982,0.028728,172.31.36.0-255,66,184917,8,354291
2983,0.028758,74.125.130.0-255,2902,187819,8,354291
2984,0.028775,172.31.36.0-255,66,187885,8,354291
2985,0.029876,104.244.42.0-255,66,187951,8,354291
2986,0.029923,104.244.42.0-255,66,188017,8,354291
2987,0.029978,104.244.42.0-255,66,188083,8,354291
2988,0.030869,74.125.130.0-255,2902,190985,8,354291
2989,0.030875,172.31.36.0-255,66,191051,8,354291
2990,0.030909,74.125.130.0-255,2902,193953,8,354291
2991,0.030931,172.31.36.0-255,66,194019,8,354291
2992,0.033096,74.125.130.0-255,2902,196921,8,354291
2993,0.033101,172.31.36.0-255,66,196987,8,354291
2994,0.033155,74.125.130.0-255,2902,199889,8,354291
2995,0.033176,172.31.36.0-255,66,199955,8,354291
2996,0.035255,74.125.130.0-255,2902,202857,8,354291
2997,0.035261,172.31.36.0-255,66,202923,8,354291
2998,0.035316,74.125.130.0-255,2902,205825,8,354291
2999,0.035344,172.31.36.0-255,66,205891,8,354291
3000,0.037403,74.125.130.0-255,2902,208793,8,354291
3001,0.037408,172.31.36.0-255,66,208859,8,354291
3002,0.037517,74.125.130.0-255,2902,211761,8,354291
3003,0.037522,172.31.36.0-255,66,211827,8,354291
3004,0.039557,74.125.130.0-255,2902,214729,8,354291
3005,0.039562,172.31.36.0-255,66,214795,8,354291
3006,0.03966,74.125.130.0-255,2902,217697,8,354291
3007,0.039665,172.31.36.0-255,66,217763,8,354291
3008,0.041739,74.125.130.0-255,2902,220665,8,354291
3009,0.041744,172.31.36.0-255,66,220731,8,354291
3010,0.041824,74.125.130.0-255,2902,223633,8,354291
3011,0.041833,172.31.36.0-255,66,223699,8,354291
3012,0.043889,74.125.130.0-255,2902,226601,8,354291
3013,0.043894,172.31.36.0-255,66,226667,8,354291
3014,0.043975,74.125.130.0-255,2902,229569,8,354291
3015,0.043981,172.31.36.0-255,66,229635,8,354291
3016,0.046047,74.125.130.0-255,2902,232537,8,354291
3017,0.046052,172.31.36.0-255,66,232603,8,354291
3018,0.046118,74.125.130.0-255,2902,235505,8,354291
3019,0.046129,172.31.36.0-255,66,235571,8,354291
3020,0.048211,74.125.130.0-255,2902,238473,8,354291
3021,0.04822,172.31.36.0-255,66,238539,8,354291
3022,0.048299,74.125.130.0-255,2902,241441,8,354291
3023,0.048318,172.31.36.0-255,66,241507,8,354291
3024,0.050387,74.125.130.0-255,2902,244409,8,354291
3025,0.050393,172.31.36.0-255,66,244475,8,354291
3026,0.050455,74.125.130.0-255,2902,247377,8,354291
3027,0.050781,172.31.36.0-255,66,247443,8,354291
3028,0.052537,74.125.130.0-255,2902,250345,8,354291
3029,0.052542,172.31.36.0-255,66,250411,8,354291
3030,0.052918,74.125.130.0-255,2902,253313,8,354291
3031,0.052923,172.31.36.0-255,66,253379,8,354291
3032,0.054684,74.125.130.0-255,2902,256281,8,354291
3033,0.05469,172.31.36.0-255,66,256347,8,354291
3034,0.055081,74.125.130.0-255,2902,259249,8,354291
3035,0.055087,172.31.36.0-255,66,259315,8,354291
3036,0.056831,74.125.130.0-255,2902,262217,8,354291
3037,0.056836,172.31.36.0-255,66,262283,8,354291
3038,0.057227,74.125.130.0-255,2902,265185,8,354291
3039,0.057232,172.31.36.0-255,66,265251,8,354291
3040,0.058983,74.125.130.0-255,2902,268153,8,354291
3041,0.058989,172.31.36.0-255,66,268219,8,354291
3042,0.059382,74.125.130.0-255,2902,271121,8,354291
3043,0.059387,172.31.36.0-255,66,271187,8,354291
3044,0.061132,74.125.130.0-255,2902,274089,8,354291
3045,0.061137,172.31.36.0-255,66,274155,8,354291
3046,0.061529,74.125.130.0-255,2902,277057,8,354291
3047,0.061535,172.31.36.0-255,66,277123,8,354291
3048,0.063278,74.125.130.0-255,2902,280025,8,354291
3049,0.063283,172.31.36.0-255,66,280091,8,354291
3050,0.063676,74.125.130.0-255,2902,282993,8,354291
3051,0.063681,172.31.36.0-255,66,283059,8,354291
3052,0.065435,74.125.130.0-255,2902,285961,8,354291
3053,0.06544,172.31.36.0-255,66,286027,8,354291
3054,0.065836,74.125.130.0-255,2902,288929,8,354291
3055,0.065841,172.31.36.0-255,66,288995,8,354291
3056,0.067586,74.125.130.0-255,2902,291897,8,354291
3057,0.067592,172.31.36.0-255,66,291963,8,354291
3058,0.067991,74.125.130.0-255,2902,294865,8,354291
3059,0.067996,172.31.36.0-255,66,294931,8,354291
3060,0.069858,74.125.130.0-255,2902,297833,8,354291
3061,0.069863,172.31.36.0-255,66,297899,8,354291
3062,0.070151,74.125.130.0-255,2902,300801,8,354291
3063,0.070157,172.31.36.0-255,66,300867,8,354291
3064,0.072012,74.125.130.0-255,2902,303769,8,354291
3065,0.072018,172.31.36.0-255,66,303835,8,354291
3066,0.072294,74.125.130.0-255,2902,306737,8,354291
3067,0.0723,172.31.36.0-255,66,306803,8,354291
3068,0.074162,74.125.130.0-255,2902,309705,8,354291
3069,0.074167,172.31.36.0-255,66,309771,8,354291
3070,0.074447,74.125.130.0-255,2902,312673,8,354291
3071,0.074453,172.31.36.0-255,66,312739,8,354291
3072,0.076317,74.125.130.0-255,2902,315641,8,354291
3073,0.076322,172.31.36.0-255,66,315707,8,354291
3074,0.076598,74.125.130.0-255,2902,318609,8,354291
3075,0.076603,172.31.36.0-255,66,318675,8,354291
3076,0.078468,74.125.130.0-255,2902,321577,8,354291
3077,0.078473,172.31.36.0-255,66,321643,8,354291
3078,0.078758,74.125.130.0-255,2902,324545,8,354291
3079,0.078764,172.31.36.0-255,66,324611,8,354291
3080,0.080636,74.125.130.0-255,2902,327513,8,354291
3081,0.08065,172.31.36.0-255,66,327579,8,354291
3082,0.080908,74.125.130.0-255,2902,330481,8,354291
3083,0.080914,172.31.36.0-255,66,330547,8,354291
3084,0.082818,74.125.130.0-255,2902,333449,8,354291
3085,0.082824,172.31.36.0-255,66,333515,8,354291
3086,0.083093,74.125.130.0-255,2902,336417,8,354291
3087,0.083099,172.31.36.0-255,66,336483,8,354291
3088,0.084965,74.125.130.0-255,2902,339385,8,354291
3089,0.08497,172.31.36.0-255,66,339451,8,354291
3090,0.085246,74.125.130.0-255,2902,342353,8,354291
3091,0.085251,172.31.36.0-255,66,342419,8,354291
3092,0.087118,74.125.130.0-255,2902,345321,8,354291
3093,0.087124,172.31.36.0-255,66,345387,8,354291
3094,0.0874,74.125.130.0-255,2902,348289,8,354291
3095,0.087406,172.31.36.0-255,66,348355,8,354291
3096,0.089264,74.125.130.0-255,2902,351257,8,354291
3097,0.089284,172.31.36.0-255,66,351323,8,354291
3098,0.089547,74.125.130.0-255,2902,354225,8,354291
3099,0.089553,172.31.36.0-255,66,354291,8,354291
3100,0.0,74.125.68.0-255,153,153,8,374764
3101,2.9e-05,172.31.36.0-255,66,219,8,374764
3102,3.5e-05,74.125.68.0-255,1484,1703,8,374764
3103,3.9e-05,172.31.36.0-255,66,1769,8,374764
3104,4.4e-05,74.125.68.0-255,2902,4671,8,374764
3105,4.6e-05,172.31.36.0-255,66,4737,8,374764
3106,7.3e-05,74.125.68.0-255,5738,10475,8,374764
3107,7.6e-05,172.31.36.0-255,66,10541,8,374764
3108,7.9e-05,74.125.68.0-255,1484,12025,8,374764
3109,8.4e-05,172.31.36.0-255,66,12091,8,374764
3110,0.000115,172.31.36.0-255,66,12157,8,374764
3111,0.000118,74.125.68.0-255,1484,13641,8,374764
3112,0.00012,172.31.36.0-255,66,13707,8,374764
3113,0.00014,74.125.68.0-255,4320,18027,8,374764
3114,0.000142,172.31.36.0-255,66,18093,8,374764
3115,0.000183,74.125.68.0-255,3961,22054,8,374764
3116,0.000186,172.31.36.0-255,66,22120,8,374764
3117,0.000245,74.125.68.0-255,1484,23604,8,374764
3118,0.000249,172.31.36.0-255,66,23670,8,374764
3119,0.000271,74.125.68.0-255,2902,26572,8,374764
3120,0.000274,172.31.36.0-255,66,26638,8,374764
3121,0.000277,74.125.68.0-255,1484,28122,8,374764
3122,0.000279,172.31.36.0-255,66,28188,8,374764
3123,0.000283,74.125.68.0-255,2902,31090,8,374764
3124,0.000286,172.31.36.0-255,66,31156,8,374764
3125,0.000313,74.125.68.0-255,5738,36894,8,374764
3126,0.000319,172.31.36.0-255,66,36960,8,374764
3127,0.00033,74.125.68.0-255,2543,39503,8,374764
3128,0.000332,172.31.36.0-255,66,39569,8,374764
3129,0.000336,74.125.68.0-255,2902,42471,8,374764
3130,0.000339,172.31.36.0-255,66,42537,8,374764
3131,0.000359,74.125.68.0-255,7156,49693,8,374764
3132,0.000363,172.31.36.0-255,66,49759,8,374764
3133,0.000367,74.125.68.0-255,1484,51243,8,374764
3134,0.000384,74.125.68.0-255,5653,56896,8,374764
3135,0.000387,172.31.36.0-255,66,56962,8,374764
3136,0.000471,74.125.68.0-255,130,57092,8,374764
3137,0.000576,74.125.68.0-255,1484,58576,8,374764
3138,0.00058,172.31.36.0-255,66,58642,8,374764
3139,0.000586,74.125.68.0-255,2902,61544,8,374764
3140,0.000588,172.31.36.0-255,66,61610,8,374764
3141,0.00062,74.125.68.0-255,5738,67348,8,374764
3142,0.000625,172.31.36.0-255,66,67414,8,374764
3143,0.00063,74.125.68.0-255,2902,70316,8,374764
3144,0.000632,172.31.36.0-255,66,70382,8,374764
3145,0.000647,74.125.68.0-255,4320,74702,8,374764
3146,0.000651,172.31.36.0-255,66,74768,8,374764
3147,0.000654,74.125.68.0-255,1484,76252,8,374764
3148,0.000681,74.125.68.0-255,7156,83408,8,374764
3149,0.000684,172.31.36.0-255,66,83474,8,374764
3150,0.00069,74.125.68.0-255,5738,89212,8,374764
3151,0.000692,172.31.36.0-255,66,89278,8,374764
3152,0.000733,74.125.68.0-255,2466,91744,8,374764
3153,0.000737,172.31.36.0-255,66,91810,8,374764
3154,0.001124,74.125.68.0-255,1484,93294,8,374764
3155,0.00113,74.125.68.0-255,2902,96196,8,374764
3156,0.001134,172.31.36.0-255,66,96262,8,374764
3157,0.001154,74.125.68.0-255,4320,100582,8,374764
3158,0.001156,172.31.36.0-255,66,100648,8,374764
3159,0.001182,172.31.36.0-255,66,100714,8,374764
3160,0.001188,74.125.68.0-255,4320,105034,8,374764
3161,0.001191,172.31.36.0-255,66,105100,8,374764
3162,0.001195,74.125.68.0-255,2902,108002,8,374764
3163,0.001197,172.31.36.0-255,66,108068,8,374764
3164,0.001213,74.125.68.0-255,2902,110970,8,374764
3165,0.001216,172.31.36.0-255,66,111036,8,374764
3166,0.00124,74.125.68.0-255,6438,117474,8,374764
3167,0.001243,172.31.36.0-255,66,117540,8,374764
3168,0.001288,74.125.68.0-255,1484,119024,8,374764
3169,0.001302,74.125.68.0-255,2902,121926,8,374764
3170,0.001305,172.31.36.0-255,66,121992,8,374764
3171,0.001325,74.125.68.0-255,4320,126312,8,374764
3172,0.001328,172.31.36.0-255,66,126378,8,374764
3173,0.001345,74.125.68.0-255,1484,127862,8,374764
3174,0.00135,74.125.68.0-255,2902,130764,8,374764
3175,0.001352,172.31.36.0-255,66,130830,8,374764
3176,0.001357,74.125.68.0-255,4320,135150,8,374764
3177,0.001359,172.31.36.0-255,66,135216,8,374764
3178,0.001385,172.31.36.0-255,66,135282,8,374764
3179,0.00139,74.125.68.0-255,4320,139602,8,374764
3180,0.001392,172.31.36.0-255,66,139668,8,374764
3181,0.001444,74.125.68.0-255,3602,143270,8,374764
3182,0.001448,172.31.36.0-255,66,143336,8,374764
3183,0.001492,74.125.68.0-255,1484,144820,8,374764
3184,0.001508,74.125.68.0-255,2902,147722,8,374764
3185,0.001511,172.31.36.0-255,66,147788,8,374764
3186,0.001525,74.125.68.0-255,5738,153526,8,374764
3187,0.001529,172.31.36.0-255,66,153592,8,374764
3188,0.001532,74.125.68.0-255,1484,155076,8,374764
3189,0.001554,74.125.68.0-255,2902,157978,8,374764
3190,0.001557,172.31.36.0-255,66,158044,8,374764
3191,0.001574,74.125.68.0-255,5738,163782,8,374764
3192,0.001576,172.31.36.0-255,66,163848,8,374764
3193,0.001601,74.125.68.0-255,5738,169586,8,374764
3194,0.001604,172.31.36.0-255,66,169652,8,374764
3195,0.00161,74.125.68.0-255,4320,173972,8,374764
3196,0.001612,172.31.36.0-255,66,174038,8,374764
3197,0.001623,74.125.68.0-255,2902,176940,8,374764
3198,0.001625,172.31.36.0-255,66,177006,8,374764
3199,0.001628,74.125.68.0-255,766,177772,8,374764
3200,0.00169,74.125.68.0-255,1484,179256,8,374764
3201,0.001694,172.31.36.0-255,66,179322,8,374764
3202,0.001713,74.125.68.0-255,2902,182224,8,374764
3203,0.001716,172.31.36.0-255,66,182290,8,374764
3204,0.001729,74.125.68.0-255,2902,185192,8,374764
3205,0.001731,172.31.36.0-255,66,185258,8,374764
3206,0.001748,74.125.68.0-255,2902,188160,8,374764
3207,0.001751,172.31.36.0-255,66,188226,8,374764
3208,0.001755,74.125.68.0-255,2902,191128,8,374764
3209,0.001757,172.31.36.0-255,66,191194,8,374764
3210,0.001762,74.125.68.0-255,4320,195514,8,374764
3211,0.001764,172.31.36.0-255,66,195580,8,374764
3212,0.001768,74.125.68.0-255,1484,197064,8,374764
3213,0.001798,74.125.68.0-255,7156,204220,8,374764
3214,0.001801,172.31.36.0-255,66,204286,8,374764
3215,0.001809,74.125.68.0-255,7156,211442,8,374764
3216,0.001811,172.31.36.0-255,66,211508,8,374764
3217,0.001849,172.31.36.0-255,66,211574,8,374764
3218,0.001852,74.125.68.0-255,1484,213058,8,374764
3219,0.001866,74.125.68.0-255,1484,214542,8,374764
3220,0.001871,172.31.36.0-255,66,214608,8,374764
3221,0.001902,172.31.36.0-255,66,214674,8,374764
3222,0.00191,74.125.68.0-255,7156,221830,8,374764
3223,0.001912,172.31.36.0-255,66,221896,8,374764
3224,0.001951,74.125.68.0-255,1484,223380,8,374764
3225,0.001971,74.125.68.0-255,5020,228400,8,374764
3226,0.001974,172.31.36.0-255,66,228466,8,374764
3227,0.002045,74.125.68.0-255,1484,229950,8,374764
3228,0.002065,74.125.68.0-255,2902,232852,8,374764
3229,0.002068,172.31.36.0-255,66,232918,8,374764
3230,0.002091,74.125.68.0-255,5738,238656,8,374764
3231,0.002093,172.31.36.0-255,66,238722,8,374764
3232,0.002098,74.125.68.0-255,2902,241624,8,374764
3233,0.0021,172.31.36.0-255,66,241690,8,374764
3234,0.002145,74.125.68.0-255,4320,246010,8,374764
3235,0.002149,172.31.36.0-255,66,246076,8,374764
3236,0.002156,74.125.68.0-255,4320,250396,8,374764
3237,0.002159,172.31.36.0-255,66,250462,8,374764
3238,0.002162,172.31.36.0-255,66,250528,8,374764
3239,0.002203,74.125.68.0-255,3602,254130,8,374764
3240,0.002207,172.31.36.0-255,66,254196,8,374764
3241,0.00226,74.125.68.0-255,1484,255680,8,374764
3242,0.002265,74.125.68.0-255,2902,258582,8,374764
3243,0.002268,172.31.36.0-255,66,258648,8,374764
3244,0.002294,74.125.68.0-255,2902,261550,8,374764
3245,0.002297,172.31.36.0-255,66,261616,8,374764
3246,0.002315,74.125.68.0-255,1484,263100,8,374764
3247,0.004536,74.125.68.0-255,1484,264584,8,374764
3248,0.004543,172.31.36.0-255,66,264650,8,374764
3249,0.004563,74.125.68.0-255,2902,267552,8,374764
3250,0.004566,172.31.36.0-255,66,267618,8,374764
3251,0.006802,74.125.68.0-255,2902,270520,8,374764
3252,0.006805,172.31.36.0-255,66,270586,8,374764
3253,0.006823,74.125.68.0-255,2902,273488,8,374764
3254,0.006824,172.31.36.0-255,66,273554,8,374764
3255,0.009066,74.125.68.0-255,2902,276456,8,374764
3256,0.009073,172.31.36.0-255,66,276522,8,374764
3257,0.009093,74.125.68.0-255,2902,279424,8,374764
3258,0.009097,172.31.36.0-255,66,279490,8,374764
3259,0.011347,74.125.68.0-255,2902,282392,8,374764
3260,0.011354,172.31.36.0-255,66,282458,8,374764
3261,0.011377,74.125.68.0-255,2902,285360,8,374764
3262,0.01138,172.31.36.0-255,66,285426,8,374764
3263,0.013618,74.125.68.0-255,2902,288328,8,374764
3264,0.013626,172.31.36.0-255,66,288394,8,374764
3265,0.013645,74.125.68.0-255,2902,291296,8,374764
3266,0.013647,172.31.36.0-255,66,291362,8,374764
3267,0.015904,74.125.68.0-255,5738,297100,8,374764
3268,0.015917,172.31.36.0-255,66,297166,8,374764
3269,0.018182,74.125.68.0-255,5738,302904,8,374764
3270,0.018189,172.31.36.0-255,66,302970,8,374764
3271,0.020468,74.125.68.0-255,5738,308708,8,374764
3272,0.020475,172.31.36.0-255,66,308774,8,374764
3273,0.022752,74.125.68.0-255,5738,314512,8,374764
3274,0.022758,172.31.36.0-255,66,314578,8,374764
3275,0.02502,74.125.68.0-255,5738,320316,8,374764
3276,0.025027,172.31.36.0-255,66,320382,8,374764
3277,0.027288,74.125.68.0-255,1484,321866,8,374764
3278,0.027312,74.125.68.0-255,4320,326186,8,374764
3279,0.027317,172.31.36.0-255,66,326252,8,374764
3280,0.02959,74.125.68.0-255,2902,329154,8,374764
3281,0.029597,172.31.36.0-255,66,329220,8,374764
3282,0.029629,74.125.68.0-255,2902,332122,8,374764
3283,0.029632,172.31.36.0-255,66,332188,8,374764
3284,0.031861,74.125.68.0-255,2902,335090,8,374764
3285,0.03187,172.31.36.0-255,66,335156,8,374764
3286,0.031906,74.125.68.0-255,2902,338058,8,374764
3287,0.03191,172.31.36.0-255,66,338124,8,374764
3288,0.034154,74.125.68.0-255,4320,342444,8,374764
3289,0.034163,172.31.36.0-255,66,342510,8,374764
3290,0.034183,74.125.68.0-255,1484,343994,8,374764
3291,0.035547,172.31.36.0-255,172,344166,8,374764
3292,0.035576,172.31.36.0-255,1107,345273,8,374764
3293,0.03562,172.31.36.0-255,1514,346787,8,374764
3294,0.035621,172.31.36.0-255,1514,348301,8,374764
3295,0.035623,172.31.36.0-255,1514,349815,8,374764
3296,0.035624,172.31.36.0-255,1514,351329,8,374764
3297,0.035625,172.31.36.0-255,1499,352828,8,374764
3298,0.036426,74.125.68.0-255,4320,357148,8,374764
3299,0.036433,172.31.36.0-255,66,357214,8,374764
3300,0.037061,104.244.42.0-255,66,357280,8,374764
3301,0.03712,104.244.42.0-255,66,357346,8,374764
3302,0.037167,104.244.42.0-255,66,357412,8,374764
3303,0.038709,74.125.68.0-255,5738,363150,8,374764
3304,0.038715,172.31.36.0-255,66,363216,8,374764
3305,0.04098,74.125.68.0-255,5738,368954,8,374764
3306,0.040987,172.31.36.0-255,66,369020,8,374764
3307,0.043262,74.125.68.0-255,5507,374527,8,374764
3308,0.043271,172.31.36.0-255,66,374593,8,374764
3309,0.043611,172.31.36.0-255,105,374698,8,374764
3310,0.045833,74.125.68.0-255,66,374764,8,374764
3311,0.0,74.125.24.0-255,143,143,8,289200
3312,1.3e-05,74.125.24.0-255,1484,1627,8,289200
3313,2.1e-05,172.31.36.0-255,66,1693,8,289200
3314,2.9e-05,74.125.24.0-255,2902,4595,8,289200
3315,3.2e-05,172.31.36.0-255,66,4661,8,289200
3316,3.7e-05,74.125.24.0-255,4320,8981,8,289200
3317,4e-05,172.31.36.0-255,66,9047,8,289200
3318,6.5e-05,74.125.24.0-255,2902,11949,8,289200
3319,6.7e-05,172.31.36.0-255,66,12015,8,289200
3320,7.1e-05,74.125.24.0-255,2002,14017,8,289200
3321,7.3e-05,172.31.36.0-255,66,14083,8,289200
3322,0.000272,74.125.24.0-255,1484,15567,8,289200
3323,0.00028,74.125.24.0-255,2902,18469,8,289200
3324,0.000286,172.31.36.0-255,66,18535,8,289200
3325,0.000292,74.125.24.0-255,5738,24273,8,289200
3326,0.000295,172.31.36.0-255,66,24339,8,289200
3327,0.000314,74.125.24.0-255,1484,25823,8,289200
3328,0.000336,74.125.24.0-255,5379,31202,8,289200
3329,0.000339,172.31.36.0-255,66,31268,8,289200
3330,0.000381,74.125.24.0-255,1484,32752,8,289200
3331,0.000386,74.125.24.0-255,2902,35654,8,289200
3332,0.00039,172.31.36.0-255,66,35720,8,289200
3333,0.000395,74.125.24.0-255,4320,40040,8,289200
3334,0.000398,172.31.36.0-255,66,40106,8,289200
3335,0.000412,74.125.24.0-255,1484,41590,8,289200
3336,0.000419,74.125.24.0-255,5738,47328,8,289200
3337,0.000421,172.31.36.0-255,66,47394,8,289200
3338,0.000456,172.31.36.0-255,66,47460,8,289200
3339,0.000491,74.125.24.0-255,3961,51421,8,289200
3340,0.000495,172.31.36.0-255,66,51487,8,289200
3341,0.0005,74.125.24.0-255,4271,55758,8,289200
3342,0.000503,172.31.36.0-255,66,55824,8,289200
3343,0.000561,74.125.24.0-255,110,55934,8,289200
3344,0.00058,74.125.24.0-255,331,56265,8,289200
3345,0.000855,74.125.24.0-255,1484,57749,8,289200
3346,0.000861,172.31.36.0-255,66,57815,8,289200
3347,0.000867,74.125.24.0-255,2902,60717,8,289200
3348,0.000869,172.31.36.0-255,66,60783,8,289200
3349,0.000875,74.125.24.0-255,5738,66521,8,289200
3350,0.000878,172.31.36.0-255,66,66587,8,289200
3351,0.000895,74.125.24.0-255,4320,70907,8,289200
3352,0.000898,172.31.36.0-255,66,70973,8,289200
3353,0.000935,172.31.36.0-255,66,71039,8,289200
3354,0.000948,172.31.36.0-255,66,71105,8,289200
3355,0.001072,74.125.24.0-255,1484,72589,8,289200
3356,0.00108,74.125.24.0-255,2902,75491,8,289200
3357,0.001084,172.31.36.0-255,66,75557,8,289200
3358,0.00109,74.125.24.0-255,5738,81295,8,289200
3359,0.001092,172.31.36.0-255,66,81361,8,289200
3360,0.001123,74.125.24.0-255,7156,88517,8,289200
3361,0.001125,172.31.36.0-255,66,88583,8,289200
3362,0.001144,74.125.24.0-255,5738,94321,8,289200
3363,0.001147,172.31.36.0-255,66,94387,8,289200
3364,0.001154,74.125.24.0-255,7156,101543,8,289200
3365,0.001156,172.31.36.0-255,66,101609,8,289200
3366,0.001175,74.125.24.0-255,2902,104511,8,289200
3367,0.001177,172.31.36.0-255,66,104577,8,289200
3368,0.00118,74.125.24.0-255,766,105343,8,289200
3369,0.001749,74.125.24.0-255,1484,106827,8,289200
3370,0.001753,172.31.36.0-255,66,106893,8,289200
3371,0.001758,74.125.24.0-255,2902,109795,8,289200
3372,0.001761,172.31.36.0-255,66,109861,8,289200
3373,0.001767,74.125.24.0-255,5738,115599,8,289200
3374,0.001769,172.31.36.0-255,66,115665,8,289200
3375,0.001797,74.125.24.0-255,4320,119985,8,289200
3376,0.001799,172.31.36.0-255,66,120051,8,289200
3377,0.001804,74.125.24.0-255,4320,124371,8,289200
3378,0.001806,172.31.36.0-255,66,124437,8,289200
3379,0.001828,74.125.24.0-255,7156,131593,8,289200
3380,0.001831,172.31.36.0-255,66,131659,8,289200
3381,0.001867,74.125.24.0-255,7156,138815,8,289200
3382,0.001869,172.31.36.0-255,66,138881,8,289200
3383,0.001884,74.125.24.0-255,2184,141065,8,289200
3384,0.001887,172.31.36.0-255,66,141131,8,289200
3385,0.001897,172.31.36.0-255,66,141197,8,289200
3386,0.001899,74.125.24.0-255,1484,142681,8,289200
3387,0.001922,74.125.24.0-255,5738,148419,8,289200
3388,0.001924,172.31.36.0-255,66,148485,8,289200
3389,0.001938,74.125.24.0-255,2902,151387,8,289200
3390,0.00194,172.31.36.0-255,66,151453,8,289200
3391,0.001975,172.31.36.0-255,66,151519,8,289200
3392,0.001993,74.125.24.0-255,1484,153003,8,289200
3393,0.001996,74.125.24.0-255,766,153769,8,289200
3394,0.001998,172.31.36.0-255,66,153835,8,289200
3395,0.002001,74.125.24.0-255,1484,155319,8,289200
3396,0.002005,74.125.24.0-255,4320,159639,8,289200
3397,0.002008,172.31.36.0-255,66,159705,8,289200
3398,0.002014,74.125.24.0-255,7156,166861,8,289200
3399,0.002016,172.31.36.0-255,66,166927,8,289200
3400,0.002028,172.31.36.0-255,66,166993,8,289200
3401,0.002033,74.125.24.0-255,2902,169895,8,289200
3402,0.002035,172.31.36.0-255,66,169961,8,289200
3403,0.00206,74.125.24.0-255,5020,174981,8,289200
3404,0.002064,172.31.36.0-255,66,175047,8,289200
3405,0.002834,74.125.24.0-255,1484,176531,8,289200
3406,0.00284,74.125.24.0-255,2902,179433,8,289200
3407,0.002843,172.31.36.0-255,66,179499,8,289200
3408,0.002847,74.125.24.0-255,1484,180983,8,289200
3409,0.002867,74.125.24.0-255,4320,185303,8,289200
3410,0.002869,172.31.36.0-255,66,185369,8,289200
3411,0.002891,74.125.24.0-255,5738,191107,8,289200
3412,0.002893,172.31.36.0-255,66,191173,8,289200
3413,0.002918,74.125.24.0-255,7156,198329,8,289200
3414,0.002921,172.31.36.0-255,66,198395,8,289200
3415,0.002931,172.31.36.0-255,66,198461,8,289200
3416,0.002953,74.125.24.0-255,2184,200645,8,289200
3417,0.002957,172.31.36.0-255,66,200711,8,289200
3418,0.003143,74.125.24.0-255,1484,202195,8,289200
3419,0.003149,74.125.24.0-255,2902,205097,8,289200
3420,0.003153,172.31.36.0-255,66,205163,8,289200
3421,0.003159,74.125.24.0-255,4320,209483,8,289200
3422,0.003161,172.31.36.0-255,66,209549,8,289200
3423,0.003175,74.125.24.0-255,1484,211033,8,289200
3424,0.003188,74.125.24.0-255,2902,213935,8,289200
3425,0.003191,172.31.36.0-255,66,214001,8,289200
3426,0.003234,172.31.36.0-255,66,214067,8,289200
3427,0.003241,74.125.24.0-255,7156,221223,8,289200
3428,0.003243,172.31.36.0-255,66,221289,8,289200
3429,0.003247,74.125.24.0-255,1484,222773,8,289200
3430,0.003249,74.125.24.0-255,1484,224257,8,289200
3431,0.003251,172.31.36.0-255,66,224323,8,289200
3432,0.003256,74.125.24.0-255,3602,227925,8,289200
3433,0.003258,172.31.36.0-255,66,227991,8,289200
3434,0.003265,74.125.24.0-255,7156,235147,8,289200
3435,0.003267,172.31.36.0-255,66,235213,8,289200
3436,0.003276,172.31.36.0-255,66,235279,8,289200
3437,0.003281,74.125.24.0-255,4320,239599,8,289200
3438,0.003283,172.31.36.0-255,66,239665,8,289200
3439,0.00331,74.125.24.0-255,4320,243985,8,289200
3440,0.003312,172.31.36.0-255,66,244051,8,289200
3441,0.003315,74.125.24.0-255,1484,245535,8,289200
3442,0.00332,74.125.24.0-255,5020,250555,8,289200
3443,0.003322,172.31.36.0-255,66,250621,8,289200
3444,0.003325,74.125.24.0-255,1484,252105,8,289200
3445,0.003348,74.125.24.0-255,2902,255007,8,289200
3446,0.00335,172.31.36.0-255,66,255073,8,289200
3447,0.003361,172.31.36.0-255,66,255139,8,289200
3448,0.003394,74.125.24.0-255,4320,259459,8,289200
3449,0.003396,172.31.36.0-255,66,259525,8,289200
3450,0.003416,74.125.24.0-255,1484,261009,8,289200
3451,0.003429,172.31.36.0-255,66,261075,8,289200
3452,0.00346,74.125.24.0-255,4320,265395,8,289200
3453,0.003462,172.31.36.0-255,66,265461,8,289200
3454,0.003468,74.125.24.0-255,4320,269781,8,289200
3455,0.003469,172.31.36.0-255,66,269847,8,289200
3456,0.003488,74.125.24.0-255,1484,271331,8,289200
3457,0.0035,172.31.36.0-255,66,271397,8,289200
3458,0.003512,172.31.36.0-255,66,271463,8,289200
3459,0.003515,74.125.24.0-255,1484,272947,8,289200
3460,0.003518,74.125.24.0-255,1484,274431,8,289200
3461,0.003519,172.31.36.0-255,66,274497,8,289200
3462,0.003524,74.125.24.0-255,4320,278817,8,289200
3463,0.003526,172.31.36.0-255,66,278883,8,289200
3464,0.003529,74.125.24.0-255,943,279826,8,289200
3465,0.003571,74.125.24.0-255,105,279931,8,289200
3466,0.004573,172.31.36.0-255,66,279997,8,289200
3467,0.004608,172.31.36.0-255,105,280102,8,289200
3468,0.0069,74.125.24.0-255,66,280168,8,289200
3469,0.031957,172.31.36.0-255,172,280340,8,289200
3470,0.031987,172.31.36.0-255,1110,281450,8,289200
3471,0.032047,172.31.36.0-255,1514,282964,8,289200
3472,0.032049,172.31.36.0-255,1514,284478,8,289200
3473,0.03205,172.31.36.0-255,1514,285992,8,289200
3474,0.032051,172.31.36.0-255,1514,287506,8,289200
3475,0.032076,172.31.36.0-255,1496,289002,8,289200
3476,0.033467,104.244.42.0-255,66,289068,8,289200
3477,0.033521,104.244.42.0-255,66,289134,8,289200
3478,0.033649,104.244.42.0-255,66,289200,8,289200
3479,0.0,172.31.36.0-255,66,66,8,66
3480,0.0,74.125.24.0-255,143,143,8,267604
3481,1.9e-05,172.31.36.0-255,66,209,8,267604
3482,2.7e-05,74.125.24.0-255,1484,1693,8,267604
3483,3.2e-05,172.31.36.0-255,66,1759,8,267604
3484,3.7e-05,74.125.24.0-255,2902,4661,8,267604
3485,4.1e-05,172.31.36.0-255,66,4727,8,267604
3486,4.5e-05,74.125.24.0-255,1484,6211,8,267604
3487,4.8e-05,172.31.36.0-255,66,6277,8,267604
3488,7.8e-05,74.125.24.0-255,5738,12015,8,267604
3489,8.1e-05,172.31.36.0-255,66,12081,8,267604
3490,8.5e-05,74.125.24.0-255,2013,14094,8,267604
3491,8.7e-05,172.31.36.0-255,66,14160,8,267604
3492,0.000135,74.125.24.0-255,1484,15644,8,267604
3493,0.000139,172.31.36.0-255,66,15710,8,267604
3494,0.000144,74.125.24.0-255,2902,18612,8,267604
3495,0.000146,172.31.36.0-255,66,18678,8,267604
3496,0.000152,74.125.24.0-255,2902,21580,8,267604
3497,0.000154,172.31.36.0-255,66,21646,8,267604
3498,0.000178,74.125.24.0-255,2902,24548,8,267604
3499,0.00018,172.31.36.0-255,66,24614,8,267604
3500,0.000186,74.125.24.0-255,4320,28934,8,267604
3501,0.000188,172.31.36.0-255,66,29000,8,267604
3502,0.000227,74.125.24.0-255,4320,33320,8,267604
3503,0.00023,172.31.36.0-255,66,33386,8,267604
3504,0.000254,172.31.36.0-255,66,33452,8,267604
3505,0.000285,74.125.24.0-255,6797,40249,8,267604
3506,0.000288,172.31.36.0-255,66,40315,8,267604
3507,0.000321,74.125.24.0-255,7156,47471,8,267604
3508,0.000323,172.31.36.0-255,66,47537,8,267604
3509,0.000329,74.125.24.0-255,4320,51857,8,267604
3510,0.000332,172.31.36.0-255,66,51923,8,267604
3511,0.000378,74.125.24.0-255,5379,57302,8,267604
3512,0.000382,172.31.36.0-255,66,57368,8,267604
3513,0.000418,74.125.24.0-255,413,57781,8,267604
3514,0.000874,74.125.24.0-255,330,58111,8,267604
3515,0.001171,172.31.36.0-255,66,58177,8,267604
3516,0.001209,74.125.24.0-255,1484,59661,8,267604
3517,0.001216,74.125.24.0-255,2902,62563,8,267604
3518,0.001219,172.31.36.0-255,66,62629,8,267604
3519,0.001226,74.125.24.0-255,5738,68367,8,267604
3520,0.001228,172.31.36.0-255,66,68433,8,267604
3521,0.001235,74.125.24.0-255,5738,74171,8,267604
3522,0.001238,172.31.36.0-255,66,74237,8,267604
3523,0.001274,74.125.24.0-255,5738,79975,8,267604
3524,0.001276,172.31.36.0-255,66,80041,8,267604
3525,0.001299,74.125.24.0-255,7156,87197,8,267604
3526,0.001301,172.31.36.0-255,66,87263,8,267604
3527,0.001307,74.125.24.0-255,5020,92283,8,267604
3528,0.001309,172.31.36.0-255,66,92349,8,267604
3529,0.001933,74.125.24.0-255,1484,93833,8,267604
3530,0.001943,74.125.24.0-255,2902,96735,8,267604
3531,0.001948,172.31.36.0-255,66,96801,8,267604
3532,0.001976,74.125.24.0-255,5738,102539,8,267604
3533,0.001978,172.31.36.0-255,66,102605,8,267604
3534,0.002023,172.31.36.0-255,66,102671,8,267604
3535,0.002078,172.31.36.0-255,66,102737,8,267604
3536,0.002117,74.125.24.0-255,1484,104221,8,267604
3537,0.002121,74.125.24.0-255,1484,105705,8,267604
3538,0.002124,172.31.36.0-255,66,105771,8,267604
3539,0.002148,74.125.24.0-255,1484,107255,8,267604
3540,0.002155,74.125.24.0-255,5738,112993,8,267604
3541,0.002157,172.31.36.0-255,66,113059,8,267604
3542,0.002161,74.125.24.0-255,1484,114543,8,267604
3543,0.002183,172.31.36.0-255,66,114609,8,267604
3544,0.002189,74.125.24.0-255,4320,118929,8,267604
3545,0.002192,172.31.36.0-255,66,118995,8,267604
3546,0.002211,74.125.24.0-255,2902,121897,8,267604
3547,0.002213,172.31.36.0-255,66,121963,8,267604
3548,0.002239,74.125.24.0-255,3602,125565,8,267604
3549,0.002241,172.31.36.0-255,66,125631,8,267604
3550,0.002371,74.125.24.0-255,1484,127115,8,267604
3551,0.002378,74.125.24.0-255,1484,128599,8,267604
3552,0.002382,172.31.36.0-255,66,128665,8,267604
3553,0.002396,74.125.24.0-255,1484,130149,8,267604
3554,0.002401,74.125.24.0-255,2902,133051,8,267604
3555,0.002404,172.31.36.0-255,66,133117,8,267604
3556,0.002418,74.125.24.0-255,2902,136019,8,267604
3557,0.002421,172.31.36.0-255,66,136085,8,267604
3558,0.002454,74.125.24.0-255,5738,141823,8,267604
3559,0.002457,172.31.36.0-255,66,141889,8,267604
3560,0.00248,74.125.24.0-255,7156,149045,8,267604
3561,0.002483,172.31.36.0-255,66,149111,8,267604
3562,0.002493,172.31.36.0-255,66,149177,8,267604
3563,0.002517,74.125.24.0-255,2184,151361,8,267604
3564,0.002519,172.31.36.0-255,66,151427,8,267604
3565,0.00293,74.125.24.0-255,1484,152911,8,267604
3566,0.002955,74.125.24.0-255,2902,155813,8,267604
3567,0.002959,172.31.36.0-255,66,155879,8,267604
3568,0.002966,74.125.24.0-255,4320,160199,8,267604
3569,0.002969,172.31.36.0-255,66,160265,8,267604
3570,0.003007,172.31.36.0-255,66,160331,8,267604
3571,0.003015,74.125.24.0-255,7156,167487,8,267604
3572,0.003018,172.31.36.0-255,66,167553,8,267604
3573,0.003061,74.125.24.0-255,5738,173291,8,267604
3574,0.003065,172.31.36.0-255,66,173357,8,267604
3575,0.003084,74.125.24.0-255,3602,176959,8,267604
3576,0.003086,172.31.36.0-255,66,177025,8,267604
3577,0.003162,74.125.24.0-255,1484,178509,8,267604
3578,0.003189,74.125.24.0-255,2902,181411,8,267604
3579,0.003192,172.31.36.0-255,66,181477,8,267604
3580,0.003203,74.125.24.0-255,5738,187215,8,267604
3581,0.003206,172.31.36.0-255,66,187281,8,267604
3582,0.003217,74.125.24.0-255,5738,193019,8,267604
3583,0.00322,172.31.36.0-255,66,193085,8,267604
3584,0.003247,74.125.24.0-255,5738,198823,8,267604
3585,0.00325,172.31.36.0-255,66,198889,8,267604
3586,0.003264,172.31.36.0-255,66,198955,8,267604
3587,0.0033,172.31.36.0-255,66,199021,8,267604
3588,0.003334,172.31.36.0-255,66,199087,8,267604
3589,0.003375,172.31.36.0-255,66,199153,8,267604
3590,0.003514,74.125.24.0-255,1484,200637,8,267604
3591,0.003566,74.125.24.0-255,2902,203539,8,267604
3592,0.003569,172.31.36.0-255,66,203605,8,267604
3593,0.003577,74.125.24.0-255,5738,209343,8,267604
3594,0.003579,172.31.36.0-255,66,209409,8,267604
3595,0.003584,74.125.24.0-255,2902,212311,8,267604
3596,0.003586,172.31.36.0-255,66,212377,8,267604
3597,0.003592,74.125.24.0-255,5738,218115,8,267604
3598,0.003595,172.31.36.0-255,66,218181,8,267604
3599,0.00363,74.125.24.0-255,4320,222501,8,267604
3600,0.003634,172.31.36.0-255,66,222567,8,267604
3601,0.003646,172.31.36.0-255,66,222633,8,267604
3602,0.003746,74.125.24.0-255,1484,224117,8,267604
3603,0.003758,74.125.24.0-255,1484,225601,8,267604
3604,0.003761,172.31.36.0-255,66,225667,8,267604
3605,0.003765,74.125.24.0-255,1484,227151,8,267604
3606,0.003777,74.125.24.0-255,1484,228635,8,267604
3607,0.00378,172.31.36.0-255,66,228701,8,267604
3608,0.003806,74.125.24.0-255,5738,234439,8,267604
3609,0.003809,172.31.36.0-255,66,234505,8,267604
3610,0.003824,74.125.24.0-255,4320,238825,8,267604
3611,0.003826,172.31.36.0-255,66,238891,8,267604
3612,0.003864,172.31.36.0-255,66,238957,8,267604
3613,0.003875,172.31.36.0-255,66,239023,8,267604
3614,0.003913,172.31.36.0-255,66,239089,8,267604
3615,0.003916,74.125.24.0-255,1484,240573,8,267604
3616,0.003924,74.125.24.0-255,7156,247729,8,267604
3617,0.003926,172.31.36.0-255,66,247795,8,267604
3618,0.003955,74.125.24.0-255,4320,252115,8,267604
3619,0.003959,172.31.36.0-255,66,252181,8,267604
3620,0.003972,172.31.36.0-255,66,252247,8,267604
3621,0.004021,74.125.24.0-255,7156,259403,8,267604
3622,0.004024,172.31.36.0-255,66,259469,8,267604
3623,0.004044,74.125.24.0-255,3363,262832,8,267604
3624,0.004047,172.31.36.0-255,66,262898,8,267604
3625,0.004063,74.125.24.0-255,105,263003,8,267604
3626,0.0118,172.31.36.0-255,66,263069,8,267604
3627,0.011842,172.31.36.0-255,105,263174,8,267604
3628,0.014332,74.125.24.0-255,66,263240,8,267604
3629,0.047402,172.31.36.0-255,172,263412,8,267604
3630,0.047436,172.31.36.0-255,1107,264519,8,267604
3631,0.047518,172.31.36.0-255,1514,266033,8,267604
3632,0.04752,172.31.36.0-255,1373,267406,8,267604
3633,0.048953,104.244.42.0-255,66,267472,8,267604
3634,0.04899,104.244.42.0-255,66,267538,8,267604
3635,0.049089,104.244.42.0-255,66,267604,8,267604
3636,0.0,172.217.194.0-255,153,153,8,170037
3637,1.7e-05,172.217.194.0-255,1484,1637,8,170037
3638,2.8e-05,172.31.36.0-255,66,1703,8,170037
3639,3.6e-05,172.217.194.0-255,2902,4605,8,170037
3640,4e-05,172.31.36.0-255,66,4671,8,170037
3641,5.2e-05,172.217.194.0-255,2902,7573,8,170037
3642,5.6e-05,172.31.36.0-255,66,7639,8,170037
3643,8.2e-05,172.217.194.0-255,5738,13377,8,170037
3644,8.5e-05,172.31.36.0-255,66,13443,8,170037
3645,0.000119,172.217.194.0-255,4826,18269,8,170037
3646,0.000122,172.31.36.0-255,66,18335,8,170037
3647,0.000139,172.31.36.0-255,66,18401,8,170037
3648,0.000144,172.217.194.0-255,2902,21303,8,170037
3649,0.000146,172.31.36.0-255,66,21369,8,170037
3650,0.000199,172.31.36.0-255,66,21435,8,170037
3651,0.000223,172.217.194.0-255,1484,22919,8,170037
3652,0.000254,172.31.36.0-255,66,22985,8,170037
3653,0.000261,172.217.194.0-255,5667,28652,8,170037
3654,0.000263,172.31.36.0-255,66,28718,8,170037
3655,0.000292,172.217.194.0-255,5738,34456,8,170037
3656,0.000296,172.217.194.0-255,2902,37358,8,170037
3657,0.000304,172.31.36.0-255,66,37424,8,170037
3658,0.000307,172.31.36.0-255,66,37490,8,170037
3659,0.000311,172.217.194.0-255,1484,38974,8,170037
3660,0.000352,172.217.194.0-255,2902,41876,8,170037
3661,0.000355,172.31.36.0-255,66,41942,8,170037
3662,0.000374,172.31.36.0-255,66,42008,8,170037
3663,0.000385,172.31.36.0-255,66,42074,8,170037
3664,0.000449,172.31.36.0-255,66,42140,8,170037
3665,0.000478,172.217.194.0-255,1484,43624,8,170037
3666,0.000483,172.217.194.0-255,2902,46526,8,170037
3667,0.000485,172.31.36.0-255,66,46592,8,170037
3668,0.000489,172.217.194.0-255,1484,48076,8,170037
3669,0.000512,172.217.194.0-255,4320,52396,8,170037
3670,0.000515,172.31.36.0-255,66,52462,8,170037
3671,0.000522,172.217.194.0-255,5738,58200,8,170037
3672,0.000525,172.31.36.0-255,66,58266,8,170037
3673,0.000551,172.217.194.0-255,7156,65422,8,170037
3674,0.000553,172.31.36.0-255,66,65488,8,170037
3675,0.000561,172.217.194.0-255,7156,72644,8,170037
3676,0.000567,172.31.36.0-255,66,72710,8,170037
3677,0.000591,172.217.194.0-255,3602,76312,8,170037
3678,0.000603,172.31.36.0-255,66,76378,8,170037
3679,0.00065,172.217.194.0-255,1484,77862,8,170037
3680,0.000655,172.217.194.0-255,2902,80764,8,170037
3681,0.000658,172.31.36.0-255,66,80830,8,170037
3682,0.000687,172.217.194.0-255,5738,86568,8,170037
3683,0.00069,172.31.36.0-255,66,86634,8,170037
3684,0.000694,172.217.194.0-255,2902,89536,8,170037
3685,0.000696,172.31.36.0-255,66,89602,8,170037
3686,0.000722,172.217.194.0-255,7156,96758,8,170037
3687,0.000725,172.31.36.0-255,66,96824,8,170037
3688,0.00075,172.217.194.0-255,2902,99726,8,170037
3689,0.000753,172.31.36.0-255,66,99792,8,170037
3690,0.000769,172.31.36.0-255,66,99858,8,170037
3691,0.000772,172.217.194.0-255,766,100624,8,170037
3692,0.001336,172.217.194.0-255,1484,102108,8,170037
3693,0.001341,172.31.36.0-255,66,102174,8,170037
3694,0.001348,172.217.194.0-255,2902,105076,8,170037
3695,0.00135,172.31.36.0-255,66,105142,8,170037
3696,0.001356,172.217.194.0-255,4320,109462,8,170037
3697,0.001364,172.31.36.0-255,66,109528,8,170037
3698,0.001388,172.217.194.0-255,1484,111012,8,170037
3699,0.00139,172.217.194.0-255,1484,112496,8,170037
3700,0.001408,172.31.36.0-255,66,112562,8,170037
3701,0.001416,172.31.36.0-255,66,112628,8,170037
3702,0.001456,172.31.36.0-255,66,112694,8,170037
3703,0.001573,172.217.194.0-255,1484,114178,8,170037
3704,0.001579,172.217.194.0-255,2902,117080,8,170037
3705,0.001582,172.31.36.0-255,66,117146,8,170037
3706,0.001589,172.217.194.0-255,5738,122884,8,170037
3707,0.001591,172.31.36.0-255,66,122950,8,170037
3708,0.001615,172.217.194.0-255,1484,124434,8,170037
3709,0.001641,172.31.36.0-255,66,124500,8,170037
3710,0.001658,172.217.194.0-255,1484,125984,8,170037
3711,0.001671,172.217.194.0-255,1484,127468,8,170037
3712,0.001681,172.31.36.0-255,66,127534,8,170037
3713,0.001689,172.217.194.0-255,5738,133272,8,170037
3714,0.001691,172.31.36.0-255,66,133338,8,170037
3715,0.00172,172.217.194.0-255,7156,140494,8,170037
3716,0.001722,172.31.36.0-255,66,140560,8,170037
3717,0.001764,172.217.194.0-255,6438,146998,8,170037
3718,0.001767,172.31.36.0-255,66,147064,8,170037
3719,0.001793,172.31.36.0-255,66,147130,8,170037
3720,0.001799,172.217.194.0-255,5020,152150,8,170037
3721,0.001801,172.31.36.0-255,66,152216,8,170037
3722,0.001807,172.217.194.0-255,5738,157954,8,170037
3723,0.001809,172.31.36.0-255,66,158020,8,170037
3724,0.001823,172.31.36.0-255,66,158086,8,170037
3725,0.001835,172.31.36.0-255,66,158152,8,170037
3726,0.001893,172.31.36.0-255,66,158218,8,170037
3727,0.001921,172.31.36.0-255,66,158284,8,170037
3728,0.001934,172.31.36.0-255,66,158350,8,170037
3729,0.001957,172.31.36.0-255,66,158416,8,170037
3730,0.002,172.31.36.0-255,66,158482,8,170037
3731,0.002026,172.31.36.0-255,66,158548,8,170037
3732,0.00203,172.217.194.0-255,2169,160717,8,170037
3733,0.002033,172.31.36.0-255,66,160783,8,170037
3734,0.002036,172.217.194.0-255,105,160888,8,170037
3735,0.00982,172.31.36.0-255,105,160993,8,170037
3736,0.01216,172.217.194.0-255,66,161059,8,170037
3737,0.032619,172.31.36.0-255,172,161231,8,170037
3738,0.032654,172.31.36.0-255,1110,162341,8,170037
3739,0.032738,172.31.36.0-255,1514,163855,8,170037
3740,0.03274,172.31.36.0-255,1514,165369,8,170037
3741,0.032745,172.31.36.0-255,1514,166883,8,170037
3742,0.032746,172.31.36.0-255,1514,168397,8,170037
3743,0.032766,172.31.36.0-255,1376,169773,8,170037
3744,0.034227,104.244.42.0-255,66,169839,8,170037
3745,0.034256,104.244.42.0-255,66,169905,8,170037
3746,0.034378,104.244.42.0-255,66,169971,8,170037
3747,0.03439,104.244.42.0-255,66,170037,8,170037
3748,0.0,172.217.27.0-255,152,152,8,384109
3749,2.2e-05,172.31.36.0-255,66,218,8,384109
3750,2.9e-05,172.217.27.0-255,1484,1702,8,384109
3751,3.5e-05,172.31.36.0-255,66,1768,8,384109
3752,4.8e-05,172.217.27.0-255,2902,4670,8,384109
3753,5.1e-05,172.31.36.0-255,66,4736,8,384109
3754,6e-05,172.217.27.0-255,7156,11892,8,384109
3755,6.3e-05,172.31.36.0-255,66,11958,8,384109
3756,6.8e-05,172.217.27.0-255,2010,13968,8,384109
3757,7.1e-05,172.31.36.0-255,66,14034,8,384109
3758,9.5e-05,172.217.27.0-255,1484,15518,8,384109
3759,9.8e-05,172.31.36.0-255,66,15584,8,384109
3760,0.000103,172.217.27.0-255,2902,18486,8,384109
3761,0.000106,172.31.36.0-255,66,18552,8,384109
3762,0.000117,172.217.27.0-255,5738,24290,8,384109
3763,0.00012,172.31.36.0-255,66,24356,8,384109
3764,0.000157,172.217.27.0-255,6797,31153,8,384109
3765,0.00016,172.31.36.0-255,66,31219,8,384109
3766,0.000227,172.217.27.0-255,1484,32703,8,384109
3767,0.000231,172.31.36.0-255,66,32769,8,384109
3768,0.000257,172.217.27.0-255,2902,35671,8,384109
3769,0.00026,172.31.36.0-255,66,35737,8,384109
3770,0.000265,172.217.27.0-255,2902,38639,8,384109
3771,0.000267,172.31.36.0-255,66,38705,8,384109
3772,0.000289,172.217.27.0-255,2902,41607,8,384109
3773,0.000297,172.31.36.0-255,66,41673,8,384109
3774,0.00031,172.31.36.0-255,66,41739,8,384109
3775,0.000341,172.217.27.0-255,3961,45700,8,384109
3776,0.000347,172.31.36.0-255,66,45766,8,384109
3777,0.000359,172.31.36.0-255,66,45832,8,384109
3778,0.000362,172.217.27.0-255,1455,47287,8,384109
3779,0.000723,172.217.27.0-255,116,47403,8,384109
3780,0.00073,172.31.36.0-255,66,47469,8,384109
3781,0.001159,172.217.27.0-255,1484,48953,8,384109
3782,0.00118,172.217.27.0-255,2902,51855,8,384109
3783,0.001184,172.31.36.0-255,66,51921,8,384109
3784,0.001192,172.217.27.0-255,4320,56241,8,384109
3785,0.001194,172.31.36.0-255,66,56307,8,384109
3786,0.001224,172.217.27.0-255,1484,57791,8,384109
3787,0.001228,172.217.27.0-255,2902,60693,8,384109
3788,0.00123,172.31.36.0-255,66,60759,8,384109
3789,0.001236,172.217.27.0-255,3961,64720,8,384109
3790,0.001238,172.31.36.0-255,66,64786,8,384109
3791,0.001276,172.31.36.0-255,66,64852,8,384109
3792,0.00128,172.217.27.0-255,2902,67754,8,384109
3793,0.001282,172.31.36.0-255,66,67820,8,384109
3794,0.001311,172.217.27.0-255,5379,73199,8,384109
3795,0.001314,172.31.36.0-255,66,73265,8,384109
3796,0.002966,172.217.27.0-255,5738,79003,8,384109
3797,0.002974,172.31.36.0-255,66,79069,8,384109
3798,0.004642,172.217.27.0-255,5738,84807,8,384109
3799,0.004649,172.31.36.0-255,66,84873,8,384109
3800,0.006315,172.217.27.0-255,5738,90611,8,384109
3801,0.006322,172.31.36.0-255,66,90677,8,384109
3802,0.007988,172.217.27.0-255,5738,96415,8,384109
3803,0.007995,172.31.36.0-255,66,96481,8,384109
3804,0.009662,172.217.27.0-255,5738,102219,8,384109
3805,0.009669,172.31.36.0-255,66,102285,8,384109
3806,0.011342,172.217.27.0-255,5738,108023,8,384109
3807,0.011351,172.31.36.0-255,66,108089,8,384109
3808,0.013015,172.217.27.0-255,5738,113827,8,384109
3809,0.013023,172.31.36.0-255,66,113893,8,384109
3810,0.014686,172.217.27.0-255,5738,119631,8,384109
3811,0.014693,172.31.36.0-255,66,119697,8,384109
3812,0.01636,172.217.27.0-255,5738,125435,8,384109
3813,0.01637,172.31.36.0-255,66,125501,8,384109
3814,0.018044,172.217.27.0-255,5738,131239,8,384109
3815,0.018051,172.31.36.0-255,66,131305,8,384109
3816,0.019716,172.217.27.0-255,5738,137043,8,384109
3817,0.019723,172.31.36.0-255,66,137109,8,384109
3818,0.021386,172.217.27.0-255,5738,142847,8,384109
3819,0.021394,172.31.36.0-255,66,142913,8,384109
3820,0.023077,172.217.27.0-255,5738,148651,8,384109
3821,0.023085,172.31.36.0-255,66,148717,8,384109
3822,0.024748,172.217.27.0-255,5738,154455,8,384109
3823,0.024756,172.31.36.0-255,66,154521,8,384109
3824,0.026415,172.217.27.0-255,5738,160259,8,384109
3825,0.026423,172.31.36.0-255,66,160325,8,384109
3826,0.028082,172.217.27.0-255,5738,166063,8,384109
3827,0.02809,172.31.36.0-255,66,166129,8,384109
3828,0.029754,172.217.27.0-255,5738,171867,8,384109
3829,0.029761,172.31.36.0-255,66,171933,8,384109
3830,0.031422,172.217.27.0-255,5738,177671,8,384109
3831,0.03143,172.31.36.0-255,66,177737,8,384109
3832,0.033096,172.217.27.0-255,5738,183475,8,384109
3833,0.033104,172.31.36.0-255,66,183541,8,384109
3834,0.034777,172.217.27.0-255,5738,189279,8,384109
3835,0.034785,172.31.36.0-255,66,189345,8,384109
3836,0.036482,172.217.27.0-255,5738,195083,8,384109
3837,0.03649,172.31.36.0-255,66,195149,8,384109
3838,0.038165,172.217.27.0-255,5738,200887,8,384109
3839,0.038173,172.31.36.0-255,66,200953,8,384109
3840,0.03985,172.217.27.0-255,5738,206691,8,384109
3841,0.039859,172.31.36.0-255,66,206757,8,384109
3842,0.041523,172.217.27.0-255,5738,212495,8,384109
3843,0.041536,172.31.36.0-255,66,212561,8,384109
3844,0.042382,172.31.36.0-255,176,212737,8,384109
3845,0.042415,172.31.36.0-255,1107,213844,8,384109
3846,0.042483,172.31.36.0-255,1514,215358,8,384109
3847,0.042485,172.31.36.0-255,1514,216872,8,384109
3848,0.042486,172.31.36.0-255,1514,218386,8,384109
3849,0.042487,172.31.36.0-255,1514,219900,8,384109
3850,0.042515,172.31.36.0-255,1499,221399,8,384109
3851,0.043206,172.217.27.0-255,5738,227137,8,384109
3852,0.043213,172.31.36.0-255,66,227203,8,384109
3853,0.043904,104.244.42.0-255,66,227269,8,384109
3854,0.043942,104.244.42.0-255,66,227335,8,384109
3855,0.044055,104.244.42.0-255,66,227401,8,384109
3856,0.044883,172.217.27.0-255,5738,233139,8,384109
3857,0.044891,172.31.36.0-255,66,233205,8,384109
3858,0.046562,172.217.27.0-255,5738,238943,8,384109
3859,0.046569,172.31.36.0-255,66,239009,8,384109
3860,0.048241,172.217.27.0-255,5738,244747,8,384109
3861,0.048247,172.31.36.0-255,66,244813,8,384109
3862,0.049916,172.217.27.0-255,5738,250551,8,384109
3863,0.049923,172.31.36.0-255,66,250617,8,384109
3864,0.051595,172.217.27.0-255,5738,256355,8,384109
3865,0.051602,172.31.36.0-255,66,256421,8,384109
3866,0.053271,172.217.27.0-255,5738,262159,8,384109
3867,0.053276,172.31.36.0-255,66,262225,8,384109
3868,0.054984,172.217.27.0-255,5738,267963,8,384109
3869,0.054991,172.31.36.0-255,66,268029,8,384109
3870,0.056654,172.217.27.0-255,5738,273767,8,384109
3871,0.056662,172.31.36.0-255,66,273833,8,384109
3872,0.058329,172.217.27.0-255,5738,279571,8,384109
3873,0.058336,172.31.36.0-255,66,279637,8,384109
3874,0.060007,172.217.27.0-255,5738,285375,8,384109
3875,0.060013,172.31.36.0-255,66,285441,8,384109
3876,0.061684,172.217.27.0-255,5738,291179,8,384109
3877,0.061691,172.31.36.0-255,66,291245,8,384109
3878,0.063365,172.217.27.0-255,5738,296983,8,384109
3879,0.063372,172.31.36.0-255,66,297049,8,384109
3880,0.065043,172.217.27.0-255,5738,302787,8,384109
3881,0.065052,172.31.36.0-255,66,302853,8,384109
3882,0.066721,172.217.27.0-255,5738,308591,8,384109
3883,0.066728,172.31.36.0-255,66,308657,8,384109
3884,0.068398,172.217.27.0-255,5738,314395,8,384109
3885,0.068406,172.31.36.0-255,66,314461,8,384109
3886,0.070076,172.217.27.0-255,5738,320199,8,384109
3887,0.070086,172.31.36.0-255,66,320265,8,384109
3888,0.071763,172.217.27.0-255,5738,326003,8,384109
3889,0.071772,172.31.36.0-255,66,326069,8,384109
3890,0.07344,172.217.27.0-255,5738,331807,8,384109
3891,0.07345,172.31.36.0-255,66,331873,8,384109
3892,0.075117,172.217.27.0-255,5738,337611,8,384109
3893,0.075125,172.31.36.0-255,66,337677,8,384109
3894,0.076802,172.217.27.0-255,5738,343415,8,384109
3895,0.076809,172.31.36.0-255,66,343481,8,384109
3896,0.078477,172.217.27.0-255,5738,349219,8,384109
3897,0.078483,172.31.36.0-255,66,349285,8,384109
3898,0.080166,172.217.27.0-255,5738,355023,8,384109
3899,0.080172,172.31.36.0-255,66,355089,8,384109
3900,0.081857,172.217.27.0-255,5738,360827,8,384109
3901,0.081864,172.31.36.0-255,66,360893,8,384109
3902,0.083532,172.217.27.0-255,5738,366631,8,384109
3903,0.083538,172.31.36.0-255,66,366697,8,384109
3904,0.085203,172.217.27.0-255,5738,372435,8,384109
3905,0.085209,172.31.36.0-255,66,372501,8,384109
3906,0.086883,172.217.27.0-255,5738,378239,8,384109
3907,0.08689,172.31.36.0-255,66,378305,8,384109
3908,0.088562,172.217.27.0-255,5738,384043,8,384109
3909,0.088569,172.31.36.0-255,66,384109,8,384109
3910,0.0,74.125.130.0-255,146,146,8,338500
3911,3.7e-05,172.31.36.0-255,66,212,8,338500
3912,4.4e-05,74.125.130.0-255,1484,1696,8,338500
3913,4.8e-05,172.31.36.0-255,66,1762,8,338500
3914,5.4e-05,74.125.130.0-255,2902,4664,8,338500
3915,5.6e-05,172.31.36.0-255,66,4730,8,338500
3916,8.8e-05,74.125.130.0-255,4320,9050,8,338500
3917,9.1e-05,172.31.36.0-255,66,9116,8,338500
3918,0.000109,74.125.130.0-255,1484,10600,8,338500
3919,0.000112,172.31.36.0-255,66,10666,8,338500
3920,0.000115,74.125.130.0-255,1484,12150,8,338500
3921,0.000116,172.31.36.0-255,66,12216,8,338500
3922,0.000136,74.125.130.0-255,2083,14299,8,338500
3923,0.000139,172.31.36.0-255,66,14365,8,338500
3924,0.00016,74.125.130.0-255,1484,15849,8,338500
3925,0.000162,172.31.36.0-255,66,15915,8,338500
3926,0.000166,74.125.130.0-255,2902,18817,8,338500
3927,0.000169,172.31.36.0-255,66,18883,8,338500
3928,0.000181,74.125.130.0-255,1484,20367,8,338500
3929,0.000184,172.31.36.0-255,66,20433,8,338500
3930,0.000212,74.125.130.0-255,4320,24753,8,338500
3931,0.000214,172.31.36.0-255,66,24819,8,338500
3932,0.00022,74.125.130.0-255,4320,29139,8,338500
3933,0.000222,172.31.36.0-255,66,29205,8,338500
3934,0.000225,74.125.130.0-255,1484,30689,8,338500
3935,0.000228,172.31.36.0-255,66,30755,8,338500
3936,0.000255,74.125.130.0-255,4320,35075,8,338500
3937,0.000259,172.31.36.0-255,66,35141,8,338500
3938,0.000266,74.125.130.0-255,5738,40879,8,338500
3939,0.000268,172.31.36.0-255,66,40945,8,338500
3940,0.000292,74.125.130.0-255,5738,46683,8,338500
3941,0.000294,172.31.36.0-255,66,46749,8,338500
3942,0.000298,74.125.130.0-255,2184,48933,8,338500
3943,0.000301,172.31.36.0-255,66,48999,8,338500
3944,0.000427,74.125.130.0-255,1484,50483,8,338500
3945,0.000445,74.125.130.0-255,2902,53385,8,338500
3946,0.000449,172.31.36.0-255,66,53451,8,338500
3947,0.000454,74.125.130.0-255,2902,56353,8,338500
3948,0.000456,172.31.36.0-255,66,56419,8,338500
3949,0.000472,74.125.130.0-255,2902,59321,8,338500
3950,0.000475,172.31.36.0-255,66,59387,8,338500
3951,0.000481,74.125.130.0-255,4320,63707,8,338500
3952,0.000483,172.31.36.0-255,66,63773,8,338500
3953,0.000537,74.125.130.0-255,2813,66586,8,338500
3954,0.000543,172.31.36.0-255,66,66652,8,338500
3955,0.001251,74.125.130.0-255,1484,68136,8,338500
3956,0.001274,74.125.130.0-255,2902,71038,8,338500
3957,0.001279,172.31.36.0-255,66,71104,8,338500
3958,0.001304,74.125.130.0-255,5738,76842,8,338500
3959,0.001307,172.31.36.0-255,66,76908,8,338500
3960,0.001339,172.31.36.0-255,66,76974,8,338500
3961,0.001355,74.125.130.0-255,1484,78458,8,338500
3962,0.001385,172.31.36.0-255,66,78524,8,338500
3963,0.001397,74.125.130.0-255,1484,80008,8,338500
3964,0.0014,74.125.130.0-255,1484,81492,8,338500
3965,0.001402,172.31.36.0-255,66,81558,8,338500
3966,0.001405,74.125.130.0-255,766,82324,8,338500
3967,0.001719,74.125.130.0-255,1484,83808,8,338500
3968,0.001723,172.31.36.0-255,66,83874,8,338500
3969,0.001728,74.125.130.0-255,2902,86776,8,338500
3970,0.00173,172.31.36.0-255,66,86842,8,338500
3971,0.001759,74.125.130.0-255,5738,92580,8,338500
3972,0.001761,172.31.36.0-255,66,92646,8,338500
3973,0.001777,74.125.130.0-255,1484,94130,8,338500
3974,0.001791,74.125.130.0-255,7156,101286,8,338500
3975,0.001793,172.31.36.0-255,66,101352,8,338500
3976,0.001814,74.125.130.0-255,2902,104254,8,338500
3977,0.001816,172.31.36.0-255,66,104320,8,338500
3978,0.001825,172.31.36.0-255,66,104386,8,338500
3979,0.00184,74.125.130.0-255,3602,107988,8,338500
3980,0.001843,172.31.36.0-255,66,108054,8,338500
3981,0.001845,74.125.130.0-255,1484,109538,8,338500
3982,0.001849,74.125.130.0-255,2902,112440,8,338500
3983,0.001851,172.31.36.0-255,66,112506,8,338500
3984,0.001857,74.125.130.0-255,4320,116826,8,338500
3985,0.001859,172.31.36.0-255,66,116892,8,338500
3986,0.001873,74.125.130.0-255,1484,118376,8,338500
3987,0.001877,74.125.130.0-255,1484,119860,8,338500
3988,0.001879,172.31.36.0-255,66,119926,8,338500
3989,0.001896,74.125.130.0-255,7156,127082,8,338500
3990,0.001898,172.31.36.0-255,66,127148,8,338500
3991,0.001903,74.125.130.0-255,4320,131468,8,338500
3992,0.001905,172.31.36.0-255,66,131534,8,338500
3993,0.001933,74.125.130.0-255,5738,137272,8,338500
3994,0.001935,172.31.36.0-255,66,137338,8,338500
3995,0.001941,74.125.130.0-255,5020,142358,8,338500
3996,0.001942,172.31.36.0-255,66,142424,8,338500
3997,0.001972,74.125.130.0-255,1484,143908,8,338500
3998,0.00199,74.125.130.0-255,4320,148228,8,338500
3999,0.001993,172.31.36.0-255,66,148294,8,338500
4000,0.002022,74.125.130.0-255,7156,155450,8,338500
4001,0.002024,172.31.36.0-255,66,155516,8,338500
4002,0.002028,74.125.130.0-255,4320,159836,8,338500
4003,0.00203,172.31.36.0-255,66,159902,8,338500
4004,0.002058,172.31.36.0-255,66,159968,8,338500
4005,0.002118,74.125.130.0-255,2902,162870,8,338500
4006,0.002121,172.31.36.0-255,66,162936,8,338500
4007,0.002147,74.125.130.0-255,6438,169374,8,338500
4008,0.002149,172.31.36.0-255,66,169440,8,338500
4009,0.00216,172.31.36.0-255,66,169506,8,338500
4010,0.002164,74.125.130.0-255,4320,173826,8,338500
4011,0.002166,172.31.36.0-255,66,173892,8,338500
4012,0.00217,74.125.130.0-255,2902,176794,8,338500
4013,0.002172,172.31.36.0-255,66,176860,8,338500
4014,0.002196,172.31.36.0-255,66,176926,8,338500
4015,0.002217,74.125.130.0-255,2902,179828,8,338500
4016,0.002218,172.31.36.0-255,66,179894,8,338500
4017,0.002221,74.125.130.0-255,766,180660,8,338500
4018,0.002235,74.125.130.0-255,1484,182144,8,338500
4019,0.002237,172.31.36.0-255,66,182210,8,338500
4020,0.002287,172.31.36.0-255,66,182276,8,338500
4021,0.00231,74.125.130.0-255,4320,186596,8,338500
4022,0.002313,172.31.36.0-255,66,186662,8,338500
4023,0.002328,172.31.36.0-255,66,186728,8,338500
4024,0.004727,74.125.130.0-255,5738,192466,8,338500
4025,0.004733,172.31.36.0-255,66,192532,8,338500
4026,0.007121,74.125.130.0-255,4320,196852,8,338500
4027,0.007128,172.31.36.0-255,66,196918,8,338500
4028,0.007159,74.125.130.0-255,1484,198402,8,338500
4029,0.009539,74.125.130.0-255,4320,202722,8,338500
4030,0.00955,172.31.36.0-255,66,202788,8,338500
4031,0.011984,74.125.130.0-255,5738,208526,8,338500
4032,0.012,172.31.36.0-255,66,208592,8,338500
4033,0.014417,74.125.130.0-255,4320,212912,8,338500
4034,0.014433,172.31.36.0-255,66,212978,8,338500
4035,0.01447,74.125.130.0-255,1484,214462,8,338500
4036,0.016874,74.125.130.0-255,4320,218782,8,338500
4037,0.016892,172.31.36.0-255,66,218848,8,338500
4038,0.019314,74.125.130.0-255,5738,224586,8,338500
4039,0.019332,172.31.36.0-255,66,224652,8,338500
4040,0.021747,74.125.130.0-255,5738,230390,8,338500
4041,0.021764,172.31.36.0-255,66,230456,8,338500
4042,0.024184,74.125.130.0-255,5738,236194,8,338500
4043,0.024202,172.31.36.0-255,66,236260,8,338500
4044,0.026611,74.125.130.0-255,5738,241998,8,338500
4045,0.026628,172.31.36.0-255,66,242064,8,338500
4046,0.029044,74.125.130.0-255,5738,247802,8,338500
4047,0.02906,172.31.36.0-255,66,247868,8,338500
4048,0.031455,74.125.130.0-255,5738,253606,8,338500
4049,0.031462,172.31.36.0-255,66,253672,8,338500
4050,0.03387,74.125.130.0-255,5738,259410,8,338500
4051,0.033879,172.31.36.0-255,66,259476,8,338500
4052,0.036281,74.125.130.0-255,2902,262378,8,338500
4053,0.036287,172.31.36.0-255,66,262444,8,338500
4054,0.036317,74.125.130.0-255,2902,265346,8,338500
4055,0.036319,172.31.36.0-255,66,265412,8,338500
4056,0.038677,74.125.130.0-255,2902,268314,8,338500
4057,0.038686,172.31.36.0-255,66,268380,8,338500
4058,0.03872,74.125.130.0-255,2902,271282,8,338500
4059,0.038723,172.31.36.0-255,66,271348,8,338500
4060,0.041076,74.125.130.0-255,2902,274250,8,338500
4061,0.041083,172.31.36.0-255,66,274316,8,338500
4062,0.041105,74.125.130.0-255,2902,277218,8,338500
4063,0.041108,172.31.36.0-255,66,277284,8,338500
4064,0.041543,172.31.36.0-255,172,277456,8,338500
4065,0.041575,172.31.36.0-255,1111,278567,8,338500
4066,0.041624,172.31.36.0-255,1514,280081,8,338500
4067,0.041625,172.31.36.0-255,1369,281450,8,338500
4068,0.043216,104.244.42.0-255,66,281516,8,338500
4069,0.043256,104.244.42.0-255,66,281582,8,338500
4070,0.04331,104.244.42.0-255,66,281648,8,338500
4071,0.043479,74.125.130.0-255,2902,284550,8,338500
4072,0.043485,172.31.36.0-255,66,284616,8,338500
4073,0.043513,74.125.130.0-255,2902,287518,8,338500
4074,0.043517,172.31.36.0-255,66,287584,8,338500
4075,0.045864,74.125.130.0-255,2902,290486,8,338500
4076,0.045869,172.31.36.0-255,66,290552,8,338500
4077,0.045916,74.125.130.0-255,2902,293454,8,338500
4078,0.04592,172.31.36.0-255,66,293520,8,338500
4079,0.048266,74.125.130.0-255,2902,296422,8,338500
4080,0.048272,172.31.36.0-255,66,296488,8,338500
4081,0.048304,74.125.130.0-255,2902,299390,8,338500
4082,0.048307,172.31.36.0-255,66,299456,8,338500
4083,0.050694,74.125.130.0-255,2902,302358,8,338500
4084,0.0507,172.31.36.0-255,66,302424,8,338500
4085,0.05073,74.125.130.0-255,2902,305326,8,338500
4086,0.050733,172.31.36.0-255,66,305392,8,338500
4087,0.053093,74.125.130.0-255,2902,308294,8,338500
4088,0.053098,172.31.36.0-255,66,308360,8,338500
4089,0.053132,74.125.130.0-255,2902,311262,8,338500
4090,0.053135,172.31.36.0-255,66,311328,8,338500
4091,0.055501,74.125.130.0-255,2902,314230,8,338500
4092,0.055524,172.31.36.0-255,66,314296,8,338500
4093,0.055541,74.125.130.0-255,2902,317198,8,338500
4094,0.055544,172.31.36.0-255,66,317264,8,338500
4095,0.057922,74.125.130.0-255,2902,320166,8,338500
4096,0.057931,172.31.36.0-255,66,320232,8,338500
4097,0.05797,74.125.130.0-255,2902,323134,8,338500
4098,0.057973,172.31.36.0-255,66,323200,8,338500
4099,0.060346,74.125.130.0-255,2902,326102,8,338500
4100,0.060361,172.31.36.0-255,66,326168,8,338500
4101,0.060383,74.125.130.0-255,1484,327652,8,338500
4102,0.0604,74.125.130.0-255,1484,329136,8,338500
4103,0.060403,172.31.36.0-255,66,329202,8,338500
4104,0.062763,74.125.130.0-255,2902,332104,8,338500
4105,0.062769,172.31.36.0-255,66,332170,8,338500
4106,0.062799,74.125.130.0-255,2902,335072,8,338500
4107,0.062802,172.31.36.0-255,66,335138,8,338500
4108,0.065161,74.125.130.0-255,3125,338263,8,338500
4109,0.065168,172.31.36.0-255,66,338329,8,338500
4110,0.065408,172.31.36.0-255,105,338434,8,338500
4111,0.067772,74.125.130.0-255,66,338500,8,338500
4112,0.0,74.125.24.0-255,155,155,8,322934
4113,3e-05,172.31.36.0-255,66,221,8,322934
4114,3.6e-05,74.125.24.0-255,1484,1705,8,322934
4115,4e-05,172.31.36.0-255,66,1771,8,322934
4116,4.5e-05,74.125.24.0-255,2902,4673,8,322934
4117,4.8e-05,172.31.36.0-255,66,4739,8,322934
4118,5.4e-05,74.125.24.0-255,5738,10477,8,322934
4119,5.7e-05,172.31.36.0-255,66,10543,8,322934
4120,7.1e-05,74.125.24.0-255,1484,12027,8,322934
4121,7.4e-05,172.31.36.0-255,66,12093,8,322934
4122,8e-05,74.125.24.0-255,2139,14232,8,322934
4123,8.1e-05,172.31.36.0-255,66,14298,8,322934
4124,0.000944,74.125.24.0-255,1484,15782,8,322934
4125,0.000951,172.31.36.0-255,66,15848,8,322934
4126,0.000961,74.125.24.0-255,2902,18750,8,322934
4127,0.000964,172.31.36.0-255,66,18816,8,322934
4128,0.000968,74.125.24.0-255,2902,21718,8,322934
4129,0.00097,172.31.36.0-255,66,21784,8,322934
4130,0.001004,74.125.24.0-255,7156,28940,8,322934
4131,0.001007,172.31.36.0-255,66,29006,8,322934
4132,0.001024,74.125.24.0-255,2543,31549,8,322934
4133,0.001028,172.31.36.0-255,66,31615,8,322934
4134,0.001032,74.125.24.0-255,2902,34517,8,322934
4135,0.001034,172.31.36.0-255,66,34583,8,322934
4136,0.001049,74.125.24.0-255,1484,36067,8,322934
4137,0.001051,172.31.36.0-255,66,36133,8,322934
4138,0.00107,74.125.24.0-255,5738,41871,8,322934
4139,0.001072,172.31.36.0-255,66,41937,8,322934
4140,0.001091,74.125.24.0-255,2902,44839,8,322934
4141,0.001092,172.31.36.0-255,66,44905,8,322934
4142,0.001107,74.125.24.0-255,3961,48866,8,322934
4143,0.00111,172.31.36.0-255,66,48932,8,322934
4144,0.00144,74.125.24.0-255,1484,50416,8,322934
4145,0.001469,74.125.24.0-255,1484,51900,8,322934
4146,0.001472,172.31.36.0-255,66,51966,8,322934
4147,0.001488,74.125.24.0-255,1484,53450,8,322934
4148,0.001491,74.125.24.0-255,1484,54934,8,322934
4149,0.001493,172.31.36.0-255,66,55000,8,322934
4150,0.001498,74.125.24.0-255,5738,60738,8,322934
4151,0.0015,172.31.36.0-255,66,60804,8,322934
4152,0.001555,74.125.24.0-255,5959,66763,8,322934
4153,0.001559,172.31.36.0-255,66,66829,8,322934
4154,0.002079,74.125.24.0-255,1484,68313,8,322934
4155,0.002089,74.125.24.0-255,2902,71215,8,322934
4156,0.002092,172.31.36.0-255,66,71281,8,322934
4157,0.002099,74.125.24.0-255,5738,77019,8,322934
4158,0.0021,172.31.36.0-255,66,77085,8,322934
4159,0.002116,74.125.24.0-255,5738,82823,8,322934
4160,0.002118,172.31.36.0-255,66,82889,8,322934
4161,0.002133,74.125.24.0-255,7156,90045,8,322934
4162,0.002135,172.31.36.0-255,66,90111,8,322934
4163,0.002142,74.125.24.0-255,7156,97267,8,322934
4164,0.002144,172.31.36.0-255,66,97333,8,322934
4165,0.002167,74.125.24.0-255,3602,100935,8,322934
4166,0.002169,172.31.36.0-255,66,101001,8,322934
4167,0.004514,74.125.24.0-255,4320,105321,8,322934
4168,0.004521,172.31.36.0-255,66,105387,8,322934
4169,0.00454,74.125.24.0-255,1484,106871,8,322934
4170,0.006866,74.125.24.0-255,4320,111191,8,322934
4171,0.006874,172.31.36.0-255,66,111257,8,322934
4172,0.00921,74.125.24.0-255,5738,116995,8,322934
4173,0.009218,172.31.36.0-255,66,117061,8,322934
4174,0.011543,74.125.24.0-255,5738,122799,8,322934
4175,0.011551,172.31.36.0-255,66,122865,8,322934
4176,0.013874,74.125.24.0-255,5738,128603,8,322934
4177,0.013883,172.31.36.0-255,66,128669,8,322934
4178,0.016201,74.125.24.0-255,5738,134407,8,322934
4179,0.016209,172.31.36.0-255,66,134473,8,322934
4180,0.018279,172.31.36.0-255,172,134645,8,322934
4181,0.01831,172.31.36.0-255,1111,135756,8,322934
4182,0.018352,172.31.36.0-255,1514,137270,8,322934
4183,0.018354,172.31.36.0-255,1514,138784,8,322934
4184,0.018356,172.31.36.0-255,1256,140040,8,322934
4185,0.018539,74.125.24.0-255,5738,145778,8,322934
4186,0.018546,172.31.36.0-255,66,145844,8,322934
4187,0.019925,104.244.42.0-255,66,145910,8,322934
4188,0.020904,74.125.24.0-255,2902,148812,8,322934
4189,0.020909,172.31.36.0-255,66,148878,8,322934
4190,0.020941,74.125.24.0-255,2902,151780,8,322934
4191,0.020944,172.31.36.0-255,66,151846,8,322934
4192,0.023231,74.125.24.0-255,2902,154748,8,322934
4193,0.023235,172.31.36.0-255,66,154814,8,322934
4194,0.023271,74.125.24.0-255,2902,157716,8,322934
4195,0.023274,172.31.36.0-255,66,157782,8,322934
4196,0.02558,74.125.24.0-255,2902,160684,8,322934
4197,0.025586,172.31.36.0-255,66,160750,8,322934
4198,0.025615,74.125.24.0-255,2902,163652,8,322934
4199,0.025618,172.31.36.0-255,66,163718,8,322934
4200,0.027907,74.125.24.0-255,2902,166620,8,322934
4201,0.027912,172.31.36.0-255,66,166686,8,322934
4202,0.027944,74.125.24.0-255,2902,169588,8,322934
4203,0.027947,172.31.36.0-255,66,169654,8,322934
4204,0.030286,74.125.24.0-255,2902,172556,8,322934
4205,0.030292,172.31.36.0-255,66,172622,8,322934
4206,0.030326,74.125.24.0-255,2902,175524,8,322934
4207,0.03033,172.31.36.0-255,66,175590,8,322934
4208,0.032636,74.125.24.0-255,2902,178492,8,322934
4209,0.032641,172.31.36.0-255,66,178558,8,322934
4210,0.03267,74.125.24.0-255,2902,181460,8,322934
4211,0.032673,172.31.36.0-255,66,181526,8,322934
4212,0.03497,74.125.24.0-255,2902,184428,8,322934
4213,0.034976,172.31.36.0-255,66,184494,8,322934
4214,0.035003,74.125.24.0-255,2902,187396,8,322934
4215,0.035006,172.31.36.0-255,66,187462,8,322934
4216,0.037317,74.125.24.0-255,5738,193200,8,322934
4217,0.037323,172.31.36.0-255,66,193266,8,322934
4218,0.039651,74.125.24.0-255,5738,199004,8,322934
4219,0.039657,172.31.36.0-255,66,199070,8,322934
4220,0.041966,74.125.24.0-255,5738,204808,8,322934
4221,0.041988,172.31.36.0-255,66,204874,8,322934
4222,0.044331,74.125.24.0-255,5738,210612,8,322934
4223,0.044336,172.31.36.0-255,66,210678,8,322934
4224,0.046648,74.125.24.0-255,5738,216416,8,322934
4225,0.046654,172.31.36.0-255,66,216482,8,322934
4226,0.048998,74.125.24.0-255,5738,222220,8,322934
4227,0.049004,172.31.36.0-255,66,222286,8,322934
4228,0.051315,74.125.24.0-255,5738,228024,8,322934
4229,0.051321,172.31.36.0-255,66,228090,8,322934
4230,0.053678,74.125.24.0-255,5738,233828,8,322934
4231,0.053684,172.31.36.0-255,66,233894,8,322934
4232,0.056044,74.125.24.0-255,1484,235378,8,322934
4233,0.056076,74.125.24.0-255,4320,239698,8,322934
4234,0.056081,172.31.36.0-255,66,239764,8,322934
4235,0.058421,74.125.24.0-255,5738,245502,8,322934
4236,0.058428,172.31.36.0-255,66,245568,8,322934
4237,0.060284,104.244.42.0-255,66,245634,8,322934
4238,0.060755,74.125.24.0-255,2902,248536,8,322934
4239,0.060759,172.31.36.0-255,66,248602,8,322934
4240,0.060799,74.125.24.0-255,2902,251504,8,322934
4241,0.060803,172.31.36.0-255,66,251570,8,322934
4242,0.063121,74.125.24.0-255,2902,254472,8,322934
4243,0.063127,172.31.36.0-255,66,254538,8,322934
4244,0.06316,74.125.24.0-255,2902,257440,8,322934
4245,0.063163,172.31.36.0-255,66,257506,8,322934
4246,0.06546,74.125.24.0-255,2902,260408,8,322934
4247,0.065465,172.31.36.0-255,66,260474,8,322934
4248,0.065512,74.125.24.0-255,2902,263376,8,322934
4249,0.065515,172.31.36.0-255,66,263442,8,322934
4250,0.067805,74.125.24.0-255,2902,266344,8,322934
4251,0.06781,172.31.36.0-255,66,266410,8,322934
4252,0.067846,74.125.24.0-255,2902,269312,8,322934
4253,0.067849,172.31.36.0-255,66,269378,8,322934
4254,0.070148,74.125.24.0-255,2902,272280,8,322934
4255,0.070153,172.31.36.0-255,66,272346,8,322934
4256,0.070193,74.125.24.0-255,2902,275248,8,322934
4257,0.070196,172.31.36.0-255,66,275314,8,322934
4258,0.072485,74.125.24.0-255,2902,278216,8,322934
4259,0.07249,172.31.36.0-255,66,278282,8,322934
4260,0.072529,74.125.24.0-255,2902,281184,8,322934
4261,0.072532,172.31.36.0-255,66,281250,8,322934
4262,0.074812,74.125.24.0-255,2902,284152,8,322934
4263,0.074818,172.31.36.0-255,66,284218,8,322934
4264,0.074847,74.125.24.0-255,1484,285702,8,322934
4265,0.074863,74.125.24.0-255,1484,287186,8,322934
4266,0.074866,172.31.36.0-255,66,287252,8,322934
4267,0.07715,74.125.24.0-255,2902,290154,8,322934
4268,0.077155,172.31.36.0-255,66,290220,8,322934
4269,0.077206,74.125.24.0-255,2902,293122,8,322934
4270,0.07721,172.31.36.0-255,66,293188,8,322934
4271,0.079482,74.125.24.0-255,2902,296090,8,322934
4272,0.079487,172.31.36.0-255,66,296156,8,322934
4273,0.079545,74.125.24.0-255,2902,299058,8,322934
4274,0.079549,172.31.36.0-255,66,299124,8,322934
4275,0.081811,74.125.24.0-255,2902,302026,8,322934
4276,0.081816,172.31.36.0-255,66,302092,8,322934
4277,0.081862,74.125.24.0-255,2902,304994,8,322934
4278,0.081866,172.31.36.0-255,66,305060,8,322934
4279,0.084148,74.125.24.0-255,2902,307962,8,322934
4280,0.084153,172.31.36.0-255,66,308028,8,322934
4281,0.084204,74.125.24.0-255,2902,310930,8,322934
4282,0.08421,172.31.36.0-255,66,310996,8,322934
4283,0.086461,74.125.24.0-255,2902,313898,8,322934
4284,0.086467,172.31.36.0-255,66,313964,8,322934
4285,0.086519,74.125.24.0-255,1484,315448,8,322934
4286,0.086535,74.125.24.0-255,1484,316932,8,322934
4287,0.086539,172.31.36.0-255,66,316998,8,322934
4288,0.08879,74.125.24.0-255,2902,319900,8,322934
4289,0.088795,172.31.36.0-255,66,319966,8,322934
4290,0.088834,74.125.24.0-255,2902,322868,8,322934
4291,0.088837,172.31.36.0-255,66,322934,8,322934
4292,0.0,172.217.194.0-255,148,148,8,186905
4293,3e-05,172.31.36.0-255,66,214,8,186905
4294,3.6e-05,172.217.194.0-255,1484,1698,8,186905
4295,4.1e-05,172.31.36.0-255,66,1764,8,186905
4296,5.4e-05,172.217.194.0-255,2902,4666,8,186905
4297,5.8e-05,172.31.36.0-255,66,4732,8,186905
4298,6.2e-05,172.217.194.0-255,1484,6216,8,186905
4299,6.4e-05,172.31.36.0-255,66,6282,8,186905
4300,9.4e-05,172.217.194.0-255,5738,12020,8,186905
4301,9.8e-05,172.31.36.0-255,66,12086,8,186905
4302,0.000102,172.217.194.0-255,2082,14168,8,186905
4303,0.000103,172.31.36.0-255,66,14234,8,186905
4304,0.000107,172.217.194.0-255,1484,15718,8,186905
4305,0.000109,172.31.36.0-255,66,15784,8,186905
4306,0.000152,172.31.36.0-255,66,15850,8,186905
4307,0.000158,172.217.194.0-255,5379,21229,8,186905
4308,0.000161,172.31.36.0-255,66,21295,8,186905
4309,0.000202,172.217.194.0-255,1484,22779,8,186905
4310,0.000206,172.31.36.0-255,66,22845,8,186905
4311,0.00023,172.217.194.0-255,2902,25747,8,186905
4312,0.000233,172.31.36.0-255,66,25813,8,186905
4313,0.00024,172.217.194.0-255,5738,31551,8,186905
4314,0.000243,172.31.36.0-255,66,31617,8,186905
4315,0.000245,172.217.194.0-255,1484,33101,8,186905
4316,0.000248,172.31.36.0-255,66,33167,8,186905
4317,0.000293,172.31.36.0-255,66,33233,8,186905
4318,0.000329,172.31.36.0-255,66,33299,8,186905
4319,0.00036,172.217.194.0-255,5020,38319,8,186905
4320,0.000364,172.31.36.0-255,66,38385,8,186905
4321,0.000367,172.217.194.0-255,343,38728,8,186905
4322,0.00037,172.217.194.0-255,120,38848,8,186905
4323,0.000427,172.217.194.0-255,1484,40332,8,186905
4324,0.000432,172.31.36.0-255,66,40398,8,186905
4325,0.000437,172.217.194.0-255,2902,43300,8,186905
4326,0.000439,172.31.36.0-255,66,43366,8,186905
4327,0.000474,172.217.194.0-255,5738,49104,8,186905
4328,0.000478,172.31.36.0-255,66,49170,8,186905
4329,0.000498,172.31.36.0-255,66,49236,8,186905
4330,0.000502,172.217.194.0-255,2902,52138,8,186905
4331,0.000505,172.31.36.0-255,66,52204,8,186905
4332,0.000551,172.31.36.0-255,66,52270,8,186905
4333,0.000554,172.217.194.0-255,378,52648,8,186905
4334,0.000746,172.217.194.0-255,1484,54132,8,186905
4335,0.00075,172.31.36.0-255,66,54198,8,186905
4336,0.000755,172.217.194.0-255,2902,57100,8,186905
4337,0.000757,172.31.36.0-255,66,57166,8,186905
4338,0.000792,172.217.194.0-255,1484,58650,8,186905
4339,0.000822,172.217.194.0-255,4320,62970,8,186905
4340,0.000826,172.31.36.0-255,66,63036,8,186905
4341,0.000833,172.217.194.0-255,7156,70192,8,186905
4342,0.000836,172.31.36.0-255,66,70258,8,186905
4343,0.000849,172.31.36.0-255,66,70324,8,186905
4344,0.000853,172.217.194.0-255,2184,72508,8,186905
4345,0.000855,172.31.36.0-255,66,72574,8,186905
4346,0.000987,172.217.194.0-255,1484,74058,8,186905
4347,0.001004,172.217.194.0-255,2902,76960,8,186905
4348,0.001007,172.31.36.0-255,66,77026,8,186905
4349,0.001012,172.217.194.0-255,2902,79928,8,186905
4350,0.001014,172.31.36.0-255,66,79994,8,186905
4351,0.001036,172.217.194.0-255,2902,82896,8,186905
4352,0.001039,172.31.36.0-255,66,82962,8,186905
4353,0.001051,172.31.36.0-255,66,83028,8,186905
4354,0.001091,172.217.194.0-255,1484,84512,8,186905
4355,0.001105,172.31.36.0-255,66,84578,8,186905
4356,0.001108,172.217.194.0-255,1484,86062,8,186905
4357,0.001131,172.217.194.0-255,2902,88964,8,186905
4358,0.001134,172.31.36.0-255,66,89030,8,186905
4359,0.001156,172.217.194.0-255,5738,94768,8,186905
4360,0.001159,172.31.36.0-255,66,94834,8,186905
4361,0.001164,172.217.194.0-255,2902,97736,8,186905
4362,0.001166,172.31.36.0-255,66,97802,8,186905
4363,0.001197,172.31.36.0-255,66,97868,8,186905
4364,0.00121,172.31.36.0-255,66,97934,8,186905
4365,0.001278,172.217.194.0-255,1484,99418,8,186905
4366,0.001297,172.217.194.0-255,2902,102320,8,186905
4367,0.0013,172.31.36.0-255,66,102386,8,186905
4368,0.001329,172.217.194.0-255,5738,108124,8,186905
4369,0.001332,172.31.36.0-255,66,108190,8,186905
4370,0.001345,172.31.36.0-255,66,108256,8,186905
4371,0.001377,172.31.36.0-255,66,108322,8,186905
4372,0.001398,172.217.194.0-255,3602,111924,8,186905
4373,0.001403,172.31.36.0-255,66,111990,8,186905
4374,0.001503,172.217.194.0-255,1484,113474,8,186905
4375,0.001527,172.217.194.0-255,1484,114958,8,186905
4376,0.00153,172.31.36.0-255,66,115024,8,186905
4377,0.001555,172.217.194.0-255,1484,116508,8,186905
4378,0.001561,172.217.194.0-255,5738,122246,8,186905
4379,0.001564,172.31.36.0-255,66,122312,8,186905
4380,0.001567,172.217.194.0-255,1484,123796,8,186905
4381,0.001623,172.31.36.0-255,66,123862,8,186905
4382,0.001636,172.31.36.0-255,66,123928,8,186905
4383,0.001646,172.217.194.0-255,2184,126112,8,186905
4384,0.001649,172.31.36.0-255,66,126178,8,186905
4385,0.00171,172.217.194.0-255,1484,127662,8,186905
4386,0.001715,172.217.194.0-255,1484,129146,8,186905
4387,0.001718,172.31.36.0-255,66,129212,8,186905
4388,0.001748,172.217.194.0-255,1484,130696,8,186905
4389,0.001754,172.217.194.0-255,5738,136434,8,186905
4390,0.001758,172.31.36.0-255,66,136500,8,186905
4391,0.001764,172.217.194.0-255,7156,143656,8,186905
4392,0.001767,172.31.36.0-255,66,143722,8,186905
4393,0.001806,172.217.194.0-255,2902,146624,8,186905
4394,0.00181,172.31.36.0-255,66,146690,8,186905
4395,0.001844,172.31.36.0-255,66,146756,8,186905
4396,0.00185,172.217.194.0-255,5020,151776,8,186905
4397,0.001852,172.31.36.0-255,66,151842,8,186905
4398,0.00187,172.31.36.0-255,66,151908,8,186905
4399,0.001882,172.31.36.0-255,66,151974,8,186905
4400,0.001887,172.217.194.0-255,5738,157712,8,186905
4401,0.001892,172.31.36.0-255,66,157778,8,186905
4402,0.001938,172.31.36.0-255,66,157844,8,186905
4403,0.001954,172.31.36.0-255,66,157910,8,186905
4404,0.001956,172.217.194.0-255,1484,159394,8,186905
4405,0.002005,172.217.194.0-255,2184,161578,8,186905
4406,0.00201,172.31.36.0-255,66,161644,8,186905
4407,0.002125,172.217.194.0-255,1484,163128,8,186905
4408,0.002132,172.217.194.0-255,2902,166030,8,186905
4409,0.002135,172.31.36.0-255,66,166096,8,186905
4410,0.002142,172.217.194.0-255,5738,171834,8,186905
4411,0.002144,172.31.36.0-255,66,171900,8,186905
4412,0.002196,172.31.36.0-255,66,171966,8,186905
4413,0.002218,172.217.194.0-255,2902,174868,8,186905
4414,0.002221,172.31.36.0-255,66,174934,8,186905
4415,0.002235,172.31.36.0-255,66,175000,8,186905
4416,0.002261,172.217.194.0-255,2399,177399,8,186905
4417,0.002264,172.31.36.0-255,66,177465,8,186905
4418,0.002268,172.217.194.0-255,105,177570,8,186905
4419,0.003684,172.31.36.0-255,66,177636,8,186905
4420,0.003712,172.31.36.0-255,105,177741,8,186905
4421,0.006083,172.217.194.0-255,66,177807,8,186905
4422,0.028344,172.31.36.0-255,172,177979,8,186905
4423,0.028371,172.31.36.0-255,1111,179090,8,186905
4424,0.028443,172.31.36.0-255,1514,180604,8,186905
4425,0.028445,172.31.36.0-255,1514,182118,8,186905
4426,0.028446,172.31.36.0-255,1514,183632,8,186905
4427,0.028447,172.31.36.0-255,1514,185146,8,186905
4428,0.028474,172.31.36.0-255,1495,186641,8,186905
4429,0.029999,104.244.42.0-255,66,186707,8,186905
4430,0.030016,104.244.42.0-255,66,186773,8,186905
4431,0.030137,104.244.42.0-255,66,186839,8,186905
4432,0.030173,104.244.42.0-255,66,186905,8,186905
4433,0.0,172.217.194.0-255,143,143,8,184434
4434,2.1e-05,172.31.36.0-255,66,209,8,184434
4435,2.9e-05,172.217.194.0-255,1484,1693,8,184434
4436,3.4e-05,172.31.36.0-255,66,1759,8,184434
4437,4e-05,172.217.194.0-255,2902,4661,8,184434
4438,5.2e-05,172.31.36.0-255,66,4727,8,184434
4439,6.1e-05,172.217.194.0-255,7156,11883,8,184434
4440,6.4e-05,172.31.36.0-255,66,11949,8,184434
4441,6.8e-05,172.217.194.0-255,2011,13960,8,184434
4442,7.2e-05,172.31.36.0-255,66,14026,8,184434
4443,0.000114,172.217.194.0-255,1484,15510,8,184434
4444,0.000116,172.31.36.0-255,66,15576,8,184434
4445,0.000151,172.217.194.0-255,2902,18478,8,184434
4446,0.000154,172.31.36.0-255,66,18544,8,184434
4447,0.000161,172.217.194.0-255,5738,24282,8,184434
4448,0.000164,172.31.36.0-255,66,24348,8,184434
4449,0.000196,172.217.194.0-255,6797,31145,8,184434
4450,0.000199,172.31.36.0-255,66,31211,8,184434
4451,0.000238,172.217.194.0-255,7156,38367,8,184434
4452,0.000242,172.217.194.0-255,2902,41269,8,184434
4453,0.000247,172.31.36.0-255,66,41335,8,184434
4454,0.00025,172.31.36.0-255,66,41401,8,184434
4455,0.000279,172.217.194.0-255,5738,47139,8,184434
4456,0.000283,172.31.36.0-255,66,47205,8,184434
4457,0.000288,172.217.194.0-255,2902,50107,8,184434
4458,0.00029,172.31.36.0-255,66,50173,8,184434
4459,0.000339,172.31.36.0-255,66,50239,8,184434
4460,0.000342,172.217.194.0-255,379,50618,8,184434
4461,0.000344,172.31.36.0-255,66,50684,8,184434
4462,0.000371,172.217.194.0-255,364,51048,8,184434
4463,0.000374,172.31.36.0-255,66,51114,8,184434
4464,0.000523,172.217.194.0-255,1484,52598,8,184434
4465,0.000531,172.217.194.0-255,2902,55500,8,184434
4466,0.000535,172.31.36.0-255,66,55566,8,184434
4467,0.000542,172.217.194.0-255,5738,61304,8,184434
4468,0.000545,172.31.36.0-255,66,61370,8,184434
4469,0.000557,172.217.194.0-255,5738,67108,8,184434
4470,0.00056,172.31.36.0-255,66,67174,8,184434
4471,0.00061,172.31.36.0-255,66,67240,8,184434
4472,0.000617,172.217.194.0-255,5020,72260,8,184434
4473,0.000619,172.31.36.0-255,66,72326,8,184434
4474,0.000876,172.217.194.0-255,1484,73810,8,184434
4475,0.000881,172.217.194.0-255,1484,75294,8,184434
4476,0.000885,172.31.36.0-255,66,75360,8,184434
4477,0.000913,172.217.194.0-255,1484,76844,8,184434
4478,0.00092,172.217.194.0-255,5738,82582,8,184434
4479,0.000923,172.31.36.0-255,66,82648,8,184434
4480,0.000943,172.31.36.0-255,66,82714,8,184434
4481,0.000982,172.31.36.0-255,66,82780,8,184434
4482,0.001308,172.217.194.0-255,1484,84264,8,184434
4483,0.001315,172.217.194.0-255,2902,87166,8,184434
4484,0.001319,172.31.36.0-255,66,87232,8,184434
4485,0.001323,172.217.194.0-255,1484,88716,8,184434
4486,0.001354,172.217.194.0-255,4320,93036,8,184434
4487,0.001357,172.31.36.0-255,66,93102,8,184434
4488,0.001368,172.31.36.0-255,66,93168,8,184434
4489,0.001379,172.217.194.0-255,7156,100324,8,184434
4490,0.001382,172.31.36.0-255,66,100390,8,184434
4491,0.001416,172.217.194.0-255,4320,104710,8,184434
4492,0.001419,172.31.36.0-255,66,104776,8,184434
4493,0.001424,172.217.194.0-255,2184,106960,8,184434
4494,0.001426,172.31.36.0-255,66,107026,8,184434
4495,0.001492,172.217.194.0-255,1484,108510,8,184434
4496,0.001497,172.217.194.0-255,2902,111412,8,184434
4497,0.0015,172.31.36.0-255,66,111478,8,184434
4498,0.001532,172.217.194.0-255,5738,117216,8,184434
4499,0.001535,172.31.36.0-255,66,117282,8,184434
4500,0.001589,172.31.36.0-255,66,117348,8,184434
4501,0.001612,172.217.194.0-255,2902,120250,8,184434
4502,0.001615,172.31.36.0-255,66,120316,8,184434
4503,0.001632,172.31.36.0-255,66,120382,8,184434
4504,0.001635,172.217.194.0-255,766,121148,8,184434
4505,0.001706,172.217.194.0-255,1484,122632,8,184434
4506,0.001711,172.31.36.0-255,66,122698,8,184434
4507,0.001716,172.217.194.0-255,2902,125600,8,184434
4508,0.001718,172.31.36.0-255,66,125666,8,184434
4509,0.001727,172.217.194.0-255,2902,128568,8,184434
4510,0.001729,172.31.36.0-255,66,128634,8,184434
4511,0.001765,172.217.194.0-255,2902,131536,8,184434
4512,0.001779,172.31.36.0-255,66,131602,8,184434
4513,0.001787,172.31.36.0-255,66,131668,8,184434
4514,0.00179,172.217.194.0-255,1484,133152,8,184434
4515,0.001808,172.31.36.0-255,66,133218,8,184434
4516,0.001828,172.217.194.0-255,766,133984,8,184434
4517,0.001853,172.217.194.0-255,1484,135468,8,184434
4518,0.001857,172.31.36.0-255,66,135534,8,184434
4519,0.001887,172.217.194.0-255,2902,138436,8,184434
4520,0.001893,172.217.194.0-255,5738,144174,8,184434
4521,0.001902,172.31.36.0-255,66,144240,8,184434
4522,0.001906,172.31.36.0-255,66,144306,8,184434
4523,0.001927,172.31.36.0-255,66,144372,8,184434
4524,0.001958,172.217.194.0-255,4320,148692,8,184434
4525,0.001961,172.31.36.0-255,66,148758,8,184434
4526,0.001964,172.217.194.0-255,1484,150242,8,184434
4527,0.001986,172.31.36.0-255,66,150308,8,184434
4528,0.001998,172.31.36.0-255,66,150374,8,184434
4529,0.002023,172.217.194.0-255,4320,154694,8,184434
4530,0.002025,172.31.36.0-255,66,154760,8,184434
4531,0.002088,172.31.36.0-255,66,154826,8,184434
4532,0.002114,172.31.36.0-255,66,154892,8,184434
4533,0.002119,172.217.194.0-255,5020,159912,8,184434
4534,0.002122,172.31.36.0-255,66,159978,8,184434
4535,0.002126,172.217.194.0-255,2902,162880,8,184434
4536,0.002128,172.31.36.0-255,66,162946,8,184434
4537,0.002167,172.217.194.0-255,5738,168684,8,184434
4538,0.00217,172.31.36.0-255,66,168750,8,184434
4539,0.002181,172.31.36.0-255,66,168816,8,184434
4540,0.002201,172.31.36.0-255,66,168882,8,184434
4541,0.00225,172.31.36.0-255,66,168948,8,184434
4542,0.002282,172.217.194.0-255,5738,174686,8,184434
4543,0.002284,172.31.36.0-255,66,174752,8,184434
4544,0.002304,172.31.36.0-255,66,174818,8,184434
4545,0.002319,172.31.36.0-255,66,174884,8,184434
4546,0.002321,172.217.194.0-255,105,174989,8,184434
4547,0.005117,172.31.36.0-255,66,175055,8,184434
4548,0.005155,172.31.36.0-255,105,175160,8,184434
4549,0.007724,172.217.194.0-255,66,175226,8,184434
4550,0.039367,172.31.36.0-255,172,175398,8,184434
4551,0.039403,172.31.36.0-255,1107,176505,8,184434
4552,0.039469,172.31.36.0-255,1514,178019,8,184434
4553,0.039476,172.31.36.0-255,1514,179533,8,184434
4554,0.039477,172.31.36.0-255,1514,181047,8,184434
4555,0.039497,172.31.36.0-255,1514,182561,8,184434
4556,0.039498,172.31.36.0-255,1501,184062,8,184434
4557,0.04085,104.244.42.0-255,66,184128,8,184434
4558,0.040879,104.244.42.0-255,66,184194,8,184434
4559,0.040994,104.244.42.0-255,66,184260,8,184434
4560,0.041562,104.244.42.0-255,108,184368,8,184434
4561,0.041571,172.31.36.0-255,66,184434,8,184434
4562,0.0,172.217.194.0-255,153,153,8,215723
4563,2.3e-05,172.31.36.0-255,66,219,8,215723
4564,3.1e-05,172.217.194.0-255,1484,1703,8,215723
4565,3.7e-05,172.31.36.0-255,66,1769,8,215723
4566,5e-05,172.217.194.0-255,2902,4671,8,215723
4567,5.3e-05,172.31.36.0-255,66,4737,8,215723
4568,6e-05,172.217.194.0-255,4320,9057,8,215723
4569,6.3e-05,172.31.36.0-255,66,9123,8,215723
4570,7.6e-05,172.31.36.0-255,66,9189,8,215723
4571,0.00013,172.31.36.0-255,66,9255,8,215723
4572,0.00016,172.217.194.0-255,1484,10739,8,215723
4573,0.000162,172.31.36.0-255,66,10805,8,215723
4574,0.000168,172.217.194.0-255,2902,13707,8,215723
4575,0.00017,172.31.36.0-255,66,13773,8,215723
4576,0.000181,172.217.194.0-255,5738,19511,8,215723
4577,0.000184,172.31.36.0-255,66,19577,8,215723
4578,0.000191,172.217.194.0-255,6797,26374,8,215723
4579,0.000194,172.31.36.0-255,66,26440,8,215723
4580,0.00023,172.31.36.0-255,66,26506,8,215723
4581,0.000235,172.217.194.0-255,2543,29049,8,215723
4582,0.000237,172.31.36.0-255,66,29115,8,215723
4583,0.000451,172.217.194.0-255,645,29760,8,215723
4584,0.000457,172.31.36.0-255,66,29826,8,215723
4585,0.00061,172.217.194.0-255,1484,31310,8,215723
4586,0.000614,172.31.36.0-255,66,31376,8,215723
4587,0.000619,172.217.194.0-255,2902,34278,8,215723
4588,0.000622,172.31.36.0-255,66,34344,8,215723
4589,0.000625,172.217.194.0-255,1484,35828,8,215723
4590,0.000632,172.31.36.0-255,66,35894,8,215723
4591,0.000666,172.217.194.0-255,4320,40214,8,215723
4592,0.00067,172.31.36.0-255,66,40280,8,215723
4593,0.000673,172.217.194.0-255,1484,41764,8,215723
4594,0.000685,172.31.36.0-255,66,41830,8,215723
4595,0.000737,172.31.36.0-255,66,41896,8,215723
4596,0.000869,172.217.194.0-255,1484,43380,8,215723
4597,0.000885,172.217.194.0-255,2902,46282,8,215723
4598,0.000888,172.31.36.0-255,66,46348,8,215723
4599,0.000916,172.217.194.0-255,5738,52086,8,215723
4600,0.000919,172.31.36.0-255,66,52152,8,215723
4601,0.000922,172.217.194.0-255,1484,53636,8,215723
4602,0.000937,172.31.36.0-255,66,53702,8,215723
4603,0.000966,172.217.194.0-255,4320,58022,8,215723
4604,0.000969,172.31.36.0-255,66,58088,8,215723
4605,0.001005,172.31.36.0-255,66,58154,8,215723
4606,0.001072,172.217.194.0-255,1484,59638,8,215723
4607,0.001078,172.217.194.0-255,2902,62540,8,215723
4608,0.001081,172.31.36.0-255,66,62606,8,215723
4609,0.00111,172.217.194.0-255,5738,68344,8,215723
4610,0.001114,172.31.36.0-255,66,68410,8,215723
4611,0.001191,172.217.194.0-255,5738,74148,8,215723
4612,0.001207,172.217.194.0-255,5020,79168,8,215723
4613,0.00121,172.31.36.0-255,66,79234,8,215723
4614,0.001215,172.31.36.0-255,66,79300,8,215723
4615,0.00156,172.217.194.0-255,1484,80784,8,215723
4616,0.001567,172.217.194.0-255,2902,83686,8,215723
4617,0.001571,172.31.36.0-255,66,83752,8,215723
4618,0.001576,172.217.194.0-255,2902,86654,8,215723
4619,0.001578,172.31.36.0-255,66,86720,8,215723
4620,0.001604,172.217.194.0-255,2902,89622,8,215723
4621,0.001606,172.31.36.0-255,66,89688,8,215723
4622,0.001611,172.217.194.0-255,2902,92590,8,215723
4623,0.001613,172.31.36.0-255,66,92656,8,215723
4624,0.001656,172.31.36.0-255,66,92722,8,215723
4625,0.001661,172.217.194.0-255,2902,95624,8,215723
4626,0.001663,172.31.36.0-255,66,95690,8,215723
4627,0.001714,172.31.36.0-255,66,95756,8,215723
4628,0.001828,172.217.194.0-255,1484,97240,8,215723
4629,0.001834,172.217.194.0-255,2902,100142,8,215723
4630,0.001837,172.31.36.0-255,66,100208,8,215723
4631,0.001842,172.217.194.0-255,2902,103110,8,215723
4632,0.001844,172.31.36.0-255,66,103176,8,215723
4633,0.001868,172.217.194.0-255,2902,106078,8,215723
4634,0.00187,172.31.36.0-255,66,106144,8,215723
4635,0.001874,172.217.194.0-255,2902,109046,8,215723
4636,0.001876,172.31.36.0-255,66,109112,8,215723
4637,0.001922,172.217.194.0-255,1484,110596,8,215723
4638,0.001945,172.31.36.0-255,66,110662,8,215723
4639,0.00198,172.217.194.0-255,1484,112146,8,215723
4640,0.001999,172.217.194.0-255,2902,115048,8,215723
4641,0.002004,172.217.194.0-255,4320,119368,8,215723
4642,0.002018,172.217.194.0-255,1484,120852,8,215723
4643,0.002023,172.217.194.0-255,4320,125172,8,215723
4644,0.002049,172.217.194.0-255,5738,130910,8,215723
4645,0.002057,172.31.36.0-255,66,130976,8,215723
4646,0.002108,172.217.194.0-255,2184,133160,8,215723
4647,0.002111,172.31.36.0-255,66,133226,8,215723
4648,0.002116,172.31.36.0-255,66,133292,8,215723
4649,0.002174,172.217.194.0-255,1484,134776,8,215723
4650,0.002179,172.217.194.0-255,1484,136260,8,215723
4651,0.002181,172.31.36.0-255,66,136326,8,215723
4652,0.002207,172.217.194.0-255,1484,137810,8,215723
4653,0.002213,172.217.194.0-255,5738,143548,8,215723
4654,0.002218,172.217.194.0-255,4320,147868,8,215723
4655,0.002252,172.217.194.0-255,7156,155024,8,215723
4656,0.002266,172.31.36.0-255,66,155090,8,215723
4657,0.002293,172.217.194.0-255,5738,160828,8,215723
4658,0.002299,172.31.36.0-255,66,160894,8,215723
4659,0.002312,172.217.194.0-255,6438,167332,8,215723
4660,0.002319,172.217.194.0-255,7156,174488,8,215723
4661,0.002338,172.217.194.0-255,5738,180226,8,215723
4662,0.002357,172.31.36.0-255,66,180292,8,215723
4663,0.002453,172.217.194.0-255,2902,183194,8,215723
4664,0.002485,172.31.36.0-255,66,183260,8,215723
4665,0.00484,172.217.194.0-255,5738,188998,8,215723
4666,0.004847,172.31.36.0-255,66,189064,8,215723
4667,0.007227,172.217.194.0-255,5738,194802,8,215723
4668,0.007243,172.31.36.0-255,66,194868,8,215723
4669,0.009605,172.217.194.0-255,5738,200606,8,215723
4670,0.009619,172.31.36.0-255,66,200672,8,215723
4671,0.012019,172.217.194.0-255,4475,205147,8,215723
4672,0.01203,172.31.36.0-255,66,205213,8,215723
4673,0.015785,172.31.36.0-255,105,205318,8,215723
4674,0.018113,172.217.194.0-255,66,205384,8,215723
4675,0.039755,172.31.36.0-255,172,205556,8,215723
4676,0.039788,172.31.36.0-255,1111,206667,8,215723
4677,0.039858,172.31.36.0-255,1514,208181,8,215723
4678,0.039881,172.31.36.0-255,1514,209695,8,215723
4679,0.039884,172.31.36.0-255,1514,211209,8,215723
4680,0.039902,172.31.36.0-255,1514,212723,8,215723
4681,0.039906,172.31.36.0-255,1514,214237,8,215723
4682,0.039907,172.31.36.0-255,874,215111,8,215723
4683,0.04128,104.244.42.0-255,66,215177,8,215723
4684,0.041384,104.244.42.0-255,66,215243,8,215723
4685,0.041441,104.244.42.0-255,66,215309,8,215723
4686,0.041445,104.244.42.0-255,66,215375,8,215723
4687,0.041448,104.244.42.0-255,66,215441,8,215723
4688,0.041956,104.244.42.0-255,108,215549,8,215723
4689,0.041966,172.31.36.0-255,66,215615,8,215723
4690,0.052406,172.31.36.0-255,108,215723,8,215723
4691,0.0,74.125.68.0-255,219,219,8,283505
4692,2.4e-05,172.31.36.0-255,66,285,8,283505
4693,3.1e-05,74.125.68.0-255,1484,1769,8,283505
4694,3.6e-05,172.31.36.0-255,66,1835,8,283505
4695,5.1e-05,74.125.68.0-255,4320,6155,8,283505
4696,5.5e-05,172.31.36.0-255,66,6221,8,283505
4697,5.8e-05,74.125.68.0-255,1484,7705,8,283505
4698,6.1e-05,172.31.36.0-255,66,7771,8,283505
4699,6.6e-05,74.125.68.0-255,2902,10673,8,283505
4700,6.9e-05,172.31.36.0-255,66,10739,8,283505
4701,0.000108,74.125.68.0-255,1484,12223,8,283505
4702,0.00011,172.31.36.0-255,66,12289,8,283505
4703,0.000131,74.125.68.0-255,4685,16974,8,283505
4704,0.000134,172.31.36.0-255,66,17040,8,283505
4705,0.000137,74.125.68.0-255,1484,18524,8,283505
4706,0.000139,172.31.36.0-255,66,18590,8,283505
4707,0.000144,74.125.68.0-255,2902,21492,8,283505
4708,0.000147,172.31.36.0-255,66,21558,8,283505
4709,0.000151,74.125.68.0-255,2902,24460,8,283505
4710,0.000153,172.31.36.0-255,66,24526,8,283505
4711,0.000189,74.125.68.0-255,2902,27428,8,283505
4712,0.000192,172.31.36.0-255,66,27494,8,283505
4713,0.000197,74.125.68.0-255,3961,31455,8,283505
4714,0.0002,172.31.36.0-255,66,31521,8,283505
4715,0.000296,74.125.68.0-255,1484,33005,8,283505
4716,0.0003,172.31.36.0-255,66,33071,8,283505
4717,0.000305,74.125.68.0-255,2902,35973,8,283505
4718,0.000308,172.31.36.0-255,66,36039,8,283505
4719,0.000339,74.125.68.0-255,4320,40359,8,283505
4720,0.000342,172.31.36.0-255,66,40425,8,283505
4721,0.000387,172.31.36.0-255,66,40491,8,283505
4722,0.000855,74.125.68.0-255,1484,41975,8,283505
4723,0.00087,74.125.68.0-255,2902,44877,8,283505
4724,0.000901,74.125.68.0-255,4320,49197,8,283505
4725,0.000911,74.125.68.0-255,1484,50681,8,283505
4726,0.000924,74.125.68.0-255,1484,52165,8,283505
4727,0.000939,74.125.68.0-255,5379,57544,8,283505
4728,0.000955,74.125.68.0-255,647,58191,8,283505
4729,0.001307,74.125.68.0-255,1484,59675,8,283505
4730,0.001315,74.125.68.0-255,2902,62577,8,283505
4731,0.001336,74.125.68.0-255,1484,64061,8,283505
4732,0.001341,74.125.68.0-255,2902,66963,8,283505
4733,0.001352,74.125.68.0-255,1484,68447,8,283505
4734,0.001363,74.125.68.0-255,1484,69931,8,283505
4735,0.00138,74.125.68.0-255,2902,72833,8,283505
4736,0.001386,74.125.68.0-255,4320,77153,8,283505
4737,0.001406,74.125.68.0-255,7156,84309,8,283505
4738,0.001474,74.125.68.0-255,4320,88629,8,283505
4739,0.001493,74.125.68.0-255,3602,92231,8,283505
4740,0.002295,172.31.36.0-255,66,92297,8,283505
4741,0.004799,74.125.68.0-255,5738,98035,8,283505
4742,0.004808,172.31.36.0-255,66,98101,8,283505
4743,0.007267,74.125.68.0-255,4320,102421,8,283505
4744,0.007287,74.125.68.0-255,1484,103905,8,283505
4745,0.009302,172.31.36.0-255,66,103971,8,283505
4746,0.011777,74.125.68.0-255,5738,109709,8,283505
4747,0.011784,172.31.36.0-255,66,109775,8,283505
4748,0.014262,74.125.68.0-255,5738,115513,8,283505
4749,0.01427,172.31.36.0-255,66,115579,8,283505
4750,0.016739,74.125.68.0-255,5738,121317,8,283505
4751,0.021969,172.31.36.0-255,66,121383,8,283505
4752,0.024461,74.125.68.0-255,5738,127121,8,283505
4753,0.024473,172.31.36.0-255,66,127187,8,283505
4754,0.027133,74.125.68.0-255,5738,132925,8,283505
4755,0.027141,172.31.36.0-255,66,132991,8,283505
4756,0.029625,74.125.68.0-255,5738,138729,8,283505
4757,0.029636,172.31.36.0-255,66,138795,8,283505
4758,0.032115,74.125.68.0-255,5738,144533,8,283505
4759,0.032123,172.31.36.0-255,66,144599,8,283505
4760,0.034614,74.125.68.0-255,5738,150337,8,283505
4761,0.034622,172.31.36.0-255,66,150403,8,283505
4762,0.037089,74.125.68.0-255,5738,156141,8,283505
4763,0.037096,172.31.36.0-255,66,156207,8,283505
4764,0.03957,74.125.68.0-255,5738,161945,8,283505
4765,0.039577,172.31.36.0-255,66,162011,8,283505
4766,0.042048,74.125.68.0-255,5738,167749,8,283505
4767,0.042055,172.31.36.0-255,66,167815,8,283505
4768,0.044533,74.125.68.0-255,4320,172135,8,283505
4769,0.04454,172.31.36.0-255,66,172201,8,283505
4770,0.044571,74.125.68.0-255,1484,173685,8,283505
4771,0.04702,74.125.68.0-255,4320,178005,8,283505
4772,0.047028,172.31.36.0-255,66,178071,8,283505
4773,0.049504,74.125.68.0-255,5738,183809,8,283505
4774,0.049554,172.31.36.0-255,66,183875,8,283505
4775,0.052028,74.125.68.0-255,5738,189613,8,283505
4776,0.052036,172.31.36.0-255,66,189679,8,283505
4777,0.054518,74.125.68.0-255,5738,195417,8,283505
4778,0.054527,172.31.36.0-255,66,195483,8,283505
4779,0.056529,172.31.36.0-255,172,195655,8,283505
4780,0.056561,172.31.36.0-255,1111,196766,8,283505
4781,0.056624,172.31.36.0-255,1514,198280,8,283505
4782,0.056626,172.31.36.0-255,1514,199794,8,283505
4783,0.056633,172.31.36.0-255,1514,201308,8,283505
4784,0.056634,172.31.36.0-255,378,201686,8,283505
4785,0.057008,74.125.68.0-255,5738,207424,8,283505
4786,0.057015,172.31.36.0-255,66,207490,8,283505
4787,0.057086,172.31.36.0-255,101,207591,8,283505
4788,0.058167,104.244.42.0-255,66,207657,8,283505
4789,0.058195,104.244.42.0-255,66,207723,8,283505
4790,0.058285,104.244.42.0-255,66,207789,8,283505
4791,0.058291,104.244.42.0-255,66,207855,8,283505
4792,0.059502,74.125.68.0-255,5738,213593,8,283505
4793,0.05951,172.31.36.0-255,66,213659,8,283505
4794,0.05954,74.125.68.0-255,66,213725,8,283505
4795,0.061981,74.125.68.0-255,5738,219463,8,283505
4796,0.061987,172.31.36.0-255,66,219529,8,283505
4797,0.06447,74.125.68.0-255,5738,225267,8,283505
4798,0.064477,172.31.36.0-255,66,225333,8,283505
4799,0.066948,74.125.68.0-255,5738,231071,8,283505
4800,0.066954,172.31.36.0-255,66,231137,8,283505
4801,0.069423,74.125.68.0-255,5738,236875,8,283505
4802,0.06943,172.31.36.0-255,66,236941,8,283505
4803,0.071917,74.125.68.0-255,5738,242679,8,283505
4804,0.071922,172.31.36.0-255,66,242745,8,283505
4805,0.074401,74.125.68.0-255,5738,248483,8,283505
4806,0.074406,172.31.36.0-255,66,248549,8,283505
4807,0.076908,74.125.68.0-255,5738,254287,8,283505
4808,0.07692,172.31.36.0-255,66,254353,8,283505
4809,0.079395,74.125.68.0-255,5738,260091,8,283505
4810,0.079401,172.31.36.0-255,66,260157,8,283505
4811,0.081883,74.125.68.0-255,5738,265895,8,283505
4812,0.081888,172.31.36.0-255,66,265961,8,283505
4813,0.084448,74.125.68.0-255,5738,271699,8,283505
4814,0.084455,172.31.36.0-255,66,271765,8,283505
4815,0.086925,74.125.68.0-255,5738,277503,8,283505
4816,0.086932,172.31.36.0-255,66,277569,8,283505
4817,0.089411,74.125.68.0-255,2902,280471,8,283505
4818,0.089421,172.31.36.0-255,66,280537,8,283505
4819,0.089453,74.125.68.0-255,2902,283439,8,283505
4820,0.089472,172.31.36.0-255,66,283505,8,283505
4821,0.0,172.217.194.0-255,153,153,8,181578
4822,2.7e-05,172.217.194.0-255,1484,1637,8,181578
4823,3.7e-05,172.31.36.0-255,66,1703,8,181578
4824,4.4e-05,172.217.194.0-255,2902,4605,8,181578
4825,4.8e-05,172.31.36.0-255,66,4671,8,181578
4826,6.3e-05,172.217.194.0-255,7156,11827,8,181578
4827,6.6e-05,172.31.36.0-255,66,11893,8,181578
4828,7.1e-05,172.217.194.0-255,2902,14795,8,181578
4829,7.5e-05,172.31.36.0-255,66,14861,8,181578
4830,0.000119,172.31.36.0-255,66,14927,8,181578
4831,0.000123,172.217.194.0-255,2543,17470,8,181578
4832,0.000126,172.31.36.0-255,66,17536,8,181578
4833,0.000193,172.217.194.0-255,1484,19020,8,181578
4834,0.000209,172.217.194.0-255,2902,21922,8,181578
4835,0.000212,172.31.36.0-255,66,21988,8,181578
4836,0.000218,172.217.194.0-255,4320,26308,8,181578
4837,0.000221,172.31.36.0-255,66,26374,8,181578
4838,0.000243,172.217.194.0-255,1484,27858,8,181578
4839,0.00025,172.217.194.0-255,6797,34655,8,181578
4840,0.000258,172.31.36.0-255,66,34721,8,181578
4841,0.000264,172.217.194.0-255,4320,39041,8,181578
4842,0.000266,172.31.36.0-255,66,39107,8,181578
4843,0.000309,172.31.36.0-255,66,39173,8,181578
4844,0.000314,172.217.194.0-255,2832,42005,8,181578
4845,0.000316,172.31.36.0-255,66,42071,8,181578
4846,0.000369,172.217.194.0-255,99,42170,8,181578
4847,0.000499,172.217.194.0-255,1484,43654,8,181578
4848,0.000503,172.31.36.0-255,66,43720,8,181578
4849,0.000509,172.217.194.0-255,2902,46622,8,181578
4850,0.000511,172.31.36.0-255,66,46688,8,181578
4851,0.000524,172.217.194.0-255,5738,52426,8,181578
4852,0.000528,172.31.36.0-255,66,52492,8,181578
4853,0.000588,172.31.36.0-255,66,52558,8,181578
4854,0.000595,172.217.194.0-255,5738,58296,8,181578
4855,0.000597,172.31.36.0-255,66,58362,8,181578
4856,0.000625,172.217.194.0-255,5379,63741,8,181578
4857,0.000629,172.31.36.0-255,66,63807,8,181578
4858,0.000918,172.217.194.0-255,1484,65291,8,181578
4859,0.000925,172.217.194.0-255,2902,68193,8,181578
4860,0.000928,172.31.36.0-255,66,68259,8,181578
4861,0.000948,172.217.194.0-255,5738,73997,8,181578
4862,0.000951,172.31.36.0-255,66,74063,8,181578
4863,0.000959,172.217.194.0-255,7156,81219,8,181578
4864,0.000961,172.31.36.0-255,66,81285,8,181578
4865,0.001005,172.31.36.0-255,66,81351,8,181578
4866,0.00101,172.217.194.0-255,2184,83535,8,181578
4867,0.001012,172.31.36.0-255,66,83601,8,181578
4868,0.00105,172.217.194.0-255,2902,86503,8,181578
4869,0.001053,172.31.36.0-255,66,86569,8,181578
4870,0.001082,172.217.194.0-255,2902,89471,8,181578
4871,0.001086,172.31.36.0-255,66,89537,8,181578
4872,0.001093,172.217.194.0-255,7156,96693,8,181578
4873,0.001096,172.31.36.0-255,66,96759,8,181578
4874,0.001116,172.31.36.0-255,66,96825,8,181578
4875,0.001123,172.217.194.0-255,6438,103263,8,181578
4876,0.001126,172.31.36.0-255,66,103329,8,181578
4877,0.001199,172.217.194.0-255,1484,104813,8,181578
4878,0.001203,172.217.194.0-255,1484,106297,8,181578
4879,0.001206,172.31.36.0-255,66,106363,8,181578
4880,0.001231,172.217.194.0-255,1484,107847,8,181578
4881,0.001238,172.217.194.0-255,5738,113585,8,181578
4882,0.00124,172.31.36.0-255,66,113651,8,181578
4883,0.001247,172.217.194.0-255,5738,119389,8,181578
4884,0.001249,172.31.36.0-255,66,119455,8,181578
4885,0.001276,172.217.194.0-255,7156,126611,8,181578
4886,0.00128,172.31.36.0-255,66,126677,8,181578
4887,0.001297,172.31.36.0-255,66,126743,8,181578
4888,0.0013,172.217.194.0-255,766,127509,8,181578
4889,0.00141,172.217.194.0-255,1484,128993,8,181578
4890,0.001414,172.31.36.0-255,66,129059,8,181578
4891,0.001443,172.217.194.0-255,2902,131961,8,181578
4892,0.001446,172.31.36.0-255,66,132027,8,181578
4893,0.001453,172.217.194.0-255,5738,137765,8,181578
4894,0.001455,172.31.36.0-255,66,137831,8,181578
4895,0.001466,172.217.194.0-255,4320,142151,8,181578
4896,0.001469,172.31.36.0-255,66,142217,8,181578
4897,0.001512,172.31.36.0-255,66,142283,8,181578
4898,0.001522,172.31.36.0-255,66,142349,8,181578
4899,0.001535,172.217.194.0-255,7156,149505,8,181578
4900,0.001539,172.31.36.0-255,66,149571,8,181578
4901,0.00155,172.217.194.0-255,1484,151055,8,181578
4902,0.001554,172.217.194.0-255,2902,153957,8,181578
4903,0.001556,172.31.36.0-255,66,154023,8,181578
4904,0.001612,172.31.36.0-255,66,154089,8,181578
4905,0.001619,172.217.194.0-255,6438,160527,8,181578
4906,0.001622,172.31.36.0-255,66,160593,8,181578
4907,0.001681,172.31.36.0-255,66,160659,8,181578
4908,0.001733,172.31.36.0-255,66,160725,8,181578
4909,0.001741,172.217.194.0-255,6438,167163,8,181578
4910,0.001743,172.31.36.0-255,66,167229,8,181578
4911,0.001777,172.31.36.0-255,66,167295,8,181578
4912,0.001798,172.31.36.0-255,66,167361,8,181578
4913,0.001816,172.31.36.0-255,66,167427,8,181578
4914,0.00186,172.217.194.0-255,3602,171029,8,181578
4915,0.001864,172.31.36.0-255,66,171095,8,181578
4916,0.001885,172.31.36.0-255,66,171161,8,181578
4917,0.001903,172.31.36.0-255,66,171227,8,181578
4918,0.001906,172.217.194.0-255,105,171332,8,181578
4919,0.008196,172.31.36.0-255,105,171437,8,181578
4920,0.010419,172.217.194.0-255,66,171503,8,181578
4921,0.039209,172.31.36.0-255,172,171675,8,181578
4922,0.039239,172.31.36.0-255,1110,172785,8,181578
4923,0.039283,172.31.36.0-255,1514,174299,8,181578
4924,0.039285,172.31.36.0-255,1514,175813,8,181578
4925,0.039291,172.31.36.0-255,1514,177327,8,181578
4926,0.039292,172.31.36.0-255,1514,178841,8,181578
4927,0.03932,172.31.36.0-255,1514,180355,8,181578
4928,0.039322,172.31.36.0-255,893,181248,8,181578
4929,0.040724,104.244.42.0-255,66,181314,8,181578
4930,0.040805,104.244.42.0-255,66,181380,8,181578
4931,0.040847,104.244.42.0-255,66,181446,8,181578
4932,0.04085,104.244.42.0-255,66,181512,8,181578
4933,0.040853,104.244.42.0-255,66,181578,8,181578
4934,0.0,74.125.130.0-255,153,153,8,382371
4935,2.9e-05,172.31.36.0-255,66,219,8,382371
4936,3.6e-05,74.125.130.0-255,1484,1703,8,382371
4937,4e-05,172.31.36.0-255,66,1769,8,382371
4938,4.4e-05,74.125.130.0-255,2902,4671,8,382371
4939,4.7e-05,172.31.36.0-255,66,4737,8,382371
4940,7.9e-05,74.125.130.0-255,7156,11893,8,382371
4941,8.2e-05,172.31.36.0-255,66,11959,8,382371
4942,8.6e-05,74.125.130.0-255,2046,14005,8,382371
4943,8.7e-05,172.31.36.0-255,66,14071,8,382371
4944,9.1e-05,74.125.130.0-255,2902,16973,8,382371
4945,9.5e-05,172.31.36.0-255,66,17039,8,382371
4946,0.000125,74.125.130.0-255,7156,24195,8,382371
4947,0.000129,172.31.36.0-255,66,24261,8,382371
4948,0.000134,74.125.130.0-255,4320,28581,8,382371
4949,0.000136,172.31.36.0-255,66,28647,8,382371
4950,0.000204,74.125.130.0-255,2543,31190,8,382371
4951,0.000207,172.31.36.0-255,66,31256,8,382371
4952,0.000488,74.125.130.0-255,1484,32740,8,382371
4953,0.000493,172.31.36.0-255,66,32806,8,382371
4954,0.000499,74.125.130.0-255,2902,35708,8,382371
4955,0.000501,172.31.36.0-255,66,35774,8,382371
4956,0.000534,74.125.130.0-255,5738,41512,8,382371
4957,0.000538,172.31.36.0-255,66,41578,8,382371
4958,0.000543,74.125.130.0-255,2902,44480,8,382371
4959,0.000545,172.31.36.0-255,66,44546,8,382371
4960,0.000573,74.125.130.0-255,3961,48507,8,382371
4961,0.000576,172.31.36.0-255,66,48573,8,382371
4962,0.000621,172.31.36.0-255,66,48639,8,382371
4963,0.00064,74.125.130.0-255,2902,51541,8,382371
4964,0.000644,172.31.36.0-255,66,51607,8,382371
4965,0.000673,74.125.130.0-255,5667,57274,8,382371
4966,0.000678,172.31.36.0-255,66,57340,8,382371
4967,0.000835,74.125.130.0-255,99,57439,8,382371
4968,0.000862,172.31.36.0-255,66,57505,8,382371
4969,0.001099,74.125.130.0-255,1484,58989,8,382371
4970,0.00114,74.125.130.0-255,2902,61891,8,382371
4971,0.001147,74.125.130.0-255,5738,67629,8,382371
4972,0.001154,74.125.130.0-255,7156,74785,8,382371
4973,0.001168,74.125.130.0-255,1484,76269,8,382371
4974,0.001173,74.125.130.0-255,4320,80589,8,382371
4975,0.001196,74.125.130.0-255,5738,86327,8,382371
4976,0.001201,74.125.130.0-255,4320,90647,8,382371
4977,0.001208,172.31.36.0-255,66,90713,8,382371
4978,0.001225,74.125.130.0-255,766,91479,8,382371
4979,0.001295,74.125.130.0-255,1484,92963,8,382371
4980,0.001316,74.125.130.0-255,2902,95865,8,382371
4981,0.001323,74.125.130.0-255,5738,101603,8,382371
4982,0.001352,74.125.130.0-255,5738,107341,8,382371
4983,0.001371,74.125.130.0-255,7156,114497,8,382371
4984,0.00138,172.31.36.0-255,66,114563,8,382371
4985,0.001391,74.125.130.0-255,1484,116047,8,382371
4986,0.001437,74.125.130.0-255,2902,118949,8,382371
4987,0.001447,172.31.36.0-255,66,119015,8,382371
4988,0.001473,74.125.130.0-255,5738,124753,8,382371
4989,0.001479,74.125.130.0-255,2902,127655,8,382371
4990,0.0015,74.125.130.0-255,4320,131975,8,382371
4991,0.001506,74.125.130.0-255,4320,136295,8,382371
4992,0.001515,172.31.36.0-255,66,136361,8,382371
4993,0.001525,74.125.130.0-255,5020,141381,8,382371
4994,0.001534,172.31.36.0-255,66,141447,8,382371
4995,0.001571,74.125.130.0-255,7156,148603,8,382371
4996,0.001578,74.125.130.0-255,4320,152923,8,382371
4997,0.001585,172.31.36.0-255,66,152989,8,382371
4998,0.001595,74.125.130.0-255,4320,157309,8,382371
4999,0.001599,172.31.36.0-255,66,157375,8,382371
5000,0.001639,172.31.36.0-255,66,157441,8,382371
5001,0.001657,74.125.130.0-255,1484,158925,8,382371
5002,0.001669,74.125.130.0-255,1484,160409,8,382371
5003,0.001692,172.31.36.0-255,66,160475,8,382371
5004,0.001698,74.125.130.0-255,5020,165495,8,382371
5005,0.001703,172.31.36.0-255,66,165561,8,382371
5006,0.001711,74.125.130.0-255,364,165925,8,382371
5007,0.001962,74.125.130.0-255,1484,167409,8,382371
5008,0.001967,74.125.130.0-255,2902,170311,8,382371
5009,0.001974,172.31.36.0-255,66,170377,8,382371
5010,0.00199,74.125.130.0-255,2902,173279,8,382371
5011,0.001994,172.31.36.0-255,66,173345,8,382371
5012,0.002009,74.125.130.0-255,2902,176247,8,382371
5013,0.002013,74.125.130.0-255,2902,179149,8,382371
5014,0.002024,172.31.36.0-255,66,179215,8,382371
5015,0.002034,74.125.130.0-255,5738,184953,8,382371
5016,0.002038,74.125.130.0-255,2902,187855,8,382371
5017,0.002042,172.31.36.0-255,66,187921,8,382371
5018,0.002053,74.125.130.0-255,7156,195077,8,382371
5019,0.002055,74.125.130.0-255,1484,196561,8,382371
5020,0.002077,74.125.130.0-255,3602,200163,8,382371
5021,0.002087,172.31.36.0-255,66,200229,8,382371
5022,0.004377,74.125.130.0-255,5738,205967,8,382371
5023,0.004383,172.31.36.0-255,66,206033,8,382371
5024,0.006692,74.125.130.0-255,5738,211771,8,382371
5025,0.006697,172.31.36.0-255,66,211837,8,382371
5026,0.009042,74.125.130.0-255,5738,217575,8,382371
5027,0.009047,172.31.36.0-255,66,217641,8,382371
5028,0.011391,74.125.130.0-255,5738,223379,8,382371
5029,0.01184,172.31.36.0-255,66,223445,8,382371
5030,0.014134,74.125.130.0-255,5738,229183,8,382371
5031,0.014147,172.31.36.0-255,66,229249,8,382371
5032,0.01644,74.125.130.0-255,5738,234987,8,382371
5033,0.017297,172.31.36.0-255,66,235053,8,382371
5034,0.019589,74.125.130.0-255,5738,240791,8,382371
5035,0.019596,172.31.36.0-255,66,240857,8,382371
5036,0.021551,172.31.36.0-255,172,241029,8,382371
5037,0.021578,172.31.36.0-255,1109,242138,8,382371
5038,0.021644,172.31.36.0-255,1514,243652,8,382371
5039,0.021645,172.31.36.0-255,407,244059,8,382371
5040,0.021881,74.125.130.0-255,4320,248379,8,382371
5041,0.021889,172.31.36.0-255,66,248445,8,382371
5042,0.021906,74.125.130.0-255,1484,249929,8,382371
5043,0.02381,104.244.42.0-255,66,249995,8,382371
5044,0.024165,74.125.130.0-255,1484,251479,8,382371
5045,0.024168,172.31.36.0-255,66,251545,8,382371
5046,0.024198,74.125.130.0-255,2902,254447,8,382371
5047,0.024214,172.31.36.0-255,66,254513,8,382371
5048,0.026433,74.125.130.0-255,2902,257415,8,382371
5049,0.026438,172.31.36.0-255,66,257481,8,382371
5050,0.026485,74.125.130.0-255,2902,260383,8,382371
5051,0.026509,172.31.36.0-255,66,260449,8,382371
5052,0.028717,74.125.130.0-255,2902,263351,8,382371
5053,0.028724,172.31.36.0-255,66,263417,8,382371
5054,0.028766,74.125.130.0-255,2902,266319,8,382371
5055,0.028792,172.31.36.0-255,66,266385,8,382371
5056,0.031023,74.125.130.0-255,1484,267869,8,382371
5057,0.031072,74.125.130.0-255,2902,270771,8,382371
5058,0.031077,172.31.36.0-255,66,270837,8,382371
5059,0.031091,74.125.130.0-255,1484,272321,8,382371
5060,0.033369,74.125.130.0-255,4320,276641,8,382371
5061,0.033375,172.31.36.0-255,66,276707,8,382371
5062,0.035697,74.125.130.0-255,4320,281027,8,382371
5063,0.035702,172.31.36.0-255,66,281093,8,382371
5064,0.035729,74.125.130.0-255,1484,282577,8,382371
5065,0.037995,74.125.130.0-255,4320,286897,8,382371
5066,0.038,172.31.36.0-255,66,286963,8,382371
5067,0.040285,74.125.130.0-255,4320,291283,8,382371
5068,0.040291,172.31.36.0-255,66,291349,8,382371
5069,0.040319,74.125.130.0-255,1484,292833,8,382371
5070,0.042577,74.125.130.0-255,4320,297153,8,382371
5071,0.042582,172.31.36.0-255,66,297219,8,382371
5072,0.044865,74.125.130.0-255,5738,302957,8,382371
5073,0.044942,172.31.36.0-255,66,303023,8,382371
5074,0.047214,74.125.130.0-255,5738,308761,8,382371
5075,0.047221,172.31.36.0-255,66,308827,8,382371
5076,0.049493,74.125.130.0-255,5738,314565,8,382371
5077,0.049499,172.31.36.0-255,66,314631,8,382371
5078,0.051779,74.125.130.0-255,5738,320369,8,382371
5079,0.051784,172.31.36.0-255,66,320435,8,382371
5080,0.054057,74.125.130.0-255,5738,326173,8,382371
5081,0.054062,172.31.36.0-255,66,326239,8,382371
5082,0.056343,74.125.130.0-255,4320,330559,8,382371
5083,0.056348,172.31.36.0-255,66,330625,8,382371
5084,0.05638,74.125.130.0-255,1484,332109,8,382371
5085,0.05862,74.125.130.0-255,4320,336429,8,382371
5086,0.058625,172.31.36.0-255,66,336495,8,382371
5087,0.06091,74.125.130.0-255,5738,342233,8,382371
5088,0.060964,172.31.36.0-255,66,342299,8,382371
5089,0.06324,74.125.130.0-255,5738,348037,8,382371
5090,0.063246,172.31.36.0-255,66,348103,8,382371
5091,0.065526,74.125.130.0-255,5738,353841,8,382371
5092,0.065531,172.31.36.0-255,66,353907,8,382371
5093,0.0678,74.125.130.0-255,4320,358227,8,382371
5094,0.067805,172.31.36.0-255,66,358293,8,382371
5095,0.067835,74.125.130.0-255,1484,359777,8,382371
5096,0.070078,74.125.130.0-255,4320,364097,8,382371
5097,0.070083,172.31.36.0-255,66,364163,8,382371
5098,0.072368,74.125.130.0-255,5738,369901,8,382371
5099,0.072426,172.31.36.0-255,66,369967,8,382371
5100,0.074696,74.125.130.0-255,5738,375705,8,382371
5101,0.074701,172.31.36.0-255,66,375771,8,382371
5102,0.076976,74.125.130.0-255,5738,381509,8,382371
5103,0.076981,172.31.36.0-255,66,381575,8,382371
5104,0.079219,74.125.130.0-255,559,382134,8,382371
5105,0.079363,172.31.36.0-255,66,382200,8,382371
5106,0.079394,172.31.36.0-255,105,382305,8,382371
5107,0.081688,74.125.130.0-255,66,382371,8,382371
5108,0.0,74.125.24.0-255,152,152,8,320524
5109,2.7e-05,172.31.36.0-255,66,218,8,320524
5110,3.3e-05,74.125.24.0-255,1484,1702,8,320524
5111,3.7e-05,172.31.36.0-255,66,1768,8,320524
5112,4e-05,74.125.24.0-255,1484,3252,8,320524
5113,4.2e-05,172.31.36.0-255,66,3318,8,320524
5114,7.6e-05,74.125.24.0-255,1484,4802,8,320524
5115,8.1e-05,172.31.36.0-255,66,4868,8,320524
5116,8.6e-05,74.125.24.0-255,5738,10606,8,320524
5117,8.9e-05,172.31.36.0-255,66,10672,8,320524
5118,9.4e-05,74.125.24.0-255,3491,14163,8,320524
5119,9.9e-05,172.31.36.0-255,66,14229,8,320524
5120,0.000265,74.125.24.0-255,1484,15713,8,320524
5121,0.00027,172.31.36.0-255,66,15779,8,320524
5122,0.000274,74.125.24.0-255,1484,17263,8,320524
5123,0.000276,172.31.36.0-255,66,17329,8,320524
5124,0.000295,74.125.24.0-255,1484,18813,8,320524
5125,0.000304,172.31.36.0-255,66,18879,8,320524
5126,0.000309,74.125.24.0-255,2902,21781,8,320524
5127,0.000312,172.31.36.0-255,66,21847,8,320524
5128,0.000319,74.125.24.0-255,7156,29003,8,320524
5129,0.000322,172.31.36.0-255,66,29069,8,320524
5130,0.000346,74.125.24.0-255,2543,31612,8,320524
5131,0.000354,172.31.36.0-255,66,31678,8,320524
5132,0.000484,74.125.24.0-255,1484,33162,8,320524
5133,0.000489,74.125.24.0-255,2902,36064,8,320524
5134,0.00049,172.31.36.0-255,66,36130,8,320524
5135,0.000494,172.31.36.0-255,66,36196,8,320524
5136,0.000521,74.125.24.0-255,5738,41934,8,320524
5137,0.000524,172.31.36.0-255,66,42000,8,320524
5138,0.000552,74.125.24.0-255,4320,46320,8,320524
5139,0.000555,172.31.36.0-255,66,46386,8,320524
5140,0.000595,74.125.24.0-255,1484,47870,8,320524
5141,0.000597,172.31.36.0-255,66,47936,8,320524
5142,0.000637,74.125.24.0-255,134,48070,8,320524
5143,0.000649,172.31.36.0-255,66,48136,8,320524
5144,0.000822,74.125.24.0-255,346,48482,8,320524
5145,0.000891,172.31.36.0-255,66,48548,8,320524
5146,0.00165,74.125.24.0-255,1484,50032,8,320524
5147,0.001661,74.125.24.0-255,2902,52934,8,320524
5148,0.001666,74.125.24.0-255,2902,55836,8,320524
5149,0.001684,74.125.24.0-255,2902,58738,8,320524
5150,0.001688,74.125.24.0-255,2902,61640,8,320524
5151,0.001721,74.125.24.0-255,7156,68796,8,320524
5152,0.001741,74.125.24.0-255,3602,72398,8,320524
5153,0.005247,172.31.36.0-255,66,72464,8,320524
5154,0.007253,74.125.24.0-255,5738,78202,8,320524
5155,0.00726,172.31.36.0-255,66,78268,8,320524
5156,0.009311,74.125.24.0-255,5738,84006,8,320524
5157,0.009318,172.31.36.0-255,66,84072,8,320524
5158,0.011304,74.125.24.0-255,5738,89810,8,320524
5159,0.011312,172.31.36.0-255,66,89876,8,320524
5160,0.013299,74.125.24.0-255,5738,95614,8,320524
5161,0.013306,172.31.36.0-255,66,95680,8,320524
5162,0.015303,74.125.24.0-255,5738,101418,8,320524
5163,0.015314,172.31.36.0-255,66,101484,8,320524
5164,0.017297,74.125.24.0-255,5738,107222,8,320524
5165,0.017305,172.31.36.0-255,66,107288,8,320524
5166,0.019335,74.125.24.0-255,5738,113026,8,320524
5167,0.019342,172.31.36.0-255,66,113092,8,320524
5168,0.021324,74.125.24.0-255,5738,118830,8,320524
5169,0.02133,172.31.36.0-255,66,118896,8,320524
5170,0.023326,74.125.24.0-255,5738,124634,8,320524
5171,0.023332,172.31.36.0-255,66,124700,8,320524
5172,0.025349,74.125.24.0-255,5738,130438,8,320524
5173,0.025356,172.31.36.0-255,66,130504,8,320524
5174,0.026154,172.31.36.0-255,176,130680,8,320524
5175,0.026197,172.31.36.0-255,1112,131792,8,320524
5176,0.026272,172.31.36.0-255,1514,133306,8,320524
5177,0.026274,172.31.36.0-255,1292,134598,8,320524
5178,0.027361,74.125.24.0-255,5738,140336,8,320524
5179,0.027368,172.31.36.0-255,66,140402,8,320524
5180,0.027716,104.244.42.0-255,66,140468,8,320524
5181,0.027752,104.244.42.0-255,66,140534,8,320524
5182,0.027818,104.244.42.0-255,66,140600,8,320524
5183,0.029343,74.125.24.0-255,5738,146338,8,320524
5184,0.029348,172.31.36.0-255,66,146404,8,320524
5185,0.031356,74.125.24.0-255,5738,152142,8,320524
5186,0.031363,172.31.36.0-255,66,152208,8,320524
5187,0.033349,74.125.24.0-255,5738,157946,8,320524
5188,0.033354,172.31.36.0-255,66,158012,8,320524
5189,0.035319,74.125.24.0-255,5738,163750,8,320524
5190,0.035324,172.31.36.0-255,66,163816,8,320524
5191,0.037299,74.125.24.0-255,5738,169554,8,320524
5192,0.037306,172.31.36.0-255,66,169620,8,320524
5193,0.039292,74.125.24.0-255,5738,175358,8,320524
5194,0.039297,172.31.36.0-255,66,175424,8,320524
5195,0.04131,74.125.24.0-255,5738,181162,8,320524
5196,0.041331,172.31.36.0-255,66,181228,8,320524
5197,0.043329,74.125.24.0-255,5738,186966,8,320524
5198,0.043335,172.31.36.0-255,66,187032,8,320524
5199,0.045313,74.125.24.0-255,5738,192770,8,320524
5200,0.045318,172.31.36.0-255,66,192836,8,320524
5201,0.047295,74.125.24.0-255,5738,198574,8,320524
5202,0.0473,172.31.36.0-255,66,198640,8,320524
5203,0.049302,74.125.24.0-255,5738,204378,8,320524
5204,0.049307,172.31.36.0-255,66,204444,8,320524
5205,0.051288,74.125.24.0-255,5738,210182,8,320524
5206,0.051293,172.31.36.0-255,66,210248,8,320524
5207,0.053297,74.125.24.0-255,5738,215986,8,320524
5208,0.053302,172.31.36.0-255,66,216052,8,320524
5209,0.055284,74.125.24.0-255,5738,221790,8,320524
5210,0.055289,172.31.36.0-255,66,221856,8,320524
5211,0.05728,74.125.24.0-255,5738,227594,8,320524
5212,0.057287,172.31.36.0-255,66,227660,8,320524
5213,0.059277,74.125.24.0-255,5738,233398,8,320524
5214,0.059282,172.31.36.0-255,66,233464,8,320524
5215,0.061264,74.125.24.0-255,5738,239202,8,320524
5216,0.061268,172.31.36.0-255,66,239268,8,320524
5217,0.063264,74.125.24.0-255,5738,245006,8,320524
5218,0.06327,172.31.36.0-255,66,245072,8,320524
5219,0.065252,74.125.24.0-255,5738,250810,8,320524
5220,0.065257,172.31.36.0-255,66,250876,8,320524
5221,0.067257,74.125.24.0-255,5738,256614,8,320524
5222,0.067262,172.31.36.0-255,66,256680,8,320524
5223,0.069238,74.125.24.0-255,5738,262418,8,320524
5224,0.069243,172.31.36.0-255,66,262484,8,320524
5225,0.071221,74.125.24.0-255,5738,268222,8,320524
5226,0.071232,172.31.36.0-255,66,268288,8,320524
5227,0.073222,74.125.24.0-255,5738,274026,8,320524
5228,0.07323,172.31.36.0-255,66,274092,8,320524
5229,0.075206,74.125.24.0-255,5738,279830,8,320524
5230,0.075212,172.31.36.0-255,66,279896,8,320524
5231,0.077197,74.125.24.0-255,5738,285634,8,320524
5232,0.077202,172.31.36.0-255,66,285700,8,320524
5233,0.079198,74.125.24.0-255,5738,291438,8,320524
5234,0.079203,172.31.36.0-255,66,291504,8,320524
5235,0.081223,74.125.24.0-255,5738,297242,8,320524
5236,0.081229,172.31.36.0-255,66,297308,8,320524
5237,0.083206,74.125.24.0-255,5738,303046,8,320524
5238,0.083211,172.31.36.0-255,66,303112,8,320524
5239,0.085192,74.125.24.0-255,5738,308850,8,320524
5240,0.085197,172.31.36.0-255,66,308916,8,320524
5241,0.087184,74.125.24.0-255,5738,314654,8,320524
5242,0.08719,172.31.36.0-255,66,314720,8,320524
5243,0.089189,74.125.24.0-255,5738,320458,8,320524
5244,0.089195,172.31.36.0-255,66,320524,8,320524
5245,0.0,172.217.24.0-255,150,150,8,333531
5246,1.7e-05,172.217.24.0-255,1484,1634,8,333531
5247,2.7e-05,172.31.36.0-255,66,1700,8,333531
5248,3.5e-05,172.217.24.0-255,2902,4602,8,333531
5249,3.8e-05,172.31.36.0-255,66,4668,8,333531
5250,5.2e-05,172.217.24.0-255,4320,8988,8,333531
5251,5.6e-05,172.31.36.0-255,66,9054,8,333531
5252,6.4e-05,172.217.24.0-255,7156,16210,8,333531
5253,6.7e-05,172.31.36.0-255,66,16276,8,333531
5254,8.9e-05,172.217.24.0-255,2029,18305,8,333531
5255,9.1e-05,172.31.36.0-255,66,18371,8,333531
5256,0.00011,172.31.36.0-255,66,18437,8,333531
5257,0.000113,172.217.24.0-255,1125,19562,8,333531
5258,0.000582,172.217.24.0-255,1484,21046,8,333531
5259,0.00059,172.31.36.0-255,66,21112,8,333531
5260,0.000603,172.217.24.0-255,2902,24014,8,333531
5261,0.000605,172.31.36.0-255,66,24080,8,333531
5262,0.000616,172.217.24.0-255,5738,29818,8,333531
5263,0.000618,172.31.36.0-255,66,29884,8,333531
5264,0.000654,172.217.24.0-255,6797,36681,8,333531
5265,0.000657,172.31.36.0-255,66,36747,8,333531
5266,0.00074,172.217.24.0-255,1484,38231,8,333531
5267,0.000745,172.217.24.0-255,1484,39715,8,333531
5268,0.000749,172.31.36.0-255,66,39781,8,333531
5269,0.000774,172.217.24.0-255,1484,41265,8,333531
5270,0.00078,172.217.24.0-255,5738,47003,8,333531
5271,0.000793,172.31.36.0-255,66,47069,8,333531
5272,0.000802,172.217.24.0-255,7089,54158,8,333531
5273,0.000804,172.31.36.0-255,66,54224,8,333531
5274,0.001317,172.217.24.0-255,131,54355,8,333531
5275,0.001446,172.217.24.0-255,1484,55839,8,333531
5276,0.001453,172.31.36.0-255,66,55905,8,333531
5277,0.001461,172.217.24.0-255,2902,58807,8,333531
5278,0.001463,172.31.36.0-255,66,58873,8,333531
5279,0.001474,172.217.24.0-255,5738,64611,8,333531
5280,0.001476,172.31.36.0-255,66,64677,8,333531
5281,0.001502,172.217.24.0-255,6797,71474,8,333531
5282,0.001505,172.31.36.0-255,66,71540,8,333531
5283,0.001544,172.217.24.0-255,1484,73024,8,333531
5284,0.001549,172.217.24.0-255,2902,75926,8,333531
5285,0.001551,172.31.36.0-255,66,75992,8,333531
5286,0.001555,172.217.24.0-255,1484,77476,8,333531
5287,0.001581,172.217.24.0-255,4320,81796,8,333531
5288,0.001584,172.31.36.0-255,66,81862,8,333531
5289,0.001605,172.217.24.0-255,4320,86182,8,333531
5290,0.001607,172.31.36.0-255,66,86248,8,333531
5291,0.00162,172.217.24.0-255,2543,88791,8,333531
5292,0.001627,172.31.36.0-255,66,88857,8,333531
5293,0.001922,172.217.24.0-255,1484,90341,8,333531
5294,0.001931,172.217.24.0-255,2902,93243,8,333531
5295,0.001935,172.31.36.0-255,66,93309,8,333531
5296,0.001944,172.217.24.0-255,5738,99047,8,333531
5297,0.001946,172.31.36.0-255,66,99113,8,333531
5298,0.001957,172.217.24.0-255,4320,103433,8,333531
5299,0.00196,172.31.36.0-255,66,103499,8,333531
5300,0.001963,172.217.24.0-255,1484,104983,8,333531
5301,0.001979,172.217.24.0-255,4320,109303,8,333531
5302,0.001982,172.31.36.0-255,66,109369,8,333531
5303,0.001995,172.217.24.0-255,7156,116525,8,333531
5304,0.001997,172.31.36.0-255,66,116591,8,333531
5305,0.002033,172.217.24.0-255,4320,120911,8,333531
5306,0.002036,172.31.36.0-255,66,120977,8,333531
5307,0.00204,172.217.24.0-255,2184,123161,8,333531
5308,0.002042,172.31.36.0-255,66,123227,8,333531
5309,0.002062,172.217.24.0-255,1484,124711,8,333531
5310,0.002067,172.217.24.0-255,2902,127613,8,333531
5311,0.00207,172.31.36.0-255,66,127679,8,333531
5312,0.002103,172.217.24.0-255,4320,131999,8,333531
5313,0.002106,172.31.36.0-255,66,132065,8,333531
5314,0.002109,172.217.24.0-255,1484,133549,8,333531
5315,0.002116,172.217.24.0-255,5738,139287,8,333531
5316,0.002118,172.31.36.0-255,66,139353,8,333531
5317,0.002125,172.217.24.0-255,5738,145091,8,333531
5318,0.002128,172.31.36.0-255,66,145157,8,333531
5319,0.002135,172.217.24.0-255,7156,152313,8,333531
5320,0.002138,172.31.36.0-255,66,152379,8,333531
5321,0.00217,172.217.24.0-255,5020,157399,8,333531
5322,0.002173,172.31.36.0-255,66,157465,8,333531
5323,0.002352,172.217.24.0-255,1484,158949,8,333531
5324,0.00236,172.217.24.0-255,2902,161851,8,333531
5325,0.002364,172.31.36.0-255,66,161917,8,333531
5326,0.002372,172.217.24.0-255,5738,167655,8,333531
5327,0.002374,172.31.36.0-255,66,167721,8,333531
5328,0.002415,172.31.36.0-255,66,167787,8,333531
5329,0.002437,172.217.24.0-255,1484,169271,8,333531
5330,0.002444,172.217.24.0-255,5738,175009,8,333531
5331,0.002447,172.31.36.0-255,66,175075,8,333531
5332,0.002466,172.217.24.0-255,5020,180095,8,333531
5333,0.002468,172.31.36.0-255,66,180161,8,333531
5334,0.002512,172.217.24.0-255,1484,181645,8,333531
5335,0.002527,172.217.24.0-255,2902,184547,8,333531
5336,0.002529,172.31.36.0-255,66,184613,8,333531
5337,0.002534,172.217.24.0-255,2902,187515,8,333531
5338,0.002536,172.31.36.0-255,66,187581,8,333531
5339,0.002567,172.217.24.0-255,2902,190483,8,333531
5340,0.002569,172.31.36.0-255,66,190549,8,333531
5341,0.002575,172.217.24.0-255,4320,194869,8,333531
5342,0.002578,172.31.36.0-255,66,194935,8,333531
5343,0.002584,172.217.24.0-255,5738,200673,8,333531
5344,0.00259,172.31.36.0-255,66,200739,8,333531
5345,0.002604,172.31.36.0-255,66,200805,8,333531
5346,0.002608,172.217.24.0-255,2184,202989,8,333531
5347,0.00261,172.31.36.0-255,66,203055,8,333531
5348,0.002674,172.217.24.0-255,1484,204539,8,333531
5349,0.002678,172.217.24.0-255,1484,206023,8,333531
5350,0.002681,172.31.36.0-255,66,206089,8,333531
5351,0.002698,172.217.24.0-255,1484,207573,8,333531
5352,0.002705,172.217.24.0-255,5738,213311,8,333531
5353,0.002707,172.31.36.0-255,66,213377,8,333531
5354,0.002712,172.217.24.0-255,4320,217697,8,333531
5355,0.002714,172.31.36.0-255,66,217763,8,333531
5356,0.002726,172.217.24.0-255,5738,223501,8,333531
5357,0.002728,172.31.36.0-255,66,223567,8,333531
5358,0.002741,172.31.36.0-255,66,223633,8,333531
5359,0.002767,172.217.24.0-255,2184,225817,8,333531
5360,0.00277,172.31.36.0-255,66,225883,8,333531
5361,0.00318,172.217.24.0-255,1484,227367,8,333531
5362,0.003193,172.217.24.0-255,2902,230269,8,333531
5363,0.003195,172.31.36.0-255,66,230335,8,333531
5364,0.003199,172.217.24.0-255,1484,231819,8,333531
5365,0.003224,172.217.24.0-255,4320,236139,8,333531
5366,0.003227,172.31.36.0-255,66,236205,8,333531
5367,0.003234,172.217.24.0-255,7156,243361,8,333531
5368,0.003236,172.31.36.0-255,66,243427,8,333531
5369,0.003248,172.31.36.0-255,66,243493,8,333531
5370,0.003281,172.31.36.0-255,66,243559,8,333531
5371,0.003357,172.217.24.0-255,1484,245043,8,333531
5372,0.003363,172.217.24.0-255,2902,247945,8,333531
5373,0.003365,172.31.36.0-255,66,248011,8,333531
5374,0.003393,172.217.24.0-255,5738,253749,8,333531
5375,0.003395,172.31.36.0-255,66,253815,8,333531
5376,0.0034,172.217.24.0-255,2902,256717,8,333531
5377,0.003402,172.31.36.0-255,66,256783,8,333531
5378,0.003445,172.31.36.0-255,66,256849,8,333531
5379,0.003456,172.31.36.0-255,66,256915,8,333531
5380,0.003477,172.217.24.0-255,1484,258399,8,333531
5381,0.00348,172.217.24.0-255,766,259165,8,333531
5382,0.003482,172.31.36.0-255,66,259231,8,333531
5383,0.003505,172.217.24.0-255,1484,260715,8,333531
5384,0.003512,172.217.24.0-255,4320,265035,8,333531
5385,0.003514,172.31.36.0-255,66,265101,8,333531
5386,0.003521,172.217.24.0-255,5738,270839,8,333531
5387,0.003523,172.31.36.0-255,66,270905,8,333531
5388,0.003529,172.217.24.0-255,4320,275225,8,333531
5389,0.003531,172.31.36.0-255,66,275291,8,333531
5390,0.003554,172.217.24.0-255,2902,278193,8,333531
5391,0.003557,172.31.36.0-255,66,278259,8,333531
5392,0.003565,172.217.24.0-255,7156,285415,8,333531
5393,0.003567,172.31.36.0-255,66,285481,8,333531
5394,0.003599,172.217.24.0-255,7156,292637,8,333531
5395,0.003601,172.31.36.0-255,66,292703,8,333531
5396,0.003605,172.217.24.0-255,2184,294887,8,333531
5397,0.003607,172.31.36.0-255,66,294953,8,333531
5398,0.003613,172.217.24.0-255,2902,297855,8,333531
5399,0.003615,172.31.36.0-255,66,297921,8,333531
5400,0.003623,172.217.24.0-255,7156,305077,8,333531
5401,0.003638,172.217.24.0-255,4320,309397,8,333531
5402,0.003643,172.31.36.0-255,66,309463,8,333531
5403,0.003668,172.217.24.0-255,5738,315201,8,333531
5404,0.003671,172.217.24.0-255,1484,316685,8,333531
5405,0.003675,172.217.24.0-255,2184,318869,8,333531
5406,0.003702,172.217.24.0-255,2902,321771,8,333531
5407,0.003729,172.217.24.0-255,7083,328854,8,333531
5408,0.003732,172.217.24.0-255,105,328959,8,333531
5409,0.005559,172.31.36.0-255,66,329025,8,333531
5410,0.005762,172.31.36.0-255,101,329126,8,333531
5411,0.007785,172.217.24.0-255,66,329192,8,333531
5412,0.00831,172.31.36.0-255,105,329297,8,333531
5413,0.010321,172.217.24.0-255,66,329363,8,333531
5414,0.029617,172.31.36.0-255,172,329535,8,333531
5415,0.02965,172.31.36.0-255,1110,330645,8,333531
5416,0.029712,172.31.36.0-255,1514,332159,8,333531
5417,0.029714,172.31.36.0-255,1174,333333,8,333531
5418,0.031289,104.244.42.0-255,66,333399,8,333531
5419,0.031332,104.244.42.0-255,66,333465,8,333531
5420,0.031377,104.244.42.0-255,66,333531,8,333531
5421,0.0,172.217.194.0-255,153,153,8,241845
5422,1.1e-05,172.31.36.0-255,66,219,8,241845
5423,2.3e-05,172.217.194.0-255,1484,1703,8,241845
5424,2.8e-05,172.31.36.0-255,66,1769,8,241845
5425,3.3e-05,172.217.194.0-255,2902,4671,8,241845
5426,3.6e-05,172.31.36.0-255,66,4737,8,241845
5427,4.2e-05,172.217.194.0-255,5738,10475,8,241845
5428,4.5e-05,172.31.36.0-255,66,10541,8,241845
5429,6.3e-05,172.217.194.0-255,1484,12025,8,241845
5430,6.5e-05,172.31.36.0-255,66,12091,8,241845
5431,6.8e-05,172.217.194.0-255,1484,13575,8,241845
5432,7e-05,172.31.36.0-255,66,13641,8,241845
5433,8.4e-05,172.217.194.0-255,4320,17961,8,241845
5434,8.8e-05,172.31.36.0-255,66,18027,8,241845
5435,0.000113,172.217.194.0-255,6355,24382,8,241845
5436,0.000116,172.31.36.0-255,66,24448,8,241845
5437,0.000124,172.217.194.0-255,6797,31245,8,241845
5438,0.000126,172.31.36.0-255,66,31311,8,241845
5439,0.000154,172.217.194.0-255,1484,32795,8,241845
5440,0.000156,172.31.36.0-255,66,32861,8,241845
5441,0.000183,172.217.194.0-255,2902,35763,8,241845
5442,0.000185,172.31.36.0-255,66,35829,8,241845
5443,0.000213,172.217.194.0-255,2902,38731,8,241845
5444,0.000216,172.31.36.0-255,66,38797,8,241845
5445,0.00024,172.217.194.0-255,2902,41699,8,241845
5446,0.000242,172.31.36.0-255,66,41765,8,241845
5447,0.00025,172.217.194.0-255,6797,48562,8,241845
5448,0.000252,172.31.36.0-255,66,48628,8,241845
5449,0.000267,172.31.36.0-255,66,48694,8,241845
5450,0.000271,172.217.194.0-255,2543,51237,8,241845
5451,0.000274,172.31.36.0-255,66,51303,8,241845
5452,0.000309,172.217.194.0-255,647,51950,8,241845
5453,0.000405,172.217.194.0-255,1484,53434,8,241845
5454,0.000409,172.217.194.0-255,1484,54918,8,241845
5455,0.000422,172.217.194.0-255,1484,56402,8,241845
5456,0.000429,172.217.194.0-255,5738,62140,8,241845
5457,0.000474,172.217.194.0-255,1484,63624,8,241845
5458,0.000478,172.217.194.0-255,1484,65108,8,241845
5459,0.000504,172.217.194.0-255,5738,70846,8,241845
5460,0.000523,172.217.194.0-255,3602,74448,8,241845
5461,0.000752,172.217.194.0-255,1484,75932,8,241845
5462,0.000756,172.217.194.0-255,2902,78834,8,241845
5463,0.000775,172.217.194.0-255,4320,83154,8,241845
5464,0.000787,172.217.194.0-255,1484,84638,8,241845
5465,0.000808,172.217.194.0-255,4320,88958,8,241845
5466,0.00083,172.217.194.0-255,7156,96114,8,241845
5467,0.000833,172.217.194.0-255,1484,97598,8,241845
5468,0.00085,172.217.194.0-255,7156,104754,8,241845
5469,0.000866,172.217.194.0-255,3602,108356,8,241845
5470,0.001358,172.217.194.0-255,1484,109840,8,241845
5471,0.001364,172.217.194.0-255,2902,112742,8,241845
5472,0.001377,172.217.194.0-255,1484,114226,8,241845
5473,0.00139,172.217.194.0-255,4320,118546,8,241845
5474,0.001408,172.217.194.0-255,1484,120030,8,241845
5475,0.001469,172.217.194.0-255,2184,122214,8,241845
5476,0.001522,172.217.194.0-255,1484,123698,8,241845
5477,0.001539,172.217.194.0-255,2902,126600,8,241845
5478,0.001541,172.217.194.0-255,1484,128084,8,241845
5479,0.001561,172.217.194.0-255,4320,132404,8,241845
5480,0.001575,172.217.194.0-255,4320,136724,8,241845
5481,0.00163,172.217.194.0-255,5738,142462,8,241845
5482,0.001648,172.217.194.0-255,5020,147482,8,241845
5483,0.001673,172.217.194.0-255,2902,150384,8,241845
5484,0.001689,172.217.194.0-255,4320,154704,8,241845
5485,0.001713,172.217.194.0-255,4320,159024,8,241845
5486,0.001735,172.217.194.0-255,4320,163344,8,241845
5487,0.001741,172.217.194.0-255,5738,169082,8,241845
5488,0.001952,172.217.194.0-255,1484,170566,8,241845
5489,0.001972,172.217.194.0-255,2902,173468,8,241845
5490,0.001989,172.217.194.0-255,5738,179206,8,241845
5491,0.002006,172.217.194.0-255,2902,182108,8,241845
5492,0.002052,172.217.194.0-255,1484,183592,8,241845
5493,0.002265,172.217.194.0-255,1484,185076,8,241845
5494,0.00227,172.217.194.0-255,1484,186560,8,241845
5495,0.002286,172.217.194.0-255,1484,188044,8,241845
5496,0.00229,172.217.194.0-255,1484,189528,8,241845
5497,0.002293,172.217.194.0-255,1484,191012,8,241845
5498,0.002306,172.217.194.0-255,2902,193914,8,241845
5499,0.00232,172.217.194.0-255,2902,196816,8,241845
5500,0.002334,172.217.194.0-255,1484,198300,8,241845
5501,0.002371,172.217.194.0-255,2902,201202,8,241845
5502,0.002393,172.217.194.0-255,5020,206222,8,241845
5503,0.002504,172.31.36.0-255,66,206288,8,241845
5504,0.002514,172.217.194.0-255,1484,207772,8,241845
5505,0.00252,172.217.194.0-255,2902,210674,8,241845
5506,0.00253,172.217.194.0-255,5738,216412,8,241845
5507,0.002547,172.217.194.0-255,1484,217896,8,241845
5508,0.002593,172.217.194.0-255,1484,219380,8,241845
5509,0.00267,172.217.194.0-255,2902,222282,8,241845
5510,0.002691,172.217.194.0-255,1484,223766,8,241845
5511,0.002702,172.217.194.0-255,2902,226668,8,241845
5512,0.002711,172.31.36.0-255,66,226734,8,241845
5513,0.002738,172.217.194.0-255,3602,230336,8,241845
5514,0.00274,172.31.36.0-255,66,230402,8,241845
5515,0.00274,172.217.194.0-255,1484,231886,8,241845
5516,0.002747,172.31.36.0-255,66,231952,8,241845
5517,0.002778,172.31.36.0-255,66,232018,8,241845
5518,0.002825,172.217.194.0-255,3786,235804,8,241845
5519,0.002829,172.217.194.0-255,105,235909,8,241845
5520,0.002837,172.31.36.0-255,66,235975,8,241845
5521,0.013748,172.31.36.0-255,105,236080,8,241845
5522,0.015768,172.217.194.0-255,66,236146,8,241845
5523,0.041895,172.31.36.0-255,172,236318,8,241845
5524,0.041929,172.31.36.0-255,1111,237429,8,241845
5525,0.041971,172.31.36.0-255,1514,238943,8,241845
5526,0.041972,172.31.36.0-255,1514,240457,8,241845
5527,0.041973,172.31.36.0-255,1256,241713,8,241845
5528,0.043533,104.244.42.0-255,66,241779,8,241845
5529,0.084912,104.244.42.0-255,66,241845,8,241845
5530,0.0,172.217.194.0-255,153,153,8,220208
5531,3.6e-05,172.31.36.0-255,66,219,8,220208
5532,4.2e-05,172.217.194.0-255,1484,1703,8,220208
5533,4.6e-05,172.31.36.0-255,66,1769,8,220208
5534,5.1e-05,172.217.194.0-255,2902,4671,8,220208
5535,5.5e-05,172.31.36.0-255,66,4737,8,220208
5536,6.2e-05,172.217.194.0-255,7156,11893,8,220208
5537,6.6e-05,172.31.36.0-255,66,11959,8,220208
5538,7e-05,172.217.194.0-255,2036,13995,8,220208
5539,7.3e-05,172.31.36.0-255,66,14061,8,220208
5540,9.9e-05,172.217.194.0-255,1484,15545,8,220208
5541,0.000101,172.31.36.0-255,66,15611,8,220208
5542,0.000124,172.217.194.0-255,4320,19931,8,220208
5543,0.000127,172.31.36.0-255,66,19997,8,220208
5544,0.000134,172.217.194.0-255,7156,27153,8,220208
5545,0.000136,172.31.36.0-255,66,27219,8,220208
5546,0.000161,172.217.194.0-255,1484,28703,8,220208
5547,0.000165,172.31.36.0-255,66,28769,8,220208
5548,0.000205,172.31.36.0-255,66,28835,8,220208
5549,0.000208,172.217.194.0-255,1484,30319,8,220208
5550,0.00021,172.31.36.0-255,66,30385,8,220208
5551,0.000222,172.31.36.0-255,66,30451,8,220208
5552,0.000235,172.217.194.0-255,2543,32994,8,220208
5553,0.000237,172.31.36.0-255,66,33060,8,220208
5554,0.000254,172.217.194.0-255,2902,35962,8,220208
5555,0.000257,172.31.36.0-255,66,36028,8,220208
5556,0.000292,172.31.36.0-255,66,36094,8,220208
5557,0.000341,172.217.194.0-255,1484,37578,8,220208
5558,0.000344,172.31.36.0-255,66,37644,8,220208
5559,0.00037,172.217.194.0-255,2902,40546,8,220208
5560,0.000373,172.31.36.0-255,66,40612,8,220208
5561,0.00038,172.217.194.0-255,5738,46350,8,220208
5562,0.000383,172.31.36.0-255,66,46416,8,220208
5563,0.000395,172.217.194.0-255,1484,47900,8,220208
5564,0.000413,172.217.194.0-255,7156,55056,8,220208
5565,0.000416,172.31.36.0-255,66,55122,8,220208
5566,0.00044,172.217.194.0-255,5379,60501,8,220208
5567,0.000443,172.31.36.0-255,66,60567,8,220208
5568,0.000454,172.31.36.0-255,66,60633,8,220208
5569,0.000475,172.217.194.0-255,1484,62117,8,220208
5570,0.00048,172.217.194.0-255,1484,63601,8,220208
5571,0.000483,172.31.36.0-255,66,63667,8,220208
5572,0.000507,172.217.194.0-255,1484,65151,8,220208
5573,0.000514,172.217.194.0-255,5738,70889,8,220208
5574,0.000517,172.31.36.0-255,66,70955,8,220208
5575,0.000524,172.217.194.0-255,5738,76693,8,220208
5576,0.000527,172.31.36.0-255,66,76759,8,220208
5577,0.000543,172.217.194.0-255,4320,81079,8,220208
5578,0.000546,172.31.36.0-255,66,81145,8,220208
5579,0.000569,172.217.194.0-255,1484,82629,8,220208
5580,0.000587,172.217.194.0-255,5738,88367,8,220208
5581,0.000594,172.31.36.0-255,66,88433,8,220208
5582,0.000614,172.217.194.0-255,6438,94871,8,220208
5583,0.000617,172.217.194.0-255,1484,96355,8,220208
5584,0.000618,172.31.36.0-255,66,96421,8,220208
5585,0.000641,172.217.194.0-255,2902,99323,8,220208
5586,0.000644,172.31.36.0-255,66,99389,8,220208
5587,0.000652,172.217.194.0-255,5738,105127,8,220208
5588,0.000654,172.31.36.0-255,66,105193,8,220208
5589,0.000657,172.217.194.0-255,1484,106677,8,220208
5590,0.000684,172.31.36.0-255,66,106743,8,220208
5591,0.000725,172.217.194.0-255,5738,112481,8,220208
5592,0.00073,172.31.36.0-255,66,112547,8,220208
5593,0.000757,172.31.36.0-255,66,112613,8,220208
5594,0.000863,172.217.194.0-255,1484,114097,8,220208
5595,0.000869,172.217.194.0-255,2902,116999,8,220208
5596,0.000872,172.31.36.0-255,66,117065,8,220208
5597,0.000893,172.217.194.0-255,5738,122803,8,220208
5598,0.000898,172.31.36.0-255,66,122869,8,220208
5599,0.000916,172.217.194.0-255,7156,130025,8,220208
5600,0.000922,172.31.36.0-255,66,130091,8,220208
5601,0.000935,172.217.194.0-255,5738,135829,8,220208
5602,0.000938,172.31.36.0-255,66,135895,8,220208
5603,0.000976,172.217.194.0-255,7156,143051,8,220208
5604,0.000982,172.31.36.0-255,66,143117,8,220208
5605,0.001005,172.217.194.0-255,3602,146719,8,220208
5606,0.001013,172.31.36.0-255,66,146785,8,220208
5607,0.001028,172.31.36.0-255,66,146851,8,220208
5608,0.001041,172.31.36.0-255,66,146917,8,220208
5609,0.001071,172.217.194.0-255,4320,151237,8,220208
5610,0.001076,172.31.36.0-255,66,151303,8,220208
5611,0.001097,172.217.194.0-255,5738,157041,8,220208
5612,0.001101,172.31.36.0-255,66,157107,8,220208
5613,0.001104,172.217.194.0-255,7156,164263,8,220208
5614,0.001113,172.31.36.0-255,66,164329,8,220208
5615,0.00116,172.31.36.0-255,66,164395,8,220208
5616,0.001185,172.31.36.0-255,66,164461,8,220208
5617,0.001218,172.217.194.0-255,1484,165945,8,220208
5618,0.001244,172.217.194.0-255,2902,168847,8,220208
5619,0.001247,172.31.36.0-255,66,168913,8,220208
5620,0.001255,172.217.194.0-255,5738,174651,8,220208
5621,0.001263,172.31.36.0-255,66,174717,8,220208
5622,0.001269,172.217.194.0-255,1484,176201,8,220208
5623,0.001275,172.31.36.0-255,66,176267,8,220208
5624,0.001315,172.31.36.0-255,66,176333,8,220208
5625,0.001322,172.217.194.0-255,1484,177817,8,220208
5626,0.001338,172.217.194.0-255,2902,180719,8,220208
5627,0.001343,172.31.36.0-255,66,180785,8,220208
5628,0.001343,172.217.194.0-255,4320,185105,8,220208
5629,0.001346,172.31.36.0-255,66,185171,8,220208
5630,0.001357,172.217.194.0-255,1484,186655,8,220208
5631,0.001371,172.217.194.0-255,2902,189557,8,220208
5632,0.001384,172.217.194.0-255,4320,193877,8,220208
5633,0.001384,172.31.36.0-255,66,193943,8,220208
5634,0.001389,172.31.36.0-255,66,194009,8,220208
5635,0.001398,172.217.194.0-255,2902,196911,8,220208
5636,0.001401,172.31.36.0-255,66,196977,8,220208
5637,0.001423,172.217.194.0-255,2902,199879,8,220208
5638,0.001427,172.31.36.0-255,66,199945,8,220208
5639,0.00144,172.217.194.0-255,7156,207101,8,220208
5640,0.00144,172.31.36.0-255,66,207167,8,220208
5641,0.001445,172.31.36.0-255,66,207233,8,220208
5642,0.001467,172.217.194.0-255,7156,214389,8,220208
5643,0.001473,172.31.36.0-255,66,214455,8,220208
5644,0.001524,172.31.36.0-255,66,214521,8,220208
5645,0.00153,172.31.36.0-255,66,214587,8,220208
5646,0.001586,172.31.36.0-255,66,214653,8,220208
5647,0.001612,172.217.194.0-255,758,215411,8,220208
5648,0.001615,172.217.194.0-255,105,215516,8,220208
5649,0.001618,172.31.36.0-255,66,215582,8,220208
5650,0.006432,172.31.36.0-255,101,215683,8,220208
5651,0.007351,172.31.36.0-255,105,215788,8,220208
5652,0.009082,172.217.194.0-255,66,215854,8,220208
5653,0.010019,172.217.194.0-255,66,215920,8,220208
5654,0.031427,172.31.36.0-255,172,216092,8,220208
5655,0.031462,172.31.36.0-255,1111,217203,8,220208
5656,0.031492,172.31.36.0-255,1514,218717,8,220208
5657,0.031493,172.31.36.0-255,1293,220010,8,220208
5658,0.033082,104.244.42.0-255,66,220076,8,220208
5659,0.033114,104.244.42.0-255,66,220142,8,220208
5660,0.033164,104.244.42.0-255,66,220208,8,220208
5661,0.0,172.31.36.0-255,105,105,8,459
5662,0.000268,172.31.36.0-255,90,195,8,459
5663,0.00028,172.31.36.0-255,66,261,8,459
5664,0.002352,172.217.194.0-255,66,327,8,459
5665,0.002372,172.217.194.0-255,66,393,8,459
5666,0.002387,172.31.36.0-255,66,459,8,459
5667,0.0,74.125.24.0-255,153,153,8,303228
5668,2.2e-05,172.31.36.0-255,66,219,8,303228
5669,3e-05,74.125.24.0-255,1484,1703,8,303228
5670,3.5e-05,172.31.36.0-255,66,1769,8,303228
5671,5e-05,74.125.24.0-255,2902,4671,8,303228
5672,5.4e-05,172.31.36.0-255,66,4737,8,303228
5673,6.2e-05,74.125.24.0-255,7156,11893,8,303228
5674,6.5e-05,172.31.36.0-255,66,11959,8,303228
5675,6.9e-05,74.125.24.0-255,2048,14007,8,303228
5676,7.1e-05,172.31.36.0-255,66,14073,8,303228
5677,0.000141,74.125.24.0-255,1484,15557,8,303228
5678,0.000144,172.31.36.0-255,66,15623,8,303228
5679,0.00017,74.125.24.0-255,2902,18525,8,303228
5680,0.000173,172.31.36.0-255,66,18591,8,303228
5681,0.00018,74.125.24.0-255,5738,24329,8,303228
5682,0.000182,172.31.36.0-255,66,24395,8,303228
5683,0.000188,74.125.24.0-255,4320,28715,8,303228
5684,0.000191,172.31.36.0-255,66,28781,8,303228
5685,0.000234,74.125.24.0-255,2543,31324,8,303228
5686,0.000237,172.31.36.0-255,66,31390,8,303228
5687,0.000607,74.125.24.0-255,1484,32874,8,303228
5688,0.000612,172.31.36.0-255,66,32940,8,303228
5689,0.000618,74.125.24.0-255,2902,35842,8,303228
5690,0.000621,172.31.36.0-255,66,35908,8,303228
5691,0.000633,74.125.24.0-255,5738,41646,8,303228
5692,0.000636,172.31.36.0-255,66,41712,8,303228
5693,0.000641,74.125.24.0-255,4320,46032,8,303228
5694,0.000643,172.31.36.0-255,66,46098,8,303228
5695,0.00068,74.125.24.0-255,2543,48641,8,303228
5696,0.000683,172.31.36.0-255,66,48707,8,303228
5697,0.000723,74.125.24.0-255,2902,51609,8,303228
5698,0.000728,172.31.36.0-255,66,51675,8,303228
5699,0.000755,74.125.24.0-255,5738,57413,8,303228
5700,0.000757,172.31.36.0-255,66,57479,8,303228
5701,0.000794,74.125.24.0-255,5738,63217,8,303228
5702,0.000797,172.31.36.0-255,66,63283,8,303228
5703,0.000822,74.125.24.0-255,3123,66406,8,303228
5704,0.000825,172.31.36.0-255,66,66472,8,303228
5705,0.001166,74.125.24.0-255,1484,67956,8,303228
5706,0.001173,74.125.24.0-255,2902,70858,8,303228
5707,0.001177,172.31.36.0-255,66,70924,8,303228
5708,0.001181,74.125.24.0-255,1484,72408,8,303228
5709,0.001206,74.125.24.0-255,4320,76728,8,303228
5710,0.001208,172.31.36.0-255,66,76794,8,303228
5711,0.001213,74.125.24.0-255,2902,79696,8,303228
5712,0.001215,172.31.36.0-255,66,79762,8,303228
5713,0.001226,74.125.24.0-255,4320,84082,8,303228
5714,0.001228,172.31.36.0-255,66,84148,8,303228
5715,0.001262,74.125.24.0-255,6797,90945,8,303228
5716,0.001265,172.31.36.0-255,66,91011,8,303228
5717,0.001277,172.31.36.0-255,66,91077,8,303228
5718,0.001421,74.125.24.0-255,1484,92561,8,303228
5719,0.001438,74.125.24.0-255,2902,95463,8,303228
5720,0.001442,172.31.36.0-255,66,95529,8,303228
5721,0.001446,74.125.24.0-255,1484,97013,8,303228
5722,0.001475,74.125.24.0-255,4320,101333,8,303228
5723,0.001477,172.31.36.0-255,66,101399,8,303228
5724,0.001489,172.31.36.0-255,66,101465,8,303228
5725,0.001525,172.31.36.0-255,66,101531,8,303228
5726,0.004113,74.125.24.0-255,5738,107269,8,303228
5727,0.004121,172.31.36.0-255,66,107335,8,303228
5728,0.006685,74.125.24.0-255,5738,113073,8,303228
5729,0.006689,172.31.36.0-255,66,113139,8,303228
5730,0.009327,74.125.24.0-255,5738,118877,8,303228
5731,0.009335,172.31.36.0-255,66,118943,8,303228
5732,0.011904,74.125.24.0-255,5738,124681,8,303228
5733,0.011913,172.31.36.0-255,66,124747,8,303228
5734,0.014503,74.125.24.0-255,5738,130485,8,303228
5735,0.014512,172.31.36.0-255,66,130551,8,303228
5736,0.017092,74.125.24.0-255,5738,136289,8,303228
5737,0.017101,172.31.36.0-255,66,136355,8,303228
5738,0.019676,74.125.24.0-255,5738,142093,8,303228
5739,0.019685,172.31.36.0-255,66,142159,8,303228
5740,0.022266,74.125.24.0-255,5738,147897,8,303228
5741,0.022278,172.31.36.0-255,66,147963,8,303228
5742,0.024855,74.125.24.0-255,5738,153701,8,303228
5743,0.024863,172.31.36.0-255,66,153767,8,303228
5744,0.027451,74.125.24.0-255,5738,159505,8,303228
5745,0.02746,172.31.36.0-255,66,159571,8,303228
5746,0.030038,74.125.24.0-255,5738,165309,8,303228
5747,0.030047,172.31.36.0-255,66,165375,8,303228
5748,0.032636,74.125.24.0-255,5738,171113,8,303228
5749,0.032645,172.31.36.0-255,66,171179,8,303228
5750,0.035239,74.125.24.0-255,5738,176917,8,303228
5751,0.035247,172.31.36.0-255,66,176983,8,303228
5752,0.036986,172.31.36.0-255,172,177155,8,303228
5753,0.037016,172.31.36.0-255,1111,178266,8,303228
5754,0.037084,172.31.36.0-255,1514,179780,8,303228
5755,0.037086,172.31.36.0-255,1514,181294,8,303228
5756,0.037091,172.31.36.0-255,1514,182808,8,303228
5757,0.037092,172.31.36.0-255,1514,184322,8,303228
5758,0.037128,172.31.36.0-255,1514,185836,8,303228
5759,0.03713,172.31.36.0-255,874,186710,8,303228
5760,0.037836,74.125.24.0-255,5738,192448,8,303228
5761,0.037843,172.31.36.0-255,66,192514,8,303228
5762,0.038525,104.244.42.0-255,66,192580,8,303228
5763,0.038577,104.244.42.0-255,66,192646,8,303228
5764,0.038657,104.244.42.0-255,66,192712,8,303228
5765,0.038661,104.244.42.0-255,66,192778,8,303228
5766,0.040425,74.125.24.0-255,5738,198516,8,303228
5767,0.040439,172.31.36.0-255,66,198582,8,303228
5768,0.043039,74.125.24.0-255,5738,204320,8,303228
5769,0.043047,172.31.36.0-255,66,204386,8,303228
5770,0.044192,172.31.36.0-255,108,204494,8,303228
5771,0.045631,74.125.24.0-255,5738,210232,8,303228
5772,0.045639,172.31.36.0-255,66,210298,8,303228
5773,0.045684,104.244.42.0-255,66,210364,8,303228
5774,0.048262,74.125.24.0-255,5738,216102,8,303228
5775,0.04827,172.31.36.0-255,66,216168,8,303228
5776,0.050839,74.125.24.0-255,5738,221906,8,303228
5777,0.050849,172.31.36.0-255,66,221972,8,303228
5778,0.053431,74.125.24.0-255,5738,227710,8,303228
5779,0.053444,172.31.36.0-255,66,227776,8,303228
5780,0.056055,74.125.24.0-255,5738,233514,8,303228
5781,0.056074,172.31.36.0-255,66,233580,8,303228
5782,0.058689,74.125.24.0-255,5738,239318,8,303228
5783,0.058703,172.31.36.0-255,66,239384,8,303228
5784,0.061297,74.125.24.0-255,5738,245122,8,303228
5785,0.061317,172.31.36.0-255,66,245188,8,303228
5786,0.063949,74.125.24.0-255,5738,250926,8,303228
5787,0.063959,172.31.36.0-255,66,250992,8,303228
5788,0.066569,74.125.24.0-255,5738,256730,8,303228
5789,0.066576,172.31.36.0-255,66,256796,8,303228
5790,0.069158,74.125.24.0-255,5738,262534,8,303228
5791,0.069165,172.31.36.0-255,66,262600,8,303228
5792,0.071747,74.125.24.0-255,5738,268338,8,303228
5793,0.071755,172.31.36.0-255,66,268404,8,303228
5794,0.074343,74.125.24.0-255,5738,274142,8,303228
5795,0.074352,172.31.36.0-255,66,274208,8,303228
5796,0.076967,74.125.24.0-255,5738,279946,8,303228
5797,0.076974,172.31.36.0-255,66,280012,8,303228
5798,0.079607,74.125.24.0-255,5738,285750,8,303228
5799,0.079621,172.31.36.0-255,66,285816,8,303228
5800,0.082212,74.125.24.0-255,5738,291554,8,303228
5801,0.082227,172.31.36.0-255,66,291620,8,303228
5802,0.084827,74.125.24.0-255,5738,297358,8,303228
5803,0.084837,172.31.36.0-255,66,297424,8,303228
5804,0.087458,74.125.24.0-255,5738,303162,8,303228
5805,0.087468,172.31.36.0-255,66,303228,8,303228
5806,0.0,74.125.24.0-255,153,153,8,299211
5807,1.2e-05,172.31.36.0-255,66,219,8,299211
5808,4.1e-05,74.125.24.0-255,1484,1703,8,299211
5809,4.6e-05,172.31.36.0-255,66,1769,8,299211
5810,5.2e-05,74.125.24.0-255,2902,4671,8,299211
5811,5.6e-05,172.31.36.0-255,66,4737,8,299211
5812,0.000102,74.125.24.0-255,4320,9057,8,299211
5813,0.000105,172.31.36.0-255,66,9123,8,299211
5814,0.000122,74.125.24.0-255,1484,10607,8,299211
5815,0.000124,172.31.36.0-255,66,10673,8,299211
5816,0.000151,74.125.24.0-255,3429,14102,8,299211
5817,0.000154,172.31.36.0-255,66,14168,8,299211
5818,0.000318,74.125.24.0-255,1484,15652,8,299211
5819,0.000323,172.31.36.0-255,66,15718,8,299211
5820,0.000329,74.125.24.0-255,2902,18620,8,299211
5821,0.000332,172.31.36.0-255,66,18686,8,299211
5822,0.000338,74.125.24.0-255,4320,23006,8,299211
5823,0.000345,172.31.36.0-255,66,23072,8,299211
5824,0.000379,74.125.24.0-255,1484,24556,8,299211
5825,0.000382,172.31.36.0-255,66,24622,8,299211
5826,0.00039,74.125.24.0-255,6797,31419,8,299211
5827,0.000393,172.31.36.0-255,66,31485,8,299211
5828,0.000426,172.31.36.0-255,66,31551,8,299211
5829,0.000462,74.125.24.0-255,2902,34453,8,299211
5830,0.000464,172.31.36.0-255,66,34519,8,299211
5831,0.000476,172.31.36.0-255,66,34585,8,299211
5832,0.000482,74.125.24.0-255,4320,38905,8,299211
5833,0.000485,172.31.36.0-255,66,38971,8,299211
5834,0.00052,74.125.24.0-255,5020,43991,8,299211
5835,0.000523,172.31.36.0-255,66,44057,8,299211
5836,0.000526,74.125.24.0-255,412,44469,8,299211
5837,0.000663,74.125.24.0-255,1484,45953,8,299211
5838,0.000668,172.31.36.0-255,66,46019,8,299211
5839,0.000673,74.125.24.0-255,2902,48921,8,299211
5840,0.000676,172.31.36.0-255,66,48987,8,299211
5841,0.000711,74.125.24.0-255,4320,53307,8,299211
5842,0.000714,172.31.36.0-255,66,53373,8,299211
5843,0.000724,172.31.36.0-255,66,53439,8,299211
5844,0.000775,172.31.36.0-255,66,53505,8,299211
5845,0.001174,74.125.24.0-255,1484,54989,8,299211
5846,0.001195,74.125.24.0-255,2902,57891,8,299211
5847,0.001199,172.31.36.0-255,66,57957,8,299211
5848,0.001208,74.125.24.0-255,5738,63695,8,299211
5849,0.00121,172.31.36.0-255,66,63761,8,299211
5850,0.001251,172.31.36.0-255,66,63827,8,299211
5851,0.001282,74.125.24.0-255,1484,65311,8,299211
5852,0.001305,172.31.36.0-255,66,65377,8,299211
5853,0.001308,74.125.24.0-255,766,66143,8,299211
5854,0.001443,74.125.24.0-255,1484,67627,8,299211
5855,0.001448,172.31.36.0-255,66,67693,8,299211
5856,0.001454,74.125.24.0-255,2902,70595,8,299211
5857,0.001456,172.31.36.0-255,66,70661,8,299211
5858,0.001459,74.125.24.0-255,1484,72145,8,299211
5859,0.001488,74.125.24.0-255,4320,76465,8,299211
5860,0.00149,172.31.36.0-255,66,76531,8,299211
5861,0.001531,172.31.36.0-255,66,76597,8,299211
5862,0.001571,172.31.36.0-255,66,76663,8,299211
5863,0.001597,74.125.24.0-255,2184,78847,8,299211
5864,0.0016,172.31.36.0-255,66,78913,8,299211
5865,0.002222,74.125.24.0-255,1484,80397,8,299211
5866,0.002229,74.125.24.0-255,2902,83299,8,299211
5867,0.002233,172.31.36.0-255,66,83365,8,299211
5868,0.002266,74.125.24.0-255,5738,89103,8,299211
5869,0.002268,172.31.36.0-255,66,89169,8,299211
5870,0.002271,74.125.24.0-255,1484,90653,8,299211
5871,0.002281,172.31.36.0-255,66,90719,8,299211
5872,0.002321,74.125.24.0-255,5738,96457,8,299211
5873,0.002323,172.31.36.0-255,66,96523,8,299211
5874,0.002359,172.31.36.0-255,66,96589,8,299211
5875,0.002453,74.125.24.0-255,1484,98073,8,299211
5876,0.002459,74.125.24.0-255,2902,100975,8,299211
5877,0.002463,172.31.36.0-255,66,101041,8,299211
5878,0.002494,74.125.24.0-255,5738,106779,8,299211
5879,0.002497,172.31.36.0-255,66,106845,8,299211
5880,0.00251,172.31.36.0-255,66,106911,8,299211
5881,0.002536,74.125.24.0-255,2902,109813,8,299211
5882,0.002538,172.31.36.0-255,66,109879,8,299211
5883,0.002542,74.125.24.0-255,1484,111363,8,299211
5884,0.002594,172.31.36.0-255,66,111429,8,299211
5885,0.005211,74.125.24.0-255,5738,117167,8,299211
5886,0.005217,172.31.36.0-255,66,117233,8,299211
5887,0.007845,74.125.24.0-255,5738,122971,8,299211
5888,0.007851,172.31.36.0-255,66,123037,8,299211
5889,0.010513,74.125.24.0-255,5738,128775,8,299211
5890,0.010524,172.31.36.0-255,66,128841,8,299211
5891,0.013149,74.125.24.0-255,5738,134579,8,299211
5892,0.013157,172.31.36.0-255,66,134645,8,299211
5893,0.015794,74.125.24.0-255,5738,140383,8,299211
5894,0.015803,172.31.36.0-255,66,140449,8,299211
5895,0.018445,74.125.24.0-255,5738,146187,8,299211
5896,0.018454,172.31.36.0-255,66,146253,8,299211
5897,0.021098,74.125.24.0-255,5738,151991,8,299211
5898,0.021124,172.31.36.0-255,66,152057,8,299211
5899,0.023765,74.125.24.0-255,5738,157795,8,299211
5900,0.023773,172.31.36.0-255,66,157861,8,299211
5901,0.026428,74.125.24.0-255,5738,163599,8,299211
5902,0.026438,172.31.36.0-255,66,163665,8,299211
5903,0.029066,74.125.24.0-255,5738,169403,8,299211
5904,0.029075,172.31.36.0-255,66,169469,8,299211
5905,0.031685,74.125.24.0-255,5738,175207,8,299211
5906,0.031693,172.31.36.0-255,66,175273,8,299211
5907,0.034337,74.125.24.0-255,5738,181011,8,299211
5908,0.034345,172.31.36.0-255,66,181077,8,299211
5909,0.037026,74.125.24.0-255,5738,186815,8,299211
5910,0.03704,172.31.36.0-255,66,186881,8,299211
5911,0.039389,172.31.36.0-255,172,187053,8,299211
5912,0.039421,172.31.36.0-255,1107,188160,8,299211
5913,0.039492,172.31.36.0-255,1514,189674,8,299211
5914,0.039494,172.31.36.0-255,1514,191188,8,299211
5915,0.0395,172.31.36.0-255,1514,192702,8,299211
5916,0.039501,172.31.36.0-255,1514,194216,8,299211
5917,0.03952,172.31.36.0-255,1499,195715,8,299211
5918,0.039685,74.125.24.0-255,5738,201453,8,299211
5919,0.039692,172.31.36.0-255,66,201519,8,299211
5920,0.040937,104.244.42.0-255,66,201585,8,299211
5921,0.04098,104.244.42.0-255,66,201651,8,299211
5922,0.041141,104.244.42.0-255,66,201717,8,299211
5923,0.042339,74.125.24.0-255,5738,207455,8,299211
5924,0.042348,172.31.36.0-255,66,207521,8,299211
5925,0.044978,74.125.24.0-255,5738,213259,8,299211
5926,0.044985,172.31.36.0-255,66,213325,8,299211
5927,0.047646,74.125.24.0-255,5738,219063,8,299211
5928,0.047652,172.31.36.0-255,66,219129,8,299211
5929,0.05029,74.125.24.0-255,5738,224867,8,299211
5930,0.050297,172.31.36.0-255,66,224933,8,299211
5931,0.052938,74.125.24.0-255,5738,230671,8,299211
5932,0.052945,172.31.36.0-255,66,230737,8,299211
5933,0.055559,74.125.24.0-255,5738,236475,8,299211
5934,0.055567,172.31.36.0-255,66,236541,8,299211
5935,0.058201,74.125.24.0-255,5738,242279,8,299211
5936,0.058211,172.31.36.0-255,66,242345,8,299211
5937,0.060855,74.125.24.0-255,5738,248083,8,299211
5938,0.060862,172.31.36.0-255,66,248149,8,299211
5939,0.063496,74.125.24.0-255,5738,253887,8,299211
5940,0.063503,172.31.36.0-255,66,253953,8,299211
5941,0.066135,74.125.24.0-255,5738,259691,8,299211
5942,0.066141,172.31.36.0-255,66,259757,8,299211
5943,0.068803,74.125.24.0-255,5738,265495,8,299211
5944,0.06881,172.31.36.0-255,66,265561,8,299211
5945,0.071429,74.125.24.0-255,5738,271299,8,299211
5946,0.071436,172.31.36.0-255,66,271365,8,299211
5947,0.074073,74.125.24.0-255,5738,277103,8,299211
5948,0.07408,172.31.36.0-255,66,277169,8,299211
5949,0.076743,74.125.24.0-255,5738,282907,8,299211
5950,0.076749,172.31.36.0-255,66,282973,8,299211
5951,0.079388,74.125.24.0-255,5738,288711,8,299211
5952,0.079395,172.31.36.0-255,66,288777,8,299211
5953,0.082059,74.125.24.0-255,5738,294515,8,299211
5954,0.082065,172.31.36.0-255,66,294581,8,299211
5955,0.08474,74.125.24.0-255,4393,298974,8,299211
5956,0.084748,172.31.36.0-255,66,299040,8,299211
5957,0.084957,172.31.36.0-255,105,299145,8,299211
5958,0.087529,74.125.24.0-255,66,299211,8,299211
5959,0.0,172.217.194.0-255,153,153,8,238825
5960,2.4e-05,172.31.36.0-255,66,219,8,238825
5961,3.1e-05,172.217.194.0-255,1484,1703,8,238825
5962,3.6e-05,172.31.36.0-255,66,1769,8,238825
5963,4.2e-05,172.217.194.0-255,2902,4671,8,238825
5964,4.5e-05,172.31.36.0-255,66,4737,8,238825
5965,4.8e-05,172.217.194.0-255,1484,6221,8,238825
5966,5.1e-05,172.31.36.0-255,66,6287,8,238825
5967,8.1e-05,172.217.194.0-255,1484,7771,8,238825
5968,8.4e-05,172.31.36.0-255,66,7837,8,238825
5969,0.000111,172.31.36.0-255,66,7903,8,238825
5970,0.000118,172.217.194.0-255,5738,13641,8,238825
5971,0.00012,172.31.36.0-255,66,13707,8,238825
5972,0.000152,172.217.194.0-255,2902,16609,8,238825
5973,0.000155,172.31.36.0-255,66,16675,8,238825
5974,0.000185,172.31.36.0-255,66,16741,8,238825
5975,0.000202,172.217.194.0-255,2902,19643,8,238825
5976,0.000215,172.31.36.0-255,66,19709,8,238825
5977,0.000218,172.31.36.0-255,66,19775,8,238825
5978,0.00024,172.217.194.0-255,1484,21259,8,238825
5979,0.000243,172.31.36.0-255,66,21325,8,238825
5980,0.000256,172.217.194.0-255,2902,24227,8,238825
5981,0.000259,172.31.36.0-255,66,24293,8,238825
5982,0.000279,172.217.194.0-255,5738,30031,8,238825
5983,0.000282,172.31.36.0-255,66,30097,8,238825
5984,0.000285,172.217.194.0-255,1484,31581,8,238825
5985,0.000286,172.31.36.0-255,66,31647,8,238825
5986,0.000346,172.217.194.0-255,5689,37336,8,238825
5987,0.00035,172.31.36.0-255,66,37402,8,238825
5988,0.000545,172.217.194.0-255,1484,38886,8,238825
5989,0.000554,172.217.194.0-255,2902,41788,8,238825
5990,0.000596,172.217.194.0-255,5738,47526,8,238825
5991,0.000602,172.217.194.0-255,4320,51846,8,238825
5992,0.000607,172.31.36.0-255,66,51912,8,238825
5993,0.000621,172.217.194.0-255,2902,54814,8,238825
5994,0.000637,172.217.194.0-255,1484,56298,8,238825
5995,0.000662,172.31.36.0-255,66,56364,8,238825
5996,0.00068,172.217.194.0-255,2902,59266,8,238825
5997,0.000684,172.217.194.0-255,2184,61450,8,238825
5998,0.000692,172.31.36.0-255,66,61516,8,238825
5999,0.000711,172.217.194.0-255,2902,64418,8,238825
6000,0.000723,172.31.36.0-255,66,64484,8,238825
6001,0.000747,172.217.194.0-255,1484,65968,8,238825
6002,0.000758,172.31.36.0-255,66,66034,8,238825
6003,0.000784,172.217.194.0-255,4320,70354,8,238825
6004,0.0008,172.217.194.0-255,4320,74674,8,238825
6005,0.000809,172.31.36.0-255,66,74740,8,238825
6006,0.000854,172.217.194.0-255,2902,77642,8,238825
6007,0.000861,172.31.36.0-255,66,77708,8,238825
6008,0.00091,172.217.194.0-255,4320,82028,8,238825
6009,0.000913,172.31.36.0-255,66,82094,8,238825
6010,0.000918,172.31.36.0-255,66,82160,8,238825
6011,0.000949,172.217.194.0-255,3602,85762,8,238825
6012,0.000954,172.31.36.0-255,66,85828,8,238825
6013,0.001393,172.217.194.0-255,1484,87312,8,238825
6014,0.0014,172.217.194.0-255,2902,90214,8,238825
6015,0.001403,172.31.36.0-255,66,90280,8,238825
6016,0.001426,172.217.194.0-255,5738,96018,8,238825
6017,0.001435,172.31.36.0-255,66,96084,8,238825
6018,0.001451,172.217.194.0-255,1484,97568,8,238825
6019,0.001484,172.31.36.0-255,66,97634,8,238825
6020,0.001488,172.217.194.0-255,2902,100536,8,238825
6021,0.001493,172.31.36.0-255,66,100602,8,238825
6022,0.001508,172.217.194.0-255,7156,107758,8,238825
6023,0.001526,172.31.36.0-255,66,107824,8,238825
6024,0.001531,172.217.194.0-255,2184,110008,8,238825
6025,0.001535,172.31.36.0-255,66,110074,8,238825
6026,0.001602,172.217.194.0-255,1484,111558,8,238825
6027,0.001608,172.217.194.0-255,2902,114460,8,238825
6028,0.001617,172.31.36.0-255,66,114526,8,238825
6029,0.00163,172.217.194.0-255,5738,120264,8,238825
6030,0.001652,172.31.36.0-255,66,120330,8,238825
6031,0.00166,172.217.194.0-255,1484,121814,8,238825
6032,0.001702,172.217.194.0-255,1484,123298,8,238825
6033,0.001715,172.31.36.0-255,66,123364,8,238825
6034,0.001721,172.31.36.0-255,66,123430,8,238825
6035,0.001746,172.217.194.0-255,4320,127750,8,238825
6036,0.001752,172.31.36.0-255,66,127816,8,238825
6037,0.00177,172.31.36.0-255,66,127882,8,238825
6038,0.001811,172.217.194.0-255,7156,135038,8,238825
6039,0.001857,172.31.36.0-255,66,135104,8,238825
6040,0.001864,172.217.194.0-255,5738,140842,8,238825
6041,0.001868,172.31.36.0-255,66,140908,8,238825
6042,0.001879,172.217.194.0-255,5020,145928,8,238825
6043,0.001883,172.217.194.0-255,2902,148830,8,238825
6044,0.001921,172.217.194.0-255,7156,155986,8,238825
6045,0.001935,172.217.194.0-255,5738,161724,8,238825
6046,0.001938,172.217.194.0-255,766,162490,8,238825
6047,0.001941,172.217.194.0-255,1484,163974,8,238825
6048,0.001945,172.31.36.0-255,66,164040,8,238825
6049,0.001962,172.217.194.0-255,4320,168360,8,238825
6050,0.001972,172.31.36.0-255,66,168426,8,238825
6051,0.00199,172.217.194.0-255,4320,172746,8,238825
6052,0.001995,172.31.36.0-255,66,172812,8,238825
6053,0.002006,172.217.194.0-255,4320,177132,8,238825
6054,0.002009,172.217.194.0-255,1484,178616,8,238825
6055,0.002026,172.31.36.0-255,66,178682,8,238825
6056,0.00205,172.217.194.0-255,5020,183702,8,238825
6057,0.002056,172.31.36.0-255,66,183768,8,238825
6058,0.002106,172.217.194.0-255,4320,188088,8,238825
6059,0.002141,172.217.194.0-255,2902,190990,8,238825
6060,0.002147,172.31.36.0-255,66,191056,8,238825
6061,0.00218,172.31.36.0-255,66,191122,8,238825
6062,0.004317,172.217.194.0-255,5738,196860,8,238825
6063,0.004325,172.31.36.0-255,66,196926,8,238825
6064,0.006448,172.217.194.0-255,5738,202664,8,238825
6065,0.00646,172.31.36.0-255,66,202730,8,238825
6066,0.008555,172.217.194.0-255,5738,208468,8,238825
6067,0.008562,172.31.36.0-255,66,208534,8,238825
6068,0.010736,172.217.194.0-255,5738,214272,8,238825
6069,0.010748,172.31.36.0-255,66,214338,8,238825
6070,0.01289,172.217.194.0-255,5738,220076,8,238825
6071,0.012908,172.31.36.0-255,66,220142,8,238825
6072,0.015047,172.217.194.0-255,5738,225880,8,238825
6073,0.015062,172.31.36.0-255,66,225946,8,238825
6074,0.017166,172.217.194.0-255,5738,231684,8,238825
6075,0.017182,172.31.36.0-255,66,231750,8,238825
6076,0.019266,172.217.194.0-255,371,232121,8,238825
6077,0.019433,172.31.36.0-255,66,232187,8,238825
6078,0.019475,172.31.36.0-255,105,232292,8,238825
6079,0.021536,172.217.194.0-255,66,232358,8,238825
6080,0.039578,172.31.36.0-255,172,232530,8,238825
6081,0.039611,172.31.36.0-255,1111,233641,8,238825
6082,0.039691,172.31.36.0-255,1514,235155,8,238825
6083,0.039694,172.31.36.0-255,1514,236669,8,238825
6084,0.039699,172.31.36.0-255,1514,238183,8,238825
6085,0.0397,172.31.36.0-255,378,238561,8,238825
6086,0.041256,104.244.42.0-255,66,238627,8,238825
6087,0.041295,104.244.42.0-255,66,238693,8,238825
6088,0.041388,104.244.42.0-255,66,238759,8,238825
6089,0.041394,104.244.42.0-255,66,238825,8,238825
6090,0.0,172.217.27.0-255,152,152,8,373612
6091,3.4e-05,172.31.36.0-255,66,218,8,373612
6092,4.2e-05,172.217.27.0-255,1484,1702,8,373612
6093,4.7e-05,172.31.36.0-255,66,1768,8,373612
6094,5.9e-05,172.217.27.0-255,2902,4670,8,373612
6095,6.2e-05,172.31.36.0-255,66,4736,8,373612
6096,6.8e-05,172.217.27.0-255,4320,9056,8,373612
6097,7e-05,172.31.36.0-255,66,9122,8,373612
6098,7.5e-05,172.217.27.0-255,2902,12024,8,373612
6099,7.8e-05,172.31.36.0-255,66,12090,8,373612
6100,0.000118,172.217.27.0-255,6304,18394,8,373612
6101,0.000123,172.31.36.0-255,66,18460,8,373612
6102,0.000129,172.217.27.0-255,5738,24198,8,373612
6103,0.000131,172.31.36.0-255,66,24264,8,373612
6104,0.000145,172.217.27.0-255,6797,31061,8,373612
6105,0.000148,172.31.36.0-255,66,31127,8,373612
6106,0.000233,172.217.27.0-255,1484,32611,8,373612
6107,0.000237,172.31.36.0-255,66,32677,8,373612
6108,0.00025,172.217.27.0-255,2902,35579,8,373612
6109,0.000256,172.31.36.0-255,66,35645,8,373612
6110,0.000261,172.217.27.0-255,2902,38547,8,373612
6111,0.000264,172.31.36.0-255,66,38613,8,373612
6112,0.000293,172.217.27.0-255,2902,41515,8,373612
6113,0.0003,172.31.36.0-255,66,41581,8,373612
6114,0.000307,172.217.27.0-255,5738,47319,8,373612
6115,0.000311,172.31.36.0-255,66,47385,8,373612
6116,0.000318,172.217.27.0-255,6797,54182,8,373612
6117,0.00032,172.31.36.0-255,66,54248,8,373612
6118,0.000334,172.217.27.0-255,4320,58568,8,373612
6119,0.000338,172.31.36.0-255,66,58634,8,373612
6120,0.00037,172.217.27.0-255,7062,65696,8,373612
6121,0.000374,172.31.36.0-255,66,65762,8,373612
6122,0.000561,172.217.27.0-255,141,65903,8,373612
6123,0.000699,172.217.27.0-255,1484,67387,8,373612
6124,0.000704,172.31.36.0-255,66,67453,8,373612
6125,0.000709,172.217.27.0-255,2902,70355,8,373612
6126,0.000711,172.31.36.0-255,66,70421,8,373612
6127,0.000716,172.217.27.0-255,4320,74741,8,373612
6128,0.000725,172.31.36.0-255,66,74807,8,373612
6129,0.000761,172.217.27.0-255,1484,76291,8,373612
6130,0.000769,172.217.27.0-255,6797,83088,8,373612
6131,0.000772,172.31.36.0-255,66,83154,8,373612
6132,0.000779,172.217.27.0-255,7156,90310,8,373612
6133,0.000781,172.31.36.0-255,66,90376,8,373612
6134,0.000793,172.217.27.0-255,5738,96114,8,373612
6135,0.000796,172.31.36.0-255,66,96180,8,373612
6136,0.000826,172.217.27.0-255,3661,99841,8,373612
6137,0.00083,172.31.36.0-255,66,99907,8,373612
6138,0.000855,172.217.27.0-255,1484,101391,8,373612
6139,0.000861,172.217.27.0-255,2902,104293,8,373612
6140,0.000863,172.31.36.0-255,66,104359,8,373612
6141,0.00087,172.217.27.0-255,5738,110097,8,373612
6142,0.000872,172.31.36.0-255,66,110163,8,373612
6143,0.000881,172.217.27.0-255,1484,111647,8,373612
6144,0.000919,172.31.36.0-255,66,111713,8,373612
6145,0.000926,172.217.27.0-255,7156,118869,8,373612
6146,0.000929,172.31.36.0-255,66,118935,8,373612
6147,0.000967,172.217.27.0-255,3602,122537,8,373612
6148,0.000973,172.31.36.0-255,66,122603,8,373612
6149,0.001259,172.217.27.0-255,1484,124087,8,373612
6150,0.001265,172.217.27.0-255,2902,126989,8,373612
6151,0.001269,172.31.36.0-255,66,127055,8,373612
6152,0.001283,172.217.27.0-255,5738,132793,8,373612
6153,0.001291,172.31.36.0-255,66,132859,8,373612
6154,0.001298,172.217.27.0-255,5738,138597,8,373612
6155,0.0013,172.31.36.0-255,66,138663,8,373612
6156,0.001328,172.217.27.0-255,2902,141565,8,373612
6157,0.00133,172.31.36.0-255,66,141631,8,373612
6158,0.001347,172.31.36.0-255,66,141697,8,373612
6159,0.001354,172.217.27.0-255,5020,146717,8,373612
6160,0.001356,172.31.36.0-255,66,146783,8,373612
6161,0.001401,172.217.27.0-255,1484,148267,8,373612
6162,0.00142,172.217.27.0-255,2902,151169,8,373612
6163,0.001424,172.31.36.0-255,66,151235,8,373612
6164,0.00143,172.217.27.0-255,5738,156973,8,373612
6165,0.001432,172.31.36.0-255,66,157039,8,373612
6166,0.001469,172.31.36.0-255,66,157105,8,373612
6167,0.00148,172.31.36.0-255,66,157171,8,373612
6168,0.001509,172.217.27.0-255,2902,160073,8,373612
6169,0.001513,172.31.36.0-255,66,160139,8,373612
6170,0.001517,172.217.27.0-255,2184,162323,8,373612
6171,0.00152,172.31.36.0-255,66,162389,8,373612
6172,0.001546,172.217.27.0-255,2902,165291,8,373612
6173,0.00155,172.31.36.0-255,66,165357,8,373612
6174,0.001555,172.217.27.0-255,2902,168259,8,373612
6175,0.001558,172.31.36.0-255,66,168325,8,373612
6176,0.00159,172.217.27.0-255,4320,172645,8,373612
6177,0.001594,172.31.36.0-255,66,172711,8,373612
6178,0.0016,172.217.27.0-255,5738,178449,8,373612
6179,0.001602,172.31.36.0-255,66,178515,8,373612
6180,0.001615,172.31.36.0-255,66,178581,8,373612
6181,0.001622,172.217.27.0-255,6438,185019,8,373612
6182,0.001625,172.31.36.0-255,66,185085,8,373612
6183,0.001679,172.217.27.0-255,1484,186569,8,373612
6184,0.003251,172.217.27.0-255,4320,190889,8,373612
6185,0.003257,172.31.36.0-255,66,190955,8,373612
6186,0.004886,172.217.27.0-255,5738,196693,8,373612
6187,0.004891,172.31.36.0-255,66,196759,8,373612
6188,0.006523,172.217.27.0-255,5738,202497,8,373612
6189,0.006528,172.31.36.0-255,66,202563,8,373612
6190,0.008159,172.217.27.0-255,5738,208301,8,373612
6191,0.008166,172.31.36.0-255,66,208367,8,373612
6192,0.009798,172.217.27.0-255,5738,214105,8,373612
6193,0.009805,172.31.36.0-255,66,214171,8,373612
6194,0.011627,172.217.27.0-255,5738,219909,8,373612
6195,0.011699,172.31.36.0-255,66,219975,8,373612
6196,0.013351,172.217.27.0-255,5738,225713,8,373612
6197,0.013358,172.31.36.0-255,66,225779,8,373612
6198,0.014985,172.217.27.0-255,5738,231517,8,373612
6199,0.014992,172.31.36.0-255,66,231583,8,373612
6200,0.016623,172.217.27.0-255,5738,237321,8,373612
6201,0.01663,172.31.36.0-255,66,237387,8,373612
6202,0.018261,172.217.27.0-255,5738,243125,8,373612
6203,0.018269,172.31.36.0-255,66,243191,8,373612
6204,0.019906,172.217.27.0-255,5738,248929,8,373612
6205,0.019916,172.31.36.0-255,66,248995,8,373612
6206,0.021547,172.217.27.0-255,5738,254733,8,373612
6207,0.021554,172.31.36.0-255,66,254799,8,373612
6208,0.023191,172.217.27.0-255,5738,260537,8,373612
6209,0.023198,172.31.36.0-255,66,260603,8,373612
6210,0.024828,172.217.27.0-255,5738,266341,8,373612
6211,0.024836,172.31.36.0-255,66,266407,8,373612
6212,0.026472,172.217.27.0-255,5738,272145,8,373612
6213,0.02648,172.31.36.0-255,66,272211,8,373612
6214,0.028111,172.217.27.0-255,5738,277949,8,373612
6215,0.02812,172.31.36.0-255,66,278015,8,373612
6216,0.029757,172.217.27.0-255,5738,283753,8,373612
6217,0.029764,172.31.36.0-255,66,283819,8,373612
6218,0.031425,172.217.27.0-255,5738,289557,8,373612
6219,0.031433,172.31.36.0-255,66,289623,8,373612
6220,0.033084,172.217.27.0-255,5738,295361,8,373612
6221,0.033092,172.31.36.0-255,66,295427,8,373612
6222,0.034723,172.217.27.0-255,5738,301165,8,373612
6223,0.034731,172.31.36.0-255,66,301231,8,373612
6224,0.036357,172.217.27.0-255,5738,306969,8,373612
6225,0.036366,172.31.36.0-255,66,307035,8,373612
6226,0.038002,172.217.27.0-255,5738,312773,8,373612
6227,0.038013,172.31.36.0-255,66,312839,8,373612
6228,0.039138,172.31.36.0-255,167,313006,8,373612
6229,0.03917,172.31.36.0-255,1107,314113,8,373612
6230,0.039247,172.31.36.0-255,1514,315627,8,373612
6231,0.039249,172.31.36.0-255,1514,317141,8,373612
6232,0.039251,172.31.36.0-255,1514,318655,8,373612
6233,0.039252,172.31.36.0-255,1514,320169,8,373612
6234,0.039254,172.31.36.0-255,1499,321668,8,373612
6235,0.039638,172.217.27.0-255,5738,327406,8,373612
6236,0.039645,172.31.36.0-255,66,327472,8,373612
6237,0.040669,104.244.42.0-255,66,327538,8,373612
6238,0.040686,104.244.42.0-255,66,327604,8,373612
6239,0.040812,104.244.42.0-255,66,327670,8,373612
6240,0.040867,104.244.42.0-255,66,327736,8,373612
6241,0.041283,172.217.27.0-255,5738,333474,8,373612
6242,0.041288,172.31.36.0-255,66,333540,8,373612
6243,0.042922,172.217.27.0-255,5738,339278,8,373612
6244,0.042929,172.31.36.0-255,66,339344,8,373612
6245,0.044569,172.217.27.0-255,5738,345082,8,373612
6246,0.044576,172.31.36.0-255,66,345148,8,373612
6247,0.046214,172.217.27.0-255,5738,350886,8,373612
6248,0.046221,172.31.36.0-255,66,350952,8,373612
6249,0.047858,172.217.27.0-255,5738,356690,8,373612
6250,0.047865,172.31.36.0-255,66,356756,8,373612
6251,0.049507,172.217.27.0-255,5738,362494,8,373612
6252,0.049515,172.31.36.0-255,66,362560,8,373612
6253,0.051151,172.217.27.0-255,5738,368298,8,373612
6254,0.051158,172.31.36.0-255,66,368364,8,373612
6255,0.052803,172.217.27.0-255,5011,373375,8,373612
6256,0.05281,172.31.36.0-255,66,373441,8,373612
6257,0.052997,172.31.36.0-255,105,373546,8,373612
6258,0.0546,172.217.27.0-255,66,373612,8,373612
6259,0.0,74.125.24.0-255,152,152,8,336353
6260,2.3e-05,172.31.36.0-255,66,218,8,336353
6261,3e-05,74.125.24.0-255,1484,1702,8,336353
6262,3.5e-05,172.31.36.0-255,66,1768,8,336353
6263,4.2e-05,74.125.24.0-255,2902,4670,8,336353
6264,4.6e-05,172.31.36.0-255,66,4736,8,336353
6265,5.3e-05,74.125.24.0-255,7156,11892,8,336353
6266,5.7e-05,172.31.36.0-255,66,11958,8,336353
6267,9.8e-05,74.125.24.0-255,2077,14035,8,336353
6268,0.000102,172.31.36.0-255,66,14101,8,336353
6269,0.000218,74.125.24.0-255,1484,15585,8,336353
6270,0.000221,172.31.36.0-255,66,15651,8,336353
6271,0.000227,74.125.24.0-255,2902,18553,8,336353
6272,0.00023,172.31.36.0-255,66,18619,8,336353
6273,0.000233,74.125.24.0-255,1484,20103,8,336353
6274,0.000235,172.31.36.0-255,66,20169,8,336353
6275,0.000275,74.125.24.0-255,4320,24489,8,336353
6276,0.000279,172.31.36.0-255,66,24555,8,336353
6277,0.000285,74.125.24.0-255,5738,30293,8,336353
6278,0.000287,172.31.36.0-255,66,30359,8,336353
6279,0.000294,74.125.24.0-255,6797,37156,8,336353
6280,0.000296,172.31.36.0-255,66,37222,8,336353
6281,0.000301,74.125.24.0-255,4320,41542,8,336353
6282,0.000303,172.31.36.0-255,66,41608,8,336353
6283,0.000337,172.31.36.0-255,66,41674,8,336353
6284,0.000385,172.31.36.0-255,66,41740,8,336353
6285,0.000388,74.125.24.0-255,413,42153,8,336353
6286,0.00039,172.31.36.0-255,66,42219,8,336353
6287,0.000629,74.125.24.0-255,1484,43703,8,336353
6288,0.000635,172.31.36.0-255,66,43769,8,336353
6289,0.00064,74.125.24.0-255,2902,46671,8,336353
6290,0.000643,172.31.36.0-255,66,46737,8,336353
6291,0.000658,74.125.24.0-255,4320,51057,8,336353
6292,0.000661,172.31.36.0-255,66,51123,8,336353
6293,0.000689,74.125.24.0-255,1484,52607,8,336353
6294,0.000694,74.125.24.0-255,1484,54091,8,336353
6295,0.000696,172.31.36.0-255,66,54157,8,336353
6296,0.000706,172.31.36.0-255,66,54223,8,336353
6297,0.000734,172.31.36.0-255,66,54289,8,336353
6298,0.001117,74.125.24.0-255,1484,55773,8,336353
6299,0.001124,74.125.24.0-255,2902,58675,8,336353
6300,0.001127,172.31.36.0-255,66,58741,8,336353
6301,0.001145,74.125.24.0-255,4320,63061,8,336353
6302,0.001148,172.31.36.0-255,66,63127,8,336353
6303,0.001158,74.125.24.0-255,1484,64611,8,336353
6304,0.001163,74.125.24.0-255,2902,67513,8,336353
6305,0.001165,172.31.36.0-255,66,67579,8,336353
6306,0.00118,74.125.24.0-255,4320,71899,8,336353
6307,0.001183,172.31.36.0-255,66,71965,8,336353
6308,0.001203,74.125.24.0-255,5738,77703,8,336353
6309,0.001205,172.31.36.0-255,66,77769,8,336353
6310,0.001215,172.31.36.0-255,66,77835,8,336353
6311,0.001227,74.125.24.0-255,1484,79319,8,336353
6312,0.001241,74.125.24.0-255,766,80085,8,336353
6313,0.001243,172.31.36.0-255,66,80151,8,336353
6314,0.001293,74.125.24.0-255,1484,81635,8,336353
6315,0.00131,74.125.24.0-255,1484,83119,8,336353
6316,0.001313,172.31.36.0-255,66,83185,8,336353
6317,0.001319,74.125.24.0-255,4320,87505,8,336353
6318,0.001321,172.31.36.0-255,66,87571,8,336353
6319,0.001361,74.125.24.0-255,7156,94727,8,336353
6320,0.001364,172.31.36.0-255,66,94793,8,336353
6321,0.00138,74.125.24.0-255,2902,97695,8,336353
6322,0.001382,172.31.36.0-255,66,97761,8,336353
6323,0.001388,74.125.24.0-255,4320,102081,8,336353
6324,0.00139,172.31.36.0-255,66,102147,8,336353
6325,0.001435,172.31.36.0-255,66,102213,8,336353
6326,0.001447,74.125.24.0-255,766,102979,8,336353
6327,0.001638,74.125.24.0-255,1484,104463,8,336353
6328,0.001643,172.31.36.0-255,66,104529,8,336353
6329,0.001663,74.125.24.0-255,2902,107431,8,336353
6330,0.001666,172.31.36.0-255,66,107497,8,336353
6331,0.001673,74.125.24.0-255,5738,113235,8,336353
6332,0.001675,172.31.36.0-255,66,113301,8,336353
6333,0.001682,74.125.24.0-255,7156,120457,8,336353
6334,0.001684,172.31.36.0-255,66,120523,8,336353
6335,0.001709,74.125.24.0-255,4320,124843,8,336353
6336,0.001712,172.31.36.0-255,66,124909,8,336353
6337,0.001742,172.31.36.0-255,66,124975,8,336353
6338,0.001747,74.125.24.0-255,2184,127159,8,336353
6339,0.001749,172.31.36.0-255,66,127225,8,336353
6340,0.002207,74.125.24.0-255,1484,128709,8,336353
6341,0.002228,74.125.24.0-255,2902,131611,8,336353
6342,0.002232,172.31.36.0-255,66,131677,8,336353
6343,0.002235,74.125.24.0-255,1484,133161,8,336353
6344,0.002238,74.125.24.0-255,1484,134645,8,336353
6345,0.00224,172.31.36.0-255,66,134711,8,336353
6346,0.002256,74.125.24.0-255,4320,139031,8,336353
6347,0.002259,172.31.36.0-255,66,139097,8,336353
6348,0.002281,74.125.24.0-255,4320,143417,8,336353
6349,0.002283,172.31.36.0-255,66,143483,8,336353
6350,0.002306,74.125.24.0-255,4320,147803,8,336353
6351,0.002309,172.31.36.0-255,66,147869,8,336353
6352,0.002317,172.31.36.0-255,66,147935,8,336353
6353,0.002336,74.125.24.0-255,5020,152955,8,336353
6354,0.002339,172.31.36.0-255,66,153021,8,336353
6355,0.004625,74.125.24.0-255,5738,158759,8,336353
6356,0.004632,172.31.36.0-255,66,158825,8,336353
6357,0.006943,74.125.24.0-255,5738,164563,8,336353
6358,0.006949,172.31.36.0-255,66,164629,8,336353
6359,0.009259,74.125.24.0-255,5738,170367,8,336353
6360,0.009265,172.31.36.0-255,66,170433,8,336353
6361,0.011565,74.125.24.0-255,5738,176171,8,336353
6362,0.011571,172.31.36.0-255,66,176237,8,336353
6363,0.013893,74.125.24.0-255,5738,181975,8,336353
6364,0.013903,172.31.36.0-255,66,182041,8,336353
6365,0.016193,74.125.24.0-255,5738,187779,8,336353
6366,0.016202,172.31.36.0-255,66,187845,8,336353
6367,0.018523,74.125.24.0-255,5738,193583,8,336353
6368,0.018533,172.31.36.0-255,66,193649,8,336353
6369,0.020866,74.125.24.0-255,5738,199387,8,336353
6370,0.020876,172.31.36.0-255,66,199453,8,336353
6371,0.023186,74.125.24.0-255,5738,205191,8,336353
6372,0.023194,172.31.36.0-255,66,205257,8,336353
6373,0.025501,74.125.24.0-255,5738,210995,8,336353
6374,0.025507,172.31.36.0-255,66,211061,8,336353
6375,0.026257,172.31.36.0-255,167,211228,8,336353
6376,0.026294,172.31.36.0-255,1112,212340,8,336353
6377,0.026358,172.31.36.0-255,1514,213854,8,336353
6378,0.02636,172.31.36.0-255,1292,215146,8,336353
6379,0.027801,104.244.42.0-255,66,215212,8,336353
6380,0.027815,74.125.24.0-255,5738,220950,8,336353
6381,0.02782,172.31.36.0-255,66,221016,8,336353
6382,0.027989,104.244.42.0-255,66,221082,8,336353
6383,0.027995,104.244.42.0-255,66,221148,8,336353
6384,0.030123,74.125.24.0-255,5738,226886,8,336353
6385,0.03013,172.31.36.0-255,66,226952,8,336353
6386,0.032408,74.125.24.0-255,5738,232690,8,336353
6387,0.032414,172.31.36.0-255,66,232756,8,336353
6388,0.034757,74.125.24.0-255,5738,238494,8,336353
6389,0.034764,172.31.36.0-255,66,238560,8,336353
6390,0.037085,74.125.24.0-255,5738,244298,8,336353
6391,0.037093,172.31.36.0-255,66,244364,8,336353
6392,0.039399,74.125.24.0-255,5738,250102,8,336353
6393,0.039406,172.31.36.0-255,66,250168,8,336353
6394,0.041715,74.125.24.0-255,5738,255906,8,336353
6395,0.041722,172.31.36.0-255,66,255972,8,336353
6396,0.044017,74.125.24.0-255,5738,261710,8,336353
6397,0.044023,172.31.36.0-255,66,261776,8,336353
6398,0.046305,74.125.24.0-255,5738,267514,8,336353
6399,0.04631,172.31.36.0-255,66,267580,8,336353
6400,0.048597,74.125.24.0-255,5738,273318,8,336353
6401,0.048602,172.31.36.0-255,66,273384,8,336353
6402,0.050932,74.125.24.0-255,5738,279122,8,336353
6403,0.05094,172.31.36.0-255,66,279188,8,336353
6404,0.053229,74.125.24.0-255,5738,284926,8,336353
6405,0.053236,172.31.36.0-255,66,284992,8,336353
6406,0.055603,74.125.24.0-255,5738,290730,8,336353
6407,0.05561,172.31.36.0-255,66,290796,8,336353
6408,0.057896,74.125.24.0-255,5738,296534,8,336353
6409,0.057903,172.31.36.0-255,66,296600,8,336353
6410,0.060215,74.125.24.0-255,5738,302338,8,336353
6411,0.060222,172.31.36.0-255,66,302404,8,336353
6412,0.062556,74.125.24.0-255,5738,308142,8,336353
6413,0.062561,172.31.36.0-255,66,308208,8,336353
6414,0.064846,74.125.24.0-255,5738,313946,8,336353
6415,0.064852,172.31.36.0-255,66,314012,8,336353
6416,0.067149,74.125.24.0-255,5738,319750,8,336353
6417,0.067157,172.31.36.0-255,66,319816,8,336353
6418,0.06949,74.125.24.0-255,5738,325554,8,336353
6419,0.069497,172.31.36.0-255,66,325620,8,336353
6420,0.071807,74.125.24.0-255,5738,331358,8,336353
6421,0.071814,172.31.36.0-255,66,331424,8,336353
6422,0.074111,74.125.24.0-255,4167,335591,8,336353
6423,0.074117,172.31.36.0-255,66,335657,8,336353
6424,0.074332,172.31.36.0-255,105,335762,8,336353
6425,0.074367,172.31.36.0-255,105,335867,8,336353
6426,0.074599,172.31.36.0-255,90,335957,8,336353
6427,0.074608,172.31.36.0-255,66,336023,8,336353
6428,0.076609,74.125.24.0-255,66,336089,8,336353
6429,0.076706,74.125.24.0-255,66,336155,8,336353
6430,0.076924,74.125.24.0-255,66,336221,8,336353
6431,0.076958,74.125.24.0-255,66,336287,8,336353
6432,0.07698,172.31.36.0-255,66,336353,8,336353
6433,0.0,172.217.194.0-255,153,153,8,187900
6434,2e-05,172.217.194.0-255,1484,1637,8,187900
6435,3.2e-05,172.31.36.0-255,66,1703,8,187900
6436,4.2e-05,172.217.194.0-255,2902,4605,8,187900
6437,4.6e-05,172.31.36.0-255,66,4671,8,187900
6438,5.4e-05,172.217.194.0-255,7156,11827,8,187900
6439,5.7e-05,172.31.36.0-255,66,11893,8,187900
6440,6.2e-05,172.217.194.0-255,1992,13885,8,187900
6441,6.6e-05,172.31.36.0-255,66,13951,8,187900
6442,0.000121,172.217.194.0-255,2902,16853,8,187900
6443,0.000125,172.31.36.0-255,66,16919,8,187900
6444,0.000135,172.217.194.0-255,7156,24075,8,187900
6445,0.000137,172.31.36.0-255,66,24141,8,187900
6446,0.000156,172.217.194.0-255,1484,25625,8,187900
6447,0.000178,172.217.194.0-255,5379,31004,8,187900
6448,0.000181,172.31.36.0-255,66,31070,8,187900
6449,0.000356,172.217.194.0-255,1484,32554,8,187900
6450,0.000371,172.217.194.0-255,2902,35456,8,187900
6451,0.000375,172.31.36.0-255,66,35522,8,187900
6452,0.000401,172.217.194.0-255,5738,41260,8,187900
6453,0.000404,172.31.36.0-255,66,41326,8,187900
6454,0.000424,172.217.194.0-255,7156,48482,8,187900
6455,0.000427,172.31.36.0-255,66,48548,8,187900
6456,0.000449,172.217.194.0-255,6797,55345,8,187900
6457,0.000451,172.31.36.0-255,66,55411,8,187900
6458,0.000455,172.217.194.0-255,1484,56895,8,187900
6459,0.000485,172.31.36.0-255,66,56961,8,187900
6460,0.000831,172.217.194.0-255,99,57060,8,187900
6461,0.001068,172.217.194.0-255,1484,58544,8,187900
6462,0.001073,172.31.36.0-255,66,58610,8,187900
6463,0.001079,172.217.194.0-255,2902,61512,8,187900
6464,0.001081,172.31.36.0-255,66,61578,8,187900
6465,0.001089,172.217.194.0-255,5738,67316,8,187900
6466,0.001091,172.31.36.0-255,66,67382,8,187900
6467,0.001111,172.217.194.0-255,2902,70284,8,187900
6468,0.001113,172.31.36.0-255,66,70350,8,187900
6469,0.001153,172.31.36.0-255,66,70416,8,187900
6470,0.001164,172.31.36.0-255,66,70482,8,187900
6471,0.002773,172.217.194.0-255,1484,71966,8,187900
6472,0.002782,172.217.194.0-255,2902,74868,8,187900
6473,0.002787,172.31.36.0-255,66,74934,8,187900
6474,0.002793,172.217.194.0-255,1484,76418,8,187900
6475,0.002821,172.217.194.0-255,2902,79320,8,187900
6476,0.002824,172.31.36.0-255,66,79386,8,187900
6477,0.002845,172.217.194.0-255,5738,85124,8,187900
6478,0.002847,172.31.36.0-255,66,85190,8,187900
6479,0.002853,172.217.194.0-255,4320,89510,8,187900
6480,0.002855,172.31.36.0-255,66,89576,8,187900
6481,0.002862,172.217.194.0-255,7156,96732,8,187900
6482,0.002865,172.31.36.0-255,66,96798,8,187900
6483,0.002901,172.31.36.0-255,66,96864,8,187900
6484,0.003021,172.217.194.0-255,1484,98348,8,187900
6485,0.00305,172.217.194.0-255,2902,101250,8,187900
6486,0.003052,172.31.36.0-255,66,101316,8,187900
6487,0.003056,172.217.194.0-255,1484,102800,8,187900
6488,0.003072,172.217.194.0-255,4320,107120,8,187900
6489,0.003074,172.31.36.0-255,66,107186,8,187900
6490,0.0031,172.217.194.0-255,5738,112924,8,187900
6491,0.003102,172.31.36.0-255,66,112990,8,187900
6492,0.003106,172.217.194.0-255,1484,114474,8,187900
6493,0.003134,172.31.36.0-255,66,114540,8,187900
6494,0.00314,172.217.194.0-255,4320,118860,8,187900
6495,0.003143,172.31.36.0-255,66,118926,8,187900
6496,0.003159,172.217.194.0-255,766,119692,8,187900
6497,0.003344,172.217.194.0-255,1484,121176,8,187900
6498,0.003348,172.31.36.0-255,66,121242,8,187900
6499,0.003353,172.217.194.0-255,2902,124144,8,187900
6500,0.003355,172.31.36.0-255,66,124210,8,187900
6501,0.003371,172.217.194.0-255,2902,127112,8,187900
6502,0.003373,172.31.36.0-255,66,127178,8,187900
6503,0.003392,172.217.194.0-255,2902,130080,8,187900
6504,0.003395,172.31.36.0-255,66,130146,8,187900
6505,0.003406,172.31.36.0-255,66,130212,8,187900
6506,0.00342,172.31.36.0-255,66,130278,8,187900
6507,0.003444,172.217.194.0-255,2902,133180,8,187900
6508,0.003446,172.31.36.0-255,66,133246,8,187900
6509,0.003449,172.217.194.0-255,1484,134730,8,187900
6510,0.003453,172.217.194.0-255,2184,136914,8,187900
6511,0.003456,172.31.36.0-255,66,136980,8,187900
6512,0.003515,172.217.194.0-255,1484,138464,8,187900
6513,0.003518,172.217.194.0-255,1484,139948,8,187900
6514,0.003521,172.31.36.0-255,66,140014,8,187900
6515,0.003536,172.217.194.0-255,1484,141498,8,187900
6516,0.003541,172.217.194.0-255,2902,144400,8,187900
6517,0.003543,172.31.36.0-255,66,144466,8,187900
6518,0.003554,172.217.194.0-255,2902,147368,8,187900
6519,0.003557,172.31.36.0-255,66,147434,8,187900
6520,0.003565,172.217.194.0-255,7156,154590,8,187900
6521,0.003568,172.31.36.0-255,66,154656,8,187900
6522,0.003588,172.217.194.0-255,5738,160394,8,187900
6523,0.003591,172.31.36.0-255,66,160460,8,187900
6524,0.003625,172.31.36.0-255,66,160526,8,187900
6525,0.003629,172.217.194.0-255,2184,162710,8,187900
6526,0.003631,172.31.36.0-255,66,162776,8,187900
6527,0.003649,172.217.194.0-255,7156,169932,8,187900
6528,0.003652,172.31.36.0-255,66,169998,8,187900
6529,0.003694,172.31.36.0-255,66,170064,8,187900
6530,0.003709,172.31.36.0-255,66,170130,8,187900
6531,0.003741,172.31.36.0-255,66,170196,8,187900
6532,0.003793,172.31.36.0-255,66,170262,8,187900
6533,0.003813,172.31.36.0-255,66,170328,8,187900
6534,0.00382,172.217.194.0-255,7156,177484,8,187900
6535,0.003823,172.31.36.0-255,66,177550,8,187900
6536,0.003867,172.31.36.0-255,66,177616,8,187900
6537,0.003886,172.31.36.0-255,66,177682,8,187900
6538,0.0039,172.31.36.0-255,66,177748,8,187900
6539,0.003928,172.217.194.0-255,766,178514,8,187900
6540,0.00395,172.31.36.0-255,66,178580,8,187900
6541,0.004033,172.31.36.0-255,66,178646,8,187900
6542,0.004037,172.217.194.0-255,105,178751,8,187900
6543,0.006707,172.31.36.0-255,105,178856,8,187900
6544,0.009047,172.217.194.0-255,66,178922,8,187900
6545,0.031564,172.31.36.0-255,172,179094,8,187900
6546,0.031595,172.31.36.0-255,1110,180204,8,187900
6547,0.031651,172.31.36.0-255,1514,181718,8,187900
6548,0.031653,172.31.36.0-255,1514,183232,8,187900
6549,0.031658,172.31.36.0-255,1514,184746,8,187900
6550,0.031659,172.31.36.0-255,1514,186260,8,187900
6551,0.031678,172.31.36.0-255,1376,187636,8,187900
6552,0.03311,104.244.42.0-255,66,187702,8,187900
6553,0.033296,104.244.42.0-255,66,187768,8,187900
6554,0.0333,104.244.42.0-255,66,187834,8,187900
6555,0.033328,104.244.42.0-255,66,187900,8,187900
6556,0.0,74.125.24.0-255,171,171,8,180557
6557,3.1e-05,74.125.24.0-255,1484,1655,8,180557
6558,4.3e-05,172.31.36.0-255,66,1721,8,180557
6559,5.1e-05,74.125.24.0-255,2902,4623,8,180557
6560,5.4e-05,172.31.36.0-255,66,4689,8,180557
6561,6.2e-05,74.125.24.0-255,7156,11845,8,180557
6562,6.5e-05,172.31.36.0-255,66,11911,8,180557
6563,9.9e-05,172.31.36.0-255,66,11977,8,180557
6564,0.000109,74.125.24.0-255,6797,18774,8,180557
6565,0.000112,172.31.36.0-255,66,18840,8,180557
6566,0.000229,74.125.24.0-255,1484,20324,8,180557
6567,0.000244,74.125.24.0-255,2902,23226,8,180557
6568,0.000248,172.31.36.0-255,66,23292,8,180557
6569,0.000254,74.125.24.0-255,4320,27612,8,180557
6570,0.000256,172.31.36.0-255,66,27678,8,180557
6571,0.000299,172.31.36.0-255,66,27744,8,180557
6572,0.000305,74.125.24.0-255,4320,32064,8,180557
6573,0.000307,172.31.36.0-255,66,32130,8,180557
6574,0.000357,74.125.24.0-255,2902,35032,8,180557
6575,0.000361,172.31.36.0-255,66,35098,8,180557
6576,0.000385,172.31.36.0-255,66,35164,8,180557
6577,0.000402,74.125.24.0-255,331,35495,8,180557
6578,0.000457,172.31.36.0-255,101,35596,8,180557
6579,0.000559,74.125.24.0-255,1484,37080,8,180557
6580,0.000563,74.125.24.0-255,1484,38564,8,180557
6581,0.000567,172.31.36.0-255,66,38630,8,180557
6582,0.000574,74.125.24.0-255,1484,40114,8,180557
6583,0.000581,74.125.24.0-255,5738,45852,8,180557
6584,0.000584,172.31.36.0-255,66,45918,8,180557
6585,0.000603,74.125.24.0-255,4320,50238,8,180557
6586,0.000606,172.31.36.0-255,66,50304,8,180557
6587,0.000626,172.31.36.0-255,66,50370,8,180557
6588,0.00064,172.31.36.0-255,66,50436,8,180557
6589,0.000684,74.125.24.0-255,766,51202,8,180557
6590,0.000923,74.125.24.0-255,1484,52686,8,180557
6591,0.000927,172.31.36.0-255,66,52752,8,180557
6592,0.000948,74.125.24.0-255,2902,55654,8,180557
6593,0.000952,172.31.36.0-255,66,55720,8,180557
6594,0.000956,74.125.24.0-255,2902,58622,8,180557
6595,0.000959,172.31.36.0-255,66,58688,8,180557
6596,0.000981,74.125.24.0-255,1484,60172,8,180557
6597,0.000997,74.125.24.0-255,5738,65910,8,180557
6598,0.001,172.31.36.0-255,66,65976,8,180557
6599,0.001016,74.125.24.0-255,4320,70296,8,180557
6600,0.001019,172.31.36.0-255,66,70362,8,180557
6601,0.00105,172.31.36.0-255,66,70428,8,180557
6602,0.001056,74.125.24.0-255,3602,74030,8,180557
6603,0.001058,172.31.36.0-255,66,74096,8,180557
6604,0.001154,74.125.24.0-255,1484,75580,8,180557
6605,0.00116,74.125.24.0-255,2902,78482,8,180557
6606,0.001164,172.31.36.0-255,66,78548,8,180557
6607,0.001186,74.125.24.0-255,5738,84286,8,180557
6608,0.001189,172.31.36.0-255,66,84352,8,180557
6609,0.001228,172.31.36.0-255,66,84418,8,180557
6610,0.001241,172.31.36.0-255,66,84484,8,180557
6611,0.002056,74.125.24.0-255,1484,85968,8,180557
6612,0.002068,74.125.24.0-255,2902,88870,8,180557
6613,0.002073,172.31.36.0-255,66,88936,8,180557
6614,0.002081,74.125.24.0-255,5738,94674,8,180557
6615,0.002083,172.31.36.0-255,66,94740,8,180557
6616,0.002121,172.31.36.0-255,66,94806,8,180557
6617,0.002128,74.125.24.0-255,5738,100544,8,180557
6618,0.00213,172.31.36.0-255,66,100610,8,180557
6619,0.002151,74.125.24.0-255,5020,105630,8,180557
6620,0.002154,172.31.36.0-255,66,105696,8,180557
6621,0.002286,74.125.24.0-255,1484,107180,8,180557
6622,0.002292,74.125.24.0-255,2902,110082,8,180557
6623,0.002296,172.31.36.0-255,66,110148,8,180557
6624,0.002303,74.125.24.0-255,2902,113050,8,180557
6625,0.002304,172.31.36.0-255,66,113116,8,180557
6626,0.002321,74.125.24.0-255,2902,116018,8,180557
6627,0.002323,172.31.36.0-255,66,116084,8,180557
6628,0.002335,172.31.36.0-255,66,116150,8,180557
6629,0.002367,74.125.24.0-255,5738,121888,8,180557
6630,0.00237,172.31.36.0-255,66,121954,8,180557
6631,0.002399,172.31.36.0-255,66,122020,8,180557
6632,0.002416,172.31.36.0-255,66,122086,8,180557
6633,0.002438,74.125.24.0-255,1484,123570,8,180557
6634,0.002464,172.31.36.0-255,66,123636,8,180557
6635,0.002498,172.31.36.0-255,66,123702,8,180557
6636,0.002553,172.31.36.0-255,66,123768,8,180557
6637,0.002582,74.125.24.0-255,3602,127370,8,180557
6638,0.002584,172.31.36.0-255,66,127436,8,180557
6639,0.002604,172.31.36.0-255,66,127502,8,180557
6640,0.002621,172.31.36.0-255,66,127568,8,180557
6641,0.002625,74.125.24.0-255,4320,131888,8,180557
6642,0.002628,172.31.36.0-255,66,131954,8,180557
6643,0.002631,74.125.24.0-255,1484,133438,8,180557
6644,0.002637,74.125.24.0-255,5738,139176,8,180557
6645,0.00264,172.31.36.0-255,66,139242,8,180557
6646,0.002668,74.125.24.0-255,5738,144980,8,180557
6647,0.002671,172.31.36.0-255,66,145046,8,180557
6648,0.002674,74.125.24.0-255,1484,146530,8,180557
6649,0.002677,74.125.24.0-255,1484,148014,8,180557
6650,0.00268,172.31.36.0-255,78,148092,8,180557
6651,0.002692,172.31.36.0-255,78,148170,8,180557
6652,0.002706,74.125.24.0-255,3602,151772,8,180557
6653,0.002709,172.31.36.0-255,66,151838,8,180557
6654,0.002714,74.125.24.0-255,5738,157576,8,180557
6655,0.002717,172.31.36.0-255,66,157642,8,180557
6656,0.00273,74.125.24.0-255,1484,159126,8,180557
6657,0.002758,172.31.36.0-255,66,159192,8,180557
6658,0.002761,74.125.24.0-255,766,159958,8,180557
6659,0.002765,74.125.24.0-255,2902,162860,8,180557
6660,0.002767,172.31.36.0-255,66,162926,8,180557
6661,0.002782,74.125.24.0-255,7045,169971,8,180557
6662,0.002785,172.31.36.0-255,66,170037,8,180557
6663,0.002787,74.125.24.0-255,97,170134,8,180557
6664,0.002816,74.125.24.0-255,105,170239,8,180557
6665,0.002934,74.125.24.0-255,66,170305,8,180557
6666,0.008847,172.31.36.0-255,66,170371,8,180557
6667,0.008872,172.31.36.0-255,105,170476,8,180557
6668,0.011368,74.125.24.0-255,66,170542,8,180557
6669,0.039287,172.31.36.0-255,176,170718,8,180557
6670,0.039319,172.31.36.0-255,1110,171828,8,180557
6671,0.039364,172.31.36.0-255,1514,173342,8,180557
6672,0.039366,172.31.36.0-255,1514,174856,8,180557
6673,0.039368,172.31.36.0-255,1514,176370,8,180557
6674,0.039375,172.31.36.0-255,1514,177884,8,180557
6675,0.039376,172.31.36.0-255,1514,179398,8,180557
6676,0.039377,172.31.36.0-255,895,180293,8,180557
6677,0.040774,104.244.42.0-255,66,180359,8,180557
6678,0.040815,104.244.42.0-255,66,180425,8,180557
6679,0.040886,104.244.42.0-255,66,180491,8,180557
6680,0.040892,104.244.42.0-255,66,180557,8,180557
6681,0.0,172.31.36.0-255,225,225,8,291
6682,0.007327,172.253.118.0-255,66,291,8,291
6683,0.0,172.217.194.0-255,143,143,8,231063
6684,1.5e-05,172.217.194.0-255,1484,1627,8,231063
6685,2.3e-05,172.31.36.0-255,66,1693,8,231063
6686,5.2e-05,172.217.194.0-255,2902,4595,8,231063
6687,5.6e-05,172.31.36.0-255,66,4661,8,231063
6688,6.3e-05,172.217.194.0-255,5738,10399,8,231063
6689,6.7e-05,172.31.36.0-255,66,10465,8,231063
6690,0.000106,172.31.36.0-255,66,10531,8,231063
6691,0.000139,172.217.194.0-255,6797,17328,8,231063
6692,0.000143,172.31.36.0-255,66,17394,8,231063
6693,0.000184,172.217.194.0-255,1484,18878,8,231063
6694,0.000188,172.217.194.0-255,1484,20362,8,231063
6695,0.000191,172.31.36.0-255,66,20428,8,231063
6696,0.000209,172.217.194.0-255,1484,21912,8,231063
6697,0.000212,172.217.194.0-255,1484,23396,8,231063
6698,0.000214,172.31.36.0-255,66,23462,8,231063
6699,0.000235,172.217.194.0-255,4320,27782,8,231063
6700,0.000238,172.31.36.0-255,66,27848,8,231063
6701,0.000253,172.217.194.0-255,2902,30750,8,231063
6702,0.000256,172.31.36.0-255,66,30816,8,231063
6703,0.000277,172.217.194.0-255,5379,36195,8,231063
6704,0.00028,172.31.36.0-255,66,36261,8,231063
6705,0.000282,172.217.194.0-255,1484,37745,8,231063
6706,0.0003,172.217.194.0-255,7156,44901,8,231063
6707,0.000303,172.31.36.0-255,66,44967,8,231063
6708,0.00033,172.217.194.0-255,6797,51764,8,231063
6709,0.000333,172.31.36.0-255,66,51830,8,231063
6710,0.000336,172.217.194.0-255,676,52506,8,231063
6711,0.000669,172.217.194.0-255,1484,53990,8,231063
6712,0.000674,172.31.36.0-255,66,54056,8,231063
6713,0.00068,172.217.194.0-255,2902,56958,8,231063
6714,0.000683,172.31.36.0-255,66,57024,8,231063
6715,0.000686,172.217.194.0-255,1484,58508,8,231063
6716,0.000705,172.217.194.0-255,4320,62828,8,231063
6717,0.000707,172.31.36.0-255,66,62894,8,231063
6718,0.000744,172.31.36.0-255,66,62960,8,231063
6719,0.000752,172.217.194.0-255,7156,70116,8,231063
6720,0.000754,172.31.36.0-255,66,70182,8,231063
6721,0.000769,172.217.194.0-255,1484,71666,8,231063
6722,0.000783,172.217.194.0-255,2184,73850,8,231063
6723,0.000786,172.31.36.0-255,66,73916,8,231063
6724,0.000855,172.217.194.0-255,1484,75400,8,231063
6725,0.000861,172.217.194.0-255,2902,78302,8,231063
6726,0.000864,172.31.36.0-255,66,78368,8,231063
6727,0.000872,172.217.194.0-255,4320,82688,8,231063
6728,0.000874,172.31.36.0-255,66,82754,8,231063
6729,0.000885,172.217.194.0-255,1484,84238,8,231063
6730,0.000888,172.217.194.0-255,1484,85722,8,231063
6731,0.00089,172.31.36.0-255,66,85788,8,231063
6732,0.000919,172.31.36.0-255,66,85854,8,231063
6733,0.000942,172.217.194.0-255,2902,88756,8,231063
6734,0.000944,172.31.36.0-255,66,88822,8,231063
6735,0.000973,172.31.36.0-255,66,88888,8,231063
6736,0.001018,172.217.194.0-255,1484,90372,8,231063
6737,0.001035,172.217.194.0-255,2902,93274,8,231063
6738,0.001038,172.217.194.0-255,2902,96176,8,231063
6739,0.001042,172.31.36.0-255,66,96242,8,231063
6740,0.001046,172.31.36.0-255,66,96308,8,231063
6741,0.001057,172.217.194.0-255,2902,99210,8,231063
6742,0.001061,172.31.36.0-255,66,99276,8,231063
6743,0.001065,172.217.194.0-255,1484,100760,8,231063
6744,0.001134,172.31.36.0-255,66,100826,8,231063
6745,0.001153,172.217.194.0-255,1484,102310,8,231063
6746,0.001165,172.31.36.0-255,66,102376,8,231063
6747,0.001169,172.217.194.0-255,2184,104560,8,231063
6748,0.001172,172.31.36.0-255,66,104626,8,231063
6749,0.001224,172.217.194.0-255,1484,106110,8,231063
6750,0.001229,172.217.194.0-255,1484,107594,8,231063
6751,0.001231,172.31.36.0-255,66,107660,8,231063
6752,0.001251,172.217.194.0-255,1484,109144,8,231063
6753,0.001259,172.217.194.0-255,5738,114882,8,231063
6754,0.001261,172.31.36.0-255,66,114948,8,231063
6755,0.001264,172.217.194.0-255,1484,116432,8,231063
6756,0.001282,172.217.194.0-255,2902,119334,8,231063
6757,0.001284,172.31.36.0-255,66,119400,8,231063
6758,0.001318,172.31.36.0-255,66,119466,8,231063
6759,0.001331,172.31.36.0-255,66,119532,8,231063
6760,0.001558,172.217.194.0-255,1484,121016,8,231063
6761,0.001563,172.217.194.0-255,1484,122500,8,231063
6762,0.001566,172.31.36.0-255,66,122566,8,231063
6763,0.001582,172.217.194.0-255,1484,124050,8,231063
6764,0.001588,172.217.194.0-255,4320,128370,8,231063
6765,0.00159,172.31.36.0-255,66,128436,8,231063
6766,0.001605,172.217.194.0-255,1484,129920,8,231063
6767,0.001613,172.217.194.0-255,5738,135658,8,231063
6768,0.001615,172.31.36.0-255,66,135724,8,231063
6769,0.001638,172.217.194.0-255,1484,137208,8,231063
6770,0.001654,172.31.36.0-255,66,137274,8,231063
6771,0.001658,172.217.194.0-255,2184,139458,8,231063
6772,0.00166,172.31.36.0-255,66,139524,8,231063
6773,0.001709,172.217.194.0-255,4320,143844,8,231063
6774,0.001712,172.31.36.0-255,66,143910,8,231063
6775,0.00175,172.31.36.0-255,66,143976,8,231063
6776,0.001753,172.217.194.0-255,1484,145460,8,231063
6777,0.00179,172.31.36.0-255,66,145526,8,231063
6778,0.001807,172.31.36.0-255,66,145592,8,231063
6779,0.001832,172.217.194.0-255,2902,148494,8,231063
6780,0.001835,172.31.36.0-255,66,148560,8,231063
6781,0.001856,172.217.194.0-255,7156,155716,8,231063
6782,0.00186,172.31.36.0-255,66,155782,8,231063
6783,0.002013,172.217.194.0-255,1484,157266,8,231063
6784,0.002031,172.217.194.0-255,2902,160168,8,231063
6785,0.002048,172.217.194.0-255,5738,165906,8,231063
6786,0.002123,172.217.194.0-255,7156,173062,8,231063
6787,0.002143,172.217.194.0-255,6438,179500,8,231063
6788,0.00218,172.217.194.0-255,4320,183820,8,231063
6789,0.002205,172.217.194.0-255,1484,185304,8,231063
6790,0.002213,172.217.194.0-255,7156,192460,8,231063
6791,0.002221,172.217.194.0-255,7156,199616,8,231063
6792,0.002234,172.217.194.0-255,5738,205354,8,231063
6793,0.002254,172.217.194.0-255,1484,206838,8,231063
6794,0.002262,172.217.194.0-255,6438,213276,8,231063
6795,0.002265,172.217.194.0-255,1484,214760,8,231063
6796,0.002291,172.217.194.0-255,6820,221580,8,231063
6797,0.002294,172.217.194.0-255,97,221677,8,231063
6798,0.002321,172.217.194.0-255,105,221782,8,231063
6799,0.002601,172.31.36.0-255,66,221848,8,231063
6800,0.005118,172.31.36.0-255,105,221953,8,231063
6801,0.007874,172.217.194.0-255,66,222019,8,231063
6802,0.030016,172.31.36.0-255,172,222191,8,231063
6803,0.030049,172.31.36.0-255,1110,223301,8,231063
6804,0.030116,172.31.36.0-255,1514,224815,8,231063
6805,0.030118,172.31.36.0-255,1514,226329,8,231063
6806,0.030124,172.31.36.0-255,1514,227843,8,231063
6807,0.030125,172.31.36.0-255,1514,229357,8,231063
6808,0.030144,172.31.36.0-255,1376,230733,8,231063
6809,0.031723,104.244.42.0-255,66,230799,8,231063
6810,0.031733,104.244.42.0-255,66,230865,8,231063
6811,0.031782,104.244.42.0-255,66,230931,8,231063
6812,0.031834,104.244.42.0-255,66,230997,8,231063
6813,0.031837,104.244.42.0-255,66,231063,8,231063
6814,0.0,172.31.36.0-255,180,180,8,11554
6815,4e-05,172.31.36.0-255,638,818,8,11554
6816,0.001536,104.244.42.0-255,66,884,8,11554
6817,0.001579,104.244.42.0-255,66,950,8,11554
6818,0.047347,172.31.36.0-255,171,1121,8,11554
6819,0.047388,172.31.36.0-255,1130,2251,8,11554
6820,0.047464,172.31.36.0-255,1514,3765,8,11554
6821,0.047466,172.31.36.0-255,1514,5279,8,11554
6822,0.047473,172.31.36.0-255,1514,6793,8,11554
6823,0.047474,172.31.36.0-255,1514,8307,8,11554
6824,0.047502,172.31.36.0-255,1514,9821,8,11554
6825,0.047503,172.31.36.0-255,1469,11290,8,11554
6826,0.048919,104.244.42.0-255,66,11356,8,11554
6827,0.048964,104.244.42.0-255,66,11422,8,11554
6828,0.049019,104.244.42.0-255,66,11488,8,11554
6829,0.049064,104.244.42.0-255,66,11554,8,11554
6830,0.0,74.125.24.0-255,145,145,8,178973
6831,3.4e-05,172.31.36.0-255,66,211,8,178973
6832,4.2e-05,74.125.24.0-255,1484,1695,8,178973
6833,4.6e-05,172.31.36.0-255,66,1761,8,178973
6834,6e-05,74.125.24.0-255,2902,4663,8,178973
6835,6.3e-05,172.31.36.0-255,66,4729,8,178973
6836,7.1e-05,74.125.24.0-255,4320,9049,8,178973
6837,7.5e-05,172.31.36.0-255,66,9115,8,178973
6838,8e-05,74.125.24.0-255,2902,12017,8,178973
6839,8.3e-05,172.31.36.0-255,66,12083,8,178973
6840,0.000117,74.125.24.0-255,2056,14139,8,178973
6841,0.00012,172.31.36.0-255,66,14205,8,178973
6842,0.000173,74.125.24.0-255,1484,15689,8,178973
6843,0.000177,172.31.36.0-255,66,15755,8,178973
6844,0.000213,74.125.24.0-255,2902,18657,8,178973
6845,0.000216,172.31.36.0-255,66,18723,8,178973
6846,0.000222,74.125.24.0-255,5738,24461,8,178973
6847,0.000224,172.31.36.0-255,66,24527,8,178973
6848,0.000248,172.31.36.0-255,66,24593,8,178973
6849,0.000252,74.125.24.0-255,2902,27495,8,178973
6850,0.000255,172.31.36.0-255,66,27561,8,178973
6851,0.000292,74.125.24.0-255,7156,34717,8,178973
6852,0.000295,172.31.36.0-255,66,34783,8,178973
6853,0.00032,172.31.36.0-255,66,34849,8,178973
6854,0.000349,74.125.24.0-255,1484,36333,8,178973
6855,0.000352,172.31.36.0-255,66,36399,8,178973
6856,0.000355,74.125.24.0-255,766,37165,8,178973
6857,0.000358,172.31.36.0-255,66,37231,8,178973
6858,0.000661,74.125.24.0-255,363,37594,8,178973
6859,0.000665,172.31.36.0-255,66,37660,8,178973
6860,0.000809,74.125.24.0-255,132,37792,8,178973
6861,0.000813,172.31.36.0-255,66,37858,8,178973
6862,0.000837,74.125.24.0-255,1484,39342,8,178973
6863,0.00084,172.31.36.0-255,66,39408,8,178973
6864,0.000846,74.125.24.0-255,2902,42310,8,178973
6865,0.000849,172.31.36.0-255,66,42376,8,178973
6866,0.000881,74.125.24.0-255,7156,49532,8,178973
6867,0.000883,172.31.36.0-255,66,49598,8,178973
6868,0.000886,74.125.24.0-255,1484,51082,8,178973
6869,0.000888,172.31.36.0-255,66,51148,8,178973
6870,0.000938,172.31.36.0-255,66,51214,8,178973
6871,0.000945,74.125.24.0-255,6438,57652,8,178973
6872,0.000948,172.31.36.0-255,66,57718,8,178973
6873,0.001272,74.125.24.0-255,1484,59202,8,178973
6874,0.001277,172.31.36.0-255,66,59268,8,178973
6875,0.001288,74.125.24.0-255,2902,62170,8,178973
6876,0.001297,172.31.36.0-255,66,62236,8,178973
6877,0.001305,74.125.24.0-255,5738,67974,8,178973
6878,0.001307,172.31.36.0-255,66,68040,8,178973
6879,0.00135,172.31.36.0-255,66,68106,8,178973
6880,0.001357,74.125.24.0-255,4320,72426,8,178973
6881,0.001359,172.31.36.0-255,66,72492,8,178973
6882,0.00139,74.125.24.0-255,4320,76812,8,178973
6883,0.001394,172.31.36.0-255,66,76878,8,178973
6884,0.001398,74.125.24.0-255,2184,79062,8,178973
6885,0.001401,172.31.36.0-255,66,79128,8,178973
6886,0.001633,74.125.24.0-255,1484,80612,8,178973
6887,0.00164,172.31.36.0-255,66,80678,8,178973
6888,0.001647,74.125.24.0-255,2902,83580,8,178973
6889,0.001649,172.31.36.0-255,66,83646,8,178973
6890,0.001662,74.125.24.0-255,5738,89384,8,178973
6891,0.001708,74.125.24.0-255,7156,96540,8,178973
6892,0.001728,74.125.24.0-255,3602,100142,8,178973
6893,0.001739,74.125.24.0-255,1484,101626,8,178973
6894,0.001812,74.125.24.0-255,2902,104528,8,178973
6895,0.001866,74.125.24.0-255,1484,106012,8,178973
6896,0.00187,74.125.24.0-255,2902,108914,8,178973
6897,0.001873,74.125.24.0-255,1484,110398,8,178973
6898,0.001887,74.125.24.0-255,4320,114718,8,178973
6899,0.001902,74.125.24.0-255,1484,116202,8,178973
6900,0.001914,74.125.24.0-255,4320,120522,8,178973
6901,0.001934,74.125.24.0-255,7156,127678,8,178973
6902,0.001937,74.125.24.0-255,1484,129162,8,178973
6903,0.001966,74.125.24.0-255,4320,133482,8,178973
6904,0.001987,74.125.24.0-255,5020,138502,8,178973
6905,0.002009,74.125.24.0-255,5738,144240,8,178973
6906,0.002031,74.125.24.0-255,4320,148560,8,178973
6907,0.002068,74.125.24.0-255,4320,152880,8,178973
6908,0.002092,74.125.24.0-255,1484,154364,8,178973
6909,0.002238,74.125.24.0-255,7156,161520,8,178973
6910,0.002262,74.125.24.0-255,1484,163004,8,178973
6911,0.002294,74.125.24.0-255,2902,165906,8,178973
6912,0.002376,74.125.24.0-255,2902,168808,8,178973
6913,0.00421,172.31.36.0-255,66,168874,8,178973
6914,0.006509,74.125.24.0-255,3315,172189,8,178973
6915,0.006519,172.31.36.0-255,66,172255,8,178973
6916,0.00869,172.31.36.0-255,105,172360,8,178973
6917,0.010934,74.125.24.0-255,66,172426,8,178973
6918,0.046486,172.31.36.0-255,172,172598,8,178973
6919,0.04652,172.31.36.0-255,1107,173705,8,178973
6920,0.046582,172.31.36.0-255,1514,175219,8,178973
6921,0.046584,172.31.36.0-255,1514,176733,8,178973
6922,0.046585,172.31.36.0-255,1514,178247,8,178973
6923,0.046586,172.31.36.0-255,462,178709,8,178973
6924,0.048037,104.244.42.0-255,66,178775,8,178973
6925,0.048075,104.244.42.0-255,66,178841,8,178973
6926,0.048171,104.244.42.0-255,66,178907,8,178973
6927,0.048175,104.244.42.0-255,66,178973,8,178973
6928,0.0,74.125.24.0-255,153,153,8,252417
6929,1.9e-05,172.31.36.0-255,66,219,8,252417
6930,2.6e-05,74.125.24.0-255,1484,1703,8,252417
6931,3e-05,172.31.36.0-255,66,1769,8,252417
6932,3.5e-05,74.125.24.0-255,2902,4671,8,252417
6933,4e-05,172.31.36.0-255,66,4737,8,252417
6934,4.7e-05,74.125.24.0-255,7156,11893,8,252417
6935,5e-05,172.31.36.0-255,66,11959,8,252417
6936,5.3e-05,74.125.24.0-255,2084,14043,8,252417
6937,5.6e-05,172.31.36.0-255,66,14109,8,252417
6938,0.000111,74.125.24.0-255,1484,15593,8,252417
6939,0.000115,172.31.36.0-255,66,15659,8,252417
6940,0.00012,74.125.24.0-255,2902,18561,8,252417
6941,0.000123,172.31.36.0-255,66,18627,8,252417
6942,0.000151,74.125.24.0-255,5738,24365,8,252417
6943,0.000155,172.31.36.0-255,66,24431,8,252417
6944,0.00016,74.125.24.0-255,4320,28751,8,252417
6945,0.000162,172.31.36.0-255,66,28817,8,252417
6946,0.000201,74.125.24.0-255,2543,31360,8,252417
6947,0.000205,172.31.36.0-255,66,31426,8,252417
6948,0.000313,74.125.24.0-255,1484,32910,8,252417
6949,0.000317,172.31.36.0-255,66,32976,8,252417
6950,0.000323,74.125.24.0-255,2902,35878,8,252417
6951,0.000326,172.31.36.0-255,66,35944,8,252417
6952,0.000331,74.125.24.0-255,2902,38846,8,252417
6953,0.000333,172.31.36.0-255,66,38912,8,252417
6954,0.000358,74.125.24.0-255,2902,41814,8,252417
6955,0.000361,172.31.36.0-255,66,41880,8,252417
6956,0.000368,74.125.24.0-255,5738,47618,8,252417
6957,0.000373,172.31.36.0-255,66,47684,8,252417
6958,0.000406,172.31.36.0-255,66,47750,8,252417
6959,0.000424,74.125.24.0-255,2543,50293,8,252417
6960,0.000428,172.31.36.0-255,66,50359,8,252417
6961,0.000434,74.125.24.0-255,4235,54594,8,252417
6962,0.000436,172.31.36.0-255,66,54660,8,252417
6963,0.000439,74.125.24.0-255,130,54790,8,252417
6964,0.000444,74.125.24.0-255,348,55138,8,252417
6965,0.00068,74.125.24.0-255,1484,56622,8,252417
6966,0.000685,172.31.36.0-255,66,56688,8,252417
6967,0.00069,74.125.24.0-255,2902,59590,8,252417
6968,0.000692,74.125.24.0-255,1484,61074,8,252417
6969,0.000694,172.31.36.0-255,66,61140,8,252417
6970,0.00071,74.125.24.0-255,4320,65460,8,252417
6971,0.000713,172.31.36.0-255,66,65526,8,252417
6972,0.000718,74.125.24.0-255,4320,69846,8,252417
6973,0.00072,172.31.36.0-255,66,69912,8,252417
6974,0.000774,172.31.36.0-255,66,69978,8,252417
6975,0.000794,74.125.24.0-255,2902,72880,8,252417
6976,0.000797,172.31.36.0-255,66,72946,8,252417
6977,0.000807,172.31.36.0-255,66,73012,8,252417
6978,0.001083,74.125.24.0-255,1484,74496,8,252417
6979,0.001092,74.125.24.0-255,2902,77398,8,252417
6980,0.001096,172.31.36.0-255,66,77464,8,252417
6981,0.001102,74.125.24.0-255,4320,81784,8,252417
6982,0.001105,172.31.36.0-255,66,81850,8,252417
6983,0.001121,74.125.24.0-255,1484,83334,8,252417
6984,0.001127,74.125.24.0-255,2902,86236,8,252417
6985,0.001129,172.31.36.0-255,66,86302,8,252417
6986,0.001168,74.125.24.0-255,4320,90622,8,252417
6987,0.001173,172.31.36.0-255,66,90688,8,252417
6988,0.001184,172.31.36.0-255,66,90754,8,252417
6989,0.001192,74.125.24.0-255,6438,97192,8,252417
6990,0.001194,172.31.36.0-255,66,97258,8,252417
6991,0.001506,74.125.24.0-255,1484,98742,8,252417
6992,0.001514,74.125.24.0-255,2902,101644,8,252417
6993,0.001517,172.31.36.0-255,66,101710,8,252417
6994,0.001525,74.125.24.0-255,5738,107448,8,252417
6995,0.001527,172.31.36.0-255,66,107514,8,252417
6996,0.001532,74.125.24.0-255,4320,111834,8,252417
6997,0.001534,172.31.36.0-255,66,111900,8,252417
6998,0.001538,74.125.24.0-255,2902,114802,8,252417
6999,0.00154,172.31.36.0-255,66,114868,8,252417
7000,0.001566,172.31.36.0-255,66,114934,8,252417
7001,0.00162,74.125.24.0-255,7156,122090,8,252417
7002,0.001624,172.31.36.0-255,66,122156,8,252417
7003,0.001643,74.125.24.0-255,766,122922,8,252417
7004,0.001703,74.125.24.0-255,1484,124406,8,252417
7005,0.001708,172.31.36.0-255,66,124472,8,252417
7006,0.001714,74.125.24.0-255,2902,127374,8,252417
7007,0.001717,172.31.36.0-255,66,127440,8,252417
7008,0.001724,74.125.24.0-255,5738,133178,8,252417
7009,0.001726,172.31.36.0-255,66,133244,8,252417
7010,0.00173,74.125.24.0-255,2902,136146,8,252417
7011,0.001733,172.31.36.0-255,66,136212,8,252417
7012,0.001762,74.125.24.0-255,5738,141950,8,252417
7013,0.001765,172.31.36.0-255,66,142016,8,252417
7014,0.001816,172.31.36.0-255,66,142082,8,252417
7015,0.001819,74.125.24.0-255,1484,143566,8,252417
7016,0.001845,172.31.36.0-255,66,143632,8,252417
7017,0.001856,172.31.36.0-255,66,143698,8,252417
7018,0.001896,74.125.24.0-255,1484,145182,8,252417
7019,0.001921,172.31.36.0-255,66,145248,8,252417
7020,0.001983,172.31.36.0-255,66,145314,8,252417
7021,0.001986,74.125.24.0-255,1484,146798,8,252417
7022,0.002052,74.125.24.0-255,2902,149700,8,252417
7023,0.002058,74.125.24.0-255,5738,155438,8,252417
7024,0.002079,74.125.24.0-255,766,156204,8,252417
7025,0.002098,172.31.36.0-255,66,156270,8,252417
7026,0.002173,74.125.24.0-255,1484,157754,8,252417
7027,0.002186,74.125.24.0-255,2902,160656,8,252417
7028,0.002189,172.31.36.0-255,66,160722,8,252417
7029,0.002195,74.125.24.0-255,4320,165042,8,252417
7030,0.002201,172.31.36.0-255,66,165108,8,252417
7031,0.002213,74.125.24.0-255,5738,170846,8,252417
7032,0.002217,172.31.36.0-255,66,170912,8,252417
7033,0.002229,74.125.24.0-255,2902,173814,8,252417
7034,0.00225,74.125.24.0-255,7156,180970,8,252417
7035,0.002252,172.31.36.0-255,66,181036,8,252417
7036,0.002257,172.31.36.0-255,66,181102,8,252417
7037,0.00229,74.125.24.0-255,4320,185422,8,252417
7038,0.002297,172.31.36.0-255,66,185488,8,252417
7039,0.002311,74.125.24.0-255,4320,189808,8,252417
7040,0.002325,74.125.24.0-255,1484,191292,8,252417
7041,0.002332,74.125.24.0-255,7156,198448,8,252417
7042,0.002337,172.31.36.0-255,66,198514,8,252417
7043,0.002357,74.125.24.0-255,4320,202834,8,252417
7044,0.002371,172.31.36.0-255,66,202900,8,252417
7045,0.004678,74.125.24.0-255,5738,208638,8,252417
7046,0.004683,172.31.36.0-255,66,208704,8,252417
7047,0.007022,74.125.24.0-255,5738,214442,8,252417
7048,0.007027,172.31.36.0-255,66,214508,8,252417
7049,0.009357,74.125.24.0-255,5738,220246,8,252417
7050,0.009363,172.31.36.0-255,66,220312,8,252417
7051,0.011704,74.125.24.0-255,5738,226050,8,252417
7052,0.011711,172.31.36.0-255,66,226116,8,252417
7053,0.014057,74.125.24.0-255,5738,231854,8,252417
7054,0.014069,172.31.36.0-255,66,231920,8,252417
7055,0.016388,74.125.24.0-255,5738,237658,8,252417
7056,0.016398,172.31.36.0-255,66,237724,8,252417
7057,0.018763,74.125.24.0-255,5738,243462,8,252417
7058,0.018771,172.31.36.0-255,66,243528,8,252417
7059,0.021115,74.125.24.0-255,4362,247890,8,252417
7060,0.021125,172.31.36.0-255,66,247956,8,252417
7061,0.021333,172.31.36.0-255,105,248061,8,252417
7062,0.023628,74.125.24.0-255,66,248127,8,252417
7063,0.035017,172.31.36.0-255,172,248299,8,252417
7064,0.035061,172.31.36.0-255,1111,249410,8,252417
7065,0.035119,172.31.36.0-255,1514,250924,8,252417
7066,0.035121,172.31.36.0-255,1295,252219,8,252417
7067,0.036754,104.244.42.0-255,66,252285,8,252417
7068,0.036763,104.244.42.0-255,66,252351,8,252417
7069,0.036793,104.244.42.0-255,66,252417,8,252417
7070,0.0,74.125.68.0-255,146,146,8,402710
7071,2.4e-05,172.31.36.0-255,66,212,8,402710
7072,3.1e-05,74.125.68.0-255,1484,1696,8,402710
7073,3.6e-05,172.31.36.0-255,66,1762,8,402710
7074,4e-05,74.125.68.0-255,1484,3246,8,402710
7075,4.2e-05,172.31.36.0-255,66,3312,8,402710
7076,6.7e-05,74.125.68.0-255,2902,6214,8,402710
7077,7e-05,172.31.36.0-255,66,6280,8,402710
7078,7.8e-05,74.125.68.0-255,5738,12018,8,402710
7079,8.1e-05,172.31.36.0-255,66,12084,8,402710
7080,8.5e-05,74.125.68.0-255,2082,14166,8,402710
7081,8.8e-05,172.31.36.0-255,66,14232,8,402710
7082,0.00014,74.125.68.0-255,1484,15716,8,402710
7083,0.000142,172.31.36.0-255,66,15782,8,402710
7084,0.000147,74.125.68.0-255,2902,18684,8,402710
7085,0.00015,172.31.36.0-255,66,18750,8,402710
7086,0.000183,74.125.68.0-255,5738,24488,8,402710
7087,0.000186,172.31.36.0-255,66,24554,8,402710
7088,0.000189,74.125.68.0-255,1484,26038,8,402710
7089,0.000192,172.31.36.0-255,66,26104,8,402710
7090,0.000207,74.125.68.0-255,2902,29006,8,402710
7091,0.000209,172.31.36.0-255,66,29072,8,402710
7092,0.000247,74.125.68.0-255,2543,31615,8,402710
7093,0.000249,172.31.36.0-255,66,31681,8,402710
7094,0.000429,74.125.68.0-255,1484,33165,8,402710
7095,0.000434,172.31.36.0-255,66,33231,8,402710
7096,0.00044,74.125.68.0-255,2902,36133,8,402710
7097,0.000443,172.31.36.0-255,66,36199,8,402710
7098,0.000449,74.125.68.0-255,5738,41937,8,402710
7099,0.000451,172.31.36.0-255,66,42003,8,402710
7100,0.000472,74.125.68.0-255,2902,44905,8,402710
7101,0.000474,172.31.36.0-255,66,44971,8,402710
7102,0.000494,74.125.68.0-255,3961,48932,8,402710
7103,0.000497,172.31.36.0-255,66,48998,8,402710
7104,0.000501,74.125.68.0-255,2902,51900,8,402710
7105,0.000504,172.31.36.0-255,66,51966,8,402710
7106,0.00051,74.125.68.0-255,4320,56286,8,402710
7107,0.000512,172.31.36.0-255,66,56352,8,402710
7108,0.000542,74.125.68.0-255,7156,63508,8,402710
7109,0.000545,172.31.36.0-255,66,63574,8,402710
7110,0.00056,74.125.68.0-255,1484,65058,8,402710
7111,0.000562,172.31.36.0-255,66,65124,8,402710
7112,0.000566,74.125.68.0-255,1396,66520,8,402710
7113,0.000568,172.31.36.0-255,66,66586,8,402710
7114,0.00059,74.125.68.0-255,384,66970,8,402710
7115,0.001114,172.31.36.0-255,66,67036,8,402710
7116,0.00112,74.125.68.0-255,1484,68520,8,402710
7117,0.001125,74.125.68.0-255,2902,71422,8,402710
7118,0.001129,172.31.36.0-255,66,71488,8,402710
7119,0.001153,74.125.68.0-255,5738,77226,8,402710
7120,0.001156,172.31.36.0-255,66,77292,8,402710
7121,0.001176,74.125.68.0-255,2902,80194,8,402710
7122,0.001179,172.31.36.0-255,66,80260,8,402710
7123,0.001184,74.125.68.0-255,3412,83672,8,402710
7124,0.001186,172.31.36.0-255,66,83738,8,402710
7125,0.001219,74.125.68.0-255,1484,85222,8,402710
7126,0.001222,74.125.68.0-255,1484,86706,8,402710
7127,0.001225,172.31.36.0-255,66,86772,8,402710
7128,0.00124,74.125.68.0-255,1484,88256,8,402710
7129,0.00126,74.125.68.0-255,5738,93994,8,402710
7130,0.001263,172.31.36.0-255,66,94060,8,402710
7131,0.001305,74.125.68.0-255,4320,98380,8,402710
7132,0.001309,172.31.36.0-255,66,98446,8,402710
7133,0.001326,74.125.68.0-255,2543,100989,8,402710
7134,0.001328,172.31.36.0-255,66,101055,8,402710
7135,0.001574,74.125.68.0-255,1484,102539,8,402710
7136,0.001611,74.125.68.0-255,2902,105441,8,402710
7137,0.001615,172.31.36.0-255,66,105507,8,402710
7138,0.001646,74.125.68.0-255,4320,109827,8,402710
7139,0.001649,172.31.36.0-255,66,109893,8,402710
7140,0.001662,74.125.68.0-255,2902,112795,8,402710
7141,0.001665,172.31.36.0-255,66,112861,8,402710
7142,0.00169,74.125.68.0-255,4320,117181,8,402710
7143,0.001693,172.31.36.0-255,66,117247,8,402710
7144,0.001712,74.125.68.0-255,4320,121567,8,402710
7145,0.001714,172.31.36.0-255,66,121633,8,402710
7146,0.001727,74.125.68.0-255,2902,124535,8,402710
7147,0.001729,172.31.36.0-255,66,124601,8,402710
7148,0.001749,74.125.68.0-255,4320,128921,8,402710
7149,0.001751,172.31.36.0-255,66,128987,8,402710
7150,0.001779,74.125.68.0-255,4320,133307,8,402710
7151,0.001781,172.31.36.0-255,66,133373,8,402710
7152,0.001784,74.125.68.0-255,1484,134857,8,402710
7153,0.001796,74.125.68.0-255,766,135623,8,402710
7154,0.001799,172.31.36.0-255,66,135689,8,402710
7155,0.001899,74.125.68.0-255,1484,137173,8,402710
7156,0.001918,74.125.68.0-255,2902,140075,8,402710
7157,0.001921,172.31.36.0-255,66,140141,8,402710
7158,0.001945,74.125.68.0-255,5738,145879,8,402710
7159,0.001947,172.31.36.0-255,66,145945,8,402710
7160,0.001969,74.125.68.0-255,1484,147429,8,402710
7161,0.001984,74.125.68.0-255,5738,153167,8,402710
7162,0.001986,172.31.36.0-255,66,153233,8,402710
7163,0.002043,172.31.36.0-255,66,153299,8,402710
7164,0.00207,74.125.68.0-255,2902,156201,8,402710
7165,0.002072,172.31.36.0-255,66,156267,8,402710
7166,0.002095,74.125.68.0-255,5020,161287,8,402710
7167,0.002098,172.31.36.0-255,66,161353,8,402710
7168,0.002273,74.125.68.0-255,1484,162837,8,402710
7169,0.00228,74.125.68.0-255,2902,165739,8,402710
7170,0.002284,172.31.36.0-255,66,165805,8,402710
7171,0.0023,74.125.68.0-255,1484,167289,8,402710
7172,0.002325,74.125.68.0-255,4320,171609,8,402710
7173,0.002327,172.31.36.0-255,66,171675,8,402710
7174,0.002332,74.125.68.0-255,2902,174577,8,402710
7175,0.002334,172.31.36.0-255,66,174643,8,402710
7176,0.002338,74.125.68.0-255,2902,177545,8,402710
7177,0.00234,172.31.36.0-255,66,177611,8,402710
7178,0.002357,74.125.68.0-255,1484,179095,8,402710
7179,0.002391,74.125.68.0-255,7156,186251,8,402710
7180,0.002394,172.31.36.0-255,66,186317,8,402710
7181,0.002397,74.125.68.0-255,1484,187801,8,402710
7182,0.002416,74.125.68.0-255,4320,192121,8,402710
7183,0.002418,172.31.36.0-255,66,192187,8,402710
7184,0.004798,74.125.68.0-255,5738,197925,8,402710
7185,0.004806,172.31.36.0-255,66,197991,8,402710
7186,0.007184,74.125.68.0-255,5738,203729,8,402710
7187,0.007191,172.31.36.0-255,66,203795,8,402710
7188,0.009591,74.125.68.0-255,5738,209533,8,402710
7189,0.009599,172.31.36.0-255,66,209599,8,402710
7190,0.011997,74.125.68.0-255,5738,215337,8,402710
7191,0.012006,172.31.36.0-255,66,215403,8,402710
7192,0.014396,74.125.68.0-255,5738,221141,8,402710
7193,0.014403,172.31.36.0-255,66,221207,8,402710
7194,0.016801,74.125.68.0-255,5738,226945,8,402710
7195,0.016812,172.31.36.0-255,66,227011,8,402710
7196,0.019198,74.125.68.0-255,5738,232749,8,402710
7197,0.019206,172.31.36.0-255,66,232815,8,402710
7198,0.021587,74.125.68.0-255,5738,238553,8,402710
7199,0.021595,172.31.36.0-255,66,238619,8,402710
7200,0.023992,74.125.68.0-255,5738,244357,8,402710
7201,0.024001,172.31.36.0-255,66,244423,8,402710
7202,0.026394,74.125.68.0-255,5738,250161,8,402710
7203,0.026403,172.31.36.0-255,66,250227,8,402710
7204,0.028793,74.125.68.0-255,5738,255965,8,402710
7205,0.028799,172.31.36.0-255,66,256031,8,402710
7206,0.031189,74.125.68.0-255,4320,260351,8,402710
7207,0.031197,172.31.36.0-255,66,260417,8,402710
7208,0.031216,74.125.68.0-255,1484,261901,8,402710
7209,0.031575,172.31.36.0-255,167,262068,8,402710
7210,0.031609,172.31.36.0-255,1111,263179,8,402710
7211,0.031666,172.31.36.0-255,1514,264693,8,402710
7212,0.031667,172.31.36.0-255,1293,265986,8,402710
7213,0.033191,104.244.42.0-255,66,266052,8,402710
7214,0.033214,104.244.42.0-255,66,266118,8,402710
7215,0.033288,104.244.42.0-255,66,266184,8,402710
7216,0.033565,74.125.68.0-255,2902,269086,8,402710
7217,0.03357,172.31.36.0-255,66,269152,8,402710
7218,0.033589,74.125.68.0-255,1484,270636,8,402710
7219,0.035963,74.125.68.0-255,4320,274956,8,402710
7220,0.035969,172.31.36.0-255,66,275022,8,402710
7221,0.038363,74.125.68.0-255,5738,280760,8,402710
7222,0.03837,172.31.36.0-255,66,280826,8,402710
7223,0.040759,74.125.68.0-255,5738,286564,8,402710
7224,0.040765,172.31.36.0-255,66,286630,8,402710
7225,0.043148,74.125.68.0-255,5738,292368,8,402710
7226,0.043154,172.31.36.0-255,66,292434,8,402710
7227,0.045535,74.125.68.0-255,5738,298172,8,402710
7228,0.045542,172.31.36.0-255,66,298238,8,402710
7229,0.047924,74.125.68.0-255,5738,303976,8,402710
7230,0.04793,172.31.36.0-255,66,304042,8,402710
7231,0.050337,74.125.68.0-255,5738,309780,8,402710
7232,0.050343,172.31.36.0-255,66,309846,8,402710
7233,0.052757,74.125.68.0-255,5738,315584,8,402710
7234,0.052763,172.31.36.0-255,66,315650,8,402710
7235,0.055152,74.125.68.0-255,5738,321388,8,402710
7236,0.05516,172.31.36.0-255,66,321454,8,402710
7237,0.05755,74.125.68.0-255,5738,327192,8,402710
7238,0.057557,172.31.36.0-255,66,327258,8,402710
7239,0.059986,74.125.68.0-255,5738,332996,8,402710
7240,0.059992,172.31.36.0-255,66,333062,8,402710
7241,0.06241,74.125.68.0-255,5738,338800,8,402710
7242,0.062417,172.31.36.0-255,66,338866,8,402710
7243,0.064816,74.125.68.0-255,5738,344604,8,402710
7244,0.064823,172.31.36.0-255,66,344670,8,402710
7245,0.067231,74.125.68.0-255,5738,350408,8,402710
7246,0.067241,172.31.36.0-255,66,350474,8,402710
7247,0.06969,74.125.68.0-255,5738,356212,8,402710
7248,0.069718,172.31.36.0-255,66,356278,8,402710
7249,0.072134,74.125.68.0-255,5738,362016,8,402710
7250,0.072153,172.31.36.0-255,66,362082,8,402710
7251,0.074559,74.125.68.0-255,5738,367820,8,402710
7252,0.074569,172.31.36.0-255,66,367886,8,402710
7253,0.076964,74.125.68.0-255,5738,373624,8,402710
7254,0.07698,172.31.36.0-255,66,373690,8,402710
7255,0.079389,74.125.68.0-255,5738,379428,8,402710
7256,0.079406,172.31.36.0-255,66,379494,8,402710
7257,0.081822,74.125.68.0-255,5738,385232,8,402710
7258,0.08183,172.31.36.0-255,66,385298,8,402710
7259,0.084223,74.125.68.0-255,5738,391036,8,402710
7260,0.08423,172.31.36.0-255,66,391102,8,402710
7261,0.086622,74.125.68.0-255,5738,396840,8,402710
7262,0.086631,172.31.36.0-255,66,396906,8,402710
7263,0.089028,74.125.68.0-255,5738,402644,8,402710
7264,0.089035,172.31.36.0-255,66,402710,8,402710
7265,0.0,74.125.24.0-255,152,152,8,325948
7266,3.5e-05,172.31.36.0-255,66,218,8,325948
7267,4.1e-05,74.125.24.0-255,1484,1702,8,325948
7268,4.6e-05,172.31.36.0-255,66,1768,8,325948
7269,5.1e-05,74.125.24.0-255,2902,4670,8,325948
7270,5.4e-05,172.31.36.0-255,66,4736,8,325948
7271,6.8e-05,74.125.24.0-255,7156,11892,8,325948
7272,7.1e-05,172.31.36.0-255,66,11958,8,325948
7273,7.5e-05,74.125.24.0-255,2047,14005,8,325948
7274,7.8e-05,172.31.36.0-255,66,14071,8,325948
7275,8.9e-05,172.31.36.0-255,66,14137,8,325948
7276,0.000121,74.125.24.0-255,2902,17039,8,325948
7277,0.000124,172.31.36.0-255,66,17105,8,325948
7278,0.000136,74.125.24.0-255,5379,22484,8,325948
7279,0.000139,172.31.36.0-255,66,22550,8,325948
7280,0.000188,74.125.24.0-255,1484,24034,8,325948
7281,0.000193,172.31.36.0-255,66,24100,8,325948
7282,0.000198,74.125.24.0-255,2902,27002,8,325948
7283,0.0002,172.31.36.0-255,66,27068,8,325948
7284,0.000245,74.125.24.0-255,5738,32806,8,325948
7285,0.000249,172.31.36.0-255,66,32872,8,325948
7286,0.000256,74.125.24.0-255,7156,40028,8,325948
7287,0.000258,172.31.36.0-255,66,40094,8,325948
7288,0.000285,74.125.24.0-255,5738,45832,8,325948
7289,0.000295,172.31.36.0-255,66,45898,8,325948
7290,0.000301,74.125.24.0-255,5738,51636,8,325948
7291,0.000303,172.31.36.0-255,66,51702,8,325948
7292,0.000309,74.125.24.0-255,5354,57056,8,325948
7293,0.000315,172.31.36.0-255,66,57122,8,325948
7294,0.001247,74.125.24.0-255,108,57230,8,325948
7295,0.001254,172.31.36.0-255,66,57296,8,325948
7296,0.001935,74.125.24.0-255,1484,58780,8,325948
7297,0.001956,74.125.24.0-255,2902,61682,8,325948
7298,0.00196,172.31.36.0-255,66,61748,8,325948
7299,0.001964,74.125.24.0-255,1484,63232,8,325948
7300,0.001989,74.125.24.0-255,4320,67552,8,325948
7301,0.001992,172.31.36.0-255,66,67618,8,325948
7302,0.001999,74.125.24.0-255,5738,73356,8,325948
7303,0.002001,172.31.36.0-255,66,73422,8,325948
7304,0.00202,172.31.36.0-255,66,73488,8,325948
7305,0.002027,74.125.24.0-255,5020,78508,8,325948
7306,0.002031,172.31.36.0-255,66,78574,8,325948
7307,0.002084,74.125.24.0-255,1484,80058,8,325948
7308,0.002089,74.125.24.0-255,2902,82960,8,325948
7309,0.002093,172.31.36.0-255,66,83026,8,325948
7310,0.002122,74.125.24.0-255,2902,85928,8,325948
7311,0.002125,172.31.36.0-255,66,85994,8,325948
7312,0.002147,74.125.24.0-255,2902,88896,8,325948
7313,0.002151,172.31.36.0-255,66,88962,8,325948
7314,0.002171,74.125.24.0-255,4320,93282,8,325948
7315,0.002174,172.31.36.0-255,66,93348,8,325948
7316,0.002217,172.31.36.0-255,66,93414,8,325948
7317,0.002235,172.31.36.0-255,66,93480,8,325948
7318,0.00437,74.125.24.0-255,4320,97800,8,325948
7319,0.004378,172.31.36.0-255,66,97866,8,325948
7320,0.004411,74.125.24.0-255,1484,99350,8,325948
7321,0.006516,74.125.24.0-255,4320,103670,8,325948
7322,0.006522,172.31.36.0-255,66,103736,8,325948
7323,0.008681,74.125.24.0-255,5738,109474,8,325948
7324,0.008688,172.31.36.0-255,66,109540,8,325948
7325,0.010833,74.125.24.0-255,5738,115278,8,325948
7326,0.010841,172.31.36.0-255,66,115344,8,325948
7327,0.012968,74.125.24.0-255,5738,121082,8,325948
7328,0.012975,172.31.36.0-255,66,121148,8,325948
7329,0.015111,74.125.24.0-255,5738,126886,8,325948
7330,0.01512,172.31.36.0-255,66,126952,8,325948
7331,0.017304,74.125.24.0-255,5738,132690,8,325948
7332,0.017311,172.31.36.0-255,66,132756,8,325948
7333,0.019433,74.125.24.0-255,5738,138494,8,325948
7334,0.019443,172.31.36.0-255,66,138560,8,325948
7335,0.0216,74.125.24.0-255,5738,144298,8,325948
7336,0.021608,172.31.36.0-255,66,144364,8,325948
7337,0.023772,74.125.24.0-255,5738,150102,8,325948
7338,0.02378,172.31.36.0-255,66,150168,8,325948
7339,0.025933,74.125.24.0-255,5738,155906,8,325948
7340,0.02594,172.31.36.0-255,66,155972,8,325948
7341,0.028084,74.125.24.0-255,5738,161710,8,325948
7342,0.028092,172.31.36.0-255,66,161776,8,325948
7343,0.030221,74.125.24.0-255,5738,167514,8,325948
7344,0.030229,172.31.36.0-255,66,167580,8,325948
7345,0.032391,74.125.24.0-255,5738,173318,8,325948
7346,0.032399,172.31.36.0-255,66,173384,8,325948
7347,0.034581,74.125.24.0-255,5738,179122,8,325948
7348,0.034589,172.31.36.0-255,66,179188,8,325948
7349,0.036761,74.125.24.0-255,5738,184926,8,325948
7350,0.03677,172.31.36.0-255,66,184992,8,325948
7351,0.038929,74.125.24.0-255,5738,190730,8,325948
7352,0.038937,172.31.36.0-255,66,190796,8,325948
7353,0.041072,74.125.24.0-255,5738,196534,8,325948
7354,0.041083,172.31.36.0-255,66,196600,8,325948
7355,0.043229,74.125.24.0-255,5738,202338,8,325948
7356,0.043236,172.31.36.0-255,66,202404,8,325948
7357,0.045397,74.125.24.0-255,5738,208142,8,325948
7358,0.045406,172.31.36.0-255,66,208208,8,325948
7359,0.047561,74.125.24.0-255,5738,213946,8,325948
7360,0.047569,172.31.36.0-255,66,214012,8,325948
7361,0.049636,172.31.36.0-255,172,214184,8,325948
7362,0.049667,172.31.36.0-255,1111,215295,8,325948
7363,0.04971,74.125.24.0-255,5738,221033,8,325948
7364,0.049716,172.31.36.0-255,66,221099,8,325948
7365,0.049766,172.31.36.0-255,1514,222613,8,325948
7366,0.049767,172.31.36.0-255,1369,223982,8,325948
7367,0.051276,104.244.42.0-255,66,224048,8,325948
7368,0.051356,104.244.42.0-255,66,224114,8,325948
7369,0.051438,104.244.42.0-255,66,224180,8,325948
7370,0.051862,74.125.24.0-255,5738,229918,8,325948
7371,0.051867,172.31.36.0-255,66,229984,8,325948
7372,0.054037,74.125.24.0-255,4320,234304,8,325948
7373,0.054045,172.31.36.0-255,66,234370,8,325948
7374,0.054073,74.125.24.0-255,1484,235854,8,325948
7375,0.056217,74.125.24.0-255,4320,240174,8,325948
7376,0.056224,172.31.36.0-255,66,240240,8,325948
7377,0.058391,74.125.24.0-255,5738,245978,8,325948
7378,0.058396,172.31.36.0-255,66,246044,8,325948
7379,0.060526,74.125.24.0-255,5738,251782,8,325948
7380,0.060533,172.31.36.0-255,66,251848,8,325948
7381,0.062688,74.125.24.0-255,5738,257586,8,325948
7382,0.062697,172.31.36.0-255,66,257652,8,325948
7383,0.064868,74.125.24.0-255,5738,263390,8,325948
7384,0.064879,172.31.36.0-255,66,263456,8,325948
7385,0.067019,74.125.24.0-255,5738,269194,8,325948
7386,0.067027,172.31.36.0-255,66,269260,8,325948
7387,0.069213,74.125.24.0-255,5738,274998,8,325948
7388,0.06922,172.31.36.0-255,66,275064,8,325948
7389,0.071383,74.125.24.0-255,5738,280802,8,325948
7390,0.07139,172.31.36.0-255,66,280868,8,325948
7391,0.07353,74.125.24.0-255,5738,286606,8,325948
7392,0.073537,172.31.36.0-255,66,286672,8,325948
7393,0.075689,74.125.24.0-255,5738,292410,8,325948
7394,0.075696,172.31.36.0-255,66,292476,8,325948
7395,0.077841,74.125.24.0-255,4320,296796,8,325948
7396,0.077848,172.31.36.0-255,66,296862,8,325948
7397,0.07788,74.125.24.0-255,1484,298346,8,325948
7398,0.080023,74.125.24.0-255,4320,302666,8,325948
7399,0.080029,172.31.36.0-255,66,302732,8,325948
7400,0.0822,74.125.24.0-255,5738,308470,8,325948
7401,0.082207,172.31.36.0-255,66,308536,8,325948
7402,0.084341,74.125.24.0-255,5738,314274,8,325948
7403,0.084347,172.31.36.0-255,66,314340,8,325948
7404,0.086506,74.125.24.0-255,5738,320078,8,325948
7405,0.086513,172.31.36.0-255,66,320144,8,325948
7406,0.0887,74.125.24.0-255,5738,325882,8,325948
7407,0.088707,172.31.36.0-255,66,325948,8,325948
7408,0.0,172.217.194.0-255,288,288,8,251055
7409,1.3e-05,172.217.194.0-255,1484,1772,8,251055
7410,2.1e-05,172.31.36.0-255,66,1838,8,251055
7411,3e-05,172.217.194.0-255,4320,6158,8,251055
7412,3.3e-05,172.31.36.0-255,66,6224,8,251055
7413,4.9e-05,172.217.194.0-255,5738,11962,8,251055
7414,5.2e-05,172.31.36.0-255,66,12028,8,251055
7415,8.2e-05,172.217.194.0-255,3212,15240,8,251055
7416,8.5e-05,172.31.36.0-255,66,15306,8,251055
7417,9e-05,172.217.194.0-255,2902,18208,8,251055
7418,9.3e-05,172.31.36.0-255,66,18274,8,251055
7419,0.000134,172.31.36.0-255,66,18340,8,251055
7420,0.00016,172.217.194.0-255,1484,19824,8,251055
7421,0.000163,172.217.194.0-255,1484,21308,8,251055
7422,0.000165,172.31.36.0-255,66,21374,8,251055
7423,0.000185,172.217.194.0-255,1484,22858,8,251055
7424,0.000192,172.217.194.0-255,5738,28596,8,251055
7425,0.000194,172.31.36.0-255,66,28662,8,251055
7426,0.000227,172.217.194.0-255,6797,35459,8,251055
7427,0.00023,172.31.36.0-255,66,35525,8,251055
7428,0.000236,172.217.194.0-255,7156,42681,8,251055
7429,0.000239,172.31.36.0-255,66,42747,8,251055
7430,0.00026,172.217.194.0-255,5738,48485,8,251055
7431,0.000263,172.31.36.0-255,66,48551,8,251055
7432,0.000293,172.217.194.0-255,3961,52512,8,251055
7433,0.000296,172.31.36.0-255,66,52578,8,251055
7434,0.000298,172.217.194.0-255,378,52956,8,251055
7435,0.000375,172.217.194.0-255,1484,54440,8,251055
7436,0.000379,172.31.36.0-255,66,54506,8,251055
7437,0.000384,172.217.194.0-255,2902,57408,8,251055
7438,0.000387,172.31.36.0-255,66,57474,8,251055
7439,0.00039,172.217.194.0-255,1484,58958,8,251055
7440,0.000413,172.217.194.0-255,4320,63278,8,251055
7441,0.000416,172.31.36.0-255,66,63344,8,251055
7442,0.000421,172.217.194.0-255,2902,66246,8,251055
7443,0.000423,172.31.36.0-255,66,66312,8,251055
7444,0.000467,172.31.36.0-255,66,66378,8,251055
7445,0.000475,172.217.194.0-255,7156,73534,8,251055
7446,0.000478,172.31.36.0-255,66,73600,8,251055
7447,0.000497,172.217.194.0-255,3321,76921,8,251055
7448,0.000505,172.31.36.0-255,66,76987,8,251055
7449,0.000511,172.217.194.0-255,4320,81307,8,251055
7450,0.000513,172.31.36.0-255,66,81373,8,251055
7451,0.000546,172.217.194.0-255,5738,87111,8,251055
7452,0.000548,172.31.36.0-255,66,87177,8,251055
7453,0.000562,172.217.194.0-255,2902,90079,8,251055
7454,0.000568,172.31.36.0-255,66,90145,8,251055
7455,0.000594,172.217.194.0-255,3961,94106,8,251055
7456,0.000596,172.31.36.0-255,66,94172,8,251055
7457,0.000621,172.217.194.0-255,1484,95656,8,251055
7458,0.000627,172.217.194.0-255,2902,98558,8,251055
7459,0.000629,172.31.36.0-255,66,98624,8,251055
7460,0.000635,172.217.194.0-255,4320,102944,8,251055
7461,0.000638,172.31.36.0-255,66,103010,8,251055
7462,0.000663,172.217.194.0-255,1484,104494,8,251055
7463,0.00067,172.217.194.0-255,6797,111291,8,251055
7464,0.000673,172.31.36.0-255,66,111357,8,251055
7465,0.000844,172.217.194.0-255,1484,112841,8,251055
7466,0.000852,172.217.194.0-255,2902,115743,8,251055
7467,0.000857,172.31.36.0-255,66,115809,8,251055
7468,0.000863,172.217.194.0-255,5738,121547,8,251055
7469,0.000867,172.31.36.0-255,66,121613,8,251055
7470,0.000909,172.31.36.0-255,66,121679,8,251055
7471,0.000915,172.217.194.0-255,4320,125999,8,251055
7472,0.000917,172.31.36.0-255,66,126065,8,251055
7473,0.000955,172.217.194.0-255,6438,132503,8,251055
7474,0.000959,172.31.36.0-255,66,132569,8,251055
7475,0.003005,172.217.194.0-255,1484,134053,8,251055
7476,0.003014,172.217.194.0-255,2902,136955,8,251055
7477,0.003019,172.31.36.0-255,66,137021,8,251055
7478,0.003026,172.217.194.0-255,5738,142759,8,251055
7479,0.003028,172.31.36.0-255,66,142825,8,251055
7480,0.003062,172.31.36.0-255,66,142891,8,251055
7481,0.003073,172.31.36.0-255,66,142957,8,251055
7482,0.003103,172.217.194.0-255,7156,150113,8,251055
7483,0.003105,172.31.36.0-255,66,150179,8,251055
7484,0.003128,172.217.194.0-255,6438,156617,8,251055
7485,0.00313,172.31.36.0-255,66,156683,8,251055
7486,0.003141,172.31.36.0-255,66,156749,8,251055
7487,0.003182,172.217.194.0-255,5738,162487,8,251055
7488,0.003185,172.31.36.0-255,66,162553,8,251055
7489,0.003201,172.31.36.0-255,66,162619,8,251055
7490,0.003226,172.217.194.0-255,1484,164103,8,251055
7491,0.00323,172.217.194.0-255,2902,167005,8,251055
7492,0.003232,172.31.36.0-255,66,167071,8,251055
7493,0.003238,172.217.194.0-255,5738,172809,8,251055
7494,0.00324,172.31.36.0-255,66,172875,8,251055
7495,0.003256,172.217.194.0-255,1484,174359,8,251055
7496,0.003277,172.217.194.0-255,5379,179738,8,251055
7497,0.00328,172.31.36.0-255,66,179804,8,251055
7498,0.00333,172.31.36.0-255,66,179870,8,251055
7499,0.00335,172.31.36.0-255,66,179936,8,251055
7500,0.003357,172.217.194.0-255,5738,185674,8,251055
7501,0.00336,172.31.36.0-255,66,185740,8,251055
7502,0.003375,172.217.194.0-255,3602,189342,8,251055
7503,0.003378,172.31.36.0-255,66,189408,8,251055
7504,0.004809,172.217.194.0-255,1484,190892,8,251055
7505,0.004816,172.217.194.0-255,2902,193794,8,251055
7506,0.004821,172.31.36.0-255,66,193860,8,251055
7507,0.004828,172.217.194.0-255,5738,199598,8,251055
7508,0.00483,172.31.36.0-255,66,199664,8,251055
7509,0.004849,172.217.194.0-255,4320,203984,8,251055
7510,0.004851,172.31.36.0-255,66,204050,8,251055
7511,0.004887,172.31.36.0-255,66,204116,8,251055
7512,0.004897,172.31.36.0-255,66,204182,8,251055
7513,0.00492,172.217.194.0-255,1484,205666,8,251055
7514,0.004955,172.31.36.0-255,66,205732,8,251055
7515,0.004959,172.217.194.0-255,1484,207216,8,251055
7516,0.005017,172.31.36.0-255,66,207282,8,251055
7517,0.005045,172.217.194.0-255,2184,209466,8,251055
7518,0.005047,172.31.36.0-255,66,209532,8,251055
7519,0.005072,172.217.194.0-255,1484,211016,8,251055
7520,0.005092,172.217.194.0-255,2902,213918,8,251055
7521,0.005095,172.31.36.0-255,66,213984,8,251055
7522,0.005126,172.217.194.0-255,4320,218304,8,251055
7523,0.00513,172.31.36.0-255,66,218370,8,251055
7524,0.005133,172.217.194.0-255,1484,219854,8,251055
7525,0.005154,172.217.194.0-255,1484,221338,8,251055
7526,0.005156,172.31.36.0-255,66,221404,8,251055
7527,0.005159,172.217.194.0-255,1484,222888,8,251055
7528,0.005162,172.217.194.0-255,1484,224372,8,251055
7529,0.005164,172.31.36.0-255,66,224438,8,251055
7530,0.005196,172.31.36.0-255,66,224504,8,251055
7531,0.005198,172.217.194.0-255,1484,225988,8,251055
7532,0.00521,172.31.36.0-255,66,226054,8,251055
7533,0.005249,172.217.194.0-255,5738,231792,8,251055
7534,0.005252,172.31.36.0-255,66,231858,8,251055
7535,0.005278,172.217.194.0-255,4320,236178,8,251055
7536,0.005281,172.31.36.0-255,66,236244,8,251055
7537,0.005292,172.31.36.0-255,66,236310,8,251055
7538,0.005317,172.217.194.0-255,1484,237794,8,251055
7539,0.005323,172.217.194.0-255,3941,241735,8,251055
7540,0.005325,172.31.36.0-255,66,241801,8,251055
7541,0.005352,172.217.194.0-255,105,241906,8,251055
7542,0.006853,172.31.36.0-255,105,242011,8,251055
7543,0.0088,172.217.194.0-255,66,242077,8,251055
7544,0.023895,172.31.36.0-255,172,242249,8,251055
7545,0.023953,172.31.36.0-255,1110,243359,8,251055
7546,0.024033,172.31.36.0-255,1514,244873,8,251055
7547,0.024036,172.31.36.0-255,1514,246387,8,251055
7548,0.024037,172.31.36.0-255,1514,247901,8,251055
7549,0.024038,172.31.36.0-255,1514,249415,8,251055
7550,0.024039,172.31.36.0-255,1376,250791,8,251055
7551,0.025461,104.244.42.0-255,66,250857,8,251055
7552,0.025597,104.244.42.0-255,66,250923,8,251055
7553,0.025672,104.244.42.0-255,66,250989,8,251055
7554,0.025677,104.244.42.0-255,66,251055,8,251055
7555,0.0,172.217.194.0-255,152,152,8,179676
7556,2.5e-05,172.31.36.0-255,66,218,8,179676
7557,3.2e-05,172.217.194.0-255,1484,1702,8,179676
7558,3.6e-05,172.31.36.0-255,66,1768,8,179676
7559,4.9e-05,172.217.194.0-255,2902,4670,8,179676
7560,5.3e-05,172.31.36.0-255,66,4736,8,179676
7561,6e-05,172.217.194.0-255,7156,11892,8,179676
7562,6.3e-05,172.31.36.0-255,66,11958,8,179676
7563,0.00011,172.217.194.0-255,5738,17696,8,179676
7564,0.000113,172.31.36.0-255,66,17762,8,179676
7565,0.000142,172.217.194.0-255,6303,24065,8,179676
7566,0.000146,172.31.36.0-255,66,24131,8,179676
7567,0.000158,172.31.36.0-255,66,24197,8,179676
7568,0.000177,172.31.36.0-255,66,24263,8,179676
7569,0.000221,172.31.36.0-255,66,24329,8,179676
7570,0.000226,172.217.194.0-255,4214,28543,8,179676
7571,0.000228,172.31.36.0-255,66,28609,8,179676
7572,0.000264,172.31.36.0-255,66,28675,8,179676
7573,0.000293,172.217.194.0-255,2949,31624,8,179676
7574,0.000296,172.31.36.0-255,66,31690,8,179676
7575,0.000323,172.217.194.0-255,3701,35391,8,179676
7576,0.000326,172.31.36.0-255,66,35457,8,179676
7577,0.000353,172.217.194.0-255,1484,36941,8,179676
7578,0.000356,172.31.36.0-255,66,37007,8,179676
7579,0.000361,172.217.194.0-255,2902,39909,8,179676
7580,0.000363,172.31.36.0-255,66,39975,8,179676
7581,0.000368,172.217.194.0-255,4320,44295,8,179676
7582,0.000377,172.31.36.0-255,66,44361,8,179676
7583,0.000405,172.217.194.0-255,1484,45845,8,179676
7584,0.000421,172.31.36.0-255,66,45911,8,179676
7585,0.000424,172.217.194.0-255,1484,47395,8,179676
7586,0.000488,172.217.194.0-255,4320,51715,8,179676
7587,0.000491,172.31.36.0-255,66,51781,8,179676
7588,0.000519,172.217.194.0-255,5020,56801,8,179676
7589,0.000521,172.31.36.0-255,66,56867,8,179676
7590,0.000891,172.217.194.0-255,1484,58351,8,179676
7591,0.000898,172.217.194.0-255,2902,61253,8,179676
7592,0.000902,172.31.36.0-255,66,61319,8,179676
7593,0.000922,172.217.194.0-255,4320,65639,8,179676
7594,0.000925,172.31.36.0-255,66,65705,8,179676
7595,0.00095,172.217.194.0-255,1484,67189,8,179676
7596,0.000964,172.31.36.0-255,66,67255,8,179676
7597,0.000994,172.217.194.0-255,2902,70157,8,179676
7598,0.000997,172.31.36.0-255,66,70223,8,179676
7599,0.001015,172.31.36.0-255,66,70289,8,179676
7600,0.001019,172.217.194.0-255,2184,72473,8,179676
7601,0.001021,172.31.36.0-255,66,72539,8,179676
7602,0.001026,172.217.194.0-255,2902,75441,8,179676
7603,0.001028,172.31.36.0-255,66,75507,8,179676
7604,0.001036,172.217.194.0-255,7156,82663,8,179676
7605,0.001039,172.31.36.0-255,66,82729,8,179676
7606,0.001093,172.217.194.0-255,6438,89167,8,179676
7607,0.001129,172.31.36.0-255,66,89233,8,179676
7608,0.001135,172.31.36.0-255,66,89299,8,179676
7609,0.001178,172.217.194.0-255,7156,96455,8,179676
7610,0.001183,172.217.194.0-255,2184,98639,8,179676
7611,0.001236,172.31.36.0-255,66,98705,8,179676
7612,0.001245,172.217.194.0-255,2902,101607,8,179676
7613,0.001252,172.217.194.0-255,7156,108763,8,179676
7614,0.00126,172.217.194.0-255,4320,113083,8,179676
7615,0.001267,172.31.36.0-255,66,113149,8,179676
7616,0.001304,172.217.194.0-255,1484,114633,8,179676
7617,0.001308,172.217.194.0-255,1484,116117,8,179676
7618,0.001316,172.31.36.0-255,66,116183,8,179676
7619,0.001335,172.217.194.0-255,5020,121203,8,179676
7620,0.00136,172.31.36.0-255,66,121269,8,179676
7621,0.001378,172.217.194.0-255,1484,122753,8,179676
7622,0.001388,172.217.194.0-255,2902,125655,8,179676
7623,0.001394,172.217.194.0-255,4320,129975,8,179676
7624,0.001401,172.217.194.0-255,5738,135713,8,179676
7625,0.001433,172.31.36.0-255,66,135779,8,179676
7626,0.001461,172.217.194.0-255,2902,138681,8,179676
7627,0.001476,172.31.36.0-255,66,138747,8,179676
7628,0.001567,172.31.36.0-255,66,138813,8,179676
7629,0.00162,172.31.36.0-255,66,138879,8,179676
7630,0.001675,172.217.194.0-255,2902,141781,8,179676
7631,0.001681,172.217.194.0-255,4320,146101,8,179676
7632,0.001692,172.217.194.0-255,2902,149003,8,179676
7633,0.001711,172.217.194.0-255,4320,153323,8,179676
7634,0.001726,172.217.194.0-255,1484,154807,8,179676
7635,0.001758,172.217.194.0-255,5738,160545,8,179676
7636,0.001775,172.217.194.0-255,3602,164147,8,179676
7637,0.001805,172.217.194.0-255,1484,165631,8,179676
7638,0.001812,172.217.194.0-255,7156,172787,8,179676
7639,0.001891,172.217.194.0-255,105,172892,8,179676
7640,0.00603,172.31.36.0-255,66,172958,8,179676
7641,0.008919,172.31.36.0-255,105,173063,8,179676
7642,0.01088,172.217.194.0-255,66,173129,8,179676
7643,0.043219,172.31.36.0-255,172,173301,8,179676
7644,0.043251,172.31.36.0-255,1107,174408,8,179676
7645,0.043334,172.31.36.0-255,1514,175922,8,179676
7646,0.043336,172.31.36.0-255,1514,177436,8,179676
7647,0.043341,172.31.36.0-255,1514,178950,8,179676
7648,0.043342,172.31.36.0-255,462,179412,8,179676
7649,0.044759,104.244.42.0-255,66,179478,8,179676
7650,0.044779,104.244.42.0-255,66,179544,8,179676
7651,0.044857,104.244.42.0-255,66,179610,8,179676
7652,0.044863,104.244.42.0-255,66,179676,8,179676
7653,0.0,172.217.194.0-255,153,153,8,354899
7654,2.7e-05,172.31.36.0-255,66,219,8,354899
7655,3.3e-05,172.217.194.0-255,1484,1703,8,354899
7656,3.8e-05,172.31.36.0-255,66,1769,8,354899
7657,4.3e-05,172.217.194.0-255,2902,4671,8,354899
7658,4.6e-05,172.31.36.0-255,66,4737,8,354899
7659,5.2e-05,172.217.194.0-255,5738,10475,8,354899
7660,5.5e-05,172.31.36.0-255,66,10541,8,354899
7661,8.2e-05,172.217.194.0-255,1484,12025,8,354899
7662,8.4e-05,172.31.36.0-255,66,12091,8,354899
7663,8.9e-05,172.217.194.0-255,2085,14176,8,354899
7664,9.1e-05,172.31.36.0-255,66,14242,8,354899
7665,0.000146,172.217.194.0-255,1484,15726,8,354899
7666,0.00015,172.31.36.0-255,66,15792,8,354899
7667,0.000164,172.217.194.0-255,2902,18694,8,354899
7668,0.000166,172.31.36.0-255,66,18760,8,354899
7669,0.00018,172.217.194.0-255,4320,23080,8,354899
7670,0.000183,172.31.36.0-255,66,23146,8,354899
7671,0.000193,172.217.194.0-255,1484,24630,8,354899
7672,0.000195,172.31.36.0-255,66,24696,8,354899
7673,0.000216,172.217.194.0-255,1484,26180,8,354899
7674,0.000218,172.31.36.0-255,66,26246,8,354899
7675,0.000244,172.217.194.0-255,5379,31625,8,354899
7676,0.000247,172.31.36.0-255,66,31691,8,354899
7677,0.000254,172.217.194.0-255,7156,38847,8,354899
7678,0.000256,172.31.36.0-255,66,38913,8,354899
7679,0.000276,172.217.194.0-255,1484,40397,8,354899
7680,0.000279,172.31.36.0-255,66,40463,8,354899
7681,0.000305,172.31.36.0-255,66,40529,8,354899
7682,0.000346,172.217.194.0-255,1484,42013,8,354899
7683,0.000348,172.31.36.0-255,66,42079,8,354899
7684,0.000353,172.217.194.0-255,2902,44981,8,354899
7685,0.000356,172.31.36.0-255,66,45047,8,354899
7686,0.000361,172.217.194.0-255,5738,50785,8,354899
7687,0.000364,172.31.36.0-255,66,50851,8,354899
7688,0.000368,172.217.194.0-255,2902,53753,8,354899
7689,0.000372,172.31.36.0-255,66,53819,8,354899
7690,0.000386,172.217.194.0-255,3961,57780,8,354899
7691,0.000389,172.31.36.0-255,66,57846,8,354899
7692,0.000391,172.217.194.0-255,645,58491,8,354899
7693,0.000491,172.217.194.0-255,1484,59975,8,354899
7694,0.000495,172.31.36.0-255,66,60041,8,354899
7695,0.000501,172.217.194.0-255,2902,62943,8,354899
7696,0.000504,172.31.36.0-255,66,63009,8,354899
7697,0.000524,172.217.194.0-255,5738,68747,8,354899
7698,0.000527,172.31.36.0-255,66,68813,8,354899
7699,0.000533,172.217.194.0-255,5738,74551,8,354899
7700,0.000535,172.31.36.0-255,66,74617,8,354899
7701,0.000577,172.217.194.0-255,4320,78937,8,354899
7702,0.000581,172.31.36.0-255,66,79003,8,354899
7703,0.000614,172.31.36.0-255,66,79069,8,354899
7704,0.000629,172.217.194.0-255,3961,83030,8,354899
7705,0.000631,172.31.36.0-255,66,83096,8,354899
7706,0.001766,172.217.194.0-255,1484,84580,8,354899
7707,0.001777,172.217.194.0-255,2902,87482,8,354899
7708,0.001781,172.31.36.0-255,66,87548,8,354899
7709,0.001788,172.217.194.0-255,4320,91868,8,354899
7710,0.00179,172.31.36.0-255,66,91934,8,354899
7711,0.001802,172.217.194.0-255,1484,93418,8,354899
7712,0.001807,172.217.194.0-255,4320,97738,8,354899
7713,0.001809,172.31.36.0-255,66,97804,8,354899
7714,0.001827,172.217.194.0-255,1484,99288,8,354899
7715,0.001839,172.31.36.0-255,66,99354,8,354899
7716,0.001857,172.217.194.0-255,2902,102256,8,354899
7717,0.001859,172.31.36.0-255,66,102322,8,354899
7718,0.001865,172.217.194.0-255,5020,107342,8,354899
7719,0.001866,172.31.36.0-255,66,107408,8,354899
7720,0.00192,172.217.194.0-255,1484,108892,8,354899
7721,0.001925,172.217.194.0-255,2902,111794,8,354899
7722,0.001927,172.31.36.0-255,66,111860,8,354899
7723,0.001931,172.217.194.0-255,2902,114762,8,354899
7724,0.001933,172.31.36.0-255,66,114828,8,354899
7725,0.001946,172.217.194.0-255,2902,117730,8,354899
7726,0.001948,172.31.36.0-255,66,117796,8,354899
7727,0.001951,172.217.194.0-255,1484,119280,8,354899
7728,0.001966,172.217.194.0-255,2902,122182,8,354899
7729,0.001968,172.31.36.0-255,66,122248,8,354899
7730,0.001986,172.217.194.0-255,5738,127986,8,354899
7731,0.001988,172.31.36.0-255,66,128052,8,354899
7732,0.002007,172.217.194.0-255,1484,129536,8,354899
7733,0.002064,172.217.194.0-255,2902,132438,8,354899
7734,0.002066,172.31.36.0-255,66,132504,8,354899
7735,0.002094,172.31.36.0-255,66,132570,8,354899
7736,0.002117,172.217.194.0-255,1484,134054,8,354899
7737,0.002121,172.217.194.0-255,2902,136956,8,354899
7738,0.002123,172.31.36.0-255,66,137022,8,354899
7739,0.002139,172.217.194.0-255,2902,139924,8,354899
7740,0.002141,172.31.36.0-255,66,139990,8,354899
7741,0.002154,172.217.194.0-255,2902,142892,8,354899
7742,0.002156,172.31.36.0-255,66,142958,8,354899
7743,0.002169,172.31.36.0-255,66,143024,8,354899
7744,0.002179,172.31.36.0-255,66,143090,8,354899
7745,0.002196,172.217.194.0-255,2184,145274,8,354899
7746,0.002198,172.31.36.0-255,66,145340,8,354899
7747,0.002212,172.217.194.0-255,1484,146824,8,354899
7748,0.002237,172.31.36.0-255,66,146890,8,354899
7749,0.004364,172.217.194.0-255,5738,152628,8,354899
7750,0.004371,172.31.36.0-255,66,152694,8,354899
7751,0.006584,172.217.194.0-255,5738,158432,8,354899
7752,0.006589,172.31.36.0-255,66,158498,8,354899
7753,0.008775,172.217.194.0-255,5738,164236,8,354899
7754,0.008781,172.31.36.0-255,66,164302,8,354899
7755,0.010935,172.217.194.0-255,2902,167204,8,354899
7756,0.010942,172.31.36.0-255,66,167270,8,354899
7757,0.010958,172.217.194.0-255,2902,170172,8,354899
7758,0.010961,172.31.36.0-255,66,170238,8,354899
7759,0.013073,172.217.194.0-255,2902,173140,8,354899
7760,0.01308,172.31.36.0-255,66,173206,8,354899
7761,0.013135,172.217.194.0-255,1484,174690,8,354899
7762,0.013152,172.217.194.0-255,1484,176174,8,354899
7763,0.013156,172.31.36.0-255,66,176240,8,354899
7764,0.015285,172.217.194.0-255,2902,179142,8,354899
7765,0.015294,172.31.36.0-255,66,179208,8,354899
7766,0.015341,172.217.194.0-255,1484,180692,8,354899
7767,0.015359,172.217.194.0-255,1484,182176,8,354899
7768,0.015362,172.31.36.0-255,66,182242,8,354899
7769,0.017445,172.217.194.0-255,2902,185144,8,354899
7770,0.017455,172.31.36.0-255,66,185210,8,354899
7771,0.017514,172.217.194.0-255,1484,186694,8,354899
7772,0.017529,172.217.194.0-255,1484,188178,8,354899
7773,0.017532,172.31.36.0-255,66,188244,8,354899
7774,0.019568,172.217.194.0-255,2902,191146,8,354899
7775,0.019574,172.31.36.0-255,66,191212,8,354899
7776,0.019692,172.217.194.0-255,2902,194114,8,354899
7777,0.019696,172.31.36.0-255,66,194180,8,354899
7778,0.02172,172.217.194.0-255,2902,197082,8,354899
7779,0.021726,172.31.36.0-255,66,197148,8,354899
7780,0.021849,172.217.194.0-255,2902,200050,8,354899
7781,0.021853,172.31.36.0-255,66,200116,8,354899
7782,0.023832,172.217.194.0-255,2902,203018,8,354899
7783,0.023839,172.31.36.0-255,66,203084,8,354899
7784,0.023962,172.217.194.0-255,2902,205986,8,354899
7785,0.023966,172.31.36.0-255,66,206052,8,354899
7786,0.025968,172.217.194.0-255,2902,208954,8,354899
7787,0.025973,172.31.36.0-255,66,209020,8,354899
7788,0.026107,172.217.194.0-255,2902,211922,8,354899
7789,0.026112,172.31.36.0-255,66,211988,8,354899
7790,0.02815,172.217.194.0-255,2902,214890,8,354899
7791,0.028156,172.31.36.0-255,66,214956,8,354899
7792,0.028242,172.217.194.0-255,2902,217858,8,354899
7793,0.028247,172.31.36.0-255,66,217924,8,354899
7794,0.030315,172.217.194.0-255,2902,220826,8,354899
7795,0.030321,172.31.36.0-255,66,220892,8,354899
7796,0.030373,172.217.194.0-255,2902,223794,8,354899
7797,0.030377,172.31.36.0-255,66,223860,8,354899
7798,0.032505,172.217.194.0-255,5738,229598,8,354899
7799,0.032511,172.31.36.0-255,66,229664,8,354899
7800,0.034672,172.217.194.0-255,5738,235402,8,354899
7801,0.034678,172.31.36.0-255,66,235468,8,354899
7802,0.036803,172.217.194.0-255,5738,241206,8,354899
7803,0.036809,172.31.36.0-255,66,241272,8,354899
7804,0.038966,172.217.194.0-255,5738,247010,8,354899
7805,0.038974,172.31.36.0-255,66,247076,8,354899
7806,0.041178,172.217.194.0-255,5738,252814,8,354899
7807,0.041186,172.31.36.0-255,66,252880,8,354899
7808,0.043343,172.217.194.0-255,5738,258618,8,354899
7809,0.043351,172.31.36.0-255,66,258684,8,354899
7810,0.045525,172.217.194.0-255,5738,264422,8,354899
7811,0.045533,172.31.36.0-255,66,264488,8,354899
7812,0.047694,172.217.194.0-255,5738,270226,8,354899
7813,0.047701,172.31.36.0-255,66,270292,8,354899
7814,0.049846,172.217.194.0-255,5738,276030,8,354899
7815,0.049853,172.31.36.0-255,66,276096,8,354899
7816,0.051988,172.217.194.0-255,5738,281834,8,354899
7817,0.051995,172.31.36.0-255,66,281900,8,354899
7818,0.054155,172.217.194.0-255,5738,287638,8,354899
7819,0.054161,172.31.36.0-255,66,287704,8,354899
7820,0.056345,172.217.194.0-255,5738,293442,8,354899
7821,0.056371,172.31.36.0-255,66,293508,8,354899
7822,0.058521,172.217.194.0-255,5738,299246,8,354899
7823,0.058529,172.31.36.0-255,66,299312,8,354899
7824,0.06071,172.217.194.0-255,5738,305050,8,354899
7825,0.060716,172.31.36.0-255,66,305116,8,354899
7826,0.062863,172.217.194.0-255,5738,310854,8,354899
7827,0.06287,172.31.36.0-255,66,310920,8,354899
7828,0.065018,172.217.194.0-255,5738,316658,8,354899
7829,0.065025,172.31.36.0-255,66,316724,8,354899
7830,0.067148,172.217.194.0-255,5738,322462,8,354899
7831,0.067155,172.31.36.0-255,66,322528,8,354899
7832,0.069321,172.217.194.0-255,5738,328266,8,354899
7833,0.069328,172.31.36.0-255,66,328332,8,354899
7834,0.071503,172.217.194.0-255,5738,334070,8,354899
7835,0.071511,172.31.36.0-255,66,334136,8,354899
7836,0.07341,172.31.36.0-255,172,334308,8,354899
7837,0.073441,172.31.36.0-255,1111,335419,8,354899
7838,0.073483,172.31.36.0-255,1514,336933,8,354899
7839,0.073485,172.31.36.0-255,1514,338447,8,354899
7840,0.073489,172.31.36.0-255,1514,339961,8,354899
7841,0.073491,172.31.36.0-255,378,340339,8,354899
7842,0.073673,172.217.194.0-255,5738,346077,8,354899
7843,0.073679,172.31.36.0-255,66,346143,8,354899
7844,0.075069,104.244.42.0-255,66,346209,8,354899
7845,0.075116,104.244.42.0-255,66,346275,8,354899
7846,0.075161,104.244.42.0-255,66,346341,8,354899
7847,0.075166,104.244.42.0-255,66,346407,8,354899
7848,0.075806,172.217.194.0-255,5738,352145,8,354899
7849,0.075814,172.31.36.0-255,66,352211,8,354899
7850,0.077964,172.217.194.0-255,2451,354662,8,354899
7851,0.077971,172.31.36.0-255,66,354728,8,354899
7852,0.078153,172.31.36.0-255,105,354833,8,354899
7853,0.080268,172.217.194.0-255,66,354899,8,354899
7854,0.0,74.125.24.0-255,298,298,8,210266
7855,2.5e-05,74.125.24.0-255,1484,1782,8,210266
7856,3.3e-05,172.31.36.0-255,66,1848,8,210266
7857,4.2e-05,74.125.24.0-255,4320,6168,8,210266
7858,4.6e-05,172.31.36.0-255,66,6234,8,210266
7859,8.7e-05,172.31.36.0-255,66,6300,8,210266
7860,0.000462,74.125.24.0-255,1484,7784,8,210266
7861,0.000472,74.125.24.0-255,2902,10686,8,210266
7862,0.000476,172.31.36.0-255,66,10752,8,210266
7863,0.000484,74.125.24.0-255,5738,16490,8,210266
7864,0.000486,172.31.36.0-255,66,16556,8,210266
7865,0.000525,74.125.24.0-255,5738,22294,8,210266
7866,0.000528,172.31.36.0-255,66,22360,8,210266
7867,0.000554,172.31.36.0-255,66,22426,8,210266
7868,0.000568,172.31.36.0-255,66,22492,8,210266
7869,0.002137,74.125.24.0-255,1484,23976,8,210266
7870,0.002146,74.125.24.0-255,2902,26878,8,210266
7871,0.00215,172.31.36.0-255,66,26944,8,210266
7872,0.002154,74.125.24.0-255,1484,28428,8,210266
7873,0.002178,74.125.24.0-255,4320,32748,8,210266
7874,0.002181,172.31.36.0-255,66,32814,8,210266
7875,0.002196,74.125.24.0-255,4320,37134,8,210266
7876,0.002232,74.125.24.0-255,6797,43931,8,210266
7877,0.002277,74.125.24.0-255,5958,49889,8,210266
7878,0.002282,74.125.24.0-255,4320,54209,8,210266
7879,0.002298,74.125.24.0-255,2902,57111,8,210266
7880,0.002308,74.125.24.0-255,1484,58595,8,210266
7881,0.002329,74.125.24.0-255,5379,63974,8,210266
7882,0.002937,74.125.24.0-255,1484,65458,8,210266
7883,0.002951,74.125.24.0-255,2902,68360,8,210266
7884,0.002974,74.125.24.0-255,5738,74098,8,210266
7885,0.002978,74.125.24.0-255,2902,77000,8,210266
7886,0.002993,74.125.24.0-255,1484,78484,8,210266
7887,0.003033,74.125.24.0-255,1484,79968,8,210266
7888,0.003056,74.125.24.0-255,6438,86406,8,210266
7889,0.003174,74.125.24.0-255,1484,87890,8,210266
7890,0.003179,74.125.24.0-255,1484,89374,8,210266
7891,0.0032,74.125.24.0-255,1484,90858,8,210266
7892,0.003207,74.125.24.0-255,5738,96596,8,210266
7893,0.00324,74.125.24.0-255,2902,99498,8,210266
7894,0.003246,74.125.24.0-255,4320,103818,8,210266
7895,0.003259,74.125.24.0-255,5738,109556,8,210266
7896,0.00328,74.125.24.0-255,2184,111740,8,210266
7897,0.0033,74.125.24.0-255,4320,116060,8,210266
7898,0.003348,74.125.24.0-255,5020,121080,8,210266
7899,0.003375,74.125.24.0-255,4320,125400,8,210266
7900,0.003394,74.125.24.0-255,5738,131138,8,210266
7901,0.003414,74.125.24.0-255,4320,135458,8,210266
7902,0.003462,74.125.24.0-255,1484,136942,8,210266
7903,0.003467,74.125.24.0-255,2902,139844,8,210266
7904,0.003486,74.125.24.0-255,5738,145582,8,210266
7905,0.003514,74.125.24.0-255,7156,152738,8,210266
7906,0.003542,74.125.24.0-255,5738,158476,8,210266
7907,0.003662,74.125.24.0-255,4320,162796,8,210266
7908,0.003693,74.125.24.0-255,5738,168534,8,210266
7909,0.003712,74.125.24.0-255,4320,172854,8,210266
7910,0.003781,74.125.24.0-255,7156,180010,8,210266
7911,0.003793,74.125.24.0-255,2902,182912,8,210266
7912,0.003825,74.125.24.0-255,1484,184396,8,210266
7913,0.003898,74.125.24.0-255,4320,188716,8,210266
7914,0.003939,74.125.24.0-255,7156,195872,8,210266
7915,0.003956,74.125.24.0-255,5020,200892,8,210266
7916,0.004009,74.125.24.0-255,105,200997,8,210266
7917,0.007632,172.31.36.0-255,66,201063,8,210266
7918,0.010727,172.31.36.0-255,105,201168,8,210266
7919,0.012994,74.125.24.0-255,66,201234,8,210266
7920,0.034523,172.31.36.0-255,172,201406,8,210266
7921,0.034554,172.31.36.0-255,1110,202516,8,210266
7922,0.034618,172.31.36.0-255,1514,204030,8,210266
7923,0.03462,172.31.36.0-255,1514,205544,8,210266
7924,0.034628,172.31.36.0-255,1514,207058,8,210266
7925,0.034629,172.31.36.0-255,1514,208572,8,210266
7926,0.034656,172.31.36.0-255,1496,210068,8,210266
7927,0.036084,104.244.42.0-255,66,210134,8,210266
7928,0.03615,104.244.42.0-255,66,210200,8,210266
7929,0.036271,104.244.42.0-255,66,210266,8,210266
7930,0.0,74.125.68.0-255,150,150,8,390437
7931,1.5e-05,74.125.68.0-255,1484,1634,8,390437
7932,2.2e-05,172.31.36.0-255,66,1700,8,390437
7933,3e-05,74.125.68.0-255,2902,4602,8,390437
7934,3.3e-05,172.31.36.0-255,66,4668,8,390437
7935,3.8e-05,74.125.68.0-255,2902,7570,8,390437
7936,4.3e-05,172.31.36.0-255,66,7636,8,390437
7937,6.9e-05,74.125.68.0-255,4320,11956,8,390437
7938,7.2e-05,172.31.36.0-255,66,12022,8,390437
7939,7.7e-05,74.125.68.0-255,2902,14924,8,390437
7940,8e-05,172.31.36.0-255,66,14990,8,390437
7941,9.9e-05,74.125.68.0-255,4836,19826,8,390437
7942,0.000102,172.31.36.0-255,66,19892,8,390437
7943,0.000107,74.125.68.0-255,2902,22794,8,390437
7944,0.000109,172.31.36.0-255,66,22860,8,390437
7945,0.00015,74.125.68.0-255,5738,28598,8,390437
7946,0.000153,172.31.36.0-255,66,28664,8,390437
7947,0.00017,74.125.68.0-255,2543,31207,8,390437
7948,0.000172,172.31.36.0-255,66,31273,8,390437
7949,0.00021,74.125.68.0-255,2902,34175,8,390437
7950,0.000213,172.31.36.0-255,66,34241,8,390437
7951,0.000233,74.125.68.0-255,2902,37143,8,390437
7952,0.000236,172.31.36.0-255,66,37209,8,390437
7953,0.00026,74.125.68.0-255,7156,44365,8,390437
7954,0.000263,172.31.36.0-255,66,44431,8,390437
7955,0.000305,74.125.68.0-255,3961,48392,8,390437
7956,0.000308,172.31.36.0-255,66,48458,8,390437
7957,0.000437,74.125.68.0-255,1484,49942,8,390437
7958,0.000467,74.125.68.0-255,1484,51426,8,390437
7959,0.000471,172.31.36.0-255,66,51492,8,390437
7960,0.000509,74.125.68.0-255,1484,52976,8,390437
7961,0.000554,74.125.68.0-255,2902,55878,8,390437
7962,0.000559,172.31.36.0-255,66,55944,8,390437
7963,0.000597,74.125.68.0-255,4320,60264,8,390437
7964,0.0006,172.31.36.0-255,66,60330,8,390437
7965,0.000608,74.125.68.0-255,5728,66058,8,390437
7966,0.000611,172.31.36.0-255,66,66124,8,390437
7967,0.000703,74.125.68.0-255,327,66451,8,390437
7968,0.000858,74.125.68.0-255,1484,67935,8,390437
7969,0.000862,172.31.36.0-255,66,68001,8,390437
7970,0.000868,74.125.68.0-255,2902,70903,8,390437
7971,0.00087,172.31.36.0-255,66,70969,8,390437
7972,0.00089,74.125.68.0-255,2902,73871,8,390437
7973,0.000894,172.31.36.0-255,66,73937,8,390437
7974,0.000904,74.125.68.0-255,2902,76839,8,390437
7975,0.000906,172.31.36.0-255,66,76905,8,390437
7976,0.000911,74.125.68.0-255,2902,79807,8,390437
7977,0.000913,172.31.36.0-255,66,79873,8,390437
7978,0.000919,74.125.68.0-255,3961,83834,8,390437
7979,0.000922,172.31.36.0-255,66,83900,8,390437
7980,0.000944,74.125.68.0-255,1484,85384,8,390437
7981,0.000962,74.125.68.0-255,7156,92540,8,390437
7982,0.000965,172.31.36.0-255,66,92606,8,390437
7983,0.000971,74.125.68.0-255,4320,96926,8,390437
7984,0.000973,172.31.36.0-255,66,96992,8,390437
7985,0.001009,74.125.68.0-255,1484,98476,8,390437
7986,0.001026,74.125.68.0-255,2543,101019,8,390437
7987,0.001029,172.31.36.0-255,66,101085,8,390437
7988,0.001135,74.125.68.0-255,1484,102569,8,390437
7989,0.001152,74.125.68.0-255,2902,105471,8,390437
7990,0.001155,172.31.36.0-255,66,105537,8,390437
7991,0.00116,74.125.68.0-255,2902,108439,8,390437
7992,0.001162,172.31.36.0-255,66,108505,8,390437
7993,0.001178,74.125.68.0-255,2902,111407,8,390437
7994,0.00118,172.31.36.0-255,66,111473,8,390437
7995,0.001186,74.125.68.0-255,4320,115793,8,390437
7996,0.001187,172.31.36.0-255,66,115859,8,390437
7997,0.001204,74.125.68.0-255,2902,118761,8,390437
7998,0.001211,74.125.68.0-255,5738,124499,8,390437
7999,0.001214,172.31.36.0-255,66,124565,8,390437
8000,0.001222,172.31.36.0-255,66,124631,8,390437
8001,0.001226,74.125.68.0-255,2902,127533,8,390437
8002,0.001229,172.31.36.0-255,66,127599,8,390437
8003,0.001263,74.125.68.0-255,5738,133337,8,390437
8004,0.001266,172.31.36.0-255,66,133403,8,390437
8005,0.001286,74.125.68.0-255,2184,135587,8,390437
8006,0.001288,172.31.36.0-255,66,135653,8,390437
8007,0.001699,74.125.68.0-255,1484,137137,8,390437
8008,0.001712,74.125.68.0-255,2902,140039,8,390437
8009,0.001716,172.31.36.0-255,66,140105,8,390437
8010,0.001739,74.125.68.0-255,4320,144425,8,390437
8011,0.001742,172.31.36.0-255,66,144491,8,390437
8012,0.00176,74.125.68.0-255,1484,145975,8,390437
8013,0.001794,74.125.68.0-255,7156,153131,8,390437
8014,0.001796,172.31.36.0-255,66,153197,8,390437
8015,0.00181,74.125.68.0-255,2902,156099,8,390437
8016,0.001812,172.31.36.0-255,66,156165,8,390437
8017,0.001824,172.31.36.0-255,66,156231,8,390437
8018,0.001829,74.125.68.0-255,2184,158415,8,390437
8019,0.001831,172.31.36.0-255,66,158481,8,390437
8020,0.002056,74.125.68.0-255,1484,159965,8,390437
8021,0.002062,74.125.68.0-255,2902,162867,8,390437
8022,0.002065,172.31.36.0-255,66,162933,8,390437
8023,0.002089,172.31.36.0-255,101,163034,8,390437
8024,0.002104,74.125.68.0-255,5738,168772,8,390437
8025,0.002107,172.31.36.0-255,66,168838,8,390437
8026,0.002133,74.125.68.0-255,5738,174576,8,390437
8027,0.002136,172.31.36.0-255,66,174642,8,390437
8028,0.002144,74.125.68.0-255,7156,181798,8,390437
8029,0.002146,172.31.36.0-255,66,181864,8,390437
8030,0.002169,74.125.68.0-255,2902,184766,8,390437
8031,0.002171,172.31.36.0-255,66,184832,8,390437
8032,0.002199,172.31.36.0-255,66,184898,8,390437
8033,0.003035,74.125.68.0-255,1484,186382,8,390437
8034,0.003078,74.125.68.0-255,2902,189284,8,390437
8035,0.003083,172.31.36.0-255,66,189350,8,390437
8036,0.003091,74.125.68.0-255,4320,193670,8,390437
8037,0.003093,172.31.36.0-255,66,193736,8,390437
8038,0.003109,74.125.68.0-255,1484,195220,8,390437
8039,0.003131,74.125.68.0-255,7156,202376,8,390437
8040,0.003134,172.31.36.0-255,66,202442,8,390437
8041,0.00314,74.125.68.0-255,4320,206762,8,390437
8042,0.003142,172.31.36.0-255,66,206828,8,390437
8043,0.003149,74.125.68.0-255,5738,212566,8,390437
8044,0.003151,172.31.36.0-255,66,212632,8,390437
8045,0.003185,74.125.68.0-255,1484,214116,8,390437
8046,0.003204,74.125.68.0-255,5020,219136,8,390437
8047,0.003206,172.31.36.0-255,66,219202,8,390437
8048,0.003348,74.125.68.0-255,1484,220686,8,390437
8049,0.003364,74.125.68.0-255,2902,223588,8,390437
8050,0.003368,172.31.36.0-255,66,223654,8,390437
8051,0.003396,74.125.68.0-255,2902,226556,8,390437
8052,0.003398,172.31.36.0-255,66,226622,8,390437
8053,0.003417,74.125.68.0-255,1484,228106,8,390437
8054,0.003428,74.125.68.0-255,5738,233844,8,390437
8055,0.003431,172.31.36.0-255,66,233910,8,390437
8056,0.003435,74.125.68.0-255,1484,235394,8,390437
8057,0.003456,74.125.68.0-255,5738,241132,8,390437
8058,0.003458,172.31.36.0-255,66,241198,8,390437
8059,0.003463,74.125.68.0-255,2902,244100,8,390437
8060,0.003465,172.31.36.0-255,66,244166,8,390437
8061,0.003483,74.125.68.0-255,5738,249904,8,390437
8062,0.003485,172.31.36.0-255,66,249970,8,390437
8063,0.00349,74.125.68.0-255,2902,252872,8,390437
8064,0.003491,172.31.36.0-255,66,252938,8,390437
8065,0.003495,74.125.68.0-255,766,253704,8,390437
8066,0.003614,74.125.68.0-255,1484,255188,8,390437
8067,0.003618,172.31.36.0-255,66,255254,8,390437
8068,0.003623,74.125.68.0-255,2902,258156,8,390437
8069,0.003626,172.31.36.0-255,66,258222,8,390437
8070,0.003644,74.125.68.0-255,5738,263960,8,390437
8071,0.003647,172.31.36.0-255,66,264026,8,390437
8072,0.003651,74.125.68.0-255,2902,266928,8,390437
8073,0.003653,172.31.36.0-255,66,266994,8,390437
8074,0.003666,74.125.68.0-255,1484,268478,8,390437
8075,0.003685,74.125.68.0-255,7156,275634,8,390437
8076,0.003687,172.31.36.0-255,66,275700,8,390437
8077,0.003705,74.125.68.0-255,1484,277184,8,390437
8078,0.00372,172.31.36.0-255,66,277250,8,390437
8079,0.003723,74.125.68.0-255,766,278016,8,390437
8080,0.003809,74.125.68.0-255,1484,279500,8,390437
8081,0.003814,172.31.36.0-255,66,279566,8,390437
8082,0.003819,74.125.68.0-255,2902,282468,8,390437
8083,0.003822,172.31.36.0-255,66,282534,8,390437
8084,0.00385,74.125.68.0-255,5738,288272,8,390437
8085,0.003854,172.31.36.0-255,66,288338,8,390437
8086,0.003858,74.125.68.0-255,4320,292658,8,390437
8087,0.003861,172.31.36.0-255,66,292724,8,390437
8088,0.00389,74.125.68.0-255,5738,298462,8,390437
8089,0.003894,172.31.36.0-255,66,298528,8,390437
8090,0.003925,172.31.36.0-255,66,298594,8,390437
8091,0.003975,74.125.68.0-255,2184,300778,8,390437
8092,0.003979,172.31.36.0-255,66,300844,8,390437
8093,0.003983,74.125.68.0-255,2902,303746,8,390437
8094,0.003985,172.31.36.0-255,66,303812,8,390437
8095,0.004007,74.125.68.0-255,1484,305296,8,390437
8096,0.004026,74.125.68.0-255,4320,309616,8,390437
8097,0.00403,172.31.36.0-255,66,309682,8,390437
8098,0.004035,74.125.68.0-255,2902,312584,8,390437
8099,0.004037,172.31.36.0-255,66,312650,8,390437
8100,0.004048,74.125.68.0-255,1484,314134,8,390437
8101,0.004054,74.125.68.0-255,4320,318454,8,390437
8102,0.004058,172.31.36.0-255,66,318520,8,390437
8103,0.004062,74.125.68.0-255,2902,321422,8,390437
8104,0.004064,172.31.36.0-255,66,321488,8,390437
8105,0.004101,74.125.68.0-255,5738,327226,8,390437
8106,0.004104,172.31.36.0-255,66,327292,8,390437
8107,0.004126,74.125.68.0-255,5738,333030,8,390437
8108,0.004129,172.31.36.0-255,66,333096,8,390437
8109,0.004133,74.125.68.0-255,2184,335280,8,390437
8110,0.004135,172.31.36.0-255,66,335346,8,390437
8111,0.004139,74.125.68.0-255,1484,336830,8,390437
8112,0.004142,74.125.68.0-255,1484,338314,8,390437
8113,0.004144,172.31.36.0-255,66,338380,8,390437
8114,0.004147,74.125.68.0-255,1484,339864,8,390437
8115,0.00415,74.125.68.0-255,1484,341348,8,390437
8116,0.004152,172.31.36.0-255,66,341414,8,390437
8117,0.004166,74.125.68.0-255,1484,342898,8,390437
8118,0.004171,74.125.68.0-255,2902,345800,8,390437
8119,0.004174,172.31.36.0-255,66,345866,8,390437
8120,0.004189,74.125.68.0-255,1484,347350,8,390437
8121,0.004206,74.125.68.0-255,5738,353088,8,390437
8122,0.00421,172.31.36.0-255,66,353154,8,390437
8123,0.004227,74.125.68.0-255,2902,356056,8,390437
8124,0.00423,172.31.36.0-255,66,356122,8,390437
8125,0.004236,74.125.68.0-255,4320,360442,8,390437
8126,0.004238,172.31.36.0-255,66,360508,8,390437
8127,0.004245,74.125.68.0-255,5738,366246,8,390437
8128,0.004248,172.31.36.0-255,66,366312,8,390437
8129,0.004253,74.125.68.0-255,2902,369214,8,390437
8130,0.004256,172.31.36.0-255,66,369280,8,390437
8131,0.004281,74.125.68.0-255,3602,372882,8,390437
8132,0.004285,172.31.36.0-255,66,372948,8,390437
8133,0.00431,74.125.68.0-255,5738,378686,8,390437
8134,0.004314,172.31.36.0-255,66,378752,8,390437
8135,0.004333,74.125.68.0-255,1094,379846,8,390437
8136,0.004368,74.125.68.0-255,66,379912,8,390437
8137,0.004414,74.125.68.0-255,105,380017,8,390437
8138,0.010105,172.31.36.0-255,66,380083,8,390437
8139,0.010144,172.31.36.0-255,105,380188,8,390437
8140,0.017335,74.125.68.0-255,66,380254,8,390437
8141,0.037637,172.31.36.0-255,172,380426,8,390437
8142,0.037672,172.31.36.0-255,1110,381536,8,390437
8143,0.037762,172.31.36.0-255,1514,383050,8,390437
8144,0.037764,172.31.36.0-255,1514,384564,8,390437
8145,0.037765,172.31.36.0-255,1514,386078,8,390437
8146,0.037767,172.31.36.0-255,1514,387592,8,390437
8147,0.037768,172.31.36.0-255,1514,389106,8,390437
8148,0.037797,172.31.36.0-255,893,389999,8,390437
8149,0.039194,104.244.42.0-255,66,390065,8,390437
8150,0.039219,104.244.42.0-255,66,390131,8,390437
8151,0.039347,104.244.42.0-255,66,390197,8,390437
8152,0.039365,104.244.42.0-255,66,390263,8,390437
8153,0.040189,104.244.42.0-255,108,390371,8,390437
8154,0.040197,172.31.36.0-255,66,390437,8,390437
8155,0.0,74.125.68.0-255,297,297,8,293308
8156,2.7e-05,172.31.36.0-255,66,363,8,293308
8157,3.4e-05,74.125.68.0-255,1484,1847,8,293308
8158,3.8e-05,172.31.36.0-255,66,1913,8,293308
8159,4.2e-05,74.125.68.0-255,2902,4815,8,293308
8160,4.4e-05,172.31.36.0-255,66,4881,8,293308
8161,7.4e-05,74.125.68.0-255,5738,10619,8,293308
8162,7.8e-05,172.31.36.0-255,66,10685,8,293308
8163,8.2e-05,74.125.68.0-255,3306,13991,8,293308
8164,8.5e-05,172.31.36.0-255,66,14057,8,293308
8165,0.000145,74.125.68.0-255,1484,15541,8,293308
8166,0.000149,172.31.36.0-255,66,15607,8,293308
8167,0.000152,74.125.68.0-255,1484,17091,8,293308
8168,0.000154,172.31.36.0-255,66,17157,8,293308
8169,0.000171,74.125.68.0-255,1484,18641,8,293308
8170,0.000174,172.31.36.0-255,66,18707,8,293308
8171,0.000181,74.125.68.0-255,5738,24445,8,293308
8172,0.000183,172.31.36.0-255,66,24511,8,293308
8173,0.000194,74.125.68.0-255,2902,27413,8,293308
8174,0.000196,172.31.36.0-255,66,27479,8,293308
8175,0.000239,74.125.68.0-255,4320,31799,8,293308
8176,0.000243,172.31.36.0-255,66,31865,8,293308
8177,0.000263,74.125.68.0-255,6797,38662,8,293308
8178,0.000267,172.31.36.0-255,66,38728,8,293308
8179,0.000303,172.31.36.0-255,66,38794,8,293308
8180,0.000341,74.125.68.0-255,5738,44532,8,293308
8181,0.000347,172.31.36.0-255,66,44598,8,293308
8182,0.000355,74.125.68.0-255,2902,47500,8,293308
8183,0.000357,172.31.36.0-255,66,47566,8,293308
8184,0.000392,74.125.68.0-255,4320,51886,8,293308
8185,0.000395,172.31.36.0-255,66,51952,8,293308
8186,0.000413,74.125.68.0-255,3961,55913,8,293308
8187,0.000426,172.31.36.0-255,66,55979,8,293308
8188,0.00045,74.125.68.0-255,677,56656,8,293308
8189,0.000666,74.125.68.0-255,1484,58140,8,293308
8190,0.00067,172.31.36.0-255,66,58206,8,293308
8191,0.000674,74.125.68.0-255,1484,59690,8,293308
8192,0.000704,74.125.68.0-255,1484,61174,8,293308
8193,0.000709,74.125.68.0-255,2902,64076,8,293308
8194,0.000713,172.31.36.0-255,66,64142,8,293308
8195,0.000713,74.125.68.0-255,4320,68462,8,293308
8196,0.000718,172.31.36.0-255,66,68528,8,293308
8197,0.000723,74.125.68.0-255,1484,70012,8,293308
8198,0.000749,74.125.68.0-255,7156,77168,8,293308
8199,0.000755,74.125.68.0-255,7156,84324,8,293308
8200,0.000756,172.31.36.0-255,66,84390,8,293308
8201,0.00076,172.31.36.0-255,66,84456,8,293308
8202,0.000799,74.125.68.0-255,6438,90894,8,293308
8203,0.000804,172.31.36.0-255,66,90960,8,293308
8204,0.001051,74.125.68.0-255,1484,92444,8,293308
8205,0.001056,74.125.68.0-255,1484,93928,8,293308
8206,0.001059,172.31.36.0-255,66,93994,8,293308
8207,0.001084,74.125.68.0-255,1484,95478,8,293308
8208,0.00109,74.125.68.0-255,5738,101216,8,293308
8209,0.0011,172.31.36.0-255,66,101282,8,293308
8210,0.001103,74.125.68.0-255,1484,102766,8,293308
8211,0.001123,74.125.68.0-255,5738,108504,8,293308
8212,0.001126,74.125.68.0-255,1484,109988,8,293308
8213,0.001128,172.31.36.0-255,66,110054,8,293308
8214,0.001141,74.125.68.0-255,5738,115792,8,293308
8215,0.001144,172.31.36.0-255,66,115858,8,293308
8216,0.001165,74.125.68.0-255,1484,117342,8,293308
8217,0.001171,74.125.68.0-255,5738,123080,8,293308
8218,0.001178,172.31.36.0-255,66,123146,8,293308
8219,0.001203,74.125.68.0-255,2184,125330,8,293308
8220,0.001209,172.31.36.0-255,66,125396,8,293308
8221,0.001473,74.125.68.0-255,1484,126880,8,293308
8222,0.001482,74.125.68.0-255,2902,129782,8,293308
8223,0.001486,172.31.36.0-255,66,129848,8,293308
8224,0.001519,74.125.68.0-255,5738,135586,8,293308
8225,0.001568,74.125.68.0-255,4320,139906,8,293308
8226,0.001585,74.125.68.0-255,2902,142808,8,293308
8227,0.001621,74.125.68.0-255,4320,147128,8,293308
8228,0.001633,74.125.68.0-255,3602,150730,8,293308
8229,0.001687,74.125.68.0-255,1484,152214,8,293308
8230,0.001706,74.125.68.0-255,2902,155116,8,293308
8231,0.00171,74.125.68.0-255,1484,156600,8,293308
8232,0.001714,74.125.68.0-255,2902,159502,8,293308
8233,0.001732,74.125.68.0-255,4320,163822,8,293308
8234,0.00175,74.125.68.0-255,1484,165306,8,293308
8235,0.00177,74.125.68.0-255,4320,169626,8,293308
8236,0.001775,74.125.68.0-255,2902,172528,8,293308
8237,0.001788,74.125.68.0-255,2902,175430,8,293308
8238,0.001815,74.125.68.0-255,2902,178332,8,293308
8239,0.001833,74.125.68.0-255,6438,184770,8,293308
8240,0.005025,74.125.68.0-255,1484,186254,8,293308
8241,0.005034,74.125.68.0-255,2902,189156,8,293308
8242,0.00504,74.125.68.0-255,5738,194894,8,293308
8243,0.005061,74.125.68.0-255,2184,197078,8,293308
8244,0.005063,74.125.68.0-255,1484,198562,8,293308
8245,0.005067,74.125.68.0-255,2902,201464,8,293308
8246,0.005072,74.125.68.0-255,5738,207202,8,293308
8247,0.005082,74.125.68.0-255,7156,214358,8,293308
8248,0.005096,74.125.68.0-255,3602,217960,8,293308
8249,0.005098,74.125.68.0-255,1484,219444,8,293308
8250,0.005102,74.125.68.0-255,2902,222346,8,293308
8251,0.005107,74.125.68.0-255,5738,228084,8,293308
8252,0.00511,74.125.68.0-255,2902,230986,8,293308
8253,0.005115,74.125.68.0-255,4320,235306,8,293308
8254,0.00512,74.125.68.0-255,5738,241044,8,293308
8255,0.005124,74.125.68.0-255,2902,243946,8,293308
8256,0.00513,74.125.68.0-255,5738,249684,8,293308
8257,0.005134,74.125.68.0-255,3602,253286,8,293308
8258,0.005138,74.125.68.0-255,4320,257606,8,293308
8259,0.005177,74.125.68.0-255,1484,259090,8,293308
8260,0.00518,74.125.68.0-255,2902,261992,8,293308
8261,0.005186,74.125.68.0-255,5738,267730,8,293308
8262,0.005193,74.125.68.0-255,6438,274168,8,293308
8263,0.005195,74.125.68.0-255,1484,275652,8,293308
8264,0.005199,74.125.68.0-255,2902,278554,8,293308
8265,0.005203,74.125.68.0-255,5738,284292,8,293308
8266,0.005254,74.125.68.0-255,1484,285776,8,293308
8267,0.005266,74.125.68.0-255,2902,288678,8,293308
8268,0.005283,74.125.68.0-255,105,288783,8,293308
8269,0.006876,172.31.36.0-255,66,288849,8,293308
8270,0.009096,172.31.36.0-255,105,288954,8,293308
8271,0.011691,74.125.68.0-255,66,289020,8,293308
8272,0.030531,172.31.36.0-255,171,289191,8,293308
8273,0.030577,172.31.36.0-255,1135,290326,8,293308
8274,0.0306,172.31.36.0-255,1514,291840,8,293308
8275,0.030602,172.31.36.0-255,1270,293110,8,293308
8276,0.032146,104.244.42.0-255,66,293176,8,293308
8277,0.032235,104.244.42.0-255,66,293242,8,293308
8278,0.032241,104.244.42.0-255,66,293308,8,293308
8279,0.0,74.125.24.0-255,297,297,8,131288
8280,2e-05,74.125.24.0-255,1484,1781,8,131288
8281,3.3e-05,172.31.36.0-255,66,1847,8,131288
8282,4.4e-05,74.125.24.0-255,4320,6167,8,131288
8283,4.7e-05,172.31.36.0-255,66,6233,8,131288
8284,6.7e-05,74.125.24.0-255,4320,10553,8,131288
8285,7.1e-05,172.31.36.0-255,66,10619,8,131288
8286,9.9e-05,74.125.24.0-255,1484,12103,8,131288
8287,0.000114,172.31.36.0-255,66,12169,8,131288
8288,0.000122,74.125.24.0-255,6797,18966,8,131288
8289,0.000125,172.31.36.0-255,66,19032,8,131288
8290,0.000553,74.125.24.0-255,1484,20516,8,131288
8291,0.000561,74.125.24.0-255,2902,23418,8,131288
8292,0.000565,172.31.36.0-255,66,23484,8,131288
8293,0.000574,74.125.24.0-255,5738,29222,8,131288
8294,0.000576,172.31.36.0-255,66,29288,8,131288
8295,0.0006,74.125.24.0-255,1484,30772,8,131288
8296,0.000626,172.31.36.0-255,66,30838,8,131288
8297,0.000631,74.125.24.0-255,4320,35158,8,131288
8298,0.000634,172.31.36.0-255,66,35224,8,131288
8299,0.000651,74.125.24.0-255,5738,40962,8,131288
8300,0.000654,172.31.36.0-255,66,41028,8,131288
8301,0.000661,74.125.24.0-255,4232,45260,8,131288
8302,0.000663,172.31.36.0-255,66,45326,8,131288
8303,0.001229,74.125.24.0-255,135,45461,8,131288
8304,0.001611,74.125.24.0-255,1484,46945,8,131288
8305,0.001616,172.31.36.0-255,66,47011,8,131288
8306,0.001623,74.125.24.0-255,2902,49913,8,131288
8307,0.001625,172.31.36.0-255,66,49979,8,131288
8308,0.00163,74.125.24.0-255,2902,52881,8,131288
8309,0.001632,172.31.36.0-255,66,52947,8,131288
8310,0.001658,74.125.24.0-255,2902,55849,8,131288
8311,0.00166,172.31.36.0-255,66,55915,8,131288
8312,0.001671,172.31.36.0-255,66,55981,8,131288
8313,0.001696,74.125.24.0-255,4320,60301,8,131288
8314,0.001699,172.31.36.0-255,66,60367,8,131288
8315,0.001712,172.31.36.0-255,66,60433,8,131288
8316,0.001832,74.125.24.0-255,1484,61917,8,131288
8317,0.001851,74.125.24.0-255,2902,64819,8,131288
8318,0.001854,172.31.36.0-255,66,64885,8,131288
8319,0.001861,74.125.24.0-255,4320,69205,8,131288
8320,0.001864,172.31.36.0-255,66,69271,8,131288
8321,0.001876,74.125.24.0-255,1484,70755,8,131288
8322,0.001891,172.31.36.0-255,66,70821,8,131288
8323,0.001942,74.125.24.0-255,5738,76559,8,131288
8324,0.001945,172.31.36.0-255,66,76625,8,131288
8325,0.001971,172.31.36.0-255,66,76691,8,131288
8326,0.001975,74.125.24.0-255,2902,79593,8,131288
8327,0.001978,172.31.36.0-255,66,79659,8,131288
8328,0.002007,172.31.36.0-255,66,79725,8,131288
8329,0.002041,172.31.36.0-255,66,79791,8,131288
8330,0.002073,172.31.36.0-255,66,79857,8,131288
8331,0.002092,172.31.36.0-255,66,79923,8,131288
8332,0.002097,74.125.24.0-255,3602,83525,8,131288
8333,0.0021,172.31.36.0-255,66,83591,8,131288
8334,0.002104,74.125.24.0-255,1484,85075,8,131288
8335,0.002164,74.125.24.0-255,1484,86559,8,131288
8336,0.002167,172.31.36.0-255,66,86625,8,131288
8337,0.00217,74.125.24.0-255,1484,88109,8,131288
8338,0.002178,74.125.24.0-255,7156,95265,8,131288
8339,0.002181,172.31.36.0-255,66,95331,8,131288
8340,0.002185,74.125.24.0-255,2902,98233,8,131288
8341,0.002187,172.31.36.0-255,66,98299,8,131288
8342,0.002198,172.31.36.0-255,66,98365,8,131288
8343,0.002202,74.125.24.0-255,2902,101267,8,131288
8344,0.002206,172.31.36.0-255,66,101333,8,131288
8345,0.00225,172.31.36.0-255,66,101399,8,131288
8346,0.002263,172.31.36.0-255,66,101465,8,131288
8347,0.002302,74.125.24.0-255,5738,107203,8,131288
8348,0.002305,172.31.36.0-255,66,107269,8,131288
8349,0.002333,172.31.36.0-255,66,107335,8,131288
8350,0.002352,172.31.36.0-255,66,107401,8,131288
8351,0.002366,172.31.36.0-255,66,107467,8,131288
8352,0.002394,74.125.24.0-255,1484,108951,8,131288
8353,0.002435,172.31.36.0-255,66,109017,8,131288
8354,0.002473,172.31.36.0-255,66,109083,8,131288
8355,0.002494,74.125.24.0-255,5020,114103,8,131288
8356,0.002497,172.31.36.0-255,66,114169,8,131288
8357,0.002516,172.31.36.0-255,66,114235,8,131288
8358,0.002541,172.31.36.0-255,66,114301,8,131288
8359,0.002555,172.31.36.0-255,66,114367,8,131288
8360,0.002599,172.31.36.0-255,66,114433,8,131288
8361,0.002607,74.125.24.0-255,6438,120871,8,131288
8362,0.002609,172.31.36.0-255,66,120937,8,131288
8363,0.002623,172.31.36.0-255,66,121003,8,131288
8364,0.002684,74.125.24.0-255,105,121108,8,131288
8365,0.009995,172.31.36.0-255,105,121213,8,131288
8366,0.011984,74.125.24.0-255,66,121279,8,131288
8367,0.042753,172.31.36.0-255,172,121451,8,131288
8368,0.042785,172.31.36.0-255,1110,122561,8,131288
8369,0.042849,172.31.36.0-255,1514,124075,8,131288
8370,0.042851,172.31.36.0-255,1514,125589,8,131288
8371,0.042857,172.31.36.0-255,1514,127103,8,131288
8372,0.042859,172.31.36.0-255,1514,128617,8,131288
8373,0.042876,172.31.36.0-255,1514,130131,8,131288
8374,0.042877,172.31.36.0-255,893,131024,8,131288
8375,0.044308,104.244.42.0-255,66,131090,8,131288
8376,0.04432,104.244.42.0-255,66,131156,8,131288
8377,0.044422,104.244.42.0-255,66,131222,8,131288
8378,0.044429,104.244.42.0-255,66,131288,8,131288
8379,0.0,74.125.24.0-255,289,289,8,207568
8380,2.2e-05,172.31.36.0-255,66,355,8,207568
8381,2.6e-05,74.125.24.0-255,1484,1839,8,207568
8382,3.2e-05,172.31.36.0-255,66,1905,8,207568
8383,6.9e-05,74.125.24.0-255,4320,6225,8,207568
8384,7.2e-05,172.31.36.0-255,66,6291,8,207568
8385,8.9e-05,74.125.24.0-255,5738,12029,8,207568
8386,9.2e-05,172.31.36.0-255,66,12095,8,207568
8387,0.000139,74.125.24.0-255,1484,13579,8,207568
8388,0.000143,172.31.36.0-255,66,13645,8,207568
8389,0.000172,74.125.24.0-255,3290,16935,8,207568
8390,0.000176,172.31.36.0-255,66,17001,8,207568
8391,0.000181,74.125.24.0-255,5738,22739,8,207568
8392,0.000183,172.31.36.0-255,66,22805,8,207568
8393,0.000205,172.31.36.0-255,66,22871,8,207568
8394,0.00021,74.125.24.0-255,1484,24355,8,207568
8395,0.000212,172.31.36.0-255,66,24421,8,207568
8396,0.000258,172.31.36.0-255,66,24487,8,207568
8397,0.000271,172.31.36.0-255,66,24553,8,207568
8398,0.000276,74.125.24.0-255,2902,27455,8,207568
8399,0.000278,172.31.36.0-255,66,27521,8,207568
8400,0.000302,74.125.24.0-255,2821,30342,8,207568
8401,0.00031,172.31.36.0-255,66,30408,8,207568
8402,0.00046,74.125.24.0-255,132,30540,8,207568
8403,0.000465,172.31.36.0-255,66,30606,8,207568
8404,0.000624,74.125.24.0-255,1484,32090,8,207568
8405,0.000628,172.31.36.0-255,66,32156,8,207568
8406,0.000633,74.125.24.0-255,2902,35058,8,207568
8407,0.000635,172.31.36.0-255,66,35124,8,207568
8408,0.000651,74.125.24.0-255,1484,36608,8,207568
8409,0.000676,74.125.24.0-255,4320,40928,8,207568
8410,0.00068,172.31.36.0-255,66,40994,8,207568
8411,0.000739,172.31.36.0-255,66,41060,8,207568
8412,0.000749,172.31.36.0-255,66,41126,8,207568
8413,0.000759,74.125.24.0-255,2902,44028,8,207568
8414,0.000762,172.31.36.0-255,66,44094,8,207568
8415,0.000792,74.125.24.0-255,3961,48055,8,207568
8416,0.000795,172.31.36.0-255,66,48121,8,207568
8417,0.000838,74.125.24.0-255,4320,52441,8,207568
8418,0.000841,172.31.36.0-255,66,52507,8,207568
8419,0.000844,74.125.24.0-255,1484,53991,8,207568
8420,0.00087,74.125.24.0-255,7156,61147,8,207568
8421,0.000873,172.31.36.0-255,66,61213,8,207568
8422,0.000898,74.125.24.0-255,4320,65533,8,207568
8423,0.000901,172.31.36.0-255,66,65599,8,207568
8424,0.000932,74.125.24.0-255,4320,69919,8,207568
8425,0.000935,172.31.36.0-255,66,69985,8,207568
8426,0.000952,172.31.36.0-255,66,70051,8,207568
8427,0.000956,74.125.24.0-255,2184,72235,8,207568
8428,0.00096,74.125.24.0-255,2902,75137,8,207568
8429,0.00096,172.31.36.0-255,66,75203,8,207568
8430,0.000963,172.31.36.0-255,66,75269,8,207568
8431,0.000986,74.125.24.0-255,1484,76753,8,207568
8432,0.001009,74.125.24.0-255,5738,82491,8,207568
8433,0.001012,172.31.36.0-255,66,82557,8,207568
8434,0.00104,74.125.24.0-255,7156,89713,8,207568
8435,0.001043,172.31.36.0-255,66,89779,8,207568
8436,0.001075,74.125.24.0-255,7156,96935,8,207568
8437,0.001079,172.31.36.0-255,66,97001,8,207568
8438,0.001096,172.31.36.0-255,66,97067,8,207568
8439,0.001341,74.125.24.0-255,1484,98551,8,207568
8440,0.001347,74.125.24.0-255,2902,101453,8,207568
8441,0.001351,172.31.36.0-255,66,101519,8,207568
8442,0.001378,74.125.24.0-255,5738,107257,8,207568
8443,0.001381,172.31.36.0-255,66,107323,8,207568
8444,0.001414,172.31.36.0-255,66,107389,8,207568
8445,0.001425,172.31.36.0-255,66,107455,8,207568
8446,0.001441,74.125.24.0-255,1484,108939,8,207568
8447,0.001462,74.125.24.0-255,5020,113959,8,207568
8448,0.001465,172.31.36.0-255,66,114025,8,207568
8449,0.00158,74.125.24.0-255,1484,115509,8,207568
8450,0.001586,74.125.24.0-255,2902,118411,8,207568
8451,0.001591,172.31.36.0-255,66,118477,8,207568
8452,0.00162,74.125.24.0-255,5738,124215,8,207568
8453,0.001623,172.31.36.0-255,66,124281,8,207568
8454,0.001629,74.125.24.0-255,5738,130019,8,207568
8455,0.001631,172.31.36.0-255,66,130085,8,207568
8456,0.001659,74.125.24.0-255,7156,137241,8,207568
8457,0.001662,172.31.36.0-255,66,137307,8,207568
8458,0.001681,172.31.36.0-255,66,137373,8,207568
8459,0.001715,74.125.24.0-255,3602,140975,8,207568
8460,0.001718,172.31.36.0-255,66,141041,8,207568
8461,0.001749,172.31.36.0-255,66,141107,8,207568
8462,0.001757,74.125.24.0-255,7156,148263,8,207568
8463,0.001759,172.31.36.0-255,66,148329,8,207568
8464,0.001765,74.125.24.0-255,3602,151931,8,207568
8465,0.001768,172.31.36.0-255,66,151997,8,207568
8466,0.001773,74.125.24.0-255,4320,156317,8,207568
8467,0.001776,172.31.36.0-255,66,156383,8,207568
8468,0.001849,172.31.36.0-255,66,156449,8,207568
8469,0.001875,172.31.36.0-255,66,156515,8,207568
8470,0.001897,74.125.24.0-255,7156,163671,8,207568
8471,0.001901,172.31.36.0-255,66,163737,8,207568
8472,0.001926,172.31.36.0-255,66,163803,8,207568
8473,0.00196,172.31.36.0-255,66,163869,8,207568
8474,0.001969,74.125.24.0-255,2902,166771,8,207568
8475,0.001973,172.31.36.0-255,66,166837,8,207568
8476,0.002002,172.31.36.0-255,66,166903,8,207568
8477,0.002019,74.125.24.0-255,342,167245,8,207568
8478,0.00202,172.31.36.0-255,66,167311,8,207568
8479,0.002181,74.125.24.0-255,1484,168795,8,207568
8480,0.002185,172.31.36.0-255,66,168861,8,207568
8481,0.002205,74.125.24.0-255,2902,171763,8,207568
8482,0.002209,74.125.24.0-255,1484,173247,8,207568
8483,0.002213,172.31.36.0-255,66,173313,8,207568
8484,0.002224,74.125.24.0-255,4320,177633,8,207568
8485,0.00223,172.31.36.0-255,66,177699,8,207568
8486,0.002235,74.125.24.0-255,5738,183437,8,207568
8487,0.002245,172.31.36.0-255,66,183503,8,207568
8488,0.002264,74.125.24.0-255,4320,187823,8,207568
8489,0.002271,172.31.36.0-255,66,187889,8,207568
8490,0.002298,74.125.24.0-255,5020,192909,8,207568
8491,0.002302,172.31.36.0-255,66,192975,8,207568
8492,0.002317,172.31.36.0-255,66,193041,8,207568
8493,0.002528,74.125.24.0-255,1484,194525,8,207568
8494,0.002534,74.125.24.0-255,2902,197427,8,207568
8495,0.002537,172.31.36.0-255,66,197493,8,207568
8496,0.002584,74.125.24.0-255,5379,202872,8,207568
8497,0.002593,172.31.36.0-255,66,202938,8,207568
8498,0.002663,74.125.24.0-255,105,203043,8,207568
8499,0.003673,172.31.36.0-255,66,203109,8,207568
8500,0.003701,172.31.36.0-255,105,203214,8,207568
8501,0.006262,74.125.24.0-255,66,203280,8,207568
8502,0.034359,172.31.36.0-255,172,203452,8,207568
8503,0.034388,172.31.36.0-255,1112,204564,8,207568
8504,0.034436,172.31.36.0-255,1514,206078,8,207568
8505,0.034438,172.31.36.0-255,1292,207370,8,207568
8506,0.03589,104.244.42.0-255,66,207436,8,207568
8507,0.035925,104.244.42.0-255,66,207502,8,207568
8508,0.035975,104.244.42.0-255,66,207568,8,207568
8509,0.0,74.125.200.0-255,153,153,8,348604
8510,1.1e-05,172.31.36.0-255,66,219,8,348604
8511,4.5e-05,74.125.200.0-255,1484,1703,8,348604
8512,5e-05,172.31.36.0-255,66,1769,8,348604
8513,5.6e-05,74.125.200.0-255,2902,4671,8,348604
8514,6e-05,172.31.36.0-255,66,4737,8,348604
8515,6.6e-05,74.125.200.0-255,4320,9057,8,348604
8516,6.9e-05,172.31.36.0-255,66,9123,8,348604
8517,7.5e-05,74.125.200.0-255,4886,14009,8,348604
8518,7.8e-05,172.31.36.0-255,66,14075,8,348604
8519,0.000309,74.125.200.0-255,1484,15559,8,348604
8520,0.000313,74.125.200.0-255,1484,17043,8,348604
8521,0.000323,172.31.36.0-255,66,17109,8,348604
8522,0.000327,172.31.36.0-255,66,17175,8,348604
8523,0.000331,74.125.200.0-255,1484,18659,8,348604
8524,0.000333,172.31.36.0-255,66,18725,8,348604
8525,0.00034,74.125.200.0-255,5738,24463,8,348604
8526,0.000343,172.31.36.0-255,66,24529,8,348604
8527,0.000378,74.125.200.0-255,6797,31326,8,348604
8528,0.000381,172.31.36.0-255,66,31392,8,348604
8529,0.000475,74.125.200.0-255,1484,32876,8,348604
8530,0.00048,172.31.36.0-255,66,32942,8,348604
8531,0.000485,74.125.200.0-255,2902,35844,8,348604
8532,0.000487,172.31.36.0-255,66,35910,8,348604
8533,0.000507,74.125.200.0-255,4320,40230,8,348604
8534,0.00051,172.31.36.0-255,66,40296,8,348604
8535,0.00054,74.125.200.0-255,5738,46034,8,348604
8536,0.000543,172.31.36.0-255,66,46100,8,348604
8537,0.00056,74.125.200.0-255,3961,50061,8,348604
8538,0.000563,172.31.36.0-255,66,50127,8,348604
8539,0.000588,74.125.200.0-255,4320,54447,8,348604
8540,0.00059,172.31.36.0-255,66,54513,8,348604
8541,0.000597,74.125.200.0-255,4320,58833,8,348604
8542,0.000599,172.31.36.0-255,66,58899,8,348604
8543,0.000615,74.125.200.0-255,5738,64637,8,348604
8544,0.000617,172.31.36.0-255,66,64703,8,348604
8545,0.00062,74.125.200.0-255,1397,66100,8,348604
8546,0.000642,74.125.200.0-255,126,66226,8,348604
8547,0.000732,74.125.200.0-255,1484,67710,8,348604
8548,0.000736,172.31.36.0-255,66,67776,8,348604
8549,0.000752,74.125.200.0-255,2902,70678,8,348604
8550,0.000754,172.31.36.0-255,66,70744,8,348604
8551,0.000757,74.125.200.0-255,1484,72228,8,348604
8552,0.000771,74.125.200.0-255,2902,75130,8,348604
8553,0.000773,172.31.36.0-255,66,75196,8,348604
8554,0.000801,172.31.36.0-255,66,75262,8,348604
8555,0.000825,172.31.36.0-255,66,75328,8,348604
8556,0.000873,172.31.36.0-255,66,75394,8,348604
8557,0.000889,74.125.200.0-255,353,75747,8,348604
8558,0.000931,74.125.200.0-255,1484,77231,8,348604
8559,0.000934,172.31.36.0-255,66,77297,8,348604
8560,0.000938,74.125.200.0-255,1484,78781,8,348604
8561,0.000955,74.125.200.0-255,2902,81683,8,348604
8562,0.000958,172.31.36.0-255,66,81749,8,348604
8563,0.000963,74.125.200.0-255,4320,86069,8,348604
8564,0.000966,172.31.36.0-255,66,86135,8,348604
8565,0.000981,74.125.200.0-255,4320,90455,8,348604
8566,0.000983,172.31.36.0-255,66,90521,8,348604
8567,0.001,74.125.200.0-255,1484,92005,8,348604
8568,0.001005,74.125.200.0-255,2902,94907,8,348604
8569,0.001007,172.31.36.0-255,66,94973,8,348604
8570,0.001036,172.31.36.0-255,66,95039,8,348604
8571,0.001043,74.125.200.0-255,4320,99359,8,348604
8572,0.001045,172.31.36.0-255,66,99425,8,348604
8573,0.00108,74.125.200.0-255,1636,101061,8,348604
8574,0.001085,172.31.36.0-255,66,101127,8,348604
8575,0.001167,74.125.200.0-255,1484,102611,8,348604
8576,0.001171,74.125.200.0-255,1484,104095,8,348604
8577,0.001174,172.31.36.0-255,66,104161,8,348604
8578,0.001195,74.125.200.0-255,1484,105645,8,348604
8579,0.001202,74.125.200.0-255,5738,111383,8,348604
8580,0.001204,172.31.36.0-255,66,111449,8,348604
8581,0.001218,74.125.200.0-255,1484,112933,8,348604
8582,0.00125,172.31.36.0-255,66,112999,8,348604
8583,0.001277,74.125.200.0-255,1484,114483,8,348604
8584,0.001303,172.31.36.0-255,66,114549,8,348604
8585,0.001567,74.125.200.0-255,1484,116033,8,348604
8586,0.001571,74.125.200.0-255,1484,117517,8,348604
8587,0.001574,172.31.36.0-255,66,117583,8,348604
8588,0.001593,74.125.200.0-255,1484,119067,8,348604
8589,0.001599,74.125.200.0-255,5738,124805,8,348604
8590,0.001602,172.31.36.0-255,66,124871,8,348604
8591,0.001674,172.31.36.0-255,66,124937,8,348604
8592,0.001696,74.125.200.0-255,2902,127839,8,348604
8593,0.001699,172.31.36.0-255,66,127905,8,348604
8594,0.001713,172.31.36.0-255,66,127971,8,348604
8595,0.002069,74.125.200.0-255,1484,129455,8,348604
8596,0.002085,74.125.200.0-255,2902,132357,8,348604
8597,0.002088,172.31.36.0-255,66,132423,8,348604
8598,0.002093,74.125.200.0-255,1484,133907,8,348604
8599,0.002109,74.125.200.0-255,2902,136809,8,348604
8600,0.002112,172.31.36.0-255,66,136875,8,348604
8601,0.002115,74.125.200.0-255,1484,138359,8,348604
8602,0.002129,74.125.200.0-255,4320,142679,8,348604
8603,0.002131,172.31.36.0-255,66,142745,8,348604
8604,0.002137,74.125.200.0-255,4320,147065,8,348604
8605,0.002139,172.31.36.0-255,66,147131,8,348604
8606,0.002174,74.125.200.0-255,7156,154287,8,348604
8607,0.002177,172.31.36.0-255,66,154353,8,348604
8608,0.002207,74.125.200.0-255,4320,158673,8,348604
8609,0.00221,172.31.36.0-255,66,158739,8,348604
8610,0.002232,74.125.200.0-255,3602,162341,8,348604
8611,0.002234,172.31.36.0-255,66,162407,8,348604
8612,0.002523,74.125.200.0-255,1484,163891,8,348604
8613,0.004714,74.125.200.0-255,4320,168211,8,348604
8614,0.004721,172.31.36.0-255,66,168277,8,348604
8615,0.007203,74.125.200.0-255,4320,172597,8,348604
8616,0.007207,172.31.36.0-255,66,172663,8,348604
8617,0.007224,74.125.200.0-255,1484,174147,8,348604
8618,0.009697,74.125.200.0-255,4320,178467,8,348604
8619,0.009704,172.31.36.0-255,66,178533,8,348604
8620,0.012202,74.125.200.0-255,5738,184271,8,348604
8621,0.012211,172.31.36.0-255,66,184337,8,348604
8622,0.014712,74.125.200.0-255,5738,190075,8,348604
8623,0.01472,172.31.36.0-255,66,190141,8,348604
8624,0.017216,74.125.200.0-255,5738,195879,8,348604
8625,0.017226,172.31.36.0-255,66,195945,8,348604
8626,0.019739,74.125.200.0-255,5738,201683,8,348604
8627,0.019755,172.31.36.0-255,66,201749,8,348604
8628,0.022252,74.125.200.0-255,5738,207487,8,348604
8629,0.022259,172.31.36.0-255,66,207553,8,348604
8630,0.024744,74.125.200.0-255,5738,213291,8,348604
8631,0.024752,172.31.36.0-255,66,213357,8,348604
8632,0.027252,74.125.200.0-255,5738,219095,8,348604
8633,0.02726,172.31.36.0-255,66,219161,8,348604
8634,0.029755,74.125.200.0-255,5738,224899,8,348604
8635,0.029763,172.31.36.0-255,66,224965,8,348604
8636,0.032264,74.125.200.0-255,5738,230703,8,348604
8637,0.032272,172.31.36.0-255,66,230769,8,348604
8638,0.03476,74.125.200.0-255,5738,236507,8,348604
8639,0.034768,172.31.36.0-255,66,236573,8,348604
8640,0.037255,74.125.200.0-255,5738,242311,8,348604
8641,0.037263,172.31.36.0-255,66,242377,8,348604
8642,0.039756,74.125.200.0-255,5738,248115,8,348604
8643,0.039764,172.31.36.0-255,66,248181,8,348604
8644,0.042187,172.31.36.0-255,172,248353,8,348604
8645,0.042218,172.31.36.0-255,1107,249460,8,348604
8646,0.042254,74.125.200.0-255,5738,255198,8,348604
8647,0.04226,172.31.36.0-255,66,255264,8,348604
8648,0.042369,172.31.36.0-255,1514,256778,8,348604
8649,0.042371,172.31.36.0-255,1514,258292,8,348604
8650,0.042376,172.31.36.0-255,1514,259806,8,348604
8651,0.042377,172.31.36.0-255,462,260268,8,348604
8652,0.043701,104.244.42.0-255,66,260334,8,348604
8653,0.043757,104.244.42.0-255,66,260400,8,348604
8654,0.043963,104.244.42.0-255,66,260466,8,348604
8655,0.04397,104.244.42.0-255,66,260532,8,348604
8656,0.04476,74.125.200.0-255,5738,266270,8,348604
8657,0.044769,172.31.36.0-255,66,266336,8,348604
8658,0.047266,74.125.200.0-255,5738,272074,8,348604
8659,0.047273,172.31.36.0-255,66,272140,8,348604
8660,0.049756,74.125.200.0-255,5738,277878,8,348604
8661,0.049763,172.31.36.0-255,66,277944,8,348604
8662,0.052272,74.125.200.0-255,5738,283682,8,348604
8663,0.052284,172.31.36.0-255,66,283748,8,348604
8664,0.054788,74.125.200.0-255,5738,289486,8,348604
8665,0.054796,172.31.36.0-255,66,289552,8,348604
8666,0.0573,74.125.200.0-255,5738,295290,8,348604
8667,0.057307,172.31.36.0-255,66,295356,8,348604
8668,0.059814,74.125.200.0-255,5738,301094,8,348604
8669,0.059821,172.31.36.0-255,66,301160,8,348604
8670,0.062368,74.125.200.0-255,5738,306898,8,348604
8671,0.062376,172.31.36.0-255,66,306964,8,348604
8672,0.064882,74.125.200.0-255,5738,312702,8,348604
8673,0.064888,172.31.36.0-255,66,312768,8,348604
8674,0.067382,74.125.200.0-255,5738,318506,8,348604
8675,0.067389,172.31.36.0-255,66,318572,8,348604
8676,0.069868,74.125.200.0-255,5738,324310,8,348604
8677,0.069874,172.31.36.0-255,66,324376,8,348604
8678,0.072361,74.125.200.0-255,5738,330114,8,348604
8679,0.072368,172.31.36.0-255,66,330180,8,348604
8680,0.07486,74.125.200.0-255,5738,335918,8,348604
8681,0.074869,172.31.36.0-255,66,335984,8,348604
8682,0.077353,74.125.200.0-255,5738,341722,8,348604
8683,0.077361,172.31.36.0-255,66,341788,8,348604
8684,0.079863,74.125.200.0-255,5738,347526,8,348604
8685,0.07987,172.31.36.0-255,66,347592,8,348604
8686,0.082341,74.125.200.0-255,775,348367,8,348604
8687,0.082717,172.31.36.0-255,66,348433,8,348604
8688,0.082758,172.31.36.0-255,105,348538,8,348604
8689,0.085209,74.125.200.0-255,66,348604,8,348604
8690,0.0,172.31.36.0-255,66,66,8,66
8691,0.0,172.217.194.0-255,153,153,8,234419
8692,1.6e-05,172.31.36.0-255,66,219,8,234419
8693,2.4e-05,172.217.194.0-255,1484,1703,8,234419
8694,2.7e-05,172.31.36.0-255,66,1769,8,234419
8695,3.4e-05,172.217.194.0-255,2902,4671,8,234419
8696,3.6e-05,172.31.36.0-255,66,4737,8,234419
8697,7.5e-05,172.217.194.0-255,5738,10475,8,234419
8698,7.8e-05,172.31.36.0-255,66,10541,8,234419
8699,8.5e-05,172.217.194.0-255,5738,16279,8,234419
8700,8.7e-05,172.31.36.0-255,66,16345,8,234419
8701,0.000104,172.217.194.0-255,593,16938,8,234419
8702,0.000106,172.31.36.0-255,66,17004,8,234419
8703,0.00011,172.217.194.0-255,1484,18488,8,234419
8704,0.000112,172.31.36.0-255,66,18554,8,234419
8705,0.000134,172.217.194.0-255,7156,25710,8,234419
8706,0.000136,172.31.36.0-255,66,25776,8,234419
8707,0.00016,172.217.194.0-255,5379,31155,8,234419
8708,0.000162,172.31.36.0-255,66,31221,8,234419
8709,0.000202,172.217.194.0-255,1484,32705,8,234419
8710,0.000204,172.31.36.0-255,66,32771,8,234419
8711,0.000218,172.217.194.0-255,2902,35673,8,234419
8712,0.00022,172.31.36.0-255,66,35739,8,234419
8713,0.000245,172.217.194.0-255,5738,41477,8,234419
8714,0.000247,172.31.36.0-255,66,41543,8,234419
8715,0.000263,172.217.194.0-255,1484,43027,8,234419
8716,0.000265,172.31.36.0-255,66,43093,8,234419
8717,0.000285,172.217.194.0-255,5379,48472,8,234419
8718,0.000288,172.31.36.0-255,66,48538,8,234419
8719,0.000295,172.217.194.0-255,7156,55694,8,234419
8720,0.000298,172.31.36.0-255,66,55760,8,234419
8721,0.000322,172.217.194.0-255,4320,60080,8,234419
8722,0.000324,172.31.36.0-255,66,60146,8,234419
8723,0.000342,172.217.194.0-255,5669,65815,8,234419
8724,0.000345,172.31.36.0-255,66,65881,8,234419
8725,0.000348,172.217.194.0-255,364,66245,8,234419
8726,0.000401,172.217.194.0-255,1484,67729,8,234419
8727,0.000405,172.31.36.0-255,66,67795,8,234419
8728,0.000426,172.217.194.0-255,2902,70697,8,234419
8729,0.000428,172.31.36.0-255,66,70763,8,234419
8730,0.00045,172.217.194.0-255,4320,75083,8,234419
8731,0.000453,172.31.36.0-255,66,75149,8,234419
8732,0.000475,172.217.194.0-255,1484,76633,8,234419
8733,0.000483,172.217.194.0-255,6249,82882,8,234419
8734,0.000486,172.31.36.0-255,66,82948,8,234419
8735,0.000662,172.217.194.0-255,1484,84432,8,234419
8736,0.000669,172.217.194.0-255,2902,87334,8,234419
8737,0.000672,172.31.36.0-255,66,87400,8,234419
8738,0.000681,172.217.194.0-255,5738,93138,8,234419
8739,0.000684,172.31.36.0-255,66,93204,8,234419
8740,0.00069,172.217.194.0-255,5738,98942,8,234419
8741,0.000692,172.31.36.0-255,66,99008,8,234419
8742,0.000718,172.217.194.0-255,1125,100133,8,234419
8743,0.00092,172.217.194.0-255,1484,101617,8,234419
8744,0.000925,172.31.36.0-255,66,101683,8,234419
8745,0.00093,172.217.194.0-255,2902,104585,8,234419
8746,0.000933,172.31.36.0-255,66,104651,8,234419
8747,0.000936,172.217.194.0-255,1484,106135,8,234419
8748,0.000977,172.217.194.0-255,4320,110455,8,234419
8749,0.000981,172.31.36.0-255,66,110521,8,234419
8750,0.000995,172.31.36.0-255,66,110587,8,234419
8751,0.001006,172.31.36.0-255,66,110653,8,234419
8752,0.001033,172.217.194.0-255,2184,112837,8,234419
8753,0.001037,172.31.36.0-255,66,112903,8,234419
8754,0.001401,172.217.194.0-255,1484,114387,8,234419
8755,0.001406,172.217.194.0-255,1484,115871,8,234419
8756,0.001409,172.31.36.0-255,66,115937,8,234419
8757,0.001431,172.217.194.0-255,1484,117421,8,234419
8758,0.001438,172.217.194.0-255,5738,123159,8,234419
8759,0.001441,172.31.36.0-255,66,123225,8,234419
8760,0.001454,172.31.36.0-255,66,123291,8,234419
8761,0.00149,172.217.194.0-255,2902,126193,8,234419
8762,0.001493,172.31.36.0-255,66,126259,8,234419
8763,0.001514,172.31.36.0-255,66,126325,8,234419
8764,0.001531,172.217.194.0-255,2902,129227,8,234419
8765,0.001533,172.31.36.0-255,66,129293,8,234419
8766,0.001538,172.217.194.0-255,2902,132195,8,234419
8767,0.00154,172.31.36.0-255,66,132261,8,234419
8768,0.001558,172.217.194.0-255,1484,133745,8,234419
8769,0.00157,172.217.194.0-255,1484,135229,8,234419
8770,0.001574,172.31.36.0-255,66,135295,8,234419
8771,0.001582,172.217.194.0-255,1484,136779,8,234419
8772,0.001596,172.217.194.0-255,4320,141099,8,234419
8773,0.001598,172.31.36.0-255,66,141165,8,234419
8774,0.001623,172.217.194.0-255,1484,142649,8,234419
8775,0.001631,172.217.194.0-255,5738,148387,8,234419
8776,0.001633,172.31.36.0-255,66,148453,8,234419
8777,0.001673,172.217.194.0-255,7156,155609,8,234419
8778,0.001675,172.31.36.0-255,66,155675,8,234419
8779,0.001695,172.217.194.0-255,5020,160695,8,234419
8780,0.001697,172.31.36.0-255,66,160761,8,234419
8781,0.001822,172.217.194.0-255,1484,162245,8,234419
8782,0.001828,172.217.194.0-255,2902,165147,8,234419
8783,0.001831,172.31.36.0-255,66,165213,8,234419
8784,0.001839,172.217.194.0-255,5738,170951,8,234419
8785,0.001842,172.31.36.0-255,66,171017,8,234419
8786,0.001863,172.217.194.0-255,1484,172501,8,234419
8787,0.001891,172.31.36.0-255,66,172567,8,234419
8788,0.001898,172.217.194.0-255,7156,179723,8,234419
8789,0.001901,172.31.36.0-255,66,179789,8,234419
8790,0.001917,172.217.194.0-255,3602,183391,8,234419
8791,0.001919,172.31.36.0-255,66,183457,8,234419
8792,0.002005,172.217.194.0-255,1484,184941,8,234419
8793,0.002021,172.217.194.0-255,1484,186425,8,234419
8794,0.002024,172.31.36.0-255,66,186491,8,234419
8795,0.002041,172.217.194.0-255,1484,187975,8,234419
8796,0.002058,172.217.194.0-255,2902,190877,8,234419
8797,0.002062,172.31.36.0-255,66,190943,8,234419
8798,0.002083,172.217.194.0-255,2902,193845,8,234419
8799,0.002086,172.31.36.0-255,66,193911,8,234419
8800,0.002116,172.31.36.0-255,66,193977,8,234419
8801,0.00213,172.31.36.0-255,66,194043,8,234419
8802,0.002141,172.31.36.0-255,66,194109,8,234419
8803,0.002165,172.217.194.0-255,2902,197011,8,234419
8804,0.002168,172.31.36.0-255,66,197077,8,234419
8805,0.002175,172.217.194.0-255,7156,204233,8,234419
8806,0.002178,172.31.36.0-255,66,204299,8,234419
8807,0.002209,172.31.36.0-255,66,204365,8,234419
8808,0.002242,172.217.194.0-255,766,205131,8,234419
8809,0.002266,172.31.36.0-255,66,205197,8,234419
8810,0.002272,172.217.194.0-255,5020,210217,8,234419
8811,0.002275,172.31.36.0-255,66,210283,8,234419
8812,0.002313,172.31.36.0-255,66,210349,8,234419
8813,0.002419,172.31.36.0-255,66,210415,8,234419
8814,0.002465,172.31.36.0-255,66,210481,8,234419
8815,0.004746,172.217.194.0-255,5738,216219,8,234419
8816,0.004754,172.31.36.0-255,66,216285,8,234419
8817,0.007007,172.217.194.0-255,4320,220605,8,234419
8818,0.007013,172.31.36.0-255,66,220671,8,234419
8819,0.007033,172.217.194.0-255,1484,222155,8,234419
8820,0.009291,172.217.194.0-255,4320,226475,8,234419
8821,0.009298,172.31.36.0-255,66,226541,8,234419
8822,0.011575,172.217.194.0-255,1094,227635,8,234419
8823,0.015533,172.31.36.0-255,66,227701,8,234419
8824,0.015582,172.31.36.0-255,105,227806,8,234419
8825,0.017814,172.217.194.0-255,66,227872,8,234419
8826,0.044041,172.31.36.0-255,172,228044,8,234419
8827,0.044107,172.31.36.0-255,1107,229151,8,234419
8828,0.044317,172.31.36.0-255,1514,230665,8,234419
8829,0.04432,172.31.36.0-255,1514,232179,8,234419
8830,0.044326,172.31.36.0-255,1514,233693,8,234419
8831,0.044327,172.31.36.0-255,462,234155,8,234419
8832,0.045541,104.244.42.0-255,66,234221,8,234419
8833,0.045619,104.244.42.0-255,66,234287,8,234419
8834,0.04586,104.244.42.0-255,66,234353,8,234419
8835,0.045881,104.244.42.0-255,66,234419,8,234419
8836,0.0,172.217.27.0-255,153,153,8,354410
8837,2.4e-05,172.31.36.0-255,66,219,8,354410
8838,3.1e-05,172.217.27.0-255,1484,1703,8,354410
8839,3.6e-05,172.31.36.0-255,66,1769,8,354410
8840,4.2e-05,172.217.27.0-255,2902,4671,8,354410
8841,4.5e-05,172.31.36.0-255,66,4737,8,354410
8842,5.3e-05,172.217.27.0-255,7156,11893,8,354410
8843,5.8e-05,172.31.36.0-255,66,11959,8,354410
8844,6.9e-05,172.31.36.0-255,66,12025,8,354410
8845,8e-05,172.31.36.0-255,66,12091,8,354410
8846,8.4e-05,172.217.27.0-255,2543,14634,8,354410
8847,8.8e-05,172.31.36.0-255,66,14700,8,354410
8848,0.000159,172.217.27.0-255,1484,16184,8,354410
8849,0.000162,172.31.36.0-255,66,16250,8,354410
8850,0.000168,172.217.27.0-255,2902,19152,8,354410
8851,0.00017,172.31.36.0-255,66,19218,8,354410
8852,0.000177,172.217.27.0-255,4320,23538,8,354410
8853,0.000179,172.31.36.0-255,66,23604,8,354410
8854,0.000183,172.217.27.0-255,2902,26506,8,354410
8855,0.000186,172.31.36.0-255,66,26572,8,354410
8856,0.000203,172.217.27.0-255,2902,29474,8,354410
8857,0.000207,172.31.36.0-255,66,29540,8,354410
8858,0.00022,172.217.27.0-255,2902,32442,8,354410
8859,0.000223,172.31.36.0-255,66,32508,8,354410
8860,0.000264,172.31.36.0-255,66,32574,8,354410
8861,0.000272,172.217.27.0-255,6797,39371,8,354410
8862,0.000274,172.31.36.0-255,66,39437,8,354410
8863,0.000277,172.217.27.0-255,361,39798,8,354410
8864,0.000279,172.31.36.0-255,66,39864,8,354410
8865,0.000825,172.217.27.0-255,136,40000,8,354410
8866,0.00093,172.217.27.0-255,1484,41484,8,354410
8867,0.000936,172.31.36.0-255,66,41550,8,354410
8868,0.000942,172.217.27.0-255,2902,44452,8,354410
8869,0.000946,172.217.27.0-255,1484,45936,8,354410
8870,0.00095,172.31.36.0-255,66,46002,8,354410
8871,0.000965,172.217.27.0-255,5738,51740,8,354410
8872,0.000992,172.31.36.0-255,66,51806,8,354410
8873,0.001011,172.31.36.0-255,66,51872,8,354410
8874,0.001036,172.217.27.0-255,1125,52997,8,354410
8875,0.00105,172.31.36.0-255,66,53063,8,354410
8876,0.001612,172.217.27.0-255,1484,54547,8,354410
8877,0.001623,172.217.27.0-255,2902,57449,8,354410
8878,0.001628,172.31.36.0-255,66,57515,8,354410
8879,0.001636,172.217.27.0-255,5738,63253,8,354410
8880,0.007481,172.31.36.0-255,66,63319,8,354410
8881,0.008458,172.217.27.0-255,1484,64803,8,354410
8882,0.009107,172.217.27.0-255,4320,69123,8,354410
8883,0.009115,172.31.36.0-255,66,69189,8,354410
8884,0.010739,172.217.27.0-255,5738,74927,8,354410
8885,0.012313,172.31.36.0-255,66,74993,8,354410
8886,0.013935,172.217.27.0-255,5738,80731,8,354410
8887,0.013944,172.31.36.0-255,66,80797,8,354410
8888,0.015567,172.217.27.0-255,5738,86535,8,354410
8889,0.015576,172.31.36.0-255,66,86601,8,354410
8890,0.01719,172.217.27.0-255,5738,92339,8,354410
8891,0.017196,172.31.36.0-255,66,92405,8,354410
8892,0.018814,172.217.27.0-255,5738,98143,8,354410
8893,0.018821,172.31.36.0-255,66,98209,8,354410
8894,0.020449,172.217.27.0-255,5738,103947,8,354410
8895,0.020459,172.31.36.0-255,66,104013,8,354410
8896,0.022081,172.217.27.0-255,5738,109751,8,354410
8897,0.022089,172.31.36.0-255,66,109817,8,354410
8898,0.023716,172.217.27.0-255,5738,115555,8,354410
8899,0.023725,172.31.36.0-255,66,115621,8,354410
8900,0.025368,172.217.27.0-255,5738,121359,8,354410
8901,0.025379,172.31.36.0-255,66,121425,8,354410
8902,0.026994,172.217.27.0-255,5738,127163,8,354410
8903,0.027004,172.31.36.0-255,66,127229,8,354410
8904,0.02862,172.217.27.0-255,5738,132967,8,354410
8905,0.028628,172.31.36.0-255,66,133033,8,354410
8906,0.030253,172.217.27.0-255,5738,138771,8,354410
8907,0.030261,172.31.36.0-255,66,138837,8,354410
8908,0.031888,172.217.27.0-255,5738,144575,8,354410
8909,0.031896,172.31.36.0-255,66,144641,8,354410
8910,0.033516,172.217.27.0-255,5738,150379,8,354410
8911,0.033525,172.31.36.0-255,66,150445,8,354410
8912,0.035155,172.217.27.0-255,5738,156183,8,354410
8913,0.035165,172.31.36.0-255,66,156249,8,354410
8914,0.036798,172.217.27.0-255,5738,161987,8,354410
8915,0.036805,172.31.36.0-255,66,162053,8,354410
8916,0.036893,172.31.36.0-255,172,162225,8,354410
8917,0.036926,172.31.36.0-255,1107,163332,8,354410
8918,0.037058,172.31.36.0-255,1514,164846,8,354410
8919,0.037061,172.31.36.0-255,1514,166360,8,354410
8920,0.037066,172.31.36.0-255,1514,167874,8,354410
8921,0.037067,172.31.36.0-255,1514,169388,8,354410
8922,0.0371,172.31.36.0-255,1501,170889,8,354410
8923,0.038422,104.244.42.0-255,66,170955,8,354410
8924,0.038435,172.217.27.0-255,5738,176693,8,354410
8925,0.03844,172.31.36.0-255,66,176759,8,354410
8926,0.038469,104.244.42.0-255,66,176825,8,354410
8927,0.038634,104.244.42.0-255,66,176891,8,354410
8928,0.038721,104.244.42.0-255,66,176957,8,354410
8929,0.040057,172.217.27.0-255,5738,182695,8,354410
8930,0.040064,172.31.36.0-255,66,182761,8,354410
8931,0.041693,172.217.27.0-255,4320,187081,8,354410
8932,0.0417,172.31.36.0-255,66,187147,8,354410
8933,0.041721,172.217.27.0-255,1484,188631,8,354410
8934,0.043317,172.217.27.0-255,4320,192951,8,354410
8935,0.043324,172.31.36.0-255,66,193017,8,354410
8936,0.044942,172.217.27.0-255,5738,198755,8,354410
8937,0.04534,172.31.36.0-255,66,198821,8,354410
8938,0.046966,172.217.27.0-255,5738,204559,8,354410
8939,0.046974,172.31.36.0-255,66,204625,8,354410
8940,0.048592,172.217.27.0-255,5738,210363,8,354410
8941,0.0486,172.31.36.0-255,66,210429,8,354410
8942,0.050233,172.217.27.0-255,5738,216167,8,354410
8943,0.050242,172.31.36.0-255,66,216233,8,354410
8944,0.051873,172.217.27.0-255,5738,221971,8,354410
8945,0.05188,172.31.36.0-255,66,222037,8,354410
8946,0.053505,172.217.27.0-255,5738,227775,8,354410
8947,0.053512,172.31.36.0-255,66,227841,8,354410
8948,0.05513,172.217.27.0-255,5738,233579,8,354410
8949,0.055136,172.31.36.0-255,66,233645,8,354410
8950,0.056748,172.217.27.0-255,5738,239383,8,354410
8951,0.056755,172.31.36.0-255,66,239449,8,354410
8952,0.058425,172.217.27.0-255,5738,245187,8,354410
8953,0.058432,172.31.36.0-255,66,245253,8,354410
8954,0.06005,172.217.27.0-255,5738,250991,8,354410
8955,0.060057,172.31.36.0-255,66,251057,8,354410
8956,0.061674,172.217.27.0-255,5738,256795,8,354410
8957,0.061681,172.31.36.0-255,66,256861,8,354410
8958,0.06329,172.217.27.0-255,5738,262599,8,354410
8959,0.063297,172.31.36.0-255,66,262665,8,354410
8960,0.063402,172.31.36.0-255,101,262766,8,354410
8961,0.064905,172.217.27.0-255,1484,264250,8,354410
8962,0.064928,172.217.27.0-255,4320,268570,8,354410
8963,0.064934,172.31.36.0-255,66,268636,8,354410
8964,0.064976,172.217.27.0-255,66,268702,8,354410
8965,0.066556,172.217.27.0-255,5738,274440,8,354410
8966,0.066563,172.31.36.0-255,66,274506,8,354410
8967,0.068198,172.217.27.0-255,5738,280244,8,354410
8968,0.068205,172.31.36.0-255,66,280310,8,354410
8969,0.06984,172.217.27.0-255,5738,286048,8,354410
8970,0.069847,172.31.36.0-255,66,286114,8,354410
8971,0.071488,172.217.27.0-255,5738,291852,8,354410
8972,0.071495,172.31.36.0-255,66,291918,8,354410
8973,0.073108,172.217.27.0-255,5738,297656,8,354410
8974,0.073115,172.31.36.0-255,66,297722,8,354410
8975,0.074739,172.217.27.0-255,5738,303460,8,354410
8976,0.074745,172.31.36.0-255,66,303526,8,354410
8977,0.07636,172.217.27.0-255,5738,309264,8,354410
8978,0.076367,172.31.36.0-255,66,309330,8,354410
8979,0.077981,172.217.27.0-255,4320,313650,8,354410
8980,0.077986,172.31.36.0-255,66,313716,8,354410
8981,0.078005,172.217.27.0-255,1484,315200,8,354410
8982,0.079621,172.217.27.0-255,4320,319520,8,354410
8983,0.079628,172.31.36.0-255,66,319586,8,354410
8984,0.081248,172.217.27.0-255,5738,325324,8,354410
8985,0.081288,172.31.36.0-255,66,325390,8,354410
8986,0.0829,172.217.27.0-255,5738,331128,8,354410
8987,0.082908,172.31.36.0-255,66,331194,8,354410
8988,0.084527,172.217.27.0-255,5738,336932,8,354410
8989,0.084538,172.31.36.0-255,66,336998,8,354410
8990,0.086165,172.217.27.0-255,5738,342736,8,354410
8991,0.086172,172.31.36.0-255,66,342802,8,354410
8992,0.0878,172.217.27.0-255,5738,348540,8,354410
8993,0.087807,172.31.36.0-255,66,348606,8,354410
8994,0.089428,172.217.27.0-255,5738,354344,8,354410
8995,0.089435,172.31.36.0-255,66,354410,8,354410
8996,0.0,74.125.24.0-255,149,149,8,202041
8997,1.6e-05,172.31.36.0-255,66,215,8,202041
8998,2.3e-05,74.125.24.0-255,1484,1699,8,202041
8999,2.7e-05,172.31.36.0-255,66,1765,8,202041
9000,3.3e-05,74.125.24.0-255,2902,4667,8,202041
9001,3.6e-05,172.31.36.0-255,66,4733,8,202041
9002,4.3e-05,74.125.24.0-255,5738,10471,8,202041
9003,4.5e-05,172.31.36.0-255,66,10537,8,202041
9004,6.7e-05,74.125.24.0-255,1484,12021,8,202041
9005,6.9e-05,172.31.36.0-255,66,12087,8,202041
9006,8.7e-05,74.125.24.0-255,1484,13571,8,202041
9007,8.9e-05,172.31.36.0-255,66,13637,8,202041
9008,0.000102,74.125.24.0-255,655,14292,8,202041
9009,0.000107,172.31.36.0-255,66,14358,8,202041
9010,0.000273,74.125.24.0-255,1484,15842,8,202041
9011,0.000281,172.31.36.0-255,66,15908,8,202041
9012,0.000286,74.125.24.0-255,2902,18810,8,202041
9013,0.000289,172.31.36.0-255,66,18876,8,202041
9014,0.000294,74.125.24.0-255,4320,23196,8,202041
9015,0.000296,172.31.36.0-255,66,23262,8,202041
9016,0.000315,74.125.24.0-255,1484,24746,8,202041
9017,0.000319,74.125.24.0-255,2902,27648,8,202041
9018,0.00032,172.31.36.0-255,66,27714,8,202041
9019,0.000324,172.31.36.0-255,66,27780,8,202041
9020,0.000343,74.125.24.0-255,2902,30682,8,202041
9021,0.000346,172.31.36.0-255,66,30748,8,202041
9022,0.000348,74.125.24.0-255,1125,31873,8,202041
9023,0.00035,172.31.36.0-255,66,31939,8,202041
9024,0.000454,74.125.24.0-255,1484,33423,8,202041
9025,0.000458,172.31.36.0-255,66,33489,8,202041
9026,0.000463,74.125.24.0-255,2902,36391,8,202041
9027,0.000467,172.31.36.0-255,66,36457,8,202041
9028,0.000476,74.125.24.0-255,2902,39359,8,202041
9029,0.000478,172.31.36.0-255,66,39425,8,202041
9030,0.000497,74.125.24.0-255,2902,42327,8,202041
9031,0.0005,172.31.36.0-255,66,42393,8,202041
9032,0.000505,74.125.24.0-255,4320,46713,8,202041
9033,0.000507,172.31.36.0-255,66,46779,8,202041
9034,0.000536,172.31.36.0-255,66,46845,8,202041
9035,0.000548,172.31.36.0-255,66,46911,8,202041
9036,0.000551,74.125.24.0-255,363,47274,8,202041
9037,0.000596,74.125.24.0-255,126,47400,8,202041
9038,0.000696,74.125.24.0-255,1484,48884,8,202041
9039,0.000699,172.31.36.0-255,66,48950,8,202041
9040,0.000713,74.125.24.0-255,2902,51852,8,202041
9041,0.000716,172.31.36.0-255,66,51918,8,202041
9042,0.000722,74.125.24.0-255,5738,57656,8,202041
9043,0.000724,172.31.36.0-255,66,57722,8,202041
9044,0.000787,172.31.36.0-255,66,57788,8,202041
9045,0.000808,74.125.24.0-255,5379,63167,8,202041
9046,0.000811,172.31.36.0-255,66,63233,8,202041
9047,0.000823,172.31.36.0-255,66,63299,8,202041
9048,0.000825,74.125.24.0-255,351,63650,8,202041
9049,0.001092,172.31.36.0-255,66,63716,8,202041
9050,0.001099,74.125.24.0-255,1484,65200,8,202041
9051,0.001104,74.125.24.0-255,1484,66684,8,202041
9052,0.001106,172.31.36.0-255,66,66750,8,202041
9053,0.001134,74.125.24.0-255,1484,68234,8,202041
9054,0.00114,74.125.24.0-255,5738,73972,8,202041
9055,0.001143,172.31.36.0-255,66,74038,8,202041
9056,0.00115,74.125.24.0-255,5738,79776,8,202041
9057,0.001152,172.31.36.0-255,66,79842,8,202041
9058,0.001157,74.125.24.0-255,4320,84162,8,202041
9059,0.00116,172.31.36.0-255,66,84228,8,202041
9060,0.001199,172.31.36.0-255,66,84294,8,202041
9061,0.001204,74.125.24.0-255,5020,89314,8,202041
9062,0.001206,172.31.36.0-255,66,89380,8,202041
9063,0.00139,74.125.24.0-255,1484,90864,8,202041
9064,0.001402,74.125.24.0-255,2902,93766,8,202041
9065,0.001405,172.31.36.0-255,66,93832,8,202041
9066,0.001428,74.125.24.0-255,5738,99570,8,202041
9067,0.001431,172.31.36.0-255,66,99636,8,202041
9068,0.001488,172.31.36.0-255,66,99702,8,202041
9069,0.001512,74.125.24.0-255,4320,104022,8,202041
9070,0.001515,172.31.36.0-255,66,104088,8,202041
9071,0.001525,172.31.36.0-255,66,104154,8,202041
9072,0.001544,74.125.24.0-255,1484,105638,8,202041
9073,0.001567,74.125.24.0-255,2902,108540,8,202041
9074,0.00157,172.31.36.0-255,66,108606,8,202041
9075,0.001602,74.125.24.0-255,5738,114344,8,202041
9076,0.001606,172.31.36.0-255,66,114410,8,202041
9077,0.001612,74.125.24.0-255,4320,118730,8,202041
9078,0.001614,172.31.36.0-255,66,118796,8,202041
9079,0.001651,172.31.36.0-255,66,118862,8,202041
9080,0.001658,74.125.24.0-255,5738,124600,8,202041
9081,0.001661,172.31.36.0-255,66,124666,8,202041
9082,0.001677,74.125.24.0-255,2184,126850,8,202041
9083,0.00168,172.31.36.0-255,66,126916,8,202041
9084,0.00174,74.125.24.0-255,1484,128400,8,202041
9085,0.001747,74.125.24.0-255,2902,131302,8,202041
9086,0.00175,172.31.36.0-255,66,131368,8,202041
9087,0.001753,74.125.24.0-255,1484,132852,8,202041
9088,0.001772,74.125.24.0-255,4320,137172,8,202041
9089,0.001774,172.31.36.0-255,66,137238,8,202041
9090,0.001778,74.125.24.0-255,2902,140140,8,202041
9091,0.00178,172.31.36.0-255,66,140206,8,202041
9092,0.001803,172.31.36.0-255,66,140272,8,202041
9093,0.001808,74.125.24.0-255,5738,146010,8,202041
9094,0.00181,172.31.36.0-255,66,146076,8,202041
9095,0.001845,74.125.24.0-255,2902,148978,8,202041
9096,0.001848,172.31.36.0-255,66,149044,8,202041
9097,0.001884,74.125.24.0-255,2184,151228,8,202041
9098,0.001887,172.31.36.0-255,66,151294,8,202041
9099,0.001957,74.125.24.0-255,1484,152778,8,202041
9100,0.001965,74.125.24.0-255,2902,155680,8,202041
9101,0.001969,172.31.36.0-255,66,155746,8,202041
9102,0.001974,74.125.24.0-255,2902,158648,8,202041
9103,0.001976,172.31.36.0-255,66,158714,8,202041
9104,0.001989,74.125.24.0-255,2902,161616,8,202041
9105,0.001992,172.31.36.0-255,66,161682,8,202041
9106,0.002005,74.125.24.0-255,2902,164584,8,202041
9107,0.002007,172.31.36.0-255,66,164650,8,202041
9108,0.002045,172.31.36.0-255,66,164716,8,202041
9109,0.002057,172.31.36.0-255,66,164782,8,202041
9110,0.00208,74.125.24.0-255,1484,166266,8,202041
9111,0.002095,74.125.24.0-255,2902,169168,8,202041
9112,0.002097,172.31.36.0-255,66,169234,8,202041
9113,0.002119,74.125.24.0-255,5738,174972,8,202041
9114,0.002121,172.31.36.0-255,66,175038,8,202041
9115,0.002128,74.125.24.0-255,7156,182194,8,202041
9116,0.00213,172.31.36.0-255,66,182260,8,202041
9117,0.002162,172.31.36.0-255,66,182326,8,202041
9118,0.00218,74.125.24.0-255,2902,185228,8,202041
9119,0.002182,172.31.36.0-255,66,185294,8,202041
9120,0.002228,74.125.24.0-255,5738,191032,8,202041
9121,0.002326,74.125.24.0-255,1484,192516,8,202041
9122,0.002435,74.125.24.0-255,1484,194000,8,202041
9123,0.002455,74.125.24.0-255,3346,197346,8,202041
9124,0.005918,172.31.36.0-255,66,197412,8,202041
9125,0.008243,74.125.24.0-255,105,197517,8,202041
9126,0.009895,172.31.36.0-255,66,197583,8,202041
9127,0.009923,172.31.36.0-255,105,197688,8,202041
9128,0.012254,74.125.24.0-255,66,197754,8,202041
9129,0.02701,172.31.36.0-255,171,197925,8,202041
9130,0.027041,172.31.36.0-255,1135,199060,8,202041
9131,0.027098,172.31.36.0-255,1514,200574,8,202041
9132,0.0271,172.31.36.0-255,1269,201843,8,202041
9133,0.028677,104.244.42.0-255,66,201909,8,202041
9134,0.028696,104.244.42.0-255,66,201975,8,202041
9135,0.028744,104.244.42.0-255,66,202041,8,202041
9136,0.0,172.31.36.0-255,66,66,8,66
9137,0.0,172.31.36.0-255,180,180,8,12691
9138,3.2e-05,172.31.36.0-255,587,767,8,12691
9139,0.001555,104.244.42.0-255,66,833,8,12691
9140,0.001565,104.244.42.0-255,66,899,8,12691
9141,0.02038,172.31.36.0-255,172,1071,8,12691
9142,0.020407,172.31.36.0-255,1129,2200,8,12691
9143,0.020482,172.31.36.0-255,1514,3714,8,12691
9144,0.020484,172.31.36.0-255,1514,5228,8,12691
9145,0.020485,172.31.36.0-255,1514,6742,8,12691
9146,0.020486,172.31.36.0-255,1514,8256,8,12691
9147,0.020487,172.31.36.0-255,1514,9770,8,12691
9148,0.020516,172.31.36.0-255,1514,11284,8,12691
9149,0.020518,172.31.36.0-255,969,12253,8,12691
9150,0.021911,104.244.42.0-255,66,12319,8,12691
9151,0.021964,104.244.42.0-255,66,12385,8,12691
9152,0.022073,104.244.42.0-255,66,12451,8,12691
9153,0.02208,104.244.42.0-255,66,12517,8,12691
9154,0.022657,104.244.42.0-255,108,12625,8,12691
9155,0.02267,172.31.36.0-255,66,12691,8,12691
9156,0.0,216.58.221.0-255,147,147,8,387318
9157,1.6e-05,172.31.36.0-255,66,213,8,387318
9158,2.3e-05,216.58.221.0-255,1484,1697,8,387318
9159,2.7e-05,172.31.36.0-255,66,1763,8,387318
9160,3.2e-05,216.58.221.0-255,2902,4665,8,387318
9161,3.5e-05,172.31.36.0-255,66,4731,8,387318
9162,4e-05,216.58.221.0-255,2902,7633,8,387318
9163,4.2e-05,172.31.36.0-255,66,7699,8,387318
9164,4.7e-05,216.58.221.0-255,4320,12019,8,387318
9165,5e-05,172.31.36.0-255,66,12085,8,387318
9166,6.9e-05,216.58.221.0-255,2058,14143,8,387318
9167,7.2e-05,172.31.36.0-255,66,14209,8,387318
9168,0.00047,216.58.221.0-255,1484,15693,8,387318
9169,0.000476,172.31.36.0-255,66,15759,8,387318
9170,0.000485,216.58.221.0-255,2902,18661,8,387318
9171,0.000487,172.31.36.0-255,66,18727,8,387318
9172,0.000494,216.58.221.0-255,5738,24465,8,387318
9173,0.000496,172.31.36.0-255,66,24531,8,387318
9174,0.000536,216.58.221.0-255,6797,31328,8,387318
9175,0.000538,172.31.36.0-255,66,31394,8,387318
9176,0.000635,216.58.221.0-255,1484,32878,8,387318
9177,0.00064,172.31.36.0-255,66,32944,8,387318
9178,0.000645,216.58.221.0-255,2902,35846,8,387318
9179,0.000648,172.31.36.0-255,66,35912,8,387318
9180,0.000688,216.58.221.0-255,5738,41650,8,387318
9181,0.000691,172.31.36.0-255,66,41716,8,387318
9182,0.000699,216.58.221.0-255,6797,48513,8,387318
9183,0.000701,172.31.36.0-255,66,48579,8,387318
9184,0.000795,216.58.221.0-255,1484,50063,8,387318
9185,0.0008,172.31.36.0-255,66,50129,8,387318
9186,0.000805,216.58.221.0-255,2902,53031,8,387318
9187,0.000807,172.31.36.0-255,66,53097,8,387318
9188,0.000813,216.58.221.0-255,4320,57417,8,387318
9189,0.000816,172.31.36.0-255,66,57483,8,387318
9190,0.000842,216.58.221.0-255,1484,58967,8,387318
9191,0.00085,216.58.221.0-255,5738,64705,8,387318
9192,0.000853,172.31.36.0-255,66,64771,8,387318
9193,0.000873,216.58.221.0-255,1416,66187,8,387318
9194,0.001293,216.58.221.0-255,137,66324,8,387318
9195,0.0013,172.31.36.0-255,66,66390,8,387318
9196,0.001379,216.58.221.0-255,1484,67874,8,387318
9197,0.001386,216.58.221.0-255,2902,70776,8,387318
9198,0.001389,172.31.36.0-255,66,70842,8,387318
9199,0.001395,216.58.221.0-255,2902,73744,8,387318
9200,0.001397,172.31.36.0-255,66,73810,8,387318
9201,0.001414,216.58.221.0-255,2902,76712,8,387318
9202,0.001416,172.31.36.0-255,66,76778,8,387318
9203,0.001445,216.58.221.0-255,6797,83575,8,387318
9204,0.001449,172.31.36.0-255,66,83641,8,387318
9205,0.001486,216.58.221.0-255,7156,90797,8,387318
9206,0.001489,172.31.36.0-255,66,90863,8,387318
9207,0.001497,216.58.221.0-255,5738,96601,8,387318
9208,0.001499,172.31.36.0-255,66,96667,8,387318
9209,0.001521,216.58.221.0-255,2902,99569,8,387318
9210,0.001523,172.31.36.0-255,66,99635,8,387318
9211,0.001526,216.58.221.0-255,1125,100760,8,387318
9212,0.001549,216.58.221.0-255,1484,102244,8,387318
9213,0.001553,216.58.221.0-255,2902,105146,8,387318
9214,0.001568,216.58.221.0-255,1484,106630,8,387318
9215,0.001573,216.58.221.0-255,2902,109532,8,387318
9216,0.001597,216.58.221.0-255,7156,116688,8,387318
9217,0.001599,216.58.221.0-255,708,117396,8,387318
9218,0.001747,216.58.221.0-255,1484,118880,8,387318
9219,0.001762,216.58.221.0-255,2902,121782,8,387318
9220,0.001767,216.58.221.0-255,2902,124684,8,387318
9221,0.001782,216.58.221.0-255,2902,127586,8,387318
9222,0.003856,172.31.36.0-255,66,127652,8,387318
9223,0.005797,216.58.221.0-255,5738,133390,8,387318
9224,0.005805,172.31.36.0-255,66,133456,8,387318
9225,0.007745,216.58.221.0-255,5738,139194,8,387318
9226,0.007753,172.31.36.0-255,66,139260,8,387318
9227,0.009694,216.58.221.0-255,5738,144998,8,387318
9228,0.009701,172.31.36.0-255,66,145064,8,387318
9229,0.011651,216.58.221.0-255,5738,150802,8,387318
9230,0.011659,172.31.36.0-255,66,150868,8,387318
9231,0.013596,216.58.221.0-255,5738,156606,8,387318
9232,0.013605,172.31.36.0-255,66,156672,8,387318
9233,0.015547,216.58.221.0-255,5738,162410,8,387318
9234,0.015557,172.31.36.0-255,66,162476,8,387318
9235,0.017495,216.58.221.0-255,5738,168214,8,387318
9236,0.017504,172.31.36.0-255,66,168280,8,387318
9237,0.019447,216.58.221.0-255,5738,174018,8,387318
9238,0.019455,172.31.36.0-255,66,174084,8,387318
9239,0.021404,216.58.221.0-255,5738,179822,8,387318
9240,0.021411,172.31.36.0-255,66,179888,8,387318
9241,0.023378,216.58.221.0-255,5738,185626,8,387318
9242,0.023386,172.31.36.0-255,66,185692,8,387318
9243,0.025311,172.31.36.0-255,172,185864,8,387318
9244,0.025321,216.58.221.0-255,5738,191602,8,387318
9245,0.025325,172.31.36.0-255,66,191668,8,387318
9246,0.025369,172.31.36.0-255,1107,192775,8,387318
9247,0.02548,172.31.36.0-255,1514,194289,8,387318
9248,0.025482,172.31.36.0-255,1299,195588,8,387318
9249,0.026796,104.244.42.0-255,66,195654,8,387318
9250,0.026926,104.244.42.0-255,66,195720,8,387318
9251,0.027025,104.244.42.0-255,66,195786,8,387318
9252,0.027278,216.58.221.0-255,5738,201524,8,387318
9253,0.027286,172.31.36.0-255,66,201590,8,387318
9254,0.029233,216.58.221.0-255,5738,207328,8,387318
9255,0.02924,172.31.36.0-255,66,207394,8,387318
9256,0.031225,216.58.221.0-255,5738,213132,8,387318
9257,0.031232,172.31.36.0-255,66,213198,8,387318
9258,0.033176,216.58.221.0-255,5738,218936,8,387318
9259,0.033183,172.31.36.0-255,66,219002,8,387318
9260,0.035135,216.58.221.0-255,5738,224740,8,387318
9261,0.035142,172.31.36.0-255,66,224806,8,387318
9262,0.037085,216.58.221.0-255,5738,230544,8,387318
9263,0.037092,172.31.36.0-255,66,230610,8,387318
9264,0.039035,216.58.221.0-255,5738,236348,8,387318
9265,0.039041,172.31.36.0-255,66,236414,8,387318
9266,0.040981,216.58.221.0-255,5738,242152,8,387318
9267,0.040991,172.31.36.0-255,66,242218,8,387318
9268,0.042939,216.58.221.0-255,5738,247956,8,387318
9269,0.042947,172.31.36.0-255,66,248022,8,387318
9270,0.044887,216.58.221.0-255,5738,253760,8,387318
9271,0.044894,172.31.36.0-255,66,253826,8,387318
9272,0.04684,216.58.221.0-255,5738,259564,8,387318
9273,0.046847,172.31.36.0-255,66,259630,8,387318
9274,0.048789,216.58.221.0-255,5738,265368,8,387318
9275,0.048796,172.31.36.0-255,66,265434,8,387318
9276,0.050746,216.58.221.0-255,5738,271172,8,387318
9277,0.050753,172.31.36.0-255,66,271238,8,387318
9278,0.052695,216.58.221.0-255,5738,276976,8,387318
9279,0.052702,172.31.36.0-255,66,277042,8,387318
9280,0.05463,216.58.221.0-255,5738,282780,8,387318
9281,0.054636,172.31.36.0-255,66,282846,8,387318
9282,0.056581,216.58.221.0-255,5738,288584,8,387318
9283,0.056588,172.31.36.0-255,66,288650,8,387318
9284,0.058533,216.58.221.0-255,5738,294388,8,387318
9285,0.05854,172.31.36.0-255,66,294454,8,387318
9286,0.060473,216.58.221.0-255,5738,300192,8,387318
9287,0.060479,172.31.36.0-255,66,300258,8,387318
9288,0.06242,216.58.221.0-255,5738,305996,8,387318
9289,0.062426,172.31.36.0-255,66,306062,8,387318
9290,0.064369,216.58.221.0-255,5738,311800,8,387318
9291,0.064376,172.31.36.0-255,66,311866,8,387318
9292,0.066318,216.58.221.0-255,5738,317604,8,387318
9293,0.066325,172.31.36.0-255,66,317670,8,387318
9294,0.068272,216.58.221.0-255,5738,323408,8,387318
9295,0.068278,172.31.36.0-255,66,323474,8,387318
9296,0.070234,216.58.221.0-255,5738,329212,8,387318
9297,0.070241,172.31.36.0-255,66,329278,8,387318
9298,0.072197,216.58.221.0-255,5738,335016,8,387318
9299,0.072204,172.31.36.0-255,66,335082,8,387318
9300,0.074152,216.58.221.0-255,5738,340820,8,387318
9301,0.074158,172.31.36.0-255,66,340886,8,387318
9302,0.076103,216.58.221.0-255,5738,346624,8,387318
9303,0.076109,172.31.36.0-255,66,346690,8,387318
9304,0.078074,216.58.221.0-255,5738,352428,8,387318
9305,0.078081,172.31.36.0-255,66,352494,8,387318
9306,0.080027,216.58.221.0-255,5738,358232,8,387318
9307,0.080033,172.31.36.0-255,66,358298,8,387318
9308,0.081984,216.58.221.0-255,5738,364036,8,387318
9309,0.08199,172.31.36.0-255,66,364102,8,387318
9310,0.083947,216.58.221.0-255,5738,369840,8,387318
9311,0.083954,172.31.36.0-255,66,369906,8,387318
9312,0.085896,216.58.221.0-255,5738,375644,8,387318
9313,0.085902,172.31.36.0-255,66,375710,8,387318
9314,0.087846,216.58.221.0-255,5738,381448,8,387318
9315,0.087853,172.31.36.0-255,66,381514,8,387318
9316,0.089794,216.58.221.0-255,5738,387252,8,387318
9317,0.089801,172.31.36.0-255,66,387318,8,387318
9318,0.0,172.31.36.0-255,180,180,8,11509
9319,3.5e-05,172.31.36.0-255,485,665,8,11509
9320,0.001687,104.244.42.0-255,66,731,8,11509
9321,0.001704,104.244.42.0-255,66,797,8,11509
9322,0.052143,172.31.36.0-255,171,968,8,11509
9323,0.052175,172.31.36.0-255,1134,2102,8,11509
9324,0.052272,172.31.36.0-255,1514,3616,8,11509
9325,0.052273,172.31.36.0-255,1514,5130,8,11509
9326,0.052275,172.31.36.0-255,1514,6644,8,11509
9327,0.052276,172.31.36.0-255,1514,8158,8,11509
9328,0.052277,172.31.36.0-255,1514,9672,8,11509
9329,0.052307,172.31.36.0-255,1465,11137,8,11509
9330,0.053808,104.244.42.0-255,66,11203,8,11509
9331,0.053898,104.244.42.0-255,66,11269,8,11509
9332,0.054051,104.244.42.0-255,66,11335,8,11509
9333,0.054644,104.244.42.0-255,108,11443,8,11509
9334,0.054661,172.31.36.0-255,66,11509,8,11509
9335,0.0,172.217.194.0-255,153,153,8,171371
9336,1.4e-05,172.31.36.0-255,66,219,8,171371
9337,2e-05,172.217.194.0-255,1484,1703,8,171371
9338,2.5e-05,172.31.36.0-255,66,1769,8,171371
9339,3.1e-05,172.217.194.0-255,2902,4671,8,171371
9340,3.5e-05,172.31.36.0-255,66,4737,8,171371
9341,6.4e-05,172.217.194.0-255,7156,11893,8,171371
9342,6.7e-05,172.31.36.0-255,66,11959,8,171371
9343,0.000101,172.217.194.0-255,2039,13998,8,171371
9344,0.000103,172.31.36.0-255,66,14064,8,171371
9345,0.000134,172.217.194.0-255,2902,16966,8,171371
9346,0.000137,172.31.36.0-255,66,17032,8,171371
9347,0.00014,172.217.194.0-255,1484,18516,8,171371
9348,0.000142,172.31.36.0-255,66,18582,8,171371
9349,0.000165,172.217.194.0-255,5738,24320,8,171371
9350,0.000168,172.31.36.0-255,66,24386,8,171371
9351,0.000202,172.31.36.0-255,66,24452,8,171371
9352,0.000223,172.217.194.0-255,2902,27354,8,171371
9353,0.000225,172.31.36.0-255,66,27420,8,171371
9354,0.000256,172.31.36.0-255,66,27486,8,171371
9355,0.000272,172.31.36.0-255,66,27552,8,171371
9356,0.000489,172.217.194.0-255,98,27650,8,171371
9357,0.000495,172.31.36.0-255,66,27716,8,171371
9358,0.000668,172.217.194.0-255,1484,29200,8,171371
9359,0.000672,172.217.194.0-255,1484,30684,8,171371
9360,0.000683,172.31.36.0-255,66,30750,8,171371
9361,0.000686,172.31.36.0-255,66,30816,8,171371
9362,0.00069,172.217.194.0-255,1484,32300,8,171371
9363,0.000693,172.31.36.0-255,66,32366,8,171371
9364,0.0007,172.217.194.0-255,5738,38104,8,171371
9365,0.000718,172.217.194.0-255,2902,41006,8,171371
9366,0.000746,172.217.194.0-255,2902,43908,8,171371
9367,0.00075,172.31.36.0-255,66,43974,8,171371
9368,0.000756,172.31.36.0-255,66,44040,8,171371
9369,0.000793,172.31.36.0-255,66,44106,8,171371
9370,0.000866,172.217.194.0-255,1484,45590,8,171371
9371,0.00087,172.217.194.0-255,1484,47074,8,171371
9372,0.000883,172.217.194.0-255,1484,48558,8,171371
9373,0.000892,172.217.194.0-255,5738,54296,8,171371
9374,0.000911,172.31.36.0-255,66,54362,8,171371
9375,0.000919,172.217.194.0-255,7156,61518,8,171371
9376,0.000925,172.31.36.0-255,66,61584,8,171371
9377,0.000936,172.217.194.0-255,5738,67322,8,171371
9378,0.000942,172.217.194.0-255,7156,74478,8,171371
9379,0.000961,172.217.194.0-255,3602,78080,8,171371
9380,0.000983,172.217.194.0-255,5738,83818,8,171371
9381,0.001011,172.31.36.0-255,66,83884,8,171371
9382,0.001045,172.217.194.0-255,1484,85368,8,171371
9383,0.00108,172.31.36.0-255,66,85434,8,171371
9384,0.001084,172.217.194.0-255,2902,88336,8,171371
9385,0.001089,172.31.36.0-255,66,88402,8,171371
9386,0.001098,172.217.194.0-255,2902,91304,8,171371
9387,0.001114,172.31.36.0-255,66,91370,8,171371
9388,0.001135,172.217.194.0-255,1484,92854,8,171371
9389,0.001141,172.31.36.0-255,66,92920,8,171371
9390,0.001241,172.217.194.0-255,2902,95822,8,171371
9391,0.001246,172.31.36.0-255,66,95888,8,171371
9392,0.001266,172.31.36.0-255,66,95954,8,171371
9393,0.001303,172.217.194.0-255,1484,97438,8,171371
9394,0.001309,172.31.36.0-255,66,97504,8,171371
9395,0.001345,172.217.194.0-255,2902,100406,8,171371
9396,0.00136,172.217.194.0-255,7156,107562,8,171371
9397,0.001376,172.217.194.0-255,2184,109746,8,171371
9398,0.001385,172.31.36.0-255,66,109812,8,171371
9399,0.001404,172.217.194.0-255,1484,111296,8,171371
9400,0.001408,172.217.194.0-255,1484,112780,8,171371
9401,0.00142,172.217.194.0-255,1484,114264,8,171371
9402,0.001424,172.217.194.0-255,1484,115748,8,171371
9403,0.001429,172.31.36.0-255,66,115814,8,171371
9404,0.001456,172.217.194.0-255,4320,120134,8,171371
9405,0.001474,172.31.36.0-255,66,120200,8,171371
9406,0.001483,172.217.194.0-255,1484,121684,8,171371
9407,0.001489,172.217.194.0-255,7156,128840,8,171371
9408,0.001494,172.31.36.0-255,66,128906,8,171371
9409,0.001529,172.217.194.0-255,3602,132508,8,171371
9410,0.001549,172.31.36.0-255,66,132574,8,171371
9411,0.001567,172.217.194.0-255,1484,134058,8,171371
9412,0.001571,172.217.194.0-255,1484,135542,8,171371
9413,0.001579,172.31.36.0-255,66,135608,8,171371
9414,0.001588,172.217.194.0-255,1484,137092,8,171371
9415,0.001595,172.217.194.0-255,5738,142830,8,171371
9416,0.001599,172.217.194.0-255,2902,145732,8,171371
9417,0.001603,172.31.36.0-255,66,145798,8,171371
9418,0.001647,172.31.36.0-255,66,145864,8,171371
9419,0.001704,172.31.36.0-255,66,145930,8,171371
9420,0.00171,172.217.194.0-255,5738,151668,8,171371
9421,0.001726,172.217.194.0-255,5020,156688,8,171371
9422,0.001729,172.217.194.0-255,2902,159590,8,171371
9423,0.001737,172.217.194.0-255,7156,166746,8,171371
9424,0.00176,172.217.194.0-255,105,166851,8,171371
9425,0.001798,172.31.36.0-255,66,166917,8,171371
9426,0.004471,172.31.36.0-255,105,167022,8,171371
9427,0.006763,172.217.194.0-255,66,167088,8,171371
9428,0.031601,172.31.36.0-255,167,167255,8,171371
9429,0.031632,172.31.36.0-255,1112,168367,8,171371
9430,0.031695,172.31.36.0-255,1514,169881,8,171371
9431,0.031696,172.31.36.0-255,1292,171173,8,171371
9432,0.033135,104.244.42.0-255,66,171239,8,171371
9433,0.03323,104.244.42.0-255,66,171305,8,171371
9434,0.033272,104.244.42.0-255,66,171371,8,171371
9435,0.0,74.125.24.0-255,153,153,8,218280
9436,3.9e-05,172.31.36.0-255,66,219,8,218280
9437,4.7e-05,74.125.24.0-255,1484,1703,8,218280
9438,5.3e-05,172.31.36.0-255,66,1769,8,218280
9439,5.8e-05,74.125.24.0-255,2902,4671,8,218280
9440,6.1e-05,172.31.36.0-255,66,4737,8,218280
9441,6.8e-05,74.125.24.0-255,7156,11893,8,218280
9442,7.1e-05,172.31.36.0-255,66,11959,8,218280
9443,7.7e-05,74.125.24.0-255,5738,17697,8,218280
9444,8e-05,172.31.36.0-255,66,17763,8,218280
9445,0.0001,74.125.24.0-255,2063,19826,8,218280
9446,0.000103,172.31.36.0-255,66,19892,8,218280
9447,0.000115,172.31.36.0-255,66,19958,8,218280
9448,0.000159,74.125.24.0-255,1484,21442,8,218280
9449,0.000161,172.31.36.0-255,66,21508,8,218280
9450,0.000167,74.125.24.0-255,2902,24410,8,218280
9451,0.000168,172.31.36.0-255,66,24476,8,218280
9452,0.000195,74.125.24.0-255,5738,30214,8,218280
9453,0.000198,172.31.36.0-255,66,30280,8,218280
9454,0.000215,74.125.24.0-255,1484,31764,8,218280
9455,0.000219,172.31.36.0-255,66,31830,8,218280
9456,0.000251,172.31.36.0-255,66,31896,8,218280
9457,0.000254,74.125.24.0-255,1484,33380,8,218280
9458,0.000274,172.31.36.0-255,66,33446,8,218280
9459,0.000303,172.31.36.0-255,66,33512,8,218280
9460,0.000306,74.125.24.0-255,133,33645,8,218280
9461,0.000309,172.31.36.0-255,66,33711,8,218280
9462,0.000363,74.125.24.0-255,1484,35195,8,218280
9463,0.000367,172.31.36.0-255,66,35261,8,218280
9464,0.000372,74.125.24.0-255,2902,38163,8,218280
9465,0.000385,172.31.36.0-255,66,38229,8,218280
9466,0.000389,74.125.24.0-255,5738,43967,8,218280
9467,0.000401,172.31.36.0-255,66,44033,8,218280
9468,0.000404,74.125.24.0-255,1484,45517,8,218280
9469,0.000427,74.125.24.0-255,6797,52314,8,218280
9470,0.000432,172.31.36.0-255,66,52380,8,218280
9471,0.000432,74.125.24.0-255,2902,55282,8,218280
9472,0.000436,172.31.36.0-255,66,55348,8,218280
9473,0.000477,172.31.36.0-255,66,55414,8,218280
9474,0.000608,74.125.24.0-255,1484,56898,8,218280
9475,0.000621,74.125.24.0-255,2902,59800,8,218280
9476,0.000625,172.31.36.0-255,66,59866,8,218280
9477,0.000646,74.125.24.0-255,5738,65604,8,218280
9478,0.000651,74.125.24.0-255,1484,67088,8,218280
9479,0.000659,172.31.36.0-255,66,67154,8,218280
9480,0.000679,74.125.24.0-255,7156,74310,8,218280
9481,0.000685,172.31.36.0-255,66,74376,8,218280
9482,0.00069,74.125.24.0-255,1484,75860,8,218280
9483,0.000719,172.31.36.0-255,66,75926,8,218280
9484,0.000736,74.125.24.0-255,1635,77561,8,218280
9485,0.000749,172.31.36.0-255,66,77627,8,218280
9486,0.000754,172.31.36.0-255,66,77693,8,218280
9487,0.000765,74.125.24.0-255,1484,79177,8,218280
9488,0.000795,172.31.36.0-255,66,79243,8,218280
9489,0.000814,74.125.24.0-255,5020,84263,8,218280
9490,0.000827,172.31.36.0-255,66,84329,8,218280
9491,0.000994,74.125.24.0-255,1484,85813,8,218280
9492,0.001032,74.125.24.0-255,1484,87297,8,218280
9493,0.001035,172.31.36.0-255,66,87363,8,218280
9494,0.001057,74.125.24.0-255,1484,88847,8,218280
9495,0.001063,74.125.24.0-255,5738,94585,8,218280
9496,0.001073,172.31.36.0-255,66,94651,8,218280
9497,0.001078,172.31.36.0-255,66,94717,8,218280
9498,0.001078,74.125.24.0-255,2902,97619,8,218280
9499,0.001093,172.31.36.0-255,66,97685,8,218280
9500,0.001107,172.31.36.0-255,66,97751,8,218280
9501,0.001535,74.125.24.0-255,1484,99235,8,218280
9502,0.001541,74.125.24.0-255,2902,102137,8,218280
9503,0.001545,172.31.36.0-255,66,102203,8,218280
9504,0.001551,74.125.24.0-255,5738,107941,8,218280
9505,0.001554,172.31.36.0-255,66,108007,8,218280
9506,0.001567,74.125.24.0-255,5738,113745,8,218280
9507,0.001569,172.31.36.0-255,66,113811,8,218280
9508,0.001603,74.125.24.0-255,7156,120967,8,218280
9509,0.001614,172.31.36.0-255,66,121033,8,218280
9510,0.001614,74.125.24.0-255,766,121799,8,218280
9511,0.00162,172.31.36.0-255,66,121865,8,218280
9512,0.001652,74.125.24.0-255,1484,123349,8,218280
9513,0.00167,74.125.24.0-255,4320,127669,8,218280
9514,0.001679,172.31.36.0-255,66,127735,8,218280
9515,0.001697,74.125.24.0-255,5738,133473,8,218280
9516,0.001702,74.125.24.0-255,4320,137793,8,218280
9517,0.001708,172.31.36.0-255,66,137859,8,218280
9518,0.001726,74.125.24.0-255,2902,140761,8,218280
9519,0.001732,74.125.24.0-255,4320,145081,8,218280
9520,0.001732,172.31.36.0-255,66,145147,8,218280
9521,0.001736,172.31.36.0-255,66,145213,8,218280
9522,0.001766,172.31.36.0-255,66,145279,8,218280
9523,0.001832,172.31.36.0-255,66,145345,8,218280
9524,0.001833,74.125.24.0-255,2184,147529,8,218280
9525,0.001836,172.31.36.0-255,66,147595,8,218280
9526,0.001849,172.31.36.0-255,66,147661,8,218280
9527,0.001888,74.125.24.0-255,5738,153399,8,218280
9528,0.001895,172.31.36.0-255,66,153465,8,218280
9529,0.00194,172.31.36.0-255,66,153531,8,218280
9530,0.001949,74.125.24.0-255,7156,160687,8,218280
9531,0.00196,172.31.36.0-255,66,160753,8,218280
9532,0.001969,74.125.24.0-255,5020,165773,8,218280
9533,0.001974,172.31.36.0-255,66,165839,8,218280
9534,0.001984,74.125.24.0-255,2902,168741,8,218280
9535,0.001989,74.125.24.0-255,4320,173061,8,218280
9536,0.001989,172.31.36.0-255,66,173127,8,218280
9537,0.001995,172.31.36.0-255,66,173193,8,218280
9538,0.00201,74.125.24.0-255,2902,176095,8,218280
9539,0.002014,172.31.36.0-255,66,176161,8,218280
9540,0.00203,74.125.24.0-255,5738,181899,8,218280
9541,0.00204,172.31.36.0-255,66,181965,8,218280
9542,0.002097,74.125.24.0-255,2902,184867,8,218280
9543,0.002097,172.31.36.0-255,66,184933,8,218280
9544,0.002101,74.125.24.0-255,4320,189253,8,218280
9545,0.002102,172.31.36.0-255,66,189319,8,218280
9546,0.002106,74.125.24.0-255,4320,193639,8,218280
9547,0.002114,172.31.36.0-255,66,193705,8,218280
9548,0.002124,74.125.24.0-255,4320,198025,8,218280
9549,0.002138,172.31.36.0-255,66,198091,8,218280
9550,0.002142,74.125.24.0-255,1484,199575,8,218280
9551,0.002176,172.31.36.0-255,66,199641,8,218280
9552,0.002188,74.125.24.0-255,6438,206079,8,218280
9553,0.002193,172.31.36.0-255,66,206145,8,218280
9554,0.002195,74.125.24.0-255,5738,211883,8,218280
9555,0.002206,172.31.36.0-255,66,211949,8,218280
9556,0.004357,74.125.24.0-255,1730,213679,8,218280
9557,0.004364,172.31.36.0-255,66,213745,8,218280
9558,0.00942,172.31.36.0-255,105,213850,8,218280
9559,0.011516,74.125.24.0-255,66,213916,8,218280
9560,0.03997,172.31.36.0-255,172,214088,8,218280
9561,0.040001,172.31.36.0-255,1111,215199,8,218280
9562,0.04006,172.31.36.0-255,1514,216713,8,218280
9563,0.040062,172.31.36.0-255,1369,218082,8,218280
9564,0.041683,104.244.42.0-255,66,218148,8,218280
9565,0.041693,104.244.42.0-255,66,218214,8,218280
9566,0.041766,104.244.42.0-255,66,218280,8,218280
9567,0.0,172.217.194.0-255,189,189,8,231047
9568,1.9e-05,172.217.194.0-255,1484,1673,8,231047
9569,3.1e-05,172.31.36.0-255,66,1739,8,231047
9570,4e-05,172.217.194.0-255,2902,4641,8,231047
9571,4.4e-05,172.31.36.0-255,66,4707,8,231047
9572,5.2e-05,172.217.194.0-255,7156,11863,8,231047
9573,5.5e-05,172.31.36.0-255,66,11929,8,231047
9574,6e-05,172.217.194.0-255,2002,13931,8,231047
9575,6.3e-05,172.31.36.0-255,66,13997,8,231047
9576,0.000104,172.31.36.0-255,66,14063,8,231047
9577,0.000112,172.217.194.0-255,5379,19442,8,231047
9578,0.000114,172.31.36.0-255,66,19508,8,231047
9579,0.000174,172.217.194.0-255,1484,20992,8,231047
9580,0.000178,172.217.194.0-255,1484,22476,8,231047
9581,0.000181,172.31.36.0-255,66,22542,8,231047
9582,0.000197,172.217.194.0-255,1484,24026,8,231047
9583,0.000202,172.217.194.0-255,4320,28346,8,231047
9584,0.000205,172.31.36.0-255,66,28412,8,231047
9585,0.000226,172.217.194.0-255,1484,29896,8,231047
9586,0.000231,172.217.194.0-255,4320,34216,8,231047
9587,0.000234,172.31.36.0-255,66,34282,8,231047
9588,0.000241,172.217.194.0-255,5738,40020,8,231047
9589,0.000243,172.31.36.0-255,66,40086,8,231047
9590,0.000264,172.217.194.0-255,6797,46883,8,231047
9591,0.000266,172.31.36.0-255,66,46949,8,231047
9592,0.000269,172.217.194.0-255,1484,48433,8,231047
9593,0.000296,172.217.194.0-255,5669,54102,8,231047
9594,0.000299,172.31.36.0-255,66,54168,8,231047
9595,0.000313,172.217.194.0-255,365,54533,8,231047
9596,0.000391,172.217.194.0-255,1484,56017,8,231047
9597,0.000394,172.31.36.0-255,66,56083,8,231047
9598,0.000399,172.217.194.0-255,2902,58985,8,231047
9599,0.000401,172.31.36.0-255,66,59051,8,231047
9600,0.000432,172.217.194.0-255,5738,64789,8,231047
9601,0.000435,172.31.36.0-255,66,64855,8,231047
9602,0.000474,172.31.36.0-255,66,64921,8,231047
9603,0.000498,172.217.194.0-255,2543,67464,8,231047
9604,0.000501,172.31.36.0-255,66,67530,8,231047
9605,0.000514,172.31.36.0-255,66,67596,8,231047
9606,0.000633,172.217.194.0-255,1484,69080,8,231047
9607,0.000651,172.217.194.0-255,2902,71982,8,231047
9608,0.000656,172.31.36.0-255,66,72048,8,231047
9609,0.000662,172.217.194.0-255,4320,76368,8,231047
9610,0.000664,172.31.36.0-255,66,76434,8,231047
9611,0.000685,172.217.194.0-255,1484,77918,8,231047
9612,0.000691,172.217.194.0-255,5738,83656,8,231047
9613,0.000694,172.31.36.0-255,66,83722,8,231047
9614,0.00073,172.31.36.0-255,66,83788,8,231047
9615,0.000745,172.217.194.0-255,2902,86690,8,231047
9616,0.000748,172.31.36.0-255,66,86756,8,231047
9617,0.000755,172.217.194.0-255,5020,91776,8,231047
9618,0.000758,172.31.36.0-255,66,91842,8,231047
9619,0.000764,172.217.194.0-255,5738,97580,8,231047
9620,0.000767,172.31.36.0-255,66,97646,8,231047
9621,0.000772,172.217.194.0-255,4320,101966,8,231047
9622,0.000774,172.31.36.0-255,66,102032,8,231047
9623,0.000805,172.217.194.0-255,1484,103516,8,231047
9624,0.000839,172.31.36.0-255,66,103582,8,231047
9625,0.000872,172.31.36.0-255,66,103648,8,231047
9626,0.000901,172.217.194.0-255,1484,105132,8,231047
9627,0.000905,172.217.194.0-255,1484,106616,8,231047
9628,0.000908,172.31.36.0-255,66,106682,8,231047
9629,0.000931,172.217.194.0-255,1484,108166,8,231047
9630,0.000938,172.217.194.0-255,5738,113904,8,231047
9631,0.000941,172.31.36.0-255,66,113970,8,231047
9632,0.000947,172.217.194.0-255,5738,119708,8,231047
9633,0.00095,172.31.36.0-255,66,119774,8,231047
9634,0.000961,172.31.36.0-255,66,119840,8,231047
9635,0.000976,172.217.194.0-255,4320,124160,8,231047
9636,0.000978,172.31.36.0-255,66,124226,8,231047
9637,0.000985,172.217.194.0-255,5020,129246,8,231047
9638,0.000987,172.31.36.0-255,66,129312,8,231047
9639,0.001301,172.217.194.0-255,1484,130796,8,231047
9640,0.001308,172.217.194.0-255,2902,133698,8,231047
9641,0.001312,172.31.36.0-255,66,133764,8,231047
9642,0.001321,172.217.194.0-255,5738,139502,8,231047
9643,0.001323,172.31.36.0-255,66,139568,8,231047
9644,0.00134,172.217.194.0-255,4320,143888,8,231047
9645,0.001343,172.31.36.0-255,66,143954,8,231047
9646,0.001377,172.31.36.0-255,66,144020,8,231047
9647,0.001399,172.217.194.0-255,4320,148340,8,231047
9648,0.001402,172.31.36.0-255,66,148406,8,231047
9649,0.001426,172.217.194.0-255,6438,154844,8,231047
9650,0.001428,172.31.36.0-255,66,154910,8,231047
9651,0.001448,172.217.194.0-255,2902,157812,8,231047
9652,0.001451,172.31.36.0-255,66,157878,8,231047
9653,0.001492,172.31.36.0-255,66,157944,8,231047
9654,0.001508,172.31.36.0-255,66,158010,8,231047
9655,0.001523,172.31.36.0-255,66,158076,8,231047
9656,0.001588,172.217.194.0-255,1484,159560,8,231047
9657,0.001601,172.217.194.0-255,1484,161044,8,231047
9658,0.001604,172.31.36.0-255,66,161110,8,231047
9659,0.001616,172.217.194.0-255,1484,162594,8,231047
9660,0.001621,172.217.194.0-255,4320,166914,8,231047
9661,0.001631,172.31.36.0-255,66,166980,8,231047
9662,0.001635,172.217.194.0-255,1484,168464,8,231047
9663,0.00165,172.217.194.0-255,2902,171366,8,231047
9664,0.001653,172.31.36.0-255,66,171432,8,231047
9665,0.00167,172.217.194.0-255,7156,178588,8,231047
9666,0.001673,172.31.36.0-255,66,178654,8,231047
9667,0.001677,172.217.194.0-255,2902,181556,8,231047
9668,0.001679,172.31.36.0-255,66,181622,8,231047
9669,0.001713,172.31.36.0-255,66,181688,8,231047
9670,0.001718,172.217.194.0-255,2184,183872,8,231047
9671,0.00172,172.31.36.0-255,66,183938,8,231047
9672,0.001818,172.217.194.0-255,1484,185422,8,231047
9673,0.001822,172.217.194.0-255,1484,186906,8,231047
9674,0.001825,172.31.36.0-255,66,186972,8,231047
9675,0.001842,172.217.194.0-255,1484,188456,8,231047
9676,0.001848,172.217.194.0-255,4320,192776,8,231047
9677,0.001851,172.31.36.0-255,66,192842,8,231047
9678,0.001861,172.217.194.0-255,1484,194326,8,231047
9679,0.001874,172.217.194.0-255,2902,197228,8,231047
9680,0.001876,172.31.36.0-255,66,197294,8,231047
9681,0.001907,172.217.194.0-255,7156,204450,8,231047
9682,0.00191,172.31.36.0-255,66,204516,8,231047
9683,0.001937,172.217.194.0-255,2902,207418,8,231047
9684,0.001941,172.31.36.0-255,66,207484,8,231047
9685,0.001954,172.31.36.0-255,66,207550,8,231047
9686,0.001958,172.217.194.0-255,2902,210452,8,231047
9687,0.00196,172.31.36.0-255,66,210518,8,231047
9688,0.002001,172.217.194.0-255,1484,212002,8,231047
9689,0.002019,172.31.36.0-255,66,212068,8,231047
9690,0.002035,172.31.36.0-255,66,212134,8,231047
9691,0.00211,172.31.36.0-255,66,212200,8,231047
9692,0.002244,172.217.194.0-255,1484,213684,8,231047
9693,0.002251,172.217.194.0-255,2902,216586,8,231047
9694,0.002254,172.31.36.0-255,66,216652,8,231047
9695,0.002309,172.217.194.0-255,3804,220456,8,231047
9696,0.002328,172.31.36.0-255,66,220522,8,231047
9697,0.002383,172.217.194.0-255,105,220627,8,231047
9698,0.011196,172.31.36.0-255,105,220732,8,231047
9699,0.013559,172.217.194.0-255,66,220798,8,231047
9700,0.039533,172.31.36.0-255,172,220970,8,231047
9701,0.039571,172.31.36.0-255,1110,222080,8,231047
9702,0.039652,172.31.36.0-255,1514,223594,8,231047
9703,0.039653,172.31.36.0-255,1514,225108,8,231047
9704,0.039655,172.31.36.0-255,1514,226622,8,231047
9705,0.039656,172.31.36.0-255,1514,228136,8,231047
9706,0.039657,172.31.36.0-255,1514,229650,8,231047
9707,0.039687,172.31.36.0-255,893,230543,8,231047
9708,0.041103,104.244.42.0-255,66,230609,8,231047
9709,0.041145,104.244.42.0-255,66,230675,8,231047
9710,0.041261,104.244.42.0-255,66,230741,8,231047
9711,0.041267,104.244.42.0-255,66,230807,8,231047
9712,0.04127,104.244.42.0-255,66,230873,8,231047
9713,0.04194,104.244.42.0-255,108,230981,8,231047
9714,0.041952,172.31.36.0-255,66,231047,8,231047
9715,0.0,74.125.68.0-255,298,298,8,374665
9716,2.2e-05,172.31.36.0-255,66,364,8,374665
9717,3.9e-05,74.125.68.0-255,1484,1848,8,374665
9718,4.3e-05,172.31.36.0-255,66,1914,8,374665
9719,4.8e-05,74.125.68.0-255,2902,4816,8,374665
9720,5.1e-05,172.31.36.0-255,66,4882,8,374665
9721,7.7e-05,74.125.68.0-255,5738,10620,8,374665
9722,8e-05,172.31.36.0-255,66,10686,8,374665
9723,8.3e-05,74.125.68.0-255,1484,12170,8,374665
9724,8.5e-05,172.31.36.0-255,66,12236,8,374665
9725,0.0001,74.125.68.0-255,1813,14049,8,374665
9726,0.000103,172.31.36.0-255,66,14115,8,374665
9727,0.000139,74.125.68.0-255,2902,17017,8,374665
9728,0.000142,172.31.36.0-255,66,17083,8,374665
9729,0.000162,74.125.68.0-255,4320,21403,8,374665
9730,0.000164,172.31.36.0-255,66,21469,8,374665
9731,0.000168,74.125.68.0-255,1484,22953,8,374665
9732,0.000169,172.31.36.0-255,66,23019,8,374665
9733,0.00019,74.125.68.0-255,7156,30175,8,374665
9734,0.000192,172.31.36.0-255,66,30241,8,374665
9735,0.000195,74.125.68.0-255,1125,31366,8,374665
9736,0.000197,172.31.36.0-255,66,31432,8,374665
9737,0.000273,74.125.68.0-255,1484,32916,8,374665
9738,0.000276,172.31.36.0-255,66,32982,8,374665
9739,0.00028,74.125.68.0-255,1484,34466,8,374665
9740,0.000283,172.31.36.0-255,66,34532,8,374665
9741,0.000295,74.125.68.0-255,1484,36016,8,374665
9742,0.000298,172.31.36.0-255,66,36082,8,374665
9743,0.000303,74.125.68.0-255,2902,38984,8,374665
9744,0.000306,172.31.36.0-255,66,39050,8,374665
9745,0.000324,74.125.68.0-255,1484,40534,8,374665
9746,0.000326,172.31.36.0-255,66,40600,8,374665
9747,0.000364,172.31.36.0-255,66,40666,8,374665
9748,0.000369,74.125.68.0-255,2902,43568,8,374665
9749,0.000371,172.31.36.0-255,66,43634,8,374665
9750,0.000411,74.125.68.0-255,4320,47954,8,374665
9751,0.000414,172.31.36.0-255,66,48020,8,374665
9752,0.000442,74.125.68.0-255,448,48468,8,374665
9753,0.000443,172.31.36.0-255,66,48534,8,374665
9754,0.000472,74.125.68.0-255,327,48861,8,374665
9755,0.000759,74.125.68.0-255,1484,50345,8,374665
9756,0.000764,172.31.36.0-255,66,50411,8,374665
9757,0.000786,74.125.68.0-255,2902,53313,8,374665
9758,0.00079,172.31.36.0-255,66,53379,8,374665
9759,0.000813,74.125.68.0-255,5738,59117,8,374665
9760,0.000817,172.31.36.0-255,66,59183,8,374665
9761,0.000823,74.125.68.0-255,5738,64921,8,374665
9762,0.000825,172.31.36.0-255,66,64987,8,374665
9763,0.00083,74.125.68.0-255,4320,69307,8,374665
9764,0.000832,172.31.36.0-255,66,69373,8,374665
9765,0.000854,74.125.68.0-255,2902,72275,8,374665
9766,0.000857,74.125.68.0-255,1484,73759,8,374665
9767,0.000858,172.31.36.0-255,66,73825,8,374665
9768,0.000888,172.31.36.0-255,66,73891,8,374665
9769,0.001156,74.125.68.0-255,1484,75375,8,374665
9770,0.001174,74.125.68.0-255,2902,78277,8,374665
9771,0.001177,172.31.36.0-255,66,78343,8,374665
9772,0.001183,74.125.68.0-255,2902,81245,8,374665
9773,0.001184,172.31.36.0-255,66,81311,8,374665
9774,0.001201,74.125.68.0-255,2902,84213,8,374665
9775,0.001203,172.31.36.0-255,66,84279,8,374665
9776,0.00124,172.31.36.0-255,66,84345,8,374665
9777,0.001246,74.125.68.0-255,4320,88665,8,374665
9778,0.001248,172.31.36.0-255,66,88731,8,374665
9779,0.00127,74.125.68.0-255,7156,95887,8,374665
9780,0.001273,172.31.36.0-255,66,95953,8,374665
9781,0.001278,74.125.68.0-255,2184,98137,8,374665
9782,0.001279,172.31.36.0-255,66,98203,8,374665
9783,0.001605,74.125.68.0-255,1484,99687,8,374665
9784,0.001613,74.125.68.0-255,2902,102589,8,374665
9785,0.001617,172.31.36.0-255,66,102655,8,374665
9786,0.001621,74.125.68.0-255,1484,104139,8,374665
9787,0.001639,74.125.68.0-255,2902,107041,8,374665
9788,0.001642,172.31.36.0-255,66,107107,8,374665
9789,0.001678,74.125.68.0-255,1484,108591,8,374665
9790,0.001701,74.125.68.0-255,7156,115747,8,374665
9791,0.001704,172.31.36.0-255,66,115813,8,374665
9792,0.00171,74.125.68.0-255,4320,120133,8,374665
9793,0.001712,172.31.36.0-255,66,120199,8,374665
9794,0.001718,74.125.68.0-255,5738,125937,8,374665
9795,0.00172,172.31.36.0-255,66,126003,8,374665
9796,0.001728,74.125.68.0-255,6438,132441,8,374665
9797,0.001744,172.31.36.0-255,66,132507,8,374665
9798,0.001783,74.125.68.0-255,1484,133991,8,374665
9799,0.0018,74.125.68.0-255,2902,136893,8,374665
9800,0.001809,172.31.36.0-255,66,136959,8,374665
9801,0.001824,74.125.68.0-255,4320,141279,8,374665
9802,0.001833,172.31.36.0-255,66,141345,8,374665
9803,0.001839,74.125.68.0-255,1484,142829,8,374665
9804,0.001846,74.125.68.0-255,7156,149985,8,374665
9805,0.001852,172.31.36.0-255,66,150051,8,374665
9806,0.001872,74.125.68.0-255,1484,151535,8,374665
9807,0.001901,172.31.36.0-255,66,151601,8,374665
9808,0.001907,74.125.68.0-255,2902,154503,8,374665
9809,0.001918,172.31.36.0-255,66,154569,8,374665
9810,0.001922,74.125.68.0-255,3602,158171,8,374665
9811,0.00194,172.31.36.0-255,66,158237,8,374665
9812,0.00226,74.125.68.0-255,1484,159721,8,374665
9813,0.002281,74.125.68.0-255,2902,162623,8,374665
9814,0.002285,172.31.36.0-255,66,162689,8,374665
9815,0.002292,74.125.68.0-255,4320,167009,8,374665
9816,0.002296,172.31.36.0-255,66,167075,8,374665
9817,0.002303,74.125.68.0-255,1484,168559,8,374665
9818,0.002306,74.125.68.0-255,1484,170043,8,374665
9819,0.002309,172.31.36.0-255,66,170109,8,374665
9820,0.002335,74.125.68.0-255,2902,173011,8,374665
9821,0.002338,172.31.36.0-255,66,173077,8,374665
9822,0.002345,74.125.68.0-255,5738,178815,8,374665
9823,0.002347,172.31.36.0-255,66,178881,8,374665
9824,0.002351,74.125.68.0-255,1484,180365,8,374665
9825,0.002385,172.31.36.0-255,66,180431,8,374665
9826,0.002403,74.125.68.0-255,2184,182615,8,374665
9827,0.002407,172.31.36.0-255,66,182681,8,374665
9828,0.004902,74.125.68.0-255,2902,185583,8,374665
9829,0.004909,172.31.36.0-255,66,185649,8,374665
9830,0.004941,74.125.68.0-255,2902,188551,8,374665
9831,0.004944,172.31.36.0-255,66,188617,8,374665
9832,0.007435,74.125.68.0-255,2902,191519,8,374665
9833,0.007441,172.31.36.0-255,66,191585,8,374665
9834,0.007471,74.125.68.0-255,2902,194487,8,374665
9835,0.007474,172.31.36.0-255,66,194553,8,374665
9836,0.009985,74.125.68.0-255,2902,197455,8,374665
9837,0.009993,172.31.36.0-255,66,197521,8,374665
9838,0.010013,74.125.68.0-255,2902,200423,8,374665
9839,0.010016,172.31.36.0-255,66,200489,8,374665
9840,0.012559,74.125.68.0-255,2902,203391,8,374665
9841,0.012566,172.31.36.0-255,66,203457,8,374665
9842,0.012603,74.125.68.0-255,2902,206359,8,374665
9843,0.012607,172.31.36.0-255,66,206425,8,374665
9844,0.0151,74.125.68.0-255,2902,209327,8,374665
9845,0.01511,172.31.36.0-255,66,209393,8,374665
9846,0.015139,74.125.68.0-255,2902,212295,8,374665
9847,0.015142,172.31.36.0-255,66,212361,8,374665
9848,0.017637,74.125.68.0-255,2902,215263,8,374665
9849,0.017646,172.31.36.0-255,66,215329,8,374665
9850,0.01768,74.125.68.0-255,2902,218231,8,374665
9851,0.017683,172.31.36.0-255,66,218297,8,374665
9852,0.020179,74.125.68.0-255,2902,221199,8,374665
9853,0.020185,172.31.36.0-255,66,221265,8,374665
9854,0.020202,74.125.68.0-255,2902,224167,8,374665
9855,0.020205,172.31.36.0-255,66,224233,8,374665
9856,0.022725,74.125.68.0-255,5738,229971,8,374665
9857,0.022735,172.31.36.0-255,66,230037,8,374665
9858,0.025271,74.125.68.0-255,5738,235775,8,374665
9859,0.02528,172.31.36.0-255,66,235841,8,374665
9860,0.027808,74.125.68.0-255,5738,241579,8,374665
9861,0.027816,172.31.36.0-255,66,241645,8,374665
9862,0.03033,74.125.68.0-255,2902,244547,8,374665
9863,0.030337,172.31.36.0-255,66,244613,8,374665
9864,0.030376,74.125.68.0-255,2902,247515,8,374665
9865,0.03038,172.31.36.0-255,66,247581,8,374665
9866,0.032874,74.125.68.0-255,2902,250483,8,374665
9867,0.032882,172.31.36.0-255,66,250549,8,374665
9868,0.032916,74.125.68.0-255,2902,253451,8,374665
9869,0.032919,172.31.36.0-255,66,253517,8,374665
9870,0.035413,74.125.68.0-255,2902,256419,8,374665
9871,0.035421,172.31.36.0-255,66,256485,8,374665
9872,0.035444,74.125.68.0-255,2902,259387,8,374665
9873,0.035447,172.31.36.0-255,66,259453,8,374665
9874,0.036338,172.31.36.0-255,172,259625,8,374665
9875,0.036368,172.31.36.0-255,1107,260732,8,374665
9876,0.036417,172.31.36.0-255,1514,262246,8,374665
9877,0.036419,172.31.36.0-255,1514,263760,8,374665
9878,0.036424,172.31.36.0-255,1514,265274,8,374665
9879,0.036426,172.31.36.0-255,1514,266788,8,374665
9880,0.036451,172.31.36.0-255,1501,268289,8,374665
9881,0.037848,104.244.42.0-255,66,268355,8,374665
9882,0.037898,104.244.42.0-255,66,268421,8,374665
9883,0.037942,74.125.68.0-255,2902,271323,8,374665
9884,0.037946,172.31.36.0-255,66,271389,8,374665
9885,0.037968,104.244.42.0-255,66,271455,8,374665
9886,0.037982,74.125.68.0-255,2902,274357,8,374665
9887,0.037985,172.31.36.0-255,66,274423,8,374665
9888,0.037994,104.244.42.0-255,66,274489,8,374665
9889,0.040476,74.125.68.0-255,2902,277391,8,374665
9890,0.040496,172.31.36.0-255,66,277457,8,374665
9891,0.040511,74.125.68.0-255,2902,280359,8,374665
9892,0.040515,172.31.36.0-255,66,280425,8,374665
9893,0.043046,74.125.68.0-255,2902,283327,8,374665
9894,0.043051,172.31.36.0-255,66,283393,8,374665
9895,0.043081,74.125.68.0-255,2902,286295,8,374665
9896,0.043085,172.31.36.0-255,66,286361,8,374665
9897,0.045574,74.125.68.0-255,2902,289263,8,374665
9898,0.045579,172.31.36.0-255,66,289329,8,374665
9899,0.045608,74.125.68.0-255,2902,292231,8,374665
9900,0.045612,172.31.36.0-255,66,292297,8,374665
9901,0.048157,74.125.68.0-255,2902,295199,8,374665
9902,0.048161,172.31.36.0-255,66,295265,8,374665
9903,0.048211,74.125.68.0-255,2902,298167,8,374665
9904,0.048215,172.31.36.0-255,66,298233,8,374665
9905,0.050684,74.125.68.0-255,2902,301135,8,374665
9906,0.05069,172.31.36.0-255,66,301201,8,374665
9907,0.050729,74.125.68.0-255,2902,304103,8,374665
9908,0.050732,172.31.36.0-255,66,304169,8,374665
9909,0.053215,74.125.68.0-255,2902,307071,8,374665
9910,0.05322,172.31.36.0-255,66,307137,8,374665
9911,0.05326,74.125.68.0-255,2902,310039,8,374665
9912,0.053264,172.31.36.0-255,66,310105,8,374665
9913,0.055748,74.125.68.0-255,2902,313007,8,374665
9914,0.055753,172.31.36.0-255,66,313073,8,374665
9915,0.055784,74.125.68.0-255,2902,315975,8,374665
9916,0.055788,172.31.36.0-255,66,316041,8,374665
9917,0.05828,74.125.68.0-255,2902,318943,8,374665
9918,0.058285,172.31.36.0-255,66,319009,8,374665
9919,0.058314,74.125.68.0-255,2902,321911,8,374665
9920,0.058318,172.31.36.0-255,66,321977,8,374665
9921,0.060811,74.125.68.0-255,2902,324879,8,374665
9922,0.060816,172.31.36.0-255,66,324945,8,374665
9923,0.060846,74.125.68.0-255,2902,327847,8,374665
9924,0.060849,172.31.36.0-255,66,327913,8,374665
9925,0.06334,74.125.68.0-255,2902,330815,8,374665
9926,0.063345,172.31.36.0-255,66,330881,8,374665
9927,0.063374,74.125.68.0-255,2902,333783,8,374665
9928,0.063377,172.31.36.0-255,66,333849,8,374665
9929,0.065877,74.125.68.0-255,2902,336751,8,374665
9930,0.065884,172.31.36.0-255,66,336817,8,374665
9931,0.065912,74.125.68.0-255,2902,339719,8,374665
9932,0.065915,172.31.36.0-255,66,339785,8,374665
9933,0.068408,74.125.68.0-255,2902,342687,8,374665
9934,0.068413,172.31.36.0-255,66,342753,8,374665
9935,0.068492,74.125.68.0-255,2902,345655,8,374665
9936,0.068495,172.31.36.0-255,66,345721,8,374665
9937,0.070933,74.125.68.0-255,2902,348623,8,374665
9938,0.070938,172.31.36.0-255,66,348689,8,374665
9939,0.07101,74.125.68.0-255,1484,350173,8,374665
9940,0.071024,74.125.68.0-255,1484,351657,8,374665
9941,0.071028,172.31.36.0-255,66,351723,8,374665
9942,0.073468,74.125.68.0-255,2902,354625,8,374665
9943,0.073473,172.31.36.0-255,66,354691,8,374665
9944,0.07356,74.125.68.0-255,2902,357593,8,374665
9945,0.073566,172.31.36.0-255,66,357659,8,374665
9946,0.075994,74.125.68.0-255,2902,360561,8,374665
9947,0.075999,172.31.36.0-255,66,360627,8,374665
9948,0.076087,74.125.68.0-255,2902,363529,8,374665
9949,0.076091,172.31.36.0-255,66,363595,8,374665
9950,0.078523,74.125.68.0-255,2902,366497,8,374665
9951,0.078528,172.31.36.0-255,66,366563,8,374665
9952,0.078608,74.125.68.0-255,2902,369465,8,374665
9953,0.078613,172.31.36.0-255,66,369531,8,374665
9954,0.081045,74.125.68.0-255,2902,372433,8,374665
9955,0.08105,172.31.36.0-255,66,372499,8,374665
9956,0.081132,74.125.68.0-255,1929,374428,8,374665
9957,0.081137,172.31.36.0-255,66,374494,8,374665
9958,0.081247,172.31.36.0-255,105,374599,8,374665
9959,0.083729,74.125.68.0-255,66,374665,8,374665
9960,0.0,74.125.68.0-255,147,147,8,369472
9961,1.1e-05,172.31.36.0-255,66,213,8,369472
9962,2.8e-05,74.125.68.0-255,1484,1697,8,369472
9963,3.1e-05,172.31.36.0-255,66,1763,8,369472
9964,4.9e-05,74.125.68.0-255,1484,3247,8,369472
9965,5.1e-05,172.31.36.0-255,66,3313,8,369472
9966,5.6e-05,74.125.68.0-255,2902,6215,8,369472
9967,5.9e-05,172.31.36.0-255,66,6281,8,369472
9968,7.6e-05,74.125.68.0-255,2902,9183,8,369472
9969,7.8e-05,172.31.36.0-255,66,9249,8,369472
9970,0.000101,74.125.68.0-255,2902,12151,8,369472
9971,0.000103,172.31.36.0-255,66,12217,8,369472
9972,0.000109,74.125.68.0-255,4885,17102,8,369472
9973,0.000111,172.31.36.0-255,66,17168,8,369472
9974,0.000116,74.125.68.0-255,5738,22906,8,369472
9975,0.000119,172.31.36.0-255,66,22972,8,369472
9976,0.000142,74.125.68.0-255,1484,24456,8,369472
9977,0.000143,172.31.36.0-255,66,24522,8,369472
9978,0.00016,74.125.68.0-255,6797,31319,8,369472
9979,0.000163,172.31.36.0-255,66,31385,8,369472
9980,0.000233,74.125.68.0-255,1484,32869,8,369472
9981,0.000236,172.31.36.0-255,66,32935,8,369472
9982,0.00024,74.125.68.0-255,1484,34419,8,369472
9983,0.000241,172.31.36.0-255,66,34485,8,369472
9984,0.000257,74.125.68.0-255,2902,37387,8,369472
9985,0.00026,172.31.36.0-255,66,37453,8,369472
9986,0.000292,74.125.68.0-255,5738,43191,8,369472
9987,0.000294,172.31.36.0-255,66,43257,8,369472
9988,0.000298,74.125.68.0-255,2902,46159,8,369472
9989,0.0003,172.31.36.0-255,66,46225,8,369472
9990,0.000318,74.125.68.0-255,3961,50186,8,369472
9991,0.00032,172.31.36.0-255,66,50252,8,369472
9992,0.000327,74.125.68.0-255,7156,57408,8,369472
9993,0.000329,172.31.36.0-255,66,57474,8,369472
9994,0.000363,172.31.36.0-255,66,57540,8,369472
9995,0.000366,74.125.68.0-255,130,57670,8,369472
9996,0.000466,74.125.68.0-255,1484,59154,8,369472
9997,0.00047,172.31.36.0-255,66,59220,8,369472
9998,0.000474,74.125.68.0-255,2902,62122,8,369472
9999,0.000476,172.31.36.0-255,66,62188,8,369472
10000,0.000491,74.125.68.0-255,5738,67926,8,369472
10001,0.000493,172.31.36.0-255,66,67992,8,369472
10002,0.000513,74.125.68.0-255,2902,70894,8,369472
10003,0.000515,172.31.36.0-255,66,70960,8,369472
10004,0.00052,74.125.68.0-255,4320,75280,8,369472
10005,0.000522,172.31.36.0-255,66,75346,8,369472
10006,0.000549,74.125.68.0-255,4320,79666,8,369472
10007,0.000552,172.31.36.0-255,66,79732,8,369472
10008,0.000573,74.125.68.0-255,4320,84052,8,369472
10009,0.000575,172.31.36.0-255,66,84118,8,369472
10010,0.000606,74.125.68.0-255,5738,89856,8,369472
10011,0.000609,172.31.36.0-255,66,89922,8,369472
10012,0.000628,74.125.68.0-255,2465,92387,8,369472
10013,0.000631,172.31.36.0-255,66,92453,8,369472
10014,0.000774,74.125.68.0-255,1484,93937,8,369472
10015,0.000793,74.125.68.0-255,1484,95421,8,369472
10016,0.000797,172.31.36.0-255,66,95487,8,369472
10017,0.000817,74.125.68.0-255,2902,98389,8,369472
10018,0.00082,172.31.36.0-255,66,98455,8,369472
10019,0.000846,74.125.68.0-255,1484,99939,8,369472
10020,0.000863,74.125.68.0-255,2902,102841,8,369472
10021,0.000866,172.31.36.0-255,66,102907,8,369472
10022,0.000888,74.125.68.0-255,5738,108645,8,369472
10023,0.00089,172.31.36.0-255,66,108711,8,369472
10024,0.000894,74.125.68.0-255,2902,111613,8,369472
10025,0.000896,172.31.36.0-255,66,111679,8,369472
10026,0.000915,74.125.68.0-255,2902,114581,8,369472
10027,0.000917,172.31.36.0-255,66,114647,8,369472
10028,0.00094,74.125.68.0-255,7156,121803,8,369472
10029,0.000943,172.31.36.0-255,66,121869,8,369472
10030,0.000948,74.125.68.0-255,4471,126340,8,369472
10031,0.00095,172.31.36.0-255,66,126406,8,369472
10032,0.00098,74.125.68.0-255,5738,132144,8,369472
10033,0.000982,172.31.36.0-255,66,132210,8,369472
10034,0.001037,172.31.36.0-255,66,132276,8,369472
10035,0.001051,74.125.68.0-255,1484,133760,8,369472
10036,0.001072,172.31.36.0-255,66,133826,8,369472
10037,0.001103,74.125.68.0-255,2902,136728,8,369472
10038,0.001105,172.31.36.0-255,66,136794,8,369472
10039,0.001123,74.125.68.0-255,2184,138978,8,369472
10040,0.001125,172.31.36.0-255,66,139044,8,369472
10041,0.001214,74.125.68.0-255,1484,140528,8,369472
10042,0.00123,74.125.68.0-255,2902,143430,8,369472
10043,0.001233,172.31.36.0-255,66,143496,8,369472
10044,0.001256,74.125.68.0-255,5738,149234,8,369472
10045,0.001259,172.31.36.0-255,66,149300,8,369472
10046,0.001262,74.125.68.0-255,1484,150784,8,369472
10047,0.001283,74.125.68.0-255,1484,152268,8,369472
10048,0.001285,172.31.36.0-255,66,152334,8,369472
10049,0.00129,74.125.68.0-255,2902,155236,8,369472
10050,0.001291,172.31.36.0-255,66,155302,8,369472
10051,0.001307,74.125.68.0-255,1484,156786,8,369472
10052,0.001317,172.31.36.0-255,66,156852,8,369472
10053,0.001331,74.125.68.0-255,1484,158336,8,369472
10054,0.001344,74.125.68.0-255,2902,161238,8,369472
10055,0.001346,172.31.36.0-255,66,161304,8,369472
10056,0.001366,74.125.68.0-255,2902,164206,8,369472
10057,0.001368,172.31.36.0-255,66,164272,8,369472
10058,0.001392,74.125.68.0-255,766,165038,8,369472
10059,0.001626,74.125.68.0-255,1484,166522,8,369472
10060,0.00163,172.31.36.0-255,66,166588,8,369472
10061,0.001634,74.125.68.0-255,1484,168072,8,369472
10062,0.001648,74.125.68.0-255,1484,169556,8,369472
10063,0.00165,172.31.36.0-255,66,169622,8,369472
10064,0.001657,74.125.68.0-255,5738,175360,8,369472
10065,0.001659,172.31.36.0-255,66,175426,8,369472
10066,0.001678,74.125.68.0-255,5738,181164,8,369472
10067,0.001681,172.31.36.0-255,66,181230,8,369472
10068,0.0017,74.125.68.0-255,1484,182714,8,369472
10069,0.001705,74.125.68.0-255,4320,187034,8,369472
10070,0.001707,172.31.36.0-255,66,187100,8,369472
10071,0.001737,172.31.36.0-255,66,187166,8,369472
10072,0.001755,74.125.68.0-255,2184,189350,8,369472
10073,0.001757,172.31.36.0-255,66,189416,8,369472
10074,0.001825,74.125.68.0-255,1484,190900,8,369472
10075,0.00184,74.125.68.0-255,2902,193802,8,369472
10076,0.001843,172.31.36.0-255,66,193868,8,369472
10077,0.001868,74.125.68.0-255,2902,196770,8,369472
10078,0.001871,172.31.36.0-255,66,196836,8,369472
10079,0.001888,74.125.68.0-255,1484,198320,8,369472
10080,0.001918,74.125.68.0-255,5738,204058,8,369472
10081,0.001921,172.31.36.0-255,66,204124,8,369472
10082,0.001927,74.125.68.0-255,4320,208444,8,369472
10083,0.001929,172.31.36.0-255,66,208510,8,369472
10084,0.001943,74.125.68.0-255,2902,211412,8,369472
10085,0.001946,172.31.36.0-255,66,211478,8,369472
10086,0.001961,74.125.68.0-255,2902,214380,8,369472
10087,0.001965,172.31.36.0-255,66,214446,8,369472
10088,0.001992,172.31.36.0-255,66,214512,8,369472
10089,0.002007,74.125.68.0-255,1484,215996,8,369472
10090,0.002027,74.125.68.0-255,7156,223152,8,369472
10091,0.00203,172.31.36.0-255,66,223218,8,369472
10092,0.002032,74.125.68.0-255,1484,224702,8,369472
10093,0.002034,172.31.36.0-255,78,224780,8,369472
10094,0.002039,74.125.68.0-255,2902,227682,8,369472
10095,0.002041,172.31.36.0-255,66,227748,8,369472
10096,0.004041,74.125.68.0-255,4320,232068,8,369472
10097,0.004049,172.31.36.0-255,66,232134,8,369472
10098,0.004064,74.125.68.0-255,1484,233618,8,369472
10099,0.006061,74.125.68.0-255,4320,237938,8,369472
10100,0.006069,172.31.36.0-255,66,238004,8,369472
10101,0.008072,74.125.68.0-255,5738,243742,8,369472
10102,0.008076,172.31.36.0-255,66,243808,8,369472
10103,0.010072,74.125.68.0-255,5738,249546,8,369472
10104,0.010079,172.31.36.0-255,66,249612,8,369472
10105,0.012107,74.125.68.0-255,5738,255350,8,369472
10106,0.012117,172.31.36.0-255,66,255416,8,369472
10107,0.014114,74.125.68.0-255,5738,261154,8,369472
10108,0.014121,172.31.36.0-255,66,261220,8,369472
10109,0.016142,74.125.68.0-255,5738,266958,8,369472
10110,0.016156,172.31.36.0-255,66,267024,8,369472
10111,0.018231,74.125.68.0-255,5738,272762,8,369472
10112,0.018239,172.31.36.0-255,66,272828,8,369472
10113,0.020244,74.125.68.0-255,5738,278566,8,369472
10114,0.020253,172.31.36.0-255,66,278632,8,369472
10115,0.022258,74.125.68.0-255,5738,284370,8,369472
10116,0.022264,172.31.36.0-255,66,284436,8,369472
10117,0.024278,74.125.68.0-255,5738,290174,8,369472
10118,0.024286,172.31.36.0-255,66,290240,8,369472
10119,0.026322,74.125.68.0-255,5738,295978,8,369472
10120,0.02633,172.31.36.0-255,66,296044,8,369472
10121,0.028339,74.125.68.0-255,5738,301782,8,369472
10122,0.028346,172.31.36.0-255,66,301848,8,369472
10123,0.030351,74.125.68.0-255,4320,306168,8,369472
10124,0.030356,172.31.36.0-255,66,306234,8,369472
10125,0.030381,74.125.68.0-255,1484,307718,8,369472
10126,0.032367,74.125.68.0-255,4320,312038,8,369472
10127,0.032378,172.31.36.0-255,66,312104,8,369472
10128,0.03438,74.125.68.0-255,5738,317842,8,369472
10129,0.034387,172.31.36.0-255,66,317908,8,369472
10130,0.034862,172.31.36.0-255,176,318084,8,369472
10131,0.034892,172.31.36.0-255,1107,319191,8,369472
10132,0.034934,172.31.36.0-255,1514,320705,8,369472
10133,0.034936,172.31.36.0-255,1514,322219,8,369472
10134,0.034941,172.31.36.0-255,1514,323733,8,369472
10135,0.034942,172.31.36.0-255,1514,325247,8,369472
10136,0.034968,172.31.36.0-255,1502,326749,8,369472
10137,0.036341,104.244.42.0-255,66,326815,8,369472
10138,0.036372,104.244.42.0-255,66,326881,8,369472
10139,0.036382,74.125.68.0-255,5738,332619,8,369472
10140,0.036387,172.31.36.0-255,66,332685,8,369472
10141,0.036445,104.244.42.0-255,66,332751,8,369472
10142,0.036477,104.244.42.0-255,66,332817,8,369472
10143,0.038382,74.125.68.0-255,5738,338555,8,369472
10144,0.038388,172.31.36.0-255,66,338621,8,369472
10145,0.040385,74.125.68.0-255,5738,344359,8,369472
10146,0.040391,172.31.36.0-255,66,344425,8,369472
10147,0.042388,74.125.68.0-255,5738,350163,8,369472
10148,0.042394,172.31.36.0-255,66,350229,8,369472
10149,0.044389,74.125.68.0-255,4320,354549,8,369472
10150,0.044396,172.31.36.0-255,66,354615,8,369472
10151,0.044427,74.125.68.0-255,1484,356099,8,369472
10152,0.046396,74.125.68.0-255,4320,360419,8,369472
10153,0.046403,172.31.36.0-255,66,360485,8,369472
10154,0.048403,74.125.68.0-255,4320,364805,8,369472
10155,0.048411,172.31.36.0-255,66,364871,8,369472
10156,0.048431,74.125.68.0-255,1484,366355,8,369472
10157,0.050416,74.125.68.0-255,2880,369235,8,369472
10158,0.050422,172.31.36.0-255,66,369301,8,369472
10159,0.050605,172.31.36.0-255,105,369406,8,369472
10160,0.052571,74.125.68.0-255,66,369472,8,369472
10161,0.0,74.125.68.0-255,148,148,8,336903
10162,2.3e-05,172.31.36.0-255,66,214,8,336903
10163,3e-05,74.125.68.0-255,1484,1698,8,336903
10164,3.7e-05,172.31.36.0-255,66,1764,8,336903
10165,4.2e-05,74.125.68.0-255,2902,4666,8,336903
10166,4.6e-05,172.31.36.0-255,66,4732,8,336903
10167,7.3e-05,74.125.68.0-255,7156,11888,8,336903
10168,7.6e-05,172.31.36.0-255,66,11954,8,336903
10169,9.1e-05,74.125.68.0-255,1484,13438,8,336903
10170,9.3e-05,172.31.36.0-255,66,13504,8,336903
10171,0.000114,74.125.68.0-255,619,14123,8,336903
10172,0.000116,172.31.36.0-255,66,14189,8,336903
10173,0.000121,74.125.68.0-255,2902,17091,8,336903
10174,0.000123,172.31.36.0-255,66,17157,8,336903
10175,0.000145,74.125.68.0-255,7156,24313,8,336903
10176,0.000147,172.31.36.0-255,66,24379,8,336903
10177,0.000151,74.125.68.0-255,2902,27281,8,336903
10178,0.000153,172.31.36.0-255,66,27347,8,336903
10179,0.000219,74.125.68.0-255,3961,31308,8,336903
10180,0.000222,172.31.36.0-255,66,31374,8,336903
10181,0.000323,74.125.68.0-255,1484,32858,8,336903
10182,0.000328,172.31.36.0-255,66,32924,8,336903
10183,0.000332,74.125.68.0-255,1484,34408,8,336903
10184,0.000335,172.31.36.0-255,66,34474,8,336903
10185,0.000348,74.125.68.0-255,1484,35958,8,336903
10186,0.000351,172.31.36.0-255,66,36024,8,336903
10187,0.000357,74.125.68.0-255,4320,40344,8,336903
10188,0.000359,172.31.36.0-255,66,40410,8,336903
10189,0.000365,74.125.68.0-255,5738,46148,8,336903
10190,0.000369,172.31.36.0-255,66,46214,8,336903
10191,0.000405,74.125.68.0-255,2543,48757,8,336903
10192,0.000408,172.31.36.0-255,66,48823,8,336903
10193,0.000749,74.125.68.0-255,1484,50307,8,336903
10194,0.000754,74.125.68.0-255,1484,51791,8,336903
10195,0.000758,172.31.36.0-255,66,51857,8,336903
10196,0.000762,74.125.68.0-255,1484,53341,8,336903
10197,0.000778,74.125.68.0-255,1484,54825,8,336903
10198,0.000781,172.31.36.0-255,66,54891,8,336903
10199,0.000788,74.125.68.0-255,4320,59211,8,336903
10200,0.00079,172.31.36.0-255,66,59277,8,336903
10201,0.000801,74.125.68.0-255,1484,60761,8,336903
10202,0.000816,74.125.68.0-255,2902,63663,8,336903
10203,0.000818,172.31.36.0-255,66,63729,8,336903
10204,0.000839,74.125.68.0-255,3122,66851,8,336903
10205,0.000841,172.31.36.0-255,66,66917,8,336903
10206,0.000922,74.125.68.0-255,1484,68401,8,336903
10207,0.000939,74.125.68.0-255,2902,71303,8,336903
10208,0.000943,172.31.36.0-255,66,71369,8,336903
10209,0.00095,74.125.68.0-255,5738,77107,8,336903
10210,0.000952,172.31.36.0-255,66,77173,8,336903
10211,0.000956,74.125.68.0-255,2902,80075,8,336903
10212,0.000958,172.31.36.0-255,66,80141,8,336903
10213,0.000978,74.125.68.0-255,1484,81625,8,336903
10214,0.000985,74.125.68.0-255,5379,87004,8,336903
10215,0.000987,172.31.36.0-255,66,87070,8,336903
10216,0.001006,74.125.68.0-255,1484,88554,8,336903
10217,0.001042,172.31.36.0-255,66,88620,8,336903
10218,0.00107,74.125.68.0-255,3961,92581,8,336903
10219,0.001074,172.31.36.0-255,66,92647,8,336903
10220,0.001963,74.125.68.0-255,1484,94131,8,336903
10221,0.001975,74.125.68.0-255,2902,97033,8,336903
10222,0.001979,172.31.36.0-255,66,97099,8,336903
10223,0.001988,74.125.68.0-255,5738,102837,8,336903
10224,0.00199,172.31.36.0-255,66,102903,8,336903
10225,0.002043,172.31.36.0-255,66,102969,8,336903
10226,0.002057,74.125.68.0-255,1484,104453,8,336903
10227,0.002073,74.125.68.0-255,2902,107355,8,336903
10228,0.002076,172.31.36.0-255,66,107421,8,336903
10229,0.002108,172.31.36.0-255,66,107487,8,336903
10230,0.002451,74.125.68.0-255,1484,108971,8,336903
10231,0.002459,74.125.68.0-255,2902,111873,8,336903
10232,0.002464,172.31.36.0-255,66,111939,8,336903
10233,0.002468,74.125.68.0-255,1484,113423,8,336903
10234,0.002483,74.125.68.0-255,2902,116325,8,336903
10235,0.002485,172.31.36.0-255,66,116391,8,336903
10236,0.002489,74.125.68.0-255,1484,117875,8,336903
10237,0.002506,74.125.68.0-255,2902,120777,8,336903
10238,0.002508,172.31.36.0-255,66,120843,8,336903
10239,0.002526,74.125.68.0-255,1484,122327,8,336903
10240,0.00255,74.125.68.0-255,7156,129483,8,336903
10241,0.002552,172.31.36.0-255,66,129549,8,336903
10242,0.002571,74.125.68.0-255,1484,131033,8,336903
10243,0.002581,74.125.68.0-255,1484,132517,8,336903
10244,0.002583,172.31.36.0-255,66,132583,8,336903
10245,0.002598,74.125.68.0-255,2902,135485,8,336903
10246,0.0026,172.31.36.0-255,66,135551,8,336903
10247,0.002605,74.125.68.0-255,2902,138453,8,336903
10248,0.002607,172.31.36.0-255,66,138519,8,336903
10249,0.002611,74.125.68.0-255,2902,141421,8,336903
10250,0.002614,172.31.36.0-255,66,141487,8,336903
10251,0.002618,74.125.68.0-255,766,142253,8,336903
10252,0.002769,74.125.68.0-255,1484,143737,8,336903
10253,0.002771,172.31.36.0-255,66,143803,8,336903
10254,0.002775,74.125.68.0-255,1484,145287,8,336903
10255,0.002787,74.125.68.0-255,1484,146771,8,336903
10256,0.002789,172.31.36.0-255,66,146837,8,336903
10257,0.002809,74.125.68.0-255,1484,148321,8,336903
10258,0.002831,74.125.68.0-255,5738,154059,8,336903
10259,0.002834,172.31.36.0-255,66,154125,8,336903
10260,0.00284,74.125.68.0-255,4320,158445,8,336903
10261,0.002842,172.31.36.0-255,66,158511,8,336903
10262,0.002875,172.31.36.0-255,66,158577,8,336903
10263,0.002889,74.125.68.0-255,2902,161479,8,336903
10264,0.002891,172.31.36.0-255,66,161545,8,336903
10265,0.002907,74.125.68.0-255,3602,165147,8,336903
10266,0.00291,172.31.36.0-255,66,165213,8,336903
10267,0.002925,74.125.68.0-255,5738,170951,8,336903
10268,0.002928,172.31.36.0-255,66,171017,8,336903
10269,0.002945,74.125.68.0-255,1484,172501,8,336903
10270,0.002951,74.125.68.0-255,4320,176821,8,336903
10271,0.002953,172.31.36.0-255,66,176887,8,336903
10272,0.00296,74.125.68.0-255,5738,182625,8,336903
10273,0.002962,172.31.36.0-255,66,182691,8,336903
10274,0.003023,172.31.36.0-255,66,182757,8,336903
10275,0.003029,74.125.68.0-255,5020,187777,8,336903
10276,0.003031,172.31.36.0-255,66,187843,8,336903
10277,0.003068,74.125.68.0-255,1484,189327,8,336903
10278,0.003084,74.125.68.0-255,2902,192229,8,336903
10279,0.003086,172.31.36.0-255,66,192295,8,336903
10280,0.003091,74.125.68.0-255,2902,195197,8,336903
10281,0.003093,172.31.36.0-255,66,195263,8,336903
10282,0.003111,74.125.68.0-255,1484,196747,8,336903
10283,0.003122,74.125.68.0-255,5738,202485,8,336903
10284,0.003125,172.31.36.0-255,66,202551,8,336903
10285,0.003155,74.125.68.0-255,2902,205453,8,336903
10286,0.003158,172.31.36.0-255,66,205519,8,336903
10287,0.003169,172.31.36.0-255,66,205585,8,336903
10288,0.003201,172.31.36.0-255,66,205651,8,336903
10289,0.003216,74.125.68.0-255,1484,207135,8,336903
10290,0.003246,74.125.68.0-255,2902,210037,8,336903
10291,0.003249,172.31.36.0-255,66,210103,8,336903
10292,0.003265,74.125.68.0-255,2902,213005,8,336903
10293,0.003267,172.31.36.0-255,66,213071,8,336903
10294,0.003271,74.125.68.0-255,1484,214555,8,336903
10295,0.003276,74.125.68.0-255,4320,218875,8,336903
10296,0.003278,172.31.36.0-255,66,218941,8,336903
10297,0.003307,74.125.68.0-255,4320,223261,8,336903
10298,0.003311,74.125.68.0-255,1484,224745,8,336903
10299,0.003314,74.125.68.0-255,1484,226229,8,336903
10300,0.003319,74.125.68.0-255,4320,230549,8,336903
10301,0.003343,74.125.68.0-255,1484,232033,8,336903
10302,0.003363,74.125.68.0-255,5738,237771,8,336903
10303,0.003368,74.125.68.0-255,2184,239955,8,336903
10304,0.003389,74.125.68.0-255,2902,242857,8,336903
10305,0.003415,74.125.68.0-255,7156,250013,8,336903
10306,0.003418,74.125.68.0-255,1484,251497,8,336903
10307,0.003429,74.125.68.0-255,1484,252981,8,336903
10308,0.003456,74.125.68.0-255,5738,258719,8,336903
10309,0.00348,74.125.68.0-255,4320,263039,8,336903
10310,0.003486,74.125.68.0-255,4320,267359,8,336903
10311,0.003493,74.125.68.0-255,6438,273797,8,336903
10312,0.003496,74.125.68.0-255,1484,275281,8,336903
10313,0.003498,74.125.68.0-255,1484,276765,8,336903
10314,0.003529,74.125.68.0-255,2902,279667,8,336903
10315,0.003545,74.125.68.0-255,4320,283987,8,336903
10316,0.00355,74.125.68.0-255,4320,288307,8,336903
10317,0.003553,74.125.68.0-255,1484,289791,8,336903
10318,0.003583,74.125.68.0-255,7156,296947,8,336903
10319,0.003612,74.125.68.0-255,2184,299131,8,336903
10320,0.003672,74.125.68.0-255,2902,302033,8,336903
10321,0.003692,74.125.68.0-255,1484,303517,8,336903
10322,0.003697,74.125.68.0-255,4320,307837,8,336903
10323,0.00371,74.125.68.0-255,1484,309321,8,336903
10324,0.003719,74.125.68.0-255,7156,316477,8,336903
10325,0.003741,74.125.68.0-255,4320,320797,8,336903
10326,0.003747,74.125.68.0-255,4320,325117,8,336903
10327,0.00379,74.125.68.0-255,7156,332273,8,336903
10328,0.003814,74.125.68.0-255,105,332378,8,336903
10329,0.003953,172.31.36.0-255,66,332444,8,336903
10330,0.006298,172.31.36.0-255,105,332549,8,336903
10331,0.008706,74.125.68.0-255,66,332615,8,336903
10332,0.034457,172.31.36.0-255,172,332787,8,336903
10333,0.034491,172.31.36.0-255,1111,333898,8,336903
10334,0.034553,172.31.36.0-255,1514,335412,8,336903
10335,0.034554,172.31.36.0-255,1293,336705,8,336903
10336,0.03615,104.244.42.0-255,66,336771,8,336903
10337,0.036188,104.244.42.0-255,66,336837,8,336903
10338,0.036223,104.244.42.0-255,66,336903,8,336903
10339,0.0,74.125.24.0-255,153,153,8,297738
10340,3.3e-05,172.31.36.0-255,66,219,8,297738
10341,4e-05,74.125.24.0-255,1484,1703,8,297738
10342,4.4e-05,172.31.36.0-255,66,1769,8,297738
10343,4.9e-05,74.125.24.0-255,2902,4671,8,297738
10344,6.2e-05,172.31.36.0-255,66,4737,8,297738
10345,6.8e-05,74.125.24.0-255,5738,10475,8,297738
10346,7.1e-05,172.31.36.0-255,66,10541,8,297738
10347,7.6e-05,74.125.24.0-255,4320,14861,8,297738
10348,7.9e-05,172.31.36.0-255,66,14927,8,297738
10349,0.000125,172.31.36.0-255,66,14993,8,297738
10350,0.000158,74.125.24.0-255,6797,21790,8,297738
10351,0.000161,172.31.36.0-255,66,21856,8,297738
10352,0.00086,74.125.24.0-255,1484,23340,8,297738
10353,0.000866,172.31.36.0-255,66,23406,8,297738
10354,0.000876,74.125.24.0-255,2902,26308,8,297738
10355,0.000878,172.31.36.0-255,66,26374,8,297738
10356,0.000893,74.125.24.0-255,5738,32112,8,297738
10357,0.000895,172.31.36.0-255,66,32178,8,297738
10358,0.000899,74.125.24.0-255,2902,35080,8,297738
10359,0.000901,172.31.36.0-255,66,35146,8,297738
10360,0.000929,74.125.24.0-255,3961,39107,8,297738
10361,0.000932,172.31.36.0-255,66,39173,8,297738
10362,0.000942,74.125.24.0-255,2902,42075,8,297738
10363,0.000944,172.31.36.0-255,66,42141,8,297738
10364,0.00095,74.125.24.0-255,4320,46461,8,297738
10365,0.000952,172.31.36.0-255,66,46527,8,297738
10366,0.000996,172.31.36.0-255,66,46593,8,297738
10367,0.000999,74.125.24.0-255,1396,47989,8,297738
10368,0.001001,172.31.36.0-255,66,48055,8,297738
10369,0.001241,74.125.24.0-255,384,48439,8,297738
10370,0.001285,74.125.24.0-255,1484,49923,8,297738
10371,0.00129,172.31.36.0-255,66,49989,8,297738
10372,0.001319,74.125.24.0-255,2902,52891,8,297738
10373,0.001322,172.31.36.0-255,66,52957,8,297738
10374,0.001351,74.125.24.0-255,5738,58695,8,297738
10375,0.001353,172.31.36.0-255,66,58761,8,297738
10376,0.001358,74.125.24.0-255,4320,63081,8,297738
10377,0.00136,172.31.36.0-255,66,63147,8,297738
10378,0.001384,74.125.24.0-255,2902,66049,8,297738
10379,0.001386,172.31.36.0-255,66,66115,8,297738
10380,0.001391,74.125.24.0-255,4320,70435,8,297738
10381,0.001397,172.31.36.0-255,66,70501,8,297738
10382,0.001437,172.31.36.0-255,66,70567,8,297738
10383,0.001441,74.125.24.0-255,2184,72751,8,297738
10384,0.001442,172.31.36.0-255,66,72817,8,297738
10385,0.001849,74.125.24.0-255,1484,74301,8,297738
10386,0.001865,74.125.24.0-255,2902,77203,8,297738
10387,0.001869,172.31.36.0-255,66,77269,8,297738
10388,0.001895,74.125.24.0-255,5738,83007,8,297738
10389,0.001898,172.31.36.0-255,66,83073,8,297738
10390,0.00191,172.31.36.0-255,66,83139,8,297738
10391,0.001915,74.125.24.0-255,4320,87459,8,297738
10392,0.001917,172.31.36.0-255,66,87525,8,297738
10393,0.001946,74.125.24.0-255,6438,93963,8,297738
10394,0.001963,172.31.36.0-255,66,94029,8,297738
10395,0.004521,74.125.24.0-255,2902,96931,8,297738
10396,0.004526,172.31.36.0-255,66,96997,8,297738
10397,0.004552,74.125.24.0-255,2902,99899,8,297738
10398,0.004555,172.31.36.0-255,66,99965,8,297738
10399,0.007064,74.125.24.0-255,2902,102867,8,297738
10400,0.007071,172.31.36.0-255,66,102933,8,297738
10401,0.007101,74.125.24.0-255,2902,105835,8,297738
10402,0.007104,172.31.36.0-255,66,105901,8,297738
10403,0.009639,74.125.24.0-255,5738,111639,8,297738
10404,0.009646,172.31.36.0-255,66,111705,8,297738
10405,0.012209,74.125.24.0-255,5738,117443,8,297738
10406,0.012217,172.31.36.0-255,66,117509,8,297738
10407,0.014774,74.125.24.0-255,5738,123247,8,297738
10408,0.01478,172.31.36.0-255,66,123313,8,297738
10409,0.017387,74.125.24.0-255,5738,129051,8,297738
10410,0.017394,172.31.36.0-255,66,129117,8,297738
10411,0.019947,74.125.24.0-255,5738,134855,8,297738
10412,0.019956,172.31.36.0-255,66,134921,8,297738
10413,0.022499,74.125.24.0-255,5738,140659,8,297738
10414,0.022508,172.31.36.0-255,66,140725,8,297738
10415,0.025075,74.125.24.0-255,5738,146463,8,297738
10416,0.025081,172.31.36.0-255,66,146529,8,297738
10417,0.027622,74.125.24.0-255,5738,152267,8,297738
10418,0.027631,172.31.36.0-255,66,152333,8,297738
10419,0.029273,172.31.36.0-255,172,152505,8,297738
10420,0.029304,172.31.36.0-255,1111,153616,8,297738
10421,0.02935,172.31.36.0-255,1514,155130,8,297738
10422,0.029352,172.31.36.0-255,1514,156644,8,297738
10423,0.029358,172.31.36.0-255,1514,158158,8,297738
10424,0.029359,172.31.36.0-255,1514,159672,8,297738
10425,0.029377,172.31.36.0-255,1514,161186,8,297738
10426,0.029378,172.31.36.0-255,874,162060,8,297738
10427,0.030201,74.125.24.0-255,5738,167798,8,297738
10428,0.030208,172.31.36.0-255,66,167864,8,297738
10429,0.030818,104.244.42.0-255,66,167930,8,297738
10430,0.030857,104.244.42.0-255,66,167996,8,297738
10431,0.030895,104.244.42.0-255,66,168062,8,297738
10432,0.03094,104.244.42.0-255,66,168128,8,297738
10433,0.032777,74.125.24.0-255,5738,173866,8,297738
10434,0.032785,172.31.36.0-255,66,173932,8,297738
10435,0.035336,74.125.24.0-255,5738,179670,8,297738
10436,0.035346,172.31.36.0-255,66,179736,8,297738
10437,0.037964,74.125.24.0-255,5738,185474,8,297738
10438,0.03799,172.31.36.0-255,66,185540,8,297738
10439,0.040573,74.125.24.0-255,5738,191278,8,297738
10440,0.04058,172.31.36.0-255,66,191344,8,297738
10441,0.040877,172.31.36.0-255,108,191452,8,297738
10442,0.042419,104.244.42.0-255,66,191518,8,297738
10443,0.043123,74.125.24.0-255,5738,197256,8,297738
10444,0.043129,172.31.36.0-255,66,197322,8,297738
10445,0.045691,74.125.24.0-255,5738,203060,8,297738
10446,0.045705,172.31.36.0-255,66,203126,8,297738
10447,0.048269,74.125.24.0-255,5738,208864,8,297738
10448,0.048279,172.31.36.0-255,66,208930,8,297738
10449,0.050898,74.125.24.0-255,5738,214668,8,297738
10450,0.050906,172.31.36.0-255,66,214734,8,297738
10451,0.053515,74.125.24.0-255,5738,220472,8,297738
10452,0.053534,172.31.36.0-255,66,220538,8,297738
10453,0.056129,74.125.24.0-255,5738,226276,8,297738
10454,0.05615,172.31.36.0-255,66,226342,8,297738
10455,0.058735,74.125.24.0-255,5738,232080,8,297738
10456,0.058749,172.31.36.0-255,66,232146,8,297738
10457,0.061304,74.125.24.0-255,5738,237884,8,297738
10458,0.061311,172.31.36.0-255,66,237950,8,297738
10459,0.063842,74.125.24.0-255,5738,243688,8,297738
10460,0.063847,172.31.36.0-255,66,243754,8,297738
10461,0.06644,74.125.24.0-255,5738,249492,8,297738
10462,0.066447,172.31.36.0-255,66,249558,8,297738
10463,0.068982,74.125.24.0-255,5738,255296,8,297738
10464,0.068989,172.31.36.0-255,66,255362,8,297738
10465,0.07155,74.125.24.0-255,5738,261100,8,297738
10466,0.071559,172.31.36.0-255,66,261166,8,297738
10467,0.074129,74.125.24.0-255,5738,266904,8,297738
10468,0.074136,172.31.36.0-255,66,266970,8,297738
10469,0.076679,74.125.24.0-255,4320,271290,8,297738
10470,0.076686,172.31.36.0-255,66,271356,8,297738
10471,0.076718,74.125.24.0-255,1484,272840,8,297738
10472,0.079251,74.125.24.0-255,4320,277160,8,297738
10473,0.079257,172.31.36.0-255,66,277226,8,297738
10474,0.081889,74.125.24.0-255,4320,281546,8,297738
10475,0.081896,172.31.36.0-255,66,281612,8,297738
10476,0.081931,74.125.24.0-255,1484,283096,8,297738
10477,0.084468,74.125.24.0-255,4320,287416,8,297738
10478,0.084475,172.31.36.0-255,66,287482,8,297738
10479,0.087029,74.125.24.0-255,4320,291802,8,297738
10480,0.087036,172.31.36.0-255,66,291868,8,297738
10481,0.087078,74.125.24.0-255,1484,293352,8,297738
10482,0.0896,74.125.24.0-255,4320,297672,8,297738
10483,0.089609,172.31.36.0-255,66,297738,8,297738
10484,0.0,74.125.24.0-255,152,152,8,186069
10485,1.7e-05,74.125.24.0-255,1484,1636,8,186069
10486,2.7e-05,172.31.36.0-255,66,1702,8,186069
10487,3.6e-05,74.125.24.0-255,2902,4604,8,186069
10488,4e-05,172.31.36.0-255,66,4670,8,186069
10489,5.6e-05,74.125.24.0-255,7156,11826,8,186069
10490,6e-05,172.31.36.0-255,66,11892,8,186069
10491,6.5e-05,74.125.24.0-255,2029,13921,8,186069
10492,6.8e-05,172.31.36.0-255,66,13987,8,186069
10493,0.000119,74.125.24.0-255,4320,18307,8,186069
10494,0.000122,172.31.36.0-255,66,18373,8,186069
10495,0.000153,74.125.24.0-255,4320,22693,8,186069
10496,0.000157,172.31.36.0-255,66,22759,8,186069
10497,0.000171,172.31.36.0-255,66,22825,8,186069
10498,0.000206,74.125.24.0-255,1484,24309,8,186069
10499,0.00022,74.125.24.0-255,1484,25793,8,186069
10500,0.000223,172.31.36.0-255,66,25859,8,186069
10501,0.000249,74.125.24.0-255,1484,27343,8,186069
10502,0.000256,74.125.24.0-255,5738,33081,8,186069
10503,0.000258,172.31.36.0-255,66,33147,8,186069
10504,0.00027,172.31.36.0-255,66,33213,8,186069
10505,0.000299,172.31.36.0-255,66,33279,8,186069
10506,0.000327,74.125.24.0-255,1484,34763,8,186069
10507,0.00036,74.125.24.0-255,1484,36247,8,186069
10508,0.000362,172.31.36.0-255,66,36313,8,186069
10509,0.00039,74.125.24.0-255,2543,38856,8,186069
10510,0.000392,172.31.36.0-255,66,38922,8,186069
10511,0.000685,74.125.24.0-255,359,39281,8,186069
10512,0.00072,74.125.24.0-255,1484,40765,8,186069
10513,0.000725,172.31.36.0-255,66,40831,8,186069
10514,0.000731,74.125.24.0-255,2902,43733,8,186069
10515,0.000734,172.31.36.0-255,66,43799,8,186069
10516,0.000754,74.125.24.0-255,1484,45283,8,186069
10517,0.000771,172.31.36.0-255,66,45349,8,186069
10518,0.000778,74.125.24.0-255,7156,52505,8,186069
10519,0.00078,172.31.36.0-255,66,52571,8,186069
10520,0.000801,74.125.24.0-255,1484,54055,8,186069
10521,0.000835,172.31.36.0-255,66,54121,8,186069
10522,0.000864,74.125.24.0-255,6438,60559,8,186069
10523,0.000868,172.31.36.0-255,66,60625,8,186069
10524,0.000875,74.125.24.0-255,5117,65742,8,186069
10525,0.000877,172.31.36.0-255,66,65808,8,186069
10526,0.001179,74.125.24.0-255,1484,67292,8,186069
10527,0.001186,74.125.24.0-255,2902,70194,8,186069
10528,0.00119,172.31.36.0-255,66,70260,8,186069
10529,0.001198,74.125.24.0-255,5738,75998,8,186069
10530,0.0012,172.31.36.0-255,66,76064,8,186069
10531,0.001209,74.125.24.0-255,1484,77548,8,186069
10532,0.00125,172.31.36.0-255,66,77614,8,186069
10533,0.001262,172.31.36.0-255,66,77680,8,186069
10534,0.001325,74.125.24.0-255,766,78446,8,186069
10535,0.001528,74.125.24.0-255,1484,79930,8,186069
10536,0.001533,172.31.36.0-255,66,79996,8,186069
10537,0.001539,74.125.24.0-255,2902,82898,8,186069
10538,0.001541,172.31.36.0-255,66,82964,8,186069
10539,0.001573,74.125.24.0-255,5738,88702,8,186069
10540,0.001576,172.31.36.0-255,66,88768,8,186069
10541,0.001582,74.125.24.0-255,4320,93088,8,186069
10542,0.001584,172.31.36.0-255,66,93154,8,186069
10543,0.001632,172.31.36.0-255,66,93220,8,186069
10544,0.001644,172.31.36.0-255,66,93286,8,186069
10545,0.001669,74.125.24.0-255,2184,95470,8,186069
10546,0.001672,172.31.36.0-255,66,95536,8,186069
10547,0.001686,172.31.36.0-255,66,95602,8,186069
10548,0.001723,172.31.36.0-255,66,95668,8,186069
10549,0.001734,172.31.36.0-255,66,95734,8,186069
10550,0.001741,74.125.24.0-255,7156,102890,8,186069
10551,0.001744,172.31.36.0-255,66,102956,8,186069
10552,0.001755,172.31.36.0-255,66,103022,8,186069
10553,0.001762,74.125.24.0-255,7156,110178,8,186069
10554,0.001764,172.31.36.0-255,66,110244,8,186069
10555,0.001807,172.31.36.0-255,66,110310,8,186069
10556,0.00181,74.125.24.0-255,766,111076,8,186069
10557,0.001827,74.125.24.0-255,7156,118232,8,186069
10558,0.00183,172.31.36.0-255,66,118298,8,186069
10559,0.001835,74.125.24.0-255,4320,122618,8,186069
10560,0.001838,172.31.36.0-255,66,122684,8,186069
10561,0.001871,74.125.24.0-255,4320,127004,8,186069
10562,0.001874,172.31.36.0-255,66,127070,8,186069
10563,0.001886,172.31.36.0-255,66,127136,8,186069
10564,0.001924,74.125.24.0-255,7156,134292,8,186069
10565,0.001927,74.125.24.0-255,2902,137194,8,186069
10566,0.001931,172.31.36.0-255,66,137260,8,186069
10567,0.001938,172.31.36.0-255,66,137326,8,186069
10568,0.00195,172.31.36.0-255,66,137392,8,186069
10569,0.001994,74.125.24.0-255,6438,143830,8,186069
10570,0.001998,172.31.36.0-255,66,143896,8,186069
10571,0.002019,172.31.36.0-255,66,143962,8,186069
10572,0.002239,74.125.24.0-255,1484,145446,8,186069
10573,0.002261,74.125.24.0-255,2902,148348,8,186069
10574,0.002264,172.31.36.0-255,66,148414,8,186069
10575,0.002271,74.125.24.0-255,5738,154152,8,186069
10576,0.002273,172.31.36.0-255,66,154218,8,186069
10577,0.002317,74.125.24.0-255,1484,155702,8,186069
10578,0.002352,74.125.24.0-255,4320,160022,8,186069
10579,0.002355,172.31.36.0-255,66,160088,8,186069
10580,0.002378,172.31.36.0-255,66,160154,8,186069
10581,0.00238,74.125.24.0-255,766,160920,8,186069
10582,0.002384,74.125.24.0-255,1484,162404,8,186069
10583,0.002385,172.31.36.0-255,66,162470,8,186069
10584,0.002391,74.125.24.0-255,4320,166790,8,186069
10585,0.002394,172.31.36.0-255,66,166856,8,186069
10586,0.002399,74.125.24.0-255,4320,171176,8,186069
10587,0.002401,172.31.36.0-255,66,171242,8,186069
10588,0.002407,74.125.24.0-255,4320,175562,8,186069
10589,0.002409,172.31.36.0-255,66,175628,8,186069
10590,0.002465,172.31.36.0-255,66,175694,8,186069
10591,0.00249,172.31.36.0-255,66,175760,8,186069
10592,0.002504,172.31.36.0-255,66,175826,8,186069
10593,0.002542,74.125.24.0-255,5739,181565,8,186069
10594,0.002544,172.31.36.0-255,66,181631,8,186069
10595,0.002547,74.125.24.0-255,105,181736,8,186069
10596,0.008727,172.31.36.0-255,105,181841,8,186069
10597,0.011387,74.125.24.0-255,66,181907,8,186069
10598,0.030869,172.31.36.0-255,166,182073,8,186069
10599,0.030905,172.31.36.0-255,1134,183207,8,186069
10600,0.030969,172.31.36.0-255,1514,184721,8,186069
10601,0.030971,172.31.36.0-255,1150,185871,8,186069
10602,0.032541,104.244.42.0-255,66,185937,8,186069
10603,0.03257,104.244.42.0-255,66,186003,8,186069
10604,0.032649,104.244.42.0-255,66,186069,8,186069
10605,0.0,74.125.200.0-255,143,143,8,366264
10606,2.4e-05,172.31.36.0-255,66,209,8,366264
10607,3e-05,74.125.200.0-255,1484,1693,8,366264
10608,3.6e-05,172.31.36.0-255,66,1759,8,366264
10609,4.2e-05,74.125.200.0-255,2902,4661,8,366264
10610,4.5e-05,172.31.36.0-255,66,4727,8,366264
10611,5.3e-05,74.125.200.0-255,7156,11883,8,366264
10612,5.6e-05,172.31.36.0-255,66,11949,8,366264
10613,0.000115,74.125.200.0-255,2085,14034,8,366264
10614,0.000118,172.31.36.0-255,66,14100,8,366264
10615,0.000184,74.125.200.0-255,1484,15584,8,366264
10616,0.000187,172.31.36.0-255,66,15650,8,366264
10617,0.000193,74.125.200.0-255,2902,18552,8,366264
10618,0.000196,172.31.36.0-255,66,18618,8,366264
10619,0.000221,74.125.200.0-255,2902,21520,8,366264
10620,0.000224,172.31.36.0-255,66,21586,8,366264
10621,0.000244,74.125.200.0-255,2902,24488,8,366264
10622,0.000246,172.31.36.0-255,66,24554,8,366264
10623,0.000307,74.125.200.0-255,4320,28874,8,366264
10624,0.000311,172.31.36.0-255,66,28940,8,366264
10625,0.000342,74.125.200.0-255,1484,30424,8,366264
10626,0.000345,172.31.36.0-255,66,30490,8,366264
10627,0.000365,74.125.200.0-255,5738,36228,8,366264
10628,0.000368,172.31.36.0-255,66,36294,8,366264
10629,0.000394,74.125.200.0-255,5379,41673,8,366264
10630,0.000398,172.31.36.0-255,66,41739,8,366264
10631,0.0005,74.125.200.0-255,4320,46059,8,366264
10632,0.000506,172.31.36.0-255,66,46125,8,366264
10633,0.000551,74.125.200.0-255,2902,49027,8,366264
10634,0.000554,172.31.36.0-255,66,49093,8,366264
10635,0.000584,172.31.36.0-255,66,49159,8,366264
10636,0.000764,74.125.200.0-255,358,49517,8,366264
10637,0.000788,74.125.200.0-255,1549,51066,8,366264
10638,0.000792,74.125.200.0-255,1484,52550,8,366264
10639,0.000809,74.125.200.0-255,2902,55452,8,366264
10640,0.000852,74.125.200.0-255,2902,58354,8,366264
10641,0.000872,74.125.200.0-255,7156,65510,8,366264
10642,0.000917,172.31.36.0-255,66,65576,8,366264
10643,0.000991,74.125.200.0-255,1484,67060,8,366264
10644,0.001006,74.125.200.0-255,4320,71380,8,366264
10645,0.001022,172.31.36.0-255,66,71446,8,366264
10646,0.001042,74.125.200.0-255,1484,72930,8,366264
10647,0.001088,172.31.36.0-255,66,72996,8,366264
10648,0.001193,74.125.200.0-255,1484,74480,8,366264
10649,0.001214,74.125.200.0-255,2902,77382,8,366264
10650,0.001235,172.31.36.0-255,66,77448,8,366264
10651,0.001247,74.125.200.0-255,5738,83186,8,366264
10652,0.001252,172.31.36.0-255,66,83252,8,366264
10653,0.001335,74.125.200.0-255,2902,86154,8,366264
10654,0.001344,172.31.36.0-255,66,86220,8,366264
10655,0.001382,172.31.36.0-255,66,86286,8,366264
10656,0.001473,74.125.200.0-255,4320,90606,8,366264
10657,0.001477,172.31.36.0-255,66,90672,8,366264
10658,0.001501,74.125.200.0-255,5738,96410,8,366264
10659,0.001509,172.31.36.0-255,66,96476,8,366264
10660,0.001582,74.125.200.0-255,766,97242,8,366264
10661,0.001606,74.125.200.0-255,4320,101562,8,366264
10662,0.001621,74.125.200.0-255,2902,104464,8,366264
10663,0.001629,172.31.36.0-255,66,104530,8,366264
10664,0.001689,74.125.200.0-255,4320,108850,8,366264
10665,0.001705,74.125.200.0-255,5738,114588,8,366264
10666,0.001717,172.31.36.0-255,66,114654,8,366264
10667,0.00181,74.125.200.0-255,2902,117556,8,366264
10668,0.001814,172.31.36.0-255,66,117622,8,366264
10669,0.001884,172.31.36.0-255,66,117688,8,366264
10670,0.002016,74.125.200.0-255,1484,119172,8,366264
10671,0.002036,74.125.200.0-255,2902,122074,8,366264
10672,0.00204,172.31.36.0-255,66,122140,8,366264
10673,0.002084,74.125.200.0-255,5738,127878,8,366264
10674,0.002109,172.31.36.0-255,66,127944,8,366264
10675,0.00213,74.125.200.0-255,5738,133682,8,366264
10676,0.002137,172.31.36.0-255,66,133748,8,366264
10677,0.002158,74.125.200.0-255,7156,140904,8,366264
10678,0.002166,172.31.36.0-255,66,140970,8,366264
10679,0.002294,74.125.200.0-255,4320,145290,8,366264
10680,0.002314,74.125.200.0-255,6438,151728,8,366264
10681,0.002321,172.31.36.0-255,66,151794,8,366264
10682,0.00435,74.125.200.0-255,5738,157532,8,366264
10683,0.004361,172.31.36.0-255,66,157598,8,366264
10684,0.006391,74.125.200.0-255,5738,163336,8,366264
10685,0.006397,172.31.36.0-255,66,163402,8,366264
10686,0.00842,74.125.200.0-255,4320,167722,8,366264
10687,0.008434,74.125.200.0-255,1484,169206,8,366264
10688,0.010165,172.31.36.0-255,66,169272,8,366264
10689,0.012199,74.125.200.0-255,5738,175010,8,366264
10690,0.012212,172.31.36.0-255,66,175076,8,366264
10691,0.014288,74.125.200.0-255,5738,180814,8,366264
10692,0.014992,172.31.36.0-255,66,180880,8,366264
10693,0.017031,74.125.200.0-255,5738,186618,8,366264
10694,0.01704,172.31.36.0-255,66,186684,8,366264
10695,0.019071,74.125.200.0-255,5738,192422,8,366264
10696,0.019078,172.31.36.0-255,66,192488,8,366264
10697,0.021096,74.125.200.0-255,5738,198226,8,366264
10698,0.021103,172.31.36.0-255,66,198292,8,366264
10699,0.023122,74.125.200.0-255,4320,202612,8,366264
10700,0.023133,172.31.36.0-255,66,202678,8,366264
10701,0.023153,74.125.200.0-255,1484,204162,8,366264
10702,0.025156,74.125.200.0-255,4320,208482,8,366264
10703,0.02535,172.31.36.0-255,66,208548,8,366264
10704,0.027386,74.125.200.0-255,5738,214286,8,366264
10705,0.027396,172.31.36.0-255,66,214352,8,366264
10706,0.029411,74.125.200.0-255,4320,218672,8,366264
10707,0.029418,172.31.36.0-255,66,218738,8,366264
10708,0.029439,74.125.200.0-255,1484,220222,8,366264
10709,0.03144,74.125.200.0-255,4320,224542,8,366264
10710,0.031445,172.31.36.0-255,66,224608,8,366264
10711,0.033474,74.125.200.0-255,5738,230346,8,366264
10712,0.033518,172.31.36.0-255,66,230412,8,366264
10713,0.035532,74.125.200.0-255,5738,236150,8,366264
10714,0.035538,172.31.36.0-255,66,236216,8,366264
10715,0.037559,74.125.200.0-255,5738,241954,8,366264
10716,0.037567,172.31.36.0-255,66,242020,8,366264
10717,0.037625,172.31.36.0-255,172,242192,8,366264
10718,0.037653,172.31.36.0-255,1109,243301,8,366264
10719,0.037775,172.31.36.0-255,1514,244815,8,366264
10720,0.037777,172.31.36.0-255,407,245222,8,366264
10721,0.039593,74.125.200.0-255,5738,250960,8,366264
10722,0.039601,172.31.36.0-255,66,251026,8,366264
10723,0.039821,104.244.42.0-255,66,251092,8,366264
10724,0.041618,74.125.200.0-255,4320,255412,8,366264
10725,0.041625,172.31.36.0-255,66,255478,8,366264
10726,0.041644,74.125.200.0-255,1484,256962,8,366264
10727,0.043652,74.125.200.0-255,4320,261282,8,366264
10728,0.043659,172.31.36.0-255,66,261348,8,366264
10729,0.0457,74.125.200.0-255,5738,267086,8,366264
10730,0.04575,172.31.36.0-255,66,267152,8,366264
10731,0.04777,74.125.200.0-255,5738,272890,8,366264
10732,0.047777,172.31.36.0-255,66,272956,8,366264
10733,0.049819,74.125.200.0-255,5738,278694,8,366264
10734,0.049826,172.31.36.0-255,66,278760,8,366264
10735,0.051854,74.125.200.0-255,5738,284498,8,366264
10736,0.051861,172.31.36.0-255,66,284564,8,366264
10737,0.053885,74.125.200.0-255,5738,290302,8,366264
10738,0.053891,172.31.36.0-255,66,290368,8,366264
10739,0.055918,74.125.200.0-255,5738,296106,8,366264
10740,0.055923,172.31.36.0-255,66,296172,8,366264
10741,0.05795,74.125.200.0-255,5738,301910,8,366264
10742,0.057957,172.31.36.0-255,66,301976,8,366264
10743,0.060027,74.125.200.0-255,5738,307714,8,366264
10744,0.060034,172.31.36.0-255,66,307780,8,366264
10745,0.062069,74.125.200.0-255,5738,313518,8,366264
10746,0.062077,172.31.36.0-255,66,313584,8,366264
10747,0.064108,74.125.200.0-255,5738,319322,8,366264
10748,0.064116,172.31.36.0-255,66,319388,8,366264
10749,0.066145,74.125.200.0-255,5738,325126,8,366264
10750,0.066153,172.31.36.0-255,66,325192,8,366264
10751,0.068179,74.125.200.0-255,5738,330930,8,366264
10752,0.068186,172.31.36.0-255,66,330996,8,366264
10753,0.070219,74.125.200.0-255,5738,336734,8,366264
10754,0.070226,172.31.36.0-255,66,336800,8,366264
10755,0.072262,74.125.200.0-255,5738,342538,8,366264
10756,0.072269,172.31.36.0-255,66,342604,8,366264
10757,0.074296,74.125.200.0-255,5738,348342,8,366264
10758,0.074303,172.31.36.0-255,66,348408,8,366264
10759,0.076343,74.125.200.0-255,5738,354146,8,366264
10760,0.07635,172.31.36.0-255,66,354212,8,366264
10761,0.078397,74.125.200.0-255,5738,359950,8,366264
10762,0.078404,172.31.36.0-255,66,360016,8,366264
10763,0.080432,74.125.200.0-255,5738,365754,8,366264
10764,0.080436,172.31.36.0-255,66,365820,8,366264
10765,0.082439,74.125.200.0-255,207,366027,8,366264
10766,0.082586,172.31.36.0-255,66,366093,8,366264
10767,0.082624,172.31.36.0-255,105,366198,8,366264
10768,0.084619,74.125.200.0-255,66,366264,8,366264
10769,0.0,172.217.194.0-255,156,156,8,304100
10770,2.5e-05,172.31.36.0-255,66,222,8,304100
10771,3.1e-05,172.217.194.0-255,1484,1706,8,304100
10772,3.6e-05,172.31.36.0-255,66,1772,8,304100
10773,4e-05,172.217.194.0-255,2902,4674,8,304100
10774,5.1e-05,172.31.36.0-255,66,4740,8,304100
10775,5.4e-05,172.217.194.0-255,1484,6224,8,304100
10776,5.6e-05,172.31.36.0-255,66,6290,8,304100
10777,6.1e-05,172.217.194.0-255,2902,9192,8,304100
10778,6.4e-05,172.31.36.0-255,66,9258,8,304100
10779,9.6e-05,172.217.194.0-255,2902,12160,8,304100
10780,9.8e-05,172.31.36.0-255,66,12226,8,304100
10781,0.000105,172.217.194.0-255,4855,17081,8,304100
10782,0.000107,172.31.36.0-255,66,17147,8,304100
10783,0.000142,172.217.194.0-255,5738,22885,8,304100
10784,0.000146,172.31.36.0-255,66,22951,8,304100
10785,0.000149,172.217.194.0-255,1484,24435,8,304100
10786,0.000151,172.31.36.0-255,66,24501,8,304100
10787,0.00019,172.31.36.0-255,66,24567,8,304100
10788,0.000202,172.31.36.0-255,66,24633,8,304100
10789,0.000207,172.217.194.0-255,3602,28235,8,304100
10790,0.00021,172.31.36.0-255,66,28301,8,304100
10791,0.000871,172.217.194.0-255,1484,29785,8,304100
10792,0.000876,172.31.36.0-255,66,29851,8,304100
10793,0.000885,172.217.194.0-255,2902,32753,8,304100
10794,0.000887,172.31.36.0-255,66,32819,8,304100
10795,0.000898,172.217.194.0-255,5738,38557,8,304100
10796,0.000899,172.31.36.0-255,66,38623,8,304100
10797,0.000924,172.217.194.0-255,4320,42943,8,304100
10798,0.000927,172.31.36.0-255,66,43009,8,304100
10799,0.000948,172.217.194.0-255,2833,45842,8,304100
10800,0.00095,172.31.36.0-255,66,45908,8,304100
10801,0.000953,172.217.194.0-255,365,46273,8,304100
10802,0.001585,172.217.194.0-255,1484,47757,8,304100
10803,0.001589,172.31.36.0-255,66,47823,8,304100
10804,0.001594,172.217.194.0-255,2902,50725,8,304100
10805,0.001596,172.31.36.0-255,66,50791,8,304100
10806,0.001625,172.217.194.0-255,5738,56529,8,304100
10807,0.001627,172.31.36.0-255,66,56595,8,304100
10808,0.001629,172.217.194.0-255,1484,58079,8,304100
10809,0.001646,172.217.194.0-255,1484,59563,8,304100
10810,0.001648,172.31.36.0-255,66,59629,8,304100
10811,0.001673,172.217.194.0-255,7156,66785,8,304100
10812,0.001674,172.31.36.0-255,66,66851,8,304100
10813,0.00168,172.217.194.0-255,5738,72589,8,304100
10814,0.001682,172.31.36.0-255,66,72655,8,304100
10815,0.001707,172.217.194.0-255,7156,79811,8,304100
10816,0.001709,172.31.36.0-255,66,79877,8,304100
10817,0.001712,172.217.194.0-255,766,80643,8,304100
10818,0.00229,172.217.194.0-255,1484,82127,8,304100
10819,0.002293,172.31.36.0-255,66,82193,8,304100
10820,0.002297,172.217.194.0-255,2902,85095,8,304100
10821,0.002299,172.31.36.0-255,66,85161,8,304100
10822,0.002326,172.217.194.0-255,5738,90899,8,304100
10823,0.002328,172.31.36.0-255,66,90965,8,304100
10824,0.002385,172.217.194.0-255,4320,95285,8,304100
10825,0.002387,172.31.36.0-255,66,95351,8,304100
10826,0.002415,172.31.36.0-255,66,95417,8,304100
10827,0.002426,172.31.36.0-255,66,95483,8,304100
10828,0.002429,172.217.194.0-255,1484,96967,8,304100
10829,0.002464,172.31.36.0-255,66,97033,8,304100
10830,0.002469,172.217.194.0-255,4320,101353,8,304100
10831,0.002472,172.31.36.0-255,66,101419,8,304100
10832,0.002505,172.217.194.0-255,2902,104321,8,304100
10833,0.002507,172.31.36.0-255,66,104387,8,304100
10834,0.002543,172.31.36.0-255,66,104453,8,304100
10835,0.002545,172.217.194.0-255,766,105219,8,304100
10836,0.004382,172.31.36.0-255,66,105285,8,304100
10837,0.005037,172.217.194.0-255,4320,109605,8,304100
10838,0.005041,172.31.36.0-255,66,109671,8,304100
10839,0.006893,172.217.194.0-255,1484,111155,8,304100
10840,0.00756,172.217.194.0-255,4320,115475,8,304100
10841,0.007566,172.31.36.0-255,66,115541,8,304100
10842,0.010081,172.217.194.0-255,5738,121279,8,304100
10843,0.010089,172.31.36.0-255,66,121345,8,304100
10844,0.01261,172.217.194.0-255,5738,127083,8,304100
10845,0.012617,172.31.36.0-255,66,127149,8,304100
10846,0.015133,172.217.194.0-255,5738,132887,8,304100
10847,0.01514,172.31.36.0-255,66,132953,8,304100
10848,0.01768,172.217.194.0-255,5738,138691,8,304100
10849,0.017687,172.31.36.0-255,66,138757,8,304100
10850,0.020228,172.217.194.0-255,5738,144495,8,304100
10851,0.020235,172.31.36.0-255,66,144561,8,304100
10852,0.022778,172.217.194.0-255,5738,150299,8,304100
10853,0.022785,172.31.36.0-255,66,150365,8,304100
10854,0.025299,172.217.194.0-255,5738,156103,8,304100
10855,0.025306,172.31.36.0-255,66,156169,8,304100
10856,0.027837,172.217.194.0-255,5738,161907,8,304100
10857,0.027843,172.31.36.0-255,66,161973,8,304100
10858,0.028841,172.31.36.0-255,172,162145,8,304100
10859,0.028884,172.31.36.0-255,1075,163220,8,304100
10860,0.030362,172.217.194.0-255,5738,168958,8,304100
10861,0.030367,172.31.36.0-255,66,169024,8,304100
10862,0.030399,104.244.42.0-255,66,169090,8,304100
10863,0.030405,104.244.42.0-255,66,169156,8,304100
10864,0.032898,172.217.194.0-255,5738,174894,8,304100
10865,0.032903,172.31.36.0-255,66,174960,8,304100
10866,0.035422,172.217.194.0-255,5738,180698,8,304100
10867,0.035427,172.31.36.0-255,66,180764,8,304100
10868,0.037942,172.217.194.0-255,5738,186502,8,304100
10869,0.037947,172.31.36.0-255,66,186568,8,304100
10870,0.040485,172.217.194.0-255,5738,192306,8,304100
10871,0.040491,172.31.36.0-255,66,192372,8,304100
10872,0.043032,172.217.194.0-255,5738,198110,8,304100
10873,0.043037,172.31.36.0-255,66,198176,8,304100
10874,0.045563,172.217.194.0-255,5738,203914,8,304100
10875,0.045586,172.31.36.0-255,66,203980,8,304100
10876,0.048101,172.217.194.0-255,5738,209718,8,304100
10877,0.048107,172.31.36.0-255,66,209784,8,304100
10878,0.050614,172.217.194.0-255,5738,215522,8,304100
10879,0.050619,172.31.36.0-255,66,215588,8,304100
10880,0.053127,172.217.194.0-255,5738,221326,8,304100
10881,0.053132,172.31.36.0-255,66,221392,8,304100
10882,0.055632,172.217.194.0-255,5738,227130,8,304100
10883,0.055638,172.31.36.0-255,66,227196,8,304100
10884,0.058161,172.217.194.0-255,5738,232934,8,304100
10885,0.058167,172.31.36.0-255,66,233000,8,304100
10886,0.060721,172.217.194.0-255,5738,238738,8,304100
10887,0.060727,172.31.36.0-255,66,238804,8,304100
10888,0.063232,172.217.194.0-255,2902,241706,8,304100
10889,0.063237,172.31.36.0-255,66,241772,8,304100
10890,0.063275,172.217.194.0-255,2902,244674,8,304100
10891,0.063278,172.31.36.0-255,66,244740,8,304100
10892,0.065764,172.217.194.0-255,2902,247642,8,304100
10893,0.06577,172.31.36.0-255,66,247708,8,304100
10894,0.065808,172.217.194.0-255,2902,250610,8,304100
10895,0.065811,172.31.36.0-255,66,250676,8,304100
10896,0.068255,172.217.194.0-255,2902,253578,8,304100
10897,0.06826,172.31.36.0-255,66,253644,8,304100
10898,0.068313,172.217.194.0-255,2902,256546,8,304100
10899,0.068317,172.31.36.0-255,66,256612,8,304100
10900,0.070782,172.217.194.0-255,2902,259514,8,304100
10901,0.070788,172.31.36.0-255,66,259580,8,304100
10902,0.070872,172.217.194.0-255,2902,262482,8,304100
10903,0.070876,172.31.36.0-255,66,262548,8,304100
10904,0.073304,172.217.194.0-255,2902,265450,8,304100
10905,0.073309,172.31.36.0-255,66,265516,8,304100
10906,0.073388,172.217.194.0-255,2902,268418,8,304100
10907,0.073393,172.31.36.0-255,66,268484,8,304100
10908,0.075843,172.217.194.0-255,2902,271386,8,304100
10909,0.075848,172.31.36.0-255,66,271452,8,304100
10910,0.075927,172.217.194.0-255,2902,274354,8,304100
10911,0.075932,172.31.36.0-255,66,274420,8,304100
10912,0.078363,172.217.194.0-255,2902,277322,8,304100
10913,0.07837,172.31.36.0-255,66,277388,8,304100
10914,0.078439,172.217.194.0-255,2902,280290,8,304100
10915,0.078443,172.31.36.0-255,66,280356,8,304100
10916,0.080909,172.217.194.0-255,2902,283258,8,304100
10917,0.080914,172.31.36.0-255,66,283324,8,304100
10918,0.080974,172.217.194.0-255,2902,286226,8,304100
10919,0.080979,172.31.36.0-255,66,286292,8,304100
10920,0.083447,172.217.194.0-255,2902,289194,8,304100
10921,0.083452,172.31.36.0-255,66,289260,8,304100
10922,0.083487,172.217.194.0-255,2902,292162,8,304100
10923,0.08349,172.31.36.0-255,66,292228,8,304100
10924,0.085969,172.217.194.0-255,2902,295130,8,304100
10925,0.085973,172.31.36.0-255,66,295196,8,304100
10926,0.086008,172.217.194.0-255,2902,298098,8,304100
10927,0.086012,172.31.36.0-255,66,298164,8,304100
10928,0.088467,172.217.194.0-255,2902,301066,8,304100
10929,0.088472,172.31.36.0-255,66,301132,8,304100
10930,0.088519,172.217.194.0-255,2902,304034,8,304100
10931,0.088523,172.31.36.0-255,66,304100,8,304100
10932,0.0,74.125.24.0-255,153,153,8,228876
10933,9e-06,172.31.36.0-255,66,219,8,228876
10934,3.4e-05,74.125.24.0-255,1484,1703,8,228876
10935,3.9e-05,172.31.36.0-255,66,1769,8,228876
10936,4.5e-05,74.125.24.0-255,2902,4671,8,228876
10937,4.8e-05,172.31.36.0-255,66,4737,8,228876
10938,5.3e-05,74.125.24.0-255,2902,7639,8,228876
10939,5.6e-05,172.31.36.0-255,66,7705,8,228876
10940,8.6e-05,74.125.24.0-255,4320,12025,8,228876
10941,8.9e-05,172.31.36.0-255,66,12091,8,228876
10942,9.3e-05,74.125.24.0-255,2019,14110,8,228876
10943,9.6e-05,172.31.36.0-255,66,14176,8,228876
10944,0.0001,74.125.24.0-255,2902,17078,8,228876
10945,0.000103,172.31.36.0-255,66,17144,8,228876
10946,0.00011,74.125.24.0-255,7156,24300,8,228876
10947,0.000113,172.31.36.0-255,66,24366,8,228876
10948,0.000119,74.125.24.0-255,5738,30104,8,228876
10949,0.000122,172.31.36.0-255,66,30170,8,228876
10950,0.000159,74.125.24.0-255,1125,31295,8,228876
10951,0.000162,172.31.36.0-255,66,31361,8,228876
10952,0.000254,74.125.24.0-255,1484,32845,8,228876
10953,0.000258,172.31.36.0-255,66,32911,8,228876
10954,0.000287,74.125.24.0-255,2902,35813,8,228876
10955,0.000291,172.31.36.0-255,66,35879,8,228876
10956,0.000298,74.125.24.0-255,5738,41617,8,228876
10957,0.0003,172.31.36.0-255,66,41683,8,228876
10958,0.000336,172.31.36.0-255,66,41749,8,228876
10959,0.000363,74.125.24.0-255,7156,48905,8,228876
10960,0.000365,172.31.36.0-255,66,48971,8,228876
10961,0.00039,74.125.24.0-255,4320,53291,8,228876
10962,0.000393,172.31.36.0-255,66,53357,8,228876
10963,0.000396,74.125.24.0-255,1432,54789,8,228876
10964,0.0004,74.125.24.0-255,115,54904,8,228876
10965,0.000439,74.125.24.0-255,1484,56388,8,228876
10966,0.000443,172.31.36.0-255,66,56454,8,228876
10967,0.000448,74.125.24.0-255,2902,59356,8,228876
10968,0.00045,172.31.36.0-255,66,59422,8,228876
10969,0.000473,74.125.24.0-255,4320,63742,8,228876
10970,0.000476,172.31.36.0-255,66,63808,8,228876
10971,0.000482,74.125.24.0-255,4320,68128,8,228876
10972,0.000484,172.31.36.0-255,66,68194,8,228876
10973,0.00051,74.125.24.0-255,1484,69678,8,228876
10974,0.000527,74.125.24.0-255,4320,73998,8,228876
10975,0.000529,172.31.36.0-255,66,74064,8,228876
10976,0.000553,74.125.24.0-255,1367,75431,8,228876
10977,0.000559,74.125.24.0-255,5738,81169,8,228876
10978,0.000562,172.31.36.0-255,66,81235,8,228876
10979,0.000623,172.31.36.0-255,66,81301,8,228876
10980,0.001172,74.125.24.0-255,1484,82785,8,228876
10981,0.00118,74.125.24.0-255,2902,85687,8,228876
10982,0.001183,172.31.36.0-255,66,85753,8,228876
10983,0.00119,74.125.24.0-255,4320,90073,8,228876
10984,0.001192,172.31.36.0-255,66,90139,8,228876
10985,0.001216,74.125.24.0-255,1484,91623,8,228876
10986,0.001235,172.31.36.0-255,66,91689,8,228876
10987,0.00127,172.31.36.0-255,66,91755,8,228876
10988,0.001278,74.125.24.0-255,766,92521,8,228876
10989,0.001324,74.125.24.0-255,1484,94005,8,228876
10990,0.001327,172.31.36.0-255,66,94071,8,228876
10991,0.001333,74.125.24.0-255,2902,96973,8,228876
10992,0.001335,172.31.36.0-255,66,97039,8,228876
10993,0.001363,74.125.24.0-255,5738,102777,8,228876
10994,0.001365,74.125.24.0-255,1484,104261,8,228876
10995,0.00137,172.31.36.0-255,66,104327,8,228876
10996,0.001397,172.31.36.0-255,66,104393,8,228876
10997,0.00143,172.31.36.0-255,66,104459,8,228876
10998,0.001456,74.125.24.0-255,2184,106643,8,228876
10999,0.001459,172.31.36.0-255,66,106709,8,228876
11000,0.001614,74.125.24.0-255,1484,108193,8,228876
11001,0.001621,74.125.24.0-255,2902,111095,8,228876
11002,0.001625,172.31.36.0-255,66,111161,8,228876
11003,0.001633,74.125.24.0-255,5738,116899,8,228876
11004,0.001635,172.31.36.0-255,66,116965,8,228876
11005,0.001661,74.125.24.0-255,7156,124121,8,228876
11006,0.001664,172.31.36.0-255,66,124187,8,228876
11007,0.001693,74.125.24.0-255,5738,129925,8,228876
11008,0.001696,172.31.36.0-255,66,129991,8,228876
11009,0.001727,172.31.36.0-255,66,130057,8,228876
11010,0.001796,74.125.24.0-255,1484,131541,8,228876
11011,0.001815,74.125.24.0-255,2902,134443,8,228876
11012,0.001818,172.31.36.0-255,66,134509,8,228876
11013,0.00185,74.125.24.0-255,5738,140247,8,228876
11014,0.001853,172.31.36.0-255,66,140313,8,228876
11015,0.00186,74.125.24.0-255,5738,146051,8,228876
11016,0.001863,172.31.36.0-255,66,146117,8,228876
11017,0.001904,74.125.24.0-255,4320,150437,8,228876
11018,0.001907,172.31.36.0-255,66,150503,8,228876
11019,0.00192,172.31.36.0-255,66,150569,8,228876
11020,0.001924,74.125.24.0-255,2184,152753,8,228876
11021,0.001927,172.31.36.0-255,66,152819,8,228876
11022,0.001932,74.125.24.0-255,2902,155721,8,228876
11023,0.001934,172.31.36.0-255,66,155787,8,228876
11024,0.001961,74.125.24.0-255,7156,162943,8,228876
11025,0.001964,172.31.36.0-255,66,163009,8,228876
11026,0.001971,74.125.24.0-255,5738,168747,8,228876
11027,0.001978,172.31.36.0-255,66,168813,8,228876
11028,0.001985,74.125.24.0-255,5738,174551,8,228876
11029,0.001988,172.31.36.0-255,66,174617,8,228876
11030,0.002026,172.31.36.0-255,66,174683,8,228876
11031,0.002031,74.125.24.0-255,3602,178285,8,228876
11032,0.002033,172.31.36.0-255,66,178351,8,228876
11033,0.002287,74.125.24.0-255,1484,179835,8,228876
11034,0.002294,74.125.24.0-255,2902,182737,8,228876
11035,0.002298,172.31.36.0-255,66,182803,8,228876
11036,0.002305,74.125.24.0-255,5738,188541,8,228876
11037,0.002308,172.31.36.0-255,66,188607,8,228876
11038,0.002348,74.125.24.0-255,1484,190091,8,228876
11039,0.002375,74.125.24.0-255,4320,194411,8,228876
11040,0.002377,172.31.36.0-255,66,194477,8,228876
11041,0.002392,172.31.36.0-255,66,194543,8,228876
11042,0.002399,74.125.24.0-255,5020,199563,8,228876
11043,0.002401,172.31.36.0-255,66,199629,8,228876
11044,0.002436,74.125.24.0-255,5738,205367,8,228876
11045,0.002438,172.31.36.0-255,66,205433,8,228876
11046,0.002446,74.125.24.0-255,7156,212589,8,228876
11047,0.002448,172.31.36.0-255,66,212655,8,228876
11048,0.00249,172.31.36.0-255,66,212721,8,228876
11049,0.002523,74.125.24.0-255,2902,215623,8,228876
11050,0.002526,172.31.36.0-255,66,215689,8,228876
11051,0.002544,172.31.36.0-255,66,215755,8,228876
11052,0.002587,172.31.36.0-255,66,215821,8,228876
11053,0.002612,74.125.24.0-255,1484,217305,8,228876
11054,0.002615,74.125.24.0-255,1484,218789,8,228876
11055,0.002622,172.31.36.0-255,66,218855,8,228876
11056,0.002671,74.125.24.0-255,4320,223175,8,228876
11057,0.002674,74.125.24.0-255,766,223941,8,228876
11058,0.002682,172.31.36.0-255,66,224007,8,228876
11059,0.002719,74.125.24.0-255,97,224104,8,228876
11060,0.00274,172.31.36.0-255,66,224170,8,228876
11061,0.002751,74.125.24.0-255,105,224275,8,228876
11062,0.011602,172.31.36.0-255,66,224341,8,228876
11063,0.011642,172.31.36.0-255,105,224446,8,228876
11064,0.014114,74.125.24.0-255,66,224512,8,228876
11065,0.046941,172.31.36.0-255,172,224684,8,228876
11066,0.046974,172.31.36.0-255,1107,225791,8,228876
11067,0.047055,172.31.36.0-255,1514,227305,8,228876
11068,0.047057,172.31.36.0-255,1373,228678,8,228876
11069,0.048491,104.244.42.0-255,66,228744,8,228876
11070,0.048503,104.244.42.0-255,66,228810,8,228876
11071,0.048585,104.244.42.0-255,66,228876,8,228876
11072,0.0,172.31.36.0-255,180,180,8,11438
11073,3.1e-05,172.31.36.0-255,587,767,8,11438
11074,0.001552,104.244.42.0-255,66,833,8,11438
11075,0.001591,104.244.42.0-255,66,899,8,11438
11076,0.043603,172.31.36.0-255,171,1070,8,11438
11077,0.043635,172.31.36.0-255,1130,2200,8,11438
11078,0.043722,172.31.36.0-255,1514,3714,8,11438
11079,0.043724,172.31.36.0-255,1514,5228,8,11438
11080,0.043725,172.31.36.0-255,1514,6742,8,11438
11081,0.043726,172.31.36.0-255,1514,8256,8,11438
11082,0.043755,172.31.36.0-255,1514,9770,8,11438
11083,0.043756,172.31.36.0-255,1470,11240,8,11438
11084,0.045184,104.244.42.0-255,66,11306,8,11438
11085,0.045194,104.244.42.0-255,66,11372,8,11438
11086,0.045301,104.244.42.0-255,66,11438,8,11438
11087,0.0,74.125.130.0-255,153,153,8,378517
11088,3.4e-05,172.31.36.0-255,66,219,8,378517
11089,4.1e-05,74.125.130.0-255,1484,1703,8,378517
11090,4.5e-05,172.31.36.0-255,66,1769,8,378517
11091,5e-05,74.125.130.0-255,2902,4671,8,378517
11092,5.3e-05,172.31.36.0-255,66,4737,8,378517
11093,5.5e-05,74.125.130.0-255,1484,6221,8,378517
11094,5.8e-05,172.31.36.0-255,66,6287,8,378517
11095,6.3e-05,74.125.130.0-255,2902,9189,8,378517
11096,6.5e-05,172.31.36.0-255,66,9255,8,378517
11097,0.00011,74.125.130.0-255,4882,14137,8,378517
11098,0.000113,172.31.36.0-255,66,14203,8,378517
11099,0.00028,74.125.130.0-255,1484,15687,8,378517
11100,0.000285,172.31.36.0-255,66,15753,8,378517
11101,0.000289,74.125.130.0-255,1484,17237,8,378517
11102,0.000292,172.31.36.0-255,66,17303,8,378517
11103,0.000305,74.125.130.0-255,1484,18787,8,378517
11104,0.000308,172.31.36.0-255,66,18853,8,378517
11105,0.000314,74.125.130.0-255,4320,23173,8,378517
11106,0.000317,172.31.36.0-255,66,23239,8,378517
11107,0.000366,172.31.36.0-255,66,23305,8,378517
11108,0.000389,74.125.130.0-255,5738,29043,8,378517
11109,0.000392,172.31.36.0-255,66,29109,8,378517
11110,0.000409,74.125.130.0-255,2902,32011,8,378517
11111,0.000412,172.31.36.0-255,66,32077,8,378517
11112,0.000416,74.125.130.0-255,2902,34979,8,378517
11113,0.000418,172.31.36.0-255,66,35045,8,378517
11114,0.000437,74.125.130.0-255,4320,39365,8,378517
11115,0.00044,172.31.36.0-255,66,39431,8,378517
11116,0.000472,74.125.130.0-255,1125,40556,8,378517
11117,0.000483,172.31.36.0-255,66,40622,8,378517
11118,0.000519,74.125.130.0-255,1484,42106,8,378517
11119,0.000525,74.125.130.0-255,2902,45008,8,378517
11120,0.000528,172.31.36.0-255,66,45074,8,378517
11121,0.00055,74.125.130.0-255,5738,50812,8,378517
11122,0.000553,172.31.36.0-255,66,50878,8,378517
11123,0.00056,74.125.130.0-255,4320,55198,8,378517
11124,0.000563,172.31.36.0-255,66,55264,8,378517
11125,0.000582,74.125.130.0-255,2543,57807,8,378517
11126,0.000584,74.125.130.0-255,379,58186,8,378517
11127,0.000585,172.31.36.0-255,66,58252,8,378517
11128,0.00069,74.125.130.0-255,363,58615,8,378517
11129,0.000825,74.125.130.0-255,1484,60099,8,378517
11130,0.000829,172.31.36.0-255,66,60165,8,378517
11131,0.000834,74.125.130.0-255,1484,61649,8,378517
11132,0.000851,74.125.130.0-255,1484,63133,8,378517
11133,0.000854,172.31.36.0-255,66,63199,8,378517
11134,0.000861,74.125.130.0-255,5738,68937,8,378517
11135,0.000864,172.31.36.0-255,66,69003,8,378517
11136,0.000868,74.125.130.0-255,2902,71905,8,378517
11137,0.00087,172.31.36.0-255,66,71971,8,378517
11138,0.000875,74.125.130.0-255,3961,75932,8,378517
11139,0.000877,172.31.36.0-255,66,75998,8,378517
11140,0.000925,172.31.36.0-255,66,76064,8,378517
11141,0.000974,74.125.130.0-255,4320,80384,8,378517
11142,0.000977,172.31.36.0-255,66,80450,8,378517
11143,0.000999,74.125.130.0-255,3961,84411,8,378517
11144,0.001002,172.31.36.0-255,66,84477,8,378517
11145,0.001553,74.125.130.0-255,1484,85961,8,378517
11146,0.001563,74.125.130.0-255,2902,88863,8,378517
11147,0.001567,172.31.36.0-255,66,88929,8,378517
11148,0.001572,74.125.130.0-255,1484,90413,8,378517
11149,0.001577,74.125.130.0-255,2902,93315,8,378517
11150,0.001578,172.31.36.0-255,66,93381,8,378517
11151,0.001593,74.125.130.0-255,1484,94865,8,378517
11152,0.00161,74.125.130.0-255,4320,99185,8,378517
11153,0.001612,172.31.36.0-255,66,99251,8,378517
11154,0.001645,172.31.36.0-255,66,99317,8,378517
11155,0.001648,74.125.130.0-255,1484,100801,8,378517
11156,0.001673,172.31.36.0-255,66,100867,8,378517
11157,0.001676,74.125.130.0-255,766,101633,8,378517
11158,0.001771,74.125.130.0-255,1484,103117,8,378517
11159,0.001775,172.31.36.0-255,66,103183,8,378517
11160,0.001796,74.125.130.0-255,2902,106085,8,378517
11161,0.001799,172.31.36.0-255,66,106151,8,378517
11162,0.001822,74.125.130.0-255,5738,111889,8,378517
11163,0.001824,172.31.36.0-255,66,111955,8,378517
11164,0.001828,74.125.130.0-255,2902,114857,8,378517
11165,0.00183,172.31.36.0-255,66,114923,8,378517
11166,0.001834,74.125.130.0-255,1484,116407,8,378517
11167,0.001852,74.125.130.0-255,2902,119309,8,378517
11168,0.001855,172.31.36.0-255,66,119375,8,378517
11169,0.001861,74.125.130.0-255,2902,122277,8,378517
11170,0.001865,172.31.36.0-255,66,122343,8,378517
11171,0.001891,74.125.130.0-255,5738,128081,8,378517
11172,0.001895,172.31.36.0-255,66,128147,8,378517
11173,0.0019,74.125.130.0-255,4320,132467,8,378517
11174,0.001902,172.31.36.0-255,66,132533,8,378517
11175,0.001933,74.125.130.0-255,3602,136135,8,378517
11176,0.001936,172.31.36.0-255,66,136201,8,378517
11177,0.001993,74.125.130.0-255,1484,137685,8,378517
11178,0.002009,74.125.130.0-255,2902,140587,8,378517
11179,0.002011,172.31.36.0-255,66,140653,8,378517
11180,0.002033,74.125.130.0-255,5738,146391,8,378517
11181,0.002035,172.31.36.0-255,66,146457,8,378517
11182,0.00206,74.125.130.0-255,7156,153613,8,378517
11183,0.002062,172.31.36.0-255,66,153679,8,378517
11184,0.002083,74.125.130.0-255,1484,155163,8,378517
11185,0.0021,74.125.130.0-255,5738,160901,8,378517
11186,0.002102,172.31.36.0-255,66,160967,8,378517
11187,0.002121,74.125.130.0-255,4320,165287,8,378517
11188,0.002123,172.31.36.0-255,66,165353,8,378517
11189,0.002148,74.125.130.0-255,1484,166837,8,378517
11190,0.002167,74.125.130.0-255,3602,170439,8,378517
11191,0.002169,172.31.36.0-255,66,170505,8,378517
11192,0.002215,74.125.130.0-255,1484,171989,8,378517
11193,0.002219,74.125.130.0-255,2902,174891,8,378517
11194,0.002221,172.31.36.0-255,66,174957,8,378517
11195,0.002227,74.125.130.0-255,5738,180695,8,378517
11196,0.002229,172.31.36.0-255,66,180761,8,378517
11197,0.002247,74.125.130.0-255,7156,187917,8,378517
11198,0.002249,172.31.36.0-255,66,187983,8,378517
11199,0.002262,74.125.130.0-255,2902,190885,8,378517
11200,0.002264,172.31.36.0-255,66,190951,8,378517
11201,0.002297,74.125.130.0-255,5738,196689,8,378517
11202,0.002299,172.31.36.0-255,66,196755,8,378517
11203,0.002308,172.31.36.0-255,66,196821,8,378517
11204,0.002464,74.125.130.0-255,1484,198305,8,378517
11205,0.002482,74.125.130.0-255,1484,199789,8,378517
11206,0.002484,172.31.36.0-255,66,199855,8,378517
11207,0.002503,74.125.130.0-255,2902,202757,8,378517
11208,0.002505,172.31.36.0-255,66,202823,8,378517
11209,0.002538,74.125.130.0-255,5738,208561,8,378517
11210,0.00254,172.31.36.0-255,66,208627,8,378517
11211,0.002584,74.125.130.0-255,1484,210111,8,378517
11212,0.0026,74.125.130.0-255,1484,211595,8,378517
11213,0.002602,172.31.36.0-255,66,211661,8,378517
11214,0.002607,74.125.130.0-255,4320,215981,8,378517
11215,0.002609,172.31.36.0-255,66,216047,8,378517
11216,0.002619,172.31.36.0-255,66,216113,8,378517
11217,0.002623,74.125.130.0-255,2902,219015,8,378517
11218,0.002625,172.31.36.0-255,66,219081,8,378517
11219,0.00264,74.125.130.0-255,3602,222683,8,378517
11220,0.002643,172.31.36.0-255,66,222749,8,378517
11221,0.005297,74.125.130.0-255,1484,224233,8,378517
11222,0.005312,74.125.130.0-255,2902,227135,8,378517
11223,0.005316,172.31.36.0-255,66,227201,8,378517
11224,0.005332,74.125.130.0-255,1484,228685,8,378517
11225,0.008044,74.125.130.0-255,4320,233005,8,378517
11226,0.008051,172.31.36.0-255,66,233071,8,378517
11227,0.010758,74.125.130.0-255,5738,238809,8,378517
11228,0.010767,172.31.36.0-255,66,238875,8,378517
11229,0.013477,74.125.130.0-255,5738,244613,8,378517
11230,0.013485,172.31.36.0-255,66,244679,8,378517
11231,0.016195,74.125.130.0-255,5738,250417,8,378517
11232,0.016211,172.31.36.0-255,66,250483,8,378517
11233,0.01891,74.125.130.0-255,5738,256221,8,378517
11234,0.018921,172.31.36.0-255,66,256287,8,378517
11235,0.021626,74.125.130.0-255,4320,260607,8,378517
11236,0.021634,172.31.36.0-255,66,260673,8,378517
11237,0.02167,74.125.130.0-255,1484,262157,8,378517
11238,0.024328,74.125.130.0-255,4320,266477,8,378517
11239,0.024336,172.31.36.0-255,66,266543,8,378517
11240,0.027043,74.125.130.0-255,5738,272281,8,378517
11241,0.027051,172.31.36.0-255,66,272347,8,378517
11242,0.029745,74.125.130.0-255,5738,278085,8,378517
11243,0.029754,172.31.36.0-255,66,278151,8,378517
11244,0.032441,74.125.130.0-255,5738,283889,8,378517
11245,0.03245,172.31.36.0-255,66,283955,8,378517
11246,0.03524,74.125.130.0-255,5738,289693,8,378517
11247,0.03525,172.31.36.0-255,66,289759,8,378517
11248,0.037955,74.125.130.0-255,5738,295497,8,378517
11249,0.037967,172.31.36.0-255,66,295563,8,378517
11250,0.040673,74.125.130.0-255,5738,301301,8,378517
11251,0.040686,172.31.36.0-255,66,301367,8,378517
11252,0.043317,172.31.36.0-255,172,301539,8,378517
11253,0.043349,172.31.36.0-255,1111,302650,8,378517
11254,0.043374,74.125.130.0-255,5738,308388,8,378517
11255,0.043379,172.31.36.0-255,66,308454,8,378517
11256,0.043403,172.31.36.0-255,1514,309968,8,378517
11257,0.043405,172.31.36.0-255,1514,311482,8,378517
11258,0.043406,172.31.36.0-255,1514,312996,8,378517
11259,0.043432,172.31.36.0-255,378,313374,8,378517
11260,0.044969,104.244.42.0-255,66,313440,8,378517
11261,0.044983,104.244.42.0-255,66,313506,8,378517
11262,0.045042,104.244.42.0-255,66,313572,8,378517
11263,0.045045,104.244.42.0-255,66,313638,8,378517
11264,0.046084,74.125.130.0-255,2902,316540,8,378517
11265,0.046087,172.31.36.0-255,66,316606,8,378517
11266,0.046119,74.125.130.0-255,2902,319508,8,378517
11267,0.046122,172.31.36.0-255,66,319574,8,378517
11268,0.048769,74.125.130.0-255,2902,322476,8,378517
11269,0.048775,172.31.36.0-255,66,322542,8,378517
11270,0.048805,74.125.130.0-255,2902,325444,8,378517
11271,0.048808,172.31.36.0-255,66,325510,8,378517
11272,0.051453,74.125.130.0-255,2902,328412,8,378517
11273,0.051458,172.31.36.0-255,66,328478,8,378517
11274,0.051504,74.125.130.0-255,2902,331380,8,378517
11275,0.051507,172.31.36.0-255,66,331446,8,378517
11276,0.054138,74.125.130.0-255,2902,334348,8,378517
11277,0.054142,172.31.36.0-255,66,334414,8,378517
11278,0.054177,74.125.130.0-255,1484,335898,8,378517
11279,0.054194,74.125.130.0-255,1484,337382,8,378517
11280,0.054197,172.31.36.0-255,66,337448,8,378517
11281,0.056833,74.125.130.0-255,2902,340350,8,378517
11282,0.056838,172.31.36.0-255,66,340416,8,378517
11283,0.056879,74.125.130.0-255,2902,343318,8,378517
11284,0.056883,172.31.36.0-255,66,343384,8,378517
11285,0.059531,74.125.130.0-255,2902,346286,8,378517
11286,0.059537,172.31.36.0-255,66,346352,8,378517
11287,0.059571,74.125.130.0-255,2902,349254,8,378517
11288,0.059575,172.31.36.0-255,66,349320,8,378517
11289,0.062236,74.125.130.0-255,2902,352222,8,378517
11290,0.062241,172.31.36.0-255,66,352288,8,378517
11291,0.062272,74.125.130.0-255,2902,355190,8,378517
11292,0.062275,172.31.36.0-255,66,355256,8,378517
11293,0.06494,74.125.130.0-255,2902,358158,8,378517
11294,0.064945,172.31.36.0-255,66,358224,8,378517
11295,0.064977,74.125.130.0-255,2902,361126,8,378517
11296,0.06498,172.31.36.0-255,66,361192,8,378517
11297,0.067644,74.125.130.0-255,2902,364094,8,378517
11298,0.06765,172.31.36.0-255,66,364160,8,378517
11299,0.067677,74.125.130.0-255,2902,367062,8,378517
11300,0.06768,172.31.36.0-255,66,367128,8,378517
11301,0.070326,74.125.130.0-255,2902,370030,8,378517
11302,0.070331,172.31.36.0-255,66,370096,8,378517
11303,0.07036,74.125.130.0-255,2902,372998,8,378517
11304,0.070364,172.31.36.0-255,66,373064,8,378517
11305,0.073004,74.125.130.0-255,2902,375966,8,378517
11306,0.073009,172.31.36.0-255,66,376032,8,378517
11307,0.073044,74.125.130.0-255,2248,378280,8,378517
11308,0.073048,172.31.36.0-255,66,378346,8,378517
11309,0.073215,172.31.36.0-255,105,378451,8,378517
11310,0.07586,74.125.130.0-255,66,378517,8,378517
11311,0.0,172.217.194.0-255,153,153,8,216331
11312,2.2e-05,172.31.36.0-255,66,219,8,216331
11313,3e-05,172.217.194.0-255,1484,1703,8,216331
11314,3.4e-05,172.31.36.0-255,66,1769,8,216331
11315,3.8e-05,172.217.194.0-255,2902,4671,8,216331
11316,4.1e-05,172.31.36.0-255,66,4737,8,216331
11317,5.8e-05,172.217.194.0-255,5738,10475,8,216331
11318,6.1e-05,172.31.36.0-255,66,10541,8,216331
11319,9.1e-05,172.31.36.0-255,66,10607,8,216331
11320,0.000115,172.217.194.0-255,4894,15501,8,216331
11321,0.000118,172.31.36.0-255,66,15567,8,216331
11322,0.000122,172.217.194.0-255,1484,17051,8,216331
11323,0.000124,172.31.36.0-255,66,17117,8,216331
11324,0.000156,172.217.194.0-255,5379,22496,8,216331
11325,0.000165,172.31.36.0-255,66,22562,8,216331
11326,0.000201,172.217.194.0-255,1484,24046,8,216331
11327,0.000204,172.31.36.0-255,66,24112,8,216331
11328,0.000209,172.217.194.0-255,2902,27014,8,216331
11329,0.000212,172.31.36.0-255,66,27080,8,216331
11330,0.000216,172.217.194.0-255,2902,29982,8,216331
11331,0.000218,172.31.36.0-255,66,30048,8,216331
11332,0.00026,172.217.194.0-255,2902,32950,8,216331
11333,0.000265,172.31.36.0-255,66,33016,8,216331
11334,0.000269,172.217.194.0-255,2902,35918,8,216331
11335,0.000271,172.31.36.0-255,66,35984,8,216331
11336,0.000288,172.31.36.0-255,66,36050,8,216331
11337,0.000311,172.217.194.0-255,2902,38952,8,216331
11338,0.000314,172.31.36.0-255,66,39018,8,216331
11339,0.000356,172.31.36.0-255,66,39084,8,216331
11340,0.000359,172.217.194.0-255,393,39477,8,216331
11341,0.000402,172.217.194.0-255,1484,40961,8,216331
11342,0.000405,172.31.36.0-255,66,41027,8,216331
11343,0.000408,172.217.194.0-255,1484,42511,8,216331
11344,0.00043,172.217.194.0-255,1484,43995,8,216331
11345,0.000432,172.31.36.0-255,66,44061,8,216331
11346,0.000437,172.217.194.0-255,5738,49799,8,216331
11347,0.000439,172.31.36.0-255,66,49865,8,216331
11348,0.000443,172.217.194.0-255,4320,54185,8,216331
11349,0.000448,172.31.36.0-255,66,54251,8,216331
11350,0.000473,172.217.194.0-255,4320,58571,8,216331
11351,0.000475,172.31.36.0-255,66,58637,8,216331
11352,0.000506,172.217.194.0-255,7156,65793,8,216331
11353,0.00051,172.31.36.0-255,66,65859,8,216331
11354,0.00052,172.31.36.0-255,66,65925,8,216331
11355,0.000673,172.217.194.0-255,1484,67409,8,216331
11356,0.000679,172.217.194.0-255,1484,68893,8,216331
11357,0.000682,172.31.36.0-255,66,68959,8,216331
11358,0.000715,172.217.194.0-255,1484,70443,8,216331
11359,0.00072,172.217.194.0-255,2902,73345,8,216331
11360,0.000723,172.31.36.0-255,66,73411,8,216331
11361,0.00073,172.217.194.0-255,7156,80567,8,216331
11362,0.000734,172.31.36.0-255,66,80633,8,216331
11363,0.000751,172.31.36.0-255,66,80699,8,216331
11364,0.00079,172.217.194.0-255,5738,86437,8,216331
11365,0.000794,172.31.36.0-255,66,86503,8,216331
11366,0.000799,172.217.194.0-255,3602,90105,8,216331
11367,0.000801,172.31.36.0-255,66,90171,8,216331
11368,0.001021,172.217.194.0-255,1484,91655,8,216331
11369,0.001027,172.217.194.0-255,2902,94557,8,216331
11370,0.001033,172.31.36.0-255,66,94623,8,216331
11371,0.001066,172.217.194.0-255,5738,100361,8,216331
11372,0.00107,172.31.36.0-255,66,100427,8,216331
11373,0.00108,172.217.194.0-255,7156,107583,8,216331
11374,0.001083,172.31.36.0-255,66,107649,8,216331
11375,0.001139,172.31.36.0-255,66,107715,8,216331
11376,0.001143,172.217.194.0-255,2184,109899,8,216331
11377,0.001146,172.31.36.0-255,66,109965,8,216331
11378,0.001187,172.217.194.0-255,5738,115703,8,216331
11379,0.001195,172.217.194.0-255,7156,122859,8,216331
11380,0.001209,172.217.194.0-255,1484,124343,8,216331
11381,0.001222,172.31.36.0-255,66,124409,8,216331
11382,0.001316,172.31.36.0-255,66,124475,8,216331
11383,0.001384,172.31.36.0-255,66,124541,8,216331
11384,0.001413,172.217.194.0-255,1484,126025,8,216331
11385,0.00142,172.217.194.0-255,2902,128927,8,216331
11386,0.00146,172.217.194.0-255,2902,131829,8,216331
11387,0.001481,172.217.194.0-255,2902,134731,8,216331
11388,0.001523,172.217.194.0-255,1484,136215,8,216331
11389,0.001526,172.217.194.0-255,1484,137699,8,216331
11390,0.001544,172.217.194.0-255,1484,139183,8,216331
11391,0.001557,172.217.194.0-255,2902,142085,8,216331
11392,0.001561,172.31.36.0-255,66,142151,8,216331
11393,0.00157,172.217.194.0-255,2902,145053,8,216331
11394,0.001574,172.217.194.0-255,2902,147955,8,216331
11395,0.001596,172.217.194.0-255,2902,150857,8,216331
11396,0.00162,172.217.194.0-255,7156,158013,8,216331
11397,0.001624,172.217.194.0-255,2902,160915,8,216331
11398,0.001628,172.31.36.0-255,66,160981,8,216331
11399,0.001687,172.31.36.0-255,66,161047,8,216331
11400,0.001726,172.217.194.0-255,1484,162531,8,216331
11401,0.001744,172.217.194.0-255,2902,165433,8,216331
11402,0.001747,172.217.194.0-255,1484,166917,8,216331
11403,0.001761,172.31.36.0-255,66,166983,8,216331
11404,0.001766,172.217.194.0-255,4320,171303,8,216331
11405,0.001768,172.217.194.0-255,1484,172787,8,216331
11406,0.001779,172.31.36.0-255,66,172853,8,216331
11407,0.001812,172.217.194.0-255,2902,175755,8,216331
11408,0.001815,172.217.194.0-255,2902,178657,8,216331
11409,0.001846,172.217.194.0-255,7156,185813,8,216331
11410,0.001848,172.31.36.0-255,66,185879,8,216331
11411,0.001879,172.217.194.0-255,2184,188063,8,216331
11412,0.001894,172.31.36.0-255,66,188129,8,216331
11413,0.001924,172.217.194.0-255,5738,193867,8,216331
11414,0.00193,172.217.194.0-255,5020,198887,8,216331
11415,0.00194,172.31.36.0-255,66,198953,8,216331
11416,0.001989,172.217.194.0-255,7156,206109,8,216331
11417,0.001996,172.31.36.0-255,66,206175,8,216331
11418,0.002021,172.217.194.0-255,3201,209376,8,216331
11419,0.002044,172.31.36.0-255,66,209442,8,216331
11420,0.004013,172.217.194.0-255,105,209547,8,216331
11421,0.004927,172.31.36.0-255,66,209613,8,216331
11422,0.004976,172.31.36.0-255,105,209718,8,216331
11423,0.007022,172.217.194.0-255,66,209784,8,216331
11424,0.035144,172.31.36.0-255,172,209956,8,216331
11425,0.035211,172.31.36.0-255,1107,211063,8,216331
11426,0.035321,172.31.36.0-255,1514,212577,8,216331
11427,0.035324,172.31.36.0-255,1514,214091,8,216331
11428,0.035329,172.31.36.0-255,1514,215605,8,216331
11429,0.03533,172.31.36.0-255,462,216067,8,216331
11430,0.03668,104.244.42.0-255,66,216133,8,216331
11431,0.036755,104.244.42.0-255,66,216199,8,216331
11432,0.036882,104.244.42.0-255,66,216265,8,216331
11433,0.036886,104.244.42.0-255,66,216331,8,216331
11434,0.0,172.217.194.0-255,146,146,8,312722
11435,2.2e-05,172.31.36.0-255,66,212,8,312722
11436,2.9e-05,172.217.194.0-255,1484,1696,8,312722
11437,3.3e-05,172.31.36.0-255,66,1762,8,312722
11438,3.9e-05,172.217.194.0-255,2902,4664,8,312722
11439,4.3e-05,172.31.36.0-255,66,4730,8,312722
11440,5.8e-05,172.217.194.0-255,1484,6214,8,312722
11441,6.1e-05,172.31.36.0-255,66,6280,8,312722
11442,8.7e-05,172.217.194.0-255,5738,12018,8,312722
11443,9e-05,172.31.36.0-255,66,12084,8,312722
11444,9.4e-05,172.217.194.0-255,2070,14154,8,312722
11445,9.7e-05,172.31.36.0-255,66,14220,8,312722
11446,0.000134,172.217.194.0-255,1484,15704,8,312722
11447,0.000136,172.31.36.0-255,66,15770,8,312722
11448,0.000159,172.217.194.0-255,1484,17254,8,312722
11449,0.000162,172.31.36.0-255,66,17320,8,312722
11450,0.000169,172.217.194.0-255,7156,24476,8,312722
11451,0.000172,172.31.36.0-255,66,24542,8,312722
11452,0.000175,172.217.194.0-255,1484,26026,8,312722
11453,0.000177,172.31.36.0-255,66,26092,8,312722
11454,0.000196,172.217.194.0-255,2902,28994,8,312722
11455,0.000199,172.31.36.0-255,66,29060,8,312722
11456,0.000234,172.217.194.0-255,6797,35857,8,312722
11457,0.000239,172.31.36.0-255,66,35923,8,312722
11458,0.000246,172.31.36.0-255,66,35989,8,312722
11459,0.001067,172.217.194.0-255,1484,37473,8,312722
11460,0.001074,172.31.36.0-255,66,37539,8,312722
11461,0.001083,172.217.194.0-255,2902,40441,8,312722
11462,0.001086,172.31.36.0-255,66,40507,8,312722
11463,0.001115,172.217.194.0-255,5738,46245,8,312722
11464,0.001118,172.31.36.0-255,66,46311,8,312722
11465,0.001122,172.217.194.0-255,1484,47795,8,312722
11466,0.001141,172.217.194.0-255,5379,53174,8,312722
11467,0.001143,172.31.36.0-255,66,53240,8,312722
11468,0.001182,172.217.194.0-255,4320,57560,8,312722
11469,0.001186,172.31.36.0-255,66,57626,8,312722
11470,0.001192,172.217.194.0-255,2902,60528,8,312722
11471,0.001193,172.31.36.0-255,66,60594,8,312722
11472,0.001207,172.217.194.0-255,2902,63496,8,312722
11473,0.00121,172.31.36.0-255,66,63562,8,312722
11474,0.001234,172.217.194.0-255,4320,67882,8,312722
11475,0.001237,172.31.36.0-255,66,67948,8,312722
11476,0.001251,172.217.194.0-255,3122,71070,8,312722
11477,0.001253,172.31.36.0-255,66,71136,8,312722
11478,0.0013,172.217.194.0-255,1484,72620,8,312722
11479,0.001319,172.217.194.0-255,2902,75522,8,312722
11480,0.001322,172.31.36.0-255,66,75588,8,312722
11481,0.001329,172.217.194.0-255,5738,81326,8,312722
11482,0.001331,172.31.36.0-255,66,81392,8,312722
11483,0.001372,172.217.194.0-255,1484,82876,8,312722
11484,0.001387,172.217.194.0-255,5379,88255,8,312722
11485,0.00139,172.31.36.0-255,66,88321,8,312722
11486,0.001736,172.217.194.0-255,1484,89805,8,312722
11487,0.001745,172.217.194.0-255,2902,92707,8,312722
11488,0.00175,172.31.36.0-255,66,92773,8,312722
11489,0.001757,172.217.194.0-255,5738,98511,8,312722
11490,0.001759,172.31.36.0-255,66,98577,8,312722
11491,0.001765,172.217.194.0-255,4320,102897,8,312722
11492,0.001767,172.31.36.0-255,66,102963,8,312722
11493,0.001799,172.31.36.0-255,66,103029,8,312722
11494,0.001811,172.31.36.0-255,66,103095,8,312722
11495,0.001814,172.217.194.0-255,766,103861,8,312722
11496,0.002085,172.217.194.0-255,1484,105345,8,312722
11497,0.002089,172.31.36.0-255,66,105411,8,312722
11498,0.002108,172.217.194.0-255,2902,108313,8,312722
11499,0.002111,172.31.36.0-255,66,108379,8,312722
11500,0.002115,172.217.194.0-255,2902,111281,8,312722
11501,0.002117,172.31.36.0-255,66,111347,8,312722
11502,0.002139,172.217.194.0-255,2902,114249,8,312722
11503,0.002142,172.31.36.0-255,66,114315,8,312722
11504,0.002155,172.31.36.0-255,66,114381,8,312722
11505,0.002167,172.31.36.0-255,66,114447,8,312722
11506,0.002189,172.217.194.0-255,2184,116631,8,312722
11507,0.002191,172.31.36.0-255,66,116697,8,312722
11508,0.004835,172.217.194.0-255,2902,119599,8,312722
11509,0.00484,172.31.36.0-255,66,119665,8,312722
11510,0.004858,172.217.194.0-255,2902,122567,8,312722
11511,0.00486,172.31.36.0-255,66,122633,8,312722
11512,0.007508,172.217.194.0-255,5738,128371,8,312722
11513,0.007522,172.31.36.0-255,66,128437,8,312722
11514,0.010216,172.217.194.0-255,5738,134175,8,312722
11515,0.010226,172.31.36.0-255,66,134241,8,312722
11516,0.012953,172.217.194.0-255,5738,139979,8,312722
11517,0.012963,172.31.36.0-255,66,140045,8,312722
11518,0.015655,172.217.194.0-255,5738,145783,8,312722
11519,0.015664,172.31.36.0-255,66,145849,8,312722
11520,0.018374,172.217.194.0-255,5738,151587,8,312722
11521,0.018384,172.31.36.0-255,66,151653,8,312722
11522,0.02107,172.217.194.0-255,5738,157391,8,312722
11523,0.021079,172.31.36.0-255,66,157457,8,312722
11524,0.02378,172.217.194.0-255,5738,163195,8,312722
11525,0.023788,172.31.36.0-255,66,163261,8,312722
11526,0.026546,172.217.194.0-255,5738,168999,8,312722
11527,0.026555,172.31.36.0-255,66,169065,8,312722
11528,0.029265,172.217.194.0-255,5738,174803,8,312722
11529,0.029273,172.31.36.0-255,66,174869,8,312722
11530,0.02946,172.31.36.0-255,172,175041,8,312722
11531,0.02949,172.31.36.0-255,1111,176152,8,312722
11532,0.029617,172.31.36.0-255,1514,177666,8,312722
11533,0.029619,172.31.36.0-255,1514,179180,8,312722
11534,0.029624,172.31.36.0-255,1514,180694,8,312722
11535,0.029625,172.31.36.0-255,1514,182208,8,312722
11536,0.029645,172.31.36.0-255,1514,183722,8,312722
11537,0.029646,172.31.36.0-255,874,184596,8,312722
11538,0.030992,104.244.42.0-255,66,184662,8,312722
11539,0.031018,104.244.42.0-255,66,184728,8,312722
11540,0.031221,104.244.42.0-255,66,184794,8,312722
11541,0.031228,104.244.42.0-255,66,184860,8,312722
11542,0.031968,172.217.194.0-255,5738,190598,8,312722
11543,0.031975,172.31.36.0-255,66,190664,8,312722
11544,0.034623,172.217.194.0-255,5738,196402,8,312722
11545,0.03463,172.31.36.0-255,66,196468,8,312722
11546,0.037296,172.217.194.0-255,5738,202206,8,312722
11547,0.037307,172.31.36.0-255,66,202272,8,312722
11548,0.039992,172.217.194.0-255,5738,208010,8,312722
11549,0.040013,172.31.36.0-255,66,208076,8,312722
11550,0.04268,172.217.194.0-255,5738,213814,8,312722
11551,0.042699,172.31.36.0-255,66,213880,8,312722
11552,0.045403,172.217.194.0-255,5738,219618,8,312722
11553,0.045418,172.31.36.0-255,66,219684,8,312722
11554,0.048087,172.217.194.0-255,5738,225422,8,312722
11555,0.048101,172.31.36.0-255,66,225488,8,312722
11556,0.050831,172.217.194.0-255,5738,231226,8,312722
11557,0.050838,172.31.36.0-255,66,231292,8,312722
11558,0.052919,172.31.36.0-255,108,231400,8,312722
11559,0.053503,172.217.194.0-255,5738,237138,8,312722
11560,0.05351,172.31.36.0-255,66,237204,8,312722
11561,0.054439,104.244.42.0-255,66,237270,8,312722
11562,0.056168,172.217.194.0-255,5738,243008,8,312722
11563,0.056176,172.31.36.0-255,66,243074,8,312722
11564,0.058829,172.217.194.0-255,5738,248812,8,312722
11565,0.058839,172.31.36.0-255,66,248878,8,312722
11566,0.061532,172.217.194.0-255,5738,254616,8,312722
11567,0.061541,172.31.36.0-255,66,254682,8,312722
11568,0.064231,172.217.194.0-255,5738,260420,8,312722
11569,0.064242,172.31.36.0-255,66,260486,8,312722
11570,0.066901,172.217.194.0-255,5738,266224,8,312722
11571,0.066909,172.31.36.0-255,66,266290,8,312722
11572,0.069601,172.217.194.0-255,5738,272028,8,312722
11573,0.069608,172.31.36.0-255,66,272094,8,312722
11574,0.072298,172.217.194.0-255,5738,277832,8,312722
11575,0.07231,172.31.36.0-255,66,277898,8,312722
11576,0.075005,172.217.194.0-255,5738,283636,8,312722
11577,0.075021,172.31.36.0-255,66,283702,8,312722
11578,0.07767,172.217.194.0-255,5738,289440,8,312722
11579,0.077678,172.31.36.0-255,66,289506,8,312722
11580,0.080349,172.217.194.0-255,5738,295244,8,312722
11581,0.080356,172.31.36.0-255,66,295310,8,312722
11582,0.083048,172.217.194.0-255,5738,301048,8,312722
11583,0.08306,172.31.36.0-255,66,301114,8,312722
11584,0.085734,172.217.194.0-255,5738,306852,8,312722
11585,0.085741,172.31.36.0-255,66,306918,8,312722
11586,0.088447,172.217.194.0-255,5738,312656,8,312722
11587,0.088454,172.31.36.0-255,66,312722,8,312722
11588,0.0,172.31.36.0-255,105,105,8,276
11589,0.002196,157.240.13.0-255,105,210,8,276
11590,0.002209,172.31.36.0-255,66,276,8,276
11591,0.0,74.125.130.0-255,153,153,8,301518
11592,2.7e-05,172.31.36.0-255,66,219,8,301518
11593,3.6e-05,74.125.130.0-255,1484,1703,8,301518
11594,4.1e-05,172.31.36.0-255,66,1769,8,301518
11595,4.8e-05,74.125.130.0-255,2902,4671,8,301518
11596,5.9e-05,172.31.36.0-255,66,4737,8,301518
11597,6.4e-05,74.125.130.0-255,2902,7639,8,301518
11598,6.7e-05,172.31.36.0-255,66,7705,8,301518
11599,7.3e-05,74.125.130.0-255,4320,12025,8,301518
11600,7.6e-05,172.31.36.0-255,66,12091,8,301518
11601,0.000113,74.125.130.0-255,2053,14144,8,301518
11602,0.000116,172.31.36.0-255,66,14210,8,301518
11603,0.000121,74.125.130.0-255,2902,17112,8,301518
11604,0.000122,172.31.36.0-255,66,17178,8,301518
11605,0.000144,74.125.130.0-255,7156,24334,8,301518
11606,0.000146,172.31.36.0-255,66,24400,8,301518
11607,0.000156,74.125.130.0-255,2902,27302,8,301518
11608,0.000158,172.31.36.0-255,66,27368,8,301518
11609,0.000164,74.125.130.0-255,4320,31688,8,301518
11610,0.000166,172.31.36.0-255,66,31754,8,301518
11611,0.000203,172.31.36.0-255,66,31820,8,301518
11612,0.000209,74.125.130.0-255,4320,36140,8,301518
11613,0.000212,172.31.36.0-255,66,36206,8,301518
11614,0.000259,74.125.130.0-255,3602,39808,8,301518
11615,0.000262,172.31.36.0-255,66,39874,8,301518
11616,0.001997,74.125.130.0-255,1484,41358,8,301518
11617,0.002004,172.31.36.0-255,66,41424,8,301518
11618,0.002037,74.125.130.0-255,2902,44326,8,301518
11619,0.00204,172.31.36.0-255,66,44392,8,301518
11620,0.002046,74.125.130.0-255,4320,48712,8,301518
11621,0.002048,172.31.36.0-255,66,48778,8,301518
11622,0.002058,74.125.130.0-255,1484,50262,8,301518
11623,0.004048,74.125.130.0-255,1484,51746,8,301518
11624,0.004053,172.31.36.0-255,66,51812,8,301518
11625,0.004081,74.125.130.0-255,2902,54714,8,301518
11626,0.004084,172.31.36.0-255,66,54780,8,301518
11627,0.006051,74.125.130.0-255,2902,57682,8,301518
11628,0.006055,172.31.36.0-255,66,57748,8,301518
11629,0.006083,74.125.130.0-255,2902,60650,8,301518
11630,0.006086,172.31.36.0-255,66,60716,8,301518
11631,0.008052,74.125.130.0-255,2902,63618,8,301518
11632,0.008059,172.31.36.0-255,66,63684,8,301518
11633,0.00809,74.125.130.0-255,2902,66586,8,301518
11634,0.008093,172.31.36.0-255,66,66652,8,301518
11635,0.010056,74.125.130.0-255,2902,69554,8,301518
11636,0.010067,172.31.36.0-255,66,69620,8,301518
11637,0.010101,74.125.130.0-255,2902,72522,8,301518
11638,0.010104,172.31.36.0-255,66,72588,8,301518
11639,0.012063,74.125.130.0-255,2902,75490,8,301518
11640,0.012072,172.31.36.0-255,66,75556,8,301518
11641,0.012102,74.125.130.0-255,2902,78458,8,301518
11642,0.012105,172.31.36.0-255,66,78524,8,301518
11643,0.014074,74.125.130.0-255,2902,81426,8,301518
11644,0.014083,172.31.36.0-255,66,81492,8,301518
11645,0.014115,74.125.130.0-255,2902,84394,8,301518
11646,0.014118,172.31.36.0-255,66,84460,8,301518
11647,0.016085,74.125.130.0-255,2902,87362,8,301518
11648,0.016092,172.31.36.0-255,66,87428,8,301518
11649,0.016126,74.125.130.0-255,2902,90330,8,301518
11650,0.016129,172.31.36.0-255,66,90396,8,301518
11651,0.018084,74.125.130.0-255,2902,93298,8,301518
11652,0.018093,172.31.36.0-255,66,93364,8,301518
11653,0.018123,74.125.130.0-255,2902,96266,8,301518
11654,0.018126,172.31.36.0-255,66,96332,8,301518
11655,0.020087,74.125.130.0-255,2902,99234,8,301518
11656,0.020094,172.31.36.0-255,66,99300,8,301518
11657,0.020126,74.125.130.0-255,2902,102202,8,301518
11658,0.020129,172.31.36.0-255,66,102268,8,301518
11659,0.022086,74.125.130.0-255,2902,105170,8,301518
11660,0.022095,172.31.36.0-255,66,105236,8,301518
11661,0.022127,74.125.130.0-255,2902,108138,8,301518
11662,0.022129,172.31.36.0-255,66,108204,8,301518
11663,0.024096,74.125.130.0-255,2902,111106,8,301518
11664,0.024103,172.31.36.0-255,66,111172,8,301518
11665,0.024135,74.125.130.0-255,2902,114074,8,301518
11666,0.024142,172.31.36.0-255,66,114140,8,301518
11667,0.025039,172.31.36.0-255,172,114312,8,301518
11668,0.025069,172.31.36.0-255,1107,115419,8,301518
11669,0.025144,172.31.36.0-255,1514,116933,8,301518
11670,0.025146,172.31.36.0-255,1297,118230,8,301518
11671,0.026095,74.125.130.0-255,1484,119714,8,301518
11672,0.026126,74.125.130.0-255,4320,124034,8,301518
11673,0.026131,172.31.36.0-255,66,124100,8,301518
11674,0.026604,104.244.42.0-255,66,124166,8,301518
11675,0.02681,104.244.42.0-255,66,124232,8,301518
11676,0.026817,104.244.42.0-255,66,124298,8,301518
11677,0.028137,74.125.130.0-255,5738,130036,8,301518
11678,0.028145,172.31.36.0-255,66,130102,8,301518
11679,0.03017,74.125.130.0-255,5738,135840,8,301518
11680,0.030177,172.31.36.0-255,66,135906,8,301518
11681,0.03218,74.125.130.0-255,5738,141644,8,301518
11682,0.032187,172.31.36.0-255,66,141710,8,301518
11683,0.03424,74.125.130.0-255,5738,147448,8,301518
11684,0.03425,172.31.36.0-255,66,147514,8,301518
11685,0.036251,74.125.130.0-255,5738,153252,8,301518
11686,0.036259,172.31.36.0-255,66,153318,8,301518
11687,0.038266,74.125.130.0-255,5738,159056,8,301518
11688,0.038274,172.31.36.0-255,66,159122,8,301518
11689,0.040278,74.125.130.0-255,5738,164860,8,301518
11690,0.040285,172.31.36.0-255,66,164926,8,301518
11691,0.042326,74.125.130.0-255,5738,170664,8,301518
11692,0.042333,172.31.36.0-255,66,170730,8,301518
11693,0.044336,74.125.130.0-255,5738,176468,8,301518
11694,0.044343,172.31.36.0-255,66,176534,8,301518
11695,0.046349,74.125.130.0-255,5738,182272,8,301518
11696,0.046357,172.31.36.0-255,66,182338,8,301518
11697,0.048352,74.125.130.0-255,5738,188076,8,301518
11698,0.04836,172.31.36.0-255,66,188142,8,301518
11699,0.050366,74.125.130.0-255,5738,193880,8,301518
11700,0.050372,172.31.36.0-255,66,193946,8,301518
11701,0.052394,74.125.130.0-255,5738,199684,8,301518
11702,0.052401,172.31.36.0-255,66,199750,8,301518
11703,0.054423,74.125.130.0-255,5738,205488,8,301518
11704,0.054433,172.31.36.0-255,66,205554,8,301518
11705,0.05644,74.125.130.0-255,5738,211292,8,301518
11706,0.056448,172.31.36.0-255,66,211358,8,301518
11707,0.05848,74.125.130.0-255,5738,217096,8,301518
11708,0.058488,172.31.36.0-255,66,217162,8,301518
11709,0.06052,74.125.130.0-255,5738,222900,8,301518
11710,0.060527,172.31.36.0-255,66,222966,8,301518
11711,0.06254,74.125.130.0-255,5738,228704,8,301518
11712,0.062547,172.31.36.0-255,66,228770,8,301518
11713,0.064541,74.125.130.0-255,5738,234508,8,301518
11714,0.064552,172.31.36.0-255,66,234574,8,301518
11715,0.066541,74.125.130.0-255,5738,240312,8,301518
11716,0.066548,172.31.36.0-255,66,240378,8,301518
11717,0.068615,74.125.130.0-255,5738,246116,8,301518
11718,0.068622,172.31.36.0-255,66,246182,8,301518
11719,0.070626,74.125.130.0-255,4320,250502,8,301518
11720,0.070633,172.31.36.0-255,66,250568,8,301518
11721,0.070662,74.125.130.0-255,1484,252052,8,301518
11722,0.072634,74.125.130.0-255,4320,256372,8,301518
11723,0.072641,172.31.36.0-255,66,256438,8,301518
11724,0.074649,74.125.130.0-255,5738,262176,8,301518
11725,0.074658,172.31.36.0-255,66,262242,8,301518
11726,0.076682,74.125.130.0-255,5738,267980,8,301518
11727,0.076689,172.31.36.0-255,66,268046,8,301518
11728,0.07871,74.125.130.0-255,5738,273784,8,301518
11729,0.078716,172.31.36.0-255,66,273850,8,301518
11730,0.080732,74.125.130.0-255,5738,279588,8,301518
11731,0.080739,172.31.36.0-255,66,279654,8,301518
11732,0.082744,74.125.130.0-255,5738,285392,8,301518
11733,0.08275,172.31.36.0-255,66,285458,8,301518
11734,0.084756,74.125.130.0-255,5738,291196,8,301518
11735,0.084762,172.31.36.0-255,66,291262,8,301518
11736,0.086764,74.125.130.0-255,4320,295582,8,301518
11737,0.086772,172.31.36.0-255,66,295648,8,301518
11738,0.086797,74.125.130.0-255,1484,297132,8,301518
11739,0.088765,74.125.130.0-255,4320,301452,8,301518
11740,0.088772,172.31.36.0-255,66,301518,8,301518
11741,0.0,74.125.24.0-255,297,297,8,329650
11742,2.3e-05,172.31.36.0-255,66,363,8,329650
11743,2.8e-05,74.125.24.0-255,1484,1847,8,329650
11744,3.3e-05,172.31.36.0-255,66,1913,8,329650
11745,4.7e-05,74.125.24.0-255,1484,3397,8,329650
11746,5e-05,172.31.36.0-255,66,3463,8,329650
11747,8.5e-05,74.125.24.0-255,2902,6365,8,329650
11748,8.9e-05,172.31.36.0-255,66,6431,8,329650
11749,9.9e-05,172.31.36.0-255,66,6497,8,329650
11750,0.000102,74.125.24.0-255,1484,7981,8,329650
11751,0.000104,172.31.36.0-255,66,8047,8,329650
11752,0.000156,172.31.36.0-255,66,8113,8,329650
11753,0.000178,172.31.36.0-255,66,8179,8,329650
11754,0.000187,74.125.24.0-255,6438,14617,8,329650
11755,0.000189,172.31.36.0-255,66,14683,8,329650
11756,0.000367,74.125.24.0-255,1484,16167,8,329650
11757,0.000372,172.31.36.0-255,66,16233,8,329650
11758,0.000378,74.125.24.0-255,2902,19135,8,329650
11759,0.00038,172.31.36.0-255,66,19201,8,329650
11760,0.000393,74.125.24.0-255,5738,24939,8,329650
11761,0.000396,172.31.36.0-255,66,25005,8,329650
11762,0.000438,74.125.24.0-255,7143,32148,8,329650
11763,0.000442,172.31.36.0-255,66,32214,8,329650
11764,0.000497,74.125.24.0-255,1484,33698,8,329650
11765,0.000501,172.31.36.0-255,66,33764,8,329650
11766,0.000504,74.125.24.0-255,1484,35248,8,329650
11767,0.000507,172.31.36.0-255,66,35314,8,329650
11768,0.000525,74.125.24.0-255,1484,36798,8,329650
11769,0.000528,172.31.36.0-255,66,36864,8,329650
11770,0.000541,74.125.24.0-255,5738,42602,8,329650
11771,0.000543,172.31.36.0-255,66,42668,8,329650
11772,0.000554,172.31.36.0-255,66,42734,8,329650
11773,0.000583,74.125.24.0-255,4320,47054,8,329650
11774,0.000587,172.31.36.0-255,66,47120,8,329650
11775,0.000601,172.31.36.0-255,66,47186,8,329650
11776,0.001054,74.125.24.0-255,1484,48670,8,329650
11777,0.001075,74.125.24.0-255,2902,51572,8,329650
11778,0.00108,172.31.36.0-255,66,51638,8,329650
11779,0.001088,74.125.24.0-255,5738,57376,8,329650
11780,0.001089,172.31.36.0-255,66,57442,8,329650
11781,0.001107,74.125.24.0-255,2902,60344,8,329650
11782,0.001109,172.31.36.0-255,66,60410,8,329650
11783,0.001141,74.125.24.0-255,7156,67566,8,329650
11784,0.001144,172.31.36.0-255,66,67632,8,329650
11785,0.001162,172.31.36.0-255,66,67698,8,329650
11786,0.001184,74.125.24.0-255,2184,69882,8,329650
11787,0.001188,172.31.36.0-255,66,69948,8,329650
11788,0.001687,74.125.24.0-255,1484,71432,8,329650
11789,0.001698,74.125.24.0-255,2902,74334,8,329650
11790,0.001702,172.31.36.0-255,66,74400,8,329650
11791,0.00171,74.125.24.0-255,5738,80138,8,329650
11792,0.001713,172.31.36.0-255,66,80204,8,329650
11793,0.001758,172.31.36.0-255,66,80270,8,329650
11794,0.001789,74.125.24.0-255,2902,83172,8,329650
11795,0.001793,172.31.36.0-255,66,83238,8,329650
11796,0.001805,172.31.36.0-255,66,83304,8,329650
11797,0.001921,74.125.24.0-255,1484,84788,8,329650
11798,0.001928,74.125.24.0-255,2902,87690,8,329650
11799,0.001932,172.31.36.0-255,66,87756,8,329650
11800,0.001939,74.125.24.0-255,5738,93494,8,329650
11801,0.001941,172.31.36.0-255,66,93560,8,329650
11802,0.00197,74.125.24.0-255,5738,99298,8,329650
11803,0.001973,172.31.36.0-255,66,99364,8,329650
11804,0.002021,74.125.24.0-255,4320,103684,8,329650
11805,0.002024,172.31.36.0-255,66,103750,8,329650
11806,0.002059,172.31.36.0-255,66,103816,8,329650
11807,0.002067,74.125.24.0-255,5020,108836,8,329650
11808,0.00207,172.31.36.0-255,66,108902,8,329650
11809,0.004134,74.125.24.0-255,5738,114640,8,329650
11810,0.004141,172.31.36.0-255,66,114706,8,329650
11811,0.006131,74.125.24.0-255,5738,120444,8,329650
11812,0.006136,172.31.36.0-255,66,120510,8,329650
11813,0.008135,74.125.24.0-255,5738,126248,8,329650
11814,0.008141,172.31.36.0-255,66,126314,8,329650
11815,0.010181,74.125.24.0-255,5738,132052,8,329650
11816,0.010187,172.31.36.0-255,66,132118,8,329650
11817,0.012198,74.125.24.0-255,5738,137856,8,329650
11818,0.012205,172.31.36.0-255,66,137922,8,329650
11819,0.014215,74.125.24.0-255,5738,143660,8,329650
11820,0.014223,172.31.36.0-255,66,143726,8,329650
11821,0.016242,74.125.24.0-255,2902,146628,8,329650
11822,0.016249,172.31.36.0-255,66,146694,8,329650
11823,0.016278,74.125.24.0-255,2902,149596,8,329650
11824,0.016283,172.31.36.0-255,66,149662,8,329650
11825,0.018242,74.125.24.0-255,2902,152564,8,329650
11826,0.018248,172.31.36.0-255,66,152630,8,329650
11827,0.018283,74.125.24.0-255,2902,155532,8,329650
11828,0.018288,172.31.36.0-255,66,155598,8,329650
11829,0.020273,74.125.24.0-255,2902,158500,8,329650
11830,0.020285,172.31.36.0-255,66,158566,8,329650
11831,0.020361,74.125.24.0-255,2902,161468,8,329650
11832,0.020365,172.31.36.0-255,66,161534,8,329650
11833,0.022272,74.125.24.0-255,2902,164436,8,329650
11834,0.022281,172.31.36.0-255,66,164502,8,329650
11835,0.022356,74.125.24.0-255,2902,167404,8,329650
11836,0.022362,172.31.36.0-255,66,167470,8,329650
11837,0.024267,74.125.24.0-255,2902,170372,8,329650
11838,0.024274,172.31.36.0-255,66,170438,8,329650
11839,0.024375,74.125.24.0-255,2902,173340,8,329650
11840,0.024381,172.31.36.0-255,66,173406,8,329650
11841,0.026275,74.125.24.0-255,2902,176308,8,329650
11842,0.026283,172.31.36.0-255,66,176374,8,329650
11843,0.026381,74.125.24.0-255,2902,179276,8,329650
11844,0.026387,172.31.36.0-255,66,179342,8,329650
11845,0.028311,74.125.24.0-255,2902,182244,8,329650
11846,0.028318,172.31.36.0-255,66,182310,8,329650
11847,0.028394,74.125.24.0-255,2902,185212,8,329650
11848,0.0284,172.31.36.0-255,66,185278,8,329650
11849,0.030326,74.125.24.0-255,2902,188180,8,329650
11850,0.030333,172.31.36.0-255,66,188246,8,329650
11851,0.030377,74.125.24.0-255,2902,191148,8,329650
11852,0.030381,172.31.36.0-255,66,191214,8,329650
11853,0.032336,74.125.24.0-255,2902,194116,8,329650
11854,0.032343,172.31.36.0-255,66,194182,8,329650
11855,0.032373,74.125.24.0-255,1484,195666,8,329650
11856,0.032394,74.125.24.0-255,1484,197150,8,329650
11857,0.032398,172.31.36.0-255,66,197216,8,329650
11858,0.034355,74.125.24.0-255,2902,200118,8,329650
11859,0.034361,172.31.36.0-255,66,200184,8,329650
11860,0.034391,74.125.24.0-255,2902,203086,8,329650
11861,0.034394,172.31.36.0-255,66,203152,8,329650
11862,0.036434,74.125.24.0-255,5738,208890,8,329650
11863,0.036442,172.31.36.0-255,66,208956,8,329650
11864,0.038505,74.125.24.0-255,5738,214694,8,329650
11865,0.038513,172.31.36.0-255,66,214760,8,329650
11866,0.040547,74.125.24.0-255,5738,220498,8,329650
11867,0.040554,172.31.36.0-255,66,220564,8,329650
11868,0.041588,172.31.36.0-255,172,220736,8,329650
11869,0.041639,172.31.36.0-255,1107,221843,8,329650
11870,0.041722,172.31.36.0-255,1514,223357,8,329650
11871,0.041724,172.31.36.0-255,1514,224871,8,329650
11872,0.041725,172.31.36.0-255,1514,226385,8,329650
11873,0.041726,172.31.36.0-255,462,226847,8,329650
11874,0.042568,74.125.24.0-255,5738,232585,8,329650
11875,0.042574,172.31.36.0-255,66,232651,8,329650
11876,0.043147,104.244.42.0-255,66,232717,8,329650
11877,0.043188,104.244.42.0-255,66,232783,8,329650
11878,0.043302,104.244.42.0-255,66,232849,8,329650
11879,0.043307,104.244.42.0-255,66,232915,8,329650
11880,0.044603,74.125.24.0-255,5738,238653,8,329650
11881,0.044608,172.31.36.0-255,66,238719,8,329650
11882,0.046605,74.125.24.0-255,5738,244457,8,329650
11883,0.046611,172.31.36.0-255,66,244523,8,329650
11884,0.048626,74.125.24.0-255,5738,250261,8,329650
11885,0.048632,172.31.36.0-255,66,250327,8,329650
11886,0.050646,74.125.24.0-255,5738,256065,8,329650
11887,0.050652,172.31.36.0-255,66,256131,8,329650
11888,0.052626,74.125.24.0-255,5738,261869,8,329650
11889,0.05263,172.31.36.0-255,66,261935,8,329650
11890,0.054652,74.125.24.0-255,5738,267673,8,329650
11891,0.054657,172.31.36.0-255,66,267739,8,329650
11892,0.056645,74.125.24.0-255,5738,273477,8,329650
11893,0.05665,172.31.36.0-255,66,273543,8,329650
11894,0.058656,74.125.24.0-255,5738,279281,8,329650
11895,0.058661,172.31.36.0-255,66,279347,8,329650
11896,0.060701,74.125.24.0-255,5738,285085,8,329650
11897,0.060707,172.31.36.0-255,66,285151,8,329650
11898,0.062725,74.125.24.0-255,5738,290889,8,329650
11899,0.062732,172.31.36.0-255,66,290955,8,329650
11900,0.064751,74.125.24.0-255,5738,296693,8,329650
11901,0.064756,172.31.36.0-255,66,296759,8,329650
11902,0.066788,74.125.24.0-255,5738,302497,8,329650
11903,0.066794,172.31.36.0-255,66,302563,8,329650
11904,0.068793,74.125.24.0-255,5738,308301,8,329650
11905,0.068798,172.31.36.0-255,66,308367,8,329650
11906,0.070846,74.125.24.0-255,5738,314105,8,329650
11907,0.070865,172.31.36.0-255,66,314171,8,329650
11908,0.072849,74.125.24.0-255,5738,319909,8,329650
11909,0.072854,172.31.36.0-255,66,319975,8,329650
11910,0.074861,74.125.24.0-255,5738,325713,8,329650
11911,0.074867,172.31.36.0-255,66,325779,8,329650
11912,0.07687,74.125.24.0-255,3634,329413,8,329650
11913,0.076876,172.31.36.0-255,66,329479,8,329650
11914,0.077739,172.31.36.0-255,105,329584,8,329650
11915,0.079696,74.125.24.0-255,66,329650,8,329650
11916,0.0,74.125.24.0-255,152,152,8,293812
11917,2.5e-05,74.125.24.0-255,1484,1636,8,293812
11918,3.5e-05,172.31.36.0-255,66,1702,8,293812
11919,4.2e-05,74.125.24.0-255,2902,4604,8,293812
11920,4.5e-05,172.31.36.0-255,66,4670,8,293812
11921,7.3e-05,74.125.24.0-255,5738,10408,8,293812
11922,7.6e-05,172.31.36.0-255,66,10474,8,293812
11923,9.3e-05,74.125.24.0-255,1484,11958,8,293812
11924,9.9e-05,74.125.24.0-255,4320,16278,8,293812
11925,0.000101,172.31.36.0-255,66,16344,8,293812
11926,0.000122,74.125.24.0-255,3442,19786,8,293812
11927,0.000125,172.31.36.0-255,66,19852,8,293812
11928,0.000129,74.125.24.0-255,2902,22754,8,293812
11929,0.000132,172.31.36.0-255,66,22820,8,293812
11930,0.000137,74.125.24.0-255,4320,27140,8,293812
11931,0.00014,172.31.36.0-255,66,27206,8,293812
11932,0.000174,74.125.24.0-255,3961,31167,8,293812
11933,0.000177,172.31.36.0-255,66,31233,8,293812
11934,0.000263,74.125.24.0-255,1484,32717,8,293812
11935,0.00027,74.125.24.0-255,2902,35619,8,293812
11936,0.000272,172.31.36.0-255,66,35685,8,293812
11937,0.000278,74.125.24.0-255,4320,40005,8,293812
11938,0.000281,172.31.36.0-255,66,40071,8,293812
11939,0.000294,74.125.24.0-255,1484,41555,8,293812
11940,0.000299,74.125.24.0-255,4320,45875,8,293812
11941,0.000302,172.31.36.0-255,66,45941,8,293812
11942,0.000324,74.125.24.0-255,2543,48484,8,293812
11943,0.000327,172.31.36.0-255,66,48550,8,293812
11944,0.000436,74.125.24.0-255,1484,50034,8,293812
11945,0.000449,74.125.24.0-255,2902,52936,8,293812
11946,0.000453,172.31.36.0-255,66,53002,8,293812
11947,0.000482,74.125.24.0-255,1484,54486,8,293812
11948,0.000504,74.125.24.0-255,4320,58806,8,293812
11949,0.000508,172.31.36.0-255,66,58872,8,293812
11950,0.000511,74.125.24.0-255,1484,60356,8,293812
11951,0.000529,74.125.24.0-255,4320,64676,8,293812
11952,0.000532,172.31.36.0-255,66,64742,8,293812
11953,0.000543,74.125.24.0-255,1460,66202,8,293812
11954,0.00063,74.125.24.0-255,341,66543,8,293812
11955,0.000635,172.31.36.0-255,66,66609,8,293812
11956,0.000755,74.125.24.0-255,1484,68093,8,293812
11957,0.000769,74.125.24.0-255,2902,70995,8,293812
11958,0.000772,172.31.36.0-255,66,71061,8,293812
11959,0.000777,74.125.24.0-255,2902,73963,8,293812
11960,0.000779,172.31.36.0-255,66,74029,8,293812
11961,0.000805,74.125.24.0-255,7156,81185,8,293812
11962,0.000808,172.31.36.0-255,66,81251,8,293812
11963,0.000835,74.125.24.0-255,2543,83794,8,293812
11964,0.000838,172.31.36.0-255,66,83860,8,293812
11965,0.000896,74.125.24.0-255,1484,85344,8,293812
11966,0.000902,74.125.24.0-255,2902,88246,8,293812
11967,0.000905,172.31.36.0-255,66,88312,8,293812
11968,0.000917,74.125.24.0-255,1484,89796,8,293812
11969,0.000934,74.125.24.0-255,4320,94116,8,293812
11970,0.000937,172.31.36.0-255,66,94182,8,293812
11971,0.00094,74.125.24.0-255,1484,95666,8,293812
11972,0.000955,74.125.24.0-255,5379,101045,8,293812
11973,0.000958,172.31.36.0-255,66,101111,8,293812
11974,0.001963,74.125.24.0-255,1484,102595,8,293812
11975,0.001973,74.125.24.0-255,2902,105497,8,293812
11976,0.001977,172.31.36.0-255,66,105563,8,293812
11977,0.001982,74.125.24.0-255,1484,107047,8,293812
11978,0.002,74.125.24.0-255,4320,111367,8,293812
11979,0.002002,172.31.36.0-255,66,111433,8,293812
11980,0.002009,74.125.24.0-255,7156,118589,8,293812
11981,0.002011,172.31.36.0-255,66,118655,8,293812
11982,0.002066,172.31.36.0-255,66,118721,8,293812
11983,0.00207,74.125.24.0-255,2184,120905,8,293812
11984,0.002072,172.31.36.0-255,66,120971,8,293812
11985,0.002324,74.125.24.0-255,1484,122455,8,293812
11986,0.00235,74.125.24.0-255,1484,123939,8,293812
11987,0.002352,172.31.36.0-255,66,124005,8,293812
11988,0.002364,74.125.24.0-255,1484,125489,8,293812
11989,0.002381,74.125.24.0-255,5738,131227,8,293812
11990,0.002383,172.31.36.0-255,66,131293,8,293812
11991,0.002405,172.31.36.0-255,66,131359,8,293812
11992,0.002434,74.125.24.0-255,4320,135679,8,293812
11993,0.002436,172.31.36.0-255,66,135745,8,293812
11994,0.002447,172.31.36.0-255,66,135811,8,293812
11995,0.002542,74.125.24.0-255,1484,137295,8,293812
11996,0.002546,74.125.24.0-255,2902,140197,8,293812
11997,0.002548,172.31.36.0-255,66,140263,8,293812
11998,0.002571,74.125.24.0-255,5738,146001,8,293812
11999,0.002573,172.31.36.0-255,66,146067,8,293812
12000,0.002576,74.125.24.0-255,1484,147551,8,293812
12001,0.002611,172.31.36.0-255,66,147617,8,293812
12002,0.002617,74.125.24.0-255,5738,153355,8,293812
12003,0.002619,172.31.36.0-255,66,153421,8,293812
12004,0.002633,74.125.24.0-255,2902,156323,8,293812
12005,0.002634,172.31.36.0-255,66,156389,8,293812
12006,0.002639,74.125.24.0-255,2184,158573,8,293812
12007,0.002641,172.31.36.0-255,66,158639,8,293812
12008,0.00286,74.125.24.0-255,1484,160123,8,293812
12009,0.002872,74.125.24.0-255,1484,161607,8,293812
12010,0.002875,172.31.36.0-255,66,161673,8,293812
12011,0.002892,74.125.24.0-255,1484,163157,8,293812
12012,0.002897,74.125.24.0-255,5738,168895,8,293812
12013,0.0029,172.31.36.0-255,66,168961,8,293812
12014,0.00292,74.125.24.0-255,5738,174699,8,293812
12015,0.002922,172.31.36.0-255,66,174765,8,293812
12016,0.002947,74.125.24.0-255,7156,181921,8,293812
12017,0.002949,172.31.36.0-255,66,181987,8,293812
12018,0.002953,74.125.24.0-255,2902,184889,8,293812
12019,0.002955,172.31.36.0-255,66,184955,8,293812
12020,0.002976,172.31.36.0-255,66,185021,8,293812
12021,0.003072,74.125.24.0-255,1484,186505,8,293812
12022,0.003084,74.125.24.0-255,2902,189407,8,293812
12023,0.003087,172.31.36.0-255,66,189473,8,293812
12024,0.00309,74.125.24.0-255,1484,190957,8,293812
12025,0.003108,74.125.24.0-255,4320,195277,8,293812
12026,0.00311,172.31.36.0-255,66,195343,8,293812
12027,0.003113,74.125.24.0-255,1484,196827,8,293812
12028,0.003142,74.125.24.0-255,5738,202565,8,293812
12029,0.003145,172.31.36.0-255,66,202631,8,293812
12030,0.003155,172.31.36.0-255,66,202697,8,293812
12031,0.00316,74.125.24.0-255,4320,207017,8,293812
12032,0.003162,172.31.36.0-255,66,207083,8,293812
12033,0.003165,74.125.24.0-255,1484,208567,8,293812
12034,0.003183,74.125.24.0-255,1484,210051,8,293812
12035,0.003185,172.31.36.0-255,66,210117,8,293812
12036,0.003188,74.125.24.0-255,766,210883,8,293812
12037,0.003204,74.125.24.0-255,2902,213785,8,293812
12038,0.003207,172.31.36.0-255,66,213851,8,293812
12039,0.003222,74.125.24.0-255,1484,215335,8,293812
12040,0.003225,74.125.24.0-255,1484,216819,8,293812
12041,0.003228,172.31.36.0-255,66,216885,8,293812
12042,0.003231,74.125.24.0-255,1484,218369,8,293812
12043,0.003255,172.31.36.0-255,66,218435,8,293812
12044,0.003259,74.125.24.0-255,2902,221337,8,293812
12045,0.003262,172.31.36.0-255,66,221403,8,293812
12046,0.003264,74.125.24.0-255,1484,222887,8,293812
12047,0.003302,172.31.36.0-255,66,222953,8,293812
12048,0.003356,74.125.24.0-255,5020,227973,8,293812
12049,0.00336,172.31.36.0-255,66,228039,8,293812
12050,0.003366,74.125.24.0-255,5738,233777,8,293812
12051,0.003369,172.31.36.0-255,66,233843,8,293812
12052,0.003383,172.31.36.0-255,66,233909,8,293812
12053,0.003394,172.31.36.0-255,66,233975,8,293812
12054,0.003436,74.125.24.0-255,5020,238995,8,293812
12055,0.003439,172.31.36.0-255,66,239061,8,293812
12056,0.003442,74.125.24.0-255,1484,240545,8,293812
12057,0.003463,74.125.24.0-255,4320,244865,8,293812
12058,0.003466,172.31.36.0-255,66,244931,8,293812
12059,0.003473,74.125.24.0-255,7156,252087,8,293812
12060,0.003476,172.31.36.0-255,66,252153,8,293812
12061,0.003491,74.125.24.0-255,5738,257891,8,293812
12062,0.003494,172.31.36.0-255,66,257957,8,293812
12063,0.00351,74.125.24.0-255,1484,259441,8,293812
12064,0.003533,172.31.36.0-255,66,259507,8,293812
12065,0.003558,172.31.36.0-255,66,259573,8,293812
12066,0.00357,74.125.24.0-255,2184,261757,8,293812
12067,0.003572,172.31.36.0-255,66,261823,8,293812
12068,0.003579,74.125.24.0-255,7156,268979,8,293812
12069,0.003581,172.31.36.0-255,66,269045,8,293812
12070,0.003605,74.125.24.0-255,4320,273365,8,293812
12071,0.003607,172.31.36.0-255,66,273431,8,293812
12072,0.003627,74.125.24.0-255,2902,276333,8,293812
12073,0.003631,172.31.36.0-255,66,276399,8,293812
12074,0.003666,172.31.36.0-255,66,276465,8,293812
12075,0.003683,74.125.24.0-255,1484,277949,8,293812
12076,0.003702,74.125.24.0-255,6543,284492,8,293812
12077,0.003705,172.31.36.0-255,66,284558,8,293812
12078,0.003738,74.125.24.0-255,105,284663,8,293812
12079,0.009541,172.31.36.0-255,105,284768,8,293812
12080,0.01183,74.125.24.0-255,66,284834,8,293812
12081,0.028188,172.31.36.0-255,172,285006,8,293812
12082,0.028218,172.31.36.0-255,1110,286116,8,293812
12083,0.028265,172.31.36.0-255,1514,287630,8,293812
12084,0.028267,172.31.36.0-255,1514,289144,8,293812
12085,0.028273,172.31.36.0-255,1514,290658,8,293812
12086,0.028274,172.31.36.0-255,1514,292172,8,293812
12087,0.028292,172.31.36.0-255,1376,293548,8,293812
12088,0.029738,104.244.42.0-255,66,293614,8,293812
12089,0.029757,104.244.42.0-255,66,293680,8,293812
12090,0.029846,104.244.42.0-255,66,293746,8,293812
12091,0.029848,104.244.42.0-255,66,293812,8,293812
12092,0.0,172.217.194.0-255,152,152,8,173973
12093,1.6e-05,172.217.194.0-255,1484,1636,8,173973
12094,2.5e-05,172.31.36.0-255,66,1702,8,173973
12095,3.3e-05,172.217.194.0-255,2902,4604,8,173973
12096,3.8e-05,172.31.36.0-255,66,4670,8,173973
12097,5.4e-05,172.217.194.0-255,7156,11826,8,173973
12098,5.8e-05,172.31.36.0-255,66,11892,8,173973
12099,7.6e-05,172.31.36.0-255,66,11958,8,173973
12100,8e-05,172.217.194.0-255,2543,14501,8,173973
12101,8.4e-05,172.31.36.0-255,66,14567,8,173973
12102,0.000127,172.217.194.0-255,1484,16051,8,173973
12103,0.000132,172.217.194.0-255,2902,18953,8,173973
12104,0.000135,172.31.36.0-255,66,19019,8,173973
12105,0.000141,172.217.194.0-255,4320,23339,8,173973
12106,0.000144,172.31.36.0-255,66,23405,8,173973
12107,0.000186,172.217.194.0-255,1484,24889,8,173973
12108,0.0002,172.31.36.0-255,66,24955,8,173973
12109,0.000217,172.31.36.0-255,66,25021,8,173973
12110,0.000219,172.217.194.0-255,677,25698,8,173973
12111,0.000242,172.217.194.0-255,1484,27182,8,173973
12112,0.000244,172.31.36.0-255,66,27248,8,173973
12113,0.00025,172.217.194.0-255,4320,31568,8,173973
12114,0.000253,172.31.36.0-255,66,31634,8,173973
12115,0.00026,172.217.194.0-255,1484,33118,8,173973
12116,0.000292,172.31.36.0-255,66,33184,8,173973
12117,0.000296,172.217.194.0-255,2902,36086,8,173973
12118,0.000298,172.31.36.0-255,66,36152,8,173973
12119,0.000328,172.217.194.0-255,7156,43308,8,173973
12120,0.000331,172.31.36.0-255,66,43374,8,173973
12121,0.000346,172.31.36.0-255,66,43440,8,173973
12122,0.000471,172.217.194.0-255,1484,44924,8,173973
12123,0.000477,172.217.194.0-255,2902,47826,8,173973
12124,0.000481,172.31.36.0-255,66,47892,8,173973
12125,0.000487,172.217.194.0-255,2902,50794,8,173973
12126,0.000489,172.31.36.0-255,66,50860,8,173973
12127,0.000513,172.217.194.0-255,2902,53762,8,173973
12128,0.000516,172.31.36.0-255,66,53828,8,173973
12129,0.000527,172.217.194.0-255,5738,59566,8,173973
12130,0.000529,172.31.36.0-255,66,59632,8,173973
12131,0.000559,172.217.194.0-255,7156,66788,8,173973
12132,0.000562,172.31.36.0-255,66,66854,8,173973
12133,0.000576,172.31.36.0-255,66,66920,8,173973
12134,0.000782,172.217.194.0-255,1484,68404,8,173973
12135,0.000789,172.217.194.0-255,2902,71306,8,173973
12136,0.000793,172.31.36.0-255,66,71372,8,173973
12137,0.000798,172.217.194.0-255,2902,74274,8,173973
12138,0.0008,172.31.36.0-255,66,74340,8,173973
12139,0.000829,172.217.194.0-255,2902,77242,8,173973
12140,0.000831,172.31.36.0-255,66,77308,8,173973
12141,0.000846,172.31.36.0-255,66,77374,8,173973
12142,0.00085,172.217.194.0-255,2902,80276,8,173973
12143,0.000852,172.31.36.0-255,66,80342,8,173973
12144,0.000893,172.31.36.0-255,66,80408,8,173973
12145,0.000969,172.217.194.0-255,1484,81892,8,173973
12146,0.000974,172.217.194.0-255,1484,83376,8,173973
12147,0.000977,172.31.36.0-255,66,83442,8,173973
12148,0.001009,172.217.194.0-255,1484,84926,8,173973
12149,0.001016,172.217.194.0-255,5738,90664,8,173973
12150,0.001019,172.31.36.0-255,66,90730,8,173973
12151,0.001038,172.31.36.0-255,66,90796,8,173973
12152,0.001101,172.31.36.0-255,66,90862,8,173973
12153,0.001125,172.31.36.0-255,66,90928,8,173973
12154,0.001136,172.31.36.0-255,66,90994,8,173973
12155,0.001197,172.217.194.0-255,1484,92478,8,173973
12156,0.001202,172.217.194.0-255,2902,95380,8,173973
12157,0.001205,172.31.36.0-255,66,95446,8,173973
12158,0.001211,172.217.194.0-255,5738,101184,8,173973
12159,0.001213,172.31.36.0-255,66,101250,8,173973
12160,0.001218,172.217.194.0-255,2902,104152,8,173973
12161,0.00122,172.31.36.0-255,66,104218,8,173973
12162,0.001266,172.31.36.0-255,66,104284,8,173973
12163,0.001295,172.31.36.0-255,66,104350,8,173973
12164,0.001302,172.217.194.0-255,7156,111506,8,173973
12165,0.001304,172.31.36.0-255,66,111572,8,173973
12166,0.001319,172.31.36.0-255,66,111638,8,173973
12167,0.001353,172.217.194.0-255,5738,117376,8,173973
12168,0.001356,172.31.36.0-255,66,117442,8,173973
12169,0.0014,172.31.36.0-255,66,117508,8,173973
12170,0.001406,172.217.194.0-255,5020,122528,8,173973
12171,0.001409,172.31.36.0-255,66,122594,8,173973
12172,0.001427,172.31.36.0-255,66,122660,8,173973
12173,0.001451,172.217.194.0-255,5738,128398,8,173973
12174,0.001458,172.31.36.0-255,66,128464,8,173973
12175,0.001465,172.217.194.0-255,5020,133484,8,173973
12176,0.001467,172.31.36.0-255,66,133550,8,173973
12177,0.001475,172.217.194.0-255,7156,140706,8,173973
12178,0.001477,172.31.36.0-255,66,140772,8,173973
12179,0.001529,172.31.36.0-255,66,140838,8,173973
12180,0.001531,172.217.194.0-255,1484,142322,8,173973
12181,0.001534,172.217.194.0-255,766,143088,8,173973
12182,0.001537,172.31.36.0-255,66,143154,8,173973
12183,0.001663,172.217.194.0-255,1484,144638,8,173973
12184,0.001669,172.217.194.0-255,2902,147540,8,173973
12185,0.001672,172.31.36.0-255,66,147606,8,173973
12186,0.001676,172.217.194.0-255,1484,149090,8,173973
12187,0.001709,172.217.194.0-255,4320,153410,8,173973
12188,0.001711,172.31.36.0-255,66,153476,8,173973
12189,0.001725,172.31.36.0-255,66,153542,8,173973
12190,0.001737,172.217.194.0-255,7156,160698,8,173973
12191,0.00174,172.31.36.0-255,66,160764,8,173973
12192,0.001772,172.217.194.0-255,3602,164366,8,173973
12193,0.001777,172.31.36.0-255,66,164432,8,173973
12194,0.001796,172.31.36.0-255,66,164498,8,173973
12195,0.001824,172.217.194.0-255,105,164603,8,173973
12196,0.002679,172.31.36.0-255,101,164704,8,173973
12197,0.005201,172.217.194.0-255,66,164770,8,173973
12198,0.011429,172.31.36.0-255,105,164875,8,173973
12199,0.013965,172.217.194.0-255,66,164941,8,173973
12200,0.03139,172.31.36.0-255,172,165113,8,173973
12201,0.031422,172.31.36.0-255,1110,166223,8,173973
12202,0.03167,172.31.36.0-255,1514,167737,8,173973
12203,0.031672,172.31.36.0-255,1514,169251,8,173973
12204,0.031673,172.31.36.0-255,1514,170765,8,173973
12205,0.031678,172.31.36.0-255,1514,172279,8,173973
12206,0.031701,172.31.36.0-255,1496,173775,8,173973
12207,0.032945,104.244.42.0-255,66,173841,8,173973
12208,0.032956,104.244.42.0-255,66,173907,8,173973
12209,0.033273,104.244.42.0-255,66,173973,8,173973
12210,0.0,74.125.24.0-255,152,152,8,240218
12211,2.4e-05,172.31.36.0-255,66,218,8,240218
12212,3.1e-05,74.125.24.0-255,1484,1702,8,240218
12213,3.6e-05,172.31.36.0-255,66,1768,8,240218
12214,5.1e-05,74.125.24.0-255,2902,4670,8,240218
12215,5.4e-05,172.31.36.0-255,66,4736,8,240218
12216,6.2e-05,74.125.24.0-255,7156,11892,8,240218
12217,6.5e-05,172.31.36.0-255,66,11958,8,240218
12218,6.9e-05,74.125.24.0-255,2045,14003,8,240218
12219,7.1e-05,172.31.36.0-255,66,14069,8,240218
12220,0.00016,74.125.24.0-255,1484,15553,8,240218
12221,0.000163,172.31.36.0-255,66,15619,8,240218
12222,0.000167,74.125.24.0-255,1484,17103,8,240218
12223,0.00017,172.31.36.0-255,66,17169,8,240218
12224,0.000193,74.125.24.0-255,1484,18653,8,240218
12225,0.000195,172.31.36.0-255,66,18719,8,240218
12226,0.000206,74.125.24.0-255,5738,24457,8,240218
12227,0.000209,172.31.36.0-255,66,24523,8,240218
12228,0.000245,74.125.24.0-255,6797,31320,8,240218
12229,0.000248,172.31.36.0-255,66,31386,8,240218
12230,0.000295,74.125.24.0-255,7156,38542,8,240218
12231,0.000298,172.31.36.0-255,66,38608,8,240218
12232,0.000308,172.31.36.0-255,66,38674,8,240218
12233,0.000314,74.125.24.0-255,4320,42994,8,240218
12234,0.000322,172.31.36.0-255,66,43060,8,240218
12235,0.000361,172.31.36.0-255,66,43126,8,240218
12236,0.000368,74.125.24.0-255,5020,48146,8,240218
12237,0.00037,172.31.36.0-255,66,48212,8,240218
12238,0.000395,74.125.24.0-255,412,48624,8,240218
12239,0.000402,172.31.36.0-255,66,48690,8,240218
12240,0.000541,74.125.24.0-255,1484,50174,8,240218
12241,0.000547,74.125.24.0-255,2902,53076,8,240218
12242,0.000552,74.125.24.0-255,2902,55978,8,240218
12243,0.000568,74.125.24.0-255,2902,58880,8,240218
12244,0.000585,74.125.24.0-255,4320,63200,8,240218
12245,0.000591,172.31.36.0-255,66,63266,8,240218
12246,0.000662,172.31.36.0-255,66,63332,8,240218
12247,0.001631,74.125.24.0-255,1484,64816,8,240218
12248,0.001642,74.125.24.0-255,2902,67718,8,240218
12249,0.001646,172.31.36.0-255,66,67784,8,240218
12250,0.001682,74.125.24.0-255,5738,73522,8,240218
12251,0.001699,74.125.24.0-255,2902,76424,8,240218
12252,0.002078,74.125.24.0-255,1484,77908,8,240218
12253,0.002087,74.125.24.0-255,2902,80810,8,240218
12254,0.002091,74.125.24.0-255,2902,83712,8,240218
12255,0.002111,74.125.24.0-255,2902,86614,8,240218
12256,0.002115,74.125.24.0-255,1484,88098,8,240218
12257,0.002148,74.125.24.0-255,1484,89582,8,240218
12258,0.002185,74.125.24.0-255,7156,96738,8,240218
12259,0.002208,74.125.24.0-255,2902,99640,8,240218
12260,0.002277,74.125.24.0-255,4320,103960,8,240218
12261,0.00228,74.125.24.0-255,766,104726,8,240218
12262,0.002297,74.125.24.0-255,1484,106210,8,240218
12263,0.002321,74.125.24.0-255,7156,113366,8,240218
12264,0.002346,74.125.24.0-255,2902,116268,8,240218
12265,0.002494,74.125.24.0-255,5020,121288,8,240218
12266,0.0025,74.125.24.0-255,4320,125608,8,240218
12267,0.002519,74.125.24.0-255,7156,132764,8,240218
12268,0.002542,74.125.24.0-255,4320,137084,8,240218
12269,0.002564,74.125.24.0-255,2184,139268,8,240218
12270,0.006538,172.31.36.0-255,66,139334,8,240218
12271,0.008999,74.125.24.0-255,5738,145072,8,240218
12272,0.009006,172.31.36.0-255,66,145138,8,240218
12273,0.011478,74.125.24.0-255,5738,150876,8,240218
12274,0.011487,172.31.36.0-255,66,150942,8,240218
12275,0.013981,74.125.24.0-255,5738,156680,8,240218
12276,0.014644,172.31.36.0-255,66,156746,8,240218
12277,0.017102,74.125.24.0-255,5738,162484,8,240218
12278,0.017113,172.31.36.0-255,66,162550,8,240218
12279,0.019571,74.125.24.0-255,5738,168288,8,240218
12280,0.019578,172.31.36.0-255,66,168354,8,240218
12281,0.022058,74.125.24.0-255,5738,174092,8,240218
12282,0.022067,172.31.36.0-255,66,174158,8,240218
12283,0.02457,74.125.24.0-255,5738,179896,8,240218
12284,0.024585,172.31.36.0-255,66,179962,8,240218
12285,0.027056,74.125.24.0-255,5738,185700,8,240218
12286,0.027333,172.31.36.0-255,66,185766,8,240218
12287,0.029802,74.125.24.0-255,5738,191504,8,240218
12288,0.029816,172.31.36.0-255,66,191570,8,240218
12289,0.032268,74.125.24.0-255,5738,197308,8,240218
12290,0.032282,172.31.36.0-255,66,197374,8,240218
12291,0.034748,74.125.24.0-255,5738,203112,8,240218
12292,0.034761,172.31.36.0-255,66,203178,8,240218
12293,0.037255,74.125.24.0-255,5738,208916,8,240218
12294,0.037273,172.31.36.0-255,66,208982,8,240218
12295,0.039779,74.125.24.0-255,5738,214720,8,240218
12296,0.039797,172.31.36.0-255,66,214786,8,240218
12297,0.042258,74.125.24.0-255,5738,220524,8,240218
12298,0.042275,172.31.36.0-255,66,220590,8,240218
12299,0.044744,74.125.24.0-255,5738,226328,8,240218
12300,0.044759,172.31.36.0-255,66,226394,8,240218
12301,0.047219,74.125.24.0-255,5738,232132,8,240218
12302,0.047233,172.31.36.0-255,66,232198,8,240218
12303,0.049726,74.125.24.0-255,3419,235617,8,240218
12304,0.049736,172.31.36.0-255,66,235683,8,240218
12305,0.049958,172.31.36.0-255,105,235788,8,240218
12306,0.052399,74.125.24.0-255,66,235854,8,240218
12307,0.056474,172.31.36.0-255,172,236026,8,240218
12308,0.056507,172.31.36.0-255,1111,237137,8,240218
12309,0.056583,172.31.36.0-255,1514,238651,8,240218
12310,0.056585,172.31.36.0-255,1369,240020,8,240218
12311,0.058204,104.244.42.0-255,66,240086,8,240218
12312,0.058213,104.244.42.0-255,66,240152,8,240218
12313,0.058275,104.244.42.0-255,66,240218,8,240218
12314,0.0,172.217.24.0-255,153,153,8,314719
12315,3.1e-05,172.217.24.0-255,1484,1637,8,314719
12316,4e-05,172.31.36.0-255,66,1703,8,314719
12317,4.7e-05,172.217.24.0-255,2902,4605,8,314719
12318,5.1e-05,172.31.36.0-255,66,4671,8,314719
12319,5.8e-05,172.217.24.0-255,7156,11827,8,314719
12320,6.1e-05,172.31.36.0-255,66,11893,8,314719
12321,6.5e-05,172.217.24.0-255,1991,13884,8,314719
12322,6.8e-05,172.31.36.0-255,66,13950,8,314719
12323,9.3e-05,172.217.24.0-255,2902,16852,8,314719
12324,9.7e-05,172.31.36.0-255,66,16918,8,314719
12325,0.000101,172.217.24.0-255,2902,19820,8,314719
12326,0.000103,172.31.36.0-255,66,19886,8,314719
12327,0.000108,172.217.24.0-255,4320,24206,8,314719
12328,0.00011,172.31.36.0-255,66,24272,8,314719
12329,0.000147,172.217.24.0-255,6797,31069,8,314719
12330,0.000151,172.31.36.0-255,66,31135,8,314719
12331,0.000342,172.217.24.0-255,1484,32619,8,314719
12332,0.000348,172.217.24.0-255,2902,35521,8,314719
12333,0.000352,172.31.36.0-255,66,35587,8,314719
12334,0.000359,172.217.24.0-255,4320,39907,8,314719
12335,0.000361,172.31.36.0-255,66,39973,8,314719
12336,0.000374,172.217.24.0-255,1484,41457,8,314719
12337,0.00041,172.31.36.0-255,66,41523,8,314719
12338,0.00043,172.217.24.0-255,2543,44066,8,314719
12339,0.000433,172.31.36.0-255,66,44132,8,314719
12340,0.000439,172.217.24.0-255,5738,49870,8,314719
12341,0.000442,172.31.36.0-255,66,49936,8,314719
12342,0.000465,172.217.24.0-255,3961,53897,8,314719
12343,0.000468,172.31.36.0-255,66,53963,8,314719
12344,0.000691,172.217.24.0-255,390,54353,8,314719
12345,0.001395,172.217.24.0-255,118,54471,8,314719
12346,0.001436,172.217.24.0-255,1484,55955,8,314719
12347,0.001441,172.31.36.0-255,66,56021,8,314719
12348,0.001447,172.217.24.0-255,2902,58923,8,314719
12349,0.001449,172.31.36.0-255,66,58989,8,314719
12350,0.001455,172.217.24.0-255,5738,64727,8,314719
12351,0.001457,172.31.36.0-255,66,64793,8,314719
12352,0.001488,172.217.24.0-255,1484,66277,8,314719
12353,0.001495,172.217.24.0-255,7156,73433,8,314719
12354,0.001497,172.31.36.0-255,66,73499,8,314719
12355,0.001507,172.31.36.0-255,66,73565,8,314719
12356,0.001531,172.217.24.0-255,6438,80003,8,314719
12357,0.001534,172.31.36.0-255,66,80069,8,314719
12358,0.001596,172.217.24.0-255,1484,81553,8,314719
12359,0.001599,172.217.24.0-255,1484,83037,8,314719
12360,0.001602,172.31.36.0-255,66,83103,8,314719
12361,0.001621,172.217.24.0-255,1484,84587,8,314719
12362,0.001625,172.217.24.0-255,2902,87489,8,314719
12363,0.001627,172.31.36.0-255,66,87555,8,314719
12364,0.001651,172.217.24.0-255,1484,89039,8,314719
12365,0.001657,172.217.24.0-255,5738,94777,8,314719
12366,0.001659,172.31.36.0-255,66,94843,8,314719
12367,0.001664,172.217.24.0-255,4320,99163,8,314719
12368,0.001666,172.31.36.0-255,66,99229,8,314719
12369,0.001684,172.217.24.0-255,7156,106385,8,314719
12370,0.001687,172.31.36.0-255,66,106451,8,314719
12371,0.001692,172.217.24.0-255,4320,110771,8,314719
12372,0.001694,172.31.36.0-255,66,110837,8,314719
12373,0.00172,172.217.24.0-255,3602,114439,8,314719
12374,0.001724,172.31.36.0-255,66,114505,8,314719
12375,0.001778,172.217.24.0-255,1484,115989,8,314719
12376,0.001782,172.217.24.0-255,1484,117473,8,314719
12377,0.001785,172.31.36.0-255,66,117539,8,314719
12378,0.0018,172.217.24.0-255,1484,119023,8,314719
12379,0.001806,172.217.24.0-255,5738,124761,8,314719
12380,0.001808,172.31.36.0-255,66,124827,8,314719
12381,0.001841,172.31.36.0-255,66,124893,8,314719
12382,0.00185,172.31.36.0-255,66,124959,8,314719
12383,0.001897,172.217.24.0-255,2184,127143,8,314719
12384,0.001899,172.31.36.0-255,66,127209,8,314719
12385,0.001943,172.217.24.0-255,1484,128693,8,314719
12386,0.001948,172.217.24.0-255,2902,131595,8,314719
12387,0.001951,172.31.36.0-255,66,131661,8,314719
12388,0.001967,172.217.24.0-255,2902,134563,8,314719
12389,0.001969,172.31.36.0-255,66,134629,8,314719
12390,0.001983,172.217.24.0-255,1484,136113,8,314719
12391,0.001986,172.217.24.0-255,1484,137597,8,314719
12392,0.001988,172.31.36.0-255,66,137663,8,314719
12393,0.001991,172.217.24.0-255,1484,139147,8,314719
12394,0.001993,172.217.24.0-255,1484,140631,8,314719
12395,0.001994,172.31.36.0-255,66,140697,8,314719
12396,0.001998,172.217.24.0-255,2902,143599,8,314719
12397,0.002,172.31.36.0-255,66,143665,8,314719
12398,0.002007,172.217.24.0-255,5738,149403,8,314719
12399,0.00201,172.31.36.0-255,66,149469,8,314719
12400,0.002013,172.217.24.0-255,2902,152371,8,314719
12401,0.002016,172.31.36.0-255,66,152437,8,314719
12402,0.002019,172.217.24.0-255,1484,153921,8,314719
12403,0.002022,172.217.24.0-255,2902,156823,8,314719
12404,0.002025,172.31.36.0-255,66,156889,8,314719
12405,0.002027,172.217.24.0-255,1484,158373,8,314719
12406,0.002046,172.217.24.0-255,3602,161975,8,314719
12407,0.002048,172.31.36.0-255,66,162041,8,314719
12408,0.002204,172.217.24.0-255,1484,163525,8,314719
12409,0.002235,172.217.24.0-255,2902,166427,8,314719
12410,0.002238,172.31.36.0-255,66,166493,8,314719
12411,0.002244,172.217.24.0-255,4320,170813,8,314719
12412,0.002246,172.31.36.0-255,66,170879,8,314719
12413,0.002282,172.31.36.0-255,66,170945,8,314719
12414,0.002288,172.217.24.0-255,5738,176683,8,314719
12415,0.00229,172.31.36.0-255,66,176749,8,314719
12416,0.002303,172.217.24.0-255,2902,179651,8,314719
12417,0.002305,172.31.36.0-255,66,179717,8,314719
12418,0.002315,172.31.36.0-255,66,179783,8,314719
12419,0.002461,172.217.24.0-255,1484,181267,8,314719
12420,0.002474,172.217.24.0-255,2902,184169,8,314719
12421,0.002477,172.31.36.0-255,66,184235,8,314719
12422,0.002484,172.217.24.0-255,5738,189973,8,314719
12423,0.002486,172.31.36.0-255,66,190039,8,314719
12424,0.002495,172.217.24.0-255,4320,194359,8,314719
12425,0.002497,172.31.36.0-255,66,194425,8,314719
12426,0.002503,172.217.24.0-255,5738,200163,8,314719
12427,0.002505,172.31.36.0-255,66,200229,8,314719
12428,0.002537,172.31.36.0-255,66,200295,8,314719
12429,0.002555,172.217.24.0-255,1484,201779,8,314719
12430,0.00256,172.217.24.0-255,2184,203963,8,314719
12431,0.002562,172.31.36.0-255,66,204029,8,314719
12432,0.002595,172.217.24.0-255,2902,206931,8,314719
12433,0.002599,172.31.36.0-255,66,206997,8,314719
12434,0.002603,172.217.24.0-255,2902,209899,8,314719
12435,0.002605,172.31.36.0-255,66,209965,8,314719
12436,0.002615,172.217.24.0-255,1484,211449,8,314719
12437,0.002633,172.217.24.0-255,5738,217187,8,314719
12438,0.002635,172.31.36.0-255,66,217253,8,314719
12439,0.002654,172.217.24.0-255,2902,220155,8,314719
12440,0.002657,172.31.36.0-255,66,220221,8,314719
12441,0.002662,172.217.24.0-255,4320,224541,8,314719
12442,0.002663,172.31.36.0-255,66,224607,8,314719
12443,0.002696,172.31.36.0-255,66,224673,8,314719
12444,0.0027,172.217.24.0-255,3602,228275,8,314719
12445,0.002702,172.31.36.0-255,66,228341,8,314719
12446,0.002726,172.217.24.0-255,4320,232661,8,314719
12447,0.00273,172.217.24.0-255,2902,235563,8,314719
12448,0.002734,172.31.36.0-255,66,235629,8,314719
12449,0.002737,172.31.36.0-255,66,235695,8,314719
12450,0.002757,172.217.24.0-255,7156,242851,8,314719
12451,0.00276,172.31.36.0-255,66,242917,8,314719
12452,0.002767,172.217.24.0-255,7156,250073,8,314719
12453,0.002769,172.31.36.0-255,66,250139,8,314719
12454,0.002778,172.31.36.0-255,66,250205,8,314719
12455,0.002812,172.217.24.0-255,3602,253807,8,314719
12456,0.002815,172.31.36.0-255,66,253873,8,314719
12457,0.002851,172.217.24.0-255,1484,255357,8,314719
12458,0.002871,172.217.24.0-255,2902,258259,8,314719
12459,0.002874,172.31.36.0-255,66,258325,8,314719
12460,0.00288,172.217.24.0-255,5738,264063,8,314719
12461,0.002882,172.31.36.0-255,66,264129,8,314719
12462,0.002944,172.31.36.0-255,66,264195,8,314719
12463,0.002951,172.217.24.0-255,7156,271351,8,314719
12464,0.002953,172.31.36.0-255,66,271417,8,314719
12465,0.002957,172.217.24.0-255,3602,275019,8,314719
12466,0.002959,172.31.36.0-255,66,275085,8,314719
12467,0.003037,172.217.24.0-255,1484,276569,8,314719
12468,0.003042,172.217.24.0-255,2902,279471,8,314719
12469,0.003045,172.31.36.0-255,66,279537,8,314719
12470,0.00305,172.217.24.0-255,2902,282439,8,314719
12471,0.003051,172.31.36.0-255,66,282505,8,314719
12472,0.003066,172.217.24.0-255,4320,286825,8,314719
12473,0.003069,172.31.36.0-255,66,286891,8,314719
12474,0.003083,172.217.24.0-255,4320,291211,8,314719
12475,0.003085,172.31.36.0-255,66,291277,8,314719
12476,0.003102,172.217.24.0-255,4320,295597,8,314719
12477,0.003104,172.31.36.0-255,66,295663,8,314719
12478,0.003142,172.31.36.0-255,66,295729,8,314719
12479,0.00316,172.217.24.0-255,2902,298631,8,314719
12480,0.003162,172.31.36.0-255,66,298697,8,314719
12481,0.003165,172.217.24.0-255,1484,300181,8,314719
12482,0.003185,172.217.24.0-255,2902,303083,8,314719
12483,0.003187,172.31.36.0-255,66,303149,8,314719
12484,0.003205,172.217.24.0-255,2184,305333,8,314719
12485,0.003207,172.31.36.0-255,66,305399,8,314719
12486,0.003261,172.217.24.0-255,105,305504,8,314719
12487,0.005321,172.31.36.0-255,105,305609,8,314719
12488,0.007235,172.217.24.0-255,66,305675,8,314719
12489,0.023863,172.31.36.0-255,172,305847,8,314719
12490,0.023898,172.31.36.0-255,1110,306957,8,314719
12491,0.023969,172.31.36.0-255,1514,308471,8,314719
12492,0.023971,172.31.36.0-255,1514,309985,8,314719
12493,0.023976,172.31.36.0-255,1514,311499,8,314719
12494,0.023978,172.31.36.0-255,1514,313013,8,314719
12495,0.024029,172.31.36.0-255,1376,314389,8,314719
12496,0.025442,104.244.42.0-255,66,314455,8,314719
12497,0.025485,104.244.42.0-255,66,314521,8,314719
12498,0.025576,104.244.42.0-255,66,314587,8,314719
12499,0.025579,104.244.42.0-255,66,314653,8,314719
12500,0.025623,104.244.42.0-255,66,314719,8,314719
12501,0.0,74.125.130.0-255,153,153,8,346929
12502,2.5e-05,172.31.36.0-255,66,219,8,346929
12503,3.3e-05,74.125.130.0-255,1484,1703,8,346929
12504,3.7e-05,172.31.36.0-255,66,1769,8,346929
12505,4.3e-05,74.125.130.0-255,2902,4671,8,346929
12506,4.6e-05,172.31.36.0-255,66,4737,8,346929
12507,5e-05,74.125.130.0-255,1484,6221,8,346929
12508,5.3e-05,172.31.36.0-255,66,6287,8,346929
12509,8.3e-05,74.125.130.0-255,4320,10607,8,346929
12510,8.7e-05,172.31.36.0-255,66,10673,8,346929
12511,9e-05,74.125.130.0-255,1484,12157,8,346929
12512,9.2e-05,172.31.36.0-255,66,12223,8,346929
12513,9.7e-05,74.125.130.0-255,2048,14271,8,346929
12514,9.9e-05,172.31.36.0-255,66,14337,8,346929
12515,0.000193,74.125.130.0-255,1484,15821,8,346929
12516,0.000196,172.31.36.0-255,66,15887,8,346929
12517,0.000246,74.125.130.0-255,1484,17371,8,346929
12518,0.000249,172.31.36.0-255,66,17437,8,346929
12519,0.000267,74.125.130.0-255,2902,20339,8,346929
12520,0.000271,172.31.36.0-255,66,20405,8,346929
12521,0.00031,74.125.130.0-255,2902,23307,8,346929
12522,0.000314,172.31.36.0-255,66,23373,8,346929
12523,0.000333,74.125.130.0-255,2902,26275,8,346929
12524,0.000335,172.31.36.0-255,66,26341,8,346929
12525,0.000341,74.125.130.0-255,4320,30661,8,346929
12526,0.000345,172.31.36.0-255,66,30727,8,346929
12527,0.000361,74.125.130.0-255,1125,31852,8,346929
12528,0.000363,172.31.36.0-255,66,31918,8,346929
12529,0.000475,74.125.130.0-255,1484,33402,8,346929
12530,0.000478,172.31.36.0-255,66,33468,8,346929
12531,0.000482,74.125.130.0-255,1484,34952,8,346929
12532,0.000484,172.31.36.0-255,66,35018,8,346929
12533,0.0005,74.125.130.0-255,1484,36502,8,346929
12534,0.000508,74.125.130.0-255,5738,42240,8,346929
12535,0.000515,74.125.130.0-255,4320,46560,8,346929
12536,0.000545,74.125.130.0-255,5379,51939,8,346929
12537,0.000558,74.125.130.0-255,2902,54841,8,346929
12538,0.000582,74.125.130.0-255,4320,59161,8,346929
12539,0.000626,74.125.130.0-255,7087,66248,8,346929
12540,0.000637,74.125.130.0-255,98,66346,8,346929
12541,0.000677,74.125.130.0-255,364,66710,8,346929
12542,0.000712,172.31.36.0-255,66,66776,8,346929
12543,0.000938,74.125.130.0-255,1484,68260,8,346929
12544,0.000945,74.125.130.0-255,2902,71162,8,346929
12545,0.000968,74.125.130.0-255,4320,75482,8,346929
12546,0.000976,172.31.36.0-255,66,75548,8,346929
12547,0.000987,74.125.130.0-255,2902,78450,8,346929
12548,0.001,74.125.130.0-255,5738,84188,8,346929
12549,0.001042,74.125.130.0-255,5738,89926,8,346929
12550,0.001049,74.125.130.0-255,7156,97082,8,346929
12551,0.001055,74.125.130.0-255,3602,100684,8,346929
12552,0.001082,172.31.36.0-255,66,100750,8,346929
12553,0.001691,74.125.130.0-255,1484,102234,8,346929
12554,0.001699,74.125.130.0-255,2902,105136,8,346929
12555,0.001703,172.31.36.0-255,66,105202,8,346929
12556,0.001709,74.125.130.0-255,2902,108104,8,346929
12557,0.001714,172.31.36.0-255,66,108170,8,346929
12558,0.001723,74.125.130.0-255,1484,109654,8,346929
12559,0.001741,74.125.130.0-255,1484,111138,8,346929
12560,0.001749,172.31.36.0-255,66,111204,8,346929
12561,0.001761,74.125.130.0-255,4320,115524,8,346929
12562,0.001768,74.125.130.0-255,5738,121262,8,346929
12563,0.001791,74.125.130.0-255,5738,127000,8,346929
12564,0.001802,172.31.36.0-255,66,127066,8,346929
12565,0.001814,74.125.130.0-255,1484,128550,8,346929
12566,0.001838,74.125.130.0-255,6438,134988,8,346929
12567,0.001853,172.31.36.0-255,66,135054,8,346929
12568,0.00423,74.125.130.0-255,5738,140792,8,346929
12569,0.004248,172.31.36.0-255,66,140858,8,346929
12570,0.006631,74.125.130.0-255,5738,146596,8,346929
12571,0.00665,172.31.36.0-255,66,146662,8,346929
12572,0.009036,74.125.130.0-255,5738,152400,8,346929
12573,0.009053,172.31.36.0-255,66,152466,8,346929
12574,0.011435,74.125.130.0-255,5738,158204,8,346929
12575,0.011453,172.31.36.0-255,66,158270,8,346929
12576,0.013845,74.125.130.0-255,5738,164008,8,346929
12577,0.013865,172.31.36.0-255,66,164074,8,346929
12578,0.016264,74.125.130.0-255,5738,169812,8,346929
12579,0.016286,172.31.36.0-255,66,169878,8,346929
12580,0.018671,74.125.130.0-255,5738,175616,8,346929
12581,0.018692,172.31.36.0-255,66,175682,8,346929
12582,0.021069,74.125.130.0-255,5738,181420,8,346929
12583,0.021087,172.31.36.0-255,66,181486,8,346929
12584,0.023471,74.125.130.0-255,5738,187224,8,346929
12585,0.023491,172.31.36.0-255,66,187290,8,346929
12586,0.025866,74.125.130.0-255,5738,193028,8,346929
12587,0.025882,172.31.36.0-255,66,193094,8,346929
12588,0.028248,74.125.130.0-255,4320,197414,8,346929
12589,0.028258,172.31.36.0-255,66,197480,8,346929
12590,0.028276,74.125.130.0-255,1484,198964,8,346929
12591,0.029164,172.31.36.0-255,167,199131,8,346929
12592,0.029195,172.31.36.0-255,1111,200242,8,346929
12593,0.029254,172.31.36.0-255,1514,201756,8,346929
12594,0.029256,172.31.36.0-255,1293,203049,8,346929
12595,0.030614,74.125.130.0-255,4320,207369,8,346929
12596,0.030624,172.31.36.0-255,66,207435,8,346929
12597,0.030837,104.244.42.0-255,66,207501,8,346929
12598,0.030846,104.244.42.0-255,66,207567,8,346929
12599,0.030949,104.244.42.0-255,66,207633,8,346929
12600,0.032996,74.125.130.0-255,5738,213371,8,346929
12601,0.03334,172.31.36.0-255,66,213437,8,346929
12602,0.035716,74.125.130.0-255,5738,219175,8,346929
12603,0.035736,172.31.36.0-255,66,219241,8,346929
12604,0.038122,74.125.130.0-255,5738,224979,8,346929
12605,0.038137,172.31.36.0-255,66,225045,8,346929
12606,0.040521,74.125.130.0-255,5738,230783,8,346929
12607,0.040533,172.31.36.0-255,66,230849,8,346929
12608,0.042911,74.125.130.0-255,5738,236587,8,346929
12609,0.042922,172.31.36.0-255,66,236653,8,346929
12610,0.045297,74.125.130.0-255,5738,242391,8,346929
12611,0.045306,172.31.36.0-255,66,242457,8,346929
12612,0.047672,74.125.130.0-255,5738,248195,8,346929
12613,0.047687,172.31.36.0-255,66,248261,8,346929
12614,0.050079,74.125.130.0-255,5738,253999,8,346929
12615,0.050097,172.31.36.0-255,66,254065,8,346929
12616,0.052475,74.125.130.0-255,5738,259803,8,346929
12617,0.052488,172.31.36.0-255,66,259869,8,346929
12618,0.054892,74.125.130.0-255,5738,265607,8,346929
12619,0.054909,172.31.36.0-255,66,265673,8,346929
12620,0.057282,74.125.130.0-255,5738,271411,8,346929
12621,0.057291,172.31.36.0-255,66,271477,8,346929
12622,0.059711,74.125.130.0-255,5738,277215,8,346929
12623,0.059722,172.31.36.0-255,66,277281,8,346929
12624,0.062161,74.125.130.0-255,5738,283019,8,346929
12625,0.062171,172.31.36.0-255,66,283085,8,346929
12626,0.064561,74.125.130.0-255,5738,288823,8,346929
12627,0.06457,172.31.36.0-255,66,288889,8,346929
12628,0.066983,74.125.130.0-255,5738,294627,8,346929
12629,0.066996,172.31.36.0-255,66,294693,8,346929
12630,0.069383,74.125.130.0-255,5738,300431,8,346929
12631,0.069401,172.31.36.0-255,66,300497,8,346929
12632,0.071776,74.125.130.0-255,5738,306235,8,346929
12633,0.071793,172.31.36.0-255,66,306301,8,346929
12634,0.074188,74.125.130.0-255,5738,312039,8,346929
12635,0.074206,172.31.36.0-255,66,312105,8,346929
12636,0.076593,74.125.130.0-255,5738,317843,8,346929
12637,0.0766,172.31.36.0-255,66,317909,8,346929
12638,0.078976,74.125.130.0-255,5738,323647,8,346929
12639,0.078983,172.31.36.0-255,66,323713,8,346929
12640,0.081368,74.125.130.0-255,5738,329451,8,346929
12641,0.081375,172.31.36.0-255,66,329517,8,346929
12642,0.083728,74.125.130.0-255,5738,335255,8,346929
12643,0.083735,172.31.36.0-255,66,335321,8,346929
12644,0.086105,74.125.130.0-255,5738,341059,8,346929
12645,0.086112,172.31.36.0-255,66,341125,8,346929
12646,0.08848,74.125.130.0-255,5738,346863,8,346929
12647,0.08849,172.31.36.0-255,66,346929,8,346929
12648,0.0,74.125.24.0-255,153,153,8,328843
12649,3.5e-05,172.31.36.0-255,66,219,8,328843
12650,4.2e-05,74.125.24.0-255,1484,1703,8,328843
12651,4.6e-05,172.31.36.0-255,66,1769,8,328843
12652,5.1e-05,74.125.24.0-255,2902,4671,8,328843
12653,5.3e-05,172.31.36.0-255,66,4737,8,328843
12654,6.8e-05,74.125.24.0-255,5738,10475,8,328843
12655,7.1e-05,172.31.36.0-255,66,10541,8,328843
12656,0.000115,74.125.24.0-255,3466,14007,8,328843
12657,0.000119,172.31.36.0-255,66,14073,8,328843
12658,0.000274,74.125.24.0-255,1484,15557,8,328843
12659,0.000279,172.31.36.0-255,66,15623,8,328843
12660,0.000285,74.125.24.0-255,2902,18525,8,328843
12661,0.000287,172.31.36.0-255,66,18591,8,328843
12662,0.00029,74.125.24.0-255,1484,20075,8,328843
12663,0.000299,172.31.36.0-255,66,20141,8,328843
12664,0.00033,74.125.24.0-255,4320,24461,8,328843
12665,0.000333,172.31.36.0-255,66,24527,8,328843
12666,0.000364,74.125.24.0-255,6797,31324,8,328843
12667,0.000367,172.31.36.0-255,66,31390,8,328843
12668,0.000373,74.125.24.0-255,5738,37128,8,328843
12669,0.000377,172.31.36.0-255,66,37194,8,328843
12670,0.000396,74.125.24.0-255,1484,38678,8,328843
12671,0.000399,172.31.36.0-255,66,38744,8,328843
12672,0.00042,172.31.36.0-255,66,38810,8,328843
12673,0.000561,74.125.24.0-255,1484,40294,8,328843
12674,0.000566,172.31.36.0-255,66,40360,8,328843
12675,0.000594,74.125.24.0-255,2902,43262,8,328843
12676,0.000597,172.31.36.0-255,66,43328,8,328843
12677,0.000601,74.125.24.0-255,2902,46230,8,328843
12678,0.000603,172.31.36.0-255,66,46296,8,328843
12679,0.000628,74.125.24.0-255,2902,49198,8,328843
12680,0.000631,172.31.36.0-255,66,49264,8,328843
12681,0.000659,74.125.24.0-255,6797,56061,8,328843
12682,0.000662,172.31.36.0-255,66,56127,8,328843
12683,0.000708,74.125.24.0-255,394,56521,8,328843
12684,0.000809,172.31.36.0-255,66,56587,8,328843
12685,0.000882,74.125.24.0-255,114,56701,8,328843
12686,0.000912,172.31.36.0-255,66,56767,8,328843
12687,0.000972,74.125.24.0-255,1484,58251,8,328843
12688,0.00099,74.125.24.0-255,2902,61153,8,328843
12689,0.000994,172.31.36.0-255,66,61219,8,328843
12690,0.001,74.125.24.0-255,2902,64121,8,328843
12691,0.001002,172.31.36.0-255,66,64187,8,328843
12692,0.001025,74.125.24.0-255,2902,67089,8,328843
12693,0.001033,172.31.36.0-255,66,67155,8,328843
12694,0.001039,74.125.24.0-255,4320,71475,8,328843
12695,0.001041,172.31.36.0-255,66,71541,8,328843
12696,0.001044,74.125.24.0-255,1484,73025,8,328843
12697,0.001082,172.31.36.0-255,66,73091,8,328843
12698,0.001115,74.125.24.0-255,1484,74575,8,328843
12699,0.001153,172.31.36.0-255,66,74641,8,328843
12700,0.003403,74.125.24.0-255,1484,76125,8,328843
12701,0.003411,74.125.24.0-255,2902,79027,8,328843
12702,0.003416,172.31.36.0-255,66,79093,8,328843
12703,0.003445,74.125.24.0-255,1484,80577,8,328843
12704,0.005457,74.125.24.0-255,4320,84897,8,328843
12705,0.005464,172.31.36.0-255,66,84963,8,328843
12706,0.007446,74.125.24.0-255,5738,90701,8,328843
12707,0.007451,172.31.36.0-255,66,90767,8,328843
12708,0.00947,74.125.24.0-255,5738,96505,8,328843
12709,0.009476,172.31.36.0-255,66,96571,8,328843
12710,0.011478,74.125.24.0-255,5738,102309,8,328843
12711,0.011485,172.31.36.0-255,66,102375,8,328843
12712,0.013539,74.125.24.0-255,5738,108113,8,328843
12713,0.013546,172.31.36.0-255,66,108179,8,328843
12714,0.015553,74.125.24.0-255,5738,113917,8,328843
12715,0.01556,172.31.36.0-255,66,113983,8,328843
12716,0.01756,74.125.24.0-255,5738,119721,8,328843
12717,0.017576,172.31.36.0-255,66,119787,8,328843
12718,0.019582,74.125.24.0-255,5738,125525,8,328843
12719,0.019589,172.31.36.0-255,66,125591,8,328843
12720,0.021597,74.125.24.0-255,2902,128493,8,328843
12721,0.021604,172.31.36.0-255,66,128559,8,328843
12722,0.021634,74.125.24.0-255,2902,131461,8,328843
12723,0.021638,172.31.36.0-255,66,131527,8,328843
12724,0.02357,172.31.36.0-255,172,131699,8,328843
12725,0.023598,74.125.24.0-255,2902,134601,8,328843
12726,0.023603,172.31.36.0-255,66,134667,8,328843
12727,0.023607,172.31.36.0-255,1109,135776,8,328843
12728,0.023635,74.125.24.0-255,2902,138678,8,328843
12729,0.023638,172.31.36.0-255,66,138744,8,328843
12730,0.023695,172.31.36.0-255,1514,140258,8,328843
12731,0.023697,172.31.36.0-255,407,140665,8,328843
12732,0.02515,104.244.42.0-255,66,140731,8,328843
12733,0.025157,104.244.42.0-255,66,140797,8,328843
12734,0.025237,104.244.42.0-255,66,140863,8,328843
12735,0.025579,74.125.24.0-255,1484,142347,8,328843
12736,0.025615,74.125.24.0-255,4320,146667,8,328843
12737,0.02562,172.31.36.0-255,66,146733,8,328843
12738,0.025864,104.244.42.0-255,108,146841,8,328843
12739,0.025869,172.31.36.0-255,66,146907,8,328843
12740,0.027591,74.125.24.0-255,5738,152645,8,328843
12741,0.027596,172.31.36.0-255,66,152711,8,328843
12742,0.029572,74.125.24.0-255,5738,158449,8,328843
12743,0.029577,172.31.36.0-255,66,158515,8,328843
12744,0.031558,74.125.24.0-255,4320,162835,8,328843
12745,0.031563,172.31.36.0-255,66,162901,8,328843
12746,0.031599,74.125.24.0-255,1484,164385,8,328843
12747,0.033554,74.125.24.0-255,4320,168705,8,328843
12748,0.033559,172.31.36.0-255,66,168771,8,328843
12749,0.035539,74.125.24.0-255,4320,173091,8,328843
12750,0.035544,172.31.36.0-255,66,173157,8,328843
12751,0.035579,74.125.24.0-255,1484,174641,8,328843
12752,0.03751,74.125.24.0-255,4320,178961,8,328843
12753,0.037515,172.31.36.0-255,66,179027,8,328843
12754,0.039513,74.125.24.0-255,5738,184765,8,328843
12755,0.039518,172.31.36.0-255,66,184831,8,328843
12756,0.041516,74.125.24.0-255,5738,190569,8,328843
12757,0.041522,172.31.36.0-255,66,190635,8,328843
12758,0.043527,74.125.24.0-255,5738,196373,8,328843
12759,0.043533,172.31.36.0-255,66,196439,8,328843
12760,0.045671,74.125.24.0-255,5738,202177,8,328843
12761,0.045676,172.31.36.0-255,66,202243,8,328843
12762,0.047685,74.125.24.0-255,5738,207981,8,328843
12763,0.047694,172.31.36.0-255,66,208047,8,328843
12764,0.04969,74.125.24.0-255,5738,213785,8,328843
12765,0.049698,172.31.36.0-255,66,213851,8,328843
12766,0.051697,74.125.24.0-255,5738,219589,8,328843
12767,0.051704,172.31.36.0-255,66,219655,8,328843
12768,0.053729,74.125.24.0-255,4320,223975,8,328843
12769,0.053735,172.31.36.0-255,66,224041,8,328843
12770,0.053779,74.125.24.0-255,1484,225525,8,328843
12771,0.055727,74.125.24.0-255,4320,229845,8,328843
12772,0.055738,172.31.36.0-255,66,229911,8,328843
12773,0.057726,74.125.24.0-255,5738,235649,8,328843
12774,0.057733,172.31.36.0-255,66,235715,8,328843
12775,0.05974,74.125.24.0-255,5738,241453,8,328843
12776,0.059746,172.31.36.0-255,66,241519,8,328843
12777,0.06176,74.125.24.0-255,2902,244421,8,328843
12778,0.061765,172.31.36.0-255,66,244487,8,328843
12779,0.061803,74.125.24.0-255,2902,247389,8,328843
12780,0.061807,172.31.36.0-255,66,247455,8,328843
12781,0.06376,74.125.24.0-255,2902,250357,8,328843
12782,0.063765,172.31.36.0-255,66,250423,8,328843
12783,0.0638,74.125.24.0-255,2902,253325,8,328843
12784,0.063803,172.31.36.0-255,66,253391,8,328843
12785,0.065777,74.125.24.0-255,5738,259129,8,328843
12786,0.065782,172.31.36.0-255,66,259195,8,328843
12787,0.067777,74.125.24.0-255,5738,264933,8,328843
12788,0.067783,172.31.36.0-255,66,264999,8,328843
12789,0.069755,74.125.24.0-255,5738,270737,8,328843
12790,0.069762,172.31.36.0-255,66,270803,8,328843
12791,0.071774,74.125.24.0-255,5738,276541,8,328843
12792,0.071779,172.31.36.0-255,66,276607,8,328843
12793,0.073788,74.125.24.0-255,5738,282345,8,328843
12794,0.073793,172.31.36.0-255,66,282411,8,328843
12795,0.075779,74.125.24.0-255,5738,288149,8,328843
12796,0.075782,172.31.36.0-255,66,288215,8,328843
12797,0.077791,74.125.24.0-255,5738,293953,8,328843
12798,0.077796,172.31.36.0-255,66,294019,8,328843
12799,0.079803,74.125.24.0-255,5738,299757,8,328843
12800,0.079813,172.31.36.0-255,66,299823,8,328843
12801,0.081813,74.125.24.0-255,5738,305561,8,328843
12802,0.081821,172.31.36.0-255,66,305627,8,328843
12803,0.083825,74.125.24.0-255,5738,311365,8,328843
12804,0.083831,172.31.36.0-255,66,311431,8,328843
12805,0.085837,74.125.24.0-255,5738,317169,8,328843
12806,0.085844,172.31.36.0-255,66,317235,8,328843
12807,0.087823,74.125.24.0-255,5738,322973,8,328843
12808,0.087829,172.31.36.0-255,66,323039,8,328843
12809,0.089819,74.125.24.0-255,5738,328777,8,328843
12810,0.089824,172.31.36.0-255,66,328843,8,328843
12811,0.0,74.125.130.0-255,152,152,8,336001
12812,3.8e-05,172.31.36.0-255,66,218,8,336001
12813,4.5e-05,74.125.130.0-255,1484,1702,8,336001
12814,5e-05,172.31.36.0-255,66,1768,8,336001
12815,5.5e-05,74.125.130.0-255,2902,4670,8,336001
12816,5.8e-05,172.31.36.0-255,66,4736,8,336001
12817,7.1e-05,74.125.130.0-255,4320,9056,8,336001
12818,7.4e-05,172.31.36.0-255,66,9122,8,336001
12819,8e-05,74.125.130.0-255,4874,13996,8,336001
12820,8.2e-05,172.31.36.0-255,66,14062,8,336001
12821,0.000133,172.31.36.0-255,66,14128,8,336001
12822,0.000139,74.125.130.0-255,5379,19507,8,336001
12823,0.000141,172.31.36.0-255,66,19573,8,336001
12824,0.000211,74.125.130.0-255,1484,21057,8,336001
12825,0.000215,172.31.36.0-255,66,21123,8,336001
12826,0.000243,74.125.130.0-255,2902,24025,8,336001
12827,0.000247,172.31.36.0-255,66,24091,8,336001
12828,0.000254,74.125.130.0-255,5738,29829,8,336001
12829,0.000257,172.31.36.0-255,66,29895,8,336001
12830,0.000304,172.31.36.0-255,66,29961,8,336001
12831,0.000337,74.125.130.0-255,1484,31445,8,336001
12832,0.00034,172.31.36.0-255,66,31511,8,336001
12833,0.000378,172.31.36.0-255,66,31577,8,336001
12834,0.000798,74.125.130.0-255,646,32223,8,336001
12835,0.000804,172.31.36.0-255,66,32289,8,336001
12836,0.001114,74.125.130.0-255,1484,33773,8,336001
12837,0.00112,172.31.36.0-255,66,33839,8,336001
12838,0.001128,74.125.130.0-255,2902,36741,8,336001
12839,0.001131,172.31.36.0-255,66,36807,8,336001
12840,0.001146,74.125.130.0-255,5738,42545,8,336001
12841,0.001173,74.125.130.0-255,4320,46865,8,336001
12842,0.001219,74.125.130.0-255,4320,51185,8,336001
12843,0.001236,74.125.130.0-255,6438,57623,8,336001
12844,0.001802,74.125.130.0-255,1484,59107,8,336001
12845,0.00181,74.125.130.0-255,2902,62009,8,336001
12846,0.001827,74.125.130.0-255,2902,64911,8,336001
12847,0.001845,74.125.130.0-255,2902,67813,8,336001
12848,0.001849,74.125.130.0-255,2902,70715,8,336001
12849,0.001868,74.125.130.0-255,4320,75035,8,336001
12850,0.001872,74.125.130.0-255,4320,79355,8,336001
12851,0.001903,74.125.130.0-255,2184,81539,8,336001
12852,0.002036,74.125.130.0-255,1484,83023,8,336001
12853,0.002052,74.125.130.0-255,2902,85925,8,336001
12854,0.002072,74.125.130.0-255,5738,91663,8,336001
12855,0.00209,74.125.130.0-255,5738,97401,8,336001
12856,0.002106,74.125.130.0-255,5738,103139,8,336001
12857,0.004867,172.31.36.0-255,66,103205,8,336001
12858,0.00693,74.125.130.0-255,5738,108943,8,336001
12859,0.006936,172.31.36.0-255,66,109009,8,336001
12860,0.008977,74.125.130.0-255,5738,114747,8,336001
12861,0.008984,172.31.36.0-255,66,114813,8,336001
12862,0.011119,74.125.130.0-255,5738,120551,8,336001
12863,0.012592,172.31.36.0-255,66,120617,8,336001
12864,0.014635,74.125.130.0-255,5738,126355,8,336001
12865,0.014643,172.31.36.0-255,66,126421,8,336001
12866,0.016864,74.125.130.0-255,5738,132159,8,336001
12867,0.016873,172.31.36.0-255,66,132225,8,336001
12868,0.018919,74.125.130.0-255,5738,137963,8,336001
12869,0.018927,172.31.36.0-255,66,138029,8,336001
12870,0.020991,74.125.130.0-255,5738,143767,8,336001
12871,0.020998,172.31.36.0-255,66,143833,8,336001
12872,0.023059,74.125.130.0-255,5738,149571,8,336001
12873,0.023067,172.31.36.0-255,66,149637,8,336001
12874,0.0251,74.125.130.0-255,4320,153957,8,336001
12875,0.025107,172.31.36.0-255,66,154023,8,336001
12876,0.025139,74.125.130.0-255,1484,155507,8,336001
12877,0.027147,74.125.130.0-255,4320,159827,8,336001
12878,0.027155,172.31.36.0-255,66,159893,8,336001
12879,0.029199,74.125.130.0-255,5738,165631,8,336001
12880,0.029258,172.31.36.0-255,66,165697,8,336001
12881,0.031297,74.125.130.0-255,5738,171435,8,336001
12882,0.031305,172.31.36.0-255,66,171501,8,336001
12883,0.032017,172.31.36.0-255,172,171673,8,336001
12884,0.032047,172.31.36.0-255,1111,172784,8,336001
12885,0.032095,172.31.36.0-255,1514,174298,8,336001
12886,0.032097,172.31.36.0-255,1514,175812,8,336001
12887,0.032101,172.31.36.0-255,1514,177326,8,336001
12888,0.032102,172.31.36.0-255,1514,178840,8,336001
12889,0.032122,172.31.36.0-255,1514,180354,8,336001
12890,0.032123,172.31.36.0-255,875,181229,8,336001
12891,0.033346,74.125.130.0-255,5738,186967,8,336001
12892,0.033353,172.31.36.0-255,66,187033,8,336001
12893,0.033581,104.244.42.0-255,66,187099,8,336001
12894,0.033588,104.244.42.0-255,66,187165,8,336001
12895,0.033691,104.244.42.0-255,66,187231,8,336001
12896,0.033697,104.244.42.0-255,66,187297,8,336001
12897,0.035443,74.125.130.0-255,5738,193035,8,336001
12898,0.03545,172.31.36.0-255,66,193101,8,336001
12899,0.037491,74.125.130.0-255,5738,198839,8,336001
12900,0.037498,172.31.36.0-255,66,198905,8,336001
12901,0.039552,74.125.130.0-255,5738,204643,8,336001
12902,0.039559,172.31.36.0-255,66,204709,8,336001
12903,0.041635,74.125.130.0-255,5738,210447,8,336001
12904,0.041652,172.31.36.0-255,66,210513,8,336001
12905,0.043721,74.125.130.0-255,5738,216251,8,336001
12906,0.044667,172.31.36.0-255,66,216317,8,336001
12907,0.04673,74.125.130.0-255,5738,222055,8,336001
12908,0.04675,172.31.36.0-255,66,222121,8,336001
12909,0.048804,74.125.130.0-255,2902,225023,8,336001
12910,0.048815,172.31.36.0-255,66,225089,8,336001
12911,0.048858,74.125.130.0-255,2902,227991,8,336001
12912,0.048875,172.31.36.0-255,66,228057,8,336001
12913,0.050862,74.125.130.0-255,2902,230959,8,336001
12914,0.050869,172.31.36.0-255,66,231025,8,336001
12915,0.050913,74.125.130.0-255,2902,233927,8,336001
12916,0.050926,172.31.36.0-255,66,233993,8,336001
12917,0.052201,172.31.36.0-255,108,234101,8,336001
12918,0.053039,74.125.130.0-255,5738,239839,8,336001
12919,0.053089,172.31.36.0-255,66,239905,8,336001
12920,0.053729,104.244.42.0-255,66,239971,8,336001
12921,0.055121,74.125.130.0-255,4320,244291,8,336001
12922,0.055127,172.31.36.0-255,66,244357,8,336001
12923,0.05516,74.125.130.0-255,1484,245841,8,336001
12924,0.057212,74.125.130.0-255,4320,250161,8,336001
12925,0.057222,172.31.36.0-255,66,250227,8,336001
12926,0.059269,74.125.130.0-255,1484,251711,8,336001
12927,0.059292,74.125.130.0-255,4320,256031,8,336001
12928,0.06053,172.31.36.0-255,66,256097,8,336001
12929,0.062579,74.125.130.0-255,4320,260417,8,336001
12930,0.062586,172.31.36.0-255,66,260483,8,336001
12931,0.062611,74.125.130.0-255,1484,261967,8,336001
12932,0.064636,74.125.130.0-255,4320,266287,8,336001
12933,0.064643,172.31.36.0-255,66,266353,8,336001
12934,0.066694,74.125.130.0-255,5738,272091,8,336001
12935,0.066754,172.31.36.0-255,66,272157,8,336001
12936,0.068822,74.125.130.0-255,5738,277895,8,336001
12937,0.06883,172.31.36.0-255,66,277961,8,336001
12938,0.070896,74.125.130.0-255,5738,283699,8,336001
12939,0.07091,172.31.36.0-255,66,283765,8,336001
12940,0.072959,74.125.130.0-255,5738,289503,8,336001
12941,0.072969,172.31.36.0-255,66,289569,8,336001
12942,0.075013,74.125.130.0-255,5738,295307,8,336001
12943,0.075021,172.31.36.0-255,66,295373,8,336001
12944,0.077079,74.125.130.0-255,5738,301111,8,336001
12945,0.077087,172.31.36.0-255,66,301177,8,336001
12946,0.079144,74.125.130.0-255,5738,306915,8,336001
12947,0.079151,172.31.36.0-255,66,306981,8,336001
12948,0.081199,74.125.130.0-255,5738,312719,8,336001
12949,0.081208,172.31.36.0-255,66,312785,8,336001
12950,0.083297,74.125.130.0-255,5738,318523,8,336001
12951,0.083308,172.31.36.0-255,66,318589,8,336001
12952,0.08536,74.125.130.0-255,5738,324327,8,336001
12953,0.085369,172.31.36.0-255,66,324393,8,336001
12954,0.087412,74.125.130.0-255,5738,330131,8,336001
12955,0.087418,172.31.36.0-255,66,330197,8,336001
12956,0.089462,74.125.130.0-255,5738,335935,8,336001
12957,0.089468,172.31.36.0-255,66,336001,8,336001
12958,0.0,74.125.130.0-255,155,155,8,395422
12959,3e-05,172.31.36.0-255,66,221,8,395422
12960,3.7e-05,74.125.130.0-255,1484,1705,8,395422
12961,4.2e-05,172.31.36.0-255,66,1771,8,395422
12962,5.9e-05,74.125.130.0-255,2902,4673,8,395422
12963,6.2e-05,172.31.36.0-255,66,4739,8,395422
12964,6.5e-05,74.125.130.0-255,1484,6223,8,395422
12965,6.8e-05,172.31.36.0-255,66,6289,8,395422
12966,8.9e-05,74.125.130.0-255,4320,10609,8,395422
12967,9.1e-05,172.31.36.0-255,66,10675,8,395422
12968,0.000125,74.125.130.0-255,3492,14167,8,395422
12969,0.000128,172.31.36.0-255,66,14233,8,395422
12970,0.000272,74.125.130.0-255,1484,15717,8,395422
12971,0.000276,172.31.36.0-255,66,15783,8,395422
12972,0.000281,74.125.130.0-255,1484,17267,8,395422
12973,0.000283,172.31.36.0-255,66,17333,8,395422
12974,0.000295,74.125.130.0-255,1484,18817,8,395422
12975,0.000297,172.31.36.0-255,66,18883,8,395422
12976,0.000302,74.125.130.0-255,2902,21785,8,395422
12977,0.000305,172.31.36.0-255,66,21851,8,395422
12978,0.000324,74.125.130.0-255,2902,24753,8,395422
12979,0.000328,172.31.36.0-255,66,24819,8,395422
12980,0.000335,74.125.130.0-255,6797,31616,8,395422
12981,0.000338,172.31.36.0-255,66,31682,8,395422
12982,0.000374,74.125.130.0-255,5738,37420,8,395422
12983,0.000379,172.31.36.0-255,66,37486,8,395422
12984,0.000398,74.125.130.0-255,1484,38970,8,395422
12985,0.0004,172.31.36.0-255,66,39036,8,395422
12986,0.000411,74.125.130.0-255,1125,40161,8,395422
12987,0.000413,172.31.36.0-255,66,40227,8,395422
12988,0.000417,172.31.36.0-255,66,40293,8,395422
12989,0.000497,74.125.130.0-255,1484,41777,8,395422
12990,0.000514,74.125.130.0-255,2902,44679,8,395422
12991,0.000518,172.31.36.0-255,66,44745,8,395422
12992,0.000522,74.125.130.0-255,1484,46229,8,395422
12993,0.00054,74.125.130.0-255,2902,49131,8,395422
12994,0.000543,172.31.36.0-255,66,49197,8,395422
12995,0.000549,74.125.130.0-255,2902,52099,8,395422
12996,0.000552,172.31.36.0-255,66,52165,8,395422
12997,0.000565,74.125.130.0-255,2902,55067,8,395422
12998,0.000567,172.31.36.0-255,66,55133,8,395422
12999,0.000583,74.125.130.0-255,2795,57928,8,395422
13000,0.000586,172.31.36.0-255,66,57994,8,395422
13001,0.000602,74.125.130.0-255,119,58113,8,395422
13002,0.000723,74.125.130.0-255,380,58493,8,395422
13003,0.000875,172.31.36.0-255,66,58559,8,395422
13004,0.001115,74.125.130.0-255,1484,60043,8,395422
13005,0.001125,74.125.130.0-255,2902,62945,8,395422
13006,0.001129,172.31.36.0-255,66,63011,8,395422
13007,0.001147,74.125.130.0-255,2902,65913,8,395422
13008,0.00115,172.31.36.0-255,66,65979,8,395422
13009,0.001172,74.125.130.0-255,1484,67463,8,395422
13010,0.001184,172.31.36.0-255,66,67529,8,395422
13011,0.001188,74.125.130.0-255,2902,70431,8,395422
13012,0.00119,172.31.36.0-255,66,70497,8,395422
13013,0.001206,74.125.130.0-255,2902,73399,8,395422
13014,0.001208,172.31.36.0-255,66,73465,8,395422
13015,0.001216,74.125.130.0-255,7156,80621,8,395422
13016,0.001218,172.31.36.0-255,66,80687,8,395422
13017,0.001261,74.125.130.0-255,3602,84289,8,395422
13018,0.001264,172.31.36.0-255,66,84355,8,395422
13019,0.001348,74.125.130.0-255,1484,85839,8,395422
13020,0.001364,74.125.130.0-255,2902,88741,8,395422
13021,0.001369,172.31.36.0-255,66,88807,8,395422
13022,0.00139,74.125.130.0-255,5738,94545,8,395422
13023,0.001392,172.31.36.0-255,66,94611,8,395422
13024,0.001418,74.125.130.0-255,7156,101767,8,395422
13025,0.001446,74.125.130.0-255,7156,108923,8,395422
13026,0.001461,74.125.130.0-255,2902,111825,8,395422
13027,0.001504,74.125.130.0-255,6438,118263,8,395422
13028,0.001629,74.125.130.0-255,1484,119747,8,395422
13029,0.001643,74.125.130.0-255,1484,121231,8,395422
13030,0.001658,74.125.130.0-255,1484,122715,8,395422
13031,0.001671,74.125.130.0-255,5738,128453,8,395422
13032,0.001694,74.125.130.0-255,2902,131355,8,395422
13033,0.001709,74.125.130.0-255,5738,137093,8,395422
13034,0.001722,74.125.130.0-255,4320,141413,8,395422
13035,0.001747,74.125.130.0-255,1484,142897,8,395422
13036,0.001781,74.125.130.0-255,766,143663,8,395422
13037,0.001921,74.125.130.0-255,1484,145147,8,395422
13038,0.001944,74.125.130.0-255,2902,148049,8,395422
13039,0.001961,74.125.130.0-255,1484,149533,8,395422
13040,0.001978,74.125.130.0-255,2902,152435,8,395422
13041,0.001982,74.125.130.0-255,2902,155337,8,395422
13042,0.002004,74.125.130.0-255,5738,161075,8,395422
13043,0.002008,74.125.130.0-255,2902,163977,8,395422
13044,0.002012,74.125.130.0-255,4320,168297,8,395422
13045,0.002048,74.125.130.0-255,5738,174035,8,395422
13046,0.002065,74.125.130.0-255,2902,176937,8,395422
13047,0.002067,74.125.130.0-255,766,177703,8,395422
13048,0.0065,172.31.36.0-255,66,177769,8,395422
13049,0.00878,74.125.130.0-255,5738,183507,8,395422
13050,0.008788,172.31.36.0-255,66,183573,8,395422
13051,0.011064,74.125.130.0-255,5738,189311,8,395422
13052,0.011071,172.31.36.0-255,66,189377,8,395422
13053,0.013356,74.125.130.0-255,5738,195115,8,395422
13054,0.013366,172.31.36.0-255,66,195181,8,395422
13055,0.015644,74.125.130.0-255,5738,200919,8,395422
13056,0.015653,172.31.36.0-255,66,200985,8,395422
13057,0.017925,74.125.130.0-255,5738,206723,8,395422
13058,0.017932,172.31.36.0-255,66,206789,8,395422
13059,0.020221,74.125.130.0-255,5738,212527,8,395422
13060,0.020228,172.31.36.0-255,66,212593,8,395422
13061,0.022495,74.125.130.0-255,5738,218331,8,395422
13062,0.022502,172.31.36.0-255,66,218397,8,395422
13063,0.024777,74.125.130.0-255,5738,224135,8,395422
13064,0.024788,172.31.36.0-255,66,224201,8,395422
13065,0.02706,74.125.130.0-255,5738,229939,8,395422
13066,0.027069,172.31.36.0-255,66,230005,8,395422
13067,0.029383,74.125.130.0-255,5738,235743,8,395422
13068,0.02939,172.31.36.0-255,66,235809,8,395422
13069,0.030057,172.31.36.0-255,167,235976,8,395422
13070,0.030092,172.31.36.0-255,1112,237088,8,395422
13071,0.030134,172.31.36.0-255,1514,238602,8,395422
13072,0.030136,172.31.36.0-255,1514,240116,8,395422
13073,0.030141,172.31.36.0-255,1514,241630,8,395422
13074,0.030142,172.31.36.0-255,1072,242702,8,395422
13075,0.031575,104.244.42.0-255,66,242768,8,395422
13076,0.031643,104.244.42.0-255,66,242834,8,395422
13077,0.031646,74.125.130.0-255,2902,245736,8,395422
13078,0.031651,172.31.36.0-255,66,245802,8,395422
13079,0.031687,104.244.42.0-255,66,245868,8,395422
13080,0.031692,104.244.42.0-255,66,245934,8,395422
13081,0.031694,74.125.130.0-255,2902,248836,8,395422
13082,0.031697,172.31.36.0-255,66,248902,8,395422
13083,0.033923,74.125.130.0-255,2902,251804,8,395422
13084,0.033929,172.31.36.0-255,66,251870,8,395422
13085,0.033997,74.125.130.0-255,2902,254772,8,395422
13086,0.034002,172.31.36.0-255,66,254838,8,395422
13087,0.0362,74.125.130.0-255,2902,257740,8,395422
13088,0.036206,172.31.36.0-255,66,257806,8,395422
13089,0.036264,74.125.130.0-255,2902,260708,8,395422
13090,0.036269,172.31.36.0-255,66,260774,8,395422
13091,0.038463,74.125.130.0-255,2902,263676,8,395422
13092,0.038482,172.31.36.0-255,66,263742,8,395422
13093,0.038524,74.125.130.0-255,2902,266644,8,395422
13094,0.038529,172.31.36.0-255,66,266710,8,395422
13095,0.04075,74.125.130.0-255,2902,269612,8,395422
13096,0.040756,172.31.36.0-255,66,269678,8,395422
13097,0.040789,74.125.130.0-255,2902,272580,8,395422
13098,0.040792,172.31.36.0-255,66,272646,8,395422
13099,0.04302,74.125.130.0-255,2902,275548,8,395422
13100,0.043025,172.31.36.0-255,66,275614,8,395422
13101,0.043056,74.125.130.0-255,2902,278516,8,395422
13102,0.043059,172.31.36.0-255,66,278582,8,395422
13103,0.045287,74.125.130.0-255,2902,281484,8,395422
13104,0.045292,172.31.36.0-255,66,281550,8,395422
13105,0.04533,74.125.130.0-255,2902,284452,8,395422
13106,0.045333,172.31.36.0-255,66,284518,8,395422
13107,0.047566,74.125.130.0-255,2902,287420,8,395422
13108,0.047572,172.31.36.0-255,66,287486,8,395422
13109,0.047605,74.125.130.0-255,2902,290388,8,395422
13110,0.047608,172.31.36.0-255,66,290454,8,395422
13111,0.04984,74.125.130.0-255,2902,293356,8,395422
13112,0.049846,172.31.36.0-255,66,293422,8,395422
13113,0.049879,74.125.130.0-255,2902,296324,8,395422
13114,0.049881,172.31.36.0-255,66,296390,8,395422
13115,0.052112,74.125.130.0-255,2902,299292,8,395422
13116,0.052117,172.31.36.0-255,66,299358,8,395422
13117,0.052151,74.125.130.0-255,2902,302260,8,395422
13118,0.052154,172.31.36.0-255,66,302326,8,395422
13119,0.054383,74.125.130.0-255,2902,305228,8,395422
13120,0.054388,172.31.36.0-255,66,305294,8,395422
13121,0.054432,74.125.130.0-255,2902,308196,8,395422
13122,0.054437,172.31.36.0-255,66,308262,8,395422
13123,0.056656,74.125.130.0-255,2902,311164,8,395422
13124,0.056662,172.31.36.0-255,66,311230,8,395422
13125,0.056691,74.125.130.0-255,2902,314132,8,395422
13126,0.056694,172.31.36.0-255,66,314198,8,395422
13127,0.058922,74.125.130.0-255,2902,317100,8,395422
13128,0.058928,172.31.36.0-255,66,317166,8,395422
13129,0.05896,74.125.130.0-255,2902,320068,8,395422
13130,0.058963,172.31.36.0-255,66,320134,8,395422
13131,0.061194,74.125.130.0-255,2902,323036,8,395422
13132,0.0612,172.31.36.0-255,66,323102,8,395422
13133,0.061236,74.125.130.0-255,2902,326004,8,395422
13134,0.061239,172.31.36.0-255,66,326070,8,395422
13135,0.063467,74.125.130.0-255,2902,328972,8,395422
13136,0.063472,172.31.36.0-255,66,329038,8,395422
13137,0.063502,74.125.130.0-255,2902,331940,8,395422
13138,0.063505,172.31.36.0-255,66,332006,8,395422
13139,0.065743,74.125.130.0-255,2902,334908,8,395422
13140,0.065748,172.31.36.0-255,66,334974,8,395422
13141,0.065778,74.125.130.0-255,2902,337876,8,395422
13142,0.065782,172.31.36.0-255,66,337942,8,395422
13143,0.068005,74.125.130.0-255,2902,340844,8,395422
13144,0.06801,172.31.36.0-255,66,340910,8,395422
13145,0.068042,74.125.130.0-255,2902,343812,8,395422
13146,0.068047,172.31.36.0-255,66,343878,8,395422
13147,0.070286,74.125.130.0-255,2902,346780,8,395422
13148,0.070292,172.31.36.0-255,66,346846,8,395422
13149,0.070325,74.125.130.0-255,2902,349748,8,395422
13150,0.070328,172.31.36.0-255,66,349814,8,395422
13151,0.072555,74.125.130.0-255,2902,352716,8,395422
13152,0.072561,172.31.36.0-255,66,352782,8,395422
13153,0.072591,74.125.130.0-255,2902,355684,8,395422
13154,0.072594,172.31.36.0-255,66,355750,8,395422
13155,0.074892,74.125.130.0-255,4320,360070,8,395422
13156,0.074898,172.31.36.0-255,66,360136,8,395422
13157,0.074917,74.125.130.0-255,1484,361620,8,395422
13158,0.077169,74.125.130.0-255,4320,365940,8,395422
13159,0.077176,172.31.36.0-255,66,366006,8,395422
13160,0.079433,74.125.130.0-255,5738,371744,8,395422
13161,0.079438,172.31.36.0-255,66,371810,8,395422
13162,0.081702,74.125.130.0-255,5738,377548,8,395422
13163,0.081707,172.31.36.0-255,66,377614,8,395422
13164,0.083967,74.125.130.0-255,2902,380516,8,395422
13165,0.083972,172.31.36.0-255,66,380582,8,395422
13166,0.084003,74.125.130.0-255,2902,383484,8,395422
13167,0.084006,172.31.36.0-255,66,383550,8,395422
13168,0.086234,74.125.130.0-255,2902,386452,8,395422
13169,0.086239,172.31.36.0-255,66,386518,8,395422
13170,0.086272,74.125.130.0-255,2902,389420,8,395422
13171,0.086275,172.31.36.0-255,66,389486,8,395422
13172,0.088516,74.125.130.0-255,2902,392388,8,395422
13173,0.088521,172.31.36.0-255,66,392454,8,395422
13174,0.088551,74.125.130.0-255,2902,395356,8,395422
13175,0.088554,172.31.36.0-255,66,395422,8,395422
13176,0.0,172.217.24.0-255,150,150,8,376067
13177,2.4e-05,172.31.36.0-255,66,216,8,376067
13178,3.1e-05,172.217.24.0-255,1484,1700,8,376067
13179,3.5e-05,172.31.36.0-255,66,1766,8,376067
13180,5e-05,172.217.24.0-255,2902,4668,8,376067
13181,5.5e-05,172.31.36.0-255,66,4734,8,376067
13182,6.3e-05,172.217.24.0-255,7156,11890,8,376067
13183,6.6e-05,172.31.36.0-255,66,11956,8,376067
13184,7.2e-05,172.217.24.0-255,5738,17694,8,376067
13185,7.5e-05,172.31.36.0-255,66,17760,8,376067
13186,0.0001,172.217.24.0-255,2076,19836,8,376067
13187,0.000103,172.31.36.0-255,66,19902,8,376067
13188,0.000116,172.31.36.0-255,66,19968,8,376067
13189,0.000212,172.217.24.0-255,1484,21452,8,376067
13190,0.000216,172.31.36.0-255,66,21518,8,376067
13191,0.000221,172.217.24.0-255,2902,24420,8,376067
13192,0.000223,172.31.36.0-255,66,24486,8,376067
13193,0.00025,172.217.24.0-255,5738,30224,8,376067
13194,0.000253,172.31.36.0-255,66,30290,8,376067
13195,0.000259,172.217.24.0-255,5738,36028,8,376067
13196,0.000261,172.31.36.0-255,66,36094,8,376067
13197,0.000269,172.217.24.0-255,6797,42891,8,376067
13198,0.000272,172.31.36.0-255,66,42957,8,376067
13199,0.0003,172.217.24.0-255,7156,50113,8,376067
13200,0.000303,172.31.36.0-255,66,50179,8,376067
13201,0.000336,172.217.24.0-255,3961,54140,8,376067
13202,0.000339,172.31.36.0-255,66,54206,8,376067
13203,0.000342,172.217.24.0-255,353,54559,8,376067
13204,0.000344,172.31.36.0-255,66,54625,8,376067
13205,0.001269,172.217.24.0-255,137,54762,8,376067
13206,0.001275,172.31.36.0-255,66,54828,8,376067
13207,0.001438,172.217.24.0-255,1484,56312,8,376067
13208,0.001446,172.217.24.0-255,2902,59214,8,376067
13209,0.001451,172.31.36.0-255,66,59280,8,376067
13210,0.001455,172.217.24.0-255,1484,60764,8,376067
13211,0.001484,172.217.24.0-255,4320,65084,8,376067
13212,0.001486,172.31.36.0-255,66,65150,8,376067
13213,0.001494,172.217.24.0-255,6797,71947,8,376067
13214,0.001496,172.31.36.0-255,66,72013,8,376067
13215,0.001528,172.217.24.0-255,5738,77751,8,376067
13216,0.00153,172.31.36.0-255,66,77817,8,376067
13217,0.001565,172.31.36.0-255,66,77883,8,376067
13218,0.00157,172.217.24.0-255,2543,80426,8,376067
13219,0.001572,172.31.36.0-255,66,80492,8,376067
13220,0.001788,172.217.24.0-255,1484,81976,8,376067
13221,0.001796,172.217.24.0-255,2902,84878,8,376067
13222,0.0018,172.31.36.0-255,66,84944,8,376067
13223,0.001805,172.217.24.0-255,1484,86428,8,376067
13224,0.001828,172.217.24.0-255,4320,90748,8,376067
13225,0.001831,172.31.36.0-255,66,90814,8,376067
13226,0.001836,172.217.24.0-255,4320,95134,8,376067
13227,0.001838,172.31.36.0-255,66,95200,8,376067
13228,0.001845,172.217.24.0-255,5738,100938,8,376067
13229,0.001847,172.31.36.0-255,66,101004,8,376067
13230,0.001851,172.217.24.0-255,1484,102488,8,376067
13231,0.001896,172.31.36.0-255,66,102554,8,376067
13232,0.001901,172.217.24.0-255,2184,104738,8,376067
13233,0.001904,172.31.36.0-255,66,104804,8,376067
13234,0.00191,172.217.24.0-255,2902,107706,8,376067
13235,0.001912,172.31.36.0-255,66,107772,8,376067
13236,0.00192,172.217.24.0-255,7156,114928,8,376067
13237,0.001929,172.217.24.0-255,7156,122084,8,376067
13238,0.001935,172.31.36.0-255,66,122150,8,376067
13239,0.001942,172.31.36.0-255,66,122216,8,376067
13240,0.001949,172.217.24.0-255,7156,129372,8,376067
13241,0.001952,172.31.36.0-255,66,129438,8,376067
13242,0.001988,172.31.36.0-255,66,129504,8,376067
13243,0.003965,172.217.24.0-255,5738,135242,8,376067
13244,0.003971,172.31.36.0-255,66,135308,8,376067
13245,0.005993,172.217.24.0-255,5738,141046,8,376067
13246,0.005999,172.31.36.0-255,66,141112,8,376067
13247,0.007969,172.217.24.0-255,5738,146850,8,376067
13248,0.007976,172.31.36.0-255,66,146916,8,376067
13249,0.009949,172.217.24.0-255,5738,152654,8,376067
13250,0.009959,172.31.36.0-255,66,152720,8,376067
13251,0.01194,172.217.24.0-255,5738,158458,8,376067
13252,0.011973,172.31.36.0-255,66,158524,8,376067
13253,0.01396,172.217.24.0-255,5738,164262,8,376067
13254,0.013968,172.31.36.0-255,66,164328,8,376067
13255,0.01597,172.217.24.0-255,5738,170066,8,376067
13256,0.015979,172.31.36.0-255,66,170132,8,376067
13257,0.017961,172.217.24.0-255,5738,175870,8,376067
13258,0.01797,172.31.36.0-255,66,175936,8,376067
13259,0.019986,172.217.24.0-255,5738,181674,8,376067
13260,0.019998,172.31.36.0-255,66,181740,8,376067
13261,0.021974,172.217.24.0-255,2902,184642,8,376067
13262,0.021981,172.31.36.0-255,66,184708,8,376067
13263,0.022012,172.217.24.0-255,2902,187610,8,376067
13264,0.022016,172.31.36.0-255,66,187676,8,376067
13265,0.023977,172.217.24.0-255,5738,193414,8,376067
13266,0.023984,172.31.36.0-255,66,193480,8,376067
13267,0.025964,172.217.24.0-255,5738,199218,8,376067
13268,0.025973,172.31.36.0-255,66,199284,8,376067
13269,0.027977,172.217.24.0-255,5738,205022,8,376067
13270,0.027986,172.31.36.0-255,66,205088,8,376067
13271,0.029967,172.217.24.0-255,5738,210826,8,376067
13272,0.029976,172.31.36.0-255,66,210892,8,376067
13273,0.031977,172.217.24.0-255,5738,216630,8,376067
13274,0.031984,172.31.36.0-255,66,216696,8,376067
13275,0.032971,172.31.36.0-255,172,216868,8,376067
13276,0.033021,172.31.36.0-255,1111,217979,8,376067
13277,0.033102,172.31.36.0-255,570,218549,8,376067
13278,0.03396,172.217.24.0-255,5738,224287,8,376067
13279,0.033968,172.31.36.0-255,66,224353,8,376067
13280,0.034536,104.244.42.0-255,66,224419,8,376067
13281,0.034568,104.244.42.0-255,66,224485,8,376067
13282,0.03465,104.244.42.0-255,66,224551,8,376067
13283,0.035981,172.217.24.0-255,5738,230289,8,376067
13284,0.035996,172.31.36.0-255,66,230355,8,376067
13285,0.038016,172.217.24.0-255,5738,236093,8,376067
13286,0.038025,172.31.36.0-255,66,236159,8,376067
13287,0.040031,172.217.24.0-255,5738,241897,8,376067
13288,0.040053,172.31.36.0-255,66,241963,8,376067
13289,0.042048,172.217.24.0-255,5738,247701,8,376067
13290,0.042062,172.31.36.0-255,66,247767,8,376067
13291,0.044047,172.217.24.0-255,5738,253505,8,376067
13292,0.044064,172.31.36.0-255,66,253571,8,376067
13293,0.046051,172.217.24.0-255,5738,259309,8,376067
13294,0.04606,172.31.36.0-255,66,259375,8,376067
13295,0.048033,172.217.24.0-255,5738,265113,8,376067
13296,0.048041,172.31.36.0-255,66,265179,8,376067
13297,0.050023,172.217.24.0-255,5738,270917,8,376067
13298,0.05003,172.31.36.0-255,66,270983,8,376067
13299,0.05201,172.217.24.0-255,5738,276721,8,376067
13300,0.052018,172.31.36.0-255,66,276787,8,376067
13301,0.053994,172.217.24.0-255,5738,282525,8,376067
13302,0.053999,172.31.36.0-255,66,282591,8,376067
13303,0.055971,172.217.24.0-255,5738,288329,8,376067
13304,0.055977,172.31.36.0-255,66,288395,8,376067
13305,0.05795,172.217.24.0-255,5738,294133,8,376067
13306,0.057956,172.31.36.0-255,66,294199,8,376067
13307,0.059931,172.217.24.0-255,5738,299937,8,376067
13308,0.059937,172.31.36.0-255,66,300003,8,376067
13309,0.061918,172.217.24.0-255,5738,305741,8,376067
13310,0.061925,172.31.36.0-255,66,305807,8,376067
13311,0.063901,172.217.24.0-255,5738,311545,8,376067
13312,0.063908,172.31.36.0-255,66,311611,8,376067
13313,0.065898,172.217.24.0-255,5738,317349,8,376067
13314,0.065906,172.31.36.0-255,66,317415,8,376067
13315,0.067892,172.217.24.0-255,5738,323153,8,376067
13316,0.067899,172.31.36.0-255,66,323219,8,376067
13317,0.069876,172.217.24.0-255,5738,328957,8,376067
13318,0.069883,172.31.36.0-255,66,329023,8,376067
13319,0.071871,172.217.24.0-255,5738,334761,8,376067
13320,0.071877,172.31.36.0-255,66,334827,8,376067
13321,0.073851,172.217.24.0-255,5738,340565,8,376067
13322,0.073858,172.31.36.0-255,66,340631,8,376067
13323,0.075847,172.217.24.0-255,5738,346369,8,376067
13324,0.075857,172.31.36.0-255,66,346435,8,376067
13325,0.077839,172.217.24.0-255,5738,352173,8,376067
13326,0.077847,172.31.36.0-255,66,352239,8,376067
13327,0.079827,172.217.24.0-255,5738,357977,8,376067
13328,0.079835,172.31.36.0-255,66,358043,8,376067
13329,0.081816,172.217.24.0-255,5738,363781,8,376067
13330,0.081824,172.31.36.0-255,66,363847,8,376067
13331,0.083805,172.217.24.0-255,5738,369585,8,376067
13332,0.083811,172.31.36.0-255,66,369651,8,376067
13333,0.085801,172.217.24.0-255,5738,375389,8,376067
13334,0.085807,172.31.36.0-255,66,375455,8,376067
13335,0.087753,172.217.24.0-255,375,375830,8,376067
13336,0.087875,172.31.36.0-255,66,375896,8,376067
13337,0.087909,172.31.36.0-255,105,376001,8,376067
13338,0.089862,172.217.24.0-255,66,376067,8,376067
13339,0.0,172.217.194.0-255,153,153,8,206575
13340,3.4e-05,172.31.36.0-255,66,219,8,206575
13341,4.1e-05,172.217.194.0-255,1484,1703,8,206575
13342,4.5e-05,172.31.36.0-255,66,1769,8,206575
13343,5.8e-05,172.217.194.0-255,2902,4671,8,206575
13344,6.1e-05,172.31.36.0-255,66,4737,8,206575
13345,6.7e-05,172.217.194.0-255,5738,10475,8,206575
13346,7e-05,172.31.36.0-255,66,10541,8,206575
13347,7.5e-05,172.217.194.0-255,2902,13443,8,206575
13348,7.8e-05,172.31.36.0-255,66,13509,8,206575
13349,0.00013,172.31.36.0-255,66,13575,8,206575
13350,0.000137,172.217.194.0-255,6797,20372,8,206575
13351,0.000139,172.31.36.0-255,66,20438,8,206575
13352,0.000172,172.217.194.0-255,1484,21922,8,206575
13353,0.000175,172.31.36.0-255,66,21988,8,206575
13354,0.000181,172.217.194.0-255,2902,24890,8,206575
13355,0.000183,172.31.36.0-255,66,24956,8,206575
13356,0.000198,172.217.194.0-255,1484,26440,8,206575
13357,0.000201,172.31.36.0-255,66,26506,8,206575
13358,0.000226,172.217.194.0-255,4320,30826,8,206575
13359,0.000229,172.31.36.0-255,66,30892,8,206575
13360,0.000274,172.31.36.0-255,66,30958,8,206575
13361,0.000299,172.217.194.0-255,1125,32083,8,206575
13362,0.000307,172.31.36.0-255,66,32149,8,206575
13363,0.000319,172.31.36.0-255,66,32215,8,206575
13364,0.000323,172.217.194.0-255,1705,33920,8,206575
13365,0.000325,172.31.36.0-255,66,33986,8,206575
13366,0.000597,172.217.194.0-255,1484,35470,8,206575
13367,0.000601,172.31.36.0-255,66,35536,8,206575
13368,0.000608,172.217.194.0-255,2902,38438,8,206575
13369,0.00061,172.31.36.0-255,66,38504,8,206575
13370,0.000623,172.217.194.0-255,5738,44242,8,206575
13371,0.000625,172.31.36.0-255,66,44308,8,206575
13372,0.000669,172.31.36.0-255,66,44374,8,206575
13373,0.000676,172.217.194.0-255,5738,50112,8,206575
13374,0.000678,172.31.36.0-255,66,50178,8,206575
13375,0.00071,172.217.194.0-255,5020,55198,8,206575
13376,0.000714,172.31.36.0-255,66,55264,8,206575
13377,0.001152,172.217.194.0-255,1484,56748,8,206575
13378,0.001163,172.217.194.0-255,2902,59650,8,206575
13379,0.001167,172.31.36.0-255,66,59716,8,206575
13380,0.001173,172.217.194.0-255,4320,64036,8,206575
13381,0.001175,172.31.36.0-255,66,64102,8,206575
13382,0.001206,172.217.194.0-255,1484,65586,8,206575
13383,0.001221,172.31.36.0-255,66,65652,8,206575
13384,0.001229,172.217.194.0-255,7156,72808,8,206575
13385,0.001232,172.31.36.0-255,66,72874,8,206575
13386,0.001265,172.217.194.0-255,2902,75776,8,206575
13387,0.001269,172.31.36.0-255,66,75842,8,206575
13388,0.001272,172.217.194.0-255,766,76608,8,206575
13389,0.001304,172.217.194.0-255,1484,78092,8,206575
13390,0.001309,172.31.36.0-255,66,78158,8,206575
13391,0.001314,172.217.194.0-255,1484,79642,8,206575
13392,0.001335,172.217.194.0-255,1484,81126,8,206575
13393,0.001338,172.31.36.0-255,66,81192,8,206575
13394,0.001344,172.217.194.0-255,5738,86930,8,206575
13395,0.001345,172.31.36.0-255,66,86996,8,206575
13396,0.001361,172.31.36.0-255,66,87062,8,206575
13397,0.001399,172.217.194.0-255,2902,89964,8,206575
13398,0.001403,172.31.36.0-255,66,90030,8,206575
13399,0.001439,172.217.194.0-255,1484,91514,8,206575
13400,0.001445,172.217.194.0-255,2902,94416,8,206575
13401,0.001458,172.217.194.0-255,1484,95900,8,206575
13402,0.001479,172.217.194.0-255,4320,100220,8,206575
13403,0.001485,172.217.194.0-255,4320,104540,8,206575
13404,0.001551,172.217.194.0-255,2184,106724,8,206575
13405,0.001674,172.217.194.0-255,7156,113880,8,206575
13406,0.001699,172.217.194.0-255,7156,121036,8,206575
13407,0.001706,172.217.194.0-255,6438,127474,8,206575
13408,0.001751,172.217.194.0-255,2902,130376,8,206575
13409,0.001804,172.217.194.0-255,1484,131860,8,206575
13410,0.001888,172.217.194.0-255,2902,134762,8,206575
13411,0.001909,172.217.194.0-255,4320,139082,8,206575
13412,0.001926,172.217.194.0-255,1484,140566,8,206575
13413,0.001947,172.217.194.0-255,7156,147722,8,206575
13414,0.001951,172.217.194.0-255,2902,150624,8,206575
13415,0.001985,172.217.194.0-255,3602,154226,8,206575
13416,0.002031,172.217.194.0-255,1484,155710,8,206575
13417,0.002036,172.217.194.0-255,2902,158612,8,206575
13418,0.002058,172.217.194.0-255,5738,164350,8,206575
13419,0.002078,172.217.194.0-255,7156,171506,8,206575
13420,0.002099,172.217.194.0-255,5738,177244,8,206575
13421,0.002106,172.217.194.0-255,7156,184400,8,206575
13422,0.002111,172.217.194.0-255,3602,188002,8,206575
13423,0.006953,172.31.36.0-255,66,188068,8,206575
13424,0.009088,172.217.194.0-255,5738,193806,8,206575
13425,0.009095,172.31.36.0-255,66,193872,8,206575
13426,0.011168,172.217.194.0-255,3368,197240,8,206575
13427,0.011178,172.31.36.0-255,66,197306,8,206575
13428,0.013419,172.31.36.0-255,105,197411,8,206575
13429,0.015487,172.217.194.0-255,66,197477,8,206575
13430,0.027823,172.31.36.0-255,172,197649,8,206575
13431,0.027872,172.31.36.0-255,1111,198760,8,206575
13432,0.027898,172.31.36.0-255,1514,200274,8,206575
13433,0.027899,172.31.36.0-255,1514,201788,8,206575
13434,0.027905,172.31.36.0-255,1514,203302,8,206575
13435,0.027906,172.31.36.0-255,1514,204816,8,206575
13436,0.027934,172.31.36.0-255,1495,206311,8,206575
13437,0.029482,104.244.42.0-255,66,206377,8,206575
13438,0.029702,104.244.42.0-255,66,206443,8,206575
13439,0.029707,104.244.42.0-255,66,206509,8,206575
13440,0.02971,104.244.42.0-255,66,206575,8,206575
13441,0.0,74.125.68.0-255,153,153,8,355995
13442,2e-05,74.125.68.0-255,1484,1637,8,355995
13443,3.2e-05,172.31.36.0-255,66,1703,8,355995
13444,6.9e-05,74.125.68.0-255,1484,3187,8,355995
13445,7.3e-05,74.125.68.0-255,1484,4671,8,355995
13446,7.6e-05,172.31.36.0-255,66,4737,8,355995
13447,9.4e-05,74.125.68.0-255,1484,6221,8,355995
13448,9.7e-05,74.125.68.0-255,1484,7705,8,355995
13449,0.0001,172.31.36.0-255,66,7771,8,355995
13450,0.00013,74.125.68.0-255,2902,10673,8,355995
13451,0.000133,172.31.36.0-255,66,10739,8,355995
13452,0.000153,74.125.68.0-255,3453,14192,8,355995
13453,0.000156,172.31.36.0-255,66,14258,8,355995
13454,0.000183,74.125.68.0-255,4320,18578,8,355995
13455,0.000186,172.31.36.0-255,66,18644,8,355995
13456,0.000207,74.125.68.0-255,5738,24382,8,355995
13457,0.00021,172.31.36.0-255,66,24448,8,355995
13458,0.000218,74.125.68.0-255,7156,31604,8,355995
13459,0.000221,172.31.36.0-255,66,31670,8,355995
13460,0.000255,74.125.68.0-255,7156,38826,8,355995
13461,0.000258,172.31.36.0-255,66,38892,8,355995
13462,0.000288,74.125.68.0-255,5738,44630,8,355995
13463,0.000292,172.31.36.0-255,66,44696,8,355995
13464,0.000298,74.125.68.0-255,3602,48298,8,355995
13465,0.0003,172.31.36.0-255,66,48364,8,355995
13466,0.000342,74.125.68.0-255,4320,52684,8,355995
13467,0.000346,172.31.36.0-255,66,52750,8,355995
13468,0.000384,74.125.68.0-255,5738,58488,8,355995
13469,0.000387,172.31.36.0-255,66,58554,8,355995
13470,0.000405,74.125.68.0-255,4320,62874,8,355995
13471,0.000407,172.31.36.0-255,66,62940,8,355995
13472,0.000437,74.125.68.0-255,2818,65758,8,355995
13473,0.00044,172.31.36.0-255,66,65824,8,355995
13474,0.000443,74.125.68.0-255,134,65958,8,355995
13475,0.000508,74.125.68.0-255,1484,67442,8,355995
13476,0.000512,172.31.36.0-255,66,67508,8,355995
13477,0.000518,74.125.68.0-255,2902,70410,8,355995
13478,0.00052,172.31.36.0-255,66,70476,8,355995
13479,0.000556,74.125.68.0-255,5738,76214,8,355995
13480,0.000558,172.31.36.0-255,66,76280,8,355995
13481,0.000564,74.125.68.0-255,4320,80600,8,355995
13482,0.000566,172.31.36.0-255,66,80666,8,355995
13483,0.000578,74.125.68.0-255,5738,86404,8,355995
13484,0.00058,172.31.36.0-255,66,86470,8,355995
13485,0.000622,74.125.68.0-255,5738,92208,8,355995
13486,0.000625,172.31.36.0-255,66,92274,8,355995
13487,0.000653,74.125.68.0-255,4320,96594,8,355995
13488,0.000656,172.31.36.0-255,66,96660,8,355995
13489,0.000662,74.125.68.0-255,3602,100262,8,355995
13490,0.000664,172.31.36.0-255,66,100328,8,355995
13491,0.001127,74.125.68.0-255,1484,101812,8,355995
13492,0.001132,74.125.68.0-255,1484,103296,8,355995
13493,0.001136,172.31.36.0-255,66,103362,8,355995
13494,0.001154,74.125.68.0-255,1484,104846,8,355995
13495,0.00116,74.125.68.0-255,5738,110584,8,355995
13496,0.001163,172.31.36.0-255,66,110650,8,355995
13497,0.001167,74.125.68.0-255,2902,113552,8,355995
13498,0.00117,172.31.36.0-255,66,113618,8,355995
13499,0.001173,74.125.68.0-255,1484,115102,8,355995
13500,0.001203,74.125.68.0-255,2902,118004,8,355995
13501,0.001205,172.31.36.0-255,66,118070,8,355995
13502,0.001217,172.31.36.0-255,66,118136,8,355995
13503,0.001227,74.125.68.0-255,4320,122456,8,355995
13504,0.001229,172.31.36.0-255,66,122522,8,355995
13505,0.001271,74.125.68.0-255,3602,126124,8,355995
13506,0.001274,172.31.36.0-255,66,126190,8,355995
13507,0.001536,74.125.68.0-255,1484,127674,8,355995
13508,0.001555,74.125.68.0-255,2902,130576,8,355995
13509,0.001558,172.31.36.0-255,66,130642,8,355995
13510,0.001565,74.125.68.0-255,5738,136380,8,355995
13511,0.001567,172.31.36.0-255,66,136446,8,355995
13512,0.001593,74.125.68.0-255,4320,140766,8,355995
13513,0.001595,172.31.36.0-255,66,140832,8,355995
13514,0.001623,74.125.68.0-255,5738,146570,8,355995
13515,0.001626,74.125.68.0-255,1484,148054,8,355995
13516,0.00163,172.31.36.0-255,66,148120,8,355995
13517,0.001651,74.125.68.0-255,5738,153858,8,355995
13518,0.001654,172.31.36.0-255,66,153924,8,355995
13519,0.001693,172.31.36.0-255,66,153990,8,355995
13520,0.001698,74.125.68.0-255,2902,156892,8,355995
13521,0.0017,172.31.36.0-255,66,156958,8,355995
13522,0.001705,74.125.68.0-255,4320,161278,8,355995
13523,0.001708,172.31.36.0-255,66,161344,8,355995
13524,0.001716,74.125.68.0-255,7156,168500,8,355995
13525,0.001719,172.31.36.0-255,66,168566,8,355995
13526,0.001746,74.125.68.0-255,1484,170050,8,355995
13527,0.001753,74.125.68.0-255,5738,175788,8,355995
13528,0.00176,172.31.36.0-255,66,175854,8,355995
13529,0.001767,74.125.68.0-255,7156,183010,8,355995
13530,0.00177,172.31.36.0-255,66,183076,8,355995
13531,0.001804,74.125.68.0-255,3602,186678,8,355995
13532,0.001807,172.31.36.0-255,66,186744,8,355995
13533,0.001852,74.125.68.0-255,1484,188228,8,355995
13534,0.001871,74.125.68.0-255,2902,191130,8,355995
13535,0.001875,172.31.36.0-255,66,191196,8,355995
13536,0.001905,74.125.68.0-255,5738,196934,8,355995
13537,0.001908,172.31.36.0-255,66,197000,8,355995
13538,0.001911,74.125.68.0-255,1484,198484,8,355995
13539,0.001952,172.31.36.0-255,66,198550,8,355995
13540,0.001961,74.125.68.0-255,7156,205706,8,355995
13541,0.001963,172.31.36.0-255,66,205772,8,355995
13542,0.002,74.125.68.0-255,4320,210092,8,355995
13543,0.002003,172.31.36.0-255,66,210158,8,355995
13544,0.002028,74.125.68.0-255,2184,212342,8,355995
13545,0.002031,172.31.36.0-255,66,212408,8,355995
13546,0.002055,74.125.68.0-255,7156,219564,8,355995
13547,0.002058,172.31.36.0-255,66,219630,8,355995
13548,0.002062,74.125.68.0-255,2902,222532,8,355995
13549,0.002065,172.31.36.0-255,66,222598,8,355995
13550,0.002093,74.125.68.0-255,1484,224082,8,355995
13551,0.002131,172.31.36.0-255,66,224148,8,355995
13552,0.002135,74.125.68.0-255,2902,227050,8,355995
13553,0.002137,172.31.36.0-255,66,227116,8,355995
13554,0.002182,74.125.68.0-255,5738,232854,8,355995
13555,0.002185,172.31.36.0-255,66,232920,8,355995
13556,0.00222,172.31.36.0-255,66,232986,8,355995
13557,0.002246,74.125.68.0-255,4320,237306,8,355995
13558,0.002249,172.31.36.0-255,66,237372,8,355995
13559,0.00228,74.125.68.0-255,5738,243110,8,355995
13560,0.002283,172.31.36.0-255,66,243176,8,355995
13561,0.0023,172.31.36.0-255,66,243242,8,355995
13562,0.002307,74.125.68.0-255,6438,249680,8,355995
13563,0.00231,172.31.36.0-255,66,249746,8,355995
13564,0.002338,74.125.68.0-255,1484,251230,8,355995
13565,0.002357,74.125.68.0-255,2902,254132,8,355995
13566,0.00236,172.31.36.0-255,66,254198,8,355995
13567,0.002383,74.125.68.0-255,2902,257100,8,355995
13568,0.002387,172.31.36.0-255,66,257166,8,355995
13569,0.002413,74.125.68.0-255,4320,261486,8,355995
13570,0.002416,172.31.36.0-255,66,261552,8,355995
13571,0.002427,172.31.36.0-255,66,261618,8,355995
13572,0.002517,172.31.36.0-255,66,261684,8,355995
13573,0.002523,74.125.68.0-255,3602,265286,8,355995
13574,0.002525,172.31.36.0-255,66,265352,8,355995
13575,0.002599,74.125.68.0-255,1484,266836,8,355995
13576,0.002613,74.125.68.0-255,2902,269738,8,355995
13577,0.002616,172.31.36.0-255,66,269804,8,355995
13578,0.002621,74.125.68.0-255,2902,272706,8,355995
13579,0.002624,172.31.36.0-255,66,272772,8,355995
13580,0.002648,74.125.68.0-255,4320,277092,8,355995
13581,0.002651,172.31.36.0-255,66,277158,8,355995
13582,0.002656,74.125.68.0-255,2902,280060,8,355995
13583,0.002658,172.31.36.0-255,66,280126,8,355995
13584,0.002683,74.125.68.0-255,1484,281610,8,355995
13585,0.002695,74.125.68.0-255,5738,287348,8,355995
13586,0.002698,172.31.36.0-255,66,287414,8,355995
13587,0.002701,74.125.68.0-255,1484,288898,8,355995
13588,0.002731,74.125.68.0-255,5738,294636,8,355995
13589,0.002735,172.31.36.0-255,66,294702,8,355995
13590,0.002738,74.125.68.0-255,1484,296186,8,355995
13591,0.002742,74.125.68.0-255,2902,299088,8,355995
13592,0.002744,172.31.36.0-255,66,299154,8,355995
13593,0.002769,74.125.68.0-255,2184,301338,8,355995
13594,0.002771,172.31.36.0-255,66,301404,8,355995
13595,0.002775,74.125.68.0-255,1484,302888,8,355995
13596,0.002796,74.125.68.0-255,1484,304372,8,355995
13597,0.002799,172.31.36.0-255,66,304438,8,355995
13598,0.002826,74.125.68.0-255,4320,308758,8,355995
13599,0.002829,172.31.36.0-255,66,308824,8,355995
13600,0.002832,74.125.68.0-255,1484,310308,8,355995
13601,0.002852,74.125.68.0-255,1484,311792,8,355995
13602,0.002854,172.31.36.0-255,66,311858,8,355995
13603,0.002878,74.125.68.0-255,4320,316178,8,355995
13604,0.00288,172.31.36.0-255,66,316244,8,355995
13605,0.002883,74.125.68.0-255,1484,317728,8,355995
13606,0.002912,74.125.68.0-255,7156,324884,8,355995
13607,0.002914,172.31.36.0-255,66,324950,8,355995
13608,0.002918,74.125.68.0-255,1484,326434,8,355995
13609,0.002922,74.125.68.0-255,2902,329336,8,355995
13610,0.002925,172.31.36.0-255,66,329402,8,355995
13611,0.002932,74.125.68.0-255,1484,330886,8,355995
13612,0.002958,74.125.68.0-255,3602,334488,8,355995
13613,0.002961,172.31.36.0-255,66,334554,8,355995
13614,0.002993,74.125.68.0-255,1484,336038,8,355995
13615,0.002998,74.125.68.0-255,2902,338940,8,355995
13616,0.003,172.31.36.0-255,66,339006,8,355995
13617,0.003004,74.125.68.0-255,1484,340490,8,355995
13618,0.00304,74.125.68.0-255,4991,345481,8,355995
13619,0.003042,172.31.36.0-255,66,345547,8,355995
13620,0.003046,74.125.68.0-255,97,345644,8,355995
13621,0.003156,74.125.68.0-255,105,345749,8,355995
13622,0.008773,172.31.36.0-255,66,345815,8,355995
13623,0.008814,172.31.36.0-255,105,345920,8,355995
13624,0.011306,74.125.68.0-255,66,345986,8,355995
13625,0.038628,172.31.36.0-255,172,346158,8,355995
13626,0.038662,172.31.36.0-255,1110,347268,8,355995
13627,0.038726,172.31.36.0-255,1514,348782,8,355995
13628,0.038728,172.31.36.0-255,1514,350296,8,355995
13629,0.038733,172.31.36.0-255,1514,351810,8,355995
13630,0.038734,172.31.36.0-255,1514,353324,8,355995
13631,0.038755,172.31.36.0-255,1514,354838,8,355995
13632,0.038756,172.31.36.0-255,893,355731,8,355995
13633,0.040205,104.244.42.0-255,66,355797,8,355995
13634,0.040308,104.244.42.0-255,66,355863,8,355995
13635,0.040332,104.244.42.0-255,66,355929,8,355995
13636,0.040345,104.244.42.0-255,66,355995,8,355995
13637,0.0,172.217.194.0-255,153,153,8,290432
13638,2.3e-05,172.31.36.0-255,66,219,8,290432
13639,3.1e-05,172.217.194.0-255,1484,1703,8,290432
13640,3.6e-05,172.31.36.0-255,66,1769,8,290432
13641,4.1e-05,172.217.194.0-255,2902,4671,8,290432
13642,4.5e-05,172.31.36.0-255,66,4737,8,290432
13643,5.3e-05,172.217.194.0-255,7156,11893,8,290432
13644,5.6e-05,172.31.36.0-255,66,11959,8,290432
13645,7.1e-05,172.31.36.0-255,66,12025,8,290432
13646,9.7e-05,172.217.194.0-255,2050,14075,8,290432
13647,0.0001,172.31.36.0-255,66,14141,8,290432
13648,0.000105,172.217.194.0-255,2543,16684,8,290432
13649,0.000107,172.31.36.0-255,66,16750,8,290432
13650,0.000147,172.217.194.0-255,1484,18234,8,290432
13651,0.00015,172.31.36.0-255,66,18300,8,290432
13652,0.000164,172.217.194.0-255,2902,21202,8,290432
13653,0.000167,172.31.36.0-255,66,21268,8,290432
13654,0.00017,172.217.194.0-255,1484,22752,8,290432
13655,0.000172,172.31.36.0-255,66,22818,8,290432
13656,0.000199,172.217.194.0-255,4320,27138,8,290432
13657,0.000202,172.31.36.0-255,66,27204,8,290432
13658,0.000206,172.217.194.0-255,1484,28688,8,290432
13659,0.000207,172.31.36.0-255,66,28754,8,290432
13660,0.000239,172.31.36.0-255,66,28820,8,290432
13661,0.000242,172.217.194.0-255,1484,30304,8,290432
13662,0.000244,172.31.36.0-255,66,30370,8,290432
13663,0.00025,172.217.194.0-255,2902,33272,8,290432
13664,0.000252,172.31.36.0-255,66,33338,8,290432
13665,0.000278,172.217.194.0-255,5667,39005,8,290432
13666,0.000281,172.31.36.0-255,66,39071,8,290432
13667,0.000299,172.217.194.0-255,98,39169,8,290432
13668,0.000367,172.217.194.0-255,1484,40653,8,290432
13669,0.000371,172.31.36.0-255,66,40719,8,290432
13670,0.000376,172.217.194.0-255,2902,43621,8,290432
13671,0.000379,172.31.36.0-255,66,43687,8,290432
13672,0.000386,172.217.194.0-255,5738,49425,8,290432
13673,0.000388,172.31.36.0-255,66,49491,8,290432
13674,0.000428,172.31.36.0-255,66,49557,8,290432
13675,0.000456,172.31.36.0-255,66,49623,8,290432
13676,0.000476,172.217.194.0-255,1067,50690,8,290432
13677,0.000479,172.217.194.0-255,1484,52174,8,290432
13678,0.000481,172.31.36.0-255,66,52240,8,290432
13679,0.000497,172.217.194.0-255,2902,55142,8,290432
13680,0.000499,172.31.36.0-255,66,55208,8,290432
13681,0.000525,172.217.194.0-255,5738,60946,8,290432
13682,0.000528,172.31.36.0-255,66,61012,8,290432
13683,0.000532,172.217.194.0-255,2902,63914,8,290432
13684,0.000534,172.31.36.0-255,66,63980,8,290432
13685,0.000558,172.31.36.0-255,66,64046,8,290432
13686,0.000563,172.217.194.0-255,4320,68366,8,290432
13687,0.000565,172.31.36.0-255,66,68432,8,290432
13688,0.000604,172.217.194.0-255,6438,74870,8,290432
13689,0.000607,172.31.36.0-255,66,74936,8,290432
13690,0.000779,172.217.194.0-255,1484,76420,8,290432
13691,0.000787,172.217.194.0-255,2902,79322,8,290432
13692,0.000791,172.31.36.0-255,66,79388,8,290432
13693,0.000798,172.217.194.0-255,5738,85126,8,290432
13694,0.000801,172.31.36.0-255,66,85192,8,290432
13695,0.000806,172.217.194.0-255,4320,89512,8,290432
13696,0.000808,172.31.36.0-255,66,89578,8,290432
13697,0.000871,172.31.36.0-255,66,89644,8,290432
13698,0.000882,172.31.36.0-255,66,89710,8,290432
13699,0.001082,172.217.194.0-255,1484,91194,8,290432
13700,0.001089,172.217.194.0-255,2902,94096,8,290432
13701,0.001093,172.31.36.0-255,66,94162,8,290432
13702,0.001101,172.217.194.0-255,5738,99900,8,290432
13703,0.001103,172.31.36.0-255,66,99966,8,290432
13704,0.001108,172.217.194.0-255,2902,102868,8,290432
13705,0.00111,172.31.36.0-255,66,102934,8,290432
13706,0.001135,172.217.194.0-255,2902,105836,8,290432
13707,0.001138,172.31.36.0-255,66,105902,8,290432
13708,0.001145,172.217.194.0-255,5738,111640,8,290432
13709,0.001148,172.31.36.0-255,66,111706,8,290432
13710,0.001172,172.217.194.0-255,7156,118862,8,290432
13711,0.001176,172.31.36.0-255,66,118928,8,290432
13712,0.001182,172.217.194.0-255,5020,123948,8,290432
13713,0.001184,172.31.36.0-255,66,124014,8,290432
13714,0.001625,172.217.194.0-255,1484,125498,8,290432
13715,0.001631,172.217.194.0-255,2902,128400,8,290432
13716,0.001633,172.217.194.0-255,1484,129884,8,290432
13717,0.001641,172.31.36.0-255,66,129950,8,290432
13718,0.001655,172.217.194.0-255,4320,134270,8,290432
13719,0.001658,172.31.36.0-255,66,134336,8,290432
13720,0.001663,172.217.194.0-255,2902,137238,8,290432
13721,0.001665,172.31.36.0-255,66,137304,8,290432
13722,0.001702,172.31.36.0-255,66,137370,8,290432
13723,0.001713,172.31.36.0-255,66,137436,8,290432
13724,0.001731,172.217.194.0-255,2184,139620,8,290432
13725,0.001734,172.31.36.0-255,66,139686,8,290432
13726,0.002142,172.217.194.0-255,1484,141170,8,290432
13727,0.002149,172.217.194.0-255,2902,144072,8,290432
13728,0.002152,172.31.36.0-255,66,144138,8,290432
13729,0.002156,172.217.194.0-255,1484,145622,8,290432
13730,0.002176,172.217.194.0-255,4320,149942,8,290432
13731,0.002178,172.31.36.0-255,66,150008,8,290432
13732,0.002182,172.217.194.0-255,1484,151492,8,290432
13733,0.002216,172.217.194.0-255,4320,155812,8,290432
13734,0.00222,172.31.36.0-255,66,155878,8,290432
13735,0.002246,172.217.194.0-255,2902,158780,8,290432
13736,0.002251,172.217.194.0-255,4320,163100,8,290432
13737,0.002291,172.217.194.0-255,5738,168838,8,290432
13738,0.002308,172.217.194.0-255,7156,175994,8,290432
13739,0.002343,172.217.194.0-255,1484,177478,8,290432
13740,0.002366,172.217.194.0-255,2902,180380,8,290432
13741,0.011743,172.217.194.0-255,1484,181864,8,290432
13742,0.012397,172.31.36.0-255,66,181930,8,290432
13743,0.012424,172.31.36.0-255,66,181996,8,290432
13744,0.012429,172.31.36.0-255,66,182062,8,290432
13745,0.012439,172.31.36.0-255,66,182128,8,290432
13746,0.012443,172.31.36.0-255,66,182194,8,290432
13747,0.012446,172.31.36.0-255,66,182260,8,290432
13748,0.012449,172.31.36.0-255,66,182326,8,290432
13749,0.012454,172.31.36.0-255,66,182392,8,290432
13750,0.012459,172.31.36.0-255,66,182458,8,290432
13751,0.014786,172.217.194.0-255,4320,186778,8,290432
13752,0.014793,172.31.36.0-255,66,186844,8,290432
13753,0.017115,172.217.194.0-255,5738,192582,8,290432
13754,0.017126,172.31.36.0-255,66,192648,8,290432
13755,0.01949,172.217.194.0-255,5738,198386,8,290432
13756,0.019499,172.31.36.0-255,66,198452,8,290432
13757,0.021791,172.217.194.0-255,5738,204190,8,290432
13758,0.021798,172.31.36.0-255,66,204256,8,290432
13759,0.024081,172.217.194.0-255,5738,209994,8,290432
13760,0.024089,172.31.36.0-255,66,210060,8,290432
13761,0.026434,172.217.194.0-255,5738,215798,8,290432
13762,0.026442,172.31.36.0-255,66,215864,8,290432
13763,0.028727,172.217.194.0-255,5738,221602,8,290432
13764,0.028735,172.31.36.0-255,66,221668,8,290432
13765,0.031068,172.217.194.0-255,5738,227406,8,290432
13766,0.031079,172.31.36.0-255,66,227472,8,290432
13767,0.0334,172.217.194.0-255,5738,233210,8,290432
13768,0.033407,172.31.36.0-255,66,233276,8,290432
13769,0.035742,172.217.194.0-255,5738,239014,8,290432
13770,0.035751,172.31.36.0-255,66,239080,8,290432
13771,0.038052,172.217.194.0-255,5738,244818,8,290432
13772,0.03806,172.31.36.0-255,66,244884,8,290432
13773,0.039984,172.31.36.0-255,176,245060,8,290432
13774,0.040017,172.31.36.0-255,1111,246171,8,290432
13775,0.040081,172.31.36.0-255,1514,247685,8,290432
13776,0.040084,172.31.36.0-255,1514,249199,8,290432
13777,0.040089,172.31.36.0-255,1514,250713,8,290432
13778,0.040091,172.31.36.0-255,1514,252227,8,290432
13779,0.040108,172.31.36.0-255,1514,253741,8,290432
13780,0.040109,172.31.36.0-255,874,254615,8,290432
13781,0.040348,172.217.194.0-255,5738,260353,8,290432
13782,0.040355,172.31.36.0-255,66,260419,8,290432
13783,0.041543,104.244.42.0-255,66,260485,8,290432
13784,0.041574,104.244.42.0-255,66,260551,8,290432
13785,0.04164,104.244.42.0-255,66,260617,8,290432
13786,0.041691,104.244.42.0-255,66,260683,8,290432
13787,0.042668,172.217.194.0-255,5738,266421,8,290432
13788,0.042675,172.31.36.0-255,66,266487,8,290432
13789,0.04501,172.217.194.0-255,5738,272225,8,290432
13790,0.045021,172.31.36.0-255,66,272291,8,290432
13791,0.047347,172.217.194.0-255,5738,278029,8,290432
13792,0.047356,172.31.36.0-255,66,278095,8,290432
13793,0.049656,172.217.194.0-255,5738,283833,8,290432
13794,0.04967,172.31.36.0-255,66,283899,8,290432
13795,0.051969,172.217.194.0-255,5738,289637,8,290432
13796,0.051979,172.31.36.0-255,66,289703,8,290432
13797,0.054252,172.217.194.0-255,318,290021,8,290432
13798,0.054385,172.31.36.0-255,66,290087,8,290432
13799,0.054428,172.31.36.0-255,105,290192,8,290432
13800,0.056693,172.217.194.0-255,66,290258,8,290432
13801,0.057763,172.31.36.0-255,108,290366,8,290432
13802,0.059293,104.244.42.0-255,66,290432,8,290432
13803,0.0,74.125.24.0-255,153,153,8,277651
13804,1.8e-05,74.125.24.0-255,1484,1637,8,277651
13805,2.9e-05,172.31.36.0-255,66,1703,8,277651
13806,3.8e-05,74.125.24.0-255,2902,4605,8,277651
13807,5.7e-05,74.125.24.0-255,5738,10343,8,277651
13808,7.3e-05,74.125.24.0-255,1484,11827,8,277651
13809,7.9e-05,74.125.24.0-255,3417,15244,8,277651
13810,9.9e-05,74.125.24.0-255,1484,16728,8,277651
13811,0.000133,74.125.24.0-255,2543,19271,8,277651
13812,0.00041,74.125.24.0-255,1484,20755,8,277651
13813,0.000428,74.125.24.0-255,2902,23657,8,277651
13814,0.000452,74.125.24.0-255,5738,29395,8,277651
13815,0.000479,74.125.24.0-255,7156,36551,8,277651
13816,0.000495,74.125.24.0-255,1484,38035,8,277651
13817,0.0005,74.125.24.0-255,2902,40937,8,277651
13818,0.00052,74.125.24.0-255,5738,46675,8,277651
13819,0.000537,74.125.24.0-255,1484,48159,8,277651
13820,0.000543,74.125.24.0-255,5020,53179,8,277651
13821,0.0007,74.125.24.0-255,415,53594,8,277651
13822,0.000733,74.125.24.0-255,1484,55078,8,277651
13823,0.000762,74.125.24.0-255,4320,59398,8,277651
13824,0.000782,74.125.24.0-255,2902,62300,8,277651
13825,0.000799,74.125.24.0-255,7156,69456,8,277651
13826,0.000861,74.125.24.0-255,6438,75894,8,277651
13827,0.000985,172.31.36.0-255,66,75960,8,277651
13828,0.001028,74.125.24.0-255,1484,77444,8,277651
13829,0.001034,74.125.24.0-255,2902,80346,8,277651
13830,0.001054,74.125.24.0-255,5738,86084,8,277651
13831,0.001074,74.125.24.0-255,5738,91822,8,277651
13832,0.001104,74.125.24.0-255,7156,98978,8,277651
13833,0.001112,74.125.24.0-255,7156,106134,8,277651
13834,0.001136,74.125.24.0-255,3602,109736,8,277651
13835,0.001286,172.31.36.0-255,66,109802,8,277651
13836,0.001453,74.125.24.0-255,1484,111286,8,277651
13837,0.00146,74.125.24.0-255,2902,114188,8,277651
13838,0.001477,172.31.36.0-255,66,114254,8,277651
13839,0.001485,74.125.24.0-255,5738,119992,8,277651
13840,0.001491,172.31.36.0-255,66,120058,8,277651
13841,0.001511,74.125.24.0-255,7156,127214,8,277651
13842,0.001534,172.31.36.0-255,66,127280,8,277651
13843,0.001549,74.125.24.0-255,5738,133018,8,277651
13844,0.001565,74.125.24.0-255,4320,137338,8,277651
13845,0.00157,172.31.36.0-255,66,137404,8,277651
13846,0.001592,74.125.24.0-255,5738,143142,8,277651
13847,0.0016,74.125.24.0-255,5738,148880,8,277651
13848,0.001611,172.31.36.0-255,66,148946,8,277651
13849,0.001628,172.31.36.0-255,66,149012,8,277651
13850,0.00173,74.125.24.0-255,1484,150496,8,277651
13851,0.001736,74.125.24.0-255,2902,153398,8,277651
13852,0.001747,172.31.36.0-255,66,153464,8,277651
13853,0.001759,74.125.24.0-255,5738,159202,8,277651
13854,0.001764,172.31.36.0-255,66,159268,8,277651
13855,0.001785,74.125.24.0-255,7156,166424,8,277651
13856,0.001807,74.125.24.0-255,5738,172162,8,277651
13857,0.001823,172.31.36.0-255,66,172228,8,277651
13858,0.00185,74.125.24.0-255,1484,173712,8,277651
13859,0.001864,74.125.24.0-255,2902,176614,8,277651
13860,0.001868,172.31.36.0-255,66,176680,8,277651
13861,0.00189,74.125.24.0-255,5738,182418,8,277651
13862,0.001953,74.125.24.0-255,2902,185320,8,277651
13863,0.002008,74.125.24.0-255,2902,188222,8,277651
13864,0.002013,172.31.36.0-255,66,188288,8,277651
13865,0.002021,172.31.36.0-255,66,188354,8,277651
13866,0.002033,74.125.24.0-255,5738,194092,8,277651
13867,0.002058,172.31.36.0-255,66,194158,8,277651
13868,0.002098,172.31.36.0-255,66,194224,8,277651
13869,0.002111,74.125.24.0-255,2902,197126,8,277651
13870,0.002117,172.31.36.0-255,66,197192,8,277651
13871,0.002128,74.125.24.0-255,1484,198676,8,277651
13872,0.002153,74.125.24.0-255,2902,201578,8,277651
13873,0.002161,172.31.36.0-255,66,201644,8,277651
13874,0.002186,74.125.24.0-255,1484,203128,8,277651
13875,0.002193,74.125.24.0-255,6438,209566,8,277651
13876,0.002197,172.31.36.0-255,66,209632,8,277651
13877,0.002234,172.31.36.0-255,66,209698,8,277651
13878,0.002242,74.125.24.0-255,1484,211182,8,277651
13879,0.002274,74.125.24.0-255,2902,214084,8,277651
13880,0.002281,74.125.24.0-255,5738,219822,8,277651
13881,0.002299,172.31.36.0-255,66,219888,8,277651
13882,0.002319,74.125.24.0-255,5738,225626,8,277651
13883,0.002328,172.31.36.0-255,66,225692,8,277651
13884,0.002338,74.125.24.0-255,4320,230012,8,277651
13885,0.002343,74.125.24.0-255,4320,234332,8,277651
13886,0.00235,172.31.36.0-255,66,234398,8,277651
13887,0.002374,74.125.24.0-255,7156,241554,8,277651
13888,0.002378,74.125.24.0-255,2184,243738,8,277651
13889,0.002411,74.125.24.0-255,5738,249476,8,277651
13890,0.002423,172.31.36.0-255,66,249542,8,277651
13891,0.00244,74.125.24.0-255,5738,255280,8,277651
13892,0.002446,172.31.36.0-255,66,255346,8,277651
13893,0.002475,74.125.24.0-255,2902,258248,8,277651
13894,0.002483,172.31.36.0-255,66,258314,8,277651
13895,0.00252,172.31.36.0-255,66,258380,8,277651
13896,0.002755,74.125.24.0-255,1484,259864,8,277651
13897,0.002775,74.125.24.0-255,2902,262766,8,277651
13898,0.002791,172.31.36.0-255,66,262832,8,277651
13899,0.002826,74.125.24.0-255,5332,268164,8,277651
13900,0.002846,172.31.36.0-255,66,268230,8,277651
13901,0.002858,74.125.24.0-255,105,268335,8,277651
13902,0.002996,172.31.36.0-255,101,268436,8,277651
13903,0.005507,74.125.24.0-255,66,268502,8,277651
13904,0.010505,172.31.36.0-255,105,268607,8,277651
13905,0.013036,74.125.24.0-255,66,268673,8,277651
13906,0.036571,172.31.36.0-255,172,268845,8,277651
13907,0.036606,172.31.36.0-255,1110,269955,8,277651
13908,0.036669,172.31.36.0-255,1514,271469,8,277651
13909,0.03667,172.31.36.0-255,1514,272983,8,277651
13910,0.036677,172.31.36.0-255,1514,274497,8,277651
13911,0.036678,172.31.36.0-255,1514,276011,8,277651
13912,0.036706,172.31.36.0-255,1376,277387,8,277651
13913,0.038092,104.244.42.0-255,66,277453,8,277651
13914,0.038163,104.244.42.0-255,66,277519,8,277651
13915,0.038249,104.244.42.0-255,66,277585,8,277651
13916,0.038252,104.244.42.0-255,66,277651,8,277651
13917,0.0,74.125.200.0-255,152,152,8,265239
13918,1.8e-05,172.31.36.0-255,66,218,8,265239
13919,2.5e-05,74.125.200.0-255,1484,1702,8,265239
13920,2.9e-05,172.31.36.0-255,66,1768,8,265239
13921,3.5e-05,74.125.200.0-255,2902,4670,8,265239
13922,4.6e-05,172.31.36.0-255,66,4736,8,265239
13923,0.000148,74.125.200.0-255,5738,10474,8,265239
13924,0.000153,172.31.36.0-255,66,10540,8,265239
13925,0.000369,74.125.200.0-255,3476,14016,8,265239
13926,0.000375,172.31.36.0-255,66,14082,8,265239
13927,0.000502,74.125.200.0-255,7156,21238,8,265239
13928,0.000507,172.31.36.0-255,66,21304,8,265239
13929,0.000536,74.125.200.0-255,4320,25624,8,265239
13930,0.00054,172.31.36.0-255,66,25690,8,265239
13931,0.000911,74.125.200.0-255,7156,32846,8,265239
13932,0.000916,172.31.36.0-255,66,32912,8,265239
13933,0.000956,172.31.36.0-255,66,32978,8,265239
13934,0.001736,172.31.36.0-255,66,33044,8,265239
13935,0.001765,74.125.200.0-255,2818,35862,8,265239
13936,0.001768,172.31.36.0-255,66,35928,8,265239
13937,0.002336,74.125.200.0-255,5738,41666,8,265239
13938,0.002339,172.31.36.0-255,66,41732,8,265239
13939,0.002386,172.31.36.0-255,66,41798,8,265239
13940,0.003344,172.31.36.0-255,66,41864,8,265239
13941,0.003386,172.31.36.0-255,66,41930,8,265239
13942,0.00565,74.125.200.0-255,5738,47668,8,265239
13943,0.005657,172.31.36.0-255,66,47734,8,265239
13944,0.00792,74.125.200.0-255,4320,52054,8,265239
13945,0.007928,172.31.36.0-255,66,52120,8,265239
13946,0.007958,74.125.200.0-255,1484,53604,8,265239
13947,0.010201,74.125.200.0-255,4320,57924,8,265239
13948,0.010209,172.31.36.0-255,66,57990,8,265239
13949,0.012473,74.125.200.0-255,5738,63728,8,265239
13950,0.012517,172.31.36.0-255,66,63794,8,265239
13951,0.014779,74.125.200.0-255,5738,69532,8,265239
13952,0.014787,172.31.36.0-255,66,69598,8,265239
13953,0.017073,74.125.200.0-255,5738,75336,8,265239
13954,0.0171,172.31.36.0-255,66,75402,8,265239
13955,0.019371,74.125.200.0-255,5738,81140,8,265239
13956,0.01938,172.31.36.0-255,66,81206,8,265239
13957,0.021644,74.125.200.0-255,5738,86944,8,265239
13958,0.021651,172.31.36.0-255,66,87010,8,265239
13959,0.023922,74.125.200.0-255,5738,92748,8,265239
13960,0.023929,172.31.36.0-255,66,92814,8,265239
13961,0.026192,74.125.200.0-255,5738,98552,8,265239
13962,0.026201,172.31.36.0-255,66,98618,8,265239
13963,0.028482,74.125.200.0-255,5738,104356,8,265239
13964,0.02849,172.31.36.0-255,66,104422,8,265239
13965,0.030759,74.125.200.0-255,5738,110160,8,265239
13966,0.030769,172.31.36.0-255,66,110226,8,265239
13967,0.033068,74.125.200.0-255,2902,113128,8,265239
13968,0.033077,172.31.36.0-255,66,113194,8,265239
13969,0.033128,74.125.200.0-255,2902,116096,8,265239
13970,0.033163,172.31.36.0-255,66,116162,8,265239
13971,0.035358,74.125.200.0-255,2902,119064,8,265239
13972,0.035366,172.31.36.0-255,66,119130,8,265239
13973,0.03541,74.125.200.0-255,1484,120614,8,265239
13974,0.035423,74.125.200.0-255,1484,122098,8,265239
13975,0.036093,172.31.36.0-255,66,122164,8,265239
13976,0.036408,172.31.36.0-255,172,122336,8,265239
13977,0.036438,172.31.36.0-255,1107,123443,8,265239
13978,0.036512,172.31.36.0-255,1514,124957,8,265239
13979,0.036514,172.31.36.0-255,1514,126471,8,265239
13980,0.036518,172.31.36.0-255,1514,127985,8,265239
13981,0.036519,172.31.36.0-255,462,128447,8,265239
13982,0.037667,74.125.200.0-255,2902,131349,8,265239
13983,0.037673,172.31.36.0-255,66,131415,8,265239
13984,0.037969,104.244.42.0-255,66,131481,8,265239
13985,0.038011,104.244.42.0-255,66,131547,8,265239
13986,0.03812,104.244.42.0-255,66,131613,8,265239
13987,0.038126,104.244.42.0-255,66,131679,8,265239
13988,0.038393,74.125.200.0-255,2902,134581,8,265239
13989,0.0384,172.31.36.0-255,66,134647,8,265239
13990,0.039944,74.125.200.0-255,2902,137549,8,265239
13991,0.03995,172.31.36.0-255,66,137615,8,265239
13992,0.040659,74.125.200.0-255,2902,140517,8,265239
13993,0.040665,172.31.36.0-255,66,140583,8,265239
13994,0.042225,74.125.200.0-255,2902,143485,8,265239
13995,0.042231,172.31.36.0-255,66,143551,8,265239
13996,0.042939,74.125.200.0-255,2902,146453,8,265239
13997,0.042946,172.31.36.0-255,66,146519,8,265239
13998,0.0445,74.125.200.0-255,2902,149421,8,265239
13999,0.044506,172.31.36.0-255,66,149487,8,265239
14000,0.04521,74.125.200.0-255,2902,152389,8,265239
14001,0.045217,172.31.36.0-255,66,152455,8,265239
14002,0.046763,74.125.200.0-255,2902,155357,8,265239
14003,0.04677,172.31.36.0-255,66,155423,8,265239
14004,0.047481,74.125.200.0-255,2902,158325,8,265239
14005,0.047487,172.31.36.0-255,66,158391,8,265239
14006,0.049038,74.125.200.0-255,2902,161293,8,265239
14007,0.049044,172.31.36.0-255,66,161359,8,265239
14008,0.049767,74.125.200.0-255,2902,164261,8,265239
14009,0.049774,172.31.36.0-255,66,164327,8,265239
14010,0.051315,74.125.200.0-255,2902,167229,8,265239
14011,0.051321,172.31.36.0-255,66,167295,8,265239
14012,0.052041,74.125.200.0-255,2902,170197,8,265239
14013,0.052048,172.31.36.0-255,66,170263,8,265239
14014,0.05358,74.125.200.0-255,2902,173165,8,265239
14015,0.053598,172.31.36.0-255,66,173231,8,265239
14016,0.054313,74.125.200.0-255,2902,176133,8,265239
14017,0.05432,172.31.36.0-255,66,176199,8,265239
14018,0.055869,74.125.200.0-255,2902,179101,8,265239
14019,0.055876,172.31.36.0-255,66,179167,8,265239
14020,0.056586,74.125.200.0-255,2902,182069,8,265239
14021,0.056592,172.31.36.0-255,66,182135,8,265239
14022,0.058276,74.125.200.0-255,2902,185037,8,265239
14023,0.058283,172.31.36.0-255,66,185103,8,265239
14024,0.058861,74.125.200.0-255,2902,188005,8,265239
14025,0.058867,172.31.36.0-255,66,188071,8,265239
14026,0.060575,74.125.200.0-255,2902,190973,8,265239
14027,0.060582,172.31.36.0-255,66,191039,8,265239
14028,0.061136,74.125.200.0-255,2902,193941,8,265239
14029,0.061143,172.31.36.0-255,66,194007,8,265239
14030,0.062853,74.125.200.0-255,2902,196909,8,265239
14031,0.062858,172.31.36.0-255,66,196975,8,265239
14032,0.063411,74.125.200.0-255,2902,199877,8,265239
14033,0.063417,172.31.36.0-255,66,199943,8,265239
14034,0.06512,74.125.200.0-255,2902,202845,8,265239
14035,0.065127,172.31.36.0-255,66,202911,8,265239
14036,0.065682,74.125.200.0-255,2902,205813,8,265239
14037,0.065689,172.31.36.0-255,66,205879,8,265239
14038,0.067396,74.125.200.0-255,2902,208781,8,265239
14039,0.067402,172.31.36.0-255,66,208847,8,265239
14040,0.067948,74.125.200.0-255,2902,211749,8,265239
14041,0.067955,172.31.36.0-255,66,211815,8,265239
14042,0.069663,74.125.200.0-255,2902,214717,8,265239
14043,0.06967,172.31.36.0-255,66,214783,8,265239
14044,0.070222,74.125.200.0-255,2902,217685,8,265239
14045,0.070228,172.31.36.0-255,66,217751,8,265239
14046,0.071938,74.125.200.0-255,2902,220653,8,265239
14047,0.07195,172.31.36.0-255,66,220719,8,265239
14048,0.072497,74.125.200.0-255,2902,223621,8,265239
14049,0.072503,172.31.36.0-255,66,223687,8,265239
14050,0.074216,74.125.200.0-255,2902,226589,8,265239
14051,0.074226,172.31.36.0-255,66,226655,8,265239
14052,0.074766,74.125.200.0-255,2902,229557,8,265239
14053,0.074773,172.31.36.0-255,66,229623,8,265239
14054,0.076488,74.125.200.0-255,2902,232525,8,265239
14055,0.076494,172.31.36.0-255,66,232591,8,265239
14056,0.077053,74.125.200.0-255,2902,235493,8,265239
14057,0.077059,172.31.36.0-255,66,235559,8,265239
14058,0.078762,74.125.200.0-255,2902,238461,8,265239
14059,0.078769,172.31.36.0-255,66,238527,8,265239
14060,0.079326,74.125.200.0-255,2902,241429,8,265239
14061,0.079332,172.31.36.0-255,66,241495,8,265239
14062,0.081071,74.125.200.0-255,2902,244397,8,265239
14063,0.081089,172.31.36.0-255,66,244463,8,265239
14064,0.081628,74.125.200.0-255,2902,247365,8,265239
14065,0.081635,172.31.36.0-255,66,247431,8,265239
14066,0.083366,74.125.200.0-255,2902,250333,8,265239
14067,0.083372,172.31.36.0-255,66,250399,8,265239
14068,0.083903,74.125.200.0-255,2902,253301,8,265239
14069,0.08391,172.31.36.0-255,66,253367,8,265239
14070,0.085636,74.125.200.0-255,2902,256269,8,265239
14071,0.085643,172.31.36.0-255,66,256335,8,265239
14072,0.086173,74.125.200.0-255,2902,259237,8,265239
14073,0.086178,172.31.36.0-255,66,259303,8,265239
14074,0.087904,74.125.200.0-255,2902,262205,8,265239
14075,0.087911,172.31.36.0-255,66,262271,8,265239
14076,0.088438,74.125.200.0-255,2902,265173,8,265239
14077,0.088518,172.31.36.0-255,66,265239,8,265239
14078,0.0,74.125.24.0-255,146,146,8,216805
14079,2.2e-05,172.31.36.0-255,66,212,8,216805
14080,2.9e-05,74.125.24.0-255,1484,1696,8,216805
14081,3.4e-05,172.31.36.0-255,66,1762,8,216805
14082,3.9e-05,74.125.24.0-255,2902,4664,8,216805
14083,4.2e-05,172.31.36.0-255,66,4730,8,216805
14084,4.7e-05,74.125.24.0-255,4320,9050,8,216805
14085,5.1e-05,172.31.36.0-255,66,9116,8,216805
14086,7.4e-05,74.125.24.0-255,1484,10600,8,216805
14087,7.6e-05,172.31.36.0-255,66,10666,8,216805
14088,9.5e-05,74.125.24.0-255,3498,14164,8,216805
14089,9.8e-05,172.31.36.0-255,66,14230,8,216805
14090,0.000469,74.125.24.0-255,1484,15714,8,216805
14091,0.000475,172.31.36.0-255,66,15780,8,216805
14092,0.000481,74.125.24.0-255,2902,18682,8,216805
14093,0.000483,172.31.36.0-255,66,18748,8,216805
14094,0.00049,74.125.24.0-255,5738,24486,8,216805
14095,0.000492,172.31.36.0-255,66,24552,8,216805
14096,0.000528,74.125.24.0-255,4320,28872,8,216805
14097,0.000532,172.31.36.0-255,66,28938,8,216805
14098,0.000564,172.31.36.0-255,66,29004,8,216805
14099,0.000575,172.31.36.0-255,66,29070,8,216805
14100,0.001958,74.125.24.0-255,1484,30554,8,216805
14101,0.001965,172.31.36.0-255,66,30620,8,216805
14102,0.001975,74.125.24.0-255,2902,33522,8,216805
14103,0.001978,172.31.36.0-255,66,33588,8,216805
14104,0.001984,74.125.24.0-255,5738,39326,8,216805
14105,0.001986,172.31.36.0-255,66,39392,8,216805
14106,0.00201,74.125.24.0-255,1484,40876,8,216805
14107,0.002012,172.31.36.0-255,66,40942,8,216805
14108,0.002032,74.125.24.0-255,5958,46900,8,216805
14109,0.002034,172.31.36.0-255,66,46966,8,216805
14110,0.002156,74.125.24.0-255,1484,48450,8,216805
14111,0.00216,74.125.24.0-255,1484,49934,8,216805
14112,0.002178,74.125.24.0-255,1484,51418,8,216805
14113,0.002181,74.125.24.0-255,2902,54320,8,216805
14114,0.002196,74.125.24.0-255,2902,57222,8,216805
14115,0.002214,74.125.24.0-255,2902,60124,8,216805
14116,0.003044,74.125.24.0-255,1484,61608,8,216805
14117,0.003048,74.125.24.0-255,1484,63092,8,216805
14118,0.00306,74.125.24.0-255,1484,64576,8,216805
14119,0.003074,74.125.24.0-255,5738,70314,8,216805
14120,0.003168,74.125.24.0-255,6438,76752,8,216805
14121,0.003903,74.125.24.0-255,1484,78236,8,216805
14122,0.00392,74.125.24.0-255,2902,81138,8,216805
14123,0.003936,74.125.24.0-255,5738,86876,8,216805
14124,0.00396,74.125.24.0-255,1484,88360,8,216805
14125,0.004005,74.125.24.0-255,5738,94098,8,216805
14126,0.004028,74.125.24.0-255,1484,95582,8,216805
14127,0.004047,74.125.24.0-255,3602,99184,8,216805
14128,0.004507,74.125.24.0-255,1484,100668,8,216805
14129,0.004516,74.125.24.0-255,2902,103570,8,216805
14130,0.004536,74.125.24.0-255,5738,109308,8,216805
14131,0.004583,74.125.24.0-255,2902,112210,8,216805
14132,0.0046,74.125.24.0-255,7156,119366,8,216805
14133,0.004606,74.125.24.0-255,4320,123686,8,216805
14134,0.004632,74.125.24.0-255,1484,125170,8,216805
14135,0.005009,172.31.36.0-255,66,125236,8,216805
14136,0.005077,74.125.24.0-255,1484,126720,8,216805
14137,0.005085,74.125.24.0-255,2902,129622,8,216805
14138,0.005091,74.125.24.0-255,4320,133942,8,216805
14139,0.005093,172.31.36.0-255,66,134008,8,216805
14140,0.0051,172.31.36.0-255,66,134074,8,216805
14141,0.005108,74.125.24.0-255,1484,135558,8,216805
14142,0.005112,74.125.24.0-255,2902,138460,8,216805
14143,0.005131,172.31.36.0-255,66,138526,8,216805
14144,0.005138,74.125.24.0-255,1484,140010,8,216805
14145,0.005142,74.125.24.0-255,1484,141494,8,216805
14146,0.005146,172.31.36.0-255,66,141560,8,216805
14147,0.005184,172.31.36.0-255,66,141626,8,216805
14148,0.005351,74.125.24.0-255,1484,143110,8,216805
14149,0.005356,74.125.24.0-255,2902,146012,8,216805
14150,0.005362,172.31.36.0-255,66,146078,8,216805
14151,0.005378,74.125.24.0-255,2902,148980,8,216805
14152,0.005395,172.31.36.0-255,66,149046,8,216805
14153,0.005398,74.125.24.0-255,2902,151948,8,216805
14154,0.005414,172.31.36.0-255,66,152014,8,216805
14155,0.005431,74.125.24.0-255,1484,153498,8,216805
14156,0.005441,172.31.36.0-255,66,153564,8,216805
14157,0.005462,172.31.36.0-255,66,153630,8,216805
14158,0.005478,74.125.24.0-255,2184,155814,8,216805
14159,0.005486,172.31.36.0-255,66,155880,8,216805
14160,0.005658,74.125.24.0-255,1484,157364,8,216805
14161,0.005672,74.125.24.0-255,2902,160266,8,216805
14162,0.005686,172.31.36.0-255,66,160332,8,216805
14163,0.005693,74.125.24.0-255,5738,166070,8,216805
14164,0.005701,172.31.36.0-255,66,166136,8,216805
14165,0.005709,74.125.24.0-255,4320,170456,8,216805
14166,0.005718,172.31.36.0-255,66,170522,8,216805
14167,0.005722,74.125.24.0-255,2902,173424,8,216805
14168,0.005725,74.125.24.0-255,1484,174908,8,216805
14169,0.005732,172.31.36.0-255,66,174974,8,216805
14170,0.005771,74.125.24.0-255,4320,179294,8,216805
14171,0.005779,172.31.36.0-255,66,179360,8,216805
14172,0.005791,172.31.36.0-255,66,179426,8,216805
14173,0.005824,172.31.36.0-255,66,179492,8,216805
14174,0.005864,172.31.36.0-255,66,179558,8,216805
14175,0.005883,74.125.24.0-255,4320,183878,8,216805
14176,0.005887,172.31.36.0-255,66,183944,8,216805
14177,0.005904,74.125.24.0-255,7156,191100,8,216805
14178,0.005908,172.31.36.0-255,66,191166,8,216805
14179,0.005915,74.125.24.0-255,1484,192650,8,216805
14180,0.005929,74.125.24.0-255,3602,196252,8,216805
14181,0.005937,172.31.36.0-255,66,196318,8,216805
14182,0.005946,74.125.24.0-255,1484,197802,8,216805
14183,0.005959,74.125.24.0-255,5738,203540,8,216805
14184,0.005963,172.31.36.0-255,66,203606,8,216805
14185,0.006008,172.31.36.0-255,66,203672,8,216805
14186,0.00601,172.31.36.0-255,66,203738,8,216805
14187,0.00607,74.125.24.0-255,2902,206640,8,216805
14188,0.006074,172.31.36.0-255,66,206706,8,216805
14189,0.006087,74.125.24.0-255,4320,211026,8,216805
14190,0.006096,172.31.36.0-255,66,211092,8,216805
14191,0.006116,172.31.36.0-255,66,211158,8,216805
14192,0.006137,172.31.36.0-255,66,211224,8,216805
14193,0.006167,74.125.24.0-255,105,211329,8,216805
14194,0.007737,172.31.36.0-255,66,211395,8,216805
14195,0.00776,172.31.36.0-255,105,211500,8,216805
14196,0.009973,74.125.24.0-255,66,211566,8,216805
14197,0.050193,172.31.36.0-255,172,211738,8,216805
14198,0.050222,172.31.36.0-255,1109,212847,8,216805
14199,0.050287,172.31.36.0-255,1514,214361,8,216805
14200,0.050289,172.31.36.0-255,1514,215875,8,216805
14201,0.050291,172.31.36.0-255,864,216739,8,216805
14202,0.05189,104.244.42.0-255,66,216805,8,216805
14203,0.0,172.217.194.0-255,153,153,8,207730
14204,2.1e-05,172.31.36.0-255,66,219,8,207730
14205,2.8e-05,172.217.194.0-255,1484,1703,8,207730
14206,3.3e-05,172.31.36.0-255,66,1769,8,207730
14207,3.9e-05,172.217.194.0-255,2902,4671,8,207730
14208,4.9e-05,172.31.36.0-255,66,4737,8,207730
14209,5.4e-05,172.217.194.0-255,2902,7639,8,207730
14210,5.7e-05,172.31.36.0-255,66,7705,8,207730
14211,8.2e-05,172.217.194.0-255,2902,10607,8,207730
14212,8.9e-05,172.31.36.0-255,66,10673,8,207730
14213,0.000101,172.217.194.0-255,1484,12157,8,207730
14214,0.000103,172.31.36.0-255,66,12223,8,207730
14215,0.000146,172.31.36.0-255,66,12289,8,207730
14216,0.000158,172.31.36.0-255,66,12355,8,207730
14217,0.000213,172.217.194.0-255,1484,13839,8,207730
14218,0.000216,172.31.36.0-255,66,13905,8,207730
14219,0.000249,172.217.194.0-255,2902,16807,8,207730
14220,0.000251,172.31.36.0-255,66,16873,8,207730
14221,0.000259,172.217.194.0-255,5738,22611,8,207730
14222,0.000261,172.31.36.0-255,66,22677,8,207730
14223,0.000277,172.31.36.0-255,66,22743,8,207730
14224,0.000331,172.217.194.0-255,2902,25645,8,207730
14225,0.000334,172.31.36.0-255,66,25711,8,207730
14226,0.000376,172.31.36.0-255,66,25777,8,207730
14227,0.000379,172.217.194.0-255,409,26186,8,207730
14228,0.000381,172.31.36.0-255,66,26252,8,207730
14229,0.000412,172.217.194.0-255,1484,27736,8,207730
14230,0.000415,172.31.36.0-255,66,27802,8,207730
14231,0.000419,172.217.194.0-255,2902,30704,8,207730
14232,0.000421,172.31.36.0-255,66,30770,8,207730
14233,0.00045,172.217.194.0-255,5738,36508,8,207730
14234,0.000452,172.31.36.0-255,66,36574,8,207730
14235,0.000491,172.31.36.0-255,66,36640,8,207730
14236,0.000504,172.217.194.0-255,1484,38124,8,207730
14237,0.000512,172.31.36.0-255,66,38190,8,207730
14238,0.000518,172.217.194.0-255,4320,42510,8,207730
14239,0.00052,172.31.36.0-255,66,42576,8,207730
14240,0.000558,172.217.194.0-255,6438,49014,8,207730
14241,0.000561,172.31.36.0-255,66,49080,8,207730
14242,0.000575,172.31.36.0-255,66,49146,8,207730
14243,0.000581,172.217.194.0-255,5098,54244,8,207730
14244,0.000583,172.31.36.0-255,66,54310,8,207730
14245,0.000627,172.217.194.0-255,4320,58630,8,207730
14246,0.00063,172.31.36.0-255,66,58696,8,207730
14247,0.000665,172.31.36.0-255,66,58762,8,207730
14248,0.000668,172.217.194.0-255,1484,60246,8,207730
14249,0.000707,172.31.36.0-255,66,60312,8,207730
14250,0.000763,172.217.194.0-255,1484,61796,8,207730
14251,0.000777,172.217.194.0-255,2902,64698,8,207730
14252,0.00078,172.31.36.0-255,66,64764,8,207730
14253,0.000783,172.217.194.0-255,1484,66248,8,207730
14254,0.000811,172.217.194.0-255,4320,70568,8,207730
14255,0.000836,172.217.194.0-255,4320,74888,8,207730
14256,0.000842,172.217.194.0-255,5738,80626,8,207730
14257,0.000862,172.217.194.0-255,5020,85646,8,207730
14258,0.000877,172.217.194.0-255,2902,88548,8,207730
14259,0.000901,172.217.194.0-255,4320,92868,8,207730
14260,0.000978,172.217.194.0-255,1484,94352,8,207730
14261,0.000983,172.31.36.0-255,66,94418,8,207730
14262,0.001006,172.217.194.0-255,5020,99438,8,207730
14263,0.001009,172.217.194.0-255,1484,100922,8,207730
14264,0.001033,172.217.194.0-255,5738,106660,8,207730
14265,0.001053,172.217.194.0-255,7156,113816,8,207730
14266,0.001059,172.31.36.0-255,66,113882,8,207730
14267,0.001105,172.217.194.0-255,7156,121038,8,207730
14268,0.001121,172.217.194.0-255,3602,124640,8,207730
14269,0.001126,172.217.194.0-255,4320,128960,8,207730
14270,0.001131,172.31.36.0-255,66,129026,8,207730
14271,0.00114,172.31.36.0-255,66,129092,8,207730
14272,0.00115,172.217.194.0-255,3961,133053,8,207730
14273,0.001154,172.217.194.0-255,2902,135955,8,207730
14274,0.001183,172.217.194.0-255,1484,137439,8,207730
14275,0.001189,172.217.194.0-255,5738,143177,8,207730
14276,0.001195,172.217.194.0-255,4320,147497,8,207730
14277,0.001215,172.217.194.0-255,7156,154653,8,207730
14278,0.001229,172.31.36.0-255,66,154719,8,207730
14279,0.001238,172.217.194.0-255,1125,155844,8,207730
14280,0.00128,172.217.194.0-255,4320,160164,8,207730
14281,0.001287,172.217.194.0-255,5738,165902,8,207730
14282,0.001291,172.31.36.0-255,66,165968,8,207730
14283,0.001308,172.217.194.0-255,4320,170288,8,207730
14284,0.001331,172.217.194.0-255,7156,177444,8,207730
14285,0.001334,172.217.194.0-255,1484,178928,8,207730
14286,0.001345,172.31.36.0-255,66,178994,8,207730
14287,0.001359,172.217.194.0-255,2902,181896,8,207730
14288,0.001373,172.31.36.0-255,66,181962,8,207730
14289,0.001382,172.217.194.0-255,4320,186282,8,207730
14290,0.001385,172.217.194.0-255,1484,187766,8,207730
14291,0.001405,172.217.194.0-255,7156,194922,8,207730
14292,0.001432,172.217.194.0-255,2902,197824,8,207730
14293,0.001435,172.31.36.0-255,66,197890,8,207730
14294,0.00144,172.31.36.0-255,66,197956,8,207730
14295,0.001558,172.31.36.0-255,66,198022,8,207730
14296,0.001565,172.217.194.0-255,5078,203100,8,207730
14297,0.001567,172.217.194.0-255,105,203205,8,207730
14298,0.001579,172.31.36.0-255,66,203271,8,207730
14299,0.009284,172.31.36.0-255,105,203376,8,207730
14300,0.011709,172.217.194.0-255,66,203442,8,207730
14301,0.035106,172.31.36.0-255,172,203614,8,207730
14302,0.035141,172.31.36.0-255,1111,204725,8,207730
14303,0.035198,172.31.36.0-255,1514,206239,8,207730
14304,0.0352,172.31.36.0-255,1293,207532,8,207730
14305,0.036807,104.244.42.0-255,66,207598,8,207730
14306,0.036829,104.244.42.0-255,66,207664,8,207730
14307,0.036973,104.244.42.0-255,66,207730,8,207730
14308,0.0,74.125.24.0-255,153,153,8,329730
14309,3.7e-05,172.31.36.0-255,66,219,8,329730
14310,4.4e-05,74.125.24.0-255,1484,1703,8,329730
14311,4.9e-05,172.31.36.0-255,66,1769,8,329730
14312,5.4e-05,74.125.24.0-255,2902,4671,8,329730
14313,5.8e-05,172.31.36.0-255,66,4737,8,329730
14314,7.2e-05,74.125.24.0-255,5738,10475,8,329730
14315,7.5e-05,172.31.36.0-255,66,10541,8,329730
14316,0.000107,74.125.24.0-255,3436,13977,8,329730
14317,0.00011,172.31.36.0-255,66,14043,8,329730
14318,0.000135,74.125.24.0-255,1484,15527,8,329730
14319,0.00014,172.31.36.0-255,66,15593,8,329730
14320,0.000145,74.125.24.0-255,2902,18495,8,329730
14321,0.000147,172.31.36.0-255,66,18561,8,329730
14322,0.00018,74.125.24.0-255,5738,24299,8,329730
14323,0.000185,172.31.36.0-255,66,24365,8,329730
14324,0.000208,74.125.24.0-255,1484,25849,8,329730
14325,0.000212,172.31.36.0-255,66,25915,8,329730
14326,0.00024,74.125.24.0-255,5379,31294,8,329730
14327,0.000243,172.31.36.0-255,66,31360,8,329730
14328,0.000245,74.125.24.0-255,1484,32844,8,329730
14329,0.000247,172.31.36.0-255,66,32910,8,329730
14330,0.000252,74.125.24.0-255,2902,35812,8,329730
14331,0.000254,172.31.36.0-255,66,35878,8,329730
14332,0.000267,74.125.24.0-255,5738,41616,8,329730
14333,0.00027,172.31.36.0-255,66,41682,8,329730
14334,0.000307,74.125.24.0-255,6797,48479,8,329730
14335,0.000311,172.31.36.0-255,66,48545,8,329730
14336,0.000341,74.125.24.0-255,1484,50029,8,329730
14337,0.000344,172.31.36.0-255,66,50095,8,329730
14338,0.000374,74.125.24.0-255,2902,52997,8,329730
14339,0.000378,172.31.36.0-255,66,53063,8,329730
14340,0.000385,74.125.24.0-255,5738,58801,8,329730
14341,0.000388,172.31.36.0-255,66,58867,8,329730
14342,0.000399,74.125.24.0-255,4320,63187,8,329730
14343,0.000402,172.31.36.0-255,66,63253,8,329730
14344,0.00044,74.125.24.0-255,2921,66174,8,329730
14345,0.000446,172.31.36.0-255,66,66240,8,329730
14346,0.000469,74.125.24.0-255,330,66570,8,329730
14347,0.000519,74.125.24.0-255,1484,68054,8,329730
14348,0.000523,172.31.36.0-255,66,68120,8,329730
14349,0.000527,74.125.24.0-255,1484,69604,8,329730
14350,0.000554,74.125.24.0-255,2902,72506,8,329730
14351,0.000558,172.31.36.0-255,66,72572,8,329730
14352,0.000561,74.125.24.0-255,1484,74056,8,329730
14353,0.000596,74.125.24.0-255,2902,76958,8,329730
14354,0.000599,172.31.36.0-255,66,77024,8,329730
14355,0.000643,172.31.36.0-255,66,77090,8,329730
14356,0.000663,172.31.36.0-255,66,77156,8,329730
14357,0.000668,74.125.24.0-255,3961,81117,8,329730
14358,0.000671,172.31.36.0-255,66,81183,8,329730
14359,0.001267,74.125.24.0-255,1484,82667,8,329730
14360,0.001278,74.125.24.0-255,2902,85569,8,329730
14361,0.001283,172.31.36.0-255,66,85635,8,329730
14362,0.001287,74.125.24.0-255,1484,87119,8,329730
14363,0.001291,74.125.24.0-255,2902,90021,8,329730
14364,0.001294,172.31.36.0-255,66,90087,8,329730
14365,0.001325,74.125.24.0-255,5738,95825,8,329730
14366,0.001329,172.31.36.0-255,66,95891,8,329730
14367,0.001336,74.125.24.0-255,7156,103047,8,329730
14368,0.001338,172.31.36.0-255,66,103113,8,329730
14369,0.001368,74.125.24.0-255,5738,108851,8,329730
14370,0.001377,172.31.36.0-255,66,108917,8,329730
14371,0.001385,74.125.24.0-255,6438,115355,8,329730
14372,0.001388,172.31.36.0-255,66,115421,8,329730
14373,0.001457,74.125.24.0-255,1484,116905,8,329730
14374,0.001479,74.125.24.0-255,2902,119807,8,329730
14375,0.001483,172.31.36.0-255,66,119873,8,329730
14376,0.001489,74.125.24.0-255,5738,125611,8,329730
14377,0.001491,172.31.36.0-255,66,125677,8,329730
14378,0.001498,74.125.24.0-255,5738,131415,8,329730
14379,0.001506,172.31.36.0-255,66,131481,8,329730
14380,0.001516,74.125.24.0-255,1484,132965,8,329730
14381,0.001521,74.125.24.0-255,4320,137285,8,329730
14382,0.001524,172.31.36.0-255,66,137351,8,329730
14383,0.001566,172.31.36.0-255,66,137417,8,329730
14384,0.00157,74.125.24.0-255,2184,139601,8,329730
14385,0.001572,172.31.36.0-255,66,139667,8,329730
14386,0.001636,74.125.24.0-255,1484,141151,8,329730
14387,0.001652,74.125.24.0-255,2902,144053,8,329730
14388,0.001656,172.31.36.0-255,66,144119,8,329730
14389,0.001683,74.125.24.0-255,5738,149857,8,329730
14390,0.001687,172.31.36.0-255,66,149923,8,329730
14391,0.001704,172.31.36.0-255,66,149989,8,329730
14392,0.001714,172.31.36.0-255,66,150055,8,329730
14393,0.001744,74.125.24.0-255,2184,152239,8,329730
14394,0.001746,172.31.36.0-255,66,152305,8,329730
14395,0.001749,74.125.24.0-255,1484,153789,8,329730
14396,0.001754,74.125.24.0-255,2902,156691,8,329730
14397,0.001756,172.31.36.0-255,66,156757,8,329730
14398,0.001815,74.125.24.0-255,5738,162495,8,329730
14399,0.001854,74.125.24.0-255,2184,164679,8,329730
14400,0.001857,74.125.24.0-255,2902,167581,8,329730
14401,0.00188,74.125.24.0-255,7156,174737,8,329730
14402,0.001894,74.125.24.0-255,1484,176221,8,329730
14403,0.00193,74.125.24.0-255,1484,177705,8,329730
14404,0.001962,74.125.24.0-255,1484,179189,8,329730
14405,0.001973,74.125.24.0-255,1484,180673,8,329730
14406,0.001994,74.125.24.0-255,4320,184993,8,329730
14407,0.002006,74.125.24.0-255,1484,186477,8,329730
14408,0.002026,74.125.24.0-255,7156,193633,8,329730
14409,0.005292,172.31.36.0-255,66,193699,8,329730
14410,0.007247,74.125.24.0-255,5738,199437,8,329730
14411,0.007254,172.31.36.0-255,66,199503,8,329730
14412,0.009197,74.125.24.0-255,5738,205241,8,329730
14413,0.009204,172.31.36.0-255,66,205307,8,329730
14414,0.011162,74.125.24.0-255,5738,211045,8,329730
14415,0.011169,172.31.36.0-255,66,211111,8,329730
14416,0.013144,74.125.24.0-255,5738,216849,8,329730
14417,0.013152,172.31.36.0-255,66,216915,8,329730
14418,0.015128,74.125.24.0-255,5738,222653,8,329730
14419,0.015138,172.31.36.0-255,66,222719,8,329730
14420,0.017111,74.125.24.0-255,5738,228457,8,329730
14421,0.01712,172.31.36.0-255,66,228523,8,329730
14422,0.019097,74.125.24.0-255,5738,234261,8,329730
14423,0.019107,172.31.36.0-255,66,234327,8,329730
14424,0.021075,74.125.24.0-255,5738,240065,8,329730
14425,0.021082,172.31.36.0-255,66,240131,8,329730
14426,0.023034,74.125.24.0-255,5738,245869,8,329730
14427,0.023041,172.31.36.0-255,66,245935,8,329730
14428,0.024999,74.125.24.0-255,5738,251673,8,329730
14429,0.025006,172.31.36.0-255,66,251739,8,329730
14430,0.026974,74.125.24.0-255,5738,257477,8,329730
14431,0.026983,172.31.36.0-255,66,257543,8,329730
14432,0.02894,74.125.24.0-255,5738,263281,8,329730
14433,0.028947,172.31.36.0-255,66,263347,8,329730
14434,0.030909,74.125.24.0-255,5738,269085,8,329730
14435,0.030917,172.31.36.0-255,66,269151,8,329730
14436,0.032208,172.31.36.0-255,172,269323,8,329730
14437,0.032241,172.31.36.0-255,1107,270430,8,329730
14438,0.032283,172.31.36.0-255,1514,271944,8,329730
14439,0.032285,172.31.36.0-255,1514,273458,8,329730
14440,0.032286,172.31.36.0-255,1514,274972,8,329730
14441,0.032287,172.31.36.0-255,1077,276049,8,329730
14442,0.032886,74.125.24.0-255,5738,281787,8,329730
14443,0.032893,172.31.36.0-255,66,281853,8,329730
14444,0.033796,104.244.42.0-255,66,281919,8,329730
14445,0.033833,104.244.42.0-255,66,281985,8,329730
14446,0.033877,104.244.42.0-255,66,282051,8,329730
14447,0.033881,104.244.42.0-255,66,282117,8,329730
14448,0.034835,74.125.24.0-255,5738,287855,8,329730
14449,0.03484,172.31.36.0-255,66,287921,8,329730
14450,0.036811,74.125.24.0-255,5738,293659,8,329730
14451,0.036817,172.31.36.0-255,66,293725,8,329730
14452,0.038781,74.125.24.0-255,5738,299463,8,329730
14453,0.038786,172.31.36.0-255,66,299529,8,329730
14454,0.040779,74.125.24.0-255,5738,305267,8,329730
14455,0.040785,172.31.36.0-255,66,305333,8,329730
14456,0.042745,74.125.24.0-255,5738,311071,8,329730
14457,0.042765,172.31.36.0-255,66,311137,8,329730
14458,0.04471,74.125.24.0-255,5738,316875,8,329730
14459,0.044715,172.31.36.0-255,66,316941,8,329730
14460,0.046668,74.125.24.0-255,5738,322679,8,329730
14461,0.046673,172.31.36.0-255,66,322745,8,329730
14462,0.048638,74.125.24.0-255,5738,328483,8,329730
14463,0.048644,172.31.36.0-255,66,328549,8,329730
14464,0.050584,74.125.24.0-255,944,329493,8,329730
14465,0.050717,172.31.36.0-255,66,329559,8,329730
14466,0.050743,172.31.36.0-255,105,329664,8,329730
14467,0.052663,74.125.24.0-255,66,329730,8,329730
14468,0.0,172.217.194.0-255,153,153,8,280958
14469,1.6e-05,172.31.36.0-255,66,219,8,280958
14470,2.3e-05,172.217.194.0-255,1484,1703,8,280958
14471,2.7e-05,172.31.36.0-255,66,1769,8,280958
14472,3.4e-05,172.217.194.0-255,2902,4671,8,280958
14473,3.7e-05,172.31.36.0-255,66,4737,8,280958
14474,4.5e-05,172.217.194.0-255,7156,11893,8,280958
14475,4.9e-05,172.31.36.0-255,66,11959,8,280958
14476,5.2e-05,172.217.194.0-255,1484,13443,8,280958
14477,5.4e-05,172.31.36.0-255,66,13509,8,280958
14478,8.3e-05,172.217.194.0-255,3429,16938,8,280958
14479,8.6e-05,172.31.36.0-255,66,17004,8,280958
14480,9.3e-05,172.217.194.0-255,5738,22742,8,280958
14481,9.6e-05,172.31.36.0-255,66,22808,8,280958
14482,0.0001,172.217.194.0-255,2902,25710,8,280958
14483,0.000102,172.31.36.0-255,66,25776,8,280958
14484,0.000127,172.217.194.0-255,5379,31155,8,280958
14485,0.00013,172.31.36.0-255,66,31221,8,280958
14486,0.000159,172.217.194.0-255,1484,32705,8,280958
14487,0.000162,172.31.36.0-255,66,32771,8,280958
14488,0.000166,172.217.194.0-255,2902,35673,8,280958
14489,0.000168,172.31.36.0-255,66,35739,8,280958
14490,0.000204,172.217.194.0-255,5738,41477,8,280958
14491,0.000207,172.31.36.0-255,66,41543,8,280958
14492,0.000218,172.31.36.0-255,66,41609,8,280958
14493,0.000224,172.217.194.0-255,5738,47347,8,280958
14494,0.000227,172.31.36.0-255,66,47413,8,280958
14495,0.000245,172.217.194.0-255,4320,51733,8,280958
14496,0.000247,172.31.36.0-255,66,51799,8,280958
14497,0.000252,172.217.194.0-255,4272,56071,8,280958
14498,0.000255,172.31.36.0-255,66,56137,8,280958
14499,0.000454,172.217.194.0-255,366,56503,8,280958
14500,0.000702,172.217.194.0-255,1484,57987,8,280958
14501,0.000708,172.31.36.0-255,66,58053,8,280958
14502,0.000713,172.217.194.0-255,2902,60955,8,280958
14503,0.000715,172.31.36.0-255,66,61021,8,280958
14504,0.000719,172.217.194.0-255,1484,62505,8,280958
14505,0.000746,172.217.194.0-255,4320,66825,8,280958
14506,0.000748,172.31.36.0-255,66,66891,8,280958
14507,0.000777,172.31.36.0-255,66,66957,8,280958
14508,0.000795,172.217.194.0-255,2902,69859,8,280958
14509,0.000798,172.31.36.0-255,66,69925,8,280958
14510,0.00081,172.31.36.0-255,66,69991,8,280958
14511,0.000822,172.217.194.0-255,1484,71475,8,280958
14512,0.000836,172.217.194.0-255,766,72241,8,280958
14513,0.000838,172.31.36.0-255,66,72307,8,280958
14514,0.001048,172.217.194.0-255,1484,73791,8,280958
14515,0.00107,172.217.194.0-255,2902,76693,8,280958
14516,0.001075,172.31.36.0-255,66,76759,8,280958
14517,0.001079,172.217.194.0-255,1484,78243,8,280958
14518,0.001085,172.217.194.0-255,5738,83981,8,280958
14519,0.001088,172.31.36.0-255,66,84047,8,280958
14520,0.001129,172.31.36.0-255,66,84113,8,280958
14521,0.001141,172.31.36.0-255,66,84179,8,280958
14522,0.00126,172.217.194.0-255,1484,85663,8,280958
14523,0.001266,172.217.194.0-255,2902,88565,8,280958
14524,0.00127,172.31.36.0-255,66,88631,8,280958
14525,0.001274,172.217.194.0-255,1484,90115,8,280958
14526,0.001293,172.217.194.0-255,4320,94435,8,280958
14527,0.001296,172.31.36.0-255,66,94501,8,280958
14528,0.001338,172.31.36.0-255,66,94567,8,280958
14529,0.001354,172.217.194.0-255,4320,98887,8,280958
14530,0.001358,172.31.36.0-255,66,98953,8,280958
14531,0.001364,172.217.194.0-255,5738,104691,8,280958
14532,0.001366,172.31.36.0-255,66,104757,8,280958
14533,0.001396,172.217.194.0-255,5020,109777,8,280958
14534,0.001399,172.31.36.0-255,66,109843,8,280958
14535,0.001541,172.217.194.0-255,1484,111327,8,280958
14536,0.001547,172.217.194.0-255,2902,114229,8,280958
14537,0.001551,172.31.36.0-255,66,114295,8,280958
14538,0.00157,172.217.194.0-255,5738,120033,8,280958
14539,0.001573,172.31.36.0-255,66,120099,8,280958
14540,0.001589,172.217.194.0-255,1484,121583,8,280958
14541,0.001613,172.31.36.0-255,66,121649,8,280958
14542,0.001617,172.217.194.0-255,1484,123133,8,280958
14543,0.001658,172.31.36.0-255,66,123199,8,280958
14544,0.001662,172.217.194.0-255,1484,124683,8,280958
14545,0.001675,172.217.194.0-255,5738,130421,8,280958
14546,0.001677,172.31.36.0-255,66,130487,8,280958
14547,0.001692,172.217.194.0-255,2902,133389,8,280958
14548,0.001694,172.31.36.0-255,66,133455,8,280958
14549,0.001707,172.31.36.0-255,66,133521,8,280958
14550,0.001776,172.31.36.0-255,66,133587,8,280958
14551,0.001803,172.31.36.0-255,66,133653,8,280958
14552,0.001853,172.31.36.0-255,66,133719,8,280958
14553,0.001877,172.217.194.0-255,2184,135903,8,280958
14554,0.00188,172.31.36.0-255,66,135969,8,280958
14555,0.002086,172.217.194.0-255,1484,137453,8,280958
14556,0.002094,172.217.194.0-255,2902,140355,8,280958
14557,0.002098,172.31.36.0-255,66,140421,8,280958
14558,0.002102,172.217.194.0-255,1484,141905,8,280958
14559,0.002121,172.217.194.0-255,4320,146225,8,280958
14560,0.002124,172.31.36.0-255,66,146291,8,280958
14561,0.002144,172.217.194.0-255,4320,150611,8,280958
14562,0.002147,172.31.36.0-255,66,150677,8,280958
14563,0.00218,172.217.194.0-255,7156,157833,8,280958
14564,0.002202,172.217.194.0-255,3602,161435,8,280958
14565,0.002322,172.217.194.0-255,1484,162919,8,280958
14566,0.002329,172.217.194.0-255,2902,165821,8,280958
14567,0.002335,172.217.194.0-255,2902,168723,8,280958
14568,0.002351,172.217.194.0-255,2902,171625,8,280958
14569,0.002368,172.217.194.0-255,2902,174527,8,280958
14570,0.00239,172.217.194.0-255,7156,181683,8,280958
14571,0.002397,172.217.194.0-255,5738,187421,8,280958
14572,0.002422,172.217.194.0-255,5738,193159,8,280958
14573,0.002427,172.217.194.0-255,2184,195343,8,280958
14574,0.005334,172.31.36.0-255,66,195409,8,280958
14575,0.007829,172.217.194.0-255,5738,201147,8,280958
14576,0.007835,172.31.36.0-255,66,201213,8,280958
14577,0.010374,172.217.194.0-255,5738,206951,8,280958
14578,0.010381,172.31.36.0-255,66,207017,8,280958
14579,0.012989,172.217.194.0-255,5738,212755,8,280958
14580,0.013002,172.31.36.0-255,66,212821,8,280958
14581,0.015536,172.217.194.0-255,5738,218559,8,280958
14582,0.015552,172.31.36.0-255,66,218625,8,280958
14583,0.018092,172.217.194.0-255,5738,224363,8,280958
14584,0.018109,172.31.36.0-255,66,224429,8,280958
14585,0.020664,172.217.194.0-255,5738,230167,8,280958
14586,0.020676,172.31.36.0-255,66,230233,8,280958
14587,0.023172,172.217.194.0-255,5738,235971,8,280958
14588,0.023183,172.31.36.0-255,66,236037,8,280958
14589,0.025739,172.217.194.0-255,5738,241775,8,280958
14590,0.025754,172.31.36.0-255,66,241841,8,280958
14591,0.028272,172.217.194.0-255,5738,247579,8,280958
14592,0.028283,172.31.36.0-255,66,247645,8,280958
14593,0.03081,172.217.194.0-255,5738,253383,8,280958
14594,0.030819,172.31.36.0-255,66,253449,8,280958
14595,0.033372,172.217.194.0-255,5738,259187,8,280958
14596,0.033389,172.31.36.0-255,66,259253,8,280958
14597,0.034267,172.31.36.0-255,172,259425,8,280958
14598,0.034313,172.31.36.0-255,1107,260532,8,280958
14599,0.034388,172.31.36.0-255,1514,262046,8,280958
14600,0.03439,172.31.36.0-255,1514,263560,8,280958
14601,0.034398,172.31.36.0-255,1514,265074,8,280958
14602,0.034399,172.31.36.0-255,1514,266588,8,280958
14603,0.034431,172.31.36.0-255,1499,268087,8,280958
14604,0.035855,104.244.42.0-255,66,268153,8,280958
14605,0.035906,104.244.42.0-255,66,268219,8,280958
14606,0.035932,104.244.42.0-255,66,268285,8,280958
14607,0.035985,172.217.194.0-255,5738,274023,8,280958
14608,0.03599,172.31.36.0-255,66,274089,8,280958
14609,0.038519,172.217.194.0-255,5738,279827,8,280958
14610,0.038527,172.31.36.0-255,66,279893,8,280958
14611,0.041024,172.217.194.0-255,828,280721,8,280958
14612,0.041179,172.31.36.0-255,66,280787,8,280958
14613,0.041233,172.31.36.0-255,105,280892,8,280958
14614,0.04374,172.217.194.0-255,66,280958,8,280958
14615,0.0,74.125.24.0-255,153,153,8,219105
14616,2.5e-05,172.31.36.0-255,66,219,8,219105
14617,3.2e-05,74.125.24.0-255,1484,1703,8,219105
14618,3.7e-05,172.31.36.0-255,66,1769,8,219105
14619,4.3e-05,74.125.24.0-255,2902,4671,8,219105
14620,4.6e-05,172.31.36.0-255,66,4737,8,219105
14621,7.2e-05,74.125.24.0-255,4320,9057,8,219105
14622,7.5e-05,172.31.36.0-255,66,9123,8,219105
14623,9.4e-05,74.125.24.0-255,1484,10607,8,219105
14624,9.6e-05,172.31.36.0-255,66,10673,8,219105
14625,0.000169,74.125.24.0-255,5738,16411,8,219105
14626,0.000173,172.31.36.0-255,66,16477,8,219105
14627,0.000198,74.125.24.0-255,6301,22778,8,219105
14628,0.0002,172.31.36.0-255,66,22844,8,219105
14629,0.000363,74.125.24.0-255,2902,25746,8,219105
14630,0.000368,172.31.36.0-255,66,25812,8,219105
14631,0.000402,172.31.36.0-255,66,25878,8,219105
14632,0.000696,74.125.24.0-255,5020,30898,8,219105
14633,0.000702,172.31.36.0-255,66,30964,8,219105
14634,0.000776,74.125.24.0-255,2902,33866,8,219105
14635,0.000781,172.31.36.0-255,66,33932,8,219105
14636,0.000813,172.31.36.0-255,66,33998,8,219105
14637,0.001033,74.125.24.0-255,645,34643,8,219105
14638,0.001037,172.31.36.0-255,66,34709,8,219105
14639,0.001074,74.125.24.0-255,1484,36193,8,219105
14640,0.001077,172.31.36.0-255,66,36259,8,219105
14641,0.001122,74.125.24.0-255,4320,40579,8,219105
14642,0.001125,172.31.36.0-255,66,40645,8,219105
14643,0.001173,172.31.36.0-255,66,40711,8,219105
14644,0.001305,74.125.24.0-255,577,41288,8,219105
14645,0.001324,74.125.24.0-255,1484,42772,8,219105
14646,0.001328,172.31.36.0-255,66,42838,8,219105
14647,0.001346,74.125.24.0-255,1484,44322,8,219105
14648,0.001362,74.125.24.0-255,2902,47224,8,219105
14649,0.001365,172.31.36.0-255,66,47290,8,219105
14650,0.001474,74.125.24.0-255,1484,48774,8,219105
14651,0.001494,74.125.24.0-255,4320,53094,8,219105
14652,0.001498,172.31.36.0-255,66,53160,8,219105
14653,0.001516,74.125.24.0-255,4320,57480,8,219105
14654,0.001518,172.31.36.0-255,66,57546,8,219105
14655,0.001592,74.125.24.0-255,7156,64702,8,219105
14656,0.001595,172.31.36.0-255,66,64768,8,219105
14657,0.001623,172.31.36.0-255,66,64834,8,219105
14658,0.001942,74.125.24.0-255,5738,70572,8,219105
14659,0.001949,172.31.36.0-255,66,70638,8,219105
14660,0.001977,172.31.36.0-255,66,70704,8,219105
14661,0.002172,74.125.24.0-255,5738,76442,8,219105
14662,0.00218,172.31.36.0-255,66,76508,8,219105
14663,0.002213,172.31.36.0-255,66,76574,8,219105
14664,0.002462,172.31.36.0-255,66,76640,8,219105
14665,0.002517,172.31.36.0-255,66,76706,8,219105
14666,0.003283,74.125.24.0-255,5738,82444,8,219105
14667,0.003286,172.31.36.0-255,66,82510,8,219105
14668,0.00354,74.125.24.0-255,4320,86830,8,219105
14669,0.003593,74.125.24.0-255,7156,93986,8,219105
14670,0.00399,172.31.36.0-255,66,94052,8,219105
14671,0.004236,74.125.24.0-255,4320,98372,8,219105
14672,0.00428,74.125.24.0-255,4320,102692,8,219105
14673,0.004288,172.31.36.0-255,66,102758,8,219105
14674,0.004301,74.125.24.0-255,7156,109914,8,219105
14675,0.00432,74.125.24.0-255,7156,117070,8,219105
14676,0.004352,172.31.36.0-255,66,117136,8,219105
14677,0.004392,74.125.24.0-255,2884,120020,8,219105
14678,0.004407,172.31.36.0-255,66,120086,8,219105
14679,0.007111,74.125.24.0-255,5738,125824,8,219105
14680,0.007118,172.31.36.0-255,66,125890,8,219105
14681,0.009845,74.125.24.0-255,4320,130210,8,219105
14682,0.009851,172.31.36.0-255,66,130276,8,219105
14683,0.009871,74.125.24.0-255,1484,131760,8,219105
14684,0.012583,74.125.24.0-255,4320,136080,8,219105
14685,0.012593,172.31.36.0-255,66,136146,8,219105
14686,0.015308,74.125.24.0-255,5738,141884,8,219105
14687,0.015317,172.31.36.0-255,66,141950,8,219105
14688,0.018045,74.125.24.0-255,5738,147688,8,219105
14689,0.018061,172.31.36.0-255,66,147754,8,219105
14690,0.020753,74.125.24.0-255,5738,153492,8,219105
14691,0.020774,172.31.36.0-255,66,153558,8,219105
14692,0.023497,74.125.24.0-255,5738,159296,8,219105
14693,0.023514,172.31.36.0-255,66,159362,8,219105
14694,0.026219,74.125.24.0-255,5738,165100,8,219105
14695,0.026233,172.31.36.0-255,66,165166,8,219105
14696,0.028956,74.125.24.0-255,5738,170904,8,219105
14697,0.028967,172.31.36.0-255,66,170970,8,219105
14698,0.031682,74.125.24.0-255,5738,176708,8,219105
14699,0.031699,172.31.36.0-255,66,176774,8,219105
14700,0.034421,74.125.24.0-255,5738,182512,8,219105
14701,0.034436,172.31.36.0-255,66,182578,8,219105
14702,0.037165,74.125.24.0-255,5738,188316,8,219105
14703,0.037177,172.31.36.0-255,66,188382,8,219105
14704,0.039903,74.125.24.0-255,5738,194120,8,219105
14705,0.039912,172.31.36.0-255,66,194186,8,219105
14706,0.042644,74.125.24.0-255,4320,198506,8,219105
14707,0.042653,172.31.36.0-255,66,198572,8,219105
14708,0.042673,74.125.24.0-255,1484,200056,8,219105
14709,0.045379,74.125.24.0-255,4320,204376,8,219105
14710,0.045391,172.31.36.0-255,66,204442,8,219105
14711,0.04721,172.31.36.0-255,172,204614,8,219105
14712,0.047251,172.31.36.0-255,1111,205725,8,219105
14713,0.047322,172.31.36.0-255,1514,207239,8,219105
14714,0.047324,172.31.36.0-255,1514,208753,8,219105
14715,0.047325,172.31.36.0-255,1514,210267,8,219105
14716,0.04735,172.31.36.0-255,378,210645,8,219105
14717,0.048103,74.125.24.0-255,5738,216383,8,219105
14718,0.04811,172.31.36.0-255,66,216449,8,219105
14719,0.04885,104.244.42.0-255,66,216515,8,219105
14720,0.048926,104.244.42.0-255,66,216581,8,219105
14721,0.049017,104.244.42.0-255,66,216647,8,219105
14722,0.049023,104.244.42.0-255,66,216713,8,219105
14723,0.050857,74.125.24.0-255,2155,218868,8,219105
14724,0.050864,172.31.36.0-255,66,218934,8,219105
14725,0.051027,172.31.36.0-255,105,219039,8,219105
14726,0.053836,74.125.24.0-255,66,219105,8,219105
14727,0.0,74.125.200.0-255,226,226,8,302517
14728,2.8e-05,172.31.36.0-255,66,292,8,302517
14729,3.5e-05,74.125.200.0-255,1484,1776,8,302517
14730,3.9e-05,172.31.36.0-255,66,1842,8,302517
14731,6.1e-05,74.125.200.0-255,4320,6162,8,302517
14732,6.9e-05,172.31.36.0-255,66,6228,8,302517
14733,0.000233,74.125.200.0-255,1484,7712,8,302517
14734,0.000238,172.31.36.0-255,66,7778,8,302517
14735,0.000292,74.125.200.0-255,6268,14046,8,302517
14736,0.000297,172.31.36.0-255,66,14112,8,302517
14737,0.000552,74.125.200.0-255,7156,21268,8,302517
14738,0.000559,172.31.36.0-255,66,21334,8,302517
14739,0.000588,74.125.200.0-255,2902,24236,8,302517
14740,0.000592,172.31.36.0-255,66,24302,8,302517
14741,0.00096,74.125.200.0-255,6797,31099,8,302517
14742,0.000966,172.31.36.0-255,66,31165,8,302517
14743,0.002934,74.125.200.0-255,5738,36903,8,302517
14744,0.002941,172.31.36.0-255,66,36969,8,302517
14745,0.004913,74.125.200.0-255,5738,42707,8,302517
14746,0.004922,172.31.36.0-255,66,42773,8,302517
14747,0.006895,74.125.200.0-255,2902,45675,8,302517
14748,0.006907,172.31.36.0-255,66,45741,8,302517
14749,0.006939,74.125.200.0-255,2902,48643,8,302517
14750,0.006942,172.31.36.0-255,66,48709,8,302517
14751,0.008884,74.125.200.0-255,2902,51611,8,302517
14752,0.008894,172.31.36.0-255,66,51677,8,302517
14753,0.008925,74.125.200.0-255,2902,54579,8,302517
14754,0.008927,172.31.36.0-255,66,54645,8,302517
14755,0.010875,74.125.200.0-255,2902,57547,8,302517
14756,0.010886,172.31.36.0-255,66,57613,8,302517
14757,0.010927,74.125.200.0-255,2902,60515,8,302517
14758,0.010931,172.31.36.0-255,66,60581,8,302517
14759,0.012884,74.125.200.0-255,2902,63483,8,302517
14760,0.012899,172.31.36.0-255,66,63549,8,302517
14761,0.012947,74.125.200.0-255,2902,66451,8,302517
14762,0.01295,172.31.36.0-255,66,66517,8,302517
14763,0.014881,74.125.200.0-255,2902,69419,8,302517
14764,0.01489,172.31.36.0-255,66,69485,8,302517
14765,0.014931,74.125.200.0-255,2902,72387,8,302517
14766,0.014934,172.31.36.0-255,66,72453,8,302517
14767,0.016857,74.125.200.0-255,2902,75355,8,302517
14768,0.016865,172.31.36.0-255,66,75421,8,302517
14769,0.016898,74.125.200.0-255,2902,78323,8,302517
14770,0.016901,172.31.36.0-255,66,78389,8,302517
14771,0.018831,74.125.200.0-255,2902,81291,8,302517
14772,0.018839,172.31.36.0-255,66,81357,8,302517
14773,0.01887,74.125.200.0-255,2902,84259,8,302517
14774,0.018873,172.31.36.0-255,66,84325,8,302517
14775,0.020811,74.125.200.0-255,2902,87227,8,302517
14776,0.020821,172.31.36.0-255,66,87293,8,302517
14777,0.020851,74.125.200.0-255,2902,90195,8,302517
14778,0.020853,172.31.36.0-255,66,90261,8,302517
14779,0.022805,74.125.200.0-255,2902,93163,8,302517
14780,0.022814,172.31.36.0-255,66,93229,8,302517
14781,0.022846,74.125.200.0-255,2902,96131,8,302517
14782,0.022854,172.31.36.0-255,66,96197,8,302517
14783,0.024786,74.125.200.0-255,2902,99099,8,302517
14784,0.024794,172.31.36.0-255,66,99165,8,302517
14785,0.024831,74.125.200.0-255,2902,102067,8,302517
14786,0.024834,172.31.36.0-255,66,102133,8,302517
14787,0.026771,74.125.200.0-255,2902,105035,8,302517
14788,0.026778,172.31.36.0-255,66,105101,8,302517
14789,0.026812,74.125.200.0-255,2902,108003,8,302517
14790,0.026816,172.31.36.0-255,66,108069,8,302517
14791,0.027607,172.31.36.0-255,172,108241,8,302517
14792,0.027641,172.31.36.0-255,1107,109348,8,302517
14793,0.02768,172.31.36.0-255,1514,110862,8,302517
14794,0.027681,172.31.36.0-255,1373,112235,8,302517
14795,0.028751,74.125.200.0-255,2902,115137,8,302517
14796,0.028757,172.31.36.0-255,66,115203,8,302517
14797,0.028801,74.125.200.0-255,2902,118105,8,302517
14798,0.028805,172.31.36.0-255,66,118171,8,302517
14799,0.029149,104.244.42.0-255,66,118237,8,302517
14800,0.029198,104.244.42.0-255,66,118303,8,302517
14801,0.029233,104.244.42.0-255,66,118369,8,302517
14802,0.030721,74.125.200.0-255,2902,121271,8,302517
14803,0.030727,172.31.36.0-255,66,121337,8,302517
14804,0.030777,74.125.200.0-255,2902,124239,8,302517
14805,0.03078,172.31.36.0-255,66,124305,8,302517
14806,0.032705,74.125.200.0-255,2902,127207,8,302517
14807,0.032714,172.31.36.0-255,66,127273,8,302517
14808,0.03275,74.125.200.0-255,2902,130175,8,302517
14809,0.032754,172.31.36.0-255,66,130241,8,302517
14810,0.034674,74.125.200.0-255,2902,133143,8,302517
14811,0.03468,172.31.36.0-255,66,133209,8,302517
14812,0.034714,74.125.200.0-255,2902,136111,8,302517
14813,0.034717,172.31.36.0-255,66,136177,8,302517
14814,0.036648,74.125.200.0-255,2902,139079,8,302517
14815,0.036654,172.31.36.0-255,66,139145,8,302517
14816,0.036698,74.125.200.0-255,2902,142047,8,302517
14817,0.036701,172.31.36.0-255,66,142113,8,302517
14818,0.038626,74.125.200.0-255,2902,145015,8,302517
14819,0.038632,172.31.36.0-255,66,145081,8,302517
14820,0.038668,74.125.200.0-255,2902,147983,8,302517
14821,0.038671,172.31.36.0-255,66,148049,8,302517
14822,0.040609,74.125.200.0-255,2902,150951,8,302517
14823,0.040614,172.31.36.0-255,66,151017,8,302517
14824,0.040649,74.125.200.0-255,2902,153919,8,302517
14825,0.040652,172.31.36.0-255,66,153985,8,302517
14826,0.042572,74.125.200.0-255,2902,156887,8,302517
14827,0.042577,172.31.36.0-255,66,156953,8,302517
14828,0.04262,74.125.200.0-255,2902,159855,8,302517
14829,0.042623,172.31.36.0-255,66,159921,8,302517
14830,0.044547,74.125.200.0-255,2902,162823,8,302517
14831,0.044552,172.31.36.0-255,66,162889,8,302517
14832,0.044586,74.125.200.0-255,2902,165791,8,302517
14833,0.044589,172.31.36.0-255,66,165857,8,302517
14834,0.04652,74.125.200.0-255,2902,168759,8,302517
14835,0.046525,172.31.36.0-255,66,168825,8,302517
14836,0.04656,74.125.200.0-255,2902,171727,8,302517
14837,0.046563,172.31.36.0-255,66,171793,8,302517
14838,0.048486,74.125.200.0-255,2902,174695,8,302517
14839,0.048491,172.31.36.0-255,66,174761,8,302517
14840,0.048536,74.125.200.0-255,2902,177663,8,302517
14841,0.04854,172.31.36.0-255,66,177729,8,302517
14842,0.050451,74.125.200.0-255,2902,180631,8,302517
14843,0.050456,172.31.36.0-255,66,180697,8,302517
14844,0.050543,74.125.200.0-255,2902,183599,8,302517
14845,0.050548,172.31.36.0-255,66,183665,8,302517
14846,0.052424,74.125.200.0-255,2902,186567,8,302517
14847,0.052429,172.31.36.0-255,66,186633,8,302517
14848,0.052506,74.125.200.0-255,2902,189535,8,302517
14849,0.05251,172.31.36.0-255,66,189601,8,302517
14850,0.054394,74.125.200.0-255,2902,192503,8,302517
14851,0.054399,172.31.36.0-255,66,192569,8,302517
14852,0.054462,74.125.200.0-255,2902,195471,8,302517
14853,0.054467,172.31.36.0-255,66,195537,8,302517
14854,0.056359,74.125.200.0-255,2902,198439,8,302517
14855,0.056365,172.31.36.0-255,66,198505,8,302517
14856,0.056432,74.125.200.0-255,2902,201407,8,302517
14857,0.056435,172.31.36.0-255,66,201473,8,302517
14858,0.058333,74.125.200.0-255,2902,204375,8,302517
14859,0.058338,172.31.36.0-255,66,204441,8,302517
14860,0.058386,74.125.200.0-255,2902,207343,8,302517
14861,0.058389,172.31.36.0-255,66,207409,8,302517
14862,0.060308,74.125.200.0-255,2902,210311,8,302517
14863,0.060314,172.31.36.0-255,66,210377,8,302517
14864,0.06035,74.125.200.0-255,2902,213279,8,302517
14865,0.060353,172.31.36.0-255,66,213345,8,302517
14866,0.062281,74.125.200.0-255,2902,216247,8,302517
14867,0.062287,172.31.36.0-255,66,216313,8,302517
14868,0.062329,74.125.200.0-255,2902,219215,8,302517
14869,0.062333,172.31.36.0-255,66,219281,8,302517
14870,0.064249,74.125.200.0-255,2902,222183,8,302517
14871,0.064254,172.31.36.0-255,66,222249,8,302517
14872,0.064295,74.125.200.0-255,2902,225151,8,302517
14873,0.064299,172.31.36.0-255,66,225217,8,302517
14874,0.066221,74.125.200.0-255,2902,228119,8,302517
14875,0.066226,172.31.36.0-255,66,228185,8,302517
14876,0.066296,74.125.200.0-255,2902,231087,8,302517
14877,0.066299,172.31.36.0-255,66,231153,8,302517
14878,0.068193,74.125.200.0-255,2902,234055,8,302517
14879,0.068198,172.31.36.0-255,66,234121,8,302517
14880,0.06827,74.125.200.0-255,2902,237023,8,302517
14881,0.068275,172.31.36.0-255,66,237089,8,302517
14882,0.070174,74.125.200.0-255,2902,239991,8,302517
14883,0.070179,172.31.36.0-255,66,240057,8,302517
14884,0.070231,74.125.200.0-255,2902,242959,8,302517
14885,0.070235,172.31.36.0-255,66,243025,8,302517
14886,0.072144,74.125.200.0-255,2902,245927,8,302517
14887,0.072149,172.31.36.0-255,66,245993,8,302517
14888,0.072189,74.125.200.0-255,1484,247477,8,302517
14889,0.072192,172.31.36.0-255,66,247543,8,302517
14890,0.072223,74.125.200.0-255,1484,249027,8,302517
14891,0.072227,172.31.36.0-255,66,249093,8,302517
14892,0.074115,74.125.200.0-255,2902,251995,8,302517
14893,0.074121,172.31.36.0-255,66,252061,8,302517
14894,0.074192,74.125.200.0-255,2902,254963,8,302517
14895,0.074197,172.31.36.0-255,66,255029,8,302517
14896,0.076084,74.125.200.0-255,2902,257931,8,302517
14897,0.07609,172.31.36.0-255,66,257997,8,302517
14898,0.076156,74.125.200.0-255,2902,260899,8,302517
14899,0.076161,172.31.36.0-255,66,260965,8,302517
14900,0.078053,74.125.200.0-255,2902,263867,8,302517
14901,0.078058,172.31.36.0-255,66,263933,8,302517
14902,0.078132,74.125.200.0-255,2902,266835,8,302517
14903,0.078136,172.31.36.0-255,66,266901,8,302517
14904,0.080027,74.125.200.0-255,2902,269803,8,302517
14905,0.080032,172.31.36.0-255,66,269869,8,302517
14906,0.0801,74.125.200.0-255,2902,272771,8,302517
14907,0.080104,172.31.36.0-255,66,272837,8,302517
14908,0.082006,74.125.200.0-255,2902,275739,8,302517
14909,0.082011,172.31.36.0-255,66,275805,8,302517
14910,0.082073,74.125.200.0-255,2902,278707,8,302517
14911,0.082078,172.31.36.0-255,66,278773,8,302517
14912,0.083985,74.125.200.0-255,2902,281675,8,302517
14913,0.08399,172.31.36.0-255,66,281741,8,302517
14914,0.084049,74.125.200.0-255,2902,284643,8,302517
14915,0.084052,172.31.36.0-255,66,284709,8,302517
14916,0.085951,74.125.200.0-255,2902,287611,8,302517
14917,0.085956,172.31.36.0-255,66,287677,8,302517
14918,0.086012,74.125.200.0-255,2902,290579,8,302517
14919,0.086016,172.31.36.0-255,66,290645,8,302517
14920,0.087923,74.125.200.0-255,2902,293547,8,302517
14921,0.087929,172.31.36.0-255,66,293613,8,302517
14922,0.087975,74.125.200.0-255,2902,296515,8,302517
14923,0.087979,172.31.36.0-255,66,296581,8,302517
14924,0.089905,74.125.200.0-255,2902,299483,8,302517
14925,0.089911,172.31.36.0-255,66,299549,8,302517
14926,0.089947,74.125.200.0-255,2902,302451,8,302517
14927,0.089951,172.31.36.0-255,66,302517,8,302517
14928,0.0,172.217.194.0-255,153,153,8,187149
14929,2.1e-05,172.217.194.0-255,1484,1637,8,187149
14930,3.1e-05,172.31.36.0-255,66,1703,8,187149
14931,3.9e-05,172.217.194.0-255,2902,4605,8,187149
14932,4.3e-05,172.31.36.0-255,66,4671,8,187149
14933,5.9e-05,172.217.194.0-255,7156,11827,8,187149
14934,6.2e-05,172.31.36.0-255,66,11893,8,187149
14935,6.6e-05,172.217.194.0-255,2042,13935,8,187149
14936,7e-05,172.31.36.0-255,66,14001,8,187149
14937,7.6e-05,172.217.194.0-255,2902,16903,8,187149
14938,7.9e-05,172.31.36.0-255,66,16969,8,187149
14939,8.5e-05,172.217.194.0-255,5738,22707,8,187149
14940,8.8e-05,172.31.36.0-255,66,22773,8,187149
14941,0.000123,172.217.194.0-255,1484,24257,8,187149
14942,0.00013,172.217.194.0-255,5738,29995,8,187149
14943,0.000133,172.31.36.0-255,66,30061,8,187149
14944,0.000136,172.217.194.0-255,1125,31186,8,187149
14945,0.000173,172.217.194.0-255,1484,32670,8,187149
14946,0.000176,172.31.36.0-255,66,32736,8,187149
14947,0.000204,172.217.194.0-255,2902,35638,8,187149
14948,0.000207,172.31.36.0-255,66,35704,8,187149
14949,0.000232,172.217.194.0-255,1484,37188,8,187149
14950,0.000235,172.217.194.0-255,1484,38672,8,187149
14951,0.000237,172.31.36.0-255,66,38738,8,187149
14952,0.000245,172.217.194.0-255,7156,45894,8,187149
14953,0.000248,172.31.36.0-255,66,45960,8,187149
14954,0.000254,172.217.194.0-255,4320,50280,8,187149
14955,0.000257,172.31.36.0-255,66,50346,8,187149
14956,0.0003,172.31.36.0-255,66,50412,8,187149
14957,0.000304,172.217.194.0-255,2543,52955,8,187149
14958,0.000307,172.31.36.0-255,66,53021,8,187149
14959,0.000311,172.217.194.0-255,361,53382,8,187149
14960,0.000563,172.217.194.0-255,383,53765,8,187149
14961,0.000975,172.217.194.0-255,1484,55249,8,187149
14962,0.00098,172.31.36.0-255,66,55315,8,187149
14963,0.000986,172.217.194.0-255,2902,58217,8,187149
14964,0.000989,172.31.36.0-255,66,58283,8,187149
14965,0.001001,172.217.194.0-255,5738,64021,8,187149
14966,0.001003,172.31.36.0-255,66,64087,8,187149
14967,0.001007,172.217.194.0-255,1484,65571,8,187149
14968,0.001054,172.31.36.0-255,66,65637,8,187149
14969,0.001067,172.31.36.0-255,66,65703,8,187149
14970,0.001529,172.217.194.0-255,1484,67187,8,187149
14971,0.001538,172.217.194.0-255,2902,70089,8,187149
14972,0.001542,172.31.36.0-255,66,70155,8,187149
14973,0.00155,172.217.194.0-255,5738,75893,8,187149
14974,0.001552,172.31.36.0-255,66,75959,8,187149
14975,0.001595,172.31.36.0-255,66,76025,8,187149
14976,0.001599,172.217.194.0-255,1484,77509,8,187149
14977,0.001629,172.31.36.0-255,66,77575,8,187149
14978,0.001756,172.217.194.0-255,1484,79059,8,187149
14979,0.001765,172.217.194.0-255,2902,81961,8,187149
14980,0.001768,172.31.36.0-255,66,82027,8,187149
14981,0.001775,172.217.194.0-255,5738,87765,8,187149
14982,0.001777,172.31.36.0-255,66,87831,8,187149
14983,0.00181,172.31.36.0-255,66,87897,8,187149
14984,0.001845,172.217.194.0-255,4320,92217,8,187149
14985,0.001848,172.31.36.0-255,66,92283,8,187149
14986,0.001881,172.31.36.0-255,66,92349,8,187149
14987,0.001884,172.217.194.0-255,766,93115,8,187149
14988,0.001953,172.217.194.0-255,1484,94599,8,187149
14989,0.001958,172.31.36.0-255,66,94665,8,187149
14990,0.001963,172.217.194.0-255,2902,97567,8,187149
14991,0.001966,172.31.36.0-255,66,97633,8,187149
14992,0.001978,172.217.194.0-255,5738,103371,8,187149
14993,0.00198,172.31.36.0-255,66,103437,8,187149
14994,0.002021,172.217.194.0-255,2902,106339,8,187149
14995,0.002024,172.31.36.0-255,66,106405,8,187149
14996,0.002055,172.31.36.0-255,66,106471,8,187149
14997,0.002066,172.31.36.0-255,66,106537,8,187149
14998,0.00207,172.217.194.0-255,2184,108721,8,187149
14999,0.002072,172.31.36.0-255,66,108787,8,187149
15000,0.002096,172.217.194.0-255,2902,111689,8,187149
15001,0.002098,172.31.36.0-255,66,111755,8,187149
15002,0.002104,172.217.194.0-255,2902,114657,8,187149
15003,0.002106,172.31.36.0-255,66,114723,8,187149
15004,0.002135,172.217.194.0-255,1484,116207,8,187149
15005,0.002148,172.31.36.0-255,66,116273,8,187149
15006,0.002188,172.31.36.0-255,66,116339,8,187149
15007,0.002211,172.217.194.0-255,1484,117823,8,187149
15008,0.002217,172.217.194.0-255,3602,121425,8,187149
15009,0.00222,172.31.36.0-255,66,121491,8,187149
15010,0.002331,172.217.194.0-255,1484,122975,8,187149
15011,0.002355,172.217.194.0-255,1484,124459,8,187149
15012,0.002359,172.31.36.0-255,66,124525,8,187149
15013,0.002365,172.217.194.0-255,2902,127427,8,187149
15014,0.002367,172.31.36.0-255,66,127493,8,187149
15015,0.002373,172.217.194.0-255,4320,131813,8,187149
15016,0.002381,172.31.36.0-255,66,131879,8,187149
15017,0.002406,172.217.194.0-255,1484,133363,8,187149
15018,0.00242,172.217.194.0-255,7156,140519,8,187149
15019,0.002423,172.31.36.0-255,66,140585,8,187149
15020,0.002429,172.217.194.0-255,4320,144905,8,187149
15021,0.002431,172.31.36.0-255,66,144971,8,187149
15022,0.002457,172.217.194.0-255,2902,147873,8,187149
15023,0.00246,172.31.36.0-255,66,147939,8,187149
15024,0.002472,172.31.36.0-255,66,148005,8,187149
15025,0.002639,172.217.194.0-255,1484,149489,8,187149
15026,0.002646,172.217.194.0-255,1484,150973,8,187149
15027,0.00265,172.31.36.0-255,66,151039,8,187149
15028,0.002684,172.217.194.0-255,1484,152523,8,187149
15029,0.002691,172.217.194.0-255,4320,156843,8,187149
15030,0.002694,172.31.36.0-255,66,156909,8,187149
15031,0.002699,172.217.194.0-255,4320,161229,8,187149
15032,0.002701,172.31.36.0-255,66,161295,8,187149
15033,0.002719,172.217.194.0-255,1484,162779,8,187149
15034,0.002732,172.31.36.0-255,66,162845,8,187149
15035,0.002739,172.217.194.0-255,5738,168583,8,187149
15036,0.002743,172.31.36.0-255,66,168649,8,187149
15037,0.002769,172.217.194.0-255,2184,170833,8,187149
15038,0.002772,172.31.36.0-255,66,170899,8,187149
15039,0.002788,172.31.36.0-255,66,170965,8,187149
15040,0.002828,172.31.36.0-255,66,171031,8,187149
15041,0.00284,172.31.36.0-255,66,171097,8,187149
15042,0.002888,172.31.36.0-255,66,171163,8,187149
15043,0.002952,172.31.36.0-255,66,171229,8,187149
15044,0.002975,172.31.36.0-255,66,171295,8,187149
15045,0.002995,172.31.36.0-255,66,171361,8,187149
15046,0.003003,172.217.194.0-255,6348,177709,8,187149
15047,0.003005,172.31.36.0-255,66,177775,8,187149
15048,0.003009,172.217.194.0-255,105,177880,8,187149
15049,0.00605,172.31.36.0-255,105,177985,8,187149
15050,0.00828,172.217.194.0-255,66,178051,8,187149
15051,0.039797,172.31.36.0-255,172,178223,8,187149
15052,0.03983,172.31.36.0-255,1110,179333,8,187149
15053,0.039897,172.31.36.0-255,1514,180847,8,187149
15054,0.039899,172.31.36.0-255,1514,182361,8,187149
15055,0.0399,172.31.36.0-255,1514,183875,8,187149
15056,0.039901,172.31.36.0-255,1514,185389,8,187149
15057,0.03993,172.31.36.0-255,1496,186885,8,187149
15058,0.04136,104.244.42.0-255,66,186951,8,187149
15059,0.04137,104.244.42.0-255,66,187017,8,187149
15060,0.041461,104.244.42.0-255,66,187083,8,187149
15061,0.041511,104.244.42.0-255,66,187149,8,187149
15062,0.0,74.125.24.0-255,153,153,8,129960
15063,2.5e-05,172.31.36.0-255,66,219,8,129960
15064,3.2e-05,74.125.24.0-255,1484,1703,8,129960
15065,3.6e-05,172.31.36.0-255,66,1769,8,129960
15066,4.2e-05,74.125.24.0-255,2902,4671,8,129960
15067,5.2e-05,172.31.36.0-255,66,4737,8,129960
15068,6e-05,74.125.24.0-255,7156,11893,8,129960
15069,6.3e-05,172.31.36.0-255,66,11959,8,129960
15070,0.000126,172.31.36.0-255,66,12025,8,129960
15071,0.000156,74.125.24.0-255,2019,14044,8,129960
15072,0.000162,172.31.36.0-255,66,14110,8,129960
15073,0.000212,74.125.24.0-255,1484,15594,8,129960
15074,0.000215,172.31.36.0-255,66,15660,8,129960
15075,0.00026,172.31.36.0-255,66,15726,8,129960
15076,0.000356,172.31.36.0-255,66,15792,8,129960
15077,0.00089,74.125.24.0-255,1484,17276,8,129960
15078,0.000896,172.31.36.0-255,66,17342,8,129960
15079,0.000906,74.125.24.0-255,2902,20244,8,129960
15080,0.000909,172.31.36.0-255,66,20310,8,129960
15081,0.000924,74.125.24.0-255,5738,26048,8,129960
15082,0.000927,172.31.36.0-255,66,26114,8,129960
15083,0.000964,74.125.24.0-255,2902,29016,8,129960
15084,0.000967,172.31.36.0-255,66,29082,8,129960
15085,0.000994,74.125.24.0-255,3961,33043,8,129960
15086,0.000997,172.31.36.0-255,66,33109,8,129960
15087,0.001045,74.125.24.0-255,1484,34593,8,129960
15088,0.001048,172.31.36.0-255,66,34659,8,129960
15089,0.001077,74.125.24.0-255,2902,37561,8,129960
15090,0.00108,172.31.36.0-255,66,37627,8,129960
15091,0.001086,74.125.24.0-255,5738,43365,8,129960
15092,0.001129,74.125.24.0-255,2902,46267,8,129960
15093,0.001145,74.125.24.0-255,3961,50228,8,129960
15094,0.001184,74.125.24.0-255,4320,54548,8,129960
15095,0.001226,74.125.24.0-255,1484,56032,8,129960
15096,0.001325,74.125.24.0-255,288,56320,8,129960
15097,0.001533,74.125.24.0-255,1484,57804,8,129960
15098,0.001549,74.125.24.0-255,2902,60706,8,129960
15099,0.001562,74.125.24.0-255,2902,63608,8,129960
15100,0.001574,74.125.24.0-255,2902,66510,8,129960
15101,0.001611,74.125.24.0-255,7156,73666,8,129960
15102,0.001631,74.125.24.0-255,5738,79404,8,129960
15103,0.001731,74.125.24.0-255,2902,82306,8,129960
15104,0.001836,74.125.24.0-255,5738,88044,8,129960
15105,0.001853,74.125.24.0-255,5738,93782,8,129960
15106,0.001942,74.125.24.0-255,1484,95266,8,129960
15107,0.002149,74.125.24.0-255,2902,98168,8,129960
15108,0.002444,74.125.24.0-255,1484,99652,8,129960
15109,0.002498,74.125.24.0-255,2184,101836,8,129960
15110,0.002766,74.125.24.0-255,5738,107574,8,129960
15111,0.002829,172.31.36.0-255,66,107640,8,129960
15112,0.002898,172.31.36.0-255,66,107706,8,129960
15113,0.003355,74.125.24.0-255,766,108472,8,129960
15114,0.003382,74.125.24.0-255,5738,114210,8,129960
15115,0.003392,172.31.36.0-255,66,114276,8,129960
15116,0.003439,172.31.36.0-255,66,114342,8,129960
15117,0.003635,74.125.24.0-255,7156,121498,8,129960
15118,0.00364,172.31.36.0-255,66,121564,8,129960
15119,0.003667,172.31.36.0-255,66,121630,8,129960
15120,0.003721,172.31.36.0-255,66,121696,8,129960
15121,0.003879,74.125.24.0-255,4320,126016,8,129960
15122,0.003884,172.31.36.0-255,66,126082,8,129960
15123,0.003928,172.31.36.0-255,66,126148,8,129960
15124,0.003939,74.125.24.0-255,2196,128344,8,129960
15125,0.003948,172.31.36.0-255,66,128410,8,129960
15126,0.005616,172.31.36.0-255,105,128515,8,129960
15127,0.007928,74.125.24.0-255,66,128581,8,129960
15128,0.03612,172.31.36.0-255,172,128753,8,129960
15129,0.036151,172.31.36.0-255,1075,129828,8,129960
15130,0.037613,104.244.42.0-255,66,129894,8,129960
15131,0.03765,104.244.42.0-255,66,129960,8,129960
15132,0.0,172.217.194.0-255,153,153,8,150002
15133,1.8e-05,172.217.194.0-255,1484,1637,8,150002
15134,2.8e-05,172.31.36.0-255,66,1703,8,150002
15135,3.7e-05,172.217.194.0-255,2902,4605,8,150002
15136,4e-05,172.31.36.0-255,66,4671,8,150002
15137,4.8e-05,172.217.194.0-255,7156,11827,8,150002
15138,5.1e-05,172.31.36.0-255,66,11893,8,150002
15139,5.8e-05,172.217.194.0-255,4874,16767,8,150002
15140,6.1e-05,172.31.36.0-255,66,16833,8,150002
15141,6.7e-05,172.217.194.0-255,5738,22571,8,150002
15142,7e-05,172.31.36.0-255,66,22637,8,150002
15143,0.000105,172.31.36.0-255,66,22703,8,150002
15144,0.000144,172.31.36.0-255,66,22769,8,150002
15145,0.00016,172.217.194.0-255,4320,27089,8,150002
15146,0.000162,172.31.36.0-255,66,27155,8,150002
15147,0.000196,172.31.36.0-255,66,27221,8,150002
15148,0.000199,172.217.194.0-255,119,27340,8,150002
15149,0.000221,172.217.194.0-255,1484,28824,8,150002
15150,0.000223,172.31.36.0-255,66,28890,8,150002
15151,0.000239,172.217.194.0-255,2902,31792,8,150002
15152,0.000242,172.31.36.0-255,66,31858,8,150002
15153,0.000246,172.217.194.0-255,2902,34760,8,150002
15154,0.000248,172.31.36.0-255,66,34826,8,150002
15155,0.000281,172.217.194.0-255,4320,39146,8,150002
15156,0.000289,172.217.194.0-255,6797,45943,8,150002
15157,0.000351,172.217.194.0-255,1484,47427,8,150002
15158,0.000355,172.217.194.0-255,2902,50329,8,150002
15159,0.00037,172.217.194.0-255,2902,53231,8,150002
15160,0.000383,172.217.194.0-255,2902,56133,8,150002
15161,0.000386,172.217.194.0-255,1484,57617,8,150002
15162,0.00055,172.217.194.0-255,1484,59101,8,150002
15163,0.000556,172.217.194.0-255,2902,62003,8,150002
15164,0.000562,172.217.194.0-255,4320,66323,8,150002
15165,0.000574,172.31.36.0-255,66,66389,8,150002
15166,0.000594,172.31.36.0-255,66,66455,8,150002
15167,0.000661,172.31.36.0-255,66,66521,8,150002
15168,0.000664,172.217.194.0-255,871,67392,8,150002
15169,0.000694,172.31.36.0-255,66,67458,8,150002
15170,0.000707,172.217.194.0-255,2902,70360,8,150002
15171,0.000721,172.217.194.0-255,2902,73262,8,150002
15172,0.000732,172.31.36.0-255,66,73328,8,150002
15173,0.000781,172.217.194.0-255,1484,74812,8,150002
15174,0.000789,172.217.194.0-255,6438,81250,8,150002
15175,0.000796,172.217.194.0-255,5738,86988,8,150002
15176,0.000802,172.31.36.0-255,66,87054,8,150002
15177,0.000821,172.217.194.0-255,1484,88538,8,150002
15178,0.000877,172.31.36.0-255,66,88604,8,150002
15179,0.000927,172.217.194.0-255,1484,90088,8,150002
15180,0.00095,172.217.194.0-255,2902,92990,8,150002
15181,0.000958,172.217.194.0-255,5738,98728,8,150002
15182,0.001021,172.217.194.0-255,1484,100212,8,150002
15183,0.001025,172.31.36.0-255,66,100278,8,150002
15184,0.001049,172.217.194.0-255,5738,106016,8,150002
15185,0.001054,172.31.36.0-255,66,106082,8,150002
15186,0.001092,172.217.194.0-255,6438,112520,8,150002
15187,0.001142,172.217.194.0-255,2902,115422,8,150002
15188,0.00115,172.31.36.0-255,66,115488,8,150002
15189,0.001195,172.217.194.0-255,7156,122644,8,150002
15190,0.00121,172.217.194.0-255,3602,126246,8,150002
15191,0.001229,172.31.36.0-255,66,126312,8,150002
15192,0.001236,172.217.194.0-255,1484,127796,8,150002
15193,0.001269,172.217.194.0-255,2184,129980,8,150002
15194,0.001291,172.217.194.0-255,2902,132882,8,150002
15195,0.001295,172.31.36.0-255,66,132948,8,150002
15196,0.001306,172.31.36.0-255,66,133014,8,150002
15197,0.001314,172.217.194.0-255,6637,139651,8,150002
15198,0.001316,172.217.194.0-255,105,139756,8,150002
15199,0.00134,172.31.36.0-255,66,139822,8,150002
15200,0.004421,172.31.36.0-255,105,139927,8,150002
15201,0.006763,172.217.194.0-255,66,139993,8,150002
15202,0.035024,172.31.36.0-255,172,140165,8,150002
15203,0.035057,172.31.36.0-255,1110,141275,8,150002
15204,0.035126,172.31.36.0-255,1514,142789,8,150002
15205,0.035128,172.31.36.0-255,1514,144303,8,150002
15206,0.03513,172.31.36.0-255,1514,145817,8,150002
15207,0.035131,172.31.36.0-255,1514,147331,8,150002
15208,0.035132,172.31.36.0-255,1514,148845,8,150002
15209,0.035162,172.31.36.0-255,893,149738,8,150002
15210,0.036599,104.244.42.0-255,66,149804,8,150002
15211,0.03661,104.244.42.0-255,66,149870,8,150002
15212,0.036712,104.244.42.0-255,66,149936,8,150002
15213,0.036729,104.244.42.0-255,66,150002,8,150002
15214,0.0,172.217.194.0-255,298,298,8,247636
15215,3.6e-05,172.31.36.0-255,66,364,8,247636
15216,4.2e-05,172.217.194.0-255,1484,1848,8,247636
15217,4.7e-05,172.31.36.0-255,66,1914,8,247636
15218,6.2e-05,172.217.194.0-255,4320,6234,8,247636
15219,6.6e-05,172.31.36.0-255,66,6300,8,247636
15220,7.7e-05,172.31.36.0-255,66,6366,8,247636
15221,0.000184,172.31.36.0-255,66,6432,8,247636
15222,0.000213,172.217.194.0-255,4320,10752,8,247636
15223,0.000216,172.31.36.0-255,66,10818,8,247636
15224,0.000384,172.217.194.0-255,2902,13720,8,247636
15225,0.000389,172.31.36.0-255,66,13786,8,247636
15226,0.000431,172.31.36.0-255,66,13852,8,247636
15227,0.000645,172.217.194.0-255,1484,15336,8,247636
15228,0.00065,172.31.36.0-255,66,15402,8,247636
15229,0.000694,172.31.36.0-255,66,15468,8,247636
15230,0.002684,172.217.194.0-255,5738,21206,8,247636
15231,0.002691,172.31.36.0-255,66,21272,8,247636
15232,0.004714,172.217.194.0-255,2902,24174,8,247636
15233,0.004717,172.31.36.0-255,66,24240,8,247636
15234,0.004732,172.217.194.0-255,2902,27142,8,247636
15235,0.004734,172.31.36.0-255,66,27208,8,247636
15236,0.006703,172.217.194.0-255,2902,30110,8,247636
15237,0.006709,172.31.36.0-255,66,30176,8,247636
15238,0.006751,172.217.194.0-255,2902,33078,8,247636
15239,0.006755,172.31.36.0-255,66,33144,8,247636
15240,0.008691,172.217.194.0-255,2902,36046,8,247636
15241,0.008696,172.31.36.0-255,66,36112,8,247636
15242,0.008748,172.217.194.0-255,1484,37596,8,247636
15243,0.008763,172.217.194.0-255,1484,39080,8,247636
15244,0.010701,172.217.194.0-255,2902,41982,8,247636
15245,0.012609,172.31.36.0-255,66,42048,8,247636
15246,0.014587,172.217.194.0-255,5738,47786,8,247636
15247,0.014597,172.31.36.0-255,66,47852,8,247636
15248,0.016592,172.217.194.0-255,5738,53590,8,247636
15249,0.016601,172.31.36.0-255,66,53656,8,247636
15250,0.018587,172.217.194.0-255,5738,59394,8,247636
15251,0.018593,172.31.36.0-255,66,59460,8,247636
15252,0.020595,172.217.194.0-255,5738,65198,8,247636
15253,0.020602,172.31.36.0-255,66,65264,8,247636
15254,0.022591,172.217.194.0-255,5738,71002,8,247636
15255,0.022601,172.31.36.0-255,66,71068,8,247636
15256,0.024637,172.217.194.0-255,5738,76806,8,247636
15257,0.024654,172.31.36.0-255,66,76872,8,247636
15258,0.026675,172.217.194.0-255,5738,82610,8,247636
15259,0.026694,172.31.36.0-255,66,82676,8,247636
15260,0.028692,172.217.194.0-255,5738,88414,8,247636
15261,0.028708,172.31.36.0-255,66,88480,8,247636
15262,0.030705,172.217.194.0-255,4320,92800,8,247636
15263,0.030715,172.31.36.0-255,66,92866,8,247636
15264,0.030728,172.217.194.0-255,1484,94350,8,247636
15265,0.031255,172.31.36.0-255,172,94522,8,247636
15266,0.031286,172.31.36.0-255,1111,95633,8,247636
15267,0.031475,172.31.36.0-255,571,96204,8,247636
15268,0.032684,172.217.194.0-255,4320,100524,8,247636
15269,0.032694,172.31.36.0-255,66,100590,8,247636
15270,0.032773,104.244.42.0-255,66,100656,8,247636
15271,0.032849,104.244.42.0-255,66,100722,8,247636
15272,0.033004,104.244.42.0-255,66,100788,8,247636
15273,0.034709,172.217.194.0-255,5738,106526,8,247636
15274,0.034786,172.31.36.0-255,66,106592,8,247636
15275,0.036812,172.217.194.0-255,5738,112330,8,247636
15276,0.036824,172.31.36.0-255,66,112396,8,247636
15277,0.038832,172.217.194.0-255,5738,118134,8,247636
15278,0.038842,172.31.36.0-255,66,118200,8,247636
15279,0.040871,172.217.194.0-255,5738,123938,8,247636
15280,0.040884,172.31.36.0-255,66,124004,8,247636
15281,0.042924,172.217.194.0-255,5738,129742,8,247636
15282,0.042943,172.31.36.0-255,66,129808,8,247636
15283,0.045018,172.217.194.0-255,5738,135546,8,247636
15284,0.04503,172.31.36.0-255,66,135612,8,247636
15285,0.04705,172.217.194.0-255,5738,141350,8,247636
15286,0.047062,172.31.36.0-255,66,141416,8,247636
15287,0.04905,172.217.194.0-255,5738,147154,8,247636
15288,0.049062,172.31.36.0-255,66,147220,8,247636
15289,0.051071,172.217.194.0-255,5738,152958,8,247636
15290,0.051083,172.31.36.0-255,66,153024,8,247636
15291,0.053082,172.217.194.0-255,5738,158762,8,247636
15292,0.053091,172.31.36.0-255,66,158828,8,247636
15293,0.055094,172.217.194.0-255,4320,163148,8,247636
15294,0.055104,172.31.36.0-255,66,163214,8,247636
15295,0.05514,172.217.194.0-255,1484,164698,8,247636
15296,0.057141,172.217.194.0-255,4320,169018,8,247636
15297,0.057155,172.31.36.0-255,66,169084,8,247636
15298,0.059153,172.217.194.0-255,5738,174822,8,247636
15299,0.059235,172.31.36.0-255,66,174888,8,247636
15300,0.061251,172.217.194.0-255,5738,180626,8,247636
15301,0.061259,172.31.36.0-255,66,180692,8,247636
15302,0.063265,172.217.194.0-255,5738,186430,8,247636
15303,0.063272,172.31.36.0-255,66,186496,8,247636
15304,0.065264,172.217.194.0-255,5738,192234,8,247636
15305,0.065272,172.31.36.0-255,66,192300,8,247636
15306,0.06728,172.217.194.0-255,5738,198038,8,247636
15307,0.067287,172.31.36.0-255,66,198104,8,247636
15308,0.069292,172.217.194.0-255,5738,203842,8,247636
15309,0.069316,172.31.36.0-255,66,203908,8,247636
15310,0.071354,172.217.194.0-255,5738,209646,8,247636
15311,0.07534,172.31.36.0-255,66,209712,8,247636
15312,0.077333,172.217.194.0-255,5738,215450,8,247636
15313,0.077344,172.31.36.0-255,66,215516,8,247636
15314,0.079326,172.217.194.0-255,5738,221254,8,247636
15315,0.079332,172.31.36.0-255,66,221320,8,247636
15316,0.081331,172.217.194.0-255,5738,227058,8,247636
15317,0.081337,172.31.36.0-255,66,227124,8,247636
15318,0.083298,172.217.194.0-255,4320,231444,8,247636
15319,0.083303,172.31.36.0-255,66,231510,8,247636
15320,0.083336,172.217.194.0-255,1484,232994,8,247636
15321,0.085291,172.217.194.0-255,4320,237314,8,247636
15322,0.085298,172.31.36.0-255,66,237380,8,247636
15323,0.087273,172.217.194.0-255,4320,241700,8,247636
15324,0.087278,172.31.36.0-255,66,241766,8,247636
15325,0.087313,172.217.194.0-255,1484,243250,8,247636
15326,0.08927,172.217.194.0-255,4320,247570,8,247636
15327,0.089277,172.31.36.0-255,66,247636,8,247636
15328,0.0,74.125.68.0-255,153,153,8,366616
15329,2.7e-05,172.31.36.0-255,66,219,8,366616
15330,3.3e-05,74.125.68.0-255,1484,1703,8,366616
15331,3.8e-05,172.31.36.0-255,66,1769,8,366616
15332,5e-05,74.125.68.0-255,2902,4671,8,366616
15333,5.3e-05,172.31.36.0-255,66,4737,8,366616
15334,8.9e-05,74.125.68.0-255,5738,10475,8,366616
15335,9.2e-05,172.31.36.0-255,66,10541,8,366616
15336,9.8e-05,74.125.68.0-255,2902,13443,8,366616
15337,0.0001,172.31.36.0-255,66,13509,8,366616
15338,0.000102,74.125.68.0-255,626,14135,8,366616
15339,0.000104,172.31.36.0-255,66,14201,8,366616
15340,0.00021,74.125.68.0-255,1484,15685,8,366616
15341,0.000216,172.31.36.0-255,66,15751,8,366616
15342,0.000222,74.125.68.0-255,2902,18653,8,366616
15343,0.000224,172.31.36.0-255,66,18719,8,366616
15344,0.000252,74.125.68.0-255,4320,23039,8,366616
15345,0.000255,172.31.36.0-255,66,23105,8,366616
15346,0.000291,172.31.36.0-255,66,23171,8,366616
15347,0.000332,172.31.36.0-255,66,23237,8,366616
15348,0.00034,74.125.68.0-255,7156,30393,8,366616
15349,0.000342,172.31.36.0-255,66,30459,8,366616
15350,0.000361,172.31.36.0-255,66,30525,8,366616
15351,0.000374,74.125.68.0-255,1484,32009,8,366616
15352,0.000377,172.31.36.0-255,66,32075,8,366616
15353,0.000408,74.125.68.0-255,5020,37095,8,366616
15354,0.000412,172.31.36.0-255,66,37161,8,366616
15355,0.00043,74.125.68.0-255,399,37560,8,366616
15356,0.000435,172.31.36.0-255,66,37626,8,366616
15357,0.000638,74.125.68.0-255,1484,39110,8,366616
15358,0.000644,74.125.68.0-255,2902,42012,8,366616
15359,0.000648,172.31.36.0-255,66,42078,8,366616
15360,0.000652,74.125.68.0-255,1484,43562,8,366616
15361,0.000682,74.125.68.0-255,4320,47882,8,366616
15362,0.000685,172.31.36.0-255,66,47948,8,366616
15363,0.000696,172.31.36.0-255,66,48014,8,366616
15364,0.000705,74.125.68.0-255,2902,50916,8,366616
15365,0.000708,172.31.36.0-255,66,50982,8,366616
15366,0.000742,74.125.68.0-255,7156,58138,8,366616
15367,0.000751,172.31.36.0-255,66,58204,8,366616
15368,0.000757,74.125.68.0-255,5020,63224,8,366616
15369,0.000759,172.31.36.0-255,66,63290,8,366616
15370,0.001953,74.125.68.0-255,1484,64774,8,366616
15371,0.001964,74.125.68.0-255,2902,67676,8,366616
15372,0.001969,172.31.36.0-255,66,67742,8,366616
15373,0.001976,74.125.68.0-255,5738,73480,8,366616
15374,0.001978,172.31.36.0-255,66,73546,8,366616
15375,0.002009,74.125.68.0-255,2902,76448,8,366616
15376,0.002011,172.31.36.0-255,66,76514,8,366616
15377,0.00204,74.125.68.0-255,1484,77998,8,366616
15378,0.002046,74.125.68.0-255,5738,83736,8,366616
15379,0.002048,172.31.36.0-255,66,83802,8,366616
15380,0.002053,74.125.68.0-255,4320,88122,8,366616
15381,0.002054,172.31.36.0-255,66,88188,8,366616
15382,0.002081,74.125.68.0-255,7156,95344,8,366616
15383,0.002083,172.31.36.0-255,66,95410,8,366616
15384,0.002092,74.125.68.0-255,2184,97594,8,366616
15385,0.002094,172.31.36.0-255,66,97660,8,366616
15386,0.002139,74.125.68.0-255,1484,99144,8,366616
15387,0.002153,74.125.68.0-255,2902,102046,8,366616
15388,0.002155,172.31.36.0-255,66,102112,8,366616
15389,0.002158,74.125.68.0-255,1484,103596,8,366616
15390,0.002184,74.125.68.0-255,1484,105080,8,366616
15391,0.002186,172.31.36.0-255,66,105146,8,366616
15392,0.002191,74.125.68.0-255,4320,109466,8,366616
15393,0.002193,172.31.36.0-255,66,109532,8,366616
15394,0.002199,74.125.68.0-255,5738,115270,8,366616
15395,0.002202,172.31.36.0-255,66,115336,8,366616
15396,0.002226,74.125.68.0-255,2902,118238,8,366616
15397,0.002233,172.31.36.0-255,66,118304,8,366616
15398,0.002243,172.31.36.0-255,66,118370,8,366616
15399,0.002272,74.125.68.0-255,5020,123390,8,366616
15400,0.002275,172.31.36.0-255,66,123456,8,366616
15401,0.002333,74.125.68.0-255,1484,124940,8,366616
15402,0.002353,74.125.68.0-255,2902,127842,8,366616
15403,0.002355,172.31.36.0-255,66,127908,8,366616
15404,0.002386,74.125.68.0-255,5738,133646,8,366616
15405,0.002389,172.31.36.0-255,66,133712,8,366616
15406,0.002396,74.125.68.0-255,7156,140868,8,366616
15407,0.002399,172.31.36.0-255,66,140934,8,366616
15408,0.002401,74.125.68.0-255,1484,142418,8,366616
15409,0.00243,74.125.68.0-255,4320,146738,8,366616
15410,0.002433,172.31.36.0-255,66,146804,8,366616
15411,0.00483,74.125.68.0-255,5738,152542,8,366616
15412,0.004837,172.31.36.0-255,66,152608,8,366616
15413,0.007196,74.125.68.0-255,5738,158346,8,366616
15414,0.007201,172.31.36.0-255,66,158412,8,366616
15415,0.00957,74.125.68.0-255,5738,164150,8,366616
15416,0.009577,172.31.36.0-255,66,164216,8,366616
15417,0.01196,74.125.68.0-255,5738,169954,8,366616
15418,0.011969,172.31.36.0-255,66,170020,8,366616
15419,0.014353,74.125.68.0-255,5738,175758,8,366616
15420,0.014365,172.31.36.0-255,66,175824,8,366616
15421,0.01674,74.125.68.0-255,5738,181562,8,366616
15422,0.016755,172.31.36.0-255,66,181628,8,366616
15423,0.019137,74.125.68.0-255,5738,187366,8,366616
15424,0.019146,172.31.36.0-255,66,187432,8,366616
15425,0.02152,74.125.68.0-255,5738,193170,8,366616
15426,0.021527,172.31.36.0-255,66,193236,8,366616
15427,0.023897,74.125.68.0-255,5738,198974,8,366616
15428,0.023905,172.31.36.0-255,66,199040,8,366616
15429,0.026272,74.125.68.0-255,5738,204778,8,366616
15430,0.02628,172.31.36.0-255,66,204844,8,366616
15431,0.028654,74.125.68.0-255,5738,210582,8,366616
15432,0.028662,172.31.36.0-255,66,210648,8,366616
15433,0.031038,74.125.68.0-255,5738,216386,8,366616
15434,0.031048,172.31.36.0-255,66,216452,8,366616
15435,0.033224,172.31.36.0-255,190,216642,8,366616
15436,0.033328,172.31.36.0-255,1107,217749,8,366616
15437,0.033423,74.125.68.0-255,5738,223487,8,366616
15438,0.03343,172.31.36.0-255,66,223553,8,366616
15439,0.03346,172.31.36.0-255,1514,225067,8,366616
15440,0.033462,172.31.36.0-255,1514,226581,8,366616
15441,0.033468,172.31.36.0-255,1514,228095,8,366616
15442,0.03347,172.31.36.0-255,1514,229609,8,366616
15443,0.03349,172.31.36.0-255,1500,231109,8,366616
15444,0.034769,104.244.42.0-255,66,231175,8,366616
15445,0.034859,104.244.42.0-255,66,231241,8,366616
15446,0.035015,104.244.42.0-255,66,231307,8,366616
15447,0.035068,104.244.42.0-255,66,231373,8,366616
15448,0.035794,74.125.68.0-255,5738,237111,8,366616
15449,0.0358,172.31.36.0-255,66,237177,8,366616
15450,0.038162,74.125.68.0-255,5738,242915,8,366616
15451,0.038167,172.31.36.0-255,66,242981,8,366616
15452,0.040542,74.125.68.0-255,5738,248719,8,366616
15453,0.040564,172.31.36.0-255,66,248785,8,366616
15454,0.042931,74.125.68.0-255,5738,254523,8,366616
15455,0.042937,172.31.36.0-255,66,254589,8,366616
15456,0.045312,74.125.68.0-255,5738,260327,8,366616
15457,0.045317,172.31.36.0-255,66,260393,8,366616
15458,0.047706,74.125.68.0-255,5738,266131,8,366616
15459,0.047711,172.31.36.0-255,66,266197,8,366616
15460,0.050073,74.125.68.0-255,5738,271935,8,366616
15461,0.050078,172.31.36.0-255,66,272001,8,366616
15462,0.0505,172.31.36.0-255,101,272102,8,366616
15463,0.052452,74.125.68.0-255,5738,277840,8,366616
15464,0.052459,172.31.36.0-255,66,277906,8,366616
15465,0.052848,74.125.68.0-255,66,277972,8,366616
15466,0.054823,74.125.68.0-255,2902,280874,8,366616
15467,0.054828,172.31.36.0-255,66,280940,8,366616
15468,0.054862,74.125.68.0-255,2902,283842,8,366616
15469,0.054865,172.31.36.0-255,66,283908,8,366616
15470,0.057188,74.125.68.0-255,2902,286810,8,366616
15471,0.057193,172.31.36.0-255,66,286876,8,366616
15472,0.057225,74.125.68.0-255,2902,289778,8,366616
15473,0.057228,172.31.36.0-255,66,289844,8,366616
15474,0.059576,74.125.68.0-255,2902,292746,8,366616
15475,0.059582,172.31.36.0-255,66,292812,8,366616
15476,0.059614,74.125.68.0-255,2902,295714,8,366616
15477,0.059617,172.31.36.0-255,66,295780,8,366616
15478,0.061949,74.125.68.0-255,2902,298682,8,366616
15479,0.061954,172.31.36.0-255,66,298748,8,366616
15480,0.061991,74.125.68.0-255,2902,301650,8,366616
15481,0.061994,172.31.36.0-255,66,301716,8,366616
15482,0.064329,74.125.68.0-255,2902,304618,8,366616
15483,0.064335,172.31.36.0-255,66,304684,8,366616
15484,0.064369,74.125.68.0-255,2902,307586,8,366616
15485,0.064373,172.31.36.0-255,66,307652,8,366616
15486,0.066703,74.125.68.0-255,2902,310554,8,366616
15487,0.066708,172.31.36.0-255,66,310620,8,366616
15488,0.06674,74.125.68.0-255,2902,313522,8,366616
15489,0.066743,172.31.36.0-255,66,313588,8,366616
15490,0.069078,74.125.68.0-255,2902,316490,8,366616
15491,0.069084,172.31.36.0-255,66,316556,8,366616
15492,0.069118,74.125.68.0-255,2902,319458,8,366616
15493,0.069121,172.31.36.0-255,66,319524,8,366616
15494,0.071455,74.125.68.0-255,2902,322426,8,366616
15495,0.07146,172.31.36.0-255,66,322492,8,366616
15496,0.07149,74.125.68.0-255,2902,325394,8,366616
15497,0.071493,172.31.36.0-255,66,325460,8,366616
15498,0.073825,74.125.68.0-255,2902,328362,8,366616
15499,0.073831,172.31.36.0-255,66,328428,8,366616
15500,0.07387,74.125.68.0-255,2902,331330,8,366616
15501,0.073873,172.31.36.0-255,66,331396,8,366616
15502,0.076213,74.125.68.0-255,2902,334298,8,366616
15503,0.076219,172.31.36.0-255,66,334364,8,366616
15504,0.07625,74.125.68.0-255,2902,337266,8,366616
15505,0.076253,172.31.36.0-255,66,337332,8,366616
15506,0.078589,74.125.68.0-255,2902,340234,8,366616
15507,0.078595,172.31.36.0-255,66,340300,8,366616
15508,0.078644,74.125.68.0-255,2902,343202,8,366616
15509,0.078648,172.31.36.0-255,66,343268,8,366616
15510,0.080982,74.125.68.0-255,2902,346170,8,366616
15511,0.080988,172.31.36.0-255,66,346236,8,366616
15512,0.081024,74.125.68.0-255,2902,349138,8,366616
15513,0.081027,172.31.36.0-255,66,349204,8,366616
15514,0.08338,74.125.68.0-255,5738,354942,8,366616
15515,0.083387,172.31.36.0-255,66,355008,8,366616
15516,0.085768,74.125.68.0-255,5738,360746,8,366616
15517,0.085776,172.31.36.0-255,66,360812,8,366616
15518,0.088142,74.125.68.0-255,5738,366550,8,366616
15519,0.088148,172.31.36.0-255,66,366616,8,366616
15520,0.0,74.125.68.0-255,153,153,8,305092
15521,1.9e-05,74.125.68.0-255,1484,1637,8,305092
15522,3e-05,172.31.36.0-255,66,1703,8,305092
15523,3.9e-05,74.125.68.0-255,2902,4605,8,305092
15524,4.3e-05,172.31.36.0-255,66,4671,8,305092
15525,4.9e-05,74.125.68.0-255,4320,8991,8,305092
15526,5.3e-05,172.31.36.0-255,66,9057,8,305092
15527,8e-05,74.125.68.0-255,2902,11959,8,305092
15528,8.3e-05,172.31.36.0-255,66,12025,8,305092
15529,0.00011,74.125.68.0-255,2001,14026,8,305092
15530,0.000113,172.31.36.0-255,66,14092,8,305092
15531,0.000193,74.125.68.0-255,1484,15576,8,305092
15532,0.000214,74.125.68.0-255,2902,18478,8,305092
15533,0.000218,172.31.36.0-255,66,18544,8,305092
15534,0.000225,74.125.68.0-255,5738,24282,8,305092
15535,0.000228,172.31.36.0-255,66,24348,8,305092
15536,0.000248,74.125.68.0-255,1484,25832,8,305092
15537,0.000267,74.125.68.0-255,5379,31211,8,305092
15538,0.00027,172.31.36.0-255,66,31277,8,305092
15539,0.00029,74.125.68.0-255,7156,38433,8,305092
15540,0.000293,172.31.36.0-255,66,38499,8,305092
15541,0.000312,74.125.68.0-255,4320,42819,8,305092
15542,0.000314,172.31.36.0-255,66,42885,8,305092
15543,0.000327,74.125.68.0-255,1484,44369,8,305092
15544,0.000344,74.125.68.0-255,3961,48330,8,305092
15545,0.000347,172.31.36.0-255,66,48396,8,305092
15546,0.000386,74.125.68.0-255,1484,49880,8,305092
15547,0.000399,74.125.68.0-255,2902,52782,8,305092
15548,0.000402,172.31.36.0-255,66,52848,8,305092
15549,0.00042,74.125.68.0-255,1484,54332,8,305092
15550,0.000435,74.125.68.0-255,5738,60070,8,305092
15551,0.000437,172.31.36.0-255,66,60136,8,305092
15552,0.000472,74.125.68.0-255,5705,65841,8,305092
15553,0.000475,172.31.36.0-255,66,65907,8,305092
15554,0.000492,74.125.68.0-255,330,66237,8,305092
15555,0.000643,74.125.68.0-255,1484,67721,8,305092
15556,0.000647,172.31.36.0-255,66,67787,8,305092
15557,0.000653,74.125.68.0-255,2902,70689,8,305092
15558,0.000656,172.31.36.0-255,66,70755,8,305092
15559,0.000659,74.125.68.0-255,1484,72239,8,305092
15560,0.000686,74.125.68.0-255,5738,77977,8,305092
15561,0.00069,172.31.36.0-255,66,78043,8,305092
15562,0.000719,74.125.68.0-255,4320,82363,8,305092
15563,0.000723,172.31.36.0-255,66,82429,8,305092
15564,0.000747,172.31.36.0-255,66,82495,8,305092
15565,0.000772,74.125.68.0-255,4320,86815,8,305092
15566,0.000776,172.31.36.0-255,66,86881,8,305092
15567,0.000798,74.125.68.0-255,5379,92260,8,305092
15568,0.000801,172.31.36.0-255,66,92326,8,305092
15569,0.000912,74.125.68.0-255,1484,93810,8,305092
15570,0.000917,74.125.68.0-255,2902,96712,8,305092
15571,0.000921,172.31.36.0-255,66,96778,8,305092
15572,0.000945,74.125.68.0-255,5738,102516,8,305092
15573,0.000947,172.31.36.0-255,66,102582,8,305092
15574,0.000984,74.125.68.0-255,4320,106902,8,305092
15575,0.000986,172.31.36.0-255,66,106968,8,305092
15576,0.00101,74.125.68.0-255,7156,114124,8,305092
15577,0.001012,172.31.36.0-255,66,114190,8,305092
15578,0.00102,74.125.68.0-255,7156,121346,8,305092
15579,0.001023,172.31.36.0-255,66,121412,8,305092
15580,0.00104,74.125.68.0-255,5020,126432,8,305092
15581,0.001043,172.31.36.0-255,66,126498,8,305092
15582,0.001152,74.125.68.0-255,1484,127982,8,305092
15583,0.001171,74.125.68.0-255,2902,130884,8,305092
15584,0.001175,172.31.36.0-255,66,130950,8,305092
15585,0.001178,74.125.68.0-255,1484,132434,8,305092
15586,0.001183,74.125.68.0-255,2902,135336,8,305092
15587,0.001185,172.31.36.0-255,66,135402,8,305092
15588,0.001243,74.125.68.0-255,5738,141140,8,305092
15589,0.001247,172.31.36.0-255,66,141206,8,305092
15590,0.00126,172.31.36.0-255,66,141272,8,305092
15591,0.001276,74.125.68.0-255,1484,142756,8,305092
15592,0.001295,74.125.68.0-255,6438,149194,8,305092
15593,0.001298,172.31.36.0-255,66,149260,8,305092
15594,0.001617,74.125.68.0-255,1484,150744,8,305092
15595,0.001637,74.125.68.0-255,2902,153646,8,305092
15596,0.001641,172.31.36.0-255,66,153712,8,305092
15597,0.001665,74.125.68.0-255,5738,159450,8,305092
15598,0.001668,172.31.36.0-255,66,159516,8,305092
15599,0.001709,172.31.36.0-255,66,159582,8,305092
15600,0.001716,74.125.68.0-255,5738,165320,8,305092
15601,0.00172,172.31.36.0-255,66,165386,8,305092
15602,0.001735,74.125.68.0-255,4320,169706,8,305092
15603,0.001738,172.31.36.0-255,66,169772,8,305092
15604,0.001755,74.125.68.0-255,2902,172674,8,305092
15605,0.001758,172.31.36.0-255,66,172740,8,305092
15606,0.001781,74.125.68.0-255,2184,174924,8,305092
15607,0.001783,172.31.36.0-255,66,174990,8,305092
15608,0.001944,74.125.68.0-255,1484,176474,8,305092
15609,0.001951,74.125.68.0-255,2902,179376,8,305092
15610,0.001956,172.31.36.0-255,66,179442,8,305092
15611,0.001968,74.125.68.0-255,5738,185180,8,305092
15612,0.00197,172.31.36.0-255,66,185246,8,305092
15613,0.002002,74.125.68.0-255,7156,192402,8,305092
15614,0.002005,172.31.36.0-255,66,192468,8,305092
15615,0.002011,74.125.68.0-255,4320,196788,8,305092
15616,0.002013,172.31.36.0-255,66,196854,8,305092
15617,0.002029,74.125.68.0-255,4320,201174,8,305092
15618,0.002032,172.31.36.0-255,66,201240,8,305092
15619,0.00207,74.125.68.0-255,5738,206978,8,305092
15620,0.002073,172.31.36.0-255,66,207044,8,305092
15621,0.002091,74.125.68.0-255,2184,209228,8,305092
15622,0.002094,172.31.36.0-255,66,209294,8,305092
15623,0.002099,74.125.68.0-255,2902,212196,8,305092
15624,0.002101,172.31.36.0-255,66,212262,8,305092
15625,0.00212,74.125.68.0-255,5738,218000,8,305092
15626,0.002122,172.31.36.0-255,66,218066,8,305092
15627,0.002137,74.125.68.0-255,1484,219550,8,305092
15628,0.002153,74.125.68.0-255,4320,223870,8,305092
15629,0.002156,172.31.36.0-255,66,223936,8,305092
15630,0.002183,74.125.68.0-255,4320,228256,8,305092
15631,0.002186,172.31.36.0-255,66,228322,8,305092
15632,0.002217,172.31.36.0-255,66,228388,8,305092
15633,0.002256,74.125.68.0-255,3602,231990,8,305092
15634,0.002258,172.31.36.0-255,66,232056,8,305092
15635,0.002293,74.125.68.0-255,4320,236376,8,305092
15636,0.002296,172.31.36.0-255,66,236442,8,305092
15637,0.002318,172.31.36.0-255,66,236508,8,305092
15638,0.002372,172.31.36.0-255,66,236574,8,305092
15639,0.002428,172.31.36.0-255,66,236640,8,305092
15640,0.002474,172.31.36.0-255,66,236706,8,305092
15641,0.00252,74.125.68.0-255,5738,242444,8,305092
15642,0.002523,172.31.36.0-255,66,242510,8,305092
15643,0.002544,74.125.68.0-255,4320,246830,8,305092
15644,0.002547,172.31.36.0-255,66,246896,8,305092
15645,0.002566,74.125.68.0-255,1484,248380,8,305092
15646,0.002632,172.31.36.0-255,66,248446,8,305092
15647,0.002714,74.125.68.0-255,5738,254184,8,305092
15648,0.002719,172.31.36.0-255,66,254250,8,305092
15649,0.002748,172.31.36.0-255,66,254316,8,305092
15650,0.002782,74.125.68.0-255,2902,257218,8,305092
15651,0.002785,172.31.36.0-255,66,257284,8,305092
15652,0.002788,74.125.68.0-255,1484,258768,8,305092
15653,0.002813,172.31.36.0-255,66,258834,8,305092
15654,0.00283,74.125.68.0-255,2184,261018,8,305092
15655,0.002833,172.31.36.0-255,66,261084,8,305092
15656,0.002871,74.125.68.0-255,4320,265404,8,305092
15657,0.002875,172.31.36.0-255,66,265470,8,305092
15658,0.002892,74.125.68.0-255,5738,271208,8,305092
15659,0.002894,172.31.36.0-255,66,271274,8,305092
15660,0.002925,74.125.68.0-255,1484,272758,8,305092
15661,0.002928,74.125.68.0-255,1484,274242,8,305092
15662,0.002931,172.31.36.0-255,66,274308,8,305092
15663,0.002951,74.125.68.0-255,4320,278628,8,305092
15664,0.002955,172.31.36.0-255,66,278694,8,305092
15665,0.002963,74.125.68.0-255,7156,285850,8,305092
15666,0.002965,172.31.36.0-255,66,285916,8,305092
15667,0.002991,74.125.68.0-255,6438,292354,8,305092
15668,0.002994,172.31.36.0-255,66,292420,8,305092
15669,0.003023,74.125.68.0-255,2291,294711,8,305092
15670,0.003026,172.31.36.0-255,66,294777,8,305092
15671,0.00303,74.125.68.0-255,105,294882,8,305092
15672,0.0101,172.31.36.0-255,105,294987,8,305092
15673,0.01232,74.125.68.0-255,66,295053,8,305092
15674,0.038291,172.31.36.0-255,200,295253,8,305092
15675,0.038327,172.31.36.0-255,1110,296363,8,305092
15676,0.038404,172.31.36.0-255,1514,297877,8,305092
15677,0.038406,172.31.36.0-255,1514,299391,8,305092
15678,0.038414,172.31.36.0-255,1514,300905,8,305092
15679,0.038415,172.31.36.0-255,1514,302419,8,305092
15680,0.038432,172.31.36.0-255,1514,303933,8,305092
15681,0.038433,172.31.36.0-255,895,304828,8,305092
15682,0.039829,104.244.42.0-255,66,304894,8,305092
15683,0.03984,104.244.42.0-255,66,304960,8,305092
15684,0.039972,104.244.42.0-255,66,305026,8,305092
15685,0.039979,104.244.42.0-255,66,305092,8,305092
15686,0.0,172.217.194.0-255,143,143,8,98600
15687,2.1e-05,172.217.194.0-255,1484,1627,8,98600
15688,3.2e-05,172.31.36.0-255,66,1693,8,98600
15689,4.4e-05,172.217.194.0-255,2902,4595,8,98600
15690,5.7e-05,172.31.36.0-255,66,4661,8,98600
15691,6.3e-05,172.217.194.0-255,4320,8981,8,98600
15692,6.7e-05,172.31.36.0-255,66,9047,8,98600
15693,8e-05,172.31.36.0-255,66,9113,8,98600
15694,0.000136,172.31.36.0-255,66,9179,8,98600
15695,0.000156,172.217.194.0-255,1484,10663,8,98600
15696,0.000161,172.217.194.0-255,2902,13565,8,98600
15697,0.000164,172.31.36.0-255,66,13631,8,98600
15698,0.000167,172.217.194.0-255,1484,15115,8,98600
15699,0.000193,172.217.194.0-255,4320,19435,8,98600
15700,0.000196,172.31.36.0-255,66,19501,8,98600
15701,0.000204,172.217.194.0-255,6797,26298,8,98600
15702,0.000206,172.31.36.0-255,66,26364,8,98600
15703,0.000264,172.31.36.0-255,66,26430,8,98600
15704,0.000289,172.217.194.0-255,4581,31011,8,98600
15705,0.000292,172.31.36.0-255,66,31077,8,98600
15706,0.000436,172.217.194.0-255,1484,32561,8,98600
15707,0.000455,172.217.194.0-255,2902,35463,8,98600
15708,0.000459,172.31.36.0-255,66,35529,8,98600
15709,0.000466,172.217.194.0-255,5738,41267,8,98600
15710,0.000468,172.31.36.0-255,66,41333,8,98600
15711,0.000477,172.217.194.0-255,2902,44235,8,98600
15712,0.00048,172.31.36.0-255,66,44301,8,98600
15713,0.000517,172.31.36.0-255,66,44367,8,98600
15714,0.000529,172.31.36.0-255,66,44433,8,98600
15715,0.000532,172.217.194.0-255,766,45199,8,98600
15716,0.001056,172.217.194.0-255,1484,46683,8,98600
15717,0.001062,172.31.36.0-255,66,46749,8,98600
15718,0.001068,172.217.194.0-255,2902,49651,8,98600
15719,0.001071,172.31.36.0-255,66,49717,8,98600
15720,0.001083,172.217.194.0-255,5738,55455,8,98600
15721,0.001085,172.31.36.0-255,66,55521,8,98600
15722,0.001135,172.31.36.0-255,66,55587,8,98600
15723,0.001148,172.31.36.0-255,66,55653,8,98600
15724,0.001183,172.31.36.0-255,66,55719,8,98600
15725,0.001194,172.31.36.0-255,66,55785,8,98600
15726,0.001217,172.217.194.0-255,1484,57269,8,98600
15727,0.001251,172.31.36.0-255,66,57335,8,98600
15728,0.001269,172.31.36.0-255,66,57401,8,98600
15729,0.001286,172.31.36.0-255,66,57467,8,98600
15730,0.0013,172.31.36.0-255,66,57533,8,98600
15731,0.001334,172.217.194.0-255,3602,61135,8,98600
15732,0.001412,172.31.36.0-255,66,61201,8,98600
15733,0.001416,172.31.36.0-255,66,61267,8,98600
15734,0.001419,172.31.36.0-255,66,61333,8,98600
15735,0.001452,172.217.194.0-255,766,62099,8,98600
15736,0.001456,172.217.194.0-255,1484,63583,8,98600
15737,0.001458,172.31.36.0-255,66,63649,8,98600
15738,0.001464,172.217.194.0-255,4320,67969,8,98600
15739,0.001466,172.31.36.0-255,66,68035,8,98600
15740,0.001477,172.31.36.0-255,66,68101,8,98600
15741,0.001494,172.31.36.0-255,66,68167,8,98600
15742,0.001514,172.31.36.0-255,66,68233,8,98600
15743,0.001529,172.31.36.0-255,66,68299,8,98600
15744,0.001563,172.31.36.0-255,66,68365,8,98600
15745,0.001614,172.31.36.0-255,66,68431,8,98600
15746,0.001631,172.31.36.0-255,66,68497,8,98600
15747,0.001637,172.217.194.0-255,5020,73517,8,98600
15748,0.001639,172.31.36.0-255,66,73583,8,98600
15749,0.00165,172.31.36.0-255,66,73649,8,98600
15750,0.001677,172.31.36.0-255,66,73715,8,98600
15751,0.001694,172.31.36.0-255,66,73781,8,98600
15752,0.001719,172.217.194.0-255,2184,75965,8,98600
15753,0.001721,172.31.36.0-255,66,76031,8,98600
15754,0.001728,172.217.194.0-255,7156,83187,8,98600
15755,0.00173,172.31.36.0-255,66,83253,8,98600
15756,0.001786,172.31.36.0-255,66,83319,8,98600
15757,0.001793,172.217.194.0-255,4928,88247,8,98600
15758,0.001796,172.31.36.0-255,66,88313,8,98600
15759,0.001799,172.217.194.0-255,105,88418,8,98600
15760,0.004476,172.31.36.0-255,105,88523,8,98600
15761,0.006725,172.217.194.0-255,66,88589,8,98600
15762,0.039005,172.31.36.0-255,172,88761,8,98600
15763,0.039044,172.31.36.0-255,1110,89871,8,98600
15764,0.039109,172.31.36.0-255,1514,91385,8,98600
15765,0.039111,172.31.36.0-255,1514,92899,8,98600
15766,0.039117,172.31.36.0-255,1514,94413,8,98600
15767,0.039118,172.31.36.0-255,1514,95927,8,98600
15768,0.039138,172.31.36.0-255,1514,97441,8,98600
15769,0.039139,172.31.36.0-255,895,98336,8,98600
15770,0.040566,104.244.42.0-255,66,98402,8,98600
15771,0.040581,104.244.42.0-255,66,98468,8,98600
15772,0.04065,104.244.42.0-255,66,98534,8,98600
15773,0.040657,104.244.42.0-255,66,98600,8,98600
15774,0.0,172.217.194.0-255,156,156,8,196304
15775,2.2e-05,172.31.36.0-255,66,222,8,196304
15776,3e-05,172.217.194.0-255,1484,1706,8,196304
15777,3.5e-05,172.31.36.0-255,66,1772,8,196304
15778,5e-05,172.217.194.0-255,2902,4674,8,196304
15779,5.5e-05,172.31.36.0-255,66,4740,8,196304
15780,6.3e-05,172.217.194.0-255,7156,11896,8,196304
15781,6.6e-05,172.31.36.0-255,66,11962,8,196304
15782,7.8e-05,172.31.36.0-255,66,12028,8,196304
15783,0.000101,172.217.194.0-255,7156,19184,8,196304
15784,0.000105,172.31.36.0-255,66,19250,8,196304
15785,0.000129,172.217.194.0-255,3961,23211,8,196304
15786,0.000132,172.31.36.0-255,66,23277,8,196304
15787,0.000155,172.217.194.0-255,1484,24761,8,196304
15788,0.000157,172.31.36.0-255,66,24827,8,196304
15789,0.000162,172.217.194.0-255,2902,27729,8,196304
15790,0.000165,172.31.36.0-255,66,27795,8,196304
15791,0.000201,172.217.194.0-255,5738,33533,8,196304
15792,0.000204,172.31.36.0-255,66,33599,8,196304
15793,0.000207,172.217.194.0-255,1484,35083,8,196304
15794,0.000209,172.31.36.0-255,66,35149,8,196304
15795,0.000216,172.217.194.0-255,5738,40887,8,196304
15796,0.000223,172.31.36.0-255,66,40953,8,196304
15797,0.000239,172.217.194.0-255,3961,44914,8,196304
15798,0.000241,172.31.36.0-255,66,44980,8,196304
15799,0.00026,172.31.36.0-255,66,45046,8,196304
15800,0.000305,172.217.194.0-255,365,45411,8,196304
15801,0.000308,172.31.36.0-255,66,45477,8,196304
15802,0.000387,172.217.194.0-255,1484,46961,8,196304
15803,0.000391,172.31.36.0-255,66,47027,8,196304
15804,0.000396,172.217.194.0-255,2902,49929,8,196304
15805,0.000399,172.31.36.0-255,66,49995,8,196304
15806,0.000404,172.217.194.0-255,2902,52897,8,196304
15807,0.000412,172.31.36.0-255,66,52963,8,196304
15808,0.000446,172.217.194.0-255,2902,55865,8,196304
15809,0.000448,172.31.36.0-255,66,55931,8,196304
15810,0.000466,172.31.36.0-255,66,55997,8,196304
15811,0.000486,172.217.194.0-255,7156,63153,8,196304
15812,0.000489,172.31.36.0-255,66,63219,8,196304
15813,0.000494,172.217.194.0-255,3602,66821,8,196304
15814,0.000497,172.31.36.0-255,66,66887,8,196304
15815,0.000817,172.217.194.0-255,1484,68371,8,196304
15816,0.000824,172.217.194.0-255,2902,71273,8,196304
15817,0.000828,172.31.36.0-255,66,71339,8,196304
15818,0.000835,172.217.194.0-255,4320,75659,8,196304
15819,0.000837,172.31.36.0-255,66,75725,8,196304
15820,0.000856,172.217.194.0-255,1484,77209,8,196304
15821,0.000866,172.217.194.0-255,5738,82947,8,196304
15822,0.000869,172.31.36.0-255,66,83013,8,196304
15823,0.000875,172.217.194.0-255,5738,88751,8,196304
15824,0.000877,172.31.36.0-255,66,88817,8,196304
15825,0.000918,172.217.194.0-255,7156,95973,8,196304
15826,0.000922,172.31.36.0-255,66,96039,8,196304
15827,0.000929,172.217.194.0-255,5020,101059,8,196304
15828,0.000931,172.31.36.0-255,66,101125,8,196304
15829,0.000943,172.217.194.0-255,5738,106863,8,196304
15830,0.000945,172.31.36.0-255,66,106929,8,196304
15831,0.000978,172.217.194.0-255,1484,108413,8,196304
15832,0.001004,172.217.194.0-255,4320,112733,8,196304
15833,0.001007,172.31.36.0-255,66,112799,8,196304
15834,0.001025,172.31.36.0-255,66,112865,8,196304
15835,0.001037,172.31.36.0-255,66,112931,8,196304
15836,0.00107,172.31.36.0-255,66,112997,8,196304
15837,0.001113,172.31.36.0-255,66,113063,8,196304
15838,0.001131,172.31.36.0-255,66,113129,8,196304
15839,0.001159,172.217.194.0-255,2184,115313,8,196304
15840,0.001162,172.31.36.0-255,66,115379,8,196304
15841,0.001166,172.217.194.0-255,2902,118281,8,196304
15842,0.001168,172.31.36.0-255,66,118347,8,196304
15843,0.001199,172.217.194.0-255,7156,125503,8,196304
15844,0.001201,172.31.36.0-255,66,125569,8,196304
15845,0.001208,172.217.194.0-255,5738,131307,8,196304
15846,0.001211,172.31.36.0-255,66,131373,8,196304
15847,0.001247,172.31.36.0-255,66,131439,8,196304
15848,0.001254,172.217.194.0-255,6438,137877,8,196304
15849,0.001257,172.31.36.0-255,66,137943,8,196304
15850,0.001286,172.217.194.0-255,1484,139427,8,196304
15851,0.001291,172.217.194.0-255,2902,142329,8,196304
15852,0.001294,172.31.36.0-255,66,142395,8,196304
15853,0.0013,172.217.194.0-255,5738,148133,8,196304
15854,0.001303,172.31.36.0-255,66,148199,8,196304
15855,0.001345,172.31.36.0-255,66,148265,8,196304
15856,0.001355,172.31.36.0-255,66,148331,8,196304
15857,0.001392,172.31.36.0-255,66,148397,8,196304
15858,0.001404,172.31.36.0-255,66,148463,8,196304
15859,0.001446,172.31.36.0-255,66,148529,8,196304
15860,0.001475,172.217.194.0-255,7156,155685,8,196304
15861,0.001478,172.31.36.0-255,66,155751,8,196304
15862,0.001481,172.217.194.0-255,766,156517,8,196304
15863,0.001506,172.217.194.0-255,1484,158001,8,196304
15864,0.001509,172.31.36.0-255,66,158067,8,196304
15865,0.001537,172.217.194.0-255,2902,160969,8,196304
15866,0.00154,172.31.36.0-255,66,161035,8,196304
15867,0.001546,172.217.194.0-255,5738,166773,8,196304
15868,0.001548,172.31.36.0-255,66,166839,8,196304
15869,0.001588,172.31.36.0-255,66,166905,8,196304
15870,0.001605,172.31.36.0-255,66,166971,8,196304
15871,0.001653,172.217.194.0-255,1484,168455,8,196304
15872,0.001658,172.217.194.0-255,2902,171357,8,196304
15873,0.00166,172.31.36.0-255,66,171423,8,196304
15874,0.001672,172.217.194.0-255,5738,177161,8,196304
15875,0.001674,172.31.36.0-255,66,177227,8,196304
15876,0.001685,172.31.36.0-255,66,177293,8,196304
15877,0.001727,172.217.194.0-255,7156,184449,8,196304
15878,0.00173,172.31.36.0-255,66,184515,8,196304
15879,0.001767,172.31.36.0-255,66,184581,8,196304
15880,0.001778,172.31.36.0-255,66,184647,8,196304
15881,0.00182,172.31.36.0-255,66,184713,8,196304
15882,0.001853,172.31.36.0-255,66,184779,8,196304
15883,0.001857,172.217.194.0-255,2017,186796,8,196304
15884,0.001859,172.31.36.0-255,66,186862,8,196304
15885,0.001862,172.217.194.0-255,105,186967,8,196304
15886,0.010837,172.31.36.0-255,66,187033,8,196304
15887,0.010877,172.31.36.0-255,105,187138,8,196304
15888,0.013124,172.217.194.0-255,66,187204,8,196304
15889,0.036763,172.31.36.0-255,172,187376,8,196304
15890,0.036797,172.31.36.0-255,1107,188483,8,196304
15891,0.03686,172.31.36.0-255,1514,189997,8,196304
15892,0.036862,172.31.36.0-255,1514,191511,8,196304
15893,0.036869,172.31.36.0-255,1514,193025,8,196304
15894,0.03687,172.31.36.0-255,1514,194539,8,196304
15895,0.036888,172.31.36.0-255,1501,196040,8,196304
15896,0.038272,104.244.42.0-255,66,196106,8,196304
15897,0.038408,104.244.42.0-255,66,196172,8,196304
15898,0.038413,104.244.42.0-255,66,196238,8,196304
15899,0.03849,104.244.42.0-255,66,196304,8,196304
15900,0.0,216.58.221.0-255,152,152,8,273212
15901,2e-05,216.58.221.0-255,1484,1636,8,273212
15902,3.1e-05,172.31.36.0-255,66,1702,8,273212
15903,3.8e-05,216.58.221.0-255,1484,3186,8,273212
15904,4.4e-05,216.58.221.0-255,2902,6088,8,273212
15905,4.8e-05,172.31.36.0-255,66,6154,8,273212
15906,6.3e-05,216.58.221.0-255,5738,11892,8,273212
15907,6.6e-05,172.31.36.0-255,66,11958,8,273212
15908,0.000112,172.31.36.0-255,66,12024,8,273212
15909,0.000119,216.58.221.0-255,5379,17403,8,273212
15910,0.000122,172.31.36.0-255,66,17469,8,273212
15911,0.000577,216.58.221.0-255,1484,18953,8,273212
15912,0.000585,216.58.221.0-255,2902,21855,8,273212
15913,0.000589,172.31.36.0-255,66,21921,8,273212
15914,0.000596,216.58.221.0-255,4320,26241,8,273212
15915,0.000598,172.31.36.0-255,66,26307,8,273212
15916,0.000603,216.58.221.0-255,2902,29209,8,273212
15917,0.000611,172.31.36.0-255,66,29275,8,273212
15918,0.000625,216.58.221.0-255,2902,32177,8,273212
15919,0.000627,172.31.36.0-255,66,32243,8,273212
15920,0.000638,216.58.221.0-255,5738,37981,8,273212
15921,0.000641,172.31.36.0-255,66,38047,8,273212
15922,0.000678,216.58.221.0-255,6797,44844,8,273212
15923,0.000681,172.31.36.0-255,66,44910,8,273212
15924,0.000688,216.58.221.0-255,7067,51977,8,273212
15925,0.00069,172.31.36.0-255,66,52043,8,273212
15926,0.001188,216.58.221.0-255,131,52174,8,273212
15927,0.001312,216.58.221.0-255,1484,53658,8,273212
15928,0.001318,172.31.36.0-255,66,53724,8,273212
15929,0.001325,216.58.221.0-255,2902,56626,8,273212
15930,0.001327,172.31.36.0-255,66,56692,8,273212
15931,0.00135,216.58.221.0-255,5738,62430,8,273212
15932,0.001356,172.31.36.0-255,66,62496,8,273212
15933,0.00136,216.58.221.0-255,1484,63980,8,273212
15934,0.001397,172.31.36.0-255,66,64046,8,273212
15935,0.001407,172.31.36.0-255,66,64112,8,273212
15936,0.001431,216.58.221.0-255,2902,67014,8,273212
15937,0.001438,172.31.36.0-255,66,67080,8,273212
15938,0.001442,216.58.221.0-255,1125,68205,8,273212
15939,0.001445,216.58.221.0-255,1484,69689,8,273212
15940,0.001447,172.31.36.0-255,66,69755,8,273212
15941,0.001452,216.58.221.0-255,2902,72657,8,273212
15942,0.001454,172.31.36.0-255,66,72723,8,273212
15943,0.001482,216.58.221.0-255,1484,74207,8,273212
15944,0.001487,216.58.221.0-255,2902,77109,8,273212
15945,0.001494,172.31.36.0-255,66,77175,8,273212
15946,0.001499,216.58.221.0-255,4320,81495,8,273212
15947,0.001502,172.31.36.0-255,66,81561,8,273212
15948,0.001514,172.31.36.0-255,66,81627,8,273212
15949,0.001559,172.31.36.0-255,66,81693,8,273212
15950,0.001587,216.58.221.0-255,1484,83177,8,273212
15951,0.001591,216.58.221.0-255,2902,86079,8,273212
15952,0.001593,172.31.36.0-255,66,86145,8,273212
15953,0.001597,216.58.221.0-255,1484,87629,8,273212
15954,0.001623,216.58.221.0-255,4320,91949,8,273212
15955,0.001626,172.31.36.0-255,66,92015,8,273212
15956,0.001631,216.58.221.0-255,4320,96335,8,273212
15957,0.001634,172.31.36.0-255,66,96401,8,273212
15958,0.001641,216.58.221.0-255,5738,102139,8,273212
15959,0.001644,172.31.36.0-255,66,102205,8,273212
15960,0.00165,216.58.221.0-255,5738,107943,8,273212
15961,0.001653,172.31.36.0-255,66,108009,8,273212
15962,0.001678,216.58.221.0-255,5738,113747,8,273212
15963,0.001686,172.31.36.0-255,66,113813,8,273212
15964,0.00169,216.58.221.0-255,2184,115997,8,273212
15965,0.001692,172.31.36.0-255,66,116063,8,273212
15966,0.002046,216.58.221.0-255,1484,117547,8,273212
15967,0.002053,216.58.221.0-255,2902,120449,8,273212
15968,0.002059,172.31.36.0-255,66,120515,8,273212
15969,0.002067,216.58.221.0-255,5738,126253,8,273212
15970,0.002069,172.31.36.0-255,66,126319,8,273212
15971,0.002107,216.58.221.0-255,5738,132057,8,273212
15972,0.002109,172.31.36.0-255,66,132123,8,273212
15973,0.002112,216.58.221.0-255,1484,133607,8,273212
15974,0.002119,216.58.221.0-255,5738,139345,8,273212
15975,0.002121,172.31.36.0-255,66,139411,8,273212
15976,0.002126,216.58.221.0-255,2902,142313,8,273212
15977,0.002133,172.31.36.0-255,66,142379,8,273212
15978,0.002138,216.58.221.0-255,4320,146699,8,273212
15979,0.002141,172.31.36.0-255,66,146765,8,273212
15980,0.002144,216.58.221.0-255,1484,148249,8,273212
15981,0.002168,216.58.221.0-255,2184,150433,8,273212
15982,0.002174,172.31.36.0-255,66,150499,8,273212
15983,0.002239,216.58.221.0-255,1484,151983,8,273212
15984,0.002252,216.58.221.0-255,2902,154885,8,273212
15985,0.002254,172.31.36.0-255,66,154951,8,273212
15986,0.002282,216.58.221.0-255,4320,159271,8,273212
15987,0.002284,172.31.36.0-255,66,159337,8,273212
15988,0.00229,216.58.221.0-255,5738,165075,8,273212
15989,0.002293,172.31.36.0-255,66,165141,8,273212
15990,0.002341,172.31.36.0-255,66,165207,8,273212
15991,0.002348,216.58.221.0-255,7156,172363,8,273212
15992,0.00235,172.31.36.0-255,66,172429,8,273212
15993,0.002405,172.31.36.0-255,66,172495,8,273212
15994,0.002424,172.31.36.0-255,66,172561,8,273212
15995,0.002426,216.58.221.0-255,766,173327,8,273212
15996,0.002493,216.58.221.0-255,1484,174811,8,273212
15997,0.002496,172.31.36.0-255,66,174877,8,273212
15998,0.002502,216.58.221.0-255,4320,179197,8,273212
15999,0.002505,172.31.36.0-255,66,179263,8,273212
16000,0.002511,216.58.221.0-255,5738,185001,8,273212
16001,0.002513,172.31.36.0-255,66,185067,8,273212
16002,0.002531,172.31.36.0-255,66,185133,8,273212
16003,0.002536,216.58.221.0-255,4320,189453,8,273212
16004,0.002538,172.31.36.0-255,66,189519,8,273212
16005,0.002574,216.58.221.0-255,6438,195957,8,273212
16006,0.002577,172.31.36.0-255,66,196023,8,273212
16007,0.002598,216.58.221.0-255,7156,203179,8,273212
16008,0.0026,172.31.36.0-255,66,203245,8,273212
16009,0.002629,216.58.221.0-255,1484,204729,8,273212
16010,0.002642,172.31.36.0-255,66,204795,8,273212
16011,0.002645,216.58.221.0-255,1484,206279,8,273212
16012,0.002648,172.31.36.0-255,78,206357,8,273212
16013,0.002672,216.58.221.0-255,4320,210677,8,273212
16014,0.00273,216.58.221.0-255,2902,213579,8,273212
16015,0.002735,216.58.221.0-255,4320,217899,8,273212
16016,0.002743,216.58.221.0-255,7156,225055,8,273212
16017,0.002755,216.58.221.0-255,2184,227239,8,273212
16018,0.002769,216.58.221.0-255,1484,228723,8,273212
16019,0.002775,216.58.221.0-255,2902,231625,8,273212
16020,0.002781,216.58.221.0-255,5738,237363,8,273212
16021,0.002788,216.58.221.0-255,5738,243101,8,273212
16022,0.0028,216.58.221.0-255,4320,247421,8,273212
16023,0.002806,216.58.221.0-255,5738,253159,8,273212
16024,0.002829,216.58.221.0-255,5738,258897,8,273212
16025,0.002832,216.58.221.0-255,2184,261081,8,273212
16026,0.002837,216.58.221.0-255,2902,263983,8,273212
16027,0.002884,216.58.221.0-255,4719,268702,8,273212
16028,0.002899,216.58.221.0-255,105,268807,8,273212
16029,0.004786,172.31.36.0-255,66,268873,8,273212
16030,0.007756,172.31.36.0-255,105,268978,8,273212
16031,0.009763,216.58.221.0-255,66,269044,8,273212
16032,0.030826,172.31.36.0-255,172,269216,8,273212
16033,0.030862,172.31.36.0-255,1110,270326,8,273212
16034,0.030922,172.31.36.0-255,1514,271840,8,273212
16035,0.030924,172.31.36.0-255,1174,273014,8,273212
16036,0.032494,104.244.42.0-255,66,273080,8,273212
16037,0.032539,104.244.42.0-255,66,273146,8,273212
16038,0.032573,104.244.42.0-255,66,273212,8,273212
16039,0.0,74.125.24.0-255,143,143,8,300970
16040,2.4e-05,172.31.36.0-255,66,209,8,300970
16041,3.1e-05,74.125.24.0-255,1484,1693,8,300970
16042,3.5e-05,172.31.36.0-255,66,1759,8,300970
16043,4.8e-05,74.125.24.0-255,2902,4661,8,300970
16044,5.2e-05,172.31.36.0-255,66,4727,8,300970
16045,6e-05,74.125.24.0-255,7156,11883,8,300970
16046,6.3e-05,172.31.36.0-255,66,11949,8,300970
16047,7e-05,74.125.24.0-255,4883,16832,8,300970
16048,7.3e-05,172.31.36.0-255,66,16898,8,300970
16049,8.9e-05,172.31.36.0-255,66,16964,8,300970
16050,0.000298,74.125.24.0-255,1484,18448,8,300970
16051,0.000304,172.31.36.0-255,66,18514,8,300970
16052,0.000312,74.125.24.0-255,2902,21416,8,300970
16053,0.000314,172.31.36.0-255,66,21482,8,300970
16054,0.00033,74.125.24.0-255,1484,22966,8,300970
16055,0.000332,172.31.36.0-255,66,23032,8,300970
16056,0.000365,74.125.24.0-255,2902,25934,8,300970
16057,0.000368,172.31.36.0-255,66,26000,8,300970
16058,0.000374,74.125.24.0-255,5738,31738,8,300970
16059,0.000376,172.31.36.0-255,66,31804,8,300970
16060,0.000398,74.125.24.0-255,6797,38601,8,300970
16061,0.0004,172.31.36.0-255,66,38667,8,300970
16062,0.000405,74.125.24.0-255,2902,41569,8,300970
16063,0.000406,172.31.36.0-255,66,41635,8,300970
16064,0.00043,74.125.24.0-255,4320,45955,8,300970
16065,0.000433,172.31.36.0-255,66,46021,8,300970
16066,0.000439,74.125.24.0-255,5688,51709,8,300970
16067,0.000442,172.31.36.0-255,66,51775,8,300970
16068,0.000467,74.125.24.0-255,110,51885,8,300970
16069,0.00047,172.31.36.0-255,66,51951,8,300970
16070,0.000585,74.125.24.0-255,1484,53435,8,300970
16071,0.000592,74.125.24.0-255,2902,56337,8,300970
16072,0.000595,172.31.36.0-255,66,56403,8,300970
16073,0.000603,74.125.24.0-255,5738,62141,8,300970
16074,0.000606,172.31.36.0-255,66,62207,8,300970
16075,0.000668,74.125.24.0-255,5738,67945,8,300970
16076,0.000671,172.31.36.0-255,66,68011,8,300970
16077,0.000703,172.31.36.0-255,66,68077,8,300970
16078,0.000714,172.31.36.0-255,66,68143,8,300970
16079,0.000717,74.125.24.0-255,1392,69535,8,300970
16080,0.001147,74.125.24.0-255,1484,71019,8,300970
16081,0.001152,172.31.36.0-255,66,71085,8,300970
16082,0.001158,74.125.24.0-255,2902,73987,8,300970
16083,0.00116,172.31.36.0-255,66,74053,8,300970
16084,0.001164,74.125.24.0-255,2902,76955,8,300970
16085,0.001166,172.31.36.0-255,66,77021,8,300970
16086,0.001197,74.125.24.0-255,2902,79923,8,300970
16087,0.001201,172.31.36.0-255,66,79989,8,300970
16088,0.001214,172.31.36.0-255,66,80055,8,300970
16089,0.001263,172.31.36.0-255,66,80121,8,300970
16090,0.002333,74.125.24.0-255,1484,81605,8,300970
16091,0.002344,74.125.24.0-255,2902,84507,8,300970
16092,0.002348,172.31.36.0-255,66,84573,8,300970
16093,0.002357,74.125.24.0-255,5738,90311,8,300970
16094,0.002359,172.31.36.0-255,66,90377,8,300970
16095,0.002391,172.31.36.0-255,66,90443,8,300970
16096,0.002421,74.125.24.0-255,4320,94763,8,300970
16097,0.002423,172.31.36.0-255,66,94829,8,300970
16098,0.00243,74.125.24.0-255,7156,101985,8,300970
16099,0.002432,172.31.36.0-255,66,102051,8,300970
16100,0.002443,74.125.24.0-255,3602,105653,8,300970
16101,0.002445,172.31.36.0-255,66,105719,8,300970
16102,0.005053,74.125.24.0-255,2902,108621,8,300970
16103,0.00506,172.31.36.0-255,66,108687,8,300970
16104,0.005092,74.125.24.0-255,2902,111589,8,300970
16105,0.005094,172.31.36.0-255,66,111655,8,300970
16106,0.007654,74.125.24.0-255,2902,114557,8,300970
16107,0.00766,172.31.36.0-255,66,114623,8,300970
16108,0.007689,74.125.24.0-255,2902,117525,8,300970
16109,0.007692,172.31.36.0-255,66,117591,8,300970
16110,0.010237,74.125.24.0-255,2902,120493,8,300970
16111,0.010245,172.31.36.0-255,66,120559,8,300970
16112,0.010271,74.125.24.0-255,1484,122043,8,300970
16113,0.010301,74.125.24.0-255,1484,123527,8,300970
16114,0.010304,172.31.36.0-255,66,123593,8,300970
16115,0.012894,74.125.24.0-255,2902,126495,8,300970
16116,0.012903,172.31.36.0-255,66,126561,8,300970
16117,0.012938,74.125.24.0-255,2902,129463,8,300970
16118,0.012942,172.31.36.0-255,66,129529,8,300970
16119,0.015501,74.125.24.0-255,2902,132431,8,300970
16120,0.015509,172.31.36.0-255,66,132497,8,300970
16121,0.01554,74.125.24.0-255,2902,135399,8,300970
16122,0.015544,172.31.36.0-255,66,135465,8,300970
16123,0.018135,74.125.24.0-255,2902,138367,8,300970
16124,0.018143,172.31.36.0-255,66,138433,8,300970
16125,0.01817,74.125.24.0-255,2902,141335,8,300970
16126,0.018173,172.31.36.0-255,66,141401,8,300970
16127,0.02077,74.125.24.0-255,5738,147139,8,300970
16128,0.020777,172.31.36.0-255,66,147205,8,300970
16129,0.023366,74.125.24.0-255,5738,152943,8,300970
16130,0.023373,172.31.36.0-255,66,153009,8,300970
16131,0.024228,172.31.36.0-255,172,153181,8,300970
16132,0.02426,172.31.36.0-255,1109,154290,8,300970
16133,0.024315,172.31.36.0-255,1514,155804,8,300970
16134,0.025944,104.244.42.0-255,66,155870,8,300970
16135,0.025967,74.125.24.0-255,5738,161608,8,300970
16136,0.025973,172.31.36.0-255,66,161674,8,300970
16137,0.02858,74.125.24.0-255,5738,167412,8,300970
16138,0.028587,172.31.36.0-255,66,167478,8,300970
16139,0.031194,74.125.24.0-255,5738,173216,8,300970
16140,0.031202,172.31.36.0-255,66,173282,8,300970
16141,0.033792,74.125.24.0-255,5738,179020,8,300970
16142,0.033799,172.31.36.0-255,66,179086,8,300970
16143,0.036409,74.125.24.0-255,5738,184824,8,300970
16144,0.036415,172.31.36.0-255,66,184890,8,300970
16145,0.039035,74.125.24.0-255,5738,190628,8,300970
16146,0.039042,172.31.36.0-255,66,190694,8,300970
16147,0.041667,74.125.24.0-255,5738,196432,8,300970
16148,0.041679,172.31.36.0-255,66,196498,8,300970
16149,0.044322,74.125.24.0-255,5738,202236,8,300970
16150,0.04433,172.31.36.0-255,66,202302,8,300970
16151,0.046952,74.125.24.0-255,5738,208040,8,300970
16152,0.046964,172.31.36.0-255,66,208106,8,300970
16153,0.049599,74.125.24.0-255,5738,213844,8,300970
16154,0.049608,172.31.36.0-255,66,213910,8,300970
16155,0.052197,74.125.24.0-255,5738,219648,8,300970
16156,0.052204,172.31.36.0-255,66,219714,8,300970
16157,0.054816,74.125.24.0-255,5738,225452,8,300970
16158,0.054824,172.31.36.0-255,66,225518,8,300970
16159,0.057424,74.125.24.0-255,5738,231256,8,300970
16160,0.057432,172.31.36.0-255,66,231322,8,300970
16161,0.060063,74.125.24.0-255,5738,237060,8,300970
16162,0.060076,172.31.36.0-255,66,237126,8,300970
16163,0.062699,74.125.24.0-255,5738,242864,8,300970
16164,0.062707,172.31.36.0-255,66,242930,8,300970
16165,0.065302,74.125.24.0-255,5738,248668,8,300970
16166,0.065309,172.31.36.0-255,66,248734,8,300970
16167,0.067922,74.125.24.0-255,5738,254472,8,300970
16168,0.067929,172.31.36.0-255,66,254538,8,300970
16169,0.070533,74.125.24.0-255,5738,260276,8,300970
16170,0.07054,172.31.36.0-255,66,260342,8,300970
16171,0.073142,74.125.24.0-255,5738,266080,8,300970
16172,0.073154,172.31.36.0-255,66,266146,8,300970
16173,0.075782,74.125.24.0-255,5738,271884,8,300970
16174,0.075795,172.31.36.0-255,66,271950,8,300970
16175,0.078433,74.125.24.0-255,5738,277688,8,300970
16176,0.078449,172.31.36.0-255,66,277754,8,300970
16177,0.081075,74.125.24.0-255,5738,283492,8,300970
16178,0.081094,172.31.36.0-255,66,283558,8,300970
16179,0.083699,74.125.24.0-255,5738,289296,8,300970
16180,0.083711,172.31.36.0-255,66,289362,8,300970
16181,0.086308,74.125.24.0-255,5738,295100,8,300970
16182,0.086318,172.31.36.0-255,66,295166,8,300970
16183,0.088912,74.125.24.0-255,5738,300904,8,300970
16184,0.088921,172.31.36.0-255,66,300970,8,300970
16185,0.0,74.125.24.0-255,153,153,8,296749
16186,2.1e-05,172.31.36.0-255,66,219,8,296749
16187,2.8e-05,74.125.24.0-255,1484,1703,8,296749
16188,3.2e-05,172.31.36.0-255,66,1769,8,296749
16189,3.8e-05,74.125.24.0-255,2902,4671,8,296749
16190,4.2e-05,172.31.36.0-255,66,4737,8,296749
16191,5.6e-05,74.125.24.0-255,7156,11893,8,296749
16192,6e-05,172.31.36.0-255,66,11959,8,296749
16193,6.4e-05,74.125.24.0-255,2035,13994,8,296749
16194,6.8e-05,172.31.36.0-255,66,14060,8,296749
16195,0.000357,74.125.24.0-255,1484,15544,8,296749
16196,0.000363,172.31.36.0-255,66,15610,8,296749
16197,0.000369,74.125.24.0-255,2902,18512,8,296749
16198,0.000373,172.31.36.0-255,66,18578,8,296749
16199,0.000376,74.125.24.0-255,1484,20062,8,296749
16200,0.000378,172.31.36.0-255,66,20128,8,296749
16201,0.000395,74.125.24.0-255,4320,24448,8,296749
16202,0.000398,172.31.36.0-255,66,24514,8,296749
16203,0.000406,74.125.24.0-255,6797,31311,8,296749
16204,0.000413,172.31.36.0-255,66,31377,8,296749
16205,0.00072,74.125.24.0-255,1484,32861,8,296749
16206,0.000725,172.31.36.0-255,66,32927,8,296749
16207,0.000731,74.125.24.0-255,2902,35829,8,296749
16208,0.000733,172.31.36.0-255,66,35895,8,296749
16209,0.000758,74.125.24.0-255,4320,40215,8,296749
16210,0.00076,172.31.36.0-255,66,40281,8,296749
16211,0.000786,74.125.24.0-255,1484,41765,8,296749
16212,0.000789,172.31.36.0-255,66,41831,8,296749
16213,0.000801,74.125.24.0-255,6797,48628,8,296749
16214,0.000803,172.31.36.0-255,66,48694,8,296749
16215,0.002883,74.125.24.0-255,5738,54432,8,296749
16216,0.00289,172.31.36.0-255,66,54498,8,296749
16217,0.004958,74.125.24.0-255,5738,60236,8,296749
16218,0.004963,172.31.36.0-255,66,60302,8,296749
16219,0.007028,74.125.24.0-255,5738,66040,8,296749
16220,0.007036,172.31.36.0-255,66,66106,8,296749
16221,0.009102,74.125.24.0-255,5738,71844,8,296749
16222,0.00911,172.31.36.0-255,66,71910,8,296749
16223,0.011185,74.125.24.0-255,5738,77648,8,296749
16224,0.011193,172.31.36.0-255,66,77714,8,296749
16225,0.013279,74.125.24.0-255,5738,83452,8,296749
16226,0.013288,172.31.36.0-255,66,83518,8,296749
16227,0.015371,74.125.24.0-255,5738,89256,8,296749
16228,0.015381,172.31.36.0-255,66,89322,8,296749
16229,0.017494,74.125.24.0-255,5738,95060,8,296749
16230,0.017503,172.31.36.0-255,66,95126,8,296749
16231,0.019571,74.125.24.0-255,5738,100864,8,296749
16232,0.01958,172.31.36.0-255,66,100930,8,296749
16233,0.021674,74.125.24.0-255,5738,106668,8,296749
16234,0.021683,172.31.36.0-255,66,106734,8,296749
16235,0.023786,74.125.24.0-255,5738,112472,8,296749
16236,0.023794,172.31.36.0-255,66,112538,8,296749
16237,0.025581,172.31.36.0-255,171,112709,8,296749
16238,0.025614,172.31.36.0-255,1136,113845,8,296749
16239,0.025678,172.31.36.0-255,1514,115359,8,296749
16240,0.02568,172.31.36.0-255,1268,116627,8,296749
16241,0.025886,74.125.24.0-255,5738,122365,8,296749
16242,0.025892,172.31.36.0-255,66,122431,8,296749
16243,0.027172,104.244.42.0-255,66,122497,8,296749
16244,0.02718,104.244.42.0-255,66,122563,8,296749
16245,0.027259,104.244.42.0-255,66,122629,8,296749
16246,0.027977,74.125.24.0-255,5738,128367,8,296749
16247,0.027984,172.31.36.0-255,66,128433,8,296749
16248,0.030077,74.125.24.0-255,5738,134171,8,296749
16249,0.030084,172.31.36.0-255,66,134237,8,296749
16250,0.032181,74.125.24.0-255,5738,139975,8,296749
16251,0.032188,172.31.36.0-255,66,140041,8,296749
16252,0.034266,74.125.24.0-255,5738,145779,8,296749
16253,0.034273,172.31.36.0-255,66,145845,8,296749
16254,0.036385,74.125.24.0-255,5738,151583,8,296749
16255,0.036392,172.31.36.0-255,66,151649,8,296749
16256,0.038498,74.125.24.0-255,5738,157387,8,296749
16257,0.038504,172.31.36.0-255,66,157453,8,296749
16258,0.040583,74.125.24.0-255,5738,163191,8,296749
16259,0.04059,172.31.36.0-255,66,163257,8,296749
16260,0.042708,74.125.24.0-255,5738,168995,8,296749
16261,0.042714,172.31.36.0-255,66,169061,8,296749
16262,0.044813,74.125.24.0-255,5738,174799,8,296749
16263,0.044819,172.31.36.0-255,66,174865,8,296749
16264,0.046905,74.125.24.0-255,5738,180603,8,296749
16265,0.046911,172.31.36.0-255,66,180669,8,296749
16266,0.048966,74.125.24.0-255,5738,186407,8,296749
16267,0.048973,172.31.36.0-255,66,186473,8,296749
16268,0.051064,74.125.24.0-255,5738,192211,8,296749
16269,0.05107,172.31.36.0-255,66,192277,8,296749
16270,0.053191,74.125.24.0-255,5738,198015,8,296749
16271,0.053198,172.31.36.0-255,66,198081,8,296749
16272,0.055299,74.125.24.0-255,5738,203819,8,296749
16273,0.055305,172.31.36.0-255,66,203885,8,296749
16274,0.057388,74.125.24.0-255,5738,209623,8,296749
16275,0.057395,172.31.36.0-255,66,209689,8,296749
16276,0.05948,74.125.24.0-255,5738,215427,8,296749
16277,0.059485,172.31.36.0-255,66,215493,8,296749
16278,0.061572,74.125.24.0-255,5738,221231,8,296749
16279,0.061579,172.31.36.0-255,66,221297,8,296749
16280,0.063668,74.125.24.0-255,5738,227035,8,296749
16281,0.063674,172.31.36.0-255,66,227101,8,296749
16282,0.06579,74.125.24.0-255,5738,232839,8,296749
16283,0.065797,172.31.36.0-255,66,232905,8,296749
16284,0.067908,74.125.24.0-255,5738,238643,8,296749
16285,0.067915,172.31.36.0-255,66,238709,8,296749
16286,0.069997,74.125.24.0-255,5738,244447,8,296749
16287,0.070004,172.31.36.0-255,66,244513,8,296749
16288,0.072091,74.125.24.0-255,5738,250251,8,296749
16289,0.072098,172.31.36.0-255,66,250317,8,296749
16290,0.074199,74.125.24.0-255,5738,256055,8,296749
16291,0.074205,172.31.36.0-255,66,256121,8,296749
16292,0.076261,74.125.24.0-255,5738,261859,8,296749
16293,0.076267,172.31.36.0-255,66,261925,8,296749
16294,0.078362,74.125.24.0-255,5738,267663,8,296749
16295,0.078368,172.31.36.0-255,66,267729,8,296749
16296,0.080468,74.125.24.0-255,5738,273467,8,296749
16297,0.080475,172.31.36.0-255,66,273533,8,296749
16298,0.082577,74.125.24.0-255,5738,279271,8,296749
16299,0.082583,172.31.36.0-255,66,279337,8,296749
16300,0.084648,74.125.24.0-255,5738,285075,8,296749
16301,0.084654,172.31.36.0-255,66,285141,8,296749
16302,0.086738,74.125.24.0-255,5738,290879,8,296749
16303,0.086744,172.31.36.0-255,66,290945,8,296749
16304,0.08885,74.125.24.0-255,5738,296683,8,296749
16305,0.088856,172.31.36.0-255,66,296749,8,296749
16306,0.0,74.125.24.0-255,146,146,8,157924
16307,2.6e-05,74.125.24.0-255,1484,1630,8,157924
16308,3.4e-05,172.31.36.0-255,66,1696,8,157924
16309,4.2e-05,74.125.24.0-255,2902,4598,8,157924
16310,4.6e-05,172.31.36.0-255,66,4664,8,157924
16311,5.8e-05,74.125.24.0-255,4320,8984,8,157924
16312,6.2e-05,172.31.36.0-255,66,9050,8,157924
16313,0.000108,172.31.36.0-255,66,9116,8,157924
16314,0.000121,172.31.36.0-255,66,9182,8,157924
16315,0.000186,74.125.24.0-255,1484,10666,8,157924
16316,0.000193,74.125.24.0-255,2902,13568,8,157924
16317,0.000196,172.31.36.0-255,66,13634,8,157924
16318,0.000224,74.125.24.0-255,5738,19372,8,157924
16319,0.000227,172.31.36.0-255,66,19438,8,157924
16320,0.000239,74.125.24.0-255,2902,22340,8,157924
16321,0.000246,172.31.36.0-255,66,22406,8,157924
16322,0.000283,172.31.36.0-255,66,22472,8,157924
16323,0.000301,172.31.36.0-255,66,22538,8,157924
16324,0.000304,74.125.24.0-255,135,22673,8,157924
16325,0.00033,74.125.24.0-255,347,23020,8,157924
16326,0.000471,74.125.24.0-255,1484,24504,8,157924
16327,0.000477,172.31.36.0-255,66,24570,8,157924
16328,0.000484,74.125.24.0-255,2902,27472,8,157924
16329,0.000487,172.31.36.0-255,66,27538,8,157924
16330,0.000498,74.125.24.0-255,5738,33276,8,157924
16331,0.000501,172.31.36.0-255,66,33342,8,157924
16332,0.000543,172.31.36.0-255,66,33408,8,157924
16333,0.000554,172.31.36.0-255,66,33474,8,157924
16334,0.001169,74.125.24.0-255,1484,34958,8,157924
16335,0.001193,74.125.24.0-255,2902,37860,8,157924
16336,0.001198,172.31.36.0-255,66,37926,8,157924
16337,0.001206,74.125.24.0-255,5738,43664,8,157924
16338,0.001209,172.31.36.0-255,66,43730,8,157924
16339,0.00122,74.125.24.0-255,5738,49468,8,157924
16340,0.001223,172.31.36.0-255,66,49534,8,157924
16341,0.001257,172.31.36.0-255,66,49600,8,157924
16342,0.001294,172.31.36.0-255,66,49666,8,157924
16343,0.001298,74.125.24.0-255,766,50432,8,157924
16344,0.001642,74.125.24.0-255,1484,51916,8,157924
16345,0.001649,172.31.36.0-255,66,51982,8,157924
16346,0.001656,74.125.24.0-255,2902,54884,8,157924
16347,0.001658,172.31.36.0-255,66,54950,8,157924
16348,0.001672,74.125.24.0-255,5738,60688,8,157924
16349,0.001675,172.31.36.0-255,66,60754,8,157924
16350,0.001691,172.31.36.0-255,66,60820,8,157924
16351,0.001735,172.31.36.0-255,66,60886,8,157924
16352,0.001933,74.125.24.0-255,1484,62370,8,157924
16353,0.001939,74.125.24.0-255,2902,65272,8,157924
16354,0.001942,172.31.36.0-255,66,65338,8,157924
16355,0.001974,74.125.24.0-255,5738,71076,8,157924
16356,0.001977,172.31.36.0-255,66,71142,8,157924
16357,0.001983,74.125.24.0-255,5738,76880,8,157924
16358,0.001985,172.31.36.0-255,66,76946,8,157924
16359,0.001988,74.125.24.0-255,1484,78430,8,157924
16360,0.002024,172.31.36.0-255,66,78496,8,157924
16361,0.002035,172.31.36.0-255,66,78562,8,157924
16362,0.002043,74.125.24.0-255,1484,80046,8,157924
16363,0.002047,74.125.24.0-255,2902,82948,8,157924
16364,0.002049,172.31.36.0-255,66,83014,8,157924
16365,0.002088,172.31.36.0-255,66,83080,8,157924
16366,0.002094,74.125.24.0-255,7156,90236,8,157924
16367,0.002096,172.31.36.0-255,66,90302,8,157924
16368,0.002101,74.125.24.0-255,3602,93904,8,157924
16369,0.002104,172.31.36.0-255,66,93970,8,157924
16370,0.002218,74.125.24.0-255,1484,95454,8,157924
16371,0.002238,74.125.24.0-255,2902,98356,8,157924
16372,0.00224,172.31.36.0-255,66,98422,8,157924
16373,0.002245,74.125.24.0-255,4320,102742,8,157924
16374,0.002248,172.31.36.0-255,66,102808,8,157924
16375,0.00227,74.125.24.0-255,1484,104292,8,157924
16376,0.002286,172.31.36.0-255,66,104358,8,157924
16377,0.002309,74.125.24.0-255,1484,105842,8,157924
16378,0.002313,74.125.24.0-255,1484,107326,8,157924
16379,0.002315,172.31.36.0-255,66,107392,8,157924
16380,0.002321,74.125.24.0-255,5738,113130,8,157924
16381,0.002324,172.31.36.0-255,66,113196,8,157924
16382,0.00235,74.125.24.0-255,5020,118216,8,157924
16383,0.002352,172.31.36.0-255,66,118282,8,157924
16384,0.002376,74.125.24.0-255,1484,119766,8,157924
16385,0.00238,74.125.24.0-255,2902,122668,8,157924
16386,0.002382,172.31.36.0-255,66,122734,8,157924
16387,0.002417,74.125.24.0-255,5738,128472,8,157924
16388,0.00242,172.31.36.0-255,66,128538,8,157924
16389,0.002433,172.31.36.0-255,66,128604,8,157924
16390,0.002484,172.31.36.0-255,66,128670,8,157924
16391,0.002517,172.31.36.0-255,66,128736,8,157924
16392,0.00252,74.125.24.0-255,1484,130220,8,157924
16393,0.002533,172.31.36.0-255,66,130286,8,157924
16394,0.002565,74.125.24.0-255,4320,134606,8,157924
16395,0.002568,172.31.36.0-255,66,134672,8,157924
16396,0.002571,74.125.24.0-255,1484,136156,8,157924
16397,0.002574,74.125.24.0-255,766,136922,8,157924
16398,0.002576,172.31.36.0-255,66,136988,8,157924
16399,0.002592,74.125.24.0-255,5738,142726,8,157924
16400,0.002595,172.31.36.0-255,66,142792,8,157924
16401,0.002636,172.31.36.0-255,66,142858,8,157924
16402,0.002646,172.31.36.0-255,66,142924,8,157924
16403,0.002672,172.31.36.0-255,66,142990,8,157924
16404,0.002683,172.31.36.0-255,66,143056,8,157924
16405,0.002709,74.125.24.0-255,4320,147376,8,157924
16406,0.002712,172.31.36.0-255,66,147442,8,157924
16407,0.002723,172.31.36.0-255,66,147508,8,157924
16408,0.002756,172.31.36.0-255,66,147574,8,157924
16409,0.00276,74.125.24.0-255,105,147679,8,157924
16410,0.008433,172.31.36.0-255,105,147784,8,157924
16411,0.010373,74.125.24.0-255,66,147850,8,157924
16412,0.033941,172.31.36.0-255,172,148022,8,157924
16413,0.033973,172.31.36.0-255,1110,149132,8,157924
16414,0.03402,172.31.36.0-255,1514,150646,8,157924
16415,0.034042,172.31.36.0-255,1514,152160,8,157924
16416,0.034046,172.31.36.0-255,1514,153674,8,157924
16417,0.03406,172.31.36.0-255,1514,155188,8,157924
16418,0.034071,172.31.36.0-255,1514,156702,8,157924
16419,0.034073,172.31.36.0-255,892,157594,8,157924
16420,0.035452,104.244.42.0-255,66,157660,8,157924
16421,0.035499,104.244.42.0-255,66,157726,8,157924
16422,0.035576,104.244.42.0-255,66,157792,8,157924
16423,0.035603,104.244.42.0-255,66,157858,8,157924
16424,0.035606,104.244.42.0-255,66,157924,8,157924
