,TIME,SRC,PACKET_SIZE,CUMULATIVE_PACKET_SIZE,PAGE_NUMBER,TOTAL_PACKET_SIZE
0,0.0,74.125.24.0-255,155,155,77,363256
1,2.2e-05,172.31.40.0-255,66,221,77,363256
2,2.9e-05,74.125.24.0-255,1484,1705,77,363256
3,3.3e-05,172.31.40.0-255,66,1771,77,363256
4,3.8e-05,74.125.24.0-255,2902,4673,77,363256
5,4.1e-05,172.31.40.0-255,66,4739,77,363256
6,4.9e-05,74.125.24.0-255,7156,11895,77,363256
7,5.1e-05,172.31.40.0-255,66,11961,77,363256
8,5.5e-05,74.125.24.0-255,2077,14038,77,363256
9,5.8e-05,172.31.40.0-255,66,14104,77,363256
10,7.9e-05,74.125.24.0-255,1484,15588,77,363256
11,8.2e-05,172.31.40.0-255,66,15654,77,363256
12,0.00012,74.125.24.0-255,9992,25646,77,363256
13,0.000123,172.31.40.0-255,66,25712,77,363256
14,0.000129,74.125.24.0-255,5379,31091,77,363256
15,0.000131,172.31.40.0-255,66,31157,77,363256
16,0.000179,74.125.24.0-255,1484,32641,77,363256
17,0.000182,172.31.40.0-255,66,32707,77,363256
18,0.000217,74.125.24.0-255,2902,35609,77,363256
19,0.00022,172.31.40.0-255,66,35675,77,363256
20,0.000223,74.125.24.0-255,1484,37159,77,363256
21,0.000225,172.31.40.0-255,66,37225,77,363256
22,0.000244,74.125.24.0-255,4320,41545,77,363256
23,0.000247,172.31.40.0-255,66,41611,77,363256
24,0.000251,74.125.24.0-255,2902,44513,77,363256
25,0.000253,172.31.40.0-255,66,44579,77,363256
26,0.000287,74.125.24.0-255,7156,51735,77,363256
27,0.000289,172.31.40.0-255,66,51801,77,363256
28,0.000301,74.125.24.0-255,11410,63211,77,363256
29,0.000303,172.31.40.0-255,66,63277,77,363256
30,0.000307,74.125.24.0-255,2184,65461,77,363256
31,0.000309,172.31.40.0-255,66,65527,77,363256
32,0.000482,74.125.24.0-255,362,65889,77,363256
33,0.000555,74.125.24.0-255,1548,67437,77,363256
34,0.00056,172.31.40.0-255,66,67503,77,363256
35,0.000567,74.125.24.0-255,2902,70405,77,363256
36,0.00057,172.31.40.0-255,66,70471,77,363256
37,0.000577,74.125.24.0-255,5738,76209,77,363256
38,0.000579,172.31.40.0-255,66,76275,77,363256
39,0.000608,74.125.24.0-255,7156,83431,77,363256
40,0.000612,172.31.40.0-255,66,83497,77,363256
41,0.000637,74.125.24.0-255,5738,89235,77,363256
42,0.00064,172.31.40.0-255,66,89301,77,363256
43,0.00065,74.125.24.0-255,10692,99993,77,363256
44,0.000653,172.31.40.0-255,66,100059,77,363256
45,0.000656,74.125.24.0-255,349,100408,77,363256
46,0.000944,74.125.24.0-255,1484,101892,77,363256
47,0.000953,172.31.40.0-255,66,101958,77,363256
48,0.000959,74.125.24.0-255,1484,103442,77,363256
49,0.000977,74.125.24.0-255,1484,104926,77,363256
50,0.000979,172.31.40.0-255,66,104992,77,363256
51,0.000987,74.125.24.0-255,5738,110730,77,363256
52,0.000989,172.31.40.0-255,66,110796,77,363256
53,0.000994,74.125.24.0-255,4320,115116,77,363256
54,0.000996,172.31.40.0-255,66,115182,77,363256
55,0.001017,74.125.24.0-255,5738,120920,77,363256
56,0.00102,172.31.40.0-255,66,120986,77,363256
57,0.001043,74.125.24.0-255,2902,123888,77,363256
58,0.001045,172.31.40.0-255,66,123954,77,363256
59,0.001073,74.125.24.0-255,10692,134646,77,363256
60,0.001076,172.31.40.0-255,66,134712,77,363256
61,0.001102,74.125.24.0-255,2902,137614,77,363256
62,0.001106,172.31.40.0-255,66,137680,77,363256
63,0.001126,74.125.24.0-255,4320,142000,77,363256
64,0.001129,172.31.40.0-255,66,142066,77,363256
65,0.001136,74.125.24.0-255,7156,149222,77,363256
66,0.001139,172.31.40.0-255,66,149288,77,363256
67,0.001165,74.125.24.0-255,1484,150772,77,363256
68,0.001184,172.31.40.0-255,66,150838,77,363256
69,0.001196,74.125.24.0-255,1484,152322,77,363256
70,0.0012,74.125.24.0-255,766,153088,77,363256
71,0.001202,172.31.40.0-255,66,153154,77,363256
72,0.001328,74.125.24.0-255,1484,154638,77,363256
73,0.001332,74.125.24.0-255,1484,156122,77,363256
74,0.001335,172.31.40.0-255,66,156188,77,363256
75,0.001354,74.125.24.0-255,1484,157672,77,363256
76,0.001361,74.125.24.0-255,5738,163410,77,363256
77,0.001363,172.31.40.0-255,66,163476,77,363256
78,0.001394,74.125.24.0-255,2902,166378,77,363256
79,0.001396,172.31.40.0-255,66,166444,77,363256
80,0.001418,74.125.24.0-255,9992,176436,77,363256
81,0.001428,74.125.24.0-255,10692,187128,77,363256
82,0.001437,74.125.24.0-255,11410,198538,77,363256
83,0.001441,74.125.24.0-255,2902,201440,77,363256
84,0.001462,74.125.24.0-255,12828,214268,77,363256
85,0.001465,172.31.40.0-255,66,214334,77,363256
86,0.001469,172.31.40.0-255,66,214400,77,363256
87,0.001483,74.125.24.0-255,1484,215884,77,363256
88,0.001489,74.125.24.0-255,5020,220904,77,363256
89,0.0015,172.31.40.0-255,66,220970,77,363256
90,0.001516,74.125.24.0-255,5738,226708,77,363256
91,0.001528,172.31.40.0-255,66,226774,77,363256
92,0.001542,74.125.24.0-255,2902,229676,77,363256
93,0.00155,172.31.40.0-255,66,229742,77,363256
94,0.001568,74.125.24.0-255,9992,239734,77,363256
95,0.001587,74.125.24.0-255,5020,244754,77,363256
96,0.001589,74.125.24.0-255,1484,246238,77,363256
97,0.001613,74.125.24.0-255,4320,250558,77,363256
98,0.001617,74.125.24.0-255,2902,253460,77,363256
99,0.001645,74.125.24.0-255,9992,263452,77,363256
100,0.001655,74.125.24.0-255,10692,274144,77,363256
101,0.001661,172.31.40.0-255,66,274210,77,363256
102,0.001964,74.125.24.0-255,1484,275694,77,363256
103,0.001982,74.125.24.0-255,2902,278596,77,363256
104,0.002,74.125.24.0-255,5738,284334,77,363256
105,0.002009,172.31.40.0-255,66,284400,77,363256
106,0.002035,74.125.24.0-255,12828,297228,77,363256
107,0.002037,172.31.40.0-255,66,297294,77,363256
108,0.002075,74.125.24.0-255,1484,298778,77,363256
109,0.002098,74.125.24.0-255,9274,308052,77,363256
110,0.002107,172.31.40.0-255,66,308118,77,363256
111,0.002175,74.125.24.0-255,1484,309602,77,363256
112,0.002193,74.125.24.0-255,2902,312504,77,363256
113,0.002209,74.125.24.0-255,5738,318242,77,363256
114,0.002219,172.31.40.0-255,66,318308,77,363256
115,0.002239,74.125.24.0-255,1484,319792,77,363256
116,0.002283,74.125.24.0-255,11410,331202,77,363256
117,0.002296,74.125.24.0-255,13528,344730,77,363256
118,0.002378,74.125.24.0-255,4320,349050,77,363256
119,0.002405,74.125.24.0-255,9585,358635,77,363256
120,0.002409,74.125.24.0-255,105,358740,77,363256
121,0.007374,172.31.40.0-255,66,358806,77,363256
122,0.009406,172.31.40.0-255,105,358911,77,363256
123,0.011985,74.125.24.0-255,66,358977,77,363256
124,0.032577,172.31.40.0-255,172,359149,77,363256
125,0.032606,172.31.40.0-255,1120,360269,77,363256
126,0.032659,172.31.40.0-255,1514,361783,77,363256
127,0.03266,172.31.40.0-255,1275,363058,77,363256
128,0.034167,104.244.42.0-255,66,363124,77,363256
129,0.034187,104.244.42.0-255,66,363190,77,363256
130,0.034217,104.244.42.0-255,66,363256,77,363256
131,0.0,172.217.194.0-255,155,155,77,320574
132,3.3e-05,172.31.40.0-255,66,221,77,320574
133,4.1e-05,172.217.194.0-255,1484,1705,77,320574
134,4.6e-05,172.31.40.0-255,66,1771,77,320574
135,5.1e-05,172.217.194.0-255,2902,4673,77,320574
136,6.3e-05,172.31.40.0-255,66,4739,77,320574
137,6.9e-05,172.217.194.0-255,5738,10477,77,320574
138,7.2e-05,172.31.40.0-255,66,10543,77,320574
139,0.00011,172.217.194.0-255,3514,14057,77,320574
140,0.000113,172.31.40.0-255,66,14123,77,320574
141,0.000242,172.217.194.0-255,1484,15607,77,320574
142,0.000249,172.31.40.0-255,66,15673,77,320574
143,0.000254,172.217.194.0-255,2902,18575,77,320574
144,0.000256,172.31.40.0-255,66,18641,77,320574
145,0.000289,172.217.194.0-255,5738,24379,77,320574
146,0.000293,172.31.40.0-255,66,24445,77,320574
147,0.000311,172.217.194.0-255,4320,28765,77,320574
148,0.000314,172.31.40.0-255,66,28831,77,320574
149,0.000358,172.217.194.0-255,9633,38464,77,320574
150,0.000363,172.31.40.0-255,66,38530,77,320574
151,0.000386,172.31.40.0-255,66,38596,77,320574
152,0.000396,172.217.194.0-255,10988,49584,77,320574
153,0.000399,172.31.40.0-255,66,49650,77,320574
154,0.000401,172.217.194.0-255,382,50032,77,320574
155,0.000403,172.31.40.0-255,66,50098,77,320574
156,0.000765,172.217.194.0-255,1484,51582,77,320574
157,0.000771,172.31.40.0-255,66,51648,77,320574
158,0.000776,172.217.194.0-255,2902,54550,77,320574
159,0.000778,172.31.40.0-255,66,54616,77,320574
160,0.000801,172.217.194.0-255,4320,58936,77,320574
161,0.000803,172.31.40.0-255,66,59002,77,320574
162,0.000827,172.217.194.0-255,1484,60486,77,320574
163,0.000834,172.217.194.0-255,4320,64806,77,320574
164,0.000841,172.31.40.0-255,66,64872,77,320574
165,0.000849,172.217.194.0-255,11410,76282,77,320574
166,0.000852,172.31.40.0-255,66,76348,77,320574
167,0.000859,172.217.194.0-255,7856,84204,77,320574
168,0.00086,172.31.40.0-255,66,84270,77,320574
169,0.001158,172.217.194.0-255,1484,85754,77,320574
170,0.001181,172.217.194.0-255,2902,88656,77,320574
171,0.001186,172.31.40.0-255,66,88722,77,320574
172,0.001194,172.217.194.0-255,5738,94460,77,320574
173,0.001196,172.31.40.0-255,66,94526,77,320574
174,0.001213,172.217.194.0-255,12828,107354,77,320574
175,0.001216,172.31.40.0-255,66,107420,77,320574
176,0.001253,172.217.194.0-255,5738,113158,77,320574
177,0.001256,172.31.40.0-255,66,113224,77,320574
178,0.001292,172.217.194.0-255,5020,118244,77,320574
179,0.001295,172.31.40.0-255,66,118310,77,320574
180,0.00141,172.217.194.0-255,1484,119794,77,320574
181,0.001416,172.217.194.0-255,2902,122696,77,320574
182,0.00142,172.31.40.0-255,66,122762,77,320574
183,0.001423,172.217.194.0-255,1484,124246,77,320574
184,0.001455,172.217.194.0-255,4320,128566,77,320574
185,0.001458,172.31.40.0-255,66,128632,77,320574
186,0.001465,172.217.194.0-255,5738,134370,77,320574
187,0.001467,172.31.40.0-255,66,134436,77,320574
188,0.001505,172.217.194.0-255,7156,141592,77,320574
189,0.001508,172.31.40.0-255,66,141658,77,320574
190,0.001518,172.217.194.0-255,10692,152350,77,320574
191,0.00152,172.31.40.0-255,66,152416,77,320574
192,0.001697,172.217.194.0-255,1484,153900,77,320574
193,0.001704,172.217.194.0-255,2902,156802,77,320574
194,0.001707,172.31.40.0-255,66,156868,77,320574
195,0.00171,172.217.194.0-255,1484,158352,77,320574
196,0.001739,172.217.194.0-255,4320,162672,77,320574
197,0.001742,172.31.40.0-255,66,162738,77,320574
198,0.001751,172.217.194.0-255,8574,171312,77,320574
199,0.001753,172.31.40.0-255,66,171378,77,320574
200,0.001785,172.217.194.0-255,4320,175698,77,320574
201,0.001788,172.31.40.0-255,66,175764,77,320574
202,0.001796,172.217.194.0-255,8574,184338,77,320574
203,0.001799,172.31.40.0-255,66,184404,77,320574
204,0.001814,172.217.194.0-255,2184,186588,77,320574
205,0.001824,172.31.40.0-255,66,186654,77,320574
206,0.001827,172.217.194.0-255,1484,188138,77,320574
207,0.001857,172.217.194.0-255,2902,191040,77,320574
208,0.00186,172.31.40.0-255,66,191106,77,320574
209,0.001867,172.217.194.0-255,5738,196844,77,320574
210,0.001869,172.31.40.0-255,66,196910,77,320574
211,0.001879,172.217.194.0-255,9992,206902,77,320574
212,0.001881,172.31.40.0-255,66,206968,77,320574
213,0.001927,172.217.194.0-255,2902,209870,77,320574
214,0.001931,172.31.40.0-255,66,209936,77,320574
215,0.001939,172.217.194.0-255,7156,217092,77,320574
216,0.001941,172.31.40.0-255,66,217158,77,320574
217,0.001967,172.217.194.0-255,3602,220760,77,320574
218,0.00197,172.31.40.0-255,66,220826,77,320574
219,0.002107,172.217.194.0-255,1484,222310,77,320574
220,0.002113,172.217.194.0-255,2902,225212,77,320574
221,0.002117,172.31.40.0-255,66,225278,77,320574
222,0.002141,172.217.194.0-255,5738,231016,77,320574
223,0.002145,172.31.40.0-255,66,231082,77,320574
224,0.002149,172.217.194.0-255,2902,233984,77,320574
225,0.002151,172.31.40.0-255,66,234050,77,320574
226,0.002194,172.217.194.0-255,9992,244042,77,320574
227,0.002198,172.31.40.0-255,66,244108,77,320574
228,0.002221,172.217.194.0-255,10692,254800,77,320574
229,0.002224,172.31.40.0-255,66,254866,77,320574
230,0.002254,172.217.194.0-255,1484,256350,77,320574
231,0.002259,172.217.194.0-255,2902,259252,77,320574
232,0.002262,172.31.40.0-255,66,259318,77,320574
233,0.002265,172.217.194.0-255,1484,260802,77,320574
234,0.002295,172.217.194.0-255,4320,265122,77,320574
235,0.002298,172.31.40.0-255,66,265188,77,320574
236,0.002305,172.217.194.0-255,7156,272344,77,320574
237,0.002307,172.31.40.0-255,66,272410,77,320574
238,0.002314,172.217.194.0-255,7156,279566,77,320574
239,0.002322,172.31.40.0-255,66,279632,77,320574
240,0.002361,172.217.194.0-255,7156,286788,77,320574
241,0.002365,172.31.40.0-255,66,286854,77,320574
242,0.00238,172.31.40.0-255,66,286920,77,320574
243,0.002403,172.31.40.0-255,66,286986,77,320574
244,0.00241,172.217.194.0-255,6438,293424,77,320574
245,0.002413,172.31.40.0-255,66,293490,77,320574
246,0.002507,172.31.40.0-255,66,293556,77,320574
247,0.002516,172.217.194.0-255,9274,302830,77,320574
248,0.002519,172.31.40.0-255,66,302896,77,320574
249,0.002535,172.217.194.0-255,12828,315724,77,320574
250,0.002538,172.31.40.0-255,66,315790,77,320574
251,0.0026,172.31.40.0-255,66,315856,77,320574
252,0.002603,172.217.194.0-255,97,315953,77,320574
253,0.002606,172.217.194.0-255,105,316058,77,320574
254,0.003653,172.31.40.0-255,66,316124,77,320574
255,0.003679,172.31.40.0-255,105,316229,77,320574
256,0.006357,172.217.194.0-255,66,316295,77,320574
257,0.029192,172.31.40.0-255,172,316467,77,320574
258,0.029234,172.31.40.0-255,1120,317587,77,320574
259,0.029304,172.31.40.0-255,1514,319101,77,320574
260,0.029306,172.31.40.0-255,1275,320376,77,320574
261,0.030886,104.244.42.0-255,66,320442,77,320574
262,0.031089,104.244.42.0-255,66,320508,77,320574
263,0.031117,104.244.42.0-255,66,320574,77,320574
264,0.0,216.58.221.0-255,156,156,77,373103
265,2.7e-05,172.31.40.0-255,66,222,77,373103
266,3.5e-05,216.58.221.0-255,1484,1706,77,373103
267,4e-05,172.31.40.0-255,66,1772,77,373103
268,4.4e-05,216.58.221.0-255,2902,4674,77,373103
269,4.7e-05,172.31.40.0-255,66,4740,77,373103
270,5.9e-05,216.58.221.0-255,4320,9060,77,373103
271,6.2e-05,172.31.40.0-255,66,9126,77,373103
272,9.1e-05,216.58.221.0-255,4891,14017,77,373103
273,9.5e-05,172.31.40.0-255,66,14083,77,373103
274,0.000188,216.58.221.0-255,1484,15567,77,373103
275,0.000192,172.31.40.0-255,66,15633,77,373103
276,0.000198,216.58.221.0-255,2902,18535,77,373103
277,0.000201,172.31.40.0-255,66,18601,77,373103
278,0.000215,216.58.221.0-255,5738,24339,77,373103
279,0.00022,172.31.40.0-255,66,24405,77,373103
280,0.000279,216.58.221.0-255,6797,31202,77,373103
281,0.000283,172.31.40.0-255,66,31268,77,373103
282,0.000406,216.58.221.0-255,1484,32752,77,373103
283,0.00041,172.31.40.0-255,66,32818,77,373103
284,0.000416,216.58.221.0-255,2902,35720,77,373103
285,0.000419,172.31.40.0-255,66,35786,77,373103
286,0.000424,216.58.221.0-255,4320,40106,77,373103
287,0.000434,172.31.40.0-255,66,40172,77,373103
288,0.000462,216.58.221.0-255,1484,41656,77,373103
289,0.000464,172.31.40.0-255,66,41722,77,373103
290,0.000478,216.58.221.0-255,6797,48519,77,373103
291,0.000484,172.31.40.0-255,66,48585,77,373103
292,0.000485,216.58.221.0-255,7156,55741,77,373103
293,0.000487,172.31.40.0-255,66,55807,77,373103
294,0.00049,216.58.221.0-255,1484,57291,77,373103
295,0.000493,172.31.40.0-255,66,57357,77,373103
296,0.000533,216.58.221.0-255,8215,65572,77,373103
297,0.000536,172.31.40.0-255,66,65638,77,373103
298,0.000539,216.58.221.0-255,393,66031,77,373103
299,0.000821,172.31.40.0-255,66,66097,77,373103
300,0.001838,216.58.221.0-255,117,66214,77,373103
301,0.001886,216.58.221.0-255,1484,67698,77,373103
302,0.00189,172.31.40.0-255,66,67764,77,373103
303,0.001901,216.58.221.0-255,1484,69248,77,373103
304,0.001915,216.58.221.0-255,2902,72150,77,373103
305,0.001918,172.31.40.0-255,66,72216,77,373103
306,0.001944,216.58.221.0-255,5738,77954,77,373103
307,0.001946,172.31.40.0-255,66,78020,77,373103
308,0.001971,216.58.221.0-255,5738,83758,77,373103
309,0.001973,172.31.40.0-255,66,83824,77,373103
310,0.002002,216.58.221.0-255,7156,90980,77,373103
311,0.002004,172.31.40.0-255,66,91046,77,373103
312,0.002006,216.58.221.0-255,1484,92530,77,373103
313,0.002035,216.58.221.0-255,7856,100386,77,373103
314,0.002037,172.31.40.0-255,66,100452,77,373103
315,0.004042,216.58.221.0-255,4320,104772,77,373103
316,0.004045,172.31.40.0-255,66,104838,77,373103
317,0.004068,216.58.221.0-255,1484,106322,77,373103
318,0.006052,216.58.221.0-255,4320,110642,77,373103
319,0.006059,172.31.40.0-255,66,110708,77,373103
320,0.008068,216.58.221.0-255,5738,116446,77,373103
321,0.008076,172.31.40.0-255,66,116512,77,373103
322,0.010091,216.58.221.0-255,5738,122250,77,373103
323,0.0101,172.31.40.0-255,66,122316,77,373103
324,0.012105,216.58.221.0-255,5738,128054,77,373103
325,0.012113,172.31.40.0-255,66,128120,77,373103
326,0.014123,216.58.221.0-255,5738,133858,77,373103
327,0.014131,172.31.40.0-255,66,133924,77,373103
328,0.016148,216.58.221.0-255,5738,139662,77,373103
329,0.016157,172.31.40.0-255,66,139728,77,373103
330,0.018178,216.58.221.0-255,5738,145466,77,373103
331,0.018188,172.31.40.0-255,66,145532,77,373103
332,0.020199,216.58.221.0-255,5738,151270,77,373103
333,0.020212,172.31.40.0-255,66,151336,77,373103
334,0.020714,172.31.40.0-255,172,151508,77,373103
335,0.020742,172.31.40.0-255,1116,152624,77,373103
336,0.020792,172.31.40.0-255,1514,154138,77,373103
337,0.020793,172.31.40.0-255,1281,155419,77,373103
338,0.022216,216.58.221.0-255,4320,159739,77,373103
339,0.022221,172.31.40.0-255,66,159805,77,373103
340,0.022247,216.58.221.0-255,1484,161289,77,373103
341,0.02236,104.244.42.0-255,66,161355,77,373103
342,0.022411,104.244.42.0-255,66,161421,77,373103
343,0.022454,104.244.42.0-255,66,161487,77,373103
344,0.024225,216.58.221.0-255,4320,165807,77,373103
345,0.024229,172.31.40.0-255,66,165873,77,373103
346,0.026239,216.58.221.0-255,5738,171611,77,373103
347,0.026244,172.31.40.0-255,66,171677,77,373103
348,0.02825,216.58.221.0-255,5738,177415,77,373103
349,0.028256,172.31.40.0-255,66,177481,77,373103
350,0.030259,216.58.221.0-255,5738,183219,77,373103
351,0.030264,172.31.40.0-255,66,183285,77,373103
352,0.032271,216.58.221.0-255,5738,189023,77,373103
353,0.032277,172.31.40.0-255,66,189089,77,373103
354,0.034293,216.58.221.0-255,5738,194827,77,373103
355,0.034297,172.31.40.0-255,66,194893,77,373103
356,0.036334,216.58.221.0-255,5738,200631,77,373103
357,0.036341,172.31.40.0-255,66,200697,77,373103
358,0.038382,216.58.221.0-255,5738,206435,77,373103
359,0.038388,172.31.40.0-255,66,206501,77,373103
360,0.040391,216.58.221.0-255,1484,207985,77,373103
361,0.04042,216.58.221.0-255,4320,212305,77,373103
362,0.040425,172.31.40.0-255,66,212371,77,373103
363,0.042443,216.58.221.0-255,5738,218109,77,373103
364,0.042448,172.31.40.0-255,66,218175,77,373103
365,0.044448,216.58.221.0-255,4320,222495,77,373103
366,0.044454,172.31.40.0-255,66,222561,77,373103
367,0.044486,216.58.221.0-255,1484,224045,77,373103
368,0.046452,216.58.221.0-255,4320,228365,77,373103
369,0.046458,172.31.40.0-255,66,228431,77,373103
370,0.048452,216.58.221.0-255,5738,234169,77,373103
371,0.048458,172.31.40.0-255,66,234235,77,373103
372,0.05047,216.58.221.0-255,5738,239973,77,373103
373,0.050476,172.31.40.0-255,66,240039,77,373103
374,0.052487,216.58.221.0-255,5738,245777,77,373103
375,0.052493,172.31.40.0-255,66,245843,77,373103
376,0.054506,216.58.221.0-255,5738,251581,77,373103
377,0.054513,172.31.40.0-255,66,251647,77,373103
378,0.056529,216.58.221.0-255,5738,257385,77,373103
379,0.056536,172.31.40.0-255,66,257451,77,373103
380,0.05855,216.58.221.0-255,5738,263189,77,373103
381,0.058555,172.31.40.0-255,66,263255,77,373103
382,0.060561,216.58.221.0-255,5738,268993,77,373103
383,0.060566,172.31.40.0-255,66,269059,77,373103
384,0.062574,216.58.221.0-255,5738,274797,77,373103
385,0.062579,172.31.40.0-255,66,274863,77,373103
386,0.064587,216.58.221.0-255,4320,279183,77,373103
387,0.064591,172.31.40.0-255,66,279249,77,373103
388,0.064624,216.58.221.0-255,1484,280733,77,373103
389,0.066594,216.58.221.0-255,4320,285053,77,373103
390,0.066599,172.31.40.0-255,66,285119,77,373103
391,0.06868,216.58.221.0-255,5738,290857,77,373103
392,0.068686,172.31.40.0-255,66,290923,77,373103
393,0.070696,216.58.221.0-255,5738,296661,77,373103
394,0.070701,172.31.40.0-255,66,296727,77,373103
395,0.072705,216.58.221.0-255,5738,302465,77,373103
396,0.07271,172.31.40.0-255,66,302531,77,373103
397,0.074713,216.58.221.0-255,5738,308269,77,373103
398,0.074719,172.31.40.0-255,66,308335,77,373103
399,0.076731,216.58.221.0-255,4320,312655,77,373103
400,0.076736,172.31.40.0-255,66,312721,77,373103
401,0.076764,216.58.221.0-255,1484,314205,77,373103
402,0.078739,216.58.221.0-255,4320,318525,77,373103
403,0.078744,172.31.40.0-255,66,318591,77,373103
404,0.080748,216.58.221.0-255,4320,322911,77,373103
405,0.080753,172.31.40.0-255,66,322977,77,373103
406,0.080782,216.58.221.0-255,1484,324461,77,373103
407,0.08276,216.58.221.0-255,4320,328781,77,373103
408,0.082766,172.31.40.0-255,66,328847,77,373103
409,0.084769,216.58.221.0-255,5738,334585,77,373103
410,0.084775,172.31.40.0-255,66,334651,77,373103
411,0.086783,216.58.221.0-255,5738,340389,77,373103
412,0.086789,172.31.40.0-255,66,340455,77,373103
413,0.088795,216.58.221.0-255,4320,344775,77,373103
414,0.0888,172.31.40.0-255,66,344841,77,373103
415,0.088836,216.58.221.0-255,1484,346325,77,373103
416,0.090803,216.58.221.0-255,2902,349227,77,373103
417,0.090808,172.31.40.0-255,66,349293,77,373103
418,0.090842,216.58.221.0-255,1484,350777,77,373103
419,0.092812,216.58.221.0-255,1484,352261,77,373103
420,0.092817,172.31.40.0-255,66,352327,77,373103
421,0.092852,216.58.221.0-255,2902,355229,77,373103
422,0.092856,172.31.40.0-255,66,355295,77,373103
423,0.094841,216.58.221.0-255,2902,358197,77,373103
424,0.094847,172.31.40.0-255,66,358263,77,373103
425,0.094869,216.58.221.0-255,2902,361165,77,373103
426,0.094873,172.31.40.0-255,66,361231,77,373103
427,0.096852,216.58.221.0-255,2902,364133,77,373103
428,0.096857,172.31.40.0-255,66,364199,77,373103
429,0.096892,216.58.221.0-255,2902,367101,77,373103
430,0.096895,172.31.40.0-255,66,367167,77,373103
431,0.098867,216.58.221.0-255,2902,370069,77,373103
432,0.098872,172.31.40.0-255,66,370135,77,373103
433,0.098911,216.58.221.0-255,2902,373037,77,373103
434,0.098914,172.31.40.0-255,66,373103,77,373103
435,0.0,172.31.40.0-255,105,105,77,210
436,0.072348,31.13.82.0-255,105,210,77,210
437,0.0,74.125.200.0-255,153,153,77,410108
438,1.8e-05,172.31.40.0-255,66,219,77,410108
439,2.4e-05,74.125.200.0-255,1484,1703,77,410108
440,2.8e-05,172.31.40.0-255,66,1769,77,410108
441,3.4e-05,74.125.200.0-255,2902,4671,77,410108
442,4.3e-05,172.31.40.0-255,66,4737,77,410108
443,7.2e-05,74.125.200.0-255,5738,10475,77,410108
444,7.8e-05,172.31.40.0-255,66,10541,77,410108
445,0.00013,74.125.200.0-255,6295,16836,77,410108
446,0.000133,172.31.40.0-255,66,16902,77,410108
447,0.000136,74.125.200.0-255,2902,19804,77,410108
448,0.000138,172.31.40.0-255,66,19870,77,410108
449,0.000143,74.125.200.0-255,4320,24190,77,410108
450,0.000145,172.31.40.0-255,66,24256,77,410108
451,0.000153,74.125.200.0-255,4320,28576,77,410108
452,0.000156,172.31.40.0-255,66,28642,77,410108
453,0.000184,74.125.200.0-255,2543,31185,77,410108
454,0.000186,172.31.40.0-255,66,31251,77,410108
455,0.000236,74.125.200.0-255,1484,32735,77,410108
456,0.000238,172.31.40.0-255,66,32801,77,410108
457,0.000261,74.125.200.0-255,2902,35703,77,410108
458,0.000263,172.31.40.0-255,66,35769,77,410108
459,0.000283,74.125.200.0-255,4320,40089,77,410108
460,0.000285,172.31.40.0-255,66,40155,77,410108
461,0.000305,74.125.200.0-255,2902,43057,77,410108
462,0.000307,172.31.40.0-255,66,43123,77,410108
463,0.000342,74.125.200.0-255,5379,48502,77,410108
464,0.000345,172.31.40.0-255,66,48568,77,410108
465,0.000359,74.125.200.0-255,1484,50052,77,410108
466,0.000361,172.31.40.0-255,66,50118,77,410108
467,0.000375,74.125.200.0-255,2902,53020,77,410108
468,0.000381,172.31.40.0-255,66,53086,77,410108
469,0.000392,74.125.200.0-255,2902,55988,77,410108
470,0.000394,172.31.40.0-255,66,56054,77,410108
471,0.000419,74.125.200.0-255,2902,58956,77,410108
472,0.000421,172.31.40.0-255,66,59022,77,410108
473,0.000425,74.125.200.0-255,4320,63342,77,410108
474,0.000427,172.31.40.0-255,66,63408,77,410108
475,0.000448,74.125.200.0-255,1484,64892,77,410108
476,0.00045,172.31.40.0-255,66,64958,77,410108
477,0.00046,74.125.200.0-255,1467,66425,77,410108
478,0.000466,172.31.40.0-255,66,66491,77,410108
479,0.000858,74.125.200.0-255,334,66825,77,410108
480,0.000978,172.31.40.0-255,66,66891,77,410108
481,0.001108,74.125.200.0-255,1484,68375,77,410108
482,0.001117,74.125.200.0-255,2902,71277,77,410108
483,0.001121,172.31.40.0-255,66,71343,77,410108
484,0.001127,74.125.200.0-255,2902,74245,77,410108
485,0.001129,172.31.40.0-255,66,74311,77,410108
486,0.001151,74.125.200.0-255,4320,78631,77,410108
487,0.001157,172.31.40.0-255,66,78697,77,410108
488,0.001196,74.125.200.0-255,9633,88330,77,410108
489,0.0012,172.31.40.0-255,66,88396,77,410108
490,0.001205,74.125.200.0-255,4320,92716,77,410108
491,0.001207,172.31.40.0-255,66,92782,77,410108
492,0.001245,74.125.200.0-255,5738,98520,77,410108
493,0.001248,172.31.40.0-255,66,98586,77,410108
494,0.001274,74.125.200.0-255,2543,101129,77,410108
495,0.001277,172.31.40.0-255,66,101195,77,410108
496,0.002047,74.125.200.0-255,1484,102679,77,410108
497,0.002057,74.125.200.0-255,2902,105581,77,410108
498,0.002061,172.31.40.0-255,66,105647,77,410108
499,0.002086,74.125.200.0-255,5738,111385,77,410108
500,0.002088,172.31.40.0-255,66,111451,77,410108
501,0.002119,74.125.200.0-255,4320,115771,77,410108
502,0.002121,172.31.40.0-255,66,115837,77,410108
503,0.002148,74.125.200.0-255,4320,120157,77,410108
504,0.00215,172.31.40.0-255,66,120223,77,410108
505,0.00216,74.125.200.0-255,9992,130215,77,410108
506,0.002162,172.31.40.0-255,66,130281,77,410108
507,0.002169,74.125.200.0-255,5020,135301,77,410108
508,0.002192,74.125.200.0-255,1484,136785,77,410108
509,0.002197,74.125.200.0-255,2902,139687,77,410108
510,0.002218,74.125.200.0-255,4320,144007,77,410108
511,0.00223,74.125.200.0-255,1484,145491,77,410108
512,0.002235,74.125.200.0-255,2902,148393,77,410108
513,0.002265,74.125.200.0-255,4320,152713,77,410108
514,0.002291,74.125.200.0-255,5738,158451,77,410108
515,0.002294,74.125.200.0-255,1484,159935,77,410108
516,0.002333,74.125.200.0-255,2902,162837,77,410108
517,0.002339,74.125.200.0-255,5738,168575,77,410108
518,0.002341,74.125.200.0-255,766,169341,77,410108
519,0.002387,74.125.200.0-255,1484,170825,77,410108
520,0.002401,74.125.200.0-255,2902,173727,77,410108
521,0.002428,74.125.200.0-255,5738,179465,77,410108
522,0.002431,74.125.200.0-255,1484,180949,77,410108
523,0.002434,74.125.200.0-255,1484,182433,77,410108
524,0.002446,74.125.200.0-255,1484,183917,77,410108
525,0.002451,74.125.200.0-255,4320,188237,77,410108
526,0.002467,74.125.200.0-255,1484,189721,77,410108
527,0.002489,74.125.200.0-255,2902,192623,77,410108
528,0.002509,74.125.200.0-255,8574,201197,77,410108
529,0.002553,74.125.200.0-255,2184,203381,77,410108
530,0.002634,74.125.200.0-255,1484,204865,77,410108
531,0.002656,74.125.200.0-255,2902,207767,77,410108
532,0.004286,172.31.40.0-255,66,207833,77,410108
533,0.006938,74.125.200.0-255,5738,213571,77,410108
534,0.006944,172.31.40.0-255,66,213637,77,410108
535,0.009595,74.125.200.0-255,4320,217957,77,410108
536,0.009604,172.31.40.0-255,66,218023,77,410108
537,0.009634,74.125.200.0-255,1484,219507,77,410108
538,0.012243,74.125.200.0-255,4320,223827,77,410108
539,0.012252,172.31.40.0-255,66,223893,77,410108
540,0.014893,74.125.200.0-255,5738,229631,77,410108
541,0.014903,172.31.40.0-255,66,229697,77,410108
542,0.01754,74.125.200.0-255,4320,234017,77,410108
543,0.017551,172.31.40.0-255,66,234083,77,410108
544,0.017584,74.125.200.0-255,1484,235567,77,410108
545,0.020211,74.125.200.0-255,4320,239887,77,410108
546,0.02022,172.31.40.0-255,66,239953,77,410108
547,0.022875,74.125.200.0-255,5738,245691,77,410108
548,0.022884,172.31.40.0-255,66,245757,77,410108
549,0.025522,74.125.200.0-255,2902,248659,77,410108
550,0.02553,172.31.40.0-255,66,248725,77,410108
551,0.025561,74.125.200.0-255,2902,251627,77,410108
552,0.025565,172.31.40.0-255,66,251693,77,410108
553,0.02727,172.31.40.0-255,172,251865,77,410108
554,0.027298,172.31.40.0-255,1120,252985,77,410108
555,0.02736,172.31.40.0-255,1514,254499,77,410108
556,0.027362,172.31.40.0-255,1275,255774,77,410108
557,0.028179,74.125.200.0-255,2902,258676,77,410108
558,0.028186,172.31.40.0-255,66,258742,77,410108
559,0.028216,74.125.200.0-255,2902,261644,77,410108
560,0.02822,172.31.40.0-255,66,261710,77,410108
561,0.028942,104.244.42.0-255,66,261776,77,410108
562,0.029133,104.244.42.0-255,66,261842,77,410108
563,0.02918,104.244.42.0-255,66,261908,77,410108
564,0.030854,74.125.200.0-255,5738,267646,77,410108
565,0.03086,172.31.40.0-255,66,267712,77,410108
566,0.033535,74.125.200.0-255,5738,273450,77,410108
567,0.033542,172.31.40.0-255,66,273516,77,410108
568,0.036258,74.125.200.0-255,5738,279254,77,410108
569,0.036265,172.31.40.0-255,66,279320,77,410108
570,0.038924,74.125.200.0-255,5738,285058,77,410108
571,0.038931,172.31.40.0-255,66,285124,77,410108
572,0.041576,74.125.200.0-255,5738,290862,77,410108
573,0.041582,172.31.40.0-255,66,290928,77,410108
574,0.044237,74.125.200.0-255,5738,296666,77,410108
575,0.044244,172.31.40.0-255,66,296732,77,410108
576,0.046899,74.125.200.0-255,5738,302470,77,410108
577,0.046906,172.31.40.0-255,66,302536,77,410108
578,0.049564,74.125.200.0-255,5738,308274,77,410108
579,0.049571,172.31.40.0-255,66,308340,77,410108
580,0.052209,74.125.200.0-255,4320,312660,77,410108
581,0.052216,172.31.40.0-255,66,312726,77,410108
582,0.052245,74.125.200.0-255,1484,314210,77,410108
583,0.054866,74.125.200.0-255,4320,318530,77,410108
584,0.054872,172.31.40.0-255,66,318596,77,410108
585,0.057524,74.125.200.0-255,5738,324334,77,410108
586,0.057531,172.31.40.0-255,66,324400,77,410108
587,0.060181,74.125.200.0-255,5738,330138,77,410108
588,0.060188,172.31.40.0-255,66,330204,77,410108
589,0.062861,74.125.200.0-255,5738,335942,77,410108
590,0.062868,172.31.40.0-255,66,336008,77,410108
591,0.065545,74.125.200.0-255,5738,341746,77,410108
592,0.065552,172.31.40.0-255,66,341812,77,410108
593,0.068191,74.125.200.0-255,5738,347550,77,410108
594,0.068198,172.31.40.0-255,66,347616,77,410108
595,0.07084,74.125.200.0-255,5738,353354,77,410108
596,0.070847,172.31.40.0-255,66,353420,77,410108
597,0.073499,74.125.200.0-255,5738,359158,77,410108
598,0.073506,172.31.40.0-255,66,359224,77,410108
599,0.07616,74.125.200.0-255,5738,364962,77,410108
600,0.076166,172.31.40.0-255,66,365028,77,410108
601,0.078871,74.125.200.0-255,5738,370766,77,410108
602,0.078877,172.31.40.0-255,66,370832,77,410108
603,0.081526,74.125.200.0-255,5738,376570,77,410108
604,0.081532,172.31.40.0-255,66,376636,77,410108
605,0.084183,74.125.200.0-255,5738,382374,77,410108
606,0.084189,172.31.40.0-255,66,382440,77,410108
607,0.086829,74.125.200.0-255,4320,386760,77,410108
608,0.086836,172.31.40.0-255,66,386826,77,410108
609,0.086863,74.125.200.0-255,1484,388310,77,410108
610,0.089543,74.125.200.0-255,4320,392630,77,410108
611,0.08955,172.31.40.0-255,66,392696,77,410108
612,0.092199,74.125.200.0-255,5738,398434,77,410108
613,0.092206,172.31.40.0-255,66,398500,77,410108
614,0.094851,74.125.200.0-255,5738,404238,77,410108
615,0.094858,172.31.40.0-255,66,404304,77,410108
616,0.097532,74.125.200.0-255,5738,410042,77,410108
617,0.097539,172.31.40.0-255,66,410108,77,410108
618,0.0,74.125.200.0-255,153,153,77,404821
619,1.9e-05,172.31.40.0-255,66,219,77,404821
620,2.6e-05,74.125.200.0-255,1484,1703,77,404821
621,3e-05,172.31.40.0-255,66,1769,77,404821
622,4.5e-05,74.125.200.0-255,2902,4671,77,404821
623,4.8e-05,172.31.40.0-255,66,4737,77,404821
624,5.1e-05,74.125.200.0-255,1484,6221,77,404821
625,5.4e-05,172.31.40.0-255,66,6287,77,404821
626,5.9e-05,74.125.200.0-255,2902,9189,77,404821
627,6.2e-05,172.31.40.0-255,66,9255,77,404821
628,0.000109,74.125.200.0-255,6353,15608,77,404821
629,0.000113,172.31.40.0-255,66,15674,77,404821
630,0.000116,74.125.200.0-255,1484,17158,77,404821
631,0.000118,172.31.40.0-255,66,17224,77,404821
632,0.000123,74.125.200.0-255,2902,20126,77,404821
633,0.000125,172.31.40.0-255,66,20192,77,404821
634,0.000151,74.125.200.0-255,5738,25930,77,404821
635,0.000153,172.31.40.0-255,66,25996,77,404821
636,0.00018,74.125.200.0-255,1484,27480,77,404821
637,0.000183,172.31.40.0-255,66,27546,77,404821
638,0.000187,74.125.200.0-255,2902,30448,77,404821
639,0.00019,172.31.40.0-255,66,30514,77,404821
640,0.000192,74.125.200.0-255,1125,31639,77,404821
641,0.000194,172.31.40.0-255,66,31705,77,404821
642,0.000338,74.125.200.0-255,1484,33189,77,404821
643,0.000343,172.31.40.0-255,66,33255,77,404821
644,0.000347,74.125.200.0-255,1484,34739,77,404821
645,0.000349,172.31.40.0-255,66,34805,77,404821
646,0.00037,74.125.200.0-255,2902,37707,77,404821
647,0.000373,172.31.40.0-255,66,37773,77,404821
648,0.000422,74.125.200.0-255,5738,43511,77,404821
649,0.000426,172.31.40.0-255,66,43577,77,404821
650,0.000429,74.125.200.0-255,1484,45061,77,404821
651,0.000434,74.125.200.0-255,2902,47963,77,404821
652,0.000436,172.31.40.0-255,66,48029,77,404821
653,0.00047,74.125.200.0-255,5379,53408,77,404821
654,0.000473,172.31.40.0-255,66,53474,77,404821
655,0.000496,74.125.200.0-255,5738,59212,77,404821
656,0.000498,172.31.40.0-255,66,59278,77,404821
657,0.000513,74.125.200.0-255,4320,63598,77,404821
658,0.000518,172.31.40.0-255,66,63664,77,404821
659,0.000542,74.125.200.0-255,1484,65148,77,404821
660,0.000554,74.125.200.0-255,1403,66551,77,404821
661,0.000557,172.31.40.0-255,66,66617,77,404821
662,0.000578,74.125.200.0-255,130,66747,77,404821
663,0.000657,74.125.200.0-255,1484,68231,77,404821
664,0.000663,172.31.40.0-255,66,68297,77,404821
665,0.000668,74.125.200.0-255,2902,71199,77,404821
666,0.000671,172.31.40.0-255,66,71265,77,404821
667,0.000689,74.125.200.0-255,2902,74167,77,404821
668,0.000692,172.31.40.0-255,66,74233,77,404821
669,0.000723,74.125.200.0-255,2902,77135,77,404821
670,0.000726,172.31.40.0-255,66,77201,77,404821
671,0.00073,74.125.200.0-255,2902,80103,77,404821
672,0.000732,172.31.40.0-255,66,80169,77,404821
673,0.000743,74.125.200.0-255,4320,84489,77,404821
674,0.000747,172.31.40.0-255,66,84555,77,404821
675,0.000749,74.125.200.0-255,1484,86039,77,404821
676,0.000761,74.125.200.0-255,2902,88941,77,404821
677,0.000763,172.31.40.0-255,66,89007,77,404821
678,0.000788,74.125.200.0-255,4320,93327,77,404821
679,0.00079,172.31.40.0-255,66,93393,77,404821
680,0.000823,74.125.200.0-255,8134,101527,77,404821
681,0.000826,172.31.40.0-255,66,101593,77,404821
682,0.000862,74.125.200.0-255,1484,103077,77,404821
683,0.000867,74.125.200.0-255,1484,104561,77,404821
684,0.000869,172.31.40.0-255,66,104627,77,404821
685,0.000885,74.125.200.0-255,1484,106111,77,404821
686,0.000899,74.125.200.0-255,4320,110431,77,404821
687,0.000902,172.31.40.0-255,66,110497,77,404821
688,0.000927,74.125.200.0-255,1484,111981,77,404821
689,0.000935,74.125.200.0-255,7156,119137,77,404821
690,0.000938,172.31.40.0-255,66,119203,77,404821
691,0.000946,74.125.200.0-255,8574,127777,77,404821
692,0.000953,172.31.40.0-255,66,127843,77,404821
693,0.000985,74.125.200.0-255,7856,135699,77,404821
694,0.000988,172.31.40.0-255,66,135765,77,404821
695,0.001171,172.31.40.0-255,101,135866,77,404821
696,0.001283,74.125.200.0-255,1484,137350,77,404821
697,0.001297,74.125.200.0-255,2902,140252,77,404821
698,0.0013,172.31.40.0-255,66,140318,77,404821
699,0.00133,74.125.200.0-255,5738,146056,77,404821
700,0.001333,172.31.40.0-255,66,146122,77,404821
701,0.00134,74.125.200.0-255,5738,151860,77,404821
702,0.001342,172.31.40.0-255,66,151926,77,404821
703,0.001372,74.125.200.0-255,1484,153410,77,404821
704,0.001389,74.125.200.0-255,2902,156312,77,404821
705,0.001392,172.31.40.0-255,66,156378,77,404821
706,0.001422,74.125.200.0-255,11410,167788,77,404821
707,0.001426,172.31.40.0-255,66,167854,77,404821
708,0.001431,74.125.200.0-255,2184,170038,77,404821
709,0.001433,172.31.40.0-255,66,170104,77,404821
710,0.001447,74.125.200.0-255,2902,173006,77,404821
711,0.001449,172.31.40.0-255,66,173072,77,404821
712,0.001479,74.125.200.0-255,7156,180228,77,404821
713,0.001484,74.125.200.0-255,4320,184548,77,404821
714,0.00149,172.31.40.0-255,66,184614,77,404821
715,0.001504,172.31.40.0-255,66,184680,77,404821
716,0.001508,74.125.200.0-255,1484,186164,77,404821
717,0.001545,74.125.200.0-255,11410,197574,77,404821
718,0.001548,172.31.40.0-255,66,197640,77,404821
719,0.001555,74.125.200.0-255,5738,203378,77,404821
720,0.001558,172.31.40.0-255,66,203444,77,404821
721,0.001633,74.125.200.0-255,4320,207764,77,404821
722,0.001638,172.31.40.0-255,66,207830,77,404821
723,0.001641,172.31.40.0-255,66,207896,77,404821
724,0.001673,74.125.200.0-255,11410,219306,77,404821
725,0.001677,172.31.40.0-255,66,219372,77,404821
726,0.001681,74.125.200.0-255,3602,222974,77,404821
727,0.001684,172.31.40.0-255,66,223040,77,404821
728,0.001687,74.125.200.0-255,1484,224524,77,404821
729,0.0017,74.125.200.0-255,1484,226008,77,404821
730,0.001702,172.31.40.0-255,66,226074,77,404821
731,0.001728,74.125.200.0-255,1484,227558,77,404821
732,0.001736,74.125.200.0-255,5738,233296,77,404821
733,0.001738,172.31.40.0-255,66,233362,77,404821
734,0.001771,74.125.200.0-255,7156,240518,77,404821
735,0.001775,172.31.40.0-255,66,240584,77,404821
736,0.001781,74.125.200.0-255,5738,246322,77,404821
737,0.001784,172.31.40.0-255,66,246388,77,404821
738,0.001807,74.125.200.0-255,1484,247872,77,404821
739,0.001816,74.125.200.0-255,8574,256446,77,404821
740,0.00182,172.31.40.0-255,66,256512,77,404821
741,0.001823,74.125.200.0-255,766,257278,77,404821
742,0.003147,74.125.200.0-255,66,257344,77,404821
743,0.003832,74.125.200.0-255,4320,261664,77,404821
744,0.003839,172.31.40.0-255,66,261730,77,404821
745,0.005851,74.125.200.0-255,5738,267468,77,404821
746,0.005858,172.31.40.0-255,66,267534,77,404821
747,0.007879,74.125.200.0-255,5738,273272,77,404821
748,0.007884,172.31.40.0-255,66,273338,77,404821
749,0.009906,74.125.200.0-255,5738,279076,77,404821
750,0.009912,172.31.40.0-255,66,279142,77,404821
751,0.011938,74.125.200.0-255,5738,284880,77,404821
752,0.011945,172.31.40.0-255,66,284946,77,404821
753,0.013974,74.125.200.0-255,5738,290684,77,404821
754,0.013982,172.31.40.0-255,66,290750,77,404821
755,0.015999,74.125.200.0-255,5738,296488,77,404821
756,0.016008,172.31.40.0-255,66,296554,77,404821
757,0.018028,74.125.200.0-255,5738,302292,77,404821
758,0.018037,172.31.40.0-255,66,302358,77,404821
759,0.020057,74.125.200.0-255,5738,308096,77,404821
760,0.020065,172.31.40.0-255,66,308162,77,404821
761,0.022082,74.125.200.0-255,5738,313900,77,404821
762,0.022091,172.31.40.0-255,66,313966,77,404821
763,0.024111,74.125.200.0-255,5738,319704,77,404821
764,0.024118,172.31.40.0-255,66,319770,77,404821
765,0.026144,74.125.200.0-255,5738,325508,77,404821
766,0.026151,172.31.40.0-255,66,325574,77,404821
767,0.028178,74.125.200.0-255,5738,331312,77,404821
768,0.028186,172.31.40.0-255,66,331378,77,404821
769,0.030035,172.31.40.0-255,172,331550,77,404821
770,0.030074,172.31.40.0-255,1118,332668,77,404821
771,0.030149,172.31.40.0-255,1514,334182,77,404821
772,0.03015,172.31.40.0-255,1277,335459,77,404821
773,0.030201,74.125.200.0-255,4320,339779,77,404821
774,0.030206,172.31.40.0-255,66,339845,77,404821
775,0.030229,74.125.200.0-255,1484,341329,77,404821
776,0.031571,104.244.42.0-255,66,341395,77,404821
777,0.031621,104.244.42.0-255,66,341461,77,404821
778,0.031717,104.244.42.0-255,66,341527,77,404821
779,0.032232,74.125.200.0-255,4320,345847,77,404821
780,0.032237,172.31.40.0-255,66,345913,77,404821
781,0.034258,74.125.200.0-255,5738,351651,77,404821
782,0.034264,172.31.40.0-255,66,351717,77,404821
783,0.036295,74.125.200.0-255,5738,357455,77,404821
784,0.036302,172.31.40.0-255,66,357521,77,404821
785,0.038342,74.125.200.0-255,5738,363259,77,404821
786,0.038348,172.31.40.0-255,66,363325,77,404821
787,0.040371,74.125.200.0-255,5738,369063,77,404821
788,0.040394,172.31.40.0-255,66,369129,77,404821
789,0.042422,74.125.200.0-255,5738,374867,77,404821
790,0.042428,172.31.40.0-255,66,374933,77,404821
791,0.044478,74.125.200.0-255,5738,380671,77,404821
792,0.044483,172.31.40.0-255,66,380737,77,404821
793,0.0465,74.125.200.0-255,5738,386475,77,404821
794,0.046506,172.31.40.0-255,66,386541,77,404821
795,0.048522,74.125.200.0-255,5738,392279,77,404821
796,0.048529,172.31.40.0-255,66,392345,77,404821
797,0.050559,74.125.200.0-255,5738,398083,77,404821
798,0.050564,172.31.40.0-255,66,398149,77,404821
799,0.052579,74.125.200.0-255,4320,402469,77,404821
800,0.052586,172.31.40.0-255,66,402535,77,404821
801,0.052612,74.125.200.0-255,1484,404019,77,404821
802,0.054589,74.125.200.0-255,565,404584,77,404821
803,0.054596,172.31.40.0-255,66,404650,77,404821
804,0.054746,172.31.40.0-255,105,404755,77,404821
805,0.062683,74.125.200.0-255,66,404821,77,404821
806,0.0,172.217.194.0-255,152,152,77,313316
807,1.9e-05,172.31.40.0-255,66,218,77,313316
808,2.6e-05,172.217.194.0-255,1484,1702,77,313316
809,3e-05,172.31.40.0-255,66,1768,77,313316
810,3.6e-05,172.217.194.0-255,2902,4670,77,313316
811,4.7e-05,172.31.40.0-255,66,4736,77,313316
812,5.4e-05,172.217.194.0-255,7156,11892,77,313316
813,5.7e-05,172.31.40.0-255,66,11958,77,313316
814,6.1e-05,172.217.194.0-255,2056,14014,77,313316
815,6.5e-05,172.31.40.0-255,66,14080,77,313316
816,7.4e-05,172.217.194.0-255,8574,22654,77,313316
817,7.7e-05,172.31.40.0-255,66,22720,77,313316
818,0.0001,172.217.194.0-255,2902,25622,77,313316
819,0.000102,172.31.40.0-255,66,25688,77,313316
820,0.000107,172.217.194.0-255,2902,28590,77,313316
821,0.000109,172.31.40.0-255,66,28656,77,313316
822,0.000142,172.217.194.0-255,2543,31199,77,313316
823,0.000145,172.31.40.0-255,66,31265,77,313316
824,0.000148,172.217.194.0-255,1484,32749,77,313316
825,0.00015,172.31.40.0-255,66,32815,77,313316
826,0.000155,172.217.194.0-255,1484,34299,77,313316
827,0.000157,172.31.40.0-255,66,34365,77,313316
828,0.000192,172.217.194.0-255,1484,35849,77,313316
829,0.000195,172.31.40.0-255,66,35915,77,313316
830,0.000201,172.217.194.0-255,5738,41653,77,313316
831,0.000203,172.31.40.0-255,66,41719,77,313316
832,0.000218,172.217.194.0-255,12828,54547,77,313316
833,0.00022,172.31.40.0-255,66,54613,77,313316
834,0.000235,172.217.194.0-255,1125,55738,77,313316
835,0.00024,172.31.40.0-255,66,55804,77,313316
836,0.000244,172.217.194.0-255,1484,57288,77,313316
837,0.000245,172.31.40.0-255,66,57354,77,313316
838,0.000251,172.217.194.0-255,4320,61674,77,313316
839,0.00028,172.217.194.0-255,4249,65923,77,313316
840,0.000294,172.217.194.0-255,100,66023,77,313316
841,0.000312,172.217.194.0-255,363,66386,77,313316
842,0.000317,172.31.40.0-255,66,66452,77,313316
843,0.000465,172.217.194.0-255,1484,67936,77,313316
844,0.00047,172.217.194.0-255,2902,70838,77,313316
845,0.000481,172.217.194.0-255,2902,73740,77,313316
846,0.0005,172.217.194.0-255,2902,76642,77,313316
847,0.000504,172.217.194.0-255,4320,80962,77,313316
848,0.00051,172.31.40.0-255,66,81028,77,313316
849,0.00052,172.217.194.0-255,1484,82512,77,313316
850,0.000544,172.217.194.0-255,8574,91086,77,313316
851,0.000557,172.31.40.0-255,66,91152,77,313316
852,0.000562,172.217.194.0-255,4320,95472,77,313316
853,0.000567,172.217.194.0-255,5020,100492,77,313316
854,0.000581,172.31.40.0-255,66,100558,77,313316
855,0.001175,172.217.194.0-255,1484,102042,77,313316
856,0.001193,172.217.194.0-255,2902,104944,77,313316
857,0.001196,172.31.40.0-255,66,105010,77,313316
858,0.001225,172.217.194.0-255,5738,110748,77,313316
859,0.00123,172.217.194.0-255,4320,115068,77,313316
860,0.00125,172.217.194.0-255,5738,120806,77,313316
861,0.001255,172.217.194.0-255,2902,123708,77,313316
862,0.00126,172.31.40.0-255,66,123774,77,313316
863,0.001272,172.217.194.0-255,8574,132348,77,313316
864,0.001276,172.31.40.0-255,66,132414,77,313316
865,0.001291,172.217.194.0-255,2184,134598,77,313316
866,0.001305,172.217.194.0-255,2902,137500,77,313316
867,0.001325,172.217.194.0-255,9992,147492,77,313316
868,0.001335,172.217.194.0-255,1484,148976,77,313316
869,0.001365,172.217.194.0-255,4320,153296,77,313316
870,0.00137,172.31.40.0-255,66,153362,77,313316
871,0.001399,172.217.194.0-255,11410,164772,77,313316
872,0.001421,172.217.194.0-255,1484,166256,77,313316
873,0.001429,172.31.40.0-255,66,166322,77,313316
874,0.001443,172.217.194.0-255,11410,177732,77,313316
875,0.001447,172.31.40.0-255,66,177798,77,313316
876,0.001487,172.31.40.0-255,66,177864,77,313316
877,0.00154,172.217.194.0-255,4320,182184,77,313316
878,0.001549,172.31.40.0-255,66,182250,77,313316
879,0.00156,172.217.194.0-255,8574,190824,77,313316
880,0.001564,172.31.40.0-255,66,190890,77,313316
881,0.00158,172.217.194.0-255,4320,195210,77,313316
882,0.001607,172.217.194.0-255,8574,203784,77,313316
883,0.001618,172.217.194.0-255,2902,206686,77,313316
884,0.001621,172.31.40.0-255,66,206752,77,313316
885,0.001625,172.31.40.0-255,66,206818,77,313316
886,0.001644,172.217.194.0-255,2184,209002,77,313316
887,0.001647,172.217.194.0-255,1484,210486,77,313316
888,0.001653,172.31.40.0-255,66,210552,77,313316
889,0.001722,172.31.40.0-255,66,210618,77,313316
890,0.001727,172.31.40.0-255,66,210684,77,313316
891,0.00175,172.217.194.0-255,4320,215004,77,313316
892,0.001762,172.31.40.0-255,66,215070,77,313316
893,0.001796,172.217.194.0-255,9992,225062,77,313316
894,0.001803,172.217.194.0-255,7156,232218,77,313316
895,0.001807,172.31.40.0-255,66,232284,77,313316
896,0.001834,172.217.194.0-255,6438,238722,77,313316
897,0.001841,172.31.40.0-255,66,238788,77,313316
898,0.001853,172.217.194.0-255,7156,245944,77,313316
899,0.001865,172.31.40.0-255,66,246010,77,313316
900,0.001902,172.31.40.0-255,66,246076,77,313316
901,0.001936,172.217.194.0-255,3602,249678,77,313316
902,0.001969,172.217.194.0-255,1484,251162,77,313316
903,0.001983,172.217.194.0-255,2902,254064,77,313316
904,0.00199,172.217.194.0-255,9992,264056,77,313316
905,0.001995,172.217.194.0-255,4320,268376,77,313316
906,0.002001,172.31.40.0-255,66,268442,77,313316
907,0.00203,172.217.194.0-255,8574,277016,77,313316
908,0.002034,172.217.194.0-255,2902,279918,77,313316
909,0.002048,172.217.194.0-255,2902,282820,77,313316
910,0.002053,172.31.40.0-255,66,282886,77,313316
911,0.002087,172.31.40.0-255,66,282952,77,313316
912,0.002095,172.217.194.0-255,3602,286554,77,313316
913,0.002103,172.31.40.0-255,66,286620,77,313316
914,0.002123,172.217.194.0-255,4320,290940,77,313316
915,0.00213,172.31.40.0-255,66,291006,77,313316
916,0.002142,172.217.194.0-255,7156,298162,77,313316
917,0.002159,172.217.194.0-255,2902,301064,77,313316
918,0.002168,172.31.40.0-255,66,301130,77,313316
919,0.002179,172.217.194.0-255,5738,306868,77,313316
920,0.002182,172.31.40.0-255,66,306934,77,313316
921,0.002194,172.217.194.0-255,1761,308695,77,313316
922,0.0022,172.217.194.0-255,105,308800,77,313316
923,0.002215,172.31.40.0-255,66,308866,77,313316
924,0.004079,172.31.40.0-255,105,308971,77,313316
925,0.006807,172.217.194.0-255,66,309037,77,313316
926,0.031362,172.31.40.0-255,172,309209,77,313316
927,0.031393,172.31.40.0-255,1116,310325,77,313316
928,0.031446,172.31.40.0-255,1514,311839,77,313316
929,0.031447,172.31.40.0-255,1279,313118,77,313316
930,0.033062,104.244.42.0-255,66,313184,77,313316
931,0.033098,104.244.42.0-255,66,313250,77,313316
932,0.033142,104.244.42.0-255,66,313316,77,313316
933,0.0,172.217.194.0-255,160,160,77,361542
934,1.4e-05,172.31.40.0-255,66,226,77,361542
935,2.1e-05,172.217.194.0-255,1484,1710,77,361542
936,2.5e-05,172.31.40.0-255,66,1776,77,361542
937,3.7e-05,172.217.194.0-255,2902,4678,77,361542
938,4.1e-05,172.31.40.0-255,66,4744,77,361542
939,4.9e-05,172.217.194.0-255,7156,11900,77,361542
940,5.2e-05,172.31.40.0-255,66,11966,77,361542
941,6.9e-05,172.217.194.0-255,2093,14059,77,361542
942,7.6e-05,172.31.40.0-255,66,14125,77,361542
943,0.000209,172.217.194.0-255,1484,15609,77,361542
944,0.000214,172.31.40.0-255,66,15675,77,361542
945,0.00022,172.217.194.0-255,2902,18577,77,361542
946,0.000223,172.31.40.0-255,66,18643,77,361542
947,0.000226,172.217.194.0-255,1484,20127,77,361542
948,0.000233,172.31.40.0-255,66,20193,77,361542
949,0.000266,172.217.194.0-255,4320,24513,77,361542
950,0.000268,172.31.40.0-255,66,24579,77,361542
951,0.000283,172.217.194.0-255,2902,27481,77,361542
952,0.000289,172.31.40.0-255,66,27547,77,361542
953,0.00032,172.217.194.0-255,3961,31508,77,361542
954,0.000323,172.31.40.0-255,66,31574,77,361542
955,0.000358,172.217.194.0-255,1484,33058,77,361542
956,0.00036,172.31.40.0-255,66,33124,77,361542
957,0.000364,172.217.194.0-255,1484,34608,77,361542
958,0.000366,172.31.40.0-255,66,34674,77,361542
959,0.000397,172.217.194.0-255,1484,36158,77,361542
960,0.0004,172.31.40.0-255,66,36224,77,361542
961,0.000405,172.217.194.0-255,2902,39126,77,361542
962,0.000408,172.31.40.0-255,66,39192,77,361542
963,0.00042,172.217.194.0-255,7156,46348,77,361542
964,0.000423,172.31.40.0-255,66,46414,77,361542
965,0.000458,172.217.194.0-255,9633,56047,77,361542
966,0.000461,172.31.40.0-255,66,56113,77,361542
967,0.000486,172.217.194.0-255,4320,60433,77,361542
968,0.000489,172.31.40.0-255,66,60499,77,361542
969,0.000519,172.217.194.0-255,5379,65878,77,361542
970,0.000522,172.31.40.0-255,66,65944,77,361542
971,0.000633,172.217.194.0-255,361,66305,77,361542
972,0.001042,172.217.194.0-255,381,66686,77,361542
973,0.001145,172.31.40.0-255,66,66752,77,361542
974,0.001334,172.217.194.0-255,1484,68236,77,361542
975,0.001353,172.217.194.0-255,2902,71138,77,361542
976,0.001357,172.31.40.0-255,66,71204,77,361542
977,0.001365,172.217.194.0-255,5738,76942,77,361542
978,0.001368,172.31.40.0-255,66,77008,77,361542
979,0.001403,172.217.194.0-255,11410,88418,77,361542
980,0.001406,172.31.40.0-255,66,88484,77,361542
981,0.00143,172.217.194.0-255,1484,89968,77,361542
982,0.001441,172.217.194.0-255,10692,100660,77,361542
983,0.001443,172.31.40.0-255,66,100726,77,361542
984,0.002368,172.217.194.0-255,1484,102210,77,361542
985,0.002376,172.217.194.0-255,2902,105112,77,361542
986,0.002381,172.31.40.0-255,66,105178,77,361542
987,0.002388,172.217.194.0-255,4320,109498,77,361542
988,0.00239,172.31.40.0-255,66,109564,77,361542
989,0.002408,172.217.194.0-255,1484,111048,77,361542
990,0.002435,172.217.194.0-255,1484,112532,77,361542
991,0.002438,172.31.40.0-255,66,112598,77,361542
992,0.002471,172.217.194.0-255,7156,119754,77,361542
993,0.002474,172.31.40.0-255,66,119820,77,361542
994,0.002523,172.217.194.0-255,2902,122722,77,361542
995,0.002525,172.31.40.0-255,66,122788,77,361542
996,0.002541,172.217.194.0-255,12110,134898,77,361542
997,0.002545,172.31.40.0-255,66,134964,77,361542
998,0.005026,172.217.194.0-255,4320,139284,77,361542
999,0.005031,172.31.40.0-255,66,139350,77,361542
1000,0.005054,172.217.194.0-255,1484,140834,77,361542
1001,0.007465,172.217.194.0-255,4320,145154,77,361542
1002,0.00747,172.31.40.0-255,66,145220,77,361542
1003,0.009894,172.217.194.0-255,5738,150958,77,361542
1004,0.009902,172.31.40.0-255,66,151024,77,361542
1005,0.012348,172.217.194.0-255,5738,156762,77,361542
1006,0.012357,172.31.40.0-255,66,156828,77,361542
1007,0.014805,172.217.194.0-255,5738,162566,77,361542
1008,0.014816,172.31.40.0-255,66,162632,77,361542
1009,0.017252,172.217.194.0-255,5738,168370,77,361542
1010,0.017266,172.31.40.0-255,66,168436,77,361542
1011,0.01971,172.217.194.0-255,4320,172756,77,361542
1012,0.019718,172.31.40.0-255,66,172822,77,361542
1013,0.019747,172.217.194.0-255,1484,174306,77,361542
1014,0.022172,172.217.194.0-255,4320,178626,77,361542
1015,0.022178,172.31.40.0-255,66,178692,77,361542
1016,0.024635,172.217.194.0-255,5738,184430,77,361542
1017,0.024642,172.31.40.0-255,66,184496,77,361542
1018,0.027063,172.217.194.0-255,5738,190234,77,361542
1019,0.02707,172.31.40.0-255,66,190300,77,361542
1020,0.029517,172.217.194.0-255,5738,196038,77,361542
1021,0.029525,172.31.40.0-255,66,196104,77,361542
1022,0.030004,172.31.40.0-255,171,196275,77,361542
1023,0.030036,172.31.40.0-255,1140,197415,77,361542
1024,0.030097,172.31.40.0-255,1514,198929,77,361542
1025,0.030119,172.31.40.0-255,1255,200184,77,361542
1026,0.031665,104.244.42.0-255,66,200250,77,361542
1027,0.03175,104.244.42.0-255,66,200316,77,361542
1028,0.031793,104.244.42.0-255,66,200382,77,361542
1029,0.031995,172.217.194.0-255,5738,206120,77,361542
1030,0.032,172.31.40.0-255,66,206186,77,361542
1031,0.034435,172.217.194.0-255,5738,211924,77,361542
1032,0.034443,172.31.40.0-255,66,211990,77,361542
1033,0.036919,172.217.194.0-255,5738,217728,77,361542
1034,0.036926,172.31.40.0-255,66,217794,77,361542
1035,0.03935,172.217.194.0-255,5738,223532,77,361542
1036,0.039355,172.31.40.0-255,66,223598,77,361542
1037,0.041794,172.217.194.0-255,5738,229336,77,361542
1038,0.0418,172.31.40.0-255,66,229402,77,361542
1039,0.04424,172.217.194.0-255,5738,235140,77,361542
1040,0.044246,172.31.40.0-255,66,235206,77,361542
1041,0.046687,172.217.194.0-255,5738,240944,77,361542
1042,0.046693,172.31.40.0-255,66,241010,77,361542
1043,0.04916,172.217.194.0-255,5738,246748,77,361542
1044,0.049172,172.31.40.0-255,66,246814,77,361542
1045,0.051614,172.217.194.0-255,5738,252552,77,361542
1046,0.05162,172.31.40.0-255,66,252618,77,361542
1047,0.054063,172.217.194.0-255,5738,258356,77,361542
1048,0.054069,172.31.40.0-255,66,258422,77,361542
1049,0.056501,172.217.194.0-255,5738,264160,77,361542
1050,0.056508,172.31.40.0-255,66,264226,77,361542
1051,0.058965,172.217.194.0-255,5738,269964,77,361542
1052,0.058974,172.31.40.0-255,66,270030,77,361542
1053,0.061422,172.217.194.0-255,4320,274350,77,361542
1054,0.061427,172.31.40.0-255,66,274416,77,361542
1055,0.061449,172.217.194.0-255,1484,275900,77,361542
1056,0.063888,172.217.194.0-255,4320,280220,77,361542
1057,0.063895,172.31.40.0-255,66,280286,77,361542
1058,0.06635,172.217.194.0-255,5738,286024,77,361542
1059,0.066355,172.31.40.0-255,66,286090,77,361542
1060,0.068801,172.217.194.0-255,5738,291828,77,361542
1061,0.068807,172.31.40.0-255,66,291894,77,361542
1062,0.071263,172.217.194.0-255,5738,297632,77,361542
1063,0.071268,172.31.40.0-255,66,297698,77,361542
1064,0.073719,172.217.194.0-255,5738,303436,77,361542
1065,0.073726,172.31.40.0-255,66,303502,77,361542
1066,0.076166,172.217.194.0-255,5738,309240,77,361542
1067,0.076173,172.31.40.0-255,66,309306,77,361542
1068,0.078598,172.217.194.0-255,5738,315044,77,361542
1069,0.078605,172.31.40.0-255,66,315110,77,361542
1070,0.081067,172.217.194.0-255,5738,320848,77,361542
1071,0.081078,172.31.40.0-255,66,320914,77,361542
1072,0.083562,172.217.194.0-255,5738,326652,77,361542
1073,0.083568,172.31.40.0-255,66,326718,77,361542
1074,0.086031,172.217.194.0-255,5738,332456,77,361542
1075,0.086038,172.31.40.0-255,66,332522,77,361542
1076,0.088485,172.217.194.0-255,5738,338260,77,361542
1077,0.088491,172.31.40.0-255,66,338326,77,361542
1078,0.090907,172.217.194.0-255,5738,344064,77,361542
1079,0.090913,172.31.40.0-255,66,344130,77,361542
1080,0.093382,172.217.194.0-255,5738,349868,77,361542
1081,0.093388,172.31.40.0-255,66,349934,77,361542
1082,0.095845,172.217.194.0-255,5738,355672,77,361542
1083,0.095851,172.31.40.0-255,66,355738,77,361542
1084,0.09832,172.217.194.0-255,5738,361476,77,361542
1085,0.098326,172.31.40.0-255,66,361542,77,361542
1086,0.0,74.125.68.0-255,155,155,77,421565
1087,1.6e-05,172.31.40.0-255,66,221,77,421565
1088,2.4e-05,74.125.68.0-255,1484,1705,77,421565
1089,2.9e-05,172.31.40.0-255,66,1771,77,421565
1090,4.1e-05,74.125.68.0-255,2902,4673,77,421565
1091,4.4e-05,172.31.40.0-255,66,4739,77,421565
1092,5.2e-05,74.125.68.0-255,7156,11895,77,421565
1093,5.5e-05,172.31.40.0-255,66,11961,77,421565
1094,5.9e-05,74.125.68.0-255,2103,14064,77,421565
1095,6.2e-05,172.31.40.0-255,66,14130,77,421565
1096,0.000113,74.125.68.0-255,2902,17032,77,421565
1097,0.000116,172.31.40.0-255,66,17098,77,421565
1098,0.000136,74.125.68.0-255,2902,20000,77,421565
1099,0.000138,172.31.40.0-255,66,20066,77,421565
1100,0.000146,74.125.68.0-255,7156,27222,77,421565
1101,0.000148,172.31.40.0-255,66,27288,77,421565
1102,0.000191,74.125.68.0-255,12828,40116,77,421565
1103,0.000194,172.31.40.0-255,66,40182,77,421565
1104,0.000222,74.125.68.0-255,7856,48038,77,421565
1105,0.000225,172.31.40.0-255,66,48104,77,421565
1106,0.000266,74.125.68.0-255,4320,52424,77,421565
1107,0.00027,74.125.68.0-255,2902,55326,77,421565
1108,0.000273,172.31.40.0-255,66,55392,77,421565
1109,0.000277,172.31.40.0-255,66,55458,77,421565
1110,0.000291,74.125.68.0-255,2902,58360,77,421565
1111,0.000295,172.31.40.0-255,66,58426,77,421565
1112,0.000324,74.125.68.0-255,6797,65223,77,421565
1113,0.000331,172.31.40.0-255,66,65289,77,421565
1114,0.000367,74.125.68.0-255,646,65935,77,421565
1115,0.00037,172.31.40.0-255,66,66001,77,421565
1116,0.000399,74.125.68.0-255,1484,67485,77,421565
1117,0.000402,172.31.40.0-255,66,67551,77,421565
1118,0.000413,74.125.68.0-255,1484,69035,77,421565
1119,0.000433,74.125.68.0-255,1484,70519,77,421565
1120,0.000435,172.31.40.0-255,66,70585,77,421565
1121,0.000442,74.125.68.0-255,5738,76323,77,421565
1122,0.000445,172.31.40.0-255,66,76389,77,421565
1123,0.000472,74.125.68.0-255,5738,82127,77,421565
1124,0.000474,172.31.40.0-255,66,82193,77,421565
1125,0.000503,74.125.68.0-255,7156,89349,77,421565
1126,0.000505,172.31.40.0-255,66,89415,77,421565
1127,0.000508,74.125.68.0-255,1484,90899,77,421565
1128,0.000534,74.125.68.0-255,2902,93801,77,421565
1129,0.000536,172.31.40.0-255,66,93867,77,421565
1130,0.000543,74.125.68.0-255,5738,99605,77,421565
1131,0.000545,172.31.40.0-255,66,99671,77,421565
1132,0.000548,74.125.68.0-255,766,100437,77,421565
1133,0.001138,74.125.68.0-255,1484,101921,77,421565
1134,0.001144,172.31.40.0-255,66,101987,77,421565
1135,0.00115,74.125.68.0-255,2902,104889,77,421565
1136,0.001152,172.31.40.0-255,66,104955,77,421565
1137,0.001157,74.125.68.0-255,2902,107857,77,421565
1138,0.001164,172.31.40.0-255,66,107923,77,421565
1139,0.001205,74.125.68.0-255,2902,110825,77,421565
1140,0.001208,172.31.40.0-255,66,110891,77,421565
1141,0.001213,74.125.68.0-255,2902,113793,77,421565
1142,0.001215,172.31.40.0-255,66,113859,77,421565
1143,0.00122,74.125.68.0-255,4320,118179,77,421565
1144,0.001222,172.31.40.0-255,66,118245,77,421565
1145,0.001235,74.125.68.0-255,8574,126819,77,421565
1146,0.001237,172.31.40.0-255,66,126885,77,421565
1147,0.001244,74.125.68.0-255,5738,132623,77,421565
1148,0.001246,172.31.40.0-255,66,132689,77,421565
1149,0.001279,74.125.68.0-255,2184,134873,77,421565
1150,0.001281,172.31.40.0-255,66,134939,77,421565
1151,0.001319,74.125.68.0-255,1484,136423,77,421565
1152,0.00134,74.125.68.0-255,2902,139325,77,421565
1153,0.001343,172.31.40.0-255,66,139391,77,421565
1154,0.00137,74.125.68.0-255,5738,145129,77,421565
1155,0.001373,172.31.40.0-255,66,145195,77,421565
1156,0.001379,74.125.68.0-255,4320,149515,77,421565
1157,0.001381,172.31.40.0-255,66,149581,77,421565
1158,0.001384,74.125.68.0-255,1484,151065,77,421565
1159,0.001416,74.125.68.0-255,4320,155385,77,421565
1160,0.001422,74.125.68.0-255,5738,161123,77,421565
1161,0.001426,172.31.40.0-255,66,161189,77,421565
1162,0.00143,172.31.40.0-255,66,161255,77,421565
1163,0.001462,74.125.68.0-255,5738,166993,77,421565
1164,0.001464,172.31.40.0-255,66,167059,77,421565
1165,0.001469,74.125.68.0-255,2184,169243,77,421565
1166,0.001471,172.31.40.0-255,66,169309,77,421565
1167,0.001524,74.125.68.0-255,1484,170793,77,421565
1168,0.001528,74.125.68.0-255,1484,172277,77,421565
1169,0.001531,172.31.40.0-255,66,172343,77,421565
1170,0.001556,74.125.68.0-255,1484,173827,77,421565
1171,0.001565,74.125.68.0-255,5738,179565,77,421565
1172,0.001568,172.31.40.0-255,66,179631,77,421565
1173,0.001571,74.125.68.0-255,1484,181115,77,421565
1174,0.001594,74.125.68.0-255,2902,184017,77,421565
1175,0.001597,172.31.40.0-255,66,184083,77,421565
1176,0.001602,74.125.68.0-255,2902,186985,77,421565
1177,0.001604,172.31.40.0-255,66,187051,77,421565
1178,0.001627,74.125.68.0-255,2902,189953,77,421565
1179,0.001633,172.31.40.0-255,66,190019,77,421565
1180,0.001644,74.125.68.0-255,11410,201429,77,421565
1181,0.001647,172.31.40.0-255,66,201495,77,421565
1182,0.00165,74.125.68.0-255,2184,203679,77,421565
1183,0.001653,172.31.40.0-255,66,203745,77,421565
1184,0.00184,74.125.68.0-255,1484,205229,77,421565
1185,0.001845,74.125.68.0-255,1484,206713,77,421565
1186,0.001848,172.31.40.0-255,66,206779,77,421565
1187,0.001873,74.125.68.0-255,1484,208263,77,421565
1188,0.001879,74.125.68.0-255,4320,212583,77,421565
1189,0.001881,172.31.40.0-255,66,212649,77,421565
1190,0.001905,74.125.68.0-255,1484,214133,77,421565
1191,0.00191,74.125.68.0-255,4320,218453,77,421565
1192,0.001912,172.31.40.0-255,66,218519,77,421565
1193,0.001919,74.125.68.0-255,5738,224257,77,421565
1194,0.001921,172.31.40.0-255,66,224323,77,421565
1195,0.001954,74.125.68.0-255,11410,235733,77,421565
1196,0.001957,172.31.40.0-255,66,235799,77,421565
1197,0.00201,74.125.68.0-255,2184,237983,77,421565
1198,0.002013,172.31.40.0-255,66,238049,77,421565
1199,0.00204,74.125.68.0-255,1484,239533,77,421565
1200,0.002054,74.125.68.0-255,2902,242435,77,421565
1201,0.002057,172.31.40.0-255,66,242501,77,421565
1202,0.002079,74.125.68.0-255,5738,248239,77,421565
1203,0.002082,172.31.40.0-255,66,248305,77,421565
1204,0.002092,74.125.68.0-255,4320,252625,77,421565
1205,0.002095,172.31.40.0-255,66,252691,77,421565
1206,0.00211,74.125.68.0-255,4320,257011,77,421565
1207,0.002113,172.31.40.0-255,66,257077,77,421565
1208,0.002158,74.125.68.0-255,1484,258561,77,421565
1209,0.002177,74.125.68.0-255,7156,265717,77,421565
1210,0.00218,172.31.40.0-255,66,265783,77,421565
1211,0.002189,74.125.68.0-255,7856,273639,77,421565
1212,0.002192,172.31.40.0-255,66,273705,77,421565
1213,0.002201,74.125.68.0-255,4320,278025,77,421565
1214,0.002204,172.31.40.0-255,66,278091,77,421565
1215,0.002211,74.125.68.0-255,5738,283829,77,421565
1216,0.002213,172.31.40.0-255,66,283895,77,421565
1217,0.002247,74.125.68.0-255,11410,295305,77,421565
1218,0.00225,172.31.40.0-255,66,295371,77,421565
1219,0.002259,74.125.68.0-255,4320,299691,77,421565
1220,0.002262,172.31.40.0-255,66,299757,77,421565
1221,0.002291,74.125.68.0-255,2902,302659,77,421565
1222,0.002294,172.31.40.0-255,66,302725,77,421565
1223,0.00231,74.125.68.0-255,3602,306327,77,421565
1224,0.002313,172.31.40.0-255,66,306393,77,421565
1225,0.002342,74.125.68.0-255,4320,310713,77,421565
1226,0.002345,172.31.40.0-255,66,310779,77,421565
1227,0.002363,74.125.68.0-255,2902,313681,77,421565
1228,0.002366,172.31.40.0-255,66,313747,77,421565
1229,0.002371,74.125.68.0-255,4320,318067,77,421565
1230,0.002373,172.31.40.0-255,66,318133,77,421565
1231,0.004696,74.125.68.0-255,4320,322453,77,421565
1232,0.004705,172.31.40.0-255,66,322519,77,421565
1233,0.00473,74.125.68.0-255,1484,324003,77,421565
1234,0.007046,74.125.68.0-255,4320,328323,77,421565
1235,0.007052,172.31.40.0-255,66,328389,77,421565
1236,0.009394,74.125.68.0-255,5738,334127,77,421565
1237,0.009399,172.31.40.0-255,66,334193,77,421565
1238,0.011744,74.125.68.0-255,5738,339931,77,421565
1239,0.011752,172.31.40.0-255,66,339997,77,421565
1240,0.014102,74.125.68.0-255,5738,345735,77,421565
1241,0.014109,172.31.40.0-255,66,345801,77,421565
1242,0.016451,74.125.68.0-255,5738,351539,77,421565
1243,0.016458,172.31.40.0-255,66,351605,77,421565
1244,0.018814,74.125.68.0-255,5738,357343,77,421565
1245,0.018821,172.31.40.0-255,66,357409,77,421565
1246,0.021159,74.125.68.0-255,5738,363147,77,421565
1247,0.021168,172.31.40.0-255,66,363213,77,421565
1248,0.023512,74.125.68.0-255,5738,368951,77,421565
1249,0.023521,172.31.40.0-255,66,369017,77,421565
1250,0.025859,74.125.68.0-255,5738,374755,77,421565
1251,0.025867,172.31.40.0-255,66,374821,77,421565
1252,0.028207,74.125.68.0-255,5738,380559,77,421565
1253,0.028214,172.31.40.0-255,66,380625,77,421565
1254,0.030561,74.125.68.0-255,5738,386363,77,421565
1255,0.030569,172.31.40.0-255,66,386429,77,421565
1256,0.032919,74.125.68.0-255,5738,392167,77,421565
1257,0.032927,172.31.40.0-255,66,392233,77,421565
1258,0.035269,74.125.68.0-255,5738,397971,77,421565
1259,0.035278,172.31.40.0-255,66,398037,77,421565
1260,0.036419,172.31.40.0-255,192,398229,77,421565
1261,0.03645,172.31.40.0-255,1118,399347,77,421565
1262,0.036512,172.31.40.0-255,1514,400861,77,421565
1263,0.036513,172.31.40.0-255,1514,402375,77,421565
1264,0.036538,172.31.40.0-255,588,402963,77,421565
1265,0.03762,74.125.68.0-255,5738,408701,77,421565
1266,0.037627,172.31.40.0-255,66,408767,77,421565
1267,0.037966,104.244.42.0-255,66,408833,77,421565
1268,0.038022,104.244.42.0-255,66,408899,77,421565
1269,0.03808,104.244.42.0-255,66,408965,77,421565
1270,0.038092,104.244.42.0-255,66,409031,77,421565
1271,0.039994,74.125.68.0-255,5738,414769,77,421565
1272,0.04,172.31.40.0-255,66,414835,77,421565
1273,0.042447,74.125.68.0-255,5738,420573,77,421565
1274,0.042456,172.31.40.0-255,66,420639,77,421565
1275,0.044781,74.125.68.0-255,230,420869,77,421565
1276,0.044924,172.31.40.0-255,105,420974,77,421565
1277,0.044956,172.31.40.0-255,105,421079,77,421565
1278,0.045163,172.31.40.0-255,90,421169,77,421565
1279,0.045172,172.31.40.0-255,66,421235,77,421565
1280,0.047223,74.125.68.0-255,66,421301,77,421565
1281,0.047258,74.125.68.0-255,66,421367,77,421565
1282,0.047467,74.125.68.0-255,66,421433,77,421565
1283,0.047503,74.125.68.0-255,66,421499,77,421565
1284,0.047525,172.31.40.0-255,66,421565,77,421565
1285,0.0,172.217.194.0-255,152,152,77,381581
1286,1.4e-05,172.31.40.0-255,66,218,77,381581
1287,2.2e-05,172.217.194.0-255,1484,1702,77,381581
1288,2.7e-05,172.31.40.0-255,66,1768,77,381581
1289,3.1e-05,172.217.194.0-255,1484,3252,77,381581
1290,4.1e-05,172.31.40.0-255,66,3318,77,381581
1291,4.7e-05,172.217.194.0-255,2902,6220,77,381581
1292,5e-05,172.31.40.0-255,66,6286,77,381581
1293,5.8e-05,172.217.194.0-255,5738,12024,77,381581
1294,6e-05,172.31.40.0-255,66,12090,77,381581
1295,0.000103,172.217.194.0-255,6381,18471,77,381581
1296,0.000107,172.31.40.0-255,66,18537,77,381581
1297,0.000114,172.217.194.0-255,7156,25693,77,381581
1298,0.000116,172.31.40.0-255,66,25759,77,381581
1299,0.000149,172.217.194.0-255,5379,31138,77,381581
1300,0.000152,172.31.40.0-255,66,31204,77,381581
1301,0.000237,172.217.194.0-255,1484,32688,77,381581
1302,0.000242,172.31.40.0-255,66,32754,77,381581
1303,0.000247,172.217.194.0-255,2902,35656,77,381581
1304,0.000249,172.31.40.0-255,66,35722,77,381581
1305,0.000253,172.217.194.0-255,1484,37206,77,381581
1306,0.00026,172.31.40.0-255,66,37272,77,381581
1307,0.000285,172.217.194.0-255,4320,41592,77,381581
1308,0.000289,172.31.40.0-255,66,41658,77,381581
1309,0.000296,172.217.194.0-255,6797,48455,77,381581
1310,0.000298,172.31.40.0-255,66,48521,77,381581
1311,0.000304,172.217.194.0-255,7156,55677,77,381581
1312,0.000307,172.31.40.0-255,66,55743,77,381581
1313,0.000352,172.217.194.0-255,5738,61481,77,381581
1314,0.000355,172.31.40.0-255,66,61547,77,381581
1315,0.00038,172.217.194.0-255,4246,65793,77,381581
1316,0.000383,172.31.40.0-255,66,65859,77,381581
1317,0.000419,172.217.194.0-255,102,65961,77,381581
1318,0.000469,172.217.194.0-255,1484,67445,77,381581
1319,0.000473,172.31.40.0-255,66,67511,77,381581
1320,0.000478,172.217.194.0-255,2902,70413,77,381581
1321,0.000481,172.31.40.0-255,66,70479,77,381581
1322,0.000492,172.217.194.0-255,5738,76217,77,381581
1323,0.000494,172.31.40.0-255,66,76283,77,381581
1324,0.000519,172.217.194.0-255,2902,79185,77,381581
1325,0.000522,172.31.40.0-255,66,79251,77,381581
1326,0.000546,172.217.194.0-255,9992,89243,77,381581
1327,0.000548,172.31.40.0-255,66,89309,77,381581
1328,0.000639,172.217.194.0-255,8574,97883,77,381581
1329,0.000642,172.31.40.0-255,66,97949,77,381581
1330,0.00066,172.217.194.0-255,2482,100431,77,381581
1331,0.000662,172.31.40.0-255,66,100497,77,381581
1332,0.001101,172.217.194.0-255,1484,101981,77,381581
1333,0.00112,172.217.194.0-255,2902,104883,77,381581
1334,0.001125,172.31.40.0-255,66,104949,77,381581
1335,0.001133,172.217.194.0-255,5738,110687,77,381581
1336,0.001135,172.31.40.0-255,66,110753,77,381581
1337,0.001138,172.217.194.0-255,1484,112237,77,381581
1338,0.001147,172.217.194.0-255,2902,115139,77,381581
1339,0.001149,172.31.40.0-255,66,115205,77,381581
1340,0.001153,172.217.194.0-255,1484,116689,77,381581
1341,0.001177,172.217.194.0-255,4320,121009,77,381581
1342,0.001183,172.31.40.0-255,66,121075,77,381581
1343,0.001211,172.217.194.0-255,12828,133903,77,381581
1344,0.001214,172.31.40.0-255,66,133969,77,381581
1345,0.001217,172.217.194.0-255,766,134735,77,381581
1346,0.001267,172.217.194.0-255,7156,141891,77,381581
1347,0.001271,172.31.40.0-255,66,141957,77,381581
1348,0.001302,172.217.194.0-255,2902,144859,77,381581
1349,0.001306,172.31.40.0-255,66,144925,77,381581
1350,0.001316,172.217.194.0-255,11410,156335,77,381581
1351,0.001322,172.31.40.0-255,66,156401,77,381581
1352,0.001332,172.217.194.0-255,9992,166393,77,381581
1353,0.001335,172.31.40.0-255,66,166459,77,381581
1354,0.001371,172.217.194.0-255,10692,177151,77,381581
1355,0.001374,172.31.40.0-255,66,177217,77,381581
1356,0.001396,172.217.194.0-255,3602,180819,77,381581
1357,0.001418,172.31.40.0-255,66,180885,77,381581
1358,0.001537,172.217.194.0-255,1484,182369,77,381581
1359,0.001541,172.217.194.0-255,1484,183853,77,381581
1360,0.001544,172.31.40.0-255,66,183919,77,381581
1361,0.001571,172.217.194.0-255,1484,185403,77,381581
1362,0.001578,172.217.194.0-255,5738,191141,77,381581
1363,0.00158,172.217.194.0-255,1484,192625,77,381581
1364,0.001598,172.31.40.0-255,66,192691,77,381581
1365,0.001631,172.217.194.0-255,8574,201265,77,381581
1366,0.00164,172.217.194.0-255,9992,211257,77,381581
1367,0.001652,172.31.40.0-255,66,211323,77,381581
1368,0.001675,172.217.194.0-255,3602,214925,77,381581
1369,0.001698,172.31.40.0-255,66,214991,77,381581
1370,0.001964,172.217.194.0-255,1484,216475,77,381581
1371,0.001968,172.217.194.0-255,2902,219377,77,381581
1372,0.002004,172.31.40.0-255,66,219443,77,381581
1373,0.002019,172.217.194.0-255,5738,225181,77,381581
1374,0.002039,172.217.194.0-255,12828,238009,77,381581
1375,0.002047,172.217.194.0-255,8574,246583,77,381581
1376,0.002059,172.217.194.0-255,2184,248767,77,381581
1377,0.002072,172.31.40.0-255,66,248833,77,381581
1378,0.002241,172.217.194.0-255,1484,250317,77,381581
1379,0.002258,172.217.194.0-255,2902,253219,77,381581
1380,0.002262,172.31.40.0-255,66,253285,77,381581
1381,0.002295,172.217.194.0-255,5738,259023,77,381581
1382,0.002298,172.31.40.0-255,66,259089,77,381581
1383,0.002308,172.217.194.0-255,11410,270499,77,381581
1384,0.002342,172.217.194.0-255,12110,282609,77,381581
1385,0.002348,172.31.40.0-255,66,282675,77,381581
1386,0.002408,172.217.194.0-255,1484,284159,77,381581
1387,0.002414,172.217.194.0-255,2902,287061,77,381581
1388,0.002416,172.217.194.0-255,1484,288545,77,381581
1389,0.002422,172.31.40.0-255,66,288611,77,381581
1390,0.002448,172.217.194.0-255,4320,292931,77,381581
1391,0.002456,172.217.194.0-255,8574,301505,77,381581
1392,0.002463,172.31.40.0-255,66,301571,77,381581
1393,0.002508,172.217.194.0-255,7156,308727,77,381581
1394,0.002522,172.31.40.0-255,66,308793,77,381581
1395,0.00253,172.217.194.0-255,7156,315949,77,381581
1396,0.002539,172.31.40.0-255,66,316015,77,381581
1397,0.002547,172.217.194.0-255,2902,318917,77,381581
1398,0.002578,172.217.194.0-255,12828,331745,77,381581
1399,0.002601,172.217.194.0-255,7856,339601,77,381581
1400,0.00261,172.217.194.0-255,11410,351011,77,381581
1401,0.002615,172.31.40.0-255,66,351077,77,381581
1402,0.002654,172.217.194.0-255,12828,363905,77,381581
1403,0.002662,172.217.194.0-255,7932,371837,77,381581
1404,0.002664,172.217.194.0-255,97,371934,77,381581
1405,0.002666,172.217.194.0-255,105,372039,77,381581
1406,0.002692,172.31.40.0-255,66,372105,77,381581
1407,0.015754,172.31.40.0-255,105,372210,77,381581
1408,0.018366,172.217.194.0-255,66,372276,77,381581
1409,0.046607,172.31.40.0-255,172,372448,77,381581
1410,0.046641,172.31.40.0-255,1115,373563,77,381581
1411,0.04671,172.31.40.0-255,1514,375077,77,381581
1412,0.046712,172.31.40.0-255,1514,376591,77,381581
1413,0.046713,172.31.40.0-255,1514,378105,77,381581
1414,0.046714,172.31.40.0-255,1514,379619,77,381581
1415,0.046716,172.31.40.0-255,1514,381133,77,381581
1416,0.046745,172.31.40.0-255,208,381341,77,381581
1417,0.048813,104.244.42.0-255,66,381407,77,381581
1418,0.049491,104.244.42.0-255,108,381515,77,381581
1419,0.049501,172.31.40.0-255,66,381581,77,381581
1420,0.0,74.125.68.0-255,146,146,77,419537
1421,2.4e-05,172.31.40.0-255,66,212,77,419537
1422,3.1e-05,74.125.68.0-255,1484,1696,77,419537
1423,3.7e-05,172.31.40.0-255,66,1762,77,419537
1424,4.3e-05,74.125.68.0-255,2902,4664,77,419537
1425,4.6e-05,172.31.40.0-255,66,4730,77,419537
1426,5.3e-05,74.125.68.0-255,5738,10468,77,419537
1427,5.7e-05,172.31.40.0-255,66,10534,77,419537
1428,6e-05,74.125.68.0-255,1484,12018,77,419537
1429,6.2e-05,172.31.40.0-255,66,12084,77,419537
1430,9e-05,74.125.68.0-255,2101,14185,77,419537
1431,9.3e-05,172.31.40.0-255,66,14251,77,419537
1432,0.000249,74.125.68.0-255,1484,15735,77,419537
1433,0.000255,172.31.40.0-255,66,15801,77,419537
1434,0.000261,74.125.68.0-255,2902,18703,77,419537
1435,0.000263,172.31.40.0-255,66,18769,77,419537
1436,0.000266,74.125.68.0-255,1484,20253,77,419537
1437,0.000268,172.31.40.0-255,66,20319,77,419537
1438,0.000294,74.125.68.0-255,2902,23221,77,419537
1439,0.000297,172.31.40.0-255,66,23287,77,419537
1440,0.000319,74.125.68.0-255,5738,29025,77,419537
1441,0.000321,172.31.40.0-255,66,29091,77,419537
1442,0.000324,74.125.68.0-255,1484,30575,77,419537
1443,0.000326,172.31.40.0-255,66,30641,77,419537
1444,0.000374,74.125.68.0-255,1125,31766,77,419537
1445,0.000377,172.31.40.0-255,66,31832,77,419537
1446,0.000605,74.125.68.0-255,1484,33316,77,419537
1447,0.000609,172.31.40.0-255,66,33382,77,419537
1448,0.000613,74.125.68.0-255,1484,34866,77,419537
1449,0.000616,172.31.40.0-255,66,34932,77,419537
1450,0.000645,74.125.68.0-255,1484,36416,77,419537
1451,0.000648,172.31.40.0-255,66,36482,77,419537
1452,0.000654,74.125.68.0-255,5738,42220,77,419537
1453,0.000656,172.31.40.0-255,66,42286,77,419537
1454,0.000663,74.125.68.0-255,6797,49083,77,419537
1455,0.000664,172.31.40.0-255,66,49149,77,419537
1456,0.000789,74.125.68.0-255,1484,50633,77,419537
1457,0.000796,74.125.68.0-255,2902,53535,77,419537
1458,0.0008,172.31.40.0-255,66,53601,77,419537
1459,0.000824,74.125.68.0-255,5738,59339,77,419537
1460,0.000827,172.31.40.0-255,66,59405,77,419537
1461,0.000832,74.125.68.0-255,2902,62307,77,419537
1462,0.000834,172.31.40.0-255,66,62373,77,419537
1463,0.000848,74.125.68.0-255,1484,63857,77,419537
1464,0.000877,74.125.68.0-255,3123,66980,77,419537
1465,0.00088,172.31.40.0-255,66,67046,77,419537
1466,0.001144,74.125.68.0-255,1484,68530,77,419537
1467,0.001147,74.125.68.0-255,1484,70014,77,419537
1468,0.001153,172.31.40.0-255,66,70080,77,419537
1469,0.001161,74.125.68.0-255,1484,71564,77,419537
1470,0.001166,74.125.68.0-255,2902,74466,77,419537
1471,0.001168,172.31.40.0-255,66,74532,77,419537
1472,0.001191,74.125.68.0-255,2902,77434,77,419537
1473,0.001194,172.31.40.0-255,66,77500,77,419537
1474,0.001197,74.125.68.0-255,1484,78984,77,419537
1475,0.001236,74.125.68.0-255,5379,84363,77,419537
1476,0.001239,172.31.40.0-255,66,84429,77,419537
1477,0.001378,74.125.68.0-255,1484,85913,77,419537
1478,0.001394,74.125.68.0-255,2902,88815,77,419537
1479,0.001397,172.31.40.0-255,66,88881,77,419537
1480,0.0014,74.125.68.0-255,1484,90365,77,419537
1481,0.001418,74.125.68.0-255,4320,94685,77,419537
1482,0.001422,172.31.40.0-255,66,94751,77,419537
1483,0.001436,74.125.68.0-255,2902,97653,77,419537
1484,0.001439,172.31.40.0-255,66,97719,77,419537
1485,0.001452,74.125.68.0-255,2902,100621,77,419537
1486,0.001454,172.31.40.0-255,66,100687,77,419537
1487,0.001475,74.125.68.0-255,1125,101812,77,419537
1488,0.001595,172.31.40.0-255,66,101878,77,419537
1489,0.00174,74.125.68.0-255,1484,103362,77,419537
1490,0.001749,74.125.68.0-255,2902,106264,77,419537
1491,0.001753,172.31.40.0-255,66,106330,77,419537
1492,0.001757,74.125.68.0-255,1484,107814,77,419537
1493,0.001776,74.125.68.0-255,4320,112134,77,419537
1494,0.001778,172.31.40.0-255,66,112200,77,419537
1495,0.001781,74.125.68.0-255,1484,113684,77,419537
1496,0.001802,74.125.68.0-255,4712,118396,77,419537
1497,0.001804,172.31.40.0-255,66,118462,77,419537
1498,0.001988,74.125.68.0-255,1484,119946,77,419537
1499,0.001994,74.125.68.0-255,2902,122848,77,419537
1500,0.001998,172.31.40.0-255,66,122914,77,419537
1501,0.002018,74.125.68.0-255,2902,125816,77,419537
1502,0.002021,172.31.40.0-255,66,125882,77,419537
1503,0.002037,74.125.68.0-255,2902,128784,77,419537
1504,0.002039,172.31.40.0-255,66,128850,77,419537
1505,0.002044,74.125.68.0-255,4320,133170,77,419537
1506,0.002046,172.31.40.0-255,66,133236,77,419537
1507,0.002092,74.125.68.0-255,3241,136477,77,419537
1508,0.002095,172.31.40.0-255,66,136543,77,419537
1509,0.004042,74.125.68.0-255,1484,138027,77,419537
1510,0.004065,74.125.68.0-255,2902,140929,77,419537
1511,0.00407,172.31.40.0-255,66,140995,77,419537
1512,0.004076,74.125.68.0-255,2902,143897,77,419537
1513,0.004078,172.31.40.0-255,66,143963,77,419537
1514,0.004091,74.125.68.0-255,1484,145447,77,419537
1515,0.004108,74.125.68.0-255,4320,149767,77,419537
1516,0.00411,172.31.40.0-255,66,149833,77,419537
1517,0.004126,74.125.68.0-255,2902,152735,77,419537
1518,0.004128,172.31.40.0-255,66,152801,77,419537
1519,0.004143,74.125.68.0-255,5738,158539,77,419537
1520,0.004146,172.31.40.0-255,66,158605,77,419537
1521,0.004169,74.125.68.0-255,2902,161507,77,419537
1522,0.004172,172.31.40.0-255,66,161573,77,419537
1523,0.004175,74.125.68.0-255,1484,163057,77,419537
1524,0.004215,74.125.68.0-255,5738,168795,77,419537
1525,0.004218,172.31.40.0-255,66,168861,77,419537
1526,0.004235,74.125.68.0-255,2184,171045,77,419537
1527,0.004237,172.31.40.0-255,66,171111,77,419537
1528,0.004653,74.125.68.0-255,1484,172595,77,419537
1529,0.004667,74.125.68.0-255,2902,175497,77,419537
1530,0.00467,172.31.40.0-255,66,175563,77,419537
1531,0.004702,74.125.68.0-255,5738,181301,77,419537
1532,0.004705,172.31.40.0-255,66,181367,77,419537
1533,0.00475,74.125.68.0-255,4320,185687,77,419537
1534,0.004752,172.31.40.0-255,66,185753,77,419537
1535,0.004758,74.125.68.0-255,4320,190073,77,419537
1536,0.004761,172.31.40.0-255,66,190139,77,419537
1537,0.004775,74.125.68.0-255,1484,191623,77,419537
1538,0.004798,74.125.68.0-255,4320,195943,77,419537
1539,0.0048,172.31.40.0-255,66,196009,77,419537
1540,0.004823,74.125.68.0-255,7156,203165,77,419537
1541,0.004826,172.31.40.0-255,66,203231,77,419537
1542,0.00483,74.125.68.0-255,2184,205415,77,419537
1543,0.004832,172.31.40.0-255,66,205481,77,419537
1544,0.004879,74.125.68.0-255,7156,212637,77,419537
1545,0.004882,172.31.40.0-255,66,212703,77,419537
1546,0.004898,74.125.68.0-255,8574,221277,77,419537
1547,0.004904,74.125.68.0-255,4320,225597,77,419537
1548,0.004938,74.125.68.0-255,12828,238425,77,419537
1549,0.004941,74.125.68.0-255,766,239191,77,419537
1550,0.00498,74.125.68.0-255,1484,240675,77,419537
1551,0.004994,74.125.68.0-255,1484,242159,77,419537
1552,0.004999,74.125.68.0-255,2902,245061,77,419537
1553,0.005014,74.125.68.0-255,5738,250799,77,419537
1554,0.005033,74.125.68.0-255,5738,256537,77,419537
1555,0.005051,74.125.68.0-255,2902,259439,77,419537
1556,0.005075,74.125.68.0-255,7156,266595,77,419537
1557,0.005098,74.125.68.0-255,2902,269497,77,419537
1558,0.005103,74.125.68.0-255,3602,273099,77,419537
1559,0.005106,74.125.68.0-255,1484,274583,77,419537
1560,0.005129,74.125.68.0-255,2902,277485,77,419537
1561,0.005134,74.125.68.0-255,2902,280387,77,419537
1562,0.005139,74.125.68.0-255,4320,284707,77,419537
1563,0.005166,74.125.68.0-255,5738,290445,77,419537
1564,0.005195,74.125.68.0-255,2902,293347,77,419537
1565,0.005203,74.125.68.0-255,7156,300503,77,419537
1566,0.005237,74.125.68.0-255,5738,306241,77,419537
1567,0.00525,74.125.68.0-255,766,307007,77,419537
1568,0.005714,74.125.68.0-255,1484,308491,77,419537
1569,0.005721,74.125.68.0-255,2902,311393,77,419537
1570,0.005725,74.125.68.0-255,1484,312877,77,419537
1571,0.005742,74.125.68.0-255,1484,314361,77,419537
1572,0.005747,74.125.68.0-255,4320,318681,77,419537
1573,0.005771,74.125.68.0-255,7156,325837,77,419537
1574,0.005796,74.125.68.0-255,1484,327321,77,419537
1575,0.005802,74.125.68.0-255,5738,333059,77,419537
1576,0.005808,74.125.68.0-255,5738,338797,77,419537
1577,0.005824,74.125.68.0-255,1484,340281,77,419537
1578,0.005827,74.125.68.0-255,766,341047,77,419537
1579,0.00612,172.31.40.0-255,66,341113,77,419537
1580,0.006152,74.125.68.0-255,1484,342597,77,419537
1581,0.006169,74.125.68.0-255,1484,344081,77,419537
1582,0.006183,74.125.68.0-255,1484,345565,77,419537
1583,0.006186,74.125.68.0-255,1484,347049,77,419537
1584,0.0062,74.125.68.0-255,1484,348533,77,419537
1585,0.006208,172.31.40.0-255,66,348599,77,419537
1586,0.006217,74.125.68.0-255,1484,350083,77,419537
1587,0.006233,74.125.68.0-255,5738,355821,77,419537
1588,0.006236,74.125.68.0-255,1484,357305,77,419537
1589,0.006262,74.125.68.0-255,2902,360207,77,419537
1590,0.006284,74.125.68.0-255,1484,361691,77,419537
1591,0.006301,74.125.68.0-255,4320,366011,77,419537
1592,0.006303,74.125.68.0-255,1484,367495,77,419537
1593,0.006349,172.31.40.0-255,66,367561,77,419537
1594,0.006354,172.31.40.0-255,66,367627,77,419537
1595,0.006367,74.125.68.0-255,2902,370529,77,419537
1596,0.006373,74.125.68.0-255,5020,375549,77,419537
1597,0.006393,172.31.40.0-255,66,375615,77,419537
1598,0.006712,74.125.68.0-255,1484,377099,77,419537
1599,0.006726,74.125.68.0-255,2902,380001,77,419537
1600,0.006734,172.31.40.0-255,66,380067,77,419537
1601,0.006751,74.125.68.0-255,5738,385805,77,419537
1602,0.006756,74.125.68.0-255,2902,388707,77,419537
1603,0.006765,172.31.40.0-255,66,388773,77,419537
1604,0.006775,74.125.68.0-255,4320,393093,77,419537
1605,0.00679,74.125.68.0-255,5738,398831,77,419537
1606,0.006792,172.31.40.0-255,66,398897,77,419537
1607,0.00681,74.125.68.0-255,2902,401799,77,419537
1608,0.006816,74.125.68.0-255,5738,407537,77,419537
1609,0.006836,172.31.40.0-255,66,407603,77,419537
1610,0.006869,74.125.68.0-255,6438,414041,77,419537
1611,0.006887,172.31.40.0-255,66,414107,77,419537
1612,0.006905,74.125.68.0-255,1697,415804,77,419537
1613,0.006924,172.31.40.0-255,66,415870,77,419537
1614,0.006933,74.125.68.0-255,105,415975,77,419537
1615,0.008926,172.31.40.0-255,66,416041,77,419537
1616,0.008964,172.31.40.0-255,105,416146,77,419537
1617,0.011221,74.125.68.0-255,66,416212,77,419537
1618,0.037937,172.31.40.0-255,172,416384,77,419537
1619,0.037976,172.31.40.0-255,1115,417499,77,419537
1620,0.038055,172.31.40.0-255,1514,419013,77,419537
1621,0.038057,172.31.40.0-255,326,419339,77,419537
1622,0.039477,104.244.42.0-255,66,419405,77,419537
1623,0.03956,104.244.42.0-255,66,419471,77,419537
1624,0.039629,104.244.42.0-255,66,419537,77,419537
1625,0.0,172.31.40.0-255,105,105,77,276
1626,0.001547,157.240.13.0-255,105,210,77,276
1627,0.040345,172.31.40.0-255,66,276,77,276
1628,0.0,172.217.194.0-255,297,297,77,350134
1629,2e-05,172.31.40.0-255,66,363,77,350134
1630,2.8e-05,172.217.194.0-255,1484,1847,77,350134
1631,3.2e-05,172.31.40.0-255,66,1913,77,350134
1632,3.9e-05,172.217.194.0-255,4320,6233,77,350134
1633,4.2e-05,172.31.40.0-255,66,6299,77,350134
1634,5.8e-05,172.217.194.0-255,8886,15185,77,350134
1635,6e-05,172.31.40.0-255,66,15251,77,350134
1636,0.000112,172.31.40.0-255,66,15317,77,350134
1637,0.000149,172.217.194.0-255,1484,16801,77,350134
1638,0.000151,172.31.40.0-255,66,16867,77,350134
1639,0.000155,172.217.194.0-255,1484,18351,77,350134
1640,0.000156,172.31.40.0-255,66,18417,77,350134
1641,0.000191,172.217.194.0-255,1484,19901,77,350134
1642,0.000193,172.31.40.0-255,66,19967,77,350134
1643,0.000199,172.217.194.0-255,5738,25705,77,350134
1644,0.000201,172.31.40.0-255,66,25771,77,350134
1645,0.00021,172.217.194.0-255,11410,37181,77,350134
1646,0.000212,172.31.40.0-255,66,37247,77,350134
1647,0.000245,172.217.194.0-255,2543,39790,77,350134
1648,0.000247,172.31.40.0-255,66,39856,77,350134
1649,0.000253,172.217.194.0-255,5738,45594,77,350134
1650,0.000255,172.31.40.0-255,66,45660,77,350134
1651,0.000271,172.217.194.0-255,4250,49910,77,350134
1652,0.000273,172.31.40.0-255,66,49976,77,350134
1653,0.0003,172.217.194.0-255,98,50074,77,350134
1654,0.000302,172.31.40.0-255,66,50140,77,350134
1655,0.000415,172.217.194.0-255,1484,51624,77,350134
1656,0.000419,172.31.40.0-255,66,51690,77,350134
1657,0.000424,172.217.194.0-255,2902,54592,77,350134
1658,0.000426,172.31.40.0-255,66,54658,77,350134
1659,0.000456,172.217.194.0-255,5738,60396,77,350134
1660,0.00046,172.217.194.0-255,1484,61880,77,350134
1661,0.000498,172.217.194.0-255,12469,74349,77,350134
1662,0.000506,172.217.194.0-255,9633,83982,77,350134
1663,0.000546,172.31.40.0-255,66,84048,77,350134
1664,0.00077,172.217.194.0-255,365,84413,77,350134
1665,0.00088,172.217.194.0-255,1484,85897,77,350134
1666,0.000883,172.31.40.0-255,66,85963,77,350134
1667,0.000888,172.217.194.0-255,2902,88865,77,350134
1668,0.000895,172.31.40.0-255,66,88931,77,350134
1669,0.000911,172.217.194.0-255,5738,94669,77,350134
1670,0.000935,172.31.40.0-255,66,94735,77,350134
1671,0.000966,172.217.194.0-255,12828,107563,77,350134
1672,0.000974,172.31.40.0-255,66,107629,77,350134
1673,0.000999,172.217.194.0-255,10692,118321,77,350134
1674,0.001003,172.31.40.0-255,66,118387,77,350134
1675,0.001387,172.217.194.0-255,1484,119871,77,350134
1676,0.001401,172.217.194.0-255,2902,122773,77,350134
1677,0.001404,172.31.40.0-255,66,122839,77,350134
1678,0.001409,172.217.194.0-255,2902,125741,77,350134
1679,0.001417,172.31.40.0-255,66,125807,77,350134
1680,0.001438,172.217.194.0-255,2902,128709,77,350134
1681,0.001448,172.217.194.0-255,7156,135865,77,350134
1682,0.001467,172.217.194.0-255,5738,141603,77,350134
1683,0.001475,172.217.194.0-255,9992,151595,77,350134
1684,0.001477,172.217.194.0-255,766,152361,77,350134
1685,0.001483,172.31.40.0-255,66,152427,77,350134
1686,0.001616,172.217.194.0-255,1484,153911,77,350134
1687,0.001645,172.217.194.0-255,2902,156813,77,350134
1688,0.001648,172.31.40.0-255,66,156879,77,350134
1689,0.001651,172.217.194.0-255,1484,158363,77,350134
1690,0.001656,172.217.194.0-255,5738,164101,77,350134
1691,0.001662,172.31.40.0-255,66,164167,77,350134
1692,0.001679,172.217.194.0-255,4320,168487,77,350134
1693,0.001683,172.31.40.0-255,66,168553,77,350134
1694,0.001705,172.217.194.0-255,8574,177127,77,350134
1695,0.001713,172.217.194.0-255,9274,186401,77,350134
1696,0.001746,172.31.40.0-255,66,186467,77,350134
1697,0.001775,172.217.194.0-255,1484,187951,77,350134
1698,0.001779,172.217.194.0-255,2902,190853,77,350134
1699,0.001781,172.31.40.0-255,66,190919,77,350134
1700,0.001786,172.217.194.0-255,5738,196657,77,350134
1701,0.001794,172.217.194.0-255,9992,206649,77,350134
1702,0.001816,172.217.194.0-255,2902,209551,77,350134
1703,0.001824,172.217.194.0-255,9992,219543,77,350134
1704,0.001827,172.217.194.0-255,766,220309,77,350134
1705,0.001834,172.31.40.0-255,66,220375,77,350134
1706,0.00186,172.217.194.0-255,1484,221859,77,350134
1707,0.001863,172.217.194.0-255,1484,223343,77,350134
1708,0.001867,172.31.40.0-255,66,223409,77,350134
1709,0.001895,172.217.194.0-255,2902,226311,77,350134
1710,0.001903,172.217.194.0-255,9992,236303,77,350134
1711,0.001917,172.217.194.0-255,11410,247713,77,350134
1712,0.001929,172.31.40.0-255,66,247779,77,350134
1713,0.001945,172.217.194.0-255,1484,249263,77,350134
1714,0.001973,172.217.194.0-255,5020,254283,77,350134
1715,0.001988,172.31.40.0-255,66,254349,77,350134
1716,0.002023,172.217.194.0-255,1484,255833,77,350134
1717,0.002036,172.217.194.0-255,2902,258735,77,350134
1718,0.00205,172.217.194.0-255,5738,264473,77,350134
1719,0.00206,172.31.40.0-255,66,264539,77,350134
1720,0.00207,172.217.194.0-255,7156,271695,77,350134
1721,0.002095,172.31.40.0-255,66,271761,77,350134
1722,0.002132,172.217.194.0-255,2184,273945,77,350134
1723,0.002143,172.31.40.0-255,66,274011,77,350134
1724,0.002157,172.217.194.0-255,5738,279749,77,350134
1725,0.002188,172.217.194.0-255,12828,292577,77,350134
1726,0.00219,172.217.194.0-255,1484,294061,77,350134
1727,0.002193,172.31.40.0-255,66,294127,77,350134
1728,0.002197,172.31.40.0-255,66,294193,77,350134
1729,0.002222,172.217.194.0-255,11410,305603,77,350134
1730,0.002236,172.31.40.0-255,66,305669,77,350134
1731,0.002257,172.217.194.0-255,10692,316361,77,350134
1732,0.002266,172.217.194.0-255,12828,329189,77,350134
1733,0.002291,172.217.194.0-255,9992,339181,77,350134
1734,0.002299,172.31.40.0-255,66,339247,77,350134
1735,0.002374,172.217.194.0-255,7156,346403,77,350134
1736,0.002381,172.31.40.0-255,66,346469,77,350134
1737,0.002403,172.217.194.0-255,105,346574,77,350134
1738,0.00241,172.31.40.0-255,66,346640,77,350134
1739,0.00414,172.31.40.0-255,105,346745,77,350134
1740,0.006754,172.217.194.0-255,66,346811,77,350134
1741,0.024158,172.31.40.0-255,172,346983,77,350134
1742,0.024191,172.31.40.0-255,1120,348103,77,350134
1743,0.024251,172.31.40.0-255,1514,349617,77,350134
1744,0.024252,172.31.40.0-255,319,349936,77,350134
1745,0.02573,104.244.42.0-255,66,350002,77,350134
1746,0.025742,104.244.42.0-255,66,350068,77,350134
1747,0.025812,104.244.42.0-255,66,350134,77,350134
1748,0.0,74.125.24.0-255,295,295,77,394353
1749,1.7e-05,172.31.40.0-255,66,361,77,394353
1750,2.3e-05,74.125.24.0-255,1484,1845,77,394353
1751,2.7e-05,172.31.40.0-255,66,1911,77,394353
1752,3.4e-05,74.125.24.0-255,4320,6231,77,394353
1753,4.3e-05,172.31.40.0-255,66,6297,77,394353
1754,5.1e-05,74.125.24.0-255,7156,13453,77,394353
1755,5.3e-05,172.31.40.0-255,66,13519,77,394353
1756,9.6e-05,74.125.24.0-255,448,13967,77,394353
1757,9.9e-05,172.31.40.0-255,66,14033,77,394353
1758,0.000199,74.125.24.0-255,1484,15517,77,394353
1759,0.000203,172.31.40.0-255,66,15583,77,394353
1760,0.00023,74.125.24.0-255,2902,18485,77,394353
1761,0.000232,172.31.40.0-255,66,18551,77,394353
1762,0.000237,74.125.24.0-255,4320,22871,77,394353
1763,0.000239,172.31.40.0-255,66,22937,77,394353
1764,0.000256,74.125.24.0-255,1484,24421,77,394353
1765,0.000261,172.31.40.0-255,66,24487,77,394353
1766,0.000267,74.125.24.0-255,5738,30225,77,394353
1767,0.000269,172.31.40.0-255,66,30291,77,394353
1768,0.000298,74.125.24.0-255,1125,31416,77,394353
1769,0.000304,172.31.40.0-255,66,31482,77,394353
1770,0.000434,74.125.24.0-255,1484,32966,77,394353
1771,0.000438,172.31.40.0-255,66,33032,77,394353
1772,0.000443,74.125.24.0-255,2902,35934,77,394353
1773,0.000444,172.31.40.0-255,66,36000,77,394353
1774,0.000474,74.125.24.0-255,5738,41738,77,394353
1775,0.000477,172.31.40.0-255,66,41804,77,394353
1776,0.00049,74.125.24.0-255,4320,46124,77,394353
1777,0.000496,172.31.40.0-255,66,46190,77,394353
1778,0.000516,74.125.24.0-255,9633,55823,77,394353
1779,0.000518,172.31.40.0-255,66,55889,77,394353
1780,0.00052,74.125.24.0-255,1484,57373,77,394353
1781,0.000543,74.125.24.0-255,2902,60275,77,394353
1782,0.000547,74.125.24.0-255,2902,63177,77,394353
1783,0.000559,172.31.40.0-255,66,63243,77,394353
1784,0.000647,74.125.24.0-255,2543,65786,77,394353
1785,0.000659,172.31.40.0-255,66,65852,77,394353
1786,0.000892,74.125.24.0-255,412,66264,77,394353
1787,0.00099,172.31.40.0-255,66,66330,77,394353
1788,0.001303,74.125.24.0-255,1484,67814,77,394353
1789,0.001312,74.125.24.0-255,2902,70716,77,394353
1790,0.001341,74.125.24.0-255,5738,76454,77,394353
1791,0.00137,74.125.24.0-255,5738,82192,77,394353
1792,0.001385,74.125.24.0-255,1367,83559,77,394353
1793,0.001408,74.125.24.0-255,4320,87879,77,394353
1794,0.001427,74.125.24.0-255,2902,90781,77,394353
1795,0.001462,74.125.24.0-255,2902,93683,77,394353
1796,0.001481,74.125.24.0-255,5738,99421,77,394353
1797,0.001485,74.125.24.0-255,2902,102323,77,394353
1798,0.001506,74.125.24.0-255,7156,109479,77,394353
1799,0.00152,74.125.24.0-255,5738,115217,77,394353
1800,0.001532,74.125.24.0-255,2184,117401,77,394353
1801,0.001945,74.125.24.0-255,1484,118885,77,394353
1802,0.001967,74.125.24.0-255,2902,121787,77,394353
1803,0.001973,74.125.24.0-255,5738,127525,77,394353
1804,0.002001,74.125.24.0-255,4320,131845,77,394353
1805,0.002019,74.125.24.0-255,8574,140419,77,394353
1806,0.002024,74.125.24.0-255,4320,144739,77,394353
1807,0.00204,74.125.24.0-255,5738,150477,77,394353
1808,0.002079,74.125.24.0-255,2902,153379,77,394353
1809,0.002104,74.125.24.0-255,10692,164071,77,394353
1810,0.002137,74.125.24.0-255,4320,168391,77,394353
1811,0.002152,74.125.24.0-255,9992,178383,77,394353
1812,0.002155,74.125.24.0-255,2902,181285,77,394353
1813,0.002175,74.125.24.0-255,3602,184887,77,394353
1814,0.006761,172.31.40.0-255,66,184953,77,394353
1815,0.009334,74.125.24.0-255,5738,190691,77,394353
1816,0.009342,172.31.40.0-255,66,190757,77,394353
1817,0.011888,74.125.24.0-255,5738,196495,77,394353
1818,0.013144,172.31.40.0-255,66,196561,77,394353
1819,0.015697,74.125.24.0-255,5738,202299,77,394353
1820,0.015706,172.31.40.0-255,66,202365,77,394353
1821,0.018267,74.125.24.0-255,5738,208103,77,394353
1822,0.018274,172.31.40.0-255,66,208169,77,394353
1823,0.020801,74.125.24.0-255,5738,213907,77,394353
1824,0.020808,172.31.40.0-255,66,213973,77,394353
1825,0.023351,74.125.24.0-255,5738,219711,77,394353
1826,0.023357,172.31.40.0-255,66,219777,77,394353
1827,0.025918,74.125.24.0-255,5738,225515,77,394353
1828,0.025924,172.31.40.0-255,66,225581,77,394353
1829,0.02703,172.31.40.0-255,172,225753,77,394353
1830,0.027058,172.31.40.0-255,1118,226871,77,394353
1831,0.027137,172.31.40.0-255,1514,228385,77,394353
1832,0.027139,172.31.40.0-255,1514,229899,77,394353
1833,0.02714,172.31.40.0-255,1514,231413,77,394353
1834,0.027141,172.31.40.0-255,98,231511,77,394353
1835,0.028472,74.125.24.0-255,5738,237249,77,394353
1836,0.028479,172.31.40.0-255,66,237315,77,394353
1837,0.028598,104.244.42.0-255,66,237381,77,394353
1838,0.028605,104.244.42.0-255,66,237447,77,394353
1839,0.02872,104.244.42.0-255,66,237513,77,394353
1840,0.028727,104.244.42.0-255,66,237579,77,394353
1841,0.031059,74.125.24.0-255,5738,243317,77,394353
1842,0.031065,172.31.40.0-255,66,243383,77,394353
1843,0.033626,74.125.24.0-255,5738,249121,77,394353
1844,0.033633,172.31.40.0-255,66,249187,77,394353
1845,0.036184,74.125.24.0-255,5738,254925,77,394353
1846,0.036191,172.31.40.0-255,66,254991,77,394353
1847,0.038719,74.125.24.0-255,5738,260729,77,394353
1848,0.038725,172.31.40.0-255,66,260795,77,394353
1849,0.041264,74.125.24.0-255,5738,266533,77,394353
1850,0.04127,172.31.40.0-255,66,266599,77,394353
1851,0.043825,74.125.24.0-255,5738,272337,77,394353
1852,0.043831,172.31.40.0-255,66,272403,77,394353
1853,0.046394,74.125.24.0-255,5738,278141,77,394353
1854,0.0464,172.31.40.0-255,66,278207,77,394353
1855,0.048962,74.125.24.0-255,5738,283945,77,394353
1856,0.048969,172.31.40.0-255,66,284011,77,394353
1857,0.051504,74.125.24.0-255,5738,289749,77,394353
1858,0.051513,172.31.40.0-255,66,289815,77,394353
1859,0.054058,74.125.24.0-255,5738,295553,77,394353
1860,0.054064,172.31.40.0-255,66,295619,77,394353
1861,0.05659,74.125.24.0-255,5738,301357,77,394353
1862,0.056597,172.31.40.0-255,66,301423,77,394353
1863,0.059152,74.125.24.0-255,5738,307161,77,394353
1864,0.059158,172.31.40.0-255,66,307227,77,394353
1865,0.06174,74.125.24.0-255,5738,312965,77,394353
1866,0.061746,172.31.40.0-255,66,313031,77,394353
1867,0.064294,74.125.24.0-255,5738,318769,77,394353
1868,0.0643,172.31.40.0-255,66,318835,77,394353
1869,0.066869,74.125.24.0-255,5738,324573,77,394353
1870,0.066876,172.31.40.0-255,66,324639,77,394353
1871,0.069396,74.125.24.0-255,5738,330377,77,394353
1872,0.069402,172.31.40.0-255,66,330443,77,394353
1873,0.071959,74.125.24.0-255,5738,336181,77,394353
1874,0.071965,172.31.40.0-255,66,336247,77,394353
1875,0.074532,74.125.24.0-255,5738,341985,77,394353
1876,0.074538,172.31.40.0-255,66,342051,77,394353
1877,0.077058,74.125.24.0-255,5738,347789,77,394353
1878,0.077063,172.31.40.0-255,66,347855,77,394353
1879,0.07961,74.125.24.0-255,5738,353593,77,394353
1880,0.079615,172.31.40.0-255,66,353659,77,394353
1881,0.082143,74.125.24.0-255,5738,359397,77,394353
1882,0.082149,172.31.40.0-255,66,359463,77,394353
1883,0.084719,74.125.24.0-255,5738,365201,77,394353
1884,0.084726,172.31.40.0-255,66,365267,77,394353
1885,0.08727,74.125.24.0-255,5738,371005,77,394353
1886,0.087276,172.31.40.0-255,66,371071,77,394353
1887,0.089847,74.125.24.0-255,1484,372555,77,394353
1888,0.089893,74.125.24.0-255,4320,376875,77,394353
1889,0.089901,172.31.40.0-255,66,376941,77,394353
1890,0.092465,74.125.24.0-255,5738,382679,77,394353
1891,0.092472,172.31.40.0-255,66,382745,77,394353
1892,0.095022,74.125.24.0-255,5738,388483,77,394353
1893,0.095028,172.31.40.0-255,66,388549,77,394353
1894,0.097573,74.125.24.0-255,5738,394287,77,394353
1895,0.09758,172.31.40.0-255,66,394353,77,394353
1896,0.0,74.125.24.0-255,146,146,77,395710
1897,3.3e-05,172.31.40.0-255,66,212,77,395710
1898,4.1e-05,74.125.24.0-255,1484,1696,77,395710
1899,4.5e-05,172.31.40.0-255,66,1762,77,395710
1900,5e-05,74.125.24.0-255,2902,4664,77,395710
1901,5.2e-05,172.31.40.0-255,66,4730,77,395710
1902,5.7e-05,74.125.24.0-255,4320,9050,77,395710
1903,6e-05,172.31.40.0-255,66,9116,77,395710
1904,6.9e-05,74.125.24.0-255,9129,18245,77,395710
1905,7.1e-05,172.31.40.0-255,66,18311,77,395710
1906,0.000107,74.125.24.0-255,9992,28303,77,395710
1907,0.00011,172.31.40.0-255,66,28369,77,395710
1908,0.000129,74.125.24.0-255,2543,30912,77,395710
1909,0.000132,172.31.40.0-255,66,30978,77,395710
1910,0.000176,74.125.24.0-255,1484,32462,77,395710
1911,0.000179,172.31.40.0-255,66,32528,77,395710
1912,0.000192,74.125.24.0-255,2902,35430,77,395710
1913,0.000194,172.31.40.0-255,66,35496,77,395710
1914,0.000225,74.125.24.0-255,5738,41234,77,395710
1915,0.000228,172.31.40.0-255,66,41300,77,395710
1916,0.000256,74.125.24.0-255,11410,52710,77,395710
1917,0.00026,172.31.40.0-255,66,52776,77,395710
1918,0.000322,74.125.24.0-255,5738,58514,77,395710
1919,0.000326,172.31.40.0-255,66,58580,77,395710
1920,0.000366,74.125.24.0-255,6773,65353,77,395710
1921,0.00037,172.31.40.0-255,66,65419,77,395710
1922,0.000373,74.125.24.0-255,111,65530,77,395710
1923,0.000375,172.31.40.0-255,66,65596,77,395710
1924,0.000512,74.125.24.0-255,1484,67080,77,395710
1925,0.000516,172.31.40.0-255,66,67146,77,395710
1926,0.000521,74.125.24.0-255,2902,70048,77,395710
1927,0.000524,172.31.40.0-255,66,70114,77,395710
1928,0.00053,74.125.24.0-255,5738,75852,77,395710
1929,0.000532,74.125.24.0-255,1484,77336,77,395710
1930,0.000552,74.125.24.0-255,4320,81656,77,395710
1931,0.000561,172.31.40.0-255,66,81722,77,395710
1932,0.000578,74.125.24.0-255,2902,84624,77,395710
1933,0.000585,172.31.40.0-255,66,84690,77,395710
1934,0.000596,74.125.24.0-255,1484,86174,77,395710
1935,0.00061,74.125.24.0-255,4320,90494,77,395710
1936,0.000612,172.31.40.0-255,66,90560,77,395710
1937,0.000633,74.125.24.0-255,8574,99134,77,395710
1938,0.000637,74.125.24.0-255,1031,100165,77,395710
1939,0.00064,172.31.40.0-255,66,100231,77,395710
1940,0.000872,74.125.24.0-255,1484,101715,77,395710
1941,0.000878,74.125.24.0-255,2902,104617,77,395710
1942,0.000882,172.31.40.0-255,66,104683,77,395710
1943,0.000908,74.125.24.0-255,5738,110421,77,395710
1944,0.000911,74.125.24.0-255,1484,111905,77,395710
1945,0.000912,172.31.40.0-255,66,111971,77,395710
1946,0.000938,74.125.24.0-255,11410,123381,77,395710
1947,0.000942,172.31.40.0-255,66,123447,77,395710
1948,0.00095,74.125.24.0-255,2902,126349,77,395710
1949,0.000957,172.31.40.0-255,66,126415,77,395710
1950,0.000968,74.125.24.0-255,7856,134271,77,395710
1951,0.000972,172.31.40.0-255,66,134337,77,395710
1952,0.000997,74.125.24.0-255,1484,135821,77,395710
1953,0.001001,74.125.24.0-255,1484,137305,77,395710
1954,0.001003,172.31.40.0-255,66,137371,77,395710
1955,0.001019,74.125.24.0-255,1484,138855,77,395710
1956,0.001025,74.125.24.0-255,5738,144593,77,395710
1957,0.00103,74.125.24.0-255,2902,147495,77,395710
1958,0.001035,172.31.40.0-255,66,147561,77,395710
1959,0.001049,74.125.24.0-255,9992,157553,77,395710
1960,0.001055,74.125.24.0-255,4320,161873,77,395710
1961,0.00106,172.31.40.0-255,66,161939,77,395710
1962,0.00108,74.125.24.0-255,4320,166259,77,395710
1963,0.001085,172.31.40.0-255,66,166325,77,395710
1964,0.001101,74.125.24.0-255,5738,172063,77,395710
1965,0.00111,172.31.40.0-255,66,172129,77,395710
1966,0.001177,172.31.40.0-255,66,172195,77,395710
1967,0.001183,74.125.24.0-255,3602,175797,77,395710
1968,0.001188,172.31.40.0-255,66,175863,77,395710
1969,0.001193,74.125.24.0-255,12110,187973,77,395710
1970,0.001205,172.31.40.0-255,66,188039,77,395710
1971,0.001388,74.125.24.0-255,1484,189523,77,395710
1972,0.001393,74.125.24.0-255,1484,191007,77,395710
1973,0.001396,172.31.40.0-255,66,191073,77,395710
1974,0.001411,74.125.24.0-255,1484,192557,77,395710
1975,0.001418,74.125.24.0-255,5738,198295,77,395710
1976,0.001431,172.31.40.0-255,66,198361,77,395710
1977,0.001442,74.125.24.0-255,9992,208353,77,395710
1978,0.001446,172.31.40.0-255,66,208419,77,395710
1979,0.001466,74.125.24.0-255,1484,209903,77,395710
1980,0.001486,74.125.24.0-255,9992,219895,77,395710
1981,0.001492,172.31.40.0-255,66,219961,77,395710
1982,0.001511,74.125.24.0-255,2184,222145,77,395710
1983,0.001516,172.31.40.0-255,66,222211,77,395710
1984,0.001546,74.125.24.0-255,1484,223695,77,395710
1985,0.001559,74.125.24.0-255,1484,225179,77,395710
1986,0.001569,172.31.40.0-255,66,225245,77,395710
1987,0.001578,74.125.24.0-255,7156,232401,77,395710
1988,0.001583,172.31.40.0-255,66,232467,77,395710
1989,0.001595,74.125.24.0-255,4320,236787,77,395710
1990,0.001598,172.31.40.0-255,66,236853,77,395710
1991,0.00163,74.125.24.0-255,7156,244009,77,395710
1992,0.00164,74.125.24.0-255,9992,254001,77,395710
1993,0.001661,74.125.24.0-255,2184,256185,77,395710
1994,0.001728,74.125.24.0-255,1484,257669,77,395710
1995,0.001756,74.125.24.0-255,2902,260571,77,395710
1996,0.001773,74.125.24.0-255,2902,263473,77,395710
1997,0.00179,74.125.24.0-255,4320,267793,77,395710
1998,0.001801,74.125.24.0-255,2902,270695,77,395710
1999,0.001826,74.125.24.0-255,7156,277851,77,395710
2000,0.001848,74.125.24.0-255,8574,286425,77,395710
2001,0.001871,74.125.24.0-255,3602,290027,77,395710
2002,0.00197,74.125.24.0-255,1484,291511,77,395710
2003,0.001984,74.125.24.0-255,2902,294413,77,395710
2004,0.002009,74.125.24.0-255,5738,300151,77,395710
2005,0.002035,74.125.24.0-255,5738,305889,77,395710
2006,0.002054,74.125.24.0-255,2902,308791,77,395710
2007,0.002062,74.125.24.0-255,9992,318783,77,395710
2008,0.002066,74.125.24.0-255,2902,321685,77,395710
2009,0.005299,172.31.40.0-255,66,321751,77,395710
2010,0.007355,74.125.24.0-255,5738,327489,77,395710
2011,0.00736,172.31.40.0-255,66,327555,77,395710
2012,0.00945,74.125.24.0-255,5738,333293,77,395710
2013,0.009457,172.31.40.0-255,66,333359,77,395710
2014,0.011485,74.125.24.0-255,5738,339097,77,395710
2015,0.011492,172.31.40.0-255,66,339163,77,395710
2016,0.013525,74.125.24.0-255,5738,344901,77,395710
2017,0.013532,172.31.40.0-255,66,344967,77,395710
2018,0.01555,74.125.24.0-255,5738,350705,77,395710
2019,0.015559,172.31.40.0-255,66,350771,77,395710
2020,0.017623,74.125.24.0-255,5738,356509,77,395710
2021,0.017631,172.31.40.0-255,66,356575,77,395710
2022,0.019646,74.125.24.0-255,5738,362313,77,395710
2023,0.019652,172.31.40.0-255,66,362379,77,395710
2024,0.021687,74.125.24.0-255,5738,368117,77,395710
2025,0.021694,172.31.40.0-255,66,368183,77,395710
2026,0.023809,74.125.24.0-255,5738,373921,77,395710
2027,0.023816,172.31.40.0-255,66,373987,77,395710
2028,0.025833,74.125.24.0-255,5738,379725,77,395710
2029,0.02584,172.31.40.0-255,66,379791,77,395710
2030,0.027853,74.125.24.0-255,5738,385529,77,395710
2031,0.027858,172.31.40.0-255,66,385595,77,395710
2032,0.029902,74.125.24.0-255,5599,391194,77,395710
2033,0.029908,172.31.40.0-255,66,391260,77,395710
2034,0.030222,172.31.40.0-255,105,391365,77,395710
2035,0.031446,172.31.40.0-255,172,391537,77,395710
2036,0.031472,172.31.40.0-255,1120,392657,77,395710
2037,0.031504,172.31.40.0-255,1514,394171,77,395710
2038,0.031506,172.31.40.0-255,1275,395446,77,395710
2039,0.032222,74.125.24.0-255,66,395512,77,395710
2040,0.03301,104.244.42.0-255,66,395578,77,395710
2041,0.033043,104.244.42.0-255,66,395644,77,395710
2042,0.033087,104.244.42.0-255,66,395710,77,395710
2043,0.0,74.125.200.0-255,156,156,77,420002
2044,1.5e-05,172.31.40.0-255,66,222,77,420002
2045,2.1e-05,74.125.200.0-255,1484,1706,77,420002
2046,2.6e-05,172.31.40.0-255,66,1772,77,420002
2047,3.1e-05,74.125.200.0-255,2902,4674,77,420002
2048,3.4e-05,172.31.40.0-255,66,4740,77,420002
2049,4.5e-05,74.125.200.0-255,4320,9060,77,420002
2050,4.8e-05,172.31.40.0-255,66,9126,77,420002
2051,5.3e-05,74.125.200.0-255,4910,14036,77,420002
2052,5.7e-05,172.31.40.0-255,66,14102,77,420002
2053,9.5e-05,74.125.200.0-255,7156,21258,77,420002
2054,9.8e-05,172.31.40.0-255,66,21324,77,420002
2055,0.000114,74.125.200.0-255,1484,22808,77,420002
2056,0.000116,172.31.40.0-255,66,22874,77,420002
2057,0.000144,74.125.200.0-255,2902,25776,77,420002
2058,0.000146,172.31.40.0-255,66,25842,77,420002
2059,0.000173,74.125.200.0-255,5379,31221,77,420002
2060,0.000176,172.31.40.0-255,66,31287,77,420002
2061,0.000283,74.125.200.0-255,1484,32771,77,420002
2062,0.000287,172.31.40.0-255,66,32837,77,420002
2063,0.000315,74.125.200.0-255,2902,35739,77,420002
2064,0.000318,172.31.40.0-255,66,35805,77,420002
2065,0.000321,74.125.200.0-255,1484,37289,77,420002
2066,0.000323,172.31.40.0-255,66,37355,77,420002
2067,0.000339,74.125.200.0-255,4320,41675,77,420002
2068,0.000341,172.31.40.0-255,66,41741,77,420002
2069,0.000347,74.125.200.0-255,4320,46061,77,420002
2070,0.000348,172.31.40.0-255,66,46127,77,420002
2071,0.000393,74.125.200.0-255,5379,51506,77,420002
2072,0.000396,172.31.40.0-255,66,51572,77,420002
2073,0.000401,74.125.200.0-255,4320,55892,77,420002
2074,0.000403,172.31.40.0-255,66,55958,77,420002
2075,0.000408,74.125.200.0-255,5738,61696,77,420002
2076,0.000414,172.31.40.0-255,66,61762,77,420002
2077,0.000438,74.125.200.0-255,2902,64664,77,420002
2078,0.00044,172.31.40.0-255,66,64730,77,420002
2079,0.000461,74.125.200.0-255,1125,65855,77,420002
2080,0.000478,74.125.200.0-255,399,66254,77,420002
2081,0.000844,74.125.200.0-255,344,66598,77,420002
2082,0.000848,172.31.40.0-255,66,66664,77,420002
2083,0.001107,74.125.200.0-255,1484,68148,77,420002
2084,0.001116,74.125.200.0-255,2902,71050,77,420002
2085,0.001119,172.31.40.0-255,66,71116,77,420002
2086,0.001123,74.125.200.0-255,1484,72600,77,420002
2087,0.001148,74.125.200.0-255,4320,76920,77,420002
2088,0.001151,172.31.40.0-255,66,76986,77,420002
2089,0.001158,74.125.200.0-255,7156,84142,77,420002
2090,0.00116,172.31.40.0-255,66,84208,77,420002
2091,0.001162,74.125.200.0-255,1484,85692,77,420002
2092,0.001191,74.125.200.0-255,7156,92848,77,420002
2093,0.001194,172.31.40.0-255,66,92914,77,420002
2094,0.001199,74.125.200.0-255,4320,97234,77,420002
2095,0.0012,172.31.40.0-255,66,97300,77,420002
2096,0.00122,74.125.200.0-255,3602,100902,77,420002
2097,0.001222,172.31.40.0-255,66,100968,77,420002
2098,0.00155,74.125.200.0-255,1484,102452,77,420002
2099,0.001558,74.125.200.0-255,2902,105354,77,420002
2100,0.001562,172.31.40.0-255,66,105420,77,420002
2101,0.001565,74.125.200.0-255,1484,106904,77,420002
2102,0.001593,74.125.200.0-255,4320,111224,77,420002
2103,0.001596,172.31.40.0-255,66,111290,77,420002
2104,0.001645,74.125.200.0-255,9992,121282,77,420002
2105,0.001648,172.31.40.0-255,66,121348,77,420002
2106,0.001671,74.125.200.0-255,1484,122832,77,420002
2107,0.001678,74.125.200.0-255,7156,129988,77,420002
2108,0.00168,172.31.40.0-255,66,130054,77,420002
2109,0.001726,74.125.200.0-255,5020,135074,77,420002
2110,0.001729,172.31.40.0-255,66,135140,77,420002
2111,0.001734,74.125.200.0-255,2902,138042,77,420002
2112,0.001736,172.31.40.0-255,66,138108,77,420002
2113,0.001765,74.125.200.0-255,2902,141010,77,420002
2114,0.001767,172.31.40.0-255,66,141076,77,420002
2115,0.001775,74.125.200.0-255,7156,148232,77,420002
2116,0.001777,172.31.40.0-255,66,148298,77,420002
2117,0.001806,74.125.200.0-255,8574,156872,77,420002
2118,0.001808,172.31.40.0-255,66,156938,77,420002
2119,0.001812,74.125.200.0-255,1484,158422,77,420002
2120,0.00184,74.125.200.0-255,1484,159906,77,420002
2121,0.001842,172.31.40.0-255,66,159972,77,420002
2122,0.001848,74.125.200.0-255,4320,164292,77,420002
2123,0.00185,172.31.40.0-255,66,164358,77,420002
2124,0.001853,74.125.200.0-255,1484,165842,77,420002
2125,0.001883,74.125.200.0-255,3602,169444,77,420002
2126,0.001886,172.31.40.0-255,66,169510,77,420002
2127,0.002364,74.125.200.0-255,1484,170994,77,420002
2128,0.002383,74.125.200.0-255,2902,173896,77,420002
2129,0.002386,172.31.40.0-255,66,173962,77,420002
2130,0.002421,74.125.200.0-255,5738,179700,77,420002
2131,0.002424,172.31.40.0-255,66,179766,77,420002
2132,0.002429,74.125.200.0-255,4320,184086,77,420002
2133,0.002432,172.31.40.0-255,66,184152,77,420002
2134,0.002443,74.125.200.0-255,5738,189890,77,420002
2135,0.002445,172.31.40.0-255,66,189956,77,420002
2136,0.002477,74.125.200.0-255,7156,197112,77,420002
2137,0.002484,172.31.40.0-255,66,197178,77,420002
2138,0.004887,74.125.200.0-255,2902,200080,77,420002
2139,0.00489,172.31.40.0-255,66,200146,77,420002
2140,0.004916,74.125.200.0-255,2902,203048,77,420002
2141,0.004918,172.31.40.0-255,66,203114,77,420002
2142,0.00731,74.125.200.0-255,2902,206016,77,420002
2143,0.007316,172.31.40.0-255,66,206082,77,420002
2144,0.007349,74.125.200.0-255,2902,208984,77,420002
2145,0.007352,172.31.40.0-255,66,209050,77,420002
2146,0.00976,74.125.200.0-255,5738,214788,77,420002
2147,0.009768,172.31.40.0-255,66,214854,77,420002
2148,0.012205,74.125.200.0-255,5738,220592,77,420002
2149,0.012213,172.31.40.0-255,66,220658,77,420002
2150,0.014621,74.125.200.0-255,4320,224978,77,420002
2151,0.014628,172.31.40.0-255,66,225044,77,420002
2152,0.014654,74.125.200.0-255,1484,226528,77,420002
2153,0.017065,74.125.200.0-255,4320,230848,77,420002
2154,0.017084,172.31.40.0-255,66,230914,77,420002
2155,0.019512,74.125.200.0-255,5738,236652,77,420002
2156,0.019527,172.31.40.0-255,66,236718,77,420002
2157,0.021975,74.125.200.0-255,5738,242456,77,420002
2158,0.02199,172.31.40.0-255,66,242522,77,420002
2159,0.024435,74.125.200.0-255,5738,248260,77,420002
2160,0.024447,172.31.40.0-255,66,248326,77,420002
2161,0.026886,74.125.200.0-255,5738,254064,77,420002
2162,0.026904,172.31.40.0-255,66,254130,77,420002
2163,0.029347,74.125.200.0-255,5738,259868,77,420002
2164,0.029366,172.31.40.0-255,66,259934,77,420002
2165,0.031799,74.125.200.0-255,5738,265672,77,420002
2166,0.031812,172.31.40.0-255,66,265738,77,420002
2167,0.032004,172.31.40.0-255,172,265910,77,420002
2168,0.032034,172.31.40.0-255,1120,267030,77,420002
2169,0.032091,172.31.40.0-255,1514,268544,77,420002
2170,0.032093,172.31.40.0-255,1275,269819,77,420002
2171,0.033718,104.244.42.0-255,66,269885,77,420002
2172,0.033759,104.244.42.0-255,66,269951,77,420002
2173,0.033798,104.244.42.0-255,66,270017,77,420002
2174,0.034253,74.125.200.0-255,5738,275755,77,420002
2175,0.034262,172.31.40.0-255,66,275821,77,420002
2176,0.036694,74.125.200.0-255,5738,281559,77,420002
2177,0.036702,172.31.40.0-255,66,281625,77,420002
2178,0.039139,74.125.200.0-255,5738,287363,77,420002
2179,0.039147,172.31.40.0-255,66,287429,77,420002
2180,0.041582,74.125.200.0-255,5738,293167,77,420002
2181,0.041588,172.31.40.0-255,66,293233,77,420002
2182,0.044035,74.125.200.0-255,5738,298971,77,420002
2183,0.044042,172.31.40.0-255,66,299037,77,420002
2184,0.046471,74.125.200.0-255,5738,304775,77,420002
2185,0.046477,172.31.40.0-255,66,304841,77,420002
2186,0.048927,74.125.200.0-255,4320,309161,77,420002
2187,0.048934,172.31.40.0-255,66,309227,77,420002
2188,0.048961,74.125.200.0-255,1484,310711,77,420002
2189,0.051356,74.125.200.0-255,4320,315031,77,420002
2190,0.051362,172.31.40.0-255,66,315097,77,420002
2191,0.053828,74.125.200.0-255,4320,319417,77,420002
2192,0.053834,172.31.40.0-255,66,319483,77,420002
2193,0.053867,74.125.200.0-255,1484,320967,77,420002
2194,0.05626,74.125.200.0-255,4320,325287,77,420002
2195,0.056267,172.31.40.0-255,66,325353,77,420002
2196,0.058716,74.125.200.0-255,5738,331091,77,420002
2197,0.058723,172.31.40.0-255,66,331157,77,420002
2198,0.061172,74.125.200.0-255,5738,336895,77,420002
2199,0.061178,172.31.40.0-255,66,336961,77,420002
2200,0.063628,74.125.200.0-255,5738,342699,77,420002
2201,0.063634,172.31.40.0-255,66,342765,77,420002
2202,0.066071,74.125.200.0-255,5738,348503,77,420002
2203,0.066078,172.31.40.0-255,66,348569,77,420002
2204,0.068546,74.125.200.0-255,2902,351471,77,420002
2205,0.068552,172.31.40.0-255,66,351537,77,420002
2206,0.068583,74.125.200.0-255,2902,354439,77,420002
2207,0.068586,172.31.40.0-255,66,354505,77,420002
2208,0.071023,74.125.200.0-255,5738,360243,77,420002
2209,0.07103,172.31.40.0-255,66,360309,77,420002
2210,0.073461,74.125.200.0-255,5738,366047,77,420002
2211,0.073468,172.31.40.0-255,66,366113,77,420002
2212,0.075946,74.125.200.0-255,5738,371851,77,420002
2213,0.075953,172.31.40.0-255,66,371917,77,420002
2214,0.078398,74.125.200.0-255,5738,377655,77,420002
2215,0.078406,172.31.40.0-255,66,377721,77,420002
2216,0.080829,74.125.200.0-255,5738,383459,77,420002
2217,0.080835,172.31.40.0-255,66,383525,77,420002
2218,0.083276,74.125.200.0-255,5738,389263,77,420002
2219,0.083282,172.31.40.0-255,66,389329,77,420002
2220,0.085722,74.125.200.0-255,5738,395067,77,420002
2221,0.085729,172.31.40.0-255,66,395133,77,420002
2222,0.08827,74.125.200.0-255,5738,400871,77,420002
2223,0.088277,172.31.40.0-255,66,400937,77,420002
2224,0.090706,74.125.200.0-255,5738,406675,77,420002
2225,0.090715,172.31.40.0-255,66,406741,77,420002
2226,0.093156,74.125.200.0-255,5738,412479,77,420002
2227,0.093162,172.31.40.0-255,66,412545,77,420002
2228,0.095598,74.125.200.0-255,5738,418283,77,420002
2229,0.095605,172.31.40.0-255,66,418349,77,420002
2230,0.098019,74.125.200.0-255,1482,419831,77,420002
2231,0.098147,172.31.40.0-255,66,419897,77,420002
2232,0.098177,172.31.40.0-255,105,420002,77,420002
2233,0.0,172.217.194.0-255,153,153,77,379798
2234,2.2e-05,172.31.40.0-255,66,219,77,379798
2235,2.9e-05,172.217.194.0-255,1484,1703,77,379798
2236,3.3e-05,172.31.40.0-255,66,1769,77,379798
2237,3.8e-05,172.217.194.0-255,2902,4671,77,379798
2238,4.1e-05,172.31.40.0-255,66,4737,77,379798
2239,5.7e-05,172.217.194.0-255,7156,11893,77,379798
2240,6e-05,172.31.40.0-255,66,11959,77,379798
2241,9.1e-05,172.217.194.0-255,2101,14060,77,379798
2242,9.3e-05,172.31.40.0-255,66,14126,77,379798
2243,0.000674,172.217.194.0-255,1484,15610,77,379798
2244,0.00068,172.31.40.0-255,66,15676,77,379798
2245,0.000687,172.217.194.0-255,2902,18578,77,379798
2246,0.00069,172.31.40.0-255,66,18644,77,379798
2247,0.000724,172.217.194.0-255,5738,24382,77,379798
2248,0.000728,172.31.40.0-255,66,24448,77,379798
2249,0.000739,172.217.194.0-255,4320,28768,77,379798
2250,0.000743,172.31.40.0-255,66,28834,77,379798
2251,0.000769,172.217.194.0-255,2543,31377,77,379798
2252,0.000772,172.31.40.0-255,66,31443,77,379798
2253,0.00078,172.217.194.0-255,7156,38599,77,379798
2254,0.000782,172.31.40.0-255,66,38665,77,379798
2255,0.000829,172.31.40.0-255,66,38731,77,379798
2256,0.000862,172.217.194.0-255,10692,49423,77,379798
2257,0.000864,172.217.194.0-255,677,50100,77,379798
2258,0.000868,172.31.40.0-255,66,50166,77,379798
2259,0.000875,172.31.40.0-255,66,50232,77,379798
2260,0.00142,172.217.194.0-255,1484,51716,77,379798
2261,0.001425,172.31.40.0-255,66,51782,77,379798
2262,0.001433,172.217.194.0-255,2902,54684,77,379798
2263,0.001435,172.31.40.0-255,66,54750,77,379798
2264,0.001447,172.217.194.0-255,5738,60488,77,379798
2265,0.001449,172.31.40.0-255,66,60554,77,379798
2266,0.001454,172.217.194.0-255,2902,63456,77,379798
2267,0.001456,172.31.40.0-255,66,63522,77,379798
2268,0.001487,172.217.194.0-255,4320,67842,77,379798
2269,0.001494,172.31.40.0-255,66,67908,77,379798
2270,0.00152,172.217.194.0-255,7156,75064,77,379798
2271,0.001522,172.31.40.0-255,66,75130,77,379798
2272,0.001549,172.217.194.0-255,7156,82286,77,379798
2273,0.001552,172.31.40.0-255,66,82352,77,379798
2274,0.001557,172.217.194.0-255,2184,84536,77,379798
2275,0.001558,172.31.40.0-255,66,84602,77,379798
2276,0.001579,172.31.40.0-255,66,84668,77,379798
2277,0.001583,172.217.194.0-255,1484,86152,77,379798
2278,0.001619,172.217.194.0-255,4320,90472,77,379798
2279,0.001622,172.31.40.0-255,66,90538,77,379798
2280,0.001645,172.217.194.0-255,5738,96276,77,379798
2281,0.001647,172.31.40.0-255,66,96342,77,379798
2282,0.00167,172.217.194.0-255,3602,99944,77,379798
2283,0.001672,172.31.40.0-255,66,100010,77,379798
2284,0.001902,172.217.194.0-255,1484,101494,77,379798
2285,0.001909,172.217.194.0-255,2902,104396,77,379798
2286,0.001913,172.31.40.0-255,66,104462,77,379798
2287,0.001919,172.217.194.0-255,2902,107364,77,379798
2288,0.001921,172.31.40.0-255,66,107430,77,379798
2289,0.001943,172.217.194.0-255,2902,110332,77,379798
2290,0.001946,172.31.40.0-255,66,110398,77,379798
2291,0.001954,172.217.194.0-255,7156,117554,77,379798
2292,0.001961,172.31.40.0-255,66,117620,77,379798
2293,0.001994,172.217.194.0-255,5738,123358,77,379798
2294,0.001997,172.31.40.0-255,66,123424,77,379798
2295,0.002013,172.217.194.0-255,10692,134116,77,379798
2296,0.002015,172.31.40.0-255,66,134182,77,379798
2297,0.002037,172.217.194.0-255,1484,135666,77,379798
2298,0.002055,172.217.194.0-255,1484,137150,77,379798
2299,0.002057,172.31.40.0-255,66,137216,77,379798
2300,0.002086,172.217.194.0-255,1484,138700,77,379798
2301,0.002093,172.217.194.0-255,5738,144438,77,379798
2302,0.002096,172.31.40.0-255,66,144504,77,379798
2303,0.002103,172.217.194.0-255,5738,150242,77,379798
2304,0.002105,172.31.40.0-255,66,150308,77,379798
2305,0.002145,172.217.194.0-255,2902,153210,77,379798
2306,0.002148,172.31.40.0-255,66,153276,77,379798
2307,0.002171,172.217.194.0-255,7156,160432,77,379798
2308,0.002175,172.31.40.0-255,66,160498,77,379798
2309,0.002204,172.217.194.0-255,2902,163400,77,379798
2310,0.002207,172.31.40.0-255,66,163466,77,379798
2311,0.002213,172.217.194.0-255,5020,168486,77,379798
2312,0.002216,172.31.40.0-255,66,168552,77,379798
2313,0.004532,172.217.194.0-255,5738,174290,77,379798
2314,0.004542,172.31.40.0-255,66,174356,77,379798
2315,0.006815,172.217.194.0-255,5738,180094,77,379798
2316,0.006821,172.31.40.0-255,66,180160,77,379798
2317,0.009151,172.217.194.0-255,5738,185898,77,379798
2318,0.009155,172.31.40.0-255,66,185964,77,379798
2319,0.011475,172.217.194.0-255,5738,191702,77,379798
2320,0.011483,172.31.40.0-255,66,191768,77,379798
2321,0.013841,172.217.194.0-255,5738,197506,77,379798
2322,0.01385,172.31.40.0-255,66,197572,77,379798
2323,0.016157,172.217.194.0-255,5738,203310,77,379798
2324,0.016164,172.31.40.0-255,66,203376,77,379798
2325,0.018457,172.217.194.0-255,5738,209114,77,379798
2326,0.018464,172.31.40.0-255,66,209180,77,379798
2327,0.020776,172.217.194.0-255,5738,214918,77,379798
2328,0.020782,172.31.40.0-255,66,214984,77,379798
2329,0.023113,172.217.194.0-255,5738,220722,77,379798
2330,0.023119,172.31.40.0-255,66,220788,77,379798
2331,0.025446,172.217.194.0-255,5738,226526,77,379798
2332,0.025465,172.31.40.0-255,66,226592,77,379798
2333,0.027754,172.217.194.0-255,5738,232330,77,379798
2334,0.027765,172.31.40.0-255,66,232396,77,379798
2335,0.030068,172.217.194.0-255,5738,238134,77,379798
2336,0.030086,172.31.40.0-255,66,238200,77,379798
2337,0.032445,172.217.194.0-255,5738,243938,77,379798
2338,0.032454,172.31.40.0-255,66,244004,77,379798
2339,0.034768,172.217.194.0-255,5738,249742,77,379798
2340,0.034777,172.31.40.0-255,66,249808,77,379798
2341,0.037092,172.217.194.0-255,5738,255546,77,379798
2342,0.037104,172.31.40.0-255,66,255612,77,379798
2343,0.039395,172.217.194.0-255,5738,261350,77,379798
2344,0.039402,172.31.40.0-255,66,261416,77,379798
2345,0.041696,172.217.194.0-255,5738,267154,77,379798
2346,0.041716,172.31.40.0-255,66,267220,77,379798
2347,0.044018,172.217.194.0-255,5738,272958,77,379798
2348,0.044028,172.31.40.0-255,66,273024,77,379798
2349,0.046311,172.217.194.0-255,5738,278762,77,379798
2350,0.046318,172.31.40.0-255,66,278828,77,379798
2351,0.048636,172.217.194.0-255,5738,284566,77,379798
2352,0.048642,172.31.40.0-255,66,284632,77,379798
2353,0.050919,172.217.194.0-255,5738,290370,77,379798
2354,0.050926,172.31.40.0-255,66,290436,77,379798
2355,0.052698,172.31.40.0-255,172,290608,77,379798
2356,0.052728,172.31.40.0-255,613,291221,77,379798
2357,0.053272,172.217.194.0-255,5738,296959,77,379798
2358,0.053279,172.31.40.0-255,66,297025,77,379798
2359,0.055241,104.244.42.0-255,66,297091,77,379798
2360,0.05556,172.217.194.0-255,4320,301411,77,379798
2361,0.055563,172.31.40.0-255,66,301477,77,379798
2362,0.055585,172.217.194.0-255,1484,302961,77,379798
2363,0.057866,172.217.194.0-255,4320,307281,77,379798
2364,0.057872,172.31.40.0-255,66,307347,77,379798
2365,0.060149,172.217.194.0-255,5738,313085,77,379798
2366,0.060155,172.31.40.0-255,66,313151,77,379798
2367,0.062459,172.217.194.0-255,5738,318889,77,379798
2368,0.062466,172.31.40.0-255,66,318955,77,379798
2369,0.064762,172.217.194.0-255,5738,324693,77,379798
2370,0.064768,172.31.40.0-255,66,324759,77,379798
2371,0.067074,172.217.194.0-255,5738,330497,77,379798
2372,0.067081,172.31.40.0-255,66,330563,77,379798
2373,0.069358,172.217.194.0-255,5738,336301,77,379798
2374,0.069364,172.31.40.0-255,66,336367,77,379798
2375,0.071689,172.217.194.0-255,5738,342105,77,379798
2376,0.071694,172.31.40.0-255,66,342171,77,379798
2377,0.073969,172.217.194.0-255,5738,347909,77,379798
2378,0.073976,172.31.40.0-255,66,347975,77,379798
2379,0.076272,172.217.194.0-255,5738,353713,77,379798
2380,0.076281,172.31.40.0-255,66,353779,77,379798
2381,0.078594,172.217.194.0-255,5738,359517,77,379798
2382,0.078604,172.31.40.0-255,66,359583,77,379798
2383,0.080887,172.217.194.0-255,5738,365321,77,379798
2384,0.080894,172.31.40.0-255,66,365387,77,379798
2385,0.083198,172.217.194.0-255,5738,371125,77,379798
2386,0.083204,172.31.40.0-255,66,371191,77,379798
2387,0.085507,172.217.194.0-255,5738,376929,77,379798
2388,0.085512,172.31.40.0-255,66,376995,77,379798
2389,0.087893,172.217.194.0-255,2041,379036,77,379798
2390,0.087899,172.31.40.0-255,66,379102,77,379798
2391,0.088083,172.31.40.0-255,105,379207,77,379798
2392,0.088119,172.31.40.0-255,105,379312,77,379798
2393,0.088397,172.31.40.0-255,90,379402,77,379798
2394,0.088408,172.31.40.0-255,66,379468,77,379798
2395,0.090335,172.217.194.0-255,66,379534,77,379798
2396,0.090365,172.217.194.0-255,66,379600,77,379798
2397,0.090669,172.217.194.0-255,66,379666,77,379798
2398,0.090697,172.217.194.0-255,66,379732,77,379798
2399,0.090703,172.31.40.0-255,66,379798,77,379798
2400,0.0,172.31.40.0-255,105,105,77,276
2401,0.00218,157.240.7.0-255,105,210,77,276
2402,0.002195,172.31.40.0-255,66,276,77,276
2403,0.0,172.217.194.0-255,152,152,77,352777
2404,2e-05,172.31.40.0-255,66,218,77,352777
2405,2.7e-05,172.217.194.0-255,1484,1702,77,352777
2406,3.1e-05,172.31.40.0-255,66,1768,77,352777
2407,3.7e-05,172.217.194.0-255,2902,4670,77,352777
2408,4e-05,172.31.40.0-255,66,4736,77,352777
2409,4.6e-05,172.217.194.0-255,5738,10474,77,352777
2410,4.9e-05,172.31.40.0-255,66,10540,77,352777
2411,8.4e-05,172.217.194.0-255,5738,16278,77,352777
2412,8.7e-05,172.31.40.0-255,66,16344,77,352777
2413,0.000104,172.217.194.0-255,3456,19800,77,352777
2414,0.000106,172.31.40.0-255,66,19866,77,352777
2415,0.00013,172.217.194.0-255,5738,25604,77,352777
2416,0.000132,172.31.40.0-255,66,25670,77,352777
2417,0.000153,172.217.194.0-255,4320,29990,77,352777
2418,0.000155,172.31.40.0-255,66,30056,77,352777
2419,0.000167,172.217.194.0-255,1125,31181,77,352777
2420,0.000169,172.31.40.0-255,66,31247,77,352777
2421,0.000284,172.217.194.0-255,1484,32731,77,352777
2422,0.000288,172.31.40.0-255,66,32797,77,352777
2423,0.000294,172.217.194.0-255,2902,35699,77,352777
2424,0.000296,172.31.40.0-255,66,35765,77,352777
2425,0.000324,172.217.194.0-255,5738,41503,77,352777
2426,0.000327,172.31.40.0-255,66,41569,77,352777
2427,0.000346,172.217.194.0-255,4320,45889,77,352777
2428,0.000348,172.31.40.0-255,66,45955,77,352777
2429,0.000394,172.217.194.0-255,4320,50275,77,352777
2430,0.000399,172.31.40.0-255,66,50341,77,352777
2431,0.000413,172.217.194.0-255,1484,51825,77,352777
2432,0.000415,172.31.40.0-255,66,51891,77,352777
2433,0.000422,172.217.194.0-255,7156,59047,77,352777
2434,0.000425,172.31.40.0-255,66,59113,77,352777
2435,0.00043,172.217.194.0-255,5738,64851,77,352777
2436,0.000433,172.31.40.0-255,66,64917,77,352777
2437,0.000474,172.217.194.0-255,1379,66296,77,352777
2438,0.000563,172.217.194.0-255,1484,67780,77,352777
2439,0.000567,172.31.40.0-255,66,67846,77,352777
2440,0.000572,172.217.194.0-255,2902,70748,77,352777
2441,0.000574,172.31.40.0-255,66,70814,77,352777
2442,0.000586,172.217.194.0-255,2902,73716,77,352777
2443,0.000589,172.31.40.0-255,66,73782,77,352777
2444,0.000609,172.217.194.0-255,2902,76684,77,352777
2445,0.000612,172.31.40.0-255,66,76750,77,352777
2446,0.000616,172.217.194.0-255,2902,79652,77,352777
2447,0.000618,172.31.40.0-255,66,79718,77,352777
2448,0.000636,172.217.194.0-255,9992,89710,77,352777
2449,0.000639,172.31.40.0-255,66,89776,77,352777
2450,0.000644,172.217.194.0-255,4320,94096,77,352777
2451,0.000646,172.31.40.0-255,66,94162,77,352777
2452,0.000672,172.217.194.0-255,4320,98482,77,352777
2453,0.000706,172.31.40.0-255,66,98548,77,352777
2454,0.00071,172.217.194.0-255,2184,100732,77,352777
2455,0.000712,172.31.40.0-255,66,100798,77,352777
2456,0.001569,172.217.194.0-255,1484,102282,77,352777
2457,0.001578,172.217.194.0-255,2902,105184,77,352777
2458,0.001582,172.31.40.0-255,66,105250,77,352777
2459,0.001604,172.217.194.0-255,2902,108152,77,352777
2460,0.001605,172.31.40.0-255,66,108218,77,352777
2461,0.001612,172.217.194.0-255,5738,113956,77,352777
2462,0.001614,172.31.40.0-255,66,114022,77,352777
2463,0.001634,172.217.194.0-255,1484,115506,77,352777
2464,0.001653,172.217.194.0-255,4320,119826,77,352777
2465,0.001655,172.31.40.0-255,66,119892,77,352777
2466,0.001679,172.217.194.0-255,9992,129884,77,352777
2467,0.001681,172.31.40.0-255,66,129950,77,352777
2468,0.001715,172.217.194.0-255,5020,134970,77,352777
2469,0.001718,172.31.40.0-255,66,135036,77,352777
2470,0.005056,172.217.194.0-255,1484,136520,77,352777
2471,0.005075,172.217.194.0-255,2902,139422,77,352777
2472,0.005078,172.31.40.0-255,66,139488,77,352777
2473,0.005082,172.217.194.0-255,1484,140972,77,352777
2474,0.007617,172.217.194.0-255,4320,145292,77,352777
2475,0.007622,172.31.40.0-255,66,145358,77,352777
2476,0.010208,172.217.194.0-255,5738,151096,77,352777
2477,0.010217,172.31.40.0-255,66,151162,77,352777
2478,0.012773,172.217.194.0-255,5738,156900,77,352777
2479,0.012782,172.31.40.0-255,66,156966,77,352777
2480,0.015376,172.217.194.0-255,5738,162704,77,352777
2481,0.015388,172.31.40.0-255,66,162770,77,352777
2482,0.017973,172.217.194.0-255,5738,168508,77,352777
2483,0.017983,172.31.40.0-255,66,168574,77,352777
2484,0.02055,172.217.194.0-255,5738,174312,77,352777
2485,0.020558,172.31.40.0-255,66,174378,77,352777
2486,0.023142,172.217.194.0-255,5738,180116,77,352777
2487,0.023149,172.31.40.0-255,66,180182,77,352777
2488,0.025719,172.217.194.0-255,5738,185920,77,352777
2489,0.025728,172.31.40.0-255,66,185986,77,352777
2490,0.028095,172.31.40.0-255,172,186158,77,352777
2491,0.028133,172.31.40.0-255,1120,187278,77,352777
2492,0.028191,172.31.40.0-255,1514,188792,77,352777
2493,0.028193,172.31.40.0-255,1275,190067,77,352777
2494,0.028313,172.217.194.0-255,5738,195805,77,352777
2495,0.02832,172.31.40.0-255,66,195871,77,352777
2496,0.02963,104.244.42.0-255,66,195937,77,352777
2497,0.029673,104.244.42.0-255,66,196003,77,352777
2498,0.029781,104.244.42.0-255,66,196069,77,352777
2499,0.030888,172.217.194.0-255,5738,201807,77,352777
2500,0.030894,172.31.40.0-255,66,201873,77,352777
2501,0.033512,172.217.194.0-255,5738,207611,77,352777
2502,0.03352,172.31.40.0-255,66,207677,77,352777
2503,0.036079,172.217.194.0-255,5738,213415,77,352777
2504,0.036084,172.31.40.0-255,66,213481,77,352777
2505,0.03867,172.217.194.0-255,5738,219219,77,352777
2506,0.038675,172.31.40.0-255,66,219285,77,352777
2507,0.041307,172.217.194.0-255,5738,225023,77,352777
2508,0.041313,172.31.40.0-255,66,225089,77,352777
2509,0.043886,172.217.194.0-255,5738,230827,77,352777
2510,0.043896,172.31.40.0-255,66,230893,77,352777
2511,0.046491,172.217.194.0-255,5738,236631,77,352777
2512,0.046498,172.31.40.0-255,66,236697,77,352777
2513,0.049053,172.217.194.0-255,5738,242435,77,352777
2514,0.049059,172.31.40.0-255,66,242501,77,352777
2515,0.051653,172.217.194.0-255,5738,248239,77,352777
2516,0.05166,172.31.40.0-255,66,248305,77,352777
2517,0.054272,172.217.194.0-255,5738,254043,77,352777
2518,0.054279,172.31.40.0-255,66,254109,77,352777
2519,0.056855,172.217.194.0-255,5738,259847,77,352777
2520,0.05686,172.31.40.0-255,66,259913,77,352777
2521,0.059467,172.217.194.0-255,5738,265651,77,352777
2522,0.059472,172.31.40.0-255,66,265717,77,352777
2523,0.062086,172.217.194.0-255,5738,271455,77,352777
2524,0.062092,172.31.40.0-255,66,271521,77,352777
2525,0.064706,172.217.194.0-255,5738,277259,77,352777
2526,0.064713,172.31.40.0-255,66,277325,77,352777
2527,0.067286,172.217.194.0-255,5738,283063,77,352777
2528,0.067292,172.31.40.0-255,66,283129,77,352777
2529,0.069923,172.217.194.0-255,5738,288867,77,352777
2530,0.069929,172.31.40.0-255,66,288933,77,352777
2531,0.072503,172.217.194.0-255,5738,294671,77,352777
2532,0.072508,172.31.40.0-255,66,294737,77,352777
2533,0.075083,172.217.194.0-255,5738,300475,77,352777
2534,0.075091,172.31.40.0-255,66,300541,77,352777
2535,0.077682,172.217.194.0-255,5738,306279,77,352777
2536,0.077688,172.31.40.0-255,66,306345,77,352777
2537,0.080263,172.217.194.0-255,5738,312083,77,352777
2538,0.080268,172.31.40.0-255,66,312149,77,352777
2539,0.082854,172.217.194.0-255,5738,317887,77,352777
2540,0.082861,172.31.40.0-255,66,317953,77,352777
2541,0.085427,172.217.194.0-255,5738,323691,77,352777
2542,0.085434,172.31.40.0-255,66,323757,77,352777
2543,0.087995,172.217.194.0-255,5738,329495,77,352777
2544,0.088,172.31.40.0-255,66,329561,77,352777
2545,0.090578,172.217.194.0-255,5738,335299,77,352777
2546,0.090584,172.31.40.0-255,66,335365,77,352777
2547,0.093158,172.217.194.0-255,5738,341103,77,352777
2548,0.093165,172.31.40.0-255,66,341169,77,352777
2549,0.095732,172.217.194.0-255,5738,346907,77,352777
2550,0.095738,172.31.40.0-255,66,346973,77,352777
2551,0.098326,172.217.194.0-255,5738,352711,77,352777
2552,0.098332,172.31.40.0-255,66,352777,77,352777
2553,0.0,74.125.200.0-255,146,146,77,422682
2554,2.1e-05,172.31.40.0-255,66,212,77,422682
2555,2.7e-05,74.125.200.0-255,1484,1696,77,422682
2556,3.1e-05,172.31.40.0-255,66,1762,77,422682
2557,3.7e-05,74.125.200.0-255,2902,4664,77,422682
2558,4.1e-05,172.31.40.0-255,66,4730,77,422682
2559,4.4e-05,74.125.200.0-255,1484,6214,77,422682
2560,4.7e-05,172.31.40.0-255,66,6280,77,422682
2561,7.9e-05,74.125.200.0-255,2902,9182,77,422682
2562,8.2e-05,172.31.40.0-255,66,9248,77,422682
2563,8.6e-05,74.125.200.0-255,2902,12150,77,422682
2564,8.8e-05,172.31.40.0-255,66,12216,77,422682
2565,0.000117,74.125.200.0-255,6343,18559,77,422682
2566,0.000119,172.31.40.0-255,66,18625,77,422682
2567,0.000127,74.125.200.0-255,9992,28617,77,422682
2568,0.00013,172.31.40.0-255,66,28683,77,422682
2569,0.00017,74.125.200.0-255,2543,31226,77,422682
2570,0.000172,172.31.40.0-255,66,31292,77,422682
2571,0.00019,74.125.200.0-255,1484,32776,77,422682
2572,0.000192,172.31.40.0-255,66,32842,77,422682
2573,0.000205,74.125.200.0-255,1484,34326,77,422682
2574,0.000207,172.31.40.0-255,66,34392,77,422682
2575,0.000221,74.125.200.0-255,1484,35876,77,422682
2576,0.000223,172.31.40.0-255,66,35942,77,422682
2577,0.000239,74.125.200.0-255,5738,41680,77,422682
2578,0.000241,172.31.40.0-255,66,41746,77,422682
2579,0.000244,74.125.200.0-255,1484,43230,77,422682
2580,0.000245,172.31.40.0-255,66,43296,77,422682
2581,0.000281,74.125.200.0-255,8574,51870,77,422682
2582,0.000283,172.31.40.0-255,66,51936,77,422682
2583,0.000287,74.125.200.0-255,2902,54838,77,422682
2584,0.00029,172.31.40.0-255,66,54904,77,422682
2585,0.000304,74.125.200.0-255,1484,56388,77,422682
2586,0.000328,74.125.200.0-255,5738,62126,77,422682
2587,0.00033,172.31.40.0-255,66,62192,77,422682
2588,0.000346,74.125.200.0-255,1484,63676,77,422682
2589,0.00035,74.125.200.0-255,2184,65860,77,422682
2590,0.000352,172.31.40.0-255,66,65926,77,422682
2591,0.000367,74.125.200.0-255,367,66293,77,422682
2592,0.000407,74.125.200.0-255,126,66419,77,422682
2593,0.000448,74.125.200.0-255,1484,67903,77,422682
2594,0.000452,172.31.40.0-255,66,67969,77,422682
2595,0.00048,74.125.200.0-255,2902,70871,77,422682
2596,0.000483,172.31.40.0-255,66,70937,77,422682
2597,0.000498,74.125.200.0-255,2902,73839,77,422682
2598,0.0005,172.31.40.0-255,66,73905,77,422682
2599,0.000521,74.125.200.0-255,2902,76807,77,422682
2600,0.000523,172.31.40.0-255,66,76873,77,422682
2601,0.000538,74.125.200.0-255,1484,78357,77,422682
2602,0.000543,74.125.200.0-255,2902,81259,77,422682
2603,0.000545,172.31.40.0-255,66,81325,77,422682
2604,0.000566,74.125.200.0-255,2902,84227,77,422682
2605,0.000569,172.31.40.0-255,66,84293,77,422682
2606,0.000576,74.125.200.0-255,7156,91449,77,422682
2607,0.000578,172.31.40.0-255,66,91515,77,422682
2608,0.000598,74.125.200.0-255,4320,95835,77,422682
2609,0.000601,172.31.40.0-255,66,95901,77,422682
2610,0.000614,74.125.200.0-255,4721,100622,77,422682
2611,0.000617,172.31.40.0-255,66,100688,77,422682
2612,0.000646,74.125.200.0-255,1484,102172,77,422682
2613,0.000661,74.125.200.0-255,2902,105074,77,422682
2614,0.000664,172.31.40.0-255,66,105140,77,422682
2615,0.000681,74.125.200.0-255,1484,106624,77,422682
2616,0.000695,74.125.200.0-255,4320,110944,77,422682
2617,0.000698,172.31.40.0-255,66,111010,77,422682
2618,0.0007,74.125.200.0-255,1484,112494,77,422682
2619,0.00072,74.125.200.0-255,2902,115396,77,422682
2620,0.000723,172.31.40.0-255,66,115462,77,422682
2621,0.000743,74.125.200.0-255,5738,121200,77,422682
2622,0.000745,172.31.40.0-255,66,121266,77,422682
2623,0.000748,74.125.200.0-255,1484,122750,77,422682
2624,0.000772,74.125.200.0-255,2902,125652,77,422682
2625,0.000774,172.31.40.0-255,66,125718,77,422682
2626,0.000784,74.125.200.0-255,1484,127202,77,422682
2627,0.0008,74.125.200.0-255,4320,131522,77,422682
2628,0.000803,172.31.40.0-255,66,131588,77,422682
2629,0.000805,74.125.200.0-255,1484,133072,77,422682
2630,0.000861,74.125.200.0-255,2184,135256,77,422682
2631,0.000865,172.31.40.0-255,66,135322,77,422682
2632,0.000998,74.125.200.0-255,1484,136806,77,422682
2633,0.001003,74.125.200.0-255,1484,138290,77,422682
2634,0.001006,172.31.40.0-255,66,138356,77,422682
2635,0.001022,74.125.200.0-255,1484,139840,77,422682
2636,0.001028,74.125.200.0-255,5738,145578,77,422682
2637,0.00103,172.31.40.0-255,66,145644,77,422682
2638,0.001065,74.125.200.0-255,7156,152800,77,422682
2639,0.001068,172.31.40.0-255,66,152866,77,422682
2640,0.001098,74.125.200.0-255,2902,155768,77,422682
2641,0.001101,172.31.40.0-255,66,155834,77,422682
2642,0.001119,74.125.200.0-255,5738,161572,77,422682
2643,0.001121,172.31.40.0-255,66,161638,77,422682
2644,0.001154,74.125.200.0-255,7156,168794,77,422682
2645,0.001157,172.31.40.0-255,66,168860,77,422682
2646,0.001235,74.125.200.0-255,766,169626,77,422682
2647,0.001363,74.125.200.0-255,1484,171110,77,422682
2648,0.001367,172.31.40.0-255,66,171176,77,422682
2649,0.001371,74.125.200.0-255,1484,172660,77,422682
2650,0.001388,74.125.200.0-255,1484,174144,77,422682
2651,0.001393,74.125.200.0-255,4320,178464,77,422682
2652,0.001396,172.31.40.0-255,66,178530,77,422682
2653,0.001399,172.31.40.0-255,66,178596,77,422682
2654,0.001414,74.125.200.0-255,1484,180080,77,422682
2655,0.001421,74.125.200.0-255,7156,187236,77,422682
2656,0.001423,172.31.40.0-255,66,187302,77,422682
2657,0.001442,74.125.200.0-255,1484,188786,77,422682
2658,0.001457,74.125.200.0-255,5738,194524,77,422682
2659,0.00146,172.31.40.0-255,66,194590,77,422682
2660,0.001471,74.125.200.0-255,5738,200328,77,422682
2661,0.001474,172.31.40.0-255,66,200394,77,422682
2662,0.001489,74.125.200.0-255,1484,201878,77,422682
2663,0.001493,74.125.200.0-255,2184,204062,77,422682
2664,0.001495,172.31.40.0-255,66,204128,77,422682
2665,0.001675,74.125.200.0-255,1484,205612,77,422682
2666,0.001679,74.125.200.0-255,1484,207096,77,422682
2667,0.001683,172.31.40.0-255,66,207162,77,422682
2668,0.0017,74.125.200.0-255,1484,208646,77,422682
2669,0.001707,74.125.200.0-255,5738,214384,77,422682
2670,0.00171,74.125.200.0-255,2902,217286,77,422682
2671,0.001746,172.31.40.0-255,66,217352,77,422682
2672,0.001749,172.31.40.0-255,66,217418,77,422682
2673,0.001768,74.125.200.0-255,9992,227410,77,422682
2674,0.001771,172.31.40.0-255,66,227476,77,422682
2675,0.001777,74.125.200.0-255,5738,233214,77,422682
2676,0.00178,172.31.40.0-255,66,233280,77,422682
2677,0.001797,74.125.200.0-255,5020,238300,77,422682
2678,0.0018,172.31.40.0-255,66,238366,77,422682
2679,0.00181,74.125.200.0-255,11410,249776,77,422682
2680,0.001812,172.31.40.0-255,66,249842,77,422682
2681,0.001824,74.125.200.0-255,5738,255580,77,422682
2682,0.001826,172.31.40.0-255,66,255646,77,422682
2683,0.001869,74.125.200.0-255,4320,259966,77,422682
2684,0.001873,172.31.40.0-255,66,260032,77,422682
2685,0.001902,74.125.200.0-255,12110,272142,77,422682
2686,0.001906,172.31.40.0-255,66,272208,77,422682
2687,0.00192,74.125.200.0-255,4320,276528,77,422682
2688,0.001923,172.31.40.0-255,66,276594,77,422682
2689,0.001951,74.125.200.0-255,8574,285168,77,422682
2690,0.001954,172.31.40.0-255,66,285234,77,422682
2691,0.001972,74.125.200.0-255,1484,286718,77,422682
2692,0.002004,74.125.200.0-255,12828,299546,77,422682
2693,0.002007,172.31.40.0-255,66,299612,77,422682
2694,0.002027,74.125.200.0-255,1484,301096,77,422682
2695,0.002051,74.125.200.0-255,5020,306116,77,422682
2696,0.002054,172.31.40.0-255,66,306182,77,422682
2697,0.002084,74.125.200.0-255,1484,307666,77,422682
2698,0.002108,74.125.200.0-255,2902,310568,77,422682
2699,0.002111,172.31.40.0-255,66,310634,77,422682
2700,0.002114,74.125.200.0-255,1484,312118,77,422682
2701,0.002117,74.125.200.0-255,1484,313602,77,422682
2702,0.002119,172.31.40.0-255,66,313668,77,422682
2703,0.002133,74.125.200.0-255,1484,315152,77,422682
2704,0.002156,74.125.200.0-255,5738,320890,77,422682
2705,0.00216,172.31.40.0-255,66,320956,77,422682
2706,0.002164,74.125.200.0-255,2902,323858,77,422682
2707,0.002166,172.31.40.0-255,66,323924,77,422682
2708,0.002189,74.125.200.0-255,5738,329662,77,422682
2709,0.002192,172.31.40.0-255,66,329728,77,422682
2710,0.002217,74.125.200.0-255,8574,338302,77,422682
2711,0.00222,172.31.40.0-255,66,338368,77,422682
2712,0.002239,74.125.200.0-255,1484,339852,77,422682
2713,0.002241,74.125.200.0-255,766,340618,77,422682
2714,0.002244,172.31.40.0-255,66,340684,77,422682
2715,0.002247,74.125.200.0-255,1484,342168,77,422682
2716,0.002252,74.125.200.0-255,4320,346488,77,422682
2717,0.002254,172.31.40.0-255,66,346554,77,422682
2718,0.002257,74.125.200.0-255,1484,348038,77,422682
2719,0.002287,74.125.200.0-255,8574,356612,77,422682
2720,0.00229,172.31.40.0-255,66,356678,77,422682
2721,0.002295,74.125.200.0-255,4320,360998,77,422682
2722,0.002297,172.31.40.0-255,66,361064,77,422682
2723,0.002332,74.125.200.0-255,4320,365384,77,422682
2724,0.002336,172.31.40.0-255,66,365450,77,422682
2725,0.002359,74.125.200.0-255,9274,374724,77,422682
2726,0.002362,172.31.40.0-255,66,374790,77,422682
2727,0.004673,74.125.200.0-255,5738,380528,77,422682
2728,0.004679,172.31.40.0-255,66,380594,77,422682
2729,0.006998,74.125.200.0-255,5738,386332,77,422682
2730,0.007005,172.31.40.0-255,66,386398,77,422682
2731,0.00932,74.125.200.0-255,5738,392136,77,422682
2732,0.009329,172.31.40.0-255,66,392202,77,422682
2733,0.011648,74.125.200.0-255,5738,397940,77,422682
2734,0.011655,172.31.40.0-255,66,398006,77,422682
2735,0.014005,74.125.200.0-255,5738,403744,77,422682
2736,0.014014,172.31.40.0-255,66,403810,77,422682
2737,0.016363,74.125.200.0-255,5738,409548,77,422682
2738,0.016374,172.31.40.0-255,66,409614,77,422682
2739,0.018706,74.125.200.0-255,5738,415352,77,422682
2740,0.018714,172.31.40.0-255,66,415418,77,422682
2741,0.021021,74.125.200.0-255,663,416081,77,422682
2742,0.025054,172.31.40.0-255,66,416147,77,422682
2743,0.025107,172.31.40.0-255,105,416252,77,422682
2744,0.027386,74.125.200.0-255,66,416318,77,422682
2745,0.035462,172.31.40.0-255,172,416490,77,422682
2746,0.035496,172.31.40.0-255,1116,417606,77,422682
2747,0.035563,172.31.40.0-255,1514,419120,77,422682
2748,0.035564,172.31.40.0-255,1514,420634,77,422682
2749,0.035565,172.31.40.0-255,1514,422148,77,422682
2750,0.035567,172.31.40.0-255,270,422418,77,422682
2751,0.037097,104.244.42.0-255,66,422484,77,422682
2752,0.037151,104.244.42.0-255,66,422550,77,422682
2753,0.037232,104.244.42.0-255,66,422616,77,422682
2754,0.037239,104.244.42.0-255,66,422682,77,422682
2755,0.0,172.31.40.0-255,105,105,77,421216
2756,0.000241,172.31.40.0-255,90,195,77,421216
2757,0.000263,172.31.40.0-255,66,261,77,421216
2758,0.002175,74.125.24.0-255,66,327,77,421216
2759,0.002207,74.125.24.0-255,66,393,77,421216
2760,0.00222,172.31.40.0-255,66,459,77,421216
2761,0.002224,74.125.24.0-255,66,525,77,421216
2762,0.03639,172.253.118.0-255,146,671,77,421216
2763,0.036413,172.31.40.0-255,66,737,77,421216
2764,0.03642,172.253.118.0-255,1484,2221,77,421216
2765,0.036424,172.31.40.0-255,66,2287,77,421216
2766,0.03643,172.253.118.0-255,2902,5189,77,421216
2767,0.036433,172.31.40.0-255,66,5255,77,421216
2768,0.036436,172.253.118.0-255,1484,6739,77,421216
2769,0.036439,172.31.40.0-255,66,6805,77,421216
2770,0.036446,172.253.118.0-255,4320,11125,77,421216
2771,0.036448,172.31.40.0-255,66,11191,77,421216
2772,0.036475,172.253.118.0-255,4999,16190,77,421216
2773,0.036478,172.31.40.0-255,66,16256,77,421216
2774,0.036489,172.253.118.0-255,12828,29084,77,421216
2775,0.036491,172.31.40.0-255,66,29150,77,421216
2776,0.036522,172.253.118.0-255,2543,31693,77,421216
2777,0.036525,172.31.40.0-255,66,31759,77,421216
2778,0.036744,172.253.118.0-255,1484,33243,77,421216
2779,0.036749,172.31.40.0-255,66,33309,77,421216
2780,0.036771,172.253.118.0-255,2902,36211,77,421216
2781,0.036774,172.31.40.0-255,66,36277,77,421216
2782,0.03678,172.253.118.0-255,5738,42015,77,421216
2783,0.036783,172.31.40.0-255,66,42081,77,421216
2784,0.036836,172.253.118.0-255,8574,50655,77,421216
2785,0.036841,172.31.40.0-255,66,50721,77,421216
2786,0.036861,172.253.118.0-255,3961,54682,77,421216
2787,0.036863,172.31.40.0-255,66,54748,77,421216
2788,0.036884,172.253.118.0-255,11327,66075,77,421216
2789,0.036887,172.31.40.0-255,66,66141,77,421216
2790,0.036947,172.253.118.0-255,381,66522,77,421216
2791,0.036951,172.31.40.0-255,66,66588,77,421216
2792,0.037143,172.253.118.0-255,1484,68072,77,421216
2793,0.037148,172.31.40.0-255,66,68138,77,421216
2794,0.037153,172.253.118.0-255,2902,71040,77,421216
2795,0.037156,172.31.40.0-255,66,71106,77,421216
2796,0.037181,172.253.118.0-255,2902,74008,77,421216
2797,0.037184,172.31.40.0-255,66,74074,77,421216
2798,0.037191,172.253.118.0-255,4320,78394,77,421216
2799,0.037192,172.31.40.0-255,66,78460,77,421216
2800,0.037215,172.253.118.0-255,2902,81362,77,421216
2801,0.037219,172.31.40.0-255,66,81428,77,421216
2802,0.037246,172.253.118.0-255,12828,94256,77,421216
2803,0.03725,172.31.40.0-255,66,94322,77,421216
2804,0.03727,172.253.118.0-255,1484,95806,77,421216
2805,0.037278,172.253.118.0-255,5020,100826,77,421216
2806,0.037281,172.31.40.0-255,66,100892,77,421216
2807,0.037366,172.253.118.0-255,1484,102376,77,421216
2808,0.037372,172.253.118.0-255,2902,105278,77,421216
2809,0.037375,172.31.40.0-255,66,105344,77,421216
2810,0.037396,172.253.118.0-255,2902,108246,77,421216
2811,0.037399,172.31.40.0-255,66,108312,77,421216
2812,0.037415,172.253.118.0-255,2902,111214,77,421216
2813,0.037418,172.31.40.0-255,66,111280,77,421216
2814,0.037443,172.253.118.0-255,9992,121272,77,421216
2815,0.037446,172.31.40.0-255,66,121338,77,421216
2816,0.037449,172.253.118.0-255,1484,122822,77,421216
2817,0.037487,172.253.118.0-255,9992,132814,77,421216
2818,0.037491,172.31.40.0-255,66,132880,77,421216
2819,0.037495,172.253.118.0-255,2184,135064,77,421216
2820,0.037497,172.31.40.0-255,66,135130,77,421216
2821,0.037566,172.253.118.0-255,1484,136614,77,421216
2822,0.037583,172.253.118.0-255,2902,139516,77,421216
2823,0.037586,172.31.40.0-255,66,139582,77,421216
2824,0.03761,172.253.118.0-255,5738,145320,77,421216
2825,0.037615,172.31.40.0-255,66,145386,77,421216
2826,0.037629,172.253.118.0-255,5738,151124,77,421216
2827,0.037631,172.31.40.0-255,66,151190,77,421216
2828,0.037651,172.253.118.0-255,4320,155510,77,421216
2829,0.037653,172.31.40.0-255,66,155576,77,421216
2830,0.037663,172.253.118.0-255,9992,165568,77,421216
2831,0.037665,172.31.40.0-255,66,165634,77,421216
2832,0.037688,172.253.118.0-255,1484,167118,77,421216
2833,0.037693,172.253.118.0-255,2184,169302,77,421216
2834,0.037695,172.31.40.0-255,66,169368,77,421216
2835,0.038178,172.253.118.0-255,1484,170852,77,421216
2836,0.038184,172.253.118.0-255,2902,173754,77,421216
2837,0.038188,172.31.40.0-255,66,173820,77,421216
2838,0.038204,172.253.118.0-255,5738,179558,77,421216
2839,0.038206,172.31.40.0-255,66,179624,77,421216
2840,0.038244,172.253.118.0-255,12828,192452,77,421216
2841,0.038247,172.31.40.0-255,66,192518,77,421216
2842,0.038256,172.253.118.0-255,7156,199674,77,421216
2843,0.038258,172.31.40.0-255,66,199740,77,421216
2844,0.038283,172.253.118.0-255,3602,203342,77,421216
2845,0.038288,172.31.40.0-255,66,203408,77,421216
2846,0.038473,172.253.118.0-255,1484,204892,77,421216
2847,0.03848,172.253.118.0-255,2902,207794,77,421216
2848,0.038483,172.31.40.0-255,66,207860,77,421216
2849,0.038488,172.253.118.0-255,4320,212180,77,421216
2850,0.03849,172.31.40.0-255,66,212246,77,421216
2851,0.038504,172.253.118.0-255,1484,213730,77,421216
2852,0.038527,172.253.118.0-255,12828,226558,77,421216
2853,0.038531,172.31.40.0-255,66,226624,77,421216
2854,0.038541,172.253.118.0-255,10692,237316,77,421216
2855,0.038543,172.31.40.0-255,66,237382,77,421216
2856,0.038578,172.253.118.0-255,11410,248792,77,421216
2857,0.038581,172.31.40.0-255,66,248858,77,421216
2858,0.038595,172.253.118.0-255,8574,257432,77,421216
2859,0.038598,172.31.40.0-255,66,257498,77,421216
2860,0.038627,172.253.118.0-255,5738,263236,77,421216
2861,0.038629,172.31.40.0-255,66,263302,77,421216
2862,0.038634,172.253.118.0-255,2902,266204,77,421216
2863,0.038635,172.31.40.0-255,66,266270,77,421216
2864,0.038655,172.253.118.0-255,5020,271290,77,421216
2865,0.038657,172.31.40.0-255,66,271356,77,421216
2866,0.038661,172.253.118.0-255,1484,272840,77,421216
2867,0.038694,172.253.118.0-255,7156,279996,77,421216
2868,0.038697,172.31.40.0-255,66,280062,77,421216
2869,0.038705,172.253.118.0-255,8574,288636,77,421216
2870,0.038708,172.31.40.0-255,66,288702,77,421216
2871,0.038714,172.253.118.0-255,5738,294440,77,421216
2872,0.038717,172.31.40.0-255,66,294506,77,421216
2873,0.03874,172.253.118.0-255,8574,303080,77,421216
2874,0.038742,172.31.40.0-255,66,303146,77,421216
2875,0.04103,172.253.118.0-255,5738,308884,77,421216
2876,0.041048,172.31.40.0-255,66,308950,77,421216
2877,0.04335,172.253.118.0-255,5738,314688,77,421216
2878,0.043367,172.31.40.0-255,66,314754,77,421216
2879,0.045731,172.253.118.0-255,5738,320492,77,421216
2880,0.045753,172.31.40.0-255,66,320558,77,421216
2881,0.048021,172.253.118.0-255,5738,326296,77,421216
2882,0.048028,172.31.40.0-255,66,326362,77,421216
2883,0.050307,172.253.118.0-255,4320,330682,77,421216
2884,0.050314,172.31.40.0-255,66,330748,77,421216
2885,0.050327,172.253.118.0-255,1484,332232,77,421216
2886,0.052588,172.253.118.0-255,4320,336552,77,421216
2887,0.052593,172.31.40.0-255,66,336618,77,421216
2888,0.054893,172.253.118.0-255,5738,342356,77,421216
2889,0.054904,172.31.40.0-255,66,342422,77,421216
2890,0.057186,172.253.118.0-255,5738,348160,77,421216
2891,0.057195,172.31.40.0-255,66,348226,77,421216
2892,0.059474,172.253.118.0-255,5738,353964,77,421216
2893,0.059483,172.31.40.0-255,66,354030,77,421216
2894,0.061768,172.253.118.0-255,5738,359768,77,421216
2895,0.061776,172.31.40.0-255,66,359834,77,421216
2896,0.064055,172.253.118.0-255,5738,365572,77,421216
2897,0.064065,172.31.40.0-255,66,365638,77,421216
2898,0.066369,172.253.118.0-255,5738,371376,77,421216
2899,0.066376,172.31.40.0-255,66,371442,77,421216
2900,0.068681,172.253.118.0-255,5738,377180,77,421216
2901,0.068688,172.31.40.0-255,66,377246,77,421216
2902,0.070978,172.253.118.0-255,5738,382984,77,421216
2903,0.070985,172.31.40.0-255,66,383050,77,421216
2904,0.07328,172.253.118.0-255,5738,388788,77,421216
2905,0.073287,172.31.40.0-255,66,388854,77,421216
2906,0.073433,172.31.40.0-255,198,389052,77,421216
2907,0.073462,172.31.40.0-255,1139,390191,77,421216
2908,0.073529,172.31.40.0-255,1514,391705,77,421216
2909,0.073531,172.31.40.0-255,1514,393219,77,421216
2910,0.073532,172.31.40.0-255,1514,394733,77,421216
2911,0.073533,172.31.40.0-255,1381,396114,77,421216
2912,0.075029,104.244.42.0-255,66,396180,77,421216
2913,0.075057,104.244.42.0-255,66,396246,77,421216
2914,0.075105,104.244.42.0-255,66,396312,77,421216
2915,0.075118,104.244.42.0-255,66,396378,77,421216
2916,0.075574,172.253.118.0-255,5738,402116,77,421216
2917,0.075579,172.31.40.0-255,66,402182,77,421216
2918,0.077876,172.253.118.0-255,5738,407920,77,421216
2919,0.077882,172.31.40.0-255,66,407986,77,421216
2920,0.080155,172.253.118.0-255,5738,413724,77,421216
2921,0.080161,172.31.40.0-255,66,413790,77,421216
2922,0.082454,172.253.118.0-255,5738,419528,77,421216
2923,0.082461,172.31.40.0-255,66,419594,77,421216
2924,0.084731,172.253.118.0-255,1385,420979,77,421216
2925,0.084864,172.31.40.0-255,66,421045,77,421216
2926,0.084899,172.31.40.0-255,105,421150,77,421216
2927,0.087147,172.253.118.0-255,66,421216,77,421216
2928,0.0,74.125.24.0-255,152,152,77,339559
2929,2.6e-05,172.31.40.0-255,66,218,77,339559
2930,3.3e-05,74.125.24.0-255,1484,1702,77,339559
2931,3.8e-05,172.31.40.0-255,66,1768,77,339559
2932,4.4e-05,74.125.24.0-255,2902,4670,77,339559
2933,5.5e-05,172.31.40.0-255,66,4736,77,339559
2934,6.3e-05,74.125.24.0-255,7156,11892,77,339559
2935,6.6e-05,172.31.40.0-255,66,11958,77,339559
2936,0.000102,74.125.24.0-255,2071,14029,77,339559
2937,0.000105,172.31.40.0-255,66,14095,77,339559
2938,0.000137,74.125.24.0-255,2902,16997,77,339559
2939,0.00014,172.31.40.0-255,66,17063,77,339559
2940,0.000168,74.125.24.0-255,2902,19965,77,339559
2941,0.000171,172.31.40.0-255,66,20031,77,339559
2942,0.0002,74.125.24.0-255,4320,24351,77,339559
2943,0.000203,172.31.40.0-255,66,24417,77,339559
2944,0.000243,74.125.24.0-255,4320,28737,77,339559
2945,0.000245,172.31.40.0-255,66,28803,77,339559
2946,0.000273,74.125.24.0-255,2543,31346,77,339559
2947,0.000276,172.31.40.0-255,66,31412,77,339559
2948,0.000324,74.125.24.0-255,5738,37150,77,339559
2949,0.000327,172.31.40.0-255,66,37216,77,339559
2950,0.000363,74.125.24.0-255,9992,47208,77,339559
2951,0.000366,172.31.40.0-255,66,47274,77,339559
2952,0.000501,74.125.24.0-255,1125,48399,77,339559
2953,0.000505,172.31.40.0-255,66,48465,77,339559
2954,0.000509,74.125.24.0-255,1484,49949,77,339559
2955,0.000511,172.31.40.0-255,66,50015,77,339559
2956,0.000547,74.125.24.0-255,4320,54335,77,339559
2957,0.00055,172.31.40.0-255,66,54401,77,339559
2958,0.00059,74.125.24.0-255,7156,61557,77,339559
2959,0.000594,172.31.40.0-255,66,61623,77,339559
2960,0.000619,74.125.24.0-255,2902,64525,77,339559
2961,0.000635,172.31.40.0-255,66,64591,77,339559
2962,0.00069,74.125.24.0-255,4320,68911,77,339559
2963,0.000698,172.31.40.0-255,66,68977,77,339559
2964,0.000745,172.31.40.0-255,66,69043,77,339559
2965,0.000934,74.125.24.0-255,11410,80453,77,339559
2966,0.00094,172.31.40.0-255,66,80519,77,339559
2967,0.000959,74.125.24.0-255,2543,83062,77,339559
2968,0.000971,172.31.40.0-255,66,83128,77,339559
2969,0.002143,74.125.24.0-255,1484,84612,77,339559
2970,0.002155,74.125.24.0-255,2902,87514,77,339559
2971,0.00216,172.31.40.0-255,66,87580,77,339559
2972,0.002194,74.125.24.0-255,5738,93318,77,339559
2973,0.002229,74.125.24.0-255,4320,97638,77,339559
2974,0.002249,74.125.24.0-255,5738,103376,77,339559
2975,0.002345,74.125.24.0-255,2902,106278,77,339559
2976,0.002377,74.125.24.0-255,10692,116970,77,339559
2977,0.005719,172.31.40.0-255,66,117036,77,339559
2978,0.008071,74.125.24.0-255,4320,121356,77,339559
2979,0.008077,172.31.40.0-255,66,121422,77,339559
2980,0.008102,74.125.24.0-255,1484,122906,77,339559
2981,0.010414,74.125.24.0-255,4320,127226,77,339559
2982,0.010422,172.31.40.0-255,66,127292,77,339559
2983,0.012767,74.125.24.0-255,5738,133030,77,339559
2984,0.013647,172.31.40.0-255,66,133096,77,339559
2985,0.01603,74.125.24.0-255,5738,138834,77,339559
2986,0.016043,172.31.40.0-255,66,138900,77,339559
2987,0.018395,74.125.24.0-255,5738,144638,77,339559
2988,0.018401,172.31.40.0-255,66,144704,77,339559
2989,0.020754,74.125.24.0-255,5738,150442,77,339559
2990,0.020761,172.31.40.0-255,66,150508,77,339559
2991,0.023151,74.125.24.0-255,5738,156246,77,339559
2992,0.02316,172.31.40.0-255,66,156312,77,339559
2993,0.025524,74.125.24.0-255,5738,162050,77,339559
2994,0.025532,172.31.40.0-255,66,162116,77,339559
2995,0.027913,74.125.24.0-255,5738,167854,77,339559
2996,0.02792,172.31.40.0-255,66,167920,77,339559
2997,0.028861,172.31.40.0-255,172,168092,77,339559
2998,0.02889,172.31.40.0-255,1120,169212,77,339559
2999,0.028938,172.31.40.0-255,1514,170726,77,339559
3000,0.02894,172.31.40.0-255,1275,172001,77,339559
3001,0.030264,74.125.24.0-255,5738,177739,77,339559
3002,0.030271,172.31.40.0-255,66,177805,77,339559
3003,0.030536,104.244.42.0-255,66,177871,77,339559
3004,0.030571,104.244.42.0-255,66,177937,77,339559
3005,0.030621,104.244.42.0-255,66,178003,77,339559
3006,0.032657,74.125.24.0-255,5738,183741,77,339559
3007,0.032663,172.31.40.0-255,66,183807,77,339559
3008,0.035039,74.125.24.0-255,5738,189545,77,339559
3009,0.035045,172.31.40.0-255,66,189611,77,339559
3010,0.037396,74.125.24.0-255,1484,191095,77,339559
3011,0.037424,74.125.24.0-255,4320,195415,77,339559
3012,0.037431,172.31.40.0-255,66,195481,77,339559
3013,0.039803,74.125.24.0-255,5738,201219,77,339559
3014,0.039809,172.31.40.0-255,66,201285,77,339559
3015,0.042191,74.125.24.0-255,5738,207023,77,339559
3016,0.042198,172.31.40.0-255,66,207089,77,339559
3017,0.044575,74.125.24.0-255,5738,212827,77,339559
3018,0.044583,172.31.40.0-255,66,212893,77,339559
3019,0.046989,74.125.24.0-255,5738,218631,77,339559
3020,0.046994,172.31.40.0-255,66,218697,77,339559
3021,0.049371,74.125.24.0-255,5738,224435,77,339559
3022,0.049378,172.31.40.0-255,66,224501,77,339559
3023,0.051795,74.125.24.0-255,5738,230239,77,339559
3024,0.051802,172.31.40.0-255,66,230305,77,339559
3025,0.054167,74.125.24.0-255,5738,236043,77,339559
3026,0.054175,172.31.40.0-255,66,236109,77,339559
3027,0.056526,74.125.24.0-255,5738,241847,77,339559
3028,0.056532,172.31.40.0-255,66,241913,77,339559
3029,0.058894,74.125.24.0-255,5738,247651,77,339559
3030,0.058903,172.31.40.0-255,66,247717,77,339559
3031,0.061271,74.125.24.0-255,5738,253455,77,339559
3032,0.061278,172.31.40.0-255,66,253521,77,339559
3033,0.063649,74.125.24.0-255,5738,259259,77,339559
3034,0.063655,172.31.40.0-255,66,259325,77,339559
3035,0.066029,74.125.24.0-255,4320,263645,77,339559
3036,0.066037,172.31.40.0-255,66,263711,77,339559
3037,0.066063,74.125.24.0-255,1484,265195,77,339559
3038,0.0684,74.125.24.0-255,4320,269515,77,339559
3039,0.068407,172.31.40.0-255,66,269581,77,339559
3040,0.07078,74.125.24.0-255,5738,275319,77,339559
3041,0.070839,172.31.40.0-255,66,275385,77,339559
3042,0.07327,74.125.24.0-255,5738,281123,77,339559
3043,0.073277,172.31.40.0-255,66,281189,77,339559
3044,0.07565,74.125.24.0-255,5738,286927,77,339559
3045,0.075657,172.31.40.0-255,66,286993,77,339559
3046,0.078124,74.125.24.0-255,5738,292731,77,339559
3047,0.078131,172.31.40.0-255,66,292797,77,339559
3048,0.08049,74.125.24.0-255,5738,298535,77,339559
3049,0.080497,172.31.40.0-255,66,298601,77,339559
3050,0.082833,74.125.24.0-255,4320,302921,77,339559
3051,0.082839,172.31.40.0-255,66,302987,77,339559
3052,0.082871,74.125.24.0-255,1484,304471,77,339559
3053,0.085181,74.125.24.0-255,2902,307373,77,339559
3054,0.085189,172.31.40.0-255,66,307439,77,339559
3055,0.085223,74.125.24.0-255,1484,308923,77,339559
3056,0.087538,74.125.24.0-255,4320,313243,77,339559
3057,0.087588,172.31.40.0-255,66,313309,77,339559
3058,0.089942,74.125.24.0-255,4320,317629,77,339559
3059,0.089948,172.31.40.0-255,66,317695,77,339559
3060,0.089974,74.125.24.0-255,1484,319179,77,339559
3061,0.092332,74.125.24.0-255,2902,322081,77,339559
3062,0.092338,172.31.40.0-255,66,322147,77,339559
3063,0.094747,74.125.24.0-255,5738,327885,77,339559
3064,0.094806,172.31.40.0-255,66,327951,77,339559
3065,0.097211,74.125.24.0-255,5738,333689,77,339559
3066,0.097218,172.31.40.0-255,66,333755,77,339559
3067,0.099572,74.125.24.0-255,5738,339493,77,339559
3068,0.099578,172.31.40.0-255,66,339559,77,339559
3069,0.0,74.125.24.0-255,150,150,77,419355
3070,2.2e-05,172.31.40.0-255,66,216,77,419355
3071,2.9e-05,74.125.24.0-255,1484,1700,77,419355
3072,3.4e-05,172.31.40.0-255,66,1766,77,419355
3073,4e-05,74.125.24.0-255,2902,4668,77,419355
3074,4.3e-05,172.31.40.0-255,66,4734,77,419355
3075,5e-05,74.125.24.0-255,4320,9054,77,419355
3076,5.3e-05,172.31.40.0-255,66,9120,77,419355
3077,5.9e-05,74.125.24.0-255,4876,13996,77,419355
3078,6.2e-05,172.31.40.0-255,66,14062,77,419355
3079,0.00011,74.125.24.0-255,1484,15546,77,419355
3080,0.000113,172.31.40.0-255,66,15612,77,419355
3081,0.000118,74.125.24.0-255,2902,18514,77,419355
3082,0.000121,172.31.40.0-255,66,18580,77,419355
3083,0.000128,74.125.24.0-255,5738,24318,77,419355
3084,0.00013,172.31.40.0-255,66,24384,77,419355
3085,0.000138,74.125.24.0-255,6797,31181,77,419355
3086,0.000141,172.31.40.0-255,66,31247,77,419355
3087,0.000341,74.125.24.0-255,1484,32731,77,419355
3088,0.000346,172.31.40.0-255,66,32797,77,419355
3089,0.000352,74.125.24.0-255,2902,35699,77,419355
3090,0.000354,172.31.40.0-255,66,35765,77,419355
3091,0.000361,74.125.24.0-255,5738,41503,77,419355
3092,0.000364,172.31.40.0-255,66,41569,77,419355
3093,0.000407,74.125.24.0-255,4320,45889,77,419355
3094,0.000411,172.31.40.0-255,66,45955,77,419355
3095,0.000428,74.125.24.0-255,2543,48498,77,419355
3096,0.00043,172.31.40.0-255,66,48564,77,419355
3097,0.000752,74.125.24.0-255,1484,50048,77,419355
3098,0.000757,172.31.40.0-255,66,50114,77,419355
3099,0.000763,74.125.24.0-255,2902,53016,77,419355
3100,0.000765,172.31.40.0-255,66,53082,77,419355
3101,0.000773,74.125.24.0-255,5738,58820,77,419355
3102,0.000775,172.31.40.0-255,66,58886,77,419355
3103,0.000833,74.125.24.0-255,6797,65683,77,419355
3104,0.000837,172.31.40.0-255,66,65749,77,419355
3105,0.000842,74.125.24.0-255,4320,70069,77,419355
3106,0.000844,172.31.40.0-255,66,70135,77,419355
3107,0.000859,74.125.24.0-255,5738,75873,77,419355
3108,0.000861,172.31.40.0-255,66,75939,77,419355
3109,0.000925,74.125.24.0-255,7377,83316,77,419355
3110,0.000929,172.31.40.0-255,66,83382,77,419355
3111,0.000947,74.125.24.0-255,2902,86284,77,419355
3112,0.000949,172.31.40.0-255,66,86350,77,419355
3113,0.000953,74.125.24.0-255,4320,90670,77,419355
3114,0.000955,172.31.40.0-255,66,90736,77,419355
3115,0.000985,74.125.24.0-255,8574,99310,77,419355
3116,0.000987,172.31.40.0-255,66,99376,77,419355
3117,0.00099,74.125.24.0-255,1125,100501,77,419355
3118,0.001858,74.125.24.0-255,1484,101985,77,419355
3119,0.001865,172.31.40.0-255,66,102051,77,419355
3120,0.001872,74.125.24.0-255,2902,104953,77,419355
3121,0.001875,172.31.40.0-255,66,105019,77,419355
3122,0.001882,74.125.24.0-255,5738,110757,77,419355
3123,0.001884,172.31.40.0-255,66,110823,77,419355
3124,0.001888,74.125.24.0-255,1484,112307,77,419355
3125,0.001913,74.125.24.0-255,9992,122299,77,419355
3126,0.001915,172.31.40.0-255,66,122365,77,419355
3127,0.001932,74.125.24.0-255,1484,123849,77,419355
3128,0.001939,74.125.24.0-255,7156,131005,77,419355
3129,0.001941,172.31.40.0-255,66,131071,77,419355
3130,0.001965,74.125.24.0-255,3602,134673,77,419355
3131,0.001967,172.31.40.0-255,66,134739,77,419355
3132,0.002149,74.125.24.0-255,1484,136223,77,419355
3133,0.002165,74.125.24.0-255,1484,137707,77,419355
3134,0.002168,172.31.40.0-255,66,137773,77,419355
3135,0.002186,74.125.24.0-255,1484,139257,77,419355
3136,0.002192,74.125.24.0-255,5738,144995,77,419355
3137,0.002194,172.31.40.0-255,66,145061,77,419355
3138,0.002197,74.125.24.0-255,1484,146545,77,419355
3139,0.00223,74.125.24.0-255,11410,157955,77,419355
3140,0.002232,172.31.40.0-255,66,158021,77,419355
3141,0.002241,74.125.24.0-255,8574,166595,77,419355
3142,0.002244,172.31.40.0-255,66,166661,77,419355
3143,0.002262,74.125.24.0-255,1484,168145,77,419355
3144,0.002273,74.125.24.0-255,766,168911,77,419355
3145,0.002275,172.31.40.0-255,66,168977,77,419355
3146,0.002453,74.125.24.0-255,1484,170461,77,419355
3147,0.002456,74.125.24.0-255,1484,171945,77,419355
3148,0.002459,172.31.40.0-255,66,172011,77,419355
3149,0.002478,74.125.24.0-255,1484,173495,77,419355
3150,0.002484,74.125.24.0-255,5738,179233,77,419355
3151,0.002486,172.31.40.0-255,66,179299,77,419355
3152,0.002502,74.125.24.0-255,7156,186455,77,419355
3153,0.002505,172.31.40.0-255,66,186521,77,419355
3154,0.002522,74.125.24.0-255,5738,192259,77,419355
3155,0.002525,172.31.40.0-255,66,192325,77,419355
3156,0.002528,74.125.24.0-255,1484,193809,77,419355
3157,0.002554,74.125.24.0-255,9274,203083,77,419355
3158,0.002556,172.31.40.0-255,66,203149,77,419355
3159,0.005162,74.125.24.0-255,5738,208887,77,419355
3160,0.00517,172.31.40.0-255,66,208953,77,419355
3161,0.006542,172.31.40.0-255,101,209054,77,419355
3162,0.00777,74.125.24.0-255,4320,213374,77,419355
3163,0.007775,172.31.40.0-255,66,213440,77,419355
3164,0.007792,74.125.24.0-255,1484,214924,77,419355
3165,0.0091,74.125.24.0-255,66,214990,77,419355
3166,0.010403,74.125.24.0-255,4320,219310,77,419355
3167,0.010411,172.31.40.0-255,66,219376,77,419355
3168,0.013042,74.125.24.0-255,5738,225114,77,419355
3169,0.013053,172.31.40.0-255,66,225180,77,419355
3170,0.015664,74.125.24.0-255,5738,230918,77,419355
3171,0.015673,172.31.40.0-255,66,230984,77,419355
3172,0.018287,74.125.24.0-255,5738,236722,77,419355
3173,0.018297,172.31.40.0-255,66,236788,77,419355
3174,0.0209,74.125.24.0-255,5738,242526,77,419355
3175,0.020906,172.31.40.0-255,66,242592,77,419355
3176,0.023507,74.125.24.0-255,5738,248330,77,419355
3177,0.023514,172.31.40.0-255,66,248396,77,419355
3178,0.026129,74.125.24.0-255,5738,254134,77,419355
3179,0.026138,172.31.40.0-255,66,254200,77,419355
3180,0.028725,74.125.24.0-255,5738,259938,77,419355
3181,0.028732,172.31.40.0-255,66,260004,77,419355
3182,0.029534,172.31.40.0-255,172,260176,77,419355
3183,0.029567,172.31.40.0-255,1120,261296,77,419355
3184,0.029622,172.31.40.0-255,1514,262810,77,419355
3185,0.029624,172.31.40.0-255,1275,264085,77,419355
3186,0.031085,104.244.42.0-255,66,264151,77,419355
3187,0.031101,104.244.42.0-255,66,264217,77,419355
3188,0.031196,104.244.42.0-255,66,264283,77,419355
3189,0.031329,74.125.24.0-255,5738,270021,77,419355
3190,0.031334,172.31.40.0-255,66,270087,77,419355
3191,0.033953,74.125.24.0-255,5738,275825,77,419355
3192,0.033962,172.31.40.0-255,66,275891,77,419355
3193,0.03658,74.125.24.0-255,5738,281629,77,419355
3194,0.036586,172.31.40.0-255,66,281695,77,419355
3195,0.03919,74.125.24.0-255,5738,287433,77,419355
3196,0.039197,172.31.40.0-255,66,287499,77,419355
3197,0.041779,74.125.24.0-255,5738,293237,77,419355
3198,0.041787,172.31.40.0-255,66,293303,77,419355
3199,0.044404,74.125.24.0-255,5738,299041,77,419355
3200,0.044411,172.31.40.0-255,66,299107,77,419355
3201,0.047034,74.125.24.0-255,5738,304845,77,419355
3202,0.047042,172.31.40.0-255,66,304911,77,419355
3203,0.049662,74.125.24.0-255,5738,310649,77,419355
3204,0.049672,172.31.40.0-255,66,310715,77,419355
3205,0.052285,74.125.24.0-255,5738,316453,77,419355
3206,0.052293,172.31.40.0-255,66,316519,77,419355
3207,0.054942,74.125.24.0-255,5738,322257,77,419355
3208,0.054954,172.31.40.0-255,66,322323,77,419355
3209,0.057583,74.125.24.0-255,5738,328061,77,419355
3210,0.05759,172.31.40.0-255,66,328127,77,419355
3211,0.060201,74.125.24.0-255,5738,333865,77,419355
3212,0.060207,172.31.40.0-255,66,333931,77,419355
3213,0.062822,74.125.24.0-255,5738,339669,77,419355
3214,0.062829,172.31.40.0-255,66,339735,77,419355
3215,0.065433,74.125.24.0-255,5738,345473,77,419355
3216,0.065439,172.31.40.0-255,66,345539,77,419355
3217,0.068064,74.125.24.0-255,5738,351277,77,419355
3218,0.068072,172.31.40.0-255,66,351343,77,419355
3219,0.070665,74.125.24.0-255,5738,357081,77,419355
3220,0.070676,172.31.40.0-255,66,357147,77,419355
3221,0.07328,74.125.24.0-255,5738,362885,77,419355
3222,0.073286,172.31.40.0-255,66,362951,77,419355
3223,0.07587,74.125.24.0-255,5738,368689,77,419355
3224,0.075877,172.31.40.0-255,66,368755,77,419355
3225,0.078461,74.125.24.0-255,5738,374493,77,419355
3226,0.078468,172.31.40.0-255,66,374559,77,419355
3227,0.081077,74.125.24.0-255,5738,380297,77,419355
3228,0.081083,172.31.40.0-255,66,380363,77,419355
3229,0.083712,74.125.24.0-255,5738,386101,77,419355
3230,0.083719,172.31.40.0-255,66,386167,77,419355
3231,0.086399,74.125.24.0-255,5738,391905,77,419355
3232,0.086405,172.31.40.0-255,66,391971,77,419355
3233,0.089008,74.125.24.0-255,5738,397709,77,419355
3234,0.089016,172.31.40.0-255,66,397775,77,419355
3235,0.091626,74.125.24.0-255,5738,403513,77,419355
3236,0.091633,172.31.40.0-255,66,403579,77,419355
3237,0.094271,74.125.24.0-255,5738,409317,77,419355
3238,0.094278,172.31.40.0-255,66,409383,77,419355
3239,0.096904,74.125.24.0-255,5738,415121,77,419355
3240,0.09691,172.31.40.0-255,66,415187,77,419355
3241,0.099518,74.125.24.0-255,3997,419184,77,419355
3242,0.099525,172.31.40.0-255,66,419250,77,419355
3243,0.09992,172.31.40.0-255,105,419355,77,419355
3244,0.0,74.125.24.0-255,149,149,77,360775
3245,2.2e-05,172.31.40.0-255,66,215,77,360775
3246,2.9e-05,74.125.24.0-255,1484,1699,77,360775
3247,3.3e-05,172.31.40.0-255,66,1765,77,360775
3248,4.1e-05,74.125.24.0-255,2902,4667,77,360775
3249,4.5e-05,172.31.40.0-255,66,4733,77,360775
3250,5.3e-05,74.125.24.0-255,4320,9053,77,360775
3251,5.6e-05,172.31.40.0-255,66,9119,77,360775
3252,7.7e-05,74.125.24.0-255,2902,12021,77,360775
3253,7.9e-05,172.31.40.0-255,66,12087,77,360775
3254,8.3e-05,74.125.24.0-255,2099,14186,77,360775
3255,8.6e-05,172.31.40.0-255,66,14252,77,360775
3256,0.000203,74.125.24.0-255,1484,15736,77,360775
3257,0.000207,172.31.40.0-255,66,15802,77,360775
3258,0.000213,74.125.24.0-255,2902,18704,77,360775
3259,0.000215,172.31.40.0-255,66,18770,77,360775
3260,0.000236,74.125.24.0-255,4320,23090,77,360775
3261,0.000238,172.31.40.0-255,66,23156,77,360775
3262,0.000291,74.125.24.0-255,2902,26058,77,360775
3263,0.000294,172.31.40.0-255,66,26124,77,360775
3264,0.000309,74.125.24.0-255,5379,31503,77,360775
3265,0.000312,172.31.40.0-255,66,31569,77,360775
3266,0.00035,74.125.24.0-255,1484,33053,77,360775
3267,0.000353,172.31.40.0-255,66,33119,77,360775
3268,0.000357,74.125.24.0-255,2902,36021,77,360775
3269,0.000359,172.31.40.0-255,66,36087,77,360775
3270,0.000371,74.125.24.0-255,1484,37571,77,360775
3271,0.000373,172.31.40.0-255,66,37637,77,360775
3272,0.000394,74.125.24.0-255,4320,41957,77,360775
3273,0.000397,172.31.40.0-255,66,42023,77,360775
3274,0.000399,74.125.24.0-255,1484,43507,77,360775
3275,0.000401,172.31.40.0-255,66,43573,77,360775
3276,0.00043,74.125.24.0-255,4320,47893,77,360775
3277,0.000433,172.31.40.0-255,66,47959,77,360775
3278,0.000451,74.125.24.0-255,1125,49084,77,360775
3279,0.00055,74.125.24.0-255,1484,50568,77,360775
3280,0.000553,172.31.40.0-255,66,50634,77,360775
3281,0.000558,74.125.24.0-255,2902,53536,77,360775
3282,0.000561,172.31.40.0-255,66,53602,77,360775
3283,0.000564,74.125.24.0-255,1484,55086,77,360775
3284,0.000581,74.125.24.0-255,4320,59406,77,360775
3285,0.000584,172.31.40.0-255,66,59472,77,360775
3286,0.000589,74.125.24.0-255,4320,63792,77,360775
3287,0.000591,172.31.40.0-255,66,63858,77,360775
3288,0.000634,74.125.24.0-255,2543,66401,77,360775
3289,0.000636,172.31.40.0-255,66,66467,77,360775
3290,0.00087,74.125.24.0-255,646,67113,77,360775
3291,0.001207,172.31.40.0-255,66,67179,77,360775
3292,0.001814,74.125.24.0-255,1484,68663,77,360775
3293,0.001825,74.125.24.0-255,2902,71565,77,360775
3294,0.001829,172.31.40.0-255,66,71631,77,360775
3295,0.001837,74.125.24.0-255,4320,75951,77,360775
3296,0.00184,172.31.40.0-255,66,76017,77,360775
3297,0.001855,74.125.24.0-255,1484,77501,77,360775
3298,0.001863,74.125.24.0-255,7156,84657,77,360775
3299,0.001866,172.31.40.0-255,66,84723,77,360775
3300,0.001883,74.125.24.0-255,2902,87625,77,360775
3301,0.001885,172.31.40.0-255,66,87691,77,360775
3302,0.001931,74.125.24.0-255,11410,99101,77,360775
3303,0.001934,172.31.40.0-255,66,99167,77,360775
3304,0.001938,74.125.24.0-255,2184,101351,77,360775
3305,0.00194,172.31.40.0-255,66,101417,77,360775
3306,0.004134,74.125.24.0-255,5738,107155,77,360775
3307,0.004139,172.31.40.0-255,66,107221,77,360775
3308,0.006342,74.125.24.0-255,5738,112959,77,360775
3309,0.006347,172.31.40.0-255,66,113025,77,360775
3310,0.008545,74.125.24.0-255,4320,117345,77,360775
3311,0.008553,172.31.40.0-255,66,117411,77,360775
3312,0.008569,74.125.24.0-255,1484,118895,77,360775
3313,0.010791,74.125.24.0-255,4320,123215,77,360775
3314,0.010798,172.31.40.0-255,66,123281,77,360775
3315,0.012984,74.125.24.0-255,2902,126183,77,360775
3316,0.012991,172.31.40.0-255,66,126249,77,360775
3317,0.013011,74.125.24.0-255,2902,129151,77,360775
3318,0.013015,172.31.40.0-255,66,129217,77,360775
3319,0.015162,74.125.24.0-255,2902,132119,77,360775
3320,0.015169,172.31.40.0-255,66,132185,77,360775
3321,0.015197,74.125.24.0-255,2902,135087,77,360775
3322,0.0152,172.31.40.0-255,66,135153,77,360775
3323,0.01736,74.125.24.0-255,2902,138055,77,360775
3324,0.017368,172.31.40.0-255,66,138121,77,360775
3325,0.017405,74.125.24.0-255,2902,141023,77,360775
3326,0.017408,172.31.40.0-255,66,141089,77,360775
3327,0.019563,74.125.24.0-255,2902,143991,77,360775
3328,0.01957,172.31.40.0-255,66,144057,77,360775
3329,0.019595,74.125.24.0-255,2902,146959,77,360775
3330,0.019598,172.31.40.0-255,66,147025,77,360775
3331,0.021743,74.125.24.0-255,2902,149927,77,360775
3332,0.021751,172.31.40.0-255,66,149993,77,360775
3333,0.02178,74.125.24.0-255,2902,152895,77,360775
3334,0.021783,172.31.40.0-255,66,152961,77,360775
3335,0.023952,74.125.24.0-255,5738,158699,77,360775
3336,0.02396,172.31.40.0-255,66,158765,77,360775
3337,0.026168,74.125.24.0-255,5738,164503,77,360775
3338,0.026177,172.31.40.0-255,66,164569,77,360775
3339,0.028384,74.125.24.0-255,5738,170307,77,360775
3340,0.028394,172.31.40.0-255,66,170373,77,360775
3341,0.030583,74.125.24.0-255,5738,176111,77,360775
3342,0.03059,172.31.40.0-255,66,176177,77,360775
3343,0.032772,74.125.24.0-255,5738,181915,77,360775
3344,0.032779,172.31.40.0-255,66,181981,77,360775
3345,0.034946,74.125.24.0-255,5738,187719,77,360775
3346,0.034953,172.31.40.0-255,66,187785,77,360775
3347,0.037175,74.125.24.0-255,5738,193523,77,360775
3348,0.037183,172.31.40.0-255,66,193589,77,360775
3349,0.039384,74.125.24.0-255,5738,199327,77,360775
3350,0.039391,172.31.40.0-255,66,199393,77,360775
3351,0.040261,172.31.40.0-255,171,199564,77,360775
3352,0.040293,172.31.40.0-255,1142,200706,77,360775
3353,0.040352,172.31.40.0-255,1514,202220,77,360775
3354,0.040354,172.31.40.0-255,1253,203473,77,360775
3355,0.041567,74.125.24.0-255,5738,209211,77,360775
3356,0.041573,172.31.40.0-255,66,209277,77,360775
3357,0.041943,104.244.42.0-255,66,209343,77,360775
3358,0.041962,104.244.42.0-255,66,209409,77,360775
3359,0.042022,104.244.42.0-255,66,209475,77,360775
3360,0.043743,74.125.24.0-255,5738,215213,77,360775
3361,0.043749,172.31.40.0-255,66,215279,77,360775
3362,0.046054,74.125.24.0-255,5738,221017,77,360775
3363,0.046062,172.31.40.0-255,66,221083,77,360775
3364,0.04827,74.125.24.0-255,5738,226821,77,360775
3365,0.048275,172.31.40.0-255,66,226887,77,360775
3366,0.050457,74.125.24.0-255,2902,229789,77,360775
3367,0.050464,172.31.40.0-255,66,229855,77,360775
3368,0.050486,74.125.24.0-255,2902,232757,77,360775
3369,0.05049,172.31.40.0-255,66,232823,77,360775
3370,0.052688,74.125.24.0-255,5738,238561,77,360775
3371,0.052694,172.31.40.0-255,66,238627,77,360775
3372,0.054871,74.125.24.0-255,5738,244365,77,360775
3373,0.054878,172.31.40.0-255,66,244431,77,360775
3374,0.057073,74.125.24.0-255,5738,250169,77,360775
3375,0.05708,172.31.40.0-255,66,250235,77,360775
3376,0.059277,74.125.24.0-255,5738,255973,77,360775
3377,0.059283,172.31.40.0-255,66,256039,77,360775
3378,0.061598,74.125.24.0-255,5738,261777,77,360775
3379,0.061605,172.31.40.0-255,66,261843,77,360775
3380,0.064008,74.125.24.0-255,5738,267581,77,360775
3381,0.064015,172.31.40.0-255,66,267647,77,360775
3382,0.066184,74.125.24.0-255,5738,273385,77,360775
3383,0.066191,172.31.40.0-255,66,273451,77,360775
3384,0.068395,74.125.24.0-255,5738,279189,77,360775
3385,0.068402,172.31.40.0-255,66,279255,77,360775
3386,0.070576,74.125.24.0-255,5738,284993,77,360775
3387,0.070583,172.31.40.0-255,66,285059,77,360775
3388,0.072797,74.125.24.0-255,5738,290797,77,360775
3389,0.072804,172.31.40.0-255,66,290863,77,360775
3390,0.07501,74.125.24.0-255,5738,296601,77,360775
3391,0.075016,172.31.40.0-255,66,296667,77,360775
3392,0.077198,74.125.24.0-255,5738,302405,77,360775
3393,0.077205,172.31.40.0-255,66,302471,77,360775
3394,0.079366,74.125.24.0-255,5738,308209,77,360775
3395,0.079373,172.31.40.0-255,66,308275,77,360775
3396,0.081562,74.125.24.0-255,2902,311177,77,360775
3397,0.081569,172.31.40.0-255,66,311243,77,360775
3398,0.081588,74.125.24.0-255,2902,314145,77,360775
3399,0.081591,172.31.40.0-255,66,314211,77,360775
3400,0.08376,74.125.24.0-255,2902,317113,77,360775
3401,0.083766,172.31.40.0-255,66,317179,77,360775
3402,0.083792,74.125.24.0-255,2902,320081,77,360775
3403,0.083794,172.31.40.0-255,66,320147,77,360775
3404,0.085963,74.125.24.0-255,5738,325885,77,360775
3405,0.085969,172.31.40.0-255,66,325951,77,360775
3406,0.088585,74.125.24.0-255,5738,331689,77,360775
3407,0.08859,172.31.40.0-255,66,331755,77,360775
3408,0.090795,74.125.24.0-255,5738,337493,77,360775
3409,0.090802,172.31.40.0-255,66,337559,77,360775
3410,0.092981,74.125.24.0-255,5738,343297,77,360775
3411,0.092987,172.31.40.0-255,66,343363,77,360775
3412,0.09518,74.125.24.0-255,5738,349101,77,360775
3413,0.095186,172.31.40.0-255,66,349167,77,360775
3414,0.09738,74.125.24.0-255,5738,354905,77,360775
3415,0.097385,172.31.40.0-255,66,354971,77,360775
3416,0.099593,74.125.24.0-255,5738,360709,77,360775
3417,0.099598,172.31.40.0-255,66,360775,77,360775
3418,0.0,74.125.68.0-255,152,152,77,419798
3419,2e-05,172.31.40.0-255,66,218,77,419798
3420,2.6e-05,74.125.68.0-255,1484,1702,77,419798
3421,3.1e-05,172.31.40.0-255,66,1768,77,419798
3422,3.6e-05,74.125.68.0-255,2902,4670,77,419798
3423,3.9e-05,172.31.40.0-255,66,4736,77,419798
3424,5.8e-05,74.125.68.0-255,1484,6220,77,419798
3425,6e-05,172.31.40.0-255,66,6286,77,419798
3426,8.7e-05,74.125.68.0-255,5738,12024,77,419798
3427,8.9e-05,172.31.40.0-255,66,12090,77,419798
3428,9.3e-05,74.125.68.0-255,2103,14193,77,419798
3429,9.4e-05,172.31.40.0-255,66,14259,77,419798
3430,9.9e-05,74.125.68.0-255,2902,17161,77,419798
3431,0.0001,172.31.40.0-255,66,17227,77,419798
3432,0.000121,74.125.68.0-255,5738,22965,77,419798
3433,0.000123,172.31.40.0-255,66,23031,77,419798
3434,0.000133,74.125.68.0-255,1484,24515,77,419798
3435,0.000135,172.31.40.0-255,66,24581,77,419798
3436,0.000139,74.125.68.0-255,2902,27483,77,419798
3437,0.000141,172.31.40.0-255,66,27549,77,419798
3438,0.000158,74.125.68.0-255,1484,29033,77,419798
3439,0.000161,172.31.40.0-255,66,29099,77,419798
3440,0.000195,74.125.68.0-255,9992,39091,77,419798
3441,0.000198,172.31.40.0-255,66,39157,77,419798
3442,0.000205,74.125.68.0-255,8574,47731,77,419798
3443,0.000207,172.31.40.0-255,66,47797,77,419798
3444,0.000209,74.125.68.0-255,766,48563,77,419798
3445,0.000211,172.31.40.0-255,66,48629,77,419798
3446,0.000278,74.125.68.0-255,1484,50113,77,419798
3447,0.000281,172.31.40.0-255,66,50179,77,419798
3448,0.000296,74.125.68.0-255,2902,53081,77,419798
3449,0.000299,172.31.40.0-255,66,53147,77,419798
3450,0.000325,74.125.68.0-255,5738,58885,77,419798
3451,0.000328,172.31.40.0-255,66,58951,77,419798
3452,0.000348,74.125.68.0-255,7069,66020,77,419798
3453,0.000351,172.31.40.0-255,66,66086,77,419798
3454,0.000353,74.125.68.0-255,131,66217,77,419798
3455,0.000493,74.125.68.0-255,1484,67701,77,419798
3456,0.000499,172.31.40.0-255,66,67767,77,419798
3457,0.000507,74.125.68.0-255,2902,70669,77,419798
3458,0.000509,172.31.40.0-255,66,70735,77,419798
3459,0.00052,74.125.68.0-255,1484,72219,77,419798
3460,0.000547,74.125.68.0-255,2902,75121,77,419798
3461,0.00055,172.31.40.0-255,66,75187,77,419798
3462,0.000559,74.125.68.0-255,1484,76671,77,419798
3463,0.000577,74.125.68.0-255,7156,83827,77,419798
3464,0.000579,172.31.40.0-255,66,83893,77,419798
3465,0.000583,74.125.68.0-255,2902,86795,77,419798
3466,0.000602,74.125.68.0-255,4320,91115,77,419798
3467,0.000607,172.31.40.0-255,66,91181,77,419798
3468,0.00063,74.125.68.0-255,2902,94083,77,419798
3469,0.000642,172.31.40.0-255,66,94149,77,419798
3470,0.000656,74.125.68.0-255,5738,99887,77,419798
3471,0.000659,74.125.68.0-255,766,100653,77,419798
3472,0.000675,172.31.40.0-255,66,100719,77,419798
3473,0.000685,74.125.68.0-255,4320,105039,77,419798
3474,0.000689,172.31.40.0-255,66,105105,77,419798
3475,0.000704,74.125.68.0-255,7156,112261,77,419798
3476,0.000719,74.125.68.0-255,2902,115163,77,419798
3477,0.000728,172.31.40.0-255,66,115229,77,419798
3478,0.000734,74.125.68.0-255,5738,120967,77,419798
3479,0.000738,172.31.40.0-255,66,121033,77,419798
3480,0.000748,74.125.68.0-255,4320,125353,77,419798
3481,0.000753,74.125.68.0-255,4320,129673,77,419798
3482,0.000757,74.125.68.0-255,2902,132575,77,419798
3483,0.000776,74.125.68.0-255,2184,134759,77,419798
3484,0.00078,172.31.40.0-255,66,134825,77,419798
3485,0.000787,74.125.68.0-255,1484,136309,77,419798
3486,0.000789,172.31.40.0-255,66,136375,77,419798
3487,0.000805,74.125.68.0-255,1484,137859,77,419798
3488,0.000816,74.125.68.0-255,1484,139343,77,419798
3489,0.000824,172.31.40.0-255,66,139409,77,419798
3490,0.000827,74.125.68.0-255,1484,140893,77,419798
3491,0.000853,74.125.68.0-255,4320,145213,77,419798
3492,0.000856,74.125.68.0-255,2902,148115,77,419798
3493,0.000861,74.125.68.0-255,4320,152435,77,419798
3494,0.000876,74.125.68.0-255,2902,155337,77,419798
3495,0.000887,172.31.40.0-255,66,155403,77,419798
3496,0.000906,74.125.68.0-255,5738,161141,77,419798
3497,0.000913,74.125.68.0-255,7156,168297,77,419798
3498,0.000918,172.31.40.0-255,66,168363,77,419798
3499,0.000926,74.125.68.0-255,766,169129,77,419798
3500,0.000965,74.125.68.0-255,1484,170613,77,419798
3501,0.000969,74.125.68.0-255,2902,173515,77,419798
3502,0.000978,172.31.40.0-255,66,173581,77,419798
3503,0.000984,74.125.68.0-255,1484,175065,77,419798
3504,0.001003,74.125.68.0-255,4320,179385,77,419798
3505,0.001007,74.125.68.0-255,2902,182287,77,419798
3506,0.00101,74.125.68.0-255,1484,183771,77,419798
3507,0.001023,74.125.68.0-255,2246,186017,77,419798
3508,0.001025,172.31.40.0-255,66,186083,77,419798
3509,0.001029,172.31.40.0-255,66,186149,77,419798
3510,0.001045,74.125.68.0-255,1484,187633,77,419798
3511,0.00106,74.125.68.0-255,7156,194789,77,419798
3512,0.001075,74.125.68.0-255,2902,197691,77,419798
3513,0.00108,172.31.40.0-255,66,197757,77,419798
3514,0.001093,74.125.68.0-255,7156,204913,77,419798
3515,0.001097,172.31.40.0-255,66,204979,77,419798
3516,0.001124,74.125.68.0-255,11410,216389,77,419798
3517,0.001139,172.31.40.0-255,66,216455,77,419798
3518,0.00116,74.125.68.0-255,3602,220057,77,419798
3519,0.00118,172.31.40.0-255,66,220123,77,419798
3520,0.001213,74.125.68.0-255,4320,224443,77,419798
3521,0.001226,172.31.40.0-255,66,224509,77,419798
3522,0.001232,74.125.68.0-255,5738,230247,77,419798
3523,0.001243,74.125.68.0-255,1484,231731,77,419798
3524,0.001246,172.31.40.0-255,66,231797,77,419798
3525,0.001256,74.125.68.0-255,4320,236117,77,419798
3526,0.001274,74.125.68.0-255,5738,241855,77,419798
3527,0.001278,74.125.68.0-255,4320,246175,77,419798
3528,0.001284,172.31.40.0-255,66,246241,77,419798
3529,0.001314,74.125.68.0-255,2902,249143,77,419798
3530,0.001326,172.31.40.0-255,66,249209,77,419798
3531,0.001337,74.125.68.0-255,5020,254229,77,419798
3532,0.001342,172.31.40.0-255,66,254295,77,419798
3533,0.001605,172.31.40.0-255,101,254396,77,419798
3534,0.003497,74.125.68.0-255,5738,260134,77,419798
3535,0.003504,172.31.40.0-255,66,260200,77,419798
3536,0.003677,74.125.68.0-255,66,260266,77,419798
3537,0.005616,74.125.68.0-255,5738,266004,77,419798
3538,0.005621,172.31.40.0-255,66,266070,77,419798
3539,0.007734,74.125.68.0-255,5738,271808,77,419798
3540,0.007737,172.31.40.0-255,66,271874,77,419798
3541,0.009886,74.125.68.0-255,5738,277612,77,419798
3542,0.009895,172.31.40.0-255,66,277678,77,419798
3543,0.012019,74.125.68.0-255,5738,283416,77,419798
3544,0.012027,172.31.40.0-255,66,283482,77,419798
3545,0.014161,74.125.68.0-255,5738,289220,77,419798
3546,0.01417,172.31.40.0-255,66,289286,77,419798
3547,0.016322,74.125.68.0-255,5738,295024,77,419798
3548,0.016335,172.31.40.0-255,66,295090,77,419798
3549,0.018448,74.125.68.0-255,5738,300828,77,419798
3550,0.018457,172.31.40.0-255,66,300894,77,419798
3551,0.020581,74.125.68.0-255,5738,306632,77,419798
3552,0.020588,172.31.40.0-255,66,306698,77,419798
3553,0.02272,74.125.68.0-255,5738,312436,77,419798
3554,0.022726,172.31.40.0-255,66,312502,77,419798
3555,0.024851,74.125.68.0-255,5738,318240,77,419798
3556,0.02486,172.31.40.0-255,66,318306,77,419798
3557,0.026986,74.125.68.0-255,5738,324044,77,419798
3558,0.026992,172.31.40.0-255,66,324110,77,419798
3559,0.02887,172.31.40.0-255,172,324282,77,419798
3560,0.028903,172.31.40.0-255,1118,325400,77,419798
3561,0.028959,172.31.40.0-255,1514,326914,77,419798
3562,0.028961,172.31.40.0-255,1277,328191,77,419798
3563,0.029108,74.125.68.0-255,5738,333929,77,419798
3564,0.029114,172.31.40.0-255,66,333995,77,419798
3565,0.030506,104.244.42.0-255,66,334061,77,419798
3566,0.030554,104.244.42.0-255,66,334127,77,419798
3567,0.030651,104.244.42.0-255,66,334193,77,419798
3568,0.031231,74.125.68.0-255,5738,339931,77,419798
3569,0.031235,172.31.40.0-255,66,339997,77,419798
3570,0.033376,74.125.68.0-255,5738,345735,77,419798
3571,0.033383,172.31.40.0-255,66,345801,77,419798
3572,0.035511,74.125.68.0-255,5738,351539,77,419798
3573,0.035517,172.31.40.0-255,66,351605,77,419798
3574,0.037655,74.125.68.0-255,5738,357343,77,419798
3575,0.037661,172.31.40.0-255,66,357409,77,419798
3576,0.039793,74.125.68.0-255,5738,363147,77,419798
3577,0.0398,172.31.40.0-255,66,363213,77,419798
3578,0.041966,74.125.68.0-255,5738,368951,77,419798
3579,0.041975,172.31.40.0-255,66,369017,77,419798
3580,0.044091,74.125.68.0-255,5738,374755,77,419798
3581,0.044097,172.31.40.0-255,66,374821,77,419798
3582,0.046224,74.125.68.0-255,5738,380559,77,419798
3583,0.046229,172.31.40.0-255,66,380625,77,419798
3584,0.04836,74.125.68.0-255,5738,386363,77,419798
3585,0.048367,172.31.40.0-255,66,386429,77,419798
3586,0.050499,74.125.68.0-255,5738,392167,77,419798
3587,0.050506,172.31.40.0-255,66,392233,77,419798
3588,0.052634,74.125.68.0-255,5738,397971,77,419798
3589,0.05264,172.31.40.0-255,66,398037,77,419798
3590,0.054754,74.125.68.0-255,5738,403775,77,419798
3591,0.054761,172.31.40.0-255,66,403841,77,419798
3592,0.056897,74.125.68.0-255,5738,409579,77,419798
3593,0.056905,172.31.40.0-255,66,409645,77,419798
3594,0.059038,74.125.68.0-255,5738,415383,77,419798
3595,0.059044,172.31.40.0-255,66,415449,77,419798
3596,0.061169,74.125.68.0-255,4112,419561,77,419798
3597,0.061176,172.31.40.0-255,66,419627,77,419798
3598,0.061349,172.31.40.0-255,105,419732,77,419798
3599,0.068673,74.125.68.0-255,66,419798,77,419798
3600,0.0,74.125.68.0-255,153,153,77,424899
3601,1.6e-05,172.31.40.0-255,66,219,77,424899
3602,4.1e-05,74.125.68.0-255,1484,1703,77,424899
3603,4.6e-05,172.31.40.0-255,66,1769,77,424899
3604,6.8e-05,74.125.68.0-255,2902,4671,77,424899
3605,7.1e-05,172.31.40.0-255,66,4737,77,424899
3606,9.4e-05,74.125.68.0-255,5738,10475,77,424899
3607,9.7e-05,172.31.40.0-255,66,10541,77,424899
3608,0.000118,74.125.68.0-255,2902,13443,77,424899
3609,0.000121,172.31.40.0-255,66,13509,77,424899
3610,0.000147,74.125.68.0-255,3515,17024,77,424899
3611,0.00015,172.31.40.0-255,66,17090,77,424899
3612,0.000159,74.125.68.0-255,8574,25664,77,424899
3613,0.000162,172.31.40.0-255,66,25730,77,424899
3614,0.000187,74.125.68.0-255,2902,28632,77,424899
3615,0.000189,172.31.40.0-255,66,28698,77,424899
3616,0.000201,74.125.68.0-255,2543,31241,77,424899
3617,0.000204,172.31.40.0-255,66,31307,77,424899
3618,0.000871,74.125.68.0-255,1484,32791,77,424899
3619,0.000879,172.31.40.0-255,66,32857,77,424899
3620,0.000888,74.125.68.0-255,2902,35759,77,424899
3621,0.00089,172.31.40.0-255,66,35825,77,424899
3622,0.000898,74.125.68.0-255,5738,41563,77,424899
3623,0.0009,172.31.40.0-255,66,41629,77,424899
3624,0.000904,74.125.68.0-255,1484,43113,77,424899
3625,0.000906,172.31.40.0-255,66,43179,77,424899
3626,0.000932,74.125.68.0-255,5738,48917,77,424899
3627,0.000934,172.31.40.0-255,66,48983,77,424899
3628,0.000968,74.125.68.0-255,12828,61811,77,424899
3629,0.00097,172.31.40.0-255,66,61877,77,424899
3630,0.000993,74.125.68.0-255,1484,63361,77,424899
3631,0.000995,172.31.40.0-255,66,63427,77,424899
3632,0.001014,74.125.68.0-255,2184,65611,77,424899
3633,0.001017,172.31.40.0-255,66,65677,77,424899
3634,0.001461,74.125.68.0-255,398,66075,77,424899
3635,0.001504,74.125.68.0-255,1484,67559,77,424899
3636,0.001509,172.31.40.0-255,66,67625,77,424899
3637,0.001533,74.125.68.0-255,1484,69109,77,424899
3638,0.001546,74.125.68.0-255,1484,70593,77,424899
3639,0.001548,172.31.40.0-255,66,70659,77,424899
3640,0.001555,74.125.68.0-255,5738,76397,77,424899
3641,0.001558,172.31.40.0-255,66,76463,77,424899
3642,0.001563,74.125.68.0-255,4320,80783,77,424899
3643,0.001566,172.31.40.0-255,66,80849,77,424899
3644,0.001588,74.125.68.0-255,2902,83751,77,424899
3645,0.00159,172.31.40.0-255,66,83817,77,424899
3646,0.001598,74.125.68.0-255,8574,92391,77,424899
3647,0.001601,172.31.40.0-255,66,92457,77,424899
3648,0.001604,74.125.68.0-255,1484,93941,77,424899
3649,0.001623,74.125.68.0-255,6438,100379,77,424899
3650,0.001625,172.31.40.0-255,66,100445,77,424899
3651,0.001743,74.125.68.0-255,1484,101929,77,424899
3652,0.001758,74.125.68.0-255,2902,104831,77,424899
3653,0.001761,172.31.40.0-255,66,104897,77,424899
3654,0.001781,74.125.68.0-255,5738,110635,77,424899
3655,0.001784,172.31.40.0-255,66,110701,77,424899
3656,0.001812,74.125.68.0-255,7156,117857,77,424899
3657,0.001815,172.31.40.0-255,66,117923,77,424899
3658,0.001832,74.125.68.0-255,4320,122243,77,424899
3659,0.001834,172.31.40.0-255,66,122309,77,424899
3660,0.001853,74.125.68.0-255,8574,130883,77,424899
3661,0.001857,172.31.40.0-255,66,130949,77,424899
3662,0.001878,74.125.68.0-255,3602,134551,77,424899
3663,0.001881,172.31.40.0-255,66,134617,77,424899
3664,0.001913,74.125.68.0-255,1484,136101,77,424899
3665,0.001939,74.125.68.0-255,9992,146093,77,424899
3666,0.001942,172.31.40.0-255,66,146159,77,424899
3667,0.00195,74.125.68.0-255,8574,154733,77,424899
3668,0.001953,172.31.40.0-255,66,154799,77,424899
3669,0.001978,74.125.68.0-255,4320,159119,77,424899
3670,0.00198,172.31.40.0-255,66,159185,77,424899
3671,0.001986,74.125.68.0-255,5738,164923,77,424899
3672,0.002014,74.125.68.0-255,6438,171361,77,424899
3673,0.002044,74.125.68.0-255,7156,178517,77,424899
3674,0.002058,74.125.68.0-255,1484,180001,77,424899
3675,0.002076,74.125.68.0-255,8574,188575,77,424899
3676,0.002098,74.125.68.0-255,9992,198567,77,424899
3677,0.002115,74.125.68.0-255,1484,200051,77,424899
3678,0.00212,74.125.68.0-255,2184,202235,77,424899
3679,0.002139,74.125.68.0-255,2902,205137,77,424899
3680,0.002153,74.125.68.0-255,1484,206621,77,424899
3681,0.002168,74.125.68.0-255,4320,210941,77,424899
3682,0.002171,74.125.68.0-255,1484,212425,77,424899
3683,0.00219,74.125.68.0-255,5738,218163,77,424899
3684,0.002219,74.125.68.0-255,4320,222483,77,424899
3685,0.002245,74.125.68.0-255,8574,231057,77,424899
3686,0.002262,74.125.68.0-255,2902,233959,77,424899
3687,0.002294,74.125.68.0-255,10692,244651,77,424899
3688,0.002298,74.125.68.0-255,1484,246135,77,424899
3689,0.002362,74.125.68.0-255,9992,256127,77,424899
3690,0.002379,74.125.68.0-255,2902,259029,77,424899
3691,0.002387,74.125.68.0-255,7156,266185,77,424899
3692,0.002391,74.125.68.0-255,3602,269787,77,424899
3693,0.002397,74.125.68.0-255,5738,275525,77,424899
3694,0.002757,172.31.40.0-255,66,275591,77,424899
3695,0.00511,74.125.68.0-255,5738,281329,77,424899
3696,0.005116,172.31.40.0-255,66,281395,77,424899
3697,0.007444,74.125.68.0-255,4320,285715,77,424899
3698,0.007449,172.31.40.0-255,66,285781,77,424899
3699,0.007464,74.125.68.0-255,1484,287265,77,424899
3700,0.009792,74.125.68.0-255,4320,291585,77,424899
3701,0.0098,172.31.40.0-255,66,291651,77,424899
3702,0.012133,74.125.68.0-255,5738,297389,77,424899
3703,0.012142,172.31.40.0-255,66,297455,77,424899
3704,0.014492,74.125.68.0-255,5738,303193,77,424899
3705,0.014499,172.31.40.0-255,66,303259,77,424899
3706,0.016858,74.125.68.0-255,5738,308997,77,424899
3707,0.016868,172.31.40.0-255,66,309063,77,424899
3708,0.019203,74.125.68.0-255,5738,314801,77,424899
3709,0.01921,172.31.40.0-255,66,314867,77,424899
3710,0.021563,74.125.68.0-255,5738,320605,77,424899
3711,0.021571,172.31.40.0-255,66,320671,77,424899
3712,0.023918,74.125.68.0-255,5738,326409,77,424899
3713,0.023926,172.31.40.0-255,66,326475,77,424899
3714,0.026262,74.125.68.0-255,5738,332213,77,424899
3715,0.026271,172.31.40.0-255,66,332279,77,424899
3716,0.028599,74.125.68.0-255,5738,338017,77,424899
3717,0.028607,172.31.40.0-255,66,338083,77,424899
3718,0.030937,74.125.68.0-255,4320,342403,77,424899
3719,0.030945,172.31.40.0-255,66,342469,77,424899
3720,0.030967,74.125.68.0-255,1484,343953,77,424899
3721,0.033278,74.125.68.0-255,4320,348273,77,424899
3722,0.033285,172.31.40.0-255,66,348339,77,424899
3723,0.033637,172.31.40.0-255,172,348511,77,424899
3724,0.033665,172.31.40.0-255,1118,349629,77,424899
3725,0.033735,172.31.40.0-255,1514,351143,77,424899
3726,0.033737,172.31.40.0-255,1514,352657,77,424899
3727,0.033738,172.31.40.0-255,1514,354171,77,424899
3728,0.033739,172.31.40.0-255,1514,355685,77,424899
3729,0.033767,172.31.40.0-255,1479,357164,77,424899
3730,0.035186,104.244.42.0-255,66,357230,77,424899
3731,0.035234,104.244.42.0-255,66,357296,77,424899
3732,0.035346,104.244.42.0-255,66,357362,77,424899
3733,0.035614,74.125.68.0-255,4320,361682,77,424899
3734,0.035619,172.31.40.0-255,66,361748,77,424899
3735,0.035636,74.125.68.0-255,1484,363232,77,424899
3736,0.037958,74.125.68.0-255,4320,367552,77,424899
3737,0.037965,172.31.40.0-255,66,367618,77,424899
3738,0.040293,74.125.68.0-255,5738,373356,77,424899
3739,0.040299,172.31.40.0-255,66,373422,77,424899
3740,0.042627,74.125.68.0-255,5738,379160,77,424899
3741,0.042634,172.31.40.0-255,66,379226,77,424899
3742,0.044981,74.125.68.0-255,5738,384964,77,424899
3743,0.044992,172.31.40.0-255,66,385030,77,424899
3744,0.047331,74.125.68.0-255,5738,390768,77,424899
3745,0.047338,172.31.40.0-255,66,390834,77,424899
3746,0.049684,74.125.68.0-255,5738,396572,77,424899
3747,0.049691,172.31.40.0-255,66,396638,77,424899
3748,0.05204,74.125.68.0-255,5738,402376,77,424899
3749,0.052048,172.31.40.0-255,66,402442,77,424899
3750,0.054386,74.125.68.0-255,5738,408180,77,424899
3751,0.054393,172.31.40.0-255,66,408246,77,424899
3752,0.056728,74.125.68.0-255,5738,413984,77,424899
3753,0.056734,172.31.40.0-255,66,414050,77,424899
3754,0.059072,74.125.68.0-255,5738,419788,77,424899
3755,0.059079,172.31.40.0-255,66,419854,77,424899
3756,0.061408,74.125.68.0-255,4808,424662,77,424899
3757,0.061414,172.31.40.0-255,66,424728,77,424899
3758,0.061597,172.31.40.0-255,105,424833,77,424899
3759,0.063904,74.125.68.0-255,66,424899,77,424899
3760,0.0,172.217.194.0-255,153,153,77,403561
3761,2.4e-05,172.31.40.0-255,66,219,77,403561
3762,3.1e-05,172.217.194.0-255,1484,1703,77,403561
3763,3.6e-05,172.31.40.0-255,66,1769,77,403561
3764,4.2e-05,172.217.194.0-255,2902,4671,77,403561
3765,5.3e-05,172.31.40.0-255,66,4737,77,403561
3766,6e-05,172.217.194.0-255,7156,11893,77,403561
3767,6.3e-05,172.31.40.0-255,66,11959,77,403561
3768,7.1e-05,172.217.194.0-255,7735,19694,77,403561
3769,7.5e-05,172.31.40.0-255,66,19760,77,403561
3770,0.000126,172.217.194.0-255,11051,30811,77,403561
3771,0.00013,172.31.40.0-255,66,30877,77,403561
3772,0.000168,172.217.194.0-255,5738,36615,77,403561
3773,0.00017,172.31.40.0-255,66,36681,77,403561
3774,0.000188,172.217.194.0-255,2902,39583,77,403561
3775,0.000191,172.31.40.0-255,66,39649,77,403561
3776,0.000199,172.217.194.0-255,7156,46805,77,403561
3777,0.000201,172.31.40.0-255,66,46871,77,403561
3778,0.000225,172.217.194.0-255,2543,49414,77,403561
3779,0.000228,172.31.40.0-255,66,49480,77,403561
3780,0.000245,172.31.40.0-255,66,49546,77,403561
3781,0.000247,172.217.194.0-255,365,49911,77,403561
3782,0.000249,172.31.40.0-255,66,49977,77,403561
3783,0.000306,172.217.194.0-255,1484,51461,77,403561
3784,0.000309,172.31.40.0-255,66,51527,77,403561
3785,0.000314,172.217.194.0-255,2902,54429,77,403561
3786,0.000316,172.31.40.0-255,66,54495,77,403561
3787,0.00035,172.217.194.0-255,5738,60233,77,403561
3788,0.000353,172.31.40.0-255,66,60299,77,403561
3789,0.000359,172.217.194.0-255,4320,64619,77,403561
3790,0.000361,172.31.40.0-255,66,64685,77,403561
3791,0.00039,172.217.194.0-255,9633,74318,77,403561
3792,0.000393,172.31.40.0-255,66,74384,77,403561
3793,0.000401,172.217.194.0-255,8574,82958,77,403561
3794,0.000403,172.31.40.0-255,66,83024,77,403561
3795,0.000434,172.217.194.0-255,11410,94434,77,403561
3796,0.000438,172.31.40.0-255,66,94500,77,403561
3797,0.000461,172.217.194.0-255,576,95076,77,403561
3798,0.000468,172.217.194.0-255,5379,100455,77,403561
3799,0.000471,172.31.40.0-255,66,100521,77,403561
3800,0.000573,172.217.194.0-255,1484,102005,77,403561
3801,0.000591,172.217.194.0-255,2902,104907,77,403561
3802,0.000594,172.31.40.0-255,66,104973,77,403561
3803,0.000599,172.217.194.0-255,4320,109293,77,403561
3804,0.000602,172.31.40.0-255,66,109359,77,403561
3805,0.000635,172.217.194.0-255,1484,110843,77,403561
3806,0.000647,172.217.194.0-255,12828,123671,77,403561
3807,0.00065,172.31.40.0-255,66,123737,77,403561
3808,0.00066,172.217.194.0-255,10692,134429,77,403561
3809,0.000663,172.31.40.0-255,66,134495,77,403561
3810,0.000689,172.217.194.0-255,1484,135979,77,403561
3811,0.000694,172.217.194.0-255,2902,138881,77,403561
3812,0.000696,172.31.40.0-255,66,138947,77,403561
3813,0.000733,172.217.194.0-255,5738,144685,77,403561
3814,0.000736,172.31.40.0-255,66,144751,77,403561
3815,0.000739,172.217.194.0-255,1484,146235,77,403561
3816,0.000774,172.217.194.0-255,5379,151614,77,403561
3817,0.000778,172.31.40.0-255,66,151680,77,403561
3818,0.00096,172.217.194.0-255,1484,153164,77,403561
3819,0.000968,172.217.194.0-255,2902,156066,77,403561
3820,0.000972,172.31.40.0-255,66,156132,77,403561
3821,0.000993,172.217.194.0-255,5738,161870,77,403561
3822,0.000996,172.31.40.0-255,66,161936,77,403561
3823,0.001003,172.217.194.0-255,6797,168733,77,403561
3824,0.001006,172.31.40.0-255,66,168799,77,403561
3825,0.001103,172.217.194.0-255,1484,170283,77,403561
3826,0.00111,172.217.194.0-255,2902,173185,77,403561
3827,0.001113,172.31.40.0-255,66,173251,77,403561
3828,0.00112,172.217.194.0-255,5738,178989,77,403561
3829,0.001123,172.31.40.0-255,66,179055,77,403561
3830,0.001147,172.217.194.0-255,5738,184793,77,403561
3831,0.00115,172.31.40.0-255,66,184859,77,403561
3832,0.001185,172.217.194.0-255,7156,192015,77,403561
3833,0.001189,172.31.40.0-255,66,192081,77,403561
3834,0.001198,172.217.194.0-255,9992,202073,77,403561
3835,0.001201,172.31.40.0-255,66,202139,77,403561
3836,0.001203,172.217.194.0-255,766,202905,77,403561
3837,0.001313,172.217.194.0-255,1484,204389,77,403561
3838,0.001317,172.31.40.0-255,66,204455,77,403561
3839,0.001323,172.217.194.0-255,2902,207357,77,403561
3840,0.001325,172.31.40.0-255,66,207423,77,403561
3841,0.001329,172.217.194.0-255,1484,208907,77,403561
3842,0.001359,172.217.194.0-255,4320,213227,77,403561
3843,0.001362,172.31.40.0-255,66,213293,77,403561
3844,0.001379,172.217.194.0-255,11410,224703,77,403561
3845,0.001381,172.31.40.0-255,66,224769,77,403561
3846,0.001426,172.217.194.0-255,7156,231925,77,403561
3847,0.00143,172.31.40.0-255,66,231991,77,403561
3848,0.001464,172.217.194.0-255,5020,237011,77,403561
3849,0.001467,172.31.40.0-255,66,237077,77,403561
3850,0.001475,172.217.194.0-255,1484,238561,77,403561
3851,0.001539,172.217.194.0-255,2902,241463,77,403561
3852,0.001542,172.31.40.0-255,66,241529,77,403561
3853,0.001548,172.217.194.0-255,5738,247267,77,403561
3854,0.00155,172.31.40.0-255,66,247333,77,403561
3855,0.001562,172.217.194.0-255,12828,260161,77,403561
3856,0.001564,172.31.40.0-255,66,260227,77,403561
3857,0.001573,172.217.194.0-255,9992,270219,77,403561
3858,0.001575,172.31.40.0-255,66,270285,77,403561
3859,0.001578,172.217.194.0-255,766,271051,77,403561
3860,0.001605,172.217.194.0-255,1484,272535,77,403561
3861,0.001608,172.217.194.0-255,1484,274019,77,403561
3862,0.001616,172.31.40.0-255,66,274085,77,403561
3863,0.00163,172.217.194.0-255,1484,275569,77,403561
3864,0.001641,172.217.194.0-255,5738,281307,77,403561
3865,0.001646,172.217.194.0-255,2902,284209,77,403561
3866,0.001659,172.31.40.0-255,66,284275,77,403561
3867,0.001677,172.217.194.0-255,9992,294267,77,403561
3868,0.001687,172.217.194.0-255,8574,302841,77,403561
3869,0.001692,172.31.40.0-255,66,302907,77,403561
3870,0.001717,172.217.194.0-255,2184,305091,77,403561
3871,0.001721,172.217.194.0-255,2902,307993,77,403561
3872,0.001724,172.217.194.0-255,1484,309477,77,403561
3873,0.001738,172.217.194.0-255,2902,312379,77,403561
3874,0.001745,172.217.194.0-255,5738,318117,77,403561
3875,0.00176,172.217.194.0-255,2902,321019,77,403561
3876,0.001764,172.217.194.0-255,2902,323921,77,403561
3877,0.001767,172.31.40.0-255,66,323987,77,403561
3878,0.001776,172.31.40.0-255,66,324053,77,403561
3879,0.001811,172.217.194.0-255,12828,336881,77,403561
3880,0.001816,172.217.194.0-255,2184,339065,77,403561
3881,0.00183,172.217.194.0-255,2902,341967,77,403561
3882,0.001841,172.31.40.0-255,66,342033,77,403561
3883,0.001859,172.217.194.0-255,7156,349189,77,403561
3884,0.001869,172.217.194.0-255,1484,350673,77,403561
3885,0.001892,172.31.40.0-255,66,350739,77,403561
3886,0.0019,172.217.194.0-255,7156,357895,77,403561
3887,0.001906,172.31.40.0-255,66,357961,77,403561
3888,0.001938,172.217.194.0-255,5738,363699,77,403561
3889,0.001949,172.217.194.0-255,9274,372973,77,403561
3890,0.001958,172.217.194.0-255,9992,382965,77,403561
3891,0.001967,172.31.40.0-255,66,383031,77,403561
3892,0.001993,172.217.194.0-255,13929,396960,77,403561
3893,0.002014,172.31.40.0-255,66,397026,77,403561
3894,0.002021,172.217.194.0-255,105,397131,77,403561
3895,0.012145,172.31.40.0-255,66,397197,77,403561
3896,0.012196,172.31.40.0-255,105,397302,77,403561
3897,0.014753,172.217.194.0-255,66,397368,77,403561
3898,0.041075,172.31.40.0-255,171,397539,77,403561
3899,0.04111,172.31.40.0-255,1142,398681,77,403561
3900,0.041174,172.31.40.0-255,1514,400195,77,403561
3901,0.041176,172.31.40.0-255,1514,401709,77,403561
3902,0.041181,172.31.40.0-255,1514,403223,77,403561
3903,0.041182,172.31.40.0-255,74,403297,77,403561
3904,0.042652,104.244.42.0-255,66,403363,77,403561
3905,0.042694,104.244.42.0-255,66,403429,77,403561
3906,0.042731,104.244.42.0-255,66,403495,77,403561
3907,0.042745,104.244.42.0-255,66,403561,77,403561
3908,0.0,172.217.194.0-255,152,152,77,290206
3909,1.4e-05,172.31.40.0-255,66,218,77,290206
3910,2e-05,172.217.194.0-255,1484,1702,77,290206
3911,2.5e-05,172.31.40.0-255,66,1768,77,290206
3912,3.1e-05,172.217.194.0-255,2902,4670,77,290206
3913,4e-05,172.31.40.0-255,66,4736,77,290206
3914,9.6e-05,172.217.194.0-255,5738,10474,77,290206
3915,9.9e-05,172.31.40.0-255,66,10540,77,290206
3916,0.000124,172.217.194.0-255,1484,12024,77,290206
3917,0.000126,172.31.40.0-255,66,12090,77,290206
3918,0.000232,172.217.194.0-255,5738,17828,77,290206
3919,0.000236,172.31.40.0-255,66,17894,77,290206
3920,0.000263,172.217.194.0-255,3512,21406,77,290206
3921,0.000266,172.31.40.0-255,66,21472,77,290206
3922,0.000422,172.217.194.0-255,4320,25792,77,290206
3923,0.000427,172.31.40.0-255,66,25858,77,290206
3924,0.000479,172.31.40.0-255,66,25924,77,290206
3925,0.000827,172.217.194.0-255,7156,33080,77,290206
3926,0.000831,172.31.40.0-255,66,33146,77,290206
3927,0.000858,172.217.194.0-255,766,33912,77,290206
3928,0.00086,172.31.40.0-255,66,33978,77,290206
3929,0.000976,172.217.194.0-255,4320,38298,77,290206
3930,0.00098,172.31.40.0-255,66,38364,77,290206
3931,0.001017,172.217.194.0-255,12721,51085,77,290206
3932,0.00102,172.31.40.0-255,66,51151,77,290206
3933,0.001296,172.217.194.0-255,119,51270,77,290206
3934,0.001302,172.31.40.0-255,66,51336,77,290206
3935,0.001332,172.217.194.0-255,2902,54238,77,290206
3936,0.001336,172.31.40.0-255,66,54304,77,290206
3937,0.001378,172.31.40.0-255,66,54370,77,290206
3938,0.00141,172.217.194.0-255,7156,61526,77,290206
3939,0.00194,172.217.194.0-255,7156,68682,77,290206
3940,0.001965,172.217.194.0-255,12828,81510,77,290206
3941,0.002019,172.217.194.0-255,8574,90084,77,290206
3942,0.002915,172.217.194.0-255,2902,92986,77,290206
3943,0.002936,172.217.194.0-255,12828,105814,77,290206
3944,0.003934,172.217.194.0-255,4320,110134,77,290206
3945,0.007531,172.31.40.0-255,66,110200,77,290206
3946,0.010033,172.217.194.0-255,5738,115938,77,290206
3947,0.01004,172.31.40.0-255,66,116004,77,290206
3948,0.012539,172.217.194.0-255,5738,121742,77,290206
3949,0.012548,172.31.40.0-255,66,121808,77,290206
3950,0.015001,172.217.194.0-255,5738,127546,77,290206
3951,0.01501,172.31.40.0-255,66,127612,77,290206
3952,0.017504,172.217.194.0-255,5738,133350,77,290206
3953,0.017515,172.31.40.0-255,66,133416,77,290206
3954,0.020019,172.217.194.0-255,5738,139154,77,290206
3955,0.020028,172.31.40.0-255,66,139220,77,290206
3956,0.022505,172.217.194.0-255,5738,144958,77,290206
3957,0.022515,172.31.40.0-255,66,145024,77,290206
3958,0.024966,172.217.194.0-255,5738,150762,77,290206
3959,0.024974,172.31.40.0-255,66,150828,77,290206
3960,0.027438,172.217.194.0-255,5738,156566,77,290206
3961,0.027446,172.31.40.0-255,66,156632,77,290206
3962,0.029934,172.217.194.0-255,5738,162370,77,290206
3963,0.029941,172.31.40.0-255,66,162436,77,290206
3964,0.030023,172.31.40.0-255,172,162608,77,290206
3965,0.030049,172.31.40.0-255,1120,163728,77,290206
3966,0.030112,172.31.40.0-255,1514,165242,77,290206
3967,0.030113,172.31.40.0-255,1275,166517,77,290206
3968,0.031716,104.244.42.0-255,66,166583,77,290206
3969,0.031724,104.244.42.0-255,66,166649,77,290206
3970,0.031793,104.244.42.0-255,66,166715,77,290206
3971,0.032428,172.217.194.0-255,5738,172453,77,290206
3972,0.032436,172.31.40.0-255,66,172519,77,290206
3973,0.034925,172.217.194.0-255,5738,178257,77,290206
3974,0.03493,172.31.40.0-255,66,178323,77,290206
3975,0.037388,172.217.194.0-255,5738,184061,77,290206
3976,0.037396,172.31.40.0-255,66,184127,77,290206
3977,0.039894,172.217.194.0-255,5738,189865,77,290206
3978,0.039903,172.31.40.0-255,66,189931,77,290206
3979,0.042365,172.217.194.0-255,5738,195669,77,290206
3980,0.04237,172.31.40.0-255,66,195735,77,290206
3981,0.044846,172.217.194.0-255,5738,201473,77,290206
3982,0.044853,172.31.40.0-255,66,201539,77,290206
3983,0.047312,172.217.194.0-255,5738,207277,77,290206
3984,0.047317,172.31.40.0-255,66,207343,77,290206
3985,0.049804,172.217.194.0-255,5738,213081,77,290206
3986,0.049812,172.31.40.0-255,66,213147,77,290206
3987,0.052318,172.217.194.0-255,4320,217467,77,290206
3988,0.052324,172.31.40.0-255,66,217533,77,290206
3989,0.052348,172.217.194.0-255,1484,219017,77,290206
3990,0.054816,172.217.194.0-255,4320,223337,77,290206
3991,0.054822,172.31.40.0-255,66,223403,77,290206
3992,0.057293,172.217.194.0-255,5738,229141,77,290206
3993,0.057333,172.31.40.0-255,66,229207,77,290206
3994,0.059806,172.217.194.0-255,5738,234945,77,290206
3995,0.059812,172.31.40.0-255,66,235011,77,290206
3996,0.062301,172.217.194.0-255,5738,240749,77,290206
3997,0.062306,172.31.40.0-255,66,240815,77,290206
3998,0.064847,172.217.194.0-255,5738,246553,77,290206
3999,0.064853,172.31.40.0-255,66,246619,77,290206
4000,0.067409,172.217.194.0-255,5738,252357,77,290206
4001,0.067415,172.31.40.0-255,66,252423,77,290206
4002,0.069924,172.217.194.0-255,5738,258161,77,290206
4003,0.06993,172.31.40.0-255,66,258227,77,290206
4004,0.0724,172.217.194.0-255,5738,263965,77,290206
4005,0.072405,172.31.40.0-255,66,264031,77,290206
4006,0.074904,172.217.194.0-255,5738,269769,77,290206
4007,0.07491,172.31.40.0-255,66,269835,77,290206
4008,0.077407,172.217.194.0-255,5738,275573,77,290206
4009,0.077414,172.31.40.0-255,66,275639,77,290206
4010,0.079876,172.217.194.0-255,5738,281377,77,290206
4011,0.079883,172.31.40.0-255,66,281443,77,290206
4012,0.082364,172.217.194.0-255,5738,287181,77,290206
4013,0.082371,172.31.40.0-255,66,287247,77,290206
4014,0.084838,172.217.194.0-255,2722,289969,77,290206
4015,0.084843,172.31.40.0-255,66,290035,77,290206
4016,0.085015,172.31.40.0-255,105,290140,77,290206
4017,0.0875,172.217.194.0-255,66,290206,77,290206
4018,0.0,74.125.68.0-255,152,152,77,422226
4019,2.2e-05,172.31.40.0-255,66,218,77,422226
4020,2.9e-05,74.125.68.0-255,1484,1702,77,422226
4021,3.3e-05,172.31.40.0-255,66,1768,77,422226
4022,3.9e-05,74.125.68.0-255,2902,4670,77,422226
4023,4.2e-05,172.31.40.0-255,66,4736,77,422226
4024,4.8e-05,74.125.68.0-255,5738,10474,77,422226
4025,5.1e-05,172.31.40.0-255,66,10540,77,422226
4026,8.6e-05,74.125.68.0-255,3515,14055,77,422226
4027,8.8e-05,172.31.40.0-255,66,14121,77,422226
4028,9.4e-05,74.125.68.0-255,4320,18441,77,422226
4029,9.6e-05,172.31.40.0-255,66,18507,77,422226
4030,0.000147,74.125.68.0-255,9992,28499,77,422226
4031,0.000149,172.31.40.0-255,66,28565,77,422226
4032,0.000153,74.125.68.0-255,2543,31108,77,422226
4033,0.000155,172.31.40.0-255,66,31174,77,422226
4034,0.000182,74.125.68.0-255,1484,32658,77,422226
4035,0.000185,172.31.40.0-255,66,32724,77,422226
4036,0.000189,74.125.68.0-255,2902,35626,77,422226
4037,0.000191,172.31.40.0-255,66,35692,77,422226
4038,0.000215,74.125.68.0-255,5738,41430,77,422226
4039,0.000217,172.31.40.0-255,66,41496,77,422226
4040,0.000221,74.125.68.0-255,2902,44398,77,422226
4041,0.000223,172.31.40.0-255,66,44464,77,422226
4042,0.000269,74.125.68.0-255,2902,47366,77,422226
4043,0.000272,172.31.40.0-255,66,47432,77,422226
4044,0.000292,74.125.68.0-255,1125,48557,77,422226
4045,0.000294,172.31.40.0-255,66,48623,77,422226
4046,0.000891,74.125.68.0-255,1484,50107,77,422226
4047,0.000896,172.31.40.0-255,66,50173,77,422226
4048,0.000902,74.125.68.0-255,2902,53075,77,422226
4049,0.000904,172.31.40.0-255,66,53141,77,422226
4050,0.000919,74.125.68.0-255,2902,56043,77,422226
4051,0.000921,172.31.40.0-255,66,56109,77,422226
4052,0.000938,74.125.68.0-255,2902,59011,77,422226
4053,0.00094,172.31.40.0-255,66,59077,77,422226
4054,0.000945,74.125.68.0-255,2902,61979,77,422226
4055,0.000947,172.31.40.0-255,66,62045,77,422226
4056,0.000994,74.125.68.0-255,3961,66006,77,422226
4057,0.000997,172.31.40.0-255,66,66072,77,422226
4058,0.001095,74.125.68.0-255,1484,67556,77,422226
4059,0.001111,74.125.68.0-255,2902,70458,77,422226
4060,0.001114,172.31.40.0-255,66,70524,77,422226
4061,0.001142,74.125.68.0-255,5738,76262,77,422226
4062,0.001162,74.125.68.0-255,6797,83059,77,422226
4063,0.001166,172.31.40.0-255,66,83125,77,422226
4064,0.001176,172.31.40.0-255,66,83191,77,422226
4065,0.001194,74.125.68.0-255,7156,90347,77,422226
4066,0.001203,172.31.40.0-255,66,90413,77,422226
4067,0.001215,74.125.68.0-255,1484,91897,77,422226
4068,0.00123,74.125.68.0-255,2902,94799,77,422226
4069,0.001235,172.31.40.0-255,66,94865,77,422226
4070,0.00126,74.125.68.0-255,5379,100244,77,422226
4071,0.001269,172.31.40.0-255,66,100310,77,422226
4072,0.001296,74.125.68.0-255,8574,108884,77,422226
4073,0.001302,74.125.68.0-255,4320,113204,77,422226
4074,0.001317,172.31.40.0-255,66,113270,77,422226
4075,0.001352,74.125.68.0-255,3846,117116,77,422226
4076,0.001355,172.31.40.0-255,66,117182,77,422226
4077,0.001402,74.125.68.0-255,4320,121502,77,422226
4078,0.001408,172.31.40.0-255,66,121568,77,422226
4079,0.001421,74.125.68.0-255,4320,125888,77,422226
4080,0.001442,74.125.68.0-255,1484,127372,77,422226
4081,0.001445,172.31.40.0-255,66,127438,77,422226
4082,0.001466,74.125.68.0-255,2902,130340,77,422226
4083,0.001471,172.31.40.0-255,66,130406,77,422226
4084,0.001494,74.125.68.0-255,4656,135062,77,422226
4085,0.0015,172.31.40.0-255,66,135128,77,422226
4086,0.001665,74.125.68.0-255,1484,136612,77,422226
4087,0.001691,74.125.68.0-255,2902,139514,77,422226
4088,0.001695,172.31.40.0-255,66,139580,77,422226
4089,0.001702,74.125.68.0-255,5738,145318,77,422226
4090,0.001707,74.125.68.0-255,2902,148220,77,422226
4091,0.001716,172.31.40.0-255,66,148286,77,422226
4092,0.001745,74.125.68.0-255,4320,152606,77,422226
4093,0.001755,74.125.68.0-255,8574,161180,77,422226
4094,0.001758,74.125.68.0-255,1484,162664,77,422226
4095,0.001768,172.31.40.0-255,66,162730,77,422226
4096,0.001789,74.125.68.0-255,4320,167050,77,422226
4097,0.001798,172.31.40.0-255,66,167116,77,422226
4098,0.001815,74.125.68.0-255,2184,169300,77,422226
4099,0.001833,172.31.40.0-255,66,169366,77,422226
4100,0.002026,74.125.68.0-255,1484,170850,77,422226
4101,0.002061,74.125.68.0-255,2902,173752,77,422226
4102,0.002065,172.31.40.0-255,66,173818,77,422226
4103,0.002088,74.125.68.0-255,4320,178138,77,422226
4104,0.002095,172.31.40.0-255,66,178204,77,422226
4105,0.002108,74.125.68.0-255,4320,182524,77,422226
4106,0.002121,74.125.68.0-255,2902,185426,77,422226
4107,0.002132,74.125.68.0-255,1484,186910,77,422226
4108,0.002136,74.125.68.0-255,2902,189812,77,422226
4109,0.002152,74.125.68.0-255,2902,192714,77,422226
4110,0.002156,172.31.40.0-255,66,192780,77,422226
4111,0.00217,74.125.68.0-255,4320,197100,77,422226
4112,0.002179,172.31.40.0-255,66,197166,77,422226
4113,0.004274,74.125.68.0-255,1484,198650,77,422226
4114,0.004289,74.125.68.0-255,1484,200134,77,422226
4115,0.004293,172.31.40.0-255,66,200200,77,422226
4116,0.004334,74.125.68.0-255,2902,203102,77,422226
4117,0.004336,172.31.40.0-255,66,203168,77,422226
4118,0.006387,74.125.68.0-255,2902,206070,77,422226
4119,0.006391,172.31.40.0-255,66,206136,77,422226
4120,0.006425,74.125.68.0-255,2902,209038,77,422226
4121,0.006427,172.31.40.0-255,66,209104,77,422226
4122,0.00851,74.125.68.0-255,2902,212006,77,422226
4123,0.008517,172.31.40.0-255,66,212072,77,422226
4124,0.008541,74.125.68.0-255,2902,214974,77,422226
4125,0.008545,172.31.40.0-255,66,215040,77,422226
4126,0.010629,74.125.68.0-255,2902,217942,77,422226
4127,0.010636,172.31.40.0-255,66,218008,77,422226
4128,0.010657,74.125.68.0-255,2902,220910,77,422226
4129,0.010659,172.31.40.0-255,66,220976,77,422226
4130,0.012775,74.125.68.0-255,2902,223878,77,422226
4131,0.012783,172.31.40.0-255,66,223944,77,422226
4132,0.012801,74.125.68.0-255,2902,226846,77,422226
4133,0.012804,172.31.40.0-255,66,226912,77,422226
4134,0.014906,74.125.68.0-255,5738,232650,77,422226
4135,0.014913,172.31.40.0-255,66,232716,77,422226
4136,0.017042,74.125.68.0-255,5738,238454,77,422226
4137,0.017049,172.31.40.0-255,66,238520,77,422226
4138,0.019175,74.125.68.0-255,5738,244258,77,422226
4139,0.019184,172.31.40.0-255,66,244324,77,422226
4140,0.021317,74.125.68.0-255,5738,250062,77,422226
4141,0.021328,172.31.40.0-255,66,250128,77,422226
4142,0.02346,74.125.68.0-255,5738,255866,77,422226
4143,0.023467,172.31.40.0-255,66,255932,77,422226
4144,0.025585,74.125.68.0-255,5738,261670,77,422226
4145,0.025592,172.31.40.0-255,66,261736,77,422226
4146,0.027709,74.125.68.0-255,5738,267474,77,422226
4147,0.027716,172.31.40.0-255,66,267540,77,422226
4148,0.02984,74.125.68.0-255,5738,273278,77,422226
4149,0.029848,172.31.40.0-255,66,273344,77,422226
4150,0.031972,74.125.68.0-255,5738,279082,77,422226
4151,0.031985,172.31.40.0-255,66,279148,77,422226
4152,0.034106,74.125.68.0-255,5738,284886,77,422226
4153,0.03412,172.31.40.0-255,66,284952,77,422226
4154,0.036253,74.125.68.0-255,5738,290690,77,422226
4155,0.036267,172.31.40.0-255,66,290756,77,422226
4156,0.03839,74.125.68.0-255,5738,296494,77,422226
4157,0.0384,172.31.40.0-255,66,296560,77,422226
4158,0.040534,74.125.68.0-255,5738,302298,77,422226
4159,0.040551,172.31.40.0-255,66,302364,77,422226
4160,0.042671,74.125.68.0-255,5738,308102,77,422226
4161,0.042681,172.31.40.0-255,66,308168,77,422226
4162,0.04481,74.125.68.0-255,5738,313906,77,422226
4163,0.044816,172.31.40.0-255,66,313972,77,422226
4164,0.04693,74.125.68.0-255,5738,319710,77,422226
4165,0.046941,172.31.40.0-255,66,319776,77,422226
4166,0.049082,74.125.68.0-255,5738,325514,77,422226
4167,0.049098,172.31.40.0-255,66,325580,77,422226
4168,0.049726,172.31.40.0-255,172,325752,77,422226
4169,0.049759,172.31.40.0-255,1118,326870,77,422226
4170,0.049843,172.31.40.0-255,1514,328384,77,422226
4171,0.049845,172.31.40.0-255,1277,329661,77,422226
4172,0.051222,74.125.68.0-255,5738,335399,77,422226
4173,0.05123,172.31.40.0-255,66,335465,77,422226
4174,0.051384,104.244.42.0-255,66,335531,77,422226
4175,0.051433,104.244.42.0-255,66,335597,77,422226
4176,0.051532,104.244.42.0-255,66,335663,77,422226
4177,0.053366,74.125.68.0-255,5738,341401,77,422226
4178,0.053414,172.31.40.0-255,66,341467,77,422226
4179,0.05555,74.125.68.0-255,5738,347205,77,422226
4180,0.055566,172.31.40.0-255,66,347271,77,422226
4181,0.057685,74.125.68.0-255,5738,353009,77,422226
4182,0.0577,172.31.40.0-255,66,353075,77,422226
4183,0.05984,74.125.68.0-255,5738,358813,77,422226
4184,0.059858,172.31.40.0-255,66,358879,77,422226
4185,0.061981,74.125.68.0-255,5738,364617,77,422226
4186,0.061989,172.31.40.0-255,66,364683,77,422226
4187,0.06412,74.125.68.0-255,5738,370421,77,422226
4188,0.064137,172.31.40.0-255,66,370487,77,422226
4189,0.066259,74.125.68.0-255,5738,376225,77,422226
4190,0.066273,172.31.40.0-255,66,376291,77,422226
4191,0.068409,74.125.68.0-255,5738,382029,77,422226
4192,0.068426,172.31.40.0-255,66,382095,77,422226
4193,0.070547,74.125.68.0-255,5738,387833,77,422226
4194,0.070561,172.31.40.0-255,66,387899,77,422226
4195,0.0727,74.125.68.0-255,5738,393637,77,422226
4196,0.072715,172.31.40.0-255,66,393703,77,422226
4197,0.074894,74.125.68.0-255,5738,399441,77,422226
4198,0.074904,172.31.40.0-255,66,399507,77,422226
4199,0.077034,74.125.68.0-255,5738,405245,77,422226
4200,0.07705,172.31.40.0-255,66,405311,77,422226
4201,0.079181,74.125.68.0-255,5738,411049,77,422226
4202,0.079196,172.31.40.0-255,66,411115,77,422226
4203,0.081326,74.125.68.0-255,5738,416853,77,422226
4204,0.081341,172.31.40.0-255,66,416919,77,422226
4205,0.083469,74.125.68.0-255,5070,421989,77,422226
4206,0.083482,172.31.40.0-255,66,422055,77,422226
4207,0.083749,172.31.40.0-255,105,422160,77,422226
4208,0.085839,74.125.68.0-255,66,422226,77,422226
4209,0.0,172.217.194.0-255,153,153,77,334019
4210,5.2e-05,172.31.40.0-255,66,219,77,334019
4211,5.8e-05,172.217.194.0-255,1484,1703,77,334019
4212,6.2e-05,172.31.40.0-255,66,1769,77,334019
4213,7.4e-05,172.217.194.0-255,2902,4671,77,334019
4214,7.7e-05,172.31.40.0-255,66,4737,77,334019
4215,8.4e-05,172.217.194.0-255,7156,11893,77,334019
4216,8.7e-05,172.31.40.0-255,66,11959,77,334019
4217,9.3e-05,172.217.194.0-255,6374,18333,77,334019
4218,9.6e-05,172.31.40.0-255,66,18399,77,334019
4219,0.000135,172.217.194.0-255,7156,25555,77,334019
4220,0.000139,172.31.40.0-255,66,25621,77,334019
4221,0.000145,172.217.194.0-255,5379,31000,77,334019
4222,0.000147,172.31.40.0-255,66,31066,77,334019
4223,0.000186,172.217.194.0-255,1484,32550,77,334019
4224,0.000191,172.31.40.0-255,66,32616,77,334019
4225,0.000196,172.217.194.0-255,2902,35518,77,334019
4226,0.000198,172.31.40.0-255,66,35584,77,334019
4227,0.000201,172.217.194.0-255,1484,37068,77,334019
4228,0.000203,172.31.40.0-255,66,37134,77,334019
4229,0.000239,172.217.194.0-255,4320,41454,77,334019
4230,0.000243,172.31.40.0-255,66,41520,77,334019
4231,0.00025,172.217.194.0-255,6797,48317,77,334019
4232,0.000252,172.31.40.0-255,66,48383,77,334019
4233,0.00029,172.217.194.0-255,7156,55539,77,334019
4234,0.000293,172.31.40.0-255,66,55605,77,334019
4235,0.000301,172.217.194.0-255,8574,64179,77,334019
4236,0.000304,172.31.40.0-255,66,64245,77,334019
4237,0.000337,172.217.194.0-255,1398,65643,77,334019
4238,0.00034,172.31.40.0-255,66,65709,77,334019
4239,0.000343,172.217.194.0-255,119,65828,77,334019
4240,0.000345,172.31.40.0-255,66,65894,77,334019
4241,0.000674,172.217.194.0-255,382,66276,77,334019
4242,0.000842,172.31.40.0-255,66,66342,77,334019
4243,0.000942,172.217.194.0-255,1484,67826,77,334019
4244,0.000951,172.217.194.0-255,2902,70728,77,334019
4245,0.000955,172.31.40.0-255,66,70794,77,334019
4246,0.000962,172.217.194.0-255,5738,76532,77,334019
4247,0.000965,172.31.40.0-255,66,76598,77,334019
4248,0.001008,172.217.194.0-255,4320,80918,77,334019
4249,0.001013,172.31.40.0-255,66,80984,77,334019
4250,0.001036,172.217.194.0-255,8574,89558,77,334019
4251,0.001039,172.31.40.0-255,66,89624,77,334019
4252,0.001069,172.217.194.0-255,4320,93944,77,334019
4253,0.001073,172.31.40.0-255,66,94010,77,334019
4254,0.001114,172.217.194.0-255,6438,100448,77,334019
4255,0.001118,172.31.40.0-255,66,100514,77,334019
4256,0.00119,172.217.194.0-255,1484,101998,77,334019
4257,0.001197,172.217.194.0-255,2902,104900,77,334019
4258,0.0012,172.31.40.0-255,66,104966,77,334019
4259,0.001243,172.217.194.0-255,2902,107868,77,334019
4260,0.001247,172.31.40.0-255,66,107934,77,334019
4261,0.001278,172.217.194.0-255,2902,110836,77,334019
4262,0.001283,172.31.40.0-255,66,110902,77,334019
4263,0.001291,172.217.194.0-255,7156,118058,77,334019
4264,0.001294,172.31.40.0-255,66,118124,77,334019
4265,0.001303,172.217.194.0-255,11410,129534,77,334019
4266,0.001305,172.31.40.0-255,66,129600,77,334019
4267,0.001342,172.217.194.0-255,2902,132502,77,334019
4268,0.001346,172.31.40.0-255,66,132568,77,334019
4269,0.00135,172.217.194.0-255,1484,134052,77,334019
4270,0.001352,172.217.194.0-255,766,134818,77,334019
4271,0.001354,172.31.40.0-255,66,134884,77,334019
4272,0.001529,172.217.194.0-255,1484,136368,77,334019
4273,0.001536,172.217.194.0-255,2902,139270,77,334019
4274,0.001541,172.31.40.0-255,66,139336,77,334019
4275,0.001547,172.217.194.0-255,5738,145074,77,334019
4276,0.001551,172.31.40.0-255,66,145140,77,334019
4277,0.001562,172.217.194.0-255,5738,150878,77,334019
4278,0.001565,172.31.40.0-255,66,150944,77,334019
4279,0.001568,172.217.194.0-255,1484,152428,77,334019
4280,0.001606,172.217.194.0-255,11410,163838,77,334019
4281,0.001611,172.217.194.0-255,5020,168858,77,334019
4282,0.001653,172.31.40.0-255,66,168924,77,334019
4283,0.001658,172.31.40.0-255,66,168990,77,334019
4284,0.001684,172.217.194.0-255,5738,174728,77,334019
4285,0.001694,172.217.194.0-255,12828,187556,77,334019
4286,0.001701,172.31.40.0-255,66,187622,77,334019
4287,0.001704,172.31.40.0-255,66,187688,77,334019
4288,0.001754,172.31.40.0-255,66,187754,77,334019
4289,0.001768,172.31.40.0-255,66,187820,77,334019
4290,0.001775,172.217.194.0-255,7156,194976,77,334019
4291,0.001777,172.31.40.0-255,66,195042,77,334019
4292,0.001812,172.217.194.0-255,4320,199362,77,334019
4293,0.001814,172.31.40.0-255,66,199428,77,334019
4294,0.001821,172.217.194.0-255,6438,205866,77,334019
4295,0.001823,172.31.40.0-255,66,205932,77,334019
4296,0.001862,172.217.194.0-255,4320,210252,77,334019
4297,0.001865,172.31.40.0-255,66,210318,77,334019
4298,0.001869,172.217.194.0-255,2902,213220,77,334019
4299,0.001872,172.31.40.0-255,66,213286,77,334019
4300,0.001903,172.217.194.0-255,2902,216188,77,334019
4301,0.001906,172.31.40.0-255,66,216254,77,334019
4302,0.001919,172.217.194.0-255,11410,227664,77,334019
4303,0.001921,172.31.40.0-255,66,227730,77,334019
4304,0.001931,172.217.194.0-255,12110,239840,77,334019
4305,0.001933,172.31.40.0-255,66,239906,77,334019
4306,0.001954,172.217.194.0-255,1484,241390,77,334019
4307,0.001957,172.217.194.0-255,1484,242874,77,334019
4308,0.001959,172.31.40.0-255,66,242940,77,334019
4309,0.001984,172.217.194.0-255,1484,244424,77,334019
4310,0.001991,172.217.194.0-255,5738,250162,77,334019
4311,0.001993,172.31.40.0-255,66,250228,77,334019
4312,0.002036,172.217.194.0-255,12828,263056,77,334019
4313,0.00204,172.31.40.0-255,66,263122,77,334019
4314,0.002047,172.217.194.0-255,8574,271696,77,334019
4315,0.00205,172.31.40.0-255,66,271762,77,334019
4316,0.002072,172.217.194.0-255,2184,273946,77,334019
4317,0.002075,172.31.40.0-255,66,274012,77,334019
4318,0.002154,172.217.194.0-255,1484,275496,77,334019
4319,0.002159,172.217.194.0-255,2902,278398,77,334019
4320,0.002162,172.31.40.0-255,66,278464,77,334019
4321,0.002168,172.217.194.0-255,5738,284202,77,334019
4322,0.00217,172.31.40.0-255,66,284268,77,334019
4323,0.002175,172.217.194.0-255,5738,290006,77,334019
4324,0.002177,172.31.40.0-255,66,290072,77,334019
4325,0.002204,172.217.194.0-255,2902,292974,77,334019
4326,0.002207,172.31.40.0-255,66,293040,77,334019
4327,0.002233,172.217.194.0-255,5738,298778,77,334019
4328,0.002237,172.31.40.0-255,66,298844,77,334019
4329,0.002259,172.217.194.0-255,9274,308118,77,334019
4330,0.002261,172.31.40.0-255,66,308184,77,334019
4331,0.002288,172.217.194.0-255,8574,316758,77,334019
4332,0.00229,172.31.40.0-255,66,316824,77,334019
4333,0.002338,172.217.194.0-255,7156,323980,77,334019
4334,0.002341,172.31.40.0-255,66,324046,77,334019
4335,0.002373,172.217.194.0-255,2902,326948,77,334019
4336,0.002376,172.31.40.0-255,66,327014,77,334019
4337,0.002396,172.31.40.0-255,66,327080,77,334019
4338,0.002413,172.31.40.0-255,66,327146,77,334019
4339,0.002427,172.31.40.0-255,66,327212,77,334019
4340,0.002429,172.217.194.0-255,97,327309,77,334019
4341,0.002432,172.217.194.0-255,105,327414,77,334019
4342,0.004426,172.31.40.0-255,66,327480,77,334019
4343,0.004457,172.31.40.0-255,105,327585,77,334019
4344,0.00685,172.217.194.0-255,66,327651,77,334019
4345,0.027972,172.31.40.0-255,176,327827,77,334019
4346,0.028019,172.31.40.0-255,1116,328943,77,334019
4347,0.028086,172.31.40.0-255,1514,330457,77,334019
4348,0.028087,172.31.40.0-255,1514,331971,77,334019
4349,0.028089,172.31.40.0-255,1514,333485,77,334019
4350,0.028089,172.31.40.0-255,270,333755,77,334019
4351,0.029626,104.244.42.0-255,66,333821,77,334019
4352,0.029654,104.244.42.0-255,66,333887,77,334019
4353,0.029757,104.244.42.0-255,66,333953,77,334019
4354,0.02976,104.244.42.0-255,66,334019,77,334019
4355,0.0,172.31.40.0-255,105,105,77,525
4356,0.000231,172.31.40.0-255,90,195,77,525
4357,0.00024,172.31.40.0-255,66,261,77,525
4358,0.002716,172.217.194.0-255,66,327,77,525
4359,0.002746,172.217.194.0-255,66,393,77,525
4360,0.002761,172.31.40.0-255,66,459,77,525
4361,0.002765,172.217.194.0-255,66,525,77,525
4362,0.0,74.125.24.0-255,153,153,77,406448
4363,1.5e-05,172.31.40.0-255,66,219,77,406448
4364,2.2e-05,74.125.24.0-255,1484,1703,77,406448
4365,2.7e-05,172.31.40.0-255,66,1769,77,406448
4366,3.3e-05,74.125.24.0-255,2902,4671,77,406448
4367,3.5e-05,172.31.40.0-255,66,4737,77,406448
4368,4.4e-05,74.125.24.0-255,7156,11893,77,406448
4369,4.6e-05,172.31.40.0-255,66,11959,77,406448
4370,4.9e-05,74.125.24.0-255,1484,13443,77,406448
4371,5.1e-05,172.31.40.0-255,66,13509,77,406448
4372,9.5e-05,74.125.24.0-255,4907,18416,77,406448
4373,9.8e-05,172.31.40.0-255,66,18482,77,406448
4374,0.000105,74.125.24.0-255,5738,24220,77,406448
4375,0.000107,172.31.40.0-255,66,24286,77,406448
4376,0.000145,74.125.24.0-255,4320,28606,77,406448
4377,0.000148,172.31.40.0-255,66,28672,77,406448
4378,0.000165,74.125.24.0-255,2543,31215,77,406448
4379,0.000168,172.31.40.0-255,66,31281,77,406448
4380,0.00033,74.125.24.0-255,1484,32765,77,406448
4381,0.000335,172.31.40.0-255,66,32831,77,406448
4382,0.000341,74.125.24.0-255,2902,35733,77,406448
4383,0.000343,172.31.40.0-255,66,35799,77,406448
4384,0.000377,74.125.24.0-255,2902,38701,77,406448
4385,0.000379,172.31.40.0-255,66,38767,77,406448
4386,0.0004,74.125.24.0-255,2902,41669,77,406448
4387,0.000402,172.31.40.0-255,66,41735,77,406448
4388,0.000411,74.125.24.0-255,6797,48532,77,406448
4389,0.000413,172.31.40.0-255,66,48598,77,406448
4390,0.000448,74.125.24.0-255,4320,52918,77,406448
4391,0.000452,172.31.40.0-255,66,52984,77,406448
4392,0.000455,74.125.24.0-255,1484,54468,77,406448
4393,0.000457,172.31.40.0-255,66,54534,77,406448
4394,0.000476,74.125.24.0-255,4320,58854,77,406448
4395,0.000491,74.125.24.0-255,1484,60338,77,406448
4396,0.000499,172.31.40.0-255,66,60404,77,406448
4397,0.00051,74.125.24.0-255,5657,66061,77,406448
4398,0.000515,172.31.40.0-255,66,66127,77,406448
4399,0.000568,74.125.24.0-255,130,66257,77,406448
4400,0.000651,74.125.24.0-255,343,66600,77,406448
4401,0.000845,74.125.24.0-255,1484,68084,77,406448
4402,0.000851,74.125.24.0-255,2902,70986,77,406448
4403,0.000854,74.125.24.0-255,1484,72470,77,406448
4404,0.000861,172.31.40.0-255,66,72536,77,406448
4405,0.000878,74.125.24.0-255,4320,76856,77,406448
4406,0.000906,74.125.24.0-255,12828,89684,77,406448
4407,0.000911,74.125.24.0-255,4320,94004,77,406448
4408,0.000914,172.31.40.0-255,66,94070,77,406448
4409,0.000925,74.125.24.0-255,4320,98390,77,406448
4410,0.000936,172.31.40.0-255,66,98456,77,406448
4411,0.000965,74.125.24.0-255,2184,100640,77,406448
4412,0.000971,172.31.40.0-255,66,100706,77,406448
4413,0.000987,74.125.24.0-255,2902,103608,77,406448
4414,0.000997,172.31.40.0-255,66,103674,77,406448
4415,0.001005,74.125.24.0-255,2902,106576,77,406448
4416,0.001006,74.125.24.0-255,1484,108060,77,406448
4417,0.001011,172.31.40.0-255,66,108126,77,406448
4418,0.001019,74.125.24.0-255,2902,111028,77,406448
4419,0.001038,172.31.40.0-255,66,111094,77,406448
4420,0.001046,74.125.24.0-255,1484,112578,77,406448
4421,0.001057,74.125.24.0-255,1484,114062,77,406448
4422,0.001065,172.31.40.0-255,66,114128,77,406448
4423,0.001074,74.125.24.0-255,5738,119866,77,406448
4424,0.001079,172.31.40.0-255,66,119932,77,406448
4425,0.001103,74.125.24.0-255,5738,125670,77,406448
4426,0.001108,74.125.24.0-255,5738,131408,77,406448
4427,0.001117,172.31.40.0-255,66,131474,77,406448
4428,0.001127,74.125.24.0-255,1484,132958,77,406448
4429,0.001131,74.125.24.0-255,2184,135142,77,406448
4430,0.001149,172.31.40.0-255,66,135208,77,406448
4431,0.001407,74.125.24.0-255,1484,136692,77,406448
4432,0.001412,74.125.24.0-255,1484,138176,77,406448
4433,0.001415,172.31.40.0-255,66,138242,77,406448
4434,0.001443,74.125.24.0-255,1484,139726,77,406448
4435,0.00145,74.125.24.0-255,5738,145464,77,406448
4436,0.001457,74.125.24.0-255,5738,151202,77,406448
4437,0.001464,172.31.40.0-255,66,151268,77,406448
4438,0.001488,74.125.24.0-255,7156,158424,77,406448
4439,0.001498,74.125.24.0-255,9992,168416,77,406448
4440,0.001501,74.125.24.0-255,766,169182,77,406448
4441,0.001508,172.31.40.0-255,66,169248,77,406448
4442,0.001721,74.125.24.0-255,1484,170732,77,406448
4443,0.001736,74.125.24.0-255,2902,173634,77,406448
4444,0.001739,172.31.40.0-255,66,173700,77,406448
4445,0.001743,74.125.24.0-255,1484,175184,77,406448
4446,0.001758,74.125.24.0-255,4320,179504,77,406448
4447,0.001761,74.125.24.0-255,1484,180988,77,406448
4448,0.001769,172.31.40.0-255,66,181054,77,406448
4449,0.001777,74.125.24.0-255,7156,188210,77,406448
4450,0.001805,172.31.40.0-255,66,188276,77,406448
4451,0.001832,74.125.24.0-255,8574,196850,77,406448
4452,0.001857,74.125.24.0-255,6438,203288,77,406448
4453,0.00186,172.31.40.0-255,66,203354,77,406448
4454,0.001865,172.31.40.0-255,66,203420,77,406448
4455,0.00205,74.125.24.0-255,1484,204904,77,406448
4456,0.002069,74.125.24.0-255,2902,207806,77,406448
4457,0.002073,172.31.40.0-255,66,207872,77,406448
4458,0.0021,74.125.24.0-255,5738,213610,77,406448
4459,0.002139,172.31.40.0-255,66,213676,77,406448
4460,0.002152,74.125.24.0-255,12828,226504,77,406448
4461,0.002159,74.125.24.0-255,7156,233660,77,406448
4462,0.002165,172.31.40.0-255,66,233726,77,406448
4463,0.002195,74.125.24.0-255,1484,235210,77,406448
4464,0.002215,74.125.24.0-255,2184,237394,77,406448
4465,0.002221,172.31.40.0-255,66,237460,77,406448
4466,0.002261,74.125.24.0-255,1484,238944,77,406448
4467,0.002282,74.125.24.0-255,2902,241846,77,406448
4468,0.002293,74.125.24.0-255,1484,243330,77,406448
4469,0.002307,74.125.24.0-255,4320,247650,77,406448
4470,0.002309,172.31.40.0-255,66,247716,77,406448
4471,0.002314,172.31.40.0-255,66,247782,77,406448
4472,0.002339,74.125.24.0-255,7156,254938,77,406448
4473,0.002358,74.125.24.0-255,2902,257840,77,406448
4474,0.002379,74.125.24.0-255,7156,264996,77,406448
4475,0.002402,74.125.24.0-255,4320,269316,77,406448
4476,0.002405,74.125.24.0-255,2184,271500,77,406448
4477,0.002429,74.125.24.0-255,2902,274402,77,406448
4478,0.002472,74.125.24.0-255,1484,275886,77,406448
4479,0.002484,74.125.24.0-255,4320,280206,77,406448
4480,0.002499,74.125.24.0-255,5738,285944,77,406448
4481,0.002505,74.125.24.0-255,5020,290964,77,406448
4482,0.007647,172.31.40.0-255,66,291030,77,406448
4483,0.007909,172.31.40.0-255,101,291131,77,406448
4484,0.010061,74.125.24.0-255,5738,296869,77,406448
4485,0.010069,172.31.40.0-255,66,296935,77,406448
4486,0.010311,74.125.24.0-255,66,297001,77,406448
4487,0.012555,74.125.24.0-255,4320,301321,77,406448
4488,0.012563,172.31.40.0-255,66,301387,77,406448
4489,0.012586,74.125.24.0-255,1484,302871,77,406448
4490,0.014989,74.125.24.0-255,4320,307191,77,406448
4491,0.018504,172.31.40.0-255,66,307257,77,406448
4492,0.020925,74.125.24.0-255,5738,312995,77,406448
4493,0.020938,172.31.40.0-255,66,313061,77,406448
4494,0.023363,74.125.24.0-255,5738,318799,77,406448
4495,0.023369,172.31.40.0-255,66,318865,77,406448
4496,0.025781,74.125.24.0-255,5738,324603,77,406448
4497,0.025788,172.31.40.0-255,66,324669,77,406448
4498,0.028179,74.125.24.0-255,5738,330407,77,406448
4499,0.028186,172.31.40.0-255,66,330473,77,406448
4500,0.028416,172.31.40.0-255,176,330649,77,406448
4501,0.028449,172.31.40.0-255,1120,331769,77,406448
4502,0.028505,172.31.40.0-255,1514,333283,77,406448
4503,0.028507,172.31.40.0-255,1275,334558,77,406448
4504,0.03009,104.244.42.0-255,66,334624,77,406448
4505,0.030119,104.244.42.0-255,66,334690,77,406448
4506,0.030158,104.244.42.0-255,66,334756,77,406448
4507,0.030579,74.125.24.0-255,5738,340494,77,406448
4508,0.030584,172.31.40.0-255,66,340560,77,406448
4509,0.033073,74.125.24.0-255,5738,346298,77,406448
4510,0.03308,172.31.40.0-255,66,346364,77,406448
4511,0.035486,74.125.24.0-255,5738,352102,77,406448
4512,0.035492,172.31.40.0-255,66,352168,77,406448
4513,0.037907,74.125.24.0-255,5738,357906,77,406448
4514,0.037913,172.31.40.0-255,66,357972,77,406448
4515,0.040342,74.125.24.0-255,5738,363710,77,406448
4516,0.040348,172.31.40.0-255,66,363776,77,406448
4517,0.04283,74.125.24.0-255,5738,369514,77,406448
4518,0.042836,172.31.40.0-255,66,369580,77,406448
4519,0.045276,74.125.24.0-255,5738,375318,77,406448
4520,0.045283,172.31.40.0-255,66,375384,77,406448
4521,0.047689,74.125.24.0-255,5738,381122,77,406448
4522,0.047695,172.31.40.0-255,66,381188,77,406448
4523,0.050136,74.125.24.0-255,5738,386926,77,406448
4524,0.050142,172.31.40.0-255,66,386992,77,406448
4525,0.052571,74.125.24.0-255,5738,392730,77,406448
4526,0.052579,172.31.40.0-255,66,392796,77,406448
4527,0.055009,74.125.24.0-255,5738,398534,77,406448
4528,0.055015,172.31.40.0-255,66,398600,77,406448
4529,0.057443,74.125.24.0-255,5738,404338,77,406448
4530,0.05745,172.31.40.0-255,66,404404,77,406448
4531,0.059939,74.125.24.0-255,1807,406211,77,406448
4532,0.059945,172.31.40.0-255,66,406277,77,406448
4533,0.060102,172.31.40.0-255,105,406382,77,406448
4534,0.067655,74.125.24.0-255,66,406448,77,406448
4535,0.0,172.217.194.0-255,150,150,77,338338
4536,2.1e-05,172.31.40.0-255,66,216,77,338338
4537,2.8e-05,172.217.194.0-255,1484,1700,77,338338
4538,3.2e-05,172.31.40.0-255,66,1766,77,338338
4539,3.8e-05,172.217.194.0-255,2902,4668,77,338338
4540,4.1e-05,172.31.40.0-255,66,4734,77,338338
4541,4.6e-05,172.217.194.0-255,4320,9054,77,338338
4542,5e-05,172.31.40.0-255,66,9120,77,338338
4543,5.3e-05,172.217.194.0-255,1484,10604,77,338338
4544,5.6e-05,172.31.40.0-255,66,10670,77,338338
4545,8.6e-05,172.217.194.0-255,7736,18406,77,338338
4546,8.8e-05,172.31.40.0-255,66,18472,77,338338
4547,0.0001,172.217.194.0-255,12469,30941,77,338338
4548,0.000103,172.31.40.0-255,66,31007,77,338338
4549,0.000172,172.217.194.0-255,1484,32491,77,338338
4550,0.000175,172.31.40.0-255,66,32557,77,338338
4551,0.00018,172.217.194.0-255,2902,35459,77,338338
4552,0.000182,172.31.40.0-255,66,35525,77,338338
4553,0.000187,172.217.194.0-255,2902,38427,77,338338
4554,0.000189,172.31.40.0-255,66,38493,77,338338
4555,0.000217,172.217.194.0-255,2902,41395,77,338338
4556,0.000219,172.31.40.0-255,66,41461,77,338338
4557,0.000231,172.217.194.0-255,12828,54289,77,338338
4558,0.000233,172.31.40.0-255,66,54355,77,338338
4559,0.000237,172.217.194.0-255,2902,57257,77,338338
4560,0.000239,172.31.40.0-255,66,57323,77,338338
4561,0.00027,172.217.194.0-255,7856,65179,77,338338
4562,0.000273,172.31.40.0-255,66,65245,77,338338
4563,0.000276,172.217.194.0-255,408,65653,77,338338
4564,0.000277,172.31.40.0-255,66,65719,77,338338
4565,0.000339,172.217.194.0-255,366,66085,77,338338
4566,0.000342,172.31.40.0-255,66,66151,77,338338
4567,0.000599,172.217.194.0-255,1484,67635,77,338338
4568,0.000633,172.217.194.0-255,2902,70537,77,338338
4569,0.000637,172.31.40.0-255,66,70603,77,338338
4570,0.000641,172.217.194.0-255,1484,72087,77,338338
4571,0.000661,172.217.194.0-255,4320,76407,77,338338
4572,0.000665,172.31.40.0-255,66,76473,77,338338
4573,0.000695,172.217.194.0-255,12828,89301,77,338338
4574,0.000697,172.217.194.0-255,1484,90785,77,338338
4575,0.000701,172.31.40.0-255,66,90851,77,338338
4576,0.000721,172.217.194.0-255,2902,93753,77,338338
4577,0.000723,172.31.40.0-255,66,93819,77,338338
4578,0.000749,172.217.194.0-255,5889,99708,77,338338
4579,0.000752,172.31.40.0-255,66,99774,77,338338
4580,0.000946,172.217.194.0-255,1484,101258,77,338338
4581,0.000953,172.217.194.0-255,2902,104160,77,338338
4582,0.000957,172.31.40.0-255,66,104226,77,338338
4583,0.00098,172.217.194.0-255,5738,109964,77,338338
4584,0.000983,172.31.40.0-255,66,110030,77,338338
4585,0.001004,172.217.194.0-255,2902,112932,77,338338
4586,0.001006,172.31.40.0-255,66,112998,77,338338
4587,0.001041,172.217.194.0-255,7156,120154,77,338338
4588,0.001044,172.31.40.0-255,66,120220,77,338338
4589,0.001055,172.217.194.0-255,13528,133748,77,338338
4590,0.001058,172.31.40.0-255,66,133814,77,338338
4591,0.001491,172.217.194.0-255,1484,135298,77,338338
4592,0.001497,172.217.194.0-255,2902,138200,77,338338
4593,0.0015,172.31.40.0-255,66,138266,77,338338
4594,0.001505,172.217.194.0-255,2902,141168,77,338338
4595,0.001507,172.31.40.0-255,66,141234,77,338338
4596,0.001523,172.217.194.0-255,2902,144136,77,338338
4597,0.001525,172.31.40.0-255,66,144202,77,338338
4598,0.001553,172.217.194.0-255,4320,148522,77,338338
4599,0.001555,172.31.40.0-255,66,148588,77,338338
4600,0.001584,172.217.194.0-255,8574,157162,77,338338
4601,0.001587,172.31.40.0-255,66,157228,77,338338
4602,0.001626,172.217.194.0-255,7156,164384,77,338338
4603,0.001629,172.31.40.0-255,66,164450,77,338338
4604,0.00165,172.217.194.0-255,3602,168052,77,338338
4605,0.001653,172.31.40.0-255,66,168118,77,338338
4606,0.001687,172.217.194.0-255,1484,169602,77,338338
4607,0.001692,172.217.194.0-255,2902,172504,77,338338
4608,0.001694,172.31.40.0-255,66,172570,77,338338
4609,0.001718,172.217.194.0-255,5738,178308,77,338338
4610,0.001721,172.31.40.0-255,66,178374,77,338338
4611,0.001732,172.217.194.0-255,12828,191202,77,338338
4612,0.001734,172.31.40.0-255,66,191268,77,338338
4613,0.001741,172.217.194.0-255,7156,198424,77,338338
4614,0.001743,172.31.40.0-255,66,198490,77,338338
4615,0.001763,172.217.194.0-255,3602,202092,77,338338
4616,0.001767,172.31.40.0-255,66,202158,77,338338
4617,0.001779,172.217.194.0-255,1484,203642,77,338338
4618,0.001784,172.217.194.0-255,2902,206544,77,338338
4619,0.001787,172.31.40.0-255,66,206610,77,338338
4620,0.001793,172.217.194.0-255,5738,212348,77,338338
4621,0.001795,172.31.40.0-255,66,212414,77,338338
4622,0.001831,172.217.194.0-255,12828,225242,77,338338
4623,0.001834,172.31.40.0-255,66,225308,77,338338
4624,0.001844,172.217.194.0-255,10692,236000,77,338338
4625,0.001847,172.31.40.0-255,66,236066,77,338338
4626,0.001885,172.217.194.0-255,4320,240386,77,338338
4627,0.001888,172.31.40.0-255,66,240452,77,338338
4628,0.001933,172.31.40.0-255,66,240518,77,338338
4629,0.001945,172.217.194.0-255,12828,253346,77,338338
4630,0.001947,172.31.40.0-255,66,253412,77,338338
4631,0.001974,172.217.194.0-255,13528,266940,77,338338
4632,0.001977,172.31.40.0-255,66,267006,77,338338
4633,0.001993,172.31.40.0-255,66,267072,77,338338
4634,0.002014,172.217.194.0-255,1484,268556,77,338338
4635,0.002018,172.217.194.0-255,2902,271458,77,338338
4636,0.002021,172.31.40.0-255,66,271524,77,338338
4637,0.002025,172.217.194.0-255,2902,274426,77,338338
4638,0.002027,172.31.40.0-255,66,274492,77,338338
4639,0.00204,172.217.194.0-255,2902,277394,77,338338
4640,0.002044,172.31.40.0-255,66,277460,77,338338
4641,0.002071,172.217.194.0-255,11410,288870,77,338338
4642,0.002073,172.31.40.0-255,66,288936,77,338338
4643,0.002111,172.217.194.0-255,8574,297510,77,338338
4644,0.002114,172.31.40.0-255,66,297576,77,338338
4645,0.002134,172.217.194.0-255,3602,301178,77,338338
4646,0.002137,172.31.40.0-255,66,301244,77,338338
4647,0.002142,172.217.194.0-255,4320,305564,77,338338
4648,0.002144,172.31.40.0-255,66,305630,77,338338
4649,0.002181,172.217.194.0-255,8574,314204,77,338338
4650,0.002184,172.31.40.0-255,66,314270,77,338338
4651,0.002224,172.217.194.0-255,4320,318590,77,338338
4652,0.002226,172.31.40.0-255,66,318656,77,338338
4653,0.002254,172.31.40.0-255,66,318722,77,338338
4654,0.002274,172.217.194.0-255,2902,321624,77,338338
4655,0.002276,172.31.40.0-255,66,321690,77,338338
4656,0.002336,172.31.40.0-255,66,321756,77,338338
4657,0.002346,172.217.194.0-255,11305,333061,77,338338
4658,0.002348,172.31.40.0-255,66,333127,77,338338
4659,0.002351,172.217.194.0-255,105,333232,77,338338
4660,0.002353,172.217.194.0-255,129,333361,77,338338
4661,0.009241,172.31.40.0-255,105,333466,77,338338
4662,0.009287,172.31.40.0-255,105,333571,77,338338
4663,0.009541,172.31.40.0-255,90,333661,77,338338
4664,0.009552,172.31.40.0-255,66,333727,77,338338
4665,0.011875,172.217.194.0-255,66,333793,77,338338
4666,0.011894,172.217.194.0-255,66,333859,77,338338
4667,0.01216,172.217.194.0-255,66,333925,77,338338
4668,0.012181,172.217.194.0-255,66,333991,77,338338
4669,0.012187,172.31.40.0-255,66,334057,77,338338
4670,0.0352,172.31.40.0-255,172,334229,77,338338
4671,0.035234,172.31.40.0-255,1118,335347,77,338338
4672,0.035293,172.31.40.0-255,1514,336861,77,338338
4673,0.035295,172.31.40.0-255,1279,338140,77,338338
4674,0.036866,104.244.42.0-255,66,338206,77,338338
4675,0.036904,104.244.42.0-255,66,338272,77,338338
4676,0.036947,104.244.42.0-255,66,338338,77,338338
4677,0.0,172.31.40.0-255,105,105,77,459
4678,0.000263,172.31.40.0-255,90,195,77,459
4679,0.000274,172.31.40.0-255,66,261,77,459
4680,0.002608,74.125.24.0-255,66,327,77,459
4681,0.002639,74.125.24.0-255,66,393,77,459
4682,0.002663,172.31.40.0-255,66,459,77,459
4683,0.0,172.217.194.0-255,154,154,77,359015
4684,2.2e-05,172.31.40.0-255,66,220,77,359015
4685,3e-05,172.217.194.0-255,1484,1704,77,359015
4686,3.5e-05,172.31.40.0-255,66,1770,77,359015
4687,3.8e-05,172.217.194.0-255,1484,3254,77,359015
4688,4.9e-05,172.31.40.0-255,66,3320,77,359015
4689,7.7e-05,172.217.194.0-255,1484,4804,77,359015
4690,8.1e-05,172.31.40.0-255,66,4870,77,359015
4691,8.9e-05,172.217.194.0-255,5738,10608,77,359015
4692,9.2e-05,172.31.40.0-255,66,10674,77,359015
4693,9.5e-05,172.217.194.0-255,1484,12158,77,359015
4694,9.7e-05,172.31.40.0-255,66,12224,77,359015
4695,0.00013,172.217.194.0-255,4875,17099,77,359015
4696,0.000133,172.31.40.0-255,66,17165,77,359015
4697,0.00014,172.217.194.0-255,7156,24321,77,359015
4698,0.000143,172.31.40.0-255,66,24387,77,359015
4699,0.00015,172.217.194.0-255,6797,31184,77,359015
4700,0.000153,172.31.40.0-255,66,31250,77,359015
4701,0.000269,172.217.194.0-255,1484,32734,77,359015
4702,0.000273,172.31.40.0-255,66,32800,77,359015
4703,0.000279,172.217.194.0-255,2902,35702,77,359015
4704,0.000281,172.31.40.0-255,66,35768,77,359015
4705,0.00031,172.217.194.0-255,5738,41506,77,359015
4706,0.000313,172.31.40.0-255,66,41572,77,359015
4707,0.000347,172.217.194.0-255,2902,44474,77,359015
4708,0.000349,172.31.40.0-255,66,44540,77,359015
4709,0.00038,172.217.194.0-255,6797,51337,77,359015
4710,0.000383,172.31.40.0-255,66,51403,77,359015
4711,0.000392,172.217.194.0-255,9992,61395,77,359015
4712,0.000395,172.31.40.0-255,66,61461,77,359015
4713,0.0004,172.217.194.0-255,4250,65711,77,359015
4714,0.000403,172.31.40.0-255,66,65777,77,359015
4715,0.000448,172.217.194.0-255,365,66142,77,359015
4716,0.000636,172.217.194.0-255,1484,67626,77,359015
4717,0.000642,172.31.40.0-255,66,67692,77,359015
4718,0.000671,172.217.194.0-255,2902,70594,77,359015
4719,0.000675,172.31.40.0-255,66,70660,77,359015
4720,0.000682,172.217.194.0-255,5738,76398,77,359015
4721,0.000684,172.31.40.0-255,66,76464,77,359015
4722,0.00073,172.217.194.0-255,12828,89292,77,359015
4723,0.000734,172.31.40.0-255,66,89358,77,359015
4724,0.000746,172.217.194.0-255,10144,99502,77,359015
4725,0.000749,172.31.40.0-255,66,99568,77,359015
4726,0.000775,172.217.194.0-255,1484,101052,77,359015
4727,0.00078,172.217.194.0-255,2902,103954,77,359015
4728,0.000782,172.31.40.0-255,66,104020,77,359015
4729,0.000785,172.217.194.0-255,1484,105504,77,359015
4730,0.000808,172.217.194.0-255,4320,109824,77,359015
4731,0.000815,172.217.194.0-255,5738,115562,77,359015
4732,0.00082,172.31.40.0-255,66,115628,77,359015
4733,0.000823,172.31.40.0-255,66,115694,77,359015
4734,0.000842,172.217.194.0-255,7156,122850,77,359015
4735,0.000844,172.31.40.0-255,66,122916,77,359015
4736,0.000877,172.217.194.0-255,5738,128654,77,359015
4737,0.000881,172.31.40.0-255,66,128720,77,359015
4738,0.000887,172.217.194.0-255,5020,133740,77,359015
4739,0.000889,172.31.40.0-255,66,133806,77,359015
4740,0.00093,172.217.194.0-255,1484,135290,77,359015
4741,0.000937,172.217.194.0-255,2902,138192,77,359015
4742,0.00094,172.31.40.0-255,66,138258,77,359015
4743,0.000944,172.217.194.0-255,2902,141160,77,359015
4744,0.000947,172.31.40.0-255,66,141226,77,359015
4745,0.000977,172.217.194.0-255,2902,144128,77,359015
4746,0.000979,172.31.40.0-255,66,144194,77,359015
4747,0.00099,172.217.194.0-255,12828,157022,77,359015
4748,0.000993,172.31.40.0-255,66,157088,77,359015
4749,0.000998,172.217.194.0-255,4320,161408,77,359015
4750,0.001001,172.31.40.0-255,66,161474,77,359015
4751,0.001032,172.217.194.0-255,5738,167212,77,359015
4752,0.001034,172.31.40.0-255,66,167278,77,359015
4753,0.001038,172.217.194.0-255,766,168044,77,359015
4754,0.001041,172.217.194.0-255,1484,169528,77,359015
4755,0.001043,172.31.40.0-255,66,169594,77,359015
4756,0.001071,172.217.194.0-255,4320,173914,77,359015
4757,0.001074,172.31.40.0-255,66,173980,77,359015
4758,0.001081,172.217.194.0-255,7156,181136,77,359015
4759,0.001083,172.31.40.0-255,66,181202,77,359015
4760,0.001086,172.217.194.0-255,1484,182686,77,359015
4761,0.001116,172.217.194.0-255,11410,194096,77,359015
4762,0.001119,172.31.40.0-255,66,194162,77,359015
4763,0.001122,172.217.194.0-255,1484,195646,77,359015
4764,0.001147,172.217.194.0-255,6438,202084,77,359015
4765,0.00115,172.31.40.0-255,66,202150,77,359015
4766,0.001224,172.217.194.0-255,1484,203634,77,359015
4767,0.001228,172.217.194.0-255,1484,205118,77,359015
4768,0.001231,172.31.40.0-255,66,205184,77,359015
4769,0.001258,172.217.194.0-255,1484,206668,77,359015
4770,0.001266,172.217.194.0-255,5738,212406,77,359015
4771,0.001269,172.31.40.0-255,66,212472,77,359015
4772,0.001274,172.217.194.0-255,2902,215374,77,359015
4773,0.001276,172.31.40.0-255,66,215440,77,359015
4774,0.00131,172.217.194.0-255,9992,225432,77,359015
4775,0.001313,172.31.40.0-255,66,225498,77,359015
4776,0.001317,172.217.194.0-255,1484,226982,77,359015
4777,0.001351,172.217.194.0-255,8574,235556,77,359015
4778,0.001354,172.31.40.0-255,66,235622,77,359015
4779,0.001357,172.217.194.0-255,1484,237106,77,359015
4780,0.001388,172.217.194.0-255,9274,246380,77,359015
4781,0.001391,172.31.40.0-255,66,246446,77,359015
4782,0.001412,172.217.194.0-255,11410,257856,77,359015
4783,0.001414,172.31.40.0-255,66,257922,77,359015
4784,0.001455,172.217.194.0-255,2902,260824,77,359015
4785,0.001458,172.31.40.0-255,66,260890,77,359015
4786,0.001492,172.217.194.0-255,9274,270164,77,359015
4787,0.001495,172.31.40.0-255,66,270230,77,359015
4788,0.001498,172.217.194.0-255,1484,271714,77,359015
4789,0.001502,172.217.194.0-255,2902,274616,77,359015
4790,0.001504,172.31.40.0-255,66,274682,77,359015
4791,0.00151,172.217.194.0-255,5738,280420,77,359015
4792,0.001513,172.31.40.0-255,66,280486,77,359015
4793,0.001516,172.217.194.0-255,1484,281970,77,359015
4794,0.00155,172.217.194.0-255,5738,287708,77,359015
4795,0.001554,172.31.40.0-255,66,287774,77,359015
4796,0.001562,172.217.194.0-255,8574,296348,77,359015
4797,0.001564,172.31.40.0-255,66,296414,77,359015
4798,0.001601,172.217.194.0-255,5738,302152,77,359015
4799,0.001604,172.31.40.0-255,66,302218,77,359015
4800,0.001609,172.217.194.0-255,2184,304402,77,359015
4801,0.001611,172.31.40.0-255,66,304468,77,359015
4802,0.001614,172.217.194.0-255,1484,305952,77,359015
4803,0.001617,172.217.194.0-255,1484,307436,77,359015
4804,0.001619,172.31.40.0-255,66,307502,77,359015
4805,0.001657,172.217.194.0-255,1484,308986,77,359015
4806,0.001664,172.217.194.0-255,5738,314724,77,359015
4807,0.001667,172.31.40.0-255,66,314790,77,359015
4808,0.001673,172.217.194.0-255,5738,320528,77,359015
4809,0.001676,172.31.40.0-255,66,320594,77,359015
4810,0.001717,172.217.194.0-255,7156,327750,77,359015
4811,0.001721,172.31.40.0-255,66,327816,77,359015
4812,0.001731,172.217.194.0-255,8574,336390,77,359015
4813,0.001733,172.31.40.0-255,66,336456,77,359015
4814,0.001739,172.217.194.0-255,5738,342194,77,359015
4815,0.001741,172.31.40.0-255,66,342260,77,359015
4816,0.001797,172.31.40.0-255,66,342326,77,359015
4817,0.001818,172.31.40.0-255,66,342392,77,359015
4818,0.001854,172.217.194.0-255,3602,345994,77,359015
4819,0.001858,172.31.40.0-255,66,346060,77,359015
4820,0.001879,172.31.40.0-255,66,346126,77,359015
4821,0.001886,172.217.194.0-255,5738,351864,77,359015
4822,0.001889,172.31.40.0-255,66,351930,77,359015
4823,0.001914,172.217.194.0-255,2398,354328,77,359015
4824,0.001917,172.31.40.0-255,66,354394,77,359015
4825,0.00192,172.217.194.0-255,105,354499,77,359015
4826,0.011178,172.31.40.0-255,66,354565,77,359015
4827,0.011225,172.31.40.0-255,105,354670,77,359015
4828,0.01367,172.217.194.0-255,66,354736,77,359015
4829,0.03428,172.31.40.0-255,172,354908,77,359015
4830,0.034321,172.31.40.0-255,1120,356028,77,359015
4831,0.034381,172.31.40.0-255,1514,357542,77,359015
4832,0.034383,172.31.40.0-255,1275,358817,77,359015
4833,0.035935,104.244.42.0-255,66,358883,77,359015
4834,0.036039,104.244.42.0-255,66,358949,77,359015
4835,0.036082,104.244.42.0-255,66,359015,77,359015
4836,0.0,172.217.24.0-255,167,167,77,425189
4837,2.3e-05,172.31.40.0-255,66,233,77,425189
4838,3.1e-05,172.217.24.0-255,1484,1717,77,425189
4839,3.6e-05,172.31.40.0-255,66,1783,77,425189
4840,4.2e-05,172.217.24.0-255,2902,4685,77,425189
4841,4.7e-05,172.31.40.0-255,66,4751,77,425189
4842,5e-05,172.217.24.0-255,1484,6235,77,425189
4843,5.3e-05,172.31.40.0-255,66,6301,77,425189
4844,8.8e-05,172.217.24.0-255,5738,12039,77,425189
4845,9.2e-05,172.31.40.0-255,66,12105,77,425189
4846,9.6e-05,172.217.24.0-255,2095,14200,77,425189
4847,9.8e-05,172.31.40.0-255,66,14266,77,425189
4848,0.00039,172.217.24.0-255,1484,15750,77,425189
4849,0.000396,172.31.40.0-255,66,15816,77,425189
4850,0.000403,172.217.24.0-255,2902,18718,77,425189
4851,0.000405,172.31.40.0-255,66,18784,77,425189
4852,0.000408,172.217.24.0-255,1484,20268,77,425189
4853,0.000411,172.31.40.0-255,66,20334,77,425189
4854,0.000439,172.217.24.0-255,4320,24654,77,425189
4855,0.000442,172.31.40.0-255,66,24720,77,425189
4856,0.000447,172.217.24.0-255,4320,29040,77,425189
4857,0.000449,172.31.40.0-255,66,29106,77,425189
4858,0.000476,172.217.24.0-255,2543,31649,77,425189
4859,0.000478,172.31.40.0-255,66,31715,77,425189
4860,0.000539,172.217.24.0-255,1484,33199,77,425189
4861,0.000543,172.31.40.0-255,66,33265,77,425189
4862,0.000548,172.217.24.0-255,2902,36167,77,425189
4863,0.00055,172.31.40.0-255,66,36233,77,425189
4864,0.000553,172.217.24.0-255,1484,37717,77,425189
4865,0.000554,172.31.40.0-255,66,37783,77,425189
4866,0.000586,172.217.24.0-255,4320,42103,77,425189
4867,0.00059,172.31.40.0-255,66,42169,77,425189
4868,0.000596,172.217.24.0-255,4320,46489,77,425189
4869,0.000633,172.217.24.0-255,2543,49032,77,425189
4870,0.000644,172.31.40.0-255,66,49098,77,425189
4871,0.001027,172.217.24.0-255,1484,50582,77,425189
4872,0.001037,172.217.24.0-255,2902,53484,77,425189
4873,0.001041,172.31.40.0-255,66,53550,77,425189
4874,0.001069,172.217.24.0-255,5738,59288,77,425189
4875,0.001072,172.217.24.0-255,1484,60772,77,425189
4876,0.001077,172.217.24.0-255,2902,63674,77,425189
4877,0.001093,172.217.24.0-255,2543,66217,77,425189
4878,0.001136,172.217.24.0-255,356,66573,77,425189
4879,0.001418,172.217.24.0-255,1484,68057,77,425189
4880,0.001425,172.217.24.0-255,2902,70959,77,425189
4881,0.001428,172.217.24.0-255,1484,72443,77,425189
4882,0.001447,172.217.24.0-255,4320,76763,77,425189
4883,0.001457,172.217.24.0-255,1484,78247,77,425189
4884,0.001477,172.217.24.0-255,4320,82567,77,425189
4885,0.001493,172.217.24.0-255,1125,83692,77,425189
4886,0.001505,172.217.24.0-255,1484,85176,77,425189
4887,0.001516,172.217.24.0-255,2902,88078,77,425189
4888,0.00153,172.217.24.0-255,4320,92398,77,425189
4889,0.00154,172.217.24.0-255,1484,93882,77,425189
4890,0.001543,172.217.24.0-255,1484,95366,77,425189
4891,0.001567,172.217.24.0-255,5120,100486,77,425189
4892,0.001618,172.217.24.0-255,1484,101970,77,425189
4893,0.00163,172.217.24.0-255,2902,104872,77,425189
4894,0.001634,172.217.24.0-255,1484,106356,77,425189
4895,0.001651,172.217.24.0-255,4320,110676,77,425189
4896,0.001655,172.217.24.0-255,4320,114996,77,425189
4897,0.001671,172.217.24.0-255,2429,117425,77,425189
4898,0.001814,172.217.24.0-255,1484,118909,77,425189
4899,0.001819,172.217.24.0-255,2902,121811,77,425189
4900,0.001821,172.217.24.0-255,1484,123295,77,425189
4901,0.001834,172.217.24.0-255,4320,127615,77,425189
4902,0.001859,172.217.24.0-255,1484,129099,77,425189
4903,0.001876,172.217.24.0-255,2902,132001,77,425189
4904,0.001887,172.217.24.0-255,2666,134667,77,425189
4905,0.001923,172.217.24.0-255,1484,136151,77,425189
4906,0.001936,172.217.24.0-255,2902,139053,77,425189
4907,0.001954,172.217.24.0-255,5738,144791,77,425189
4908,0.001973,172.217.24.0-255,4320,149111,77,425189
4909,0.001991,172.217.24.0-255,4320,153431,77,425189
4910,0.002,172.217.24.0-255,1484,154915,77,425189
4911,0.002011,172.217.24.0-255,2902,157817,77,425189
4912,0.002026,172.217.24.0-255,7156,164973,77,425189
4913,0.002046,172.217.24.0-255,3602,168575,77,425189
4914,0.005108,172.31.40.0-255,66,168641,77,425189
4915,0.007169,172.217.24.0-255,5738,174379,77,425189
4916,0.007173,172.31.40.0-255,66,174445,77,425189
4917,0.009226,172.217.24.0-255,5738,180183,77,425189
4918,0.009232,172.31.40.0-255,66,180249,77,425189
4919,0.011321,172.217.24.0-255,5738,185987,77,425189
4920,0.011329,172.31.40.0-255,66,186053,77,425189
4921,0.013373,172.217.24.0-255,5738,191791,77,425189
4922,0.01338,172.31.40.0-255,66,191857,77,425189
4923,0.015401,172.217.24.0-255,5738,197595,77,425189
4924,0.015407,172.31.40.0-255,66,197661,77,425189
4925,0.017446,172.217.24.0-255,5738,203399,77,425189
4926,0.017454,172.31.40.0-255,66,203465,77,425189
4927,0.019509,172.217.24.0-255,5738,209203,77,425189
4928,0.01952,172.31.40.0-255,66,209269,77,425189
4929,0.021548,172.217.24.0-255,5738,215007,77,425189
4930,0.021556,172.31.40.0-255,66,215073,77,425189
4931,0.023589,172.217.24.0-255,5738,220811,77,425189
4932,0.023597,172.31.40.0-255,66,220877,77,425189
4933,0.025633,172.217.24.0-255,5738,226615,77,425189
4934,0.025641,172.31.40.0-255,66,226681,77,425189
4935,0.027707,172.217.24.0-255,5738,232419,77,425189
4936,0.027711,172.31.40.0-255,66,232485,77,425189
4937,0.029755,172.217.24.0-255,5738,238223,77,425189
4938,0.02976,172.31.40.0-255,66,238289,77,425189
4939,0.031808,172.217.24.0-255,2902,241191,77,425189
4940,0.031815,172.31.40.0-255,66,241257,77,425189
4941,0.031837,172.217.24.0-255,2902,244159,77,425189
4942,0.03187,172.31.40.0-255,66,244225,77,425189
4943,0.033834,172.217.24.0-255,2902,247127,77,425189
4944,0.033842,172.31.40.0-255,66,247193,77,425189
4945,0.033877,172.217.24.0-255,2902,250095,77,425189
4946,0.0339,172.31.40.0-255,66,250161,77,425189
4947,0.03586,172.217.24.0-255,2902,253063,77,425189
4948,0.035866,172.31.40.0-255,66,253129,77,425189
4949,0.035906,172.217.24.0-255,2902,256031,77,425189
4950,0.036217,172.31.40.0-255,66,256097,77,425189
4951,0.036728,172.31.40.0-255,172,256269,77,425189
4952,0.036757,172.31.40.0-255,1120,257389,77,425189
4953,0.036806,172.31.40.0-255,1514,258903,77,425189
4954,0.036807,172.31.40.0-255,1275,260178,77,425189
4955,0.037886,172.217.24.0-255,2902,263080,77,425189
4956,0.037892,172.31.40.0-255,66,263146,77,425189
4957,0.038235,172.217.24.0-255,2902,266048,77,425189
4958,0.038241,172.31.40.0-255,66,266114,77,425189
4959,0.03838,104.244.42.0-255,66,266180,77,425189
4960,0.038472,104.244.42.0-255,66,266246,77,425189
4961,0.038476,104.244.42.0-255,66,266312,77,425189
4962,0.039934,172.217.24.0-255,2902,269214,77,425189
4963,0.039941,172.31.40.0-255,66,269280,77,425189
4964,0.040262,172.217.24.0-255,2902,272182,77,425189
4965,0.040268,172.31.40.0-255,66,272248,77,425189
4966,0.04196,172.217.24.0-255,2902,275150,77,425189
4967,0.04197,172.31.40.0-255,66,275216,77,425189
4968,0.042303,172.217.24.0-255,2902,278118,77,425189
4969,0.042346,172.31.40.0-255,66,278184,77,425189
4970,0.044003,172.217.24.0-255,2902,281086,77,425189
4971,0.044009,172.31.40.0-255,66,281152,77,425189
4972,0.044374,172.217.24.0-255,2902,284054,77,425189
4973,0.04438,172.31.40.0-255,66,284120,77,425189
4974,0.046039,172.217.24.0-255,2902,287022,77,425189
4975,0.046045,172.31.40.0-255,66,287088,77,425189
4976,0.046405,172.217.24.0-255,2902,289990,77,425189
4977,0.046411,172.31.40.0-255,66,290056,77,425189
4978,0.048071,172.217.24.0-255,2902,292958,77,425189
4979,0.048077,172.31.40.0-255,66,293024,77,425189
4980,0.048427,172.217.24.0-255,2902,295926,77,425189
4981,0.048433,172.31.40.0-255,66,295992,77,425189
4982,0.050095,172.217.24.0-255,2902,298894,77,425189
4983,0.050102,172.31.40.0-255,66,298960,77,425189
4984,0.050521,172.217.24.0-255,2902,301862,77,425189
4985,0.050526,172.31.40.0-255,66,301928,77,425189
4986,0.052127,172.217.24.0-255,2902,304830,77,425189
4987,0.052133,172.31.40.0-255,66,304896,77,425189
4988,0.052534,172.217.24.0-255,2902,307798,77,425189
4989,0.052539,172.31.40.0-255,66,307864,77,425189
4990,0.054153,172.217.24.0-255,2902,310766,77,425189
4991,0.054159,172.31.40.0-255,66,310832,77,425189
4992,0.05455,172.217.24.0-255,2902,313734,77,425189
4993,0.054557,172.31.40.0-255,66,313800,77,425189
4994,0.05618,172.217.24.0-255,2902,316702,77,425189
4995,0.056189,172.31.40.0-255,66,316768,77,425189
4996,0.056572,172.217.24.0-255,2902,319670,77,425189
4997,0.056578,172.31.40.0-255,66,319736,77,425189
4998,0.058254,172.217.24.0-255,2902,322638,77,425189
4999,0.05826,172.31.40.0-255,66,322704,77,425189
5000,0.058624,172.217.24.0-255,2902,325606,77,425189
5001,0.058629,172.31.40.0-255,66,325672,77,425189
5002,0.060281,172.217.24.0-255,2902,328574,77,425189
5003,0.060288,172.31.40.0-255,66,328640,77,425189
5004,0.060644,172.217.24.0-255,2902,331542,77,425189
5005,0.0609,172.31.40.0-255,66,331608,77,425189
5006,0.062316,172.217.24.0-255,2902,334510,77,425189
5007,0.062322,172.31.40.0-255,66,334576,77,425189
5008,0.062922,172.217.24.0-255,2902,337478,77,425189
5009,0.062928,172.31.40.0-255,66,337544,77,425189
5010,0.064358,172.217.24.0-255,2902,340446,77,425189
5011,0.064365,172.31.40.0-255,66,340512,77,425189
5012,0.064957,172.217.24.0-255,2902,343414,77,425189
5013,0.064963,172.31.40.0-255,66,343480,77,425189
5014,0.066401,172.217.24.0-255,2902,346382,77,425189
5015,0.066406,172.31.40.0-255,66,346448,77,425189
5016,0.06698,172.217.24.0-255,2902,349350,77,425189
5017,0.066985,172.31.40.0-255,66,349416,77,425189
5018,0.068422,172.217.24.0-255,2902,352318,77,425189
5019,0.068428,172.31.40.0-255,66,352384,77,425189
5020,0.069008,172.217.24.0-255,2902,355286,77,425189
5021,0.069013,172.31.40.0-255,66,355352,77,425189
5022,0.070454,172.217.24.0-255,2902,358254,77,425189
5023,0.070459,172.31.40.0-255,66,358320,77,425189
5024,0.071029,172.217.24.0-255,2902,361222,77,425189
5025,0.071034,172.31.40.0-255,66,361288,77,425189
5026,0.072494,172.217.24.0-255,2902,364190,77,425189
5027,0.0725,172.31.40.0-255,66,364256,77,425189
5028,0.07311,172.217.24.0-255,2902,367158,77,425189
5029,0.073116,172.31.40.0-255,66,367224,77,425189
5030,0.074525,172.217.24.0-255,2902,370126,77,425189
5031,0.074531,172.31.40.0-255,66,370192,77,425189
5032,0.075145,172.217.24.0-255,2902,373094,77,425189
5033,0.075152,172.31.40.0-255,66,373160,77,425189
5034,0.076565,172.217.24.0-255,2902,376062,77,425189
5035,0.076572,172.31.40.0-255,66,376128,77,425189
5036,0.077179,172.217.24.0-255,2902,379030,77,425189
5037,0.077184,172.31.40.0-255,66,379096,77,425189
5038,0.078632,172.217.24.0-255,2902,381998,77,425189
5039,0.07864,172.31.40.0-255,66,382064,77,425189
5040,0.079236,172.217.24.0-255,2902,384966,77,425189
5041,0.079242,172.31.40.0-255,66,385032,77,425189
5042,0.080685,172.217.24.0-255,2902,387934,77,425189
5043,0.080691,172.31.40.0-255,66,388000,77,425189
5044,0.081274,172.217.24.0-255,2902,390902,77,425189
5045,0.08128,172.31.40.0-255,66,390968,77,425189
5046,0.082737,172.217.24.0-255,2902,393870,77,425189
5047,0.082749,172.31.40.0-255,66,393936,77,425189
5048,0.083365,172.217.24.0-255,2902,396838,77,425189
5049,0.084901,172.217.24.0-255,2902,399740,77,425189
5050,0.087379,172.31.40.0-255,66,399806,77,425189
5051,0.089415,172.217.24.0-255,5738,405544,77,425189
5052,0.08943,172.31.40.0-255,66,405610,77,425189
5053,0.091458,172.217.24.0-255,5738,411348,77,425189
5054,0.09147,172.31.40.0-255,66,411414,77,425189
5055,0.093509,172.217.24.0-255,5738,417152,77,425189
5056,0.093522,172.31.40.0-255,66,417218,77,425189
5057,0.095551,172.217.24.0-255,5738,422956,77,425189
5058,0.095557,172.31.40.0-255,66,423022,77,425189
5059,0.097585,172.217.24.0-255,1930,424952,77,425189
5060,0.097596,172.31.40.0-255,66,425018,77,425189
5061,0.09784,172.31.40.0-255,105,425123,77,425189
5062,0.099883,172.217.24.0-255,66,425189,77,425189
5063,0.0,172.31.40.0-255,105,105,77,210
5064,0.073858,31.13.82.0-255,105,210,77,210
5065,0.0,74.125.200.0-255,152,152,77,421612
5066,2.9e-05,172.31.40.0-255,66,218,77,421612
5067,3.6e-05,74.125.200.0-255,1484,1702,77,421612
5068,4e-05,172.31.40.0-255,66,1768,77,421612
5069,4.4e-05,74.125.200.0-255,2902,4670,77,421612
5070,4.7e-05,172.31.40.0-255,66,4736,77,421612
5071,5e-05,74.125.200.0-255,1484,6220,77,421612
5072,5.3e-05,172.31.40.0-255,66,6286,77,421612
5073,8.6e-05,74.125.200.0-255,5738,12024,77,421612
5074,8.9e-05,172.31.40.0-255,66,12090,77,421612
5075,9.4e-05,74.125.200.0-255,1985,14075,77,421612
5076,9.5e-05,172.31.40.0-255,66,14141,77,421612
5077,0.000121,74.125.200.0-255,1484,15625,77,421612
5078,0.000124,172.31.40.0-255,66,15691,77,421612
5079,0.000128,74.125.200.0-255,1484,17175,77,421612
5080,0.00013,172.31.40.0-255,66,17241,77,421612
5081,0.000152,74.125.200.0-255,1484,18725,77,421612
5082,0.000155,172.31.40.0-255,66,18791,77,421612
5083,0.000162,74.125.200.0-255,5738,24529,77,421612
5084,0.000164,172.31.40.0-255,66,24595,77,421612
5085,0.000172,74.125.200.0-255,5738,30333,77,421612
5086,0.000175,172.31.40.0-255,66,30399,77,421612
5087,0.000198,74.125.200.0-255,1125,31524,77,421612
5088,0.000201,172.31.40.0-255,66,31590,77,421612
5089,0.000291,74.125.200.0-255,1484,33074,77,421612
5090,0.000295,172.31.40.0-255,66,33140,77,421612
5091,0.000315,74.125.200.0-255,2902,36042,77,421612
5092,0.000318,172.31.40.0-255,66,36108,77,421612
5093,0.000321,74.125.200.0-255,1484,37592,77,421612
5094,0.000323,172.31.40.0-255,66,37658,77,421612
5095,0.000328,74.125.200.0-255,2902,40560,77,421612
5096,0.00033,172.31.40.0-255,66,40626,77,421612
5097,0.000364,74.125.200.0-255,5738,46364,77,421612
5098,0.000369,74.125.200.0-255,2543,48907,77,421612
5099,0.00037,172.31.40.0-255,66,48973,77,421612
5100,0.000373,74.125.200.0-255,2902,51875,77,421612
5101,0.000375,172.31.40.0-255,66,51941,77,421612
5102,0.000402,74.125.200.0-255,4320,56261,77,421612
5103,0.000407,172.31.40.0-255,66,56327,77,421612
5104,0.000423,74.125.200.0-255,2902,59229,77,421612
5105,0.000427,74.125.200.0-255,2902,62131,77,421612
5106,0.000437,172.31.40.0-255,66,62197,77,421612
5107,0.000438,74.125.200.0-255,2902,65099,77,421612
5108,0.000452,172.31.40.0-255,66,65165,77,421612
5109,0.000471,74.125.200.0-255,1439,66604,77,421612
5110,0.000499,74.125.200.0-255,109,66713,77,421612
5111,0.000613,74.125.200.0-255,1484,68197,77,421612
5112,0.000617,172.31.40.0-255,66,68263,77,421612
5113,0.000623,74.125.200.0-255,2902,71165,77,421612
5114,0.000625,74.125.200.0-255,1484,72649,77,421612
5115,0.000632,172.31.40.0-255,66,72715,77,421612
5116,0.000638,74.125.200.0-255,2902,75617,77,421612
5117,0.000647,172.31.40.0-255,66,75683,77,421612
5118,0.000655,74.125.200.0-255,4320,80003,77,421612
5119,0.000663,172.31.40.0-255,66,80069,77,421612
5120,0.000666,74.125.200.0-255,1484,81553,77,421612
5121,0.000681,74.125.200.0-255,1484,83037,77,421612
5122,0.000687,172.31.40.0-255,66,83103,77,421612
5123,0.000693,74.125.200.0-255,3961,87064,77,421612
5124,0.000695,172.31.40.0-255,66,87130,77,421612
5125,0.0007,74.125.200.0-255,2902,90032,77,421612
5126,0.000706,172.31.40.0-255,66,90098,77,421612
5127,0.000727,74.125.200.0-255,2902,93000,77,421612
5128,0.00073,74.125.200.0-255,1484,94484,77,421612
5129,0.000731,172.31.40.0-255,66,94550,77,421612
5130,0.000755,74.125.200.0-255,6797,101347,77,421612
5131,0.000759,172.31.40.0-255,66,101413,77,421612
5132,0.000816,74.125.200.0-255,1484,102897,77,421612
5133,0.000834,74.125.200.0-255,2902,105799,77,421612
5134,0.000837,74.125.200.0-255,1484,107283,77,421612
5135,0.000847,172.31.40.0-255,66,107349,77,421612
5136,0.000855,74.125.200.0-255,4320,111669,77,421612
5137,0.000863,172.31.40.0-255,66,111735,77,421612
5138,0.000867,74.125.200.0-255,1484,113219,77,421612
5139,0.000879,74.125.200.0-255,2902,116121,77,421612
5140,0.00089,172.31.40.0-255,66,116187,77,421612
5141,0.000899,74.125.200.0-255,8574,124761,77,421612
5142,0.000913,172.31.40.0-255,66,124827,77,421612
5143,0.000915,74.125.200.0-255,1484,126311,77,421612
5144,0.000921,74.125.200.0-255,5738,132049,77,421612
5145,0.000923,172.31.40.0-255,66,132115,77,421612
5146,0.000952,74.125.200.0-255,3285,135400,77,421612
5147,0.000975,172.31.40.0-255,66,135466,77,421612
5148,0.001027,74.125.200.0-255,1484,136950,77,421612
5149,0.001041,74.125.200.0-255,1484,138434,77,421612
5150,0.001049,172.31.40.0-255,66,138500,77,421612
5151,0.001053,74.125.200.0-255,1484,139984,77,421612
5152,0.001069,74.125.200.0-255,1484,141468,77,421612
5153,0.001072,74.125.200.0-255,1484,142952,77,421612
5154,0.001076,172.31.40.0-255,66,143018,77,421612
5155,0.001095,74.125.200.0-255,4320,147338,77,421612
5156,0.001099,172.31.40.0-255,66,147404,77,421612
5157,0.0011,74.125.200.0-255,2902,150306,77,421612
5158,0.001104,172.31.40.0-255,66,150372,77,421612
5159,0.00112,74.125.200.0-255,4320,154692,77,421612
5160,0.001123,172.31.40.0-255,66,154758,77,421612
5161,0.00114,74.125.200.0-255,1484,156242,77,421612
5162,0.001164,74.125.200.0-255,7156,163398,77,421612
5163,0.001196,74.125.200.0-255,4320,167718,77,421612
5164,0.001196,172.31.40.0-255,66,167784,77,421612
5165,0.0012,172.31.40.0-255,66,167850,77,421612
5166,0.001216,74.125.200.0-255,2184,170034,77,421612
5167,0.001227,172.31.40.0-255,66,170100,77,421612
5168,0.001245,74.125.200.0-255,2902,173002,77,421612
5169,0.001259,172.31.40.0-255,66,173068,77,421612
5170,0.001266,74.125.200.0-255,4320,177388,77,421612
5171,0.001272,172.31.40.0-255,66,177454,77,421612
5172,0.001293,74.125.200.0-255,7156,184610,77,421612
5173,0.001297,172.31.40.0-255,66,184676,77,421612
5174,0.001304,74.125.200.0-255,1484,186160,77,421612
5175,0.001308,74.125.200.0-255,2902,189062,77,421612
5176,0.001313,74.125.200.0-255,4320,193382,77,421612
5177,0.00132,172.31.40.0-255,66,193448,77,421612
5178,0.00135,74.125.200.0-255,4320,197768,77,421612
5179,0.001353,172.31.40.0-255,66,197834,77,421612
5180,0.001373,74.125.200.0-255,2902,200736,77,421612
5181,0.001385,172.31.40.0-255,66,200802,77,421612
5182,0.00141,74.125.200.0-255,7856,208658,77,421612
5183,0.001414,74.125.200.0-255,1484,210142,77,421612
5184,0.001418,74.125.200.0-255,2902,213044,77,421612
5185,0.001419,172.31.40.0-255,66,213110,77,421612
5186,0.001422,172.31.40.0-255,66,213176,77,421612
5187,0.001434,74.125.200.0-255,4320,217496,77,421612
5188,0.001439,172.31.40.0-255,66,217562,77,421612
5189,0.001447,74.125.200.0-255,1484,219046,77,421612
5190,0.001453,74.125.200.0-255,4320,223366,77,421612
5191,0.001461,172.31.40.0-255,66,223432,77,421612
5192,0.001468,74.125.200.0-255,2902,226334,77,421612
5193,0.001479,172.31.40.0-255,66,226400,77,421612
5194,0.001483,74.125.200.0-255,2902,229302,77,421612
5195,0.001492,172.31.40.0-255,66,229368,77,421612
5196,0.001504,74.125.200.0-255,5738,235106,77,421612
5197,0.001508,172.31.40.0-255,66,235172,77,421612
5198,0.00151,74.125.200.0-255,3602,238774,77,421612
5199,0.001525,172.31.40.0-255,66,238840,77,421612
5200,0.002144,74.125.200.0-255,1484,240324,77,421612
5201,0.002149,74.125.200.0-255,1484,241808,77,421612
5202,0.002153,172.31.40.0-255,66,241874,77,421612
5203,0.002158,74.125.200.0-255,1484,243358,77,421612
5204,0.002173,74.125.200.0-255,1484,244842,77,421612
5205,0.002195,74.125.200.0-255,5738,250580,77,421612
5206,0.002196,172.31.40.0-255,66,250646,77,421612
5207,0.002228,74.125.200.0-255,11410,262056,77,421612
5208,0.002264,74.125.200.0-255,2902,264958,77,421612
5209,0.002282,74.125.200.0-255,7856,272814,77,421612
5210,0.002297,74.125.200.0-255,2902,275716,77,421612
5211,0.007021,172.31.40.0-255,66,275782,77,421612
5212,0.009305,74.125.200.0-255,5738,281520,77,421612
5213,0.009311,172.31.40.0-255,66,281586,77,421612
5214,0.011593,74.125.200.0-255,5738,287324,77,421612
5215,0.012748,172.31.40.0-255,66,287390,77,421612
5216,0.015026,74.125.200.0-255,5738,293128,77,421612
5217,0.015034,172.31.40.0-255,66,293194,77,421612
5218,0.017306,74.125.200.0-255,5738,298932,77,421612
5219,0.017314,172.31.40.0-255,66,298998,77,421612
5220,0.019591,74.125.200.0-255,5738,304736,77,421612
5221,0.019597,172.31.40.0-255,66,304802,77,421612
5222,0.021864,74.125.200.0-255,4320,309122,77,421612
5223,0.02187,172.31.40.0-255,66,309188,77,421612
5224,0.021896,74.125.200.0-255,1484,310672,77,421612
5225,0.024148,74.125.200.0-255,4320,314992,77,421612
5226,0.024155,172.31.40.0-255,66,315058,77,421612
5227,0.024223,172.31.40.0-255,167,315225,77,421612
5228,0.024246,172.31.40.0-255,1120,316345,77,421612
5229,0.024291,172.31.40.0-255,1514,317859,77,421612
5230,0.024293,172.31.40.0-255,319,318178,77,421612
5231,0.025818,104.244.42.0-255,66,318244,77,421612
5232,0.025824,104.244.42.0-255,66,318310,77,421612
5233,0.025855,104.244.42.0-255,66,318376,77,421612
5234,0.026455,74.125.200.0-255,2902,321278,77,421612
5235,0.026458,172.31.40.0-255,66,321344,77,421612
5236,0.026486,74.125.200.0-255,2902,324246,77,421612
5237,0.026504,172.31.40.0-255,66,324312,77,421612
5238,0.028727,74.125.200.0-255,2902,327214,77,421612
5239,0.028733,172.31.40.0-255,66,327280,77,421612
5240,0.028769,74.125.200.0-255,2902,330182,77,421612
5241,0.028783,172.31.40.0-255,66,330248,77,421612
5242,0.031011,74.125.200.0-255,2902,333150,77,421612
5243,0.031017,172.31.40.0-255,66,333216,77,421612
5244,0.031051,74.125.200.0-255,2902,336118,77,421612
5245,0.031064,172.31.40.0-255,66,336184,77,421612
5246,0.033371,74.125.200.0-255,2902,339086,77,421612
5247,0.033376,172.31.40.0-255,66,339152,77,421612
5248,0.033416,74.125.200.0-255,2902,342054,77,421612
5249,0.033429,172.31.40.0-255,66,342120,77,421612
5250,0.035642,74.125.200.0-255,1484,343604,77,421612
5251,0.035696,74.125.200.0-255,4320,347924,77,421612
5252,0.035728,172.31.40.0-255,66,347990,77,421612
5253,0.037999,74.125.200.0-255,5738,353728,77,421612
5254,0.038004,172.31.40.0-255,66,353794,77,421612
5255,0.040288,74.125.200.0-255,5738,359532,77,421612
5256,0.040293,172.31.40.0-255,66,359598,77,421612
5257,0.042569,74.125.200.0-255,5738,365336,77,421612
5258,0.042574,172.31.40.0-255,66,365402,77,421612
5259,0.044846,74.125.200.0-255,2902,368304,77,421612
5260,0.044851,172.31.40.0-255,66,368370,77,421612
5261,0.044885,74.125.200.0-255,2902,371272,77,421612
5262,0.044908,172.31.40.0-255,66,371338,77,421612
5263,0.047124,74.125.200.0-255,2902,374240,77,421612
5264,0.047129,172.31.40.0-255,66,374306,77,421612
5265,0.047166,74.125.200.0-255,2902,377208,77,421612
5266,0.04718,172.31.40.0-255,66,377274,77,421612
5267,0.049396,74.125.200.0-255,2902,380176,77,421612
5268,0.049401,172.31.40.0-255,66,380242,77,421612
5269,0.049444,74.125.200.0-255,2902,383144,77,421612
5270,0.049453,172.31.40.0-255,66,383210,77,421612
5271,0.051662,74.125.200.0-255,2902,386112,77,421612
5272,0.051667,172.31.40.0-255,66,386178,77,421612
5273,0.05172,74.125.200.0-255,2902,389080,77,421612
5274,0.051726,172.31.40.0-255,66,389146,77,421612
5275,0.053935,74.125.200.0-255,2902,392048,77,421612
5276,0.05394,172.31.40.0-255,66,392114,77,421612
5277,0.054007,74.125.200.0-255,2902,395016,77,421612
5278,0.054033,172.31.40.0-255,66,395082,77,421612
5279,0.056225,74.125.200.0-255,2902,397984,77,421612
5280,0.05623,172.31.40.0-255,66,398050,77,421612
5281,0.056308,74.125.200.0-255,2902,400952,77,421612
5282,0.056315,172.31.40.0-255,66,401018,77,421612
5283,0.058499,74.125.200.0-255,2902,403920,77,421612
5284,0.058505,172.31.40.0-255,66,403986,77,421612
5285,0.058579,74.125.200.0-255,2902,406888,77,421612
5286,0.058588,172.31.40.0-255,66,406954,77,421612
5287,0.060776,74.125.200.0-255,1484,408438,77,421612
5288,0.060869,74.125.200.0-255,4320,412758,77,421612
5289,0.060874,172.31.40.0-255,66,412824,77,421612
5290,0.063158,74.125.200.0-255,1484,414308,77,421612
5291,0.063185,74.125.200.0-255,4320,418628,77,421612
5292,0.063205,172.31.40.0-255,66,418694,77,421612
5293,0.065481,74.125.200.0-255,2681,421375,77,421612
5294,0.065488,172.31.40.0-255,66,421441,77,421612
5295,0.065653,172.31.40.0-255,105,421546,77,421612
5296,0.06788,74.125.200.0-255,66,421612,77,421612
5297,0.0,172.217.160.0-255,153,153,77,403425
5298,1.7e-05,172.31.40.0-255,66,219,77,403425
5299,2.4e-05,172.217.160.0-255,1484,1703,77,403425
5300,2.9e-05,172.31.40.0-255,66,1769,77,403425
5301,3.5e-05,172.217.160.0-255,2902,4671,77,403425
5302,3.8e-05,172.31.40.0-255,66,4737,77,403425
5303,4.1e-05,172.217.160.0-255,1484,6221,77,403425
5304,4.3e-05,172.31.40.0-255,66,6287,77,403425
5305,7.7e-05,172.217.160.0-255,2902,9189,77,403425
5306,8e-05,172.31.40.0-255,66,9255,77,403425
5307,0.00011,172.217.160.0-255,6327,15582,77,403425
5308,0.000112,172.31.40.0-255,66,15648,77,403425
5309,0.000121,172.217.160.0-255,8574,24222,77,403425
5310,0.000123,172.31.40.0-255,66,24288,77,403425
5311,0.000155,172.217.160.0-255,6797,31085,77,403425
5312,0.000157,172.31.40.0-255,66,31151,77,403425
5313,0.000191,172.217.160.0-255,1484,32635,77,403425
5314,0.000193,172.31.40.0-255,66,32701,77,403425
5315,0.000199,172.217.160.0-255,2902,35603,77,403425
5316,0.000201,172.31.40.0-255,66,35669,77,403425
5317,0.000206,172.217.160.0-255,2902,38571,77,403425
5318,0.000208,172.31.40.0-255,66,38637,77,403425
5319,0.000221,172.217.160.0-255,2902,41539,77,403425
5320,0.000224,172.31.40.0-255,66,41605,77,403425
5321,0.000275,172.217.160.0-255,6797,48402,77,403425
5322,0.000277,172.31.40.0-255,66,48468,77,403425
5323,0.000285,172.217.160.0-255,7156,55624,77,403425
5324,0.000287,172.31.40.0-255,66,55690,77,403425
5325,0.000324,172.217.160.0-255,9633,65323,77,403425
5326,0.000328,172.31.40.0-255,66,65389,77,403425
5327,0.00095,172.217.160.0-255,339,65728,77,403425
5328,0.000958,172.31.40.0-255,66,65794,77,403425
5329,0.000978,172.217.160.0-255,403,66197,77,403425
5330,0.001004,172.31.40.0-255,66,66263,77,403425
5331,0.001071,172.217.160.0-255,1484,67747,77,403425
5332,0.001079,172.217.160.0-255,2902,70649,77,403425
5333,0.001082,172.31.40.0-255,66,70715,77,403425
5334,0.001086,172.217.160.0-255,1484,72199,77,403425
5335,0.001105,172.217.160.0-255,4320,76519,77,403425
5336,0.001108,172.31.40.0-255,66,76585,77,403425
5337,0.001141,172.217.160.0-255,2902,79487,77,403425
5338,0.001144,172.31.40.0-255,66,79553,77,403425
5339,0.001172,172.217.160.0-255,8215,87768,77,403425
5340,0.001174,172.31.40.0-255,66,87834,77,403425
5341,0.001183,172.217.160.0-255,8574,96408,77,403425
5342,0.001185,172.31.40.0-255,66,96474,77,403425
5343,0.001205,172.217.160.0-255,3961,100435,77,403425
5344,0.001207,172.31.40.0-255,66,100501,77,403425
5345,0.001229,172.217.160.0-255,1484,101985,77,403425
5346,0.001244,172.217.160.0-255,2902,104887,77,403425
5347,0.001247,172.31.40.0-255,66,104953,77,403425
5348,0.001254,172.217.160.0-255,4320,109273,77,403425
5349,0.001256,172.31.40.0-255,66,109339,77,403425
5350,0.001285,172.217.160.0-255,5738,115077,77,403425
5351,0.001288,172.31.40.0-255,66,115143,77,403425
5352,0.001294,172.217.160.0-255,4320,119463,77,403425
5353,0.001296,172.31.40.0-255,66,119529,77,403425
5354,0.001323,172.217.160.0-255,7156,126685,77,403425
5355,0.001326,172.31.40.0-255,66,126751,77,403425
5356,0.001332,172.217.160.0-255,5738,132489,77,403425
5357,0.001335,172.31.40.0-255,66,132555,77,403425
5358,0.001357,172.217.160.0-255,2184,134739,77,403425
5359,0.00136,172.31.40.0-255,66,134805,77,403425
5360,0.001385,172.217.160.0-255,8574,143379,77,403425
5361,0.001389,172.31.40.0-255,66,143445,77,403425
5362,0.001396,172.217.160.0-255,7156,150601,77,403425
5363,0.001398,172.31.40.0-255,66,150667,77,403425
5364,0.001412,172.217.160.0-255,2902,153569,77,403425
5365,0.001414,172.31.40.0-255,66,153635,77,403425
5366,0.001423,172.217.160.0-255,8574,162209,77,403425
5367,0.001425,172.31.40.0-255,66,162275,77,403425
5368,0.001455,172.217.160.0-255,6438,168713,77,403425
5369,0.001459,172.31.40.0-255,66,168779,77,403425
5370,0.001467,172.217.160.0-255,8574,177353,77,403425
5371,0.001469,172.31.40.0-255,66,177419,77,403425
5372,0.001502,172.217.160.0-255,7156,184575,77,403425
5373,0.001506,172.31.40.0-255,66,184641,77,403425
5374,0.001522,172.31.40.0-255,66,184707,77,403425
5375,0.001525,172.217.160.0-255,766,185473,77,403425
5376,0.001597,172.217.160.0-255,1484,186957,77,403425
5377,0.001601,172.31.40.0-255,66,187023,77,403425
5378,0.001608,172.217.160.0-255,2902,189925,77,403425
5379,0.00161,172.31.40.0-255,66,189991,77,403425
5380,0.001615,172.217.160.0-255,4320,194311,77,403425
5381,0.001618,172.31.40.0-255,66,194377,77,403425
5382,0.001644,172.217.160.0-255,1484,195861,77,403425
5383,0.001652,172.217.160.0-255,7156,203017,77,403425
5384,0.001655,172.31.40.0-255,66,203083,77,403425
5385,0.00169,172.217.160.0-255,4320,207403,77,403425
5386,0.001692,172.31.40.0-255,66,207469,77,403425
5387,0.001712,172.217.160.0-255,9992,217461,77,403425
5388,0.001714,172.31.40.0-255,66,217527,77,403425
5389,0.001718,172.217.160.0-255,2184,219711,77,403425
5390,0.00172,172.31.40.0-255,66,219777,77,403425
5391,0.001726,172.217.160.0-255,4320,224097,77,403425
5392,0.001728,172.31.40.0-255,66,224163,77,403425
5393,0.001734,172.217.160.0-255,5738,229901,77,403425
5394,0.001736,172.31.40.0-255,66,229967,77,403425
5395,0.001739,172.217.160.0-255,1484,231451,77,403425
5396,0.001777,172.217.160.0-255,9992,241443,77,403425
5397,0.001781,172.31.40.0-255,66,241509,77,403425
5398,0.001791,172.217.160.0-255,12110,253619,77,403425
5399,0.001794,172.31.40.0-255,66,253685,77,403425
5400,0.003544,172.217.160.0-255,4320,258005,77,403425
5401,0.003551,172.31.40.0-255,66,258071,77,403425
5402,0.003568,172.217.160.0-255,1484,259555,77,403425
5403,0.005318,172.217.160.0-255,4320,263875,77,403425
5404,0.005322,172.31.40.0-255,66,263941,77,403425
5405,0.007077,172.217.160.0-255,5738,269679,77,403425
5406,0.007082,172.31.40.0-255,66,269745,77,403425
5407,0.008847,172.217.160.0-255,5738,275483,77,403425
5408,0.008854,172.31.40.0-255,66,275549,77,403425
5409,0.010612,172.217.160.0-255,5738,281287,77,403425
5410,0.01062,172.31.40.0-255,66,281353,77,403425
5411,0.012382,172.217.160.0-255,5738,287091,77,403425
5412,0.01239,172.31.40.0-255,66,287157,77,403425
5413,0.014152,172.217.160.0-255,5738,292895,77,403425
5414,0.014159,172.31.40.0-255,66,292961,77,403425
5415,0.015923,172.217.160.0-255,5738,298699,77,403425
5416,0.01593,172.31.40.0-255,66,298765,77,403425
5417,0.017694,172.217.160.0-255,5738,304503,77,403425
5418,0.017701,172.31.40.0-255,66,304569,77,403425
5419,0.019462,172.217.160.0-255,5738,310307,77,403425
5420,0.01947,172.31.40.0-255,66,310373,77,403425
5421,0.021233,172.217.160.0-255,5738,316111,77,403425
5422,0.021241,172.31.40.0-255,66,316177,77,403425
5423,0.023012,172.217.160.0-255,5738,321915,77,403425
5424,0.023021,172.31.40.0-255,66,321981,77,403425
5425,0.02479,172.217.160.0-255,5738,327719,77,403425
5426,0.024797,172.31.40.0-255,66,327785,77,403425
5427,0.02655,172.217.160.0-255,5738,333523,77,403425
5428,0.026557,172.31.40.0-255,66,333589,77,403425
5429,0.028321,172.217.160.0-255,5738,339327,77,403425
5430,0.028327,172.31.40.0-255,66,339393,77,403425
5431,0.030098,172.217.160.0-255,5738,345131,77,403425
5432,0.030105,172.31.40.0-255,66,345197,77,403425
5433,0.031879,172.217.160.0-255,5738,350935,77,403425
5434,0.031886,172.31.40.0-255,66,351001,77,403425
5435,0.032716,172.31.40.0-255,172,351173,77,403425
5436,0.032751,172.31.40.0-255,1116,352289,77,403425
5437,0.03281,172.31.40.0-255,1514,353803,77,403425
5438,0.032812,172.31.40.0-255,1279,355082,77,403425
5439,0.033657,172.217.160.0-255,5738,360820,77,403425
5440,0.033663,172.31.40.0-255,66,360886,77,403425
5441,0.034369,104.244.42.0-255,66,360952,77,403425
5442,0.034436,104.244.42.0-255,66,361018,77,403425
5443,0.034539,104.244.42.0-255,66,361084,77,403425
5444,0.035431,172.217.160.0-255,5738,366822,77,403425
5445,0.035436,172.31.40.0-255,66,366888,77,403425
5446,0.037196,172.217.160.0-255,5738,372626,77,403425
5447,0.037202,172.31.40.0-255,66,372692,77,403425
5448,0.038976,172.217.160.0-255,5738,378430,77,403425
5449,0.038983,172.31.40.0-255,66,378496,77,403425
5450,0.040747,172.217.160.0-255,5738,384234,77,403425
5451,0.040754,172.31.40.0-255,66,384300,77,403425
5452,0.042524,172.217.160.0-255,5738,390038,77,403425
5453,0.042533,172.31.40.0-255,66,390104,77,403425
5454,0.044306,172.217.160.0-255,5738,395842,77,403425
5455,0.044313,172.31.40.0-255,66,395908,77,403425
5456,0.04624,172.217.160.0-255,5738,401646,77,403425
5457,0.04626,172.31.40.0-255,66,401712,77,403425
5458,0.048114,172.217.160.0-255,1476,403188,77,403425
5459,0.048241,172.31.40.0-255,66,403254,77,403425
5460,0.048276,172.31.40.0-255,105,403359,77,403425
5461,0.050011,172.217.160.0-255,66,403425,77,403425
5462,0.0,172.217.194.0-255,152,152,77,338974
5463,2.3e-05,172.31.40.0-255,66,218,77,338974
5464,2.9e-05,172.217.194.0-255,1484,1702,77,338974
5465,3.4e-05,172.31.40.0-255,66,1768,77,338974
5466,3.9e-05,172.217.194.0-255,2902,4670,77,338974
5467,4.2e-05,172.31.40.0-255,66,4736,77,338974
5468,5e-05,172.217.194.0-255,7156,11892,77,338974
5469,5.3e-05,172.31.40.0-255,66,11958,77,338974
5470,5.7e-05,172.217.194.0-255,2127,14085,77,338974
5471,5.9e-05,172.31.40.0-255,66,14151,77,338974
5472,6.6e-05,172.217.194.0-255,5738,19889,77,338974
5473,6.9e-05,172.31.40.0-255,66,19955,77,338974
5474,9.9e-05,172.217.194.0-255,5738,25693,77,338974
5475,0.000102,172.31.40.0-255,66,25759,77,338974
5476,0.000109,172.217.194.0-255,5379,31138,77,338974
5477,0.000111,172.31.40.0-255,66,31204,77,338974
5478,0.000173,172.217.194.0-255,1484,32688,77,338974
5479,0.000176,172.31.40.0-255,66,32754,77,338974
5480,0.000181,172.217.194.0-255,2902,35656,77,338974
5481,0.000183,172.31.40.0-255,66,35722,77,338974
5482,0.000211,172.217.194.0-255,5738,41460,77,338974
5483,0.000213,172.31.40.0-255,66,41526,77,338974
5484,0.00024,172.217.194.0-255,11410,52936,77,338974
5485,0.000243,172.31.40.0-255,66,53002,77,338974
5486,0.000263,172.217.194.0-255,2543,55545,77,338974
5487,0.000266,172.31.40.0-255,66,55611,77,338974
5488,0.000276,172.217.194.0-255,9633,65244,77,338974
5489,0.000278,172.31.40.0-255,66,65310,77,338974
5490,0.000281,172.217.194.0-255,378,65688,77,338974
5491,0.000283,172.31.40.0-255,66,65754,77,338974
5492,0.000317,172.217.194.0-255,398,66152,77,338974
5493,0.00032,172.31.40.0-255,66,66218,77,338974
5494,0.000506,172.217.194.0-255,1484,67702,77,338974
5495,0.000513,172.217.194.0-255,2902,70604,77,338974
5496,0.000518,172.31.40.0-255,66,70670,77,338974
5497,0.000525,172.217.194.0-255,5738,76408,77,338974
5498,0.000527,172.31.40.0-255,66,76474,77,338974
5499,0.000557,172.217.194.0-255,12828,89302,77,338974
5500,0.00056,172.31.40.0-255,66,89368,77,338974
5501,0.000569,172.217.194.0-255,9992,99360,77,338974
5502,0.000572,172.31.40.0-255,66,99426,77,338974
5503,0.000596,172.217.194.0-255,766,100192,77,338974
5504,0.000816,172.217.194.0-255,1484,101676,77,338974
5505,0.000821,172.31.40.0-255,66,101742,77,338974
5506,0.000826,172.217.194.0-255,2902,104644,77,338974
5507,0.000829,172.31.40.0-255,66,104710,77,338974
5508,0.000845,172.217.194.0-255,5738,110448,77,338974
5509,0.000848,172.31.40.0-255,66,110514,77,338974
5510,0.000855,172.217.194.0-255,7156,117670,77,338974
5511,0.000857,172.31.40.0-255,66,117736,77,338974
5512,0.000923,172.31.40.0-255,66,117802,77,338974
5513,0.000928,172.217.194.0-255,2184,119986,77,338974
5514,0.00093,172.31.40.0-255,66,120052,77,338974
5515,0.001014,172.217.194.0-255,1484,121536,77,338974
5516,0.00102,172.217.194.0-255,2902,124438,77,338974
5517,0.001022,172.31.40.0-255,66,124504,77,338974
5518,0.001029,172.217.194.0-255,5738,130242,77,338974
5519,0.001031,172.31.40.0-255,66,130308,77,338974
5520,0.001043,172.217.194.0-255,1484,131792,77,338974
5521,0.001065,172.217.194.0-255,8574,140366,77,338974
5522,0.001068,172.31.40.0-255,66,140432,77,338974
5523,0.001103,172.217.194.0-255,4320,144752,77,338974
5524,0.001106,172.31.40.0-255,66,144818,77,338974
5525,0.001134,172.217.194.0-255,9274,154092,77,338974
5526,0.001137,172.31.40.0-255,66,154158,77,338974
5527,0.001421,172.217.194.0-255,1484,155642,77,338974
5528,0.001428,172.217.194.0-255,2902,158544,77,338974
5529,0.001432,172.31.40.0-255,66,158610,77,338974
5530,0.001439,172.217.194.0-255,5738,164348,77,338974
5531,0.00144,172.31.40.0-255,66,164414,77,338974
5532,0.001472,172.217.194.0-255,12828,177242,77,338974
5533,0.001475,172.31.40.0-255,66,177308,77,338974
5534,0.001513,172.217.194.0-255,7156,184464,77,338974
5535,0.001516,172.31.40.0-255,66,184530,77,338974
5536,0.001533,172.217.194.0-255,3602,188132,77,338974
5537,0.001536,172.31.40.0-255,66,188198,77,338974
5538,0.001558,172.217.194.0-255,1484,189682,77,338974
5539,0.001569,172.217.194.0-255,2902,192584,77,338974
5540,0.001572,172.31.40.0-255,66,192650,77,338974
5541,0.001575,172.217.194.0-255,1484,194134,77,338974
5542,0.001594,172.217.194.0-255,4320,198454,77,338974
5543,0.001596,172.31.40.0-255,66,198520,77,338974
5544,0.001603,172.217.194.0-255,7156,205676,77,338974
5545,0.001606,172.31.40.0-255,66,205742,77,338974
5546,0.001637,172.217.194.0-255,5738,211480,77,338974
5547,0.00164,172.31.40.0-255,66,211546,77,338974
5548,0.00165,172.217.194.0-255,10692,222238,77,338974
5549,0.001652,172.31.40.0-255,66,222304,77,338974
5550,0.001709,172.217.194.0-255,1484,223788,77,338974
5551,0.001722,172.217.194.0-255,2902,226690,77,338974
5552,0.001725,172.217.194.0-255,1484,228174,77,338974
5553,0.00173,172.31.40.0-255,66,228240,77,338974
5554,0.001747,172.217.194.0-255,4320,232560,77,338974
5555,0.001749,172.31.40.0-255,66,232626,77,338974
5556,0.001755,172.217.194.0-255,4320,236946,77,338974
5557,0.001757,172.31.40.0-255,66,237012,77,338974
5558,0.001792,172.217.194.0-255,8574,245586,77,338974
5559,0.001796,172.31.40.0-255,66,245652,77,338974
5560,0.001804,172.217.194.0-255,8574,254226,77,338974
5561,0.001806,172.31.40.0-255,66,254292,77,338974
5562,0.001827,172.217.194.0-255,6438,260730,77,338974
5563,0.001829,172.31.40.0-255,66,260796,77,338974
5564,0.001836,172.217.194.0-255,7156,267952,77,338974
5565,0.001839,172.31.40.0-255,66,268018,77,338974
5566,0.001875,172.31.40.0-255,66,268084,77,338974
5567,0.001882,172.217.194.0-255,7856,275940,77,338974
5568,0.001885,172.31.40.0-255,66,276006,77,338974
5569,0.001968,172.31.40.0-255,66,276072,77,338974
5570,0.001978,172.217.194.0-255,9274,285346,77,338974
5571,0.001981,172.31.40.0-255,66,285412,77,338974
5572,0.001999,172.217.194.0-255,7156,292568,77,338974
5573,0.002002,172.31.40.0-255,66,292634,77,338974
5574,0.002056,172.31.40.0-255,66,292700,77,338974
5575,0.002065,172.217.194.0-255,8574,301274,77,338974
5576,0.002067,172.31.40.0-255,66,301340,77,338974
5577,0.002088,172.217.194.0-255,12828,314168,77,338974
5578,0.002091,172.31.40.0-255,66,314234,77,338974
5579,0.002122,172.217.194.0-255,12110,326344,77,338974
5580,0.002125,172.31.40.0-255,66,326410,77,338974
5581,0.002127,172.217.194.0-255,1484,327894,77,338974
5582,0.002132,172.217.194.0-255,2131,330025,77,338974
5583,0.002135,172.31.40.0-255,66,330091,77,338974
5584,0.002138,172.217.194.0-255,168,330259,77,338974
5585,0.004426,172.31.40.0-255,105,330364,77,338974
5586,0.004463,172.31.40.0-255,105,330469,77,338974
5587,0.004719,172.31.40.0-255,90,330559,77,338974
5588,0.004731,172.31.40.0-255,66,330625,77,338974
5589,0.006655,172.217.194.0-255,66,330691,77,338974
5590,0.00668,172.217.194.0-255,66,330757,77,338974
5591,0.00693,172.217.194.0-255,66,330823,77,338974
5592,0.006951,172.217.194.0-255,66,330889,77,338974
5593,0.006956,172.31.40.0-255,66,330955,77,338974
5594,0.00696,172.217.194.0-255,66,331021,77,338974
5595,0.042963,172.31.40.0-255,172,331193,77,338974
5596,0.042995,172.31.40.0-255,1115,332308,77,338974
5597,0.043068,172.31.40.0-255,1514,333822,77,338974
5598,0.04307,172.31.40.0-255,1514,335336,77,338974
5599,0.043072,172.31.40.0-255,1514,336850,77,338974
5600,0.043073,172.31.40.0-255,1514,338364,77,338974
5601,0.043074,172.31.40.0-255,544,338908,77,338974
5602,0.045114,104.244.42.0-255,66,338974,77,338974
5603,0.0,74.125.68.0-255,150,150,77,410896
5604,2.2e-05,172.31.40.0-255,66,216,77,410896
5605,3e-05,74.125.68.0-255,1484,1700,77,410896
5606,3.4e-05,172.31.40.0-255,66,1766,77,410896
5607,4e-05,74.125.68.0-255,2902,4668,77,410896
5608,5.4e-05,172.31.40.0-255,66,4734,77,410896
5609,6e-05,74.125.68.0-255,5738,10472,77,410896
5610,6.4e-05,172.31.40.0-255,66,10538,77,410896
5611,6.8e-05,74.125.68.0-255,1484,12022,77,410896
5612,7e-05,172.31.40.0-255,66,12088,77,410896
5613,0.0001,74.125.68.0-255,6294,18382,77,410896
5614,0.000103,172.31.40.0-255,66,18448,77,410896
5615,0.000112,74.125.68.0-255,8574,27022,77,410896
5616,0.000114,172.31.40.0-255,66,27088,77,410896
5617,0.000118,74.125.68.0-255,1484,28572,77,410896
5618,0.00012,172.31.40.0-255,66,28638,77,410896
5619,0.000125,74.125.68.0-255,2543,31181,77,410896
5620,0.000127,172.31.40.0-255,66,31247,77,410896
5621,0.000262,74.125.68.0-255,1484,32731,77,410896
5622,0.000267,172.31.40.0-255,66,32797,77,410896
5623,0.000271,74.125.68.0-255,1484,34281,77,410896
5624,0.000274,172.31.40.0-255,66,34347,77,410896
5625,0.000278,74.125.68.0-255,2902,37249,77,410896
5626,0.000286,172.31.40.0-255,66,37315,77,410896
5627,0.00029,74.125.68.0-255,2902,40217,77,410896
5628,0.000292,172.31.40.0-255,66,40283,77,410896
5629,0.000321,74.125.68.0-255,2902,43185,77,410896
5630,0.000324,172.31.40.0-255,66,43251,77,410896
5631,0.00033,74.125.68.0-255,5379,48630,77,410896
5632,0.000333,172.31.40.0-255,66,48696,77,410896
5633,0.000337,74.125.68.0-255,2902,51598,77,410896
5634,0.000339,172.31.40.0-255,66,51664,77,410896
5635,0.000363,74.125.68.0-255,2902,54566,77,410896
5636,0.000366,172.31.40.0-255,66,54632,77,410896
5637,0.000369,74.125.68.0-255,1484,56116,77,410896
5638,0.000405,74.125.68.0-255,9945,66061,77,410896
5639,0.000408,172.31.40.0-255,66,66127,77,410896
5640,0.00052,74.125.68.0-255,112,66239,77,410896
5641,0.000646,74.125.68.0-255,1484,67723,77,410896
5642,0.000651,172.31.40.0-255,66,67789,77,410896
5643,0.000657,74.125.68.0-255,2902,70691,77,410896
5644,0.00066,172.31.40.0-255,66,70757,77,410896
5645,0.000681,74.125.68.0-255,2902,73659,77,410896
5646,0.000688,172.31.40.0-255,66,73725,77,410896
5647,0.000694,74.125.68.0-255,4320,78045,77,410896
5648,0.000696,172.31.40.0-255,66,78111,77,410896
5649,0.00075,74.125.68.0-255,9633,87744,77,410896
5650,0.000753,172.31.40.0-255,66,87810,77,410896
5651,0.000759,74.125.68.0-255,4320,92130,77,410896
5652,0.000761,172.31.40.0-255,66,92196,77,410896
5653,0.000802,74.125.68.0-255,8215,100411,77,410896
5654,0.000809,172.31.40.0-255,66,100477,77,410896
5655,0.001809,74.125.68.0-255,1484,101961,77,410896
5656,0.001829,74.125.68.0-255,2902,104863,77,410896
5657,0.001834,172.31.40.0-255,66,104929,77,410896
5658,0.001838,74.125.68.0-255,1484,106413,77,410896
5659,0.001843,74.125.68.0-255,2902,109315,77,410896
5660,0.001845,172.31.40.0-255,66,109381,77,410896
5661,0.001877,74.125.68.0-255,5738,115119,77,410896
5662,0.001879,172.31.40.0-255,66,115185,77,410896
5663,0.001911,74.125.68.0-255,11410,126595,77,410896
5664,0.001914,172.31.40.0-255,66,126661,77,410896
5665,0.001936,74.125.68.0-255,1484,128145,77,410896
5666,0.001963,74.125.68.0-255,6438,134583,77,410896
5667,0.001965,172.31.40.0-255,66,134649,77,410896
5668,0.00203,74.125.68.0-255,1484,136133,77,410896
5669,0.002036,74.125.68.0-255,2902,139035,77,410896
5670,0.002039,172.31.40.0-255,66,139101,77,410896
5671,0.002046,74.125.68.0-255,5738,144839,77,410896
5672,0.002048,172.31.40.0-255,66,144905,77,410896
5673,0.002078,74.125.68.0-255,7156,152061,77,410896
5674,0.00208,172.31.40.0-255,66,152127,77,410896
5675,0.002107,74.125.68.0-255,2902,155029,77,410896
5676,0.002109,172.31.40.0-255,66,155095,77,410896
5677,0.002141,74.125.68.0-255,7156,162251,77,410896
5678,0.002144,172.31.40.0-255,66,162317,77,410896
5679,0.002171,74.125.68.0-255,6438,168755,77,410896
5680,0.002174,172.31.40.0-255,66,168821,77,410896
5681,0.004537,74.125.68.0-255,5738,174559,77,410896
5682,0.004544,172.31.40.0-255,66,174625,77,410896
5683,0.006907,74.125.68.0-255,5738,180363,77,410896
5684,0.006912,172.31.40.0-255,66,180429,77,410896
5685,0.009282,74.125.68.0-255,5738,186167,77,410896
5686,0.009289,172.31.40.0-255,66,186233,77,410896
5687,0.011666,74.125.68.0-255,5738,191971,77,410896
5688,0.011675,172.31.40.0-255,66,192037,77,410896
5689,0.01405,74.125.68.0-255,5738,197775,77,410896
5690,0.01406,172.31.40.0-255,66,197841,77,410896
5691,0.016434,74.125.68.0-255,5738,203579,77,410896
5692,0.016445,172.31.40.0-255,66,203645,77,410896
5693,0.018807,74.125.68.0-255,5738,209383,77,410896
5694,0.018814,172.31.40.0-255,66,209449,77,410896
5695,0.021182,74.125.68.0-255,5738,215187,77,410896
5696,0.02119,172.31.40.0-255,66,215253,77,410896
5697,0.023562,74.125.68.0-255,5738,220991,77,410896
5698,0.02357,172.31.40.0-255,66,221057,77,410896
5699,0.025953,74.125.68.0-255,5738,226795,77,410896
5700,0.025963,172.31.40.0-255,66,226861,77,410896
5701,0.028325,74.125.68.0-255,5738,232599,77,410896
5702,0.028333,172.31.40.0-255,66,232665,77,410896
5703,0.028987,172.31.40.0-255,192,232857,77,410896
5704,0.02902,172.31.40.0-255,1120,233977,77,410896
5705,0.029075,172.31.40.0-255,1514,235491,77,410896
5706,0.029077,172.31.40.0-255,1275,236766,77,410896
5707,0.030547,104.244.42.0-255,66,236832,77,410896
5708,0.030574,104.244.42.0-255,66,236898,77,410896
5709,0.030629,104.244.42.0-255,66,236964,77,410896
5710,0.030702,74.125.68.0-255,5738,242702,77,410896
5711,0.030707,172.31.40.0-255,66,242768,77,410896
5712,0.033085,74.125.68.0-255,5738,248506,77,410896
5713,0.033093,172.31.40.0-255,66,248572,77,410896
5714,0.035473,74.125.68.0-255,5738,254310,77,410896
5715,0.03548,172.31.40.0-255,66,254376,77,410896
5716,0.037862,74.125.68.0-255,5738,260114,77,410896
5717,0.037869,172.31.40.0-255,66,260180,77,410896
5718,0.040285,74.125.68.0-255,5738,265918,77,410896
5719,0.040294,172.31.40.0-255,66,265984,77,410896
5720,0.042672,74.125.68.0-255,5738,271722,77,410896
5721,0.042679,172.31.40.0-255,66,271788,77,410896
5722,0.045051,74.125.68.0-255,5738,277526,77,410896
5723,0.045058,172.31.40.0-255,66,277592,77,410896
5724,0.047431,74.125.68.0-255,5738,283330,77,410896
5725,0.047438,172.31.40.0-255,66,283396,77,410896
5726,0.049813,74.125.68.0-255,5738,289134,77,410896
5727,0.04982,172.31.40.0-255,66,289200,77,410896
5728,0.052209,74.125.68.0-255,5738,294938,77,410896
5729,0.052217,172.31.40.0-255,66,295004,77,410896
5730,0.05459,74.125.68.0-255,5738,300742,77,410896
5731,0.054597,172.31.40.0-255,66,300808,77,410896
5732,0.056972,74.125.68.0-255,5738,306546,77,410896
5733,0.056979,172.31.40.0-255,66,306612,77,410896
5734,0.059349,74.125.68.0-255,5738,312350,77,410896
5735,0.059356,172.31.40.0-255,66,312416,77,410896
5736,0.061728,74.125.68.0-255,5738,318154,77,410896
5737,0.061735,172.31.40.0-255,66,318220,77,410896
5738,0.064107,74.125.68.0-255,5738,323958,77,410896
5739,0.064114,172.31.40.0-255,66,324024,77,410896
5740,0.066495,74.125.68.0-255,5738,329762,77,410896
5741,0.066502,172.31.40.0-255,66,329828,77,410896
5742,0.068864,74.125.68.0-255,5738,335566,77,410896
5743,0.06887,172.31.40.0-255,66,335632,77,410896
5744,0.071245,74.125.68.0-255,5738,341370,77,410896
5745,0.071252,172.31.40.0-255,66,341436,77,410896
5746,0.073626,74.125.68.0-255,5738,347174,77,410896
5747,0.073632,172.31.40.0-255,66,347240,77,410896
5748,0.076002,74.125.68.0-255,5738,352978,77,410896
5749,0.076008,172.31.40.0-255,66,353044,77,410896
5750,0.078387,74.125.68.0-255,5738,358782,77,410896
5751,0.078397,172.31.40.0-255,66,358848,77,410896
5752,0.080769,74.125.68.0-255,5738,364586,77,410896
5753,0.080775,172.31.40.0-255,66,364652,77,410896
5754,0.083162,74.125.68.0-255,5738,370390,77,410896
5755,0.08317,172.31.40.0-255,66,370456,77,410896
5756,0.085552,74.125.68.0-255,5738,376194,77,410896
5757,0.085559,172.31.40.0-255,66,376260,77,410896
5758,0.087941,74.125.68.0-255,5738,381998,77,410896
5759,0.087947,172.31.40.0-255,66,382064,77,410896
5760,0.090327,74.125.68.0-255,5738,387802,77,410896
5761,0.090334,172.31.40.0-255,66,387868,77,410896
5762,0.092707,74.125.68.0-255,5738,393606,77,410896
5763,0.092713,172.31.40.0-255,66,393672,77,410896
5764,0.095082,74.125.68.0-255,5738,399410,77,410896
5765,0.095089,172.31.40.0-255,66,399476,77,410896
5766,0.097463,74.125.68.0-255,5738,405214,77,410896
5767,0.09747,172.31.40.0-255,66,405280,77,410896
5768,0.099844,74.125.68.0-255,5550,410830,77,410896
5769,0.099851,172.31.40.0-255,66,410896,77,410896
5770,0.0,172.31.40.0-255,105,105,77,276
5771,0.001784,157.240.13.0-255,105,210,77,276
5772,0.039945,172.31.40.0-255,66,276,77,276
5773,0.0,172.31.40.0-255,105,105,77,276
5774,0.001774,157.240.13.0-255,105,210,77,276
5775,0.04084,172.31.40.0-255,66,276,77,276
5776,0.0,74.125.24.0-255,146,146,77,406667
5777,1.9e-05,172.31.40.0-255,66,212,77,406667
5778,2.6e-05,74.125.24.0-255,1484,1696,77,406667
5779,3.1e-05,172.31.40.0-255,66,1762,77,406667
5780,3.7e-05,74.125.24.0-255,2902,4664,77,406667
5781,4.1e-05,172.31.40.0-255,66,4730,77,406667
5782,5.8e-05,74.125.24.0-255,7156,11886,77,406667
5783,6.2e-05,172.31.40.0-255,66,11952,77,406667
5784,9.8e-05,74.125.24.0-255,2062,14014,77,406667
5785,0.000101,172.31.40.0-255,66,14080,77,406667
5786,0.000107,74.125.24.0-255,2902,16982,77,406667
5787,0.000109,172.31.40.0-255,66,17048,77,406667
5788,0.000141,74.125.24.0-255,7156,24204,77,406667
5789,0.000144,172.31.40.0-255,66,24270,77,406667
5790,0.000206,74.125.24.0-255,2902,27172,77,406667
5791,0.000209,172.31.40.0-255,66,27238,77,406667
5792,0.000234,74.125.24.0-255,3961,31199,77,406667
5793,0.000237,172.31.40.0-255,66,31265,77,406667
5794,0.00029,74.125.24.0-255,1484,32749,77,406667
5795,0.000293,172.31.40.0-255,66,32815,77,406667
5796,0.000298,74.125.24.0-255,2902,35717,77,406667
5797,0.0003,172.31.40.0-255,66,35783,77,406667
5798,0.000332,74.125.24.0-255,4320,40103,77,406667
5799,0.000335,172.31.40.0-255,66,40169,77,406667
5800,0.000362,74.125.24.0-255,4320,44489,77,406667
5801,0.000364,172.31.40.0-255,66,44555,77,406667
5802,0.000394,74.125.24.0-255,5379,49934,77,406667
5803,0.000397,172.31.40.0-255,66,50000,77,406667
5804,0.000406,74.125.24.0-255,9992,59992,77,406667
5805,0.000409,172.31.40.0-255,66,60058,77,406667
5806,0.000432,74.125.24.0-255,4320,64378,77,406667
5807,0.000435,172.31.40.0-255,66,64444,77,406667
5808,0.00046,74.125.24.0-255,1480,65924,77,406667
5809,0.000464,74.125.24.0-255,330,66254,77,406667
5810,0.000466,172.31.40.0-255,66,66320,77,406667
5811,0.000637,74.125.24.0-255,1484,67804,77,406667
5812,0.000657,74.125.24.0-255,2902,70706,77,406667
5813,0.000662,172.31.40.0-255,66,70772,77,406667
5814,0.000673,74.125.24.0-255,5738,76510,77,406667
5815,0.000676,172.31.40.0-255,66,76576,77,406667
5816,0.000687,74.125.24.0-255,4320,80896,77,406667
5817,0.000689,172.31.40.0-255,66,80962,77,406667
5818,0.000696,74.125.24.0-255,7156,88118,77,406667
5819,0.000699,172.31.40.0-255,66,88184,77,406667
5820,0.000731,74.125.24.0-255,4320,92504,77,406667
5821,0.000734,172.31.40.0-255,66,92570,77,406667
5822,0.000738,74.125.24.0-255,2902,95472,77,406667
5823,0.000741,172.31.40.0-255,66,95538,77,406667
5824,0.000775,74.125.24.0-255,5020,100558,77,406667
5825,0.000778,172.31.40.0-255,66,100624,77,406667
5826,0.001069,74.125.24.0-255,1484,102108,77,406667
5827,0.001077,74.125.24.0-255,2902,105010,77,406667
5828,0.001082,172.31.40.0-255,66,105076,77,406667
5829,0.001087,74.125.24.0-255,2902,107978,77,406667
5830,0.00109,172.31.40.0-255,66,108044,77,406667
5831,0.00112,74.125.24.0-255,2902,110946,77,406667
5832,0.001123,172.31.40.0-255,66,111012,77,406667
5833,0.001137,74.125.24.0-255,9992,121004,77,406667
5834,0.00114,172.31.40.0-255,66,121070,77,406667
5835,0.00117,74.125.24.0-255,2902,123972,77,406667
5836,0.001174,172.31.40.0-255,66,124038,77,406667
5837,0.001177,74.125.24.0-255,1484,125522,77,406667
5838,0.001183,74.125.24.0-255,2902,128424,77,406667
5839,0.001185,172.31.40.0-255,66,128490,77,406667
5840,0.001217,74.125.24.0-255,6438,134928,77,406667
5841,0.001221,172.31.40.0-255,66,134994,77,406667
5842,0.001226,74.125.24.0-255,4320,139314,77,406667
5843,0.00123,172.31.40.0-255,66,139380,77,406667
5844,0.001271,74.125.24.0-255,5738,145118,77,406667
5845,0.001275,172.31.40.0-255,66,145184,77,406667
5846,0.00128,74.125.24.0-255,4320,149504,77,406667
5847,0.001282,172.31.40.0-255,66,149570,77,406667
5848,0.001289,74.125.24.0-255,5738,155308,77,406667
5849,0.001292,172.31.40.0-255,66,155374,77,406667
5850,0.001301,74.125.24.0-255,11410,166784,77,406667
5851,0.001304,172.31.40.0-255,66,166850,77,406667
5852,0.001308,74.125.24.0-255,2184,169034,77,406667
5853,0.001311,172.31.40.0-255,66,169100,77,406667
5854,0.001334,74.125.24.0-255,1484,170584,77,406667
5855,0.00134,74.125.24.0-255,2902,173486,77,406667
5856,0.001343,172.31.40.0-255,66,173552,77,406667
5857,0.001369,74.125.24.0-255,5738,179290,77,406667
5858,0.001372,172.31.40.0-255,66,179356,77,406667
5859,0.001377,74.125.24.0-255,2902,182258,77,406667
5860,0.001379,172.31.40.0-255,66,182324,77,406667
5861,0.001421,74.125.24.0-255,9992,192316,77,406667
5862,0.001424,172.31.40.0-255,66,192382,77,406667
5863,0.001434,74.125.24.0-255,10692,203074,77,406667
5864,0.001437,172.31.40.0-255,66,203140,77,406667
5865,0.001467,74.125.24.0-255,1484,204624,77,406667
5866,0.001471,74.125.24.0-255,2902,207526,77,406667
5867,0.001474,74.125.24.0-255,1484,209010,77,406667
5868,0.001479,172.31.40.0-255,66,209076,77,406667
5869,0.001504,74.125.24.0-255,4320,213396,77,406667
5870,0.001508,172.31.40.0-255,66,213462,77,406667
5871,0.001551,74.125.24.0-255,4320,217782,77,406667
5872,0.001553,172.31.40.0-255,66,217848,77,406667
5873,0.001578,74.125.24.0-255,7156,225004,77,406667
5874,0.00158,172.31.40.0-255,66,225070,77,406667
5875,0.001592,74.125.24.0-255,12110,237180,77,406667
5876,0.001594,172.31.40.0-255,66,237246,77,406667
5877,0.001605,74.125.24.0-255,11410,248656,77,406667
5878,0.001607,172.31.40.0-255,66,248722,77,406667
5879,0.001635,74.125.24.0-255,1484,250206,77,406667
5880,0.001646,74.125.24.0-255,5738,255944,77,406667
5881,0.001649,172.31.40.0-255,66,256010,77,406667
5882,0.001679,74.125.24.0-255,11410,267420,77,406667
5883,0.001683,172.31.40.0-255,66,267486,77,406667
5884,0.001705,74.125.24.0-255,3602,271088,77,406667
5885,0.001707,172.31.40.0-255,66,271154,77,406667
5886,0.001712,74.125.24.0-255,4320,275474,77,406667
5887,0.001714,172.31.40.0-255,66,275540,77,406667
5888,0.001721,74.125.24.0-255,5738,281278,77,406667
5889,0.001723,172.31.40.0-255,66,281344,77,406667
5890,0.00175,74.125.24.0-255,1484,282828,77,406667
5891,0.001785,74.125.24.0-255,9992,292820,77,406667
5892,0.001788,172.31.40.0-255,66,292886,77,406667
5893,0.0018,74.125.24.0-255,12110,304996,77,406667
5894,0.001802,172.31.40.0-255,66,305062,77,406667
5895,0.001949,74.125.24.0-255,1484,306546,77,406667
5896,0.001956,74.125.24.0-255,2902,309448,77,406667
5897,0.001959,172.31.40.0-255,66,309514,77,406667
5898,0.001972,74.125.24.0-255,2902,312416,77,406667
5899,0.001975,172.31.40.0-255,66,312482,77,406667
5900,0.002001,74.125.24.0-255,2902,315384,77,406667
5901,0.002004,172.31.40.0-255,66,315450,77,406667
5902,0.002012,74.125.24.0-255,7156,322606,77,406667
5903,0.002014,172.31.40.0-255,66,322672,77,406667
5904,0.002047,74.125.24.0-255,5738,328410,77,406667
5905,0.00205,172.31.40.0-255,66,328476,77,406667
5906,0.002058,74.125.24.0-255,8574,337050,77,406667
5907,0.002061,172.31.40.0-255,66,337116,77,406667
5908,0.002089,74.125.24.0-255,2184,339300,77,406667
5909,0.002094,172.31.40.0-255,66,339366,77,406667
5910,0.00218,74.125.24.0-255,1484,340850,77,406667
5911,0.002185,74.125.24.0-255,2902,343752,77,406667
5912,0.002194,172.31.40.0-255,66,343818,77,406667
5913,0.0022,74.125.24.0-255,2902,346720,77,406667
5914,0.002202,172.31.40.0-255,66,346786,77,406667
5915,0.002235,74.125.24.0-255,2902,349688,77,406667
5916,0.002237,172.31.40.0-255,66,349754,77,406667
5917,0.002249,74.125.24.0-255,5738,355492,77,406667
5918,0.002251,172.31.40.0-255,66,355558,77,406667
5919,0.00226,74.125.24.0-255,9992,365550,77,406667
5920,0.002263,172.31.40.0-255,66,365616,77,406667
5921,0.002294,74.125.24.0-255,2902,368518,77,406667
5922,0.002297,172.31.40.0-255,66,368584,77,406667
5923,0.002303,74.125.24.0-255,5020,373604,77,406667
5924,0.002305,172.31.40.0-255,66,373670,77,406667
5925,0.002311,74.125.24.0-255,5738,379408,77,406667
5926,0.002313,172.31.40.0-255,66,379474,77,406667
5927,0.002352,74.125.24.0-255,9992,389466,77,406667
5928,0.002355,172.31.40.0-255,66,389532,77,406667
5929,0.002381,74.125.24.0-255,2902,392434,77,406667
5930,0.002384,172.31.40.0-255,66,392500,77,406667
5931,0.0024,172.31.40.0-255,66,392566,77,406667
5932,0.002409,74.125.24.0-255,9134,401700,77,406667
5933,0.002412,172.31.40.0-255,66,401766,77,406667
5934,0.002415,74.125.24.0-255,97,401863,77,406667
5935,0.004788,74.125.24.0-255,105,401968,77,406667
5936,0.011307,172.31.40.0-255,66,402034,77,406667
5937,0.011346,172.31.40.0-255,105,402139,77,406667
5938,0.012947,74.125.24.0-255,105,402244,77,406667
5939,0.012958,172.31.40.0-255,78,402322,77,406667
5940,0.013712,74.125.24.0-255,66,402388,77,406667
5941,0.032401,172.31.40.0-255,172,402560,77,406667
5942,0.032436,172.31.40.0-255,1118,403678,77,406667
5943,0.032497,172.31.40.0-255,1514,405192,77,406667
5944,0.032499,172.31.40.0-255,1277,406469,77,406667
5945,0.03408,104.244.42.0-255,66,406535,77,406667
5946,0.034118,104.244.42.0-255,66,406601,77,406667
5947,0.034201,104.244.42.0-255,66,406667,77,406667
5948,0.0,172.217.194.0-255,146,146,77,384455
5949,2.3e-05,172.31.40.0-255,66,212,77,384455
5950,3e-05,172.217.194.0-255,1484,1696,77,384455
5951,3.5e-05,172.31.40.0-255,66,1762,77,384455
5952,4e-05,172.217.194.0-255,2902,4664,77,384455
5953,5.1e-05,172.31.40.0-255,66,4730,77,384455
5954,0.000104,172.217.194.0-255,1484,6214,77,384455
5955,0.000107,172.31.40.0-255,66,6280,77,384455
5956,0.000131,172.217.194.0-255,2902,9182,77,384455
5957,0.000133,172.31.40.0-255,66,9248,77,384455
5958,0.000159,172.217.194.0-255,2902,12150,77,384455
5959,0.000161,172.31.40.0-255,66,12216,77,384455
5960,0.000266,172.217.194.0-255,2090,14306,77,384455
5961,0.00027,172.31.40.0-255,66,14372,77,384455
5962,0.000317,172.217.194.0-255,2902,17274,77,384455
5963,0.000321,172.31.40.0-255,66,17340,77,384455
5964,0.000348,172.217.194.0-255,8574,25914,77,384455
5965,0.00035,172.31.40.0-255,66,25980,77,384455
5966,0.000609,172.217.194.0-255,2902,28882,77,384455
5967,0.000615,172.31.40.0-255,66,28948,77,384455
5968,0.000626,172.217.194.0-255,2543,31491,77,384455
5969,0.000628,172.31.40.0-255,66,31557,77,384455
5970,0.000711,172.217.194.0-255,2902,34459,77,384455
5971,0.000714,172.31.40.0-255,66,34525,77,384455
5972,0.000743,172.217.194.0-255,2902,37427,77,384455
5973,0.000746,172.31.40.0-255,66,37493,77,384455
5974,0.000849,172.217.194.0-255,1484,38977,77,384455
5975,0.000853,172.31.40.0-255,66,39043,77,384455
5976,0.000888,172.217.194.0-255,9633,48676,77,384455
5977,0.000891,172.31.40.0-255,66,48742,77,384455
5978,0.001115,172.217.194.0-255,1484,50226,77,384455
5979,0.00112,172.31.40.0-255,66,50292,77,384455
5980,0.001148,172.217.194.0-255,1484,51776,77,384455
5981,0.001167,172.217.194.0-255,1484,53260,77,384455
5982,0.001235,172.217.194.0-255,1484,54744,77,384455
5983,0.001261,172.217.194.0-255,4320,59064,77,384455
5984,0.001368,172.217.194.0-255,7156,66220,77,384455
5985,0.001386,172.217.194.0-255,5677,71897,77,384455
5986,0.001688,172.217.194.0-255,4320,76217,77,384455
5987,0.001714,172.217.194.0-255,8574,84791,77,384455
5988,0.002301,172.217.194.0-255,1484,86275,77,384455
5989,0.002321,172.217.194.0-255,7156,93431,77,384455
5990,0.002342,172.217.194.0-255,7156,100587,77,384455
5991,0.002391,172.217.194.0-255,3197,103784,77,384455
5992,0.00314,172.217.194.0-255,2902,106686,77,384455
5993,0.003158,172.217.194.0-255,8574,115260,77,384455
5994,0.003173,172.217.194.0-255,8574,123834,77,384455
5995,0.003202,172.217.194.0-255,13528,137362,77,384455
5996,0.003929,172.217.194.0-255,1484,138846,77,384455
5997,0.003952,172.217.194.0-255,9992,148838,77,384455
5998,0.003977,172.217.194.0-255,11410,160248,77,384455
5999,0.004003,172.217.194.0-255,12828,173076,77,384455
6000,0.00402,172.217.194.0-255,5738,178814,77,384455
6001,0.006233,172.31.40.0-255,66,178880,77,384455
6002,0.008967,172.217.194.0-255,5738,184618,77,384455
6003,0.008975,172.31.40.0-255,66,184684,77,384455
6004,0.011687,172.217.194.0-255,5738,190422,77,384455
6005,0.011696,172.31.40.0-255,66,190488,77,384455
6006,0.014494,172.217.194.0-255,5738,196226,77,384455
6007,0.014505,172.31.40.0-255,66,196292,77,384455
6008,0.017283,172.217.194.0-255,5738,202030,77,384455
6009,0.017293,172.31.40.0-255,66,202096,77,384455
6010,0.020002,172.217.194.0-255,2902,204998,77,384455
6011,0.02001,172.31.40.0-255,66,205064,77,384455
6012,0.02004,172.217.194.0-255,2902,207966,77,384455
6013,0.020076,172.31.40.0-255,66,208032,77,384455
6014,0.022737,172.217.194.0-255,2902,210934,77,384455
6015,0.022743,172.31.40.0-255,66,211000,77,384455
6016,0.02277,172.217.194.0-255,2902,213902,77,384455
6017,0.022788,172.31.40.0-255,66,213968,77,384455
6018,0.025497,172.217.194.0-255,2902,216870,77,384455
6019,0.025505,172.31.40.0-255,66,216936,77,384455
6020,0.025567,172.217.194.0-255,2902,219838,77,384455
6021,0.0256,172.31.40.0-255,66,219904,77,384455
6022,0.028184,172.31.40.0-255,172,220076,77,384455
6023,0.028212,172.31.40.0-255,1116,221192,77,384455
6024,0.028262,172.31.40.0-255,1514,222706,77,384455
6025,0.028263,172.31.40.0-255,1279,223985,77,384455
6026,0.028288,172.217.194.0-255,2902,226887,77,384455
6027,0.028293,172.31.40.0-255,66,226953,77,384455
6028,0.028315,172.217.194.0-255,2902,229855,77,384455
6029,0.028338,172.31.40.0-255,66,229921,77,384455
6030,0.029837,104.244.42.0-255,66,229987,77,384455
6031,0.029902,104.244.42.0-255,66,230053,77,384455
6032,0.029934,104.244.42.0-255,66,230119,77,384455
6033,0.031009,172.217.194.0-255,2902,233021,77,384455
6034,0.031016,172.31.40.0-255,66,233087,77,384455
6035,0.031046,172.217.194.0-255,2902,235989,77,384455
6036,0.031066,172.31.40.0-255,66,236055,77,384455
6037,0.033749,172.217.194.0-255,2902,238957,77,384455
6038,0.033757,172.31.40.0-255,66,239023,77,384455
6039,0.033778,172.217.194.0-255,2902,241925,77,384455
6040,0.034089,172.31.40.0-255,66,241991,77,384455
6041,0.036493,172.217.194.0-255,2902,244893,77,384455
6042,0.036498,172.31.40.0-255,66,244959,77,384455
6043,0.036807,172.217.194.0-255,2902,247861,77,384455
6044,0.036812,172.31.40.0-255,66,247927,77,384455
6045,0.039269,172.217.194.0-255,2902,250829,77,384455
6046,0.039275,172.31.40.0-255,66,250895,77,384455
6047,0.039514,172.217.194.0-255,2902,253797,77,384455
6048,0.039519,172.31.40.0-255,66,253863,77,384455
6049,0.042002,172.217.194.0-255,2902,256765,77,384455
6050,0.042009,172.31.40.0-255,66,256831,77,384455
6051,0.042213,172.217.194.0-255,2902,259733,77,384455
6052,0.042218,172.31.40.0-255,66,259799,77,384455
6053,0.04472,172.217.194.0-255,2902,262701,77,384455
6054,0.044726,172.31.40.0-255,66,262767,77,384455
6055,0.044937,172.217.194.0-255,2902,265669,77,384455
6056,0.045201,172.31.40.0-255,66,265735,77,384455
6057,0.047437,172.217.194.0-255,2902,268637,77,384455
6058,0.047444,172.31.40.0-255,66,268703,77,384455
6059,0.047925,172.217.194.0-255,2902,271605,77,384455
6060,0.047931,172.31.40.0-255,66,271671,77,384455
6061,0.050157,172.217.194.0-255,2902,274573,77,384455
6062,0.050163,172.31.40.0-255,66,274639,77,384455
6063,0.050661,172.217.194.0-255,2902,277541,77,384455
6064,0.050667,172.31.40.0-255,66,277607,77,384455
6065,0.052877,172.217.194.0-255,2902,280509,77,384455
6066,0.052885,172.31.40.0-255,66,280575,77,384455
6067,0.053406,172.217.194.0-255,2902,283477,77,384455
6068,0.053413,172.31.40.0-255,66,283543,77,384455
6069,0.055658,172.217.194.0-255,2902,286445,77,384455
6070,0.055665,172.31.40.0-255,66,286511,77,384455
6071,0.056265,172.217.194.0-255,2902,289413,77,384455
6072,0.056271,172.31.40.0-255,66,289479,77,384455
6073,0.058456,172.217.194.0-255,2902,292381,77,384455
6074,0.058462,172.31.40.0-255,66,292447,77,384455
6075,0.05901,172.217.194.0-255,2902,295349,77,384455
6076,0.059016,172.31.40.0-255,66,295415,77,384455
6077,0.061206,172.217.194.0-255,2902,298317,77,384455
6078,0.061212,172.31.40.0-255,66,298383,77,384455
6079,0.061719,172.217.194.0-255,2902,301285,77,384455
6080,0.061726,172.31.40.0-255,66,301351,77,384455
6081,0.063921,172.217.194.0-255,2902,304253,77,384455
6082,0.063927,172.31.40.0-255,66,304319,77,384455
6083,0.064449,172.217.194.0-255,2902,307221,77,384455
6084,0.064455,172.31.40.0-255,66,307287,77,384455
6085,0.066688,172.217.194.0-255,2902,310189,77,384455
6086,0.066695,172.31.40.0-255,66,310255,77,384455
6087,0.067178,172.217.194.0-255,2902,313157,77,384455
6088,0.067184,172.31.40.0-255,66,313223,77,384455
6089,0.06943,172.217.194.0-255,2902,316125,77,384455
6090,0.069439,172.31.40.0-255,66,316191,77,384455
6091,0.069895,172.217.194.0-255,2902,319093,77,384455
6092,0.069902,172.31.40.0-255,66,319159,77,384455
6093,0.07217,172.217.194.0-255,2902,322061,77,384455
6094,0.072177,172.31.40.0-255,66,322127,77,384455
6095,0.072618,172.217.194.0-255,2902,325029,77,384455
6096,0.072623,172.31.40.0-255,66,325095,77,384455
6097,0.074909,172.217.194.0-255,2902,327997,77,384455
6098,0.074914,172.31.40.0-255,66,328063,77,384455
6099,0.075318,172.217.194.0-255,2902,330965,77,384455
6100,0.075323,172.31.40.0-255,66,331031,77,384455
6101,0.077639,172.217.194.0-255,2902,333933,77,384455
6102,0.077646,172.31.40.0-255,66,333999,77,384455
6103,0.078069,172.217.194.0-255,2902,336901,77,384455
6104,0.078075,172.31.40.0-255,66,336967,77,384455
6105,0.080365,172.217.194.0-255,2902,339869,77,384455
6106,0.080371,172.31.40.0-255,66,339935,77,384455
6107,0.080796,172.217.194.0-255,2902,342837,77,384455
6108,0.080802,172.31.40.0-255,66,342903,77,384455
6109,0.083113,172.217.194.0-255,2902,345805,77,384455
6110,0.083122,172.31.40.0-255,66,345871,77,384455
6111,0.08352,172.217.194.0-255,2902,348773,77,384455
6112,0.083525,172.31.40.0-255,66,348839,77,384455
6113,0.08586,172.217.194.0-255,2902,351741,77,384455
6114,0.085869,172.31.40.0-255,66,351807,77,384455
6115,0.086241,172.217.194.0-255,2902,354709,77,384455
6116,0.086247,172.31.40.0-255,66,354775,77,384455
6117,0.088599,172.217.194.0-255,2902,357677,77,384455
6118,0.088603,172.31.40.0-255,66,357743,77,384455
6119,0.088995,172.217.194.0-255,2902,360645,77,384455
6120,0.089001,172.31.40.0-255,66,360711,77,384455
6121,0.091337,172.217.194.0-255,2902,363613,77,384455
6122,0.091344,172.31.40.0-255,66,363679,77,384455
6123,0.091704,172.217.194.0-255,2902,366581,77,384455
6124,0.09171,172.31.40.0-255,66,366647,77,384455
6125,0.094038,172.217.194.0-255,2902,369549,77,384455
6126,0.094043,172.31.40.0-255,66,369615,77,384455
6127,0.094436,172.217.194.0-255,2902,372517,77,384455
6128,0.094442,172.31.40.0-255,66,372583,77,384455
6129,0.096749,172.217.194.0-255,2902,375485,77,384455
6130,0.096756,172.31.40.0-255,66,375551,77,384455
6131,0.097144,172.217.194.0-255,2902,378453,77,384455
6132,0.09715,172.31.40.0-255,66,378519,77,384455
6133,0.09949,172.217.194.0-255,2902,381421,77,384455
6134,0.099496,172.31.40.0-255,66,381487,77,384455
6135,0.099877,172.217.194.0-255,2902,384389,77,384455
6136,0.099883,172.31.40.0-255,66,384455,77,384455
6137,0.0,172.217.194.0-255,297,297,77,362599
6138,1.6e-05,172.31.40.0-255,66,363,77,362599
6139,2.2e-05,172.217.194.0-255,1484,1847,77,362599
6140,2.7e-05,172.31.40.0-255,66,1913,77,362599
6141,3.2e-05,172.217.194.0-255,2902,4815,77,362599
6142,3.5e-05,172.31.40.0-255,66,4881,77,362599
6143,4.1e-05,172.217.194.0-255,4320,9201,77,362599
6144,4.4e-05,172.31.40.0-255,66,9267,77,362599
6145,5.1e-05,172.217.194.0-255,5738,15005,77,362599
6146,5.4e-05,172.31.40.0-255,66,15071,77,362599
6147,7.8e-05,172.217.194.0-255,3283,18354,77,362599
6148,8e-05,172.31.40.0-255,66,18420,77,362599
6149,9.2e-05,172.217.194.0-255,12469,30889,77,362599
6150,9.4e-05,172.31.40.0-255,66,30955,77,362599
6151,0.000119,172.217.194.0-255,2902,33857,77,362599
6152,0.000121,172.31.40.0-255,66,33923,77,362599
6153,0.000127,172.217.194.0-255,4320,38243,77,362599
6154,0.000129,172.31.40.0-255,66,38309,77,362599
6155,0.000169,172.217.194.0-255,8574,46883,77,362599
6156,0.000172,172.31.40.0-255,66,46949,77,362599
6157,0.000201,172.217.194.0-255,12828,59777,77,362599
6158,0.000203,172.31.40.0-255,66,59843,77,362599
6159,0.000227,172.217.194.0-255,5020,64863,77,362599
6160,0.00023,172.31.40.0-255,66,64929,77,362599
6161,0.000233,172.217.194.0-255,677,65606,77,362599
6162,0.000235,172.31.40.0-255,66,65672,77,362599
6163,0.000278,172.217.194.0-255,1484,67156,77,362599
6164,0.000281,172.31.40.0-255,66,67222,77,362599
6165,0.000284,172.217.194.0-255,1484,68706,77,362599
6166,0.000285,172.31.40.0-255,66,68772,77,362599
6167,0.000302,172.217.194.0-255,1484,70256,77,362599
6168,0.000305,172.31.40.0-255,66,70322,77,362599
6169,0.000312,172.217.194.0-255,5738,76060,77,362599
6170,0.000314,172.31.40.0-255,66,76126,77,362599
6171,0.000349,172.217.194.0-255,12828,88954,77,362599
6172,0.000352,172.31.40.0-255,66,89020,77,362599
6173,0.000355,172.217.194.0-255,1484,90504,77,362599
6174,0.00041,172.217.194.0-255,8574,99078,77,362599
6175,0.000413,172.31.40.0-255,66,99144,77,362599
6176,0.000431,172.217.194.0-255,766,99910,77,362599
6177,0.00059,172.217.194.0-255,1484,101394,77,362599
6178,0.000595,172.31.40.0-255,66,101460,77,362599
6179,0.000601,172.217.194.0-255,2902,104362,77,362599
6180,0.000604,172.31.40.0-255,66,104428,77,362599
6181,0.000609,172.217.194.0-255,2902,107330,77,362599
6182,0.000611,172.31.40.0-255,66,107396,77,362599
6183,0.000632,172.217.194.0-255,2902,110298,77,362599
6184,0.000634,172.31.40.0-255,66,110364,77,362599
6185,0.000641,172.217.194.0-255,5738,116102,77,362599
6186,0.000643,172.31.40.0-255,66,116168,77,362599
6187,0.00065,172.217.194.0-255,5738,121906,77,362599
6188,0.000652,172.31.40.0-255,66,121972,77,362599
6189,0.000681,172.217.194.0-255,7156,129128,77,362599
6190,0.000684,172.31.40.0-255,66,129194,77,362599
6191,0.00069,172.217.194.0-255,5020,134214,77,362599
6192,0.000692,172.31.40.0-255,66,134280,77,362599
6193,0.000785,172.217.194.0-255,1484,135764,77,362599
6194,0.000791,172.217.194.0-255,2902,138666,77,362599
6195,0.000795,172.31.40.0-255,66,138732,77,362599
6196,0.0008,172.217.194.0-255,2902,141634,77,362599
6197,0.000802,172.31.40.0-255,66,141700,77,362599
6198,0.000817,172.217.194.0-255,2902,144602,77,362599
6199,0.000823,172.217.194.0-255,4320,148922,77,362599
6200,0.000827,172.31.40.0-255,66,148988,77,362599
6201,0.000833,172.31.40.0-255,66,149054,77,362599
6202,0.000842,172.217.194.0-255,8574,157628,77,362599
6203,0.000845,172.31.40.0-255,66,157694,77,362599
6204,0.000854,172.217.194.0-255,9992,167686,77,362599
6205,0.000856,172.31.40.0-255,66,167752,77,362599
6206,0.000878,172.217.194.0-255,766,168518,77,362599
6207,0.001237,172.217.194.0-255,1484,170002,77,362599
6208,0.001241,172.31.40.0-255,66,170068,77,362599
6209,0.001246,172.217.194.0-255,2902,172970,77,362599
6210,0.001248,172.31.40.0-255,66,173036,77,362599
6211,0.001253,172.217.194.0-255,4320,177356,77,362599
6212,0.001255,172.31.40.0-255,66,177422,77,362599
6213,0.001273,172.217.194.0-255,1484,178906,77,362599
6214,0.001294,172.217.194.0-255,7156,186062,77,362599
6215,0.001297,172.31.40.0-255,66,186128,77,362599
6216,0.001313,172.217.194.0-255,5738,191866,77,362599
6217,0.001315,172.31.40.0-255,66,191932,77,362599
6218,0.001322,172.217.194.0-255,9992,201924,77,362599
6219,0.001324,172.31.40.0-255,66,201990,77,362599
6220,0.001326,172.217.194.0-255,766,202756,77,362599
6221,0.001531,172.217.194.0-255,1484,204240,77,362599
6222,0.001534,172.31.40.0-255,66,204306,77,362599
6223,0.001539,172.217.194.0-255,2902,207208,77,362599
6224,0.001541,172.31.40.0-255,66,207274,77,362599
6225,0.001546,172.217.194.0-255,5738,213012,77,362599
6226,0.001548,172.31.40.0-255,66,213078,77,362599
6227,0.001552,172.217.194.0-255,2902,215980,77,362599
6228,0.001554,172.31.40.0-255,66,216046,77,362599
6229,0.00158,172.217.194.0-255,2902,218948,77,362599
6230,0.001583,172.31.40.0-255,66,219014,77,362599
6231,0.001589,172.217.194.0-255,7156,226170,77,362599
6232,0.001591,172.31.40.0-255,66,226236,77,362599
6233,0.001646,172.217.194.0-255,10692,236928,77,362599
6234,0.001649,172.31.40.0-255,66,236994,77,362599
6235,0.001658,172.217.194.0-255,11410,248404,77,362599
6236,0.00166,172.31.40.0-255,66,248470,77,362599
6237,0.001662,172.217.194.0-255,1484,249954,77,362599
6238,0.001693,172.217.194.0-255,12828,262782,77,362599
6239,0.001696,172.31.40.0-255,66,262848,77,362599
6240,0.001726,172.217.194.0-255,7856,270704,77,362599
6241,0.001729,172.31.40.0-255,66,270770,77,362599
6242,0.001733,172.217.194.0-255,4320,275090,77,362599
6243,0.001735,172.31.40.0-255,66,275156,77,362599
6244,0.001756,172.217.194.0-255,4320,279476,77,362599
6245,0.001759,172.31.40.0-255,66,279542,77,362599
6246,0.001764,172.217.194.0-255,4320,283862,77,362599
6247,0.001766,172.31.40.0-255,66,283928,77,362599
6248,0.001795,172.217.194.0-255,4320,288248,77,362599
6249,0.001797,172.31.40.0-255,66,288314,77,362599
6250,0.001807,172.217.194.0-255,9992,298306,77,362599
6251,0.001809,172.31.40.0-255,66,298372,77,362599
6252,0.001842,172.217.194.0-255,10692,309064,77,362599
6253,0.001846,172.31.40.0-255,66,309130,77,362599
6254,0.001857,172.217.194.0-255,11410,320540,77,362599
6255,0.00186,172.31.40.0-255,66,320606,77,362599
6256,0.001868,172.217.194.0-255,8574,329180,77,362599
6257,0.001871,172.31.40.0-255,66,329246,77,362599
6258,0.00191,172.217.194.0-255,12110,341356,77,362599
6259,0.001913,172.31.40.0-255,66,341422,77,362599
6260,0.001933,172.31.40.0-255,66,341488,77,362599
6261,0.001944,172.217.194.0-255,12110,353598,77,362599
6262,0.001947,172.31.40.0-255,66,353664,77,362599
6263,0.001975,172.217.194.0-255,1484,355148,77,362599
6264,0.002013,172.31.40.0-255,66,355214,77,362599
6265,0.002041,172.217.194.0-255,2764,357978,77,362599
6266,0.002044,172.217.194.0-255,105,358083,77,362599
6267,0.002097,172.31.40.0-255,66,358149,77,362599
6268,0.00412,172.31.40.0-255,105,358254,77,362599
6269,0.00644,172.217.194.0-255,66,358320,77,362599
6270,0.032087,172.31.40.0-255,172,358492,77,362599
6271,0.032121,172.31.40.0-255,1118,359610,77,362599
6272,0.032179,172.31.40.0-255,1514,361124,77,362599
6273,0.032181,172.31.40.0-255,1277,362401,77,362599
6274,0.033748,104.244.42.0-255,66,362467,77,362599
6275,0.033832,104.244.42.0-255,66,362533,77,362599
6276,0.03386,104.244.42.0-255,66,362599,77,362599
6277,0.0,172.31.40.0-255,105,105,77,459
6278,0.000206,172.31.40.0-255,90,195,77,459
6279,0.000215,172.31.40.0-255,66,261,77,459
6280,0.002208,74.125.68.0-255,66,327,77,459
6281,0.002233,74.125.68.0-255,66,393,77,459
6282,0.002253,172.31.40.0-255,66,459,77,459
6283,0.0,172.31.40.0-255,105,105,77,276
6284,0.002164,157.240.7.0-255,105,210,77,276
6285,0.002177,172.31.40.0-255,66,276,77,276
6286,0.0,74.125.24.0-255,153,153,77,367716
6287,1.5e-05,172.31.40.0-255,66,219,77,367716
6288,2.2e-05,74.125.24.0-255,1484,1703,77,367716
6289,2.6e-05,172.31.40.0-255,66,1769,77,367716
6290,3.1e-05,74.125.24.0-255,2902,4671,77,367716
6291,3.4e-05,172.31.40.0-255,66,4737,77,367716
6292,3.9e-05,74.125.24.0-255,2902,7639,77,367716
6293,4.2e-05,172.31.40.0-255,66,7705,77,367716
6294,6.3e-05,74.125.24.0-255,4320,12025,77,367716
6295,6.6e-05,172.31.40.0-255,66,12091,77,367716
6296,7.1e-05,74.125.24.0-255,2902,14993,77,367716
6297,7.4e-05,172.31.40.0-255,66,15059,77,367716
6298,0.000106,74.125.24.0-255,3512,18571,77,367716
6299,0.000109,172.31.40.0-255,66,18637,77,367716
6300,0.000117,74.125.24.0-255,7156,25793,77,367716
6301,0.000119,172.31.40.0-255,66,25859,77,367716
6302,0.000125,74.125.24.0-255,5379,31238,77,367716
6303,0.000127,172.31.40.0-255,66,31304,77,367716
6304,0.000358,74.125.24.0-255,1484,32788,77,367716
6305,0.000364,172.31.40.0-255,66,32854,77,367716
6306,0.00037,74.125.24.0-255,2902,35756,77,367716
6307,0.000373,172.31.40.0-255,66,35822,77,367716
6308,0.000376,74.125.24.0-255,1484,37306,77,367716
6309,0.000378,172.31.40.0-255,66,37372,77,367716
6310,0.000399,74.125.24.0-255,4320,41692,77,367716
6311,0.000402,172.31.40.0-255,66,41758,77,367716
6312,0.000426,74.125.24.0-255,6797,48555,77,367716
6313,0.000429,172.31.40.0-255,66,48621,77,367716
6314,0.000839,74.125.24.0-255,1484,50105,77,367716
6315,0.000843,172.31.40.0-255,66,50171,77,367716
6316,0.000851,74.125.24.0-255,2902,53073,77,367716
6317,0.000853,172.31.40.0-255,66,53139,77,367716
6318,0.00086,74.125.24.0-255,5738,58877,77,367716
6319,0.000862,172.31.40.0-255,66,58943,77,367716
6320,0.000891,74.125.24.0-255,7378,66321,77,367716
6321,0.000894,172.31.40.0-255,66,66387,77,367716
6322,0.001765,74.125.24.0-255,1484,67871,77,367716
6323,0.001774,74.125.24.0-255,2902,70773,77,367716
6324,0.001778,172.31.40.0-255,66,70839,77,367716
6325,0.001786,74.125.24.0-255,5738,76577,77,367716
6326,0.001789,172.31.40.0-255,66,76643,77,367716
6327,0.001792,74.125.24.0-255,1484,78127,77,367716
6328,0.001816,74.125.24.0-255,4320,82447,77,367716
6329,0.001818,172.31.40.0-255,66,82513,77,367716
6330,0.00183,74.125.24.0-255,1484,83997,77,367716
6331,0.001865,74.125.24.0-255,11410,95407,77,367716
6332,0.001867,172.31.40.0-255,66,95473,77,367716
6333,0.001872,74.125.24.0-255,4320,99793,77,367716
6334,0.001874,172.31.40.0-255,66,99859,77,367716
6335,0.001889,74.125.24.0-255,766,100625,77,367716
6336,0.004005,74.125.24.0-255,4320,104945,77,367716
6337,0.00401,172.31.40.0-255,66,105011,77,367716
6338,0.00616,74.125.24.0-255,5738,110749,77,367716
6339,0.006164,172.31.40.0-255,66,110815,77,367716
6340,0.008358,74.125.24.0-255,5738,116553,77,367716
6341,0.008365,172.31.40.0-255,66,116619,77,367716
6342,0.010519,74.125.24.0-255,5738,122357,77,367716
6343,0.010526,172.31.40.0-255,66,122423,77,367716
6344,0.012684,74.125.24.0-255,5738,128161,77,367716
6345,0.012692,172.31.40.0-255,66,128227,77,367716
6346,0.014808,74.125.24.0-255,5738,133965,77,367716
6347,0.014817,172.31.40.0-255,66,134031,77,367716
6348,0.017124,74.125.24.0-255,5738,139769,77,367716
6349,0.01713,172.31.40.0-255,66,139835,77,367716
6350,0.019241,74.125.24.0-255,5738,145573,77,367716
6351,0.019249,172.31.40.0-255,66,145639,77,367716
6352,0.021373,74.125.24.0-255,5738,151377,77,367716
6353,0.02138,172.31.40.0-255,66,151443,77,367716
6354,0.023491,74.125.24.0-255,5738,157181,77,367716
6355,0.023498,172.31.40.0-255,66,157247,77,367716
6356,0.025652,74.125.24.0-255,5738,162985,77,367716
6357,0.025659,172.31.40.0-255,66,163051,77,367716
6358,0.025964,172.31.40.0-255,172,163223,77,367716
6359,0.02599,172.31.40.0-255,1120,164343,77,367716
6360,0.026046,172.31.40.0-255,1514,165857,77,367716
6361,0.026048,172.31.40.0-255,1514,167371,77,367716
6362,0.026049,172.31.40.0-255,1514,168885,77,367716
6363,0.02605,172.31.40.0-255,1057,169942,77,367716
6364,0.027595,104.244.42.0-255,66,170008,77,367716
6365,0.027646,104.244.42.0-255,66,170074,77,367716
6366,0.02774,104.244.42.0-255,66,170140,77,367716
6367,0.027757,104.244.42.0-255,66,170206,77,367716
6368,0.027804,74.125.24.0-255,5738,175944,77,367716
6369,0.027809,172.31.40.0-255,66,176010,77,367716
6370,0.029021,104.244.42.0-255,108,176118,77,367716
6371,0.02903,172.31.40.0-255,66,176184,77,367716
6372,0.029949,74.125.24.0-255,5738,181922,77,367716
6373,0.029953,172.31.40.0-255,66,181988,77,367716
6374,0.032161,74.125.24.0-255,5738,187726,77,367716
6375,0.032167,172.31.40.0-255,66,187792,77,367716
6376,0.03432,74.125.24.0-255,5738,193530,77,367716
6377,0.034325,172.31.40.0-255,66,193596,77,367716
6378,0.036454,74.125.24.0-255,5738,199334,77,367716
6379,0.03646,172.31.40.0-255,66,199400,77,367716
6380,0.038565,74.125.24.0-255,5738,205138,77,367716
6381,0.038572,172.31.40.0-255,66,205204,77,367716
6382,0.040704,74.125.24.0-255,5738,210942,77,367716
6383,0.040711,172.31.40.0-255,66,211008,77,367716
6384,0.04284,74.125.24.0-255,5738,216746,77,367716
6385,0.042846,172.31.40.0-255,66,216812,77,367716
6386,0.045038,74.125.24.0-255,5738,222550,77,367716
6387,0.045045,172.31.40.0-255,66,222616,77,367716
6388,0.047245,74.125.24.0-255,5738,228354,77,367716
6389,0.047251,172.31.40.0-255,66,228420,77,367716
6390,0.049559,74.125.24.0-255,5738,234158,77,367716
6391,0.049565,172.31.40.0-255,66,234224,77,367716
6392,0.051786,74.125.24.0-255,5738,239962,77,367716
6393,0.051792,172.31.40.0-255,66,240028,77,367716
6394,0.053904,74.125.24.0-255,5738,245766,77,367716
6395,0.053913,172.31.40.0-255,66,245832,77,367716
6396,0.056032,74.125.24.0-255,5738,251570,77,367716
6397,0.05604,172.31.40.0-255,66,251636,77,367716
6398,0.058214,74.125.24.0-255,5738,257374,77,367716
6399,0.058221,172.31.40.0-255,66,257440,77,367716
6400,0.06036,74.125.24.0-255,5738,263178,77,367716
6401,0.060367,172.31.40.0-255,66,263244,77,367716
6402,0.062516,74.125.24.0-255,5738,268982,77,367716
6403,0.062523,172.31.40.0-255,66,269048,77,367716
6404,0.064684,74.125.24.0-255,5738,274786,77,367716
6405,0.06469,172.31.40.0-255,66,274852,77,367716
6406,0.066777,74.125.24.0-255,5738,280590,77,367716
6407,0.066782,172.31.40.0-255,66,280656,77,367716
6408,0.068917,74.125.24.0-255,5738,286394,77,367716
6409,0.068925,172.31.40.0-255,66,286460,77,367716
6410,0.071111,74.125.24.0-255,5738,292198,77,367716
6411,0.071117,172.31.40.0-255,66,292264,77,367716
6412,0.073275,74.125.24.0-255,5738,298002,77,367716
6413,0.073281,172.31.40.0-255,66,298068,77,367716
6414,0.075427,74.125.24.0-255,5738,303806,77,367716
6415,0.075433,172.31.40.0-255,66,303872,77,367716
6416,0.077576,74.125.24.0-255,5738,309610,77,367716
6417,0.077581,172.31.40.0-255,66,309676,77,367716
6418,0.079737,74.125.24.0-255,5738,315414,77,367716
6419,0.079744,172.31.40.0-255,66,315480,77,367716
6420,0.081943,74.125.24.0-255,5738,321218,77,367716
6421,0.081949,172.31.40.0-255,66,321284,77,367716
6422,0.084102,74.125.24.0-255,5738,327022,77,367716
6423,0.084109,172.31.40.0-255,66,327088,77,367716
6424,0.086205,74.125.24.0-255,5738,332826,77,367716
6425,0.086211,172.31.40.0-255,66,332892,77,367716
6426,0.088348,74.125.24.0-255,5738,338630,77,367716
6427,0.088354,172.31.40.0-255,66,338696,77,367716
6428,0.090473,74.125.24.0-255,5738,344434,77,367716
6429,0.090478,172.31.40.0-255,66,344500,77,367716
6430,0.092609,74.125.24.0-255,5738,350238,77,367716
6431,0.092616,172.31.40.0-255,66,350304,77,367716
6432,0.094765,74.125.24.0-255,5738,356042,77,367716
6433,0.09477,172.31.40.0-255,66,356108,77,367716
6434,0.096899,74.125.24.0-255,5738,361846,77,367716
6435,0.096904,172.31.40.0-255,66,361912,77,367716
6436,0.09909,74.125.24.0-255,5738,367650,77,367716
6437,0.099096,172.31.40.0-255,66,367716,77,367716
6438,0.0,74.125.68.0-255,66,66,77,66
6439,0.0,74.125.24.0-255,297,297,77,334717
6440,2.1e-05,172.31.40.0-255,66,363,77,334717
6441,2.8e-05,74.125.24.0-255,1484,1847,77,334717
6442,3.3e-05,172.31.40.0-255,66,1913,77,334717
6443,4e-05,74.125.24.0-255,4320,6233,77,334717
6444,5.1e-05,172.31.40.0-255,66,6299,77,334717
6445,5.8e-05,74.125.24.0-255,7156,13455,77,334717
6446,6.2e-05,172.31.40.0-255,66,13521,77,334717
6447,9.4e-05,74.125.24.0-255,4320,17841,77,334717
6448,9.7e-05,172.31.40.0-255,66,17907,77,334717
6449,0.000125,74.125.24.0-255,4731,22638,77,334717
6450,0.000129,172.31.40.0-255,66,22704,77,334717
6451,0.000132,74.125.24.0-255,1484,24188,77,334717
6452,0.000134,172.31.40.0-255,66,24254,77,334717
6453,0.000166,74.125.24.0-255,6797,31051,77,334717
6454,0.000169,172.31.40.0-255,66,31117,77,334717
6455,0.000275,74.125.24.0-255,1484,32601,77,334717
6456,0.000278,172.31.40.0-255,66,32667,77,334717
6457,0.000309,74.125.24.0-255,2902,35569,77,334717
6458,0.000313,172.31.40.0-255,66,35635,77,334717
6459,0.000319,74.125.24.0-255,5738,41373,77,334717
6460,0.000321,172.31.40.0-255,66,41439,77,334717
6461,0.000348,74.125.24.0-255,2902,44341,77,334717
6462,0.00035,172.31.40.0-255,66,44407,77,334717
6463,0.000379,74.125.24.0-255,3961,48368,77,334717
6464,0.000382,172.31.40.0-255,66,48434,77,334717
6465,0.00039,74.125.24.0-255,7156,55590,77,334717
6466,0.000392,172.31.40.0-255,66,55656,77,334717
6467,0.000397,74.125.24.0-255,4320,59976,77,334717
6468,0.0004,172.31.40.0-255,66,60042,77,334717
6469,0.000431,74.125.24.0-255,5650,65692,77,334717
6470,0.000434,172.31.40.0-255,66,65758,77,334717
6471,0.000437,74.125.24.0-255,133,65891,77,334717
6472,0.000551,74.125.24.0-255,1484,67375,77,334717
6473,0.000555,172.31.40.0-255,66,67441,77,334717
6474,0.000561,74.125.24.0-255,2902,70343,77,334717
6475,0.000563,172.31.40.0-255,66,70409,77,334717
6476,0.000573,74.125.24.0-255,4320,74729,77,334717
6477,0.000576,172.31.40.0-255,66,74795,77,334717
6478,0.000598,74.125.24.0-255,1484,76279,77,334717
6479,0.000605,74.125.24.0-255,5738,82017,77,334717
6480,0.000608,172.31.40.0-255,66,82083,77,334717
6481,0.000638,74.125.24.0-255,3961,86044,77,334717
6482,0.000641,172.31.40.0-255,66,86110,77,334717
6483,0.000652,74.125.24.0-255,9992,96102,77,334717
6484,0.000655,172.31.40.0-255,66,96168,77,334717
6485,0.00066,74.125.24.0-255,4220,100388,77,334717
6486,0.000662,172.31.40.0-255,66,100454,77,334717
6487,0.002442,74.125.24.0-255,1484,101938,77,334717
6488,0.002452,74.125.24.0-255,1484,103422,77,334717
6489,0.002457,172.31.40.0-255,66,103488,77,334717
6490,0.002484,74.125.24.0-255,1484,104972,77,334717
6491,0.002487,74.125.24.0-255,1484,106456,77,334717
6492,0.002489,172.31.40.0-255,66,106522,77,334717
6493,0.004876,74.125.24.0-255,2902,109424,77,334717
6494,0.004882,172.31.40.0-255,66,109490,77,334717
6495,0.00491,74.125.24.0-255,2902,112392,77,334717
6496,0.004913,172.31.40.0-255,66,112458,77,334717
6497,0.007319,74.125.24.0-255,5738,118196,77,334717
6498,0.007327,172.31.40.0-255,66,118262,77,334717
6499,0.009778,74.125.24.0-255,4320,122582,77,334717
6500,0.009785,172.31.40.0-255,66,122648,77,334717
6501,0.009812,74.125.24.0-255,1484,124132,77,334717
6502,0.012197,74.125.24.0-255,4320,128452,77,334717
6503,0.012205,172.31.40.0-255,66,128518,77,334717
6504,0.014624,74.125.24.0-255,5738,134256,77,334717
6505,0.014633,172.31.40.0-255,66,134322,77,334717
6506,0.017095,74.125.24.0-255,5738,140060,77,334717
6507,0.017105,172.31.40.0-255,66,140126,77,334717
6508,0.019536,74.125.24.0-255,5738,145864,77,334717
6509,0.019544,172.31.40.0-255,66,145930,77,334717
6510,0.021935,74.125.24.0-255,5738,151668,77,334717
6511,0.021943,172.31.40.0-255,66,151734,77,334717
6512,0.024402,74.125.24.0-255,5738,157472,77,334717
6513,0.024411,172.31.40.0-255,66,157538,77,334717
6514,0.026922,74.125.24.0-255,5738,163276,77,334717
6515,0.026931,172.31.40.0-255,66,163342,77,334717
6516,0.029389,74.125.24.0-255,5738,169080,77,334717
6517,0.029395,172.31.40.0-255,66,169146,77,334717
6518,0.029561,172.31.40.0-255,172,169318,77,334717
6519,0.029584,172.31.40.0-255,1120,170438,77,334717
6520,0.029705,172.31.40.0-255,1514,171952,77,334717
6521,0.029706,172.31.40.0-255,1275,173227,77,334717
6522,0.031205,104.244.42.0-255,66,173293,77,334717
6523,0.031233,104.244.42.0-255,66,173359,77,334717
6524,0.031386,104.244.42.0-255,66,173425,77,334717
6525,0.031809,74.125.24.0-255,2902,176327,77,334717
6526,0.031815,172.31.40.0-255,66,176393,77,334717
6527,0.031845,74.125.24.0-255,2902,179295,77,334717
6528,0.031848,172.31.40.0-255,66,179361,77,334717
6529,0.034255,74.125.24.0-255,5738,185099,77,334717
6530,0.034261,172.31.40.0-255,66,185165,77,334717
6531,0.03671,74.125.24.0-255,5738,190903,77,334717
6532,0.036717,172.31.40.0-255,66,190969,77,334717
6533,0.039153,74.125.24.0-255,5738,196707,77,334717
6534,0.03916,172.31.40.0-255,66,196773,77,334717
6535,0.041569,74.125.24.0-255,5738,202511,77,334717
6536,0.041576,172.31.40.0-255,66,202577,77,334717
6537,0.044051,74.125.24.0-255,5738,208315,77,334717
6538,0.044059,172.31.40.0-255,66,208381,77,334717
6539,0.046498,74.125.24.0-255,5738,214119,77,334717
6540,0.046505,172.31.40.0-255,66,214185,77,334717
6541,0.048923,74.125.24.0-255,5738,219923,77,334717
6542,0.048932,172.31.40.0-255,66,219989,77,334717
6543,0.051352,74.125.24.0-255,5738,225727,77,334717
6544,0.051358,172.31.40.0-255,66,225793,77,334717
6545,0.053813,74.125.24.0-255,5738,231531,77,334717
6546,0.053819,172.31.40.0-255,66,231597,77,334717
6547,0.056244,74.125.24.0-255,5738,237335,77,334717
6548,0.056251,172.31.40.0-255,66,237401,77,334717
6549,0.058677,74.125.24.0-255,5738,243139,77,334717
6550,0.058684,172.31.40.0-255,66,243205,77,334717
6551,0.061144,74.125.24.0-255,5738,248943,77,334717
6552,0.061151,172.31.40.0-255,66,249009,77,334717
6553,0.063564,74.125.24.0-255,5738,254747,77,334717
6554,0.06357,172.31.40.0-255,66,254813,77,334717
6555,0.066043,74.125.24.0-255,5738,260551,77,334717
6556,0.066049,172.31.40.0-255,66,260617,77,334717
6557,0.068472,74.125.24.0-255,5738,266355,77,334717
6558,0.068476,172.31.40.0-255,66,266421,77,334717
6559,0.070955,74.125.24.0-255,5738,272159,77,334717
6560,0.070961,172.31.40.0-255,66,272225,77,334717
6561,0.07342,74.125.24.0-255,5738,277963,77,334717
6562,0.073426,172.31.40.0-255,66,278029,77,334717
6563,0.075881,74.125.24.0-255,5738,283767,77,334717
6564,0.075888,172.31.40.0-255,66,283833,77,334717
6565,0.078312,74.125.24.0-255,5738,289571,77,334717
6566,0.078321,172.31.40.0-255,66,289637,77,334717
6567,0.080754,74.125.24.0-255,5738,295375,77,334717
6568,0.080761,172.31.40.0-255,66,295441,77,334717
6569,0.083171,74.125.24.0-255,5738,301179,77,334717
6570,0.083178,172.31.40.0-255,66,301245,77,334717
6571,0.085619,74.125.24.0-255,5738,306983,77,334717
6572,0.085625,172.31.40.0-255,66,307049,77,334717
6573,0.088056,74.125.24.0-255,5738,312787,77,334717
6574,0.088062,172.31.40.0-255,66,312853,77,334717
6575,0.090478,74.125.24.0-255,5738,318591,77,334717
6576,0.090484,172.31.40.0-255,66,318657,77,334717
6577,0.092925,74.125.24.0-255,4320,322977,77,334717
6578,0.092933,172.31.40.0-255,66,323043,77,334717
6579,0.092963,74.125.24.0-255,1484,324527,77,334717
6580,0.095358,74.125.24.0-255,4320,328847,77,334717
6581,0.095365,172.31.40.0-255,66,328913,77,334717
6582,0.09782,74.125.24.0-255,5738,334651,77,334717
6583,0.097827,172.31.40.0-255,66,334717,77,334717
6584,0.0,74.125.24.0-255,150,150,77,338911
6585,2.3e-05,172.31.40.0-255,66,216,77,338911
6586,3e-05,74.125.24.0-255,1484,1700,77,338911
6587,3.5e-05,172.31.40.0-255,66,1766,77,338911
6588,4e-05,74.125.24.0-255,2902,4668,77,338911
6589,4.4e-05,172.31.40.0-255,66,4734,77,338911
6590,7e-05,74.125.24.0-255,4320,9054,77,338911
6591,7.3e-05,172.31.40.0-255,66,9120,77,338911
6592,9.1e-05,74.125.24.0-255,2902,12022,77,338911
6593,9.4e-05,172.31.40.0-255,66,12088,77,338911
6594,9.7e-05,74.125.24.0-255,1484,13572,77,338911
6595,9.9e-05,172.31.40.0-255,66,13638,77,338911
6596,0.000132,74.125.24.0-255,11991,25629,77,338911
6597,0.000135,172.31.40.0-255,66,25695,77,338911
6598,0.000155,74.125.24.0-255,5379,31074,77,338911
6599,0.000158,172.31.40.0-255,66,31140,77,338911
6600,0.000412,74.125.24.0-255,1484,32624,77,338911
6601,0.000419,172.31.40.0-255,66,32690,77,338911
6602,0.000425,74.125.24.0-255,2902,35592,77,338911
6603,0.000428,172.31.40.0-255,66,35658,77,338911
6604,0.000431,74.125.24.0-255,1484,37142,77,338911
6605,0.000433,172.31.40.0-255,66,37208,77,338911
6606,0.00045,74.125.24.0-255,4320,41528,77,338911
6607,0.000453,172.31.40.0-255,66,41594,77,338911
6608,0.00046,74.125.24.0-255,6797,48391,77,338911
6609,0.000462,172.31.40.0-255,66,48457,77,338911
6610,0.000467,74.125.24.0-255,2902,51359,77,338911
6611,0.00047,172.31.40.0-255,66,51425,77,338911
6612,0.00049,74.125.24.0-255,4320,55745,77,338911
6613,0.000493,172.31.40.0-255,66,55811,77,338911
6614,0.000504,74.125.24.0-255,1484,57295,77,338911
6615,0.000506,172.31.40.0-255,66,57361,77,338911
6616,0.000525,74.125.24.0-255,7156,64517,77,338911
6617,0.000528,172.31.40.0-255,66,64583,77,338911
6618,0.000545,74.125.24.0-255,1125,65708,77,338911
6619,0.001146,172.31.40.0-255,66,65774,77,338911
6620,0.001166,74.125.24.0-255,646,66420,77,338911
6621,0.001187,172.31.40.0-255,66,66486,77,338911
6622,0.001387,74.125.24.0-255,1484,67970,77,338911
6623,0.001396,74.125.24.0-255,2902,70872,77,338911
6624,0.001401,172.31.40.0-255,66,70938,77,338911
6625,0.001406,74.125.24.0-255,1484,72422,77,338911
6626,0.001422,74.125.24.0-255,4320,76742,77,338911
6627,0.001424,172.31.40.0-255,66,76808,77,338911
6628,0.00143,74.125.24.0-255,2902,79710,77,338911
6629,0.001432,172.31.40.0-255,66,79776,77,338911
6630,0.001458,74.125.24.0-255,2902,82678,77,338911
6631,0.00146,172.31.40.0-255,66,82744,77,338911
6632,0.001472,74.125.24.0-255,12828,95572,77,338911
6633,0.001474,172.31.40.0-255,66,95638,77,338911
6634,0.00148,74.125.24.0-255,5020,100658,77,338911
6635,0.001482,172.31.40.0-255,66,100724,77,338911
6636,0.002434,74.125.24.0-255,1484,102208,77,338911
6637,0.002443,74.125.24.0-255,2902,105110,77,338911
6638,0.002448,172.31.40.0-255,66,105176,77,338911
6639,0.002455,74.125.24.0-255,5738,110914,77,338911
6640,0.002458,172.31.40.0-255,66,110980,77,338911
6641,0.004929,74.125.24.0-255,5738,116718,77,338911
6642,0.004933,172.31.40.0-255,66,116784,77,338911
6643,0.007401,74.125.24.0-255,5738,122522,77,338911
6644,0.007408,172.31.40.0-255,66,122588,77,338911
6645,0.009855,74.125.24.0-255,5738,128326,77,338911
6646,0.009862,172.31.40.0-255,66,128392,77,338911
6647,0.012306,74.125.24.0-255,5738,134130,77,338911
6648,0.012313,172.31.40.0-255,66,134196,77,338911
6649,0.014754,74.125.24.0-255,5738,139934,77,338911
6650,0.014763,172.31.40.0-255,66,140000,77,338911
6651,0.017249,74.125.24.0-255,4320,144320,77,338911
6652,0.017258,172.31.40.0-255,66,144386,77,338911
6653,0.017279,74.125.24.0-255,1484,145870,77,338911
6654,0.019733,74.125.24.0-255,4320,150190,77,338911
6655,0.019747,172.31.40.0-255,66,150256,77,338911
6656,0.022193,74.125.24.0-255,5738,155994,77,338911
6657,0.022207,172.31.40.0-255,66,156060,77,338911
6658,0.024661,74.125.24.0-255,5738,161798,77,338911
6659,0.024671,172.31.40.0-255,66,161864,77,338911
6660,0.027133,74.125.24.0-255,5738,167602,77,338911
6661,0.027142,172.31.40.0-255,66,167668,77,338911
6662,0.029584,74.125.24.0-255,5738,173406,77,338911
6663,0.02959,172.31.40.0-255,66,173472,77,338911
6664,0.030257,172.31.40.0-255,172,173644,77,338911
6665,0.030283,172.31.40.0-255,1118,174762,77,338911
6666,0.030334,172.31.40.0-255,1514,176276,77,338911
6667,0.030335,172.31.40.0-255,1277,177553,77,338911
6668,0.03205,74.125.24.0-255,5738,183291,77,338911
6669,0.032057,172.31.40.0-255,66,183357,77,338911
6670,0.032109,104.244.42.0-255,66,183423,77,338911
6671,0.032201,104.244.42.0-255,66,183489,77,338911
6672,0.032251,104.244.42.0-255,66,183555,77,338911
6673,0.034527,74.125.24.0-255,5738,189293,77,338911
6674,0.034535,172.31.40.0-255,66,189359,77,338911
6675,0.036985,74.125.24.0-255,5738,195097,77,338911
6676,0.03699,172.31.40.0-255,66,195163,77,338911
6677,0.03949,74.125.24.0-255,5738,200901,77,338911
6678,0.039496,172.31.40.0-255,66,200967,77,338911
6679,0.041958,74.125.24.0-255,5738,206705,77,338911
6680,0.041965,172.31.40.0-255,66,206771,77,338911
6681,0.044426,74.125.24.0-255,5738,212509,77,338911
6682,0.044433,172.31.40.0-255,66,212575,77,338911
6683,0.046862,74.125.24.0-255,5738,218313,77,338911
6684,0.046868,172.31.40.0-255,66,218379,77,338911
6685,0.049322,74.125.24.0-255,5738,224117,77,338911
6686,0.049328,172.31.40.0-255,66,224183,77,338911
6687,0.051773,74.125.24.0-255,5738,229921,77,338911
6688,0.05178,172.31.40.0-255,66,229987,77,338911
6689,0.05423,74.125.24.0-255,5738,235725,77,338911
6690,0.054246,172.31.40.0-255,66,235791,77,338911
6691,0.056679,74.125.24.0-255,5738,241529,77,338911
6692,0.056686,172.31.40.0-255,66,241595,77,338911
6693,0.059139,74.125.24.0-255,5738,247333,77,338911
6694,0.059146,172.31.40.0-255,66,247399,77,338911
6695,0.061574,74.125.24.0-255,4320,251719,77,338911
6696,0.06158,172.31.40.0-255,66,251785,77,338911
6697,0.061603,74.125.24.0-255,1484,253269,77,338911
6698,0.06402,74.125.24.0-255,4320,257589,77,338911
6699,0.064026,172.31.40.0-255,66,257655,77,338911
6700,0.066464,74.125.24.0-255,5738,263393,77,338911
6701,0.06647,172.31.40.0-255,66,263459,77,338911
6702,0.068906,74.125.24.0-255,5738,269197,77,338911
6703,0.068911,172.31.40.0-255,66,269263,77,338911
6704,0.071355,74.125.24.0-255,5738,275001,77,338911
6705,0.071362,172.31.40.0-255,66,275067,77,338911
6706,0.073793,74.125.24.0-255,5738,280805,77,338911
6707,0.0738,172.31.40.0-255,66,280871,77,338911
6708,0.076222,74.125.24.0-255,5738,286609,77,338911
6709,0.076229,172.31.40.0-255,66,286675,77,338911
6710,0.078688,74.125.24.0-255,5738,292413,77,338911
6711,0.078695,172.31.40.0-255,66,292479,77,338911
6712,0.081157,74.125.24.0-255,5738,298217,77,338911
6713,0.081163,172.31.40.0-255,66,298283,77,338911
6714,0.083619,74.125.24.0-255,5738,304021,77,338911
6715,0.083627,172.31.40.0-255,66,304087,77,338911
6716,0.08611,74.125.24.0-255,5738,309825,77,338911
6717,0.086128,172.31.40.0-255,66,309891,77,338911
6718,0.088568,74.125.24.0-255,5738,315629,77,338911
6719,0.088573,172.31.40.0-255,66,315695,77,338911
6720,0.091023,74.125.24.0-255,5738,321433,77,338911
6721,0.091031,172.31.40.0-255,66,321499,77,338911
6722,0.09349,74.125.24.0-255,5738,327237,77,338911
6723,0.093496,172.31.40.0-255,66,327303,77,338911
6724,0.095961,74.125.24.0-255,5738,333041,77,338911
6725,0.095968,172.31.40.0-255,66,333107,77,338911
6726,0.098405,74.125.24.0-255,5738,338845,77,338911
6727,0.098412,172.31.40.0-255,66,338911,77,338911
6728,0.0,74.125.68.0-255,146,146,77,424792
6729,2.1e-05,172.31.40.0-255,66,212,77,424792
6730,2.8e-05,74.125.68.0-255,1484,1696,77,424792
6731,3.3e-05,172.31.40.0-255,66,1762,77,424792
6732,3.8e-05,74.125.68.0-255,2902,4664,77,424792
6733,4.1e-05,172.31.40.0-255,66,4730,77,424792
6734,4.8e-05,74.125.68.0-255,4320,9050,77,424792
6735,5e-05,172.31.40.0-255,66,9116,77,424792
6736,7e-05,74.125.68.0-255,1484,10600,77,424792
6737,7.3e-05,172.31.40.0-255,66,10666,77,424792
6738,7.9e-05,74.125.68.0-255,3481,14147,77,424792
6739,8.1e-05,172.31.40.0-255,66,14213,77,424792
6740,0.0004,74.125.68.0-255,1484,15697,77,424792
6741,0.000406,172.31.40.0-255,66,15763,77,424792
6742,0.000412,74.125.68.0-255,2902,18665,77,424792
6743,0.000414,172.31.40.0-255,66,18731,77,424792
6744,0.000417,74.125.68.0-255,1484,20215,77,424792
6745,0.00042,172.31.40.0-255,66,20281,77,424792
6746,0.00044,74.125.68.0-255,2902,23183,77,424792
6747,0.000444,172.31.40.0-255,66,23249,77,424792
6748,0.00045,74.125.68.0-255,5738,28987,77,424792
6749,0.000452,172.31.40.0-255,66,29053,77,424792
6750,0.000498,74.125.68.0-255,2543,31596,77,424792
6751,0.000501,172.31.40.0-255,66,31662,77,424792
6752,0.000506,74.125.68.0-255,2902,34564,77,424792
6753,0.000508,172.31.40.0-255,66,34630,77,424792
6754,0.000516,74.125.68.0-255,7156,41786,77,424792
6755,0.000518,172.31.40.0-255,66,41852,77,424792
6756,0.000548,74.125.68.0-255,5738,47590,77,424792
6757,0.000551,172.31.40.0-255,66,47656,77,424792
6758,0.000572,74.125.68.0-255,1125,48781,77,424792
6759,0.000575,172.31.40.0-255,66,48847,77,424792
6760,0.000619,74.125.68.0-255,1484,50331,77,424792
6761,0.000624,74.125.68.0-255,1484,51815,77,424792
6762,0.000627,172.31.40.0-255,66,51881,77,424792
6763,0.000646,74.125.68.0-255,1484,53365,77,424792
6764,0.00065,74.125.68.0-255,2902,56267,77,424792
6765,0.000655,172.31.40.0-255,66,56333,77,424792
6766,0.00067,74.125.68.0-255,2902,59235,77,424792
6767,0.000673,172.31.40.0-255,66,59301,77,424792
6768,0.000676,74.125.68.0-255,1484,60785,77,424792
6769,0.000703,74.125.68.0-255,5379,66164,77,424792
6770,0.000706,172.31.40.0-255,66,66230,77,424792
6771,0.000709,74.125.68.0-255,645,66875,77,424792
6772,0.001005,74.125.68.0-255,1484,68359,77,424792
6773,0.001009,172.31.40.0-255,66,68425,77,424792
6774,0.001014,74.125.68.0-255,1484,69909,77,424792
6775,0.001028,74.125.68.0-255,1484,71393,77,424792
6776,0.00103,172.31.40.0-255,66,71459,77,424792
6777,0.001036,74.125.68.0-255,4320,75779,77,424792
6778,0.001039,172.31.40.0-255,66,75845,77,424792
6779,0.001064,74.125.68.0-255,5738,81583,77,424792
6780,0.001068,172.31.40.0-255,66,81649,77,424792
6781,0.001072,74.125.68.0-255,2902,84551,77,424792
6782,0.001074,172.31.40.0-255,66,84617,77,424792
6783,0.001113,74.125.68.0-255,8574,93191,77,424792
6784,0.001116,172.31.40.0-255,66,93257,77,424792
6785,0.001122,74.125.68.0-255,4320,97577,77,424792
6786,0.001124,172.31.40.0-255,66,97643,77,424792
6787,0.001138,74.125.68.0-255,1484,99127,77,424792
6788,0.001157,74.125.68.0-255,2184,101311,77,424792
6789,0.001164,172.31.40.0-255,66,101377,77,424792
6790,0.001487,74.125.68.0-255,1484,102861,77,424792
6791,0.001501,74.125.68.0-255,2902,105763,77,424792
6792,0.001505,172.31.40.0-255,66,105829,77,424792
6793,0.001509,74.125.68.0-255,1484,107313,77,424792
6794,0.001523,74.125.68.0-255,4320,111633,77,424792
6795,0.001525,172.31.40.0-255,66,111699,77,424792
6796,0.001552,74.125.68.0-255,2902,114601,77,424792
6797,0.001555,172.31.40.0-255,66,114667,77,424792
6798,0.001576,74.125.68.0-255,9992,124659,77,424792
6799,0.001578,172.31.40.0-255,66,124725,77,424792
6800,0.001616,74.125.68.0-255,2902,127627,77,424792
6801,0.001618,172.31.40.0-255,66,127693,77,424792
6802,0.001644,74.125.68.0-255,7856,135549,77,424792
6803,0.001647,172.31.40.0-255,66,135615,77,424792
6804,0.002019,74.125.68.0-255,1484,137099,77,424792
6805,0.002034,74.125.68.0-255,2902,140001,77,424792
6806,0.002038,172.31.40.0-255,66,140067,77,424792
6807,0.002064,74.125.68.0-255,5738,145805,77,424792
6808,0.002066,172.31.40.0-255,66,145871,77,424792
6809,0.002078,74.125.68.0-255,1484,147355,77,424792
6810,0.002091,74.125.68.0-255,1484,148839,77,424792
6811,0.002093,172.31.40.0-255,66,148905,77,424792
6812,0.002096,74.125.68.0-255,1484,150389,77,424792
6813,0.002113,74.125.68.0-255,2902,153291,77,424792
6814,0.002115,172.31.40.0-255,66,153357,77,424792
6815,0.002136,74.125.68.0-255,8574,161931,77,424792
6816,0.002139,172.31.40.0-255,66,161997,77,424792
6817,0.0022,74.125.68.0-255,5738,167735,77,424792
6818,0.002204,172.31.40.0-255,66,167801,77,424792
6819,0.002216,74.125.68.0-255,2184,169985,77,424792
6820,0.002218,172.31.40.0-255,66,170051,77,424792
6821,0.002281,74.125.68.0-255,1484,171535,77,424792
6822,0.002322,74.125.68.0-255,2902,174437,77,424792
6823,0.002325,172.31.40.0-255,66,174503,77,424792
6824,0.002329,74.125.68.0-255,2902,177405,77,424792
6825,0.002331,172.31.40.0-255,66,177471,77,424792
6826,0.004633,74.125.68.0-255,5738,183209,77,424792
6827,0.004639,172.31.40.0-255,66,183275,77,424792
6828,0.006952,74.125.68.0-255,5738,189013,77,424792
6829,0.006959,172.31.40.0-255,66,189079,77,424792
6830,0.009287,74.125.68.0-255,5738,194817,77,424792
6831,0.009295,172.31.40.0-255,66,194883,77,424792
6832,0.011611,74.125.68.0-255,5738,200621,77,424792
6833,0.011619,172.31.40.0-255,66,200687,77,424792
6834,0.013933,74.125.68.0-255,5738,206425,77,424792
6835,0.013941,172.31.40.0-255,66,206491,77,424792
6836,0.016254,74.125.68.0-255,5738,212229,77,424792
6837,0.016264,172.31.40.0-255,66,212295,77,424792
6838,0.01858,74.125.68.0-255,5738,218033,77,424792
6839,0.018588,172.31.40.0-255,66,218099,77,424792
6840,0.020897,74.125.68.0-255,5738,223837,77,424792
6841,0.020904,172.31.40.0-255,66,223903,77,424792
6842,0.023217,74.125.68.0-255,5738,229641,77,424792
6843,0.023225,172.31.40.0-255,66,229707,77,424792
6844,0.02553,74.125.68.0-255,5738,235445,77,424792
6845,0.025537,172.31.40.0-255,66,235511,77,424792
6846,0.027849,74.125.68.0-255,5738,241249,77,424792
6847,0.027856,172.31.40.0-255,66,241315,77,424792
6848,0.030184,74.125.68.0-255,5738,247053,77,424792
6849,0.030197,172.31.40.0-255,66,247119,77,424792
6850,0.032517,74.125.68.0-255,5738,252857,77,424792
6851,0.032524,172.31.40.0-255,66,252923,77,424792
6852,0.032639,172.31.40.0-255,176,253099,77,424792
6853,0.032668,172.31.40.0-255,1118,254217,77,424792
6854,0.032786,172.31.40.0-255,1514,255731,77,424792
6855,0.032789,172.31.40.0-255,1514,257245,77,424792
6856,0.032793,172.31.40.0-255,1514,258759,77,424792
6857,0.032794,172.31.40.0-255,1514,260273,77,424792
6858,0.032814,172.31.40.0-255,1479,261752,77,424792
6859,0.034188,104.244.42.0-255,66,261818,77,424792
6860,0.034197,104.244.42.0-255,66,261884,77,424792
6861,0.034355,104.244.42.0-255,66,261950,77,424792
6862,0.034397,104.244.42.0-255,66,262016,77,424792
6863,0.034835,74.125.68.0-255,5738,267754,77,424792
6864,0.034841,172.31.40.0-255,66,267820,77,424792
6865,0.037161,74.125.68.0-255,5738,273558,77,424792
6866,0.037168,172.31.40.0-255,66,273624,77,424792
6867,0.039488,74.125.68.0-255,2902,276526,77,424792
6868,0.039494,172.31.40.0-255,66,276592,77,424792
6869,0.039513,74.125.68.0-255,2902,279494,77,424792
6870,0.039516,172.31.40.0-255,66,279560,77,424792
6871,0.041827,74.125.68.0-255,2902,282462,77,424792
6872,0.041836,172.31.40.0-255,66,282528,77,424792
6873,0.041858,74.125.68.0-255,2902,285430,77,424792
6874,0.041862,172.31.40.0-255,66,285496,77,424792
6875,0.044189,74.125.68.0-255,5738,291234,77,424792
6876,0.044196,172.31.40.0-255,66,291300,77,424792
6877,0.046517,74.125.68.0-255,5738,297038,77,424792
6878,0.046523,172.31.40.0-255,66,297104,77,424792
6879,0.048843,74.125.68.0-255,5738,302842,77,424792
6880,0.048849,172.31.40.0-255,66,302908,77,424792
6881,0.051186,74.125.68.0-255,5738,308646,77,424792
6882,0.051194,172.31.40.0-255,66,308712,77,424792
6883,0.053503,74.125.68.0-255,5738,314450,77,424792
6884,0.05351,172.31.40.0-255,66,314516,77,424792
6885,0.05583,74.125.68.0-255,5738,320254,77,424792
6886,0.055837,172.31.40.0-255,66,320320,77,424792
6887,0.05816,74.125.68.0-255,5738,326058,77,424792
6888,0.058167,172.31.40.0-255,66,326124,77,424792
6889,0.060485,74.125.68.0-255,5738,331862,77,424792
6890,0.060491,172.31.40.0-255,66,331928,77,424792
6891,0.062801,74.125.68.0-255,5738,337666,77,424792
6892,0.062807,172.31.40.0-255,66,337732,77,424792
6893,0.065136,74.125.68.0-255,5738,343470,77,424792
6894,0.065143,172.31.40.0-255,66,343536,77,424792
6895,0.067456,74.125.68.0-255,5738,349274,77,424792
6896,0.067463,172.31.40.0-255,66,349340,77,424792
6897,0.069787,74.125.68.0-255,5738,355078,77,424792
6898,0.069794,172.31.40.0-255,66,355144,77,424792
6899,0.072119,74.125.68.0-255,5738,360882,77,424792
6900,0.072126,172.31.40.0-255,66,360948,77,424792
6901,0.074447,74.125.68.0-255,5738,366686,77,424792
6902,0.074454,172.31.40.0-255,66,366752,77,424792
6903,0.076884,74.125.68.0-255,5738,372490,77,424792
6904,0.07689,172.31.40.0-255,66,372556,77,424792
6905,0.079203,74.125.68.0-255,5738,378294,77,424792
6906,0.079209,172.31.40.0-255,66,378360,77,424792
6907,0.081523,74.125.68.0-255,5738,384098,77,424792
6908,0.081529,172.31.40.0-255,66,384164,77,424792
6909,0.083835,74.125.68.0-255,5738,389902,77,424792
6910,0.083842,172.31.40.0-255,66,389968,77,424792
6911,0.086167,74.125.68.0-255,5738,395706,77,424792
6912,0.086174,172.31.40.0-255,66,395772,77,424792
6913,0.088499,74.125.68.0-255,5738,401510,77,424792
6914,0.088506,172.31.40.0-255,66,401576,77,424792
6915,0.090835,74.125.68.0-255,5738,407314,77,424792
6916,0.090842,172.31.40.0-255,66,407380,77,424792
6917,0.09318,74.125.68.0-255,5738,413118,77,424792
6918,0.093188,172.31.40.0-255,66,413184,77,424792
6919,0.095511,74.125.68.0-255,5738,418922,77,424792
6920,0.095517,172.31.40.0-255,66,418988,77,424792
6921,0.097832,74.125.68.0-255,5738,424726,77,424792
6922,0.097837,172.31.40.0-255,66,424792,77,424792
6923,0.0,74.125.68.0-255,150,150,77,291002
6924,2.1e-05,172.31.40.0-255,66,216,77,291002
6925,2.9e-05,74.125.68.0-255,1484,1700,77,291002
6926,3.3e-05,172.31.40.0-255,66,1766,77,291002
6927,3.8e-05,74.125.68.0-255,2902,4668,77,291002
6928,4.7e-05,172.31.40.0-255,66,4734,77,291002
6929,7.8e-05,74.125.68.0-255,5738,10472,77,291002
6930,8.1e-05,172.31.40.0-255,66,10538,77,291002
6931,0.000119,74.125.68.0-255,3492,14030,77,291002
6932,0.000122,172.31.40.0-255,66,14096,77,291002
6933,0.000154,74.125.68.0-255,1484,15580,77,291002
6934,0.000157,172.31.40.0-255,66,15646,77,291002
6935,0.000181,74.125.68.0-255,2902,18548,77,291002
6936,0.000184,172.31.40.0-255,66,18614,77,291002
6937,0.000211,74.125.68.0-255,5738,24352,77,291002
6938,0.000213,172.31.40.0-255,66,24418,77,291002
6939,0.000239,74.125.68.0-255,4320,28738,77,291002
6940,0.000241,172.31.40.0-255,66,28804,77,291002
6941,0.000314,74.125.68.0-255,2543,31347,77,291002
6942,0.000316,172.31.40.0-255,66,31413,77,291002
6943,0.000353,74.125.68.0-255,2902,34315,77,291002
6944,0.000355,172.31.40.0-255,66,34381,77,291002
6945,0.00038,74.125.68.0-255,7156,41537,77,291002
6946,0.000382,172.31.40.0-255,66,41603,77,291002
6947,0.000455,74.125.68.0-255,2902,44505,77,291002
6948,0.000458,172.31.40.0-255,66,44571,77,291002
6949,0.000475,74.125.68.0-255,3961,48532,77,291002
6950,0.000477,172.31.40.0-255,66,48598,77,291002
6951,0.000664,74.125.68.0-255,1484,50082,77,291002
6952,0.000667,172.31.40.0-255,66,50148,77,291002
6953,0.000692,74.125.68.0-255,2902,53050,77,291002
6954,0.000694,172.31.40.0-255,66,53116,77,291002
6955,0.000708,74.125.68.0-255,4320,57436,77,291002
6956,0.000746,74.125.68.0-255,2902,60338,77,291002
6957,0.000757,74.125.68.0-255,2902,63240,77,291002
6958,0.000808,74.125.68.0-255,2543,65783,77,291002
6959,0.000845,74.125.68.0-255,1484,67267,77,291002
6960,0.000857,74.125.68.0-255,2902,70169,77,291002
6961,0.000875,74.125.68.0-255,1484,71653,77,291002
6962,0.00089,74.125.68.0-255,4320,75973,77,291002
6963,0.00094,74.125.68.0-255,1484,77457,77,291002
6964,0.000967,74.125.68.0-255,7156,84613,77,291002
6965,0.000984,74.125.68.0-255,2543,87156,77,291002
6966,0.001069,74.125.68.0-255,1484,88640,77,291002
6967,0.001085,74.125.68.0-255,4320,92960,77,291002
6968,0.001112,74.125.68.0-255,7377,100337,77,291002
6969,0.001211,74.125.68.0-255,1484,101821,77,291002
6970,0.001232,74.125.68.0-255,2902,104723,77,291002
6971,0.001249,74.125.68.0-255,1484,106207,77,291002
6972,0.001265,74.125.68.0-255,4320,110527,77,291002
6973,0.001303,172.31.40.0-255,66,110593,77,291002
6974,0.001362,74.125.68.0-255,11410,122003,77,291002
6975,0.001379,74.125.68.0-255,1484,123487,77,291002
6976,0.001474,74.125.68.0-255,4320,127807,77,291002
6977,0.001507,74.125.68.0-255,2902,130709,77,291002
6978,0.001523,74.125.68.0-255,3602,134311,77,291002
6979,0.001569,172.31.40.0-255,66,134377,77,291002
6980,0.001596,74.125.68.0-255,12828,147205,77,291002
6981,0.001621,172.31.40.0-255,66,147271,77,291002
6982,0.001727,74.125.68.0-255,2902,150173,77,291002
6983,0.001736,172.31.40.0-255,66,150239,77,291002
6984,0.001791,172.31.40.0-255,66,150305,77,291002
6985,0.00196,74.125.68.0-255,8574,158879,77,291002
6986,0.001968,172.31.40.0-255,66,158945,77,291002
6987,0.002002,74.125.68.0-255,11410,170355,77,291002
6988,0.002013,172.31.40.0-255,66,170421,77,291002
6989,0.002179,74.125.68.0-255,4320,174741,77,291002
6990,0.00221,74.125.68.0-255,9274,184015,77,291002
6991,0.002213,172.31.40.0-255,66,184081,77,291002
6992,0.002218,172.31.40.0-255,66,184147,77,291002
6993,0.002334,74.125.68.0-255,5738,189885,77,291002
6994,0.002339,172.31.40.0-255,66,189951,77,291002
6995,0.002407,172.31.40.0-255,66,190017,77,291002
6996,0.002711,74.125.68.0-255,11410,201427,77,291002
6997,0.002716,172.31.40.0-255,66,201493,77,291002
6998,0.002783,172.31.40.0-255,66,201559,77,291002
6999,0.003145,74.125.68.0-255,11410,212969,77,291002
7000,0.00315,172.31.40.0-255,66,213035,77,291002
7001,0.003275,172.31.40.0-255,66,213101,77,291002
7002,0.005536,74.125.68.0-255,5738,218839,77,291002
7003,0.005542,172.31.40.0-255,66,218905,77,291002
7004,0.007789,74.125.68.0-255,2902,221807,77,291002
7005,0.007807,74.125.68.0-255,2902,224709,77,291002
7006,0.008104,172.31.40.0-255,66,224775,77,291002
7007,0.010367,74.125.68.0-255,5738,230513,77,291002
7008,0.010374,172.31.40.0-255,66,230579,77,291002
7009,0.012625,74.125.68.0-255,5738,236317,77,291002
7010,0.012632,172.31.40.0-255,66,236383,77,291002
7011,0.014888,74.125.68.0-255,5738,242121,77,291002
7012,0.014896,172.31.40.0-255,66,242187,77,291002
7013,0.017157,74.125.68.0-255,5738,247925,77,291002
7014,0.017169,172.31.40.0-255,66,247991,77,291002
7015,0.019433,74.125.68.0-255,5738,253729,77,291002
7016,0.019443,172.31.40.0-255,66,253795,77,291002
7017,0.021714,74.125.68.0-255,4320,258115,77,291002
7018,0.021721,172.31.40.0-255,66,258181,77,291002
7019,0.021747,74.125.68.0-255,1484,259665,77,291002
7020,0.023976,74.125.68.0-255,4320,263985,77,291002
7021,0.023982,172.31.40.0-255,66,264051,77,291002
7022,0.026241,74.125.68.0-255,5738,269789,77,291002
7023,0.026248,172.31.40.0-255,66,269855,77,291002
7024,0.028503,74.125.68.0-255,5738,275593,77,291002
7025,0.028509,172.31.40.0-255,66,275659,77,291002
7026,0.030804,74.125.68.0-255,5738,281397,77,291002
7027,0.03081,172.31.40.0-255,66,281463,77,291002
7028,0.03309,74.125.68.0-255,5023,286486,77,291002
7029,0.033098,172.31.40.0-255,66,286552,77,291002
7030,0.033297,172.31.40.0-255,105,286657,77,291002
7031,0.034103,172.31.40.0-255,172,286829,77,291002
7032,0.034133,172.31.40.0-255,1120,287949,77,291002
7033,0.034188,172.31.40.0-255,1514,289463,77,291002
7034,0.034191,172.31.40.0-255,1275,290738,77,291002
7035,0.035539,74.125.68.0-255,66,290804,77,291002
7036,0.035683,104.244.42.0-255,66,290870,77,291002
7037,0.035688,104.244.42.0-255,66,290936,77,291002
7038,0.035767,104.244.42.0-255,66,291002,77,291002
7039,0.0,74.125.24.0-255,299,299,77,418241
7040,1.6e-05,172.31.40.0-255,66,365,77,418241
7041,2.2e-05,74.125.24.0-255,1484,1849,77,418241
7042,2.6e-05,172.31.40.0-255,66,1915,77,418241
7043,3.3e-05,74.125.24.0-255,4320,6235,77,418241
7044,3.6e-05,172.31.40.0-255,66,6301,77,418241
7045,4.3e-05,74.125.24.0-255,5738,12039,77,418241
7046,4.6e-05,172.31.40.0-255,66,12105,77,418241
7047,8.3e-05,74.125.24.0-255,11765,23870,77,418241
7048,8.6e-05,172.31.40.0-255,66,23936,77,418241
7049,9.3e-05,74.125.24.0-255,6797,30733,77,418241
7050,9.6e-05,172.31.40.0-255,66,30799,77,418241
7051,0.000196,74.125.24.0-255,1484,32283,77,418241
7052,0.0002,172.31.40.0-255,66,32349,77,418241
7053,0.000206,74.125.24.0-255,2902,35251,77,418241
7054,0.000208,172.31.40.0-255,66,35317,77,418241
7055,0.000215,74.125.24.0-255,5738,41055,77,418241
7056,0.000217,172.31.40.0-255,66,41121,77,418241
7057,0.000234,74.125.24.0-255,4320,45441,77,418241
7058,0.000237,172.31.40.0-255,66,45507,77,418241
7059,0.000262,74.125.24.0-255,2543,48050,77,418241
7060,0.000264,172.31.40.0-255,66,48116,77,418241
7061,0.000271,74.125.24.0-255,7156,55272,77,418241
7062,0.000274,172.31.40.0-255,66,55338,77,418241
7063,0.000291,74.125.24.0-255,7156,62494,77,418241
7064,0.000293,172.31.40.0-255,66,62560,77,418241
7065,0.000297,74.125.24.0-255,2543,65103,77,418241
7066,0.0003,172.31.40.0-255,66,65169,77,418241
7067,0.000415,74.125.24.0-255,646,65815,77,418241
7068,0.000419,172.31.40.0-255,66,65881,77,418241
7069,0.000661,74.125.24.0-255,1484,67365,77,418241
7070,0.000666,172.31.40.0-255,66,67431,77,418241
7071,0.000672,74.125.24.0-255,2902,70333,77,418241
7072,0.000674,172.31.40.0-255,66,70399,77,418241
7073,0.00068,74.125.24.0-255,5738,76137,77,418241
7074,0.000682,172.31.40.0-255,66,76203,77,418241
7075,0.000685,74.125.24.0-255,1484,77687,77,418241
7076,0.000702,74.125.24.0-255,2902,80589,77,418241
7077,0.000704,172.31.40.0-255,66,80655,77,418241
7078,0.00071,74.125.24.0-255,4320,84975,77,418241
7079,0.000713,172.31.40.0-255,66,85041,77,418241
7080,0.000733,74.125.24.0-255,7156,92197,77,418241
7081,0.000736,172.31.40.0-255,66,92263,77,418241
7082,0.000758,74.125.24.0-255,7856,100119,77,418241
7083,0.000761,172.31.40.0-255,66,100185,77,418241
7084,0.001137,74.125.24.0-255,1484,101669,77,418241
7085,0.001144,74.125.24.0-255,2902,104571,77,418241
7086,0.001148,172.31.40.0-255,66,104637,77,418241
7087,0.001179,74.125.24.0-255,4320,108957,77,418241
7088,0.001181,172.31.40.0-255,66,109023,77,418241
7089,0.001201,74.125.24.0-255,1484,110507,77,418241
7090,0.001213,74.125.24.0-255,12828,123335,77,418241
7091,0.001215,172.31.40.0-255,66,123401,77,418241
7092,0.001225,74.125.24.0-255,9992,133393,77,418241
7093,0.001227,172.31.40.0-255,66,133459,77,418241
7094,0.00123,74.125.24.0-255,766,134225,77,418241
7095,0.001631,172.31.40.0-255,66,134291,77,418241
7096,0.00171,74.125.24.0-255,1484,135775,77,418241
7097,0.001717,74.125.24.0-255,1484,137259,77,418241
7098,0.001721,172.31.40.0-255,66,137325,77,418241
7099,0.001742,74.125.24.0-255,1484,138809,77,418241
7100,0.001749,74.125.24.0-255,5738,144547,77,418241
7101,0.001751,172.31.40.0-255,66,144613,77,418241
7102,0.001757,74.125.24.0-255,4320,148933,77,418241
7103,0.001759,172.31.40.0-255,66,148999,77,418241
7104,0.00179,74.125.24.0-255,8574,157573,77,418241
7105,0.001792,172.31.40.0-255,66,157639,77,418241
7106,0.001802,74.125.24.0-255,9992,167631,77,418241
7107,0.001804,172.31.40.0-255,66,167697,77,418241
7108,0.001807,74.125.24.0-255,766,168463,77,418241
7109,0.001942,74.125.24.0-255,1484,169947,77,418241
7110,0.001946,172.31.40.0-255,66,170013,77,418241
7111,0.001952,74.125.24.0-255,2902,172915,77,418241
7112,0.001954,172.31.40.0-255,66,172981,77,418241
7113,0.001961,74.125.24.0-255,5738,178719,77,418241
7114,0.001963,172.31.40.0-255,66,178785,77,418241
7115,0.001998,74.125.24.0-255,9992,188777,77,418241
7116,0.002002,172.31.40.0-255,66,188843,77,418241
7117,0.002028,74.125.24.0-255,11410,200253,77,418241
7118,0.002031,172.31.40.0-255,66,200319,77,418241
7119,0.002044,74.125.24.0-255,2184,202503,77,418241
7120,0.002046,172.31.40.0-255,66,202569,77,418241
7121,0.002081,74.125.24.0-255,8574,211143,77,418241
7122,0.002084,172.31.40.0-255,66,211209,77,418241
7123,0.002104,74.125.24.0-255,2902,214111,77,418241
7124,0.002106,172.31.40.0-255,66,214177,77,418241
7125,0.002116,74.125.24.0-255,12828,227005,77,418241
7126,0.002119,172.31.40.0-255,66,227071,77,418241
7127,0.002128,74.125.24.0-255,9274,236345,77,418241
7128,0.00213,172.31.40.0-255,66,236411,77,418241
7129,0.002169,74.125.24.0-255,4320,240731,77,418241
7130,0.002173,172.31.40.0-255,66,240797,77,418241
7131,0.002189,74.125.24.0-255,5738,246535,77,418241
7132,0.002192,172.31.40.0-255,66,246601,77,418241
7133,0.002226,74.125.24.0-255,11410,258011,77,418241
7134,0.00223,172.31.40.0-255,66,258077,77,418241
7135,0.002238,74.125.24.0-255,8574,266651,77,418241
7136,0.002241,172.31.40.0-255,66,266717,77,418241
7137,0.002266,74.125.24.0-255,3602,270319,77,418241
7138,0.002269,172.31.40.0-255,66,270385,77,418241
7139,0.002295,74.125.24.0-255,4320,274705,77,418241
7140,0.002298,172.31.40.0-255,66,274771,77,418241
7141,0.002321,74.125.24.0-255,9992,284763,77,418241
7142,0.002325,172.31.40.0-255,66,284829,77,418241
7143,0.002378,74.125.24.0-255,7156,291985,77,418241
7144,0.002381,172.31.40.0-255,66,292051,77,418241
7145,0.002401,74.125.24.0-255,8574,300625,77,418241
7146,0.002403,172.31.40.0-255,66,300691,77,418241
7147,0.002407,74.125.24.0-255,2902,303593,77,418241
7148,0.00241,172.31.40.0-255,66,303659,77,418241
7149,0.004704,74.125.24.0-255,5738,309397,77,418241
7150,0.004713,172.31.40.0-255,66,309463,77,418241
7151,0.006989,74.125.24.0-255,5738,315201,77,418241
7152,0.006994,172.31.40.0-255,66,315267,77,418241
7153,0.009287,74.125.24.0-255,5738,321005,77,418241
7154,0.009294,172.31.40.0-255,66,321071,77,418241
7155,0.011597,74.125.24.0-255,5738,326809,77,418241
7156,0.011604,172.31.40.0-255,66,326875,77,418241
7157,0.013922,74.125.24.0-255,5738,332613,77,418241
7158,0.013933,172.31.40.0-255,66,332679,77,418241
7159,0.016244,74.125.24.0-255,5738,338417,77,418241
7160,0.016252,172.31.40.0-255,66,338483,77,418241
7161,0.018557,74.125.24.0-255,5738,344221,77,418241
7162,0.018568,172.31.40.0-255,66,344287,77,418241
7163,0.020876,74.125.24.0-255,5738,350025,77,418241
7164,0.020885,172.31.40.0-255,66,350091,77,418241
7165,0.023259,74.125.24.0-255,5738,355829,77,418241
7166,0.023267,172.31.40.0-255,66,355895,77,418241
7167,0.025564,74.125.24.0-255,5738,361633,77,418241
7168,0.02557,172.31.40.0-255,66,361699,77,418241
7169,0.027878,74.125.24.0-255,5738,367437,77,418241
7170,0.027887,172.31.40.0-255,66,367503,77,418241
7171,0.030175,74.125.24.0-255,5738,373241,77,418241
7172,0.030182,172.31.40.0-255,66,373307,77,418241
7173,0.03248,74.125.24.0-255,5738,379045,77,418241
7174,0.032486,172.31.40.0-255,66,379111,77,418241
7175,0.033918,172.31.40.0-255,172,379283,77,418241
7176,0.033945,172.31.40.0-255,1120,380403,77,418241
7177,0.033992,172.31.40.0-255,1514,381917,77,418241
7178,0.033993,172.31.40.0-255,1275,383192,77,418241
7179,0.034789,74.125.24.0-255,5738,388930,77,418241
7180,0.034796,172.31.40.0-255,66,388996,77,418241
7181,0.035468,104.244.42.0-255,66,389062,77,418241
7182,0.035511,104.244.42.0-255,66,389128,77,418241
7183,0.03555,104.244.42.0-255,66,389194,77,418241
7184,0.037103,74.125.24.0-255,5738,394932,77,418241
7185,0.037109,172.31.40.0-255,66,394998,77,418241
7186,0.03942,74.125.24.0-255,5738,400736,77,418241
7187,0.039428,172.31.40.0-255,66,400802,77,418241
7188,0.041765,74.125.24.0-255,5738,406540,77,418241
7189,0.041771,172.31.40.0-255,66,406606,77,418241
7190,0.044098,74.125.24.0-255,5738,412344,77,418241
7191,0.044103,172.31.40.0-255,66,412410,77,418241
7192,0.046427,74.125.24.0-255,5594,418004,77,418241
7193,0.046434,172.31.40.0-255,66,418070,77,418241
7194,0.046618,172.31.40.0-255,105,418175,77,418241
7195,0.048882,74.125.24.0-255,66,418241,77,418241
7196,0.0,172.217.194.0-255,146,146,77,360445
7197,2.3e-05,172.31.40.0-255,66,212,77,360445
7198,3e-05,172.217.194.0-255,1484,1696,77,360445
7199,3.5e-05,172.31.40.0-255,66,1762,77,360445
7200,4.9e-05,172.217.194.0-255,2902,4664,77,360445
7201,5.3e-05,172.31.40.0-255,66,4730,77,360445
7202,6.1e-05,172.217.194.0-255,7156,11886,77,360445
7203,6.4e-05,172.31.40.0-255,66,11952,77,360445
7204,6.8e-05,172.217.194.0-255,2057,14009,77,360445
7205,7.2e-05,172.31.40.0-255,66,14075,77,360445
7206,8.2e-05,172.217.194.0-255,11410,25485,77,360445
7207,8.5e-05,172.31.40.0-255,66,25551,77,360445
7208,8.8e-05,172.217.194.0-255,1484,27035,77,360445
7209,9.1e-05,172.31.40.0-255,66,27101,77,360445
7210,0.000118,172.217.194.0-255,3961,31062,77,360445
7211,0.000121,172.31.40.0-255,66,31128,77,360445
7212,0.000158,172.217.194.0-255,1484,32612,77,360445
7213,0.00016,172.31.40.0-255,66,32678,77,360445
7214,0.000165,172.217.194.0-255,2902,35580,77,360445
7215,0.000168,172.31.40.0-255,66,35646,77,360445
7216,0.000171,172.217.194.0-255,1484,37130,77,360445
7217,0.000173,172.31.40.0-255,66,37196,77,360445
7218,0.000206,172.217.194.0-255,4320,41516,77,360445
7219,0.000213,172.31.40.0-255,66,41582,77,360445
7220,0.000219,172.217.194.0-255,5738,47320,77,360445
7221,0.000222,172.31.40.0-255,66,47386,77,360445
7222,0.000225,172.217.194.0-255,1484,48870,77,360445
7223,0.000227,172.31.40.0-255,66,48936,77,360445
7224,0.000259,172.217.194.0-255,12469,61405,77,360445
7225,0.000262,172.31.40.0-255,66,61471,77,360445
7226,0.000268,172.217.194.0-255,4252,65723,77,360445
7227,0.00027,172.31.40.0-255,66,65789,77,360445
7228,0.000272,172.217.194.0-255,364,66153,77,360445
7229,0.000319,172.217.194.0-255,1484,67637,77,360445
7230,0.000323,172.31.40.0-255,66,67703,77,360445
7231,0.000349,172.217.194.0-255,4320,72023,77,360445
7232,0.000352,172.31.40.0-255,66,72089,77,360445
7233,0.000357,172.217.194.0-255,4320,76409,77,360445
7234,0.000359,172.31.40.0-255,66,76475,77,360445
7235,0.000364,172.217.194.0-255,5738,82213,77,360445
7236,0.000367,172.31.40.0-255,66,82279,77,360445
7237,0.000371,172.217.194.0-255,2902,85181,77,360445
7238,0.000374,172.31.40.0-255,66,85247,77,360445
7239,0.00041,172.217.194.0-255,8574,93821,77,360445
7240,0.000417,172.31.40.0-255,66,93887,77,360445
7241,0.000432,172.31.40.0-255,66,93953,77,360445
7242,0.00047,172.217.194.0-255,8215,102168,77,360445
7243,0.000473,172.31.40.0-255,66,102234,77,360445
7244,0.000503,172.217.194.0-255,7156,109390,77,360445
7245,0.000505,172.31.40.0-255,66,109456,77,360445
7246,0.00051,172.217.194.0-255,2902,112358,77,360445
7247,0.000512,172.31.40.0-255,66,112424,77,360445
7248,0.000537,172.217.194.0-255,5738,118162,77,360445
7249,0.00054,172.31.40.0-255,66,118228,77,360445
7250,0.00056,172.31.40.0-255,66,118294,77,360445
7251,0.000587,172.217.194.0-255,1484,119778,77,360445
7252,0.00059,172.217.194.0-255,766,120544,77,360445
7253,0.000593,172.31.40.0-255,66,120610,77,360445
7254,0.000673,172.217.194.0-255,1484,122094,77,360445
7255,0.000679,172.217.194.0-255,2902,124996,77,360445
7256,0.000683,172.31.40.0-255,66,125062,77,360445
7257,0.000687,172.217.194.0-255,2902,127964,77,360445
7258,0.000689,172.31.40.0-255,66,128030,77,360445
7259,0.000721,172.217.194.0-255,2902,130932,77,360445
7260,0.000729,172.31.40.0-255,66,130998,77,360445
7261,0.000736,172.217.194.0-255,5738,136736,77,360445
7262,0.000739,172.31.40.0-255,66,136802,77,360445
7263,0.000768,172.217.194.0-255,1125,137927,77,360445
7264,0.000906,172.217.194.0-255,1484,139411,77,360445
7265,0.000911,172.31.40.0-255,66,139477,77,360445
7266,0.000917,172.217.194.0-255,2902,142379,77,360445
7267,0.000919,172.31.40.0-255,66,142445,77,360445
7268,0.000952,172.217.194.0-255,5738,148183,77,360445
7269,0.000955,172.31.40.0-255,66,148249,77,360445
7270,0.000967,172.217.194.0-255,12828,161077,77,360445
7271,0.00097,172.31.40.0-255,66,161143,77,360445
7272,0.000985,172.217.194.0-255,8574,169717,77,360445
7273,0.000988,172.31.40.0-255,66,169783,77,360445
7274,0.001057,172.217.194.0-255,2184,171967,77,360445
7275,0.00106,172.31.40.0-255,66,172033,77,360445
7276,0.001065,172.217.194.0-255,2902,174935,77,360445
7277,0.001067,172.31.40.0-255,66,175001,77,360445
7278,0.001078,172.217.194.0-255,7156,182157,77,360445
7279,0.00108,172.31.40.0-255,66,182223,77,360445
7280,0.001083,172.217.194.0-255,1484,183707,77,360445
7281,0.001119,172.217.194.0-255,9992,193699,77,360445
7282,0.001122,172.31.40.0-255,66,193765,77,360445
7283,0.001133,172.217.194.0-255,12110,205875,77,360445
7284,0.001135,172.31.40.0-255,66,205941,77,360445
7285,0.001171,172.217.194.0-255,8574,214515,77,360445
7286,0.001174,172.31.40.0-255,66,214581,77,360445
7287,0.001179,172.217.194.0-255,2902,217483,77,360445
7288,0.001181,172.31.40.0-255,66,217549,77,360445
7289,0.001227,172.217.194.0-255,7156,224705,77,360445
7290,0.001231,172.31.40.0-255,66,224771,77,360445
7291,0.001245,172.31.40.0-255,66,224837,77,360445
7292,0.00128,172.217.194.0-255,7156,231993,77,360445
7293,0.001284,172.31.40.0-255,66,232059,77,360445
7294,0.001292,172.217.194.0-255,8574,240633,77,360445
7295,0.001301,172.31.40.0-255,66,240699,77,360445
7296,0.001304,172.217.194.0-255,1484,242183,77,360445
7297,0.001319,172.217.194.0-255,4320,246503,77,360445
7298,0.001322,172.31.40.0-255,66,246569,77,360445
7299,0.001362,172.217.194.0-255,11410,257979,77,360445
7300,0.001365,172.31.40.0-255,66,258045,77,360445
7301,0.001368,172.217.194.0-255,766,258811,77,360445
7302,0.001377,172.217.194.0-255,8574,267385,77,360445
7303,0.00138,172.31.40.0-255,66,267451,77,360445
7304,0.001415,172.217.194.0-255,4320,271771,77,360445
7305,0.00142,172.31.40.0-255,66,271837,77,360445
7306,0.001434,172.31.40.0-255,66,271903,77,360445
7307,0.001441,172.217.194.0-255,6438,278341,77,360445
7308,0.001444,172.31.40.0-255,66,278407,77,360445
7309,0.001473,172.217.194.0-255,4320,282727,77,360445
7310,0.001477,172.31.40.0-255,66,282793,77,360445
7311,0.001488,172.217.194.0-255,5738,288531,77,360445
7312,0.001492,172.31.40.0-255,66,288597,77,360445
7313,0.001499,172.217.194.0-255,8574,297171,77,360445
7314,0.001502,172.31.40.0-255,66,297237,77,360445
7315,0.001538,172.217.194.0-255,2902,300139,77,360445
7316,0.001542,172.31.40.0-255,66,300205,77,360445
7317,0.001553,172.217.194.0-255,12110,312315,77,360445
7318,0.001556,172.217.194.0-255,1484,313799,77,360445
7319,0.001579,172.217.194.0-255,2902,316701,77,360445
7320,0.001583,172.217.194.0-255,2902,319603,77,360445
7321,0.001606,172.217.194.0-255,2902,322505,77,360445
7322,0.001646,172.217.194.0-255,5738,328243,77,360445
7323,0.001661,172.217.194.0-255,7156,335399,77,360445
7324,0.001669,172.217.194.0-255,8574,343973,77,360445
7325,0.001675,172.217.194.0-255,5020,348993,77,360445
7326,0.001682,172.31.40.0-255,66,349059,77,360445
7327,0.001718,172.217.194.0-255,1484,350543,77,360445
7328,0.001735,172.217.194.0-255,3130,353673,77,360445
7329,0.001753,172.217.194.0-255,105,353778,77,360445
7330,0.001757,172.31.40.0-255,66,353844,77,360445
7331,0.004688,172.31.40.0-255,66,353910,77,360445
7332,0.004725,172.31.40.0-255,105,354015,77,360445
7333,0.007221,172.217.194.0-255,66,354081,77,360445
7334,0.023809,172.31.40.0-255,172,354253,77,360445
7335,0.023836,172.31.40.0-255,1116,355369,77,360445
7336,0.023903,172.31.40.0-255,1514,356883,77,360445
7337,0.023905,172.31.40.0-255,1514,358397,77,360445
7338,0.02391,172.31.40.0-255,1514,359911,77,360445
7339,0.023911,172.31.40.0-255,270,360181,77,360445
7340,0.025398,104.244.42.0-255,66,360247,77,360445
7341,0.025431,104.244.42.0-255,66,360313,77,360445
7342,0.025522,104.244.42.0-255,66,360379,77,360445
7343,0.025537,104.244.42.0-255,66,360445,77,360445
7344,0.0,74.125.68.0-255,152,152,77,418684
7345,1.4e-05,172.31.40.0-255,66,218,77,418684
7346,2.1e-05,74.125.68.0-255,1484,1702,77,418684
7347,2.6e-05,172.31.40.0-255,66,1768,77,418684
7348,3.1e-05,74.125.68.0-255,2902,4670,77,418684
7349,3.4e-05,172.31.40.0-255,66,4736,77,418684
7350,6.9e-05,74.125.68.0-255,7156,11892,77,418684
7351,7.2e-05,172.31.40.0-255,66,11958,77,418684
7352,7.6e-05,74.125.68.0-255,2093,14051,77,418684
7353,7.9e-05,172.31.40.0-255,66,14117,77,418684
7354,0.000122,74.125.68.0-255,11410,25527,77,418684
7355,0.000125,172.31.40.0-255,66,25593,77,418684
7356,0.000163,74.125.68.0-255,4320,29913,77,418684
7357,0.000166,172.31.40.0-255,66,29979,77,418684
7358,0.000196,74.125.68.0-255,12828,42807,77,418684
7359,0.000198,172.31.40.0-255,66,42873,77,418684
7360,0.000217,74.125.68.0-255,4320,47193,77,418684
7361,0.00022,172.31.40.0-255,66,47259,77,418684
7362,0.000258,74.125.68.0-255,766,48025,77,418684
7363,0.000261,172.31.40.0-255,66,48091,77,418684
7364,0.000449,74.125.68.0-255,1484,49575,77,418684
7365,0.000455,172.31.40.0-255,66,49641,77,418684
7366,0.000461,74.125.68.0-255,2902,52543,77,418684
7367,0.000464,172.31.40.0-255,66,52609,77,418684
7368,0.000498,74.125.68.0-255,5738,58347,77,418684
7369,0.000501,172.31.40.0-255,66,58413,77,418684
7370,0.000509,74.125.68.0-255,6797,65210,77,418684
7371,0.000512,172.31.40.0-255,66,65276,77,418684
7372,0.000515,74.125.68.0-255,359,65635,77,418684
7373,0.000517,172.31.40.0-255,66,65701,77,418684
7374,0.00056,74.125.68.0-255,133,65834,77,418684
7375,0.000564,172.31.40.0-255,66,65900,77,418684
7376,0.000766,74.125.68.0-255,1484,67384,77,418684
7377,0.000771,74.125.68.0-255,1484,68868,77,418684
7378,0.000775,172.31.40.0-255,66,68934,77,418684
7379,0.000797,74.125.68.0-255,1484,70418,77,418684
7380,0.000803,74.125.68.0-255,4320,74738,77,418684
7381,0.00083,74.125.68.0-255,8574,83312,77,418684
7382,0.000835,172.31.40.0-255,66,83378,77,418684
7383,0.000852,74.125.68.0-255,4320,87698,77,418684
7384,0.000867,74.125.68.0-255,1484,89182,77,418684
7385,0.000872,172.31.40.0-255,66,89248,77,418684
7386,0.000901,74.125.68.0-255,7156,96404,77,418684
7387,0.000923,172.31.40.0-255,66,96470,77,418684
7388,0.000936,74.125.68.0-255,3602,100072,77,418684
7389,0.000956,172.31.40.0-255,66,100138,77,418684
7390,0.002003,74.125.68.0-255,1484,101622,77,418684
7391,0.002013,74.125.68.0-255,2902,104524,77,418684
7392,0.002016,172.31.40.0-255,66,104590,77,418684
7393,0.002022,74.125.68.0-255,2902,107492,77,418684
7394,0.002034,74.125.68.0-255,2902,110394,77,418684
7395,0.002056,74.125.68.0-255,4320,114714,77,418684
7396,0.002075,74.125.68.0-255,5738,120452,77,418684
7397,0.002108,74.125.68.0-255,2902,123354,77,418684
7398,0.002124,74.125.68.0-255,5738,129092,77,418684
7399,0.002143,74.125.68.0-255,2902,131994,77,418684
7400,0.002168,74.125.68.0-255,2184,134178,77,418684
7401,0.002319,74.125.68.0-255,1484,135662,77,418684
7402,0.002347,74.125.68.0-255,1484,137146,77,418684
7403,0.002361,74.125.68.0-255,1484,138630,77,418684
7404,0.002375,74.125.68.0-255,1484,140114,77,418684
7405,0.002378,74.125.68.0-255,1484,141598,77,418684
7406,0.00239,74.125.68.0-255,4320,145918,77,418684
7407,0.002404,74.125.68.0-255,1484,147402,77,418684
7408,0.002427,74.125.68.0-255,5738,153140,77,418684
7409,0.002456,74.125.68.0-255,8574,161714,77,418684
7410,0.002485,74.125.68.0-255,4320,166034,77,418684
7411,0.002512,74.125.68.0-255,5738,171772,77,418684
7412,0.002528,74.125.68.0-255,7856,179628,77,418684
7413,0.002592,74.125.68.0-255,1484,181112,77,418684
7414,0.002618,74.125.68.0-255,12828,193940,77,418684
7415,0.002683,74.125.68.0-255,1484,195424,77,418684
7416,0.002705,74.125.68.0-255,11410,206834,77,418684
7417,0.00272,74.125.68.0-255,2184,209018,77,418684
7418,0.002775,74.125.68.0-255,4320,213338,77,418684
7419,0.00279,74.125.68.0-255,2902,216240,77,418684
7420,0.002817,74.125.68.0-255,2902,219142,77,418684
7421,0.002837,74.125.68.0-255,4320,223462,77,418684
7422,0.00602,172.31.40.0-255,66,223528,77,418684
7423,0.008706,74.125.68.0-255,5738,229266,77,418684
7424,0.008712,172.31.40.0-255,66,229332,77,418684
7425,0.011394,74.125.68.0-255,5738,235070,77,418684
7426,0.0114,172.31.40.0-255,66,235136,77,418684
7427,0.014095,74.125.68.0-255,5738,240874,77,418684
7428,0.014102,172.31.40.0-255,66,240940,77,418684
7429,0.01682,74.125.68.0-255,5738,246678,77,418684
7430,0.016831,172.31.40.0-255,66,246744,77,418684
7431,0.019515,74.125.68.0-255,5738,252482,77,418684
7432,0.019526,172.31.40.0-255,66,252548,77,418684
7433,0.02223,74.125.68.0-255,5738,258286,77,418684
7434,0.022237,172.31.40.0-255,66,258352,77,418684
7435,0.024916,74.125.68.0-255,5738,264090,77,418684
7436,0.025164,172.31.40.0-255,66,264156,77,418684
7437,0.02784,74.125.68.0-255,5738,269894,77,418684
7438,0.027848,172.31.40.0-255,66,269960,77,418684
7439,0.03053,74.125.68.0-255,5738,275698,77,418684
7440,0.030539,172.31.40.0-255,66,275764,77,418684
7441,0.033213,74.125.68.0-255,5738,281502,77,418684
7442,0.033219,172.31.40.0-255,66,281568,77,418684
7443,0.03418,172.31.40.0-255,172,281740,77,418684
7444,0.034252,172.31.40.0-255,1120,282860,77,418684
7445,0.034318,172.31.40.0-255,1514,284374,77,418684
7446,0.03432,172.31.40.0-255,1275,285649,77,418684
7447,0.035865,104.244.42.0-255,66,285715,77,418684
7448,0.035931,74.125.68.0-255,5738,291453,77,418684
7449,0.035936,172.31.40.0-255,66,291519,77,418684
7450,0.035955,104.244.42.0-255,66,291585,77,418684
7451,0.036004,104.244.42.0-255,66,291651,77,418684
7452,0.038631,74.125.68.0-255,5738,297389,77,418684
7453,0.038638,172.31.40.0-255,66,297455,77,418684
7454,0.041334,74.125.68.0-255,5738,303193,77,418684
7455,0.041341,172.31.40.0-255,66,303259,77,418684
7456,0.044022,74.125.68.0-255,5738,308997,77,418684
7457,0.044029,172.31.40.0-255,66,309063,77,418684
7458,0.046723,74.125.68.0-255,5738,314801,77,418684
7459,0.046729,172.31.40.0-255,66,314867,77,418684
7460,0.049408,74.125.68.0-255,5738,320605,77,418684
7461,0.049415,172.31.40.0-255,66,320671,77,418684
7462,0.052109,74.125.68.0-255,5738,326409,77,418684
7463,0.052115,172.31.40.0-255,66,326475,77,418684
7464,0.05482,74.125.68.0-255,5738,332213,77,418684
7465,0.054826,172.31.40.0-255,66,332279,77,418684
7466,0.057525,74.125.68.0-255,5738,338017,77,418684
7467,0.057531,172.31.40.0-255,66,338083,77,418684
7468,0.060221,74.125.68.0-255,5738,343821,77,418684
7469,0.060228,172.31.40.0-255,66,343887,77,418684
7470,0.062915,74.125.68.0-255,5738,349625,77,418684
7471,0.062924,172.31.40.0-255,66,349691,77,418684
7472,0.06562,74.125.68.0-255,5738,355429,77,418684
7473,0.065626,172.31.40.0-255,66,355495,77,418684
7474,0.068306,74.125.68.0-255,5738,361233,77,418684
7475,0.068312,172.31.40.0-255,66,361299,77,418684
7476,0.071026,74.125.68.0-255,5738,367037,77,418684
7477,0.071033,172.31.40.0-255,66,367103,77,418684
7478,0.073734,74.125.68.0-255,4320,371423,77,418684
7479,0.073739,172.31.40.0-255,66,371489,77,418684
7480,0.073755,74.125.68.0-255,1484,372973,77,418684
7481,0.076419,74.125.68.0-255,4320,377293,77,418684
7482,0.076426,172.31.40.0-255,66,377359,77,418684
7483,0.079121,74.125.68.0-255,5738,383097,77,418684
7484,0.079176,172.31.40.0-255,66,383163,77,418684
7485,0.081865,74.125.68.0-255,5738,388901,77,418684
7486,0.081871,172.31.40.0-255,66,388967,77,418684
7487,0.08455,74.125.68.0-255,5738,394705,77,418684
7488,0.084555,172.31.40.0-255,66,394771,77,418684
7489,0.087287,74.125.68.0-255,5738,400509,77,418684
7490,0.087294,172.31.40.0-255,66,400575,77,418684
7491,0.09003,74.125.68.0-255,5738,406313,77,418684
7492,0.090037,172.31.40.0-255,66,406379,77,418684
7493,0.09273,74.125.68.0-255,5738,412117,77,418684
7494,0.092736,172.31.40.0-255,66,412183,77,418684
7495,0.09544,74.125.68.0-255,5738,417921,77,418684
7496,0.095446,172.31.40.0-255,66,417987,77,418684
7497,0.098112,74.125.68.0-255,526,418513,77,418684
7498,0.098261,172.31.40.0-255,66,418579,77,418684
7499,0.098297,172.31.40.0-255,105,418684,77,418684
7500,0.0,172.253.118.0-255,153,153,77,281038
7501,2.5e-05,172.31.40.0-255,66,219,77,281038
7502,3.3e-05,172.253.118.0-255,1484,1703,77,281038
7503,3.8e-05,172.31.40.0-255,66,1769,77,281038
7504,4.4e-05,172.253.118.0-255,2902,4671,77,281038
7505,5.6e-05,172.31.40.0-255,66,4737,77,281038
7506,9.8e-05,172.253.118.0-255,2902,7639,77,281038
7507,0.000101,172.31.40.0-255,66,7705,77,281038
7508,0.000129,172.253.118.0-255,4320,12025,77,281038
7509,0.000132,172.31.40.0-255,66,12091,77,281038
7510,0.00024,172.253.118.0-255,2062,14153,77,281038
7511,0.000244,172.31.40.0-255,66,14219,77,281038
7512,0.00029,172.253.118.0-255,8574,22793,77,281038
7513,0.000294,172.31.40.0-255,66,22859,77,281038
7514,0.000318,172.253.118.0-255,2902,25761,77,281038
7515,0.000321,172.31.40.0-255,66,25827,77,281038
7516,0.000524,172.253.118.0-255,4320,30147,77,281038
7517,0.00053,172.31.40.0-255,66,30213,77,281038
7518,0.000555,172.253.118.0-255,1125,31338,77,281038
7519,0.000558,172.31.40.0-255,66,31404,77,281038
7520,0.000638,172.253.118.0-255,2902,34306,77,281038
7521,0.000643,172.31.40.0-255,66,34372,77,281038
7522,0.000701,172.253.118.0-255,5738,40110,77,281038
7523,0.000705,172.31.40.0-255,66,40176,77,281038
7524,0.000745,172.31.40.0-255,66,40242,77,281038
7525,0.001164,172.253.118.0-255,8215,48457,77,281038
7526,0.001169,172.31.40.0-255,66,48523,77,281038
7527,0.001342,172.253.118.0-255,4320,52843,77,281038
7528,0.001348,172.31.40.0-255,66,52909,77,281038
7529,0.001386,172.253.118.0-255,10338,63247,77,281038
7530,0.00139,172.31.40.0-255,66,63313,77,281038
7531,0.001637,172.253.118.0-255,7156,70469,77,281038
7532,0.001674,172.253.118.0-255,12374,82843,77,281038
7533,0.002046,172.253.118.0-255,5738,88581,77,281038
7534,0.002728,172.253.118.0-255,4320,92901,77,281038
7535,0.002831,172.31.40.0-255,66,92967,77,281038
7536,0.00339,172.253.118.0-255,8574,101541,77,281038
7537,0.003395,172.31.40.0-255,66,101607,77,281038
7538,0.003466,172.31.40.0-255,66,101673,77,281038
7539,0.004128,172.253.118.0-255,8574,110247,77,281038
7540,0.004134,172.31.40.0-255,66,110313,77,281038
7541,0.00931,172.31.40.0-255,66,110379,77,281038
7542,0.011926,172.253.118.0-255,5738,116117,77,281038
7543,0.011936,172.31.40.0-255,66,116183,77,281038
7544,0.014558,172.253.118.0-255,5738,121921,77,281038
7545,0.014571,172.31.40.0-255,66,121987,77,281038
7546,0.017184,172.253.118.0-255,5738,127725,77,281038
7547,0.017196,172.31.40.0-255,66,127791,77,281038
7548,0.019787,172.253.118.0-255,5738,133529,77,281038
7549,0.02061,172.31.40.0-255,66,133595,77,281038
7550,0.023223,172.253.118.0-255,5738,139333,77,281038
7551,0.023234,172.31.40.0-255,66,139399,77,281038
7552,0.025843,172.253.118.0-255,5738,145137,77,281038
7553,0.025854,172.31.40.0-255,66,145203,77,281038
7554,0.02847,172.253.118.0-255,5738,150941,77,281038
7555,0.028486,172.31.40.0-255,66,151007,77,281038
7556,0.031182,172.253.118.0-255,5738,156745,77,281038
7557,0.031192,172.31.40.0-255,66,156811,77,281038
7558,0.0338,172.253.118.0-255,5738,162549,77,281038
7559,0.033811,172.31.40.0-255,66,162615,77,281038
7560,0.036408,172.253.118.0-255,5738,168353,77,281038
7561,0.036419,172.31.40.0-255,66,168419,77,281038
7562,0.037612,172.31.40.0-255,172,168591,77,281038
7563,0.037646,172.31.40.0-255,1118,169709,77,281038
7564,0.037713,172.31.40.0-255,1514,171223,77,281038
7565,0.037715,172.31.40.0-255,1514,172737,77,281038
7566,0.037716,172.31.40.0-255,1514,174251,77,281038
7567,0.037717,172.31.40.0-255,98,174349,77,281038
7568,0.039037,172.253.118.0-255,5738,180087,77,281038
7569,0.039047,172.31.40.0-255,66,180153,77,281038
7570,0.039166,104.244.42.0-255,66,180219,77,281038
7571,0.039214,104.244.42.0-255,66,180285,77,281038
7572,0.039244,104.244.42.0-255,66,180351,77,281038
7573,0.039307,104.244.42.0-255,66,180417,77,281038
7574,0.041647,172.253.118.0-255,5738,186155,77,281038
7575,0.041654,172.31.40.0-255,66,186221,77,281038
7576,0.044245,172.253.118.0-255,4320,190541,77,281038
7577,0.044253,172.31.40.0-255,66,190607,77,281038
7578,0.044284,172.253.118.0-255,1484,192091,77,281038
7579,0.046845,172.253.118.0-255,4320,196411,77,281038
7580,0.046852,172.31.40.0-255,66,196477,77,281038
7581,0.049467,172.253.118.0-255,5738,202215,77,281038
7582,0.049519,172.31.40.0-255,66,202281,77,281038
7583,0.052163,172.253.118.0-255,5738,208019,77,281038
7584,0.05217,172.31.40.0-255,66,208085,77,281038
7585,0.05475,172.253.118.0-255,5738,213823,77,281038
7586,0.054772,172.31.40.0-255,66,213889,77,281038
7587,0.057387,172.253.118.0-255,5738,219627,77,281038
7588,0.057394,172.31.40.0-255,66,219693,77,281038
7589,0.060001,172.253.118.0-255,5738,225431,77,281038
7590,0.060008,172.31.40.0-255,66,225497,77,281038
7591,0.062621,172.253.118.0-255,5738,231235,77,281038
7592,0.062631,172.31.40.0-255,66,231301,77,281038
7593,0.065247,172.253.118.0-255,5738,237039,77,281038
7594,0.065254,172.31.40.0-255,66,237105,77,281038
7595,0.067862,172.253.118.0-255,5738,242843,77,281038
7596,0.067869,172.31.40.0-255,66,242909,77,281038
7597,0.070487,172.253.118.0-255,5738,248647,77,281038
7598,0.070497,172.31.40.0-255,66,248713,77,281038
7599,0.073099,172.253.118.0-255,5738,254451,77,281038
7600,0.073106,172.31.40.0-255,66,254517,77,281038
7601,0.075715,172.253.118.0-255,2902,257419,77,281038
7602,0.075723,172.31.40.0-255,66,257485,77,281038
7603,0.075731,172.253.118.0-255,2902,260387,77,281038
7604,0.075785,172.31.40.0-255,66,260453,77,281038
7605,0.078323,172.253.118.0-255,2902,263355,77,281038
7606,0.078332,172.31.40.0-255,66,263421,77,281038
7607,0.078373,172.253.118.0-255,2902,266323,77,281038
7608,0.078415,172.31.40.0-255,66,266389,77,281038
7609,0.08094,172.253.118.0-255,2902,269291,77,281038
7610,0.080956,172.31.40.0-255,66,269357,77,281038
7611,0.080991,172.253.118.0-255,2902,272259,77,281038
7612,0.081044,172.31.40.0-255,66,272325,77,281038
7613,0.083567,172.253.118.0-255,2902,275227,77,281038
7614,0.083574,172.31.40.0-255,66,275293,77,281038
7615,0.083646,172.253.118.0-255,2902,278195,77,281038
7616,0.083672,172.31.40.0-255,66,278261,77,281038
7617,0.086183,172.253.118.0-255,2540,280801,77,281038
7618,0.08619,172.31.40.0-255,66,280867,77,281038
7619,0.08636,172.31.40.0-255,105,280972,77,281038
7620,0.088941,172.253.118.0-255,66,281038,77,281038
7621,0.0,74.125.200.0-255,296,296,77,306455
7622,2.5e-05,172.31.40.0-255,66,362,77,306455
7623,3.2e-05,74.125.200.0-255,1484,1846,77,306455
7624,3.7e-05,172.31.40.0-255,66,1912,77,306455
7625,4.5e-05,74.125.200.0-255,4320,6232,77,306455
7626,4.8e-05,172.31.40.0-255,66,6298,77,306455
7627,5.3e-05,74.125.200.0-255,2902,9200,77,306455
7628,5.6e-05,172.31.40.0-255,66,9266,77,306455
7629,7.7e-05,74.125.200.0-255,4320,13586,77,306455
7630,8e-05,172.31.40.0-255,66,13652,77,306455
7631,8.3e-05,74.125.200.0-255,461,14113,77,306455
7632,8.5e-05,172.31.40.0-255,66,14179,77,306455
7633,0.000357,74.125.200.0-255,1484,15663,77,306455
7634,0.000363,172.31.40.0-255,66,15729,77,306455
7635,0.000368,74.125.200.0-255,2902,18631,77,306455
7636,0.00037,172.31.40.0-255,66,18697,77,306455
7637,0.00039,74.125.200.0-255,5738,24435,77,306455
7638,0.000393,172.31.40.0-255,66,24501,77,306455
7639,0.00042,74.125.200.0-255,4320,28821,77,306455
7640,0.000423,172.31.40.0-255,66,28887,77,306455
7641,0.000429,74.125.200.0-255,5379,34266,77,306455
7642,0.000431,172.31.40.0-255,66,34332,77,306455
7643,0.000475,74.125.200.0-255,2902,37234,77,306455
7644,0.000477,172.31.40.0-255,66,37300,77,306455
7645,0.000482,74.125.200.0-255,4320,41620,77,306455
7646,0.000484,172.31.40.0-255,66,41686,77,306455
7647,0.000496,74.125.200.0-255,1484,43170,77,306455
7648,0.000498,172.31.40.0-255,66,43236,77,306455
7649,0.000514,74.125.200.0-255,5379,48615,77,306455
7650,0.000518,172.31.40.0-255,66,48681,77,306455
7651,0.000554,74.125.200.0-255,1484,50165,77,306455
7652,0.000556,172.31.40.0-255,66,50231,77,306455
7653,0.000561,74.125.200.0-255,2902,53133,77,306455
7654,0.000563,172.31.40.0-255,66,53199,77,306455
7655,0.000566,74.125.200.0-255,1484,54683,77,306455
7656,0.00058,74.125.200.0-255,4320,59003,77,306455
7657,0.000583,172.31.40.0-255,66,59069,77,306455
7658,0.000594,74.125.200.0-255,1484,60553,77,306455
7659,0.000612,74.125.200.0-255,5379,65932,77,306455
7660,0.000615,172.31.40.0-255,66,65998,77,306455
7661,0.000631,74.125.200.0-255,646,66644,77,306455
7662,0.000978,74.125.200.0-255,1484,68128,77,306455
7663,0.000984,172.31.40.0-255,66,68194,77,306455
7664,0.00099,74.125.200.0-255,2902,71096,77,306455
7665,0.000992,172.31.40.0-255,66,71162,77,306455
7666,0.001004,74.125.200.0-255,1484,72646,77,306455
7667,0.001023,74.125.200.0-255,2902,75548,77,306455
7668,0.001027,172.31.40.0-255,66,75614,77,306455
7669,0.001032,74.125.200.0-255,4320,79934,77,306455
7670,0.001035,172.31.40.0-255,66,80000,77,306455
7671,0.001051,74.125.200.0-255,4320,84320,77,306455
7672,0.001054,172.31.40.0-255,66,84386,77,306455
7673,0.001071,74.125.200.0-255,7156,91542,77,306455
7674,0.001074,172.31.40.0-255,66,91608,77,306455
7675,0.001112,74.125.200.0-255,7156,98764,77,306455
7676,0.001117,172.31.40.0-255,66,98830,77,306455
7677,0.001124,74.125.200.0-255,1484,100314,77,306455
7678,0.00114,74.125.200.0-255,766,101080,77,306455
7679,0.001143,172.31.40.0-255,66,101146,77,306455
7680,0.004001,74.125.200.0-255,1484,102630,77,306455
7681,0.004012,74.125.200.0-255,2902,105532,77,306455
7682,0.004018,172.31.40.0-255,66,105598,77,306455
7683,0.004023,74.125.200.0-255,1484,107082,77,306455
7684,0.006751,74.125.200.0-255,4320,111402,77,306455
7685,0.006755,172.31.40.0-255,66,111468,77,306455
7686,0.009467,74.125.200.0-255,5738,117206,77,306455
7687,0.009474,172.31.40.0-255,66,117272,77,306455
7688,0.012204,74.125.200.0-255,5738,123010,77,306455
7689,0.012214,172.31.40.0-255,66,123076,77,306455
7690,0.014939,74.125.200.0-255,2902,125978,77,306455
7691,0.014949,172.31.40.0-255,66,126044,77,306455
7692,0.014972,74.125.200.0-255,2902,128946,77,306455
7693,0.014975,172.31.40.0-255,66,129012,77,306455
7694,0.01768,74.125.200.0-255,5738,134750,77,306455
7695,0.01769,172.31.40.0-255,66,134816,77,306455
7696,0.020419,74.125.200.0-255,5738,140554,77,306455
7697,0.020426,172.31.40.0-255,66,140620,77,306455
7698,0.023175,74.125.200.0-255,5738,146358,77,306455
7699,0.023183,172.31.40.0-255,66,146424,77,306455
7700,0.025912,74.125.200.0-255,5738,152162,77,306455
7701,0.025919,172.31.40.0-255,66,152228,77,306455
7702,0.026623,172.31.40.0-255,172,152400,77,306455
7703,0.02665,172.31.40.0-255,1120,153520,77,306455
7704,0.026697,172.31.40.0-255,1514,155034,77,306455
7705,0.026699,172.31.40.0-255,1275,156309,77,306455
7706,0.028328,104.244.42.0-255,66,156375,77,306455
7707,0.028359,104.244.42.0-255,66,156441,77,306455
7708,0.028416,104.244.42.0-255,66,156507,77,306455
7709,0.028634,74.125.200.0-255,5738,162245,77,306455
7710,0.028639,172.31.40.0-255,66,162311,77,306455
7711,0.031361,74.125.200.0-255,4320,166631,77,306455
7712,0.031366,172.31.40.0-255,66,166697,77,306455
7713,0.031387,74.125.200.0-255,1484,168181,77,306455
7714,0.034111,74.125.200.0-255,4320,172501,77,306455
7715,0.034118,172.31.40.0-255,66,172567,77,306455
7716,0.036847,74.125.200.0-255,5738,178305,77,306455
7717,0.036855,172.31.40.0-255,66,178371,77,306455
7718,0.039581,74.125.200.0-255,4320,182691,77,306455
7719,0.039587,172.31.40.0-255,66,182757,77,306455
7720,0.039606,74.125.200.0-255,1484,184241,77,306455
7721,0.042309,74.125.200.0-255,4320,188561,77,306455
7722,0.042315,172.31.40.0-255,66,188627,77,306455
7723,0.045036,74.125.200.0-255,5738,194365,77,306455
7724,0.045043,172.31.40.0-255,66,194431,77,306455
7725,0.047765,74.125.200.0-255,4320,198751,77,306455
7726,0.047772,172.31.40.0-255,66,198817,77,306455
7727,0.047792,74.125.200.0-255,1484,200301,77,306455
7728,0.050521,74.125.200.0-255,4320,204621,77,306455
7729,0.05053,172.31.40.0-255,66,204687,77,306455
7730,0.053259,74.125.200.0-255,5738,210425,77,306455
7731,0.053265,172.31.40.0-255,66,210491,77,306455
7732,0.055996,74.125.200.0-255,5738,216229,77,306455
7733,0.056002,172.31.40.0-255,66,216295,77,306455
7734,0.05878,74.125.200.0-255,5738,222033,77,306455
7735,0.058785,172.31.40.0-255,66,222099,77,306455
7736,0.061506,74.125.200.0-255,4320,226419,77,306455
7737,0.061511,172.31.40.0-255,66,226485,77,306455
7738,0.061529,74.125.200.0-255,1484,227969,77,306455
7739,0.064226,74.125.200.0-255,4320,232289,77,306455
7740,0.064233,172.31.40.0-255,66,232355,77,306455
7741,0.066972,74.125.200.0-255,5738,238093,77,306455
7742,0.066979,172.31.40.0-255,66,238159,77,306455
7743,0.069707,74.125.200.0-255,4320,242479,77,306455
7744,0.069714,172.31.40.0-255,66,242545,77,306455
7745,0.069735,74.125.200.0-255,1484,244029,77,306455
7746,0.07243,74.125.200.0-255,4320,248349,77,306455
7747,0.072437,172.31.40.0-255,66,248415,77,306455
7748,0.075168,74.125.200.0-255,5738,254153,77,306455
7749,0.075175,172.31.40.0-255,66,254219,77,306455
7750,0.077906,74.125.200.0-255,5738,259957,77,306455
7751,0.077912,172.31.40.0-255,66,260023,77,306455
7752,0.08064,74.125.200.0-255,5738,265761,77,306455
7753,0.08065,172.31.40.0-255,66,265827,77,306455
7754,0.083404,74.125.200.0-255,5738,271565,77,306455
7755,0.083409,172.31.40.0-255,66,271631,77,306455
7756,0.086155,74.125.200.0-255,5738,277369,77,306455
7757,0.086161,172.31.40.0-255,66,277435,77,306455
7758,0.0889,74.125.200.0-255,5738,283173,77,306455
7759,0.088907,172.31.40.0-255,66,283239,77,306455
7760,0.091643,74.125.200.0-255,5738,288977,77,306455
7761,0.091649,172.31.40.0-255,66,289043,77,306455
7762,0.094369,74.125.200.0-255,5738,294781,77,306455
7763,0.094374,172.31.40.0-255,66,294847,77,306455
7764,0.097117,74.125.200.0-255,5738,300585,77,306455
7765,0.097127,172.31.40.0-255,66,300651,77,306455
7766,0.099848,74.125.200.0-255,5738,306389,77,306455
7767,0.099854,172.31.40.0-255,66,306455,77,306455
7768,0.0,74.125.68.0-255,150,150,77,424637
7769,1.4e-05,172.31.40.0-255,66,216,77,424637
7770,2.1e-05,74.125.68.0-255,1484,1700,77,424637
7771,2.5e-05,172.31.40.0-255,66,1766,77,424637
7772,5e-05,74.125.68.0-255,1484,3250,77,424637
7773,5.4e-05,172.31.40.0-255,66,3316,77,424637
7774,5.8e-05,74.125.68.0-255,1484,4800,77,424637
7775,6e-05,172.31.40.0-255,66,4866,77,424637
7776,9.4e-05,74.125.68.0-255,1484,6350,77,424637
7777,9.7e-05,172.31.40.0-255,66,6416,77,424637
7778,0.000105,74.125.68.0-255,5738,12154,77,424637
7779,0.000108,172.31.40.0-255,66,12220,77,424637
7780,0.000112,74.125.68.0-255,2064,14284,77,424637
7781,0.000115,172.31.40.0-255,66,14350,77,424637
7782,0.000169,74.125.68.0-255,1484,15834,77,424637
7783,0.000172,172.31.40.0-255,66,15900,77,424637
7784,0.000194,74.125.68.0-255,1484,17384,77,424637
7785,0.000196,172.31.40.0-255,66,17450,77,424637
7786,0.0002,74.125.68.0-255,1484,18934,77,424637
7787,0.000202,172.31.40.0-255,66,19000,77,424637
7788,0.000225,74.125.68.0-255,1484,20484,77,424637
7789,0.000227,172.31.40.0-255,66,20550,77,424637
7790,0.000234,74.125.68.0-255,5738,26288,77,424637
7791,0.00024,172.31.40.0-255,66,26354,77,424637
7792,0.00026,74.125.68.0-255,1484,27838,77,424637
7793,0.000262,172.31.40.0-255,66,27904,77,424637
7794,0.000288,74.125.68.0-255,3961,31865,77,424637
7795,0.000291,172.31.40.0-255,66,31931,77,424637
7796,0.000319,74.125.68.0-255,1484,33415,77,424637
7797,0.000321,172.31.40.0-255,66,33481,77,424637
7798,0.000342,74.125.68.0-255,4320,37801,77,424637
7799,0.000344,172.31.40.0-255,66,37867,77,424637
7800,0.000391,74.125.68.0-255,7156,45023,77,424637
7801,0.000395,172.31.40.0-255,66,45089,77,424637
7802,0.000419,74.125.68.0-255,1484,46573,77,424637
7803,0.000438,74.125.68.0-255,2543,49116,77,424637
7804,0.000441,172.31.40.0-255,66,49182,77,424637
7805,0.001005,74.125.68.0-255,1484,50666,77,424637
7806,0.001013,74.125.68.0-255,1484,52150,77,424637
7807,0.001017,172.31.40.0-255,66,52216,77,424637
7808,0.001023,74.125.68.0-255,2902,55118,77,424637
7809,0.001025,172.31.40.0-255,66,55184,77,424637
7810,0.001046,74.125.68.0-255,2902,58086,77,424637
7811,0.001049,172.31.40.0-255,66,58152,77,424637
7812,0.001082,74.125.68.0-255,2902,61054,77,424637
7813,0.001084,172.31.40.0-255,66,61120,77,424637
7814,0.001088,74.125.68.0-255,2902,64022,77,424637
7815,0.00109,172.31.40.0-255,66,64088,77,424637
7816,0.001095,74.125.68.0-255,2543,66631,77,424637
7817,0.001097,172.31.40.0-255,66,66697,77,424637
7818,0.001203,74.125.68.0-255,1484,68181,77,424637
7819,0.001233,74.125.68.0-255,2902,71083,77,424637
7820,0.001237,172.31.40.0-255,66,71149,77,424637
7821,0.001241,74.125.68.0-255,1484,72633,77,424637
7822,0.001273,74.125.68.0-255,2902,75535,77,424637
7823,0.001275,172.31.40.0-255,66,75601,77,424637
7824,0.001282,74.125.68.0-255,5738,81339,77,424637
7825,0.001284,172.31.40.0-255,66,81405,77,424637
7826,0.001292,74.125.68.0-255,1484,82889,77,424637
7827,0.001297,74.125.68.0-255,2902,85791,77,424637
7828,0.001299,172.31.40.0-255,66,85857,77,424637
7829,0.001305,74.125.68.0-255,4320,90177,77,424637
7830,0.001307,172.31.40.0-255,66,90243,77,424637
7831,0.001332,74.125.68.0-255,1484,91727,77,424637
7832,0.001338,74.125.68.0-255,4320,96047,77,424637
7833,0.00134,172.31.40.0-255,66,96113,77,424637
7834,0.001372,74.125.68.0-255,5020,101133,77,424637
7835,0.001375,172.31.40.0-255,66,101199,77,424637
7836,0.001508,74.125.68.0-255,1484,102683,77,424637
7837,0.001514,74.125.68.0-255,1484,104167,77,424637
7838,0.001517,172.31.40.0-255,66,104233,77,424637
7839,0.001546,74.125.68.0-255,2902,107135,77,424637
7840,0.001549,172.31.40.0-255,66,107201,77,424637
7841,0.001573,74.125.68.0-255,4320,111521,77,424637
7842,0.001576,172.31.40.0-255,66,111587,77,424637
7843,0.001601,74.125.68.0-255,1484,113071,77,424637
7844,0.001604,74.125.68.0-255,1484,114555,77,424637
7845,0.001606,172.31.40.0-255,66,114621,77,424637
7846,0.001611,74.125.68.0-255,2902,117523,77,424637
7847,0.001613,172.31.40.0-255,66,117589,77,424637
7848,0.001617,74.125.68.0-255,2902,120491,77,424637
7849,0.00162,172.31.40.0-255,66,120557,77,424637
7850,0.001651,74.125.68.0-255,2902,123459,77,424637
7851,0.001654,172.31.40.0-255,66,123525,77,424637
7852,0.001659,74.125.68.0-255,4320,127845,77,424637
7853,0.001662,172.31.40.0-255,66,127911,77,424637
7854,0.001669,74.125.68.0-255,5738,133649,77,424637
7855,0.001672,172.31.40.0-255,66,133715,77,424637
7856,0.001676,74.125.68.0-255,2184,135899,77,424637
7857,0.001678,172.31.40.0-255,66,135965,77,424637
7858,0.001708,74.125.68.0-255,1484,137449,77,424637
7859,0.001736,74.125.68.0-255,1484,138933,77,424637
7860,0.001738,172.31.40.0-255,66,138999,77,424637
7861,0.001746,74.125.68.0-255,7156,146155,77,424637
7862,0.001748,172.31.40.0-255,66,146221,77,424637
7863,0.001752,74.125.68.0-255,2902,149123,77,424637
7864,0.001754,172.31.40.0-255,66,149189,77,424637
7865,0.001791,74.125.68.0-255,4320,153509,77,424637
7866,0.001794,172.31.40.0-255,66,153575,77,424637
7867,0.001802,74.125.68.0-255,8574,162149,77,424637
7868,0.001805,172.31.40.0-255,66,162215,77,424637
7869,0.001813,74.125.68.0-255,7856,170071,77,424637
7870,0.001815,172.31.40.0-255,66,170137,77,424637
7871,0.001863,74.125.68.0-255,1484,171621,77,424637
7872,0.001869,74.125.68.0-255,2902,174523,77,424637
7873,0.001871,172.31.40.0-255,66,174589,77,424637
7874,0.001875,74.125.68.0-255,2902,177491,77,424637
7875,0.001877,172.31.40.0-255,66,177557,77,424637
7876,0.001899,74.125.68.0-255,2902,180459,77,424637
7877,0.001902,172.31.40.0-255,66,180525,77,424637
7878,0.001917,74.125.68.0-255,1484,182009,77,424637
7879,0.001925,74.125.68.0-255,1484,183493,77,424637
7880,0.001927,172.31.40.0-255,66,183559,77,424637
7881,0.001965,74.125.68.0-255,7156,190715,77,424637
7882,0.001968,172.31.40.0-255,66,190781,77,424637
7883,0.001972,74.125.68.0-255,2902,193683,77,424637
7884,0.001975,172.31.40.0-255,66,193749,77,424637
7885,0.001999,74.125.68.0-255,4320,198069,77,424637
7886,0.002007,172.31.40.0-255,66,198135,77,424637
7887,0.002035,74.125.68.0-255,2902,201037,77,424637
7888,0.002039,172.31.40.0-255,66,201103,77,424637
7889,0.002049,74.125.68.0-255,3602,204705,77,424637
7890,0.002052,172.31.40.0-255,66,204771,77,424637
7891,0.004165,74.125.68.0-255,4320,209091,77,424637
7892,0.004173,172.31.40.0-255,66,209157,77,424637
7893,0.004198,74.125.68.0-255,1484,210641,77,424637
7894,0.006317,74.125.68.0-255,1484,212125,77,424637
7895,0.006321,172.31.40.0-255,66,212191,77,424637
7896,0.006337,74.125.68.0-255,1484,213675,77,424637
7897,0.006349,74.125.68.0-255,1484,215159,77,424637
7898,0.006351,172.31.40.0-255,66,215225,77,424637
7899,0.008448,74.125.68.0-255,2902,218127,77,424637
7900,0.008455,172.31.40.0-255,66,218193,77,424637
7901,0.008486,74.125.68.0-255,2902,221095,77,424637
7902,0.008489,172.31.40.0-255,66,221161,77,424637
7903,0.010614,74.125.68.0-255,1484,222645,77,424637
7904,0.010638,74.125.68.0-255,2902,225547,77,424637
7905,0.010642,172.31.40.0-255,66,225613,77,424637
7906,0.010671,74.125.68.0-255,1484,227097,77,424637
7907,0.01277,74.125.68.0-255,4320,231417,77,424637
7908,0.012777,172.31.40.0-255,66,231483,77,424637
7909,0.014898,74.125.68.0-255,2902,234385,77,424637
7910,0.014905,172.31.40.0-255,66,234451,77,424637
7911,0.014929,74.125.68.0-255,2902,237353,77,424637
7912,0.014931,172.31.40.0-255,66,237419,77,424637
7913,0.017027,74.125.68.0-255,2902,240321,77,424637
7914,0.017033,172.31.40.0-255,66,240387,77,424637
7915,0.017061,74.125.68.0-255,2902,243289,77,424637
7916,0.017063,172.31.40.0-255,66,243355,77,424637
7917,0.019155,74.125.68.0-255,2902,246257,77,424637
7918,0.019161,172.31.40.0-255,66,246323,77,424637
7919,0.019185,74.125.68.0-255,2902,249225,77,424637
7920,0.019187,172.31.40.0-255,66,249291,77,424637
7921,0.021329,74.125.68.0-255,2902,252193,77,424637
7922,0.021341,172.31.40.0-255,66,252259,77,424637
7923,0.021373,74.125.68.0-255,2902,255161,77,424637
7924,0.021376,172.31.40.0-255,66,255227,77,424637
7925,0.023452,74.125.68.0-255,2902,258129,77,424637
7926,0.02346,172.31.40.0-255,66,258195,77,424637
7927,0.02349,74.125.68.0-255,2902,261097,77,424637
7928,0.023492,172.31.40.0-255,66,261163,77,424637
7929,0.025588,74.125.68.0-255,4320,265483,77,424637
7930,0.025595,172.31.40.0-255,66,265549,77,424637
7931,0.025626,74.125.68.0-255,1484,267033,77,424637
7932,0.027723,74.125.68.0-255,2902,269935,77,424637
7933,0.02773,172.31.40.0-255,66,270001,77,424637
7934,0.029851,74.125.68.0-255,5738,275739,77,424637
7935,0.029858,172.31.40.0-255,66,275805,77,424637
7936,0.03197,74.125.68.0-255,4320,280125,77,424637
7937,0.031976,172.31.40.0-255,66,280191,77,424637
7938,0.032007,74.125.68.0-255,1484,281675,77,424637
7939,0.033757,172.31.40.0-255,171,281846,77,424637
7940,0.033787,172.31.40.0-255,1142,282988,77,424637
7941,0.033846,172.31.40.0-255,1514,284502,77,424637
7942,0.033848,172.31.40.0-255,1253,285755,77,424637
7943,0.034093,74.125.68.0-255,4320,290075,77,424637
7944,0.034099,172.31.40.0-255,66,290141,77,424637
7945,0.035494,104.244.42.0-255,66,290207,77,424637
7946,0.035541,104.244.42.0-255,66,290273,77,424637
7947,0.035604,104.244.42.0-255,66,290339,77,424637
7948,0.03624,74.125.68.0-255,5738,296077,77,424637
7949,0.036246,172.31.40.0-255,66,296143,77,424637
7950,0.038368,74.125.68.0-255,5738,301881,77,424637
7951,0.038375,172.31.40.0-255,66,301947,77,424637
7952,0.040506,74.125.68.0-255,5738,307685,77,424637
7953,0.040512,172.31.40.0-255,66,307751,77,424637
7954,0.042629,74.125.68.0-255,5738,313489,77,424637
7955,0.042636,172.31.40.0-255,66,313555,77,424637
7956,0.044787,74.125.68.0-255,5738,319293,77,424637
7957,0.044794,172.31.40.0-255,66,319359,77,424637
7958,0.046906,74.125.68.0-255,5738,325097,77,424637
7959,0.046913,172.31.40.0-255,66,325163,77,424637
7960,0.049083,74.125.68.0-255,5738,330901,77,424637
7961,0.049089,172.31.40.0-255,66,330967,77,424637
7962,0.051198,74.125.68.0-255,5738,336705,77,424637
7963,0.051204,172.31.40.0-255,66,336771,77,424637
7964,0.053336,74.125.68.0-255,4320,341091,77,424637
7965,0.053342,172.31.40.0-255,66,341157,77,424637
7966,0.053376,74.125.68.0-255,1484,342641,77,424637
7967,0.055452,74.125.68.0-255,4320,346961,77,424637
7968,0.055458,172.31.40.0-255,66,347027,77,424637
7969,0.057583,74.125.68.0-255,5738,352765,77,424637
7970,0.057588,172.31.40.0-255,66,352831,77,424637
7971,0.059698,74.125.68.0-255,2902,355733,77,424637
7972,0.059703,172.31.40.0-255,66,355799,77,424637
7973,0.05973,74.125.68.0-255,2902,358701,77,424637
7974,0.059732,172.31.40.0-255,66,358767,77,424637
7975,0.061857,74.125.68.0-255,5738,364505,77,424637
7976,0.061864,172.31.40.0-255,66,364571,77,424637
7977,0.064163,74.125.68.0-255,5738,370309,77,424637
7978,0.06417,172.31.40.0-255,66,370375,77,424637
7979,0.066287,74.125.68.0-255,5738,376113,77,424637
7980,0.066293,172.31.40.0-255,66,376179,77,424637
7981,0.068421,74.125.68.0-255,5738,381917,77,424637
7982,0.068428,172.31.40.0-255,66,381983,77,424637
7983,0.070551,74.125.68.0-255,5738,387721,77,424637
7984,0.070557,172.31.40.0-255,66,387787,77,424637
7985,0.072667,74.125.68.0-255,5738,393525,77,424637
7986,0.072673,172.31.40.0-255,66,393591,77,424637
7987,0.074793,74.125.68.0-255,5738,399329,77,424637
7988,0.074797,172.31.40.0-255,66,399395,77,424637
7989,0.076903,74.125.68.0-255,4320,403715,77,424637
7990,0.076909,172.31.40.0-255,66,403781,77,424637
7991,0.076932,74.125.68.0-255,1484,405265,77,424637
7992,0.079015,74.125.68.0-255,4320,409585,77,424637
7993,0.07902,172.31.40.0-255,66,409651,77,424637
7994,0.081146,74.125.68.0-255,5738,415389,77,424637
7995,0.081152,172.31.40.0-255,66,415455,77,424637
7996,0.083279,74.125.68.0-255,5738,421193,77,424637
7997,0.083286,172.31.40.0-255,66,421259,77,424637
7998,0.085412,74.125.68.0-255,3141,424400,77,424637
7999,0.085417,172.31.40.0-255,66,424466,77,424637
8000,0.085563,172.31.40.0-255,105,424571,77,424637
8001,0.087623,74.125.68.0-255,66,424637,77,424637
8002,0.0,74.125.200.0-255,66,66,77,66
8003,0.0,74.125.24.0-255,149,149,77,357015
8004,1.3e-05,172.31.40.0-255,66,215,77,357015
8005,2e-05,74.125.24.0-255,1484,1699,77,357015
8006,2.4e-05,172.31.40.0-255,66,1765,77,357015
8007,3e-05,74.125.24.0-255,2902,4667,77,357015
8008,3.3e-05,172.31.40.0-255,66,4733,77,357015
8009,4e-05,74.125.24.0-255,7156,11889,77,357015
8010,4.3e-05,172.31.40.0-255,66,11955,77,357015
8011,8.3e-05,74.125.24.0-255,2038,13993,77,357015
8012,8.5e-05,172.31.40.0-255,66,14059,77,357015
8013,0.000136,74.125.24.0-255,1484,15543,77,357015
8014,0.000139,172.31.40.0-255,66,15609,77,357015
8015,0.000143,74.125.24.0-255,2902,18511,77,357015
8016,0.000145,172.31.40.0-255,66,18577,77,357015
8017,0.00016,74.125.24.0-255,5738,24315,77,357015
8018,0.000163,172.31.40.0-255,66,24381,77,357015
8019,0.000181,74.125.24.0-255,2902,27283,77,357015
8020,0.000183,172.31.40.0-255,66,27349,77,357015
8021,0.000203,74.125.24.0-255,6797,34146,77,357015
8022,0.000205,172.31.40.0-255,66,34212,77,357015
8023,0.000213,74.125.24.0-255,8574,42786,77,357015
8024,0.000215,172.31.40.0-255,66,42852,77,357015
8025,0.000243,74.125.24.0-255,8574,51426,77,357015
8026,0.000245,172.31.40.0-255,66,51492,77,357015
8027,0.000256,74.125.24.0-255,13528,65020,77,357015
8028,0.000258,172.31.40.0-255,66,65086,77,357015
8029,0.000306,74.125.24.0-255,709,65795,77,357015
8030,0.000308,172.31.40.0-255,66,65861,77,357015
8031,0.000421,74.125.24.0-255,1484,67345,77,357015
8032,0.000425,172.31.40.0-255,66,67411,77,357015
8033,0.000429,74.125.24.0-255,2902,70313,77,357015
8034,0.000432,172.31.40.0-255,66,70379,77,357015
8035,0.000465,74.125.24.0-255,5738,76117,77,357015
8036,0.000468,172.31.40.0-255,66,76183,77,357015
8037,0.000479,74.125.24.0-255,12828,89011,77,357015
8038,0.000481,172.31.40.0-255,66,89077,77,357015
8039,0.000483,74.125.24.0-255,1484,90561,77,357015
8040,0.000507,74.125.24.0-255,9274,99835,77,357015
8041,0.00051,172.31.40.0-255,66,99901,77,357015
8042,0.000967,74.125.24.0-255,1484,101385,77,357015
8043,0.000971,74.125.24.0-255,1484,102869,77,357015
8044,0.000974,172.31.40.0-255,66,102935,77,357015
8045,0.001,74.125.24.0-255,1484,104419,77,357015
8046,0.001006,74.125.24.0-255,5738,110157,77,357015
8047,0.001009,172.31.40.0-255,66,110223,77,357015
8048,0.001011,74.125.24.0-255,1484,111707,77,357015
8049,0.001014,74.125.24.0-255,1484,113191,77,357015
8050,0.001015,172.31.40.0-255,66,113257,77,357015
8051,0.001042,74.125.24.0-255,11410,124667,77,357015
8052,0.001044,172.31.40.0-255,66,124733,77,357015
8053,0.001048,74.125.24.0-255,2902,127635,77,357015
8054,0.00105,172.31.40.0-255,66,127701,77,357015
8055,0.001087,74.125.24.0-255,6438,134139,77,357015
8056,0.00109,172.31.40.0-255,66,134205,77,357015
8057,0.001095,74.125.24.0-255,2902,137107,77,357015
8058,0.001096,172.31.40.0-255,66,137173,77,357015
8059,0.001101,74.125.24.0-255,4320,141493,77,357015
8060,0.001103,172.31.40.0-255,66,141559,77,357015
8061,0.001107,74.125.24.0-255,4320,145879,77,357015
8062,0.001109,172.31.40.0-255,66,145945,77,357015
8063,0.001128,74.125.24.0-255,4320,150265,77,357015
8064,0.001131,172.31.40.0-255,66,150331,77,357015
8065,0.001176,172.31.40.0-255,66,150397,77,357015
8066,0.001195,74.125.24.0-255,3602,153999,77,357015
8067,0.001197,172.31.40.0-255,66,154065,77,357015
8068,0.001335,74.125.24.0-255,1484,155549,77,357015
8069,0.001351,74.125.24.0-255,2902,158451,77,357015
8070,0.001354,172.31.40.0-255,66,158517,77,357015
8071,0.001358,74.125.24.0-255,2902,161419,77,357015
8072,0.00136,172.31.40.0-255,66,161485,77,357015
8073,0.001377,74.125.24.0-255,2902,164387,77,357015
8074,0.001379,172.31.40.0-255,66,164453,77,357015
8075,0.001382,74.125.24.0-255,1484,165937,77,357015
8076,0.001412,74.125.24.0-255,11410,177347,77,357015
8077,0.001415,172.31.40.0-255,66,177413,77,357015
8078,0.001424,74.125.24.0-255,10692,188105,77,357015
8079,0.001426,172.31.40.0-255,66,188171,77,357015
8080,0.00145,74.125.24.0-255,2902,191073,77,357015
8081,0.001452,172.31.40.0-255,66,191139,77,357015
8082,0.00148,74.125.24.0-255,8574,199713,77,357015
8083,0.001483,172.31.40.0-255,66,199779,77,357015
8084,0.00149,74.125.24.0-255,7156,206935,77,357015
8085,0.001492,172.31.40.0-255,66,207001,77,357015
8086,0.001503,74.125.24.0-255,1484,208485,77,357015
8087,0.00153,172.31.40.0-255,66,208551,77,357015
8088,0.00155,74.125.24.0-255,5020,213571,77,357015
8089,0.001553,172.31.40.0-255,66,213637,77,357015
8090,0.001562,74.125.24.0-255,11410,225047,77,357015
8091,0.001565,172.31.40.0-255,66,225113,77,357015
8092,0.001598,74.125.24.0-255,2902,228015,77,357015
8093,0.001601,172.31.40.0-255,66,228081,77,357015
8094,0.001639,74.125.24.0-255,13528,241609,77,357015
8095,0.001642,172.31.40.0-255,66,241675,77,357015
8096,0.001655,172.31.40.0-255,66,241741,77,357015
8097,0.001662,74.125.24.0-255,9992,251733,77,357015
8098,0.001664,172.31.40.0-255,66,251799,77,357015
8099,0.001684,74.125.24.0-255,8574,260373,77,357015
8100,0.001686,172.31.40.0-255,66,260439,77,357015
8101,0.001706,74.125.24.0-255,5020,265459,77,357015
8102,0.001708,172.31.40.0-255,66,265525,77,357015
8103,0.001721,172.31.40.0-255,66,265591,77,357015
8104,0.001754,74.125.24.0-255,12110,277701,77,357015
8105,0.001757,172.31.40.0-255,66,277767,77,357015
8106,0.00176,74.125.24.0-255,1484,279251,77,357015
8107,0.001784,74.125.24.0-255,11410,290661,77,357015
8108,0.001788,172.31.40.0-255,66,290727,77,357015
8109,0.001796,74.125.24.0-255,8574,299301,77,357015
8110,0.001798,172.31.40.0-255,66,299367,77,357015
8111,0.001836,74.125.24.0-255,8574,307941,77,357015
8112,0.001839,172.31.40.0-255,66,308007,77,357015
8113,0.001859,74.125.24.0-255,3602,311609,77,357015
8114,0.001861,172.31.40.0-255,66,311675,77,357015
8115,0.002011,74.125.24.0-255,1484,313159,77,357015
8116,0.002018,74.125.24.0-255,2902,316061,77,357015
8117,0.002021,172.31.40.0-255,66,316127,77,357015
8118,0.002026,74.125.24.0-255,2902,319029,77,357015
8119,0.002028,172.31.40.0-255,66,319095,77,357015
8120,0.002043,74.125.24.0-255,2902,321997,77,357015
8121,0.002045,172.31.40.0-255,66,322063,77,357015
8122,0.002063,74.125.24.0-255,5738,327801,77,357015
8123,0.002066,172.31.40.0-255,66,327867,77,357015
8124,0.002094,74.125.24.0-255,7156,335023,77,357015
8125,0.002097,172.31.40.0-255,66,335089,77,357015
8126,0.002117,74.125.24.0-255,5738,340827,77,357015
8127,0.00212,172.31.40.0-255,66,340893,77,357015
8128,0.002161,74.125.24.0-255,11435,352328,77,357015
8129,0.002165,172.31.40.0-255,66,352394,77,357015
8130,0.002168,74.125.24.0-255,105,352499,77,357015
8131,0.008681,172.31.40.0-255,66,352565,77,357015
8132,0.008716,172.31.40.0-255,105,352670,77,357015
8133,0.010945,74.125.24.0-255,66,352736,77,357015
8134,0.029126,172.31.40.0-255,172,352908,77,357015
8135,0.02917,172.31.40.0-255,1120,354028,77,357015
8136,0.029224,172.31.40.0-255,1514,355542,77,357015
8137,0.029225,172.31.40.0-255,1275,356817,77,357015
8138,0.030681,104.244.42.0-255,66,356883,77,357015
8139,0.030722,104.244.42.0-255,66,356949,77,357015
8140,0.03077,104.244.42.0-255,66,357015,77,357015
8141,0.0,74.125.24.0-255,153,153,77,370556
8142,2.3e-05,172.31.40.0-255,66,219,77,370556
8143,3e-05,74.125.24.0-255,1484,1703,77,370556
8144,3.5e-05,172.31.40.0-255,66,1769,77,370556
8145,4.1e-05,74.125.24.0-255,2902,4671,77,370556
8146,4.5e-05,172.31.40.0-255,66,4737,77,370556
8147,6.7e-05,74.125.24.0-255,5738,10475,77,370556
8148,7e-05,172.31.40.0-255,66,10541,77,370556
8149,0.000123,74.125.24.0-255,1484,12025,77,370556
8150,0.000126,172.31.40.0-255,66,12091,77,370556
8151,0.000163,74.125.24.0-255,11980,24071,77,370556
8152,0.000166,172.31.40.0-255,66,24137,77,370556
8153,0.000173,74.125.24.0-255,6797,30934,77,370556
8154,0.000175,172.31.40.0-255,66,31000,77,370556
8155,0.000214,74.125.24.0-255,1484,32484,77,370556
8156,0.000217,172.31.40.0-255,66,32550,77,370556
8157,0.000221,74.125.24.0-255,2902,35452,77,370556
8158,0.000223,172.31.40.0-255,66,35518,77,370556
8159,0.000229,74.125.24.0-255,5738,41256,77,370556
8160,0.000232,172.31.40.0-255,66,41322,77,370556
8161,0.000237,74.125.24.0-255,4320,45642,77,370556
8162,0.00024,172.31.40.0-255,66,45708,77,370556
8163,0.00026,74.125.24.0-255,2543,48251,77,370556
8164,0.000262,172.31.40.0-255,66,48317,77,370556
8165,0.000269,74.125.24.0-255,7156,55473,77,370556
8166,0.000271,172.31.40.0-255,66,55539,77,370556
8167,0.000306,74.125.24.0-255,9944,65483,77,370556
8168,0.00031,172.31.40.0-255,66,65549,77,370556
8169,0.000313,74.125.24.0-255,111,65660,77,370556
8170,0.000315,172.31.40.0-255,66,65726,77,370556
8171,0.000318,74.125.24.0-255,329,66055,77,370556
8172,0.00032,172.31.40.0-255,66,66121,77,370556
8173,0.000635,172.31.40.0-255,101,66222,77,370556
8174,0.001222,74.125.24.0-255,1484,67706,77,370556
8175,0.001232,74.125.24.0-255,2902,70608,77,370556
8176,0.001235,172.31.40.0-255,66,70674,77,370556
8177,0.001243,74.125.24.0-255,5738,76412,77,370556
8178,0.001245,172.31.40.0-255,66,76478,77,370556
8179,0.001275,74.125.24.0-255,4320,80798,77,370556
8180,0.001278,172.31.40.0-255,66,80864,77,370556
8181,0.001299,74.125.24.0-255,8574,89438,77,370556
8182,0.001301,172.31.40.0-255,66,89504,77,370556
8183,0.001307,74.125.24.0-255,7156,96660,77,370556
8184,0.001309,172.31.40.0-255,66,96726,77,370556
8185,0.001312,74.125.24.0-255,1484,98210,77,370556
8186,0.001333,74.125.24.0-255,2184,100394,77,370556
8187,0.001335,172.31.40.0-255,66,100460,77,370556
8188,0.001352,74.125.24.0-255,1484,101944,77,370556
8189,0.00137,74.125.24.0-255,2902,104846,77,370556
8190,0.001373,172.31.40.0-255,66,104912,77,370556
8191,0.00139,74.125.24.0-255,2902,107814,77,370556
8192,0.001392,172.31.40.0-255,66,107880,77,370556
8193,0.001406,74.125.24.0-255,1484,109364,77,370556
8194,0.001428,74.125.24.0-255,7156,116520,77,370556
8195,0.001431,172.31.40.0-255,66,116586,77,370556
8196,0.001435,74.125.24.0-255,2902,119488,77,370556
8197,0.001437,172.31.40.0-255,66,119554,77,370556
8198,0.001455,74.125.24.0-255,7156,126710,77,370556
8199,0.001458,172.31.40.0-255,66,126776,77,370556
8200,0.001479,74.125.24.0-255,2902,129678,77,370556
8201,0.001481,172.31.40.0-255,66,129744,77,370556
8202,0.001484,74.125.24.0-255,1484,131228,77,370556
8203,0.001501,74.125.24.0-255,5738,136966,77,370556
8204,0.001506,172.31.40.0-255,66,137032,77,370556
8205,0.001527,74.125.24.0-255,6438,143470,77,370556
8206,0.00153,172.31.40.0-255,66,143536,77,370556
8207,0.001537,74.125.24.0-255,7156,150692,77,370556
8208,0.001539,172.31.40.0-255,66,150758,77,370556
8209,0.001564,74.125.24.0-255,7156,157914,77,370556
8210,0.001567,172.31.40.0-255,66,157980,77,370556
8211,0.001574,74.125.24.0-255,8574,166554,77,370556
8212,0.001577,172.31.40.0-255,66,166620,77,370556
8213,0.001591,74.125.24.0-255,1484,168104,77,370556
8214,0.001594,74.125.24.0-255,766,168870,77,370556
8215,0.001596,172.31.40.0-255,66,168936,77,370556
8216,0.001651,74.125.24.0-255,1484,170420,77,370556
8217,0.001655,74.125.24.0-255,1484,171904,77,370556
8218,0.001657,172.31.40.0-255,66,171970,77,370556
8219,0.001676,74.125.24.0-255,1484,173454,77,370556
8220,0.001682,74.125.24.0-255,5738,179192,77,370556
8221,0.001685,172.31.40.0-255,66,179258,77,370556
8222,0.001708,74.125.24.0-255,4320,183578,77,370556
8223,0.001711,172.31.40.0-255,66,183644,77,370556
8224,0.00173,74.125.24.0-255,7156,190800,77,370556
8225,0.001732,172.31.40.0-255,66,190866,77,370556
8226,0.001758,74.125.24.0-255,1484,192350,77,370556
8227,0.001765,74.125.24.0-255,7156,199506,77,370556
8228,0.001768,172.31.40.0-255,66,199572,77,370556
8229,0.001792,74.125.24.0-255,3602,203174,77,370556
8230,0.001795,172.31.40.0-255,66,203240,77,370556
8231,0.001895,74.125.24.0-255,1484,204724,77,370556
8232,0.001902,74.125.24.0-255,2902,207626,77,370556
8233,0.001906,172.31.40.0-255,66,207692,77,370556
8234,0.001912,74.125.24.0-255,5738,213430,77,370556
8235,0.001914,172.31.40.0-255,66,213496,77,370556
8236,0.001967,74.125.24.0-255,9992,223488,77,370556
8237,0.00197,172.31.40.0-255,66,223554,77,370556
8238,0.001982,74.125.24.0-255,2902,226456,77,370556
8239,0.001985,172.31.40.0-255,66,226522,77,370556
8240,0.002013,74.125.24.0-255,11410,237932,77,370556
8241,0.002016,172.31.40.0-255,66,237998,77,370556
8242,0.002044,74.125.24.0-255,9274,247272,77,370556
8243,0.002047,172.31.40.0-255,66,247338,77,370556
8244,0.002059,74.125.24.0-255,12828,260166,77,370556
8245,0.002062,172.31.40.0-255,66,260232,77,370556
8246,0.002069,74.125.24.0-255,9992,270224,77,370556
8247,0.002072,172.31.40.0-255,66,270290,77,370556
8248,0.002106,74.125.24.0-255,13528,283818,77,370556
8249,0.00211,172.31.40.0-255,66,283884,77,370556
8250,0.002122,172.31.40.0-255,66,283950,77,370556
8251,0.00215,74.125.24.0-255,10692,294642,77,370556
8252,0.002153,172.31.40.0-255,66,294708,77,370556
8253,0.002158,74.125.24.0-255,5738,300446,77,370556
8254,0.00216,172.31.40.0-255,66,300512,77,370556
8255,0.002193,172.31.40.0-255,66,300578,77,370556
8256,0.002214,74.125.24.0-255,1484,302062,77,370556
8257,0.002221,74.125.24.0-255,6438,308500,77,370556
8258,0.002223,172.31.40.0-255,66,308566,77,370556
8259,0.002228,74.125.24.0-255,5738,314304,77,370556
8260,0.00223,172.31.40.0-255,66,314370,77,370556
8261,0.00225,74.125.24.0-255,12828,327198,77,370556
8262,0.002254,172.31.40.0-255,66,327264,77,370556
8263,0.002271,74.125.24.0-255,12110,339374,77,370556
8264,0.002274,172.31.40.0-255,66,339440,77,370556
8265,0.00228,74.125.24.0-255,5738,345178,77,370556
8266,0.002282,172.31.40.0-255,66,345244,77,370556
8267,0.002326,172.31.40.0-255,66,345310,77,370556
8268,0.002347,74.125.24.0-255,7156,352466,77,370556
8269,0.00235,172.31.40.0-255,66,352532,77,370556
8270,0.002393,74.125.24.0-255,9992,362524,77,370556
8271,0.002396,172.31.40.0-255,66,362590,77,370556
8272,0.00241,74.125.24.0-255,3279,365869,77,370556
8273,0.002412,172.31.40.0-255,66,365935,77,370556
8274,0.002414,74.125.24.0-255,105,366040,77,370556
8275,0.0033,74.125.24.0-255,66,366106,77,370556
8276,0.008283,172.31.40.0-255,105,366211,77,370556
8277,0.010904,74.125.24.0-255,66,366277,77,370556
8278,0.030643,172.31.40.0-255,172,366449,77,370556
8279,0.030678,172.31.40.0-255,1120,367569,77,370556
8280,0.030743,172.31.40.0-255,1514,369083,77,370556
8281,0.030745,172.31.40.0-255,1275,370358,77,370556
8282,0.032372,104.244.42.0-255,66,370424,77,370556
8283,0.03241,104.244.42.0-255,66,370490,77,370556
8284,0.032461,104.244.42.0-255,66,370556,77,370556
8285,0.0,74.125.68.0-255,146,146,77,365606
8286,2.5e-05,172.31.40.0-255,66,212,77,365606
8287,3.3e-05,74.125.68.0-255,1484,1696,77,365606
8288,3.9e-05,172.31.40.0-255,66,1762,77,365606
8289,5.4e-05,74.125.68.0-255,2902,4664,77,365606
8290,5.7e-05,172.31.40.0-255,66,4730,77,365606
8291,6.2e-05,74.125.68.0-255,2902,7632,77,365606
8292,6.4e-05,172.31.40.0-255,66,7698,77,365606
8293,7e-05,74.125.68.0-255,4320,12018,77,365606
8294,7.4e-05,172.31.40.0-255,66,12084,77,365606
8295,7.8e-05,74.125.68.0-255,1983,14067,77,365606
8296,8e-05,172.31.40.0-255,66,14133,77,365606
8297,0.000186,74.125.68.0-255,1484,15617,77,365606
8298,0.000189,172.31.40.0-255,66,15683,77,365606
8299,0.000216,74.125.68.0-255,2902,18585,77,365606
8300,0.000219,172.31.40.0-255,66,18651,77,365606
8301,0.000225,74.125.68.0-255,4320,22971,77,365606
8302,0.000227,172.31.40.0-255,66,23037,77,365606
8303,0.000252,74.125.68.0-255,1484,24521,77,365606
8304,0.000254,172.31.40.0-255,66,24587,77,365606
8305,0.000283,74.125.68.0-255,6797,31384,77,365606
8306,0.000285,172.31.40.0-255,66,31450,77,365606
8307,0.000292,74.125.68.0-255,5738,37188,77,365606
8308,0.000294,172.31.40.0-255,66,37254,77,365606
8309,0.000319,74.125.68.0-255,2902,40156,77,365606
8310,0.000321,172.31.40.0-255,66,40222,77,365606
8311,0.000324,74.125.68.0-255,1484,41706,77,365606
8312,0.000326,172.31.40.0-255,66,41772,77,365606
8313,0.000354,74.125.68.0-255,2902,44674,77,365606
8314,0.000356,172.31.40.0-255,66,44740,77,365606
8315,0.000359,74.125.68.0-255,1484,46224,77,365606
8316,0.000361,172.31.40.0-255,66,46290,77,365606
8317,0.00039,74.125.68.0-255,2543,48833,77,365606
8318,0.000393,172.31.40.0-255,66,48899,77,365606
8319,0.000429,74.125.68.0-255,1484,50383,77,365606
8320,0.000432,172.31.40.0-255,66,50449,77,365606
8321,0.000436,74.125.68.0-255,2902,53351,77,365606
8322,0.000439,172.31.40.0-255,66,53417,77,365606
8323,0.000457,74.125.68.0-255,1484,54901,77,365606
8324,0.000459,172.31.40.0-255,66,54967,77,365606
8325,0.000468,74.125.68.0-255,2902,57869,77,365606
8326,0.000471,172.31.40.0-255,66,57935,77,365606
8327,0.000496,74.125.68.0-255,5738,63673,77,365606
8328,0.000498,172.31.40.0-255,66,63739,77,365606
8329,0.000503,74.125.68.0-255,2543,66282,77,365606
8330,0.000505,172.31.40.0-255,66,66348,77,365606
8331,0.000639,74.125.68.0-255,645,66993,77,365606
8332,0.000643,172.31.40.0-255,66,67059,77,365606
8333,0.00067,74.125.68.0-255,1484,68543,77,365606
8334,0.000673,172.31.40.0-255,66,68609,77,365606
8335,0.000685,74.125.68.0-255,1484,70093,77,365606
8336,0.000691,172.31.40.0-255,66,70159,77,365606
8337,0.000723,74.125.68.0-255,2902,73061,77,365606
8338,0.000726,172.31.40.0-255,66,73127,77,365606
8339,0.000732,74.125.68.0-255,4320,77447,77,365606
8340,0.000734,172.31.40.0-255,66,77513,77,365606
8341,0.000766,74.125.68.0-255,5738,83251,77,365606
8342,0.000769,172.31.40.0-255,66,83317,77,365606
8343,0.000772,74.125.68.0-255,1125,84442,77,365606
8344,0.000774,172.31.40.0-255,66,84508,77,365606
8345,0.000778,74.125.68.0-255,1484,85992,77,365606
8346,0.00078,172.31.40.0-255,66,86058,77,365606
8347,0.00079,74.125.68.0-255,4320,90378,77,365606
8348,0.000805,74.125.68.0-255,2902,93280,77,365606
8349,0.000818,172.31.40.0-255,66,93346,77,365606
8350,0.000837,74.125.68.0-255,7156,100502,77,365606
8351,0.00084,74.125.68.0-255,1125,101627,77,365606
8352,0.000872,172.31.40.0-255,66,101693,77,365606
8353,0.000928,74.125.68.0-255,1484,103177,77,365606
8354,0.000942,74.125.68.0-255,2902,106079,77,365606
8355,0.000956,172.31.40.0-255,66,106145,77,365606
8356,0.000969,74.125.68.0-255,1484,107629,77,365606
8357,0.000978,74.125.68.0-255,2902,110531,77,365606
8358,0.000998,74.125.68.0-255,5738,116269,77,365606
8359,0.001002,74.125.68.0-255,1484,117753,77,365606
8360,0.001007,172.31.40.0-255,66,117819,77,365606
8361,0.001026,74.125.68.0-255,2902,120721,77,365606
8362,0.001032,74.125.68.0-255,5738,126459,77,365606
8363,0.001051,172.31.40.0-255,66,126525,77,365606
8364,0.001063,74.125.68.0-255,4320,130845,77,365606
8365,0.001083,74.125.68.0-255,5020,135865,77,365606
8366,0.001097,172.31.40.0-255,66,135931,77,365606
8367,0.00341,74.125.68.0-255,5738,141669,77,365606
8368,0.003424,172.31.40.0-255,66,141735,77,365606
8369,0.005728,74.125.68.0-255,5738,147473,77,365606
8370,0.005734,172.31.40.0-255,66,147539,77,365606
8371,0.008039,74.125.68.0-255,5738,153277,77,365606
8372,0.008049,172.31.40.0-255,66,153343,77,365606
8373,0.010384,74.125.68.0-255,5738,159081,77,365606
8374,0.0104,172.31.40.0-255,66,159147,77,365606
8375,0.01271,74.125.68.0-255,5738,164885,77,365606
8376,0.012725,172.31.40.0-255,66,164951,77,365606
8377,0.015058,74.125.68.0-255,5738,170689,77,365606
8378,0.015073,172.31.40.0-255,66,170755,77,365606
8379,0.017397,74.125.68.0-255,5738,176493,77,365606
8380,0.017412,172.31.40.0-255,66,176559,77,365606
8381,0.019731,74.125.68.0-255,5738,182297,77,365606
8382,0.019745,172.31.40.0-255,66,182363,77,365606
8383,0.022059,74.125.68.0-255,5738,188101,77,365606
8384,0.022073,172.31.40.0-255,66,188167,77,365606
8385,0.024386,74.125.68.0-255,5738,193905,77,365606
8386,0.024397,172.31.40.0-255,66,193971,77,365606
8387,0.026298,172.31.40.0-255,167,194138,77,365606
8388,0.026332,172.31.40.0-255,1120,195258,77,365606
8389,0.026394,172.31.40.0-255,1514,196772,77,365606
8390,0.026396,172.31.40.0-255,320,197092,77,365606
8391,0.026737,74.125.68.0-255,5738,202830,77,365606
8392,0.026746,172.31.40.0-255,66,202896,77,365606
8393,0.027858,104.244.42.0-255,66,202962,77,365606
8394,0.027888,104.244.42.0-255,66,203028,77,365606
8395,0.028003,104.244.42.0-255,66,203094,77,365606
8396,0.029078,74.125.68.0-255,5738,208832,77,365606
8397,0.029086,172.31.40.0-255,66,208898,77,365606
8398,0.031413,74.125.68.0-255,5738,214636,77,365606
8399,0.031431,172.31.40.0-255,66,214702,77,365606
8400,0.033752,74.125.68.0-255,5738,220440,77,365606
8401,0.033762,172.31.40.0-255,66,220506,77,365606
8402,0.036077,74.125.68.0-255,5738,226244,77,365606
8403,0.036091,172.31.40.0-255,66,226310,77,365606
8404,0.038438,74.125.68.0-255,5738,232048,77,365606
8405,0.038457,172.31.40.0-255,66,232114,77,365606
8406,0.040783,74.125.68.0-255,5738,237852,77,365606
8407,0.040795,172.31.40.0-255,66,237918,77,365606
8408,0.04311,74.125.68.0-255,5738,243656,77,365606
8409,0.043117,172.31.40.0-255,66,243722,77,365606
8410,0.045436,74.125.68.0-255,5738,249460,77,365606
8411,0.04545,172.31.40.0-255,66,249526,77,365606
8412,0.047758,74.125.68.0-255,5738,255264,77,365606
8413,0.047768,172.31.40.0-255,66,255330,77,365606
8414,0.050091,74.125.68.0-255,5738,261068,77,365606
8415,0.050105,172.31.40.0-255,66,261134,77,365606
8416,0.052421,74.125.68.0-255,5738,266872,77,365606
8417,0.052433,172.31.40.0-255,66,266938,77,365606
8418,0.054754,74.125.68.0-255,5738,272676,77,365606
8419,0.05477,172.31.40.0-255,66,272742,77,365606
8420,0.057092,74.125.68.0-255,5738,278480,77,365606
8421,0.057099,172.31.40.0-255,66,278546,77,365606
8422,0.059439,74.125.68.0-255,5738,284284,77,365606
8423,0.059448,172.31.40.0-255,66,284350,77,365606
8424,0.061775,74.125.68.0-255,5738,290088,77,365606
8425,0.061783,172.31.40.0-255,66,290154,77,365606
8426,0.064091,74.125.68.0-255,5738,295892,77,365606
8427,0.064099,172.31.40.0-255,66,295958,77,365606
8428,0.066427,74.125.68.0-255,5738,301696,77,365606
8429,0.06644,172.31.40.0-255,66,301762,77,365606
8430,0.068761,74.125.68.0-255,5738,307500,77,365606
8431,0.068775,172.31.40.0-255,66,307566,77,365606
8432,0.071106,74.125.68.0-255,5738,313304,77,365606
8433,0.071119,172.31.40.0-255,66,313370,77,365606
8434,0.073437,74.125.68.0-255,5738,319108,77,365606
8435,0.073451,172.31.40.0-255,66,319174,77,365606
8436,0.07579,74.125.68.0-255,5738,324912,77,365606
8437,0.081479,172.31.40.0-255,66,324978,77,365606
8438,0.083829,74.125.68.0-255,5738,330716,77,365606
8439,0.08385,172.31.40.0-255,66,330782,77,365606
8440,0.086182,74.125.68.0-255,5738,336520,77,365606
8441,0.086202,172.31.40.0-255,66,336586,77,365606
8442,0.088525,74.125.68.0-255,5738,342324,77,365606
8443,0.088544,172.31.40.0-255,66,342390,77,365606
8444,0.090868,74.125.68.0-255,5738,348128,77,365606
8445,0.09088,172.31.40.0-255,66,348194,77,365606
8446,0.093201,74.125.68.0-255,5738,353932,77,365606
8447,0.093221,172.31.40.0-255,66,353998,77,365606
8448,0.095554,74.125.68.0-255,5738,359736,77,365606
8449,0.095576,172.31.40.0-255,66,359802,77,365606
8450,0.097897,74.125.68.0-255,5738,365540,77,365606
8451,0.097916,172.31.40.0-255,66,365606,77,365606
8452,0.0,74.125.130.0-255,150,150,77,361187
8453,2.2e-05,172.31.40.0-255,66,216,77,361187
8454,2.9e-05,74.125.130.0-255,1484,1700,77,361187
8455,3.3e-05,172.31.40.0-255,66,1766,77,361187
8456,3.8e-05,74.125.130.0-255,2902,4668,77,361187
8457,4.9e-05,172.31.40.0-255,66,4734,77,361187
8458,5.2e-05,74.125.130.0-255,1484,6218,77,361187
8459,5.4e-05,172.31.40.0-255,66,6284,77,361187
8460,6e-05,74.125.130.0-255,4320,10604,77,361187
8461,6.4e-05,172.31.40.0-255,66,10670,77,361187
8462,9.3e-05,74.125.130.0-255,1484,12154,77,361187
8463,9.6e-05,172.31.40.0-255,66,12220,77,361187
8464,0.000101,74.125.130.0-255,2096,14316,77,361187
8465,0.000103,172.31.40.0-255,66,14382,77,361187
8466,0.00015,74.125.130.0-255,1484,15866,77,361187
8467,0.000153,172.31.40.0-255,66,15932,77,361187
8468,0.000173,74.125.130.0-255,2902,18834,77,361187
8469,0.000177,172.31.40.0-255,66,18900,77,361187
8470,0.000182,74.125.130.0-255,2902,21802,77,361187
8471,0.000183,172.31.40.0-255,66,21868,77,361187
8472,0.000215,74.125.130.0-255,2902,24770,77,361187
8473,0.000217,172.31.40.0-255,66,24836,77,361187
8474,0.000223,74.125.130.0-255,5738,30574,77,361187
8475,0.000225,172.31.40.0-255,66,30640,77,361187
8476,0.000248,74.125.130.0-255,1125,31765,77,361187
8477,0.00025,172.31.40.0-255,66,31831,77,361187
8478,0.000415,74.125.130.0-255,1484,33315,77,361187
8479,0.000419,172.31.40.0-255,66,33381,77,361187
8480,0.000425,74.125.130.0-255,2902,36283,77,361187
8481,0.000428,172.31.40.0-255,66,36349,77,361187
8482,0.000458,74.125.130.0-255,5738,42087,77,361187
8483,0.00046,172.31.40.0-255,66,42153,77,361187
8484,0.000465,74.125.130.0-255,2902,45055,77,361187
8485,0.000467,172.31.40.0-255,66,45121,77,361187
8486,0.000498,74.125.130.0-255,4320,49441,77,361187
8487,0.000501,172.31.40.0-255,66,49507,77,361187
8488,0.000538,74.125.130.0-255,6797,56304,77,361187
8489,0.000541,172.31.40.0-255,66,56370,77,361187
8490,0.000548,74.125.130.0-255,5738,62108,77,361187
8491,0.00055,172.31.40.0-255,66,62174,77,361187
8492,0.000553,74.125.130.0-255,1484,63658,77,361187
8493,0.000578,74.125.130.0-255,2543,66201,77,361187
8494,0.00058,172.31.40.0-255,66,66267,77,361187
8495,0.000584,74.125.130.0-255,367,66634,77,361187
8496,0.001047,74.125.130.0-255,1484,68118,77,361187
8497,0.001052,172.31.40.0-255,66,68184,77,361187
8498,0.001057,74.125.130.0-255,1484,69668,77,361187
8499,0.001103,74.125.130.0-255,2902,72570,77,361187
8500,0.00111,74.125.130.0-255,5738,78308,77,361187
8501,0.001116,74.125.130.0-255,5379,83687,77,361187
8502,0.00112,172.31.40.0-255,66,83753,77,361187
8503,0.001123,172.31.40.0-255,66,83819,77,361187
8504,0.001125,172.31.40.0-255,66,83885,77,361187
8505,0.001141,74.125.130.0-255,5738,89623,77,361187
8506,0.001143,172.31.40.0-255,66,89689,77,361187
8507,0.001179,74.125.130.0-255,11410,101099,77,361187
8508,0.001182,172.31.40.0-255,66,101165,77,361187
8509,0.001195,74.125.130.0-255,1484,102649,77,361187
8510,0.001205,74.125.130.0-255,4320,106969,77,361187
8511,0.001207,172.31.40.0-255,66,107035,77,361187
8512,0.001243,74.125.130.0-255,9992,117027,77,361187
8513,0.001246,172.31.40.0-255,66,117093,77,361187
8514,0.001249,74.125.130.0-255,766,117859,77,361187
8515,0.001355,74.125.130.0-255,1484,119343,77,361187
8516,0.001359,172.31.40.0-255,66,119409,77,361187
8517,0.001364,74.125.130.0-255,2902,122311,77,361187
8518,0.001366,172.31.40.0-255,66,122377,77,361187
8519,0.001372,74.125.130.0-255,4320,126697,77,361187
8520,0.001374,172.31.40.0-255,66,126763,77,361187
8521,0.001377,74.125.130.0-255,1484,128247,77,361187
8522,0.001405,74.125.130.0-255,4320,132567,77,361187
8523,0.001409,172.31.40.0-255,66,132633,77,361187
8524,0.001427,74.125.130.0-255,2830,135463,77,361187
8525,0.00143,172.31.40.0-255,66,135529,77,361187
8526,0.003941,74.125.130.0-255,4320,139849,77,361187
8527,0.003949,172.31.40.0-255,66,139915,77,361187
8528,0.003972,74.125.130.0-255,1484,141399,77,361187
8529,0.006477,74.125.130.0-255,4320,145719,77,361187
8530,0.006484,172.31.40.0-255,66,145785,77,361187
8531,0.009004,74.125.130.0-255,5738,151523,77,361187
8532,0.009012,172.31.40.0-255,66,151589,77,361187
8533,0.011547,74.125.130.0-255,5738,157327,77,361187
8534,0.01156,172.31.40.0-255,66,157393,77,361187
8535,0.014087,74.125.130.0-255,5738,163131,77,361187
8536,0.014097,172.31.40.0-255,66,163197,77,361187
8537,0.016629,74.125.130.0-255,5738,168935,77,361187
8538,0.016639,172.31.40.0-255,66,169001,77,361187
8539,0.019181,74.125.130.0-255,5738,174739,77,361187
8540,0.019188,172.31.40.0-255,66,174805,77,361187
8541,0.021714,74.125.130.0-255,5738,180543,77,361187
8542,0.021722,172.31.40.0-255,66,180609,77,361187
8543,0.024275,74.125.130.0-255,5738,186347,77,361187
8544,0.024286,172.31.40.0-255,66,186413,77,361187
8545,0.026827,74.125.130.0-255,5738,192151,77,361187
8546,0.026839,172.31.40.0-255,66,192217,77,361187
8547,0.029179,172.31.40.0-255,172,192389,77,361187
8548,0.029209,172.31.40.0-255,1118,193507,77,361187
8549,0.029273,172.31.40.0-255,1514,195021,77,361187
8550,0.029296,172.31.40.0-255,1514,196535,77,361187
8551,0.029301,172.31.40.0-255,1514,198049,77,361187
8552,0.029314,172.31.40.0-255,98,198147,77,361187
8553,0.029371,74.125.130.0-255,2902,201049,77,361187
8554,0.029377,172.31.40.0-255,66,201115,77,361187
8555,0.029406,74.125.130.0-255,2902,204017,77,361187
8556,0.02941,172.31.40.0-255,66,204083,77,361187
8557,0.030714,104.244.42.0-255,66,204149,77,361187
8558,0.030779,104.244.42.0-255,66,204215,77,361187
8559,0.030822,104.244.42.0-255,66,204281,77,361187
8560,0.030857,104.244.42.0-255,66,204347,77,361187
8561,0.03086,104.244.42.0-255,66,204413,77,361187
8562,0.031895,74.125.130.0-255,1484,205897,77,361187
8563,0.031947,74.125.130.0-255,4320,210217,77,361187
8564,0.031953,172.31.40.0-255,66,210283,77,361187
8565,0.03448,74.125.130.0-255,5738,216021,77,361187
8566,0.034486,172.31.40.0-255,66,216087,77,361187
8567,0.037018,74.125.130.0-255,5738,221825,77,361187
8568,0.037025,172.31.40.0-255,66,221891,77,361187
8569,0.039556,74.125.130.0-255,5738,227629,77,361187
8570,0.039564,172.31.40.0-255,66,227695,77,361187
8571,0.042106,74.125.130.0-255,5738,233433,77,361187
8572,0.042113,172.31.40.0-255,66,233499,77,361187
8573,0.044647,74.125.130.0-255,5738,239237,77,361187
8574,0.044653,172.31.40.0-255,66,239303,77,361187
8575,0.04719,74.125.130.0-255,5738,245041,77,361187
8576,0.047197,172.31.40.0-255,66,245107,77,361187
8577,0.049743,74.125.130.0-255,5738,250845,77,361187
8578,0.04975,172.31.40.0-255,66,250911,77,361187
8579,0.052284,74.125.130.0-255,5738,256649,77,361187
8580,0.052292,172.31.40.0-255,66,256715,77,361187
8581,0.054849,74.125.130.0-255,5738,262453,77,361187
8582,0.054857,172.31.40.0-255,66,262519,77,361187
8583,0.057403,74.125.130.0-255,5738,268257,77,361187
8584,0.057412,172.31.40.0-255,66,268323,77,361187
8585,0.059948,74.125.130.0-255,5738,274061,77,361187
8586,0.059955,172.31.40.0-255,66,274127,77,361187
8587,0.062492,74.125.130.0-255,5738,279865,77,361187
8588,0.062499,172.31.40.0-255,66,279931,77,361187
8589,0.065043,74.125.130.0-255,5738,285669,77,361187
8590,0.06505,172.31.40.0-255,66,285735,77,361187
8591,0.067577,74.125.130.0-255,5738,291473,77,361187
8592,0.067584,172.31.40.0-255,66,291539,77,361187
8593,0.07012,74.125.130.0-255,5738,297277,77,361187
8594,0.07013,172.31.40.0-255,66,297343,77,361187
8595,0.072673,74.125.130.0-255,5738,303081,77,361187
8596,0.072682,172.31.40.0-255,66,303147,77,361187
8597,0.075213,74.125.130.0-255,5738,308885,77,361187
8598,0.075219,172.31.40.0-255,66,308951,77,361187
8599,0.077744,74.125.130.0-255,5738,314689,77,361187
8600,0.077749,172.31.40.0-255,66,314755,77,361187
8601,0.080274,74.125.130.0-255,5738,320493,77,361187
8602,0.080281,172.31.40.0-255,66,320559,77,361187
8603,0.082804,74.125.130.0-255,5738,326297,77,361187
8604,0.082811,172.31.40.0-255,66,326363,77,361187
8605,0.085342,74.125.130.0-255,5738,332101,77,361187
8606,0.085349,172.31.40.0-255,66,332167,77,361187
8607,0.087866,74.125.130.0-255,5738,337905,77,361187
8608,0.087874,172.31.40.0-255,66,337971,77,361187
8609,0.090415,74.125.130.0-255,5738,343709,77,361187
8610,0.090423,172.31.40.0-255,66,343775,77,361187
8611,0.093,74.125.130.0-255,5738,349513,77,361187
8612,0.093008,172.31.40.0-255,66,349579,77,361187
8613,0.095546,74.125.130.0-255,5738,355317,77,361187
8614,0.095552,172.31.40.0-255,66,355383,77,361187
8615,0.09809,74.125.130.0-255,5738,361121,77,361187
8616,0.098098,172.31.40.0-255,66,361187,77,361187
8617,0.0,172.217.194.0-255,152,152,77,322864
8618,2.5e-05,172.31.40.0-255,66,218,77,322864
8619,3.2e-05,172.217.194.0-255,1484,1702,77,322864
8620,3.7e-05,172.31.40.0-255,66,1768,77,322864
8621,5.1e-05,172.217.194.0-255,2902,4670,77,322864
8622,5.5e-05,172.31.40.0-255,66,4736,77,322864
8623,6e-05,172.217.194.0-255,2902,7638,77,322864
8624,6.3e-05,172.31.40.0-255,66,7704,77,322864
8625,6.9e-05,172.217.194.0-255,4320,12024,77,322864
8626,7.2e-05,172.31.40.0-255,66,12090,77,322864
8627,0.00012,172.217.194.0-255,3473,15563,77,322864
8628,0.000124,172.31.40.0-255,66,15629,77,322864
8629,0.000154,172.217.194.0-255,4320,19949,77,322864
8630,0.000158,172.31.40.0-255,66,20015,77,322864
8631,0.000162,172.217.194.0-255,2902,22917,77,322864
8632,0.000164,172.31.40.0-255,66,22983,77,322864
8633,0.00017,172.217.194.0-255,4320,27303,77,322864
8634,0.000172,172.31.40.0-255,66,27369,77,322864
8635,0.000198,172.217.194.0-255,1484,28853,77,322864
8636,0.0002,172.31.40.0-255,66,28919,77,322864
8637,0.000219,172.217.194.0-255,2543,31462,77,322864
8638,0.000221,172.31.40.0-255,66,31528,77,322864
8639,0.000245,172.217.194.0-255,4320,35848,77,322864
8640,0.000248,172.31.40.0-255,66,35914,77,322864
8641,0.000275,172.217.194.0-255,5738,41652,77,322864
8642,0.000278,172.31.40.0-255,66,41718,77,322864
8643,0.000287,172.217.194.0-255,9992,51710,77,322864
8644,0.000289,172.31.40.0-255,66,51776,77,322864
8645,0.000315,172.217.194.0-255,1484,53260,77,322864
8646,0.000317,172.31.40.0-255,66,53326,77,322864
8647,0.000325,172.217.194.0-255,5738,59064,77,322864
8648,0.000328,172.31.40.0-255,66,59130,77,322864
8649,0.000365,172.217.194.0-255,6438,65568,77,322864
8650,0.000368,172.31.40.0-255,66,65634,77,322864
8651,0.00037,172.217.194.0-255,678,66312,77,322864
8652,0.000375,172.217.194.0-255,1484,67796,77,322864
8653,0.000377,172.31.40.0-255,66,67862,77,322864
8654,0.000382,172.217.194.0-255,4320,72182,77,322864
8655,0.000385,172.31.40.0-255,66,72248,77,322864
8656,0.000392,172.217.194.0-255,7156,79404,77,322864
8657,0.000395,172.31.40.0-255,66,79470,77,322864
8658,0.000426,172.217.194.0-255,2902,82372,77,322864
8659,0.000429,172.31.40.0-255,66,82438,77,322864
8660,0.000432,172.217.194.0-255,575,83013,77,322864
8661,0.000627,172.217.194.0-255,1484,84497,77,322864
8662,0.000632,172.31.40.0-255,66,84563,77,322864
8663,0.000638,172.217.194.0-255,2902,87465,77,322864
8664,0.00064,172.31.40.0-255,66,87531,77,322864
8665,0.000671,172.217.194.0-255,5738,93269,77,322864
8666,0.000675,172.31.40.0-255,66,93335,77,322864
8667,0.000678,172.217.194.0-255,1484,94819,77,322864
8668,0.000686,172.217.194.0-255,8574,103393,77,322864
8669,0.000689,172.31.40.0-255,66,103459,77,322864
8670,0.000727,172.217.194.0-255,1484,104943,77,322864
8671,0.000739,172.217.194.0-255,2902,107845,77,322864
8672,0.000742,172.31.40.0-255,66,107911,77,322864
8673,0.000775,172.217.194.0-255,9274,117185,77,322864
8674,0.000777,172.31.40.0-255,66,117251,77,322864
8675,0.000838,172.217.194.0-255,1484,118735,77,322864
8676,0.000844,172.217.194.0-255,2902,121637,77,322864
8677,0.000847,172.31.40.0-255,66,121703,77,322864
8678,0.000854,172.217.194.0-255,5738,127441,77,322864
8679,0.000857,172.31.40.0-255,66,127507,77,322864
8680,0.000868,172.217.194.0-255,5738,133245,77,322864
8681,0.00087,172.31.40.0-255,66,133311,77,322864
8682,0.000938,172.217.194.0-255,12828,146139,77,322864
8683,0.000942,172.31.40.0-255,66,146205,77,322864
8684,0.000948,172.217.194.0-255,5020,151225,77,322864
8685,0.00095,172.31.40.0-255,66,151291,77,322864
8686,0.001293,172.217.194.0-255,1484,152775,77,322864
8687,0.0013,172.217.194.0-255,2902,155677,77,322864
8688,0.001303,172.31.40.0-255,66,155743,77,322864
8689,0.001308,172.217.194.0-255,2902,158645,77,322864
8690,0.00131,172.31.40.0-255,66,158711,77,322864
8691,0.001344,172.217.194.0-255,2902,161613,77,322864
8692,0.001347,172.31.40.0-255,66,161679,77,322864
8693,0.001357,172.217.194.0-255,11410,173089,77,322864
8694,0.001359,172.31.40.0-255,66,173155,77,322864
8695,0.001392,172.217.194.0-255,12110,185265,77,322864
8696,0.001394,172.31.40.0-255,66,185331,77,322864
8697,0.001515,172.217.194.0-255,1484,186815,77,322864
8698,0.001548,172.217.194.0-255,2902,189717,77,322864
8699,0.001552,172.31.40.0-255,66,189783,77,322864
8700,0.001559,172.217.194.0-255,5738,195521,77,322864
8701,0.001561,172.31.40.0-255,66,195587,77,322864
8702,0.001566,172.217.194.0-255,2902,198489,77,322864
8703,0.001573,172.31.40.0-255,66,198555,77,322864
8704,0.001602,172.217.194.0-255,9992,208547,77,322864
8705,0.001605,172.31.40.0-255,66,208613,77,322864
8706,0.001632,172.217.194.0-255,7156,215769,77,322864
8707,0.001635,172.31.40.0-255,66,215835,77,322864
8708,0.00164,172.217.194.0-255,3602,219437,77,322864
8709,0.001643,172.31.40.0-255,66,219503,77,322864
8710,0.001753,172.217.194.0-255,1484,220987,77,322864
8711,0.001759,172.217.194.0-255,2902,223889,77,322864
8712,0.001762,172.31.40.0-255,66,223955,77,322864
8713,0.001768,172.217.194.0-255,2902,226857,77,322864
8714,0.00177,172.31.40.0-255,66,226923,77,322864
8715,0.001803,172.217.194.0-255,2902,229825,77,322864
8716,0.001807,172.31.40.0-255,66,229891,77,322864
8717,0.001814,172.217.194.0-255,5738,235629,77,322864
8718,0.001816,172.31.40.0-255,66,235695,77,322864
8719,0.001823,172.217.194.0-255,7156,242851,77,322864
8720,0.001825,172.31.40.0-255,66,242917,77,322864
8721,0.001865,172.217.194.0-255,5738,248655,77,322864
8722,0.001868,172.31.40.0-255,66,248721,77,322864
8723,0.001899,172.217.194.0-255,5020,253741,77,322864
8724,0.001902,172.31.40.0-255,66,253807,77,322864
8725,0.001906,172.217.194.0-255,1484,255291,77,322864
8726,0.001912,172.217.194.0-255,2902,258193,77,322864
8727,0.001914,172.31.40.0-255,66,258259,77,322864
8728,0.001918,172.217.194.0-255,2902,261161,77,322864
8729,0.001921,172.31.40.0-255,66,261227,77,322864
8730,0.001958,172.217.194.0-255,2902,264129,77,322864
8731,0.001961,172.31.40.0-255,66,264195,77,322864
8732,0.001972,172.217.194.0-255,12828,277023,77,322864
8733,0.001975,172.31.40.0-255,66,277089,77,322864
8734,0.002001,172.217.194.0-255,5738,282827,77,322864
8735,0.002004,172.31.40.0-255,66,282893,77,322864
8736,0.002041,172.31.40.0-255,66,282959,77,322864
8737,0.002045,172.217.194.0-255,2902,285861,77,322864
8738,0.002048,172.31.40.0-255,66,285927,77,322864
8739,0.002119,172.31.40.0-255,66,285993,77,322864
8740,0.002155,172.217.194.0-255,1484,287477,77,322864
8741,0.00217,172.217.194.0-255,13528,301005,77,322864
8742,0.002172,172.31.40.0-255,66,301071,77,322864
8743,0.002199,172.31.40.0-255,66,301137,77,322864
8744,0.002228,172.31.40.0-255,66,301203,77,322864
8745,0.002238,172.217.194.0-255,11410,312613,77,322864
8746,0.002242,172.31.40.0-255,66,312679,77,322864
8747,0.00225,172.217.194.0-255,5496,318175,77,322864
8748,0.002253,172.31.40.0-255,66,318241,77,322864
8749,0.002256,172.217.194.0-255,105,318346,77,322864
8750,0.009718,172.31.40.0-255,66,318412,77,322864
8751,0.009773,172.31.40.0-255,105,318517,77,322864
8752,0.012533,172.217.194.0-255,66,318583,77,322864
8753,0.041912,172.31.40.0-255,172,318755,77,322864
8754,0.042041,172.31.40.0-255,1120,319875,77,322864
8755,0.042114,172.31.40.0-255,1514,321389,77,322864
8756,0.042116,172.31.40.0-255,1277,322666,77,322864
8757,0.043587,104.244.42.0-255,66,322732,77,322864
8758,0.043715,104.244.42.0-255,66,322798,77,322864
8759,0.04376,104.244.42.0-255,66,322864,77,322864
8760,0.0,172.217.194.0-255,165,165,77,372858
8761,2e-05,172.31.40.0-255,66,231,77,372858
8762,2.8e-05,172.217.194.0-255,1484,1715,77,372858
8763,3.3e-05,172.31.40.0-255,66,1781,77,372858
8764,4.6e-05,172.217.194.0-255,2902,4683,77,372858
8765,5e-05,172.31.40.0-255,66,4749,77,372858
8766,5.7e-05,172.217.194.0-255,5738,10487,77,372858
8767,6e-05,172.31.40.0-255,66,10553,77,372858
8768,0.00011,172.217.194.0-255,3520,14073,77,372858
8769,0.000113,172.31.40.0-255,66,14139,77,372858
8770,0.000458,172.217.194.0-255,1484,15623,77,372858
8771,0.000463,172.31.40.0-255,66,15689,77,372858
8772,0.000469,172.217.194.0-255,2902,18591,77,372858
8773,0.000471,172.31.40.0-255,66,18657,77,372858
8774,0.000474,172.217.194.0-255,1484,20141,77,372858
8775,0.000477,172.31.40.0-255,66,20207,77,372858
8776,0.000511,172.217.194.0-255,4320,24527,77,372858
8777,0.000514,172.31.40.0-255,66,24593,77,372858
8778,0.000521,172.217.194.0-255,6797,31390,77,372858
8779,0.000524,172.31.40.0-255,66,31456,77,372858
8780,0.000551,172.217.194.0-255,1484,32940,77,372858
8781,0.000553,172.31.40.0-255,66,33006,77,372858
8782,0.00058,172.217.194.0-255,2902,35908,77,372858
8783,0.000583,172.31.40.0-255,66,35974,77,372858
8784,0.000611,172.217.194.0-255,5738,41712,77,372858
8785,0.000614,172.31.40.0-255,66,41778,77,372858
8786,0.000619,172.217.194.0-255,4320,46098,77,372858
8787,0.000622,172.31.40.0-255,66,46164,77,372858
8788,0.00066,172.217.194.0-255,2543,48707,77,372858
8789,0.000663,172.31.40.0-255,66,48773,77,372858
8790,0.000667,172.217.194.0-255,2902,51675,77,372858
8791,0.000669,172.31.40.0-255,66,51741,77,372858
8792,0.0007,172.217.194.0-255,7156,58897,77,372858
8793,0.000703,172.31.40.0-255,66,58963,77,372858
8794,0.000729,172.217.194.0-255,6797,65760,77,372858
8795,0.000732,172.31.40.0-255,66,65826,77,372858
8796,0.001221,172.217.194.0-255,645,66471,77,372858
8797,0.001373,172.217.194.0-255,1484,67955,77,372858
8798,0.001378,172.31.40.0-255,66,68021,77,372858
8799,0.001385,172.217.194.0-255,2902,70923,77,372858
8800,0.001387,172.31.40.0-255,66,70989,77,372858
8801,0.001398,172.217.194.0-255,5738,76727,77,372858
8802,0.0014,172.31.40.0-255,66,76793,77,372858
8803,0.001432,172.217.194.0-255,6797,83590,77,372858
8804,0.001435,172.31.40.0-255,66,83656,77,372858
8805,0.001459,172.217.194.0-255,7156,90812,77,372858
8806,0.001461,172.31.40.0-255,66,90878,77,372858
8807,0.001467,172.217.194.0-255,5738,96616,77,372858
8808,0.001469,172.31.40.0-255,66,96682,77,372858
8809,0.001526,172.217.194.0-255,3961,100643,77,372858
8810,0.001529,172.31.40.0-255,66,100709,77,372858
8811,0.002488,172.217.194.0-255,1484,102193,77,372858
8812,0.002497,172.217.194.0-255,2902,105095,77,372858
8813,0.002501,172.31.40.0-255,66,105161,77,372858
8814,0.002506,172.217.194.0-255,2902,108063,77,372858
8815,0.002508,172.31.40.0-255,66,108129,77,372858
8816,0.002535,172.217.194.0-255,8574,116703,77,372858
8817,0.002538,172.31.40.0-255,66,116769,77,372858
8818,0.002571,172.217.194.0-255,1484,118253,77,372858
8819,0.002579,172.217.194.0-255,8574,126827,77,372858
8820,0.002582,172.31.40.0-255,66,126893,77,372858
8821,0.002587,172.217.194.0-255,2902,129795,77,372858
8822,0.002589,172.31.40.0-255,66,129861,77,372858
8823,0.002617,172.217.194.0-255,5020,134881,77,372858
8824,0.00262,172.31.40.0-255,66,134947,77,372858
8825,0.0042,172.217.194.0-255,1484,136431,77,372858
8826,0.004206,172.217.194.0-255,2902,139333,77,372858
8827,0.004209,172.31.40.0-255,66,139399,77,372858
8828,0.004238,172.217.194.0-255,5738,145137,77,372858
8829,0.00424,172.31.40.0-255,66,145203,77,372858
8830,0.004247,172.217.194.0-255,5738,150941,77,372858
8831,0.004249,172.31.40.0-255,66,151007,77,372858
8832,0.004288,172.217.194.0-255,7156,158163,77,372858
8833,0.00429,172.31.40.0-255,66,158229,77,372858
8834,0.004299,172.217.194.0-255,8574,166803,77,372858
8835,0.004301,172.31.40.0-255,66,166869,77,372858
8836,0.004305,172.217.194.0-255,2184,169053,77,372858
8837,0.00431,172.31.40.0-255,66,169119,77,372858
8838,0.004426,172.217.194.0-255,1484,170603,77,372858
8839,0.004442,172.217.194.0-255,2902,173505,77,372858
8840,0.004444,172.31.40.0-255,66,173571,77,372858
8841,0.004449,172.217.194.0-255,2902,176473,77,372858
8842,0.004451,172.31.40.0-255,66,176539,77,372858
8843,0.004472,172.217.194.0-255,2902,179441,77,372858
8844,0.004474,172.31.40.0-255,66,179507,77,372858
8845,0.004481,172.217.194.0-255,7156,186663,77,372858
8846,0.004488,172.31.40.0-255,66,186729,77,372858
8847,0.004491,172.217.194.0-255,1484,188213,77,372858
8848,0.004494,172.217.194.0-255,1484,189697,77,372858
8849,0.004496,172.31.40.0-255,66,189763,77,372858
8850,0.004527,172.217.194.0-255,7156,196919,77,372858
8851,0.00453,172.31.40.0-255,66,196985,77,372858
8852,0.004548,172.217.194.0-255,5738,202723,77,372858
8853,0.004551,172.31.40.0-255,66,202789,77,372858
8854,0.004553,172.217.194.0-255,766,203555,77,372858
8855,0.004728,172.217.194.0-255,1484,205039,77,372858
8856,0.004731,172.31.40.0-255,66,205105,77,372858
8857,0.004735,172.217.194.0-255,2902,208007,77,372858
8858,0.004738,172.31.40.0-255,66,208073,77,372858
8859,0.004759,172.217.194.0-255,5738,213811,77,372858
8860,0.004762,172.31.40.0-255,66,213877,77,372858
8861,0.004772,172.217.194.0-255,2902,216779,77,372858
8862,0.004775,172.31.40.0-255,66,216845,77,372858
8863,0.004801,172.217.194.0-255,8574,225419,77,372858
8864,0.004804,172.31.40.0-255,66,225485,77,372858
8865,0.004869,172.217.194.0-255,7156,232641,77,372858
8866,0.004872,172.31.40.0-255,66,232707,77,372858
8867,0.004901,172.217.194.0-255,7856,240563,77,372858
8868,0.004904,172.31.40.0-255,66,240629,77,372858
8869,0.004925,172.31.40.0-255,66,240695,77,372858
8870,0.00494,172.31.40.0-255,66,240761,77,372858
8871,0.004946,172.217.194.0-255,5738,246499,77,372858
8872,0.004949,172.31.40.0-255,66,246565,77,372858
8873,0.004988,172.31.40.0-255,66,246631,77,372858
8874,0.005019,172.217.194.0-255,7156,253787,77,372858
8875,0.005022,172.31.40.0-255,66,253853,77,372858
8876,0.005032,172.217.194.0-255,10692,264545,77,372858
8877,0.005034,172.31.40.0-255,66,264611,77,372858
8878,0.005044,172.217.194.0-255,11410,276021,77,372858
8879,0.005047,172.31.40.0-255,66,276087,77,372858
8880,0.005053,172.217.194.0-255,5738,281825,77,372858
8881,0.005056,172.31.40.0-255,66,281891,77,372858
8882,0.005086,172.217.194.0-255,8574,290465,77,372858
8883,0.005088,172.31.40.0-255,66,290531,77,372858
8884,0.005097,172.217.194.0-255,9992,300523,77,372858
8885,0.0051,172.31.40.0-255,66,300589,77,372858
8886,0.005129,172.217.194.0-255,9274,309863,77,372858
8887,0.005132,172.31.40.0-255,66,309929,77,372858
8888,0.005143,172.217.194.0-255,11410,321339,77,372858
8889,0.005146,172.31.40.0-255,66,321405,77,372858
8890,0.005177,172.217.194.0-255,9274,330679,77,372858
8891,0.005181,172.31.40.0-255,66,330745,77,372858
8892,0.005191,172.217.194.0-255,11410,342155,77,372858
8893,0.005194,172.31.40.0-255,66,342221,77,372858
8894,0.005242,172.217.194.0-255,9992,352213,77,372858
8895,0.005246,172.31.40.0-255,66,352279,77,372858
8896,0.005254,172.217.194.0-255,7856,360135,77,372858
8897,0.005257,172.31.40.0-255,66,360201,77,372858
8898,0.005264,172.217.194.0-255,6536,366737,77,372858
8899,0.005266,172.31.40.0-255,66,366803,77,372858
8900,0.005321,172.217.194.0-255,105,366908,77,372858
8901,0.008236,172.31.40.0-255,66,366974,77,372858
8902,0.008274,172.31.40.0-255,105,367079,77,372858
8903,0.01022,172.217.194.0-255,66,367145,77,372858
8904,0.042404,172.31.40.0-255,172,367317,77,372858
8905,0.042436,172.31.40.0-255,1118,368435,77,372858
8906,0.042502,172.31.40.0-255,1514,369949,77,372858
8907,0.042524,172.31.40.0-255,1514,371463,77,372858
8908,0.042528,172.31.40.0-255,957,372420,77,372858
8909,0.044,104.244.42.0-255,66,372486,77,372858
8910,0.044045,104.244.42.0-255,66,372552,77,372858
8911,0.044093,104.244.42.0-255,66,372618,77,372858
8912,0.044131,104.244.42.0-255,66,372684,77,372858
8913,0.045369,104.244.42.0-255,108,372792,77,372858
8914,0.045377,172.31.40.0-255,66,372858,77,372858
8915,0.0,216.58.221.0-255,153,153,77,370910
8916,1.6e-05,172.31.40.0-255,66,219,77,370910
8917,5e-05,216.58.221.0-255,1484,1703,77,370910
8918,5.5e-05,172.31.40.0-255,66,1769,77,370910
8919,6e-05,216.58.221.0-255,2902,4671,77,370910
8920,6.3e-05,172.31.40.0-255,66,4737,77,370910
8921,6.9e-05,216.58.221.0-255,4320,9057,77,370910
8922,7.8e-05,172.31.40.0-255,66,9123,77,370910
8923,0.000103,216.58.221.0-255,1484,10607,77,370910
8924,0.000105,172.31.40.0-255,66,10673,77,370910
8925,0.000111,216.58.221.0-255,2902,13575,77,370910
8926,0.000113,172.31.40.0-255,66,13641,77,370910
8927,0.000147,216.58.221.0-255,9191,22832,77,370910
8928,0.00015,172.31.40.0-255,66,22898,77,370910
8929,0.000222,216.58.221.0-255,8215,31113,77,370910
8930,0.000225,172.31.40.0-255,66,31179,77,370910
8931,0.000296,216.58.221.0-255,4320,35499,77,370910
8932,0.000301,172.31.40.0-255,66,35565,77,370910
8933,0.00033,216.58.221.0-255,5738,41303,77,370910
8934,0.000333,172.31.40.0-255,66,41369,77,370910
8935,0.000375,216.58.221.0-255,2902,44271,77,370910
8936,0.000378,172.31.40.0-255,66,44337,77,370910
8937,0.000416,216.58.221.0-255,9633,53970,77,370910
8938,0.000419,172.31.40.0-255,66,54036,77,370910
8939,0.000484,216.58.221.0-255,5738,59774,77,370910
8940,0.000488,172.31.40.0-255,66,59840,77,370910
8941,0.000516,216.58.221.0-255,5379,65219,77,370910
8942,0.000518,172.31.40.0-255,66,65285,77,370910
8943,0.000549,216.58.221.0-255,353,65638,77,370910
8944,0.000552,172.31.40.0-255,66,65704,77,370910
8945,0.000887,216.58.221.0-255,140,65844,77,370910
8946,0.000891,172.31.40.0-255,66,65910,77,370910
8947,0.001098,216.58.221.0-255,346,66256,77,370910
8948,0.001131,172.31.40.0-255,66,66322,77,370910
8949,0.001245,216.58.221.0-255,1484,67806,77,370910
8950,0.001254,216.58.221.0-255,2902,70708,77,370910
8951,0.001257,172.31.40.0-255,66,70774,77,370910
8952,0.00129,216.58.221.0-255,4320,75094,77,370910
8953,0.001292,172.31.40.0-255,66,75160,77,370910
8954,0.001324,216.58.221.0-255,7667,82827,77,370910
8955,0.001327,172.31.40.0-255,66,82893,77,370910
8956,0.002061,216.58.221.0-255,1484,84377,77,370910
8957,0.002068,216.58.221.0-255,2902,87279,77,370910
8958,0.002072,172.31.40.0-255,66,87345,77,370910
8959,0.002077,216.58.221.0-255,4320,91665,77,370910
8960,0.002079,172.31.40.0-255,66,91731,77,370910
8961,0.002099,216.58.221.0-255,1484,93215,77,370910
8962,0.00212,216.58.221.0-255,4320,97535,77,370910
8963,0.002122,172.31.40.0-255,66,97601,77,370910
8964,0.004181,216.58.221.0-255,2902,100503,77,370910
8965,0.004183,172.31.40.0-255,66,100569,77,370910
8966,0.004205,216.58.221.0-255,2902,103471,77,370910
8967,0.004207,172.31.40.0-255,66,103537,77,370910
8968,0.006249,216.58.221.0-255,4320,107857,77,370910
8969,0.006255,172.31.40.0-255,66,107923,77,370910
8970,0.006286,216.58.221.0-255,1484,109407,77,370910
8971,0.008327,216.58.221.0-255,4320,113727,77,370910
8972,0.008336,172.31.40.0-255,66,113793,77,370910
8973,0.010404,216.58.221.0-255,5738,119531,77,370910
8974,0.010413,172.31.40.0-255,66,119597,77,370910
8975,0.012474,216.58.221.0-255,5738,125335,77,370910
8976,0.012481,172.31.40.0-255,66,125401,77,370910
8977,0.014564,216.58.221.0-255,5738,131139,77,370910
8978,0.014571,172.31.40.0-255,66,131205,77,370910
8979,0.016643,216.58.221.0-255,5738,136943,77,370910
8980,0.01665,172.31.40.0-255,66,137009,77,370910
8981,0.018723,216.58.221.0-255,5738,142747,77,370910
8982,0.018729,172.31.40.0-255,66,142813,77,370910
8983,0.020805,216.58.221.0-255,5738,148551,77,370910
8984,0.020814,172.31.40.0-255,66,148617,77,370910
8985,0.022878,216.58.221.0-255,4320,152937,77,370910
8986,0.022885,172.31.40.0-255,66,153003,77,370910
8987,0.02291,216.58.221.0-255,1484,154487,77,370910
8988,0.024949,216.58.221.0-255,4320,158807,77,370910
8989,0.024956,172.31.40.0-255,66,158873,77,370910
8990,0.02702,216.58.221.0-255,5738,164611,77,370910
8991,0.027028,172.31.40.0-255,66,164677,77,370910
8992,0.028553,172.31.40.0-255,171,164848,77,370910
8993,0.028586,172.31.40.0-255,1142,165990,77,370910
8994,0.02864,172.31.40.0-255,1514,167504,77,370910
8995,0.028642,172.31.40.0-255,1253,168757,77,370910
8996,0.029097,216.58.221.0-255,5738,174495,77,370910
8997,0.029104,172.31.40.0-255,66,174561,77,370910
8998,0.03024,104.244.42.0-255,66,174627,77,370910
8999,0.03028,104.244.42.0-255,66,174693,77,370910
9000,0.03034,104.244.42.0-255,66,174759,77,370910
9001,0.03117,216.58.221.0-255,5738,180497,77,370910
9002,0.031177,172.31.40.0-255,66,180563,77,370910
9003,0.033256,216.58.221.0-255,5738,186301,77,370910
9004,0.033262,172.31.40.0-255,66,186367,77,370910
9005,0.035343,216.58.221.0-255,5738,192105,77,370910
9006,0.035349,172.31.40.0-255,66,192171,77,370910
9007,0.037425,216.58.221.0-255,5738,197909,77,370910
9008,0.037431,172.31.40.0-255,66,197975,77,370910
9009,0.039505,216.58.221.0-255,5738,203713,77,370910
9010,0.039511,172.31.40.0-255,66,203779,77,370910
9011,0.041594,216.58.221.0-255,5738,209517,77,370910
9012,0.0416,172.31.40.0-255,66,209583,77,370910
9013,0.043691,216.58.221.0-255,5738,215321,77,370910
9014,0.043697,172.31.40.0-255,66,215387,77,370910
9015,0.045769,216.58.221.0-255,5738,221125,77,370910
9016,0.045776,172.31.40.0-255,66,221191,77,370910
9017,0.047865,216.58.221.0-255,5738,226929,77,370910
9018,0.047871,172.31.40.0-255,66,226995,77,370910
9019,0.049949,216.58.221.0-255,5738,232733,77,370910
9020,0.049956,172.31.40.0-255,66,232799,77,370910
9021,0.052015,216.58.221.0-255,5738,238537,77,370910
9022,0.052021,172.31.40.0-255,66,238603,77,370910
9023,0.054092,216.58.221.0-255,5738,244341,77,370910
9024,0.054098,172.31.40.0-255,66,244407,77,370910
9025,0.056177,216.58.221.0-255,5738,250145,77,370910
9026,0.056183,172.31.40.0-255,66,250211,77,370910
9027,0.058257,216.58.221.0-255,5738,255949,77,370910
9028,0.058263,172.31.40.0-255,66,256015,77,370910
9029,0.060329,216.58.221.0-255,5738,261753,77,370910
9030,0.060335,172.31.40.0-255,66,261819,77,370910
9031,0.062401,216.58.221.0-255,5738,267557,77,370910
9032,0.06241,172.31.40.0-255,66,267623,77,370910
9033,0.064509,216.58.221.0-255,5738,273361,77,370910
9034,0.064514,172.31.40.0-255,66,273427,77,370910
9035,0.066594,216.58.221.0-255,5738,279165,77,370910
9036,0.066601,172.31.40.0-255,66,279231,77,370910
9037,0.066709,172.31.40.0-255,101,279332,77,370910
9038,0.068709,216.58.221.0-255,5738,285070,77,370910
9039,0.068715,172.31.40.0-255,66,285136,77,370910
9040,0.068743,216.58.221.0-255,66,285202,77,370910
9041,0.070799,216.58.221.0-255,5738,290940,77,370910
9042,0.070805,172.31.40.0-255,66,291006,77,370910
9043,0.072856,216.58.221.0-255,4320,295326,77,370910
9044,0.072861,172.31.40.0-255,66,295392,77,370910
9045,0.072886,216.58.221.0-255,1484,296876,77,370910
9046,0.074925,216.58.221.0-255,4320,301196,77,370910
9047,0.074931,172.31.40.0-255,66,301262,77,370910
9048,0.077009,216.58.221.0-255,5738,307000,77,370910
9049,0.077017,172.31.40.0-255,66,307066,77,370910
9050,0.079085,216.58.221.0-255,5738,312804,77,370910
9051,0.079092,172.31.40.0-255,66,312870,77,370910
9052,0.081163,216.58.221.0-255,5738,318608,77,370910
9053,0.081168,172.31.40.0-255,66,318674,77,370910
9054,0.083246,216.58.221.0-255,5738,324412,77,370910
9055,0.083252,172.31.40.0-255,66,324478,77,370910
9056,0.085341,216.58.221.0-255,5738,330216,77,370910
9057,0.085347,172.31.40.0-255,66,330282,77,370910
9058,0.087423,216.58.221.0-255,5738,336020,77,370910
9059,0.087429,172.31.40.0-255,66,336086,77,370910
9060,0.089509,216.58.221.0-255,5738,341824,77,370910
9061,0.089516,172.31.40.0-255,66,341890,77,370910
9062,0.091598,216.58.221.0-255,5738,347628,77,370910
9063,0.091604,172.31.40.0-255,66,347694,77,370910
9064,0.093675,216.58.221.0-255,5738,353432,77,370910
9065,0.093682,172.31.40.0-255,66,353498,77,370910
9066,0.095763,216.58.221.0-255,5738,359236,77,370910
9067,0.095769,172.31.40.0-255,66,359302,77,370910
9068,0.09785,216.58.221.0-255,5738,365040,77,370910
9069,0.097855,172.31.40.0-255,66,365106,77,370910
9070,0.099927,216.58.221.0-255,5738,370844,77,370910
9071,0.099932,172.31.40.0-255,66,370910,77,370910
9072,0.0,74.125.24.0-255,153,153,77,351147
9073,4.5e-05,172.31.40.0-255,66,219,77,351147
9074,5.7e-05,74.125.24.0-255,1484,1703,77,351147
9075,6.3e-05,172.31.40.0-255,66,1769,77,351147
9076,6.6e-05,74.125.24.0-255,1484,3253,77,351147
9077,6.9e-05,172.31.40.0-255,66,3319,77,351147
9078,7.5e-05,74.125.24.0-255,2902,6221,77,351147
9079,7.8e-05,172.31.40.0-255,66,6287,77,351147
9080,8.4e-05,74.125.24.0-255,5738,12025,77,351147
9081,8.7e-05,172.31.40.0-255,66,12091,77,351147
9082,9.1e-05,74.125.24.0-255,2037,14128,77,351147
9083,9.5e-05,172.31.40.0-255,66,14194,77,351147
9084,0.00025,74.125.24.0-255,1484,15678,77,351147
9085,0.000257,172.31.40.0-255,66,15744,77,351147
9086,0.000263,74.125.24.0-255,2902,18646,77,351147
9087,0.000265,172.31.40.0-255,66,18712,77,351147
9088,0.000268,74.125.24.0-255,1484,20196,77,351147
9089,0.00027,172.31.40.0-255,66,20262,77,351147
9090,0.000292,74.125.24.0-255,4320,24582,77,351147
9091,0.000295,172.31.40.0-255,66,24648,77,351147
9092,0.000303,74.125.24.0-255,6797,31445,77,351147
9093,0.000306,172.31.40.0-255,66,31511,77,351147
9094,0.000622,74.125.24.0-255,1484,32995,77,351147
9095,0.000628,172.31.40.0-255,66,33061,77,351147
9096,0.000634,74.125.24.0-255,2902,35963,77,351147
9097,0.000636,172.31.40.0-255,66,36029,77,351147
9098,0.000641,74.125.24.0-255,2902,38931,77,351147
9099,0.000644,172.31.40.0-255,66,38997,77,351147
9100,0.000662,74.125.24.0-255,2902,41899,77,351147
9101,0.000665,172.31.40.0-255,66,41965,77,351147
9102,0.000669,74.125.24.0-255,2902,44867,77,351147
9103,0.000671,172.31.40.0-255,66,44933,77,351147
9104,0.0007,74.125.24.0-255,8215,53148,77,351147
9105,0.000703,172.31.40.0-255,66,53214,77,351147
9106,0.000715,74.125.24.0-255,12469,65683,77,351147
9107,0.000718,172.31.40.0-255,66,65749,77,351147
9108,0.000767,74.125.24.0-255,395,66144,77,351147
9109,0.001065,172.31.40.0-255,66,66210,77,351147
9110,0.001502,74.125.24.0-255,116,66326,77,351147
9111,0.002131,74.125.24.0-255,1484,67810,77,351147
9112,0.002139,172.31.40.0-255,66,67876,77,351147
9113,0.003154,74.125.24.0-255,2902,70778,77,351147
9114,0.003158,172.31.40.0-255,66,70844,77,351147
9115,0.00422,74.125.24.0-255,2902,73746,77,351147
9116,0.004226,172.31.40.0-255,66,73812,77,351147
9117,0.0052,74.125.24.0-255,2902,76714,77,351147
9118,0.005206,172.31.40.0-255,66,76780,77,351147
9119,0.006286,74.125.24.0-255,2902,79682,77,351147
9120,0.00629,172.31.40.0-255,66,79748,77,351147
9121,0.00726,74.125.24.0-255,2902,82650,77,351147
9122,0.007267,172.31.40.0-255,66,82716,77,351147
9123,0.008332,74.125.24.0-255,2902,85618,77,351147
9124,0.008339,172.31.40.0-255,66,85684,77,351147
9125,0.009345,74.125.24.0-255,2902,88586,77,351147
9126,0.009354,172.31.40.0-255,66,88652,77,351147
9127,0.010427,74.125.24.0-255,2902,91554,77,351147
9128,0.010436,172.31.40.0-255,66,91620,77,351147
9129,0.011424,74.125.24.0-255,2902,94522,77,351147
9130,0.011432,172.31.40.0-255,66,94588,77,351147
9131,0.012511,74.125.24.0-255,2902,97490,77,351147
9132,0.012517,172.31.40.0-255,66,97556,77,351147
9133,0.013468,74.125.24.0-255,2902,100458,77,351147
9134,0.013474,172.31.40.0-255,66,100524,77,351147
9135,0.014574,74.125.24.0-255,2902,103426,77,351147
9136,0.014582,172.31.40.0-255,66,103492,77,351147
9137,0.015558,74.125.24.0-255,2902,106394,77,351147
9138,0.015565,172.31.40.0-255,66,106460,77,351147
9139,0.01666,74.125.24.0-255,2902,109362,77,351147
9140,0.016668,172.31.40.0-255,66,109428,77,351147
9141,0.017604,74.125.24.0-255,2902,112330,77,351147
9142,0.017612,172.31.40.0-255,66,112396,77,351147
9143,0.018772,74.125.24.0-255,2902,115298,77,351147
9144,0.018783,172.31.40.0-255,66,115364,77,351147
9145,0.019663,74.125.24.0-255,2902,118266,77,351147
9146,0.01967,172.31.40.0-255,66,118332,77,351147
9147,0.020828,74.125.24.0-255,2902,121234,77,351147
9148,0.020836,172.31.40.0-255,66,121300,77,351147
9149,0.021737,74.125.24.0-255,2902,124202,77,351147
9150,0.021745,172.31.40.0-255,66,124268,77,351147
9151,0.022907,74.125.24.0-255,2902,127170,77,351147
9152,0.022915,172.31.40.0-255,66,127236,77,351147
9153,0.023825,74.125.24.0-255,2902,130138,77,351147
9154,0.023834,172.31.40.0-255,66,130204,77,351147
9155,0.024983,74.125.24.0-255,2902,133106,77,351147
9156,0.024992,172.31.40.0-255,66,133172,77,351147
9157,0.0259,74.125.24.0-255,2902,136074,77,351147
9158,0.025908,172.31.40.0-255,66,136140,77,351147
9159,0.02709,74.125.24.0-255,2902,139042,77,351147
9160,0.027098,172.31.40.0-255,66,139108,77,351147
9161,0.027979,74.125.24.0-255,2902,142010,77,351147
9162,0.027987,172.31.40.0-255,66,142076,77,351147
9163,0.029229,74.125.24.0-255,2902,144978,77,351147
9164,0.029237,172.31.40.0-255,66,145044,77,351147
9165,0.030049,74.125.24.0-255,2902,147946,77,351147
9166,0.030056,172.31.40.0-255,66,148012,77,351147
9167,0.031294,74.125.24.0-255,2902,150914,77,351147
9168,0.031302,172.31.40.0-255,66,150980,77,351147
9169,0.031919,172.31.40.0-255,172,151152,77,351147
9170,0.03195,172.31.40.0-255,1120,152272,77,351147
9171,0.03202,172.31.40.0-255,1514,153786,77,351147
9172,0.032042,172.31.40.0-255,1275,155061,77,351147
9173,0.032081,74.125.24.0-255,2902,157963,77,351147
9174,0.032086,172.31.40.0-255,66,158029,77,351147
9175,0.033358,74.125.24.0-255,2902,160931,77,351147
9176,0.033365,172.31.40.0-255,66,160997,77,351147
9177,0.033487,104.244.42.0-255,66,161063,77,351147
9178,0.03353,104.244.42.0-255,66,161129,77,351147
9179,0.033619,104.244.42.0-255,66,161195,77,351147
9180,0.034154,74.125.24.0-255,2902,164097,77,351147
9181,0.03416,172.31.40.0-255,66,164163,77,351147
9182,0.035464,74.125.24.0-255,2902,167065,77,351147
9183,0.035471,172.31.40.0-255,66,167131,77,351147
9184,0.03626,74.125.24.0-255,2902,170033,77,351147
9185,0.036266,172.31.40.0-255,66,170099,77,351147
9186,0.037536,74.125.24.0-255,2902,173001,77,351147
9187,0.037544,172.31.40.0-255,66,173067,77,351147
9188,0.038399,74.125.24.0-255,2902,175969,77,351147
9189,0.038406,172.31.40.0-255,66,176035,77,351147
9190,0.039604,74.125.24.0-255,2902,178937,77,351147
9191,0.03961,172.31.40.0-255,66,179003,77,351147
9192,0.04048,74.125.24.0-255,2902,181905,77,351147
9193,0.04049,172.31.40.0-255,66,181971,77,351147
9194,0.041675,74.125.24.0-255,2902,184873,77,351147
9195,0.041682,172.31.40.0-255,66,184939,77,351147
9196,0.042563,74.125.24.0-255,2902,187841,77,351147
9197,0.04257,172.31.40.0-255,66,187907,77,351147
9198,0.043745,74.125.24.0-255,2902,190809,77,351147
9199,0.043751,172.31.40.0-255,66,190875,77,351147
9200,0.044641,74.125.24.0-255,2902,193777,77,351147
9201,0.044648,172.31.40.0-255,66,193843,77,351147
9202,0.045816,74.125.24.0-255,2902,196745,77,351147
9203,0.045823,172.31.40.0-255,66,196811,77,351147
9204,0.046704,74.125.24.0-255,2902,199713,77,351147
9205,0.04671,172.31.40.0-255,66,199779,77,351147
9206,0.047895,74.125.24.0-255,2902,202681,77,351147
9207,0.047901,172.31.40.0-255,66,202747,77,351147
9208,0.048792,74.125.24.0-255,2902,205649,77,351147
9209,0.048798,172.31.40.0-255,66,205715,77,351147
9210,0.049964,74.125.24.0-255,2902,208617,77,351147
9211,0.049971,172.31.40.0-255,66,208683,77,351147
9212,0.050914,74.125.24.0-255,2902,211585,77,351147
9213,0.050921,172.31.40.0-255,66,211651,77,351147
9214,0.052008,74.125.24.0-255,2902,214553,77,351147
9215,0.052015,172.31.40.0-255,66,214619,77,351147
9216,0.052973,74.125.24.0-255,2902,217521,77,351147
9217,0.052984,172.31.40.0-255,66,217587,77,351147
9218,0.054117,74.125.24.0-255,2902,220489,77,351147
9219,0.054124,172.31.40.0-255,66,220555,77,351147
9220,0.055048,74.125.24.0-255,2902,223457,77,351147
9221,0.055054,172.31.40.0-255,66,223523,77,351147
9222,0.056165,74.125.24.0-255,2902,226425,77,351147
9223,0.056172,172.31.40.0-255,66,226491,77,351147
9224,0.05712,74.125.24.0-255,2902,229393,77,351147
9225,0.057127,172.31.40.0-255,66,229459,77,351147
9226,0.058222,74.125.24.0-255,2902,232361,77,351147
9227,0.058228,172.31.40.0-255,66,232427,77,351147
9228,0.059194,74.125.24.0-255,2902,235329,77,351147
9229,0.0592,172.31.40.0-255,66,235395,77,351147
9230,0.06029,74.125.24.0-255,2902,238297,77,351147
9231,0.060297,172.31.40.0-255,66,238363,77,351147
9232,0.061254,74.125.24.0-255,2902,241265,77,351147
9233,0.061261,172.31.40.0-255,66,241331,77,351147
9234,0.06236,74.125.24.0-255,2902,244233,77,351147
9235,0.062366,172.31.40.0-255,66,244299,77,351147
9236,0.063332,74.125.24.0-255,2902,247201,77,351147
9237,0.063338,172.31.40.0-255,66,247267,77,351147
9238,0.064435,74.125.24.0-255,2902,250169,77,351147
9239,0.064441,172.31.40.0-255,66,250235,77,351147
9240,0.065386,74.125.24.0-255,2902,253137,77,351147
9241,0.065393,172.31.40.0-255,66,253203,77,351147
9242,0.066557,74.125.24.0-255,2902,256105,77,351147
9243,0.066564,172.31.40.0-255,66,256171,77,351147
9244,0.067452,74.125.24.0-255,2902,259073,77,351147
9245,0.067459,172.31.40.0-255,66,259139,77,351147
9246,0.068629,74.125.24.0-255,2902,262041,77,351147
9247,0.068635,172.31.40.0-255,66,262107,77,351147
9248,0.069522,74.125.24.0-255,2902,265009,77,351147
9249,0.069529,172.31.40.0-255,66,265075,77,351147
9250,0.070694,74.125.24.0-255,2902,267977,77,351147
9251,0.070701,172.31.40.0-255,66,268043,77,351147
9252,0.071577,74.125.24.0-255,2902,270945,77,351147
9253,0.071583,172.31.40.0-255,66,271011,77,351147
9254,0.072779,74.125.24.0-255,2902,273913,77,351147
9255,0.072785,172.31.40.0-255,66,273979,77,351147
9256,0.073623,74.125.24.0-255,2902,276881,77,351147
9257,0.073629,172.31.40.0-255,66,276947,77,351147
9258,0.074844,74.125.24.0-255,2902,279849,77,351147
9259,0.074851,172.31.40.0-255,66,279915,77,351147
9260,0.075679,74.125.24.0-255,2902,282817,77,351147
9261,0.075686,172.31.40.0-255,66,282883,77,351147
9262,0.076947,74.125.24.0-255,2902,285785,77,351147
9263,0.076954,172.31.40.0-255,66,285851,77,351147
9264,0.077747,74.125.24.0-255,2902,288753,77,351147
9265,0.077753,172.31.40.0-255,66,288819,77,351147
9266,0.07905,74.125.24.0-255,2902,291721,77,351147
9267,0.079057,172.31.40.0-255,66,291787,77,351147
9268,0.079817,74.125.24.0-255,2902,294689,77,351147
9269,0.079824,172.31.40.0-255,66,294755,77,351147
9270,0.081105,74.125.24.0-255,2902,297657,77,351147
9271,0.081112,172.31.40.0-255,66,297723,77,351147
9272,0.08188,74.125.24.0-255,2902,300625,77,351147
9273,0.081886,172.31.40.0-255,66,300691,77,351147
9274,0.083182,74.125.24.0-255,2902,303593,77,351147
9275,0.083189,172.31.40.0-255,66,303659,77,351147
9276,0.083929,74.125.24.0-255,2902,306561,77,351147
9277,0.083935,172.31.40.0-255,66,306627,77,351147
9278,0.085289,74.125.24.0-255,2902,309529,77,351147
9279,0.085295,172.31.40.0-255,66,309595,77,351147
9280,0.086,74.125.24.0-255,2902,312497,77,351147
9281,0.086007,172.31.40.0-255,66,312563,77,351147
9282,0.087334,74.125.24.0-255,2902,315465,77,351147
9283,0.08734,172.31.40.0-255,66,315531,77,351147
9284,0.088056,74.125.24.0-255,2902,318433,77,351147
9285,0.088062,172.31.40.0-255,66,318499,77,351147
9286,0.089442,74.125.24.0-255,2902,321401,77,351147
9287,0.089449,172.31.40.0-255,66,321467,77,351147
9288,0.090097,74.125.24.0-255,2902,324369,77,351147
9289,0.090103,172.31.40.0-255,66,324435,77,351147
9290,0.091512,74.125.24.0-255,2902,327337,77,351147
9291,0.091518,172.31.40.0-255,66,327403,77,351147
9292,0.09216,74.125.24.0-255,2902,330305,77,351147
9293,0.092167,172.31.40.0-255,66,330371,77,351147
9294,0.093596,74.125.24.0-255,2902,333273,77,351147
9295,0.093605,172.31.40.0-255,66,333339,77,351147
9296,0.094263,74.125.24.0-255,2902,336241,77,351147
9297,0.094269,172.31.40.0-255,66,336307,77,351147
9298,0.095674,74.125.24.0-255,2902,339209,77,351147
9299,0.095681,172.31.40.0-255,66,339275,77,351147
9300,0.096324,74.125.24.0-255,2902,342177,77,351147
9301,0.09633,172.31.40.0-255,66,342243,77,351147
9302,0.097773,74.125.24.0-255,2902,345145,77,351147
9303,0.09778,172.31.40.0-255,66,345211,77,351147
9304,0.098408,74.125.24.0-255,2902,348113,77,351147
9305,0.098415,172.31.40.0-255,66,348179,77,351147
9306,0.09984,74.125.24.0-255,2902,351081,77,351147
9307,0.099847,172.31.40.0-255,66,351147,77,351147
9308,0.0,74.125.200.0-255,153,153,77,421080
9309,1.5e-05,172.31.40.0-255,66,219,77,421080
9310,2.2e-05,74.125.200.0-255,1484,1703,77,421080
9311,2.6e-05,172.31.40.0-255,66,1769,77,421080
9312,3.9e-05,74.125.200.0-255,2902,4671,77,421080
9313,4.3e-05,172.31.40.0-255,66,4737,77,421080
9314,5e-05,74.125.200.0-255,5738,10475,77,421080
9315,5.3e-05,172.31.40.0-255,66,10541,77,421080
9316,5.9e-05,74.125.200.0-255,4320,14861,77,421080
9317,6.2e-05,172.31.40.0-255,66,14927,77,421080
9318,9.5e-05,74.125.200.0-255,2066,16993,77,421080
9319,9.9e-05,172.31.40.0-255,66,17059,77,421080
9320,0.000108,74.125.200.0-255,11410,28469,77,421080
9321,0.000116,172.31.40.0-255,66,28535,77,421080
9322,0.000133,74.125.200.0-255,2543,31078,77,421080
9323,0.000135,172.31.40.0-255,66,31144,77,421080
9324,0.000204,74.125.200.0-255,1484,32628,77,421080
9325,0.000207,172.31.40.0-255,66,32694,77,421080
9326,0.000212,74.125.200.0-255,2902,35596,77,421080
9327,0.000214,172.31.40.0-255,66,35662,77,421080
9328,0.000244,74.125.200.0-255,5738,41400,77,421080
9329,0.000247,172.31.40.0-255,66,41466,77,421080
9330,0.000251,74.125.200.0-255,2902,44368,77,421080
9331,0.000253,172.31.40.0-255,66,44434,77,421080
9332,0.000258,74.125.200.0-255,4320,48754,77,421080
9333,0.000265,172.31.40.0-255,66,48820,77,421080
9334,0.000298,74.125.200.0-255,8574,57394,77,421080
9335,0.000301,172.31.40.0-255,66,57460,77,421080
9336,0.000305,74.125.200.0-255,2902,60362,77,421080
9337,0.000307,172.31.40.0-255,66,60428,77,421080
9338,0.000345,74.125.200.0-255,2902,63330,77,421080
9339,0.000348,172.31.40.0-255,66,63396,77,421080
9340,0.000377,74.125.200.0-255,2763,66159,77,421080
9341,0.000379,172.31.40.0-255,66,66225,77,421080
9342,0.000934,74.125.200.0-255,1484,67709,77,421080
9343,0.000939,74.125.200.0-255,1484,69193,77,421080
9344,0.000942,172.31.40.0-255,66,69259,77,421080
9345,0.000967,74.125.200.0-255,1484,70743,77,421080
9346,0.000972,74.125.200.0-255,4320,75063,77,421080
9347,0.000974,172.31.40.0-255,66,75129,77,421080
9348,0.000995,74.125.200.0-255,7156,82285,77,421080
9349,0.000998,172.31.40.0-255,66,82351,77,421080
9350,0.001024,74.125.200.0-255,1484,83835,77,421080
9351,0.001029,74.125.200.0-255,4320,88155,77,421080
9352,0.001031,172.31.40.0-255,66,88221,77,421080
9353,0.001036,74.125.200.0-255,5738,93959,77,421080
9354,0.001038,172.31.40.0-255,66,94025,77,421080
9355,0.001083,74.125.200.0-255,6438,100463,77,421080
9356,0.001085,172.31.40.0-255,66,100529,77,421080
9357,0.001431,74.125.200.0-255,1484,102013,77,421080
9358,0.00144,74.125.200.0-255,2902,104915,77,421080
9359,0.001443,172.31.40.0-255,66,104981,77,421080
9360,0.001471,74.125.200.0-255,5738,110719,77,421080
9361,0.001473,172.31.40.0-255,66,110785,77,421080
9362,0.001477,74.125.200.0-255,2902,113687,77,421080
9363,0.001479,172.31.40.0-255,66,113753,77,421080
9364,0.001497,74.125.200.0-255,5738,119491,77,421080
9365,0.001499,172.31.40.0-255,66,119557,77,421080
9366,0.001526,74.125.200.0-255,4320,123877,77,421080
9367,0.001528,172.31.40.0-255,66,123943,77,421080
9368,0.001541,74.125.200.0-255,10692,134635,77,421080
9369,0.001543,172.31.40.0-255,66,134701,77,421080
9370,0.00161,74.125.200.0-255,1484,136185,77,421080
9371,0.001631,74.125.200.0-255,2902,139087,77,421080
9372,0.001634,172.31.40.0-255,66,139153,77,421080
9373,0.001662,74.125.200.0-255,5738,144891,77,421080
9374,0.001664,172.31.40.0-255,66,144957,77,421080
9375,0.001668,74.125.200.0-255,2902,147859,77,421080
9376,0.00167,172.31.40.0-255,66,147925,77,421080
9377,0.001688,74.125.200.0-255,4320,152245,77,421080
9378,0.00169,172.31.40.0-255,66,152311,77,421080
9379,0.001698,74.125.200.0-255,8574,160885,77,421080
9380,0.001699,172.31.40.0-255,66,160951,77,421080
9381,0.001732,74.125.200.0-255,7856,168807,77,421080
9382,0.001735,172.31.40.0-255,66,168873,77,421080
9383,0.001787,74.125.200.0-255,1484,170357,77,421080
9384,0.001801,74.125.200.0-255,2902,173259,77,421080
9385,0.001803,172.31.40.0-255,66,173325,77,421080
9386,0.001828,74.125.200.0-255,5738,179063,77,421080
9387,0.001831,172.31.40.0-255,66,179129,77,421080
9388,0.001834,74.125.200.0-255,1484,180613,77,421080
9389,0.001859,74.125.200.0-255,8574,189187,77,421080
9390,0.001861,172.31.40.0-255,66,189253,77,421080
9391,0.001884,74.125.200.0-255,2902,192155,77,421080
9392,0.001886,172.31.40.0-255,66,192221,77,421080
9393,0.001913,74.125.200.0-255,9992,202213,77,421080
9394,0.001916,172.31.40.0-255,66,202279,77,421080
9395,0.001918,74.125.200.0-255,766,203045,77,421080
9396,0.001946,74.125.200.0-255,1484,204529,77,421080
9397,0.001949,172.31.40.0-255,66,204595,77,421080
9398,0.001972,74.125.200.0-255,4320,208915,77,421080
9399,0.001975,172.31.40.0-255,66,208981,77,421080
9400,0.001979,74.125.200.0-255,2902,211883,77,421080
9401,0.00198,172.31.40.0-255,66,211949,77,421080
9402,0.002009,74.125.200.0-255,4320,216269,77,421080
9403,0.002012,172.31.40.0-255,66,216335,77,421080
9404,0.002017,74.125.200.0-255,4320,220655,77,421080
9405,0.002018,172.31.40.0-255,66,220721,77,421080
9406,0.002041,74.125.200.0-255,4320,225041,77,421080
9407,0.002047,172.31.40.0-255,66,225107,77,421080
9408,0.002052,74.125.200.0-255,2902,228009,77,421080
9409,0.002054,172.31.40.0-255,66,228075,77,421080
9410,0.002073,74.125.200.0-255,1484,229559,77,421080
9411,0.0021,74.125.200.0-255,7856,237415,77,421080
9412,0.002104,172.31.40.0-255,66,237481,77,421080
9413,0.002129,74.125.200.0-255,4320,241801,77,421080
9414,0.002131,172.31.40.0-255,66,241867,77,421080
9415,0.002153,74.125.200.0-255,5738,247605,77,421080
9416,0.002156,172.31.40.0-255,66,247671,77,421080
9417,0.00216,74.125.200.0-255,2902,250573,77,421080
9418,0.002162,172.31.40.0-255,66,250639,77,421080
9419,0.002182,74.125.200.0-255,8574,259213,77,421080
9420,0.002184,172.31.40.0-255,66,259279,77,421080
9421,0.002195,74.125.200.0-255,8574,267853,77,421080
9422,0.002203,172.31.40.0-255,66,267919,77,421080
9423,0.002236,74.125.200.0-255,3602,271521,77,421080
9424,0.002239,172.31.40.0-255,66,271587,77,421080
9425,0.004497,74.125.200.0-255,1484,273071,77,421080
9426,0.004514,74.125.200.0-255,1484,274555,77,421080
9427,0.004518,172.31.40.0-255,66,274621,77,421080
9428,0.004561,74.125.200.0-255,2902,277523,77,421080
9429,0.004564,172.31.40.0-255,66,277589,77,421080
9430,0.006812,74.125.200.0-255,2902,280491,77,421080
9431,0.006817,172.31.40.0-255,66,280557,77,421080
9432,0.006846,74.125.200.0-255,2902,283459,77,421080
9433,0.006849,172.31.40.0-255,66,283525,77,421080
9434,0.009114,74.125.200.0-255,2902,286427,77,421080
9435,0.00912,172.31.40.0-255,66,286493,77,421080
9436,0.00916,74.125.200.0-255,2902,289395,77,421080
9437,0.009163,172.31.40.0-255,66,289461,77,421080
9438,0.011423,74.125.200.0-255,2902,292363,77,421080
9439,0.011431,172.31.40.0-255,66,292429,77,421080
9440,0.011461,74.125.200.0-255,2902,295331,77,421080
9441,0.011464,172.31.40.0-255,66,295397,77,421080
9442,0.01372,74.125.200.0-255,2902,298299,77,421080
9443,0.013728,172.31.40.0-255,66,298365,77,421080
9444,0.013761,74.125.200.0-255,2902,301267,77,421080
9445,0.013764,172.31.40.0-255,66,301333,77,421080
9446,0.016039,74.125.200.0-255,2902,304235,77,421080
9447,0.016047,172.31.40.0-255,66,304301,77,421080
9448,0.016076,74.125.200.0-255,2902,307203,77,421080
9449,0.016079,172.31.40.0-255,66,307269,77,421080
9450,0.018353,74.125.200.0-255,2902,310171,77,421080
9451,0.018363,172.31.40.0-255,66,310237,77,421080
9452,0.018397,74.125.200.0-255,2902,313139,77,421080
9453,0.0184,172.31.40.0-255,66,313205,77,421080
9454,0.020686,74.125.200.0-255,5738,318943,77,421080
9455,0.020714,172.31.40.0-255,66,319009,77,421080
9456,0.023013,74.125.200.0-255,5738,324747,77,421080
9457,0.023021,172.31.40.0-255,66,324813,77,421080
9458,0.025327,74.125.200.0-255,5738,330551,77,421080
9459,0.025335,172.31.40.0-255,66,330617,77,421080
9460,0.027636,74.125.200.0-255,5738,336355,77,421080
9461,0.027644,172.31.40.0-255,66,336421,77,421080
9462,0.029955,74.125.200.0-255,5738,342159,77,421080
9463,0.029963,172.31.40.0-255,66,342225,77,421080
9464,0.032272,74.125.200.0-255,5738,347963,77,421080
9465,0.03228,172.31.40.0-255,66,348029,77,421080
9466,0.034581,74.125.200.0-255,5738,353767,77,421080
9467,0.034589,172.31.40.0-255,66,353833,77,421080
9468,0.036568,172.31.40.0-255,172,354005,77,421080
9469,0.036595,172.31.40.0-255,1118,355123,77,421080
9470,0.036648,172.31.40.0-255,1514,356637,77,421080
9471,0.036649,172.31.40.0-255,1514,358151,77,421080
9472,0.036672,172.31.40.0-255,758,358909,77,421080
9473,0.036887,74.125.200.0-255,5738,364647,77,421080
9474,0.036892,172.31.40.0-255,66,364713,77,421080
9475,0.038127,104.244.42.0-255,66,364779,77,421080
9476,0.038134,104.244.42.0-255,66,364845,77,421080
9477,0.038234,104.244.42.0-255,66,364911,77,421080
9478,0.038237,104.244.42.0-255,66,364977,77,421080
9479,0.039186,74.125.200.0-255,5738,370715,77,421080
9480,0.039191,172.31.40.0-255,66,370781,77,421080
9481,0.041491,74.125.200.0-255,5738,376519,77,421080
9482,0.041496,172.31.40.0-255,66,376585,77,421080
9483,0.043798,74.125.200.0-255,5738,382323,77,421080
9484,0.043807,172.31.40.0-255,66,382389,77,421080
9485,0.046122,74.125.200.0-255,5738,388127,77,421080
9486,0.046134,172.31.40.0-255,66,388193,77,421080
9487,0.048498,74.125.200.0-255,5738,393931,77,421080
9488,0.048504,172.31.40.0-255,66,393997,77,421080
9489,0.050808,74.125.200.0-255,5738,399735,77,421080
9490,0.050814,172.31.40.0-255,66,399801,77,421080
9491,0.05313,74.125.200.0-255,5738,405539,77,421080
9492,0.053137,172.31.40.0-255,66,405605,77,421080
9493,0.055448,74.125.200.0-255,5738,411343,77,421080
9494,0.055453,172.31.40.0-255,66,411409,77,421080
9495,0.057757,74.125.200.0-255,5738,417147,77,421080
9496,0.057762,172.31.40.0-255,66,417213,77,421080
9497,0.060072,74.125.200.0-255,3630,420843,77,421080
9498,0.060078,172.31.40.0-255,66,420909,77,421080
9499,0.061009,172.31.40.0-255,105,421014,77,421080
9500,0.063297,74.125.200.0-255,66,421080,77,421080
9501,0.0,74.125.24.0-255,295,295,77,425292
9502,2.3e-05,172.31.40.0-255,66,361,77,425292
9503,2.9e-05,74.125.24.0-255,1484,1845,77,425292
9504,3.4e-05,172.31.40.0-255,66,1911,77,425292
9505,4e-05,74.125.24.0-255,4320,6231,77,425292
9506,5.1e-05,172.31.40.0-255,66,6297,77,425292
9507,8.5e-05,74.125.24.0-255,5738,12035,77,425292
9508,8.8e-05,172.31.40.0-255,66,12101,77,425292
9509,0.000112,74.125.24.0-255,6120,18221,77,425292
9510,0.000114,172.31.40.0-255,66,18287,77,425292
9511,0.00012,74.125.24.0-255,4320,22607,77,425292
9512,0.000122,172.31.40.0-255,66,22673,77,425292
9513,0.000142,74.125.24.0-255,1484,24157,77,425292
9514,0.000145,172.31.40.0-255,66,24223,77,425292
9515,0.000177,74.125.24.0-255,6797,31020,77,425292
9516,0.00018,172.31.40.0-255,66,31086,77,425292
9517,0.000248,74.125.24.0-255,1484,32570,77,425292
9518,0.000252,172.31.40.0-255,66,32636,77,425292
9519,0.000257,74.125.24.0-255,2902,35538,77,425292
9520,0.000259,172.31.40.0-255,66,35604,77,425292
9521,0.0003,74.125.24.0-255,5738,41342,77,425292
9522,0.000303,172.31.40.0-255,66,41408,77,425292
9523,0.000308,74.125.24.0-255,2902,44310,77,425292
9524,0.00031,172.31.40.0-255,66,44376,77,425292
9525,0.000335,74.125.24.0-255,11051,55427,77,425292
9526,0.000342,172.31.40.0-255,66,55493,77,425292
9527,0.000346,74.125.24.0-255,2902,58395,77,425292
9528,0.000348,172.31.40.0-255,66,58461,77,425292
9529,0.00038,74.125.24.0-255,7103,65564,77,425292
9530,0.000383,172.31.40.0-255,66,65630,77,425292
9531,0.000531,74.125.24.0-255,349,65979,77,425292
9532,0.000535,172.31.40.0-255,66,66045,77,425292
9533,0.000601,74.125.24.0-255,1484,67529,77,425292
9534,0.000628,74.125.24.0-255,1484,69013,77,425292
9535,0.000631,172.31.40.0-255,66,69079,77,425292
9536,0.000637,74.125.24.0-255,2902,71981,77,425292
9537,0.000639,172.31.40.0-255,66,72047,77,425292
9538,0.00067,74.125.24.0-255,5738,77785,77,425292
9539,0.000673,172.31.40.0-255,66,77851,77,425292
9540,0.000694,74.125.24.0-255,4830,82681,77,425292
9541,0.000697,172.31.40.0-255,66,82747,77,425292
9542,0.000957,74.125.24.0-255,1484,84231,77,425292
9543,0.000964,74.125.24.0-255,2902,87133,77,425292
9544,0.000967,172.31.40.0-255,66,87199,77,425292
9545,0.00097,74.125.24.0-255,1484,88683,77,425292
9546,0.001003,74.125.24.0-255,4320,93003,77,425292
9547,0.001005,172.31.40.0-255,66,93069,77,425292
9548,0.00103,74.125.24.0-255,2902,95971,77,425292
9549,0.001033,172.31.40.0-255,66,96037,77,425292
9550,0.001059,74.125.24.0-255,3961,99998,77,425292
9551,0.001062,172.31.40.0-255,66,100064,77,425292
9552,0.001191,74.125.24.0-255,1484,101548,77,425292
9553,0.001223,74.125.24.0-255,2902,104450,77,425292
9554,0.001227,172.31.40.0-255,66,104516,77,425292
9555,0.001233,74.125.24.0-255,4320,108836,77,425292
9556,0.001235,172.31.40.0-255,66,108902,77,425292
9557,0.001255,74.125.24.0-255,1484,110386,77,425292
9558,0.001265,74.125.24.0-255,9992,120378,77,425292
9559,0.001271,172.31.40.0-255,66,120444,77,425292
9560,0.001298,74.125.24.0-255,5738,126182,77,425292
9561,0.001301,172.31.40.0-255,66,126248,77,425292
9562,0.001324,74.125.24.0-255,7856,134104,77,425292
9563,0.001327,172.31.40.0-255,66,134170,77,425292
9564,0.001355,74.125.24.0-255,8574,142744,77,425292
9565,0.001359,172.31.40.0-255,66,142810,77,425292
9566,0.001366,74.125.24.0-255,5738,148548,77,425292
9567,0.001369,172.31.40.0-255,66,148614,77,425292
9568,0.001398,74.125.24.0-255,4320,152934,77,425292
9569,0.001409,74.125.24.0-255,12828,165762,77,425292
9570,0.001415,172.31.40.0-255,66,165828,77,425292
9571,0.001417,172.31.40.0-255,66,165894,77,425292
9572,0.001433,74.125.24.0-255,1484,167378,77,425292
9573,0.001448,74.125.24.0-255,9992,177370,77,425292
9574,0.001451,172.31.40.0-255,66,177436,77,425292
9575,0.001475,74.125.24.0-255,5020,182456,77,425292
9576,0.001482,74.125.24.0-255,2543,184999,77,425292
9577,0.001492,172.31.40.0-255,66,185065,77,425292
9578,0.001495,172.31.40.0-255,66,185131,77,425292
9579,0.001539,74.125.24.0-255,2902,188033,77,425292
9580,0.001543,172.31.40.0-255,66,188099,77,425292
9581,0.001549,74.125.24.0-255,4320,192419,77,425292
9582,0.001552,172.31.40.0-255,66,192485,77,425292
9583,0.001574,74.125.24.0-255,2902,195387,77,425292
9584,0.001577,172.31.40.0-255,66,195453,77,425292
9585,0.001615,74.125.24.0-255,6797,202250,77,425292
9586,0.001619,172.31.40.0-255,66,202316,77,425292
9587,0.001759,74.125.24.0-255,1484,203800,77,425292
9588,0.001763,74.125.24.0-255,1484,205284,77,425292
9589,0.001766,172.31.40.0-255,66,205350,77,425292
9590,0.001799,74.125.24.0-255,1484,206834,77,425292
9591,0.001806,74.125.24.0-255,5738,212572,77,425292
9592,0.001809,172.31.40.0-255,66,212638,77,425292
9593,0.00182,74.125.24.0-255,11410,224048,77,425292
9594,0.001822,172.31.40.0-255,66,224114,77,425292
9595,0.001848,74.125.24.0-255,1484,225598,77,425292
9596,0.001851,74.125.24.0-255,1484,227082,77,425292
9597,0.001853,172.31.40.0-255,66,227148,77,425292
9598,0.001858,74.125.24.0-255,2902,230050,77,425292
9599,0.00186,172.31.40.0-255,66,230116,77,425292
9600,0.0019,74.125.24.0-255,6438,236554,77,425292
9601,0.001903,172.31.40.0-255,66,236620,77,425292
9602,0.002298,74.125.24.0-255,1484,238104,77,425292
9603,0.004201,74.125.24.0-255,4320,242424,77,425292
9604,0.004208,172.31.40.0-255,66,242490,77,425292
9605,0.006502,74.125.24.0-255,2902,245392,77,425292
9606,0.006506,172.31.40.0-255,66,245458,77,425292
9607,0.006525,74.125.24.0-255,2902,248360,77,425292
9608,0.006527,172.31.40.0-255,66,248426,77,425292
9609,0.008773,74.125.24.0-255,2902,251328,77,425292
9610,0.00878,172.31.40.0-255,66,251394,77,425292
9611,0.008812,74.125.24.0-255,2902,254296,77,425292
9612,0.008815,172.31.40.0-255,66,254362,77,425292
9613,0.011051,74.125.24.0-255,2902,257264,77,425292
9614,0.011058,172.31.40.0-255,66,257330,77,425292
9615,0.011085,74.125.24.0-255,2902,260232,77,425292
9616,0.011088,172.31.40.0-255,66,260298,77,425292
9617,0.01336,74.125.24.0-255,5738,266036,77,425292
9618,0.013367,172.31.40.0-255,66,266102,77,425292
9619,0.015687,74.125.24.0-255,5738,271840,77,425292
9620,0.015695,172.31.40.0-255,66,271906,77,425292
9621,0.018001,74.125.24.0-255,5738,277644,77,425292
9622,0.018009,172.31.40.0-255,66,277710,77,425292
9623,0.020298,74.125.24.0-255,5738,283448,77,425292
9624,0.020304,172.31.40.0-255,66,283514,77,425292
9625,0.022619,74.125.24.0-255,5738,289252,77,425292
9626,0.022626,172.31.40.0-255,66,289318,77,425292
9627,0.024904,74.125.24.0-255,5738,295056,77,425292
9628,0.024911,172.31.40.0-255,66,295122,77,425292
9629,0.027195,74.125.24.0-255,5738,300860,77,425292
9630,0.027203,172.31.40.0-255,66,300926,77,425292
9631,0.029488,74.125.24.0-255,5738,306664,77,425292
9632,0.029496,172.31.40.0-255,66,306730,77,425292
9633,0.031769,74.125.24.0-255,5738,312468,77,425292
9634,0.031777,172.31.40.0-255,66,312534,77,425292
9635,0.034078,74.125.24.0-255,5738,318272,77,425292
9636,0.034086,172.31.40.0-255,66,318338,77,425292
9637,0.035245,172.31.40.0-255,172,318510,77,425292
9638,0.035273,172.31.40.0-255,1118,319628,77,425292
9639,0.035338,172.31.40.0-255,1514,321142,77,425292
9640,0.03534,172.31.40.0-255,1514,322656,77,425292
9641,0.035345,172.31.40.0-255,1514,324170,77,425292
9642,0.035346,172.31.40.0-255,1514,325684,77,425292
9643,0.035366,172.31.40.0-255,1514,327198,77,425292
9644,0.035367,172.31.40.0-255,518,327716,77,425292
9645,0.036354,74.125.24.0-255,2902,330618,77,425292
9646,0.036361,172.31.40.0-255,66,330684,77,425292
9647,0.036395,74.125.24.0-255,2902,333586,77,425292
9648,0.036398,172.31.40.0-255,66,333652,77,425292
9649,0.03679,104.244.42.0-255,66,333718,77,425292
9650,0.036866,104.244.42.0-255,66,333784,77,425292
9651,0.036912,104.244.42.0-255,66,333850,77,425292
9652,0.036917,104.244.42.0-255,66,333916,77,425292
9653,0.038654,74.125.24.0-255,5738,339654,77,425292
9654,0.038664,172.31.40.0-255,66,339720,77,425292
9655,0.040936,74.125.24.0-255,5738,345458,77,425292
9656,0.040943,172.31.40.0-255,66,345524,77,425292
9657,0.043224,74.125.24.0-255,5738,351262,77,425292
9658,0.043232,172.31.40.0-255,66,351328,77,425292
9659,0.045534,74.125.24.0-255,5738,357066,77,425292
9660,0.045541,172.31.40.0-255,66,357132,77,425292
9661,0.047833,74.125.24.0-255,5738,362870,77,425292
9662,0.047839,172.31.40.0-255,66,362936,77,425292
9663,0.050149,74.125.24.0-255,5738,368674,77,425292
9664,0.050155,172.31.40.0-255,66,368740,77,425292
9665,0.052505,74.125.24.0-255,5738,374478,77,425292
9666,0.052511,172.31.40.0-255,66,374544,77,425292
9667,0.054786,74.125.24.0-255,5738,380282,77,425292
9668,0.054793,172.31.40.0-255,66,380348,77,425292
9669,0.057078,74.125.24.0-255,5738,386086,77,425292
9670,0.057085,172.31.40.0-255,66,386152,77,425292
9671,0.059385,74.125.24.0-255,4320,390472,77,425292
9672,0.059392,172.31.40.0-255,66,390538,77,425292
9673,0.059419,74.125.24.0-255,1484,392022,77,425292
9674,0.061692,74.125.24.0-255,4320,396342,77,425292
9675,0.061699,172.31.40.0-255,66,396408,77,425292
9676,0.063979,74.125.24.0-255,5738,402146,77,425292
9677,0.063985,172.31.40.0-255,66,402212,77,425292
9678,0.066298,74.125.24.0-255,5738,407950,77,425292
9679,0.066305,172.31.40.0-255,66,408016,77,425292
9680,0.0686,74.125.24.0-255,5738,413754,77,425292
9681,0.068605,172.31.40.0-255,66,413820,77,425292
9682,0.070913,74.125.24.0-255,5738,419558,77,425292
9683,0.07092,172.31.40.0-255,66,419624,77,425292
9684,0.073215,74.125.24.0-255,5431,425055,77,425292
9685,0.073222,172.31.40.0-255,66,425121,77,425292
9686,0.07343,172.31.40.0-255,105,425226,77,425292
9687,0.075678,74.125.24.0-255,66,425292,77,425292
9688,0.0,74.125.24.0-255,153,153,77,376550
9689,2.2e-05,172.31.40.0-255,66,219,77,376550
9690,2.9e-05,74.125.24.0-255,1484,1703,77,376550
9691,3.5e-05,172.31.40.0-255,66,1769,77,376550
9692,4e-05,74.125.24.0-255,2902,4671,77,376550
9693,4.4e-05,172.31.40.0-255,66,4737,77,376550
9694,4.9e-05,74.125.24.0-255,4320,9057,77,376550
9695,5.3e-05,172.31.40.0-255,66,9123,77,376550
9696,7.4e-05,74.125.24.0-255,2902,12025,77,376550
9697,7.6e-05,172.31.40.0-255,66,12091,77,376550
9698,8.5e-05,74.125.24.0-255,8574,20665,77,376550
9699,8.7e-05,172.31.40.0-255,66,20731,77,376550
9700,0.000106,74.125.24.0-255,2064,22795,77,376550
9701,0.000108,172.31.40.0-255,66,22861,77,376550
9702,0.000112,74.125.24.0-255,1484,24345,77,376550
9703,0.000114,172.31.40.0-255,66,24411,77,376550
9704,0.000139,74.125.24.0-255,6797,31208,77,376550
9705,0.000142,172.31.40.0-255,66,31274,77,376550
9706,0.000349,74.125.24.0-255,1484,32758,77,376550
9707,0.000354,172.31.40.0-255,66,32824,77,376550
9708,0.00036,74.125.24.0-255,2902,35726,77,376550
9709,0.000363,172.31.40.0-255,66,35792,77,376550
9710,0.000366,74.125.24.0-255,1484,37276,77,376550
9711,0.000368,172.31.40.0-255,66,37342,77,376550
9712,0.000389,74.125.24.0-255,4320,41662,77,376550
9713,0.000392,172.31.40.0-255,66,41728,77,376550
9714,0.000399,74.125.24.0-255,6797,48525,77,376550
9715,0.000401,172.31.40.0-255,66,48591,77,376550
9716,0.000427,74.125.24.0-255,4320,52911,77,376550
9717,0.000429,172.31.40.0-255,66,52977,77,376550
9718,0.000454,74.125.24.0-255,7156,60133,77,376550
9719,0.000457,172.31.40.0-255,66,60199,77,376550
9720,0.000477,74.125.24.0-255,2902,63101,77,376550
9721,0.000493,172.31.40.0-255,66,63167,77,376550
9722,0.000498,74.125.24.0-255,2877,66044,77,376550
9723,0.000504,172.31.40.0-255,66,66110,77,376550
9724,0.000522,74.125.24.0-255,108,66218,77,376550
9725,0.000545,74.125.24.0-255,332,66550,77,376550
9726,0.000974,74.125.24.0-255,1484,68034,77,376550
9727,0.000979,172.31.40.0-255,66,68100,77,376550
9728,0.000991,74.125.24.0-255,2902,71002,77,376550
9729,0.000993,172.31.40.0-255,66,71068,77,376550
9730,0.001011,74.125.24.0-255,2902,73970,77,376550
9731,0.001013,172.31.40.0-255,66,74036,77,376550
9732,0.001024,74.125.24.0-255,2902,76938,77,376550
9733,0.001026,172.31.40.0-255,66,77004,77,376550
9734,0.001036,74.125.24.0-255,12828,89832,77,376550
9735,0.001038,172.31.40.0-255,66,89898,77,376550
9736,0.001042,74.125.24.0-255,4320,94218,77,376550
9737,0.001044,172.31.40.0-255,66,94284,77,376550
9738,0.001071,74.125.24.0-255,5738,100022,77,376550
9739,0.001074,74.125.24.0-255,766,100788,77,376550
9740,0.001082,172.31.40.0-255,66,100854,77,376550
9741,0.001564,74.125.24.0-255,1484,102338,77,376550
9742,0.001572,74.125.24.0-255,2902,105240,77,376550
9743,0.001576,172.31.40.0-255,66,105306,77,376550
9744,0.001582,74.125.24.0-255,4320,109626,77,376550
9745,0.001584,172.31.40.0-255,66,109692,77,376550
9746,0.0016,74.125.24.0-255,1484,111176,77,376550
9747,0.001607,74.125.24.0-255,7156,118332,77,376550
9748,0.001609,172.31.40.0-255,66,118398,77,376550
9749,0.001639,74.125.24.0-255,12828,131226,77,376550
9750,0.001642,172.31.40.0-255,66,131292,77,376550
9751,0.00166,74.125.24.0-255,1484,132776,77,376550
9752,0.001664,74.125.24.0-255,2184,134960,77,376550
9753,0.001666,172.31.40.0-255,66,135026,77,376550
9754,0.002317,74.125.24.0-255,1484,136510,77,376550
9755,0.002325,74.125.24.0-255,2902,139412,77,376550
9756,0.002328,172.31.40.0-255,66,139478,77,376550
9757,0.002349,74.125.24.0-255,5738,145216,77,376550
9758,0.002351,172.31.40.0-255,66,145282,77,376550
9759,0.002354,74.125.24.0-255,1484,146766,77,376550
9760,0.002357,74.125.24.0-255,1484,148250,77,376550
9761,0.002359,172.31.40.0-255,66,148316,77,376550
9762,0.002384,74.125.24.0-255,7156,155472,77,376550
9763,0.002495,74.125.24.0-255,12828,168300,77,376550
9764,0.002511,74.125.24.0-255,766,169066,77,376550
9765,0.00674,172.31.40.0-255,66,169132,77,376550
9766,0.009347,74.125.24.0-255,5738,174870,77,376550
9767,0.009356,172.31.40.0-255,66,174936,77,376550
9768,0.011978,74.125.24.0-255,5738,180674,77,376550
9769,0.011986,172.31.40.0-255,66,180740,77,376550
9770,0.014592,74.125.24.0-255,5738,186478,77,376550
9771,0.014604,172.31.40.0-255,66,186544,77,376550
9772,0.017206,74.125.24.0-255,5738,192282,77,376550
9773,0.017215,172.31.40.0-255,66,192348,77,376550
9774,0.019817,74.125.24.0-255,5738,198086,77,376550
9775,0.019826,172.31.40.0-255,66,198152,77,376550
9776,0.02244,74.125.24.0-255,5738,203890,77,376550
9777,0.022445,172.31.40.0-255,66,203956,77,376550
9778,0.025059,74.125.24.0-255,5738,209694,77,376550
9779,0.025067,172.31.40.0-255,66,209760,77,376550
9780,0.02769,74.125.24.0-255,5738,215498,77,376550
9781,0.027699,172.31.40.0-255,66,215564,77,376550
9782,0.029259,172.31.40.0-255,171,215735,77,376550
9783,0.029292,172.31.40.0-255,1142,216877,77,376550
9784,0.029351,172.31.40.0-255,1514,218391,77,376550
9785,0.029353,172.31.40.0-255,1253,219644,77,376550
9786,0.030351,74.125.24.0-255,5738,225382,77,376550
9787,0.030358,172.31.40.0-255,66,225448,77,376550
9788,0.030794,104.244.42.0-255,66,225514,77,376550
9789,0.030844,104.244.42.0-255,66,225580,77,376550
9790,0.0309,104.244.42.0-255,66,225646,77,376550
9791,0.032965,74.125.24.0-255,5738,231384,77,376550
9792,0.032972,172.31.40.0-255,66,231450,77,376550
9793,0.035588,74.125.24.0-255,5738,237188,77,376550
9794,0.035601,172.31.40.0-255,66,237254,77,376550
9795,0.038196,74.125.24.0-255,5738,242992,77,376550
9796,0.038203,172.31.40.0-255,66,243058,77,376550
9797,0.040828,74.125.24.0-255,5738,248796,77,376550
9798,0.040838,172.31.40.0-255,66,248862,77,376550
9799,0.043445,74.125.24.0-255,5738,254600,77,376550
9800,0.043452,172.31.40.0-255,66,254666,77,376550
9801,0.046144,74.125.24.0-255,5738,260404,77,376550
9802,0.04615,172.31.40.0-255,66,260470,77,376550
9803,0.048766,74.125.24.0-255,5738,266208,77,376550
9804,0.048774,172.31.40.0-255,66,266274,77,376550
9805,0.051423,74.125.24.0-255,5738,272012,77,376550
9806,0.051432,172.31.40.0-255,66,272078,77,376550
9807,0.054042,74.125.24.0-255,5738,277816,77,376550
9808,0.054049,172.31.40.0-255,66,277882,77,376550
9809,0.056661,74.125.24.0-255,5738,283620,77,376550
9810,0.056667,172.31.40.0-255,66,283686,77,376550
9811,0.059263,74.125.24.0-255,5738,289424,77,376550
9812,0.05927,172.31.40.0-255,66,289490,77,376550
9813,0.061869,74.125.24.0-255,5738,295228,77,376550
9814,0.061875,172.31.40.0-255,66,295294,77,376550
9815,0.064504,74.125.24.0-255,5738,301032,77,376550
9816,0.06451,172.31.40.0-255,66,301098,77,376550
9817,0.067126,74.125.24.0-255,5738,306836,77,376550
9818,0.067136,172.31.40.0-255,66,306902,77,376550
9819,0.06974,74.125.24.0-255,5738,312640,77,376550
9820,0.069749,172.31.40.0-255,66,312706,77,376550
9821,0.072358,74.125.24.0-255,5738,318444,77,376550
9822,0.072365,172.31.40.0-255,66,318510,77,376550
9823,0.074949,74.125.24.0-255,5738,324248,77,376550
9824,0.074956,172.31.40.0-255,66,324314,77,376550
9825,0.077582,74.125.24.0-255,5738,330052,77,376550
9826,0.077589,172.31.40.0-255,66,330118,77,376550
9827,0.080222,74.125.24.0-255,5738,335856,77,376550
9828,0.080228,172.31.40.0-255,66,335922,77,376550
9829,0.082837,74.125.24.0-255,5738,341660,77,376550
9830,0.082845,172.31.40.0-255,66,341726,77,376550
9831,0.085465,74.125.24.0-255,5738,347464,77,376550
9832,0.085472,172.31.40.0-255,66,347530,77,376550
9833,0.088094,74.125.24.0-255,5738,353268,77,376550
9834,0.0881,172.31.40.0-255,66,353334,77,376550
9835,0.090715,74.125.24.0-255,5738,359072,77,376550
9836,0.090722,172.31.40.0-255,66,359138,77,376550
9837,0.093317,74.125.24.0-255,5738,364876,77,376550
9838,0.093324,172.31.40.0-255,66,364942,77,376550
9839,0.095958,74.125.24.0-255,5738,370680,77,376550
9840,0.095964,172.31.40.0-255,66,370746,77,376550
9841,0.098578,74.125.24.0-255,5738,376484,77,376550
9842,0.098584,172.31.40.0-255,66,376550,77,376550
9843,0.0,142.250.4.0-255,153,153,77,354025
9844,2.2e-05,172.31.40.0-255,66,219,77,354025
9845,2.8e-05,142.250.4.0-255,1484,1703,77,354025
9846,3.2e-05,172.31.40.0-255,66,1769,77,354025
9847,5.7e-05,142.250.4.0-255,2902,4671,77,354025
9848,6e-05,172.31.40.0-255,66,4737,77,354025
9849,7e-05,142.250.4.0-255,5738,10475,77,354025
9850,7.3e-05,172.31.40.0-255,66,10541,77,354025
9851,0.0001,142.250.4.0-255,4927,15468,77,354025
9852,0.000103,172.31.40.0-255,66,15534,77,354025
9853,0.000106,142.250.4.0-255,1484,17018,77,354025
9854,0.000108,172.31.40.0-255,66,17084,77,354025
9855,0.000131,142.250.4.0-255,4320,21404,77,354025
9856,0.000133,172.31.40.0-255,66,21470,77,354025
9857,0.000142,142.250.4.0-255,5738,27208,77,354025
9858,0.000144,172.31.40.0-255,66,27274,77,354025
9859,0.000165,142.250.4.0-255,3961,31235,77,354025
9860,0.000171,172.31.40.0-255,66,31301,77,354025
9861,0.000288,142.250.4.0-255,1484,32785,77,354025
9862,0.00029,172.31.40.0-255,66,32851,77,354025
9863,0.000319,142.250.4.0-255,2902,35753,77,354025
9864,0.000322,172.31.40.0-255,66,35819,77,354025
9865,0.000328,142.250.4.0-255,5738,41557,77,354025
9866,0.00033,172.31.40.0-255,66,41623,77,354025
9867,0.000371,142.250.4.0-255,12469,54092,77,354025
9868,0.000374,172.31.40.0-255,66,54158,77,354025
9869,0.000428,142.250.4.0-255,11329,65487,77,354025
9870,0.000432,172.31.40.0-255,66,65553,77,354025
9871,0.000434,142.250.4.0-255,377,65930,77,354025
9872,0.000436,172.31.40.0-255,66,65996,77,354025
9873,0.000554,142.250.4.0-255,1484,67480,77,354025
9874,0.000556,172.31.40.0-255,66,67546,77,354025
9875,0.000562,142.250.4.0-255,2902,70448,77,354025
9876,0.00059,142.250.4.0-255,5738,76186,77,354025
9877,0.000596,142.250.4.0-255,4320,80506,77,354025
9878,0.000614,142.250.4.0-255,2543,83049,77,354025
9879,0.000617,142.250.4.0-255,1484,84533,77,354025
9880,0.000649,142.250.4.0-255,12828,97361,77,354025
9881,0.000653,142.250.4.0-255,2543,99904,77,354025
9882,0.001068,142.250.4.0-255,1484,101388,77,354025
9883,0.001075,142.250.4.0-255,2902,104290,77,354025
9884,0.001078,142.250.4.0-255,1484,105774,77,354025
9885,0.001096,142.250.4.0-255,4320,110094,77,354025
9886,0.001102,142.250.4.0-255,4320,114414,77,354025
9887,0.001117,142.250.4.0-255,4320,118734,77,354025
9888,0.001141,142.250.4.0-255,7156,125890,77,354025
9889,0.001162,142.250.4.0-255,1484,127374,77,354025
9890,0.001186,142.250.4.0-255,6438,133812,77,354025
9891,0.001206,172.31.40.0-255,66,133878,77,354025
9892,0.001214,142.250.4.0-255,1484,135362,77,354025
9893,0.001238,142.250.4.0-255,2902,138264,77,354025
9894,0.001245,142.250.4.0-255,5738,144002,77,354025
9895,0.001249,142.250.4.0-255,2902,146904,77,354025
9896,0.001265,142.250.4.0-255,2902,149806,77,354025
9897,0.001298,142.250.4.0-255,12828,162634,77,354025
9898,0.001305,142.250.4.0-255,5020,167654,77,354025
9899,0.001385,142.250.4.0-255,1484,169138,77,354025
9900,0.001402,142.250.4.0-255,2902,172040,77,354025
9901,0.001405,142.250.4.0-255,1484,173524,77,354025
9902,0.001425,142.250.4.0-255,4320,177844,77,354025
9903,0.001444,142.250.4.0-255,7156,185000,77,354025
9904,0.001468,142.250.4.0-255,5738,190738,77,354025
9905,0.001476,142.250.4.0-255,8574,199312,77,354025
9906,0.001495,142.250.4.0-255,2184,201496,77,354025
9907,0.001551,172.31.40.0-255,66,201562,77,354025
9908,0.001593,142.250.4.0-255,1484,203046,77,354025
9909,0.001599,142.250.4.0-255,2902,205948,77,354025
9910,0.001615,142.250.4.0-255,4320,210268,77,354025
9911,0.001622,172.31.40.0-255,66,210334,77,354025
9912,0.00163,142.250.4.0-255,1484,211818,77,354025
9913,0.001634,142.250.4.0-255,2902,214720,77,354025
9914,0.001669,142.250.4.0-255,9992,224712,77,354025
9915,0.001672,142.250.4.0-255,1484,226196,77,354025
9916,0.00168,172.31.40.0-255,66,226262,77,354025
9917,0.001709,142.250.4.0-255,9274,235536,77,354025
9918,0.001763,172.31.40.0-255,66,235602,77,354025
9919,0.001858,142.250.4.0-255,1484,237086,77,354025
9920,0.001862,142.250.4.0-255,1484,238570,77,354025
9921,0.001875,142.250.4.0-255,1484,240054,77,354025
9922,0.001885,172.31.40.0-255,66,240120,77,354025
9923,0.001902,142.250.4.0-255,5738,245858,77,354025
9924,0.00191,142.250.4.0-255,5738,251596,77,354025
9925,0.001933,142.250.4.0-255,7156,258752,77,354025
9926,0.00196,142.250.4.0-255,7156,265908,77,354025
9927,0.001974,142.250.4.0-255,6438,272346,77,354025
9928,0.001977,142.250.4.0-255,1484,273830,77,354025
9929,0.00198,172.31.40.0-255,66,273896,77,354025
9930,0.001987,172.31.40.0-255,66,273962,77,354025
9931,0.002011,142.250.4.0-255,5738,279700,77,354025
9932,0.002048,142.250.4.0-255,8574,288274,77,354025
9933,0.002053,142.250.4.0-255,766,289040,77,354025
9934,0.002062,172.31.40.0-255,66,289106,77,354025
9935,0.002093,142.250.4.0-255,12828,301934,77,354025
9936,0.002113,142.250.4.0-255,7156,309090,77,354025
9937,0.002118,172.31.40.0-255,66,309156,77,354025
9938,0.002128,142.250.4.0-255,5738,314894,77,354025
9939,0.002133,172.31.40.0-255,66,314960,77,354025
9940,0.002207,142.250.4.0-255,5020,319980,77,354025
9941,0.002223,172.31.40.0-255,66,320046,77,354025
9942,0.002268,172.31.40.0-255,66,320112,77,354025
9943,0.004487,142.250.4.0-255,5738,325850,77,354025
9944,0.004493,172.31.40.0-255,66,325916,77,354025
9945,0.006707,142.250.4.0-255,5738,331654,77,354025
9946,0.006715,172.31.40.0-255,66,331720,77,354025
9947,0.008957,142.250.4.0-255,5738,337458,77,354025
9948,0.00896,172.31.40.0-255,66,337524,77,354025
9949,0.011182,142.250.4.0-255,5738,343262,77,354025
9950,0.011188,172.31.40.0-255,66,343328,77,354025
9951,0.013374,142.250.4.0-255,2968,346296,77,354025
9952,0.013381,172.31.40.0-255,66,346362,77,354025
9953,0.013564,172.31.40.0-255,105,346467,77,354025
9954,0.015744,142.250.4.0-255,66,346533,77,354025
9955,0.033312,172.31.40.0-255,172,346705,77,354025
9956,0.033344,172.31.40.0-255,1116,347821,77,354025
9957,0.03341,172.31.40.0-255,1514,349335,77,354025
9958,0.033412,172.31.40.0-255,1514,350849,77,354025
9959,0.033418,172.31.40.0-255,1514,352363,77,354025
9960,0.033419,172.31.40.0-255,1398,353761,77,354025
9961,0.034967,104.244.42.0-255,66,353827,77,354025
9962,0.034996,104.244.42.0-255,66,353893,77,354025
9963,0.035078,104.244.42.0-255,66,353959,77,354025
9964,0.035109,104.244.42.0-255,66,354025,77,354025
9965,0.0,172.217.194.0-255,155,155,77,339012
9966,2.1e-05,172.31.40.0-255,66,221,77,339012
9967,2.7e-05,172.217.194.0-255,1484,1705,77,339012
9968,3.1e-05,172.31.40.0-255,66,1771,77,339012
9969,3.7e-05,172.217.194.0-255,2902,4673,77,339012
9970,4e-05,172.31.40.0-255,66,4739,77,339012
9971,4.7e-05,172.217.194.0-255,7156,11895,77,339012
9972,5.9e-05,172.31.40.0-255,66,11961,77,339012
9973,6.3e-05,172.217.194.0-255,2032,13993,77,339012
9974,6.6e-05,172.31.40.0-255,66,14059,77,339012
9975,9.9e-05,172.217.194.0-255,2902,16961,77,339012
9976,0.000102,172.31.40.0-255,66,17027,77,339012
9977,0.000106,172.217.194.0-255,2902,19929,77,339012
9978,0.000108,172.31.40.0-255,66,19995,77,339012
9979,0.000133,172.217.194.0-255,4320,24315,77,339012
9980,0.000136,172.31.40.0-255,66,24381,77,339012
9981,0.000138,172.217.194.0-255,1484,25865,77,339012
9982,0.00014,172.31.40.0-255,66,25931,77,339012
9983,0.000161,172.217.194.0-255,1484,27415,77,339012
9984,0.000163,172.31.40.0-255,66,27481,77,339012
9985,0.000192,172.217.194.0-255,3961,31442,77,339012
9986,0.000194,172.31.40.0-255,66,31508,77,339012
9987,0.000318,172.217.194.0-255,1484,32992,77,339012
9988,0.000322,172.31.40.0-255,66,33058,77,339012
9989,0.000327,172.217.194.0-255,2902,35960,77,339012
9990,0.000329,172.31.40.0-255,66,36026,77,339012
9991,0.000365,172.217.194.0-255,5738,41764,77,339012
9992,0.000368,172.31.40.0-255,66,41830,77,339012
9993,0.000377,172.217.194.0-255,11051,52881,77,339012
9994,0.000379,172.31.40.0-255,66,52947,77,339012
9995,0.000386,172.217.194.0-255,1484,54431,77,339012
9996,0.000388,172.31.40.0-255,66,54497,77,339012
9997,0.000425,172.217.194.0-255,9992,64489,77,339012
9998,0.000428,172.31.40.0-255,66,64555,77,339012
9999,0.00043,172.217.194.0-255,1422,65977,77,339012
10000,0.000484,172.217.194.0-255,381,66358,77,339012
10001,0.000486,172.31.40.0-255,66,66424,77,339012
10002,0.000851,172.217.194.0-255,1484,67908,77,339012
10003,0.000866,172.217.194.0-255,2902,70810,77,339012
10004,0.00087,172.31.40.0-255,66,70876,77,339012
10005,0.000875,172.217.194.0-255,4320,75196,77,339012
10006,0.000877,172.31.40.0-255,66,75262,77,339012
10007,0.000898,172.217.194.0-255,1484,76746,77,339012
10008,0.000903,172.217.194.0-255,2902,79648,77,339012
10009,0.000904,172.31.40.0-255,66,79714,77,339012
10010,0.000944,172.217.194.0-255,9992,89706,77,339012
10011,0.000947,172.31.40.0-255,66,89772,77,339012
10012,0.000955,172.217.194.0-255,8574,98346,77,339012
10013,0.000957,172.31.40.0-255,66,98412,77,339012
10014,0.000982,172.217.194.0-255,2184,100596,77,339012
10015,0.000984,172.31.40.0-255,66,100662,77,339012
10016,0.001445,172.217.194.0-255,1484,102146,77,339012
10017,0.001456,172.217.194.0-255,2902,105048,77,339012
10018,0.001459,172.31.40.0-255,66,105114,77,339012
10019,0.001492,172.217.194.0-255,5738,110852,77,339012
10020,0.001494,172.31.40.0-255,66,110918,77,339012
10021,0.001499,172.217.194.0-255,2902,113820,77,339012
10022,0.001501,172.31.40.0-255,66,113886,77,339012
10023,0.001535,172.217.194.0-255,5738,119624,77,339012
10024,0.001537,172.31.40.0-255,66,119690,77,339012
10025,0.001572,172.217.194.0-255,1484,121174,77,339012
10026,0.001594,172.217.194.0-255,9992,131166,77,339012
10027,0.001597,172.31.40.0-255,66,131232,77,339012
10028,0.001656,172.217.194.0-255,3602,134834,77,339012
10029,0.00166,172.31.40.0-255,66,134900,77,339012
10030,0.00168,172.217.194.0-255,1484,136384,77,339012
10031,0.001685,172.217.194.0-255,2902,139286,77,339012
10032,0.001688,172.31.40.0-255,66,139352,77,339012
10033,0.001694,172.217.194.0-255,5738,145090,77,339012
10034,0.001696,172.31.40.0-255,66,145156,77,339012
10035,0.001706,172.217.194.0-255,9992,155148,77,339012
10036,0.001711,172.31.40.0-255,66,155214,77,339012
10037,0.001732,172.217.194.0-255,1484,156698,77,339012
10038,0.001748,172.217.194.0-255,12110,168808,77,339012
10039,0.00175,172.31.40.0-255,66,168874,77,339012
10040,0.001775,172.217.194.0-255,1484,170358,77,339012
10041,0.001797,172.217.194.0-255,11410,181768,77,339012
10042,0.0018,172.31.40.0-255,66,181834,77,339012
10043,0.001808,172.217.194.0-255,8574,190408,77,339012
10044,0.00181,172.31.40.0-255,66,190474,77,339012
10045,0.001825,172.217.194.0-255,2902,193376,77,339012
10046,0.001831,172.31.40.0-255,66,193442,77,339012
10047,0.001863,172.31.40.0-255,66,193508,77,339012
10048,0.001902,172.217.194.0-255,12110,205618,77,339012
10049,0.001906,172.31.40.0-255,66,205684,77,339012
10050,0.001921,172.31.40.0-255,66,205750,77,339012
10051,0.001957,172.217.194.0-255,11410,217160,77,339012
10052,0.001959,172.31.40.0-255,66,217226,77,339012
10053,0.001987,172.217.194.0-255,4320,221546,77,339012
10054,0.001993,172.31.40.0-255,66,221612,77,339012
10055,0.002012,172.31.40.0-255,66,221678,77,339012
10056,0.002015,172.217.194.0-255,766,222444,77,339012
10057,0.002059,172.217.194.0-255,4320,226764,77,339012
10058,0.002071,172.217.194.0-255,13528,240292,77,339012
10059,0.002106,172.217.194.0-255,1484,241776,77,339012
10060,0.002117,172.217.194.0-255,2902,244678,77,339012
10061,0.002132,172.217.194.0-255,2902,247580,77,339012
10062,0.002144,172.217.194.0-255,2902,250482,77,339012
10063,0.00217,172.217.194.0-255,5738,256220,77,339012
10064,0.002195,172.217.194.0-255,7156,263376,77,339012
10065,0.002226,172.217.194.0-255,2902,266278,77,339012
10066,0.002255,172.217.194.0-255,7856,274134,77,339012
10067,0.002297,172.217.194.0-255,1484,275618,77,339012
10068,0.0023,172.217.194.0-255,1484,277102,77,339012
10069,0.002314,172.217.194.0-255,1484,278586,77,339012
10070,0.00234,172.217.194.0-255,5738,284324,77,339012
10071,0.00236,172.217.194.0-255,4320,288644,77,339012
10072,0.002392,172.217.194.0-255,8574,297218,77,339012
10073,0.002401,172.217.194.0-255,9992,307210,77,339012
10074,0.002422,172.217.194.0-255,2184,309394,77,339012
10075,0.002426,172.217.194.0-255,2902,312296,77,339012
10076,0.002447,172.217.194.0-255,4320,316616,77,339012
10077,0.00246,172.217.194.0-255,2902,319518,77,339012
10078,0.002477,172.217.194.0-255,1484,321002,77,339012
10079,0.0025,172.217.194.0-255,9992,330994,77,339012
10080,0.002532,172.217.194.0-255,4320,335314,77,339012
10081,0.002549,172.217.194.0-255,97,335411,77,339012
10082,0.005993,172.31.40.0-255,66,335477,77,339012
10083,0.008485,172.217.194.0-255,105,335582,77,339012
10084,0.009651,172.31.40.0-255,66,335648,77,339012
10085,0.009688,172.31.40.0-255,105,335753,77,339012
10086,0.012199,172.217.194.0-255,66,335819,77,339012
10087,0.028938,172.31.40.0-255,172,335991,77,339012
10088,0.028973,172.31.40.0-255,1120,337111,77,339012
10089,0.029037,172.31.40.0-255,1514,338625,77,339012
10090,0.029058,172.31.40.0-255,321,338946,77,339012
10091,0.031151,104.244.42.0-255,66,339012,77,339012
10092,0.0,172.253.118.0-255,152,152,77,366696
10093,2.3e-05,172.31.40.0-255,66,218,77,366696
10094,3e-05,172.253.118.0-255,1484,1702,77,366696
10095,3.5e-05,172.31.40.0-255,66,1768,77,366696
10096,4.1e-05,172.253.118.0-255,2902,4670,77,366696
10097,4.4e-05,172.31.40.0-255,66,4736,77,366696
10098,5.2e-05,172.253.118.0-255,5738,10474,77,366696
10099,5.5e-05,172.31.40.0-255,66,10540,77,366696
10100,8e-05,172.253.118.0-255,1484,12024,77,366696
10101,8.3e-05,172.31.40.0-255,66,12090,77,366696
10102,8.7e-05,172.253.118.0-255,2093,14183,77,366696
10103,8.9e-05,172.31.40.0-255,66,14249,77,366696
10104,0.000134,172.253.118.0-255,1484,15733,77,366696
10105,0.000136,172.31.40.0-255,66,15799,77,366696
10106,0.000162,172.253.118.0-255,2902,18701,77,366696
10107,0.000164,172.31.40.0-255,66,18767,77,366696
10108,0.000171,172.253.118.0-255,5738,24505,77,366696
10109,0.000173,172.31.40.0-255,66,24571,77,366696
10110,0.000211,172.253.118.0-255,4320,28891,77,366696
10111,0.000214,172.31.40.0-255,66,28957,77,366696
10112,0.00024,172.253.118.0-255,6797,35754,77,366696
10113,0.000242,172.31.40.0-255,66,35820,77,366696
10114,0.000252,172.253.118.0-255,11410,47230,77,366696
10115,0.000255,172.31.40.0-255,66,47296,77,366696
10116,0.000257,172.253.118.0-255,1125,48421,77,366696
10117,0.000259,172.31.40.0-255,66,48487,77,366696
10118,0.00028,172.253.118.0-255,1484,49971,77,366696
10119,0.000283,172.31.40.0-255,66,50037,77,366696
10120,0.000286,172.253.118.0-255,1484,51521,77,366696
10121,0.000288,172.31.40.0-255,66,51587,77,366696
10122,0.000307,172.253.118.0-255,2902,54489,77,366696
10123,0.00031,172.31.40.0-255,66,54555,77,366696
10124,0.000315,172.253.118.0-255,4320,58875,77,366696
10125,0.000317,172.31.40.0-255,66,58941,77,366696
10126,0.000323,172.253.118.0-255,5738,64679,77,366696
10127,0.000325,172.31.40.0-255,66,64745,77,366696
10128,0.000349,172.253.118.0-255,1125,65870,77,366696
10129,0.000663,172.253.118.0-255,645,66515,77,366696
10130,0.000668,172.31.40.0-255,66,66581,77,366696
10131,0.000978,172.253.118.0-255,1484,68065,77,366696
10132,0.000983,172.253.118.0-255,1484,69549,77,366696
10133,0.000986,172.31.40.0-255,66,69615,77,366696
10134,0.001008,172.253.118.0-255,1484,71099,77,366696
10135,0.001015,172.253.118.0-255,5738,76837,77,366696
10136,0.001018,172.31.40.0-255,66,76903,77,366696
10137,0.001023,172.253.118.0-255,4320,81223,77,366696
10138,0.001026,172.31.40.0-255,66,81289,77,366696
10139,0.001032,172.253.118.0-255,4320,85609,77,366696
10140,0.001034,172.31.40.0-255,66,85675,77,366696
10141,0.00106,172.253.118.0-255,7156,92831,77,366696
10142,0.001063,172.31.40.0-255,66,92897,77,366696
10143,0.001085,172.253.118.0-255,2902,95799,77,366696
10144,0.001088,172.31.40.0-255,66,95865,77,366696
10145,0.001111,172.253.118.0-255,5020,100885,77,366696
10146,0.001114,172.31.40.0-255,66,100951,77,366696
10147,0.002109,172.253.118.0-255,1484,102435,77,366696
10148,0.00212,172.253.118.0-255,2902,105337,77,366696
10149,0.002124,172.31.40.0-255,66,105403,77,366696
10150,0.002133,172.253.118.0-255,5738,111141,77,366696
10151,0.002135,172.31.40.0-255,66,111207,77,366696
10152,0.002141,172.253.118.0-255,4320,115527,77,366696
10153,0.002143,172.31.40.0-255,66,115593,77,366696
10154,0.002167,172.253.118.0-255,8574,124167,77,366696
10155,0.002169,172.31.40.0-255,66,124233,77,366696
10156,0.002178,172.253.118.0-255,8574,132807,77,366696
10157,0.00218,172.31.40.0-255,66,132873,77,366696
10158,0.002194,172.253.118.0-255,1484,134357,77,366696
10159,0.002197,172.253.118.0-255,766,135123,77,366696
10160,0.002199,172.31.40.0-255,66,135189,77,366696
10161,0.004613,172.253.118.0-255,4320,139509,77,366696
10162,0.004616,172.31.40.0-255,66,139575,77,366696
10163,0.004633,172.253.118.0-255,1484,141059,77,366696
10164,0.007042,172.253.118.0-255,4320,145379,77,366696
10165,0.007049,172.31.40.0-255,66,145445,77,366696
10166,0.009486,172.253.118.0-255,5738,151183,77,366696
10167,0.009498,172.31.40.0-255,66,151249,77,366696
10168,0.011946,172.253.118.0-255,5738,156987,77,366696
10169,0.011956,172.31.40.0-255,66,157053,77,366696
10170,0.014423,172.253.118.0-255,5738,162791,77,366696
10171,0.014435,172.31.40.0-255,66,162857,77,366696
10172,0.016876,172.253.118.0-255,5738,168595,77,366696
10173,0.016888,172.31.40.0-255,66,168661,77,366696
10174,0.019348,172.253.118.0-255,5738,174399,77,366696
10175,0.019358,172.31.40.0-255,66,174465,77,366696
10176,0.021797,172.253.118.0-255,5738,180203,77,366696
10177,0.021806,172.31.40.0-255,66,180269,77,366696
10178,0.024287,172.253.118.0-255,5738,186007,77,366696
10179,0.024303,172.31.40.0-255,66,186073,77,366696
10180,0.026738,172.253.118.0-255,5738,191811,77,366696
10181,0.026747,172.31.40.0-255,66,191877,77,366696
10182,0.02916,172.31.40.0-255,172,192049,77,366696
10183,0.029187,172.253.118.0-255,5738,197787,77,366696
10184,0.029192,172.31.40.0-255,66,197853,77,366696
10185,0.029226,172.31.40.0-255,1116,198969,77,366696
10186,0.029345,172.31.40.0-255,1514,200483,77,366696
10187,0.029347,172.31.40.0-255,1514,201997,77,366696
10188,0.029348,172.31.40.0-255,1514,203511,77,366696
10189,0.029349,172.31.40.0-255,1059,204570,77,366696
10190,0.030796,104.244.42.0-255,66,204636,77,366696
10191,0.030862,104.244.42.0-255,66,204702,77,366696
10192,0.031098,104.244.42.0-255,66,204768,77,366696
10193,0.031105,104.244.42.0-255,66,204834,77,366696
10194,0.031603,104.244.42.0-255,108,204942,77,366696
10195,0.031616,172.31.40.0-255,66,205008,77,366696
10196,0.031629,172.253.118.0-255,5738,210746,77,366696
10197,0.031636,172.31.40.0-255,66,210812,77,366696
10198,0.034073,172.253.118.0-255,5738,216550,77,366696
10199,0.03408,172.31.40.0-255,66,216616,77,366696
10200,0.036514,172.253.118.0-255,5738,222354,77,366696
10201,0.036522,172.31.40.0-255,66,222420,77,366696
10202,0.038969,172.253.118.0-255,2902,225322,77,366696
10203,0.038977,172.31.40.0-255,66,225388,77,366696
10204,0.039,172.253.118.0-255,2902,228290,77,366696
10205,0.039003,172.31.40.0-255,66,228356,77,366696
10206,0.041478,172.253.118.0-255,2902,231258,77,366696
10207,0.04149,172.31.40.0-255,66,231324,77,366696
10208,0.04151,172.253.118.0-255,2902,234226,77,366696
10209,0.041514,172.31.40.0-255,66,234292,77,366696
10210,0.04393,172.253.118.0-255,2902,237194,77,366696
10211,0.043936,172.31.40.0-255,66,237260,77,366696
10212,0.043958,172.253.118.0-255,2902,240162,77,366696
10213,0.043961,172.31.40.0-255,66,240228,77,366696
10214,0.046374,172.253.118.0-255,2902,243130,77,366696
10215,0.046382,172.31.40.0-255,66,243196,77,366696
10216,0.046404,172.253.118.0-255,2902,246098,77,366696
10217,0.046406,172.31.40.0-255,66,246164,77,366696
10218,0.048835,172.253.118.0-255,5738,251902,77,366696
10219,0.048841,172.31.40.0-255,66,251968,77,366696
10220,0.051264,172.253.118.0-255,5738,257706,77,366696
10221,0.051271,172.31.40.0-255,66,257772,77,366696
10222,0.053706,172.253.118.0-255,5738,263510,77,366696
10223,0.053712,172.31.40.0-255,66,263576,77,366696
10224,0.056151,172.253.118.0-255,5738,269314,77,366696
10225,0.056158,172.31.40.0-255,66,269380,77,366696
10226,0.058616,172.253.118.0-255,5738,275118,77,366696
10227,0.058627,172.31.40.0-255,66,275184,77,366696
10228,0.061097,172.253.118.0-255,5738,280922,77,366696
10229,0.061104,172.31.40.0-255,66,280988,77,366696
10230,0.063548,172.253.118.0-255,5738,286726,77,366696
10231,0.063558,172.31.40.0-255,66,286792,77,366696
10232,0.066066,172.253.118.0-255,4320,291112,77,366696
10233,0.066076,172.31.40.0-255,66,291178,77,366696
10234,0.066098,172.253.118.0-255,1484,292662,77,366696
10235,0.068504,172.253.118.0-255,4320,296982,77,366696
10236,0.068522,172.31.40.0-255,66,297048,77,366696
10237,0.070975,172.253.118.0-255,5738,302786,77,366696
10238,0.070992,172.31.40.0-255,66,302852,77,366696
10239,0.073455,172.253.118.0-255,5738,308590,77,366696
10240,0.073468,172.31.40.0-255,66,308656,77,366696
10241,0.075909,172.253.118.0-255,5738,314394,77,366696
10242,0.075916,172.31.40.0-255,66,314460,77,366696
10243,0.078378,172.253.118.0-255,5738,320198,77,366696
10244,0.078396,172.31.40.0-255,66,320264,77,366696
10245,0.080855,172.253.118.0-255,5738,326002,77,366696
10246,0.080873,172.31.40.0-255,66,326068,77,366696
10247,0.083331,172.253.118.0-255,5738,331806,77,366696
10248,0.083349,172.31.40.0-255,66,331872,77,366696
10249,0.085797,172.253.118.0-255,5738,337610,77,366696
10250,0.085815,172.31.40.0-255,66,337676,77,366696
10251,0.088269,172.253.118.0-255,5738,343414,77,366696
10252,0.088288,172.31.40.0-255,66,343480,77,366696
10253,0.090747,172.253.118.0-255,5738,349218,77,366696
10254,0.090765,172.31.40.0-255,66,349284,77,366696
10255,0.093222,172.253.118.0-255,5738,355022,77,366696
10256,0.093239,172.31.40.0-255,66,355088,77,366696
10257,0.095681,172.253.118.0-255,5738,360826,77,366696
10258,0.095689,172.31.40.0-255,66,360892,77,366696
10259,0.098136,172.253.118.0-255,5738,366630,77,366696
10260,0.098151,172.31.40.0-255,66,366696,77,366696
10261,0.0,74.125.24.0-255,150,150,77,388365
10262,2.3e-05,172.31.40.0-255,66,216,77,388365
10263,3.1e-05,74.125.24.0-255,1484,1700,77,388365
10264,3.5e-05,172.31.40.0-255,66,1766,77,388365
10265,4e-05,74.125.24.0-255,2902,4668,77,388365
10266,4.2e-05,172.31.40.0-255,66,4734,77,388365
10267,5e-05,74.125.24.0-255,7156,11890,77,388365
10268,5.4e-05,172.31.40.0-255,66,11956,77,388365
10269,9.6e-05,172.31.40.0-255,66,12022,77,388365
10270,0.00012,74.125.24.0-255,2543,14565,77,388365
10271,0.000122,172.31.40.0-255,66,14631,77,388365
10272,0.00016,74.125.24.0-255,1484,16115,77,388365
10273,0.000164,74.125.24.0-255,2902,19017,77,388365
10274,0.000167,172.31.40.0-255,66,19083,77,388365
10275,0.00017,172.31.40.0-255,66,19149,77,388365
10276,0.000187,74.125.24.0-255,4320,23469,77,388365
10277,0.00019,172.31.40.0-255,66,23535,77,388365
10278,0.000209,74.125.24.0-255,1484,25019,77,388365
10279,0.000211,172.31.40.0-255,66,25085,77,388365
10280,0.000217,74.125.24.0-255,4320,29405,77,388365
10281,0.000219,172.31.40.0-255,66,29471,77,388365
10282,0.000243,74.125.24.0-255,7156,36627,77,388365
10283,0.000246,172.31.40.0-255,66,36693,77,388365
10284,0.000269,74.125.24.0-255,2543,39236,77,388365
10285,0.000271,172.31.40.0-255,66,39302,77,388365
10286,0.000279,74.125.24.0-255,7156,46458,77,388365
10287,0.000282,172.31.40.0-255,66,46524,77,388365
10288,0.000286,74.125.24.0-255,2858,49382,77,388365
10289,0.000288,172.31.40.0-255,66,49448,77,388365
10290,0.000307,74.125.24.0-255,372,49820,77,388365
10291,0.00031,172.31.40.0-255,66,49886,77,388365
10292,0.000541,74.125.24.0-255,1484,51370,77,388365
10293,0.000545,74.125.24.0-255,1484,52854,77,388365
10294,0.000551,172.31.40.0-255,66,52920,77,388365
10295,0.00056,74.125.24.0-255,1484,54404,77,388365
10296,0.000567,74.125.24.0-255,5738,60142,77,388365
10297,0.000569,172.31.40.0-255,66,60208,77,388365
10298,0.000591,74.125.24.0-255,8574,68782,77,388365
10299,0.000594,172.31.40.0-255,66,68848,77,388365
10300,0.000615,74.125.24.0-255,4320,73168,77,388365
10301,0.000618,172.31.40.0-255,66,73234,77,388365
10302,0.000626,74.125.24.0-255,8574,81808,77,388365
10303,0.000628,172.31.40.0-255,66,81874,77,388365
10304,0.000645,74.125.24.0-255,2184,84058,77,388365
10305,0.000648,172.31.40.0-255,66,84124,77,388365
10306,0.000893,74.125.24.0-255,1484,85608,77,388365
10307,0.000912,74.125.24.0-255,1484,87092,77,388365
10308,0.000915,172.31.40.0-255,66,87158,77,388365
10309,0.00093,74.125.24.0-255,1484,88642,77,388365
10310,0.000937,74.125.24.0-255,5738,94380,77,388365
10311,0.00094,172.31.40.0-255,66,94446,77,388365
10312,0.00095,74.125.24.0-255,1484,95930,77,388365
10313,0.000976,74.125.24.0-255,11410,107340,77,388365
10314,0.000979,172.31.40.0-255,66,107406,77,388365
10315,0.000986,74.125.24.0-255,7156,114562,77,388365
10316,0.000989,172.31.40.0-255,66,114628,77,388365
10317,0.001041,74.125.24.0-255,3602,118230,77,388365
10318,0.001044,172.31.40.0-255,66,118296,77,388365
10319,0.001062,74.125.24.0-255,1484,119780,77,388365
10320,0.001073,74.125.24.0-255,1484,121264,77,388365
10321,0.001076,172.31.40.0-255,66,121330,77,388365
10322,0.001097,74.125.24.0-255,1484,122814,77,388365
10323,0.001107,74.125.24.0-255,9992,132806,77,388365
10324,0.00111,172.31.40.0-255,66,132872,77,388365
10325,0.001121,74.125.24.0-255,11410,144282,77,388365
10326,0.001123,172.31.40.0-255,66,144348,77,388365
10327,0.00115,74.125.24.0-255,4320,148668,77,388365
10328,0.001154,172.31.40.0-255,66,148734,77,388365
10329,0.00116,74.125.24.0-255,3602,152336,77,388365
10330,0.001162,172.31.40.0-255,66,152402,77,388365
10331,0.001182,74.125.24.0-255,2902,155304,77,388365
10332,0.001185,172.31.40.0-255,66,155370,77,388365
10333,0.001201,74.125.24.0-255,5738,161108,77,388365
10334,0.001204,172.31.40.0-255,66,161174,77,388365
10335,0.001214,74.125.24.0-255,9992,171166,77,388365
10336,0.001216,172.31.40.0-255,66,171232,77,388365
10337,0.001243,74.125.24.0-255,5738,176970,77,388365
10338,0.001246,172.31.40.0-255,66,177036,77,388365
10339,0.001276,74.125.24.0-255,9274,186310,77,388365
10340,0.00128,172.31.40.0-255,66,186376,77,388365
10341,0.001282,74.125.24.0-255,1484,187860,77,388365
10342,0.001287,74.125.24.0-255,2902,190762,77,388365
10343,0.001289,172.31.40.0-255,66,190828,77,388365
10344,0.001294,74.125.24.0-255,2902,193730,77,388365
10345,0.001296,172.31.40.0-255,66,193796,77,388365
10346,0.001312,74.125.24.0-255,2902,196698,77,388365
10347,0.001315,172.31.40.0-255,66,196764,77,388365
10348,0.001322,74.125.24.0-255,5738,202502,77,388365
10349,0.001324,172.31.40.0-255,66,202568,77,388365
10350,0.001358,74.125.24.0-255,7156,209724,77,388365
10351,0.001361,172.31.40.0-255,66,209790,77,388365
10352,0.001369,74.125.24.0-255,8574,218364,77,388365
10353,0.001371,172.31.40.0-255,66,218430,77,388365
10354,0.001387,74.125.24.0-255,2184,220614,77,388365
10355,0.001389,172.31.40.0-255,66,220680,77,388365
10356,0.00163,74.125.24.0-255,1484,222164,77,388365
10357,0.00165,74.125.24.0-255,2902,225066,77,388365
10358,0.001653,172.31.40.0-255,66,225132,77,388365
10359,0.00166,74.125.24.0-255,5738,230870,77,388365
10360,0.001662,172.31.40.0-255,66,230936,77,388365
10361,0.001684,74.125.24.0-255,8574,239510,77,388365
10362,0.001687,172.31.40.0-255,66,239576,77,388365
10363,0.001715,74.125.24.0-255,4320,243896,77,388365
10364,0.001717,172.31.40.0-255,66,243962,77,388365
10365,0.001726,74.125.24.0-255,9992,253954,77,388365
10366,0.001728,172.31.40.0-255,66,254020,77,388365
10367,0.00173,74.125.24.0-255,766,254786,77,388365
10368,0.001733,74.125.24.0-255,1484,256270,77,388365
10369,0.001735,172.31.40.0-255,66,256336,77,388365
10370,0.001762,74.125.24.0-255,4320,260656,77,388365
10371,0.001765,172.31.40.0-255,66,260722,77,388365
10372,0.001772,74.125.24.0-255,7156,267878,77,388365
10373,0.001774,172.31.40.0-255,66,267944,77,388365
10374,0.001785,74.125.24.0-255,2902,270846,77,388365
10375,0.001792,74.125.24.0-255,8574,279420,77,388365
10376,0.001795,172.31.40.0-255,66,279486,77,388365
10377,0.001798,172.31.40.0-255,66,279552,77,388365
10378,0.001819,74.125.24.0-255,5738,285290,77,388365
10379,0.001822,172.31.40.0-255,66,285356,77,388365
10380,0.001837,74.125.24.0-255,5020,290376,77,388365
10381,0.001839,172.31.40.0-255,66,290442,77,388365
10382,0.001845,74.125.24.0-255,5738,296180,77,388365
10383,0.001847,172.31.40.0-255,66,296246,77,388365
10384,0.001878,74.125.24.0-255,12828,309074,77,388365
10385,0.001881,172.31.40.0-255,66,309140,77,388365
10386,0.00191,74.125.24.0-255,1484,310624,77,388365
10387,0.001932,74.125.24.0-255,11410,322034,77,388365
10388,0.001933,74.125.24.0-255,766,322800,77,388365
10389,0.001936,172.31.40.0-255,66,322866,77,388365
10390,0.001964,74.125.24.0-255,1484,324350,77,388365
10391,0.001968,172.31.40.0-255,66,324416,77,388365
10392,0.001981,74.125.24.0-255,4320,328736,77,388365
10393,0.001983,172.31.40.0-255,66,328802,77,388365
10394,0.001985,74.125.24.0-255,1484,330286,77,388365
10395,0.002008,74.125.24.0-255,5738,336024,77,388365
10396,0.00201,172.31.40.0-255,66,336090,77,388365
10397,0.002042,172.31.40.0-255,66,336156,77,388365
10398,0.002054,74.125.24.0-255,1484,337640,77,388365
10399,0.002059,74.125.24.0-255,5020,342660,77,388365
10400,0.002061,172.31.40.0-255,66,342726,77,388365
10401,0.002089,74.125.24.0-255,5738,348464,77,388365
10402,0.002091,172.31.40.0-255,66,348530,77,388365
10403,0.002094,74.125.24.0-255,1484,350014,77,388365
10404,0.002113,74.125.24.0-255,5738,355752,77,388365
10405,0.002115,172.31.40.0-255,66,355818,77,388365
10406,0.002119,74.125.24.0-255,2902,358720,77,388365
10407,0.002121,172.31.40.0-255,66,358786,77,388365
10408,0.002147,74.125.24.0-255,11410,370196,77,388365
10409,0.002149,172.31.40.0-255,66,370262,77,388365
10410,0.002154,74.125.24.0-255,4320,374582,77,388365
10411,0.002157,172.31.40.0-255,66,374648,77,388365
10412,0.002175,74.125.24.0-255,2184,376832,77,388365
10413,0.002177,172.31.40.0-255,66,376898,77,388365
10414,0.002203,74.125.24.0-255,4320,381218,77,388365
10415,0.002205,172.31.40.0-255,66,381284,77,388365
10416,0.002226,74.125.24.0-255,2394,383678,77,388365
10417,0.002228,172.31.40.0-255,66,383744,77,388365
10418,0.002231,74.125.24.0-255,105,383849,77,388365
10419,0.011268,172.31.40.0-255,66,383915,77,388365
10420,0.011307,172.31.40.0-255,105,384020,77,388365
10421,0.013731,74.125.24.0-255,66,384086,77,388365
10422,0.034494,172.31.40.0-255,172,384258,77,388365
10423,0.034526,172.31.40.0-255,1120,385378,77,388365
10424,0.034595,172.31.40.0-255,1514,386892,77,388365
10425,0.034597,172.31.40.0-255,1275,388167,77,388365
10426,0.036166,104.244.42.0-255,66,388233,77,388365
10427,0.036251,104.244.42.0-255,66,388299,77,388365
10428,0.036303,104.244.42.0-255,66,388365,77,388365
10429,0.0,74.125.200.0-255,154,154,77,422613
10430,1e-05,172.31.40.0-255,66,220,77,422613
10431,4.2e-05,74.125.200.0-255,1484,1704,77,422613
10432,4.6e-05,172.31.40.0-255,66,1770,77,422613
10433,5.9e-05,74.125.200.0-255,1484,3254,77,422613
10434,6.3e-05,172.31.40.0-255,66,3320,77,422613
10435,8.1e-05,74.125.200.0-255,2902,6222,77,422613
10436,8.5e-05,172.31.40.0-255,66,6288,77,422613
10437,0.000104,74.125.200.0-255,4320,10608,77,422613
10438,0.000106,172.31.40.0-255,66,10674,77,422613
10439,0.000144,74.125.200.0-255,1484,12158,77,422613
10440,0.000148,172.31.40.0-255,66,12224,77,422613
10441,0.000154,74.125.200.0-255,2103,14327,77,422613
10442,0.000156,172.31.40.0-255,66,14393,77,422613
10443,0.00016,74.125.200.0-255,2902,17295,77,422613
10444,0.000163,172.31.40.0-255,66,17361,77,422613
10445,0.000172,74.125.200.0-255,7156,24517,77,422613
10446,0.000174,172.31.40.0-255,66,24583,77,422613
10447,0.000179,74.125.200.0-255,4320,28903,77,422613
10448,0.000182,172.31.40.0-255,66,28969,77,422613
10449,0.000223,74.125.200.0-255,2543,31512,77,422613
10450,0.000226,172.31.40.0-255,66,31578,77,422613
10451,0.000282,74.125.200.0-255,1484,33062,77,422613
10452,0.000284,172.31.40.0-255,66,33128,77,422613
10453,0.000287,74.125.200.0-255,1484,34612,77,422613
10454,0.00029,172.31.40.0-255,66,34678,77,422613
10455,0.000303,74.125.200.0-255,1484,36162,77,422613
10456,0.000306,172.31.40.0-255,66,36228,77,422613
10457,0.000311,74.125.200.0-255,4320,40548,77,422613
10458,0.000314,172.31.40.0-255,66,40614,77,422613
10459,0.000338,74.125.200.0-255,1484,42098,77,422613
10460,0.000341,172.31.40.0-255,66,42164,77,422613
10461,0.000349,74.125.200.0-255,6797,48961,77,422613
10462,0.000351,172.31.40.0-255,66,49027,77,422613
10463,0.000381,74.125.200.0-255,7156,56183,77,422613
10464,0.000384,172.31.40.0-255,66,56249,77,422613
10465,0.000393,74.125.200.0-255,8574,64823,77,422613
10466,0.000395,172.31.40.0-255,66,64889,77,422613
10467,0.000446,74.125.200.0-255,1463,66352,77,422613
10468,0.000533,74.125.200.0-255,1484,67836,77,422613
10469,0.000538,172.31.40.0-255,66,67902,77,422613
10470,0.000543,74.125.200.0-255,2902,70804,77,422613
10471,0.000545,172.31.40.0-255,66,70870,77,422613
10472,0.000577,74.125.200.0-255,5738,76608,77,422613
10473,0.00058,172.31.40.0-255,66,76674,77,422613
10474,0.000601,74.125.200.0-255,6797,83471,77,422613
10475,0.000603,172.31.40.0-255,66,83537,77,422613
10476,0.000634,74.125.200.0-255,7156,90693,77,422613
10477,0.000637,172.31.40.0-255,66,90759,77,422613
10478,0.000647,74.125.200.0-255,9633,100392,77,422613
10479,0.000649,172.31.40.0-255,66,100458,77,422613
10480,0.000847,74.125.200.0-255,1484,101942,77,422613
10481,0.000868,74.125.200.0-255,2902,104844,77,422613
10482,0.000872,172.31.40.0-255,66,104910,77,422613
10483,0.000876,74.125.200.0-255,1484,106394,77,422613
10484,0.000892,74.125.200.0-255,1484,107878,77,422613
10485,0.000895,172.31.40.0-255,66,107944,77,422613
10486,0.0009,74.125.200.0-255,2902,110846,77,422613
10487,0.000902,172.31.40.0-255,66,110912,77,422613
10488,0.000914,74.125.200.0-255,1484,112396,77,422613
10489,0.000927,74.125.200.0-255,1484,113880,77,422613
10490,0.00093,172.31.40.0-255,66,113946,77,422613
10491,0.000956,74.125.200.0-255,7156,121102,77,422613
10492,0.000959,172.31.40.0-255,66,121168,77,422613
10493,0.00098,74.125.200.0-255,2902,124070,77,422613
10494,0.000983,172.31.40.0-255,66,124136,77,422613
10495,0.000996,74.125.200.0-255,4320,128456,77,422613
10496,0.000999,172.31.40.0-255,66,128522,77,422613
10497,0.001012,74.125.200.0-255,1484,130006,77,422613
10498,0.001033,74.125.200.0-255,6140,136146,77,422613
10499,0.001036,172.31.40.0-255,66,136212,77,422613
10500,0.001042,74.125.200.0-255,5738,141950,77,422613
10501,0.001044,172.31.40.0-255,66,142016,77,422613
10502,0.001107,74.125.200.0-255,7156,149172,77,422613
10503,0.001111,172.31.40.0-255,66,149238,77,422613
10504,0.001118,74.125.200.0-255,7156,156394,77,422613
10505,0.001121,172.31.40.0-255,66,156460,77,422613
10506,0.001129,74.125.200.0-255,8574,165034,77,422613
10507,0.001131,172.31.40.0-255,66,165100,77,422613
10508,0.001158,74.125.200.0-255,3602,168702,77,422613
10509,0.001161,172.31.40.0-255,66,168768,77,422613
10510,0.001182,74.125.200.0-255,2902,171670,77,422613
10511,0.001185,172.31.40.0-255,66,171736,77,422613
10512,0.001205,74.125.200.0-255,1484,173220,77,422613
10513,0.001211,74.125.200.0-255,5738,178958,77,422613
10514,0.001214,172.31.40.0-255,66,179024,77,422613
10515,0.001221,74.125.200.0-255,7156,186180,77,422613
10516,0.001225,172.31.40.0-255,66,186246,77,422613
10517,0.001236,74.125.200.0-255,4320,190566,77,422613
10518,0.001238,74.125.200.0-255,1484,192050,77,422613
10519,0.001254,74.125.200.0-255,5738,197788,77,422613
10520,0.001265,172.31.40.0-255,66,197854,77,422613
10521,0.001271,172.31.40.0-255,66,197920,77,422613
10522,0.001278,74.125.200.0-255,5020,202940,77,422613
10523,0.00128,172.31.40.0-255,66,203006,77,422613
10524,0.001329,74.125.200.0-255,1484,204490,77,422613
10525,0.001349,74.125.200.0-255,2902,207392,77,422613
10526,0.001352,172.31.40.0-255,66,207458,77,422613
10527,0.001356,74.125.200.0-255,1484,208942,77,422613
10528,0.001373,74.125.200.0-255,1484,210426,77,422613
10529,0.001385,74.125.200.0-255,2902,213328,77,422613
10530,0.001388,74.125.200.0-255,1484,214812,77,422613
10531,0.001391,172.31.40.0-255,66,214878,77,422613
10532,0.001396,172.31.40.0-255,66,214944,77,422613
10533,0.001414,74.125.200.0-255,4320,219264,77,422613
10534,0.001421,74.125.200.0-255,7156,226420,77,422613
10535,0.001439,172.31.40.0-255,66,226486,77,422613
10536,0.001452,74.125.200.0-255,1484,227970,77,422613
10537,0.001477,74.125.200.0-255,9274,237244,77,422613
10538,0.001491,172.31.40.0-255,66,237310,77,422613
10539,0.001532,74.125.200.0-255,1484,238794,77,422613
10540,0.001557,74.125.200.0-255,2902,241696,77,422613
10541,0.001574,172.31.40.0-255,66,241762,77,422613
10542,0.001585,74.125.200.0-255,5738,247500,77,422613
10543,0.001595,172.31.40.0-255,66,247566,77,422613
10544,0.001612,74.125.200.0-255,1484,249050,77,422613
10545,0.001636,74.125.200.0-255,8574,257624,77,422613
10546,0.001657,172.31.40.0-255,66,257690,77,422613
10547,0.001668,74.125.200.0-255,11410,269100,77,422613
10548,0.001673,172.31.40.0-255,66,269166,77,422613
10549,0.001688,74.125.200.0-255,2184,271350,77,422613
10550,0.001712,172.31.40.0-255,66,271416,77,422613
10551,0.001715,74.125.200.0-255,1484,272900,77,422613
10552,0.001728,74.125.200.0-255,2902,275802,77,422613
10553,0.001749,172.31.40.0-255,66,275868,77,422613
10554,0.001756,74.125.200.0-255,5738,281606,77,422613
10555,0.001761,172.31.40.0-255,66,281672,77,422613
10556,0.001772,74.125.200.0-255,5738,287410,77,422613
10557,0.001783,74.125.200.0-255,1484,288894,77,422613
10558,0.001796,172.31.40.0-255,66,288960,77,422613
10559,0.001813,74.125.200.0-255,7156,296116,77,422613
10560,0.001825,74.125.200.0-255,2902,299018,77,422613
10561,0.001838,172.31.40.0-255,66,299084,77,422613
10562,0.001851,74.125.200.0-255,4320,303404,77,422613
10563,0.001864,172.31.40.0-255,66,303470,77,422613
10564,0.001873,74.125.200.0-255,2184,305654,77,422613
10565,0.001882,172.31.40.0-255,66,305720,77,422613
10566,0.00193,74.125.200.0-255,1484,307204,77,422613
10567,0.001935,74.125.200.0-255,2902,310106,77,422613
10568,0.00195,74.125.200.0-255,1484,311590,77,422613
10569,0.001963,74.125.200.0-255,4320,315910,77,422613
10570,0.001968,172.31.40.0-255,66,315976,77,422613
10571,0.001977,74.125.200.0-255,1484,317460,77,422613
10572,0.001992,74.125.200.0-255,5738,323198,77,422613
10573,0.002011,172.31.40.0-255,66,323264,77,422613
10574,0.002053,74.125.200.0-255,2902,326166,77,422613
10575,0.002058,172.31.40.0-255,66,326232,77,422613
10576,0.002078,74.125.200.0-255,9992,336224,77,422613
10577,0.002081,74.125.200.0-255,1484,337708,77,422613
10578,0.002094,74.125.200.0-255,2184,339892,77,422613
10579,0.002104,172.31.40.0-255,66,339958,77,422613
10580,0.002177,74.125.200.0-255,1484,341442,77,422613
10581,0.002191,74.125.200.0-255,1484,342926,77,422613
10582,0.002206,74.125.200.0-255,2902,345828,77,422613
10583,0.002211,74.125.200.0-255,2902,348730,77,422613
10584,0.002216,172.31.40.0-255,66,348796,77,422613
10585,0.002229,74.125.200.0-255,2902,351698,77,422613
10586,0.002233,74.125.200.0-255,2902,354600,77,422613
10587,0.002238,74.125.200.0-255,4320,358920,77,422613
10588,0.00226,172.31.40.0-255,66,358986,77,422613
10589,0.002265,74.125.200.0-255,4320,363306,77,422613
10590,0.00227,172.31.40.0-255,66,363372,77,422613
10591,0.00228,74.125.200.0-255,4320,367692,77,422613
10592,0.002284,74.125.200.0-255,2902,370594,77,422613
10593,0.002324,74.125.200.0-255,8574,379168,77,422613
10594,0.002329,172.31.40.0-255,66,379234,77,422613
10595,0.002345,74.125.200.0-255,766,380000,77,422613
10596,0.002355,74.125.200.0-255,9992,389992,77,422613
10597,0.002357,74.125.200.0-255,1484,391476,77,422613
10598,0.002366,172.31.40.0-255,66,391542,77,422613
10599,0.002382,74.125.200.0-255,4320,395862,77,422613
10600,0.00239,74.125.200.0-255,5738,401600,77,422613
10601,0.002404,74.125.200.0-255,1484,403084,77,422613
10602,0.002416,74.125.200.0-255,2902,405986,77,422613
10603,0.002421,172.31.40.0-255,66,406052,77,422613
10604,0.002436,74.125.200.0-255,3602,409654,77,422613
10605,0.002443,74.125.200.0-255,7156,416810,77,422613
10606,0.002462,172.31.40.0-255,66,416876,77,422613
10607,0.004815,74.125.200.0-255,1219,418095,77,422613
10608,0.009711,172.31.40.0-255,66,418161,77,422613
10609,0.009745,172.31.40.0-255,105,418266,77,422613
10610,0.012065,74.125.200.0-255,66,418332,77,422613
10611,0.041507,172.31.40.0-255,172,418504,77,422613
10612,0.041545,172.31.40.0-255,1118,419622,77,422613
10613,0.041605,172.31.40.0-255,1514,421136,77,422613
10614,0.041607,172.31.40.0-255,1279,422415,77,422613
10615,0.043155,104.244.42.0-255,66,422481,77,422613
10616,0.043194,104.244.42.0-255,66,422547,77,422613
10617,0.043247,104.244.42.0-255,66,422613,77,422613
10618,0.0,74.125.24.0-255,149,149,77,394700
10619,2.3e-05,172.31.40.0-255,66,215,77,394700
10620,3e-05,74.125.24.0-255,1484,1699,77,394700
10621,3.4e-05,172.31.40.0-255,66,1765,77,394700
10622,4e-05,74.125.24.0-255,2902,4667,77,394700
10623,5.1e-05,172.31.40.0-255,66,4733,77,394700
10624,5.8e-05,74.125.24.0-255,7156,11889,77,394700
10625,6.2e-05,172.31.40.0-255,66,11955,77,394700
10626,6.8e-05,74.125.24.0-255,5738,17693,77,394700
10627,7.1e-05,172.31.40.0-255,66,17759,77,394700
10628,0.000113,74.125.24.0-255,6358,24117,77,394700
10629,0.000116,172.31.40.0-255,66,24183,77,394700
10630,0.000154,74.125.24.0-255,6797,30980,77,394700
10631,0.000157,172.31.40.0-255,66,31046,77,394700
10632,0.000173,74.125.24.0-255,4320,35366,77,394700
10633,0.000175,172.31.40.0-255,66,35432,77,394700
10634,0.000211,74.125.24.0-255,2902,38334,77,394700
10635,0.000214,172.31.40.0-255,66,38400,77,394700
10636,0.000222,74.125.24.0-255,8574,46974,77,394700
10637,0.000225,172.31.40.0-255,66,47040,77,394700
10638,0.000239,74.125.24.0-255,9992,57032,77,394700
10639,0.000241,172.31.40.0-255,66,57098,77,394700
10640,0.000271,74.125.24.0-255,8128,65226,77,394700
10641,0.000278,172.31.40.0-255,66,65292,77,394700
10642,0.000282,74.125.24.0-255,131,65423,77,394700
10643,0.000284,172.31.40.0-255,66,65489,77,394700
10644,0.000377,74.125.24.0-255,1484,66973,77,394700
10645,0.000381,172.31.40.0-255,66,67039,77,394700
10646,0.000387,74.125.24.0-255,2902,69941,77,394700
10647,0.000388,172.31.40.0-255,66,70007,77,394700
10648,0.000392,74.125.24.0-255,1484,71491,77,394700
10649,0.000398,172.31.40.0-255,66,71557,77,394700
10650,0.000423,74.125.24.0-255,4320,75877,77,394700
10651,0.000439,74.125.24.0-255,1484,77361,77,394700
10652,0.000454,74.125.24.0-255,5379,82740,77,394700
10653,0.000463,74.125.24.0-255,8574,91314,77,394700
10654,0.000478,74.125.24.0-255,1484,92798,77,394700
10655,0.000508,74.125.24.0-255,6797,99595,77,394700
10656,0.000551,74.125.24.0-255,5738,105333,77,394700
10657,0.000568,74.125.24.0-255,1484,106817,77,394700
10658,0.000574,74.125.24.0-255,5738,112555,77,394700
10659,0.000591,74.125.24.0-255,5738,118293,77,394700
10660,0.000609,74.125.24.0-255,8574,126867,77,394700
10661,0.000616,74.125.24.0-255,5738,132605,77,394700
10662,0.000635,74.125.24.0-255,469,133074,77,394700
10663,0.000654,74.125.24.0-255,4320,137394,77,394700
10664,0.000671,74.125.24.0-255,2902,140296,77,394700
10665,0.000676,74.125.24.0-255,2902,143198,77,394700
10666,0.000699,74.125.24.0-255,7156,150354,77,394700
10667,0.000714,74.125.24.0-255,4320,154674,77,394700
10668,0.000734,74.125.24.0-255,11410,166084,77,394700
10669,0.000746,74.125.24.0-255,766,166850,77,394700
10670,0.000758,172.31.40.0-255,66,166916,77,394700
10671,0.000829,74.125.24.0-255,1484,168400,77,394700
10672,0.000835,74.125.24.0-255,2902,171302,77,394700
10673,0.00085,74.125.24.0-255,2902,174204,77,394700
10674,0.000865,74.125.24.0-255,2902,177106,77,394700
10675,0.000869,172.31.40.0-255,66,177172,77,394700
10676,0.000881,74.125.24.0-255,5738,182910,77,394700
10677,0.000897,74.125.24.0-255,4320,187230,77,394700
10678,0.000902,172.31.40.0-255,66,187296,77,394700
10679,0.000914,74.125.24.0-255,1484,188780,77,394700
10680,0.000928,74.125.24.0-255,9992,198772,77,394700
10681,0.000945,74.125.24.0-255,2184,200956,77,394700
10682,0.000952,172.31.40.0-255,66,201022,77,394700
10683,0.001501,74.125.24.0-255,1484,202506,77,394700
10684,0.001506,74.125.24.0-255,2902,205408,77,394700
10685,0.00152,74.125.24.0-255,4320,209728,77,394700
10686,0.001538,74.125.24.0-255,1484,211212,77,394700
10687,0.001543,74.125.24.0-255,4320,215532,77,394700
10688,0.001548,74.125.24.0-255,4320,219852,77,394700
10689,0.001552,172.31.40.0-255,66,219918,77,394700
10690,0.001558,172.31.40.0-255,66,219984,77,394700
10691,0.001575,74.125.24.0-255,7156,227140,77,394700
10692,0.001591,172.31.40.0-255,66,227206,77,394700
10693,0.001616,74.125.24.0-255,7856,235062,77,394700
10694,0.001637,172.31.40.0-255,66,235128,77,394700
10695,0.001925,74.125.24.0-255,1484,236612,77,394700
10696,0.001942,74.125.24.0-255,2902,239514,77,394700
10697,0.001945,172.31.40.0-255,66,239580,77,394700
10698,0.001951,74.125.24.0-255,2902,242482,77,394700
10699,0.001969,172.31.40.0-255,66,242548,77,394700
10700,0.001983,74.125.24.0-255,4320,246868,77,394700
10701,0.001986,172.31.40.0-255,66,246934,77,394700
10702,0.002003,74.125.24.0-255,8574,255508,77,394700
10703,0.002013,74.125.24.0-255,9992,265500,77,394700
10704,0.002046,74.125.24.0-255,1484,266984,77,394700
10705,0.002077,74.125.24.0-255,9274,276258,77,394700
10706,0.0021,74.125.24.0-255,3602,279860,77,394700
10707,0.002116,172.31.40.0-255,66,279926,77,394700
10708,0.002341,74.125.24.0-255,1484,281410,77,394700
10709,0.002345,74.125.24.0-255,1484,282894,77,394700
10710,0.002361,74.125.24.0-255,1484,284378,77,394700
10711,0.002367,74.125.24.0-255,4320,288698,77,394700
10712,0.002372,172.31.40.0-255,66,288764,77,394700
10713,0.00238,74.125.24.0-255,1484,290248,77,394700
10714,0.002383,74.125.24.0-255,1484,291732,77,394700
10715,0.002392,172.31.40.0-255,66,291798,77,394700
10716,0.002434,74.125.24.0-255,11410,303208,77,394700
10717,0.002439,74.125.24.0-255,2902,306110,77,394700
10718,0.002449,172.31.40.0-255,66,306176,77,394700
10719,0.004811,74.125.24.0-255,5738,311914,77,394700
10720,0.004818,172.31.40.0-255,66,311980,77,394700
10721,0.007162,74.125.24.0-255,5738,317718,77,394700
10722,0.00988,172.31.40.0-255,66,317784,77,394700
10723,0.012238,74.125.24.0-255,5738,323522,77,394700
10724,0.012246,172.31.40.0-255,66,323588,77,394700
10725,0.014601,74.125.24.0-255,5738,329326,77,394700
10726,0.01506,172.31.40.0-255,66,329392,77,394700
10727,0.017417,74.125.24.0-255,5738,335130,77,394700
10728,0.017428,172.31.40.0-255,66,335196,77,394700
10729,0.019776,74.125.24.0-255,5738,340934,77,394700
10730,0.019784,172.31.40.0-255,66,341000,77,394700
10731,0.022138,74.125.24.0-255,5738,346738,77,394700
10732,0.022145,172.31.40.0-255,66,346804,77,394700
10733,0.024527,74.125.24.0-255,5738,352542,77,394700
10734,0.024534,172.31.40.0-255,66,352608,77,394700
10735,0.026895,74.125.24.0-255,5738,358346,77,394700
10736,0.026901,172.31.40.0-255,66,358412,77,394700
10737,0.029278,74.125.24.0-255,5738,364150,77,394700
10738,0.029284,172.31.40.0-255,66,364216,77,394700
10739,0.031634,74.125.24.0-255,5738,369954,77,394700
10740,0.03164,172.31.40.0-255,66,370020,77,394700
10741,0.032489,172.31.40.0-255,176,370196,77,394700
10742,0.032522,172.31.40.0-255,1118,371314,77,394700
10743,0.032583,172.31.40.0-255,1514,372828,77,394700
10744,0.032585,172.31.40.0-255,1279,374107,77,394700
10745,0.034011,74.125.24.0-255,5738,379845,77,394700
10746,0.034018,172.31.40.0-255,66,379911,77,394700
10747,0.034073,104.244.42.0-255,66,379977,77,394700
10748,0.034111,104.244.42.0-255,66,380043,77,394700
10749,0.034191,104.244.42.0-255,66,380109,77,394700
10750,0.03638,74.125.24.0-255,5738,385847,77,394700
10751,0.036387,172.31.40.0-255,66,385913,77,394700
10752,0.038769,74.125.24.0-255,5738,391651,77,394700
10753,0.038776,172.31.40.0-255,66,391717,77,394700
10754,0.041112,74.125.24.0-255,2746,394463,77,394700
10755,0.041123,172.31.40.0-255,66,394529,77,394700
10756,0.041472,172.31.40.0-255,105,394634,77,394700
10757,0.043817,74.125.24.0-255,66,394700,77,394700
10758,0.0,74.125.68.0-255,153,153,77,398514
10759,2.3e-05,172.31.40.0-255,66,219,77,398514
10760,3.1e-05,74.125.68.0-255,1484,1703,77,398514
10761,3.6e-05,172.31.40.0-255,66,1769,77,398514
10762,3.9e-05,74.125.68.0-255,1484,3253,77,398514
10763,4.1e-05,172.31.40.0-255,66,3319,77,398514
10764,4.8e-05,74.125.68.0-255,2902,6221,77,398514
10765,5.1e-05,172.31.40.0-255,66,6287,77,398514
10766,5.6e-05,74.125.68.0-255,2902,9189,77,398514
10767,5.9e-05,172.31.40.0-255,66,9255,77,398514
10768,8.1e-05,74.125.68.0-255,2902,12157,77,398514
10769,8.4e-05,172.31.40.0-255,66,12223,77,398514
10770,8.9e-05,74.125.68.0-255,2902,15125,77,398514
10771,9.1e-05,172.31.40.0-255,66,15191,77,398514
10772,0.000109,74.125.68.0-255,3493,18684,77,398514
10773,0.000111,172.31.40.0-255,66,18750,77,398514
10774,0.000118,74.125.68.0-255,7156,25906,77,398514
10775,0.000121,172.31.40.0-255,66,25972,77,398514
10776,0.000155,74.125.68.0-255,5379,31351,77,398514
10777,0.000157,172.31.40.0-255,66,31417,77,398514
10778,0.000204,74.125.68.0-255,1484,32901,77,398514
10779,0.000208,172.31.40.0-255,66,32967,77,398514
10780,0.000221,74.125.68.0-255,2902,35869,77,398514
10781,0.000224,172.31.40.0-255,66,35935,77,398514
10782,0.000237,74.125.68.0-255,2902,38837,77,398514
10783,0.000239,172.31.40.0-255,66,38903,77,398514
10784,0.000261,74.125.68.0-255,2902,41805,77,398514
10785,0.000263,172.31.40.0-255,66,41871,77,398514
10786,0.00027,74.125.68.0-255,6797,48668,77,398514
10787,0.000273,172.31.40.0-255,66,48734,77,398514
10788,0.000738,74.125.68.0-255,1484,50218,77,398514
10789,0.000743,172.31.40.0-255,66,50284,77,398514
10790,0.000756,74.125.68.0-255,1484,51768,77,398514
10791,0.000769,74.125.68.0-255,1484,53252,77,398514
10792,0.000771,172.31.40.0-255,66,53318,77,398514
10793,0.000794,74.125.68.0-255,5738,59056,77,398514
10794,0.000796,172.31.40.0-255,66,59122,77,398514
10795,0.000801,74.125.68.0-255,2902,62024,77,398514
10796,0.000802,172.31.40.0-255,66,62090,77,398514
10797,0.000817,74.125.68.0-255,3961,66051,77,398514
10798,0.000819,172.31.40.0-255,66,66117,77,398514
10799,0.00083,74.125.68.0-255,1484,67601,77,398514
10800,0.000842,74.125.68.0-255,5738,73339,77,398514
10801,0.000844,172.31.40.0-255,66,73405,77,398514
10802,0.000873,74.125.68.0-255,7156,80561,77,398514
10803,0.000876,172.31.40.0-255,66,80627,77,398514
10804,0.000891,74.125.68.0-255,1484,82111,77,398514
10805,0.000902,74.125.68.0-255,1125,83236,77,398514
10806,0.000904,172.31.40.0-255,66,83302,77,398514
10807,0.000956,74.125.68.0-255,1484,84786,77,398514
10808,0.000972,74.125.68.0-255,2902,87688,77,398514
10809,0.000975,172.31.40.0-255,66,87754,77,398514
10810,0.000999,74.125.68.0-255,5738,93492,77,398514
10811,0.001003,172.31.40.0-255,66,93558,77,398514
10812,0.001006,74.125.68.0-255,2902,96460,77,398514
10813,0.001009,172.31.40.0-255,66,96526,77,398514
10814,0.001063,74.125.68.0-255,4542,101068,77,398514
10815,0.001067,172.31.40.0-255,66,101134,77,398514
10816,0.001111,74.125.68.0-255,1484,102618,77,398514
10817,0.001137,74.125.68.0-255,2902,105520,77,398514
10818,0.001141,172.31.40.0-255,66,105586,77,398514
10819,0.001146,74.125.68.0-255,2902,108488,77,398514
10820,0.001148,172.31.40.0-255,66,108554,77,398514
10821,0.001161,74.125.68.0-255,2902,111456,77,398514
10822,0.001163,172.31.40.0-255,66,111522,77,398514
10823,0.001167,74.125.68.0-255,2902,114424,77,398514
10824,0.001169,172.31.40.0-255,66,114490,77,398514
10825,0.0012,74.125.68.0-255,9992,124482,77,398514
10826,0.001202,172.31.40.0-255,66,124548,77,398514
10827,0.001226,74.125.68.0-255,4320,128868,77,398514
10828,0.001229,172.31.40.0-255,66,128934,77,398514
10829,0.001246,74.125.68.0-255,5738,134672,77,398514
10830,0.001249,172.31.40.0-255,66,134738,77,398514
10831,0.001251,74.125.68.0-255,766,135504,77,398514
10832,0.001328,74.125.68.0-255,1484,136988,77,398514
10833,0.001331,172.31.40.0-255,66,137054,77,398514
10834,0.001336,74.125.68.0-255,2902,139956,77,398514
10835,0.001338,172.31.40.0-255,66,140022,77,398514
10836,0.001367,74.125.68.0-255,5738,145760,77,398514
10837,0.001369,172.31.40.0-255,66,145826,77,398514
10838,0.001374,74.125.68.0-255,2902,148728,77,398514
10839,0.001375,172.31.40.0-255,66,148794,77,398514
10840,0.001378,74.125.68.0-255,1484,150278,77,398514
10841,0.001399,74.125.68.0-255,2902,153180,77,398514
10842,0.001402,172.31.40.0-255,66,153246,77,398514
10843,0.001415,74.125.68.0-255,4320,157566,77,398514
10844,0.001417,172.31.40.0-255,66,157632,77,398514
10845,0.001435,74.125.68.0-255,4320,161952,77,398514
10846,0.001438,172.31.40.0-255,66,162018,77,398514
10847,0.001444,74.125.68.0-255,7156,169174,77,398514
10848,0.001446,172.31.40.0-255,66,169240,77,398514
10849,0.001488,74.125.68.0-255,2902,172142,77,398514
10850,0.001491,172.31.40.0-255,66,172208,77,398514
10851,0.001523,74.125.68.0-255,12978,185186,77,398514
10852,0.001526,172.31.40.0-255,66,185252,77,398514
10853,0.001539,172.31.40.0-255,66,185318,77,398514
10854,0.001557,74.125.68.0-255,2902,188220,77,398514
10855,0.001559,74.125.68.0-255,766,188986,77,398514
10856,0.001562,172.31.40.0-255,66,189052,77,398514
10857,0.001677,74.125.68.0-255,1484,190536,77,398514
10858,0.001681,172.31.40.0-255,66,190602,77,398514
10859,0.001695,74.125.68.0-255,2902,193504,77,398514
10860,0.001698,172.31.40.0-255,66,193570,77,398514
10861,0.001724,74.125.68.0-255,5738,199308,77,398514
10862,0.001727,172.31.40.0-255,66,199374,77,398514
10863,0.001782,74.125.68.0-255,9992,209366,77,398514
10864,0.001792,74.125.68.0-255,11410,220776,77,398514
10865,0.001796,74.125.68.0-255,2184,222960,77,398514
10866,0.001805,172.31.40.0-255,66,223026,77,398514
10867,0.001808,172.31.40.0-255,66,223092,77,398514
10868,0.001811,172.31.40.0-255,66,223158,77,398514
10869,0.001868,74.125.68.0-255,1484,224642,77,398514
10870,0.001889,74.125.68.0-255,2902,227544,77,398514
10871,0.001892,172.31.40.0-255,66,227610,77,398514
10872,0.001896,74.125.68.0-255,1484,229094,77,398514
10873,0.001916,74.125.68.0-255,4320,233414,77,398514
10874,0.00192,172.31.40.0-255,66,233480,77,398514
10875,0.001945,74.125.68.0-255,5738,239218,77,398514
10876,0.001948,172.31.40.0-255,66,239284,77,398514
10877,0.001979,74.125.68.0-255,7156,246440,77,398514
10878,0.001982,172.31.40.0-255,66,246506,77,398514
10879,0.001988,74.125.68.0-255,5738,252244,77,398514
10880,0.00199,172.31.40.0-255,66,252310,77,398514
10881,0.002009,74.125.68.0-255,2902,255212,77,398514
10882,0.002012,172.31.40.0-255,66,255278,77,398514
10883,0.002037,74.125.68.0-255,3602,258880,77,398514
10884,0.00204,172.31.40.0-255,66,258946,77,398514
10885,0.002047,74.125.68.0-255,7156,266102,77,398514
10886,0.002049,172.31.40.0-255,66,266168,77,398514
10887,0.002054,74.125.68.0-255,4320,270488,77,398514
10888,0.002057,172.31.40.0-255,66,270554,77,398514
10889,0.002091,74.125.68.0-255,7156,277710,77,398514
10890,0.002095,172.31.40.0-255,66,277776,77,398514
10891,0.002106,74.125.68.0-255,12828,290604,77,398514
10892,0.002108,172.31.40.0-255,66,290670,77,398514
10893,0.002111,74.125.68.0-255,766,291436,77,398514
10894,0.002114,74.125.68.0-255,1484,292920,77,398514
10895,0.002116,172.31.40.0-255,66,292986,77,398514
10896,0.002138,74.125.68.0-255,4320,297306,77,398514
10897,0.002141,172.31.40.0-255,66,297372,77,398514
10898,0.002172,74.125.68.0-255,7156,304528,77,398514
10899,0.002175,172.31.40.0-255,66,304594,77,398514
10900,0.002182,74.125.68.0-255,5738,310332,77,398514
10901,0.002185,172.31.40.0-255,66,310398,77,398514
10902,0.002199,74.125.68.0-255,2902,313300,77,398514
10903,0.002202,172.31.40.0-255,66,313366,77,398514
10904,0.002227,74.125.68.0-255,12110,325476,77,398514
10905,0.00223,172.31.40.0-255,66,325542,77,398514
10906,0.002264,74.125.68.0-255,9992,335534,77,398514
10907,0.002267,172.31.40.0-255,66,335600,77,398514
10908,0.002288,74.125.68.0-255,1484,337084,77,398514
10909,0.002296,74.125.68.0-255,7156,344240,77,398514
10910,0.002298,172.31.40.0-255,66,344306,77,398514
10911,0.002323,74.125.68.0-255,5738,350044,77,398514
10912,0.002326,172.31.40.0-255,66,350110,77,398514
10913,0.002332,74.125.68.0-255,7156,357266,77,398514
10914,0.002335,172.31.40.0-255,66,357332,77,398514
10915,0.004615,74.125.68.0-255,2902,360234,77,398514
10916,0.00462,172.31.40.0-255,66,360300,77,398514
10917,0.004642,74.125.68.0-255,2902,363202,77,398514
10918,0.004644,172.31.40.0-255,66,363268,77,398514
10919,0.006908,74.125.68.0-255,2902,366170,77,398514
10920,0.006915,172.31.40.0-255,66,366236,77,398514
10921,0.006931,74.125.68.0-255,2902,369138,77,398514
10922,0.006933,172.31.40.0-255,66,369204,77,398514
10923,0.009207,74.125.68.0-255,2902,372106,77,398514
10924,0.009213,172.31.40.0-255,66,372172,77,398514
10925,0.009234,74.125.68.0-255,2902,375074,77,398514
10926,0.009236,172.31.40.0-255,66,375140,77,398514
10927,0.011497,74.125.68.0-255,2902,378042,77,398514
10928,0.011503,172.31.40.0-255,66,378108,77,398514
10929,0.011523,74.125.68.0-255,2902,381010,77,398514
10930,0.011525,172.31.40.0-255,66,381076,77,398514
10931,0.013816,74.125.68.0-255,2902,383978,77,398514
10932,0.013823,172.31.40.0-255,66,384044,77,398514
10933,0.013838,74.125.68.0-255,2902,386946,77,398514
10934,0.013841,172.31.40.0-255,66,387012,77,398514
10935,0.016124,74.125.68.0-255,4320,391332,77,398514
10936,0.016131,172.31.40.0-255,66,391398,77,398514
10937,0.016151,74.125.68.0-255,1484,392882,77,398514
10938,0.018427,74.125.68.0-255,1116,393998,77,398514
10939,0.018435,172.31.40.0-255,66,394064,77,398514
10940,0.021164,172.31.40.0-255,105,394169,77,398514
10941,0.023426,74.125.68.0-255,66,394235,77,398514
10942,0.038375,172.31.40.0-255,172,394407,77,398514
10943,0.038408,172.31.40.0-255,1120,395527,77,398514
10944,0.03847,172.31.40.0-255,1514,397041,77,398514
10945,0.038472,172.31.40.0-255,1275,398316,77,398514
10946,0.039917,104.244.42.0-255,66,398382,77,398514
10947,0.03996,104.244.42.0-255,66,398448,77,398514
10948,0.040064,104.244.42.0-255,66,398514,77,398514
10949,0.0,172.217.194.0-255,147,147,77,367901
10950,2.3e-05,172.31.40.0-255,66,213,77,367901
10951,3.1e-05,172.217.194.0-255,1484,1697,77,367901
10952,3.5e-05,172.31.40.0-255,66,1763,77,367901
10953,4e-05,172.217.194.0-255,2902,4665,77,367901
10954,4.5e-05,172.31.40.0-255,66,4731,77,367901
10955,5.3e-05,172.217.194.0-255,7156,11887,77,367901
10956,5.6e-05,172.31.40.0-255,66,11953,77,367901
10957,6.1e-05,172.217.194.0-255,2100,14053,77,367901
10958,6.4e-05,172.31.40.0-255,66,14119,77,367901
10959,0.000364,172.217.194.0-255,1484,15603,77,367901
10960,0.00037,172.31.40.0-255,66,15669,77,367901
10961,0.000377,172.217.194.0-255,2902,18571,77,367901
10962,0.00038,172.31.40.0-255,66,18637,77,367901
10963,0.000383,172.217.194.0-255,1484,20121,77,367901
10964,0.000385,172.31.40.0-255,66,20187,77,367901
10965,0.000412,172.217.194.0-255,4320,24507,77,367901
10966,0.000415,172.31.40.0-255,66,24573,77,367901
10967,0.000423,172.217.194.0-255,8215,32788,77,367901
10968,0.000426,172.31.40.0-255,66,32854,77,367901
10969,0.00043,172.217.194.0-255,2902,35756,77,367901
10970,0.000433,172.31.40.0-255,66,35822,77,367901
10971,0.000456,172.217.194.0-255,5738,41560,77,367901
10972,0.000464,172.217.194.0-255,6797,48357,77,367901
10973,0.000468,172.31.40.0-255,66,48423,77,367901
10974,0.000476,172.31.40.0-255,66,48489,77,367901
10975,0.001387,172.217.194.0-255,1484,49973,77,367901
10976,0.001394,172.31.40.0-255,66,50039,77,367901
10977,0.001404,172.217.194.0-255,2902,52941,77,367901
10978,0.001406,172.31.40.0-255,66,53007,77,367901
10979,0.001413,172.217.194.0-255,5738,58745,77,367901
10980,0.001415,172.31.40.0-255,66,58811,77,367901
10981,0.001457,172.217.194.0-255,9992,68803,77,367901
10982,0.001479,172.217.194.0-255,3961,72764,77,367901
10983,0.001489,172.217.194.0-255,9992,82756,77,367901
10984,0.001522,172.217.194.0-255,1484,84240,77,367901
10985,0.001541,172.217.194.0-255,7156,91396,77,367901
10986,0.001567,172.217.194.0-255,8436,99832,77,367901
10987,0.002223,172.217.194.0-255,1484,101316,77,367901
10988,0.002231,172.217.194.0-255,2902,104218,77,367901
10989,0.002238,172.217.194.0-255,5738,109956,77,367901
10990,0.00229,172.217.194.0-255,12828,122784,77,367901
10991,0.002301,172.217.194.0-255,9992,132776,77,367901
10992,0.002304,172.217.194.0-255,766,133542,77,367901
10993,0.003519,172.31.40.0-255,66,133608,77,367901
10994,0.005878,172.217.194.0-255,5738,139346,77,367901
10995,0.005884,172.31.40.0-255,66,139412,77,367901
10996,0.00827,172.217.194.0-255,5738,145150,77,367901
10997,0.008277,172.31.40.0-255,66,145216,77,367901
10998,0.010627,172.217.194.0-255,5738,150954,77,367901
10999,0.010635,172.31.40.0-255,66,151020,77,367901
11000,0.013003,172.217.194.0-255,5738,156758,77,367901
11001,0.013797,172.31.40.0-255,66,156824,77,367901
11002,0.016227,172.217.194.0-255,5738,162562,77,367901
11003,0.016235,172.31.40.0-255,66,162628,77,367901
11004,0.018568,172.217.194.0-255,5738,168366,77,367901
11005,0.018575,172.31.40.0-255,66,168432,77,367901
11006,0.020962,172.217.194.0-255,5738,174170,77,367901
11007,0.020969,172.31.40.0-255,66,174236,77,367901
11008,0.02333,172.217.194.0-255,5738,179974,77,367901
11009,0.023338,172.31.40.0-255,66,180040,77,367901
11010,0.025709,172.217.194.0-255,5738,185778,77,367901
11011,0.025717,172.31.40.0-255,66,185844,77,367901
11012,0.026868,172.31.40.0-255,172,186016,77,367901
11013,0.026901,172.31.40.0-255,1115,187131,77,367901
11014,0.026971,172.31.40.0-255,1514,188645,77,367901
11015,0.026973,172.31.40.0-255,1514,190159,77,367901
11016,0.026974,172.31.40.0-255,1514,191673,77,367901
11017,0.026975,172.31.40.0-255,1514,193187,77,367901
11018,0.026977,172.31.40.0-255,528,193715,77,367901
11019,0.028101,172.217.194.0-255,5738,199453,77,367901
11020,0.028107,172.31.40.0-255,66,199519,77,367901
11021,0.02909,104.244.42.0-255,66,199585,77,367901
11022,0.030481,172.217.194.0-255,5738,205323,77,367901
11023,0.030488,172.31.40.0-255,66,205389,77,367901
11024,0.032837,172.217.194.0-255,5738,211127,77,367901
11025,0.032843,172.31.40.0-255,66,211193,77,367901
11026,0.035223,172.217.194.0-255,5738,216931,77,367901
11027,0.03523,172.31.40.0-255,66,216997,77,367901
11028,0.037572,172.217.194.0-255,5738,222735,77,367901
11029,0.037579,172.31.40.0-255,66,222801,77,367901
11030,0.039923,172.217.194.0-255,5738,228539,77,367901
11031,0.03993,172.31.40.0-255,66,228605,77,367901
11032,0.042283,172.217.194.0-255,5738,234343,77,367901
11033,0.04229,172.31.40.0-255,66,234409,77,367901
11034,0.044651,172.217.194.0-255,5738,240147,77,367901
11035,0.044659,172.31.40.0-255,66,240213,77,367901
11036,0.047084,172.217.194.0-255,5738,245951,77,367901
11037,0.047091,172.31.40.0-255,66,246017,77,367901
11038,0.049478,172.217.194.0-255,5738,251755,77,367901
11039,0.049485,172.31.40.0-255,66,251821,77,367901
11040,0.051851,172.217.194.0-255,5738,257559,77,367901
11041,0.051859,172.31.40.0-255,66,257625,77,367901
11042,0.054259,172.217.194.0-255,5738,263363,77,367901
11043,0.054279,172.31.40.0-255,66,263429,77,367901
11044,0.056623,172.217.194.0-255,5738,269167,77,367901
11045,0.058599,172.31.40.0-255,66,269233,77,367901
11046,0.060977,172.217.194.0-255,5738,274971,77,367901
11047,0.060987,172.31.40.0-255,66,275037,77,367901
11048,0.063393,172.217.194.0-255,5738,280775,77,367901
11049,0.063411,172.31.40.0-255,66,280841,77,367901
11050,0.065796,172.217.194.0-255,5738,286579,77,367901
11051,0.06581,172.31.40.0-255,66,286645,77,367901
11052,0.068175,172.217.194.0-255,5738,292383,77,367901
11053,0.068182,172.31.40.0-255,66,292449,77,367901
11054,0.070527,172.217.194.0-255,5738,298187,77,367901
11055,0.070535,172.31.40.0-255,66,298253,77,367901
11056,0.072957,172.217.194.0-255,5738,303991,77,367901
11057,0.072965,172.31.40.0-255,66,304057,77,367901
11058,0.075337,172.217.194.0-255,5738,309795,77,367901
11059,0.075343,172.31.40.0-255,66,309861,77,367901
11060,0.077686,172.217.194.0-255,5738,315599,77,367901
11061,0.077694,172.31.40.0-255,66,315665,77,367901
11062,0.080115,172.217.194.0-255,5738,321403,77,367901
11063,0.080121,172.31.40.0-255,66,321469,77,367901
11064,0.082474,172.217.194.0-255,5738,327207,77,367901
11065,0.082481,172.31.40.0-255,66,327273,77,367901
11066,0.08486,172.217.194.0-255,5738,333011,77,367901
11067,0.084866,172.31.40.0-255,66,333077,77,367901
11068,0.087219,172.217.194.0-255,5738,338815,77,367901
11069,0.087226,172.31.40.0-255,66,338881,77,367901
11070,0.089604,172.217.194.0-255,5738,344619,77,367901
11071,0.089611,172.31.40.0-255,66,344685,77,367901
11072,0.091967,172.217.194.0-255,5738,350423,77,367901
11073,0.091972,172.31.40.0-255,66,350489,77,367901
11074,0.094342,172.217.194.0-255,5738,356227,77,367901
11075,0.094352,172.31.40.0-255,66,356293,77,367901
11076,0.096727,172.217.194.0-255,5738,362031,77,367901
11077,0.096734,172.31.40.0-255,66,362097,77,367901
11078,0.099082,172.217.194.0-255,5738,367835,77,367901
11079,0.09909,172.31.40.0-255,66,367901,77,367901
11080,0.0,172.217.24.0-255,150,150,77,420172
11081,1.7e-05,172.31.40.0-255,66,216,77,420172
11082,3.5e-05,172.217.24.0-255,1484,1700,77,420172
11083,4.6e-05,172.31.40.0-255,66,1766,77,420172
11084,5.2e-05,172.217.24.0-255,2902,4668,77,420172
11085,5.6e-05,172.31.40.0-255,66,4734,77,420172
11086,6.3e-05,172.217.24.0-255,7156,11890,77,420172
11087,6.7e-05,172.31.40.0-255,66,11956,77,420172
11088,7.4e-05,172.217.24.0-255,7764,19720,77,420172
11089,7.7e-05,172.31.40.0-255,66,19786,77,420172
11090,0.000119,172.217.24.0-255,11051,30837,77,420172
11091,0.000122,172.31.40.0-255,66,30903,77,420172
11092,0.000163,172.217.24.0-255,1484,32387,77,420172
11093,0.000165,172.31.40.0-255,66,32453,77,420172
11094,0.000171,172.217.24.0-255,2902,35355,77,420172
11095,0.000173,172.31.40.0-255,66,35421,77,420172
11096,0.000204,172.217.24.0-255,5738,41159,77,420172
11097,0.000207,172.31.40.0-255,66,41225,77,420172
11098,0.000214,172.217.24.0-255,6797,48022,77,420172
11099,0.000216,172.31.40.0-255,66,48088,77,420172
11100,0.00033,172.217.24.0-255,1484,49572,77,420172
11101,0.000335,172.31.40.0-255,66,49638,77,420172
11102,0.000339,172.217.24.0-255,1484,51122,77,420172
11103,0.000341,172.31.40.0-255,66,51188,77,420172
11104,0.000361,172.217.24.0-255,1484,52672,77,420172
11105,0.000363,172.31.40.0-255,66,52738,77,420172
11106,0.000373,172.217.24.0-255,4320,57058,77,420172
11107,0.000376,172.31.40.0-255,66,57124,77,420172
11108,0.000408,172.217.24.0-255,8215,65339,77,420172
11109,0.000411,172.31.40.0-255,66,65405,77,420172
11110,0.000436,172.217.24.0-255,356,65761,77,420172
11111,0.000438,172.31.40.0-255,66,65827,77,420172
11112,0.000916,172.217.24.0-255,136,65963,77,420172
11113,0.001016,172.217.24.0-255,1484,67447,77,420172
11114,0.00102,172.31.40.0-255,66,67513,77,420172
11115,0.001026,172.217.24.0-255,2902,70415,77,420172
11116,0.001028,172.31.40.0-255,66,70481,77,420172
11117,0.001057,172.217.24.0-255,5738,76219,77,420172
11118,0.001059,172.31.40.0-255,66,76285,77,420172
11119,0.001067,172.217.24.0-255,6797,83082,77,420172
11120,0.001069,172.31.40.0-255,66,83148,77,420172
11121,0.001112,172.217.24.0-255,7156,90304,77,420172
11122,0.001115,172.31.40.0-255,66,90370,77,420172
11123,0.001124,172.217.24.0-255,8574,98944,77,420172
11124,0.001126,172.31.40.0-255,66,99010,77,420172
11125,0.001152,172.217.24.0-255,1125,100135,77,420172
11126,0.001409,172.217.24.0-255,1484,101619,77,420172
11127,0.001414,172.31.40.0-255,66,101685,77,420172
11128,0.001419,172.217.24.0-255,2902,104587,77,420172
11129,0.001421,172.31.40.0-255,66,104653,77,420172
11130,0.00143,172.217.24.0-255,2902,107555,77,420172
11131,0.001433,172.31.40.0-255,66,107621,77,420172
11132,0.001462,172.217.24.0-255,2902,110523,77,420172
11133,0.001475,172.217.24.0-255,9992,120515,77,420172
11134,0.001479,172.31.40.0-255,66,120581,77,420172
11135,0.001482,172.31.40.0-255,66,120647,77,420172
11136,0.001513,172.217.24.0-255,2902,123549,77,420172
11137,0.001516,172.31.40.0-255,66,123615,77,420172
11138,0.001527,172.217.24.0-255,7156,130771,77,420172
11139,0.001529,172.31.40.0-255,66,130837,77,420172
11140,0.001534,172.217.24.0-255,3602,134439,77,420172
11141,0.001537,172.31.40.0-255,66,134505,77,420172
11142,0.001541,172.217.24.0-255,2902,137407,77,420172
11143,0.001543,172.31.40.0-255,66,137473,77,420172
11144,0.001581,172.217.24.0-255,1484,138957,77,420172
11145,0.001593,172.217.24.0-255,9992,148949,77,420172
11146,0.001596,172.31.40.0-255,66,149015,77,420172
11147,0.001602,172.217.24.0-255,5738,154753,77,420172
11148,0.001605,172.31.40.0-255,66,154819,77,420172
11149,0.001631,172.217.24.0-255,4320,159139,77,420172
11150,0.001634,172.31.40.0-255,66,159205,77,420172
11151,0.001664,172.217.24.0-255,9274,168479,77,420172
11152,0.001668,172.31.40.0-255,66,168545,77,420172
11153,0.001718,172.217.24.0-255,1484,170029,77,420172
11154,0.001722,172.217.24.0-255,2902,172931,77,420172
11155,0.001725,172.31.40.0-255,66,172997,77,420172
11156,0.001728,172.217.24.0-255,1484,174481,77,420172
11157,0.001755,172.217.24.0-255,4320,178801,77,420172
11158,0.001758,172.31.40.0-255,66,178867,77,420172
11159,0.001763,172.217.24.0-255,4320,183187,77,420172
11160,0.001766,172.31.40.0-255,66,183253,77,420172
11161,0.001804,172.217.24.0-255,8574,191827,77,420172
11162,0.001808,172.31.40.0-255,66,191893,77,420172
11163,0.001818,172.217.24.0-255,10692,202585,77,420172
11164,0.001826,172.31.40.0-255,66,202651,77,420172
11165,0.001885,172.217.24.0-255,1484,204135,77,420172
11166,0.001892,172.217.24.0-255,2902,207037,77,420172
11167,0.001894,172.31.40.0-255,66,207103,77,420172
11168,0.001925,172.217.24.0-255,5738,212841,77,420172
11169,0.001928,172.31.40.0-255,66,212907,77,420172
11170,0.001937,172.217.24.0-255,9992,222899,77,420172
11171,0.001939,172.31.40.0-255,66,222965,77,420172
11172,0.00195,172.217.24.0-255,4320,227285,77,420172
11173,0.001952,172.31.40.0-255,66,227351,77,420172
11174,0.001988,172.217.24.0-255,7156,234507,77,420172
11175,0.001991,172.31.40.0-255,66,234573,77,420172
11176,0.001996,172.217.24.0-255,2184,236757,77,420172
11177,0.001998,172.31.40.0-255,66,236823,77,420172
11178,0.002087,172.217.24.0-255,1484,238307,77,420172
11179,0.00209,172.217.24.0-255,1484,239791,77,420172
11180,0.002093,172.31.40.0-255,66,239857,77,420172
11181,0.002126,172.217.24.0-255,4320,244177,77,420172
11182,0.002129,172.31.40.0-255,66,244243,77,420172
11183,0.002132,172.217.24.0-255,1484,245727,77,420172
11184,0.004214,172.217.24.0-255,4320,250047,77,420172
11185,0.004221,172.31.40.0-255,66,250113,77,420172
11186,0.006387,172.217.24.0-255,5738,255851,77,420172
11187,0.006391,172.31.40.0-255,66,255917,77,420172
11188,0.008483,172.217.24.0-255,5738,261655,77,420172
11189,0.008492,172.31.40.0-255,66,261721,77,420172
11190,0.010574,172.217.24.0-255,5738,267459,77,420172
11191,0.010578,172.31.40.0-255,66,267525,77,420172
11192,0.012668,172.217.24.0-255,5738,273263,77,420172
11193,0.012674,172.31.40.0-255,66,273329,77,420172
11194,0.014793,172.217.24.0-255,5738,279067,77,420172
11195,0.0148,172.31.40.0-255,66,279133,77,420172
11196,0.016889,172.217.24.0-255,5738,284871,77,420172
11197,0.016898,172.31.40.0-255,66,284937,77,420172
11198,0.018989,172.217.24.0-255,5738,290675,77,420172
11199,0.018996,172.31.40.0-255,66,290741,77,420172
11200,0.021108,172.217.24.0-255,5738,296479,77,420172
11201,0.021115,172.31.40.0-255,66,296545,77,420172
11202,0.023217,172.217.24.0-255,5738,302283,77,420172
11203,0.023228,172.31.40.0-255,66,302349,77,420172
11204,0.025324,172.217.24.0-255,5738,308087,77,420172
11205,0.025332,172.31.40.0-255,66,308153,77,420172
11206,0.027424,172.217.24.0-255,5738,313891,77,420172
11207,0.027432,172.31.40.0-255,66,313957,77,420172
11208,0.029522,172.217.24.0-255,5738,319695,77,420172
11209,0.029529,172.31.40.0-255,66,319761,77,420172
11210,0.031628,172.217.24.0-255,5738,325499,77,420172
11211,0.031636,172.31.40.0-255,66,325565,77,420172
11212,0.033719,172.217.24.0-255,5738,331303,77,420172
11213,0.033726,172.31.40.0-255,66,331369,77,420172
11214,0.035823,172.217.24.0-255,5738,337107,77,420172
11215,0.035831,172.31.40.0-255,66,337173,77,420172
11216,0.037407,172.31.40.0-255,172,337345,77,420172
11217,0.037434,172.31.40.0-255,1120,338465,77,420172
11218,0.037485,172.31.40.0-255,1514,339979,77,420172
11219,0.037486,172.31.40.0-255,1275,341254,77,420172
11220,0.037933,172.217.24.0-255,5738,346992,77,420172
11221,0.037939,172.31.40.0-255,66,347058,77,420172
11222,0.039056,104.244.42.0-255,66,347124,77,420172
11223,0.039134,104.244.42.0-255,66,347190,77,420172
11224,0.039157,104.244.42.0-255,66,347256,77,420172
11225,0.04015,172.217.24.0-255,5738,352994,77,420172
11226,0.040158,172.31.40.0-255,66,353060,77,420172
11227,0.042256,172.217.24.0-255,5738,358798,77,420172
11228,0.042261,172.31.40.0-255,66,358864,77,420172
11229,0.044366,172.217.24.0-255,5738,364602,77,420172
11230,0.044372,172.31.40.0-255,66,364668,77,420172
11231,0.046469,172.217.24.0-255,5738,370406,77,420172
11232,0.046476,172.31.40.0-255,66,370472,77,420172
11233,0.048573,172.217.24.0-255,5738,376210,77,420172
11234,0.048578,172.31.40.0-255,66,376276,77,420172
11235,0.050669,172.217.24.0-255,5738,382014,77,420172
11236,0.050676,172.31.40.0-255,66,382080,77,420172
11237,0.05279,172.217.24.0-255,5738,387818,77,420172
11238,0.052796,172.31.40.0-255,66,387884,77,420172
11239,0.054896,172.217.24.0-255,5738,393622,77,420172
11240,0.054902,172.31.40.0-255,66,393688,77,420172
11241,0.05702,172.217.24.0-255,5738,399426,77,420172
11242,0.057025,172.31.40.0-255,66,399492,77,420172
11243,0.059121,172.217.24.0-255,5738,405230,77,420172
11244,0.059127,172.31.40.0-255,66,405296,77,420172
11245,0.061237,172.217.24.0-255,5738,411034,77,420172
11246,0.061244,172.31.40.0-255,66,411100,77,420172
11247,0.063343,172.217.24.0-255,5738,416838,77,420172
11248,0.06335,172.31.40.0-255,66,416904,77,420172
11249,0.065452,172.217.24.0-255,3031,419935,77,420172
11250,0.065458,172.31.40.0-255,66,420001,77,420172
11251,0.065619,172.31.40.0-255,105,420106,77,420172
11252,0.067688,172.217.24.0-255,66,420172,77,420172
11253,0.0,74.125.24.0-255,156,156,77,407663
11254,2.2e-05,172.31.40.0-255,66,222,77,407663
11255,2.9e-05,74.125.24.0-255,1484,1706,77,407663
11256,3.4e-05,172.31.40.0-255,66,1772,77,407663
11257,4e-05,74.125.24.0-255,2902,4674,77,407663
11258,4.3e-05,172.31.40.0-255,66,4740,77,407663
11259,5e-05,74.125.24.0-255,5738,10478,77,407663
11260,5.4e-05,172.31.40.0-255,66,10544,77,407663
11261,5.9e-05,74.125.24.0-255,3582,14126,77,407663
11262,6.2e-05,172.31.40.0-255,66,14192,77,407663
11263,0.000109,74.125.24.0-255,1484,15676,77,407663
11264,0.000112,172.31.40.0-255,66,15742,77,407663
11265,0.000125,74.125.24.0-255,1484,17226,77,407663
11266,0.000127,172.31.40.0-255,66,17292,77,407663
11267,0.000144,74.125.24.0-255,1484,18776,77,407663
11268,0.000147,172.31.40.0-255,66,18842,77,407663
11269,0.000154,74.125.24.0-255,5738,24580,77,407663
11270,0.000156,172.31.40.0-255,66,24646,77,407663
11271,0.000163,74.125.24.0-255,6797,31443,77,407663
11272,0.000165,172.31.40.0-255,66,31509,77,407663
11273,0.0002,74.125.24.0-255,7156,38665,77,407663
11274,0.000203,172.31.40.0-255,66,38731,77,407663
11275,0.000236,74.125.24.0-255,9633,48364,77,407663
11276,0.000239,172.31.40.0-255,66,48430,77,407663
11277,0.000257,74.125.24.0-255,1484,49914,77,407663
11278,0.000259,172.31.40.0-255,66,49980,77,407663
11279,0.000264,74.125.24.0-255,2902,52882,77,407663
11280,0.000266,172.31.40.0-255,66,52948,77,407663
11281,0.000293,74.125.24.0-255,5738,58686,77,407663
11282,0.000296,172.31.40.0-255,66,58752,77,407663
11283,0.000309,74.125.24.0-255,4320,63072,77,407663
11284,0.000312,172.31.40.0-255,66,63138,77,407663
11285,0.00033,74.125.24.0-255,2543,65681,77,407663
11286,0.000333,172.31.40.0-255,66,65747,77,407663
11287,0.000344,74.125.24.0-255,364,66111,77,407663
11288,0.000382,74.125.24.0-255,380,66491,77,407663
11289,0.000496,74.125.24.0-255,1484,67975,77,407663
11290,0.0005,172.31.40.0-255,66,68041,77,407663
11291,0.000506,74.125.24.0-255,2902,70943,77,407663
11292,0.000508,172.31.40.0-255,66,71009,77,407663
11293,0.000514,74.125.24.0-255,5738,76747,77,407663
11294,0.000517,172.31.40.0-255,66,76813,77,407663
11295,0.000567,74.125.24.0-255,7156,83969,77,407663
11296,0.000571,172.31.40.0-255,66,84035,77,407663
11297,0.000592,74.125.24.0-255,5379,89414,77,407663
11298,0.000595,172.31.40.0-255,66,89480,77,407663
11299,0.000598,74.125.24.0-255,1484,90964,77,407663
11300,0.00063,74.125.24.0-255,9633,100597,77,407663
11301,0.000633,172.31.40.0-255,66,100663,77,407663
11302,0.001213,74.125.24.0-255,1484,102147,77,407663
11303,0.001221,74.125.24.0-255,2902,105049,77,407663
11304,0.001225,172.31.40.0-255,66,105115,77,407663
11305,0.001232,74.125.24.0-255,4320,109435,77,407663
11306,0.001234,172.31.40.0-255,66,109501,77,407663
11307,0.001246,74.125.24.0-255,1484,110985,77,407663
11308,0.00126,74.125.24.0-255,4320,115305,77,407663
11309,0.001262,172.31.40.0-255,66,115371,77,407663
11310,0.00129,74.125.24.0-255,8574,123945,77,407663
11311,0.001293,172.31.40.0-255,66,124011,77,407663
11312,0.001346,74.125.24.0-255,10692,134703,77,407663
11313,0.001349,172.31.40.0-255,66,134769,77,407663
11314,0.001531,74.125.24.0-255,1484,136253,77,407663
11315,0.001536,74.125.24.0-255,2902,139155,77,407663
11316,0.001539,172.31.40.0-255,66,139221,77,407663
11317,0.001545,74.125.24.0-255,2902,142123,77,407663
11318,0.001547,172.31.40.0-255,66,142189,77,407663
11319,0.00156,74.125.24.0-255,2902,145091,77,407663
11320,0.001563,172.31.40.0-255,66,145157,77,407663
11321,0.00157,74.125.24.0-255,7156,152313,77,407663
11322,0.001572,172.31.40.0-255,66,152379,77,407663
11323,0.001609,172.31.40.0-255,66,152445,77,407663
11324,0.001613,74.125.24.0-255,2184,154629,77,407663
11325,0.001615,172.31.40.0-255,66,154695,77,407663
11326,0.001929,74.125.24.0-255,1484,156179,77,407663
11327,0.001946,74.125.24.0-255,2902,159081,77,407663
11328,0.00195,172.31.40.0-255,66,159147,77,407663
11329,0.001963,74.125.24.0-255,2902,162049,77,407663
11330,0.001966,172.31.40.0-255,66,162115,77,407663
11331,0.001992,74.125.24.0-255,2902,165017,77,407663
11332,0.001995,172.31.40.0-255,66,165083,77,407663
11333,0.002014,74.125.24.0-255,5738,170821,77,407663
11334,0.002016,172.31.40.0-255,66,170887,77,407663
11335,0.002036,74.125.24.0-255,4320,175207,77,407663
11336,0.002038,172.31.40.0-255,66,175273,77,407663
11337,0.00206,74.125.24.0-255,2902,178175,77,407663
11338,0.002062,172.31.40.0-255,66,178241,77,407663
11339,0.002094,74.125.24.0-255,8574,186815,77,407663
11340,0.002097,172.31.40.0-255,66,186881,77,407663
11341,0.002101,74.125.24.0-255,2184,189065,77,407663
11342,0.002103,172.31.40.0-255,66,189131,77,407663
11343,0.002207,74.125.24.0-255,1484,190615,77,407663
11344,0.002221,74.125.24.0-255,2902,193517,77,407663
11345,0.002224,172.31.40.0-255,66,193583,77,407663
11346,0.002231,74.125.24.0-255,5738,199321,77,407663
11347,0.002233,172.31.40.0-255,66,199387,77,407663
11348,0.002239,74.125.24.0-255,4320,203707,77,407663
11349,0.002241,172.31.40.0-255,66,203773,77,407663
11350,0.002259,74.125.24.0-255,8574,212347,77,407663
11351,0.002262,172.31.40.0-255,66,212413,77,407663
11352,0.002268,74.125.24.0-255,5738,218151,77,407663
11353,0.00227,172.31.40.0-255,66,218217,77,407663
11354,0.002276,74.125.24.0-255,5020,223237,77,407663
11355,0.002278,172.31.40.0-255,66,223303,77,407663
11356,0.002389,74.125.24.0-255,1484,224787,77,407663
11357,0.002395,74.125.24.0-255,2902,227689,77,407663
11358,0.002398,172.31.40.0-255,66,227755,77,407663
11359,0.002423,74.125.24.0-255,5738,233493,77,407663
11360,0.002426,74.125.24.0-255,2902,236395,77,407663
11361,0.00243,172.31.40.0-255,66,236461,77,407663
11362,0.002433,172.31.40.0-255,66,236527,77,407663
11363,0.002458,74.125.24.0-255,5738,242265,77,407663
11364,0.002461,172.31.40.0-255,66,242331,77,407663
11365,0.002479,74.125.24.0-255,1484,243815,77,407663
11366,0.002507,74.125.24.0-255,13528,257343,77,407663
11367,0.002509,172.31.40.0-255,66,257409,77,407663
11368,0.002558,74.125.24.0-255,1484,258893,77,407663
11369,0.002597,74.125.24.0-255,2902,261795,77,407663
11370,0.0026,172.31.40.0-255,66,261861,77,407663
11371,0.002607,74.125.24.0-255,5738,267599,77,407663
11372,0.002609,172.31.40.0-255,66,267665,77,407663
11373,0.002623,74.125.24.0-255,2902,270567,77,407663
11374,0.002626,172.31.40.0-255,66,270633,77,407663
11375,0.005211,74.125.24.0-255,5738,276371,77,407663
11376,0.005231,172.31.40.0-255,66,276437,77,407663
11377,0.007796,74.125.24.0-255,5738,282175,77,407663
11378,0.007812,172.31.40.0-255,66,282241,77,407663
11379,0.010373,74.125.24.0-255,5738,287979,77,407663
11380,0.010393,172.31.40.0-255,66,288045,77,407663
11381,0.01299,74.125.24.0-255,5738,293783,77,407663
11382,0.012996,172.31.40.0-255,66,293849,77,407663
11383,0.015569,74.125.24.0-255,5738,299587,77,407663
11384,0.015576,172.31.40.0-255,66,299653,77,407663
11385,0.018139,74.125.24.0-255,5738,305391,77,407663
11386,0.018148,172.31.40.0-255,66,305457,77,407663
11387,0.020701,74.125.24.0-255,5738,311195,77,407663
11388,0.020709,172.31.40.0-255,66,311261,77,407663
11389,0.023268,74.125.24.0-255,5738,316999,77,407663
11390,0.023276,172.31.40.0-255,66,317065,77,407663
11391,0.025866,74.125.24.0-255,5738,322803,77,407663
11392,0.025873,172.31.40.0-255,66,322869,77,407663
11393,0.028447,74.125.24.0-255,5738,328607,77,407663
11394,0.028455,172.31.40.0-255,66,328673,77,407663
11395,0.031065,74.125.24.0-255,5738,334411,77,407663
11396,0.031074,172.31.40.0-255,66,334477,77,407663
11397,0.03366,74.125.24.0-255,5738,340215,77,407663
11398,0.033668,172.31.40.0-255,66,340281,77,407663
11399,0.033733,172.31.40.0-255,172,340453,77,407663
11400,0.033759,172.31.40.0-255,1115,341568,77,407663
11401,0.033823,172.31.40.0-255,1514,343082,77,407663
11402,0.033826,172.31.40.0-255,1514,344596,77,407663
11403,0.033827,172.31.40.0-255,1514,346110,77,407663
11404,0.033828,172.31.40.0-255,1514,347624,77,407663
11405,0.033829,172.31.40.0-255,1287,348911,77,407663
11406,0.036022,104.244.42.0-255,66,348977,77,407663
11407,0.036126,104.244.42.0-255,108,349085,77,407663
11408,0.036135,172.31.40.0-255,66,349151,77,407663
11409,0.036254,74.125.24.0-255,5738,354889,77,407663
11410,0.036259,172.31.40.0-255,66,354955,77,407663
11411,0.038823,74.125.24.0-255,5738,360693,77,407663
11412,0.038831,172.31.40.0-255,66,360759,77,407663
11413,0.041422,74.125.24.0-255,5738,366497,77,407663
11414,0.041432,172.31.40.0-255,66,366563,77,407663
11415,0.044007,74.125.24.0-255,5738,372301,77,407663
11416,0.044014,172.31.40.0-255,66,372367,77,407663
11417,0.04662,74.125.24.0-255,5738,378105,77,407663
11418,0.046629,172.31.40.0-255,66,378171,77,407663
11419,0.049208,74.125.24.0-255,5738,383909,77,407663
11420,0.049216,172.31.40.0-255,66,383975,77,407663
11421,0.051779,74.125.24.0-255,5738,389713,77,407663
11422,0.051786,172.31.40.0-255,66,389779,77,407663
11423,0.054375,74.125.24.0-255,5738,395517,77,407663
11424,0.054382,172.31.40.0-255,66,395583,77,407663
11425,0.056996,74.125.24.0-255,5738,401321,77,407663
11426,0.057003,172.31.40.0-255,66,401387,77,407663
11427,0.059632,74.125.24.0-255,5738,407125,77,407663
11428,0.05964,172.31.40.0-255,66,407191,77,407663
11429,0.062227,74.125.24.0-255,235,407426,77,407663
11430,0.062386,172.31.40.0-255,66,407492,77,407663
11431,0.062428,172.31.40.0-255,105,407597,77,407663
11432,0.064983,74.125.24.0-255,66,407663,77,407663
11433,0.0,172.217.194.0-255,153,153,77,399486
11434,2.3e-05,172.31.40.0-255,66,219,77,399486
11435,4.9e-05,172.217.194.0-255,1484,1703,77,399486
11436,5.4e-05,172.31.40.0-255,66,1769,77,399486
11437,6.1e-05,172.217.194.0-255,2902,4671,77,399486
11438,6.4e-05,172.31.40.0-255,66,4737,77,399486
11439,7.1e-05,172.217.194.0-255,5738,10475,77,399486
11440,7.4e-05,172.31.40.0-255,66,10541,77,399486
11441,9.8e-05,172.217.194.0-255,3481,14022,77,399486
11442,0.0001,172.31.40.0-255,66,14088,77,399486
11443,0.000104,172.217.194.0-255,1484,15572,77,399486
11444,0.000106,172.31.40.0-255,66,15638,77,399486
11445,0.000121,172.217.194.0-255,2902,18540,77,399486
11446,0.000124,172.31.40.0-255,66,18606,77,399486
11447,0.000133,172.217.194.0-255,9992,28598,77,399486
11448,0.000136,172.31.40.0-255,66,28664,77,399486
11449,0.000156,172.217.194.0-255,2543,31207,77,399486
11450,0.000159,172.31.40.0-255,66,31273,77,399486
11451,0.000242,172.217.194.0-255,1484,32757,77,399486
11452,0.000246,172.31.40.0-255,66,32823,77,399486
11453,0.000271,172.217.194.0-255,2902,35725,77,399486
11454,0.000274,172.31.40.0-255,66,35791,77,399486
11455,0.000281,172.217.194.0-255,5738,41529,77,399486
11456,0.000283,172.31.40.0-255,66,41595,77,399486
11457,0.000307,172.217.194.0-255,5738,47333,77,399486
11458,0.00031,172.31.40.0-255,66,47399,77,399486
11459,0.000331,172.217.194.0-255,6797,54196,77,399486
11460,0.000334,172.31.40.0-255,66,54262,77,399486
11461,0.000392,172.217.194.0-255,8574,62836,77,399486
11462,0.000397,172.31.40.0-255,66,62902,77,399486
11463,0.000415,172.217.194.0-255,2834,65736,77,399486
11464,0.000417,172.31.40.0-255,66,65802,77,399486
11465,0.00042,172.217.194.0-255,364,66166,77,399486
11466,0.000437,172.217.194.0-255,1484,67650,77,399486
11467,0.000439,172.31.40.0-255,66,67716,77,399486
11468,0.000444,172.217.194.0-255,2902,70618,77,399486
11469,0.000447,172.31.40.0-255,66,70684,77,399486
11470,0.000454,172.217.194.0-255,5738,76422,77,399486
11471,0.000457,172.31.40.0-255,66,76488,77,399486
11472,0.000485,172.217.194.0-255,8574,85062,77,399486
11473,0.000488,172.31.40.0-255,66,85128,77,399486
11474,0.000516,172.217.194.0-255,4320,89448,77,399486
11475,0.000518,172.31.40.0-255,66,89514,77,399486
11476,0.000529,172.217.194.0-255,10692,100206,77,399486
11477,0.000532,172.31.40.0-255,66,100272,77,399486
11478,0.000552,172.217.194.0-255,4320,104592,77,399486
11479,0.000555,172.31.40.0-255,66,104658,77,399486
11480,0.000559,172.217.194.0-255,2902,107560,77,399486
11481,0.000561,172.31.40.0-255,66,107626,77,399486
11482,0.000581,172.217.194.0-255,2902,110528,77,399486
11483,0.000584,172.217.194.0-255,1484,112012,77,399486
11484,0.000612,172.217.194.0-255,10502,122514,77,399486
11485,0.000619,172.217.194.0-255,7156,129670,77,399486
11486,0.000637,172.217.194.0-255,4320,133990,77,399486
11487,0.000657,172.217.194.0-255,12828,146818,77,399486
11488,0.000674,172.217.194.0-255,3602,150420,77,399486
11489,0.000716,172.217.194.0-255,1484,151904,77,399486
11490,0.000721,172.217.194.0-255,2902,154806,77,399486
11491,0.000735,172.217.194.0-255,2902,157708,77,399486
11492,0.000749,172.217.194.0-255,2902,160610,77,399486
11493,0.000764,172.217.194.0-255,5738,166348,77,399486
11494,0.000794,172.217.194.0-255,12828,179176,77,399486
11495,0.000798,172.217.194.0-255,1484,180660,77,399486
11496,0.000812,172.217.194.0-255,3602,184262,77,399486
11497,0.000884,172.217.194.0-255,1484,185746,77,399486
11498,0.000888,172.217.194.0-255,1484,187230,77,399486
11499,0.000899,172.217.194.0-255,1484,188714,77,399486
11500,0.000913,172.217.194.0-255,2902,191616,77,399486
11501,0.00093,172.217.194.0-255,2902,194518,77,399486
11502,0.000938,172.217.194.0-255,7156,201674,77,399486
11503,0.000953,172.217.194.0-255,5738,207412,77,399486
11504,0.00096,172.217.194.0-255,5738,213150,77,399486
11505,0.000979,172.217.194.0-255,5020,218170,77,399486
11506,0.001012,172.217.194.0-255,5738,223908,77,399486
11507,0.001028,172.217.194.0-255,2902,226810,77,399486
11508,0.001037,172.217.194.0-255,7156,233966,77,399486
11509,0.001056,172.217.194.0-255,2902,236868,77,399486
11510,0.001069,172.217.194.0-255,2902,239770,77,399486
11511,0.001091,172.217.194.0-255,8574,248344,77,399486
11512,0.001157,172.217.194.0-255,12110,260454,77,399486
11513,0.001169,172.217.194.0-255,12828,273282,77,399486
11514,0.001177,172.217.194.0-255,9992,283274,77,399486
11515,0.001208,172.217.194.0-255,2184,285458,77,399486
11516,0.001345,172.31.40.0-255,66,285524,77,399486
11517,0.001507,172.217.194.0-255,1484,287008,77,399486
11518,0.001514,172.217.194.0-255,2902,289910,77,399486
11519,0.001535,172.217.194.0-255,5738,295648,77,399486
11520,0.001557,172.217.194.0-255,2902,298550,77,399486
11521,0.001582,172.217.194.0-255,9992,308542,77,399486
11522,0.001616,172.217.194.0-255,7156,315698,77,399486
11523,0.001633,172.217.194.0-255,3602,319300,77,399486
11524,0.002143,172.31.40.0-255,66,319366,77,399486
11525,0.002202,172.217.194.0-255,1484,320850,77,399486
11526,0.002225,172.217.194.0-255,2902,323752,77,399486
11527,0.002231,172.217.194.0-255,5738,329490,77,399486
11528,0.002245,172.217.194.0-255,2902,332392,77,399486
11529,0.002255,172.31.40.0-255,66,332458,77,399486
11530,0.002265,172.217.194.0-255,9992,342450,77,399486
11531,0.002268,172.217.194.0-255,1484,343934,77,399486
11532,0.002273,172.31.40.0-255,66,344000,77,399486
11533,0.002287,172.217.194.0-255,9274,353274,77,399486
11534,0.00231,172.31.40.0-255,66,353340,77,399486
11535,0.002326,172.217.194.0-255,4320,357660,77,399486
11536,0.002338,172.31.40.0-255,66,357726,77,399486
11537,0.002372,172.217.194.0-255,4320,362046,77,399486
11538,0.002387,172.217.194.0-255,3602,365648,77,399486
11539,0.002395,172.31.40.0-255,66,365714,77,399486
11540,0.004768,172.217.194.0-255,5738,371452,77,399486
11541,0.004774,172.31.40.0-255,66,371518,77,399486
11542,0.007108,172.217.194.0-255,5738,377256,77,399486
11543,0.007115,172.31.40.0-255,66,377322,77,399486
11544,0.009458,172.217.194.0-255,5738,383060,77,399486
11545,0.009464,172.31.40.0-255,66,383126,77,399486
11546,0.011813,172.217.194.0-255,5738,388864,77,399486
11547,0.01182,172.31.40.0-255,66,388930,77,399486
11548,0.014164,172.217.194.0-255,1296,390226,77,399486
11549,0.016539,172.31.40.0-255,66,390292,77,399486
11550,0.016579,172.31.40.0-255,105,390397,77,399486
11551,0.018892,172.217.194.0-255,66,390463,77,399486
11552,0.039628,172.31.40.0-255,172,390635,77,399486
11553,0.039663,172.31.40.0-255,1118,391753,77,399486
11554,0.03973,172.31.40.0-255,1514,393267,77,399486
11555,0.039732,172.31.40.0-255,1514,394781,77,399486
11556,0.039738,172.31.40.0-255,1514,396295,77,399486
11557,0.039739,172.31.40.0-255,1514,397809,77,399486
11558,0.039763,172.31.40.0-255,1479,399288,77,399486
11559,0.041162,104.244.42.0-255,66,399354,77,399486
11560,0.04121,104.244.42.0-255,66,399420,77,399486
11561,0.041306,104.244.42.0-255,66,399486,77,399486
11562,0.0,74.125.68.0-255,145,145,77,425895
11563,1.9e-05,172.31.40.0-255,66,211,77,425895
11564,2.6e-05,74.125.68.0-255,1484,1695,77,425895
11565,2.9e-05,172.31.40.0-255,66,1761,77,425895
11566,6.1e-05,74.125.68.0-255,2902,4663,77,425895
11567,6.4e-05,172.31.40.0-255,66,4729,77,425895
11568,7e-05,74.125.68.0-255,4320,9049,77,425895
11569,7.2e-05,172.31.40.0-255,66,9115,77,425895
11570,9.4e-05,74.125.68.0-255,4320,13435,77,425895
11571,9.6e-05,172.31.40.0-255,66,13501,77,425895
11572,0.000123,74.125.68.0-255,646,14147,77,425895
11573,0.000125,172.31.40.0-255,66,14213,77,425895
11574,0.000132,74.125.68.0-255,5738,19951,77,425895
11575,0.000134,172.31.40.0-255,66,20017,77,425895
11576,0.000146,74.125.68.0-255,4320,24337,77,425895
11577,0.000148,172.31.40.0-255,66,24403,77,425895
11578,0.000176,74.125.68.0-255,6797,31200,77,425895
11579,0.000178,172.31.40.0-255,66,31266,77,425895
11580,0.000239,74.125.68.0-255,1484,32750,77,425895
11581,0.000242,172.31.40.0-255,66,32816,77,425895
11582,0.000253,74.125.68.0-255,2902,35718,77,425895
11583,0.000259,172.31.40.0-255,66,35784,77,425895
11584,0.00029,74.125.68.0-255,5738,41522,77,425895
11585,0.000293,172.31.40.0-255,66,41588,77,425895
11586,0.0003,74.125.68.0-255,6797,48385,77,425895
11587,0.000302,172.31.40.0-255,66,48451,77,425895
11588,0.000325,74.125.68.0-255,2902,51353,77,425895
11589,0.000327,172.31.40.0-255,66,51419,77,425895
11590,0.000353,74.125.68.0-255,4320,55739,77,425895
11591,0.000356,172.31.40.0-255,66,55805,77,425895
11592,0.000363,74.125.68.0-255,7156,62961,77,425895
11593,0.000364,172.31.40.0-255,66,63027,77,425895
11594,0.000398,74.125.68.0-255,2855,65882,77,425895
11595,0.000401,172.31.40.0-255,66,65948,77,425895
11596,0.000412,74.125.68.0-255,109,66057,77,425895
11597,0.000476,74.125.68.0-255,1484,67541,77,425895
11598,0.000479,172.31.40.0-255,66,67607,77,425895
11599,0.000499,74.125.68.0-255,2902,70509,77,425895
11600,0.000501,172.31.40.0-255,66,70575,77,425895
11601,0.000506,74.125.68.0-255,4320,74895,77,425895
11602,0.000509,172.31.40.0-255,66,74961,77,425895
11603,0.000532,74.125.68.0-255,7156,82117,77,425895
11604,0.000534,172.31.40.0-255,66,82183,77,425895
11605,0.000555,74.125.68.0-255,1484,83667,77,425895
11606,0.000561,74.125.68.0-255,7156,90823,77,425895
11607,0.000564,172.31.40.0-255,66,90889,77,425895
11608,0.000567,74.125.68.0-255,2902,93791,77,425895
11609,0.000569,172.31.40.0-255,66,93857,77,425895
11610,0.00059,74.125.68.0-255,5738,99595,77,425895
11611,0.000593,172.31.40.0-255,66,99661,77,425895
11612,0.000595,74.125.68.0-255,451,100112,77,425895
11613,0.00069,74.125.68.0-255,1484,101596,77,425895
11614,0.000694,172.31.40.0-255,66,101662,77,425895
11615,0.000722,74.125.68.0-255,2902,104564,77,425895
11616,0.000724,172.31.40.0-255,66,104630,77,425895
11617,0.000731,74.125.68.0-255,5738,110368,77,425895
11618,0.000733,172.31.40.0-255,66,110434,77,425895
11619,0.000783,74.125.68.0-255,11410,121844,77,425895
11620,0.000785,172.31.40.0-255,66,121910,77,425895
11621,0.000792,74.125.68.0-255,7156,129066,77,425895
11622,0.000794,172.31.40.0-255,66,129132,77,425895
11623,0.000816,74.125.68.0-255,5020,134152,77,425895
11624,0.000818,172.31.40.0-255,66,134218,77,425895
11625,0.001081,74.125.68.0-255,1484,135702,77,425895
11626,0.001098,74.125.68.0-255,2902,138604,77,425895
11627,0.001101,172.31.40.0-255,66,138670,77,425895
11628,0.001127,74.125.68.0-255,4320,142990,77,425895
11629,0.001129,172.31.40.0-255,66,143056,77,425895
11630,0.001134,74.125.68.0-255,4320,147376,77,425895
11631,0.001136,172.31.40.0-255,66,147442,77,425895
11632,0.001169,74.125.68.0-255,4320,151762,77,425895
11633,0.001171,172.31.40.0-255,66,151828,77,425895
11634,0.001178,74.125.68.0-255,7156,158984,77,425895
11635,0.00118,172.31.40.0-255,66,159050,77,425895
11636,0.001187,74.125.68.0-255,8574,167624,77,425895
11637,0.001189,74.125.68.0-255,766,168390,77,425895
11638,0.001193,172.31.40.0-255,66,168456,77,425895
11639,0.001261,74.125.68.0-255,1484,169940,77,425895
11640,0.001264,172.31.40.0-255,66,170006,77,425895
11641,0.001269,74.125.68.0-255,2902,172908,77,425895
11642,0.001271,172.31.40.0-255,66,172974,77,425895
11643,0.001287,74.125.68.0-255,1484,174458,77,425895
11644,0.001315,74.125.68.0-255,4320,178778,77,425895
11645,0.001318,172.31.40.0-255,66,178844,77,425895
11646,0.001322,74.125.68.0-255,4320,183164,77,425895
11647,0.001324,172.31.40.0-255,66,183230,77,425895
11648,0.001326,74.125.68.0-255,1484,184714,77,425895
11649,0.001349,74.125.68.0-255,4320,189034,77,425895
11650,0.001352,172.31.40.0-255,66,189100,77,425895
11651,0.001363,74.125.68.0-255,8574,197674,77,425895
11652,0.001365,172.31.40.0-255,66,197740,77,425895
11653,0.001407,74.125.68.0-255,9274,207014,77,425895
11654,0.00141,172.31.40.0-255,66,207080,77,425895
11655,0.001413,74.125.68.0-255,2902,209982,77,425895
11656,0.001415,172.31.40.0-255,66,210048,77,425895
11657,0.001449,74.125.68.0-255,4320,214368,77,425895
11658,0.001452,172.31.40.0-255,66,214434,77,425895
11659,0.001485,74.125.68.0-255,9992,224426,77,425895
11660,0.001489,172.31.40.0-255,66,224492,77,425895
11661,0.001496,74.125.68.0-255,8574,233066,77,425895
11662,0.001497,172.31.40.0-255,66,233132,77,425895
11663,0.00152,74.125.68.0-255,3602,236734,77,425895
11664,0.001522,172.31.40.0-255,66,236800,77,425895
11665,0.001561,74.125.68.0-255,1484,238284,77,425895
11666,0.001576,74.125.68.0-255,2902,241186,77,425895
11667,0.001579,172.31.40.0-255,66,241252,77,425895
11668,0.001607,74.125.68.0-255,5738,246990,77,425895
11669,0.00161,172.31.40.0-255,66,247056,77,425895
11670,0.001614,74.125.68.0-255,4320,251376,77,425895
11671,0.001616,172.31.40.0-255,66,251442,77,425895
11672,0.001641,74.125.68.0-255,4320,255762,77,425895
11673,0.001647,172.31.40.0-255,66,255828,77,425895
11674,0.001667,74.125.68.0-255,9992,265820,77,425895
11675,0.001669,172.31.40.0-255,66,265886,77,425895
11676,0.001674,74.125.68.0-255,5020,270906,77,425895
11677,0.001676,172.31.40.0-255,66,270972,77,425895
11678,0.00177,74.125.68.0-255,1484,272456,77,425895
11679,0.001783,74.125.68.0-255,2902,275358,77,425895
11680,0.001785,172.31.40.0-255,66,275424,77,425895
11681,0.001824,74.125.68.0-255,5738,281162,77,425895
11682,0.001827,172.31.40.0-255,66,281228,77,425895
11683,0.001831,74.125.68.0-255,4320,285548,77,425895
11684,0.001833,172.31.40.0-255,66,285614,77,425895
11685,0.001839,74.125.68.0-255,5738,291352,77,425895
11686,0.001841,172.31.40.0-255,66,291418,77,425895
11687,0.001877,74.125.68.0-255,11410,302828,77,425895
11688,0.00188,172.31.40.0-255,66,302894,77,425895
11689,0.001884,74.125.68.0-255,2184,305078,77,425895
11690,0.001885,172.31.40.0-255,66,305144,77,425895
11691,0.001936,74.125.68.0-255,1484,306628,77,425895
11692,0.00195,74.125.68.0-255,1484,308112,77,425895
11693,0.001953,172.31.40.0-255,66,308178,77,425895
11694,0.001978,74.125.68.0-255,1484,309662,77,425895
11695,0.001983,74.125.68.0-255,4320,313982,77,425895
11696,0.001985,172.31.40.0-255,66,314048,77,425895
11697,0.00199,74.125.68.0-255,5738,319786,77,425895
11698,0.001992,172.31.40.0-255,66,319852,77,425895
11699,0.002024,74.125.68.0-255,9992,329844,77,425895
11700,0.002027,172.31.40.0-255,66,329910,77,425895
11701,0.002048,74.125.68.0-255,1484,331394,77,425895
11702,0.002053,74.125.68.0-255,4320,335714,77,425895
11703,0.002055,172.31.40.0-255,66,335780,77,425895
11704,0.002088,74.125.68.0-255,7856,343636,77,425895
11705,0.002091,172.31.40.0-255,66,343702,77,425895
11706,0.002119,74.125.68.0-255,8574,352276,77,425895
11707,0.002122,172.31.40.0-255,66,352342,77,425895
11708,0.002155,74.125.68.0-255,9992,362334,77,425895
11709,0.002158,172.31.40.0-255,66,362400,77,425895
11710,0.002165,74.125.68.0-255,7156,369556,77,425895
11711,0.002166,172.31.40.0-255,66,369622,77,425895
11712,0.002191,74.125.68.0-255,3602,373224,77,425895
11713,0.002193,172.31.40.0-255,66,373290,77,425895
11714,0.002195,74.125.68.0-255,1484,374774,77,425895
11715,0.002216,74.125.68.0-255,2902,377676,77,425895
11716,0.002218,172.31.40.0-255,66,377742,77,425895
11717,0.002222,74.125.68.0-255,2902,380644,77,425895
11718,0.002223,172.31.40.0-255,66,380710,77,425895
11719,0.002261,74.125.68.0-255,2902,383612,77,425895
11720,0.002263,172.31.40.0-255,66,383678,77,425895
11721,0.002268,74.125.68.0-255,2902,386580,77,425895
11722,0.00227,172.31.40.0-255,66,386646,77,425895
11723,0.002275,74.125.68.0-255,4320,390966,77,425895
11724,0.002276,172.31.40.0-255,66,391032,77,425895
11725,0.002288,74.125.68.0-255,8574,399606,77,425895
11726,0.00229,172.31.40.0-255,66,399672,77,425895
11727,0.002295,74.125.68.0-255,5738,405410,77,425895
11728,0.002297,172.31.40.0-255,66,405476,77,425895
11729,0.002323,74.125.68.0-255,2184,407660,77,425895
11730,0.002325,172.31.40.0-255,66,407726,77,425895
11731,0.004604,74.125.68.0-255,2902,410628,77,425895
11732,0.004611,172.31.40.0-255,66,410694,77,425895
11733,0.004639,74.125.68.0-255,2902,413596,77,425895
11734,0.004642,172.31.40.0-255,66,413662,77,425895
11735,0.006913,74.125.68.0-255,2902,416564,77,425895
11736,0.006921,172.31.40.0-255,66,416630,77,425895
11737,0.00694,74.125.68.0-255,825,417455,77,425895
11738,0.008653,172.31.40.0-255,66,417521,77,425895
11739,0.008692,172.31.40.0-255,105,417626,77,425895
11740,0.010962,74.125.68.0-255,66,417692,77,425895
11741,0.040622,172.31.40.0-255,190,417882,77,425895
11742,0.040672,172.31.40.0-255,1118,419000,77,425895
11743,0.040739,172.31.40.0-255,1514,420514,77,425895
11744,0.04076,172.31.40.0-255,1514,422028,77,425895
11745,0.040763,172.31.40.0-255,1514,423542,77,425895
11746,0.040784,172.31.40.0-255,1514,425056,77,425895
11747,0.040786,172.31.40.0-255,401,425457,77,425895
11748,0.042172,104.244.42.0-255,66,425523,77,425895
11749,0.042192,104.244.42.0-255,66,425589,77,425895
11750,0.042294,104.244.42.0-255,66,425655,77,425895
11751,0.042301,104.244.42.0-255,66,425721,77,425895
11752,0.042908,104.244.42.0-255,108,425829,77,425895
11753,0.042919,172.31.40.0-255,66,425895,77,425895
11754,0.0,74.125.24.0-255,150,150,77,385959
11755,2.3e-05,172.31.40.0-255,66,216,77,385959
11756,3.1e-05,74.125.24.0-255,1484,1700,77,385959
11757,3.5e-05,172.31.40.0-255,66,1766,77,385959
11758,3.9e-05,74.125.24.0-255,2902,4668,77,385959
11759,4.2e-05,172.31.40.0-255,66,4734,77,385959
11760,5.3e-05,74.125.24.0-255,4320,9054,77,385959
11761,5.5e-05,172.31.40.0-255,66,9120,77,385959
11762,6.4e-05,74.125.24.0-255,9188,18308,77,385959
11763,6.7e-05,172.31.40.0-255,66,18374,77,385959
11764,7.4e-05,74.125.24.0-255,7156,25530,77,385959
11765,7.7e-05,172.31.40.0-255,66,25596,77,385959
11766,9.9e-05,74.125.24.0-255,5379,30975,77,385959
11767,0.000103,172.31.40.0-255,66,31041,77,385959
11768,0.000198,74.125.24.0-255,1484,32525,77,385959
11769,0.000201,172.31.40.0-255,66,32591,77,385959
11770,0.000206,74.125.24.0-255,2902,35493,77,385959
11771,0.000208,172.31.40.0-255,66,35559,77,385959
11772,0.00023,74.125.24.0-255,2902,38461,77,385959
11773,0.000232,172.31.40.0-255,66,38527,77,385959
11774,0.000237,74.125.24.0-255,4320,42847,77,385959
11775,0.000239,172.31.40.0-255,66,42913,77,385959
11776,0.000268,74.125.24.0-255,4320,47233,77,385959
11777,0.00027,172.31.40.0-255,66,47299,77,385959
11778,0.000301,74.125.24.0-255,5379,52678,77,385959
11779,0.000303,172.31.40.0-255,66,52744,77,385959
11780,0.000312,74.125.24.0-255,9992,62736,77,385959
11781,0.000314,172.31.40.0-255,66,62802,77,385959
11782,0.000322,74.125.24.0-255,2822,65624,77,385959
11783,0.000323,172.31.40.0-255,66,65690,77,385959
11784,0.000347,74.125.24.0-255,129,65819,77,385959
11785,0.000349,172.31.40.0-255,66,65885,77,385959
11786,0.000485,74.125.24.0-255,1484,67369,77,385959
11787,0.000491,74.125.24.0-255,2902,70271,77,385959
11788,0.000494,172.31.40.0-255,66,70337,77,385959
11789,0.000521,74.125.24.0-255,5738,76075,77,385959
11790,0.000524,172.31.40.0-255,66,76141,77,385959
11791,0.000528,74.125.24.0-255,2902,79043,77,385959
11792,0.00053,172.31.40.0-255,66,79109,77,385959
11793,0.000585,74.125.24.0-255,11051,90160,77,385959
11794,0.000588,172.31.40.0-255,66,90226,77,385959
11795,0.000595,74.125.24.0-255,8574,98800,77,385959
11796,0.000597,172.31.40.0-255,66,98866,77,385959
11797,0.000619,74.125.24.0-255,1381,100247,77,385959
11798,0.000892,74.125.24.0-255,1484,101731,77,385959
11799,0.000897,74.125.24.0-255,2902,104633,77,385959
11800,0.000901,172.31.40.0-255,66,104699,77,385959
11801,0.000904,172.31.40.0-255,66,104765,77,385959
11802,0.000924,74.125.24.0-255,5738,110503,77,385959
11803,0.000927,172.31.40.0-255,66,110569,77,385959
11804,0.000933,74.125.24.0-255,7156,117725,77,385959
11805,0.000935,172.31.40.0-255,66,117791,77,385959
11806,0.000978,172.31.40.0-255,66,117857,77,385959
11807,0.000982,74.125.24.0-255,2184,120041,77,385959
11808,0.000984,172.31.40.0-255,66,120107,77,385959
11809,0.001235,74.125.24.0-255,1484,121591,77,385959
11810,0.001239,74.125.24.0-255,1484,123075,77,385959
11811,0.001242,172.31.40.0-255,66,123141,77,385959
11812,0.001264,74.125.24.0-255,1484,124625,77,385959
11813,0.00127,74.125.24.0-255,5738,130363,77,385959
11814,0.001272,172.31.40.0-255,66,130429,77,385959
11815,0.001275,74.125.24.0-255,1484,131913,77,385959
11816,0.0013,74.125.24.0-255,4320,136233,77,385959
11817,0.001302,172.31.40.0-255,66,136299,77,385959
11818,0.001312,74.125.24.0-255,11410,147709,77,385959
11819,0.001314,172.31.40.0-255,66,147775,77,385959
11820,0.001338,74.125.24.0-255,1484,149259,77,385959
11821,0.001366,74.125.24.0-255,5020,154279,77,385959
11822,0.001369,172.31.40.0-255,66,154345,77,385959
11823,0.001432,74.125.24.0-255,4320,158665,77,385959
11824,0.001435,172.31.40.0-255,66,158731,77,385959
11825,0.001459,74.125.24.0-255,5738,164469,77,385959
11826,0.001462,172.31.40.0-255,66,164535,77,385959
11827,0.001469,74.125.24.0-255,8574,173109,77,385959
11828,0.001471,172.31.40.0-255,66,173175,77,385959
11829,0.001508,74.125.24.0-255,2902,176077,77,385959
11830,0.001511,172.31.40.0-255,66,176143,77,385959
11831,0.001519,74.125.24.0-255,9992,186135,77,385959
11832,0.001521,172.31.40.0-255,66,186201,77,385959
11833,0.001529,74.125.24.0-255,2184,188385,77,385959
11834,0.001531,172.31.40.0-255,66,188451,77,385959
11835,0.001559,74.125.24.0-255,2902,191353,77,385959
11836,0.001561,172.31.40.0-255,66,191419,77,385959
11837,0.001592,74.125.24.0-255,7156,198575,77,385959
11838,0.001595,172.31.40.0-255,66,198641,77,385959
11839,0.0016,74.125.24.0-255,4320,202961,77,385959
11840,0.001602,172.31.40.0-255,66,203027,77,385959
11841,0.001633,74.125.24.0-255,12828,215855,77,385959
11842,0.001635,172.31.40.0-255,66,215921,77,385959
11843,0.001641,74.125.24.0-255,6438,222359,77,385959
11844,0.001643,172.31.40.0-255,66,222425,77,385959
11845,0.001776,74.125.24.0-255,1484,223909,77,385959
11846,0.001781,74.125.24.0-255,2902,226811,77,385959
11847,0.001784,172.31.40.0-255,66,226877,77,385959
11848,0.001813,74.125.24.0-255,5738,232615,77,385959
11849,0.001817,172.31.40.0-255,66,232681,77,385959
11850,0.001826,74.125.24.0-255,5738,238419,77,385959
11851,0.001828,172.31.40.0-255,66,238485,77,385959
11852,0.001862,74.125.24.0-255,7156,245641,77,385959
11853,0.001865,172.31.40.0-255,66,245707,77,385959
11854,0.001873,74.125.24.0-255,9992,255699,77,385959
11855,0.001875,172.31.40.0-255,66,255765,77,385959
11856,0.001881,74.125.24.0-255,766,256531,77,385959
11857,0.001971,74.125.24.0-255,1484,258015,77,385959
11858,0.001975,172.31.40.0-255,66,258081,77,385959
11859,0.00198,74.125.24.0-255,2902,260983,77,385959
11860,0.001982,172.31.40.0-255,66,261049,77,385959
11861,0.002013,74.125.24.0-255,5738,266787,77,385959
11862,0.002015,172.31.40.0-255,66,266853,77,385959
11863,0.002025,74.125.24.0-255,12828,279681,77,385959
11864,0.002032,172.31.40.0-255,66,279747,77,385959
11865,0.002067,74.125.24.0-255,10692,290439,77,385959
11866,0.00207,172.31.40.0-255,66,290505,77,385959
11867,0.002136,74.125.24.0-255,1484,291989,77,385959
11868,0.002152,74.125.24.0-255,2902,294891,77,385959
11869,0.002155,172.31.40.0-255,66,294957,77,385959
11870,0.002162,74.125.24.0-255,5738,300695,77,385959
11871,0.002164,172.31.40.0-255,66,300761,77,385959
11872,0.002197,74.125.24.0-255,12828,313589,77,385959
11873,0.002199,172.31.40.0-255,66,313655,77,385959
11874,0.002208,74.125.24.0-255,9992,323647,77,385959
11875,0.00221,172.31.40.0-255,66,323713,77,385959
11876,0.002234,74.125.24.0-255,766,324479,77,385959
11877,0.002252,74.125.24.0-255,5738,330217,77,385959
11878,0.002254,172.31.40.0-255,66,330283,77,385959
11879,0.00226,74.125.24.0-255,4320,334603,77,385959
11880,0.002262,172.31.40.0-255,66,334669,77,385959
11881,0.002281,74.125.24.0-255,2902,337571,77,385959
11882,0.002286,172.31.40.0-255,66,337637,77,385959
11883,0.002294,74.125.24.0-255,8574,346211,77,385959
11884,0.002296,172.31.40.0-255,66,346277,77,385959
11885,0.002324,74.125.24.0-255,5738,352015,77,385959
11886,0.002331,172.31.40.0-255,66,352081,77,385959
11887,0.002336,74.125.24.0-255,6438,358519,77,385959
11888,0.002339,172.31.40.0-255,66,358585,77,385959
11889,0.002391,74.125.24.0-255,10692,369277,77,385959
11890,0.002394,172.31.40.0-255,66,369343,77,385959
11891,0.002402,172.31.40.0-255,66,369409,77,385959
11892,0.002418,74.125.24.0-255,4320,373729,77,385959
11893,0.00242,172.31.40.0-255,66,373795,77,385959
11894,0.002445,74.125.24.0-255,4850,378645,77,385959
11895,0.002448,172.31.40.0-255,66,378711,77,385959
11896,0.002454,74.125.24.0-255,105,378816,77,385959
11897,0.00421,172.31.40.0-255,66,378882,77,385959
11898,0.004247,172.31.40.0-255,105,378987,77,385959
11899,0.006694,74.125.24.0-255,66,379053,77,385959
11900,0.038545,172.31.40.0-255,172,379225,77,385959
11901,0.038578,172.31.40.0-255,1118,380343,77,385959
11902,0.038636,172.31.40.0-255,1514,381857,77,385959
11903,0.038638,172.31.40.0-255,1514,383371,77,385959
11904,0.038639,172.31.40.0-255,1514,384885,77,385959
11905,0.03864,172.31.40.0-255,636,385521,77,385959
11906,0.040084,104.244.42.0-255,66,385587,77,385959
11907,0.040122,104.244.42.0-255,66,385653,77,385959
11908,0.040185,104.244.42.0-255,66,385719,77,385959
11909,0.040206,104.244.42.0-255,66,385785,77,385959
11910,0.041592,104.244.42.0-255,108,385893,77,385959
11911,0.041601,172.31.40.0-255,66,385959,77,385959
11912,0.0,74.125.24.0-255,152,152,77,415767
11913,3.4e-05,172.31.40.0-255,66,218,77,415767
11914,4.2e-05,74.125.24.0-255,1484,1702,77,415767
11915,4.6e-05,172.31.40.0-255,66,1768,77,415767
11916,5.1e-05,74.125.24.0-255,2902,4670,77,415767
11917,5.3e-05,172.31.40.0-255,66,4736,77,415767
11918,5.7e-05,74.125.24.0-255,2902,7638,77,415767
11919,5.9e-05,172.31.40.0-255,66,7704,77,415767
11920,8.6e-05,74.125.24.0-255,5738,13442,77,415767
11921,9e-05,172.31.40.0-255,66,13508,77,415767
11922,0.000113,74.125.24.0-255,4910,18418,77,415767
11923,0.000115,172.31.40.0-255,66,18484,77,415767
11924,0.00012,74.125.24.0-255,4320,22804,77,415767
11925,0.000122,172.31.40.0-255,66,22870,77,415767
11926,0.000125,74.125.24.0-255,1484,24354,77,415767
11927,0.000126,172.31.40.0-255,66,24420,77,415767
11928,0.00016,74.125.24.0-255,12828,37248,77,415767
11929,0.000163,172.31.40.0-255,66,37314,77,415767
11930,0.000183,74.125.24.0-255,2902,40216,77,415767
11931,0.000185,172.31.40.0-255,66,40282,77,415767
11932,0.000189,74.125.24.0-255,2902,43184,77,415767
11933,0.000191,172.31.40.0-255,66,43250,77,415767
11934,0.000208,74.125.24.0-255,5020,48270,77,415767
11935,0.00021,172.31.40.0-255,66,48336,77,415767
11936,0.000322,74.125.24.0-255,1484,49820,77,415767
11937,0.000326,74.125.24.0-255,2902,52722,77,415767
11938,0.000327,172.31.40.0-255,66,52788,77,415767
11939,0.000331,172.31.40.0-255,66,52854,77,415767
11940,0.000353,74.125.24.0-255,5738,58592,77,415767
11941,0.000356,172.31.40.0-255,66,58658,77,415767
11942,0.000364,74.125.24.0-255,7066,65724,77,415767
11943,0.000366,172.31.40.0-255,66,65790,77,415767
11944,0.0005,74.125.24.0-255,131,65921,77,415767
11945,0.000524,74.125.24.0-255,1484,67405,77,415767
11946,0.000527,172.31.40.0-255,66,67471,77,415767
11947,0.000549,74.125.24.0-255,2902,70373,77,415767
11948,0.000552,172.31.40.0-255,66,70439,77,415767
11949,0.000557,74.125.24.0-255,2902,73341,77,415767
11950,0.000558,172.31.40.0-255,66,73407,77,415767
11951,0.000573,74.125.24.0-255,4320,77727,77,415767
11952,0.000576,172.31.40.0-255,66,77793,77,415767
11953,0.00058,74.125.24.0-255,2902,80695,77,415767
11954,0.000583,172.31.40.0-255,66,80761,77,415767
11955,0.000605,74.125.24.0-255,2249,83010,77,415767
11956,0.000607,172.31.40.0-255,66,83076,77,415767
11957,0.001279,74.125.24.0-255,1484,84560,77,415767
11958,0.001289,74.125.24.0-255,1484,86044,77,415767
11959,0.001293,172.31.40.0-255,66,86110,77,415767
11960,0.001315,74.125.24.0-255,1484,87594,77,415767
11961,0.001322,74.125.24.0-255,5738,93332,77,415767
11962,0.001325,172.31.40.0-255,66,93398,77,415767
11963,0.001328,74.125.24.0-255,1484,94882,77,415767
11964,0.001335,74.125.24.0-255,7156,102038,77,415767
11965,0.001337,172.31.40.0-255,66,102104,77,415767
11966,0.001351,74.125.24.0-255,1484,103588,77,415767
11967,0.001355,74.125.24.0-255,2902,106490,77,415767
11968,0.001357,172.31.40.0-255,66,106556,77,415767
11969,0.001377,74.125.24.0-255,2902,109458,77,415767
11970,0.001379,172.31.40.0-255,66,109524,77,415767
11971,0.001407,74.125.24.0-255,7856,117380,77,415767
11972,0.00141,172.31.40.0-255,66,117446,77,415767
11973,0.002073,74.125.24.0-255,1484,118930,77,415767
11974,0.002121,74.125.24.0-255,1484,120414,77,415767
11975,0.002126,172.31.40.0-255,66,120480,77,415767
11976,0.002131,74.125.24.0-255,2902,123382,77,415767
11977,0.002133,172.31.40.0-255,66,123448,77,415767
11978,0.002139,74.125.24.0-255,5738,129186,77,415767
11979,0.00214,172.31.40.0-255,66,129252,77,415767
11980,0.00219,74.125.24.0-255,12828,142080,77,415767
11981,0.002192,172.31.40.0-255,66,142146,77,415767
11982,0.002209,74.125.24.0-255,4320,146466,77,415767
11983,0.002211,172.31.40.0-255,66,146532,77,415767
11984,0.002227,74.125.24.0-255,8574,155106,77,415767
11985,0.002229,172.31.40.0-255,66,155172,77,415767
11986,0.002244,74.125.24.0-255,5738,160910,77,415767
11987,0.002246,172.31.40.0-255,66,160976,77,415767
11988,0.002257,74.125.24.0-255,2184,163160,77,415767
11989,0.002259,172.31.40.0-255,66,163226,77,415767
11990,0.002297,74.125.24.0-255,1484,164710,77,415767
11991,0.00232,74.125.24.0-255,9992,174702,77,415767
11992,0.002323,172.31.40.0-255,66,174768,77,415767
11993,0.002348,74.125.24.0-255,9992,184760,77,415767
11994,0.002351,172.31.40.0-255,66,184826,77,415767
11995,0.002354,74.125.24.0-255,766,185592,77,415767
11996,0.002752,172.31.40.0-255,66,185658,77,415767
11997,0.004735,74.125.24.0-255,1484,187142,77,415767
11998,0.004752,74.125.24.0-255,2902,190044,77,415767
11999,0.004756,172.31.40.0-255,66,190110,77,415767
12000,0.005157,74.125.24.0-255,1484,191594,77,415767
12001,0.007117,74.125.24.0-255,4320,195914,77,415767
12002,0.007124,172.31.40.0-255,66,195980,77,415767
12003,0.009577,74.125.24.0-255,5738,201718,77,415767
12004,0.009586,172.31.40.0-255,66,201784,77,415767
12005,0.011986,74.125.24.0-255,4320,206104,77,415767
12006,0.011993,172.31.40.0-255,66,206170,77,415767
12007,0.01201,74.125.24.0-255,1484,207654,77,415767
12008,0.014377,74.125.24.0-255,4320,211974,77,415767
12009,0.014383,172.31.40.0-255,66,212040,77,415767
12010,0.016763,74.125.24.0-255,5738,217778,77,415767
12011,0.016771,172.31.40.0-255,66,217844,77,415767
12012,0.019184,74.125.24.0-255,5738,223582,77,415767
12013,0.019193,172.31.40.0-255,66,223648,77,415767
12014,0.021622,74.125.24.0-255,5738,229386,77,415767
12015,0.02163,172.31.40.0-255,66,229452,77,415767
12016,0.024007,74.125.24.0-255,2902,232354,77,415767
12017,0.024011,172.31.40.0-255,66,232420,77,415767
12018,0.024031,74.125.24.0-255,2902,235322,77,415767
12019,0.024034,172.31.40.0-255,66,235388,77,415767
12020,0.026378,74.125.24.0-255,2902,238290,77,415767
12021,0.026385,172.31.40.0-255,66,238356,77,415767
12022,0.026449,74.125.24.0-255,2902,241258,77,415767
12023,0.026455,172.31.40.0-255,66,241324,77,415767
12024,0.02875,74.125.24.0-255,2902,244226,77,415767
12025,0.028758,172.31.40.0-255,66,244292,77,415767
12026,0.028806,74.125.24.0-255,2902,247194,77,415767
12027,0.02881,172.31.40.0-255,66,247260,77,415767
12028,0.031149,74.125.24.0-255,2902,250162,77,415767
12029,0.031157,172.31.40.0-255,66,250228,77,415767
12030,0.031219,74.125.24.0-255,2902,253130,77,415767
12031,0.031224,172.31.40.0-255,66,253196,77,415767
12032,0.033388,172.31.40.0-255,172,253368,77,415767
12033,0.033418,172.31.40.0-255,1120,254488,77,415767
12034,0.033451,172.31.40.0-255,1514,256002,77,415767
12035,0.033453,172.31.40.0-255,1275,257277,77,415767
12036,0.033544,74.125.24.0-255,1484,258761,77,415767
12037,0.033571,74.125.24.0-255,1484,260245,77,415767
12038,0.033575,172.31.40.0-255,66,260311,77,415767
12039,0.033606,74.125.24.0-255,2902,263213,77,415767
12040,0.033609,172.31.40.0-255,66,263279,77,415767
12041,0.035103,104.244.42.0-255,66,263345,77,415767
12042,0.035111,104.244.42.0-255,66,263411,77,415767
12043,0.035145,104.244.42.0-255,66,263477,77,415767
12044,0.035956,74.125.24.0-255,2902,266379,77,415767
12045,0.035963,172.31.40.0-255,66,266445,77,415767
12046,0.035991,74.125.24.0-255,2902,269347,77,415767
12047,0.035994,172.31.40.0-255,66,269413,77,415767
12048,0.038332,74.125.24.0-255,2902,272315,77,415767
12049,0.038338,172.31.40.0-255,66,272381,77,415767
12050,0.038365,74.125.24.0-255,2902,275283,77,415767
12051,0.038368,172.31.40.0-255,66,275349,77,415767
12052,0.04072,74.125.24.0-255,1484,276833,77,415767
12053,0.040735,74.125.24.0-255,1484,278317,77,415767
12054,0.040738,172.31.40.0-255,66,278383,77,415767
12055,0.040779,74.125.24.0-255,2902,281285,77,415767
12056,0.040782,172.31.40.0-255,66,281351,77,415767
12057,0.043166,74.125.24.0-255,5738,287089,77,415767
12058,0.043172,172.31.40.0-255,66,287155,77,415767
12059,0.045598,74.125.24.0-255,5738,292893,77,415767
12060,0.045604,172.31.40.0-255,66,292959,77,415767
12061,0.047996,74.125.24.0-255,5738,298697,77,415767
12062,0.048,172.31.40.0-255,66,298763,77,415767
12063,0.05041,74.125.24.0-255,1484,300247,77,415767
12064,0.050438,74.125.24.0-255,4320,304567,77,415767
12065,0.050442,172.31.40.0-255,66,304633,77,415767
12066,0.052826,74.125.24.0-255,5738,310371,77,415767
12067,0.052832,172.31.40.0-255,66,310437,77,415767
12068,0.055227,74.125.24.0-255,4320,314757,77,415767
12069,0.055232,172.31.40.0-255,66,314823,77,415767
12070,0.055254,74.125.24.0-255,1484,316307,77,415767
12071,0.057631,74.125.24.0-255,4320,320627,77,415767
12072,0.057636,172.31.40.0-255,66,320693,77,415767
12073,0.060016,74.125.24.0-255,5738,326431,77,415767
12074,0.060021,172.31.40.0-255,66,326497,77,415767
12075,0.062436,74.125.24.0-255,1484,327981,77,415767
12076,0.062454,74.125.24.0-255,4320,332301,77,415767
12077,0.062457,172.31.40.0-255,66,332367,77,415767
12078,0.064842,74.125.24.0-255,5738,338105,77,415767
12079,0.064848,172.31.40.0-255,66,338171,77,415767
12080,0.067274,74.125.24.0-255,4320,342491,77,415767
12081,0.067279,172.31.40.0-255,66,342557,77,415767
12082,0.067296,74.125.24.0-255,1484,344041,77,415767
12083,0.069649,74.125.24.0-255,4320,348361,77,415767
12084,0.069654,172.31.40.0-255,66,348427,77,415767
12085,0.072119,74.125.24.0-255,2902,351329,77,415767
12086,0.072123,172.31.40.0-255,66,351395,77,415767
12087,0.07215,74.125.24.0-255,2902,354297,77,415767
12088,0.072153,172.31.40.0-255,66,354363,77,415767
12089,0.07451,74.125.24.0-255,2902,357265,77,415767
12090,0.074514,172.31.40.0-255,66,357331,77,415767
12091,0.074543,74.125.24.0-255,2902,360233,77,415767
12092,0.074546,172.31.40.0-255,66,360299,77,415767
12093,0.076896,74.125.24.0-255,1484,361783,77,415767
12094,0.07692,74.125.24.0-255,4320,366103,77,415767
12095,0.076923,172.31.40.0-255,66,366169,77,415767
12096,0.079324,74.125.24.0-255,4320,370489,77,415767
12097,0.079329,172.31.40.0-255,66,370555,77,415767
12098,0.079359,74.125.24.0-255,1484,372039,77,415767
12099,0.081722,74.125.24.0-255,4320,376359,77,415767
12100,0.081727,172.31.40.0-255,66,376425,77,415767
12101,0.084124,74.125.24.0-255,5738,382163,77,415767
12102,0.08413,172.31.40.0-255,66,382229,77,415767
12103,0.086526,74.125.24.0-255,5738,387967,77,415767
12104,0.086532,172.31.40.0-255,66,388033,77,415767
12105,0.088927,74.125.24.0-255,5738,393771,77,415767
12106,0.088932,172.31.40.0-255,66,393837,77,415767
12107,0.091312,74.125.24.0-255,5738,399575,77,415767
12108,0.091317,172.31.40.0-255,66,399641,77,415767
12109,0.093708,74.125.24.0-255,4320,403961,77,415767
12110,0.093713,172.31.40.0-255,66,404027,77,415767
12111,0.093741,74.125.24.0-255,1484,405511,77,415767
12112,0.096104,74.125.24.0-255,4320,409831,77,415767
12113,0.09611,172.31.40.0-255,66,409897,77,415767
12114,0.098507,74.125.24.0-255,4320,414217,77,415767
12115,0.098512,172.31.40.0-255,66,414283,77,415767
12116,0.098536,74.125.24.0-255,1484,415767,77,415767
12117,0.0,74.125.24.0-255,153,153,77,361148
12118,1.3e-05,172.31.40.0-255,66,219,77,361148
12119,2e-05,74.125.24.0-255,1484,1703,77,361148
12120,2.4e-05,172.31.40.0-255,66,1769,77,361148
12121,2.9e-05,74.125.24.0-255,2902,4671,77,361148
12122,3.3e-05,172.31.40.0-255,66,4737,77,361148
12123,3.8e-05,74.125.24.0-255,4320,9057,77,361148
12124,4.2e-05,172.31.40.0-255,66,9123,77,361148
12125,9.1e-05,74.125.24.0-255,6317,15440,77,361148
12126,9.5e-05,172.31.40.0-255,66,15506,77,361148
12127,9.9e-05,74.125.24.0-255,2902,18408,77,361148
12128,0.000101,172.31.40.0-255,66,18474,77,361148
12129,0.000119,74.125.24.0-255,4320,22794,77,361148
12130,0.000122,172.31.40.0-255,66,22860,77,361148
12131,0.000163,74.125.24.0-255,8215,31075,77,361148
12132,0.000166,172.31.40.0-255,66,31141,77,361148
12133,0.000221,74.125.24.0-255,1484,32625,77,361148
12134,0.000224,172.31.40.0-255,66,32691,77,361148
12135,0.000242,74.125.24.0-255,2902,35593,77,361148
12136,0.000245,172.31.40.0-255,66,35659,77,361148
12137,0.000248,74.125.24.0-255,1484,37143,77,361148
12138,0.00025,172.31.40.0-255,66,37209,77,361148
12139,0.000271,74.125.24.0-255,4320,41529,77,361148
12140,0.000274,172.31.40.0-255,66,41595,77,361148
12141,0.000318,74.125.24.0-255,13887,55482,77,361148
12142,0.000321,172.31.40.0-255,66,55548,77,361148
12143,0.000329,74.125.24.0-255,8574,64122,77,361148
12144,0.000332,172.31.40.0-255,66,64188,77,361148
12145,0.00035,74.125.24.0-255,1481,65669,77,361148
12146,0.000353,172.31.40.0-255,66,65735,77,361148
12147,0.000406,74.125.24.0-255,331,66066,77,361148
12148,0.000408,172.31.40.0-255,66,66132,77,361148
12149,0.000745,74.125.24.0-255,1484,67616,77,361148
12150,0.000752,74.125.24.0-255,2902,70518,77,361148
12151,0.000756,172.31.40.0-255,66,70584,77,361148
12152,0.000763,74.125.24.0-255,5738,76322,77,361148
12153,0.000765,172.31.40.0-255,66,76388,77,361148
12154,0.00077,74.125.24.0-255,4320,80708,77,361148
12155,0.000772,172.31.40.0-255,66,80774,77,361148
12156,0.000789,74.125.24.0-255,2902,83676,77,361148
12157,0.000791,172.31.40.0-255,66,83742,77,361148
12158,0.000796,74.125.24.0-255,2902,86644,77,361148
12159,0.000798,172.31.40.0-255,66,86710,77,361148
12160,0.000829,74.125.24.0-255,11410,98120,77,361148
12161,0.000832,172.31.40.0-255,66,98186,77,361148
12162,0.000836,74.125.24.0-255,2184,100370,77,361148
12163,0.000838,172.31.40.0-255,66,100436,77,361148
12164,0.000974,74.125.24.0-255,1484,101920,77,361148
12165,0.00098,74.125.24.0-255,2902,104822,77,361148
12166,0.000983,172.31.40.0-255,66,104888,77,361148
12167,0.001011,74.125.24.0-255,5738,110626,77,361148
12168,0.001014,172.31.40.0-255,66,110692,77,361148
12169,0.001019,74.125.24.0-255,4320,115012,77,361148
12170,0.001021,172.31.40.0-255,66,115078,77,361148
12171,0.00104,74.125.24.0-255,8574,123652,77,361148
12172,0.001043,172.31.40.0-255,66,123718,77,361148
12173,0.001081,74.125.24.0-255,10692,134410,77,361148
12174,0.001085,172.31.40.0-255,66,134476,77,361148
12175,0.001122,74.125.24.0-255,2902,137378,77,361148
12176,0.001125,172.31.40.0-255,66,137444,77,361148
12177,0.001147,74.125.24.0-255,2902,140346,77,361148
12178,0.001154,74.125.24.0-255,7156,147502,77,361148
12179,0.001168,74.125.24.0-255,1484,148986,77,361148
12180,0.001172,172.31.40.0-255,66,149052,77,361148
12181,0.001175,172.31.40.0-255,66,149118,77,361148
12182,0.001178,172.31.40.0-255,66,149184,77,361148
12183,0.001194,74.125.24.0-255,5020,154204,77,361148
12184,0.001197,172.31.40.0-255,66,154270,77,361148
12185,0.001287,74.125.24.0-255,1484,155754,77,361148
12186,0.001293,74.125.24.0-255,2902,158656,77,361148
12187,0.001296,172.31.40.0-255,66,158722,77,361148
12188,0.001325,74.125.24.0-255,5738,164460,77,361148
12189,0.001328,172.31.40.0-255,66,164526,77,361148
12190,0.001335,74.125.24.0-255,5738,170264,77,361148
12191,0.001337,172.31.40.0-255,66,170330,77,361148
12192,0.001342,74.125.24.0-255,4320,174650,77,361148
12193,0.001345,172.31.40.0-255,66,174716,77,361148
12194,0.001362,74.125.24.0-255,8574,183290,77,361148
12195,0.001365,172.31.40.0-255,66,183356,77,361148
12196,0.001369,74.125.24.0-255,2902,186258,77,361148
12197,0.001373,172.31.40.0-255,66,186324,77,361148
12198,0.001395,74.125.24.0-255,2184,188508,77,361148
12199,0.001398,172.31.40.0-255,66,188574,77,361148
12200,0.001431,74.125.24.0-255,1484,190058,77,361148
12201,0.001446,74.125.24.0-255,2902,192960,77,361148
12202,0.001449,172.31.40.0-255,66,193026,77,361148
12203,0.001453,74.125.24.0-255,1484,194510,77,361148
12204,0.001472,74.125.24.0-255,4320,198830,77,361148
12205,0.001475,172.31.40.0-255,66,198896,77,361148
12206,0.00148,74.125.24.0-255,4320,203216,77,361148
12207,0.001482,172.31.40.0-255,66,203282,77,361148
12208,0.001517,74.125.24.0-255,11410,214692,77,361148
12209,0.00152,172.31.40.0-255,66,214758,77,361148
12210,0.001529,74.125.24.0-255,7856,222614,77,361148
12211,0.001531,172.31.40.0-255,66,222680,77,361148
12212,0.0016,74.125.24.0-255,1484,224164,77,361148
12213,0.001606,74.125.24.0-255,2902,227066,77,361148
12214,0.001609,172.31.40.0-255,66,227132,77,361148
12215,0.001624,74.125.24.0-255,2902,230034,77,361148
12216,0.001627,172.31.40.0-255,66,230100,77,361148
12217,0.00164,74.125.24.0-255,2902,233002,77,361148
12218,0.001643,172.31.40.0-255,66,233068,77,361148
12219,0.001656,74.125.24.0-255,8574,241642,77,361148
12220,0.001659,172.31.40.0-255,66,241708,77,361148
12221,0.001693,74.125.24.0-255,4320,246028,77,361148
12222,0.001703,74.125.24.0-255,10692,256720,77,361148
12223,0.001707,172.31.40.0-255,66,256786,77,361148
12224,0.00171,172.31.40.0-255,66,256852,77,361148
12225,0.001789,74.125.24.0-255,1484,258336,77,361148
12226,0.001803,74.125.24.0-255,2902,261238,77,361148
12227,0.001808,172.31.40.0-255,66,261304,77,361148
12228,0.001823,74.125.24.0-255,5738,267042,77,361148
12229,0.001825,172.31.40.0-255,66,267108,77,361148
12230,0.001846,74.125.24.0-255,2902,270010,77,361148
12231,0.001849,172.31.40.0-255,66,270076,77,361148
12232,0.001877,74.125.24.0-255,7156,277232,77,361148
12233,0.001881,172.31.40.0-255,66,277298,77,361148
12234,0.001892,74.125.24.0-255,12828,290126,77,361148
12235,0.001895,172.31.40.0-255,66,290192,77,361148
12236,0.001912,74.125.24.0-255,766,290958,77,361148
12237,0.002023,74.125.24.0-255,1484,292442,77,361148
12238,0.002027,172.31.40.0-255,66,292508,77,361148
12239,0.002045,74.125.24.0-255,2902,295410,77,361148
12240,0.002048,172.31.40.0-255,66,295476,77,361148
12241,0.002051,74.125.24.0-255,1484,296960,77,361148
12242,0.002066,74.125.24.0-255,2902,299862,77,361148
12243,0.002072,74.125.24.0-255,7156,307018,77,361148
12244,0.002076,172.31.40.0-255,66,307084,77,361148
12245,0.002079,172.31.40.0-255,66,307150,77,361148
12246,0.002102,74.125.24.0-255,1484,308634,77,361148
12247,0.002113,74.125.24.0-255,12828,321462,77,361148
12248,0.002115,172.31.40.0-255,66,321528,77,361148
12249,0.002155,172.31.40.0-255,66,321594,77,361148
12250,0.002175,74.125.24.0-255,7856,329450,77,361148
12251,0.002178,172.31.40.0-255,66,329516,77,361148
12252,0.002189,74.125.24.0-255,13528,343044,77,361148
12253,0.002191,172.31.40.0-255,66,343110,77,361148
12254,0.002241,172.31.40.0-255,66,343176,77,361148
12255,0.002261,74.125.24.0-255,5738,348914,77,361148
12256,0.002272,172.31.40.0-255,66,348980,77,361148
12257,0.002295,74.125.24.0-255,10386,359366,77,361148
12258,0.002311,74.125.24.0-255,105,359471,77,361148
12259,0.002315,172.31.40.0-255,66,359537,77,361148
12260,0.010758,172.31.40.0-255,66,359603,77,361148
12261,0.010801,172.31.40.0-255,105,359708,77,361148
12262,0.013349,74.125.24.0-255,66,359774,77,361148
12263,0.038675,172.31.40.0-255,176,359950,77,361148
12264,0.038713,172.31.40.0-255,1066,361016,77,361148
12265,0.040203,104.244.42.0-255,66,361082,77,361148
12266,0.040249,104.244.42.0-255,66,361148,77,361148
12267,0.0,172.31.40.0-255,105,105,77,459
12268,0.000253,172.31.40.0-255,90,195,77,459
12269,0.000263,172.31.40.0-255,66,261,77,459
12270,0.002608,172.217.194.0-255,66,327,77,459
12271,0.002639,172.217.194.0-255,66,393,77,459
12272,0.002661,172.31.40.0-255,66,459,77,459
12273,0.0,74.125.68.0-255,297,297,77,415698
12274,2.3e-05,172.31.40.0-255,66,363,77,415698
12275,3e-05,74.125.68.0-255,1484,1847,77,415698
12276,3.5e-05,172.31.40.0-255,66,1913,77,415698
12277,4.1e-05,74.125.68.0-255,2902,4815,77,415698
12278,5.1e-05,172.31.40.0-255,66,4881,77,415698
12279,5.7e-05,74.125.68.0-255,4320,9201,77,415698
12280,6e-05,172.31.40.0-255,66,9267,77,415698
12281,0.000106,74.125.68.0-255,4320,13587,77,415698
12282,0.000109,172.31.40.0-255,66,13653,77,415698
12283,0.000134,74.125.68.0-255,424,14077,77,415698
12284,0.000137,172.31.40.0-255,66,14143,77,415698
12285,0.000161,74.125.68.0-255,1484,15627,77,415698
12286,0.000163,172.31.40.0-255,66,15693,77,415698
12287,0.000196,74.125.68.0-255,4320,20013,77,415698
12288,0.0002,172.31.40.0-255,66,20079,77,415698
12289,0.00021,74.125.68.0-255,11051,31130,77,415698
12290,0.000217,172.31.40.0-255,66,31196,77,415698
12291,0.000526,74.125.68.0-255,1484,32680,77,415698
12292,0.00053,172.31.40.0-255,66,32746,77,415698
12293,0.000561,74.125.68.0-255,2902,35648,77,415698
12294,0.000565,172.31.40.0-255,66,35714,77,415698
12295,0.000573,74.125.68.0-255,5738,41452,77,415698
12296,0.000575,172.31.40.0-255,66,41518,77,415698
12297,0.000587,74.125.68.0-255,6797,48315,77,415698
12298,0.00059,172.31.40.0-255,66,48381,77,415698
12299,0.000619,74.125.68.0-255,5738,54119,77,415698
12300,0.000621,172.31.40.0-255,66,54185,77,415698
12301,0.000628,74.125.68.0-255,5738,59923,77,415698
12302,0.000631,172.31.40.0-255,66,59989,77,415698
12303,0.000661,74.125.68.0-255,1484,61473,77,415698
12304,0.000664,172.31.40.0-255,66,61539,77,415698
12305,0.000671,74.125.68.0-255,4272,65811,77,415698
12306,0.000674,172.31.40.0-255,66,65877,77,415698
12307,0.000681,74.125.68.0-255,111,65988,77,415698
12308,0.00077,74.125.68.0-255,331,66319,77,415698
12309,0.000856,74.125.68.0-255,1484,67803,77,415698
12310,0.00086,172.31.40.0-255,66,67869,77,415698
12311,0.000867,74.125.68.0-255,2902,70771,77,415698
12312,0.000869,172.31.40.0-255,66,70837,77,415698
12313,0.000896,74.125.68.0-255,5738,76575,77,415698
12314,0.000899,172.31.40.0-255,66,76641,77,415698
12315,0.000903,74.125.68.0-255,2902,79543,77,415698
12316,0.000905,172.31.40.0-255,66,79609,77,415698
12317,0.000929,74.125.68.0-255,2902,82511,77,415698
12318,0.000931,172.31.40.0-255,66,82577,77,415698
12319,0.000939,74.125.68.0-255,7156,89733,77,415698
12320,0.000945,172.31.40.0-255,66,89799,77,415698
12321,0.000998,74.125.68.0-255,10142,99941,77,415698
12322,0.001002,172.31.40.0-255,66,100007,77,415698
12323,0.001042,74.125.68.0-255,1484,101491,77,415698
12324,0.001075,74.125.68.0-255,2902,104393,77,415698
12325,0.001078,172.31.40.0-255,66,104459,77,415698
12326,0.001109,74.125.68.0-255,5738,110197,77,415698
12327,0.001112,172.31.40.0-255,66,110263,77,415698
12328,0.001117,74.125.68.0-255,2902,113165,77,415698
12329,0.001119,172.31.40.0-255,66,113231,77,415698
12330,0.001124,74.125.68.0-255,4320,117551,77,415698
12331,0.001131,172.31.40.0-255,66,117617,77,415698
12332,0.00117,74.125.68.0-255,8574,126191,77,415698
12333,0.001173,172.31.40.0-255,66,126257,77,415698
12334,0.00118,74.125.68.0-255,7156,133413,77,415698
12335,0.001183,172.31.40.0-255,66,133479,77,415698
12336,0.001209,74.125.68.0-255,766,134245,77,415698
12337,0.001315,74.125.68.0-255,1484,135729,77,415698
12338,0.001319,172.31.40.0-255,66,135795,77,415698
12339,0.001324,74.125.68.0-255,1484,137279,77,415698
12340,0.001335,74.125.68.0-255,1484,138763,77,415698
12341,0.001342,172.31.40.0-255,66,138829,77,415698
12342,0.001364,74.125.68.0-255,5738,144567,77,415698
12343,0.001367,172.31.40.0-255,66,144633,77,415698
12344,0.001422,74.125.68.0-255,4320,148953,77,415698
12345,0.001425,172.31.40.0-255,66,149019,77,415698
12346,0.001452,74.125.68.0-255,2902,151921,77,415698
12347,0.001454,172.31.40.0-255,66,151987,77,415698
12348,0.001458,74.125.68.0-255,2902,154889,77,415698
12349,0.00146,172.31.40.0-255,66,154955,77,415698
12350,0.001465,74.125.68.0-255,4320,159275,77,415698
12351,0.001467,172.31.40.0-255,66,159341,77,415698
12352,0.001477,74.125.68.0-255,7156,166497,77,415698
12353,0.001479,172.31.40.0-255,66,166563,77,415698
12354,0.001519,74.125.68.0-255,2184,168747,77,415698
12355,0.001521,172.31.40.0-255,66,168813,77,415698
12356,0.001598,74.125.68.0-255,1484,170297,77,415698
12357,0.001612,74.125.68.0-255,2902,173199,77,415698
12358,0.001615,172.31.40.0-255,66,173265,77,415698
12359,0.001645,74.125.68.0-255,5738,179003,77,415698
12360,0.001649,172.31.40.0-255,66,179069,77,415698
12361,0.001666,74.125.68.0-255,5738,184807,77,415698
12362,0.001669,172.31.40.0-255,66,184873,77,415698
12363,0.001701,74.125.68.0-255,7156,192029,77,415698
12364,0.001705,172.31.40.0-255,66,192095,77,415698
12365,0.001734,74.125.68.0-255,10692,202787,77,415698
12366,0.001736,172.31.40.0-255,66,202853,77,415698
12367,0.001758,74.125.68.0-255,1484,204337,77,415698
12368,0.001771,74.125.68.0-255,1484,205821,77,415698
12369,0.001774,172.31.40.0-255,66,205887,77,415698
12370,0.001787,74.125.68.0-255,1484,207371,77,415698
12371,0.001796,74.125.68.0-255,5738,213109,77,415698
12372,0.001799,172.31.40.0-255,66,213175,77,415698
12373,0.00181,74.125.68.0-255,1484,214659,77,415698
12374,0.001835,74.125.68.0-255,8574,223233,77,415698
12375,0.001837,172.31.40.0-255,66,223299,77,415698
12376,0.001857,74.125.68.0-255,5738,229037,77,415698
12377,0.001859,172.31.40.0-255,66,229103,77,415698
12378,0.001887,74.125.68.0-255,5738,234841,77,415698
12379,0.001889,172.31.40.0-255,66,234907,77,415698
12380,0.001894,74.125.68.0-255,2184,237091,77,415698
12381,0.001896,172.31.40.0-255,66,237157,77,415698
12382,0.001921,74.125.68.0-255,2902,240059,77,415698
12383,0.001924,172.31.40.0-255,66,240125,77,415698
12384,0.00195,74.125.68.0-255,4320,244445,77,415698
12385,0.001953,172.31.40.0-255,66,244511,77,415698
12386,0.001965,74.125.68.0-255,8574,253085,77,415698
12387,0.001971,172.31.40.0-255,66,253151,77,415698
12388,0.001974,74.125.68.0-255,1484,254635,77,415698
12389,0.002022,74.125.68.0-255,5738,260373,77,415698
12390,0.002025,172.31.40.0-255,66,260439,77,415698
12391,0.002039,74.125.68.0-255,5738,266177,77,415698
12392,0.002047,74.125.68.0-255,2902,269079,77,415698
12393,0.002051,172.31.40.0-255,66,269145,77,415698
12394,0.002054,172.31.40.0-255,66,269211,77,415698
12395,0.003277,172.31.40.0-255,101,269312,77,415698
12396,0.004073,74.125.68.0-255,5738,275050,77,415698
12397,0.004079,172.31.40.0-255,66,275116,77,415698
12398,0.005258,74.125.68.0-255,66,275182,77,415698
12399,0.006101,74.125.68.0-255,4320,279502,77,415698
12400,0.006107,172.31.40.0-255,66,279568,77,415698
12401,0.006138,74.125.68.0-255,1484,281052,77,415698
12402,0.008129,74.125.68.0-255,4320,285372,77,415698
12403,0.008133,172.31.40.0-255,66,285438,77,415698
12404,0.010152,74.125.68.0-255,5738,291176,77,415698
12405,0.010159,172.31.40.0-255,66,291242,77,415698
12406,0.012184,74.125.68.0-255,5738,296980,77,415698
12407,0.012191,172.31.40.0-255,66,297046,77,415698
12408,0.014222,74.125.68.0-255,5738,302784,77,415698
12409,0.014233,172.31.40.0-255,66,302850,77,415698
12410,0.016254,74.125.68.0-255,5738,308588,77,415698
12411,0.016263,172.31.40.0-255,66,308654,77,415698
12412,0.018286,74.125.68.0-255,5738,314392,77,415698
12413,0.018295,172.31.40.0-255,66,314458,77,415698
12414,0.020328,74.125.68.0-255,5738,320196,77,415698
12415,0.020339,172.31.40.0-255,66,320262,77,415698
12416,0.02238,74.125.68.0-255,5738,326000,77,415698
12417,0.022395,172.31.40.0-255,66,326066,77,415698
12418,0.024444,74.125.68.0-255,5738,331804,77,415698
12419,0.024456,172.31.40.0-255,66,331870,77,415698
12420,0.026556,74.125.68.0-255,5738,337608,77,415698
12421,0.026566,172.31.40.0-255,66,337674,77,415698
12422,0.028583,74.125.68.0-255,4320,341994,77,415698
12423,0.028591,172.31.40.0-255,66,342060,77,415698
12424,0.028622,74.125.68.0-255,1484,343544,77,415698
12425,0.03061,74.125.68.0-255,4320,347864,77,415698
12426,0.03062,172.31.40.0-255,66,347930,77,415698
12427,0.032697,74.125.68.0-255,5738,353668,77,415698
12428,0.032705,172.31.40.0-255,66,353734,77,415698
12429,0.034741,74.125.68.0-255,5738,359472,77,415698
12430,0.034751,172.31.40.0-255,66,359538,77,415698
12431,0.036769,74.125.68.0-255,5738,365276,77,415698
12432,0.036778,172.31.40.0-255,66,365342,77,415698
12433,0.037809,172.31.40.0-255,172,365514,77,415698
12434,0.03784,172.31.40.0-255,1120,366634,77,415698
12435,0.037896,172.31.40.0-255,1514,368148,77,415698
12436,0.037898,172.31.40.0-255,1514,369662,77,415698
12437,0.037903,172.31.40.0-255,1514,371176,77,415698
12438,0.037904,172.31.40.0-255,1055,372231,77,415698
12439,0.038792,74.125.68.0-255,5738,377969,77,415698
12440,0.038799,172.31.40.0-255,66,378035,77,415698
12441,0.039355,104.244.42.0-255,66,378101,77,415698
12442,0.039391,104.244.42.0-255,66,378167,77,415698
12443,0.039454,104.244.42.0-255,66,378233,77,415698
12444,0.039469,104.244.42.0-255,66,378299,77,415698
12445,0.040824,74.125.68.0-255,5738,384037,77,415698
12446,0.040829,172.31.40.0-255,66,384103,77,415698
12447,0.042842,74.125.68.0-255,5738,389841,77,415698
12448,0.042849,172.31.40.0-255,66,389907,77,415698
12449,0.044869,74.125.68.0-255,5738,395645,77,415698
12450,0.044876,172.31.40.0-255,66,395711,77,415698
12451,0.046898,74.125.68.0-255,5738,401449,77,415698
12452,0.046907,172.31.40.0-255,66,401515,77,415698
12453,0.048936,74.125.68.0-255,5738,407253,77,415698
12454,0.048943,172.31.40.0-255,66,407319,77,415698
12455,0.050984,74.125.68.0-255,5738,413057,77,415698
12456,0.050991,172.31.40.0-255,66,413123,77,415698
12457,0.05302,74.125.68.0-255,2338,415461,77,415698
12458,0.053027,172.31.40.0-255,66,415527,77,415698
12459,0.053225,172.31.40.0-255,105,415632,77,415698
12460,0.06033,74.125.68.0-255,66,415698,77,415698
12461,0.0,172.31.40.0-255,105,105,77,735
12462,0.001484,157.240.7.0-255,105,210,77,735
12463,0.009143,172.31.40.0-255,105,315,77,735
12464,0.00932,172.31.40.0-255,90,405,77,735
12465,0.009329,172.31.40.0-255,66,471,77,735
12466,0.011738,74.125.200.0-255,66,537,77,735
12467,0.011757,74.125.200.0-255,66,603,77,735
12468,0.01177,172.31.40.0-255,66,669,77,735
12469,0.039858,172.31.40.0-255,66,735,77,735
12470,0.0,74.125.130.0-255,153,153,77,424920
12471,2e-05,172.31.40.0-255,66,219,77,424920
12472,2.6e-05,74.125.130.0-255,1484,1703,77,424920
12473,3.1e-05,172.31.40.0-255,66,1769,77,424920
12474,3.6e-05,74.125.130.0-255,2902,4671,77,424920
12475,3.9e-05,172.31.40.0-255,66,4737,77,424920
12476,4.3e-05,74.125.130.0-255,2902,7639,77,424920
12477,4.6e-05,172.31.40.0-255,66,7705,77,424920
12478,6.9e-05,74.125.130.0-255,4320,12025,77,424920
12479,7.2e-05,172.31.40.0-255,66,12091,77,424920
12480,7.9e-05,74.125.130.0-255,7737,19828,77,424920
12481,8.2e-05,172.31.40.0-255,66,19894,77,424920
12482,0.000104,74.125.130.0-255,7156,27050,77,424920
12483,0.000106,172.31.40.0-255,66,27116,77,424920
12484,0.000129,74.125.130.0-255,3961,31077,77,424920
12485,0.000131,172.31.40.0-255,66,31143,77,424920
12486,0.000198,74.125.130.0-255,1484,32627,77,424920
12487,0.000201,172.31.40.0-255,66,32693,77,424920
12488,0.000204,74.125.130.0-255,1484,34177,77,424920
12489,0.000206,172.31.40.0-255,66,34243,77,424920
12490,0.000224,74.125.130.0-255,1484,35727,77,424920
12491,0.000226,172.31.40.0-255,66,35793,77,424920
12492,0.000232,74.125.130.0-255,5738,41531,77,424920
12493,0.000234,172.31.40.0-255,66,41597,77,424920
12494,0.00027,74.125.130.0-255,9633,51230,77,424920
12495,0.000273,172.31.40.0-255,66,51296,77,424920
12496,0.000281,74.125.130.0-255,9992,61288,77,424920
12497,0.000283,172.31.40.0-255,66,61354,77,424920
12498,0.000327,74.125.130.0-255,4251,65605,77,424920
12499,0.00033,172.31.40.0-255,66,65671,77,424920
12500,0.000346,74.125.130.0-255,365,66036,77,424920
12501,0.000348,172.31.40.0-255,66,66102,77,424920
12502,0.000564,74.125.130.0-255,1484,67586,77,424920
12503,0.00057,74.125.130.0-255,1484,69070,77,424920
12504,0.000574,172.31.40.0-255,66,69136,77,424920
12505,0.000588,74.125.130.0-255,1484,70620,77,424920
12506,0.000593,74.125.130.0-255,2902,73522,77,424920
12507,0.000601,172.31.40.0-255,66,73588,77,424920
12508,0.00062,74.125.130.0-255,2902,76490,77,424920
12509,0.000622,172.31.40.0-255,66,76556,77,424920
12510,0.00063,74.125.130.0-255,6797,83353,77,424920
12511,0.000632,172.31.40.0-255,66,83419,77,424920
12512,0.000639,74.125.130.0-255,7156,90575,77,424920
12513,0.000641,172.31.40.0-255,66,90641,77,424920
12514,0.000673,74.125.130.0-255,9633,100274,77,424920
12515,0.000676,172.31.40.0-255,66,100340,77,424920
12516,0.000917,74.125.130.0-255,1484,101824,77,424920
12517,0.000924,74.125.130.0-255,2902,104726,77,424920
12518,0.000928,172.31.40.0-255,66,104792,77,424920
12519,0.000935,74.125.130.0-255,5738,110530,77,424920
12520,0.000937,172.31.40.0-255,66,110596,77,424920
12521,0.000966,74.125.130.0-255,4320,114916,77,424920
12522,0.000969,172.31.40.0-255,66,114982,77,424920
12523,0.000972,74.125.130.0-255,1484,116466,77,424920
12524,0.000992,74.125.130.0-255,4320,120786,77,424920
12525,0.000994,172.31.40.0-255,66,120852,77,424920
12526,0.001016,74.125.130.0-255,1484,122336,77,424920
12527,0.001041,74.125.130.0-255,9992,132328,77,424920
12528,0.001046,172.31.40.0-255,66,132394,77,424920
12529,0.001049,74.125.130.0-255,2184,134578,77,424920
12530,0.001052,172.31.40.0-255,66,134644,77,424920
12531,0.001471,74.125.130.0-255,1484,136128,77,424920
12532,0.001489,74.125.130.0-255,2902,139030,77,424920
12533,0.001493,172.31.40.0-255,66,139096,77,424920
12534,0.001496,74.125.130.0-255,1484,140580,77,424920
12535,0.001517,74.125.130.0-255,4320,144900,77,424920
12536,0.00152,172.31.40.0-255,66,144966,77,424920
12537,0.001525,74.125.130.0-255,4320,149286,77,424920
12538,0.001527,172.31.40.0-255,66,149352,77,424920
12539,0.001532,74.125.130.0-255,4320,153672,77,424920
12540,0.001534,172.31.40.0-255,66,153738,77,424920
12541,0.001553,74.125.130.0-255,1484,155222,77,424920
12542,0.001559,74.125.130.0-255,4320,159542,77,424920
12543,0.001561,172.31.40.0-255,66,159608,77,424920
12544,0.001578,74.125.130.0-255,5738,165346,77,424920
12545,0.001581,172.31.40.0-255,66,165412,77,424920
12546,0.001592,74.125.130.0-255,1484,166896,77,424920
12547,0.001595,74.125.130.0-255,2184,169080,77,424920
12548,0.001604,172.31.40.0-255,66,169146,77,424920
12549,0.001685,74.125.130.0-255,1484,170630,77,424920
12550,0.001708,74.125.130.0-255,2902,173532,77,424920
12551,0.001711,172.31.40.0-255,66,173598,77,424920
12552,0.001718,74.125.130.0-255,5738,179336,77,424920
12553,0.00172,172.31.40.0-255,66,179402,77,424920
12554,0.001723,74.125.130.0-255,1484,180886,77,424920
12555,0.001746,74.125.130.0-255,4320,185206,77,424920
12556,0.001748,172.31.40.0-255,66,185272,77,424920
12557,0.001769,74.125.130.0-255,4320,189592,77,424920
12558,0.001772,172.31.40.0-255,66,189658,77,424920
12559,0.001776,74.125.130.0-255,2902,192560,77,424920
12560,0.001778,172.31.40.0-255,66,192626,77,424920
12561,0.001802,74.125.130.0-255,7156,199782,77,424920
12562,0.001804,172.31.40.0-255,66,199848,77,424920
12563,0.001826,74.125.130.0-255,3602,203450,77,424920
12564,0.00183,172.31.40.0-255,66,203516,77,424920
12565,0.001928,74.125.130.0-255,1484,205000,77,424920
12566,0.001951,74.125.130.0-255,2902,207902,77,424920
12567,0.001953,74.125.130.0-255,1484,209386,77,424920
12568,0.001957,172.31.40.0-255,66,209452,77,424920
12569,0.001983,74.125.130.0-255,4320,213772,77,424920
12570,0.001986,172.31.40.0-255,66,213838,77,424920
12571,0.001989,74.125.130.0-255,1484,215322,77,424920
12572,0.001997,74.125.130.0-255,8574,223896,77,424920
12573,0.002,172.31.40.0-255,66,223962,77,424920
12574,0.002047,74.125.130.0-255,9992,233954,77,424920
12575,0.002051,172.31.40.0-255,66,234020,77,424920
12576,0.002068,74.125.130.0-255,3602,237622,77,424920
12577,0.002071,172.31.40.0-255,66,237688,77,424920
12578,0.004138,74.125.130.0-255,1484,239172,77,424920
12579,0.004165,74.125.130.0-255,4320,243492,77,424920
12580,0.00417,172.31.40.0-255,66,243558,77,424920
12581,0.006282,74.125.130.0-255,5738,249296,77,424920
12582,0.006287,172.31.40.0-255,66,249362,77,424920
12583,0.008381,74.125.130.0-255,5738,255100,77,424920
12584,0.008386,172.31.40.0-255,66,255166,77,424920
12585,0.010483,74.125.130.0-255,5738,260904,77,424920
12586,0.010491,172.31.40.0-255,66,260970,77,424920
12587,0.012576,74.125.130.0-255,5738,266708,77,424920
12588,0.012595,172.31.40.0-255,66,266774,77,424920
12589,0.01469,74.125.130.0-255,5738,272512,77,424920
12590,0.014698,172.31.40.0-255,66,272578,77,424920
12591,0.016818,74.125.130.0-255,5738,278316,77,424920
12592,0.016828,172.31.40.0-255,66,278382,77,424920
12593,0.018942,74.125.130.0-255,5738,284120,77,424920
12594,0.01895,172.31.40.0-255,66,284186,77,424920
12595,0.021042,74.125.130.0-255,5738,289924,77,424920
12596,0.02105,172.31.40.0-255,66,289990,77,424920
12597,0.023153,74.125.130.0-255,5738,295728,77,424920
12598,0.02316,172.31.40.0-255,66,295794,77,424920
12599,0.025282,74.125.130.0-255,5738,301532,77,424920
12600,0.025288,172.31.40.0-255,66,301598,77,424920
12601,0.027389,74.125.130.0-255,5738,307336,77,424920
12602,0.027397,172.31.40.0-255,66,307402,77,424920
12603,0.029489,74.125.130.0-255,5738,313140,77,424920
12604,0.029496,172.31.40.0-255,66,313206,77,424920
12605,0.031588,74.125.130.0-255,5738,318944,77,424920
12606,0.031595,172.31.40.0-255,66,319010,77,424920
12607,0.033693,74.125.130.0-255,5738,324748,77,424920
12608,0.0337,172.31.40.0-255,66,324814,77,424920
12609,0.035567,172.31.40.0-255,172,324986,77,424920
12610,0.035598,172.31.40.0-255,1118,326104,77,424920
12611,0.03566,172.31.40.0-255,1514,327618,77,424920
12612,0.035662,172.31.40.0-255,1514,329132,77,424920
12613,0.035668,172.31.40.0-255,1514,330646,77,424920
12614,0.035669,172.31.40.0-255,1514,332160,77,424920
12615,0.035689,172.31.40.0-255,1514,333674,77,424920
12616,0.035695,172.31.40.0-255,417,334091,77,424920
12617,0.035801,74.125.130.0-255,5738,339829,77,424920
12618,0.035807,172.31.40.0-255,66,339895,77,424920
12619,0.037108,104.244.42.0-255,66,339961,77,424920
12620,0.037142,104.244.42.0-255,66,340027,77,424920
12621,0.037204,104.244.42.0-255,66,340093,77,424920
12622,0.03727,104.244.42.0-255,66,340159,77,424920
12623,0.037895,74.125.130.0-255,5738,345897,77,424920
12624,0.0379,172.31.40.0-255,66,345963,77,424920
12625,0.040002,74.125.130.0-255,5738,351701,77,424920
12626,0.040009,172.31.40.0-255,66,351767,77,424920
12627,0.042107,74.125.130.0-255,5738,357505,77,424920
12628,0.042115,172.31.40.0-255,66,357571,77,424920
12629,0.044217,74.125.130.0-255,5738,363309,77,424920
12630,0.044223,172.31.40.0-255,66,363375,77,424920
12631,0.046328,74.125.130.0-255,5738,369113,77,424920
12632,0.046335,172.31.40.0-255,66,369179,77,424920
12633,0.048442,74.125.130.0-255,5738,374917,77,424920
12634,0.048448,172.31.40.0-255,66,374983,77,424920
12635,0.050531,74.125.130.0-255,4320,379303,77,424920
12636,0.050536,172.31.40.0-255,66,379369,77,424920
12637,0.050561,74.125.130.0-255,1484,380853,77,424920
12638,0.052638,74.125.130.0-255,4320,385173,77,424920
12639,0.052644,172.31.40.0-255,66,385239,77,424920
12640,0.054749,74.125.130.0-255,5738,390977,77,424920
12641,0.054755,172.31.40.0-255,66,391043,77,424920
12642,0.05687,74.125.130.0-255,5738,396781,77,424920
12643,0.056876,172.31.40.0-255,66,396847,77,424920
12644,0.059007,74.125.130.0-255,5738,402585,77,424920
12645,0.059013,172.31.40.0-255,66,402651,77,424920
12646,0.061109,74.125.130.0-255,5738,408389,77,424920
12647,0.061115,172.31.40.0-255,66,408455,77,424920
12648,0.063245,74.125.130.0-255,5738,414193,77,424920
12649,0.063252,172.31.40.0-255,66,414259,77,424920
12650,0.065377,74.125.130.0-255,5738,419997,77,424920
12651,0.065384,172.31.40.0-255,66,420063,77,424920
12652,0.067491,74.125.130.0-255,4620,424683,77,424920
12653,0.067498,172.31.40.0-255,66,424749,77,424920
12654,0.067663,172.31.40.0-255,105,424854,77,424920
12655,0.069731,74.125.130.0-255,66,424920,77,424920
12656,0.0,172.31.40.0-255,66,66,77,66
12657,0.0,74.125.24.0-255,153,153,77,383674
12658,1.8e-05,172.31.40.0-255,66,219,77,383674
12659,2.6e-05,74.125.24.0-255,1484,1703,77,383674
12660,3.1e-05,172.31.40.0-255,66,1769,77,383674
12661,3.8e-05,74.125.24.0-255,2902,4671,77,383674
12662,4.5e-05,172.31.40.0-255,66,4737,77,383674
12663,5.3e-05,74.125.24.0-255,7156,11893,77,383674
12664,5.6e-05,172.31.40.0-255,66,11959,77,383674
12665,6.1e-05,74.125.24.0-255,2055,14014,77,383674
12666,6.4e-05,172.31.40.0-255,66,14080,77,383674
12667,0.000121,74.125.24.0-255,11410,25490,77,383674
12668,0.000125,172.31.40.0-255,66,25556,77,383674
12669,0.000129,74.125.24.0-255,2902,28458,77,383674
12670,0.000131,172.31.40.0-255,66,28524,77,383674
12671,0.000165,74.125.24.0-255,2543,31067,77,383674
12672,0.000168,172.31.40.0-255,66,31133,77,383674
12673,0.000913,74.125.24.0-255,1484,32617,77,383674
12674,0.00092,172.31.40.0-255,66,32683,77,383674
12675,0.000929,74.125.24.0-255,2902,35585,77,383674
12676,0.000931,172.31.40.0-255,66,35651,77,383674
12677,0.000938,74.125.24.0-255,5738,41389,77,383674
12678,0.00094,172.31.40.0-255,66,41455,77,383674
12679,0.000943,74.125.24.0-255,1484,42939,77,383674
12680,0.000945,172.31.40.0-255,66,43005,77,383674
12681,0.000967,74.125.24.0-255,2902,45907,77,383674
12682,0.000969,172.31.40.0-255,66,45973,77,383674
12683,0.001001,74.125.24.0-255,9992,55965,77,383674
12684,0.001003,172.31.40.0-255,66,56031,77,383674
12685,0.001013,74.125.24.0-255,9274,65305,77,383674
12686,0.001016,172.31.40.0-255,66,65371,77,383674
12687,0.001039,74.125.24.0-255,399,65770,77,383674
12688,0.001042,172.31.40.0-255,66,65836,77,383674
12689,0.001045,74.125.24.0-255,108,65944,77,383674
12690,0.001797,74.125.24.0-255,1484,67428,77,383674
12691,0.001804,172.31.40.0-255,66,67494,77,383674
12692,0.00181,74.125.24.0-255,2902,70396,77,383674
12693,0.001813,172.31.40.0-255,66,70462,77,383674
12694,0.001837,74.125.24.0-255,5738,76200,77,383674
12695,0.001841,172.31.40.0-255,66,76266,77,383674
12696,0.001844,74.125.24.0-255,1484,77750,77,383674
12697,0.001865,74.125.24.0-255,7156,84906,77,383674
12698,0.001868,172.31.40.0-255,66,84972,77,383674
12699,0.001902,74.125.24.0-255,5738,90710,77,383674
12700,0.001906,172.31.40.0-255,66,90776,77,383674
12701,0.001929,74.125.24.0-255,8574,99350,77,383674
12702,0.001932,172.31.40.0-255,66,99416,77,383674
12703,0.001949,74.125.24.0-255,766,100182,77,383674
12704,0.001975,74.125.24.0-255,5738,105920,77,383674
12705,0.001993,172.31.40.0-255,66,105986,77,383674
12706,0.002002,74.125.24.0-255,7156,113142,77,383674
12707,0.00201,172.31.40.0-255,66,113208,77,383674
12708,0.002025,172.31.40.0-255,66,113274,77,383674
12709,0.002032,74.125.24.0-255,6125,119399,77,383674
12710,0.002034,172.31.40.0-255,66,119465,77,383674
12711,0.002076,172.31.40.0-255,66,119531,77,383674
12712,0.002099,74.125.24.0-255,2902,122433,77,383674
12713,0.002101,172.31.40.0-255,66,122499,77,383674
12714,0.002111,74.125.24.0-255,10692,133191,77,383674
12715,0.002114,172.31.40.0-255,66,133257,77,383674
12716,0.003893,74.125.24.0-255,1484,134741,77,383674
12717,0.003903,74.125.24.0-255,2902,137643,77,383674
12718,0.003908,172.31.40.0-255,66,137709,77,383674
12719,0.003916,74.125.24.0-255,4320,142029,77,383674
12720,0.003918,172.31.40.0-255,66,142095,77,383674
12721,0.003944,74.125.24.0-255,4320,146415,77,383674
12722,0.003946,172.31.40.0-255,66,146481,77,383674
12723,0.003962,74.125.24.0-255,4320,150801,77,383674
12724,0.003964,172.31.40.0-255,66,150867,77,383674
12725,0.003967,74.125.24.0-255,1484,152351,77,383674
12726,0.003995,74.125.24.0-255,9992,162343,77,383674
12727,0.003997,172.31.40.0-255,66,162409,77,383674
12728,0.004039,74.125.24.0-255,5020,167429,77,383674
12729,0.004041,172.31.40.0-255,66,167495,77,383674
12730,0.00438,74.125.24.0-255,1484,168979,77,383674
12731,0.004385,74.125.24.0-255,2902,171881,77,383674
12732,0.004387,172.31.40.0-255,66,171947,77,383674
12733,0.004408,74.125.24.0-255,1484,173431,77,383674
12734,0.004427,74.125.24.0-255,4320,177751,77,383674
12735,0.00443,172.31.40.0-255,66,177817,77,383674
12736,0.004435,74.125.24.0-255,2902,180719,77,383674
12737,0.004437,172.31.40.0-255,66,180785,77,383674
12738,0.004443,74.125.24.0-255,5738,186523,77,383674
12739,0.004445,172.31.40.0-255,66,186589,77,383674
12740,0.004466,74.125.24.0-255,4320,190909,77,383674
12741,0.004468,172.31.40.0-255,66,190975,77,383674
12742,0.004473,74.125.24.0-255,2902,193877,77,383674
12743,0.004474,172.31.40.0-255,66,193943,77,383674
12744,0.004499,74.125.24.0-255,7856,201799,77,383674
12745,0.004502,172.31.40.0-255,66,201865,77,383674
12746,0.004505,74.125.24.0-255,1484,203349,77,383674
12747,0.004509,74.125.24.0-255,1484,204833,77,383674
12748,0.00451,172.31.40.0-255,66,204899,77,383674
12749,0.00454,74.125.24.0-255,11410,216309,77,383674
12750,0.004542,172.31.40.0-255,66,216375,77,383674
12751,0.004555,74.125.24.0-255,8574,224949,77,383674
12752,0.004558,172.31.40.0-255,66,225015,77,383674
12753,0.00456,74.125.24.0-255,1484,226499,77,383674
12754,0.004564,74.125.24.0-255,1484,227983,77,383674
12755,0.004565,172.31.40.0-255,66,228049,77,383674
12756,0.004571,74.125.24.0-255,4320,232369,77,383674
12757,0.004575,172.31.40.0-255,66,232435,77,383674
12758,0.00458,74.125.24.0-255,3602,236037,77,383674
12759,0.004582,172.31.40.0-255,66,236103,77,383674
12760,0.004623,74.125.24.0-255,2902,239005,77,383674
12761,0.004626,172.31.40.0-255,66,239071,77,383674
12762,0.004645,74.125.24.0-255,1484,240555,77,383674
12763,0.004652,74.125.24.0-255,5738,246293,77,383674
12764,0.004654,172.31.40.0-255,66,246359,77,383674
12765,0.004665,74.125.24.0-255,11410,257769,77,383674
12766,0.004668,172.31.40.0-255,66,257835,77,383674
12767,0.004703,74.125.24.0-255,9992,267827,77,383674
12768,0.004705,172.31.40.0-255,66,267893,77,383674
12769,0.004725,74.125.24.0-255,2184,270077,77,383674
12770,0.004727,172.31.40.0-255,66,270143,77,383674
12771,0.004733,74.125.24.0-255,4320,274463,77,383674
12772,0.004735,172.31.40.0-255,66,274529,77,383674
12773,0.004765,74.125.24.0-255,5738,280267,77,383674
12774,0.004768,172.31.40.0-255,66,280333,77,383674
12775,0.0048,74.125.24.0-255,11410,291743,77,383674
12776,0.004804,172.31.40.0-255,66,291809,77,383674
12777,0.004807,74.125.24.0-255,1484,293293,77,383674
12778,0.004833,74.125.24.0-255,10692,303985,77,383674
12779,0.004836,172.31.40.0-255,66,304051,77,383674
12780,0.004839,74.125.24.0-255,1484,305535,77,383674
12781,0.004873,74.125.24.0-255,4320,309855,77,383674
12782,0.004876,172.31.40.0-255,66,309921,77,383674
12783,0.004899,74.125.24.0-255,11410,321331,77,383674
12784,0.004902,172.31.40.0-255,66,321397,77,383674
12785,0.004908,74.125.24.0-255,5738,327135,77,383674
12786,0.00491,172.31.40.0-255,66,327201,77,383674
12787,0.004937,74.125.24.0-255,4320,331521,77,383674
12788,0.00494,172.31.40.0-255,66,331587,77,383674
12789,0.004948,74.125.24.0-255,7156,338743,77,383674
12790,0.00495,172.31.40.0-255,66,338809,77,383674
12791,0.00497,74.125.24.0-255,9274,348083,77,383674
12792,0.004973,172.31.40.0-255,66,348149,77,383674
12793,0.005024,74.125.24.0-255,12828,360977,77,383674
12794,0.005027,172.31.40.0-255,66,361043,77,383674
12795,0.005042,74.125.24.0-255,4320,365363,77,383674
12796,0.005044,172.31.40.0-255,66,365429,77,383674
12797,0.005054,74.125.24.0-255,10692,376121,77,383674
12798,0.005056,172.31.40.0-255,66,376187,77,383674
12799,0.005059,74.125.24.0-255,2800,378987,77,383674
12800,0.005061,172.31.40.0-255,66,379053,77,383674
12801,0.005064,74.125.24.0-255,105,379158,77,383674
12802,0.006962,172.31.40.0-255,66,379224,77,383674
12803,0.006998,172.31.40.0-255,105,379329,77,383674
12804,0.009331,74.125.24.0-255,66,379395,77,383674
12805,0.034597,172.31.40.0-255,172,379567,77,383674
12806,0.034632,172.31.40.0-255,1120,380687,77,383674
12807,0.034698,172.31.40.0-255,1514,382201,77,383674
12808,0.0347,172.31.40.0-255,1275,383476,77,383674
12809,0.036237,104.244.42.0-255,66,383542,77,383674
12810,0.036284,104.244.42.0-255,66,383608,77,383674
12811,0.036388,104.244.42.0-255,66,383674,77,383674
12812,0.0,74.125.24.0-255,153,153,77,345453
12813,2.7e-05,172.31.40.0-255,66,219,77,345453
12814,3.4e-05,74.125.24.0-255,1484,1703,77,345453
12815,3.8e-05,172.31.40.0-255,66,1769,77,345453
12816,4.4e-05,74.125.24.0-255,2902,4671,77,345453
12817,5.2e-05,172.31.40.0-255,66,4737,77,345453
12818,5.7e-05,74.125.24.0-255,2902,7639,77,345453
12819,5.9e-05,172.31.40.0-255,66,7705,77,345453
12820,0.000111,74.125.24.0-255,10624,18329,77,345453
12821,0.000116,172.31.40.0-255,66,18395,77,345453
12822,0.000126,74.125.24.0-255,12469,30864,77,345453
12823,0.000128,172.31.40.0-255,66,30930,77,345453
12824,0.000171,74.125.24.0-255,1484,32414,77,345453
12825,0.000177,172.31.40.0-255,66,32480,77,345453
12826,0.000204,74.125.24.0-255,2902,35382,77,345453
12827,0.000207,172.31.40.0-255,66,35448,77,345453
12828,0.000213,74.125.24.0-255,5738,41186,77,345453
12829,0.000216,172.31.40.0-255,66,41252,77,345453
12830,0.000257,74.125.24.0-255,13887,55139,77,345453
12831,0.000261,172.31.40.0-255,66,55205,77,345453
12832,0.000267,74.125.24.0-255,5738,60943,77,345453
12833,0.000271,172.31.40.0-255,66,61009,77,345453
12834,0.000296,74.125.24.0-255,4237,65246,77,345453
12835,0.0003,172.31.40.0-255,66,65312,77,345453
12836,0.000302,74.125.24.0-255,129,65441,77,345453
12837,0.000305,172.31.40.0-255,66,65507,77,345453
12838,0.000348,74.125.24.0-255,1484,66991,77,345453
12839,0.000352,172.31.40.0-255,66,67057,77,345453
12840,0.000357,74.125.24.0-255,2902,69959,77,345453
12841,0.000359,172.31.40.0-255,66,70025,77,345453
12842,0.000393,74.125.24.0-255,5738,75763,77,345453
12843,0.000397,172.31.40.0-255,66,75829,77,345453
12844,0.000429,74.125.24.0-255,6797,82626,77,345453
12845,0.000433,172.31.40.0-255,66,82692,77,345453
12846,0.000457,74.125.24.0-255,5738,88430,77,345453
12847,0.000461,172.31.40.0-255,66,88496,77,345453
12848,0.000491,74.125.24.0-255,1484,89980,77,345453
12849,0.0005,74.125.24.0-255,5738,95718,77,345453
12850,0.000503,172.31.40.0-255,66,95784,77,345453
12851,0.000508,74.125.24.0-255,3961,99745,77,345453
12852,0.000511,172.31.40.0-255,66,99811,77,345453
12853,0.000708,74.125.24.0-255,1484,101295,77,345453
12854,0.000723,74.125.24.0-255,2902,104197,77,345453
12855,0.000726,172.31.40.0-255,66,104263,77,345453
12856,0.000741,74.125.24.0-255,5738,110001,77,345453
12857,0.000744,172.31.40.0-255,66,110067,77,345453
12858,0.000803,74.125.24.0-255,12828,122895,77,345453
12859,0.000807,172.31.40.0-255,66,122961,77,345453
12860,0.000836,74.125.24.0-255,4320,127281,77,345453
12861,0.00084,172.31.40.0-255,66,127347,77,345453
12862,0.000873,74.125.24.0-255,8975,136322,77,345453
12863,0.000878,172.31.40.0-255,66,136388,77,345453
12864,0.000882,74.125.24.0-255,9992,146380,77,345453
12865,0.000884,172.31.40.0-255,66,146446,77,345453
12866,0.000914,74.125.24.0-255,4320,150766,77,345453
12867,0.000918,172.31.40.0-255,66,150832,77,345453
12868,0.000925,74.125.24.0-255,7156,157988,77,345453
12869,0.000929,172.31.40.0-255,66,158054,77,345453
12870,0.000933,74.125.24.0-255,4320,162374,77,345453
12871,0.000936,172.31.40.0-255,66,162440,77,345453
12872,0.000967,74.125.24.0-255,5020,167460,77,345453
12873,0.000971,172.31.40.0-255,66,167526,77,345453
12874,0.001076,74.125.24.0-255,1484,169010,77,345453
12875,0.00108,74.125.24.0-255,1484,170494,77,345453
12876,0.001083,172.31.40.0-255,66,170560,77,345453
12877,0.001109,74.125.24.0-255,1484,172044,77,345453
12878,0.001116,74.125.24.0-255,5738,177782,77,345453
12879,0.001119,172.31.40.0-255,66,177848,77,345453
12880,0.001145,74.125.24.0-255,2902,180750,77,345453
12881,0.001149,172.31.40.0-255,66,180816,77,345453
12882,0.001154,74.125.24.0-255,4320,185136,77,345453
12883,0.001158,172.31.40.0-255,66,185202,77,345453
12884,0.001186,74.125.24.0-255,5738,190940,77,345453
12885,0.001195,172.31.40.0-255,66,191006,77,345453
12886,0.001205,74.125.24.0-255,9992,200998,77,345453
12887,0.001208,172.31.40.0-255,66,201064,77,345453
12888,0.001211,74.125.24.0-255,766,201830,77,345453
12889,0.001383,74.125.24.0-255,1484,203314,77,345453
12890,0.001387,172.31.40.0-255,66,203380,77,345453
12891,0.001393,74.125.24.0-255,2902,206282,77,345453
12892,0.001395,172.31.40.0-255,66,206348,77,345453
12893,0.001428,74.125.24.0-255,5738,212086,77,345453
12894,0.001432,172.31.40.0-255,66,212152,77,345453
12895,0.001442,74.125.24.0-255,12828,224980,77,345453
12896,0.001445,172.31.40.0-255,66,225046,77,345453
12897,0.00149,74.125.24.0-255,5738,230784,77,345453
12898,0.001494,172.31.40.0-255,66,230850,77,345453
12899,0.001517,74.125.24.0-255,5020,235870,77,345453
12900,0.001524,172.31.40.0-255,66,235936,77,345453
12901,0.001532,74.125.24.0-255,1484,237420,77,345453
12902,0.001554,74.125.24.0-255,2902,240322,77,345453
12903,0.001559,74.125.24.0-255,5738,246060,77,345453
12904,0.001558,172.31.40.0-255,66,246126,77,345453
12905,0.001561,172.31.40.0-255,66,246192,77,345453
12906,0.001585,74.125.24.0-255,2902,249094,77,345453
12907,0.001588,172.31.40.0-255,66,249160,77,345453
12908,0.001624,74.125.24.0-255,8574,257734,77,345453
12909,0.001628,172.31.40.0-255,66,257800,77,345453
12910,0.001639,74.125.24.0-255,12110,269910,77,345453
12911,0.001642,172.31.40.0-255,66,269976,77,345453
12912,0.001646,74.125.24.0-255,2902,272878,77,345453
12913,0.001647,172.31.40.0-255,66,272944,77,345453
12914,0.001704,172.31.40.0-255,66,273010,77,345453
12915,0.001713,74.125.24.0-255,8574,281584,77,345453
12916,0.001715,172.31.40.0-255,66,281650,77,345453
12917,0.001744,74.125.24.0-255,5020,286670,77,345453
12918,0.001748,172.31.40.0-255,66,286736,77,345453
12919,0.001753,74.125.24.0-255,4320,291056,77,345453
12920,0.001756,172.31.40.0-255,66,291122,77,345453
12921,0.001781,74.125.24.0-255,1484,292606,77,345453
12922,0.001793,74.125.24.0-255,12828,305434,77,345453
12923,0.001796,172.31.40.0-255,66,305500,77,345453
12924,0.001804,74.125.24.0-255,7156,312656,77,345453
12925,0.001807,172.31.40.0-255,66,312722,77,345453
12926,0.001852,74.125.24.0-255,7856,320578,77,345453
12927,0.001859,172.31.40.0-255,66,320644,77,345453
12928,0.001869,74.125.24.0-255,7156,327800,77,345453
12929,0.001871,172.31.40.0-255,66,327866,77,345453
12930,0.001886,74.125.24.0-255,1484,329350,77,345453
12931,0.00189,74.125.24.0-255,1484,330834,77,345453
12932,0.001893,172.31.40.0-255,66,330900,77,345453
12933,0.001942,172.31.40.0-255,66,330966,77,345453
12934,0.001957,172.31.40.0-255,66,331032,77,345453
12935,0.001964,74.125.24.0-255,8574,339606,77,345453
12936,0.001967,172.31.40.0-255,66,339672,77,345453
12937,0.002059,172.31.40.0-255,66,339738,77,345453
12938,0.002063,74.125.24.0-255,97,339835,77,345453
12939,0.002065,74.125.24.0-255,105,339940,77,345453
12940,0.007327,172.31.40.0-255,66,340006,77,345453
12941,0.007351,172.31.40.0-255,105,340111,77,345453
12942,0.009541,74.125.24.0-255,66,340177,77,345453
12943,0.026061,172.31.40.0-255,172,340349,77,345453
12944,0.0261,172.31.40.0-255,1116,341465,77,345453
12945,0.026138,172.31.40.0-255,1514,342979,77,345453
12946,0.02614,172.31.40.0-255,1514,344493,77,345453
12947,0.026164,172.31.40.0-255,960,345453,77,345453
12948,0.0,172.217.194.0-255,150,150,77,421515
12949,1.6e-05,172.31.40.0-255,66,216,77,421515
12950,2.2e-05,172.217.194.0-255,1484,1700,77,421515
12951,2.7e-05,172.31.40.0-255,66,1766,77,421515
12952,3.2e-05,172.217.194.0-255,2902,4668,77,421515
12953,3.5e-05,172.31.40.0-255,66,4734,77,421515
12954,3.9e-05,172.217.194.0-255,2902,7636,77,421515
12955,4.2e-05,172.31.40.0-255,66,7702,77,421515
12956,4.7e-05,172.217.194.0-255,4320,12022,77,421515
12957,5e-05,172.31.40.0-255,66,12088,77,421515
12958,8e-05,172.217.194.0-255,9182,21270,77,421515
12959,8.3e-05,172.31.40.0-255,66,21336,77,421515
12960,0.000102,172.217.194.0-255,2902,24238,77,421515
12961,0.000104,172.31.40.0-255,66,24304,77,421515
12962,0.000116,172.217.194.0-255,1484,25788,77,421515
12963,0.000118,172.31.40.0-255,66,25854,77,421515
12964,0.000141,172.217.194.0-255,2902,28756,77,421515
12965,0.000143,172.31.40.0-255,66,28822,77,421515
12966,0.000185,172.217.194.0-255,2543,31365,77,421515
12967,0.000187,172.31.40.0-255,66,31431,77,421515
12968,0.000219,172.217.194.0-255,1484,32915,77,421515
12969,0.000222,172.31.40.0-255,66,32981,77,421515
12970,0.000226,172.217.194.0-255,2902,35883,77,421515
12971,0.000229,172.31.40.0-255,66,35949,77,421515
12972,0.000234,172.217.194.0-255,5738,41687,77,421515
12973,0.000236,172.31.40.0-255,66,41753,77,421515
12974,0.000268,172.217.194.0-255,4320,46073,77,421515
12975,0.00027,172.31.40.0-255,66,46139,77,421515
12976,0.000287,172.217.194.0-255,1484,47623,77,421515
12977,0.000289,172.31.40.0-255,66,47689,77,421515
12978,0.000297,172.217.194.0-255,7156,54845,77,421515
12979,0.000299,172.31.40.0-255,66,54911,77,421515
12980,0.000316,172.217.194.0-255,2902,57813,77,421515
12981,0.000318,172.31.40.0-255,66,57879,77,421515
12982,0.00034,172.217.194.0-255,3961,61840,77,421515
12983,0.000343,172.31.40.0-255,66,61906,77,421515
12984,0.000347,172.217.194.0-255,2902,64808,77,421515
12985,0.000348,172.31.40.0-255,66,64874,77,421515
12986,0.00036,172.217.194.0-255,1378,66252,77,421515
12987,0.000403,172.217.194.0-255,114,66366,77,421515
12988,0.000517,172.217.194.0-255,1484,67850,77,421515
12989,0.000523,172.31.40.0-255,66,67916,77,421515
12990,0.000528,172.217.194.0-255,2902,70818,77,421515
12991,0.00053,172.31.40.0-255,66,70884,77,421515
12992,0.000555,172.217.194.0-255,4320,75204,77,421515
12993,0.000558,172.31.40.0-255,66,75270,77,421515
12994,0.000578,172.217.194.0-255,1484,76754,77,421515
12995,0.000581,172.217.194.0-255,1484,78238,77,421515
12996,0.000584,172.31.40.0-255,66,78304,77,421515
12997,0.000594,172.217.194.0-255,9633,87937,77,421515
12998,0.000597,172.31.40.0-255,66,88003,77,421515
12999,0.000602,172.217.194.0-255,4320,92323,77,421515
13000,0.000604,172.31.40.0-255,66,92389,77,421515
13001,0.000634,172.217.194.0-255,8215,100604,77,421515
13002,0.000637,172.31.40.0-255,66,100670,77,421515
13003,0.001064,172.217.194.0-255,1484,102154,77,421515
13004,0.001099,172.217.194.0-255,2902,105056,77,421515
13005,0.001104,172.31.40.0-255,66,105122,77,421515
13006,0.001111,172.217.194.0-255,5738,110860,77,421515
13007,0.001113,172.31.40.0-255,66,110926,77,421515
13008,0.001141,172.217.194.0-255,7156,118082,77,421515
13009,0.001143,172.31.40.0-255,66,118148,77,421515
13010,0.001165,172.217.194.0-255,4320,122468,77,421515
13011,0.001168,172.31.40.0-255,66,122534,77,421515
13012,0.001174,172.217.194.0-255,4320,126854,77,421515
13013,0.001176,172.31.40.0-255,66,126920,77,421515
13014,0.001208,172.217.194.0-255,7856,134776,77,421515
13015,0.00121,172.31.40.0-255,66,134842,77,421515
13016,0.001239,172.217.194.0-255,1484,136326,77,421515
13017,0.001245,172.217.194.0-255,2902,139228,77,421515
13018,0.001247,172.31.40.0-255,66,139294,77,421515
13019,0.00127,172.217.194.0-255,5738,145032,77,421515
13020,0.001273,172.31.40.0-255,66,145098,77,421515
13021,0.001276,172.217.194.0-255,1484,146582,77,421515
13022,0.001294,172.217.194.0-255,7156,153738,77,421515
13023,0.001297,172.31.40.0-255,66,153804,77,421515
13024,0.001314,172.217.194.0-255,1484,155288,77,421515
13025,0.00133,172.217.194.0-255,2902,158190,77,421515
13026,0.001333,172.31.40.0-255,66,158256,77,421515
13027,0.001358,172.217.194.0-255,7156,165412,77,421515
13028,0.00136,172.31.40.0-255,66,165478,77,421515
13029,0.00138,172.217.194.0-255,3602,169080,77,421515
13030,0.001382,172.31.40.0-255,66,169146,77,421515
13031,0.001452,172.217.194.0-255,1484,170630,77,421515
13032,0.001458,172.217.194.0-255,1484,172114,77,421515
13033,0.001461,172.31.40.0-255,66,172180,77,421515
13034,0.001474,172.217.194.0-255,1484,173664,77,421515
13035,0.00148,172.217.194.0-255,4320,177984,77,421515
13036,0.001483,172.31.40.0-255,66,178050,77,421515
13037,0.001499,172.217.194.0-255,1484,179534,77,421515
13038,0.001507,172.217.194.0-255,5738,185272,77,421515
13039,0.00151,172.31.40.0-255,66,185338,77,421515
13040,0.001541,172.217.194.0-255,9992,195330,77,421515
13041,0.001544,172.31.40.0-255,66,195396,77,421515
13042,0.001563,172.217.194.0-255,2902,198298,77,421515
13043,0.001566,172.31.40.0-255,66,198364,77,421515
13044,0.00157,172.217.194.0-255,2902,201266,77,421515
13045,0.001572,172.31.40.0-255,66,201332,77,421515
13046,0.001588,172.217.194.0-255,2184,203516,77,421515
13047,0.00159,172.31.40.0-255,66,203582,77,421515
13048,0.001637,172.217.194.0-255,1484,205066,77,421515
13049,0.001663,172.217.194.0-255,4320,209386,77,421515
13050,0.001666,172.31.40.0-255,66,209452,77,421515
13051,0.001669,172.217.194.0-255,1484,210936,77,421515
13052,0.001686,172.217.194.0-255,5738,216674,77,421515
13053,0.001688,172.31.40.0-255,66,216740,77,421515
13054,0.001705,172.217.194.0-255,2902,219642,77,421515
13055,0.001707,172.31.40.0-255,66,219708,77,421515
13056,0.00174,172.217.194.0-255,11410,231118,77,421515
13057,0.001743,172.31.40.0-255,66,231184,77,421515
13058,0.001776,172.217.194.0-255,4320,235504,77,421515
13059,0.001779,172.31.40.0-255,66,235570,77,421515
13060,0.001801,172.217.194.0-255,2184,237754,77,421515
13061,0.001803,172.31.40.0-255,66,237820,77,421515
13062,0.001835,172.217.194.0-255,1484,239304,77,421515
13063,0.001853,172.217.194.0-255,2902,242206,77,421515
13064,0.001856,172.31.40.0-255,66,242272,77,421515
13065,0.001862,172.217.194.0-255,4320,246592,77,421515
13066,0.001864,172.31.40.0-255,66,246658,77,421515
13067,0.001876,172.217.194.0-255,1484,248142,77,421515
13068,0.001897,172.217.194.0-255,5738,253880,77,421515
13069,0.0019,172.31.40.0-255,66,253946,77,421515
13070,0.001924,172.217.194.0-255,7156,261102,77,421515
13071,0.001928,172.31.40.0-255,66,261168,77,421515
13072,0.001933,172.217.194.0-255,4320,265488,77,421515
13073,0.001936,172.31.40.0-255,66,265554,77,421515
13074,0.001966,172.217.194.0-255,6438,271992,77,421515
13075,0.001969,172.31.40.0-255,66,272058,77,421515
13076,0.002039,172.217.194.0-255,1484,273542,77,421515
13077,0.002061,172.217.194.0-255,1484,275026,77,421515
13078,0.002064,172.31.40.0-255,66,275092,77,421515
13079,0.002077,172.217.194.0-255,1484,276576,77,421515
13080,0.002097,172.217.194.0-255,4320,280896,77,421515
13081,0.0021,172.31.40.0-255,66,280962,77,421515
13082,0.002117,172.217.194.0-255,1484,282446,77,421515
13083,0.00212,172.217.194.0-255,1484,283930,77,421515
13084,0.002122,172.31.40.0-255,66,283996,77,421515
13085,0.002128,172.217.194.0-255,5738,289734,77,421515
13086,0.002131,172.31.40.0-255,66,289800,77,421515
13087,0.002151,172.217.194.0-255,2902,292702,77,421515
13088,0.002154,172.31.40.0-255,66,292768,77,421515
13089,0.002191,172.217.194.0-255,2902,295670,77,421515
13090,0.002194,172.31.40.0-255,66,295736,77,421515
13091,0.002222,172.217.194.0-255,10692,306428,77,421515
13092,0.002225,172.31.40.0-255,66,306494,77,421515
13093,0.002298,172.217.194.0-255,1484,307978,77,421515
13094,0.002304,172.217.194.0-255,2902,310880,77,421515
13095,0.002307,172.31.40.0-255,66,310946,77,421515
13096,0.002312,172.217.194.0-255,2902,313848,77,421515
13097,0.002314,172.31.40.0-255,66,313914,77,421515
13098,0.002328,172.217.194.0-255,2902,316816,77,421515
13099,0.00233,172.31.40.0-255,66,316882,77,421515
13100,0.004511,172.217.194.0-255,5738,322620,77,421515
13101,0.004518,172.31.40.0-255,66,322686,77,421515
13102,0.006742,172.217.194.0-255,5738,328424,77,421515
13103,0.006754,172.31.40.0-255,66,328490,77,421515
13104,0.008933,172.217.194.0-255,4320,332810,77,421515
13105,0.008939,172.31.40.0-255,66,332876,77,421515
13106,0.008959,172.217.194.0-255,1484,334360,77,421515
13107,0.011187,172.217.194.0-255,4320,338680,77,421515
13108,0.011193,172.31.40.0-255,66,338746,77,421515
13109,0.013406,172.217.194.0-255,5738,344484,77,421515
13110,0.013413,172.31.40.0-255,66,344550,77,421515
13111,0.015616,172.217.194.0-255,5738,350288,77,421515
13112,0.015624,172.31.40.0-255,66,350354,77,421515
13113,0.017813,172.217.194.0-255,5738,356092,77,421515
13114,0.017824,172.31.40.0-255,66,356158,77,421515
13115,0.020044,172.217.194.0-255,5738,361896,77,421515
13116,0.020054,172.31.40.0-255,66,361962,77,421515
13117,0.02229,172.217.194.0-255,5738,367700,77,421515
13118,0.022297,172.31.40.0-255,66,367766,77,421515
13119,0.024487,172.217.194.0-255,5738,373504,77,421515
13120,0.024496,172.31.40.0-255,66,373570,77,421515
13121,0.026667,172.217.194.0-255,5738,379308,77,421515
13122,0.026674,172.31.40.0-255,66,379374,77,421515
13123,0.02889,172.217.194.0-255,5738,385112,77,421515
13124,0.028899,172.31.40.0-255,66,385178,77,421515
13125,0.031125,172.217.194.0-255,5738,390916,77,421515
13126,0.031132,172.31.40.0-255,66,390982,77,421515
13127,0.033326,172.217.194.0-255,5738,396720,77,421515
13128,0.033334,172.31.40.0-255,66,396786,77,421515
13129,0.035543,172.217.194.0-255,5738,402524,77,421515
13130,0.035548,172.31.40.0-255,66,402590,77,421515
13131,0.036681,172.31.40.0-255,172,402762,77,421515
13132,0.036709,172.31.40.0-255,1120,403882,77,421515
13133,0.03676,172.31.40.0-255,1514,405396,77,421515
13134,0.036762,172.31.40.0-255,1275,406671,77,421515
13135,0.037749,172.217.194.0-255,5738,412409,77,421515
13136,0.037755,172.31.40.0-255,66,412475,77,421515
13137,0.038358,104.244.42.0-255,66,412541,77,421515
13138,0.038402,104.244.42.0-255,66,412607,77,421515
13139,0.03845,104.244.42.0-255,66,412673,77,421515
13140,0.039984,172.217.194.0-255,5738,418411,77,421515
13141,0.039991,172.31.40.0-255,66,418477,77,421515
13142,0.042209,172.217.194.0-255,2276,420753,77,421515
13143,0.042216,172.31.40.0-255,66,420819,77,421515
13144,0.042375,172.31.40.0-255,105,420924,77,421515
13145,0.042411,172.31.40.0-255,105,421029,77,421515
13146,0.042638,172.31.40.0-255,90,421119,77,421515
13147,0.042646,172.31.40.0-255,66,421185,77,421515
13148,0.044567,172.217.194.0-255,66,421251,77,421515
13149,0.044595,172.217.194.0-255,66,421317,77,421515
13150,0.044807,172.217.194.0-255,66,421383,77,421515
13151,0.044906,172.217.194.0-255,66,421449,77,421515
13152,0.044922,172.31.40.0-255,66,421515,77,421515
13153,0.0,74.125.130.0-255,146,146,77,371703
13154,2.3e-05,172.31.40.0-255,66,212,77,371703
13155,3e-05,74.125.130.0-255,1484,1696,77,371703
13156,3.5e-05,172.31.40.0-255,66,1762,77,371703
13157,4.7e-05,74.125.130.0-255,2902,4664,77,371703
13158,5.1e-05,172.31.40.0-255,66,4730,77,371703
13159,9.2e-05,74.125.130.0-255,5738,10468,77,371703
13160,9.5e-05,172.31.40.0-255,66,10534,77,371703
13161,0.000234,74.125.130.0-255,3493,14027,77,371703
13162,0.000238,172.31.40.0-255,66,14093,77,371703
13163,0.000323,74.125.130.0-255,1484,15577,77,371703
13164,0.000327,172.31.40.0-255,66,15643,77,371703
13165,0.000351,74.125.130.0-255,2902,18545,77,371703
13166,0.000354,172.31.40.0-255,66,18611,77,371703
13167,0.000431,74.125.130.0-255,5738,24349,77,371703
13168,0.000435,172.31.40.0-255,66,24415,77,371703
13169,0.000569,74.125.130.0-255,5738,30153,77,371703
13170,0.000573,172.31.40.0-255,66,30219,77,371703
13171,0.000726,74.125.130.0-255,9992,40211,77,371703
13172,0.000731,172.31.40.0-255,66,40277,77,371703
13173,0.000752,74.125.130.0-255,5379,45656,77,371703
13174,0.000755,172.31.40.0-255,66,45722,77,371703
13175,0.001109,74.125.130.0-255,7156,52878,77,371703
13176,0.001115,172.31.40.0-255,66,52944,77,371703
13177,0.001143,74.125.130.0-255,12110,65054,77,371703
13178,0.001145,172.31.40.0-255,66,65120,77,371703
13179,0.001564,74.125.130.0-255,359,65479,77,371703
13180,0.001571,172.31.40.0-255,66,65545,77,371703
13181,0.001605,74.125.130.0-255,11410,76955,77,371703
13182,0.001608,172.31.40.0-255,66,77021,77,371703
13183,0.001644,172.31.40.0-255,66,77087,77,371703
13184,0.002443,74.125.130.0-255,1484,78571,77,371703
13185,0.002507,74.125.130.0-255,8574,87145,77,371703
13186,0.003381,172.31.40.0-255,66,87211,77,371703
13187,0.003419,74.125.130.0-255,9992,97203,77,371703
13188,0.003442,74.125.130.0-255,12828,110031,77,371703
13189,0.003472,172.31.40.0-255,66,110097,77,371703
13190,0.00548,74.125.130.0-255,2902,112999,77,371703
13191,0.005485,172.31.40.0-255,66,113065,77,371703
13192,0.005516,74.125.130.0-255,2902,115967,77,371703
13193,0.00553,172.31.40.0-255,66,116033,77,371703
13194,0.007495,74.125.130.0-255,2902,118935,77,371703
13195,0.007501,172.31.40.0-255,66,119001,77,371703
13196,0.00753,74.125.130.0-255,2902,121903,77,371703
13197,0.009518,74.125.130.0-255,2902,124805,77,371703
13198,0.010125,172.31.40.0-255,66,124871,77,371703
13199,0.012139,74.125.130.0-255,2902,127773,77,371703
13200,0.012146,172.31.40.0-255,66,127839,77,371703
13201,0.012172,74.125.130.0-255,2902,130741,77,371703
13202,0.012623,172.31.40.0-255,66,130807,77,371703
13203,0.014151,74.125.130.0-255,2902,133709,77,371703
13204,0.014158,172.31.40.0-255,66,133775,77,371703
13205,0.014641,74.125.130.0-255,2902,136677,77,371703
13206,0.014647,172.31.40.0-255,66,136743,77,371703
13207,0.016171,74.125.130.0-255,2902,139645,77,371703
13208,0.016179,172.31.40.0-255,66,139711,77,371703
13209,0.016654,74.125.130.0-255,2902,142613,77,371703
13210,0.01666,172.31.40.0-255,66,142679,77,371703
13211,0.018195,74.125.130.0-255,2902,145581,77,371703
13212,0.018203,172.31.40.0-255,66,145647,77,371703
13213,0.018706,74.125.130.0-255,2902,148549,77,371703
13214,0.018713,172.31.40.0-255,66,148615,77,371703
13215,0.02021,74.125.130.0-255,2902,151517,77,371703
13216,0.020217,172.31.40.0-255,66,151583,77,371703
13217,0.02072,74.125.130.0-255,2902,154485,77,371703
13218,0.020725,172.31.40.0-255,66,154551,77,371703
13219,0.022234,74.125.130.0-255,2902,157453,77,371703
13220,0.022241,172.31.40.0-255,66,157519,77,371703
13221,0.022725,74.125.130.0-255,2902,160421,77,371703
13222,0.022731,172.31.40.0-255,66,160487,77,371703
13223,0.024253,74.125.130.0-255,2902,163389,77,371703
13224,0.02426,172.31.40.0-255,66,163455,77,371703
13225,0.02474,74.125.130.0-255,2902,166357,77,371703
13226,0.024747,172.31.40.0-255,66,166423,77,371703
13227,0.02627,74.125.130.0-255,2902,169325,77,371703
13228,0.026276,172.31.40.0-255,66,169391,77,371703
13229,0.026747,74.125.130.0-255,2902,172293,77,371703
13230,0.026753,172.31.40.0-255,66,172359,77,371703
13231,0.028292,74.125.130.0-255,2902,175261,77,371703
13232,0.028298,172.31.40.0-255,66,175327,77,371703
13233,0.028768,74.125.130.0-255,2902,178229,77,371703
13234,0.028774,172.31.40.0-255,66,178295,77,371703
13235,0.029502,172.31.40.0-255,172,178467,77,371703
13236,0.029531,172.31.40.0-255,1120,179587,77,371703
13237,0.029588,172.31.40.0-255,1514,181101,77,371703
13238,0.02959,172.31.40.0-255,1277,182378,77,371703
13239,0.030313,74.125.130.0-255,2902,185280,77,371703
13240,0.03032,172.31.40.0-255,66,185346,77,371703
13241,0.030785,74.125.130.0-255,2902,188248,77,371703
13242,0.030792,172.31.40.0-255,66,188314,77,371703
13243,0.03099,104.244.42.0-255,66,188380,77,371703
13244,0.031099,104.244.42.0-255,66,188446,77,371703
13245,0.031105,104.244.42.0-255,66,188512,77,371703
13246,0.032319,74.125.130.0-255,2902,191414,77,371703
13247,0.032325,172.31.40.0-255,66,191480,77,371703
13248,0.032793,74.125.130.0-255,2902,194382,77,371703
13249,0.032798,172.31.40.0-255,66,194448,77,371703
13250,0.034328,74.125.130.0-255,2902,197350,77,371703
13251,0.034334,172.31.40.0-255,66,197416,77,371703
13252,0.034809,74.125.130.0-255,2902,200318,77,371703
13253,0.034816,172.31.40.0-255,66,200384,77,371703
13254,0.036341,74.125.130.0-255,2902,203286,77,371703
13255,0.036347,172.31.40.0-255,66,203352,77,371703
13256,0.036823,74.125.130.0-255,2902,206254,77,371703
13257,0.036829,172.31.40.0-255,66,206320,77,371703
13258,0.038362,74.125.130.0-255,2902,209222,77,371703
13259,0.038368,172.31.40.0-255,66,209288,77,371703
13260,0.03884,74.125.130.0-255,2902,212190,77,371703
13261,0.038846,172.31.40.0-255,66,212256,77,371703
13262,0.040375,74.125.130.0-255,2902,215158,77,371703
13263,0.040381,172.31.40.0-255,66,215224,77,371703
13264,0.040846,74.125.130.0-255,1484,216708,77,371703
13265,0.040863,74.125.130.0-255,1484,218192,77,371703
13266,0.040931,172.31.40.0-255,66,218258,77,371703
13267,0.042397,74.125.130.0-255,2902,221160,77,371703
13268,0.042404,172.31.40.0-255,66,221226,77,371703
13269,0.042953,74.125.130.0-255,2902,224128,77,371703
13270,0.042959,172.31.40.0-255,66,224194,77,371703
13271,0.044424,74.125.130.0-255,2902,227096,77,371703
13272,0.04443,172.31.40.0-255,66,227162,77,371703
13273,0.044966,74.125.130.0-255,2902,230064,77,371703
13274,0.044973,172.31.40.0-255,66,230130,77,371703
13275,0.046453,74.125.130.0-255,2902,233032,77,371703
13276,0.04646,172.31.40.0-255,66,233098,77,371703
13277,0.046983,74.125.130.0-255,2902,236000,77,371703
13278,0.046989,172.31.40.0-255,66,236066,77,371703
13279,0.048485,74.125.130.0-255,2902,238968,77,371703
13280,0.048492,172.31.40.0-255,66,239034,77,371703
13281,0.049013,74.125.130.0-255,2902,241936,77,371703
13282,0.049019,172.31.40.0-255,66,242002,77,371703
13283,0.050512,74.125.130.0-255,2902,244904,77,371703
13284,0.050519,172.31.40.0-255,66,244970,77,371703
13285,0.051087,74.125.130.0-255,2902,247872,77,371703
13286,0.051093,172.31.40.0-255,66,247938,77,371703
13287,0.052531,74.125.130.0-255,2902,250840,77,371703
13288,0.052536,172.31.40.0-255,66,250906,77,371703
13289,0.053135,74.125.130.0-255,2902,253808,77,371703
13290,0.05314,172.31.40.0-255,66,253874,77,371703
13291,0.054557,74.125.130.0-255,2902,256776,77,371703
13292,0.054562,172.31.40.0-255,66,256842,77,371703
13293,0.055151,74.125.130.0-255,2902,259744,77,371703
13294,0.055156,172.31.40.0-255,66,259810,77,371703
13295,0.056566,74.125.130.0-255,2902,262712,77,371703
13296,0.056572,172.31.40.0-255,66,262778,77,371703
13297,0.057175,74.125.130.0-255,2902,265680,77,371703
13298,0.05718,172.31.40.0-255,66,265746,77,371703
13299,0.058591,74.125.130.0-255,2902,268648,77,371703
13300,0.058597,172.31.40.0-255,66,268714,77,371703
13301,0.059223,74.125.130.0-255,2902,271616,77,371703
13302,0.05923,172.31.40.0-255,66,271682,77,371703
13303,0.060607,74.125.130.0-255,2902,274584,77,371703
13304,0.060613,172.31.40.0-255,66,274650,77,371703
13305,0.061234,74.125.130.0-255,2902,277552,77,371703
13306,0.061239,172.31.40.0-255,66,277618,77,371703
13307,0.062623,74.125.130.0-255,2902,280520,77,371703
13308,0.062818,172.31.40.0-255,66,280586,77,371703
13309,0.063249,74.125.130.0-255,2902,283488,77,371703
13310,0.063254,172.31.40.0-255,66,283554,77,371703
13311,0.064834,74.125.130.0-255,2902,286456,77,371703
13312,0.064839,172.31.40.0-255,66,286522,77,371703
13313,0.065273,74.125.130.0-255,2902,289424,77,371703
13314,0.065279,172.31.40.0-255,66,289490,77,371703
13315,0.066856,74.125.130.0-255,2902,292392,77,371703
13316,0.066863,172.31.40.0-255,66,292458,77,371703
13317,0.067286,74.125.130.0-255,2902,295360,77,371703
13318,0.067293,172.31.40.0-255,66,295426,77,371703
13319,0.068875,74.125.130.0-255,2902,298328,77,371703
13320,0.068882,172.31.40.0-255,66,298394,77,371703
13321,0.069303,74.125.130.0-255,2902,301296,77,371703
13322,0.069309,172.31.40.0-255,66,301362,77,371703
13323,0.070895,74.125.130.0-255,2902,304264,77,371703
13324,0.070902,172.31.40.0-255,66,304330,77,371703
13325,0.071324,74.125.130.0-255,2902,307232,77,371703
13326,0.071331,172.31.40.0-255,66,307298,77,371703
13327,0.072911,74.125.130.0-255,2902,310200,77,371703
13328,0.072916,172.31.40.0-255,66,310266,77,371703
13329,0.073344,74.125.130.0-255,2902,313168,77,371703
13330,0.07335,172.31.40.0-255,66,313234,77,371703
13331,0.074923,74.125.130.0-255,2902,316136,77,371703
13332,0.074929,172.31.40.0-255,66,316202,77,371703
13333,0.075367,74.125.130.0-255,2902,319104,77,371703
13334,0.075373,172.31.40.0-255,66,319170,77,371703
13335,0.076955,74.125.130.0-255,2902,322072,77,371703
13336,0.076962,172.31.40.0-255,66,322138,77,371703
13337,0.077395,74.125.130.0-255,2902,325040,77,371703
13338,0.077401,172.31.40.0-255,66,325106,77,371703
13339,0.078979,74.125.130.0-255,2902,328008,77,371703
13340,0.078987,172.31.40.0-255,66,328074,77,371703
13341,0.079422,74.125.130.0-255,2902,330976,77,371703
13342,0.079429,172.31.40.0-255,66,331042,77,371703
13343,0.080999,74.125.130.0-255,2902,333944,77,371703
13344,0.081006,172.31.40.0-255,66,334010,77,371703
13345,0.08145,74.125.130.0-255,2902,336912,77,371703
13346,0.081456,172.31.40.0-255,66,336978,77,371703
13347,0.083023,74.125.130.0-255,2902,339880,77,371703
13348,0.08303,172.31.40.0-255,66,339946,77,371703
13349,0.083502,74.125.130.0-255,2902,342848,77,371703
13350,0.083509,172.31.40.0-255,66,342914,77,371703
13351,0.085054,74.125.130.0-255,2902,345816,77,371703
13352,0.085061,172.31.40.0-255,66,345882,77,371703
13353,0.085518,74.125.130.0-255,2902,348784,77,371703
13354,0.085524,172.31.40.0-255,66,348850,77,371703
13355,0.087071,74.125.130.0-255,2902,351752,77,371703
13356,0.087079,172.31.40.0-255,66,351818,77,371703
13357,0.08754,74.125.130.0-255,2902,354720,77,371703
13358,0.087546,172.31.40.0-255,66,354786,77,371703
13359,0.089091,74.125.130.0-255,2902,357688,77,371703
13360,0.089097,172.31.40.0-255,66,357754,77,371703
13361,0.08956,74.125.130.0-255,2902,360656,77,371703
13362,0.089566,172.31.40.0-255,66,360722,77,371703
13363,0.091118,74.125.130.0-255,2902,363624,77,371703
13364,0.091125,172.31.40.0-255,66,363690,77,371703
13365,0.091579,74.125.130.0-255,2902,366592,77,371703
13366,0.091586,172.31.40.0-255,66,366658,77,371703
13367,0.093172,74.125.130.0-255,2902,369560,77,371703
13368,0.093179,172.31.40.0-255,66,369626,77,371703
13369,0.093703,74.125.130.0-255,1840,371466,77,371703
13370,0.093709,172.31.40.0-255,66,371532,77,371703
13371,0.093871,172.31.40.0-255,105,371637,77,371703
13372,0.095843,74.125.130.0-255,66,371703,77,371703
13373,0.0,74.125.200.0-255,152,152,77,402991
13374,1.9e-05,172.31.40.0-255,66,218,77,402991
13375,2.6e-05,74.125.200.0-255,1484,1702,77,402991
13376,3e-05,172.31.40.0-255,66,1768,77,402991
13377,3.4e-05,74.125.200.0-255,1484,3252,77,402991
13378,3.7e-05,172.31.40.0-255,66,3318,77,402991
13379,5.2e-05,74.125.200.0-255,2902,6220,77,402991
13380,5.5e-05,172.31.40.0-255,66,6286,77,402991
13381,6.2e-05,74.125.200.0-255,5738,12024,77,402991
13382,6.5e-05,172.31.40.0-255,66,12090,77,402991
13383,0.000101,74.125.200.0-255,2129,14219,77,402991
13384,0.000104,172.31.40.0-255,66,14285,77,402991
13385,0.000406,74.125.200.0-255,1484,15769,77,402991
13386,0.000412,172.31.40.0-255,66,15835,77,402991
13387,0.000417,74.125.200.0-255,2902,18737,77,402991
13388,0.00042,172.31.40.0-255,66,18803,77,402991
13389,0.000451,74.125.200.0-255,5738,24541,77,402991
13390,0.000454,172.31.40.0-255,66,24607,77,402991
13391,0.00046,74.125.200.0-255,4320,28927,77,402991
13392,0.000462,172.31.40.0-255,66,28993,77,402991
13393,0.000488,74.125.200.0-255,2543,31536,77,402991
13394,0.00049,172.31.40.0-255,66,31602,77,402991
13395,0.000498,74.125.200.0-255,7156,38758,77,402991
13396,0.0005,172.31.40.0-255,66,38824,77,402991
13397,0.000526,74.125.200.0-255,4320,43144,77,402991
13398,0.000528,172.31.40.0-255,66,43210,77,402991
13399,0.000553,74.125.200.0-255,4320,47530,77,402991
13400,0.000562,172.31.40.0-255,66,47596,77,402991
13401,0.000572,74.125.200.0-255,9992,57588,77,402991
13402,0.000574,172.31.40.0-255,66,57654,77,402991
13403,0.00061,74.125.200.0-255,7856,65510,77,402991
13404,0.000613,172.31.40.0-255,66,65576,77,402991
13405,0.000683,74.125.200.0-255,401,65977,77,402991
13406,0.000704,74.125.200.0-255,112,66089,77,402991
13407,0.000839,74.125.200.0-255,1484,67573,77,402991
13408,0.000851,172.31.40.0-255,66,67639,77,402991
13409,0.000859,74.125.200.0-255,1484,69123,77,402991
13410,0.000864,74.125.200.0-255,2902,72025,77,402991
13411,0.000889,74.125.200.0-255,5738,77763,77,402991
13412,0.000895,74.125.200.0-255,4320,82083,77,402991
13413,0.0009,172.31.40.0-255,66,82149,77,402991
13414,0.000921,74.125.200.0-255,5738,87887,77,402991
13415,0.000933,172.31.40.0-255,66,87953,77,402991
13416,0.000969,74.125.200.0-255,11410,99363,77,402991
13417,0.000972,74.125.200.0-255,766,100129,77,402991
13418,0.00101,172.31.40.0-255,66,100195,77,402991
13419,0.001021,74.125.200.0-255,331,100526,77,402991
13420,0.001063,74.125.200.0-255,1484,102010,77,402991
13421,0.001079,74.125.200.0-255,4320,106330,77,402991
13422,0.001091,172.31.40.0-255,66,106396,77,402991
13423,0.001099,74.125.200.0-255,7156,113552,77,402991
13424,0.001108,172.31.40.0-255,66,113618,77,402991
13425,0.00114,74.125.200.0-255,8574,122192,77,402991
13426,0.001144,74.125.200.0-255,1484,123676,77,402991
13427,0.001153,172.31.40.0-255,66,123742,77,402991
13428,0.001174,74.125.200.0-255,10692,134434,77,402991
13429,0.001197,172.31.40.0-255,66,134500,77,402991
13430,0.00183,74.125.200.0-255,1484,135984,77,402991
13431,0.001852,74.125.200.0-255,2902,138886,77,402991
13432,0.001856,172.31.40.0-255,66,138952,77,402991
13433,0.001863,74.125.200.0-255,5738,144690,77,402991
13434,0.001867,74.125.200.0-255,2902,147592,77,402991
13435,0.001889,74.125.200.0-255,4320,151912,77,402991
13436,0.001905,74.125.200.0-255,2902,154814,77,402991
13437,0.001909,172.31.40.0-255,66,154880,77,402991
13438,0.001949,74.125.200.0-255,11410,166290,77,402991
13439,0.001954,74.125.200.0-255,2184,168474,77,402991
13440,0.00197,172.31.40.0-255,66,168540,77,402991
13441,0.002199,74.125.200.0-255,1484,170024,77,402991
13442,0.002205,74.125.200.0-255,2902,172926,77,402991
13443,0.002208,172.31.40.0-255,66,172992,77,402991
13444,0.002212,74.125.200.0-255,1484,174476,77,402991
13445,0.00224,74.125.200.0-255,2902,177378,77,402991
13446,0.002246,74.125.200.0-255,5738,183116,77,402991
13447,0.002252,172.31.40.0-255,66,183182,77,402991
13448,0.002288,74.125.200.0-255,11410,194592,77,402991
13449,0.002311,172.31.40.0-255,66,194658,77,402991
13450,0.002316,74.125.200.0-255,2902,197560,77,402991
13451,0.00232,172.31.40.0-255,66,197626,77,402991
13452,0.002355,74.125.200.0-255,9274,206900,77,402991
13453,0.002366,74.125.200.0-255,5738,212638,77,402991
13454,0.002458,172.31.40.0-255,66,212704,77,402991
13455,0.002611,172.31.40.0-255,101,212805,77,402991
13456,0.004777,74.125.200.0-255,5738,218543,77,402991
13457,0.004783,172.31.40.0-255,66,218609,77,402991
13458,0.004877,74.125.200.0-255,66,218675,77,402991
13459,0.007101,74.125.200.0-255,5738,224413,77,402991
13460,0.007483,172.31.40.0-255,66,224479,77,402991
13461,0.009822,74.125.200.0-255,5738,230217,77,402991
13462,0.00983,172.31.40.0-255,66,230283,77,402991
13463,0.012202,74.125.200.0-255,5738,236021,77,402991
13464,0.015675,172.31.40.0-255,66,236087,77,402991
13465,0.018049,74.125.200.0-255,5738,241825,77,402991
13466,0.018061,172.31.40.0-255,66,241891,77,402991
13467,0.020395,74.125.200.0-255,5738,247629,77,402991
13468,0.023574,172.31.40.0-255,66,247695,77,402991
13469,0.025927,74.125.200.0-255,5738,253433,77,402991
13470,0.025944,172.31.40.0-255,66,253499,77,402991
13471,0.028262,74.125.200.0-255,5738,259237,77,402991
13472,0.028269,172.31.40.0-255,66,259303,77,402991
13473,0.03059,74.125.200.0-255,5738,265041,77,402991
13474,0.030598,172.31.40.0-255,66,265107,77,402991
13475,0.03295,74.125.200.0-255,5738,270845,77,402991
13476,0.032958,172.31.40.0-255,66,270911,77,402991
13477,0.035285,74.125.200.0-255,5738,276649,77,402991
13478,0.035294,172.31.40.0-255,66,276715,77,402991
13479,0.037623,74.125.200.0-255,5738,282453,77,402991
13480,0.037634,172.31.40.0-255,66,282519,77,402991
13481,0.039959,74.125.200.0-255,5738,288257,77,402991
13482,0.039966,172.31.40.0-255,66,288323,77,402991
13483,0.042289,74.125.200.0-255,5738,294061,77,402991
13484,0.042295,172.31.40.0-255,66,294127,77,402991
13485,0.04463,74.125.200.0-255,5738,299865,77,402991
13486,0.044638,172.31.40.0-255,66,299931,77,402991
13487,0.044747,172.31.40.0-255,172,300103,77,402991
13488,0.044775,172.31.40.0-255,1115,301218,77,402991
13489,0.044837,172.31.40.0-255,1514,302732,77,402991
13490,0.044839,172.31.40.0-255,1514,304246,77,402991
13491,0.04484,172.31.40.0-255,1253,305499,77,402991
13492,0.046723,104.244.42.0-255,66,305565,77,402991
13493,0.046954,74.125.200.0-255,5738,311303,77,402991
13494,0.046962,172.31.40.0-255,66,311369,77,402991
13495,0.049285,74.125.200.0-255,5738,317107,77,402991
13496,0.049293,172.31.40.0-255,66,317173,77,402991
13497,0.051613,74.125.200.0-255,5738,322911,77,402991
13498,0.051621,172.31.40.0-255,66,322977,77,402991
13499,0.053954,74.125.200.0-255,5738,328715,77,402991
13500,0.053962,172.31.40.0-255,66,328781,77,402991
13501,0.056291,74.125.200.0-255,5738,334519,77,402991
13502,0.056297,172.31.40.0-255,66,334585,77,402991
13503,0.05862,74.125.200.0-255,5738,340323,77,402991
13504,0.058628,172.31.40.0-255,66,340389,77,402991
13505,0.060952,74.125.200.0-255,5738,346127,77,402991
13506,0.060962,172.31.40.0-255,66,346193,77,402991
13507,0.063308,74.125.200.0-255,5738,351931,77,402991
13508,0.063318,172.31.40.0-255,66,351997,77,402991
13509,0.065644,74.125.200.0-255,5738,357735,77,402991
13510,0.065652,172.31.40.0-255,66,357801,77,402991
13511,0.067979,74.125.200.0-255,5738,363539,77,402991
13512,0.067985,172.31.40.0-255,66,363605,77,402991
13513,0.070318,74.125.200.0-255,5738,369343,77,402991
13514,0.070325,172.31.40.0-255,66,369409,77,402991
13515,0.072647,74.125.200.0-255,5738,375147,77,402991
13516,0.072655,172.31.40.0-255,66,375213,77,402991
13517,0.07498,74.125.200.0-255,5738,380951,77,402991
13518,0.074988,172.31.40.0-255,66,381017,77,402991
13519,0.077305,74.125.200.0-255,5738,386755,77,402991
13520,0.077313,172.31.40.0-255,66,386821,77,402991
13521,0.079647,74.125.200.0-255,5738,392559,77,402991
13522,0.079654,172.31.40.0-255,66,392625,77,402991
13523,0.082022,74.125.200.0-255,5738,398363,77,402991
13524,0.082029,172.31.40.0-255,66,398429,77,402991
13525,0.08437,74.125.200.0-255,4325,402754,77,402991
13526,0.084378,172.31.40.0-255,66,402820,77,402991
13527,0.084574,172.31.40.0-255,105,402925,77,402991
13528,0.090742,74.125.200.0-255,66,402991,77,402991
13529,0.0,74.125.24.0-255,150,150,77,358938
13530,2.1e-05,172.31.40.0-255,66,216,77,358938
13531,2.8e-05,74.125.24.0-255,1484,1700,77,358938
13532,3.2e-05,172.31.40.0-255,66,1766,77,358938
13533,3.8e-05,74.125.24.0-255,2902,4668,77,358938
13534,4.1e-05,172.31.40.0-255,66,4734,77,358938
13535,4.6e-05,74.125.24.0-255,4320,9054,77,358938
13536,5e-05,172.31.40.0-255,66,9120,77,358938
13537,9.2e-05,74.125.24.0-255,2902,12022,77,358938
13538,9.5e-05,172.31.40.0-255,66,12088,77,358938
13539,0.000115,74.125.24.0-255,2102,14190,77,358938
13540,0.000117,172.31.40.0-255,66,14256,77,358938
13541,0.000124,74.125.24.0-255,5738,19994,77,358938
13542,0.000127,172.31.40.0-255,66,20060,77,358938
13543,0.00016,74.125.24.0-255,9992,30052,77,358938
13544,0.000163,172.31.40.0-255,66,30118,77,358938
13545,0.00018,74.125.24.0-255,1125,31243,77,358938
13546,0.000182,172.31.40.0-255,66,31309,77,358938
13547,0.000367,74.125.24.0-255,1484,32793,77,358938
13548,0.000372,172.31.40.0-255,66,32859,77,358938
13549,0.000378,74.125.24.0-255,2902,35761,77,358938
13550,0.000379,172.31.40.0-255,66,35827,77,358938
13551,0.000385,74.125.24.0-255,4320,40147,77,358938
13552,0.000387,172.31.40.0-255,66,40213,77,358938
13553,0.000414,74.125.24.0-255,1484,41697,77,358938
13554,0.000416,172.31.40.0-255,66,41763,77,358938
13555,0.000424,74.125.24.0-255,6797,48560,77,358938
13556,0.000426,172.31.40.0-255,66,48626,77,358938
13557,0.000429,74.125.24.0-255,1484,50110,77,358938
13558,0.000432,172.31.40.0-255,66,50176,77,358938
13559,0.000464,74.125.24.0-255,12828,63004,77,358938
13560,0.000467,172.31.40.0-255,66,63070,77,358938
13561,0.000471,74.125.24.0-255,2853,65923,77,358938
13562,0.000473,172.31.40.0-255,66,65989,77,358938
13563,0.000526,74.125.24.0-255,109,66098,77,358938
13564,0.00072,74.125.24.0-255,334,66432,77,358938
13565,0.001091,74.125.24.0-255,1484,67916,77,358938
13566,0.001096,172.31.40.0-255,66,67982,77,358938
13567,0.001119,74.125.24.0-255,2902,70884,77,358938
13568,0.001121,172.31.40.0-255,66,70950,77,358938
13569,0.001143,74.125.24.0-255,5738,76688,77,358938
13570,0.001146,172.31.40.0-255,66,76754,77,358938
13571,0.001154,74.125.24.0-255,7156,83910,77,358938
13572,0.001156,172.31.40.0-255,66,83976,77,358938
13573,0.001183,74.125.24.0-255,4320,88296,77,358938
13574,0.001186,172.31.40.0-255,66,88362,77,358938
13575,0.001197,74.125.24.0-255,12110,100472,77,358938
13576,0.001199,172.31.40.0-255,66,100538,77,358938
13577,0.001957,74.125.24.0-255,1484,102022,77,358938
13578,0.001966,74.125.24.0-255,2902,104924,77,358938
13579,0.00197,172.31.40.0-255,66,104990,77,358938
13580,0.001979,74.125.24.0-255,5738,110728,77,358938
13581,0.001982,172.31.40.0-255,66,110794,77,358938
13582,0.002009,74.125.24.0-255,12828,123622,77,358938
13583,0.002012,172.31.40.0-255,66,123688,77,358938
13584,0.002019,74.125.24.0-255,7156,130844,77,358938
13585,0.002021,172.31.40.0-255,66,130910,77,358938
13586,0.002046,74.125.24.0-255,1484,132394,77,358938
13587,0.002059,74.125.24.0-255,2184,134578,77,358938
13588,0.002061,172.31.40.0-255,66,134644,77,358938
13589,0.002162,74.125.24.0-255,1484,136128,77,358938
13590,0.002168,74.125.24.0-255,2902,139030,77,358938
13591,0.002171,172.31.40.0-255,66,139096,77,358938
13592,0.002234,74.125.24.0-255,5738,144834,77,358938
13593,0.002237,172.31.40.0-255,66,144900,77,358938
13594,0.002249,74.125.24.0-255,12828,157728,77,358938
13595,0.002252,172.31.40.0-255,66,157794,77,358938
13596,0.002258,74.125.24.0-255,7156,164950,77,358938
13597,0.002261,172.31.40.0-255,66,165016,77,358938
13598,0.002266,74.125.24.0-255,3602,168618,77,358938
13599,0.002268,172.31.40.0-255,66,168684,77,358938
13600,0.003296,74.125.24.0-255,1484,170168,77,358938
13601,0.0033,74.125.24.0-255,1484,171652,77,358938
13602,0.003302,172.31.40.0-255,66,171718,77,358938
13603,0.003321,74.125.24.0-255,1484,173202,77,358938
13604,0.003328,74.125.24.0-255,5738,178940,77,358938
13605,0.00333,172.31.40.0-255,66,179006,77,358938
13606,0.003338,74.125.24.0-255,7156,186162,77,358938
13607,0.00334,172.31.40.0-255,66,186228,77,358938
13608,0.003357,74.125.24.0-255,4320,190548,77,358938
13609,0.003359,172.31.40.0-255,66,190614,77,358938
13610,0.003388,74.125.24.0-255,9992,200606,77,358938
13611,0.00339,172.31.40.0-255,66,200672,77,358938
13612,0.003394,74.125.24.0-255,2184,202856,77,358938
13613,0.003396,172.31.40.0-255,66,202922,77,358938
13614,0.003488,74.125.24.0-255,1484,204406,77,358938
13615,0.003508,74.125.24.0-255,2902,207308,77,358938
13616,0.003511,172.31.40.0-255,66,207374,77,358938
13617,0.003514,74.125.24.0-255,1484,208858,77,358938
13618,0.003529,74.125.24.0-255,1484,210342,77,358938
13619,0.003531,172.31.40.0-255,66,210408,77,358938
13620,0.003537,74.125.24.0-255,4320,214728,77,358938
13621,0.003539,172.31.40.0-255,66,214794,77,358938
13622,0.003555,74.125.24.0-255,2902,217696,77,358938
13623,0.003557,172.31.40.0-255,66,217762,77,358938
13624,0.003564,74.125.24.0-255,7156,224918,77,358938
13625,0.003567,172.31.40.0-255,66,224984,77,358938
13626,0.003591,74.125.24.0-255,8574,233558,77,358938
13627,0.003593,172.31.40.0-255,66,233624,77,358938
13628,0.003598,74.125.24.0-255,3602,237226,77,358938
13629,0.0036,172.31.40.0-255,66,237292,77,358938
13630,0.003603,74.125.24.0-255,1484,238776,77,358938
13631,0.003652,172.31.40.0-255,66,238842,77,358938
13632,0.003664,74.125.24.0-255,12110,250952,77,358938
13633,0.003666,172.31.40.0-255,66,251018,77,358938
13634,0.003706,172.31.40.0-255,66,251084,77,358938
13635,0.003709,74.125.24.0-255,1484,252568,77,358938
13636,0.003733,74.125.24.0-255,11410,263978,77,358938
13637,0.003736,172.31.40.0-255,66,264044,77,358938
13638,0.003749,74.125.24.0-255,4320,268364,77,358938
13639,0.003752,172.31.40.0-255,66,268430,77,358938
13640,0.003755,74.125.24.0-255,766,269196,77,358938
13641,0.00407,74.125.24.0-255,1484,270680,77,358938
13642,0.004075,172.31.40.0-255,66,270746,77,358938
13643,0.00408,74.125.24.0-255,2902,273648,77,358938
13644,0.004083,172.31.40.0-255,66,273714,77,358938
13645,0.004097,74.125.24.0-255,5738,279452,77,358938
13646,0.004099,172.31.40.0-255,66,279518,77,358938
13647,0.00412,74.125.24.0-255,5738,285256,77,358938
13648,0.004123,172.31.40.0-255,66,285322,77,358938
13649,0.004155,74.125.24.0-255,7156,292478,77,358938
13650,0.004158,172.31.40.0-255,66,292544,77,358938
13651,0.004165,74.125.24.0-255,5738,298282,77,358938
13652,0.004167,172.31.40.0-255,66,298348,77,358938
13653,0.004244,172.31.40.0-255,66,298414,77,358938
13654,0.004252,74.125.24.0-255,8574,306988,77,358938
13655,0.004255,172.31.40.0-255,66,307054,77,358938
13656,0.004261,74.125.24.0-255,5738,312792,77,358938
13657,0.004264,172.31.40.0-255,66,312858,77,358938
13658,0.004288,74.125.24.0-255,3602,316460,77,358938
13659,0.00429,172.31.40.0-255,66,316526,77,358938
13660,0.004293,74.125.24.0-255,1484,318010,77,358938
13661,0.004311,74.125.24.0-255,2902,320912,77,358938
13662,0.004314,172.31.40.0-255,66,320978,77,358938
13663,0.00432,74.125.24.0-255,5738,326716,77,358938
13664,0.004322,172.31.40.0-255,66,326782,77,358938
13665,0.004362,74.125.24.0-255,9992,336774,77,358938
13666,0.004365,172.31.40.0-255,66,336840,77,358938
13667,0.004368,74.125.24.0-255,1484,338324,77,358938
13668,0.004382,74.125.24.0-255,5738,344062,77,358938
13669,0.004385,172.31.40.0-255,66,344128,77,358938
13670,0.004412,74.125.24.0-255,7856,351984,77,358938
13671,0.004414,172.31.40.0-255,66,352050,77,358938
13672,0.00442,74.125.24.0-255,3007,355057,77,358938
13673,0.004423,172.31.40.0-255,66,355123,77,358938
13674,0.004426,74.125.24.0-255,97,355220,77,358938
13675,0.004443,74.125.24.0-255,105,355325,77,358938
13676,0.012129,172.31.40.0-255,66,355391,77,358938
13677,0.01218,172.31.40.0-255,105,355496,77,358938
13678,0.013341,74.125.24.0-255,105,355601,77,358938
13679,0.013353,172.31.40.0-255,78,355679,77,358938
13680,0.014461,74.125.24.0-255,66,355745,77,358938
13681,0.050165,172.31.40.0-255,172,355917,77,358938
13682,0.050211,172.31.40.0-255,1115,357032,77,358938
13683,0.050276,172.31.40.0-255,1514,358546,77,358938
13684,0.050278,172.31.40.0-255,326,358872,77,358938
13685,0.052346,104.244.42.0-255,66,358938,77,358938
13686,0.0,74.125.130.0-255,147,147,77,421380
13687,1.9e-05,172.31.40.0-255,66,213,77,421380
13688,2.8e-05,74.125.130.0-255,1484,1697,77,421380
13689,3.2e-05,172.31.40.0-255,66,1763,77,421380
13690,3.8e-05,74.125.130.0-255,2902,4665,77,421380
13691,4.2e-05,172.31.40.0-255,66,4731,77,421380
13692,4.8e-05,74.125.130.0-255,4320,9051,77,421380
13693,5.2e-05,172.31.40.0-255,66,9117,77,421380
13694,5.8e-05,74.125.130.0-255,4863,13980,77,421380
13695,6.1e-05,172.31.40.0-255,66,14046,77,421380
13696,0.000152,74.125.130.0-255,1484,15530,77,421380
13697,0.000155,172.31.40.0-255,66,15596,77,421380
13698,0.000174,74.125.130.0-255,2902,18498,77,421380
13699,0.000177,172.31.40.0-255,66,18564,77,421380
13700,0.000187,74.125.130.0-255,1484,20048,77,421380
13701,0.000189,172.31.40.0-255,66,20114,77,421380
13702,0.000206,74.125.130.0-255,1484,21598,77,421380
13703,0.000209,172.31.40.0-255,66,21664,77,421380
13704,0.000234,74.125.130.0-255,1484,23148,77,421380
13705,0.000236,172.31.40.0-255,66,23214,77,421380
13706,0.000242,74.125.130.0-255,5738,28952,77,421380
13707,0.000244,172.31.40.0-255,66,29018,77,421380
13708,0.000248,74.125.130.0-255,2543,31561,77,421380
13709,0.00025,172.31.40.0-255,66,31627,77,421380
13710,0.000283,74.125.130.0-255,1484,33111,77,421380
13711,0.000285,172.31.40.0-255,66,33177,77,421380
13712,0.000297,74.125.130.0-255,2902,36079,77,421380
13713,0.000299,172.31.40.0-255,66,36145,77,421380
13714,0.000327,74.125.130.0-255,5738,41883,77,421380
13715,0.000329,172.31.40.0-255,66,41949,77,421380
13716,0.000332,74.125.130.0-255,1484,43433,77,421380
13717,0.000333,172.31.40.0-255,66,43499,77,421380
13718,0.000357,74.125.130.0-255,5379,48878,77,421380
13719,0.00036,172.31.40.0-255,66,48944,77,421380
13720,0.000405,74.125.130.0-255,1484,50428,77,421380
13721,0.000424,74.125.130.0-255,2902,53330,77,421380
13722,0.000426,172.31.40.0-255,66,53396,77,421380
13723,0.000429,74.125.130.0-255,1484,54880,77,421380
13724,0.000446,74.125.130.0-255,2902,57782,77,421380
13725,0.000448,172.31.40.0-255,66,57848,77,421380
13726,0.000476,74.125.130.0-255,5738,63586,77,421380
13727,0.000478,172.31.40.0-255,66,63652,77,421380
13728,0.000508,74.125.130.0-255,2543,66195,77,421380
13729,0.00051,172.31.40.0-255,66,66261,77,421380
13730,0.00068,74.125.130.0-255,646,66907,77,421380
13731,0.001016,172.31.40.0-255,66,66973,77,421380
13732,0.001216,74.125.130.0-255,1484,68457,77,421380
13733,0.001226,74.125.130.0-255,2902,71359,77,421380
13734,0.00123,172.31.40.0-255,66,71425,77,421380
13735,0.001257,74.125.130.0-255,5738,77163,77,421380
13736,0.001259,172.31.40.0-255,66,77229,77,421380
13737,0.001265,74.125.130.0-255,4320,81549,77,421380
13738,0.001267,172.31.40.0-255,66,81615,77,421380
13739,0.001273,74.125.130.0-255,5738,87353,77,421380
13740,0.001275,172.31.40.0-255,66,87419,77,421380
13741,0.001304,74.125.130.0-255,7156,94575,77,421380
13742,0.001307,172.31.40.0-255,66,94641,77,421380
13743,0.00133,74.125.130.0-255,4320,98961,77,421380
13744,0.001333,172.31.40.0-255,66,99027,77,421380
13745,0.001338,74.125.130.0-255,2184,101211,77,421380
13746,0.00134,172.31.40.0-255,66,101277,77,421380
13747,0.001384,74.125.130.0-255,1484,102761,77,421380
13748,0.001401,74.125.130.0-255,2902,105663,77,421380
13749,0.001404,172.31.40.0-255,66,105729,77,421380
13750,0.001421,74.125.130.0-255,4320,110049,77,421380
13751,0.001423,172.31.40.0-255,66,110115,77,421380
13752,0.001427,74.125.130.0-255,1484,111599,77,421380
13753,0.001443,74.125.130.0-255,4320,115919,77,421380
13754,0.001445,172.31.40.0-255,66,115985,77,421380
13755,0.00147,74.125.130.0-255,1994,117979,77,421380
13756,0.001473,172.31.40.0-255,66,118045,77,421380
13757,0.001662,74.125.130.0-255,1484,119529,77,421380
13758,0.00167,74.125.130.0-255,2902,122431,77,421380
13759,0.001673,172.31.40.0-255,66,122497,77,421380
13760,0.001677,74.125.130.0-255,1484,123981,77,421380
13761,0.001696,74.125.130.0-255,4320,128301,77,421380
13762,0.001699,172.31.40.0-255,66,128367,77,421380
13763,0.001718,74.125.130.0-255,4320,132687,77,421380
13764,0.00172,172.31.40.0-255,66,132753,77,421380
13765,0.001735,74.125.130.0-255,4320,137073,77,421380
13766,0.001738,172.31.40.0-255,66,137139,77,421380
13767,0.001742,74.125.130.0-255,4320,141459,77,421380
13768,0.001745,172.31.40.0-255,66,141525,77,421380
13769,0.001769,74.125.130.0-255,5738,147263,77,421380
13770,0.001772,172.31.40.0-255,66,147329,77,421380
13771,0.001778,74.125.130.0-255,5020,152349,77,421380
13772,0.00178,172.31.40.0-255,66,152415,77,421380
13773,0.001943,74.125.130.0-255,1484,153899,77,421380
13774,0.001962,74.125.130.0-255,2902,156801,77,421380
13775,0.001966,172.31.40.0-255,66,156867,77,421380
13776,0.001969,74.125.130.0-255,1484,158351,77,421380
13777,0.001993,74.125.130.0-255,2902,161253,77,421380
13778,0.001996,172.31.40.0-255,66,161319,77,421380
13779,0.002003,74.125.130.0-255,5738,167057,77,421380
13780,0.002006,172.31.40.0-255,66,167123,77,421380
13781,0.00202,74.125.130.0-255,2902,170025,77,421380
13782,0.002022,172.31.40.0-255,66,170091,77,421380
13783,0.002041,74.125.130.0-255,5738,175829,77,421380
13784,0.002044,172.31.40.0-255,66,175895,77,421380
13785,0.002058,74.125.130.0-255,4320,180215,77,421380
13786,0.002061,172.31.40.0-255,66,180281,77,421380
13787,0.002078,74.125.130.0-255,5738,186019,77,421380
13788,0.00208,172.31.40.0-255,66,186085,77,421380
13789,0.002083,74.125.130.0-255,766,186851,77,421380
13790,0.004367,74.125.130.0-255,4320,191171,77,421380
13791,0.004375,172.31.40.0-255,66,191237,77,421380
13792,0.006647,74.125.130.0-255,5738,196975,77,421380
13793,0.006653,172.31.40.0-255,66,197041,77,421380
13794,0.008931,74.125.130.0-255,5738,202779,77,421380
13795,0.008938,172.31.40.0-255,66,202845,77,421380
13796,0.011227,74.125.130.0-255,5738,208583,77,421380
13797,0.011235,172.31.40.0-255,66,208649,77,421380
13798,0.013504,74.125.130.0-255,5738,214387,77,421380
13799,0.013511,172.31.40.0-255,66,214453,77,421380
13800,0.015798,74.125.130.0-255,5738,220191,77,421380
13801,0.015808,172.31.40.0-255,66,220257,77,421380
13802,0.018103,74.125.130.0-255,5738,225995,77,421380
13803,0.018118,172.31.40.0-255,66,226061,77,421380
13804,0.020403,74.125.130.0-255,5738,231799,77,421380
13805,0.020412,172.31.40.0-255,66,231865,77,421380
13806,0.022679,74.125.130.0-255,5738,237603,77,421380
13807,0.022688,172.31.40.0-255,66,237669,77,421380
13808,0.024966,74.125.130.0-255,5738,243407,77,421380
13809,0.024974,172.31.40.0-255,66,243473,77,421380
13810,0.025439,172.31.40.0-255,226,243699,77,421380
13811,0.02547,172.31.40.0-255,1120,244819,77,421380
13812,0.025529,172.31.40.0-255,1514,246333,77,421380
13813,0.025531,172.31.40.0-255,320,246653,77,421380
13814,0.027256,74.125.130.0-255,5738,252391,77,421380
13815,0.027263,172.31.40.0-255,66,252457,77,421380
13816,0.027943,104.244.42.0-255,66,252523,77,421380
13817,0.029524,74.125.130.0-255,1484,254007,77,421380
13818,0.029548,74.125.130.0-255,4320,258327,77,421380
13819,0.029555,172.31.40.0-255,66,258393,77,421380
13820,0.031826,74.125.130.0-255,5738,264131,77,421380
13821,0.031833,172.31.40.0-255,66,264197,77,421380
13822,0.034113,74.125.130.0-255,5738,269935,77,421380
13823,0.034119,172.31.40.0-255,66,270001,77,421380
13824,0.03639,74.125.130.0-255,5738,275739,77,421380
13825,0.036396,172.31.40.0-255,66,275805,77,421380
13826,0.038681,74.125.130.0-255,5738,281543,77,421380
13827,0.038685,172.31.40.0-255,66,281609,77,421380
13828,0.040996,74.125.130.0-255,5738,287347,77,421380
13829,0.041001,172.31.40.0-255,66,287413,77,421380
13830,0.043279,74.125.130.0-255,5738,293151,77,421380
13831,0.043286,172.31.40.0-255,66,293217,77,421380
13832,0.045571,74.125.130.0-255,5738,298955,77,421380
13833,0.045578,172.31.40.0-255,66,299021,77,421380
13834,0.047865,74.125.130.0-255,5738,304759,77,421380
13835,0.047872,172.31.40.0-255,66,304825,77,421380
13836,0.050148,74.125.130.0-255,5738,310563,77,421380
13837,0.050155,172.31.40.0-255,66,310629,77,421380
13838,0.052446,74.125.130.0-255,5738,316367,77,421380
13839,0.052453,172.31.40.0-255,66,316433,77,421380
13840,0.054734,74.125.130.0-255,5738,322171,77,421380
13841,0.054742,172.31.40.0-255,66,322237,77,421380
13842,0.057041,74.125.130.0-255,5738,327975,77,421380
13843,0.057047,172.31.40.0-255,66,328041,77,421380
13844,0.059324,74.125.130.0-255,5738,333779,77,421380
13845,0.059331,172.31.40.0-255,66,333845,77,421380
13846,0.061618,74.125.130.0-255,5738,339583,77,421380
13847,0.061625,172.31.40.0-255,66,339649,77,421380
13848,0.0639,74.125.130.0-255,5738,345387,77,421380
13849,0.063906,172.31.40.0-255,66,345453,77,421380
13850,0.06619,74.125.130.0-255,5738,351191,77,421380
13851,0.066197,172.31.40.0-255,66,351257,77,421380
13852,0.06847,74.125.130.0-255,5738,356995,77,421380
13853,0.068489,172.31.40.0-255,66,357061,77,421380
13854,0.070761,74.125.130.0-255,5738,362799,77,421380
13855,0.070768,172.31.40.0-255,66,362865,77,421380
13856,0.073047,74.125.130.0-255,5738,368603,77,421380
13857,0.073052,172.31.40.0-255,66,368669,77,421380
13858,0.075341,74.125.130.0-255,5738,374407,77,421380
13859,0.075348,172.31.40.0-255,66,374473,77,421380
13860,0.077666,74.125.130.0-255,5738,380211,77,421380
13861,0.077674,172.31.40.0-255,66,380277,77,421380
13862,0.079947,74.125.130.0-255,5738,386015,77,421380
13863,0.079954,172.31.40.0-255,66,386081,77,421380
13864,0.082231,74.125.130.0-255,5738,391819,77,421380
13865,0.082237,172.31.40.0-255,66,391885,77,421380
13866,0.084523,74.125.130.0-255,5738,397623,77,421380
13867,0.084528,172.31.40.0-255,66,397689,77,421380
13868,0.086811,74.125.130.0-255,5738,403427,77,421380
13869,0.086819,172.31.40.0-255,66,403493,77,421380
13870,0.08909,74.125.130.0-255,5738,409231,77,421380
13871,0.089097,172.31.40.0-255,66,409297,77,421380
13872,0.091385,74.125.130.0-255,5738,415035,77,421380
13873,0.091392,172.31.40.0-255,66,415101,77,421380
13874,0.093675,74.125.130.0-255,5738,420839,77,421380
13875,0.093682,172.31.40.0-255,66,420905,77,421380
13876,0.095929,74.125.130.0-255,238,421143,77,421380
13877,0.096083,172.31.40.0-255,66,421209,77,421380
13878,0.096122,172.31.40.0-255,105,421314,77,421380
13879,0.098366,74.125.130.0-255,66,421380,77,421380
13880,0.0,172.31.40.0-255,105,105,77,459
13881,0.000252,172.31.40.0-255,90,195,77,459
13882,0.000287,172.31.40.0-255,66,261,77,459
13883,0.002637,74.125.24.0-255,66,327,77,459
13884,0.00274,74.125.24.0-255,66,393,77,459
13885,0.002764,172.31.40.0-255,66,459,77,459
13886,0.0,172.217.194.0-255,146,146,77,425851
13887,2.1e-05,172.31.40.0-255,66,212,77,425851
13888,2.9e-05,172.217.194.0-255,1484,1696,77,425851
13889,3.3e-05,172.31.40.0-255,66,1762,77,425851
13890,4e-05,172.217.194.0-255,2902,4664,77,425851
13891,4.4e-05,172.31.40.0-255,66,4730,77,425851
13892,5.1e-05,172.217.194.0-255,7156,11886,77,425851
13893,5.4e-05,172.31.40.0-255,66,11952,77,425851
13894,6.3e-05,172.217.194.0-255,9165,21117,77,425851
13895,6.6e-05,172.31.40.0-255,66,21183,77,425851
13896,7.4e-05,172.217.194.0-255,9633,30816,77,425851
13897,7.6e-05,172.31.40.0-255,66,30882,77,425851
13898,0.000124,172.217.194.0-255,1484,32366,77,425851
13899,0.000127,172.31.40.0-255,66,32432,77,425851
13900,0.000143,172.217.194.0-255,2902,35334,77,425851
13901,0.000145,172.31.40.0-255,66,35400,77,425851
13902,0.000151,172.217.194.0-255,4320,39720,77,425851
13903,0.000153,172.31.40.0-255,66,39786,77,425851
13904,0.000169,172.217.194.0-255,1484,41270,77,425851
13905,0.000171,172.31.40.0-255,66,41336,77,425851
13906,0.000174,172.217.194.0-255,1484,42820,77,425851
13907,0.000176,172.31.40.0-255,66,42886,77,425851
13908,0.00018,172.217.194.0-255,1484,44370,77,425851
13909,0.000181,172.31.40.0-255,66,44436,77,425851
13910,0.000195,172.217.194.0-255,1484,45920,77,425851
13911,0.000197,172.31.40.0-255,66,45986,77,425851
13912,0.0002,172.217.194.0-255,1484,47470,77,425851
13913,0.000201,172.31.40.0-255,66,47536,77,425851
13914,0.000227,172.217.194.0-255,4320,51856,77,425851
13915,0.00023,172.31.40.0-255,66,51922,77,425851
13916,0.000255,172.217.194.0-255,8574,60496,77,425851
13917,0.000258,172.31.40.0-255,66,60562,77,425851
13918,0.000274,172.217.194.0-255,4320,64882,77,425851
13919,0.000276,172.31.40.0-255,66,64948,77,425851
13920,0.000279,172.217.194.0-255,1094,66042,77,425851
13921,0.000333,172.217.194.0-255,1484,67526,77,425851
13922,0.000336,172.31.40.0-255,66,67592,77,425851
13923,0.000341,172.217.194.0-255,2902,70494,77,425851
13924,0.000344,172.31.40.0-255,66,70560,77,425851
13925,0.000348,172.217.194.0-255,2902,73462,77,425851
13926,0.00035,172.31.40.0-255,66,73528,77,425851
13927,0.000369,172.217.194.0-255,2902,76430,77,425851
13928,0.000373,172.31.40.0-255,66,76496,77,425851
13929,0.000385,172.217.194.0-255,12828,89324,77,425851
13930,0.000388,172.31.40.0-255,66,89390,77,425851
13931,0.000392,172.217.194.0-255,2902,92292,77,425851
13932,0.000394,172.31.40.0-255,66,92358,77,425851
13933,0.000415,172.217.194.0-255,8169,100527,77,425851
13934,0.000417,172.31.40.0-255,66,100593,77,425851
13935,0.001819,172.217.194.0-255,1484,102077,77,425851
13936,0.001829,172.217.194.0-255,2902,104979,77,425851
13937,0.001833,172.31.40.0-255,66,105045,77,425851
13938,0.001841,172.217.194.0-255,4320,109365,77,425851
13939,0.001843,172.31.40.0-255,66,109431,77,425851
13940,0.001857,172.217.194.0-255,1484,110915,77,425851
13941,0.001864,172.217.194.0-255,5738,116653,77,425851
13942,0.001866,172.31.40.0-255,66,116719,77,425851
13943,0.00187,172.217.194.0-255,2902,119621,77,425851
13944,0.001872,172.31.40.0-255,66,119687,77,425851
13945,0.001892,172.217.194.0-255,4320,124007,77,425851
13946,0.001894,172.31.40.0-255,66,124073,77,425851
13947,0.001914,172.217.194.0-255,4320,128393,77,425851
13948,0.001917,172.31.40.0-255,66,128459,77,425851
13949,0.001943,172.217.194.0-255,6438,134897,77,425851
13950,0.001945,172.31.40.0-255,66,134963,77,425851
13951,0.001969,172.217.194.0-255,1484,136447,77,425851
13952,0.001972,172.217.194.0-255,1484,137931,77,425851
13953,0.001974,172.31.40.0-255,66,137997,77,425851
13954,0.001992,172.217.194.0-255,1484,139481,77,425851
13955,0.002003,172.217.194.0-255,2902,142383,77,425851
13956,0.002005,172.31.40.0-255,66,142449,77,425851
13957,0.002027,172.217.194.0-255,2902,145351,77,425851
13958,0.002029,172.31.40.0-255,66,145417,77,425851
13959,0.002035,172.217.194.0-255,4320,149737,77,425851
13960,0.002037,172.31.40.0-255,66,149803,77,425851
13961,0.002048,172.217.194.0-255,11410,161213,77,425851
13962,0.00205,172.31.40.0-255,66,161279,77,425851
13963,0.002055,172.217.194.0-255,2902,164181,77,425851
13964,0.002057,172.31.40.0-255,66,164247,77,425851
13965,0.002084,172.217.194.0-255,5020,169267,77,425851
13966,0.002086,172.31.40.0-255,66,169333,77,425851
13967,0.002114,172.217.194.0-255,1484,170817,77,425851
13968,0.002118,172.217.194.0-255,1484,172301,77,425851
13969,0.00212,172.31.40.0-255,66,172367,77,425851
13970,0.00214,172.217.194.0-255,1484,173851,77,425851
13971,0.002146,172.217.194.0-255,5738,179589,77,425851
13972,0.002149,172.31.40.0-255,66,179655,77,425851
13973,0.002159,172.217.194.0-255,11410,191065,77,425851
13974,0.002161,172.31.40.0-255,66,191131,77,425851
13975,0.002185,172.217.194.0-255,1484,192615,77,425851
13976,0.002193,172.217.194.0-255,7156,199771,77,425851
13977,0.002195,172.31.40.0-255,66,199837,77,425851
13978,0.002198,172.217.194.0-255,1484,201321,77,425851
13979,0.002227,172.217.194.0-255,2184,203505,77,425851
13980,0.00223,172.31.40.0-255,66,203571,77,425851
13981,0.002486,172.217.194.0-255,1484,205055,77,425851
13982,0.002493,172.217.194.0-255,2902,207957,77,425851
13983,0.002497,172.31.40.0-255,66,208023,77,425851
13984,0.002513,172.217.194.0-255,1484,209507,77,425851
13985,0.002527,172.217.194.0-255,2902,212409,77,425851
13986,0.00253,172.31.40.0-255,66,212475,77,425851
13987,0.002543,172.217.194.0-255,1484,213959,77,425851
13988,0.002547,172.217.194.0-255,2902,216861,77,425851
13989,0.00255,172.31.40.0-255,66,216927,77,425851
13990,0.002569,172.217.194.0-255,2902,219829,77,425851
13991,0.002572,172.31.40.0-255,66,219895,77,425851
13992,0.002577,172.217.194.0-255,4320,224215,77,425851
13993,0.002579,172.31.40.0-255,66,224281,77,425851
13994,0.002601,172.217.194.0-255,7156,231437,77,425851
13995,0.002604,172.31.40.0-255,66,231503,77,425851
13996,0.002625,172.217.194.0-255,1484,232987,77,425851
13997,0.002632,172.217.194.0-255,5020,238007,77,425851
13998,0.002634,172.31.40.0-255,66,238073,77,425851
13999,0.002637,172.217.194.0-255,1484,239557,77,425851
14000,0.002641,172.217.194.0-255,2902,242459,77,425851
14001,0.002643,172.31.40.0-255,66,242525,77,425851
14002,0.002692,172.217.194.0-255,4320,246845,77,425851
14003,0.002695,172.31.40.0-255,66,246911,77,425851
14004,0.002715,172.217.194.0-255,1484,248395,77,425851
14005,0.002726,172.217.194.0-255,7156,255551,77,425851
14006,0.002729,172.31.40.0-255,66,255617,77,425851
14007,0.00275,172.217.194.0-255,5738,261355,77,425851
14008,0.002753,172.31.40.0-255,66,261421,77,425851
14009,0.002764,172.217.194.0-255,1484,262905,77,425851
14010,0.002767,172.217.194.0-255,1484,264389,77,425851
14011,0.002769,172.31.40.0-255,66,264455,77,425851
14012,0.002795,172.217.194.0-255,7156,271611,77,425851
14013,0.002798,172.31.40.0-255,66,271677,77,425851
14014,0.002823,172.217.194.0-255,11410,283087,77,425851
14015,0.002826,172.31.40.0-255,66,283153,77,425851
14016,0.002845,172.217.194.0-255,3602,286755,77,425851
14017,0.002848,172.31.40.0-255,66,286821,77,425851
14018,0.002853,172.217.194.0-255,4320,291141,77,425851
14019,0.002855,172.31.40.0-255,66,291207,77,425851
14020,0.00287,172.217.194.0-255,2902,294109,77,425851
14021,0.002873,172.31.40.0-255,66,294175,77,425851
14022,0.002876,172.217.194.0-255,1484,295659,77,425851
14023,0.002896,172.217.194.0-255,2902,298561,77,425851
14024,0.002898,172.31.40.0-255,66,298627,77,425851
14025,0.002913,172.217.194.0-255,1484,300111,77,425851
14026,0.002929,172.217.194.0-255,2902,303013,77,425851
14027,0.002931,172.31.40.0-255,66,303079,77,425851
14028,0.002953,172.217.194.0-255,11410,314489,77,425851
14029,0.002956,172.31.40.0-255,66,314555,77,425851
14030,0.002976,172.217.194.0-255,3602,318157,77,425851
14031,0.002979,172.31.40.0-255,66,318223,77,425851
14032,0.005611,172.217.194.0-255,1484,319707,77,425851
14033,0.005685,172.217.194.0-255,2902,322609,77,425851
14034,0.00569,172.31.40.0-255,66,322675,77,425851
14035,0.005703,172.217.194.0-255,1484,324159,77,425851
14036,0.008424,172.217.194.0-255,4320,328479,77,425851
14037,0.008428,172.31.40.0-255,66,328545,77,425851
14038,0.011143,172.217.194.0-255,5738,334283,77,425851
14039,0.01115,172.31.40.0-255,66,334349,77,425851
14040,0.013853,172.217.194.0-255,5738,340087,77,425851
14041,0.013866,172.31.40.0-255,66,340153,77,425851
14042,0.016552,172.217.194.0-255,5738,345891,77,425851
14043,0.016563,172.31.40.0-255,66,345957,77,425851
14044,0.019331,172.217.194.0-255,5738,351695,77,425851
14045,0.019342,172.31.40.0-255,66,351761,77,425851
14046,0.022084,172.217.194.0-255,5738,357499,77,425851
14047,0.022093,172.31.40.0-255,66,357565,77,425851
14048,0.024805,172.217.194.0-255,5738,363303,77,425851
14049,0.024811,172.31.40.0-255,66,363369,77,425851
14050,0.027512,172.217.194.0-255,5738,369107,77,425851
14051,0.027522,172.31.40.0-255,66,369173,77,425851
14052,0.03019,172.217.194.0-255,5738,374911,77,425851
14053,0.030197,172.31.40.0-255,66,374977,77,425851
14054,0.030755,172.31.40.0-255,172,375149,77,425851
14055,0.030787,172.31.40.0-255,1120,376269,77,425851
14056,0.030847,172.31.40.0-255,1514,377783,77,425851
14057,0.030848,172.31.40.0-255,1514,379297,77,425851
14058,0.03085,172.31.40.0-255,1514,380811,77,425851
14059,0.030851,172.31.40.0-255,1055,381866,77,425851
14060,0.032427,104.244.42.0-255,66,381932,77,425851
14061,0.032474,104.244.42.0-255,66,381998,77,425851
14062,0.032572,104.244.42.0-255,66,382064,77,425851
14063,0.032585,104.244.42.0-255,66,382130,77,425851
14064,0.032899,172.217.194.0-255,2902,385032,77,425851
14065,0.032904,172.31.40.0-255,66,385098,77,425851
14066,0.032925,172.217.194.0-255,2902,388000,77,425851
14067,0.032928,172.31.40.0-255,66,388066,77,425851
14068,0.035655,172.217.194.0-255,5738,393804,77,425851
14069,0.035661,172.31.40.0-255,66,393870,77,425851
14070,0.038399,172.217.194.0-255,5738,399608,77,425851
14071,0.038407,172.31.40.0-255,66,399674,77,425851
14072,0.041132,172.217.194.0-255,5738,405412,77,425851
14073,0.041139,172.31.40.0-255,66,405478,77,425851
14074,0.043819,172.217.194.0-255,5738,411216,77,425851
14075,0.043828,172.31.40.0-255,66,411282,77,425851
14076,0.046546,172.217.194.0-255,5738,417020,77,425851
14077,0.046552,172.31.40.0-255,66,417086,77,425851
14078,0.049279,172.217.194.0-255,5738,422824,77,425851
14079,0.049286,172.31.40.0-255,66,422890,77,425851
14080,0.051987,172.217.194.0-255,2724,425614,77,425851
14081,0.051994,172.31.40.0-255,66,425680,77,425851
14082,0.05215,172.31.40.0-255,105,425785,77,425851
14083,0.054845,172.217.194.0-255,66,425851,77,425851
14084,0.0,172.217.194.0-255,150,150,77,402681
14085,2.1e-05,172.31.40.0-255,66,216,77,402681
14086,2.8e-05,172.217.194.0-255,1484,1700,77,402681
14087,3.3e-05,172.31.40.0-255,66,1766,77,402681
14088,3.9e-05,172.217.194.0-255,2902,4668,77,402681
14089,4.1e-05,172.31.40.0-255,66,4734,77,402681
14090,4.8e-05,172.217.194.0-255,5738,10472,77,402681
14091,5e-05,172.31.40.0-255,66,10538,77,402681
14092,9.5e-05,172.217.194.0-255,3472,14010,77,402681
14093,9.8e-05,172.31.40.0-255,66,14076,77,402681
14094,0.000119,172.217.194.0-255,4320,18396,77,402681
14095,0.000121,172.31.40.0-255,66,18462,77,402681
14096,0.000124,172.217.194.0-255,1484,19946,77,402681
14097,0.000125,172.31.40.0-255,66,20012,77,402681
14098,0.000157,172.217.194.0-255,8574,28586,77,402681
14099,0.000159,172.31.40.0-255,66,28652,77,402681
14100,0.000163,172.217.194.0-255,2543,31195,77,402681
14101,0.000165,172.31.40.0-255,66,31261,77,402681
14102,0.00018,172.217.194.0-255,7156,38417,77,402681
14103,0.000183,172.31.40.0-255,66,38483,77,402681
14104,0.00021,172.217.194.0-255,7156,45639,77,402681
14105,0.000212,172.31.40.0-255,66,45705,77,402681
14106,0.000216,172.217.194.0-255,2543,48248,77,402681
14107,0.000218,172.31.40.0-255,66,48314,77,402681
14108,0.000255,172.217.194.0-255,5738,54052,77,402681
14109,0.000258,172.31.40.0-255,66,54118,77,402681
14110,0.000274,172.217.194.0-255,7156,61274,77,402681
14111,0.000276,172.31.40.0-255,66,61340,77,402681
14112,0.00029,172.217.194.0-255,2902,64242,77,402681
14113,0.000292,172.31.40.0-255,66,64308,77,402681
14114,0.000309,172.217.194.0-255,1438,65746,77,402681
14115,0.000311,172.31.40.0-255,66,65812,77,402681
14116,0.000314,172.217.194.0-255,98,65910,77,402681
14117,0.000388,172.217.194.0-255,1484,67394,77,402681
14118,0.000392,172.31.40.0-255,66,67460,77,402681
14119,0.000395,172.217.194.0-255,1484,68944,77,402681
14120,0.000411,172.217.194.0-255,1484,70428,77,402681
14121,0.000414,172.31.40.0-255,66,70494,77,402681
14122,0.000421,172.217.194.0-255,5738,76232,77,402681
14123,0.000424,172.31.40.0-255,66,76298,77,402681
14124,0.000447,172.217.194.0-255,7156,83454,77,402681
14125,0.00045,172.31.40.0-255,66,83520,77,402681
14126,0.000489,172.217.194.0-255,6797,90317,77,402681
14127,0.000492,172.31.40.0-255,66,90383,77,402681
14128,0.0005,172.217.194.0-255,8574,98957,77,402681
14129,0.000502,172.217.194.0-255,1125,100082,77,402681
14130,0.000529,172.31.40.0-255,66,100148,77,402681
14131,0.000609,172.217.194.0-255,1484,101632,77,402681
14132,0.000615,172.217.194.0-255,2902,104534,77,402681
14133,0.000629,172.31.40.0-255,66,104600,77,402681
14134,0.000641,172.217.194.0-255,5738,110338,77,402681
14135,0.000647,172.31.40.0-255,66,110404,77,402681
14136,0.000656,172.217.194.0-255,2902,113306,77,402681
14137,0.00068,172.217.194.0-255,9992,123298,77,402681
14138,0.000683,172.217.194.0-255,1484,124782,77,402681
14139,0.000709,172.217.194.0-255,8574,133356,77,402681
14140,0.000712,172.31.40.0-255,66,133422,77,402681
14141,0.000718,172.31.40.0-255,66,133488,77,402681
14142,0.000752,172.217.194.0-255,2543,136031,77,402681
14143,0.000759,172.31.40.0-255,66,136097,77,402681
14144,0.000781,172.217.194.0-255,7156,143253,77,402681
14145,0.00079,172.217.194.0-255,8574,151827,77,402681
14146,0.000841,172.217.194.0-255,4320,156147,77,402681
14147,0.000845,172.31.40.0-255,66,156213,77,402681
14148,0.000862,172.217.194.0-255,12828,169041,77,402681
14149,0.000864,172.217.194.0-255,766,169807,77,402681
14150,0.000882,172.217.194.0-255,1484,171291,77,402681
14151,0.000894,172.31.40.0-255,66,171357,77,402681
14152,0.000903,172.217.194.0-255,2902,174259,77,402681
14153,0.000906,172.217.194.0-255,1484,175743,77,402681
14154,0.000911,172.31.40.0-255,66,175809,77,402681
14155,0.000921,172.217.194.0-255,4320,180129,77,402681
14156,0.000926,172.217.194.0-255,2902,183031,77,402681
14157,0.000938,172.217.194.0-255,2902,185933,77,402681
14158,0.000959,172.31.40.0-255,66,185999,77,402681
14159,0.000975,172.217.194.0-255,2902,188901,77,402681
14160,0.000993,172.217.194.0-255,8574,197475,77,402681
14161,0.001003,172.31.40.0-255,66,197541,77,402681
14162,0.001014,172.217.194.0-255,1484,199025,77,402681
14163,0.001022,172.217.194.0-255,5020,204045,77,402681
14164,0.001041,172.31.40.0-255,66,204111,77,402681
14165,0.001253,172.217.194.0-255,1484,205595,77,402681
14166,0.001259,172.217.194.0-255,2902,208497,77,402681
14167,0.001268,172.31.40.0-255,66,208563,77,402681
14168,0.001287,172.217.194.0-255,5738,214301,77,402681
14169,0.00129,172.217.194.0-255,1484,215785,77,402681
14170,0.001294,172.217.194.0-255,2902,218687,77,402681
14171,0.001312,172.217.194.0-255,5738,224425,77,402681
14172,0.001325,172.31.40.0-255,66,224491,77,402681
14173,0.001336,172.217.194.0-255,5738,230229,77,402681
14174,0.001345,172.31.40.0-255,66,230295,77,402681
14175,0.001354,172.217.194.0-255,7856,238151,77,402681
14176,0.00138,172.217.194.0-255,2902,241053,77,402681
14177,0.00139,172.31.40.0-255,66,241119,77,402681
14178,0.001411,172.217.194.0-255,11410,252529,77,402681
14179,0.00142,172.217.194.0-255,9992,262521,77,402681
14180,0.001437,172.217.194.0-255,2902,265423,77,402681
14181,0.001442,172.31.40.0-255,66,265489,77,402681
14182,0.001456,172.217.194.0-255,6438,271927,77,402681
14183,0.001459,172.217.194.0-255,1484,273411,77,402681
14184,0.001464,172.31.40.0-255,66,273477,77,402681
14185,0.001485,172.217.194.0-255,8574,282051,77,402681
14186,0.001504,172.217.194.0-255,7156,289207,77,402681
14187,0.001514,172.31.40.0-255,66,289273,77,402681
14188,0.00153,172.217.194.0-255,7156,296429,77,402681
14189,0.00154,172.217.194.0-255,1484,297913,77,402681
14190,0.00156,172.217.194.0-255,7856,305769,77,402681
14191,0.001564,172.217.194.0-255,2902,308671,77,402681
14192,0.001566,172.31.40.0-255,66,308737,77,402681
14193,0.001571,172.31.40.0-255,66,308803,77,402681
14194,0.001584,172.217.194.0-255,7156,315959,77,402681
14195,0.001599,172.31.40.0-255,66,316025,77,402681
14196,0.001607,172.217.194.0-255,8574,324599,77,402681
14197,0.001611,172.31.40.0-255,66,324665,77,402681
14198,0.001619,172.217.194.0-255,2902,327567,77,402681
14199,0.001624,172.217.194.0-255,4320,331887,77,402681
14200,0.00165,172.217.194.0-255,7856,339743,77,402681
14201,0.001683,172.31.40.0-255,66,339809,77,402681
14202,0.001687,172.31.40.0-255,66,339875,77,402681
14203,0.001697,172.217.194.0-255,7156,347031,77,402681
14204,0.00171,172.31.40.0-255,66,347097,77,402681
14205,0.001726,172.217.194.0-255,2902,349999,77,402681
14206,0.001735,172.217.194.0-255,11410,361409,77,402681
14207,0.00174,172.31.40.0-255,66,361475,77,402681
14208,0.001773,172.217.194.0-255,12110,373585,77,402681
14209,0.001783,172.217.194.0-255,12828,386413,77,402681
14210,0.001786,172.217.194.0-255,1484,387897,77,402681
14211,0.001795,172.31.40.0-255,66,387963,77,402681
14212,0.001811,172.217.194.0-255,9932,397895,77,402681
14213,0.001814,172.217.194.0-255,97,397992,77,402681
14214,0.001831,172.31.40.0-255,66,398058,77,402681
14215,0.001837,172.217.194.0-255,105,398163,77,402681
14216,0.008956,172.31.40.0-255,66,398229,77,402681
14217,0.008993,172.31.40.0-255,105,398334,77,402681
14218,0.011607,172.217.194.0-255,66,398400,77,402681
14219,0.034125,172.31.40.0-255,172,398572,77,402681
14220,0.034154,172.31.40.0-255,1120,399692,77,402681
14221,0.034207,172.31.40.0-255,1514,401206,77,402681
14222,0.034208,172.31.40.0-255,1277,402483,77,402681
14223,0.035762,104.244.42.0-255,66,402549,77,402681
14224,0.0358,104.244.42.0-255,66,402615,77,402681
14225,0.035851,104.244.42.0-255,66,402681,77,402681
14226,0.0,172.217.194.0-255,146,146,77,382864
14227,1.6e-05,172.31.40.0-255,66,212,77,382864
14228,2.3e-05,172.217.194.0-255,1484,1696,77,382864
14229,2.7e-05,172.31.40.0-255,66,1762,77,382864
14230,3.2e-05,172.217.194.0-255,2902,4664,77,382864
14231,3.5e-05,172.31.40.0-255,66,4730,77,382864
14232,4.3e-05,172.217.194.0-255,7156,11886,77,382864
14233,4.5e-05,172.31.40.0-255,66,11952,77,382864
14234,6.4e-05,172.217.194.0-255,2137,14089,77,382864
14235,6.7e-05,172.31.40.0-255,66,14155,77,382864
14236,9.7e-05,172.217.194.0-255,2902,17057,77,382864
14237,0.0001,172.31.40.0-255,66,17123,77,382864
14238,0.000108,172.217.194.0-255,7156,24279,77,382864
14239,0.00011,172.31.40.0-255,66,24345,77,382864
14240,0.000113,172.217.194.0-255,1484,25829,77,382864
14241,0.000115,172.31.40.0-255,66,25895,77,382864
14242,0.00014,172.217.194.0-255,5379,31274,77,382864
14243,0.000142,172.31.40.0-255,66,31340,77,382864
14244,0.000177,172.217.194.0-255,8574,39914,77,382864
14245,0.00018,172.31.40.0-255,66,39980,77,382864
14246,0.000218,172.217.194.0-255,4320,44300,77,382864
14247,0.000221,172.31.40.0-255,66,44366,77,382864
14248,0.000237,172.217.194.0-255,3961,48327,77,382864
14249,0.00024,172.31.40.0-255,66,48393,77,382864
14250,0.000247,172.217.194.0-255,7156,55549,77,382864
14251,0.000249,172.31.40.0-255,66,55615,77,382864
14252,0.000268,172.217.194.0-255,1484,57099,77,382864
14253,0.00027,172.31.40.0-255,66,57165,77,382864
14254,0.000279,172.217.194.0-255,8490,65655,77,382864
14255,0.000282,172.31.40.0-255,66,65721,77,382864
14256,0.000284,172.217.194.0-255,115,65836,77,382864
14257,0.000287,172.31.40.0-255,66,65902,77,382864
14258,0.000792,172.217.194.0-255,385,66287,77,382864
14259,0.000972,172.31.40.0-255,66,66353,77,382864
14260,0.001041,172.217.194.0-255,1484,67837,77,382864
14261,0.001047,172.217.194.0-255,2902,70739,77,382864
14262,0.00105,172.31.40.0-255,66,70805,77,382864
14263,0.001071,172.217.194.0-255,5738,76543,77,382864
14264,0.001074,172.31.40.0-255,66,76609,77,382864
14265,0.001111,172.217.194.0-255,12828,89437,77,382864
14266,0.001114,172.31.40.0-255,66,89503,77,382864
14267,0.001136,172.217.194.0-255,10692,100195,77,382864
14268,0.001138,172.31.40.0-255,66,100261,77,382864
14269,0.001266,172.217.194.0-255,1484,101745,77,382864
14270,0.001272,172.217.194.0-255,2902,104647,77,382864
14271,0.001275,172.31.40.0-255,66,104713,77,382864
14272,0.00128,172.217.194.0-255,2902,107615,77,382864
14273,0.001282,172.31.40.0-255,66,107681,77,382864
14274,0.001298,172.217.194.0-255,2902,110583,77,382864
14275,0.001301,172.31.40.0-255,66,110649,77,382864
14276,0.001308,172.217.194.0-255,7156,117805,77,382864
14277,0.00131,172.31.40.0-255,66,117871,77,382864
14278,0.001328,172.217.194.0-255,5738,123609,77,382864
14279,0.001331,172.31.40.0-255,66,123675,77,382864
14280,0.001339,172.217.194.0-255,7156,130831,77,382864
14281,0.001341,172.31.40.0-255,66,130897,77,382864
14282,0.001361,172.217.194.0-255,3602,134499,77,382864
14283,0.001364,172.31.40.0-255,66,134565,77,382864
14284,0.001384,172.217.194.0-255,1484,136049,77,382864
14285,0.001405,172.217.194.0-255,2902,138951,77,382864
14286,0.001409,172.31.40.0-255,66,139017,77,382864
14287,0.001415,172.217.194.0-255,5738,144755,77,382864
14288,0.001418,172.31.40.0-255,66,144821,77,382864
14289,0.001421,172.217.194.0-255,1484,146305,77,382864
14290,0.001443,172.217.194.0-255,11410,157715,77,382864
14291,0.001446,172.31.40.0-255,66,157781,77,382864
14292,0.00145,172.217.194.0-255,1484,159265,77,382864
14293,0.001518,172.217.194.0-255,7156,166421,77,382864
14294,0.001521,172.31.40.0-255,66,166487,77,382864
14295,0.00154,172.217.194.0-255,2184,168671,77,382864
14296,0.001543,172.31.40.0-255,66,168737,77,382864
14297,0.001551,172.217.194.0-255,9992,178729,77,382864
14298,0.001554,172.31.40.0-255,66,178795,77,382864
14299,0.001563,172.217.194.0-255,9992,188787,77,382864
14300,0.001566,172.31.40.0-255,66,188853,77,382864
14301,0.001593,172.217.194.0-255,7156,196009,77,382864
14302,0.001596,172.31.40.0-255,66,196075,77,382864
14303,0.001611,172.217.194.0-255,6438,202513,77,382864
14304,0.001613,172.31.40.0-255,66,202579,77,382864
14305,0.001657,172.217.194.0-255,1484,204063,77,382864
14306,0.001672,172.217.194.0-255,2902,206965,77,382864
14307,0.001675,172.31.40.0-255,66,207031,77,382864
14308,0.001682,172.217.194.0-255,5738,212769,77,382864
14309,0.001684,172.31.40.0-255,66,212835,77,382864
14310,0.001702,172.217.194.0-255,5738,218573,77,382864
14311,0.001705,172.31.40.0-255,66,218639,77,382864
14312,0.001725,172.217.194.0-255,7156,225795,77,382864
14313,0.001728,172.31.40.0-255,66,225861,77,382864
14314,0.001754,172.217.194.0-255,10692,236553,77,382864
14315,0.001757,172.31.40.0-255,66,236619,77,382864
14316,0.001891,172.217.194.0-255,1484,238103,77,382864
14317,0.001898,172.217.194.0-255,2902,241005,77,382864
14318,0.001901,172.31.40.0-255,66,241071,77,382864
14319,0.001908,172.217.194.0-255,5738,246809,77,382864
14320,0.001911,172.31.40.0-255,66,246875,77,382864
14321,0.001948,172.217.194.0-255,9992,256867,77,382864
14322,0.001952,172.31.40.0-255,66,256933,77,382864
14323,0.001979,172.217.194.0-255,2902,259835,77,382864
14324,0.001982,172.31.40.0-255,66,259901,77,382864
14325,0.001991,172.217.194.0-255,9992,269893,77,382864
14326,0.001993,172.31.40.0-255,66,269959,77,382864
14327,0.001998,172.217.194.0-255,2902,272861,77,382864
14328,0.002,172.31.40.0-255,66,272927,77,382864
14329,0.002034,172.217.194.0-255,10692,283619,77,382864
14330,0.002036,172.31.40.0-255,66,283685,77,382864
14331,0.002045,172.217.194.0-255,8574,292259,77,382864
14332,0.002047,172.31.40.0-255,66,292325,77,382864
14333,0.002063,172.217.194.0-255,5738,298063,77,382864
14334,0.002067,172.31.40.0-255,66,298129,77,382864
14335,0.002092,172.217.194.0-255,6438,304567,77,382864
14336,0.002095,172.31.40.0-255,66,304633,77,382864
14337,0.002127,172.217.194.0-255,4320,308953,77,382864
14338,0.002129,172.31.40.0-255,66,309019,77,382864
14339,0.002151,172.217.194.0-255,2902,311921,77,382864
14340,0.002154,172.31.40.0-255,66,311987,77,382864
14341,0.002163,172.217.194.0-255,9992,321979,77,382864
14342,0.002166,172.31.40.0-255,66,322045,77,382864
14343,0.002227,172.31.40.0-255,66,322111,77,382864
14344,0.002252,172.217.194.0-255,5738,327849,77,382864
14345,0.002255,172.31.40.0-255,66,327915,77,382864
14346,0.002277,172.217.194.0-255,7156,335071,77,382864
14347,0.00228,172.31.40.0-255,66,335137,77,382864
14348,0.002353,172.217.194.0-255,6438,341575,77,382864
14349,0.002357,172.31.40.0-255,66,341641,77,382864
14350,0.002363,172.31.40.0-255,66,341707,77,382864
14351,0.004678,172.217.194.0-255,5738,347445,77,382864
14352,0.004685,172.31.40.0-255,66,347511,77,382864
14353,0.007026,172.217.194.0-255,5738,353249,77,382864
14354,0.007033,172.31.40.0-255,66,353315,77,382864
14355,0.009387,172.217.194.0-255,5738,359053,77,382864
14356,0.009404,172.31.40.0-255,66,359119,77,382864
14357,0.011731,172.217.194.0-255,5738,364857,77,382864
14358,0.011738,172.31.40.0-255,66,364923,77,382864
14359,0.014056,172.217.194.0-255,5738,370661,77,382864
14360,0.014071,172.31.40.0-255,66,370727,77,382864
14361,0.016396,172.217.194.0-255,5738,376465,77,382864
14362,0.016404,172.31.40.0-255,66,376531,77,382864
14363,0.018754,172.217.194.0-255,3880,380411,77,382864
14364,0.018768,172.31.40.0-255,66,380477,77,382864
14365,0.019158,172.31.40.0-255,105,380582,77,382864
14366,0.021458,172.217.194.0-255,66,380648,77,382864
14367,0.046821,172.31.40.0-255,172,380820,77,382864
14368,0.046857,172.31.40.0-255,1115,381935,77,382864
14369,0.046917,172.31.40.0-255,731,382666,77,382864
14370,0.048367,104.244.42.0-255,66,382732,77,382864
14371,0.048414,104.244.42.0-255,66,382798,77,382864
14372,0.04847,104.244.42.0-255,66,382864,77,382864
14373,0.0,74.125.24.0-255,146,146,77,292823
14374,1.8e-05,172.31.40.0-255,66,212,77,292823
14375,2.4e-05,74.125.24.0-255,1484,1696,77,292823
14376,3e-05,172.31.40.0-255,66,1762,77,292823
14377,4.3e-05,74.125.24.0-255,2902,4664,77,292823
14378,4.6e-05,172.31.40.0-255,66,4730,77,292823
14379,5.4e-05,74.125.24.0-255,5738,10468,77,292823
14380,5.7e-05,172.31.40.0-255,66,10534,77,292823
14381,0.000111,74.125.24.0-255,1484,12018,77,292823
14382,0.000114,172.31.40.0-255,66,12084,77,292823
14383,0.000121,74.125.24.0-255,3512,15596,77,292823
14384,0.000124,172.31.40.0-255,66,15662,77,292823
14385,0.000136,74.125.24.0-255,12828,28490,77,292823
14386,0.000139,172.31.40.0-255,66,28556,77,292823
14387,0.000157,172.31.40.0-255,66,28622,77,292823
14388,0.000184,74.125.24.0-255,2184,30806,77,292823
14389,0.000187,172.31.40.0-255,66,30872,77,292823
14390,0.000535,74.125.24.0-255,1484,32356,77,292823
14391,0.000542,172.31.40.0-255,66,32422,77,292823
14392,0.000548,74.125.24.0-255,2902,35324,77,292823
14393,0.00055,172.31.40.0-255,66,35390,77,292823
14394,0.000557,74.125.24.0-255,5738,41128,77,292823
14395,0.000561,172.31.40.0-255,66,41194,77,292823
14396,0.000572,74.125.24.0-255,5738,46932,77,292823
14397,0.000575,172.31.40.0-255,66,46998,77,292823
14398,0.000621,74.125.24.0-255,1714,48712,77,292823
14399,0.000624,172.31.40.0-255,66,48778,77,292823
14400,0.001028,74.125.24.0-255,1484,50262,77,292823
14401,0.001032,172.31.40.0-255,66,50328,77,292823
14402,0.001038,74.125.24.0-255,2902,53230,77,292823
14403,0.00104,172.31.40.0-255,66,53296,77,292823
14404,0.001064,74.125.24.0-255,5738,59034,77,292823
14405,0.001066,172.31.40.0-255,66,59100,77,292823
14406,0.001071,74.125.24.0-255,2902,62002,77,292823
14407,0.001073,172.31.40.0-255,66,62068,77,292823
14408,0.001106,74.125.24.0-255,4320,66388,77,292823
14409,0.001109,172.31.40.0-255,66,66454,77,292823
14410,0.001116,74.125.24.0-255,5738,72192,77,292823
14411,0.001118,172.31.40.0-255,66,72258,77,292823
14412,0.001146,74.125.24.0-255,8574,80832,77,292823
14413,0.001149,172.31.40.0-255,66,80898,77,292823
14414,0.001153,74.125.24.0-255,2184,83082,77,292823
14415,0.001155,172.31.40.0-255,66,83148,77,292823
14416,0.001553,74.125.24.0-255,1484,84632,77,292823
14417,0.001562,74.125.24.0-255,2902,87534,77,292823
14418,0.001566,172.31.40.0-255,66,87600,77,292823
14419,0.001574,74.125.24.0-255,5738,93338,77,292823
14420,0.001576,172.31.40.0-255,66,93404,77,292823
14421,0.00158,74.125.24.0-255,1484,94888,77,292823
14422,0.00161,74.125.24.0-255,2902,97790,77,292823
14423,0.001613,172.31.40.0-255,66,97856,77,292823
14424,0.001624,74.125.24.0-255,11410,109266,77,292823
14425,0.001626,172.31.40.0-255,66,109332,77,292823
14426,0.001666,74.125.24.0-255,13528,122860,77,292823
14427,0.001668,172.31.40.0-255,66,122926,77,292823
14428,0.001708,74.125.24.0-255,12828,135754,77,292823
14429,0.00171,172.31.40.0-255,66,135820,77,292823
14430,0.001731,74.125.24.0-255,1484,137304,77,292823
14431,0.001744,74.125.24.0-255,13528,150832,77,292823
14432,0.001746,172.31.40.0-255,66,150898,77,292823
14433,0.001757,74.125.24.0-255,11410,162308,77,292823
14434,0.00176,172.31.40.0-255,66,162374,77,292823
14435,0.001798,74.125.24.0-255,9992,172366,77,292823
14436,0.001801,172.31.40.0-255,66,172432,77,292823
14437,0.001817,172.31.40.0-255,66,172498,77,292823
14438,0.00182,74.125.24.0-255,1484,173982,77,292823
14439,0.001876,172.31.40.0-255,66,174048,77,292823
14440,0.001885,74.125.24.0-255,9992,184040,77,292823
14441,0.001887,172.31.40.0-255,66,184106,77,292823
14442,0.001931,172.31.40.0-255,66,184172,77,292823
14443,0.001976,172.31.40.0-255,66,184238,77,292823
14444,0.001994,172.31.40.0-255,66,184304,77,292823
14445,0.002025,74.125.24.0-255,7856,192160,77,292823
14446,0.002028,172.31.40.0-255,66,192226,77,292823
14447,0.002039,74.125.24.0-255,13528,205754,77,292823
14448,0.002042,172.31.40.0-255,66,205820,77,292823
14449,0.002128,74.125.24.0-255,1484,207304,77,292823
14450,0.002144,74.125.24.0-255,2902,210206,77,292823
14451,0.002148,172.31.40.0-255,66,210272,77,292823
14452,0.002154,74.125.24.0-255,5738,216010,77,292823
14453,0.002157,172.31.40.0-255,66,216076,77,292823
14454,0.002195,74.125.24.0-255,12828,228904,77,292823
14455,0.002201,74.125.24.0-255,4320,233224,77,292823
14456,0.002224,74.125.24.0-255,6438,239662,77,292823
14457,0.002315,74.125.24.0-255,7856,247518,77,292823
14458,0.002318,74.125.24.0-255,1484,249002,77,292823
14459,0.002334,74.125.24.0-255,8574,257576,77,292823
14460,0.002363,74.125.24.0-255,11410,268986,77,292823
14461,0.002392,74.125.24.0-255,7156,276142,77,292823
14462,0.002404,74.125.24.0-255,12060,288202,77,292823
14463,0.002407,74.125.24.0-255,105,288307,77,292823
14464,0.005659,172.31.40.0-255,66,288373,77,292823
14465,0.008101,172.31.40.0-255,105,288478,77,292823
14466,0.010485,74.125.24.0-255,66,288544,77,292823
14467,0.039758,172.31.40.0-255,172,288716,77,292823
14468,0.039792,172.31.40.0-255,1120,289836,77,292823
14469,0.039858,172.31.40.0-255,1514,291350,77,292823
14470,0.03986,172.31.40.0-255,1275,292625,77,292823
14471,0.0414,104.244.42.0-255,66,292691,77,292823
14472,0.041431,104.244.42.0-255,66,292757,77,292823
14473,0.041495,104.244.42.0-255,66,292823,77,292823
14474,0.0,74.125.130.0-255,146,146,77,367713
14475,1.4e-05,172.31.40.0-255,66,212,77,367713
14476,3.1e-05,74.125.130.0-255,1484,1696,77,367713
14477,3.6e-05,172.31.40.0-255,66,1762,77,367713
14478,4.2e-05,74.125.130.0-255,2902,4664,77,367713
14479,4.4e-05,172.31.40.0-255,66,4730,77,367713
14480,6.4e-05,74.125.130.0-255,2902,7632,77,367713
14481,6.6e-05,172.31.40.0-255,66,7698,77,367713
14482,7.3e-05,74.125.130.0-255,4320,12018,77,367713
14483,7.5e-05,172.31.40.0-255,66,12084,77,367713
14484,0.0001,74.125.130.0-255,2104,14188,77,367713
14485,0.000102,172.31.40.0-255,66,14254,77,367713
14486,0.000121,74.125.130.0-255,2902,17156,77,367713
14487,0.000124,172.31.40.0-255,66,17222,77,367713
14488,0.000157,74.125.130.0-255,7156,24378,77,367713
14489,0.00016,172.31.40.0-255,66,24444,77,367713
14490,0.000169,74.125.130.0-255,8574,33018,77,367713
14491,0.000171,172.31.40.0-255,66,33084,77,367713
14492,0.000187,74.125.130.0-255,2902,35986,77,367713
14493,0.000189,172.31.40.0-255,66,36052,77,367713
14494,0.0002,74.125.130.0-255,12110,48162,77,367713
14495,0.000202,172.31.40.0-255,66,48228,77,367713
14496,0.000226,74.125.130.0-255,1484,49712,77,367713
14497,0.000242,172.31.40.0-255,66,49778,77,367713
14498,0.000247,74.125.130.0-255,2902,52680,77,367713
14499,0.00025,172.31.40.0-255,66,52746,77,367713
14500,0.000256,74.125.130.0-255,5738,58484,77,367713
14501,0.000258,172.31.40.0-255,66,58550,77,367713
14502,0.000262,74.125.130.0-255,2902,61452,77,367713
14503,0.000264,172.31.40.0-255,66,61518,77,367713
14504,0.000286,74.125.130.0-255,2902,64420,77,367713
14505,0.000289,172.31.40.0-255,66,64486,77,367713
14506,0.000307,74.125.130.0-255,1376,65862,77,367713
14507,0.000753,74.125.130.0-255,118,65980,77,367713
14508,0.000824,74.125.130.0-255,1484,67464,77,367713
14509,0.000829,172.31.40.0-255,66,67530,77,367713
14510,0.000844,74.125.130.0-255,2902,70432,77,367713
14511,0.000847,172.31.40.0-255,66,70498,77,367713
14512,0.000849,74.125.130.0-255,1484,71982,77,367713
14513,0.000869,74.125.130.0-255,4320,76302,77,367713
14514,0.000872,172.31.40.0-255,66,76368,77,367713
14515,0.000886,74.125.130.0-255,4320,80688,77,367713
14516,0.000889,172.31.40.0-255,66,80754,77,367713
14517,0.000894,74.125.130.0-255,2902,83656,77,367713
14518,0.000896,172.31.40.0-255,66,83722,77,367713
14519,0.000921,74.125.130.0-255,2902,86624,77,367713
14520,0.000924,172.31.40.0-255,66,86690,77,367713
14521,0.000931,74.125.130.0-255,7156,93846,77,367713
14522,0.000933,172.31.40.0-255,66,93912,77,367713
14523,0.000969,74.125.130.0-255,2902,96814,77,367713
14524,0.000972,172.31.40.0-255,66,96880,77,367713
14525,0.000993,74.125.130.0-255,3602,100482,77,367713
14526,0.000995,172.31.40.0-255,66,100548,77,367713
14527,0.001197,74.125.130.0-255,1484,102032,77,367713
14528,0.001204,74.125.130.0-255,2902,104934,77,367713
14529,0.001207,172.31.40.0-255,66,105000,77,367713
14530,0.00121,74.125.130.0-255,1484,106484,77,367713
14531,0.001224,74.125.130.0-255,4320,110804,77,367713
14532,0.001226,172.31.40.0-255,66,110870,77,367713
14533,0.001229,74.125.130.0-255,1484,112354,77,367713
14534,0.001255,74.125.130.0-255,5738,118092,77,367713
14535,0.001257,172.31.40.0-255,66,118158,77,367713
14536,0.001292,74.125.130.0-255,4320,122478,77,367713
14537,0.001293,172.31.40.0-255,66,122544,77,367713
14538,0.00132,74.125.130.0-255,9992,132536,77,367713
14539,0.001322,172.31.40.0-255,66,132602,77,367713
14540,0.001358,74.125.130.0-255,9274,141876,77,367713
14541,0.001361,172.31.40.0-255,66,141942,77,367713
14542,0.001377,74.125.130.0-255,2902,144844,77,367713
14543,0.001379,172.31.40.0-255,66,144910,77,367713
14544,0.0014,74.125.130.0-255,7156,152066,77,367713
14545,0.001403,172.31.40.0-255,66,152132,77,367713
14546,0.001407,74.125.130.0-255,2902,155034,77,367713
14547,0.001408,172.31.40.0-255,66,155100,77,367713
14548,0.001434,74.125.130.0-255,8574,163674,77,367713
14549,0.001437,172.31.40.0-255,66,163740,77,367713
14550,0.001442,74.125.130.0-255,5020,168760,77,367713
14551,0.001444,172.31.40.0-255,66,168826,77,367713
14552,0.001624,74.125.130.0-255,1484,170310,77,367713
14553,0.001664,74.125.130.0-255,1484,171794,77,367713
14554,0.001667,172.31.40.0-255,66,171860,77,367713
14555,0.001678,74.125.130.0-255,1484,173344,77,367713
14556,0.001681,74.125.130.0-255,1484,174828,77,367713
14557,0.001682,172.31.40.0-255,66,174894,77,367713
14558,0.001705,74.125.130.0-255,2902,177796,77,367713
14559,0.001707,172.31.40.0-255,66,177862,77,367713
14560,0.001729,74.125.130.0-255,4320,182182,77,367713
14561,0.001731,172.31.40.0-255,66,182248,77,367713
14562,0.001742,74.125.130.0-255,1484,183732,77,367713
14563,0.001757,74.125.130.0-255,4320,188052,77,367713
14564,0.001759,172.31.40.0-255,66,188118,77,367713
14565,0.001781,74.125.130.0-255,5738,193856,77,367713
14566,0.001783,172.31.40.0-255,66,193922,77,367713
14567,0.001803,74.125.130.0-255,4320,198242,77,367713
14568,0.001805,172.31.40.0-255,66,198308,77,367713
14569,0.001818,74.125.130.0-255,1484,199792,77,367713
14570,0.001834,74.125.130.0-255,3602,203394,77,367713
14571,0.001836,172.31.40.0-255,66,203460,77,367713
14572,0.002005,74.125.130.0-255,1484,204944,77,367713
14573,0.002009,74.125.130.0-255,2902,207846,77,367713
14574,0.002012,172.31.40.0-255,66,207912,77,367713
14575,0.002037,74.125.130.0-255,4320,212232,77,367713
14576,0.002039,172.31.40.0-255,66,212298,77,367713
14577,0.002045,74.125.130.0-255,5738,218036,77,367713
14578,0.002047,172.31.40.0-255,66,218102,77,367713
14579,0.002087,74.125.130.0-255,9992,228094,77,367713
14580,0.00209,172.31.40.0-255,66,228160,77,367713
14581,0.002108,74.125.130.0-255,1484,229644,77,367713
14582,0.002116,74.125.130.0-255,7856,237500,77,367713
14583,0.002118,172.31.40.0-255,66,237566,77,367713
14584,0.002156,74.125.130.0-255,8574,246140,77,367713
14585,0.002159,172.31.40.0-255,66,246206,77,367713
14586,0.002194,74.125.130.0-255,9992,256198,77,367713
14587,0.002197,172.31.40.0-255,66,256264,77,367713
14588,0.002222,74.125.130.0-255,4320,260584,77,367713
14589,0.002225,172.31.40.0-255,66,260650,77,367713
14590,0.002254,172.31.40.0-255,66,260716,77,367713
14591,0.002272,172.31.40.0-255,66,260782,77,367713
14592,0.002275,74.125.130.0-255,2902,263684,77,367713
14593,0.002278,172.31.40.0-255,66,263750,77,367713
14594,0.002348,74.125.130.0-255,8574,272324,77,367713
14595,0.002352,172.31.40.0-255,66,272390,77,367713
14596,0.002377,74.125.130.0-255,12110,284500,77,367713
14597,0.00238,172.31.40.0-255,66,284566,77,367713
14598,0.002395,172.31.40.0-255,66,284632,77,367713
14599,0.004713,74.125.130.0-255,5738,290370,77,367713
14600,0.004719,172.31.40.0-255,66,290436,77,367713
14601,0.007044,74.125.130.0-255,5738,296174,77,367713
14602,0.00705,172.31.40.0-255,66,296240,77,367713
14603,0.009393,74.125.130.0-255,5738,301978,77,367713
14604,0.009398,172.31.40.0-255,66,302044,77,367713
14605,0.011744,74.125.130.0-255,5738,307782,77,367713
14606,0.011754,172.31.40.0-255,66,307848,77,367713
14607,0.014081,74.125.130.0-255,5738,313586,77,367713
14608,0.014091,172.31.40.0-255,66,313652,77,367713
14609,0.016436,74.125.130.0-255,5738,319390,77,367713
14610,0.016446,172.31.40.0-255,66,319456,77,367713
14611,0.01879,74.125.130.0-255,5738,325194,77,367713
14612,0.018798,172.31.40.0-255,66,325260,77,367713
14613,0.02113,74.125.130.0-255,5738,330998,77,367713
14614,0.021137,172.31.40.0-255,66,331064,77,367713
14615,0.023466,74.125.130.0-255,5738,336802,77,367713
14616,0.023472,172.31.40.0-255,66,336868,77,367713
14617,0.025812,74.125.130.0-255,5738,342606,77,367713
14618,0.02582,172.31.40.0-255,66,342672,77,367713
14619,0.028148,74.125.130.0-255,5738,348410,77,367713
14620,0.028157,172.31.40.0-255,66,348476,77,367713
14621,0.030496,74.125.130.0-255,5738,354214,77,367713
14622,0.030504,172.31.40.0-255,66,354280,77,367713
14623,0.032839,74.125.130.0-255,5738,360018,77,367713
14624,0.032846,172.31.40.0-255,66,360084,77,367713
14625,0.033417,172.31.40.0-255,487,360571,77,367713
14626,0.033467,172.31.40.0-255,1118,361689,77,367713
14627,0.033547,172.31.40.0-255,1514,363203,77,367713
14628,0.033549,172.31.40.0-255,1514,364717,77,367713
14629,0.03355,172.31.40.0-255,1514,366231,77,367713
14630,0.033551,172.31.40.0-255,756,366987,77,367713
14631,0.034991,104.244.42.0-255,66,367053,77,367713
14632,0.035046,104.244.42.0-255,66,367119,77,367713
14633,0.035125,104.244.42.0-255,66,367185,77,367713
14634,0.035138,104.244.42.0-255,66,367251,77,367713
14635,0.035164,74.125.130.0-255,225,367476,77,367713
14636,0.035298,172.31.40.0-255,66,367542,77,367713
14637,0.035339,172.31.40.0-255,105,367647,77,367713
14638,0.037634,74.125.130.0-255,66,367713,77,367713
14639,0.0,74.125.24.0-255,155,155,77,414282
14640,1.7e-05,172.31.40.0-255,66,221,77,414282
14641,2.5e-05,74.125.24.0-255,1484,1705,77,414282
14642,2.9e-05,172.31.40.0-255,66,1771,77,414282
14643,3.5e-05,74.125.24.0-255,2902,4673,77,414282
14644,3.9e-05,172.31.40.0-255,66,4739,77,414282
14645,5.5e-05,74.125.24.0-255,7156,11895,77,414282
14646,5.8e-05,172.31.40.0-255,66,11961,77,414282
14647,6.1e-05,74.125.24.0-255,1484,13445,77,414282
14648,6.3e-05,172.31.40.0-255,66,13511,77,414282
14649,6.8e-05,74.125.24.0-255,4320,17831,77,414282
14650,7.1e-05,172.31.40.0-255,66,17897,77,414282
14651,0.000109,74.125.24.0-255,6371,24268,77,414282
14652,0.000112,172.31.40.0-255,66,24334,77,414282
14653,0.00012,74.125.24.0-255,6797,31131,77,414282
14654,0.000122,172.31.40.0-255,66,31197,77,414282
14655,0.000149,74.125.24.0-255,1484,32681,77,414282
14656,0.000152,172.31.40.0-255,66,32747,77,414282
14657,0.000181,74.125.24.0-255,2902,35649,77,414282
14658,0.000184,172.31.40.0-255,66,35715,77,414282
14659,0.000191,74.125.24.0-255,5738,41453,77,414282
14660,0.000194,172.31.40.0-255,66,41519,77,414282
14661,0.000205,74.125.24.0-255,6797,48316,77,414282
14662,0.000208,172.31.40.0-255,66,48382,77,414282
14663,0.000445,74.125.24.0-255,1484,49866,77,414282
14664,0.00045,172.31.40.0-255,66,49932,77,414282
14665,0.000456,74.125.24.0-255,2902,52834,77,414282
14666,0.000458,172.31.40.0-255,66,52900,77,414282
14667,0.000469,74.125.24.0-255,5738,58638,77,414282
14668,0.000472,172.31.40.0-255,66,58704,77,414282
14669,0.000501,74.125.24.0-255,6797,65501,77,414282
14670,0.000504,172.31.40.0-255,66,65567,77,414282
14671,0.000568,74.125.24.0-255,1484,67051,77,414282
14672,0.000572,74.125.24.0-255,1484,68535,77,414282
14673,0.000575,172.31.40.0-255,66,68601,77,414282
14674,0.0006,74.125.24.0-255,1484,70085,77,414282
14675,0.000607,74.125.24.0-255,5738,75823,77,414282
14676,0.00061,172.31.40.0-255,66,75889,77,414282
14677,0.000616,74.125.24.0-255,5738,81627,77,414282
14678,0.000619,172.31.40.0-255,66,81693,77,414282
14679,0.000686,74.125.24.0-255,9633,91326,77,414282
14680,0.000689,172.31.40.0-255,66,91392,77,414282
14681,0.000721,74.125.24.0-255,8797,100189,77,414282
14682,0.000724,172.31.40.0-255,66,100255,77,414282
14683,0.001199,74.125.24.0-255,1484,101739,77,414282
14684,0.001207,74.125.24.0-255,2902,104641,77,414282
14685,0.001211,172.31.40.0-255,66,104707,77,414282
14686,0.001219,74.125.24.0-255,5738,110445,77,414282
14687,0.001222,172.31.40.0-255,66,110511,77,414282
14688,0.001239,74.125.24.0-255,12828,123339,77,414282
14689,0.001242,172.31.40.0-255,66,123405,77,414282
14690,0.001273,74.125.24.0-255,10692,134097,77,414282
14691,0.001277,172.31.40.0-255,66,134163,77,414282
14692,0.002135,74.125.24.0-255,1484,135647,77,414282
14693,0.002141,74.125.24.0-255,2902,138549,77,414282
14694,0.002144,172.31.40.0-255,66,138615,77,414282
14695,0.002174,74.125.24.0-255,5738,144353,77,414282
14696,0.002176,172.31.40.0-255,66,144419,77,414282
14697,0.002184,74.125.24.0-255,7156,151575,77,414282
14698,0.002186,172.31.40.0-255,66,151641,77,414282
14699,0.002197,74.125.24.0-255,7156,158797,77,414282
14700,0.002199,172.31.40.0-255,66,158863,77,414282
14701,0.002237,74.125.24.0-255,7156,166019,77,414282
14702,0.00224,172.31.40.0-255,66,166085,77,414282
14703,0.002244,74.125.24.0-255,2184,168269,77,414282
14704,0.002246,172.31.40.0-255,66,168335,77,414282
14705,0.004561,74.125.24.0-255,5738,174073,77,414282
14706,0.004568,172.31.40.0-255,66,174139,77,414282
14707,0.006872,74.125.24.0-255,4320,178459,77,414282
14708,0.006875,172.31.40.0-255,66,178525,77,414282
14709,0.006892,74.125.24.0-255,1484,180009,77,414282
14710,0.009138,74.125.24.0-255,4320,184329,77,414282
14711,0.009145,172.31.40.0-255,66,184395,77,414282
14712,0.011413,74.125.24.0-255,5738,190133,77,414282
14713,0.011419,172.31.40.0-255,66,190199,77,414282
14714,0.013737,74.125.24.0-255,5738,195937,77,414282
14715,0.013745,172.31.40.0-255,66,196003,77,414282
14716,0.016086,74.125.24.0-255,5738,201741,77,414282
14717,0.016095,172.31.40.0-255,66,201807,77,414282
14718,0.018427,74.125.24.0-255,5738,207545,77,414282
14719,0.018434,172.31.40.0-255,66,207611,77,414282
14720,0.020734,74.125.24.0-255,5738,213349,77,414282
14721,0.020743,172.31.40.0-255,66,213415,77,414282
14722,0.023023,74.125.24.0-255,5738,219153,77,414282
14723,0.02303,172.31.40.0-255,66,219219,77,414282
14724,0.025354,74.125.24.0-255,5738,224957,77,414282
14725,0.025361,172.31.40.0-255,66,225023,77,414282
14726,0.027704,74.125.24.0-255,5738,230761,77,414282
14727,0.027712,172.31.40.0-255,66,230827,77,414282
14728,0.030015,74.125.24.0-255,2902,233729,77,414282
14729,0.030022,172.31.40.0-255,66,233795,77,414282
14730,0.03005,74.125.24.0-255,2902,236697,77,414282
14731,0.030054,172.31.40.0-255,66,236763,77,414282
14732,0.031023,172.31.40.0-255,172,236935,77,414282
14733,0.031059,172.31.40.0-255,1115,238050,77,414282
14734,0.031157,172.31.40.0-255,1514,239564,77,414282
14735,0.031159,172.31.40.0-255,400,239964,77,414282
14736,0.032332,74.125.24.0-255,5738,245702,77,414282
14737,0.032339,172.31.40.0-255,66,245768,77,414282
14738,0.032555,104.244.42.0-255,66,245834,77,414282
14739,0.032589,104.244.42.0-255,66,245900,77,414282
14740,0.032693,104.244.42.0-255,66,245966,77,414282
14741,0.034605,74.125.24.0-255,5738,251704,77,414282
14742,0.034613,172.31.40.0-255,66,251770,77,414282
14743,0.036911,74.125.24.0-255,5738,257508,77,414282
14744,0.036918,172.31.40.0-255,66,257574,77,414282
14745,0.039247,74.125.24.0-255,5738,263312,77,414282
14746,0.039264,172.31.40.0-255,66,263378,77,414282
14747,0.041589,74.125.24.0-255,5738,269116,77,414282
14748,0.041605,172.31.40.0-255,66,269182,77,414282
14749,0.043909,74.125.24.0-255,5738,274920,77,414282
14750,0.043929,172.31.40.0-255,66,274986,77,414282
14751,0.046228,74.125.24.0-255,5738,280724,77,414282
14752,0.046245,172.31.40.0-255,66,280790,77,414282
14753,0.048525,74.125.24.0-255,5738,286528,77,414282
14754,0.048532,172.31.40.0-255,66,286594,77,414282
14755,0.050804,74.125.24.0-255,5738,292332,77,414282
14756,0.050812,172.31.40.0-255,66,292398,77,414282
14757,0.053083,74.125.24.0-255,5738,298136,77,414282
14758,0.053089,172.31.40.0-255,66,298202,77,414282
14759,0.055422,74.125.24.0-255,5738,303940,77,414282
14760,0.055429,172.31.40.0-255,66,304006,77,414282
14761,0.057736,74.125.24.0-255,5738,309744,77,414282
14762,0.057744,172.31.40.0-255,66,309810,77,414282
14763,0.060078,74.125.24.0-255,5738,315548,77,414282
14764,0.060084,172.31.40.0-255,66,315614,77,414282
14765,0.062364,74.125.24.0-255,5738,321352,77,414282
14766,0.06237,172.31.40.0-255,66,321418,77,414282
14767,0.064691,74.125.24.0-255,5738,327156,77,414282
14768,0.064697,172.31.40.0-255,66,327222,77,414282
14769,0.067035,74.125.24.0-255,5738,332960,77,414282
14770,0.067042,172.31.40.0-255,66,333026,77,414282
14771,0.069344,74.125.24.0-255,5738,338764,77,414282
14772,0.069351,172.31.40.0-255,66,338830,77,414282
14773,0.071638,74.125.24.0-255,5738,344568,77,414282
14774,0.071646,172.31.40.0-255,66,344634,77,414282
14775,0.073991,74.125.24.0-255,5738,350372,77,414282
14776,0.073998,172.31.40.0-255,66,350438,77,414282
14777,0.076287,74.125.24.0-255,5738,356176,77,414282
14778,0.076293,172.31.40.0-255,66,356242,77,414282
14779,0.078611,74.125.24.0-255,5738,361980,77,414282
14780,0.078617,172.31.40.0-255,66,362046,77,414282
14781,0.080885,74.125.24.0-255,5738,367784,77,414282
14782,0.080892,172.31.40.0-255,66,367850,77,414282
14783,0.083199,74.125.24.0-255,5738,373588,77,414282
14784,0.083205,172.31.40.0-255,66,373654,77,414282
14785,0.08551,74.125.24.0-255,5738,379392,77,414282
14786,0.085516,172.31.40.0-255,66,379458,77,414282
14787,0.087871,74.125.24.0-255,5738,385196,77,414282
14788,0.087877,172.31.40.0-255,66,385262,77,414282
14789,0.090188,74.125.24.0-255,5738,391000,77,414282
14790,0.090195,172.31.40.0-255,66,391066,77,414282
14791,0.092477,74.125.24.0-255,5738,396804,77,414282
14792,0.092484,172.31.40.0-255,66,396870,77,414282
14793,0.094802,74.125.24.0-255,5738,402608,77,414282
14794,0.094808,172.31.40.0-255,66,402674,77,414282
14795,0.0971,74.125.24.0-255,5738,408412,77,414282
14796,0.097106,172.31.40.0-255,66,408478,77,414282
14797,0.099397,74.125.24.0-255,5738,414216,77,414282
14798,0.099403,172.31.40.0-255,66,414282,77,414282
14799,0.0,172.217.194.0-255,152,152,77,374286
14800,1e-05,172.31.40.0-255,66,218,77,374286
14801,4.6e-05,172.217.194.0-255,1484,1702,77,374286
14802,5e-05,172.31.40.0-255,66,1768,77,374286
14803,5.5e-05,172.217.194.0-255,2902,4670,77,374286
14804,5.7e-05,172.31.40.0-255,66,4736,77,374286
14805,6e-05,172.217.194.0-255,1484,6220,77,374286
14806,6.2e-05,172.31.40.0-255,66,6286,77,374286
14807,9.6e-05,172.217.194.0-255,5738,12024,77,374286
14808,9.9e-05,172.31.40.0-255,66,12090,77,374286
14809,0.000102,172.217.194.0-255,2071,14161,77,374286
14810,0.000104,172.31.40.0-255,66,14227,77,374286
14811,0.000108,172.217.194.0-255,2902,17129,77,374286
14812,0.00011,172.31.40.0-255,66,17195,77,374286
14813,0.000118,172.217.194.0-255,2902,20097,77,374286
14814,0.000123,172.31.40.0-255,66,20163,77,374286
14815,0.000146,172.217.194.0-255,4320,24483,77,374286
14816,0.000149,172.31.40.0-255,66,24549,77,374286
14817,0.000183,172.217.194.0-255,6797,31346,77,374286
14818,0.000185,172.31.40.0-255,66,31412,77,374286
14819,0.000191,172.217.194.0-255,7156,38568,77,374286
14820,0.000193,172.31.40.0-255,66,38634,77,374286
14821,0.000198,172.217.194.0-255,4320,42954,77,374286
14822,0.000203,172.31.40.0-255,66,43020,77,374286
14823,0.000224,172.217.194.0-255,4320,47340,77,374286
14824,0.000226,172.31.40.0-255,66,47406,77,374286
14825,0.000251,172.217.194.0-255,4320,51726,77,374286
14826,0.000252,172.31.40.0-255,66,51792,77,374286
14827,0.000284,172.217.194.0-255,3961,55753,77,374286
14828,0.000286,172.31.40.0-255,66,55819,77,374286
14829,0.000293,172.217.194.0-255,8574,64393,77,374286
14830,0.000295,172.31.40.0-255,66,64459,77,374286
14831,0.000298,172.217.194.0-255,1405,65864,77,374286
14832,0.000315,172.217.194.0-255,115,65979,77,374286
14833,0.000333,172.217.194.0-255,380,66359,77,374286
14834,0.000336,172.31.40.0-255,66,66425,77,374286
14835,0.00056,172.217.194.0-255,1484,67909,77,374286
14836,0.000564,172.217.194.0-255,1484,69393,77,374286
14837,0.000567,172.31.40.0-255,66,69459,77,374286
14838,0.000594,172.217.194.0-255,1484,70943,77,374286
14839,0.0006,172.217.194.0-255,5738,76681,77,374286
14840,0.000603,172.31.40.0-255,66,76747,77,374286
14841,0.000607,172.217.194.0-255,2902,79649,77,374286
14842,0.000609,172.31.40.0-255,66,79715,77,374286
14843,0.000636,172.217.194.0-255,9992,89707,77,374286
14844,0.000639,172.31.40.0-255,66,89773,77,374286
14845,0.000651,172.217.194.0-255,10692,100465,77,374286
14846,0.000653,172.31.40.0-255,66,100531,77,374286
14847,0.000751,172.217.194.0-255,1484,102015,77,374286
14848,0.000769,172.217.194.0-255,2902,104917,77,374286
14849,0.000772,172.31.40.0-255,66,104983,77,374286
14850,0.000778,172.217.194.0-255,5738,110721,77,374286
14851,0.00078,172.31.40.0-255,66,110787,77,374286
14852,0.000832,172.217.194.0-255,11410,122197,77,374286
14853,0.000834,172.31.40.0-255,66,122263,77,374286
14854,0.000858,172.217.194.0-255,1484,123747,77,374286
14855,0.000867,172.217.194.0-255,10692,134439,77,374286
14856,0.00087,172.31.40.0-255,66,134505,77,374286
14857,0.000878,172.217.194.0-255,9992,144497,77,374286
14858,0.00088,172.31.40.0-255,66,144563,77,374286
14859,0.000911,172.217.194.0-255,1484,146047,77,374286
14860,0.000914,172.217.194.0-255,1484,147531,77,374286
14861,0.000916,172.31.40.0-255,66,147597,77,374286
14862,0.000934,172.31.40.0-255,66,147663,77,374286
14863,0.000941,172.217.194.0-255,6438,154101,77,374286
14864,0.000943,172.31.40.0-255,66,154167,77,374286
14865,0.000947,172.217.194.0-255,4320,158487,77,374286
14866,0.000949,172.31.40.0-255,66,158553,77,374286
14867,0.000976,172.217.194.0-255,2902,161455,77,374286
14868,0.000978,172.31.40.0-255,66,161521,77,374286
14869,0.000985,172.217.194.0-255,7156,168677,77,374286
14870,0.000987,172.31.40.0-255,66,168743,77,374286
14871,0.001017,172.217.194.0-255,8574,177317,77,374286
14872,0.001019,172.31.40.0-255,66,177383,77,374286
14873,0.001025,172.217.194.0-255,1484,178867,77,374286
14874,0.001053,172.217.194.0-255,9274,188141,77,374286
14875,0.001056,172.31.40.0-255,66,188207,77,374286
14876,0.001112,172.217.194.0-255,1484,189691,77,374286
14877,0.001127,172.217.194.0-255,2902,192593,77,374286
14878,0.001129,172.31.40.0-255,66,192659,77,374286
14879,0.001155,172.217.194.0-255,5738,198397,77,374286
14880,0.001158,172.31.40.0-255,66,198463,77,374286
14881,0.001186,172.217.194.0-255,9992,208455,77,374286
14882,0.001191,172.31.40.0-255,66,208521,77,374286
14883,0.001212,172.217.194.0-255,2902,211423,77,374286
14884,0.001214,172.31.40.0-255,66,211489,77,374286
14885,0.001221,172.217.194.0-255,7156,218645,77,374286
14886,0.001223,172.31.40.0-255,66,218711,77,374286
14887,0.001249,172.217.194.0-255,3602,222313,77,374286
14888,0.001251,172.31.40.0-255,66,222379,77,374286
14889,0.001327,172.217.194.0-255,1484,223863,77,374286
14890,0.001344,172.217.194.0-255,2902,226765,77,374286
14891,0.001347,172.31.40.0-255,66,226831,77,374286
14892,0.00135,172.217.194.0-255,1484,228315,77,374286
14893,0.001375,172.217.194.0-255,4320,232635,77,374286
14894,0.001378,172.31.40.0-255,66,232701,77,374286
14895,0.00139,172.217.194.0-255,8574,241275,77,374286
14896,0.001392,172.31.40.0-255,66,241341,77,374286
14897,0.001411,172.217.194.0-255,4320,245661,77,374286
14898,0.001413,172.31.40.0-255,66,245727,77,374286
14899,0.001415,172.217.194.0-255,1484,247211,77,374286
14900,0.001437,172.217.194.0-255,5738,252949,77,374286
14901,0.00144,172.31.40.0-255,66,253015,77,374286
14902,0.001452,172.217.194.0-255,3602,256617,77,374286
14903,0.001454,172.31.40.0-255,66,256683,77,374286
14904,0.001497,172.217.194.0-255,1484,258167,77,374286
14905,0.001509,172.217.194.0-255,2902,261069,77,374286
14906,0.001512,172.31.40.0-255,66,261135,77,374286
14907,0.001539,172.217.194.0-255,5738,266873,77,374286
14908,0.001542,172.31.40.0-255,66,266939,77,374286
14909,0.001549,172.217.194.0-255,7156,274095,77,374286
14910,0.00155,172.31.40.0-255,66,274161,77,374286
14911,0.001589,172.31.40.0-255,66,274227,77,374286
14912,0.001593,172.217.194.0-255,2184,276411,77,374286
14913,0.001654,172.217.194.0-255,1484,277895,77,374286
14914,0.001673,172.217.194.0-255,2902,280797,77,374286
14915,0.001679,172.217.194.0-255,5738,286535,77,374286
14916,0.001697,172.217.194.0-255,5738,292273,77,374286
14917,0.001717,172.217.194.0-255,7156,299429,77,374286
14918,0.001745,172.217.194.0-255,2902,302331,77,374286
14919,0.001769,172.217.194.0-255,7856,310187,77,374286
14920,0.001824,172.217.194.0-255,1484,311671,77,374286
14921,0.001845,172.217.194.0-255,2902,314573,77,374286
14922,0.001851,172.217.194.0-255,5738,320311,77,374286
14923,0.001868,172.217.194.0-255,2902,323213,77,374286
14924,0.001889,172.217.194.0-255,9992,333205,77,374286
14925,0.001892,172.217.194.0-255,1484,334689,77,374286
14926,0.001907,172.217.194.0-255,7156,341845,77,374286
14927,0.001923,172.217.194.0-255,3602,345447,77,374286
14928,0.00193,172.217.194.0-255,8574,354021,77,374286
14929,0.001947,172.217.194.0-255,4320,358341,77,374286
14930,0.001952,172.217.194.0-255,4320,362661,77,374286
14931,0.002069,172.217.194.0-255,1484,364145,77,374286
14932,0.002073,172.217.194.0-255,1484,365629,77,374286
14933,0.002087,172.217.194.0-255,1484,367113,77,374286
14934,0.00209,172.217.194.0-255,2530,369643,77,374286
14935,0.002123,172.217.194.0-255,105,369748,77,374286
14936,0.005927,172.31.40.0-255,66,369814,77,374286
14937,0.008188,172.31.40.0-255,105,369919,77,374286
14938,0.010461,172.217.194.0-255,66,369985,77,374286
14939,0.030808,172.31.40.0-255,192,370177,77,374286
14940,0.030843,172.31.40.0-255,1120,371297,77,374286
14941,0.030902,172.31.40.0-255,1514,372811,77,374286
14942,0.030924,172.31.40.0-255,1277,374088,77,374286
14943,0.032301,104.244.42.0-255,66,374154,77,374286
14944,0.032338,104.244.42.0-255,66,374220,77,374286
14945,0.032426,104.244.42.0-255,66,374286,77,374286
14946,0.0,74.125.68.0-255,315,315,77,410224
14947,2.3e-05,172.31.40.0-255,66,381,77,410224
14948,3e-05,74.125.68.0-255,1484,1865,77,410224
14949,3.5e-05,172.31.40.0-255,66,1931,77,410224
14950,4e-05,74.125.68.0-255,2902,4833,77,410224
14951,5.1e-05,172.31.40.0-255,66,4899,77,410224
14952,5.6e-05,74.125.68.0-255,4320,9219,77,410224
14953,6e-05,172.31.40.0-255,66,9285,77,410224
14954,6.3e-05,74.125.68.0-255,1484,10769,77,410224
14955,6.6e-05,172.31.40.0-255,66,10835,77,410224
14956,0.000111,74.125.68.0-255,7538,18373,77,410224
14957,0.000115,172.31.40.0-255,66,18439,77,410224
14958,0.000124,74.125.68.0-255,9992,28431,77,410224
14959,0.000127,172.31.40.0-255,66,28497,77,410224
14960,0.000133,74.125.68.0-255,5738,34235,77,410224
14961,0.000135,172.31.40.0-255,66,34301,77,410224
14962,0.000143,74.125.68.0-255,7156,41457,77,410224
14963,0.000146,172.31.40.0-255,66,41523,77,410224
14964,0.000185,74.125.68.0-255,6438,47961,77,410224
14965,0.000189,172.31.40.0-255,66,48027,77,410224
14966,0.000256,74.125.68.0-255,1484,49511,77,410224
14967,0.000259,172.31.40.0-255,66,49577,77,410224
14968,0.000285,74.125.68.0-255,2902,52479,77,410224
14969,0.000288,172.31.40.0-255,66,52545,77,410224
14970,0.000295,74.125.68.0-255,5738,58283,77,410224
14971,0.000297,172.31.40.0-255,66,58349,77,410224
14972,0.000327,74.125.68.0-255,7156,65505,77,410224
14973,0.00033,172.31.40.0-255,66,65571,77,410224
14974,0.000476,74.125.68.0-255,1484,67055,77,410224
14975,0.000481,172.31.40.0-255,66,67121,77,410224
14976,0.000485,74.125.68.0-255,1484,68605,77,410224
14977,0.000487,172.31.40.0-255,66,68671,77,410224
14978,0.000512,74.125.68.0-255,1484,70155,77,410224
14979,0.000524,74.125.68.0-255,5738,75893,77,410224
14980,0.000527,172.31.40.0-255,66,75959,77,410224
14981,0.000535,74.125.68.0-255,8574,84533,77,410224
14982,0.000538,172.31.40.0-255,66,84599,77,410224
14983,0.000587,74.125.68.0-255,9992,94591,77,410224
14984,0.00059,172.31.40.0-255,66,94657,77,410224
14985,0.000598,74.125.68.0-255,5020,99677,77,410224
14986,0.0006,172.31.40.0-255,66,99743,77,410224
14987,0.001612,74.125.68.0-255,1484,101227,77,410224
14988,0.001622,74.125.68.0-255,2902,104129,77,410224
14989,0.001626,172.31.40.0-255,66,104195,77,410224
14990,0.001634,74.125.68.0-255,5738,109933,77,410224
14991,0.001637,172.31.40.0-255,66,109999,77,410224
14992,0.001675,74.125.68.0-255,4320,114319,77,410224
14993,0.001678,172.31.40.0-255,66,114385,77,410224
14994,0.001685,74.125.68.0-255,5738,120123,77,410224
14995,0.001687,172.31.40.0-255,66,120189,77,410224
14996,0.001692,74.125.68.0-255,2902,123091,77,410224
14997,0.001694,172.31.40.0-255,66,123157,77,410224
14998,0.00173,74.125.68.0-255,8574,131731,77,410224
14999,0.001748,172.31.40.0-255,66,131797,77,410224
15000,0.001753,74.125.68.0-255,2184,133981,77,410224
15001,0.001755,172.31.40.0-255,66,134047,77,410224
15002,0.002155,74.125.68.0-255,1484,135531,77,410224
15003,0.002162,74.125.68.0-255,1484,137015,77,410224
15004,0.002167,172.31.40.0-255,66,137081,77,410224
15005,0.002173,74.125.68.0-255,2902,139983,77,410224
15006,0.002175,172.31.40.0-255,66,140049,77,410224
15007,0.002207,74.125.68.0-255,5738,145787,77,410224
15008,0.002209,172.31.40.0-255,66,145853,77,410224
15009,0.002213,74.125.68.0-255,1484,147337,77,410224
15010,0.002242,74.125.68.0-255,2902,150239,77,410224
15011,0.002245,172.31.40.0-255,66,150305,77,410224
15012,0.002273,74.125.68.0-255,2902,153207,77,410224
15013,0.002275,172.31.40.0-255,66,153273,77,410224
15014,0.002282,74.125.68.0-255,4320,157593,77,410224
15015,0.002284,172.31.40.0-255,66,157659,77,410224
15016,0.002344,74.125.68.0-255,7156,164815,77,410224
15017,0.002347,172.31.40.0-255,66,164881,77,410224
15018,0.004659,74.125.68.0-255,5738,170619,77,410224
15019,0.004666,172.31.40.0-255,66,170685,77,410224
15020,0.007015,74.125.68.0-255,5738,176423,77,410224
15021,0.00702,172.31.40.0-255,66,176489,77,410224
15022,0.009307,74.125.68.0-255,4320,180809,77,410224
15023,0.009314,172.31.40.0-255,66,180875,77,410224
15024,0.009344,74.125.68.0-255,1484,182359,77,410224
15025,0.011613,74.125.68.0-255,4320,186679,77,410224
15026,0.011621,172.31.40.0-255,66,186745,77,410224
15027,0.013931,74.125.68.0-255,5738,192483,77,410224
15028,0.013945,172.31.40.0-255,66,192549,77,410224
15029,0.016239,74.125.68.0-255,5738,198287,77,410224
15030,0.016247,172.31.40.0-255,66,198353,77,410224
15031,0.01855,74.125.68.0-255,5738,204091,77,410224
15032,0.018559,172.31.40.0-255,66,204157,77,410224
15033,0.02085,74.125.68.0-255,5738,209895,77,410224
15034,0.020857,172.31.40.0-255,66,209961,77,410224
15035,0.023151,74.125.68.0-255,5738,215699,77,410224
15036,0.023158,172.31.40.0-255,66,215765,77,410224
15037,0.025458,74.125.68.0-255,5738,221503,77,410224
15038,0.025466,172.31.40.0-255,66,221569,77,410224
15039,0.027774,74.125.68.0-255,5738,227307,77,410224
15040,0.027782,172.31.40.0-255,66,227373,77,410224
15041,0.029599,172.31.40.0-255,172,227545,77,410224
15042,0.029631,172.31.40.0-255,1118,228663,77,410224
15043,0.02969,172.31.40.0-255,1514,230177,77,410224
15044,0.029692,172.31.40.0-255,1277,231454,77,410224
15045,0.030084,74.125.68.0-255,5738,237192,77,410224
15046,0.030091,172.31.40.0-255,66,237258,77,410224
15047,0.031145,104.244.42.0-255,66,237324,77,410224
15048,0.031318,104.244.42.0-255,66,237390,77,410224
15049,0.031324,104.244.42.0-255,66,237456,77,410224
15050,0.032382,74.125.68.0-255,5738,243194,77,410224
15051,0.032389,172.31.40.0-255,66,243260,77,410224
15052,0.034688,74.125.68.0-255,5738,248998,77,410224
15053,0.034694,172.31.40.0-255,66,249064,77,410224
15054,0.037008,74.125.68.0-255,5738,254802,77,410224
15055,0.037015,172.31.40.0-255,66,254868,77,410224
15056,0.039308,74.125.68.0-255,5738,260606,77,410224
15057,0.039315,172.31.40.0-255,66,260672,77,410224
15058,0.041612,74.125.68.0-255,5738,266410,77,410224
15059,0.041619,172.31.40.0-255,66,266476,77,410224
15060,0.043914,74.125.68.0-255,5738,272214,77,410224
15061,0.04392,172.31.40.0-255,66,272280,77,410224
15062,0.046215,74.125.68.0-255,5738,278018,77,410224
15063,0.046224,172.31.40.0-255,66,278084,77,410224
15064,0.048509,74.125.68.0-255,5738,283822,77,410224
15065,0.048514,172.31.40.0-255,66,283888,77,410224
15066,0.050801,74.125.68.0-255,5738,289626,77,410224
15067,0.050807,172.31.40.0-255,66,289692,77,410224
15068,0.0531,74.125.68.0-255,5738,295430,77,410224
15069,0.053106,172.31.40.0-255,66,295496,77,410224
15070,0.055395,74.125.68.0-255,4320,299816,77,410224
15071,0.055403,172.31.40.0-255,66,299882,77,410224
15072,0.055436,74.125.68.0-255,1484,301366,77,410224
15073,0.057708,74.125.68.0-255,4320,305686,77,410224
15074,0.057715,172.31.40.0-255,66,305752,77,410224
15075,0.06001,74.125.68.0-255,5738,311490,77,410224
15076,0.060016,172.31.40.0-255,66,311556,77,410224
15077,0.062317,74.125.68.0-255,5738,317294,77,410224
15078,0.062324,172.31.40.0-255,66,317360,77,410224
15079,0.064616,74.125.68.0-255,5738,323098,77,410224
15080,0.064624,172.31.40.0-255,66,323164,77,410224
15081,0.066997,74.125.68.0-255,5738,328902,77,410224
15082,0.067004,172.31.40.0-255,66,328968,77,410224
15083,0.069309,74.125.68.0-255,5738,334706,77,410224
15084,0.069316,172.31.40.0-255,66,334772,77,410224
15085,0.071627,74.125.68.0-255,5738,340510,77,410224
15086,0.071634,172.31.40.0-255,66,340576,77,410224
15087,0.073967,74.125.68.0-255,5738,346314,77,410224
15088,0.073974,172.31.40.0-255,66,346380,77,410224
15089,0.076263,74.125.68.0-255,5738,352118,77,410224
15090,0.07627,172.31.40.0-255,66,352184,77,410224
15091,0.078561,74.125.68.0-255,5738,357922,77,410224
15092,0.078568,172.31.40.0-255,66,357988,77,410224
15093,0.08087,74.125.68.0-255,5738,363726,77,410224
15094,0.080876,172.31.40.0-255,66,363792,77,410224
15095,0.083204,74.125.68.0-255,5738,369530,77,410224
15096,0.083212,172.31.40.0-255,66,369596,77,410224
15097,0.085518,74.125.68.0-255,5738,375334,77,410224
15098,0.085524,172.31.40.0-255,66,375400,77,410224
15099,0.087825,74.125.68.0-255,5738,381138,77,410224
15100,0.087831,172.31.40.0-255,66,381204,77,410224
15101,0.09013,74.125.68.0-255,5738,386942,77,410224
15102,0.090137,172.31.40.0-255,66,387008,77,410224
15103,0.092429,74.125.68.0-255,5738,392746,77,410224
15104,0.092436,172.31.40.0-255,66,392812,77,410224
15105,0.094754,74.125.68.0-255,5738,398550,77,410224
15106,0.094764,172.31.40.0-255,66,398616,77,410224
15107,0.097051,74.125.68.0-255,5738,404354,77,410224
15108,0.097059,172.31.40.0-255,66,404420,77,410224
15109,0.099342,74.125.68.0-255,5738,410158,77,410224
15110,0.099351,172.31.40.0-255,66,410224,77,410224
15111,0.0,74.125.24.0-255,146,146,77,405288
15112,2.2e-05,172.31.40.0-255,66,212,77,405288
15113,2.9e-05,74.125.24.0-255,1484,1696,77,405288
15114,3.4e-05,172.31.40.0-255,66,1762,77,405288
15115,4e-05,74.125.24.0-255,2902,4664,77,405288
15116,4.5e-05,172.31.40.0-255,66,4730,77,405288
15117,5.2e-05,74.125.24.0-255,7156,11886,77,405288
15118,5.5e-05,172.31.40.0-255,66,11952,77,405288
15119,8.8e-05,74.125.24.0-255,2064,14016,77,405288
15120,9.1e-05,172.31.40.0-255,66,14082,77,405288
15121,9.4e-05,74.125.24.0-255,1484,15566,77,405288
15122,9.6e-05,172.31.40.0-255,66,15632,77,405288
15123,0.000111,74.125.24.0-255,1484,17116,77,405288
15124,0.000113,172.31.40.0-255,66,17182,77,405288
15125,0.000121,74.125.24.0-255,7156,24338,77,405288
15126,0.000123,172.31.40.0-255,66,24404,77,405288
15127,0.00016,74.125.24.0-255,6797,31201,77,405288
15128,0.000163,172.31.40.0-255,66,31267,77,405288
15129,0.000202,74.125.24.0-255,1484,32751,77,405288
15130,0.000204,172.31.40.0-255,66,32817,77,405288
15131,0.000235,74.125.24.0-255,2902,35719,77,405288
15132,0.000237,172.31.40.0-255,66,35785,77,405288
15133,0.000244,74.125.24.0-255,5738,41523,77,405288
15134,0.000246,172.31.40.0-255,66,41589,77,405288
15135,0.000252,74.125.24.0-255,4320,45909,77,405288
15136,0.000254,172.31.40.0-255,66,45975,77,405288
15137,0.000276,74.125.24.0-255,4320,50295,77,405288
15138,0.000278,172.31.40.0-255,66,50361,77,405288
15139,0.000303,74.125.24.0-255,8215,58576,77,405288
15140,0.000306,172.31.40.0-255,66,58642,77,405288
15141,0.000313,74.125.24.0-255,5738,64380,77,405288
15142,0.000315,172.31.40.0-255,66,64446,77,405288
15143,0.000341,74.125.24.0-255,1459,65905,77,405288
15144,0.000344,172.31.40.0-255,66,65971,77,405288
15145,0.000413,74.125.24.0-255,110,66081,77,405288
15146,0.000416,172.31.40.0-255,66,66147,77,405288
15147,0.000435,74.125.24.0-255,330,66477,77,405288
15148,0.000437,172.31.40.0-255,66,66543,77,405288
15149,0.000852,74.125.24.0-255,1484,68027,77,405288
15150,0.000856,172.31.40.0-255,66,68093,77,405288
15151,0.000861,74.125.24.0-255,2902,70995,77,405288
15152,0.000863,172.31.40.0-255,66,71061,77,405288
15153,0.000894,74.125.24.0-255,5738,76799,77,405288
15154,0.000897,172.31.40.0-255,66,76865,77,405288
15155,0.000904,74.125.24.0-255,7156,84021,77,405288
15156,0.000906,172.31.40.0-255,66,84087,77,405288
15157,0.000921,74.125.24.0-255,4320,88407,77,405288
15158,0.000924,172.31.40.0-255,66,88473,77,405288
15159,0.000947,74.125.24.0-255,4320,92793,77,405288
15160,0.00095,172.31.40.0-255,66,92859,77,405288
15161,0.000958,74.125.24.0-255,7856,100715,77,405288
15162,0.000959,172.31.40.0-255,66,100781,77,405288
15163,0.001493,74.125.24.0-255,1484,102265,77,405288
15164,0.0015,172.31.40.0-255,66,102331,77,405288
15165,0.001509,74.125.24.0-255,2902,105233,77,405288
15166,0.001511,172.31.40.0-255,66,105299,77,405288
15167,0.001518,74.125.24.0-255,5738,111037,77,405288
15168,0.00152,172.31.40.0-255,66,111103,77,405288
15169,0.001548,74.125.24.0-255,12828,123931,77,405288
15170,0.001551,172.31.40.0-255,66,123997,77,405288
15171,0.001563,74.125.24.0-255,1484,125481,77,405288
15172,0.001566,172.31.40.0-255,66,125547,77,405288
15173,0.001587,74.125.24.0-255,8574,134121,77,405288
15174,0.00159,172.31.40.0-255,66,134187,77,405288
15175,0.001592,74.125.24.0-255,766,134953,77,405288
15176,0.001594,172.31.40.0-255,66,135019,77,405288
15177,0.00168,74.125.24.0-255,1484,136503,77,405288
15178,0.001684,172.31.40.0-255,66,136569,77,405288
15179,0.001688,74.125.24.0-255,1484,138053,77,405288
15180,0.001691,172.31.40.0-255,66,138119,77,405288
15181,0.001704,74.125.24.0-255,1484,139603,77,405288
15182,0.001706,172.31.40.0-255,66,139669,77,405288
15183,0.001714,74.125.24.0-255,5738,145407,77,405288
15184,0.001716,172.31.40.0-255,66,145473,77,405288
15185,0.001749,74.125.24.0-255,12828,158301,77,405288
15186,0.001752,172.31.40.0-255,66,158367,77,405288
15187,0.001784,74.125.24.0-255,10692,169059,77,405288
15188,0.001787,172.31.40.0-255,66,169125,77,405288
15189,0.001794,74.125.24.0-255,4320,173445,77,405288
15190,0.001796,172.31.40.0-255,66,173511,77,405288
15191,0.001822,74.125.24.0-255,7156,180667,77,405288
15192,0.001826,172.31.40.0-255,66,180733,77,405288
15193,0.001855,74.125.24.0-255,12828,193561,77,405288
15194,0.001859,172.31.40.0-255,66,193627,77,405288
15195,0.001876,74.125.24.0-255,2902,196529,77,405288
15196,0.001883,74.125.24.0-255,4320,200849,77,405288
15197,0.001898,74.125.24.0-255,2184,203033,77,405288
15198,0.001913,74.125.24.0-255,1484,204517,77,405288
15199,0.001918,74.125.24.0-255,2902,207419,77,405288
15200,0.001944,74.125.24.0-255,1484,208903,77,405288
15201,0.001969,74.125.24.0-255,4320,213223,77,405288
15202,0.001976,74.125.24.0-255,7156,220379,77,405288
15203,0.002036,74.125.24.0-255,2184,222563,77,405288
15204,0.005364,172.31.40.0-255,66,222629,77,405288
15205,0.007619,74.125.24.0-255,5738,228367,77,405288
15206,0.007625,172.31.40.0-255,66,228433,77,405288
15207,0.009888,74.125.24.0-255,5738,234171,77,405288
15208,0.009895,172.31.40.0-255,66,234237,77,405288
15209,0.012348,74.125.24.0-255,5738,239975,77,405288
15210,0.012357,172.31.40.0-255,66,240041,77,405288
15211,0.014587,74.125.24.0-255,5738,245779,77,405288
15212,0.014594,172.31.40.0-255,66,245845,77,405288
15213,0.016876,74.125.24.0-255,5738,251583,77,405288
15214,0.016886,172.31.40.0-255,66,251649,77,405288
15215,0.019159,74.125.24.0-255,5738,257387,77,405288
15216,0.019167,172.31.40.0-255,66,257453,77,405288
15217,0.021448,74.125.24.0-255,5738,263191,77,405288
15218,0.021456,172.31.40.0-255,66,263257,77,405288
15219,0.023728,74.125.24.0-255,5738,268995,77,405288
15220,0.023736,172.31.40.0-255,66,269061,77,405288
15221,0.025999,74.125.24.0-255,5738,274799,77,405288
15222,0.026007,172.31.40.0-255,66,274865,77,405288
15223,0.02826,74.125.24.0-255,5738,280603,77,405288
15224,0.028268,172.31.40.0-255,66,280669,77,405288
15225,0.029639,172.31.40.0-255,172,280841,77,405288
15226,0.02967,172.31.40.0-255,1118,281959,77,405288
15227,0.029729,172.31.40.0-255,1514,283473,77,405288
15228,0.029731,172.31.40.0-255,1277,284750,77,405288
15229,0.030542,74.125.24.0-255,5738,290488,77,405288
15230,0.030548,172.31.40.0-255,66,290554,77,405288
15231,0.031272,104.244.42.0-255,66,290620,77,405288
15232,0.031313,104.244.42.0-255,66,290686,77,405288
15233,0.031411,104.244.42.0-255,66,290752,77,405288
15234,0.032807,74.125.24.0-255,4320,295072,77,405288
15235,0.032813,172.31.40.0-255,66,295138,77,405288
15236,0.032831,74.125.24.0-255,1484,296622,77,405288
15237,0.03509,74.125.24.0-255,4320,300942,77,405288
15238,0.035097,172.31.40.0-255,66,301008,77,405288
15239,0.037366,74.125.24.0-255,5738,306746,77,405288
15240,0.037404,172.31.40.0-255,66,306812,77,405288
15241,0.03967,74.125.24.0-255,5738,312550,77,405288
15242,0.039676,172.31.40.0-255,66,312616,77,405288
15243,0.041929,74.125.24.0-255,5738,318354,77,405288
15244,0.041936,172.31.40.0-255,66,318420,77,405288
15245,0.044204,74.125.24.0-255,5738,324158,77,405288
15246,0.044209,172.31.40.0-255,66,324224,77,405288
15247,0.046511,74.125.24.0-255,5738,329962,77,405288
15248,0.046516,172.31.40.0-255,66,330028,77,405288
15249,0.048783,74.125.24.0-255,5738,335766,77,405288
15250,0.04879,172.31.40.0-255,66,335832,77,405288
15251,0.051042,74.125.24.0-255,5738,341570,77,405288
15252,0.051049,172.31.40.0-255,66,341636,77,405288
15253,0.053326,74.125.24.0-255,5738,347374,77,405288
15254,0.053334,172.31.40.0-255,66,347440,77,405288
15255,0.055572,74.125.24.0-255,2902,350342,77,405288
15256,0.055578,172.31.40.0-255,66,350408,77,405288
15257,0.055595,74.125.24.0-255,2902,353310,77,405288
15258,0.056901,172.31.40.0-255,66,353376,77,405288
15259,0.057833,74.125.24.0-255,2902,356278,77,405288
15260,0.05784,172.31.40.0-255,66,356344,77,405288
15261,0.059169,74.125.24.0-255,2902,359246,77,405288
15262,0.059176,172.31.40.0-255,66,359312,77,405288
15263,0.060085,74.125.24.0-255,2902,362214,77,405288
15264,0.060092,172.31.40.0-255,66,362280,77,405288
15265,0.061429,74.125.24.0-255,2902,365182,77,405288
15266,0.061435,172.31.40.0-255,66,365248,77,405288
15267,0.062336,74.125.24.0-255,2902,368150,77,405288
15268,0.062342,172.31.40.0-255,66,368216,77,405288
15269,0.063672,74.125.24.0-255,2902,371118,77,405288
15270,0.063679,172.31.40.0-255,66,371184,77,405288
15271,0.064572,74.125.24.0-255,2902,374086,77,405288
15272,0.064579,172.31.40.0-255,66,374152,77,405288
15273,0.065999,74.125.24.0-255,2902,377054,77,405288
15274,0.066005,172.31.40.0-255,66,377120,77,405288
15275,0.066866,74.125.24.0-255,2902,380022,77,405288
15276,0.066873,172.31.40.0-255,66,380088,77,405288
15277,0.068233,74.125.24.0-255,2902,382990,77,405288
15278,0.068238,172.31.40.0-255,66,383056,77,405288
15279,0.069118,74.125.24.0-255,2902,385958,77,405288
15280,0.069125,172.31.40.0-255,66,386024,77,405288
15281,0.070489,74.125.24.0-255,2902,388926,77,405288
15282,0.070495,172.31.40.0-255,66,388992,77,405288
15283,0.071408,74.125.24.0-255,2902,391894,77,405288
15284,0.071414,172.31.40.0-255,66,391960,77,405288
15285,0.072737,74.125.24.0-255,2902,394862,77,405288
15286,0.072742,172.31.40.0-255,66,394928,77,405288
15287,0.073664,74.125.24.0-255,2902,397830,77,405288
15288,0.073671,172.31.40.0-255,66,397896,77,405288
15289,0.074987,74.125.24.0-255,2902,400798,77,405288
15290,0.074993,172.31.40.0-255,66,400864,77,405288
15291,0.076008,74.125.24.0-255,2902,403766,77,405288
15292,0.076014,172.31.40.0-255,66,403832,77,405288
15293,0.077257,74.125.24.0-255,1219,405051,77,405288
15294,0.077388,172.31.40.0-255,66,405117,77,405288
15295,0.077419,172.31.40.0-255,105,405222,77,405288
15296,0.079627,74.125.24.0-255,66,405288,77,405288
15297,0.0,172.253.118.0-255,295,295,77,408038
15298,2.3e-05,172.31.40.0-255,66,361,77,408038
15299,3e-05,172.253.118.0-255,1484,1845,77,408038
15300,3.5e-05,172.31.40.0-255,66,1911,77,408038
15301,4.1e-05,172.253.118.0-255,4320,6231,77,408038
15302,4.5e-05,172.31.40.0-255,66,6297,77,408038
15303,5.1e-05,172.253.118.0-255,4320,10617,77,408038
15304,5.4e-05,172.31.40.0-255,66,10683,77,408038
15305,6e-05,172.253.118.0-255,4693,15376,77,408038
15306,6.2e-05,172.31.40.0-255,66,15442,77,408038
15307,8.7e-05,172.253.118.0-255,11410,26852,77,408038
15308,9.1e-05,172.31.40.0-255,66,26918,77,408038
15309,9.6e-05,172.253.118.0-255,3961,30879,77,408038
15310,9.8e-05,172.31.40.0-255,66,30945,77,408038
15311,0.000192,172.253.118.0-255,1484,32429,77,408038
15312,0.000196,172.31.40.0-255,66,32495,77,408038
15313,0.000201,172.253.118.0-255,2902,35397,77,408038
15314,0.000204,172.31.40.0-255,66,35463,77,408038
15315,0.000207,172.253.118.0-255,1484,36947,77,408038
15316,0.000209,172.31.40.0-255,66,37013,77,408038
15317,0.00023,172.253.118.0-255,4320,41333,77,408038
15318,0.000232,172.31.40.0-255,66,41399,77,408038
15319,0.000238,172.253.118.0-255,5738,47137,77,408038
15320,0.000241,172.31.40.0-255,66,47203,77,408038
15321,0.000277,172.253.118.0-255,13887,61090,77,408038
15322,0.000281,172.31.40.0-255,66,61156,77,408038
15323,0.000288,172.253.118.0-255,3961,65117,77,408038
15324,0.000289,172.31.40.0-255,66,65183,77,408038
15325,0.000306,172.253.118.0-255,412,65595,77,408038
15326,0.000309,172.31.40.0-255,66,65661,77,408038
15327,0.000373,172.253.118.0-255,331,65992,77,408038
15328,0.000376,172.31.40.0-255,66,66058,77,408038
15329,0.000788,172.253.118.0-255,1484,67542,77,408038
15330,0.000795,172.253.118.0-255,2902,70444,77,408038
15331,0.000798,172.31.40.0-255,66,70510,77,408038
15332,0.000826,172.253.118.0-255,5738,76248,77,408038
15333,0.000833,172.253.118.0-255,7156,83404,77,408038
15334,0.000836,172.31.40.0-255,66,83470,77,408038
15335,0.000839,172.31.40.0-255,66,83536,77,408038
15336,0.000848,172.253.118.0-255,5738,89274,77,408038
15337,0.00085,172.31.40.0-255,66,89340,77,408038
15338,0.000882,172.253.118.0-255,4320,93660,77,408038
15339,0.000884,172.31.40.0-255,66,93726,77,408038
15340,0.000902,172.253.118.0-255,6438,100164,77,408038
15341,0.000905,172.31.40.0-255,66,100230,77,408038
15342,0.001043,172.253.118.0-255,1484,101714,77,408038
15343,0.001064,172.253.118.0-255,2902,104616,77,408038
15344,0.001067,172.31.40.0-255,66,104682,77,408038
15345,0.001073,172.253.118.0-255,5738,110420,77,408038
15346,0.001075,172.31.40.0-255,66,110486,77,408038
15347,0.0011,172.253.118.0-255,4320,114806,77,408038
15348,0.001102,172.31.40.0-255,66,114872,77,408038
15349,0.001125,172.253.118.0-255,4320,119192,77,408038
15350,0.001127,172.31.40.0-255,66,119258,77,408038
15351,0.00114,172.253.118.0-255,2902,122160,77,408038
15352,0.001141,172.31.40.0-255,66,122226,77,408038
15353,0.001169,172.253.118.0-255,12110,134336,77,408038
15354,0.001172,172.31.40.0-255,66,134402,77,408038
15355,0.001196,172.253.118.0-255,8574,142976,77,408038
15356,0.001198,172.31.40.0-255,66,143042,77,408038
15357,0.001222,172.253.118.0-255,1484,144526,77,408038
15358,0.001232,172.253.118.0-255,11410,155936,77,408038
15359,0.001234,172.31.40.0-255,66,156002,77,408038
15360,0.001241,172.253.118.0-255,7156,163158,77,408038
15361,0.001243,172.31.40.0-255,66,163224,77,408038
15362,0.001259,172.253.118.0-255,5020,168244,77,408038
15363,0.001262,172.31.40.0-255,66,168310,77,408038
15364,0.001304,172.253.118.0-255,1484,169794,77,408038
15365,0.001308,172.253.118.0-255,2902,172696,77,408038
15366,0.001311,172.31.40.0-255,66,172762,77,408038
15367,0.001314,172.253.118.0-255,1484,174246,77,408038
15368,0.001328,172.253.118.0-255,4320,178566,77,408038
15369,0.001331,172.31.40.0-255,66,178632,77,408038
15370,0.001335,172.253.118.0-255,2902,181534,77,408038
15371,0.001337,172.31.40.0-255,66,181600,77,408038
15372,0.001362,172.253.118.0-255,7156,188756,77,408038
15373,0.001365,172.31.40.0-255,66,188822,77,408038
15374,0.001384,172.253.118.0-255,1484,190306,77,408038
15375,0.001409,172.253.118.0-255,11410,201716,77,408038
15376,0.001412,172.31.40.0-255,66,201782,77,408038
15377,0.001429,172.253.118.0-255,766,202548,77,408038
15378,0.001477,172.253.118.0-255,1484,204032,77,408038
15379,0.00148,172.31.40.0-255,66,204098,77,408038
15380,0.001493,172.253.118.0-255,1484,205582,77,408038
15381,0.001514,172.253.118.0-255,1484,207066,77,408038
15382,0.001516,172.31.40.0-255,66,207132,77,408038
15383,0.001522,172.253.118.0-255,5738,212870,77,408038
15384,0.001524,172.31.40.0-255,66,212936,77,408038
15385,0.001528,172.253.118.0-255,2902,215838,77,408038
15386,0.001529,172.31.40.0-255,66,215904,77,408038
15387,0.001556,172.253.118.0-255,9992,225896,77,408038
15388,0.001562,172.253.118.0-255,7156,233052,77,408038
15389,0.001565,172.31.40.0-255,66,233118,77,408038
15390,0.001572,172.31.40.0-255,66,233184,77,408038
15391,0.001589,172.253.118.0-255,3602,236786,77,408038
15392,0.001591,172.31.40.0-255,66,236852,77,408038
15393,0.001614,172.253.118.0-255,1484,238336,77,408038
15394,0.001628,172.253.118.0-255,2902,241238,77,408038
15395,0.001631,172.31.40.0-255,66,241304,77,408038
15396,0.001635,172.253.118.0-255,2902,244206,77,408038
15397,0.001637,172.31.40.0-255,66,244272,77,408038
15398,0.001654,172.253.118.0-255,4320,248592,77,408038
15399,0.001656,172.31.40.0-255,66,248658,77,408038
15400,0.001673,172.253.118.0-255,4320,252978,77,408038
15401,0.001675,172.31.40.0-255,66,253044,77,408038
15402,0.00171,172.253.118.0-255,8574,261618,77,408038
15403,0.001714,172.31.40.0-255,66,261684,77,408038
15404,0.001722,172.253.118.0-255,9274,270958,77,408038
15405,0.001725,172.31.40.0-255,66,271024,77,408038
15406,0.001813,172.253.118.0-255,1484,272508,77,408038
15407,0.00183,172.253.118.0-255,2902,275410,77,408038
15408,0.001833,172.31.40.0-255,66,275476,77,408038
15409,0.001838,172.253.118.0-255,2902,278378,77,408038
15410,0.00184,172.31.40.0-255,66,278444,77,408038
15411,0.001854,172.253.118.0-255,2902,281346,77,408038
15412,0.001857,172.31.40.0-255,66,281412,77,408038
15413,0.001862,172.253.118.0-255,4320,285732,77,408038
15414,0.001864,172.31.40.0-255,66,285798,77,408038
15415,0.001884,172.253.118.0-255,7156,292954,77,408038
15416,0.001887,172.31.40.0-255,66,293020,77,408038
15417,0.001921,172.253.118.0-255,4320,297340,77,408038
15418,0.001925,172.31.40.0-255,66,297406,77,408038
15419,0.001935,172.253.118.0-255,10692,308098,77,408038
15420,0.001938,172.31.40.0-255,66,308164,77,408038
15421,0.001948,172.253.118.0-255,11410,319574,77,408038
15422,0.00195,172.31.40.0-255,66,319640,77,408038
15423,0.001991,172.253.118.0-255,2902,322542,77,408038
15424,0.001994,172.31.40.0-255,66,322608,77,408038
15425,0.002027,172.31.40.0-255,66,322674,77,408038
15426,0.002031,172.253.118.0-255,2184,324858,77,408038
15427,0.002034,172.31.40.0-255,66,324924,77,408038
15428,0.002078,172.253.118.0-255,1484,326408,77,408038
15429,0.002083,172.253.118.0-255,2902,329310,77,408038
15430,0.002086,172.31.40.0-255,66,329376,77,408038
15431,0.002089,172.253.118.0-255,1484,330860,77,408038
15432,0.002107,172.253.118.0-255,4320,335180,77,408038
15433,0.00211,172.31.40.0-255,66,335246,77,408038
15434,0.002117,172.253.118.0-255,7156,342402,77,408038
15435,0.002119,172.31.40.0-255,66,342468,77,408038
15436,0.002143,172.253.118.0-255,8574,351042,77,408038
15437,0.002148,172.31.40.0-255,66,351108,77,408038
15438,0.00217,172.253.118.0-255,5738,356846,77,408038
15439,0.002173,172.31.40.0-255,66,356912,77,408038
15440,0.002177,172.253.118.0-255,2184,359096,77,408038
15441,0.002179,172.31.40.0-255,66,359162,77,408038
15442,0.002214,172.253.118.0-255,9992,369154,77,408038
15443,0.002216,172.31.40.0-255,66,369220,77,408038
15444,0.002222,172.253.118.0-255,4320,373540,77,408038
15445,0.002224,172.31.40.0-255,66,373606,77,408038
15446,0.002251,172.253.118.0-255,7156,380762,77,408038
15447,0.002254,172.31.40.0-255,66,380828,77,408038
15448,0.002259,172.253.118.0-255,4320,385148,77,408038
15449,0.002262,172.31.40.0-255,66,385214,77,408038
15450,0.002297,172.253.118.0-255,10692,395906,77,408038
15451,0.0023,172.31.40.0-255,66,395972,77,408038
15452,0.002306,172.253.118.0-255,3970,399942,77,408038
15453,0.002308,172.31.40.0-255,66,400008,77,408038
15454,0.002311,172.253.118.0-255,105,400113,77,408038
15455,0.014361,172.31.40.0-255,66,400179,77,408038
15456,0.014429,172.31.40.0-255,105,400284,77,408038
15457,0.017095,172.253.118.0-255,66,400350,77,408038
15458,0.03705,172.31.40.0-255,194,400544,77,408038
15459,0.037079,172.31.40.0-255,1116,401660,77,408038
15460,0.037143,172.31.40.0-255,1514,403174,77,408038
15461,0.037145,172.31.40.0-255,1514,404688,77,408038
15462,0.03715,172.31.40.0-255,1514,406202,77,408038
15463,0.037151,172.31.40.0-255,1398,407600,77,408038
15464,0.038661,104.244.42.0-255,66,407666,77,408038
15465,0.038698,104.244.42.0-255,66,407732,77,408038
15466,0.038766,104.244.42.0-255,66,407798,77,408038
15467,0.038787,104.244.42.0-255,66,407864,77,408038
15468,0.039445,104.244.42.0-255,108,407972,77,408038
15469,0.039454,172.31.40.0-255,66,408038,77,408038
15470,0.0,74.125.24.0-255,149,149,77,412306
15471,2.2e-05,172.31.40.0-255,66,215,77,412306
15472,2.9e-05,74.125.24.0-255,1484,1699,77,412306
15473,3.3e-05,172.31.40.0-255,66,1765,77,412306
15474,3.6e-05,74.125.24.0-255,1484,3249,77,412306
15475,3.9e-05,172.31.40.0-255,66,3315,77,412306
15476,4.6e-05,74.125.24.0-255,4320,7635,77,412306
15477,5e-05,172.31.40.0-255,66,7701,77,412306
15478,5.4e-05,74.125.24.0-255,1484,9185,77,412306
15479,5.6e-05,172.31.40.0-255,66,9251,77,412306
15480,8.9e-05,74.125.24.0-255,9154,18405,77,412306
15481,9.3e-05,172.31.40.0-255,66,18471,77,412306
15482,0.000122,74.125.24.0-255,7156,25627,77,412306
15483,0.000125,172.31.40.0-255,66,25693,77,412306
15484,0.000147,74.125.24.0-255,4320,30013,77,412306
15485,0.00015,172.31.40.0-255,66,30079,77,412306
15486,0.000153,74.125.24.0-255,1125,31204,77,412306
15487,0.000155,172.31.40.0-255,66,31270,77,412306
15488,0.000567,74.125.24.0-255,1484,32754,77,412306
15489,0.000574,172.31.40.0-255,66,32820,77,412306
15490,0.000593,74.125.24.0-255,2902,35722,77,412306
15491,0.000595,172.31.40.0-255,66,35788,77,412306
15492,0.000602,74.125.24.0-255,5738,41526,77,412306
15493,0.000603,172.31.40.0-255,66,41592,77,412306
15494,0.000639,74.125.24.0-255,5738,47330,77,412306
15495,0.000642,172.31.40.0-255,66,47396,77,412306
15496,0.000662,74.125.24.0-255,2543,49939,77,412306
15497,0.000664,172.31.40.0-255,66,50005,77,412306
15498,0.000673,74.125.24.0-255,8574,58579,77,412306
15499,0.000676,172.31.40.0-255,66,58645,77,412306
15500,0.00068,74.125.24.0-255,1484,60129,77,412306
15501,0.000682,172.31.40.0-255,66,60195,77,412306
15502,0.00071,74.125.24.0-255,5379,65574,77,412306
15503,0.000713,172.31.40.0-255,66,65640,77,412306
15504,0.000979,74.125.24.0-255,645,66285,77,412306
15505,0.001045,172.31.40.0-255,66,66351,77,412306
15506,0.001135,74.125.24.0-255,1484,67835,77,412306
15507,0.001144,74.125.24.0-255,2902,70737,77,412306
15508,0.001147,172.31.40.0-255,66,70803,77,412306
15509,0.001162,74.125.24.0-255,2902,73705,77,412306
15510,0.001164,172.31.40.0-255,66,73771,77,412306
15511,0.001188,74.125.24.0-255,2902,76673,77,412306
15512,0.001191,172.31.40.0-255,66,76739,77,412306
15513,0.001205,74.125.24.0-255,12828,89567,77,412306
15514,0.001207,172.31.40.0-255,66,89633,77,412306
15515,0.001218,74.125.24.0-255,1125,90758,77,412306
15516,0.001221,74.125.24.0-255,1484,92242,77,412306
15517,0.001223,172.31.40.0-255,66,92308,77,412306
15518,0.001283,74.125.24.0-255,8215,100523,77,412306
15519,0.001286,172.31.40.0-255,66,100589,77,412306
15520,0.001862,74.125.24.0-255,1484,102073,77,412306
15521,0.001885,74.125.24.0-255,2902,104975,77,412306
15522,0.00189,172.31.40.0-255,66,105041,77,412306
15523,0.001898,74.125.24.0-255,5738,110779,77,412306
15524,0.0019,172.31.40.0-255,66,110845,77,412306
15525,0.001927,74.125.24.0-255,8574,119419,77,412306
15526,0.00193,172.31.40.0-255,66,119485,77,412306
15527,0.001949,74.125.24.0-255,4320,123805,77,412306
15528,0.001951,172.31.40.0-255,66,123871,77,412306
15529,0.001987,74.125.24.0-255,5738,129609,77,412306
15530,0.00199,172.31.40.0-255,66,129675,77,412306
15531,0.002011,74.125.24.0-255,5020,134695,77,412306
15532,0.002014,172.31.40.0-255,66,134761,77,412306
15533,0.002106,74.125.24.0-255,1484,136245,77,412306
15534,0.002113,74.125.24.0-255,2902,139147,77,412306
15535,0.002117,172.31.40.0-255,66,139213,77,412306
15536,0.002138,74.125.24.0-255,5738,144951,77,412306
15537,0.002141,172.31.40.0-255,66,145017,77,412306
15538,0.002163,74.125.24.0-255,2902,147919,77,412306
15539,0.002165,172.31.40.0-255,66,147985,77,412306
15540,0.002195,74.125.24.0-255,9992,157977,77,412306
15541,0.002198,172.31.40.0-255,66,158043,77,412306
15542,0.002203,74.125.24.0-255,5738,163781,77,412306
15543,0.002206,172.31.40.0-255,66,163847,77,412306
15544,0.002239,74.125.24.0-255,5020,168867,77,412306
15545,0.002242,172.31.40.0-255,66,168933,77,412306
15546,0.002491,74.125.24.0-255,1484,170417,77,412306
15547,0.002537,74.125.24.0-255,2902,173319,77,412306
15548,0.00254,172.31.40.0-255,66,173385,77,412306
15549,0.002546,74.125.24.0-255,5738,179123,77,412306
15550,0.002549,172.31.40.0-255,66,179189,77,412306
15551,0.002555,74.125.24.0-255,5738,184927,77,412306
15552,0.002557,172.31.40.0-255,66,184993,77,412306
15553,0.002561,74.125.24.0-255,1484,186477,77,412306
15554,0.002592,74.125.24.0-255,11410,197887,77,412306
15555,0.002599,74.125.24.0-255,5020,202907,77,412306
15556,0.007591,172.31.40.0-255,66,202973,77,412306
15557,0.010176,74.125.24.0-255,5738,208711,77,412306
15558,0.010185,172.31.40.0-255,66,208777,77,412306
15559,0.012791,74.125.24.0-255,5738,214515,77,412306
15560,0.012799,172.31.40.0-255,66,214581,77,412306
15561,0.015416,74.125.24.0-255,5738,220319,77,412306
15562,0.015424,172.31.40.0-255,66,220385,77,412306
15563,0.018023,74.125.24.0-255,5738,226123,77,412306
15564,0.018032,172.31.40.0-255,66,226189,77,412306
15565,0.020654,74.125.24.0-255,5738,231927,77,412306
15566,0.020667,172.31.40.0-255,66,231993,77,412306
15567,0.023262,74.125.24.0-255,5738,237731,77,412306
15568,0.023271,172.31.40.0-255,66,237797,77,412306
15569,0.025873,74.125.24.0-255,5738,243535,77,412306
15570,0.025883,172.31.40.0-255,66,243601,77,412306
15571,0.028487,74.125.24.0-255,5738,249339,77,412306
15572,0.028494,172.31.40.0-255,66,249405,77,412306
15573,0.031081,74.125.24.0-255,5738,255143,77,412306
15574,0.031088,172.31.40.0-255,66,255209,77,412306
15575,0.032777,172.31.40.0-255,171,255380,77,412306
15576,0.03281,172.31.40.0-255,1142,256522,77,412306
15577,0.032872,172.31.40.0-255,1514,258036,77,412306
15578,0.032874,172.31.40.0-255,1514,259550,77,412306
15579,0.032879,172.31.40.0-255,1514,261064,77,412306
15580,0.03288,172.31.40.0-255,74,261138,77,412306
15581,0.033672,74.125.24.0-255,5738,266876,77,412306
15582,0.033679,172.31.40.0-255,66,266942,77,412306
15583,0.034305,104.244.42.0-255,66,267008,77,412306
15584,0.034358,104.244.42.0-255,66,267074,77,412306
15585,0.034449,104.244.42.0-255,66,267140,77,412306
15586,0.034461,104.244.42.0-255,66,267206,77,412306
15587,0.036284,74.125.24.0-255,5738,272944,77,412306
15588,0.036293,172.31.40.0-255,66,273010,77,412306
15589,0.038864,74.125.24.0-255,5738,278748,77,412306
15590,0.038871,172.31.40.0-255,66,278814,77,412306
15591,0.041465,74.125.24.0-255,5738,284552,77,412306
15592,0.041474,172.31.40.0-255,66,284618,77,412306
15593,0.044089,74.125.24.0-255,5738,290356,77,412306
15594,0.044095,172.31.40.0-255,66,290422,77,412306
15595,0.046708,74.125.24.0-255,5738,296160,77,412306
15596,0.046718,172.31.40.0-255,66,296226,77,412306
15597,0.049356,74.125.24.0-255,5738,301964,77,412306
15598,0.049362,172.31.40.0-255,66,302030,77,412306
15599,0.051961,74.125.24.0-255,5738,307768,77,412306
15600,0.051968,172.31.40.0-255,66,307834,77,412306
15601,0.054565,74.125.24.0-255,5738,313572,77,412306
15602,0.05457,172.31.40.0-255,66,313638,77,412306
15603,0.057154,74.125.24.0-255,5738,319376,77,412306
15604,0.057161,172.31.40.0-255,66,319442,77,412306
15605,0.059768,74.125.24.0-255,5738,325180,77,412306
15606,0.059774,172.31.40.0-255,66,325246,77,412306
15607,0.06238,74.125.24.0-255,5738,330984,77,412306
15608,0.062388,172.31.40.0-255,66,331050,77,412306
15609,0.064991,74.125.24.0-255,5738,336788,77,412306
15610,0.064998,172.31.40.0-255,66,336854,77,412306
15611,0.067635,74.125.24.0-255,5738,342592,77,412306
15612,0.06764,172.31.40.0-255,66,342658,77,412306
15613,0.07024,74.125.24.0-255,5738,348396,77,412306
15614,0.070247,172.31.40.0-255,66,348462,77,412306
15615,0.072874,74.125.24.0-255,5738,354200,77,412306
15616,0.07288,172.31.40.0-255,66,354266,77,412306
15617,0.075483,74.125.24.0-255,5738,360004,77,412306
15618,0.07549,172.31.40.0-255,66,360070,77,412306
15619,0.078099,74.125.24.0-255,5738,365808,77,412306
15620,0.078105,172.31.40.0-255,66,365874,77,412306
15621,0.08069,74.125.24.0-255,5738,371612,77,412306
15622,0.080696,172.31.40.0-255,66,371678,77,412306
15623,0.083314,74.125.24.0-255,5738,377416,77,412306
15624,0.08332,172.31.40.0-255,66,377482,77,412306
15625,0.085925,74.125.24.0-255,5738,383220,77,412306
15626,0.08593,172.31.40.0-255,66,383286,77,412306
15627,0.088543,74.125.24.0-255,5738,389024,77,412306
15628,0.088548,172.31.40.0-255,66,389090,77,412306
15629,0.091215,74.125.24.0-255,5738,394828,77,412306
15630,0.091235,172.31.40.0-255,66,394894,77,412306
15631,0.093862,74.125.24.0-255,5738,400632,77,412306
15632,0.093885,172.31.40.0-255,66,400698,77,412306
15633,0.096499,74.125.24.0-255,5738,406436,77,412306
15634,0.096506,172.31.40.0-255,66,406502,77,412306
15635,0.0991,74.125.24.0-255,5738,412240,77,412306
15636,0.099107,172.31.40.0-255,66,412306,77,412306
15637,0.0,74.125.24.0-255,146,146,77,419682
15638,1.4e-05,172.31.40.0-255,66,212,77,419682
15639,2.1e-05,74.125.24.0-255,1484,1696,77,419682
15640,2.5e-05,172.31.40.0-255,66,1762,77,419682
15641,3.1e-05,74.125.24.0-255,2902,4664,77,419682
15642,3.4e-05,172.31.40.0-255,66,4730,77,419682
15643,4e-05,74.125.24.0-255,4320,9050,77,419682
15644,4.4e-05,172.31.40.0-255,66,9116,77,419682
15645,7.2e-05,74.125.24.0-255,2902,12018,77,419682
15646,7.4e-05,172.31.40.0-255,66,12084,77,419682
15647,8.2e-05,74.125.24.0-255,7156,19240,77,419682
15648,8.5e-05,172.31.40.0-255,66,19306,77,419682
15649,0.000103,74.125.24.0-255,7737,27043,77,419682
15650,0.000106,172.31.40.0-255,66,27109,77,419682
15651,0.000129,74.125.24.0-255,3961,31070,77,419682
15652,0.000131,172.31.40.0-255,66,31136,77,419682
15653,0.000195,74.125.24.0-255,1484,32620,77,419682
15654,0.000199,172.31.40.0-255,66,32686,77,419682
15655,0.000218,74.125.24.0-255,2902,35588,77,419682
15656,0.00022,172.31.40.0-255,66,35654,77,419682
15657,0.000223,74.125.24.0-255,1484,37138,77,419682
15658,0.000225,172.31.40.0-255,66,37204,77,419682
15659,0.000251,74.125.24.0-255,4320,41524,77,419682
15660,0.000254,172.31.40.0-255,66,41590,77,419682
15661,0.000272,74.125.24.0-255,1484,43074,77,419682
15662,0.000274,172.31.40.0-255,66,43140,77,419682
15663,0.0003,74.125.24.0-255,5379,48519,77,419682
15664,0.000302,172.31.40.0-255,66,48585,77,419682
15665,0.000381,74.125.24.0-255,1484,50069,77,419682
15666,0.000383,172.31.40.0-255,66,50135,77,419682
15667,0.000389,74.125.24.0-255,2902,53037,77,419682
15668,0.000392,172.31.40.0-255,66,53103,77,419682
15669,0.000403,74.125.24.0-255,1484,54587,77,419682
15670,0.00042,74.125.24.0-255,4320,58907,77,419682
15671,0.000423,172.31.40.0-255,66,58973,77,419682
15672,0.000426,74.125.24.0-255,1484,60457,77,419682
15673,0.000445,74.125.24.0-255,4320,64777,77,419682
15674,0.000447,172.31.40.0-255,66,64843,77,419682
15675,0.000499,74.125.24.0-255,1736,66579,77,419682
15676,0.000501,172.31.40.0-255,66,66645,77,419682
15677,0.000599,74.125.24.0-255,1484,68129,77,419682
15678,0.000629,74.125.24.0-255,2902,71031,77,419682
15679,0.000633,172.31.40.0-255,66,71097,77,419682
15680,0.000655,74.125.24.0-255,4320,75417,77,419682
15681,0.000659,172.31.40.0-255,66,75483,77,419682
15682,0.000685,74.125.24.0-255,8215,83698,77,419682
15683,0.000688,172.31.40.0-255,66,83764,77,419682
15684,0.000716,74.125.24.0-255,1484,85248,77,419682
15685,0.000728,74.125.24.0-255,2902,88150,77,419682
15686,0.000733,172.31.40.0-255,66,88216,77,419682
15687,0.000745,74.125.24.0-255,2902,91118,77,419682
15688,0.000748,172.31.40.0-255,66,91184,77,419682
15689,0.000761,74.125.24.0-255,2902,94086,77,419682
15690,0.000763,172.31.40.0-255,66,94152,77,419682
15691,0.000767,74.125.24.0-255,2902,97054,77,419682
15692,0.000769,172.31.40.0-255,66,97120,77,419682
15693,0.000793,74.125.24.0-255,3961,101081,77,419682
15694,0.000796,172.31.40.0-255,66,101147,77,419682
15695,0.000928,74.125.24.0-255,1484,102631,77,419682
15696,0.000948,74.125.24.0-255,2902,105533,77,419682
15697,0.000951,172.31.40.0-255,66,105599,77,419682
15698,0.000956,74.125.24.0-255,2902,108501,77,419682
15699,0.000957,172.31.40.0-255,66,108567,77,419682
15700,0.000974,74.125.24.0-255,2902,111469,77,419682
15701,0.000976,172.31.40.0-255,66,111535,77,419682
15702,0.000982,74.125.24.0-255,5738,117273,77,419682
15703,0.000984,172.31.40.0-255,66,117339,77,419682
15704,0.001038,74.125.24.0-255,12828,130167,77,419682
15705,0.001042,172.31.40.0-255,66,130233,77,419682
15706,0.001048,74.125.24.0-255,4471,134704,77,419682
15707,0.00105,172.31.40.0-255,66,134770,77,419682
15708,0.001181,74.125.24.0-255,1484,136254,77,419682
15709,0.001197,74.125.24.0-255,1484,137738,77,419682
15710,0.0012,172.31.40.0-255,66,137804,77,419682
15711,0.001208,74.125.24.0-255,1484,139288,77,419682
15712,0.001227,74.125.24.0-255,4320,143608,77,419682
15713,0.00123,172.31.40.0-255,66,143674,77,419682
15714,0.001268,74.125.24.0-255,1484,145158,77,419682
15715,0.001277,74.125.24.0-255,9992,155150,77,419682
15716,0.00128,172.31.40.0-255,66,155216,77,419682
15717,0.001303,74.125.24.0-255,2902,158118,77,419682
15718,0.001305,172.31.40.0-255,66,158184,77,419682
15719,0.001325,74.125.24.0-255,8574,166758,77,419682
15720,0.001328,172.31.40.0-255,66,166824,77,419682
15721,0.001343,74.125.24.0-255,2184,169008,77,419682
15722,0.001344,172.31.40.0-255,66,169074,77,419682
15723,0.001388,74.125.24.0-255,1484,170558,77,419682
15724,0.001392,74.125.24.0-255,2902,173460,77,419682
15725,0.001394,172.31.40.0-255,66,173526,77,419682
15726,0.001397,74.125.24.0-255,1484,175010,77,419682
15727,0.001418,74.125.24.0-255,4320,179330,77,419682
15728,0.00142,172.31.40.0-255,66,179396,77,419682
15729,0.00143,74.125.24.0-255,1484,180880,77,419682
15730,0.001458,74.125.24.0-255,11410,192290,77,419682
15731,0.00146,172.31.40.0-255,66,192356,77,419682
15732,0.001495,74.125.24.0-255,4320,196676,77,419682
15733,0.001497,172.31.40.0-255,66,196742,77,419682
15734,0.001521,74.125.24.0-255,6438,203180,77,419682
15735,0.001523,172.31.40.0-255,66,203246,77,419682
15736,0.001599,74.125.24.0-255,1484,204730,77,419682
15737,0.001612,74.125.24.0-255,2902,207632,77,419682
15738,0.001615,172.31.40.0-255,66,207698,77,419682
15739,0.001622,74.125.24.0-255,4320,212018,77,419682
15740,0.001625,172.31.40.0-255,66,212084,77,419682
15741,0.00164,74.125.24.0-255,1484,213568,77,419682
15742,0.001647,74.125.24.0-255,5738,219306,77,419682
15743,0.001649,172.31.40.0-255,66,219372,77,419682
15744,0.001667,74.125.24.0-255,2902,222274,77,419682
15745,0.001669,172.31.40.0-255,66,222340,77,419682
15746,0.001697,74.125.24.0-255,9992,232332,77,419682
15747,0.0017,172.31.40.0-255,66,232398,77,419682
15748,0.001706,74.125.24.0-255,5020,237418,77,419682
15749,0.001709,172.31.40.0-255,66,237484,77,419682
15750,0.003841,74.125.24.0-255,5738,243222,77,419682
15751,0.003855,172.31.40.0-255,66,243288,77,419682
15752,0.005992,74.125.24.0-255,5738,249026,77,419682
15753,0.006001,172.31.40.0-255,66,249092,77,419682
15754,0.008175,74.125.24.0-255,5738,254830,77,419682
15755,0.008183,172.31.40.0-255,66,254896,77,419682
15756,0.010342,74.125.24.0-255,5738,260634,77,419682
15757,0.010354,172.31.40.0-255,66,260700,77,419682
15758,0.012553,74.125.24.0-255,5738,266438,77,419682
15759,0.012565,172.31.40.0-255,66,266504,77,419682
15760,0.014692,74.125.24.0-255,5738,272242,77,419682
15761,0.014705,172.31.40.0-255,66,272308,77,419682
15762,0.016864,74.125.24.0-255,5738,278046,77,419682
15763,0.016874,172.31.40.0-255,66,278112,77,419682
15764,0.019002,74.125.24.0-255,5738,283850,77,419682
15765,0.019015,172.31.40.0-255,66,283916,77,419682
15766,0.021147,74.125.24.0-255,5738,289654,77,419682
15767,0.021163,172.31.40.0-255,66,289720,77,419682
15768,0.023296,74.125.24.0-255,5738,295458,77,419682
15769,0.023303,172.31.40.0-255,66,295524,77,419682
15770,0.025486,74.125.24.0-255,5738,301262,77,419682
15771,0.025495,172.31.40.0-255,66,301328,77,419682
15772,0.027631,74.125.24.0-255,5738,307066,77,419682
15773,0.027638,172.31.40.0-255,66,307132,77,419682
15774,0.02975,74.125.24.0-255,5738,312870,77,419682
15775,0.029758,172.31.40.0-255,66,312936,77,419682
15776,0.031929,74.125.24.0-255,5738,318674,77,419682
15777,0.031936,172.31.40.0-255,66,318740,77,419682
15778,0.034061,74.125.24.0-255,5738,324478,77,419682
15779,0.03407,172.31.40.0-255,66,324544,77,419682
15780,0.036242,74.125.24.0-255,5738,330282,77,419682
15781,0.036251,172.31.40.0-255,66,330348,77,419682
15782,0.038381,74.125.24.0-255,5738,336086,77,419682
15783,0.038389,172.31.40.0-255,66,336152,77,419682
15784,0.040514,74.125.24.0-255,5738,341890,77,419682
15785,0.040522,172.31.40.0-255,66,341956,77,419682
15786,0.04123,172.31.40.0-255,176,342132,77,419682
15787,0.041297,172.31.40.0-255,1118,343250,77,419682
15788,0.041359,172.31.40.0-255,1514,344764,77,419682
15789,0.041361,172.31.40.0-255,1277,346041,77,419682
15790,0.042656,74.125.24.0-255,5738,351779,77,419682
15791,0.042666,172.31.40.0-255,66,351845,77,419682
15792,0.042957,104.244.42.0-255,66,351911,77,419682
15793,0.043054,104.244.42.0-255,66,351977,77,419682
15794,0.043105,104.244.42.0-255,66,352043,77,419682
15795,0.044807,74.125.24.0-255,5738,357781,77,419682
15796,0.044814,172.31.40.0-255,66,357847,77,419682
15797,0.046948,74.125.24.0-255,5738,363585,77,419682
15798,0.046955,172.31.40.0-255,66,363651,77,419682
15799,0.049087,74.125.24.0-255,5738,369389,77,419682
15800,0.049094,172.31.40.0-255,66,369455,77,419682
15801,0.051239,74.125.24.0-255,5738,375193,77,419682
15802,0.051245,172.31.40.0-255,66,375259,77,419682
15803,0.053424,74.125.24.0-255,5738,380997,77,419682
15804,0.05343,172.31.40.0-255,66,381063,77,419682
15805,0.055578,74.125.24.0-255,5738,386801,77,419682
15806,0.055585,172.31.40.0-255,66,386867,77,419682
15807,0.057749,74.125.24.0-255,5738,392605,77,419682
15808,0.057755,172.31.40.0-255,66,392671,77,419682
15809,0.059895,74.125.24.0-255,5738,398409,77,419682
15810,0.059903,172.31.40.0-255,66,398475,77,419682
15811,0.062048,74.125.24.0-255,5738,404213,77,419682
15812,0.062056,172.31.40.0-255,66,404279,77,419682
15813,0.064204,74.125.24.0-255,5738,410017,77,419682
15814,0.064212,172.31.40.0-255,66,410083,77,419682
15815,0.066352,74.125.24.0-255,5738,415821,77,419682
15816,0.066362,172.31.40.0-255,66,415887,77,419682
15817,0.068505,74.125.24.0-255,3558,419445,77,419682
15818,0.068511,172.31.40.0-255,66,419511,77,419682
15819,0.068666,172.31.40.0-255,105,419616,77,419682
15820,0.070792,74.125.24.0-255,66,419682,77,419682
15821,0.0,74.125.24.0-255,153,153,77,315126
15822,1.7e-05,172.31.40.0-255,66,219,77,315126
15823,2.3e-05,74.125.24.0-255,1484,1703,77,315126
15824,2.9e-05,172.31.40.0-255,66,1769,77,315126
15825,3.5e-05,74.125.24.0-255,2902,4671,77,315126
15826,3.9e-05,172.31.40.0-255,66,4737,77,315126
15827,4.4e-05,74.125.24.0-255,2902,7639,77,315126
15828,4.7e-05,172.31.40.0-255,66,7705,77,315126
15829,7.4e-05,74.125.24.0-255,4320,12025,77,315126
15830,7.7e-05,172.31.40.0-255,66,12091,77,315126
15831,8.6e-05,74.125.24.0-255,7775,19866,77,315126
15832,8.8e-05,172.31.40.0-255,66,19932,77,315126
15833,9.3e-05,74.125.24.0-255,2902,22834,77,315126
15834,9.5e-05,172.31.40.0-255,66,22900,77,315126
15835,0.000125,74.125.24.0-255,8215,31115,77,315126
15836,0.000127,172.31.40.0-255,66,31181,77,315126
15837,0.000198,74.125.24.0-255,1484,32665,77,315126
15838,0.000201,172.31.40.0-255,66,32731,77,315126
15839,0.000206,74.125.24.0-255,2902,35633,77,315126
15840,0.000208,172.31.40.0-255,66,35699,77,315126
15841,0.000225,74.125.24.0-255,5738,41437,77,315126
15842,0.000227,172.31.40.0-255,66,41503,77,315126
15843,0.000264,74.125.24.0-255,12828,54331,77,315126
15844,0.000268,172.31.40.0-255,66,54397,77,315126
15845,0.000305,74.125.24.0-255,5738,60135,77,315126
15846,0.000308,172.31.40.0-255,66,60201,77,315126
15847,0.000325,74.125.24.0-255,5020,65221,77,315126
15848,0.000327,172.31.40.0-255,66,65287,77,315126
15849,0.000353,74.125.24.0-255,359,65646,77,315126
15850,0.000356,172.31.40.0-255,66,65712,77,315126
15851,0.000369,74.125.24.0-255,134,65846,77,315126
15852,0.000372,172.31.40.0-255,66,65912,77,315126
15853,0.000529,74.125.24.0-255,1484,67396,77,315126
15854,0.000545,74.125.24.0-255,1484,68880,77,315126
15855,0.00055,172.31.40.0-255,66,68946,77,315126
15856,0.000563,74.125.24.0-255,2902,71848,77,315126
15857,0.000566,172.31.40.0-255,66,71914,77,315126
15858,0.000594,74.125.24.0-255,5738,77652,77,315126
15859,0.000598,172.31.40.0-255,66,77718,77,315126
15860,0.000603,74.125.24.0-255,4320,82038,77,315126
15861,0.000606,172.31.40.0-255,66,82104,77,315126
15862,0.000659,74.125.24.0-255,11410,93514,77,315126
15863,0.000663,172.31.40.0-255,66,93580,77,315126
15864,0.000668,74.125.24.0-255,4320,97900,77,315126
15865,0.000671,172.31.40.0-255,66,97966,77,315126
15866,0.000725,74.125.24.0-255,2184,100150,77,315126
15867,0.000729,172.31.40.0-255,66,100216,77,315126
15868,0.00117,74.125.24.0-255,1484,101700,77,315126
15869,0.001183,74.125.24.0-255,2902,104602,77,315126
15870,0.001187,172.31.40.0-255,66,104668,77,315126
15871,0.001212,74.125.24.0-255,5738,110406,77,315126
15872,0.001214,172.31.40.0-255,66,110472,77,315126
15873,0.001218,74.125.24.0-255,2902,113374,77,315126
15874,0.00122,172.31.40.0-255,66,113440,77,315126
15875,0.001247,74.125.24.0-255,9992,123432,77,315126
15876,0.00125,172.31.40.0-255,66,123498,77,315126
15877,0.001271,74.125.24.0-255,2902,126400,77,315126
15878,0.001273,172.31.40.0-255,66,126466,77,315126
15879,0.001297,74.125.24.0-255,7856,134322,77,315126
15880,0.0013,172.31.40.0-255,66,134388,77,315126
15881,0.001653,74.125.24.0-255,1484,135872,77,315126
15882,0.00166,74.125.24.0-255,2902,138774,77,315126
15883,0.001664,172.31.40.0-255,66,138840,77,315126
15884,0.001669,74.125.24.0-255,2902,141742,77,315126
15885,0.001671,172.31.40.0-255,66,141808,77,315126
15886,0.001687,74.125.24.0-255,2902,144710,77,315126
15887,0.00169,172.31.40.0-255,66,144776,77,315126
15888,0.00172,74.125.24.0-255,4320,149096,77,315126
15889,0.001722,172.31.40.0-255,66,149162,77,315126
15890,0.001752,74.125.24.0-255,8574,157736,77,315126
15891,0.001755,172.31.40.0-255,66,157802,77,315126
15892,0.001766,74.125.24.0-255,10692,168494,77,315126
15893,0.001768,172.31.40.0-255,66,168560,77,315126
15894,0.001772,74.125.24.0-255,2902,171462,77,315126
15895,0.001774,172.31.40.0-255,66,171528,77,315126
15896,0.001821,172.31.40.0-255,66,171594,77,315126
15897,0.001828,74.125.24.0-255,7856,179450,77,315126
15898,0.001831,172.31.40.0-255,66,179516,77,315126
15899,0.001837,74.125.24.0-255,4320,183836,77,315126
15900,0.00184,172.31.40.0-255,66,183902,77,315126
15901,0.001844,74.125.24.0-255,2902,186804,77,315126
15902,0.001848,172.31.40.0-255,66,186870,77,315126
15903,0.001877,74.125.24.0-255,2902,189772,77,315126
15904,0.001881,172.31.40.0-255,66,189838,77,315126
15905,0.001891,74.125.24.0-255,11410,201248,77,315126
15906,0.001893,172.31.40.0-255,66,201314,77,315126
15907,0.001904,74.125.24.0-255,12110,213424,77,315126
15908,0.001907,172.31.40.0-255,66,213490,77,315126
15909,0.001935,74.125.24.0-255,12828,226318,77,315126
15910,0.001937,172.31.40.0-255,66,226384,77,315126
15911,0.001953,74.125.24.0-255,11410,237794,77,315126
15912,0.001975,172.31.40.0-255,66,237860,77,315126
15913,0.001989,74.125.24.0-255,2902,240762,77,315126
15914,0.001992,172.31.40.0-255,66,240828,77,315126
15915,0.002036,172.31.40.0-255,66,240894,77,315126
15916,0.002049,74.125.24.0-255,2184,243078,77,315126
15917,0.002052,172.31.40.0-255,66,243144,77,315126
15918,0.002061,74.125.24.0-255,12110,255254,77,315126
15919,0.002065,172.31.40.0-255,66,255320,77,315126
15920,0.002068,74.125.24.0-255,1484,256804,77,315126
15921,0.002096,74.125.24.0-255,11410,268214,77,315126
15922,0.002099,172.31.40.0-255,66,268280,77,315126
15923,0.002106,74.125.24.0-255,8574,276854,77,315126
15924,0.002108,172.31.40.0-255,66,276920,77,315126
15925,0.002189,74.125.24.0-255,5738,282658,77,315126
15926,0.002192,172.31.40.0-255,66,282724,77,315126
15927,0.002225,172.31.40.0-255,66,282790,77,315126
15928,0.002248,172.31.40.0-255,66,282856,77,315126
15929,0.002256,74.125.24.0-255,7156,290012,77,315126
15930,0.002259,172.31.40.0-255,66,290078,77,315126
15931,0.002301,172.31.40.0-255,66,290144,77,315126
15932,0.002308,74.125.24.0-255,6438,296582,77,315126
15933,0.002311,172.31.40.0-255,66,296648,77,315126
15934,0.002316,74.125.24.0-255,4320,300968,77,315126
15935,0.002319,172.31.40.0-255,66,301034,77,315126
15936,0.002348,74.125.24.0-255,2862,303896,77,315126
15937,0.002351,172.31.40.0-255,66,303962,77,315126
15938,0.004111,172.31.40.0-255,101,304063,77,315126
15939,0.004602,74.125.24.0-255,105,304168,77,315126
15940,0.004998,172.31.40.0-255,105,304273,77,315126
15941,0.006381,74.125.24.0-255,66,304339,77,315126
15942,0.0073,74.125.24.0-255,66,304405,77,315126
15943,0.034756,172.31.40.0-255,172,304577,77,315126
15944,0.034798,172.31.40.0-255,1118,305695,77,315126
15945,0.034872,172.31.40.0-255,1514,307209,77,315126
15946,0.034874,172.31.40.0-255,1514,308723,77,315126
15947,0.034879,172.31.40.0-255,1514,310237,77,315126
15948,0.034881,172.31.40.0-255,1514,311751,77,315126
15949,0.034902,172.31.40.0-255,1514,313265,77,315126
15950,0.034907,172.31.40.0-255,1249,314514,77,315126
15951,0.036312,104.244.42.0-255,66,314580,77,315126
15952,0.03636,104.244.42.0-255,66,314646,77,315126
15953,0.036454,104.244.42.0-255,66,314712,77,315126
15954,0.036461,104.244.42.0-255,66,314778,77,315126
15955,0.037077,104.244.42.0-255,108,314886,77,315126
15956,0.037093,172.31.40.0-255,66,314952,77,315126
15957,0.049453,172.31.40.0-255,108,315060,77,315126
15958,0.092376,104.244.42.0-255,66,315126,77,315126
15959,0.0,172.217.194.0-255,152,152,77,312040
15960,1.9e-05,172.31.40.0-255,66,218,77,312040
15961,2.6e-05,172.217.194.0-255,1484,1702,77,312040
15962,3.2e-05,172.31.40.0-255,66,1768,77,312040
15963,4.6e-05,172.217.194.0-255,2902,4670,77,312040
15964,5e-05,172.31.40.0-255,66,4736,77,312040
15965,5.8e-05,172.217.194.0-255,7156,11892,77,312040
15966,6.1e-05,172.31.40.0-255,66,11958,77,312040
15967,6.7e-05,172.217.194.0-255,4320,16278,77,312040
15968,7.1e-05,172.31.40.0-255,66,16344,77,312040
15969,0.000115,172.217.194.0-255,11980,28324,77,312040
15970,0.000118,172.31.40.0-255,66,28390,77,312040
15971,0.000124,172.217.194.0-255,2543,30933,77,312040
15972,0.000127,172.31.40.0-255,66,30999,77,312040
15973,0.000344,172.217.194.0-255,1484,32483,77,312040
15974,0.000349,172.31.40.0-255,66,32549,77,312040
15975,0.000356,172.217.194.0-255,2902,35451,77,312040
15976,0.000359,172.31.40.0-255,66,35517,77,312040
15977,0.000369,172.217.194.0-255,5738,41255,77,312040
15978,0.000372,172.31.40.0-255,66,41321,77,312040
15979,0.000377,172.217.194.0-255,2902,44223,77,312040
15980,0.00038,172.31.40.0-255,66,44289,77,312040
15981,0.000406,172.217.194.0-255,5738,50027,77,312040
15982,0.000409,172.31.40.0-255,66,50093,77,312040
15983,0.000436,172.217.194.0-255,7156,57249,77,312040
15984,0.000439,172.31.40.0-255,66,57315,77,312040
15985,0.000461,172.217.194.0-255,7856,65171,77,312040
15986,0.000464,172.31.40.0-255,66,65237,77,312040
15987,0.000558,172.217.194.0-255,646,65883,77,312040
15988,0.000562,172.31.40.0-255,66,65949,77,312040
15989,0.000591,172.217.194.0-255,1484,67433,77,312040
15990,0.000595,172.31.40.0-255,66,67499,77,312040
15991,0.000601,172.217.194.0-255,4320,71819,77,312040
15992,0.000604,172.31.40.0-255,66,71885,77,312040
15993,0.000639,172.217.194.0-255,9992,81877,77,312040
15994,0.000642,172.31.40.0-255,66,81943,77,312040
15995,0.00065,172.217.194.0-255,8574,90517,77,312040
15996,0.000652,172.31.40.0-255,66,90583,77,312040
15997,0.000693,172.217.194.0-255,8574,99157,77,312040
15998,0.000697,172.31.40.0-255,66,99223,77,312040
15999,0.000714,172.217.194.0-255,766,99989,77,312040
16000,0.000839,172.217.194.0-255,1484,101473,77,312040
16001,0.000843,172.31.40.0-255,66,101539,77,312040
16002,0.000849,172.217.194.0-255,2902,104441,77,312040
16003,0.000851,172.31.40.0-255,66,104507,77,312040
16004,0.000857,172.217.194.0-255,4320,108827,77,312040
16005,0.000864,172.31.40.0-255,66,108893,77,312040
16006,0.000891,172.217.194.0-255,1484,110377,77,312040
16007,0.000904,172.217.194.0-255,12828,123205,77,312040
16008,0.000907,172.31.40.0-255,66,123271,77,312040
16009,0.000966,172.217.194.0-255,4320,127591,77,312040
16010,0.000975,172.31.40.0-255,66,127657,77,312040
16011,0.000983,172.217.194.0-255,6438,134095,77,312040
16012,0.000985,172.31.40.0-255,66,134161,77,312040
16013,0.001235,172.217.194.0-255,1484,135645,77,312040
16014,0.00124,172.217.194.0-255,1484,137129,77,312040
16015,0.001244,172.31.40.0-255,66,137195,77,312040
16016,0.001274,172.217.194.0-255,1484,138679,77,312040
16017,0.001281,172.217.194.0-255,5738,144417,77,312040
16018,0.001283,172.31.40.0-255,66,144483,77,312040
16019,0.001286,172.217.194.0-255,1484,145967,77,312040
16020,0.001314,172.217.194.0-255,8574,154541,77,312040
16021,0.001317,172.31.40.0-255,66,154607,77,312040
16022,0.001347,172.217.194.0-255,2902,157509,77,312040
16023,0.00135,172.31.40.0-255,66,157575,77,312040
16024,0.00136,172.217.194.0-255,9992,167567,77,312040
16025,0.001363,172.31.40.0-255,66,167633,77,312040
16026,0.001375,172.217.194.0-255,8574,176207,77,312040
16027,0.001378,172.31.40.0-255,66,176273,77,312040
16028,0.001432,172.31.40.0-255,66,176339,77,312040
16029,0.001441,172.217.194.0-255,9274,185613,77,312040
16030,0.001443,172.31.40.0-255,66,185679,77,312040
16031,0.001453,172.217.194.0-255,9992,195671,77,312040
16032,0.001455,172.31.40.0-255,66,195737,77,312040
16033,0.00149,172.217.194.0-255,7156,202893,77,312040
16034,0.001496,172.31.40.0-255,66,202959,77,312040
16035,0.001505,172.217.194.0-255,2902,205861,77,312040
16036,0.001508,172.31.40.0-255,66,205927,77,312040
16037,0.001544,172.217.194.0-255,13528,219455,77,312040
16038,0.001547,172.31.40.0-255,66,219521,77,312040
16039,0.001552,172.217.194.0-255,4320,223841,77,312040
16040,0.001554,172.31.40.0-255,66,223907,77,312040
16041,0.001583,172.217.194.0-255,5738,229645,77,312040
16042,0.001587,172.31.40.0-255,66,229711,77,312040
16043,0.001594,172.217.194.0-255,7156,236867,77,312040
16044,0.001596,172.31.40.0-255,66,236933,77,312040
16045,0.001631,172.217.194.0-255,4320,241253,77,312040
16046,0.001634,172.31.40.0-255,66,241319,77,312040
16047,0.001645,172.217.194.0-255,12110,253429,77,312040
16048,0.001648,172.31.40.0-255,66,253495,77,312040
16049,0.001689,172.217.194.0-255,4320,257815,77,312040
16050,0.001692,172.31.40.0-255,66,257881,77,312040
16051,0.001729,172.31.40.0-255,66,257947,77,312040
16052,0.001762,172.217.194.0-255,5738,263685,77,312040
16053,0.001765,172.31.40.0-255,66,263751,77,312040
16054,0.001777,172.217.194.0-255,12828,276579,77,312040
16055,0.001779,172.31.40.0-255,66,276645,77,312040
16056,0.001812,172.217.194.0-255,3602,280247,77,312040
16057,0.001834,172.217.194.0-255,9274,289521,77,312040
16058,0.001893,172.31.40.0-255,66,289587,77,312040
16059,0.001902,172.31.40.0-255,66,289653,77,312040
16060,0.001906,172.31.40.0-255,66,289719,77,312040
16061,0.001909,172.31.40.0-255,66,289785,77,312040
16062,0.00192,172.217.194.0-255,7156,296941,77,312040
16063,0.001923,172.31.40.0-255,66,297007,77,312040
16064,0.00194,172.31.40.0-255,66,297073,77,312040
16065,0.001958,172.31.40.0-255,66,297139,77,312040
16066,0.001963,172.217.194.0-255,3602,300741,77,312040
16067,0.001965,172.31.40.0-255,66,300807,77,312040
16068,0.001972,172.217.194.0-255,6542,307349,77,312040
16069,0.001974,172.31.40.0-255,66,307415,77,312040
16070,0.002007,172.217.194.0-255,105,307520,77,312040
16071,0.011958,172.31.40.0-255,66,307586,77,312040
16072,0.011999,172.31.40.0-255,105,307691,77,312040
16073,0.0144,172.217.194.0-255,66,307757,77,312040
16074,0.030362,172.31.40.0-255,176,307933,77,312040
16075,0.030393,172.31.40.0-255,1120,309053,77,312040
16076,0.030457,172.31.40.0-255,1514,310567,77,312040
16077,0.030459,172.31.40.0-255,1275,311842,77,312040
16078,0.032018,104.244.42.0-255,66,311908,77,312040
16079,0.032045,104.244.42.0-255,66,311974,77,312040
16080,0.032129,104.244.42.0-255,66,312040,77,312040
16081,0.0,74.125.24.0-255,152,152,77,364093
16082,2.3e-05,172.31.40.0-255,66,218,77,364093
16083,3e-05,74.125.24.0-255,1484,1702,77,364093
16084,3.4e-05,172.31.40.0-255,66,1768,77,364093
16085,4.7e-05,74.125.24.0-255,2902,4670,77,364093
16086,5.2e-05,172.31.40.0-255,66,4736,77,364093
16087,6e-05,74.125.24.0-255,7156,11892,77,364093
16088,6.3e-05,172.31.40.0-255,66,11958,77,364093
16089,8.5e-05,74.125.24.0-255,3555,15513,77,364093
16090,8.8e-05,172.31.40.0-255,66,15579,77,364093
16091,9.8e-05,74.125.24.0-255,4320,19899,77,364093
16092,0.000101,172.31.40.0-255,66,19965,77,364093
16093,0.000106,74.125.24.0-255,2902,22867,77,364093
16094,0.000108,172.31.40.0-255,66,22933,77,364093
16095,0.000143,74.125.24.0-255,7156,30089,77,364093
16096,0.00015,172.31.40.0-255,66,30155,77,364093
16097,0.000153,74.125.24.0-255,1125,31280,77,364093
16098,0.000155,172.31.40.0-255,66,31346,77,364093
16099,0.000199,74.125.24.0-255,1484,32830,77,364093
16100,0.000201,172.31.40.0-255,66,32896,77,364093
16101,0.000225,74.125.24.0-255,2902,35798,77,364093
16102,0.000228,172.31.40.0-255,66,35864,77,364093
16103,0.000251,74.125.24.0-255,4320,40184,77,364093
16104,0.000254,172.31.40.0-255,66,40250,77,364093
16105,0.000302,74.125.24.0-255,9633,49883,77,364093
16106,0.000304,74.125.24.0-255,1484,51367,77,364093
16107,0.000321,74.125.24.0-255,12828,64195,77,364093
16108,0.000326,172.31.40.0-255,66,64261,77,364093
16109,0.000333,172.31.40.0-255,66,64327,77,364093
16110,0.000336,172.31.40.0-255,66,64393,77,364093
16111,0.000345,74.125.24.0-255,1715,66108,77,364093
16112,0.000347,172.31.40.0-255,66,66174,77,364093
16113,0.000426,74.125.24.0-255,1484,67658,77,364093
16114,0.000432,74.125.24.0-255,1484,69142,77,364093
16115,0.000435,172.31.40.0-255,66,69208,77,364093
16116,0.000463,74.125.24.0-255,1484,70692,77,364093
16117,0.000471,74.125.24.0-255,5738,76430,77,364093
16118,0.000475,172.31.40.0-255,66,76496,77,364093
16119,0.000489,74.125.24.0-255,13887,90383,77,364093
16120,0.000504,74.125.24.0-255,9633,100016,77,364093
16121,0.000628,172.31.40.0-255,66,100082,77,364093
16122,0.000772,74.125.24.0-255,1484,101566,77,364093
16123,0.000779,74.125.24.0-255,2902,104468,77,364093
16124,0.000802,172.31.40.0-255,66,104534,77,364093
16125,0.000821,74.125.24.0-255,4320,108854,77,364093
16126,0.000837,74.125.24.0-255,1484,110338,77,364093
16127,0.00084,74.125.24.0-255,1484,111822,77,364093
16128,0.000847,172.31.40.0-255,66,111888,77,364093
16129,0.000885,74.125.24.0-255,11410,123298,77,364093
16130,0.000892,74.125.24.0-255,5738,129036,77,364093
16131,0.000899,74.125.24.0-255,4470,133506,77,364093
16132,0.000907,172.31.40.0-255,66,133572,77,364093
16133,0.000947,74.125.24.0-255,1484,135056,77,364093
16134,0.000952,74.125.24.0-255,2902,137958,77,364093
16135,0.000961,172.31.40.0-255,66,138024,77,364093
16136,0.000969,74.125.24.0-255,2902,140926,77,364093
16137,0.000992,74.125.24.0-255,2902,143828,77,364093
16138,0.001003,74.125.24.0-255,12828,156656,77,364093
16139,0.001008,74.125.24.0-255,5738,162394,77,364093
16140,0.001011,172.31.40.0-255,66,162460,77,364093
16141,0.001053,74.125.24.0-255,4320,166780,77,364093
16142,0.001055,172.31.40.0-255,66,166846,77,364093
16143,0.001061,172.31.40.0-255,66,166912,77,364093
16144,0.001084,74.125.24.0-255,766,167678,77,364093
16145,0.001091,74.125.24.0-255,5738,173416,77,364093
16146,0.001098,74.125.24.0-255,7156,180572,77,364093
16147,0.001113,172.31.40.0-255,66,180638,77,364093
16148,0.001135,74.125.24.0-255,5738,186376,77,364093
16149,0.001143,74.125.24.0-255,7156,193532,77,364093
16150,0.001157,172.31.40.0-255,66,193598,77,364093
16151,0.001196,74.125.24.0-255,12828,206426,77,364093
16152,0.00124,172.31.40.0-255,66,206492,77,364093
16153,0.00127,74.125.24.0-255,6438,212930,77,364093
16154,0.001278,74.125.24.0-255,7156,220086,77,364093
16155,0.001285,74.125.24.0-255,7156,227242,77,364093
16156,0.001307,74.125.24.0-255,7156,234398,77,364093
16157,0.001313,172.31.40.0-255,66,234464,77,364093
16158,0.001332,74.125.24.0-255,8574,243038,77,364093
16159,0.001337,74.125.24.0-255,3602,246640,77,364093
16160,0.001356,172.31.40.0-255,66,246706,77,364093
16161,0.001378,74.125.24.0-255,1484,248190,77,364093
16162,0.001391,74.125.24.0-255,2902,251092,77,364093
16163,0.001409,74.125.24.0-255,5738,256830,77,364093
16164,0.001416,74.125.24.0-255,7156,263986,77,364093
16165,0.001432,74.125.24.0-255,1484,265470,77,364093
16166,0.001437,172.31.40.0-255,66,265536,77,364093
16167,0.001469,74.125.24.0-255,5738,271274,77,364093
16168,0.001476,172.31.40.0-255,66,271340,77,364093
16169,0.00151,74.125.24.0-255,9274,280614,77,364093
16170,0.001514,74.125.24.0-255,1484,282098,77,364093
16171,0.001518,172.31.40.0-255,66,282164,77,364093
16172,0.001549,74.125.24.0-255,2902,285066,77,364093
16173,0.001555,74.125.24.0-255,5738,290804,77,364093
16174,0.001562,74.125.24.0-255,5738,296542,77,364093
16175,0.001577,74.125.24.0-255,7156,303698,77,364093
16176,0.001583,74.125.24.0-255,7156,310854,77,364093
16177,0.001607,172.31.40.0-255,66,310920,77,364093
16178,0.001641,74.125.24.0-255,8574,319494,77,364093
16179,0.001648,172.31.40.0-255,66,319560,77,364093
16180,0.00167,74.125.24.0-255,13528,333088,77,364093
16181,0.001712,74.125.24.0-255,9274,342362,77,364093
16182,0.001719,74.125.24.0-255,5738,348100,77,364093
16183,0.001725,172.31.40.0-255,66,348166,77,364093
16184,0.001766,74.125.24.0-255,3602,351768,77,364093
16185,0.00178,74.125.24.0-255,2662,354430,77,364093
16186,0.001826,74.125.24.0-255,105,354535,77,364093
16187,0.001829,74.125.24.0-255,129,354664,77,364093
16188,0.001835,172.31.40.0-255,66,354730,77,364093
16189,0.004543,172.31.40.0-255,105,354835,77,364093
16190,0.004578,172.31.40.0-255,105,354940,77,364093
16191,0.004833,172.31.40.0-255,90,355030,77,364093
16192,0.004843,172.31.40.0-255,66,355096,77,364093
16193,0.006828,74.125.24.0-255,66,355162,77,364093
16194,0.006851,74.125.24.0-255,66,355228,77,364093
16195,0.00711,74.125.24.0-255,66,355294,77,364093
16196,0.007137,74.125.24.0-255,66,355360,77,364093
16197,0.007147,172.31.40.0-255,66,355426,77,364093
16198,0.048105,172.31.40.0-255,172,355598,77,364093
16199,0.04814,172.31.40.0-255,1115,356713,77,364093
16200,0.048211,172.31.40.0-255,1514,358227,77,364093
16201,0.048213,172.31.40.0-255,1514,359741,77,364093
16202,0.048214,172.31.40.0-255,1514,361255,77,364093
16203,0.048219,172.31.40.0-255,1514,362769,77,364093
16204,0.04822,172.31.40.0-255,1258,364027,77,364093
16205,0.050306,104.244.42.0-255,66,364093,77,364093
16206,0.0,74.125.24.0-255,154,154,77,368636
16207,1.3e-05,172.31.40.0-255,66,220,77,368636
16208,1.8e-05,74.125.24.0-255,1484,1704,77,368636
16209,2.3e-05,172.31.40.0-255,66,1770,77,368636
16210,4.3e-05,74.125.24.0-255,2902,4672,77,368636
16211,4.6e-05,172.31.40.0-255,66,4738,77,368636
16212,5.2e-05,74.125.24.0-255,4320,9058,77,368636
16213,5.5e-05,172.31.40.0-255,66,9124,77,368636
16214,7.5e-05,74.125.24.0-255,2902,12026,77,368636
16215,7.7e-05,172.31.40.0-255,66,12092,77,368636
16216,9.1e-05,74.125.24.0-255,2063,14155,77,368636
16217,9.4e-05,172.31.40.0-255,66,14221,77,368636
16218,9.8e-05,74.125.24.0-255,1484,15705,77,368636
16219,0.0001,172.31.40.0-255,66,15771,77,368636
16220,0.000125,74.125.24.0-255,1484,17255,77,368636
16221,0.000127,172.31.40.0-255,66,17321,77,368636
16222,0.000135,74.125.24.0-255,7156,24477,77,368636
16223,0.000137,172.31.40.0-255,66,24543,77,368636
16224,0.00017,74.125.24.0-255,6797,31340,77,368636
16225,0.000172,172.31.40.0-255,66,31406,77,368636
16226,0.000451,74.125.24.0-255,1484,32890,77,368636
16227,0.000457,172.31.40.0-255,66,32956,77,368636
16228,0.000464,74.125.24.0-255,2902,35858,77,368636
16229,0.000467,172.31.40.0-255,66,35924,77,368636
16230,0.000474,74.125.24.0-255,5738,41662,77,368636
16231,0.000476,172.31.40.0-255,66,41728,77,368636
16232,0.000504,74.125.24.0-255,8215,49943,77,368636
16233,0.000506,172.31.40.0-255,66,50009,77,368636
16234,0.000551,74.125.24.0-255,11410,61419,77,368636
16235,0.000554,172.31.40.0-255,66,61485,77,368636
16236,0.000576,74.125.24.0-255,4273,65758,77,368636
16237,0.000578,172.31.40.0-255,66,65824,77,368636
16238,0.000581,74.125.24.0-255,110,65934,77,368636
16239,0.000607,74.125.24.0-255,330,66264,77,368636
16240,0.001107,172.31.40.0-255,66,66330,77,368636
16241,0.001284,74.125.24.0-255,1484,67814,77,368636
16242,0.001296,74.125.24.0-255,2902,70716,77,368636
16243,0.0013,172.31.40.0-255,66,70782,77,368636
16244,0.001307,74.125.24.0-255,5738,76520,77,368636
16245,0.001309,172.31.40.0-255,66,76586,77,368636
16246,0.00133,74.125.24.0-255,9992,86578,77,368636
16247,0.001333,172.31.40.0-255,66,86644,77,368636
16248,0.001354,74.125.24.0-255,1484,88128,77,368636
16249,0.001366,74.125.24.0-255,12110,100238,77,368636
16250,0.001369,172.31.40.0-255,66,100304,77,368636
16251,0.003546,74.125.24.0-255,5738,106042,77,368636
16252,0.003554,172.31.40.0-255,66,106108,77,368636
16253,0.005695,74.125.24.0-255,5738,111846,77,368636
16254,0.005701,172.31.40.0-255,66,111912,77,368636
16255,0.007848,74.125.24.0-255,5738,117650,77,368636
16256,0.007854,172.31.40.0-255,66,117716,77,368636
16257,0.009969,74.125.24.0-255,5738,123454,77,368636
16258,0.009976,172.31.40.0-255,66,123520,77,368636
16259,0.012099,74.125.24.0-255,5738,129258,77,368636
16260,0.012106,172.31.40.0-255,66,129324,77,368636
16261,0.014285,74.125.24.0-255,5738,135062,77,368636
16262,0.014292,172.31.40.0-255,66,135128,77,368636
16263,0.01643,74.125.24.0-255,5738,140866,77,368636
16264,0.016436,172.31.40.0-255,66,140932,77,368636
16265,0.018591,74.125.24.0-255,5738,146670,77,368636
16266,0.018598,172.31.40.0-255,66,146736,77,368636
16267,0.020798,74.125.24.0-255,5738,152474,77,368636
16268,0.020808,172.31.40.0-255,66,152540,77,368636
16269,0.022983,74.125.24.0-255,5738,158278,77,368636
16270,0.022992,172.31.40.0-255,66,158344,77,368636
16271,0.025154,74.125.24.0-255,5738,164082,77,368636
16272,0.025162,172.31.40.0-255,66,164148,77,368636
16273,0.027276,74.125.24.0-255,5738,169886,77,368636
16274,0.027286,172.31.40.0-255,66,169952,77,368636
16275,0.029442,74.125.24.0-255,5738,175690,77,368636
16276,0.02945,172.31.40.0-255,66,175756,77,368636
16277,0.031579,74.125.24.0-255,5738,181494,77,368636
16278,0.031586,172.31.40.0-255,66,181560,77,368636
16279,0.033377,172.31.40.0-255,171,181731,77,368636
16280,0.033411,172.31.40.0-255,1142,182873,77,368636
16281,0.033469,172.31.40.0-255,1514,184387,77,368636
16282,0.033471,172.31.40.0-255,1514,185901,77,368636
16283,0.033476,172.31.40.0-255,1514,187415,77,368636
16284,0.033477,172.31.40.0-255,1033,188448,77,368636
16285,0.033727,74.125.24.0-255,5738,194186,77,368636
16286,0.033734,172.31.40.0-255,66,194252,77,368636
16287,0.035031,104.244.42.0-255,66,194318,77,368636
16288,0.035237,104.244.42.0-255,66,194384,77,368636
16289,0.035244,104.244.42.0-255,66,194450,77,368636
16290,0.035248,104.244.42.0-255,66,194516,77,368636
16291,0.035925,74.125.24.0-255,5738,200254,77,368636
16292,0.035933,172.31.40.0-255,66,200320,77,368636
16293,0.038093,74.125.24.0-255,5738,206058,77,368636
16294,0.0381,172.31.40.0-255,66,206124,77,368636
16295,0.040255,74.125.24.0-255,5738,211862,77,368636
16296,0.040262,172.31.40.0-255,66,211928,77,368636
16297,0.042378,74.125.24.0-255,5738,217666,77,368636
16298,0.042398,172.31.40.0-255,66,217732,77,368636
16299,0.044582,74.125.24.0-255,5738,223470,77,368636
16300,0.044589,172.31.40.0-255,66,223536,77,368636
16301,0.046709,74.125.24.0-255,5738,229274,77,368636
16302,0.046716,172.31.40.0-255,66,229340,77,368636
16303,0.048864,74.125.24.0-255,5738,235078,77,368636
16304,0.048871,172.31.40.0-255,66,235144,77,368636
16305,0.050986,74.125.24.0-255,5738,240882,77,368636
16306,0.050993,172.31.40.0-255,66,240948,77,368636
16307,0.05318,74.125.24.0-255,5738,246686,77,368636
16308,0.053187,172.31.40.0-255,66,246752,77,368636
16309,0.055375,74.125.24.0-255,5738,252490,77,368636
16310,0.055382,172.31.40.0-255,66,252556,77,368636
16311,0.057498,74.125.24.0-255,5738,258294,77,368636
16312,0.057504,172.31.40.0-255,66,258360,77,368636
16313,0.059689,74.125.24.0-255,5738,264098,77,368636
16314,0.059696,172.31.40.0-255,66,264164,77,368636
16315,0.061857,74.125.24.0-255,5738,269902,77,368636
16316,0.061864,172.31.40.0-255,66,269968,77,368636
16317,0.064,74.125.24.0-255,5738,275706,77,368636
16318,0.064007,172.31.40.0-255,66,275772,77,368636
16319,0.066138,74.125.24.0-255,5738,281510,77,368636
16320,0.066145,172.31.40.0-255,66,281576,77,368636
16321,0.068295,74.125.24.0-255,5738,287314,77,368636
16322,0.068302,172.31.40.0-255,66,287380,77,368636
16323,0.070464,74.125.24.0-255,5738,293118,77,368636
16324,0.07047,172.31.40.0-255,66,293184,77,368636
16325,0.072635,74.125.24.0-255,5738,298922,77,368636
16326,0.072642,172.31.40.0-255,66,298988,77,368636
16327,0.074828,74.125.24.0-255,5738,304726,77,368636
16328,0.074835,172.31.40.0-255,66,304792,77,368636
16329,0.07696,74.125.24.0-255,5738,310530,77,368636
16330,0.076966,172.31.40.0-255,66,310596,77,368636
16331,0.07909,74.125.24.0-255,5738,316334,77,368636
16332,0.079097,172.31.40.0-255,66,316400,77,368636
16333,0.081247,74.125.24.0-255,5738,322138,77,368636
16334,0.081254,172.31.40.0-255,66,322204,77,368636
16335,0.083403,74.125.24.0-255,5738,327942,77,368636
16336,0.08341,172.31.40.0-255,66,328008,77,368636
16337,0.08555,74.125.24.0-255,5738,333746,77,368636
16338,0.085556,172.31.40.0-255,66,333812,77,368636
16339,0.087701,74.125.24.0-255,5738,339550,77,368636
16340,0.087707,172.31.40.0-255,66,339616,77,368636
16341,0.089854,74.125.24.0-255,5738,345354,77,368636
16342,0.089861,172.31.40.0-255,66,345420,77,368636
16343,0.091982,74.125.24.0-255,5738,351158,77,368636
16344,0.091989,172.31.40.0-255,66,351224,77,368636
16345,0.09413,74.125.24.0-255,5738,356962,77,368636
16346,0.094136,172.31.40.0-255,66,357028,77,368636
16347,0.096265,74.125.24.0-255,5738,362766,77,368636
16348,0.096271,172.31.40.0-255,66,362832,77,368636
16349,0.0984,74.125.24.0-255,5738,368570,77,368636
16350,0.098407,172.31.40.0-255,66,368636,77,368636
16351,0.0,74.125.130.0-255,153,153,77,311149
16352,3e-05,172.31.40.0-255,66,219,77,311149
16353,3.7e-05,74.125.130.0-255,1484,1703,77,311149
16354,4.3e-05,172.31.40.0-255,66,1769,77,311149
16355,4.6e-05,74.125.130.0-255,1484,3253,77,311149
16356,5.7e-05,172.31.40.0-255,66,3319,77,311149
16357,6.4e-05,74.125.130.0-255,2902,6221,77,311149
16358,6.7e-05,172.31.40.0-255,66,6287,77,311149
16359,7.5e-05,74.125.130.0-255,5738,12025,77,311149
16360,7.8e-05,172.31.40.0-255,66,12091,77,311149
16361,0.000119,74.125.130.0-255,3472,15563,77,311149
16362,0.000122,172.31.40.0-255,66,15629,77,311149
16363,0.000146,74.125.130.0-255,4320,19949,77,311149
16364,0.000148,172.31.40.0-255,66,20015,77,311149
16365,0.000187,74.125.130.0-255,2902,22917,77,311149
16366,0.00019,172.31.40.0-255,66,22983,77,311149
16367,0.000214,74.125.130.0-255,7156,30139,77,311149
16368,0.000217,172.31.40.0-255,66,30205,77,311149
16369,0.000251,74.125.130.0-255,1125,31330,77,311149
16370,0.000254,172.31.40.0-255,66,31396,77,311149
16371,0.000279,74.125.130.0-255,1484,32880,77,311149
16372,0.000282,172.31.40.0-255,66,32946,77,311149
16373,0.000288,74.125.130.0-255,4320,37266,77,311149
16374,0.000291,172.31.40.0-255,66,37332,77,311149
16375,0.000332,74.125.130.0-255,4320,41652,77,311149
16376,0.000335,172.31.40.0-255,66,41718,77,311149
16377,0.000372,74.125.130.0-255,1484,43202,77,311149
16378,0.000374,172.31.40.0-255,66,43268,77,311149
16379,0.000416,74.125.130.0-255,12469,55737,77,311149
16380,0.000419,172.31.40.0-255,66,55803,77,311149
16381,0.000513,74.125.130.0-255,4320,60123,77,311149
16382,0.000517,172.31.40.0-255,66,60189,77,311149
16383,0.000547,74.125.130.0-255,5379,65568,77,311149
16384,0.000684,172.31.40.0-255,66,65634,77,311149
16385,0.000775,74.125.130.0-255,645,66279,77,311149
16386,0.001003,74.125.130.0-255,1484,67763,77,311149
16387,0.001007,74.125.130.0-255,1484,69247,77,311149
16388,0.00102,74.125.130.0-255,1484,70731,77,311149
16389,0.001033,74.125.130.0-255,1484,72215,77,311149
16390,0.001047,74.125.130.0-255,4320,76535,77,311149
16391,0.001052,172.31.40.0-255,66,76601,77,311149
16392,0.001062,172.31.40.0-255,66,76667,77,311149
16393,0.001085,74.125.130.0-255,4320,80987,77,311149
16394,0.001105,172.31.40.0-255,66,81053,77,311149
16395,0.001119,74.125.130.0-255,4320,85373,77,311149
16396,0.001137,74.125.130.0-255,1484,86857,77,311149
16397,0.001149,172.31.40.0-255,66,86923,77,311149
16398,0.001182,74.125.130.0-255,5738,92661,77,311149
16399,0.001196,74.125.130.0-255,2902,95563,77,311149
16400,0.001208,172.31.40.0-255,66,95629,77,311149
16401,0.001218,74.125.130.0-255,2902,98531,77,311149
16402,0.001229,172.31.40.0-255,66,98597,77,311149
16403,0.001269,74.125.130.0-255,2184,100781,77,311149
16404,0.001285,172.31.40.0-255,66,100847,77,311149
16405,0.001413,74.125.130.0-255,1484,102331,77,311149
16406,0.001433,74.125.130.0-255,2902,105233,77,311149
16407,0.001445,74.125.130.0-255,2902,108135,77,311149
16408,0.001457,74.125.130.0-255,2902,111037,77,311149
16409,0.001463,172.31.40.0-255,66,111103,77,311149
16410,0.001495,74.125.130.0-255,4320,115423,77,311149
16411,0.001498,172.31.40.0-255,66,115489,77,311149
16412,0.001525,74.125.130.0-255,2902,118391,77,311149
16413,0.001537,172.31.40.0-255,66,118457,77,311149
16414,0.001569,74.125.130.0-255,5738,124195,77,311149
16415,0.001573,172.31.40.0-255,66,124261,77,311149
16416,0.001607,74.125.130.0-255,7156,131417,77,311149
16417,0.001658,172.31.40.0-255,66,131483,77,311149
16418,0.00169,74.125.130.0-255,3602,135085,77,311149
16419,0.001698,172.31.40.0-255,66,135151,77,311149
16420,0.001717,74.125.130.0-255,2902,138053,77,311149
16421,0.001734,74.125.130.0-255,1484,139537,77,311149
16422,0.001739,172.31.40.0-255,66,139603,77,311149
16423,0.001754,74.125.130.0-255,5738,145341,77,311149
16424,0.001795,74.125.130.0-255,4320,149661,77,311149
16425,0.001843,74.125.130.0-255,4320,153981,77,311149
16426,0.002023,74.125.130.0-255,7156,161137,77,311149
16427,0.002036,74.125.130.0-255,1484,162621,77,311149
16428,0.002107,74.125.130.0-255,4320,166941,77,311149
16429,0.002323,74.125.130.0-255,1484,168425,77,311149
16430,0.002346,74.125.130.0-255,11410,179835,77,311149
16431,0.002389,74.125.130.0-255,766,180601,77,311149
16432,0.002641,74.125.130.0-255,4320,184921,77,311149
16433,0.002694,74.125.130.0-255,10692,195613,77,311149
16434,0.002938,74.125.130.0-255,1484,197097,77,311149
16435,0.002955,74.125.130.0-255,4320,201417,77,311149
16436,0.00298,74.125.130.0-255,7156,208573,77,311149
16437,0.00306,74.125.130.0-255,1484,210057,77,311149
16438,0.003076,74.125.130.0-255,2902,212959,77,311149
16439,0.003099,74.125.130.0-255,8574,221533,77,311149
16440,0.003185,74.125.130.0-255,3602,225135,77,311149
16441,0.003512,74.125.130.0-255,1484,226619,77,311149
16442,0.003527,74.125.130.0-255,7156,233775,77,311149
16443,0.003543,74.125.130.0-255,5020,238795,77,311149
16444,0.006086,172.31.40.0-255,66,238861,77,311149
16445,0.008713,74.125.130.0-255,5738,244599,77,311149
16446,0.00872,172.31.40.0-255,66,244665,77,311149
16447,0.011381,74.125.130.0-255,5738,250403,77,311149
16448,0.013982,172.31.40.0-255,66,250469,77,311149
16449,0.01663,74.125.130.0-255,5738,256207,77,311149
16450,0.016648,172.31.40.0-255,66,256273,77,311149
16451,0.019268,74.125.130.0-255,5738,262011,77,311149
16452,0.019276,172.31.40.0-255,66,262077,77,311149
16453,0.021913,74.125.130.0-255,5738,267815,77,311149
16454,0.021987,172.31.40.0-255,66,267881,77,311149
16455,0.024625,74.125.130.0-255,5738,273619,77,311149
16456,0.024634,172.31.40.0-255,66,273685,77,311149
16457,0.027273,74.125.130.0-255,5738,279423,77,311149
16458,0.027284,172.31.40.0-255,66,279489,77,311149
16459,0.029912,74.125.130.0-255,5738,285227,77,311149
16460,0.029923,172.31.40.0-255,66,285293,77,311149
16461,0.032606,74.125.130.0-255,5738,291031,77,311149
16462,0.032615,172.31.40.0-255,66,291097,77,311149
16463,0.035263,74.125.130.0-255,5738,296835,77,311149
16464,0.035278,172.31.40.0-255,66,296901,77,311149
16465,0.037906,74.125.130.0-255,5738,302639,77,311149
16466,0.037915,172.31.40.0-255,66,302705,77,311149
16467,0.040552,74.125.130.0-255,3928,306633,77,311149
16468,0.040565,172.31.40.0-255,66,306699,77,311149
16469,0.040827,172.31.40.0-255,105,306804,77,311149
16470,0.043431,74.125.130.0-255,66,306870,77,311149
16471,0.049195,172.31.40.0-255,172,307042,77,311149
16472,0.049224,172.31.40.0-255,1120,308162,77,311149
16473,0.049279,172.31.40.0-255,1514,309676,77,311149
16474,0.04928,172.31.40.0-255,1275,310951,77,311149
16475,0.050879,104.244.42.0-255,66,311017,77,311149
16476,0.050893,104.244.42.0-255,66,311083,77,311149
16477,0.050947,104.244.42.0-255,66,311149,77,311149
16478,0.0,74.125.24.0-255,146,146,77,409375
16479,2.2e-05,172.31.40.0-255,66,212,77,409375
16480,2.9e-05,74.125.24.0-255,1484,1696,77,409375
16481,3.3e-05,172.31.40.0-255,66,1762,77,409375
16482,3.9e-05,74.125.24.0-255,2902,4664,77,409375
16483,5.1e-05,172.31.40.0-255,66,4730,77,409375
16484,5.9e-05,74.125.24.0-255,7156,11886,77,409375
16485,6.2e-05,172.31.40.0-255,66,11952,77,409375
16486,9.6e-05,74.125.24.0-255,2053,14005,77,409375
16487,9.9e-05,172.31.40.0-255,66,14071,77,409375
16488,0.000124,74.125.24.0-255,2902,16973,77,409375
16489,0.000126,172.31.40.0-255,66,17039,77,409375
16490,0.000155,74.125.24.0-255,4320,21359,77,409375
16491,0.000158,172.31.40.0-255,66,21425,77,409375
16492,0.000167,74.125.24.0-255,8574,29999,77,409375
16493,0.000169,172.31.40.0-255,66,30065,77,409375
16494,0.000176,74.125.24.0-255,1125,31190,77,409375
16495,0.000179,172.31.40.0-255,66,31256,77,409375
16496,0.000234,74.125.24.0-255,1484,32740,77,409375
16497,0.000236,172.31.40.0-255,66,32806,77,409375
16498,0.000241,74.125.24.0-255,2902,35708,77,409375
16499,0.000243,172.31.40.0-255,66,35774,77,409375
16500,0.000273,74.125.24.0-255,5738,41512,77,409375
16501,0.000277,172.31.40.0-255,66,41578,77,409375
16502,0.000297,74.125.24.0-255,6797,48375,77,409375
16503,0.0003,172.31.40.0-255,66,48441,77,409375
16504,0.000544,74.125.24.0-255,1484,49925,77,409375
16505,0.000549,172.31.40.0-255,66,49991,77,409375
16506,0.000556,74.125.24.0-255,2902,52893,77,409375
16507,0.000558,172.31.40.0-255,66,52959,77,409375
16508,0.000563,74.125.24.0-255,2902,55861,77,409375
16509,0.00057,172.31.40.0-255,66,55927,77,409375
16510,0.000599,74.125.24.0-255,2902,58829,77,409375
16511,0.000603,172.31.40.0-255,66,58895,77,409375
16512,0.00061,74.125.24.0-255,6797,65692,77,409375
16513,0.000612,172.31.40.0-255,66,65758,77,409375
16514,0.000674,74.125.24.0-255,1484,67242,77,409375
16515,0.000681,74.125.24.0-255,2902,70144,77,409375
16516,0.000684,172.31.40.0-255,66,70210,77,409375
16517,0.000688,74.125.24.0-255,1484,71694,77,409375
16518,0.000715,74.125.24.0-255,4320,76014,77,409375
16519,0.000718,172.31.40.0-255,66,76080,77,409375
16520,0.000753,74.125.24.0-255,13887,89967,77,409375
16521,0.000756,172.31.40.0-255,66,90033,77,409375
16522,0.000785,74.125.24.0-255,4320,94353,77,409375
16523,0.000787,172.31.40.0-255,66,94419,77,409375
16524,0.000817,74.125.24.0-255,5958,100377,77,409375
16525,0.00082,172.31.40.0-255,66,100443,77,409375
16526,0.001163,74.125.24.0-255,1484,101927,77,409375
16527,0.001169,74.125.24.0-255,2902,104829,77,409375
16528,0.001173,172.31.40.0-255,66,104895,77,409375
16529,0.001179,74.125.24.0-255,2902,107797,77,409375
16530,0.00118,172.31.40.0-255,66,107863,77,409375
16531,0.001209,74.125.24.0-255,2902,110765,77,409375
16532,0.001212,172.31.40.0-255,66,110831,77,409375
16533,0.001222,74.125.24.0-255,12828,123659,77,409375
16534,0.001224,172.31.40.0-255,66,123725,77,409375
16535,0.001229,74.125.24.0-255,4320,128045,77,409375
16536,0.001231,172.31.40.0-255,66,128111,77,409375
16537,0.001261,74.125.24.0-255,2902,131013,77,409375
16538,0.001264,172.31.40.0-255,66,131079,77,409375
16539,0.001288,74.125.24.0-255,3602,134681,77,409375
16540,0.00129,172.31.40.0-255,66,134747,77,409375
16541,0.00153,74.125.24.0-255,1484,136231,77,409375
16542,0.001534,74.125.24.0-255,1484,137715,77,409375
16543,0.001536,172.31.40.0-255,66,137781,77,409375
16544,0.001564,74.125.24.0-255,1484,139265,77,409375
16545,0.00157,74.125.24.0-255,5738,145003,77,409375
16546,0.001572,172.31.40.0-255,66,145069,77,409375
16547,0.001577,74.125.24.0-255,4320,149389,77,409375
16548,0.001579,172.31.40.0-255,66,149455,77,409375
16549,0.001609,74.125.24.0-255,2902,152357,77,409375
16550,0.001611,172.31.40.0-255,66,152423,77,409375
16551,0.001623,172.31.40.0-255,66,152489,77,409375
16552,0.001627,74.125.24.0-255,2184,154673,77,409375
16553,0.001633,172.31.40.0-255,66,154739,77,409375
16554,0.003805,74.125.24.0-255,5738,160477,77,409375
16555,0.003812,172.31.40.0-255,66,160543,77,409375
16556,0.005966,74.125.24.0-255,5738,166281,77,409375
16557,0.005969,172.31.40.0-255,66,166347,77,409375
16558,0.008111,74.125.24.0-255,4320,170667,77,409375
16559,0.008114,172.31.40.0-255,66,170733,77,409375
16560,0.008138,74.125.24.0-255,1484,172217,77,409375
16561,0.010282,74.125.24.0-255,4320,176537,77,409375
16562,0.010291,172.31.40.0-255,66,176603,77,409375
16563,0.012498,74.125.24.0-255,4320,180923,77,409375
16564,0.012505,172.31.40.0-255,66,180989,77,409375
16565,0.012528,74.125.24.0-255,1484,182473,77,409375
16566,0.014641,74.125.24.0-255,4320,186793,77,409375
16567,0.01465,172.31.40.0-255,66,186859,77,409375
16568,0.016814,74.125.24.0-255,5738,192597,77,409375
16569,0.016821,172.31.40.0-255,66,192663,77,409375
16570,0.018988,74.125.24.0-255,5738,198401,77,409375
16571,0.018996,172.31.40.0-255,66,198467,77,409375
16572,0.021177,74.125.24.0-255,5738,204205,77,409375
16573,0.021184,172.31.40.0-255,66,204271,77,409375
16574,0.023352,74.125.24.0-255,2902,207173,77,409375
16575,0.023359,172.31.40.0-255,66,207239,77,409375
16576,0.023387,74.125.24.0-255,2902,210141,77,409375
16577,0.023389,172.31.40.0-255,66,210207,77,409375
16578,0.025471,74.125.24.0-255,2902,213109,77,409375
16579,0.02549,172.31.40.0-255,66,213175,77,409375
16580,0.025536,74.125.24.0-255,1484,214659,77,409375
16581,0.025549,74.125.24.0-255,1484,216143,77,409375
16582,0.025551,172.31.40.0-255,66,216209,77,409375
16583,0.027621,74.125.24.0-255,2902,219111,77,409375
16584,0.027628,172.31.40.0-255,66,219177,77,409375
16585,0.027676,74.125.24.0-255,1484,220661,77,409375
16586,0.027688,74.125.24.0-255,1484,222145,77,409375
16587,0.027691,172.31.40.0-255,66,222211,77,409375
16588,0.029783,74.125.24.0-255,2902,225113,77,409375
16589,0.02979,172.31.40.0-255,66,225179,77,409375
16590,0.029847,74.125.24.0-255,2902,228081,77,409375
16591,0.029849,172.31.40.0-255,66,228147,77,409375
16592,0.029941,172.31.40.0-255,171,228318,77,409375
16593,0.029982,172.31.40.0-255,1144,229462,77,409375
16594,0.030107,172.31.40.0-255,1514,230976,77,409375
16595,0.030132,172.31.40.0-255,1251,232227,77,409375
16596,0.031584,104.244.42.0-255,66,232293,77,409375
16597,0.03168,104.244.42.0-255,66,232359,77,409375
16598,0.03179,104.244.42.0-255,66,232425,77,409375
16599,0.031909,74.125.24.0-255,2902,235327,77,409375
16600,0.031915,172.31.40.0-255,66,235393,77,409375
16601,0.031962,74.125.24.0-255,2902,238295,77,409375
16602,0.031964,172.31.40.0-255,66,238361,77,409375
16603,0.034087,74.125.24.0-255,2902,241263,77,409375
16604,0.034093,172.31.40.0-255,66,241329,77,409375
16605,0.034131,74.125.24.0-255,2902,244231,77,409375
16606,0.034134,172.31.40.0-255,66,244297,77,409375
16607,0.036274,74.125.24.0-255,2902,247199,77,409375
16608,0.036279,172.31.40.0-255,66,247265,77,409375
16609,0.036671,74.125.24.0-255,2902,250167,77,409375
16610,0.036677,172.31.40.0-255,66,250233,77,409375
16611,0.038456,74.125.24.0-255,2902,253135,77,409375
16612,0.038461,172.31.40.0-255,66,253201,77,409375
16613,0.038831,74.125.24.0-255,2902,256103,77,409375
16614,0.038836,172.31.40.0-255,66,256169,77,409375
16615,0.04065,74.125.24.0-255,2902,259071,77,409375
16616,0.040656,172.31.40.0-255,66,259137,77,409375
16617,0.041003,74.125.24.0-255,2902,262039,77,409375
16618,0.041009,172.31.40.0-255,66,262105,77,409375
16619,0.042781,74.125.24.0-255,2902,265007,77,409375
16620,0.042786,172.31.40.0-255,66,265073,77,409375
16621,0.043159,74.125.24.0-255,2902,267975,77,409375
16622,0.043164,172.31.40.0-255,66,268041,77,409375
16623,0.044922,74.125.24.0-255,2902,270943,77,409375
16624,0.044928,172.31.40.0-255,66,271009,77,409375
16625,0.045346,74.125.24.0-255,2902,273911,77,409375
16626,0.045351,172.31.40.0-255,66,273977,77,409375
16627,0.047166,74.125.24.0-255,2902,276879,77,409375
16628,0.047171,172.31.40.0-255,66,276945,77,409375
16629,0.047535,74.125.24.0-255,2902,279847,77,409375
16630,0.04754,172.31.40.0-255,66,279913,77,409375
16631,0.04934,74.125.24.0-255,2902,282815,77,409375
16632,0.049345,172.31.40.0-255,66,282881,77,409375
16633,0.049667,74.125.24.0-255,2902,285783,77,409375
16634,0.049673,172.31.40.0-255,66,285849,77,409375
16635,0.051534,74.125.24.0-255,2902,288751,77,409375
16636,0.051539,172.31.40.0-255,66,288817,77,409375
16637,0.051849,74.125.24.0-255,2902,291719,77,409375
16638,0.051854,172.31.40.0-255,66,291785,77,409375
16639,0.053714,74.125.24.0-255,2902,294687,77,409375
16640,0.05372,172.31.40.0-255,66,294753,77,409375
16641,0.054005,74.125.24.0-255,2902,297655,77,409375
16642,0.054011,172.31.40.0-255,66,297721,77,409375
16643,0.05587,74.125.24.0-255,2902,300623,77,409375
16644,0.055877,172.31.40.0-255,66,300689,77,409375
16645,0.056178,74.125.24.0-255,2902,303591,77,409375
16646,0.056183,172.31.40.0-255,66,303657,77,409375
16647,0.058058,74.125.24.0-255,2902,306559,77,409375
16648,0.058065,172.31.40.0-255,66,306625,77,409375
16649,0.058278,74.125.24.0-255,2902,309527,77,409375
16650,0.058282,172.31.40.0-255,66,309593,77,409375
16651,0.06019,74.125.24.0-255,2902,312495,77,409375
16652,0.060197,172.31.40.0-255,66,312561,77,409375
16653,0.060421,74.125.24.0-255,2902,315463,77,409375
16654,0.060427,172.31.40.0-255,66,315529,77,409375
16655,0.062331,74.125.24.0-255,2902,318431,77,409375
16656,0.062337,172.31.40.0-255,66,318497,77,409375
16657,0.062541,74.125.24.0-255,2902,321399,77,409375
16658,0.062546,172.31.40.0-255,66,321465,77,409375
16659,0.064503,74.125.24.0-255,2902,324367,77,409375
16660,0.064508,172.31.40.0-255,66,324433,77,409375
16661,0.064737,74.125.24.0-255,2902,327335,77,409375
16662,0.064744,172.31.40.0-255,66,327401,77,409375
16663,0.066692,74.125.24.0-255,2902,330303,77,409375
16664,0.066697,172.31.40.0-255,66,330369,77,409375
16665,0.066912,74.125.24.0-255,2902,333271,77,409375
16666,0.066917,172.31.40.0-255,66,333337,77,409375
16667,0.068895,74.125.24.0-255,2902,336239,77,409375
16668,0.0689,172.31.40.0-255,66,336305,77,409375
16669,0.069039,74.125.24.0-255,2902,339207,77,409375
16670,0.069044,172.31.40.0-255,66,339273,77,409375
16671,0.071078,74.125.24.0-255,2902,342175,77,409375
16672,0.071085,172.31.40.0-255,66,342241,77,409375
16673,0.071212,74.125.24.0-255,2902,345143,77,409375
16674,0.071216,172.31.40.0-255,66,345209,77,409375
16675,0.073251,74.125.24.0-255,2902,348111,77,409375
16676,0.073256,172.31.40.0-255,66,348177,77,409375
16677,0.073382,74.125.24.0-255,2902,351079,77,409375
16678,0.073386,172.31.40.0-255,66,351145,77,409375
16679,0.07539,74.125.24.0-255,2902,354047,77,409375
16680,0.075396,172.31.40.0-255,66,354113,77,409375
16681,0.075504,74.125.24.0-255,2902,357015,77,409375
16682,0.075508,172.31.40.0-255,66,357081,77,409375
16683,0.077554,74.125.24.0-255,2902,359983,77,409375
16684,0.077561,172.31.40.0-255,66,360049,77,409375
16685,0.07767,74.125.24.0-255,2902,362951,77,409375
16686,0.077674,172.31.40.0-255,66,363017,77,409375
16687,0.079697,74.125.24.0-255,2902,365919,77,409375
16688,0.079703,172.31.40.0-255,66,365985,77,409375
16689,0.079828,74.125.24.0-255,2902,368887,77,409375
16690,0.079832,172.31.40.0-255,66,368953,77,409375
16691,0.081887,74.125.24.0-255,2902,371855,77,409375
16692,0.081893,172.31.40.0-255,66,371921,77,409375
16693,0.081986,74.125.24.0-255,1484,373405,77,409375
16694,0.081997,74.125.24.0-255,1484,374889,77,409375
16695,0.082,172.31.40.0-255,66,374955,77,409375
16696,0.084069,74.125.24.0-255,2902,377857,77,409375
16697,0.084074,172.31.40.0-255,66,377923,77,409375
16698,0.084151,74.125.24.0-255,2902,380825,77,409375
16699,0.084155,172.31.40.0-255,66,380891,77,409375
16700,0.086222,74.125.24.0-255,2902,383793,77,409375
16701,0.086229,172.31.40.0-255,66,383859,77,409375
16702,0.086271,74.125.24.0-255,2902,386761,77,409375
16703,0.086274,172.31.40.0-255,66,386827,77,409375
16704,0.0884,74.125.24.0-255,5738,392565,77,409375
16705,0.088406,172.31.40.0-255,66,392631,77,409375
16706,0.090556,74.125.24.0-255,5738,398369,77,409375
16707,0.090562,172.31.40.0-255,66,398435,77,409375
16708,0.092724,74.125.24.0-255,5738,404173,77,409375
16709,0.092731,172.31.40.0-255,66,404239,77,409375
16710,0.094876,74.125.24.0-255,4899,409138,77,409375
16711,0.094882,172.31.40.0-255,66,409204,77,409375
16712,0.095042,172.31.40.0-255,105,409309,77,409375
16713,0.097172,74.125.24.0-255,66,409375,77,409375
16714,0.0,74.125.24.0-255,152,152,77,418977
16715,2.4e-05,172.31.40.0-255,66,218,77,418977
16716,3.1e-05,74.125.24.0-255,1484,1702,77,418977
16717,3.7e-05,172.31.40.0-255,66,1768,77,418977
16718,4.3e-05,74.125.24.0-255,2902,4670,77,418977
16719,4.7e-05,172.31.40.0-255,66,4736,77,418977
16720,5.3e-05,74.125.24.0-255,4320,9056,77,418977
16721,5.7e-05,172.31.40.0-255,66,9122,77,418977
16722,0.000117,74.125.24.0-255,4901,14023,77,418977
16723,0.000121,172.31.40.0-255,66,14089,77,418977
16724,0.000128,74.125.24.0-255,5738,19827,77,418977
16725,0.000131,172.31.40.0-255,66,19893,77,418977
16726,0.000167,74.125.24.0-255,11051,30944,77,418977
16727,0.00017,172.31.40.0-255,66,31010,77,418977
16728,0.000265,74.125.24.0-255,1484,32494,77,418977
16729,0.000269,172.31.40.0-255,66,32560,77,418977
16730,0.000274,74.125.24.0-255,2902,35462,77,418977
16731,0.000277,172.31.40.0-255,66,35528,77,418977
16732,0.000309,74.125.24.0-255,5738,41266,77,418977
16733,0.000312,172.31.40.0-255,66,41332,77,418977
16734,0.000315,74.125.24.0-255,1484,42816,77,418977
16735,0.000317,172.31.40.0-255,66,42882,77,418977
16736,0.000339,74.125.24.0-255,9633,52515,77,418977
16737,0.000342,172.31.40.0-255,66,52581,77,418977
16738,0.000369,74.125.24.0-255,5738,58319,77,418977
16739,0.000372,172.31.40.0-255,66,58385,77,418977
16740,0.000391,74.125.24.0-255,2902,61287,77,418977
16741,0.000393,172.31.40.0-255,66,61353,77,418977
16742,0.000396,74.125.24.0-255,1484,62837,77,418977
16743,0.000398,172.31.40.0-255,66,62903,77,418977
16744,0.000422,74.125.24.0-255,2876,65779,77,418977
16745,0.000425,172.31.40.0-255,66,65845,77,418977
16746,0.000626,74.125.24.0-255,110,65955,77,418977
16747,0.000787,74.125.24.0-255,1484,67439,77,418977
16748,0.00079,74.125.24.0-255,1484,68923,77,418977
16749,0.000798,172.31.40.0-255,66,68989,77,418977
16750,0.000803,74.125.24.0-255,1484,70473,77,418977
16751,0.000805,172.31.40.0-255,66,70539,77,418977
16752,0.000809,74.125.24.0-255,2902,73441,77,418977
16753,0.000811,172.31.40.0-255,66,73507,77,418977
16754,0.000836,74.125.24.0-255,2902,76409,77,418977
16755,0.000839,172.31.40.0-255,66,76475,77,418977
16756,0.000867,74.125.24.0-255,12828,89303,77,418977
16757,0.000871,172.31.40.0-255,66,89369,77,418977
16758,0.00089,74.125.24.0-255,1125,90494,77,418977
16759,0.000899,74.125.24.0-255,9633,100127,77,418977
16760,0.000901,172.31.40.0-255,66,100193,77,418977
16761,0.000903,74.125.24.0-255,331,100524,77,418977
16762,0.001127,74.125.24.0-255,1484,102008,77,418977
16763,0.001131,172.31.40.0-255,66,102074,77,418977
16764,0.001136,74.125.24.0-255,2902,104976,77,418977
16765,0.001137,172.31.40.0-255,66,105042,77,418977
16766,0.001142,74.125.24.0-255,2902,107944,77,418977
16767,0.001143,172.31.40.0-255,66,108010,77,418977
16768,0.00116,74.125.24.0-255,2902,110912,77,418977
16769,0.001162,172.31.40.0-255,66,110978,77,418977
16770,0.001168,74.125.24.0-255,5738,116716,77,418977
16771,0.001169,172.31.40.0-255,66,116782,77,418977
16772,0.001199,74.125.24.0-255,5738,122520,77,418977
16773,0.001202,172.31.40.0-255,66,122586,77,418977
16774,0.001218,74.125.24.0-255,4320,126906,77,418977
16775,0.00122,172.31.40.0-255,66,126972,77,418977
16776,0.00125,74.125.24.0-255,7856,134828,77,418977
16777,0.001252,172.31.40.0-255,66,134894,77,418977
16778,0.00195,74.125.24.0-255,1484,136378,77,418977
16779,0.00196,74.125.24.0-255,2902,139280,77,418977
16780,0.001964,172.31.40.0-255,66,139346,77,418977
16781,0.001971,74.125.24.0-255,5738,145084,77,418977
16782,0.001973,172.31.40.0-255,66,145150,77,418977
16783,0.002005,74.125.24.0-255,7156,152306,77,418977
16784,0.002007,172.31.40.0-255,66,152372,77,418977
16785,0.002029,74.125.24.0-255,5738,158110,77,418977
16786,0.002031,172.31.40.0-255,66,158176,77,418977
16787,0.002045,74.125.24.0-255,2902,161078,77,418977
16788,0.002047,172.31.40.0-255,66,161144,77,418977
16789,0.00207,74.125.24.0-255,7856,169000,77,418977
16790,0.002072,172.31.40.0-255,66,169066,77,418977
16791,0.004153,74.125.24.0-255,5738,174804,77,418977
16792,0.00416,172.31.40.0-255,66,174870,77,418977
16793,0.006254,74.125.24.0-255,5738,180608,77,418977
16794,0.00626,172.31.40.0-255,66,180674,77,418977
16795,0.008384,74.125.24.0-255,5738,186412,77,418977
16796,0.008391,172.31.40.0-255,66,186478,77,418977
16797,0.010494,74.125.24.0-255,5738,192216,77,418977
16798,0.010502,172.31.40.0-255,66,192282,77,418977
16799,0.012609,74.125.24.0-255,5738,198020,77,418977
16800,0.012617,172.31.40.0-255,66,198086,77,418977
16801,0.014725,74.125.24.0-255,5738,203824,77,418977
16802,0.014735,172.31.40.0-255,66,203890,77,418977
16803,0.016832,74.125.24.0-255,5738,209628,77,418977
16804,0.016841,172.31.40.0-255,66,209694,77,418977
16805,0.018913,74.125.24.0-255,5738,215432,77,418977
16806,0.01892,172.31.40.0-255,66,215498,77,418977
16807,0.021042,74.125.24.0-255,5738,221236,77,418977
16808,0.021052,172.31.40.0-255,66,221302,77,418977
16809,0.023167,74.125.24.0-255,5738,227040,77,418977
16810,0.023178,172.31.40.0-255,66,227106,77,418977
16811,0.025278,74.125.24.0-255,5738,232844,77,418977
16812,0.025285,172.31.40.0-255,66,232910,77,418977
16813,0.027419,74.125.24.0-255,5738,238648,77,418977
16814,0.027426,172.31.40.0-255,66,238714,77,418977
16815,0.029525,74.125.24.0-255,5738,244452,77,418977
16816,0.029533,172.31.40.0-255,66,244518,77,418977
16817,0.031172,172.31.40.0-255,172,244690,77,418977
16818,0.031203,172.31.40.0-255,1118,245808,77,418977
16819,0.031263,172.31.40.0-255,1514,247322,77,418977
16820,0.031265,172.31.40.0-255,1277,248599,77,418977
16821,0.031635,74.125.24.0-255,5738,254337,77,418977
16822,0.031641,172.31.40.0-255,66,254403,77,418977
16823,0.032814,104.244.42.0-255,66,254469,77,418977
16824,0.032903,104.244.42.0-255,66,254535,77,418977
16825,0.032959,104.244.42.0-255,66,254601,77,418977
16826,0.03377,74.125.24.0-255,5738,260339,77,418977
16827,0.033776,172.31.40.0-255,66,260405,77,418977
16828,0.035886,74.125.24.0-255,5738,266143,77,418977
16829,0.035894,172.31.40.0-255,66,266209,77,418977
16830,0.037998,74.125.24.0-255,5738,271947,77,418977
16831,0.038005,172.31.40.0-255,66,272013,77,418977
16832,0.040169,74.125.24.0-255,5738,277751,77,418977
16833,0.040178,172.31.40.0-255,66,277817,77,418977
16834,0.042299,74.125.24.0-255,5738,283555,77,418977
16835,0.042308,172.31.40.0-255,66,283621,77,418977
16836,0.044398,74.125.24.0-255,5738,289359,77,418977
16837,0.044405,172.31.40.0-255,66,289425,77,418977
16838,0.046513,74.125.24.0-255,5738,295163,77,418977
16839,0.04652,172.31.40.0-255,66,295229,77,418977
16840,0.04863,74.125.24.0-255,5738,300967,77,418977
16841,0.048637,172.31.40.0-255,66,301033,77,418977
16842,0.050734,74.125.24.0-255,5738,306771,77,418977
16843,0.05074,172.31.40.0-255,66,306837,77,418977
16844,0.052843,74.125.24.0-255,5738,312575,77,418977
16845,0.052851,172.31.40.0-255,66,312641,77,418977
16846,0.054934,74.125.24.0-255,5738,318379,77,418977
16847,0.054942,172.31.40.0-255,66,318445,77,418977
16848,0.057034,74.125.24.0-255,5738,324183,77,418977
16849,0.057041,172.31.40.0-255,66,324249,77,418977
16850,0.059141,74.125.24.0-255,5738,329987,77,418977
16851,0.059147,172.31.40.0-255,66,330053,77,418977
16852,0.061265,74.125.24.0-255,5738,335791,77,418977
16853,0.061275,172.31.40.0-255,66,335857,77,418977
16854,0.063378,74.125.24.0-255,5738,341595,77,418977
16855,0.063385,172.31.40.0-255,66,341661,77,418977
16856,0.06549,74.125.24.0-255,5738,347399,77,418977
16857,0.065497,172.31.40.0-255,66,347465,77,418977
16858,0.067675,74.125.24.0-255,5738,353203,77,418977
16859,0.067682,172.31.40.0-255,66,353269,77,418977
16860,0.069801,74.125.24.0-255,5738,359007,77,418977
16861,0.069807,172.31.40.0-255,66,359073,77,418977
16862,0.071918,74.125.24.0-255,5738,364811,77,418977
16863,0.071925,172.31.40.0-255,66,364877,77,418977
16864,0.074022,74.125.24.0-255,5738,370615,77,418977
16865,0.074028,172.31.40.0-255,66,370681,77,418977
16866,0.076132,74.125.24.0-255,5738,376419,77,418977
16867,0.076139,172.31.40.0-255,66,376485,77,418977
16868,0.078268,74.125.24.0-255,5738,382223,77,418977
16869,0.078276,172.31.40.0-255,66,382289,77,418977
16870,0.080392,74.125.24.0-255,5738,388027,77,418977
16871,0.080399,172.31.40.0-255,66,388093,77,418977
16872,0.082499,74.125.24.0-255,5738,393831,77,418977
16873,0.082506,172.31.40.0-255,66,393897,77,418977
16874,0.0846,74.125.24.0-255,5738,399635,77,418977
16875,0.084606,172.31.40.0-255,66,399701,77,418977
16876,0.086707,74.125.24.0-255,4320,404021,77,418977
16877,0.086713,172.31.40.0-255,66,404087,77,418977
16878,0.086728,74.125.24.0-255,1484,405571,77,418977
16879,0.088817,74.125.24.0-255,4320,409891,77,418977
16880,0.088823,172.31.40.0-255,66,409957,77,418977
16881,0.09099,74.125.24.0-255,5738,415695,77,418977
16882,0.090996,172.31.40.0-255,66,415761,77,418977
16883,0.093109,74.125.24.0-255,2979,418740,77,418977
16884,0.093116,172.31.40.0-255,66,418806,77,418977
16885,0.09334,172.31.40.0-255,105,418911,77,418977
16886,0.095423,74.125.24.0-255,66,418977,77,418977
16887,0.0,74.125.200.0-255,295,295,77,368080
16888,1.3e-05,172.31.40.0-255,66,361,77,368080
16889,1.9e-05,74.125.200.0-255,1484,1845,77,368080
16890,2.3e-05,172.31.40.0-255,66,1911,77,368080
16891,2.5e-05,74.125.200.0-255,1484,3395,77,368080
16892,2.8e-05,172.31.40.0-255,66,3461,77,368080
16893,3.3e-05,74.125.200.0-255,2902,6363,77,368080
16894,3.6e-05,172.31.40.0-255,66,6429,77,368080
16895,7.6e-05,74.125.200.0-255,2902,9331,77,368080
16896,7.9e-05,172.31.40.0-255,66,9397,77,368080
16897,9.4e-05,74.125.200.0-255,2902,12299,77,368080
16898,9.5e-05,172.31.40.0-255,66,12365,77,368080
16899,0.000147,74.125.200.0-255,1894,14259,77,368080
16900,0.00015,172.31.40.0-255,66,14325,77,368080
16901,0.000215,74.125.200.0-255,1484,15809,77,368080
16902,0.000218,172.31.40.0-255,66,15875,77,368080
16903,0.000223,74.125.200.0-255,2902,18777,77,368080
16904,0.000225,172.31.40.0-255,66,18843,77,368080
16905,0.000239,74.125.200.0-255,2902,21745,77,368080
16906,0.000241,172.31.40.0-255,66,21811,77,368080
16907,0.00026,74.125.200.0-255,1484,23295,77,368080
16908,0.000262,172.31.40.0-255,66,23361,77,368080
16909,0.000265,74.125.200.0-255,1484,24845,77,368080
16910,0.000267,172.31.40.0-255,66,24911,77,368080
16911,0.000281,74.125.200.0-255,2902,27813,77,368080
16912,0.000283,172.31.40.0-255,66,27879,77,368080
16913,0.000302,74.125.200.0-255,3961,31840,77,368080
16914,0.000305,172.31.40.0-255,66,31906,77,368080
16915,0.000337,74.125.200.0-255,1484,33390,77,368080
16916,0.000339,172.31.40.0-255,66,33456,77,368080
16917,0.000361,74.125.200.0-255,4320,37776,77,368080
16918,0.000364,172.31.40.0-255,66,37842,77,368080
16919,0.000368,74.125.200.0-255,4320,42162,77,368080
16920,0.00037,172.31.40.0-255,66,42228,77,368080
16921,0.000383,74.125.200.0-255,2902,45130,77,368080
16922,0.000385,172.31.40.0-255,66,45196,77,368080
16923,0.000399,74.125.200.0-255,1484,46680,77,368080
16924,0.000413,74.125.200.0-255,2543,49223,77,368080
16925,0.000415,172.31.40.0-255,66,49289,77,368080
16926,0.000735,74.125.200.0-255,1484,50773,77,368080
16927,0.000739,74.125.200.0-255,1484,52257,77,368080
16928,0.000742,172.31.40.0-255,66,52323,77,368080
16929,0.000747,74.125.200.0-255,2902,55225,77,368080
16930,0.000749,172.31.40.0-255,66,55291,77,368080
16931,0.000765,74.125.200.0-255,5738,61029,77,368080
16932,0.000767,172.31.40.0-255,66,61095,77,368080
16933,0.000794,74.125.200.0-255,4320,65415,77,368080
16934,0.000796,172.31.40.0-255,66,65481,77,368080
16935,0.000824,74.125.200.0-255,2902,68383,77,368080
16936,0.000826,172.31.40.0-255,66,68449,77,368080
16937,0.000843,74.125.200.0-255,1125,69574,77,368080
16938,0.000857,74.125.200.0-255,4320,73894,77,368080
16939,0.000859,172.31.40.0-255,66,73960,77,368080
16940,0.000876,74.125.200.0-255,1484,75444,77,368080
16941,0.000892,74.125.200.0-255,4320,79764,77,368080
16942,0.000894,172.31.40.0-255,66,79830,77,368080
16943,0.000922,74.125.200.0-255,1484,81314,77,368080
16944,0.000935,74.125.200.0-255,3122,84436,77,368080
16945,0.000937,172.31.40.0-255,66,84502,77,368080
16946,0.001323,74.125.200.0-255,1484,85986,77,368080
16947,0.001344,74.125.200.0-255,1484,87470,77,368080
16948,0.001348,172.31.40.0-255,66,87536,77,368080
16949,0.001353,74.125.200.0-255,1484,89020,77,368080
16950,0.001366,74.125.200.0-255,1484,90504,77,368080
16951,0.001368,172.31.40.0-255,66,90570,77,368080
16952,0.0014,74.125.200.0-255,2902,93472,77,368080
16953,0.001403,172.31.40.0-255,66,93538,77,368080
16954,0.00144,74.125.200.0-255,1484,95022,77,368080
16955,0.001471,74.125.200.0-255,2902,97924,77,368080
16956,0.001474,172.31.40.0-255,66,97990,77,368080
16957,0.001499,74.125.200.0-255,1484,99474,77,368080
16958,0.001513,74.125.200.0-255,2902,102376,77,368080
16959,0.001515,172.31.40.0-255,66,102442,77,368080
16960,0.00155,74.125.200.0-255,1484,103926,77,368080
16961,0.001573,74.125.200.0-255,2902,106828,77,368080
16962,0.001575,172.31.40.0-255,66,106894,77,368080
16963,0.001595,74.125.200.0-255,2902,109796,77,368080
16964,0.001597,172.31.40.0-255,66,109862,77,368080
16965,0.001602,74.125.200.0-255,4320,114182,77,368080
16966,0.001604,172.31.40.0-255,66,114248,77,368080
16967,0.00163,74.125.200.0-255,1484,115732,77,368080
16968,0.001647,74.125.200.0-255,2939,118671,77,368080
16969,0.001649,172.31.40.0-255,66,118737,77,368080
16970,0.002402,74.125.200.0-255,1484,120221,77,368080
16971,0.002409,74.125.200.0-255,1484,121705,77,368080
16972,0.002414,172.31.40.0-255,66,121771,77,368080
16973,0.002421,74.125.200.0-255,2902,124673,77,368080
16974,0.002423,172.31.40.0-255,66,124739,77,368080
16975,0.002429,74.125.200.0-255,5738,130477,77,368080
16976,0.002432,172.31.40.0-255,66,130543,77,368080
16977,0.002451,74.125.200.0-255,2902,133445,77,368080
16978,0.002454,172.31.40.0-255,66,133511,77,368080
16979,0.002477,74.125.200.0-255,4320,137831,77,368080
16980,0.002479,172.31.40.0-255,66,137897,77,368080
16981,0.002498,74.125.200.0-255,2902,140799,77,368080
16982,0.002501,172.31.40.0-255,66,140865,77,368080
16983,0.004897,74.125.200.0-255,2902,143767,77,368080
16984,0.004905,172.31.40.0-255,66,143833,77,368080
16985,0.004922,74.125.200.0-255,1484,145317,77,368080
16986,0.004936,74.125.200.0-255,1484,146801,77,368080
16987,0.004939,172.31.40.0-255,66,146867,77,368080
16988,0.007358,74.125.200.0-255,1484,148351,77,368080
16989,0.007379,74.125.200.0-255,2902,151253,77,368080
16990,0.007384,172.31.40.0-255,66,151319,77,368080
16991,0.007405,74.125.200.0-255,1484,152803,77,368080
16992,0.009826,74.125.200.0-255,4320,157123,77,368080
16993,0.00985,172.31.40.0-255,66,157189,77,368080
16994,0.012281,74.125.200.0-255,5738,162927,77,368080
16995,0.012292,172.31.40.0-255,66,162993,77,368080
16996,0.014737,74.125.200.0-255,5738,168731,77,368080
16997,0.014751,172.31.40.0-255,66,168797,77,368080
16998,0.017195,74.125.200.0-255,5738,174535,77,368080
16999,0.017206,172.31.40.0-255,66,174601,77,368080
17000,0.01964,74.125.200.0-255,5738,180339,77,368080
17001,0.019648,172.31.40.0-255,66,180405,77,368080
17002,0.022069,74.125.200.0-255,5738,186143,77,368080
17003,0.022076,172.31.40.0-255,66,186209,77,368080
17004,0.024541,74.125.200.0-255,5738,191947,77,368080
17005,0.024549,172.31.40.0-255,66,192013,77,368080
17006,0.026979,74.125.200.0-255,5738,197751,77,368080
17007,0.026987,172.31.40.0-255,66,197817,77,368080
17008,0.029429,74.125.200.0-255,5738,203555,77,368080
17009,0.029436,172.31.40.0-255,66,203621,77,368080
17010,0.031865,74.125.200.0-255,2902,206523,77,368080
17011,0.031873,172.31.40.0-255,66,206589,77,368080
17012,0.031893,74.125.200.0-255,2902,209491,77,368080
17013,0.031897,172.31.40.0-255,66,209557,77,368080
17014,0.032471,172.31.40.0-255,172,209729,77,368080
17015,0.032499,172.31.40.0-255,1116,210845,77,368080
17016,0.032548,172.31.40.0-255,1514,212359,77,368080
17017,0.03255,172.31.40.0-255,1279,213638,77,368080
17018,0.034094,104.244.42.0-255,66,213704,77,368080
17019,0.034177,104.244.42.0-255,66,213770,77,368080
17020,0.034234,104.244.42.0-255,66,213836,77,368080
17021,0.034308,74.125.200.0-255,1484,215320,77,368080
17022,0.034339,74.125.200.0-255,4320,219640,77,368080
17023,0.034344,172.31.40.0-255,66,219706,77,368080
17024,0.035205,104.244.42.0-255,108,219814,77,368080
17025,0.035215,172.31.40.0-255,66,219880,77,368080
17026,0.036801,74.125.200.0-255,5738,225618,77,368080
17027,0.036806,172.31.40.0-255,66,225684,77,368080
17028,0.039257,74.125.200.0-255,5738,231422,77,368080
17029,0.039263,172.31.40.0-255,66,231488,77,368080
17030,0.041729,74.125.200.0-255,5738,237226,77,368080
17031,0.041736,172.31.40.0-255,66,237292,77,368080
17032,0.044171,74.125.200.0-255,5738,243030,77,368080
17033,0.044178,172.31.40.0-255,66,243096,77,368080
17034,0.046613,74.125.200.0-255,5738,248834,77,368080
17035,0.04662,172.31.40.0-255,66,248900,77,368080
17036,0.049073,74.125.200.0-255,5738,254638,77,368080
17037,0.049079,172.31.40.0-255,66,254704,77,368080
17038,0.051518,74.125.200.0-255,5738,260442,77,368080
17039,0.051524,172.31.40.0-255,66,260508,77,368080
17040,0.053961,74.125.200.0-255,5738,266246,77,368080
17041,0.053968,172.31.40.0-255,66,266312,77,368080
17042,0.056425,74.125.200.0-255,5738,272050,77,368080
17043,0.056432,172.31.40.0-255,66,272116,77,368080
17044,0.05887,74.125.200.0-255,4320,276436,77,368080
17045,0.058876,172.31.40.0-255,66,276502,77,368080
17046,0.058897,74.125.200.0-255,1484,277986,77,368080
17047,0.061317,74.125.200.0-255,4320,282306,77,368080
17048,0.061322,172.31.40.0-255,66,282372,77,368080
17049,0.063756,74.125.200.0-255,5738,288110,77,368080
17050,0.063766,172.31.40.0-255,66,288176,77,368080
17051,0.066212,74.125.200.0-255,5738,293914,77,368080
17052,0.066221,172.31.40.0-255,66,293980,77,368080
17053,0.06867,74.125.200.0-255,5738,299718,77,368080
17054,0.068677,172.31.40.0-255,66,299784,77,368080
17055,0.071129,74.125.200.0-255,5738,305522,77,368080
17056,0.071136,172.31.40.0-255,66,305588,77,368080
17057,0.073573,74.125.200.0-255,4320,309908,77,368080
17058,0.073579,172.31.40.0-255,66,309974,77,368080
17059,0.073596,74.125.200.0-255,1484,311458,77,368080
17060,0.076018,74.125.200.0-255,4320,315778,77,368080
17061,0.076025,172.31.40.0-255,66,315844,77,368080
17062,0.078487,74.125.200.0-255,5738,321582,77,368080
17063,0.078493,172.31.40.0-255,66,321648,77,368080
17064,0.080945,74.125.200.0-255,5738,327386,77,368080
17065,0.080953,172.31.40.0-255,66,327452,77,368080
17066,0.083395,74.125.200.0-255,5738,333190,77,368080
17067,0.083401,172.31.40.0-255,66,333256,77,368080
17068,0.085845,74.125.200.0-255,5738,338994,77,368080
17069,0.085852,172.31.40.0-255,66,339060,77,368080
17070,0.088301,74.125.200.0-255,5738,344798,77,368080
17071,0.088307,172.31.40.0-255,66,344864,77,368080
17072,0.090765,74.125.200.0-255,5738,350602,77,368080
17073,0.090773,172.31.40.0-255,66,350668,77,368080
17074,0.093235,74.125.200.0-255,5738,356406,77,368080
17075,0.093242,172.31.40.0-255,66,356472,77,368080
17076,0.095685,74.125.200.0-255,5738,362210,77,368080
17077,0.095692,172.31.40.0-255,66,362276,77,368080
17078,0.098134,74.125.200.0-255,5738,368014,77,368080
17079,0.098142,172.31.40.0-255,66,368080,77,368080
17080,0.0,172.31.40.0-255,105,105,77,459
17081,0.000236,172.31.40.0-255,90,195,77,459
17082,0.000246,172.31.40.0-255,66,261,77,459
17083,0.002903,74.125.24.0-255,66,327,77,459
17084,0.002931,74.125.24.0-255,66,393,77,459
17085,0.002951,172.31.40.0-255,66,459,77,459
17086,0.0,172.31.40.0-255,105,105,77,459
17087,0.000199,172.31.40.0-255,90,195,77,459
17088,0.000208,172.31.40.0-255,66,261,77,459
17089,0.002128,74.125.24.0-255,66,327,77,459
17090,0.002142,74.125.24.0-255,66,393,77,459
17091,0.002151,172.31.40.0-255,66,459,77,459
17092,0.0,74.125.68.0-255,295,295,77,415237
17093,1.4e-05,172.31.40.0-255,66,361,77,415237
17094,2e-05,74.125.68.0-255,1484,1845,77,415237
17095,2.4e-05,172.31.40.0-255,66,1911,77,415237
17096,6.3e-05,74.125.68.0-255,4320,6231,77,415237
17097,6.5e-05,172.31.40.0-255,66,6297,77,415237
17098,6.8e-05,74.125.68.0-255,1484,7781,77,415237
17099,7e-05,172.31.40.0-255,66,7847,77,415237
17100,7.5e-05,74.125.68.0-255,2902,10749,77,415237
17101,7.7e-05,172.31.40.0-255,66,10815,77,415237
17102,0.000118,74.125.68.0-255,4728,15543,77,415237
17103,0.000121,172.31.40.0-255,66,15609,77,415237
17104,0.00015,74.125.68.0-255,4320,19929,77,415237
17105,0.000152,172.31.40.0-255,66,19995,77,415237
17106,0.000178,74.125.68.0-255,1484,21479,77,415237
17107,0.00018,172.31.40.0-255,66,21545,77,415237
17108,0.000188,74.125.68.0-255,7156,28701,77,415237
17109,0.00019,172.31.40.0-255,66,28767,77,415237
17110,0.000202,74.125.68.0-255,8574,37341,77,415237
17111,0.000205,172.31.40.0-255,66,37407,77,415237
17112,0.000215,74.125.68.0-255,1484,38891,77,415237
17113,0.000217,172.31.40.0-255,66,38957,77,415237
17114,0.000256,74.125.68.0-255,9274,48231,77,415237
17115,0.000259,172.31.40.0-255,66,48297,77,415237
17116,0.000262,74.125.68.0-255,1484,49781,77,415237
17117,0.000264,172.31.40.0-255,66,49847,77,415237
17118,0.000284,74.125.68.0-255,2902,52749,77,415237
17119,0.000286,172.31.40.0-255,66,52815,77,415237
17120,0.000331,74.125.68.0-255,5738,58553,77,415237
17121,0.000335,172.31.40.0-255,66,58619,77,415237
17122,0.000343,74.125.68.0-255,7075,65694,77,415237
17123,0.000345,172.31.40.0-255,66,65760,77,415237
17124,0.000348,74.125.68.0-255,377,66137,77,415237
17125,0.000496,74.125.68.0-255,1484,67621,77,415237
17126,0.000502,74.125.68.0-255,1484,69105,77,415237
17127,0.000515,74.125.68.0-255,1484,70589,77,415237
17128,0.000518,74.125.68.0-255,1484,72073,77,415237
17129,0.000539,74.125.68.0-255,4320,76393,77,415237
17130,0.000542,74.125.68.0-255,1484,77877,77,415237
17131,0.000554,74.125.68.0-255,1484,79361,77,415237
17132,0.000574,74.125.68.0-255,3961,83322,77,415237
17133,0.000587,74.125.68.0-255,1484,84806,77,415237
17134,0.000615,74.125.68.0-255,7156,91962,77,415237
17135,0.000619,74.125.68.0-255,2902,94864,77,415237
17136,0.000652,172.31.40.0-255,66,94930,77,415237
17137,0.000682,74.125.68.0-255,5379,100309,77,415237
17138,0.000705,172.31.40.0-255,66,100375,77,415237
17139,0.000827,74.125.68.0-255,1484,101859,77,415237
17140,0.000848,74.125.68.0-255,1484,103343,77,415237
17141,0.000862,74.125.68.0-255,1484,104827,77,415237
17142,0.000868,172.31.40.0-255,66,104893,77,415237
17143,0.000879,74.125.68.0-255,4320,109213,77,415237
17144,0.00089,172.31.40.0-255,66,109279,77,415237
17145,0.000901,74.125.68.0-255,1484,110763,77,415237
17146,0.000911,74.125.68.0-255,4320,115083,77,415237
17147,0.000925,74.125.68.0-255,2902,117985,77,415237
17148,0.000937,172.31.40.0-255,66,118051,77,415237
17149,0.000945,74.125.68.0-255,1994,120045,77,415237
17150,0.00095,172.31.40.0-255,66,120111,77,415237
17151,0.000986,74.125.68.0-255,9992,130103,77,415237
17152,0.000992,74.125.68.0-255,3961,134064,77,415237
17153,0.001008,172.31.40.0-255,66,134130,77,415237
17154,0.001319,74.125.68.0-255,1484,135614,77,415237
17155,0.001339,74.125.68.0-255,2902,138516,77,415237
17156,0.001343,172.31.40.0-255,66,138582,77,415237
17157,0.00135,74.125.68.0-255,5738,144320,77,415237
17158,0.001379,172.31.40.0-255,66,144386,77,415237
17159,0.001396,74.125.68.0-255,11410,155796,77,415237
17160,0.001407,172.31.40.0-255,66,155862,77,415237
17161,0.001433,74.125.68.0-255,12110,167972,77,415237
17162,0.001481,172.31.40.0-255,66,168038,77,415237
17163,0.001703,74.125.68.0-255,1484,169522,77,415237
17164,0.001709,74.125.68.0-255,2902,172424,77,415237
17165,0.001712,172.31.40.0-255,66,172490,77,415237
17166,0.001741,74.125.68.0-255,2902,175392,77,415237
17167,0.001747,74.125.68.0-255,4320,179712,77,415237
17168,0.001765,172.31.40.0-255,66,179778,77,415237
17169,0.001783,74.125.68.0-255,2902,182680,77,415237
17170,0.001802,74.125.68.0-255,5738,188418,77,415237
17171,0.001809,172.31.40.0-255,66,188484,77,415237
17172,0.001833,74.125.68.0-255,9992,198476,77,415237
17173,0.001839,74.125.68.0-255,3602,202078,77,415237
17174,0.001857,172.31.40.0-255,66,202144,77,415237
17175,0.002646,74.125.68.0-255,1484,203628,77,415237
17176,0.002684,74.125.68.0-255,2902,206530,77,415237
17177,0.002688,172.31.40.0-255,66,206596,77,415237
17178,0.002699,74.125.68.0-255,1484,208080,77,415237
17179,0.005399,74.125.68.0-255,4320,212400,77,415237
17180,0.005406,172.31.40.0-255,66,212466,77,415237
17181,0.008105,74.125.68.0-255,2902,215368,77,415237
17182,0.008119,74.125.68.0-255,2902,218270,77,415237
17183,0.008332,172.31.40.0-255,66,218336,77,415237
17184,0.011043,74.125.68.0-255,5738,224074,77,415237
17185,0.01105,172.31.40.0-255,66,224140,77,415237
17186,0.013754,74.125.68.0-255,5738,229878,77,415237
17187,0.013762,172.31.40.0-255,66,229944,77,415237
17188,0.016461,74.125.68.0-255,5738,235682,77,415237
17189,0.017067,172.31.40.0-255,66,235748,77,415237
17190,0.019774,74.125.68.0-255,5738,241486,77,415237
17191,0.019783,172.31.40.0-255,66,241552,77,415237
17192,0.022486,74.125.68.0-255,5738,247290,77,415237
17193,0.022497,172.31.40.0-255,66,247356,77,415237
17194,0.025218,74.125.68.0-255,5738,253094,77,415237
17195,0.025226,172.31.40.0-255,66,253160,77,415237
17196,0.027946,74.125.68.0-255,5738,258898,77,415237
17197,0.027953,172.31.40.0-255,66,258964,77,415237
17198,0.030654,74.125.68.0-255,5738,264702,77,415237
17199,0.030662,172.31.40.0-255,66,264768,77,415237
17200,0.033364,74.125.68.0-255,5738,270506,77,415237
17201,0.033371,172.31.40.0-255,66,270572,77,415237
17202,0.034087,172.31.40.0-255,172,270744,77,415237
17203,0.034115,172.31.40.0-255,1120,271864,77,415237
17204,0.034177,172.31.40.0-255,1514,273378,77,415237
17205,0.034178,172.31.40.0-255,1275,274653,77,415237
17206,0.035734,104.244.42.0-255,66,274719,77,415237
17207,0.035788,104.244.42.0-255,66,274785,77,415237
17208,0.035843,104.244.42.0-255,66,274851,77,415237
17209,0.036054,74.125.68.0-255,1484,276335,77,415237
17210,0.036075,74.125.68.0-255,4320,280655,77,415237
17211,0.03608,172.31.40.0-255,66,280721,77,415237
17212,0.038781,74.125.68.0-255,5738,286459,77,415237
17213,0.038788,172.31.40.0-255,66,286525,77,415237
17214,0.04148,74.125.68.0-255,5738,292263,77,415237
17215,0.041487,172.31.40.0-255,66,292329,77,415237
17216,0.044179,74.125.68.0-255,2902,295231,77,415237
17217,0.044183,172.31.40.0-255,66,295297,77,415237
17218,0.044209,74.125.68.0-255,2902,298199,77,415237
17219,0.044228,172.31.40.0-255,66,298265,77,415237
17220,0.046885,74.125.68.0-255,2902,301167,77,415237
17221,0.046892,172.31.40.0-255,66,301233,77,415237
17222,0.046922,74.125.68.0-255,2902,304135,77,415237
17223,0.046946,172.31.40.0-255,66,304201,77,415237
17224,0.049572,74.125.68.0-255,1484,305685,77,415237
17225,0.049591,74.125.68.0-255,1484,307169,77,415237
17226,0.049595,172.31.40.0-255,66,307235,77,415237
17227,0.049642,74.125.68.0-255,2902,310137,77,415237
17228,0.049647,172.31.40.0-255,66,310203,77,415237
17229,0.052284,74.125.68.0-255,2902,313105,77,415237
17230,0.052303,172.31.40.0-255,66,313171,77,415237
17231,0.052342,74.125.68.0-255,2902,316073,77,415237
17232,0.052375,172.31.40.0-255,66,316139,77,415237
17233,0.055013,74.125.68.0-255,2902,319041,77,415237
17234,0.055019,172.31.40.0-255,66,319107,77,415237
17235,0.055061,74.125.68.0-255,2902,322009,77,415237
17236,0.055083,172.31.40.0-255,66,322075,77,415237
17237,0.057772,74.125.68.0-255,2902,324977,77,415237
17238,0.057777,172.31.40.0-255,66,325043,77,415237
17239,0.057804,74.125.68.0-255,2902,327945,77,415237
17240,0.057822,172.31.40.0-255,66,328011,77,415237
17241,0.060477,74.125.68.0-255,2902,330913,77,415237
17242,0.060482,172.31.40.0-255,66,330979,77,415237
17243,0.06051,74.125.68.0-255,2902,333881,77,415237
17244,0.060531,172.31.40.0-255,66,333947,77,415237
17245,0.063181,74.125.68.0-255,2902,336849,77,415237
17246,0.063188,172.31.40.0-255,66,336915,77,415237
17247,0.063218,74.125.68.0-255,2902,339817,77,415237
17248,0.063345,172.31.40.0-255,66,339883,77,415237
17249,0.065891,74.125.68.0-255,1484,341367,77,415237
17250,0.066033,74.125.68.0-255,2902,344269,77,415237
17251,0.06604,172.31.40.0-255,66,344335,77,415237
17252,0.066071,74.125.68.0-255,1484,345819,77,415237
17253,0.068734,74.125.68.0-255,4320,350139,77,415237
17254,0.068772,172.31.40.0-255,66,350205,77,415237
17255,0.071478,74.125.68.0-255,5738,355943,77,415237
17256,0.071517,172.31.40.0-255,66,356009,77,415237
17257,0.07427,74.125.68.0-255,5738,361747,77,415237
17258,0.074276,172.31.40.0-255,66,361813,77,415237
17259,0.076969,74.125.68.0-255,2902,364715,77,415237
17260,0.076975,172.31.40.0-255,66,364781,77,415237
17261,0.077003,74.125.68.0-255,2902,367683,77,415237
17262,0.077026,172.31.40.0-255,66,367749,77,415237
17263,0.079683,74.125.68.0-255,2902,370651,77,415237
17264,0.079691,172.31.40.0-255,66,370717,77,415237
17265,0.079721,74.125.68.0-255,2902,373619,77,415237
17266,0.079744,172.31.40.0-255,66,373685,77,415237
17267,0.082382,74.125.68.0-255,2902,376587,77,415237
17268,0.082388,172.31.40.0-255,66,376653,77,415237
17269,0.082442,74.125.68.0-255,2902,379555,77,415237
17270,0.082478,172.31.40.0-255,66,379621,77,415237
17271,0.085094,74.125.68.0-255,2902,382523,77,415237
17272,0.0851,172.31.40.0-255,66,382589,77,415237
17273,0.085177,74.125.68.0-255,2902,385491,77,415237
17274,0.085184,172.31.40.0-255,66,385557,77,415237
17275,0.08781,74.125.68.0-255,2902,388459,77,415237
17276,0.087816,172.31.40.0-255,66,388525,77,415237
17277,0.087904,74.125.68.0-255,2902,391427,77,415237
17278,0.087916,172.31.40.0-255,66,391493,77,415237
17279,0.090522,74.125.68.0-255,2902,394395,77,415237
17280,0.090528,172.31.40.0-255,66,394461,77,415237
17281,0.090601,74.125.68.0-255,2902,397363,77,415237
17282,0.090628,172.31.40.0-255,66,397429,77,415237
17283,0.093244,74.125.68.0-255,2902,400331,77,415237
17284,0.093251,172.31.40.0-255,66,400397,77,415237
17285,0.093318,74.125.68.0-255,2902,403299,77,415237
17286,0.093347,172.31.40.0-255,66,403365,77,415237
17287,0.095972,74.125.68.0-255,2902,406267,77,415237
17288,0.095979,172.31.40.0-255,66,406333,77,415237
17289,0.096026,74.125.68.0-255,2902,409235,77,415237
17290,0.096495,172.31.40.0-255,66,409301,77,415237
17291,0.098669,74.125.68.0-255,2902,412203,77,415237
17292,0.098675,172.31.40.0-255,66,412269,77,415237
17293,0.09918,74.125.68.0-255,2902,415171,77,415237
17294,0.099187,172.31.40.0-255,66,415237,77,415237
