,TIME,SRC,PACKET_SIZE,CUMULATIVE_PACKET_SIZE,PAGE_NUMBER,TOTAL_PACKET_SIZE
0,0.0,74.125.68.0-255,149,149,17,275913
1,3.4e-05,172.31.36.0-255,66,215,17,275913
2,4.2e-05,74.125.68.0-255,1484,1699,17,275913
3,4.5e-05,172.31.36.0-255,66,1765,17,275913
4,5.1e-05,74.125.68.0-255,2902,4667,17,275913
5,5.4e-05,172.31.36.0-255,66,4733,17,275913
6,5.9e-05,74.125.68.0-255,2902,7635,17,275913
7,6.2e-05,172.31.36.0-255,66,7701,17,275913
8,6.5e-05,74.125.68.0-255,1484,9185,17,275913
9,6.7e-05,172.31.36.0-255,66,9251,17,275913
10,9.5e-05,74.125.68.0-255,2902,12153,17,275913
11,9.7e-05,172.31.36.0-255,66,12219,17,275913
12,0.000117,74.125.68.0-255,4320,16539,17,275913
13,0.000119,172.31.36.0-255,66,16605,17,275913
14,0.000146,74.125.68.0-255,4909,21514,17,275913
15,0.000149,172.31.36.0-255,66,21580,17,275913
16,0.000153,74.125.68.0-255,4320,25900,17,275913
17,0.000156,172.31.36.0-255,66,25966,17,275913
18,0.000162,74.125.68.0-255,5379,31345,17,275913
19,0.000164,172.31.36.0-255,66,31411,17,275913
20,0.000274,74.125.68.0-255,1484,32895,17,275913
21,0.000278,172.31.36.0-255,66,32961,17,275913
22,0.000284,74.125.68.0-255,2902,35863,17,275913
23,0.000287,172.31.36.0-255,66,35929,17,275913
24,0.000309,74.125.68.0-255,5738,41667,17,275913
25,0.000312,172.31.36.0-255,66,41733,17,275913
26,0.000317,74.125.68.0-255,2902,44635,17,275913
27,0.000319,172.31.36.0-255,66,44701,17,275913
28,0.000323,74.125.68.0-255,1484,46185,17,275913
29,0.000325,172.31.36.0-255,66,46251,17,275913
30,0.000349,74.125.68.0-255,2543,48794,17,275913
31,0.000352,172.31.36.0-255,66,48860,17,275913
32,0.000357,74.125.68.0-255,4320,53180,17,275913
33,0.00036,172.31.36.0-255,66,53246,17,275913
34,0.000378,74.125.68.0-255,4320,57566,17,275913
35,0.000381,172.31.36.0-255,66,57632,17,275913
36,0.000386,74.125.68.0-255,4320,61952,17,275913
37,0.000388,172.31.36.0-255,66,62018,17,275913
38,0.00042,74.125.68.0-255,2902,64920,17,275913
39,0.000424,172.31.36.0-255,66,64986,17,275913
40,0.000441,74.125.68.0-255,1396,66382,17,275913
41,0.00066,74.125.68.0-255,383,66765,17,275913
42,0.000678,172.31.36.0-255,66,66831,17,275913
43,0.000867,74.125.68.0-255,1484,68315,17,275913
44,0.000886,74.125.68.0-255,2902,71217,17,275913
45,0.000891,172.31.36.0-255,66,71283,17,275913
46,0.000896,74.125.68.0-255,1484,72767,17,275913
47,0.000914,74.125.68.0-255,4320,77087,17,275913
48,0.000917,172.31.36.0-255,66,77153,17,275913
49,0.000932,74.125.68.0-255,2902,80055,17,275913
50,0.000935,172.31.36.0-255,66,80121,17,275913
51,0.000956,74.125.68.0-255,6797,86918,17,275913
52,0.000959,172.31.36.0-255,66,86984,17,275913
53,0.000971,172.31.36.0-255,66,87050,17,275913
54,0.000976,74.125.68.0-255,3961,91011,17,275913
55,0.000979,172.31.36.0-255,66,91077,17,275913
56,0.001577,74.125.68.0-255,1484,92561,17,275913
57,0.001584,74.125.68.0-255,2902,95463,17,275913
58,0.001588,172.31.36.0-255,66,95529,17,275913
59,0.001593,74.125.68.0-255,1484,97013,17,275913
60,0.001604,74.125.68.0-255,1484,98497,17,275913
61,0.001606,172.31.36.0-255,66,98563,17,275913
62,0.001629,74.125.68.0-255,2902,101465,17,275913
63,0.001631,172.31.36.0-255,66,101531,17,275913
64,0.001634,74.125.68.0-255,1484,103015,17,275913
65,0.001655,74.125.68.0-255,7156,110171,17,275913
66,0.001657,172.31.36.0-255,66,110237,17,275913
67,0.001688,74.125.68.0-255,2902,113139,17,275913
68,0.00169,172.31.36.0-255,66,113205,17,275913
69,0.001717,74.125.68.0-255,7156,120361,17,275913
70,0.001719,172.31.36.0-255,66,120427,17,275913
71,0.001725,74.125.68.0-255,5020,125447,17,275913
72,0.001726,172.31.36.0-255,66,125513,17,275913
73,0.00173,74.125.68.0-255,1484,126997,17,275913
74,0.001734,74.125.68.0-255,2902,129899,17,275913
75,0.001736,172.31.36.0-255,66,129965,17,275913
76,0.00174,74.125.68.0-255,2902,132867,17,275913
77,0.001742,172.31.36.0-255,66,132933,17,275913
78,0.001756,74.125.68.0-255,2902,135835,17,275913
79,0.001759,172.31.36.0-255,66,135901,17,275913
80,0.001775,74.125.68.0-255,1484,137385,17,275913
81,0.001798,172.31.36.0-255,66,137451,17,275913
82,0.001808,172.31.36.0-255,66,137517,17,275913
83,0.001824,74.125.68.0-255,2902,140419,17,275913
84,0.001826,172.31.36.0-255,66,140485,17,275913
85,0.00183,74.125.68.0-255,2184,142669,17,275913
86,0.001832,172.31.36.0-255,66,142735,17,275913
87,0.001904,74.125.68.0-255,1484,144219,17,275913
88,0.001929,74.125.68.0-255,2902,147121,17,275913
89,0.001932,172.31.36.0-255,66,147187,17,275913
90,0.001936,74.125.68.0-255,2902,150089,17,275913
91,0.001937,172.31.36.0-255,66,150155,17,275913
92,0.001943,74.125.68.0-255,4320,154475,17,275913
93,0.001945,172.31.36.0-255,66,154541,17,275913
94,0.00196,74.125.68.0-255,7156,161697,17,275913
95,0.001962,172.31.36.0-255,66,161763,17,275913
96,0.00198,74.125.68.0-255,1484,163247,17,275913
97,0.001985,74.125.68.0-255,5738,168985,17,275913
98,0.001987,172.31.36.0-255,66,169051,17,275913
99,0.001991,74.125.68.0-255,2902,171953,17,275913
100,0.001994,172.31.36.0-255,66,172019,17,275913
101,0.002009,74.125.68.0-255,4320,176339,17,275913
102,0.002011,172.31.36.0-255,66,176405,17,275913
103,0.002014,74.125.68.0-255,766,177171,17,275913
104,0.002105,74.125.68.0-255,1484,178655,17,275913
105,0.002108,172.31.36.0-255,66,178721,17,275913
106,0.002134,74.125.68.0-255,2902,181623,17,275913
107,0.002137,172.31.36.0-255,66,181689,17,275913
108,0.00214,74.125.68.0-255,2902,184591,17,275913
109,0.002143,172.31.36.0-255,66,184657,17,275913
110,0.002166,74.125.68.0-255,4320,188977,17,275913
111,0.002168,172.31.36.0-255,66,189043,17,275913
112,0.002172,74.125.68.0-255,2902,191945,17,275913
113,0.002174,172.31.36.0-255,66,192011,17,275913
114,0.002189,74.125.68.0-255,4320,196331,17,275913
115,0.002192,172.31.36.0-255,66,196397,17,275913
116,0.002215,74.125.68.0-255,1484,197881,17,275913
117,0.00222,74.125.68.0-255,5738,203619,17,275913
118,0.002222,172.31.36.0-255,66,203685,17,275913
119,0.002254,74.125.68.0-255,7156,210841,17,275913
120,0.002256,172.31.36.0-255,66,210907,17,275913
121,0.002259,74.125.68.0-255,766,211673,17,275913
122,0.002329,74.125.68.0-255,1484,213157,17,275913
123,0.002332,172.31.36.0-255,66,213223,17,275913
124,0.00236,74.125.68.0-255,2902,216125,17,275913
125,0.002363,172.31.36.0-255,66,216191,17,275913
126,0.002367,74.125.68.0-255,2902,219093,17,275913
127,0.002368,172.31.36.0-255,66,219159,17,275913
128,0.002381,74.125.68.0-255,2902,222061,17,275913
129,0.002384,172.31.36.0-255,66,222127,17,275913
130,0.002412,74.125.68.0-255,2902,225029,17,275913
131,0.002415,172.31.36.0-255,66,225095,17,275913
132,0.002431,74.125.68.0-255,2902,227997,17,275913
133,0.002438,74.125.68.0-255,7156,235153,17,275913
134,0.002441,74.125.68.0-255,1484,236637,17,275913
135,0.002505,74.125.68.0-255,1484,238121,17,275913
136,0.002509,74.125.68.0-255,2902,241023,17,275913
137,0.00496,172.31.36.0-255,66,241089,17,275913
138,0.007433,74.125.68.0-255,5738,246827,17,275913
139,0.007443,172.31.36.0-255,66,246893,17,275913
140,0.009967,74.125.68.0-255,5738,252631,17,275913
141,0.009975,172.31.36.0-255,66,252697,17,275913
142,0.012439,74.125.68.0-255,5738,258435,17,275913
143,0.012449,172.31.36.0-255,66,258501,17,275913
144,0.014939,74.125.68.0-255,5738,264239,17,275913
145,0.014952,172.31.36.0-255,66,264305,17,275913
146,0.017426,74.125.68.0-255,5738,270043,17,275913
147,0.017443,172.31.36.0-255,66,270109,17,275913
148,0.01996,74.125.68.0-255,5738,275847,17,275913
149,0.019974,172.31.36.0-255,66,275913,17,275913
150,0.0,74.125.24.0-255,143,143,17,142790
151,1.5e-05,172.31.36.0-255,66,209,17,142790
152,2.1e-05,74.125.24.0-255,1484,1693,17,142790
153,2.6e-05,172.31.36.0-255,66,1759,17,142790
154,3.2e-05,74.125.24.0-255,2902,4661,17,142790
155,3.7e-05,172.31.36.0-255,66,4727,17,142790
156,4.5e-05,74.125.24.0-255,7156,11883,17,142790
157,4.8e-05,172.31.36.0-255,66,11949,17,142790
158,5.4e-05,74.125.24.0-255,4320,16269,17,142790
159,5.9e-05,172.31.36.0-255,66,16335,17,142790
160,8.5e-05,74.125.24.0-255,3411,19746,17,142790
161,9e-05,172.31.36.0-255,66,19812,17,142790
162,0.000114,172.31.36.0-255,66,19878,17,142790
163,0.000131,74.125.24.0-255,2543,22421,17,142790
164,0.000134,172.31.36.0-255,66,22487,17,142790
165,0.000431,74.125.24.0-255,1484,23971,17,142790
166,0.000439,172.31.36.0-255,66,24037,17,142790
167,0.000444,74.125.24.0-255,2902,26939,17,142790
168,0.000446,172.31.36.0-255,66,27005,17,142790
169,0.000462,74.125.24.0-255,5738,32743,17,142790
170,0.000465,172.31.36.0-255,66,32809,17,142790
171,0.000517,74.125.24.0-255,4320,37129,17,142790
172,0.000522,172.31.36.0-255,66,37195,17,142790
173,0.000543,74.125.24.0-255,2543,39738,17,142790
174,0.000547,172.31.36.0-255,66,39804,17,142790
175,0.001101,74.125.24.0-255,1484,41288,17,142790
176,0.001108,172.31.36.0-255,66,41354,17,142790
177,0.001119,74.125.24.0-255,2902,44256,17,142790
178,0.001121,172.31.36.0-255,66,44322,17,142790
179,0.001127,74.125.24.0-255,2902,47224,17,142790
180,0.001129,172.31.36.0-255,66,47290,17,142790
181,0.001151,74.125.24.0-255,2902,50192,17,142790
182,0.001153,172.31.36.0-255,66,50258,17,142790
183,0.001174,74.125.24.0-255,6797,57055,17,142790
184,0.001177,172.31.36.0-255,66,57121,17,142790
185,0.001206,74.125.24.0-255,4320,61441,17,142790
186,0.001208,172.31.36.0-255,66,61507,17,142790
187,0.001228,74.125.24.0-255,2902,64409,17,142790
188,0.00123,172.31.36.0-255,66,64475,17,142790
189,0.001236,74.125.24.0-255,2902,67377,17,142790
190,0.001238,172.31.36.0-255,66,67443,17,142790
191,0.001276,74.125.24.0-255,6797,74240,17,142790
192,0.00128,172.31.36.0-255,66,74306,17,142790
193,0.001346,74.125.24.0-255,1484,75790,17,142790
194,0.001361,74.125.24.0-255,2902,78692,17,142790
195,0.001364,172.31.36.0-255,66,78758,17,142790
196,0.001371,74.125.24.0-255,4320,83078,17,142790
197,0.001373,172.31.36.0-255,66,83144,17,142790
198,0.001422,74.125.24.0-255,2902,86046,17,142790
199,0.001425,172.31.36.0-255,66,86112,17,142790
200,0.001447,74.125.24.0-255,5379,91491,17,142790
201,0.00145,172.31.36.0-255,66,91557,17,142790
202,0.001489,74.125.24.0-255,645,92202,17,142790
203,0.00284,172.31.36.0-255,66,92268,17,142790
204,0.003471,74.125.24.0-255,2902,95170,17,142790
205,0.003476,172.31.36.0-255,66,95236,17,142790
206,0.003495,74.125.24.0-255,1484,96720,17,142790
207,0.004878,74.125.24.0-255,1484,98204,17,142790
208,0.004881,172.31.36.0-255,66,98270,17,142790
209,0.005507,74.125.24.0-255,2902,101172,17,142790
210,0.005511,172.31.36.0-255,66,101238,17,142790
211,0.006909,74.125.24.0-255,2902,104140,17,142790
212,0.006915,172.31.36.0-255,66,104206,17,142790
213,0.007555,74.125.24.0-255,2902,107108,17,142790
214,0.007562,172.31.36.0-255,66,107174,17,142790
215,0.008967,74.125.24.0-255,2902,110076,17,142790
216,0.008974,172.31.36.0-255,66,110142,17,142790
217,0.009587,74.125.24.0-255,2902,113044,17,142790
218,0.009594,172.31.36.0-255,66,113110,17,142790
219,0.011016,74.125.24.0-255,2902,116012,17,142790
220,0.011023,172.31.36.0-255,66,116078,17,142790
221,0.011664,74.125.24.0-255,2902,118980,17,142790
222,0.01167,172.31.36.0-255,66,119046,17,142790
223,0.013041,74.125.24.0-255,2902,121948,17,142790
224,0.013048,172.31.36.0-255,66,122014,17,142790
225,0.013733,74.125.24.0-255,2902,124916,17,142790
226,0.01374,172.31.36.0-255,66,124982,17,142790
227,0.015107,74.125.24.0-255,2902,127884,17,142790
228,0.015115,172.31.36.0-255,66,127950,17,142790
229,0.015763,74.125.24.0-255,2902,130852,17,142790
230,0.01577,172.31.36.0-255,66,130918,17,142790
231,0.017143,74.125.24.0-255,2902,133820,17,142790
232,0.01715,172.31.36.0-255,66,133886,17,142790
233,0.017827,74.125.24.0-255,2902,136788,17,142790
234,0.017834,172.31.36.0-255,66,136854,17,142790
235,0.019177,74.125.24.0-255,2902,139756,17,142790
236,0.019185,172.31.36.0-255,66,139822,17,142790
237,0.019851,74.125.24.0-255,2902,142724,17,142790
238,0.019858,172.31.36.0-255,66,142790,17,142790
239,0.0,74.125.24.0-255,153,153,17,198260
240,4.2e-05,74.125.24.0-255,1484,1637,17,198260
241,5e-05,172.31.36.0-255,66,1703,17,198260
242,5.8e-05,74.125.24.0-255,2902,4605,17,198260
243,7.6e-05,74.125.24.0-255,7156,11761,17,198260
244,8.9e-05,74.125.24.0-255,2902,14663,17,198260
245,0.000113,74.125.24.0-255,5738,20401,17,198260
246,0.000125,74.125.24.0-255,1125,21526,17,198260
247,0.000185,74.125.24.0-255,1484,23010,17,198260
248,0.00019,74.125.24.0-255,2902,25912,17,198260
249,0.000202,74.125.24.0-255,1484,27396,17,198260
250,0.000225,74.125.24.0-255,4320,31716,17,198260
251,0.000229,74.125.24.0-255,1484,33200,17,198260
252,0.000232,74.125.24.0-255,1484,34684,17,198260
253,0.000264,74.125.24.0-255,4320,39004,17,198260
254,0.000429,172.31.36.0-255,66,39070,17,198260
255,0.000447,74.125.24.0-255,112,39182,17,198260
256,0.000564,74.125.24.0-255,1484,40666,17,198260
257,0.00057,74.125.24.0-255,2902,43568,17,198260
258,0.000606,172.31.36.0-255,66,43634,17,198260
259,0.000608,74.125.24.0-255,5738,49372,17,198260
260,0.000611,74.125.24.0-255,1484,50856,17,198260
261,0.000638,172.31.36.0-255,66,50922,17,198260
262,0.000641,74.125.24.0-255,5379,56301,17,198260
263,0.000655,74.125.24.0-255,7156,63457,17,198260
264,0.000656,172.31.36.0-255,66,63523,17,198260
265,0.000661,172.31.36.0-255,66,63589,17,198260
266,0.000703,172.31.36.0-255,66,63655,17,198260
267,0.000791,172.31.36.0-255,101,63756,17,198260
268,0.001514,74.125.24.0-255,1484,65240,17,198260
269,0.001523,74.125.24.0-255,2902,68142,17,198260
270,0.001527,172.31.36.0-255,66,68208,17,198260
271,0.001536,74.125.24.0-255,5738,73946,17,198260
272,0.001549,74.125.24.0-255,4320,78266,17,198260
273,0.001581,74.125.24.0-255,1484,79750,17,198260
274,0.001596,74.125.24.0-255,6438,86188,17,198260
275,0.001639,74.125.24.0-255,5738,91926,17,198260
276,0.001652,74.125.24.0-255,2902,94828,17,198260
277,0.001658,74.125.24.0-255,2902,97730,17,198260
278,0.001678,74.125.24.0-255,7156,104886,17,198260
279,0.001721,74.125.24.0-255,5020,109906,17,198260
280,0.001751,74.125.24.0-255,1484,111390,17,198260
281,0.001765,74.125.24.0-255,2902,114292,17,198260
282,0.001787,74.125.24.0-255,5738,120030,17,198260
283,0.001851,74.125.24.0-255,5738,125768,17,198260
284,0.001943,74.125.24.0-255,1484,127252,17,198260
285,0.001949,74.125.24.0-255,2902,130154,17,198260
286,0.001979,74.125.24.0-255,5738,135892,17,198260
287,0.001992,74.125.24.0-255,1484,137376,17,198260
288,0.002057,74.125.24.0-255,4320,141696,17,198260
289,0.002078,74.125.24.0-255,6438,148134,17,198260
290,0.002158,74.125.24.0-255,1484,149618,17,198260
291,0.002164,74.125.24.0-255,2902,152520,17,198260
292,0.002188,74.125.24.0-255,5738,158258,17,198260
293,0.002195,74.125.24.0-255,4320,162578,17,198260
294,0.002212,74.125.24.0-255,1484,164062,17,198260
295,0.002256,74.125.24.0-255,4320,168382,17,198260
296,0.002328,74.125.24.0-255,6438,174820,17,198260
297,0.002349,74.125.24.0-255,5738,180558,17,198260
298,0.002399,74.125.24.0-255,2902,183460,17,198260
299,0.002416,74.125.24.0-255,1484,184944,17,198260
300,0.002422,172.31.36.0-255,78,185022,17,198260
301,0.002431,74.125.24.0-255,7156,192178,17,198260
302,0.002434,172.31.36.0-255,78,192256,17,198260
303,0.002485,172.31.36.0-255,66,192322,17,198260
304,0.002503,172.31.36.0-255,66,192388,17,198260
305,0.002537,74.125.24.0-255,5020,197408,17,198260
306,0.00254,172.31.36.0-255,66,197474,17,198260
307,0.00256,172.31.36.0-255,66,197540,17,198260
308,0.002563,74.125.24.0-255,246,197786,17,198260
309,0.002565,172.31.36.0-255,66,197852,17,198260
310,0.002568,74.125.24.0-255,105,197957,17,198260
311,0.003125,74.125.24.0-255,66,198023,17,198260
312,0.010267,172.31.36.0-255,66,198089,17,198260
313,0.010293,172.31.36.0-255,105,198194,17,198260
314,0.01263,74.125.24.0-255,66,198260,17,198260
315,0.0,172.217.24.0-255,291,291,17,201338
316,4e-05,172.31.36.0-255,66,357,17,201338
317,4.8e-05,172.217.24.0-255,1484,1841,17,201338
318,5.2e-05,172.31.36.0-255,66,1907,17,201338
319,5.7e-05,172.217.24.0-255,2902,4809,17,201338
320,6.7e-05,172.31.36.0-255,66,4875,17,201338
321,7.4e-05,172.217.24.0-255,5738,10613,17,201338
322,7.6e-05,172.31.36.0-255,66,10679,17,201338
323,8.1e-05,172.217.24.0-255,3295,13974,17,201338
324,8.4e-05,172.31.36.0-255,66,14040,17,201338
325,8.9e-05,172.217.24.0-255,4320,18360,17,201338
326,9.1e-05,172.31.36.0-255,66,18426,17,201338
327,0.000142,172.31.36.0-255,66,18492,17,201338
328,0.000147,172.217.24.0-255,2543,21035,17,201338
329,0.000149,172.31.36.0-255,66,21101,17,201338
330,0.000185,172.217.24.0-255,1484,22585,17,201338
331,0.000188,172.31.36.0-255,66,22651,17,201338
332,0.000214,172.217.24.0-255,2902,25553,17,201338
333,0.000216,172.31.36.0-255,66,25619,17,201338
334,0.000222,172.217.24.0-255,5738,31357,17,201338
335,0.000226,172.31.36.0-255,66,31423,17,201338
336,0.00023,172.217.24.0-255,2902,34325,17,201338
337,0.000232,172.31.36.0-255,66,34391,17,201338
338,0.000261,172.217.24.0-255,3961,38352,17,201338
339,0.000265,172.31.36.0-255,66,38418,17,201338
340,0.000417,172.217.24.0-255,1484,39902,17,201338
341,0.000422,172.31.36.0-255,66,39968,17,201338
342,0.000426,172.217.24.0-255,1484,41452,17,201338
343,0.00043,172.31.36.0-255,66,41518,17,201338
344,0.000457,172.217.24.0-255,1484,43002,17,201338
345,0.00046,172.31.36.0-255,66,43068,17,201338
346,0.000467,172.217.24.0-255,5738,48806,17,201338
347,0.00047,172.31.36.0-255,66,48872,17,201338
348,0.000484,172.217.24.0-255,6797,55669,17,201338
349,0.000486,172.31.36.0-255,66,55735,17,201338
350,0.00051,172.217.24.0-255,358,56093,17,201338
351,0.000513,172.31.36.0-255,66,56159,17,201338
352,0.000912,172.217.24.0-255,385,56544,17,201338
353,0.000917,172.31.36.0-255,66,56610,17,201338
354,0.0011,172.217.24.0-255,1484,58094,17,201338
355,0.001105,172.31.36.0-255,66,58160,17,201338
356,0.001115,172.217.24.0-255,2902,61062,17,201338
357,0.001125,172.31.36.0-255,66,61128,17,201338
358,0.001133,172.217.24.0-255,5738,66866,17,201338
359,0.001135,172.31.36.0-255,66,66932,17,201338
360,0.001141,172.217.24.0-255,4320,71252,17,201338
361,0.001143,172.31.36.0-255,66,71318,17,201338
362,0.001147,172.217.24.0-255,2902,74220,17,201338
363,0.001149,172.31.36.0-255,66,74286,17,201338
364,0.001181,172.217.24.0-255,2543,76829,17,201338
365,0.001185,172.31.36.0-255,66,76895,17,201338
366,0.001204,172.31.36.0-255,66,76961,17,201338
367,0.001208,172.217.24.0-255,2543,79504,17,201338
368,0.00121,172.31.36.0-255,66,79570,17,201338
369,0.001449,172.217.24.0-255,1484,81054,17,201338
370,0.001457,172.217.24.0-255,2902,83956,17,201338
371,0.001462,172.31.36.0-255,66,84022,17,201338
372,0.001469,172.217.24.0-255,5738,89760,17,201338
373,0.001471,172.31.36.0-255,66,89826,17,201338
374,0.001493,172.217.24.0-255,5738,95564,17,201338
375,0.001495,172.31.36.0-255,66,95630,17,201338
376,0.001525,172.217.24.0-255,2902,98532,17,201338
377,0.001528,172.31.36.0-255,66,98598,17,201338
378,0.001539,172.31.36.0-255,66,98664,17,201338
379,0.001545,172.217.24.0-255,5020,103684,17,201338
380,0.001547,172.31.36.0-255,66,103750,17,201338
381,0.001617,172.217.24.0-255,1484,105234,17,201338
382,0.001636,172.217.24.0-255,2902,108136,17,201338
383,0.00164,172.31.36.0-255,66,108202,17,201338
384,0.001643,172.217.24.0-255,1484,109686,17,201338
385,0.001648,172.217.24.0-255,2902,112588,17,201338
386,0.00165,172.31.36.0-255,66,112654,17,201338
387,0.001658,172.217.24.0-255,1484,114138,17,201338
388,0.001684,172.217.24.0-255,4320,118458,17,201338
389,0.001687,172.31.36.0-255,66,118524,17,201338
390,0.001691,172.217.24.0-255,1484,120008,17,201338
391,0.001765,172.31.36.0-255,66,120074,17,201338
392,0.001785,172.217.24.0-255,6438,126512,17,201338
393,0.001788,172.31.36.0-255,66,126578,17,201338
394,0.001805,172.217.24.0-255,1484,128062,17,201338
395,0.001812,172.217.24.0-255,2902,130964,17,201338
396,0.001815,172.31.36.0-255,66,131030,17,201338
397,0.00182,172.217.24.0-255,2902,133932,17,201338
398,0.001822,172.31.36.0-255,66,133998,17,201338
399,0.001846,172.217.24.0-255,2902,136900,17,201338
400,0.001849,172.31.36.0-255,66,136966,17,201338
401,0.001866,172.31.36.0-255,66,137032,17,201338
402,0.00189,172.217.24.0-255,1484,138516,17,201338
403,0.001905,172.31.36.0-255,66,138582,17,201338
404,0.001969,172.217.24.0-255,1484,140066,17,201338
405,0.001974,172.217.24.0-255,1484,141550,17,201338
406,0.001977,172.31.36.0-255,66,141616,17,201338
407,0.002004,172.217.24.0-255,1484,143100,17,201338
408,0.002011,172.217.24.0-255,4320,147420,17,201338
409,0.002013,172.31.36.0-255,66,147486,17,201338
410,0.002018,172.217.24.0-255,2902,150388,17,201338
411,0.00202,172.31.36.0-255,66,150454,17,201338
412,0.003995,172.217.24.0-255,5738,156192,17,201338
413,0.004005,172.31.36.0-255,66,156258,17,201338
414,0.005966,172.217.24.0-255,4320,160578,17,201338
415,0.00597,172.31.36.0-255,66,160644,17,201338
416,0.005991,172.217.24.0-255,1484,162128,17,201338
417,0.007937,172.217.24.0-255,4320,166448,17,201338
418,0.007949,172.31.36.0-255,66,166514,17,201338
419,0.009923,172.217.24.0-255,5738,172252,17,201338
420,0.009932,172.31.36.0-255,66,172318,17,201338
421,0.011914,172.217.24.0-255,5738,178056,17,201338
422,0.01193,172.31.36.0-255,66,178122,17,201338
423,0.013912,172.217.24.0-255,5738,183860,17,201338
424,0.013927,172.31.36.0-255,66,183926,17,201338
425,0.015931,172.217.24.0-255,5738,189664,17,201338
426,0.015951,172.31.36.0-255,66,189730,17,201338
427,0.017947,172.217.24.0-255,5738,195468,17,201338
428,0.017969,172.31.36.0-255,66,195534,17,201338
429,0.01997,172.217.24.0-255,5738,201272,17,201338
430,0.019989,172.31.36.0-255,66,201338,17,201338
431,0.0,172.217.27.0-255,143,143,17,136402
432,1.9e-05,172.31.36.0-255,66,209,17,136402
433,2.6e-05,172.217.27.0-255,1484,1693,17,136402
434,3.1e-05,172.31.36.0-255,66,1759,17,136402
435,3.6e-05,172.217.27.0-255,2902,4661,17,136402
436,3.9e-05,172.31.36.0-255,66,4727,17,136402
437,4.5e-05,172.217.27.0-255,5738,10465,17,136402
438,4.8e-05,172.31.36.0-255,66,10531,17,136402
439,7.1e-05,172.217.27.0-255,3497,14028,17,136402
440,7.4e-05,172.31.36.0-255,66,14094,17,136402
441,0.000158,172.217.27.0-255,1484,15578,17,136402
442,0.000161,172.31.36.0-255,66,15644,17,136402
443,0.000165,172.217.27.0-255,1484,17128,17,136402
444,0.000167,172.31.36.0-255,66,17194,17,136402
445,0.000171,172.217.27.0-255,2902,20096,17,136402
446,0.000174,172.31.36.0-255,66,20162,17,136402
447,0.000198,172.217.27.0-255,1484,21646,17,136402
448,0.000201,172.31.36.0-255,66,21712,17,136402
449,0.000221,172.217.27.0-255,2902,24614,17,136402
450,0.000224,172.31.36.0-255,66,24680,17,136402
451,0.00023,172.217.27.0-255,4320,29000,17,136402
452,0.000232,172.31.36.0-255,66,29066,17,136402
453,0.000248,172.217.27.0-255,2543,31609,17,136402
454,0.00025,172.31.36.0-255,66,31675,17,136402
455,0.000352,172.217.27.0-255,1484,33159,17,136402
456,0.000356,172.31.36.0-255,66,33225,17,136402
457,0.00036,172.217.27.0-255,1484,34709,17,136402
458,0.000362,172.31.36.0-255,66,34775,17,136402
459,0.000375,172.217.27.0-255,1484,36259,17,136402
460,0.000378,172.31.36.0-255,66,36325,17,136402
461,0.000383,172.217.27.0-255,2902,39227,17,136402
462,0.000385,172.31.36.0-255,66,39293,17,136402
463,0.0004,172.217.27.0-255,4320,43613,17,136402
464,0.000402,172.31.36.0-255,66,43679,17,136402
465,0.000408,172.217.27.0-255,2902,46581,17,136402
466,0.000409,172.31.36.0-255,66,46647,17,136402
467,0.000438,172.217.27.0-255,6797,53444,17,136402
468,0.000441,172.31.36.0-255,66,53510,17,136402
469,0.000453,172.31.36.0-255,66,53576,17,136402
470,0.000474,172.217.27.0-255,1398,54974,17,136402
471,0.000955,172.31.36.0-255,66,55040,17,136402
472,0.001141,172.217.27.0-255,135,55175,17,136402
473,0.001313,172.217.27.0-255,1484,56659,17,136402
474,0.001318,172.31.36.0-255,66,56725,17,136402
475,0.001324,172.217.27.0-255,2902,59627,17,136402
476,0.001326,172.31.36.0-255,66,59693,17,136402
477,0.001332,172.217.27.0-255,4320,64013,17,136402
478,0.001334,172.31.36.0-255,66,64079,17,136402
479,0.001358,172.217.27.0-255,1484,65563,17,136402
480,0.001365,172.217.27.0-255,6797,72360,17,136402
481,0.001367,172.31.36.0-255,66,72426,17,136402
482,0.001374,172.217.27.0-255,7156,79582,17,136402
483,0.001376,172.31.36.0-255,66,79648,17,136402
484,0.001422,172.31.36.0-255,66,79714,17,136402
485,0.003173,172.217.27.0-255,5738,85452,17,136402
486,0.00318,172.31.36.0-255,66,85518,17,136402
487,0.005031,172.217.27.0-255,4320,89838,17,136402
488,0.005037,172.31.36.0-255,66,89904,17,136402
489,0.005057,172.217.27.0-255,1484,91388,17,136402
490,0.006843,172.217.27.0-255,4320,95708,17,136402
491,0.006846,172.31.36.0-255,66,95774,17,136402
492,0.008606,172.217.27.0-255,5738,101512,17,136402
493,0.008613,172.31.36.0-255,66,101578,17,136402
494,0.010374,172.217.27.0-255,5738,107316,17,136402
495,0.010382,172.31.36.0-255,66,107382,17,136402
496,0.012143,172.217.27.0-255,5738,113120,17,136402
497,0.01215,172.31.36.0-255,66,113186,17,136402
498,0.013916,172.217.27.0-255,5738,118924,17,136402
499,0.013925,172.31.36.0-255,66,118990,17,136402
500,0.015707,172.217.27.0-255,5738,124728,17,136402
501,0.015716,172.31.36.0-255,66,124794,17,136402
502,0.017475,172.217.27.0-255,5738,130532,17,136402
503,0.017483,172.31.36.0-255,66,130598,17,136402
504,0.019251,172.217.27.0-255,5738,136336,17,136402
505,0.019258,172.31.36.0-255,66,136402,17,136402
506,0.0,74.125.24.0-255,143,143,17,112760
507,2.6e-05,172.31.36.0-255,66,209,17,112760
508,3.3e-05,74.125.24.0-255,1484,1693,17,112760
509,3.7e-05,172.31.36.0-255,66,1759,17,112760
510,4.2e-05,74.125.24.0-255,2902,4661,17,112760
511,5.3e-05,172.31.36.0-255,66,4727,17,112760
512,6e-05,74.125.24.0-255,5738,10465,17,112760
513,6.3e-05,172.31.36.0-255,66,10531,17,112760
514,9e-05,74.125.24.0-255,1484,12015,17,112760
515,9.3e-05,172.31.36.0-255,66,12081,17,112760
516,9.6e-05,74.125.24.0-255,1484,13565,17,112760
517,9.8e-05,172.31.36.0-255,66,13631,17,112760
518,0.000106,74.125.24.0-255,594,14225,17,112760
519,0.000109,172.31.36.0-255,66,14291,17,112760
520,0.000112,74.125.24.0-255,1484,15775,17,112760
521,0.000114,172.31.36.0-255,66,15841,17,112760
522,0.000119,74.125.24.0-255,4320,20161,17,112760
523,0.000122,172.31.36.0-255,66,20227,17,112760
524,0.000176,74.125.24.0-255,7156,27383,17,112760
525,0.00018,172.31.36.0-255,66,27449,17,112760
526,0.000206,74.125.24.0-255,2902,30351,17,112760
527,0.00021,172.31.36.0-255,66,30417,17,112760
528,0.000214,74.125.24.0-255,1125,31542,17,112760
529,0.000216,172.31.36.0-255,66,31608,17,112760
530,0.000241,74.125.24.0-255,1484,33092,17,112760
531,0.000244,172.31.36.0-255,66,33158,17,112760
532,0.00025,74.125.24.0-255,2902,36060,17,112760
533,0.000252,172.31.36.0-255,66,36126,17,112760
534,0.000258,74.125.24.0-255,4320,40446,17,112760
535,0.00026,172.31.36.0-255,66,40512,17,112760
536,0.000294,74.125.24.0-255,1484,41996,17,112760
537,0.000297,172.31.36.0-255,66,42062,17,112760
538,0.000305,74.125.24.0-255,6797,48859,17,112760
539,0.000307,172.31.36.0-255,66,48925,17,112760
540,0.000316,74.125.24.0-255,1484,50409,17,112760
541,0.000343,74.125.24.0-255,5738,56147,17,112760
542,0.000347,172.31.36.0-255,66,56213,17,112760
543,0.000353,74.125.24.0-255,5738,61951,17,112760
544,0.000355,172.31.36.0-255,66,62017,17,112760
545,0.000385,74.125.24.0-255,3961,65978,17,112760
546,0.000388,172.31.36.0-255,66,66044,17,112760
547,0.002649,74.125.24.0-255,646,66690,17,112760
548,0.002729,74.125.24.0-255,1484,68174,17,112760
549,0.002734,172.31.36.0-255,66,68240,17,112760
550,0.002747,74.125.24.0-255,2902,71142,17,112760
551,0.002754,172.31.36.0-255,66,71208,17,112760
552,0.005034,74.125.24.0-255,2902,74110,17,112760
553,0.005039,172.31.36.0-255,66,74176,17,112760
554,0.005074,74.125.24.0-255,2902,77078,17,112760
555,0.005077,172.31.36.0-255,66,77144,17,112760
556,0.007338,74.125.24.0-255,2902,80046,17,112760
557,0.007344,172.31.36.0-255,66,80112,17,112760
558,0.007375,74.125.24.0-255,2902,83014,17,112760
559,0.007378,172.31.36.0-255,66,83080,17,112760
560,0.009629,74.125.24.0-255,2902,85982,17,112760
561,0.009637,172.31.36.0-255,66,86048,17,112760
562,0.009668,74.125.24.0-255,2902,88950,17,112760
563,0.009671,172.31.36.0-255,66,89016,17,112760
564,0.011951,74.125.24.0-255,2902,91918,17,112760
565,0.011962,172.31.36.0-255,66,91984,17,112760
566,0.012009,74.125.24.0-255,2902,94886,17,112760
567,0.012013,172.31.36.0-255,66,94952,17,112760
568,0.014271,74.125.24.0-255,2902,97854,17,112760
569,0.01428,172.31.36.0-255,66,97920,17,112760
570,0.014322,74.125.24.0-255,2902,100822,17,112760
571,0.014326,172.31.36.0-255,66,100888,17,112760
572,0.016604,74.125.24.0-255,2902,103790,17,112760
573,0.016611,172.31.36.0-255,66,103856,17,112760
574,0.016642,74.125.24.0-255,2902,106758,17,112760
575,0.016646,172.31.36.0-255,66,106824,17,112760
576,0.018905,74.125.24.0-255,2902,109726,17,112760
577,0.018913,172.31.36.0-255,66,109792,17,112760
578,0.018944,74.125.24.0-255,2902,112694,17,112760
579,0.018947,172.31.36.0-255,66,112760,17,112760
580,0.0,172.217.194.0-255,153,153,17,181035
581,2.7e-05,172.217.194.0-255,1484,1637,17,181035
582,3.6e-05,172.31.36.0-255,66,1703,17,181035
583,4.4e-05,172.217.194.0-255,2902,4605,17,181035
584,4.7e-05,172.31.36.0-255,66,4671,17,181035
585,6.3e-05,172.217.194.0-255,7156,11827,17,181035
586,6.7e-05,172.31.36.0-255,66,11893,17,181035
587,7.1e-05,172.217.194.0-255,2030,13923,17,181035
588,7.5e-05,172.31.36.0-255,66,13989,17,181035
589,8.2e-05,172.217.194.0-255,7156,21145,17,181035
590,8.5e-05,172.31.36.0-255,66,21211,17,181035
591,0.000118,172.217.194.0-255,4320,25531,17,181035
592,0.000122,172.31.36.0-255,66,25597,17,181035
593,0.000129,172.217.194.0-255,5379,30976,17,181035
594,0.000132,172.31.36.0-255,66,31042,17,181035
595,0.000191,172.217.194.0-255,1484,32526,17,181035
596,0.000198,172.217.194.0-255,2902,35428,17,181035
597,0.000201,172.31.36.0-255,66,35494,17,181035
598,0.000235,172.217.194.0-255,5738,41232,17,181035
599,0.000239,172.31.36.0-255,66,41298,17,181035
600,0.00027,172.31.36.0-255,66,41364,17,181035
601,0.000294,172.217.194.0-255,5379,46743,17,181035
602,0.000297,172.31.36.0-255,66,46809,17,181035
603,0.00031,172.31.36.0-255,66,46875,17,181035
604,0.000312,172.217.194.0-255,340,47215,17,181035
605,0.000342,172.217.194.0-255,434,47649,17,181035
606,0.000515,172.217.194.0-255,1484,49133,17,181035
607,0.000519,172.31.36.0-255,66,49199,17,181035
608,0.000525,172.217.194.0-255,2902,52101,17,181035
609,0.000527,172.31.36.0-255,66,52167,17,181035
610,0.000567,172.217.194.0-255,5738,57905,17,181035
611,0.000571,172.31.36.0-255,66,57971,17,181035
612,0.000585,172.31.36.0-255,66,58037,17,181035
613,0.000588,172.217.194.0-255,1484,59521,17,181035
614,0.000628,172.31.36.0-255,66,59587,17,181035
615,0.000661,172.217.194.0-255,1484,61071,17,181035
616,0.000666,172.217.194.0-255,1484,62555,17,181035
617,0.000668,172.31.36.0-255,66,62621,17,181035
618,0.000697,172.217.194.0-255,1484,64105,17,181035
619,0.000703,172.217.194.0-255,5738,69843,17,181035
620,0.000706,172.31.36.0-255,66,69909,17,181035
621,0.000709,172.217.194.0-255,1484,71393,17,181035
622,0.000745,172.31.36.0-255,66,71459,17,181035
623,0.000779,172.31.36.0-255,66,71525,17,181035
624,0.000803,172.217.194.0-255,2184,73709,17,181035
625,0.000806,172.31.36.0-255,66,73775,17,181035
626,0.000819,172.31.36.0-255,66,73841,17,181035
627,0.000845,172.217.194.0-255,1484,75325,17,181035
628,0.000858,172.217.194.0-255,7156,82481,17,181035
629,0.000861,172.31.36.0-255,66,82547,17,181035
630,0.00093,172.31.36.0-255,66,82613,17,181035
631,0.000942,172.31.36.0-255,66,82679,17,181035
632,0.000965,172.217.194.0-255,4320,86999,17,181035
633,0.000968,172.31.36.0-255,66,87065,17,181035
634,0.000981,172.31.36.0-255,66,87131,17,181035
635,0.001015,172.217.194.0-255,4320,91451,17,181035
636,0.001019,172.31.36.0-255,66,91517,17,181035
637,0.001026,172.217.194.0-255,6438,97955,17,181035
638,0.001029,172.31.36.0-255,66,98021,17,181035
639,0.001074,172.217.194.0-255,1484,99505,17,181035
640,0.001088,172.217.194.0-255,1484,100989,17,181035
641,0.001091,172.31.36.0-255,66,101055,17,181035
642,0.001108,172.217.194.0-255,1484,102539,17,181035
643,0.001135,172.217.194.0-255,5738,108277,17,181035
644,0.001139,172.31.36.0-255,66,108343,17,181035
645,0.001145,172.217.194.0-255,5738,114081,17,181035
646,0.001147,172.31.36.0-255,66,114147,17,181035
647,0.001185,172.31.36.0-255,66,114213,17,181035
648,0.001226,172.217.194.0-255,5020,119233,17,181035
649,0.00123,172.31.36.0-255,66,119299,17,181035
650,0.001257,172.217.194.0-255,1484,120783,17,181035
651,0.001262,172.217.194.0-255,2902,123685,17,181035
652,0.001265,172.31.36.0-255,66,123751,17,181035
653,0.001272,172.217.194.0-255,5738,129489,17,181035
654,0.001275,172.31.36.0-255,66,129555,17,181035
655,0.001316,172.31.36.0-255,66,129621,17,181035
656,0.001318,172.217.194.0-255,7156,136777,17,181035
657,0.001327,172.31.36.0-255,66,136843,17,181035
658,0.001349,172.217.194.0-255,2902,139745,17,181035
659,0.001351,172.217.194.0-255,766,140511,17,181035
660,0.001353,172.31.36.0-255,66,140577,17,181035
661,0.001408,172.217.194.0-255,1484,142061,17,181035
662,0.001412,172.31.36.0-255,66,142127,17,181035
663,0.001417,172.217.194.0-255,2902,145029,17,181035
664,0.00142,172.31.36.0-255,66,145095,17,181035
665,0.001431,172.217.194.0-255,5738,150833,17,181035
666,0.001434,172.31.36.0-255,66,150899,17,181035
667,0.001438,172.217.194.0-255,1484,152383,17,181035
668,0.001485,172.31.36.0-255,66,152449,17,181035
669,0.001493,172.217.194.0-255,7156,159605,17,181035
670,0.001495,172.31.36.0-255,66,159671,17,181035
671,0.001536,172.217.194.0-255,3602,163273,17,181035
672,0.00154,172.31.36.0-255,66,163339,17,181035
673,0.001554,172.31.36.0-255,66,163405,17,181035
674,0.001559,172.217.194.0-255,5738,169143,17,181035
675,0.001562,172.31.36.0-255,66,169209,17,181035
676,0.001598,172.31.36.0-255,66,169275,17,181035
677,0.001669,172.31.36.0-255,66,169341,17,181035
678,0.001683,172.31.36.0-255,66,169407,17,181035
679,0.001694,172.31.36.0-255,66,169473,17,181035
680,0.001747,172.217.194.0-255,2902,172375,17,181035
681,0.001751,172.31.36.0-255,66,172441,17,181035
682,0.001794,172.217.194.0-255,4320,176761,17,181035
683,0.001795,172.31.36.0-255,66,176827,17,181035
684,0.001798,172.31.36.0-255,66,176893,17,181035
685,0.001845,172.217.194.0-255,766,177659,17,181035
686,0.001848,172.31.36.0-255,66,177725,17,181035
687,0.001849,172.217.194.0-255,2902,180627,17,181035
688,0.001852,172.31.36.0-255,66,180693,17,181035
689,0.001894,172.31.36.0-255,66,180759,17,181035
690,0.001896,172.217.194.0-255,105,180864,17,181035
691,0.007997,172.31.36.0-255,105,180969,17,181035
692,0.010661,172.217.194.0-255,66,181035,17,181035
693,0.0,74.125.24.0-255,298,298,17,122954
694,1.6e-05,172.31.36.0-255,66,364,17,122954
695,2.6e-05,74.125.24.0-255,1484,1848,17,122954
696,3e-05,172.31.36.0-255,66,1914,17,122954
697,4.5e-05,74.125.24.0-255,4320,6234,17,122954
698,4.9e-05,172.31.36.0-255,66,6300,17,122954
699,8.5e-05,74.125.24.0-255,2902,9202,17,122954
700,8.8e-05,172.31.36.0-255,66,9268,17,122954
701,0.000125,74.125.24.0-255,4704,13972,17,122954
702,0.000128,172.31.36.0-255,66,14038,17,122954
703,0.000276,74.125.24.0-255,1484,15522,17,122954
704,0.000281,172.31.36.0-255,66,15588,17,122954
705,0.000286,74.125.24.0-255,2902,18490,17,122954
706,0.000289,172.31.36.0-255,66,18556,17,122954
707,0.000301,74.125.24.0-255,5738,24294,17,122954
708,0.000303,172.31.36.0-255,66,24360,17,122954
709,0.000329,74.125.24.0-255,2902,27262,17,122954
710,0.000332,172.31.36.0-255,66,27328,17,122954
711,0.000371,172.31.36.0-255,66,27394,17,122954
712,0.000388,172.31.36.0-255,66,27460,17,122954
713,0.000425,172.31.36.0-255,66,27526,17,122954
714,0.00045,74.125.24.0-255,355,27881,17,122954
715,0.000453,172.31.36.0-255,66,27947,17,122954
716,0.000895,74.125.24.0-255,387,28334,17,122954
717,0.000901,172.31.36.0-255,66,28400,17,122954
718,0.001214,74.125.24.0-255,1484,29884,17,122954
719,0.00122,172.31.36.0-255,66,29950,17,122954
720,0.001229,74.125.24.0-255,2902,32852,17,122954
721,0.001231,172.31.36.0-255,66,32918,17,122954
722,0.001244,74.125.24.0-255,5738,38656,17,122954
723,0.001246,172.31.36.0-255,66,38722,17,122954
724,0.001286,172.31.36.0-255,66,38788,17,122954
725,0.001294,74.125.24.0-255,7156,45944,17,122954
726,0.001296,172.31.36.0-255,66,46010,17,122954
727,0.001339,74.125.24.0-255,3602,49612,17,122954
728,0.001343,172.31.36.0-255,66,49678,17,122954
729,0.001908,74.125.24.0-255,1484,51162,17,122954
730,0.001918,74.125.24.0-255,2902,54064,17,122954
731,0.001922,172.31.36.0-255,66,54130,17,122954
732,0.00193,74.125.24.0-255,5738,59868,17,122954
733,0.001932,172.31.36.0-255,66,59934,17,122954
734,0.001961,172.31.36.0-255,66,60000,17,122954
735,0.00198,74.125.24.0-255,2902,62902,17,122954
736,0.001982,172.31.36.0-255,66,62968,17,122954
737,0.002024,172.31.36.0-255,66,63034,17,122954
738,0.002078,74.125.24.0-255,1484,64518,17,122954
739,0.002084,74.125.24.0-255,2902,67420,17,122954
740,0.002087,172.31.36.0-255,66,67486,17,122954
741,0.002094,74.125.24.0-255,5738,73224,17,122954
742,0.002097,172.31.36.0-255,66,73290,17,122954
743,0.002112,172.31.36.0-255,66,73356,17,122954
744,0.002187,172.31.36.0-255,66,73422,17,122954
745,0.002207,172.31.36.0-255,66,73488,17,122954
746,0.002212,74.125.24.0-255,2902,76390,17,122954
747,0.002214,172.31.36.0-255,66,76456,17,122954
748,0.002259,172.31.36.0-255,66,76522,17,122954
749,0.004435,74.125.24.0-255,5738,82260,17,122954
750,0.004444,172.31.36.0-255,66,82326,17,122954
751,0.006679,74.125.24.0-255,5738,88064,17,122954
752,0.006683,172.31.36.0-255,66,88130,17,122954
753,0.008865,74.125.24.0-255,5738,93868,17,122954
754,0.008869,172.31.36.0-255,66,93934,17,122954
755,0.011051,74.125.24.0-255,5738,99672,17,122954
756,0.011064,172.31.36.0-255,66,99738,17,122954
757,0.01332,74.125.24.0-255,5738,105476,17,122954
758,0.013334,172.31.36.0-255,66,105542,17,122954
759,0.015533,74.125.24.0-255,5738,111280,17,122954
760,0.015551,172.31.36.0-255,66,111346,17,122954
761,0.017752,74.125.24.0-255,5738,117084,17,122954
762,0.01777,172.31.36.0-255,66,117150,17,122954
763,0.019961,74.125.24.0-255,5738,122888,17,122954
764,0.019972,172.31.36.0-255,66,122954,17,122954
765,0.0,74.125.24.0-255,153,153,17,253147
766,2.2e-05,172.31.36.0-255,66,219,17,253147
767,2.9e-05,74.125.24.0-255,1484,1703,17,253147
768,3.4e-05,172.31.36.0-255,66,1769,17,253147
769,3.9e-05,74.125.24.0-255,2902,4671,17,253147
770,4.3e-05,172.31.36.0-255,66,4737,17,253147
771,5.1e-05,74.125.24.0-255,7156,11893,17,253147
772,5.5e-05,172.31.36.0-255,66,11959,17,253147
773,7.4e-05,74.125.24.0-255,2011,13970,17,253147
774,7.6e-05,172.31.36.0-255,66,14036,17,253147
775,9.6e-05,74.125.24.0-255,1484,15520,17,253147
776,9.9e-05,172.31.36.0-255,66,15586,17,253147
777,0.000121,74.125.24.0-255,1484,17070,17,253147
778,0.000123,172.31.36.0-255,66,17136,17,253147
779,0.000129,74.125.24.0-255,4320,21456,17,253147
780,0.000131,172.31.36.0-255,66,21522,17,253147
781,0.000137,74.125.24.0-255,4320,25842,17,253147
782,0.000139,172.31.36.0-255,66,25908,17,253147
783,0.000163,74.125.24.0-255,4320,30228,17,253147
784,0.000165,172.31.36.0-255,66,30294,17,253147
785,0.000168,74.125.24.0-255,1125,31419,17,253147
786,0.00017,172.31.36.0-255,66,31485,17,253147
787,0.0002,74.125.24.0-255,1484,32969,17,253147
788,0.000202,172.31.36.0-255,66,33035,17,253147
789,0.000208,74.125.24.0-255,4320,37355,17,253147
790,0.00021,172.31.36.0-255,66,37421,17,253147
791,0.00026,74.125.24.0-255,7156,44577,17,253147
792,0.000263,172.31.36.0-255,66,44643,17,253147
793,0.000267,74.125.24.0-255,1484,46127,17,253147
794,0.000269,172.31.36.0-255,66,46193,17,253147
795,0.000285,74.125.24.0-255,2543,48736,17,253147
796,0.000287,172.31.36.0-255,66,48802,17,253147
797,0.001009,74.125.24.0-255,1484,50286,17,253147
798,0.001019,74.125.24.0-255,2902,53188,17,253147
799,0.001023,172.31.36.0-255,66,53254,17,253147
800,0.001029,74.125.24.0-255,2902,56156,17,253147
801,0.001031,172.31.36.0-255,66,56222,17,253147
802,0.001037,74.125.24.0-255,2902,59124,17,253147
803,0.001039,172.31.36.0-255,66,59190,17,253147
804,0.00106,74.125.24.0-255,4320,63510,17,253147
805,0.001062,172.31.36.0-255,66,63576,17,253147
806,0.001084,74.125.24.0-255,2543,66119,17,253147
807,0.001087,172.31.36.0-255,66,66185,17,253147
808,0.001092,74.125.24.0-255,2902,69087,17,253147
809,0.001093,172.31.36.0-255,66,69153,17,253147
810,0.001098,74.125.24.0-255,2902,72055,17,253147
811,0.001101,172.31.36.0-255,66,72121,17,253147
812,0.001121,74.125.24.0-255,4320,76441,17,253147
813,0.001124,172.31.36.0-255,66,76507,17,253147
814,0.001127,74.125.24.0-255,1484,77991,17,253147
815,0.001147,74.125.24.0-255,5379,83370,17,253147
816,0.001149,172.31.36.0-255,66,83436,17,253147
817,0.001166,74.125.24.0-255,7156,90592,17,253147
818,0.001168,172.31.36.0-255,66,90658,17,253147
819,0.001184,74.125.24.0-255,4320,94978,17,253147
820,0.001186,172.31.36.0-255,66,95044,17,253147
821,0.001204,74.125.24.0-255,5379,100423,17,253147
822,0.001206,172.31.36.0-255,66,100489,17,253147
823,0.001209,74.125.24.0-255,645,101134,17,253147
824,0.001432,74.125.24.0-255,1484,102618,17,253147
825,0.001439,172.31.36.0-255,66,102684,17,253147
826,0.001445,74.125.24.0-255,2902,105586,17,253147
827,0.001448,172.31.36.0-255,66,105652,17,253147
828,0.001454,74.125.24.0-255,5738,111390,17,253147
829,0.001456,172.31.36.0-255,66,111456,17,253147
830,0.001492,74.125.24.0-255,4320,115776,17,253147
831,0.001495,172.31.36.0-255,66,115842,17,253147
832,0.001512,74.125.24.0-255,1981,117823,17,253147
833,0.001514,172.31.36.0-255,66,117889,17,253147
834,0.001576,74.125.24.0-255,1484,119373,17,253147
835,0.001581,74.125.24.0-255,2902,122275,17,253147
836,0.001585,172.31.36.0-255,66,122341,17,253147
837,0.00159,74.125.24.0-255,4320,126661,17,253147
838,0.001592,172.31.36.0-255,66,126727,17,253147
839,0.001607,74.125.24.0-255,1484,128211,17,253147
840,0.001614,74.125.24.0-255,7156,135367,17,253147
841,0.001617,172.31.36.0-255,66,135433,17,253147
842,0.001643,74.125.24.0-255,5738,141171,17,253147
843,0.001646,172.31.36.0-255,66,141237,17,253147
844,0.001651,74.125.24.0-255,4320,145557,17,253147
845,0.001653,172.31.36.0-255,66,145623,17,253147
846,0.00167,74.125.24.0-255,6438,152061,17,253147
847,0.001673,172.31.36.0-255,66,152127,17,253147
848,0.002495,74.125.24.0-255,1484,153611,17,253147
849,0.002502,74.125.24.0-255,2902,156513,17,253147
850,0.002506,172.31.36.0-255,66,156579,17,253147
851,0.00251,74.125.24.0-255,1484,158063,17,253147
852,0.002535,74.125.24.0-255,4320,162383,17,253147
853,0.002538,172.31.36.0-255,66,162449,17,253147
854,0.002545,74.125.24.0-255,7156,169605,17,253147
855,0.002547,172.31.36.0-255,66,169671,17,253147
856,0.002581,172.31.36.0-255,66,169737,17,253147
857,0.002612,74.125.24.0-255,5020,174757,17,253147
858,0.002614,172.31.36.0-255,66,174823,17,253147
859,0.002631,74.125.24.0-255,2902,177725,17,253147
860,0.002634,172.31.36.0-255,66,177791,17,253147
861,0.002648,74.125.24.0-255,2902,180693,17,253147
862,0.002651,172.31.36.0-255,66,180759,17,253147
863,0.002664,172.31.36.0-255,66,180825,17,253147
864,0.00268,74.125.24.0-255,1484,182309,17,253147
865,0.002698,74.125.24.0-255,5738,188047,17,253147
866,0.002701,172.31.36.0-255,66,188113,17,253147
867,0.002726,74.125.24.0-255,6438,194551,17,253147
868,0.002729,172.31.36.0-255,66,194617,17,253147
869,0.002785,74.125.24.0-255,1484,196101,17,253147
870,0.002789,74.125.24.0-255,2902,199003,17,253147
871,0.002791,172.31.36.0-255,66,199069,17,253147
872,0.002797,74.125.24.0-255,4320,203389,17,253147
873,0.002799,172.31.36.0-255,66,203455,17,253147
874,0.00281,172.31.36.0-255,66,203521,17,253147
875,0.002834,74.125.24.0-255,2902,206423,17,253147
876,0.002837,172.31.36.0-255,66,206489,17,253147
877,0.002866,172.31.36.0-255,66,206555,17,253147
878,0.002869,74.125.24.0-255,766,207321,17,253147
879,0.00289,74.125.24.0-255,1484,208805,17,253147
880,0.002892,172.31.36.0-255,66,208871,17,253147
881,0.002918,74.125.24.0-255,4320,213191,17,253147
882,0.00292,172.31.36.0-255,66,213257,17,253147
883,0.002931,172.31.36.0-255,66,213323,17,253147
884,0.002959,74.125.24.0-255,1484,214807,17,253147
885,0.002971,172.31.36.0-255,66,214873,17,253147
886,0.003003,172.31.36.0-255,66,214939,17,253147
887,0.003027,172.31.36.0-255,66,215005,17,253147
888,0.003085,74.125.24.0-255,4320,219325,17,253147
889,0.003088,172.31.36.0-255,66,219391,17,253147
890,0.003115,172.31.36.0-255,66,219457,17,253147
891,0.003118,74.125.24.0-255,1484,220941,17,253147
892,0.003143,74.125.24.0-255,6438,227379,17,253147
893,0.003146,172.31.36.0-255,66,227445,17,253147
894,0.003177,172.31.36.0-255,66,227511,17,253147
895,0.003197,74.125.24.0-255,7156,234667,17,253147
896,0.0032,172.31.36.0-255,66,234733,17,253147
897,0.003253,172.31.36.0-255,66,234799,17,253147
898,0.003277,74.125.24.0-255,1484,236283,17,253147
899,0.00328,74.125.24.0-255,1484,237767,17,253147
900,0.003282,172.31.36.0-255,66,237833,17,253147
901,0.003307,172.31.36.0-255,66,237899,17,253147
902,0.003352,172.31.36.0-255,66,237965,17,253147
903,0.003404,74.125.24.0-255,1484,239449,17,253147
904,0.003424,74.125.24.0-255,2902,242351,17,253147
905,0.003426,172.31.36.0-255,66,242417,17,253147
906,0.003429,74.125.24.0-255,1484,243901,17,253147
907,0.003432,74.125.24.0-255,1484,245385,17,253147
908,0.003434,172.31.36.0-255,66,245451,17,253147
909,0.003437,74.125.24.0-255,1484,246935,17,253147
910,0.00348,74.125.24.0-255,5738,252673,17,253147
911,0.003483,172.31.36.0-255,66,252739,17,253147
912,0.00351,172.31.36.0-255,66,252805,17,253147
913,0.003513,74.125.24.0-255,105,252910,17,253147
914,0.007752,172.31.36.0-255,66,252976,17,253147
915,0.007789,172.31.36.0-255,105,253081,17,253147
916,0.009874,74.125.24.0-255,66,253147,17,253147
917,0.0,172.31.36.0-255,105,105,17,459
918,0.000238,172.31.36.0-255,90,195,17,459
919,0.000249,172.31.36.0-255,66,261,17,459
920,0.002825,74.125.200.0-255,66,327,17,459
921,0.002857,74.125.200.0-255,66,393,17,459
922,0.002879,172.31.36.0-255,66,459,17,459
923,0.0,74.125.200.0-255,152,152,17,170073
924,3.5e-05,172.31.36.0-255,66,218,17,170073
925,4.3e-05,74.125.200.0-255,1484,1702,17,170073
926,4.7e-05,172.31.36.0-255,66,1768,17,170073
927,5e-05,74.125.200.0-255,1484,3252,17,170073
928,5.3e-05,172.31.36.0-255,66,3318,17,170073
929,6.7e-05,74.125.200.0-255,2902,6220,17,170073
930,7e-05,172.31.36.0-255,66,6286,17,170073
931,7.9e-05,74.125.200.0-255,5738,12024,17,170073
932,8.2e-05,172.31.36.0-255,66,12090,17,170073
933,8.7e-05,74.125.200.0-255,2076,14166,17,170073
934,8.9e-05,172.31.36.0-255,66,14232,17,170073
935,9.3e-05,74.125.200.0-255,2902,17134,17,170073
936,9.6e-05,172.31.36.0-255,66,17200,17,170073
937,0.000125,74.125.200.0-255,7156,24356,17,170073
938,0.000133,172.31.36.0-255,66,24422,17,170073
939,0.000141,74.125.200.0-255,6797,31219,17,170073
940,0.000144,172.31.36.0-255,66,31285,17,170073
941,0.000241,74.125.200.0-255,1484,32769,17,170073
942,0.000245,172.31.36.0-255,66,32835,17,170073
943,0.000274,74.125.200.0-255,2902,35737,17,170073
944,0.000276,172.31.36.0-255,66,35803,17,170073
945,0.000279,74.125.200.0-255,1484,37287,17,170073
946,0.000281,172.31.36.0-255,66,37353,17,170073
947,0.000305,74.125.200.0-255,2902,40255,17,170073
948,0.000307,172.31.36.0-255,66,40321,17,170073
949,0.000318,74.125.200.0-255,5738,46059,17,170073
950,0.000321,172.31.36.0-255,66,46125,17,170073
951,0.000353,74.125.200.0-255,2543,48668,17,170073
952,0.000355,172.31.36.0-255,66,48734,17,170073
953,0.000359,74.125.200.0-255,1484,50218,17,170073
954,0.000361,172.31.36.0-255,66,50284,17,170073
955,0.000382,74.125.200.0-255,1484,51768,17,170073
956,0.00041,74.125.200.0-255,7156,58924,17,170073
957,0.000413,172.31.36.0-255,66,58990,17,170073
958,0.000469,74.125.200.0-255,6797,65787,17,170073
959,0.000471,172.31.36.0-255,66,65853,17,170073
960,0.000522,74.125.200.0-255,395,66248,17,170073
961,0.000562,74.125.200.0-255,347,66595,17,170073
962,0.000942,74.125.200.0-255,1484,68079,17,170073
963,0.000947,172.31.36.0-255,66,68145,17,170073
964,0.000953,74.125.200.0-255,2902,71047,17,170073
965,0.000955,172.31.36.0-255,66,71113,17,170073
966,0.000987,74.125.200.0-255,5738,76851,17,170073
967,0.000989,172.31.36.0-255,66,76917,17,170073
968,0.000994,74.125.200.0-255,2902,79819,17,170073
969,0.000996,172.31.36.0-255,66,79885,17,170073
970,0.001031,172.31.36.0-255,66,79951,17,170073
971,0.001065,172.31.36.0-255,66,80017,17,170073
972,0.001235,74.125.200.0-255,1484,81501,17,170073
973,0.001253,74.125.200.0-255,2902,84403,17,170073
974,0.001256,172.31.36.0-255,66,84469,17,170073
975,0.001261,74.125.200.0-255,2902,87371,17,170073
976,0.001263,172.31.36.0-255,66,87437,17,170073
977,0.001295,74.125.200.0-255,2902,90339,17,170073
978,0.001298,172.31.36.0-255,66,90405,17,170073
979,0.001316,172.31.36.0-255,66,90471,17,170073
980,0.001321,74.125.200.0-255,4320,94791,17,170073
981,0.001323,172.31.36.0-255,66,94857,17,170073
982,0.001367,74.125.200.0-255,5890,100747,17,170073
983,0.001372,172.31.36.0-255,66,100813,17,170073
984,0.001404,74.125.200.0-255,1484,102297,17,170073
985,0.00142,74.125.200.0-255,5738,108035,17,170073
986,0.001423,172.31.36.0-255,66,108101,17,170073
987,0.001429,74.125.200.0-255,4320,112421,17,170073
988,0.001432,172.31.36.0-255,66,112487,17,170073
989,0.001451,74.125.200.0-255,4320,116807,17,170073
990,0.001458,172.31.36.0-255,66,116873,17,170073
991,0.001463,74.125.200.0-255,2902,119775,17,170073
992,0.001465,172.31.36.0-255,66,119841,17,170073
993,0.001512,172.31.36.0-255,66,119907,17,170073
994,0.001538,74.125.200.0-255,3602,123509,17,170073
995,0.00154,172.31.36.0-255,66,123575,17,170073
996,0.003771,74.125.200.0-255,1484,125059,17,170073
997,0.003798,74.125.200.0-255,4320,129379,17,170073
998,0.003804,172.31.36.0-255,66,129445,17,170073
999,0.00609,74.125.200.0-255,5738,135183,17,170073
1000,0.006093,172.31.36.0-255,66,135249,17,170073
1001,0.008416,74.125.200.0-255,5738,140987,17,170073
1002,0.008423,172.31.36.0-255,66,141053,17,170073
1003,0.010693,74.125.200.0-255,5738,146791,17,170073
1004,0.010701,172.31.36.0-255,66,146857,17,170073
1005,0.012979,74.125.200.0-255,5738,152595,17,170073
1006,0.012988,172.31.36.0-255,66,152661,17,170073
1007,0.015271,74.125.200.0-255,5738,158399,17,170073
1008,0.015287,172.31.36.0-255,66,158465,17,170073
1009,0.017561,74.125.200.0-255,5738,164203,17,170073
1010,0.01757,172.31.36.0-255,66,164269,17,170073
1011,0.01983,74.125.200.0-255,5738,170007,17,170073
1012,0.019838,172.31.36.0-255,66,170073,17,170073
1013,0.0,74.125.68.0-255,431,431,17,105351
1014,2.9e-05,74.125.68.0-255,1484,1915,17,105351
1015,3.9e-05,172.31.36.0-255,66,1981,17,105351
1016,4.8e-05,74.125.68.0-255,4320,6301,17,105351
1017,5e-05,172.31.36.0-255,66,6367,17,105351
1018,0.000171,74.125.68.0-255,5738,12105,17,105351
1019,0.000176,172.31.36.0-255,66,12171,17,105351
1020,0.000357,74.125.68.0-255,2039,14210,17,105351
1021,0.000361,172.31.36.0-255,66,14276,17,105351
1022,0.000433,74.125.68.0-255,7156,21432,17,105351
1023,0.000437,172.31.36.0-255,66,21498,17,105351
1024,0.000454,74.125.68.0-255,2902,24400,17,105351
1025,0.000457,172.31.36.0-255,66,24466,17,105351
1026,0.000786,74.125.68.0-255,4320,28786,17,105351
1027,0.000792,172.31.36.0-255,66,28852,17,105351
1028,0.00093,74.125.68.0-255,1484,30336,17,105351
1029,0.002134,74.125.68.0-255,5738,36074,17,105351
1030,0.002141,172.31.36.0-255,66,36140,17,105351
1031,0.00226,74.125.68.0-255,2902,39042,17,105351
1032,0.002412,172.31.36.0-255,66,39108,17,105351
1033,0.002673,74.125.68.0-255,5738,44846,17,105351
1034,0.00268,172.31.36.0-255,66,44912,17,105351
1035,0.003318,74.125.68.0-255,4320,49232,17,105351
1036,0.00336,74.125.68.0-255,2902,52134,17,105351
1037,0.004231,74.125.68.0-255,2902,55036,17,105351
1038,0.004243,74.125.68.0-255,4320,59356,17,105351
1039,0.004276,74.125.68.0-255,1484,60840,17,105351
1040,0.004486,74.125.68.0-255,1484,62324,17,105351
1041,0.004506,74.125.68.0-255,5738,68062,17,105351
1042,0.004821,74.125.68.0-255,4320,72382,17,105351
1043,0.004842,74.125.68.0-255,7156,79538,17,105351
1044,0.004864,74.125.68.0-255,7156,86694,17,105351
1045,0.005272,172.31.36.0-255,66,86760,17,105351
1046,0.007425,172.31.36.0-255,66,86826,17,105351
1047,0.007496,74.125.68.0-255,5738,92564,17,105351
1048,0.007501,172.31.36.0-255,66,92630,17,105351
1049,0.007534,172.31.36.0-255,66,92696,17,105351
1050,0.007676,172.31.36.0-255,66,92762,17,105351
1051,0.007706,172.31.36.0-255,66,92828,17,105351
1052,0.007856,74.125.68.0-255,2902,95730,17,105351
1053,0.007864,172.31.36.0-255,66,95796,17,105351
1054,0.007903,172.31.36.0-255,66,95862,17,105351
1055,0.008067,172.31.36.0-255,66,95928,17,105351
1056,0.008103,172.31.36.0-255,66,95994,17,105351
1057,0.008343,172.31.36.0-255,66,96060,17,105351
1058,0.009547,172.31.36.0-255,66,96126,17,105351
1059,0.009605,172.31.36.0-255,66,96192,17,105351
1060,0.009675,74.125.68.0-255,7156,103348,17,105351
1061,0.00968,172.31.36.0-255,66,103414,17,105351
1062,0.009721,172.31.36.0-255,66,103480,17,105351
1063,0.009754,172.31.36.0-255,66,103546,17,105351
1064,0.010269,172.31.36.0-255,66,103612,17,105351
1065,0.01067,74.125.68.0-255,1502,105114,17,105351
1066,0.015157,172.31.36.0-255,66,105180,17,105351
1067,0.016172,172.31.36.0-255,105,105285,17,105351
1068,0.018243,74.125.68.0-255,66,105351,17,105351
1069,0.0,74.125.200.0-255,153,153,17,177938
1070,2.6e-05,172.31.36.0-255,66,219,17,177938
1071,5.1e-05,74.125.200.0-255,1484,1703,17,177938
1072,5.5e-05,172.31.36.0-255,66,1769,17,177938
1073,6e-05,74.125.200.0-255,2902,4671,17,177938
1074,6.3e-05,172.31.36.0-255,66,4737,17,177938
1075,9.4e-05,74.125.200.0-255,4320,9057,17,177938
1076,9.6e-05,172.31.36.0-255,66,9123,17,177938
1077,0.000115,74.125.200.0-255,1484,10607,17,177938
1078,0.000118,172.31.36.0-255,66,10673,17,177938
1079,0.000121,74.125.200.0-255,1484,12157,17,177938
1080,0.000122,172.31.36.0-255,66,12223,17,177938
1081,0.000128,74.125.200.0-255,2072,14295,17,177938
1082,0.000131,172.31.36.0-255,66,14361,17,177938
1083,0.000154,74.125.200.0-255,1484,15845,17,177938
1084,0.000158,172.31.36.0-255,66,15911,17,177938
1085,0.000163,74.125.200.0-255,2902,18813,17,177938
1086,0.000165,172.31.36.0-255,66,18879,17,177938
1087,0.00017,74.125.200.0-255,4320,23199,17,177938
1088,0.000172,172.31.36.0-255,66,23265,17,177938
1089,0.000185,74.125.200.0-255,1484,24749,17,177938
1090,0.000187,172.31.36.0-255,66,24815,17,177938
1091,0.000194,74.125.200.0-255,5738,30553,17,177938
1092,0.000196,172.31.36.0-255,66,30619,17,177938
1093,0.000242,74.125.200.0-255,1125,31744,17,177938
1094,0.000244,172.31.36.0-255,66,31810,17,177938
1095,0.0003,74.125.200.0-255,1484,33294,17,177938
1096,0.000304,172.31.36.0-255,66,33360,17,177938
1097,0.000309,74.125.200.0-255,2902,36262,17,177938
1098,0.000312,172.31.36.0-255,66,36328,17,177938
1099,0.000337,74.125.200.0-255,5738,42066,17,177938
1100,0.000341,172.31.36.0-255,66,42132,17,177938
1101,0.000348,74.125.200.0-255,4320,46452,17,177938
1102,0.000351,172.31.36.0-255,66,46518,17,177938
1103,0.000371,74.125.200.0-255,1484,48002,17,177938
1104,0.000379,74.125.200.0-255,6797,54799,17,177938
1105,0.000382,172.31.36.0-255,66,54865,17,177938
1106,0.000414,172.31.36.0-255,66,54931,17,177938
1107,0.000448,74.125.200.0-255,1403,56334,17,177938
1108,0.000548,74.125.200.0-255,129,56463,17,177938
1109,0.000711,74.125.200.0-255,1484,57947,17,177938
1110,0.000715,172.31.36.0-255,66,58013,17,177938
1111,0.00072,74.125.200.0-255,2902,60915,17,177938
1112,0.000721,172.31.36.0-255,66,60981,17,177938
1113,0.000724,74.125.200.0-255,1484,62465,17,177938
1114,0.000731,74.125.200.0-255,5738,68203,17,177938
1115,0.000733,172.31.36.0-255,66,68269,17,177938
1116,0.000748,74.125.200.0-255,1484,69753,17,177938
1117,0.000779,172.31.36.0-255,66,69819,17,177938
1118,0.000805,74.125.200.0-255,2902,72721,17,177938
1119,0.00081,172.31.36.0-255,66,72787,17,177938
1120,0.00083,74.125.200.0-255,6797,79584,17,177938
1121,0.000832,172.31.36.0-255,66,79650,17,177938
1122,0.0014,74.125.200.0-255,1484,81134,17,177938
1123,0.001411,74.125.200.0-255,2902,84036,17,177938
1124,0.001415,172.31.36.0-255,66,84102,17,177938
1125,0.001438,74.125.200.0-255,5738,89840,17,177938
1126,0.001441,172.31.36.0-255,66,89906,17,177938
1127,0.001459,74.125.200.0-255,2902,92808,17,177938
1128,0.001461,172.31.36.0-255,66,92874,17,177938
1129,0.001491,172.31.36.0-255,66,92940,17,177938
1130,0.001509,74.125.200.0-255,4320,97260,17,177938
1131,0.001511,172.31.36.0-255,66,97326,17,177938
1132,0.001534,74.125.200.0-255,6438,103764,17,177938
1133,0.001536,172.31.36.0-255,66,103830,17,177938
1134,0.001559,74.125.200.0-255,1484,105314,17,177938
1135,0.001592,74.125.200.0-255,2902,108216,17,177938
1136,0.001595,172.31.36.0-255,66,108282,17,177938
1137,0.001613,74.125.200.0-255,1484,109766,17,177938
1138,0.001616,74.125.200.0-255,1484,111250,17,177938
1139,0.001619,172.31.36.0-255,66,111316,17,177938
1140,0.001639,74.125.200.0-255,1484,112800,17,177938
1141,0.001643,74.125.200.0-255,2902,115702,17,177938
1142,0.001646,172.31.36.0-255,66,115768,17,177938
1143,0.001666,74.125.200.0-255,2902,118670,17,177938
1144,0.001669,172.31.36.0-255,66,118736,17,177938
1145,0.001673,74.125.200.0-255,2902,121638,17,177938
1146,0.001675,172.31.36.0-255,66,121704,17,177938
1147,0.001729,74.125.200.0-255,2902,124606,17,177938
1148,0.001732,172.31.36.0-255,66,124672,17,177938
1149,0.001738,74.125.200.0-255,4320,128992,17,177938
1150,0.00174,172.31.36.0-255,66,129058,17,177938
1151,0.001772,74.125.200.0-255,5738,134796,17,177938
1152,0.001774,172.31.36.0-255,66,134862,17,177938
1153,0.00179,74.125.200.0-255,1484,136346,17,177938
1154,0.001806,74.125.200.0-255,2184,138530,17,177938
1155,0.001808,172.31.36.0-255,66,138596,17,177938
1156,0.004099,74.125.200.0-255,1484,140080,17,177938
1157,0.004121,74.125.200.0-255,2902,142982,17,177938
1158,0.004126,172.31.36.0-255,66,143048,17,177938
1159,0.004144,74.125.200.0-255,1484,144532,17,177938
1160,0.006439,74.125.200.0-255,4320,148852,17,177938
1161,0.006443,172.31.36.0-255,66,148918,17,177938
1162,0.008761,74.125.200.0-255,5738,154656,17,177938
1163,0.008767,172.31.36.0-255,66,154722,17,177938
1164,0.011107,74.125.200.0-255,5738,160460,17,177938
1165,0.011116,172.31.36.0-255,66,160526,17,177938
1166,0.013454,74.125.200.0-255,5738,166264,17,177938
1167,0.013468,172.31.36.0-255,66,166330,17,177938
1168,0.015823,74.125.200.0-255,5738,172068,17,177938
1169,0.015835,172.31.36.0-255,66,172134,17,177938
1170,0.018178,74.125.200.0-255,5738,177872,17,177938
1171,0.018186,172.31.36.0-255,66,177938,17,177938
1172,0.0,172.217.194.0-255,153,153,17,70230
1173,3.2e-05,172.31.36.0-255,66,219,17,70230
1174,3.9e-05,172.217.194.0-255,1484,1703,17,70230
1175,4.3e-05,172.31.36.0-255,66,1769,17,70230
1176,4.8e-05,172.217.194.0-255,2902,4671,17,70230
1177,5e-05,172.31.36.0-255,66,4737,17,70230
1178,0.000103,172.217.194.0-255,4320,9057,17,70230
1179,0.000107,172.31.36.0-255,66,9123,17,70230
1180,0.000119,172.217.194.0-255,2902,12025,17,70230
1181,0.000122,172.31.36.0-255,66,12091,17,70230
1182,0.000293,172.217.194.0-255,2011,14102,17,70230
1183,0.000301,172.31.36.0-255,66,14168,17,70230
1184,0.000358,172.31.36.0-255,66,14234,17,70230
1185,0.000659,172.31.36.0-255,66,14300,17,70230
1186,0.00096,172.31.36.0-255,66,14366,17,70230
1187,0.001222,172.31.36.0-255,66,14432,17,70230
1188,0.001242,172.217.194.0-255,1484,15916,17,70230
1189,0.001244,172.31.36.0-255,66,15982,17,70230
1190,0.001519,172.31.36.0-255,66,16048,17,70230
1191,0.00156,172.31.36.0-255,66,16114,17,70230
1192,0.002147,172.217.194.0-255,5738,21852,17,70230
1193,0.002152,172.31.36.0-255,66,21918,17,70230
1194,0.002176,172.31.36.0-255,66,21984,17,70230
1195,0.002213,172.31.36.0-255,66,22050,17,70230
1196,0.002949,172.217.194.0-255,5738,27788,17,70230
1197,0.002953,172.31.36.0-255,66,27854,17,70230
1198,0.003094,172.217.194.0-255,1484,29338,17,70230
1199,0.00314,172.31.36.0-255,66,29404,17,70230
1200,0.003157,172.31.36.0-255,66,29470,17,70230
1201,0.004077,172.217.194.0-255,5738,35208,17,70230
1202,0.004083,172.31.36.0-255,66,35274,17,70230
1203,0.004142,172.31.36.0-255,66,35340,17,70230
1204,0.006415,172.217.194.0-255,1484,36824,17,70230
1205,0.006438,172.217.194.0-255,4320,41144,17,70230
1206,0.006443,172.31.36.0-255,66,41210,17,70230
1207,0.008728,172.217.194.0-255,5738,46948,17,70230
1208,0.008735,172.31.36.0-255,66,47014,17,70230
1209,0.011038,172.217.194.0-255,5738,52752,17,70230
1210,0.011045,172.31.36.0-255,66,52818,17,70230
1211,0.013336,172.217.194.0-255,5738,58556,17,70230
1212,0.013345,172.31.36.0-255,66,58622,17,70230
1213,0.015639,172.217.194.0-255,5738,64360,17,70230
1214,0.015648,172.31.36.0-255,66,64426,17,70230
1215,0.017936,172.217.194.0-255,5738,70164,17,70230
1216,0.017943,172.31.36.0-255,66,70230,17,70230
1217,0.0,74.125.24.0-255,152,152,17,164287
1218,2.4e-05,172.31.36.0-255,66,218,17,164287
1219,3.2e-05,74.125.24.0-255,1484,1702,17,164287
1220,3.6e-05,172.31.36.0-255,66,1768,17,164287
1221,4.2e-05,74.125.24.0-255,2902,4670,17,164287
1222,4.5e-05,172.31.36.0-255,66,4736,17,164287
1223,7.7e-05,74.125.24.0-255,7156,11892,17,164287
1224,8e-05,172.31.36.0-255,66,11958,17,164287
1225,0.000181,74.125.24.0-255,2036,13994,17,164287
1226,0.000184,172.31.36.0-255,66,14060,17,164287
1227,0.000207,74.125.24.0-255,2902,16962,17,164287
1228,0.00021,172.31.36.0-255,66,17028,17,164287
1229,0.000243,74.125.24.0-255,5738,22766,17,164287
1230,0.000246,172.31.36.0-255,66,22832,17,164287
1231,0.000263,74.125.24.0-255,1484,24316,17,164287
1232,0.000265,172.31.36.0-255,66,24382,17,164287
1233,0.000343,74.125.24.0-255,1484,25866,17,164287
1234,0.000345,172.31.36.0-255,66,25932,17,164287
1235,0.000374,74.125.24.0-255,5379,31311,17,164287
1236,0.000377,172.31.36.0-255,66,31377,17,164287
1237,0.000453,172.31.36.0-255,66,31443,17,164287
1238,0.000474,74.125.24.0-255,5738,37181,17,164287
1239,0.000477,172.31.36.0-255,66,37247,17,164287
1240,0.000682,74.125.24.0-255,4320,41567,17,164287
1241,0.000688,172.31.36.0-255,66,41633,17,164287
1242,0.000722,172.31.36.0-255,66,41699,17,164287
1243,0.000945,74.125.24.0-255,2902,44601,17,164287
1244,0.000951,172.31.36.0-255,78,44679,17,164287
1245,0.000955,74.125.24.0-255,114,44793,17,164287
1246,0.000957,172.31.36.0-255,78,44871,17,164287
1247,0.00096,74.125.24.0-255,332,45203,17,164287
1248,0.000963,172.31.36.0-255,66,45269,17,164287
1249,0.000985,74.125.24.0-255,5738,51007,17,164287
1250,0.000988,172.31.36.0-255,66,51073,17,164287
1251,0.001008,74.125.24.0-255,1484,52557,17,164287
1252,0.001098,74.125.24.0-255,7156,59713,17,164287
1253,0.001102,172.31.36.0-255,66,59779,17,164287
1254,0.001132,172.31.36.0-255,66,59845,17,164287
1255,0.001316,74.125.24.0-255,2902,62747,17,164287
1256,0.00132,172.31.36.0-255,66,62813,17,164287
1257,0.00134,74.125.24.0-255,5379,68192,17,164287
1258,0.001343,172.31.36.0-255,66,68258,17,164287
1259,0.002919,74.125.24.0-255,1484,69742,17,164287
1260,0.002931,74.125.24.0-255,2902,72644,17,164287
1261,0.002936,172.31.36.0-255,66,72710,17,164287
1262,0.002972,74.125.24.0-255,4320,77030,17,164287
1263,0.002974,172.31.36.0-255,66,77096,17,164287
1264,0.002991,74.125.24.0-255,1484,78580,17,164287
1265,0.003066,74.125.24.0-255,7156,85736,17,164287
1266,0.003069,172.31.36.0-255,66,85802,17,164287
1267,0.003089,74.125.24.0-255,5738,91540,17,164287
1268,0.003091,172.31.36.0-255,66,91606,17,164287
1269,0.003231,74.125.24.0-255,1484,93090,17,164287
1270,0.003263,74.125.24.0-255,4320,97410,17,164287
1271,0.003265,172.31.36.0-255,66,97476,17,164287
1272,0.003287,74.125.24.0-255,5020,102496,17,164287
1273,0.00329,172.31.36.0-255,66,102562,17,164287
1274,0.003394,74.125.24.0-255,1484,104046,17,164287
1275,0.003414,74.125.24.0-255,2902,106948,17,164287
1276,0.003416,172.31.36.0-255,66,107014,17,164287
1277,0.003455,74.125.24.0-255,2902,109916,17,164287
1278,0.003457,172.31.36.0-255,66,109982,17,164287
1279,0.003473,74.125.24.0-255,2902,112884,17,164287
1280,0.003475,172.31.36.0-255,66,112950,17,164287
1281,0.003538,74.125.24.0-255,2902,115852,17,164287
1282,0.00354,172.31.36.0-255,66,115918,17,164287
1283,0.003568,172.31.36.0-255,66,115984,17,164287
1284,0.003749,74.125.24.0-255,2902,118886,17,164287
1285,0.003751,172.31.36.0-255,66,118952,17,164287
1286,0.003775,172.31.36.0-255,66,119018,17,164287
1287,0.003929,74.125.24.0-255,1484,120502,17,164287
1288,0.003955,74.125.24.0-255,5738,126240,17,164287
1289,0.003957,172.31.36.0-255,66,126306,17,164287
1290,0.004022,172.31.36.0-255,66,126372,17,164287
1291,0.004049,172.31.36.0-255,66,126438,17,164287
1292,0.00439,74.125.24.0-255,4320,130758,17,164287
1293,0.004393,172.31.36.0-255,66,130824,17,164287
1294,0.004413,74.125.24.0-255,4320,135144,17,164287
1295,0.004416,172.31.36.0-255,66,135210,17,164287
1296,0.004444,172.31.36.0-255,66,135276,17,164287
1297,0.004656,74.125.24.0-255,4320,139596,17,164287
1298,0.004659,172.31.36.0-255,66,139662,17,164287
1299,0.004685,172.31.36.0-255,66,139728,17,164287
1300,0.004704,74.125.24.0-255,5738,145466,17,164287
1301,0.004706,172.31.36.0-255,66,145532,17,164287
1302,0.004802,74.125.24.0-255,2902,148434,17,164287
1303,0.005744,74.125.24.0-255,7156,155590,17,164287
1304,0.006532,172.31.36.0-255,66,155656,17,164287
1305,0.00659,74.125.24.0-255,4320,159976,17,164287
1306,0.006603,172.31.36.0-255,66,160042,17,164287
1307,0.00674,172.31.36.0-255,66,160108,17,164287
1308,0.007433,74.125.24.0-255,3942,164050,17,164287
1309,0.007439,172.31.36.0-255,66,164116,17,164287
1310,0.009229,172.31.36.0-255,105,164221,17,164287
1311,0.011345,74.125.24.0-255,66,164287,17,164287
1312,0.0,74.125.68.0-255,152,152,17,244726
1313,1.6e-05,172.31.36.0-255,66,218,17,244726
1314,5.6e-05,74.125.68.0-255,1484,1702,17,244726
1315,6.1e-05,172.31.36.0-255,66,1768,17,244726
1316,6.8e-05,74.125.68.0-255,2902,4670,17,244726
1317,7.1e-05,172.31.36.0-255,66,4736,17,244726
1318,8e-05,74.125.68.0-255,1484,6220,17,244726
1319,8.2e-05,172.31.36.0-255,66,6286,17,244726
1320,0.000114,74.125.68.0-255,4320,10606,17,244726
1321,0.000118,172.31.36.0-255,66,10672,17,244726
1322,0.000125,74.125.68.0-255,6339,17011,17,244726
1323,0.000128,172.31.36.0-255,66,17077,17,244726
1324,0.000152,74.125.68.0-255,1484,18561,17,244726
1325,0.000155,172.31.36.0-255,66,18627,17,244726
1326,0.000161,74.125.68.0-255,2902,21529,17,244726
1327,0.000163,172.31.36.0-255,66,21595,17,244726
1328,0.000174,74.125.68.0-255,2902,24497,17,244726
1329,0.000177,172.31.36.0-255,66,24563,17,244726
1330,0.000209,74.125.68.0-255,2902,27465,17,244726
1331,0.000213,172.31.36.0-255,66,27531,17,244726
1332,0.000217,74.125.68.0-255,1484,29015,17,244726
1333,0.000219,172.31.36.0-255,66,29081,17,244726
1334,0.000224,74.125.68.0-255,2543,31624,17,244726
1335,0.000232,172.31.36.0-255,66,31690,17,244726
1336,0.000312,74.125.68.0-255,1484,33174,17,244726
1337,0.000317,172.31.36.0-255,66,33240,17,244726
1338,0.000337,74.125.68.0-255,2902,36142,17,244726
1339,0.00034,172.31.36.0-255,66,36208,17,244726
1340,0.000344,74.125.68.0-255,1484,37692,17,244726
1341,0.000346,172.31.36.0-255,66,37758,17,244726
1342,0.000351,74.125.68.0-255,2902,40660,17,244726
1343,0.000354,172.31.36.0-255,66,40726,17,244726
1344,0.00039,74.125.68.0-255,5738,46464,17,244726
1345,0.000394,172.31.36.0-255,66,46530,17,244726
1346,0.000426,74.125.68.0-255,5379,51909,17,244726
1347,0.000431,172.31.36.0-255,66,51975,17,244726
1348,0.000437,74.125.68.0-255,5738,57713,17,244726
1349,0.000439,172.31.36.0-255,66,57779,17,244726
1350,0.000458,172.31.36.0-255,66,57845,17,244726
1351,0.000461,74.125.68.0-255,129,57974,17,244726
1352,0.000606,74.125.68.0-255,1484,59458,17,244726
1353,0.000613,172.31.36.0-255,66,59524,17,244726
1354,0.00062,74.125.68.0-255,2902,62426,17,244726
1355,0.000623,172.31.36.0-255,66,62492,17,244726
1356,0.000635,74.125.68.0-255,5738,68230,17,244726
1357,0.000638,172.31.36.0-255,66,68296,17,244726
1358,0.000665,74.125.68.0-255,2902,71198,17,244726
1359,0.000668,172.31.36.0-255,66,71264,17,244726
1360,0.000705,74.125.68.0-255,2902,74166,17,244726
1361,0.000709,172.31.36.0-255,66,74232,17,244726
1362,0.000716,74.125.68.0-255,6797,81029,17,244726
1363,0.000719,172.31.36.0-255,66,81095,17,244726
1364,0.000735,172.31.36.0-255,66,81161,17,244726
1365,0.000767,74.125.68.0-255,2543,83704,17,244726
1366,0.000771,172.31.36.0-255,66,83770,17,244726
1367,0.000816,74.125.68.0-255,1484,85254,17,244726
1368,0.000821,74.125.68.0-255,2902,88156,17,244726
1369,0.000825,172.31.36.0-255,66,88222,17,244726
1370,0.000852,74.125.68.0-255,1484,89706,17,244726
1371,0.000866,74.125.68.0-255,4320,94026,17,244726
1372,0.000869,172.31.36.0-255,66,94092,17,244726
1373,0.000872,74.125.68.0-255,1484,95576,17,244726
1374,0.0009,74.125.68.0-255,5738,101314,17,244726
1375,0.000903,172.31.36.0-255,66,101380,17,244726
1376,0.000913,172.31.36.0-255,66,101446,17,244726
1377,0.000961,172.31.36.0-255,66,101512,17,244726
1378,0.00116,74.125.68.0-255,1484,102996,17,244726
1379,0.001185,74.125.68.0-255,2902,105898,17,244726
1380,0.001189,172.31.36.0-255,66,105964,17,244726
1381,0.001194,74.125.68.0-255,2902,108866,17,244726
1382,0.001196,172.31.36.0-255,66,108932,17,244726
1383,0.001214,74.125.68.0-255,2902,111834,17,244726
1384,0.001217,172.31.36.0-255,66,111900,17,244726
1385,0.001244,74.125.68.0-255,1484,113384,17,244726
1386,0.001258,74.125.68.0-255,2902,116286,17,244726
1387,0.001262,172.31.36.0-255,66,116352,17,244726
1388,0.00129,74.125.68.0-255,3664,120016,17,244726
1389,0.001293,172.31.36.0-255,66,120082,17,244726
1390,0.001328,74.125.68.0-255,4320,124402,17,244726
1391,0.001332,172.31.36.0-255,66,124468,17,244726
1392,0.001338,74.125.68.0-255,5738,130206,17,244726
1393,0.00134,172.31.36.0-255,66,130272,17,244726
1394,0.00138,172.31.36.0-255,66,130338,17,244726
1395,0.001407,74.125.68.0-255,1484,131822,17,244726
1396,0.001412,74.125.68.0-255,4320,136142,17,244726
1397,0.001415,172.31.36.0-255,66,136208,17,244726
1398,0.001422,74.125.68.0-255,6438,142646,17,244726
1399,0.001446,172.31.36.0-255,66,142712,17,244726
1400,0.0017,74.125.68.0-255,1484,144196,17,244726
1401,0.001707,74.125.68.0-255,2902,147098,17,244726
1402,0.001711,172.31.36.0-255,66,147164,17,244726
1403,0.001718,74.125.68.0-255,4320,151484,17,244726
1404,0.00172,172.31.36.0-255,66,151550,17,244726
1405,0.001757,172.31.36.0-255,66,151616,17,244726
1406,0.001761,74.125.68.0-255,2902,154518,17,244726
1407,0.001763,172.31.36.0-255,66,154584,17,244726
1408,0.001801,74.125.68.0-255,1484,156068,17,244726
1409,0.001838,74.125.68.0-255,1484,157552,17,244726
1410,0.001841,74.125.68.0-255,766,158318,17,244726
1411,0.001847,172.31.36.0-255,66,158384,17,244726
1412,0.001923,74.125.68.0-255,1484,159868,17,244726
1413,0.001928,74.125.68.0-255,2902,162770,17,244726
1414,0.001942,74.125.68.0-255,1484,164254,17,244726
1415,0.001955,74.125.68.0-255,4320,168574,17,244726
1416,0.00196,172.31.36.0-255,66,168640,17,244726
1417,0.001993,74.125.68.0-255,7156,175796,17,244726
1418,0.002009,172.31.36.0-255,66,175862,17,244726
1419,0.00202,74.125.68.0-255,2902,178764,17,244726
1420,0.002051,74.125.68.0-255,5020,183784,17,244726
1421,0.002063,74.125.68.0-255,2902,186686,17,244726
1422,0.0021,172.31.36.0-255,66,186752,17,244726
1423,0.002132,74.125.68.0-255,4320,191072,17,244726
1424,0.002147,74.125.68.0-255,7156,198228,17,244726
1425,0.002178,172.31.36.0-255,66,198294,17,244726
1426,0.004283,74.125.68.0-255,5738,204032,17,244726
1427,0.00429,172.31.36.0-255,66,204098,17,244726
1428,0.006417,74.125.68.0-255,5738,209836,17,244726
1429,0.006429,172.31.36.0-255,66,209902,17,244726
1430,0.008538,74.125.68.0-255,5738,215640,17,244726
1431,0.008544,172.31.36.0-255,66,215706,17,244726
1432,0.010654,74.125.68.0-255,5738,221444,17,244726
1433,0.010661,172.31.36.0-255,66,221510,17,244726
1434,0.012777,74.125.68.0-255,5738,227248,17,244726
1435,0.012787,172.31.36.0-255,66,227314,17,244726
1436,0.0149,74.125.68.0-255,5738,233052,17,244726
1437,0.014907,172.31.36.0-255,66,233118,17,244726
1438,0.017033,74.125.68.0-255,5738,238856,17,244726
1439,0.01704,172.31.36.0-255,66,238922,17,244726
1440,0.019146,74.125.68.0-255,5738,244660,17,244726
1441,0.019154,172.31.36.0-255,66,244726,17,244726
1442,0.0,74.125.24.0-255,153,153,17,222663
1443,3.8e-05,172.31.36.0-255,66,219,17,222663
1444,4.5e-05,74.125.24.0-255,1484,1703,17,222663
1445,4.9e-05,172.31.36.0-255,66,1769,17,222663
1446,5.5e-05,74.125.24.0-255,2902,4671,17,222663
1447,5.7e-05,172.31.36.0-255,66,4737,17,222663
1448,7.1e-05,74.125.24.0-255,5738,10475,17,222663
1449,7.4e-05,172.31.36.0-255,66,10541,17,222663
1450,7.8e-05,74.125.24.0-255,1484,12025,17,222663
1451,8e-05,172.31.36.0-255,66,12091,17,222663
1452,0.000122,74.125.24.0-255,6330,18421,17,222663
1453,0.000124,172.31.36.0-255,66,18487,17,222663
1454,0.000135,172.31.36.0-255,66,18553,17,222663
1455,0.000183,74.125.24.0-255,3961,22514,17,222663
1456,0.000186,172.31.36.0-255,66,22580,17,222663
1457,0.000224,74.125.24.0-255,1484,24064,17,222663
1458,0.000227,172.31.36.0-255,66,24130,17,222663
1459,0.000232,74.125.24.0-255,2902,27032,17,222663
1460,0.000235,172.31.36.0-255,66,27098,17,222663
1461,0.000261,74.125.24.0-255,5738,32836,17,222663
1462,0.000264,172.31.36.0-255,66,32902,17,222663
1463,0.000299,172.31.36.0-255,66,32968,17,222663
1464,0.000327,74.125.24.0-255,2902,35870,17,222663
1465,0.00033,172.31.36.0-255,66,35936,17,222663
1466,0.000364,74.125.24.0-255,4320,40256,17,222663
1467,0.000367,172.31.36.0-255,66,40322,17,222663
1468,0.000398,74.125.24.0-255,6732,47054,17,222663
1469,0.000401,172.31.36.0-255,66,47120,17,222663
1470,0.000404,74.125.24.0-255,131,47251,17,222663
1471,0.000406,172.31.36.0-255,66,47317,17,222663
1472,0.000557,74.125.24.0-255,1484,48801,17,222663
1473,0.000565,74.125.24.0-255,2902,51703,17,222663
1474,0.000568,172.31.36.0-255,66,51769,17,222663
1475,0.000573,74.125.24.0-255,4320,56089,17,222663
1476,0.000576,172.31.36.0-255,66,56155,17,222663
1477,0.000607,74.125.24.0-255,1484,57639,17,222663
1478,0.000611,74.125.24.0-255,1484,59123,17,222663
1479,0.000614,172.31.36.0-255,66,59189,17,222663
1480,0.000625,172.31.36.0-255,66,59255,17,222663
1481,0.000671,172.31.36.0-255,66,59321,17,222663
1482,0.000705,74.125.24.0-255,2184,61505,17,222663
1483,0.000707,172.31.36.0-255,66,61571,17,222663
1484,0.000733,74.125.24.0-255,2902,64473,17,222663
1485,0.000735,172.31.36.0-255,66,64539,17,222663
1486,0.000739,74.125.24.0-255,1484,66023,17,222663
1487,0.000765,74.125.24.0-255,5738,71761,17,222663
1488,0.000768,172.31.36.0-255,66,71827,17,222663
1489,0.000805,172.31.36.0-255,66,71893,17,222663
1490,0.00081,74.125.24.0-255,2902,74795,17,222663
1491,0.000812,172.31.36.0-255,66,74861,17,222663
1492,0.000877,172.31.36.0-255,66,74927,17,222663
1493,0.001039,74.125.24.0-255,1484,76411,17,222663
1494,0.001045,74.125.24.0-255,2902,79313,17,222663
1495,0.001047,172.31.36.0-255,66,79379,17,222663
1496,0.001076,74.125.24.0-255,5738,85117,17,222663
1497,0.001079,172.31.36.0-255,66,85183,17,222663
1498,0.001091,74.125.24.0-255,2902,88085,17,222663
1499,0.001099,172.31.36.0-255,66,88151,17,222663
1500,0.001139,172.31.36.0-255,66,88217,17,222663
1501,0.001145,74.125.24.0-255,4320,92537,17,222663
1502,0.001147,172.31.36.0-255,66,92603,17,222663
1503,0.001175,74.125.24.0-255,6438,99041,17,222663
1504,0.001178,172.31.36.0-255,66,99107,17,222663
1505,0.001405,74.125.24.0-255,1484,100591,17,222663
1506,0.001409,74.125.24.0-255,1484,102075,17,222663
1507,0.001412,172.31.36.0-255,66,102141,17,222663
1508,0.001435,74.125.24.0-255,1484,103625,17,222663
1509,0.001441,74.125.24.0-255,5738,109363,17,222663
1510,0.001444,172.31.36.0-255,66,109429,17,222663
1511,0.001498,172.31.36.0-255,66,109495,17,222663
1512,0.001503,74.125.24.0-255,4320,113815,17,222663
1513,0.001505,172.31.36.0-255,66,113881,17,222663
1514,0.001544,172.31.36.0-255,66,113947,17,222663
1515,0.001987,74.125.24.0-255,1484,115431,17,222663
1516,0.001993,74.125.24.0-255,2902,118333,17,222663
1517,0.001996,172.31.36.0-255,66,118399,17,222663
1518,0.002027,74.125.24.0-255,5738,124137,17,222663
1519,0.00203,172.31.36.0-255,66,124203,17,222663
1520,0.002079,74.125.24.0-255,1484,125687,17,222663
1521,0.002099,74.125.24.0-255,5738,131425,17,222663
1522,0.002102,172.31.36.0-255,66,131491,17,222663
1523,0.002115,172.31.36.0-255,66,131557,17,222663
1524,0.002127,74.125.24.0-255,5738,137295,17,222663
1525,0.002129,172.31.36.0-255,66,137361,17,222663
1526,0.002164,74.125.24.0-255,5020,142381,17,222663
1527,0.002168,172.31.36.0-255,66,142447,17,222663
1528,0.002197,172.31.36.0-255,66,142513,17,222663
1529,0.002207,172.31.36.0-255,66,142579,17,222663
1530,0.002229,74.125.24.0-255,2902,145481,17,222663
1531,0.002231,172.31.36.0-255,66,145547,17,222663
1532,0.00225,74.125.24.0-255,2184,147731,17,222663
1533,0.002252,172.31.36.0-255,66,147797,17,222663
1534,0.002283,74.125.24.0-255,1484,149281,17,222663
1535,0.002302,74.125.24.0-255,2902,152183,17,222663
1536,0.002304,172.31.36.0-255,66,152249,17,222663
1537,0.002328,74.125.24.0-255,4320,156569,17,222663
1538,0.002331,172.31.36.0-255,66,156635,17,222663
1539,0.002355,74.125.24.0-255,1484,158119,17,222663
1540,0.002363,74.125.24.0-255,7156,165275,17,222663
1541,0.002365,172.31.36.0-255,66,165341,17,222663
1542,0.002371,74.125.24.0-255,5738,171079,17,222663
1543,0.002374,172.31.36.0-255,66,171145,17,222663
1544,0.002398,74.125.24.0-255,4320,175465,17,222663
1545,0.002401,172.31.36.0-255,66,175531,17,222663
1546,0.002428,74.125.24.0-255,6438,181969,17,222663
1547,0.002432,172.31.36.0-255,66,182035,17,222663
1548,0.004784,74.125.24.0-255,5738,187773,17,222663
1549,0.004795,172.31.36.0-255,66,187839,17,222663
1550,0.007124,74.125.24.0-255,5738,193577,17,222663
1551,0.007131,172.31.36.0-255,66,193643,17,222663
1552,0.009478,74.125.24.0-255,5738,199381,17,222663
1553,0.009502,172.31.36.0-255,66,199447,17,222663
1554,0.011848,74.125.24.0-255,5738,205185,17,222663
1555,0.011864,172.31.36.0-255,66,205251,17,222663
1556,0.014192,74.125.24.0-255,5738,210989,17,222663
1557,0.014204,172.31.36.0-255,66,211055,17,222663
1558,0.016539,74.125.24.0-255,5738,216793,17,222663
1559,0.016545,172.31.36.0-255,66,216859,17,222663
1560,0.018853,74.125.24.0-255,5738,222597,17,222663
1561,0.018861,172.31.36.0-255,66,222663,17,222663
1562,0.0,74.125.24.0-255,149,149,17,280751
1563,2.1e-05,172.31.36.0-255,66,215,17,280751
1564,2.8e-05,74.125.24.0-255,1484,1699,17,280751
1565,3.3e-05,172.31.36.0-255,66,1765,17,280751
1566,3.8e-05,74.125.24.0-255,2902,4667,17,280751
1567,4.3e-05,172.31.36.0-255,66,4733,17,280751
1568,5.1e-05,74.125.24.0-255,7156,11889,17,280751
1569,5.3e-05,172.31.36.0-255,66,11955,17,280751
1570,5.6e-05,74.125.24.0-255,1484,13439,17,280751
1571,5.9e-05,172.31.36.0-255,66,13505,17,280751
1572,8.3e-05,74.125.24.0-255,7156,20661,17,280751
1573,8.6e-05,172.31.36.0-255,66,20727,17,280751
1574,0.000106,74.125.24.0-255,3481,24208,17,280751
1575,0.000108,172.31.36.0-255,66,24274,17,280751
1576,0.000117,74.125.24.0-255,6797,31071,17,280751
1577,0.000119,172.31.36.0-255,66,31137,17,280751
1578,0.000249,74.125.24.0-255,1484,32621,17,280751
1579,0.000253,172.31.36.0-255,66,32687,17,280751
1580,0.000257,74.125.24.0-255,1484,34171,17,280751
1581,0.000259,172.31.36.0-255,66,34237,17,280751
1582,0.000275,74.125.24.0-255,1484,35721,17,280751
1583,0.000277,172.31.36.0-255,66,35787,17,280751
1584,0.000285,74.125.24.0-255,5738,41525,17,280751
1585,0.000287,172.31.36.0-255,66,41591,17,280751
1586,0.000315,74.125.24.0-255,7156,48747,17,280751
1587,0.000318,172.31.36.0-255,66,48813,17,280751
1588,0.00034,74.125.24.0-255,6797,55610,17,280751
1589,0.000343,172.31.36.0-255,66,55676,17,280751
1590,0.000376,74.125.24.0-255,2902,58578,17,280751
1591,0.000379,172.31.36.0-255,66,58644,17,280751
1592,0.000408,172.31.36.0-255,66,58710,17,280751
1593,0.000854,74.125.24.0-255,1484,60194,17,280751
1594,0.000872,74.125.24.0-255,2902,63096,17,280751
1595,0.000876,172.31.36.0-255,66,63162,17,280751
1596,0.000896,74.125.24.0-255,2902,66064,17,280751
1597,0.000898,172.31.36.0-255,66,66130,17,280751
1598,0.000921,74.125.24.0-255,2902,69032,17,280751
1599,0.000924,172.31.36.0-255,66,69098,17,280751
1600,0.000937,172.31.36.0-255,66,69164,17,280751
1601,0.000982,172.31.36.0-255,66,69230,17,280751
1602,0.001502,74.125.24.0-255,1484,70714,17,280751
1603,0.001523,74.125.24.0-255,2902,73616,17,280751
1604,0.001528,172.31.36.0-255,66,73682,17,280751
1605,0.001534,74.125.24.0-255,2902,76584,17,280751
1606,0.001536,172.31.36.0-255,66,76650,17,280751
1607,0.001551,74.125.24.0-255,2902,79552,17,280751
1608,0.001553,172.31.36.0-255,66,79618,17,280751
1609,0.001571,74.125.24.0-255,5738,85356,17,280751
1610,0.001574,172.31.36.0-255,66,85422,17,280751
1611,0.001616,74.125.24.0-255,7156,92578,17,280751
1612,0.00162,172.31.36.0-255,66,92644,17,280751
1613,0.001633,172.31.36.0-255,66,92710,17,280751
1614,0.001979,74.125.24.0-255,1484,94194,17,280751
1615,0.001987,74.125.24.0-255,2902,97096,17,280751
1616,0.001992,172.31.36.0-255,66,97162,17,280751
1617,0.002012,74.125.24.0-255,5738,102900,17,280751
1618,0.002015,172.31.36.0-255,66,102966,17,280751
1619,0.002023,74.125.24.0-255,5738,108704,17,280751
1620,0.002025,172.31.36.0-255,66,108770,17,280751
1621,0.002033,74.125.24.0-255,7156,115926,17,280751
1622,0.002035,172.31.36.0-255,66,115992,17,280751
1623,0.002062,74.125.24.0-255,5738,121730,17,280751
1624,0.002064,172.31.36.0-255,66,121796,17,280751
1625,0.00207,74.125.24.0-255,5020,126816,17,280751
1626,0.002072,172.31.36.0-255,66,126882,17,280751
1627,0.002134,74.125.24.0-255,1484,128366,17,280751
1628,0.002148,74.125.24.0-255,1484,129850,17,280751
1629,0.002151,172.31.36.0-255,66,129916,17,280751
1630,0.002171,74.125.24.0-255,1484,131400,17,280751
1631,0.002179,74.125.24.0-255,5738,137138,17,280751
1632,0.002182,172.31.36.0-255,66,137204,17,280751
1633,0.002203,74.125.24.0-255,7156,144360,17,280751
1634,0.002206,172.31.36.0-255,66,144426,17,280751
1635,0.002234,74.125.24.0-255,5738,150164,17,280751
1636,0.002237,172.31.36.0-255,66,150230,17,280751
1637,0.002244,74.125.24.0-255,5738,155968,17,280751
1638,0.002246,172.31.36.0-255,66,156034,17,280751
1639,0.002272,74.125.24.0-255,5020,161054,17,280751
1640,0.002275,172.31.36.0-255,66,161120,17,280751
1641,0.002388,74.125.24.0-255,1484,162604,17,280751
1642,0.002392,74.125.24.0-255,1484,164088,17,280751
1643,0.002394,172.31.36.0-255,66,164154,17,280751
1644,0.002412,74.125.24.0-255,1484,165638,17,280751
1645,0.002416,74.125.24.0-255,2902,168540,17,280751
1646,0.002419,172.31.36.0-255,66,168606,17,280751
1647,0.002439,74.125.24.0-255,1484,170090,17,280751
1648,0.00245,172.31.36.0-255,66,170156,17,280751
1649,0.002478,74.125.24.0-255,4320,174476,17,280751
1650,0.002481,172.31.36.0-255,66,174542,17,280751
1651,0.002511,172.31.36.0-255,66,174608,17,280751
1652,0.002761,74.125.24.0-255,1484,176092,17,280751
1653,0.002789,74.125.24.0-255,1484,177576,17,280751
1654,0.002791,172.31.36.0-255,66,177642,17,280751
1655,0.002794,74.125.24.0-255,1484,179126,17,280751
1656,0.002797,74.125.24.0-255,1484,180610,17,280751
1657,0.0028,172.31.36.0-255,66,180676,17,280751
1658,0.00282,74.125.24.0-255,1484,182160,17,280751
1659,0.00284,74.125.24.0-255,4320,186480,17,280751
1660,0.002843,172.31.36.0-255,66,186546,17,280751
1661,0.002859,74.125.24.0-255,2902,189448,17,280751
1662,0.002861,172.31.36.0-255,66,189514,17,280751
1663,0.002893,74.125.24.0-255,5738,195252,17,280751
1664,0.002896,172.31.36.0-255,66,195318,17,280751
1665,0.002902,74.125.24.0-255,5738,201056,17,280751
1666,0.002905,172.31.36.0-255,66,201122,17,280751
1667,0.002915,172.31.36.0-255,66,201188,17,280751
1668,0.00296,172.31.36.0-255,66,201254,17,280751
1669,0.002967,74.125.24.0-255,7156,208410,17,280751
1670,0.002969,172.31.36.0-255,66,208476,17,280751
1671,0.002994,172.31.36.0-255,66,208542,17,280751
1672,0.002997,74.125.24.0-255,766,209308,17,280751
1673,0.003027,74.125.24.0-255,1484,210792,17,280751
1674,0.00303,172.31.36.0-255,66,210858,17,280751
1675,0.003035,74.125.24.0-255,2902,213760,17,280751
1676,0.003037,172.31.36.0-255,66,213826,17,280751
1677,0.00304,74.125.24.0-255,1484,215310,17,280751
1678,0.003057,74.125.24.0-255,4320,219630,17,280751
1679,0.003059,172.31.36.0-255,66,219696,17,280751
1680,0.003063,74.125.24.0-255,1484,221180,17,280751
1681,0.003087,172.31.36.0-255,66,221246,17,280751
1682,0.0031,74.125.24.0-255,2902,224148,17,280751
1683,0.003103,172.31.36.0-255,66,224214,17,280751
1684,0.003131,74.125.24.0-255,7156,231370,17,280751
1685,0.003134,172.31.36.0-255,66,231436,17,280751
1686,0.003137,74.125.24.0-255,1484,232920,17,280751
1687,0.003152,74.125.24.0-255,2184,235104,17,280751
1688,0.003154,172.31.36.0-255,66,235170,17,280751
1689,0.003167,74.125.24.0-255,1484,236654,17,280751
1690,0.003179,74.125.24.0-255,1484,238138,17,280751
1691,0.003182,172.31.36.0-255,66,238204,17,280751
1692,0.003187,74.125.24.0-255,2902,241106,17,280751
1693,0.003189,172.31.36.0-255,66,241172,17,280751
1694,0.003205,74.125.24.0-255,4320,245492,17,280751
1695,0.003207,172.31.36.0-255,66,245558,17,280751
1696,0.003251,172.31.36.0-255,66,245624,17,280751
1697,0.003272,74.125.24.0-255,2902,248526,17,280751
1698,0.003274,172.31.36.0-255,66,248592,17,280751
1699,0.003287,172.31.36.0-255,66,248658,17,280751
1700,0.003293,74.125.24.0-255,5738,254396,17,280751
1701,0.003295,172.31.36.0-255,66,254462,17,280751
1702,0.003325,74.125.24.0-255,6438,260900,17,280751
1703,0.003328,172.31.36.0-255,66,260966,17,280751
1704,0.003341,172.31.36.0-255,66,261032,17,280751
1705,0.003346,74.125.24.0-255,4320,265352,17,280751
1706,0.003348,172.31.36.0-255,66,265418,17,280751
1707,0.00337,74.125.24.0-255,2902,268320,17,280751
1708,0.003372,172.31.36.0-255,66,268386,17,280751
1709,0.003385,74.125.24.0-255,2184,270570,17,280751
1710,0.003387,172.31.36.0-255,66,270636,17,280751
1711,0.00339,74.125.24.0-255,1484,272120,17,280751
1712,0.00341,74.125.24.0-255,1484,273604,17,280751
1713,0.003413,172.31.36.0-255,66,273670,17,280751
1714,0.003419,74.125.24.0-255,5738,279408,17,280751
1715,0.003421,172.31.36.0-255,66,279474,17,280751
1716,0.003432,74.125.24.0-255,838,280312,17,280751
1717,0.003435,74.125.24.0-255,97,280409,17,280751
1718,0.003495,74.125.24.0-255,105,280514,17,280751
1719,0.008749,172.31.36.0-255,66,280580,17,280751
1720,0.00879,172.31.36.0-255,105,280685,17,280751
1721,0.011486,74.125.24.0-255,66,280751,17,280751
1722,0.0,74.125.24.0-255,143,143,17,257082
1723,2e-05,172.31.36.0-255,66,209,17,257082
1724,2.8e-05,74.125.24.0-255,1484,1693,17,257082
1725,3.4e-05,172.31.36.0-255,66,1759,17,257082
1726,4e-05,74.125.24.0-255,2902,4661,17,257082
1727,4.4e-05,172.31.36.0-255,66,4727,17,257082
1728,5.2e-05,74.125.24.0-255,7156,11883,17,257082
1729,5.6e-05,172.31.36.0-255,66,11949,17,257082
1730,6.3e-05,74.125.24.0-255,6329,18278,17,257082
1731,6.6e-05,172.31.36.0-255,66,18344,17,257082
1732,0.000114,172.31.36.0-255,66,18410,17,257082
1733,0.000134,74.125.24.0-255,3961,22371,17,257082
1734,0.000136,172.31.36.0-255,66,22437,17,257082
1735,0.000154,74.125.24.0-255,1484,23921,17,257082
1736,0.000156,172.31.36.0-255,66,23987,17,257082
1737,0.000174,74.125.24.0-255,2902,26889,17,257082
1738,0.000177,172.31.36.0-255,66,26955,17,257082
1739,0.000183,74.125.24.0-255,5738,32693,17,257082
1740,0.000186,172.31.36.0-255,66,32759,17,257082
1741,0.000209,172.31.36.0-255,66,32825,17,257082
1742,0.000251,172.31.36.0-255,66,32891,17,257082
1743,0.000542,74.125.24.0-255,135,33026,17,257082
1744,0.000548,172.31.36.0-255,66,33092,17,257082
1745,0.000578,74.125.24.0-255,1484,34576,17,257082
1746,0.000581,172.31.36.0-255,66,34642,17,257082
1747,0.000595,74.125.24.0-255,2902,37544,17,257082
1748,0.000598,172.31.36.0-255,66,37610,17,257082
1749,0.000602,74.125.24.0-255,1484,39094,17,257082
1750,0.000604,172.31.36.0-255,66,39160,17,257082
1751,0.000608,74.125.24.0-255,1484,40644,17,257082
1752,0.00064,74.125.24.0-255,7156,47800,17,257082
1753,0.00066,74.125.24.0-255,2543,50343,17,257082
1754,0.000664,172.31.36.0-255,66,50409,17,257082
1755,0.000674,172.31.36.0-255,66,50475,17,257082
1756,0.001281,74.125.24.0-255,1484,51959,17,257082
1757,0.001302,74.125.24.0-255,1484,53443,17,257082
1758,0.001306,172.31.36.0-255,66,53509,17,257082
1759,0.001323,74.125.24.0-255,1484,54993,17,257082
1760,0.001339,74.125.24.0-255,1484,56477,17,257082
1761,0.001341,172.31.36.0-255,66,56543,17,257082
1762,0.001345,74.125.24.0-255,1484,58027,17,257082
1763,0.00136,74.125.24.0-255,1484,59511,17,257082
1764,0.001362,172.31.36.0-255,66,59577,17,257082
1765,0.00137,74.125.24.0-255,5738,65315,17,257082
1766,0.001374,74.125.24.0-255,2543,67858,17,257082
1767,0.002168,74.125.24.0-255,1484,69342,17,257082
1768,0.00219,74.125.24.0-255,2902,72244,17,257082
1769,0.002204,74.125.24.0-255,4320,76564,17,257082
1770,0.002216,74.125.24.0-255,1484,78048,17,257082
1771,0.002236,74.125.24.0-255,5738,83786,17,257082
1772,0.002249,74.125.24.0-255,1484,85270,17,257082
1773,0.002264,74.125.24.0-255,5738,91008,17,257082
1774,0.002281,74.125.24.0-255,2902,93910,17,257082
1775,0.002318,74.125.24.0-255,2902,96812,17,257082
1776,0.00234,74.125.24.0-255,5020,101832,17,257082
1777,0.00262,74.125.24.0-255,1484,103316,17,257082
1778,0.002634,74.125.24.0-255,2902,106218,17,257082
1779,0.002638,74.125.24.0-255,2902,109120,17,257082
1780,0.002657,74.125.24.0-255,2902,112022,17,257082
1781,0.002679,74.125.24.0-255,2902,114924,17,257082
1782,0.00272,74.125.24.0-255,5738,120662,17,257082
1783,0.002733,74.125.24.0-255,5020,125682,17,257082
1784,0.002763,74.125.24.0-255,5738,131420,17,257082
1785,0.002823,74.125.24.0-255,7156,138576,17,257082
1786,0.002837,74.125.24.0-255,6438,145014,17,257082
1787,0.00285,74.125.24.0-255,1484,146498,17,257082
1788,0.002864,74.125.24.0-255,4320,150818,17,257082
1789,0.002918,74.125.24.0-255,2902,153720,17,257082
1790,0.002924,74.125.24.0-255,5020,158740,17,257082
1791,0.003474,74.125.24.0-255,1484,160224,17,257082
1792,0.003494,74.125.24.0-255,2902,163126,17,257082
1793,0.003498,74.125.24.0-255,1484,164610,17,257082
1794,0.003519,74.125.24.0-255,4320,168930,17,257082
1795,0.003554,74.125.24.0-255,1484,170414,17,257082
1796,0.003576,74.125.24.0-255,5738,176152,17,257082
1797,0.003596,74.125.24.0-255,6438,182590,17,257082
1798,0.003601,74.125.24.0-255,2902,185492,17,257082
1799,0.003622,74.125.24.0-255,4320,189812,17,257082
1800,0.003665,172.31.36.0-255,66,189878,17,257082
1801,0.003672,74.125.24.0-255,5020,194898,17,257082
1802,0.003682,172.31.36.0-255,66,194964,17,257082
1803,0.003696,74.125.24.0-255,2902,197866,17,257082
1804,0.003712,74.125.24.0-255,2902,200768,17,257082
1805,0.003718,74.125.24.0-255,4320,205088,17,257082
1806,0.003748,74.125.24.0-255,1484,206572,17,257082
1807,0.003753,172.31.36.0-255,66,206638,17,257082
1808,0.003781,74.125.24.0-255,4320,210958,17,257082
1809,0.003803,74.125.24.0-255,5738,216696,17,257082
1810,0.003815,172.31.36.0-255,66,216762,17,257082
1811,0.00382,74.125.24.0-255,2184,218946,17,257082
1812,0.003825,172.31.36.0-255,66,219012,17,257082
1813,0.003885,74.125.24.0-255,1484,220496,17,257082
1814,0.00389,74.125.24.0-255,2902,223398,17,257082
1815,0.003896,172.31.36.0-255,66,223464,17,257082
1816,0.003916,74.125.24.0-255,5738,229202,17,257082
1817,0.003923,74.125.24.0-255,5738,234940,17,257082
1818,0.003939,74.125.24.0-255,4320,239260,17,257082
1819,0.003942,172.31.36.0-255,66,239326,17,257082
1820,0.003947,172.31.36.0-255,66,239392,17,257082
1821,0.003955,74.125.24.0-255,2902,242294,17,257082
1822,0.003985,172.31.36.0-255,66,242360,17,257082
1823,0.003999,74.125.24.0-255,5020,247380,17,257082
1824,0.004006,74.125.24.0-255,7156,254536,17,257082
1825,0.004027,74.125.24.0-255,1484,256020,17,257082
1826,0.004035,172.31.36.0-255,66,256086,17,257082
1827,0.004091,74.125.24.0-255,105,256191,17,257082
1828,0.004115,172.31.36.0-255,66,256257,17,257082
1829,0.004153,74.125.24.0-255,129,256386,17,257082
1830,0.006407,172.31.36.0-255,105,256491,17,257082
1831,0.006448,172.31.36.0-255,105,256596,17,257082
1832,0.006676,172.31.36.0-255,90,256686,17,257082
1833,0.006685,172.31.36.0-255,66,256752,17,257082
1834,0.008631,74.125.24.0-255,66,256818,17,257082
1835,0.00864,74.125.24.0-255,66,256884,17,257082
1836,0.008828,74.125.24.0-255,66,256950,17,257082
1837,0.008866,74.125.24.0-255,66,257016,17,257082
1838,0.008872,172.31.36.0-255,66,257082,17,257082
1839,0.0,74.125.24.0-255,66,66,17,66
1840,0.0,74.125.24.0-255,301,301,17,136758
1841,2.3e-05,172.31.36.0-255,66,367,17,136758
1842,3e-05,74.125.24.0-255,1484,1851,17,136758
1843,3.5e-05,172.31.36.0-255,66,1917,17,136758
1844,6.3e-05,74.125.24.0-255,4320,6237,17,136758
1845,6.8e-05,172.31.36.0-255,66,6303,17,136758
1846,7.4e-05,74.125.24.0-255,4320,10623,17,136758
1847,7.7e-05,172.31.36.0-255,66,10689,17,136758
1848,0.000111,74.125.24.0-255,1484,12173,17,136758
1849,0.000118,172.31.36.0-255,66,12239,17,136758
1850,0.000149,74.125.24.0-255,1848,14087,17,136758
1851,0.000151,172.31.36.0-255,66,14153,17,136758
1852,0.000157,74.125.24.0-255,4320,18473,17,136758
1853,0.00016,172.31.36.0-255,66,18539,17,136758
1854,0.000168,74.125.24.0-255,1484,20023,17,136758
1855,0.00017,172.31.36.0-255,66,20089,17,136758
1856,0.000196,74.125.24.0-255,2902,22991,17,136758
1857,0.000199,172.31.36.0-255,66,23057,17,136758
1858,0.000204,74.125.24.0-255,4320,27377,17,136758
1859,0.000207,172.31.36.0-255,66,27443,17,136758
1860,0.000231,74.125.24.0-255,1484,28927,17,136758
1861,0.000233,172.31.36.0-255,66,28993,17,136758
1862,0.000239,74.125.24.0-255,2543,31536,17,136758
1863,0.000242,172.31.36.0-255,66,31602,17,136758
1864,0.00027,74.125.24.0-255,1484,33086,17,136758
1865,0.000272,172.31.36.0-255,66,33152,17,136758
1866,0.000277,74.125.24.0-255,2902,36054,17,136758
1867,0.000279,172.31.36.0-255,66,36120,17,136758
1868,0.000299,74.125.24.0-255,5738,41858,17,136758
1869,0.000301,172.31.36.0-255,66,41924,17,136758
1870,0.000309,74.125.24.0-255,2902,44826,17,136758
1871,0.000311,172.31.36.0-255,66,44892,17,136758
1872,0.000361,74.125.24.0-255,3961,48853,17,136758
1873,0.000364,172.31.36.0-255,66,48919,17,136758
1874,0.000557,74.125.24.0-255,1484,50403,17,136758
1875,0.000563,74.125.24.0-255,2902,53305,17,136758
1876,0.000566,172.31.36.0-255,66,53371,17,136758
1877,0.000574,74.125.24.0-255,5738,59109,17,136758
1878,0.000576,172.31.36.0-255,66,59175,17,136758
1879,0.000625,74.125.24.0-255,7128,66303,17,136758
1880,0.000628,172.31.36.0-255,66,66369,17,136758
1881,0.00076,74.125.24.0-255,345,66714,17,136758
1882,0.000895,74.125.24.0-255,1484,68198,17,136758
1883,0.0009,172.31.36.0-255,66,68264,17,136758
1884,0.000906,74.125.24.0-255,2902,71166,17,136758
1885,0.000909,172.31.36.0-255,66,71232,17,136758
1886,0.00092,74.125.24.0-255,5738,76970,17,136758
1887,0.000923,172.31.36.0-255,66,77036,17,136758
1888,0.000929,74.125.24.0-255,4320,81356,17,136758
1889,0.000931,172.31.36.0-255,66,81422,17,136758
1890,0.000977,74.125.24.0-255,2902,84324,17,136758
1891,0.00098,172.31.36.0-255,66,84390,17,136758
1892,0.001013,172.31.36.0-255,66,84456,17,136758
1893,0.001047,172.31.36.0-255,66,84522,17,136758
1894,0.003052,74.125.24.0-255,5738,90260,17,136758
1895,0.003059,172.31.36.0-255,66,90326,17,136758
1896,0.005045,74.125.24.0-255,5738,96064,17,136758
1897,0.005049,172.31.36.0-255,66,96130,17,136758
1898,0.007103,74.125.24.0-255,5738,101868,17,136758
1899,0.00711,172.31.36.0-255,66,101934,17,136758
1900,0.00913,74.125.24.0-255,5738,107672,17,136758
1901,0.009137,172.31.36.0-255,66,107738,17,136758
1902,0.011152,74.125.24.0-255,5738,113476,17,136758
1903,0.01116,172.31.36.0-255,66,113542,17,136758
1904,0.013183,74.125.24.0-255,5738,119280,17,136758
1905,0.013191,172.31.36.0-255,66,119346,17,136758
1906,0.015225,74.125.24.0-255,5738,125084,17,136758
1907,0.015233,172.31.36.0-255,66,125150,17,136758
1908,0.01721,74.125.24.0-255,5738,130888,17,136758
1909,0.017219,172.31.36.0-255,66,130954,17,136758
1910,0.019199,74.125.24.0-255,5738,136692,17,136758
1911,0.019207,172.31.36.0-255,66,136758,17,136758
1912,0.0,74.125.24.0-255,153,153,17,108197
1913,2.1e-05,172.31.36.0-255,66,219,17,108197
1914,2.9e-05,74.125.24.0-255,1484,1703,17,108197
1915,3.4e-05,172.31.36.0-255,66,1769,17,108197
1916,4.7e-05,74.125.24.0-255,2902,4671,17,108197
1917,5.1e-05,172.31.36.0-255,66,4737,17,108197
1918,8.4e-05,74.125.24.0-255,7156,11893,17,108197
1919,8.9e-05,172.31.36.0-255,66,11959,17,108197
1920,0.000167,74.125.24.0-255,2045,14004,17,108197
1921,0.00017,172.31.36.0-255,66,14070,17,108197
1922,0.000201,172.31.36.0-255,66,14136,17,108197
1923,0.00023,74.125.24.0-255,2902,17038,17,108197
1924,0.000232,172.31.36.0-255,66,17104,17,108197
1925,0.000364,74.125.24.0-255,1484,18588,17,108197
1926,0.00037,172.31.36.0-255,66,18654,17,108197
1927,0.000424,172.31.36.0-255,66,18720,17,108197
1928,0.000706,172.31.36.0-255,66,18786,17,108197
1929,0.000737,74.125.24.0-255,6392,25178,17,108197
1930,0.000742,172.31.36.0-255,66,25244,17,108197
1931,0.000939,74.125.24.0-255,374,25618,17,108197
1932,0.000943,172.31.36.0-255,66,25684,17,108197
1933,0.000972,74.125.24.0-255,7156,32840,17,108197
1934,0.000978,172.31.36.0-255,66,32906,17,108197
1935,0.001002,172.31.36.0-255,66,32972,17,108197
1936,0.001282,74.125.24.0-255,5738,38710,17,108197
1937,0.001287,172.31.36.0-255,66,38776,17,108197
1938,0.001316,74.125.24.0-255,6797,45573,17,108197
1939,0.001319,172.31.36.0-255,66,45639,17,108197
1940,0.001473,74.125.24.0-255,7156,52795,17,108197
1941,0.001476,172.31.36.0-255,66,52861,17,108197
1942,0.001576,74.125.24.0-255,4320,57181,17,108197
1943,0.00158,172.31.36.0-255,66,57247,17,108197
1944,0.001597,74.125.24.0-255,4320,61567,17,108197
1945,0.001599,172.31.36.0-255,66,61633,17,108197
1946,0.001717,172.31.36.0-255,66,61699,17,108197
1947,0.001742,172.31.36.0-255,66,61765,17,108197
1948,0.003855,74.125.24.0-255,5738,67503,17,108197
1949,0.003862,172.31.36.0-255,66,67569,17,108197
1950,0.005952,74.125.24.0-255,5738,73307,17,108197
1951,0.005959,172.31.36.0-255,66,73373,17,108197
1952,0.008097,74.125.24.0-255,5738,79111,17,108197
1953,0.008103,172.31.36.0-255,66,79177,17,108197
1954,0.010208,74.125.24.0-255,5738,84915,17,108197
1955,0.010217,172.31.36.0-255,66,84981,17,108197
1956,0.012329,74.125.24.0-255,5738,90719,17,108197
1957,0.012336,172.31.36.0-255,66,90785,17,108197
1958,0.014433,74.125.24.0-255,5738,96523,17,108197
1959,0.01444,172.31.36.0-255,66,96589,17,108197
1960,0.016523,74.125.24.0-255,5738,102327,17,108197
1961,0.016531,172.31.36.0-255,66,102393,17,108197
1962,0.01865,74.125.24.0-255,5738,108131,17,108197
1963,0.01866,172.31.36.0-255,66,108197,17,108197
1964,0.0,74.125.130.0-255,296,296,17,174135
1965,2.5e-05,172.31.36.0-255,66,362,17,174135
1966,3.1e-05,74.125.130.0-255,1484,1846,17,174135
1967,3.5e-05,172.31.36.0-255,66,1912,17,174135
1968,4.1e-05,74.125.130.0-255,4320,6232,17,174135
1969,4.4e-05,172.31.36.0-255,66,6298,17,174135
1970,4.7e-05,74.125.130.0-255,2902,9200,17,174135
1971,4.9e-05,172.31.36.0-255,66,9266,17,174135
1972,5.2e-05,74.125.130.0-255,1484,10750,17,174135
1973,5.6e-05,172.31.36.0-255,66,10816,17,174135
1974,8.5e-05,74.125.130.0-255,2902,13718,17,174135
1975,8.8e-05,172.31.36.0-255,66,13784,17,174135
1976,9e-05,74.125.130.0-255,422,14206,17,174135
1977,9.2e-05,172.31.36.0-255,66,14272,17,174135
1978,0.000441,74.125.130.0-255,1484,15756,17,174135
1979,0.000446,172.31.36.0-255,66,15822,17,174135
1980,0.000455,74.125.130.0-255,2902,18724,17,174135
1981,0.000457,172.31.36.0-255,66,18790,17,174135
1982,0.000462,74.125.130.0-255,2902,21692,17,174135
1983,0.000464,172.31.36.0-255,66,21758,17,174135
1984,0.00048,74.125.130.0-255,2902,24660,17,174135
1985,0.000482,172.31.36.0-255,66,24726,17,174135
1986,0.000499,74.125.130.0-255,1484,26210,17,174135
1987,0.000501,172.31.36.0-255,66,26276,17,174135
1988,0.000528,74.125.130.0-255,5379,31655,17,174135
1989,0.000531,172.31.36.0-255,66,31721,17,174135
1990,0.000548,74.125.130.0-255,4320,36041,17,174135
1991,0.000552,172.31.36.0-255,66,36107,17,174135
1992,0.000573,74.125.130.0-255,2902,39009,17,174135
1993,0.000576,172.31.36.0-255,66,39075,17,174135
1994,0.000587,172.31.36.0-255,66,39141,17,174135
1995,0.0006,74.125.130.0-255,1125,40266,17,174135
1996,0.000696,74.125.130.0-255,1484,41750,17,174135
1997,0.0007,172.31.36.0-255,66,41816,17,174135
1998,0.000716,74.125.130.0-255,1484,43300,17,174135
1999,0.000721,74.125.130.0-255,2902,46202,17,174135
2000,0.000723,172.31.36.0-255,66,46268,17,174135
2001,0.000754,74.125.130.0-255,5738,52006,17,174135
2002,0.000758,172.31.36.0-255,66,52072,17,174135
2003,0.000763,74.125.130.0-255,4320,56392,17,174135
2004,0.000765,172.31.36.0-255,66,56458,17,174135
2005,0.000804,74.125.130.0-255,1412,57870,17,174135
2006,0.00082,74.125.130.0-255,367,58237,17,174135
2007,0.000823,172.31.36.0-255,66,58303,17,174135
2008,0.000933,74.125.130.0-255,1484,59787,17,174135
2009,0.000937,74.125.130.0-255,1484,61271,17,174135
2010,0.000941,172.31.36.0-255,66,61337,17,174135
2011,0.00096,74.125.130.0-255,1484,62821,17,174135
2012,0.000967,74.125.130.0-255,1484,64305,17,174135
2013,0.000969,172.31.36.0-255,66,64371,17,174135
2014,0.000974,74.125.130.0-255,2902,67273,17,174135
2015,0.000976,172.31.36.0-255,66,67339,17,174135
2016,0.000981,74.125.130.0-255,2902,70241,17,174135
2017,0.000983,172.31.36.0-255,66,70307,17,174135
2018,0.001005,74.125.130.0-255,2902,73209,17,174135
2019,0.001008,172.31.36.0-255,66,73275,17,174135
2020,0.001022,74.125.130.0-255,1484,74759,17,174135
2021,0.001042,74.125.130.0-255,5379,80138,17,174135
2022,0.001045,172.31.36.0-255,66,80204,17,174135
2023,0.001053,74.125.130.0-255,7156,87360,17,174135
2024,0.001056,172.31.36.0-255,66,87426,17,174135
2025,0.001084,74.125.130.0-255,1484,88910,17,174135
2026,0.001101,74.125.130.0-255,3961,92871,17,174135
2027,0.001104,172.31.36.0-255,66,92937,17,174135
2028,0.001768,74.125.130.0-255,1484,94421,17,174135
2029,0.001775,74.125.130.0-255,2902,97323,17,174135
2030,0.001781,172.31.36.0-255,66,97389,17,174135
2031,0.001802,74.125.130.0-255,2902,100291,17,174135
2032,0.001805,172.31.36.0-255,66,100357,17,174135
2033,0.00182,74.125.130.0-255,2902,103259,17,174135
2034,0.001823,172.31.36.0-255,66,103325,17,174135
2035,0.001826,74.125.130.0-255,1484,104809,17,174135
2036,0.001829,74.125.130.0-255,1484,106293,17,174135
2037,0.001831,172.31.36.0-255,66,106359,17,174135
2038,0.001853,74.125.130.0-255,1484,107843,17,174135
2039,0.001867,74.125.130.0-255,1484,109327,17,174135
2040,0.001869,172.31.36.0-255,66,109393,17,174135
2041,0.001882,74.125.130.0-255,2902,112295,17,174135
2042,0.001885,172.31.36.0-255,66,112361,17,174135
2043,0.001902,74.125.130.0-255,4320,116681,17,174135
2044,0.001905,172.31.36.0-255,66,116747,17,174135
2045,0.001926,74.125.130.0-255,1484,118231,17,174135
2046,0.001931,74.125.130.0-255,4320,122551,17,174135
2047,0.001934,172.31.36.0-255,66,122617,17,174135
2048,0.001961,74.125.130.0-255,5020,127637,17,174135
2049,0.001963,172.31.36.0-255,66,127703,17,174135
2050,0.004113,74.125.130.0-255,5738,133441,17,174135
2051,0.00412,172.31.36.0-255,66,133507,17,174135
2052,0.006273,74.125.130.0-255,5738,139245,17,174135
2053,0.006278,172.31.36.0-255,66,139311,17,174135
2054,0.008436,74.125.130.0-255,5738,145049,17,174135
2055,0.008444,172.31.36.0-255,66,145115,17,174135
2056,0.010595,74.125.130.0-255,5738,150853,17,174135
2057,0.010604,172.31.36.0-255,66,150919,17,174135
2058,0.012766,74.125.130.0-255,5738,156657,17,174135
2059,0.012776,172.31.36.0-255,66,156723,17,174135
2060,0.014936,74.125.130.0-255,5738,162461,17,174135
2061,0.014943,172.31.36.0-255,66,162527,17,174135
2062,0.017095,74.125.130.0-255,5738,168265,17,174135
2063,0.017102,172.31.36.0-255,66,168331,17,174135
2064,0.019255,74.125.130.0-255,5738,174069,17,174135
2065,0.019264,172.31.36.0-255,66,174135,17,174135
2066,0.0,172.217.194.0-255,226,226,17,68756
2067,3.2e-05,172.31.36.0-255,66,292,17,68756
2068,3.8e-05,172.217.194.0-255,1484,1776,17,68756
2069,4.3e-05,172.31.36.0-255,66,1842,17,68756
2070,5.7e-05,172.217.194.0-255,4320,6162,17,68756
2071,5.9e-05,172.31.36.0-255,66,6228,17,68756
2072,0.000226,172.217.194.0-255,1484,7712,17,68756
2073,0.000232,172.31.36.0-255,66,7778,17,68756
2074,0.000286,172.217.194.0-255,6300,14078,17,68756
2075,0.000291,172.31.36.0-255,66,14144,17,68756
2076,0.000548,172.31.36.0-255,66,14210,17,68756
2077,0.000945,172.217.194.0-255,6992,21202,17,68756
2078,0.00095,172.31.36.0-255,66,21268,17,68756
2079,0.003232,172.217.194.0-255,4320,25588,17,68756
2080,0.003238,172.31.36.0-255,66,25654,17,68756
2081,0.003275,172.217.194.0-255,1484,27138,17,68756
2082,0.003278,172.31.36.0-255,66,27204,17,68756
2083,0.005548,172.217.194.0-255,4320,31524,17,68756
2084,0.005557,172.31.36.0-255,66,31590,17,68756
2085,0.005588,172.217.194.0-255,1484,33074,17,68756
2086,0.005591,172.31.36.0-255,66,33140,17,68756
2087,0.007866,172.217.194.0-255,2902,36042,17,68756
2088,0.007876,172.31.36.0-255,66,36108,17,68756
2089,0.00791,172.217.194.0-255,2902,39010,17,68756
2090,0.007913,172.31.36.0-255,66,39076,17,68756
2091,0.010139,172.217.194.0-255,2902,41978,17,68756
2092,0.010146,172.31.36.0-255,66,42044,17,68756
2093,0.010195,172.217.194.0-255,2902,44946,17,68756
2094,0.010199,172.31.36.0-255,66,45012,17,68756
2095,0.01243,172.217.194.0-255,2902,47914,17,68756
2096,0.012437,172.31.36.0-255,66,47980,17,68756
2097,0.01247,172.217.194.0-255,2902,50882,17,68756
2098,0.012473,172.31.36.0-255,66,50948,17,68756
2099,0.014749,172.217.194.0-255,2902,53850,17,68756
2100,0.014763,172.31.36.0-255,66,53916,17,68756
2101,0.014799,172.217.194.0-255,2902,56818,17,68756
2102,0.014802,172.31.36.0-255,66,56884,17,68756
2103,0.017064,172.217.194.0-255,2902,59786,17,68756
2104,0.017072,172.31.36.0-255,66,59852,17,68756
2105,0.017106,172.217.194.0-255,2902,62754,17,68756
2106,0.017109,172.31.36.0-255,66,62820,17,68756
2107,0.019351,172.217.194.0-255,2902,65722,17,68756
2108,0.019358,172.31.36.0-255,66,65788,17,68756
2109,0.019391,172.217.194.0-255,2902,68690,17,68756
2110,0.019394,172.31.36.0-255,66,68756,17,68756
2111,0.0,74.125.24.0-255,143,143,17,294750
2112,2.4e-05,74.125.24.0-255,1484,1627,17,294750
2113,3.1e-05,172.31.36.0-255,66,1693,17,294750
2114,5.4e-05,74.125.24.0-255,2902,4595,17,294750
2115,5.8e-05,172.31.36.0-255,66,4661,17,294750
2116,6.5e-05,74.125.24.0-255,5738,10399,17,294750
2117,6.8e-05,172.31.36.0-255,66,10465,17,294750
2118,9.8e-05,74.125.24.0-255,3453,13918,17,294750
2119,0.0001,172.31.36.0-255,66,13984,17,294750
2120,0.000176,74.125.24.0-255,1484,15468,17,294750
2121,0.0002,74.125.24.0-255,2902,18370,17,294750
2122,0.000204,172.31.36.0-255,66,18436,17,294750
2123,0.000225,74.125.24.0-255,2902,21338,17,294750
2124,0.000228,172.31.36.0-255,66,21404,17,294750
2125,0.000245,74.125.24.0-255,2902,24306,17,294750
2126,0.000248,172.31.36.0-255,66,24372,17,294750
2127,0.000253,74.125.24.0-255,4320,28692,17,294750
2128,0.000256,172.31.36.0-255,66,28758,17,294750
2129,0.000282,74.125.24.0-255,2543,31301,17,294750
2130,0.000287,172.31.36.0-255,66,31367,17,294750
2131,0.000506,74.125.24.0-255,1484,32851,17,294750
2132,0.000512,74.125.24.0-255,1484,34335,17,294750
2133,0.000516,172.31.36.0-255,66,34401,17,294750
2134,0.000533,74.125.24.0-255,1484,35885,17,294750
2135,0.000541,74.125.24.0-255,5738,41623,17,294750
2136,0.000543,172.31.36.0-255,66,41689,17,294750
2137,0.000549,74.125.24.0-255,4320,46009,17,294750
2138,0.000552,172.31.36.0-255,66,46075,17,294750
2139,0.000596,74.125.24.0-255,2543,48618,17,294750
2140,0.0006,172.31.36.0-255,66,48684,17,294750
2141,0.000766,74.125.24.0-255,1484,50168,17,294750
2142,0.000775,74.125.24.0-255,1484,51652,17,294750
2143,0.000779,172.31.36.0-255,66,51718,17,294750
2144,0.000803,74.125.24.0-255,1484,53202,17,294750
2145,0.000811,74.125.24.0-255,5738,58940,17,294750
2146,0.000814,172.31.36.0-255,66,59006,17,294750
2147,0.00082,74.125.24.0-255,5738,64744,17,294750
2148,0.000823,172.31.36.0-255,66,64810,17,294750
2149,0.000846,74.125.24.0-255,1125,65935,17,294750
2150,0.000879,74.125.24.0-255,645,66580,17,294750
2151,0.000882,172.31.36.0-255,66,66646,17,294750
2152,0.001098,74.125.24.0-255,1484,68130,17,294750
2153,0.001106,74.125.24.0-255,2902,71032,17,294750
2154,0.00111,172.31.36.0-255,66,71098,17,294750
2155,0.001117,74.125.24.0-255,5738,76836,17,294750
2156,0.001119,172.31.36.0-255,66,76902,17,294750
2157,0.001123,74.125.24.0-255,1484,78386,17,294750
2158,0.001158,172.31.36.0-255,66,78452,17,294750
2159,0.001196,172.31.36.0-255,66,78518,17,294750
2160,0.001587,74.125.24.0-255,1484,80002,17,294750
2161,0.001601,74.125.24.0-255,2902,82904,17,294750
2162,0.001603,172.31.36.0-255,66,82970,17,294750
2163,0.001606,74.125.24.0-255,1484,84454,17,294750
2164,0.001624,74.125.24.0-255,4320,88774,17,294750
2165,0.001627,172.31.36.0-255,66,88840,17,294750
2166,0.001631,74.125.24.0-255,4320,93160,17,294750
2167,0.001634,172.31.36.0-255,66,93226,17,294750
2168,0.001657,172.31.36.0-255,66,93292,17,294750
2169,0.001663,74.125.24.0-255,5738,99030,17,294750
2170,0.001665,172.31.36.0-255,66,99096,17,294750
2171,0.001681,74.125.24.0-255,4472,103568,17,294750
2172,0.001683,172.31.36.0-255,66,103634,17,294750
2173,0.001702,74.125.24.0-255,1484,105118,17,294750
2174,0.001706,74.125.24.0-255,2902,108020,17,294750
2175,0.001709,172.31.36.0-255,66,108086,17,294750
2176,0.001731,74.125.24.0-255,5738,113824,17,294750
2177,0.001733,172.31.36.0-255,66,113890,17,294750
2178,0.001752,74.125.24.0-255,5738,119628,17,294750
2179,0.001754,172.31.36.0-255,66,119694,17,294750
2180,0.001777,74.125.24.0-255,7156,126850,17,294750
2181,0.00178,172.31.36.0-255,66,126916,17,294750
2182,0.001782,74.125.24.0-255,1484,128400,17,294750
2183,0.001802,74.125.24.0-255,7156,135556,17,294750
2184,0.001804,172.31.36.0-255,66,135622,17,294750
2185,0.001808,74.125.24.0-255,2184,137806,17,294750
2186,0.00181,172.31.36.0-255,66,137872,17,294750
2187,0.001989,74.125.24.0-255,1484,139356,17,294750
2188,0.002002,74.125.24.0-255,2902,142258,17,294750
2189,0.002005,172.31.36.0-255,66,142324,17,294750
2190,0.002029,74.125.24.0-255,5738,148062,17,294750
2191,0.002031,172.31.36.0-255,66,148128,17,294750
2192,0.002034,74.125.24.0-255,1484,149612,17,294750
2193,0.002051,74.125.24.0-255,2902,152514,17,294750
2194,0.002053,172.31.36.0-255,66,152580,17,294750
2195,0.002058,74.125.24.0-255,4320,156900,17,294750
2196,0.00206,172.31.36.0-255,66,156966,17,294750
2197,0.002075,74.125.24.0-255,5738,162704,17,294750
2198,0.002077,172.31.36.0-255,66,162770,17,294750
2199,0.002102,74.125.24.0-255,1484,164254,17,294750
2200,0.002113,172.31.36.0-255,66,164320,17,294750
2201,0.002419,74.125.24.0-255,1484,165804,17,294750
2202,0.002438,74.125.24.0-255,2902,168706,17,294750
2203,0.002441,172.31.36.0-255,66,168772,17,294750
2204,0.002457,74.125.24.0-255,5738,174510,17,294750
2205,0.002459,172.31.36.0-255,66,174576,17,294750
2206,0.002489,74.125.24.0-255,1484,176060,17,294750
2207,0.002513,172.31.36.0-255,66,176126,17,294750
2208,0.002527,74.125.24.0-255,4320,180446,17,294750
2209,0.00253,172.31.36.0-255,66,180512,17,294750
2210,0.002551,172.31.36.0-255,66,180578,17,294750
2211,0.002585,74.125.24.0-255,1484,182062,17,294750
2212,0.002598,74.125.24.0-255,1484,183546,17,294750
2213,0.0026,172.31.36.0-255,66,183612,17,294750
2214,0.002604,74.125.24.0-255,4320,187932,17,294750
2215,0.002607,172.31.36.0-255,66,187998,17,294750
2216,0.00263,74.125.24.0-255,7156,195154,17,294750
2217,0.002633,172.31.36.0-255,66,195220,17,294750
2218,0.002666,74.125.24.0-255,1484,196704,17,294750
2219,0.002673,74.125.24.0-255,4320,201024,17,294750
2220,0.002675,172.31.36.0-255,66,201090,17,294750
2221,0.002722,172.31.36.0-255,66,201156,17,294750
2222,0.002738,74.125.24.0-255,5020,206176,17,294750
2223,0.002741,172.31.36.0-255,66,206242,17,294750
2224,0.002769,74.125.24.0-255,1484,207726,17,294750
2225,0.002782,74.125.24.0-255,2902,210628,17,294750
2226,0.002786,172.31.36.0-255,66,210694,17,294750
2227,0.00279,74.125.24.0-255,2902,213596,17,294750
2228,0.002792,172.31.36.0-255,66,213662,17,294750
2229,0.002807,74.125.24.0-255,2902,216564,17,294750
2230,0.002811,172.31.36.0-255,66,216630,17,294750
2231,0.002814,74.125.24.0-255,1484,218114,17,294750
2232,0.002837,74.125.24.0-255,5738,223852,17,294750
2233,0.002841,172.31.36.0-255,66,223918,17,294750
2234,0.002847,74.125.24.0-255,5738,229656,17,294750
2235,0.00285,172.31.36.0-255,66,229722,17,294750
2236,0.002882,172.31.36.0-255,66,229788,17,294750
2237,0.002902,74.125.24.0-255,2184,231972,17,294750
2238,0.002904,172.31.36.0-255,66,232038,17,294750
2239,0.002961,74.125.24.0-255,1484,233522,17,294750
2240,0.002966,74.125.24.0-255,2902,236424,17,294750
2241,0.002969,172.31.36.0-255,66,236490,17,294750
2242,0.002992,74.125.24.0-255,5738,242228,17,294750
2243,0.002995,172.31.36.0-255,66,242294,17,294750
2244,0.003,74.125.24.0-255,4320,246614,17,294750
2245,0.003003,172.31.36.0-255,66,246680,17,294750
2246,0.003025,74.125.24.0-255,1484,248164,17,294750
2247,0.003049,172.31.36.0-255,66,248230,17,294750
2248,0.003059,172.31.36.0-255,66,248296,17,294750
2249,0.00311,74.125.24.0-255,1484,249780,17,294750
2250,0.003115,74.125.24.0-255,2902,252682,17,294750
2251,0.003118,172.31.36.0-255,66,252748,17,294750
2252,0.00314,74.125.24.0-255,5738,258486,17,294750
2253,0.003145,172.31.36.0-255,66,258552,17,294750
2254,0.003152,74.125.24.0-255,2902,261454,17,294750
2255,0.003156,172.31.36.0-255,66,261520,17,294750
2256,0.003169,74.125.24.0-255,2902,264422,17,294750
2257,0.003172,172.31.36.0-255,66,264488,17,294750
2258,0.00321,74.125.24.0-255,2902,267390,17,294750
2259,0.003211,172.31.36.0-255,66,267456,17,294750
2260,0.003215,172.31.36.0-255,66,267522,17,294750
2261,0.003231,74.125.24.0-255,2184,269706,17,294750
2262,0.003233,172.31.36.0-255,66,269772,17,294750
2263,0.003254,74.125.24.0-255,2902,272674,17,294750
2264,0.003258,172.31.36.0-255,66,272740,17,294750
2265,0.003269,74.125.24.0-255,5738,278478,17,294750
2266,0.003272,172.31.36.0-255,66,278544,17,294750
2267,0.003303,74.125.24.0-255,5738,284282,17,294750
2268,0.003307,172.31.36.0-255,66,284348,17,294750
2269,0.003316,172.31.36.0-255,66,284414,17,294750
2270,0.003327,172.31.36.0-255,66,284480,17,294750
2271,0.003516,74.125.24.0-255,1484,285964,17,294750
2272,0.00353,74.125.24.0-255,2902,288866,17,294750
2273,0.003533,172.31.36.0-255,66,288932,17,294750
2274,0.003566,74.125.24.0-255,5476,294408,17,294750
2275,0.003569,172.31.36.0-255,66,294474,17,294750
2276,0.003612,74.125.24.0-255,105,294579,17,294750
2277,0.005828,172.31.36.0-255,105,294684,17,294750
2278,0.008212,74.125.24.0-255,66,294750,17,294750
2279,0.0,172.217.160.0-255,219,219,17,136850
2280,2.6e-05,172.31.36.0-255,66,285,17,136850
2281,3.4e-05,172.217.160.0-255,1484,1769,17,136850
2282,3.8e-05,172.31.36.0-255,66,1835,17,136850
2283,5.4e-05,172.217.160.0-255,4320,6155,17,136850
2284,5.8e-05,172.31.36.0-255,66,6221,17,136850
2285,7.3e-05,172.31.36.0-255,66,6287,17,136850
2286,8.2e-05,172.217.160.0-255,7156,13443,17,136850
2287,8.5e-05,172.31.36.0-255,66,13509,17,136850
2288,0.000126,172.31.36.0-255,66,13575,17,136850
2289,0.000131,172.217.160.0-255,1484,15059,17,136850
2290,0.000133,172.31.36.0-255,66,15125,17,136850
2291,0.000169,172.217.160.0-255,7156,22281,17,136850
2292,0.000171,172.31.36.0-255,66,22347,17,136850
2293,0.000179,172.217.160.0-255,7156,29503,17,136850
2294,0.000181,172.31.36.0-255,66,29569,17,136850
2295,0.000205,172.31.36.0-255,66,29635,17,136850
2296,0.000208,172.217.160.0-255,337,29972,17,136850
2297,0.000215,172.31.36.0-255,66,30038,17,136850
2298,0.000975,172.217.160.0-255,119,30157,17,136850
2299,0.000982,172.31.36.0-255,66,30223,17,136850
2300,0.001063,172.217.160.0-255,1484,31707,17,136850
2301,0.001067,172.31.36.0-255,66,31773,17,136850
2302,0.001072,172.217.160.0-255,2902,34675,17,136850
2303,0.001075,172.31.36.0-255,66,34741,17,136850
2304,0.00108,172.217.160.0-255,2902,37643,17,136850
2305,0.001087,172.31.36.0-255,66,37709,17,136850
2306,0.001111,172.217.160.0-255,2902,40611,17,136850
2307,0.001113,172.31.36.0-255,66,40677,17,136850
2308,0.001137,172.217.160.0-255,4320,44997,17,136850
2309,0.001148,172.31.36.0-255,66,45063,17,136850
2310,0.001165,172.217.160.0-255,2543,47606,17,136850
2311,0.001172,172.217.160.0-255,7156,54762,17,136850
2312,0.0012,172.31.36.0-255,66,54828,17,136850
2313,0.001256,172.217.160.0-255,1484,56312,17,136850
2314,0.001275,172.217.160.0-255,2902,59214,17,136850
2315,0.001282,172.217.160.0-255,5738,64952,17,136850
2316,0.001289,172.217.160.0-255,5738,70690,17,136850
2317,0.001294,172.31.36.0-255,66,70756,17,136850
2318,0.001325,172.217.160.0-255,7156,77912,17,136850
2319,0.001347,172.31.36.0-255,66,77978,17,136850
2320,0.001376,172.217.160.0-255,7156,85134,17,136850
2321,0.0014,172.31.36.0-255,66,85200,17,136850
2322,0.001439,172.217.160.0-255,4320,89520,17,136850
2323,0.001441,172.217.160.0-255,766,90286,17,136850
2324,0.001455,172.31.36.0-255,66,90352,17,136850
2325,0.003354,172.217.160.0-255,5738,96090,17,136850
2326,0.003361,172.31.36.0-255,66,96156,17,136850
2327,0.005247,172.217.160.0-255,4320,100476,17,136850
2328,0.005261,172.217.160.0-255,1484,101960,17,136850
2329,0.007638,172.31.36.0-255,66,102026,17,136850
2330,0.009542,172.217.160.0-255,5738,107764,17,136850
2331,0.009549,172.31.36.0-255,66,107830,17,136850
2332,0.011467,172.217.160.0-255,5738,113568,17,136850
2333,0.011474,172.31.36.0-255,66,113634,17,136850
2334,0.013377,172.217.160.0-255,5738,119372,17,136850
2335,0.013385,172.31.36.0-255,66,119438,17,136850
2336,0.015284,172.217.160.0-255,5738,125176,17,136850
2337,0.015291,172.31.36.0-255,66,125242,17,136850
2338,0.017199,172.217.160.0-255,5738,130980,17,136850
2339,0.017209,172.31.36.0-255,66,131046,17,136850
2340,0.019136,172.217.160.0-255,5738,136784,17,136850
2341,0.019145,172.31.36.0-255,66,136850,17,136850
2342,0.0,74.125.24.0-255,153,153,17,196388
2343,2.7e-05,172.31.36.0-255,66,219,17,196388
2344,3.4e-05,74.125.24.0-255,1484,1703,17,196388
2345,3.9e-05,172.31.36.0-255,66,1769,17,196388
2346,5e-05,74.125.24.0-255,2902,4671,17,196388
2347,5.3e-05,172.31.36.0-255,66,4737,17,196388
2348,5.8e-05,74.125.24.0-255,4320,9057,17,196388
2349,6.1e-05,172.31.36.0-255,66,9123,17,196388
2350,8.7e-05,74.125.24.0-255,2902,12025,17,196388
2351,8.9e-05,172.31.36.0-255,66,12091,17,196388
2352,9.5e-05,74.125.24.0-255,2011,14102,17,196388
2353,9.7e-05,172.31.36.0-255,66,14168,17,196388
2354,0.000159,74.125.24.0-255,1484,15652,17,196388
2355,0.000164,172.31.36.0-255,66,15718,17,196388
2356,0.000168,74.125.24.0-255,1484,17202,17,196388
2357,0.00017,172.31.36.0-255,66,17268,17,196388
2358,0.000191,74.125.24.0-255,1484,18752,17,196388
2359,0.000199,172.31.36.0-255,66,18818,17,196388
2360,0.000206,74.125.24.0-255,5738,24556,17,196388
2361,0.000208,172.31.36.0-255,66,24622,17,196388
2362,0.000243,74.125.24.0-255,6797,31419,17,196388
2363,0.000247,172.31.36.0-255,66,31485,17,196388
2364,0.000289,74.125.24.0-255,1484,32969,17,196388
2365,0.000293,172.31.36.0-255,66,33035,17,196388
2366,0.000319,74.125.24.0-255,2902,35937,17,196388
2367,0.000322,172.31.36.0-255,66,36003,17,196388
2368,0.000328,74.125.24.0-255,2902,38905,17,196388
2369,0.00033,74.125.24.0-255,1484,40389,17,196388
2370,0.000332,172.31.36.0-255,66,40455,17,196388
2371,0.000337,172.31.36.0-255,66,40521,17,196388
2372,0.000369,74.125.24.0-255,5738,46259,17,196388
2373,0.000378,172.31.36.0-255,66,46325,17,196388
2374,0.000383,74.125.24.0-255,2543,48868,17,196388
2375,0.000385,172.31.36.0-255,66,48934,17,196388
2376,0.000417,74.125.24.0-255,2902,51836,17,196388
2377,0.00042,172.31.36.0-255,66,51902,17,196388
2378,0.000428,74.125.24.0-255,7156,59058,17,196388
2379,0.000432,172.31.36.0-255,66,59124,17,196388
2380,0.000485,74.125.24.0-255,6797,65921,17,196388
2381,0.000489,172.31.36.0-255,66,65987,17,196388
2382,0.000744,74.125.24.0-255,645,66632,17,196388
2383,0.000755,172.31.36.0-255,66,66698,17,196388
2384,0.000908,74.125.24.0-255,1484,68182,17,196388
2385,0.000918,74.125.24.0-255,2902,71084,17,196388
2386,0.000922,172.31.36.0-255,66,71150,17,196388
2387,0.000929,74.125.24.0-255,5738,76888,17,196388
2388,0.000932,172.31.36.0-255,66,76954,17,196388
2389,0.000944,74.125.24.0-255,4320,81274,17,196388
2390,0.000948,172.31.36.0-255,66,81340,17,196388
2391,0.000975,74.125.24.0-255,2902,84242,17,196388
2392,0.000979,172.31.36.0-255,66,84308,17,196388
2393,0.000993,172.31.36.0-255,66,84374,17,196388
2394,0.000998,74.125.24.0-255,2184,86558,17,196388
2395,0.001,172.31.36.0-255,66,86624,17,196388
2396,0.00105,74.125.24.0-255,1484,88108,17,196388
2397,0.001081,74.125.24.0-255,1484,89592,17,196388
2398,0.001086,172.31.36.0-255,66,89658,17,196388
2399,0.001091,74.125.24.0-255,2902,92560,17,196388
2400,0.001092,172.31.36.0-255,66,92626,17,196388
2401,0.0011,74.125.24.0-255,7156,99782,17,196388
2402,0.001102,172.31.36.0-255,66,99848,17,196388
2403,0.001117,172.31.36.0-255,66,99914,17,196388
2404,0.001123,74.125.24.0-255,5020,104934,17,196388
2405,0.001126,172.31.36.0-255,66,105000,17,196388
2406,0.001214,74.125.24.0-255,1484,106484,17,196388
2407,0.00122,74.125.24.0-255,2902,109386,17,196388
2408,0.001224,172.31.36.0-255,66,109452,17,196388
2409,0.001231,74.125.24.0-255,5738,115190,17,196388
2410,0.001234,172.31.36.0-255,66,115256,17,196388
2411,0.001244,74.125.24.0-255,2902,118158,17,196388
2412,0.001246,172.31.36.0-255,66,118224,17,196388
2413,0.001278,74.125.24.0-255,5738,123962,17,196388
2414,0.001282,172.31.36.0-255,66,124028,17,196388
2415,0.001313,74.125.24.0-255,2902,126930,17,196388
2416,0.001316,172.31.36.0-255,66,126996,17,196388
2417,0.001357,172.31.36.0-255,66,127062,17,196388
2418,0.001492,74.125.24.0-255,1484,128546,17,196388
2419,0.001508,74.125.24.0-255,2902,131448,17,196388
2420,0.00151,172.31.36.0-255,66,131514,17,196388
2421,0.001516,74.125.24.0-255,4320,135834,17,196388
2422,0.001518,172.31.36.0-255,66,135900,17,196388
2423,0.001533,74.125.24.0-255,1484,137384,17,196388
2424,0.001553,172.31.36.0-255,66,137450,17,196388
2425,0.00158,74.125.24.0-255,4320,141770,17,196388
2426,0.001582,172.31.36.0-255,66,141836,17,196388
2427,0.001592,172.31.36.0-255,66,141902,17,196388
2428,0.001614,74.125.24.0-255,2184,144086,17,196388
2429,0.001616,172.31.36.0-255,66,144152,17,196388
2430,0.00362,74.125.24.0-255,5738,149890,17,196388
2431,0.003624,172.31.36.0-255,66,149956,17,196388
2432,0.005611,74.125.24.0-255,5738,155694,17,196388
2433,0.005615,172.31.36.0-255,66,155760,17,196388
2434,0.007626,74.125.24.0-255,5738,161498,17,196388
2435,0.007632,172.31.36.0-255,66,161564,17,196388
2436,0.009682,74.125.24.0-255,5738,167302,17,196388
2437,0.009692,172.31.36.0-255,66,167368,17,196388
2438,0.011697,74.125.24.0-255,5738,173106,17,196388
2439,0.011704,172.31.36.0-255,66,173172,17,196388
2440,0.013716,74.125.24.0-255,5738,178910,17,196388
2441,0.013727,172.31.36.0-255,66,178976,17,196388
2442,0.015717,74.125.24.0-255,5738,184714,17,196388
2443,0.015724,172.31.36.0-255,66,184780,17,196388
2444,0.017743,74.125.24.0-255,5738,190518,17,196388
2445,0.017752,172.31.36.0-255,66,190584,17,196388
2446,0.019747,74.125.24.0-255,5738,196322,17,196388
2447,0.019755,172.31.36.0-255,66,196388,17,196388
2448,0.0,172.217.194.0-255,152,152,17,275773
2449,3.1e-05,172.217.194.0-255,1484,1636,17,275773
2450,4.2e-05,172.31.36.0-255,66,1702,17,275773
2451,5e-05,172.217.194.0-255,2902,4604,17,275773
2452,5.4e-05,172.31.36.0-255,66,4670,17,275773
2453,6.2e-05,172.217.194.0-255,7156,11826,17,275773
2454,6.5e-05,172.31.36.0-255,66,11892,17,275773
2455,6.8e-05,172.217.194.0-255,1991,13883,17,275773
2456,7.1e-05,172.31.36.0-255,66,13949,17,275773
2457,9.6e-05,172.217.194.0-255,2902,16851,17,275773
2458,9.9e-05,172.31.36.0-255,66,16917,17,275773
2459,0.000123,172.217.194.0-255,5738,22655,17,275773
2460,0.000126,172.31.36.0-255,66,22721,17,275773
2461,0.000169,172.217.194.0-255,4320,27041,17,275773
2462,0.000172,172.31.36.0-255,66,27107,17,275773
2463,0.00019,172.217.194.0-255,3961,31068,17,275773
2464,0.000193,172.31.36.0-255,66,31134,17,275773
2465,0.00025,172.217.194.0-255,1484,32618,17,275773
2466,0.000253,172.217.194.0-255,1484,34102,17,275773
2467,0.000256,172.31.36.0-255,66,34168,17,275773
2468,0.000268,172.217.194.0-255,1484,35652,17,275773
2469,0.000275,172.217.194.0-255,5738,41390,17,275773
2470,0.000278,172.31.36.0-255,66,41456,17,275773
2471,0.000308,172.217.194.0-255,5738,47194,17,275773
2472,0.000313,172.31.36.0-255,66,47260,17,275773
2473,0.000343,172.31.36.0-255,66,47326,17,275773
2474,0.000372,172.217.194.0-255,4320,51646,17,275773
2475,0.000376,172.31.36.0-255,66,51712,17,275773
2476,0.000393,172.217.194.0-255,5379,57091,17,275773
2477,0.000397,172.31.36.0-255,66,57157,17,275773
2478,0.000426,172.217.194.0-255,377,57534,17,275773
2479,0.000484,172.217.194.0-255,365,57899,17,275773
2480,0.000767,172.217.194.0-255,1484,59383,17,275773
2481,0.000772,172.31.36.0-255,66,59449,17,275773
2482,0.000778,172.217.194.0-255,2902,62351,17,275773
2483,0.00078,172.31.36.0-255,66,62417,17,275773
2484,0.000799,172.217.194.0-255,5738,68155,17,275773
2485,0.000802,172.31.36.0-255,66,68221,17,275773
2486,0.00083,172.217.194.0-255,5738,73959,17,275773
2487,0.000833,172.31.36.0-255,66,74025,17,275773
2488,0.000854,172.217.194.0-255,5738,79763,17,275773
2489,0.000857,172.31.36.0-255,66,79829,17,275773
2490,0.000878,172.31.36.0-255,66,79895,17,275773
2491,0.000894,172.217.194.0-255,3602,83497,17,275773
2492,0.000897,172.31.36.0-255,66,83563,17,275773
2493,0.001174,172.217.194.0-255,1484,85047,17,275773
2494,0.001184,172.217.194.0-255,2902,87949,17,275773
2495,0.001188,172.31.36.0-255,66,88015,17,275773
2496,0.001209,172.217.194.0-255,5738,93753,17,275773
2497,0.001212,172.31.36.0-255,66,93819,17,275773
2498,0.001217,172.217.194.0-255,2902,96721,17,275773
2499,0.00122,172.31.36.0-255,66,96787,17,275773
2500,0.001234,172.217.194.0-255,1484,98271,17,275773
2501,0.001251,172.217.194.0-255,7156,105427,17,275773
2502,0.001254,172.31.36.0-255,66,105493,17,275773
2503,0.001267,172.217.194.0-255,1484,106977,17,275773
2504,0.001273,172.217.194.0-255,2902,109879,17,275773
2505,0.001276,172.31.36.0-255,66,109945,17,275773
2506,0.00131,172.31.36.0-255,66,110011,17,275773
2507,0.002044,172.217.194.0-255,1484,111495,17,275773
2508,0.002052,172.217.194.0-255,2902,114397,17,275773
2509,0.002056,172.31.36.0-255,66,114463,17,275773
2510,0.002079,172.217.194.0-255,5738,120201,17,275773
2511,0.002081,172.31.36.0-255,66,120267,17,275773
2512,0.002084,172.217.194.0-255,1484,121751,17,275773
2513,0.002118,172.217.194.0-255,1484,123235,17,275773
2514,0.00212,172.31.36.0-255,66,123301,17,275773
2515,0.002143,172.217.194.0-255,7156,130457,17,275773
2516,0.002145,172.31.36.0-255,66,130523,17,275773
2517,0.002159,172.31.36.0-255,66,130589,17,275773
2518,0.002428,172.217.194.0-255,1484,132073,17,275773
2519,0.002457,172.217.194.0-255,2902,134975,17,275773
2520,0.00246,172.31.36.0-255,66,135041,17,275773
2521,0.002476,172.217.194.0-255,1484,136525,17,275773
2522,0.002485,172.217.194.0-255,1484,138009,17,275773
2523,0.002487,172.31.36.0-255,66,138075,17,275773
2524,0.0025,172.217.194.0-255,1484,139559,17,275773
2525,0.002512,172.217.194.0-255,2902,142461,17,275773
2526,0.002514,172.31.36.0-255,66,142527,17,275773
2527,0.002531,172.217.194.0-255,2902,145429,17,275773
2528,0.002534,172.31.36.0-255,66,145495,17,275773
2529,0.002539,172.217.194.0-255,5738,151233,17,275773
2530,0.002541,172.31.36.0-255,66,151299,17,275773
2531,0.002571,172.31.36.0-255,66,151365,17,275773
2532,0.002591,172.217.194.0-255,4320,155685,17,275773
2533,0.002593,172.31.36.0-255,66,155751,17,275773
2534,0.002596,172.217.194.0-255,766,156517,17,275773
2535,0.00276,172.217.194.0-255,1484,158001,17,275773
2536,0.002763,172.31.36.0-255,66,158067,17,275773
2537,0.002777,172.217.194.0-255,2902,160969,17,275773
2538,0.00278,172.31.36.0-255,66,161035,17,275773
2539,0.002783,172.217.194.0-255,1484,162519,17,275773
2540,0.002803,172.217.194.0-255,5738,168257,17,275773
2541,0.002806,172.31.36.0-255,66,168323,17,275773
2542,0.002832,172.217.194.0-255,5738,174061,17,275773
2543,0.002834,172.31.36.0-255,66,174127,17,275773
2544,0.002853,172.217.194.0-255,7156,181283,17,275773
2545,0.002856,172.31.36.0-255,66,181349,17,275773
2546,0.002862,172.217.194.0-255,7156,188505,17,275773
2547,0.002864,172.31.36.0-255,66,188571,17,275773
2548,0.002888,172.217.194.0-255,2184,190755,17,275773
2549,0.00289,172.31.36.0-255,66,190821,17,275773
2550,0.002984,172.217.194.0-255,1484,192305,17,275773
2551,0.002987,172.217.194.0-255,1484,193789,17,275773
2552,0.002988,172.31.36.0-255,66,193855,17,275773
2553,0.003004,172.217.194.0-255,1484,195339,17,275773
2554,0.003011,172.217.194.0-255,5738,201077,17,275773
2555,0.003013,172.31.36.0-255,66,201143,17,275773
2556,0.003035,172.217.194.0-255,2902,204045,17,275773
2557,0.003038,172.31.36.0-255,66,204111,17,275773
2558,0.003071,172.31.36.0-255,66,204177,17,275773
2559,0.003076,172.217.194.0-255,5738,209915,17,275773
2560,0.003078,172.31.36.0-255,66,209981,17,275773
2561,0.003107,172.217.194.0-255,5020,215001,17,275773
2562,0.003109,172.31.36.0-255,66,215067,17,275773
2563,0.003111,172.217.194.0-255,1484,216551,17,275773
2564,0.003116,172.217.194.0-255,4320,220871,17,275773
2565,0.003118,172.31.36.0-255,66,220937,17,275773
2566,0.003121,172.217.194.0-255,1484,222421,17,275773
2567,0.003142,172.217.194.0-255,4320,226741,17,275773
2568,0.003144,172.31.36.0-255,66,226807,17,275773
2569,0.00317,172.217.194.0-255,5738,232545,17,275773
2570,0.003172,172.31.36.0-255,66,232611,17,275773
2571,0.003178,172.217.194.0-255,5738,238349,17,275773
2572,0.00318,172.31.36.0-255,66,238415,17,275773
2573,0.003184,172.217.194.0-255,2902,241317,17,275773
2574,0.003185,172.31.36.0-255,66,241383,17,275773
2575,0.003188,172.217.194.0-255,1484,242867,17,275773
2576,0.003212,172.217.194.0-255,6438,249305,17,275773
2577,0.003214,172.31.36.0-255,66,249371,17,275773
2578,0.003251,172.217.194.0-255,1484,250855,17,275773
2579,0.003268,172.217.194.0-255,2902,253757,17,275773
2580,0.003271,172.31.36.0-255,66,253823,17,275773
2581,0.003274,172.217.194.0-255,1484,255307,17,275773
2582,0.003289,172.217.194.0-255,4320,259627,17,275773
2583,0.003291,172.31.36.0-255,66,259693,17,275773
2584,0.00331,172.217.194.0-255,2902,262595,17,275773
2585,0.003312,172.31.36.0-255,66,262661,17,275773
2586,0.003336,172.31.36.0-255,66,262727,17,275773
2587,0.003447,172.217.194.0-255,1484,264211,17,275773
2588,0.00346,172.31.36.0-255,66,264277,17,275773
2589,0.003466,172.217.194.0-255,7156,271433,17,275773
2590,0.003469,172.31.36.0-255,66,271499,17,275773
2591,0.00348,172.31.36.0-255,66,271565,17,275773
2592,0.003495,172.31.36.0-255,66,271631,17,275773
2593,0.0035,172.217.194.0-255,3602,275233,17,275773
2594,0.003502,172.31.36.0-255,66,275299,17,275773
2595,0.003522,172.31.36.0-255,66,275365,17,275773
2596,0.003531,172.31.36.0-255,66,275431,17,275773
2597,0.003542,172.31.36.0-255,66,275497,17,275773
2598,0.003602,172.217.194.0-255,105,275602,17,275773
2599,0.00857,172.31.36.0-255,105,275707,17,275773
2600,0.010881,172.217.194.0-255,66,275773,17,275773
2601,0.0,172.217.27.0-255,66,66,17,66
2602,0.0,74.125.130.0-255,152,152,17,249250
2603,2.3e-05,172.31.36.0-255,66,218,17,249250
2604,4.5e-05,74.125.130.0-255,1484,1702,17,249250
2605,4.9e-05,172.31.36.0-255,66,1768,17,249250
2606,5.3e-05,74.125.130.0-255,1484,3252,17,249250
2607,5.5e-05,172.31.36.0-255,66,3318,17,249250
2608,6.9e-05,74.125.130.0-255,1484,4802,17,249250
2609,7.1e-05,172.31.36.0-255,66,4868,17,249250
2610,7.8e-05,74.125.130.0-255,4320,9188,17,249250
2611,8e-05,172.31.36.0-255,66,9254,17,249250
2612,0.000103,74.125.130.0-255,1484,10738,17,249250
2613,0.000106,172.31.36.0-255,66,10804,17,249250
2614,0.000109,74.125.130.0-255,1484,12288,17,249250
2615,0.000111,172.31.36.0-255,66,12354,17,249250
2616,0.000116,74.125.130.0-255,2080,14434,17,249250
2617,0.000122,172.31.36.0-255,66,14500,17,249250
2618,0.000142,74.125.130.0-255,4320,18820,17,249250
2619,0.000146,172.31.36.0-255,66,18886,17,249250
2620,0.000176,74.125.130.0-255,5738,24624,17,249250
2621,0.000179,172.31.36.0-255,66,24690,17,249250
2622,0.000199,74.125.130.0-255,4320,29010,17,249250
2623,0.000202,172.31.36.0-255,66,29076,17,249250
2624,0.000248,74.125.130.0-255,2543,31619,17,249250
2625,0.000252,172.31.36.0-255,66,31685,17,249250
2626,0.00037,74.125.130.0-255,1484,33169,17,249250
2627,0.000376,172.31.36.0-255,66,33235,17,249250
2628,0.00039,74.125.130.0-255,2902,36137,17,249250
2629,0.000394,172.31.36.0-255,66,36203,17,249250
2630,0.000422,74.125.130.0-255,5738,41941,17,249250
2631,0.000426,172.31.36.0-255,66,42007,17,249250
2632,0.000435,74.125.130.0-255,7156,49163,17,249250
2633,0.000437,172.31.36.0-255,66,49229,17,249250
2634,0.00044,74.125.130.0-255,1484,50713,17,249250
2635,0.000475,172.31.36.0-255,66,50779,17,249250
2636,0.00049,74.125.130.0-255,1484,52263,17,249250
2637,0.000505,74.125.130.0-255,3930,56193,17,249250
2638,0.000509,172.31.36.0-255,66,56259,17,249250
2639,0.000821,74.125.130.0-255,1484,57743,17,249250
2640,0.000828,74.125.130.0-255,2902,60645,17,249250
2641,0.000832,172.31.36.0-255,66,60711,17,249250
2642,0.000858,74.125.130.0-255,4320,65031,17,249250
2643,0.000861,172.31.36.0-255,66,65097,17,249250
2644,0.000879,74.125.130.0-255,1484,66581,17,249250
2645,0.000886,74.125.130.0-255,7156,73737,17,249250
2646,0.000888,74.125.130.0-255,1484,75221,17,249250
2647,0.00089,172.31.36.0-255,66,75287,17,249250
2648,0.000911,74.125.130.0-255,5738,81025,17,249250
2649,0.000914,172.31.36.0-255,66,81091,17,249250
2650,0.000919,74.125.130.0-255,4320,85411,17,249250
2651,0.000922,172.31.36.0-255,66,85477,17,249250
2652,0.000943,74.125.130.0-255,4320,89797,17,249250
2653,0.000945,74.125.130.0-255,766,90563,17,249250
2654,0.000947,172.31.36.0-255,66,90629,17,249250
2655,0.001022,172.31.36.0-255,101,90730,17,249250
2656,0.001069,74.125.130.0-255,1484,92214,17,249250
2657,0.001096,74.125.130.0-255,2902,95116,17,249250
2658,0.001101,172.31.36.0-255,66,95182,17,249250
2659,0.001106,74.125.130.0-255,2902,98084,17,249250
2660,0.001111,172.31.36.0-255,66,98150,17,249250
2661,0.001119,74.125.130.0-255,1484,99634,17,249250
2662,0.001163,74.125.130.0-255,7156,106790,17,249250
2663,0.001167,172.31.36.0-255,66,106856,17,249250
2664,0.001183,74.125.130.0-255,5738,112594,17,249250
2665,0.001186,172.31.36.0-255,66,112660,17,249250
2666,0.001211,74.125.130.0-255,2902,115562,17,249250
2667,0.001215,172.31.36.0-255,66,115628,17,249250
2668,0.001219,74.125.130.0-255,2902,118530,17,249250
2669,0.001221,172.31.36.0-255,66,118596,17,249250
2670,0.001225,74.125.130.0-255,4320,122916,17,249250
2671,0.001227,172.31.36.0-255,66,122982,17,249250
2672,0.001252,74.125.130.0-255,2184,125166,17,249250
2673,0.001254,172.31.36.0-255,66,125232,17,249250
2674,0.001382,74.125.130.0-255,1484,126716,17,249250
2675,0.001396,74.125.130.0-255,1484,128200,17,249250
2676,0.0014,172.31.36.0-255,66,128266,17,249250
2677,0.001406,74.125.130.0-255,2902,131168,17,249250
2678,0.001408,172.31.36.0-255,66,131234,17,249250
2679,0.001412,74.125.130.0-255,1484,132718,17,249250
2680,0.001438,74.125.130.0-255,4320,137038,17,249250
2681,0.001441,172.31.36.0-255,66,137104,17,249250
2682,0.001446,74.125.130.0-255,2902,140006,17,249250
2683,0.001448,172.31.36.0-255,66,140072,17,249250
2684,0.001465,74.125.130.0-255,4320,144392,17,249250
2685,0.001468,172.31.36.0-255,66,144458,17,249250
2686,0.001503,172.31.36.0-255,66,144524,17,249250
2687,0.00151,74.125.130.0-255,5738,150262,17,249250
2688,0.001513,172.31.36.0-255,66,150328,17,249250
2689,0.001534,74.125.130.0-255,766,151094,17,249250
2690,0.001629,74.125.130.0-255,1484,152578,17,249250
2691,0.001633,172.31.36.0-255,66,152644,17,249250
2692,0.001653,74.125.130.0-255,2902,155546,17,249250
2693,0.001656,172.31.36.0-255,66,155612,17,249250
2694,0.001681,74.125.130.0-255,4320,159932,17,249250
2695,0.001684,172.31.36.0-255,66,159998,17,249250
2696,0.001704,74.125.130.0-255,1484,161482,17,249250
2697,0.001707,74.125.130.0-255,1484,162966,17,249250
2698,0.00171,172.31.36.0-255,66,163032,17,249250
2699,0.001714,74.125.130.0-255,2902,165934,17,249250
2700,0.001716,172.31.36.0-255,66,166000,17,249250
2701,0.001732,74.125.130.0-255,4320,170320,17,249250
2702,0.001735,172.31.36.0-255,66,170386,17,249250
2703,0.001762,74.125.130.0-255,1484,171870,17,249250
2704,0.001768,74.125.130.0-255,5738,177608,17,249250
2705,0.001771,172.31.36.0-255,66,177674,17,249250
2706,0.001778,74.125.130.0-255,7156,184830,17,249250
2707,0.00178,172.31.36.0-255,66,184896,17,249250
2708,0.001796,74.125.130.0-255,2902,187798,17,249250
2709,0.001799,172.31.36.0-255,66,187864,17,249250
2710,0.001827,74.125.130.0-255,2184,190048,17,249250
2711,0.00183,172.31.36.0-255,66,190114,17,249250
2712,0.001836,74.125.130.0-255,5738,195852,17,249250
2713,0.001838,172.31.36.0-255,66,195918,17,249250
2714,0.001863,74.125.130.0-255,2902,198820,17,249250
2715,0.001871,172.31.36.0-255,66,198886,17,249250
2716,0.001891,172.31.36.0-255,66,198952,17,249250
2717,0.001898,74.125.130.0-255,7156,206108,17,249250
2718,0.0019,172.31.36.0-255,66,206174,17,249250
2719,0.001924,74.125.130.0-255,5020,211194,17,249250
2720,0.001927,172.31.36.0-255,66,211260,17,249250
2721,0.003376,74.125.130.0-255,66,211326,17,249250
2722,0.004332,74.125.130.0-255,5738,217064,17,249250
2723,0.004336,172.31.36.0-255,66,217130,17,249250
2724,0.006749,74.125.130.0-255,4320,221450,17,249250
2725,0.006754,172.31.36.0-255,66,221516,17,249250
2726,0.00678,74.125.130.0-255,1484,223000,17,249250
2727,0.009156,74.125.130.0-255,2902,225902,17,249250
2728,0.009162,172.31.36.0-255,66,225968,17,249250
2729,0.009186,74.125.130.0-255,1484,227452,17,249250
2730,0.011595,74.125.130.0-255,4320,231772,17,249250
2731,0.0116,172.31.36.0-255,66,231838,17,249250
2732,0.014006,74.125.130.0-255,5738,237576,17,249250
2733,0.014014,172.31.36.0-255,66,237642,17,249250
2734,0.016425,74.125.130.0-255,5738,243380,17,249250
2735,0.016431,172.31.36.0-255,66,243446,17,249250
2736,0.018854,74.125.130.0-255,5738,249184,17,249250
2737,0.018864,172.31.36.0-255,66,249250,17,249250
2738,0.0,172.217.194.0-255,156,156,17,206120
2739,3.5e-05,172.31.36.0-255,66,222,17,206120
2740,4.1e-05,172.217.194.0-255,1484,1706,17,206120
2741,4.5e-05,172.31.36.0-255,66,1772,17,206120
2742,5.1e-05,172.217.194.0-255,2902,4674,17,206120
2743,5.3e-05,172.31.36.0-255,66,4740,17,206120
2744,6.1e-05,172.217.194.0-255,7156,11896,17,206120
2745,6.4e-05,172.31.36.0-255,66,11962,17,206120
2746,9.9e-05,172.31.36.0-255,66,12028,17,206120
2747,0.000144,172.31.36.0-255,66,12094,17,206120
2748,0.00015,172.217.194.0-255,5020,17114,17,206120
2749,0.000152,172.31.36.0-255,66,17180,17,206120
2750,0.00019,172.217.194.0-255,1484,18664,17,206120
2751,0.000193,172.31.36.0-255,66,18730,17,206120
2752,0.000206,172.217.194.0-255,2902,21632,17,206120
2753,0.00021,172.31.36.0-255,66,21698,17,206120
2754,0.000216,172.217.194.0-255,5738,27436,17,206120
2755,0.000219,172.31.36.0-255,66,27502,17,206120
2756,0.000222,172.217.194.0-255,1484,28986,17,206120
2757,0.000224,172.31.36.0-255,66,29052,17,206120
2758,0.000254,172.217.194.0-255,5628,34680,17,206120
2759,0.000257,172.31.36.0-255,66,34746,17,206120
2760,0.000262,172.217.194.0-255,122,34868,17,206120
2761,0.000264,172.31.36.0-255,66,34934,17,206120
2762,0.000345,172.217.194.0-255,1484,36418,17,206120
2763,0.000349,172.31.36.0-255,66,36484,17,206120
2764,0.000371,172.217.194.0-255,1484,37968,17,206120
2765,0.000374,172.31.36.0-255,66,38034,17,206120
2766,0.000385,172.217.194.0-255,1484,39518,17,206120
2767,0.000387,172.31.36.0-255,66,39584,17,206120
2768,0.000395,172.217.194.0-255,5738,45322,17,206120
2769,0.000401,172.217.194.0-255,5738,51060,17,206120
2770,0.000407,172.31.36.0-255,66,51126,17,206120
2771,0.000424,172.217.194.0-255,4320,55446,17,206120
2772,0.000445,172.31.36.0-255,66,55512,17,206120
2773,0.000458,172.217.194.0-255,5020,60532,17,206120
2774,0.000461,172.31.36.0-255,66,60598,17,206120
2775,0.000484,172.217.194.0-255,5738,66336,17,206120
2776,0.000491,172.31.36.0-255,66,66402,17,206120
2777,0.00052,172.31.36.0-255,66,66468,17,206120
2778,0.000523,172.217.194.0-255,1484,67952,17,206120
2779,0.000539,172.31.36.0-255,66,68018,17,206120
2780,0.000558,172.217.194.0-255,2902,70920,17,206120
2781,0.000572,172.31.36.0-255,66,70986,17,206120
2782,0.000588,172.31.36.0-255,66,71052,17,206120
2783,0.000604,172.31.36.0-255,66,71118,17,206120
2784,0.000615,172.217.194.0-255,6438,77556,17,206120
2785,0.000619,172.217.194.0-255,1919,79475,17,206120
2786,0.000626,172.31.36.0-255,66,79541,17,206120
2787,0.000919,172.217.194.0-255,1484,81025,17,206120
2788,0.000933,172.217.194.0-255,2902,83927,17,206120
2789,0.000937,172.31.36.0-255,66,83993,17,206120
2790,0.000944,172.217.194.0-255,5738,89731,17,206120
2791,0.000954,172.31.36.0-255,66,89797,17,206120
2792,0.000956,172.217.194.0-255,1484,91281,17,206120
2793,0.000988,172.217.194.0-255,7156,98437,17,206120
2794,0.000998,172.217.194.0-255,1484,99921,17,206120
2795,0.001,172.31.36.0-255,66,99987,17,206120
2796,0.001026,172.217.194.0-255,2184,102171,17,206120
2797,0.001031,172.31.36.0-255,66,102237,17,206120
2798,0.001065,172.217.194.0-255,2902,105139,17,206120
2799,0.00107,172.217.194.0-255,4320,109459,17,206120
2800,0.001082,172.31.36.0-255,66,109525,17,206120
2801,0.001087,172.217.194.0-255,2902,112427,17,206120
2802,0.00109,172.217.194.0-255,1484,113911,17,206120
2803,0.001097,172.31.36.0-255,66,113977,17,206120
2804,0.001104,172.217.194.0-255,4320,118297,17,206120
2805,0.001117,172.31.36.0-255,66,118363,17,206120
2806,0.001121,172.217.194.0-255,5738,124101,17,206120
2807,0.00113,172.31.36.0-255,66,124167,17,206120
2808,0.001135,172.217.194.0-255,4320,128487,17,206120
2809,0.001144,172.31.36.0-255,66,128553,17,206120
2810,0.00117,172.31.36.0-255,66,128619,17,206120
2811,0.001355,172.217.194.0-255,1484,130103,17,206120
2812,0.001376,172.217.194.0-255,2902,133005,17,206120
2813,0.001379,172.31.36.0-255,66,133071,17,206120
2814,0.001385,172.217.194.0-255,5738,138809,17,206120
2815,0.001392,172.217.194.0-255,7156,145965,17,206120
2816,0.001393,172.31.36.0-255,66,146031,17,206120
2817,0.001397,172.31.36.0-255,66,146097,17,206120
2818,0.00146,172.217.194.0-255,2184,148281,17,206120
2819,0.001463,172.31.36.0-255,66,148347,17,206120
2820,0.001468,172.31.36.0-255,66,148413,17,206120
2821,0.001548,172.217.194.0-255,1484,149897,17,206120
2822,0.001554,172.217.194.0-255,2902,152799,17,206120
2823,0.001558,172.31.36.0-255,66,152865,17,206120
2824,0.001565,172.217.194.0-255,4320,157185,17,206120
2825,0.001579,172.31.36.0-255,66,157251,17,206120
2826,0.001582,172.217.194.0-255,1484,158735,17,206120
2827,0.0016,172.31.36.0-255,66,158801,17,206120
2828,0.001625,172.217.194.0-255,4320,163121,17,206120
2829,0.001637,172.217.194.0-255,2184,165305,17,206120
2830,0.001639,172.31.36.0-255,66,165371,17,206120
2831,0.001646,172.31.36.0-255,66,165437,17,206120
2832,0.001669,172.217.194.0-255,2902,168339,17,206120
2833,0.001677,172.31.36.0-255,66,168405,17,206120
2834,0.001699,172.217.194.0-255,7156,175561,17,206120
2835,0.001707,172.217.194.0-255,7156,182717,17,206120
2836,0.001708,172.31.36.0-255,66,182783,17,206120
2837,0.001713,172.31.36.0-255,66,182849,17,206120
2838,0.001741,172.31.36.0-255,66,182915,17,206120
2839,0.001769,172.217.194.0-255,7156,190071,17,206120
2840,0.001775,172.217.194.0-255,5020,195091,17,206120
2841,0.001791,172.31.36.0-255,66,195157,17,206120
2842,0.001793,172.217.194.0-255,5738,200895,17,206120
2843,0.001796,172.31.36.0-255,66,200961,17,206120
2844,0.001836,172.31.36.0-255,66,201027,17,206120
2845,0.001851,172.31.36.0-255,66,201093,17,206120
2846,0.001877,172.217.194.0-255,4320,205413,17,206120
2847,0.001882,172.31.36.0-255,66,205479,17,206120
2848,0.001908,172.31.36.0-255,66,205545,17,206120
2849,0.001948,172.31.36.0-255,66,205611,17,206120
2850,0.001953,172.31.36.0-255,66,205677,17,206120
2851,0.001984,172.217.194.0-255,105,205782,17,206120
2852,0.007825,172.31.36.0-255,101,205883,17,206120
2853,0.008517,172.31.36.0-255,105,205988,17,206120
2854,0.010135,172.217.194.0-255,66,206054,17,206120
2855,0.01087,172.217.194.0-255,66,206120,17,206120
2856,0.0,172.217.194.0-255,154,154,17,209528
2857,2.4e-05,172.31.36.0-255,66,220,17,209528
2858,3.2e-05,172.217.194.0-255,1484,1704,17,209528
2859,3.6e-05,172.31.36.0-255,66,1770,17,209528
2860,4.2e-05,172.217.194.0-255,2902,4672,17,209528
2861,4.5e-05,172.31.36.0-255,66,4738,17,209528
2862,6e-05,172.217.194.0-255,7156,11894,17,209528
2863,6.4e-05,172.31.36.0-255,66,11960,17,209528
2864,0.000101,172.31.36.0-255,66,12026,17,209528
2865,0.000131,172.217.194.0-255,3464,15490,17,209528
2866,0.000135,172.31.36.0-255,66,15556,17,209528
2867,0.00014,172.217.194.0-255,2543,18099,17,209528
2868,0.000142,172.31.36.0-255,66,18165,17,209528
2869,0.000145,172.217.194.0-255,1484,19649,17,209528
2870,0.000147,172.31.36.0-255,66,19715,17,209528
2871,0.000151,172.217.194.0-255,2902,22617,17,209528
2872,0.000153,172.31.36.0-255,66,22683,17,209528
2873,0.00019,172.217.194.0-255,5738,28421,17,209528
2874,0.000194,172.31.36.0-255,66,28487,17,209528
2875,0.000201,172.217.194.0-255,6797,35284,17,209528
2876,0.000203,172.31.36.0-255,66,35350,17,209528
2877,0.000231,172.217.194.0-255,1484,36834,17,209528
2878,0.000234,172.31.36.0-255,66,36900,17,209528
2879,0.000247,172.217.194.0-255,5738,42638,17,209528
2880,0.000257,172.31.36.0-255,66,42704,17,209528
2881,0.000262,172.217.194.0-255,4320,47024,17,209528
2882,0.000265,172.31.36.0-255,66,47090,17,209528
2883,0.00029,172.217.194.0-255,1484,48574,17,209528
2884,0.000292,172.31.36.0-255,66,48640,17,209528
2885,0.000296,172.217.194.0-255,1484,50124,17,209528
2886,0.000299,172.31.36.0-255,66,50190,17,209528
2887,0.000322,172.217.194.0-255,2855,53045,17,209528
2888,0.000326,172.31.36.0-255,66,53111,17,209528
2889,0.000329,172.217.194.0-255,365,53476,17,209528
2890,0.000559,172.217.194.0-255,1484,54960,17,209528
2891,0.000564,172.31.36.0-255,66,55026,17,209528
2892,0.000591,172.217.194.0-255,2902,57928,17,209528
2893,0.000594,172.31.36.0-255,66,57994,17,209528
2894,0.000601,172.217.194.0-255,5738,63732,17,209528
2895,0.000603,172.31.36.0-255,66,63798,17,209528
2896,0.000608,172.217.194.0-255,4320,68118,17,209528
2897,0.00061,172.31.36.0-255,66,68184,17,209528
2898,0.000648,172.217.194.0-255,7156,75340,17,209528
2899,0.000652,172.31.36.0-255,66,75406,17,209528
2900,0.000657,172.217.194.0-255,2902,78308,17,209528
2901,0.000659,172.31.36.0-255,66,78374,17,209528
2902,0.000694,172.31.36.0-255,66,78440,17,209528
2903,0.001166,172.217.194.0-255,1484,79924,17,209528
2904,0.001177,172.217.194.0-255,2902,82826,17,209528
2905,0.001181,172.31.36.0-255,66,82892,17,209528
2906,0.001221,172.217.194.0-255,2902,85794,17,209528
2907,0.001225,172.31.36.0-255,66,85860,17,209528
2908,0.001249,172.217.194.0-255,2902,88762,17,209528
2909,0.001252,172.31.36.0-255,66,88828,17,209528
2910,0.001264,172.31.36.0-255,66,88894,17,209528
2911,0.001284,172.31.36.0-255,66,88960,17,209528
2912,0.001337,172.217.194.0-255,1484,90444,17,209528
2913,0.001356,172.217.194.0-255,2902,93346,17,209528
2914,0.001359,172.31.36.0-255,66,93412,17,209528
2915,0.001364,172.217.194.0-255,4320,97732,17,209528
2916,0.001367,172.31.36.0-255,66,97798,17,209528
2917,0.001386,172.217.194.0-255,1484,99282,17,209528
2918,0.001406,172.217.194.0-255,5738,105020,17,209528
2919,0.001409,172.31.36.0-255,66,105086,17,209528
2920,0.001433,172.217.194.0-255,1484,106570,17,209528
2921,0.001439,172.217.194.0-255,5738,112308,17,209528
2922,0.001441,172.31.36.0-255,66,112374,17,209528
2923,0.001456,172.217.194.0-255,2902,115276,17,209528
2924,0.001463,172.31.36.0-255,66,115342,17,209528
2925,0.001474,172.31.36.0-255,66,115408,17,209528
2926,0.001484,172.31.36.0-255,66,115474,17,209528
2927,0.00149,172.217.194.0-255,5738,121212,17,209528
2928,0.001493,172.31.36.0-255,66,121278,17,209528
2929,0.001536,172.31.36.0-255,66,121344,17,209528
2930,0.001549,172.31.36.0-255,66,121410,17,209528
2931,0.001591,172.217.194.0-255,1484,122894,17,209528
2932,0.001596,172.217.194.0-255,2902,125796,17,209528
2933,0.001599,172.31.36.0-255,66,125862,17,209528
2934,0.001602,172.217.194.0-255,1484,127346,17,209528
2935,0.001623,172.217.194.0-255,4320,131666,17,209528
2936,0.001625,172.31.36.0-255,66,131732,17,209528
2937,0.001636,172.31.36.0-255,66,131798,17,209528
2938,0.001669,172.217.194.0-255,2902,134700,17,209528
2939,0.001671,172.31.36.0-255,66,134766,17,209528
2940,0.001705,172.31.36.0-255,66,134832,17,209528
2941,0.0018,172.217.194.0-255,1484,136316,17,209528
2942,0.001819,172.217.194.0-255,1484,137800,17,209528
2943,0.001821,172.31.36.0-255,66,137866,17,209528
2944,0.001849,172.217.194.0-255,1484,139350,17,209528
2945,0.001855,172.217.194.0-255,5738,145088,17,209528
2946,0.001857,172.31.36.0-255,66,145154,17,209528
2947,0.001887,172.217.194.0-255,2902,148056,17,209528
2948,0.001889,172.31.36.0-255,66,148122,17,209528
2949,0.001926,172.31.36.0-255,66,148188,17,209528
2950,0.00193,172.217.194.0-255,2902,151090,17,209528
2951,0.001933,172.31.36.0-255,66,151156,17,209528
2952,0.00197,172.31.36.0-255,66,151222,17,209528
2953,0.001993,172.217.194.0-255,1484,152706,17,209528
2954,0.001998,172.217.194.0-255,2902,155608,17,209528
2955,0.002,172.31.36.0-255,66,155674,17,209528
2956,0.002026,172.217.194.0-255,5738,161412,17,209528
2957,0.002028,172.31.36.0-255,66,161478,17,209528
2958,0.002034,172.217.194.0-255,5738,167216,17,209528
2959,0.002036,172.31.36.0-255,66,167282,17,209528
2960,0.002099,172.217.194.0-255,4320,171602,17,209528
2961,0.002102,172.31.36.0-255,66,171668,17,209528
2962,0.002129,172.31.36.0-255,66,171734,17,209528
2963,0.002135,172.217.194.0-255,5020,176754,17,209528
2964,0.002137,172.31.36.0-255,66,176820,17,209528
2965,0.002143,172.217.194.0-255,5738,182558,17,209528
2966,0.002147,172.31.36.0-255,66,182624,17,209528
2967,0.002184,172.31.36.0-255,66,182690,17,209528
2968,0.0022,172.217.194.0-255,766,183456,17,209528
2969,0.002204,172.31.36.0-255,66,183522,17,209528
2970,0.002231,172.217.194.0-255,5738,189260,17,209528
2971,0.002233,172.31.36.0-255,66,189326,17,209528
2972,0.002266,172.31.36.0-255,66,189392,17,209528
2973,0.002278,172.31.36.0-255,66,189458,17,209528
2974,0.002301,172.217.194.0-255,766,190224,17,209528
2975,0.002307,172.217.194.0-255,5738,195962,17,209528
2976,0.00231,172.31.36.0-255,66,196028,17,209528
2977,0.002339,172.31.36.0-255,66,196094,17,209528
2978,0.002366,172.217.194.0-255,5738,201832,17,209528
2979,0.002369,172.31.36.0-255,66,201898,17,209528
2980,0.002376,172.217.194.0-255,7156,209054,17,209528
2981,0.002378,172.31.36.0-255,66,209120,17,209528
2982,0.002424,172.31.36.0-255,66,209186,17,209528
2983,0.002427,172.217.194.0-255,105,209291,17,209528
2984,0.005105,172.31.36.0-255,66,209357,17,209528
2985,0.005133,172.31.36.0-255,105,209462,17,209528
2986,0.007514,172.217.194.0-255,66,209528,17,209528
2987,0.0,74.125.68.0-255,152,152,17,247212
2988,2.1e-05,172.31.36.0-255,66,218,17,247212
2989,2.8e-05,74.125.68.0-255,1484,1702,17,247212
2990,3.2e-05,172.31.36.0-255,66,1768,17,247212
2991,5e-05,74.125.68.0-255,1484,3252,17,247212
2992,5.3e-05,172.31.36.0-255,66,3318,17,247212
2993,5.8e-05,74.125.68.0-255,2902,6220,17,247212
2994,6.1e-05,172.31.36.0-255,66,6286,17,247212
2995,9.7e-05,74.125.68.0-255,5738,12024,17,247212
2996,0.0001,172.31.36.0-255,66,12090,17,247212
2997,0.000104,74.125.68.0-255,2011,14101,17,247212
2998,0.000106,172.31.36.0-255,66,14167,17,247212
2999,0.000143,74.125.68.0-255,1484,15651,17,247212
3000,0.000146,172.31.36.0-255,66,15717,17,247212
3001,0.000163,74.125.68.0-255,2902,18619,17,247212
3002,0.000166,172.31.36.0-255,66,18685,17,247212
3003,0.000168,74.125.68.0-255,1484,20169,17,247212
3004,0.00017,172.31.36.0-255,66,20235,17,247212
3005,0.000201,74.125.68.0-255,4320,24555,17,247212
3006,0.000205,172.31.36.0-255,66,24621,17,247212
3007,0.00021,74.125.68.0-255,2902,27523,17,247212
3008,0.000212,172.31.36.0-255,66,27589,17,247212
3009,0.000217,74.125.68.0-255,3961,31550,17,247212
3010,0.000219,172.31.36.0-255,66,31616,17,247212
3011,0.00035,74.125.68.0-255,1484,33100,17,247212
3012,0.000355,172.31.36.0-255,66,33166,17,247212
3013,0.000361,74.125.68.0-255,2902,36068,17,247212
3014,0.000363,172.31.36.0-255,66,36134,17,247212
3015,0.000385,74.125.68.0-255,5738,41872,17,247212
3016,0.000388,172.31.36.0-255,66,41938,17,247212
3017,0.000395,74.125.68.0-255,5738,47676,17,247212
3018,0.000397,172.31.36.0-255,66,47742,17,247212
3019,0.000426,74.125.68.0-255,6797,54539,17,247212
3020,0.000429,172.31.36.0-255,66,54605,17,247212
3021,0.000446,74.125.68.0-255,5738,60343,17,247212
3022,0.000448,172.31.36.0-255,66,60409,17,247212
3023,0.000472,74.125.68.0-255,2902,63311,17,247212
3024,0.000475,172.31.36.0-255,66,63377,17,247212
3025,0.000493,74.125.68.0-255,2543,65920,17,247212
3026,0.000496,172.31.36.0-255,66,65986,17,247212
3027,0.000667,74.125.68.0-255,413,66399,17,247212
3028,0.000724,74.125.68.0-255,331,66730,17,247212
3029,0.000942,74.125.68.0-255,1484,68214,17,247212
3030,0.000947,172.31.36.0-255,66,68280,17,247212
3031,0.000953,74.125.68.0-255,2902,71182,17,247212
3032,0.000955,172.31.36.0-255,66,71248,17,247212
3033,0.000972,74.125.68.0-255,5738,76986,17,247212
3034,0.000974,172.31.36.0-255,66,77052,17,247212
3035,0.000989,74.125.68.0-255,4320,81372,17,247212
3036,0.000991,172.31.36.0-255,66,81438,17,247212
3037,0.001017,74.125.68.0-255,5738,87176,17,247212
3038,0.00102,172.31.36.0-255,66,87242,17,247212
3039,0.001072,172.31.36.0-255,66,87308,17,247212
3040,0.001077,74.125.68.0-255,2184,89492,17,247212
3041,0.001078,172.31.36.0-255,66,89558,17,247212
3042,0.001169,74.125.68.0-255,1484,91042,17,247212
3043,0.001175,74.125.68.0-255,2902,93944,17,247212
3044,0.001178,172.31.36.0-255,66,94010,17,247212
3045,0.0012,74.125.68.0-255,5738,99748,17,247212
3046,0.001203,172.31.36.0-255,66,99814,17,247212
3047,0.001208,74.125.68.0-255,2902,102716,17,247212
3048,0.00121,172.31.36.0-255,66,102782,17,247212
3049,0.001227,74.125.68.0-255,4320,107102,17,247212
3050,0.001231,172.31.36.0-255,66,107168,17,247212
3051,0.001273,172.31.36.0-255,66,107234,17,247212
3052,0.0013,74.125.68.0-255,3602,110836,17,247212
3053,0.001307,172.31.36.0-255,66,110902,17,247212
3054,0.001342,74.125.68.0-255,4320,115222,17,247212
3055,0.001348,74.125.68.0-255,4320,119542,17,247212
3056,0.001373,172.31.36.0-255,66,119608,17,247212
3057,0.00138,74.125.68.0-255,5738,125346,17,247212
3058,0.001386,172.31.36.0-255,66,125412,17,247212
3059,0.001405,74.125.68.0-255,2902,128314,17,247212
3060,0.00144,172.31.36.0-255,66,128380,17,247212
3061,0.001466,74.125.68.0-255,7156,135536,17,247212
3062,0.00147,172.31.36.0-255,66,135602,17,247212
3063,0.001496,74.125.68.0-255,2902,138504,17,247212
3064,0.00151,74.125.68.0-255,7156,145660,17,247212
3065,0.001516,172.31.36.0-255,66,145726,17,247212
3066,0.001529,74.125.68.0-255,7156,152882,17,247212
3067,0.001534,74.125.68.0-255,5020,157902,17,247212
3068,0.001538,172.31.36.0-255,66,157968,17,247212
3069,0.001586,74.125.68.0-255,1484,159452,17,247212
3070,0.001591,74.125.68.0-255,1484,160936,17,247212
3071,0.001605,74.125.68.0-255,1484,162420,17,247212
3072,0.00161,74.125.68.0-255,2902,165322,17,247212
3073,0.001613,74.125.68.0-255,1484,166806,17,247212
3074,0.001627,74.125.68.0-255,2902,169708,17,247212
3075,0.001683,74.125.68.0-255,4320,174028,17,247212
3076,0.00169,74.125.68.0-255,5738,179766,17,247212
3077,0.001712,74.125.68.0-255,3602,183368,17,247212
3078,0.001756,74.125.68.0-255,1484,184852,17,247212
3079,0.001771,74.125.68.0-255,2902,187754,17,247212
3080,0.0018,74.125.68.0-255,5738,193492,17,247212
3081,0.001803,74.125.68.0-255,1484,194976,17,247212
3082,0.00182,74.125.68.0-255,5738,200714,17,247212
3083,0.001836,74.125.68.0-255,4320,205034,17,247212
3084,0.001852,74.125.68.0-255,4320,209354,17,247212
3085,0.00196,74.125.68.0-255,1484,210838,17,247212
3086,0.001975,74.125.68.0-255,1484,212322,17,247212
3087,0.006485,172.31.36.0-255,66,212388,17,247212
3088,0.008441,74.125.68.0-255,5738,218126,17,247212
3089,0.008448,172.31.36.0-255,66,218192,17,247212
3090,0.010401,74.125.68.0-255,5738,223930,17,247212
3091,0.010407,172.31.36.0-255,66,223996,17,247212
3092,0.012364,74.125.68.0-255,5738,229734,17,247212
3093,0.012371,172.31.36.0-255,66,229800,17,247212
3094,0.01433,74.125.68.0-255,5738,235538,17,247212
3095,0.014339,172.31.36.0-255,66,235604,17,247212
3096,0.016297,74.125.68.0-255,5738,241342,17,247212
3097,0.016305,172.31.36.0-255,66,241408,17,247212
3098,0.018264,74.125.68.0-255,5738,247146,17,247212
3099,0.018271,172.31.36.0-255,66,247212,17,247212
3100,0.0,74.125.24.0-255,151,151,17,144041
3101,2.3e-05,172.31.36.0-255,66,217,17,144041
3102,3e-05,74.125.24.0-255,1484,1701,17,144041
3103,3.5e-05,172.31.36.0-255,66,1767,17,144041
3104,4.1e-05,74.125.24.0-255,2902,4669,17,144041
3105,4.3e-05,172.31.36.0-255,66,4735,17,144041
3106,5.1e-05,74.125.24.0-255,7156,11891,17,144041
3107,5.4e-05,172.31.36.0-255,66,11957,17,144041
3108,0.000103,74.125.24.0-255,4320,16277,17,144041
3109,0.000106,172.31.36.0-255,66,16343,17,144041
3110,0.000135,172.31.36.0-255,66,16409,17,144041
3111,0.000243,74.125.24.0-255,2543,18952,17,144041
3112,0.000248,172.31.36.0-255,66,19018,17,144041
3113,0.000268,74.125.24.0-255,2902,21920,17,144041
3114,0.000271,172.31.36.0-255,66,21986,17,144041
3115,0.000276,74.125.24.0-255,4320,26306,17,144041
3116,0.000279,172.31.36.0-255,66,26372,17,144041
3117,0.000292,74.125.24.0-255,2902,29274,17,144041
3118,0.000294,172.31.36.0-255,66,29340,17,144041
3119,0.000347,74.125.24.0-255,1484,30824,17,144041
3120,0.00035,172.31.36.0-255,66,30890,17,144041
3121,0.000372,74.125.24.0-255,5379,36269,17,144041
3122,0.000374,172.31.36.0-255,66,36335,17,144041
3123,0.000641,74.125.24.0-255,1484,37819,17,144041
3124,0.000646,172.31.36.0-255,66,37885,17,144041
3125,0.000653,74.125.24.0-255,2902,40787,17,144041
3126,0.000655,172.31.36.0-255,66,40853,17,144041
3127,0.000683,74.125.24.0-255,5738,46591,17,144041
3128,0.000686,172.31.36.0-255,66,46657,17,144041
3129,0.000722,74.125.24.0-255,4320,50977,17,144041
3130,0.000725,172.31.36.0-255,66,51043,17,144041
3131,0.000746,74.125.24.0-255,3123,54166,17,144041
3132,0.000759,172.31.36.0-255,66,54232,17,144041
3133,0.00099,74.125.24.0-255,1484,55716,17,144041
3134,0.000995,74.125.24.0-255,1484,57200,17,144041
3135,0.000998,172.31.36.0-255,66,57266,17,144041
3136,0.001012,74.125.24.0-255,1484,58750,17,144041
3137,0.001015,74.125.24.0-255,1484,60234,17,144041
3138,0.001017,172.31.36.0-255,66,60300,17,144041
3139,0.001038,74.125.24.0-255,4320,64620,17,144041
3140,0.001041,172.31.36.0-255,66,64686,17,144041
3141,0.001074,74.125.24.0-255,4320,69006,17,144041
3142,0.001077,172.31.36.0-255,66,69072,17,144041
3143,0.001098,74.125.24.0-255,2543,71615,17,144041
3144,0.0011,172.31.36.0-255,66,71681,17,144041
3145,0.001126,74.125.24.0-255,7156,78837,17,144041
3146,0.001146,172.31.36.0-255,66,78903,17,144041
3147,0.001184,74.125.24.0-255,4320,83223,17,144041
3148,0.001192,172.31.36.0-255,66,83289,17,144041
3149,0.001217,172.31.36.0-255,66,83355,17,144041
3150,0.001355,172.31.36.0-255,66,83421,17,144041
3151,0.001445,74.125.24.0-255,1484,84905,17,144041
3152,0.001456,172.31.36.0-255,66,84971,17,144041
3153,0.001516,74.125.24.0-255,2902,87873,17,144041
3154,0.001519,172.31.36.0-255,66,87939,17,144041
3155,0.001571,74.125.24.0-255,5020,92959,17,144041
3156,0.001578,172.31.36.0-255,66,93025,17,144041
3157,0.002119,74.125.24.0-255,1484,94509,17,144041
3158,0.002128,74.125.24.0-255,2902,97411,17,144041
3159,0.002132,172.31.36.0-255,66,97477,17,144041
3160,0.00214,74.125.24.0-255,5738,103215,17,144041
3161,0.002141,172.31.36.0-255,66,103281,17,144041
3162,0.0022,172.31.36.0-255,66,103347,17,144041
3163,0.002261,74.125.24.0-255,5738,109085,17,144041
3164,0.002264,172.31.36.0-255,66,109151,17,144041
3165,0.002292,172.31.36.0-255,66,109217,17,144041
3166,0.004822,74.125.24.0-255,5738,114955,17,144041
3167,0.004828,172.31.36.0-255,66,115021,17,144041
3168,0.007336,74.125.24.0-255,5738,120759,17,144041
3169,0.007343,172.31.36.0-255,66,120825,17,144041
3170,0.009882,74.125.24.0-255,5738,126563,17,144041
3171,0.00989,172.31.36.0-255,66,126629,17,144041
3172,0.012423,74.125.24.0-255,5738,132367,17,144041
3173,0.012437,172.31.36.0-255,66,132433,17,144041
3174,0.014967,74.125.24.0-255,5738,138171,17,144041
3175,0.014979,172.31.36.0-255,66,138237,17,144041
3176,0.01748,74.125.24.0-255,5738,143975,17,144041
3177,0.01749,172.31.36.0-255,66,144041,17,144041
3178,0.0,74.125.68.0-255,291,291,17,317825
3179,3.3e-05,172.31.36.0-255,66,357,17,317825
3180,7.2e-05,74.125.68.0-255,1484,1841,17,317825
3181,7.6e-05,172.31.36.0-255,66,1907,17,317825
3182,8.2e-05,74.125.68.0-255,2902,4809,17,317825
3183,8.4e-05,172.31.36.0-255,66,4875,17,317825
3184,8.7e-05,74.125.68.0-255,1484,6359,17,317825
3185,9.4e-05,172.31.36.0-255,66,6425,17,317825
3186,0.0001,74.125.68.0-255,2902,9327,17,317825
3187,0.000103,172.31.36.0-255,66,9393,17,317825
3188,0.000129,74.125.68.0-255,2902,12295,17,317825
3189,0.000133,172.31.36.0-255,66,12361,17,317825
3190,0.000161,74.125.68.0-255,3305,15666,17,317825
3191,0.000165,172.31.36.0-255,66,15732,17,317825
3192,0.000171,74.125.68.0-255,5738,21470,17,317825
3193,0.000173,172.31.36.0-255,66,21536,17,317825
3194,0.000185,74.125.68.0-255,7156,28692,17,317825
3195,0.000189,172.31.36.0-255,66,28758,17,317825
3196,0.000221,74.125.68.0-255,2543,31301,17,317825
3197,0.000224,172.31.36.0-255,66,31367,17,317825
3198,0.00028,74.125.68.0-255,1484,32851,17,317825
3199,0.000283,172.31.36.0-255,66,32917,17,317825
3200,0.000287,74.125.68.0-255,1484,34401,17,317825
3201,0.000292,172.31.36.0-255,66,34467,17,317825
3202,0.000302,74.125.68.0-255,2902,37369,17,317825
3203,0.000305,172.31.36.0-255,66,37435,17,317825
3204,0.000308,74.125.68.0-255,1484,38919,17,317825
3205,0.00031,172.31.36.0-255,66,38985,17,317825
3206,0.000343,74.125.68.0-255,4320,43305,17,317825
3207,0.000347,172.31.36.0-255,66,43371,17,317825
3208,0.000354,74.125.68.0-255,5379,48750,17,317825
3209,0.000357,172.31.36.0-255,66,48816,17,317825
3210,0.000359,74.125.68.0-255,1484,50300,17,317825
3211,0.000389,74.125.68.0-255,4320,54620,17,317825
3212,0.000394,172.31.36.0-255,66,54686,17,317825
3213,0.000403,74.125.68.0-255,2902,57588,17,317825
3214,0.000409,172.31.36.0-255,66,57654,17,317825
3215,0.000436,74.125.68.0-255,133,57787,17,317825
3216,0.000442,172.31.36.0-255,66,57853,17,317825
3217,0.000505,74.125.68.0-255,1484,59337,17,317825
3218,0.000524,74.125.68.0-255,2902,62239,17,317825
3219,0.000533,172.31.36.0-255,66,62305,17,317825
3220,0.00054,74.125.68.0-255,4320,66625,17,317825
3221,0.000548,172.31.36.0-255,66,66691,17,317825
3222,0.000565,74.125.68.0-255,1484,68175,17,317825
3223,0.000578,74.125.68.0-255,7156,75331,17,317825
3224,0.000589,172.31.36.0-255,66,75397,17,317825
3225,0.000621,172.31.36.0-255,66,75463,17,317825
3226,0.000625,74.125.68.0-255,4320,79783,17,317825
3227,0.000636,172.31.36.0-255,66,79849,17,317825
3228,0.000665,74.125.68.0-255,3304,83153,17,317825
3229,0.000671,172.31.36.0-255,66,83219,17,317825
3230,0.0007,74.125.68.0-255,4320,87539,17,317825
3231,0.000709,172.31.36.0-255,66,87605,17,317825
3232,0.000713,74.125.68.0-255,1484,89089,17,317825
3233,0.000741,74.125.68.0-255,4320,93409,17,317825
3234,0.000746,172.31.36.0-255,66,93475,17,317825
3235,0.000752,74.125.68.0-255,5738,99213,17,317825
3236,0.000759,172.31.36.0-255,66,99279,17,317825
3237,0.00078,74.125.68.0-255,5738,105017,17,317825
3238,0.000783,74.125.68.0-255,1484,106501,17,317825
3239,0.000789,172.31.36.0-255,66,106567,17,317825
3240,0.000801,74.125.68.0-255,4320,110887,17,317825
3241,0.000804,172.31.36.0-255,66,110953,17,317825
3242,0.000827,74.125.68.0-255,6438,117391,17,317825
3243,0.000838,172.31.36.0-255,66,117457,17,317825
3244,0.000879,74.125.68.0-255,1484,118941,17,317825
3245,0.000893,74.125.68.0-255,2902,121843,17,317825
3246,0.000896,74.125.68.0-255,1484,123327,17,317825
3247,0.000902,172.31.36.0-255,66,123393,17,317825
3248,0.000913,74.125.68.0-255,2902,126295,17,317825
3249,0.000921,74.125.68.0-255,1484,127779,17,317825
3250,0.000925,172.31.36.0-255,66,127845,17,317825
3251,0.000944,74.125.68.0-255,4320,132165,17,317825
3252,0.000947,172.31.36.0-255,66,132231,17,317825
3253,0.000953,74.125.68.0-255,4320,136551,17,317825
3254,0.000956,172.31.36.0-255,66,136617,17,317825
3255,0.000984,74.125.68.0-255,4320,140937,17,317825
3256,0.00099,172.31.36.0-255,66,141003,17,317825
3257,0.000996,74.125.68.0-255,766,141769,17,317825
3258,0.001003,172.31.36.0-255,66,141835,17,317825
3259,0.001068,74.125.68.0-255,1484,143319,17,317825
3260,0.001073,74.125.68.0-255,2902,146221,17,317825
3261,0.001076,172.31.36.0-255,66,146287,17,317825
3262,0.001103,74.125.68.0-255,5738,152025,17,317825
3263,0.001108,74.125.68.0-255,2902,154927,17,317825
3264,0.001113,172.31.36.0-255,66,154993,17,317825
3265,0.001135,74.125.68.0-255,2902,157895,17,317825
3266,0.001138,74.125.68.0-255,1484,159379,17,317825
3267,0.001141,172.31.36.0-255,66,159445,17,317825
3268,0.001185,74.125.68.0-255,5020,164465,17,317825
3269,0.00119,172.31.36.0-255,66,164531,17,317825
3270,0.001215,74.125.68.0-255,1484,166015,17,317825
3271,0.001232,74.125.68.0-255,2902,168917,17,317825
3272,0.001248,172.31.36.0-255,66,168983,17,317825
3273,0.00125,74.125.68.0-255,4320,173303,17,317825
3274,0.001264,172.31.36.0-255,66,173369,17,317825
3275,0.001273,74.125.68.0-255,1484,174853,17,317825
3276,0.001278,74.125.68.0-255,2902,177755,17,317825
3277,0.001282,74.125.68.0-255,4320,182075,17,317825
3278,0.001286,172.31.36.0-255,66,182141,17,317825
3279,0.001326,172.31.36.0-255,66,182207,17,317825
3280,0.001328,74.125.68.0-255,5738,187945,17,317825
3281,0.001339,172.31.36.0-255,66,188011,17,317825
3282,0.001368,74.125.68.0-255,2184,190195,17,317825
3283,0.001374,172.31.36.0-255,66,190261,17,317825
3284,0.001835,74.125.68.0-255,1484,191745,17,317825
3285,0.001855,74.125.68.0-255,1484,193229,17,317825
3286,0.001859,172.31.36.0-255,66,193295,17,317825
3287,0.001886,74.125.68.0-255,1484,194779,17,317825
3288,0.001892,74.125.68.0-255,4320,199099,17,317825
3289,0.001902,74.125.68.0-255,5738,204837,17,317825
3290,0.001903,172.31.36.0-255,66,204903,17,317825
3291,0.001909,172.31.36.0-255,66,204969,17,317825
3292,0.001924,74.125.68.0-255,4320,209289,17,317825
3293,0.00193,172.31.36.0-255,66,209355,17,317825
3294,0.001959,74.125.68.0-255,5738,215093,17,317825
3295,0.001971,74.125.68.0-255,5738,220831,17,317825
3296,0.001976,172.31.36.0-255,66,220897,17,317825
3297,0.002034,74.125.68.0-255,3602,224499,17,317825
3298,0.002037,172.31.36.0-255,66,224565,17,317825
3299,0.002272,74.125.68.0-255,1484,226049,17,317825
3300,0.002297,74.125.68.0-255,2902,228951,17,317825
3301,0.0023,172.31.36.0-255,66,229017,17,317825
3302,0.002325,74.125.68.0-255,1484,230501,17,317825
3303,0.002345,74.125.68.0-255,2902,233403,17,317825
3304,0.002349,172.31.36.0-255,66,233469,17,317825
3305,0.002354,74.125.68.0-255,2902,236371,17,317825
3306,0.002363,172.31.36.0-255,66,236437,17,317825
3307,0.002382,74.125.68.0-255,2902,239339,17,317825
3308,0.002387,74.125.68.0-255,4320,243659,17,317825
3309,0.002388,172.31.36.0-255,66,243725,17,317825
3310,0.002393,74.125.68.0-255,5738,249463,17,317825
3311,0.002393,172.31.36.0-255,66,249529,17,317825
3312,0.002407,172.31.36.0-255,66,249595,17,317825
3313,0.002456,74.125.68.0-255,5738,255333,17,317825
3314,0.002472,172.31.36.0-255,66,255399,17,317825
3315,0.002481,74.125.68.0-255,4320,259719,17,317825
3316,0.002489,172.31.36.0-255,66,259785,17,317825
3317,0.002491,74.125.68.0-255,4320,264105,17,317825
3318,0.002496,74.125.68.0-255,5738,269843,17,317825
3319,0.002499,74.125.68.0-255,1484,271327,17,317825
3320,0.002504,172.31.36.0-255,66,271393,17,317825
3321,0.002532,74.125.68.0-255,7156,278549,17,317825
3322,0.002547,172.31.36.0-255,66,278615,17,317825
3323,0.00501,74.125.68.0-255,5738,284353,17,317825
3324,0.005017,172.31.36.0-255,66,284419,17,317825
3325,0.00748,74.125.68.0-255,5738,290157,17,317825
3326,0.007494,172.31.36.0-255,66,290223,17,317825
3327,0.009978,74.125.68.0-255,5738,295961,17,317825
3328,0.009985,172.31.36.0-255,66,296027,17,317825
3329,0.012495,74.125.68.0-255,5738,301765,17,317825
3330,0.012502,172.31.36.0-255,66,301831,17,317825
3331,0.014975,74.125.68.0-255,4320,306151,17,317825
3332,0.014988,172.31.36.0-255,66,306217,17,317825
3333,0.01499,74.125.68.0-255,1484,307701,17,317825
3334,0.017472,74.125.68.0-255,4320,312021,17,317825
3335,0.017483,172.31.36.0-255,66,312087,17,317825
3336,0.019964,74.125.68.0-255,5738,317825,17,317825
3337,0.0,172.217.194.0-255,153,153,17,125269
3338,1.9e-05,172.217.194.0-255,1484,1637,17,125269
3339,2.9e-05,172.31.36.0-255,66,1703,17,125269
3340,3.7e-05,172.217.194.0-255,2902,4605,17,125269
3341,4e-05,172.31.36.0-255,66,4671,17,125269
3342,4.6e-05,172.217.194.0-255,4320,8991,17,125269
3343,4.9e-05,172.31.36.0-255,66,9057,17,125269
3344,7.6e-05,172.217.194.0-255,4874,13931,17,125269
3345,7.9e-05,172.31.36.0-255,66,13997,17,125269
3346,8.3e-05,172.217.194.0-255,2902,16899,17,125269
3347,8.5e-05,172.31.36.0-255,66,16965,17,125269
3348,9.9e-05,172.217.194.0-255,2902,19867,17,125269
3349,0.000101,172.31.36.0-255,66,19933,17,125269
3350,0.00014,172.31.36.0-255,66,19999,17,125269
3351,0.000184,172.31.36.0-255,66,20065,17,125269
3352,0.00019,172.217.194.0-255,5379,25444,17,125269
3353,0.000193,172.31.36.0-255,66,25510,17,125269
3354,0.000235,172.217.194.0-255,2902,28412,17,125269
3355,0.000239,172.31.36.0-255,66,28478,17,125269
3356,0.000272,172.31.36.0-255,66,28544,17,125269
3357,0.000347,172.217.194.0-255,646,29190,17,125269
3358,0.000436,172.217.194.0-255,1484,30674,17,125269
3359,0.00044,172.31.36.0-255,66,30740,17,125269
3360,0.000445,172.217.194.0-255,2902,33642,17,125269
3361,0.000448,172.31.36.0-255,66,33708,17,125269
3362,0.000466,172.217.194.0-255,5738,39446,17,125269
3363,0.000469,172.31.36.0-255,66,39512,17,125269
3364,0.000505,172.31.36.0-255,66,39578,17,125269
3365,0.000538,172.31.36.0-255,66,39644,17,125269
3366,0.000559,172.217.194.0-255,217,39861,17,125269
3367,0.000571,172.31.36.0-255,66,39927,17,125269
3368,0.000615,172.31.36.0-255,66,39993,17,125269
3369,0.000636,172.217.194.0-255,5020,45013,17,125269
3370,0.000639,172.31.36.0-255,66,45079,17,125269
3371,0.000683,172.217.194.0-255,2902,47981,17,125269
3372,0.000688,172.31.36.0-255,66,48047,17,125269
3373,0.000693,172.217.194.0-255,4320,52367,17,125269
3374,0.000696,172.31.36.0-255,66,52433,17,125269
3375,0.000727,172.31.36.0-255,66,52499,17,125269
3376,0.00077,172.31.36.0-255,66,52565,17,125269
3377,0.001225,172.217.194.0-255,1484,54049,17,125269
3378,0.00124,172.217.194.0-255,2902,56951,17,125269
3379,0.001245,172.31.36.0-255,66,57017,17,125269
3380,0.001258,172.217.194.0-255,5738,62755,17,125269
3381,0.001261,172.31.36.0-255,66,62821,17,125269
3382,0.001301,172.31.36.0-255,66,62887,17,125269
3383,0.001309,172.217.194.0-255,7156,70043,17,125269
3384,0.001311,172.31.36.0-255,66,70109,17,125269
3385,0.001325,172.217.194.0-255,3602,73711,17,125269
3386,0.001327,172.31.36.0-255,66,73777,17,125269
3387,0.001531,172.217.194.0-255,1484,75261,17,125269
3388,0.001537,172.217.194.0-255,2902,78163,17,125269
3389,0.00154,172.31.36.0-255,66,78229,17,125269
3390,0.001547,172.217.194.0-255,4320,82549,17,125269
3391,0.001549,172.31.36.0-255,66,82615,17,125269
3392,0.00157,172.217.194.0-255,1484,84099,17,125269
3393,0.001611,172.217.194.0-255,7156,91255,17,125269
3394,0.001613,172.31.36.0-255,66,91321,17,125269
3395,0.001633,172.217.194.0-255,5738,97059,17,125269
3396,0.001635,172.31.36.0-255,66,97125,17,125269
3397,0.001647,172.31.36.0-255,66,97191,17,125269
3398,0.001659,172.31.36.0-255,66,97257,17,125269
3399,0.00167,172.31.36.0-255,66,97323,17,125269
3400,0.001703,172.31.36.0-255,66,97389,17,125269
3401,0.001718,172.31.36.0-255,66,97455,17,125269
3402,0.001735,172.217.194.0-255,7156,104611,17,125269
3403,0.001738,172.31.36.0-255,66,104677,17,125269
3404,0.001761,172.217.194.0-255,7156,111833,17,125269
3405,0.001764,172.31.36.0-255,66,111899,17,125269
3406,0.001791,172.31.36.0-255,66,111965,17,125269
3407,0.001805,172.31.36.0-255,66,112031,17,125269
3408,0.00185,172.31.36.0-255,66,112097,17,125269
3409,0.001858,172.31.36.0-255,66,112163,17,125269
3410,0.001888,172.31.36.0-255,66,112229,17,125269
3411,0.001922,172.31.36.0-255,66,112295,17,125269
3412,0.001947,172.31.36.0-255,66,112361,17,125269
3413,0.001953,172.217.194.0-255,6438,118799,17,125269
3414,0.001955,172.31.36.0-255,66,118865,17,125269
3415,0.002012,172.217.194.0-255,1484,120349,17,125269
3416,0.002034,172.217.194.0-255,4578,124927,17,125269
3417,0.002038,172.31.36.0-255,66,124993,17,125269
3418,0.002041,172.217.194.0-255,105,125098,17,125269
3419,0.010562,172.31.36.0-255,105,125203,17,125269
3420,0.012866,172.217.194.0-255,66,125269,17,125269
3421,0.0,172.31.36.0-255,66,66,17,66
3422,0.0,74.125.24.0-255,153,153,17,146114
3423,1.6e-05,172.31.36.0-255,66,219,17,146114
3424,2.4e-05,74.125.24.0-255,1484,1703,17,146114
3425,2.9e-05,172.31.36.0-255,66,1769,17,146114
3426,3.5e-05,74.125.24.0-255,2902,4671,17,146114
3427,3.9e-05,172.31.36.0-255,66,4737,17,146114
3428,4.6e-05,74.125.24.0-255,7156,11893,17,146114
3429,5e-05,172.31.36.0-255,66,11959,17,146114
3430,5.4e-05,74.125.24.0-255,2076,14035,17,146114
3431,5.8e-05,172.31.36.0-255,66,14101,17,146114
3432,0.000114,74.125.24.0-255,1484,15585,17,146114
3433,0.000117,172.31.36.0-255,66,15651,17,146114
3434,0.000142,74.125.24.0-255,2902,18553,17,146114
3435,0.000144,172.31.36.0-255,66,18619,17,146114
3436,0.000152,74.125.24.0-255,5738,24357,17,146114
3437,0.000154,172.31.36.0-255,66,24423,17,146114
3438,0.00016,74.125.24.0-255,4320,28743,17,146114
3439,0.000162,172.31.36.0-255,66,28809,17,146114
3440,0.000209,74.125.24.0-255,5738,34547,17,146114
3441,0.000212,172.31.36.0-255,66,34613,17,146114
3442,0.000229,74.125.24.0-255,2543,37156,17,146114
3443,0.000231,172.31.36.0-255,66,37222,17,146114
3444,0.000239,74.125.24.0-255,7156,44378,17,146114
3445,0.000241,172.31.36.0-255,66,44444,17,146114
3446,0.000257,74.125.24.0-255,1484,45928,17,146114
3447,0.000259,172.31.36.0-255,66,45994,17,146114
3448,0.000264,74.125.24.0-255,2543,48537,17,146114
3449,0.000266,172.31.36.0-255,66,48603,17,146114
3450,0.000315,74.125.24.0-255,1484,50087,17,146114
3451,0.000318,172.31.36.0-255,66,50153,17,146114
3452,0.000334,74.125.24.0-255,2902,53055,17,146114
3453,0.000337,172.31.36.0-255,66,53121,17,146114
3454,0.000343,74.125.24.0-255,5738,58859,17,146114
3455,0.000345,172.31.36.0-255,66,58925,17,146114
3456,0.000352,74.125.24.0-255,4320,63245,17,146114
3457,0.000354,172.31.36.0-255,66,63311,17,146114
3458,0.000374,74.125.24.0-255,1484,64795,17,146114
3459,0.000417,74.125.24.0-255,1737,66532,17,146114
3460,0.00042,172.31.36.0-255,66,66598,17,146114
3461,0.000694,74.125.24.0-255,1484,68082,17,146114
3462,0.000711,74.125.24.0-255,2902,70984,17,146114
3463,0.000715,172.31.36.0-255,66,71050,17,146114
3464,0.000721,74.125.24.0-255,5738,76788,17,146114
3465,0.000724,172.31.36.0-255,66,76854,17,146114
3466,0.000762,172.31.36.0-255,66,76920,17,146114
3467,0.000769,74.125.24.0-255,5738,82658,17,146114
3468,0.000771,172.31.36.0-255,66,82724,17,146114
3469,0.000788,74.125.24.0-255,5020,87744,17,146114
3470,0.000791,172.31.36.0-255,66,87810,17,146114
3471,0.001205,74.125.24.0-255,1484,89294,17,146114
3472,0.001211,74.125.24.0-255,2902,92196,17,146114
3473,0.001215,172.31.36.0-255,66,92262,17,146114
3474,0.001239,74.125.24.0-255,5738,98000,17,146114
3475,0.001242,172.31.36.0-255,66,98066,17,146114
3476,0.001256,172.31.36.0-255,66,98132,17,146114
3477,0.001287,74.125.24.0-255,1484,99616,17,146114
3478,0.0013,172.31.36.0-255,66,99682,17,146114
3479,0.003375,74.125.24.0-255,5738,105420,17,146114
3480,0.003382,172.31.36.0-255,66,105486,17,146114
3481,0.005451,74.125.24.0-255,5738,111224,17,146114
3482,0.005455,172.31.36.0-255,66,111290,17,146114
3483,0.00754,74.125.24.0-255,5738,117028,17,146114
3484,0.007546,172.31.36.0-255,66,117094,17,146114
3485,0.009634,74.125.24.0-255,5738,122832,17,146114
3486,0.009641,172.31.36.0-255,66,122898,17,146114
3487,0.01175,74.125.24.0-255,5738,128636,17,146114
3488,0.011759,172.31.36.0-255,66,128702,17,146114
3489,0.013837,74.125.24.0-255,5738,134440,17,146114
3490,0.013847,172.31.36.0-255,66,134506,17,146114
3491,0.015909,74.125.24.0-255,5738,140244,17,146114
3492,0.015919,172.31.36.0-255,66,140310,17,146114
3493,0.017991,74.125.24.0-255,5738,146048,17,146114
3494,0.017999,172.31.36.0-255,66,146114,17,146114
3495,0.0,172.217.24.0-255,150,150,17,252054
3496,2.4e-05,172.217.24.0-255,1484,1634,17,252054
3497,3.1e-05,172.31.36.0-255,66,1700,17,252054
3498,3.8e-05,172.217.24.0-255,2902,4602,17,252054
3499,4.1e-05,172.31.36.0-255,66,4668,17,252054
3500,4.7e-05,172.217.24.0-255,4320,8988,17,252054
3501,5e-05,172.31.36.0-255,66,9054,17,252054
3502,7.4e-05,172.217.24.0-255,2902,11956,17,252054
3503,7.6e-05,172.31.36.0-255,66,12022,17,252054
3504,0.00011,172.217.24.0-255,2029,14051,17,252054
3505,0.000114,172.31.36.0-255,66,14117,17,252054
3506,0.000119,172.217.24.0-255,2902,17019,17,252054
3507,0.000121,172.31.36.0-255,66,17085,17,252054
3508,0.000128,172.217.24.0-255,5738,22823,17,252054
3509,0.000137,172.31.36.0-255,66,22889,17,252054
3510,0.000172,172.217.24.0-255,1484,24373,17,252054
3511,0.00018,172.217.24.0-255,6797,31170,17,252054
3512,0.000183,172.31.36.0-255,66,31236,17,252054
3513,0.000268,172.217.24.0-255,1484,32720,17,252054
3514,0.000284,172.217.24.0-255,2902,35622,17,252054
3515,0.000289,172.31.36.0-255,66,35688,17,252054
3516,0.000319,172.217.24.0-255,5738,41426,17,252054
3517,0.000323,172.31.36.0-255,66,41492,17,252054
3518,0.000329,172.217.24.0-255,4320,45812,17,252054
3519,0.000333,172.31.36.0-255,66,45878,17,252054
3520,0.000347,172.217.24.0-255,2543,48421,17,252054
3521,0.000349,172.31.36.0-255,66,48487,17,252054
3522,0.00036,172.217.24.0-255,2902,51389,17,252054
3523,0.000363,172.31.36.0-255,66,51455,17,252054
3524,0.000401,172.217.24.0-255,7156,58611,17,252054
3525,0.000405,172.31.36.0-255,66,58677,17,252054
3526,0.000412,172.217.24.0-255,6797,65474,17,252054
3527,0.000414,172.31.36.0-255,66,65540,17,252054
3528,0.00044,172.217.24.0-255,355,65895,17,252054
3529,0.001046,172.217.24.0-255,141,66036,17,252054
3530,0.001253,172.217.24.0-255,1484,67520,17,252054
3531,0.00126,172.31.36.0-255,66,67586,17,252054
3532,0.001267,172.217.24.0-255,2902,70488,17,252054
3533,0.001269,172.31.36.0-255,66,70554,17,252054
3534,0.001274,172.217.24.0-255,2902,73456,17,252054
3535,0.001282,172.31.36.0-255,66,73522,17,252054
3536,0.001314,172.217.24.0-255,1484,75006,17,252054
3537,0.001329,172.31.36.0-255,66,75072,17,252054
3538,0.001346,172.31.36.0-255,66,75138,17,252054
3539,0.001785,172.217.24.0-255,1484,76622,17,252054
3540,0.001791,172.217.24.0-255,2902,79524,17,252054
3541,0.001794,172.31.36.0-255,66,79590,17,252054
3542,0.001799,172.217.24.0-255,2902,82492,17,252054
3543,0.001801,172.31.36.0-255,66,82558,17,252054
3544,0.001824,172.217.24.0-255,2902,85460,17,252054
3545,0.001826,172.31.36.0-255,66,85526,17,252054
3546,0.001842,172.31.36.0-255,66,85592,17,252054
3547,0.001853,172.31.36.0-255,66,85658,17,252054
3548,0.001877,172.217.24.0-255,2184,87842,17,252054
3549,0.001879,172.31.36.0-255,66,87908,17,252054
3550,0.002135,172.217.24.0-255,1484,89392,17,252054
3551,0.002139,172.217.24.0-255,2902,92294,17,252054
3552,0.002142,172.31.36.0-255,66,92360,17,252054
3553,0.002144,172.217.24.0-255,1484,93844,17,252054
3554,0.002164,172.217.24.0-255,1484,95328,17,252054
3555,0.002167,172.31.36.0-255,66,95394,17,252054
3556,0.00219,172.217.24.0-255,7156,102550,17,252054
3557,0.002193,172.31.36.0-255,66,102616,17,252054
3558,0.002199,172.217.24.0-255,7156,109772,17,252054
3559,0.002202,172.31.36.0-255,66,109838,17,252054
3560,0.002213,172.31.36.0-255,66,109904,17,252054
3561,0.002238,172.217.24.0-255,2184,112088,17,252054
3562,0.00224,172.31.36.0-255,66,112154,17,252054
3563,0.002471,172.217.24.0-255,1484,113638,17,252054
3564,0.002491,172.217.24.0-255,2902,116540,17,252054
3565,0.002493,172.31.36.0-255,66,116606,17,252054
3566,0.002499,172.217.24.0-255,5738,122344,17,252054
3567,0.002501,172.31.36.0-255,66,122410,17,252054
3568,0.00253,172.31.36.0-255,66,122476,17,252054
3569,0.002561,172.217.24.0-255,2902,125378,17,252054
3570,0.002563,172.31.36.0-255,66,125444,17,252054
3571,0.002576,172.31.36.0-255,66,125510,17,252054
3572,0.002636,172.217.24.0-255,1484,126994,17,252054
3573,0.002641,172.217.24.0-255,2902,129896,17,252054
3574,0.002643,172.31.36.0-255,66,129962,17,252054
3575,0.00265,172.217.24.0-255,5738,135700,17,252054
3576,0.002652,172.31.36.0-255,66,135766,17,252054
3577,0.002664,172.31.36.0-255,66,135832,17,252054
3578,0.002711,172.31.36.0-255,66,135898,17,252054
3579,0.002747,172.217.24.0-255,1484,137382,17,252054
3580,0.002751,172.217.24.0-255,2902,140284,17,252054
3581,0.002753,172.31.36.0-255,66,140350,17,252054
3582,0.002789,172.217.24.0-255,5738,146088,17,252054
3583,0.002792,172.31.36.0-255,66,146154,17,252054
3584,0.002811,172.31.36.0-255,66,146220,17,252054
3585,0.002854,172.217.24.0-255,7156,153376,17,252054
3586,0.002858,172.31.36.0-255,66,153442,17,252054
3587,0.002877,172.217.24.0-255,3602,157044,17,252054
3588,0.002879,172.31.36.0-255,66,157110,17,252054
3589,0.002947,172.217.24.0-255,1484,158594,17,252054
3590,0.002967,172.217.24.0-255,2902,161496,17,252054
3591,0.002971,172.31.36.0-255,66,161562,17,252054
3592,0.002977,172.217.24.0-255,5738,167300,17,252054
3593,0.00298,172.31.36.0-255,66,167366,17,252054
3594,0.00303,172.31.36.0-255,66,167432,17,252054
3595,0.00304,172.31.36.0-255,66,167498,17,252054
3596,0.003048,172.217.24.0-255,2184,169682,17,252054
3597,0.00305,172.31.36.0-255,66,169748,17,252054
3598,0.003112,172.217.24.0-255,1484,171232,17,252054
3599,0.003127,172.217.24.0-255,2902,174134,17,252054
3600,0.00313,172.31.36.0-255,66,174200,17,252054
3601,0.003137,172.217.24.0-255,5738,179938,17,252054
3602,0.003139,172.31.36.0-255,66,180004,17,252054
3603,0.003144,172.217.24.0-255,4320,184324,17,252054
3604,0.00315,172.31.36.0-255,66,184390,17,252054
3605,0.003182,172.217.24.0-255,1484,185874,17,252054
3606,0.003189,172.217.24.0-255,7156,193030,17,252054
3607,0.003192,172.31.36.0-255,66,193096,17,252054
3608,0.003198,172.217.24.0-255,4320,197416,17,252054
3609,0.0032,172.31.36.0-255,66,197482,17,252054
3610,0.003222,172.217.24.0-255,6438,203920,17,252054
3611,0.00323,172.31.36.0-255,66,203986,17,252054
3612,0.003268,172.217.24.0-255,1484,205470,17,252054
3613,0.003273,172.217.24.0-255,2902,208372,17,252054
3614,0.003276,172.31.36.0-255,66,208438,17,252054
3615,0.003281,172.217.24.0-255,2902,211340,17,252054
3616,0.003284,172.31.36.0-255,66,211406,17,252054
3617,0.003299,172.217.24.0-255,2902,214308,17,252054
3618,0.003302,172.31.36.0-255,66,214374,17,252054
3619,0.003313,172.217.24.0-255,5738,220112,17,252054
3620,0.003319,172.217.24.0-255,7156,227268,17,252054
3621,0.003325,172.31.36.0-255,66,227334,17,252054
3622,0.003327,172.31.36.0-255,66,227400,17,252054
3623,0.003372,172.31.36.0-255,66,227466,17,252054
3624,0.003377,172.217.24.0-255,2184,229650,17,252054
3625,0.00338,172.31.36.0-255,66,229716,17,252054
3626,0.003506,172.217.24.0-255,1484,231200,17,252054
3627,0.003513,172.217.24.0-255,2902,234102,17,252054
3628,0.003516,172.31.36.0-255,66,234168,17,252054
3629,0.003523,172.217.24.0-255,4320,238488,17,252054
3630,0.003525,172.31.36.0-255,66,238554,17,252054
3631,0.003548,172.217.24.0-255,1484,240038,17,252054
3632,0.003605,172.31.36.0-255,66,240104,17,252054
3633,0.00364,172.217.24.0-255,4320,244424,17,252054
3634,0.003645,172.31.36.0-255,66,244490,17,252054
3635,0.003652,172.217.24.0-255,7156,251646,17,252054
3636,0.003655,172.31.36.0-255,66,251712,17,252054
3637,0.003674,172.31.36.0-255,66,251778,17,252054
3638,0.003677,172.217.24.0-255,105,251883,17,252054
3639,0.005938,172.31.36.0-255,105,251988,17,252054
3640,0.007885,172.217.24.0-255,66,252054,17,252054
3641,0.0,172.31.36.0-255,105,105,17,459
3642,0.000199,172.31.36.0-255,90,195,17,459
3643,0.00021,172.31.36.0-255,66,261,17,459
3644,0.002438,74.125.24.0-255,66,327,17,459
3645,0.002457,74.125.24.0-255,66,393,17,459
3646,0.002471,172.31.36.0-255,66,459,17,459
3647,0.0,172.217.194.0-255,149,149,17,156645
3648,3.6e-05,172.31.36.0-255,66,215,17,156645
3649,4.3e-05,172.217.194.0-255,1484,1699,17,156645
3650,4.7e-05,172.31.36.0-255,66,1765,17,156645
3651,5.2e-05,172.217.194.0-255,2902,4667,17,156645
3652,5.5e-05,172.31.36.0-255,66,4733,17,156645
3653,6.2e-05,172.217.194.0-255,7156,11889,17,156645
3654,6.5e-05,172.31.36.0-255,66,11955,17,156645
3655,8.1e-05,172.217.194.0-255,1484,13439,17,156645
3656,8.4e-05,172.31.36.0-255,66,13505,17,156645
3657,0.000116,172.31.36.0-255,66,13571,17,156645
3658,0.000149,172.31.36.0-255,66,13637,17,156645
3659,0.00043,172.217.194.0-255,1484,15121,17,156645
3660,0.000434,172.31.36.0-255,66,15187,17,156645
3661,0.00045,172.217.194.0-255,2902,18089,17,156645
3662,0.000453,172.31.36.0-255,66,18155,17,156645
3663,0.000476,172.217.194.0-255,4320,22475,17,156645
3664,0.000479,172.31.36.0-255,66,22541,17,156645
3665,0.000494,172.217.194.0-255,1484,24025,17,156645
3666,0.000497,172.31.36.0-255,66,24091,17,156645
3667,0.000512,172.31.36.0-255,66,24157,17,156645
3668,0.000526,172.31.36.0-255,66,24223,17,156645
3669,0.000548,172.217.194.0-255,378,24601,17,156645
3670,0.000551,172.31.36.0-255,66,24667,17,156645
3671,0.000589,172.217.194.0-255,1484,26151,17,156645
3672,0.000593,172.31.36.0-255,66,26217,17,156645
3673,0.000598,172.217.194.0-255,4320,30537,17,156645
3674,0.000601,172.31.36.0-255,66,30603,17,156645
3675,0.000623,172.217.194.0-255,1484,32087,17,156645
3676,0.00065,172.217.194.0-255,5738,37825,17,156645
3677,0.000653,172.31.36.0-255,66,37891,17,156645
3678,0.000669,172.31.36.0-255,66,37957,17,156645
3679,0.000675,172.217.194.0-255,5020,42977,17,156645
3680,0.000677,172.31.36.0-255,66,43043,17,156645
3681,0.000916,172.217.194.0-255,1484,44527,17,156645
3682,0.000922,172.217.194.0-255,2902,47429,17,156645
3683,0.000925,172.31.36.0-255,66,47495,17,156645
3684,0.000945,172.217.194.0-255,5738,53233,17,156645
3685,0.000948,172.31.36.0-255,66,53299,17,156645
3686,0.000953,172.217.194.0-255,2902,56201,17,156645
3687,0.000956,172.31.36.0-255,66,56267,17,156645
3688,0.000975,172.217.194.0-255,5738,62005,17,156645
3689,0.000978,172.31.36.0-255,66,62071,17,156645
3690,0.000999,172.217.194.0-255,4320,66391,17,156645
3691,0.001004,172.31.36.0-255,66,66457,17,156645
3692,0.001006,172.217.194.0-255,7156,73613,17,156645
3693,0.001008,172.31.36.0-255,66,73679,17,156645
3694,0.001025,172.217.194.0-255,1484,75163,17,156645
3695,0.001031,172.217.194.0-255,5738,80901,17,156645
3696,0.001034,172.31.36.0-255,66,80967,17,156645
3697,0.001076,172.31.36.0-255,66,81033,17,156645
3698,0.001083,172.217.194.0-255,7156,88189,17,156645
3699,0.001085,172.31.36.0-255,66,88255,17,156645
3700,0.001107,172.217.194.0-255,5020,93275,17,156645
3701,0.001112,172.31.36.0-255,66,93341,17,156645
3702,0.0014,172.217.194.0-255,1484,94825,17,156645
3703,0.001406,172.217.194.0-255,2902,97727,17,156645
3704,0.00141,172.31.36.0-255,66,97793,17,156645
3705,0.001417,172.217.194.0-255,5738,103531,17,156645
3706,0.001419,172.31.36.0-255,66,103597,17,156645
3707,0.001442,172.217.194.0-255,1484,105081,17,156645
3708,0.001458,172.217.194.0-255,5738,110819,17,156645
3709,0.001461,172.31.36.0-255,66,110885,17,156645
3710,0.00149,172.217.194.0-255,4320,115205,17,156645
3711,0.001493,172.31.36.0-255,66,115271,17,156645
3712,0.001506,172.31.36.0-255,66,115337,17,156645
3713,0.001592,172.217.194.0-255,1484,116821,17,156645
3714,0.001598,172.217.194.0-255,2902,119723,17,156645
3715,0.001601,172.31.36.0-255,66,119789,17,156645
3716,0.001623,172.217.194.0-255,5738,125527,17,156645
3717,0.001626,172.31.36.0-255,66,125593,17,156645
3718,0.001638,172.217.194.0-255,1484,127077,17,156645
3719,0.001653,172.217.194.0-255,5738,132815,17,156645
3720,0.001656,172.31.36.0-255,66,132881,17,156645
3721,0.001676,172.217.194.0-255,5738,138619,17,156645
3722,0.001679,172.31.36.0-255,66,138685,17,156645
3723,0.001682,172.217.194.0-255,1484,140169,17,156645
3724,0.001724,172.217.194.0-255,2902,143071,17,156645
3725,0.001727,172.31.36.0-255,66,143137,17,156645
3726,0.001765,172.31.36.0-255,66,143203,17,156645
3727,0.001786,172.31.36.0-255,66,143269,17,156645
3728,0.001803,172.31.36.0-255,66,143335,17,156645
3729,0.001834,172.31.36.0-255,66,143401,17,156645
3730,0.001839,172.217.194.0-255,4320,147721,17,156645
3731,0.001841,172.31.36.0-255,66,147787,17,156645
3732,0.001902,172.31.36.0-255,66,147853,17,156645
3733,0.001921,172.31.36.0-255,66,147919,17,156645
3734,0.001952,172.31.36.0-255,66,147985,17,156645
3735,0.001966,172.31.36.0-255,66,148051,17,156645
3736,0.001987,172.217.194.0-255,2902,150953,17,156645
3737,0.00199,172.31.36.0-255,66,151019,17,156645
3738,0.002026,172.31.36.0-255,66,151085,17,156645
3739,0.002053,172.217.194.0-255,3602,154687,17,156645
3740,0.002056,172.31.36.0-255,66,154753,17,156645
3741,0.00206,172.217.194.0-255,1484,156237,17,156645
3742,0.002077,172.31.36.0-255,66,156303,17,156645
3743,0.00208,172.217.194.0-255,105,156408,17,156645
3744,0.004744,172.31.36.0-255,66,156474,17,156645
3745,0.00477,172.31.36.0-255,105,156579,17,156645
3746,0.007428,172.217.194.0-255,66,156645,17,156645
3747,0.0,172.217.194.0-255,153,153,17,181936
3748,2.1e-05,172.31.36.0-255,66,219,17,181936
3749,2.7e-05,172.217.194.0-255,1484,1703,17,181936
3750,3.1e-05,172.31.36.0-255,66,1769,17,181936
3751,3.6e-05,172.217.194.0-255,2902,4671,17,181936
3752,3.9e-05,172.31.36.0-255,66,4737,17,181936
3753,4.6e-05,172.217.194.0-255,7156,11893,17,181936
3754,4.9e-05,172.31.36.0-255,66,11959,17,181936
3755,7.6e-05,172.217.194.0-255,3504,15463,17,181936
3756,7.9e-05,172.31.36.0-255,66,15529,17,181936
3757,0.000112,172.31.36.0-255,66,15595,17,181936
3758,0.000124,172.217.194.0-255,1484,17079,17,181936
3759,0.000125,172.31.36.0-255,66,17145,17,181936
3760,0.00013,172.217.194.0-255,2543,19688,17,181936
3761,0.000132,172.31.36.0-255,66,19754,17,181936
3762,0.000195,172.217.194.0-255,1484,21238,17,181936
3763,0.000197,172.31.36.0-255,66,21304,17,181936
3764,0.000222,172.217.194.0-255,2902,24206,17,181936
3765,0.000225,172.31.36.0-255,66,24272,17,181936
3766,0.00023,172.217.194.0-255,5738,30010,17,181936
3767,0.000232,172.31.36.0-255,66,30076,17,181936
3768,0.000268,172.217.194.0-255,6797,36873,17,181936
3769,0.000272,172.31.36.0-255,66,36939,17,181936
3770,0.000302,172.217.194.0-255,7156,44095,17,181936
3771,0.000304,172.31.36.0-255,66,44161,17,181936
3772,0.000345,172.31.36.0-255,66,44227,17,181936
3773,0.000347,172.217.194.0-255,646,44873,17,181936
3774,0.000348,172.31.36.0-255,66,44939,17,181936
3775,0.000425,172.217.194.0-255,1484,46423,17,181936
3776,0.000429,172.31.36.0-255,66,46489,17,181936
3777,0.00044,172.217.194.0-255,2902,49391,17,181936
3778,0.000442,172.31.36.0-255,66,49457,17,181936
3779,0.000446,172.217.194.0-255,2902,52359,17,181936
3780,0.000447,172.31.36.0-255,66,52425,17,181936
3781,0.000477,172.217.194.0-255,2902,55327,17,181936
3782,0.00048,172.31.36.0-255,66,55393,17,181936
3783,0.000485,172.217.194.0-255,6797,62190,17,181936
3784,0.000487,172.31.36.0-255,66,62256,17,181936
3785,0.000504,172.217.194.0-255,4320,66576,17,181936
3786,0.000506,172.31.36.0-255,66,66642,17,181936
3787,0.000534,172.217.194.0-255,1994,68636,17,181936
3788,0.000537,172.31.36.0-255,66,68702,17,181936
3789,0.00054,172.31.36.0-255,66,68768,17,181936
3790,0.000789,172.217.194.0-255,1484,70252,17,181936
3791,0.000796,172.217.194.0-255,2902,73154,17,181936
3792,0.000799,172.31.36.0-255,66,73220,17,181936
3793,0.000822,172.217.194.0-255,5738,78958,17,181936
3794,0.000825,172.31.36.0-255,66,79024,17,181936
3795,0.000829,172.217.194.0-255,2902,81926,17,181936
3796,0.00083,172.31.36.0-255,66,81992,17,181936
3797,0.000852,172.217.194.0-255,7156,89148,17,181936
3798,0.000854,172.31.36.0-255,66,89214,17,181936
3799,0.000882,172.217.194.0-255,2902,92116,17,181936
3800,0.000885,172.31.36.0-255,66,92182,17,181936
3801,0.000919,172.31.36.0-255,66,92248,17,181936
3802,0.0015,172.217.194.0-255,1484,93732,17,181936
3803,0.001507,172.217.194.0-255,2902,96634,17,181936
3804,0.00151,172.31.36.0-255,66,96700,17,181936
3805,0.001515,172.217.194.0-255,2902,99602,17,181936
3806,0.001517,172.31.36.0-255,66,99668,17,181936
3807,0.001533,172.217.194.0-255,2902,102570,17,181936
3808,0.001534,172.31.36.0-255,66,102636,17,181936
3809,0.001537,172.217.194.0-255,1484,104120,17,181936
3810,0.00156,172.217.194.0-255,5738,109858,17,181936
3811,0.001563,172.31.36.0-255,66,109924,17,181936
3812,0.001569,172.217.194.0-255,7156,117080,17,181936
3813,0.001571,172.31.36.0-255,66,117146,17,181936
3814,0.001587,172.217.194.0-255,7156,124302,17,181936
3815,0.001589,172.31.36.0-255,66,124368,17,181936
3816,0.001593,172.217.194.0-255,2184,126552,17,181936
3817,0.001594,172.31.36.0-255,66,126618,17,181936
3818,0.001796,172.217.194.0-255,1484,128102,17,181936
3819,0.0018,172.217.194.0-255,1484,129586,17,181936
3820,0.001803,172.31.36.0-255,66,129652,17,181936
3821,0.001823,172.217.194.0-255,1484,131136,17,181936
3822,0.001829,172.217.194.0-255,5738,136874,17,181936
3823,0.001831,172.31.36.0-255,66,136940,17,181936
3824,0.001871,172.31.36.0-255,66,137006,17,181936
3825,0.001892,172.217.194.0-255,2902,139908,17,181936
3826,0.001895,172.31.36.0-255,66,139974,17,181936
3827,0.001922,172.31.36.0-255,66,140040,17,181936
3828,0.001947,172.217.194.0-255,5738,145778,17,181936
3829,0.001949,172.31.36.0-255,66,145844,17,181936
3830,0.001968,172.217.194.0-255,7156,153000,17,181936
3831,0.00197,172.31.36.0-255,66,153066,17,181936
3832,0.001974,172.217.194.0-255,1484,154550,17,181936
3833,0.002022,172.31.36.0-255,66,154616,17,181936
3834,0.002036,172.31.36.0-255,66,154682,17,181936
3835,0.002095,172.31.36.0-255,66,154748,17,181936
3836,0.002134,172.31.36.0-255,66,154814,17,181936
3837,0.002155,172.31.36.0-255,66,154880,17,181936
3838,0.002159,172.217.194.0-255,1484,156364,17,181936
3839,0.002171,172.31.36.0-255,66,156430,17,181936
3840,0.002177,172.217.194.0-255,5738,162168,17,181936
3841,0.00218,172.31.36.0-255,66,162234,17,181936
3842,0.002208,172.217.194.0-255,2902,165136,17,181936
3843,0.002212,172.31.36.0-255,66,165202,17,181936
3844,0.002258,172.31.36.0-255,66,165268,17,181936
3845,0.002271,172.217.194.0-255,1484,166752,17,181936
3846,0.002286,172.31.36.0-255,66,166818,17,181936
3847,0.002315,172.31.36.0-255,66,166884,17,181936
3848,0.002326,172.31.36.0-255,66,166950,17,181936
3849,0.00234,172.31.36.0-255,66,167016,17,181936
3850,0.002366,172.217.194.0-255,3602,170618,17,181936
3851,0.002369,172.31.36.0-255,66,170684,17,181936
3852,0.002396,172.217.194.0-255,4320,175004,17,181936
3853,0.002409,172.217.194.0-255,1484,176488,17,181936
3854,0.00245,172.31.36.0-255,66,176554,17,181936
3855,0.002465,172.217.194.0-255,4320,180874,17,181936
3856,0.002503,172.217.194.0-255,105,180979,17,181936
3857,0.002511,172.31.36.0-255,66,181045,17,181936
3858,0.002783,172.217.194.0-255,129,181174,17,181936
3859,0.013128,172.31.36.0-255,105,181279,17,181936
3860,0.01321,172.31.36.0-255,105,181384,17,181936
3861,0.013477,172.31.36.0-255,90,181474,17,181936
3862,0.013501,172.31.36.0-255,66,181540,17,181936
3863,0.015455,172.217.194.0-255,66,181606,17,181936
3864,0.015514,172.217.194.0-255,66,181672,17,181936
3865,0.015739,172.217.194.0-255,66,181738,17,181936
3866,0.015776,172.217.194.0-255,66,181804,17,181936
3867,0.015783,172.31.36.0-255,66,181870,17,181936
3868,0.015813,172.217.194.0-255,66,181936,17,181936
3869,0.0,74.125.24.0-255,160,160,17,233156
3870,2.4e-05,172.31.36.0-255,66,226,17,233156
3871,3.2e-05,74.125.24.0-255,1484,1710,17,233156
3872,3.6e-05,172.31.36.0-255,66,1776,17,233156
3873,4.1e-05,74.125.24.0-255,2902,4678,17,233156
3874,5.2e-05,172.31.36.0-255,66,4744,17,233156
3875,5.8e-05,74.125.24.0-255,4320,9064,17,233156
3876,6.2e-05,172.31.36.0-255,66,9130,17,233156
3877,8.2e-05,74.125.24.0-255,4918,14048,17,233156
3878,8.8e-05,172.31.36.0-255,66,14114,17,233156
3879,0.000121,74.125.24.0-255,5738,19852,17,233156
3880,0.000124,172.31.36.0-255,66,19918,17,233156
3881,0.000128,74.125.24.0-255,1484,21402,17,233156
3882,0.00013,172.31.36.0-255,66,21468,17,233156
3883,0.000167,172.31.36.0-255,66,21534,17,233156
3884,0.000171,74.125.24.0-255,1125,22659,17,233156
3885,0.000172,172.31.36.0-255,66,22725,17,233156
3886,0.000287,74.125.24.0-255,1484,24209,17,233156
3887,0.000291,172.31.36.0-255,66,24275,17,233156
3888,0.000297,74.125.24.0-255,2902,27177,17,233156
3889,0.0003,172.31.36.0-255,66,27243,17,233156
3890,0.000303,74.125.24.0-255,1484,28727,17,233156
3891,0.00031,172.31.36.0-255,66,28793,17,233156
3892,0.000339,74.125.24.0-255,4320,33113,17,233156
3893,0.000341,172.31.36.0-255,66,33179,17,233156
3894,0.000347,74.125.24.0-255,5738,38917,17,233156
3895,0.000349,172.31.36.0-255,66,38983,17,233156
3896,0.000353,74.125.24.0-255,1484,40467,17,233156
3897,0.000355,172.31.36.0-255,66,40533,17,233156
3898,0.000407,172.31.36.0-255,66,40599,17,233156
3899,0.000412,74.125.24.0-255,3961,44560,17,233156
3900,0.000415,172.31.36.0-255,66,44626,17,233156
3901,0.000418,74.125.24.0-255,364,44990,17,233156
3902,0.00047,74.125.24.0-255,133,45123,17,233156
3903,0.000473,74.125.24.0-255,343,45466,17,233156
3904,0.000698,74.125.24.0-255,1484,46950,17,233156
3905,0.000703,172.31.36.0-255,66,47016,17,233156
3906,0.000709,74.125.24.0-255,2902,49918,17,233156
3907,0.000712,172.31.36.0-255,66,49984,17,233156
3908,0.000715,74.125.24.0-255,1484,51468,17,233156
3909,0.000741,74.125.24.0-255,4320,55788,17,233156
3910,0.000744,172.31.36.0-255,66,55854,17,233156
3911,0.000747,74.125.24.0-255,1484,57338,17,233156
3912,0.00075,74.125.24.0-255,1484,58822,17,233156
3913,0.000752,172.31.36.0-255,66,58888,17,233156
3914,0.000787,74.125.24.0-255,7156,66044,17,233156
3915,0.00079,172.31.36.0-255,66,66110,17,233156
3916,0.000797,74.125.24.0-255,5738,71848,17,233156
3917,0.000799,172.31.36.0-255,66,71914,17,233156
3918,0.000828,74.125.24.0-255,7156,79070,17,233156
3919,0.000831,172.31.36.0-255,66,79136,17,233156
3920,0.000834,74.125.24.0-255,766,79902,17,233156
3921,0.001126,74.125.24.0-255,1484,81386,17,233156
3922,0.001131,172.31.36.0-255,66,81452,17,233156
3923,0.001137,74.125.24.0-255,2902,84354,17,233156
3924,0.001139,172.31.36.0-255,66,84420,17,233156
3925,0.001143,74.125.24.0-255,1484,85904,17,233156
3926,0.001174,74.125.24.0-255,4320,90224,17,233156
3927,0.001177,172.31.36.0-255,66,90290,17,233156
3928,0.001183,74.125.24.0-255,5738,96028,17,233156
3929,0.001185,172.31.36.0-255,66,96094,17,233156
3930,0.001216,74.125.24.0-255,7156,103250,17,233156
3931,0.001219,172.31.36.0-255,66,103316,17,233156
3932,0.001224,74.125.24.0-255,2902,106218,17,233156
3933,0.001226,172.31.36.0-255,66,106284,17,233156
3934,0.001256,172.31.36.0-255,66,106350,17,233156
3935,0.00135,74.125.24.0-255,1484,107834,17,233156
3936,0.001369,74.125.24.0-255,2902,110736,17,233156
3937,0.001371,172.31.36.0-255,66,110802,17,233156
3938,0.001378,74.125.24.0-255,4320,115122,17,233156
3939,0.00138,172.31.36.0-255,66,115188,17,233156
3940,0.001407,74.125.24.0-255,1484,116672,17,233156
3941,0.001416,74.125.24.0-255,7156,123828,17,233156
3942,0.001419,172.31.36.0-255,66,123894,17,233156
3943,0.001429,172.31.36.0-255,66,123960,17,233156
3944,0.001469,172.31.36.0-255,66,124026,17,233156
3945,0.001631,74.125.24.0-255,1484,125510,17,233156
3946,0.001637,74.125.24.0-255,2902,128412,17,233156
3947,0.00164,172.31.36.0-255,66,128478,17,233156
3948,0.001645,74.125.24.0-255,4320,132798,17,233156
3949,0.001647,172.31.36.0-255,66,132864,17,233156
3950,0.001657,74.125.24.0-255,2902,135766,17,233156
3951,0.001659,172.31.36.0-255,66,135832,17,233156
3952,0.001689,74.125.24.0-255,5738,141570,17,233156
3953,0.001691,172.31.36.0-255,66,141636,17,233156
3954,0.001697,74.125.24.0-255,4320,145956,17,233156
3955,0.001699,172.31.36.0-255,66,146022,17,233156
3956,0.001744,172.31.36.0-255,66,146088,17,233156
3957,0.001751,74.125.24.0-255,5738,151826,17,233156
3958,0.001753,172.31.36.0-255,66,151892,17,233156
3959,0.001782,74.125.24.0-255,5738,157630,17,233156
3960,0.001786,172.31.36.0-255,66,157696,17,233156
3961,0.001813,172.31.36.0-255,66,157762,17,233156
3962,0.001819,172.31.36.0-255,66,157828,17,233156
3963,0.002306,74.125.24.0-255,1484,159312,17,233156
3964,0.002312,74.125.24.0-255,2902,162214,17,233156
3965,0.002315,172.31.36.0-255,66,162280,17,233156
3966,0.002322,74.125.24.0-255,4320,166600,17,233156
3967,0.002325,172.31.36.0-255,66,166666,17,233156
3968,0.002342,74.125.24.0-255,1484,168150,17,233156
3969,0.002382,74.125.24.0-255,4320,172470,17,233156
3970,0.002384,172.31.36.0-255,66,172536,17,233156
3971,0.002425,172.31.36.0-255,66,172602,17,233156
3972,0.002438,172.31.36.0-255,66,172668,17,233156
3973,0.002502,74.125.24.0-255,1484,174152,17,233156
3974,0.002508,74.125.24.0-255,2902,177054,17,233156
3975,0.002511,172.31.36.0-255,66,177120,17,233156
3976,0.002546,74.125.24.0-255,5738,182858,17,233156
3977,0.002549,172.31.36.0-255,66,182924,17,233156
3978,0.00256,172.31.36.0-255,66,182990,17,233156
3979,0.002593,74.125.24.0-255,4320,187310,17,233156
3980,0.002596,172.31.36.0-255,66,187376,17,233156
3981,0.002601,74.125.24.0-255,4320,191696,17,233156
3982,0.002604,172.31.36.0-255,66,191762,17,233156
3983,0.002606,74.125.24.0-255,1484,193246,17,233156
3984,0.002635,74.125.24.0-255,5020,198266,17,233156
3985,0.002638,172.31.36.0-255,66,198332,17,233156
3986,0.005264,74.125.24.0-255,5738,204070,17,233156
3987,0.005281,172.31.36.0-255,66,204136,17,233156
3988,0.007906,74.125.24.0-255,5738,209874,17,233156
3989,0.007926,172.31.36.0-255,66,209940,17,233156
3990,0.010509,74.125.24.0-255,5738,215678,17,233156
3991,0.010518,172.31.36.0-255,66,215744,17,233156
3992,0.013109,74.125.24.0-255,5738,221482,17,233156
3993,0.013117,172.31.36.0-255,66,221548,17,233156
3994,0.015706,74.125.24.0-255,5738,227286,17,233156
3995,0.015712,172.31.36.0-255,66,227352,17,233156
3996,0.018318,74.125.24.0-255,5738,233090,17,233156
3997,0.018326,172.31.36.0-255,66,233156,17,233156
3998,0.0,74.125.24.0-255,153,153,17,143419
3999,3.2e-05,172.31.36.0-255,66,219,17,143419
4000,3.8e-05,74.125.24.0-255,1484,1703,17,143419
4001,4.4e-05,172.31.36.0-255,66,1769,17,143419
4002,5.9e-05,74.125.24.0-255,2902,4671,17,143419
4003,6.2e-05,172.31.36.0-255,66,4737,17,143419
4004,6.7e-05,74.125.24.0-255,2902,7639,17,143419
4005,7e-05,172.31.36.0-255,66,7705,17,143419
4006,8e-05,172.31.36.0-255,66,7771,17,143419
4007,9.3e-05,74.125.24.0-255,1484,9255,17,143419
4008,9.7e-05,172.31.36.0-255,66,9321,17,143419
4009,0.00014,172.31.36.0-255,66,9387,17,143419
4010,0.000282,74.125.24.0-255,1484,10871,17,143419
4011,0.000286,172.31.36.0-255,66,10937,17,143419
4012,0.000291,74.125.24.0-255,1484,12421,17,143419
4013,0.000293,172.31.36.0-255,66,12487,17,143419
4014,0.000316,74.125.24.0-255,1484,13971,17,143419
4015,0.000319,172.31.36.0-255,66,14037,17,143419
4016,0.000326,74.125.24.0-255,5738,19775,17,143419
4017,0.000329,172.31.36.0-255,66,19841,17,143419
4018,0.000382,172.31.36.0-255,66,19907,17,143419
4019,0.000388,74.125.24.0-255,4320,24227,17,143419
4020,0.00039,172.31.36.0-255,66,24293,17,143419
4021,0.000425,74.125.24.0-255,5648,29941,17,143419
4022,0.00043,172.31.36.0-255,66,30007,17,143419
4023,0.000437,74.125.24.0-255,416,30423,17,143419
4024,0.000439,172.31.36.0-255,66,30489,17,143419
4025,0.000628,74.125.24.0-255,1484,31973,17,143419
4026,0.000631,74.125.24.0-255,1484,33457,17,143419
4027,0.000632,172.31.36.0-255,66,33523,17,143419
4028,0.000645,74.125.24.0-255,1484,35007,17,143419
4029,0.000652,172.31.36.0-255,66,35073,17,143419
4030,0.000659,74.125.24.0-255,5738,40811,17,143419
4031,0.000661,172.31.36.0-255,66,40877,17,143419
4032,0.000696,172.31.36.0-255,66,40943,17,143419
4033,0.000703,74.125.24.0-255,5738,46681,17,143419
4034,0.000706,172.31.36.0-255,66,46747,17,143419
4035,0.00074,74.125.24.0-255,5020,51767,17,143419
4036,0.000744,172.31.36.0-255,66,51833,17,143419
4037,0.001202,74.125.24.0-255,1484,53317,17,143419
4038,0.00121,74.125.24.0-255,1484,54801,17,143419
4039,0.001213,172.31.36.0-255,66,54867,17,143419
4040,0.001234,74.125.24.0-255,1484,56351,17,143419
4041,0.001242,74.125.24.0-255,5738,62089,17,143419
4042,0.001244,172.31.36.0-255,66,62155,17,143419
4043,0.001272,74.125.24.0-255,5738,67893,17,143419
4044,0.001274,172.31.36.0-255,66,67959,17,143419
4045,0.0013,74.125.24.0-255,1484,69443,17,143419
4046,0.001312,172.31.36.0-255,66,69509,17,143419
4047,0.001343,74.125.24.0-255,4320,73829,17,143419
4048,0.001346,172.31.36.0-255,66,73895,17,143419
4049,0.001375,74.125.24.0-255,3602,77497,17,143419
4050,0.001379,172.31.36.0-255,66,77563,17,143419
4051,0.001772,74.125.24.0-255,1484,79047,17,143419
4052,0.001781,74.125.24.0-255,2902,81949,17,143419
4053,0.001787,172.31.36.0-255,66,82015,17,143419
4054,0.001794,74.125.24.0-255,5738,87753,17,143419
4055,0.001796,172.31.36.0-255,66,87819,17,143419
4056,0.001831,172.31.36.0-255,66,87885,17,143419
4057,0.001839,74.125.24.0-255,7156,95041,17,143419
4058,0.001841,172.31.36.0-255,66,95107,17,143419
4059,0.001868,74.125.24.0-255,1484,96591,17,143419
4060,0.001872,74.125.24.0-255,1484,98075,17,143419
4061,0.001874,172.31.36.0-255,66,98141,17,143419
4062,0.001925,172.31.36.0-255,66,98207,17,143419
4063,0.001973,172.31.36.0-255,66,98273,17,143419
4064,0.002574,74.125.24.0-255,1484,99757,17,143419
4065,0.002604,74.125.24.0-255,2902,102659,17,143419
4066,0.002607,172.31.36.0-255,66,102725,17,143419
4067,0.002634,74.125.24.0-255,1484,104209,17,143419
4068,0.002649,74.125.24.0-255,4320,108529,17,143419
4069,0.002651,172.31.36.0-255,66,108595,17,143419
4070,0.005276,74.125.24.0-255,5738,114333,17,143419
4071,0.00528,172.31.36.0-255,66,114399,17,143419
4072,0.007927,74.125.24.0-255,5738,120137,17,143419
4073,0.007934,172.31.36.0-255,66,120203,17,143419
4074,0.010557,74.125.24.0-255,5738,125941,17,143419
4075,0.010565,172.31.36.0-255,66,126007,17,143419
4076,0.013223,74.125.24.0-255,5738,131745,17,143419
4077,0.013236,172.31.36.0-255,66,131811,17,143419
4078,0.015936,74.125.24.0-255,5738,137549,17,143419
4079,0.015945,172.31.36.0-255,66,137615,17,143419
4080,0.018578,74.125.24.0-255,5738,143353,17,143419
4081,0.018586,172.31.36.0-255,66,143419,17,143419
4082,0.0,172.217.194.0-255,143,143,17,75632
4083,1.5e-05,172.31.36.0-255,66,209,17,75632
4084,2.1e-05,172.217.194.0-255,1484,1693,17,75632
4085,2.6e-05,172.31.36.0-255,66,1759,17,75632
4086,3.2e-05,172.217.194.0-255,2902,4661,17,75632
4087,3.5e-05,172.31.36.0-255,66,4727,17,75632
4088,9.3e-05,172.217.194.0-255,5738,10465,17,75632
4089,9.6e-05,172.31.36.0-255,66,10531,17,75632
4090,0.00017,172.217.194.0-255,5738,16269,17,75632
4091,0.000174,172.31.36.0-255,66,16335,17,75632
4092,0.000197,172.31.36.0-255,66,16401,17,75632
4093,0.000205,172.217.194.0-255,6797,23198,17,75632
4094,0.000207,172.31.36.0-255,66,23264,17,75632
4095,0.002324,172.217.194.0-255,5738,29002,17,75632
4096,0.002331,172.31.36.0-255,66,29068,17,75632
4097,0.004436,172.217.194.0-255,2902,31970,17,75632
4098,0.004443,172.31.36.0-255,66,32036,17,75632
4099,0.004463,172.217.194.0-255,2902,34938,17,75632
4100,0.004466,172.31.36.0-255,66,35004,17,75632
4101,0.006569,172.217.194.0-255,5738,40742,17,75632
4102,0.006576,172.31.36.0-255,66,40808,17,75632
4103,0.008694,172.217.194.0-255,5738,46546,17,75632
4104,0.008701,172.31.36.0-255,66,46612,17,75632
4105,0.01086,172.217.194.0-255,5738,52350,17,75632
4106,0.010868,172.31.36.0-255,66,52416,17,75632
4107,0.012994,172.217.194.0-255,5738,58154,17,75632
4108,0.013005,172.31.36.0-255,66,58220,17,75632
4109,0.015121,172.217.194.0-255,5738,63958,17,75632
4110,0.015129,172.31.36.0-255,66,64024,17,75632
4111,0.017231,172.217.194.0-255,5738,69762,17,75632
4112,0.017238,172.31.36.0-255,66,69828,17,75632
4113,0.01935,172.217.194.0-255,5738,75566,17,75632
4114,0.019358,172.31.36.0-255,66,75632,17,75632
4115,0.0,172.217.27.0-255,150,150,17,138287
4116,2.1e-05,172.31.36.0-255,66,216,17,138287
4117,2.9e-05,172.217.27.0-255,1484,1700,17,138287
4118,3.3e-05,172.31.36.0-255,66,1766,17,138287
4119,3.9e-05,172.217.27.0-255,2902,4668,17,138287
4120,5.1e-05,172.31.36.0-255,66,4734,17,138287
4121,5.9e-05,172.217.27.0-255,7156,11890,17,138287
4122,6.1e-05,172.31.36.0-255,66,11956,17,138287
4123,6.5e-05,172.217.27.0-255,2012,13968,17,138287
4124,6.7e-05,172.31.36.0-255,66,14034,17,138287
4125,0.00011,172.217.27.0-255,1484,15518,17,138287
4126,0.000113,172.31.36.0-255,66,15584,17,138287
4127,0.000118,172.217.27.0-255,2902,18486,17,138287
4128,0.00012,172.31.36.0-255,66,18552,17,138287
4129,0.000132,172.217.27.0-255,5738,24290,17,138287
4130,0.000135,172.31.36.0-255,66,24356,17,138287
4131,0.000149,172.217.27.0-255,4320,28676,17,138287
4132,0.000151,172.31.36.0-255,66,28742,17,138287
4133,0.000185,172.217.27.0-255,2543,31285,17,138287
4134,0.000187,172.31.36.0-255,66,31351,17,138287
4135,0.000229,172.217.27.0-255,1484,32835,17,138287
4136,0.000231,172.31.36.0-255,66,32901,17,138287
4137,0.000235,172.217.27.0-255,1484,34385,17,138287
4138,0.000237,172.31.36.0-255,66,34451,17,138287
4139,0.00024,172.217.27.0-255,1484,35935,17,138287
4140,0.000242,172.31.36.0-255,66,36001,17,138287
4141,0.00027,172.217.27.0-255,1484,37485,17,138287
4142,0.000273,172.31.36.0-255,66,37551,17,138287
4143,0.000279,172.217.27.0-255,5738,43289,17,138287
4144,0.000281,172.31.36.0-255,66,43355,17,138287
4145,0.000292,172.217.27.0-255,5738,49093,17,138287
4146,0.000295,172.31.36.0-255,66,49159,17,138287
4147,0.00034,172.31.36.0-255,66,49225,17,138287
4148,0.000356,172.31.36.0-255,66,49291,17,138287
4149,0.000359,172.217.27.0-255,390,49681,17,138287
4150,0.000788,172.217.27.0-255,120,49801,17,138287
4151,0.000793,172.217.27.0-255,330,50131,17,138287
4152,0.001107,172.31.36.0-255,66,50197,17,138287
4153,0.00144,172.217.27.0-255,1484,51681,17,138287
4154,0.00145,172.217.27.0-255,2902,54583,17,138287
4155,0.001454,172.31.36.0-255,66,54649,17,138287
4156,0.001463,172.217.27.0-255,5738,60387,17,138287
4157,0.001464,172.31.36.0-255,66,60453,17,138287
4158,0.001476,172.217.27.0-255,4320,64773,17,138287
4159,0.001478,172.31.36.0-255,66,64839,17,138287
4160,0.001485,172.217.27.0-255,5738,70577,17,138287
4161,0.001487,172.31.36.0-255,66,70643,17,138287
4162,0.00149,172.217.27.0-255,1484,72127,17,138287
4163,0.001534,172.31.36.0-255,66,72193,17,138287
4164,0.00154,172.217.27.0-255,2184,74377,17,138287
4165,0.001542,172.31.36.0-255,66,74443,17,138287
4166,0.003164,172.217.27.0-255,5738,80181,17,138287
4167,0.003172,172.31.36.0-255,66,80247,17,138287
4168,0.004803,172.217.27.0-255,5738,85985,17,138287
4169,0.004809,172.31.36.0-255,66,86051,17,138287
4170,0.006427,172.217.27.0-255,5738,91789,17,138287
4171,0.006431,172.31.36.0-255,66,91855,17,138287
4172,0.008062,172.217.27.0-255,5738,97593,17,138287
4173,0.008069,172.31.36.0-255,66,97659,17,138287
4174,0.009701,172.217.27.0-255,5738,103397,17,138287
4175,0.009709,172.31.36.0-255,66,103463,17,138287
4176,0.011336,172.217.27.0-255,5738,109201,17,138287
4177,0.011345,172.31.36.0-255,66,109267,17,138287
4178,0.012978,172.217.27.0-255,5738,115005,17,138287
4179,0.012986,172.31.36.0-255,66,115071,17,138287
4180,0.014629,172.217.27.0-255,5738,120809,17,138287
4181,0.014639,172.31.36.0-255,66,120875,17,138287
4182,0.016269,172.217.27.0-255,5738,126613,17,138287
4183,0.016277,172.31.36.0-255,66,126679,17,138287
4184,0.017921,172.217.27.0-255,5738,132417,17,138287
4185,0.017929,172.31.36.0-255,66,132483,17,138287
4186,0.019558,172.217.27.0-255,5738,138221,17,138287
4187,0.019565,172.31.36.0-255,66,138287,17,138287
4188,0.0,74.125.130.0-255,155,155,17,206059
4189,2.5e-05,172.31.36.0-255,66,221,17,206059
4190,4.8e-05,74.125.130.0-255,1484,1705,17,206059
4191,5.2e-05,172.31.36.0-255,66,1771,17,206059
4192,5.7e-05,74.125.130.0-255,2902,4673,17,206059
4193,5.9e-05,172.31.36.0-255,66,4739,17,206059
4194,8.3e-05,74.125.130.0-255,1484,6223,17,206059
4195,8.6e-05,172.31.36.0-255,66,6289,17,206059
4196,9e-05,74.125.130.0-255,2902,9191,17,206059
4197,9.2e-05,172.31.36.0-255,66,9257,17,206059
4198,0.000133,74.125.130.0-255,4909,14166,17,206059
4199,0.000136,172.31.36.0-255,66,14232,17,206059
4200,0.000158,74.125.130.0-255,4320,18552,17,206059
4201,0.000162,172.31.36.0-255,66,18618,17,206059
4202,0.000181,74.125.130.0-255,1484,20102,17,206059
4203,0.000184,172.31.36.0-255,66,20168,17,206059
4204,0.000189,74.125.130.0-255,2902,23070,17,206059
4205,0.000191,172.31.36.0-255,66,23136,17,206059
4206,0.000194,74.125.130.0-255,1484,24620,17,206059
4207,0.000197,172.31.36.0-255,66,24686,17,206059
4208,0.000221,74.125.130.0-255,2902,27588,17,206059
4209,0.000224,172.31.36.0-255,66,27654,17,206059
4210,0.000228,74.125.130.0-255,2902,30556,17,206059
4211,0.000229,172.31.36.0-255,66,30622,17,206059
4212,0.000241,74.125.130.0-255,1125,31747,17,206059
4213,0.000244,172.31.36.0-255,66,31813,17,206059
4214,0.000503,74.125.130.0-255,1484,33297,17,206059
4215,0.000507,172.31.36.0-255,66,33363,17,206059
4216,0.000527,74.125.130.0-255,2902,36265,17,206059
4217,0.00053,172.31.36.0-255,66,36331,17,206059
4218,0.000534,74.125.130.0-255,1484,37815,17,206059
4219,0.000535,172.31.36.0-255,66,37881,17,206059
4220,0.00058,74.125.130.0-255,2902,40783,17,206059
4221,0.000584,172.31.36.0-255,66,40849,17,206059
4222,0.000591,74.125.130.0-255,5738,46587,17,206059
4223,0.000593,172.31.36.0-255,66,46653,17,206059
4224,0.000597,74.125.130.0-255,2543,49196,17,206059
4225,0.000599,172.31.36.0-255,66,49262,17,206059
4226,0.000603,74.125.130.0-255,2902,52164,17,206059
4227,0.000605,172.31.36.0-255,66,52230,17,206059
4228,0.000646,74.125.130.0-255,5738,57968,17,206059
4229,0.000649,172.31.36.0-255,66,58034,17,206059
4230,0.000669,74.125.130.0-255,1484,59518,17,206059
4231,0.000674,74.125.130.0-255,2902,62420,17,206059
4232,0.000676,172.31.36.0-255,66,62486,17,206059
4233,0.000692,74.125.130.0-255,4213,66699,17,206059
4234,0.000698,172.31.36.0-255,66,66765,17,206059
4235,0.000807,74.125.130.0-255,118,66883,17,206059
4236,0.000834,172.31.36.0-255,66,66949,17,206059
4237,0.001013,74.125.130.0-255,1484,68433,17,206059
4238,0.001023,74.125.130.0-255,2902,71335,17,206059
4239,0.001027,172.31.36.0-255,66,71401,17,206059
4240,0.001051,74.125.130.0-255,5738,77139,17,206059
4241,0.001054,172.31.36.0-255,66,77205,17,206059
4242,0.001061,74.125.130.0-255,4320,81525,17,206059
4243,0.001063,172.31.36.0-255,66,81591,17,206059
4244,0.001079,74.125.130.0-255,2543,84134,17,206059
4245,0.001082,172.31.36.0-255,66,84200,17,206059
4246,0.001098,74.125.130.0-255,2902,87102,17,206059
4247,0.001101,172.31.36.0-255,66,87168,17,206059
4248,0.001122,74.125.130.0-255,5738,92906,17,206059
4249,0.001125,172.31.36.0-255,66,92972,17,206059
4250,0.001166,172.31.36.0-255,66,93038,17,206059
4251,0.001169,74.125.130.0-255,381,93419,17,206059
4252,0.00148,74.125.130.0-255,1484,94903,17,206059
4253,0.001488,172.31.36.0-255,66,94969,17,206059
4254,0.001496,74.125.130.0-255,2902,97871,17,206059
4255,0.001498,172.31.36.0-255,66,97937,17,206059
4256,0.001514,74.125.130.0-255,4320,102257,17,206059
4257,0.001517,172.31.36.0-255,66,102323,17,206059
4258,0.001562,74.125.130.0-255,2902,105225,17,206059
4259,0.001577,74.125.130.0-255,1484,106709,17,206059
4260,0.001591,74.125.130.0-255,2902,109611,17,206059
4261,0.001613,74.125.130.0-255,2902,112513,17,206059
4262,0.001633,74.125.130.0-255,5738,118251,17,206059
4263,0.001647,74.125.130.0-255,766,119017,17,206059
4264,0.001714,74.125.130.0-255,1484,120501,17,206059
4265,0.001731,74.125.130.0-255,2902,123403,17,206059
4266,0.001753,74.125.130.0-255,5738,129141,17,206059
4267,0.001769,74.125.130.0-255,2902,132043,17,206059
4268,0.001782,74.125.130.0-255,4320,136363,17,206059
4269,0.001797,74.125.130.0-255,1484,137847,17,206059
4270,0.001863,74.125.130.0-255,1484,139331,17,206059
4271,0.001874,74.125.130.0-255,3602,142933,17,206059
4272,0.002068,74.125.130.0-255,1484,144417,17,206059
4273,0.002084,74.125.130.0-255,2902,147319,17,206059
4274,0.002102,74.125.130.0-255,1484,148803,17,206059
4275,0.002112,74.125.130.0-255,2902,151705,17,206059
4276,0.002132,74.125.130.0-255,5738,157443,17,206059
4277,0.002209,74.125.130.0-255,4320,161763,17,206059
4278,0.002226,74.125.130.0-255,3602,165365,17,206059
4279,0.003586,172.31.36.0-255,66,165431,17,206059
4280,0.005856,74.125.130.0-255,5738,171169,17,206059
4281,0.005862,172.31.36.0-255,66,171235,17,206059
4282,0.008136,74.125.130.0-255,5738,176973,17,206059
4283,0.008142,172.31.36.0-255,66,177039,17,206059
4284,0.010422,74.125.130.0-255,5738,182777,17,206059
4285,0.010429,172.31.36.0-255,66,182843,17,206059
4286,0.012701,74.125.130.0-255,5738,188581,17,206059
4287,0.012708,172.31.36.0-255,66,188647,17,206059
4288,0.01499,74.125.130.0-255,5738,194385,17,206059
4289,0.014999,172.31.36.0-255,66,194451,17,206059
4290,0.017272,74.125.130.0-255,5738,200189,17,206059
4291,0.01728,172.31.36.0-255,66,200255,17,206059
4292,0.019586,74.125.130.0-255,5738,205993,17,206059
4293,0.019594,172.31.36.0-255,66,206059,17,206059
4294,0.0,172.217.194.0-255,153,153,17,184258
4295,3.1e-05,172.217.194.0-255,1484,1637,17,184258
4296,4.3e-05,172.31.36.0-255,66,1703,17,184258
4297,5e-05,172.217.194.0-255,2902,4605,17,184258
4298,5.3e-05,172.31.36.0-255,66,4671,17,184258
4299,5.8e-05,172.217.194.0-255,4320,8991,17,184258
4300,6.1e-05,172.31.36.0-255,66,9057,17,184258
4301,9.4e-05,172.31.36.0-255,66,9123,17,184258
4302,0.0001,172.217.194.0-255,5738,14861,17,184258
4303,0.000103,172.31.36.0-255,66,14927,17,184258
4304,0.000122,172.217.194.0-255,1484,16411,17,184258
4305,0.000139,172.217.194.0-255,1484,17895,17,184258
4306,0.000142,172.31.36.0-255,66,17961,17,184258
4307,0.000161,172.217.194.0-255,1484,19445,17,184258
4308,0.000176,172.217.194.0-255,2543,21988,17,184258
4309,0.000179,172.31.36.0-255,66,22054,17,184258
4310,0.000215,172.217.194.0-255,1484,23538,17,184258
4311,0.000221,172.217.194.0-255,2902,26440,17,184258
4312,0.000224,172.31.36.0-255,66,26506,17,184258
4313,0.000247,172.217.194.0-255,4320,30826,17,184258
4314,0.00025,172.31.36.0-255,66,30892,17,184258
4315,0.000267,172.217.194.0-255,1484,32376,17,184258
4316,0.000271,172.217.194.0-255,1484,33860,17,184258
4317,0.000273,172.31.36.0-255,66,33926,17,184258
4318,0.000306,172.31.36.0-255,66,33992,17,184258
4319,0.00031,172.217.194.0-255,1484,35476,17,184258
4320,0.000333,172.217.194.0-255,4320,39796,17,184258
4321,0.000336,172.31.36.0-255,66,39862,17,184258
4322,0.000354,172.217.194.0-255,3961,43823,17,184258
4323,0.000357,172.31.36.0-255,66,43889,17,184258
4324,0.000526,172.217.194.0-255,645,44534,17,184258
4325,0.000824,172.217.194.0-255,1484,46018,17,184258
4326,0.000831,172.31.36.0-255,66,46084,17,184258
4327,0.000838,172.217.194.0-255,2902,48986,17,184258
4328,0.00084,172.31.36.0-255,66,49052,17,184258
4329,0.000846,172.217.194.0-255,4320,53372,17,184258
4330,0.000848,172.31.36.0-255,66,53438,17,184258
4331,0.000864,172.217.194.0-255,2902,56340,17,184258
4332,0.000867,172.31.36.0-255,66,56406,17,184258
4333,0.000894,172.217.194.0-255,6797,63203,17,184258
4334,0.000897,172.31.36.0-255,66,63269,17,184258
4335,0.000905,172.217.194.0-255,7156,70425,17,184258
4336,0.000907,172.31.36.0-255,66,70491,17,184258
4337,0.000929,172.31.36.0-255,66,70557,17,184258
4338,0.001287,172.217.194.0-255,1484,72041,17,184258
4339,0.00131,172.217.194.0-255,2902,74943,17,184258
4340,0.001314,172.31.36.0-255,66,75009,17,184258
4341,0.001322,172.217.194.0-255,5738,80747,17,184258
4342,0.001324,172.31.36.0-255,66,80813,17,184258
4343,0.001355,172.31.36.0-255,66,80879,17,184258
4344,0.001378,172.217.194.0-255,4320,85199,17,184258
4345,0.001381,172.31.36.0-255,66,85265,17,184258
4346,0.001422,172.31.36.0-255,66,85331,17,184258
4347,0.001441,172.217.194.0-255,766,86097,17,184258
4348,0.001612,172.217.194.0-255,1484,87581,17,184258
4349,0.001616,172.31.36.0-255,66,87647,17,184258
4350,0.001622,172.217.194.0-255,2902,90549,17,184258
4351,0.001624,172.31.36.0-255,66,90615,17,184258
4352,0.00164,172.217.194.0-255,2902,93517,17,184258
4353,0.001644,172.31.36.0-255,66,93583,17,184258
4354,0.001672,172.217.194.0-255,2902,96485,17,184258
4355,0.001674,172.31.36.0-255,66,96551,17,184258
4356,0.001687,172.31.36.0-255,66,96617,17,184258
4357,0.00172,172.217.194.0-255,4320,100937,17,184258
4358,0.001723,172.31.36.0-255,66,101003,17,184258
4359,0.001753,172.217.194.0-255,6438,107441,17,184258
4360,0.001756,172.31.36.0-255,66,107507,17,184258
4361,0.00201,172.217.194.0-255,1484,108991,17,184258
4362,0.002028,172.217.194.0-255,2902,111893,17,184258
4363,0.002033,172.31.36.0-255,66,111959,17,184258
4364,0.00204,172.217.194.0-255,5738,117697,17,184258
4365,0.002042,172.31.36.0-255,66,117763,17,184258
4366,0.002065,172.217.194.0-255,1484,119247,17,184258
4367,0.002102,172.31.36.0-255,66,119313,17,184258
4368,0.002125,172.217.194.0-255,4320,123633,17,184258
4369,0.002128,172.31.36.0-255,66,123699,17,184258
4370,0.002152,172.217.194.0-255,6438,130137,17,184258
4371,0.002156,172.31.36.0-255,66,130203,17,184258
4372,0.002798,172.217.194.0-255,1484,131687,17,184258
4373,0.002818,172.217.194.0-255,2902,134589,17,184258
4374,0.002822,172.31.36.0-255,66,134655,17,184258
4375,0.00283,172.217.194.0-255,5738,140393,17,184258
4376,0.002832,172.31.36.0-255,66,140459,17,184258
4377,0.002836,172.217.194.0-255,2902,143361,17,184258
4378,0.002838,172.31.36.0-255,66,143427,17,184258
4379,0.00284,172.217.194.0-255,1484,144911,17,184258
4380,0.002892,172.217.194.0-255,1484,146395,17,184258
4381,0.002896,172.31.36.0-255,66,146461,17,184258
4382,0.002923,172.31.36.0-255,66,146527,17,184258
4383,0.002926,172.217.194.0-255,1484,148011,17,184258
4384,0.00293,172.217.194.0-255,2902,150913,17,184258
4385,0.002932,172.31.36.0-255,66,150979,17,184258
4386,0.002938,172.217.194.0-255,5020,155999,17,184258
4387,0.00294,172.31.36.0-255,66,156065,17,184258
4388,0.003111,172.217.194.0-255,1484,157549,17,184258
4389,0.003132,172.217.194.0-255,2902,160451,17,184258
4390,0.003135,172.31.36.0-255,66,160517,17,184258
4391,0.003141,172.217.194.0-255,4320,164837,17,184258
4392,0.003143,172.31.36.0-255,66,164903,17,184258
4393,0.003156,172.217.194.0-255,1484,166387,17,184258
4394,0.003161,172.217.194.0-255,4320,170707,17,184258
4395,0.003164,172.31.36.0-255,66,170773,17,184258
4396,0.003191,172.31.36.0-255,66,170839,17,184258
4397,0.003203,172.31.36.0-255,66,170905,17,184258
4398,0.003231,172.217.194.0-255,4320,175225,17,184258
4399,0.003234,172.31.36.0-255,66,175291,17,184258
4400,0.003274,172.31.36.0-255,66,175357,17,184258
4401,0.003285,172.31.36.0-255,66,175423,17,184258
4402,0.003315,172.217.194.0-255,5738,181161,17,184258
4403,0.003319,172.31.36.0-255,66,181227,17,184258
4404,0.003396,172.31.36.0-255,66,181293,17,184258
4405,0.003423,172.217.194.0-255,2184,183477,17,184258
4406,0.003426,172.31.36.0-255,66,183543,17,184258
4407,0.003456,172.31.36.0-255,66,183609,17,184258
4408,0.003479,172.31.36.0-255,66,183675,17,184258
4409,0.003482,172.217.194.0-255,97,183772,17,184258
4410,0.003485,172.31.36.0-255,78,183850,17,184258
4411,0.003501,172.31.36.0-255,66,183916,17,184258
4412,0.003503,172.217.194.0-255,105,184021,17,184258
4413,0.00458,172.31.36.0-255,66,184087,17,184258
4414,0.004607,172.31.36.0-255,105,184192,17,184258
4415,0.00719,172.217.194.0-255,66,184258,17,184258
4416,0.0,74.125.68.0-255,153,153,17,236669
4417,1.8e-05,74.125.68.0-255,1484,1637,17,236669
4418,2.9e-05,172.31.36.0-255,66,1703,17,236669
4419,3.9e-05,74.125.68.0-255,2902,4605,17,236669
4420,4.2e-05,172.31.36.0-255,66,4671,17,236669
4421,4.8e-05,74.125.68.0-255,5738,10409,17,236669
4422,5.1e-05,172.31.36.0-255,66,10475,17,236669
4423,7.9e-05,74.125.68.0-255,6253,16728,17,236669
4424,8.2e-05,172.31.36.0-255,66,16794,17,236669
4425,0.00012,74.125.68.0-255,4320,21114,17,236669
4426,0.000123,172.31.36.0-255,66,21180,17,236669
4427,0.00014,74.125.68.0-255,2902,24082,17,236669
4428,0.000143,172.31.36.0-255,66,24148,17,236669
4429,0.000171,74.125.68.0-255,6797,30945,17,236669
4430,0.000174,172.31.36.0-255,66,31011,17,236669
4431,0.000257,74.125.68.0-255,1484,32495,17,236669
4432,0.000274,74.125.68.0-255,2902,35397,17,236669
4433,0.000277,172.31.36.0-255,66,35463,17,236669
4434,0.000282,74.125.68.0-255,2902,38365,17,236669
4435,0.000285,172.31.36.0-255,66,38431,17,236669
4436,0.000317,74.125.68.0-255,4320,42751,17,236669
4437,0.000319,172.31.36.0-255,66,42817,17,236669
4438,0.00036,74.125.68.0-255,5738,48555,17,236669
4439,0.000363,172.31.36.0-255,66,48621,17,236669
4440,0.000382,74.125.68.0-255,3961,52582,17,236669
4441,0.000384,172.31.36.0-255,66,52648,17,236669
4442,0.000406,74.125.68.0-255,1484,54132,17,236669
4443,0.000429,172.31.36.0-255,66,54198,17,236669
4444,0.000488,74.125.68.0-255,2854,57052,17,236669
4445,0.000491,172.31.36.0-255,66,57118,17,236669
4446,0.000683,74.125.68.0-255,111,57229,17,236669
4447,0.00089,74.125.68.0-255,1484,58713,17,236669
4448,0.000894,172.31.36.0-255,66,58779,17,236669
4449,0.0009,74.125.68.0-255,2902,61681,17,236669
4450,0.000902,172.31.36.0-255,66,61747,17,236669
4451,0.00092,74.125.68.0-255,4320,66067,17,236669
4452,0.000922,172.31.36.0-255,66,66133,17,236669
4453,0.000939,74.125.68.0-255,1484,67617,17,236669
4454,0.000971,74.125.68.0-255,7156,74773,17,236669
4455,0.000975,172.31.36.0-255,66,74839,17,236669
4456,0.001013,74.125.68.0-255,7156,81995,17,236669
4457,0.001016,172.31.36.0-255,66,82061,17,236669
4458,0.001031,74.125.68.0-255,1484,83545,17,236669
4459,0.001085,172.31.36.0-255,66,83611,17,236669
4460,0.001133,74.125.68.0-255,2902,86513,17,236669
4461,0.001137,172.31.36.0-255,66,86579,17,236669
4462,0.001155,74.125.68.0-255,5738,92317,17,236669
4463,0.001157,172.31.36.0-255,66,92383,17,236669
4464,0.001203,74.125.68.0-255,5738,98121,17,236669
4465,0.001206,172.31.36.0-255,66,98187,17,236669
4466,0.001241,172.31.36.0-255,66,98253,17,236669
4467,0.001349,74.125.68.0-255,6702,104955,17,236669
4468,0.001353,172.31.36.0-255,66,105021,17,236669
4469,0.001398,74.125.68.0-255,4320,109341,17,236669
4470,0.001401,172.31.36.0-255,66,109407,17,236669
4471,0.00142,74.125.68.0-255,2902,112309,17,236669
4472,0.001423,172.31.36.0-255,66,112375,17,236669
4473,0.001454,74.125.68.0-255,4320,116695,17,236669
4474,0.001456,172.31.36.0-255,66,116761,17,236669
4475,0.001495,172.31.36.0-255,66,116827,17,236669
4476,0.001514,74.125.68.0-255,4320,121147,17,236669
4477,0.001517,172.31.36.0-255,66,121213,17,236669
4478,0.001589,74.125.68.0-255,7156,128369,17,236669
4479,0.001593,172.31.36.0-255,66,128435,17,236669
4480,0.001645,74.125.68.0-255,2184,130619,17,236669
4481,0.001648,172.31.36.0-255,66,130685,17,236669
4482,0.001652,74.125.68.0-255,1484,132169,17,236669
4483,0.001672,74.125.68.0-255,4320,136489,17,236669
4484,0.001674,172.31.36.0-255,66,136555,17,236669
4485,0.001707,74.125.68.0-255,5738,142293,17,236669
4486,0.001711,172.31.36.0-255,66,142359,17,236669
4487,0.00173,74.125.68.0-255,4320,146679,17,236669
4488,0.001735,172.31.36.0-255,66,146745,17,236669
4489,0.001782,74.125.68.0-255,7156,153901,17,236669
4490,0.001786,172.31.36.0-255,66,153967,17,236669
4491,0.001854,172.31.36.0-255,66,154033,17,236669
4492,0.001928,74.125.68.0-255,5738,159771,17,236669
4493,0.001931,172.31.36.0-255,66,159837,17,236669
4494,0.001976,74.125.68.0-255,5738,165575,17,236669
4495,0.001979,172.31.36.0-255,66,165641,17,236669
4496,0.001994,74.125.68.0-255,1484,167125,17,236669
4497,0.002033,172.31.36.0-255,66,167191,17,236669
4498,0.00215,74.125.68.0-255,7156,174347,17,236669
4499,0.002157,172.31.36.0-255,66,174413,17,236669
4500,0.002167,74.125.68.0-255,2184,176597,17,236669
4501,0.002169,172.31.36.0-255,66,176663,17,236669
4502,0.002185,74.125.68.0-255,7156,183819,17,236669
4503,0.002188,172.31.36.0-255,66,183885,17,236669
4504,0.00221,74.125.68.0-255,4320,188205,17,236669
4505,0.002212,172.31.36.0-255,66,188271,17,236669
4506,0.002283,74.125.68.0-255,7156,195427,17,236669
4507,0.002287,172.31.36.0-255,66,195493,17,236669
4508,0.002322,172.31.36.0-255,66,195559,17,236669
4509,0.002458,172.31.36.0-255,66,195625,17,236669
4510,0.002474,74.125.68.0-255,5738,201363,17,236669
4511,0.002477,172.31.36.0-255,66,201429,17,236669
4512,0.00257,74.125.68.0-255,4320,205749,17,236669
4513,0.002574,172.31.36.0-255,66,205815,17,236669
4514,0.002609,172.31.36.0-255,66,205881,17,236669
4515,0.002717,172.31.36.0-255,66,205947,17,236669
4516,0.002759,172.31.36.0-255,66,206013,17,236669
4517,0.002984,172.31.36.0-255,66,206079,17,236669
4518,0.003031,74.125.68.0-255,1484,207563,17,236669
4519,0.003036,74.125.68.0-255,1484,209047,17,236669
4520,0.003039,172.31.36.0-255,66,209113,17,236669
4521,0.003063,74.125.68.0-255,4320,213433,17,236669
4522,0.003066,172.31.36.0-255,66,213499,17,236669
4523,0.003089,74.125.68.0-255,5738,219237,17,236669
4524,0.003092,172.31.36.0-255,66,219303,17,236669
4525,0.003141,172.31.36.0-255,66,219369,17,236669
4526,0.003162,74.125.68.0-255,3602,222971,17,236669
4527,0.003165,172.31.36.0-255,66,223037,17,236669
4528,0.003239,172.31.36.0-255,66,223103,17,236669
4529,0.003259,74.125.68.0-255,7156,230259,17,236669
4530,0.003262,172.31.36.0-255,66,230325,17,236669
4531,0.003352,74.125.68.0-255,2902,233227,17,236669
4532,0.003358,172.31.36.0-255,66,233293,17,236669
4533,0.003385,172.31.36.0-255,66,233359,17,236669
4534,0.003435,74.125.68.0-255,2902,236261,17,236669
4535,0.003439,172.31.36.0-255,66,236327,17,236669
4536,0.003473,172.31.36.0-255,66,236393,17,236669
4537,0.003555,74.125.68.0-255,105,236498,17,236669
4538,0.011491,172.31.36.0-255,105,236603,17,236669
4539,0.013776,74.125.68.0-255,66,236669,17,236669
4540,0.0,172.253.118.0-255,217,217,17,158052
4541,2.5e-05,172.31.36.0-255,66,283,17,158052
4542,3.3e-05,172.253.118.0-255,1484,1767,17,158052
4543,3.8e-05,172.31.36.0-255,66,1833,17,158052
4544,5.3e-05,172.253.118.0-255,4320,6153,17,158052
4545,5.6e-05,172.31.36.0-255,66,6219,17,158052
4546,6.9e-05,172.31.36.0-255,66,6285,17,158052
4547,7.6e-05,172.253.118.0-255,5738,12023,17,158052
4548,7.9e-05,172.31.36.0-255,66,12089,17,158052
4549,0.000137,172.31.36.0-255,66,12155,17,158052
4550,0.000146,172.253.118.0-255,7156,19311,17,158052
4551,0.000148,172.31.36.0-255,66,19377,17,158052
4552,0.000178,172.253.118.0-255,7156,26533,17,158052
4553,0.000181,172.31.36.0-255,66,26599,17,158052
4554,0.000213,172.253.118.0-255,6438,33037,17,158052
4555,0.000216,172.31.36.0-255,66,33103,17,158052
4556,0.00022,172.253.118.0-255,2902,36005,17,158052
4557,0.000222,172.31.36.0-255,66,36071,17,158052
4558,0.000247,172.253.118.0-255,3133,39204,17,158052
4559,0.000254,172.31.36.0-255,66,39270,17,158052
4560,0.000292,172.253.118.0-255,4320,43590,17,158052
4561,0.000295,172.31.36.0-255,66,43656,17,158052
4562,0.000302,172.253.118.0-255,5738,49394,17,158052
4563,0.000304,172.31.36.0-255,66,49460,17,158052
4564,0.000311,172.253.118.0-255,5738,55198,17,158052
4565,0.000314,172.31.36.0-255,66,55264,17,158052
4566,0.00035,172.253.118.0-255,5738,61002,17,158052
4567,0.000353,172.31.36.0-255,66,61068,17,158052
4568,0.000365,172.31.36.0-255,66,61134,17,158052
4569,0.000395,172.253.118.0-255,2184,63318,17,158052
4570,0.000404,172.31.36.0-255,66,63384,17,158052
4571,0.000474,172.253.118.0-255,1484,64868,17,158052
4572,0.00051,172.253.118.0-255,1484,66352,17,158052
4573,0.000513,172.31.36.0-255,66,66418,17,158052
4574,0.000532,172.253.118.0-255,1484,67902,17,158052
4575,0.000538,172.253.118.0-255,5738,73640,17,158052
4576,0.000541,172.31.36.0-255,66,73706,17,158052
4577,0.000554,172.31.36.0-255,66,73772,17,158052
4578,0.000592,172.31.36.0-255,66,73838,17,158052
4579,0.000603,172.253.118.0-255,766,74604,17,158052
4580,0.00089,172.253.118.0-255,1484,76088,17,158052
4581,0.000896,172.31.36.0-255,66,76154,17,158052
4582,0.000902,172.253.118.0-255,2902,79056,17,158052
4583,0.000905,172.31.36.0-255,66,79122,17,158052
4584,0.000908,172.253.118.0-255,1484,80606,17,158052
4585,0.000941,172.253.118.0-255,4320,84926,17,158052
4586,0.000944,172.31.36.0-255,66,84992,17,158052
4587,0.000951,172.253.118.0-255,7156,92148,17,158052
4588,0.000954,172.31.36.0-255,66,92214,17,158052
4589,0.000963,172.253.118.0-255,2902,95116,17,158052
4590,0.000965,172.31.36.0-255,66,95182,17,158052
4591,0.001009,172.253.118.0-255,2184,97366,17,158052
4592,0.001015,172.31.36.0-255,66,97432,17,158052
4593,0.001018,172.31.36.0-255,66,97498,17,158052
4594,0.001453,172.253.118.0-255,1484,98982,17,158052
4595,0.00146,172.253.118.0-255,2902,101884,17,158052
4596,0.001463,172.31.36.0-255,66,101950,17,158052
4597,0.001487,172.253.118.0-255,5738,107688,17,158052
4598,0.001489,172.31.36.0-255,66,107754,17,158052
4599,0.00152,172.31.36.0-255,66,107820,17,158052
4600,0.001536,172.253.118.0-255,1484,109304,17,158052
4601,0.001554,172.253.118.0-255,2184,111488,17,158052
4602,0.00156,172.31.36.0-255,66,111554,17,158052
4603,0.001567,172.31.36.0-255,66,111620,17,158052
4604,0.003622,172.253.118.0-255,5738,117358,17,158052
4605,0.003636,172.31.36.0-255,66,117424,17,158052
4606,0.005684,172.253.118.0-255,5738,123162,17,158052
4607,0.005692,172.31.36.0-255,66,123228,17,158052
4608,0.007753,172.253.118.0-255,5738,128966,17,158052
4609,0.007759,172.31.36.0-255,66,129032,17,158052
4610,0.009831,172.253.118.0-255,5738,134770,17,158052
4611,0.009844,172.31.36.0-255,66,134836,17,158052
4612,0.011887,172.253.118.0-255,5738,140574,17,158052
4613,0.011897,172.31.36.0-255,66,140640,17,158052
4614,0.013968,172.253.118.0-255,5738,146378,17,158052
4615,0.013989,172.31.36.0-255,66,146444,17,158052
4616,0.016064,172.253.118.0-255,5738,152182,17,158052
4617,0.016076,172.31.36.0-255,66,152248,17,158052
4618,0.018136,172.253.118.0-255,5738,157986,17,158052
4619,0.018151,172.31.36.0-255,66,158052,17,158052
4620,0.0,172.217.194.0-255,184,184,17,242228
4621,2.2e-05,172.217.194.0-255,1484,1668,17,242228
4622,3.3e-05,172.31.36.0-255,66,1734,17,242228
4623,4.2e-05,172.217.194.0-255,2902,4636,17,242228
4624,4.4e-05,172.31.36.0-255,66,4702,17,242228
4625,5.2e-05,172.217.194.0-255,5738,10440,17,242228
4626,6.6e-05,172.31.36.0-255,66,10506,17,242228
4627,8.6e-05,172.217.194.0-255,1484,11990,17,242228
4628,9.5e-05,172.217.194.0-255,2026,14016,17,242228
4629,9.8e-05,172.31.36.0-255,66,14082,17,242228
4630,0.000161,172.217.194.0-255,1484,15566,17,242228
4631,0.000167,172.217.194.0-255,2902,18468,17,242228
4632,0.000171,172.31.36.0-255,66,18534,17,242228
4633,0.000177,172.217.194.0-255,4320,22854,17,242228
4634,0.000179,172.31.36.0-255,66,22920,17,242228
4635,0.000197,172.217.194.0-255,1484,24404,17,242228
4636,0.000222,172.217.194.0-255,4320,28724,17,242228
4637,0.000225,172.31.36.0-255,66,28790,17,242228
4638,0.000252,172.217.194.0-255,5379,34169,17,242228
4639,0.000254,172.31.36.0-255,66,34235,17,242228
4640,0.000267,172.31.36.0-255,66,34301,17,242228
4641,0.000294,172.217.194.0-255,3961,38262,17,242228
4642,0.000299,172.31.36.0-255,66,38328,17,242228
4643,0.00076,172.217.194.0-255,1484,39812,17,242228
4644,0.000808,172.217.194.0-255,2902,42714,17,242228
4645,0.000812,172.31.36.0-255,66,42780,17,242228
4646,0.00082,172.217.194.0-255,5738,48518,17,242228
4647,0.000824,172.31.36.0-255,66,48584,17,242228
4648,0.000836,172.217.194.0-255,6797,55381,17,242228
4649,0.000839,172.31.36.0-255,66,55447,17,242228
4650,0.000842,172.217.194.0-255,646,56093,17,242228
4651,0.001127,172.217.194.0-255,1484,57577,17,242228
4652,0.001132,172.217.194.0-255,2902,60479,17,242228
4653,0.001136,172.31.36.0-255,66,60545,17,242228
4654,0.00114,172.31.36.0-255,66,60611,17,242228
4655,0.001148,172.217.194.0-255,1484,62095,17,242228
4656,0.001176,172.217.194.0-255,4320,66415,17,242228
4657,0.001179,172.31.36.0-255,66,66481,17,242228
4658,0.001192,172.217.194.0-255,1484,67965,17,242228
4659,0.001217,172.217.194.0-255,7156,75121,17,242228
4660,0.001219,172.31.36.0-255,66,75187,17,242228
4661,0.001239,172.217.194.0-255,5738,80925,17,242228
4662,0.001242,172.31.36.0-255,66,80991,17,242228
4663,0.001277,172.31.36.0-255,66,81057,17,242228
4664,0.00128,172.217.194.0-255,1484,82541,17,242228
4665,0.001284,172.217.194.0-255,2902,85443,17,242228
4666,0.001286,172.31.36.0-255,66,85509,17,242228
4667,0.001349,172.217.194.0-255,5738,91247,17,242228
4668,0.001373,172.31.36.0-255,66,91313,17,242228
4669,0.001377,172.31.36.0-255,66,91379,17,242228
4670,0.00138,172.31.36.0-255,66,91445,17,242228
4671,0.001407,172.217.194.0-255,5020,96465,17,242228
4672,0.00141,172.31.36.0-255,66,96531,17,242228
4673,0.001416,172.217.194.0-255,5738,102269,17,242228
4674,0.00142,172.31.36.0-255,66,102335,17,242228
4675,0.001427,172.217.194.0-255,5738,108073,17,242228
4676,0.00143,172.31.36.0-255,66,108139,17,242228
4677,0.00147,172.217.194.0-255,7156,115295,17,242228
4678,0.001475,172.31.36.0-255,66,115361,17,242228
4679,0.001487,172.31.36.0-255,66,115427,17,242228
4680,0.001518,172.217.194.0-255,1484,116911,17,242228
4681,0.001524,172.217.194.0-255,2902,119813,17,242228
4682,0.001526,172.31.36.0-255,66,119879,17,242228
4683,0.001531,172.217.194.0-255,2902,122781,17,242228
4684,0.001533,172.31.36.0-255,66,122847,17,242228
4685,0.001572,172.217.194.0-255,2902,125749,17,242228
4686,0.001575,172.31.36.0-255,66,125815,17,242228
4687,0.001582,172.217.194.0-255,7156,132971,17,242228
4688,0.001584,172.31.36.0-255,66,133037,17,242228
4689,0.001599,172.31.36.0-255,66,133103,17,242228
4690,0.001604,172.217.194.0-255,2184,135287,17,242228
4691,0.001607,172.31.36.0-255,66,135353,17,242228
4692,0.001657,172.217.194.0-255,4320,139673,17,242228
4693,0.001661,172.31.36.0-255,66,139739,17,242228
4694,0.001691,172.217.194.0-255,5738,145477,17,242228
4695,0.001694,172.31.36.0-255,66,145543,17,242228
4696,0.001707,172.31.36.0-255,66,145609,17,242228
4697,0.001718,172.31.36.0-255,66,145675,17,242228
4698,0.001746,172.217.194.0-255,3602,149277,17,242228
4699,0.001749,172.31.36.0-255,66,149343,17,242228
4700,0.002152,172.217.194.0-255,1484,150827,17,242228
4701,0.002172,172.217.194.0-255,2902,153729,17,242228
4702,0.002175,172.217.194.0-255,1484,155213,17,242228
4703,0.002177,172.217.194.0-255,1484,156697,17,242228
4704,0.002181,172.31.36.0-255,66,156763,17,242228
4705,0.00219,172.31.36.0-255,66,156829,17,242228
4706,0.002198,172.217.194.0-255,1484,158313,17,242228
4707,0.002203,172.217.194.0-255,2902,161215,17,242228
4708,0.002205,172.31.36.0-255,66,161281,17,242228
4709,0.002238,172.217.194.0-255,7156,168437,17,242228
4710,0.002242,172.31.36.0-255,66,168503,17,242228
4711,0.002249,172.217.194.0-255,7156,175659,17,242228
4712,0.002251,172.31.36.0-255,66,175725,17,242228
4713,0.00229,172.31.36.0-255,66,175791,17,242228
4714,0.002358,172.217.194.0-255,1484,177275,17,242228
4715,0.002364,172.217.194.0-255,2902,180177,17,242228
4716,0.002367,172.31.36.0-255,66,180243,17,242228
4717,0.002374,172.217.194.0-255,5738,185981,17,242228
4718,0.002376,172.31.36.0-255,66,186047,17,242228
4719,0.002381,172.217.194.0-255,4320,190367,17,242228
4720,0.002384,172.31.36.0-255,66,190433,17,242228
4721,0.002408,172.217.194.0-255,1484,191917,17,242228
4722,0.002411,172.217.194.0-255,1484,193401,17,242228
4723,0.002413,172.31.36.0-255,66,193467,17,242228
4724,0.002478,172.31.36.0-255,66,193533,17,242228
4725,0.002504,172.217.194.0-255,1484,195017,17,242228
4726,0.00251,172.217.194.0-255,2902,197919,17,242228
4727,0.002512,172.31.36.0-255,66,197985,17,242228
4728,0.002517,172.217.194.0-255,2902,200887,17,242228
4729,0.002519,172.31.36.0-255,66,200953,17,242228
4730,0.002543,172.217.194.0-255,2902,203855,17,242228
4731,0.00255,172.217.194.0-255,5738,209593,17,242228
4732,0.002554,172.217.194.0-255,2902,212495,17,242228
4733,0.002593,172.217.194.0-255,2902,215397,17,242228
4734,0.00262,172.217.194.0-255,2902,218299,17,242228
4735,0.002661,172.217.194.0-255,1484,219783,17,242228
4736,0.002676,172.217.194.0-255,1484,221267,17,242228
4737,0.00269,172.217.194.0-255,5738,227005,17,242228
4738,0.002743,172.217.194.0-255,4320,231325,17,242228
4739,0.00275,172.217.194.0-255,6438,237763,17,242228
4740,0.002755,172.217.194.0-255,4123,241886,17,242228
4741,0.002767,172.217.194.0-255,105,241991,17,242228
4742,0.006193,172.31.36.0-255,66,242057,17,242228
4743,0.008467,172.31.36.0-255,105,242162,17,242228
4744,0.010536,172.217.194.0-255,66,242228,17,242228
4745,0.0,172.217.194.0-255,152,152,17,188334
4746,1.4e-05,172.31.36.0-255,66,218,17,188334
4747,2.2e-05,172.217.194.0-255,1484,1702,17,188334
4748,2.6e-05,172.31.36.0-255,66,1768,17,188334
4749,3.2e-05,172.217.194.0-255,2902,4670,17,188334
4750,3.6e-05,172.31.36.0-255,66,4736,17,188334
4751,4.4e-05,172.217.194.0-255,7156,11892,17,188334
4752,4.8e-05,172.31.36.0-255,66,11958,17,188334
4753,5.2e-05,172.217.194.0-255,2012,13970,17,188334
4754,5.5e-05,172.31.36.0-255,66,14036,17,188334
4755,9.1e-05,172.31.36.0-255,66,14102,17,188334
4756,0.000111,172.217.194.0-255,1484,15586,17,188334
4757,0.000113,172.31.36.0-255,66,15652,17,188334
4758,0.000119,172.217.194.0-255,5379,21031,17,188334
4759,0.000122,172.31.36.0-255,66,21097,17,188334
4760,0.000157,172.217.194.0-255,1484,22581,17,188334
4761,0.000159,172.31.36.0-255,66,22647,17,188334
4762,0.000164,172.217.194.0-255,2902,25549,17,188334
4763,0.000166,172.31.36.0-255,66,25615,17,188334
4764,0.000173,172.217.194.0-255,5738,31353,17,188334
4765,0.000176,172.31.36.0-255,66,31419,17,188334
4766,0.000194,172.217.194.0-255,7156,38575,17,188334
4767,0.000197,172.31.36.0-255,66,38641,17,188334
4768,0.000215,172.217.194.0-255,1484,40125,17,188334
4769,0.000218,172.31.36.0-255,66,40191,17,188334
4770,0.000266,172.31.36.0-255,66,40257,17,188334
4771,0.000292,172.217.194.0-255,6438,46695,17,188334
4772,0.000294,172.31.36.0-255,66,46761,17,188334
4773,0.000297,172.217.194.0-255,677,47438,17,188334
4774,0.000299,172.31.36.0-255,66,47504,17,188334
4775,0.000315,172.217.194.0-255,1484,48988,17,188334
4776,0.00032,172.217.194.0-255,2902,51890,17,188334
4777,0.000336,172.217.194.0-255,1484,53374,17,188334
4778,0.000348,172.217.194.0-255,1484,54858,17,188334
4779,0.000368,172.217.194.0-255,7156,62014,17,188334
4780,0.000413,172.217.194.0-255,4320,66334,17,188334
4781,0.000433,172.217.194.0-255,5020,71354,17,188334
4782,0.000507,172.217.194.0-255,1484,72838,17,188334
4783,0.000523,172.217.194.0-255,2902,75740,17,188334
4784,0.000529,172.217.194.0-255,5738,81478,17,188334
4785,0.000561,172.217.194.0-255,4320,85798,17,188334
4786,0.00058,172.217.194.0-255,5738,91536,17,188334
4787,0.000616,172.217.194.0-255,2184,93720,17,188334
4788,0.000668,172.217.194.0-255,1484,95204,17,188334
4789,0.000671,172.217.194.0-255,1484,96688,17,188334
4790,0.000684,172.217.194.0-255,1484,98172,17,188334
4791,0.000691,172.217.194.0-255,5738,103910,17,188334
4792,0.000749,172.217.194.0-255,1484,105394,17,188334
4793,0.000772,172.217.194.0-255,4320,109714,17,188334
4794,0.000793,172.31.36.0-255,66,109780,17,188334
4795,0.0008,172.217.194.0-255,5020,114800,17,188334
4796,0.000815,172.31.36.0-255,66,114866,17,188334
4797,0.000861,172.217.194.0-255,4320,119186,17,188334
4798,0.000867,172.217.194.0-255,4320,123506,17,188334
4799,0.000903,172.31.36.0-255,66,123572,17,188334
4800,0.000946,172.31.36.0-255,66,123638,17,188334
4801,0.000979,172.217.194.0-255,1484,125122,17,188334
4802,0.000984,172.217.194.0-255,2902,128024,17,188334
4803,0.001,172.217.194.0-255,5738,133762,17,188334
4804,0.001016,172.31.36.0-255,66,133828,17,188334
4805,0.001026,172.217.194.0-255,4320,138148,17,188334
4806,0.001038,172.31.36.0-255,66,138214,17,188334
4807,0.001044,172.217.194.0-255,4320,142534,17,188334
4808,0.001081,172.31.36.0-255,66,142600,17,188334
4809,0.001098,172.217.194.0-255,1484,144084,17,188334
4810,0.001116,172.217.194.0-255,3602,147686,17,188334
4811,0.001121,172.217.194.0-255,4320,152006,17,188334
4812,0.001137,172.217.194.0-255,1484,153490,17,188334
4813,0.001142,172.217.194.0-255,4320,157810,17,188334
4814,0.001144,172.217.194.0-255,1484,159294,17,188334
4815,0.001169,172.31.36.0-255,66,159360,17,188334
4816,0.001189,172.217.194.0-255,5738,165098,17,188334
4817,0.001209,172.217.194.0-255,6438,171536,17,188334
4818,0.001216,172.31.36.0-255,66,171602,17,188334
4819,0.001385,172.217.194.0-255,1484,173086,17,188334
4820,0.001418,172.217.194.0-255,2902,175988,17,188334
4821,0.001424,172.217.194.0-255,5738,181726,17,188334
4822,0.001433,172.31.36.0-255,66,181792,17,188334
4823,0.001481,172.31.36.0-255,66,181858,17,188334
4824,0.001489,172.217.194.0-255,1484,183342,17,188334
4825,0.001559,172.217.194.0-255,2902,186244,17,188334
4826,0.001593,172.217.194.0-255,1484,187728,17,188334
4827,0.001598,172.31.36.0-255,66,187794,17,188334
4828,0.001647,172.31.36.0-255,66,187860,17,188334
4829,0.001683,172.31.36.0-255,66,187926,17,188334
4830,0.001703,172.31.36.0-255,66,187992,17,188334
4831,0.001724,172.217.194.0-255,105,188097,17,188334
4832,0.010058,172.31.36.0-255,66,188163,17,188334
4833,0.010099,172.31.36.0-255,105,188268,17,188334
4834,0.012354,172.217.194.0-255,66,188334,17,188334
4835,0.0,74.125.24.0-255,152,152,17,187045
4836,1.6e-05,172.31.36.0-255,66,218,17,187045
4837,2.3e-05,74.125.24.0-255,1484,1702,17,187045
4838,2.8e-05,172.31.36.0-255,66,1768,17,187045
4839,3.4e-05,74.125.24.0-255,2902,4670,17,187045
4840,3.7e-05,172.31.36.0-255,66,4736,17,187045
4841,5.3e-05,74.125.24.0-255,7156,11892,17,187045
4842,5.6e-05,172.31.36.0-255,66,11958,17,187045
4843,6.9e-05,172.31.36.0-255,66,12024,17,187045
4844,0.000107,172.31.36.0-255,66,12090,17,187045
4845,0.000141,74.125.24.0-255,1484,13574,17,187045
4846,0.000144,172.31.36.0-255,66,13640,17,187045
4847,0.000149,74.125.24.0-255,2902,16542,17,187045
4848,0.000151,172.31.36.0-255,66,16608,17,187045
4849,0.000154,74.125.24.0-255,1484,18092,17,187045
4850,0.000161,172.31.36.0-255,66,18158,17,187045
4851,0.000192,74.125.24.0-255,4320,22478,17,187045
4852,0.000195,172.31.36.0-255,66,22544,17,187045
4853,0.000198,74.125.24.0-255,1484,24028,17,187045
4854,0.0002,172.31.36.0-255,66,24094,17,187045
4855,0.000247,172.31.36.0-255,66,24160,17,187045
4856,0.00025,74.125.24.0-255,1484,25644,17,187045
4857,0.000252,172.31.36.0-255,66,25710,17,187045
4858,0.000267,172.31.36.0-255,66,25776,17,187045
4859,0.000379,74.125.24.0-255,136,25912,17,187045
4860,0.000383,172.31.36.0-255,66,25978,17,187045
4861,0.0005,74.125.24.0-255,1484,27462,17,187045
4862,0.000503,172.31.36.0-255,66,27528,17,187045
4863,0.000507,74.125.24.0-255,1484,29012,17,187045
4864,0.000532,74.125.24.0-255,1484,30496,17,187045
4865,0.000539,74.125.24.0-255,5738,36234,17,187045
4866,0.000544,74.125.24.0-255,2902,39136,17,187045
4867,0.000554,74.125.24.0-255,1484,40620,17,187045
4868,0.000568,74.125.24.0-255,4320,44940,17,187045
4869,0.0006,74.125.24.0-255,7052,51992,17,187045
4870,0.000603,172.31.36.0-255,66,52058,17,187045
4871,0.00061,172.31.36.0-255,66,52124,17,187045
4872,0.001154,172.31.36.0-255,101,52225,17,187045
4873,0.00149,74.125.24.0-255,1484,53709,17,187045
4874,0.00151,74.125.24.0-255,2902,56611,17,187045
4875,0.001514,172.31.36.0-255,66,56677,17,187045
4876,0.001521,74.125.24.0-255,5738,62415,17,187045
4877,0.001589,74.125.24.0-255,2184,64599,17,187045
4878,0.001644,74.125.24.0-255,5738,70337,17,187045
4879,0.001663,74.125.24.0-255,4320,74657,17,187045
4880,0.001691,74.125.24.0-255,5020,79677,17,187045
4881,0.001696,74.125.24.0-255,2902,82579,17,187045
4882,0.001738,74.125.24.0-255,1484,84063,17,187045
4883,0.001766,74.125.24.0-255,4320,88383,17,187045
4884,0.001783,74.125.24.0-255,3602,91985,17,187045
4885,0.00187,74.125.24.0-255,1484,93469,17,187045
4886,0.001887,74.125.24.0-255,2902,96371,17,187045
4887,0.001895,74.125.24.0-255,5738,102109,17,187045
4888,0.001913,74.125.24.0-255,2902,105011,17,187045
4889,0.001946,74.125.24.0-255,1484,106495,17,187045
4890,0.001961,74.125.24.0-255,1484,107979,17,187045
4891,0.002678,74.125.24.0-255,1484,109463,17,187045
4892,0.002686,74.125.24.0-255,2902,112365,17,187045
4893,0.002704,74.125.24.0-255,5738,118103,17,187045
4894,0.002755,74.125.24.0-255,2902,121005,17,187045
4895,0.002842,74.125.24.0-255,1484,122489,17,187045
4896,0.002861,74.125.24.0-255,2902,125391,17,187045
4897,0.002867,74.125.24.0-255,4320,129711,17,187045
4898,0.002878,74.125.24.0-255,1484,131195,17,187045
4899,0.002882,74.125.24.0-255,2902,134097,17,187045
4900,0.002902,74.125.24.0-255,4320,138417,17,187045
4901,0.002906,74.125.24.0-255,2902,141319,17,187045
4902,0.002908,74.125.24.0-255,1484,142803,17,187045
4903,0.002961,74.125.24.0-255,5738,148541,17,187045
4904,0.002981,74.125.24.0-255,4320,152861,17,187045
4905,0.003058,74.125.24.0-255,2902,155763,17,187045
4906,0.003128,74.125.24.0-255,5020,160783,17,187045
4907,0.003135,74.125.24.0-255,5738,166521,17,187045
4908,0.003175,74.125.24.0-255,4320,170841,17,187045
4909,0.003182,74.125.24.0-255,7156,177997,17,187045
4910,0.003201,74.125.24.0-255,7156,185153,17,187045
4911,0.003204,74.125.24.0-255,1484,186637,17,187045
4912,0.003238,74.125.24.0-255,105,186742,17,187045
4913,0.003401,74.125.24.0-255,66,186808,17,187045
4914,0.004852,172.31.36.0-255,66,186874,17,187045
4915,0.007202,172.31.36.0-255,105,186979,17,187045
4916,0.00948,74.125.24.0-255,66,187045,17,187045
4917,0.0,172.31.36.0-255,161,161,17,227
4918,0.007844,74.125.68.0-255,66,227,17,227
4919,0.0,74.125.24.0-255,153,153,17,145971
4920,3.3e-05,172.31.36.0-255,66,219,17,145971
4921,4e-05,74.125.24.0-255,1484,1703,17,145971
4922,4.4e-05,172.31.36.0-255,66,1769,17,145971
4923,4.7e-05,74.125.24.0-255,1484,3253,17,145971
4924,5.7e-05,172.31.36.0-255,66,3319,17,145971
4925,8.4e-05,74.125.24.0-255,1484,4803,17,145971
4926,9e-05,172.31.36.0-255,66,4869,17,145971
4927,9e-05,74.125.24.0-255,5738,10607,17,145971
4928,9.4e-05,172.31.36.0-255,66,10673,17,145971
4929,9.6e-05,74.125.24.0-255,6335,17008,17,145971
4930,9.9e-05,172.31.36.0-255,66,17074,17,145971
4931,0.000104,74.125.24.0-255,4320,21394,17,145971
4932,0.000108,172.31.36.0-255,66,21460,17,145971
4933,0.000143,74.125.24.0-255,2902,24362,17,145971
4934,0.000148,172.31.36.0-255,66,24428,17,145971
4935,0.000163,172.31.36.0-255,66,24494,17,145971
4936,0.000173,172.31.36.0-255,66,24560,17,145971
4937,0.000755,74.125.24.0-255,1484,26044,17,145971
4938,0.000762,172.31.36.0-255,66,26110,17,145971
4939,0.000771,74.125.24.0-255,2902,29012,17,145971
4940,0.000774,172.31.36.0-255,66,29078,17,145971
4941,0.000787,74.125.24.0-255,5738,34816,17,145971
4942,0.000792,172.31.36.0-255,66,34882,17,145971
4943,0.000828,74.125.24.0-255,7137,42019,17,145971
4944,0.000832,172.31.36.0-255,66,42085,17,145971
4945,0.001676,74.125.24.0-255,1484,43569,17,145971
4946,0.001684,172.31.36.0-255,66,43635,17,145971
4947,0.00169,74.125.24.0-255,2902,46537,17,145971
4948,0.001692,172.31.36.0-255,66,46603,17,145971
4949,0.001698,74.125.24.0-255,5738,52341,17,145971
4950,0.001716,74.125.24.0-255,4320,56661,17,145971
4951,0.00174,74.125.24.0-255,5738,62399,17,145971
4952,0.001771,74.125.24.0-255,4320,66719,17,145971
4953,0.00193,74.125.24.0-255,1484,68203,17,145971
4954,0.001943,74.125.24.0-255,2902,71105,17,145971
4955,0.001952,74.125.24.0-255,1484,72589,17,145971
4956,0.001962,74.125.24.0-255,1484,74073,17,145971
4957,0.001975,74.125.24.0-255,2902,76975,17,145971
4958,0.001981,74.125.24.0-255,5738,82713,17,145971
4959,0.001983,74.125.24.0-255,1484,84197,17,145971
4960,0.00202,74.125.24.0-255,2902,87099,17,145971
4961,0.002024,74.125.24.0-255,2902,90001,17,145971
4962,0.002083,74.125.24.0-255,1484,91485,17,145971
4963,0.002098,74.125.24.0-255,7156,98641,17,145971
4964,0.00212,74.125.24.0-255,7156,105797,17,145971
4965,0.002122,74.125.24.0-255,766,106563,17,145971
4966,0.002142,74.125.24.0-255,1484,108047,17,145971
4967,0.002154,74.125.24.0-255,2902,110949,17,145971
4968,0.002168,74.125.24.0-255,1484,112433,17,145971
4969,0.002171,74.125.24.0-255,1484,113917,17,145971
4970,0.002183,74.125.24.0-255,1484,115401,17,145971
4971,0.002195,74.125.24.0-255,1484,116885,17,145971
4972,0.005996,172.31.36.0-255,66,116951,17,145971
4973,0.008166,74.125.24.0-255,5738,122689,17,145971
4974,0.008172,172.31.36.0-255,66,122755,17,145971
4975,0.010348,74.125.24.0-255,5738,128493,17,145971
4976,0.010355,172.31.36.0-255,66,128559,17,145971
4977,0.012583,74.125.24.0-255,5738,134297,17,145971
4978,0.013455,172.31.36.0-255,66,134363,17,145971
4979,0.015627,74.125.24.0-255,5738,140101,17,145971
4980,0.015636,172.31.36.0-255,66,140167,17,145971
4981,0.017827,74.125.24.0-255,5738,145905,17,145971
4982,0.017837,172.31.36.0-255,66,145971,17,145971
4983,0.0,172.217.194.0-255,153,153,17,196334
4984,2.1e-05,172.31.36.0-255,66,219,17,196334
4985,2.9e-05,172.217.194.0-255,1484,1703,17,196334
4986,3.4e-05,172.31.36.0-255,66,1769,17,196334
4987,4.7e-05,172.217.194.0-255,2902,4671,17,196334
4988,4.9e-05,172.31.36.0-255,66,4737,17,196334
4989,5.7e-05,172.217.194.0-255,5738,10475,17,196334
4990,6.1e-05,172.31.36.0-255,66,10541,17,196334
4991,7.5e-05,172.31.36.0-255,66,10607,17,196334
4992,0.000108,172.217.194.0-255,2084,12691,17,196334
4993,0.000111,172.31.36.0-255,66,12757,17,196334
4994,0.000119,172.217.194.0-255,6797,19554,17,196334
4995,0.000121,172.31.36.0-255,66,19620,17,196334
4996,0.000124,172.217.194.0-255,1484,21104,17,196334
4997,0.000126,172.31.36.0-255,66,21170,17,196334
4998,0.000157,172.217.194.0-255,2902,24072,17,196334
4999,0.00016,172.31.36.0-255,66,24138,17,196334
5000,0.000165,172.217.194.0-255,4320,28458,17,196334
5001,0.000168,172.31.36.0-255,66,28524,17,196334
5002,0.000173,172.217.194.0-255,2902,31426,17,196334
5003,0.000175,172.31.36.0-255,66,31492,17,196334
5004,0.00019,172.217.194.0-255,2902,34394,17,196334
5005,0.000192,172.31.36.0-255,66,34460,17,196334
5006,0.000221,172.31.36.0-255,66,34526,17,196334
5007,0.000244,172.217.194.0-255,1484,36010,17,196334
5008,0.000247,172.31.36.0-255,66,36076,17,196334
5009,0.000254,172.217.194.0-255,5738,41814,17,196334
5010,0.000256,172.31.36.0-255,66,41880,17,196334
5011,0.000299,172.217.194.0-255,2457,44337,17,196334
5012,0.000302,172.31.36.0-255,66,44403,17,196334
5013,0.000305,172.217.194.0-255,403,44806,17,196334
5014,0.000442,172.217.194.0-255,1484,46290,17,196334
5015,0.000449,172.217.194.0-255,2902,49192,17,196334
5016,0.000455,172.217.194.0-255,5738,54930,17,196334
5017,0.000468,172.217.194.0-255,1484,56414,17,196334
5018,0.000482,172.217.194.0-255,2902,59316,17,196334
5019,0.000526,172.217.194.0-255,2902,62218,17,196334
5020,0.000546,172.217.194.0-255,5738,67956,17,196334
5021,0.00055,172.217.194.0-255,1484,69440,17,196334
5022,0.000557,172.217.194.0-255,7156,76596,17,196334
5023,0.000571,172.217.194.0-255,2184,78780,17,196334
5024,0.000586,172.31.36.0-255,66,78846,17,196334
5025,0.001323,172.217.194.0-255,1484,80330,17,196334
5026,0.001329,172.217.194.0-255,2902,83232,17,196334
5027,0.001336,172.31.36.0-255,66,83298,17,196334
5028,0.001347,172.217.194.0-255,5738,89036,17,196334
5029,0.001368,172.217.194.0-255,2902,91938,17,196334
5030,0.001379,172.31.36.0-255,66,92004,17,196334
5031,0.001391,172.217.194.0-255,5738,97742,17,196334
5032,0.001396,172.31.36.0-255,66,97808,17,196334
5033,0.001423,172.217.194.0-255,4320,102128,17,196334
5034,0.001429,172.217.194.0-255,5738,107866,17,196334
5035,0.001449,172.217.194.0-255,5020,112886,17,196334
5036,0.001465,172.31.36.0-255,66,112952,17,196334
5037,0.001673,172.217.194.0-255,1484,114436,17,196334
5038,0.001686,172.217.194.0-255,2902,117338,17,196334
5039,0.001689,172.31.36.0-255,66,117404,17,196334
5040,0.001723,172.217.194.0-255,5738,123142,17,196334
5041,0.001727,172.217.194.0-255,1484,124626,17,196334
5042,0.001758,172.31.36.0-255,66,124692,17,196334
5043,0.00178,172.31.36.0-255,66,124758,17,196334
5044,0.001788,172.217.194.0-255,2184,126942,17,196334
5045,0.001813,172.31.36.0-255,66,127008,17,196334
5046,0.001923,172.217.194.0-255,1484,128492,17,196334
5047,0.001938,172.217.194.0-255,2902,131394,17,196334
5048,0.001941,172.31.36.0-255,66,131460,17,196334
5049,0.001966,172.217.194.0-255,1484,132944,17,196334
5050,0.001971,172.217.194.0-255,2902,135846,17,196334
5051,0.001994,172.217.194.0-255,1484,137330,17,196334
5052,0.001997,172.31.36.0-255,66,137396,17,196334
5053,0.002028,172.217.194.0-255,4320,141716,17,196334
5054,0.002034,172.217.194.0-255,5738,147454,17,196334
5055,0.002055,172.217.194.0-255,4320,151774,17,196334
5056,0.002057,172.217.194.0-255,766,152540,17,196334
5057,0.002067,172.31.36.0-255,66,152606,17,196334
5058,0.004243,172.217.194.0-255,1484,154090,17,196334
5059,0.004265,172.217.194.0-255,4320,158410,17,196334
5060,0.00427,172.31.36.0-255,66,158476,17,196334
5061,0.006447,172.217.194.0-255,5738,164214,17,196334
5062,0.006453,172.31.36.0-255,66,164280,17,196334
5063,0.008598,172.217.194.0-255,5738,170018,17,196334
5064,0.008604,172.31.36.0-255,66,170084,17,196334
5065,0.010799,172.217.194.0-255,5738,175822,17,196334
5066,0.010812,172.31.36.0-255,66,175888,17,196334
5067,0.013,172.217.194.0-255,4320,180208,17,196334
5068,0.013008,172.31.36.0-255,66,180274,17,196334
5069,0.013038,172.217.194.0-255,1484,181758,17,196334
5070,0.01516,172.217.194.0-255,4320,186078,17,196334
5071,0.01517,172.31.36.0-255,66,186144,17,196334
5072,0.017348,172.217.194.0-255,5738,191882,17,196334
5073,0.01782,172.31.36.0-255,66,191948,17,196334
5074,0.019985,172.217.194.0-255,4320,196268,17,196334
5075,0.019992,172.31.36.0-255,66,196334,17,196334
5076,0.0,172.217.194.0-255,304,304,17,195118
5077,2.5e-05,172.217.194.0-255,1484,1788,17,195118
5078,3.4e-05,172.31.36.0-255,66,1854,17,195118
5079,3.9e-05,172.217.194.0-255,1484,3338,17,195118
5080,4.5e-05,172.217.194.0-255,4320,7658,17,195118
5081,4.8e-05,172.31.36.0-255,66,7724,17,195118
5082,7e-05,172.31.36.0-255,66,7790,17,195118
5083,7.5e-05,172.217.194.0-255,4320,12110,17,195118
5084,8e-05,172.31.36.0-255,66,12176,17,195118
5085,0.000122,172.31.36.0-255,66,12242,17,195118
5086,0.000125,172.217.194.0-255,1484,13726,17,195118
5087,0.000152,172.217.194.0-255,2902,16628,17,195118
5088,0.000154,172.31.36.0-255,66,16694,17,195118
5089,0.000179,172.217.194.0-255,4320,21014,17,195118
5090,0.000182,172.31.36.0-255,66,21080,17,195118
5091,0.000207,172.217.194.0-255,1484,22564,17,195118
5092,0.00021,172.217.194.0-255,1484,24048,17,195118
5093,0.000213,172.31.36.0-255,66,24114,17,195118
5094,0.000233,172.31.36.0-255,66,24180,17,195118
5095,0.000243,172.31.36.0-255,66,24246,17,195118
5096,0.000271,172.217.194.0-255,120,24366,17,195118
5097,0.000288,172.217.194.0-255,379,24745,17,195118
5098,0.00038,172.217.194.0-255,1484,26229,17,195118
5099,0.000386,172.31.36.0-255,66,26295,17,195118
5100,0.00042,172.217.194.0-255,2902,29197,17,195118
5101,0.000423,172.31.36.0-255,66,29263,17,195118
5102,0.000429,172.217.194.0-255,5738,35001,17,195118
5103,0.000431,172.31.36.0-255,66,35067,17,195118
5104,0.000451,172.31.36.0-255,66,35133,17,195118
5105,0.000485,172.31.36.0-255,66,35199,17,195118
5106,0.000519,172.217.194.0-255,1636,36835,17,195118
5107,0.000523,172.31.36.0-255,66,36901,17,195118
5108,0.000526,172.217.194.0-255,1484,38385,17,195118
5109,0.000553,172.217.194.0-255,2902,41287,17,195118
5110,0.000557,172.31.36.0-255,66,41353,17,195118
5111,0.000564,172.217.194.0-255,5738,47091,17,195118
5112,0.000566,172.31.36.0-255,66,47157,17,195118
5113,0.000577,172.217.194.0-255,2902,50059,17,195118
5114,0.000581,172.217.194.0-255,4320,54379,17,195118
5115,0.000582,172.31.36.0-255,66,54445,17,195118
5116,0.000585,172.31.36.0-255,66,54511,17,195118
5117,0.000607,172.217.194.0-255,4320,58831,17,195118
5118,0.00061,172.31.36.0-255,66,58897,17,195118
5119,0.000639,172.217.194.0-255,4320,63217,17,195118
5120,0.000642,172.31.36.0-255,66,63283,17,195118
5121,0.000657,172.31.36.0-255,66,63349,17,195118
5122,0.00071,172.31.36.0-255,66,63415,17,195118
5123,0.00073,172.31.36.0-255,66,63481,17,195118
5124,0.000758,172.217.194.0-255,1125,64606,17,195118
5125,0.000782,172.217.194.0-255,1484,66090,17,195118
5126,0.000785,172.31.36.0-255,66,66156,17,195118
5127,0.000789,172.217.194.0-255,1484,67640,17,195118
5128,0.000809,172.217.194.0-255,1484,69124,17,195118
5129,0.000812,172.31.36.0-255,66,69190,17,195118
5130,0.000818,172.217.194.0-255,4320,73510,17,195118
5131,0.00082,172.31.36.0-255,66,73576,17,195118
5132,0.000844,172.217.194.0-255,1484,75060,17,195118
5133,0.000854,172.217.194.0-255,6797,81857,17,195118
5134,0.000859,172.31.36.0-255,66,81923,17,195118
5135,0.000919,172.217.194.0-255,1484,83407,17,195118
5136,0.000924,172.217.194.0-255,2902,86309,17,195118
5137,0.000927,172.31.36.0-255,66,86375,17,195118
5138,0.000946,172.217.194.0-255,5738,92113,17,195118
5139,0.000949,172.31.36.0-255,66,92179,17,195118
5140,0.000952,172.217.194.0-255,1484,93663,17,195118
5141,0.000983,172.31.36.0-255,66,93729,17,195118
5142,0.001018,172.31.36.0-255,66,93795,17,195118
5143,0.001193,172.217.194.0-255,1484,95279,17,195118
5144,0.001196,172.217.194.0-255,1484,96763,17,195118
5145,0.001199,172.31.36.0-255,66,96829,17,195118
5146,0.001223,172.217.194.0-255,1484,98313,17,195118
5147,0.001229,172.217.194.0-255,5738,104051,17,195118
5148,0.001232,172.31.36.0-255,66,104117,17,195118
5149,0.001261,172.217.194.0-255,5738,109855,17,195118
5150,0.001265,172.31.36.0-255,66,109921,17,195118
5151,0.00128,172.217.194.0-255,2902,112823,17,195118
5152,0.001283,172.31.36.0-255,66,112889,17,195118
5153,0.001303,172.31.36.0-255,66,112955,17,195118
5154,0.001305,172.217.194.0-255,5020,117975,17,195118
5155,0.001307,172.31.36.0-255,66,118041,17,195118
5156,0.001478,172.217.194.0-255,1484,119525,17,195118
5157,0.001484,172.217.194.0-255,2902,122427,17,195118
5158,0.001487,172.31.36.0-255,66,122493,17,195118
5159,0.001518,172.217.194.0-255,5738,128231,17,195118
5160,0.001522,172.31.36.0-255,66,128297,17,195118
5161,0.001524,172.217.194.0-255,7156,135453,17,195118
5162,0.001529,172.31.36.0-255,66,135519,17,195118
5163,0.001565,172.217.194.0-255,7156,142675,17,195118
5164,0.001568,172.31.36.0-255,66,142741,17,195118
5165,0.001599,172.217.194.0-255,5738,148479,17,195118
5166,0.001602,172.31.36.0-255,66,148545,17,195118
5167,0.001607,172.217.194.0-255,3602,152147,17,195118
5168,0.001609,172.31.36.0-255,66,152213,17,195118
5169,0.001641,172.217.194.0-255,4320,156533,17,195118
5170,0.001644,172.217.194.0-255,1484,158017,17,195118
5171,0.001645,172.31.36.0-255,66,158083,17,195118
5172,0.001678,172.31.36.0-255,66,158149,17,195118
5173,0.001686,172.217.194.0-255,7156,165305,17,195118
5174,0.001688,172.31.36.0-255,66,165371,17,195118
5175,0.001742,172.31.36.0-255,66,165437,17,195118
5176,0.001759,172.31.36.0-255,66,165503,17,195118
5177,0.001808,172.31.36.0-255,66,165569,17,195118
5178,0.001834,172.217.194.0-255,1484,167053,17,195118
5179,0.00184,172.217.194.0-255,2902,169955,17,195118
5180,0.001843,172.31.36.0-255,66,170021,17,195118
5181,0.001848,172.217.194.0-255,2902,172923,17,195118
5182,0.00185,172.31.36.0-255,66,172989,17,195118
5183,0.001872,172.217.194.0-255,2902,175891,17,195118
5184,0.00188,172.31.36.0-255,66,175957,17,195118
5185,0.001894,172.31.36.0-255,66,176023,17,195118
5186,0.001932,172.217.194.0-255,7156,183179,17,195118
5187,0.001936,172.31.36.0-255,66,183245,17,195118
5188,0.001986,172.31.36.0-255,66,183311,17,195118
5189,0.002007,172.31.36.0-255,66,183377,17,195118
5190,0.002036,172.217.194.0-255,5738,189115,17,195118
5191,0.002039,172.31.36.0-255,66,189181,17,195118
5192,0.002067,172.217.194.0-255,5595,194776,17,195118
5193,0.002072,172.31.36.0-255,66,194842,17,195118
5194,0.002097,172.217.194.0-255,105,194947,17,195118
5195,0.00832,172.31.36.0-255,105,195052,17,195118
5196,0.010584,172.217.194.0-255,66,195118,17,195118
5197,0.0,172.217.194.0-255,150,150,17,210563
5198,2.7e-05,172.31.36.0-255,66,216,17,210563
5199,3.3e-05,172.217.194.0-255,1484,1700,17,210563
5200,3.7e-05,172.31.36.0-255,66,1766,17,210563
5201,4.2e-05,172.217.194.0-255,2902,4668,17,210563
5202,4.5e-05,172.31.36.0-255,66,4734,17,210563
5203,6e-05,172.217.194.0-255,7156,11890,17,210563
5204,6.3e-05,172.31.36.0-255,66,11956,17,210563
5205,0.000102,172.217.194.0-255,2009,13965,17,210563
5206,0.000105,172.31.36.0-255,66,14031,17,210563
5207,0.000109,172.217.194.0-255,2902,16933,17,210563
5208,0.000111,172.31.36.0-255,66,16999,17,210563
5209,0.000114,172.217.194.0-255,1484,18483,17,210563
5210,0.000116,172.31.36.0-255,66,18549,17,210563
5211,0.000152,172.217.194.0-255,5738,24287,17,210563
5212,0.000155,172.31.36.0-255,66,24353,17,210563
5213,0.000163,172.217.194.0-255,6797,31150,17,210563
5214,0.000165,172.31.36.0-255,66,31216,17,210563
5215,0.000188,172.217.194.0-255,1484,32700,17,210563
5216,0.000191,172.31.36.0-255,66,32766,17,210563
5217,0.00022,172.217.194.0-255,5738,38504,17,210563
5218,0.000223,172.31.36.0-255,66,38570,17,210563
5219,0.000239,172.31.36.0-255,66,38636,17,210563
5220,0.000241,172.217.194.0-255,1125,39761,17,210563
5221,0.000243,172.31.36.0-255,66,39827,17,210563
5222,0.000604,172.217.194.0-255,1484,41311,17,210563
5223,0.00061,172.31.36.0-255,66,41377,17,210563
5224,0.000616,172.217.194.0-255,2902,44279,17,210563
5225,0.000618,172.31.36.0-255,66,44345,17,210563
5226,0.000622,172.217.194.0-255,2902,47247,17,210563
5227,0.000624,172.31.36.0-255,66,47313,17,210563
5228,0.000656,172.217.194.0-255,2902,50215,17,210563
5229,0.00066,172.31.36.0-255,66,50281,17,210563
5230,0.000673,172.217.194.0-255,6797,57078,17,210563
5231,0.000676,172.31.36.0-255,66,57144,17,210563
5232,0.000714,172.217.194.0-255,1484,58628,17,210563
5233,0.00072,172.217.194.0-255,2902,61530,17,210563
5234,0.000723,172.31.36.0-255,66,61596,17,210563
5235,0.000752,172.217.194.0-255,5738,67334,17,210563
5236,0.000756,172.31.36.0-255,66,67400,17,210563
5237,0.000763,172.217.194.0-255,6797,74197,17,210563
5238,0.000766,172.31.36.0-255,66,74263,17,210563
5239,0.000809,172.217.194.0-255,7156,81419,17,210563
5240,0.000814,172.31.36.0-255,66,81485,17,210563
5241,0.000833,172.217.194.0-255,5738,87223,17,210563
5242,0.000838,172.31.36.0-255,66,87289,17,210563
5243,0.000851,172.217.194.0-255,3961,91250,17,210563
5244,0.000858,172.31.36.0-255,66,91316,17,210563
5245,0.001152,172.217.194.0-255,1484,92800,17,210563
5246,0.001162,172.217.194.0-255,2902,95702,17,210563
5247,0.001166,172.31.36.0-255,66,95768,17,210563
5248,0.001194,172.217.194.0-255,5738,101506,17,210563
5249,0.001198,172.31.36.0-255,66,101572,17,210563
5250,0.001234,172.31.36.0-255,66,101638,17,210563
5251,0.001272,172.217.194.0-255,5738,107376,17,210563
5252,0.001275,172.31.36.0-255,66,107442,17,210563
5253,0.001311,172.217.194.0-255,5599,113041,17,210563
5254,0.001315,172.31.36.0-255,66,113107,17,210563
5255,0.001533,172.217.194.0-255,1484,114591,17,210563
5256,0.00154,172.217.194.0-255,2902,117493,17,210563
5257,0.001544,172.31.36.0-255,66,117559,17,210563
5258,0.001575,172.217.194.0-255,4320,121879,17,210563
5259,0.001578,172.31.36.0-255,66,121945,17,210563
5260,0.001584,172.217.194.0-255,4320,126265,17,210563
5261,0.001586,172.31.36.0-255,66,126331,17,210563
5262,0.001619,172.217.194.0-255,4320,130651,17,210563
5263,0.001623,172.31.36.0-255,66,130717,17,210563
5264,0.001652,172.31.36.0-255,66,130783,17,210563
5265,0.001655,172.217.194.0-255,1484,132267,17,210563
5266,0.001675,172.217.194.0-255,2902,135169,17,210563
5267,0.001678,172.31.36.0-255,66,135235,17,210563
5268,0.001681,172.217.194.0-255,1484,136719,17,210563
5269,0.001701,172.217.194.0-255,4320,141039,17,210563
5270,0.001704,172.31.36.0-255,66,141105,17,210563
5271,0.00174,172.31.36.0-255,66,141171,17,210563
5272,0.001767,172.217.194.0-255,4320,145491,17,210563
5273,0.00177,172.31.36.0-255,66,145557,17,210563
5274,0.001797,172.217.194.0-255,6438,151995,17,210563
5275,0.001801,172.31.36.0-255,66,152061,17,210563
5276,0.001828,172.217.194.0-255,1484,153545,17,210563
5277,0.001834,172.217.194.0-255,2902,156447,17,210563
5278,0.001836,172.31.36.0-255,66,156513,17,210563
5279,0.001839,172.217.194.0-255,1484,157997,17,210563
5280,0.00187,172.217.194.0-255,4320,162317,17,210563
5281,0.001874,172.31.36.0-255,66,162383,17,210563
5282,0.001879,172.217.194.0-255,1484,163867,17,210563
5283,0.001909,172.31.36.0-255,66,163933,17,210563
5284,0.001912,172.217.194.0-255,1484,165417,17,210563
5285,0.001947,172.31.36.0-255,66,165483,17,210563
5286,0.003928,172.217.194.0-255,5738,171221,17,210563
5287,0.003931,172.31.36.0-255,66,171287,17,210563
5288,0.005939,172.217.194.0-255,5738,177025,17,210563
5289,0.005946,172.31.36.0-255,66,177091,17,210563
5290,0.00791,172.217.194.0-255,4320,181411,17,210563
5291,0.007913,172.31.36.0-255,66,181477,17,210563
5292,0.007949,172.217.194.0-255,1484,182961,17,210563
5293,0.009894,172.217.194.0-255,4320,187281,17,210563
5294,0.0099,172.31.36.0-255,66,187347,17,210563
5295,0.011898,172.217.194.0-255,5738,193085,17,210563
5296,0.011905,172.31.36.0-255,66,193151,17,210563
5297,0.013966,172.217.194.0-255,5738,198889,17,210563
5298,0.013977,172.31.36.0-255,66,198955,17,210563
5299,0.015994,172.217.194.0-255,5738,204693,17,210563
5300,0.016003,172.31.36.0-255,66,204759,17,210563
5301,0.017991,172.217.194.0-255,5738,210497,17,210563
5302,0.017999,172.31.36.0-255,66,210563,17,210563
5303,0.0,172.217.194.0-255,153,153,17,162470
5304,2.7e-05,172.31.36.0-255,66,219,17,162470
5305,3.4e-05,172.217.194.0-255,1484,1703,17,162470
5306,3.8e-05,172.31.36.0-255,66,1769,17,162470
5307,4.3e-05,172.217.194.0-255,2902,4671,17,162470
5308,4.6e-05,172.31.36.0-255,66,4737,17,162470
5309,5.2e-05,172.217.194.0-255,5738,10475,17,162470
5310,5.6e-05,172.31.36.0-255,66,10541,17,162470
5311,8.9e-05,172.217.194.0-255,3462,14003,17,162470
5312,9.2e-05,172.31.36.0-255,66,14069,17,162470
5313,0.00059,172.217.194.0-255,1484,15553,17,162470
5314,0.000595,172.31.36.0-255,66,15619,17,162470
5315,0.000607,172.217.194.0-255,2902,18521,17,162470
5316,0.00061,172.31.36.0-255,66,18587,17,162470
5317,0.000617,172.217.194.0-255,5738,24325,17,162470
5318,0.000619,172.31.36.0-255,66,24391,17,162470
5319,0.000659,172.217.194.0-255,6797,31188,17,162470
5320,0.000664,172.31.36.0-255,66,31254,17,162470
5321,0.000703,172.217.194.0-255,2902,34156,17,162470
5322,0.000707,172.31.36.0-255,66,34222,17,162470
5323,0.000728,172.217.194.0-255,1484,35706,17,162470
5324,0.000731,172.31.36.0-255,66,35772,17,162470
5325,0.000738,172.217.194.0-255,5738,41510,17,162470
5326,0.00074,172.31.36.0-255,66,41576,17,162470
5327,0.000743,172.217.194.0-255,1484,43060,17,162470
5328,0.000745,172.31.36.0-255,66,43126,17,162470
5329,0.000772,172.217.194.0-255,5379,48505,17,162470
5330,0.000775,172.31.36.0-255,66,48571,17,162470
5331,0.000806,172.217.194.0-255,4320,52891,17,162470
5332,0.000809,172.31.36.0-255,66,52957,17,162470
5333,0.000855,172.217.194.0-255,5738,58695,17,162470
5334,0.00086,172.31.36.0-255,66,58761,17,162470
5335,0.000866,172.217.194.0-255,7112,65873,17,162470
5336,0.00087,172.31.36.0-255,66,65939,17,162470
5337,0.000872,172.217.194.0-255,361,66300,17,162470
5338,0.000959,172.217.194.0-255,1484,67784,17,162470
5339,0.000963,172.31.36.0-255,66,67850,17,162470
5340,0.000969,172.217.194.0-255,2902,70752,17,162470
5341,0.000971,172.31.36.0-255,66,70818,17,162470
5342,0.000974,172.217.194.0-255,1484,72302,17,162470
5343,0.000998,172.217.194.0-255,4320,76622,17,162470
5344,0.001001,172.31.36.0-255,66,76688,17,162470
5345,0.001008,172.217.194.0-255,6797,83485,17,162470
5346,0.001011,172.31.36.0-255,66,83551,17,162470
5347,0.001051,172.217.194.0-255,1484,85035,17,162470
5348,0.001058,172.217.194.0-255,2902,87937,17,162470
5349,0.001061,172.31.36.0-255,66,88003,17,162470
5350,0.001064,172.217.194.0-255,1484,89487,17,162470
5351,0.001082,172.217.194.0-255,4320,93807,17,162470
5352,0.001085,172.31.36.0-255,66,93873,17,162470
5353,0.001101,172.217.194.0-255,2902,96775,17,162470
5354,0.001104,172.31.36.0-255,66,96841,17,162470
5355,0.001121,172.217.194.0-255,3961,100802,17,162470
5356,0.001123,172.31.36.0-255,66,100868,17,162470
5357,0.001966,172.217.194.0-255,1484,102352,17,162470
5358,0.001986,172.217.194.0-255,2902,105254,17,162470
5359,0.001988,172.31.36.0-255,66,105320,17,162470
5360,0.001994,172.217.194.0-255,4320,109640,17,162470
5361,0.001996,172.31.36.0-255,66,109706,17,162470
5362,0.00201,172.217.194.0-255,1484,111190,17,162470
5363,0.002014,172.217.194.0-255,1484,112674,17,162470
5364,0.002016,172.31.36.0-255,66,112740,17,162470
5365,0.002039,172.217.194.0-255,2902,115642,17,162470
5366,0.002042,172.31.36.0-255,66,115708,17,162470
5367,0.002069,172.31.36.0-255,66,115774,17,162470
5368,0.002072,172.217.194.0-255,1484,117258,17,162470
5369,0.002097,172.31.36.0-255,66,117324,17,162470
5370,0.004237,172.217.194.0-255,5738,123062,17,162470
5371,0.004244,172.31.36.0-255,66,123128,17,162470
5372,0.006371,172.217.194.0-255,5738,128866,17,162470
5373,0.006379,172.31.36.0-255,66,128932,17,162470
5374,0.008516,172.217.194.0-255,5738,134670,17,162470
5375,0.008522,172.31.36.0-255,66,134736,17,162470
5376,0.010652,172.217.194.0-255,5738,140474,17,162470
5377,0.010659,172.31.36.0-255,66,140540,17,162470
5378,0.01277,172.217.194.0-255,4320,144860,17,162470
5379,0.012777,172.31.36.0-255,66,144926,17,162470
5380,0.012797,172.217.194.0-255,1484,146410,17,162470
5381,0.014928,172.217.194.0-255,4320,150730,17,162470
5382,0.014937,172.31.36.0-255,66,150796,17,162470
5383,0.017082,172.217.194.0-255,5738,156534,17,162470
5384,0.017091,172.31.36.0-255,66,156600,17,162470
5385,0.019229,172.217.194.0-255,4320,160920,17,162470
5386,0.019243,172.31.36.0-255,66,160986,17,162470
5387,0.019266,172.217.194.0-255,1484,162470,17,162470
5388,0.0,74.125.24.0-255,298,298,17,216806
5389,1.4e-05,74.125.24.0-255,1484,1782,17,216806
5390,2.3e-05,172.31.36.0-255,66,1848,17,216806
5391,3.2e-05,74.125.24.0-255,4320,6168,17,216806
5392,3.5e-05,172.31.36.0-255,66,6234,17,216806
5393,3.9e-05,74.125.24.0-255,2902,9136,17,216806
5394,4.2e-05,172.31.36.0-255,66,9202,17,216806
5395,7.7e-05,172.31.36.0-255,66,9268,17,216806
5396,8e-05,74.125.24.0-255,1484,10752,17,216806
5397,0.000111,172.31.36.0-255,66,10818,17,216806
5398,0.000135,74.125.24.0-255,1484,12302,17,216806
5399,0.000148,74.125.24.0-255,2902,15204,17,216806
5400,0.000151,172.31.36.0-255,66,15270,17,216806
5401,0.000157,74.125.24.0-255,5738,21008,17,216806
5402,0.00016,172.31.36.0-255,66,21074,17,216806
5403,0.000176,74.125.24.0-255,4320,25394,17,216806
5404,0.000201,74.125.24.0-255,4320,29714,17,216806
5405,0.000219,74.125.24.0-255,5738,35452,17,216806
5406,0.000231,74.125.24.0-255,1142,36594,17,216806
5407,0.000264,172.31.36.0-255,66,36660,17,216806
5408,0.00036,74.125.24.0-255,1484,38144,17,216806
5409,0.000376,74.125.24.0-255,2902,41046,17,216806
5410,0.000381,74.125.24.0-255,1484,42530,17,216806
5411,0.000389,172.31.36.0-255,66,42596,17,216806
5412,0.000412,74.125.24.0-255,4320,46916,17,216806
5413,0.00042,74.125.24.0-255,7156,54072,17,216806
5414,0.000419,172.31.36.0-255,66,54138,17,216806
5415,0.000425,172.31.36.0-255,66,54204,17,216806
5416,0.000439,172.31.36.0-255,66,54270,17,216806
5417,0.000477,172.31.36.0-255,66,54336,17,216806
5418,0.0008,74.125.24.0-255,1484,55820,17,216806
5419,0.000806,74.125.24.0-255,1484,57304,17,216806
5420,0.000809,172.31.36.0-255,66,57370,17,216806
5421,0.00082,74.125.24.0-255,1484,58854,17,216806
5422,0.000827,74.125.24.0-255,5738,64592,17,216806
5423,0.000845,74.125.24.0-255,2902,67494,17,216806
5424,0.000934,74.125.24.0-255,1484,68978,17,216806
5425,0.000939,74.125.24.0-255,2902,71880,17,216806
5426,0.000966,74.125.24.0-255,5738,77618,17,216806
5427,0.000972,74.125.24.0-255,2902,80520,17,216806
5428,0.000988,74.125.24.0-255,4320,84840,17,216806
5429,0.001027,74.125.24.0-255,2184,87024,17,216806
5430,0.001686,74.125.24.0-255,1484,88508,17,216806
5431,0.001695,74.125.24.0-255,2902,91410,17,216806
5432,0.001701,74.125.24.0-255,5738,97148,17,216806
5433,0.001731,74.125.24.0-255,7156,104304,17,216806
5434,0.001743,74.125.24.0-255,5738,110042,17,216806
5435,0.00177,74.125.24.0-255,1484,111526,17,216806
5436,0.001786,74.125.24.0-255,7156,118682,17,216806
5437,0.001797,74.125.24.0-255,2184,120866,17,216806
5438,0.001827,74.125.24.0-255,1484,122350,17,216806
5439,0.001829,74.125.24.0-255,1484,123834,17,216806
5440,0.001846,74.125.24.0-255,1484,125318,17,216806
5441,0.001851,74.125.24.0-255,5738,131056,17,216806
5442,0.001869,74.125.24.0-255,4320,135376,17,216806
5443,0.001885,74.125.24.0-255,1484,136860,17,216806
5444,0.001908,74.125.24.0-255,7156,144016,17,216806
5445,0.001936,74.125.24.0-255,4320,148336,17,216806
5446,0.001996,74.125.24.0-255,2184,150520,17,216806
5447,0.002044,74.125.24.0-255,4320,154840,17,216806
5448,0.002082,74.125.24.0-255,766,155606,17,216806
5449,0.002362,74.125.24.0-255,1484,157090,17,216806
5450,0.002374,74.125.24.0-255,2902,159992,17,216806
5451,0.002394,74.125.24.0-255,2902,162894,17,216806
5452,0.002406,74.125.24.0-255,2902,165796,17,216806
5453,0.002435,74.125.24.0-255,4320,170116,17,216806
5454,0.002448,74.125.24.0-255,2902,173018,17,216806
5455,0.00245,74.125.24.0-255,1484,174502,17,216806
5456,0.002478,74.125.24.0-255,2184,176686,17,216806
5457,0.003546,74.125.24.0-255,1484,178170,17,216806
5458,0.003566,74.125.24.0-255,2902,181072,17,216806
5459,0.003571,74.125.24.0-255,5738,186810,17,216806
5460,0.003592,74.125.24.0-255,2902,189712,17,216806
5461,0.00362,74.125.24.0-255,1484,191196,17,216806
5462,0.003644,74.125.24.0-255,4320,195516,17,216806
5463,0.003658,74.125.24.0-255,5020,200536,17,216806
5464,0.003713,74.125.24.0-255,1484,202020,17,216806
5465,0.003717,74.125.24.0-255,2902,204922,17,216806
5466,0.003722,74.125.24.0-255,5738,210660,17,216806
5467,0.003759,74.125.24.0-255,4320,214980,17,216806
5468,0.003805,74.125.24.0-255,1484,216464,17,216806
5469,0.003848,74.125.24.0-255,105,216569,17,216806
5470,0.006078,172.31.36.0-255,66,216635,17,216806
5471,0.008816,172.31.36.0-255,105,216740,17,216806
5472,0.011076,74.125.24.0-255,66,216806,17,216806
5473,0.0,74.125.68.0-255,150,150,17,306605
5474,1.3e-05,74.125.68.0-255,1484,1634,17,306605
5475,2.1e-05,172.31.36.0-255,66,1700,17,306605
5476,4.7e-05,74.125.68.0-255,1484,3184,17,306605
5477,6.6e-05,74.125.68.0-255,2902,6086,17,306605
5478,6.9e-05,172.31.36.0-255,66,6152,17,306605
5479,0.000103,74.125.68.0-255,5738,11890,17,306605
5480,0.000105,172.31.36.0-255,66,11956,17,306605
5481,0.00011,74.125.68.0-255,2003,13959,17,306605
5482,0.000113,172.31.36.0-255,66,14025,17,306605
5483,0.000134,74.125.68.0-255,2902,16927,17,306605
5484,0.000136,172.31.36.0-255,66,16993,17,306605
5485,0.000149,74.125.68.0-255,1484,18477,17,306605
5486,0.000164,74.125.68.0-255,2902,21379,17,306605
5487,0.000166,172.31.36.0-255,66,21445,17,306605
5488,0.000194,74.125.68.0-255,1484,22929,17,306605
5489,0.000208,74.125.68.0-255,4320,27249,17,306605
5490,0.000211,172.31.36.0-255,66,27315,17,306605
5491,0.00023,74.125.68.0-255,3961,31276,17,306605
5492,0.000232,172.31.36.0-255,66,31342,17,306605
5493,0.000382,74.125.68.0-255,1484,32826,17,306605
5494,0.000401,74.125.68.0-255,2902,35728,17,306605
5495,0.000406,172.31.36.0-255,66,35794,17,306605
5496,0.00041,74.125.68.0-255,1484,37278,17,306605
5497,0.00043,74.125.68.0-255,2902,40180,17,306605
5498,0.000433,172.31.36.0-255,66,40246,17,306605
5499,0.000446,74.125.68.0-255,2902,43148,17,306605
5500,0.00045,172.31.36.0-255,66,43214,17,306605
5501,0.000472,74.125.68.0-255,2902,46116,17,306605
5502,0.000475,172.31.36.0-255,66,46182,17,306605
5503,0.000479,74.125.68.0-255,2543,48725,17,306605
5504,0.000481,172.31.36.0-255,66,48791,17,306605
5505,0.000486,74.125.68.0-255,2902,51693,17,306605
5506,0.000488,172.31.36.0-255,66,51759,17,306605
5507,0.000518,74.125.68.0-255,7156,58915,17,306605
5508,0.000521,172.31.36.0-255,66,58981,17,306605
5509,0.000541,74.125.68.0-255,2902,61883,17,306605
5510,0.000545,172.31.36.0-255,66,61949,17,306605
5511,0.000561,74.125.68.0-255,1484,63433,17,306605
5512,0.000598,74.125.68.0-255,2848,66281,17,306605
5513,0.000602,172.31.36.0-255,66,66347,17,306605
5514,0.000615,74.125.68.0-255,113,66460,17,306605
5515,0.000682,74.125.68.0-255,1484,67944,17,306605
5516,0.000687,74.125.68.0-255,2902,70846,17,306605
5517,0.000692,172.31.36.0-255,66,70912,17,306605
5518,0.0007,172.31.36.0-255,66,70978,17,306605
5519,0.000704,74.125.68.0-255,1484,72462,17,306605
5520,0.000725,74.125.68.0-255,2902,75364,17,306605
5521,0.000728,172.31.36.0-255,66,75430,17,306605
5522,0.000736,74.125.68.0-255,5738,81168,17,306605
5523,0.000738,172.31.36.0-255,66,81234,17,306605
5524,0.000774,172.31.36.0-255,66,81300,17,306605
5525,0.000781,74.125.68.0-255,5738,87038,17,306605
5526,0.000783,172.31.36.0-255,66,87104,17,306605
5527,0.000822,74.125.68.0-255,2184,89288,17,306605
5528,0.000826,172.31.36.0-255,66,89354,17,306605
5529,0.000886,74.125.68.0-255,333,89687,17,306605
5530,0.000957,74.125.68.0-255,1484,91171,17,306605
5531,0.00096,172.31.36.0-255,66,91237,17,306605
5532,0.000964,74.125.68.0-255,1484,92721,17,306605
5533,0.000982,74.125.68.0-255,2902,95623,17,306605
5534,0.000985,172.31.36.0-255,66,95689,17,306605
5535,0.001009,74.125.68.0-255,5738,101427,17,306605
5536,0.001012,172.31.36.0-255,66,101493,17,306605
5537,0.001025,74.125.68.0-255,2902,104395,17,306605
5538,0.001028,172.31.36.0-255,66,104461,17,306605
5539,0.001047,172.31.36.0-255,66,104527,17,306605
5540,0.001095,74.125.68.0-255,2902,107429,17,306605
5541,0.001099,172.31.36.0-255,66,107495,17,306605
5542,0.001127,172.31.36.0-255,66,107561,17,306605
5543,0.001377,74.125.68.0-255,1484,109045,17,306605
5544,0.001395,74.125.68.0-255,2902,111947,17,306605
5545,0.001398,172.31.36.0-255,66,112013,17,306605
5546,0.001419,74.125.68.0-255,2902,114915,17,306605
5547,0.001421,172.31.36.0-255,66,114981,17,306605
5548,0.001445,74.125.68.0-255,2902,117883,17,306605
5549,0.001448,172.31.36.0-255,66,117949,17,306605
5550,0.001459,172.31.36.0-255,66,118015,17,306605
5551,0.001471,172.31.36.0-255,66,118081,17,306605
5552,0.001474,74.125.68.0-255,1484,119565,17,306605
5553,0.001494,74.125.68.0-255,2902,122467,17,306605
5554,0.001496,172.31.36.0-255,66,122533,17,306605
5555,0.001535,74.125.68.0-255,5020,127553,17,306605
5556,0.001538,172.31.36.0-255,66,127619,17,306605
5557,0.001544,74.125.68.0-255,4320,131939,17,306605
5558,0.001546,172.31.36.0-255,66,132005,17,306605
5559,0.001562,74.125.68.0-255,1484,133489,17,306605
5560,0.001621,172.31.36.0-255,66,133555,17,306605
5561,0.001643,74.125.68.0-255,4320,137875,17,306605
5562,0.001645,172.31.36.0-255,66,137941,17,306605
5563,0.001657,172.31.36.0-255,66,138007,17,306605
5564,0.001687,172.31.36.0-255,66,138073,17,306605
5565,0.001693,74.125.68.0-255,4320,142393,17,306605
5566,0.001695,172.31.36.0-255,66,142459,17,306605
5567,0.001739,74.125.68.0-255,1995,144454,17,306605
5568,0.001743,172.31.36.0-255,66,144520,17,306605
5569,0.002232,74.125.68.0-255,1484,146004,17,306605
5570,0.002239,74.125.68.0-255,2902,148906,17,306605
5571,0.002243,172.31.36.0-255,66,148972,17,306605
5572,0.002263,74.125.68.0-255,2902,151874,17,306605
5573,0.002266,172.31.36.0-255,66,151940,17,306605
5574,0.002279,74.125.68.0-255,2902,154842,17,306605
5575,0.002281,172.31.36.0-255,66,154908,17,306605
5576,0.00231,74.125.68.0-255,6797,161705,17,306605
5577,0.002312,172.31.36.0-255,66,161771,17,306605
5578,0.002669,74.125.68.0-255,1484,163255,17,306605
5579,0.002689,74.125.68.0-255,2902,166157,17,306605
5580,0.002693,172.31.36.0-255,66,166223,17,306605
5581,0.002701,74.125.68.0-255,5738,171961,17,306605
5582,0.002703,172.31.36.0-255,66,172027,17,306605
5583,0.002739,74.125.68.0-255,7156,179183,17,306605
5584,0.002742,172.31.36.0-255,66,179249,17,306605
5585,0.00277,172.31.36.0-255,66,179315,17,306605
5586,0.002787,74.125.68.0-255,1484,180799,17,306605
5587,0.00279,74.125.68.0-255,1484,182283,17,306605
5588,0.002792,172.31.36.0-255,66,182349,17,306605
5589,0.002812,74.125.68.0-255,3602,185951,17,306605
5590,0.002815,172.31.36.0-255,66,186017,17,306605
5591,0.00355,74.125.68.0-255,1484,187501,17,306605
5592,0.003558,74.125.68.0-255,2902,190403,17,306605
5593,0.003563,172.31.36.0-255,66,190469,17,306605
5594,0.003569,74.125.68.0-255,2902,193371,17,306605
5595,0.003571,172.31.36.0-255,66,193437,17,306605
5596,0.003589,74.125.68.0-255,2902,196339,17,306605
5597,0.003591,172.31.36.0-255,66,196405,17,306605
5598,0.003606,74.125.68.0-255,5738,202143,17,306605
5599,0.003609,172.31.36.0-255,66,202209,17,306605
5600,0.003627,74.125.68.0-255,7156,209365,17,306605
5601,0.003629,172.31.36.0-255,66,209431,17,306605
5602,0.003672,172.31.36.0-255,66,209497,17,306605
5603,0.003733,74.125.68.0-255,1484,210981,17,306605
5604,0.003755,74.125.68.0-255,2902,213883,17,306605
5605,0.003758,172.31.36.0-255,66,213949,17,306605
5606,0.003761,74.125.68.0-255,1484,215433,17,306605
5607,0.003771,74.125.68.0-255,1484,216917,17,306605
5608,0.003773,172.31.36.0-255,66,216983,17,306605
5609,0.003794,74.125.68.0-255,1484,218467,17,306605
5610,0.003814,74.125.68.0-255,4320,222787,17,306605
5611,0.003816,172.31.36.0-255,66,222853,17,306605
5612,0.003836,74.125.68.0-255,5738,228591,17,306605
5613,0.003838,172.31.36.0-255,66,228657,17,306605
5614,0.003851,74.125.68.0-255,1484,230141,17,306605
5615,0.003872,74.125.68.0-255,7156,237297,17,306605
5616,0.003875,172.31.36.0-255,66,237363,17,306605
5617,0.003878,74.125.68.0-255,1484,238847,17,306605
5618,0.003918,74.125.68.0-255,6438,245285,17,306605
5619,0.003921,172.31.36.0-255,66,245351,17,306605
5620,0.003924,74.125.68.0-255,1484,246835,17,306605
5621,0.003943,74.125.68.0-255,7156,253991,17,306605
5622,0.003946,172.31.36.0-255,66,254057,17,306605
5623,0.003949,74.125.68.0-255,1484,255541,17,306605
5624,0.003965,74.125.68.0-255,2902,258443,17,306605
5625,0.003968,172.31.36.0-255,66,258509,17,306605
5626,0.003971,74.125.68.0-255,1484,259993,17,306605
5627,0.003986,74.125.68.0-255,2902,262895,17,306605
5628,0.003988,172.31.36.0-255,66,262961,17,306605
5629,0.004005,74.125.68.0-255,1484,264445,17,306605
5630,0.004021,74.125.68.0-255,4320,268765,17,306605
5631,0.004024,172.31.36.0-255,66,268831,17,306605
5632,0.004027,74.125.68.0-255,1484,270315,17,306605
5633,0.004029,74.125.68.0-255,1484,271799,17,306605
5634,0.004031,172.31.36.0-255,66,271865,17,306605
5635,0.004034,74.125.68.0-255,1484,273349,17,306605
5636,0.004048,74.125.68.0-255,4320,277669,17,306605
5637,0.004051,172.31.36.0-255,66,277735,17,306605
5638,0.004053,74.125.68.0-255,766,278501,17,306605
5639,0.004098,74.125.68.0-255,1484,279985,17,306605
5640,0.0041,172.31.36.0-255,66,280051,17,306605
5641,0.004105,74.125.68.0-255,4320,284371,17,306605
5642,0.004108,172.31.36.0-255,66,284437,17,306605
5643,0.004115,74.125.68.0-255,7156,291593,17,306605
5644,0.004117,172.31.36.0-255,66,291659,17,306605
5645,0.004122,74.125.68.0-255,2902,294561,17,306605
5646,0.004124,172.31.36.0-255,66,294627,17,306605
5647,0.004128,74.125.68.0-255,2902,297529,17,306605
5648,0.004131,172.31.36.0-255,66,297595,17,306605
5649,0.004151,74.125.68.0-255,5738,303333,17,306605
5650,0.004154,172.31.36.0-255,66,303399,17,306605
5651,0.004157,74.125.68.0-255,1484,304883,17,306605
5652,0.004177,172.31.36.0-255,66,304949,17,306605
5653,0.004223,74.125.68.0-255,1217,306166,17,306605
5654,0.004226,74.125.68.0-255,97,306263,17,306605
5655,0.004291,74.125.68.0-255,105,306368,17,306605
5656,0.007355,172.31.36.0-255,66,306434,17,306605
5657,0.009298,172.31.36.0-255,105,306539,17,306605
5658,0.011578,74.125.68.0-255,66,306605,17,306605
5659,0.0,74.125.68.0-255,289,289,17,78281
5660,2.8e-05,172.31.36.0-255,66,355,17,78281
5661,3.4e-05,74.125.68.0-255,1484,1839,17,78281
5662,3.8e-05,172.31.36.0-255,66,1905,17,78281
5663,4.4e-05,74.125.68.0-255,4320,6225,17,78281
5664,4.6e-05,172.31.36.0-255,66,6291,17,78281
5665,0.000157,74.125.68.0-255,2902,9193,17,78281
5666,0.000162,172.31.36.0-255,66,9259,17,78281
5667,0.000179,74.125.68.0-255,2902,12161,17,78281
5668,0.000184,172.31.36.0-255,66,12227,17,78281
5669,0.000317,74.125.68.0-255,6103,18330,17,78281
5670,0.000322,172.31.36.0-255,66,18396,17,78281
5671,0.000497,172.31.36.0-255,66,18462,17,78281
5672,0.000516,74.125.68.0-255,1125,19587,17,78281
5673,0.000519,172.31.36.0-255,66,19653,17,78281
5674,0.000851,172.31.36.0-255,66,19719,17,78281
5675,0.000873,74.125.68.0-255,6797,26516,17,78281
5676,0.000877,172.31.36.0-255,66,26582,17,78281
5677,0.001322,172.31.36.0-255,66,26648,17,78281
5678,0.001341,74.125.68.0-255,4541,31189,17,78281
5679,0.001343,172.31.36.0-255,66,31255,17,78281
5680,0.001775,74.125.68.0-255,4320,35575,17,78281
5681,0.001778,172.31.36.0-255,66,35641,17,78281
5682,0.001801,172.31.36.0-255,66,35707,17,78281
5683,0.001826,172.31.36.0-255,66,35773,17,78281
5684,0.002706,74.125.68.0-255,4320,40093,17,78281
5685,0.00271,172.31.36.0-255,66,40159,17,78281
5686,0.00274,172.31.36.0-255,66,40225,17,78281
5687,0.002753,74.125.68.0-255,5738,45963,17,78281
5688,0.002755,172.31.36.0-255,66,46029,17,78281
5689,0.002778,74.125.68.0-255,2902,48931,17,78281
5690,0.002779,172.31.36.0-255,66,48997,17,78281
5691,0.003479,172.31.36.0-255,66,49063,17,78281
5692,0.003518,172.31.36.0-255,66,49129,17,78281
5693,0.004468,172.31.36.0-255,66,49195,17,78281
5694,0.004505,172.31.36.0-255,66,49261,17,78281
5695,0.007167,74.125.68.0-255,5738,54999,17,78281
5696,0.007173,172.31.36.0-255,66,55065,17,78281
5697,0.00981,74.125.68.0-255,5738,60803,17,78281
5698,0.009819,172.31.36.0-255,66,60869,17,78281
5699,0.012446,74.125.68.0-255,5738,66607,17,78281
5700,0.012453,172.31.36.0-255,66,66673,17,78281
5701,0.015087,74.125.68.0-255,5738,72411,17,78281
5702,0.015093,172.31.36.0-255,66,72477,17,78281
5703,0.017735,74.125.68.0-255,5738,78215,17,78281
5704,0.017742,172.31.36.0-255,66,78281,17,78281
5705,0.0,74.125.24.0-255,214,214,17,266118
5706,2.4e-05,74.125.24.0-255,1484,1698,17,266118
5707,3.6e-05,172.31.36.0-255,66,1764,17,266118
5708,4.5e-05,74.125.24.0-255,2902,4666,17,266118
5709,4.8e-05,172.31.36.0-255,66,4732,17,266118
5710,5.6e-05,74.125.24.0-255,5738,10470,17,266118
5711,5.9e-05,172.31.36.0-255,66,10536,17,266118
5712,7.4e-05,172.31.36.0-255,66,10602,17,266118
5713,9.5e-05,74.125.24.0-255,423,11025,17,266118
5714,0.000103,74.125.24.0-255,6797,17822,17,266118
5715,0.000106,172.31.36.0-255,66,17888,17,266118
5716,0.000191,74.125.24.0-255,1484,19372,17,266118
5717,0.000197,74.125.24.0-255,2902,22274,17,266118
5718,0.000199,172.31.36.0-255,66,22340,17,266118
5719,0.000216,74.125.24.0-255,1484,23824,17,266118
5720,0.000238,74.125.24.0-255,4320,28144,17,266118
5721,0.000241,172.31.36.0-255,66,28210,17,266118
5722,0.000248,74.125.24.0-255,5738,33948,17,266118
5723,0.000251,172.31.36.0-255,66,34014,17,266118
5724,0.000272,74.125.24.0-255,1484,35498,17,266118
5725,0.000304,172.31.36.0-255,66,35564,17,266118
5726,0.000309,74.125.24.0-255,4236,39800,17,266118
5727,0.000311,172.31.36.0-255,66,39866,17,266118
5728,0.000335,74.125.24.0-255,131,39997,17,266118
5729,0.000696,74.125.24.0-255,1484,41481,17,266118
5730,0.000703,172.31.36.0-255,66,41547,17,266118
5731,0.00071,74.125.24.0-255,2902,44449,17,266118
5732,0.000712,172.31.36.0-255,66,44515,17,266118
5733,0.000733,74.125.24.0-255,2902,47417,17,266118
5734,0.000735,172.31.36.0-255,66,47483,17,266118
5735,0.000748,74.125.24.0-255,2902,50385,17,266118
5736,0.000751,172.31.36.0-255,66,50451,17,266118
5737,0.000768,74.125.24.0-255,4320,54771,17,266118
5738,0.000771,172.31.36.0-255,66,54837,17,266118
5739,0.000775,74.125.24.0-255,2543,57380,17,266118
5740,0.000779,172.31.36.0-255,66,57446,17,266118
5741,0.000804,74.125.24.0-255,2902,60348,17,266118
5742,0.000806,172.31.36.0-255,66,60414,17,266118
5743,0.000872,74.125.24.0-255,4320,64734,17,266118
5744,0.000875,172.31.36.0-255,66,64800,17,266118
5745,0.000897,74.125.24.0-255,1484,66284,17,266118
5746,0.000903,74.125.24.0-255,4320,70604,17,266118
5747,0.000905,172.31.36.0-255,66,70670,17,266118
5748,0.000943,74.125.24.0-255,4320,74990,17,266118
5749,0.000947,172.31.36.0-255,66,75056,17,266118
5750,0.000964,74.125.24.0-255,1484,76540,17,266118
5751,0.000972,74.125.24.0-255,7156,83696,17,266118
5752,0.000975,172.31.36.0-255,66,83762,17,266118
5753,0.000996,74.125.24.0-255,1484,85246,17,266118
5754,0.001013,74.125.24.0-255,2902,88148,17,266118
5755,0.001016,172.31.36.0-255,66,88214,17,266118
5756,0.001051,74.125.24.0-255,3602,91816,17,266118
5757,0.001054,172.31.36.0-255,66,91882,17,266118
5758,0.001387,74.125.24.0-255,1484,93366,17,266118
5759,0.001412,74.125.24.0-255,2902,96268,17,266118
5760,0.001415,172.31.36.0-255,66,96334,17,266118
5761,0.00144,74.125.24.0-255,5738,102072,17,266118
5762,0.001443,172.31.36.0-255,66,102138,17,266118
5763,0.001448,74.125.24.0-255,2902,105040,17,266118
5764,0.00145,172.31.36.0-255,66,105106,17,266118
5765,0.001486,74.125.24.0-255,1484,106590,17,266118
5766,0.001503,74.125.24.0-255,5079,111669,17,266118
5767,0.001506,172.31.36.0-255,66,111735,17,266118
5768,0.001513,74.125.24.0-255,7156,118891,17,266118
5769,0.001516,172.31.36.0-255,66,118957,17,266118
5770,0.001537,74.125.24.0-255,1484,120441,17,266118
5771,0.001576,172.31.36.0-255,66,120507,17,266118
5772,0.001594,74.125.24.0-255,4320,124827,17,266118
5773,0.001596,172.31.36.0-255,66,124893,17,266118
5774,0.001623,74.125.24.0-255,6438,131331,17,266118
5775,0.001626,172.31.36.0-255,66,131397,17,266118
5776,0.001852,74.125.24.0-255,1484,132881,17,266118
5777,0.001868,74.125.24.0-255,2902,135783,17,266118
5778,0.001871,172.31.36.0-255,66,135849,17,266118
5779,0.001911,74.125.24.0-255,4320,140169,17,266118
5780,0.001915,172.31.36.0-255,66,140235,17,266118
5781,0.001921,74.125.24.0-255,5738,145973,17,266118
5782,0.001923,172.31.36.0-255,66,146039,17,266118
5783,0.001956,74.125.24.0-255,1484,147523,17,266118
5784,0.001968,74.125.24.0-255,1484,149007,17,266118
5785,0.001972,172.31.36.0-255,66,149073,17,266118
5786,0.002002,172.31.36.0-255,66,149139,17,266118
5787,0.00204,74.125.24.0-255,4320,153459,17,266118
5788,0.002045,172.31.36.0-255,66,153525,17,266118
5789,0.002053,172.31.36.0-255,66,153591,17,266118
5790,0.002059,74.125.24.0-255,5738,159329,17,266118
5791,0.002061,172.31.36.0-255,66,159395,17,266118
5792,0.002064,74.125.24.0-255,1484,160879,17,266118
5793,0.002114,74.125.24.0-255,7156,168035,17,266118
5794,0.002118,172.31.36.0-255,66,168101,17,266118
5795,0.002125,74.125.24.0-255,5738,173839,17,266118
5796,0.002128,172.31.36.0-255,66,173905,17,266118
5797,0.00213,74.125.24.0-255,1484,175389,17,266118
5798,0.002133,74.125.24.0-255,1484,176873,17,266118
5799,0.002135,172.31.36.0-255,66,176939,17,266118
5800,0.002138,74.125.24.0-255,1484,178423,17,266118
5801,0.002141,74.125.24.0-255,766,179189,17,266118
5802,0.002143,172.31.36.0-255,66,179255,17,266118
5803,0.002168,74.125.24.0-255,1484,180739,17,266118
5804,0.002189,74.125.24.0-255,2902,183641,17,266118
5805,0.002192,172.31.36.0-255,66,183707,17,266118
5806,0.002216,74.125.24.0-255,5738,189445,17,266118
5807,0.002219,172.31.36.0-255,66,189511,17,266118
5808,0.002251,74.125.24.0-255,5738,195249,17,266118
5809,0.002254,172.31.36.0-255,66,195315,17,266118
5810,0.002276,74.125.24.0-255,7156,202471,17,266118
5811,0.002278,172.31.36.0-255,66,202537,17,266118
5812,0.002298,74.125.24.0-255,2902,205439,17,266118
5813,0.0023,172.31.36.0-255,66,205505,17,266118
5814,0.002325,172.31.36.0-255,66,205571,17,266118
5815,0.0024,172.31.36.0-255,66,205637,17,266118
5816,0.002424,74.125.24.0-255,2902,208539,17,266118
5817,0.002426,172.31.36.0-255,66,208605,17,266118
5818,0.002441,172.31.36.0-255,66,208671,17,266118
5819,0.002446,74.125.24.0-255,4320,212991,17,266118
5820,0.002448,172.31.36.0-255,66,213057,17,266118
5821,0.002492,172.31.36.0-255,66,213123,17,266118
5822,0.002506,172.31.36.0-255,66,213189,17,266118
5823,0.002512,74.125.24.0-255,5738,218927,17,266118
5824,0.002515,172.31.36.0-255,66,218993,17,266118
5825,0.00256,74.125.24.0-255,4320,223313,17,266118
5826,0.002563,172.31.36.0-255,66,223379,17,266118
5827,0.002589,172.31.36.0-255,66,223445,17,266118
5828,0.002609,74.125.24.0-255,3602,227047,17,266118
5829,0.002611,172.31.36.0-255,66,227113,17,266118
5830,0.002651,74.125.24.0-255,4320,231433,17,266118
5831,0.002654,172.31.36.0-255,66,231499,17,266118
5832,0.002686,172.31.36.0-255,66,231565,17,266118
5833,0.002732,74.125.24.0-255,2902,234467,17,266118
5834,0.002736,172.31.36.0-255,66,234533,17,266118
5835,0.002752,74.125.24.0-255,2184,236717,17,266118
5836,0.002755,172.31.36.0-255,66,236783,17,266118
5837,0.002758,74.125.24.0-255,1484,238267,17,266118
5838,0.002761,74.125.24.0-255,1484,239751,17,266118
5839,0.002763,172.31.36.0-255,66,239817,17,266118
5840,0.002766,74.125.24.0-255,1484,241301,17,266118
5841,0.002792,74.125.24.0-255,4320,245621,17,266118
5842,0.002795,172.31.36.0-255,66,245687,17,266118
5843,0.002798,74.125.24.0-255,1484,247171,17,266118
5844,0.002813,74.125.24.0-255,1484,248655,17,266118
5845,0.002815,172.31.36.0-255,66,248721,17,266118
5846,0.002832,74.125.24.0-255,4320,253041,17,266118
5847,0.002835,172.31.36.0-255,66,253107,17,266118
5848,0.002847,172.31.36.0-255,66,253173,17,266118
5849,0.002853,74.125.24.0-255,5738,258911,17,266118
5850,0.002855,172.31.36.0-255,66,258977,17,266118
5851,0.002879,74.125.24.0-255,4320,263297,17,266118
5852,0.002881,172.31.36.0-255,66,263363,17,266118
5853,0.0029,74.125.24.0-255,2184,265547,17,266118
5854,0.002902,172.31.36.0-255,66,265613,17,266118
5855,0.002914,172.31.36.0-255,66,265679,17,266118
5856,0.002917,74.125.24.0-255,97,265776,17,266118
5857,0.002952,74.125.24.0-255,105,265881,17,266118
5858,0.00875,172.31.36.0-255,66,265947,17,266118
5859,0.008808,172.31.36.0-255,105,266052,17,266118
5860,0.010779,74.125.24.0-255,66,266118,17,266118
5861,0.0,74.125.24.0-255,219,219,17,81633
5862,3.4e-05,172.31.36.0-255,66,285,17,81633
5863,4.1e-05,74.125.24.0-255,1484,1769,17,81633
5864,4.4e-05,172.31.36.0-255,66,1835,17,81633
5865,5.8e-05,74.125.24.0-255,4320,6155,17,81633
5866,6.1e-05,172.31.36.0-255,66,6221,17,81633
5867,9.9e-05,172.31.36.0-255,66,6287,17,81633
5868,0.000465,74.125.24.0-255,1484,7771,17,81633
5869,0.000471,172.31.36.0-255,66,7837,17,81633
5870,0.00048,74.125.24.0-255,2902,10739,17,81633
5871,0.000482,172.31.36.0-255,66,10805,17,81633
5872,0.000494,74.125.24.0-255,4320,15125,17,81633
5873,0.000496,172.31.36.0-255,66,15191,17,81633
5874,0.000514,74.125.24.0-255,1484,16675,17,81633
5875,0.000517,172.31.36.0-255,66,16741,17,81633
5876,0.000562,74.125.24.0-255,6797,23538,17,81633
5877,0.000565,172.31.36.0-255,66,23604,17,81633
5878,0.002537,74.125.24.0-255,1484,25088,17,81633
5879,0.002544,172.31.36.0-255,66,25154,17,81633
5880,0.002552,74.125.24.0-255,2902,28056,17,81633
5881,0.002554,172.31.36.0-255,66,28122,17,81633
5882,0.002567,74.125.24.0-255,5738,33860,17,81633
5883,0.002569,172.31.36.0-255,66,33926,17,81633
5884,0.002574,74.125.24.0-255,2902,36828,17,81633
5885,0.002576,172.31.36.0-255,66,36894,17,81633
5886,0.002615,74.125.24.0-255,6797,43691,17,81633
5887,0.002623,172.31.36.0-255,66,43757,17,81633
5888,0.002635,172.31.36.0-255,66,43823,17,81633
5889,0.00264,74.125.24.0-255,4272,48095,17,81633
5890,0.002641,172.31.36.0-255,66,48161,17,81633
5891,0.005273,74.125.24.0-255,4320,52481,17,81633
5892,0.005278,172.31.36.0-255,66,52547,17,81633
5893,0.005308,74.125.24.0-255,1484,54031,17,81633
5894,0.007944,74.125.24.0-255,4320,58351,17,81633
5895,0.007951,172.31.36.0-255,66,58417,17,81633
5896,0.010627,74.125.24.0-255,5738,64155,17,81633
5897,0.010642,172.31.36.0-255,66,64221,17,81633
5898,0.013283,74.125.24.0-255,5738,69959,17,81633
5899,0.0133,172.31.36.0-255,66,70025,17,81633
5900,0.015958,74.125.24.0-255,5738,75763,17,81633
5901,0.015974,172.31.36.0-255,66,75829,17,81633
5902,0.01862,74.125.24.0-255,5738,81567,17,81633
5903,0.01863,172.31.36.0-255,66,81633,17,81633
5904,0.0,74.125.24.0-255,153,153,17,177502
5905,3.4e-05,172.31.36.0-255,66,219,17,177502
5906,4.1e-05,74.125.24.0-255,1484,1703,17,177502
5907,4.5e-05,172.31.36.0-255,66,1769,17,177502
5908,5e-05,74.125.24.0-255,2902,4671,17,177502
5909,5.3e-05,172.31.36.0-255,66,4737,17,177502
5910,6e-05,74.125.24.0-255,7156,11893,17,177502
5911,6.3e-05,172.31.36.0-255,66,11959,17,177502
5912,0.000126,74.125.24.0-255,2011,13970,17,177502
5913,0.000129,172.31.36.0-255,66,14036,17,177502
5914,0.000179,74.125.24.0-255,1484,15520,17,177502
5915,0.000183,172.31.36.0-255,66,15586,17,177502
5916,0.000202,74.125.24.0-255,2902,18488,17,177502
5917,0.000206,172.31.36.0-255,66,18554,17,177502
5918,0.000221,74.125.24.0-255,4320,22874,17,177502
5919,0.000224,172.31.36.0-255,66,22940,17,177502
5920,0.00025,74.125.24.0-255,5738,28678,17,177502
5921,0.000253,172.31.36.0-255,66,28744,17,177502
5922,0.000272,74.125.24.0-255,2543,31287,17,177502
5923,0.000276,172.31.36.0-255,66,31353,17,177502
5924,0.000326,74.125.24.0-255,1484,32837,17,177502
5925,0.000329,172.31.36.0-255,66,32903,17,177502
5926,0.000335,74.125.24.0-255,2902,35805,17,177502
5927,0.000338,172.31.36.0-255,66,35871,17,177502
5928,0.000344,74.125.24.0-255,5738,41609,17,177502
5929,0.000347,172.31.36.0-255,66,41675,17,177502
5930,0.000385,74.125.24.0-255,4320,45995,17,177502
5931,0.000389,172.31.36.0-255,66,46061,17,177502
5932,0.000409,74.125.24.0-255,2543,48604,17,177502
5933,0.000411,172.31.36.0-255,66,48670,17,177502
5934,0.000684,74.125.24.0-255,1484,50154,17,177502
5935,0.000689,172.31.36.0-255,66,50220,17,177502
5936,0.000698,74.125.24.0-255,2902,53122,17,177502
5937,0.000701,172.31.36.0-255,66,53188,17,177502
5938,0.000707,74.125.24.0-255,5738,58926,17,177502
5939,0.000709,172.31.36.0-255,66,58992,17,177502
5940,0.000756,172.31.36.0-255,66,59058,17,177502
5941,0.000772,74.125.24.0-255,1484,60542,17,177502
5942,0.000788,74.125.24.0-255,1484,62026,17,177502
5943,0.000791,172.31.36.0-255,66,62092,17,177502
5944,0.000812,74.125.24.0-255,1484,63576,17,177502
5945,0.000818,74.125.24.0-255,5738,69314,17,177502
5946,0.000821,172.31.36.0-255,66,69380,17,177502
5947,0.000838,74.125.24.0-255,6797,76177,17,177502
5948,0.000841,172.31.36.0-255,66,76243,17,177502
5949,0.000867,74.125.24.0-255,5738,81981,17,177502
5950,0.000871,172.31.36.0-255,66,82047,17,177502
5951,0.000889,74.125.24.0-255,1484,83531,17,177502
5952,0.000895,74.125.24.0-255,4320,87851,17,177502
5953,0.000898,172.31.36.0-255,66,87917,17,177502
5954,0.000931,74.125.24.0-255,5379,93296,17,177502
5955,0.000935,172.31.36.0-255,66,93362,17,177502
5956,0.001281,74.125.24.0-255,1484,94846,17,177502
5957,0.001292,74.125.24.0-255,2902,97748,17,177502
5958,0.001296,172.31.36.0-255,66,97814,17,177502
5959,0.001321,74.125.24.0-255,5738,103552,17,177502
5960,0.001326,74.125.24.0-255,2902,106454,17,177502
5961,0.001351,74.125.24.0-255,1484,107938,17,177502
5962,0.001369,74.125.24.0-255,7156,115094,17,177502
5963,0.001407,74.125.24.0-255,2184,117278,17,177502
5964,0.002014,74.125.24.0-255,1484,118762,17,177502
5965,0.002029,74.125.24.0-255,2902,121664,17,177502
5966,0.002054,74.125.24.0-255,5738,127402,17,177502
5967,0.00207,74.125.24.0-255,1484,128886,17,177502
5968,0.002081,74.125.24.0-255,2902,131788,17,177502
5969,0.002102,74.125.24.0-255,2902,134690,17,177502
5970,0.002133,74.125.24.0-255,7156,141846,17,177502
5971,0.002158,74.125.24.0-255,766,142612,17,177502
5972,0.004136,172.31.36.0-255,66,142678,17,177502
5973,0.006705,74.125.24.0-255,5738,148416,17,177502
5974,0.006711,172.31.36.0-255,66,148482,17,177502
5975,0.00928,74.125.24.0-255,5738,154220,17,177502
5976,0.009287,172.31.36.0-255,66,154286,17,177502
5977,0.01182,74.125.24.0-255,5738,160024,17,177502
5978,0.011829,172.31.36.0-255,66,160090,17,177502
5979,0.014446,74.125.24.0-255,5738,165828,17,177502
5980,0.014453,172.31.36.0-255,66,165894,17,177502
5981,0.016996,74.125.24.0-255,5738,171632,17,177502
5982,0.017009,172.31.36.0-255,66,171698,17,177502
5983,0.019593,74.125.24.0-255,5738,177436,17,177502
5984,0.019601,172.31.36.0-255,66,177502,17,177502
5985,0.0,172.217.194.0-255,153,153,17,205855
5986,1.4e-05,172.217.194.0-255,1484,1637,17,205855
5987,2.2e-05,172.31.36.0-255,66,1703,17,205855
5988,3.1e-05,172.217.194.0-255,2902,4605,17,205855
5989,4.8e-05,172.217.194.0-255,7156,11761,17,205855
5990,9.6e-05,172.217.194.0-255,1484,13245,17,205855
5991,0.000112,172.217.194.0-255,1125,14370,17,205855
5992,0.00016,172.217.194.0-255,1484,15854,17,205855
5993,0.000165,172.217.194.0-255,2902,18756,17,205855
5994,0.000181,172.217.194.0-255,5738,24494,17,205855
5995,0.00019,172.31.36.0-255,66,24560,17,205855
5996,0.000239,172.217.194.0-255,7156,31716,17,205855
5997,0.000278,172.217.194.0-255,2543,34259,17,205855
5998,0.00044,172.31.36.0-255,66,34325,17,205855
5999,0.000468,172.217.194.0-255,360,34685,17,205855
6000,0.000472,172.217.194.0-255,382,35067,17,205855
6001,0.000653,172.217.194.0-255,1484,36551,17,205855
6002,0.000659,172.31.36.0-255,66,36617,17,205855
6003,0.000671,172.217.194.0-255,2902,39519,17,205855
6004,0.000679,172.217.194.0-255,2902,42421,17,205855
6005,0.000692,172.217.194.0-255,1484,43905,17,205855
6006,0.000695,172.217.194.0-255,1484,45389,17,205855
6007,0.000718,172.217.194.0-255,7156,52545,17,205855
6008,0.000724,172.31.36.0-255,66,52611,17,205855
6009,0.000768,172.31.36.0-255,66,52677,17,205855
6010,0.000778,172.217.194.0-255,3602,56279,17,205855
6011,0.000791,172.31.36.0-255,66,56345,17,205855
6012,0.001149,172.217.194.0-255,1484,57829,17,205855
6013,0.001155,172.217.194.0-255,2902,60731,17,205855
6014,0.001158,172.31.36.0-255,66,60797,17,205855
6015,0.001163,172.217.194.0-255,1484,62281,17,205855
6016,0.00119,172.217.194.0-255,4320,66601,17,205855
6017,0.00121,172.31.36.0-255,66,66667,17,205855
6018,0.001215,172.217.194.0-255,4320,70987,17,205855
6019,0.001241,172.217.194.0-255,2184,73171,17,205855
6020,0.001256,172.31.36.0-255,66,73237,17,205855
6021,0.002383,172.217.194.0-255,1484,74721,17,205855
6022,0.002394,172.217.194.0-255,2902,77623,17,205855
6023,0.002399,172.31.36.0-255,66,77689,17,205855
6024,0.002408,172.217.194.0-255,5738,83427,17,205855
6025,0.002479,172.217.194.0-255,2184,85611,17,205855
6026,0.002808,172.217.194.0-255,1484,87095,17,205855
6027,0.002813,172.217.194.0-255,2902,89997,17,205855
6028,0.002816,172.217.194.0-255,1484,91481,17,205855
6029,0.002838,172.217.194.0-255,4320,95801,17,205855
6030,0.002865,172.217.194.0-255,2902,98703,17,205855
6031,0.002871,172.217.194.0-255,5738,104441,17,205855
6032,0.002898,172.217.194.0-255,1484,105925,17,205855
6033,0.002916,172.217.194.0-255,3602,109527,17,205855
6034,0.003448,172.217.194.0-255,1484,111011,17,205855
6035,0.003451,172.217.194.0-255,1484,112495,17,205855
6036,0.003467,172.217.194.0-255,1484,113979,17,205855
6037,0.003474,172.217.194.0-255,5738,119717,17,205855
6038,0.003495,172.217.194.0-255,5738,125455,17,205855
6039,0.003513,172.217.194.0-255,7156,132611,17,205855
6040,0.003633,172.217.194.0-255,1484,134095,17,205855
6041,0.003637,172.217.194.0-255,2902,136997,17,205855
6042,0.00364,172.217.194.0-255,1484,138481,17,205855
6043,0.003654,172.217.194.0-255,4320,142801,17,205855
6044,0.003776,172.217.194.0-255,1484,144285,17,205855
6045,0.00378,172.217.194.0-255,2902,147187,17,205855
6046,0.003802,172.217.194.0-255,5738,152925,17,205855
6047,0.003806,172.217.194.0-255,1484,154409,17,205855
6048,0.003862,172.217.194.0-255,5738,160147,17,205855
6049,0.003879,172.217.194.0-255,5020,165167,17,205855
6050,0.003913,172.217.194.0-255,2902,168069,17,205855
6051,0.003987,172.217.194.0-255,2184,170253,17,205855
6052,0.004003,172.217.194.0-255,1484,171737,17,205855
6053,0.004028,172.217.194.0-255,6438,178175,17,205855
6054,0.004083,172.217.194.0-255,1484,179659,17,205855
6055,0.004089,172.217.194.0-255,2902,182561,17,205855
6056,0.004096,172.217.194.0-255,5738,188299,17,205855
6057,0.004103,172.217.194.0-255,7156,195455,17,205855
6058,0.004132,172.217.194.0-255,5738,201193,17,205855
6059,0.004164,172.217.194.0-255,4320,205513,17,205855
6060,0.004186,172.217.194.0-255,105,205618,17,205855
6061,0.004615,172.31.36.0-255,66,205684,17,205855
6062,0.006787,172.31.36.0-255,105,205789,17,205855
6063,0.00907,172.217.194.0-255,66,205855,17,205855
6064,0.0,172.217.194.0-255,147,147,17,231597
6065,2.5e-05,172.31.36.0-255,66,213,17,231597
6066,3.1e-05,172.217.194.0-255,1484,1697,17,231597
6067,3.5e-05,172.31.36.0-255,66,1763,17,231597
6068,4e-05,172.217.194.0-255,2902,4665,17,231597
6069,4.3e-05,172.31.36.0-255,66,4731,17,231597
6070,5e-05,172.217.194.0-255,7156,11887,17,231597
6071,5.3e-05,172.31.36.0-255,66,11953,17,231597
6072,5.6e-05,172.217.194.0-255,1484,13437,17,231597
6073,5.8e-05,172.31.36.0-255,66,13503,17,231597
6074,8.2e-05,172.31.36.0-255,66,13569,17,231597
6075,0.000103,172.217.194.0-255,1484,15053,17,231597
6076,0.000105,172.31.36.0-255,66,15119,17,231597
6077,0.000125,172.217.194.0-255,6797,21916,17,231597
6078,0.000127,172.31.36.0-255,66,21982,17,231597
6079,0.000194,172.217.194.0-255,4320,26302,17,231597
6080,0.000196,172.31.36.0-255,66,26368,17,231597
6081,0.00021,172.217.194.0-255,4320,30688,17,231597
6082,0.000212,172.31.36.0-255,66,30754,17,231597
6083,0.000221,172.31.36.0-255,66,30820,17,231597
6084,0.000247,172.31.36.0-255,66,30886,17,231597
6085,0.000285,172.31.36.0-255,66,30952,17,231597
6086,0.000521,172.217.194.0-255,365,31317,17,231597
6087,0.000528,172.31.36.0-255,66,31383,17,231597
6088,0.00059,172.217.194.0-255,1484,32867,17,231597
6089,0.000595,172.31.36.0-255,66,32933,17,231597
6090,0.000601,172.217.194.0-255,2902,35835,17,231597
6091,0.000604,172.31.36.0-255,66,35901,17,231597
6092,0.000609,172.217.194.0-255,4320,40221,17,231597
6093,0.000611,172.31.36.0-255,66,40287,17,231597
6094,0.000636,172.217.194.0-255,1484,41771,17,231597
6095,0.000645,172.217.194.0-255,6249,48020,17,231597
6096,0.000648,172.31.36.0-255,66,48086,17,231597
6097,0.000767,172.217.194.0-255,1484,49570,17,231597
6098,0.000774,172.217.194.0-255,2902,52472,17,231597
6099,0.000778,172.31.36.0-255,66,52538,17,231597
6100,0.000783,172.217.194.0-255,2902,55440,17,231597
6101,0.000785,172.31.36.0-255,66,55506,17,231597
6102,0.000813,172.217.194.0-255,7156,62662,17,231597
6103,0.000818,172.31.36.0-255,66,62728,17,231597
6104,0.00084,172.217.194.0-255,4320,67048,17,231597
6105,0.000845,172.31.36.0-255,66,67114,17,231597
6106,0.000887,172.31.36.0-255,66,67180,17,231597
6107,0.000892,172.217.194.0-255,3602,70782,17,231597
6108,0.000894,172.31.36.0-255,66,70848,17,231597
6109,0.001129,172.217.194.0-255,1484,72332,17,231597
6110,0.001138,172.217.194.0-255,2902,75234,17,231597
6111,0.001142,172.31.36.0-255,66,75300,17,231597
6112,0.001178,172.217.194.0-255,4320,79620,17,231597
6113,0.001182,172.31.36.0-255,66,79686,17,231597
6114,0.001206,172.217.194.0-255,1484,81170,17,231597
6115,0.001221,172.31.36.0-255,66,81236,17,231597
6116,0.001226,172.217.194.0-255,5738,86974,17,231597
6117,0.00123,172.31.36.0-255,66,87040,17,231597
6118,0.001262,172.217.194.0-255,5020,92060,17,231597
6119,0.001267,172.31.36.0-255,66,92126,17,231597
6120,0.001434,172.217.194.0-255,1484,93610,17,231597
6121,0.00144,172.217.194.0-255,2902,96512,17,231597
6122,0.001445,172.31.36.0-255,66,96578,17,231597
6123,0.001451,172.217.194.0-255,4320,100898,17,231597
6124,0.001453,172.31.36.0-255,66,100964,17,231597
6125,0.001482,172.217.194.0-255,1484,102448,17,231597
6126,0.001489,172.217.194.0-255,7156,109604,17,231597
6127,0.001492,172.31.36.0-255,66,109670,17,231597
6128,0.001498,172.217.194.0-255,5738,115408,17,231597
6129,0.001501,172.31.36.0-255,66,115474,17,231597
6130,0.001529,172.31.36.0-255,66,115540,17,231597
6131,0.001533,172.217.194.0-255,2184,117724,17,231597
6132,0.001535,172.31.36.0-255,66,117790,17,231597
6133,0.001553,172.217.194.0-255,1484,119274,17,231597
6134,0.001574,172.217.194.0-255,4320,123594,17,231597
6135,0.001579,172.31.36.0-255,66,123660,17,231597
6136,0.001586,172.217.194.0-255,7156,130816,17,231597
6137,0.001589,172.31.36.0-255,66,130882,17,231597
6138,0.001631,172.217.194.0-255,5738,136620,17,231597
6139,0.001636,172.31.36.0-255,66,136686,17,231597
6140,0.001659,172.31.36.0-255,66,136752,17,231597
6141,0.001665,172.217.194.0-255,6438,143190,17,231597
6142,0.001668,172.31.36.0-255,66,143256,17,231597
6143,0.001747,172.217.194.0-255,1484,144740,17,231597
6144,0.001768,172.217.194.0-255,2902,147642,17,231597
6145,0.001773,172.31.36.0-255,66,147708,17,231597
6146,0.001779,172.217.194.0-255,5738,153446,17,231597
6147,0.001782,172.31.36.0-255,66,153512,17,231597
6148,0.001785,172.217.194.0-255,1484,154996,17,231597
6149,0.001814,172.31.36.0-255,66,155062,17,231597
6150,0.001851,172.217.194.0-255,5738,160800,17,231597
6151,0.001854,172.31.36.0-255,66,160866,17,231597
6152,0.001891,172.217.194.0-255,5020,165886,17,231597
6153,0.001896,172.31.36.0-255,66,165952,17,231597
6154,0.002022,172.217.194.0-255,1484,167436,17,231597
6155,0.002029,172.217.194.0-255,2902,170338,17,231597
6156,0.002032,172.31.36.0-255,66,170404,17,231597
6157,0.002038,172.217.194.0-255,4320,174724,17,231597
6158,0.002039,172.31.36.0-255,66,174790,17,231597
6159,0.002049,172.31.36.0-255,66,174856,17,231597
6160,0.002098,172.31.36.0-255,66,174922,17,231597
6161,0.002129,172.217.194.0-255,5020,179942,17,231597
6162,0.002157,172.31.36.0-255,66,180008,17,231597
6163,0.002161,172.31.36.0-255,66,180074,17,231597
6164,0.002163,172.31.36.0-255,66,180140,17,231597
6165,0.00218,172.217.194.0-255,1484,181624,17,231597
6166,0.002184,172.217.194.0-255,2902,184526,17,231597
6167,0.002187,172.31.36.0-255,66,184592,17,231597
6168,0.002193,172.217.194.0-255,5738,190330,17,231597
6169,0.002195,172.31.36.0-255,66,190396,17,231597
6170,0.002238,172.31.36.0-255,66,190462,17,231597
6171,0.002248,172.31.36.0-255,66,190528,17,231597
6172,0.002289,172.31.36.0-255,66,190594,17,231597
6173,0.002317,172.217.194.0-255,5020,195614,17,231597
6174,0.002321,172.31.36.0-255,66,195680,17,231597
6175,0.002335,172.31.36.0-255,66,195746,17,231597
6176,0.002341,172.217.194.0-255,5738,201484,17,231597
6177,0.002343,172.31.36.0-255,66,201550,17,231597
6178,0.004646,172.217.194.0-255,5738,207288,17,231597
6179,0.004654,172.31.36.0-255,66,207354,17,231597
6180,0.006943,172.217.194.0-255,5738,213092,17,231597
6181,0.006947,172.31.36.0-255,66,213158,17,231597
6182,0.009252,172.217.194.0-255,5738,218896,17,231597
6183,0.009263,172.31.36.0-255,66,218962,17,231597
6184,0.01158,172.217.194.0-255,5738,224700,17,231597
6185,0.011596,172.31.36.0-255,66,224766,17,231597
6186,0.013897,172.217.194.0-255,5738,230504,17,231597
6187,0.013908,172.31.36.0-255,66,230570,17,231597
6188,0.016138,172.217.194.0-255,790,231360,17,231597
6189,0.016277,172.31.36.0-255,66,231426,17,231597
6190,0.016325,172.31.36.0-255,105,231531,17,231597
6191,0.018576,172.217.194.0-255,66,231597,17,231597
6192,0.0,172.217.27.0-255,148,148,17,148449
6193,2.9e-05,172.31.36.0-255,66,214,17,148449
6194,3.6e-05,172.217.27.0-255,1484,1698,17,148449
6195,4.1e-05,172.31.36.0-255,66,1764,17,148449
6196,4.3e-05,172.217.27.0-255,1484,3248,17,148449
6197,4.6e-05,172.31.36.0-255,66,3314,17,148449
6198,5.1e-05,172.217.27.0-255,2902,6216,17,148449
6199,5.5e-05,172.31.36.0-255,66,6282,17,148449
6200,6.1e-05,172.217.27.0-255,5738,12020,17,148449
6201,6.3e-05,172.31.36.0-255,66,12086,17,148449
6202,8.3e-05,172.217.27.0-255,2044,14130,17,148449
6203,8.6e-05,172.31.36.0-255,66,14196,17,148449
6204,0.000263,172.217.27.0-255,1484,15680,17,148449
6205,0.000269,172.31.36.0-255,66,15746,17,148449
6206,0.00029,172.217.27.0-255,2902,18648,17,148449
6207,0.000293,172.31.36.0-255,66,18714,17,148449
6208,0.000299,172.217.27.0-255,4320,23034,17,148449
6209,0.000302,172.31.36.0-255,66,23100,17,148449
6210,0.000326,172.217.27.0-255,4320,27420,17,148449
6211,0.000329,172.31.36.0-255,66,27486,17,148449
6212,0.00035,172.217.27.0-255,5379,32865,17,148449
6213,0.000355,172.217.27.0-255,5738,38603,17,148449
6214,0.000356,172.31.36.0-255,66,38669,17,148449
6215,0.000358,172.217.27.0-255,1484,40153,17,148449
6216,0.00036,172.31.36.0-255,66,40219,17,148449
6217,0.000364,172.31.36.0-255,66,40285,17,148449
6218,0.000392,172.31.36.0-255,66,40351,17,148449
6219,0.000404,172.31.36.0-255,66,40417,17,148449
6220,0.00042,172.217.27.0-255,360,40777,17,148449
6221,0.000422,172.31.36.0-255,66,40843,17,148449
6222,0.000883,172.217.27.0-255,382,41225,17,148449
6223,0.00106,172.217.27.0-255,1484,42709,17,148449
6224,0.001065,172.31.36.0-255,66,42775,17,148449
6225,0.001071,172.217.27.0-255,2902,45677,17,148449
6226,0.001088,172.217.27.0-255,5738,51415,17,148449
6227,0.001091,172.217.27.0-255,1484,52899,17,148449
6228,0.001094,172.217.27.0-255,1484,54383,17,148449
6229,0.001118,172.217.27.0-255,7156,61539,17,148449
6230,0.001139,172.217.27.0-255,4320,65859,17,148449
6231,0.001388,172.217.27.0-255,1484,67343,17,148449
6232,0.001396,172.217.27.0-255,2902,70245,17,148449
6233,0.001417,172.217.27.0-255,5738,75983,17,148449
6234,0.001428,172.217.27.0-255,2902,78885,17,148449
6235,0.001472,172.217.27.0-255,7156,86041,17,148449
6236,0.001489,172.217.27.0-255,3602,89643,17,148449
6237,0.001522,172.217.27.0-255,4320,93963,17,148449
6238,0.001559,172.217.27.0-255,1484,95447,17,148449
6239,0.00157,172.217.27.0-255,1484,96931,17,148449
6240,0.00161,172.217.27.0-255,5020,101951,17,148449
6241,0.005485,172.31.36.0-255,66,102017,17,148449
6242,0.007113,172.217.27.0-255,5738,107755,17,148449
6243,0.00712,172.31.36.0-255,66,107821,17,148449
6244,0.008771,172.217.27.0-255,5738,113559,17,148449
6245,0.008777,172.31.36.0-255,66,113625,17,148449
6246,0.010407,172.217.27.0-255,5738,119363,17,148449
6247,0.010543,172.31.36.0-255,66,119429,17,148449
6248,0.012159,172.217.27.0-255,5738,125167,17,148449
6249,0.012166,172.31.36.0-255,66,125233,17,148449
6250,0.013783,172.217.27.0-255,5738,130971,17,148449
6251,0.013791,172.31.36.0-255,66,131037,17,148449
6252,0.015418,172.217.27.0-255,5738,136775,17,148449
6253,0.015425,172.31.36.0-255,66,136841,17,148449
6254,0.017049,172.217.27.0-255,5738,142579,17,148449
6255,0.017056,172.31.36.0-255,66,142645,17,148449
6256,0.018674,172.217.27.0-255,5738,148383,17,148449
6257,0.018682,172.31.36.0-255,66,148449,17,148449
6258,0.0,172.31.36.0-255,66,66,17,66
6259,0.0,172.217.194.0-255,153,153,17,265952
6260,3.1e-05,172.31.36.0-255,66,219,17,265952
6261,3.7e-05,172.217.194.0-255,1484,1703,17,265952
6262,4e-05,172.31.36.0-255,66,1769,17,265952
6263,4.6e-05,172.217.194.0-255,2902,4671,17,265952
6264,4.9e-05,172.31.36.0-255,66,4737,17,265952
6265,6.5e-05,172.217.194.0-255,7156,11893,17,265952
6266,6.8e-05,172.31.36.0-255,66,11959,17,265952
6267,7.2e-05,172.217.194.0-255,2056,14015,17,265952
6268,7.5e-05,172.31.36.0-255,66,14081,17,265952
6269,0.00015,172.217.194.0-255,1484,15565,17,265952
6270,0.000154,172.31.36.0-255,66,15631,17,265952
6271,0.000162,172.217.194.0-255,2902,18533,17,265952
6272,0.000165,172.31.36.0-255,66,18599,17,265952
6273,0.000177,172.217.194.0-255,5738,24337,17,265952
6274,0.00018,172.31.36.0-255,66,24403,17,265952
6275,0.00019,172.217.194.0-255,1484,25887,17,265952
6276,0.000193,172.31.36.0-255,66,25953,17,265952
6277,0.000223,172.31.36.0-255,66,26019,17,265952
6278,0.000233,172.31.36.0-255,66,26085,17,265952
6279,0.000261,172.217.194.0-255,4320,30405,17,265952
6280,0.000265,172.31.36.0-255,66,30471,17,265952
6281,0.000306,172.31.36.0-255,66,30537,17,265952
6282,0.000332,172.217.194.0-255,2184,32721,17,265952
6283,0.000336,172.31.36.0-255,66,32787,17,265952
6284,0.000339,172.217.194.0-255,340,33127,17,265952
6285,0.000341,172.31.36.0-255,66,33193,17,265952
6286,0.000344,172.217.194.0-255,120,33313,17,265952
6287,0.000346,172.31.36.0-255,66,33379,17,265952
6288,0.000349,172.217.194.0-255,379,33758,17,265952
6289,0.000545,172.217.194.0-255,1484,35242,17,265952
6290,0.000551,172.217.194.0-255,2902,38144,17,265952
6291,0.000559,172.31.36.0-255,66,38210,17,265952
6292,0.000564,172.217.194.0-255,1484,39694,17,265952
6293,0.000589,172.217.194.0-255,4320,44014,17,265952
6294,0.000612,172.31.36.0-255,66,44080,17,265952
6295,0.000622,172.217.194.0-255,1484,45564,17,265952
6296,0.00064,172.31.36.0-255,66,45630,17,265952
6297,0.001134,172.217.194.0-255,1484,47114,17,265952
6298,0.001143,172.217.194.0-255,2902,50016,17,265952
6299,0.001148,172.31.36.0-255,66,50082,17,265952
6300,0.001154,172.217.194.0-255,4320,54402,17,265952
6301,0.001181,172.217.194.0-255,1484,55886,17,265952
6302,0.001203,172.217.194.0-255,4320,60206,17,265952
6303,0.00121,172.217.194.0-255,5738,65944,17,265952
6304,0.001226,172.217.194.0-255,2902,68846,17,265952
6305,0.001246,172.217.194.0-255,2184,71030,17,265952
6306,0.001382,172.217.194.0-255,1484,72514,17,265952
6307,0.001388,172.217.194.0-255,2902,75416,17,265952
6308,0.001394,172.217.194.0-255,4320,79736,17,265952
6309,0.00141,172.217.194.0-255,1484,81220,17,265952
6310,0.001414,172.217.194.0-255,2902,84122,17,265952
6311,0.001434,172.217.194.0-255,7156,91278,17,265952
6312,0.00146,172.217.194.0-255,2902,94180,17,265952
6313,0.001739,172.217.194.0-255,1484,95664,17,265952
6314,0.001744,172.217.194.0-255,1484,97148,17,265952
6315,0.001755,172.217.194.0-255,1484,98632,17,265952
6316,0.001785,172.217.194.0-255,1484,100116,17,265952
6317,0.001803,172.217.194.0-255,4320,104436,17,265952
6318,0.001874,172.217.194.0-255,5738,110174,17,265952
6319,0.001896,172.217.194.0-255,2902,113076,17,265952
6320,0.001941,172.217.194.0-255,5020,118096,17,265952
6321,0.001948,172.217.194.0-255,5738,123834,17,265952
6322,0.001959,172.217.194.0-255,1484,125318,17,265952
6323,0.001974,172.217.194.0-255,5738,131056,17,265952
6324,0.002002,172.217.194.0-255,5738,136794,17,265952
6325,0.002047,172.217.194.0-255,1484,138278,17,265952
6326,0.002068,172.217.194.0-255,4320,142598,17,265952
6327,0.002089,172.217.194.0-255,2184,144782,17,265952
6328,0.002125,172.217.194.0-255,7156,151938,17,265952
6329,0.002143,172.217.194.0-255,2902,154840,17,265952
6330,0.002148,172.217.194.0-255,5020,159860,17,265952
6331,0.002172,172.217.194.0-255,1484,161344,17,265952
6332,0.002176,172.217.194.0-255,2902,164246,17,265952
6333,0.002198,172.217.194.0-255,4320,168566,17,265952
6334,0.002208,172.217.194.0-255,1484,170050,17,265952
6335,0.002211,172.217.194.0-255,1484,171534,17,265952
6336,0.002235,172.217.194.0-255,1484,173018,17,265952
6337,0.002297,172.217.194.0-255,7156,180174,17,265952
6338,0.002342,172.217.194.0-255,3602,183776,17,265952
6339,0.002346,172.217.194.0-255,1484,185260,17,265952
6340,0.002364,172.217.194.0-255,2902,188162,17,265952
6341,0.002398,172.217.194.0-255,7156,195318,17,265952
6342,0.002417,172.217.194.0-255,2902,198220,17,265952
6343,0.002446,172.217.194.0-255,1484,199704,17,265952
6344,0.002456,172.217.194.0-255,1484,201188,17,265952
6345,0.002459,172.217.194.0-255,2902,204090,17,265952
6346,0.002477,172.217.194.0-255,5738,209828,17,265952
6347,0.002515,172.217.194.0-255,1484,211312,17,265952
6348,0.00255,172.217.194.0-255,7156,218468,17,265952
6349,0.002588,172.217.194.0-255,1484,219952,17,265952
6350,0.002603,172.217.194.0-255,2184,222136,17,265952
6351,0.002606,172.217.194.0-255,1484,223620,17,265952
6352,0.00261,172.217.194.0-255,2902,226522,17,265952
6353,0.002615,172.217.194.0-255,5738,232260,17,265952
6354,0.002644,172.217.194.0-255,4320,236580,17,265952
6355,0.002665,172.217.194.0-255,5738,242318,17,265952
6356,0.002679,172.217.194.0-255,1484,243802,17,265952
6357,0.002696,172.217.194.0-255,7156,250958,17,265952
6358,0.002716,172.217.194.0-255,5020,255978,17,265952
6359,0.006601,172.31.36.0-255,66,256044,17,265952
6360,0.009209,172.217.194.0-255,5738,261782,17,265952
6361,0.009215,172.31.36.0-255,66,261848,17,265952
6362,0.011821,172.217.194.0-255,3867,265715,17,265952
6363,0.011831,172.31.36.0-255,66,265781,17,265952
6364,0.014235,172.31.36.0-255,105,265886,17,265952
6365,0.016859,172.217.194.0-255,66,265952,17,265952
6366,0.0,74.125.24.0-255,150,150,17,230595
6367,2.2e-05,172.31.36.0-255,66,216,17,230595
6368,2.9e-05,74.125.24.0-255,1484,1700,17,230595
6369,3.4e-05,172.31.36.0-255,66,1766,17,230595
6370,4.9e-05,74.125.24.0-255,2902,4668,17,230595
6371,5.3e-05,172.31.36.0-255,66,4734,17,230595
6372,6.1e-05,74.125.24.0-255,7156,11890,17,230595
6373,6.5e-05,172.31.36.0-255,66,11956,17,230595
6374,0.000101,74.125.24.0-255,2018,13974,17,230595
6375,0.000104,172.31.36.0-255,66,14040,17,230595
6376,0.000376,74.125.24.0-255,1484,15524,17,230595
6377,0.000382,172.31.36.0-255,66,15590,17,230595
6378,0.000389,74.125.24.0-255,2902,18492,17,230595
6379,0.000392,172.31.36.0-255,66,18558,17,230595
6380,0.000421,74.125.24.0-255,5738,24296,17,230595
6381,0.000424,172.31.36.0-255,66,24362,17,230595
6382,0.000432,74.125.24.0-255,6797,31159,17,230595
6383,0.000434,172.31.36.0-255,66,31225,17,230595
6384,0.000494,172.31.36.0-255,66,31291,17,230595
6385,0.000498,74.125.24.0-255,2543,33834,17,230595
6386,0.000501,172.31.36.0-255,66,33900,17,230595
6387,0.000644,74.125.24.0-255,1484,35384,17,230595
6388,0.000648,172.31.36.0-255,66,35450,17,230595
6389,0.000653,74.125.24.0-255,2902,38352,17,230595
6390,0.000656,172.31.36.0-255,66,38418,17,230595
6391,0.000667,74.125.24.0-255,4320,42738,17,230595
6392,0.00067,172.31.36.0-255,66,42804,17,230595
6393,0.000681,74.125.24.0-255,1484,44288,17,230595
6394,0.000683,172.31.36.0-255,66,44354,17,230595
6395,0.000693,74.125.24.0-255,7124,51478,17,230595
6396,0.0007,172.31.36.0-255,66,51544,17,230595
6397,0.000729,74.125.24.0-255,328,51872,17,230595
6398,0.000833,74.125.24.0-255,1484,53356,17,230595
6399,0.000837,172.31.36.0-255,66,53422,17,230595
6400,0.000842,74.125.24.0-255,2902,56324,17,230595
6401,0.000844,172.31.36.0-255,66,56390,17,230595
6402,0.000855,74.125.24.0-255,4320,60710,17,230595
6403,0.000858,172.31.36.0-255,66,60776,17,230595
6404,0.00088,74.125.24.0-255,1484,62260,17,230595
6405,0.000893,172.31.36.0-255,66,62326,17,230595
6406,0.000918,74.125.24.0-255,3961,66287,17,230595
6407,0.00092,172.31.36.0-255,66,66353,17,230595
6408,0.000927,74.125.24.0-255,1484,67837,17,230595
6409,0.000932,74.125.24.0-255,2902,70739,17,230595
6410,0.000934,172.31.36.0-255,66,70805,17,230595
6411,0.000964,74.125.24.0-255,5379,76184,17,230595
6412,0.000967,172.31.36.0-255,66,76250,17,230595
6413,0.00119,74.125.24.0-255,1484,77734,17,230595
6414,0.001197,74.125.24.0-255,2902,80636,17,230595
6415,0.0012,172.31.36.0-255,66,80702,17,230595
6416,0.001206,74.125.24.0-255,4320,85022,17,230595
6417,0.001208,172.31.36.0-255,66,85088,17,230595
6418,0.001238,74.125.24.0-255,1484,86572,17,230595
6419,0.001252,172.31.36.0-255,66,86638,17,230595
6420,0.001263,172.31.36.0-255,66,86704,17,230595
6421,0.0013,74.125.24.0-255,2184,88888,17,230595
6422,0.001304,172.31.36.0-255,66,88954,17,230595
6423,0.00133,74.125.24.0-255,2902,91856,17,230595
6424,0.001332,172.31.36.0-255,66,91922,17,230595
6425,0.001364,74.125.24.0-255,7156,99078,17,230595
6426,0.001367,172.31.36.0-255,66,99144,17,230595
6427,0.00137,74.125.24.0-255,1484,100628,17,230595
6428,0.001398,172.31.36.0-255,66,100694,17,230595
6429,0.001402,74.125.24.0-255,1484,102178,17,230595
6430,0.001439,172.31.36.0-255,66,102244,17,230595
6431,0.001466,74.125.24.0-255,1484,103728,17,230595
6432,0.001471,74.125.24.0-255,2902,106630,17,230595
6433,0.001474,172.31.36.0-255,66,106696,17,230595
6434,0.00148,74.125.24.0-255,5738,112434,17,230595
6435,0.001482,172.31.36.0-255,66,112500,17,230595
6436,0.00152,172.31.36.0-255,66,112566,17,230595
6437,0.001531,172.31.36.0-255,66,112632,17,230595
6438,0.001563,74.125.24.0-255,2184,114816,17,230595
6439,0.001565,172.31.36.0-255,66,114882,17,230595
6440,0.001592,74.125.24.0-255,2902,117784,17,230595
6441,0.001594,172.31.36.0-255,66,117850,17,230595
6442,0.001599,74.125.24.0-255,2902,120752,17,230595
6443,0.001602,172.31.36.0-255,66,120818,17,230595
6444,0.001642,74.125.24.0-255,4320,125138,17,230595
6445,0.001646,172.31.36.0-255,66,125204,17,230595
6446,0.001652,74.125.24.0-255,5738,130942,17,230595
6447,0.001655,172.31.36.0-255,66,131008,17,230595
6448,0.001674,172.31.36.0-255,66,131074,17,230595
6449,0.001689,172.31.36.0-255,66,131140,17,230595
6450,0.00177,172.31.36.0-255,66,131206,17,230595
6451,0.00178,172.31.36.0-255,66,131272,17,230595
6452,0.00179,74.125.24.0-255,3602,134874,17,230595
6453,0.001793,172.31.36.0-255,66,134940,17,230595
6454,0.001797,74.125.24.0-255,2902,137842,17,230595
6455,0.001799,172.31.36.0-255,66,137908,17,230595
6456,0.001832,74.125.24.0-255,1484,139392,17,230595
6457,0.001838,74.125.24.0-255,5738,145130,17,230595
6458,0.001845,74.125.24.0-255,7156,152286,17,230595
6459,0.001851,172.31.36.0-255,66,152352,17,230595
6460,0.001854,172.31.36.0-255,66,152418,17,230595
6461,0.001879,74.125.24.0-255,4320,156738,17,230595
6462,0.001885,172.31.36.0-255,66,156804,17,230595
6463,0.001899,172.31.36.0-255,66,156870,17,230595
6464,0.001972,74.125.24.0-255,1484,158354,17,230595
6465,0.001978,74.125.24.0-255,2902,161256,17,230595
6466,0.001981,172.31.36.0-255,66,161322,17,230595
6467,0.001987,74.125.24.0-255,2902,164224,17,230595
6468,0.001989,172.31.36.0-255,66,164290,17,230595
6469,0.002007,74.125.24.0-255,2902,167192,17,230595
6470,0.002017,172.31.36.0-255,66,167258,17,230595
6471,0.002028,74.125.24.0-255,7156,174414,17,230595
6472,0.00203,172.31.36.0-255,66,174480,17,230595
6473,0.002063,74.125.24.0-255,5738,180218,17,230595
6474,0.002065,172.31.36.0-255,66,180284,17,230595
6475,0.002085,74.125.24.0-255,3602,183886,17,230595
6476,0.002088,74.125.24.0-255,2902,186788,17,230595
6477,0.002102,74.125.24.0-255,1484,188272,17,230595
6478,0.002109,74.125.24.0-255,7156,195428,17,230595
6479,0.002114,172.31.36.0-255,66,195494,17,230595
6480,0.002141,74.125.24.0-255,2902,198396,17,230595
6481,0.002162,74.125.24.0-255,2902,201298,17,230595
6482,0.002176,74.125.24.0-255,4320,205618,17,230595
6483,0.002179,74.125.24.0-255,766,206384,17,230595
6484,0.002185,172.31.36.0-255,66,206450,17,230595
6485,0.002231,74.125.24.0-255,1484,207934,17,230595
6486,0.002237,74.125.24.0-255,2902,210836,17,230595
6487,0.002242,172.31.36.0-255,66,210902,17,230595
6488,0.00227,74.125.24.0-255,5738,216640,17,230595
6489,0.002274,74.125.24.0-255,1484,218124,17,230595
6490,0.002279,172.31.36.0-255,66,218190,17,230595
6491,0.002331,172.31.36.0-255,66,218256,17,230595
6492,0.002341,74.125.24.0-255,2184,220440,17,230595
6493,0.002362,74.125.24.0-255,1484,221924,17,230595
6494,0.002386,172.31.36.0-255,66,221990,17,230595
6495,0.004644,74.125.24.0-255,1484,223474,17,230595
6496,0.004707,74.125.24.0-255,4320,227794,17,230595
6497,0.004712,172.31.36.0-255,66,227860,17,230595
6498,0.007043,74.125.24.0-255,2498,230358,17,230595
6499,0.007051,172.31.36.0-255,66,230424,17,230595
6500,0.010753,172.31.36.0-255,105,230529,17,230595
6501,0.013004,74.125.24.0-255,66,230595,17,230595
6502,0.0,216.58.221.0-255,150,150,17,155551
6503,1.6e-05,172.31.36.0-255,66,216,17,155551
6504,2.3e-05,216.58.221.0-255,1484,1700,17,155551
6505,2.7e-05,172.31.36.0-255,66,1766,17,155551
6506,3.3e-05,216.58.221.0-255,2902,4668,17,155551
6507,3.5e-05,172.31.36.0-255,66,4734,17,155551
6508,4.1e-05,216.58.221.0-255,4320,9054,17,155551
6509,4.3e-05,172.31.36.0-255,66,9120,17,155551
6510,6.6e-05,216.58.221.0-255,4892,14012,17,155551
6511,6.9e-05,172.31.36.0-255,66,14078,17,155551
6512,0.000217,216.58.221.0-255,1484,15562,17,155551
6513,0.000221,172.31.36.0-255,66,15628,17,155551
6514,0.000227,216.58.221.0-255,2902,18530,17,155551
6515,0.000229,172.31.36.0-255,66,18596,17,155551
6516,0.000234,216.58.221.0-255,2902,21498,17,155551
6517,0.000237,172.31.36.0-255,66,21564,17,155551
6518,0.000262,216.58.221.0-255,2902,24466,17,155551
6519,0.000265,172.31.36.0-255,66,24532,17,155551
6520,0.000272,216.58.221.0-255,5738,30270,17,155551
6521,0.000274,172.31.36.0-255,66,30336,17,155551
6522,0.000287,216.58.221.0-255,1125,31461,17,155551
6523,0.000289,172.31.36.0-255,66,31527,17,155551
6524,0.000437,216.58.221.0-255,1484,33011,17,155551
6525,0.000442,172.31.36.0-255,66,33077,17,155551
6526,0.000447,216.58.221.0-255,2902,35979,17,155551
6527,0.000449,172.31.36.0-255,66,36045,17,155551
6528,0.000452,216.58.221.0-255,1484,37529,17,155551
6529,0.000455,172.31.36.0-255,66,37595,17,155551
6530,0.000487,216.58.221.0-255,4320,41915,17,155551
6531,0.00049,172.31.36.0-255,66,41981,17,155551
6532,0.000498,216.58.221.0-255,6797,48778,17,155551
6533,0.0005,172.31.36.0-255,66,48844,17,155551
6534,0.000638,216.58.221.0-255,1484,50328,17,155551
6535,0.000642,216.58.221.0-255,2902,53230,17,155551
6536,0.000654,172.31.36.0-255,66,53296,17,155551
6537,0.000662,216.58.221.0-255,5738,59034,17,155551
6538,0.000664,172.31.36.0-255,66,59100,17,155551
6539,0.000669,216.58.221.0-255,4320,63420,17,155551
6540,0.000671,172.31.36.0-255,66,63486,17,155551
6541,0.000692,216.58.221.0-255,2543,66029,17,155551
6542,0.000694,172.31.36.0-255,66,66095,17,155551
6543,0.000831,216.58.221.0-255,353,66448,17,155551
6544,0.001026,172.31.36.0-255,66,66514,17,155551
6545,0.001454,216.58.221.0-255,390,66904,17,155551
6546,0.001715,216.58.221.0-255,1484,68388,17,155551
6547,0.001722,172.31.36.0-255,66,68454,17,155551
6548,0.001729,216.58.221.0-255,2902,71356,17,155551
6549,0.001731,172.31.36.0-255,66,71422,17,155551
6550,0.001738,216.58.221.0-255,5738,77160,17,155551
6551,0.001739,172.31.36.0-255,66,77226,17,155551
6552,0.001743,216.58.221.0-255,1484,78710,17,155551
6553,0.00178,172.31.36.0-255,66,78776,17,155551
6554,0.001805,216.58.221.0-255,7156,85932,17,155551
6555,0.001808,172.31.36.0-255,66,85998,17,155551
6556,0.00182,216.58.221.0-255,2543,88541,17,155551
6557,0.001822,172.31.36.0-255,66,88607,17,155551
6558,0.001898,216.58.221.0-255,1484,90091,17,155551
6559,0.001919,216.58.221.0-255,2902,92993,17,155551
6560,0.001921,172.31.36.0-255,66,93059,17,155551
6561,0.001927,216.58.221.0-255,5738,98797,17,155551
6562,0.001929,172.31.36.0-255,66,98863,17,155551
6563,0.001934,216.58.221.0-255,4320,103183,17,155551
6564,0.001937,172.31.36.0-255,66,103249,17,155551
6565,0.001941,216.58.221.0-255,1484,104733,17,155551
6566,0.003867,216.58.221.0-255,4320,109053,17,155551
6567,0.003872,172.31.36.0-255,66,109119,17,155551
6568,0.005802,216.58.221.0-255,5738,114857,17,155551
6569,0.005806,172.31.36.0-255,66,114923,17,155551
6570,0.00774,216.58.221.0-255,5738,120661,17,155551
6571,0.007748,172.31.36.0-255,66,120727,17,155551
6572,0.00969,216.58.221.0-255,5738,126465,17,155551
6573,0.009697,172.31.36.0-255,66,126531,17,155551
6574,0.011664,216.58.221.0-255,5738,132269,17,155551
6575,0.011672,172.31.36.0-255,66,132335,17,155551
6576,0.013617,216.58.221.0-255,5738,138073,17,155551
6577,0.013626,172.31.36.0-255,66,138139,17,155551
6578,0.015563,216.58.221.0-255,5738,143877,17,155551
6579,0.01557,172.31.36.0-255,66,143943,17,155551
6580,0.0175,216.58.221.0-255,5738,149681,17,155551
6581,0.017507,172.31.36.0-255,66,149747,17,155551
6582,0.019453,216.58.221.0-255,5738,155485,17,155551
6583,0.01946,172.31.36.0-255,66,155551,17,155551
6584,0.0,74.125.130.0-255,66,66,17,66
6585,0.0,172.217.194.0-255,66,66,17,66
6586,0.0,74.125.24.0-255,142,142,17,264100
6587,3.7e-05,172.31.36.0-255,66,208,17,264100
6588,4.5e-05,74.125.24.0-255,1484,1692,17,264100
6589,4.9e-05,172.31.36.0-255,66,1758,17,264100
6590,5.4e-05,74.125.24.0-255,2902,4660,17,264100
6591,5.6e-05,172.31.36.0-255,66,4726,17,264100
6592,6.3e-05,74.125.24.0-255,7156,11882,17,264100
6593,6.6e-05,172.31.36.0-255,66,11948,17,264100
6594,7.1e-05,74.125.24.0-255,3486,15434,17,264100
6595,7.4e-05,172.31.36.0-255,66,15500,17,264100
6596,7.7e-05,74.125.24.0-255,1484,16984,17,264100
6597,7.9e-05,172.31.36.0-255,66,17050,17,264100
6598,0.000118,172.31.36.0-255,66,17116,17,264100
6599,0.000122,74.125.24.0-255,2543,19659,17,264100
6600,0.000124,172.31.36.0-255,66,19725,17,264100
6601,0.00017,74.125.24.0-255,1484,21209,17,264100
6602,0.000173,172.31.36.0-255,66,21275,17,264100
6603,0.000178,74.125.24.0-255,2902,24177,17,264100
6604,0.00018,172.31.36.0-255,66,24243,17,264100
6605,0.000187,74.125.24.0-255,5738,29981,17,264100
6606,0.000189,172.31.36.0-255,66,30047,17,264100
6607,0.000197,74.125.24.0-255,7156,37203,17,264100
6608,0.000201,172.31.36.0-255,66,37269,17,264100
6609,0.000232,74.125.24.0-255,5738,43007,17,264100
6610,0.000236,172.31.36.0-255,66,43073,17,264100
6611,0.00025,172.31.36.0-255,66,43139,17,264100
6612,0.000254,74.125.24.0-255,1057,44196,17,264100
6613,0.000255,172.31.36.0-255,66,44262,17,264100
6614,0.000299,74.125.24.0-255,386,44648,17,264100
6615,0.000303,172.31.36.0-255,66,44714,17,264100
6616,0.000568,74.125.24.0-255,1484,46198,17,264100
6617,0.000575,74.125.24.0-255,2902,49100,17,264100
6618,0.000579,172.31.36.0-255,66,49166,17,264100
6619,0.000604,74.125.24.0-255,5738,54904,17,264100
6620,0.000609,74.125.24.0-255,2902,57806,17,264100
6621,0.000617,172.31.36.0-255,66,57872,17,264100
6622,0.000623,74.125.24.0-255,4320,62192,17,264100
6623,0.000633,172.31.36.0-255,66,62258,17,264100
6624,0.000642,74.125.24.0-255,5738,67996,17,264100
6625,0.000644,172.31.36.0-255,66,68062,17,264100
6626,0.000681,172.31.36.0-255,66,68128,17,264100
6627,0.000699,74.125.24.0-255,2184,70312,17,264100
6628,0.000702,74.125.24.0-255,1484,71796,17,264100
6629,0.000706,74.125.24.0-255,2902,74698,17,264100
6630,0.000712,172.31.36.0-255,66,74764,17,264100
6631,0.000731,74.125.24.0-255,5738,80502,17,264100
6632,0.000738,172.31.36.0-255,66,80568,17,264100
6633,0.000739,74.125.24.0-255,6248,86816,17,264100
6634,0.000743,172.31.36.0-255,66,86882,17,264100
6635,0.000787,74.125.24.0-255,1484,88366,17,264100
6636,0.000806,74.125.24.0-255,2902,91268,17,264100
6637,0.000809,74.125.24.0-255,1484,92752,17,264100
6638,0.000811,172.31.36.0-255,66,92818,17,264100
6639,0.00083,74.125.24.0-255,4320,97138,17,264100
6640,0.000836,172.31.36.0-255,66,97204,17,264100
6641,0.000842,74.125.24.0-255,1484,98688,17,264100
6642,0.000855,74.125.24.0-255,2902,101590,17,264100
6643,0.000858,172.31.36.0-255,66,101656,17,264100
6644,0.000876,74.125.24.0-255,4320,105976,17,264100
6645,0.000889,172.31.36.0-255,66,106042,17,264100
6646,0.000898,74.125.24.0-255,2902,108944,17,264100
6647,0.000913,74.125.24.0-255,2184,111128,17,264100
6648,0.000914,172.31.36.0-255,66,111194,17,264100
6649,0.000919,172.31.36.0-255,66,111260,17,264100
6650,0.001067,74.125.24.0-255,1484,112744,17,264100
6651,0.001085,74.125.24.0-255,2902,115646,17,264100
6652,0.001088,172.31.36.0-255,66,115712,17,264100
6653,0.001111,74.125.24.0-255,5738,121450,17,264100
6654,0.001115,172.31.36.0-255,66,121516,17,264100
6655,0.001141,74.125.24.0-255,4320,125836,17,264100
6656,0.001153,172.31.36.0-255,66,125902,17,264100
6657,0.001157,74.125.24.0-255,7156,133058,17,264100
6658,0.001168,172.31.36.0-255,66,133124,17,264100
6659,0.001173,74.125.24.0-255,1484,134608,17,264100
6660,0.001178,74.125.24.0-255,4320,138928,17,264100
6661,0.001184,172.31.36.0-255,66,138994,17,264100
6662,0.001205,74.125.24.0-255,6438,145432,17,264100
6663,0.001209,172.31.36.0-255,66,145498,17,264100
6664,0.001738,74.125.24.0-255,1484,146982,17,264100
6665,0.001745,74.125.24.0-255,2902,149884,17,264100
6666,0.001749,172.31.36.0-255,66,149950,17,264100
6667,0.001752,74.125.24.0-255,1484,151434,17,264100
6668,0.001769,74.125.24.0-255,4320,155754,17,264100
6669,0.001772,172.31.36.0-255,66,155820,17,264100
6670,0.001779,74.125.24.0-255,7156,162976,17,264100
6671,0.001781,172.31.36.0-255,66,163042,17,264100
6672,0.001797,74.125.24.0-255,1484,164526,17,264100
6673,0.001824,172.31.36.0-255,66,164592,17,264100
6674,0.001828,74.125.24.0-255,2184,166776,17,264100
6675,0.00183,172.31.36.0-255,66,166842,17,264100
6676,0.001961,74.125.24.0-255,1484,168326,17,264100
6677,0.001965,74.125.24.0-255,1484,169810,17,264100
6678,0.001968,172.31.36.0-255,66,169876,17,264100
6679,0.001988,74.125.24.0-255,1484,171360,17,264100
6680,0.001995,74.125.24.0-255,5738,177098,17,264100
6681,0.001997,172.31.36.0-255,66,177164,17,264100
6682,0.002,74.125.24.0-255,1484,178648,17,264100
6683,0.002026,172.31.36.0-255,66,178714,17,264100
6684,0.002034,74.125.24.0-255,7156,185870,17,264100
6685,0.002036,172.31.36.0-255,66,185936,17,264100
6686,0.002066,74.125.24.0-255,3602,189538,17,264100
6687,0.002071,172.31.36.0-255,66,189604,17,264100
6688,0.002087,74.125.24.0-255,4320,193924,17,264100
6689,0.002096,172.31.36.0-255,66,193990,17,264100
6690,0.002144,172.31.36.0-255,66,194056,17,264100
6691,0.00215,74.125.24.0-255,1484,195540,17,264100
6692,0.002157,172.31.36.0-255,66,195606,17,264100
6693,0.002207,74.125.24.0-255,2902,198508,17,264100
6694,0.002212,74.125.24.0-255,5738,204246,17,264100
6695,0.002225,74.125.24.0-255,1484,205730,17,264100
6696,0.002228,172.31.36.0-255,66,205796,17,264100
6697,0.002262,74.125.24.0-255,4320,210116,17,264100
6698,0.002268,172.31.36.0-255,66,210182,17,264100
6699,0.002292,74.125.24.0-255,5738,215920,17,264100
6700,0.002298,172.31.36.0-255,66,215986,17,264100
6701,0.002315,74.125.24.0-255,2902,218888,17,264100
6702,0.00232,172.31.36.0-255,66,218954,17,264100
6703,0.002361,172.31.36.0-255,66,219020,17,264100
6704,0.002381,74.125.24.0-255,4320,223340,17,264100
6705,0.00239,172.31.36.0-255,66,223406,17,264100
6706,0.002395,172.31.36.0-255,66,223472,17,264100
6707,0.004657,74.125.24.0-255,5738,229210,17,264100
6708,0.004664,172.31.36.0-255,66,229276,17,264100
6709,0.006935,74.125.24.0-255,5738,235014,17,264100
6710,0.006939,172.31.36.0-255,66,235080,17,264100
6711,0.009191,74.125.24.0-255,5738,240818,17,264100
6712,0.009198,172.31.36.0-255,66,240884,17,264100
6713,0.011506,74.125.24.0-255,5738,246622,17,264100
6714,0.011514,172.31.36.0-255,66,246688,17,264100
6715,0.013756,74.125.24.0-255,5738,252426,17,264100
6716,0.013764,172.31.36.0-255,66,252492,17,264100
6717,0.016008,74.125.24.0-255,5738,258230,17,264100
6718,0.016017,172.31.36.0-255,66,258296,17,264100
6719,0.01828,74.125.24.0-255,5738,264034,17,264100
6720,0.018289,172.31.36.0-255,66,264100,17,264100
6721,0.0,172.217.194.0-255,150,150,17,252880
6722,2e-05,172.217.194.0-255,1484,1634,17,252880
6723,3.3e-05,172.31.36.0-255,66,1700,17,252880
6724,4.1e-05,172.217.194.0-255,2902,4602,17,252880
6725,4.5e-05,172.31.36.0-255,66,4668,17,252880
6726,5.3e-05,172.217.194.0-255,7156,11824,17,252880
6727,5.6e-05,172.31.36.0-255,66,11890,17,252880
6728,6.9e-05,172.31.36.0-255,66,11956,17,252880
6729,7.6e-05,172.217.194.0-255,5738,17694,17,252880
6730,7.9e-05,172.31.36.0-255,66,17760,17,252880
6731,0.000102,172.217.194.0-255,3961,21721,17,252880
6732,0.000105,172.31.36.0-255,66,21787,17,252880
6733,0.000154,172.217.194.0-255,1484,23271,17,252880
6734,0.00016,172.217.194.0-255,2902,26173,17,252880
6735,0.000162,172.31.36.0-255,66,26239,17,252880
6736,0.000184,172.217.194.0-255,5738,31977,17,252880
6737,0.000187,172.31.36.0-255,66,32043,17,252880
6738,0.00019,172.217.194.0-255,1484,33527,17,252880
6739,0.000212,172.217.194.0-255,5379,38906,17,252880
6740,0.000215,172.31.36.0-255,66,38972,17,252880
6741,0.000237,172.217.194.0-255,4320,43292,17,252880
6742,0.00024,172.31.36.0-255,66,43358,17,252880
6743,0.00027,172.31.36.0-255,66,43424,17,252880
6744,0.000275,172.217.194.0-255,2833,46257,17,252880
6745,0.000277,172.31.36.0-255,66,46323,17,252880
6746,0.000574,172.217.194.0-255,364,46687,17,252880
6747,0.000682,172.217.194.0-255,1484,48171,17,252880
6748,0.000687,172.31.36.0-255,66,48237,17,252880
6749,0.000691,172.217.194.0-255,1484,49721,17,252880
6750,0.000706,172.217.194.0-255,1484,51205,17,252880
6751,0.000708,172.31.36.0-255,66,51271,17,252880
6752,0.000715,172.217.194.0-255,5738,57009,17,252880
6753,0.000717,172.31.36.0-255,66,57075,17,252880
6754,0.000756,172.217.194.0-255,5738,62813,17,252880
6755,0.000759,172.31.36.0-255,66,62879,17,252880
6756,0.00078,172.217.194.0-255,1125,64004,17,252880
6757,0.000807,172.217.194.0-255,7156,71160,17,252880
6758,0.000811,172.31.36.0-255,66,71226,17,252880
6759,0.000814,172.217.194.0-255,1484,72710,17,252880
6760,0.000835,172.217.194.0-255,4320,77030,17,252880
6761,0.000838,172.31.36.0-255,66,77096,17,252880
6762,0.000855,172.217.194.0-255,3961,81057,17,252880
6763,0.000858,172.31.36.0-255,66,81123,17,252880
6764,0.001576,172.217.194.0-255,1484,82607,17,252880
6765,0.001586,172.217.194.0-255,2902,85509,17,252880
6766,0.00159,172.31.36.0-255,66,85575,17,252880
6767,0.001596,172.217.194.0-255,2902,88477,17,252880
6768,0.001598,172.31.36.0-255,66,88543,17,252880
6769,0.001614,172.217.194.0-255,2902,91445,17,252880
6770,0.001616,172.31.36.0-255,66,91511,17,252880
6771,0.001624,172.217.194.0-255,7156,98667,17,252880
6772,0.001626,172.31.36.0-255,66,98733,17,252880
6773,0.001646,172.217.194.0-255,5738,104471,17,252880
6774,0.001649,172.31.36.0-255,66,104537,17,252880
6775,0.001666,172.217.194.0-255,2902,107439,17,252880
6776,0.001668,172.31.36.0-255,66,107505,17,252880
6777,0.001704,172.31.36.0-255,66,107571,17,252880
6778,0.002038,172.217.194.0-255,1484,109055,17,252880
6779,0.002045,172.217.194.0-255,2902,111957,17,252880
6780,0.002049,172.31.36.0-255,66,112023,17,252880
6781,0.002057,172.217.194.0-255,5738,117761,17,252880
6782,0.002059,172.31.36.0-255,66,117827,17,252880
6783,0.002088,172.31.36.0-255,66,117893,17,252880
6784,0.002102,172.217.194.0-255,1484,119377,17,252880
6785,0.002109,172.217.194.0-255,5738,125115,17,252880
6786,0.002112,172.31.36.0-255,66,125181,17,252880
6787,0.002135,172.217.194.0-255,5020,130201,17,252880
6788,0.002138,172.31.36.0-255,66,130267,17,252880
6789,0.002145,172.217.194.0-255,5738,136005,17,252880
6790,0.002147,172.31.36.0-255,66,136071,17,252880
6791,0.002179,172.217.194.0-255,5738,141809,17,252880
6792,0.002182,172.31.36.0-255,66,141875,17,252880
6793,0.002199,172.31.36.0-255,66,141941,17,252880
6794,0.00221,172.31.36.0-255,66,142007,17,252880
6795,0.002277,172.217.194.0-255,1484,143491,17,252880
6796,0.002281,172.217.194.0-255,1484,144975,17,252880
6797,0.002284,172.31.36.0-255,66,145041,17,252880
6798,0.002306,172.217.194.0-255,1484,146525,17,252880
6799,0.002312,172.217.194.0-255,5738,152263,17,252880
6800,0.002315,172.31.36.0-255,66,152329,17,252880
6801,0.002323,172.217.194.0-255,7156,159485,17,252880
6802,0.002326,172.31.36.0-255,66,159551,17,252880
6803,0.002358,172.217.194.0-255,5738,165289,17,252880
6804,0.002361,172.31.36.0-255,66,165355,17,252880
6805,0.002372,172.31.36.0-255,66,165421,17,252880
6806,0.002385,172.217.194.0-255,2184,167605,17,252880
6807,0.002387,172.31.36.0-255,66,167671,17,252880
6808,0.002423,172.217.194.0-255,1484,169155,17,252880
6809,0.002428,172.217.194.0-255,2902,172057,17,252880
6810,0.002431,172.31.36.0-255,66,172123,17,252880
6811,0.002448,172.217.194.0-255,1484,173607,17,252880
6812,0.002451,172.217.194.0-255,1484,175091,17,252880
6813,0.002453,172.31.36.0-255,66,175157,17,252880
6814,0.002477,172.217.194.0-255,7156,182313,17,252880
6815,0.00248,172.31.36.0-255,66,182379,17,252880
6816,0.002491,172.217.194.0-255,5738,188117,17,252880
6817,0.002493,172.31.36.0-255,66,188183,17,252880
6818,0.002516,172.217.194.0-255,5738,193921,17,252880
6819,0.002519,172.31.36.0-255,66,193987,17,252880
6820,0.002525,172.217.194.0-255,5738,199725,17,252880
6821,0.002527,172.31.36.0-255,66,199791,17,252880
6822,0.002531,172.217.194.0-255,2184,201975,17,252880
6823,0.002534,172.31.36.0-255,66,202041,17,252880
6824,0.002583,172.217.194.0-255,1484,203525,17,252880
6825,0.002597,172.217.194.0-255,2902,206427,17,252880
6826,0.0026,172.31.36.0-255,66,206493,17,252880
6827,0.002607,172.217.194.0-255,5738,212231,17,252880
6828,0.002609,172.31.36.0-255,66,212297,17,252880
6829,0.002631,172.217.194.0-255,1484,213781,17,252880
6830,0.002634,172.31.36.0-255,78,213859,17,252880
6831,0.002648,172.31.36.0-255,66,213925,17,252880
6832,0.002652,172.217.194.0-255,2902,216827,17,252880
6833,0.002654,172.31.36.0-255,66,216893,17,252880
6834,0.002711,172.31.36.0-255,66,216959,17,252880
6835,0.002834,172.217.194.0-255,1484,218443,17,252880
6836,0.00284,172.217.194.0-255,2902,221345,17,252880
6837,0.002844,172.31.36.0-255,66,221411,17,252880
6838,0.002849,172.217.194.0-255,2902,224313,17,252880
6839,0.002851,172.31.36.0-255,66,224379,17,252880
6840,0.002877,172.217.194.0-255,2902,227281,17,252880
6841,0.002879,172.31.36.0-255,66,227347,17,252880
6842,0.002894,172.31.36.0-255,66,227413,17,252880
6843,0.002897,172.217.194.0-255,1484,228897,17,252880
6844,0.00293,172.31.36.0-255,66,228963,17,252880
6845,0.002934,172.217.194.0-255,1484,230447,17,252880
6846,0.002961,172.31.36.0-255,66,230513,17,252880
6847,0.002997,172.31.36.0-255,66,230579,17,252880
6848,0.003008,172.31.36.0-255,66,230645,17,252880
6849,0.003028,172.217.194.0-255,1484,232129,17,252880
6850,0.003042,172.217.194.0-255,2902,235031,17,252880
6851,0.003045,172.31.36.0-255,66,235097,17,252880
6852,0.003048,172.217.194.0-255,1484,236581,17,252880
6853,0.003069,172.217.194.0-255,5738,242319,17,252880
6854,0.003072,172.31.36.0-255,66,242385,17,252880
6855,0.003084,172.31.36.0-255,66,242451,17,252880
6856,0.003128,172.31.36.0-255,66,242517,17,252880
6857,0.003133,172.217.194.0-255,2902,245419,17,252880
6858,0.003135,172.31.36.0-255,66,245485,17,252880
6859,0.003142,172.217.194.0-255,6987,252472,17,252880
6860,0.003144,172.31.36.0-255,66,252538,17,252880
6861,0.003167,172.217.194.0-255,105,252643,17,252880
6862,0.009053,172.31.36.0-255,66,252709,17,252880
6863,0.00909,172.31.36.0-255,105,252814,17,252880
6864,0.011394,172.217.194.0-255,66,252880,17,252880
6865,0.0,74.125.68.0-255,219,219,17,373509
6866,2.9e-05,172.31.36.0-255,66,285,17,373509
6867,3.6e-05,74.125.68.0-255,1484,1769,17,373509
6868,4e-05,172.31.36.0-255,66,1835,17,373509
6869,4.6e-05,74.125.68.0-255,4320,6155,17,373509
6870,4.8e-05,172.31.36.0-255,66,6221,17,373509
6871,5.3e-05,74.125.68.0-255,2902,9123,17,373509
6872,5.5e-05,172.31.36.0-255,66,9189,17,373509
6873,6e-05,74.125.68.0-255,2902,12091,17,373509
6874,6.3e-05,172.31.36.0-255,66,12157,17,373509
6875,8.1e-05,74.125.68.0-255,1484,13641,17,373509
6876,8.3e-05,172.31.36.0-255,66,13707,17,373509
6877,9.8e-05,74.125.68.0-255,432,14139,17,373509
6878,0.0001,172.31.36.0-255,66,14205,17,373509
6879,0.00026,74.125.68.0-255,1484,15689,17,373509
6880,0.000264,172.31.36.0-255,66,15755,17,373509
6881,0.00027,74.125.68.0-255,2902,18657,17,373509
6882,0.000272,172.31.36.0-255,66,18723,17,373509
6883,0.000277,74.125.68.0-255,1484,20207,17,373509
6884,0.000278,172.31.36.0-255,66,20273,17,373509
6885,0.000308,74.125.68.0-255,4320,24593,17,373509
6886,0.000311,172.31.36.0-255,66,24659,17,373509
6887,0.000318,74.125.68.0-255,5738,30397,17,373509
6888,0.000321,172.31.36.0-255,66,30463,17,373509
6889,0.000344,74.125.68.0-255,1125,31588,17,373509
6890,0.000348,172.31.36.0-255,66,31654,17,373509
6891,0.000689,74.125.68.0-255,1484,33138,17,373509
6892,0.000694,172.31.36.0-255,66,33204,17,373509
6893,0.000704,74.125.68.0-255,2902,36106,17,373509
6894,0.000707,172.31.36.0-255,66,36172,17,373509
6895,0.000714,74.125.68.0-255,4320,40492,17,373509
6896,0.000716,172.31.36.0-255,66,40558,17,373509
6897,0.000737,74.125.68.0-255,1484,42042,17,373509
6898,0.000744,74.125.68.0-255,5738,47780,17,373509
6899,0.000747,172.31.36.0-255,66,47846,17,373509
6900,0.000754,74.125.68.0-255,6797,54643,17,373509
6901,0.000756,172.31.36.0-255,66,54709,17,373509
6902,0.000763,74.125.68.0-255,4320,59029,17,373509
6903,0.000765,172.31.36.0-255,66,59095,17,373509
6904,0.000778,74.125.68.0-255,4320,63415,17,373509
6905,0.000781,172.31.36.0-255,66,63481,17,373509
6906,0.000818,74.125.68.0-255,2882,66363,17,373509
6907,0.000822,172.31.36.0-255,66,66429,17,373509
6908,0.00095,74.125.68.0-255,1484,67913,17,373509
6909,0.000956,74.125.68.0-255,2902,70815,17,373509
6910,0.000961,172.31.36.0-255,66,70881,17,373509
6911,0.000964,74.125.68.0-255,1484,72365,17,373509
6912,0.000968,74.125.68.0-255,1484,73849,17,373509
6913,0.000969,172.31.36.0-255,66,73915,17,373509
6914,0.000981,74.125.68.0-255,1484,75399,17,373509
6915,0.000989,74.125.68.0-255,5738,81137,17,373509
6916,0.000992,172.31.36.0-255,66,81203,17,373509
6917,0.001012,74.125.68.0-255,4320,85523,17,373509
6918,0.001016,172.31.36.0-255,66,85589,17,373509
6919,0.001035,74.125.68.0-255,2543,88132,17,373509
6920,0.001038,172.31.36.0-255,66,88198,17,373509
6921,0.001045,74.125.68.0-255,7156,95354,17,373509
6922,0.001047,172.31.36.0-255,66,95420,17,373509
6923,0.001072,74.125.68.0-255,5379,100799,17,373509
6924,0.001184,172.31.36.0-255,66,100865,17,373509
6925,0.001585,74.125.68.0-255,1484,102349,17,373509
6926,0.001607,74.125.68.0-255,2902,105251,17,373509
6927,0.001611,172.31.36.0-255,66,105317,17,373509
6928,0.001618,74.125.68.0-255,4320,109637,17,373509
6929,0.00162,172.31.36.0-255,66,109703,17,373509
6930,0.001641,74.125.68.0-255,1484,111187,17,373509
6931,0.00165,74.125.68.0-255,7156,118343,17,373509
6932,0.001652,172.31.36.0-255,66,118409,17,373509
6933,0.001674,74.125.68.0-255,7156,125565,17,373509
6934,0.001677,172.31.36.0-255,66,125631,17,373509
6935,0.001705,172.31.36.0-255,66,125697,17,373509
6936,0.001708,74.125.68.0-255,766,126463,17,373509
6937,0.001873,74.125.68.0-255,1484,127947,17,373509
6938,0.001878,172.31.36.0-255,66,128013,17,373509
6939,0.001883,74.125.68.0-255,2902,130915,17,373509
6940,0.001885,172.31.36.0-255,66,130981,17,373509
6941,0.001899,74.125.68.0-255,2902,133883,17,373509
6942,0.001902,172.31.36.0-255,66,133949,17,373509
6943,0.001924,74.125.68.0-255,2902,136851,17,373509
6944,0.001927,172.31.36.0-255,66,136917,17,373509
6945,0.001932,74.125.68.0-255,4320,141237,17,373509
6946,0.001934,172.31.36.0-255,66,141303,17,373509
6947,0.00194,74.125.68.0-255,4320,145623,17,373509
6948,0.001942,172.31.36.0-255,66,145689,17,373509
6949,0.001962,74.125.68.0-255,1484,147173,17,373509
6950,0.001996,74.125.68.0-255,7156,154329,17,373509
6951,0.002,172.31.36.0-255,66,154395,17,373509
6952,0.002033,74.125.68.0-255,6438,160833,17,373509
6953,0.002038,172.31.36.0-255,66,160899,17,373509
6954,0.002158,74.125.68.0-255,1484,162383,17,373509
6955,0.002173,74.125.68.0-255,2902,165285,17,373509
6956,0.002177,172.31.36.0-255,66,165351,17,373509
6957,0.00218,74.125.68.0-255,1484,166835,17,373509
6958,0.002201,74.125.68.0-255,4320,171155,17,373509
6959,0.002203,172.31.36.0-255,66,171221,17,373509
6960,0.002234,74.125.68.0-255,5738,176959,17,373509
6961,0.002237,172.31.36.0-255,66,177025,17,373509
6962,0.002253,74.125.68.0-255,7156,184181,17,373509
6963,0.002257,172.31.36.0-255,66,184247,17,373509
6964,0.002298,172.31.36.0-255,66,184313,17,373509
6965,0.002358,74.125.68.0-255,1484,185797,17,373509
6966,0.002381,74.125.68.0-255,2902,188699,17,373509
6967,0.002385,172.31.36.0-255,66,188765,17,373509
6968,0.00239,74.125.68.0-255,2902,191667,17,373509
6969,0.002393,172.31.36.0-255,66,191733,17,373509
6970,0.002404,74.125.68.0-255,1484,193217,17,373509
6971,0.00243,74.125.68.0-255,7156,200373,17,373509
6972,0.002434,172.31.36.0-255,66,200439,17,373509
6973,0.002443,74.125.68.0-255,1484,201923,17,373509
6974,0.00246,74.125.68.0-255,7156,209079,17,373509
6975,0.002464,172.31.36.0-255,66,209145,17,373509
6976,0.002488,74.125.68.0-255,2902,212047,17,373509
6977,0.002491,172.31.36.0-255,66,212113,17,373509
6978,0.002498,74.125.68.0-255,6438,218551,17,373509
6979,0.0025,172.31.36.0-255,66,218617,17,373509
6980,0.002507,74.125.68.0-255,7156,225773,17,373509
6981,0.002509,172.31.36.0-255,66,225839,17,373509
6982,0.002527,74.125.68.0-255,2902,228741,17,373509
6983,0.00253,172.31.36.0-255,66,228807,17,373509
6984,0.002563,74.125.68.0-255,4320,233127,17,373509
6985,0.002578,74.125.68.0-255,4320,237447,17,373509
6986,0.002578,172.31.36.0-255,66,237513,17,373509
6987,0.002582,172.31.36.0-255,66,237579,17,373509
6988,0.002612,74.125.68.0-255,1484,239063,17,373509
6989,0.002628,74.125.68.0-255,1484,240547,17,373509
6990,0.002631,172.31.36.0-255,66,240613,17,373509
6991,0.002637,74.125.68.0-255,3602,244215,17,373509
6992,0.002639,172.31.36.0-255,66,244281,17,373509
6993,0.002658,74.125.68.0-255,4320,248601,17,373509
6994,0.00267,172.31.36.0-255,66,248667,17,373509
6995,0.002689,74.125.68.0-255,4320,252987,17,373509
6996,0.002695,74.125.68.0-255,5738,258725,17,373509
6997,0.002694,172.31.36.0-255,66,258791,17,373509
6998,0.00271,172.31.36.0-255,66,258857,17,373509
6999,0.002752,172.31.36.0-255,66,258923,17,373509
7000,0.002756,74.125.68.0-255,2902,261825,17,373509
7001,0.002762,74.125.68.0-255,5738,267563,17,373509
7002,0.002767,172.31.36.0-255,66,267629,17,373509
7003,0.002798,74.125.68.0-255,7156,274785,17,373509
7004,0.002803,172.31.36.0-255,66,274851,17,373509
7005,0.002824,74.125.68.0-255,3602,278453,17,373509
7006,0.002827,74.125.68.0-255,1484,279937,17,373509
7007,0.002828,172.31.36.0-255,66,280003,17,373509
7008,0.002829,74.125.68.0-255,1484,281487,17,373509
7009,0.002831,74.125.68.0-255,1484,282971,17,373509
7010,0.002836,172.31.36.0-255,66,283037,17,373509
7011,0.002892,74.125.68.0-255,7156,290193,17,373509
7012,0.002895,74.125.68.0-255,1484,291677,17,373509
7013,0.002896,172.31.36.0-255,66,291743,17,373509
7014,0.002913,172.31.36.0-255,66,291809,17,373509
7015,0.002915,74.125.68.0-255,1484,293293,17,373509
7016,0.002935,74.125.68.0-255,2184,295477,17,373509
7017,0.002947,172.31.36.0-255,66,295543,17,373509
7018,0.002951,74.125.68.0-255,4320,299863,17,373509
7019,0.002954,74.125.68.0-255,1484,301347,17,373509
7020,0.002961,172.31.36.0-255,66,301413,17,373509
7021,0.002969,74.125.68.0-255,4320,305733,17,373509
7022,0.002974,172.31.36.0-255,66,305799,17,373509
7023,0.002993,74.125.68.0-255,5738,311537,17,373509
7024,0.003,172.31.36.0-255,66,311603,17,373509
7025,0.003006,74.125.68.0-255,2902,314505,17,373509
7026,0.003013,74.125.68.0-255,7156,321661,17,373509
7027,0.003015,172.31.36.0-255,66,321727,17,373509
7028,0.003019,172.31.36.0-255,66,321793,17,373509
7029,0.003045,74.125.68.0-255,2902,324695,17,373509
7030,0.003048,172.31.36.0-255,66,324761,17,373509
7031,0.003054,74.125.68.0-255,3602,328363,17,373509
7032,0.003059,74.125.68.0-255,4320,332683,17,373509
7033,0.003074,172.31.36.0-255,66,332749,17,373509
7034,0.003087,74.125.68.0-255,5738,338487,17,373509
7035,0.003096,172.31.36.0-255,66,338553,17,373509
7036,0.003106,74.125.68.0-255,4320,342873,17,373509
7037,0.00311,74.125.68.0-255,2902,345775,17,373509
7038,0.003112,172.31.36.0-255,66,345841,17,373509
7039,0.003117,172.31.36.0-255,66,345907,17,373509
7040,0.003137,74.125.68.0-255,4320,350227,17,373509
7041,0.003139,74.125.68.0-255,1484,351711,17,373509
7042,0.003142,172.31.36.0-255,66,351777,17,373509
7043,0.003153,74.125.68.0-255,4320,356097,17,373509
7044,0.003157,74.125.68.0-255,2902,358999,17,373509
7045,0.003157,172.31.36.0-255,66,359065,17,373509
7046,0.003169,172.31.36.0-255,66,359131,17,373509
7047,0.003177,74.125.68.0-255,3602,362733,17,373509
7048,0.003189,172.31.36.0-255,66,362799,17,373509
7049,0.003224,74.125.68.0-255,1484,364283,17,373509
7050,0.003251,74.125.68.0-255,2902,367185,17,373509
7051,0.003263,172.31.36.0-255,66,367251,17,373509
7052,0.003283,74.125.68.0-255,2902,370153,17,373509
7053,0.003287,74.125.68.0-255,1484,371637,17,373509
7054,0.003288,172.31.36.0-255,66,371703,17,373509
7055,0.003306,74.125.68.0-255,1301,373004,17,373509
7056,0.003309,74.125.68.0-255,97,373101,17,373509
7057,0.00331,172.31.36.0-255,66,373167,17,373509
7058,0.00336,74.125.68.0-255,105,373272,17,373509
7059,0.004349,172.31.36.0-255,66,373338,17,373509
7060,0.004376,172.31.36.0-255,105,373443,17,373509
7061,0.006874,74.125.68.0-255,66,373509,17,373509
7062,0.0,74.125.24.0-255,153,153,17,168831
7063,2.3e-05,172.31.36.0-255,66,219,17,168831
7064,2.9e-05,74.125.24.0-255,1484,1703,17,168831
7065,3.3e-05,172.31.36.0-255,66,1769,17,168831
7066,3.9e-05,74.125.24.0-255,2902,4671,17,168831
7067,5e-05,172.31.36.0-255,66,4737,17,168831
7068,5.8e-05,74.125.24.0-255,7156,11893,17,168831
7069,6.1e-05,172.31.36.0-255,66,11959,17,168831
7070,6.5e-05,74.125.24.0-255,2011,13970,17,168831
7071,6.8e-05,172.31.36.0-255,66,14036,17,168831
7072,0.0001,74.125.24.0-255,2902,16938,17,168831
7073,0.000103,172.31.36.0-255,66,17004,17,168831
7074,0.000109,74.125.24.0-255,4320,21324,17,168831
7075,0.000112,172.31.36.0-255,66,21390,17,168831
7076,0.000141,74.125.24.0-255,2902,24292,17,168831
7077,0.000144,172.31.36.0-255,66,24358,17,168831
7078,0.000148,74.125.24.0-255,1484,25842,17,168831
7079,0.00015,172.31.36.0-255,66,25908,17,168831
7080,0.000175,74.125.24.0-255,5379,31287,17,168831
7081,0.000184,172.31.36.0-255,66,31353,17,168831
7082,0.00021,74.125.24.0-255,5738,37091,17,168831
7083,0.000213,172.31.36.0-255,66,37157,17,168831
7084,0.000218,74.125.24.0-255,4320,41477,17,168831
7085,0.00022,172.31.36.0-255,66,41543,17,168831
7086,0.000249,74.125.24.0-255,1484,43027,17,168831
7087,0.000252,172.31.36.0-255,66,43093,17,168831
7088,0.000264,172.31.36.0-255,66,43159,17,168831
7089,0.000295,74.125.24.0-255,5379,48538,17,168831
7090,0.000299,172.31.36.0-255,66,48604,17,168831
7091,0.000315,172.31.36.0-255,66,48670,17,168831
7092,0.000319,74.125.24.0-255,116,48786,17,168831
7093,0.000323,74.125.24.0-255,329,49115,17,168831
7094,0.000651,74.125.24.0-255,1484,50599,17,168831
7095,0.000656,172.31.36.0-255,66,50665,17,168831
7096,0.000662,74.125.24.0-255,2902,53567,17,168831
7097,0.000665,172.31.36.0-255,66,53633,17,168831
7098,0.00067,74.125.24.0-255,2902,56535,17,168831
7099,0.000672,172.31.36.0-255,66,56601,17,168831
7100,0.000722,74.125.24.0-255,2902,59503,17,168831
7101,0.000725,172.31.36.0-255,66,59569,17,168831
7102,0.000729,74.125.24.0-255,1484,61053,17,168831
7103,0.00075,172.31.36.0-255,66,61119,17,168831
7104,0.000788,172.31.36.0-255,66,61185,17,168831
7105,0.000811,74.125.24.0-255,766,61951,17,168831
7106,0.00105,172.31.36.0-255,66,62017,17,168831
7107,0.001095,74.125.24.0-255,1484,63501,17,168831
7108,0.001101,74.125.24.0-255,2902,66403,17,168831
7109,0.001104,172.31.36.0-255,66,66469,17,168831
7110,0.001139,74.125.24.0-255,5738,72207,17,168831
7111,0.001145,172.31.36.0-255,66,72273,17,168831
7112,0.00115,74.125.24.0-255,4320,76593,17,168831
7113,0.001153,172.31.36.0-255,66,76659,17,168831
7114,0.001173,172.31.36.0-255,66,76725,17,168831
7115,0.001213,172.31.36.0-255,66,76791,17,168831
7116,0.001218,74.125.24.0-255,2902,79693,17,168831
7117,0.001221,172.31.36.0-255,66,79759,17,168831
7118,0.001254,74.125.24.0-255,5738,85497,17,168831
7119,0.001258,172.31.36.0-255,66,85563,17,168831
7120,0.001269,172.31.36.0-255,66,85629,17,168831
7121,0.001304,74.125.24.0-255,4320,89949,17,168831
7122,0.001307,172.31.36.0-255,66,90015,17,168831
7123,0.001345,172.31.36.0-255,66,90081,17,168831
7124,0.00162,74.125.24.0-255,1484,91565,17,168831
7125,0.001638,74.125.24.0-255,2902,94467,17,168831
7126,0.001642,172.31.36.0-255,66,94533,17,168831
7127,0.001649,74.125.24.0-255,5738,100271,17,168831
7128,0.001652,172.31.36.0-255,66,100337,17,168831
7129,0.001664,74.125.24.0-255,5738,106075,17,168831
7130,0.001666,172.31.36.0-255,66,106141,17,168831
7131,0.001696,74.125.24.0-255,7156,113297,17,168831
7132,0.001706,172.31.36.0-255,66,113363,17,168831
7133,0.001718,172.31.36.0-255,66,113429,17,168831
7134,0.001993,74.125.24.0-255,1484,114913,17,168831
7135,0.002002,74.125.24.0-255,2902,117815,17,168831
7136,0.002007,172.31.36.0-255,66,117881,17,168831
7137,0.002014,74.125.24.0-255,5738,123619,17,168831
7138,0.002017,172.31.36.0-255,66,123685,17,168831
7139,0.002035,172.31.36.0-255,66,123751,17,168831
7140,0.002067,74.125.24.0-255,4320,128071,17,168831
7141,0.00207,172.31.36.0-255,66,128137,17,168831
7142,0.002088,172.31.36.0-255,66,128203,17,168831
7143,0.004297,74.125.24.0-255,5738,133941,17,168831
7144,0.004304,172.31.36.0-255,66,134007,17,168831
7145,0.006547,74.125.24.0-255,5738,139745,17,168831
7146,0.006551,172.31.36.0-255,66,139811,17,168831
7147,0.008781,74.125.24.0-255,5738,145549,17,168831
7148,0.008793,172.31.36.0-255,66,145615,17,168831
7149,0.011037,74.125.24.0-255,5738,151353,17,168831
7150,0.011045,172.31.36.0-255,66,151419,17,168831
7151,0.013317,74.125.24.0-255,5738,157157,17,168831
7152,0.013324,172.31.36.0-255,66,157223,17,168831
7153,0.015582,74.125.24.0-255,5738,162961,17,168831
7154,0.01559,172.31.36.0-255,66,163027,17,168831
7155,0.017848,74.125.24.0-255,5738,168765,17,168831
7156,0.017858,172.31.36.0-255,66,168831,17,168831
7157,0.0,74.125.24.0-255,152,152,17,115766
7158,2.5e-05,172.31.36.0-255,66,218,17,115766
7159,3.2e-05,74.125.24.0-255,1484,1702,17,115766
7160,3.6e-05,172.31.36.0-255,66,1768,17,115766
7161,4.7e-05,74.125.24.0-255,2902,4670,17,115766
7162,5.1e-05,172.31.36.0-255,66,4736,17,115766
7163,5.8e-05,74.125.24.0-255,7156,11892,17,115766
7164,6e-05,172.31.36.0-255,66,11958,17,115766
7165,9.4e-05,74.125.24.0-255,2037,13995,17,115766
7166,9.7e-05,172.31.36.0-255,66,14061,17,115766
7167,0.00017,74.125.24.0-255,1484,15545,17,115766
7168,0.000174,172.31.36.0-255,66,15611,17,115766
7169,0.000179,74.125.24.0-255,2902,18513,17,115766
7170,0.000181,172.31.36.0-255,66,18579,17,115766
7171,0.000199,74.125.24.0-255,2902,21481,17,115766
7172,0.000202,172.31.36.0-255,66,21547,17,115766
7173,0.000225,74.125.24.0-255,2902,24449,17,115766
7174,0.000228,172.31.36.0-255,66,24515,17,115766
7175,0.000233,74.125.24.0-255,4320,28835,17,115766
7176,0.000235,172.31.36.0-255,66,28901,17,115766
7177,0.000258,74.125.24.0-255,2543,31444,17,115766
7178,0.000266,172.31.36.0-255,66,31510,17,115766
7179,0.000451,74.125.24.0-255,1484,32994,17,115766
7180,0.000456,172.31.36.0-255,66,33060,17,115766
7181,0.000459,74.125.24.0-255,1484,34544,17,115766
7182,0.000462,172.31.36.0-255,66,34610,17,115766
7183,0.000481,74.125.24.0-255,1484,36094,17,115766
7184,0.000485,172.31.36.0-255,66,36160,17,115766
7185,0.000487,74.125.24.0-255,5738,41898,17,115766
7186,0.000489,172.31.36.0-255,66,41964,17,115766
7187,0.000502,74.125.24.0-255,6797,48761,17,115766
7188,0.000504,172.31.36.0-255,66,48827,17,115766
7189,0.000509,74.125.24.0-255,2902,51729,17,115766
7190,0.000511,172.31.36.0-255,66,51795,17,115766
7191,0.000559,172.31.36.0-255,66,51861,17,115766
7192,0.000563,74.125.24.0-255,2543,54404,17,115766
7193,0.000565,172.31.36.0-255,66,54470,17,115766
7194,0.00059,74.125.24.0-255,412,54882,17,115766
7195,0.000629,74.125.24.0-255,330,55212,17,115766
7196,0.000795,172.31.36.0-255,66,55278,17,115766
7197,0.002474,74.125.24.0-255,1484,56762,17,115766
7198,0.002494,74.125.24.0-255,2902,59664,17,115766
7199,0.002499,172.31.36.0-255,66,59730,17,115766
7200,0.002506,74.125.24.0-255,5738,65468,17,115766
7201,0.002508,172.31.36.0-255,66,65534,17,115766
7202,0.002521,74.125.24.0-255,7156,72690,17,115766
7203,0.002524,172.31.36.0-255,66,72756,17,115766
7204,0.002571,74.125.24.0-255,4320,77076,17,115766
7205,0.002574,172.31.36.0-255,66,77142,17,115766
7206,0.00261,172.31.36.0-255,66,77208,17,115766
7207,0.002644,74.125.24.0-255,3602,80810,17,115766
7208,0.002647,172.31.36.0-255,66,80876,17,115766
7209,0.005259,74.125.24.0-255,1484,82360,17,115766
7210,0.005296,74.125.24.0-255,4320,86680,17,115766
7211,0.005301,172.31.36.0-255,66,86746,17,115766
7212,0.007973,74.125.24.0-255,5738,92484,17,115766
7213,0.007979,172.31.36.0-255,66,92550,17,115766
7214,0.010654,74.125.24.0-255,5738,98288,17,115766
7215,0.010663,172.31.36.0-255,66,98354,17,115766
7216,0.013344,74.125.24.0-255,5738,104092,17,115766
7217,0.013353,172.31.36.0-255,66,104158,17,115766
7218,0.016045,74.125.24.0-255,5738,109896,17,115766
7219,0.016055,172.31.36.0-255,66,109962,17,115766
7220,0.018722,74.125.24.0-255,5738,115700,17,115766
7221,0.01873,172.31.36.0-255,66,115766,17,115766
7222,0.0,74.125.24.0-255,143,143,17,129077
7223,2.3e-05,172.31.36.0-255,66,209,17,129077
7224,3e-05,74.125.24.0-255,1484,1693,17,129077
7225,3.4e-05,172.31.36.0-255,66,1759,17,129077
7226,4e-05,74.125.24.0-255,2902,4661,17,129077
7227,4.3e-05,172.31.36.0-255,66,4727,17,129077
7228,5.3e-05,74.125.24.0-255,1484,6211,17,129077
7229,5.5e-05,172.31.36.0-255,66,6277,17,129077
7230,6.7e-05,172.31.36.0-255,66,6343,17,129077
7231,7.1e-05,74.125.24.0-255,2902,9245,17,129077
7232,7.4e-05,172.31.36.0-255,66,9311,17,129077
7233,0.00011,172.31.36.0-255,66,9377,17,129077
7234,0.000115,74.125.24.0-255,3961,13338,17,129077
7235,0.000118,172.31.36.0-255,66,13404,17,129077
7236,0.001354,74.125.24.0-255,1484,14888,17,129077
7237,0.001362,172.31.36.0-255,66,14954,17,129077
7238,0.001374,74.125.24.0-255,2902,17856,17,129077
7239,0.001382,172.31.36.0-255,66,17922,17,129077
7240,0.001386,74.125.24.0-255,1484,19406,17,129077
7241,0.001388,172.31.36.0-255,66,19472,17,129077
7242,0.001393,74.125.24.0-255,2902,22374,17,129077
7243,0.001395,172.31.36.0-255,66,22440,17,129077
7244,0.001402,74.125.24.0-255,5738,28178,17,129077
7245,0.001404,172.31.36.0-255,66,28244,17,129077
7246,0.001439,74.125.24.0-255,7156,35400,17,129077
7247,0.001441,172.31.36.0-255,66,35466,17,129077
7248,0.001468,74.125.24.0-255,2902,38368,17,129077
7249,0.00147,172.31.36.0-255,66,38434,17,129077
7250,0.001498,172.31.36.0-255,66,38500,17,129077
7251,0.001523,74.125.24.0-255,766,39266,17,129077
7252,0.002112,74.125.24.0-255,410,39676,17,129077
7253,0.002155,74.125.24.0-255,1484,41160,17,129077
7254,0.002158,172.31.36.0-255,66,41226,17,129077
7255,0.002164,74.125.24.0-255,4320,45546,17,129077
7256,0.002167,172.31.36.0-255,66,45612,17,129077
7257,0.002212,172.31.36.0-255,66,45678,17,129077
7258,0.002223,172.31.36.0-255,66,45744,17,129077
7259,0.002259,74.125.24.0-255,7156,52900,17,129077
7260,0.002262,172.31.36.0-255,66,52966,17,129077
7261,0.002267,74.125.24.0-255,2184,55150,17,129077
7262,0.002269,172.31.36.0-255,66,55216,17,129077
7263,0.002323,74.125.24.0-255,1484,56700,17,129077
7264,0.002327,74.125.24.0-255,2902,59602,17,129077
7265,0.00233,172.31.36.0-255,66,59668,17,129077
7266,0.002335,74.125.24.0-255,4320,63988,17,129077
7267,0.002338,172.31.36.0-255,66,64054,17,129077
7268,0.002369,172.31.36.0-255,66,64120,17,129077
7269,0.002394,74.125.24.0-255,2902,67022,17,129077
7270,0.002396,172.31.36.0-255,66,67088,17,129077
7271,0.002434,172.31.36.0-255,66,67154,17,129077
7272,0.002446,172.31.36.0-255,66,67220,17,129077
7273,0.002478,74.125.24.0-255,7156,74376,17,129077
7274,0.002481,172.31.36.0-255,66,74442,17,129077
7275,0.002484,74.125.24.0-255,1484,75926,17,129077
7276,0.002489,74.125.24.0-255,2902,78828,17,129077
7277,0.002492,172.31.36.0-255,66,78894,17,129077
7278,0.002503,74.125.24.0-255,5738,84632,17,129077
7279,0.002506,172.31.36.0-255,66,84698,17,129077
7280,0.002511,74.125.24.0-255,4320,89018,17,129077
7281,0.002514,172.31.36.0-255,66,89084,17,129077
7282,0.00255,74.125.24.0-255,1871,90955,17,129077
7283,0.002552,172.31.36.0-255,66,91021,17,129077
7284,0.002593,74.125.24.0-255,2902,93923,17,129077
7285,0.002595,172.31.36.0-255,66,93989,17,129077
7286,0.005087,74.125.24.0-255,2902,96891,17,129077
7287,0.005092,172.31.36.0-255,66,96957,17,129077
7288,0.005141,74.125.24.0-255,2902,99859,17,129077
7289,0.005143,172.31.36.0-255,66,99925,17,129077
7290,0.007646,74.125.24.0-255,2902,102827,17,129077
7291,0.007653,172.31.36.0-255,66,102893,17,129077
7292,0.007684,74.125.24.0-255,2902,105795,17,129077
7293,0.007687,172.31.36.0-255,66,105861,17,129077
7294,0.010214,74.125.24.0-255,5738,111599,17,129077
7295,0.010223,172.31.36.0-255,66,111665,17,129077
7296,0.012775,74.125.24.0-255,5738,117403,17,129077
7297,0.012786,172.31.36.0-255,66,117469,17,129077
7298,0.015351,74.125.24.0-255,5738,123207,17,129077
7299,0.015361,172.31.36.0-255,66,123273,17,129077
7300,0.017918,74.125.24.0-255,5738,129011,17,129077
7301,0.017925,172.31.36.0-255,66,129077,17,129077
7302,0.0,74.125.24.0-255,153,153,17,215166
7303,2.7e-05,74.125.24.0-255,1484,1637,17,215166
7304,3.5e-05,172.31.36.0-255,66,1703,17,215166
7305,4.2e-05,74.125.24.0-255,2902,4605,17,215166
7306,4.5e-05,172.31.36.0-255,66,4671,17,215166
7307,7.6e-05,74.125.24.0-255,7156,11827,17,215166
7308,8.4e-05,172.31.36.0-255,66,11893,17,215166
7309,8.9e-05,74.125.24.0-255,2030,13923,17,215166
7310,9.1e-05,172.31.36.0-255,66,13989,17,215166
7311,0.000136,74.125.24.0-255,5738,19727,17,215166
7312,0.00014,172.31.36.0-255,66,19793,17,215166
7313,0.000171,74.125.24.0-255,5738,25531,17,215166
7314,0.000176,172.31.36.0-255,66,25597,17,215166
7315,0.000204,74.125.24.0-255,5379,30976,17,215166
7316,0.000207,172.31.36.0-255,66,31042,17,215166
7317,0.000262,74.125.24.0-255,1484,32526,17,215166
7318,0.000265,74.125.24.0-255,1484,34010,17,215166
7319,0.000268,172.31.36.0-255,66,34076,17,215166
7320,0.000279,74.125.24.0-255,1484,35560,17,215166
7321,0.000289,74.125.24.0-255,1484,37044,17,215166
7322,0.000291,172.31.36.0-255,66,37110,17,215166
7323,0.000318,74.125.24.0-255,2902,40012,17,215166
7324,0.000321,172.31.36.0-255,66,40078,17,215166
7325,0.000344,74.125.24.0-255,1484,41562,17,215166
7326,0.00035,74.125.24.0-255,4320,45882,17,215166
7327,0.000352,172.31.36.0-255,66,45948,17,215166
7328,0.000357,74.125.24.0-255,2902,48850,17,215166
7329,0.00036,172.31.36.0-255,66,48916,17,215166
7330,0.000393,172.31.36.0-255,66,48982,17,215166
7331,0.0004,74.125.24.0-255,5738,54720,17,215166
7332,0.000403,172.31.36.0-255,66,54786,17,215166
7333,0.000405,74.125.24.0-255,1400,56186,17,215166
7334,0.000408,74.125.24.0-255,129,56315,17,215166
7335,0.000448,74.125.24.0-255,348,56663,17,215166
7336,0.000451,172.31.36.0-255,66,56729,17,215166
7337,0.001223,74.125.24.0-255,1484,58213,17,215166
7338,0.001234,74.125.24.0-255,2902,61115,17,215166
7339,0.001238,172.31.36.0-255,66,61181,17,215166
7340,0.001245,74.125.24.0-255,2902,64083,17,215166
7341,0.001247,172.31.36.0-255,66,64149,17,215166
7342,0.001269,74.125.24.0-255,2902,67051,17,215166
7343,0.001275,172.31.36.0-255,66,67117,17,215166
7344,0.001279,74.125.24.0-255,1484,68601,17,215166
7345,0.001315,172.31.36.0-255,66,68667,17,215166
7346,0.001342,74.125.24.0-255,1484,70151,17,215166
7347,0.001358,74.125.24.0-255,2902,73053,17,215166
7348,0.001361,172.31.36.0-255,66,73119,17,215166
7349,0.001394,172.31.36.0-255,66,73185,17,215166
7350,0.001787,74.125.24.0-255,1484,74669,17,215166
7351,0.001799,74.125.24.0-255,2902,77571,17,215166
7352,0.001802,172.31.36.0-255,66,77637,17,215166
7353,0.001828,74.125.24.0-255,5738,83375,17,215166
7354,0.00183,172.31.36.0-255,66,83441,17,215166
7355,0.001835,74.125.24.0-255,4320,87761,17,215166
7356,0.001837,172.31.36.0-255,66,87827,17,215166
7357,0.001865,74.125.24.0-255,2902,90729,17,215166
7358,0.001867,172.31.36.0-255,66,90795,17,215166
7359,0.001903,172.31.36.0-255,66,90861,17,215166
7360,0.001907,74.125.24.0-255,2184,93045,17,215166
7361,0.001909,172.31.36.0-255,66,93111,17,215166
7362,0.002346,74.125.24.0-255,1484,94595,17,215166
7363,0.002362,74.125.24.0-255,2902,97497,17,215166
7364,0.002366,172.31.36.0-255,66,97563,17,215166
7365,0.002372,74.125.24.0-255,5738,103301,17,215166
7366,0.002375,172.31.36.0-255,66,103367,17,215166
7367,0.002392,74.125.24.0-255,1484,104851,17,215166
7368,0.002425,172.31.36.0-255,66,104917,17,215166
7369,0.002446,74.125.24.0-255,1484,106401,17,215166
7370,0.002467,74.125.24.0-255,7156,113557,17,215166
7371,0.00247,172.31.36.0-255,66,113623,17,215166
7372,0.002493,74.125.24.0-255,2184,115807,17,215166
7373,0.002496,172.31.36.0-255,66,115873,17,215166
7374,0.002508,172.31.36.0-255,66,115939,17,215166
7375,0.002514,74.125.24.0-255,7156,123095,17,215166
7376,0.002517,172.31.36.0-255,66,123161,17,215166
7377,0.0026,172.31.36.0-255,66,123227,17,215166
7378,0.002604,74.125.24.0-255,2902,126129,17,215166
7379,0.002606,172.31.36.0-255,66,126195,17,215166
7380,0.002649,172.31.36.0-255,66,126261,17,215166
7381,0.002654,74.125.24.0-255,4320,130581,17,215166
7382,0.002656,172.31.36.0-255,66,130647,17,215166
7383,0.002674,74.125.24.0-255,2184,132831,17,215166
7384,0.002676,172.31.36.0-255,66,132897,17,215166
7385,0.002702,74.125.24.0-255,1484,134381,17,215166
7386,0.00272,74.125.24.0-255,2902,137283,17,215166
7387,0.002722,172.31.36.0-255,66,137349,17,215166
7388,0.002741,74.125.24.0-255,5738,143087,17,215166
7389,0.002743,172.31.36.0-255,66,143153,17,215166
7390,0.002747,74.125.24.0-255,1484,144637,17,215166
7391,0.002767,74.125.24.0-255,2902,147539,17,215166
7392,0.002769,172.31.36.0-255,66,147605,17,215166
7393,0.00278,74.125.24.0-255,1484,149089,17,215166
7394,0.002798,74.125.24.0-255,1484,150573,17,215166
7395,0.0028,172.31.36.0-255,66,150639,17,215166
7396,0.002813,74.125.24.0-255,1484,152123,17,215166
7397,0.002833,172.31.36.0-255,66,152189,17,215166
7398,0.002865,74.125.24.0-255,5738,157927,17,215166
7399,0.002867,172.31.36.0-255,66,157993,17,215166
7400,0.002869,74.125.24.0-255,766,158759,17,215166
7401,0.002872,74.125.24.0-255,1484,160243,17,215166
7402,0.002874,172.31.36.0-255,66,160309,17,215166
7403,0.002878,74.125.24.0-255,2902,163211,17,215166
7404,0.00288,172.31.36.0-255,66,163277,17,215166
7405,0.002887,74.125.24.0-255,1484,164761,17,215166
7406,0.002918,74.125.24.0-255,4320,169081,17,215166
7407,0.00292,172.31.36.0-255,66,169147,17,215166
7408,0.002923,74.125.24.0-255,1484,170631,17,215166
7409,0.002926,74.125.24.0-255,1484,172115,17,215166
7410,0.002927,172.31.36.0-255,66,172181,17,215166
7411,0.002958,74.125.24.0-255,4320,176501,17,215166
7412,0.00296,172.31.36.0-255,66,176567,17,215166
7413,0.002979,74.125.24.0-255,7156,183723,17,215166
7414,0.002981,172.31.36.0-255,66,183789,17,215166
7415,0.003013,74.125.24.0-255,7156,190945,17,215166
7416,0.003015,172.31.36.0-255,66,191011,17,215166
7417,0.003039,74.125.24.0-255,2184,193195,17,215166
7418,0.003041,172.31.36.0-255,66,193261,17,215166
7419,0.003046,74.125.24.0-255,2902,196163,17,215166
7420,0.003048,172.31.36.0-255,66,196229,17,215166
7421,0.003051,74.125.24.0-255,1484,197713,17,215166
7422,0.003064,172.31.36.0-255,66,197779,17,215166
7423,0.003086,74.125.24.0-255,1484,199263,17,215166
7424,0.003101,172.31.36.0-255,66,199329,17,215166
7425,0.003103,74.125.24.0-255,1484,200813,17,215166
7426,0.003113,172.31.36.0-255,66,200879,17,215166
7427,0.003116,74.125.24.0-255,1484,202363,17,215166
7428,0.003148,172.31.36.0-255,66,202429,17,215166
7429,0.003163,172.31.36.0-255,66,202495,17,215166
7430,0.003185,74.125.24.0-255,4320,206815,17,215166
7431,0.003191,172.31.36.0-255,66,206881,17,215166
7432,0.003204,172.31.36.0-255,66,206947,17,215166
7433,0.003216,172.31.36.0-255,66,207013,17,215166
7434,0.003295,172.31.36.0-255,66,207079,17,215166
7435,0.003314,74.125.24.0-255,5020,212099,17,215166
7436,0.003316,172.31.36.0-255,66,212165,17,215166
7437,0.00332,74.125.24.0-255,2492,214657,17,215166
7438,0.003322,172.31.36.0-255,66,214723,17,215166
7439,0.003325,74.125.24.0-255,105,214828,17,215166
7440,0.006465,172.31.36.0-255,101,214929,17,215166
7441,0.008284,172.31.36.0-255,105,215034,17,215166
7442,0.009242,74.125.24.0-255,66,215100,17,215166
7443,0.010938,74.125.24.0-255,66,215166,17,215166
7444,0.0,74.125.200.0-255,153,153,17,171883
7445,2.2e-05,172.31.36.0-255,66,219,17,171883
7446,2.9e-05,74.125.200.0-255,1484,1703,17,171883
7447,3.3e-05,172.31.36.0-255,66,1769,17,171883
7448,3.9e-05,74.125.200.0-255,2902,4671,17,171883
7449,4.2e-05,172.31.36.0-255,66,4737,17,171883
7450,4.7e-05,74.125.200.0-255,4320,9057,17,171883
7451,5e-05,172.31.36.0-255,66,9123,17,171883
7452,6.9e-05,74.125.200.0-255,2902,12025,17,171883
7453,7.2e-05,172.31.36.0-255,66,12091,17,171883
7454,9.6e-05,74.125.200.0-255,2086,14177,17,171883
7455,9.9e-05,172.31.36.0-255,66,14243,17,171883
7456,0.000218,74.125.200.0-255,1484,15727,17,171883
7457,0.000221,172.31.36.0-255,66,15793,17,171883
7458,0.000241,74.125.200.0-255,2902,18695,17,171883
7459,0.000243,172.31.36.0-255,66,18761,17,171883
7460,0.000247,74.125.200.0-255,2902,21663,17,171883
7461,0.000249,172.31.36.0-255,66,21729,17,171883
7462,0.000271,74.125.200.0-255,1484,23213,17,171883
7463,0.000273,172.31.36.0-255,66,23279,17,171883
7464,0.000279,74.125.200.0-255,5738,29017,17,171883
7465,0.000281,172.31.36.0-255,66,29083,17,171883
7466,0.000313,74.125.200.0-255,2902,31985,17,171883
7467,0.000315,172.31.36.0-255,66,32051,17,171883
7468,0.000337,74.125.200.0-255,6797,38848,17,171883
7469,0.000339,172.31.36.0-255,66,38914,17,171883
7470,0.000375,74.125.200.0-255,5738,44652,17,171883
7471,0.000377,172.31.36.0-255,66,44718,17,171883
7472,0.000391,74.125.200.0-255,4320,49038,17,171883
7473,0.000393,172.31.36.0-255,66,49104,17,171883
7474,0.000433,74.125.200.0-255,4320,53424,17,171883
7475,0.000435,172.31.36.0-255,66,53490,17,171883
7476,0.00045,74.125.200.0-255,5738,59228,17,171883
7477,0.000453,172.31.36.0-255,66,59294,17,171883
7478,0.000466,74.125.200.0-255,1484,60778,17,171883
7479,0.00051,74.125.200.0-255,1484,62262,17,171883
7480,0.000513,172.31.36.0-255,66,62328,17,171883
7481,0.000535,74.125.200.0-255,3894,66222,17,171883
7482,0.000537,172.31.36.0-255,66,66288,17,171883
7483,0.00054,74.125.200.0-255,415,66703,17,171883
7484,0.000671,74.125.200.0-255,1484,68187,17,171883
7485,0.000675,172.31.36.0-255,66,68253,17,171883
7486,0.000678,74.125.200.0-255,1484,69737,17,171883
7487,0.000692,74.125.200.0-255,1484,71221,17,171883
7488,0.000694,74.125.200.0-255,1484,72705,17,171883
7489,0.000697,172.31.36.0-255,66,72771,17,171883
7490,0.000713,74.125.200.0-255,4320,77091,17,171883
7491,0.000715,172.31.36.0-255,66,77157,17,171883
7492,0.000742,74.125.200.0-255,7156,84313,17,171883
7493,0.000744,172.31.36.0-255,66,84379,17,171883
7494,0.000769,74.125.200.0-255,1484,85863,17,171883
7495,0.000793,172.31.36.0-255,66,85929,17,171883
7496,0.000867,74.125.200.0-255,4320,90249,17,171883
7497,0.00087,172.31.36.0-255,66,90315,17,171883
7498,0.000882,74.125.200.0-255,766,91081,17,171883
7499,0.001368,172.31.36.0-255,66,91147,17,171883
7500,0.001874,74.125.200.0-255,1484,92631,17,171883
7501,0.001885,74.125.200.0-255,2902,95533,17,171883
7502,0.00189,172.31.36.0-255,66,95599,17,171883
7503,0.001938,74.125.200.0-255,4320,99919,17,171883
7504,0.001941,172.31.36.0-255,66,99985,17,171883
7505,0.001959,74.125.200.0-255,1484,101469,17,171883
7506,0.001966,74.125.200.0-255,7156,108625,17,171883
7507,0.001968,172.31.36.0-255,66,108691,17,171883
7508,0.001997,74.125.200.0-255,4320,113011,17,171883
7509,0.002,172.31.36.0-255,66,113077,17,171883
7510,0.002015,74.125.200.0-255,4320,117397,17,171883
7511,0.002018,172.31.36.0-255,66,117463,17,171883
7512,0.002038,74.125.200.0-255,1484,118947,17,171883
7513,0.002056,74.125.200.0-255,6438,125385,17,171883
7514,0.002059,172.31.36.0-255,66,125451,17,171883
7515,0.004085,74.125.200.0-255,5738,131189,17,171883
7516,0.004089,172.31.36.0-255,66,131255,17,171883
7517,0.006113,74.125.200.0-255,5738,136993,17,171883
7518,0.006117,172.31.36.0-255,66,137059,17,171883
7519,0.008145,74.125.200.0-255,5738,142797,17,171883
7520,0.008154,172.31.36.0-255,66,142863,17,171883
7521,0.010193,74.125.200.0-255,5738,148601,17,171883
7522,0.010204,172.31.36.0-255,66,148667,17,171883
7523,0.012228,74.125.200.0-255,5738,154405,17,171883
7524,0.01224,172.31.36.0-255,66,154471,17,171883
7525,0.014278,74.125.200.0-255,5738,160209,17,171883
7526,0.014288,172.31.36.0-255,66,160275,17,171883
7527,0.016357,74.125.200.0-255,5738,166013,17,171883
7528,0.016365,172.31.36.0-255,66,166079,17,171883
7529,0.018406,74.125.200.0-255,5738,171817,17,171883
7530,0.018413,172.31.36.0-255,66,171883,17,171883
7531,0.0,172.217.194.0-255,153,153,17,213603
7532,1e-05,172.31.36.0-255,66,219,17,213603
7533,4.2e-05,172.217.194.0-255,1484,1703,17,213603
7534,4.6e-05,172.31.36.0-255,66,1769,17,213603
7535,5.2e-05,172.217.194.0-255,2902,4671,17,213603
7536,5.6e-05,172.31.36.0-255,66,4737,17,213603
7537,6.1e-05,172.217.194.0-255,4320,9057,17,213603
7538,6.4e-05,172.31.36.0-255,66,9123,17,213603
7539,0.000108,172.31.36.0-255,66,9189,17,213603
7540,0.000119,172.31.36.0-255,66,9255,17,213603
7541,0.000157,172.217.194.0-255,3961,13216,17,213603
7542,0.000159,172.31.36.0-255,66,13282,17,213603
7543,0.000187,172.217.194.0-255,4320,17602,17,213603
7544,0.000189,172.31.36.0-255,66,17668,17,213603
7545,0.000193,172.217.194.0-255,1484,19152,17,213603
7546,0.000195,172.31.36.0-255,66,19218,17,213603
7547,0.000233,172.31.36.0-255,66,19284,17,213603
7548,0.000238,172.217.194.0-255,3961,23245,17,213603
7549,0.000241,172.31.36.0-255,66,23311,17,213603
7550,0.000258,172.31.36.0-255,66,23377,17,213603
7551,0.000288,172.217.194.0-255,116,23493,17,213603
7552,0.000291,172.31.36.0-255,66,23559,17,213603
7553,0.000355,172.217.194.0-255,382,23941,17,213603
7554,0.00036,172.31.36.0-255,66,24007,17,213603
7555,0.00069,172.217.194.0-255,1484,25491,17,213603
7556,0.000696,172.31.36.0-255,66,25557,17,213603
7557,0.000702,172.217.194.0-255,2902,28459,17,213603
7558,0.000705,172.31.36.0-255,66,28525,17,213603
7559,0.000717,172.217.194.0-255,5738,34263,17,213603
7560,0.000719,172.31.36.0-255,66,34329,17,213603
7561,0.000722,172.217.194.0-255,1484,35813,17,213603
7562,0.000752,172.217.194.0-255,4320,40133,17,213603
7563,0.000755,172.31.36.0-255,66,40199,17,213603
7564,0.00077,172.31.36.0-255,66,40265,17,213603
7565,0.000776,172.217.194.0-255,5020,45285,17,213603
7566,0.000779,172.31.36.0-255,66,45351,17,213603
7567,0.000881,172.217.194.0-255,1484,46835,17,213603
7568,0.000889,172.217.194.0-255,2902,49737,17,213603
7569,0.000892,172.31.36.0-255,66,49803,17,213603
7570,0.000897,172.217.194.0-255,2902,52705,17,213603
7571,0.0009,172.31.36.0-255,66,52771,17,213603
7572,0.000928,172.217.194.0-255,2902,55673,17,213603
7573,0.000931,172.31.36.0-255,66,55739,17,213603
7574,0.000946,172.31.36.0-255,66,55805,17,213603
7575,0.000974,172.217.194.0-255,5738,61543,17,213603
7576,0.000977,172.31.36.0-255,66,61609,17,213603
7577,0.001014,172.31.36.0-255,66,61675,17,213603
7578,0.001021,172.217.194.0-255,5738,67413,17,213603
7579,0.001023,172.31.36.0-255,66,67479,17,213603
7580,0.001069,172.31.36.0-255,66,67545,17,213603
7581,0.001084,172.31.36.0-255,66,67611,17,213603
7582,0.001091,172.217.194.0-255,6438,74049,17,213603
7583,0.001096,172.31.36.0-255,66,74115,17,213603
7584,0.001261,172.217.194.0-255,1484,75599,17,213603
7585,0.001266,172.217.194.0-255,2902,78501,17,213603
7586,0.001272,172.31.36.0-255,66,78567,17,213603
7587,0.001305,172.217.194.0-255,5738,84305,17,213603
7588,0.001307,172.31.36.0-255,66,84371,17,213603
7589,0.001355,172.31.36.0-255,66,84437,17,213603
7590,0.001375,172.217.194.0-255,1484,85921,17,213603
7591,0.001389,172.31.36.0-255,66,85987,17,213603
7592,0.001752,172.217.194.0-255,1484,87471,17,213603
7593,0.001759,172.217.194.0-255,2902,90373,17,213603
7594,0.001762,172.31.36.0-255,66,90439,17,213603
7595,0.001767,172.217.194.0-255,2902,93341,17,213603
7596,0.001769,172.31.36.0-255,66,93407,17,213603
7597,0.001793,172.217.194.0-255,2902,96309,17,213603
7598,0.001795,172.31.36.0-255,66,96375,17,213603
7599,0.001806,172.217.194.0-255,5738,102113,17,213603
7600,0.001808,172.31.36.0-255,66,102179,17,213603
7601,0.001812,172.217.194.0-255,2902,105081,17,213603
7602,0.001814,172.31.36.0-255,66,105147,17,213603
7603,0.001855,172.31.36.0-255,66,105213,17,213603
7604,0.001861,172.217.194.0-255,5020,110233,17,213603
7605,0.001864,172.31.36.0-255,66,110299,17,213603
7606,0.00189,172.217.194.0-255,5738,116037,17,213603
7607,0.001893,172.31.36.0-255,66,116103,17,213603
7608,0.001898,172.217.194.0-255,2902,119005,17,213603
7609,0.0019,172.31.36.0-255,66,119071,17,213603
7610,0.001985,172.217.194.0-255,6438,125509,17,213603
7611,0.001992,172.31.36.0-255,66,125575,17,213603
7612,0.00205,172.217.194.0-255,1484,127059,17,213603
7613,0.002067,172.217.194.0-255,2902,129961,17,213603
7614,0.00207,172.31.36.0-255,66,130027,17,213603
7615,0.002077,172.217.194.0-255,5738,135765,17,213603
7616,0.002096,172.217.194.0-255,2902,138667,17,213603
7617,0.002107,172.31.36.0-255,66,138733,17,213603
7618,0.002131,172.31.36.0-255,66,138799,17,213603
7619,0.002165,172.31.36.0-255,66,138865,17,213603
7620,0.002195,172.217.194.0-255,2902,141767,17,213603
7621,0.0022,172.31.36.0-255,66,141833,17,213603
7622,0.002237,172.217.194.0-255,2902,144735,17,213603
7623,0.002253,172.31.36.0-255,66,144801,17,213603
7624,0.002265,172.217.194.0-255,7156,151957,17,213603
7625,0.002273,172.217.194.0-255,3602,155559,17,213603
7626,0.002275,172.217.194.0-255,1484,157043,17,213603
7627,0.002287,172.217.194.0-255,2902,159945,17,213603
7628,0.002292,172.217.194.0-255,4320,164265,17,213603
7629,0.002297,172.31.36.0-255,66,164331,17,213603
7630,0.002309,172.217.194.0-255,4320,168651,17,213603
7631,0.002331,172.217.194.0-255,5738,174389,17,213603
7632,0.002371,172.217.194.0-255,6438,180827,17,213603
7633,0.002376,172.217.194.0-255,4320,185147,17,213603
7634,0.002409,172.217.194.0-255,1484,186631,17,213603
7635,0.002412,172.31.36.0-255,66,186697,17,213603
7636,0.00242,172.31.36.0-255,66,186763,17,213603
7637,0.002466,172.31.36.0-255,66,186829,17,213603
7638,0.004785,172.217.194.0-255,5738,192567,17,213603
7639,0.004792,172.31.36.0-255,66,192633,17,213603
7640,0.007116,172.217.194.0-255,5738,198371,17,213603
7641,0.007123,172.31.36.0-255,66,198437,17,213603
7642,0.009448,172.217.194.0-255,5738,204175,17,213603
7643,0.009451,172.31.36.0-255,66,204241,17,213603
7644,0.011789,172.217.194.0-255,5738,209979,17,213603
7645,0.011797,172.31.36.0-255,66,210045,17,213603
7646,0.014131,172.217.194.0-255,3321,213366,17,213603
7647,0.014139,172.31.36.0-255,66,213432,17,213603
7648,0.016726,172.31.36.0-255,105,213537,17,213603
7649,0.019018,172.217.194.0-255,66,213603,17,213603
7650,0.0,172.217.194.0-255,150,150,17,158303
7651,1.2e-05,172.31.36.0-255,66,216,17,158303
7652,3e-05,172.217.194.0-255,1484,1700,17,158303
7653,3.9e-05,172.31.36.0-255,66,1766,17,158303
7654,4.5e-05,172.217.194.0-255,2902,4668,17,158303
7655,4.8e-05,172.31.36.0-255,66,4734,17,158303
7656,5.6e-05,172.217.194.0-255,7156,11890,17,158303
7657,5.8e-05,172.31.36.0-255,66,11956,17,158303
7658,8.9e-05,172.217.194.0-255,1484,13440,17,158303
7659,9.1e-05,172.31.36.0-255,66,13506,17,158303
7660,0.000134,172.31.36.0-255,66,13572,17,158303
7661,0.00014,172.217.194.0-255,5379,18951,17,158303
7662,0.000142,172.31.36.0-255,66,19017,17,158303
7663,0.000294,172.217.194.0-255,1484,20501,17,158303
7664,0.000299,172.31.36.0-255,66,20567,17,158303
7665,0.000306,172.217.194.0-255,2902,23469,17,158303
7666,0.000308,172.31.36.0-255,66,23535,17,158303
7667,0.000314,172.217.194.0-255,5738,29273,17,158303
7668,0.000321,172.31.36.0-255,66,29339,17,158303
7669,0.000327,172.217.194.0-255,5738,35077,17,158303
7670,0.00033,172.31.36.0-255,66,35143,17,158303
7671,0.000366,172.217.194.0-255,1125,36268,17,158303
7672,0.000369,172.31.36.0-255,66,36334,17,158303
7673,0.000582,172.217.194.0-255,1484,37818,17,158303
7674,0.000587,172.31.36.0-255,66,37884,17,158303
7675,0.000593,172.217.194.0-255,2902,40786,17,158303
7676,0.000595,172.31.36.0-255,66,40852,17,158303
7677,0.000614,172.217.194.0-255,5738,46590,17,158303
7678,0.000616,172.31.36.0-255,66,46656,17,158303
7679,0.000652,172.217.194.0-255,6797,53453,17,158303
7680,0.000655,172.31.36.0-255,66,53519,17,158303
7681,0.000749,172.217.194.0-255,1484,55003,17,158303
7682,0.000755,172.217.194.0-255,2902,57905,17,158303
7683,0.000758,172.217.194.0-255,1484,59389,17,158303
7684,0.000771,172.31.36.0-255,66,59455,17,158303
7685,0.000779,172.217.194.0-255,4320,63775,17,158303
7686,0.000797,172.217.194.0-255,4320,68095,17,158303
7687,0.000803,172.31.36.0-255,66,68161,17,158303
7688,0.000848,172.31.36.0-255,66,68227,17,158303
7689,0.000856,172.217.194.0-255,1125,69352,17,158303
7690,0.000862,172.217.194.0-255,6797,76149,17,158303
7691,0.000874,172.31.36.0-255,66,76215,17,158303
7692,0.001586,172.217.194.0-255,1484,77699,17,158303
7693,0.001596,172.217.194.0-255,2902,80601,17,158303
7694,0.0016,172.31.36.0-255,66,80667,17,158303
7695,0.001607,172.217.194.0-255,2902,83569,17,158303
7696,0.001629,172.217.194.0-255,2902,86471,17,158303
7697,0.001654,172.217.194.0-255,4320,90791,17,158303
7698,0.001732,172.217.194.0-255,1484,92275,17,158303
7699,0.001738,172.217.194.0-255,2902,95177,17,158303
7700,0.001763,172.217.194.0-255,5738,100915,17,158303
7701,0.001793,172.217.194.0-255,4320,105235,17,158303
7702,0.001807,172.217.194.0-255,1484,106719,17,158303
7703,0.00232,172.217.194.0-255,1484,108203,17,158303
7704,0.002328,172.217.194.0-255,2902,111105,17,158303
7705,0.002335,172.217.194.0-255,4320,115425,17,158303
7706,0.002346,172.217.194.0-255,1484,116909,17,158303
7707,0.002349,172.217.194.0-255,1484,118393,17,158303
7708,0.00241,172.217.194.0-255,1484,119877,17,158303
7709,0.002502,172.217.194.0-255,4320,124197,17,158303
7710,0.00269,172.217.194.0-255,5020,129217,17,158303
7711,0.004346,172.31.36.0-255,66,129283,17,158303
7712,0.006958,172.217.194.0-255,5738,135021,17,158303
7713,0.006965,172.31.36.0-255,66,135087,17,158303
7714,0.00951,172.217.194.0-255,5738,140825,17,158303
7715,0.009516,172.31.36.0-255,66,140891,17,158303
7716,0.012051,172.217.194.0-255,5738,146629,17,158303
7717,0.012059,172.31.36.0-255,66,146695,17,158303
7718,0.01462,172.217.194.0-255,5738,152433,17,158303
7719,0.015451,172.31.36.0-255,66,152499,17,158303
7720,0.018023,172.217.194.0-255,5738,158237,17,158303
7721,0.018033,172.31.36.0-255,66,158303,17,158303
7722,0.0,172.31.36.0-255,66,66,17,66
7723,0.0,74.125.130.0-255,153,153,17,300025
7724,2.4e-05,172.31.36.0-255,66,219,17,300025
7725,3.2e-05,74.125.130.0-255,1484,1703,17,300025
7726,3.6e-05,172.31.36.0-255,66,1769,17,300025
7727,4.2e-05,74.125.130.0-255,2902,4671,17,300025
7728,4.4e-05,172.31.36.0-255,66,4737,17,300025
7729,5e-05,74.125.130.0-255,4320,9057,17,300025
7730,5.2e-05,172.31.36.0-255,66,9123,17,300025
7731,5.6e-05,74.125.130.0-255,1484,10607,17,300025
7732,5.8e-05,172.31.36.0-255,66,10673,17,300025
7733,9.7e-05,172.31.36.0-255,66,10739,17,300025
7734,0.000103,74.125.130.0-255,4320,15059,17,300025
7735,0.000105,172.31.36.0-255,66,15125,17,300025
7736,0.00014,172.31.36.0-255,66,15191,17,300025
7737,0.000229,74.125.130.0-255,1484,16675,17,300025
7738,0.000232,172.31.36.0-255,66,16741,17,300025
7739,0.00025,74.125.130.0-255,2902,19643,17,300025
7740,0.000253,172.31.36.0-255,66,19709,17,300025
7741,0.000273,74.125.130.0-255,5738,25447,17,300025
7742,0.000275,172.31.36.0-255,66,25513,17,300025
7743,0.00028,74.125.130.0-255,2902,28415,17,300025
7744,0.000282,172.31.36.0-255,66,28481,17,300025
7745,0.000321,74.125.130.0-255,5738,34219,17,300025
7746,0.000324,172.31.36.0-255,66,34285,17,300025
7747,0.000348,74.125.130.0-255,5379,39664,17,300025
7748,0.000351,172.31.36.0-255,66,39730,17,300025
7749,0.000356,74.125.130.0-255,4320,44050,17,300025
7750,0.000358,172.31.36.0-255,66,44116,17,300025
7751,0.000373,74.125.130.0-255,1484,45600,17,300025
7752,0.000375,172.31.36.0-255,66,45666,17,300025
7753,0.000401,74.125.130.0-255,4252,49918,17,300025
7754,0.000404,172.31.36.0-255,66,49984,17,300025
7755,0.000407,74.125.130.0-255,364,50348,17,300025
7756,0.000485,74.125.130.0-255,1484,51832,17,300025
7757,0.000488,172.31.36.0-255,66,51898,17,300025
7758,0.000493,74.125.130.0-255,2902,54800,17,300025
7759,0.000496,172.31.36.0-255,66,54866,17,300025
7760,0.0005,74.125.130.0-255,2902,57768,17,300025
7761,0.000503,172.31.36.0-255,66,57834,17,300025
7762,0.000526,74.125.130.0-255,2902,60736,17,300025
7763,0.000529,172.31.36.0-255,66,60802,17,300025
7764,0.000536,74.125.130.0-255,5738,66540,17,300025
7765,0.000538,172.31.36.0-255,66,66606,17,300025
7766,0.000541,74.125.130.0-255,1484,68090,17,300025
7767,0.000593,74.125.130.0-255,5738,73828,17,300025
7768,0.000597,172.31.36.0-255,66,73894,17,300025
7769,0.00061,172.31.36.0-255,66,73960,17,300025
7770,0.00069,74.125.130.0-255,1484,75444,17,300025
7771,0.000711,74.125.130.0-255,2902,78346,17,300025
7772,0.000714,172.31.36.0-255,66,78412,17,300025
7773,0.000717,74.125.130.0-255,1484,79896,17,300025
7774,0.000741,74.125.130.0-255,4320,84216,17,300025
7775,0.000744,172.31.36.0-255,66,84282,17,300025
7776,0.000748,74.125.130.0-255,2902,87184,17,300025
7777,0.00075,172.31.36.0-255,66,87250,17,300025
7778,0.000785,74.125.130.0-255,1484,88734,17,300025
7779,0.000789,172.31.36.0-255,66,88800,17,300025
7780,0.000812,74.125.130.0-255,7156,95956,17,300025
7781,0.000815,172.31.36.0-255,66,96022,17,300025
7782,0.000865,74.125.130.0-255,2184,98206,17,300025
7783,0.000868,172.31.36.0-255,66,98272,17,300025
7784,0.000949,74.125.130.0-255,1484,99756,17,300025
7785,0.000955,74.125.130.0-255,2902,102658,17,300025
7786,0.000962,172.31.36.0-255,66,102724,17,300025
7787,0.000979,74.125.130.0-255,5738,108462,17,300025
7788,0.000981,172.31.36.0-255,66,108528,17,300025
7789,0.000985,74.125.130.0-255,2902,111430,17,300025
7790,0.000987,172.31.36.0-255,66,111496,17,300025
7791,0.00099,74.125.130.0-255,1484,112980,17,300025
7792,0.00101,74.125.130.0-255,2902,115882,17,300025
7793,0.001012,172.31.36.0-255,66,115948,17,300025
7794,0.001016,74.125.130.0-255,2902,118850,17,300025
7795,0.001018,172.31.36.0-255,66,118916,17,300025
7796,0.001037,74.125.130.0-255,5738,124654,17,300025
7797,0.00104,172.31.36.0-255,66,124720,17,300025
7798,0.001046,74.125.130.0-255,5738,130458,17,300025
7799,0.001049,172.31.36.0-255,66,130524,17,300025
7800,0.001092,74.125.130.0-255,2184,132708,17,300025
7801,0.001095,172.31.36.0-255,66,132774,17,300025
7802,0.001346,74.125.130.0-255,1484,134258,17,300025
7803,0.001352,74.125.130.0-255,2902,137160,17,300025
7804,0.001355,172.31.36.0-255,66,137226,17,300025
7805,0.001371,74.125.130.0-255,2902,140128,17,300025
7806,0.001373,172.31.36.0-255,66,140194,17,300025
7807,0.001398,74.125.130.0-255,2902,143096,17,300025
7808,0.0014,172.31.36.0-255,66,143162,17,300025
7809,0.001412,172.31.36.0-255,66,143228,17,300025
7810,0.001416,74.125.130.0-255,2902,146130,17,300025
7811,0.001418,172.31.36.0-255,66,146196,17,300025
7812,0.001447,74.125.130.0-255,7156,153352,17,300025
7813,0.00145,172.31.36.0-255,66,153418,17,300025
7814,0.001456,74.125.130.0-255,5020,158438,17,300025
7815,0.001459,172.31.36.0-255,66,158504,17,300025
7816,0.001476,74.125.130.0-255,5738,164242,17,300025
7817,0.001478,172.31.36.0-255,66,164308,17,300025
7818,0.001507,74.125.130.0-255,5738,170046,17,300025
7819,0.00151,172.31.36.0-255,66,170112,17,300025
7820,0.001533,74.125.130.0-255,4320,174432,17,300025
7821,0.001536,172.31.36.0-255,66,174498,17,300025
7822,0.001548,172.31.36.0-255,66,174564,17,300025
7823,0.001555,74.125.130.0-255,6438,181002,17,300025
7824,0.001558,172.31.36.0-255,66,181068,17,300025
7825,0.001658,74.125.130.0-255,1484,182552,17,300025
7826,0.001674,74.125.130.0-255,2902,185454,17,300025
7827,0.001677,172.31.36.0-255,66,185520,17,300025
7828,0.001708,74.125.130.0-255,5738,191258,17,300025
7829,0.00171,172.31.36.0-255,66,191324,17,300025
7830,0.001714,74.125.130.0-255,1484,192808,17,300025
7831,0.001736,74.125.130.0-255,5738,198546,17,300025
7832,0.001739,172.31.36.0-255,66,198612,17,300025
7833,0.001768,172.31.36.0-255,66,198678,17,300025
7834,0.001791,74.125.130.0-255,1484,200162,17,300025
7835,0.001803,74.125.130.0-255,2184,202346,17,300025
7836,0.001805,172.31.36.0-255,66,202412,17,300025
7837,0.001952,74.125.130.0-255,1484,203896,17,300025
7838,0.001956,74.125.130.0-255,1484,205380,17,300025
7839,0.001959,172.31.36.0-255,66,205446,17,300025
7840,0.001976,74.125.130.0-255,1484,206930,17,300025
7841,0.001983,74.125.130.0-255,5738,212668,17,300025
7842,0.001986,172.31.36.0-255,66,212734,17,300025
7843,0.002018,172.31.36.0-255,66,212800,17,300025
7844,0.002052,172.31.36.0-255,66,212866,17,300025
7845,0.002059,74.125.130.0-255,5020,217886,17,300025
7846,0.002062,172.31.36.0-255,66,217952,17,300025
7847,0.002066,74.125.130.0-255,2902,220854,17,300025
7848,0.002069,172.31.36.0-255,66,220920,17,300025
7849,0.002091,74.125.130.0-255,2902,223822,17,300025
7850,0.002094,172.31.36.0-255,66,223888,17,300025
7851,0.002105,74.125.130.0-255,1484,225372,17,300025
7852,0.002156,74.125.130.0-255,4320,229692,17,300025
7853,0.002159,172.31.36.0-255,66,229758,17,300025
7854,0.00219,74.125.130.0-255,7156,236914,17,300025
7855,0.002205,74.125.130.0-255,766,237680,17,300025
7856,0.002212,172.31.36.0-255,66,237746,17,300025
7857,0.00225,74.125.130.0-255,1484,239230,17,300025
7858,0.002264,74.125.130.0-255,2902,242132,17,300025
7859,0.002267,172.31.36.0-255,66,242198,17,300025
7860,0.00231,74.125.130.0-255,5738,247936,17,300025
7861,0.002327,74.125.130.0-255,2902,250838,17,300025
7862,0.002336,172.31.36.0-255,66,250904,17,300025
7863,0.002366,74.125.130.0-255,7156,258060,17,300025
7864,0.002373,172.31.36.0-255,66,258126,17,300025
7865,0.002384,74.125.130.0-255,5020,263146,17,300025
7866,0.002386,74.125.130.0-255,1484,264630,17,300025
7867,0.00239,74.125.130.0-255,2902,267532,17,300025
7868,0.002396,172.31.36.0-255,66,267598,17,300025
7869,0.002407,74.125.130.0-255,5738,273336,17,300025
7870,0.00242,74.125.130.0-255,1484,274820,17,300025
7871,0.002434,74.125.130.0-255,1484,276304,17,300025
7872,0.002439,172.31.36.0-255,66,276370,17,300025
7873,0.002454,74.125.130.0-255,1484,277854,17,300025
7874,0.002461,74.125.130.0-255,5738,283592,17,300025
7875,0.002467,74.125.130.0-255,5738,289330,17,300025
7876,0.002482,74.125.130.0-255,5738,295068,17,300025
7877,0.002487,172.31.36.0-255,66,295134,17,300025
7878,0.002503,74.125.130.0-255,4320,299454,17,300025
7879,0.002513,172.31.36.0-255,66,299520,17,300025
7880,0.002529,74.125.130.0-255,97,299617,17,300025
7881,0.002534,172.31.36.0-255,66,299683,17,300025
7882,0.002543,74.125.130.0-255,105,299788,17,300025
7883,0.010763,172.31.36.0-255,66,299854,17,300025
7884,0.010825,172.31.36.0-255,105,299959,17,300025
7885,0.013482,74.125.130.0-255,66,300025,17,300025
7886,0.0,172.217.194.0-255,154,154,17,195345
7887,3.6e-05,172.31.36.0-255,66,220,17,195345
7888,4.3e-05,172.217.194.0-255,1484,1704,17,195345
7889,4.8e-05,172.31.36.0-255,66,1770,17,195345
7890,6.2e-05,172.217.194.0-255,2902,4672,17,195345
7891,6.5e-05,172.31.36.0-255,66,4738,17,195345
7892,7.3e-05,172.217.194.0-255,7156,11894,17,195345
7893,7.5e-05,172.31.36.0-255,66,11960,17,195345
7894,8.9e-05,172.31.36.0-255,66,12026,17,195345
7895,0.000129,172.217.194.0-255,5738,17764,17,195345
7896,0.000132,172.31.36.0-255,66,17830,17,195345
7897,0.000157,172.217.194.0-255,1125,18955,17,195345
7898,0.000159,172.31.36.0-255,66,19021,17,195345
7899,0.000185,172.217.194.0-255,1484,20505,17,195345
7900,0.000188,172.31.36.0-255,66,20571,17,195345
7901,0.000192,172.217.194.0-255,2902,23473,17,195345
7902,0.000194,172.31.36.0-255,66,23539,17,195345
7903,0.0002,172.217.194.0-255,5738,29277,17,195345
7904,0.000211,172.31.36.0-255,66,29343,17,195345
7905,0.000251,172.217.194.0-255,6797,36140,17,195345
7906,0.000255,172.31.36.0-255,66,36206,17,195345
7907,0.000267,172.31.36.0-255,66,36272,17,195345
7908,0.000297,172.217.194.0-255,5738,42010,17,195345
7909,0.0003,172.31.36.0-255,66,42076,17,195345
7910,0.000305,172.217.194.0-255,2800,44876,17,195345
7911,0.000307,172.31.36.0-255,66,44942,17,195345
7912,0.00031,172.217.194.0-255,118,45060,17,195345
7913,0.000313,172.31.36.0-255,66,45126,17,195345
7914,0.000336,172.217.194.0-255,1484,46610,17,195345
7915,0.000341,172.31.36.0-255,66,46676,17,195345
7916,0.000351,172.217.194.0-255,2902,49578,17,195345
7917,0.000354,172.31.36.0-255,66,49644,17,195345
7918,0.000359,172.217.194.0-255,4320,53964,17,195345
7919,0.000362,172.31.36.0-255,66,54030,17,195345
7920,0.000394,172.217.194.0-255,2902,56932,17,195345
7921,0.000397,172.31.36.0-255,66,56998,17,195345
7922,0.000401,172.217.194.0-255,1484,58482,17,195345
7923,0.000428,172.217.194.0-255,3961,62443,17,195345
7924,0.000432,172.31.36.0-255,66,62509,17,195345
7925,0.000465,172.217.194.0-255,4320,66829,17,195345
7926,0.000469,172.31.36.0-255,66,66895,17,195345
7927,0.000482,172.217.194.0-255,2854,69749,17,195345
7928,0.000484,172.31.36.0-255,66,69815,17,195345
7929,0.000488,172.31.36.0-255,66,69881,17,195345
7930,0.000592,172.217.194.0-255,1484,71365,17,195345
7931,0.000598,172.217.194.0-255,2902,74267,17,195345
7932,0.000602,172.31.36.0-255,66,74333,17,195345
7933,0.000633,172.217.194.0-255,5738,80071,17,195345
7934,0.000637,172.31.36.0-255,66,80137,17,195345
7935,0.000654,172.31.36.0-255,66,80203,17,195345
7936,0.000684,172.217.194.0-255,1484,81687,17,195345
7937,0.000708,172.31.36.0-255,66,81753,17,195345
7938,0.000739,172.217.194.0-255,4471,86224,17,195345
7939,0.000743,172.31.36.0-255,66,86290,17,195345
7940,0.000765,172.31.36.0-255,66,86356,17,195345
7941,0.000782,172.217.194.0-255,766,87122,17,195345
7942,0.000789,172.31.36.0-255,66,87188,17,195345
7943,0.000982,172.217.194.0-255,1484,88672,17,195345
7944,0.000987,172.31.36.0-255,66,88738,17,195345
7945,0.000993,172.217.194.0-255,2902,91640,17,195345
7946,0.000995,172.31.36.0-255,66,91706,17,195345
7947,0.001007,172.217.194.0-255,5738,97444,17,195345
7948,0.00101,172.31.36.0-255,66,97510,17,195345
7949,0.001014,172.217.194.0-255,1484,98994,17,195345
7950,0.001051,172.31.36.0-255,66,99060,17,195345
7951,0.001072,172.31.36.0-255,66,99126,17,195345
7952,0.001075,172.217.194.0-255,766,99892,17,195345
7953,0.001359,172.217.194.0-255,1484,101376,17,195345
7954,0.001364,172.31.36.0-255,66,101442,17,195345
7955,0.00137,172.217.194.0-255,2902,104344,17,195345
7956,0.001373,172.31.36.0-255,66,104410,17,195345
7957,0.00144,172.217.194.0-255,5738,110148,17,195345
7958,0.001443,172.31.36.0-255,66,110214,17,195345
7959,0.00146,172.31.36.0-255,66,110280,17,195345
7960,0.001509,172.31.36.0-255,66,110346,17,195345
7961,0.001561,172.217.194.0-255,1484,111830,17,195345
7962,0.001583,172.217.194.0-255,2902,114732,17,195345
7963,0.001588,172.217.194.0-255,5738,120470,17,195345
7964,0.001588,172.31.36.0-255,66,120536,17,195345
7965,0.001592,172.31.36.0-255,66,120602,17,195345
7966,0.001621,172.217.194.0-255,5738,126340,17,195345
7967,0.001625,172.31.36.0-255,66,126406,17,195345
7968,0.001652,172.31.36.0-255,66,126472,17,195345
7969,0.001658,172.217.194.0-255,2902,129374,17,195345
7970,0.001661,172.31.36.0-255,66,129440,17,195345
7971,0.001692,172.217.194.0-255,2184,131624,17,195345
7972,0.001695,172.31.36.0-255,66,131690,17,195345
7973,0.001758,172.217.194.0-255,1484,133174,17,195345
7974,0.001774,172.217.194.0-255,2902,136076,17,195345
7975,0.001777,172.31.36.0-255,66,136142,17,195345
7976,0.001798,172.217.194.0-255,5738,141880,17,195345
7977,0.001801,172.31.36.0-255,66,141946,17,195345
7978,0.001806,172.217.194.0-255,4320,146266,17,195345
7979,0.00181,172.31.36.0-255,66,146332,17,195345
7980,0.001834,172.217.194.0-255,2902,149234,17,195345
7981,0.001838,172.31.36.0-255,66,149300,17,195345
7982,0.001859,172.31.36.0-255,66,149366,17,195345
7983,0.001861,172.217.194.0-255,5738,155104,17,195345
7984,0.001863,172.31.36.0-255,66,155170,17,195345
7985,0.001896,172.217.194.0-255,5020,160190,17,195345
7986,0.0019,172.31.36.0-255,66,160256,17,195345
7987,0.001913,172.31.36.0-255,66,160322,17,195345
7988,0.001918,172.217.194.0-255,4320,164642,17,195345
7989,0.001921,172.31.36.0-255,66,164708,17,195345
7990,0.001954,172.31.36.0-255,66,164774,17,195345
7991,0.001975,172.31.36.0-255,66,164840,17,195345
7992,0.001989,172.31.36.0-255,66,164906,17,195345
7993,0.002024,172.217.194.0-255,6438,171344,17,195345
7994,0.002027,172.31.36.0-255,66,171410,17,195345
7995,0.002034,172.217.194.0-255,7156,178566,17,195345
7996,0.002036,172.31.36.0-255,66,178632,17,195345
7997,0.002107,172.31.36.0-255,66,178698,17,195345
7998,0.002138,172.217.194.0-255,5738,184436,17,195345
7999,0.002141,172.31.36.0-255,66,184502,17,195345
8000,0.002158,172.31.36.0-255,66,184568,17,195345
8001,0.002164,172.217.194.0-255,5738,190306,17,195345
8002,0.002167,172.31.36.0-255,66,190372,17,195345
8003,0.002172,172.217.194.0-255,4565,194937,17,195345
8004,0.002175,172.31.36.0-255,66,195003,17,195345
8005,0.00423,172.217.194.0-255,105,195108,17,195345
8006,0.01055,172.31.36.0-255,66,195174,17,195345
8007,0.010607,172.31.36.0-255,105,195279,17,195345
8008,0.012655,172.217.194.0-255,66,195345,17,195345
8009,0.0,172.217.194.0-255,153,153,17,146818
8010,2.5e-05,172.31.36.0-255,66,219,17,146818
8011,3.3e-05,172.217.194.0-255,1484,1703,17,146818
8012,3.7e-05,172.31.36.0-255,66,1769,17,146818
8013,4.3e-05,172.217.194.0-255,2902,4671,17,146818
8014,4.7e-05,172.31.36.0-255,66,4737,17,146818
8015,5.5e-05,172.217.194.0-255,7156,11893,17,146818
8016,5.8e-05,172.31.36.0-255,66,11959,17,146818
8017,6.2e-05,172.217.194.0-255,1484,13443,17,146818
8018,6.5e-05,172.31.36.0-255,66,13509,17,146818
8019,9.3e-05,172.217.194.0-255,6292,19801,17,146818
8020,9.6e-05,172.31.36.0-255,66,19867,17,146818
8021,0.000109,172.31.36.0-255,66,19933,17,146818
8022,0.000443,172.217.194.0-255,1484,21417,17,146818
8023,0.00045,172.31.36.0-255,66,21483,17,146818
8024,0.000456,172.217.194.0-255,2902,24385,17,146818
8025,0.000458,172.31.36.0-255,66,24451,17,146818
8026,0.000463,172.217.194.0-255,2902,27353,17,146818
8027,0.000465,172.31.36.0-255,66,27419,17,146818
8028,0.00049,172.217.194.0-255,2902,30321,17,146818
8029,0.000492,172.31.36.0-255,66,30387,17,146818
8030,0.000499,172.217.194.0-255,5738,36125,17,146818
8031,0.000502,172.31.36.0-255,66,36191,17,146818
8032,0.000521,172.217.194.0-255,7156,43347,17,146818
8033,0.000524,172.31.36.0-255,66,43413,17,146818
8034,0.000576,172.217.194.0-255,2902,46315,17,146818
8035,0.000579,172.31.36.0-255,66,46381,17,146818
8036,0.000604,172.31.36.0-255,66,46447,17,146818
8037,0.000621,172.217.194.0-255,645,47092,17,146818
8038,0.000623,172.31.36.0-255,66,47158,17,146818
8039,0.00065,172.217.194.0-255,1484,48642,17,146818
8040,0.000666,172.217.194.0-255,4320,52962,17,146818
8041,0.000668,172.31.36.0-255,66,53028,17,146818
8042,0.000688,172.217.194.0-255,4320,57348,17,146818
8043,0.000691,172.31.36.0-255,66,57414,17,146818
8044,0.000721,172.217.194.0-255,5738,63152,17,146818
8045,0.000724,172.31.36.0-255,66,63218,17,146818
8046,0.000732,172.217.194.0-255,7156,70374,17,146818
8047,0.000734,172.31.36.0-255,66,70440,17,146818
8048,0.000767,172.217.194.0-255,2902,73342,17,146818
8049,0.00077,172.31.36.0-255,66,73408,17,146818
8050,0.000793,172.31.36.0-255,66,73474,17,146818
8051,0.000885,172.217.194.0-255,1484,74958,17,146818
8052,0.000909,172.217.194.0-255,2902,77860,17,146818
8053,0.000912,172.31.36.0-255,66,77926,17,146818
8054,0.000918,172.217.194.0-255,5738,83664,17,146818
8055,0.000921,172.31.36.0-255,66,83730,17,146818
8056,0.000926,172.217.194.0-255,2902,86632,17,146818
8057,0.000928,172.31.36.0-255,66,86698,17,146818
8058,0.000964,172.31.36.0-255,66,86764,17,146818
8059,0.000976,172.31.36.0-255,66,86830,17,146818
8060,0.000988,172.217.194.0-255,766,87596,17,146818
8061,0.001018,172.217.194.0-255,5738,93334,17,146818
8062,0.001021,172.31.36.0-255,66,93400,17,146818
8063,0.001056,172.217.194.0-255,5738,99138,17,146818
8064,0.001059,172.31.36.0-255,66,99204,17,146818
8065,0.001074,172.31.36.0-255,66,99270,17,146818
8066,0.00109,172.31.36.0-255,66,99336,17,146818
8067,0.00113,172.31.36.0-255,66,99402,17,146818
8068,0.001147,172.31.36.0-255,66,99468,17,146818
8069,0.001171,172.217.194.0-255,7156,106624,17,146818
8070,0.001175,172.31.36.0-255,66,106690,17,146818
8071,0.001213,172.31.36.0-255,66,106756,17,146818
8072,0.001237,172.217.194.0-255,6438,113194,17,146818
8073,0.00124,172.31.36.0-255,66,113260,17,146818
8074,0.001243,172.217.194.0-255,1484,114744,17,146818
8075,0.001249,172.217.194.0-255,2902,117646,17,146818
8076,0.001251,172.31.36.0-255,66,117712,17,146818
8077,0.001258,172.217.194.0-255,5738,123450,17,146818
8078,0.00126,172.31.36.0-255,66,123516,17,146818
8079,0.001267,172.217.194.0-255,5738,129254,17,146818
8080,0.001269,172.31.36.0-255,66,129320,17,146818
8081,0.001327,172.31.36.0-255,66,129386,17,146818
8082,0.00136,172.31.36.0-255,66,129452,17,146818
8083,0.001373,172.31.36.0-255,66,129518,17,146818
8084,0.001395,172.31.36.0-255,66,129584,17,146818
8085,0.0014,172.217.194.0-255,2902,132486,17,146818
8086,0.001401,172.31.36.0-255,66,132552,17,146818
8087,0.00144,172.217.194.0-255,5738,138290,17,146818
8088,0.001444,172.31.36.0-255,66,138356,17,146818
8089,0.001479,172.217.194.0-255,766,139122,17,146818
8090,0.0015,172.31.36.0-255,66,139188,17,146818
8091,0.001505,172.31.36.0-255,66,139254,17,146818
8092,0.001563,172.31.36.0-255,66,139320,17,146818
8093,0.001579,172.217.194.0-255,7156,146476,17,146818
8094,0.00164,172.217.194.0-255,105,146581,17,146818
8095,0.00166,172.31.36.0-255,66,146647,17,146818
8096,0.013943,172.31.36.0-255,105,146752,17,146818
8097,0.01664,172.217.194.0-255,66,146818,17,146818
8098,0.0,74.125.200.0-255,153,153,17,278353
8099,3e-05,172.31.36.0-255,66,219,17,278353
8100,3.7e-05,74.125.200.0-255,1484,1703,17,278353
8101,4.1e-05,172.31.36.0-255,66,1769,17,278353
8102,4.6e-05,74.125.200.0-255,2902,4671,17,278353
8103,4.8e-05,172.31.36.0-255,66,4737,17,278353
8104,8.1e-05,74.125.200.0-255,7156,11893,17,278353
8105,8.4e-05,172.31.36.0-255,66,11959,17,278353
8106,8.9e-05,74.125.200.0-255,2073,14032,17,278353
8107,9.2e-05,172.31.36.0-255,66,14098,17,278353
8108,9.6e-05,74.125.200.0-255,2902,17000,17,278353
8109,9.8e-05,172.31.36.0-255,66,17066,17,278353
8110,0.000104,74.125.200.0-255,4320,21386,17,278353
8111,0.000106,172.31.36.0-255,66,21452,17,278353
8112,0.000134,74.125.200.0-255,2902,24354,17,278353
8113,0.000136,172.31.36.0-255,66,24420,17,278353
8114,0.000145,74.125.200.0-255,7156,31576,17,278353
8115,0.000147,172.31.36.0-255,66,31642,17,278353
8116,0.000157,172.31.36.0-255,66,31708,17,278353
8117,0.000189,74.125.200.0-255,1484,33192,17,278353
8118,0.000192,172.31.36.0-255,66,33258,17,278353
8119,0.000214,74.125.200.0-255,6438,39696,17,278353
8120,0.000217,172.31.36.0-255,66,39762,17,278353
8121,0.000375,74.125.200.0-255,1484,41246,17,278353
8122,0.000379,172.31.36.0-255,66,41312,17,278353
8123,0.000384,74.125.200.0-255,2902,44214,17,278353
8124,0.000387,172.31.36.0-255,66,44280,17,278353
8125,0.00039,74.125.200.0-255,1484,45764,17,278353
8126,0.000394,172.31.36.0-255,66,45830,17,278353
8127,0.000422,74.125.200.0-255,4320,50150,17,278353
8128,0.000425,172.31.36.0-255,66,50216,17,278353
8129,0.000438,74.125.200.0-255,4320,54536,17,278353
8130,0.000442,172.31.36.0-255,66,54602,17,278353
8131,0.00046,74.125.200.0-255,2876,57478,17,278353
8132,0.000463,172.31.36.0-255,66,57544,17,278353
8133,0.000558,74.125.200.0-255,1484,59028,17,278353
8134,0.000577,74.125.200.0-255,2902,61930,17,278353
8135,0.00058,172.31.36.0-255,66,61996,17,278353
8136,0.000585,74.125.200.0-255,2902,64898,17,278353
8137,0.000588,172.31.36.0-255,66,64964,17,278353
8138,0.000601,74.125.200.0-255,1484,66448,17,278353
8139,0.000616,74.125.200.0-255,4320,70768,17,278353
8140,0.00062,172.31.36.0-255,66,70834,17,278353
8141,0.000638,74.125.200.0-255,4320,75154,17,278353
8142,0.000641,172.31.36.0-255,66,75220,17,278353
8143,0.000648,74.125.200.0-255,5738,80958,17,278353
8144,0.00065,172.31.36.0-255,66,81024,17,278353
8145,0.000654,74.125.200.0-255,1484,82508,17,278353
8146,0.000682,74.125.200.0-255,5738,88246,17,278353
8147,0.000685,172.31.36.0-255,66,88312,17,278353
8148,0.00069,74.125.200.0-255,3602,91914,17,278353
8149,0.000692,172.31.36.0-255,66,91980,17,278353
8150,0.00071,74.125.200.0-255,1484,93464,17,278353
8151,0.000721,74.125.200.0-255,2902,96366,17,278353
8152,0.000723,172.31.36.0-255,66,96432,17,278353
8153,0.000737,74.125.200.0-255,2902,99334,17,278353
8154,0.00074,172.31.36.0-255,66,99400,17,278353
8155,0.000759,74.125.200.0-255,5738,105138,17,278353
8156,0.000762,172.31.36.0-255,66,105204,17,278353
8157,0.000774,172.31.36.0-255,66,105270,17,278353
8158,0.000778,74.125.200.0-255,1484,106754,17,278353
8159,0.000809,172.31.36.0-255,66,106820,17,278353
8160,0.000836,74.125.200.0-255,4320,111140,17,278353
8161,0.000839,172.31.36.0-255,66,111206,17,278353
8162,0.000859,74.125.200.0-255,5738,116944,17,278353
8163,0.000863,172.31.36.0-255,66,117010,17,278353
8164,0.000869,74.125.200.0-255,7156,124166,17,278353
8165,0.000872,172.31.36.0-255,66,124232,17,278353
8166,0.000897,74.125.200.0-255,4320,128552,17,278353
8167,0.0009,172.31.36.0-255,66,128618,17,278353
8168,0.000912,172.31.36.0-255,66,128684,17,278353
8169,0.000915,74.125.200.0-255,766,129450,17,278353
8170,0.001088,74.125.200.0-255,1484,130934,17,278353
8171,0.001092,172.31.36.0-255,66,131000,17,278353
8172,0.001096,74.125.200.0-255,1484,132484,17,278353
8173,0.00111,74.125.200.0-255,1484,133968,17,278353
8174,0.001113,172.31.36.0-255,66,134034,17,278353
8175,0.001127,74.125.200.0-255,1484,135518,17,278353
8176,0.001143,74.125.200.0-255,4320,139838,17,278353
8177,0.001145,172.31.36.0-255,66,139904,17,278353
8178,0.00115,74.125.200.0-255,4320,144224,17,278353
8179,0.001152,172.31.36.0-255,66,144290,17,278353
8180,0.001155,74.125.200.0-255,1484,145774,17,278353
8181,0.001172,74.125.200.0-255,4320,150094,17,278353
8182,0.001175,172.31.36.0-255,66,150160,17,278353
8183,0.001222,74.125.200.0-255,4320,154480,17,278353
8184,0.001225,172.31.36.0-255,66,154546,17,278353
8185,0.001245,74.125.200.0-255,7156,161702,17,278353
8186,0.001248,172.31.36.0-255,66,161768,17,278353
8187,0.001253,74.125.200.0-255,2184,163952,17,278353
8188,0.001266,172.31.36.0-255,66,164018,17,278353
8189,0.00127,74.125.200.0-255,1484,165502,17,278353
8190,0.001292,74.125.200.0-255,2902,168404,17,278353
8191,0.001295,74.125.200.0-255,1484,169888,17,278353
8192,0.001296,172.31.36.0-255,66,169954,17,278353
8193,0.001315,74.125.200.0-255,4320,174274,17,278353
8194,0.001318,172.31.36.0-255,66,174340,17,278353
8195,0.001333,74.125.200.0-255,4320,178660,17,278353
8196,0.001336,172.31.36.0-255,66,178726,17,278353
8197,0.00137,172.31.36.0-255,66,178792,17,278353
8198,0.001391,74.125.200.0-255,5738,184530,17,278353
8199,0.001394,172.31.36.0-255,66,184596,17,278353
8200,0.001415,74.125.200.0-255,5020,189616,17,278353
8201,0.001419,172.31.36.0-255,66,189682,17,278353
8202,0.001423,74.125.200.0-255,1484,191166,17,278353
8203,0.001456,172.31.36.0-255,66,191232,17,278353
8204,0.001498,74.125.200.0-255,1484,192716,17,278353
8205,0.001517,74.125.200.0-255,4320,197036,17,278353
8206,0.001521,172.31.36.0-255,66,197102,17,278353
8207,0.001547,74.125.200.0-255,5738,202840,17,278353
8208,0.001551,172.31.36.0-255,66,202906,17,278353
8209,0.001552,74.125.200.0-255,4320,207226,17,278353
8210,0.001555,172.31.36.0-255,66,207292,17,278353
8211,0.001582,172.31.36.0-255,66,207358,17,278353
8212,0.001585,74.125.200.0-255,1484,208842,17,278353
8213,0.00163,172.31.36.0-255,66,208908,17,278353
8214,0.001641,172.31.36.0-255,66,208974,17,278353
8215,0.001651,172.31.36.0-255,66,209040,17,278353
8216,0.001677,74.125.200.0-255,2184,211224,17,278353
8217,0.00168,172.31.36.0-255,66,211290,17,278353
8218,0.001684,74.125.200.0-255,2902,214192,17,278353
8219,0.001687,172.31.36.0-255,66,214258,17,278353
8220,0.001699,172.31.36.0-255,66,214324,17,278353
8221,0.001729,74.125.200.0-255,5738,220062,17,278353
8222,0.001732,172.31.36.0-255,66,220128,17,278353
8223,0.001738,74.125.200.0-255,7156,227284,17,278353
8224,0.001741,172.31.36.0-255,66,227350,17,278353
8225,0.001765,74.125.200.0-255,4320,231670,17,278353
8226,0.001768,172.31.36.0-255,66,231736,17,278353
8227,0.001793,172.31.36.0-255,66,231802,17,278353
8228,0.001806,172.31.36.0-255,66,231868,17,278353
8229,0.001823,74.125.200.0-255,4320,236188,17,278353
8230,0.001826,172.31.36.0-255,66,236254,17,278353
8231,0.001833,74.125.200.0-255,7156,243410,17,278353
8232,0.001836,172.31.36.0-255,66,243476,17,278353
8233,0.00184,74.125.200.0-255,2902,246378,17,278353
8234,0.001843,172.31.36.0-255,66,246444,17,278353
8235,0.001871,74.125.200.0-255,5020,251464,17,278353
8236,0.001874,172.31.36.0-255,66,251530,17,278353
8237,0.001881,74.125.200.0-255,7156,258686,17,278353
8238,0.001883,172.31.36.0-255,66,258752,17,278353
8239,0.001921,74.125.200.0-255,2902,261654,17,278353
8240,0.001924,172.31.36.0-255,66,261720,17,278353
8241,0.001948,74.125.200.0-255,5738,267458,17,278353
8242,0.001951,172.31.36.0-255,66,267524,17,278353
8243,0.001964,172.31.36.0-255,66,267590,17,278353
8244,0.001971,74.125.200.0-255,5738,273328,17,278353
8245,0.001973,172.31.36.0-255,66,273394,17,278353
8246,0.001998,74.125.200.0-255,4551,277945,17,278353
8247,0.002,172.31.36.0-255,66,278011,17,278353
8248,0.002003,74.125.200.0-255,105,278116,17,278353
8249,0.007701,172.31.36.0-255,66,278182,17,278353
8250,0.007728,172.31.36.0-255,105,278287,17,278353
8251,0.010179,74.125.200.0-255,66,278353,17,278353
8252,0.0,74.125.130.0-255,143,143,17,115141
8253,2.3e-05,172.31.36.0-255,66,209,17,115141
8254,3e-05,74.125.130.0-255,1484,1693,17,115141
8255,3.5e-05,172.31.36.0-255,66,1759,17,115141
8256,4.1e-05,74.125.130.0-255,2902,4661,17,115141
8257,5.2e-05,172.31.36.0-255,66,4727,17,115141
8258,5.8e-05,74.125.130.0-255,5738,10465,17,115141
8259,6.1e-05,172.31.36.0-255,66,10531,17,115141
8260,6.6e-05,74.125.130.0-255,3473,14004,17,115141
8261,7e-05,172.31.36.0-255,66,14070,17,115141
8262,0.00015,74.125.130.0-255,1484,15554,17,115141
8263,0.000153,172.31.36.0-255,66,15620,17,115141
8264,0.000158,74.125.130.0-255,2902,18522,17,115141
8265,0.00016,172.31.36.0-255,66,18588,17,115141
8266,0.000198,74.125.130.0-255,5738,24326,17,115141
8267,0.000201,172.31.36.0-255,66,24392,17,115141
8268,0.000209,74.125.130.0-255,6797,31189,17,115141
8269,0.000211,172.31.36.0-255,66,31255,17,115141
8270,0.00033,74.125.130.0-255,1484,32739,17,115141
8271,0.000333,172.31.36.0-255,66,32805,17,115141
8272,0.000338,74.125.130.0-255,1484,34289,17,115141
8273,0.000339,172.31.36.0-255,66,34355,17,115141
8274,0.000358,74.125.130.0-255,1484,35839,17,115141
8275,0.00036,172.31.36.0-255,66,35905,17,115141
8276,0.000365,74.125.130.0-255,2902,38807,17,115141
8277,0.000372,172.31.36.0-255,66,38873,17,115141
8278,0.000378,74.125.130.0-255,4320,43193,17,115141
8279,0.00038,172.31.36.0-255,66,43259,17,115141
8280,0.000421,172.31.36.0-255,66,43325,17,115141
8281,0.000425,74.125.130.0-255,2902,46227,17,115141
8282,0.000428,172.31.36.0-255,66,46293,17,115141
8283,0.000492,172.31.36.0-255,66,46359,17,115141
8284,0.000495,74.125.130.0-255,676,47035,17,115141
8285,0.000845,74.125.130.0-255,1484,48519,17,115141
8286,0.00085,172.31.36.0-255,66,48585,17,115141
8287,0.000855,74.125.130.0-255,2902,51487,17,115141
8288,0.000858,172.31.36.0-255,66,51553,17,115141
8289,0.000914,74.125.130.0-255,4320,55873,17,115141
8290,0.000918,172.31.36.0-255,66,55939,17,115141
8291,0.000928,172.31.36.0-255,66,56005,17,115141
8292,0.000937,74.125.130.0-255,2902,58907,17,115141
8293,0.00094,172.31.36.0-255,66,58973,17,115141
8294,0.000946,74.125.130.0-255,4320,63293,17,115141
8295,0.000948,172.31.36.0-255,66,63359,17,115141
8296,0.000989,172.31.36.0-255,66,63425,17,115141
8297,0.000992,74.125.130.0-255,766,64191,17,115141
8298,0.001496,172.31.36.0-255,66,64257,17,115141
8299,0.003023,74.125.130.0-255,4320,68577,17,115141
8300,0.00303,172.31.36.0-255,66,68643,17,115141
8301,0.003539,74.125.130.0-255,1484,70127,17,115141
8302,0.005069,74.125.130.0-255,4320,74447,17,115141
8303,0.005073,172.31.36.0-255,66,74513,17,115141
8304,0.00725,74.125.130.0-255,5738,80251,17,115141
8305,0.007256,172.31.36.0-255,66,80317,17,115141
8306,0.009309,74.125.130.0-255,5738,86055,17,115141
8307,0.009316,172.31.36.0-255,66,86121,17,115141
8308,0.011365,74.125.130.0-255,5738,91859,17,115141
8309,0.011374,172.31.36.0-255,66,91925,17,115141
8310,0.01343,74.125.130.0-255,5738,97663,17,115141
8311,0.013438,172.31.36.0-255,66,97729,17,115141
8312,0.015503,74.125.130.0-255,5738,103467,17,115141
8313,0.01551,172.31.36.0-255,66,103533,17,115141
8314,0.01756,74.125.130.0-255,5738,109271,17,115141
8315,0.017571,172.31.36.0-255,66,109337,17,115141
8316,0.019616,74.125.130.0-255,5738,115075,17,115141
8317,0.019625,172.31.36.0-255,66,115141,17,115141
8318,0.0,74.125.24.0-255,215,215,17,237123
8319,2.4e-05,172.31.36.0-255,66,281,17,237123
8320,3.1e-05,74.125.24.0-255,1484,1765,17,237123
8321,3.6e-05,172.31.36.0-255,66,1831,17,237123
8322,4.4e-05,74.125.24.0-255,4320,6151,17,237123
8323,4.7e-05,172.31.36.0-255,66,6217,17,237123
8324,5.9e-05,172.31.36.0-255,66,6283,17,237123
8325,6.6e-05,74.125.24.0-255,7156,13439,17,237123
8326,6.9e-05,172.31.36.0-255,66,13505,17,237123
8327,9.7e-05,74.125.24.0-255,1484,14989,17,237123
8328,0.0001,172.31.36.0-255,66,15055,17,237123
8329,0.000108,74.125.24.0-255,7156,22211,17,237123
8330,0.00011,172.31.36.0-255,66,22277,17,237123
8331,0.000113,74.125.24.0-255,1125,23402,17,237123
8332,0.000115,172.31.36.0-255,66,23468,17,237123
8333,0.000157,74.125.24.0-255,1484,24952,17,237123
8334,0.00016,172.31.36.0-255,66,25018,17,237123
8335,0.000164,74.125.24.0-255,1484,26502,17,237123
8336,0.000166,172.31.36.0-255,66,26568,17,237123
8337,0.000182,74.125.24.0-255,2902,29470,17,237123
8338,0.000188,74.125.24.0-255,5738,35208,17,237123
8339,0.000193,172.31.36.0-255,66,35274,17,237123
8340,0.000196,172.31.36.0-255,66,35340,17,237123
8341,0.000211,74.125.24.0-255,1484,36824,17,237123
8342,0.000213,172.31.36.0-255,66,36890,17,237123
8343,0.00023,74.125.24.0-255,3961,40851,17,237123
8344,0.000233,172.31.36.0-255,66,40917,17,237123
8345,0.000273,74.125.24.0-255,2902,43819,17,237123
8346,0.000276,172.31.36.0-255,66,43885,17,237123
8347,0.000293,74.125.24.0-255,1484,45369,17,237123
8348,0.000296,172.31.36.0-255,66,45435,17,237123
8349,0.000301,74.125.24.0-255,2902,48337,17,237123
8350,0.000304,172.31.36.0-255,66,48403,17,237123
8351,0.00031,74.125.24.0-255,5738,54141,17,237123
8352,0.000312,172.31.36.0-255,66,54207,17,237123
8353,0.000334,74.125.24.0-255,2902,57109,17,237123
8354,0.000337,172.31.36.0-255,66,57175,17,237123
8355,0.000354,74.125.24.0-255,1452,58627,17,237123
8356,0.000358,74.125.24.0-255,114,58741,17,237123
8357,0.00036,172.31.36.0-255,66,58807,17,237123
8358,0.000381,74.125.24.0-255,332,59139,17,237123
8359,0.000754,74.125.24.0-255,1484,60623,17,237123
8360,0.000759,172.31.36.0-255,66,60689,17,237123
8361,0.000766,74.125.24.0-255,2902,63591,17,237123
8362,0.000769,172.31.36.0-255,66,63657,17,237123
8363,0.000775,74.125.24.0-255,4320,67977,17,237123
8364,0.000778,172.31.36.0-255,66,68043,17,237123
8365,0.000796,74.125.24.0-255,1484,69527,17,237123
8366,0.000813,74.125.24.0-255,5738,75265,17,237123
8367,0.000816,172.31.36.0-255,66,75331,17,237123
8368,0.000834,74.125.24.0-255,2902,78233,17,237123
8369,0.000836,172.31.36.0-255,66,78299,17,237123
8370,0.000849,172.31.36.0-255,66,78365,17,237123
8371,0.000855,74.125.24.0-255,5020,83385,17,237123
8372,0.000857,172.31.36.0-255,66,83451,17,237123
8373,0.001202,74.125.24.0-255,1484,84935,17,237123
8374,0.001207,74.125.24.0-255,1484,86419,17,237123
8375,0.001211,172.31.36.0-255,66,86485,17,237123
8376,0.001231,74.125.24.0-255,1484,87969,17,237123
8377,0.001239,74.125.24.0-255,5738,93707,17,237123
8378,0.001242,172.31.36.0-255,66,93773,17,237123
8379,0.001245,74.125.24.0-255,1484,95257,17,237123
8380,0.001268,172.31.36.0-255,66,95323,17,237123
8381,0.001286,74.125.24.0-255,2902,98225,17,237123
8382,0.001289,172.31.36.0-255,66,98291,17,237123
8383,0.001292,74.125.24.0-255,1484,99775,17,237123
8384,0.001316,74.125.24.0-255,4320,104095,17,237123
8385,0.001318,172.31.36.0-255,66,104161,17,237123
8386,0.00134,74.125.24.0-255,5020,109181,17,237123
8387,0.001343,172.31.36.0-255,66,109247,17,237123
8388,0.001714,74.125.24.0-255,1484,110731,17,237123
8389,0.00172,74.125.24.0-255,2902,113633,17,237123
8390,0.001724,172.31.36.0-255,66,113699,17,237123
8391,0.001729,74.125.24.0-255,2902,116601,17,237123
8392,0.001732,172.31.36.0-255,66,116667,17,237123
8393,0.001747,74.125.24.0-255,2902,119569,17,237123
8394,0.00175,172.31.36.0-255,66,119635,17,237123
8395,0.001757,74.125.24.0-255,5738,125373,17,237123
8396,0.001759,172.31.36.0-255,66,125439,17,237123
8397,0.001781,74.125.24.0-255,7156,132595,17,237123
8398,0.001789,74.125.24.0-255,7156,139751,17,237123
8399,0.001793,172.31.36.0-255,66,139817,17,237123
8400,0.0018,172.31.36.0-255,66,139883,17,237123
8401,0.001804,74.125.24.0-255,1484,141367,17,237123
8402,0.001842,172.31.36.0-255,66,141433,17,237123
8403,0.001864,74.125.24.0-255,5738,147171,17,237123
8404,0.001867,172.31.36.0-255,66,147237,17,237123
8405,0.00192,74.125.24.0-255,4320,151557,17,237123
8406,0.001925,172.31.36.0-255,66,151623,17,237123
8407,0.001932,172.31.36.0-255,66,151689,17,237123
8408,0.001935,172.31.36.0-255,66,151755,17,237123
8409,0.001944,74.125.24.0-255,6438,158193,17,237123
8410,0.001946,172.31.36.0-255,66,158259,17,237123
8411,0.001979,74.125.24.0-255,1484,159743,17,237123
8412,0.002008,172.31.36.0-255,66,159809,17,237123
8413,0.002012,74.125.24.0-255,2902,162711,17,237123
8414,0.002014,172.31.36.0-255,66,162777,17,237123
8415,0.002065,172.31.36.0-255,66,162843,17,237123
8416,0.002071,74.125.24.0-255,5020,167863,17,237123
8417,0.002074,172.31.36.0-255,66,167929,17,237123
8418,0.0024,74.125.24.0-255,1484,169413,17,237123
8419,0.002415,74.125.24.0-255,2902,172315,17,237123
8420,0.00242,172.31.36.0-255,66,172381,17,237123
8421,0.00244,74.125.24.0-255,2902,175283,17,237123
8422,0.002442,172.31.36.0-255,66,175349,17,237123
8423,0.002483,74.125.24.0-255,5738,181087,17,237123
8424,0.002488,172.31.36.0-255,66,181153,17,237123
8425,0.002508,74.125.24.0-255,1484,182637,17,237123
8426,0.002515,74.125.24.0-255,4320,186957,17,237123
8427,0.002517,172.31.36.0-255,66,187023,17,237123
8428,0.002539,74.125.24.0-255,5738,192761,17,237123
8429,0.002542,172.31.36.0-255,66,192827,17,237123
8430,0.002565,74.125.24.0-255,7156,199983,17,237123
8431,0.002567,172.31.36.0-255,66,200049,17,237123
8432,0.002572,74.125.24.0-255,2184,202233,17,237123
8433,0.002574,172.31.36.0-255,66,202299,17,237123
8434,0.005136,74.125.24.0-255,5738,208037,17,237123
8435,0.005146,172.31.36.0-255,66,208103,17,237123
8436,0.007725,74.125.24.0-255,5738,213841,17,237123
8437,0.007732,172.31.36.0-255,66,213907,17,237123
8438,0.010324,74.125.24.0-255,5738,219645,17,237123
8439,0.010332,172.31.36.0-255,66,219711,17,237123
8440,0.012939,74.125.24.0-255,5738,225449,17,237123
8441,0.012949,172.31.36.0-255,66,225515,17,237123
8442,0.015547,74.125.24.0-255,5738,231253,17,237123
8443,0.015555,172.31.36.0-255,66,231319,17,237123
8444,0.018128,74.125.24.0-255,5738,237057,17,237123
8445,0.018138,172.31.36.0-255,66,237123,17,237123
8446,0.0,172.217.194.0-255,153,153,17,181445
8447,2.7e-05,172.217.194.0-255,1484,1637,17,181445
8448,3.5e-05,172.31.36.0-255,66,1703,17,181445
8449,4.2e-05,172.217.194.0-255,2902,4605,17,181445
8450,4.6e-05,172.31.36.0-255,66,4671,17,181445
8451,6.2e-05,172.217.194.0-255,7156,11827,17,181445
8452,6.5e-05,172.31.36.0-255,66,11893,17,181445
8453,6.9e-05,172.217.194.0-255,1992,13885,17,181445
8454,7.1e-05,172.31.36.0-255,66,13951,17,181445
8455,0.000113,172.217.194.0-255,2902,16853,17,181445
8456,0.000117,172.31.36.0-255,66,16919,17,181445
8457,0.00012,172.217.194.0-255,1484,18403,17,181445
8458,0.00015,172.217.194.0-255,2902,21305,17,181445
8459,0.000153,172.31.36.0-255,66,21371,17,181445
8460,0.000159,172.217.194.0-255,4320,25691,17,181445
8461,0.000161,172.31.36.0-255,66,25757,17,181445
8462,0.000191,172.217.194.0-255,4320,30077,17,181445
8463,0.000195,172.31.36.0-255,66,30143,17,181445
8464,0.000198,172.217.194.0-255,1125,31268,17,181445
8465,0.000354,172.217.194.0-255,1484,32752,17,181445
8466,0.000358,172.31.36.0-255,66,32818,17,181445
8467,0.000364,172.217.194.0-255,2902,35720,17,181445
8468,0.000367,172.31.36.0-255,66,35786,17,181445
8469,0.000387,172.217.194.0-255,5738,41524,17,181445
8470,0.000396,172.31.36.0-255,66,41590,17,181445
8471,0.0004,172.217.194.0-255,1484,43074,17,181445
8472,0.00043,172.31.36.0-255,66,43140,17,181445
8473,0.000456,172.217.194.0-255,2543,45683,17,181445
8474,0.000461,172.31.36.0-255,66,45749,17,181445
8475,0.000474,172.31.36.0-255,66,45815,17,181445
8476,0.001118,172.217.194.0-255,645,46460,17,181445
8477,0.001335,172.217.194.0-255,1484,47944,17,181445
8478,0.001343,172.31.36.0-255,66,48010,17,181445
8479,0.00135,172.217.194.0-255,2902,50912,17,181445
8480,0.001352,172.31.36.0-255,66,50978,17,181445
8481,0.001366,172.217.194.0-255,5738,56716,17,181445
8482,0.001369,172.31.36.0-255,66,56782,17,181445
8483,0.001377,172.217.194.0-255,7156,63938,17,181445
8484,0.00138,172.31.36.0-255,66,64004,17,181445
8485,0.001418,172.217.194.0-255,5738,69742,17,181445
8486,0.001422,172.31.36.0-255,66,69808,17,181445
8487,0.001438,172.31.36.0-255,66,69874,17,181445
8488,0.00167,172.217.194.0-255,1484,71358,17,181445
8489,0.001674,172.217.194.0-255,1484,72842,17,181445
8490,0.001677,172.31.36.0-255,66,72908,17,181445
8491,0.001687,172.217.194.0-255,1484,74392,17,181445
8492,0.001697,172.217.194.0-255,5738,80130,17,181445
8493,0.001699,172.31.36.0-255,66,80196,17,181445
8494,0.001734,172.217.194.0-255,4320,84516,17,181445
8495,0.001736,172.31.36.0-255,66,84582,17,181445
8496,0.001769,172.31.36.0-255,66,84648,17,181445
8497,0.001804,172.217.194.0-255,2902,87550,17,181445
8498,0.001806,172.31.36.0-255,66,87616,17,181445
8499,0.001838,172.31.36.0-255,66,87682,17,181445
8500,0.00184,172.217.194.0-255,1484,89166,17,181445
8501,0.001872,172.217.194.0-255,2902,92068,17,181445
8502,0.001874,172.31.36.0-255,66,92134,17,181445
8503,0.00188,172.217.194.0-255,5738,97872,17,181445
8504,0.001882,172.31.36.0-255,66,97938,17,181445
8505,0.001912,172.31.36.0-255,66,98004,17,181445
8506,0.001923,172.217.194.0-255,1484,99488,17,181445
8507,0.001965,172.217.194.0-255,1484,100972,17,181445
8508,0.001967,172.31.36.0-255,66,101038,17,181445
8509,0.002001,172.31.36.0-255,66,101104,17,181445
8510,0.002124,172.217.194.0-255,1484,102588,17,181445
8511,0.002138,172.217.194.0-255,2902,105490,17,181445
8512,0.00214,172.31.36.0-255,66,105556,17,181445
8513,0.002159,172.217.194.0-255,4320,109876,17,181445
8514,0.002161,172.31.36.0-255,66,109942,17,181445
8515,0.002184,172.217.194.0-255,1484,111426,17,181445
8516,0.002196,172.31.36.0-255,66,111492,17,181445
8517,0.002226,172.217.194.0-255,7156,118648,17,181445
8518,0.002229,172.31.36.0-255,66,118714,17,181445
8519,0.002259,172.217.194.0-255,3602,122316,17,181445
8520,0.002261,172.31.36.0-255,66,122382,17,181445
8521,0.00271,172.217.194.0-255,1484,123866,17,181445
8522,0.002729,172.217.194.0-255,2902,126768,17,181445
8523,0.002731,172.31.36.0-255,66,126834,17,181445
8524,0.00276,172.217.194.0-255,5738,132572,17,181445
8525,0.002762,172.31.36.0-255,66,132638,17,181445
8526,0.002768,172.217.194.0-255,5738,138376,17,181445
8527,0.00277,172.31.36.0-255,66,138442,17,181445
8528,0.002798,172.217.194.0-255,4320,142762,17,181445
8529,0.0028,172.31.36.0-255,66,142828,17,181445
8530,0.002822,172.217.194.0-255,2902,145730,17,181445
8531,0.002824,172.31.36.0-255,66,145796,17,181445
8532,0.002874,172.31.36.0-255,66,145862,17,181445
8533,0.002913,172.217.194.0-255,1484,147346,17,181445
8534,0.002933,172.217.194.0-255,2902,150248,17,181445
8535,0.002938,172.31.36.0-255,66,150314,17,181445
8536,0.002944,172.217.194.0-255,5738,156052,17,181445
8537,0.002947,172.31.36.0-255,66,156118,17,181445
8538,0.002988,172.31.36.0-255,66,156184,17,181445
8539,0.003017,172.217.194.0-255,1484,157668,17,181445
8540,0.003019,172.217.194.0-255,1484,159152,17,181445
8541,0.003022,172.31.36.0-255,66,159218,17,181445
8542,0.00304,172.31.36.0-255,66,159284,17,181445
8543,0.00307,172.217.194.0-255,2184,161468,17,181445
8544,0.003073,172.31.36.0-255,66,161534,17,181445
8545,0.003093,172.31.36.0-255,66,161600,17,181445
8546,0.003112,172.31.36.0-255,66,161666,17,181445
8547,0.003159,172.217.194.0-255,1484,163150,17,181445
8548,0.003197,172.31.36.0-255,66,163216,17,181445
8549,0.00321,172.31.36.0-255,66,163282,17,181445
8550,0.003225,172.31.36.0-255,66,163348,17,181445
8551,0.003235,172.31.36.0-255,66,163414,17,181445
8552,0.003252,172.31.36.0-255,66,163480,17,181445
8553,0.003257,172.217.194.0-255,5020,168500,17,181445
8554,0.003259,172.31.36.0-255,66,168566,17,181445
8555,0.003295,172.217.194.0-255,5738,174304,17,181445
8556,0.003299,172.31.36.0-255,66,174370,17,181445
8557,0.003348,172.31.36.0-255,66,174436,17,181445
8558,0.003356,172.217.194.0-255,6438,180874,17,181445
8559,0.003358,172.31.36.0-255,66,180940,17,181445
8560,0.003377,172.31.36.0-255,66,181006,17,181445
8561,0.00338,172.217.194.0-255,97,181103,17,181445
8562,0.003383,172.217.194.0-255,105,181208,17,181445
8563,0.005953,172.31.36.0-255,66,181274,17,181445
8564,0.005981,172.31.36.0-255,105,181379,17,181445
8565,0.00789,172.217.194.0-255,66,181445,17,181445
8566,0.0,74.125.24.0-255,153,153,17,145380
8567,1.6e-05,74.125.24.0-255,1484,1637,17,145380
8568,2.4e-05,172.31.36.0-255,66,1703,17,145380
8569,3.3e-05,74.125.24.0-255,2902,4605,17,145380
8570,3.6e-05,172.31.36.0-255,66,4671,17,145380
8571,4.3e-05,74.125.24.0-255,5738,10409,17,145380
8572,5.4e-05,172.31.36.0-255,66,10475,17,145380
8573,6e-05,74.125.24.0-255,3457,13932,17,145380
8574,6.3e-05,172.31.36.0-255,66,13998,17,145380
8575,0.000108,74.125.24.0-255,2902,16900,17,145380
8576,0.000112,172.31.36.0-255,66,16966,17,145380
8577,0.000117,74.125.24.0-255,4320,21286,17,145380
8578,0.00012,172.31.36.0-255,66,21352,17,145380
8579,0.000154,172.31.36.0-255,66,21418,17,145380
8580,0.000158,74.125.24.0-255,1125,22543,17,145380
8581,0.000245,74.125.24.0-255,1484,24027,17,145380
8582,0.000248,172.31.36.0-255,66,24093,17,145380
8583,0.000268,74.125.24.0-255,2902,26995,17,145380
8584,0.000271,172.31.36.0-255,66,27061,17,145380
8585,0.000278,74.125.24.0-255,5738,32799,17,145380
8586,0.00028,172.31.36.0-255,66,32865,17,145380
8587,0.000342,172.31.36.0-255,66,32931,17,145380
8588,0.000398,74.125.24.0-255,416,33347,17,145380
8589,0.000505,172.31.36.0-255,66,33413,17,145380
8590,0.000535,74.125.24.0-255,1484,34897,17,145380
8591,0.00054,74.125.24.0-255,2902,37799,17,145380
8592,0.000543,74.125.24.0-255,1484,39283,17,145380
8593,0.000561,172.31.36.0-255,66,39349,17,145380
8594,0.000568,74.125.24.0-255,4320,43669,17,145380
8595,0.000573,74.125.24.0-255,5738,49407,17,145380
8596,0.000585,172.31.36.0-255,66,49473,17,145380
8597,0.000628,74.125.24.0-255,5020,54493,17,145380
8598,0.000636,172.31.36.0-255,66,54559,17,145380
8599,0.000854,74.125.24.0-255,1484,56043,17,145380
8600,0.000861,74.125.24.0-255,2902,58945,17,145380
8601,0.000864,172.31.36.0-255,66,59011,17,145380
8602,0.000872,74.125.24.0-255,5738,64749,17,145380
8603,0.000895,172.31.36.0-255,66,64815,17,145380
8604,0.00093,74.125.24.0-255,4320,69135,17,145380
8605,0.000943,172.31.36.0-255,66,69201,17,145380
8606,0.00096,74.125.24.0-255,6438,75639,17,145380
8607,0.000966,172.31.36.0-255,66,75705,17,145380
8608,0.001104,74.125.24.0-255,1484,77189,17,145380
8609,0.00111,74.125.24.0-255,2902,80091,17,145380
8610,0.001113,172.31.36.0-255,66,80157,17,145380
8611,0.00112,74.125.24.0-255,5738,85895,17,145380
8612,0.001138,172.31.36.0-255,66,85961,17,145380
8613,0.001144,74.125.24.0-255,4320,90281,17,145380
8614,0.001178,74.125.24.0-255,5738,96019,17,145380
8615,0.001195,74.125.24.0-255,5020,101039,17,145380
8616,0.0012,172.31.36.0-255,66,101105,17,145380
8617,0.001397,74.125.24.0-255,1484,102589,17,145380
8618,0.001406,74.125.24.0-255,2902,105491,17,145380
8619,0.001409,172.31.36.0-255,66,105557,17,145380
8620,0.001416,74.125.24.0-255,5738,111295,17,145380
8621,0.001419,74.125.24.0-255,1484,112779,17,145380
8622,0.001455,74.125.24.0-255,766,113545,17,145380
8623,0.001469,172.31.36.0-255,66,113611,17,145380
8624,0.001479,74.125.24.0-255,1484,115095,17,145380
8625,0.001495,74.125.24.0-255,2902,117997,17,145380
8626,0.001502,74.125.24.0-255,5738,123735,17,145380
8627,0.001525,74.125.24.0-255,2902,126637,17,145380
8628,0.001536,172.31.36.0-255,66,126703,17,145380
8629,0.001688,172.31.36.0-255,66,126769,17,145380
8630,0.0017,74.125.24.0-255,2184,128953,17,145380
8631,0.001727,74.125.24.0-255,1484,130437,17,145380
8632,0.001746,172.31.36.0-255,66,130503,17,145380
8633,0.001751,74.125.24.0-255,2902,133405,17,145380
8634,0.001757,74.125.24.0-255,5738,139143,17,145380
8635,0.001768,172.31.36.0-255,66,139209,17,145380
8636,0.00182,172.31.36.0-255,66,139275,17,145380
8637,0.001867,172.31.36.0-255,66,139341,17,145380
8638,0.001912,172.31.36.0-255,66,139407,17,145380
8639,0.001964,172.31.36.0-255,66,139473,17,145380
8640,0.001974,172.31.36.0-255,66,139539,17,145380
8641,0.002015,172.31.36.0-255,66,139605,17,145380
8642,0.002055,74.125.24.0-255,5433,145038,17,145380
8643,0.00207,172.31.36.0-255,66,145104,17,145380
8644,0.002094,74.125.24.0-255,105,145209,17,145380
8645,0.004628,172.31.36.0-255,105,145314,17,145380
8646,0.006659,74.125.24.0-255,66,145380,17,145380
8647,0.0,74.125.24.0-255,150,150,17,179621
8648,2.1e-05,172.31.36.0-255,66,216,17,179621
8649,2.7e-05,74.125.24.0-255,1484,1700,17,179621
8650,3.1e-05,172.31.36.0-255,66,1766,17,179621
8651,3.6e-05,74.125.24.0-255,2902,4668,17,179621
8652,4.5e-05,172.31.36.0-255,66,4734,17,179621
8653,5.3e-05,74.125.24.0-255,7156,11890,17,179621
8654,5.5e-05,172.31.36.0-255,66,11956,17,179621
8655,9.1e-05,172.31.36.0-255,66,12022,17,179621
8656,0.000101,172.31.36.0-255,66,12088,17,179621
8657,0.000126,74.125.24.0-255,2543,14631,17,179621
8658,0.000133,172.31.36.0-255,66,14697,17,179621
8659,0.000201,74.125.24.0-255,1484,16181,17,179621
8660,0.000204,172.31.36.0-255,66,16247,17,179621
8661,0.000221,74.125.24.0-255,2902,19149,17,179621
8662,0.000223,172.31.36.0-255,66,19215,17,179621
8663,0.000226,74.125.24.0-255,1484,20699,17,179621
8664,0.000228,172.31.36.0-255,66,20765,17,179621
8665,0.000253,74.125.24.0-255,4320,25085,17,179621
8666,0.000256,172.31.36.0-255,66,25151,17,179621
8667,0.000287,74.125.24.0-255,2902,28053,17,179621
8668,0.000289,172.31.36.0-255,66,28119,17,179621
8669,0.000324,172.31.36.0-255,66,28185,17,179621
8670,0.000345,74.125.24.0-255,7156,35341,17,179621
8671,0.000348,172.31.36.0-255,66,35407,17,179621
8672,0.00037,74.125.24.0-255,1484,36891,17,179621
8673,0.000371,172.31.36.0-255,66,36957,17,179621
8674,0.000374,74.125.24.0-255,1463,38420,17,179621
8675,0.000377,172.31.36.0-255,66,38486,17,179621
8676,0.000416,74.125.24.0-255,1484,39970,17,179621
8677,0.000421,74.125.24.0-255,2902,42872,17,179621
8678,0.000424,74.125.24.0-255,2902,45774,17,179621
8679,0.000442,74.125.24.0-255,2902,48676,17,179621
8680,0.000445,74.125.24.0-255,1484,50160,17,179621
8681,0.000463,74.125.24.0-255,5379,55539,17,179621
8682,0.000487,74.125.24.0-255,7156,62695,17,179621
8683,0.00049,74.125.24.0-255,2902,65597,17,179621
8684,0.000507,74.125.24.0-255,6499,72096,17,179621
8685,0.000541,74.125.24.0-255,5738,77834,17,179621
8686,0.000552,74.125.24.0-255,2902,80736,17,179621
8687,0.000554,74.125.24.0-255,1484,82220,17,179621
8688,0.00059,172.31.36.0-255,66,82286,17,179621
8689,0.000599,74.125.24.0-255,1484,83770,17,179621
8690,0.000674,172.31.36.0-255,66,83836,17,179621
8691,0.000856,74.125.24.0-255,1484,85320,17,179621
8692,0.000861,74.125.24.0-255,2902,88222,17,179621
8693,0.000878,74.125.24.0-255,5738,93960,17,179621
8694,0.000883,172.31.36.0-255,66,94026,17,179621
8695,0.00091,74.125.24.0-255,5738,99764,17,179621
8696,0.000924,74.125.24.0-255,2543,102307,17,179621
8697,0.000941,172.31.36.0-255,66,102373,17,179621
8698,0.00096,74.125.24.0-255,4320,106693,17,179621
8699,0.000978,74.125.24.0-255,5738,112431,17,179621
8700,0.000982,172.31.36.0-255,66,112497,17,179621
8701,0.000992,74.125.24.0-255,5738,118235,17,179621
8702,0.001008,74.125.24.0-255,1484,119719,17,179621
8703,0.001013,172.31.36.0-255,66,119785,17,179621
8704,0.00103,74.125.24.0-255,6438,126223,17,179621
8705,0.001063,172.31.36.0-255,66,126289,17,179621
8706,0.001451,74.125.24.0-255,1484,127773,17,179621
8707,0.001456,74.125.24.0-255,2902,130675,17,179621
8708,0.001465,172.31.36.0-255,66,130741,17,179621
8709,0.001471,74.125.24.0-255,4320,135061,17,179621
8710,0.001492,74.125.24.0-255,1484,136545,17,179621
8711,0.001497,74.125.24.0-255,2902,139447,17,179621
8712,0.001508,172.31.36.0-255,66,139513,17,179621
8713,0.001571,172.31.36.0-255,66,139579,17,179621
8714,0.001953,74.125.24.0-255,1484,141063,17,179621
8715,0.001959,74.125.24.0-255,2902,143965,17,179621
8716,0.001964,172.31.36.0-255,66,144031,17,179621
8717,0.001998,74.125.24.0-255,5738,149769,17,179621
8718,0.002034,74.125.24.0-255,4320,154089,17,179621
8719,0.00204,172.31.36.0-255,66,154155,17,179621
8720,0.00206,74.125.24.0-255,6438,160593,17,179621
8721,0.002069,172.31.36.0-255,66,160659,17,179621
8722,0.004525,74.125.24.0-255,5738,166397,17,179621
8723,0.004534,172.31.36.0-255,66,166463,17,179621
8724,0.006999,74.125.24.0-255,2902,169365,17,179621
8725,0.00702,74.125.24.0-255,2902,172267,17,179621
8726,0.015462,74.125.24.0-255,1484,173751,17,179621
8727,0.017125,172.31.36.0-255,66,173817,17,179621
8728,0.019613,74.125.24.0-255,5738,179555,17,179621
8729,0.019624,172.31.36.0-255,66,179621,17,179621
8730,0.0,74.125.24.0-255,153,153,17,256975
8731,2.7e-05,74.125.24.0-255,1484,1637,17,256975
8732,3.6e-05,172.31.36.0-255,66,1703,17,256975
8733,4.3e-05,74.125.24.0-255,2902,4605,17,256975
8734,4.6e-05,172.31.36.0-255,66,4671,17,256975
8735,5e-05,74.125.24.0-255,2902,7573,17,256975
8736,5.3e-05,172.31.36.0-255,66,7639,17,256975
8737,7.1e-05,74.125.24.0-255,4320,11959,17,256975
8738,7.4e-05,172.31.36.0-255,66,12025,17,256975
8739,0.000104,74.125.24.0-255,1993,14018,17,256975
8740,0.000106,172.31.36.0-255,66,14084,17,256975
8741,0.000247,74.125.24.0-255,1484,15568,17,256975
8742,0.000271,74.125.24.0-255,2902,18470,17,256975
8743,0.000275,172.31.36.0-255,66,18536,17,256975
8744,0.00028,74.125.24.0-255,2902,21438,17,256975
8745,0.000283,172.31.36.0-255,66,21504,17,256975
8746,0.000297,74.125.24.0-255,2902,24406,17,256975
8747,0.000301,172.31.36.0-255,66,24472,17,256975
8748,0.000333,74.125.24.0-255,4320,28792,17,256975
8749,0.000339,172.31.36.0-255,66,28858,17,256975
8750,0.00035,74.125.24.0-255,2543,31401,17,256975
8751,0.000352,172.31.36.0-255,66,31467,17,256975
8752,0.000358,74.125.24.0-255,4320,35787,17,256975
8753,0.00036,172.31.36.0-255,66,35853,17,256975
8754,0.000387,74.125.24.0-255,2902,38755,17,256975
8755,0.000391,172.31.36.0-255,66,38821,17,256975
8756,0.000396,74.125.24.0-255,4320,43141,17,256975
8757,0.000398,172.31.36.0-255,66,43207,17,256975
8758,0.000433,74.125.24.0-255,1484,44691,17,256975
8759,0.000446,74.125.24.0-255,3961,48652,17,256975
8760,0.00045,172.31.36.0-255,66,48718,17,256975
8761,0.000967,74.125.24.0-255,1484,50202,17,256975
8762,0.000977,74.125.24.0-255,2902,53104,17,256975
8763,0.000982,172.31.36.0-255,66,53170,17,256975
8764,0.000987,74.125.24.0-255,1484,54654,17,256975
8765,0.001005,74.125.24.0-255,4320,58974,17,256975
8766,0.001007,172.31.36.0-255,66,59040,17,256975
8767,0.001023,74.125.24.0-255,2902,61942,17,256975
8768,0.001026,172.31.36.0-255,66,62008,17,256975
8769,0.001045,172.31.36.0-255,66,62074,17,256975
8770,0.001067,74.125.24.0-255,2543,64617,17,256975
8771,0.00107,172.31.36.0-255,66,64683,17,256975
8772,0.001074,74.125.24.0-255,1484,66167,17,256975
8773,0.001089,74.125.24.0-255,2902,69069,17,256975
8774,0.001091,172.31.36.0-255,66,69135,17,256975
8775,0.001112,74.125.24.0-255,5958,75093,17,256975
8776,0.001114,172.31.36.0-255,66,75159,17,256975
8777,0.001391,74.125.24.0-255,1484,76643,17,256975
8778,0.001398,74.125.24.0-255,2902,79545,17,256975
8779,0.001401,172.31.36.0-255,66,79611,17,256975
8780,0.001417,74.125.24.0-255,4320,83931,17,256975
8781,0.001419,172.31.36.0-255,66,83997,17,256975
8782,0.001439,74.125.24.0-255,1484,85481,17,256975
8783,0.001453,74.125.24.0-255,5738,91219,17,256975
8784,0.001456,172.31.36.0-255,66,91285,17,256975
8785,0.001476,74.125.24.0-255,2543,93828,17,256975
8786,0.001478,172.31.36.0-255,66,93894,17,256975
8787,0.001488,172.31.36.0-255,66,93960,17,256975
8788,0.001534,74.125.24.0-255,5738,99698,17,256975
8789,0.001536,172.31.36.0-255,66,99764,17,256975
8790,0.001552,74.125.24.0-255,462,100226,17,256975
8791,0.001787,74.125.24.0-255,760,100986,17,256975
8792,0.001822,74.125.24.0-255,1484,102470,17,256975
8793,0.001824,172.31.36.0-255,66,102536,17,256975
8794,0.001855,74.125.24.0-255,2902,105438,17,256975
8795,0.001857,172.31.36.0-255,66,105504,17,256975
8796,0.001922,74.125.24.0-255,1484,106988,17,256975
8797,0.00194,74.125.24.0-255,2902,109890,17,256975
8798,0.001942,172.31.36.0-255,66,109956,17,256975
8799,0.001969,74.125.24.0-255,1484,111440,17,256975
8800,0.001989,74.125.24.0-255,2902,114342,17,256975
8801,0.001991,172.31.36.0-255,66,114408,17,256975
8802,0.002013,74.125.24.0-255,1484,115892,17,256975
8803,0.002032,74.125.24.0-255,2902,118794,17,256975
8804,0.002034,172.31.36.0-255,66,118860,17,256975
8805,0.002057,74.125.24.0-255,5738,124598,17,256975
8806,0.00206,172.31.36.0-255,66,124664,17,256975
8807,0.002062,74.125.24.0-255,1484,126148,17,256975
8808,0.002078,74.125.24.0-255,4320,130468,17,256975
8809,0.00208,172.31.36.0-255,66,130534,17,256975
8810,0.002126,74.125.24.0-255,5020,135554,17,256975
8811,0.002129,172.31.36.0-255,66,135620,17,256975
8812,0.002293,74.125.24.0-255,1484,137104,17,256975
8813,0.002307,74.125.24.0-255,2902,140006,17,256975
8814,0.002309,172.31.36.0-255,66,140072,17,256975
8815,0.002335,74.125.24.0-255,2902,142974,17,256975
8816,0.002338,172.31.36.0-255,66,143040,17,256975
8817,0.002354,74.125.24.0-255,2902,145942,17,256975
8818,0.002356,172.31.36.0-255,66,146008,17,256975
8819,0.00236,74.125.24.0-255,2902,148910,17,256975
8820,0.002362,172.31.36.0-255,66,148976,17,256975
8821,0.002378,74.125.24.0-255,1484,150460,17,256975
8822,0.002384,74.125.24.0-255,5738,156198,17,256975
8823,0.002387,172.31.36.0-255,66,156264,17,256975
8824,0.00243,172.31.36.0-255,66,156330,17,256975
8825,0.002448,74.125.24.0-255,2902,159232,17,256975
8826,0.00245,172.31.36.0-255,66,159298,17,256975
8827,0.002452,74.125.24.0-255,766,160064,17,256975
8828,0.003996,74.125.24.0-255,1484,161548,17,256975
8829,0.004002,172.31.36.0-255,66,161614,17,256975
8830,0.004008,74.125.24.0-255,2902,164516,17,256975
8831,0.00401,172.31.36.0-255,66,164582,17,256975
8832,0.004017,74.125.24.0-255,5738,170320,17,256975
8833,0.004021,172.31.36.0-255,66,170386,17,256975
8834,0.004053,172.31.36.0-255,66,170452,17,256975
8835,0.004065,172.31.36.0-255,66,170518,17,256975
8836,0.004085,74.125.24.0-255,766,171284,17,256975
8837,0.00422,74.125.24.0-255,1484,172768,17,256975
8838,0.004224,172.31.36.0-255,66,172834,17,256975
8839,0.00423,74.125.24.0-255,2902,175736,17,256975
8840,0.004232,172.31.36.0-255,66,175802,17,256975
8841,0.004237,74.125.24.0-255,2902,178704,17,256975
8842,0.004239,172.31.36.0-255,66,178770,17,256975
8843,0.004259,74.125.24.0-255,2902,181672,17,256975
8844,0.004263,172.31.36.0-255,66,181738,17,256975
8845,0.004269,74.125.24.0-255,5738,187476,17,256975
8846,0.004271,172.31.36.0-255,66,187542,17,256975
8847,0.004277,74.125.24.0-255,5738,193280,17,256975
8848,0.00428,172.31.36.0-255,66,193346,17,256975
8849,0.004312,74.125.24.0-255,7156,200502,17,256975
8850,0.004315,172.31.36.0-255,66,200568,17,256975
8851,0.004349,172.31.36.0-255,66,200634,17,256975
8852,0.004354,172.31.36.0-255,66,200700,17,256975
8853,0.004375,74.125.24.0-255,7156,207856,17,256975
8854,0.004378,172.31.36.0-255,66,207922,17,256975
8855,0.004392,172.31.36.0-255,66,207988,17,256975
8856,0.004413,74.125.24.0-255,1484,209472,17,256975
8857,0.004429,74.125.24.0-255,7156,216628,17,256975
8858,0.004432,172.31.36.0-255,66,216694,17,256975
8859,0.004453,74.125.24.0-255,4320,221014,17,256975
8860,0.004455,172.31.36.0-255,66,221080,17,256975
8861,0.004468,172.31.36.0-255,66,221146,17,256975
8862,0.00449,74.125.24.0-255,2902,224048,17,256975
8863,0.004492,172.31.36.0-255,66,224114,17,256975
8864,0.004499,74.125.24.0-255,6438,230552,17,256975
8865,0.004501,172.31.36.0-255,66,230618,17,256975
8866,0.004505,74.125.24.0-255,2902,233520,17,256975
8867,0.004507,172.31.36.0-255,66,233586,17,256975
8868,0.004548,172.31.36.0-255,66,233652,17,256975
8869,0.004553,74.125.24.0-255,4320,237972,17,256975
8870,0.004555,172.31.36.0-255,66,238038,17,256975
8871,0.00456,74.125.24.0-255,4320,242358,17,256975
8872,0.004562,172.31.36.0-255,66,242424,17,256975
8873,0.004632,74.125.24.0-255,4320,246744,17,256975
8874,0.004636,172.31.36.0-255,78,246822,17,256975
8875,0.004656,172.31.36.0-255,66,246888,17,256975
8876,0.00467,172.31.36.0-255,66,246954,17,256975
8877,0.004676,74.125.24.0-255,5738,252692,17,256975
8878,0.004678,172.31.36.0-255,66,252758,17,256975
8879,0.004682,74.125.24.0-255,2902,255660,17,256975
8880,0.004685,172.31.36.0-255,66,255726,17,256975
8881,0.004728,172.31.36.0-255,66,255792,17,256975
8882,0.004731,74.125.24.0-255,744,256536,17,256975
8883,0.004733,74.125.24.0-255,97,256633,17,256975
8884,0.004759,74.125.24.0-255,105,256738,17,256975
8885,0.005896,172.31.36.0-255,66,256804,17,256975
8886,0.005922,172.31.36.0-255,105,256909,17,256975
8887,0.00821,74.125.24.0-255,66,256975,17,256975
8888,0.0,172.217.194.0-255,153,153,17,104334
8889,2.4e-05,172.31.36.0-255,66,219,17,104334
8890,3.2e-05,172.217.194.0-255,1484,1703,17,104334
8891,3.7e-05,172.31.36.0-255,66,1769,17,104334
8892,4.3e-05,172.217.194.0-255,2902,4671,17,104334
8893,4.6e-05,172.31.36.0-255,66,4737,17,104334
8894,0.000118,172.217.194.0-255,4320,9057,17,104334
8895,0.000122,172.31.36.0-255,66,9123,17,104334
8896,0.000254,172.217.194.0-255,4919,14042,17,104334
8897,0.000261,172.31.36.0-255,66,14108,17,104334
8898,0.000381,172.217.194.0-255,5738,19846,17,104334
8899,0.000387,172.31.36.0-255,66,19912,17,104334
8900,0.000569,172.217.194.0-255,5738,25650,17,104334
8901,0.000575,172.31.36.0-255,66,25716,17,104334
8902,0.000714,172.217.194.0-255,5738,31454,17,104334
8903,0.000718,172.31.36.0-255,66,31520,17,104334
8904,0.000745,172.31.36.0-255,66,31586,17,104334
8905,0.001131,172.217.194.0-255,7156,38742,17,104334
8906,0.001136,172.31.36.0-255,66,38808,17,104334
8907,0.001171,172.31.36.0-255,66,38874,17,104334
8908,0.001708,172.217.194.0-255,7156,46030,17,104334
8909,0.001715,172.31.36.0-255,66,46096,17,104334
8910,0.001764,172.31.36.0-255,66,46162,17,104334
8911,0.002656,172.217.194.0-255,4320,50482,17,104334
8912,0.00266,172.31.36.0-255,66,50548,17,104334
8913,0.002693,172.31.36.0-255,66,50614,17,104334
8914,0.002713,172.217.194.0-255,7156,57770,17,104334
8915,0.002715,172.31.36.0-255,66,57836,17,104334
8916,0.002738,172.217.194.0-255,2902,60738,17,104334
8917,0.003619,172.217.194.0-255,2902,63640,17,104334
8918,0.004249,172.31.36.0-255,66,63706,17,104334
8919,0.006369,172.217.194.0-255,5738,69444,17,104334
8920,0.006381,172.31.36.0-255,66,69510,17,104334
8921,0.008529,172.217.194.0-255,5738,75248,17,104334
8922,0.008538,172.31.36.0-255,66,75314,17,104334
8923,0.010722,172.217.194.0-255,5738,81052,17,104334
8924,0.010738,172.31.36.0-255,66,81118,17,104334
8925,0.012883,172.217.194.0-255,5738,86856,17,104334
8926,0.0129,172.31.36.0-255,66,86922,17,104334
8927,0.01502,172.217.194.0-255,5738,92660,17,104334
8928,0.015286,172.31.36.0-255,66,92726,17,104334
8929,0.017424,172.217.194.0-255,5738,98464,17,104334
8930,0.017436,172.31.36.0-255,66,98530,17,104334
8931,0.01963,172.217.194.0-255,5738,104268,17,104334
8932,0.019649,172.31.36.0-255,66,104334,17,104334
8933,0.0,172.217.194.0-255,146,146,17,245860
8934,2.4e-05,172.31.36.0-255,66,212,17,245860
8935,3.1e-05,172.217.194.0-255,1484,1696,17,245860
8936,3.5e-05,172.31.36.0-255,66,1762,17,245860
8937,4e-05,172.217.194.0-255,2902,4664,17,245860
8938,4.4e-05,172.31.36.0-255,66,4730,17,245860
8939,5.2e-05,172.217.194.0-255,7156,11886,17,245860
8940,5.5e-05,172.31.36.0-255,66,11952,17,245860
8941,9.9e-05,172.31.36.0-255,66,12018,17,245860
8942,0.000118,172.217.194.0-255,670,12688,17,245860
8943,0.000121,172.31.36.0-255,66,12754,17,245860
8944,0.000126,172.217.194.0-255,2543,15297,17,245860
8945,0.000128,172.31.36.0-255,66,15363,17,245860
8946,0.000189,172.217.194.0-255,1484,16847,17,245860
8947,0.000191,172.31.36.0-255,66,16913,17,245860
8948,0.000197,172.217.194.0-255,2902,19815,17,245860
8949,0.000199,172.31.36.0-255,66,19881,17,245860
8950,0.000231,172.217.194.0-255,5738,25619,17,245860
8951,0.000234,172.31.36.0-255,66,25685,17,245860
8952,0.000242,172.217.194.0-255,6797,32482,17,245860
8953,0.000244,172.31.36.0-255,66,32548,17,245860
8954,0.000282,172.217.194.0-255,7156,39704,17,245860
8955,0.000285,172.31.36.0-255,66,39770,17,245860
8956,0.000309,172.217.194.0-255,7156,46926,17,245860
8957,0.000312,172.31.36.0-255,66,46992,17,245860
8958,0.000316,172.217.194.0-255,2792,49784,17,245860
8959,0.000317,172.31.36.0-255,66,49850,17,245860
8960,0.00032,172.217.194.0-255,118,49968,17,245860
8961,0.000323,172.31.36.0-255,66,50034,17,245860
8962,0.000417,172.217.194.0-255,1484,51518,17,245860
8963,0.00042,172.31.36.0-255,66,51584,17,245860
8964,0.000437,172.217.194.0-255,1484,53068,17,245860
8965,0.000459,172.217.194.0-255,1484,54552,17,245860
8966,0.000461,172.31.36.0-255,66,54618,17,245860
8967,0.000467,172.217.194.0-255,4320,58938,17,245860
8968,0.000469,172.31.36.0-255,66,59004,17,245860
8969,0.000483,172.217.194.0-255,1484,60488,17,245860
8970,0.00049,172.217.194.0-255,5738,66226,17,245860
8971,0.000492,172.31.36.0-255,66,66292,17,245860
8972,0.00051,172.217.194.0-255,1125,67417,17,245860
8973,0.000515,172.217.194.0-255,2902,70319,17,245860
8974,0.000517,172.31.36.0-255,66,70385,17,245860
8975,0.000523,172.217.194.0-255,4320,74705,17,245860
8976,0.000525,172.31.36.0-255,66,74771,17,245860
8977,0.000531,172.217.194.0-255,4320,79091,17,245860
8978,0.000533,172.31.36.0-255,66,79157,17,245860
8979,0.000561,172.217.194.0-255,4320,83477,17,245860
8980,0.000565,172.31.36.0-255,66,83543,17,245860
8981,0.000568,172.217.194.0-255,1443,84986,17,245860
8982,0.000744,172.217.194.0-255,1484,86470,17,245860
8983,0.000749,172.31.36.0-255,66,86536,17,245860
8984,0.000752,172.217.194.0-255,1484,88020,17,245860
8985,0.000768,172.217.194.0-255,1484,89504,17,245860
8986,0.000771,172.31.36.0-255,66,89570,17,245860
8987,0.000776,172.217.194.0-255,2902,92472,17,245860
8988,0.000778,172.31.36.0-255,66,92538,17,245860
8989,0.000793,172.217.194.0-255,2902,95440,17,245860
8990,0.000796,172.31.36.0-255,66,95506,17,245860
8991,0.000871,172.31.36.0-255,66,95572,17,245860
8992,0.00089,172.31.36.0-255,66,95638,17,245860
8993,0.00091,172.217.194.0-255,2902,98540,17,245860
8994,0.000913,172.31.36.0-255,66,98606,17,245860
8995,0.000937,172.217.194.0-255,4320,102926,17,245860
8996,0.00094,172.31.36.0-255,66,102992,17,245860
8997,0.000946,172.217.194.0-255,4320,107312,17,245860
8998,0.000948,172.31.36.0-255,66,107378,17,245860
8999,0.000962,172.217.194.0-255,4320,111698,17,245860
9000,0.000965,172.31.36.0-255,66,111764,17,245860
9001,0.001003,172.217.194.0-255,7156,118920,17,245860
9002,0.001009,172.31.36.0-255,66,118986,17,245860
9003,0.001037,172.31.36.0-255,66,119052,17,245860
9004,0.001041,172.217.194.0-255,2184,121236,17,245860
9005,0.001043,172.31.36.0-255,66,121302,17,245860
9006,0.001223,172.217.194.0-255,1484,122786,17,245860
9007,0.001231,172.217.194.0-255,2902,125688,17,245860
9008,0.001234,172.31.36.0-255,66,125754,17,245860
9009,0.001238,172.217.194.0-255,1484,127238,17,245860
9010,0.001253,172.217.194.0-255,4320,131558,17,245860
9011,0.001256,172.31.36.0-255,66,131624,17,245860
9012,0.001263,172.217.194.0-255,5738,137362,17,245860
9013,0.001266,172.31.36.0-255,66,137428,17,245860
9014,0.001293,172.217.194.0-255,7156,144584,17,245860
9015,0.001297,172.31.36.0-255,66,144650,17,245860
9016,0.001326,172.217.194.0-255,2902,147552,17,245860
9017,0.001329,172.31.36.0-255,66,147618,17,245860
9018,0.001356,172.31.36.0-255,66,147684,17,245860
9019,0.001383,172.217.194.0-255,1484,149168,17,245860
9020,0.001399,172.217.194.0-255,1484,150652,17,245860
9021,0.001402,172.31.36.0-255,66,150718,17,245860
9022,0.001424,172.217.194.0-255,1484,152202,17,245860
9023,0.001431,172.217.194.0-255,5738,157940,17,245860
9024,0.001434,172.31.36.0-255,66,158006,17,245860
9025,0.00144,172.217.194.0-255,4320,162326,17,245860
9026,0.001442,172.31.36.0-255,66,162392,17,245860
9027,0.001474,172.31.36.0-255,66,162458,17,245860
9028,0.001482,172.217.194.0-255,7156,169614,17,245860
9029,0.001484,172.31.36.0-255,66,169680,17,245860
9030,0.0015,172.217.194.0-255,3602,173282,17,245860
9031,0.001502,172.31.36.0-255,66,173348,17,245860
9032,0.001535,172.217.194.0-255,1484,174832,17,245860
9033,0.001553,172.217.194.0-255,2902,177734,17,245860
9034,0.001556,172.31.36.0-255,66,177800,17,245860
9035,0.001563,172.217.194.0-255,5738,183538,17,245860
9036,0.001565,172.31.36.0-255,66,183604,17,245860
9037,0.00158,172.217.194.0-255,1484,185088,17,245860
9038,0.001602,172.217.194.0-255,5738,190826,17,245860
9039,0.001604,172.31.36.0-255,66,190892,17,245860
9040,0.001611,172.217.194.0-255,5738,196630,17,245860
9041,0.001613,172.31.36.0-255,66,196696,17,245860
9042,0.001641,172.217.194.0-255,5738,202434,17,245860
9043,0.001645,172.31.36.0-255,66,202500,17,245860
9044,0.001648,172.31.36.0-255,66,202566,17,245860
9045,0.001668,172.217.194.0-255,2184,204750,17,245860
9046,0.001671,172.31.36.0-255,66,204816,17,245860
9047,0.001682,172.31.36.0-255,66,204882,17,245860
9048,0.001699,172.31.36.0-255,66,204948,17,245860
9049,0.001714,172.217.194.0-255,2184,207132,17,245860
9050,0.001716,172.31.36.0-255,66,207198,17,245860
9051,0.001776,172.217.194.0-255,1484,208682,17,245860
9052,0.001787,172.217.194.0-255,1484,210166,17,245860
9053,0.00179,172.31.36.0-255,66,210232,17,245860
9054,0.001797,172.217.194.0-255,7156,217388,17,245860
9055,0.0018,172.31.36.0-255,66,217454,17,245860
9056,0.001807,172.217.194.0-255,5738,223192,17,245860
9057,0.001809,172.31.36.0-255,66,223258,17,245860
9058,0.001846,172.217.194.0-255,5738,228996,17,245860
9059,0.00185,172.31.36.0-255,66,229062,17,245860
9060,0.001863,172.31.36.0-255,66,229128,17,245860
9061,0.001869,172.217.194.0-255,4320,233448,17,245860
9062,0.001871,172.31.36.0-255,66,233514,17,245860
9063,0.001896,172.217.194.0-255,4320,237834,17,245860
9064,0.001899,172.31.36.0-255,66,237900,17,245860
9065,0.001911,172.31.36.0-255,66,237966,17,245860
9066,0.001914,172.217.194.0-255,1484,239450,17,245860
9067,0.001949,172.31.36.0-255,66,239516,17,245860
9068,0.001966,172.31.36.0-255,66,239582,17,245860
9069,0.001972,172.217.194.0-255,5738,245320,17,245860
9070,0.001975,172.31.36.0-255,66,245386,17,245860
9071,0.00202,172.31.36.0-255,66,245452,17,245860
9072,0.002033,172.31.36.0-255,66,245518,17,245860
9073,0.002062,172.217.194.0-255,105,245623,17,245860
9074,0.013881,172.31.36.0-255,66,245689,17,245860
9075,0.013935,172.31.36.0-255,105,245794,17,245860
9076,0.016252,172.217.194.0-255,66,245860,17,245860
9077,0.0,74.125.24.0-255,143,143,17,85888
9078,2.3e-05,172.31.36.0-255,66,209,17,85888
9079,3.1e-05,74.125.24.0-255,1484,1693,17,85888
9080,3.5e-05,172.31.36.0-255,66,1759,17,85888
9081,4.1e-05,74.125.24.0-255,2902,4661,17,85888
9082,4.4e-05,172.31.36.0-255,66,4727,17,85888
9083,5.1e-05,74.125.24.0-255,5738,10465,17,85888
9084,5.4e-05,172.31.36.0-255,66,10531,17,85888
9085,6.2e-05,74.125.24.0-255,4913,15444,17,85888
9086,6.6e-05,172.31.36.0-255,66,15510,17,85888
9087,7.3e-05,74.125.24.0-255,5738,21248,17,85888
9088,7.6e-05,172.31.36.0-255,66,21314,17,85888
9089,0.000112,172.31.36.0-255,66,21380,17,85888
9090,0.000127,74.125.24.0-255,1484,22864,17,85888
9091,0.00013,172.31.36.0-255,66,22930,17,85888
9092,0.000145,172.31.36.0-255,66,22996,17,85888
9093,0.000181,172.31.36.0-255,66,23062,17,85888
9094,0.000192,172.31.36.0-255,66,23128,17,85888
9095,0.000219,74.125.24.0-255,1393,24521,17,85888
9096,0.000222,172.31.36.0-255,66,24587,17,85888
9097,0.000414,74.125.24.0-255,129,24716,17,85888
9098,0.000418,172.31.36.0-255,66,24782,17,85888
9099,0.000606,74.125.24.0-255,354,25136,17,85888
9100,0.000609,172.31.36.0-255,66,25202,17,85888
9101,0.000893,74.125.24.0-255,1484,26686,17,85888
9102,0.000898,172.31.36.0-255,66,26752,17,85888
9103,0.000903,74.125.24.0-255,2902,29654,17,85888
9104,0.000905,172.31.36.0-255,66,29720,17,85888
9105,0.000919,74.125.24.0-255,5738,35458,17,85888
9106,0.000921,172.31.36.0-255,66,35524,17,85888
9107,0.000949,74.125.24.0-255,7156,42680,17,85888
9108,0.000951,172.31.36.0-255,66,42746,17,85888
9109,0.000963,74.125.24.0-255,1484,44230,17,85888
9110,0.001,172.31.36.0-255,66,44296,17,85888
9111,0.001004,74.125.24.0-255,2184,46480,17,85888
9112,0.001006,172.31.36.0-255,66,46546,17,85888
9113,0.004378,74.125.24.0-255,1484,48030,17,85888
9114,0.004389,74.125.24.0-255,2902,50932,17,85888
9115,0.004394,172.31.36.0-255,66,50998,17,85888
9116,0.004399,74.125.24.0-255,1484,52482,17,85888
9117,0.006663,74.125.24.0-255,4320,56802,17,85888
9118,0.006669,172.31.36.0-255,66,56868,17,85888
9119,0.00892,74.125.24.0-255,5738,62606,17,85888
9120,0.008929,172.31.36.0-255,66,62672,17,85888
9121,0.01118,74.125.24.0-255,5738,68410,17,85888
9122,0.011189,172.31.36.0-255,66,68476,17,85888
9123,0.013488,74.125.24.0-255,5738,74214,17,85888
9124,0.013499,172.31.36.0-255,66,74280,17,85888
9125,0.015761,74.125.24.0-255,5738,80018,17,85888
9126,0.015774,172.31.36.0-255,66,80084,17,85888
9127,0.018094,74.125.24.0-255,5738,85822,17,85888
9128,0.018111,172.31.36.0-255,66,85888,17,85888
9129,0.0,172.217.194.0-255,153,153,17,120159
9130,3.3e-05,172.31.36.0-255,66,219,17,120159
9131,4.1e-05,172.217.194.0-255,1484,1703,17,120159
9132,4.5e-05,172.31.36.0-255,66,1769,17,120159
9133,5e-05,172.217.194.0-255,2902,4671,17,120159
9134,5.3e-05,172.31.36.0-255,66,4737,17,120159
9135,6e-05,172.217.194.0-255,7156,11893,17,120159
9136,6.3e-05,172.31.36.0-255,66,11959,17,120159
9137,6.7e-05,172.217.194.0-255,2074,14033,17,120159
9138,7e-05,172.31.36.0-255,66,14099,17,120159
9139,0.000121,172.31.36.0-255,66,14165,17,120159
9140,0.000124,172.217.194.0-255,1484,15649,17,120159
9141,0.000126,172.31.36.0-255,66,15715,17,120159
9142,0.000161,172.217.194.0-255,2902,18617,17,120159
9143,0.000164,172.31.36.0-255,66,18683,17,120159
9144,0.000191,172.31.36.0-255,66,18749,17,120159
9145,0.000212,172.217.194.0-255,1484,20233,17,120159
9146,0.000215,172.31.36.0-255,66,20299,17,120159
9147,0.000236,172.217.194.0-255,6797,27096,17,120159
9148,0.000239,172.31.36.0-255,66,27162,17,120159
9149,0.000249,172.31.36.0-255,66,27228,17,120159
9150,0.00028,172.31.36.0-255,66,27294,17,120159
9151,0.000691,172.217.194.0-255,381,27675,17,120159
9152,0.000696,172.31.36.0-255,66,27741,17,120159
9153,0.001257,172.217.194.0-255,1484,29225,17,120159
9154,0.001264,172.31.36.0-255,66,29291,17,120159
9155,0.001273,172.217.194.0-255,2902,32193,17,120159
9156,0.001275,172.31.36.0-255,66,32259,17,120159
9157,0.001281,172.217.194.0-255,2902,35161,17,120159
9158,0.001283,172.31.36.0-255,66,35227,17,120159
9159,0.001311,172.217.194.0-255,2902,38129,17,120159
9160,0.001314,172.31.36.0-255,66,38195,17,120159
9161,0.001327,172.31.36.0-255,66,38261,17,120159
9162,0.00133,172.217.194.0-255,1484,39745,17,120159
9163,0.001367,172.217.194.0-255,5738,45483,17,120159
9164,0.00137,172.31.36.0-255,66,45549,17,120159
9165,0.001386,172.217.194.0-255,3602,49151,17,120159
9166,0.001389,172.31.36.0-255,66,49217,17,120159
9167,0.001533,172.217.194.0-255,1484,50701,17,120159
9168,0.001539,172.217.194.0-255,2902,53603,17,120159
9169,0.001542,172.31.36.0-255,66,53669,17,120159
9170,0.001545,172.217.194.0-255,1484,55153,17,120159
9171,0.001563,172.217.194.0-255,4320,59473,17,120159
9172,0.001565,172.31.36.0-255,66,59539,17,120159
9173,0.00157,172.217.194.0-255,4320,63859,17,120159
9174,0.001572,172.31.36.0-255,66,63925,17,120159
9175,0.001593,172.31.36.0-255,66,63991,17,120159
9176,0.001618,172.217.194.0-255,1484,65475,17,120159
9177,0.001664,172.217.194.0-255,7156,72631,17,120159
9178,0.001666,172.31.36.0-255,66,72697,17,120159
9179,0.001682,172.217.194.0-255,2184,74881,17,120159
9180,0.001684,172.31.36.0-255,66,74947,17,120159
9181,0.00399,172.217.194.0-255,2902,77849,17,120159
9182,0.003994,172.31.36.0-255,66,77915,17,120159
9183,0.004012,172.217.194.0-255,2902,80817,17,120159
9184,0.004015,172.31.36.0-255,66,80883,17,120159
9185,0.006276,172.217.194.0-255,4320,85203,17,120159
9186,0.006283,172.31.36.0-255,66,85269,17,120159
9187,0.006295,172.217.194.0-255,1484,86753,17,120159
9188,0.008545,172.217.194.0-255,4320,91073,17,120159
9189,0.008552,172.31.36.0-255,66,91139,17,120159
9190,0.010806,172.217.194.0-255,5738,96877,17,120159
9191,0.010815,172.31.36.0-255,66,96943,17,120159
9192,0.013083,172.217.194.0-255,5738,102681,17,120159
9193,0.013091,172.31.36.0-255,66,102747,17,120159
9194,0.015362,172.217.194.0-255,5738,108485,17,120159
9195,0.015371,172.31.36.0-255,66,108551,17,120159
9196,0.017651,172.217.194.0-255,5738,114289,17,120159
9197,0.017659,172.31.36.0-255,66,114355,17,120159
9198,0.019961,172.217.194.0-255,5738,120093,17,120159
9199,0.019971,172.31.36.0-255,66,120159,17,120159
9200,0.0,74.125.24.0-255,152,152,17,182425
9201,2.9e-05,172.31.36.0-255,66,218,17,182425
9202,3.7e-05,74.125.24.0-255,1484,1702,17,182425
9203,4.1e-05,172.31.36.0-255,66,1768,17,182425
9204,5.5e-05,74.125.24.0-255,2902,4670,17,182425
9205,5.8e-05,172.31.36.0-255,66,4736,17,182425
9206,6.7e-05,74.125.24.0-255,7156,11892,17,182425
9207,7e-05,172.31.36.0-255,66,11958,17,182425
9208,7.5e-05,74.125.24.0-255,2076,14034,17,182425
9209,7.8e-05,172.31.36.0-255,66,14100,17,182425
9210,0.000136,74.125.24.0-255,1484,15584,17,182425
9211,0.000139,172.31.36.0-255,66,15650,17,182425
9212,0.000144,74.125.24.0-255,2902,18552,17,182425
9213,0.000147,172.31.36.0-255,66,18618,17,182425
9214,0.000172,74.125.24.0-255,5738,24356,17,182425
9215,0.00018,172.31.36.0-255,66,24422,17,182425
9216,0.000225,172.31.36.0-255,66,24488,17,182425
9217,0.000242,172.31.36.0-255,66,24554,17,182425
9218,0.000279,172.31.36.0-255,66,24620,17,182425
9219,0.000323,74.125.24.0-255,5020,29640,17,182425
9220,0.000326,172.31.36.0-255,66,29706,17,182425
9221,0.000725,74.125.24.0-255,647,30353,17,182425
9222,0.000732,172.31.36.0-255,66,30419,17,182425
9223,0.000762,74.125.24.0-255,1484,31903,17,182425
9224,0.000766,172.31.36.0-255,66,31969,17,182425
9225,0.000771,74.125.24.0-255,2902,34871,17,182425
9226,0.000774,172.31.36.0-255,66,34937,17,182425
9227,0.000811,74.125.24.0-255,5738,40675,17,182425
9228,0.000814,172.31.36.0-255,66,40741,17,182425
9229,0.000841,74.125.24.0-255,7156,47897,17,182425
9230,0.000846,172.31.36.0-255,66,47963,17,182425
9231,0.000948,74.125.24.0-255,2902,50865,17,182425
9232,0.000951,74.125.24.0-255,575,51440,17,182425
9233,0.000956,172.31.36.0-255,66,51506,17,182425
9234,0.001067,74.125.24.0-255,1484,52990,17,182425
9235,0.001072,74.125.24.0-255,1484,54474,17,182425
9236,0.001092,74.125.24.0-255,1484,55958,17,182425
9237,0.001099,74.125.24.0-255,5738,61696,17,182425
9238,0.001104,74.125.24.0-255,4320,66016,17,182425
9239,0.001112,172.31.36.0-255,66,66082,17,182425
9240,0.001138,74.125.24.0-255,1484,67566,17,182425
9241,0.001168,74.125.24.0-255,2902,70468,17,182425
9242,0.001181,74.125.24.0-255,2902,73370,17,182425
9243,0.001185,74.125.24.0-255,4320,77690,17,182425
9244,0.001188,172.31.36.0-255,66,77756,17,182425
9245,0.001195,172.31.36.0-255,66,77822,17,182425
9246,0.001216,74.125.24.0-255,2902,80724,17,182425
9247,0.001241,74.125.24.0-255,6438,87162,17,182425
9248,0.001283,74.125.24.0-255,7156,94318,17,182425
9249,0.00129,172.31.36.0-255,66,94384,17,182425
9250,0.001328,74.125.24.0-255,1484,95868,17,182425
9251,0.001344,74.125.24.0-255,4320,100188,17,182425
9252,0.001352,172.31.36.0-255,66,100254,17,182425
9253,0.001379,74.125.24.0-255,766,101020,17,182425
9254,0.0014,172.31.36.0-255,66,101086,17,182425
9255,0.001529,74.125.24.0-255,1484,102570,17,182425
9256,0.001534,74.125.24.0-255,2902,105472,17,182425
9257,0.00155,74.125.24.0-255,5738,111210,17,182425
9258,0.001554,172.31.36.0-255,66,111276,17,182425
9259,0.001559,172.31.36.0-255,66,111342,17,182425
9260,0.001566,74.125.24.0-255,1484,112826,17,182425
9261,0.001628,172.31.36.0-255,66,112892,17,182425
9262,0.001637,74.125.24.0-255,2184,115076,17,182425
9263,0.001642,172.31.36.0-255,66,115142,17,182425
9264,0.001733,74.125.24.0-255,1484,116626,17,182425
9265,0.001757,74.125.24.0-255,2902,119528,17,182425
9266,0.001764,74.125.24.0-255,5738,125266,17,182425
9267,0.001771,172.31.36.0-255,66,125332,17,182425
9268,0.001783,74.125.24.0-255,5738,131070,17,182425
9269,0.001787,172.31.36.0-255,66,131136,17,182425
9270,0.001818,74.125.24.0-255,7156,138292,17,182425
9271,0.001841,172.31.36.0-255,66,138358,17,182425
9272,0.001902,172.31.36.0-255,66,138424,17,182425
9273,0.001939,74.125.24.0-255,1484,139908,17,182425
9274,0.001945,74.125.24.0-255,2902,142810,17,182425
9275,0.001957,172.31.36.0-255,66,142876,17,182425
9276,0.001964,74.125.24.0-255,5738,148614,17,182425
9277,0.001978,172.31.36.0-255,66,148680,17,182425
9278,0.002006,74.125.24.0-255,2902,151582,17,182425
9279,0.002022,172.31.36.0-255,66,151648,17,182425
9280,0.002057,172.31.36.0-255,66,151714,17,182425
9281,0.002066,74.125.24.0-255,2184,153898,17,182425
9282,0.002071,172.31.36.0-255,66,153964,17,182425
9283,0.002093,74.125.24.0-255,1484,155448,17,182425
9284,0.002099,74.125.24.0-255,2902,158350,17,182425
9285,0.002105,74.125.24.0-255,5738,164088,17,182425
9286,0.002121,74.125.24.0-255,2902,166990,17,182425
9287,0.00213,172.31.36.0-255,66,167056,17,182425
9288,0.002166,74.125.24.0-255,7156,174212,17,182425
9289,0.002179,74.125.24.0-255,1484,175696,17,182425
9290,0.002185,172.31.36.0-255,66,175762,17,182425
9291,0.002256,74.125.24.0-255,2902,178664,17,182425
9292,0.002261,172.31.36.0-255,66,178730,17,182425
9293,0.002314,172.31.36.0-255,66,178796,17,182425
9294,0.00234,74.125.24.0-255,3458,182254,17,182425
9295,0.002344,74.125.24.0-255,105,182359,17,182425
9296,0.002357,172.31.36.0-255,66,182425,17,182425
9297,0.0,172.217.194.0-255,146,146,17,219334
9298,2.3e-05,172.31.36.0-255,66,212,17,219334
9299,3e-05,172.217.194.0-255,1484,1696,17,219334
9300,3.4e-05,172.31.36.0-255,66,1762,17,219334
9301,4.1e-05,172.217.194.0-255,2902,4664,17,219334
9302,4.3e-05,172.31.36.0-255,66,4730,17,219334
9303,5.9e-05,172.217.194.0-255,7156,11886,17,219334
9304,6.2e-05,172.31.36.0-255,66,11952,17,219334
9305,6.7e-05,172.217.194.0-255,2046,13998,17,219334
9306,6.9e-05,172.31.36.0-255,66,14064,17,219334
9307,0.000161,172.217.194.0-255,1484,15548,17,219334
9308,0.000165,172.31.36.0-255,66,15614,17,219334
9309,0.000169,172.217.194.0-255,1484,17098,17,219334
9310,0.000171,172.31.36.0-255,66,17164,17,219334
9311,0.000206,172.217.194.0-255,1484,18648,17,219334
9312,0.000209,172.31.36.0-255,66,18714,17,219334
9313,0.000219,172.217.194.0-255,5738,24452,17,219334
9314,0.000228,172.31.36.0-255,66,24518,17,219334
9315,0.000235,172.217.194.0-255,5738,30256,17,219334
9316,0.000237,172.31.36.0-255,66,30322,17,219334
9317,0.000243,172.217.194.0-255,5738,36060,17,219334
9318,0.000245,172.31.36.0-255,66,36126,17,219334
9319,0.000291,172.31.36.0-255,66,36192,17,219334
9320,0.000301,172.31.36.0-255,66,36258,17,219334
9321,0.00031,172.217.194.0-255,2902,39160,17,219334
9322,0.000312,172.31.36.0-255,66,39226,17,219334
9323,0.000348,172.217.194.0-255,5738,44964,17,219334
9324,0.000351,172.31.36.0-255,66,45030,17,219334
9325,0.000356,172.217.194.0-255,3602,48632,17,219334
9326,0.000358,172.31.36.0-255,66,48698,17,219334
9327,0.000409,172.217.194.0-255,646,49344,17,219334
9328,0.000653,172.217.194.0-255,1484,50828,17,219334
9329,0.000661,172.31.36.0-255,66,50894,17,219334
9330,0.000672,172.217.194.0-255,2902,53796,17,219334
9331,0.000674,172.31.36.0-255,66,53862,17,219334
9332,0.000706,172.217.194.0-255,5738,59600,17,219334
9333,0.000709,172.31.36.0-255,66,59666,17,219334
9334,0.000714,172.217.194.0-255,2902,62568,17,219334
9335,0.000716,172.31.36.0-255,66,62634,17,219334
9336,0.000766,172.31.36.0-255,66,62700,17,219334
9337,0.000784,172.31.36.0-255,66,62766,17,219334
9338,0.000788,172.217.194.0-255,2902,65668,17,219334
9339,0.00079,172.31.36.0-255,66,65734,17,219334
9340,0.000826,172.31.36.0-255,66,65800,17,219334
9341,0.000848,172.217.194.0-255,7156,72956,17,219334
9342,0.000851,172.31.36.0-255,66,73022,17,219334
9343,0.000871,172.217.194.0-255,7156,80178,17,219334
9344,0.000874,172.31.36.0-255,66,80244,17,219334
9345,0.000903,172.217.194.0-255,6438,86682,17,219334
9346,0.000905,172.31.36.0-255,66,86748,17,219334
9347,0.000995,172.217.194.0-255,1484,88232,17,219334
9348,0.001,172.217.194.0-255,1484,89716,17,219334
9349,0.001002,172.31.36.0-255,66,89782,17,219334
9350,0.001028,172.217.194.0-255,1484,91266,17,219334
9351,0.001035,172.217.194.0-255,5738,97004,17,219334
9352,0.001037,172.31.36.0-255,66,97070,17,219334
9353,0.001042,172.217.194.0-255,2902,99972,17,219334
9354,0.001044,172.31.36.0-255,66,100038,17,219334
9355,0.001075,172.31.36.0-255,66,100104,17,219334
9356,0.001089,172.31.36.0-255,66,100170,17,219334
9357,0.001563,172.217.194.0-255,1484,101654,17,219334
9358,0.001578,172.217.194.0-255,2902,104556,17,219334
9359,0.001582,172.31.36.0-255,66,104622,17,219334
9360,0.001586,172.217.194.0-255,1484,106106,17,219334
9361,0.001617,172.217.194.0-255,4320,110426,17,219334
9362,0.00162,172.31.36.0-255,66,110492,17,219334
9363,0.001625,172.217.194.0-255,2902,113394,17,219334
9364,0.001627,172.31.36.0-255,66,113460,17,219334
9365,0.001655,172.217.194.0-255,7156,120616,17,219334
9366,0.001658,172.31.36.0-255,66,120682,17,219334
9367,0.001683,172.217.194.0-255,2902,123584,17,219334
9368,0.001686,172.31.36.0-255,66,123650,17,219334
9369,0.001701,172.31.36.0-255,66,123716,17,219334
9370,0.001823,172.217.194.0-255,1484,125200,17,219334
9371,0.001828,172.217.194.0-255,1484,126684,17,219334
9372,0.00183,172.31.36.0-255,66,126750,17,219334
9373,0.001854,172.217.194.0-255,1484,128234,17,219334
9374,0.00186,172.217.194.0-255,5738,133972,17,219334
9375,0.001862,172.31.36.0-255,66,134038,17,219334
9376,0.001882,172.217.194.0-255,5738,139776,17,219334
9377,0.001885,172.31.36.0-255,66,139842,17,219334
9378,0.001905,172.217.194.0-255,5738,145580,17,219334
9379,0.001907,172.31.36.0-255,66,145646,17,219334
9380,0.001911,172.217.194.0-255,2902,148548,17,219334
9381,0.001913,172.31.36.0-255,66,148614,17,219334
9382,0.001964,172.31.36.0-255,66,148680,17,219334
9383,0.001967,172.217.194.0-255,1484,150164,17,219334
9384,0.001978,172.31.36.0-255,66,150230,17,219334
9385,0.002019,172.217.194.0-255,7156,157386,17,219334
9386,0.002022,172.31.36.0-255,66,157452,17,219334
9387,0.00203,172.217.194.0-255,7156,164608,17,219334
9388,0.002033,172.31.36.0-255,66,164674,17,219334
9389,0.002077,172.31.36.0-255,66,164740,17,219334
9390,0.002116,172.217.194.0-255,3602,168342,17,219334
9391,0.002119,172.31.36.0-255,66,168408,17,219334
9392,0.002132,172.31.36.0-255,66,168474,17,219334
9393,0.002151,172.31.36.0-255,66,168540,17,219334
9394,0.002161,172.31.36.0-255,66,168606,17,219334
9395,0.002183,172.217.194.0-255,2184,170790,17,219334
9396,0.002189,172.31.36.0-255,66,170856,17,219334
9397,0.002202,172.31.36.0-255,66,170922,17,219334
9398,0.002206,172.217.194.0-255,4320,175242,17,219334
9399,0.002208,172.31.36.0-255,66,175308,17,219334
9400,0.002211,172.217.194.0-255,1484,176792,17,219334
9401,0.002216,172.217.194.0-255,2902,179694,17,219334
9402,0.002218,172.31.36.0-255,66,179760,17,219334
9403,0.002256,172.217.194.0-255,4320,184080,17,219334
9404,0.002259,172.217.194.0-255,2184,186264,17,219334
9405,0.002263,172.217.194.0-255,2902,189166,17,219334
9406,0.002269,172.217.194.0-255,7156,196322,17,219334
9407,0.002273,172.217.194.0-255,2902,199224,17,219334
9408,0.002275,172.217.194.0-255,1484,200708,17,219334
9409,0.002279,172.31.36.0-255,66,200774,17,219334
9410,0.002286,172.31.36.0-255,66,200840,17,219334
9411,0.00229,172.31.36.0-255,66,200906,17,219334
9412,0.002297,172.31.36.0-255,66,200972,17,219334
9413,0.0023,172.31.36.0-255,66,201038,17,219334
9414,0.002312,172.31.36.0-255,66,201104,17,219334
9415,0.002324,172.31.36.0-255,66,201170,17,219334
9416,0.002369,172.31.36.0-255,66,201236,17,219334
9417,0.002382,172.31.36.0-255,66,201302,17,219334
9418,0.002401,172.217.194.0-255,2902,204204,17,219334
9419,0.002407,172.31.36.0-255,66,204270,17,219334
9420,0.002413,172.217.194.0-255,3602,207872,17,219334
9421,0.002415,172.31.36.0-255,66,207938,17,219334
9422,0.00242,172.217.194.0-255,4320,212258,17,219334
9423,0.002422,172.31.36.0-255,66,212324,17,219334
9424,0.002424,172.217.194.0-255,1484,213808,17,219334
9425,0.002428,172.217.194.0-255,1484,215292,17,219334
9426,0.00243,172.31.36.0-255,66,215358,17,219334
9427,0.002433,172.217.194.0-255,1484,216842,17,219334
9428,0.002474,172.217.194.0-255,1496,218338,17,219334
9429,0.002477,172.31.36.0-255,66,218404,17,219334
9430,0.00248,172.217.194.0-255,105,218509,17,219334
9431,0.002512,172.217.194.0-255,129,218638,17,219334
9432,0.004801,172.31.36.0-255,105,218743,17,219334
9433,0.004841,172.31.36.0-255,105,218848,17,219334
9434,0.005101,172.31.36.0-255,90,218938,17,219334
9435,0.005112,172.31.36.0-255,66,219004,17,219334
9436,0.006879,172.217.194.0-255,66,219070,17,219334
9437,0.006907,172.217.194.0-255,66,219136,17,219334
9438,0.007169,172.217.194.0-255,66,219202,17,219334
9439,0.007185,172.217.194.0-255,66,219268,17,219334
9440,0.007191,172.31.36.0-255,66,219334,17,219334
9441,0.0,74.125.24.0-255,153,153,17,176902
9442,2.3e-05,172.31.36.0-255,66,219,17,176902
9443,3.1e-05,74.125.24.0-255,1484,1703,17,176902
9444,3.5e-05,172.31.36.0-255,66,1769,17,176902
9445,4.1e-05,74.125.24.0-255,2902,4671,17,176902
9446,4.5e-05,172.31.36.0-255,66,4737,17,176902
9447,5.2e-05,74.125.24.0-255,5738,10475,17,176902
9448,5.5e-05,172.31.36.0-255,66,10541,17,176902
9449,0.000101,74.125.24.0-255,2902,13443,17,176902
9450,0.000104,172.31.36.0-255,66,13509,17,176902
9451,0.000132,172.31.36.0-255,66,13575,17,176902
9452,0.00015,74.125.24.0-255,7156,20731,17,176902
9453,0.000152,172.31.36.0-255,66,20797,17,176902
9454,0.000174,74.125.24.0-255,2543,23340,17,176902
9455,0.000176,172.31.36.0-255,66,23406,17,176902
9456,0.00033,74.125.24.0-255,1484,24890,17,176902
9457,0.000335,172.31.36.0-255,66,24956,17,176902
9458,0.000341,74.125.24.0-255,2902,27858,17,176902
9459,0.000344,172.31.36.0-255,66,27924,17,176902
9460,0.000348,74.125.24.0-255,1484,29408,17,176902
9461,0.00035,172.31.36.0-255,66,29474,17,176902
9462,0.000369,74.125.24.0-255,4320,33794,17,176902
9463,0.000373,172.31.36.0-255,66,33860,17,176902
9464,0.000403,74.125.24.0-255,5738,39598,17,176902
9465,0.000406,172.31.36.0-255,66,39664,17,176902
9466,0.000433,172.31.36.0-255,66,39730,17,176902
9467,0.000444,172.31.36.0-255,66,39796,17,176902
9468,0.000458,74.125.24.0-255,1432,41228,17,176902
9469,0.00046,172.31.36.0-255,66,41294,17,176902
9470,0.000711,74.125.24.0-255,113,41407,17,176902
9471,0.000716,172.31.36.0-255,66,41473,17,176902
9472,0.000942,74.125.24.0-255,331,41804,17,176902
9473,0.000983,74.125.24.0-255,1484,43288,17,176902
9474,0.000987,172.31.36.0-255,66,43354,17,176902
9475,0.000994,74.125.24.0-255,4320,47674,17,176902
9476,0.001008,172.31.36.0-255,66,47740,17,176902
9477,0.001031,74.125.24.0-255,1484,49224,17,176902
9478,0.001042,172.31.36.0-255,66,49290,17,176902
9479,0.001078,172.31.36.0-255,66,49356,17,176902
9480,0.001095,74.125.24.0-255,4320,53676,17,176902
9481,0.001112,74.125.24.0-255,5020,58696,17,176902
9482,0.001116,172.31.36.0-255,66,58762,17,176902
9483,0.001122,172.31.36.0-255,66,58828,17,176902
9484,0.001453,74.125.24.0-255,1484,60312,17,176902
9485,0.001457,172.31.36.0-255,66,60378,17,176902
9486,0.001464,74.125.24.0-255,2902,63280,17,176902
9487,0.001471,74.125.24.0-255,5738,69018,17,176902
9488,0.001548,172.31.36.0-255,66,69084,17,176902
9489,0.001587,74.125.24.0-255,2902,71986,17,176902
9490,0.001604,74.125.24.0-255,7156,79142,17,176902
9491,0.001609,172.31.36.0-255,66,79208,17,176902
9492,0.001616,74.125.24.0-255,1484,80692,17,176902
9493,0.001649,74.125.24.0-255,5738,86430,17,176902
9494,0.001663,74.125.24.0-255,3602,90032,17,176902
9495,0.001667,172.31.36.0-255,66,90098,17,176902
9496,0.001671,172.31.36.0-255,66,90164,17,176902
9497,0.001888,74.125.24.0-255,1484,91648,17,176902
9498,0.001892,74.125.24.0-255,1484,93132,17,176902
9499,0.001904,172.31.36.0-255,66,93198,17,176902
9500,0.001913,74.125.24.0-255,1484,94682,17,176902
9501,0.00192,74.125.24.0-255,5738,100420,17,176902
9502,0.001924,74.125.24.0-255,2902,103322,17,176902
9503,0.00193,172.31.36.0-255,66,103388,17,176902
9504,0.001944,74.125.24.0-255,7156,110544,17,176902
9505,0.001962,74.125.24.0-255,2902,113446,17,176902
9506,0.002004,172.31.36.0-255,66,113512,17,176902
9507,0.002031,74.125.24.0-255,1484,114996,17,176902
9508,0.002034,74.125.24.0-255,1484,116480,17,176902
9509,0.002043,74.125.24.0-255,1484,117964,17,176902
9510,0.002046,74.125.24.0-255,1484,119448,17,176902
9511,0.002066,74.125.24.0-255,4320,123768,17,176902
9512,0.002072,74.125.24.0-255,4320,128088,17,176902
9513,0.002086,74.125.24.0-255,5738,133826,17,176902
9514,0.002105,172.31.36.0-255,66,133892,17,176902
9515,0.002109,74.125.24.0-255,2902,136794,17,176902
9516,0.00213,172.31.36.0-255,66,136860,17,176902
9517,0.002398,74.125.24.0-255,1484,138344,17,176902
9518,0.002404,74.125.24.0-255,2902,141246,17,176902
9519,0.002407,172.31.36.0-255,66,141312,17,176902
9520,0.002411,74.125.24.0-255,1484,142796,17,176902
9521,0.002431,74.125.24.0-255,4320,147116,17,176902
9522,0.002479,74.125.24.0-255,4320,151436,17,176902
9523,0.002508,74.125.24.0-255,2184,153620,17,176902
9524,0.007963,172.31.36.0-255,66,153686,17,176902
9525,0.010577,74.125.24.0-255,5738,159424,17,176902
9526,0.010585,172.31.36.0-255,66,159490,17,176902
9527,0.01314,74.125.24.0-255,5738,165228,17,176902
9528,0.013148,172.31.36.0-255,66,165294,17,176902
9529,0.015743,74.125.24.0-255,5738,171032,17,176902
9530,0.015755,172.31.36.0-255,66,171098,17,176902
9531,0.01834,74.125.24.0-255,5738,176836,17,176902
9532,0.019498,172.31.36.0-255,66,176902,17,176902
9533,0.0,172.217.194.0-255,226,226,17,62133
9534,3.4e-05,172.31.36.0-255,66,292,17,62133
9535,4.1e-05,172.217.194.0-255,1484,1776,17,62133
9536,4.5e-05,172.31.36.0-255,66,1842,17,62133
9537,8e-05,172.217.194.0-255,4320,6162,17,62133
9538,8.4e-05,172.31.36.0-255,66,6228,17,62133
9539,0.000253,172.31.36.0-255,66,6294,17,62133
9540,0.000568,172.31.36.0-255,66,6360,17,62133
9541,0.000931,172.31.36.0-255,66,6426,17,62133
9542,0.001253,172.217.194.0-255,2902,9328,17,62133
9543,0.001258,172.31.36.0-255,66,9394,17,62133
9544,0.001282,172.217.194.0-255,2902,12296,17,62133
9545,0.001284,172.31.36.0-255,66,12362,17,62133
9546,0.002377,172.217.194.0-255,2902,15264,17,62133
9547,0.00238,172.31.36.0-255,66,15330,17,62133
9548,0.003618,172.217.194.0-255,2902,18232,17,62133
9549,0.003624,172.31.36.0-255,66,18298,17,62133
9550,0.004718,172.217.194.0-255,2902,21200,17,62133
9551,0.004725,172.31.36.0-255,66,21266,17,62133
9552,0.00596,172.217.194.0-255,2902,24168,17,62133
9553,0.005967,172.31.36.0-255,66,24234,17,62133
9554,0.007052,172.217.194.0-255,2902,27136,17,62133
9555,0.007057,172.31.36.0-255,66,27202,17,62133
9556,0.008296,172.217.194.0-255,2902,30104,17,62133
9557,0.008302,172.31.36.0-255,66,30170,17,62133
9558,0.009383,172.217.194.0-255,2902,33072,17,62133
9559,0.009389,172.31.36.0-255,66,33138,17,62133
9560,0.010657,172.217.194.0-255,2902,36040,17,62133
9561,0.010663,172.31.36.0-255,66,36106,17,62133
9562,0.011699,172.217.194.0-255,2902,39008,17,62133
9563,0.011704,172.31.36.0-255,66,39074,17,62133
9564,0.013005,172.217.194.0-255,2902,41976,17,62133
9565,0.013012,172.31.36.0-255,66,42042,17,62133
9566,0.014037,172.217.194.0-255,2902,44944,17,62133
9567,0.014045,172.31.36.0-255,66,45010,17,62133
9568,0.01536,172.217.194.0-255,2902,47912,17,62133
9569,0.015366,172.31.36.0-255,66,47978,17,62133
9570,0.01644,172.217.194.0-255,2902,50880,17,62133
9571,0.016446,172.31.36.0-255,66,50946,17,62133
9572,0.017181,172.31.36.0-255,172,51118,17,62133
9573,0.017212,172.31.36.0-255,1117,52235,17,62133
9574,0.017254,172.31.36.0-255,1514,53749,17,62133
9575,0.017256,172.31.36.0-255,1514,55263,17,62133
9576,0.01728,172.31.36.0-255,670,55933,17,62133
9577,0.017734,172.217.194.0-255,2902,58835,17,62133
9578,0.01774,172.31.36.0-255,66,58901,17,62133
9579,0.0187,104.244.42.0-255,66,58967,17,62133
9580,0.018774,104.244.42.0-255,66,59033,17,62133
9581,0.018787,104.244.42.0-255,66,59099,17,62133
9582,0.01879,104.244.42.0-255,66,59165,17,62133
9583,0.0188,172.217.194.0-255,2902,62067,17,62133
9584,0.018805,172.31.36.0-255,66,62133,17,62133
9585,0.0,172.217.194.0-255,153,153,17,228068
9586,3e-05,172.217.194.0-255,1484,1637,17,228068
9587,4.1e-05,172.31.36.0-255,66,1703,17,228068
9588,4.8e-05,172.217.194.0-255,2902,4605,17,228068
9589,6.5e-05,172.217.194.0-255,7156,11761,17,228068
9590,7.1e-05,172.217.194.0-255,5738,17499,17,228068
9591,8.6e-05,172.31.36.0-255,66,17565,17,228068
9592,9.8e-05,172.217.194.0-255,6288,23853,17,228068
9593,0.00011,172.217.194.0-255,6797,30650,17,228068
9594,0.000163,172.217.194.0-255,1484,32134,17,228068
9595,0.00018,172.217.194.0-255,2902,35036,17,228068
9596,0.000183,172.217.194.0-255,1484,36520,17,228068
9597,0.000199,172.217.194.0-255,4320,40840,17,228068
9598,0.000204,172.217.194.0-255,2902,43742,17,228068
9599,0.00022,172.217.194.0-255,1484,45226,17,228068
9600,0.000228,172.217.194.0-255,7156,52382,17,228068
9601,0.000251,172.217.194.0-255,5379,57761,17,228068
9602,0.000258,172.217.194.0-255,6797,64558,17,228068
9603,0.000271,172.31.36.0-255,66,64624,17,228068
9604,0.000622,172.217.194.0-255,362,64986,17,228068
9605,0.000626,172.217.194.0-255,380,65366,17,228068
9606,0.000782,172.31.36.0-255,66,65432,17,228068
9607,0.000791,172.217.194.0-255,1484,66916,17,228068
9608,0.000816,172.217.194.0-255,2902,69818,17,228068
9609,0.000821,172.217.194.0-255,5738,75556,17,228068
9610,0.000836,172.217.194.0-255,1484,77040,17,228068
9611,0.00085,172.217.194.0-255,7156,84196,17,228068
9612,0.000854,172.31.36.0-255,66,84262,17,228068
9613,0.000859,172.31.36.0-255,66,84328,17,228068
9614,0.000883,172.217.194.0-255,4320,88648,17,228068
9615,0.000891,172.31.36.0-255,66,88714,17,228068
9616,0.000906,172.31.36.0-255,66,88780,17,228068
9617,0.001212,172.217.194.0-255,1484,90264,17,228068
9618,0.001222,172.217.194.0-255,2902,93166,17,228068
9619,0.001227,172.31.36.0-255,66,93232,17,228068
9620,0.001235,172.217.194.0-255,5738,98970,17,228068
9621,0.001276,172.217.194.0-255,7156,106126,17,228068
9622,0.001291,172.217.194.0-255,2902,109028,17,228068
9623,0.001304,172.217.194.0-255,766,109794,17,228068
9624,0.001326,172.31.36.0-255,66,109860,17,228068
9625,0.001364,172.217.194.0-255,1484,111344,17,228068
9626,0.00137,172.217.194.0-255,2902,114246,17,228068
9627,0.001383,172.217.194.0-255,5738,119984,17,228068
9628,0.0014,172.217.194.0-255,4320,124304,17,228068
9629,0.001404,172.31.36.0-255,66,124370,17,228068
9630,0.001441,172.31.36.0-255,66,124436,17,228068
9631,0.001465,172.217.194.0-255,2184,126620,17,228068
9632,0.001507,172.31.36.0-255,66,126686,17,228068
9633,0.002109,172.217.194.0-255,1484,128170,17,228068
9634,0.002118,172.217.194.0-255,2902,131072,17,228068
9635,0.002123,172.31.36.0-255,66,131138,17,228068
9636,0.00215,172.217.194.0-255,5738,136876,17,228068
9637,0.00217,172.31.36.0-255,66,136942,17,228068
9638,0.00219,172.31.36.0-255,66,137008,17,228068
9639,0.002215,172.217.194.0-255,1484,138492,17,228068
9640,0.002226,172.217.194.0-255,2184,140676,17,228068
9641,0.002247,172.31.36.0-255,66,140742,17,228068
9642,0.002308,172.217.194.0-255,1484,142226,17,228068
9643,0.002326,172.217.194.0-255,2902,145128,17,228068
9644,0.002331,172.217.194.0-255,4320,149448,17,228068
9645,0.002337,172.31.36.0-255,66,149514,17,228068
9646,0.002357,172.217.194.0-255,1484,150998,17,228068
9647,0.002364,172.217.194.0-255,7156,158154,17,228068
9648,0.002366,172.217.194.0-255,1484,159638,17,228068
9649,0.002404,172.31.36.0-255,66,159704,17,228068
9650,0.002441,172.217.194.0-255,766,160470,17,228068
9651,0.002454,172.217.194.0-255,1484,161954,17,228068
9652,0.002458,172.217.194.0-255,2902,164856,17,228068
9653,0.002461,172.31.36.0-255,66,164922,17,228068
9654,0.002467,172.31.36.0-255,66,164988,17,228068
9655,0.002482,172.217.194.0-255,1484,166472,17,228068
9656,0.002529,172.217.194.0-255,4320,170792,17,228068
9657,0.002537,172.31.36.0-255,66,170858,17,228068
9658,0.002583,172.217.194.0-255,5738,176596,17,228068
9659,0.002591,172.31.36.0-255,66,176662,17,228068
9660,0.002624,172.217.194.0-255,1484,178146,17,228068
9661,0.002629,172.217.194.0-255,3602,181748,17,228068
9662,0.002641,172.31.36.0-255,66,181814,17,228068
9663,0.002646,172.217.194.0-255,4320,186134,17,228068
9664,0.002648,172.217.194.0-255,1484,187618,17,228068
9665,0.002653,172.31.36.0-255,66,187684,17,228068
9666,0.002682,172.217.194.0-255,4320,192004,17,228068
9667,0.002699,172.217.194.0-255,5738,197742,17,228068
9668,0.002718,172.217.194.0-255,6438,204180,17,228068
9669,0.002727,172.31.36.0-255,66,204246,17,228068
9670,0.002752,172.217.194.0-255,1484,205730,17,228068
9671,0.002757,172.217.194.0-255,2902,208632,17,228068
9672,0.002762,172.31.36.0-255,66,208698,17,228068
9673,0.002773,172.217.194.0-255,5738,214436,17,228068
9674,0.002788,172.31.36.0-255,66,214502,17,228068
9675,0.002817,172.217.194.0-255,2902,217404,17,228068
9676,0.002824,172.217.194.0-255,5738,223142,17,228068
9677,0.002837,172.217.194.0-255,2902,226044,17,228068
9678,0.002849,172.31.36.0-255,66,226110,17,228068
9679,0.002891,172.31.36.0-255,66,226176,17,228068
9680,0.002902,172.217.194.0-255,1484,227660,17,228068
9681,0.002914,172.31.36.0-255,66,227726,17,228068
9682,0.002998,172.217.194.0-255,105,227831,17,228068
9683,0.003002,172.31.36.0-255,66,227897,17,228068
9684,0.004566,172.31.36.0-255,105,228002,17,228068
9685,0.006834,172.217.194.0-255,66,228068,17,228068
9686,0.0,74.125.24.0-255,153,153,17,128943
9687,3.4e-05,172.31.36.0-255,66,219,17,128943
9688,4.2e-05,74.125.24.0-255,1484,1703,17,128943
9689,4.6e-05,172.31.36.0-255,66,1769,17,128943
9690,5.2e-05,74.125.24.0-255,2902,4671,17,128943
9691,5.5e-05,172.31.36.0-255,66,4737,17,128943
9692,6.1e-05,74.125.24.0-255,5738,10475,17,128943
9693,6.4e-05,172.31.36.0-255,66,10541,17,128943
9694,0.000104,172.31.36.0-255,66,10607,17,128943
9695,0.000107,74.125.24.0-255,1484,12091,17,128943
9696,0.000109,172.31.36.0-255,66,12157,17,128943
9697,0.000122,74.125.24.0-255,1484,13641,17,128943
9698,0.000124,172.31.36.0-255,66,13707,17,128943
9699,0.000148,74.125.24.0-255,3961,17668,17,128943
9700,0.000151,172.31.36.0-255,66,17734,17,128943
9701,0.000199,74.125.24.0-255,1484,19218,17,128943
9702,0.000202,172.31.36.0-255,66,19284,17,128943
9703,0.000219,74.125.24.0-255,2902,22186,17,128943
9704,0.000222,172.31.36.0-255,66,22252,17,128943
9705,0.000228,74.125.24.0-255,5738,27990,17,128943
9706,0.000231,172.31.36.0-255,66,28056,17,128943
9707,0.000254,74.125.24.0-255,6797,34853,17,128943
9708,0.000256,172.31.36.0-255,66,34919,17,128943
9709,0.000281,172.31.36.0-255,66,34985,17,128943
9710,0.000305,74.125.24.0-255,4320,39305,17,128943
9711,0.000309,172.31.36.0-255,66,39371,17,128943
9712,0.000313,74.125.24.0-255,2857,42228,17,128943
9713,0.000316,172.31.36.0-255,66,42294,17,128943
9714,0.000364,74.125.24.0-255,109,42403,17,128943
9715,0.000368,172.31.36.0-255,66,42469,17,128943
9716,0.000556,74.125.24.0-255,1484,43953,17,128943
9717,0.000564,74.125.24.0-255,2902,46855,17,128943
9718,0.000568,172.31.36.0-255,66,46921,17,128943
9719,0.00059,74.125.24.0-255,5738,52659,17,128943
9720,0.000593,172.31.36.0-255,66,52725,17,128943
9721,0.000623,74.125.24.0-255,5738,58463,17,128943
9722,0.000626,172.31.36.0-255,66,58529,17,128943
9723,0.000642,74.125.24.0-255,5379,63908,17,128943
9724,0.000646,172.31.36.0-255,66,63974,17,128943
9725,0.000654,74.125.24.0-255,7156,71130,17,128943
9726,0.000657,172.31.36.0-255,66,71196,17,128943
9727,0.000669,74.125.24.0-255,1484,72680,17,128943
9728,0.000695,74.125.24.0-255,3961,76641,17,128943
9729,0.000701,172.31.36.0-255,66,76707,17,128943
9730,0.002779,74.125.24.0-255,5738,82445,17,128943
9731,0.002785,172.31.36.0-255,66,82511,17,128943
9732,0.004842,74.125.24.0-255,5738,88249,17,128943
9733,0.004846,172.31.36.0-255,66,88315,17,128943
9734,0.006923,74.125.24.0-255,5738,94053,17,128943
9735,0.00693,172.31.36.0-255,66,94119,17,128943
9736,0.009007,74.125.24.0-255,5738,99857,17,128943
9737,0.009016,172.31.36.0-255,66,99923,17,128943
9738,0.011137,74.125.24.0-255,5738,105661,17,128943
9739,0.011148,172.31.36.0-255,66,105727,17,128943
9740,0.013229,74.125.24.0-255,5738,111465,17,128943
9741,0.013238,172.31.36.0-255,66,111531,17,128943
9742,0.015297,74.125.24.0-255,5738,117269,17,128943
9743,0.015305,172.31.36.0-255,66,117335,17,128943
9744,0.017399,74.125.24.0-255,5738,123073,17,128943
9745,0.017405,172.31.36.0-255,66,123139,17,128943
9746,0.019488,74.125.24.0-255,5738,128877,17,128943
9747,0.019496,172.31.36.0-255,66,128943,17,128943
9748,0.0,74.125.68.0-255,153,153,17,147842
9749,3.2e-05,172.31.36.0-255,66,219,17,147842
9750,3.8e-05,74.125.68.0-255,1484,1703,17,147842
9751,4.2e-05,172.31.36.0-255,66,1769,17,147842
9752,4.7e-05,74.125.68.0-255,2902,4671,17,147842
9753,5e-05,172.31.36.0-255,66,4737,17,147842
9754,7.4e-05,74.125.68.0-255,7156,11893,17,147842
9755,7.7e-05,74.125.68.0-255,2087,13980,17,147842
9756,7.9e-05,172.31.36.0-255,66,14046,17,147842
9757,8.2e-05,172.31.36.0-255,66,14112,17,147842
9758,0.000132,74.125.68.0-255,1484,15596,17,147842
9759,0.000136,172.31.36.0-255,66,15662,17,147842
9760,0.000139,74.125.68.0-255,1484,17146,17,147842
9761,0.000142,172.31.36.0-255,66,17212,17,147842
9762,0.000152,74.125.68.0-255,1484,18696,17,147842
9763,0.000153,172.31.36.0-255,66,18762,17,147842
9764,0.000162,74.125.68.0-255,5738,24500,17,147842
9765,0.000164,172.31.36.0-255,66,24566,17,147842
9766,0.000189,74.125.68.0-255,4320,28886,17,147842
9767,0.000192,172.31.36.0-255,66,28952,17,147842
9768,0.000223,74.125.68.0-255,2543,31495,17,147842
9769,0.000225,172.31.36.0-255,66,31561,17,147842
9770,0.000364,74.125.68.0-255,1484,33045,17,147842
9771,0.000368,172.31.36.0-255,66,33111,17,147842
9772,0.000373,74.125.68.0-255,2902,36013,17,147842
9773,0.000375,172.31.36.0-255,66,36079,17,147842
9774,0.000378,74.125.68.0-255,1484,37563,17,147842
9775,0.000379,172.31.36.0-255,66,37629,17,147842
9776,0.000402,74.125.68.0-255,2902,40531,17,147842
9777,0.000406,172.31.36.0-255,66,40597,17,147842
9778,0.000424,74.125.68.0-255,7156,47753,17,147842
9779,0.000427,172.31.36.0-255,66,47819,17,147842
9780,0.000448,74.125.68.0-255,2543,50362,17,147842
9781,0.000451,172.31.36.0-255,66,50428,17,147842
9782,0.000455,74.125.68.0-255,4320,54748,17,147842
9783,0.000458,172.31.36.0-255,66,54814,17,147842
9784,0.000489,74.125.68.0-255,2902,57716,17,147842
9785,0.000491,172.31.36.0-255,66,57782,17,147842
9786,0.000518,172.31.36.0-255,66,57848,17,147842
9787,0.000841,74.125.68.0-255,359,58207,17,147842
9788,0.000886,74.125.68.0-255,383,58590,17,147842
9789,0.001253,74.125.68.0-255,1484,60074,17,147842
9790,0.001259,172.31.36.0-255,66,60140,17,147842
9791,0.001264,74.125.68.0-255,2902,63042,17,147842
9792,0.001266,172.31.36.0-255,66,63108,17,147842
9793,0.001293,74.125.68.0-255,5738,68846,17,147842
9794,0.001295,172.31.36.0-255,66,68912,17,147842
9795,0.001299,74.125.68.0-255,2902,71814,17,147842
9796,0.001301,172.31.36.0-255,66,71880,17,147842
9797,0.001305,74.125.68.0-255,2902,74782,17,147842
9798,0.001306,172.31.36.0-255,66,74848,17,147842
9799,0.001333,74.125.68.0-255,1484,76332,17,147842
9800,0.001343,172.31.36.0-255,66,76398,17,147842
9801,0.001348,74.125.68.0-255,4320,80718,17,147842
9802,0.00135,172.31.36.0-255,66,80784,17,147842
9803,0.001396,74.125.68.0-255,3602,84386,17,147842
9804,0.001399,172.31.36.0-255,66,84452,17,147842
9805,0.002117,74.125.68.0-255,1484,85936,17,147842
9806,0.002123,74.125.68.0-255,2902,88838,17,147842
9807,0.002125,172.31.36.0-255,66,88904,17,147842
9808,0.00216,74.125.68.0-255,5738,94642,17,147842
9809,0.002162,172.31.36.0-255,66,94708,17,147842
9810,0.002166,74.125.68.0-255,2902,97610,17,147842
9811,0.002168,172.31.36.0-255,66,97676,17,147842
9812,0.00217,74.125.68.0-255,1484,99160,17,147842
9813,0.002183,74.125.68.0-255,2902,102062,17,147842
9814,0.002185,172.31.36.0-255,66,102128,17,147842
9815,0.0022,74.125.68.0-255,5738,107866,17,147842
9816,0.002202,172.31.36.0-255,66,107932,17,147842
9817,0.002208,74.125.68.0-255,7156,115088,17,147842
9818,0.002217,74.125.68.0-255,1484,116572,17,147842
9819,0.002257,74.125.68.0-255,2184,118756,17,147842
9820,0.005678,172.31.36.0-255,66,118822,17,147842
9821,0.008215,74.125.68.0-255,5738,124560,17,147842
9822,0.008222,172.31.36.0-255,66,124626,17,147842
9823,0.010805,74.125.68.0-255,5738,130364,17,147842
9824,0.010811,172.31.36.0-255,66,130430,17,147842
9825,0.013351,74.125.68.0-255,5738,136168,17,147842
9826,0.013358,172.31.36.0-255,66,136234,17,147842
9827,0.015897,74.125.68.0-255,5738,141972,17,147842
9828,0.015904,172.31.36.0-255,66,142038,17,147842
9829,0.018454,74.125.68.0-255,5738,147776,17,147842
9830,0.018461,172.31.36.0-255,66,147842,17,147842
9831,0.0,172.217.194.0-255,153,153,17,152994
9832,3.3e-05,172.31.36.0-255,66,219,17,152994
9833,4e-05,172.217.194.0-255,1484,1703,17,152994
9834,4.4e-05,172.31.36.0-255,66,1769,17,152994
9835,5e-05,172.217.194.0-255,2902,4671,17,152994
9836,5.3e-05,172.31.36.0-255,66,4737,17,152994
9837,6.9e-05,172.217.194.0-255,7156,11893,17,152994
9838,7.1e-05,172.31.36.0-255,66,11959,17,152994
9839,7.5e-05,172.217.194.0-255,2074,14033,17,152994
9840,7.8e-05,172.31.36.0-255,66,14099,17,152994
9841,0.000112,172.217.194.0-255,1484,15583,17,152994
9842,0.000115,172.31.36.0-255,66,15649,17,152994
9843,0.000119,172.217.194.0-255,1484,17133,17,152994
9844,0.000121,172.31.36.0-255,66,17199,17,152994
9845,0.00016,172.217.194.0-255,1484,18683,17,152994
9846,0.000164,172.31.36.0-255,66,18749,17,152994
9847,0.000171,172.217.194.0-255,5738,24487,17,152994
9848,0.000174,172.31.36.0-255,66,24553,17,152994
9849,0.000182,172.217.194.0-255,6797,31350,17,152994
9850,0.000184,172.31.36.0-255,66,31416,17,152994
9851,0.000229,172.31.36.0-255,66,31482,17,152994
9852,0.000234,172.217.194.0-255,2543,34025,17,152994
9853,0.000236,172.31.36.0-255,66,34091,17,152994
9854,0.00151,172.217.194.0-255,1484,35575,17,152994
9855,0.001517,172.31.36.0-255,66,35641,17,152994
9856,0.001526,172.217.194.0-255,2902,38543,17,152994
9857,0.001528,172.31.36.0-255,66,38609,17,152994
9858,0.001541,172.217.194.0-255,5738,44347,17,152994
9859,0.001543,172.31.36.0-255,66,44413,17,152994
9860,0.00158,172.31.36.0-255,66,44479,17,152994
9861,0.001594,172.217.194.0-255,2543,47022,17,152994
9862,0.001596,172.31.36.0-255,66,47088,17,152994
9863,0.001613,172.31.36.0-255,66,47154,17,152994
9864,0.001637,172.217.194.0-255,4320,51474,17,152994
9865,0.001639,172.31.36.0-255,66,51540,17,152994
9866,0.001675,172.31.36.0-255,66,51606,17,152994
9867,0.001733,172.31.36.0-255,66,51672,17,152994
9868,0.001798,172.217.194.0-255,1484,53156,17,152994
9869,0.001803,172.217.194.0-255,2902,56058,17,152994
9870,0.001805,172.31.36.0-255,66,56124,17,152994
9871,0.001832,172.217.194.0-255,5738,61862,17,152994
9872,0.001834,172.31.36.0-255,66,61928,17,152994
9873,0.001855,172.217.194.0-255,2902,64830,17,152994
9874,0.001857,172.31.36.0-255,66,64896,17,152994
9875,0.001884,172.31.36.0-255,66,64962,17,152994
9876,0.001895,172.31.36.0-255,66,65028,17,152994
9877,0.001925,172.217.194.0-255,2902,67930,17,152994
9878,0.001927,172.31.36.0-255,66,67996,17,152994
9879,0.001939,172.31.36.0-255,66,68062,17,152994
9880,0.001964,172.217.194.0-255,1484,69546,17,152994
9881,0.001967,172.217.194.0-255,766,70312,17,152994
9882,0.00197,172.31.36.0-255,66,70378,17,152994
9883,0.002001,172.217.194.0-255,1484,71862,17,152994
9884,0.002013,172.217.194.0-255,1484,73346,17,152994
9885,0.002015,172.31.36.0-255,66,73412,17,152994
9886,0.002033,172.217.194.0-255,1484,74896,17,152994
9887,0.002038,172.217.194.0-255,4320,79216,17,152994
9888,0.002041,172.31.36.0-255,66,79282,17,152994
9889,0.002074,172.31.36.0-255,66,79348,17,152994
9890,0.002103,172.217.194.0-255,5738,85086,17,152994
9891,0.002106,172.31.36.0-255,66,85152,17,152994
9892,0.002125,172.217.194.0-255,7156,92308,17,152994
9893,0.002127,172.31.36.0-255,66,92374,17,152994
9894,0.002153,172.217.194.0-255,3602,95976,17,152994
9895,0.002155,172.31.36.0-255,66,96042,17,152994
9896,0.002404,172.217.194.0-255,1484,97526,17,152994
9897,0.002422,172.217.194.0-255,2902,100428,17,152994
9898,0.002425,172.31.36.0-255,66,100494,17,152994
9899,0.002432,172.217.194.0-255,5738,106232,17,152994
9900,0.002434,172.31.36.0-255,66,106298,17,152994
9901,0.002461,172.217.194.0-255,4320,110618,17,152994
9902,0.002463,172.31.36.0-255,66,110684,17,152994
9903,0.0025,172.31.36.0-255,66,110750,17,152994
9904,0.002503,172.217.194.0-255,2902,113652,17,152994
9905,0.002505,172.31.36.0-255,66,113718,17,152994
9906,0.004945,172.217.194.0-255,4320,118038,17,152994
9907,0.004949,172.31.36.0-255,66,118104,17,152994
9908,0.004973,172.217.194.0-255,1484,119588,17,152994
9909,0.00737,172.217.194.0-255,4320,123908,17,152994
9910,0.007375,172.31.36.0-255,66,123974,17,152994
9911,0.009824,172.217.194.0-255,5738,129712,17,152994
9912,0.009831,172.31.36.0-255,66,129778,17,152994
9913,0.012246,172.217.194.0-255,5738,135516,17,152994
9914,0.012255,172.31.36.0-255,66,135582,17,152994
9915,0.014722,172.217.194.0-255,5738,141320,17,152994
9916,0.01473,172.31.36.0-255,66,141386,17,152994
9917,0.017186,172.217.194.0-255,5738,147124,17,152994
9918,0.017196,172.31.36.0-255,66,147190,17,152994
9919,0.019646,172.217.194.0-255,5738,152928,17,152994
9920,0.019656,172.31.36.0-255,66,152994,17,152994
9921,0.0,74.125.24.0-255,153,153,17,203904
9922,1.2e-05,172.31.36.0-255,66,219,17,203904
9923,1.9e-05,74.125.24.0-255,1484,1703,17,203904
9924,2.3e-05,172.31.36.0-255,66,1769,17,203904
9925,2.9e-05,74.125.24.0-255,2902,4671,17,203904
9926,3.9e-05,172.31.36.0-255,66,4737,17,203904
9927,4.5e-05,74.125.24.0-255,4320,9057,17,203904
9928,4.8e-05,172.31.36.0-255,66,9123,17,203904
9929,8e-05,74.125.24.0-255,2902,12025,17,203904
9930,8.2e-05,172.31.36.0-255,66,12091,17,203904
9931,8.6e-05,74.125.24.0-255,1484,13575,17,203904
9932,8.8e-05,172.31.36.0-255,66,13641,17,203904
9933,9.1e-05,74.125.24.0-255,601,14242,17,203904
9934,9.9e-05,172.31.36.0-255,66,14308,17,203904
9935,0.000128,74.125.24.0-255,1484,15792,17,203904
9936,0.00013,172.31.36.0-255,66,15858,17,203904
9937,0.000136,74.125.24.0-255,4320,20178,17,203904
9938,0.000139,172.31.36.0-255,66,20244,17,203904
9939,0.000165,172.31.36.0-255,66,20310,17,203904
9940,0.000189,74.125.24.0-255,1484,21794,17,203904
9941,0.000191,172.31.36.0-255,66,21860,17,203904
9942,0.000195,74.125.24.0-255,1125,22985,17,203904
9943,0.000197,172.31.36.0-255,66,23051,17,203904
9944,0.000251,74.125.24.0-255,1484,24535,17,203904
9945,0.000254,172.31.36.0-255,66,24601,17,203904
9946,0.000258,74.125.24.0-255,1484,26085,17,203904
9947,0.00026,172.31.36.0-255,66,26151,17,203904
9948,0.000286,74.125.24.0-255,1484,27635,17,203904
9949,0.000288,172.31.36.0-255,66,27701,17,203904
9950,0.0003,74.125.24.0-255,5738,33439,17,203904
9951,0.000302,172.31.36.0-255,66,33505,17,203904
9952,0.000306,74.125.24.0-255,1484,34989,17,203904
9953,0.000352,172.31.36.0-255,66,35055,17,203904
9954,0.000394,172.31.36.0-255,66,35121,17,203904
9955,0.000397,74.125.24.0-255,330,35451,17,203904
9956,0.000521,74.125.24.0-255,1484,36935,17,203904
9957,0.000525,172.31.36.0-255,66,37001,17,203904
9958,0.000531,74.125.24.0-255,2902,39903,17,203904
9959,0.000534,172.31.36.0-255,66,39969,17,203904
9960,0.00054,74.125.24.0-255,4320,44289,17,203904
9961,0.000546,172.31.36.0-255,66,44355,17,203904
9962,0.00058,74.125.24.0-255,1484,45839,17,203904
9963,0.000587,74.125.24.0-255,6797,52636,17,203904
9964,0.00059,172.31.36.0-255,66,52702,17,203904
9965,0.000727,74.125.24.0-255,1484,54186,17,203904
9966,0.000733,74.125.24.0-255,2902,57088,17,203904
9967,0.000736,172.31.36.0-255,66,57154,17,203904
9968,0.000768,74.125.24.0-255,5738,62892,17,203904
9969,0.000775,74.125.24.0-255,5738,68630,17,203904
9970,0.000779,172.31.36.0-255,66,68696,17,203904
9971,0.000787,172.31.36.0-255,66,68762,17,203904
9972,0.000794,74.125.24.0-255,1125,69887,17,203904
9973,0.000952,74.125.24.0-255,1484,71371,17,203904
9974,0.000957,172.31.36.0-255,66,71437,17,203904
9975,0.000962,74.125.24.0-255,2902,74339,17,203904
9976,0.000964,172.31.36.0-255,66,74405,17,203904
9977,0.000969,74.125.24.0-255,2902,77307,17,203904
9978,0.000971,172.31.36.0-255,66,77373,17,203904
9979,0.001005,74.125.24.0-255,2902,80275,17,203904
9980,0.001008,172.31.36.0-255,66,80341,17,203904
9981,0.001022,172.31.36.0-255,66,80407,17,203904
9982,0.00104,172.31.36.0-255,66,80473,17,203904
9983,0.001062,74.125.24.0-255,1484,81957,17,203904
9984,0.001067,74.125.24.0-255,2902,84859,17,203904
9985,0.001073,172.31.36.0-255,66,84925,17,203904
9986,0.001111,74.125.24.0-255,5738,90663,17,203904
9987,0.001115,172.31.36.0-255,66,90729,17,203904
9988,0.001129,172.31.36.0-255,66,90795,17,203904
9989,0.001146,172.31.36.0-255,66,90861,17,203904
9990,0.001148,74.125.24.0-255,766,91627,17,203904
9991,0.001187,74.125.24.0-255,1484,93111,17,203904
9992,0.001191,172.31.36.0-255,66,93177,17,203904
9993,0.001197,74.125.24.0-255,4320,97497,17,203904
9994,0.001199,172.31.36.0-255,66,97563,17,203904
9995,0.001233,172.31.36.0-255,66,97629,17,203904
9996,0.001246,172.31.36.0-255,66,97695,17,203904
9997,0.001262,74.125.24.0-255,2902,100597,17,203904
9998,0.001265,172.31.36.0-255,66,100663,17,203904
9999,0.001274,74.125.24.0-255,2902,103565,17,203904
10000,0.001277,172.31.36.0-255,66,103631,17,203904
10001,0.001303,74.125.24.0-255,3602,107233,17,203904
10002,0.001306,172.31.36.0-255,66,107299,17,203904
10003,0.001318,74.125.24.0-255,7156,114455,17,203904
10004,0.001321,172.31.36.0-255,66,114521,17,203904
10005,0.001329,74.125.24.0-255,7156,121677,17,203904
10006,0.001331,172.31.36.0-255,66,121743,17,203904
10007,0.001357,74.125.24.0-255,1484,123227,17,203904
10008,0.001379,172.31.36.0-255,66,123293,17,203904
10009,0.001382,74.125.24.0-255,766,124059,17,203904
10010,0.001441,172.31.36.0-255,66,124125,17,203904
10011,0.001475,74.125.24.0-255,2902,127027,17,203904
10012,0.001478,172.31.36.0-255,66,127093,17,203904
10013,0.001506,172.31.36.0-255,66,127159,17,203904
10014,0.001518,172.31.36.0-255,66,127225,17,203904
10015,0.002067,74.125.24.0-255,1484,128709,17,203904
10016,0.002075,74.125.24.0-255,2902,131611,17,203904
10017,0.002079,172.31.36.0-255,66,131677,17,203904
10018,0.002086,74.125.24.0-255,4320,135997,17,203904
10019,0.002088,172.31.36.0-255,66,136063,17,203904
10020,0.002134,172.31.36.0-255,66,136129,17,203904
10021,0.002139,74.125.24.0-255,4320,140449,17,203904
10022,0.002141,172.31.36.0-255,66,140515,17,203904
10023,0.002191,74.125.24.0-255,2902,143417,17,203904
10024,0.002194,172.31.36.0-255,66,143483,17,203904
10025,0.002226,74.125.24.0-255,6438,149921,17,203904
10026,0.002229,172.31.36.0-255,66,149987,17,203904
10027,0.002275,74.125.24.0-255,1484,151471,17,203904
10028,0.002288,74.125.24.0-255,2902,154373,17,203904
10029,0.002291,172.31.36.0-255,66,154439,17,203904
10030,0.002323,74.125.24.0-255,5738,160177,17,203904
10031,0.002326,172.31.36.0-255,66,160243,17,203904
10032,0.002337,172.31.36.0-255,66,160309,17,203904
10033,0.002347,74.125.24.0-255,4320,164629,17,203904
10034,0.002349,172.31.36.0-255,66,164695,17,203904
10035,0.002389,172.31.36.0-255,66,164761,17,203904
10036,0.002416,74.125.24.0-255,1484,166245,17,203904
10037,0.002421,74.125.24.0-255,2902,169147,17,203904
10038,0.002424,172.31.36.0-255,66,169213,17,203904
10039,0.002427,74.125.24.0-255,1484,170697,17,203904
10040,0.002453,74.125.24.0-255,4320,175017,17,203904
10041,0.002456,172.31.36.0-255,66,175083,17,203904
10042,0.002464,74.125.24.0-255,5738,180821,17,203904
10043,0.002466,172.31.36.0-255,66,180887,17,203904
10044,0.002477,74.125.24.0-255,5738,186625,17,203904
10045,0.002479,172.31.36.0-255,66,186691,17,203904
10046,0.002525,172.31.36.0-255,66,186757,17,203904
10047,0.002531,74.125.24.0-255,3602,190359,17,203904
10048,0.002533,172.31.36.0-255,66,190425,17,203904
10049,0.002543,74.125.24.0-255,4320,194745,17,203904
10050,0.002546,172.31.36.0-255,66,194811,17,203904
10051,0.002562,74.125.24.0-255,4320,199131,17,203904
10052,0.002603,74.125.24.0-255,4101,203232,17,203904
10053,0.002609,172.31.36.0-255,66,203298,17,203904
10054,0.002611,172.31.36.0-255,66,203364,17,203904
10055,0.002612,172.31.36.0-255,66,203430,17,203904
10056,0.002613,172.31.36.0-255,66,203496,17,203904
10057,0.002614,172.31.36.0-255,66,203562,17,203904
10058,0.00271,74.125.24.0-255,105,203667,17,203904
10059,0.011256,172.31.36.0-255,66,203733,17,203904
10060,0.011296,172.31.36.0-255,105,203838,17,203904
10061,0.013249,74.125.24.0-255,66,203904,17,203904
10062,0.0,172.217.194.0-255,153,153,17,193958
10063,3.5e-05,172.31.36.0-255,66,219,17,193958
10064,4.3e-05,172.217.194.0-255,1484,1703,17,193958
10065,4.8e-05,172.31.36.0-255,66,1769,17,193958
10066,5.3e-05,172.217.194.0-255,2902,4671,17,193958
10067,5.6e-05,172.31.36.0-255,66,4737,17,193958
10068,6.3e-05,172.217.194.0-255,5738,10475,17,193958
10069,6.6e-05,172.31.36.0-255,66,10541,17,193958
10070,7.2e-05,172.217.194.0-255,4320,14861,17,193958
10071,7.5e-05,172.31.36.0-255,66,14927,17,193958
10072,0.000116,172.31.36.0-255,66,14993,17,193958
10073,0.000122,172.217.194.0-255,6797,21790,17,193958
10074,0.000125,172.31.36.0-255,66,21856,17,193958
10075,0.000144,172.217.194.0-255,1484,23340,17,193958
10076,0.000147,172.31.36.0-255,66,23406,17,193958
10077,0.000174,172.217.194.0-255,1484,24890,17,193958
10078,0.000179,172.31.36.0-255,66,24956,17,193958
10079,0.000185,172.217.194.0-255,4320,29276,17,193958
10080,0.000187,172.31.36.0-255,66,29342,17,193958
10081,0.000198,172.31.36.0-255,66,29408,17,193958
10082,0.000201,172.217.194.0-255,1125,30533,17,193958
10083,0.000203,172.31.36.0-255,66,30599,17,193958
10084,0.000718,172.217.194.0-255,1484,32083,17,193958
10085,0.000723,172.31.36.0-255,66,32149,17,193958
10086,0.000733,172.217.194.0-255,2902,35051,17,193958
10087,0.000735,172.31.36.0-255,66,35117,17,193958
10088,0.000741,172.217.194.0-255,5738,40855,17,193958
10089,0.000743,172.31.36.0-255,66,40921,17,193958
10090,0.000747,172.217.194.0-255,2902,43823,17,193958
10091,0.000749,172.31.36.0-255,66,43889,17,193958
10092,0.000766,172.217.194.0-255,3961,47850,17,193958
10093,0.000769,172.31.36.0-255,66,47916,17,193958
10094,0.00082,172.217.194.0-255,1484,49400,17,193958
10095,0.000839,172.217.194.0-255,2902,52302,17,193958
10096,0.000843,172.31.36.0-255,66,52368,17,193958
10097,0.00085,172.217.194.0-255,5738,58106,17,193958
10098,0.000852,172.31.36.0-255,66,58172,17,193958
10099,0.00087,172.217.194.0-255,6797,64969,17,193958
10100,0.000873,172.31.36.0-255,66,65035,17,193958
10101,0.000896,172.217.194.0-255,1484,66519,17,193958
10102,0.0009,172.217.194.0-255,1484,68003,17,193958
10103,0.000903,172.31.36.0-255,66,68069,17,193958
10104,0.000924,172.217.194.0-255,1484,69553,17,193958
10105,0.000931,172.217.194.0-255,5738,75291,17,193958
10106,0.000934,172.31.36.0-255,66,75357,17,193958
10107,0.000952,172.217.194.0-255,1484,76841,17,193958
10108,0.000972,172.217.194.0-255,5379,82220,17,193958
10109,0.000975,172.31.36.0-255,66,82286,17,193958
10110,0.001059,172.217.194.0-255,1484,83770,17,193958
10111,0.001064,172.217.194.0-255,2902,86672,17,193958
10112,0.001067,172.31.36.0-255,66,86738,17,193958
10113,0.001088,172.217.194.0-255,5738,92476,17,193958
10114,0.001091,172.31.36.0-255,66,92542,17,193958
10115,0.001114,172.217.194.0-255,6682,99224,17,193958
10116,0.001117,172.31.36.0-255,66,99290,17,193958
10117,0.00165,172.217.194.0-255,1484,100774,17,193958
10118,0.001658,172.217.194.0-255,2902,103676,17,193958
10119,0.001663,172.31.36.0-255,66,103742,17,193958
10120,0.00167,172.217.194.0-255,5738,109480,17,193958
10121,0.001673,172.31.36.0-255,66,109546,17,193958
10122,0.001697,172.217.194.0-255,2902,112448,17,193958
10123,0.0017,172.31.36.0-255,66,112514,17,193958
10124,0.001727,172.31.36.0-255,66,112580,17,193958
10125,0.001732,172.217.194.0-255,4320,116900,17,193958
10126,0.001734,172.31.36.0-255,66,116966,17,193958
10127,0.001758,172.31.36.0-255,66,117032,17,193958
10128,0.001776,172.31.36.0-255,66,117098,17,193958
10129,0.001782,172.217.194.0-255,5020,122118,17,193958
10130,0.001783,172.31.36.0-255,66,122184,17,193958
10131,0.001997,172.217.194.0-255,1484,123668,17,193958
10132,0.002016,172.217.194.0-255,2902,126570,17,193958
10133,0.002019,172.31.36.0-255,66,126636,17,193958
10134,0.002022,172.217.194.0-255,1484,128120,17,193958
10135,0.002041,172.217.194.0-255,4320,132440,17,193958
10136,0.002044,172.31.36.0-255,66,132506,17,193958
10137,0.002048,172.217.194.0-255,2902,135408,17,193958
10138,0.00205,172.31.36.0-255,66,135474,17,193958
10139,0.002072,172.31.36.0-255,66,135540,17,193958
10140,0.002101,172.31.36.0-255,66,135606,17,193958
10141,0.002118,172.217.194.0-255,2184,137790,17,193958
10142,0.00212,172.31.36.0-255,66,137856,17,193958
10143,0.002176,172.217.194.0-255,1484,139340,17,193958
10144,0.002181,172.217.194.0-255,2902,142242,17,193958
10145,0.002184,172.31.36.0-255,66,142308,17,193958
10146,0.002189,172.217.194.0-255,5738,148046,17,193958
10147,0.002192,172.31.36.0-255,66,148112,17,193958
10148,0.002227,172.31.36.0-255,66,148178,17,193958
10149,0.00227,172.217.194.0-255,7156,155334,17,193958
10150,0.002273,172.31.36.0-255,66,155400,17,193958
10151,0.002293,172.217.194.0-255,3602,159002,17,193958
10152,0.002295,172.31.36.0-255,66,159068,17,193958
10153,0.004821,172.217.194.0-255,1484,160552,17,193958
10154,0.004841,172.217.194.0-255,4320,164872,17,193958
10155,0.004845,172.31.36.0-255,66,164938,17,193958
10156,0.007406,172.217.194.0-255,5738,170676,17,193958
10157,0.007412,172.31.36.0-255,66,170742,17,193958
10158,0.009967,172.217.194.0-255,5738,176480,17,193958
10159,0.009975,172.31.36.0-255,66,176546,17,193958
10160,0.012539,172.217.194.0-255,5738,182284,17,193958
10161,0.012548,172.31.36.0-255,66,182350,17,193958
10162,0.015121,172.217.194.0-255,5738,188088,17,193958
10163,0.015131,172.31.36.0-255,66,188154,17,193958
10164,0.017689,172.217.194.0-255,5738,193892,17,193958
10165,0.017698,172.31.36.0-255,66,193958,17,193958
10166,0.0,74.125.24.0-255,153,153,17,223258
10167,3.5e-05,172.31.36.0-255,66,219,17,223258
10168,4.1e-05,74.125.24.0-255,1484,1703,17,223258
10169,4.5e-05,172.31.36.0-255,66,1769,17,223258
10170,5e-05,74.125.24.0-255,2902,4671,17,223258
10171,5.3e-05,172.31.36.0-255,66,4737,17,223258
10172,5.9e-05,74.125.24.0-255,7156,11893,17,223258
10173,6.3e-05,172.31.36.0-255,66,11959,17,223258
10174,0.000107,74.125.24.0-255,2046,14005,17,223258
10175,0.000111,172.31.36.0-255,66,14071,17,223258
10176,0.00052,74.125.24.0-255,1484,15555,17,223258
10177,0.000526,172.31.36.0-255,66,15621,17,223258
10178,0.000535,74.125.24.0-255,2902,18523,17,223258
10179,0.000538,172.31.36.0-255,66,18589,17,223258
10180,0.000544,74.125.24.0-255,4320,22909,17,223258
10181,0.000547,172.31.36.0-255,66,22975,17,223258
10182,0.00056,74.125.24.0-255,1484,24459,17,223258
10183,0.000562,172.31.36.0-255,66,24525,17,223258
10184,0.00058,74.125.24.0-255,1484,26009,17,223258
10185,0.000583,172.31.36.0-255,66,26075,17,223258
10186,0.000605,74.125.24.0-255,5738,31813,17,223258
10187,0.00061,172.31.36.0-255,66,31879,17,223258
10188,0.000633,74.125.24.0-255,3961,35840,17,223258
10189,0.000636,172.31.36.0-255,66,35906,17,223258
10190,0.000689,74.125.24.0-255,4320,40226,17,223258
10191,0.000693,172.31.36.0-255,66,40292,17,223258
10192,0.000705,74.125.24.0-255,1484,41776,17,223258
10193,0.000709,172.31.36.0-255,66,41842,17,223258
10194,0.000742,74.125.24.0-255,4320,46162,17,223258
10195,0.000747,172.31.36.0-255,66,46228,17,223258
10196,0.000779,172.31.36.0-255,66,46294,17,223258
10197,0.000911,74.125.24.0-255,5020,51314,17,223258
10198,0.000917,172.31.36.0-255,66,51380,17,223258
10199,0.000951,74.125.24.0-255,398,51778,17,223258
10200,0.000955,74.125.24.0-255,375,52153,17,223258
10201,0.001063,74.125.24.0-255,1484,53637,17,223258
10202,0.00107,172.31.36.0-255,66,53703,17,223258
10203,0.001076,74.125.24.0-255,2902,56605,17,223258
10204,0.001079,172.31.36.0-255,66,56671,17,223258
10205,0.001108,74.125.24.0-255,5738,62409,17,223258
10206,0.00111,172.31.36.0-255,66,62475,17,223258
10207,0.001133,74.125.24.0-255,1484,63959,17,223258
10208,0.001156,172.31.36.0-255,66,64025,17,223258
10209,0.001251,74.125.24.0-255,4320,68345,17,223258
10210,0.001253,172.31.36.0-255,66,68411,17,223258
10211,0.001273,74.125.24.0-255,6438,74849,17,223258
10212,0.001276,172.31.36.0-255,66,74915,17,223258
10213,0.001351,74.125.24.0-255,1484,76399,17,223258
10214,0.001354,74.125.24.0-255,1484,77883,17,223258
10215,0.001356,172.31.36.0-255,66,77949,17,223258
10216,0.001372,74.125.24.0-255,1484,79433,17,223258
10217,0.001385,74.125.24.0-255,2902,82335,17,223258
10218,0.001387,172.31.36.0-255,66,82401,17,223258
10219,0.001405,74.125.24.0-255,2902,85303,17,223258
10220,0.001407,172.31.36.0-255,66,85369,17,223258
10221,0.001436,74.125.24.0-255,2902,88271,17,223258
10222,0.001439,172.31.36.0-255,66,88337,17,223258
10223,0.001465,172.31.36.0-255,66,88403,17,223258
10224,0.001553,74.125.24.0-255,2902,91305,17,223258
10225,0.001555,172.31.36.0-255,66,91371,17,223258
10226,0.001581,172.31.36.0-255,66,91437,17,223258
10227,0.001686,74.125.24.0-255,1484,92921,17,223258
10228,0.001706,74.125.24.0-255,2902,95823,17,223258
10229,0.001728,74.125.24.0-255,5738,101561,17,223258
10230,0.001765,74.125.24.0-255,1484,103045,17,223258
10231,0.001777,74.125.24.0-255,4320,107365,17,223258
10232,0.001797,74.125.24.0-255,7156,114521,17,223258
10233,0.0019,74.125.24.0-255,2184,116705,17,223258
10234,0.002033,74.125.24.0-255,1484,118189,17,223258
10235,0.002044,74.125.24.0-255,2902,121091,17,223258
10236,0.002046,74.125.24.0-255,1484,122575,17,223258
10237,0.00206,74.125.24.0-255,4320,126895,17,223258
10238,0.002077,74.125.24.0-255,4320,131215,17,223258
10239,0.002184,74.125.24.0-255,1484,132699,17,223258
10240,0.002203,74.125.24.0-255,5738,138437,17,223258
10241,0.002257,74.125.24.0-255,3602,142039,17,223258
10242,0.002624,74.125.24.0-255,1484,143523,17,223258
10243,0.002641,74.125.24.0-255,2902,146425,17,223258
10244,0.002657,74.125.24.0-255,1484,147909,17,223258
10245,0.002678,74.125.24.0-255,4320,152229,17,223258
10246,0.002695,74.125.24.0-255,1484,153713,17,223258
10247,0.002714,74.125.24.0-255,5738,159451,17,223258
10248,0.002765,74.125.24.0-255,2902,162353,17,223258
10249,0.002774,74.125.24.0-255,1484,163837,17,223258
10250,0.002905,74.125.24.0-255,2184,166021,17,223258
10251,0.00293,74.125.24.0-255,4320,170341,17,223258
10252,0.003019,74.125.24.0-255,1484,171825,17,223258
10253,0.00308,74.125.24.0-255,4320,176145,17,223258
10254,0.003119,74.125.24.0-255,2184,178329,17,223258
10255,0.003221,74.125.24.0-255,2902,181231,17,223258
10256,0.003233,74.125.24.0-255,2902,184133,17,223258
10257,0.00325,74.125.24.0-255,2902,187035,17,223258
10258,0.003299,74.125.24.0-255,4320,191355,17,223258
10259,0.003525,74.125.24.0-255,4320,195675,17,223258
10260,0.00357,74.125.24.0-255,5738,201413,17,223258
10261,0.003898,74.125.24.0-255,4320,205733,17,223258
10262,0.003987,172.31.36.0-255,66,205799,17,223258
10263,0.004241,74.125.24.0-255,7156,212955,17,223258
10264,0.004247,172.31.36.0-255,66,213021,17,223258
10265,0.004287,172.31.36.0-255,66,213087,17,223258
10266,0.004443,74.125.24.0-255,4320,217407,17,223258
10267,0.004449,172.31.36.0-255,66,217473,17,223258
10268,0.004461,74.125.24.0-255,5377,222850,17,223258
10269,0.004466,172.31.36.0-255,66,222916,17,223258
10270,0.004493,74.125.24.0-255,105,223021,17,223258
10271,0.013413,172.31.36.0-255,66,223087,17,223258
10272,0.013444,172.31.36.0-255,105,223192,17,223258
10273,0.016131,74.125.24.0-255,66,223258,17,223258
10274,0.0,74.125.200.0-255,153,153,17,139694
10275,2.8e-05,172.31.36.0-255,66,219,17,139694
10276,3.5e-05,74.125.200.0-255,1484,1703,17,139694
10277,3.9e-05,172.31.36.0-255,66,1769,17,139694
10278,4.5e-05,74.125.200.0-255,2902,4671,17,139694
10279,5.4e-05,172.31.36.0-255,66,4737,17,139694
10280,5.9e-05,74.125.200.0-255,2902,7639,17,139694
10281,6.2e-05,172.31.36.0-255,66,7705,17,139694
10282,9.7e-05,74.125.200.0-255,4320,12025,17,139694
10283,0.0001,172.31.36.0-255,66,12091,17,139694
10284,0.000103,74.125.200.0-255,1484,13575,17,139694
10285,0.000106,172.31.36.0-255,66,13641,17,139694
10286,0.000143,74.125.200.0-255,6267,19908,17,139694
10287,0.000147,172.31.36.0-255,66,19974,17,139694
10288,0.000152,74.125.200.0-255,4320,24294,17,139694
10289,0.000154,172.31.36.0-255,66,24360,17,139694
10290,0.000189,172.31.36.0-255,66,24426,17,139694
10291,0.000194,74.125.200.0-255,2902,27328,17,139694
10292,0.000196,172.31.36.0-255,66,27394,17,139694
10293,0.00022,74.125.200.0-255,4320,31714,17,139694
10294,0.000223,172.31.36.0-255,66,31780,17,139694
10295,0.000242,74.125.200.0-255,2184,33964,17,139694
10296,0.000246,172.31.36.0-255,66,34030,17,139694
10297,0.000473,74.125.200.0-255,1484,35514,17,139694
10298,0.000477,172.31.36.0-255,66,35580,17,139694
10299,0.000482,74.125.200.0-255,2902,38482,17,139694
10300,0.000485,172.31.36.0-255,66,38548,17,139694
10301,0.00052,74.125.200.0-255,5738,44286,17,139694
10302,0.000523,172.31.36.0-255,66,44352,17,139694
10303,0.00053,74.125.200.0-255,5738,50090,17,139694
10304,0.000532,172.31.36.0-255,66,50156,17,139694
10305,0.00056,74.125.200.0-255,1435,51591,17,139694
10306,0.00071,172.31.36.0-255,66,51657,17,139694
10307,0.000744,74.125.200.0-255,111,51768,17,139694
10308,0.000772,172.31.36.0-255,66,51834,17,139694
10309,0.000885,74.125.200.0-255,1484,53318,17,139694
10310,0.000895,74.125.200.0-255,2902,56220,17,139694
10311,0.000899,172.31.36.0-255,66,56286,17,139694
10312,0.000931,74.125.200.0-255,5738,62024,17,139694
10313,0.000935,172.31.36.0-255,66,62090,17,139694
10314,0.000966,74.125.200.0-255,6797,68887,17,139694
10315,0.00097,172.31.36.0-255,66,68953,17,139694
10316,0.000997,74.125.200.0-255,1484,70437,17,139694
10317,0.001017,74.125.200.0-255,2902,73339,17,139694
10318,0.001022,172.31.36.0-255,66,73405,17,139694
10319,0.001028,74.125.200.0-255,5738,79143,17,139694
10320,0.001031,172.31.36.0-255,66,79209,17,139694
10321,0.001035,74.125.200.0-255,2902,82111,17,139694
10322,0.001043,172.31.36.0-255,66,82177,17,139694
10323,0.00105,74.125.200.0-255,3961,86138,17,139694
10324,0.001052,172.31.36.0-255,66,86204,17,139694
10325,0.003011,74.125.200.0-255,2902,89106,17,139694
10326,0.003017,172.31.36.0-255,66,89172,17,139694
10327,0.003071,74.125.200.0-255,2902,92074,17,139694
10328,0.003073,172.31.36.0-255,66,92140,17,139694
10329,0.004982,74.125.200.0-255,2902,95042,17,139694
10330,0.004986,172.31.36.0-255,66,95108,17,139694
10331,0.005045,74.125.200.0-255,2902,98010,17,139694
10332,0.005049,172.31.36.0-255,66,98076,17,139694
10333,0.006953,74.125.200.0-255,2902,100978,17,139694
10334,0.00696,172.31.36.0-255,66,101044,17,139694
10335,0.007018,74.125.200.0-255,2902,103946,17,139694
10336,0.007023,172.31.36.0-255,66,104012,17,139694
10337,0.008927,74.125.200.0-255,2902,106914,17,139694
10338,0.008935,172.31.36.0-255,66,106980,17,139694
10339,0.008971,74.125.200.0-255,1484,108464,17,139694
10340,0.008986,74.125.200.0-255,1484,109948,17,139694
10341,0.00899,172.31.36.0-255,66,110014,17,139694
10342,0.010901,74.125.200.0-255,2902,112916,17,139694
10343,0.010907,172.31.36.0-255,66,112982,17,139694
10344,0.010952,74.125.200.0-255,2902,115884,17,139694
10345,0.010956,172.31.36.0-255,66,115950,17,139694
10346,0.012881,74.125.200.0-255,2902,118852,17,139694
10347,0.012889,172.31.36.0-255,66,118918,17,139694
10348,0.012924,74.125.200.0-255,2902,121820,17,139694
10349,0.012926,172.31.36.0-255,66,121886,17,139694
10350,0.014862,74.125.200.0-255,2902,124788,17,139694
10351,0.01487,172.31.36.0-255,66,124854,17,139694
10352,0.014905,74.125.200.0-255,2902,127756,17,139694
10353,0.014909,172.31.36.0-255,66,127822,17,139694
10354,0.01684,74.125.200.0-255,2902,130724,17,139694
10355,0.016846,172.31.36.0-255,66,130790,17,139694
10356,0.016882,74.125.200.0-255,2902,133692,17,139694
10357,0.016886,172.31.36.0-255,66,133758,17,139694
10358,0.01881,74.125.200.0-255,2902,136660,17,139694
10359,0.018816,172.31.36.0-255,66,136726,17,139694
10360,0.018853,74.125.200.0-255,2902,139628,17,139694
10361,0.018857,172.31.36.0-255,66,139694,17,139694
10362,0.0,172.217.194.0-255,153,153,17,112018
10363,3e-05,172.31.36.0-255,66,219,17,112018
10364,3.7e-05,172.217.194.0-255,1484,1703,17,112018
10365,4.2e-05,172.31.36.0-255,66,1769,17,112018
10366,4.7e-05,172.217.194.0-255,2902,4671,17,112018
10367,5e-05,172.31.36.0-255,66,4737,17,112018
10368,6.4e-05,172.217.194.0-255,7156,11893,17,112018
10369,6.7e-05,172.31.36.0-255,66,11959,17,112018
10370,7.1e-05,172.217.194.0-255,2038,13997,17,112018
10371,7.4e-05,172.31.36.0-255,66,14063,17,112018
10372,0.000179,172.217.194.0-255,1484,15547,17,112018
10373,0.000183,172.31.36.0-255,66,15613,17,112018
10374,0.000189,172.217.194.0-255,2902,18515,17,112018
10375,0.000192,172.31.36.0-255,66,18581,17,112018
10376,0.000216,172.217.194.0-255,5738,24319,17,112018
10377,0.000224,172.31.36.0-255,66,24385,17,112018
10378,0.00023,172.217.194.0-255,4320,28705,17,112018
10379,0.000232,172.31.36.0-255,66,28771,17,112018
10380,0.000238,172.217.194.0-255,5379,34150,17,112018
10381,0.000241,172.31.36.0-255,66,34216,17,112018
10382,0.000245,172.217.194.0-255,2902,37118,17,112018
10383,0.000248,172.31.36.0-255,66,37184,17,112018
10384,0.000302,172.31.36.0-255,66,37250,17,112018
10385,0.000319,172.31.36.0-255,66,37316,17,112018
10386,0.00033,172.31.36.0-255,66,37382,17,112018
10387,0.000358,172.217.194.0-255,340,37722,17,112018
10388,0.000361,172.31.36.0-255,66,37788,17,112018
10389,0.000388,172.217.194.0-255,433,38221,17,112018
10390,0.000391,172.31.36.0-255,66,38287,17,112018
10391,0.000504,172.217.194.0-255,1484,39771,17,112018
10392,0.00051,172.217.194.0-255,2902,42673,17,112018
10393,0.000513,172.31.36.0-255,66,42739,17,112018
10394,0.000537,172.217.194.0-255,5738,48477,17,112018
10395,0.00054,172.31.36.0-255,66,48543,17,112018
10396,0.000544,172.217.194.0-255,1484,50027,17,112018
10397,0.000582,172.31.36.0-255,66,50093,17,112018
10398,0.000599,172.31.36.0-255,66,50159,17,112018
10399,0.000602,172.217.194.0-255,766,50925,17,112018
10400,0.000626,172.217.194.0-255,1484,52409,17,112018
10401,0.000629,172.31.36.0-255,66,52475,17,112018
10402,0.000634,172.217.194.0-255,2902,55377,17,112018
10403,0.000636,172.31.36.0-255,66,55443,17,112018
10404,0.000665,172.217.194.0-255,1484,56927,17,112018
10405,0.000678,172.31.36.0-255,66,56993,17,112018
10406,0.000689,172.31.36.0-255,66,57059,17,112018
10407,0.000727,172.217.194.0-255,2902,59961,17,112018
10408,0.000731,172.31.36.0-255,66,60027,17,112018
10409,0.000774,172.31.36.0-255,66,60093,17,112018
10410,0.00082,172.31.36.0-255,66,60159,17,112018
10411,0.000887,172.31.36.0-255,66,60225,17,112018
10412,0.000906,172.31.36.0-255,66,60291,17,112018
10413,0.000912,172.31.36.0-255,66,60357,17,112018
10414,0.000923,172.31.36.0-255,66,60423,17,112018
10415,0.000933,172.31.36.0-255,66,60489,17,112018
10416,0.000938,172.217.194.0-255,4320,64809,17,112018
10417,0.000941,172.31.36.0-255,66,64875,17,112018
10418,0.000995,172.31.36.0-255,66,64941,17,112018
10419,0.001009,172.31.36.0-255,66,65007,17,112018
10420,0.001035,172.31.36.0-255,66,65073,17,112018
10421,0.001043,172.217.194.0-255,6438,71511,17,112018
10422,0.001046,172.31.36.0-255,66,71577,17,112018
10423,0.001059,172.217.194.0-255,1484,73061,17,112018
10424,0.001087,172.217.194.0-255,5738,78799,17,112018
10425,0.001091,172.31.36.0-255,66,78865,17,112018
10426,0.001098,172.217.194.0-255,5738,84603,17,112018
10427,0.001101,172.31.36.0-255,66,84669,17,112018
10428,0.001136,172.31.36.0-255,66,84735,17,112018
10429,0.00114,172.217.194.0-255,1484,86219,17,112018
10430,0.001168,172.31.36.0-255,66,86285,17,112018
10431,0.001182,172.31.36.0-255,66,86351,17,112018
10432,0.001238,172.31.36.0-255,66,86417,17,112018
10433,0.001256,172.217.194.0-255,1484,87901,17,112018
10434,0.001261,172.217.194.0-255,2902,90803,17,112018
10435,0.001264,172.31.36.0-255,66,90869,17,112018
10436,0.00127,172.217.194.0-255,5738,96607,17,112018
10437,0.001272,172.31.36.0-255,66,96673,17,112018
10438,0.001353,172.31.36.0-255,66,96739,17,112018
10439,0.001372,172.31.36.0-255,66,96805,17,112018
10440,0.00142,172.217.194.0-255,5738,102543,17,112018
10441,0.001425,172.31.36.0-255,66,102609,17,112018
10442,0.001432,172.217.194.0-255,4320,106929,17,112018
10443,0.001435,172.31.36.0-255,66,106995,17,112018
10444,0.001454,172.217.194.0-255,2902,109897,17,112018
10445,0.001462,172.31.36.0-255,66,109963,17,112018
10446,0.001519,172.31.36.0-255,66,110029,17,112018
10447,0.001522,172.217.194.0-255,1484,111513,17,112018
10448,0.001543,172.31.36.0-255,66,111579,17,112018
10449,0.001546,172.217.194.0-255,97,111676,17,112018
10450,0.001549,172.217.194.0-255,105,111781,17,112018
10451,0.003513,172.31.36.0-255,66,111847,17,112018
10452,0.00354,172.31.36.0-255,105,111952,17,112018
10453,0.006117,172.217.194.0-255,66,112018,17,112018
10454,0.0,74.125.24.0-255,153,153,17,187023
10455,3.1e-05,172.31.36.0-255,66,219,17,187023
10456,3.9e-05,74.125.24.0-255,1484,1703,17,187023
10457,4.3e-05,172.31.36.0-255,66,1769,17,187023
10458,5.6e-05,74.125.24.0-255,2902,4671,17,187023
10459,5.8e-05,172.31.36.0-255,66,4737,17,187023
10460,6.6e-05,74.125.24.0-255,7156,11893,17,187023
10461,6.9e-05,172.31.36.0-255,66,11959,17,187023
10462,7.9e-05,172.31.36.0-255,66,12025,17,187023
10463,9e-05,172.31.36.0-255,66,12091,17,187023
10464,0.00012,74.125.24.0-255,2543,14634,17,187023
10465,0.000124,172.31.36.0-255,66,14700,17,187023
10466,0.000161,74.125.24.0-255,2902,17602,17,187023
10467,0.000164,172.31.36.0-255,66,17668,17,187023
10468,0.000169,74.125.24.0-255,2902,20570,17,187023
10469,0.000171,172.31.36.0-255,66,20636,17,187023
10470,0.000182,74.125.24.0-255,7156,27792,17,187023
10471,0.000184,172.31.36.0-255,66,27858,17,187023
10472,0.000218,74.125.24.0-255,7156,35014,17,187023
10473,0.000222,172.31.36.0-255,66,35080,17,187023
10474,0.000257,172.31.36.0-255,66,35146,17,187023
10475,0.000263,74.125.24.0-255,4272,39418,17,187023
10476,0.000265,172.31.36.0-255,66,39484,17,187023
10477,0.000268,74.125.24.0-255,112,39596,17,187023
10478,0.00027,172.31.36.0-255,66,39662,17,187023
10479,0.000383,74.125.24.0-255,1484,41146,17,187023
10480,0.000388,172.31.36.0-255,66,41212,17,187023
10481,0.000394,74.125.24.0-255,2902,44114,17,187023
10482,0.000396,172.31.36.0-255,66,44180,17,187023
10483,0.000409,74.125.24.0-255,5738,49918,17,187023
10484,0.000411,172.31.36.0-255,66,49984,17,187023
10485,0.000461,172.31.36.0-255,66,50050,17,187023
10486,0.000502,172.31.36.0-255,66,50116,17,187023
10487,0.00071,74.125.24.0-255,1484,51600,17,187023
10488,0.000718,74.125.24.0-255,2902,54502,17,187023
10489,0.000722,172.31.36.0-255,66,54568,17,187023
10490,0.000758,74.125.24.0-255,5738,60306,17,187023
10491,0.000762,172.31.36.0-255,66,60372,17,187023
10492,0.000777,172.31.36.0-255,66,60438,17,187023
10493,0.000784,74.125.24.0-255,5738,66176,17,187023
10494,0.000787,172.31.36.0-255,66,66242,17,187023
10495,0.000815,74.125.24.0-255,4320,70562,17,187023
10496,0.000818,172.31.36.0-255,66,70628,17,187023
10497,0.000822,74.125.24.0-255,766,71394,17,187023
10498,0.000848,74.125.24.0-255,1484,72878,17,187023
10499,0.000851,172.31.36.0-255,66,72944,17,187023
10500,0.000857,74.125.24.0-255,4320,77264,17,187023
10501,0.00086,172.31.36.0-255,66,77330,17,187023
10502,0.000866,74.125.24.0-255,4320,81650,17,187023
10503,0.000868,172.31.36.0-255,66,81716,17,187023
10504,0.000909,74.125.24.0-255,5738,87454,17,187023
10505,0.000916,172.31.36.0-255,66,87520,17,187023
10506,0.000922,172.31.36.0-255,66,87586,17,187023
10507,0.000991,172.31.36.0-255,66,87652,17,187023
10508,0.001092,74.125.24.0-255,1484,89136,17,187023
10509,0.001099,74.125.24.0-255,2902,92038,17,187023
10510,0.001103,172.31.36.0-255,66,92104,17,187023
10511,0.001111,74.125.24.0-255,5738,97842,17,187023
10512,0.001114,172.31.36.0-255,66,97908,17,187023
10513,0.001142,172.31.36.0-255,66,97974,17,187023
10514,0.00117,74.125.24.0-255,2902,100876,17,187023
10515,0.001173,172.31.36.0-255,66,100942,17,187023
10516,0.001177,74.125.24.0-255,1484,102426,17,187023
10517,0.001225,172.31.36.0-255,66,102492,17,187023
10518,0.001247,74.125.24.0-255,1484,103976,17,187023
10519,0.001252,74.125.24.0-255,2902,106878,17,187023
10520,0.001255,74.125.24.0-255,1484,108362,17,187023
10521,0.001257,172.31.36.0-255,66,108428,17,187023
10522,0.001269,74.125.24.0-255,4320,112748,17,187023
10523,0.001276,172.31.36.0-255,66,112814,17,187023
10524,0.001283,74.125.24.0-255,5738,118552,17,187023
10525,0.001285,172.31.36.0-255,66,118618,17,187023
10526,0.001318,74.125.24.0-255,7156,125774,17,187023
10527,0.001323,172.31.36.0-255,66,125840,17,187023
10528,0.001339,172.31.36.0-255,66,125906,17,187023
10529,0.001351,172.31.36.0-255,66,125972,17,187023
10530,0.001389,74.125.24.0-255,5738,131710,17,187023
10531,0.001392,172.31.36.0-255,66,131776,17,187023
10532,0.00141,172.31.36.0-255,66,131842,17,187023
10533,0.00145,74.125.24.0-255,2184,134026,17,187023
10534,0.001454,172.31.36.0-255,66,134092,17,187023
10535,0.001471,172.31.36.0-255,66,134158,17,187023
10536,0.001484,172.31.36.0-255,66,134224,17,187023
10537,0.001583,74.125.24.0-255,1484,135708,17,187023
10538,0.001588,74.125.24.0-255,2902,138610,17,187023
10539,0.001591,172.31.36.0-255,66,138676,17,187023
10540,0.001596,74.125.24.0-255,2902,141578,17,187023
10541,0.001599,172.31.36.0-255,66,141644,17,187023
10542,0.001621,74.125.24.0-255,2902,144546,17,187023
10543,0.001625,172.31.36.0-255,66,144612,17,187023
10544,0.001641,172.31.36.0-255,66,144678,17,187023
10545,0.00167,74.125.24.0-255,4320,148998,17,187023
10546,0.001674,172.31.36.0-255,66,149064,17,187023
10547,0.00168,74.125.24.0-255,5738,154802,17,187023
10548,0.001682,172.31.36.0-255,66,154868,17,187023
10549,0.001689,74.125.24.0-255,5020,159888,17,187023
10550,0.001691,172.31.36.0-255,66,159954,17,187023
10551,0.001723,74.125.24.0-255,5738,165692,17,187023
10552,0.001727,172.31.36.0-255,66,165758,17,187023
10553,0.001797,74.125.24.0-255,7156,172914,17,187023
10554,0.001802,172.31.36.0-255,66,172980,17,187023
10555,0.001816,172.31.36.0-255,66,173046,17,187023
10556,0.001826,74.125.24.0-255,1484,174530,17,187023
10557,0.001829,172.31.36.0-255,66,174596,17,187023
10558,0.001881,172.31.36.0-255,66,174662,17,187023
10559,0.001897,74.125.24.0-255,5738,180400,17,187023
10560,0.0019,172.31.36.0-255,66,180466,17,187023
10561,0.001904,172.31.36.0-255,66,180532,17,187023
10562,0.001913,74.125.24.0-255,6083,186615,17,187023
10563,0.001916,74.125.24.0-255,105,186720,17,187023
10564,0.001917,172.31.36.0-255,66,186786,17,187023
10565,0.005231,172.31.36.0-255,66,186852,17,187023
10566,0.005254,172.31.36.0-255,105,186957,17,187023
10567,0.007746,74.125.24.0-255,66,187023,17,187023
10568,0.0,172.217.194.0-255,152,152,17,173655
10569,3e-05,172.217.194.0-255,1484,1636,17,173655
10570,4e-05,172.31.36.0-255,66,1702,17,173655
10571,4.8e-05,172.217.194.0-255,2902,4604,17,173655
10572,5.1e-05,172.31.36.0-255,66,4670,17,173655
10573,5.9e-05,172.217.194.0-255,7156,11826,17,173655
10574,6.2e-05,172.31.36.0-255,66,11892,17,173655
10575,8.6e-05,172.217.194.0-255,7156,19048,17,173655
10576,8.9e-05,172.31.36.0-255,66,19114,17,173655
10577,0.000117,172.217.194.0-255,4872,23986,17,173655
10578,0.00012,172.31.36.0-255,66,24052,17,173655
10579,0.000127,172.217.194.0-255,6797,30849,17,173655
10580,0.00013,172.31.36.0-255,66,30915,17,173655
10581,0.000162,172.217.194.0-255,7156,38071,17,173655
10582,0.000166,172.31.36.0-255,66,38137,17,173655
10583,0.000172,172.217.194.0-255,7156,45293,17,173655
10584,0.000174,172.31.36.0-255,66,45359,17,173655
10585,0.000207,172.217.194.0-255,5738,51097,17,173655
10586,0.000211,172.31.36.0-255,66,51163,17,173655
10587,0.000243,172.31.36.0-255,66,51229,17,173655
10588,0.000247,172.217.194.0-255,2824,54053,17,173655
10589,0.00025,172.31.36.0-255,66,54119,17,173655
10590,0.000254,172.217.194.0-255,118,54237,17,173655
10591,0.00028,172.217.194.0-255,376,54613,17,173655
10592,0.00051,172.217.194.0-255,1484,56097,17,173655
10593,0.000514,172.31.36.0-255,66,56163,17,173655
10594,0.00052,172.217.194.0-255,2902,59065,17,173655
10595,0.000522,172.31.36.0-255,66,59131,17,173655
10596,0.000528,172.217.194.0-255,5738,64869,17,173655
10597,0.000532,172.31.36.0-255,66,64935,17,173655
10598,0.00055,172.217.194.0-255,1484,66419,17,173655
10599,0.00058,172.31.36.0-255,66,66485,17,173655
10600,0.000594,172.31.36.0-255,66,66551,17,173655
10601,0.000771,172.217.194.0-255,1484,68035,17,173655
10602,0.000776,172.217.194.0-255,2902,70937,17,173655
10603,0.000779,172.31.36.0-255,66,71003,17,173655
10604,0.000784,172.217.194.0-255,2902,73905,17,173655
10605,0.000787,172.31.36.0-255,66,73971,17,173655
10606,0.000811,172.217.194.0-255,2902,76873,17,173655
10607,0.000814,172.31.36.0-255,66,76939,17,173655
10608,0.000828,172.31.36.0-255,66,77005,17,173655
10609,0.00084,172.31.36.0-255,66,77071,17,173655
10610,0.000882,172.31.36.0-255,66,77137,17,173655
10611,0.000903,172.217.194.0-255,4320,81457,17,173655
10612,0.000906,172.31.36.0-255,66,81523,17,173655
10613,0.000918,172.31.36.0-255,66,81589,17,173655
10614,0.000937,172.217.194.0-255,1484,83073,17,173655
10615,0.000943,172.217.194.0-255,6438,89511,17,173655
10616,0.000946,172.31.36.0-255,66,89577,17,173655
10617,0.000991,172.217.194.0-255,1484,91061,17,173655
10618,0.001013,172.217.194.0-255,7156,98217,17,173655
10619,0.001017,172.31.36.0-255,66,98283,17,173655
10620,0.001028,172.31.36.0-255,66,98349,17,173655
10621,0.001034,172.217.194.0-255,4320,102669,17,173655
10622,0.001036,172.31.36.0-255,66,102735,17,173655
10623,0.001068,172.31.36.0-255,66,102801,17,173655
10624,0.001074,172.217.194.0-255,4320,107121,17,173655
10625,0.001076,172.31.36.0-255,66,107187,17,173655
10626,0.001101,172.31.36.0-255,66,107253,17,173655
10627,0.001104,172.217.194.0-255,1484,108737,17,173655
10628,0.001175,172.31.36.0-255,66,108803,17,173655
10629,0.001178,172.217.194.0-255,1484,110287,17,173655
10630,0.001182,172.217.194.0-255,2902,113189,17,173655
10631,0.001184,172.31.36.0-255,66,113255,17,173655
10632,0.001202,172.217.194.0-255,5738,118993,17,173655
10633,0.001205,172.31.36.0-255,66,119059,17,173655
10634,0.00123,172.217.194.0-255,5738,124797,17,173655
10635,0.001233,172.31.36.0-255,66,124863,17,173655
10636,0.001261,172.217.194.0-255,7156,132019,17,173655
10637,0.001265,172.31.36.0-255,66,132085,17,173655
10638,0.001277,172.31.36.0-255,66,132151,17,173655
10639,0.001306,172.217.194.0-255,2184,134335,17,173655
10640,0.00131,172.31.36.0-255,66,134401,17,173655
10641,0.001314,172.217.194.0-255,2902,137303,17,173655
10642,0.001316,172.31.36.0-255,66,137369,17,173655
10643,0.001324,172.217.194.0-255,7156,144525,17,173655
10644,0.001326,172.31.36.0-255,66,144591,17,173655
10645,0.001352,172.217.194.0-255,7156,151747,17,173655
10646,0.001357,172.31.36.0-255,66,151813,17,173655
10647,0.001383,172.31.36.0-255,66,151879,17,173655
10648,0.001387,172.217.194.0-255,1484,153363,17,173655
10649,0.001392,172.217.194.0-255,2902,156265,17,173655
10650,0.001394,172.31.36.0-255,66,156331,17,173655
10651,0.001432,172.217.194.0-255,6438,162769,17,173655
10652,0.001436,172.31.36.0-255,66,162835,17,173655
10653,0.001449,172.31.36.0-255,66,162901,17,173655
10654,0.001468,172.31.36.0-255,66,162967,17,173655
10655,0.001497,172.217.194.0-255,1484,164451,17,173655
10656,0.001525,172.31.36.0-255,66,164517,17,173655
10657,0.001548,172.217.194.0-255,4320,168837,17,173655
10658,0.001551,172.31.36.0-255,66,168903,17,173655
10659,0.001555,172.217.194.0-255,1484,170387,17,173655
10660,0.001568,172.31.36.0-255,66,170453,17,173655
10661,0.001612,172.31.36.0-255,66,170519,17,173655
10662,0.001626,172.31.36.0-255,66,170585,17,173655
10663,0.001651,172.217.194.0-255,1484,172069,17,173655
10664,0.001712,172.31.36.0-255,66,172135,17,173655
10665,0.001743,172.31.36.0-255,66,172201,17,173655
10666,0.001746,172.217.194.0-255,1112,173313,17,173655
10667,0.001748,172.217.194.0-255,105,173418,17,173655
10668,0.008538,172.31.36.0-255,66,173484,17,173655
10669,0.008568,172.31.36.0-255,105,173589,17,173655
10670,0.010847,172.217.194.0-255,66,173655,17,173655
10671,0.0,172.217.194.0-255,297,297,17,178524
10672,2.3e-05,172.31.36.0-255,66,363,17,178524
10673,3.2e-05,172.217.194.0-255,1484,1847,17,178524
10674,3.6e-05,172.31.36.0-255,66,1913,17,178524
10675,4.2e-05,172.217.194.0-255,4320,6233,17,178524
10676,4.5e-05,172.31.36.0-255,66,6299,17,178524
10677,5.7e-05,172.31.36.0-255,66,6365,17,178524
10678,6.9e-05,172.31.36.0-255,66,6431,17,178524
10679,7.6e-05,172.217.194.0-255,6797,13228,17,178524
10680,8e-05,172.31.36.0-255,66,13294,17,178524
10681,0.000115,172.217.194.0-255,7156,20450,17,178524
10682,0.000117,172.31.36.0-255,66,20516,17,178524
10683,0.000124,172.217.194.0-255,7156,27672,17,178524
10684,0.000127,172.31.36.0-255,66,27738,17,178524
10685,0.000168,172.31.36.0-255,66,27804,17,178524
10686,0.000171,172.217.194.0-255,2831,30635,17,178524
10687,0.000173,172.31.36.0-255,66,30701,17,178524
10688,0.000195,172.217.194.0-255,397,31098,17,178524
10689,0.000198,172.31.36.0-255,66,31164,17,178524
10690,0.000425,172.217.194.0-255,1484,32648,17,178524
10691,0.000431,172.31.36.0-255,66,32714,17,178524
10692,0.000436,172.217.194.0-255,2902,35616,17,178524
10693,0.000439,172.31.36.0-255,66,35682,17,178524
10694,0.000445,172.217.194.0-255,5738,41420,17,178524
10695,0.000448,172.31.36.0-255,66,41486,17,178524
10696,0.000473,172.31.36.0-255,66,41552,17,178524
10697,0.000521,172.217.194.0-255,4320,45872,17,178524
10698,0.000524,172.31.36.0-255,66,45938,17,178524
10699,0.000555,172.31.36.0-255,66,46004,17,178524
10700,0.000814,172.217.194.0-255,1484,47488,17,178524
10701,0.000821,172.217.194.0-255,2902,50390,17,178524
10702,0.000857,172.217.194.0-255,5738,56128,17,178524
10703,0.000875,172.217.194.0-255,7156,63284,17,178524
10704,0.000886,172.31.36.0-255,66,63350,17,178524
10705,0.000891,172.217.194.0-255,2902,66252,17,178524
10706,0.000896,172.31.36.0-255,66,66318,17,178524
10707,0.000904,172.217.194.0-255,766,67084,17,178524
10708,0.001001,172.217.194.0-255,1484,68568,17,178524
10709,0.001007,172.217.194.0-255,2902,71470,17,178524
10710,0.001014,172.31.36.0-255,66,71536,17,178524
10711,0.001036,172.217.194.0-255,5738,77274,17,178524
10712,0.001042,172.217.194.0-255,4320,81594,17,178524
10713,0.00105,172.31.36.0-255,66,81660,17,178524
10714,0.001081,172.217.194.0-255,7156,88816,17,178524
10715,0.001092,172.31.36.0-255,66,88882,17,178524
10716,0.001106,172.217.194.0-255,3602,92484,17,178524
10717,0.001124,172.31.36.0-255,66,92550,17,178524
10718,0.001157,172.217.194.0-255,1484,94034,17,178524
10719,0.001173,172.217.194.0-255,2902,96936,17,178524
10720,0.001178,172.217.194.0-255,4320,101256,17,178524
10721,0.001183,172.31.36.0-255,66,101322,17,178524
10722,0.001202,172.217.194.0-255,1484,102806,17,178524
10723,0.001209,172.217.194.0-255,7156,109962,17,178524
10724,0.001212,172.217.194.0-255,2902,112864,17,178524
10725,0.001219,172.31.36.0-255,66,112930,17,178524
10726,0.001237,172.217.194.0-255,2184,115114,17,178524
10727,0.001259,172.31.36.0-255,66,115180,17,178524
10728,0.001644,172.217.194.0-255,1484,116664,17,178524
10729,0.00165,172.217.194.0-255,2902,119566,17,178524
10730,0.001653,172.31.36.0-255,66,119632,17,178524
10731,0.001658,172.217.194.0-255,1484,121116,17,178524
10732,0.001677,172.217.194.0-255,4320,125436,17,178524
10733,0.001683,172.217.194.0-255,4320,129756,17,178524
10734,0.001694,172.31.36.0-255,66,129822,17,178524
10735,0.001722,172.31.36.0-255,66,129888,17,178524
10736,0.001744,172.217.194.0-255,2902,132790,17,178524
10737,0.001767,172.31.36.0-255,66,132856,17,178524
10738,0.001772,172.31.36.0-255,66,132922,17,178524
10739,0.001789,172.217.194.0-255,5738,138660,17,178524
10740,0.001819,172.217.194.0-255,5738,144398,17,178524
10741,0.001824,172.31.36.0-255,66,144464,17,178524
10742,0.001866,172.31.36.0-255,66,144530,17,178524
10743,0.001876,172.217.194.0-255,4320,148850,17,178524
10744,0.001927,172.31.36.0-255,66,148916,17,178524
10745,0.00195,172.217.194.0-255,2184,151100,17,178524
10746,0.001954,172.217.194.0-255,2902,154002,17,178524
10747,0.001961,172.217.194.0-255,7156,161158,17,178524
10748,0.001968,172.217.194.0-255,7156,168314,17,178524
10749,0.001986,172.31.36.0-255,66,168380,17,178524
10750,0.002045,172.31.36.0-255,66,168446,17,178524
10751,0.002101,172.217.194.0-255,1484,169930,17,178524
10752,0.00211,172.31.36.0-255,66,169996,17,178524
10753,0.002142,172.31.36.0-255,66,170062,17,178524
10754,0.002154,172.217.194.0-255,3602,173664,17,178524
10755,0.002181,172.217.194.0-255,2902,176566,17,178524
10756,0.002184,172.217.194.0-255,1484,178050,17,178524
10757,0.002191,172.31.36.0-255,66,178116,17,178524
10758,0.002236,172.31.36.0-255,66,178182,17,178524
10759,0.002253,172.217.194.0-255,105,178287,17,178524
10760,0.002258,172.31.36.0-255,66,178353,17,178524
10761,0.004499,172.31.36.0-255,105,178458,17,178524
10762,0.006804,172.217.194.0-255,66,178524,17,178524
10763,0.0,74.125.68.0-255,152,152,17,218036
10764,1.4e-05,172.31.36.0-255,66,218,17,218036
10765,2.2e-05,74.125.68.0-255,1484,1702,17,218036
10766,2.7e-05,172.31.36.0-255,66,1768,17,218036
10767,4e-05,74.125.68.0-255,2902,4670,17,218036
10768,4.5e-05,172.31.36.0-255,66,4736,17,218036
10769,4.8e-05,74.125.68.0-255,1484,6220,17,218036
10770,5.2e-05,172.31.36.0-255,66,6286,17,218036
10771,8.2e-05,74.125.68.0-255,5738,12024,17,218036
10772,8.4e-05,172.31.36.0-255,66,12090,17,218036
10773,8.9e-05,74.125.68.0-255,2012,14102,17,218036
10774,9.1e-05,172.31.36.0-255,66,14168,17,218036
10775,0.000119,74.125.68.0-255,2902,17070,17,218036
10776,0.000122,172.31.36.0-255,66,17136,17,218036
10777,0.000132,74.125.68.0-255,4320,21456,17,218036
10778,0.000135,172.31.36.0-255,66,21522,17,218036
10779,0.000174,172.31.36.0-255,66,21588,17,218036
10780,0.000179,74.125.68.0-255,2902,24490,17,218036
10781,0.000181,172.31.36.0-255,66,24556,17,218036
10782,0.000191,74.125.68.0-255,4320,28876,17,218036
10783,0.000193,172.31.36.0-255,66,28942,17,218036
10784,0.000226,172.31.36.0-255,66,29008,17,218036
10785,0.00023,74.125.68.0-255,2184,31192,17,218036
10786,0.000232,172.31.36.0-255,66,31258,17,218036
10787,0.000281,74.125.68.0-255,1484,32742,17,218036
10788,0.000283,172.31.36.0-255,66,32808,17,218036
10789,0.000287,74.125.68.0-255,1484,34292,17,218036
10790,0.00029,172.31.36.0-255,66,34358,17,218036
10791,0.000315,74.125.68.0-255,1484,35842,17,218036
10792,0.000322,74.125.68.0-255,5738,41580,17,218036
10793,0.000324,74.125.68.0-255,1484,43064,17,218036
10794,0.000326,74.125.68.0-255,1484,44548,17,218036
10795,0.00033,172.31.36.0-255,66,44614,17,218036
10796,0.000334,172.31.36.0-255,66,44680,17,218036
10797,0.000338,172.31.36.0-255,66,44746,17,218036
10798,0.000357,74.125.68.0-255,1484,46230,17,218036
10799,0.000376,74.125.68.0-255,2849,49079,17,218036
10800,0.000379,172.31.36.0-255,66,49145,17,218036
10801,0.000694,74.125.68.0-255,115,49260,17,218036
10802,0.000809,74.125.68.0-255,1484,50744,17,218036
10803,0.000814,172.31.36.0-255,66,50810,17,218036
10804,0.00082,74.125.68.0-255,2902,53712,17,218036
10805,0.000823,172.31.36.0-255,66,53778,17,218036
10806,0.000849,74.125.68.0-255,4320,58098,17,218036
10807,0.000856,172.31.36.0-255,66,58164,17,218036
10808,0.000892,172.31.36.0-255,66,58230,17,218036
10809,0.000897,74.125.68.0-255,2902,61132,17,218036
10810,0.000899,172.31.36.0-255,66,61198,17,218036
10811,0.000936,74.125.68.0-255,2902,64100,17,218036
10812,0.00094,172.31.36.0-255,66,64166,17,218036
10813,0.00098,172.31.36.0-255,66,64232,17,218036
10814,0.001738,74.125.68.0-255,1484,65716,17,218036
10815,0.001749,74.125.68.0-255,2902,68618,17,218036
10816,0.001753,172.31.36.0-255,66,68684,17,218036
10817,0.001759,74.125.68.0-255,2902,71586,17,218036
10818,0.001761,172.31.36.0-255,66,71652,17,218036
10819,0.00178,74.125.68.0-255,2902,74554,17,218036
10820,0.001786,172.31.36.0-255,66,74620,17,218036
10821,0.00179,74.125.68.0-255,2902,77522,17,218036
10822,0.001792,172.31.36.0-255,66,77588,17,218036
10823,0.001799,74.125.68.0-255,4320,81908,17,218036
10824,0.001801,172.31.36.0-255,66,81974,17,218036
10825,0.001841,74.125.68.0-255,5738,87712,17,218036
10826,0.001844,172.31.36.0-255,66,87778,17,218036
10827,0.00186,172.31.36.0-255,66,87844,17,218036
10828,0.001888,74.125.68.0-255,2184,90028,17,218036
10829,0.001891,172.31.36.0-255,66,90094,17,218036
10830,0.002146,74.125.68.0-255,1484,91578,17,218036
10831,0.002155,74.125.68.0-255,2902,94480,17,218036
10832,0.002159,172.31.36.0-255,66,94546,17,218036
10833,0.002198,74.125.68.0-255,5738,100284,17,218036
10834,0.002201,172.31.36.0-255,66,100350,17,218036
10835,0.002206,74.125.68.0-255,2902,103252,17,218036
10836,0.002208,172.31.36.0-255,66,103318,17,218036
10837,0.002219,74.125.68.0-255,4320,107638,17,218036
10838,0.002221,172.31.36.0-255,66,107704,17,218036
10839,0.002231,172.31.36.0-255,66,107770,17,218036
10840,0.002237,74.125.68.0-255,4320,112090,17,218036
10841,0.002238,172.31.36.0-255,66,112156,17,218036
10842,0.002303,74.125.68.0-255,5020,117176,17,218036
10843,0.002306,172.31.36.0-255,66,117242,17,218036
10844,0.002311,74.125.68.0-255,2902,120144,17,218036
10845,0.002313,172.31.36.0-255,66,120210,17,218036
10846,0.002322,74.125.68.0-255,4320,124530,17,218036
10847,0.002324,172.31.36.0-255,66,124596,17,218036
10848,0.002333,74.125.68.0-255,7156,131752,17,218036
10849,0.002336,172.31.36.0-255,66,131818,17,218036
10850,0.002383,74.125.68.0-255,1484,133302,17,218036
10851,0.002391,74.125.68.0-255,5738,139040,17,218036
10852,0.002394,172.31.36.0-255,66,139106,17,218036
10853,0.002401,74.125.68.0-255,7156,146262,17,218036
10854,0.002403,172.31.36.0-255,66,146328,17,218036
10855,0.002413,74.125.68.0-255,3602,149930,17,218036
10856,0.002415,172.31.36.0-255,66,149996,17,218036
10857,0.002445,74.125.68.0-255,1484,151480,17,218036
10858,0.00245,74.125.68.0-255,2902,154382,17,218036
10859,0.002453,172.31.36.0-255,66,154448,17,218036
10860,0.002459,74.125.68.0-255,4320,158768,17,218036
10861,0.002461,172.31.36.0-255,66,158834,17,218036
10862,0.002496,74.125.68.0-255,1484,160318,17,218036
10863,0.002507,172.31.36.0-255,66,160384,17,218036
10864,0.002518,172.31.36.0-255,66,160450,17,218036
10865,0.002544,74.125.68.0-255,1484,161934,17,218036
10866,0.00255,74.125.68.0-255,5020,166954,17,218036
10867,0.002553,172.31.36.0-255,66,167020,17,218036
10868,0.002556,74.125.68.0-255,1484,168504,17,218036
10869,0.002579,74.125.68.0-255,4320,172824,17,218036
10870,0.002582,172.31.36.0-255,66,172890,17,218036
10871,0.002589,74.125.68.0-255,5738,178628,17,218036
10872,0.002592,172.31.36.0-255,66,178694,17,218036
10873,0.002599,74.125.68.0-255,1484,180178,17,218036
10874,0.002634,74.125.68.0-255,2902,183080,17,218036
10875,0.002637,172.31.36.0-255,66,183146,17,218036
10876,0.005176,74.125.68.0-255,1484,184630,17,218036
10877,0.005229,74.125.68.0-255,4320,188950,17,218036
10878,0.005234,172.31.36.0-255,66,189016,17,218036
10879,0.007833,74.125.68.0-255,5738,194754,17,218036
10880,0.007838,172.31.36.0-255,66,194820,17,218036
10881,0.010444,74.125.68.0-255,5738,200558,17,218036
10882,0.010452,172.31.36.0-255,66,200624,17,218036
10883,0.013056,74.125.68.0-255,5738,206362,17,218036
10884,0.013065,172.31.36.0-255,66,206428,17,218036
10885,0.015666,74.125.68.0-255,5738,212166,17,218036
10886,0.015674,172.31.36.0-255,66,212232,17,218036
10887,0.01827,74.125.68.0-255,5738,217970,17,218036
10888,0.018277,172.31.36.0-255,66,218036,17,218036
10889,0.0,172.217.194.0-255,225,225,17,163124
10890,2.9e-05,172.217.194.0-255,1484,1709,17,163124
10891,3.7e-05,172.31.36.0-255,66,1775,17,163124
10892,4.5e-05,172.217.194.0-255,4320,6095,17,163124
10893,4.8e-05,172.31.36.0-255,66,6161,17,163124
10894,8.9e-05,172.31.36.0-255,66,6227,17,163124
10895,0.000103,172.31.36.0-255,66,6293,17,163124
10896,0.000108,172.217.194.0-255,5379,11672,17,163124
10897,0.000112,172.31.36.0-255,66,11738,17,163124
10898,0.000149,172.217.194.0-255,1484,13222,17,163124
10899,0.000167,172.217.194.0-255,2902,16124,17,163124
10900,0.00017,172.31.36.0-255,66,16190,17,163124
10901,0.000179,172.217.194.0-255,5738,21928,17,163124
10902,0.000182,172.31.36.0-255,66,21994,17,163124
10903,0.000224,172.31.36.0-255,66,22060,17,163124
10904,0.000227,172.217.194.0-255,1484,23544,17,163124
10905,0.000248,172.217.194.0-255,1484,25028,17,163124
10906,0.000251,172.31.36.0-255,66,25094,17,163124
10907,0.000291,172.31.36.0-255,66,25160,17,163124
10908,0.000351,172.217.194.0-255,1484,26644,17,163124
10909,0.000357,172.217.194.0-255,2902,29546,17,163124
10910,0.00036,172.31.36.0-255,66,29612,17,163124
10911,0.00039,172.217.194.0-255,5738,35350,17,163124
10912,0.000394,172.31.36.0-255,66,35416,17,163124
10913,0.000408,172.31.36.0-255,66,35482,17,163124
10914,0.000426,172.31.36.0-255,66,35548,17,163124
10915,0.000429,172.217.194.0-255,217,35765,17,163124
10916,0.000551,172.217.194.0-255,1484,37249,17,163124
10917,0.000555,172.31.36.0-255,66,37315,17,163124
10918,0.00056,172.217.194.0-255,2902,40217,17,163124
10919,0.000563,172.31.36.0-255,66,40283,17,163124
10920,0.000567,172.217.194.0-255,2902,43185,17,163124
10921,0.000576,172.31.36.0-255,66,43251,17,163124
10922,0.000614,172.217.194.0-255,2902,46153,17,163124
10923,0.000618,172.31.36.0-255,66,46219,17,163124
10924,0.000638,172.31.36.0-255,66,46285,17,163124
10925,0.000652,172.31.36.0-255,66,46351,17,163124
10926,0.001152,172.217.194.0-255,1484,47835,17,163124
10927,0.001161,172.217.194.0-255,2902,50737,17,163124
10928,0.001166,172.31.36.0-255,66,50803,17,163124
10929,0.001174,172.217.194.0-255,5738,56541,17,163124
10930,0.001177,172.31.36.0-255,66,56607,17,163124
10931,0.001218,172.31.36.0-255,66,56673,17,163124
10932,0.001224,172.217.194.0-255,4320,60993,17,163124
10933,0.001228,172.31.36.0-255,66,61059,17,163124
10934,0.001257,172.217.194.0-255,6438,67497,17,163124
10935,0.00126,172.31.36.0-255,66,67563,17,163124
10936,0.001402,172.217.194.0-255,1484,69047,17,163124
10937,0.001423,172.217.194.0-255,2902,71949,17,163124
10938,0.001426,172.31.36.0-255,66,72015,17,163124
10939,0.001429,172.217.194.0-255,1484,73499,17,163124
10940,0.001452,172.217.194.0-255,4320,77819,17,163124
10941,0.001455,172.31.36.0-255,66,77885,17,163124
10942,0.001459,172.217.194.0-255,1484,79369,17,163124
10943,0.00149,172.31.36.0-255,66,79435,17,163124
10944,0.001502,172.31.36.0-255,66,79501,17,163124
10945,0.001534,172.217.194.0-255,1484,80985,17,163124
10946,0.00155,172.217.194.0-255,5738,86723,17,163124
10947,0.001552,172.31.36.0-255,66,86789,17,163124
10948,0.001562,172.31.36.0-255,66,86855,17,163124
10949,0.001577,172.217.194.0-255,1484,88339,17,163124
10950,0.00161,172.31.36.0-255,66,88405,17,163124
10951,0.001612,172.217.194.0-255,766,89171,17,163124
10952,0.001642,172.217.194.0-255,1484,90655,17,163124
10953,0.001644,172.31.36.0-255,66,90721,17,163124
10954,0.00167,172.217.194.0-255,4320,95041,17,163124
10955,0.001673,172.31.36.0-255,66,95107,17,163124
10956,0.001684,172.31.36.0-255,66,95173,17,163124
10957,0.001704,172.31.36.0-255,66,95239,17,163124
10958,0.001772,172.31.36.0-255,66,95305,17,163124
10959,0.00186,172.217.194.0-255,1484,96789,17,163124
10960,0.001864,172.217.194.0-255,2902,99691,17,163124
10961,0.001866,172.31.36.0-255,66,99757,17,163124
10962,0.00189,172.217.194.0-255,5738,105495,17,163124
10963,0.001893,172.31.36.0-255,66,105561,17,163124
10964,0.001897,172.217.194.0-255,2902,108463,17,163124
10965,0.001899,172.31.36.0-255,66,108529,17,163124
10966,0.001922,172.217.194.0-255,4320,112849,17,163124
10967,0.001924,172.31.36.0-255,66,112915,17,163124
10968,0.001939,172.31.36.0-255,66,112981,17,163124
10969,0.001963,172.217.194.0-255,2902,115883,17,163124
10970,0.001965,172.31.36.0-255,66,115949,17,163124
10971,0.001972,172.217.194.0-255,2184,118133,17,163124
10972,0.001974,172.31.36.0-255,66,118199,17,163124
10973,0.001989,172.217.194.0-255,1484,119683,17,163124
10974,0.001995,172.217.194.0-255,1484,121167,17,163124
10975,0.001997,172.31.36.0-255,66,121233,17,163124
10976,0.002016,172.217.194.0-255,1484,122717,17,163124
10977,0.002022,172.217.194.0-255,5738,128455,17,163124
10978,0.002024,172.31.36.0-255,66,128521,17,163124
10979,0.002031,172.217.194.0-255,7156,135677,17,163124
10980,0.002033,172.31.36.0-255,66,135743,17,163124
10981,0.002061,172.217.194.0-255,5738,141481,17,163124
10982,0.002098,172.217.194.0-255,5738,147219,17,163124
10983,0.002169,172.217.194.0-255,2902,150121,17,163124
10984,0.002233,172.217.194.0-255,3602,153723,17,163124
10985,0.002267,172.217.194.0-255,7156,160879,17,163124
10986,0.002283,172.217.194.0-255,1903,162782,17,163124
10987,0.002292,172.217.194.0-255,105,162887,17,163124
10988,0.005036,172.31.36.0-255,66,162953,17,163124
10989,0.007857,172.31.36.0-255,105,163058,17,163124
10990,0.010083,172.217.194.0-255,66,163124,17,163124
10991,0.0,74.125.24.0-255,153,153,17,188905
10992,1.9e-05,74.125.24.0-255,1484,1637,17,188905
10993,2.9e-05,172.31.36.0-255,66,1703,17,188905
10994,3.7e-05,74.125.24.0-255,2902,4605,17,188905
10995,4e-05,172.31.36.0-255,66,4671,17,188905
10996,4.4e-05,74.125.24.0-255,2902,7573,17,188905
10997,4.8e-05,172.31.36.0-255,66,7639,17,188905
10998,8.8e-05,172.31.36.0-255,66,7705,17,188905
10999,0.000125,172.31.36.0-255,66,7771,17,188905
11000,0.000201,74.125.24.0-255,1484,9255,17,188905
11001,0.000207,74.125.24.0-255,2902,12157,17,188905
11002,0.00021,172.31.36.0-255,66,12223,17,188905
11003,0.000235,74.125.24.0-255,5738,17961,17,188905
11004,0.000239,172.31.36.0-255,66,18027,17,188905
11005,0.000252,74.125.24.0-255,4320,22347,17,188905
11006,0.000256,172.31.36.0-255,66,22413,17,188905
11007,0.00029,172.31.36.0-255,66,22479,17,188905
11008,0.000323,172.31.36.0-255,66,22545,17,188905
11009,0.000432,74.125.24.0-255,109,22654,17,188905
11010,0.000447,74.125.24.0-255,330,22984,17,188905
11011,0.000565,74.125.24.0-255,1484,24468,17,188905
11012,0.00057,172.31.36.0-255,66,24534,17,188905
11013,0.000575,74.125.24.0-255,2902,27436,17,188905
11014,0.000578,172.31.36.0-255,66,27502,17,188905
11015,0.000585,74.125.24.0-255,5738,33240,17,188905
11016,0.000588,172.31.36.0-255,66,33306,17,188905
11017,0.000639,172.31.36.0-255,66,33372,17,188905
11018,0.000675,74.125.24.0-255,5738,39110,17,188905
11019,0.000679,172.31.36.0-255,66,39176,17,188905
11020,0.000717,172.31.36.0-255,66,39242,17,188905
11021,0.000807,74.125.24.0-255,1484,40726,17,188905
11022,0.000812,74.125.24.0-255,1484,42210,17,188905
11023,0.000814,172.31.36.0-255,66,42276,17,188905
11024,0.000837,74.125.24.0-255,1484,43760,17,188905
11025,0.000844,74.125.24.0-255,5738,49498,17,188905
11026,0.000847,172.31.36.0-255,66,49564,17,188905
11027,0.000862,172.31.36.0-255,66,49630,17,188905
11028,0.000873,172.31.36.0-255,66,49696,17,188905
11029,0.000935,74.125.24.0-255,2184,51880,17,188905
11030,0.000939,172.31.36.0-255,66,51946,17,188905
11031,0.001019,74.125.24.0-255,1484,53430,17,188905
11032,0.001026,74.125.24.0-255,2902,56332,17,188905
11033,0.00103,172.31.36.0-255,66,56398,17,188905
11034,0.001035,74.125.24.0-255,2902,59300,17,188905
11035,0.001038,172.31.36.0-255,66,59366,17,188905
11036,0.001052,74.125.24.0-255,2902,62268,17,188905
11037,0.001055,172.31.36.0-255,66,62334,17,188905
11038,0.001061,74.125.24.0-255,5738,68072,17,188905
11039,0.001064,172.31.36.0-255,66,68138,17,188905
11040,0.001076,74.125.24.0-255,1484,69622,17,188905
11041,0.001111,172.31.36.0-255,66,69688,17,188905
11042,0.001118,74.125.24.0-255,5020,74708,17,188905
11043,0.001121,172.31.36.0-255,66,74774,17,188905
11044,0.001148,74.125.24.0-255,5738,80512,17,188905
11045,0.001151,172.31.36.0-255,66,80578,17,188905
11046,0.001157,74.125.24.0-255,5738,86316,17,188905
11047,0.00116,172.31.36.0-255,66,86382,17,188905
11048,0.001172,74.125.24.0-255,2902,89284,17,188905
11049,0.001175,172.31.36.0-255,66,89350,17,188905
11050,0.0012,172.31.36.0-255,66,89416,17,188905
11051,0.001222,74.125.24.0-255,2902,92318,17,188905
11052,0.001226,172.31.36.0-255,66,92384,17,188905
11053,0.00123,74.125.24.0-255,3602,95986,17,188905
11054,0.001233,172.31.36.0-255,66,96052,17,188905
11055,0.001324,74.125.24.0-255,1484,97536,17,188905
11056,0.001341,74.125.24.0-255,2902,100438,17,188905
11057,0.001347,74.125.24.0-255,5738,106176,17,188905
11058,0.001351,74.125.24.0-255,1484,107660,17,188905
11059,0.001381,74.125.24.0-255,7156,114816,17,188905
11060,0.001394,74.125.24.0-255,1484,116300,17,188905
11061,0.001438,74.125.24.0-255,5020,121320,17,188905
11062,0.001442,74.125.24.0-255,1484,122804,17,188905
11063,0.00147,74.125.24.0-255,7156,129960,17,188905
11064,0.00149,74.125.24.0-255,5738,135698,17,188905
11065,0.001547,74.125.24.0-255,6438,142136,17,188905
11066,0.001653,74.125.24.0-255,1484,143620,17,188905
11067,0.001674,74.125.24.0-255,1484,145104,17,188905
11068,0.001678,74.125.24.0-255,2902,148006,17,188905
11069,0.001702,74.125.24.0-255,2902,150908,17,188905
11070,0.001714,74.125.24.0-255,2902,153810,17,188905
11071,0.001749,74.125.24.0-255,2902,156712,17,188905
11072,0.00178,74.125.24.0-255,766,157478,17,188905
11073,0.001874,74.125.24.0-255,1484,158962,17,188905
11074,0.00188,74.125.24.0-255,2902,161864,17,188905
11075,0.001906,74.125.24.0-255,5738,167602,17,188905
11076,0.001936,74.125.24.0-255,1484,169086,17,188905
11077,0.00202,74.125.24.0-255,5020,174106,17,188905
11078,0.00206,74.125.24.0-255,3602,177708,17,188905
11079,0.002088,74.125.24.0-255,5738,183446,17,188905
11080,0.00216,74.125.24.0-255,5020,188466,17,188905
11081,0.002173,74.125.24.0-255,97,188563,17,188905
11082,0.002199,74.125.24.0-255,105,188668,17,188905
11083,0.00535,172.31.36.0-255,66,188734,17,188905
11084,0.0083,172.31.36.0-255,105,188839,17,188905
11085,0.010518,74.125.24.0-255,66,188905,17,188905
11086,0.0,172.217.194.0-255,153,153,17,180093
11087,2.9e-05,172.31.36.0-255,66,219,17,180093
11088,3.6e-05,172.217.194.0-255,1484,1703,17,180093
11089,4e-05,172.31.36.0-255,66,1769,17,180093
11090,4.4e-05,172.217.194.0-255,2902,4671,17,180093
11091,4.7e-05,172.31.36.0-255,66,4737,17,180093
11092,6.2e-05,172.217.194.0-255,7156,11893,17,180093
11093,6.5e-05,172.31.36.0-255,66,11959,17,180093
11094,6.8e-05,172.217.194.0-255,2049,14008,17,180093
11095,7e-05,172.31.36.0-255,66,14074,17,180093
11096,8.2e-05,172.31.36.0-255,66,14140,17,180093
11097,0.000114,172.217.194.0-255,5379,19519,17,180093
11098,0.000118,172.31.36.0-255,66,19585,17,180093
11099,0.000121,172.217.194.0-255,1484,21069,17,180093
11100,0.000123,172.31.36.0-255,66,21135,17,180093
11101,0.000143,172.217.194.0-255,4320,25455,17,180093
11102,0.00015,172.31.36.0-255,66,25521,17,180093
11103,0.000155,172.217.194.0-255,4320,29841,17,180093
11104,0.000158,172.31.36.0-255,66,29907,17,180093
11105,0.000172,172.217.194.0-255,6797,36704,17,180093
11106,0.000175,172.31.36.0-255,66,36770,17,180093
11107,0.000265,172.217.194.0-255,1484,38254,17,180093
11108,0.000269,172.31.36.0-255,66,38320,17,180093
11109,0.000275,172.217.194.0-255,2902,41222,17,180093
11110,0.000277,172.31.36.0-255,66,41288,17,180093
11111,0.000308,172.217.194.0-255,5738,47026,17,180093
11112,0.000311,172.31.36.0-255,66,47092,17,180093
11113,0.000318,172.217.194.0-255,6797,53889,17,180093
11114,0.00032,172.31.36.0-255,66,53955,17,180093
11115,0.000329,172.217.194.0-255,360,54315,17,180093
11116,0.000331,172.31.36.0-255,66,54381,17,180093
11117,0.000354,172.217.194.0-255,385,54766,17,180093
11118,0.000357,172.31.36.0-255,66,54832,17,180093
11119,0.000391,172.217.194.0-255,2902,57734,17,180093
11120,0.000394,172.31.36.0-255,66,57800,17,180093
11121,0.0004,172.217.194.0-255,4320,62120,17,180093
11122,0.000403,172.31.36.0-255,66,62186,17,180093
11123,0.000415,172.217.194.0-255,2902,65088,17,180093
11124,0.000417,172.31.36.0-255,66,65154,17,180093
11125,0.000456,172.217.194.0-255,5738,70892,17,180093
11126,0.00046,172.31.36.0-255,66,70958,17,180093
11127,0.000463,172.217.194.0-255,574,71532,17,180093
11128,0.000466,172.31.36.0-255,66,71598,17,180093
11129,0.000667,172.217.194.0-255,1484,73082,17,180093
11130,0.000671,172.31.36.0-255,66,73148,17,180093
11131,0.000676,172.217.194.0-255,2902,76050,17,180093
11132,0.000678,172.31.36.0-255,66,76116,17,180093
11133,0.000706,172.217.194.0-255,5738,81854,17,180093
11134,0.000709,172.31.36.0-255,66,81920,17,180093
11135,0.000719,172.31.36.0-255,66,81986,17,180093
11136,0.000742,172.217.194.0-255,2902,84888,17,180093
11137,0.00075,172.31.36.0-255,66,84954,17,180093
11138,0.000754,172.217.194.0-255,1484,86438,17,180093
11139,0.000755,172.31.36.0-255,66,86504,17,180093
11140,0.000795,172.31.36.0-255,66,86570,17,180093
11141,0.000996,172.217.194.0-255,1484,88054,17,180093
11142,0.001,172.31.36.0-255,66,88120,17,180093
11143,0.001027,172.217.194.0-255,2902,91022,17,180093
11144,0.001031,172.31.36.0-255,66,91088,17,180093
11145,0.001037,172.217.194.0-255,5738,96826,17,180093
11146,0.001039,172.31.36.0-255,66,96892,17,180093
11147,0.00105,172.217.194.0-255,4320,101212,17,180093
11148,0.001052,172.31.36.0-255,66,101278,17,180093
11149,0.001091,172.31.36.0-255,66,101344,17,180093
11150,0.001103,172.31.36.0-255,66,101410,17,180093
11151,0.001134,172.217.194.0-255,1484,102894,17,180093
11152,0.001137,172.31.36.0-255,66,102960,17,180093
11153,0.001143,172.217.194.0-255,2902,105862,17,180093
11154,0.001145,172.31.36.0-255,66,105928,17,180093
11155,0.001157,172.217.194.0-255,5738,111666,17,180093
11156,0.00116,172.31.36.0-255,66,111732,17,180093
11157,0.001166,172.217.194.0-255,5738,117470,17,180093
11158,0.001168,172.31.36.0-255,66,117536,17,180093
11159,0.001211,172.31.36.0-255,66,117602,17,180093
11160,0.001232,172.217.194.0-255,5020,122622,17,180093
11161,0.001236,172.31.36.0-255,66,122688,17,180093
11162,0.00127,172.217.194.0-255,1484,124172,17,180093
11163,0.001274,172.217.194.0-255,2902,127074,17,180093
11164,0.001276,172.31.36.0-255,66,127140,17,180093
11165,0.00128,172.31.36.0-255,66,127206,17,180093
11166,0.001307,172.217.194.0-255,5738,132944,17,180093
11167,0.001315,172.31.36.0-255,66,133010,17,180093
11168,0.001325,172.31.36.0-255,66,133076,17,180093
11169,0.001357,172.217.194.0-255,2902,135978,17,180093
11170,0.00136,172.31.36.0-255,66,136044,17,180093
11171,0.00138,172.31.36.0-255,66,136110,17,180093
11172,0.001465,172.217.194.0-255,1484,137594,17,180093
11173,0.001484,172.217.194.0-255,2902,140496,17,180093
11174,0.001487,172.31.36.0-255,66,140562,17,180093
11175,0.001493,172.217.194.0-255,5738,146300,17,180093
11176,0.001495,172.31.36.0-255,66,146366,17,180093
11177,0.001522,172.217.194.0-255,2902,149268,17,180093
11178,0.001525,172.31.36.0-255,66,149334,17,180093
11179,0.001553,172.31.36.0-255,66,149400,17,180093
11180,0.001572,172.31.36.0-255,66,149466,17,180093
11181,0.00172,172.217.194.0-255,1484,150950,17,180093
11182,0.001724,172.217.194.0-255,1484,152434,17,180093
11183,0.001727,172.31.36.0-255,66,152500,17,180093
11184,0.001748,172.217.194.0-255,1484,153984,17,180093
11185,0.001755,172.217.194.0-255,5738,159722,17,180093
11186,0.001759,172.31.36.0-255,66,159788,17,180093
11187,0.001814,172.31.36.0-255,66,159854,17,180093
11188,0.001853,172.217.194.0-255,2902,162756,17,180093
11189,0.001856,172.31.36.0-255,66,162822,17,180093
11190,0.001867,172.31.36.0-255,66,162888,17,180093
11191,0.001894,172.31.36.0-255,66,162954,17,180093
11192,0.001911,172.31.36.0-255,66,163020,17,180093
11193,0.001959,172.217.194.0-255,3602,166622,17,180093
11194,0.001963,172.31.36.0-255,66,166688,17,180093
11195,0.001988,172.31.36.0-255,66,166754,17,180093
11196,0.001991,172.217.194.0-255,766,167520,17,180093
11197,0.002002,172.31.36.0-255,66,167586,17,180093
11198,0.002038,172.217.194.0-255,7156,174742,17,180093
11199,0.002041,172.31.36.0-255,66,174808,17,180093
11200,0.002065,172.31.36.0-255,66,174874,17,180093
11201,0.002077,172.31.36.0-255,66,174940,17,180093
11202,0.002115,172.31.36.0-255,66,175006,17,180093
11203,0.002144,172.217.194.0-255,4679,179685,17,180093
11204,0.002147,172.31.36.0-255,66,179751,17,180093
11205,0.00215,172.217.194.0-255,105,179856,17,180093
11206,0.007617,172.31.36.0-255,66,179922,17,180093
11207,0.007644,172.31.36.0-255,105,180027,17,180093
11208,0.010156,172.217.194.0-255,66,180093,17,180093
11209,0.0,172.217.194.0-255,152,152,17,247293
11210,3.2e-05,172.217.194.0-255,1484,1636,17,247293
11211,4.4e-05,172.31.36.0-255,66,1702,17,247293
11212,5.2e-05,172.217.194.0-255,2902,4604,17,247293
11213,5.5e-05,172.31.36.0-255,66,4670,17,247293
11214,6.2e-05,172.217.194.0-255,7156,11826,17,247293
11215,6.6e-05,172.31.36.0-255,66,11892,17,247293
11216,7e-05,172.217.194.0-255,2026,13918,17,247293
11217,7.2e-05,172.31.36.0-255,66,13984,17,247293
11218,0.000114,172.217.194.0-255,1484,15468,17,247293
11219,0.000128,172.217.194.0-255,2902,18370,17,247293
11220,0.000131,172.31.36.0-255,66,18436,17,247293
11221,0.000146,172.217.194.0-255,1484,19920,17,247293
11222,0.000164,172.217.194.0-255,4320,24240,17,247293
11223,0.000167,172.31.36.0-255,66,24306,17,247293
11224,0.000174,172.217.194.0-255,4320,28626,17,247293
11225,0.000177,172.31.36.0-255,66,28692,17,247293
11226,0.000197,172.217.194.0-255,2543,31235,17,247293
11227,0.000302,172.31.36.0-255,66,31301,17,247293
11228,0.000362,172.217.194.0-255,1484,32785,17,247293
11229,0.000369,172.217.194.0-255,2902,35687,17,247293
11230,0.000374,172.31.36.0-255,66,35753,17,247293
11231,0.00039,172.217.194.0-255,5738,41491,17,247293
11232,0.0004,172.31.36.0-255,66,41557,17,247293
11233,0.000418,172.217.194.0-255,5738,47295,17,247293
11234,0.000425,172.31.36.0-255,66,47361,17,247293
11235,0.000436,172.217.194.0-255,6797,54158,17,247293
11236,0.000443,172.31.36.0-255,66,54224,17,247293
11237,0.000486,172.31.36.0-255,66,54290,17,247293
11238,0.000495,172.217.194.0-255,2799,57089,17,247293
11239,0.000498,172.217.194.0-255,121,57210,17,247293
11240,0.000499,172.31.36.0-255,66,57276,17,247293
11241,0.000595,172.217.194.0-255,375,57651,17,247293
11242,0.00072,172.217.194.0-255,1484,59135,17,247293
11243,0.000724,172.31.36.0-255,66,59201,17,247293
11244,0.000741,172.217.194.0-255,2902,62103,17,247293
11245,0.000744,172.31.36.0-255,66,62169,17,247293
11246,0.00075,172.217.194.0-255,5738,67907,17,247293
11247,0.000757,172.31.36.0-255,66,67973,17,247293
11248,0.000766,172.217.194.0-255,2902,70875,17,247293
11249,0.000771,172.31.36.0-255,66,70941,17,247293
11250,0.000795,172.31.36.0-255,66,71007,17,247293
11251,0.000795,172.217.194.0-255,2902,73909,17,247293
11252,0.000798,172.31.36.0-255,66,73975,17,247293
11253,0.000845,172.31.36.0-255,66,74041,17,247293
11254,0.001532,172.217.194.0-255,1484,75525,17,247293
11255,0.001543,172.217.194.0-255,2902,78427,17,247293
11256,0.001547,172.31.36.0-255,66,78493,17,247293
11257,0.001556,172.217.194.0-255,5738,84231,17,247293
11258,0.001558,172.31.36.0-255,66,84297,17,247293
11259,0.001641,172.217.194.0-255,5738,90035,17,247293
11260,0.001772,172.217.194.0-255,1484,91519,17,247293
11261,0.001789,172.217.194.0-255,2902,94421,17,247293
11262,0.001809,172.217.194.0-255,1484,95905,17,247293
11263,0.001825,172.217.194.0-255,4320,100225,17,247293
11264,0.00183,172.217.194.0-255,5738,105963,17,247293
11265,0.001849,172.217.194.0-255,2902,108865,17,247293
11266,0.001863,172.217.194.0-255,4320,113185,17,247293
11267,0.001877,172.217.194.0-255,5738,118923,17,247293
11268,0.001881,172.217.194.0-255,2902,121825,17,247293
11269,0.001897,172.217.194.0-255,2184,124009,17,247293
11270,0.002023,172.217.194.0-255,1484,125493,17,247293
11271,0.002038,172.217.194.0-255,2902,128395,17,247293
11272,0.002052,172.217.194.0-255,4320,132715,17,247293
11273,0.002061,172.217.194.0-255,1484,134199,17,247293
11274,0.002091,172.217.194.0-255,4320,138519,17,247293
11275,0.002115,172.217.194.0-255,7156,145675,17,247293
11276,0.00214,172.217.194.0-255,3602,149277,17,247293
11277,0.002184,172.217.194.0-255,1484,150761,17,247293
11278,0.0022,172.217.194.0-255,2902,153663,17,247293
11279,0.002224,172.217.194.0-255,4320,157983,17,247293
11280,0.002243,172.217.194.0-255,1484,159467,17,247293
11281,0.002247,172.217.194.0-255,4320,163787,17,247293
11282,0.002259,172.217.194.0-255,1484,165271,17,247293
11283,0.00227,172.217.194.0-255,2902,168173,17,247293
11284,0.002292,172.217.194.0-255,7156,175329,17,247293
11285,0.002314,172.217.194.0-255,1484,176813,17,247293
11286,0.002327,172.217.194.0-255,2902,179715,17,247293
11287,0.002353,172.217.194.0-255,3602,183317,17,247293
11288,0.002457,172.217.194.0-255,7156,190473,17,247293
11289,0.002486,172.217.194.0-255,2184,192657,17,247293
11290,0.002499,172.217.194.0-255,1484,194141,17,247293
11291,0.002532,172.217.194.0-255,7156,201297,17,247293
11292,0.002555,172.217.194.0-255,2902,204199,17,247293
11293,0.00259,172.217.194.0-255,1484,205683,17,247293
11294,0.002592,172.217.194.0-255,1484,207167,17,247293
11295,0.002624,172.217.194.0-255,4320,211487,17,247293
11296,0.002644,172.217.194.0-255,5738,217225,17,247293
11297,0.002659,172.217.194.0-255,1484,218709,17,247293
11298,0.002681,172.217.194.0-255,3602,222311,17,247293
11299,0.002686,172.217.194.0-255,4320,226631,17,247293
11300,0.002712,172.217.194.0-255,7156,233787,17,247293
11301,0.002715,172.217.194.0-255,1484,235271,17,247293
11302,0.002811,172.217.194.0-255,2902,238173,17,247293
11303,0.002826,172.217.194.0-255,4320,242493,17,247293
11304,0.002868,172.217.194.0-255,4458,246951,17,247293
11305,0.00289,172.217.194.0-255,105,247056,17,247293
11306,0.004597,172.31.36.0-255,66,247122,17,247293
11307,0.007034,172.31.36.0-255,105,247227,17,247293
11308,0.009479,172.217.194.0-255,66,247293,17,247293
11309,0.0,74.125.24.0-255,153,153,17,280960
11310,2.3e-05,172.31.36.0-255,66,219,17,280960
11311,2.9e-05,74.125.24.0-255,1484,1703,17,280960
11312,3.3e-05,172.31.36.0-255,66,1769,17,280960
11313,3.9e-05,74.125.24.0-255,2902,4671,17,280960
11314,4.1e-05,172.31.36.0-255,66,4737,17,280960
11315,5.5e-05,74.125.24.0-255,7156,11893,17,280960
11316,5.8e-05,172.31.36.0-255,66,11959,17,280960
11317,6.3e-05,74.125.24.0-255,2048,14007,17,280960
11318,6.5e-05,172.31.36.0-255,66,14073,17,280960
11319,0.000131,74.125.24.0-255,1484,15557,17,280960
11320,0.000133,172.31.36.0-255,66,15623,17,280960
11321,0.000158,74.125.24.0-255,2902,18525,17,280960
11322,0.000161,172.31.36.0-255,66,18591,17,280960
11323,0.000166,74.125.24.0-255,5738,24329,17,280960
11324,0.000169,172.31.36.0-255,66,24395,17,280960
11325,0.000211,74.125.24.0-255,6797,31192,17,280960
11326,0.000213,172.31.36.0-255,66,31258,17,280960
11327,0.000275,74.125.24.0-255,1484,32742,17,280960
11328,0.000278,172.31.36.0-255,66,32808,17,280960
11329,0.000305,74.125.24.0-255,2902,35710,17,280960
11330,0.000308,172.31.36.0-255,66,35776,17,280960
11331,0.000312,74.125.24.0-255,2902,38678,17,280960
11332,0.000314,172.31.36.0-255,66,38744,17,280960
11333,0.000342,74.125.24.0-255,2902,41646,17,280960
11334,0.000344,172.31.36.0-255,66,41712,17,280960
11335,0.000351,74.125.24.0-255,6797,48509,17,280960
11336,0.000352,172.31.36.0-255,66,48575,17,280960
11337,0.001004,74.125.24.0-255,1484,50059,17,280960
11338,0.001009,172.31.36.0-255,66,50125,17,280960
11339,0.001018,74.125.24.0-255,2902,53027,17,280960
11340,0.00102,172.31.36.0-255,66,53093,17,280960
11341,0.001047,74.125.24.0-255,5738,58831,17,280960
11342,0.001049,172.31.36.0-255,66,58897,17,280960
11343,0.001055,74.125.24.0-255,4320,63217,17,280960
11344,0.001074,74.125.24.0-255,2543,65760,17,280960
11345,0.001087,74.125.24.0-255,5738,71498,17,280960
11346,0.001103,74.125.24.0-255,1484,72982,17,280960
11347,0.001107,74.125.24.0-255,2902,75884,17,280960
11348,0.001174,74.125.24.0-255,2902,78786,17,280960
11349,0.001191,74.125.24.0-255,3961,82747,17,280960
11350,0.001222,74.125.24.0-255,1484,84231,17,280960
11351,0.001235,74.125.24.0-255,2902,87133,17,280960
11352,0.001246,74.125.24.0-255,2902,90035,17,280960
11353,0.001256,74.125.24.0-255,1484,91519,17,280960
11354,0.00126,74.125.24.0-255,2902,94421,17,280960
11355,0.001278,74.125.24.0-255,2902,97323,17,280960
11356,0.001301,74.125.24.0-255,2543,99866,17,280960
11357,0.00143,74.125.24.0-255,1484,101350,17,280960
11358,0.001436,74.125.24.0-255,2902,104252,17,280960
11359,0.001456,74.125.24.0-255,4320,108572,17,280960
11360,0.001471,74.125.24.0-255,1484,110056,17,280960
11361,0.001496,74.125.24.0-255,7156,117212,17,280960
11362,0.001499,74.125.24.0-255,1484,118696,17,280960
11363,0.001561,74.125.24.0-255,1484,120180,17,280960
11364,0.001592,74.125.24.0-255,2902,123082,17,280960
11365,0.001606,74.125.24.0-255,7156,130238,17,280960
11366,0.001636,74.125.24.0-255,1484,131722,17,280960
11367,0.001648,74.125.24.0-255,2902,134624,17,280960
11368,0.00167,74.125.24.0-255,7156,141780,17,280960
11369,0.001691,74.125.24.0-255,7018,148798,17,280960
11370,0.001751,74.125.24.0-255,1484,150282,17,280960
11371,0.001755,74.125.24.0-255,2902,153184,17,280960
11372,0.001782,74.125.24.0-255,5738,158922,17,280960
11373,0.001816,74.125.24.0-255,4320,163242,17,280960
11374,0.001834,74.125.24.0-255,5738,168980,17,280960
11375,0.00184,74.125.24.0-255,4320,173300,17,280960
11376,0.001864,74.125.24.0-255,7156,180456,17,280960
11377,0.001868,74.125.24.0-255,2184,182640,17,280960
11378,0.001954,74.125.24.0-255,1484,184124,17,280960
11379,0.001972,74.125.24.0-255,2902,187026,17,280960
11380,0.001997,74.125.24.0-255,1484,188510,17,280960
11381,0.002014,74.125.24.0-255,4320,192830,17,280960
11382,0.002042,74.125.24.0-255,1484,194314,17,280960
11383,0.002224,74.125.24.0-255,1484,195798,17,280960
11384,0.002228,74.125.24.0-255,2902,198700,17,280960
11385,0.002256,74.125.24.0-255,5738,204438,17,280960
11386,0.002258,74.125.24.0-255,1484,205922,17,280960
11387,0.002292,74.125.24.0-255,5738,211660,17,280960
11388,0.002314,74.125.24.0-255,2902,214562,17,280960
11389,0.002321,74.125.24.0-255,7156,221718,17,280960
11390,0.002375,74.125.24.0-255,6438,228156,17,280960
11391,0.002454,74.125.24.0-255,1484,229640,17,280960
11392,0.002468,74.125.24.0-255,2902,232542,17,280960
11393,0.002488,74.125.24.0-255,5738,238280,17,280960
11394,0.00252,74.125.24.0-255,1484,239764,17,280960
11395,0.002578,74.125.24.0-255,7156,246920,17,280960
11396,0.002598,74.125.24.0-255,6438,253358,17,280960
11397,0.002603,74.125.24.0-255,4320,257678,17,280960
11398,0.00885,172.31.36.0-255,66,257744,17,280960
11399,0.011462,74.125.24.0-255,5738,263482,17,280960
11400,0.011473,172.31.36.0-255,66,263548,17,280960
11401,0.014091,74.125.24.0-255,5738,269286,17,280960
11402,0.014104,172.31.36.0-255,66,269352,17,280960
11403,0.016719,74.125.24.0-255,5738,275090,17,280960
11404,0.016924,172.31.36.0-255,66,275156,17,280960
11405,0.019538,74.125.24.0-255,5738,280894,17,280960
11406,0.019547,172.31.36.0-255,66,280960,17,280960
11407,0.0,74.125.24.0-255,153,153,17,139725
11408,2.3e-05,172.31.36.0-255,66,219,17,139725
11409,3e-05,74.125.24.0-255,1484,1703,17,139725
11410,3.6e-05,172.31.36.0-255,66,1769,17,139725
11411,4.1e-05,74.125.24.0-255,2902,4671,17,139725
11412,5.2e-05,172.31.36.0-255,66,4737,17,139725
11413,6e-05,74.125.24.0-255,7156,11893,17,139725
11414,6.4e-05,172.31.36.0-255,66,11959,17,139725
11415,6.8e-05,74.125.24.0-255,2070,14029,17,139725
11416,7e-05,172.31.36.0-255,66,14095,17,139725
11417,0.00015,74.125.24.0-255,1484,15579,17,139725
11418,0.000153,172.31.36.0-255,66,15645,17,139725
11419,0.00018,74.125.24.0-255,2902,18547,17,139725
11420,0.000183,172.31.36.0-255,66,18613,17,139725
11421,0.000189,74.125.24.0-255,5738,24351,17,139725
11422,0.000192,172.31.36.0-255,66,24417,17,139725
11423,0.000195,74.125.24.0-255,1484,25901,17,139725
11424,0.000197,172.31.36.0-255,66,25967,17,139725
11425,0.000232,74.125.24.0-255,5379,31346,17,139725
11426,0.000235,172.31.36.0-255,66,31412,17,139725
11427,0.000322,74.125.24.0-255,1484,32896,17,139725
11428,0.000326,172.31.36.0-255,66,32962,17,139725
11429,0.000344,74.125.24.0-255,2902,35864,17,139725
11430,0.000347,172.31.36.0-255,66,35930,17,139725
11431,0.000353,74.125.24.0-255,5738,41668,17,139725
11432,0.000356,172.31.36.0-255,66,41734,17,139725
11433,0.000397,172.31.36.0-255,66,41800,17,139725
11434,0.000426,74.125.24.0-255,5379,47179,17,139725
11435,0.000429,172.31.36.0-255,66,47245,17,139725
11436,0.000439,172.31.36.0-255,66,47311,17,139725
11437,0.000463,74.125.24.0-255,1403,48714,17,139725
11438,0.000898,74.125.24.0-255,131,48845,17,139725
11439,0.000986,74.125.24.0-255,1484,50329,17,139725
11440,0.000992,172.31.36.0-255,66,50395,17,139725
11441,0.000996,74.125.24.0-255,1484,51879,17,139725
11442,0.001017,74.125.24.0-255,1484,53363,17,139725
11443,0.00102,172.31.36.0-255,66,53429,17,139725
11444,0.001026,74.125.24.0-255,4320,57749,17,139725
11445,0.001028,172.31.36.0-255,66,57815,17,139725
11446,0.001033,74.125.24.0-255,4320,62135,17,139725
11447,0.001035,172.31.36.0-255,66,62201,17,139725
11448,0.001061,74.125.24.0-255,4320,66521,17,139725
11449,0.001063,172.31.36.0-255,66,66587,17,139725
11450,0.001075,74.125.24.0-255,5738,72325,17,139725
11451,0.001078,172.31.36.0-255,66,72391,17,139725
11452,0.00111,74.125.24.0-255,7156,79547,17,139725
11453,0.001113,172.31.36.0-255,66,79613,17,139725
11454,0.001119,74.125.24.0-255,3878,83491,17,139725
11455,0.001121,172.31.36.0-255,66,83557,17,139725
11456,0.00161,74.125.24.0-255,1484,85041,17,139725
11457,0.001618,74.125.24.0-255,2902,87943,17,139725
11458,0.001622,172.31.36.0-255,66,88009,17,139725
11459,0.001631,74.125.24.0-255,5738,93747,17,139725
11460,0.001633,172.31.36.0-255,66,93813,17,139725
11461,0.00167,172.31.36.0-255,66,93879,17,139725
11462,0.001682,172.31.36.0-255,66,93945,17,139725
11463,0.001709,74.125.24.0-255,766,94711,17,139725
11464,0.003762,74.125.24.0-255,4320,99031,17,139725
11465,0.003769,172.31.36.0-255,66,99097,17,139725
11466,0.005843,74.125.24.0-255,5738,104835,17,139725
11467,0.005847,172.31.36.0-255,66,104901,17,139725
11468,0.007929,74.125.24.0-255,5738,110639,17,139725
11469,0.007936,172.31.36.0-255,66,110705,17,139725
11470,0.010013,74.125.24.0-255,5738,116443,17,139725
11471,0.01002,172.31.36.0-255,66,116509,17,139725
11472,0.012099,74.125.24.0-255,5738,122247,17,139725
11473,0.012107,172.31.36.0-255,66,122313,17,139725
11474,0.01418,74.125.24.0-255,5738,128051,17,139725
11475,0.014187,172.31.36.0-255,66,128117,17,139725
11476,0.016296,74.125.24.0-255,5738,133855,17,139725
11477,0.016305,172.31.36.0-255,66,133921,17,139725
11478,0.018369,74.125.24.0-255,5738,139659,17,139725
11479,0.018379,172.31.36.0-255,66,139725,17,139725
11480,0.0,172.217.194.0-255,153,153,17,176257
11481,2.7e-05,172.217.194.0-255,1484,1637,17,176257
11482,3.5e-05,172.31.36.0-255,66,1703,17,176257
11483,4.3e-05,172.217.194.0-255,2902,4605,17,176257
11484,4.6e-05,172.31.36.0-255,66,4671,17,176257
11485,5.2e-05,172.217.194.0-255,7156,11827,17,176257
11486,6.4e-05,172.31.36.0-255,66,11893,17,176257
11487,6.9e-05,172.217.194.0-255,2036,13929,17,176257
11488,7.1e-05,172.31.36.0-255,66,13995,17,176257
11489,0.000111,172.217.194.0-255,1484,15479,17,176257
11490,0.000114,172.217.194.0-255,1484,16963,17,176257
11491,0.000118,172.31.36.0-255,66,17029,17,176257
11492,0.000143,172.217.194.0-255,1484,18513,17,176257
11493,0.00015,172.217.194.0-255,5738,24251,17,176257
11494,0.000153,172.31.36.0-255,66,24317,17,176257
11495,0.000159,172.217.194.0-255,4320,28637,17,176257
11496,0.000161,172.31.36.0-255,66,28703,17,176257
11497,0.000191,172.217.194.0-255,2543,31246,17,176257
11498,0.000194,172.31.36.0-255,66,31312,17,176257
11499,0.000203,172.217.194.0-255,7156,38468,17,176257
11500,0.000206,172.31.36.0-255,66,38534,17,176257
11501,0.000209,172.217.194.0-255,1484,40018,17,176257
11502,0.000245,172.31.36.0-255,66,40084,17,176257
11503,0.000274,172.217.194.0-255,5738,45822,17,176257
11504,0.000274,172.31.36.0-255,66,45888,17,176257
11505,0.000278,172.31.36.0-255,66,45954,17,176257
11506,0.000332,172.217.194.0-255,1706,47660,17,176257
11507,0.000335,172.31.36.0-255,66,47726,17,176257
11508,0.000362,172.217.194.0-255,2902,50628,17,176257
11509,0.000366,172.31.36.0-255,66,50694,17,176257
11510,0.000371,172.217.194.0-255,2902,53596,17,176257
11511,0.000374,172.31.36.0-255,66,53662,17,176257
11512,0.0004,172.217.194.0-255,4320,57982,17,176257
11513,0.000402,172.217.194.0-255,1484,59466,17,176257
11514,0.000404,172.31.36.0-255,66,59532,17,176257
11515,0.000444,172.31.36.0-255,66,59598,17,176257
11516,0.000452,172.217.194.0-255,6797,66395,17,176257
11517,0.000455,172.31.36.0-255,66,66461,17,176257
11518,0.000623,172.217.194.0-255,1484,67945,17,176257
11519,0.000629,172.217.194.0-255,2902,70847,17,176257
11520,0.000633,172.31.36.0-255,66,70913,17,176257
11521,0.000646,172.217.194.0-255,5738,76651,17,176257
11522,0.000653,172.31.36.0-255,66,76717,17,176257
11523,0.00066,172.217.194.0-255,5738,82455,17,176257
11524,0.000663,172.31.36.0-255,66,82521,17,176257
11525,0.000713,172.31.36.0-255,66,82587,17,176257
11526,0.000716,172.217.194.0-255,1484,84071,17,176257
11527,0.000748,172.217.194.0-255,3602,87673,17,176257
11528,0.000752,172.31.36.0-255,66,87739,17,176257
11529,0.000852,172.217.194.0-255,1484,89223,17,176257
11530,0.000858,172.217.194.0-255,2902,92125,17,176257
11531,0.000861,172.31.36.0-255,66,92191,17,176257
11532,0.000893,172.217.194.0-255,5738,97929,17,176257
11533,0.000897,172.31.36.0-255,66,97995,17,176257
11534,0.000904,172.217.194.0-255,7156,105151,17,176257
11535,0.000907,172.31.36.0-255,66,105217,17,176257
11536,0.000928,172.217.194.0-255,5738,110955,17,176257
11537,0.000931,172.31.36.0-255,66,111021,17,176257
11538,0.000948,172.31.36.0-255,66,111087,17,176257
11539,0.00097,172.217.194.0-255,1484,112571,17,176257
11540,0.000976,172.217.194.0-255,2902,115473,17,176257
11541,0.000979,172.31.36.0-255,66,115539,17,176257
11542,0.000986,172.217.194.0-255,5738,121277,17,176257
11543,0.000989,172.31.36.0-255,66,121343,17,176257
11544,0.001031,172.217.194.0-255,2902,124245,17,176257
11545,0.001034,172.31.36.0-255,66,124311,17,176257
11546,0.001072,172.31.36.0-255,66,124377,17,176257
11547,0.001079,172.31.36.0-255,66,124443,17,176257
11548,0.001314,172.217.194.0-255,1484,125927,17,176257
11549,0.001343,172.217.194.0-255,2902,128829,17,176257
11550,0.001347,172.31.36.0-255,66,128895,17,176257
11551,0.001352,172.217.194.0-255,2902,131797,17,176257
11552,0.001354,172.31.36.0-255,66,131863,17,176257
11553,0.001391,172.217.194.0-255,1484,133347,17,176257
11554,0.001403,172.31.36.0-255,66,133413,17,176257
11555,0.001413,172.31.36.0-255,66,133479,17,176257
11556,0.001454,172.31.36.0-255,66,133545,17,176257
11557,0.001593,172.217.194.0-255,1484,135029,17,176257
11558,0.001599,172.217.194.0-255,2902,137931,17,176257
11559,0.001601,172.31.36.0-255,66,137997,17,176257
11560,0.001607,172.217.194.0-255,2902,140899,17,176257
11561,0.001608,172.31.36.0-255,66,140965,17,176257
11562,0.001635,172.217.194.0-255,2902,143867,17,176257
11563,0.001638,172.31.36.0-255,66,143933,17,176257
11564,0.001645,172.217.194.0-255,5738,149671,17,176257
11565,0.001648,172.31.36.0-255,66,149737,17,176257
11566,0.001679,172.217.194.0-255,7156,156893,17,176257
11567,0.001682,172.31.36.0-255,66,156959,17,176257
11568,0.001694,172.31.36.0-255,66,157025,17,176257
11569,0.001702,172.217.194.0-255,7156,164181,17,176257
11570,0.001704,172.31.36.0-255,66,164247,17,176257
11571,0.001744,172.31.36.0-255,66,164313,17,176257
11572,0.001757,172.31.36.0-255,66,164379,17,176257
11573,0.001762,172.217.194.0-255,2902,167281,17,176257
11574,0.001764,172.31.36.0-255,66,167347,17,176257
11575,0.001807,172.217.194.0-255,1484,168831,17,176257
11576,0.001808,172.31.36.0-255,66,168897,17,176257
11577,0.001871,172.31.36.0-255,66,168963,17,176257
11578,0.001884,172.31.36.0-255,66,169029,17,176257
11579,0.001893,172.31.36.0-255,66,169095,17,176257
11580,0.001999,172.31.36.0-255,66,169161,17,176257
11581,0.002006,172.217.194.0-255,6754,175915,17,176257
11582,0.002008,172.31.36.0-255,66,175981,17,176257
11583,0.002011,172.217.194.0-255,105,176086,17,176257
11584,0.009961,172.31.36.0-255,105,176191,17,176257
11585,0.012204,172.217.194.0-255,66,176257,17,176257
