,TIME,SRC,PACKET_SIZE,CUMULATIVE_PACKET_SIZE,PAGE_NUMBER,TOTAL_PACKET_SIZE
0,0.0,74.125.24.0-255,151,151,74,112482
1,2.1e-05,172.31.40.0-255,66,217,74,112482
2,2.8e-05,74.125.24.0-255,1484,1701,74,112482
3,3.3e-05,172.31.40.0-255,66,1767,74,112482
4,3.7e-05,74.125.24.0-255,1484,3251,74,112482
5,3.9e-05,172.31.40.0-255,66,3317,74,112482
6,4.8e-05,74.125.24.0-255,4320,7637,74,112482
7,5.2e-05,172.31.40.0-255,66,7703,74,112482
8,8e-05,74.125.24.0-255,2902,10605,74,112482
9,8.3e-05,172.31.40.0-255,66,10671,74,112482
10,8.8e-05,74.125.24.0-255,3516,14187,74,112482
11,9e-05,172.31.40.0-255,66,14253,74,112482
12,0.000119,74.125.24.0-255,5738,19991,74,112482
13,0.000121,172.31.40.0-255,66,20057,74,112482
14,0.000145,74.125.24.0-255,2902,22959,74,112482
15,0.000147,172.31.40.0-255,66,23025,74,112482
16,0.00016,172.31.40.0-255,66,23091,74,112482
17,0.000185,172.31.40.0-255,66,23157,74,112482
18,0.000208,74.125.24.0-255,3602,26759,74,112482
19,0.00021,172.31.40.0-255,66,26825,74,112482
20,0.000426,74.125.24.0-255,1484,28309,74,112482
21,0.00043,172.31.40.0-255,66,28375,74,112482
22,0.00045,74.125.24.0-255,2902,31277,74,112482
23,0.000452,172.31.40.0-255,66,31343,74,112482
24,0.000458,74.125.24.0-255,5738,37081,74,112482
25,0.00046,172.31.40.0-255,66,37147,74,112482
26,0.000491,172.31.40.0-255,66,37213,74,112482
27,0.000538,74.125.24.0-255,1484,38697,74,112482
28,0.000541,172.31.40.0-255,66,38763,74,112482
29,0.00056,74.125.24.0-255,2902,41665,74,112482
30,0.000563,172.31.40.0-255,66,41731,74,112482
31,0.000569,74.125.24.0-255,5738,47469,74,112482
32,0.000571,172.31.40.0-255,66,47535,74,112482
33,0.000576,74.125.24.0-255,4320,51855,74,112482
34,0.000578,172.31.40.0-255,66,51921,74,112482
35,0.000609,172.31.40.0-255,66,51987,74,112482
36,0.000622,74.125.24.0-255,2902,54889,74,112482
37,0.000624,172.31.40.0-255,66,54955,74,112482
38,0.000644,74.125.24.0-255,5020,59975,74,112482
39,0.000647,172.31.40.0-255,66,60041,74,112482
40,0.000871,74.125.24.0-255,1484,61525,74,112482
41,0.000879,74.125.24.0-255,2902,64427,74,112482
42,0.000882,172.31.40.0-255,66,64493,74,112482
43,0.000886,74.125.24.0-255,1484,65977,74,112482
44,0.000902,74.125.24.0-255,4320,70297,74,112482
45,0.000905,172.31.40.0-255,66,70363,74,112482
46,0.000909,74.125.24.0-255,2902,73265,74,112482
47,0.000912,172.31.40.0-255,66,73331,74,112482
48,0.000942,172.31.40.0-255,66,73397,74,112482
49,0.000955,172.31.40.0-255,66,73463,74,112482
50,0.001249,74.125.24.0-255,1484,74947,74,112482
51,0.001255,74.125.24.0-255,2902,77849,74,112482
52,0.001258,172.31.40.0-255,66,77915,74,112482
53,0.001264,74.125.24.0-255,4320,82235,74,112482
54,0.001266,172.31.40.0-255,66,82301,74,112482
55,0.00128,74.125.24.0-255,1484,83785,74,112482
56,0.001291,172.31.40.0-255,66,83851,74,112482
57,0.001337,172.31.40.0-255,66,83917,74,112482
58,0.001347,172.31.40.0-255,66,83983,74,112482
59,0.001394,74.125.24.0-255,2902,86885,74,112482
60,0.001397,172.31.40.0-255,66,86951,74,112482
61,0.001438,172.31.40.0-255,66,87017,74,112482
62,0.001443,74.125.24.0-255,2902,89919,74,112482
63,0.001445,172.31.40.0-255,66,89985,74,112482
64,0.00145,74.125.24.0-255,4320,94305,74,112482
65,0.001453,172.31.40.0-255,66,94371,74,112482
66,0.001484,172.31.40.0-255,66,94437,74,112482
67,0.00149,74.125.24.0-255,5738,100175,74,112482
68,0.001493,172.31.40.0-255,66,100241,74,112482
69,0.001517,172.31.40.0-255,66,100307,74,112482
70,0.001528,74.125.24.0-255,4320,104627,74,112482
71,0.001531,172.31.40.0-255,66,104693,74,112482
72,0.001564,172.31.40.0-255,66,104759,74,112482
73,0.001581,172.31.40.0-255,66,104825,74,112482
74,0.001604,74.125.24.0-255,1484,106309,74,112482
75,0.001645,74.125.24.0-255,1484,107793,74,112482
76,0.001676,172.31.40.0-255,66,107859,74,112482
77,0.001763,74.125.24.0-255,4320,112179,74,112482
78,0.001778,172.31.40.0-255,66,112245,74,112482
79,0.001843,172.31.40.0-255,66,112311,74,112482
80,0.001893,74.125.24.0-255,105,112416,74,112482
81,0.001909,172.31.40.0-255,66,112482,74,112482
82,0.0,172.217.194.0-255,150,150,74,70242
83,2.2e-05,172.31.40.0-255,66,216,74,70242
84,2.9e-05,172.217.194.0-255,1484,1700,74,70242
85,3.4e-05,172.31.40.0-255,66,1766,74,70242
86,4e-05,172.217.194.0-255,2902,4668,74,70242
87,4.3e-05,172.31.40.0-255,66,4734,74,70242
88,5.3e-05,172.31.40.0-255,66,4800,74,70242
89,7.4e-05,172.217.194.0-255,4320,9120,74,70242
90,7.7e-05,172.31.40.0-255,66,9186,74,70242
91,0.000116,172.31.40.0-255,66,9252,74,70242
92,0.000133,172.31.40.0-255,66,9318,74,70242
93,0.000146,172.31.40.0-255,66,9384,74,70242
94,0.000182,172.31.40.0-255,66,9450,74,70242
95,0.000185,172.217.194.0-255,118,9568,74,70242
96,0.000187,172.31.40.0-255,66,9634,74,70242
97,0.000468,172.217.194.0-255,1484,11118,74,70242
98,0.000474,172.31.40.0-255,66,11184,74,70242
99,0.00048,172.217.194.0-255,2902,14086,74,70242
100,0.000482,172.31.40.0-255,66,14152,74,70242
101,0.000509,172.217.194.0-255,5738,19890,74,70242
102,0.000512,172.31.40.0-255,66,19956,74,70242
103,0.000554,172.31.40.0-255,66,20022,74,70242
104,0.00057,172.217.194.0-255,1484,21506,74,70242
105,0.000572,172.31.40.0-255,66,21572,74,70242
106,0.000587,172.31.40.0-255,66,21638,74,70242
107,0.000676,172.217.194.0-255,1484,23122,74,70242
108,0.000681,172.217.194.0-255,1484,24606,74,70242
109,0.000684,172.31.40.0-255,66,24672,74,70242
110,0.000701,172.217.194.0-255,1484,26156,74,70242
111,0.000704,172.217.194.0-255,1484,27640,74,70242
112,0.000707,172.31.40.0-255,66,27706,74,70242
113,0.000714,172.217.194.0-255,5738,33444,74,70242
114,0.000716,172.31.40.0-255,66,33510,74,70242
115,0.000777,172.31.40.0-255,66,33576,74,70242
116,0.000787,172.31.40.0-255,66,33642,74,70242
117,0.000796,172.31.40.0-255,66,33708,74,70242
118,0.00084,172.31.40.0-255,66,33774,74,70242
119,0.000854,172.31.40.0-255,66,33840,74,70242
120,0.000866,172.217.194.0-255,1484,35324,74,70242
121,0.000884,172.217.194.0-255,2902,38226,74,70242
122,0.000889,172.217.194.0-255,4320,42546,74,70242
123,0.000893,172.31.40.0-255,66,42612,74,70242
124,0.000897,172.31.40.0-255,66,42678,74,70242
125,0.000916,172.217.194.0-255,1484,44162,74,70242
126,0.00094,172.31.40.0-255,66,44228,74,70242
127,0.000943,172.31.40.0-255,66,44294,74,70242
128,0.000973,172.31.40.0-255,66,44360,74,70242
129,0.000977,172.217.194.0-255,1484,45844,74,70242
130,0.001009,172.31.40.0-255,66,45910,74,70242
131,0.001028,172.31.40.0-255,66,45976,74,70242
132,0.001031,172.217.194.0-255,1484,47460,74,70242
133,0.001062,172.217.194.0-255,5738,53198,74,70242
134,0.001064,172.31.40.0-255,66,53264,74,70242
135,0.0011,172.31.40.0-255,66,53330,74,70242
136,0.001116,172.31.40.0-255,66,53396,74,70242
137,0.001155,172.217.194.0-255,4320,57716,74,70242
138,0.001158,172.31.40.0-255,66,57782,74,70242
139,0.001193,172.217.194.0-255,3602,61384,74,70242
140,0.001196,172.31.40.0-255,66,61450,74,70242
141,0.001204,172.31.40.0-255,66,61516,74,70242
142,0.00122,172.31.40.0-255,66,61582,74,70242
143,0.001222,172.217.194.0-255,766,62348,74,70242
144,0.001239,172.31.40.0-255,66,62414,74,70242
145,0.00125,172.31.40.0-255,66,62480,74,70242
146,0.001286,172.217.194.0-255,4320,66800,74,70242
147,0.001289,172.31.40.0-255,66,66866,74,70242
148,0.001329,172.31.40.0-255,66,66932,74,70242
149,0.001351,172.217.194.0-255,2902,69834,74,70242
150,0.001355,172.31.40.0-255,66,69900,74,70242
151,0.00139,172.217.194.0-255,105,70005,74,70242
152,0.0014,172.31.40.0-255,66,70071,74,70242
153,0.003985,172.31.40.0-255,105,70176,74,70242
154,0.006163,172.217.194.0-255,66,70242,74,70242
155,0.0,172.217.26.0-255,142,142,74,126763
156,2.2e-05,172.31.40.0-255,66,208,74,126763
157,2.9e-05,172.217.26.0-255,1484,1692,74,126763
158,3.4e-05,172.31.40.0-255,66,1758,74,126763
159,3.9e-05,172.217.26.0-255,2902,4660,74,126763
160,5e-05,172.31.40.0-255,66,4726,74,126763
161,5.6e-05,172.217.26.0-255,4320,9046,74,126763
162,5.8e-05,172.31.40.0-255,66,9112,74,126763
163,8.3e-05,172.217.26.0-255,4900,14012,74,126763
164,9.1e-05,172.31.40.0-255,66,14078,74,126763
165,0.000116,172.217.26.0-255,1484,15562,74,126763
166,0.000119,172.31.40.0-255,66,15628,74,126763
167,0.000151,172.217.26.0-255,4320,19948,74,126763
168,0.000153,172.31.40.0-255,66,20014,74,126763
169,0.000159,172.217.26.0-255,4320,24334,74,126763
170,0.000161,172.31.40.0-255,66,24400,74,126763
171,0.000196,172.217.26.0-255,4320,28720,74,126763
172,0.000199,172.31.40.0-255,66,28786,74,126763
173,0.000222,172.217.26.0-255,2543,31329,74,126763
174,0.000225,172.31.40.0-255,66,31395,74,126763
175,0.000228,172.217.26.0-255,1484,32879,74,126763
176,0.00023,172.31.40.0-255,66,32945,74,126763
177,0.000259,172.217.26.0-255,2902,35847,74,126763
178,0.000261,172.31.40.0-255,66,35913,74,126763
179,0.000268,172.217.26.0-255,5738,41651,74,126763
180,0.00027,172.31.40.0-255,66,41717,74,126763
181,0.000304,172.31.40.0-255,66,41783,74,126763
182,0.001236,172.217.26.0-255,1484,43267,74,126763
183,0.001243,172.31.40.0-255,66,43333,74,126763
184,0.001249,172.217.26.0-255,1484,44817,74,126763
185,0.001251,172.31.40.0-255,66,44883,74,126763
186,0.001256,172.217.26.0-255,2902,47785,74,126763
187,0.001258,172.31.40.0-255,66,47851,74,126763
188,0.00127,172.217.26.0-255,5738,53589,74,126763
189,0.001272,172.31.40.0-255,66,53655,74,126763
190,0.001299,172.217.26.0-255,5960,59615,74,126763
191,0.001301,172.31.40.0-255,66,59681,74,126763
192,0.00133,172.217.26.0-255,4320,64001,74,126763
193,0.001333,172.31.40.0-255,66,64067,74,126763
194,0.001359,172.217.26.0-255,2902,66969,74,126763
195,0.001362,172.31.40.0-255,66,67035,74,126763
196,0.001368,172.217.26.0-255,5738,72773,74,126763
197,0.00137,172.31.40.0-255,66,72839,74,126763
198,0.001394,172.217.26.0-255,2902,75741,74,126763
199,0.001396,172.31.40.0-255,66,75807,74,126763
200,0.001428,172.217.26.0-255,3961,79768,74,126763
201,0.00143,172.31.40.0-255,66,79834,74,126763
202,0.001439,172.31.40.0-255,66,79900,74,126763
203,0.001454,172.217.26.0-255,4320,84220,74,126763
204,0.001457,172.31.40.0-255,66,84286,74,126763
205,0.001492,172.217.26.0-255,2543,86829,74,126763
206,0.001495,172.31.40.0-255,66,86895,74,126763
207,0.00186,172.217.26.0-255,1484,88379,74,126763
208,0.001867,172.217.26.0-255,1484,89863,74,126763
209,0.001872,172.31.40.0-255,66,89929,74,126763
210,0.001876,172.217.26.0-255,1484,91413,74,126763
211,0.001899,172.217.26.0-255,1484,92897,74,126763
212,0.001902,172.31.40.0-255,66,92963,74,126763
213,0.001909,172.217.26.0-255,5738,98701,74,126763
214,0.001912,172.31.40.0-255,66,98767,74,126763
215,0.001917,172.217.26.0-255,4714,103481,74,126763
216,0.001919,172.31.40.0-255,66,103547,74,126763
217,0.003894,172.217.26.0-255,5738,109285,74,126763
218,0.003897,172.31.40.0-255,66,109351,74,126763
219,0.005867,172.217.26.0-255,5738,115089,74,126763
220,0.005871,172.31.40.0-255,66,115155,74,126763
221,0.007878,172.217.26.0-255,5738,120893,74,126763
222,0.007884,172.31.40.0-255,66,120959,74,126763
223,0.009872,172.217.26.0-255,5738,126697,74,126763
224,0.009879,172.31.40.0-255,66,126763,74,126763
225,0.0,74.125.24.0-255,153,153,74,110528
226,2.4e-05,172.31.40.0-255,66,219,74,110528
227,3.2e-05,74.125.24.0-255,1484,1703,74,110528
228,3.7e-05,172.31.40.0-255,66,1769,74,110528
229,4.3e-05,74.125.24.0-255,2902,4671,74,110528
230,4.6e-05,172.31.40.0-255,66,4737,74,110528
231,5.6e-05,172.31.40.0-255,66,4803,74,110528
232,6e-05,74.125.24.0-255,2138,6941,74,110528
233,6.3e-05,172.31.40.0-255,66,7007,74,110528
234,7.4e-05,172.31.40.0-255,66,7073,74,110528
235,9.9e-05,74.125.24.0-255,4320,11393,74,110528
236,0.000103,172.31.40.0-255,66,11459,74,110528
237,0.000116,172.31.40.0-255,66,11525,74,110528
238,0.000141,172.31.40.0-255,66,11591,74,110528
239,0.000151,172.31.40.0-255,66,11657,74,110528
240,0.000167,74.125.24.0-255,2184,13841,74,110528
241,0.000169,172.31.40.0-255,66,13907,74,110528
242,0.000211,172.31.40.0-255,66,13973,74,110528
243,0.000242,74.125.24.0-255,1484,15457,74,110528
244,0.000246,74.125.24.0-255,2902,18359,74,110528
245,0.00025,172.31.40.0-255,66,18425,74,110528
246,0.000253,172.31.40.0-255,66,18491,74,110528
247,0.000275,74.125.24.0-255,5738,24229,74,110528
248,0.000277,172.31.40.0-255,66,24295,74,110528
249,0.00031,74.125.24.0-255,6247,30542,74,110528
250,0.000313,172.31.40.0-255,66,30608,74,110528
251,0.00083,74.125.24.0-255,1484,32092,74,110528
252,0.00084,74.125.24.0-255,2902,34994,74,110528
253,0.000843,172.31.40.0-255,66,35060,74,110528
254,0.000849,74.125.24.0-255,2902,37962,74,110528
255,0.000851,172.31.40.0-255,66,38028,74,110528
256,0.000867,74.125.24.0-255,2902,40930,74,110528
257,0.00087,172.31.40.0-255,66,40996,74,110528
258,0.000906,74.125.24.0-255,5738,46734,74,110528
259,0.000909,172.31.40.0-255,66,46800,74,110528
260,0.000933,172.31.40.0-255,66,46866,74,110528
261,0.000945,172.31.40.0-255,66,46932,74,110528
262,0.001158,74.125.24.0-255,1484,48416,74,110528
263,0.001162,74.125.24.0-255,2902,51318,74,110528
264,0.00117,172.31.40.0-255,66,51384,74,110528
265,0.001191,74.125.24.0-255,5738,57122,74,110528
266,0.001194,172.31.40.0-255,66,57188,74,110528
267,0.001207,172.31.40.0-255,66,57254,74,110528
268,0.001217,172.31.40.0-255,66,57320,74,110528
269,0.001256,74.125.24.0-255,2184,59504,74,110528
270,0.001259,172.31.40.0-255,66,59570,74,110528
271,0.001387,74.125.24.0-255,1484,61054,74,110528
272,0.001393,74.125.24.0-255,2902,63956,74,110528
273,0.001396,172.31.40.0-255,66,64022,74,110528
274,0.001417,74.125.24.0-255,5738,69760,74,110528
275,0.00142,172.31.40.0-255,66,69826,74,110528
276,0.001429,172.31.40.0-255,66,69892,74,110528
277,0.001443,74.125.24.0-255,2902,72794,74,110528
278,0.001445,172.31.40.0-255,66,72860,74,110528
279,0.001462,74.125.24.0-255,1484,74344,74,110528
280,0.001493,172.31.40.0-255,66,74410,74,110528
281,0.002167,74.125.24.0-255,1484,75894,74,110528
282,0.002173,74.125.24.0-255,2902,78796,74,110528
283,0.002177,172.31.40.0-255,66,78862,74,110528
284,0.002183,74.125.24.0-255,2902,81764,74,110528
285,0.002185,172.31.40.0-255,66,81830,74,110528
286,0.0022,74.125.24.0-255,2902,84732,74,110528
287,0.002202,172.31.40.0-255,66,84798,74,110528
288,0.002211,172.31.40.0-255,66,84864,74,110528
289,0.002237,74.125.24.0-255,5738,90602,74,110528
290,0.00224,172.31.40.0-255,66,90668,74,110528
291,0.002249,172.31.40.0-255,66,90734,74,110528
292,0.002274,74.125.24.0-255,2184,92918,74,110528
293,0.002276,172.31.40.0-255,66,92984,74,110528
294,0.004511,74.125.24.0-255,2902,95886,74,110528
295,0.004518,172.31.40.0-255,66,95952,74,110528
296,0.00454,74.125.24.0-255,2902,98854,74,110528
297,0.004543,172.31.40.0-255,66,98920,74,110528
298,0.00679,74.125.24.0-255,5738,104658,74,110528
299,0.006794,172.31.40.0-255,66,104724,74,110528
300,0.009068,74.125.24.0-255,5738,110462,74,110528
301,0.009076,172.31.40.0-255,66,110528,74,110528
302,0.0,74.125.200.0-255,150,150,74,262238
303,2.1e-05,172.31.40.0-255,66,216,74,262238
304,2.7e-05,74.125.200.0-255,1484,1700,74,262238
305,3.1e-05,172.31.40.0-255,66,1766,74,262238
306,5e-05,74.125.200.0-255,2902,4668,74,262238
307,5.2e-05,172.31.40.0-255,66,4734,74,262238
308,5.5e-05,74.125.200.0-255,1484,6218,74,262238
309,5.7e-05,172.31.40.0-255,66,6284,74,262238
310,6.2e-05,74.125.200.0-255,2902,9186,74,262238
311,6.4e-05,172.31.40.0-255,66,9252,74,262238
312,0.0001,74.125.200.0-255,6237,15489,74,262238
313,0.000102,172.31.40.0-255,66,15555,74,262238
314,0.000108,74.125.200.0-255,5738,21293,74,262238
315,0.00011,172.31.40.0-255,66,21359,74,262238
316,0.000125,74.125.200.0-255,2902,24261,74,262238
317,0.000126,172.31.40.0-255,66,24327,74,262238
318,0.000145,74.125.200.0-255,4320,28647,74,262238
319,0.000147,172.31.40.0-255,66,28713,74,262238
320,0.000152,74.125.200.0-255,2543,31256,74,262238
321,0.000154,172.31.40.0-255,66,31322,74,262238
322,0.000269,74.125.200.0-255,1484,32806,74,262238
323,0.000272,172.31.40.0-255,66,32872,74,262238
324,0.000296,74.125.200.0-255,2902,35774,74,262238
325,0.000299,172.31.40.0-255,66,35840,74,262238
326,0.000303,74.125.200.0-255,2902,38742,74,262238
327,0.000305,172.31.40.0-255,66,38808,74,262238
328,0.000321,74.125.200.0-255,2902,41710,74,262238
329,0.000323,172.31.40.0-255,66,41776,74,262238
330,0.000327,74.125.200.0-255,2902,44678,74,262238
331,0.000328,172.31.40.0-255,66,44744,74,262238
332,0.000342,74.125.200.0-255,3961,48705,74,262238
333,0.000344,172.31.40.0-255,66,48771,74,262238
334,0.000383,172.31.40.0-255,66,48837,74,262238
335,0.000406,74.125.200.0-255,2902,51739,74,262238
336,0.000408,172.31.40.0-255,66,51805,74,262238
337,0.000426,74.125.200.0-255,5690,57495,74,262238
338,0.000428,172.31.40.0-255,66,57561,74,262238
339,0.00043,74.125.200.0-255,343,57904,74,262238
340,0.000514,74.125.200.0-255,1484,59388,74,262238
341,0.000518,172.31.40.0-255,66,59454,74,262238
342,0.000538,74.125.200.0-255,2902,62356,74,262238
343,0.000541,172.31.40.0-255,66,62422,74,262238
344,0.000551,74.125.200.0-255,1484,63906,74,262238
345,0.000567,74.125.200.0-255,4320,68226,74,262238
346,0.00057,172.31.40.0-255,66,68292,74,262238
347,0.000576,74.125.200.0-255,4320,72612,74,262238
348,0.000578,172.31.40.0-255,66,72678,74,262238
349,0.000584,74.125.200.0-255,5738,78416,74,262238
350,0.000587,172.31.40.0-255,66,78482,74,262238
351,0.000605,74.125.200.0-255,5738,84220,74,262238
352,0.000608,172.31.40.0-255,66,84286,74,262238
353,0.000623,74.125.200.0-255,5738,90024,74,262238
354,0.000625,172.31.40.0-255,66,90090,74,262238
355,0.000629,74.125.200.0-255,2184,92274,74,262238
356,0.000632,172.31.40.0-255,66,92340,74,262238
357,0.000669,74.125.200.0-255,1484,93824,74,262238
358,0.000691,74.125.200.0-255,2902,96726,74,262238
359,0.000694,172.31.40.0-255,66,96792,74,262238
360,0.000709,74.125.200.0-255,2902,99694,74,262238
361,0.000711,172.31.40.0-255,66,99760,74,262238
362,0.000734,74.125.200.0-255,2902,102662,74,262238
363,0.000737,172.31.40.0-255,66,102728,74,262238
364,0.000747,172.31.40.0-255,66,102794,74,262238
365,0.00075,74.125.200.0-255,1484,104278,74,262238
366,0.000766,74.125.200.0-255,2902,107180,74,262238
367,0.000769,172.31.40.0-255,66,107246,74,262238
368,0.000781,74.125.200.0-255,2902,110148,74,262238
369,0.000784,172.31.40.0-255,66,110214,74,262238
370,0.000798,74.125.200.0-255,2902,113116,74,262238
371,0.000801,172.31.40.0-255,66,113182,74,262238
372,0.000823,172.31.40.0-255,66,113248,74,262238
373,0.000897,74.125.200.0-255,1484,114732,74,262238
374,0.000921,74.125.200.0-255,2902,117634,74,262238
375,0.000925,172.31.40.0-255,66,117700,74,262238
376,0.000965,74.125.200.0-255,1484,119184,74,262238
377,0.000983,74.125.200.0-255,4320,123504,74,262238
378,0.000987,172.31.40.0-255,66,123570,74,262238
379,0.000992,74.125.200.0-255,2902,126472,74,262238
380,0.000994,172.31.40.0-255,66,126538,74,262238
381,0.000999,74.125.200.0-255,4320,130858,74,262238
382,0.001001,172.31.40.0-255,66,130924,74,262238
383,0.001024,172.31.40.0-255,66,130990,74,262238
384,0.001058,74.125.200.0-255,4320,135310,74,262238
385,0.001061,172.31.40.0-255,66,135376,74,262238
386,0.001083,74.125.200.0-255,3602,138978,74,262238
387,0.001085,172.31.40.0-255,66,139044,74,262238
388,0.001172,74.125.200.0-255,1484,140528,74,262238
389,0.001189,74.125.200.0-255,2902,143430,74,262238
390,0.001192,172.31.40.0-255,66,143496,74,262238
391,0.001209,74.125.200.0-255,2902,146398,74,262238
392,0.001212,172.31.40.0-255,66,146464,74,262238
393,0.001236,74.125.200.0-255,4320,150784,74,262238
394,0.001239,172.31.40.0-255,66,150850,74,262238
395,0.00126,74.125.200.0-255,1484,152334,74,262238
396,0.001284,74.125.200.0-255,5738,158072,74,262238
397,0.001287,172.31.40.0-255,66,158138,74,262238
398,0.001291,74.125.200.0-255,1484,159622,74,262238
399,0.001318,172.31.40.0-255,66,159688,74,262238
400,0.001328,172.31.40.0-255,66,159754,74,262238
401,0.001384,74.125.200.0-255,1484,161238,74,262238
402,0.001388,74.125.200.0-255,1484,162722,74,262238
403,0.00139,172.31.40.0-255,66,162788,74,262238
404,0.001403,74.125.200.0-255,1484,164272,74,262238
405,0.001418,74.125.200.0-255,4320,168592,74,262238
406,0.001422,172.31.40.0-255,66,168658,74,262238
407,0.001428,74.125.200.0-255,5738,174396,74,262238
408,0.001431,172.31.40.0-255,66,174462,74,262238
409,0.0015,172.31.40.0-255,66,174528,74,262238
410,0.001506,74.125.200.0-255,4320,178848,74,262238
411,0.001508,172.31.40.0-255,66,178914,74,262238
412,0.001547,172.31.40.0-255,66,178980,74,262238
413,0.001571,172.31.40.0-255,66,179046,74,262238
414,0.001581,172.31.40.0-255,66,179112,74,262238
415,0.001626,172.31.40.0-255,66,179178,74,262238
416,0.001629,74.125.200.0-255,766,179944,74,262238
417,0.001697,74.125.200.0-255,1484,181428,74,262238
418,0.001702,172.31.40.0-255,66,181494,74,262238
419,0.001716,74.125.200.0-255,2902,184396,74,262238
420,0.001719,172.31.40.0-255,66,184462,74,262238
421,0.001739,74.125.200.0-255,4320,188782,74,262238
422,0.001747,74.125.200.0-255,5738,194520,74,262238
423,0.00177,74.125.200.0-255,1484,196004,74,262238
424,0.001774,172.31.40.0-255,66,196070,74,262238
425,0.001806,74.125.200.0-255,4320,200390,74,262238
426,0.001811,172.31.40.0-255,66,200456,74,262238
427,0.001836,74.125.200.0-255,3602,204058,74,262238
428,0.001845,172.31.40.0-255,66,204124,74,262238
429,0.00186,74.125.200.0-255,4320,208444,74,262238
430,0.001886,74.125.200.0-255,4320,212764,74,262238
431,0.00189,172.31.40.0-255,66,212830,74,262238
432,0.001895,172.31.40.0-255,66,212896,74,262238
433,0.001912,74.125.200.0-255,4320,217216,74,262238
434,0.001924,172.31.40.0-255,66,217282,74,262238
435,0.00193,74.125.200.0-255,5738,223020,74,262238
436,0.001935,172.31.40.0-255,66,223086,74,262238
437,0.001952,74.125.200.0-255,4320,227406,74,262238
438,0.001955,74.125.200.0-255,1484,228890,74,262238
439,0.001962,172.31.40.0-255,66,228956,74,262238
440,0.001984,74.125.200.0-255,1484,230440,74,262238
441,0.002033,172.31.40.0-255,66,230506,74,262238
442,0.002411,74.125.200.0-255,1484,231990,74,262238
443,0.002428,74.125.200.0-255,1484,233474,74,262238
444,0.002431,172.31.40.0-255,66,233540,74,262238
445,0.002452,74.125.200.0-255,1484,235024,74,262238
446,0.002455,74.125.200.0-255,1484,236508,74,262238
447,0.002459,74.125.200.0-255,2902,239410,74,262238
448,0.002463,74.125.200.0-255,2902,242312,74,262238
449,0.002469,172.31.40.0-255,66,242378,74,262238
450,0.002489,74.125.200.0-255,2902,245280,74,262238
451,0.002492,74.125.200.0-255,1484,246764,74,262238
452,0.002513,172.31.40.0-255,66,246830,74,262238
453,0.002517,172.31.40.0-255,66,246896,74,262238
454,0.002539,74.125.200.0-255,1484,248380,74,262238
455,0.002568,74.125.200.0-255,2184,250564,74,262238
456,0.00258,172.31.40.0-255,66,250630,74,262238
457,0.005113,74.125.200.0-255,5738,256368,74,262238
458,0.005121,172.31.40.0-255,66,256434,74,262238
459,0.007661,74.125.200.0-255,5738,262172,74,262238
460,0.007668,172.31.40.0-255,66,262238,74,262238
461,0.0,172.217.194.0-255,152,152,74,177283
462,2.2e-05,172.31.40.0-255,66,218,74,177283
463,3e-05,172.217.194.0-255,1484,1702,74,177283
464,3.5e-05,172.31.40.0-255,66,1768,74,177283
465,4.1e-05,172.217.194.0-255,2902,4670,74,177283
466,5.1e-05,172.31.40.0-255,66,4736,74,177283
467,6.1e-05,172.31.40.0-255,66,4802,74,177283
468,6.5e-05,172.217.194.0-255,2025,6827,74,177283
469,6.8e-05,172.31.40.0-255,66,6893,74,177283
470,0.000151,172.217.194.0-255,1484,8377,74,177283
471,0.000154,172.31.40.0-255,66,8443,74,177283
472,0.00016,172.217.194.0-255,2902,11345,74,177283
473,0.000162,172.31.40.0-255,66,11411,74,177283
474,0.000195,172.217.194.0-255,5738,17149,74,177283
475,0.0002,172.31.40.0-255,66,17215,74,177283
476,0.000234,172.31.40.0-255,66,17281,74,177283
477,0.000266,172.31.40.0-255,66,17347,74,177283
478,0.000307,172.31.40.0-255,66,17413,74,177283
479,0.000633,172.217.194.0-255,1484,18897,74,177283
480,0.000639,172.31.40.0-255,66,18963,74,177283
481,0.000645,172.217.194.0-255,2902,21865,74,177283
482,0.000647,172.31.40.0-255,66,21931,74,177283
483,0.000654,172.217.194.0-255,5738,27669,74,177283
484,0.000662,172.31.40.0-255,66,27735,74,177283
485,0.000668,172.217.194.0-255,4320,32055,74,177283
486,0.00067,172.31.40.0-255,66,32121,74,177283
487,0.000703,172.217.194.0-255,2543,34664,74,177283
488,0.000707,172.31.40.0-255,66,34730,74,177283
489,0.000818,172.217.194.0-255,1484,36214,74,177283
490,0.000824,172.217.194.0-255,2902,39116,74,177283
491,0.000827,172.31.40.0-255,66,39182,74,177283
492,0.000858,172.217.194.0-255,5738,44920,74,177283
493,0.000861,172.31.40.0-255,66,44986,74,177283
494,0.000867,172.217.194.0-255,4320,49306,74,177283
495,0.000869,172.31.40.0-255,66,49372,74,177283
496,0.000907,172.31.40.0-255,66,49438,74,177283
497,0.000924,172.31.40.0-255,66,49504,74,177283
498,0.000951,172.217.194.0-255,4320,53824,74,177283
499,0.000954,172.31.40.0-255,66,53890,74,177283
500,0.000968,172.217.194.0-255,5738,59628,74,177283
501,0.000975,172.31.40.0-255,66,59694,74,177283
502,0.001026,172.31.40.0-255,66,59760,74,177283
503,0.001299,172.217.194.0-255,1484,61244,74,177283
504,0.001308,172.217.194.0-255,2902,64146,74,177283
505,0.001312,172.31.40.0-255,66,64212,74,177283
506,0.001318,172.217.194.0-255,4320,68532,74,177283
507,0.00132,172.31.40.0-255,66,68598,74,177283
508,0.001339,172.217.194.0-255,1484,70082,74,177283
509,0.001346,172.217.194.0-255,5738,75820,74,177283
510,0.001353,172.31.40.0-255,66,75886,74,177283
511,0.001376,172.217.194.0-255,1484,77370,74,177283
512,0.001379,172.217.194.0-255,401,77771,74,177283
513,0.001381,172.31.40.0-255,66,77837,74,177283
514,0.001502,172.217.194.0-255,1484,79321,74,177283
515,0.001508,172.217.194.0-255,2902,82223,74,177283
516,0.00151,172.31.40.0-255,66,82289,74,177283
517,0.001547,172.217.194.0-255,2902,85191,74,177283
518,0.001549,172.31.40.0-255,66,85257,74,177283
519,0.001581,172.217.194.0-255,2902,88159,74,177283
520,0.001584,172.31.40.0-255,66,88225,74,177283
521,0.001602,172.31.40.0-255,66,88291,74,177283
522,0.001614,172.31.40.0-255,66,88357,74,177283
523,0.002173,172.217.194.0-255,1484,89841,74,177283
524,0.002179,172.217.194.0-255,2902,92743,74,177283
525,0.002182,172.31.40.0-255,66,92809,74,177283
526,0.00219,172.217.194.0-255,5738,98547,74,177283
527,0.002191,172.31.40.0-255,66,98613,74,177283
528,0.00223,172.31.40.0-255,66,98679,74,177283
529,0.002237,172.217.194.0-255,1484,100163,74,177283
530,0.00227,172.217.194.0-255,4320,104483,74,177283
531,0.002273,172.31.40.0-255,66,104549,74,177283
532,0.002297,172.31.40.0-255,66,104615,74,177283
533,0.002369,172.217.194.0-255,1484,106099,74,177283
534,0.002373,172.217.194.0-255,1484,107583,74,177283
535,0.002376,172.31.40.0-255,66,107649,74,177283
536,0.002408,172.217.194.0-255,1484,109133,74,177283
537,0.002415,172.217.194.0-255,5738,114871,74,177283
538,0.002417,172.31.40.0-255,66,114937,74,177283
539,0.002431,172.31.40.0-255,66,115003,74,177283
540,0.002447,172.31.40.0-255,66,115069,74,177283
541,0.002498,172.217.194.0-255,1484,116553,74,177283
542,0.002503,172.217.194.0-255,2902,119455,74,177283
543,0.002509,172.217.194.0-255,5738,125193,74,177283
544,0.002518,172.31.40.0-255,66,125259,74,177283
545,0.002521,172.31.40.0-255,66,125325,74,177283
546,0.002562,172.31.40.0-255,66,125391,74,177283
547,0.002568,172.217.194.0-255,4320,129711,74,177283
548,0.00257,172.31.40.0-255,66,129777,74,177283
549,0.002614,172.31.40.0-255,66,129843,74,177283
550,0.002625,172.31.40.0-255,66,129909,74,177283
551,0.002634,172.217.194.0-255,2902,132811,74,177283
552,0.002636,172.31.40.0-255,78,132889,74,177283
553,0.002651,172.31.40.0-255,78,132967,74,177283
554,0.002685,172.217.194.0-255,4320,137287,74,177283
555,0.002688,172.31.40.0-255,66,137353,74,177283
556,0.002693,172.217.194.0-255,3602,140955,74,177283
557,0.002695,172.31.40.0-255,66,141021,74,177283
558,0.002999,172.217.194.0-255,1484,142505,74,177283
559,0.003005,172.217.194.0-255,2902,145407,74,177283
560,0.003009,172.31.40.0-255,66,145473,74,177283
561,0.003039,172.217.194.0-255,5738,151211,74,177283
562,0.003042,172.31.40.0-255,66,151277,74,177283
563,0.003048,172.217.194.0-255,5738,157015,74,177283
564,0.00305,172.31.40.0-255,66,157081,74,177283
565,0.003087,172.31.40.0-255,66,157147,74,177283
566,0.003143,172.217.194.0-255,5020,162167,74,177283
567,0.003146,172.31.40.0-255,66,162233,74,177283
568,0.003152,172.217.194.0-255,5738,167971,74,177283
569,0.003155,172.31.40.0-255,66,168037,74,177283
570,0.003169,172.31.40.0-255,66,168103,74,177283
571,0.003175,172.217.194.0-255,5738,173841,74,177283
572,0.003178,172.31.40.0-255,66,173907,74,177283
573,0.003216,172.31.40.0-255,66,173973,74,177283
574,0.003231,172.31.40.0-255,66,174039,74,177283
575,0.003253,172.217.194.0-255,2902,176941,74,177283
576,0.003255,172.31.40.0-255,66,177007,74,177283
577,0.003298,172.217.194.0-255,105,177112,74,177283
578,0.007117,172.31.40.0-255,66,177178,74,177283
579,0.00897,172.31.40.0-255,105,177283,74,177283
580,0.0,172.217.194.0-255,151,151,74,149840
581,2.2e-05,172.31.40.0-255,66,217,74,149840
582,3e-05,172.217.194.0-255,1484,1701,74,149840
583,3.4e-05,172.31.40.0-255,66,1767,74,149840
584,4e-05,172.217.194.0-255,2902,4669,74,149840
585,4.4e-05,172.31.40.0-255,66,4735,74,149840
586,5.1e-05,172.217.194.0-255,4320,9055,74,149840
587,5.3e-05,172.31.40.0-255,66,9121,74,149840
588,7.5e-05,172.217.194.0-255,1484,10605,74,149840
589,7.7e-05,172.31.40.0-255,66,10671,74,149840
590,8.3e-05,172.217.194.0-255,3482,14153,74,149840
591,8.6e-05,172.31.40.0-255,66,14219,74,149840
592,0.000113,172.217.194.0-255,4320,18539,74,149840
593,0.000116,172.31.40.0-255,66,18605,74,149840
594,0.000122,172.217.194.0-255,5738,24343,74,149840
595,0.000125,172.31.40.0-255,66,24409,74,149840
596,0.00014,172.217.194.0-255,4320,28729,74,149840
597,0.000142,172.31.40.0-255,66,28795,74,149840
598,0.000146,172.217.194.0-255,2543,31338,74,149840
599,0.000148,172.31.40.0-255,66,31404,74,149840
600,0.000242,172.217.194.0-255,1484,32888,74,149840
601,0.000261,172.31.40.0-255,66,32954,74,149840
602,0.000267,172.217.194.0-255,2902,35856,74,149840
603,0.000269,172.31.40.0-255,66,35922,74,149840
604,0.000276,172.217.194.0-255,5738,41660,74,149840
605,0.000278,172.31.40.0-255,66,41726,74,149840
606,0.000294,172.217.194.0-255,4320,46046,74,149840
607,0.000304,172.31.40.0-255,66,46112,74,149840
608,0.000337,172.31.40.0-255,66,46178,74,149840
609,0.00035,172.31.40.0-255,66,46244,74,149840
610,0.000353,172.217.194.0-255,1436,47680,74,149840
611,0.000466,172.217.194.0-255,376,48056,74,149840
612,0.000498,172.31.40.0-255,66,48122,74,149840
613,0.00088,172.217.194.0-255,1484,49606,74,149840
614,0.000888,172.217.194.0-255,2902,52508,74,149840
615,0.000892,172.217.194.0-255,2902,55410,74,149840
616,0.000898,172.31.40.0-255,66,55476,74,149840
617,0.000907,172.217.194.0-255,1484,56960,74,149840
618,0.000929,172.217.194.0-255,5738,62698,74,149840
619,0.000957,172.31.40.0-255,66,62764,74,149840
620,0.000975,172.217.194.0-255,4320,67084,74,149840
621,0.000978,172.31.40.0-255,66,67150,74,149840
622,0.000984,172.217.194.0-255,3602,70752,74,149840
623,0.000995,172.31.40.0-255,66,70818,74,149840
624,0.0014,172.217.194.0-255,1484,72302,74,149840
625,0.001406,172.217.194.0-255,2902,75204,74,149840
626,0.00141,172.31.40.0-255,66,75270,74,149840
627,0.001436,172.217.194.0-255,5738,81008,74,149840
628,0.001458,172.31.40.0-255,66,81074,74,149840
629,0.001463,172.217.194.0-255,4320,85394,74,149840
630,0.001475,172.31.40.0-255,66,85460,74,149840
631,0.001507,172.217.194.0-255,2184,87644,74,149840
632,0.001518,172.31.40.0-255,66,87710,74,149840
633,0.001602,172.217.194.0-255,1484,89194,74,149840
634,0.001607,172.217.194.0-255,2902,92096,74,149840
635,0.001609,172.31.40.0-255,66,92162,74,149840
636,0.001615,172.217.194.0-255,5738,97900,74,149840
637,0.001618,172.31.40.0-255,66,97966,74,149840
638,0.001636,172.217.194.0-255,2902,100868,74,149840
639,0.001645,172.31.40.0-255,66,100934,74,149840
640,0.001684,172.217.194.0-255,1484,102418,74,149840
641,0.001713,172.31.40.0-255,66,102484,74,149840
642,0.001841,172.217.194.0-255,1484,103968,74,149840
643,0.001859,172.217.194.0-255,2902,106870,74,149840
644,0.001862,172.31.40.0-255,66,106936,74,149840
645,0.001865,172.217.194.0-255,1484,108420,74,149840
646,0.001884,172.217.194.0-255,4320,112740,74,149840
647,0.001887,172.31.40.0-255,66,112806,74,149840
648,0.001898,172.217.194.0-255,1484,114290,74,149840
649,0.001934,172.31.40.0-255,66,114356,74,149840
650,0.001973,172.217.194.0-255,4320,118676,74,149840
651,0.001977,172.31.40.0-255,66,118742,74,149840
652,0.002002,172.31.40.0-255,66,118808,74,149840
653,0.002279,172.217.194.0-255,1484,120292,74,149840
654,0.002284,172.217.194.0-255,2902,123194,74,149840
655,0.002287,172.31.40.0-255,66,123260,74,149840
656,0.002291,172.217.194.0-255,2902,126162,74,149840
657,0.002296,172.31.40.0-255,66,126228,74,149840
658,0.002309,172.217.194.0-255,2902,129130,74,149840
659,0.002312,172.217.194.0-255,1484,130614,74,149840
660,0.002334,172.31.40.0-255,66,130680,74,149840
661,0.002347,172.217.194.0-255,4320,135000,74,149840
662,0.002355,172.31.40.0-255,66,135066,74,149840
663,0.002407,172.31.40.0-255,66,135132,74,149840
664,0.002501,172.217.194.0-255,1484,136616,74,149840
665,0.002505,172.217.194.0-255,2902,139518,74,149840
666,0.002509,172.31.40.0-255,66,139584,74,149840
667,0.002517,172.217.194.0-255,2902,142486,74,149840
668,0.002521,172.31.40.0-255,66,142552,74,149840
669,0.002531,172.217.194.0-255,2902,145454,74,149840
670,0.002545,172.31.40.0-255,66,145520,74,149840
671,0.002556,172.217.194.0-255,4320,149840,74,149840
672,0.0,172.217.194.0-255,153,153,74,63302
673,2.4e-05,172.31.40.0-255,66,219,74,63302
674,3.1e-05,172.217.194.0-255,1484,1703,74,63302
675,3.6e-05,172.31.40.0-255,66,1769,74,63302
676,5.1e-05,172.217.194.0-255,2902,4671,74,63302
677,5.5e-05,172.31.40.0-255,66,4737,74,63302
678,6.5e-05,172.31.40.0-255,66,4803,74,63302
679,0.000134,172.217.194.0-255,5738,10541,74,63302
680,0.000138,172.31.40.0-255,66,10607,74,63302
681,0.00017,172.217.194.0-255,6238,16845,74,63302
682,0.000173,172.31.40.0-255,66,16911,74,63302
683,0.000183,172.31.40.0-255,66,16977,74,63302
684,0.000199,172.31.40.0-255,66,17043,74,63302
685,0.000226,172.217.194.0-255,1484,18527,74,63302
686,0.00023,172.31.40.0-255,66,18593,74,63302
687,0.000241,172.217.194.0-255,5020,23613,74,63302
688,0.000243,172.31.40.0-255,66,23679,74,63302
689,0.000979,172.217.194.0-255,1484,25163,74,63302
690,0.000986,172.31.40.0-255,66,25229,74,63302
691,0.000995,172.217.194.0-255,2902,28131,74,63302
692,0.000997,172.31.40.0-255,66,28197,74,63302
693,0.001008,172.217.194.0-255,4320,32517,74,63302
694,0.00101,172.31.40.0-255,66,32583,74,63302
695,0.001041,172.217.194.0-255,1484,34067,74,63302
696,0.001044,172.31.40.0-255,66,34133,74,63302
697,0.001048,172.217.194.0-255,1484,35617,74,63302
698,0.00105,172.31.40.0-255,66,35683,74,63302
699,0.001086,172.217.194.0-255,5637,41320,74,63302
700,0.001089,172.31.40.0-255,66,41386,74,63302
701,0.001093,172.217.194.0-255,118,41504,74,63302
702,0.003085,172.217.194.0-255,4320,45824,74,63302
703,0.00309,172.31.40.0-255,66,45890,74,63302
704,0.005092,172.217.194.0-255,5738,51628,74,63302
705,0.005096,172.31.40.0-255,66,51694,74,63302
706,0.007112,172.217.194.0-255,5738,57432,74,63302
707,0.007119,172.31.40.0-255,66,57498,74,63302
708,0.009141,172.217.194.0-255,5738,63236,74,63302
709,0.009149,172.31.40.0-255,66,63302,74,63302
710,0.0,74.125.130.0-255,153,153,74,145859
711,2.3e-05,172.31.40.0-255,66,219,74,145859
712,3e-05,74.125.130.0-255,1484,1703,74,145859
713,3.4e-05,172.31.40.0-255,66,1769,74,145859
714,8.2e-05,74.125.130.0-255,1484,3253,74,145859
715,8.5e-05,172.31.40.0-255,66,3319,74,145859
716,9.2e-05,74.125.130.0-255,2902,6221,74,145859
717,9.6e-05,172.31.40.0-255,66,6287,74,145859
718,0.000131,74.125.130.0-255,5738,12025,74,145859
719,0.000134,172.31.40.0-255,66,12091,74,145859
720,0.000137,74.125.130.0-255,1484,13575,74,145859
721,0.000139,172.31.40.0-255,66,13641,74,145859
722,0.000164,74.125.130.0-255,581,14222,74,145859
723,0.000166,172.31.40.0-255,66,14288,74,145859
724,0.000199,74.125.130.0-255,1484,15772,74,145859
725,0.000201,172.31.40.0-255,66,15838,74,145859
726,0.000232,74.125.130.0-255,2902,18740,74,145859
727,0.000235,172.31.40.0-255,66,18806,74,145859
728,0.000247,74.125.130.0-255,1484,20290,74,145859
729,0.000256,74.125.130.0-255,4320,24610,74,145859
730,0.00026,172.31.40.0-255,66,24676,74,145859
731,0.000264,172.31.40.0-255,66,24742,74,145859
732,0.000271,74.125.130.0-255,1484,26226,74,145859
733,0.000272,172.31.40.0-255,66,26292,74,145859
734,0.000279,74.125.130.0-255,1484,27776,74,145859
735,0.000282,172.31.40.0-255,66,27842,74,145859
736,0.000286,74.125.130.0-255,1484,29326,74,145859
737,0.000289,172.31.40.0-255,66,29392,74,145859
738,0.000314,74.125.130.0-255,1484,30876,74,145859
739,0.000316,172.31.40.0-255,66,30942,74,145859
740,0.00032,74.125.130.0-255,1125,32067,74,145859
741,0.000322,172.31.40.0-255,66,32133,74,145859
742,0.000829,74.125.130.0-255,1484,33617,74,145859
743,0.000839,74.125.130.0-255,2902,36519,74,145859
744,0.000843,172.31.40.0-255,66,36585,74,145859
745,0.000884,74.125.130.0-255,5738,42323,74,145859
746,0.000886,172.31.40.0-255,66,42389,74,145859
747,0.000912,74.125.130.0-255,1484,43873,74,145859
748,0.000935,74.125.130.0-255,1484,45357,74,145859
749,0.000938,172.31.40.0-255,66,45423,74,145859
750,0.000943,74.125.130.0-255,2902,48325,74,145859
751,0.000945,172.31.40.0-255,66,48391,74,145859
752,0.000988,74.125.130.0-255,1125,49516,74,145859
753,0.000993,74.125.130.0-255,1484,51000,74,145859
754,0.000995,172.31.40.0-255,66,51066,74,145859
755,0.001026,74.125.130.0-255,4320,55386,74,145859
756,0.001029,172.31.40.0-255,66,55452,74,145859
757,0.001039,172.31.40.0-255,66,55518,74,145859
758,0.001082,74.125.130.0-255,4255,59773,74,145859
759,0.001087,172.31.40.0-255,66,59839,74,145859
760,0.001347,74.125.130.0-255,1484,61323,74,145859
761,0.001364,74.125.130.0-255,2902,64225,74,145859
762,0.001368,172.31.40.0-255,66,64291,74,145859
763,0.001375,74.125.130.0-255,4320,68611,74,145859
764,0.001378,172.31.40.0-255,66,68677,74,145859
765,0.001397,74.125.130.0-255,1484,70161,74,145859
766,0.001405,74.125.130.0-255,2902,73063,74,145859
767,0.001408,172.31.40.0-255,66,73129,74,145859
768,0.001441,74.125.130.0-255,4320,77449,74,145859
769,0.001445,172.31.40.0-255,66,77515,74,145859
770,0.001472,74.125.130.0-255,5738,83253,74,145859
771,0.001476,172.31.40.0-255,66,83319,74,145859
772,0.001479,74.125.130.0-255,1484,84803,74,145859
773,0.00152,74.125.130.0-255,2902,87705,74,145859
774,0.001524,172.31.40.0-255,66,87771,74,145859
775,0.001531,74.125.130.0-255,5738,93509,74,145859
776,0.001535,74.125.130.0-255,766,94275,74,145859
777,0.002094,74.125.130.0-255,1484,95759,74,145859
778,0.002112,74.125.130.0-255,2902,98661,74,145859
779,0.002132,74.125.130.0-255,5738,104399,74,145859
780,0.002146,74.125.130.0-255,1484,105883,74,145859
781,0.002163,74.125.130.0-255,2902,108785,74,145859
782,0.002192,74.125.130.0-255,5738,114523,74,145859
783,0.002195,74.125.130.0-255,1484,116007,74,145859
784,0.002215,74.125.130.0-255,1484,117491,74,145859
785,0.002233,74.125.130.0-255,1484,118975,74,145859
786,0.002239,74.125.130.0-255,5738,124713,74,145859
787,0.002242,74.125.130.0-255,1484,126197,74,145859
788,0.002254,74.125.130.0-255,2184,128381,74,145859
789,0.002276,74.125.130.0-255,1484,129865,74,145859
790,0.002287,74.125.130.0-255,2902,132767,74,145859
791,0.002309,74.125.130.0-255,4320,137087,74,145859
792,0.002322,74.125.130.0-255,2902,139989,74,145859
793,0.005569,172.31.40.0-255,66,140055,74,145859
794,0.007887,74.125.130.0-255,5738,145793,74,145859
795,0.007894,172.31.40.0-255,66,145859,74,145859
796,0.0,74.125.68.0-255,153,153,74,221385
797,2.3e-05,172.31.40.0-255,66,219,74,221385
798,3e-05,74.125.68.0-255,1484,1703,74,221385
799,3.4e-05,172.31.40.0-255,66,1769,74,221385
800,3.7e-05,74.125.68.0-255,1484,3253,74,221385
801,4e-05,172.31.40.0-255,66,3319,74,221385
802,5.3e-05,74.125.68.0-255,2902,6221,74,221385
803,5.7e-05,172.31.40.0-255,66,6287,74,221385
804,6.4e-05,74.125.68.0-255,5738,12025,74,221385
805,6.8e-05,172.31.40.0-255,66,12091,74,221385
806,9.2e-05,74.125.68.0-255,1936,14027,74,221385
807,9.8e-05,172.31.40.0-255,66,14093,74,221385
808,0.000156,74.125.68.0-255,1484,15577,74,221385
809,0.00016,172.31.40.0-255,66,15643,74,221385
810,0.000189,74.125.68.0-255,1484,17127,74,221385
811,0.000191,172.31.40.0-255,66,17193,74,221385
812,0.000206,74.125.68.0-255,2902,20095,74,221385
813,0.000209,172.31.40.0-255,66,20161,74,221385
814,0.00024,74.125.68.0-255,4320,24481,74,221385
815,0.000243,172.31.40.0-255,66,24547,74,221385
816,0.000249,74.125.68.0-255,4320,28867,74,221385
817,0.000251,172.31.40.0-255,66,28933,74,221385
818,0.00027,74.125.68.0-255,1484,30417,74,221385
819,0.000273,172.31.40.0-255,66,30483,74,221385
820,0.000277,74.125.68.0-255,1125,31608,74,221385
821,0.000279,172.31.40.0-255,66,31674,74,221385
822,0.000302,74.125.68.0-255,1484,33158,74,221385
823,0.000304,172.31.40.0-255,66,33224,74,221385
824,0.00031,74.125.68.0-255,4320,37544,74,221385
825,0.000313,172.31.40.0-255,66,37610,74,221385
826,0.000362,172.31.40.0-255,66,37676,74,221385
827,0.000386,74.125.68.0-255,1125,38801,74,221385
828,0.000418,74.125.68.0-255,1484,40285,74,221385
829,0.000421,172.31.40.0-255,66,40351,74,221385
830,0.000425,74.125.68.0-255,1484,41835,74,221385
831,0.000451,74.125.68.0-255,1484,43319,74,221385
832,0.000453,172.31.40.0-255,66,43385,74,221385
833,0.00046,74.125.68.0-255,4320,47705,74,221385
834,0.000463,172.31.40.0-255,66,47771,74,221385
835,0.000502,172.31.40.0-255,66,47837,74,221385
836,0.000567,74.125.68.0-255,1484,49321,74,221385
837,0.000585,74.125.68.0-255,2902,52223,74,221385
838,0.000588,172.31.40.0-255,66,52289,74,221385
839,0.000591,74.125.68.0-255,1484,53773,74,221385
840,0.00061,74.125.68.0-255,4320,58093,74,221385
841,0.000613,172.31.40.0-255,66,58159,74,221385
842,0.000653,74.125.68.0-255,1484,59643,74,221385
843,0.000658,74.125.68.0-255,2902,62545,74,221385
844,0.000661,172.31.40.0-255,66,62611,74,221385
845,0.000689,74.125.68.0-255,1484,64095,74,221385
846,0.000693,74.125.68.0-255,1484,65579,74,221385
847,0.000695,172.31.40.0-255,66,65645,74,221385
848,0.000714,74.125.68.0-255,1439,67084,74,221385
849,0.000741,74.125.68.0-255,4320,71404,74,221385
850,0.000744,172.31.40.0-255,66,71470,74,221385
851,0.00075,74.125.68.0-255,4320,75790,74,221385
852,0.000753,172.31.40.0-255,66,75856,74,221385
853,0.000774,74.125.68.0-255,1484,77340,74,221385
854,0.000799,74.125.68.0-255,5633,82973,74,221385
855,0.000803,172.31.40.0-255,66,83039,74,221385
856,0.000965,74.125.68.0-255,1484,84523,74,221385
857,0.000985,74.125.68.0-255,2902,87425,74,221385
858,0.00099,172.31.40.0-255,66,87491,74,221385
859,0.000993,74.125.68.0-255,1484,88975,74,221385
860,0.000998,74.125.68.0-255,4320,93295,74,221385
861,0.001001,172.31.40.0-255,66,93361,74,221385
862,0.001018,74.125.68.0-255,1484,94845,74,221385
863,0.001085,172.31.40.0-255,66,94911,74,221385
864,0.001109,74.125.68.0-255,2902,97813,74,221385
865,0.001112,172.31.40.0-255,66,97879,74,221385
866,0.001117,74.125.68.0-255,2902,100781,74,221385
867,0.001119,172.31.40.0-255,66,100847,74,221385
868,0.001161,172.31.40.0-255,66,100913,74,221385
869,0.001225,74.125.68.0-255,1484,102397,74,221385
870,0.001246,74.125.68.0-255,2902,105299,74,221385
871,0.00125,172.31.40.0-255,66,105365,74,221385
872,0.001268,74.125.68.0-255,2902,108267,74,221385
873,0.001274,172.31.40.0-255,66,108333,74,221385
874,0.001285,74.125.68.0-255,1484,109817,74,221385
875,0.001324,172.31.40.0-255,66,109883,74,221385
876,0.00133,74.125.68.0-255,4320,114203,74,221385
877,0.001332,172.31.40.0-255,66,114269,74,221385
878,0.00138,172.31.40.0-255,66,114335,74,221385
879,0.001413,74.125.68.0-255,3602,117937,74,221385
880,0.001416,172.31.40.0-255,66,118003,74,221385
881,0.001451,74.125.68.0-255,2902,120905,74,221385
882,0.001455,172.31.40.0-255,66,120971,74,221385
883,0.001479,74.125.68.0-255,4320,125291,74,221385
884,0.001483,172.31.40.0-255,66,125357,74,221385
885,0.001508,74.125.68.0-255,1484,126841,74,221385
886,0.001536,172.31.40.0-255,66,126907,74,221385
887,0.001563,74.125.68.0-255,2902,129809,74,221385
888,0.001566,172.31.40.0-255,66,129875,74,221385
889,0.001579,74.125.68.0-255,4320,134195,74,221385
890,0.001582,172.31.40.0-255,66,134261,74,221385
891,0.001626,172.31.40.0-255,66,134327,74,221385
892,0.001693,74.125.68.0-255,1484,135811,74,221385
893,0.001712,74.125.68.0-255,2902,138713,74,221385
894,0.001717,172.31.40.0-255,66,138779,74,221385
895,0.00173,74.125.68.0-255,1484,140263,74,221385
896,0.001748,74.125.68.0-255,4320,144583,74,221385
897,0.001751,172.31.40.0-255,66,144649,74,221385
898,0.001769,74.125.68.0-255,2902,147551,74,221385
899,0.001773,172.31.40.0-255,66,147617,74,221385
900,0.001795,172.31.40.0-255,66,147683,74,221385
901,0.001823,74.125.68.0-255,1484,149167,74,221385
902,0.001857,74.125.68.0-255,2902,152069,74,221385
903,0.00186,172.31.40.0-255,66,152135,74,221385
904,0.001889,74.125.68.0-255,4320,156455,74,221385
905,0.001892,172.31.40.0-255,66,156521,74,221385
906,0.001907,74.125.68.0-255,3602,160123,74,221385
907,0.001914,172.31.40.0-255,66,160189,74,221385
908,0.001944,172.31.40.0-255,66,160255,74,221385
909,0.001987,74.125.68.0-255,2902,163157,74,221385
910,0.001991,172.31.40.0-255,66,163223,74,221385
911,0.002038,172.31.40.0-255,66,163289,74,221385
912,0.002077,74.125.68.0-255,4320,167609,74,221385
913,0.002081,172.31.40.0-255,66,167675,74,221385
914,0.002102,74.125.68.0-255,1484,169159,74,221385
915,0.002128,74.125.68.0-255,5738,174897,74,221385
916,0.002132,172.31.40.0-255,66,174963,74,221385
917,0.002159,74.125.68.0-255,2184,177147,74,221385
918,0.002162,172.31.40.0-255,66,177213,74,221385
919,0.002167,74.125.68.0-255,2902,180115,74,221385
920,0.00217,172.31.40.0-255,66,180181,74,221385
921,0.002211,172.31.40.0-255,66,180247,74,221385
922,0.002292,74.125.68.0-255,1484,181731,74,221385
923,0.002328,172.31.40.0-255,66,181797,74,221385
924,0.002355,74.125.68.0-255,766,182563,74,221385
925,0.002414,74.125.68.0-255,4320,186883,74,221385
926,0.002417,172.31.40.0-255,66,186949,74,221385
927,0.002452,172.31.40.0-255,66,187015,74,221385
928,0.002486,74.125.68.0-255,2902,189917,74,221385
929,0.00249,172.31.40.0-255,66,189983,74,221385
930,0.002528,74.125.68.0-255,2902,192885,74,221385
931,0.002532,172.31.40.0-255,66,192951,74,221385
932,0.002569,172.31.40.0-255,66,193017,74,221385
933,0.002657,74.125.68.0-255,5738,198755,74,221385
934,0.002661,172.31.40.0-255,66,198821,74,221385
935,0.002711,172.31.40.0-255,66,198887,74,221385
936,0.002736,74.125.68.0-255,5020,203907,74,221385
937,0.002739,172.31.40.0-255,66,203973,74,221385
938,0.005028,74.125.68.0-255,5738,209711,74,221385
939,0.005034,172.31.40.0-255,66,209777,74,221385
940,0.007347,74.125.68.0-255,5738,215515,74,221385
941,0.007365,172.31.40.0-255,66,215581,74,221385
942,0.009706,74.125.68.0-255,5738,221319,74,221385
943,0.00972,172.31.40.0-255,66,221385,74,221385
944,0.0,74.125.24.0-255,143,143,74,54984
945,2.4e-05,172.31.40.0-255,66,209,74,54984
946,3.1e-05,74.125.24.0-255,1484,1693,74,54984
947,3.7e-05,172.31.40.0-255,66,1759,74,54984
948,4.2e-05,74.125.24.0-255,2902,4661,74,54984
949,4.5e-05,172.31.40.0-255,66,4727,74,54984
950,5.6e-05,172.31.40.0-255,66,4793,74,54984
951,6e-05,74.125.24.0-255,2003,6796,74,54984
952,6.3e-05,172.31.40.0-255,66,6862,74,54984
953,0.000321,74.125.24.0-255,1484,8346,74,54984
954,0.000326,172.31.40.0-255,66,8412,74,54984
955,0.000333,74.125.24.0-255,2902,11314,74,54984
956,0.000336,172.31.40.0-255,66,11380,74,54984
957,0.000341,74.125.24.0-255,5738,17118,74,54984
958,0.000344,172.31.40.0-255,66,17184,74,54984
959,0.000361,74.125.24.0-255,1484,18668,74,54984
960,0.000363,172.31.40.0-255,66,18734,74,54984
961,0.00038,74.125.24.0-255,5379,24113,74,54984
962,0.000383,172.31.40.0-255,66,24179,74,54984
963,0.0004,74.125.24.0-255,2902,27081,74,54984
964,0.000403,172.31.40.0-255,66,27147,74,54984
965,0.000423,74.125.24.0-255,4320,31467,74,54984
966,0.000426,172.31.40.0-255,66,31533,74,54984
967,0.000436,172.31.40.0-255,66,31599,74,54984
968,0.000476,74.125.24.0-255,2543,34142,74,54984
969,0.000479,172.31.40.0-255,66,34208,74,54984
970,0.002909,74.125.24.0-255,1484,35692,74,54984
971,0.002918,172.31.40.0-255,66,35758,74,54984
972,0.00293,74.125.24.0-255,2902,38660,74,54984
973,0.002933,172.31.40.0-255,66,38726,74,54984
974,0.002937,74.125.24.0-255,1484,40210,74,54984
975,0.004964,74.125.24.0-255,1484,41694,74,54984
976,0.004968,172.31.40.0-255,66,41760,74,54984
977,0.004989,74.125.24.0-255,2902,44662,74,54984
978,0.004991,172.31.40.0-255,66,44728,74,54984
979,0.007069,74.125.24.0-255,4320,49048,74,54984
980,0.007076,172.31.40.0-255,66,49114,74,54984
981,0.007095,74.125.24.0-255,1484,50598,74,54984
982,0.009161,74.125.24.0-255,4320,54918,74,54984
983,0.009171,172.31.40.0-255,66,54984,74,54984
984,0.0,74.125.200.0-255,219,219,74,209755
985,2.2e-05,172.31.40.0-255,66,285,74,209755
986,3e-05,74.125.200.0-255,1484,1769,74,209755
987,3.4e-05,172.31.40.0-255,66,1835,74,209755
988,4.1e-05,74.125.200.0-255,2902,4737,74,209755
989,4.5e-05,172.31.40.0-255,66,4803,74,209755
990,5.2e-05,74.125.200.0-255,5738,10541,74,209755
991,5.5e-05,172.31.40.0-255,66,10607,74,209755
992,5.9e-05,74.125.200.0-255,2902,13509,74,209755
993,6.2e-05,172.31.40.0-255,66,13575,74,209755
994,9e-05,74.125.200.0-255,3248,16823,74,209755
995,9.4e-05,172.31.40.0-255,66,16889,74,209755
996,0.00012,74.125.200.0-255,1484,18373,74,209755
997,0.000122,172.31.40.0-255,66,18439,74,209755
998,0.000134,74.125.200.0-255,2902,21341,74,209755
999,0.000136,172.31.40.0-255,66,21407,74,209755
1000,0.000154,74.125.200.0-255,1484,22891,74,209755
1001,0.000156,172.31.40.0-255,66,22957,74,209755
1002,0.000185,74.125.200.0-255,2902,25859,74,209755
1003,0.000188,172.31.40.0-255,66,25925,74,209755
1004,0.000214,74.125.200.0-255,2902,28827,74,209755
1005,0.000219,172.31.40.0-255,66,28893,74,209755
1006,0.000231,74.125.200.0-255,2543,31436,74,209755
1007,0.000233,172.31.40.0-255,66,31502,74,209755
1008,0.000299,74.125.200.0-255,1484,32986,74,209755
1009,0.000303,172.31.40.0-255,66,33052,74,209755
1010,0.000323,74.125.200.0-255,2902,35954,74,209755
1011,0.000326,172.31.40.0-255,66,36020,74,209755
1012,0.000331,74.125.200.0-255,2902,38922,74,209755
1013,0.000333,172.31.40.0-255,66,38988,74,209755
1014,0.000358,74.125.200.0-255,2902,41890,74,209755
1015,0.00036,172.31.40.0-255,66,41956,74,209755
1016,0.000367,74.125.200.0-255,5738,47694,74,209755
1017,0.000369,172.31.40.0-255,66,47760,74,209755
1018,0.000378,172.31.40.0-255,66,47826,74,209755
1019,0.000414,74.125.200.0-255,1484,49310,74,209755
1020,0.00044,172.31.40.0-255,66,49376,74,209755
1021,0.000459,74.125.200.0-255,398,49774,74,209755
1022,0.000489,74.125.200.0-255,347,50121,74,209755
1023,0.000656,74.125.200.0-255,1484,51605,74,209755
1024,0.000661,172.31.40.0-255,66,51671,74,209755
1025,0.000666,74.125.200.0-255,2902,54573,74,209755
1026,0.000669,172.31.40.0-255,66,54639,74,209755
1027,0.000672,74.125.200.0-255,1484,56123,74,209755
1028,0.000691,74.125.200.0-255,4320,60443,74,209755
1029,0.000694,172.31.40.0-255,66,60509,74,209755
1030,0.000714,74.125.200.0-255,5738,66247,74,209755
1031,0.000718,172.31.40.0-255,66,66313,74,209755
1032,0.000752,74.125.200.0-255,5738,72051,74,209755
1033,0.000756,172.31.40.0-255,66,72117,74,209755
1034,0.000769,172.31.40.0-255,66,72183,74,209755
1035,0.000983,74.125.200.0-255,1484,73667,74,209755
1036,0.00099,74.125.200.0-255,2902,76569,74,209755
1037,0.000994,172.31.40.0-255,66,76635,74,209755
1038,0.001015,74.125.200.0-255,5738,82373,74,209755
1039,0.001018,172.31.40.0-255,66,82439,74,209755
1040,0.001021,74.125.200.0-255,1484,83923,74,209755
1041,0.001041,74.125.200.0-255,5738,89661,74,209755
1042,0.001044,172.31.40.0-255,66,89727,74,209755
1043,0.001075,74.125.200.0-255,4320,94047,74,209755
1044,0.001078,172.31.40.0-255,66,94113,74,209755
1045,0.001097,74.125.200.0-255,2902,97015,74,209755
1046,0.0011,172.31.40.0-255,66,97081,74,209755
1047,0.00111,172.31.40.0-255,66,97147,74,209755
1048,0.00112,74.125.200.0-255,1484,98631,74,209755
1049,0.001123,74.125.200.0-255,766,99397,74,209755
1050,0.001125,172.31.40.0-255,66,99463,74,209755
1051,0.001128,74.125.200.0-255,1484,100947,74,209755
1052,0.001152,74.125.200.0-255,4320,105267,74,209755
1053,0.001155,172.31.40.0-255,66,105333,74,209755
1054,0.001158,74.125.200.0-255,1484,106817,74,209755
1055,0.001175,74.125.200.0-255,2902,109719,74,209755
1056,0.001177,172.31.40.0-255,66,109785,74,209755
1057,0.001184,74.125.200.0-255,5738,115523,74,209755
1058,0.001186,172.31.40.0-255,66,115589,74,209755
1059,0.001209,74.125.200.0-255,2902,118491,74,209755
1060,0.001211,172.31.40.0-255,66,118557,74,209755
1061,0.001229,172.31.40.0-255,66,118623,74,209755
1062,0.00128,172.31.40.0-255,66,118689,74,209755
1063,0.001318,74.125.200.0-255,2902,121591,74,209755
1064,0.001322,172.31.40.0-255,66,121657,74,209755
1065,0.001342,74.125.200.0-255,4320,125977,74,209755
1066,0.001346,172.31.40.0-255,66,126043,74,209755
1067,0.001379,74.125.200.0-255,1484,127527,74,209755
1068,0.001382,74.125.200.0-255,1484,129011,74,209755
1069,0.001385,172.31.40.0-255,66,129077,74,209755
1070,0.001404,74.125.200.0-255,1484,130561,74,209755
1071,0.001412,74.125.200.0-255,5738,136299,74,209755
1072,0.001414,172.31.40.0-255,66,136365,74,209755
1073,0.001425,74.125.200.0-255,1484,137849,74,209755
1074,0.001441,74.125.200.0-255,2902,140751,74,209755
1075,0.001443,172.31.40.0-255,66,140817,74,209755
1076,0.00145,74.125.200.0-255,5738,146555,74,209755
1077,0.001453,172.31.40.0-255,66,146621,74,209755
1078,0.001482,74.125.200.0-255,4320,150941,74,209755
1079,0.001485,172.31.40.0-255,66,151007,74,209755
1080,0.001524,74.125.200.0-255,2184,153191,74,209755
1081,0.001527,172.31.40.0-255,66,153257,74,209755
1082,0.001729,74.125.200.0-255,1484,154741,74,209755
1083,0.001747,74.125.200.0-255,2902,157643,74,209755
1084,0.00175,172.31.40.0-255,66,157709,74,209755
1085,0.001773,74.125.200.0-255,5738,163447,74,209755
1086,0.001775,172.31.40.0-255,66,163513,74,209755
1087,0.001817,172.31.40.0-255,66,163579,74,209755
1088,0.001821,74.125.200.0-255,1484,165063,74,209755
1089,0.001842,74.125.200.0-255,4320,169383,74,209755
1090,0.001844,172.31.40.0-255,66,169449,74,209755
1091,0.001861,74.125.200.0-255,2902,172351,74,209755
1092,0.001863,172.31.40.0-255,66,172417,74,209755
1093,0.001877,74.125.200.0-255,4320,176737,74,209755
1094,0.001879,172.31.40.0-255,66,176803,74,209755
1095,0.001884,74.125.200.0-255,3602,180405,74,209755
1096,0.001886,172.31.40.0-255,66,180471,74,209755
1097,0.001918,74.125.200.0-255,4320,184791,74,209755
1098,0.001921,172.31.40.0-255,66,184857,74,209755
1099,0.001938,172.31.40.0-255,66,184923,74,209755
1100,0.001974,172.31.40.0-255,66,184989,74,209755
1101,0.001977,74.125.200.0-255,1484,186473,74,209755
1102,0.001998,172.31.40.0-255,66,186539,74,209755
1103,0.003961,74.125.200.0-255,5738,192277,74,209755
1104,0.003966,172.31.40.0-255,66,192343,74,209755
1105,0.00594,74.125.200.0-255,5738,198081,74,209755
1106,0.005954,172.31.40.0-255,66,198147,74,209755
1107,0.007981,74.125.200.0-255,5738,203885,74,209755
1108,0.007993,172.31.40.0-255,66,203951,74,209755
1109,0.009971,74.125.200.0-255,5738,209689,74,209755
1110,0.009981,172.31.40.0-255,66,209755,74,209755
1111,0.0,74.125.24.0-255,152,152,74,255596
1112,2.5e-05,172.31.40.0-255,66,218,74,255596
1113,3.3e-05,74.125.24.0-255,1484,1702,74,255596
1114,3.9e-05,172.31.40.0-255,66,1768,74,255596
1115,4.5e-05,74.125.24.0-255,2902,4670,74,255596
1116,4.9e-05,172.31.40.0-255,66,4736,74,255596
1117,6.1e-05,172.31.40.0-255,66,4802,74,255596
1118,6.5e-05,74.125.24.0-255,2100,6902,74,255596
1119,6.8e-05,172.31.40.0-255,66,6968,74,255596
1120,0.000108,74.125.24.0-255,5738,12706,74,255596
1121,0.000111,172.31.40.0-255,66,12772,74,255596
1122,0.000131,74.125.24.0-255,2902,15674,74,255596
1123,0.000133,172.31.40.0-255,66,15740,74,255596
1124,0.000151,74.125.24.0-255,4320,20060,74,255596
1125,0.000154,172.31.40.0-255,66,20126,74,255596
1126,0.000179,74.125.24.0-255,3961,24087,74,255596
1127,0.000181,172.31.40.0-255,66,24153,74,255596
1128,0.000207,74.125.24.0-255,1484,25637,74,255596
1129,0.000209,172.31.40.0-255,66,25703,74,255596
1130,0.000214,74.125.24.0-255,2902,28605,74,255596
1131,0.000216,172.31.40.0-255,66,28671,74,255596
1132,0.000238,74.125.24.0-255,5738,34409,74,255596
1133,0.000241,172.31.40.0-255,66,34475,74,255596
1134,0.00025,74.125.24.0-255,5738,40213,74,255596
1135,0.000252,172.31.40.0-255,66,40279,74,255596
1136,0.000275,74.125.24.0-255,2543,42822,74,255596
1137,0.000277,172.31.40.0-255,66,42888,74,255596
1138,0.000289,172.31.40.0-255,66,42954,74,255596
1139,0.000292,74.125.24.0-255,1484,44438,74,255596
1140,0.000294,172.31.40.0-255,66,44504,74,255596
1141,0.000319,74.125.24.0-255,5379,49883,74,255596
1142,0.000346,74.125.24.0-255,400,50283,74,255596
1143,0.000548,172.31.40.0-255,66,50349,74,255596
1144,0.000813,74.125.24.0-255,110,50459,74,255596
1145,0.000857,74.125.24.0-255,1484,51943,74,255596
1146,0.000861,74.125.24.0-255,1484,53427,74,255596
1147,0.000873,74.125.24.0-255,1484,54911,74,255596
1148,0.000879,74.125.24.0-255,4320,59231,74,255596
1149,0.000884,172.31.40.0-255,66,59297,74,255596
1150,0.00089,172.31.40.0-255,66,59363,74,255596
1151,0.000907,74.125.24.0-255,2902,62265,74,255596
1152,0.000914,74.125.24.0-255,5738,68003,74,255596
1153,0.000924,172.31.40.0-255,66,68069,74,255596
1154,0.000964,74.125.24.0-255,5738,73807,74,255596
1155,0.000978,74.125.24.0-255,2184,75991,74,255596
1156,0.000987,172.31.40.0-255,66,76057,74,255596
1157,0.000995,74.125.24.0-255,329,76386,74,255596
1158,0.001358,74.125.24.0-255,1484,77870,74,255596
1159,0.001364,172.31.40.0-255,66,77936,74,255596
1160,0.00137,74.125.24.0-255,2902,80838,74,255596
1161,0.001374,74.125.24.0-255,2902,83740,74,255596
1162,0.001381,172.31.40.0-255,66,83806,74,255596
1163,0.001391,74.125.24.0-255,2902,86708,74,255596
1164,0.001396,172.31.40.0-255,66,86774,74,255596
1165,0.001416,74.125.24.0-255,4320,91094,74,255596
1166,0.001431,172.31.40.0-255,66,91160,74,255596
1167,0.001475,74.125.24.0-255,3602,94762,74,255596
1168,0.001509,172.31.40.0-255,66,94828,74,255596
1169,0.00177,74.125.24.0-255,1484,96312,74,255596
1170,0.001777,74.125.24.0-255,2902,99214,74,255596
1171,0.00178,172.31.40.0-255,66,99280,74,255596
1172,0.001787,74.125.24.0-255,5738,105018,74,255596
1173,0.001809,172.31.40.0-255,66,105084,74,255596
1174,0.001831,74.125.24.0-255,4320,109404,74,255596
1175,0.001837,172.31.40.0-255,66,109470,74,255596
1176,0.001865,74.125.24.0-255,2902,112372,74,255596
1177,0.001873,172.31.40.0-255,66,112438,74,255596
1178,0.001878,74.125.24.0-255,4320,116758,74,255596
1179,0.001883,172.31.40.0-255,66,116824,74,255596
1180,0.001896,74.125.24.0-255,3602,120426,74,255596
1181,0.001921,172.31.40.0-255,66,120492,74,255596
1182,0.001963,74.125.24.0-255,1484,121976,74,255596
1183,0.001968,74.125.24.0-255,1484,123460,74,255596
1184,0.001982,74.125.24.0-255,1484,124944,74,255596
1185,0.001994,172.31.40.0-255,66,125010,74,255596
1186,0.002001,74.125.24.0-255,5738,130748,74,255596
1187,0.002003,74.125.24.0-255,1484,132232,74,255596
1188,0.002012,172.31.40.0-255,66,132298,74,255596
1189,0.002063,74.125.24.0-255,1484,133782,74,255596
1190,0.00207,172.31.40.0-255,66,133848,74,255596
1191,0.002095,74.125.24.0-255,4320,138168,74,255596
1192,0.002114,172.31.40.0-255,66,138234,74,255596
1193,0.002129,74.125.24.0-255,4320,142554,74,255596
1194,0.002143,172.31.40.0-255,66,142620,74,255596
1195,0.002154,74.125.24.0-255,5020,147640,74,255596
1196,0.00218,172.31.40.0-255,66,147706,74,255596
1197,0.002244,74.125.24.0-255,1484,149190,74,255596
1198,0.002248,74.125.24.0-255,1484,150674,74,255596
1199,0.002262,172.31.40.0-255,66,150740,74,255596
1200,0.002266,74.125.24.0-255,1484,152224,74,255596
1201,0.002283,74.125.24.0-255,2902,155126,74,255596
1202,0.002295,74.125.24.0-255,1484,156610,74,255596
1203,0.002297,74.125.24.0-255,1484,158094,74,255596
1204,0.002312,172.31.40.0-255,66,158160,74,255596
1205,0.002322,74.125.24.0-255,4320,162480,74,255596
1206,0.002326,172.31.40.0-255,66,162546,74,255596
1207,0.002359,74.125.24.0-255,1484,164030,74,255596
1208,0.002364,74.125.24.0-255,1484,165514,74,255596
1209,0.002395,74.125.24.0-255,2902,168416,74,255596
1210,0.002398,74.125.24.0-255,1484,169900,74,255596
1211,0.002403,74.125.24.0-255,2902,172802,74,255596
1212,0.00242,74.125.24.0-255,766,173568,74,255596
1213,0.002621,74.125.24.0-255,1484,175052,74,255596
1214,0.002627,74.125.24.0-255,2902,177954,74,255596
1215,0.00266,74.125.24.0-255,2902,180856,74,255596
1216,0.002674,74.125.24.0-255,2902,183758,74,255596
1217,0.002708,74.125.24.0-255,2902,186660,74,255596
1218,0.00274,74.125.24.0-255,2184,188844,74,255596
1219,0.002786,74.125.24.0-255,4320,193164,74,255596
1220,0.002812,74.125.24.0-255,4320,197484,74,255596
1221,0.003125,74.125.24.0-255,1484,198968,74,255596
1222,0.003133,74.125.24.0-255,2902,201870,74,255596
1223,0.003149,74.125.24.0-255,2902,204772,74,255596
1224,0.003163,74.125.24.0-255,1484,206256,74,255596
1225,0.003187,74.125.24.0-255,5738,211994,74,255596
1226,0.003201,74.125.24.0-255,1484,213478,74,255596
1227,0.003227,74.125.24.0-255,1484,214962,74,255596
1228,0.003252,74.125.24.0-255,5020,219982,74,255596
1229,0.003408,74.125.24.0-255,1484,221466,74,255596
1230,0.003415,74.125.24.0-255,2902,224368,74,255596
1231,0.003421,74.125.24.0-255,4320,228688,74,255596
1232,0.003433,74.125.24.0-255,1484,230172,74,255596
1233,0.003446,74.125.24.0-255,2902,233074,74,255596
1234,0.003461,74.125.24.0-255,4320,237394,74,255596
1235,0.00348,74.125.24.0-255,5738,243132,74,255596
1236,0.003486,74.125.24.0-255,4320,247452,74,255596
1237,0.003533,74.125.24.0-255,5738,253190,74,255596
1238,0.003546,74.125.24.0-255,2301,255491,74,255596
1239,0.003606,74.125.24.0-255,105,255596,74,255596
1240,0.0,172.31.40.0-255,105,105,74,276
1241,0.001796,157.240.24.0-255,105,210,74,276
1242,0.001808,172.31.40.0-255,66,276,74,276
1243,0.0,172.31.40.0-255,105,105,74,276
1244,0.001791,157.240.24.0-255,105,210,74,276
1245,0.001805,172.31.40.0-255,66,276,74,276
1246,0.0,74.125.68.0-255,153,153,74,253690
1247,1.9e-05,172.31.40.0-255,66,219,74,253690
1248,3.8e-05,74.125.68.0-255,1484,1703,74,253690
1249,4.2e-05,172.31.40.0-255,66,1769,74,253690
1250,4.8e-05,74.125.68.0-255,2902,4671,74,253690
1251,5e-05,172.31.40.0-255,66,4737,74,253690
1252,7e-05,74.125.68.0-255,1484,6221,74,253690
1253,7.2e-05,172.31.40.0-255,66,6287,74,253690
1254,8.7e-05,74.125.68.0-255,4320,10607,74,253690
1255,8.9e-05,172.31.40.0-255,66,10673,74,253690
1256,9.2e-05,74.125.68.0-255,1484,12157,74,253690
1257,9.4e-05,172.31.40.0-255,66,12223,74,253690
1258,0.000116,74.125.68.0-255,4854,17077,74,253690
1259,0.000118,172.31.40.0-255,66,17143,74,253690
1260,0.000145,172.31.40.0-255,66,17209,74,253690
1261,0.000177,74.125.68.0-255,2902,20111,74,253690
1262,0.000179,172.31.40.0-255,66,20177,74,253690
1263,0.000195,74.125.68.0-255,2543,22720,74,253690
1264,0.000197,172.31.40.0-255,66,22786,74,253690
1265,0.000239,74.125.68.0-255,1484,24270,74,253690
1266,0.000241,172.31.40.0-255,66,24336,74,253690
1267,0.000246,74.125.68.0-255,2902,27238,74,253690
1268,0.000248,172.31.40.0-255,66,27304,74,253690
1269,0.000259,74.125.68.0-255,2902,30206,74,253690
1270,0.000261,172.31.40.0-255,66,30272,74,253690
1271,0.000282,74.125.68.0-255,2902,33174,74,253690
1272,0.000285,172.31.40.0-255,66,33240,74,253690
1273,0.000289,74.125.68.0-255,2902,36142,74,253690
1274,0.000291,172.31.40.0-255,66,36208,74,253690
1275,0.000313,74.125.68.0-255,4320,40528,74,253690
1276,0.000315,172.31.40.0-255,66,40594,74,253690
1277,0.000325,172.31.40.0-255,66,40660,74,253690
1278,0.000327,74.125.68.0-255,1484,42144,74,253690
1279,0.000364,74.125.68.0-255,1484,43628,74,253690
1280,0.000366,172.31.40.0-255,66,43694,74,253690
1281,0.000385,74.125.68.0-255,1484,45178,74,253690
1282,0.00039,74.125.68.0-255,2902,48080,74,253690
1283,0.000392,172.31.40.0-255,66,48146,74,253690
1284,0.000418,74.125.68.0-255,1062,49208,74,253690
1285,0.000446,74.125.68.0-255,129,49337,74,253690
1286,0.00056,74.125.68.0-255,1484,50821,74,253690
1287,0.000564,172.31.40.0-255,66,50887,74,253690
1288,0.000568,74.125.68.0-255,1484,52371,74,253690
1289,0.00058,74.125.68.0-255,1484,53855,74,253690
1290,0.000582,172.31.40.0-255,66,53921,74,253690
1291,0.000585,74.125.68.0-255,1484,55405,74,253690
1292,0.000605,74.125.68.0-255,2902,58307,74,253690
1293,0.000608,172.31.40.0-255,66,58373,74,253690
1294,0.000614,74.125.68.0-255,5738,64111,74,253690
1295,0.000616,172.31.40.0-255,66,64177,74,253690
1296,0.000642,172.31.40.0-255,66,64243,74,253690
1297,0.000658,74.125.68.0-255,1484,65727,74,253690
1298,0.000689,74.125.68.0-255,5738,71465,74,253690
1299,0.000692,172.31.40.0-255,66,71531,74,253690
1300,0.000707,74.125.68.0-255,3602,75133,74,253690
1301,0.000709,172.31.40.0-255,66,75199,74,253690
1302,0.000735,74.125.68.0-255,1484,76683,74,253690
1303,0.000758,74.125.68.0-255,2902,79585,74,253690
1304,0.00076,172.31.40.0-255,66,79651,74,253690
1305,0.000785,74.125.68.0-255,5738,85389,74,253690
1306,0.000787,172.31.40.0-255,66,85455,74,253690
1307,0.000791,74.125.68.0-255,2902,88357,74,253690
1308,0.000793,172.31.40.0-255,66,88423,74,253690
1309,0.000827,74.125.68.0-255,5738,94161,74,253690
1310,0.00083,172.31.40.0-255,66,94227,74,253690
1311,0.000851,74.125.68.0-255,4320,98547,74,253690
1312,0.000854,172.31.40.0-255,66,98613,74,253690
1313,0.000859,74.125.68.0-255,4320,102933,74,253690
1314,0.00086,172.31.40.0-255,66,102999,74,253690
1315,0.000917,74.125.68.0-255,2902,105901,74,253690
1316,0.000919,172.31.40.0-255,66,105967,74,253690
1317,0.000933,74.125.68.0-255,3885,109852,74,253690
1318,0.000935,172.31.40.0-255,66,109918,74,253690
1319,0.00102,74.125.68.0-255,1484,111402,74,253690
1320,0.001034,74.125.68.0-255,2902,114304,74,253690
1321,0.001037,172.31.40.0-255,66,114370,74,253690
1322,0.001064,74.125.68.0-255,4320,118690,74,253690
1323,0.001067,172.31.40.0-255,66,118756,74,253690
1324,0.00108,74.125.68.0-255,4320,123076,74,253690
1325,0.001082,172.31.40.0-255,66,123142,74,253690
1326,0.001104,74.125.68.0-255,4320,127462,74,253690
1327,0.001106,172.31.40.0-255,66,127528,74,253690
1328,0.001109,74.125.68.0-255,1484,129012,74,253690
1329,0.001139,74.125.68.0-255,1484,130496,74,253690
1330,0.001141,172.31.40.0-255,66,130562,74,253690
1331,0.001192,74.125.68.0-255,1484,132046,74,253690
1332,0.001256,74.125.68.0-255,1484,133530,74,253690
1333,0.001259,172.31.40.0-255,66,133596,74,253690
1334,0.001306,74.125.68.0-255,1484,135080,74,253690
1335,0.001318,74.125.68.0-255,2902,137982,74,253690
1336,0.00132,172.31.40.0-255,66,138048,74,253690
1337,0.001339,74.125.68.0-255,2902,140950,74,253690
1338,0.001341,172.31.40.0-255,66,141016,74,253690
1339,0.001355,74.125.68.0-255,2902,143918,74,253690
1340,0.001357,172.31.40.0-255,66,143984,74,253690
1341,0.001373,74.125.68.0-255,766,144750,74,253690
1342,0.001521,74.125.68.0-255,1484,146234,74,253690
1343,0.001524,172.31.40.0-255,66,146300,74,253690
1344,0.001537,74.125.68.0-255,1484,147784,74,253690
1345,0.001547,74.125.68.0-255,1484,149268,74,253690
1346,0.001549,172.31.40.0-255,66,149334,74,253690
1347,0.001552,74.125.68.0-255,1484,150818,74,253690
1348,0.001556,74.125.68.0-255,2902,153720,74,253690
1349,0.001557,172.31.40.0-255,66,153786,74,253690
1350,0.001578,74.125.68.0-255,5738,159524,74,253690
1351,0.00158,172.31.40.0-255,66,159590,74,253690
1352,0.001597,74.125.68.0-255,2902,162492,74,253690
1353,0.0016,172.31.40.0-255,66,162558,74,253690
1354,0.001618,172.31.40.0-255,66,162624,74,253690
1355,0.001656,74.125.68.0-255,2902,165526,74,253690
1356,0.00166,172.31.40.0-255,66,165592,74,253690
1357,0.001672,172.31.40.0-255,66,165658,74,253690
1358,0.001822,74.125.68.0-255,1484,167142,74,253690
1359,0.001842,74.125.68.0-255,2902,170044,74,253690
1360,0.001845,172.31.40.0-255,66,170110,74,253690
1361,0.00185,74.125.68.0-255,2902,173012,74,253690
1362,0.001852,172.31.40.0-255,66,173078,74,253690
1363,0.001867,74.125.68.0-255,4320,177398,74,253690
1364,0.00187,172.31.40.0-255,66,177464,74,253690
1365,0.001909,172.31.40.0-255,66,177530,74,253690
1366,0.001915,74.125.68.0-255,4320,181850,74,253690
1367,0.001917,172.31.40.0-255,66,181916,74,253690
1368,0.001924,74.125.68.0-255,5738,187654,74,253690
1369,0.001926,172.31.40.0-255,66,187720,74,253690
1370,0.001951,74.125.68.0-255,3602,191322,74,253690
1371,0.001953,172.31.40.0-255,66,191388,74,253690
1372,0.002026,74.125.68.0-255,1484,192872,74,253690
1373,0.002041,74.125.68.0-255,2902,195774,74,253690
1374,0.002045,172.31.40.0-255,66,195840,74,253690
1375,0.002048,74.125.68.0-255,1484,197324,74,253690
1376,0.002069,74.125.68.0-255,2902,200226,74,253690
1377,0.002071,172.31.40.0-255,66,200292,74,253690
1378,0.002101,74.125.68.0-255,5738,206030,74,253690
1379,0.002105,172.31.40.0-255,66,206096,74,253690
1380,0.002111,74.125.68.0-255,5738,211834,74,253690
1381,0.002113,172.31.40.0-255,66,211900,74,253690
1382,0.00212,74.125.68.0-255,5738,217638,74,253690
1383,0.002122,172.31.40.0-255,66,217704,74,253690
1384,0.002144,74.125.68.0-255,1484,219188,74,253690
1385,0.002148,74.125.68.0-255,1484,220672,74,253690
1386,0.00215,172.31.40.0-255,66,220738,74,253690
1387,0.002171,74.125.68.0-255,5020,225758,74,253690
1388,0.002173,172.31.40.0-255,66,225824,74,253690
1389,0.002178,74.125.68.0-255,4320,230144,74,253690
1390,0.002181,172.31.40.0-255,66,230210,74,253690
1391,0.002195,74.125.68.0-255,2902,233112,74,253690
1392,0.002197,172.31.40.0-255,66,233178,74,253690
1393,0.002232,172.31.40.0-255,66,233244,74,253690
1394,0.002236,74.125.68.0-255,2902,236146,74,253690
1395,0.002238,172.31.40.0-255,66,236212,74,253690
1396,0.002262,172.31.40.0-255,66,236278,74,253690
1397,0.004484,74.125.68.0-255,5738,242016,74,253690
1398,0.004493,172.31.40.0-255,66,242082,74,253690
1399,0.0067,74.125.68.0-255,5738,247820,74,253690
1400,0.006705,172.31.40.0-255,66,247886,74,253690
1401,0.008935,74.125.68.0-255,5738,253624,74,253690
1402,0.008941,172.31.40.0-255,66,253690,74,253690
1403,0.0,74.125.200.0-255,150,150,74,37613
1404,2.3e-05,172.31.40.0-255,66,216,74,37613
1405,3e-05,74.125.200.0-255,1484,1700,74,37613
1406,3.5e-05,172.31.40.0-255,66,1766,74,37613
1407,4.1e-05,74.125.200.0-255,2902,4668,74,37613
1408,4.4e-05,172.31.40.0-255,66,4734,74,37613
1409,7.2e-05,74.125.200.0-255,5738,10472,74,37613
1410,7.6e-05,172.31.40.0-255,66,10538,74,37613
1411,0.000143,172.31.40.0-255,66,10604,74,37613
1412,0.000245,74.125.200.0-255,5738,16342,74,37613
1413,0.000249,172.31.40.0-255,66,16408,74,37613
1414,0.000268,74.125.200.0-255,2902,19310,74,37613
1415,0.000271,172.31.40.0-255,66,19376,74,37613
1416,0.000352,74.125.200.0-255,5379,24755,74,37613
1417,0.000356,172.31.40.0-255,66,24821,74,37613
1418,0.000437,74.125.200.0-255,5738,30559,74,37613
1419,0.000442,172.31.40.0-255,66,30625,74,37613
1420,0.000472,172.31.40.0-255,66,30691,74,37613
1421,0.000673,172.31.40.0-255,66,30757,74,37613
1422,0.000703,172.31.40.0-255,66,30823,74,37613
1423,0.000905,74.125.200.0-255,419,31242,74,37613
1424,0.000909,172.31.40.0-255,66,31308,74,37613
1425,0.000952,172.31.40.0-255,66,31374,74,37613
1426,0.001236,172.31.40.0-255,66,31440,74,37613
1427,0.00142,172.31.40.0-255,66,31506,74,37613
1428,0.001486,172.31.40.0-255,66,31572,74,37613
1429,0.001926,172.31.40.0-255,66,31638,74,37613
1430,0.004574,74.125.200.0-255,1484,33122,74,37613
1431,0.004596,74.125.200.0-255,4320,37442,74,37613
1432,0.007399,172.31.40.0-255,66,37508,74,37613
1433,0.009526,172.31.40.0-255,105,37613,74,37613
1434,0.0,74.125.68.0-255,152,152,74,319712
1435,2.1e-05,172.31.40.0-255,66,218,74,319712
1436,2.8e-05,74.125.68.0-255,1484,1702,74,319712
1437,3.3e-05,172.31.40.0-255,66,1768,74,319712
1438,3.8e-05,74.125.68.0-255,2902,4670,74,319712
1439,4.1e-05,172.31.40.0-255,66,4736,74,319712
1440,7.5e-05,172.31.40.0-255,66,4802,74,319712
1441,7.9e-05,74.125.68.0-255,2100,6902,74,319712
1442,8.1e-05,172.31.40.0-255,66,6968,74,319712
1443,0.000244,74.125.68.0-255,1484,8452,74,319712
1444,0.000249,172.31.40.0-255,66,8518,74,319712
1445,0.000254,74.125.68.0-255,2902,11420,74,319712
1446,0.000257,172.31.40.0-255,66,11486,74,319712
1447,0.000261,74.125.68.0-255,2902,14388,74,319712
1448,0.000263,172.31.40.0-255,66,14454,74,319712
1449,0.000285,74.125.68.0-255,4320,18774,74,319712
1450,0.000288,172.31.40.0-255,66,18840,74,319712
1451,0.000313,74.125.68.0-255,2902,21742,74,319712
1452,0.000315,172.31.40.0-255,66,21808,74,319712
1453,0.000326,74.125.68.0-255,2543,24351,74,319712
1454,0.000328,172.31.40.0-255,66,24417,74,319712
1455,0.000355,74.125.68.0-255,5738,30155,74,319712
1456,0.000357,172.31.40.0-255,66,30221,74,319712
1457,0.00036,74.125.68.0-255,1484,31705,74,319712
1458,0.000361,172.31.40.0-255,66,31771,74,319712
1459,0.000383,172.31.40.0-255,66,31837,74,319712
1460,0.000433,172.31.40.0-255,66,31903,74,319712
1461,0.000438,74.125.68.0-255,3602,35505,74,319712
1462,0.000441,172.31.40.0-255,66,35571,74,319712
1463,0.000461,74.125.68.0-255,444,36015,74,319712
1464,0.000616,74.125.68.0-255,1484,37499,74,319712
1465,0.00062,172.31.40.0-255,66,37565,74,319712
1466,0.000635,74.125.68.0-255,2902,40467,74,319712
1467,0.000637,172.31.40.0-255,66,40533,74,319712
1468,0.000665,74.125.68.0-255,5738,46271,74,319712
1469,0.000668,172.31.40.0-255,66,46337,74,319712
1470,0.000695,172.31.40.0-255,66,46403,74,319712
1471,0.000714,74.125.68.0-255,2902,49305,74,319712
1472,0.000716,172.31.40.0-255,66,49371,74,319712
1473,0.000725,172.31.40.0-255,66,49437,74,319712
1474,0.000739,74.125.68.0-255,2902,52339,74,319712
1475,0.000741,172.31.40.0-255,66,52405,74,319712
1476,0.000745,74.125.68.0-255,1868,54273,74,319712
1477,0.000746,172.31.40.0-255,66,54339,74,319712
1478,0.000818,74.125.68.0-255,1484,55823,74,319712
1479,0.000823,74.125.68.0-255,2902,58725,74,319712
1480,0.000826,172.31.40.0-255,66,58791,74,319712
1481,0.00083,74.125.68.0-255,2902,61693,74,319712
1482,0.000831,172.31.40.0-255,66,61759,74,319712
1483,0.000834,74.125.68.0-255,1484,63243,74,319712
1484,0.000853,74.125.68.0-255,2902,66145,74,319712
1485,0.000856,172.31.40.0-255,66,66211,74,319712
1486,0.000878,74.125.68.0-255,4320,70531,74,319712
1487,0.00088,172.31.40.0-255,66,70597,74,319712
1488,0.000903,74.125.68.0-255,5365,75962,74,319712
1489,0.000906,172.31.40.0-255,66,76028,74,319712
1490,0.000911,74.125.68.0-255,5738,81766,74,319712
1491,0.000913,172.31.40.0-255,66,81832,74,319712
1492,0.000926,74.125.68.0-255,4320,86152,74,319712
1493,0.000928,172.31.40.0-255,66,86218,74,319712
1494,0.00093,74.125.68.0-255,1484,87702,74,319712
1495,0.000962,172.31.40.0-255,66,87768,74,319712
1496,0.000981,74.125.68.0-255,5406,93174,74,319712
1497,0.000984,172.31.40.0-255,66,93240,74,319712
1498,0.001038,74.125.68.0-255,1484,94724,74,319712
1499,0.001052,74.125.68.0-255,2902,97626,74,319712
1500,0.001055,172.31.40.0-255,66,97692,74,319712
1501,0.001076,74.125.68.0-255,1484,99176,74,319712
1502,0.001093,74.125.68.0-255,2902,102078,74,319712
1503,0.001096,172.31.40.0-255,66,102144,74,319712
1504,0.001102,74.125.68.0-255,5738,107882,74,319712
1505,0.001104,172.31.40.0-255,66,107948,74,319712
1506,0.001126,74.125.68.0-255,1484,109432,74,319712
1507,0.001161,172.31.40.0-255,66,109498,74,319712
1508,0.001192,74.125.68.0-255,4320,113818,74,319712
1509,0.001194,172.31.40.0-255,66,113884,74,319712
1510,0.00121,74.125.68.0-255,3602,117486,74,319712
1511,0.001213,172.31.40.0-255,66,117552,74,319712
1512,0.001246,74.125.68.0-255,1484,119036,74,319712
1513,0.001265,74.125.68.0-255,2902,121938,74,319712
1514,0.001268,172.31.40.0-255,66,122004,74,319712
1515,0.001284,74.125.68.0-255,5738,127742,74,319712
1516,0.001286,172.31.40.0-255,66,127808,74,319712
1517,0.001316,74.125.68.0-255,4320,132128,74,319712
1518,0.001319,172.31.40.0-255,66,132194,74,319712
1519,0.001325,74.125.68.0-255,5738,137932,74,319712
1520,0.001327,172.31.40.0-255,66,137998,74,319712
1521,0.00133,74.125.68.0-255,1484,139482,74,319712
1522,0.001344,74.125.68.0-255,2902,142384,74,319712
1523,0.001346,172.31.40.0-255,66,142450,74,319712
1524,0.001371,74.125.68.0-255,1484,143934,74,319712
1525,0.001381,172.31.40.0-255,66,144000,74,319712
1526,0.001383,74.125.68.0-255,766,144766,74,319712
1527,0.001443,74.125.68.0-255,1484,146250,74,319712
1528,0.001446,172.31.40.0-255,66,146316,74,319712
1529,0.001466,74.125.68.0-255,2902,149218,74,319712
1530,0.001468,172.31.40.0-255,66,149284,74,319712
1531,0.001484,74.125.68.0-255,5738,155022,74,319712
1532,0.001487,172.31.40.0-255,66,155088,74,319712
1533,0.001491,74.125.68.0-255,2902,157990,74,319712
1534,0.001493,172.31.40.0-255,66,158056,74,319712
1535,0.001563,172.31.40.0-255,66,158122,74,319712
1536,0.001568,74.125.68.0-255,4320,162442,74,319712
1537,0.00157,172.31.40.0-255,66,162508,74,319712
1538,0.001616,172.31.40.0-255,66,162574,74,319712
1539,0.00177,74.125.68.0-255,1484,164058,74,319712
1540,0.001801,74.125.68.0-255,1484,165542,74,319712
1541,0.001804,172.31.40.0-255,66,165608,74,319712
1542,0.001807,74.125.68.0-255,1484,167092,74,319712
1543,0.00182,74.125.68.0-255,1484,168576,74,319712
1544,0.001821,172.31.40.0-255,66,168642,74,319712
1545,0.001836,74.125.68.0-255,4320,172962,74,319712
1546,0.001838,172.31.40.0-255,66,173028,74,319712
1547,0.00186,74.125.68.0-255,1484,174512,74,319712
1548,0.001864,74.125.68.0-255,2902,177414,74,319712
1549,0.001866,172.31.40.0-255,66,177480,74,319712
1550,0.001871,74.125.68.0-255,4320,181800,74,319712
1551,0.001872,172.31.40.0-255,66,181866,74,319712
1552,0.00191,74.125.68.0-255,2902,184768,74,319712
1553,0.00192,172.31.40.0-255,66,184834,74,319712
1554,0.001954,74.125.68.0-255,3602,188436,74,319712
1555,0.001958,172.31.40.0-255,66,188502,74,319712
1556,0.002129,74.125.68.0-255,1484,189986,74,319712
1557,0.002146,74.125.68.0-255,1484,191470,74,319712
1558,0.002149,172.31.40.0-255,66,191536,74,319712
1559,0.002164,74.125.68.0-255,2902,194438,74,319712
1560,0.002167,172.31.40.0-255,66,194504,74,319712
1561,0.002195,74.125.68.0-255,2902,197406,74,319712
1562,0.002198,172.31.40.0-255,66,197472,74,319712
1563,0.002213,74.125.68.0-255,2902,200374,74,319712
1564,0.002216,172.31.40.0-255,66,200440,74,319712
1565,0.002219,74.125.68.0-255,1484,201924,74,319712
1566,0.002223,74.125.68.0-255,2902,204826,74,319712
1567,0.002238,172.31.40.0-255,66,204892,74,319712
1568,0.002248,74.125.68.0-255,4320,209212,74,319712
1569,0.002253,172.31.40.0-255,66,209278,74,319712
1570,0.002262,74.125.68.0-255,1484,210762,74,319712
1571,0.002265,74.125.68.0-255,1484,212246,74,319712
1572,0.002269,74.125.68.0-255,2902,215148,74,319712
1573,0.00229,172.31.40.0-255,66,215214,74,319712
1574,0.002321,74.125.68.0-255,4320,219534,74,319712
1575,0.002325,172.31.40.0-255,66,219600,74,319712
1576,0.002368,74.125.68.0-255,3602,223202,74,319712
1577,0.002372,172.31.40.0-255,66,223268,74,319712
1578,0.002398,74.125.68.0-255,2902,226170,74,319712
1579,0.002401,172.31.40.0-255,66,226236,74,319712
1580,0.002419,74.125.68.0-255,1484,227720,74,319712
1581,0.002422,74.125.68.0-255,1484,229204,74,319712
1582,0.00243,172.31.40.0-255,66,229270,74,319712
1583,0.002442,74.125.68.0-255,2902,232172,74,319712
1584,0.002458,74.125.68.0-255,4320,236492,74,319712
1585,0.002475,74.125.68.0-255,1484,237976,74,319712
1586,0.002478,74.125.68.0-255,1484,239460,74,319712
1587,0.002481,74.125.68.0-255,2902,242362,74,319712
1588,0.002498,172.31.40.0-255,66,242428,74,319712
1589,0.002509,74.125.68.0-255,4320,246748,74,319712
1590,0.002513,172.31.40.0-255,66,246814,74,319712
1591,0.00252,74.125.68.0-255,1484,248298,74,319712
1592,0.002546,74.125.68.0-255,5738,254036,74,319712
1593,0.002554,172.31.40.0-255,66,254102,74,319712
1594,0.002562,74.125.68.0-255,1484,255586,74,319712
1595,0.002578,74.125.68.0-255,2184,257770,74,319712
1596,0.002587,172.31.40.0-255,66,257836,74,319712
1597,0.00263,74.125.68.0-255,1484,259320,74,319712
1598,0.002645,74.125.68.0-255,1484,260804,74,319712
1599,0.002656,172.31.40.0-255,66,260870,74,319712
1600,0.002665,74.125.68.0-255,2902,263772,74,319712
1601,0.00267,172.31.40.0-255,66,263838,74,319712
1602,0.002677,74.125.68.0-255,1484,265322,74,319712
1603,0.002679,74.125.68.0-255,1484,266806,74,319712
1604,0.0027,172.31.40.0-255,66,266872,74,319712
1605,0.00271,74.125.68.0-255,2902,269774,74,319712
1606,0.002725,172.31.40.0-255,66,269840,74,319712
1607,0.002735,74.125.68.0-255,4320,274160,74,319712
1608,0.002738,74.125.68.0-255,1484,275644,74,319712
1609,0.002741,74.125.68.0-255,2902,278546,74,319712
1610,0.002768,74.125.68.0-255,4320,282866,74,319712
1611,0.002774,172.31.40.0-255,66,282932,74,319712
1612,0.002785,74.125.68.0-255,1484,284416,74,319712
1613,0.002806,74.125.68.0-255,1484,285900,74,319712
1614,0.002818,172.31.40.0-255,66,285966,74,319712
1615,0.002827,74.125.68.0-255,1484,287450,74,319712
1616,0.002842,74.125.68.0-255,1484,288934,74,319712
1617,0.002849,74.125.68.0-255,3602,292536,74,319712
1618,0.002866,172.31.40.0-255,66,292602,74,319712
1619,0.002944,74.125.68.0-255,1484,294086,74,319712
1620,0.00295,74.125.68.0-255,2902,296988,74,319712
1621,0.002955,172.31.40.0-255,66,297054,74,319712
1622,0.002967,74.125.68.0-255,2902,299956,74,319712
1623,0.002981,74.125.68.0-255,1484,301440,74,319712
1624,0.002984,74.125.68.0-255,1484,302924,74,319712
1625,0.002986,74.125.68.0-255,1484,304408,74,319712
1626,0.003006,74.125.68.0-255,2902,307310,74,319712
1627,0.003009,172.31.40.0-255,66,307376,74,319712
1628,0.003019,74.125.68.0-255,4320,311696,74,319712
1629,0.003024,172.31.40.0-255,66,311762,74,319712
1630,0.003038,74.125.68.0-255,2902,314664,74,319712
1631,0.003043,74.125.68.0-255,4640,319304,74,319712
1632,0.003084,172.31.40.0-255,66,319370,74,319712
1633,0.003094,74.125.68.0-255,105,319475,74,319712
1634,0.004705,172.31.40.0-255,66,319541,74,319712
1635,0.004735,172.31.40.0-255,105,319646,74,319712
1636,0.007336,74.125.68.0-255,66,319712,74,319712
1637,0.0,216.58.221.0-255,146,146,74,66966
1638,2.4e-05,172.31.40.0-255,66,212,74,66966
1639,3.1e-05,216.58.221.0-255,1484,1696,74,66966
1640,3.5e-05,172.31.40.0-255,66,1762,74,66966
1641,4.1e-05,216.58.221.0-255,2902,4664,74,66966
1642,4.3e-05,172.31.40.0-255,66,4730,74,66966
1643,5.3e-05,172.31.40.0-255,66,4796,74,66966
1644,6.5e-05,172.31.40.0-255,66,4862,74,66966
1645,0.000109,172.31.40.0-255,66,4928,74,66966
1646,0.000187,216.58.221.0-255,1484,6412,74,66966
1647,0.00019,172.31.40.0-255,66,6478,74,66966
1648,0.000194,216.58.221.0-255,1484,7962,74,66966
1649,0.000196,172.31.40.0-255,66,8028,74,66966
1650,0.000209,216.58.221.0-255,1484,9512,74,66966
1651,0.000211,172.31.40.0-255,66,9578,74,66966
1652,0.000216,216.58.221.0-255,2902,12480,74,66966
1653,0.000218,172.31.40.0-255,66,12546,74,66966
1654,0.000233,216.58.221.0-255,2902,15448,74,66966
1655,0.000235,172.31.40.0-255,66,15514,74,66966
1656,0.000241,216.58.221.0-255,5738,21252,74,66966
1657,0.000243,172.31.40.0-255,66,21318,74,66966
1658,0.00027,216.58.221.0-255,1125,22443,74,66966
1659,0.000272,172.31.40.0-255,66,22509,74,66966
1660,0.000281,172.31.40.0-255,66,22575,74,66966
1661,0.000285,216.58.221.0-255,2902,25477,74,66966
1662,0.000288,172.31.40.0-255,66,25543,74,66966
1663,0.000317,172.31.40.0-255,66,25609,74,66966
1664,0.000328,216.58.221.0-255,357,25966,74,66966
1665,0.000846,216.58.221.0-255,137,26103,74,66966
1666,0.000946,216.58.221.0-255,1484,27587,74,66966
1667,0.000951,172.31.40.0-255,66,27653,74,66966
1668,0.000956,216.58.221.0-255,2902,30555,74,66966
1669,0.000958,172.31.40.0-255,66,30621,74,66966
1670,0.000964,216.58.221.0-255,5738,36359,74,66966
1671,0.000966,172.31.40.0-255,66,36425,74,66966
1672,0.000995,172.31.40.0-255,66,36491,74,66966
1673,0.001037,216.58.221.0-255,2902,39393,74,66966
1674,0.00104,172.31.40.0-255,66,39459,74,66966
1675,0.001058,216.58.221.0-255,4320,43779,74,66966
1676,0.00106,172.31.40.0-255,66,43845,74,66966
1677,0.001071,172.31.40.0-255,66,43911,74,66966
1678,0.001073,216.58.221.0-255,1125,45036,74,66966
1679,0.001382,172.31.40.0-255,66,45102,74,66966
1680,0.002962,216.58.221.0-255,4320,49422,74,66966
1681,0.002969,172.31.40.0-255,66,49488,74,66966
1682,0.003271,216.58.221.0-255,1484,50972,74,66966
1683,0.004859,216.58.221.0-255,4320,55292,74,66966
1684,0.004864,172.31.40.0-255,66,55358,74,66966
1685,0.006761,216.58.221.0-255,5738,61096,74,66966
1686,0.006767,172.31.40.0-255,66,61162,74,66966
1687,0.008665,216.58.221.0-255,5738,66900,74,66966
1688,0.008672,172.31.40.0-255,66,66966,74,66966
1689,0.0,172.217.194.0-255,146,146,74,141876
1690,2.1e-05,172.31.40.0-255,66,212,74,141876
1691,2.8e-05,172.217.194.0-255,1484,1696,74,141876
1692,3.2e-05,172.31.40.0-255,66,1762,74,141876
1693,3.7e-05,172.217.194.0-255,2902,4664,74,141876
1694,3.9e-05,172.31.40.0-255,66,4730,74,141876
1695,4.8e-05,172.31.40.0-255,66,4796,74,141876
1696,0.000101,172.31.40.0-255,66,4862,74,141876
1697,0.000124,172.217.194.0-255,1484,6346,74,141876
1698,0.000126,172.31.40.0-255,66,6412,74,141876
1699,0.000144,172.217.194.0-255,5379,11791,74,141876
1700,0.000146,172.31.40.0-255,66,11857,74,141876
1701,0.000179,172.217.194.0-255,1484,13341,74,141876
1702,0.000181,172.31.40.0-255,66,13407,74,141876
1703,0.000184,172.217.194.0-255,1484,14891,74,141876
1704,0.000185,172.31.40.0-255,66,14957,74,141876
1705,0.000196,172.217.194.0-255,1484,16441,74,141876
1706,0.000197,172.31.40.0-255,66,16507,74,141876
1707,0.000202,172.217.194.0-255,4320,20827,74,141876
1708,0.000204,172.31.40.0-255,66,20893,74,141876
1709,0.000217,172.217.194.0-255,1484,22377,74,141876
1710,0.000219,172.31.40.0-255,66,22443,74,141876
1711,0.000234,172.217.194.0-255,4320,26763,74,141876
1712,0.000236,172.31.40.0-255,66,26829,74,141876
1713,0.00026,172.217.194.0-255,3961,30790,74,141876
1714,0.000262,172.31.40.0-255,66,30856,74,141876
1715,0.000275,172.31.40.0-255,66,30922,74,141876
1716,0.000289,172.217.194.0-255,1417,32339,74,141876
1717,0.000291,172.31.40.0-255,66,32405,74,141876
1718,0.000311,172.217.194.0-255,364,32769,74,141876
1719,0.000406,172.217.194.0-255,1484,34253,74,141876
1720,0.000411,172.217.194.0-255,2902,37155,74,141876
1721,0.000426,172.217.194.0-255,2902,40057,74,141876
1722,0.000439,172.217.194.0-255,2902,42959,74,141876
1723,0.000474,172.217.194.0-255,1484,44443,74,141876
1724,0.000563,172.31.40.0-255,66,44509,74,141876
1725,0.000659,172.217.194.0-255,1484,45993,74,141876
1726,0.000682,172.217.194.0-255,2902,48895,74,141876
1727,0.000689,172.217.194.0-255,5738,54633,74,141876
1728,0.000702,172.31.40.0-255,66,54699,74,141876
1729,0.000784,172.31.40.0-255,66,54765,74,141876
1730,0.001068,172.217.194.0-255,1484,56249,74,141876
1731,0.001075,172.217.194.0-255,2902,59151,74,141876
1732,0.001085,172.31.40.0-255,66,59217,74,141876
1733,0.001109,172.217.194.0-255,5738,64955,74,141876
1734,0.001116,172.217.194.0-255,5738,70693,74,141876
1735,0.001121,172.31.40.0-255,66,70759,74,141876
1736,0.001165,172.217.194.0-255,3602,74361,74,141876
1737,0.001174,172.31.40.0-255,66,74427,74,141876
1738,0.001191,172.217.194.0-255,1484,75911,74,141876
1739,0.001201,172.217.194.0-255,1484,77395,74,141876
1740,0.001207,172.217.194.0-255,4320,81715,74,141876
1741,0.001216,172.31.40.0-255,66,81781,74,141876
1742,0.001246,172.217.194.0-255,1484,83265,74,141876
1743,0.001252,172.31.40.0-255,66,83331,74,141876
1744,0.001299,172.31.40.0-255,66,83397,74,141876
1745,0.00132,172.31.40.0-255,66,83463,74,141876
1746,0.001399,172.217.194.0-255,1484,84947,74,141876
1747,0.001403,172.217.194.0-255,2902,87849,74,141876
1748,0.001409,172.31.40.0-255,66,87915,74,141876
1749,0.001432,172.217.194.0-255,5738,93653,74,141876
1750,0.001438,172.31.40.0-255,66,93719,74,141876
1751,0.001489,172.217.194.0-255,5020,98739,74,141876
1752,0.001493,172.31.40.0-255,66,98805,74,141876
1753,0.001498,172.31.40.0-255,66,98871,74,141876
1754,0.001573,172.217.194.0-255,1484,100355,74,141876
1755,0.001579,172.217.194.0-255,2902,103257,74,141876
1756,0.001593,172.217.194.0-255,1484,104741,74,141876
1757,0.001607,172.217.194.0-255,4320,109061,74,141876
1758,0.00161,172.217.194.0-255,1484,110545,74,141876
1759,0.001616,172.31.40.0-255,66,110611,74,141876
1760,0.001674,172.31.40.0-255,66,110677,74,141876
1761,0.001703,172.217.194.0-255,1484,112161,74,141876
1762,0.001718,172.31.40.0-255,66,112227,74,141876
1763,0.001743,172.217.194.0-255,5738,117965,74,141876
1764,0.001768,172.217.194.0-255,3602,121567,74,141876
1765,0.001814,172.31.40.0-255,66,121633,74,141876
1766,0.001824,172.31.40.0-255,66,121699,74,141876
1767,0.001844,172.217.194.0-255,2184,123883,74,141876
1768,0.001869,172.217.194.0-255,5738,129621,74,141876
1769,0.001878,172.31.40.0-255,66,129687,74,141876
1770,0.00192,172.217.194.0-255,766,130453,74,141876
1771,0.001937,172.31.40.0-255,66,130519,74,141876
1772,0.001975,172.31.40.0-255,66,130585,74,141876
1773,0.001983,172.217.194.0-255,2902,133487,74,141876
1774,0.002,172.31.40.0-255,66,133553,74,141876
1775,0.002032,172.217.194.0-255,5738,139291,74,141876
1776,0.002041,172.31.40.0-255,66,139357,74,141876
1777,0.00205,172.217.194.0-255,2348,141705,74,141876
1778,0.002062,172.217.194.0-255,105,141810,74,141876
1779,0.002079,172.31.40.0-255,66,141876,74,141876
1780,0.0,172.31.40.0-255,105,105,74,276
1781,0.001769,157.240.24.0-255,105,210,74,276
1782,0.001782,172.31.40.0-255,66,276,74,276
1783,0.0,172.217.194.0-255,146,146,74,106229
1784,2e-05,172.31.40.0-255,66,212,74,106229
1785,2.7e-05,172.217.194.0-255,1484,1696,74,106229
1786,3.1e-05,172.31.40.0-255,66,1762,74,106229
1787,3.6e-05,172.217.194.0-255,2902,4664,74,106229
1788,3.9e-05,172.31.40.0-255,66,4730,74,106229
1789,5.7e-05,172.31.40.0-255,66,4796,74,106229
1790,7.6e-05,172.217.194.0-255,2067,6863,74,106229
1791,8.4e-05,172.31.40.0-255,66,6929,74,106229
1792,0.000113,172.217.194.0-255,2902,9831,74,106229
1793,0.000116,172.31.40.0-255,66,9897,74,106229
1794,0.000126,172.31.40.0-255,66,9963,74,106229
1795,0.000136,172.217.194.0-255,4320,14283,74,106229
1796,0.000138,172.31.40.0-255,66,14349,74,106229
1797,0.000178,172.217.194.0-255,2543,16892,74,106229
1798,0.00018,172.31.40.0-255,66,16958,74,106229
1799,0.000277,172.217.194.0-255,1484,18442,74,106229
1800,0.000281,172.31.40.0-255,66,18508,74,106229
1801,0.000286,172.217.194.0-255,2902,21410,74,106229
1802,0.000289,172.31.40.0-255,66,21476,74,106229
1803,0.000329,172.217.194.0-255,5738,27214,74,106229
1804,0.000332,172.31.40.0-255,66,27280,74,106229
1805,0.000336,172.217.194.0-255,1484,28764,74,106229
1806,0.000338,172.31.40.0-255,66,28830,74,106229
1807,0.000361,172.217.194.0-255,1484,30314,74,106229
1808,0.000367,172.31.40.0-255,66,30380,74,106229
1809,0.000372,172.217.194.0-255,3961,34341,74,106229
1810,0.000374,172.31.40.0-255,66,34407,74,106229
1811,0.000405,172.31.40.0-255,66,34473,74,106229
1812,0.000459,172.31.40.0-255,66,34539,74,106229
1813,0.000678,172.217.194.0-255,645,35184,74,106229
1814,0.000769,172.217.194.0-255,1484,36668,74,106229
1815,0.000773,172.31.40.0-255,66,36734,74,106229
1816,0.000777,172.217.194.0-255,1484,38218,74,106229
1817,0.0008,172.217.194.0-255,1484,39702,74,106229
1818,0.000807,172.31.40.0-255,66,39768,74,106229
1819,0.000819,172.217.194.0-255,5738,45506,74,106229
1820,0.000821,172.31.40.0-255,66,45572,74,106229
1821,0.000856,172.31.40.0-255,66,45638,74,106229
1822,0.00088,172.217.194.0-255,3961,49599,74,106229
1823,0.000884,172.31.40.0-255,66,49665,74,106229
1824,0.000895,172.217.194.0-255,4320,53985,74,106229
1825,0.000897,172.31.40.0-255,66,54051,74,106229
1826,0.000931,172.31.40.0-255,66,54117,74,106229
1827,0.001181,172.217.194.0-255,1484,55601,74,106229
1828,0.001186,172.217.194.0-255,2902,58503,74,106229
1829,0.001191,172.31.40.0-255,66,58569,74,106229
1830,0.001221,172.217.194.0-255,5738,64307,74,106229
1831,0.001224,172.31.40.0-255,66,64373,74,106229
1832,0.001236,172.31.40.0-255,66,64439,74,106229
1833,0.001275,172.217.194.0-255,2902,67341,74,106229
1834,0.001277,172.31.40.0-255,66,67407,74,106229
1835,0.001288,172.31.40.0-255,66,67473,74,106229
1836,0.001962,172.217.194.0-255,1484,68957,74,106229
1837,0.00197,172.217.194.0-255,2902,71859,74,106229
1838,0.001973,172.31.40.0-255,66,71925,74,106229
1839,0.001979,172.217.194.0-255,2902,74827,74,106229
1840,0.00198,172.31.40.0-255,66,74893,74,106229
1841,0.002002,172.217.194.0-255,2902,77795,74,106229
1842,0.002004,172.31.40.0-255,66,77861,74,106229
1843,0.002013,172.217.194.0-255,5738,83599,74,106229
1844,0.002015,172.31.40.0-255,66,83665,74,106229
1845,0.002078,172.31.40.0-255,66,83731,74,106229
1846,0.002084,172.217.194.0-255,5020,88751,74,106229
1847,0.002085,172.31.40.0-255,66,88817,74,106229
1848,0.004149,172.217.194.0-255,5738,94555,74,106229
1849,0.004156,172.31.40.0-255,66,94621,74,106229
1850,0.006217,172.217.194.0-255,5738,100359,74,106229
1851,0.006221,172.31.40.0-255,66,100425,74,106229
1852,0.008312,172.217.194.0-255,5738,106163,74,106229
1853,0.008319,172.31.40.0-255,66,106229,74,106229
1854,0.0,172.31.40.0-255,105,105,74,276
1855,0.001859,157.240.24.0-255,105,210,74,276
1856,0.001873,172.31.40.0-255,66,276,74,276
1857,0.0,74.125.200.0-255,153,153,74,178598
1858,1.5e-05,172.31.40.0-255,66,219,74,178598
1859,2.3e-05,74.125.200.0-255,1484,1703,74,178598
1860,2.7e-05,172.31.40.0-255,66,1769,74,178598
1861,5.8e-05,74.125.200.0-255,1484,3253,74,178598
1862,6.2e-05,172.31.40.0-255,66,3319,74,178598
1863,8e-05,74.125.200.0-255,1484,4803,74,178598
1864,8.3e-05,172.31.40.0-255,66,4869,74,178598
1865,9e-05,74.125.200.0-255,1484,6353,74,178598
1866,9.3e-05,172.31.40.0-255,66,6419,74,178598
1867,9.8e-05,74.125.200.0-255,2902,9321,74,178598
1868,0.000101,172.31.40.0-255,66,9387,74,178598
1869,0.000119,74.125.200.0-255,4865,14252,74,178598
1870,0.000123,172.31.40.0-255,66,14318,74,178598
1871,0.000155,74.125.200.0-255,5738,20056,74,178598
1872,0.000158,172.31.40.0-255,66,20122,74,178598
1873,0.000162,74.125.200.0-255,2902,23024,74,178598
1874,0.000164,172.31.40.0-255,66,23090,74,178598
1875,0.000168,74.125.200.0-255,4320,27410,74,178598
1876,0.000171,172.31.40.0-255,66,27476,74,178598
1877,0.000191,74.125.200.0-255,1484,28960,74,178598
1878,0.000193,172.31.40.0-255,66,29026,74,178598
1879,0.000217,74.125.200.0-255,2543,31569,74,178598
1880,0.000219,172.31.40.0-255,66,31635,74,178598
1881,0.000382,74.125.200.0-255,1484,33119,74,178598
1882,0.000387,172.31.40.0-255,66,33185,74,178598
1883,0.000392,74.125.200.0-255,2902,36087,74,178598
1884,0.000394,172.31.40.0-255,66,36153,74,178598
1885,0.000397,74.125.200.0-255,1484,37637,74,178598
1886,0.000398,172.31.40.0-255,66,37703,74,178598
1887,0.000428,74.125.200.0-255,2902,40605,74,178598
1888,0.00043,172.31.40.0-255,66,40671,74,178598
1889,0.000463,74.125.200.0-255,5738,46409,74,178598
1890,0.000466,172.31.40.0-255,66,46475,74,178598
1891,0.000469,74.125.200.0-255,2543,49018,74,178598
1892,0.000471,172.31.40.0-255,66,49084,74,178598
1893,0.000474,74.125.200.0-255,2902,51986,74,178598
1894,0.000476,172.31.40.0-255,66,52052,74,178598
1895,0.000497,74.125.200.0-255,2902,54954,74,178598
1896,0.000499,172.31.40.0-255,66,55020,74,178598
1897,0.000524,74.125.200.0-255,4320,59340,74,178598
1898,0.000527,172.31.40.0-255,66,59406,74,178598
1899,0.00053,74.125.200.0-255,2902,62308,74,178598
1900,0.000532,172.31.40.0-255,66,62374,74,178598
1901,0.000536,74.125.200.0-255,3961,66335,74,178598
1902,0.000538,172.31.40.0-255,66,66401,74,178598
1903,0.00054,74.125.200.0-255,393,66794,74,178598
1904,0.000578,74.125.200.0-255,350,67144,74,178598
1905,0.000817,74.125.200.0-255,1484,68628,74,178598
1906,0.000821,172.31.40.0-255,66,68694,74,178598
1907,0.000826,74.125.200.0-255,2902,71596,74,178598
1908,0.000828,172.31.40.0-255,66,71662,74,178598
1909,0.000855,74.125.200.0-255,5738,77400,74,178598
1910,0.000857,172.31.40.0-255,66,77466,74,178598
1911,0.000862,74.125.200.0-255,2902,80368,74,178598
1912,0.000864,172.31.40.0-255,66,80434,74,178598
1913,0.000886,74.125.200.0-255,4320,84754,74,178598
1914,0.000892,172.31.40.0-255,66,84820,74,178598
1915,0.00092,74.125.200.0-255,4320,89140,74,178598
1916,0.000923,172.31.40.0-255,66,89206,74,178598
1917,0.000954,74.125.200.0-255,5738,94944,74,178598
1918,0.000956,172.31.40.0-255,66,95010,74,178598
1919,0.00096,74.125.200.0-255,2902,97912,74,178598
1920,0.000962,172.31.40.0-255,66,97978,74,178598
1921,0.000987,74.125.200.0-255,3602,101580,74,178598
1922,0.000994,172.31.40.0-255,66,101646,74,178598
1923,0.001084,74.125.200.0-255,1484,103130,74,178598
1924,0.001088,74.125.200.0-255,1484,104614,74,178598
1925,0.00109,172.31.40.0-255,66,104680,74,178598
1926,0.001119,74.125.200.0-255,1484,106164,74,178598
1927,0.001124,74.125.200.0-255,4320,110484,74,178598
1928,0.001129,74.125.200.0-255,5738,116222,74,178598
1929,0.001134,172.31.40.0-255,66,116288,74,178598
1930,0.001141,172.31.40.0-255,66,116354,74,178598
1931,0.001178,172.31.40.0-255,66,116420,74,178598
1932,0.001181,74.125.200.0-255,1484,117904,74,178598
1933,0.001218,172.31.40.0-255,66,117970,74,178598
1934,0.00122,74.125.200.0-255,766,118736,74,178598
1935,0.001322,74.125.200.0-255,1484,120220,74,178598
1936,0.001326,172.31.40.0-255,66,120286,74,178598
1937,0.001329,74.125.200.0-255,1484,121770,74,178598
1938,0.001343,74.125.200.0-255,1484,123254,74,178598
1939,0.001345,172.31.40.0-255,66,123320,74,178598
1940,0.001349,74.125.200.0-255,2902,126222,74,178598
1941,0.001351,172.31.40.0-255,66,126288,74,178598
1942,0.001372,74.125.200.0-255,2902,129190,74,178598
1943,0.001374,172.31.40.0-255,66,129256,74,178598
1944,0.001379,74.125.200.0-255,1484,130740,74,178598
1945,0.001384,74.125.200.0-255,4320,135060,74,178598
1946,0.001386,172.31.40.0-255,66,135126,74,178598
1947,0.001411,74.125.200.0-255,4320,139446,74,178598
1948,0.001413,172.31.40.0-255,66,139512,74,178598
1949,0.001418,74.125.200.0-255,4320,143832,74,178598
1950,0.00142,172.31.40.0-255,66,143898,74,178598
1951,0.001451,74.125.200.0-255,5738,149636,74,178598
1952,0.001454,172.31.40.0-255,66,149702,74,178598
1953,0.001478,74.125.200.0-255,3602,153304,74,178598
1954,0.001481,172.31.40.0-255,66,153370,74,178598
1955,0.002062,74.125.200.0-255,1484,154854,74,178598
1956,0.002079,74.125.200.0-255,2902,157756,74,178598
1957,0.002082,172.31.40.0-255,66,157822,74,178598
1958,0.002108,74.125.200.0-255,2902,160724,74,178598
1959,0.00211,172.31.40.0-255,66,160790,74,178598
1960,0.004148,74.125.200.0-255,2902,163692,74,178598
1961,0.004155,172.31.40.0-255,66,163758,74,178598
1962,0.004181,74.125.200.0-255,2902,166660,74,178598
1963,0.004183,172.31.40.0-255,66,166726,74,178598
1964,0.006271,74.125.200.0-255,2902,169628,74,178598
1965,0.006274,172.31.40.0-255,66,169694,74,178598
1966,0.006298,74.125.200.0-255,2902,172596,74,178598
1967,0.0063,172.31.40.0-255,66,172662,74,178598
1968,0.008348,74.125.200.0-255,2902,175564,74,178598
1969,0.008355,172.31.40.0-255,66,175630,74,178598
1970,0.008385,74.125.200.0-255,2902,178532,74,178598
1971,0.008388,172.31.40.0-255,66,178598,74,178598
1972,0.0,172.217.194.0-255,146,146,74,172576
1973,2.4e-05,172.31.40.0-255,66,212,74,172576
1974,3.2e-05,172.217.194.0-255,1484,1696,74,172576
1975,3.7e-05,172.31.40.0-255,66,1762,74,172576
1976,4.4e-05,172.217.194.0-255,2902,4664,74,172576
1977,4.8e-05,172.31.40.0-255,66,4730,74,172576
1978,5.9e-05,172.31.40.0-255,66,4796,74,172576
1979,7.8e-05,172.217.194.0-255,2010,6806,74,172576
1980,8e-05,172.31.40.0-255,66,6872,74,172576
1981,0.000154,172.217.194.0-255,1484,8356,74,172576
1982,0.000156,172.31.40.0-255,66,8422,74,172576
1983,0.000161,172.217.194.0-255,2902,11324,74,172576
1984,0.000164,172.31.40.0-255,66,11390,74,172576
1985,0.000192,172.217.194.0-255,5738,17128,74,172576
1986,0.000195,172.31.40.0-255,66,17194,74,172576
1987,0.000261,172.31.40.0-255,66,17260,74,172576
1988,0.000272,172.31.40.0-255,66,17326,74,172576
1989,0.000683,172.217.194.0-255,1484,18810,74,172576
1990,0.000688,172.31.40.0-255,66,18876,74,172576
1991,0.000694,172.217.194.0-255,2902,21778,74,172576
1992,0.000696,172.31.40.0-255,66,21844,74,172576
1993,0.0007,172.217.194.0-255,1484,23328,74,172576
1994,0.000702,172.31.40.0-255,66,23394,74,172576
1995,0.000736,172.217.194.0-255,4320,27714,74,172576
1996,0.000739,172.31.40.0-255,66,27780,74,172576
1997,0.000742,172.217.194.0-255,1484,29264,74,172576
1998,0.000744,172.31.40.0-255,66,29330,74,172576
1999,0.000759,172.217.194.0-255,5379,34709,74,172576
2000,0.000762,172.31.40.0-255,66,34775,74,172576
2001,0.0008,172.217.194.0-255,1484,36259,74,172576
2002,0.000806,172.217.194.0-255,2902,39161,74,172576
2003,0.000821,172.217.194.0-255,1484,40645,74,172576
2004,0.000826,172.31.40.0-255,66,40711,74,172576
2005,0.000837,172.217.194.0-255,4320,45031,74,172576
2006,0.000845,172.31.40.0-255,66,45097,74,172576
2007,0.0009,172.217.194.0-255,5738,50835,74,172576
2008,0.000904,172.31.40.0-255,66,50901,74,172576
2009,0.000918,172.217.194.0-255,5963,56864,74,172576
2010,0.000921,172.31.40.0-255,66,56930,74,172576
2011,0.000946,172.31.40.0-255,66,56996,74,172576
2012,0.001322,172.217.194.0-255,1484,58480,74,172576
2013,0.001325,172.217.194.0-255,1484,59964,74,172576
2014,0.001335,172.31.40.0-255,66,60030,74,172576
2015,0.00134,172.217.194.0-255,1484,61514,74,172576
2016,0.001353,172.217.194.0-255,2902,64416,74,172576
2017,0.001356,172.31.40.0-255,66,64482,74,172576
2018,0.001374,172.217.194.0-255,1484,65966,74,172576
2019,0.00138,172.217.194.0-255,5738,71704,74,172576
2020,0.001385,172.31.40.0-255,66,71770,74,172576
2021,0.001396,172.217.194.0-255,1976,73746,74,172576
2022,0.001416,172.31.40.0-255,66,73812,74,172576
2023,0.001596,172.217.194.0-255,1484,75296,74,172576
2024,0.001601,172.217.194.0-255,2902,78198,74,172576
2025,0.001605,172.31.40.0-255,66,78264,74,172576
2026,0.001628,172.217.194.0-255,5738,84002,74,172576
2027,0.001677,172.31.40.0-255,66,84068,74,172576
2028,0.001696,172.217.194.0-255,5738,89806,74,172576
2029,0.001702,172.217.194.0-255,5738,95544,74,172576
2030,0.00172,172.31.40.0-255,66,95610,74,172576
2031,0.001756,172.217.194.0-255,5020,100630,74,172576
2032,0.001761,172.31.40.0-255,66,100696,74,172576
2033,0.001821,172.217.194.0-255,1484,102180,74,172576
2034,0.001834,172.217.194.0-255,2902,105082,74,172576
2035,0.001848,172.31.40.0-255,66,105148,74,172576
2036,0.001855,172.217.194.0-255,1484,106632,74,172576
2037,0.001868,172.31.40.0-255,66,106698,74,172576
2038,0.00189,172.217.194.0-255,4320,111018,74,172576
2039,0.0019,172.31.40.0-255,66,111084,74,172576
2040,0.001936,172.31.40.0-255,66,111150,74,172576
2041,0.001951,172.217.194.0-255,1484,112634,74,172576
2042,0.001956,172.217.194.0-255,2902,115536,74,172576
2043,0.001976,172.217.194.0-255,5738,121274,74,172576
2044,0.001982,172.217.194.0-255,5738,127012,74,172576
2045,0.002043,172.217.194.0-255,5738,132750,74,172576
2046,0.002055,172.217.194.0-255,1484,134234,74,172576
2047,0.00206,172.217.194.0-255,3602,137836,74,172576
2048,0.002087,172.217.194.0-255,2902,140738,74,172576
2049,0.002114,172.217.194.0-255,1484,142222,74,172576
2050,0.002121,172.217.194.0-255,5738,147960,74,172576
2051,0.002145,172.217.194.0-255,4320,152280,74,172576
2052,0.002192,172.217.194.0-255,5020,157300,74,172576
2053,0.002253,172.217.194.0-255,4320,161620,74,172576
2054,0.002276,172.217.194.0-255,1484,163104,74,172576
2055,0.002281,172.217.194.0-255,2902,166006,74,172576
2056,0.002293,172.217.194.0-255,1484,167490,74,172576
2057,0.002303,172.217.194.0-255,1484,168974,74,172576
2058,0.002351,172.217.194.0-255,3602,172576,74,172576
2059,0.0,172.217.194.0-255,152,152,74,90313
2060,2.1e-05,172.31.40.0-255,66,218,74,90313
2061,2.8e-05,172.217.194.0-255,1484,1702,74,90313
2062,3.3e-05,172.31.40.0-255,66,1768,74,90313
2063,3.8e-05,172.217.194.0-255,2902,4670,74,90313
2064,4.7e-05,172.31.40.0-255,66,4736,74,90313
2065,5.8e-05,172.31.40.0-255,66,4802,74,90313
2066,0.0001,172.31.40.0-255,66,4868,74,90313
2067,0.000105,172.217.194.0-255,2543,7411,74,90313
2068,0.000107,172.31.40.0-255,66,7477,74,90313
2069,0.000134,172.217.194.0-255,1484,8961,74,90313
2070,0.00014,172.31.40.0-255,66,9027,74,90313
2071,0.000145,172.217.194.0-255,2902,11929,74,90313
2072,0.000147,172.31.40.0-255,66,11995,74,90313
2073,0.000185,172.217.194.0-255,5738,17733,74,90313
2074,0.000188,172.31.40.0-255,66,17799,74,90313
2075,0.000197,172.31.40.0-255,66,17865,74,90313
2076,0.000218,172.217.194.0-255,3961,21826,74,90313
2077,0.00022,172.31.40.0-255,66,21892,74,90313
2078,0.000237,172.31.40.0-255,66,21958,74,90313
2079,0.00024,172.217.194.0-255,1448,23406,74,90313
2080,0.000242,172.31.40.0-255,66,23472,74,90313
2081,0.00028,172.217.194.0-255,1484,24956,74,90313
2082,0.000282,172.31.40.0-255,66,25022,74,90313
2083,0.000309,172.217.194.0-255,2902,27924,74,90313
2084,0.000311,172.31.40.0-255,66,27990,74,90313
2085,0.000318,172.217.194.0-255,5738,33728,74,90313
2086,0.00032,172.31.40.0-255,66,33794,74,90313
2087,0.000358,172.31.40.0-255,66,33860,74,90313
2088,0.00037,172.31.40.0-255,66,33926,74,90313
2089,0.000372,172.217.194.0-255,363,34289,74,90313
2090,0.000643,172.217.194.0-255,1484,35773,74,90313
2091,0.000649,172.31.40.0-255,66,35839,74,90313
2092,0.000656,172.217.194.0-255,2902,38741,74,90313
2093,0.000658,172.31.40.0-255,66,38807,74,90313
2094,0.00067,172.217.194.0-255,5738,44545,74,90313
2095,0.000673,172.31.40.0-255,66,44611,74,90313
2096,0.000686,172.31.40.0-255,66,44677,74,90313
2097,0.000713,172.217.194.0-255,1484,46161,74,90313
2098,0.000731,172.31.40.0-255,66,46227,74,90313
2099,0.000779,172.217.194.0-255,1484,47711,74,90313
2100,0.000785,172.217.194.0-255,2902,50613,74,90313
2101,0.000788,172.31.40.0-255,66,50679,74,90313
2102,0.000793,172.217.194.0-255,2902,53581,74,90313
2103,0.000795,172.31.40.0-255,66,53647,74,90313
2104,0.000819,172.217.194.0-255,2902,56549,74,90313
2105,0.000821,172.31.40.0-255,66,56615,74,90313
2106,0.000828,172.217.194.0-255,5738,62353,74,90313
2107,0.00083,172.31.40.0-255,66,62419,74,90313
2108,0.000883,172.31.40.0-255,66,62485,74,90313
2109,0.000896,172.31.40.0-255,66,62551,74,90313
2110,0.000913,172.31.40.0-255,66,62617,74,90313
2111,0.000927,172.31.40.0-255,66,62683,74,90313
2112,0.000964,172.31.40.0-255,66,62749,74,90313
2113,0.000975,172.217.194.0-255,2184,64933,74,90313
2114,0.000982,172.31.40.0-255,66,64999,74,90313
2115,0.000993,172.31.40.0-255,66,65065,74,90313
2116,0.00103,172.217.194.0-255,2902,67967,74,90313
2117,0.001033,172.31.40.0-255,66,68033,74,90313
2118,0.001051,172.31.40.0-255,66,68099,74,90313
2119,0.001092,172.217.194.0-255,4320,72419,74,90313
2120,0.001094,172.31.40.0-255,66,72485,74,90313
2121,0.001124,172.31.40.0-255,66,72551,74,90313
2122,0.001137,172.31.40.0-255,66,72617,74,90313
2123,0.001158,172.31.40.0-255,66,72683,74,90313
2124,0.001164,172.217.194.0-255,5020,77703,74,90313
2125,0.001166,172.31.40.0-255,66,77769,74,90313
2126,0.001237,172.217.194.0-255,1484,79253,74,90313
2127,0.001243,172.217.194.0-255,2902,82155,74,90313
2128,0.001246,172.31.40.0-255,66,82221,74,90313
2129,0.001273,172.217.194.0-255,1484,83705,74,90313
2130,0.00128,172.217.194.0-255,5738,89443,74,90313
2131,0.001283,172.31.40.0-255,66,89509,74,90313
2132,0.001349,172.31.40.0-255,66,89575,74,90313
2133,0.001365,172.31.40.0-255,66,89641,74,90313
2134,0.001376,172.31.40.0-255,66,89707,74,90313
2135,0.001425,172.31.40.0-255,66,89773,74,90313
2136,0.001451,172.31.40.0-255,66,89839,74,90313
2137,0.001468,172.31.40.0-255,66,89905,74,90313
2138,0.001516,172.31.40.0-255,66,89971,74,90313
2139,0.001519,172.217.194.0-255,105,90076,74,90313
2140,0.00426,172.31.40.0-255,66,90142,74,90313
2141,0.004296,172.31.40.0-255,105,90247,74,90313
2142,0.006265,172.217.194.0-255,66,90313,74,90313
2143,0.0,172.31.40.0-255,105,105,74,525
2144,0.000217,172.31.40.0-255,90,195,74,525
2145,0.000228,172.31.40.0-255,66,261,74,525
2146,0.002689,74.125.24.0-255,66,327,74,525
2147,0.00271,74.125.24.0-255,66,393,74,525
2148,0.002715,172.31.40.0-255,66,459,74,525
2149,0.002719,74.125.24.0-255,66,525,74,525
2150,0.0,74.125.200.0-255,153,153,74,212561
2151,2.1e-05,172.31.40.0-255,66,219,74,212561
2152,2.8e-05,74.125.200.0-255,1484,1703,74,212561
2153,3.2e-05,172.31.40.0-255,66,1769,74,212561
2154,3.7e-05,74.125.200.0-255,2902,4671,74,212561
2155,4e-05,172.31.40.0-255,66,4737,74,212561
2156,4.7e-05,74.125.200.0-255,5738,10475,74,212561
2157,4.9e-05,172.31.40.0-255,66,10541,74,212561
2158,5.5e-05,74.125.200.0-255,3492,14033,74,212561
2159,5.7e-05,172.31.40.0-255,66,14099,74,212561
2160,6.2e-05,74.125.200.0-255,4320,18419,74,212561
2161,6.5e-05,172.31.40.0-255,66,18485,74,212561
2162,9.8e-05,172.31.40.0-255,66,18551,74,212561
2163,0.000102,74.125.200.0-255,2543,21094,74,212561
2164,0.000104,172.31.40.0-255,66,21160,74,212561
2165,0.000281,74.125.200.0-255,1484,22644,74,212561
2166,0.000287,172.31.40.0-255,66,22710,74,212561
2167,0.000291,74.125.200.0-255,1484,24194,74,212561
2168,0.000293,172.31.40.0-255,66,24260,74,212561
2169,0.000308,74.125.200.0-255,2902,27162,74,212561
2170,0.000311,172.31.40.0-255,66,27228,74,212561
2171,0.000328,74.125.200.0-255,5738,32966,74,212561
2172,0.00033,172.31.40.0-255,66,33032,74,212561
2173,0.000357,74.125.200.0-255,5379,38411,74,212561
2174,0.000359,172.31.40.0-255,66,38477,74,212561
2175,0.000381,74.125.200.0-255,5738,44215,74,212561
2176,0.000384,172.31.40.0-255,66,44281,74,212561
2177,0.000403,74.125.200.0-255,2902,47183,74,212561
2178,0.000405,172.31.40.0-255,66,47249,74,212561
2179,0.000411,74.125.200.0-255,4320,51569,74,212561
2180,0.000413,172.31.40.0-255,66,51635,74,212561
2181,0.000437,74.125.200.0-255,1484,53119,74,212561
2182,0.00046,74.125.200.0-255,2851,55970,74,212561
2183,0.00048,74.125.200.0-255,116,56086,74,212561
2184,0.000483,74.125.200.0-255,329,56415,74,212561
2185,0.000497,172.31.40.0-255,66,56481,74,212561
2186,0.000656,74.125.200.0-255,1484,57965,74,212561
2187,0.000662,74.125.200.0-255,2902,60867,74,212561
2188,0.000667,172.31.40.0-255,66,60933,74,212561
2189,0.000682,74.125.200.0-255,1484,62417,74,212561
2190,0.000701,74.125.200.0-255,4320,66737,74,212561
2191,0.000704,74.125.200.0-255,1484,68221,74,212561
2192,0.000708,74.125.200.0-255,2902,71123,74,212561
2193,0.00072,172.31.40.0-255,66,71189,74,212561
2194,0.000744,74.125.200.0-255,5738,76927,74,212561
2195,0.000749,74.125.200.0-255,4320,81247,74,212561
2196,0.000761,74.125.200.0-255,4320,85567,74,212561
2197,0.000783,172.31.40.0-255,66,85633,74,212561
2198,0.000806,74.125.200.0-255,5020,90653,74,212561
2199,0.000811,172.31.40.0-255,66,90719,74,212561
2200,0.00119,74.125.200.0-255,1484,92203,74,212561
2201,0.001195,74.125.200.0-255,1484,93687,74,212561
2202,0.001198,172.31.40.0-255,66,93753,74,212561
2203,0.001218,74.125.200.0-255,1484,95237,74,212561
2204,0.001221,74.125.200.0-255,1484,96721,74,212561
2205,0.001223,74.125.200.0-255,1484,98205,74,212561
2206,0.001233,172.31.40.0-255,66,98271,74,212561
2207,0.00124,74.125.200.0-255,1484,99755,74,212561
2208,0.001248,74.125.200.0-255,5738,105493,74,212561
2209,0.00125,74.125.200.0-255,1484,106977,74,212561
2210,0.001254,172.31.40.0-255,66,107043,74,212561
2211,0.001271,74.125.200.0-255,2902,109945,74,212561
2212,0.001275,74.125.200.0-255,2902,112847,74,212561
2213,0.001285,172.31.40.0-255,66,112913,74,212561
2214,0.001292,74.125.200.0-255,2902,115815,74,212561
2215,0.001296,172.31.40.0-255,66,115881,74,212561
2216,0.00134,172.31.40.0-255,66,115947,74,212561
2217,0.001475,74.125.200.0-255,1484,117431,74,212561
2218,0.00152,74.125.200.0-255,2902,120333,74,212561
2219,0.001525,74.125.200.0-255,4320,124653,74,212561
2220,0.00153,172.31.40.0-255,66,124719,74,212561
2221,0.001559,74.125.200.0-255,5738,130457,74,212561
2222,0.001567,172.31.40.0-255,66,130523,74,212561
2223,0.001582,74.125.200.0-255,2902,133425,74,212561
2224,0.001584,172.31.40.0-255,66,133491,74,212561
2225,0.001587,74.125.200.0-255,1484,134975,74,212561
2226,0.00159,74.125.200.0-255,2902,137877,74,212561
2227,0.001597,172.31.40.0-255,66,137943,74,212561
2228,0.001632,74.125.200.0-255,3602,141545,74,212561
2229,0.001635,172.31.40.0-255,66,141611,74,212561
2230,0.001692,74.125.200.0-255,1484,143095,74,212561
2231,0.001788,74.125.200.0-255,2902,145997,74,212561
2232,0.001791,172.31.40.0-255,66,146063,74,212561
2233,0.001827,74.125.200.0-255,1484,147547,74,212561
2234,0.001844,74.125.200.0-255,1484,149031,74,212561
2235,0.001849,74.125.200.0-255,2902,151933,74,212561
2236,0.001862,74.125.200.0-255,1484,153417,74,212561
2237,0.001867,172.31.40.0-255,66,153483,74,212561
2238,0.001874,74.125.200.0-255,2902,156385,74,212561
2239,0.001878,172.31.40.0-255,66,156451,74,212561
2240,0.001886,74.125.200.0-255,4320,160771,74,212561
2241,0.001904,172.31.40.0-255,66,160837,74,212561
2242,0.001915,74.125.200.0-255,2902,163739,74,212561
2243,0.001927,74.125.200.0-255,4320,168059,74,212561
2244,0.001933,172.31.40.0-255,66,168125,74,212561
2245,0.001939,74.125.200.0-255,1484,169609,74,212561
2246,0.001978,74.125.200.0-255,2902,172511,74,212561
2247,0.001984,172.31.40.0-255,66,172577,74,212561
2248,0.001994,74.125.200.0-255,3602,176179,74,212561
2249,0.002014,172.31.40.0-255,66,176245,74,212561
2250,0.00226,74.125.200.0-255,1484,177729,74,212561
2251,0.002301,74.125.200.0-255,1484,179213,74,212561
2252,0.002304,172.31.40.0-255,66,179279,74,212561
2253,0.002334,74.125.200.0-255,1484,180763,74,212561
2254,0.002348,74.125.200.0-255,2902,183665,74,212561
2255,0.002357,172.31.40.0-255,66,183731,74,212561
2256,0.002375,74.125.200.0-255,1484,185215,74,212561
2257,0.0024,74.125.200.0-255,4320,189535,74,212561
2258,0.002402,172.31.40.0-255,66,189601,74,212561
2259,0.002428,74.125.200.0-255,1484,191085,74,212561
2260,0.002431,172.31.40.0-255,66,191151,74,212561
2261,0.002449,74.125.200.0-255,2902,194053,74,212561
2262,0.002466,74.125.200.0-255,2902,196955,74,212561
2263,0.002471,172.31.40.0-255,66,197021,74,212561
2264,0.002478,74.125.200.0-255,2902,199923,74,212561
2265,0.00248,74.125.200.0-255,1484,201407,74,212561
2266,0.002484,172.31.40.0-255,66,201473,74,212561
2267,0.002534,74.125.200.0-255,2184,203657,74,212561
2268,0.002539,172.31.40.0-255,66,203723,74,212561
2269,0.005032,74.125.200.0-255,2902,206625,74,212561
2270,0.005039,172.31.40.0-255,66,206691,74,212561
2271,0.005077,74.125.200.0-255,2902,209593,74,212561
2272,0.007587,74.125.200.0-255,2902,212495,74,212561
2273,0.008205,172.31.40.0-255,66,212561,74,212561
2274,0.0,172.217.194.0-255,146,146,74,106890
2275,2e-05,172.31.40.0-255,66,212,74,106890
2276,2.7e-05,172.217.194.0-255,1484,1696,74,106890
2277,3.2e-05,172.31.40.0-255,66,1762,74,106890
2278,3.7e-05,172.217.194.0-255,2902,4664,74,106890
2279,4.1e-05,172.31.40.0-255,66,4730,74,106890
2280,4.6e-05,172.217.194.0-255,4320,9050,74,106890
2281,5e-05,172.31.40.0-255,66,9116,74,106890
2282,7.1e-05,172.217.194.0-255,2902,12018,74,106890
2283,7.4e-05,172.31.40.0-255,66,12084,74,106890
2284,7.8e-05,172.217.194.0-255,2029,14113,74,106890
2285,8.1e-05,172.31.40.0-255,66,14179,74,106890
2286,0.000242,172.217.194.0-255,1484,15663,74,106890
2287,0.000247,172.31.40.0-255,66,15729,74,106890
2288,0.000253,172.217.194.0-255,2902,18631,74,106890
2289,0.000256,172.31.40.0-255,66,18697,74,106890
2290,0.000262,172.217.194.0-255,5738,24435,74,106890
2291,0.000265,172.31.40.0-255,66,24501,74,106890
2292,0.000293,172.31.40.0-255,66,24567,74,106890
2293,0.000322,172.217.194.0-255,3961,28528,74,106890
2294,0.000324,172.31.40.0-255,66,28594,74,106890
2295,0.000336,172.31.40.0-255,66,28660,74,106890
2296,0.000357,172.217.194.0-255,1484,30144,74,106890
2297,0.000359,172.31.40.0-255,66,30210,74,106890
2298,0.000392,172.31.40.0-255,66,30276,74,106890
2299,0.000504,172.217.194.0-255,376,30652,74,106890
2300,0.00051,172.31.40.0-255,66,30718,74,106890
2301,0.000525,172.217.194.0-255,99,30817,74,106890
2302,0.000528,172.31.40.0-255,66,30883,74,106890
2303,0.000595,172.217.194.0-255,1484,32367,74,106890
2304,0.000618,172.217.194.0-255,2902,35269,74,106890
2305,0.000622,172.31.40.0-255,66,35335,74,106890
2306,0.000628,172.217.194.0-255,5738,41073,74,106890
2307,0.000631,172.31.40.0-255,66,41139,74,106890
2308,0.000636,172.217.194.0-255,4320,45459,74,106890
2309,0.000639,172.31.40.0-255,66,45525,74,106890
2310,0.000668,172.31.40.0-255,66,45591,74,106890
2311,0.00068,172.31.40.0-255,66,45657,74,106890
2312,0.000683,172.217.194.0-255,365,46022,74,106890
2313,0.000805,172.217.194.0-255,1484,47506,74,106890
2314,0.000808,172.217.194.0-255,1484,48990,74,106890
2315,0.000812,172.31.40.0-255,66,49056,74,106890
2316,0.000825,172.217.194.0-255,1484,50540,74,106890
2317,0.000827,172.31.40.0-255,66,50606,74,106890
2318,0.000835,172.217.194.0-255,5738,56344,74,106890
2319,0.000837,172.31.40.0-255,66,56410,74,106890
2320,0.000899,172.31.40.0-255,66,56476,74,106890
2321,0.000916,172.217.194.0-255,4320,60796,74,106890
2322,0.000918,172.31.40.0-255,66,60862,74,106890
2323,0.000931,172.31.40.0-255,66,60928,74,106890
2324,0.001448,172.217.194.0-255,1484,62412,74,106890
2325,0.001454,172.217.194.0-255,2902,65314,74,106890
2326,0.001458,172.31.40.0-255,66,65380,74,106890
2327,0.001463,172.217.194.0-255,1484,66864,74,106890
2328,0.001496,172.217.194.0-255,4320,71184,74,106890
2329,0.001499,172.31.40.0-255,66,71250,74,106890
2330,0.00151,172.31.40.0-255,66,71316,74,106890
2331,0.001543,172.31.40.0-255,66,71382,74,106890
2332,0.001562,172.217.194.0-255,3602,74984,74,106890
2333,0.001564,172.31.40.0-255,66,75050,74,106890
2334,0.001633,172.217.194.0-255,1484,76534,74,106890
2335,0.001638,172.217.194.0-255,2902,79436,74,106890
2336,0.001641,172.31.40.0-255,66,79502,74,106890
2337,0.001667,172.217.194.0-255,5738,85240,74,106890
2338,0.001669,172.31.40.0-255,66,85306,74,106890
2339,0.001673,172.217.194.0-255,1484,86790,74,106890
2340,0.001698,172.31.40.0-255,66,86856,74,106890
2341,0.001701,172.217.194.0-255,1484,88340,74,106890
2342,0.001764,172.31.40.0-255,66,88406,74,106890
2343,0.001783,172.31.40.0-255,66,88472,74,106890
2344,0.001789,172.217.194.0-255,5738,94210,74,106890
2345,0.001791,172.31.40.0-255,66,94276,74,106890
2346,0.001835,172.31.40.0-255,66,94342,74,106890
2347,0.001838,172.217.194.0-255,766,95108,74,106890
2348,0.001849,172.31.40.0-255,66,95174,74,106890
2349,0.001873,172.31.40.0-255,66,95240,74,106890
2350,0.001891,172.217.194.0-255,1484,96724,74,106890
2351,0.00193,172.31.40.0-255,66,96790,74,106890
2352,0.001941,172.31.40.0-255,66,96856,74,106890
2353,0.001965,172.31.40.0-255,66,96922,74,106890
2354,0.001969,172.217.194.0-255,2902,99824,74,106890
2355,0.001972,172.31.40.0-255,66,99890,74,106890
2356,0.002009,172.31.40.0-255,66,99956,74,106890
2357,0.002043,172.217.194.0-255,1484,101440,74,106890
2358,0.002109,172.31.40.0-255,66,101506,74,106890
2359,0.002115,172.217.194.0-255,4320,105826,74,106890
2360,0.002131,172.31.40.0-255,66,105892,74,106890
2361,0.002201,172.217.194.0-255,656,106548,74,106890
2362,0.002204,172.217.194.0-255,105,106653,74,106890
2363,0.002215,172.31.40.0-255,66,106719,74,106890
2364,0.004168,172.31.40.0-255,105,106824,74,106890
2365,0.006754,172.217.194.0-255,66,106890,74,106890
2366,0.0,172.217.194.0-255,153,153,74,95985
2367,2.4e-05,172.31.40.0-255,66,219,74,95985
2368,3.1e-05,172.217.194.0-255,1484,1703,74,95985
2369,3.5e-05,172.31.40.0-255,66,1769,74,95985
2370,4.1e-05,172.217.194.0-255,2902,4671,74,95985
2371,4.5e-05,172.31.40.0-255,66,4737,74,95985
2372,5.6e-05,172.31.40.0-255,66,4803,74,95985
2373,6e-05,172.217.194.0-255,2136,6939,74,95985
2374,6.2e-05,172.31.40.0-255,66,7005,74,95985
2375,0.000546,172.217.194.0-255,1484,8489,74,95985
2376,0.000552,172.31.40.0-255,66,8555,74,95985
2377,0.000561,172.217.194.0-255,2902,11457,74,95985
2378,0.000563,172.31.40.0-255,66,11523,74,95985
2379,0.00057,172.217.194.0-255,5738,17261,74,95985
2380,0.000572,172.31.40.0-255,66,17327,74,95985
2381,0.000609,172.217.194.0-255,5738,23065,74,95985
2382,0.000612,172.31.40.0-255,66,23131,74,95985
2383,0.000652,172.217.194.0-255,5379,28510,74,95985
2384,0.000656,172.31.40.0-255,66,28576,74,95985
2385,0.000668,172.31.40.0-255,66,28642,74,95985
2386,0.000671,172.217.194.0-255,1125,29767,74,95985
2387,0.000674,172.31.40.0-255,66,29833,74,95985
2388,0.000677,172.217.194.0-255,1484,31317,74,95985
2389,0.000679,172.31.40.0-255,66,31383,74,95985
2390,0.000714,172.217.194.0-255,4320,35703,74,95985
2391,0.000717,172.31.40.0-255,66,35769,74,95985
2392,0.000729,172.31.40.0-255,66,35835,74,95985
2393,0.000732,172.217.194.0-255,1377,37212,74,95985
2394,0.000734,172.31.40.0-255,66,37278,74,95985
2395,0.000737,172.217.194.0-255,435,37713,74,95985
2396,0.001008,172.217.194.0-255,1484,39197,74,95985
2397,0.001016,172.31.40.0-255,66,39263,74,95985
2398,0.001022,172.217.194.0-255,2902,42165,74,95985
2399,0.001024,172.31.40.0-255,66,42231,74,95985
2400,0.001031,172.217.194.0-255,5738,47969,74,95985
2401,0.001033,172.31.40.0-255,66,48035,74,95985
2402,0.001065,172.31.40.0-255,66,48101,74,95985
2403,0.001092,172.217.194.0-255,2902,51003,74,95985
2404,0.001094,172.31.40.0-255,66,51069,74,95985
2405,0.001127,172.31.40.0-255,66,51135,74,95985
2406,0.001295,172.217.194.0-255,1484,52619,74,95985
2407,0.001304,172.217.194.0-255,2902,55521,74,95985
2408,0.001309,172.31.40.0-255,66,55587,74,95985
2409,0.001315,172.217.194.0-255,4320,59907,74,95985
2410,0.001318,172.31.40.0-255,66,59973,74,95985
2411,0.00133,172.217.194.0-255,1484,61457,74,95985
2412,0.001345,172.217.194.0-255,2902,64359,74,95985
2413,0.001348,172.31.40.0-255,66,64425,74,95985
2414,0.001379,172.31.40.0-255,66,64491,74,95985
2415,0.001392,172.31.40.0-255,66,64557,74,95985
2416,0.002273,172.217.194.0-255,1484,66041,74,95985
2417,0.002279,172.217.194.0-255,1484,67525,74,95985
2418,0.002283,172.31.40.0-255,66,67591,74,95985
2419,0.002302,172.217.194.0-255,1484,69075,74,95985
2420,0.00231,172.217.194.0-255,5738,74813,74,95985
2421,0.002312,172.31.40.0-255,66,74879,74,95985
2422,0.00235,172.217.194.0-255,4320,79199,74,95985
2423,0.002353,172.31.40.0-255,66,79265,74,95985
2424,0.002388,172.31.40.0-255,66,79331,74,95985
2425,0.002401,172.31.40.0-255,66,79397,74,95985
2426,0.002436,172.31.40.0-255,66,79463,74,95985
2427,0.002448,172.31.40.0-255,66,79529,74,95985
2428,0.002468,172.217.194.0-255,1484,81013,74,95985
2429,0.00249,172.31.40.0-255,66,81079,74,95985
2430,0.002521,172.31.40.0-255,66,81145,74,95985
2431,0.002538,172.31.40.0-255,66,81211,74,95985
2432,0.002557,172.217.194.0-255,2902,84113,74,95985
2433,0.002559,172.31.40.0-255,66,84179,74,95985
2434,0.002604,172.31.40.0-255,66,84245,74,95985
2435,0.002631,172.31.40.0-255,66,84311,74,95985
2436,0.002641,172.31.40.0-255,66,84377,74,95985
2437,0.005209,172.217.194.0-255,5738,90115,74,95985
2438,0.005232,172.31.40.0-255,66,90181,74,95985
2439,0.007777,172.217.194.0-255,5738,95919,74,95985
2440,0.007789,172.31.40.0-255,66,95985,74,95985
2441,0.0,74.125.200.0-255,152,152,74,202109
2442,2.2e-05,172.31.40.0-255,66,218,74,202109
2443,2.8e-05,74.125.200.0-255,1484,1702,74,202109
2444,3.3e-05,172.31.40.0-255,66,1768,74,202109
2445,4.5e-05,74.125.200.0-255,2902,4670,74,202109
2446,4.9e-05,172.31.40.0-255,66,4736,74,202109
2447,5.5e-05,74.125.200.0-255,5738,10474,74,202109
2448,5.8e-05,172.31.40.0-255,66,10540,74,202109
2449,9.2e-05,74.125.200.0-255,6255,16795,74,202109
2450,9.5e-05,172.31.40.0-255,66,16861,74,202109
2451,0.000104,172.31.40.0-255,66,16927,74,202109
2452,0.000135,172.31.40.0-255,66,16993,74,202109
2453,0.000223,74.125.200.0-255,1484,18477,74,202109
2454,0.000227,172.31.40.0-255,66,18543,74,202109
2455,0.000232,74.125.200.0-255,2902,21445,74,202109
2456,0.000234,172.31.40.0-255,66,21511,74,202109
2457,0.000264,74.125.200.0-255,5738,27249,74,202109
2458,0.000266,172.31.40.0-255,66,27315,74,202109
2459,0.000303,172.31.40.0-255,66,27381,74,202109
2460,0.000312,172.31.40.0-255,66,27447,74,202109
2461,0.000321,74.125.200.0-255,4320,31767,74,202109
2462,0.000323,172.31.40.0-255,66,31833,74,202109
2463,0.000347,74.125.200.0-255,2856,34689,74,202109
2464,0.000349,172.31.40.0-255,66,34755,74,202109
2465,0.000352,74.125.200.0-255,111,34866,74,202109
2466,0.000353,172.31.40.0-255,66,34932,74,202109
2467,0.000526,74.125.200.0-255,331,35263,74,202109
2468,0.000531,172.31.40.0-255,66,35329,74,202109
2469,0.000769,74.125.200.0-255,1484,36813,74,202109
2470,0.000788,74.125.200.0-255,2902,39715,74,202109
2471,0.000792,172.31.40.0-255,66,39781,74,202109
2472,0.000798,74.125.200.0-255,4320,44101,74,202109
2473,0.0008,172.31.40.0-255,66,44167,74,202109
2474,0.000832,74.125.200.0-255,1484,45651,74,202109
2475,0.000842,172.31.40.0-255,66,45717,74,202109
2476,0.000876,172.31.40.0-255,66,45783,74,202109
2477,0.000899,74.125.200.0-255,1484,47267,74,202109
2478,0.000911,172.31.40.0-255,66,47333,74,202109
2479,0.001241,74.125.200.0-255,1484,48817,74,202109
2480,0.001246,74.125.200.0-255,1484,50301,74,202109
2481,0.00125,172.31.40.0-255,66,50367,74,202109
2482,0.001262,74.125.200.0-255,1484,51851,74,202109
2483,0.001284,74.125.200.0-255,5738,57589,74,202109
2484,0.001287,172.31.40.0-255,66,57655,74,202109
2485,0.00132,172.31.40.0-255,66,57721,74,202109
2486,0.001326,74.125.200.0-255,2902,60623,74,202109
2487,0.001328,172.31.40.0-255,66,60689,74,202109
2488,0.001357,172.31.40.0-255,66,60755,74,202109
2489,0.001362,74.125.200.0-255,2184,62939,74,202109
2490,0.001364,172.31.40.0-255,66,63005,74,202109
2491,0.001409,74.125.200.0-255,1484,64489,74,202109
2492,0.001431,74.125.200.0-255,2902,67391,74,202109
2493,0.001434,172.31.40.0-255,66,67457,74,202109
2494,0.001441,74.125.200.0-255,5738,73195,74,202109
2495,0.001443,172.31.40.0-255,66,73261,74,202109
2496,0.001453,74.125.200.0-255,4320,77581,74,202109
2497,0.001456,172.31.40.0-255,66,77647,74,202109
2498,0.001463,74.125.200.0-255,5738,83385,74,202109
2499,0.001465,172.31.40.0-255,66,83451,74,202109
2500,0.001509,172.31.40.0-255,66,83517,74,202109
2501,0.001513,74.125.200.0-255,2184,85701,74,202109
2502,0.001515,172.31.40.0-255,66,85767,74,202109
2503,0.001558,74.125.200.0-255,1484,87251,74,202109
2504,0.001562,74.125.200.0-255,2902,90153,74,202109
2505,0.001576,172.31.40.0-255,66,90219,74,202109
2506,0.001585,74.125.200.0-255,2902,93121,74,202109
2507,0.001587,172.31.40.0-255,66,93187,74,202109
2508,0.001617,74.125.200.0-255,2902,96089,74,202109
2509,0.001619,172.31.40.0-255,66,96155,74,202109
2510,0.001625,74.125.200.0-255,4320,100475,74,202109
2511,0.001627,172.31.40.0-255,66,100541,74,202109
2512,0.001634,74.125.200.0-255,5738,106279,74,202109
2513,0.001636,172.31.40.0-255,66,106345,74,202109
2514,0.001647,172.31.40.0-255,66,106411,74,202109
2515,0.001672,74.125.200.0-255,4320,110731,74,202109
2516,0.001675,172.31.40.0-255,66,110797,74,202109
2517,0.001679,74.125.200.0-255,2184,112981,74,202109
2518,0.001681,172.31.40.0-255,66,113047,74,202109
2519,0.001709,74.125.200.0-255,1484,114531,74,202109
2520,0.001714,74.125.200.0-255,2902,117433,74,202109
2521,0.001716,172.31.40.0-255,66,117499,74,202109
2522,0.001744,74.125.200.0-255,4320,121819,74,202109
2523,0.001747,172.31.40.0-255,66,121885,74,202109
2524,0.001767,74.125.200.0-255,1484,123369,74,202109
2525,0.001777,172.31.40.0-255,66,123435,74,202109
2526,0.001788,172.31.40.0-255,66,123501,74,202109
2527,0.001815,74.125.200.0-255,5738,129239,74,202109
2528,0.001817,172.31.40.0-255,66,129305,74,202109
2529,0.001837,74.125.200.0-255,2184,131489,74,202109
2530,0.001839,172.31.40.0-255,66,131555,74,202109
2531,0.001874,74.125.200.0-255,1484,133039,74,202109
2532,0.001889,74.125.200.0-255,2902,135941,74,202109
2533,0.001892,172.31.40.0-255,66,136007,74,202109
2534,0.001924,74.125.200.0-255,2902,138909,74,202109
2535,0.001927,172.31.40.0-255,66,138975,74,202109
2536,0.001933,74.125.200.0-255,4320,143295,74,202109
2537,0.001936,172.31.40.0-255,66,143361,74,202109
2538,0.001946,74.125.200.0-255,4320,147681,74,202109
2539,0.001949,172.31.40.0-255,66,147747,74,202109
2540,0.001964,74.125.200.0-255,4320,152067,74,202109
2541,0.001966,172.31.40.0-255,66,152133,74,202109
2542,0.001982,172.31.40.0-255,66,152199,74,202109
2543,0.002011,74.125.200.0-255,5020,157219,74,202109
2544,0.002015,172.31.40.0-255,66,157285,74,202109
2545,0.002102,74.125.200.0-255,1484,158769,74,202109
2546,0.002138,74.125.200.0-255,1484,160253,74,202109
2547,0.002141,172.31.40.0-255,66,160319,74,202109
2548,0.002168,74.125.200.0-255,1484,161803,74,202109
2549,0.002178,74.125.200.0-255,5738,167541,74,202109
2550,0.00218,172.31.40.0-255,66,167607,74,202109
2551,0.002191,172.31.40.0-255,66,167673,74,202109
2552,0.002207,172.31.40.0-255,66,167739,74,202109
2553,0.002213,74.125.200.0-255,5020,172759,74,202109
2554,0.002216,172.31.40.0-255,66,172825,74,202109
2555,0.002269,74.125.200.0-255,1484,174309,74,202109
2556,0.002276,74.125.200.0-255,2902,177211,74,202109
2557,0.002279,172.31.40.0-255,66,177277,74,202109
2558,0.002306,74.125.200.0-255,5738,183015,74,202109
2559,0.002309,172.31.40.0-255,66,183081,74,202109
2560,0.002313,74.125.200.0-255,2902,185983,74,202109
2561,0.002315,172.31.40.0-255,66,186049,74,202109
2562,0.004592,74.125.200.0-255,5738,191787,74,202109
2563,0.004599,172.31.40.0-255,66,191853,74,202109
2564,0.006902,74.125.200.0-255,4320,196173,74,202109
2565,0.006918,172.31.40.0-255,66,196239,74,202109
2566,0.006949,74.125.200.0-255,1484,197723,74,202109
2567,0.009233,74.125.200.0-255,4320,202043,74,202109
2568,0.00925,172.31.40.0-255,66,202109,74,202109
2569,0.0,74.125.24.0-255,153,153,74,79676
2570,2.3e-05,172.31.40.0-255,66,219,74,79676
2571,3.1e-05,74.125.24.0-255,1484,1703,74,79676
2572,3.6e-05,172.31.40.0-255,66,1769,74,79676
2573,4.3e-05,74.125.24.0-255,2902,4671,74,79676
2574,4.7e-05,172.31.40.0-255,66,4737,74,79676
2575,5.7e-05,172.31.40.0-255,66,4803,74,79676
2576,8.5e-05,74.125.24.0-255,2101,6904,74,79676
2577,8.7e-05,172.31.40.0-255,66,6970,74,79676
2578,0.000159,74.125.24.0-255,1484,8454,74,79676
2579,0.000162,172.31.40.0-255,66,8520,74,79676
2580,0.000167,74.125.24.0-255,2902,11422,74,79676
2581,0.00017,172.31.40.0-255,66,11488,74,79676
2582,0.000174,74.125.24.0-255,2902,14390,74,79676
2583,0.000177,172.31.40.0-255,66,14456,74,79676
2584,0.000198,74.125.24.0-255,2902,17358,74,79676
2585,0.0002,172.31.40.0-255,66,17424,74,79676
2586,0.000203,74.125.24.0-255,1484,18908,74,79676
2587,0.000206,172.31.40.0-255,66,18974,74,79676
2588,0.000227,74.125.24.0-255,5379,24353,74,79676
2589,0.00023,172.31.40.0-255,66,24419,74,79676
2590,0.00024,172.31.40.0-255,66,24485,74,79676
2591,0.000274,172.31.40.0-255,66,24551,74,79676
2592,0.000306,74.125.24.0-255,2902,27453,74,79676
2593,0.000309,172.31.40.0-255,66,27519,74,79676
2594,0.00035,172.31.40.0-255,66,27585,74,79676
2595,0.000356,74.125.24.0-255,5738,33323,74,79676
2596,0.000358,172.31.40.0-255,66,33389,74,79676
2597,0.00037,74.125.24.0-255,1456,34845,74,79676
2598,0.000382,74.125.24.0-255,112,34957,74,79676
2599,0.000384,172.31.40.0-255,66,35023,74,79676
2600,0.000469,74.125.24.0-255,331,35354,74,79676
2601,0.000786,74.125.24.0-255,1484,36838,74,79676
2602,0.000791,172.31.40.0-255,66,36904,74,79676
2603,0.000797,74.125.24.0-255,2902,39806,74,79676
2604,0.000799,172.31.40.0-255,66,39872,74,79676
2605,0.000829,74.125.24.0-255,5738,45610,74,79676
2606,0.000831,172.31.40.0-255,66,45676,74,79676
2607,0.000846,172.31.40.0-255,66,45742,74,79676
2608,0.000891,172.31.40.0-255,66,45808,74,79676
2609,0.001959,74.125.24.0-255,1484,47292,74,79676
2610,0.001971,74.125.24.0-255,2902,50194,74,79676
2611,0.001975,172.31.40.0-255,66,50260,74,79676
2612,0.001984,74.125.24.0-255,5738,55998,74,79676
2613,0.001986,172.31.40.0-255,66,56064,74,79676
2614,0.001991,74.125.24.0-255,2902,58966,74,79676
2615,0.001993,172.31.40.0-255,66,59032,74,79676
2616,0.002018,172.31.40.0-255,66,59098,74,79676
2617,0.002033,74.125.24.0-255,2902,62000,74,79676
2618,0.002035,172.31.40.0-255,66,62066,74,79676
2619,0.002081,172.31.40.0-255,66,62132,74,79676
2620,0.00445,74.125.24.0-255,2902,65034,74,79676
2621,0.004454,172.31.40.0-255,66,65100,74,79676
2622,0.004473,74.125.24.0-255,2902,68002,74,79676
2623,0.004476,172.31.40.0-255,66,68068,74,79676
2624,0.006823,74.125.24.0-255,5738,73806,74,79676
2625,0.00683,172.31.40.0-255,66,73872,74,79676
2626,0.009219,74.125.24.0-255,5738,79610,74,79676
2627,0.009227,172.31.40.0-255,66,79676,74,79676
2628,0.0,74.125.68.0-255,146,146,74,195518
2629,2e-05,172.31.40.0-255,66,212,74,195518
2630,2.6e-05,74.125.68.0-255,1484,1696,74,195518
2631,3e-05,172.31.40.0-255,66,1762,74,195518
2632,3.5e-05,74.125.68.0-255,2902,4664,74,195518
2633,3.7e-05,172.31.40.0-255,66,4730,74,195518
2634,6.3e-05,74.125.68.0-255,5738,10468,74,195518
2635,6.5e-05,172.31.40.0-255,66,10534,74,195518
2636,6.8e-05,74.125.68.0-255,1484,12018,74,195518
2637,6.9e-05,172.31.40.0-255,66,12084,74,195518
2638,8.2e-05,74.125.68.0-255,2139,14223,74,195518
2639,8.3e-05,172.31.40.0-255,66,14289,74,195518
2640,0.000134,74.125.68.0-255,1484,15773,74,195518
2641,0.000137,172.31.40.0-255,66,15839,74,195518
2642,0.000139,74.125.68.0-255,1484,17323,74,195518
2643,0.000141,172.31.40.0-255,66,17389,74,195518
2644,0.000153,74.125.68.0-255,1484,18873,74,195518
2645,0.000155,172.31.40.0-255,66,18939,74,195518
2646,0.000159,74.125.68.0-255,2902,21841,74,195518
2647,0.000161,172.31.40.0-255,66,21907,74,195518
2648,0.000178,74.125.68.0-255,2902,24809,74,195518
2649,0.000179,172.31.40.0-255,66,24875,74,195518
2650,0.000183,74.125.68.0-255,2902,27777,74,195518
2651,0.000185,172.31.40.0-255,66,27843,74,195518
2652,0.000189,74.125.68.0-255,3961,31804,74,195518
2653,0.000191,172.31.40.0-255,66,31870,74,195518
2654,0.000224,74.125.68.0-255,2902,34772,74,195518
2655,0.000226,172.31.40.0-255,66,34838,74,195518
2656,0.000245,74.125.68.0-255,5738,40576,74,195518
2657,0.000247,172.31.40.0-255,66,40642,74,195518
2658,0.000283,74.125.68.0-255,2902,43544,74,195518
2659,0.000285,172.31.40.0-255,66,43610,74,195518
2660,0.000305,74.125.68.0-255,5379,48989,74,195518
2661,0.000307,172.31.40.0-255,66,49055,74,195518
2662,0.000323,74.125.68.0-255,4320,53375,74,195518
2663,0.000325,172.31.40.0-255,66,53441,74,195518
2664,0.000342,74.125.68.0-255,4320,57761,74,195518
2665,0.000344,172.31.40.0-255,66,57827,74,195518
2666,0.000374,74.125.68.0-255,2902,60729,74,195518
2667,0.000376,172.31.40.0-255,66,60795,74,195518
2668,0.000395,74.125.68.0-255,5379,66174,74,195518
2669,0.000397,172.31.40.0-255,66,66240,74,195518
2670,0.000411,74.125.68.0-255,679,66919,74,195518
2671,0.000478,74.125.68.0-255,1484,68403,74,195518
2672,0.000479,172.31.40.0-255,66,68469,74,195518
2673,0.000497,74.125.68.0-255,2902,71371,74,195518
2674,0.000499,172.31.40.0-255,66,71437,74,195518
2675,0.000503,74.125.68.0-255,2902,74339,74,195518
2676,0.000505,172.31.40.0-255,66,74405,74,195518
2677,0.000521,74.125.68.0-255,2902,77307,74,195518
2678,0.000524,172.31.40.0-255,66,77373,74,195518
2679,0.000529,74.125.68.0-255,5738,83111,74,195518
2680,0.000531,172.31.40.0-255,66,83177,74,195518
2681,0.000567,74.125.68.0-255,1484,84661,74,195518
2682,0.000577,74.125.68.0-255,2543,87204,74,195518
2683,0.00058,172.31.40.0-255,66,87270,74,195518
2684,0.000599,74.125.68.0-255,4320,91590,74,195518
2685,0.000601,172.31.40.0-255,66,91656,74,195518
2686,0.000605,74.125.68.0-255,2902,94558,74,195518
2687,0.000607,172.31.40.0-255,66,94624,74,195518
2688,0.000629,172.31.40.0-255,66,94690,74,195518
2689,0.000909,74.125.68.0-255,1484,96174,74,195518
2690,0.000925,74.125.68.0-255,2902,99076,74,195518
2691,0.000927,172.31.40.0-255,66,99142,74,195518
2692,0.000946,74.125.68.0-255,1484,100626,74,195518
2693,0.000967,74.125.68.0-255,2902,103528,74,195518
2694,0.000969,172.31.40.0-255,66,103594,74,195518
2695,0.000986,74.125.68.0-255,2902,106496,74,195518
2696,0.000989,172.31.40.0-255,66,106562,74,195518
2697,0.00102,74.125.68.0-255,2902,109464,74,195518
2698,0.001022,172.31.40.0-255,66,109530,74,195518
2699,0.001027,74.125.68.0-255,2902,112432,74,195518
2700,0.001029,172.31.40.0-255,66,112498,74,195518
2701,0.001035,74.125.68.0-255,4320,116818,74,195518
2702,0.001037,172.31.40.0-255,66,116884,74,195518
2703,0.001052,74.125.68.0-255,5738,122622,74,195518
2704,0.001054,172.31.40.0-255,66,122688,74,195518
2705,0.001064,172.31.40.0-255,66,122754,74,195518
2706,0.001539,74.125.68.0-255,1484,124238,74,195518
2707,0.001543,74.125.68.0-255,1484,125722,74,195518
2708,0.00155,172.31.40.0-255,66,125788,74,195518
2709,0.001559,74.125.68.0-255,1484,127272,74,195518
2710,0.001586,74.125.68.0-255,1484,128756,74,195518
2711,0.001589,172.31.40.0-255,66,128822,74,195518
2712,0.001657,74.125.68.0-255,2902,131724,74,195518
2713,0.001661,172.31.40.0-255,66,131790,74,195518
2714,0.001664,74.125.68.0-255,1484,133274,74,195518
2715,0.00172,74.125.68.0-255,1484,134758,74,195518
2716,0.001723,172.31.40.0-255,66,134824,74,195518
2717,0.001754,74.125.68.0-255,2902,137726,74,195518
2718,0.001756,172.31.40.0-255,66,137792,74,195518
2719,0.001759,74.125.68.0-255,1484,139276,74,195518
2720,0.001791,74.125.68.0-255,5738,145014,74,195518
2721,0.001796,172.31.40.0-255,66,145080,74,195518
2722,0.001867,74.125.68.0-255,4320,149400,74,195518
2723,0.001869,172.31.40.0-255,66,149466,74,195518
2724,0.001884,74.125.68.0-255,5738,155204,74,195518
2725,0.001886,74.125.68.0-255,1484,156688,74,195518
2726,0.00189,172.31.40.0-255,66,156754,74,195518
2727,0.001898,74.125.68.0-255,766,157520,74,195518
2728,0.0019,172.31.40.0-255,66,157586,74,195518
2729,0.002058,74.125.68.0-255,1484,159070,74,195518
2730,0.002062,74.125.68.0-255,1484,160554,74,195518
2731,0.002065,172.31.40.0-255,66,160620,74,195518
2732,0.002088,74.125.68.0-255,2902,163522,74,195518
2733,0.002096,172.31.40.0-255,66,163588,74,195518
2734,0.0021,74.125.68.0-255,2902,166490,74,195518
2735,0.002103,172.31.40.0-255,66,166556,74,195518
2736,0.002121,74.125.68.0-255,2902,169458,74,195518
2737,0.002124,172.31.40.0-255,66,169524,74,195518
2738,0.00213,74.125.68.0-255,5738,175262,74,195518
2739,0.002132,172.31.40.0-255,66,175328,74,195518
2740,0.002141,172.31.40.0-255,66,175394,74,195518
2741,0.002176,172.31.40.0-255,66,175460,74,195518
2742,0.002194,74.125.68.0-255,2184,177644,74,195518
2743,0.002196,172.31.40.0-255,66,177710,74,195518
2744,0.004443,74.125.68.0-255,2902,180612,74,195518
2745,0.004451,172.31.40.0-255,66,180678,74,195518
2746,0.004472,74.125.68.0-255,2902,183580,74,195518
2747,0.004474,172.31.40.0-255,66,183646,74,195518
2748,0.006718,74.125.68.0-255,2902,186548,74,195518
2749,0.006724,172.31.40.0-255,66,186614,74,195518
2750,0.006746,74.125.68.0-255,2902,189516,74,195518
2751,0.00675,172.31.40.0-255,66,189582,74,195518
2752,0.008995,74.125.68.0-255,2902,192484,74,195518
2753,0.009001,172.31.40.0-255,66,192550,74,195518
2754,0.009023,74.125.68.0-255,2902,195452,74,195518
2755,0.009026,172.31.40.0-255,66,195518,74,195518
2756,0.0,74.125.24.0-255,153,153,74,164628
2757,1.9e-05,172.31.40.0-255,66,219,74,164628
2758,2.5e-05,74.125.24.0-255,1484,1703,74,164628
2759,2.9e-05,172.31.40.0-255,66,1769,74,164628
2760,3.5e-05,74.125.24.0-255,2902,4671,74,164628
2761,3.8e-05,172.31.40.0-255,66,4737,74,164628
2762,4.7e-05,74.125.24.0-255,1484,6221,74,164628
2763,4.9e-05,172.31.40.0-255,66,6287,74,164628
2764,5.6e-05,74.125.24.0-255,5738,12025,74,164628
2765,5.8e-05,172.31.40.0-255,66,12091,74,164628
2766,9.5e-05,74.125.24.0-255,2130,14221,74,164628
2767,0.000101,172.31.40.0-255,66,14287,74,164628
2768,0.000105,74.125.24.0-255,2902,17189,74,164628
2769,0.000107,172.31.40.0-255,66,17255,74,164628
2770,0.00011,74.125.24.0-255,1484,18739,74,164628
2771,0.000111,172.31.40.0-255,66,18805,74,164628
2772,0.000144,74.125.24.0-255,5738,24543,74,164628
2773,0.000146,172.31.40.0-255,66,24609,74,164628
2774,0.000159,172.31.40.0-255,66,24675,74,164628
2775,0.000269,74.125.24.0-255,1484,26159,74,164628
2776,0.000273,172.31.40.0-255,66,26225,74,164628
2777,0.000278,74.125.24.0-255,2902,29127,74,164628
2778,0.000281,172.31.40.0-255,66,29193,74,164628
2779,0.00029,74.125.24.0-255,5738,34931,74,164628
2780,0.000293,172.31.40.0-255,66,34997,74,164628
2781,0.000338,74.125.24.0-255,4320,39317,74,164628
2782,0.00034,172.31.40.0-255,66,39383,74,164628
2783,0.000365,74.125.24.0-255,2543,41926,74,164628
2784,0.000367,172.31.40.0-255,66,41992,74,164628
2785,0.000418,74.125.24.0-255,1484,43476,74,164628
2786,0.000421,172.31.40.0-255,66,43542,74,164628
2787,0.000426,74.125.24.0-255,2902,46444,74,164628
2788,0.000431,74.125.24.0-255,2902,49346,74,164628
2789,0.000481,74.125.24.0-255,2839,52185,74,164628
2790,0.000507,172.31.40.0-255,66,52251,74,164628
2791,0.000698,74.125.24.0-255,127,52378,74,164628
2792,0.000826,74.125.24.0-255,1484,53862,74,164628
2793,0.000829,172.31.40.0-255,66,53928,74,164628
2794,0.000834,74.125.24.0-255,2902,56830,74,164628
2795,0.000857,74.125.24.0-255,5738,62568,74,164628
2796,0.000862,172.31.40.0-255,66,62634,74,164628
2797,0.000891,74.125.24.0-255,4320,66954,74,164628
2798,0.000898,172.31.40.0-255,66,67020,74,164628
2799,0.000906,74.125.24.0-255,2248,69268,74,164628
2800,0.000913,172.31.40.0-255,66,69334,74,164628
2801,0.001129,74.125.24.0-255,1484,70818,74,164628
2802,0.001136,74.125.24.0-255,2902,73720,74,164628
2803,0.001139,172.31.40.0-255,66,73786,74,164628
2804,0.001144,74.125.24.0-255,2902,76688,74,164628
2805,0.001173,74.125.24.0-255,2902,79590,74,164628
2806,0.001187,172.31.40.0-255,66,79656,74,164628
2807,0.001197,74.125.24.0-255,4320,83976,74,164628
2808,0.001203,172.31.40.0-255,66,84042,74,164628
2809,0.001251,172.31.40.0-255,66,84108,74,164628
2810,0.001297,74.125.24.0-255,1484,85592,74,164628
2811,0.001316,74.125.24.0-255,2902,88494,74,164628
2812,0.001322,74.125.24.0-255,5738,94232,74,164628
2813,0.001399,74.125.24.0-255,3602,97834,74,164628
2814,0.001424,74.125.24.0-255,4320,102154,74,164628
2815,0.001438,74.125.24.0-255,1484,103638,74,164628
2816,0.001493,74.125.24.0-255,1484,105122,74,164628
2817,0.001498,74.125.24.0-255,2902,108024,74,164628
2818,0.001518,74.125.24.0-255,5020,113044,74,164628
2819,0.001647,74.125.24.0-255,1484,114528,74,164628
2820,0.001653,74.125.24.0-255,2902,117430,74,164628
2821,0.001677,74.125.24.0-255,5738,123168,74,164628
2822,0.00172,74.125.24.0-255,4320,127488,74,164628
2823,0.001743,74.125.24.0-255,5738,133226,74,164628
2824,0.001746,74.125.24.0-255,1484,134710,74,164628
2825,0.001768,74.125.24.0-255,3602,138312,74,164628
2826,0.001822,74.125.24.0-255,1484,139796,74,164628
2827,0.001826,74.125.24.0-255,1484,141280,74,164628
2828,0.001838,74.125.24.0-255,1484,142764,74,164628
2829,0.001844,74.125.24.0-255,4320,147084,74,164628
2830,0.001859,74.125.24.0-255,1484,148568,74,164628
2831,0.001865,74.125.24.0-255,4320,152888,74,164628
2832,0.001867,74.125.24.0-255,1484,154372,74,164628
2833,0.001901,74.125.24.0-255,2902,157274,74,164628
2834,0.001904,74.125.24.0-255,1484,158758,74,164628
2835,0.006693,172.31.40.0-255,66,158824,74,164628
2836,0.009287,74.125.24.0-255,5738,164562,74,164628
2837,0.009294,172.31.40.0-255,66,164628,74,164628
2838,0.0,74.125.24.0-255,152,152,74,138044
2839,2.3e-05,172.31.40.0-255,66,218,74,138044
2840,3e-05,74.125.24.0-255,1484,1702,74,138044
2841,3.5e-05,172.31.40.0-255,66,1768,74,138044
2842,4e-05,74.125.24.0-255,2902,4670,74,138044
2843,5e-05,172.31.40.0-255,66,4736,74,138044
2844,6.1e-05,172.31.40.0-255,66,4802,74,138044
2845,8.2e-05,74.125.24.0-255,4320,9122,74,138044
2846,8.5e-05,172.31.40.0-255,66,9188,74,138044
2847,0.000128,172.31.40.0-255,66,9254,74,138044
2848,0.000132,74.125.24.0-255,2543,11797,74,138044
2849,0.000135,172.31.40.0-255,66,11863,74,138044
2850,0.000175,74.125.24.0-255,1484,13347,74,138044
2851,0.000178,172.31.40.0-255,66,13413,74,138044
2852,0.000183,74.125.24.0-255,2902,16315,74,138044
2853,0.000185,172.31.40.0-255,66,16381,74,138044
2854,0.000191,74.125.24.0-255,5738,22119,74,138044
2855,0.000198,172.31.40.0-255,66,22185,74,138044
2856,0.000241,172.31.40.0-255,66,22251,74,138044
2857,0.000252,172.31.40.0-255,66,22317,74,138044
2858,0.00026,74.125.24.0-255,1484,23801,74,138044
2859,0.000261,172.31.40.0-255,66,23867,74,138044
2860,0.000293,74.125.24.0-255,5379,29246,74,138044
2861,0.0003,172.31.40.0-255,66,29312,74,138044
2862,0.000303,74.125.24.0-255,362,29674,74,138044
2863,0.000306,172.31.40.0-255,66,29740,74,138044
2864,0.000328,74.125.24.0-255,412,30152,74,138044
2865,0.00033,172.31.40.0-255,66,30218,74,138044
2866,0.000521,74.125.24.0-255,1484,31702,74,138044
2867,0.00053,74.125.24.0-255,2902,34604,74,138044
2868,0.000537,74.125.24.0-255,4320,38924,74,138044
2869,0.000553,74.125.24.0-255,1484,40408,74,138044
2870,0.00058,74.125.24.0-255,4320,44728,74,138044
2871,0.000709,172.31.40.0-255,66,44794,74,138044
2872,0.000757,74.125.24.0-255,1484,46278,74,138044
2873,0.000772,74.125.24.0-255,2902,49180,74,138044
2874,0.000777,74.125.24.0-255,2902,52082,74,138044
2875,0.000783,172.31.40.0-255,66,52148,74,138044
2876,0.000802,74.125.24.0-255,2902,55050,74,138044
2877,0.000808,74.125.24.0-255,4320,59370,74,138044
2878,0.00084,172.31.40.0-255,66,59436,74,138044
2879,0.000849,74.125.24.0-255,1484,60920,74,138044
2880,0.000855,74.125.24.0-255,4320,65240,74,138044
2881,0.00087,172.31.40.0-255,66,65306,74,138044
2882,0.000928,74.125.24.0-255,2902,68208,74,138044
2883,0.000936,172.31.40.0-255,66,68274,74,138044
2884,0.000946,74.125.24.0-255,3602,71876,74,138044
2885,0.000967,172.31.40.0-255,66,71942,74,138044
2886,0.001005,74.125.24.0-255,4320,76262,74,138044
2887,0.001017,172.31.40.0-255,66,76328,74,138044
2888,0.001046,74.125.24.0-255,766,77094,74,138044
2889,0.001049,74.125.24.0-255,1484,78578,74,138044
2890,0.001061,74.125.24.0-255,2902,81480,74,138044
2891,0.001083,74.125.24.0-255,5738,87218,74,138044
2892,0.001086,172.31.40.0-255,66,87284,74,138044
2893,0.001091,172.31.40.0-255,66,87350,74,138044
2894,0.001114,74.125.24.0-255,2902,90252,74,138044
2895,0.001132,172.31.40.0-255,66,90318,74,138044
2896,0.001141,74.125.24.0-255,4320,94638,74,138044
2897,0.001161,74.125.24.0-255,5738,100376,74,138044
2898,0.001165,172.31.40.0-255,66,100442,74,138044
2899,0.001193,172.31.40.0-255,66,100508,74,138044
2900,0.001204,74.125.24.0-255,4320,104828,74,138044
2901,0.001293,172.31.40.0-255,66,104894,74,138044
2902,0.001602,74.125.24.0-255,1484,106378,74,138044
2903,0.001608,74.125.24.0-255,2902,109280,74,138044
2904,0.001614,172.31.40.0-255,66,109346,74,138044
2905,0.001628,74.125.24.0-255,5738,115084,74,138044
2906,0.001651,74.125.24.0-255,4320,119404,74,138044
2907,0.001664,172.31.40.0-255,66,119470,74,138044
2908,0.001668,74.125.24.0-255,1484,120954,74,138044
2909,0.001701,74.125.24.0-255,2902,123856,74,138044
2910,0.00172,172.31.40.0-255,66,123922,74,138044
2911,0.001816,74.125.24.0-255,2184,126106,74,138044
2912,0.001836,172.31.40.0-255,66,126172,74,138044
2913,0.00206,74.125.24.0-255,1484,127656,74,138044
2914,0.002066,74.125.24.0-255,1484,129140,74,138044
2915,0.002075,172.31.40.0-255,66,129206,74,138044
2916,0.003868,74.125.24.0-255,2902,132108,74,138044
2917,0.003875,172.31.40.0-255,66,132174,74,138044
2918,0.004096,74.125.24.0-255,2902,135076,74,138044
2919,0.005883,74.125.24.0-255,2902,137978,74,138044
2920,0.008779,172.31.40.0-255,66,138044,74,138044
2921,0.0,74.125.130.0-255,152,152,74,68622
2922,2.3e-05,172.31.40.0-255,66,218,74,68622
2923,2.9e-05,74.125.130.0-255,1484,1702,74,68622
2924,3.3e-05,172.31.40.0-255,66,1768,74,68622
2925,3.7e-05,74.125.130.0-255,2902,4670,74,68622
2926,4e-05,172.31.40.0-255,66,4736,74,68622
2927,5.1e-05,74.125.130.0-255,4320,9056,74,68622
2928,5.3e-05,172.31.40.0-255,66,9122,74,68622
2929,5.9e-05,74.125.130.0-255,4874,13996,74,68622
2930,6.1e-05,172.31.40.0-255,66,14062,74,68622
2931,0.000165,74.125.130.0-255,1484,15546,74,68622
2932,0.000168,172.31.40.0-255,66,15612,74,68622
2933,0.000173,74.125.130.0-255,2902,18514,74,68622
2934,0.000174,172.31.40.0-255,66,18580,74,68622
2935,0.000201,74.125.130.0-255,1484,20064,74,68622
2936,0.000203,172.31.40.0-255,66,20130,74,68622
2937,0.000207,74.125.130.0-255,2902,23032,74,68622
2938,0.000209,172.31.40.0-255,66,23098,74,68622
2939,0.000237,74.125.130.0-255,5738,28836,74,68622
2940,0.00024,172.31.40.0-255,66,28902,74,68622
2941,0.000243,74.125.130.0-255,2543,31445,74,68622
2942,0.000245,172.31.40.0-255,66,31511,74,68622
2943,0.000403,74.125.130.0-255,1484,32995,74,68622
2944,0.000408,172.31.40.0-255,66,33061,74,68622
2945,0.000412,74.125.130.0-255,2902,35963,74,68622
2946,0.000414,172.31.40.0-255,66,36029,74,68622
2947,0.000417,74.125.130.0-255,1484,37513,74,68622
2948,0.000418,172.31.40.0-255,66,37579,74,68622
2949,0.000446,74.125.130.0-255,4320,41899,74,68622
2950,0.000449,172.31.40.0-255,66,41965,74,68622
2951,0.000457,172.31.40.0-255,66,42031,74,68622
2952,0.00048,74.125.130.0-255,2902,44933,74,68622
2953,0.000481,172.31.40.0-255,66,44999,74,68622
2954,0.000508,74.125.130.0-255,4320,49319,74,68622
2955,0.00051,172.31.40.0-255,66,49385,74,68622
2956,0.000519,172.31.40.0-255,66,49451,74,68622
2957,0.000542,74.125.130.0-255,2796,52247,74,68622
2958,0.000544,172.31.40.0-255,66,52313,74,68622
2959,0.001505,74.125.130.0-255,117,52430,74,68622
2960,0.001534,172.31.40.0-255,66,52496,74,68622
2961,0.003082,74.125.130.0-255,1484,53980,74,68622
2962,0.003106,74.125.130.0-255,2902,56882,74,68622
2963,0.00311,172.31.40.0-255,66,56948,74,68622
2964,0.004093,74.125.130.0-255,1484,58432,74,68622
2965,0.005678,74.125.130.0-255,4320,62752,74,68622
2966,0.005685,172.31.40.0-255,66,62818,74,68622
2967,0.008271,74.125.130.0-255,5738,68556,74,68622
2968,0.008278,172.31.40.0-255,66,68622,74,68622
2969,0.0,74.125.130.0-255,153,153,74,128227
2970,1.5e-05,172.31.40.0-255,66,219,74,128227
2971,2.2e-05,74.125.130.0-255,1484,1703,74,128227
2972,2.6e-05,172.31.40.0-255,66,1769,74,128227
2973,4e-05,74.125.130.0-255,2902,4671,74,128227
2974,4.4e-05,172.31.40.0-255,66,4737,74,128227
2975,5.5e-05,172.31.40.0-255,66,4803,74,128227
2976,5.9e-05,74.125.130.0-255,2062,6865,74,128227
2977,6.1e-05,172.31.40.0-255,66,6931,74,128227
2978,0.000128,74.125.130.0-255,1484,8415,74,128227
2979,0.00013,172.31.40.0-255,66,8481,74,128227
2980,0.000135,74.125.130.0-255,2902,11383,74,128227
2981,0.000137,172.31.40.0-255,66,11449,74,128227
2982,0.000166,74.125.130.0-255,5738,17187,74,128227
2983,0.000169,172.31.40.0-255,66,17253,74,128227
2984,0.000203,172.31.40.0-255,66,17319,74,128227
2985,0.00031,74.125.130.0-255,1484,18803,74,128227
2986,0.000314,172.31.40.0-255,66,18869,74,128227
2987,0.00032,74.125.130.0-255,2902,21771,74,128227
2988,0.000322,172.31.40.0-255,66,21837,74,128227
2989,0.000346,74.125.130.0-255,5738,27575,74,128227
2990,0.000348,172.31.40.0-255,66,27641,74,128227
2991,0.000396,172.31.40.0-255,66,27707,74,128227
2992,0.000405,172.31.40.0-255,66,27773,74,128227
2993,0.000437,74.125.130.0-255,5738,33511,74,128227
2994,0.00044,172.31.40.0-255,66,33577,74,128227
2995,0.000468,74.125.130.0-255,4540,38117,74,128227
2996,0.000471,172.31.40.0-255,66,38183,74,128227
2997,0.001177,74.125.130.0-255,1484,39667,74,128227
2998,0.001187,74.125.130.0-255,2902,42569,74,128227
2999,0.001191,172.31.40.0-255,66,42635,74,128227
3000,0.001224,74.125.130.0-255,5738,48373,74,128227
3001,0.001227,172.31.40.0-255,66,48439,74,128227
3002,0.001234,74.125.130.0-255,5738,54177,74,128227
3003,0.001236,172.31.40.0-255,66,54243,74,128227
3004,0.001267,74.125.130.0-255,4320,58563,74,128227
3005,0.00127,172.31.40.0-255,66,58629,74,128227
3006,0.001308,74.125.130.0-255,2902,61531,74,128227
3007,0.001311,172.31.40.0-255,66,61597,74,128227
3008,0.001324,172.31.40.0-255,66,61663,74,128227
3009,0.001441,74.125.130.0-255,1484,63147,74,128227
3010,0.001447,74.125.130.0-255,2902,66049,74,128227
3011,0.00145,172.31.40.0-255,66,66115,74,128227
3012,0.00147,74.125.130.0-255,4320,70435,74,128227
3013,0.001473,172.31.40.0-255,66,70501,74,128227
3014,0.001477,74.125.130.0-255,2902,73403,74,128227
3015,0.001479,172.31.40.0-255,66,73469,74,128227
3016,0.001514,74.125.130.0-255,2902,76371,74,128227
3017,0.001517,172.31.40.0-255,66,76437,74,128227
3018,0.001534,172.31.40.0-255,66,76503,74,128227
3019,0.001539,74.125.130.0-255,4320,80823,74,128227
3020,0.001541,172.31.40.0-255,66,80889,74,128227
3021,0.00158,74.125.130.0-255,2902,83791,74,128227
3022,0.001583,172.31.40.0-255,66,83857,74,128227
3023,0.001599,74.125.130.0-255,766,84623,74,128227
3024,0.001696,74.125.130.0-255,1484,86107,74,128227
3025,0.0017,172.31.40.0-255,66,86173,74,128227
3026,0.001705,74.125.130.0-255,2902,89075,74,128227
3027,0.001707,172.31.40.0-255,66,89141,74,128227
3028,0.001741,74.125.130.0-255,5738,94879,74,128227
3029,0.001744,172.31.40.0-255,66,94945,74,128227
3030,0.001749,74.125.130.0-255,2902,97847,74,128227
3031,0.001751,172.31.40.0-255,66,97913,74,128227
3032,0.001756,74.125.130.0-255,4320,102233,74,128227
3033,0.001758,172.31.40.0-255,66,102299,74,128227
3034,0.001811,172.31.40.0-255,66,102365,74,128227
3035,0.001817,74.125.130.0-255,5738,108103,74,128227
3036,0.001819,172.31.40.0-255,66,108169,74,128227
3037,0.001849,74.125.130.0-255,2184,110353,74,128227
3038,0.001852,172.31.40.0-255,66,110419,74,128227
3039,0.004325,74.125.130.0-255,2902,113321,74,128227
3040,0.004332,172.31.40.0-255,66,113387,74,128227
3041,0.004359,74.125.130.0-255,2902,116289,74,128227
3042,0.004361,172.31.40.0-255,66,116355,74,128227
3043,0.00683,74.125.130.0-255,2902,119257,74,128227
3044,0.006835,172.31.40.0-255,66,119323,74,128227
3045,0.006851,74.125.130.0-255,2902,122225,74,128227
3046,0.006857,172.31.40.0-255,66,122291,74,128227
3047,0.009336,74.125.130.0-255,2902,125193,74,128227
3048,0.009342,172.31.40.0-255,66,125259,74,128227
3049,0.009376,74.125.130.0-255,2902,128161,74,128227
3050,0.009378,172.31.40.0-255,66,128227,74,128227
3051,0.0,74.125.24.0-255,146,146,74,176264
3052,1.7e-05,172.31.40.0-255,66,212,74,176264
3053,2.3e-05,74.125.24.0-255,1484,1696,74,176264
3054,2.8e-05,172.31.40.0-255,66,1762,74,176264
3055,3.3e-05,74.125.24.0-255,2902,4664,74,176264
3056,3.6e-05,172.31.40.0-255,66,4730,74,176264
3057,4.5e-05,172.31.40.0-255,66,4796,74,176264
3058,4.9e-05,74.125.24.0-255,1903,6699,74,176264
3059,5.1e-05,172.31.40.0-255,66,6765,74,176264
3060,0.000173,74.125.24.0-255,1484,8249,74,176264
3061,0.000177,172.31.40.0-255,66,8315,74,176264
3062,0.000181,74.125.24.0-255,2902,11217,74,176264
3063,0.000184,172.31.40.0-255,66,11283,74,176264
3064,0.000206,74.125.24.0-255,4320,15603,74,176264
3065,0.000208,172.31.40.0-255,66,15669,74,176264
3066,0.000225,74.125.24.0-255,1484,17153,74,176264
3067,0.000227,172.31.40.0-255,66,17219,74,176264
3068,0.000236,172.31.40.0-255,66,17285,74,176264
3069,0.000255,74.125.24.0-255,1484,18769,74,176264
3070,0.000257,172.31.40.0-255,66,18835,74,176264
3071,0.000263,74.125.24.0-255,2902,21737,74,176264
3072,0.000265,172.31.40.0-255,66,21803,74,176264
3073,0.000268,74.125.24.0-255,1484,23287,74,176264
3074,0.000269,172.31.40.0-255,66,23353,74,176264
3075,0.000289,74.125.24.0-255,4320,27673,74,176264
3076,0.000291,172.31.40.0-255,66,27739,74,176264
3077,0.000316,172.31.40.0-255,66,27805,74,176264
3078,0.003368,74.125.24.0-255,1484,29289,74,176264
3079,0.003375,172.31.40.0-255,66,29355,74,176264
3080,0.003385,74.125.24.0-255,2902,32257,74,176264
3081,0.003388,172.31.40.0-255,66,32323,74,176264
3082,0.003395,74.125.24.0-255,5738,38061,74,176264
3083,0.003397,172.31.40.0-255,66,38127,74,176264
3084,0.003443,74.125.24.0-255,2902,41029,74,176264
3085,0.003445,172.31.40.0-255,66,41095,74,176264
3086,0.003473,172.31.40.0-255,66,41161,74,176264
3087,0.00348,74.125.24.0-255,5738,46899,74,176264
3088,0.003482,172.31.40.0-255,66,46965,74,176264
3089,0.003504,74.125.24.0-255,5738,52703,74,176264
3090,0.003525,74.125.24.0-255,4320,57023,74,176264
3091,0.003548,74.125.24.0-255,5020,62043,74,176264
3092,0.003924,74.125.24.0-255,1484,63527,74,176264
3093,0.003936,74.125.24.0-255,2902,66429,74,176264
3094,0.00395,74.125.24.0-255,2902,69331,74,176264
3095,0.003963,74.125.24.0-255,2902,72233,74,176264
3096,0.003984,74.125.24.0-255,5738,77971,74,176264
3097,0.004021,74.125.24.0-255,1484,79455,74,176264
3098,0.004048,74.125.24.0-255,1821,81276,74,176264
3099,0.004225,74.125.24.0-255,1484,82760,74,176264
3100,0.004229,74.125.24.0-255,2902,85662,74,176264
3101,0.00425,74.125.24.0-255,1484,87146,74,176264
3102,0.004271,74.125.24.0-255,5738,92884,74,176264
3103,0.004347,74.125.24.0-255,4320,97204,74,176264
3104,0.004363,74.125.24.0-255,2902,100106,74,176264
3105,0.004384,74.125.24.0-255,2184,102290,74,176264
3106,0.004677,74.125.24.0-255,1484,103774,74,176264
3107,0.004697,74.125.24.0-255,2902,106676,74,176264
3108,0.004704,74.125.24.0-255,5738,112414,74,176264
3109,0.004707,74.125.24.0-255,1484,113898,74,176264
3110,0.004723,74.125.24.0-255,1484,115382,74,176264
3111,0.004758,74.125.24.0-255,1484,116866,74,176264
3112,0.004866,74.125.24.0-255,1484,118350,74,176264
3113,0.004909,74.125.24.0-255,4320,122670,74,176264
3114,0.004931,74.125.24.0-255,5738,128408,74,176264
3115,0.004938,74.125.24.0-255,5738,134146,74,176264
3116,0.004964,74.125.24.0-255,5738,139884,74,176264
3117,0.004969,74.125.24.0-255,4320,144204,74,176264
3118,0.004986,172.31.40.0-255,66,144270,74,176264
3119,0.005009,74.125.24.0-255,1484,145754,74,176264
3120,0.005012,172.31.40.0-255,66,145820,74,176264
3121,0.005029,74.125.24.0-255,2902,148722,74,176264
3122,0.005049,74.125.24.0-255,5738,154460,74,176264
3123,0.005083,172.31.40.0-255,66,154526,74,176264
3124,0.005096,74.125.24.0-255,4320,158846,74,176264
3125,0.005102,74.125.24.0-255,5738,164584,74,176264
3126,0.005129,74.125.24.0-255,2902,167486,74,176264
3127,0.005133,172.31.40.0-255,66,167552,74,176264
3128,0.005137,172.31.40.0-255,66,167618,74,176264
3129,0.005178,172.31.40.0-255,66,167684,74,176264
3130,0.005255,74.125.24.0-255,2184,169868,74,176264
3131,0.005298,172.31.40.0-255,66,169934,74,176264
3132,0.005354,172.31.40.0-255,66,170000,74,176264
3133,0.005368,74.125.24.0-255,6093,176093,74,176264
3134,0.005371,74.125.24.0-255,105,176198,74,176264
3135,0.005391,172.31.40.0-255,66,176264,74,176264
3136,0.0,172.31.40.0-255,105,105,74,459
3137,0.000247,172.31.40.0-255,90,195,74,459
3138,0.000256,172.31.40.0-255,66,261,74,459
3139,0.002493,172.217.194.0-255,66,327,74,459
3140,0.00251,172.217.194.0-255,66,393,74,459
3141,0.002523,172.31.40.0-255,66,459,74,459
3142,0.0,172.217.194.0-255,146,146,74,165082
3143,2.1e-05,172.31.40.0-255,66,212,74,165082
3144,2.8e-05,172.217.194.0-255,1484,1696,74,165082
3145,3.3e-05,172.31.40.0-255,66,1762,74,165082
3146,3.9e-05,172.217.194.0-255,2902,4664,74,165082
3147,4.2e-05,172.31.40.0-255,66,4730,74,165082
3148,4.8e-05,172.217.194.0-255,4320,9050,74,165082
3149,5.1e-05,172.31.40.0-255,66,9116,74,165082
3150,7.4e-05,172.217.194.0-255,4320,13436,74,165082
3151,7.7e-05,172.31.40.0-255,66,13502,74,165082
3152,9.1e-05,172.217.194.0-255,619,14121,74,165082
3153,9.3e-05,172.31.40.0-255,66,14187,74,165082
3154,9.7e-05,172.217.194.0-255,1484,15671,74,165082
3155,9.8e-05,172.31.40.0-255,66,15737,74,165082
3156,0.000124,172.217.194.0-255,4320,20057,74,165082
3157,0.000127,172.31.40.0-255,66,20123,74,165082
3158,0.000139,172.31.40.0-255,66,20189,74,165082
3159,0.000155,172.217.194.0-255,1125,21314,74,165082
3160,0.000157,172.31.40.0-255,66,21380,74,165082
3161,0.00017,172.31.40.0-255,66,21446,74,165082
3162,0.000173,172.217.194.0-255,1484,22930,74,165082
3163,0.000175,172.31.40.0-255,66,22996,74,165082
3164,0.0002,172.217.194.0-255,3961,26957,74,165082
3165,0.000203,172.31.40.0-255,66,27023,74,165082
3166,0.000374,172.217.194.0-255,1484,28507,74,165082
3167,0.000378,172.31.40.0-255,66,28573,74,165082
3168,0.000384,172.217.194.0-255,2902,31475,74,165082
3169,0.000387,172.31.40.0-255,66,31541,74,165082
3170,0.00039,172.217.194.0-255,1484,33025,74,165082
3171,0.000392,172.31.40.0-255,66,33091,74,165082
3172,0.00041,172.217.194.0-255,4320,37411,74,165082
3173,0.000413,172.31.40.0-255,66,37477,74,165082
3174,0.000444,172.31.40.0-255,66,37543,74,165082
3175,0.000741,172.217.194.0-255,376,37919,74,165082
3176,0.000883,172.217.194.0-255,1484,39403,74,165082
3177,0.000887,172.31.40.0-255,66,39469,74,165082
3178,0.000892,172.217.194.0-255,2902,42371,74,165082
3179,0.000894,172.31.40.0-255,66,42437,74,165082
3180,0.000901,172.217.194.0-255,5738,48175,74,165082
3181,0.000903,172.31.40.0-255,66,48241,74,165082
3182,0.000918,172.217.194.0-255,1484,49725,74,165082
3183,0.000955,172.217.194.0-255,1484,51209,74,165082
3184,0.000959,172.31.40.0-255,66,51275,74,165082
3185,0.000968,172.217.194.0-255,1484,52759,74,165082
3186,0.000971,172.31.40.0-255,66,52825,74,165082
3187,0.000994,172.217.194.0-255,5738,58563,74,165082
3188,0.000996,172.31.40.0-255,66,58629,74,165082
3189,0.000999,172.217.194.0-255,1125,59754,74,165082
3190,0.001149,172.217.194.0-255,1484,61238,74,165082
3191,0.001153,172.31.40.0-255,66,61304,74,165082
3192,0.001158,172.217.194.0-255,2902,64206,74,165082
3193,0.00116,172.31.40.0-255,66,64272,74,165082
3194,0.001185,172.217.194.0-255,5738,70010,74,165082
3195,0.001188,172.31.40.0-255,66,70076,74,165082
3196,0.0012,172.31.40.0-255,66,70142,74,165082
3197,0.001222,172.217.194.0-255,1484,71626,74,165082
3198,0.001234,172.31.40.0-255,66,71692,74,165082
3199,0.001237,172.217.194.0-255,766,72458,74,165082
3200,0.001555,172.217.194.0-255,1484,73942,74,165082
3201,0.00156,172.31.40.0-255,66,74008,74,165082
3202,0.001565,172.217.194.0-255,2902,76910,74,165082
3203,0.001568,172.31.40.0-255,66,76976,74,165082
3204,0.001574,172.217.194.0-255,5738,82714,74,165082
3205,0.001576,172.31.40.0-255,66,82780,74,165082
3206,0.001583,172.217.194.0-255,4320,87100,74,165082
3207,0.001585,172.31.40.0-255,66,87166,74,165082
3208,0.001621,172.31.40.0-255,66,87232,74,165082
3209,0.001634,172.31.40.0-255,66,87298,74,165082
3210,0.001696,172.217.194.0-255,2902,90200,74,165082
3211,0.001701,172.31.40.0-255,66,90266,74,165082
3212,0.001703,172.31.40.0-255,66,90332,74,165082
3213,0.001739,172.31.40.0-255,66,90398,74,165082
3214,0.001742,172.217.194.0-255,766,91164,74,165082
3215,0.001829,172.217.194.0-255,1484,92648,74,165082
3216,0.001833,172.31.40.0-255,66,92714,74,165082
3217,0.001838,172.217.194.0-255,2902,95616,74,165082
3218,0.00184,172.31.40.0-255,66,95682,74,165082
3219,0.001865,172.217.194.0-255,5738,101420,74,165082
3220,0.001868,172.31.40.0-255,66,101486,74,165082
3221,0.001878,172.31.40.0-255,66,101552,74,165082
3222,0.001882,172.217.194.0-255,2902,104454,74,165082
3223,0.001885,172.31.40.0-255,66,104520,74,165082
3224,0.001917,172.31.40.0-255,66,104586,74,165082
3225,0.001921,172.217.194.0-255,2184,106770,74,165082
3226,0.001923,172.31.40.0-255,66,106836,74,165082
3227,0.001938,172.217.194.0-255,1484,108320,74,165082
3228,0.00195,172.217.194.0-255,1484,109804,74,165082
3229,0.001952,172.31.40.0-255,66,109870,74,165082
3230,0.001957,172.217.194.0-255,4320,114190,74,165082
3231,0.001959,172.31.40.0-255,66,114256,74,165082
3232,0.001971,172.217.194.0-255,1484,115740,74,165082
3233,0.002002,172.217.194.0-255,5738,121478,74,165082
3234,0.002005,172.31.40.0-255,66,121544,74,165082
3235,0.002033,172.217.194.0-255,4320,125864,74,165082
3236,0.002036,172.31.40.0-255,66,125930,74,165082
3237,0.002045,172.31.40.0-255,66,125996,74,165082
3238,0.002061,172.217.194.0-255,4320,130316,74,165082
3239,0.002063,172.31.40.0-255,66,130382,74,165082
3240,0.002083,172.217.194.0-255,2184,132566,74,165082
3241,0.002085,172.31.40.0-255,66,132632,74,165082
3242,0.00214,172.217.194.0-255,1484,134116,74,165082
3243,0.002143,172.217.194.0-255,1484,135600,74,165082
3244,0.002145,172.31.40.0-255,66,135666,74,165082
3245,0.002164,172.217.194.0-255,1484,137150,74,165082
3246,0.002168,172.217.194.0-255,2902,140052,74,165082
3247,0.002171,172.31.40.0-255,66,140118,74,165082
3248,0.002186,172.217.194.0-255,1484,141602,74,165082
3249,0.00219,172.217.194.0-255,2902,144504,74,165082
3250,0.002192,172.31.40.0-255,66,144570,74,165082
3251,0.002211,172.217.194.0-255,2902,147472,74,165082
3252,0.002214,172.31.40.0-255,66,147538,74,165082
3253,0.002225,172.31.40.0-255,66,147604,74,165082
3254,0.002234,172.31.40.0-255,66,147670,74,165082
3255,0.004524,172.217.194.0-255,5738,153408,74,165082
3256,0.004531,172.31.40.0-255,66,153474,74,165082
3257,0.006836,172.217.194.0-255,5738,159212,74,165082
3258,0.006841,172.31.40.0-255,66,159278,74,165082
3259,0.009147,172.217.194.0-255,5738,165016,74,165082
3260,0.009153,172.31.40.0-255,66,165082,74,165082
3261,0.0,74.125.68.0-255,153,153,74,236084
3262,1.1e-05,172.31.40.0-255,66,219,74,236084
3263,3.2e-05,74.125.68.0-255,1484,1703,74,236084
3264,3.6e-05,172.31.40.0-255,66,1769,74,236084
3265,5.3e-05,74.125.68.0-255,2902,4671,74,236084
3266,5.7e-05,172.31.40.0-255,66,4737,74,236084
3267,6e-05,74.125.68.0-255,1484,6221,74,236084
3268,6.3e-05,172.31.40.0-255,66,6287,74,236084
3269,8.9e-05,74.125.68.0-255,2902,9189,74,236084
3270,9.2e-05,172.31.40.0-255,66,9255,74,236084
3271,9.7e-05,74.125.68.0-255,4320,13575,74,236084
3272,0.0001,172.31.40.0-255,66,13641,74,236084
3273,0.000121,74.125.68.0-255,4902,18543,74,236084
3274,0.000124,172.31.40.0-255,66,18609,74,236084
3275,0.000129,74.125.68.0-255,4320,22929,74,236084
3276,0.000131,172.31.40.0-255,66,22995,74,236084
3277,0.000155,74.125.68.0-255,5738,28733,74,236084
3278,0.000157,172.31.40.0-255,66,28799,74,236084
3279,0.000161,74.125.68.0-255,2543,31342,74,236084
3280,0.000163,172.31.40.0-255,66,31408,74,236084
3281,0.000224,74.125.68.0-255,1484,32892,74,236084
3282,0.000227,172.31.40.0-255,66,32958,74,236084
3283,0.000248,74.125.68.0-255,2902,35860,74,236084
3284,0.000251,172.31.40.0-255,66,35926,74,236084
3285,0.000255,74.125.68.0-255,2902,38828,74,236084
3286,0.000257,172.31.40.0-255,66,38894,74,236084
3287,0.000279,74.125.68.0-255,4320,43214,74,236084
3288,0.000282,172.31.40.0-255,66,43280,74,236084
3289,0.000295,74.125.68.0-255,2902,46182,74,236084
3290,0.000298,172.31.40.0-255,66,46248,74,236084
3291,0.00033,172.31.40.0-255,66,46314,74,236084
3292,0.000335,74.125.68.0-255,4320,50634,74,236084
3293,0.000337,172.31.40.0-255,66,50700,74,236084
3294,0.000359,74.125.68.0-255,5738,56438,74,236084
3295,0.000362,172.31.40.0-255,66,56504,74,236084
3296,0.000366,74.125.68.0-255,2543,59047,74,236084
3297,0.000368,172.31.40.0-255,66,59113,74,236084
3298,0.000542,74.125.68.0-255,647,59760,74,236084
3299,0.000735,74.125.68.0-255,1484,61244,74,236084
3300,0.000741,172.31.40.0-255,66,61310,74,236084
3301,0.000748,74.125.68.0-255,2902,64212,74,236084
3302,0.00075,172.31.40.0-255,66,64278,74,236084
3303,0.000753,74.125.68.0-255,1484,65762,74,236084
3304,0.000771,74.125.68.0-255,1484,67246,74,236084
3305,0.000774,172.31.40.0-255,66,67312,74,236084
3306,0.000779,74.125.68.0-255,4320,71632,74,236084
3307,0.000781,172.31.40.0-255,66,71698,74,236084
3308,0.00082,74.125.68.0-255,5379,77077,74,236084
3309,0.000824,172.31.40.0-255,66,77143,74,236084
3310,0.000857,74.125.68.0-255,5738,82881,74,236084
3311,0.000861,172.31.40.0-255,66,82947,74,236084
3312,0.000865,74.125.68.0-255,2902,85849,74,236084
3313,0.00087,74.125.68.0-255,4320,90169,74,236084
3314,0.000913,74.125.68.0-255,3961,94130,74,236084
3315,0.000938,172.31.40.0-255,66,94196,74,236084
3316,0.002977,74.125.68.0-255,1484,95680,74,236084
3317,0.002988,74.125.68.0-255,2902,98582,74,236084
3318,0.002993,172.31.40.0-255,66,98648,74,236084
3319,0.002997,74.125.68.0-255,1484,100132,74,236084
3320,0.003015,74.125.68.0-255,2902,103034,74,236084
3321,0.003017,172.31.40.0-255,66,103100,74,236084
3322,0.00302,74.125.68.0-255,1484,104584,74,236084
3323,0.003045,172.31.40.0-255,66,104650,74,236084
3324,0.003051,74.125.68.0-255,5738,110388,74,236084
3325,0.003053,172.31.40.0-255,66,110454,74,236084
3326,0.003059,74.125.68.0-255,5738,116192,74,236084
3327,0.003061,172.31.40.0-255,66,116258,74,236084
3328,0.003083,74.125.68.0-255,1484,117742,74,236084
3329,0.003133,172.31.40.0-255,66,117808,74,236084
3330,0.003143,172.31.40.0-255,66,117874,74,236084
3331,0.00317,172.31.40.0-255,66,117940,74,236084
3332,0.00319,74.125.68.0-255,1484,119424,74,236084
3333,0.003223,172.31.40.0-255,66,119490,74,236084
3334,0.00335,74.125.68.0-255,1484,120974,74,236084
3335,0.003368,74.125.68.0-255,2902,123876,74,236084
3336,0.00337,172.31.40.0-255,66,123942,74,236084
3337,0.003393,74.125.68.0-255,5738,129680,74,236084
3338,0.003395,172.31.40.0-255,66,129746,74,236084
3339,0.003421,172.31.40.0-255,66,129812,74,236084
3340,0.003444,74.125.68.0-255,1484,131296,74,236084
3341,0.003481,74.125.68.0-255,1484,132780,74,236084
3342,0.003517,74.125.68.0-255,2902,135682,74,236084
3343,0.003559,74.125.68.0-255,5738,141420,74,236084
3344,0.003584,74.125.68.0-255,5738,147158,74,236084
3345,0.003613,74.125.68.0-255,5738,152896,74,236084
3346,0.003615,74.125.68.0-255,766,153662,74,236084
3347,0.003653,74.125.68.0-255,4320,157982,74,236084
3348,0.003668,74.125.68.0-255,1484,159466,74,236084
3349,0.003673,74.125.68.0-255,2902,162368,74,236084
3350,0.003692,74.125.68.0-255,4320,166688,74,236084
3351,0.003695,74.125.68.0-255,1484,168172,74,236084
3352,0.003757,74.125.68.0-255,1484,169656,74,236084
3353,0.003816,74.125.68.0-255,1484,171140,74,236084
3354,0.003836,74.125.68.0-255,1484,172624,74,236084
3355,0.003839,74.125.68.0-255,1484,174108,74,236084
3356,0.00388,74.125.68.0-255,3602,177710,74,236084
3357,0.003885,74.125.68.0-255,4320,182030,74,236084
3358,0.003888,74.125.68.0-255,1484,183514,74,236084
3359,0.003943,74.125.68.0-255,5738,189252,74,236084
3360,0.003961,74.125.68.0-255,2902,192154,74,236084
3361,0.003966,74.125.68.0-255,4320,196474,74,236084
3362,0.003986,74.125.68.0-255,4320,200794,74,236084
3363,0.004032,74.125.68.0-255,1484,202278,74,236084
3364,0.004038,74.125.68.0-255,4320,206598,74,236084
3365,0.004083,74.125.68.0-255,2902,209500,74,236084
3366,0.0041,74.125.68.0-255,4320,213820,74,236084
3367,0.004149,74.125.68.0-255,1484,215304,74,236084
3368,0.004164,74.125.68.0-255,5738,221042,74,236084
3369,0.004175,74.125.68.0-255,766,221808,74,236084
3370,0.00418,74.125.68.0-255,2902,224710,74,236084
3371,0.004185,74.125.68.0-255,4320,229030,74,236084
3372,0.004252,74.125.68.0-255,5738,234768,74,236084
3373,0.004289,74.125.68.0-255,1044,235812,74,236084
3374,0.004313,74.125.68.0-255,105,235917,74,236084
3375,0.008455,172.31.40.0-255,66,235983,74,236084
3376,0.009387,172.31.40.0-255,101,236084,74,236084
3377,0.0,74.125.24.0-255,146,146,74,170045
3378,2.4e-05,172.31.40.0-255,66,212,74,170045
3379,3.1e-05,74.125.24.0-255,1484,1696,74,170045
3380,3.5e-05,172.31.40.0-255,66,1762,74,170045
3381,4.1e-05,74.125.24.0-255,2902,4664,74,170045
3382,4.4e-05,172.31.40.0-255,66,4730,74,170045
3383,4.8e-05,74.125.24.0-255,2902,7632,74,170045
3384,5.1e-05,172.31.40.0-255,66,7698,74,170045
3385,7.3e-05,74.125.24.0-255,4320,12018,74,170045
3386,7.5e-05,172.31.40.0-255,66,12084,74,170045
3387,7.9e-05,74.125.24.0-255,2014,14098,74,170045
3388,8.2e-05,172.31.40.0-255,66,14164,74,170045
3389,0.000171,74.125.24.0-255,1484,15648,74,170045
3390,0.000174,172.31.40.0-255,66,15714,74,170045
3391,0.000179,74.125.24.0-255,2902,18616,74,170045
3392,0.000182,172.31.40.0-255,66,18682,74,170045
3393,0.000205,74.125.24.0-255,4320,23002,74,170045
3394,0.000208,172.31.40.0-255,66,23068,74,170045
3395,0.000235,74.125.24.0-255,1484,24552,74,170045
3396,0.000237,172.31.40.0-255,66,24618,74,170045
3397,0.000244,74.125.24.0-255,5738,30356,74,170045
3398,0.000247,172.31.40.0-255,66,30422,74,170045
3399,0.000269,74.125.24.0-255,4320,34742,74,170045
3400,0.000271,172.31.40.0-255,66,34808,74,170045
3401,0.000309,172.31.40.0-255,66,34874,74,170045
3402,0.000314,74.125.24.0-255,3961,38835,74,170045
3403,0.000316,172.31.40.0-255,66,38901,74,170045
3404,0.000358,74.125.24.0-255,1484,40385,74,170045
3405,0.000361,172.31.40.0-255,66,40451,74,170045
3406,0.000366,74.125.24.0-255,2902,43353,74,170045
3407,0.000368,172.31.40.0-255,66,43419,74,170045
3408,0.000383,74.125.24.0-255,1484,44903,74,170045
3409,0.000399,74.125.24.0-255,2902,47805,74,170045
3410,0.000401,172.31.40.0-255,66,47871,74,170045
3411,0.000433,74.125.24.0-255,2902,50773,74,170045
3412,0.000436,172.31.40.0-255,66,50839,74,170045
3413,0.000457,74.125.24.0-255,5379,56218,74,170045
3414,0.00046,172.31.40.0-255,66,56284,74,170045
3415,0.000479,74.125.24.0-255,394,56678,74,170045
3416,0.00051,74.125.24.0-255,1484,58162,74,170045
3417,0.000513,172.31.40.0-255,66,58228,74,170045
3418,0.000516,74.125.24.0-255,1484,59712,74,170045
3419,0.000537,74.125.24.0-255,2902,62614,74,170045
3420,0.000539,172.31.40.0-255,66,62680,74,170045
3421,0.000544,74.125.24.0-255,2902,65582,74,170045
3422,0.000546,172.31.40.0-255,66,65648,74,170045
3423,0.000575,74.125.24.0-255,5738,71386,74,170045
3424,0.000577,172.31.40.0-255,66,71452,74,170045
3425,0.000603,74.125.24.0-255,2902,74354,74,170045
3426,0.000605,172.31.40.0-255,66,74420,74,170045
3427,0.000622,172.31.40.0-255,66,74486,74,170045
3428,0.000625,74.125.24.0-255,351,74837,74,170045
3429,0.00096,74.125.24.0-255,1484,76321,74,170045
3430,0.000965,172.31.40.0-255,66,76387,74,170045
3431,0.00097,74.125.24.0-255,2902,79289,74,170045
3432,0.000972,172.31.40.0-255,66,79355,74,170045
3433,0.000979,74.125.24.0-255,5738,85093,74,170045
3434,0.000981,172.31.40.0-255,66,85159,74,170045
3435,0.000986,74.125.24.0-255,2902,88061,74,170045
3436,0.000988,172.31.40.0-255,66,88127,74,170045
3437,0.001,74.125.24.0-255,1484,89611,74,170045
3438,0.001005,74.125.24.0-255,2902,92513,74,170045
3439,0.001007,172.31.40.0-255,66,92579,74,170045
3440,0.001028,172.31.40.0-255,66,92645,74,170045
3441,0.001061,172.31.40.0-255,66,92711,74,170045
3442,0.00157,74.125.24.0-255,1484,94195,74,170045
3443,0.001577,74.125.24.0-255,2902,97097,74,170045
3444,0.001581,172.31.40.0-255,66,97163,74,170045
3445,0.001585,74.125.24.0-255,1484,98647,74,170045
3446,0.001602,74.125.24.0-255,1484,100131,74,170045
3447,0.001604,172.31.40.0-255,66,100197,74,170045
3448,0.001615,172.31.40.0-255,66,100263,74,170045
3449,0.001656,172.31.40.0-255,66,100329,74,170045
3450,0.001677,74.125.24.0-255,4320,104649,74,170045
3451,0.00168,172.31.40.0-255,66,104715,74,170045
3452,0.001714,74.125.24.0-255,3602,108317,74,170045
3453,0.001717,172.31.40.0-255,66,108383,74,170045
3454,0.001918,74.125.24.0-255,1484,109867,74,170045
3455,0.001925,74.125.24.0-255,2902,112769,74,170045
3456,0.001928,172.31.40.0-255,66,112835,74,170045
3457,0.001944,74.125.24.0-255,5738,118573,74,170045
3458,0.001947,172.31.40.0-255,66,118639,74,170045
3459,0.001953,74.125.24.0-255,4320,122959,74,170045
3460,0.001955,172.31.40.0-255,66,123025,74,170045
3461,0.001989,172.31.40.0-255,66,123091,74,170045
3462,0.002022,172.31.40.0-255,66,123157,74,170045
3463,0.002048,74.125.24.0-255,2184,125341,74,170045
3464,0.002051,172.31.40.0-255,66,125407,74,170045
3465,0.002067,172.31.40.0-255,66,125473,74,170045
3466,0.002077,172.31.40.0-255,66,125539,74,170045
3467,0.0021,74.125.24.0-255,2902,128441,74,170045
3468,0.002102,172.31.40.0-255,66,128507,74,170045
3469,0.002114,172.31.40.0-255,66,128573,74,170045
3470,0.002126,74.125.24.0-255,5738,134311,74,170045
3471,0.002128,172.31.40.0-255,66,134377,74,170045
3472,0.002131,74.125.24.0-255,1484,135861,74,170045
3473,0.002178,172.31.40.0-255,66,135927,74,170045
3474,0.002187,172.31.40.0-255,66,135993,74,170045
3475,0.002268,172.31.40.0-255,66,136059,74,170045
3476,0.002301,74.125.24.0-255,2184,138243,74,170045
3477,0.002304,74.125.24.0-255,1484,139727,74,170045
3478,0.002316,74.125.24.0-255,2902,142629,74,170045
3479,0.002335,74.125.24.0-255,2902,145531,74,170045
3480,0.002364,74.125.24.0-255,2902,148433,74,170045
3481,0.002378,74.125.24.0-255,4320,152753,74,170045
3482,0.002404,74.125.24.0-255,3602,156355,74,170045
3483,0.002425,74.125.24.0-255,1484,157839,74,170045
3484,0.002457,74.125.24.0-255,2902,160741,74,170045
3485,0.002469,74.125.24.0-255,2902,163643,74,170045
3486,0.002472,74.125.24.0-255,1484,165127,74,170045
3487,0.002508,74.125.24.0-255,2902,168029,74,170045
3488,0.002523,74.125.24.0-255,1911,169940,74,170045
3489,0.002553,74.125.24.0-255,105,170045,74,170045
3490,0.0,172.217.194.0-255,146,146,74,33319
3491,1.9e-05,172.31.40.0-255,66,212,74,33319
3492,2.6e-05,172.217.194.0-255,1484,1696,74,33319
3493,3e-05,172.31.40.0-255,66,1762,74,33319
3494,5.3e-05,172.217.194.0-255,2902,4664,74,33319
3495,5.7e-05,172.31.40.0-255,66,4730,74,33319
3496,0.000158,172.217.194.0-255,4320,9050,74,33319
3497,0.000162,172.31.40.0-255,66,9116,74,33319
3498,0.00018,172.217.194.0-255,2902,12018,74,33319
3499,0.000183,172.31.40.0-255,66,12084,74,33319
3500,0.000461,172.217.194.0-255,2038,14122,74,33319
3501,0.000466,172.31.40.0-255,66,14188,74,33319
3502,0.000548,172.217.194.0-255,2902,17090,74,33319
3503,0.000551,172.31.40.0-255,66,17156,74,33319
3504,0.000681,172.31.40.0-255,66,17222,74,33319
3505,0.000997,172.31.40.0-255,66,17288,74,33319
3506,0.001013,172.217.194.0-255,3961,21249,74,33319
3507,0.001015,172.31.40.0-255,66,21315,74,33319
3508,0.001626,172.31.40.0-255,66,21381,74,33319
3509,0.001658,172.31.40.0-255,66,21447,74,33319
3510,0.002569,172.31.40.0-255,66,21513,74,33319
3511,0.002611,172.31.40.0-255,66,21579,74,33319
3512,0.003534,172.31.40.0-255,66,21645,74,33319
3513,0.003571,172.31.40.0-255,66,21711,74,33319
3514,0.006169,172.217.194.0-255,5738,27449,74,33319
3515,0.006176,172.31.40.0-255,66,27515,74,33319
3516,0.008797,172.217.194.0-255,5738,33253,74,33319
3517,0.009311,172.31.40.0-255,66,33319,74,33319
3518,0.0,74.125.24.0-255,153,153,74,97590
3519,2.8e-05,172.31.40.0-255,66,219,74,97590
3520,3.5e-05,74.125.24.0-255,1484,1703,74,97590
3521,4e-05,172.31.40.0-255,66,1769,74,97590
3522,4.6e-05,74.125.24.0-255,2902,4671,74,97590
3523,5.5e-05,172.31.40.0-255,66,4737,74,97590
3524,6.3e-05,74.125.24.0-255,5738,10475,74,97590
3525,6.5e-05,172.31.40.0-255,66,10541,74,97590
3526,7e-05,74.125.24.0-255,2902,13443,74,97590
3527,7.3e-05,172.31.40.0-255,66,13509,74,97590
3528,0.000113,172.31.40.0-255,66,13575,74,97590
3529,0.000147,172.31.40.0-255,66,13641,74,97590
3530,0.000336,74.125.24.0-255,1484,15125,74,97590
3531,0.00034,172.31.40.0-255,66,15191,74,97590
3532,0.000346,74.125.24.0-255,2902,18093,74,97590
3533,0.000348,172.31.40.0-255,66,18159,74,97590
3534,0.000373,74.125.24.0-255,5738,23897,74,97590
3535,0.00038,172.31.40.0-255,66,23963,74,97590
3536,0.000383,74.125.24.0-255,1484,25447,74,97590
3537,0.000385,172.31.40.0-255,66,25513,74,97590
3538,0.000421,172.31.40.0-255,66,25579,74,97590
3539,0.000436,172.31.40.0-255,66,25645,74,97590
3540,0.000741,74.125.24.0-255,647,26292,74,97590
3541,0.000745,172.31.40.0-255,66,26358,74,97590
3542,0.000853,74.125.24.0-255,1484,27842,74,97590
3543,0.000857,172.31.40.0-255,66,27908,74,97590
3544,0.000874,74.125.24.0-255,2902,30810,74,97590
3545,0.000876,172.31.40.0-255,66,30876,74,97590
3546,0.000881,74.125.24.0-255,2902,33778,74,97590
3547,0.000882,172.31.40.0-255,66,33844,74,97590
3548,0.000903,74.125.24.0-255,2902,36746,74,97590
3549,0.000909,172.31.40.0-255,66,36812,74,97590
3550,0.000922,172.31.40.0-255,66,36878,74,97590
3551,0.000961,74.125.24.0-255,2902,39780,74,97590
3552,0.000963,172.31.40.0-255,66,39846,74,97590
3553,0.000998,172.31.40.0-255,66,39912,74,97590
3554,0.001043,74.125.24.0-255,1484,41396,74,97590
3555,0.001057,74.125.24.0-255,2902,44298,74,97590
3556,0.001061,172.31.40.0-255,66,44364,74,97590
3557,0.001091,74.125.24.0-255,5738,50102,74,97590
3558,0.001093,172.31.40.0-255,66,50168,74,97590
3559,0.001129,172.31.40.0-255,66,50234,74,97590
3560,0.001147,74.125.24.0-255,2902,53136,74,97590
3561,0.001149,172.31.40.0-255,66,53202,74,97590
3562,0.00116,172.31.40.0-255,66,53268,74,97590
3563,0.00118,74.125.24.0-255,1484,54752,74,97590
3564,0.001187,74.125.24.0-255,2902,57654,74,97590
3565,0.001189,172.31.40.0-255,66,57720,74,97590
3566,0.00122,74.125.24.0-255,5738,63458,74,97590
3567,0.001228,74.125.24.0-255,1484,64942,74,97590
3568,0.001231,172.31.40.0-255,66,65008,74,97590
3569,0.001234,172.31.40.0-255,66,65074,74,97590
3570,0.001274,172.31.40.0-255,66,65140,74,97590
3571,0.001282,172.31.40.0-255,66,65206,74,97590
3572,0.001313,172.31.40.0-255,66,65272,74,97590
3573,0.001317,74.125.24.0-255,2902,68174,74,97590
3574,0.001319,172.31.40.0-255,66,68240,74,97590
3575,0.001366,172.31.40.0-255,66,68306,74,97590
3576,0.001375,172.31.40.0-255,66,68372,74,97590
3577,0.002048,74.125.24.0-255,1484,69856,74,97590
3578,0.002063,74.125.24.0-255,2902,72758,74,97590
3579,0.002068,172.31.40.0-255,66,72824,74,97590
3580,0.002098,74.125.24.0-255,5738,78562,74,97590
3581,0.002101,172.31.40.0-255,66,78628,74,97590
3582,0.002104,74.125.24.0-255,1484,80112,74,97590
3583,0.002133,172.31.40.0-255,66,80178,74,97590
3584,0.004208,74.125.24.0-255,5738,85916,74,97590
3585,0.004215,172.31.40.0-255,66,85982,74,97590
3586,0.006247,74.125.24.0-255,5738,91720,74,97590
3587,0.00625,172.31.40.0-255,66,91786,74,97590
3588,0.008327,74.125.24.0-255,5738,97524,74,97590
3589,0.008333,172.31.40.0-255,66,97590,74,97590
3590,0.0,172.217.194.0-255,153,153,74,116592
3591,1.3e-05,172.31.40.0-255,66,219,74,116592
3592,1.9e-05,172.217.194.0-255,1484,1703,74,116592
3593,2.3e-05,172.31.40.0-255,66,1769,74,116592
3594,2.7e-05,172.217.194.0-255,2902,4671,74,116592
3595,3.1e-05,172.31.40.0-255,66,4737,74,116592
3596,3.4e-05,172.217.194.0-255,1484,6221,74,116592
3597,4.3e-05,172.31.40.0-255,66,6287,74,116592
3598,7.6e-05,172.217.194.0-255,2902,9189,74,116592
3599,7.9e-05,172.31.40.0-255,66,9255,74,116592
3600,9.1e-05,172.31.40.0-255,66,9321,74,116592
3601,0.000105,172.31.40.0-255,66,9387,74,116592
3602,0.000169,172.217.194.0-255,1484,10871,74,116592
3603,0.000172,172.31.40.0-255,66,10937,74,116592
3604,0.000175,172.217.194.0-255,1484,12421,74,116592
3605,0.000177,172.31.40.0-255,66,12487,74,116592
3606,0.000191,172.217.194.0-255,1484,13971,74,116592
3607,0.000193,172.31.40.0-255,66,14037,74,116592
3608,0.000202,172.217.194.0-255,5738,19775,74,116592
3609,0.000205,172.31.40.0-255,66,19841,74,116592
3610,0.000215,172.31.40.0-255,66,19907,74,116592
3611,0.000235,172.217.194.0-255,1125,21032,74,116592
3612,0.000237,172.31.40.0-255,66,21098,74,116592
3613,0.000255,172.217.194.0-255,2902,24000,74,116592
3614,0.00026,172.31.40.0-255,66,24066,74,116592
3615,0.00029,172.31.40.0-255,66,24132,74,116592
3616,0.000292,172.217.194.0-255,366,24498,74,116592
3617,0.000294,172.31.40.0-255,66,24564,74,116592
3618,0.000527,172.217.194.0-255,1484,26048,74,116592
3619,0.000534,172.217.194.0-255,2902,28950,74,116592
3620,0.000537,172.31.40.0-255,66,29016,74,116592
3621,0.000541,172.217.194.0-255,2902,31918,74,116592
3622,0.000544,172.31.40.0-255,66,31984,74,116592
3623,0.000566,172.217.194.0-255,2902,34886,74,116592
3624,0.000572,172.31.40.0-255,66,34952,74,116592
3625,0.000585,172.31.40.0-255,66,35018,74,116592
3626,0.000588,172.217.194.0-255,1484,36502,74,116592
3627,0.000627,172.31.40.0-255,66,36568,74,116592
3628,0.001334,172.217.194.0-255,1484,38052,74,116592
3629,0.001343,172.217.194.0-255,2902,40954,74,116592
3630,0.001347,172.31.40.0-255,66,41020,74,116592
3631,0.001352,172.217.194.0-255,2902,43922,74,116592
3632,0.001354,172.31.40.0-255,66,43988,74,116592
3633,0.001373,172.217.194.0-255,2902,46890,74,116592
3634,0.001378,172.31.40.0-255,66,46956,74,116592
3635,0.001381,172.217.194.0-255,1484,48440,74,116592
3636,0.001416,172.31.40.0-255,66,48506,74,116592
3637,0.001422,172.217.194.0-255,4320,52826,74,116592
3638,0.001424,172.31.40.0-255,66,52892,74,116592
3639,0.001452,172.31.40.0-255,66,52958,74,116592
3640,0.00158,172.217.194.0-255,1484,54442,74,116592
3641,0.001587,172.217.194.0-255,2902,57344,74,116592
3642,0.00159,172.31.40.0-255,66,57410,74,116592
3643,0.001597,172.217.194.0-255,5738,63148,74,116592
3644,0.001599,172.31.40.0-255,66,63214,74,116592
3645,0.001635,172.31.40.0-255,66,63280,74,116592
3646,0.001687,172.31.40.0-255,66,63346,74,116592
3647,0.001718,172.217.194.0-255,1484,64830,74,116592
3648,0.001733,172.31.40.0-255,66,64896,74,116592
3649,0.001753,172.31.40.0-255,66,64962,74,116592
3650,0.001764,172.31.40.0-255,66,65028,74,116592
3651,0.001769,172.217.194.0-255,4320,69348,74,116592
3652,0.001773,172.31.40.0-255,66,69414,74,116592
3653,0.001803,172.217.194.0-255,4320,73734,74,116592
3654,0.001807,172.31.40.0-255,66,73800,74,116592
3655,0.001823,172.31.40.0-255,66,73866,74,116592
3656,0.001835,172.31.40.0-255,66,73932,74,116592
3657,0.001864,172.217.194.0-255,5020,78952,74,116592
3658,0.001871,172.31.40.0-255,66,79018,74,116592
3659,0.001885,172.31.40.0-255,66,79084,74,116592
3660,0.001904,172.31.40.0-255,66,79150,74,116592
3661,0.001936,172.217.194.0-255,5738,84888,74,116592
3662,0.001939,172.31.40.0-255,66,84954,74,116592
3663,0.001987,172.31.40.0-255,66,85020,74,116592
3664,0.002,172.31.40.0-255,66,85086,74,116592
3665,0.002633,172.217.194.0-255,1484,86570,74,116592
3666,0.002642,172.217.194.0-255,2902,89472,74,116592
3667,0.002647,172.31.40.0-255,66,89538,74,116592
3668,0.002654,172.217.194.0-255,5738,95276,74,116592
3669,0.002658,172.31.40.0-255,66,95342,74,116592
3670,0.002667,172.217.194.0-255,1484,96826,74,116592
3671,0.002699,172.217.194.0-255,5738,102564,74,116592
3672,0.002702,172.31.40.0-255,66,102630,74,116592
3673,0.002713,172.31.40.0-255,66,102696,74,116592
3674,0.00275,172.31.40.0-255,66,102762,74,116592
3675,0.002808,172.217.194.0-255,1484,104246,74,116592
3676,0.002824,172.217.194.0-255,2902,107148,74,116592
3677,0.002826,172.31.40.0-255,66,107214,74,116592
3678,0.002831,172.217.194.0-255,2902,110116,74,116592
3679,0.002833,172.31.40.0-255,66,110182,74,116592
3680,0.002853,172.217.194.0-255,2902,113084,74,116592
3681,0.002856,172.31.40.0-255,66,113150,74,116592
3682,0.002888,172.217.194.0-255,2902,116052,74,116592
3683,0.00289,172.31.40.0-255,66,116118,74,116592
3684,0.002922,172.31.40.0-255,66,116184,74,116592
3685,0.002933,172.31.40.0-255,66,116250,74,116592
3686,0.002982,172.31.40.0-255,66,116316,74,116592
3687,0.002985,172.217.194.0-255,105,116421,74,116592
3688,0.008804,172.31.40.0-255,66,116487,74,116592
3689,0.008851,172.31.40.0-255,105,116592,74,116592
3690,0.0,74.125.24.0-255,152,152,74,168036
3691,2.4e-05,172.31.40.0-255,66,218,74,168036
3692,3.2e-05,74.125.24.0-255,1484,1702,74,168036
3693,3.7e-05,172.31.40.0-255,66,1768,74,168036
3694,4.2e-05,74.125.24.0-255,2902,4670,74,168036
3695,5.4e-05,172.31.40.0-255,66,4736,74,168036
3696,6.9e-05,172.31.40.0-255,66,4802,74,168036
3697,8.1e-05,172.31.40.0-255,66,4868,74,168036
3698,0.000119,172.31.40.0-255,66,4934,74,168036
3699,0.000123,74.125.24.0-255,2543,7477,74,168036
3700,0.000125,172.31.40.0-255,66,7543,74,168036
3701,0.000157,74.125.24.0-255,1484,9027,74,168036
3702,0.000159,172.31.40.0-255,66,9093,74,168036
3703,0.000164,74.125.24.0-255,2902,11995,74,168036
3704,0.000166,172.31.40.0-255,66,12061,74,168036
3705,0.000188,74.125.24.0-255,5738,17799,74,168036
3706,0.000191,172.31.40.0-255,66,17865,74,168036
3707,0.000206,172.31.40.0-255,66,17931,74,168036
3708,0.000233,74.125.24.0-255,5738,23669,74,168036
3709,0.000236,172.31.40.0-255,66,23735,74,168036
3710,0.000261,74.125.24.0-255,4320,28055,74,168036
3711,0.000264,172.31.40.0-255,66,28121,74,168036
3712,0.000309,172.31.40.0-255,66,28187,74,168036
3713,0.0005,74.125.24.0-255,130,28317,74,168036
3714,0.000504,172.31.40.0-255,66,28383,74,168036
3715,0.000507,74.125.24.0-255,349,28732,74,168036
3716,0.00051,172.31.40.0-255,66,28798,74,168036
3717,0.000745,74.125.24.0-255,1484,30282,74,168036
3718,0.000767,74.125.24.0-255,2902,33184,74,168036
3719,0.000769,172.31.40.0-255,66,33250,74,168036
3720,0.000774,74.125.24.0-255,2902,36152,74,168036
3721,0.000777,172.31.40.0-255,66,36218,74,168036
3722,0.000805,74.125.24.0-255,2902,39120,74,168036
3723,0.000807,172.31.40.0-255,66,39186,74,168036
3724,0.000818,172.31.40.0-255,66,39252,74,168036
3725,0.00083,172.31.40.0-255,66,39318,74,168036
3726,0.000837,74.125.24.0-255,5020,44338,74,168036
3727,0.00084,172.31.40.0-255,66,44404,74,168036
3728,0.000974,74.125.24.0-255,1484,45888,74,168036
3729,0.00098,74.125.24.0-255,2902,48790,74,168036
3730,0.000982,172.31.40.0-255,66,48856,74,168036
3731,0.001007,74.125.24.0-255,5738,54594,74,168036
3732,0.001009,172.31.40.0-255,66,54660,74,168036
3733,0.001049,172.31.40.0-255,66,54726,74,168036
3734,0.00106,172.31.40.0-255,66,54792,74,168036
3735,0.001088,74.125.24.0-255,2184,56976,74,168036
3736,0.001091,172.31.40.0-255,66,57042,74,168036
3737,0.00114,74.125.24.0-255,1484,58526,74,168036
3738,0.001153,74.125.24.0-255,2902,61428,74,168036
3739,0.001155,172.31.40.0-255,66,61494,74,168036
3740,0.00116,74.125.24.0-255,2902,64396,74,168036
3741,0.001162,172.31.40.0-255,66,64462,74,168036
3742,0.001183,74.125.24.0-255,2902,67364,74,168036
3743,0.001185,172.31.40.0-255,66,67430,74,168036
3744,0.0012,172.31.40.0-255,66,67496,74,168036
3745,0.001206,74.125.24.0-255,4320,71816,74,168036
3746,0.001209,172.31.40.0-255,66,71882,74,168036
3747,0.001238,74.125.24.0-255,4320,76202,74,168036
3748,0.001241,172.31.40.0-255,66,76268,74,168036
3749,0.001245,74.125.24.0-255,2184,78452,74,168036
3750,0.001247,172.31.40.0-255,66,78518,74,168036
3751,0.001289,74.125.24.0-255,2902,81420,74,168036
3752,0.001291,172.31.40.0-255,66,81486,74,168036
3753,0.001298,74.125.24.0-255,5738,87224,74,168036
3754,0.0013,172.31.40.0-255,66,87290,74,168036
3755,0.001304,74.125.24.0-255,2902,90192,74,168036
3756,0.001306,172.31.40.0-255,66,90258,74,168036
3757,0.001343,74.125.24.0-255,4320,94578,74,168036
3758,0.001346,172.31.40.0-255,66,94644,74,168036
3759,0.001361,172.31.40.0-255,66,94710,74,168036
3760,0.001367,74.125.24.0-255,3602,98312,74,168036
3761,0.001369,172.31.40.0-255,66,98378,74,168036
3762,0.001455,74.125.24.0-255,1484,99862,74,168036
3763,0.001461,74.125.24.0-255,2902,102764,74,168036
3764,0.001463,172.31.40.0-255,66,102830,74,168036
3765,0.001469,74.125.24.0-255,4320,107150,74,168036
3766,0.001472,172.31.40.0-255,66,107216,74,168036
3767,0.001499,74.125.24.0-255,1484,108700,74,168036
3768,0.001513,172.31.40.0-255,66,108766,74,168036
3769,0.001538,74.125.24.0-255,1484,110250,74,168036
3770,0.00157,172.31.40.0-255,66,110316,74,168036
3771,0.001594,74.125.24.0-255,1484,111800,74,168036
3772,0.001614,74.125.24.0-255,2902,114702,74,168036
3773,0.001617,172.31.40.0-255,66,114768,74,168036
3774,0.001642,74.125.24.0-255,1484,116252,74,168036
3775,0.001665,74.125.24.0-255,4320,120572,74,168036
3776,0.001668,172.31.40.0-255,66,120638,74,168036
3777,0.001671,74.125.24.0-255,1484,122122,74,168036
3778,0.001705,74.125.24.0-255,5738,127860,74,168036
3779,0.001709,172.31.40.0-255,66,127926,74,168036
3780,0.001719,172.31.40.0-255,66,127992,74,168036
3781,0.001763,74.125.24.0-255,5738,133730,74,168036
3782,0.001766,172.31.40.0-255,66,133796,74,168036
3783,0.001803,172.31.40.0-255,66,133862,74,168036
3784,0.001822,172.31.40.0-255,66,133928,74,168036
3785,0.001838,172.31.40.0-255,66,133994,74,168036
3786,0.001893,74.125.24.0-255,1484,135478,74,168036
3787,0.001898,74.125.24.0-255,2902,138380,74,168036
3788,0.0019,172.31.40.0-255,66,138446,74,168036
3789,0.001907,74.125.24.0-255,5738,144184,74,168036
3790,0.00191,172.31.40.0-255,66,144250,74,168036
3791,0.001945,172.31.40.0-255,66,144316,74,168036
3792,0.001967,74.125.24.0-255,4320,148636,74,168036
3793,0.002011,74.125.24.0-255,1484,150120,74,168036
3794,0.002016,74.125.24.0-255,2902,153022,74,168036
3795,0.002032,74.125.24.0-255,4320,157342,74,168036
3796,0.002049,74.125.24.0-255,1484,158826,74,168036
3797,0.002084,74.125.24.0-255,1484,160310,74,168036
3798,0.002122,74.125.24.0-255,3602,163912,74,168036
3799,0.002148,74.125.24.0-255,2902,166814,74,168036
3800,0.002151,74.125.24.0-255,884,167698,74,168036
3801,0.002186,74.125.24.0-255,105,167803,74,168036
3802,0.002219,172.31.40.0-255,66,167869,74,168036
3803,0.002515,172.31.40.0-255,101,167970,74,168036
3804,0.004734,74.125.24.0-255,66,168036,74,168036
3805,0.0,74.125.24.0-255,153,153,74,61541
3806,2e-05,172.31.40.0-255,66,219,74,61541
3807,2.8e-05,74.125.24.0-255,1484,1703,74,61541
3808,3.2e-05,172.31.40.0-255,66,1769,74,61541
3809,4.6e-05,74.125.24.0-255,2902,4671,74,61541
3810,5e-05,172.31.40.0-255,66,4737,74,61541
3811,5.5e-05,74.125.24.0-255,4320,9057,74,61541
3812,5.8e-05,172.31.40.0-255,66,9123,74,61541
3813,7.7e-05,74.125.24.0-255,1484,10607,74,61541
3814,7.9e-05,172.31.40.0-255,66,10673,74,61541
3815,0.000106,74.125.24.0-255,3518,14191,74,61541
3816,0.000109,172.31.40.0-255,66,14257,74,61541
3817,0.000172,74.125.24.0-255,1484,15741,74,61541
3818,0.000175,172.31.40.0-255,66,15807,74,61541
3819,0.00018,74.125.24.0-255,2902,18709,74,61541
3820,0.000182,172.31.40.0-255,66,18775,74,61541
3821,0.00021,74.125.24.0-255,4320,23095,74,61541
3822,0.000212,172.31.40.0-255,66,23161,74,61541
3823,0.000244,74.125.24.0-255,5738,28899,74,61541
3824,0.000247,172.31.40.0-255,66,28965,74,61541
3825,0.000251,74.125.24.0-255,2543,31508,74,61541
3826,0.000253,172.31.40.0-255,66,31574,74,61541
3827,0.000407,74.125.24.0-255,1484,33058,74,61541
3828,0.000413,172.31.40.0-255,66,33124,74,61541
3829,0.000419,74.125.24.0-255,2902,36026,74,61541
3830,0.000421,172.31.40.0-255,66,36092,74,61541
3831,0.000455,74.125.24.0-255,5738,41830,74,61541
3832,0.000459,172.31.40.0-255,66,41896,74,61541
3833,0.000468,172.31.40.0-255,66,41962,74,61541
3834,0.000541,172.31.40.0-255,66,42028,74,61541
3835,0.000545,74.125.24.0-255,2543,44571,74,61541
3836,0.000548,172.31.40.0-255,66,44637,74,61541
3837,0.003277,74.125.24.0-255,646,45283,74,61541
3838,0.003965,74.125.24.0-255,1484,46767,74,61541
3839,0.003972,172.31.40.0-255,66,46833,74,61541
3840,0.00398,74.125.24.0-255,2902,49735,74,61541
3841,0.003982,172.31.40.0-255,66,49801,74,61541
3842,0.005993,74.125.24.0-255,2902,52703,74,61541
3843,0.005999,172.31.40.0-255,66,52769,74,61541
3844,0.006025,74.125.24.0-255,2902,55671,74,61541
3845,0.006028,172.31.40.0-255,66,55737,74,61541
3846,0.008038,74.125.24.0-255,5738,61475,74,61541
3847,0.008046,172.31.40.0-255,66,61541,74,61541
3848,0.0,74.125.68.0-255,146,146,74,107468
3849,1.8e-05,172.31.40.0-255,66,212,74,107468
3850,2.5e-05,74.125.68.0-255,1484,1696,74,107468
3851,2.9e-05,172.31.40.0-255,66,1762,74,107468
3852,3.6e-05,74.125.68.0-255,2902,4664,74,107468
3853,4e-05,172.31.40.0-255,66,4730,74,107468
3854,4.6e-05,74.125.68.0-255,5738,10468,74,107468
3855,4.9e-05,172.31.40.0-255,66,10534,74,107468
3856,7.2e-05,74.125.68.0-255,1484,12018,74,107468
3857,7.5e-05,172.31.40.0-255,66,12084,74,107468
3858,8e-05,74.125.68.0-255,2029,14113,74,107468
3859,8.2e-05,172.31.40.0-255,66,14179,74,107468
3860,0.000148,74.125.68.0-255,1484,15663,74,107468
3861,0.000151,172.31.40.0-255,66,15729,74,107468
3862,0.000169,74.125.68.0-255,2902,18631,74,107468
3863,0.000171,172.31.40.0-255,66,18697,74,107468
3864,0.000176,74.125.68.0-255,2902,21599,74,107468
3865,0.000178,172.31.40.0-255,66,21665,74,107468
3866,0.000193,74.125.68.0-255,1484,23149,74,107468
3867,0.000195,172.31.40.0-255,66,23215,74,107468
3868,0.000224,74.125.68.0-255,5738,28953,74,107468
3869,0.000227,172.31.40.0-255,66,29019,74,107468
3870,0.000247,74.125.68.0-255,2543,31562,74,107468
3871,0.00025,172.31.40.0-255,66,31628,74,107468
3872,0.000331,74.125.68.0-255,1484,33112,74,107468
3873,0.000335,172.31.40.0-255,66,33178,74,107468
3874,0.000355,74.125.68.0-255,2902,36080,74,107468
3875,0.000357,172.31.40.0-255,66,36146,74,107468
3876,0.000363,74.125.68.0-255,4320,40466,74,107468
3877,0.000366,172.31.40.0-255,66,40532,74,107468
3878,0.000377,74.125.68.0-255,1484,42016,74,107468
3879,0.000379,172.31.40.0-255,66,42082,74,107468
3880,0.000385,74.125.68.0-255,2902,44984,74,107468
3881,0.000387,172.31.40.0-255,66,45050,74,107468
3882,0.000402,74.125.68.0-255,3961,49011,74,107468
3883,0.000405,172.31.40.0-255,66,49077,74,107468
3884,0.000421,74.125.68.0-255,2902,51979,74,107468
3885,0.000424,172.31.40.0-255,66,52045,74,107468
3886,0.000448,74.125.68.0-255,2902,54947,74,107468
3887,0.000451,172.31.40.0-255,66,55013,74,107468
3888,0.00046,172.31.40.0-255,66,55079,74,107468
3889,0.000485,74.125.68.0-255,4236,59315,74,107468
3890,0.000487,172.31.40.0-255,66,59381,74,107468
3891,0.00049,74.125.68.0-255,132,59513,74,107468
3892,0.000982,172.31.40.0-255,66,59579,74,107468
3893,0.001113,74.125.68.0-255,345,59924,74,107468
3894,0.001289,74.125.68.0-255,1484,61408,74,107468
3895,0.001296,172.31.40.0-255,66,61474,74,107468
3896,0.001304,74.125.68.0-255,2902,64376,74,107468
3897,0.001306,172.31.40.0-255,66,64442,74,107468
3898,0.00133,74.125.68.0-255,5738,70180,74,107468
3899,0.001333,172.31.40.0-255,66,70246,74,107468
3900,0.001337,74.125.68.0-255,2902,73148,74,107468
3901,0.001339,172.31.40.0-255,66,73214,74,107468
3902,0.001343,74.125.68.0-255,1484,74698,74,107468
3903,0.001366,74.125.68.0-255,1994,76692,74,107468
3904,0.001369,172.31.40.0-255,66,76758,74,107468
3905,0.001776,74.125.68.0-255,1484,78242,74,107468
3906,0.001794,74.125.68.0-255,1484,79726,74,107468
3907,0.001799,172.31.40.0-255,66,79792,74,107468
3908,0.001806,74.125.68.0-255,2902,82694,74,107468
3909,0.001808,172.31.40.0-255,66,82760,74,107468
3910,0.001814,74.125.68.0-255,4320,87080,74,107468
3911,0.001816,172.31.40.0-255,66,87146,74,107468
3912,0.001834,74.125.68.0-255,1484,88630,74,107468
3913,0.001838,74.125.68.0-255,1484,90114,74,107468
3914,0.00184,172.31.40.0-255,66,90180,74,107468
3915,0.001867,172.31.40.0-255,66,90246,74,107468
3916,0.001878,172.31.40.0-255,66,90312,74,107468
3917,0.001891,74.125.68.0-255,2902,93214,74,107468
3918,0.001893,172.31.40.0-255,66,93280,74,107468
3919,0.001904,74.125.68.0-255,766,94046,74,107468
3920,0.002126,172.31.40.0-255,66,94112,74,107468
3921,0.002547,74.125.68.0-255,1484,95596,74,107468
3922,0.002555,74.125.68.0-255,1484,97080,74,107468
3923,0.002559,172.31.40.0-255,66,97146,74,107468
3924,0.004414,74.125.68.0-255,1484,98630,74,107468
3925,0.005106,74.125.68.0-255,2902,101532,74,107468
3926,0.005109,172.31.40.0-255,66,101598,74,107468
3927,0.005128,74.125.68.0-255,1484,103082,74,107468
3928,0.007642,74.125.68.0-255,4320,107402,74,107468
3929,0.007649,172.31.40.0-255,66,107468,74,107468
3930,0.0,74.125.24.0-255,152,152,74,128583
3931,1.3e-05,172.31.40.0-255,66,218,74,128583
3932,2e-05,74.125.24.0-255,1484,1702,74,128583
3933,2.4e-05,172.31.40.0-255,66,1768,74,128583
3934,5.3e-05,74.125.24.0-255,2902,4670,74,128583
3935,5.6e-05,172.31.40.0-255,66,4736,74,128583
3936,7.2e-05,172.31.40.0-255,66,4802,74,128583
3937,9.7e-05,74.125.24.0-255,2116,6918,74,128583
3938,0.000104,172.31.40.0-255,66,6984,74,128583
3939,0.000127,74.125.24.0-255,2902,9886,74,128583
3940,0.00013,172.31.40.0-255,66,9952,74,128583
3941,0.000135,74.125.24.0-255,4320,14272,74,128583
3942,0.000137,172.31.40.0-255,66,14338,74,128583
3943,0.000179,172.31.40.0-255,66,14404,74,128583
3944,0.000182,74.125.24.0-255,1125,15529,74,128583
3945,0.000184,172.31.40.0-255,66,15595,74,128583
3946,0.000241,74.125.24.0-255,1484,17079,74,128583
3947,0.000244,172.31.40.0-255,66,17145,74,128583
3948,0.000248,74.125.24.0-255,1484,18629,74,128583
3949,0.00025,172.31.40.0-255,66,18695,74,128583
3950,0.000273,74.125.24.0-255,1484,20179,74,128583
3951,0.000275,172.31.40.0-255,66,20245,74,128583
3952,0.000283,74.125.24.0-255,5738,25983,74,128583
3953,0.00029,172.31.40.0-255,66,26049,74,128583
3954,0.0003,172.31.40.0-255,66,26115,74,128583
3955,0.000302,74.125.24.0-255,1484,27599,74,128583
3956,0.000305,172.31.40.0-255,66,27665,74,128583
3957,0.000352,172.31.40.0-255,66,27731,74,128583
3958,0.000356,74.125.24.0-255,2889,30620,74,128583
3959,0.000358,172.31.40.0-255,66,30686,74,128583
3960,0.000386,74.125.24.0-255,331,31017,74,128583
3961,0.000674,74.125.24.0-255,1484,32501,74,128583
3962,0.00068,172.31.40.0-255,66,32567,74,128583
3963,0.000686,74.125.24.0-255,2902,35469,74,128583
3964,0.000688,172.31.40.0-255,66,35535,74,128583
3965,0.000695,74.125.24.0-255,5738,41273,74,128583
3966,0.000702,172.31.40.0-255,66,41339,74,128583
3967,0.000754,172.31.40.0-255,66,41405,74,128583
3968,0.00077,172.31.40.0-255,66,41471,74,128583
3969,0.001209,74.125.24.0-255,1484,42955,74,128583
3970,0.001215,74.125.24.0-255,2902,45857,74,128583
3971,0.001219,172.31.40.0-255,66,45923,74,128583
3972,0.001224,74.125.24.0-255,2902,48825,74,128583
3973,0.001226,172.31.40.0-255,66,48891,74,128583
3974,0.00126,74.125.24.0-255,2902,51793,74,128583
3975,0.001263,172.31.40.0-255,66,51859,74,128583
3976,0.001273,172.31.40.0-255,66,51925,74,128583
3977,0.001291,172.31.40.0-255,66,51991,74,128583
3978,0.001295,74.125.24.0-255,2184,54175,74,128583
3979,0.001299,172.31.40.0-255,66,54241,74,128583
3980,0.001713,74.125.24.0-255,1484,55725,74,128583
3981,0.001731,74.125.24.0-255,2902,58627,74,128583
3982,0.001735,172.31.40.0-255,66,58693,74,128583
3983,0.00174,74.125.24.0-255,2902,61595,74,128583
3984,0.001742,172.31.40.0-255,66,61661,74,128583
3985,0.001761,74.125.24.0-255,2902,64563,74,128583
3986,0.001764,172.31.40.0-255,66,64629,74,128583
3987,0.00178,172.31.40.0-255,66,64695,74,128583
3988,0.001803,74.125.24.0-255,1484,66179,74,128583
3989,0.001836,172.31.40.0-255,66,66245,74,128583
3990,0.001849,172.31.40.0-255,66,66311,74,128583
3991,0.001874,74.125.24.0-255,4320,70631,74,128583
3992,0.001876,172.31.40.0-255,66,70697,74,128583
3993,0.001886,172.31.40.0-255,66,70763,74,128583
3994,0.001921,172.31.40.0-255,66,70829,74,128583
3995,0.002068,74.125.24.0-255,1484,72313,74,128583
3996,0.002072,74.125.24.0-255,1484,73797,74,128583
3997,0.002075,172.31.40.0-255,66,73863,74,128583
3998,0.002103,74.125.24.0-255,1484,75347,74,128583
3999,0.00211,74.125.24.0-255,5738,81085,74,128583
4000,0.002113,172.31.40.0-255,66,81151,74,128583
4001,0.002141,172.31.40.0-255,66,81217,74,128583
4002,0.002159,172.31.40.0-255,66,81283,74,128583
4003,0.002164,74.125.24.0-255,2184,83467,74,128583
4004,0.002166,172.31.40.0-255,66,83533,74,128583
4005,0.002317,74.125.24.0-255,1484,85017,74,128583
4006,0.002325,74.125.24.0-255,2902,87919,74,128583
4007,0.002328,172.31.40.0-255,66,87985,74,128583
4008,0.002362,74.125.24.0-255,5738,93723,74,128583
4009,0.002365,172.31.40.0-255,66,93789,74,128583
4010,0.002369,74.125.24.0-255,2902,96691,74,128583
4011,0.002371,172.31.40.0-255,66,96757,74,128583
4012,0.002417,172.31.40.0-255,66,96823,74,128583
4013,0.002437,172.31.40.0-255,66,96889,74,128583
4014,0.002447,172.31.40.0-255,66,96955,74,128583
4015,0.002474,74.125.24.0-255,5738,102693,74,128583
4016,0.002477,172.31.40.0-255,66,102759,74,128583
4017,0.002503,172.31.40.0-255,66,102825,74,128583
4018,0.002507,74.125.24.0-255,2902,105727,74,128583
4019,0.00251,172.31.40.0-255,66,105793,74,128583
4020,0.002562,172.31.40.0-255,66,105859,74,128583
4021,0.002571,172.31.40.0-255,66,105925,74,128583
4022,0.002581,74.125.24.0-255,2902,108827,74,128583
4023,0.002583,172.31.40.0-255,66,108893,74,128583
4024,0.002627,172.31.40.0-255,66,108959,74,128583
4025,0.00264,172.31.40.0-255,66,109025,74,128583
4026,0.002642,74.125.24.0-255,1484,110509,74,128583
4027,0.002645,172.31.40.0-255,78,110587,74,128583
4028,0.002648,74.125.24.0-255,1484,112071,74,128583
4029,0.002651,172.31.40.0-255,66,112137,74,128583
4030,0.002654,74.125.24.0-255,1484,113621,74,128583
4031,0.002702,172.31.40.0-255,66,113687,74,128583
4032,0.002705,74.125.24.0-255,1484,115171,74,128583
4033,0.002708,74.125.24.0-255,1484,116655,74,128583
4034,0.00271,172.31.40.0-255,66,116721,74,128583
4035,0.002721,74.125.24.0-255,5738,122459,74,128583
4036,0.002724,172.31.40.0-255,66,122525,74,128583
4037,0.002764,74.125.24.0-255,5738,128263,74,128583
4038,0.002766,172.31.40.0-255,66,128329,74,128583
4039,0.002797,74.125.24.0-255,149,128478,74,128583
4040,0.0028,74.125.24.0-255,105,128583,74,128583
4041,0.0,74.125.24.0-255,153,153,74,125086
4042,1.4e-05,172.31.40.0-255,66,219,74,125086
4043,2e-05,74.125.24.0-255,1484,1703,74,125086
4044,2.5e-05,172.31.40.0-255,66,1769,74,125086
4045,3e-05,74.125.24.0-255,2902,4671,74,125086
4046,3.2e-05,172.31.40.0-255,66,4737,74,125086
4047,5.7e-05,172.31.40.0-255,66,4803,74,125086
4048,0.000143,74.125.24.0-255,2068,6871,74,125086
4049,0.000146,172.31.40.0-255,66,6937,74,125086
4050,0.000183,74.125.24.0-255,2902,9839,74,125086
4051,0.000186,172.31.40.0-255,66,9905,74,125086
4052,0.00022,172.31.40.0-255,66,9971,74,125086
4053,0.000307,74.125.24.0-255,1484,11455,74,125086
4054,0.00031,172.31.40.0-255,66,11521,74,125086
4055,0.000333,74.125.24.0-255,5379,16900,74,125086
4056,0.000336,172.31.40.0-255,66,16966,74,125086
4057,0.00039,74.125.24.0-255,4320,21286,74,125086
4058,0.000393,172.31.40.0-255,66,21352,74,125086
4059,0.00041,74.125.24.0-255,2902,24254,74,125086
4060,0.000413,172.31.40.0-255,66,24320,74,125086
4061,0.000498,74.125.24.0-255,4320,28640,74,125086
4062,0.000501,172.31.40.0-255,66,28706,74,125086
4063,0.000523,74.125.24.0-255,5379,34085,74,125086
4064,0.000526,172.31.40.0-255,66,34151,74,125086
4065,0.001041,74.125.24.0-255,1484,35635,74,125086
4066,0.001046,172.31.40.0-255,66,35701,74,125086
4067,0.001054,74.125.24.0-255,2902,38603,74,125086
4068,0.001056,172.31.40.0-255,66,38669,74,125086
4069,0.001085,74.125.24.0-255,5738,44407,74,125086
4070,0.001088,172.31.40.0-255,66,44473,74,125086
4071,0.001146,74.125.24.0-255,4320,48793,74,125086
4072,0.001149,172.31.40.0-255,66,48859,74,125086
4073,0.001205,74.125.24.0-255,3123,51982,74,125086
4074,0.001207,172.31.40.0-255,66,52048,74,125086
4075,0.00133,74.125.24.0-255,1484,53532,74,125086
4076,0.001337,74.125.24.0-255,2902,56434,74,125086
4077,0.001341,172.31.40.0-255,66,56500,74,125086
4078,0.001357,74.125.24.0-255,1484,57984,74,125086
4079,0.00137,74.125.24.0-255,4320,62304,74,125086
4080,0.001372,172.31.40.0-255,66,62370,74,125086
4081,0.001451,172.31.40.0-255,66,62436,74,125086
4082,0.001535,74.125.24.0-255,5738,68174,74,125086
4083,0.001537,172.31.40.0-255,66,68240,74,125086
4084,0.001563,172.31.40.0-255,66,68306,74,125086
4085,0.001721,74.125.24.0-255,4320,72626,74,125086
4086,0.001724,172.31.40.0-255,66,72692,74,125086
4087,0.001777,74.125.24.0-255,4320,77012,74,125086
4088,0.00178,172.31.40.0-255,66,77078,74,125086
4089,0.001811,172.31.40.0-255,66,77144,74,125086
4090,0.002059,74.125.24.0-255,1484,78628,74,125086
4091,0.002064,74.125.24.0-255,2902,81530,74,125086
4092,0.002066,172.31.40.0-255,66,81596,74,125086
4093,0.0021,74.125.24.0-255,5738,87334,74,125086
4094,0.002103,172.31.40.0-255,66,87400,74,125086
4095,0.002173,74.125.24.0-255,4320,91720,74,125086
4096,0.002175,172.31.40.0-255,66,91786,74,125086
4097,0.002193,74.125.24.0-255,1484,93270,74,125086
4098,0.002287,74.125.24.0-255,4320,97590,74,125086
4099,0.002291,172.31.40.0-255,66,97656,74,125086
4100,0.002319,172.31.40.0-255,66,97722,74,125086
4101,0.00244,74.125.24.0-255,1484,99206,74,125086
4102,0.002476,172.31.40.0-255,66,99272,74,125086
4103,0.002571,74.125.24.0-255,2902,102174,74,125086
4104,0.002575,172.31.40.0-255,66,102240,74,125086
4105,0.002615,172.31.40.0-255,66,102306,74,125086
4106,0.002938,172.31.40.0-255,66,102372,74,125086
4107,0.003012,74.125.24.0-255,1484,103856,74,125086
4108,0.003045,172.31.40.0-255,66,103922,74,125086
4109,0.003089,172.31.40.0-255,66,103988,74,125086
4110,0.003107,74.125.24.0-255,5889,109877,74,125086
4111,0.00311,172.31.40.0-255,66,109943,74,125086
4112,0.003685,74.125.24.0-255,4320,114263,74,125086
4113,0.003687,172.31.40.0-255,66,114329,74,125086
4114,0.003743,172.31.40.0-255,66,114395,74,125086
4115,0.00431,172.31.40.0-255,66,114461,74,125086
4116,0.00435,172.31.40.0-255,66,114527,74,125086
4117,0.004411,172.31.40.0-255,66,114593,74,125086
4118,0.005075,74.125.24.0-255,5738,120331,74,125086
4119,0.005079,172.31.40.0-255,66,120397,74,125086
4120,0.005119,172.31.40.0-255,66,120463,74,125086
4121,0.005128,74.125.24.0-255,4320,124783,74,125086
4122,0.00513,172.31.40.0-255,66,124849,74,125086
4123,0.005152,172.31.40.0-255,66,124915,74,125086
4124,0.006466,172.31.40.0-255,105,125020,74,125086
4125,0.008777,74.125.24.0-255,66,125086,74,125086
4126,0.0,172.217.160.0-255,153,153,74,98884
4127,2.1e-05,172.31.40.0-255,66,219,74,98884
4128,2.8e-05,172.217.160.0-255,1484,1703,74,98884
4129,3.3e-05,172.31.40.0-255,66,1769,74,98884
4130,3.9e-05,172.217.160.0-255,2902,4671,74,98884
4131,4.2e-05,172.31.40.0-255,66,4737,74,98884
4132,6.6e-05,172.217.160.0-255,4320,9057,74,98884
4133,7e-05,172.31.40.0-255,66,9123,74,98884
4134,7.3e-05,172.217.160.0-255,1484,10607,74,98884
4135,7.5e-05,172.31.40.0-255,66,10673,74,98884
4136,0.000113,172.31.40.0-255,66,10739,74,98884
4137,0.000119,172.217.160.0-255,4320,15059,74,98884
4138,0.00012,172.31.40.0-255,66,15125,74,98884
4139,0.000124,172.217.160.0-255,1484,16609,74,98884
4140,0.000126,172.31.40.0-255,66,16675,74,98884
4141,0.000155,172.31.40.0-255,66,16741,74,98884
4142,0.000181,172.217.160.0-255,2902,19643,74,98884
4143,0.000184,172.31.40.0-255,66,19709,74,98884
4144,0.000189,172.217.160.0-255,4320,24029,74,98884
4145,0.000191,172.31.40.0-255,66,24095,74,98884
4146,0.000209,172.217.160.0-255,2902,26997,74,98884
4147,0.000212,172.31.40.0-255,66,27063,74,98884
4148,0.000227,172.217.160.0-255,5738,32801,74,98884
4149,0.000231,172.31.40.0-255,66,32867,74,98884
4150,0.000234,172.217.160.0-255,1125,33992,74,98884
4151,0.000236,172.31.40.0-255,66,34058,74,98884
4152,0.000283,172.217.160.0-255,1484,35542,74,98884
4153,0.000286,172.31.40.0-255,66,35608,74,98884
4154,0.000291,172.217.160.0-255,2902,38510,74,98884
4155,0.000294,172.31.40.0-255,66,38576,74,98884
4156,0.000321,172.217.160.0-255,5738,44314,74,98884
4157,0.000324,172.31.40.0-255,66,44380,74,98884
4158,0.000334,172.31.40.0-255,66,44446,74,98884
4159,0.000769,172.217.160.0-255,124,44570,74,98884
4160,0.000874,172.217.160.0-255,1484,46054,74,98884
4161,0.00088,172.31.40.0-255,66,46120,74,98884
4162,0.000885,172.217.160.0-255,2902,49022,74,98884
4163,0.000888,172.31.40.0-255,66,49088,74,98884
4164,0.000914,172.217.160.0-255,5738,54826,74,98884
4165,0.000917,172.31.40.0-255,66,54892,74,98884
4166,0.000948,172.217.160.0-255,4320,59212,74,98884
4167,0.000951,172.31.40.0-255,66,59278,74,98884
4168,0.000981,172.31.40.0-255,66,59344,74,98884
4169,0.001013,172.31.40.0-255,66,59410,74,98884
4170,0.001372,172.217.160.0-255,1484,60894,74,98884
4171,0.001377,172.217.160.0-255,2902,63796,74,98884
4172,0.001381,172.31.40.0-255,66,63862,74,98884
4173,0.001405,172.217.160.0-255,1484,65346,74,98884
4174,0.001427,172.217.160.0-255,4320,69666,74,98884
4175,0.00143,172.31.40.0-255,66,69732,74,98884
4176,0.001443,172.31.40.0-255,66,69798,74,98884
4177,0.001455,172.31.40.0-255,66,69864,74,98884
4178,0.003115,172.217.160.0-255,5738,75602,74,98884
4179,0.003122,172.31.40.0-255,66,75668,74,98884
4180,0.004784,172.217.160.0-255,5738,81406,74,98884
4181,0.004788,172.31.40.0-255,66,81472,74,98884
4182,0.006436,172.217.160.0-255,5738,87210,74,98884
4183,0.006439,172.31.40.0-255,66,87276,74,98884
4184,0.008079,172.217.160.0-255,5738,93014,74,98884
4185,0.008086,172.31.40.0-255,66,93080,74,98884
4186,0.009735,172.217.160.0-255,5738,98818,74,98884
4187,0.009744,172.31.40.0-255,66,98884,74,98884
4188,0.0,74.125.24.0-255,145,145,74,115710
4189,2.4e-05,172.31.40.0-255,66,211,74,115710
4190,3.2e-05,74.125.24.0-255,1484,1695,74,115710
4191,3.6e-05,172.31.40.0-255,66,1761,74,115710
4192,4.2e-05,74.125.24.0-255,2902,4663,74,115710
4193,4.5e-05,172.31.40.0-255,66,4729,74,115710
4194,5.6e-05,172.31.40.0-255,66,4795,74,115710
4195,8.1e-05,172.31.40.0-255,66,4861,74,115710
4196,9.5e-05,172.31.40.0-255,66,4927,74,115710
4197,0.000113,74.125.24.0-255,1484,6411,74,115710
4198,0.000116,172.31.40.0-255,66,6477,74,115710
4199,0.000166,172.31.40.0-255,66,6543,74,115710
4200,0.000204,172.31.40.0-255,66,6609,74,115710
4201,0.000327,74.125.24.0-255,647,7256,74,115710
4202,0.000331,172.31.40.0-255,66,7322,74,115710
4203,0.00056,74.125.24.0-255,1484,8806,74,115710
4204,0.000565,172.31.40.0-255,66,8872,74,115710
4205,0.000595,74.125.24.0-255,2902,11774,74,115710
4206,0.000597,172.31.40.0-255,66,11840,74,115710
4207,0.000601,74.125.24.0-255,1484,13324,74,115710
4208,0.000603,172.31.40.0-255,66,13390,74,115710
4209,0.00062,74.125.24.0-255,2902,16292,74,115710
4210,0.000623,172.31.40.0-255,66,16358,74,115710
4211,0.000629,74.125.24.0-255,5738,22096,74,115710
4212,0.000632,172.31.40.0-255,66,22162,74,115710
4213,0.000658,74.125.24.0-255,2902,25064,74,115710
4214,0.000661,172.31.40.0-255,66,25130,74,115710
4215,0.000702,74.125.24.0-255,5020,30150,74,115710
4216,0.000712,172.31.40.0-255,66,30216,74,115710
4217,0.000779,74.125.24.0-255,1484,31700,74,115710
4218,0.000792,74.125.24.0-255,2902,34602,74,115710
4219,0.000799,172.31.40.0-255,66,34668,74,115710
4220,0.000829,74.125.24.0-255,5738,40406,74,115710
4221,0.000836,74.125.24.0-255,5738,46144,74,115710
4222,0.000857,74.125.24.0-255,1484,47628,74,115710
4223,0.000862,172.31.40.0-255,66,47694,74,115710
4224,0.000874,74.125.24.0-255,2902,50596,74,115710
4225,0.000895,172.31.40.0-255,66,50662,74,115710
4226,0.000904,74.125.24.0-255,2902,53564,74,115710
4227,0.000908,172.31.40.0-255,66,53630,74,115710
4228,0.000928,74.125.24.0-255,3602,57232,74,115710
4229,0.000952,172.31.40.0-255,66,57298,74,115710
4230,0.001064,74.125.24.0-255,1484,58782,74,115710
4231,0.001103,74.125.24.0-255,1484,60266,74,115710
4232,0.001118,74.125.24.0-255,2902,63168,74,115710
4233,0.001132,172.31.40.0-255,66,63234,74,115710
4234,0.001175,74.125.24.0-255,5738,68972,74,115710
4235,0.001194,172.31.40.0-255,66,69038,74,115710
4236,0.001202,74.125.24.0-255,5738,74776,74,115710
4237,0.001249,172.31.40.0-255,66,74842,74,115710
4238,0.00129,74.125.24.0-255,3602,78444,74,115710
4239,0.001297,172.31.40.0-255,66,78510,74,115710
4240,0.001499,74.125.24.0-255,1484,79994,74,115710
4241,0.001504,74.125.24.0-255,1484,81478,74,115710
4242,0.001517,74.125.24.0-255,1484,82962,74,115710
4243,0.001524,74.125.24.0-255,5738,88700,74,115710
4244,0.00153,172.31.40.0-255,66,88766,74,115710
4245,0.001536,74.125.24.0-255,1484,90250,74,115710
4246,0.001584,172.31.40.0-255,66,90316,74,115710
4247,0.001592,74.125.24.0-255,2184,92500,74,115710
4248,0.001625,172.31.40.0-255,66,92566,74,115710
4249,0.001673,74.125.24.0-255,1484,94050,74,115710
4250,0.001698,172.31.40.0-255,66,94116,74,115710
4251,0.001705,172.31.40.0-255,66,94182,74,115710
4252,0.001726,74.125.24.0-255,4320,98502,74,115710
4253,0.001759,74.125.24.0-255,2902,101404,74,115710
4254,0.001791,172.31.40.0-255,66,101470,74,115710
4255,0.001847,172.31.40.0-255,66,101536,74,115710
4256,0.001865,74.125.24.0-255,2184,103720,74,115710
4257,0.001885,74.125.24.0-255,3602,107322,74,115710
4258,0.001925,74.125.24.0-255,1484,108806,74,115710
4259,0.001943,172.31.40.0-255,66,108872,74,115710
4260,0.001968,74.125.24.0-255,2902,111774,74,115710
4261,0.002007,74.125.24.0-255,3602,115376,74,115710
4262,0.002034,172.31.40.0-255,66,115442,74,115710
4263,0.002051,74.125.24.0-255,97,115539,74,115710
4264,0.002057,74.125.24.0-255,105,115644,74,115710
4265,0.002065,172.31.40.0-255,66,115710,74,115710
4266,0.0,172.217.194.0-255,146,146,74,109063
4267,1.6e-05,172.31.40.0-255,66,212,74,109063
4268,2.2e-05,172.217.194.0-255,1484,1696,74,109063
4269,2.6e-05,172.31.40.0-255,66,1762,74,109063
4270,5.2e-05,172.217.194.0-255,2902,4664,74,109063
4271,5.6e-05,172.31.40.0-255,66,4730,74,109063
4272,6.8e-05,172.31.40.0-255,66,4796,74,109063
4273,7.3e-05,172.217.194.0-255,3346,8142,74,109063
4274,7.6e-05,172.31.40.0-255,66,8208,74,109063
4275,9.1e-05,172.31.40.0-255,66,8274,74,109063
4276,9.5e-05,172.217.194.0-255,2543,10817,74,109063
4277,9.9e-05,172.31.40.0-255,66,10883,74,109063
4278,0.000164,172.217.194.0-255,1484,12367,74,109063
4279,0.000167,172.31.40.0-255,66,12433,74,109063
4280,0.000173,172.217.194.0-255,2902,15335,74,109063
4281,0.000176,172.31.40.0-255,66,15401,74,109063
4282,0.000187,172.217.194.0-255,4320,19721,74,109063
4283,0.00019,172.31.40.0-255,66,19787,74,109063
4284,0.000224,172.217.194.0-255,1484,21271,74,109063
4285,0.000226,172.31.40.0-255,66,21337,74,109063
4286,0.000238,172.31.40.0-255,66,21403,74,109063
4287,0.000259,172.31.40.0-255,66,21469,74,109063
4288,0.00031,172.217.194.0-255,365,21834,74,109063
4289,0.000313,172.31.40.0-255,66,21900,74,109063
4290,0.000553,172.217.194.0-255,1484,23384,74,109063
4291,0.000559,172.31.40.0-255,66,23450,74,109063
4292,0.000565,172.217.194.0-255,2902,26352,74,109063
4293,0.000568,172.31.40.0-255,66,26418,74,109063
4294,0.000574,172.217.194.0-255,4320,30738,74,109063
4295,0.000592,172.31.40.0-255,66,30804,74,109063
4296,0.000617,172.217.194.0-255,1484,32288,74,109063
4297,0.0007,172.31.40.0-255,66,32354,74,109063
4298,0.000986,172.217.194.0-255,1484,33838,74,109063
4299,0.000991,172.217.194.0-255,1484,35322,74,109063
4300,0.000994,172.31.40.0-255,66,35388,74,109063
4301,0.001022,172.217.194.0-255,1484,36872,74,109063
4302,0.00103,172.217.194.0-255,5738,42610,74,109063
4303,0.001036,172.217.194.0-255,5738,48348,74,109063
4304,0.001044,172.31.40.0-255,66,48414,74,109063
4305,0.00108,172.217.194.0-255,766,49180,74,109063
4306,0.001094,172.31.40.0-255,66,49246,74,109063
4307,0.001421,172.217.194.0-255,1484,50730,74,109063
4308,0.001426,172.217.194.0-255,1484,52214,74,109063
4309,0.001429,172.31.40.0-255,66,52280,74,109063
4310,0.001456,172.217.194.0-255,1484,53764,74,109063
4311,0.001462,172.217.194.0-255,5738,59502,74,109063
4312,0.001469,172.217.194.0-255,4320,63822,74,109063
4313,0.001484,172.31.40.0-255,66,63888,74,109063
4314,0.00152,172.217.194.0-255,1484,65372,74,109063
4315,0.001531,172.31.40.0-255,66,65438,74,109063
4316,0.001551,172.217.194.0-255,2184,67622,74,109063
4317,0.001553,172.31.40.0-255,66,67688,74,109063
4318,0.001559,172.217.194.0-255,4320,72008,74,109063
4319,0.001587,172.217.194.0-255,2902,74910,74,109063
4320,0.001618,172.31.40.0-255,66,74976,74,109063
4321,0.001629,172.217.194.0-255,1484,76460,74,109063
4322,0.001672,172.31.40.0-255,66,76526,74,109063
4323,0.001713,172.217.194.0-255,2902,79428,74,109063
4324,0.001716,172.217.194.0-255,766,80194,74,109063
4325,0.001732,172.31.40.0-255,66,80260,74,109063
4326,0.001805,172.217.194.0-255,1484,81744,74,109063
4327,0.001811,172.217.194.0-255,2902,84646,74,109063
4328,0.001816,172.217.194.0-255,2902,87548,74,109063
4329,0.001826,172.217.194.0-255,2902,90450,74,109063
4330,0.001829,172.31.40.0-255,66,90516,74,109063
4331,0.001834,172.31.40.0-255,66,90582,74,109063
4332,0.001843,172.217.194.0-255,2902,93484,74,109063
4333,0.001896,172.31.40.0-255,66,93550,74,109063
4334,0.001936,172.31.40.0-255,66,93616,74,109063
4335,0.001948,172.217.194.0-255,5738,99354,74,109063
4336,0.001966,172.217.194.0-255,2902,102256,74,109063
4337,0.002008,172.31.40.0-255,66,102322,74,109063
4338,0.002032,172.217.194.0-255,1484,103806,74,109063
4339,0.002094,172.31.40.0-255,66,103872,74,109063
4340,0.002135,172.31.40.0-255,66,103938,74,109063
4341,0.002197,172.31.40.0-255,66,104004,74,109063
4342,0.002222,172.217.194.0-255,4888,108892,74,109063
4343,0.002224,172.217.194.0-255,105,108997,74,109063
4344,0.002236,172.31.40.0-255,66,109063,74,109063
4345,0.0,172.217.194.0-255,148,148,74,153245
4346,1.9e-05,172.31.40.0-255,66,214,74,153245
4347,2.6e-05,172.217.194.0-255,1484,1698,74,153245
4348,2.9e-05,172.31.40.0-255,66,1764,74,153245
4349,3.5e-05,172.217.194.0-255,2902,4666,74,153245
4350,4.4e-05,172.31.40.0-255,66,4732,74,153245
4351,5.4e-05,172.31.40.0-255,66,4798,74,153245
4352,6.3e-05,172.31.40.0-255,66,4864,74,153245
4353,8.7e-05,172.217.194.0-255,511,5375,74,153245
4354,8.9e-05,172.31.40.0-255,66,5441,74,153245
4355,0.000102,172.31.40.0-255,66,5507,74,153245
4356,0.000127,172.217.194.0-255,3961,9468,74,153245
4357,0.000129,172.31.40.0-255,66,9534,74,153245
4358,0.00017,172.217.194.0-255,1484,11018,74,153245
4359,0.000172,172.31.40.0-255,66,11084,74,153245
4360,0.000195,172.217.194.0-255,2902,13986,74,153245
4361,0.000197,172.31.40.0-255,66,14052,74,153245
4362,0.000203,172.217.194.0-255,5738,19790,74,153245
4363,0.000205,172.31.40.0-255,66,19856,74,153245
4364,0.000244,172.31.40.0-255,66,19922,74,153245
4365,0.000251,172.217.194.0-255,5738,25660,74,153245
4366,0.000253,172.31.40.0-255,66,25726,74,153245
4367,0.00028,172.217.194.0-255,4253,29979,74,153245
4368,0.000282,172.31.40.0-255,66,30045,74,153245
4369,0.000285,172.217.194.0-255,366,30411,74,153245
4370,0.000287,172.31.40.0-255,66,30477,74,153245
4371,0.000441,172.217.194.0-255,1484,31961,74,153245
4372,0.000445,172.31.40.0-255,66,32027,74,153245
4373,0.000449,172.217.194.0-255,2902,34929,74,153245
4374,0.000451,172.31.40.0-255,66,34995,74,153245
4375,0.000454,172.217.194.0-255,1484,36479,74,153245
4376,0.000484,172.217.194.0-255,4320,40799,74,153245
4377,0.000486,172.31.40.0-255,66,40865,74,153245
4378,0.000497,172.31.40.0-255,66,40931,74,153245
4379,0.000524,172.217.194.0-255,2902,43833,74,153245
4380,0.000526,172.31.40.0-255,66,43899,74,153245
4381,0.00054,172.31.40.0-255,66,43965,74,153245
4382,0.000543,172.217.194.0-255,766,44731,74,153245
4383,0.00072,172.217.194.0-255,1484,46215,74,153245
4384,0.000723,172.31.40.0-255,66,46281,74,153245
4385,0.000728,172.217.194.0-255,2902,49183,74,153245
4386,0.00073,172.31.40.0-255,66,49249,74,153245
4387,0.000758,172.217.194.0-255,5738,54987,74,153245
4388,0.000761,172.31.40.0-255,66,55053,74,153245
4389,0.000765,172.217.194.0-255,4320,59373,74,153245
4390,0.000767,172.31.40.0-255,66,59439,74,153245
4391,0.000772,172.217.194.0-255,4320,63759,74,153245
4392,0.000774,172.31.40.0-255,66,63825,74,153245
4393,0.000808,172.31.40.0-255,66,63891,74,153245
4394,0.000816,172.31.40.0-255,66,63957,74,153245
4395,0.000838,172.217.194.0-255,214,64171,74,153245
4396,0.000849,172.31.40.0-255,66,64237,74,153245
4397,0.000857,172.31.40.0-255,66,64303,74,153245
4398,0.000891,172.31.40.0-255,66,64369,74,153245
4399,0.000918,172.217.194.0-255,2902,67271,74,153245
4400,0.00092,172.31.40.0-255,66,67337,74,153245
4401,0.000923,172.217.194.0-255,766,68103,74,153245
4402,0.001309,172.217.194.0-255,1484,69587,74,153245
4403,0.001313,172.31.40.0-255,66,69653,74,153245
4404,0.001319,172.217.194.0-255,2902,72555,74,153245
4405,0.001322,172.31.40.0-255,66,72621,74,153245
4406,0.001333,172.217.194.0-255,5738,78359,74,153245
4407,0.001335,172.31.40.0-255,66,78425,74,153245
4408,0.00138,172.217.194.0-255,2902,81327,74,153245
4409,0.001383,172.31.40.0-255,66,81393,74,153245
4410,0.001422,172.31.40.0-255,66,81459,74,153245
4411,0.001437,172.31.40.0-255,66,81525,74,153245
4412,0.00144,172.217.194.0-255,766,82291,74,153245
4413,0.001906,172.217.194.0-255,1484,83775,74,153245
4414,0.001912,172.31.40.0-255,66,83841,74,153245
4415,0.001918,172.217.194.0-255,2902,86743,74,153245
4416,0.001921,172.31.40.0-255,66,86809,74,153245
4417,0.001927,172.217.194.0-255,5738,92547,74,153245
4418,0.001934,172.31.40.0-255,66,92613,74,153245
4419,0.001976,172.31.40.0-255,66,92679,74,153245
4420,0.001989,172.31.40.0-255,66,92745,74,153245
4421,0.002102,172.217.194.0-255,1484,94229,74,153245
4422,0.002108,172.217.194.0-255,2902,97131,74,153245
4423,0.002111,172.31.40.0-255,66,97197,74,153245
4424,0.002116,172.217.194.0-255,2902,100099,74,153245
4425,0.002118,172.31.40.0-255,66,100165,74,153245
4426,0.002142,172.217.194.0-255,1484,101649,74,153245
4427,0.002182,172.217.194.0-255,5738,107387,74,153245
4428,0.002185,172.31.40.0-255,66,107453,74,153245
4429,0.002208,172.217.194.0-255,2902,110355,74,153245
4430,0.002211,172.31.40.0-255,66,110421,74,153245
4431,0.002217,172.217.194.0-255,5738,116159,74,153245
4432,0.00222,172.31.40.0-255,66,116225,74,153245
4433,0.002257,172.217.194.0-255,4320,120545,74,153245
4434,0.002259,172.31.40.0-255,66,120611,74,153245
4435,0.002274,172.31.40.0-255,66,120677,74,153245
4436,0.002277,172.217.194.0-255,1484,122161,74,153245
4437,0.002303,172.217.194.0-255,1484,123645,74,153245
4438,0.002307,172.217.194.0-255,3602,127247,74,153245
4439,0.002327,172.31.40.0-255,66,127313,74,153245
4440,0.002352,172.217.194.0-255,1484,128797,74,153245
4441,0.002357,172.217.194.0-255,2902,131699,74,153245
4442,0.002372,172.217.194.0-255,2902,134601,74,153245
4443,0.00238,172.31.40.0-255,66,134667,74,153245
4444,0.002398,172.217.194.0-255,2902,137569,74,153245
4445,0.002405,172.217.194.0-255,5738,143307,74,153245
4446,0.002421,172.217.194.0-255,2902,146209,74,153245
4447,0.002427,172.31.40.0-255,66,146275,74,153245
4448,0.002443,172.217.194.0-255,2902,149177,74,153245
4449,0.002458,172.217.194.0-255,1484,150661,74,153245
4450,0.002464,172.31.40.0-255,66,150727,74,153245
4451,0.002506,172.217.194.0-255,2184,152911,74,153245
4452,0.002573,172.31.40.0-255,66,152977,74,153245
4453,0.002621,172.217.194.0-255,97,153074,74,153245
4454,0.002623,172.217.194.0-255,105,153179,74,153245
4455,0.002643,172.31.40.0-255,66,153245,74,153245
4456,0.0,172.217.194.0-255,226,226,74,69666
4457,1.9e-05,172.31.40.0-255,66,292,74,69666
4458,2.6e-05,172.217.194.0-255,1484,1776,74,69666
4459,3e-05,172.31.40.0-255,66,1842,74,69666
4460,7.3e-05,172.217.194.0-255,4320,6162,74,69666
4461,7.6e-05,172.31.40.0-255,66,6228,74,69666
4462,0.00025,172.217.194.0-255,2902,9130,74,69666
4463,0.000255,172.31.40.0-255,66,9196,74,69666
4464,0.000286,172.217.194.0-255,4320,13516,74,69666
4465,0.00029,172.31.40.0-255,66,13582,74,69666
4466,0.000563,172.217.194.0-255,582,14164,74,69666
4467,0.000567,172.31.40.0-255,66,14230,74,69666
4468,0.000601,172.217.194.0-255,1484,15714,74,69666
4469,0.000604,172.31.40.0-255,66,15780,74,69666
4470,0.000628,172.31.40.0-255,66,15846,74,69666
4471,0.00106,172.31.40.0-255,66,15912,74,69666
4472,0.001372,172.217.194.0-255,5738,21650,74,69666
4473,0.001379,172.31.40.0-255,66,21716,74,69666
4474,0.002554,172.217.194.0-255,2902,24618,74,69666
4475,0.002559,172.31.40.0-255,66,24684,74,69666
4476,0.002609,172.217.194.0-255,2902,27586,74,69666
4477,0.002611,172.31.40.0-255,66,27652,74,69666
4478,0.002742,172.217.194.0-255,5738,33390,74,69666
4479,0.002745,172.31.40.0-255,66,33456,74,69666
4480,0.002773,172.217.194.0-255,2902,36358,74,69666
4481,0.00279,172.31.40.0-255,66,36424,74,69666
4482,0.003133,172.217.194.0-255,5738,42162,74,69666
4483,0.003139,172.31.40.0-255,66,42228,74,69666
4484,0.003396,172.31.40.0-255,66,42294,74,69666
4485,0.003426,172.217.194.0-255,1484,43778,74,69666
4486,0.003429,172.31.40.0-255,66,43844,74,69666
4487,0.003785,172.217.194.0-255,2902,46746,74,69666
4488,0.003788,172.31.40.0-255,66,46812,74,69666
4489,0.003826,172.31.40.0-255,66,46878,74,69666
4490,0.004286,172.217.194.0-255,4320,51198,74,69666
4491,0.004292,172.31.40.0-255,66,51264,74,69666
4492,0.004326,172.31.40.0-255,66,51330,74,69666
4493,0.005044,172.217.194.0-255,2902,54232,74,69666
4494,0.005047,172.31.40.0-255,66,54298,74,69666
4495,0.005086,172.31.40.0-255,66,54364,74,69666
4496,0.005672,172.217.194.0-255,1484,55848,74,69666
4497,0.005677,172.31.40.0-255,66,55914,74,69666
4498,0.006015,172.31.40.0-255,66,55980,74,69666
4499,0.006054,172.31.40.0-255,66,56046,74,69666
4500,0.006104,172.31.40.0-255,66,56112,74,69666
4501,0.006876,172.217.194.0-255,5738,61850,74,69666
4502,0.006883,172.31.40.0-255,66,61916,74,69666
4503,0.006927,172.217.194.0-255,2902,64818,74,69666
4504,0.00693,172.31.40.0-255,66,64884,74,69666
4505,0.008241,172.217.194.0-255,4320,69204,74,69666
4506,0.008249,172.31.40.0-255,66,69270,74,69666
4507,0.008295,172.31.40.0-255,66,69336,74,69666
4508,0.008633,172.31.40.0-255,66,69402,74,69666
4509,0.008688,172.31.40.0-255,66,69468,74,69666
4510,0.008867,172.31.40.0-255,66,69534,74,69666
4511,0.008938,172.31.40.0-255,66,69600,74,69666
4512,0.009449,172.31.40.0-255,66,69666,74,69666
4513,0.0,172.217.194.0-255,152,152,74,146687
4514,2e-05,172.31.40.0-255,66,218,74,146687
4515,2.8e-05,172.217.194.0-255,1484,1702,74,146687
4516,3.1e-05,172.31.40.0-255,66,1768,74,146687
4517,3.7e-05,172.217.194.0-255,2902,4670,74,146687
4518,3.9e-05,172.31.40.0-255,66,4736,74,146687
4519,5.2e-05,172.31.40.0-255,66,4802,74,146687
4520,8.4e-05,172.31.40.0-255,66,4868,74,146687
4521,0.000119,172.217.194.0-255,2902,7770,74,146687
4522,0.000121,172.31.40.0-255,66,7836,74,146687
4523,0.000137,172.217.194.0-255,3961,11797,74,146687
4524,0.00014,172.31.40.0-255,66,11863,74,146687
4525,0.000173,172.31.40.0-255,66,11929,74,146687
4526,0.000214,172.31.40.0-255,66,11995,74,146687
4527,0.000227,172.31.40.0-255,66,12061,74,146687
4528,0.000248,172.217.194.0-255,1416,13477,74,146687
4529,0.00025,172.31.40.0-255,66,13543,74,146687
4530,0.000253,172.217.194.0-255,365,13908,74,146687
4531,0.000255,172.31.40.0-255,66,13974,74,146687
4532,0.000825,172.217.194.0-255,1484,15458,74,146687
4533,0.000831,172.31.40.0-255,66,15524,74,146687
4534,0.000836,172.217.194.0-255,2902,18426,74,146687
4535,0.000839,172.31.40.0-255,66,18492,74,146687
4536,0.000846,172.217.194.0-255,5738,24230,74,146687
4537,0.000848,172.31.40.0-255,66,24296,74,146687
4538,0.000861,172.31.40.0-255,66,24362,74,146687
4539,0.00091,172.31.40.0-255,66,24428,74,146687
4540,0.000926,172.217.194.0-255,5738,30166,74,146687
4541,0.000929,172.31.40.0-255,66,30232,74,146687
4542,0.000988,172.31.40.0-255,66,30298,74,146687
4543,0.000996,172.31.40.0-255,66,30364,74,146687
4544,0.001009,172.217.194.0-255,1484,31848,74,146687
4545,0.001044,172.217.194.0-255,2902,34750,74,146687
4546,0.001047,172.31.40.0-255,66,34816,74,146687
4547,0.001053,172.217.194.0-255,4320,39136,74,146687
4548,0.001055,172.31.40.0-255,66,39202,74,146687
4549,0.001083,172.217.194.0-255,5738,44940,74,146687
4550,0.001093,172.31.40.0-255,66,45006,74,146687
4551,0.001112,172.217.194.0-255,2902,47908,74,146687
4552,0.001126,172.31.40.0-255,66,47974,74,146687
4553,0.001138,172.217.194.0-255,5738,53712,74,146687
4554,0.001159,172.217.194.0-255,3602,57314,74,146687
4555,0.001177,172.31.40.0-255,66,57380,74,146687
4556,0.001188,172.217.194.0-255,5738,63118,74,146687
4557,0.001193,172.31.40.0-255,66,63184,74,146687
4558,0.001226,172.31.40.0-255,66,63250,74,146687
4559,0.001237,172.217.194.0-255,4320,67570,74,146687
4560,0.001271,172.31.40.0-255,66,67636,74,146687
4561,0.001293,172.217.194.0-255,3602,71238,74,146687
4562,0.001318,172.31.40.0-255,66,71304,74,146687
4563,0.001382,172.217.194.0-255,1484,72788,74,146687
4564,0.001387,172.217.194.0-255,1484,74272,74,146687
4565,0.001391,172.31.40.0-255,66,74338,74,146687
4566,0.001398,172.217.194.0-255,1484,75822,74,146687
4567,0.001404,172.217.194.0-255,5738,81560,74,146687
4568,0.001426,172.217.194.0-255,5738,87298,74,146687
4569,0.00145,172.217.194.0-255,1484,88782,74,146687
4570,0.001459,172.31.40.0-255,66,88848,74,146687
4571,0.001483,172.217.194.0-255,766,89614,74,146687
4572,0.00151,172.31.40.0-255,66,89680,74,146687
4573,0.001541,172.217.194.0-255,1484,91164,74,146687
4574,0.001577,172.217.194.0-255,1484,92648,74,146687
4575,0.001589,172.31.40.0-255,66,92714,74,146687
4576,0.001597,172.217.194.0-255,1484,94198,74,146687
4577,0.001604,172.217.194.0-255,5738,99936,74,146687
4578,0.001628,172.31.40.0-255,66,100002,74,146687
4579,0.001641,172.217.194.0-255,3602,103604,74,146687
4580,0.001664,172.31.40.0-255,66,103670,74,146687
4581,0.001673,172.217.194.0-255,1484,105154,74,146687
4582,0.001677,172.217.194.0-255,1484,106638,74,146687
4583,0.001694,172.31.40.0-255,66,106704,74,146687
4584,0.001697,172.217.194.0-255,1484,108188,74,146687
4585,0.001701,172.217.194.0-255,2902,111090,74,146687
4586,0.001712,172.217.194.0-255,2902,113992,74,146687
4587,0.001718,172.217.194.0-255,5738,119730,74,146687
4588,0.001721,172.31.40.0-255,66,119796,74,146687
4589,0.00173,172.217.194.0-255,1484,121280,74,146687
4590,0.001761,172.217.194.0-255,2902,124182,74,146687
4591,0.001765,172.31.40.0-255,66,124248,74,146687
4592,0.001782,172.217.194.0-255,2184,126432,74,146687
4593,0.001799,172.31.40.0-255,66,126498,74,146687
4594,0.001818,172.217.194.0-255,4320,130818,74,146687
4595,0.001845,172.217.194.0-255,5738,136556,74,146687
4596,0.001849,172.217.194.0-255,2902,139458,74,146687
4597,0.001857,172.31.40.0-255,66,139524,74,146687
4598,0.001905,172.31.40.0-255,66,139590,74,146687
4599,0.001913,172.217.194.0-255,1484,141074,74,146687
4600,0.001952,172.31.40.0-255,66,141140,74,146687
4601,0.001978,172.31.40.0-255,66,141206,74,146687
4602,0.002003,172.217.194.0-255,5310,146516,74,146687
4603,0.00202,172.217.194.0-255,105,146621,74,146687
4604,0.002033,172.31.40.0-255,66,146687,74,146687
4605,0.0,172.217.194.0-255,152,152,74,155500
4606,1.4e-05,172.31.40.0-255,66,218,74,155500
4607,2.1e-05,172.217.194.0-255,1484,1702,74,155500
4608,2.6e-05,172.31.40.0-255,66,1768,74,155500
4609,3.2e-05,172.217.194.0-255,2902,4670,74,155500
4610,3.6e-05,172.31.40.0-255,66,4736,74,155500
4611,5.4e-05,172.31.40.0-255,66,4802,74,155500
4612,6.1e-05,172.217.194.0-255,5738,10540,74,155500
4613,6.4e-05,172.31.40.0-255,66,10606,74,155500
4614,9.5e-05,172.31.40.0-255,66,10672,74,155500
4615,0.000127,172.31.40.0-255,66,10738,74,155500
4616,0.000158,172.217.194.0-255,5738,16476,74,155500
4617,0.000161,172.31.40.0-255,66,16542,74,155500
4618,0.000165,172.217.194.0-255,2902,19444,74,155500
4619,0.000168,172.31.40.0-255,66,19510,74,155500
4620,0.000189,172.217.194.0-255,4320,23830,74,155500
4621,0.000192,172.31.40.0-255,66,23896,74,155500
4622,0.000196,172.217.194.0-255,2902,26798,74,155500
4623,0.000198,172.31.40.0-255,66,26864,74,155500
4624,0.000235,172.31.40.0-255,66,26930,74,155500
4625,0.000241,172.217.194.0-255,5670,32600,74,155500
4626,0.000244,172.31.40.0-255,66,32666,74,155500
4627,0.000583,172.217.194.0-255,364,33030,74,155500
4628,0.000589,172.31.40.0-255,66,33096,74,155500
4629,0.00062,172.217.194.0-255,1484,34580,74,155500
4630,0.000625,172.217.194.0-255,4320,38900,74,155500
4631,0.000629,172.31.40.0-255,66,38966,74,155500
4632,0.000633,172.31.40.0-255,66,39032,74,155500
4633,0.000674,172.217.194.0-255,2902,41934,74,155500
4634,0.000677,172.217.194.0-255,1125,43059,74,155500
4635,0.000691,172.31.40.0-255,66,43125,74,155500
4636,0.000726,172.217.194.0-255,2902,46027,74,155500
4637,0.000743,172.31.40.0-255,66,46093,74,155500
4638,0.00076,172.217.194.0-255,1484,47577,74,155500
4639,0.000767,172.31.40.0-255,66,47643,74,155500
4640,0.000812,172.217.194.0-255,5889,53532,74,155500
4641,0.000831,172.31.40.0-255,66,53598,74,155500
4642,0.000859,172.217.194.0-255,1484,55082,74,155500
4643,0.000864,172.217.194.0-255,2902,57984,74,155500
4644,0.000867,172.217.194.0-255,1484,59468,74,155500
4645,0.000871,172.31.40.0-255,66,59534,74,155500
4646,0.00089,172.217.194.0-255,4320,63854,74,155500
4647,0.000895,172.217.194.0-255,2902,66756,74,155500
4648,0.000914,172.31.40.0-255,66,66822,74,155500
4649,0.000942,172.217.194.0-255,4320,71142,74,155500
4650,0.000944,172.31.40.0-255,66,71208,74,155500
4651,0.000986,172.31.40.0-255,66,71274,74,155500
4652,0.001174,172.217.194.0-255,1484,72758,74,155500
4653,0.001195,172.217.194.0-255,2902,75660,74,155500
4654,0.0012,172.217.194.0-255,4320,79980,74,155500
4655,0.001215,172.217.194.0-255,1484,81464,74,155500
4656,0.001218,172.217.194.0-255,1484,82948,74,155500
4657,0.001227,172.31.40.0-255,66,83014,74,155500
4658,0.001286,172.217.194.0-255,4320,87334,74,155500
4659,0.001292,172.31.40.0-255,66,87400,74,155500
4660,0.001301,172.217.194.0-255,2184,89584,74,155500
4661,0.001308,172.217.194.0-255,2902,92486,74,155500
4662,0.001315,172.31.40.0-255,66,92552,74,155500
4663,0.001328,172.217.194.0-255,4320,96872,74,155500
4664,0.001338,172.217.194.0-255,5738,102610,74,155500
4665,0.001366,172.217.194.0-255,5738,108348,74,155500
4666,0.001376,172.31.40.0-255,66,108414,74,155500
4667,0.001385,172.217.194.0-255,2184,110598,74,155500
4668,0.001409,172.31.40.0-255,66,110664,74,155500
4669,0.001447,172.217.194.0-255,5020,115684,74,155500
4670,0.001457,172.217.194.0-255,4320,120004,74,155500
4671,0.001463,172.217.194.0-255,5738,125742,74,155500
4672,0.001524,172.217.194.0-255,4320,130062,74,155500
4673,0.001538,172.31.40.0-255,66,130128,74,155500
4674,0.001544,172.31.40.0-255,66,130194,74,155500
4675,0.001598,172.217.194.0-255,1484,131678,74,155500
4676,0.001604,172.217.194.0-255,2902,134580,74,155500
4677,0.001617,172.31.40.0-255,66,134646,74,155500
4678,0.001622,172.217.194.0-255,2902,137548,74,155500
4679,0.001627,172.31.40.0-255,66,137614,74,155500
4680,0.001654,172.217.194.0-255,2902,140516,74,155500
4681,0.001669,172.217.194.0-255,1484,142000,74,155500
4682,0.001696,172.217.194.0-255,2902,144902,74,155500
4683,0.00171,172.217.194.0-255,5738,150640,74,155500
4684,0.00172,172.31.40.0-255,66,150706,74,155500
4685,0.001768,172.217.194.0-255,2902,153608,74,155500
4686,0.001774,172.31.40.0-255,66,153674,74,155500
4687,0.001814,172.217.194.0-255,1484,155158,74,155500
4688,0.001821,172.31.40.0-255,66,155224,74,155500
4689,0.001887,172.217.194.0-255,105,155329,74,155500
4690,0.001908,172.31.40.0-255,66,155395,74,155500
4691,0.008451,172.31.40.0-255,105,155500,74,155500
4692,0.0,216.58.203.0-255,147,147,74,143659
4693,2.1e-05,172.31.40.0-255,66,213,74,143659
4694,2.8e-05,216.58.203.0-255,1484,1697,74,143659
4695,3.3e-05,172.31.40.0-255,66,1763,74,143659
4696,3.8e-05,216.58.203.0-255,2902,4665,74,143659
4697,4.2e-05,172.31.40.0-255,66,4731,74,143659
4698,4.7e-05,216.58.203.0-255,2902,7633,74,143659
4699,5e-05,172.31.40.0-255,66,7699,74,143659
4700,5.6e-05,216.58.203.0-255,4320,12019,74,143659
4701,5.9e-05,172.31.40.0-255,66,12085,74,143659
4702,8.2e-05,216.58.203.0-255,2030,14115,74,143659
4703,8.4e-05,172.31.40.0-255,66,14181,74,143659
4704,0.000107,216.58.203.0-255,2902,17083,74,143659
4705,0.000109,172.31.40.0-255,66,17149,74,143659
4706,0.00013,216.58.203.0-255,2902,20051,74,143659
4707,0.000133,172.31.40.0-255,66,20117,74,143659
4708,0.000155,216.58.203.0-255,4320,24437,74,143659
4709,0.000157,172.31.40.0-255,66,24503,74,143659
4710,0.000167,172.31.40.0-255,66,24569,74,143659
4711,0.000509,216.58.203.0-255,1484,26053,74,143659
4712,0.000514,172.31.40.0-255,66,26119,74,143659
4713,0.000522,216.58.203.0-255,2902,29021,74,143659
4714,0.000524,172.31.40.0-255,66,29087,74,143659
4715,0.00053,216.58.203.0-255,4320,33407,74,143659
4716,0.000533,172.31.40.0-255,66,33473,74,143659
4717,0.000559,216.58.203.0-255,1484,34957,74,143659
4718,0.000562,172.31.40.0-255,66,35023,74,143659
4719,0.000571,172.31.40.0-255,66,35089,74,143659
4720,0.000574,216.58.203.0-255,1484,36573,74,143659
4721,0.000576,172.31.40.0-255,66,36639,74,143659
4722,0.000578,216.58.203.0-255,1484,38123,74,143659
4723,0.000603,216.58.203.0-255,1484,39607,74,143659
4724,0.00061,216.58.203.0-255,5738,45345,74,143659
4725,0.000616,216.58.203.0-255,5738,51083,74,143659
4726,0.000627,216.58.203.0-255,1434,52517,74,143659
4727,0.000638,172.31.40.0-255,66,52583,74,143659
4728,0.000928,216.58.203.0-255,114,52697,74,143659
4729,0.001002,172.31.40.0-255,66,52763,74,143659
4730,0.001081,216.58.203.0-255,1484,54247,74,143659
4731,0.001104,216.58.203.0-255,2902,57149,74,143659
4732,0.001111,216.58.203.0-255,5738,62887,74,143659
4733,0.001123,172.31.40.0-255,66,62953,74,143659
4734,0.001132,216.58.203.0-255,1484,64437,74,143659
4735,0.001149,216.58.203.0-255,4320,68757,74,143659
4736,0.001167,216.58.203.0-255,5738,74495,74,143659
4737,0.001179,216.58.203.0-255,2543,77038,74,143659
4738,0.00119,216.58.203.0-255,329,77367,74,143659
4739,0.001215,172.31.40.0-255,66,77433,74,143659
4740,0.00129,216.58.203.0-255,1484,78917,74,143659
4741,0.001295,216.58.203.0-255,2902,81819,74,143659
4742,0.001301,172.31.40.0-255,66,81885,74,143659
4743,0.001313,216.58.203.0-255,5738,87623,74,143659
4744,0.001322,172.31.40.0-255,66,87689,74,143659
4745,0.001337,216.58.203.0-255,2902,90591,74,143659
4746,0.001352,216.58.203.0-255,5738,96329,74,143659
4747,0.001357,172.31.40.0-255,66,96395,74,143659
4748,0.001377,216.58.203.0-255,4320,100715,74,143659
4749,0.001391,216.58.203.0-255,2902,103617,74,143659
4750,0.001397,172.31.40.0-255,66,103683,74,143659
4751,0.001426,216.58.203.0-255,4320,108003,74,143659
4752,0.001438,172.31.40.0-255,66,108069,74,143659
4753,0.001479,216.58.203.0-255,5738,113807,74,143659
4754,0.001484,172.31.40.0-255,66,113873,74,143659
4755,0.001517,216.58.203.0-255,4320,118193,74,143659
4756,0.001542,216.58.203.0-255,5738,123931,74,143659
4757,0.001566,216.58.203.0-255,1484,125415,74,143659
4758,0.001569,216.58.203.0-255,766,126181,74,143659
4759,0.001578,172.31.40.0-255,66,126247,74,143659
4760,0.003248,216.58.203.0-255,5738,131985,74,143659
4761,0.003255,172.31.40.0-255,66,132051,74,143659
4762,0.004925,216.58.203.0-255,5738,137789,74,143659
4763,0.007871,172.31.40.0-255,66,137855,74,143659
4764,0.00954,216.58.203.0-255,5738,143593,74,143659
4765,0.009548,172.31.40.0-255,66,143659,74,143659
4766,0.0,172.253.118.0-255,152,152,74,161411
4767,2.4e-05,172.31.40.0-255,66,218,74,161411
4768,3.1e-05,172.253.118.0-255,1484,1702,74,161411
4769,3.6e-05,172.31.40.0-255,66,1768,74,161411
4770,4.2e-05,172.253.118.0-255,2902,4670,74,161411
4771,4.6e-05,172.31.40.0-255,66,4736,74,161411
4772,5e-05,172.253.118.0-255,2902,7638,74,161411
4773,5.4e-05,172.31.40.0-255,66,7704,74,161411
4774,0.000148,172.31.40.0-255,66,7770,74,161411
4775,0.000287,172.253.118.0-255,1484,9254,74,161411
4776,0.000291,172.31.40.0-255,66,9320,74,161411
4777,0.000299,172.253.118.0-255,2902,12222,74,161411
4778,0.000302,172.31.40.0-255,66,12288,74,161411
4779,0.000308,172.253.118.0-255,4320,16608,74,161411
4780,0.00031,172.31.40.0-255,66,16674,74,161411
4781,0.000326,172.253.118.0-255,1484,18158,74,161411
4782,0.000328,172.31.40.0-255,66,18224,74,161411
4783,0.000336,172.253.118.0-255,5738,23962,74,161411
4784,0.000338,172.31.40.0-255,66,24028,74,161411
4785,0.000385,172.31.40.0-255,66,24094,74,161411
4786,0.000408,172.253.118.0-255,5379,29473,74,161411
4787,0.000411,172.31.40.0-255,66,29539,74,161411
4788,0.000427,172.253.118.0-255,5379,34918,74,161411
4789,0.000429,172.31.40.0-255,66,34984,74,161411
4790,0.000539,172.253.118.0-255,1484,36468,74,161411
4791,0.000544,172.31.40.0-255,66,36534,74,161411
4792,0.000549,172.253.118.0-255,2902,39436,74,161411
4793,0.000552,172.31.40.0-255,66,39502,74,161411
4794,0.000574,172.253.118.0-255,5738,45240,74,161411
4795,0.000576,172.31.40.0-255,66,45306,74,161411
4796,0.00058,172.253.118.0-255,2902,48208,74,161411
4797,0.000582,172.31.40.0-255,66,48274,74,161411
4798,0.00061,172.253.118.0-255,3961,52235,74,161411
4799,0.000613,172.31.40.0-255,66,52301,74,161411
4800,0.000616,172.253.118.0-255,646,52947,74,161411
4801,0.000692,172.253.118.0-255,1484,54431,74,161411
4802,0.000696,172.31.40.0-255,66,54497,74,161411
4803,0.000701,172.253.118.0-255,2902,57399,74,161411
4804,0.000703,172.31.40.0-255,66,57465,74,161411
4805,0.000731,172.253.118.0-255,5738,63203,74,161411
4806,0.000734,172.31.40.0-255,66,63269,74,161411
4807,0.000742,172.31.40.0-255,66,63335,74,161411
4808,0.0008,172.253.118.0-255,5738,69073,74,161411
4809,0.000803,172.31.40.0-255,66,69139,74,161411
4810,0.000827,172.31.40.0-255,66,69205,74,161411
4811,0.000832,172.253.118.0-255,2543,71748,74,161411
4812,0.000834,172.31.40.0-255,66,71814,74,161411
4813,0.001014,172.253.118.0-255,1484,73298,74,161411
4814,0.00102,172.253.118.0-255,2902,76200,74,161411
4815,0.001023,172.31.40.0-255,66,76266,74,161411
4816,0.001028,172.253.118.0-255,2902,79168,74,161411
4817,0.00103,172.31.40.0-255,66,79234,74,161411
4818,0.001048,172.253.118.0-255,2902,82136,74,161411
4819,0.00105,172.31.40.0-255,66,82202,74,161411
4820,0.001059,172.31.40.0-255,66,82268,74,161411
4821,0.001092,172.31.40.0-255,66,82334,74,161411
4822,0.001116,172.253.118.0-255,5738,88072,74,161411
4823,0.00112,172.31.40.0-255,66,88138,74,161411
4824,0.001124,172.253.118.0-255,2184,90322,74,161411
4825,0.001125,172.31.40.0-255,66,90388,74,161411
4826,0.001139,172.253.118.0-255,1484,91872,74,161411
4827,0.001159,172.253.118.0-255,2902,94774,74,161411
4828,0.001162,172.31.40.0-255,66,94840,74,161411
4829,0.001169,172.253.118.0-255,5738,100578,74,161411
4830,0.001172,172.31.40.0-255,66,100644,74,161411
4831,0.001218,172.31.40.0-255,66,100710,74,161411
4832,0.001273,172.31.40.0-255,66,100776,74,161411
4833,0.001361,172.253.118.0-255,1484,102260,74,161411
4834,0.001365,172.253.118.0-255,1484,103744,74,161411
4835,0.001368,172.31.40.0-255,66,103810,74,161411
4836,0.001387,172.253.118.0-255,1484,105294,74,161411
4837,0.001393,172.253.118.0-255,5738,111032,74,161411
4838,0.001397,172.31.40.0-255,66,111098,74,161411
4839,0.001425,172.31.40.0-255,66,111164,74,161411
4840,0.001462,172.253.118.0-255,4320,115484,74,161411
4841,0.001466,172.31.40.0-255,66,115550,74,161411
4842,0.001495,172.31.40.0-255,66,115616,74,161411
4843,0.00153,172.253.118.0-255,1484,117100,74,161411
4844,0.001558,172.253.118.0-255,2902,120002,74,161411
4845,0.001572,172.253.118.0-255,2902,122904,74,161411
4846,0.001584,172.31.40.0-255,66,122970,74,161411
4847,0.001588,172.253.118.0-255,2902,125872,74,161411
4848,0.001594,172.31.40.0-255,66,125938,74,161411
4849,0.001616,172.253.118.0-255,5738,131676,74,161411
4850,0.001629,172.31.40.0-255,66,131742,74,161411
4851,0.001651,172.31.40.0-255,66,131808,74,161411
4852,0.001655,172.253.118.0-255,2902,134710,74,161411
4853,0.001692,172.31.40.0-255,66,134776,74,161411
4854,0.001784,172.253.118.0-255,1484,136260,74,161411
4855,0.001789,172.253.118.0-255,2902,139162,74,161411
4856,0.001792,172.31.40.0-255,66,139228,74,161411
4857,0.001814,172.253.118.0-255,4320,143548,74,161411
4858,0.001825,172.253.118.0-255,1484,145032,74,161411
4859,0.001831,172.31.40.0-255,66,145098,74,161411
4860,0.001899,172.31.40.0-255,66,145164,74,161411
4861,0.001961,172.253.118.0-255,1484,146648,74,161411
4862,0.002027,172.253.118.0-255,2902,149550,74,161411
4863,0.002031,172.31.40.0-255,66,149616,74,161411
4864,0.002037,172.253.118.0-255,5738,155354,74,161411
4865,0.002066,172.31.40.0-255,66,155420,74,161411
4866,0.002099,172.31.40.0-255,66,155486,74,161411
4867,0.002121,172.253.118.0-255,2184,157670,74,161411
4868,0.002182,172.31.40.0-255,66,157736,74,161411
4869,0.00222,172.31.40.0-255,66,157802,74,161411
4870,0.002239,172.253.118.0-255,2902,160704,74,161411
4871,0.002296,172.253.118.0-255,299,161003,74,161411
4872,0.002299,172.31.40.0-255,66,161069,74,161411
4873,0.00232,172.253.118.0-255,105,161174,74,161411
4874,0.004479,172.31.40.0-255,66,161240,74,161411
4875,0.004515,172.31.40.0-255,105,161345,74,161411
4876,0.007015,172.253.118.0-255,66,161411,74,161411
4877,0.0,172.217.194.0-255,152,152,74,208853
4878,2.3e-05,172.31.40.0-255,66,218,74,208853
4879,3e-05,172.217.194.0-255,1484,1702,74,208853
4880,3.4e-05,172.31.40.0-255,66,1768,74,208853
4881,4.1e-05,172.217.194.0-255,2902,4670,74,208853
4882,4.5e-05,172.31.40.0-255,66,4736,74,208853
4883,5.6e-05,172.31.40.0-255,66,4802,74,208853
4884,7e-05,172.31.40.0-255,66,4868,74,208853
4885,9.6e-05,172.217.194.0-255,4786,9654,74,208853
4886,9.8e-05,172.31.40.0-255,66,9720,74,208853
4887,0.000115,172.217.194.0-255,2543,12263,74,208853
4888,0.000118,172.31.40.0-255,66,12329,74,208853
4889,0.000149,172.217.194.0-255,1484,13813,74,208853
4890,0.000152,172.31.40.0-255,66,13879,74,208853
4891,0.000157,172.217.194.0-255,2902,16781,74,208853
4892,0.00016,172.31.40.0-255,66,16847,74,208853
4893,0.000166,172.217.194.0-255,5738,22585,74,208853
4894,0.000168,172.31.40.0-255,66,22651,74,208853
4895,0.000221,172.31.40.0-255,66,22717,74,208853
4896,0.000251,172.217.194.0-255,4320,27037,74,208853
4897,0.000254,172.31.40.0-255,66,27103,74,208853
4898,0.00026,172.217.194.0-255,5738,32841,74,208853
4899,0.000262,172.31.40.0-255,66,32907,74,208853
4900,0.000307,172.31.40.0-255,66,32973,74,208853
4901,0.000341,172.217.194.0-255,435,33408,74,208853
4902,0.000343,172.31.40.0-255,66,33474,74,208853
4903,0.000429,172.217.194.0-255,1484,34958,74,208853
4904,0.000434,172.31.40.0-255,66,35024,74,208853
4905,0.000439,172.217.194.0-255,2902,37926,74,208853
4906,0.000442,172.31.40.0-255,66,37992,74,208853
4907,0.000448,172.217.194.0-255,4320,42312,74,208853
4908,0.00045,172.31.40.0-255,66,42378,74,208853
4909,0.000476,172.217.194.0-255,1484,43862,74,208853
4910,0.000484,172.217.194.0-255,6247,50109,74,208853
4911,0.000487,172.31.40.0-255,66,50175,74,208853
4912,0.000634,172.217.194.0-255,1484,51659,74,208853
4913,0.00064,172.217.194.0-255,2902,54561,74,208853
4914,0.000643,172.31.40.0-255,66,54627,74,208853
4915,0.000649,172.217.194.0-255,2902,57529,74,208853
4916,0.000652,172.31.40.0-255,66,57595,74,208853
4917,0.000667,172.217.194.0-255,2902,60497,74,208853
4918,0.00067,172.31.40.0-255,66,60563,74,208853
4919,0.00068,172.31.40.0-255,66,60629,74,208853
4920,0.001017,172.217.194.0-255,1484,62113,74,208853
4921,0.001023,172.217.194.0-255,2902,65015,74,208853
4922,0.001027,172.31.40.0-255,66,65081,74,208853
4923,0.001033,172.217.194.0-255,2902,67983,74,208853
4924,0.001035,172.31.40.0-255,66,68049,74,208853
4925,0.001048,172.217.194.0-255,2902,70951,74,208853
4926,0.001051,172.31.40.0-255,66,71017,74,208853
4927,0.001056,172.217.194.0-255,4320,75337,74,208853
4928,0.001058,172.31.40.0-255,66,75403,74,208853
4929,0.001091,172.217.194.0-255,4320,79723,74,208853
4930,0.001094,172.31.40.0-255,66,79789,74,208853
4931,0.001107,172.31.40.0-255,66,79855,74,208853
4932,0.001113,172.217.194.0-255,5020,84875,74,208853
4933,0.001115,172.31.40.0-255,66,84941,74,208853
4934,0.001183,172.217.194.0-255,1484,86425,74,208853
4935,0.001186,172.217.194.0-255,1484,87909,74,208853
4936,0.001189,172.31.40.0-255,66,87975,74,208853
4937,0.001211,172.217.194.0-255,1484,89459,74,208853
4938,0.001218,172.217.194.0-255,5738,95197,74,208853
4939,0.001221,172.31.40.0-255,66,95263,74,208853
4940,0.001226,172.217.194.0-255,4320,99583,74,208853
4941,0.001229,172.31.40.0-255,66,99649,74,208853
4942,0.001257,172.31.40.0-255,66,99715,74,208853
4943,0.001267,172.31.40.0-255,66,99781,74,208853
4944,0.001297,172.217.194.0-255,2902,102683,74,208853
4945,0.0013,172.31.40.0-255,66,102749,74,208853
4946,0.001329,172.31.40.0-255,66,102815,74,208853
4947,0.001341,172.31.40.0-255,66,102881,74,208853
4948,0.001385,172.31.40.0-255,66,102947,74,208853
4949,0.00158,172.217.194.0-255,1484,104431,74,208853
4950,0.001586,172.217.194.0-255,2902,107333,74,208853
4951,0.001589,172.31.40.0-255,66,107399,74,208853
4952,0.001595,172.217.194.0-255,5738,113137,74,208853
4953,0.001597,172.31.40.0-255,66,113203,74,208853
4954,0.001617,172.31.40.0-255,66,113269,74,208853
4955,0.001682,172.31.40.0-255,66,113335,74,208853
4956,0.001695,172.217.194.0-255,2184,115519,74,208853
4957,0.001698,172.31.40.0-255,66,115585,74,208853
4958,0.001713,172.217.194.0-255,1484,117069,74,208853
4959,0.001739,172.217.194.0-255,2902,119971,74,208853
4960,0.001743,172.31.40.0-255,66,120037,74,208853
4961,0.001749,172.217.194.0-255,5738,125775,74,208853
4962,0.001752,172.31.40.0-255,66,125841,74,208853
4963,0.00177,172.31.40.0-255,66,125907,74,208853
4964,0.001797,172.217.194.0-255,1484,127391,74,208853
4965,0.001811,172.31.40.0-255,66,127457,74,208853
4966,0.001857,172.217.194.0-255,1484,128941,74,208853
4967,0.001863,172.217.194.0-255,2902,131843,74,208853
4968,0.001865,172.31.40.0-255,66,131909,74,208853
4969,0.00189,172.217.194.0-255,5738,137647,74,208853
4970,0.001894,172.31.40.0-255,66,137713,74,208853
4971,0.001904,172.31.40.0-255,66,137779,74,208853
4972,0.001917,172.217.194.0-255,4320,142099,74,208853
4973,0.00192,172.31.40.0-255,66,142165,74,208853
4974,0.001968,172.217.194.0-255,4320,146485,74,208853
4975,0.001971,172.31.40.0-255,66,146551,74,208853
4976,0.001997,172.31.40.0-255,66,146617,74,208853
4977,0.002128,172.217.194.0-255,1484,148101,74,208853
4978,0.002132,172.217.194.0-255,1484,149585,74,208853
4979,0.002136,172.31.40.0-255,66,149651,74,208853
4980,0.002155,172.217.194.0-255,1484,151135,74,208853
4981,0.002161,172.217.194.0-255,5738,156873,74,208853
4982,0.002164,172.31.40.0-255,66,156939,74,208853
4983,0.002174,172.31.40.0-255,66,157005,74,208853
4984,0.002191,172.217.194.0-255,5738,162743,74,208853
4985,0.002194,172.31.40.0-255,66,162809,74,208853
4986,0.002207,172.31.40.0-255,66,162875,74,208853
4987,0.002221,172.217.194.0-255,1484,164359,74,208853
4988,0.002243,172.217.194.0-255,2902,167261,74,208853
4989,0.002246,172.31.40.0-255,66,167327,74,208853
4990,0.002253,172.217.194.0-255,5738,173065,74,208853
4991,0.002255,172.31.40.0-255,66,173131,74,208853
4992,0.002278,172.217.194.0-255,5738,178869,74,208853
4993,0.002281,172.31.40.0-255,66,178935,74,208853
4994,0.002309,172.31.40.0-255,66,179001,74,208853
4995,0.002316,172.217.194.0-255,5738,184739,74,208853
4996,0.002318,172.31.40.0-255,66,184805,74,208853
4997,0.002332,172.217.194.0-255,2902,187707,74,208853
4998,0.002334,172.31.40.0-255,66,187773,74,208853
4999,0.002352,172.217.194.0-255,3602,191375,74,208853
5000,0.002356,172.31.40.0-255,66,191441,74,208853
5001,0.004668,172.217.194.0-255,5738,197179,74,208853
5002,0.004676,172.31.40.0-255,66,197245,74,208853
5003,0.00699,172.217.194.0-255,5738,202983,74,208853
5004,0.006995,172.31.40.0-255,66,203049,74,208853
5005,0.009292,172.217.194.0-255,5738,208787,74,208853
5006,0.009299,172.31.40.0-255,66,208853,74,208853
5007,0.0,172.217.194.0-255,150,150,74,132492
5008,2.3e-05,172.31.40.0-255,66,216,74,132492
5009,2.9e-05,172.217.194.0-255,1484,1700,74,132492
5010,3.4e-05,172.31.40.0-255,66,1766,74,132492
5011,4.7e-05,172.217.194.0-255,2902,4668,74,132492
5012,5.1e-05,172.31.40.0-255,66,4734,74,132492
5013,6.2e-05,172.31.40.0-255,66,4800,74,132492
5014,7.9e-05,172.31.40.0-255,66,4866,74,132492
5015,0.000102,172.217.194.0-255,3961,8827,74,132492
5016,0.000104,172.31.40.0-255,66,8893,74,132492
5017,0.000155,172.217.194.0-255,1484,10377,74,132492
5018,0.000157,172.31.40.0-255,66,10443,74,132492
5019,0.000163,172.217.194.0-255,2902,13345,74,132492
5020,0.000165,172.31.40.0-255,66,13411,74,132492
5021,0.0002,172.217.194.0-255,5738,19149,74,132492
5022,0.000203,172.31.40.0-255,66,19215,74,132492
5023,0.000212,172.31.40.0-255,66,19281,74,132492
5024,0.000224,172.217.194.0-255,1484,20765,74,132492
5025,0.000231,172.31.40.0-255,66,20831,74,132492
5026,0.000271,172.31.40.0-255,66,20897,74,132492
5027,0.000275,172.217.194.0-255,2799,23696,74,132492
5028,0.000277,172.31.40.0-255,66,23762,74,132492
5029,0.00028,172.217.194.0-255,118,23880,74,132492
5030,0.000282,172.31.40.0-255,66,23946,74,132492
5031,0.000323,172.217.194.0-255,378,24324,74,132492
5032,0.000327,172.31.40.0-255,66,24390,74,132492
5033,0.000516,172.217.194.0-255,1484,25874,74,132492
5034,0.000521,172.31.40.0-255,66,25940,74,132492
5035,0.000527,172.217.194.0-255,2902,28842,74,132492
5036,0.000535,172.217.194.0-255,5738,34580,74,132492
5037,0.000543,172.217.194.0-255,1484,36064,74,132492
5038,0.000578,172.31.40.0-255,66,36130,74,132492
5039,0.000609,172.217.194.0-255,5738,41868,74,132492
5040,0.000621,172.31.40.0-255,66,41934,74,132492
5041,0.00065,172.31.40.0-255,66,42000,74,132492
5042,0.00087,172.217.194.0-255,1484,43484,74,132492
5043,0.000876,172.217.194.0-255,2902,46386,74,132492
5044,0.000883,172.31.40.0-255,66,46452,74,132492
5045,0.000898,172.217.194.0-255,5738,52190,74,132492
5046,0.000907,172.217.194.0-255,2902,55092,74,132492
5047,0.000935,172.31.40.0-255,66,55158,74,132492
5048,0.000973,172.31.40.0-255,66,55224,74,132492
5049,0.00101,172.31.40.0-255,66,55290,74,132492
5050,0.001047,172.217.194.0-255,1484,56774,74,132492
5051,0.001053,172.217.194.0-255,2902,59676,74,132492
5052,0.001059,172.217.194.0-255,5738,65414,74,132492
5053,0.001064,172.217.194.0-255,4320,69734,74,132492
5054,0.001067,172.217.194.0-255,1484,71218,74,132492
5055,0.001072,172.31.40.0-255,66,71284,74,132492
5056,0.001141,172.217.194.0-255,4320,75604,74,132492
5057,0.001156,172.217.194.0-255,3602,79206,74,132492
5058,0.001184,172.217.194.0-255,2902,82108,74,132492
5059,0.001191,172.31.40.0-255,66,82174,74,132492
5060,0.001212,172.217.194.0-255,766,82940,74,132492
5061,0.001218,172.31.40.0-255,66,83006,74,132492
5062,0.001245,172.217.194.0-255,1484,84490,74,132492
5063,0.001247,172.217.194.0-255,1484,85974,74,132492
5064,0.001266,172.217.194.0-255,4320,90294,74,132492
5065,0.001277,172.217.194.0-255,1484,91778,74,132492
5066,0.001316,172.31.40.0-255,66,91844,74,132492
5067,0.001344,172.31.40.0-255,66,91910,74,132492
5068,0.001431,172.217.194.0-255,1484,93394,74,132492
5069,0.001435,172.217.194.0-255,2902,96296,74,132492
5070,0.001445,172.217.194.0-255,2902,99198,74,132492
5071,0.001459,172.217.194.0-255,2902,102100,74,132492
5072,0.001464,172.217.194.0-255,5738,107838,74,132492
5073,0.00147,172.31.40.0-255,66,107904,74,132492
5074,0.001477,172.217.194.0-255,1484,109388,74,132492
5075,0.001517,172.217.194.0-255,5020,114408,74,132492
5076,0.001547,172.217.194.0-255,1484,115892,74,132492
5077,0.001561,172.31.40.0-255,66,115958,74,132492
5078,0.001572,172.217.194.0-255,4320,120278,74,132492
5079,0.001583,172.217.194.0-255,2902,123180,74,132492
5080,0.001597,172.31.40.0-255,66,123246,74,132492
5081,0.001607,172.217.194.0-255,2902,126148,74,132492
5082,0.001631,172.217.194.0-255,5738,131886,74,132492
5083,0.001642,172.31.40.0-255,66,131952,74,132492
5084,0.001712,172.31.40.0-255,66,132018,74,132492
5085,0.00176,172.31.40.0-255,66,132084,74,132492
5086,0.001867,172.217.194.0-255,105,132189,74,132492
5087,0.001872,172.31.40.0-255,66,132255,74,132492
5088,0.001877,172.31.40.0-255,66,132321,74,132492
5089,0.00425,172.31.40.0-255,105,132426,74,132492
5090,0.006703,172.217.194.0-255,66,132492,74,132492
5091,0.0,74.125.68.0-255,220,220,74,209176
5092,2.6e-05,172.31.40.0-255,66,286,74,209176
5093,3.3e-05,74.125.68.0-255,1484,1770,74,209176
5094,3.8e-05,172.31.40.0-255,66,1836,74,209176
5095,4.5e-05,74.125.68.0-255,4320,6156,74,209176
5096,5e-05,172.31.40.0-255,66,6222,74,209176
5097,5.6e-05,74.125.68.0-255,5738,11960,74,209176
5098,5.9e-05,172.31.40.0-255,66,12026,74,209176
5099,7.9e-05,74.125.68.0-255,1484,13510,74,209176
5100,8.2e-05,172.31.40.0-255,66,13576,74,209176
5101,0.000117,172.31.40.0-255,66,13642,74,209176
5102,0.000137,74.125.68.0-255,1484,15126,74,209176
5103,0.000139,172.31.40.0-255,66,15192,74,209176
5104,0.000166,172.31.40.0-255,66,15258,74,209176
5105,0.000304,74.125.68.0-255,1484,16742,74,209176
5106,0.000309,172.31.40.0-255,66,16808,74,209176
5107,0.000315,74.125.68.0-255,2902,19710,74,209176
5108,0.000317,172.31.40.0-255,66,19776,74,209176
5109,0.000335,74.125.68.0-255,5738,25514,74,209176
5110,0.000338,172.31.40.0-255,66,25580,74,209176
5111,0.000381,74.125.68.0-255,2902,28482,74,209176
5112,0.000384,172.31.40.0-255,66,28548,74,209176
5113,0.000405,74.125.68.0-255,3961,32509,74,209176
5114,0.000408,172.31.40.0-255,66,32575,74,209176
5115,0.000433,74.125.68.0-255,1484,34059,74,209176
5116,0.000435,172.31.40.0-255,66,34125,74,209176
5117,0.000451,74.125.68.0-255,2902,37027,74,209176
5118,0.000453,172.31.40.0-255,66,37093,74,209176
5119,0.000475,74.125.68.0-255,2902,39995,74,209176
5120,0.000478,172.31.40.0-255,66,40061,74,209176
5121,0.000493,74.125.68.0-255,2902,42963,74,209176
5122,0.000496,172.31.40.0-255,66,43029,74,209176
5123,0.000501,74.125.68.0-255,4320,47349,74,209176
5124,0.000503,172.31.40.0-255,66,47415,74,209176
5125,0.000527,74.125.68.0-255,2841,50256,74,209176
5126,0.00053,172.31.40.0-255,66,50322,74,209176
5127,0.000533,74.125.68.0-255,410,50732,74,209176
5128,0.000731,74.125.68.0-255,1484,52216,74,209176
5129,0.000737,172.31.40.0-255,66,52282,74,209176
5130,0.00074,74.125.68.0-255,1484,53766,74,209176
5131,0.000755,74.125.68.0-255,1484,55250,74,209176
5132,0.000758,172.31.40.0-255,66,55316,74,209176
5133,0.000764,74.125.68.0-255,4320,59636,74,209176
5134,0.000767,172.31.40.0-255,66,59702,74,209176
5135,0.000794,74.125.68.0-255,5738,65440,74,209176
5136,0.000798,172.31.40.0-255,66,65506,74,209176
5137,0.000804,74.125.68.0-255,5738,71244,74,209176
5138,0.000806,172.31.40.0-255,66,71310,74,209176
5139,0.000826,74.125.68.0-255,5738,77048,74,209176
5140,0.000829,172.31.40.0-255,66,77114,74,209176
5141,0.000835,74.125.68.0-255,5738,82852,74,209176
5142,0.000837,172.31.40.0-255,66,82918,74,209176
5143,0.000861,74.125.68.0-255,2184,85102,74,209176
5144,0.000864,172.31.40.0-255,66,85168,74,209176
5145,0.001187,74.125.68.0-255,1484,86652,74,209176
5146,0.001193,74.125.68.0-255,1484,88136,74,209176
5147,0.001196,172.31.40.0-255,66,88202,74,209176
5148,0.001217,74.125.68.0-255,1484,89686,74,209176
5149,0.001222,74.125.68.0-255,2902,92588,74,209176
5150,0.001225,172.31.40.0-255,66,92654,74,209176
5151,0.001229,74.125.68.0-255,1484,94138,74,209176
5152,0.001248,74.125.68.0-255,2902,97040,74,209176
5153,0.00125,172.31.40.0-255,66,97106,74,209176
5154,0.001261,172.31.40.0-255,66,97172,74,209176
5155,0.001296,74.125.68.0-255,5738,102910,74,209176
5156,0.0013,172.31.40.0-255,66,102976,74,209176
5157,0.001309,172.31.40.0-255,66,103042,74,209176
5158,0.001311,74.125.68.0-255,766,103808,74,209176
5159,0.001394,74.125.68.0-255,1484,105292,74,209176
5160,0.001398,172.31.40.0-255,66,105358,74,209176
5161,0.00142,74.125.68.0-255,2902,108260,74,209176
5162,0.001422,172.31.40.0-255,66,108326,74,209176
5163,0.001426,74.125.68.0-255,2902,111228,74,209176
5164,0.001429,172.31.40.0-255,66,111294,74,209176
5165,0.001435,74.125.68.0-255,4320,115614,74,209176
5166,0.001438,172.31.40.0-255,66,115680,74,209176
5167,0.00148,172.31.40.0-255,66,115746,74,209176
5168,0.001486,74.125.68.0-255,4320,120066,74,209176
5169,0.001488,172.31.40.0-255,66,120132,74,209176
5170,0.001495,74.125.68.0-255,5738,125870,74,209176
5171,0.001498,172.31.40.0-255,66,125936,74,209176
5172,0.001518,74.125.68.0-255,3602,129538,74,209176
5173,0.001521,172.31.40.0-255,66,129604,74,209176
5174,0.001692,74.125.68.0-255,1484,131088,74,209176
5175,0.001713,74.125.68.0-255,2902,133990,74,209176
5176,0.001717,172.31.40.0-255,66,134056,74,209176
5177,0.001722,74.125.68.0-255,4320,138376,74,209176
5178,0.001724,172.31.40.0-255,66,138442,74,209176
5179,0.001743,74.125.68.0-255,1484,139926,74,209176
5180,0.001762,172.31.40.0-255,66,139992,74,209176
5181,0.001769,74.125.68.0-255,5738,145730,74,209176
5182,0.001771,172.31.40.0-255,66,145796,74,209176
5183,0.001785,74.125.68.0-255,1484,147280,74,209176
5184,0.001796,172.31.40.0-255,66,147346,74,209176
5185,0.001822,74.125.68.0-255,1484,148830,74,209176
5186,0.001825,74.125.68.0-255,766,149596,74,209176
5187,0.001827,172.31.40.0-255,66,149662,74,209176
5188,0.001909,74.125.68.0-255,1484,151146,74,209176
5189,0.001923,74.125.68.0-255,2902,154048,74,209176
5190,0.001933,172.31.40.0-255,66,154114,74,209176
5191,0.001947,74.125.68.0-255,1484,155598,74,209176
5192,0.001966,74.125.68.0-255,4320,159918,74,209176
5193,0.00197,172.31.40.0-255,66,159984,74,209176
5194,0.002,74.125.68.0-255,2902,162886,74,209176
5195,0.002004,172.31.40.0-255,66,162952,74,209176
5196,0.00202,172.31.40.0-255,66,163018,74,209176
5197,0.002046,74.125.68.0-255,2902,165920,74,209176
5198,0.00205,172.31.40.0-255,66,165986,74,209176
5199,0.002057,74.125.68.0-255,5738,171724,74,209176
5200,0.002059,172.31.40.0-255,66,171790,74,209176
5201,0.002093,172.31.40.0-255,66,171856,74,209176
5202,0.002113,74.125.68.0-255,5020,176876,74,209176
5203,0.002116,172.31.40.0-255,66,176942,74,209176
5204,0.002137,172.31.40.0-255,66,177008,74,209176
5205,0.00217,74.125.68.0-255,2902,179910,74,209176
5206,0.002173,172.31.40.0-255,66,179976,74,209176
5207,0.002179,74.125.68.0-255,5020,184996,74,209176
5208,0.002181,172.31.40.0-255,66,185062,74,209176
5209,0.002196,172.31.40.0-255,66,185128,74,209176
5210,0.002212,172.31.40.0-255,66,185194,74,209176
5211,0.002214,74.125.68.0-255,766,185960,74,209176
5212,0.002237,74.125.68.0-255,5738,191698,74,209176
5213,0.00224,172.31.40.0-255,66,191764,74,209176
5214,0.004455,74.125.68.0-255,5738,197502,74,209176
5215,0.00448,172.31.40.0-255,66,197568,74,209176
5216,0.006735,74.125.68.0-255,5738,203306,74,209176
5217,0.006756,172.31.40.0-255,66,203372,74,209176
5218,0.008973,74.125.68.0-255,5738,209110,74,209176
5219,0.008989,172.31.40.0-255,66,209176,74,209176
5220,0.0,74.125.200.0-255,152,152,74,179360
5221,2e-05,172.31.40.0-255,66,218,74,179360
5222,2.7e-05,74.125.200.0-255,1484,1702,74,179360
5223,3.2e-05,172.31.40.0-255,66,1768,74,179360
5224,3.5e-05,74.125.200.0-255,1484,3252,74,179360
5225,3.7e-05,172.31.40.0-255,66,3318,74,179360
5226,5e-05,74.125.200.0-255,2902,6220,74,179360
5227,5.3e-05,172.31.40.0-255,66,6286,74,179360
5228,6e-05,74.125.200.0-255,5738,12024,74,179360
5229,6.3e-05,172.31.40.0-255,66,12090,74,179360
5230,6.9e-05,74.125.200.0-255,6182,18272,74,179360
5231,7.2e-05,172.31.40.0-255,66,18338,74,179360
5232,9.3e-05,74.125.200.0-255,1484,19822,74,179360
5233,9.5e-05,172.31.40.0-255,66,19888,74,179360
5234,0.000127,74.125.200.0-255,5738,25626,74,179360
5235,0.00013,172.31.40.0-255,66,25692,74,179360
5236,0.000135,74.125.200.0-255,5379,31071,74,179360
5237,0.000137,172.31.40.0-255,66,31137,74,179360
5238,0.000196,74.125.200.0-255,1484,32621,74,179360
5239,0.000198,172.31.40.0-255,66,32687,74,179360
5240,0.000201,74.125.200.0-255,1484,34171,74,179360
5241,0.000203,172.31.40.0-255,66,34237,74,179360
5242,0.000231,74.125.200.0-255,2902,37139,74,179360
5243,0.000233,172.31.40.0-255,66,37205,74,179360
5244,0.000239,74.125.200.0-255,5738,42943,74,179360
5245,0.000241,172.31.40.0-255,66,43009,74,179360
5246,0.000266,74.125.200.0-255,2902,45911,74,179360
5247,0.000268,172.31.40.0-255,66,45977,74,179360
5248,0.000291,74.125.200.0-255,3961,49938,74,179360
5249,0.000293,172.31.40.0-255,66,50004,74,179360
5250,0.000302,172.31.40.0-255,66,50070,74,179360
5251,0.000325,74.125.200.0-255,1484,51554,74,179360
5252,0.000355,172.31.40.0-255,66,51620,74,179360
5253,0.000358,74.125.200.0-255,112,51732,74,179360
5254,0.00036,74.125.200.0-255,330,52062,74,179360
5255,0.000715,74.125.200.0-255,1484,53546,74,179360
5256,0.00072,172.31.40.0-255,66,53612,74,179360
5257,0.000725,74.125.200.0-255,2902,56514,74,179360
5258,0.000727,172.31.40.0-255,66,56580,74,179360
5259,0.000758,74.125.200.0-255,5738,62318,74,179360
5260,0.000761,172.31.40.0-255,66,62384,74,179360
5261,0.000769,172.31.40.0-255,66,62450,74,179360
5262,0.000795,74.125.200.0-255,5738,68188,74,179360
5263,0.000797,172.31.40.0-255,66,68254,74,179360
5264,0.000829,172.31.40.0-255,66,68320,74,179360
5265,0.000857,74.125.200.0-255,3602,71922,74,179360
5266,0.000859,172.31.40.0-255,66,71988,74,179360
5267,0.001081,74.125.200.0-255,1484,73472,74,179360
5268,0.001097,74.125.200.0-255,2902,76374,74,179360
5269,0.0011,172.31.40.0-255,66,76440,74,179360
5270,0.001124,74.125.200.0-255,5738,82178,74,179360
5271,0.001127,172.31.40.0-255,66,82244,74,179360
5272,0.001161,172.31.40.0-255,66,82310,74,179360
5273,0.001229,172.31.40.0-255,66,82376,74,179360
5274,0.001256,74.125.200.0-255,3602,85978,74,179360
5275,0.001259,172.31.40.0-255,66,86044,74,179360
5276,0.001933,74.125.200.0-255,1484,87528,74,179360
5277,0.001948,74.125.200.0-255,2902,90430,74,179360
5278,0.001952,172.31.40.0-255,66,90496,74,179360
5279,0.002004,74.125.200.0-255,5738,96234,74,179360
5280,0.002006,172.31.40.0-255,66,96300,74,179360
5281,0.002015,172.31.40.0-255,66,96366,74,179360
5282,0.002033,172.31.40.0-255,66,96432,74,179360
5283,0.00206,74.125.200.0-255,2184,98616,74,179360
5284,0.002062,172.31.40.0-255,66,98682,74,179360
5285,0.002115,74.125.200.0-255,1484,100166,74,179360
5286,0.002118,74.125.200.0-255,2902,103068,74,179360
5287,0.00212,172.31.40.0-255,66,103134,74,179360
5288,0.002143,74.125.200.0-255,4320,107454,74,179360
5289,0.002146,172.31.40.0-255,66,107520,74,179360
5290,0.002169,74.125.200.0-255,1484,109004,74,179360
5291,0.002174,74.125.200.0-255,4320,113324,74,179360
5292,0.002176,172.31.40.0-255,66,113390,74,179360
5293,0.002195,74.125.200.0-255,5738,119128,74,179360
5294,0.002197,172.31.40.0-255,66,119194,74,179360
5295,0.002203,74.125.200.0-255,5738,124932,74,179360
5296,0.002205,172.31.40.0-255,66,124998,74,179360
5297,0.002235,74.125.200.0-255,5738,130736,74,179360
5298,0.002238,172.31.40.0-255,66,130802,74,179360
5299,0.002241,74.125.200.0-255,2184,132986,74,179360
5300,0.002243,172.31.40.0-255,66,133052,74,179360
5301,0.002376,74.125.200.0-255,1484,134536,74,179360
5302,0.002379,74.125.200.0-255,1484,136020,74,179360
5303,0.002381,172.31.40.0-255,66,136086,74,179360
5304,0.002404,74.125.200.0-255,1484,137570,74,179360
5305,0.002409,74.125.200.0-255,5738,143308,74,179360
5306,0.002411,172.31.40.0-255,66,143374,74,179360
5307,0.002416,74.125.200.0-255,2902,146276,74,179360
5308,0.002417,172.31.40.0-255,66,146342,74,179360
5309,0.002433,74.125.200.0-255,1484,147826,74,179360
5310,0.002439,74.125.200.0-255,5738,153564,74,179360
5311,0.002445,172.31.40.0-255,66,153630,74,179360
5312,0.002463,74.125.200.0-255,5738,159368,74,179360
5313,0.002466,172.31.40.0-255,66,159434,74,179360
5314,0.00249,74.125.200.0-255,5738,165172,74,179360
5315,0.002492,172.31.40.0-255,66,165238,74,179360
5316,0.002496,74.125.200.0-255,2184,167422,74,179360
5317,0.002498,172.31.40.0-255,66,167488,74,179360
5318,0.004986,74.125.200.0-255,2902,170390,74,179360
5319,0.004991,172.31.40.0-255,66,170456,74,179360
5320,0.005019,74.125.200.0-255,2902,173358,74,179360
5321,0.005021,172.31.40.0-255,66,173424,74,179360
5322,0.007501,74.125.200.0-255,2902,176326,74,179360
5323,0.007508,172.31.40.0-255,66,176392,74,179360
5324,0.00754,74.125.200.0-255,2902,179294,74,179360
5325,0.007543,172.31.40.0-255,66,179360,74,179360
5326,0.0,74.125.68.0-255,297,297,74,203818
5327,1.5e-05,172.31.40.0-255,66,363,74,203818
5328,2.1e-05,74.125.68.0-255,1484,1847,74,203818
5329,2.5e-05,172.31.40.0-255,66,1913,74,203818
5330,3.1e-05,74.125.68.0-255,2902,4815,74,203818
5331,3.3e-05,172.31.40.0-255,66,4881,74,203818
5332,6.1e-05,74.125.68.0-255,5738,10619,74,203818
5333,6.4e-05,172.31.40.0-255,66,10685,74,203818
5334,6.8e-05,74.125.68.0-255,3246,13931,74,203818
5335,7.1e-05,172.31.40.0-255,66,13997,74,203818
5336,9.7e-05,74.125.68.0-255,4320,18317,74,203818
5337,9.9e-05,172.31.40.0-255,66,18383,74,203818
5338,0.000116,74.125.68.0-255,4320,22703,74,203818
5339,0.000118,172.31.40.0-255,66,22769,74,203818
5340,0.00014,74.125.68.0-255,5738,28507,74,203818
5341,0.000142,172.31.40.0-255,66,28573,74,203818
5342,0.000173,74.125.68.0-255,2543,31116,74,203818
5343,0.000177,172.31.40.0-255,66,31182,74,203818
5344,0.000243,74.125.68.0-255,1484,32666,74,203818
5345,0.000246,172.31.40.0-255,66,32732,74,203818
5346,0.000251,74.125.68.0-255,2902,35634,74,203818
5347,0.000253,172.31.40.0-255,66,35700,74,203818
5348,0.000259,74.125.68.0-255,5738,41438,74,203818
5349,0.000262,172.31.40.0-255,66,41504,74,203818
5350,0.000266,74.125.68.0-255,2902,44406,74,203818
5351,0.000268,172.31.40.0-255,66,44472,74,203818
5352,0.000285,74.125.68.0-255,3961,48433,74,203818
5353,0.000288,172.31.40.0-255,66,48499,74,203818
5354,0.000322,172.31.40.0-255,66,48565,74,203818
5355,0.000327,74.125.68.0-255,4320,52885,74,203818
5356,0.000329,172.31.40.0-255,66,52951,74,203818
5357,0.000388,74.125.68.0-255,4234,57185,74,203818
5358,0.000392,172.31.40.0-255,66,57251,74,203818
5359,0.000395,74.125.68.0-255,133,57384,74,203818
5360,0.00046,74.125.68.0-255,1484,58868,74,203818
5361,0.000464,172.31.40.0-255,66,58934,74,203818
5362,0.000468,74.125.68.0-255,1484,60418,74,203818
5363,0.000473,74.125.68.0-255,2902,63320,74,203818
5364,0.000475,172.31.40.0-255,66,63386,74,203818
5365,0.000508,74.125.68.0-255,5738,69124,74,203818
5366,0.000511,172.31.40.0-255,66,69190,74,203818
5367,0.000524,74.125.68.0-255,2902,72092,74,203818
5368,0.000526,172.31.40.0-255,66,72158,74,203818
5369,0.000553,172.31.40.0-255,66,72224,74,203818
5370,0.000556,74.125.68.0-255,1484,73708,74,203818
5371,0.00059,172.31.40.0-255,66,73774,74,203818
5372,0.000594,74.125.68.0-255,1046,74820,74,203818
5373,0.000647,74.125.68.0-255,1484,76304,74,203818
5374,0.00065,172.31.40.0-255,66,76370,74,203818
5375,0.000664,74.125.68.0-255,1484,77854,74,203818
5376,0.000679,74.125.68.0-255,1484,79338,74,203818
5377,0.000681,172.31.40.0-255,66,79404,74,203818
5378,0.000686,74.125.68.0-255,2902,82306,74,203818
5379,0.000688,172.31.40.0-255,66,82372,74,203818
5380,0.000694,74.125.68.0-255,4320,86692,74,203818
5381,0.000697,172.31.40.0-255,66,86758,74,203818
5382,0.000754,172.31.40.0-255,66,86824,74,203818
5383,0.000758,74.125.68.0-255,2902,89726,74,203818
5384,0.000759,172.31.40.0-255,66,89792,74,203818
5385,0.000795,172.31.40.0-255,66,89858,74,203818
5386,0.00083,74.125.68.0-255,4320,94178,74,203818
5387,0.000833,172.31.40.0-255,66,94244,74,203818
5388,0.000855,74.125.68.0-255,5738,99982,74,203818
5389,0.000857,172.31.40.0-255,66,100048,74,203818
5390,0.000886,172.31.40.0-255,66,100114,74,203818
5391,0.000891,74.125.68.0-255,4320,104434,74,203818
5392,0.000894,172.31.40.0-255,66,104500,74,203818
5393,0.000948,172.31.40.0-255,66,104566,74,203818
5394,0.000984,74.125.68.0-255,2902,107468,74,203818
5395,0.000987,172.31.40.0-255,66,107534,74,203818
5396,0.001009,74.125.68.0-255,5738,113272,74,203818
5397,0.001012,172.31.40.0-255,66,113338,74,203818
5398,0.001025,172.31.40.0-255,66,113404,74,203818
5399,0.001066,172.31.40.0-255,66,113470,74,203818
5400,0.001085,74.125.68.0-255,1484,114954,74,203818
5401,0.001097,74.125.68.0-255,2184,117138,74,203818
5402,0.0011,172.31.40.0-255,66,117204,74,203818
5403,0.001119,74.125.68.0-255,4320,121524,74,203818
5404,0.001122,172.31.40.0-255,66,121590,74,203818
5405,0.001146,74.125.68.0-255,2902,124492,74,203818
5406,0.001164,172.31.40.0-255,66,124558,74,203818
5407,0.001192,74.125.68.0-255,4320,128878,74,203818
5408,0.00127,74.125.68.0-255,1484,130362,74,203818
5409,0.001286,74.125.68.0-255,2902,133264,74,203818
5410,0.001288,74.125.68.0-255,1484,134748,74,203818
5411,0.001304,74.125.68.0-255,2902,137650,74,203818
5412,0.001307,74.125.68.0-255,1484,139134,74,203818
5413,0.001326,74.125.68.0-255,4320,143454,74,203818
5414,0.001374,74.125.68.0-255,4320,147774,74,203818
5415,0.001408,74.125.68.0-255,4320,152094,74,203818
5416,0.001421,74.125.68.0-255,2184,154278,74,203818
5417,0.001475,74.125.68.0-255,1484,155762,74,203818
5418,0.001493,74.125.68.0-255,2902,158664,74,203818
5419,0.001496,74.125.68.0-255,1484,160148,74,203818
5420,0.00151,74.125.68.0-255,2902,163050,74,203818
5421,0.001513,74.125.68.0-255,1484,164534,74,203818
5422,0.001543,74.125.68.0-255,4320,168854,74,203818
5423,0.001548,74.125.68.0-255,2902,171756,74,203818
5424,0.001695,74.125.68.0-255,1484,173240,74,203818
5425,0.001752,74.125.68.0-255,4320,177560,74,203818
5426,0.001776,74.125.68.0-255,2902,180462,74,203818
5427,0.001807,74.125.68.0-255,5738,186200,74,203818
5428,0.001824,74.125.68.0-255,5738,191938,74,203818
5429,0.001849,74.125.68.0-255,2902,194840,74,203818
5430,0.001886,74.125.68.0-255,5738,200578,74,203818
5431,0.001912,74.125.68.0-255,2902,203480,74,203818
5432,0.001938,74.125.68.0-255,105,203585,74,203818
5433,0.006571,172.31.40.0-255,66,203651,74,203818
5434,0.007013,172.31.40.0-255,101,203752,74,203818
5435,0.009298,74.125.68.0-255,66,203818,74,203818
5436,0.0,172.217.26.0-255,153,153,74,76721
5437,1.8e-05,172.31.40.0-255,66,219,74,76721
5438,2.5e-05,172.217.26.0-255,1484,1703,74,76721
5439,3e-05,172.31.40.0-255,66,1769,74,76721
5440,3.6e-05,172.217.26.0-255,2902,4671,74,76721
5441,4e-05,172.31.40.0-255,66,4737,74,76721
5442,5e-05,172.31.40.0-255,66,4803,74,76721
5443,5.3e-05,172.217.26.0-255,1982,6785,74,76721
5444,5.6e-05,172.31.40.0-255,66,6851,74,76721
5445,0.00036,172.217.26.0-255,1484,8335,74,76721
5446,0.000365,172.31.40.0-255,66,8401,74,76721
5447,0.00037,172.217.26.0-255,1484,9885,74,76721
5448,0.000373,172.31.40.0-255,66,9951,74,76721
5449,0.000388,172.217.26.0-255,1484,11435,74,76721
5450,0.00039,172.31.40.0-255,66,11501,74,76721
5451,0.000397,172.217.26.0-255,4320,15821,74,76721
5452,0.000401,172.31.40.0-255,66,15887,74,76721
5453,0.000407,172.217.26.0-255,5738,21625,74,76721
5454,0.000409,172.31.40.0-255,66,21691,74,76721
5455,0.000451,172.31.40.0-255,66,21757,74,76721
5456,0.000461,172.31.40.0-255,66,21823,74,76721
5457,0.000475,172.217.26.0-255,1484,23307,74,76721
5458,0.000477,172.31.40.0-255,66,23373,74,76721
5459,0.000481,172.217.26.0-255,2543,25916,74,76721
5460,0.000483,172.31.40.0-255,66,25982,74,76721
5461,0.001152,172.217.26.0-255,1484,27466,74,76721
5462,0.001158,172.31.40.0-255,66,27532,74,76721
5463,0.001167,172.217.26.0-255,2902,30434,74,76721
5464,0.001169,172.31.40.0-255,66,30500,74,76721
5465,0.001176,172.217.26.0-255,5738,36238,74,76721
5466,0.001178,172.31.40.0-255,66,36304,74,76721
5467,0.001207,172.31.40.0-255,66,36370,74,76721
5468,0.001257,172.217.26.0-255,390,36760,74,76721
5469,0.001442,172.217.26.0-255,1484,38244,74,76721
5470,0.001448,172.31.40.0-255,66,38310,74,76721
5471,0.001455,172.217.26.0-255,2902,41212,74,76721
5472,0.001457,172.31.40.0-255,66,41278,74,76721
5473,0.001463,172.217.26.0-255,5738,47016,74,76721
5474,0.001465,172.31.40.0-255,66,47082,74,76721
5475,0.001519,172.31.40.0-255,66,47148,74,76721
5476,0.00153,172.31.40.0-255,66,47214,74,76721
5477,0.001561,172.217.26.0-255,4320,51534,74,76721
5478,0.001564,172.31.40.0-255,66,51600,74,76721
5479,0.0016,172.31.40.0-255,66,51666,74,76721
5480,0.001614,172.217.26.0-255,1773,53439,74,76721
5481,0.001617,172.31.40.0-255,66,53505,74,76721
5482,0.003583,172.217.26.0-255,5738,59243,74,76721
5483,0.003588,172.31.40.0-255,66,59309,74,76721
5484,0.005573,172.217.26.0-255,5738,65047,74,76721
5485,0.005578,172.31.40.0-255,66,65113,74,76721
5486,0.007563,172.217.26.0-255,5738,70851,74,76721
5487,0.007569,172.31.40.0-255,66,70917,74,76721
5488,0.009562,172.217.26.0-255,5738,76655,74,76721
5489,0.009569,172.31.40.0-255,66,76721,74,76721
5490,0.0,74.125.24.0-255,146,146,74,127071
5491,2.4e-05,172.31.40.0-255,66,212,74,127071
5492,3.1e-05,74.125.24.0-255,1484,1696,74,127071
5493,3.6e-05,172.31.40.0-255,66,1762,74,127071
5494,4.1e-05,74.125.24.0-255,2902,4664,74,127071
5495,4.4e-05,172.31.40.0-255,66,4730,74,127071
5496,5.4e-05,172.31.40.0-255,66,4796,74,127071
5497,6.1e-05,74.125.24.0-255,5738,10534,74,127071
5498,6.4e-05,172.31.40.0-255,66,10600,74,127071
5499,8.9e-05,74.125.24.0-255,3519,14119,74,127071
5500,9.2e-05,172.31.40.0-255,66,14185,74,127071
5501,0.000104,172.31.40.0-255,66,14251,74,127071
5502,0.000264,74.125.24.0-255,1484,15735,74,127071
5503,0.000268,172.31.40.0-255,66,15801,74,127071
5504,0.000274,74.125.24.0-255,2902,18703,74,127071
5505,0.000276,172.31.40.0-255,66,18769,74,127071
5506,0.00029,74.125.24.0-255,2902,21671,74,127071
5507,0.000292,172.31.40.0-255,66,21737,74,127071
5508,0.000308,74.125.24.0-255,2902,24639,74,127071
5509,0.000311,172.31.40.0-255,66,24705,74,127071
5510,0.000322,172.31.40.0-255,66,24771,74,127071
5511,0.000328,74.125.24.0-255,5738,30509,74,127071
5512,0.000331,172.31.40.0-255,66,30575,74,127071
5513,0.00035,74.125.24.0-255,1484,32059,74,127071
5514,0.000352,172.31.40.0-255,66,32125,74,127071
5515,0.000355,74.125.24.0-255,1484,33609,74,127071
5516,0.000357,172.31.40.0-255,66,33675,74,127071
5517,0.000391,172.31.40.0-255,66,33741,74,127071
5518,0.000816,74.125.24.0-255,347,34088,74,127071
5519,0.000932,74.125.24.0-255,1484,35572,74,127071
5520,0.000937,172.31.40.0-255,66,35638,74,127071
5521,0.000942,74.125.24.0-255,2902,38540,74,127071
5522,0.000945,172.31.40.0-255,66,38606,74,127071
5523,0.000962,74.125.24.0-255,5738,44344,74,127071
5524,0.000964,172.31.40.0-255,66,44410,74,127071
5525,0.000974,172.31.40.0-255,66,44476,74,127071
5526,0.00104,74.125.24.0-255,1484,45960,74,127071
5527,0.001056,74.125.24.0-255,2902,48862,74,127071
5528,0.00106,172.31.40.0-255,66,48928,74,127071
5529,0.001084,74.125.24.0-255,1484,50412,74,127071
5530,0.0011,74.125.24.0-255,4320,54732,74,127071
5531,0.001102,172.31.40.0-255,66,54798,74,127071
5532,0.00112,74.125.24.0-255,4320,59118,74,127071
5533,0.001122,172.31.40.0-255,66,59184,74,127071
5534,0.001143,74.125.24.0-255,2543,61727,74,127071
5535,0.001146,172.31.40.0-255,66,61793,74,127071
5536,0.002113,74.125.24.0-255,1484,63277,74,127071
5537,0.002124,74.125.24.0-255,2902,66179,74,127071
5538,0.002129,172.31.40.0-255,66,66245,74,127071
5539,0.002137,74.125.24.0-255,5738,71983,74,127071
5540,0.002139,172.31.40.0-255,66,72049,74,127071
5541,0.002143,74.125.24.0-255,2902,74951,74,127071
5542,0.002145,172.31.40.0-255,66,75017,74,127071
5543,0.00218,172.31.40.0-255,66,75083,74,127071
5544,0.002186,74.125.24.0-255,4320,79403,74,127071
5545,0.002188,172.31.40.0-255,66,79469,74,127071
5546,0.002207,172.31.40.0-255,66,79535,74,127071
5547,0.002252,74.125.24.0-255,1484,81019,74,127071
5548,0.002271,74.125.24.0-255,2902,83921,74,127071
5549,0.002274,172.31.40.0-255,66,83987,74,127071
5550,0.00228,74.125.24.0-255,5738,89725,74,127071
5551,0.002282,172.31.40.0-255,66,89791,74,127071
5552,0.002313,172.31.40.0-255,66,89857,74,127071
5553,0.00233,74.125.24.0-255,1484,91341,74,127071
5554,0.002356,172.31.40.0-255,66,91407,74,127071
5555,0.002373,74.125.24.0-255,1484,92891,74,127071
5556,0.002388,74.125.24.0-255,766,93657,74,127071
5557,0.00239,172.31.40.0-255,66,93723,74,127071
5558,0.002418,74.125.24.0-255,2902,96625,74,127071
5559,0.002421,172.31.40.0-255,66,96691,74,127071
5560,0.002439,74.125.24.0-255,4320,101011,74,127071
5561,0.002442,172.31.40.0-255,66,101077,74,127071
5562,0.002445,74.125.24.0-255,1484,102561,74,127071
5563,0.002476,172.31.40.0-255,66,102627,74,127071
5564,0.00248,74.125.24.0-255,1484,104111,74,127071
5565,0.002507,172.31.40.0-255,66,104177,74,127071
5566,0.002528,74.125.24.0-255,2902,107079,74,127071
5567,0.002531,172.31.40.0-255,66,107145,74,127071
5568,0.002552,74.125.24.0-255,2184,109329,74,127071
5569,0.002554,172.31.40.0-255,66,109395,74,127071
5570,0.00256,74.125.24.0-255,5738,115133,74,127071
5571,0.002563,172.31.40.0-255,66,115199,74,127071
5572,0.005093,74.125.24.0-255,2902,118101,74,127071
5573,0.005098,172.31.40.0-255,66,118167,74,127071
5574,0.005118,74.125.24.0-255,2902,121069,74,127071
5575,0.00512,172.31.40.0-255,66,121135,74,127071
5576,0.007602,74.125.24.0-255,2902,124037,74,127071
5577,0.007609,172.31.40.0-255,66,124103,74,127071
5578,0.007624,74.125.24.0-255,2902,127005,74,127071
5579,0.007626,172.31.40.0-255,66,127071,74,127071
5580,0.0,74.125.24.0-255,153,153,74,45214
5581,2.4e-05,172.31.40.0-255,66,219,74,45214
5582,3.2e-05,74.125.24.0-255,1484,1703,74,45214
5583,3.7e-05,172.31.40.0-255,66,1769,74,45214
5584,4.2e-05,74.125.24.0-255,2902,4671,74,45214
5585,4.5e-05,172.31.40.0-255,66,4737,74,45214
5586,5.1e-05,74.125.24.0-255,4320,9057,74,45214
5587,5.5e-05,172.31.40.0-255,66,9123,74,45214
5588,0.00013,74.125.24.0-255,4877,14000,74,45214
5589,0.000133,172.31.40.0-255,66,14066,74,45214
5590,0.000232,74.125.24.0-255,1484,15550,74,45214
5591,0.000236,172.31.40.0-255,66,15616,74,45214
5592,0.000241,74.125.24.0-255,2902,18518,74,45214
5593,0.000243,172.31.40.0-255,66,18584,74,45214
5594,0.000281,74.125.24.0-255,4320,22904,74,45214
5595,0.000285,172.31.40.0-255,66,22970,74,45214
5596,0.000307,74.125.24.0-255,1484,24454,74,45214
5597,0.000309,172.31.40.0-255,66,24520,74,45214
5598,0.000383,172.31.40.0-255,66,24586,74,45214
5599,0.000505,74.125.24.0-255,2902,27488,74,45214
5600,0.000508,172.31.40.0-255,66,27554,74,45214
5601,0.000523,74.125.24.0-255,4320,31874,74,45214
5602,0.000526,172.31.40.0-255,66,31940,74,45214
5603,0.000602,172.31.40.0-255,66,32006,74,45214
5604,0.000631,172.31.40.0-255,66,32072,74,45214
5605,0.000848,172.31.40.0-255,66,32138,74,45214
5606,0.000866,74.125.24.0-255,2817,34955,74,45214
5607,0.000868,172.31.40.0-255,66,35021,74,45214
5608,0.001018,74.125.24.0-255,1545,36566,74,45214
5609,0.001021,172.31.40.0-255,66,36632,74,45214
5610,0.001075,172.31.40.0-255,66,36698,74,45214
5611,0.001282,172.31.40.0-255,66,36764,74,45214
5612,0.00133,172.31.40.0-255,66,36830,74,45214
5613,0.001779,172.31.40.0-255,66,36896,74,45214
5614,0.001817,172.31.40.0-255,66,36962,74,45214
5615,0.002111,172.31.40.0-255,66,37028,74,45214
5616,0.002161,172.31.40.0-255,66,37094,74,45214
5617,0.002651,172.31.40.0-255,66,37160,74,45214
5618,0.002779,74.125.24.0-255,2184,39344,74,45214
5619,0.00729,172.31.40.0-255,66,39410,74,45214
5620,0.009365,74.125.24.0-255,5738,45148,74,45214
5621,0.009372,172.31.40.0-255,66,45214,74,45214
5622,0.0,172.217.194.0-255,148,148,74,111946
5623,2.2e-05,172.31.40.0-255,66,214,74,111946
5624,2.9e-05,172.217.194.0-255,1484,1698,74,111946
5625,3.3e-05,172.31.40.0-255,66,1764,74,111946
5626,3.9e-05,172.217.194.0-255,2902,4666,74,111946
5627,4.2e-05,172.31.40.0-255,66,4732,74,111946
5628,5.4e-05,172.31.40.0-255,66,4798,74,111946
5629,6.5e-05,172.31.40.0-255,66,4864,74,111946
5630,0.000116,172.31.40.0-255,66,4930,74,111946
5631,0.000132,172.217.194.0-255,3961,8891,74,111946
5632,0.000134,172.31.40.0-255,66,8957,74,111946
5633,0.000533,172.217.194.0-255,1484,10441,74,111946
5634,0.000539,172.31.40.0-255,66,10507,74,111946
5635,0.000545,172.217.194.0-255,2902,13409,74,111946
5636,0.000547,172.31.40.0-255,66,13475,74,111946
5637,0.000552,172.217.194.0-255,4320,17795,74,111946
5638,0.000554,172.31.40.0-255,66,17861,74,111946
5639,0.000583,172.217.194.0-255,1484,19345,74,111946
5640,0.000586,172.31.40.0-255,66,19411,74,111946
5641,0.000592,172.217.194.0-255,4320,23731,74,111946
5642,0.000594,172.31.40.0-255,66,23797,74,111946
5643,0.000604,172.31.40.0-255,66,23863,74,111946
5644,0.00062,172.217.194.0-255,3961,27824,74,111946
5645,0.000623,172.31.40.0-255,66,27890,74,111946
5646,0.000632,172.31.40.0-255,66,27956,74,111946
5647,0.000635,172.217.194.0-255,116,28072,74,111946
5648,0.000637,172.31.40.0-255,66,28138,74,111946
5649,0.000816,172.217.194.0-255,1484,29622,74,111946
5650,0.000838,172.217.194.0-255,2902,32524,74,111946
5651,0.000842,172.31.40.0-255,66,32590,74,111946
5652,0.00085,172.217.194.0-255,5738,38328,74,111946
5653,0.000852,172.31.40.0-255,66,38394,74,111946
5654,0.000866,172.217.194.0-255,2902,41296,74,111946
5655,0.000868,172.31.40.0-255,66,41362,74,111946
5656,0.000899,172.217.194.0-255,3961,45323,74,111946
5657,0.000902,172.31.40.0-255,66,45389,74,111946
5658,0.000916,172.217.194.0-255,4320,49709,74,111946
5659,0.000927,172.31.40.0-255,66,49775,74,111946
5660,0.00094,172.217.194.0-255,5673,55448,74,111946
5661,0.000966,172.31.40.0-255,66,55514,74,111946
5662,0.001708,172.217.194.0-255,1484,56998,74,111946
5663,0.001731,172.217.194.0-255,2902,59900,74,111946
5664,0.001736,172.31.40.0-255,66,59966,74,111946
5665,0.001743,172.217.194.0-255,4320,64286,74,111946
5666,0.001745,172.31.40.0-255,66,64352,74,111946
5667,0.001785,172.31.40.0-255,66,64418,74,111946
5668,0.00179,172.217.194.0-255,2902,67320,74,111946
5669,0.001792,172.31.40.0-255,66,67386,74,111946
5670,0.001821,172.31.40.0-255,66,67452,74,111946
5671,0.001951,172.217.194.0-255,1484,68936,74,111946
5672,0.001958,172.217.194.0-255,2902,71838,74,111946
5673,0.001962,172.31.40.0-255,66,71904,74,111946
5674,0.001967,172.217.194.0-255,2902,74806,74,111946
5675,0.001969,172.31.40.0-255,66,74872,74,111946
5676,0.001982,172.217.194.0-255,2902,77774,74,111946
5677,0.001989,172.217.194.0-255,5738,83512,74,111946
5678,0.002047,172.217.194.0-255,2902,86414,74,111946
5679,0.002071,172.217.194.0-255,5738,92152,74,111946
5680,0.002086,172.217.194.0-255,2184,94336,74,111946
5681,0.00287,172.31.40.0-255,66,94402,74,111946
5682,0.004872,172.217.194.0-255,5738,100140,74,111946
5683,0.004879,172.31.40.0-255,66,100206,74,111946
5684,0.006935,172.217.194.0-255,2902,103108,74,111946
5685,0.006939,172.31.40.0-255,66,103174,74,111946
5686,0.006957,172.217.194.0-255,2902,106076,74,111946
5687,0.006959,172.31.40.0-255,66,106142,74,111946
5688,0.008958,172.217.194.0-255,5738,111880,74,111946
5689,0.008967,172.31.40.0-255,66,111946,74,111946
5690,0.0,172.31.40.0-255,105,105,74,459
5691,0.000275,172.31.40.0-255,90,195,74,459
5692,0.000284,172.31.40.0-255,66,261,74,459
5693,0.002981,172.217.194.0-255,66,327,74,459
5694,0.003007,172.217.194.0-255,66,393,74,459
5695,0.003025,172.31.40.0-255,66,459,74,459
5696,0.0,172.217.194.0-255,156,156,74,118763
5697,1.4e-05,172.31.40.0-255,66,222,74,118763
5698,2e-05,172.217.194.0-255,1484,1706,74,118763
5699,2.4e-05,172.31.40.0-255,66,1772,74,118763
5700,4e-05,172.217.194.0-255,2902,4674,74,118763
5701,4.3e-05,172.31.40.0-255,66,4740,74,118763
5702,4.8e-05,172.217.194.0-255,2902,7642,74,118763
5703,5.1e-05,172.31.40.0-255,66,7708,74,118763
5704,7.6e-05,172.217.194.0-255,4320,12028,74,118763
5705,7.9e-05,172.31.40.0-255,66,12094,74,118763
5706,0.000122,172.217.194.0-255,2021,14115,74,118763
5707,0.000125,172.31.40.0-255,66,14181,74,118763
5708,0.000144,172.217.194.0-255,4320,18501,74,118763
5709,0.000146,172.31.40.0-255,66,18567,74,118763
5710,0.000172,172.31.40.0-255,66,18633,74,118763
5711,0.000277,172.217.194.0-255,4320,22953,74,118763
5712,0.000279,172.31.40.0-255,66,23019,74,118763
5713,0.000303,172.217.194.0-255,4320,27339,74,118763
5714,0.000306,172.31.40.0-255,66,27405,74,118763
5715,0.00034,172.31.40.0-255,66,27471,74,118763
5716,0.000355,172.217.194.0-255,5020,32491,74,118763
5717,0.000357,172.31.40.0-255,66,32557,74,118763
5718,0.000464,172.217.194.0-255,2902,35459,74,118763
5719,0.000466,172.31.40.0-255,66,35525,74,118763
5720,0.000497,172.31.40.0-255,66,35591,74,118763
5721,0.000604,172.217.194.0-255,2841,38432,74,118763
5722,0.000607,172.31.40.0-255,66,38498,74,118763
5723,0.000654,172.217.194.0-255,1484,39982,74,118763
5724,0.000656,172.31.40.0-255,66,40048,74,118763
5725,0.000674,172.217.194.0-255,1484,41532,74,118763
5726,0.000679,172.217.194.0-255,2902,44434,74,118763
5727,0.000698,172.217.194.0-255,4320,48754,74,118763
5728,0.000729,172.217.194.0-255,5738,54492,74,118763
5729,0.000883,172.217.194.0-255,2902,57394,74,118763
5730,0.0009,172.217.194.0-255,5020,62414,74,118763
5731,0.000939,172.217.194.0-255,379,62793,74,118763
5732,0.001263,172.217.194.0-255,1484,64277,74,118763
5733,0.001278,172.217.194.0-255,2902,67179,74,118763
5734,0.001299,172.217.194.0-255,1484,68663,74,118763
5735,0.001318,172.217.194.0-255,4320,72983,74,118763
5736,0.001359,172.217.194.0-255,4320,77303,74,118763
5737,0.001376,172.217.194.0-255,4320,81623,74,118763
5738,0.001419,172.217.194.0-255,1484,83107,74,118763
5739,0.001935,172.217.194.0-255,1484,84591,74,118763
5740,0.001948,172.217.194.0-255,2902,87493,74,118763
5741,0.001968,172.217.194.0-255,5738,93231,74,118763
5742,0.002016,172.217.194.0-255,2902,96133,74,118763
5743,0.002172,172.217.194.0-255,1484,97617,74,118763
5744,0.00219,172.217.194.0-255,4320,101937,74,118763
5745,0.002208,172.217.194.0-255,4320,106257,74,118763
5746,0.002221,172.217.194.0-255,3602,109859,74,118763
5747,0.003694,172.31.40.0-255,66,109925,74,118763
5748,0.005722,172.217.194.0-255,2902,112827,74,118763
5749,0.00573,172.31.40.0-255,66,112893,74,118763
5750,0.005752,172.217.194.0-255,2902,115795,74,118763
5751,0.007672,172.217.194.0-255,2902,118697,74,118763
5752,0.009314,172.31.40.0-255,66,118763,74,118763
5753,0.0,172.31.40.0-255,105,105,74,459
5754,0.000259,172.31.40.0-255,90,195,74,459
5755,0.000269,172.31.40.0-255,66,261,74,459
5756,0.002841,74.125.68.0-255,66,327,74,459
5757,0.002854,74.125.68.0-255,66,393,74,459
5758,0.002863,172.31.40.0-255,66,459,74,459
5759,0.0,172.217.27.0-255,146,146,74,92463
5760,1.7e-05,172.31.40.0-255,66,212,74,92463
5761,2.4e-05,172.217.27.0-255,1484,1696,74,92463
5762,3e-05,172.31.40.0-255,66,1762,74,92463
5763,4.5e-05,172.217.27.0-255,2902,4664,74,92463
5764,5e-05,172.31.40.0-255,66,4730,74,92463
5765,5.4e-05,172.217.27.0-255,2902,7632,74,92463
5766,5.6e-05,172.31.40.0-255,66,7698,74,92463
5767,6.2e-05,172.217.27.0-255,4320,12018,74,92463
5768,6.5e-05,172.31.40.0-255,66,12084,74,92463
5769,6.8e-05,172.217.27.0-255,2101,14185,74,92463
5770,7.1e-05,172.31.40.0-255,66,14251,74,92463
5771,9.5e-05,172.217.27.0-255,2902,17153,74,92463
5772,9.7e-05,172.31.40.0-255,66,17219,74,92463
5773,0.000108,172.217.27.0-255,5738,22957,74,92463
5774,0.000111,172.31.40.0-255,66,23023,74,92463
5775,0.000135,172.217.27.0-255,1484,24507,74,92463
5776,0.000137,172.31.40.0-255,66,24573,74,92463
5777,0.000146,172.217.27.0-255,4320,28893,74,92463
5778,0.000149,172.31.40.0-255,66,28959,74,92463
5779,0.000153,172.217.27.0-255,2543,31502,74,92463
5780,0.000155,172.31.40.0-255,66,31568,74,92463
5781,0.000268,172.217.27.0-255,1484,33052,74,92463
5782,0.000272,172.31.40.0-255,66,33118,74,92463
5783,0.000277,172.217.27.0-255,2902,36020,74,92463
5784,0.000279,172.31.40.0-255,66,36086,74,92463
5785,0.000282,172.217.27.0-255,1484,37570,74,92463
5786,0.000284,172.31.40.0-255,66,37636,74,92463
5787,0.000319,172.217.27.0-255,4320,41956,74,92463
5788,0.000322,172.31.40.0-255,66,42022,74,92463
5789,0.000332,172.31.40.0-255,66,42088,74,92463
5790,0.000661,172.217.27.0-255,1484,43572,74,92463
5791,0.000665,172.217.27.0-255,1484,45056,74,92463
5792,0.000676,172.31.40.0-255,66,45122,74,92463
5793,0.00068,172.217.27.0-255,1484,46606,74,92463
5794,0.000687,172.217.27.0-255,5738,52344,74,92463
5795,0.000689,172.31.40.0-255,66,52410,74,92463
5796,0.00073,172.31.40.0-255,66,52476,74,92463
5797,0.001184,172.217.27.0-255,645,53121,74,92463
5798,0.001685,172.217.27.0-255,1484,54605,74,92463
5799,0.001692,172.31.40.0-255,66,54671,74,92463
5800,0.001699,172.217.27.0-255,2902,57573,74,92463
5801,0.001702,172.31.40.0-255,66,57639,74,92463
5802,0.001713,172.217.27.0-255,5738,63377,74,92463
5803,0.001716,172.31.40.0-255,66,63443,74,92463
5804,0.003335,172.217.27.0-255,5738,69181,74,92463
5805,0.003341,172.31.40.0-255,66,69247,74,92463
5806,0.004963,172.217.27.0-255,5738,74985,74,92463
5807,0.004966,172.31.40.0-255,66,75051,74,92463
5808,0.006613,172.217.27.0-255,5738,80789,74,92463
5809,0.00662,172.31.40.0-255,66,80855,74,92463
5810,0.008248,172.217.27.0-255,5738,86593,74,92463
5811,0.008255,172.31.40.0-255,66,86659,74,92463
5812,0.009881,172.217.27.0-255,5738,92397,74,92463
5813,0.009888,172.31.40.0-255,66,92463,74,92463
5814,0.0,172.31.40.0-255,105,105,74,459
5815,0.000256,172.31.40.0-255,90,195,74,459
5816,0.000267,172.31.40.0-255,66,261,74,459
5817,0.002524,74.125.24.0-255,66,327,74,459
5818,0.002546,74.125.24.0-255,66,393,74,459
5819,0.002561,172.31.40.0-255,66,459,74,459
5820,0.0,172.217.194.0-255,146,146,74,130047
5821,1.5e-05,172.31.40.0-255,66,212,74,130047
5822,2.2e-05,172.217.194.0-255,1484,1696,74,130047
5823,2.6e-05,172.31.40.0-255,66,1762,74,130047
5824,3.2e-05,172.217.194.0-255,2902,4664,74,130047
5825,3.5e-05,172.31.40.0-255,66,4730,74,130047
5826,4.7e-05,172.31.40.0-255,66,4796,74,130047
5827,0.00011,172.217.194.0-255,2013,6809,74,130047
5828,0.000114,172.31.40.0-255,66,6875,74,130047
5829,0.000119,172.217.194.0-255,2902,9777,74,130047
5830,0.000121,172.31.40.0-255,66,9843,74,130047
5831,0.000127,172.217.194.0-255,4320,14163,74,130047
5832,0.000129,172.31.40.0-255,66,14229,74,130047
5833,0.000156,172.217.194.0-255,4320,18549,74,130047
5834,0.000159,172.31.40.0-255,66,18615,74,130047
5835,0.000181,172.217.194.0-255,4320,22935,74,130047
5836,0.000184,172.31.40.0-255,66,23001,74,130047
5837,0.00019,172.217.194.0-255,3961,26962,74,130047
5838,0.000192,172.31.40.0-255,66,27028,74,130047
5839,0.000197,172.217.194.0-255,4320,31348,74,130047
5840,0.000199,172.31.40.0-255,66,31414,74,130047
5841,0.000211,172.31.40.0-255,66,31480,74,130047
5842,0.000966,172.217.194.0-255,1484,32964,74,130047
5843,0.000972,172.31.40.0-255,66,33030,74,130047
5844,0.000982,172.217.194.0-255,2902,35932,74,130047
5845,0.000984,172.31.40.0-255,66,35998,74,130047
5846,0.00099,172.217.194.0-255,5738,41736,74,130047
5847,0.000992,172.31.40.0-255,66,41802,74,130047
5848,0.001022,172.217.194.0-255,1484,43286,74,130047
5849,0.001025,172.31.40.0-255,66,43352,74,130047
5850,0.001048,172.217.194.0-255,5679,49031,74,130047
5851,0.00105,172.31.40.0-255,66,49097,74,130047
5852,0.001059,172.31.40.0-255,66,49163,74,130047
5853,0.001063,172.217.194.0-255,2902,52065,74,130047
5854,0.001065,172.31.40.0-255,66,52131,74,130047
5855,0.001112,172.31.40.0-255,66,52197,74,130047
5856,0.001123,172.31.40.0-255,66,52263,74,130047
5857,0.001674,172.217.194.0-255,1484,53747,74,130047
5858,0.001682,172.217.194.0-255,2902,56649,74,130047
5859,0.001688,172.31.40.0-255,66,56715,74,130047
5860,0.001696,172.217.194.0-255,5738,62453,74,130047
5861,0.001698,172.31.40.0-255,66,62519,74,130047
5862,0.001701,172.217.194.0-255,1484,64003,74,130047
5863,0.001729,172.31.40.0-255,66,64069,74,130047
5864,0.00175,172.217.194.0-255,5738,69807,74,130047
5865,0.001753,172.31.40.0-255,66,69873,74,130047
5866,0.001762,172.31.40.0-255,66,69939,74,130047
5867,0.001779,172.217.194.0-255,2184,72123,74,130047
5868,0.001781,172.31.40.0-255,66,72189,74,130047
5869,0.001833,172.217.194.0-255,1484,73673,74,130047
5870,0.001847,172.217.194.0-255,2902,76575,74,130047
5871,0.001849,172.31.40.0-255,66,76641,74,130047
5872,0.001852,172.217.194.0-255,1484,78125,74,130047
5873,0.001869,172.217.194.0-255,4320,82445,74,130047
5874,0.001871,172.31.40.0-255,66,82511,74,130047
5875,0.001885,172.217.194.0-255,1484,83995,74,130047
5876,0.001912,172.31.40.0-255,66,84061,74,130047
5877,0.001921,172.31.40.0-255,66,84127,74,130047
5878,0.001955,172.217.194.0-255,3602,87729,74,130047
5879,0.001957,172.31.40.0-255,66,87795,74,130047
5880,0.002073,172.217.194.0-255,1484,89279,74,130047
5881,0.002076,172.217.194.0-255,1484,90763,74,130047
5882,0.002079,172.31.40.0-255,66,90829,74,130047
5883,0.002093,172.217.194.0-255,1484,92313,74,130047
5884,0.0021,172.217.194.0-255,5738,98051,74,130047
5885,0.002103,172.31.40.0-255,66,98117,74,130047
5886,0.002113,172.31.40.0-255,66,98183,74,130047
5887,0.002157,172.31.40.0-255,66,98249,74,130047
5888,0.002161,172.217.194.0-255,2184,100433,74,130047
5889,0.002163,172.31.40.0-255,66,100499,74,130047
5890,0.002179,172.217.194.0-255,2902,103401,74,130047
5891,0.002181,172.31.40.0-255,66,103467,74,130047
5892,0.00221,172.31.40.0-255,66,103533,74,130047
5893,0.00225,172.217.194.0-255,2902,106435,74,130047
5894,0.002253,172.31.40.0-255,66,106501,74,130047
5895,0.002284,172.217.194.0-255,5738,112239,74,130047
5896,0.002287,172.31.40.0-255,66,112305,74,130047
5897,0.002304,172.31.40.0-255,66,112371,74,130047
5898,0.002317,172.31.40.0-255,66,112437,74,130047
5899,0.002352,172.31.40.0-255,66,112503,74,130047
5900,0.002396,172.31.40.0-255,66,112569,74,130047
5901,0.002408,172.31.40.0-255,66,112635,74,130047
5902,0.004722,172.217.194.0-255,5738,118373,74,130047
5903,0.004735,172.31.40.0-255,66,118439,74,130047
5904,0.007071,172.217.194.0-255,5738,124177,74,130047
5905,0.00709,172.31.40.0-255,66,124243,74,130047
5906,0.00942,172.217.194.0-255,5738,129981,74,130047
5907,0.009426,172.31.40.0-255,66,130047,74,130047
5908,0.0,74.125.200.0-255,153,153,74,240206
5909,3.2e-05,172.31.40.0-255,66,219,74,240206
5910,3.9e-05,74.125.200.0-255,1484,1703,74,240206
5911,4.3e-05,172.31.40.0-255,66,1769,74,240206
5912,4.8e-05,74.125.200.0-255,2902,4671,74,240206
5913,5.9e-05,172.31.40.0-255,66,4737,74,240206
5914,7e-05,172.31.40.0-255,66,4803,74,240206
5915,7.3e-05,74.125.200.0-255,2148,6951,74,240206
5916,7.6e-05,172.31.40.0-255,66,7017,74,240206
5917,0.000103,74.125.200.0-255,2902,9919,74,240206
5918,0.000107,172.31.40.0-255,66,9985,74,240206
5919,0.000128,74.125.200.0-255,1484,11469,74,240206
5920,0.000131,172.31.40.0-255,66,11535,74,240206
5921,0.000158,74.125.200.0-255,5738,17273,74,240206
5922,0.000161,172.31.40.0-255,66,17339,74,240206
5923,0.000174,172.31.40.0-255,66,17405,74,240206
5924,0.000184,74.125.200.0-255,1484,18889,74,240206
5925,0.000187,172.31.40.0-255,66,18955,74,240206
5926,0.00022,172.31.40.0-255,66,19021,74,240206
5927,0.000254,74.125.200.0-255,3602,22623,74,240206
5928,0.000257,172.31.40.0-255,66,22689,74,240206
5929,0.000297,74.125.200.0-255,1484,24173,74,240206
5930,0.0003,172.31.40.0-255,66,24239,74,240206
5931,0.000303,74.125.200.0-255,1484,25723,74,240206
5932,0.000306,172.31.40.0-255,66,25789,74,240206
5933,0.000324,74.125.200.0-255,1484,27273,74,240206
5934,0.000327,172.31.40.0-255,66,27339,74,240206
5935,0.000338,74.125.200.0-255,4320,31659,74,240206
5936,0.000341,172.31.40.0-255,66,31725,74,240206
5937,0.000373,74.125.200.0-255,2902,34627,74,240206
5938,0.000377,172.31.40.0-255,66,34693,74,240206
5939,0.000403,74.125.200.0-255,5379,40072,74,240206
5940,0.000408,172.31.40.0-255,66,40138,74,240206
5941,0.000556,74.125.200.0-255,1484,41622,74,240206
5942,0.000562,74.125.200.0-255,2902,44524,74,240206
5943,0.000566,172.31.40.0-255,66,44590,74,240206
5944,0.000571,74.125.200.0-255,2902,47492,74,240206
5945,0.000573,172.31.40.0-255,66,47558,74,240206
5946,0.0006,74.125.200.0-255,4320,51878,74,240206
5947,0.000603,172.31.40.0-255,66,51944,74,240206
5948,0.000636,172.31.40.0-255,66,52010,74,240206
5949,0.000641,74.125.200.0-255,4320,56330,74,240206
5950,0.000643,172.31.40.0-255,66,56396,74,240206
5951,0.000662,74.125.200.0-255,4320,60716,74,240206
5952,0.00067,172.31.40.0-255,66,60782,74,240206
5953,0.000676,74.125.200.0-255,5082,65864,74,240206
5954,0.00068,172.31.40.0-255,66,65930,74,240206
5955,0.000707,74.125.200.0-255,1484,67414,74,240206
5956,0.000713,74.125.200.0-255,2902,70316,74,240206
5957,0.000716,172.31.40.0-255,66,70382,74,240206
5958,0.000737,74.125.200.0-255,5738,76120,74,240206
5959,0.00074,172.31.40.0-255,66,76186,74,240206
5960,0.000744,74.125.200.0-255,1484,77670,74,240206
5961,0.000781,172.31.40.0-255,66,77736,74,240206
5962,0.000824,74.125.200.0-255,5738,83474,74,240206
5963,0.000829,172.31.40.0-255,66,83540,74,240206
5964,0.000861,172.31.40.0-255,66,83606,74,240206
5965,0.000865,74.125.200.0-255,1484,85090,74,240206
5966,0.000869,74.125.200.0-255,2902,87992,74,240206
5967,0.000871,172.31.40.0-255,66,88058,74,240206
5968,0.000876,74.125.200.0-255,4320,92378,74,240206
5969,0.000878,172.31.40.0-255,66,92444,74,240206
5970,0.000906,74.125.200.0-255,1484,93928,74,240206
5971,0.00091,74.125.200.0-255,1484,95412,74,240206
5972,0.000912,172.31.40.0-255,66,95478,74,240206
5973,0.000934,74.125.200.0-255,4320,99798,74,240206
5974,0.000937,172.31.40.0-255,66,99864,74,240206
5975,0.000948,74.125.200.0-255,1125,100989,74,240206
5976,0.000956,74.125.200.0-255,1484,102473,74,240206
5977,0.000959,172.31.40.0-255,66,102539,74,240206
5978,0.000984,74.125.200.0-255,2902,105441,74,240206
5979,0.000989,172.31.40.0-255,66,105507,74,240206
5980,0.001016,74.125.200.0-255,5738,111245,74,240206
5981,0.001019,172.31.40.0-255,66,111311,74,240206
5982,0.001047,74.125.200.0-255,5738,117049,74,240206
5983,0.00105,172.31.40.0-255,66,117115,74,240206
5984,0.001064,74.125.200.0-255,1484,118599,74,240206
5985,0.001078,172.31.40.0-255,66,118665,74,240206
5986,0.001111,172.31.40.0-255,66,118731,74,240206
5987,0.001134,74.125.200.0-255,1484,120215,74,240206
5988,0.001137,74.125.200.0-255,766,120981,74,240206
5989,0.001142,172.31.40.0-255,66,121047,74,240206
5990,0.001152,74.125.200.0-255,1484,122531,74,240206
5991,0.00118,74.125.200.0-255,2902,125433,74,240206
5992,0.001183,172.31.40.0-255,66,125499,74,240206
5993,0.001189,74.125.200.0-255,4320,129819,74,240206
5994,0.001191,172.31.40.0-255,66,129885,74,240206
5995,0.001213,74.125.200.0-255,1484,131369,74,240206
5996,0.001216,74.125.200.0-255,1484,132853,74,240206
5997,0.001219,172.31.40.0-255,66,132919,74,240206
5998,0.001248,74.125.200.0-255,5738,138657,74,240206
5999,0.001252,172.31.40.0-255,66,138723,74,240206
6000,0.001257,74.125.200.0-255,4320,143043,74,240206
6001,0.00126,172.31.40.0-255,66,143109,74,240206
6002,0.001293,172.31.40.0-255,66,143175,74,240206
6003,0.001297,74.125.200.0-255,2184,145359,74,240206
6004,0.001299,172.31.40.0-255,66,145425,74,240206
6005,0.001336,74.125.200.0-255,1484,146909,74,240206
6006,0.001353,74.125.200.0-255,2902,149811,74,240206
6007,0.001357,172.31.40.0-255,66,149877,74,240206
6008,0.001386,74.125.200.0-255,5738,155615,74,240206
6009,0.001389,172.31.40.0-255,66,155681,74,240206
6010,0.001417,74.125.200.0-255,5738,161419,74,240206
6011,0.00142,172.31.40.0-255,66,161485,74,240206
6012,0.001447,74.125.200.0-255,2902,164387,74,240206
6013,0.00145,172.31.40.0-255,66,164453,74,240206
6014,0.00146,172.31.40.0-255,66,164519,74,240206
6015,0.001493,74.125.200.0-255,2902,167421,74,240206
6016,0.001498,172.31.40.0-255,66,167487,74,240206
6017,0.001509,74.125.200.0-255,5020,172507,74,240206
6018,0.001511,172.31.40.0-255,66,172573,74,240206
6019,0.00155,74.125.200.0-255,2902,175475,74,240206
6020,0.001554,172.31.40.0-255,66,175541,74,240206
6021,0.001569,74.125.200.0-255,1484,177025,74,240206
6022,0.001574,74.125.200.0-255,5738,182763,74,240206
6023,0.00159,172.31.40.0-255,66,182829,74,240206
6024,0.001591,74.125.200.0-255,2902,185731,74,240206
6025,0.001594,172.31.40.0-255,66,185797,74,240206
6026,0.001596,172.31.40.0-255,66,185863,74,240206
6027,0.001623,172.31.40.0-255,66,185929,74,240206
6028,0.001627,74.125.200.0-255,2184,188113,74,240206
6029,0.001629,172.31.40.0-255,66,188179,74,240206
6030,0.001633,74.125.200.0-255,2902,191081,74,240206
6031,0.001635,172.31.40.0-255,66,191147,74,240206
6032,0.001681,172.31.40.0-255,66,191213,74,240206
6033,0.001693,172.31.40.0-255,66,191279,74,240206
6034,0.001705,172.31.40.0-255,66,191345,74,240206
6035,0.001709,74.125.200.0-255,2184,193529,74,240206
6036,0.001712,172.31.40.0-255,66,193595,74,240206
6037,0.001832,74.125.200.0-255,1484,195079,74,240206
6038,0.001837,74.125.200.0-255,1484,196563,74,240206
6039,0.001841,172.31.40.0-255,66,196629,74,240206
6040,0.001866,74.125.200.0-255,1484,198113,74,240206
6041,0.001872,74.125.200.0-255,4320,202433,74,240206
6042,0.001876,172.31.40.0-255,66,202499,74,240206
6043,0.001883,74.125.200.0-255,5738,208237,74,240206
6044,0.001885,172.31.40.0-255,66,208303,74,240206
6045,0.001914,74.125.200.0-255,2902,211205,74,240206
6046,0.001919,172.31.40.0-255,66,211271,74,240206
6047,0.00193,172.31.40.0-255,66,211337,74,240206
6048,0.001961,74.125.200.0-255,1484,212821,74,240206
6049,0.001974,172.31.40.0-255,66,212887,74,240206
6050,0.002027,74.125.200.0-255,1484,214371,74,240206
6051,0.002034,74.125.200.0-255,2902,217273,74,240206
6052,0.002037,172.31.40.0-255,66,217339,74,240206
6053,0.002043,74.125.200.0-255,4320,221659,74,240206
6054,0.002046,172.31.40.0-255,66,221725,74,240206
6055,0.002082,74.125.200.0-255,1484,223209,74,240206
6056,0.002088,74.125.200.0-255,2902,226111,74,240206
6057,0.002092,74.125.200.0-255,4320,230431,74,240206
6058,0.002098,172.31.40.0-255,66,230497,74,240206
6059,0.002102,172.31.40.0-255,66,230563,74,240206
6060,0.002104,74.125.200.0-255,4320,234883,74,240206
6061,0.002105,172.31.40.0-255,66,234949,74,240206
6062,0.002108,172.31.40.0-255,66,235015,74,240206
6063,0.002156,74.125.200.0-255,4320,239335,74,240206
6064,0.00216,172.31.40.0-255,66,239401,74,240206
6065,0.002189,74.125.200.0-255,700,240101,74,240206
6066,0.002194,74.125.200.0-255,105,240206,74,240206
6067,0.0,172.217.194.0-255,152,152,74,224302
6068,2.1e-05,172.31.40.0-255,66,218,74,224302
6069,2.9e-05,172.217.194.0-255,1484,1702,74,224302
6070,3.4e-05,172.31.40.0-255,66,1768,74,224302
6071,4e-05,172.217.194.0-255,2902,4670,74,224302
6072,4.2e-05,172.31.40.0-255,66,4736,74,224302
6073,4.8e-05,172.217.194.0-255,2902,7638,74,224302
6074,5.1e-05,172.31.40.0-255,66,7704,74,224302
6075,8.1e-05,172.217.194.0-255,4320,12024,74,224302
6076,8.4e-05,172.31.40.0-255,66,12090,74,224302
6077,8.9e-05,172.217.194.0-255,1999,14089,74,224302
6078,9.2e-05,172.31.40.0-255,66,14155,74,224302
6079,0.000913,172.217.194.0-255,1484,15639,74,224302
6080,0.000919,172.31.40.0-255,66,15705,74,224302
6081,0.000927,172.217.194.0-255,2902,18607,74,224302
6082,0.000929,172.31.40.0-255,66,18673,74,224302
6083,0.000934,172.217.194.0-255,4320,22993,74,224302
6084,0.000936,172.31.40.0-255,66,23059,74,224302
6085,0.000988,172.217.194.0-255,4320,27379,74,224302
6086,0.00099,172.31.40.0-255,66,27445,74,224302
6087,0.001014,172.217.194.0-255,3961,31406,74,224302
6088,0.001016,172.31.40.0-255,66,31472,74,224302
6089,0.001027,172.31.40.0-255,66,31538,74,224302
6090,0.001058,172.31.40.0-255,66,31604,74,224302
6091,0.001085,172.217.194.0-255,4320,35924,74,224302
6092,0.001087,172.31.40.0-255,66,35990,74,224302
6093,0.0011,172.31.40.0-255,66,36056,74,224302
6094,0.001102,172.217.194.0-255,766,36822,74,224302
6095,0.001104,172.31.40.0-255,66,36888,74,224302
6096,0.00113,172.217.194.0-255,676,37564,74,224302
6097,0.001268,172.217.194.0-255,1484,39048,74,224302
6098,0.001272,172.31.40.0-255,66,39114,74,224302
6099,0.001278,172.217.194.0-255,2902,42016,74,224302
6100,0.00128,172.31.40.0-255,66,42082,74,224302
6101,0.001304,172.217.194.0-255,5738,47820,74,224302
6102,0.001307,172.31.40.0-255,66,47886,74,224302
6103,0.001323,172.217.194.0-255,4320,52206,74,224302
6104,0.001326,172.31.40.0-255,66,52272,74,224302
6105,0.00135,172.31.40.0-255,66,52338,74,224302
6106,0.001356,172.217.194.0-255,5738,58076,74,224302
6107,0.001359,172.31.40.0-255,66,58142,74,224302
6108,0.001382,172.217.194.0-255,1484,59626,74,224302
6109,0.001399,172.217.194.0-255,3602,63228,74,224302
6110,0.001402,172.31.40.0-255,66,63294,74,224302
6111,0.00182,172.217.194.0-255,1484,64778,74,224302
6112,0.001842,172.217.194.0-255,2902,67680,74,224302
6113,0.001845,172.31.40.0-255,66,67746,74,224302
6114,0.001848,172.217.194.0-255,1484,69230,74,224302
6115,0.001868,172.217.194.0-255,4320,73550,74,224302
6116,0.00187,172.31.40.0-255,66,73616,74,224302
6117,0.001902,172.31.40.0-255,66,73682,74,224302
6118,0.001914,172.31.40.0-255,66,73748,74,224302
6119,0.001945,172.217.194.0-255,3602,77350,74,224302
6120,0.001947,172.31.40.0-255,66,77416,74,224302
6121,0.002177,172.217.194.0-255,1484,78900,74,224302
6122,0.002182,172.217.194.0-255,2902,81802,74,224302
6123,0.002184,172.31.40.0-255,66,81868,74,224302
6124,0.002188,172.217.194.0-255,2902,84770,74,224302
6125,0.00219,172.31.40.0-255,66,84836,74,224302
6126,0.002207,172.217.194.0-255,2902,87738,74,224302
6127,0.002209,172.31.40.0-255,66,87804,74,224302
6128,0.002214,172.217.194.0-255,4320,92124,74,224302
6129,0.002216,172.31.40.0-255,66,92190,74,224302
6130,0.002218,172.217.194.0-255,1484,93674,74,224302
6131,0.002231,172.217.194.0-255,4320,97994,74,224302
6132,0.002233,172.31.40.0-255,66,98060,74,224302
6133,0.002251,172.217.194.0-255,5738,103798,74,224302
6134,0.002253,172.31.40.0-255,66,103864,74,224302
6135,0.002283,172.31.40.0-255,66,103930,74,224302
6136,0.004086,172.217.194.0-255,1484,105414,74,224302
6137,0.004093,172.217.194.0-255,2902,108316,74,224302
6138,0.004097,172.31.40.0-255,66,108382,74,224302
6139,0.004119,172.217.194.0-255,2902,111284,74,224302
6140,0.004121,172.31.40.0-255,66,111350,74,224302
6141,0.004126,172.217.194.0-255,2902,114252,74,224302
6142,0.004128,172.31.40.0-255,66,114318,74,224302
6143,0.004148,172.217.194.0-255,4320,118638,74,224302
6144,0.004151,172.31.40.0-255,66,118704,74,224302
6145,0.004181,172.217.194.0-255,1484,120188,74,224302
6146,0.004183,172.217.194.0-255,1484,121672,74,224302
6147,0.004186,172.31.40.0-255,78,121750,74,224302
6148,0.004199,172.31.40.0-255,66,121816,74,224302
6149,0.004204,172.217.194.0-255,3602,125418,74,224302
6150,0.004206,172.31.40.0-255,66,125484,74,224302
6151,0.004249,172.217.194.0-255,5738,131222,74,224302
6152,0.004252,172.31.40.0-255,66,131288,74,224302
6153,0.004262,172.31.40.0-255,66,131354,74,224302
6154,0.004265,172.217.194.0-255,1484,132838,74,224302
6155,0.004267,172.217.194.0-255,1484,134322,74,224302
6156,0.004269,172.31.40.0-255,66,134388,74,224302
6157,0.00428,172.31.40.0-255,66,134454,74,224302
6158,0.004314,172.217.194.0-255,1484,135938,74,224302
6159,0.004329,172.217.194.0-255,3602,139540,74,224302
6160,0.004331,172.31.40.0-255,66,139606,74,224302
6161,0.004394,172.217.194.0-255,1484,141090,74,224302
6162,0.004411,172.217.194.0-255,2902,143992,74,224302
6163,0.004414,172.31.40.0-255,66,144058,74,224302
6164,0.00442,172.217.194.0-255,5738,149796,74,224302
6165,0.004422,172.31.40.0-255,66,149862,74,224302
6166,0.004448,172.31.40.0-255,66,149928,74,224302
6167,0.00447,172.217.194.0-255,5738,155666,74,224302
6168,0.004472,172.31.40.0-255,66,155732,74,224302
6169,0.004477,172.217.194.0-255,4320,160052,74,224302
6170,0.004479,172.31.40.0-255,66,160118,74,224302
6171,0.004503,172.31.40.0-255,66,160184,74,224302
6172,0.004585,172.217.194.0-255,1484,161668,74,224302
6173,0.004591,172.217.194.0-255,2902,164570,74,224302
6174,0.004594,172.31.40.0-255,66,164636,74,224302
6175,0.004601,172.217.194.0-255,5738,170374,74,224302
6176,0.004602,172.31.40.0-255,66,170440,74,224302
6177,0.004608,172.217.194.0-255,5738,176178,74,224302
6178,0.00461,172.31.40.0-255,66,176244,74,224302
6179,0.004628,172.31.40.0-255,66,176310,74,224302
6180,0.004638,172.31.40.0-255,66,176376,74,224302
6181,0.004657,172.217.194.0-255,2184,178560,74,224302
6182,0.00466,172.31.40.0-255,66,178626,74,224302
6183,0.005134,172.217.194.0-255,1484,180110,74,224302
6184,0.005139,172.217.194.0-255,1484,181594,74,224302
6185,0.005143,172.31.40.0-255,66,181660,74,224302
6186,0.005156,172.217.194.0-255,1484,183144,74,224302
6187,0.005171,172.217.194.0-255,2902,186046,74,224302
6188,0.005173,172.31.40.0-255,66,186112,74,224302
6189,0.00519,172.217.194.0-255,2902,189014,74,224302
6190,0.005192,172.31.40.0-255,66,189080,74,224302
6191,0.0052,172.217.194.0-255,5738,194818,74,224302
6192,0.005202,172.31.40.0-255,66,194884,74,224302
6193,0.005229,172.31.40.0-255,66,194950,74,224302
6194,0.00524,172.31.40.0-255,66,195016,74,224302
6195,0.005256,172.217.194.0-255,2184,197200,74,224302
6196,0.005259,172.31.40.0-255,66,197266,74,224302
6197,0.005421,172.217.194.0-255,1484,198750,74,224302
6198,0.005437,172.217.194.0-255,2902,201652,74,224302
6199,0.005441,172.31.40.0-255,66,201718,74,224302
6200,0.005446,172.217.194.0-255,2902,204620,74,224302
6201,0.005448,172.31.40.0-255,66,204686,74,224302
6202,0.005466,172.217.194.0-255,1484,206170,74,224302
6203,0.005469,172.217.194.0-255,1484,207654,74,224302
6204,0.005471,172.31.40.0-255,66,207720,74,224302
6205,0.005503,172.31.40.0-255,66,207786,74,224302
6206,0.005517,172.31.40.0-255,66,207852,74,224302
6207,0.005543,172.217.194.0-255,3602,211454,74,224302
6208,0.005546,172.31.40.0-255,66,211520,74,224302
6209,0.005561,172.31.40.0-255,66,211586,74,224302
6210,0.005586,172.217.194.0-255,2902,214488,74,224302
6211,0.005589,172.217.194.0-255,1484,215972,74,224302
6212,0.005593,172.31.40.0-255,66,216038,74,224302
6213,0.005636,172.31.40.0-255,66,216104,74,224302
6214,0.005643,172.217.194.0-255,5738,221842,74,224302
6215,0.005645,172.31.40.0-255,66,221908,74,224302
6216,0.005684,172.217.194.0-255,1986,223894,74,224302
6217,0.005688,172.31.40.0-255,66,223960,74,224302
6218,0.005733,172.217.194.0-255,105,224065,74,224302
6219,0.007284,172.31.40.0-255,66,224131,74,224302
6220,0.007319,172.31.40.0-255,105,224236,74,224302
6221,0.009637,172.217.194.0-255,66,224302,74,224302
6222,0.0,74.125.24.0-255,152,152,74,228656
6223,2.1e-05,172.31.40.0-255,66,218,74,228656
6224,2.7e-05,74.125.24.0-255,1484,1702,74,228656
6225,3.1e-05,172.31.40.0-255,66,1768,74,228656
6226,3.6e-05,74.125.24.0-255,2902,4670,74,228656
6227,3.9e-05,172.31.40.0-255,66,4736,74,228656
6228,4.6e-05,74.125.24.0-255,5738,10474,74,228656
6229,4.8e-05,172.31.40.0-255,66,10540,74,228656
6230,7.2e-05,74.125.24.0-255,1484,12024,74,228656
6231,7.4e-05,172.31.40.0-255,66,12090,74,228656
6232,8.7e-05,172.31.40.0-255,66,12156,74,228656
6233,0.000117,74.125.24.0-255,4320,16476,74,228656
6234,0.000119,172.31.40.0-255,66,16542,74,228656
6235,0.000138,74.125.24.0-255,2543,19085,74,228656
6236,0.00014,172.31.40.0-255,66,19151,74,228656
6237,0.000224,74.125.24.0-255,1484,20635,74,228656
6238,0.000227,172.31.40.0-255,66,20701,74,228656
6239,0.000232,74.125.24.0-255,2902,23603,74,228656
6240,0.000234,172.31.40.0-255,66,23669,74,228656
6241,0.000267,74.125.24.0-255,2902,26571,74,228656
6242,0.000269,172.31.40.0-255,66,26637,74,228656
6243,0.000295,74.125.24.0-255,2902,29539,74,228656
6244,0.000298,172.31.40.0-255,66,29605,74,228656
6245,0.000312,172.31.40.0-255,66,29671,74,228656
6246,0.000322,172.31.40.0-255,66,29737,74,228656
6247,0.000557,74.125.24.0-255,401,30138,74,228656
6248,0.000561,172.31.40.0-255,66,30204,74,228656
6249,0.000641,74.125.24.0-255,341,30545,74,228656
6250,0.000645,172.31.40.0-255,66,30611,74,228656
6251,0.000675,74.125.24.0-255,1484,32095,74,228656
6252,0.000716,74.125.24.0-255,1484,33579,74,228656
6253,0.000719,172.31.40.0-255,66,33645,74,228656
6254,0.000724,74.125.24.0-255,2902,36547,74,228656
6255,0.000726,172.31.40.0-255,66,36613,74,228656
6256,0.000732,74.125.24.0-255,5738,42351,74,228656
6257,0.000734,172.31.40.0-255,66,42417,74,228656
6258,0.000757,74.125.24.0-255,5738,48155,74,228656
6259,0.000759,172.31.40.0-255,66,48221,74,228656
6260,0.000784,74.125.24.0-255,1484,49705,74,228656
6261,0.000794,172.31.40.0-255,66,49771,74,228656
6262,0.000797,74.125.24.0-255,1484,51255,74,228656
6263,0.000818,74.125.24.0-255,5020,56275,74,228656
6264,0.00082,172.31.40.0-255,66,56341,74,228656
6265,0.000989,74.125.24.0-255,1484,57825,74,228656
6266,0.001008,74.125.24.0-255,2902,60727,74,228656
6267,0.001012,172.31.40.0-255,66,60793,74,228656
6268,0.001018,74.125.24.0-255,5738,66531,74,228656
6269,0.00102,172.31.40.0-255,66,66597,74,228656
6270,0.001041,74.125.24.0-255,4320,70917,74,228656
6271,0.001043,172.31.40.0-255,66,70983,74,228656
6272,0.001072,172.31.40.0-255,66,71049,74,228656
6273,0.001084,172.31.40.0-255,66,71115,74,228656
6274,0.001276,74.125.24.0-255,1484,72599,74,228656
6275,0.0013,74.125.24.0-255,2902,75501,74,228656
6276,0.001303,172.31.40.0-255,66,75567,74,228656
6277,0.001325,74.125.24.0-255,4320,79887,74,228656
6278,0.001328,172.31.40.0-255,66,79953,74,228656
6279,0.001378,172.31.40.0-255,66,80019,74,228656
6280,0.001383,74.125.24.0-255,4320,84339,74,228656
6281,0.001384,172.31.40.0-255,66,84405,74,228656
6282,0.001424,74.125.24.0-255,2902,87307,74,228656
6283,0.001426,172.31.40.0-255,66,87373,74,228656
6284,0.001455,172.31.40.0-255,66,87439,74,228656
6285,0.001482,74.125.24.0-255,1484,88923,74,228656
6286,0.001496,74.125.24.0-255,2902,91825,74,228656
6287,0.001498,172.31.40.0-255,66,91891,74,228656
6288,0.001519,74.125.24.0-255,2902,94793,74,228656
6289,0.001522,172.31.40.0-255,66,94859,74,228656
6290,0.001537,74.125.24.0-255,4320,99179,74,228656
6291,0.001539,172.31.40.0-255,66,99245,74,228656
6292,0.001565,74.125.24.0-255,2902,102147,74,228656
6293,0.001567,172.31.40.0-255,66,102213,74,228656
6294,0.001579,172.31.40.0-255,66,102279,74,228656
6295,0.00159,74.125.24.0-255,2902,105181,74,228656
6296,0.001592,172.31.40.0-255,66,105247,74,228656
6297,0.001628,74.125.24.0-255,4320,109567,74,228656
6298,0.00163,172.31.40.0-255,66,109633,74,228656
6299,0.001648,74.125.24.0-255,766,110399,74,228656
6300,0.001763,74.125.24.0-255,1484,111883,74,228656
6301,0.001766,172.31.40.0-255,66,111949,74,228656
6302,0.001787,74.125.24.0-255,2902,114851,74,228656
6303,0.001789,172.31.40.0-255,66,114917,74,228656
6304,0.001793,74.125.24.0-255,2902,117819,74,228656
6305,0.001795,172.31.40.0-255,66,117885,74,228656
6306,0.001821,74.125.24.0-255,2902,120787,74,228656
6307,0.001823,172.31.40.0-255,66,120853,74,228656
6308,0.001832,172.31.40.0-255,66,120919,74,228656
6309,0.001865,172.31.40.0-255,66,120985,74,228656
6310,0.001882,74.125.24.0-255,1484,122469,74,228656
6311,0.001886,74.125.24.0-255,2184,124653,74,228656
6312,0.001887,172.31.40.0-255,66,124719,74,228656
6313,0.001901,74.125.24.0-255,2902,127621,74,228656
6314,0.001904,172.31.40.0-255,66,127687,74,228656
6315,0.001926,74.125.24.0-255,5738,133425,74,228656
6316,0.001929,172.31.40.0-255,66,133491,74,228656
6317,0.001933,74.125.24.0-255,4320,137811,74,228656
6318,0.001935,172.31.40.0-255,66,137877,74,228656
6319,0.00196,74.125.24.0-255,2902,140779,74,228656
6320,0.001963,172.31.40.0-255,66,140845,74,228656
6321,0.001976,172.31.40.0-255,66,140911,74,228656
6322,0.00198,74.125.24.0-255,2902,143813,74,228656
6323,0.001982,172.31.40.0-255,66,143879,74,228656
6324,0.002015,74.125.24.0-255,766,144645,74,228656
6325,0.002052,74.125.24.0-255,1484,146129,74,228656
6326,0.002055,172.31.40.0-255,66,146195,74,228656
6327,0.002073,74.125.24.0-255,1484,147679,74,228656
6328,0.002092,74.125.24.0-255,1484,149163,74,228656
6329,0.002094,172.31.40.0-255,66,149229,74,228656
6330,0.002099,74.125.24.0-255,4320,153549,74,228656
6331,0.002101,172.31.40.0-255,66,153615,74,228656
6332,0.002153,74.125.24.0-255,5738,159353,74,228656
6333,0.002156,172.31.40.0-255,66,159419,74,228656
6334,0.002184,172.31.40.0-255,66,159485,74,228656
6335,0.00219,74.125.24.0-255,5738,165223,74,228656
6336,0.002192,172.31.40.0-255,66,165289,74,228656
6337,0.002234,74.125.24.0-255,4320,169609,74,228656
6338,0.002237,172.31.40.0-255,66,169675,74,228656
6339,0.002255,74.125.24.0-255,2184,171859,74,228656
6340,0.002257,172.31.40.0-255,66,171925,74,228656
6341,0.002302,74.125.24.0-255,1484,173409,74,228656
6342,0.002307,74.125.24.0-255,2902,176311,74,228656
6343,0.00231,172.31.40.0-255,66,176377,74,228656
6344,0.002313,74.125.24.0-255,1484,177861,74,228656
6345,0.002332,74.125.24.0-255,4320,182181,74,228656
6346,0.002334,172.31.40.0-255,66,182247,74,228656
6347,0.002339,74.125.24.0-255,4320,186567,74,228656
6348,0.002341,172.31.40.0-255,66,186633,74,228656
6349,0.002355,74.125.24.0-255,2902,189535,74,228656
6350,0.002357,172.31.40.0-255,66,189601,74,228656
6351,0.002381,172.31.40.0-255,66,189667,74,228656
6352,0.002422,74.125.24.0-255,2902,192569,74,228656
6353,0.002425,172.31.40.0-255,66,192635,74,228656
6354,0.002446,74.125.24.0-255,5020,197655,74,228656
6355,0.002448,172.31.40.0-255,66,197721,74,228656
6356,0.00245,74.125.24.0-255,1484,199205,74,228656
6357,0.002454,74.125.24.0-255,1484,200689,74,228656
6358,0.002455,172.31.40.0-255,66,200755,74,228656
6359,0.002469,74.125.24.0-255,1484,202239,74,228656
6360,0.002474,74.125.24.0-255,5738,207977,74,228656
6361,0.002476,172.31.40.0-255,66,208043,74,228656
6362,0.002478,74.125.24.0-255,1484,209527,74,228656
6363,0.002507,74.125.24.0-255,1484,211011,74,228656
6364,0.002509,172.31.40.0-255,66,211077,74,228656
6365,0.002531,74.125.24.0-255,5738,216815,74,228656
6366,0.002533,172.31.40.0-255,66,216881,74,228656
6367,0.005012,74.125.24.0-255,5738,222619,74,228656
6368,0.005019,172.31.40.0-255,66,222685,74,228656
6369,0.006594,172.31.40.0-255,101,222786,74,228656
6370,0.007517,74.125.24.0-255,5738,228524,74,228656
6371,0.007524,172.31.40.0-255,66,228590,74,228656
6372,0.00902,74.125.24.0-255,66,228656,74,228656
6373,0.0,74.125.24.0-255,153,153,74,196813
6374,2.4e-05,172.31.40.0-255,66,219,74,196813
6375,3.2e-05,74.125.24.0-255,1484,1703,74,196813
6376,3.6e-05,172.31.40.0-255,66,1769,74,196813
6377,4.2e-05,74.125.24.0-255,2902,4671,74,196813
6378,4.5e-05,172.31.40.0-255,66,4737,74,196813
6379,5.6e-05,172.31.40.0-255,66,4803,74,196813
6380,6.1e-05,74.125.24.0-255,2902,7705,74,196813
6381,6.4e-05,172.31.40.0-255,66,7771,74,196813
6382,0.000103,172.31.40.0-255,66,7837,74,196813
6383,0.000108,74.125.24.0-255,3961,11798,74,196813
6384,0.000111,172.31.40.0-255,66,11864,74,196813
6385,0.00016,74.125.24.0-255,1484,13348,74,196813
6386,0.000162,172.31.40.0-255,66,13414,74,196813
6387,0.000166,74.125.24.0-255,1484,14898,74,196813
6388,0.000167,172.31.40.0-255,66,14964,74,196813
6389,0.000181,74.125.24.0-255,1484,16448,74,196813
6390,0.000183,172.31.40.0-255,66,16514,74,196813
6391,0.000189,74.125.24.0-255,4320,20834,74,196813
6392,0.000191,172.31.40.0-255,66,20900,74,196813
6393,0.000222,74.125.24.0-255,1484,22384,74,196813
6394,0.000224,172.31.40.0-255,66,22450,74,196813
6395,0.000239,172.31.40.0-255,66,22516,74,196813
6396,0.00025,172.31.40.0-255,66,22582,74,196813
6397,0.000253,74.125.24.0-255,109,22691,74,196813
6398,0.000256,172.31.40.0-255,66,22757,74,196813
6399,0.000278,74.125.24.0-255,331,23088,74,196813
6400,0.000281,172.31.40.0-255,66,23154,74,196813
6401,0.000491,74.125.24.0-255,1484,24638,74,196813
6402,0.000499,74.125.24.0-255,2902,27540,74,196813
6403,0.000503,172.31.40.0-255,66,27606,74,196813
6404,0.000509,74.125.24.0-255,4320,31926,74,196813
6405,0.000511,172.31.40.0-255,66,31992,74,196813
6406,0.000525,74.125.24.0-255,1484,33476,74,196813
6407,0.000531,74.125.24.0-255,4320,37796,74,196813
6408,0.000533,172.31.40.0-255,66,37862,74,196813
6409,0.00055,74.125.24.0-255,1484,39346,74,196813
6410,0.000563,172.31.40.0-255,66,39412,74,196813
6411,0.000581,74.125.24.0-255,2902,42314,74,196813
6412,0.000583,172.31.40.0-255,66,42380,74,196813
6413,0.00059,74.125.24.0-255,5020,47400,74,196813
6414,0.000593,172.31.40.0-255,66,47466,74,196813
6415,0.000617,74.125.24.0-255,2902,50368,74,196813
6416,0.00062,172.31.40.0-255,66,50434,74,196813
6417,0.000643,74.125.24.0-255,2902,53336,74,196813
6418,0.000646,172.31.40.0-255,66,53402,74,196813
6419,0.000655,172.31.40.0-255,66,53468,74,196813
6420,0.000697,172.31.40.0-255,66,53534,74,196813
6421,0.000719,74.125.24.0-255,2902,56436,74,196813
6422,0.000721,172.31.40.0-255,66,56502,74,196813
6423,0.00073,172.31.40.0-255,66,56568,74,196813
6424,0.000742,74.125.24.0-255,1484,58052,74,196813
6425,0.000756,74.125.24.0-255,2902,60954,74,196813
6426,0.000759,172.31.40.0-255,66,61020,74,196813
6427,0.000765,74.125.24.0-255,5738,66758,74,196813
6428,0.000767,172.31.40.0-255,66,66824,74,196813
6429,0.000773,74.125.24.0-255,5738,72562,74,196813
6430,0.000775,172.31.40.0-255,66,72628,74,196813
6431,0.000791,74.125.24.0-255,1484,74112,74,196813
6432,0.000829,172.31.40.0-255,66,74178,74,196813
6433,0.000849,74.125.24.0-255,2184,76362,74,196813
6434,0.000851,172.31.40.0-255,66,76428,74,196813
6435,0.001135,74.125.24.0-255,1484,77912,74,196813
6436,0.00115,74.125.24.0-255,2902,80814,74,196813
6437,0.001154,172.31.40.0-255,66,80880,74,196813
6438,0.001161,74.125.24.0-255,5738,86618,74,196813
6439,0.001163,172.31.40.0-255,66,86684,74,196813
6440,0.00119,74.125.24.0-255,5738,92422,74,196813
6441,0.001193,172.31.40.0-255,66,92488,74,196813
6442,0.001214,74.125.24.0-255,5738,98226,74,196813
6443,0.001216,172.31.40.0-255,66,98292,74,196813
6444,0.001238,74.125.24.0-255,1484,99776,74,196813
6445,0.00125,172.31.40.0-255,66,99842,74,196813
6446,0.001318,74.125.24.0-255,1484,101326,74,196813
6447,0.001356,74.125.24.0-255,2902,104228,74,196813
6448,0.001359,172.31.40.0-255,66,104294,74,196813
6449,0.001362,74.125.24.0-255,1484,105778,74,196813
6450,0.00138,74.125.24.0-255,2902,108680,74,196813
6451,0.001383,172.31.40.0-255,66,108746,74,196813
6452,0.001401,74.125.24.0-255,1484,110230,74,196813
6453,0.001404,74.125.24.0-255,1484,111714,74,196813
6454,0.001406,172.31.40.0-255,66,111780,74,196813
6455,0.001433,172.31.40.0-255,66,111846,74,196813
6456,0.001457,74.125.24.0-255,4320,116166,74,196813
6457,0.001459,172.31.40.0-255,66,116232,74,196813
6458,0.001469,172.31.40.0-255,66,116298,74,196813
6459,0.001493,74.125.24.0-255,1484,117782,74,196813
6460,0.00151,74.125.24.0-255,3602,121384,74,196813
6461,0.001513,172.31.40.0-255,66,121450,74,196813
6462,0.001519,74.125.24.0-255,5738,127188,74,196813
6463,0.001522,172.31.40.0-255,66,127254,74,196813
6464,0.001525,74.125.24.0-255,1484,128738,74,196813
6465,0.001552,74.125.24.0-255,2902,131640,74,196813
6466,0.001555,172.31.40.0-255,66,131706,74,196813
6467,0.001572,74.125.24.0-255,1484,133190,74,196813
6468,0.001604,172.31.40.0-255,66,133256,74,196813
6469,0.00161,74.125.24.0-255,4320,137576,74,196813
6470,0.001612,172.31.40.0-255,66,137642,74,196813
6471,0.001647,172.31.40.0-255,66,137708,74,196813
6472,0.001722,74.125.24.0-255,1484,139192,74,196813
6473,0.001766,74.125.24.0-255,2902,142094,74,196813
6474,0.001769,172.31.40.0-255,66,142160,74,196813
6475,0.001772,74.125.24.0-255,1484,143644,74,196813
6476,0.001786,74.125.24.0-255,4320,147964,74,196813
6477,0.001788,172.31.40.0-255,66,148030,74,196813
6478,0.001803,74.125.24.0-255,2902,150932,74,196813
6479,0.001805,172.31.40.0-255,66,150998,74,196813
6480,0.001839,172.31.40.0-255,66,151064,74,196813
6481,0.001842,74.125.24.0-255,1484,152548,74,196813
6482,0.001861,74.125.24.0-255,4320,156868,74,196813
6483,0.001864,172.31.40.0-255,66,156934,74,196813
6484,0.001897,74.125.24.0-255,5020,161954,74,196813
6485,0.0019,172.31.40.0-255,66,162020,74,196813
6486,0.001932,74.125.24.0-255,1484,163504,74,196813
6487,0.001982,74.125.24.0-255,2902,166406,74,196813
6488,0.001985,172.31.40.0-255,66,166472,74,196813
6489,0.002023,74.125.24.0-255,1484,167956,74,196813
6490,0.002045,74.125.24.0-255,4320,172276,74,196813
6491,0.002056,172.31.40.0-255,66,172342,74,196813
6492,0.002059,172.31.40.0-255,66,172408,74,196813
6493,0.002073,74.125.24.0-255,1484,173892,74,196813
6494,0.002105,172.31.40.0-255,66,173958,74,196813
6495,0.002126,74.125.24.0-255,2184,176142,74,196813
6496,0.002129,172.31.40.0-255,66,176208,74,196813
6497,0.002166,74.125.24.0-255,1484,177692,74,196813
6498,0.002178,74.125.24.0-255,1484,179176,74,196813
6499,0.002181,172.31.40.0-255,66,179242,74,196813
6500,0.002202,74.125.24.0-255,2902,182144,74,196813
6501,0.002205,172.31.40.0-255,66,182210,74,196813
6502,0.002228,74.125.24.0-255,1484,183694,74,196813
6503,0.002246,74.125.24.0-255,1484,185178,74,196813
6504,0.002248,172.31.40.0-255,66,185244,74,196813
6505,0.002262,74.125.24.0-255,2902,188146,74,196813
6506,0.002265,172.31.40.0-255,66,188212,74,196813
6507,0.002281,74.125.24.0-255,4320,192532,74,196813
6508,0.002283,172.31.40.0-255,66,192598,74,196813
6509,0.002309,172.31.40.0-255,66,192664,74,196813
6510,0.002319,172.31.40.0-255,66,192730,74,196813
6511,0.002352,74.125.24.0-255,2184,194914,74,196813
6512,0.002372,74.125.24.0-255,1359,196273,74,196813
6513,0.002374,74.125.24.0-255,105,196378,74,196813
6514,0.002379,172.31.40.0-255,66,196444,74,196813
6515,0.002387,172.31.40.0-255,66,196510,74,196813
6516,0.00239,172.31.40.0-255,66,196576,74,196813
6517,0.004286,172.31.40.0-255,66,196642,74,196813
6518,0.004322,172.31.40.0-255,105,196747,74,196813
6519,0.006579,74.125.24.0-255,66,196813,74,196813
6520,0.0,74.125.24.0-255,149,149,74,131382
6521,2.7e-05,172.31.40.0-255,66,215,74,131382
6522,3.5e-05,74.125.24.0-255,1484,1699,74,131382
6523,4e-05,172.31.40.0-255,66,1765,74,131382
6524,4.7e-05,74.125.24.0-255,2902,4667,74,131382
6525,5e-05,172.31.40.0-255,66,4733,74,131382
6526,6.1e-05,172.31.40.0-255,66,4799,74,131382
6527,6.5e-05,74.125.24.0-255,2139,6938,74,131382
6528,6.8e-05,172.31.40.0-255,66,7004,74,131382
6529,8.2e-05,172.31.40.0-255,66,7070,74,131382
6530,8.8e-05,74.125.24.0-255,5379,12449,74,131382
6531,9e-05,172.31.40.0-255,66,12515,74,131382
6532,0.00012,74.125.24.0-255,5738,18253,74,131382
6533,0.000123,172.31.40.0-255,66,18319,74,131382
6534,0.000127,74.125.24.0-255,2902,21221,74,131382
6535,0.000129,172.31.40.0-255,66,21287,74,131382
6536,0.000174,172.31.40.0-255,66,21353,74,131382
6537,0.000306,74.125.24.0-255,1484,22837,74,131382
6538,0.000311,172.31.40.0-255,66,22903,74,131382
6539,0.000317,74.125.24.0-255,2902,25805,74,131382
6540,0.000319,172.31.40.0-255,66,25871,74,131382
6541,0.000324,74.125.24.0-255,2902,28773,74,131382
6542,0.000326,172.31.40.0-255,66,28839,74,131382
6543,0.000343,74.125.24.0-255,2902,31741,74,131382
6544,0.000346,172.31.40.0-255,66,31807,74,131382
6545,0.00035,74.125.24.0-255,2902,34709,74,131382
6546,0.000352,172.31.40.0-255,66,34775,74,131382
6547,0.000382,172.31.40.0-255,66,34841,74,131382
6548,0.000388,74.125.24.0-255,5738,40579,74,131382
6549,0.00039,172.31.40.0-255,66,40645,74,131382
6550,0.000413,74.125.24.0-255,4540,45185,74,131382
6551,0.000416,172.31.40.0-255,66,45251,74,131382
6552,0.000418,74.125.24.0-255,1484,46735,74,131382
6553,0.000436,74.125.24.0-255,5738,52473,74,131382
6554,0.000439,172.31.40.0-255,66,52539,74,131382
6555,0.000461,172.31.40.0-255,66,52605,74,131382
6556,0.000486,74.125.24.0-255,1125,53730,74,131382
6557,0.000677,74.125.24.0-255,1484,55214,74,131382
6558,0.000682,74.125.24.0-255,2902,58116,74,131382
6559,0.000717,172.31.40.0-255,66,58182,74,131382
6560,0.000721,172.31.40.0-255,66,58248,74,131382
6561,0.000741,74.125.24.0-255,5738,63986,74,131382
6562,0.000744,172.31.40.0-255,66,64052,74,131382
6563,0.000758,172.31.40.0-255,66,64118,74,131382
6564,0.000767,172.31.40.0-255,66,64184,74,131382
6565,0.000771,74.125.24.0-255,2184,66368,74,131382
6566,0.000774,172.31.40.0-255,66,66434,74,131382
6567,0.001225,74.125.24.0-255,1484,67918,74,131382
6568,0.00124,74.125.24.0-255,2902,70820,74,131382
6569,0.001244,172.31.40.0-255,66,70886,74,131382
6570,0.001262,74.125.24.0-255,1484,72370,74,131382
6571,0.001283,74.125.24.0-255,2902,75272,74,131382
6572,0.001285,172.31.40.0-255,66,75338,74,131382
6573,0.001301,74.125.24.0-255,1484,76822,74,131382
6574,0.001308,74.125.24.0-255,5738,82560,74,131382
6575,0.001311,172.31.40.0-255,66,82626,74,131382
6576,0.001334,74.125.24.0-255,2902,85528,74,131382
6577,0.001337,172.31.40.0-255,66,85594,74,131382
6578,0.001365,172.31.40.0-255,66,85660,74,131382
6579,0.001386,74.125.24.0-255,2902,88562,74,131382
6580,0.001389,172.31.40.0-255,66,88628,74,131382
6581,0.001395,74.125.24.0-255,5020,93648,74,131382
6582,0.001397,172.31.40.0-255,66,93714,74,131382
6583,0.00163,74.125.24.0-255,1484,95198,74,131382
6584,0.001637,74.125.24.0-255,2902,98100,74,131382
6585,0.00164,172.31.40.0-255,66,98166,74,131382
6586,0.001645,74.125.24.0-255,2902,101068,74,131382
6587,0.001647,172.31.40.0-255,66,101134,74,131382
6588,0.001664,74.125.24.0-255,2902,104036,74,131382
6589,0.001666,172.31.40.0-255,66,104102,74,131382
6590,0.001669,74.125.24.0-255,1484,105586,74,131382
6591,0.001706,172.31.40.0-255,66,105652,74,131382
6592,0.001729,172.31.40.0-255,66,105718,74,131382
6593,0.001742,74.125.24.0-255,2902,108620,74,131382
6594,0.001745,172.31.40.0-255,66,108686,74,131382
6595,0.001748,74.125.24.0-255,766,109452,74,131382
6596,0.002442,172.31.40.0-255,66,109518,74,131382
6597,0.003758,74.125.24.0-255,4320,113838,74,131382
6598,0.003765,172.31.40.0-255,66,113904,74,131382
6599,0.004464,74.125.24.0-255,1484,115388,74,131382
6600,0.005802,74.125.24.0-255,4320,119708,74,131382
6601,0.005805,172.31.40.0-255,66,119774,74,131382
6602,0.007831,74.125.24.0-255,5738,125512,74,131382
6603,0.007838,172.31.40.0-255,66,125578,74,131382
6604,0.009886,74.125.24.0-255,5738,131316,74,131382
6605,0.009896,172.31.40.0-255,66,131382,74,131382
6606,0.0,172.217.194.0-255,148,148,74,30990
6607,2.4e-05,172.31.40.0-255,66,214,74,30990
6608,3.1e-05,172.217.194.0-255,1484,1698,74,30990
6609,3.6e-05,172.31.40.0-255,66,1764,74,30990
6610,4.9e-05,172.217.194.0-255,2902,4666,74,30990
6611,5.2e-05,172.31.40.0-255,66,4732,74,30990
6612,9.5e-05,172.217.194.0-255,2902,7634,74,30990
6613,9.8e-05,172.31.40.0-255,66,7700,74,30990
6614,0.000125,172.217.194.0-255,4320,12020,74,30990
6615,0.000128,172.31.40.0-255,66,12086,74,30990
6616,0.000283,172.31.40.0-255,66,12152,74,30990
6617,0.000565,172.31.40.0-255,66,12218,74,30990
6618,0.000727,172.31.40.0-255,66,12284,74,30990
6619,0.000761,172.31.40.0-255,66,12350,74,30990
6620,0.001233,172.31.40.0-255,66,12416,74,30990
6621,0.001524,172.31.40.0-255,66,12482,74,30990
6622,0.001562,172.31.40.0-255,66,12548,74,30990
6623,0.002317,172.31.40.0-255,66,12614,74,30990
6624,0.002367,172.31.40.0-255,66,12680,74,30990
6625,0.00306,172.217.194.0-255,2184,14864,74,30990
6626,0.003063,172.31.40.0-255,66,14930,74,30990
6627,0.003106,172.217.194.0-255,4320,19250,74,30990
6628,0.003109,172.31.40.0-255,66,19316,74,30990
6629,0.004458,172.31.40.0-255,66,19382,74,30990
6630,0.006765,172.217.194.0-255,5738,25120,74,30990
6631,0.006771,172.31.40.0-255,66,25186,74,30990
6632,0.00908,172.217.194.0-255,5738,30924,74,30990
6633,0.009089,172.31.40.0-255,66,30990,74,30990
6634,0.0,172.217.194.0-255,147,147,74,117542
6635,2.3e-05,172.31.40.0-255,66,213,74,117542
6636,3e-05,172.217.194.0-255,1484,1697,74,117542
6637,3.4e-05,172.31.40.0-255,66,1763,74,117542
6638,4.9e-05,172.217.194.0-255,2902,4665,74,117542
6639,5.3e-05,172.31.40.0-255,66,4731,74,117542
6640,6.4e-05,172.31.40.0-255,66,4797,74,117542
6641,6.8e-05,172.217.194.0-255,2127,6924,74,117542
6642,7.1e-05,172.31.40.0-255,66,6990,74,117542
6643,7.6e-05,172.217.194.0-255,2902,9892,74,117542
6644,7.9e-05,172.31.40.0-255,66,9958,74,117542
6645,8.8e-05,172.31.40.0-255,66,10024,74,117542
6646,0.000125,172.31.40.0-255,66,10090,74,117542
6647,0.000131,172.217.194.0-255,4320,14410,74,117542
6648,0.000133,172.31.40.0-255,66,14476,74,117542
6649,0.000153,172.217.194.0-255,2902,17378,74,117542
6650,0.000156,172.31.40.0-255,66,17444,74,117542
6651,0.000166,172.217.194.0-255,5738,23182,74,117542
6652,0.000168,172.31.40.0-255,66,23248,74,117542
6653,0.000194,172.217.194.0-255,3961,27209,74,117542
6654,0.000201,172.31.40.0-255,66,27275,74,117542
6655,0.000403,172.217.194.0-255,1484,28759,74,117542
6656,0.000408,172.31.40.0-255,66,28825,74,117542
6657,0.000414,172.217.194.0-255,2902,31727,74,117542
6658,0.000417,172.31.40.0-255,66,31793,74,117542
6659,0.000423,172.217.194.0-255,5738,37531,74,117542
6660,0.00043,172.31.40.0-255,66,37597,74,117542
6661,0.00044,172.31.40.0-255,66,37663,74,117542
6662,0.000443,172.217.194.0-255,646,38309,74,117542
6663,0.000898,172.217.194.0-255,1484,39793,74,117542
6664,0.000903,172.31.40.0-255,66,39859,74,117542
6665,0.000907,172.217.194.0-255,1484,41343,74,117542
6666,0.000929,172.217.194.0-255,1484,42827,74,117542
6667,0.000931,172.31.40.0-255,66,42893,74,117542
6668,0.000937,172.217.194.0-255,4320,47213,74,117542
6669,0.000939,172.31.40.0-255,66,47279,74,117542
6670,0.000963,172.217.194.0-255,1484,48763,74,117542
6671,0.000975,172.31.40.0-255,66,48829,74,117542
6672,0.000993,172.31.40.0-255,66,48895,74,117542
6673,0.000997,172.217.194.0-255,2184,51079,74,117542
6674,0.000999,172.31.40.0-255,66,51145,74,117542
6675,0.001226,172.31.40.0-255,101,51246,74,117542
6676,0.001912,172.217.194.0-255,1484,52730,74,117542
6677,0.001948,172.217.194.0-255,2902,55632,74,117542
6678,0.001954,172.31.40.0-255,66,55698,74,117542
6679,0.001961,172.217.194.0-255,4320,60018,74,117542
6680,0.001963,172.31.40.0-255,66,60084,74,117542
6681,0.001988,172.217.194.0-255,1484,61568,74,117542
6682,0.001993,172.217.194.0-255,2902,64470,74,117542
6683,0.001995,172.31.40.0-255,66,64536,74,117542
6684,0.00201,172.31.40.0-255,66,64602,74,117542
6685,0.002024,172.31.40.0-255,66,64668,74,117542
6686,0.002136,172.217.194.0-255,1484,66152,74,117542
6687,0.002154,172.217.194.0-255,2902,69054,74,117542
6688,0.002157,172.31.40.0-255,66,69120,74,117542
6689,0.00216,172.217.194.0-255,1484,70604,74,117542
6690,0.002185,172.217.194.0-255,4320,74924,74,117542
6691,0.002187,172.31.40.0-255,66,74990,74,117542
6692,0.002191,172.217.194.0-255,1484,76474,74,117542
6693,0.002224,172.31.40.0-255,66,76540,74,117542
6694,0.002244,172.31.40.0-255,66,76606,74,117542
6695,0.002268,172.217.194.0-255,2902,79508,74,117542
6696,0.002273,172.31.40.0-255,66,79574,74,117542
6697,0.002312,172.31.40.0-255,66,79640,74,117542
6698,0.002334,172.31.40.0-255,66,79706,74,117542
6699,0.002337,172.217.194.0-255,766,80472,74,117542
6700,0.002366,172.31.40.0-255,66,80538,74,117542
6701,0.002399,172.31.40.0-255,66,80604,74,117542
6702,0.002414,172.31.40.0-255,66,80670,74,117542
6703,0.002461,172.31.40.0-255,66,80736,74,117542
6704,0.002503,172.31.40.0-255,66,80802,74,117542
6705,0.002531,172.31.40.0-255,66,80868,74,117542
6706,0.002549,172.31.40.0-255,66,80934,74,117542
6707,0.002555,172.217.194.0-255,5020,85954,74,117542
6708,0.002558,172.31.40.0-255,66,86020,74,117542
6709,0.002564,172.217.194.0-255,5738,91758,74,117542
6710,0.002567,172.31.40.0-255,66,91824,74,117542
6711,0.002621,172.31.40.0-255,66,91890,74,117542
6712,0.002657,172.217.194.0-255,2902,94792,74,117542
6713,0.00266,172.31.40.0-255,66,94858,74,117542
6714,0.002672,172.31.40.0-255,66,94924,74,117542
6715,0.002674,172.217.194.0-255,1484,96408,74,117542
6716,0.002684,172.217.194.0-255,3602,100010,74,117542
6717,0.002686,172.31.40.0-255,66,100076,74,117542
6718,0.002689,172.217.194.0-255,1484,101560,74,117542
6719,0.002701,172.31.40.0-255,66,101626,74,117542
6720,0.002705,172.217.194.0-255,2902,104528,74,117542
6721,0.002707,172.31.40.0-255,66,104594,74,117542
6722,0.00271,172.217.194.0-255,1484,106078,74,117542
6723,0.002724,172.31.40.0-255,66,106144,74,117542
6724,0.002729,172.217.194.0-255,4320,110464,74,117542
6725,0.002731,172.31.40.0-255,66,110530,74,117542
6726,0.002734,172.217.194.0-255,1484,112014,74,117542
6727,0.002777,172.31.40.0-255,66,112080,74,117542
6728,0.002784,172.217.194.0-255,5225,117305,74,117542
6729,0.002787,172.31.40.0-255,66,117371,74,117542
6730,0.002822,172.217.194.0-255,105,117476,74,117542
6731,0.003694,172.217.194.0-255,66,117542,74,117542
6732,0.0,74.125.200.0-255,146,146,74,176742
6733,1.4e-05,172.31.40.0-255,66,212,74,176742
6734,2e-05,74.125.200.0-255,1484,1696,74,176742
6735,2.5e-05,172.31.40.0-255,66,1762,74,176742
6736,3e-05,74.125.200.0-255,2902,4664,74,176742
6737,3.3e-05,172.31.40.0-255,66,4730,74,176742
6738,5.1e-05,172.31.40.0-255,66,4796,74,176742
6739,8.1e-05,74.125.200.0-255,1941,6737,74,176742
6740,8.3e-05,172.31.40.0-255,66,6803,74,176742
6741,0.000145,74.125.200.0-255,1484,8287,74,176742
6742,0.000149,172.31.40.0-255,66,8353,74,176742
6743,0.000168,74.125.200.0-255,2902,11255,74,176742
6744,0.00017,172.31.40.0-255,66,11321,74,176742
6745,0.000199,74.125.200.0-255,2902,14223,74,176742
6746,0.000202,172.31.40.0-255,66,14289,74,176742
6747,0.000207,74.125.200.0-255,4320,18609,74,176742
6748,0.000209,172.31.40.0-255,66,18675,74,176742
6749,0.000238,74.125.200.0-255,4320,22995,74,176742
6750,0.000244,172.31.40.0-255,66,23061,74,176742
6751,0.000269,74.125.200.0-255,3961,27022,74,176742
6752,0.000272,172.31.40.0-255,66,27088,74,176742
6753,0.000282,172.31.40.0-255,66,27154,74,176742
6754,0.000338,172.31.40.0-255,66,27220,74,176742
6755,0.000349,172.31.40.0-255,66,27286,74,176742
6756,0.000368,74.125.200.0-255,334,27620,74,176742
6757,0.00037,172.31.40.0-255,66,27686,74,176742
6758,0.00057,74.125.200.0-255,1484,29170,74,176742
6759,0.000575,172.31.40.0-255,66,29236,74,176742
6760,0.000581,74.125.200.0-255,2902,32138,74,176742
6761,0.000583,172.31.40.0-255,66,32204,74,176742
6762,0.000595,74.125.200.0-255,5738,37942,74,176742
6763,0.000598,172.31.40.0-255,66,38008,74,176742
6764,0.000602,74.125.200.0-255,2902,40910,74,176742
6765,0.000605,172.31.40.0-255,66,40976,74,176742
6766,0.000638,74.125.200.0-255,4320,45296,74,176742
6767,0.000641,172.31.40.0-255,66,45362,74,176742
6768,0.000647,74.125.200.0-255,4320,49682,74,176742
6769,0.00065,172.31.40.0-255,66,49748,74,176742
6770,0.000701,172.31.40.0-255,66,49814,74,176742
6771,0.000705,74.125.200.0-255,2184,51998,74,176742
6772,0.000707,172.31.40.0-255,66,52064,74,176742
6773,0.001235,74.125.200.0-255,1484,53548,74,176742
6774,0.001252,74.125.200.0-255,2902,56450,74,176742
6775,0.001256,172.31.40.0-255,66,56516,74,176742
6776,0.001261,74.125.200.0-255,2902,59418,74,176742
6777,0.001263,172.31.40.0-255,66,59484,74,176742
6778,0.001287,74.125.200.0-255,4320,63804,74,176742
6779,0.00129,172.31.40.0-255,66,63870,74,176742
6780,0.001329,172.31.40.0-255,66,63936,74,176742
6781,0.001336,74.125.200.0-255,5738,69674,74,176742
6782,0.001337,172.31.40.0-255,66,69740,74,176742
6783,0.001365,74.125.200.0-255,4320,74060,74,176742
6784,0.001367,172.31.40.0-255,66,74126,74,176742
6785,0.001373,74.125.200.0-255,3602,77728,74,176742
6786,0.001374,172.31.40.0-255,66,77794,74,176742
6787,0.001418,74.125.200.0-255,1484,79278,74,176742
6788,0.001423,74.125.200.0-255,2902,82180,74,176742
6789,0.001425,172.31.40.0-255,66,82246,74,176742
6790,0.001442,74.125.200.0-255,2902,85148,74,176742
6791,0.001449,172.31.40.0-255,66,85214,74,176742
6792,0.001475,74.125.200.0-255,2902,88116,74,176742
6793,0.001477,172.31.40.0-255,66,88182,74,176742
6794,0.001488,172.31.40.0-255,66,88248,74,176742
6795,0.001501,172.31.40.0-255,66,88314,74,176742
6796,0.001542,172.31.40.0-255,66,88380,74,176742
6797,0.001555,172.31.40.0-255,66,88446,74,176742
6798,0.001558,74.125.200.0-255,1484,89930,74,176742
6799,0.00159,172.31.40.0-255,66,89996,74,176742
6800,0.001609,74.125.200.0-255,2902,92898,74,176742
6801,0.001611,172.31.40.0-255,66,92964,74,176742
6802,0.001634,74.125.200.0-255,5020,97984,74,176742
6803,0.001637,172.31.40.0-255,66,98050,74,176742
6804,0.001807,74.125.200.0-255,1484,99534,74,176742
6805,0.001812,74.125.200.0-255,2902,102436,74,176742
6806,0.001815,172.31.40.0-255,66,102502,74,176742
6807,0.001854,74.125.200.0-255,5738,108240,74,176742
6808,0.001857,172.31.40.0-255,66,108306,74,176742
6809,0.001896,172.31.40.0-255,66,108372,74,176742
6810,0.001898,74.125.200.0-255,1484,109856,74,176742
6811,0.001932,172.31.40.0-255,66,109922,74,176742
6812,0.001936,74.125.200.0-255,2184,112106,74,176742
6813,0.001938,172.31.40.0-255,66,112172,74,176742
6814,0.001996,74.125.200.0-255,1484,113656,74,176742
6815,0.002001,74.125.200.0-255,2902,116558,74,176742
6816,0.002004,172.31.40.0-255,66,116624,74,176742
6817,0.00201,74.125.200.0-255,5738,122362,74,176742
6818,0.002013,172.31.40.0-255,66,122428,74,176742
6819,0.002017,74.125.200.0-255,2902,125330,74,176742
6820,0.00202,172.31.40.0-255,66,125396,74,176742
6821,0.002049,74.125.200.0-255,4320,129716,74,176742
6822,0.002052,172.31.40.0-255,66,129782,74,176742
6823,0.002074,74.125.200.0-255,5738,135520,74,176742
6824,0.002077,172.31.40.0-255,66,135586,74,176742
6825,0.002102,74.125.200.0-255,4320,139906,74,176742
6826,0.002104,172.31.40.0-255,66,139972,74,176742
6827,0.002135,172.31.40.0-255,66,140038,74,176742
6828,0.002199,74.125.200.0-255,1484,141522,74,176742
6829,0.002219,74.125.200.0-255,2902,144424,74,176742
6830,0.002222,172.31.40.0-255,66,144490,74,176742
6831,0.002227,74.125.200.0-255,4320,148810,74,176742
6832,0.002228,172.31.40.0-255,66,148876,74,176742
6833,0.002265,172.31.40.0-255,66,148942,74,176742
6834,0.00227,74.125.200.0-255,4320,153262,74,176742
6835,0.002272,172.31.40.0-255,66,153328,74,176742
6836,0.002291,74.125.200.0-255,4320,157648,74,176742
6837,0.002293,172.31.40.0-255,66,157714,74,176742
6838,0.002299,74.125.200.0-255,1484,159198,74,176742
6839,0.002325,172.31.40.0-255,66,159264,74,176742
6840,0.004609,74.125.200.0-255,1484,160748,74,176742
6841,0.00463,74.125.200.0-255,4320,165068,74,176742
6842,0.004634,172.31.40.0-255,66,165134,74,176742
6843,0.006914,74.125.200.0-255,5738,170872,74,176742
6844,0.006918,172.31.40.0-255,66,170938,74,176742
6845,0.009226,74.125.200.0-255,5738,176676,74,176742
6846,0.009241,172.31.40.0-255,66,176742,74,176742
6847,0.0,74.125.130.0-255,143,143,74,131088
6848,2.4e-05,172.31.40.0-255,66,209,74,131088
6849,3.1e-05,74.125.130.0-255,1484,1693,74,131088
6850,3.5e-05,172.31.40.0-255,66,1759,74,131088
6851,4.1e-05,74.125.130.0-255,2902,4661,74,131088
6852,4.5e-05,172.31.40.0-255,66,4727,74,131088
6853,5.1e-05,74.125.130.0-255,5738,10465,74,131088
6854,5.4e-05,172.31.40.0-255,66,10531,74,131088
6855,5.8e-05,74.125.130.0-255,2902,13433,74,131088
6856,6.1e-05,172.31.40.0-255,66,13499,74,131088
6857,0.0001,74.125.130.0-255,712,14211,74,131088
6858,0.000103,172.31.40.0-255,66,14277,74,131088
6859,0.000223,74.125.130.0-255,1484,15761,74,131088
6860,0.000228,172.31.40.0-255,66,15827,74,131088
6861,0.000235,74.125.130.0-255,2902,18729,74,131088
6862,0.000239,172.31.40.0-255,66,18795,74,131088
6863,0.000255,74.125.130.0-255,4320,23115,74,131088
6864,0.000257,172.31.40.0-255,66,23181,74,131088
6865,0.000281,74.125.130.0-255,1484,24665,74,131088
6866,0.000284,172.31.40.0-255,66,24731,74,131088
6867,0.000287,74.125.130.0-255,1484,26215,74,131088
6868,0.000289,172.31.40.0-255,66,26281,74,131088
6869,0.000293,74.125.130.0-255,2902,29183,74,131088
6870,0.000296,172.31.40.0-255,66,29249,74,131088
6871,0.000313,74.125.130.0-255,1484,30733,74,131088
6872,0.000315,172.31.40.0-255,66,30799,74,131088
6873,0.00033,74.125.130.0-255,5379,36178,74,131088
6874,0.000333,172.31.40.0-255,66,36244,74,131088
6875,0.000336,74.125.130.0-255,1484,37728,74,131088
6876,0.000338,172.31.40.0-255,66,37794,74,131088
6877,0.000343,74.125.130.0-255,2902,40696,74,131088
6878,0.000345,172.31.40.0-255,66,40762,74,131088
6879,0.000374,74.125.130.0-255,5738,46500,74,131088
6880,0.000377,172.31.40.0-255,66,46566,74,131088
6881,0.000381,74.125.130.0-255,2902,49468,74,131088
6882,0.000382,172.31.40.0-255,66,49534,74,131088
6883,0.000385,74.125.130.0-255,1484,51018,74,131088
6884,0.000407,74.125.130.0-255,2902,53920,74,131088
6885,0.00041,172.31.40.0-255,66,53986,74,131088
6886,0.000413,74.125.130.0-255,1484,55470,74,131088
6887,0.000435,172.31.40.0-255,66,55536,74,131088
6888,0.00044,74.125.130.0-255,2902,58438,74,131088
6889,0.000442,172.31.40.0-255,66,58504,74,131088
6890,0.000465,74.125.130.0-255,766,59270,74,131088
6891,0.000513,74.125.130.0-255,363,59633,74,131088
6892,0.000516,74.125.130.0-255,381,60014,74,131088
6893,0.00084,74.125.130.0-255,1484,61498,74,131088
6894,0.000845,172.31.40.0-255,66,61564,74,131088
6895,0.000851,74.125.130.0-255,2902,64466,74,131088
6896,0.000854,172.31.40.0-255,66,64532,74,131088
6897,0.000867,74.125.130.0-255,1484,66016,74,131088
6898,0.000883,74.125.130.0-255,4320,70336,74,131088
6899,0.000886,172.31.40.0-255,66,70402,74,131088
6900,0.000907,74.125.130.0-255,5738,76140,74,131088
6901,0.00091,172.31.40.0-255,66,76206,74,131088
6902,0.000917,74.125.130.0-255,5738,81944,74,131088
6903,0.000919,172.31.40.0-255,66,82010,74,131088
6904,0.000935,74.125.130.0-255,1484,83494,74,131088
6905,0.000941,74.125.130.0-255,4320,87814,74,131088
6906,0.000944,172.31.40.0-255,66,87880,74,131088
6907,0.000965,74.125.130.0-255,4320,92200,74,131088
6908,0.000968,172.31.40.0-255,66,92266,74,131088
6909,0.000999,74.125.130.0-255,2184,94450,74,131088
6910,0.001002,172.31.40.0-255,66,94516,74,131088
6911,0.001603,74.125.130.0-255,1484,96000,74,131088
6912,0.001612,74.125.130.0-255,2902,98902,74,131088
6913,0.001616,172.31.40.0-255,66,98968,74,131088
6914,0.001652,74.125.130.0-255,5738,104706,74,131088
6915,0.001655,172.31.40.0-255,66,104772,74,131088
6916,0.001665,172.31.40.0-255,66,104838,74,131088
6917,0.001671,74.125.130.0-255,4320,109158,74,131088
6918,0.001673,172.31.40.0-255,66,109224,74,131088
6919,0.0017,74.125.130.0-255,4320,113544,74,131088
6920,0.001703,172.31.40.0-255,66,113610,74,131088
6921,0.001714,172.31.40.0-255,66,113676,74,131088
6922,0.004048,74.125.130.0-255,5738,119414,74,131088
6923,0.004056,172.31.40.0-255,66,119480,74,131088
6924,0.006359,74.125.130.0-255,5738,125218,74,131088
6925,0.006362,172.31.40.0-255,66,125284,74,131088
6926,0.008677,74.125.130.0-255,5738,131022,74,131088
6927,0.008688,172.31.40.0-255,66,131088,74,131088
6928,0.0,172.253.118.0-255,296,296,74,182779
6929,3.2e-05,172.31.40.0-255,66,362,74,182779
6930,3.8e-05,172.253.118.0-255,1484,1846,74,182779
6931,4.1e-05,172.31.40.0-255,66,1912,74,182779
6932,4.7e-05,172.253.118.0-255,4320,6232,74,182779
6933,4.9e-05,172.31.40.0-255,66,6298,74,182779
6934,5.8e-05,172.31.40.0-255,66,6364,74,182779
6935,8e-05,172.253.118.0-255,3203,9567,74,182779
6936,8.3e-05,172.31.40.0-255,66,9633,74,182779
6937,8.5e-05,172.253.118.0-255,1484,11117,74,182779
6938,8.7e-05,172.31.40.0-255,66,11183,74,182779
6939,0.000103,172.253.118.0-255,2902,14085,74,182779
6940,0.000105,172.31.40.0-255,66,14151,74,182779
6941,0.000128,172.31.40.0-255,66,14217,74,182779
6942,0.000146,172.253.118.0-255,2543,16760,74,182779
6943,0.000148,172.31.40.0-255,66,16826,74,182779
6944,0.000223,172.253.118.0-255,1484,18310,74,182779
6945,0.000227,172.31.40.0-255,66,18376,74,182779
6946,0.000231,172.253.118.0-255,2902,21278,74,182779
6947,0.000234,172.31.40.0-255,66,21344,74,182779
6948,0.000261,172.253.118.0-255,5738,27082,74,182779
6949,0.000264,172.31.40.0-255,66,27148,74,182779
6950,0.000303,172.31.40.0-255,66,27214,74,182779
6951,0.000322,172.253.118.0-255,4320,31534,74,182779
6952,0.000328,172.31.40.0-255,66,31600,74,182779
6953,0.000359,172.31.40.0-255,66,31666,74,182779
6954,0.000404,172.253.118.0-255,445,32111,74,182779
6955,0.000408,172.31.40.0-255,66,32177,74,182779
6956,0.000543,172.253.118.0-255,1484,33661,74,182779
6957,0.00055,172.253.118.0-255,2902,36563,74,182779
6958,0.000554,172.31.40.0-255,66,36629,74,182779
6959,0.000581,172.253.118.0-255,1484,38113,74,182779
6960,0.000601,172.253.118.0-255,4320,42433,74,182779
6961,0.000604,172.31.40.0-255,66,42499,74,182779
6962,0.000607,172.253.118.0-255,1484,43983,74,182779
6963,0.00063,172.253.118.0-255,5738,49721,74,182779
6964,0.000633,172.31.40.0-255,66,49787,74,182779
6965,0.000636,172.253.118.0-255,1484,51271,74,182779
6966,0.000668,172.31.40.0-255,66,51337,74,182779
6967,0.000672,172.253.118.0-255,2184,53521,74,182779
6968,0.000675,172.31.40.0-255,66,53587,74,182779
6969,0.000678,172.253.118.0-255,329,53916,74,182779
6970,0.000953,172.253.118.0-255,1484,55400,74,182779
6971,0.000958,172.253.118.0-255,2902,58302,74,182779
6972,0.000958,172.31.40.0-255,66,58368,74,182779
6973,0.000962,172.31.40.0-255,66,58434,74,182779
6974,0.000984,172.253.118.0-255,5738,64172,74,182779
6975,0.000987,172.31.40.0-255,66,64238,74,182779
6976,0.001019,172.253.118.0-255,2902,67140,74,182779
6977,0.001022,172.31.40.0-255,66,67206,74,182779
6978,0.001051,172.31.40.0-255,66,67272,74,182779
6979,0.001054,172.253.118.0-255,1484,68756,74,182779
6980,0.001063,172.31.40.0-255,66,68822,74,182779
6981,0.001077,172.253.118.0-255,2184,71006,74,182779
6982,0.00108,172.31.40.0-255,66,71072,74,182779
6983,0.001165,172.253.118.0-255,1484,72556,74,182779
6984,0.001171,172.253.118.0-255,2902,75458,74,182779
6985,0.001174,172.31.40.0-255,66,75524,74,182779
6986,0.001178,172.253.118.0-255,1484,77008,74,182779
6987,0.001194,172.253.118.0-255,4320,81328,74,182779
6988,0.001196,172.31.40.0-255,66,81394,74,182779
6989,0.001202,172.253.118.0-255,5738,87132,74,182779
6990,0.001205,172.31.40.0-255,66,87198,74,182779
6991,0.00124,172.31.40.0-255,66,87264,74,182779
6992,0.001262,172.253.118.0-255,4320,91584,74,182779
6993,0.001264,172.31.40.0-255,66,91650,74,182779
6994,0.00127,172.253.118.0-255,5020,96670,74,182779
6995,0.001272,172.31.40.0-255,66,96736,74,182779
6996,0.001437,172.253.118.0-255,1484,98220,74,182779
6997,0.001442,172.253.118.0-255,2902,101122,74,182779
6998,0.001446,172.31.40.0-255,66,101188,74,182779
6999,0.001449,172.253.118.0-255,1484,102672,74,182779
7000,0.001467,172.253.118.0-255,4320,106992,74,182779
7001,0.001471,172.31.40.0-255,66,107058,74,182779
7002,0.001485,172.31.40.0-255,66,107124,74,182779
7003,0.001514,172.253.118.0-255,5738,112862,74,182779
7004,0.001517,172.31.40.0-255,66,112928,74,182779
7005,0.001529,172.31.40.0-255,66,112994,74,182779
7006,0.001534,172.253.118.0-255,4320,117314,74,182779
7007,0.001536,172.31.40.0-255,66,117380,74,182779
7008,0.001571,172.31.40.0-255,66,117446,74,182779
7009,0.001584,172.31.40.0-255,66,117512,74,182779
7010,0.001626,172.31.40.0-255,66,117578,74,182779
7011,0.001644,172.253.118.0-255,2184,119762,74,182779
7012,0.001648,172.31.40.0-255,66,119828,74,182779
7013,0.001757,172.253.118.0-255,1484,121312,74,182779
7014,0.001782,172.253.118.0-255,2902,124214,74,182779
7015,0.001785,172.31.40.0-255,66,124280,74,182779
7016,0.001812,172.253.118.0-255,5738,130018,74,182779
7017,0.001815,172.31.40.0-255,66,130084,74,182779
7018,0.001819,172.253.118.0-255,2902,132986,74,182779
7019,0.001822,172.31.40.0-255,66,133052,74,182779
7020,0.001844,172.253.118.0-255,5738,138790,74,182779
7021,0.001847,172.31.40.0-255,66,138856,74,182779
7022,0.001863,172.253.118.0-255,4320,143176,74,182779
7023,0.001866,172.31.40.0-255,66,143242,74,182779
7024,0.001876,172.31.40.0-255,66,143308,74,182779
7025,0.00191,172.253.118.0-255,2184,145492,74,182779
7026,0.001913,172.31.40.0-255,66,145558,74,182779
7027,0.002048,172.253.118.0-255,1484,147042,74,182779
7028,0.002054,172.253.118.0-255,2902,149944,74,182779
7029,0.002058,172.31.40.0-255,66,150010,74,182779
7030,0.002065,172.253.118.0-255,4320,154330,74,182779
7031,0.002067,172.31.40.0-255,66,154396,74,182779
7032,0.002079,172.253.118.0-255,1484,155880,74,182779
7033,0.002103,172.31.40.0-255,66,155946,74,182779
7034,0.002106,172.253.118.0-255,1484,157430,74,182779
7035,0.002131,172.31.40.0-255,66,157496,74,182779
7036,0.002176,172.253.118.0-255,5738,163234,74,182779
7037,0.002179,172.31.40.0-255,66,163300,74,182779
7038,0.002196,172.253.118.0-255,5738,169038,74,182779
7039,0.002199,172.31.40.0-255,66,169104,74,182779
7040,0.002214,172.31.40.0-255,66,169170,74,182779
7041,0.002284,172.253.118.0-255,4320,173490,74,182779
7042,0.002336,172.253.118.0-255,5738,179228,74,182779
7043,0.002352,172.253.118.0-255,3275,182503,74,182779
7044,0.002355,172.253.118.0-255,105,182608,74,182779
7045,0.006802,172.31.40.0-255,66,182674,74,182779
7046,0.008402,172.31.40.0-255,105,182779,74,182779
7047,0.0,172.217.194.0-255,154,154,74,156156
7048,2.6e-05,172.31.40.0-255,66,220,74,156156
7049,4.9e-05,172.217.194.0-255,1484,1704,74,156156
7050,5.2e-05,172.31.40.0-255,66,1770,74,156156
7051,7.3e-05,172.217.194.0-255,2902,4672,74,156156
7052,7.7e-05,172.217.194.0-255,2902,7574,74,156156
7053,7.7e-05,172.31.40.0-255,66,7640,74,156156
7054,8e-05,172.31.40.0-255,66,7706,74,156156
7055,9.9e-05,172.217.194.0-255,2902,10608,74,156156
7056,0.000102,172.31.40.0-255,66,10674,74,156156
7057,0.000108,172.217.194.0-255,6237,16911,74,156156
7058,0.00011,172.31.40.0-255,66,16977,74,156156
7059,0.000133,172.31.40.0-255,66,17043,74,156156
7060,0.000157,172.217.194.0-255,5379,22422,74,156156
7061,0.00016,172.31.40.0-255,66,22488,74,156156
7062,0.000217,172.217.194.0-255,1484,23972,74,156156
7063,0.00022,172.31.40.0-255,66,24038,74,156156
7064,0.000223,172.217.194.0-255,1484,25522,74,156156
7065,0.000224,172.31.40.0-255,66,25588,74,156156
7066,0.00024,172.217.194.0-255,1484,27072,74,156156
7067,0.000242,172.31.40.0-255,66,27138,74,156156
7068,0.000247,172.217.194.0-255,4320,31458,74,156156
7069,0.000249,172.31.40.0-255,66,31524,74,156156
7070,0.000264,172.217.194.0-255,1484,33008,74,156156
7071,0.000266,172.31.40.0-255,66,33074,74,156156
7072,0.000288,172.217.194.0-255,5738,38812,74,156156
7073,0.000291,172.31.40.0-255,66,38878,74,156156
7074,0.00031,172.217.194.0-255,2543,41421,74,156156
7075,0.000313,172.31.40.0-255,66,41487,74,156156
7076,0.000322,172.31.40.0-255,66,41553,74,156156
7077,0.000326,172.217.194.0-255,2902,44455,74,156156
7078,0.00033,172.31.40.0-255,66,44521,74,156156
7079,0.000351,172.217.194.0-255,4251,48772,74,156156
7080,0.000356,172.31.40.0-255,66,48838,74,156156
7081,0.000382,172.217.194.0-255,98,48936,74,156156
7082,0.000463,172.217.194.0-255,1484,50420,74,156156
7083,0.000471,172.31.40.0-255,66,50486,74,156156
7084,0.000491,172.217.194.0-255,2902,53388,74,156156
7085,0.000495,172.31.40.0-255,66,53454,74,156156
7086,0.000519,172.217.194.0-255,5738,59192,74,156156
7087,0.000524,172.217.194.0-255,4320,63512,74,156156
7088,0.000528,172.31.40.0-255,66,63578,74,156156
7089,0.000557,172.31.40.0-255,66,63644,74,156156
7090,0.000567,172.217.194.0-255,766,64410,74,156156
7091,0.000569,172.31.40.0-255,66,64476,74,156156
7092,0.000613,172.217.194.0-255,1484,65960,74,156156
7093,0.000618,172.217.194.0-255,4320,70280,74,156156
7094,0.000619,172.31.40.0-255,66,70346,74,156156
7095,0.000623,172.31.40.0-255,66,70412,74,156156
7096,0.000634,172.31.40.0-255,66,70478,74,156156
7097,0.000645,172.217.194.0-255,5738,76216,74,156156
7098,0.000658,172.31.40.0-255,66,76282,74,156156
7099,0.000677,172.31.40.0-255,66,76348,74,156156
7100,0.000699,172.217.194.0-255,1484,77832,74,156156
7101,0.00074,172.31.40.0-255,66,77898,74,156156
7102,0.000756,172.217.194.0-255,4320,82218,74,156156
7103,0.00077,172.31.40.0-255,66,82284,74,156156
7104,0.000789,172.31.40.0-255,66,82350,74,156156
7105,0.000799,172.217.194.0-255,5738,88088,74,156156
7106,0.000803,172.31.40.0-255,66,88154,74,156156
7107,0.000809,172.217.194.0-255,1484,89638,74,156156
7108,0.000825,172.217.194.0-255,5738,95376,74,156156
7109,0.000832,172.31.40.0-255,66,95442,74,156156
7110,0.000845,172.217.194.0-255,2902,98344,74,156156
7111,0.000849,172.31.40.0-255,66,98410,74,156156
7112,0.000884,172.31.40.0-255,66,98476,74,156156
7113,0.000904,172.31.40.0-255,66,98542,74,156156
7114,0.000959,172.217.194.0-255,1484,100026,74,156156
7115,0.00097,172.217.194.0-255,2902,102928,74,156156
7116,0.000974,172.31.40.0-255,66,102994,74,156156
7117,0.00098,172.217.194.0-255,1484,104478,74,156156
7118,0.000997,172.217.194.0-255,4320,108798,74,156156
7119,0.001008,172.217.194.0-255,1484,110282,74,156156
7120,0.001014,172.31.40.0-255,66,110348,74,156156
7121,0.001027,172.217.194.0-255,4320,114668,74,156156
7122,0.001029,172.31.40.0-255,66,114734,74,156156
7123,0.001034,172.217.194.0-255,4320,119054,74,156156
7124,0.001045,172.31.40.0-255,66,119120,74,156156
7125,0.001072,172.217.194.0-255,5020,124140,74,156156
7126,0.001075,172.31.40.0-255,66,124206,74,156156
7127,0.0011,172.217.194.0-255,1484,125690,74,156156
7128,0.001103,172.217.194.0-255,1484,127174,74,156156
7129,0.001109,172.31.40.0-255,66,127240,74,156156
7130,0.00113,172.217.194.0-255,1484,128724,74,156156
7131,0.001136,172.217.194.0-255,5738,134462,74,156156
7132,0.001146,172.31.40.0-255,66,134528,74,156156
7133,0.001174,172.31.40.0-255,66,134594,74,156156
7134,0.001188,172.31.40.0-255,66,134660,74,156156
7135,0.001196,172.217.194.0-255,2902,137562,74,156156
7136,0.001198,172.31.40.0-255,66,137628,74,156156
7137,0.001213,172.217.194.0-255,2184,139812,74,156156
7138,0.001218,172.31.40.0-255,66,139878,74,156156
7139,0.001329,172.217.194.0-255,1484,141362,74,156156
7140,0.001351,172.217.194.0-255,2902,144264,74,156156
7141,0.001359,172.31.40.0-255,66,144330,74,156156
7142,0.001374,172.217.194.0-255,4320,148650,74,156156
7143,0.001377,172.31.40.0-255,66,148716,74,156156
7144,0.00139,172.31.40.0-255,66,148782,74,156156
7145,0.001448,172.31.40.0-255,66,148848,74,156156
7146,0.001451,172.31.40.0-255,66,148914,74,156156
7147,0.001462,172.217.194.0-255,766,149680,74,156156
7148,0.001473,172.31.40.0-255,66,149746,74,156156
7149,0.001504,172.217.194.0-255,2902,152648,74,156156
7150,0.001507,172.31.40.0-255,66,152714,74,156156
7151,0.001542,172.217.194.0-255,1484,154198,74,156156
7152,0.001547,172.31.40.0-255,66,154264,74,156156
7153,0.00156,172.217.194.0-255,1484,155748,74,156156
7154,0.001614,172.31.40.0-255,66,155814,74,156156
7155,0.001618,172.217.194.0-255,105,155919,74,156156
7156,0.001625,172.31.40.0-255,66,155985,74,156156
7157,0.007663,172.31.40.0-255,105,156090,74,156156
7158,0.009647,172.217.194.0-255,66,156156,74,156156
7159,0.0,172.217.194.0-255,149,149,74,193584
7160,3.5e-05,172.31.40.0-255,66,215,74,193584
7161,4.2e-05,172.217.194.0-255,1484,1699,74,193584
7162,4.7e-05,172.31.40.0-255,66,1765,74,193584
7163,5.3e-05,172.217.194.0-255,2902,4667,74,193584
7164,5.7e-05,172.31.40.0-255,66,4733,74,193584
7165,6.8e-05,172.31.40.0-255,66,4799,74,193584
7166,7.2e-05,172.217.194.0-255,2041,6840,74,193584
7167,7.5e-05,172.31.40.0-255,66,6906,74,193584
7168,0.00015,172.217.194.0-255,1484,8390,74,193584
7169,0.000153,172.31.40.0-255,66,8456,74,193584
7170,0.000158,172.217.194.0-255,1484,9940,74,193584
7171,0.00016,172.31.40.0-255,66,10006,74,193584
7172,0.00018,172.217.194.0-255,1484,11490,74,193584
7173,0.000182,172.31.40.0-255,66,11556,74,193584
7174,0.000189,172.217.194.0-255,5738,17294,74,193584
7175,0.000191,172.31.40.0-255,66,17360,74,193584
7176,0.000209,172.217.194.0-255,2902,20262,74,193584
7177,0.000211,172.31.40.0-255,66,20328,74,193584
7178,0.000234,172.217.194.0-255,3961,24289,74,193584
7179,0.000237,172.31.40.0-255,66,24355,74,193584
7180,0.000318,172.217.194.0-255,1484,25839,74,193584
7181,0.000321,172.31.40.0-255,66,25905,74,193584
7182,0.000326,172.217.194.0-255,2902,28807,74,193584
7183,0.000328,172.31.40.0-255,66,28873,74,193584
7184,0.000334,172.217.194.0-255,4320,33193,74,193584
7185,0.000337,172.31.40.0-255,66,33259,74,193584
7186,0.000359,172.217.194.0-255,1484,34743,74,193584
7187,0.000361,172.31.40.0-255,66,34809,74,193584
7188,0.000368,172.217.194.0-255,5738,40547,74,193584
7189,0.000371,172.31.40.0-255,66,40613,74,193584
7190,0.000382,172.217.194.0-255,1125,41738,74,193584
7191,0.000416,172.31.40.0-255,66,41804,74,193584
7192,0.000422,172.217.194.0-255,4320,46124,74,193584
7193,0.000424,172.31.40.0-255,66,46190,74,193584
7194,0.000437,172.217.194.0-255,2902,49092,74,193584
7195,0.000439,172.31.40.0-255,66,49158,74,193584
7196,0.000472,172.217.194.0-255,2543,51701,74,193584
7197,0.000474,172.31.40.0-255,66,51767,74,193584
7198,0.000507,172.217.194.0-255,646,52413,74,193584
7199,0.000852,172.217.194.0-255,1484,53897,74,193584
7200,0.000856,172.31.40.0-255,66,53963,74,193584
7201,0.000862,172.217.194.0-255,2902,56865,74,193584
7202,0.000864,172.31.40.0-255,66,56931,74,193584
7203,0.000881,172.217.194.0-255,2902,59833,74,193584
7204,0.000883,172.31.40.0-255,66,59899,74,193584
7205,0.000904,172.217.194.0-255,2902,62801,74,193584
7206,0.000906,172.31.40.0-255,66,62867,74,193584
7207,0.000921,172.31.40.0-255,66,62933,74,193584
7208,0.000968,172.31.40.0-255,66,62999,74,193584
7209,0.001,172.31.40.0-255,66,63065,74,193584
7210,0.001084,172.217.194.0-255,1484,64549,74,193584
7211,0.001088,172.217.194.0-255,1484,66033,74,193584
7212,0.001091,172.31.40.0-255,66,66099,74,193584
7213,0.00111,172.217.194.0-255,1484,67583,74,193584
7214,0.001117,172.217.194.0-255,5738,73321,74,193584
7215,0.00112,172.31.40.0-255,66,73387,74,193584
7216,0.00115,172.217.194.0-255,2902,76289,74,193584
7217,0.001152,172.31.40.0-255,66,76355,74,193584
7218,0.001173,172.31.40.0-255,66,76421,74,193584
7219,0.001177,172.217.194.0-255,2902,79323,74,193584
7220,0.00118,172.31.40.0-255,66,79389,74,193584
7221,0.001217,172.31.40.0-255,66,79455,74,193584
7222,0.001252,172.217.194.0-255,1484,80939,74,193584
7223,0.001256,172.217.194.0-255,1484,82423,74,193584
7224,0.001258,172.31.40.0-255,66,82489,74,193584
7225,0.00128,172.217.194.0-255,1484,83973,74,193584
7226,0.001287,172.217.194.0-255,5738,89711,74,193584
7227,0.00129,172.31.40.0-255,66,89777,74,193584
7228,0.001333,172.217.194.0-255,4320,94097,74,193584
7229,0.001337,172.31.40.0-255,66,94163,74,193584
7230,0.00135,172.217.194.0-255,2543,96706,74,193584
7231,0.001352,172.31.40.0-255,66,96772,74,193584
7232,0.001363,172.31.40.0-255,66,96838,74,193584
7233,0.001366,172.217.194.0-255,1484,98322,74,193584
7234,0.001388,172.217.194.0-255,4320,102642,74,193584
7235,0.001391,172.31.40.0-255,66,102708,74,193584
7236,0.001429,172.31.40.0-255,66,102774,74,193584
7237,0.001442,172.31.40.0-255,66,102840,74,193584
7238,0.001477,172.31.40.0-255,66,102906,74,193584
7239,0.001502,172.217.194.0-255,2902,105808,74,193584
7240,0.001505,172.31.40.0-255,66,105874,74,193584
7241,0.001508,172.217.194.0-255,1125,106999,74,193584
7242,0.001645,172.217.194.0-255,1484,108483,74,193584
7243,0.001649,172.31.40.0-255,66,108549,74,193584
7244,0.001654,172.217.194.0-255,2902,111451,74,193584
7245,0.001656,172.31.40.0-255,66,111517,74,193584
7246,0.001661,172.217.194.0-255,4320,115837,74,193584
7247,0.001663,172.31.40.0-255,66,115903,74,193584
7248,0.001675,172.217.194.0-255,1484,117387,74,193584
7249,0.00168,172.217.194.0-255,4320,121707,74,193584
7250,0.001682,172.31.40.0-255,66,121773,74,193584
7251,0.001723,172.31.40.0-255,66,121839,74,193584
7252,0.001733,172.31.40.0-255,66,121905,74,193584
7253,0.001753,172.217.194.0-255,2902,124807,74,193584
7254,0.001756,172.31.40.0-255,66,124873,74,193584
7255,0.001784,172.31.40.0-255,66,124939,74,193584
7256,0.001793,172.31.40.0-255,66,125005,74,193584
7257,0.001806,172.217.194.0-255,4320,129325,74,193584
7258,0.001808,172.31.40.0-255,66,129391,74,193584
7259,0.001819,172.217.194.0-255,1484,130875,74,193584
7260,0.001839,172.31.40.0-255,66,130941,74,193584
7261,0.001865,172.217.194.0-255,2184,133125,74,193584
7262,0.001867,172.31.40.0-255,66,133191,74,193584
7263,0.00188,172.31.40.0-255,66,133257,74,193584
7264,0.001885,172.217.194.0-255,2543,135800,74,193584
7265,0.001887,172.31.40.0-255,66,135866,74,193584
7266,0.00189,172.217.194.0-255,2902,138768,74,193584
7267,0.001892,172.31.40.0-255,66,138834,74,193584
7268,0.001935,172.31.40.0-255,66,138900,74,193584
7269,0.00195,172.31.40.0-255,66,138966,74,193584
7270,0.002114,172.217.194.0-255,1484,140450,74,193584
7271,0.002119,172.217.194.0-255,2902,143352,74,193584
7272,0.002122,172.31.40.0-255,66,143418,74,193584
7273,0.002144,172.217.194.0-255,5738,149156,74,193584
7274,0.002151,172.31.40.0-255,66,149222,74,193584
7275,0.002172,172.217.194.0-255,5738,154960,74,193584
7276,0.002192,172.217.194.0-255,5738,160698,74,193584
7277,0.002214,172.31.40.0-255,66,160764,74,193584
7278,0.002218,172.31.40.0-255,66,160830,74,193584
7279,0.002239,172.217.194.0-255,5020,165850,74,193584
7280,0.002244,172.31.40.0-255,66,165916,74,193584
7281,0.002297,172.217.194.0-255,1484,167400,74,193584
7282,0.002311,172.217.194.0-255,2902,170302,74,193584
7283,0.002317,172.31.40.0-255,66,170368,74,193584
7284,0.002339,172.217.194.0-255,5738,176106,74,193584
7285,0.002357,172.31.40.0-255,66,176172,74,193584
7286,0.004629,172.217.194.0-255,5738,181910,74,193584
7287,0.004636,172.31.40.0-255,66,181976,74,193584
7288,0.006934,172.217.194.0-255,5738,187714,74,193584
7289,0.006938,172.31.40.0-255,66,187780,74,193584
7290,0.009208,172.217.194.0-255,5738,193518,74,193584
7291,0.009215,172.31.40.0-255,66,193584,74,193584
7292,0.0,172.217.194.0-255,213,213,74,169729
7293,2.4e-05,172.31.40.0-255,66,279,74,169729
7294,3.1e-05,172.217.194.0-255,1484,1763,74,169729
7295,3.6e-05,172.31.40.0-255,66,1829,74,169729
7296,4.3e-05,172.217.194.0-255,4320,6149,74,169729
7297,4.7e-05,172.31.40.0-255,66,6215,74,169729
7298,5e-05,172.217.194.0-255,1484,7699,74,169729
7299,5.2e-05,172.31.40.0-255,66,7765,74,169729
7300,7.3e-05,172.217.194.0-255,1484,9249,74,169729
7301,7.5e-05,172.31.40.0-255,66,9315,74,169729
7302,9.8e-05,172.217.194.0-255,4748,14063,74,169729
7303,0.000101,172.31.40.0-255,66,14129,74,169729
7304,0.000107,172.217.194.0-255,4320,18449,74,169729
7305,0.000109,172.31.40.0-255,66,18515,74,169729
7306,0.000125,172.217.194.0-255,2902,21417,74,169729
7307,0.000127,172.31.40.0-255,66,21483,74,169729
7308,0.000158,172.217.194.0-255,5738,27221,74,169729
7309,0.000161,172.31.40.0-255,66,27287,74,169729
7310,0.000184,172.217.194.0-255,3961,31248,74,169729
7311,0.000187,172.31.40.0-255,66,31314,74,169729
7312,0.000258,172.31.40.0-255,66,31380,74,169729
7313,0.000261,172.217.194.0-255,1484,32864,74,169729
7314,0.000263,172.31.40.0-255,66,32930,74,169729
7315,0.000279,172.217.194.0-255,2902,35832,74,169729
7316,0.000281,172.31.40.0-255,66,35898,74,169729
7317,0.000298,172.217.194.0-255,2543,38441,74,169729
7318,0.0003,172.31.40.0-255,66,38507,74,169729
7319,0.000861,172.217.194.0-255,1484,39991,74,169729
7320,0.000867,172.31.40.0-255,66,40057,74,169729
7321,0.000873,172.217.194.0-255,2902,42959,74,169729
7322,0.000876,172.31.40.0-255,66,43025,74,169729
7323,0.000883,172.217.194.0-255,5738,48763,74,169729
7324,0.000889,172.217.194.0-255,4320,53083,74,169729
7325,0.000902,172.217.194.0-255,1484,54567,74,169729
7326,0.000911,172.31.40.0-255,66,54633,74,169729
7327,0.000944,172.217.194.0-255,2902,57535,74,169729
7328,0.000955,172.31.40.0-255,66,57601,74,169729
7329,0.000967,172.217.194.0-255,3961,61562,74,169729
7330,0.000988,172.31.40.0-255,66,61628,74,169729
7331,0.001003,172.217.194.0-255,4541,66169,74,169729
7332,0.00102,172.31.40.0-255,66,66235,74,169729
7333,0.001041,172.217.194.0-255,5738,71973,74,169729
7334,0.001045,172.217.194.0-255,1484,73457,74,169729
7335,0.001059,172.31.40.0-255,66,73523,74,169729
7336,0.001067,172.217.194.0-255,5738,79261,74,169729
7337,0.001071,172.217.194.0-255,4320,83581,74,169729
7338,0.001078,172.31.40.0-255,66,83647,74,169729
7339,0.001112,172.217.194.0-255,5774,89421,74,169729
7340,0.001115,172.217.194.0-255,198,89619,74,169729
7341,0.001122,172.31.40.0-255,66,89685,74,169729
7342,0.001464,172.217.194.0-255,1484,91169,74,169729
7343,0.001479,172.217.194.0-255,2902,94071,74,169729
7344,0.001483,172.31.40.0-255,66,94137,74,169729
7345,0.001508,172.217.194.0-255,5738,99875,74,169729
7346,0.001511,172.217.194.0-255,1484,101359,74,169729
7347,0.001516,172.31.40.0-255,66,101425,74,169729
7348,0.001529,172.217.194.0-255,4320,105745,74,169729
7349,0.001567,172.31.40.0-255,66,105811,74,169729
7350,0.001572,172.31.40.0-255,66,105877,74,169729
7351,0.001634,172.217.194.0-255,1484,107361,74,169729
7352,0.00166,172.31.40.0-255,66,107427,74,169729
7353,0.001669,172.31.40.0-255,66,107493,74,169729
7354,0.001672,172.217.194.0-255,1484,108977,74,169729
7355,0.001677,172.217.194.0-255,3602,112579,74,169729
7356,0.001735,172.217.194.0-255,5738,118317,74,169729
7357,0.001739,172.31.40.0-255,66,118383,74,169729
7358,0.001743,172.31.40.0-255,66,118449,74,169729
7359,0.001757,172.217.194.0-255,1484,119933,74,169729
7360,0.001825,172.31.40.0-255,66,119999,74,169729
7361,0.001841,172.217.194.0-255,1484,121483,74,169729
7362,0.001846,172.217.194.0-255,2902,124385,74,169729
7363,0.001848,172.217.194.0-255,1484,125869,74,169729
7364,0.001866,172.217.194.0-255,4320,130189,74,169729
7365,0.00187,172.217.194.0-255,2902,133091,74,169729
7366,0.001874,172.31.40.0-255,66,133157,74,169729
7367,0.001886,172.217.194.0-255,5738,138895,74,169729
7368,0.00189,172.31.40.0-255,66,138961,74,169729
7369,0.001946,172.31.40.0-255,66,139027,74,169729
7370,0.00199,172.217.194.0-255,1484,140511,74,169729
7371,0.002,172.217.194.0-255,2902,143413,74,169729
7372,0.002006,172.217.194.0-255,4320,147733,74,169729
7373,0.002023,172.217.194.0-255,1484,149217,74,169729
7374,0.002026,172.31.40.0-255,66,149283,74,169729
7375,0.002066,172.31.40.0-255,66,149349,74,169729
7376,0.00207,172.217.194.0-255,2902,152251,74,169729
7377,0.002091,172.31.40.0-255,66,152317,74,169729
7378,0.0042,172.217.194.0-255,5738,158055,74,169729
7379,0.004207,172.31.40.0-255,66,158121,74,169729
7380,0.006327,172.217.194.0-255,5738,163859,74,169729
7381,0.006352,172.31.40.0-255,66,163925,74,169729
7382,0.008506,172.217.194.0-255,5738,169663,74,169729
7383,0.008524,172.31.40.0-255,66,169729,74,169729
7384,0.0,172.253.118.0-255,152,152,74,149224
7385,2e-05,172.31.40.0-255,66,218,74,149224
7386,2.8e-05,172.253.118.0-255,1484,1702,74,149224
7387,3.2e-05,172.31.40.0-255,66,1768,74,149224
7388,3.8e-05,172.253.118.0-255,2902,4670,74,149224
7389,4.1e-05,172.31.40.0-255,66,4736,74,149224
7390,5.1e-05,172.31.40.0-255,66,4802,74,149224
7391,5.4e-05,172.253.118.0-255,2036,6838,74,149224
7392,5.7e-05,172.31.40.0-255,66,6904,74,149224
7393,0.000181,172.253.118.0-255,1484,8388,74,149224
7394,0.000185,172.31.40.0-255,66,8454,74,149224
7395,0.000189,172.253.118.0-255,1484,9938,74,149224
7396,0.000192,172.31.40.0-255,66,10004,74,149224
7397,0.000208,172.253.118.0-255,1484,11488,74,149224
7398,0.00021,172.31.40.0-255,66,11554,74,149224
7399,0.000216,172.253.118.0-255,5738,17292,74,149224
7400,0.000218,172.31.40.0-255,66,17358,74,149224
7401,0.000221,172.253.118.0-255,1484,18842,74,149224
7402,0.000223,172.31.40.0-255,66,18908,74,149224
7403,0.000279,172.31.40.0-255,66,18974,74,149224
7404,0.000289,172.31.40.0-255,66,19040,74,149224
7405,0.000316,172.253.118.0-255,4320,23360,74,149224
7406,0.000319,172.31.40.0-255,66,23426,74,149224
7407,0.000352,172.31.40.0-255,66,23492,74,149224
7408,0.000354,172.253.118.0-255,411,23903,74,149224
7409,0.000356,172.31.40.0-255,66,23969,74,149224
7410,0.000581,172.253.118.0-255,1484,25453,74,149224
7411,0.000586,172.31.40.0-255,66,25519,74,149224
7412,0.000591,172.253.118.0-255,2902,28421,74,149224
7413,0.000594,172.31.40.0-255,66,28487,74,149224
7414,0.000597,172.253.118.0-255,1484,29971,74,149224
7415,0.000624,172.253.118.0-255,4320,34291,74,149224
7416,0.000627,172.31.40.0-255,66,34357,74,149224
7417,0.000633,172.253.118.0-255,5738,40095,74,149224
7418,0.000635,172.31.40.0-255,66,40161,74,149224
7419,0.000675,172.253.118.0-255,5020,45181,74,149224
7420,0.00068,172.31.40.0-255,66,45247,74,149224
7421,0.000687,172.31.40.0-255,66,45313,74,149224
7422,0.000699,172.253.118.0-255,331,45644,74,149224
7423,0.000779,172.253.118.0-255,1484,47128,74,149224
7424,0.000782,172.31.40.0-255,66,47194,74,149224
7425,0.00083,172.253.118.0-255,2902,50096,74,149224
7426,0.000832,172.31.40.0-255,66,50162,74,149224
7427,0.000839,172.253.118.0-255,5738,55900,74,149224
7428,0.000841,172.31.40.0-255,66,55966,74,149224
7429,0.000847,172.253.118.0-255,5738,61704,74,149224
7430,0.000848,172.31.40.0-255,66,61770,74,149224
7431,0.000858,172.31.40.0-255,66,61836,74,149224
7432,0.000887,172.253.118.0-255,5738,67574,74,149224
7433,0.00089,172.31.40.0-255,66,67640,74,149224
7434,0.000896,172.253.118.0-255,5020,72660,74,149224
7435,0.000898,172.31.40.0-255,66,72726,74,149224
7436,0.000919,172.253.118.0-255,1484,74210,74,149224
7437,0.000931,172.253.118.0-255,2902,77112,74,149224
7438,0.000934,172.31.40.0-255,66,77178,74,149224
7439,0.000937,172.253.118.0-255,1484,78662,74,149224
7440,0.000957,172.253.118.0-255,4320,82982,74,149224
7441,0.00096,172.31.40.0-255,66,83048,74,149224
7442,0.000963,172.253.118.0-255,1484,84532,74,149224
7443,0.001,172.31.40.0-255,66,84598,74,149224
7444,0.001018,172.253.118.0-255,1484,86082,74,149224
7445,0.001047,172.31.40.0-255,66,86148,74,149224
7446,0.001064,172.253.118.0-255,1484,87632,74,149224
7447,0.001101,172.31.40.0-255,66,87698,74,149224
7448,0.001111,172.31.40.0-255,66,87764,74,149224
7449,0.00113,172.253.118.0-255,1484,89248,74,149224
7450,0.00116,172.31.40.0-255,66,89314,74,149224
7451,0.001177,172.253.118.0-255,2184,91498,74,149224
7452,0.00118,172.31.40.0-255,66,91564,74,149224
7453,0.001729,172.253.118.0-255,1484,93048,74,149224
7454,0.001736,172.253.118.0-255,2902,95950,74,149224
7455,0.00174,172.31.40.0-255,66,96016,74,149224
7456,0.001747,172.253.118.0-255,5738,101754,74,149224
7457,0.001749,172.31.40.0-255,66,101820,74,149224
7458,0.001759,172.31.40.0-255,66,101886,74,149224
7459,0.001781,172.253.118.0-255,5738,107624,74,149224
7460,0.001783,172.31.40.0-255,66,107690,74,149224
7461,0.001791,172.31.40.0-255,66,107756,74,149224
7462,0.001827,172.253.118.0-255,3602,111358,74,149224
7463,0.00183,172.31.40.0-255,66,111424,74,149224
7464,0.002162,172.253.118.0-255,1484,112908,74,149224
7465,0.002176,172.253.118.0-255,2902,115810,74,149224
7466,0.002179,172.31.40.0-255,66,115876,74,149224
7467,0.002183,172.253.118.0-255,2902,118778,74,149224
7468,0.002185,172.31.40.0-255,66,118844,74,149224
7469,0.0022,172.253.118.0-255,2902,121746,74,149224
7470,0.002202,172.31.40.0-255,66,121812,74,149224
7471,0.002207,172.253.118.0-255,5738,127550,74,149224
7472,0.002209,172.31.40.0-255,66,127616,74,149224
7473,0.002237,172.31.40.0-255,66,127682,74,149224
7474,0.002246,172.31.40.0-255,66,127748,74,149224
7475,0.002269,172.253.118.0-255,1484,129232,74,149224
7476,0.002284,172.253.118.0-255,2184,131416,74,149224
7477,0.002286,172.31.40.0-255,66,131482,74,149224
7478,0.004502,172.253.118.0-255,1484,132966,74,149224
7479,0.004527,172.253.118.0-255,4320,137286,74,149224
7480,0.004531,172.31.40.0-255,66,137352,74,149224
7481,0.006759,172.253.118.0-255,2902,140254,74,149224
7482,0.006762,172.31.40.0-255,66,140320,74,149224
7483,0.006783,172.253.118.0-255,2902,143222,74,149224
7484,0.006785,172.31.40.0-255,66,143288,74,149224
7485,0.009033,172.253.118.0-255,2902,146190,74,149224
7486,0.009041,172.31.40.0-255,66,146256,74,149224
7487,0.009054,172.253.118.0-255,2902,149158,74,149224
7488,0.009057,172.31.40.0-255,66,149224,74,149224
7489,0.0,74.125.24.0-255,151,151,74,117685
7490,2.4e-05,172.31.40.0-255,66,217,74,117685
7491,3.2e-05,74.125.24.0-255,1484,1701,74,117685
7492,3.7e-05,172.31.40.0-255,66,1767,74,117685
7493,4.3e-05,74.125.24.0-255,2902,4669,74,117685
7494,5.4e-05,172.31.40.0-255,66,4735,74,117685
7495,6.7e-05,172.31.40.0-255,66,4801,74,117685
7496,7.1e-05,74.125.24.0-255,2093,6894,74,117685
7497,7.3e-05,172.31.40.0-255,66,6960,74,117685
7498,0.00023,74.125.24.0-255,1484,8444,74,117685
7499,0.000235,172.31.40.0-255,66,8510,74,117685
7500,0.000254,74.125.24.0-255,2902,11412,74,117685
7501,0.000257,172.31.40.0-255,66,11478,74,117685
7502,0.000287,74.125.24.0-255,2902,14380,74,117685
7503,0.00029,172.31.40.0-255,66,14446,74,117685
7504,0.000296,74.125.24.0-255,4320,18766,74,117685
7505,0.000298,172.31.40.0-255,66,18832,74,117685
7506,0.000325,74.125.24.0-255,5379,24211,74,117685
7507,0.000328,172.31.40.0-255,66,24277,74,117685
7508,0.000466,74.125.24.0-255,1484,25761,74,117685
7509,0.000471,172.31.40.0-255,66,25827,74,117685
7510,0.000486,74.125.24.0-255,2902,28729,74,117685
7511,0.000488,172.31.40.0-255,66,28795,74,117685
7512,0.000502,74.125.24.0-255,5738,34533,74,117685
7513,0.000505,172.31.40.0-255,66,34599,74,117685
7514,0.00055,172.31.40.0-255,66,34665,74,117685
7515,0.000561,172.31.40.0-255,66,34731,74,117685
7516,0.00057,74.125.24.0-255,4270,39001,74,117685
7517,0.000573,172.31.40.0-255,66,39067,74,117685
7518,0.000601,74.125.24.0-255,380,39447,74,117685
7519,0.001075,172.31.40.0-255,66,39513,74,117685
7520,0.00115,74.125.24.0-255,1484,40997,74,117685
7521,0.001157,74.125.24.0-255,2902,43899,74,117685
7522,0.00116,172.31.40.0-255,66,43965,74,117685
7523,0.001167,74.125.24.0-255,5738,49703,74,117685
7524,0.001169,172.31.40.0-255,66,49769,74,117685
7525,0.001205,172.31.40.0-255,66,49835,74,117685
7526,0.001216,172.31.40.0-255,66,49901,74,117685
7527,0.001253,74.125.24.0-255,2184,52085,74,117685
7528,0.001256,172.31.40.0-255,66,52151,74,117685
7529,0.001327,74.125.24.0-255,1484,53635,74,117685
7530,0.001332,74.125.24.0-255,2902,56537,74,117685
7531,0.001335,172.31.40.0-255,66,56603,74,117685
7532,0.001357,74.125.24.0-255,5738,62341,74,117685
7533,0.00136,172.31.40.0-255,66,62407,74,117685
7534,0.001365,74.125.24.0-255,4320,66727,74,117685
7535,0.001368,172.31.40.0-255,66,66793,74,117685
7536,0.00137,74.125.24.0-255,1484,68277,74,117685
7537,0.001414,172.31.40.0-255,66,68343,74,117685
7538,0.001425,172.31.40.0-255,66,68409,74,117685
7539,0.002076,74.125.24.0-255,1484,69893,74,117685
7540,0.002086,74.125.24.0-255,2902,72795,74,117685
7541,0.00209,172.31.40.0-255,66,72861,74,117685
7542,0.002096,74.125.24.0-255,2902,75763,74,117685
7543,0.002098,172.31.40.0-255,66,75829,74,117685
7544,0.002103,74.125.24.0-255,4320,80149,74,117685
7545,0.002111,172.31.40.0-255,66,80215,74,117685
7546,0.002145,172.31.40.0-255,66,80281,74,117685
7547,0.002156,74.125.24.0-255,1484,81765,74,117685
7548,0.002167,74.125.24.0-255,5738,87503,74,117685
7549,0.00217,172.31.40.0-255,66,87569,74,117685
7550,0.002194,74.125.24.0-255,2902,90471,74,117685
7551,0.002197,172.31.40.0-255,66,90537,74,117685
7552,0.002217,74.125.24.0-255,5020,95557,74,117685
7553,0.002219,172.31.40.0-255,66,95623,74,117685
7554,0.002541,74.125.24.0-255,1484,97107,74,117685
7555,0.002549,74.125.24.0-255,2902,100009,74,117685
7556,0.002553,172.31.40.0-255,66,100075,74,117685
7557,0.00256,74.125.24.0-255,4320,104395,74,117685
7558,0.002562,172.31.40.0-255,66,104461,74,117685
7559,0.002597,74.125.24.0-255,1484,105945,74,117685
7560,0.002612,172.31.40.0-255,66,106011,74,117685
7561,0.002628,172.31.40.0-255,66,106077,74,117685
7562,0.00522,74.125.24.0-255,5738,111815,74,117685
7563,0.005226,172.31.40.0-255,66,111881,74,117685
7564,0.007824,74.125.24.0-255,5738,117619,74,117685
7565,0.007829,172.31.40.0-255,66,117685,74,117685
7566,0.0,172.217.194.0-255,156,156,74,70515
7567,2.3e-05,172.31.40.0-255,66,222,74,70515
7568,2.9e-05,172.217.194.0-255,1484,1706,74,70515
7569,3.5e-05,172.31.40.0-255,66,1772,74,70515
7570,4e-05,172.217.194.0-255,2902,4674,74,70515
7571,5e-05,172.31.40.0-255,66,4740,74,70515
7572,6e-05,172.31.40.0-255,66,4806,74,70515
7573,0.000111,172.31.40.0-255,66,4872,74,70515
7574,0.000149,172.31.40.0-255,66,4938,74,70515
7575,0.000173,172.217.194.0-255,1484,6422,74,70515
7576,0.000175,172.31.40.0-255,66,6488,74,70515
7577,0.000193,172.217.194.0-255,2902,9390,74,70515
7578,0.000195,172.31.40.0-255,66,9456,74,70515
7579,0.000201,172.217.194.0-255,5738,15194,74,70515
7580,0.000203,172.31.40.0-255,66,15260,74,70515
7581,0.000229,172.217.194.0-255,5738,20998,74,70515
7582,0.000232,172.31.40.0-255,66,21064,74,70515
7583,0.000267,172.31.40.0-255,66,21130,74,70515
7584,0.000278,172.31.40.0-255,66,21196,74,70515
7585,0.000434,172.217.194.0-255,366,21562,74,70515
7586,0.000438,172.31.40.0-255,66,21628,74,70515
7587,0.000441,172.217.194.0-255,377,22005,74,70515
7588,0.000443,172.31.40.0-255,66,22071,74,70515
7589,0.000611,172.217.194.0-255,1484,23555,74,70515
7590,0.000614,172.31.40.0-255,66,23621,74,70515
7591,0.00062,172.217.194.0-255,2902,26523,74,70515
7592,0.000622,172.31.40.0-255,66,26589,74,70515
7593,0.000627,172.217.194.0-255,5738,32327,74,70515
7594,0.000634,172.31.40.0-255,66,32393,74,70515
7595,0.000672,172.31.40.0-255,66,32459,74,70515
7596,0.000683,172.31.40.0-255,66,32525,74,70515
7597,0.001774,172.217.194.0-255,1484,34009,74,70515
7598,0.001787,172.217.194.0-255,2902,36911,74,70515
7599,0.001792,172.31.40.0-255,66,36977,74,70515
7600,0.0018,172.217.194.0-255,5738,42715,74,70515
7601,0.001802,172.31.40.0-255,66,42781,74,70515
7602,0.001819,172.31.40.0-255,66,42847,74,70515
7603,0.001858,172.217.194.0-255,4320,47167,74,70515
7604,0.001861,172.31.40.0-255,66,47233,74,70515
7605,0.001878,172.31.40.0-255,66,47299,74,70515
7606,0.003867,172.217.194.0-255,5738,53037,74,70515
7607,0.003872,172.31.40.0-255,66,53103,74,70515
7608,0.005857,172.217.194.0-255,5738,58841,74,70515
7609,0.00586,172.31.40.0-255,66,58907,74,70515
7610,0.007869,172.217.194.0-255,5738,64645,74,70515
7611,0.007876,172.31.40.0-255,66,64711,74,70515
7612,0.009881,172.217.194.0-255,5738,70449,74,70515
7613,0.009888,172.31.40.0-255,66,70515,74,70515
7614,0.0,172.217.194.0-255,153,153,74,134495
7615,2.6e-05,172.31.40.0-255,66,219,74,134495
7616,3.4e-05,172.217.194.0-255,1484,1703,74,134495
7617,3.9e-05,172.31.40.0-255,66,1769,74,134495
7618,4.5e-05,172.217.194.0-255,2902,4671,74,134495
7619,4.9e-05,172.31.40.0-255,66,4737,74,134495
7620,6e-05,172.31.40.0-255,66,4803,74,134495
7621,7.2e-05,172.31.40.0-255,66,4869,74,134495
7622,0.000131,172.31.40.0-255,66,4935,74,134495
7623,0.000172,172.217.194.0-255,1484,6419,74,134495
7624,0.000175,172.31.40.0-255,66,6485,74,134495
7625,0.00018,172.217.194.0-255,2902,9387,74,134495
7626,0.000182,172.31.40.0-255,66,9453,74,134495
7627,0.000213,172.217.194.0-255,5738,15191,74,134495
7628,0.000216,172.31.40.0-255,66,15257,74,134495
7629,0.000223,172.217.194.0-255,5738,20995,74,134495
7630,0.000225,172.31.40.0-255,66,21061,74,134495
7631,0.000244,172.217.194.0-255,5379,26440,74,134495
7632,0.000247,172.31.40.0-255,66,26506,74,134495
7633,0.000291,172.31.40.0-255,66,26572,74,134495
7634,0.000311,172.217.194.0-255,4249,30821,74,134495
7635,0.000314,172.31.40.0-255,66,30887,74,134495
7636,0.000317,172.217.194.0-255,366,31253,74,134495
7637,0.000319,172.31.40.0-255,66,31319,74,134495
7638,0.000465,172.217.194.0-255,1484,32803,74,134495
7639,0.000471,172.31.40.0-255,66,32869,74,134495
7640,0.000478,172.217.194.0-255,2902,35771,74,134495
7641,0.00048,172.31.40.0-255,66,35837,74,134495
7642,0.000484,172.217.194.0-255,1484,37321,74,134495
7643,0.00051,172.217.194.0-255,4320,41641,74,134495
7644,0.000516,172.217.194.0-255,4320,45961,74,134495
7645,0.000532,172.217.194.0-255,2902,48863,74,134495
7646,0.000579,172.217.194.0-255,5738,54601,74,134495
7647,0.000594,172.217.194.0-255,2184,56785,74,134495
7648,0.000628,172.31.40.0-255,66,56851,74,134495
7649,0.001296,172.217.194.0-255,1484,58335,74,134495
7650,0.001315,172.217.194.0-255,2902,61237,74,134495
7651,0.001319,172.31.40.0-255,66,61303,74,134495
7652,0.001326,172.217.194.0-255,5738,67041,74,134495
7653,0.001347,172.31.40.0-255,66,67107,74,134495
7654,0.001382,172.31.40.0-255,66,67173,74,134495
7655,0.001393,172.217.194.0-255,2902,70075,74,134495
7656,0.001412,172.31.40.0-255,66,70141,74,134495
7657,0.001421,172.217.194.0-255,1484,71625,74,134495
7658,0.001471,172.31.40.0-255,66,71691,74,134495
7659,0.001489,172.217.194.0-255,1484,73175,74,134495
7660,0.001494,172.217.194.0-255,2902,76077,74,134495
7661,0.0015,172.217.194.0-255,4320,80397,74,134495
7662,0.001505,172.31.40.0-255,66,80463,74,134495
7663,0.001513,172.217.194.0-255,1484,81947,74,134495
7664,0.001519,172.217.194.0-255,5738,87685,74,134495
7665,0.001554,172.31.40.0-255,66,87751,74,134495
7666,0.001571,172.217.194.0-255,5738,93489,74,134495
7667,0.001584,172.31.40.0-255,66,93555,74,134495
7668,0.001596,172.217.194.0-255,5020,98575,74,134495
7669,0.001616,172.31.40.0-255,66,98641,74,134495
7670,0.001901,172.217.194.0-255,1484,100125,74,134495
7671,0.001928,172.217.194.0-255,2902,103027,74,134495
7672,0.001931,172.31.40.0-255,66,103093,74,134495
7673,0.001953,172.217.194.0-255,5738,108831,74,134495
7674,0.001962,172.31.40.0-255,66,108897,74,134495
7675,0.001976,172.217.194.0-255,5738,114635,74,134495
7676,0.00199,172.217.194.0-255,2902,117537,74,134495
7677,0.001998,172.31.40.0-255,66,117603,74,134495
7678,0.002032,172.217.194.0-255,2902,120505,74,134495
7679,0.002036,172.31.40.0-255,66,120571,74,134495
7680,0.00204,172.31.40.0-255,66,120637,74,134495
7681,0.002048,172.217.194.0-255,2184,122821,74,134495
7682,0.002068,172.31.40.0-255,66,122887,74,134495
7683,0.004591,172.217.194.0-255,5738,128625,74,134495
7684,0.004605,172.31.40.0-255,66,128691,74,134495
7685,0.0071,172.217.194.0-255,5738,134429,74,134495
7686,0.008524,172.31.40.0-255,66,134495,74,134495
7687,0.0,74.125.130.0-255,146,146,74,95224
7688,1.8e-05,172.31.40.0-255,66,212,74,95224
7689,2.5e-05,74.125.130.0-255,1484,1696,74,95224
7690,2.8e-05,172.31.40.0-255,66,1762,74,95224
7691,3.3e-05,74.125.130.0-255,2902,4664,74,95224
7692,3.6e-05,172.31.40.0-255,66,4730,74,95224
7693,4.5e-05,172.31.40.0-255,66,4796,74,95224
7694,7e-05,74.125.130.0-255,1940,6736,74,95224
7695,7.2e-05,172.31.40.0-255,66,6802,74,95224
7696,0.00012,74.125.130.0-255,1484,8286,74,95224
7697,0.000122,172.31.40.0-255,66,8352,74,95224
7698,0.000125,74.125.130.0-255,1484,9836,74,95224
7699,0.000127,172.31.40.0-255,66,9902,74,95224
7700,0.00015,74.125.130.0-255,1484,11386,74,95224
7701,0.000152,172.31.40.0-255,66,11452,74,95224
7702,0.000155,74.125.130.0-255,1484,12936,74,95224
7703,0.000156,172.31.40.0-255,66,13002,74,95224
7704,0.00016,74.125.130.0-255,2902,15904,74,95224
7705,0.000162,172.31.40.0-255,66,15970,74,95224
7706,0.000168,74.125.130.0-255,5738,21708,74,95224
7707,0.000169,172.31.40.0-255,66,21774,74,95224
7708,0.000197,74.125.130.0-255,2543,24317,74,95224
7709,0.000199,172.31.40.0-255,66,24383,74,95224
7710,0.000548,74.125.130.0-255,1484,25867,74,95224
7711,0.000554,172.31.40.0-255,66,25933,74,95224
7712,0.00056,74.125.130.0-255,2902,28835,74,95224
7713,0.000563,172.31.40.0-255,66,28901,74,95224
7714,0.000598,74.125.130.0-255,1484,30385,74,95224
7715,0.000601,172.31.40.0-255,66,30451,74,95224
7716,0.000627,74.125.130.0-255,4320,34771,74,95224
7717,0.000631,172.31.40.0-255,66,34837,74,95224
7718,0.000649,172.31.40.0-255,66,34903,74,95224
7719,0.000835,74.125.130.0-255,1484,36387,74,95224
7720,0.000841,74.125.130.0-255,2902,39289,74,95224
7721,0.000844,172.31.40.0-255,66,39355,74,95224
7722,0.000849,74.125.130.0-255,2902,42257,74,95224
7723,0.000855,172.31.40.0-255,66,42323,74,95224
7724,0.000864,74.125.130.0-255,2902,45225,74,95224
7725,0.000869,172.31.40.0-255,66,45291,74,95224
7726,0.000876,74.125.130.0-255,1484,46775,74,95224
7727,0.000904,74.125.130.0-255,5379,52154,74,95224
7728,0.000917,172.31.40.0-255,66,52220,74,95224
7729,0.000931,74.125.130.0-255,5738,57958,74,95224
7730,0.000949,172.31.40.0-255,66,58024,74,95224
7731,0.000962,74.125.130.0-255,4320,62344,74,95224
7732,0.000989,172.31.40.0-255,66,62410,74,95224
7733,0.000998,74.125.130.0-255,2902,65312,74,95224
7734,0.001002,172.31.40.0-255,66,65378,74,95224
7735,0.001039,74.125.130.0-255,3602,68980,74,95224
7736,0.001061,172.31.40.0-255,66,69046,74,95224
7737,0.001076,74.125.130.0-255,646,69692,74,95224
7738,0.001421,172.31.40.0-255,66,69758,74,95224
7739,0.001654,74.125.130.0-255,1484,71242,74,95224
7740,0.001661,74.125.130.0-255,2902,74144,74,95224
7741,0.001679,74.125.130.0-255,4320,78464,74,95224
7742,0.001763,74.125.130.0-255,1484,79948,74,95224
7743,0.00178,74.125.130.0-255,3602,83550,74,95224
7744,0.005517,172.31.40.0-255,66,83616,74,95224
7745,0.007527,74.125.130.0-255,5738,89354,74,95224
7746,0.007534,172.31.40.0-255,66,89420,74,95224
7747,0.009552,74.125.130.0-255,5738,95158,74,95224
7748,0.009559,172.31.40.0-255,66,95224,74,95224
7749,0.0,172.217.194.0-255,153,153,74,50474
7750,2.4e-05,172.31.40.0-255,66,219,74,50474
7751,3.1e-05,172.217.194.0-255,1484,1703,74,50474
7752,3.6e-05,172.31.40.0-255,66,1769,74,50474
7753,4.1e-05,172.217.194.0-255,2902,4671,74,50474
7754,4.4e-05,172.31.40.0-255,66,4737,74,50474
7755,8.9e-05,172.217.194.0-255,4320,9057,74,50474
7756,9.2e-05,172.31.40.0-255,66,9123,74,50474
7757,0.000116,172.217.194.0-255,2902,12025,74,50474
7758,0.000119,172.31.40.0-255,66,12091,74,50474
7759,0.000264,172.217.194.0-255,2067,14158,74,50474
7760,0.000269,172.31.40.0-255,66,14224,74,50474
7761,0.000306,172.217.194.0-255,2902,17126,74,50474
7762,0.000309,172.31.40.0-255,66,17192,74,50474
7763,0.000331,172.31.40.0-255,66,17258,74,50474
7764,0.000598,172.217.194.0-255,2902,20160,74,50474
7765,0.000603,172.31.40.0-255,66,20226,74,50474
7766,0.000627,172.217.194.0-255,3961,24187,74,50474
7767,0.00063,172.31.40.0-255,66,24253,74,50474
7768,0.000768,172.31.40.0-255,66,24319,74,50474
7769,0.00079,172.217.194.0-255,3961,28280,74,50474
7770,0.000792,172.31.40.0-255,66,28346,74,50474
7771,0.001126,172.217.194.0-255,2902,31248,74,50474
7772,0.001132,172.31.40.0-255,66,31314,74,50474
7773,0.001218,172.217.194.0-255,2902,34216,74,50474
7774,0.001222,172.31.40.0-255,66,34282,74,50474
7775,0.00126,172.31.40.0-255,66,34348,74,50474
7776,0.001677,172.217.194.0-255,5738,40086,74,50474
7777,0.001685,172.31.40.0-255,66,40152,74,50474
7778,0.001811,172.217.194.0-255,2902,43054,74,50474
7779,0.002574,172.217.194.0-255,1484,44538,74,50474
7780,0.00668,172.31.40.0-255,66,44604,74,50474
7781,0.008941,172.217.194.0-255,4320,48924,74,50474
7782,0.008948,172.31.40.0-255,66,48990,74,50474
7783,0.008968,172.217.194.0-255,1484,50474,74,50474
7784,0.0,172.217.194.0-255,212,212,74,198156
7785,2.2e-05,172.31.40.0-255,66,278,74,198156
7786,2.9e-05,172.217.194.0-255,1484,1762,74,198156
7787,3.3e-05,172.31.40.0-255,66,1828,74,198156
7788,3.9e-05,172.217.194.0-255,4320,6148,74,198156
7789,4.9e-05,172.31.40.0-255,66,6214,74,198156
7790,5.4e-05,172.217.194.0-255,4320,10534,74,198156
7791,5.8e-05,172.31.40.0-255,66,10600,74,198156
7792,0.000118,172.217.194.0-255,3259,13859,74,198156
7793,0.000122,172.31.40.0-255,66,13925,74,198156
7794,0.000158,172.217.194.0-255,1484,15409,74,198156
7795,0.000161,172.31.40.0-255,66,15475,74,198156
7796,0.000187,172.217.194.0-255,2902,18377,74,198156
7797,0.00019,172.31.40.0-255,66,18443,74,198156
7798,0.000196,172.217.194.0-255,5738,24181,74,198156
7799,0.000198,172.31.40.0-255,66,24247,74,198156
7800,0.000244,172.217.194.0-255,2902,27149,74,198156
7801,0.000247,172.31.40.0-255,66,27215,74,198156
7802,0.000281,172.31.40.0-255,66,27281,74,198156
7803,0.000318,172.31.40.0-255,66,27347,74,198156
7804,0.000341,172.217.194.0-255,4320,31667,74,198156
7805,0.000344,172.31.40.0-255,66,31733,74,198156
7806,0.000347,172.217.194.0-255,1125,32858,74,198156
7807,0.00035,172.31.40.0-255,66,32924,74,198156
7808,0.000353,172.217.194.0-255,1484,34408,74,198156
7809,0.000355,172.31.40.0-255,66,34474,74,198156
7810,0.00036,172.217.194.0-255,4320,38794,74,198156
7811,0.000363,172.31.40.0-255,66,38860,74,198156
7812,0.000369,172.217.194.0-255,4320,43180,74,198156
7813,0.000372,172.31.40.0-255,66,43246,74,198156
7814,0.000382,172.217.194.0-255,1484,44730,74,198156
7815,0.0004,172.217.194.0-255,6033,50763,74,198156
7816,0.000585,172.31.40.0-255,66,50829,74,198156
7817,0.000589,172.217.194.0-255,1484,52313,74,198156
7818,0.000595,172.217.194.0-255,2902,55215,74,198156
7819,0.000597,172.217.194.0-255,1484,56699,74,198156
7820,0.000614,172.217.194.0-255,4320,61019,74,198156
7821,0.000619,172.31.40.0-255,66,61085,74,198156
7822,0.000659,172.217.194.0-255,1484,62569,74,198156
7823,0.000681,172.217.194.0-255,5738,68307,74,198156
7824,0.000702,172.31.40.0-255,66,68373,74,198156
7825,0.000734,172.217.194.0-255,2543,70916,74,198156
7826,0.000755,172.31.40.0-255,66,70982,74,198156
7827,0.000846,172.217.194.0-255,1484,72466,74,198156
7828,0.000851,172.217.194.0-255,2902,75368,74,198156
7829,0.000858,172.31.40.0-255,66,75434,74,198156
7830,0.000891,172.217.194.0-255,5738,81172,74,198156
7831,0.00093,172.31.40.0-255,66,81238,74,198156
7832,0.000968,172.217.194.0-255,1484,82722,74,198156
7833,0.000998,172.217.194.0-255,2902,85624,74,198156
7834,0.001004,172.217.194.0-255,5738,91362,74,198156
7835,0.001009,172.217.194.0-255,2902,94264,74,198156
7836,0.001023,172.217.194.0-255,2902,97166,74,198156
7837,0.001032,172.31.40.0-255,66,97232,74,198156
7838,0.001061,172.217.194.0-255,5738,102970,74,198156
7839,0.001092,172.31.40.0-255,66,103036,74,198156
7840,0.0011,172.217.194.0-255,1484,104520,74,198156
7841,0.001102,172.217.194.0-255,766,105286,74,198156
7842,0.001121,172.31.40.0-255,66,105352,74,198156
7843,0.00115,172.217.194.0-255,1484,106836,74,198156
7844,0.001154,172.217.194.0-255,2902,109738,74,198156
7845,0.001159,172.31.40.0-255,66,109804,74,198156
7846,0.001176,172.217.194.0-255,1484,111288,74,198156
7847,0.001206,172.217.194.0-255,4320,115608,74,198156
7848,0.001237,172.217.194.0-255,5738,121346,74,198156
7849,0.00125,172.217.194.0-255,2902,124248,74,198156
7850,0.001275,172.217.194.0-255,4320,128568,74,198156
7851,0.00128,172.217.194.0-255,5738,134306,74,198156
7852,0.001283,172.31.40.0-255,66,134372,74,198156
7853,0.00129,172.31.40.0-255,66,134438,74,198156
7854,0.001342,172.217.194.0-255,5020,139458,74,198156
7855,0.001345,172.217.194.0-255,1484,140942,74,198156
7856,0.001353,172.217.194.0-255,2902,143844,74,198156
7857,0.001359,172.217.194.0-255,5738,149582,74,198156
7858,0.001483,172.31.40.0-255,66,149648,74,198156
7859,0.001489,172.217.194.0-255,5020,154668,74,198156
7860,0.001495,172.217.194.0-255,5738,160406,74,198156
7861,0.001512,172.217.194.0-255,1125,161531,74,198156
7862,0.001517,172.31.40.0-255,66,161597,74,198156
7863,0.001727,172.217.194.0-255,1484,163081,74,198156
7864,0.001732,172.217.194.0-255,2902,165983,74,198156
7865,0.001739,172.217.194.0-255,5738,171721,74,198156
7866,0.001743,172.217.194.0-255,4320,176041,74,198156
7867,0.001754,172.31.40.0-255,66,176107,74,198156
7868,0.001767,172.217.194.0-255,5738,181845,74,198156
7869,0.001784,172.31.40.0-255,66,181911,74,198156
7870,0.001792,172.217.194.0-255,5738,187649,74,198156
7871,0.001834,172.31.40.0-255,66,187715,74,198156
7872,0.00186,172.217.194.0-255,1484,189199,74,198156
7873,0.001893,172.217.194.0-255,5738,194937,74,198156
7874,0.001895,172.217.194.0-255,766,195703,74,198156
7875,0.001899,172.31.40.0-255,66,195769,74,198156
7876,0.001904,172.31.40.0-255,66,195835,74,198156
7877,0.001967,172.31.40.0-255,66,195901,74,198156
7878,0.00198,172.217.194.0-255,1484,197385,74,198156
7879,0.001983,172.217.194.0-255,363,197748,74,198156
7880,0.001994,172.31.40.0-255,66,197814,74,198156
7881,0.002028,172.217.194.0-255,105,197919,74,198156
7882,0.004352,172.31.40.0-255,66,197985,74,198156
7883,0.004387,172.31.40.0-255,105,198090,74,198156
7884,0.006603,172.217.194.0-255,66,198156,74,198156
7885,0.0,172.217.194.0-255,146,146,74,137301
7886,2.3e-05,172.31.40.0-255,66,212,74,137301
7887,3.1e-05,172.217.194.0-255,1484,1696,74,137301
7888,3.6e-05,172.31.40.0-255,66,1762,74,137301
7889,4.2e-05,172.217.194.0-255,2902,4664,74,137301
7890,4.5e-05,172.31.40.0-255,66,4730,74,137301
7891,4.8e-05,172.217.194.0-255,1484,6214,74,137301
7892,5.1e-05,172.31.40.0-255,66,6280,74,137301
7893,5.9e-05,172.217.194.0-255,5738,12018,74,137301
7894,6.1e-05,172.31.40.0-255,66,12084,74,137301
7895,8.2e-05,172.217.194.0-255,3456,15540,74,137301
7896,8.5e-05,172.31.40.0-255,66,15606,74,137301
7897,8.8e-05,172.217.194.0-255,1484,17090,74,137301
7898,9e-05,172.31.40.0-255,66,17156,74,137301
7899,0.00013,172.31.40.0-255,66,17222,74,137301
7900,0.000473,172.217.194.0-255,1484,18706,74,137301
7901,0.000478,172.31.40.0-255,66,18772,74,137301
7902,0.000485,172.217.194.0-255,2902,21674,74,137301
7903,0.000486,172.31.40.0-255,66,21740,74,137301
7904,0.000492,172.217.194.0-255,5738,27478,74,137301
7905,0.000495,172.31.40.0-255,66,27544,74,137301
7906,0.0005,172.217.194.0-255,4320,31864,74,137301
7907,0.000502,172.31.40.0-255,66,31930,74,137301
7908,0.000543,172.31.40.0-255,66,31996,74,137301
7909,0.000552,172.31.40.0-255,66,32062,74,137301
7910,0.000574,172.217.194.0-255,114,32176,74,137301
7911,0.000577,172.31.40.0-255,66,32242,74,137301
7912,0.000629,172.217.194.0-255,1484,33726,74,137301
7913,0.000632,172.31.40.0-255,66,33792,74,137301
7914,0.000637,172.217.194.0-255,2902,36694,74,137301
7915,0.000639,172.31.40.0-255,66,36760,74,137301
7916,0.000666,172.217.194.0-255,5738,42498,74,137301
7917,0.000669,172.31.40.0-255,66,42564,74,137301
7918,0.000704,172.31.40.0-255,66,42630,74,137301
7919,0.000714,172.31.40.0-255,66,42696,74,137301
7920,0.000726,172.217.194.0-255,2543,45239,74,137301
7921,0.000729,172.31.40.0-255,66,45305,74,137301
7922,0.000765,172.217.194.0-255,385,45690,74,137301
7923,0.001141,172.217.194.0-255,1484,47174,74,137301
7924,0.001146,172.217.194.0-255,2902,50076,74,137301
7925,0.001151,172.31.40.0-255,66,50142,74,137301
7926,0.00116,172.31.40.0-255,66,50208,74,137301
7927,0.001166,172.217.194.0-255,5738,55946,74,137301
7928,0.001169,172.31.40.0-255,66,56012,74,137301
7929,0.001204,172.31.40.0-255,66,56078,74,137301
7930,0.001213,172.31.40.0-255,66,56144,74,137301
7931,0.001227,172.217.194.0-255,3602,59746,74,137301
7932,0.00123,172.31.40.0-255,66,59812,74,137301
7933,0.001249,172.217.194.0-255,5738,65550,74,137301
7934,0.001251,172.31.40.0-255,66,65616,74,137301
7935,0.001279,172.31.40.0-255,66,65682,74,137301
7936,0.001336,172.31.40.0-255,66,65748,74,137301
7937,0.001355,172.217.194.0-255,4320,70068,74,137301
7938,0.001358,172.31.40.0-255,66,70134,74,137301
7939,0.001367,172.31.40.0-255,66,70200,74,137301
7940,0.001379,172.31.40.0-255,66,70266,74,137301
7941,0.001382,172.217.194.0-255,1484,71750,74,137301
7942,0.001424,172.217.194.0-255,5738,77488,74,137301
7943,0.001429,172.31.40.0-255,66,77554,74,137301
7944,0.001436,172.31.40.0-255,66,77620,74,137301
7945,0.001462,172.217.194.0-255,4320,81940,74,137301
7946,0.001465,172.31.40.0-255,66,82006,74,137301
7947,0.001494,172.31.40.0-255,66,82072,74,137301
7948,0.001507,172.31.40.0-255,66,82138,74,137301
7949,0.001543,172.31.40.0-255,66,82204,74,137301
7950,0.001913,172.217.194.0-255,1484,83688,74,137301
7951,0.001945,172.217.194.0-255,2902,86590,74,137301
7952,0.001948,172.31.40.0-255,66,86656,74,137301
7953,0.001983,172.217.194.0-255,5738,92394,74,137301
7954,0.001987,172.31.40.0-255,66,92460,74,137301
7955,0.001993,172.217.194.0-255,5738,98198,74,137301
7956,0.001996,172.31.40.0-255,66,98264,74,137301
7957,0.001998,172.217.194.0-255,1484,99748,74,137301
7958,0.002042,172.31.40.0-255,66,99814,74,137301
7959,0.002047,172.217.194.0-255,5020,104834,74,137301
7960,0.00205,172.31.40.0-255,66,104900,74,137301
7961,0.002147,172.217.194.0-255,1484,106384,74,137301
7962,0.002154,172.217.194.0-255,2902,109286,74,137301
7963,0.002157,172.31.40.0-255,66,109352,74,137301
7964,0.002163,172.217.194.0-255,5738,115090,74,137301
7965,0.002166,172.31.40.0-255,66,115156,74,137301
7966,0.002176,172.31.40.0-255,66,115222,74,137301
7967,0.002199,172.217.194.0-255,5738,120960,74,137301
7968,0.002202,172.31.40.0-255,66,121026,74,137301
7969,0.002216,172.31.40.0-255,66,121092,74,137301
7970,0.002262,172.31.40.0-255,66,121158,74,137301
7971,0.002288,172.217.194.0-255,4320,125478,74,137301
7972,0.002291,172.31.40.0-255,66,125544,74,137301
7973,0.002302,172.31.40.0-255,66,125610,74,137301
7974,0.002386,172.31.40.0-255,66,125676,74,137301
7975,0.002389,172.217.194.0-255,1484,127160,74,137301
7976,0.002395,172.217.194.0-255,2902,130062,74,137301
7977,0.002397,172.31.40.0-255,66,130128,74,137301
7978,0.002403,172.217.194.0-255,5738,135866,74,137301
7979,0.002405,172.31.40.0-255,66,135932,74,137301
7980,0.002415,172.31.40.0-255,66,135998,74,137301
7981,0.004774,172.217.194.0-255,1303,137301,74,137301
7982,0.0,74.125.24.0-255,153,153,74,100885
7983,2e-05,172.31.40.0-255,66,219,74,100885
7984,2.7e-05,74.125.24.0-255,1484,1703,74,100885
7985,3.1e-05,172.31.40.0-255,66,1769,74,100885
7986,3.6e-05,74.125.24.0-255,2902,4671,74,100885
7987,3.9e-05,172.31.40.0-255,66,4737,74,100885
7988,4.9e-05,172.31.40.0-255,66,4803,74,100885
7989,5.4e-05,74.125.24.0-255,2029,6832,74,100885
7990,5.6e-05,172.31.40.0-255,66,6898,74,100885
7991,0.000139,74.125.24.0-255,1484,8382,74,100885
7992,0.000143,172.31.40.0-255,66,8448,74,100885
7993,0.000164,74.125.24.0-255,2902,11350,74,100885
7994,0.000166,172.31.40.0-255,66,11416,74,100885
7995,0.000172,74.125.24.0-255,5738,17154,74,100885
7996,0.000174,172.31.40.0-255,66,17220,74,100885
7997,0.000214,172.31.40.0-255,66,17286,74,100885
7998,0.000218,74.125.24.0-255,1484,18770,74,100885
7999,0.00022,172.31.40.0-255,66,18836,74,100885
8000,0.00025,172.31.40.0-255,66,18902,74,100885
8001,0.000271,74.125.24.0-255,4320,23222,74,100885
8002,0.000273,172.31.40.0-255,66,23288,74,100885
8003,0.000309,172.31.40.0-255,66,23354,74,100885
8004,0.000896,74.125.24.0-255,645,23999,74,100885
8005,0.000901,172.31.40.0-255,66,24065,74,100885
8006,0.00105,74.125.24.0-255,1484,25549,74,100885
8007,0.001055,172.31.40.0-255,66,25615,74,100885
8008,0.001063,74.125.24.0-255,2902,28517,74,100885
8009,0.001065,172.31.40.0-255,66,28583,74,100885
8010,0.001089,74.125.24.0-255,5738,34321,74,100885
8011,0.001093,172.31.40.0-255,66,34387,74,100885
8012,0.001098,74.125.24.0-255,2902,37289,74,100885
8013,0.0011,172.31.40.0-255,66,37355,74,100885
8014,0.001133,172.31.40.0-255,66,37421,74,100885
8015,0.001146,172.31.40.0-255,66,37487,74,100885
8016,0.001412,74.125.24.0-255,1484,38971,74,100885
8017,0.001419,74.125.24.0-255,1484,40455,74,100885
8018,0.001423,172.31.40.0-255,66,40521,74,100885
8019,0.001445,74.125.24.0-255,1484,42005,74,100885
8020,0.001452,74.125.24.0-255,5738,47743,74,100885
8021,0.001454,172.31.40.0-255,66,47809,74,100885
8022,0.001486,74.125.24.0-255,5738,53547,74,100885
8023,0.001488,172.31.40.0-255,66,53613,74,100885
8024,0.001515,172.31.40.0-255,66,53679,74,100885
8025,0.001526,172.31.40.0-255,66,53745,74,100885
8026,0.001529,74.125.24.0-255,766,54511,74,100885
8027,0.001651,74.125.24.0-255,1484,55995,74,100885
8028,0.001655,172.31.40.0-255,66,56061,74,100885
8029,0.001661,74.125.24.0-255,2902,58963,74,100885
8030,0.001664,172.31.40.0-255,66,59029,74,100885
8031,0.001693,74.125.24.0-255,5738,64767,74,100885
8032,0.001695,172.31.40.0-255,66,64833,74,100885
8033,0.0017,74.125.24.0-255,4320,69153,74,100885
8034,0.001702,172.31.40.0-255,66,69219,74,100885
8035,0.001721,172.31.40.0-255,66,69285,74,100885
8036,0.00173,172.31.40.0-255,66,69351,74,100885
8037,0.001757,74.125.24.0-255,3602,72953,74,100885
8038,0.001759,172.31.40.0-255,66,73019,74,100885
8039,0.002035,74.125.24.0-255,1484,74503,74,100885
8040,0.002049,74.125.24.0-255,2902,77405,74,100885
8041,0.002053,172.31.40.0-255,66,77471,74,100885
8042,0.002057,74.125.24.0-255,2902,80373,74,100885
8043,0.002059,172.31.40.0-255,66,80439,74,100885
8044,0.002074,74.125.24.0-255,2902,83341,74,100885
8045,0.002076,172.31.40.0-255,66,83407,74,100885
8046,0.002086,172.31.40.0-255,66,83473,74,100885
8047,0.00414,74.125.24.0-255,5738,89211,74,100885
8048,0.004145,172.31.40.0-255,66,89277,74,100885
8049,0.006222,74.125.24.0-255,5738,95015,74,100885
8050,0.006228,172.31.40.0-255,66,95081,74,100885
8051,0.008309,74.125.24.0-255,5738,100819,74,100885
8052,0.008315,172.31.40.0-255,66,100885,74,100885
8053,0.0,172.217.194.0-255,153,153,74,173466
8054,2.2e-05,172.31.40.0-255,66,219,74,173466
8055,3e-05,172.217.194.0-255,1484,1703,74,173466
8056,3.4e-05,172.31.40.0-255,66,1769,74,173466
8057,4e-05,172.217.194.0-255,2902,4671,74,173466
8058,4.4e-05,172.31.40.0-255,66,4737,74,173466
8059,6.4e-05,172.31.40.0-255,66,4803,74,173466
8060,6.8e-05,172.217.194.0-255,2145,6948,74,173466
8061,7e-05,172.31.40.0-255,66,7014,74,173466
8062,0.000129,172.217.194.0-255,1484,8498,74,173466
8063,0.000131,172.31.40.0-255,66,8564,74,173466
8064,0.000159,172.217.194.0-255,2902,11466,74,173466
8065,0.000163,172.31.40.0-255,66,11532,74,173466
8066,0.000169,172.217.194.0-255,5738,17270,74,173466
8067,0.000171,172.31.40.0-255,66,17336,74,173466
8068,0.00021,172.217.194.0-255,4320,21656,74,173466
8069,0.000212,172.31.40.0-255,66,21722,74,173466
8070,0.000239,172.217.194.0-255,2543,24265,74,173466
8071,0.000245,172.31.40.0-255,66,24331,74,173466
8072,0.000575,172.217.194.0-255,1484,25815,74,173466
8073,0.000581,172.31.40.0-255,66,25881,74,173466
8074,0.000586,172.217.194.0-255,2902,28783,74,173466
8075,0.000589,172.31.40.0-255,66,28849,74,173466
8076,0.000627,172.217.194.0-255,5738,34587,74,173466
8077,0.000632,172.217.194.0-255,4320,38907,74,173466
8078,0.000637,172.31.40.0-255,66,38973,74,173466
8079,0.000644,172.31.40.0-255,66,39039,74,173466
8080,0.000654,172.217.194.0-255,2543,41582,74,173466
8081,0.000656,172.31.40.0-255,66,41648,74,173466
8082,0.001028,172.217.194.0-255,1484,43132,74,173466
8083,0.001034,172.31.40.0-255,66,43198,74,173466
8084,0.001043,172.217.194.0-255,2902,46100,74,173466
8085,0.001046,172.31.40.0-255,66,46166,74,173466
8086,0.001057,172.217.194.0-255,5738,51904,74,173466
8087,0.001059,172.31.40.0-255,66,51970,74,173466
8088,0.001099,172.31.40.0-255,66,52036,74,173466
8089,0.001119,172.217.194.0-255,1484,53520,74,173466
8090,0.001123,172.217.194.0-255,1484,55004,74,173466
8091,0.001126,172.31.40.0-255,66,55070,74,173466
8092,0.001149,172.217.194.0-255,1484,56554,74,173466
8093,0.001157,172.217.194.0-255,5738,62292,74,173466
8094,0.001159,172.31.40.0-255,66,62358,74,173466
8095,0.001188,172.31.40.0-255,66,62424,74,173466
8096,0.001214,172.217.194.0-255,647,63071,74,173466
8097,0.00123,172.217.194.0-255,1484,64555,74,173466
8098,0.001233,172.31.40.0-255,66,64621,74,173466
8099,0.001239,172.217.194.0-255,4320,68941,74,173466
8100,0.001241,172.31.40.0-255,66,69007,74,173466
8101,0.001266,172.217.194.0-255,2902,71909,74,173466
8102,0.001268,172.31.40.0-255,66,71975,74,173466
8103,0.001308,172.31.40.0-255,66,72041,74,173466
8104,0.001312,172.217.194.0-255,1125,73166,74,173466
8105,0.001661,172.217.194.0-255,1484,74650,74,173466
8106,0.001668,172.31.40.0-255,66,74716,74,173466
8107,0.001674,172.217.194.0-255,2902,77618,74,173466
8108,0.001677,172.31.40.0-255,66,77684,74,173466
8109,0.001689,172.217.194.0-255,5738,83422,74,173466
8110,0.001692,172.31.40.0-255,66,83488,74,173466
8111,0.001697,172.217.194.0-255,4320,87808,74,173466
8112,0.001699,172.31.40.0-255,66,87874,74,173466
8113,0.001726,172.217.194.0-255,1484,89358,74,173466
8114,0.001737,172.31.40.0-255,66,89424,74,173466
8115,0.001769,172.217.194.0-255,5738,95162,74,173466
8116,0.001772,172.31.40.0-255,66,95228,74,173466
8117,0.001803,172.217.194.0-255,5020,100248,74,173466
8118,0.001806,172.31.40.0-255,66,100314,74,173466
8119,0.001829,172.217.194.0-255,1484,101798,74,173466
8120,0.001833,172.217.194.0-255,2902,104700,74,173466
8121,0.001835,172.31.40.0-255,66,104766,74,173466
8122,0.00184,172.217.194.0-255,2902,107668,74,173466
8123,0.001843,172.31.40.0-255,66,107734,74,173466
8124,0.001868,172.217.194.0-255,2902,110636,74,173466
8125,0.001871,172.31.40.0-255,66,110702,74,173466
8126,0.001888,172.31.40.0-255,66,110768,74,173466
8127,0.001912,172.217.194.0-255,2902,113670,74,173466
8128,0.001914,172.31.40.0-255,66,113736,74,173466
8129,0.001932,172.31.40.0-255,66,113802,74,173466
8130,0.002225,172.217.194.0-255,1484,115286,74,173466
8131,0.002232,172.217.194.0-255,2902,118188,74,173466
8132,0.002235,172.31.40.0-255,66,118254,74,173466
8133,0.002241,172.217.194.0-255,2902,121156,74,173466
8134,0.002244,172.31.40.0-255,66,121222,74,173466
8135,0.002276,172.217.194.0-255,2902,124124,74,173466
8136,0.002279,172.31.40.0-255,66,124190,74,173466
8137,0.002285,172.217.194.0-255,5738,129928,74,173466
8138,0.002287,172.31.40.0-255,66,129994,74,173466
8139,0.002307,172.31.40.0-255,66,130060,74,173466
8140,0.002342,172.217.194.0-255,5020,135080,74,173466
8141,0.002345,172.31.40.0-255,66,135146,74,173466
8142,0.002356,172.217.194.0-255,5738,140884,74,173466
8143,0.002359,172.31.40.0-255,66,140950,74,173466
8144,0.002364,172.217.194.0-255,4320,145270,74,173466
8145,0.002367,172.31.40.0-255,66,145336,74,173466
8146,0.002433,172.31.40.0-255,66,145402,74,173466
8147,0.002446,172.31.40.0-255,66,145468,74,173466
8148,0.002465,172.31.40.0-255,66,145534,74,173466
8149,0.002475,172.217.194.0-255,2902,148436,74,173466
8150,0.002477,172.31.40.0-255,66,148502,74,173466
8151,0.002531,172.31.40.0-255,66,148568,74,173466
8152,0.002535,172.217.194.0-255,2902,151470,74,173466
8153,0.002537,172.31.40.0-255,66,151536,74,173466
8154,0.002542,172.217.194.0-255,4320,155856,74,173466
8155,0.002549,172.31.40.0-255,66,155922,74,173466
8156,0.002559,172.31.40.0-255,66,155988,74,173466
8157,0.002565,172.217.194.0-255,5738,161726,74,173466
8158,0.002568,172.31.40.0-255,66,161792,74,173466
8159,0.002608,172.31.40.0-255,66,161858,74,173466
8160,0.005141,172.217.194.0-255,5738,167596,74,173466
8161,0.005149,172.31.40.0-255,66,167662,74,173466
8162,0.007684,172.217.194.0-255,5738,173400,74,173466
8163,0.007703,172.31.40.0-255,66,173466,74,173466
8164,0.0,216.58.221.0-255,146,146,74,126307
8165,2.1e-05,172.31.40.0-255,66,212,74,126307
8166,2.8e-05,216.58.221.0-255,1484,1696,74,126307
8167,3.2e-05,172.31.40.0-255,66,1762,74,126307
8168,3.8e-05,216.58.221.0-255,2902,4664,74,126307
8169,4.9e-05,172.31.40.0-255,66,4730,74,126307
8170,5.4e-05,216.58.221.0-255,4320,9050,74,126307
8171,5.7e-05,172.31.40.0-255,66,9116,74,126307
8172,6.3e-05,216.58.221.0-255,5012,14128,74,126307
8173,6.7e-05,172.31.40.0-255,66,14194,74,126307
8174,0.000117,172.31.40.0-255,66,14260,74,126307
8175,0.000123,216.58.221.0-255,5379,19639,74,126307
8176,0.000125,172.31.40.0-255,66,19705,74,126307
8177,0.000285,216.58.221.0-255,1484,21189,74,126307
8178,0.000289,172.31.40.0-255,66,21255,74,126307
8179,0.000292,216.58.221.0-255,1484,22739,74,126307
8180,0.000294,172.31.40.0-255,66,22805,74,126307
8181,0.000313,216.58.221.0-255,1484,24289,74,126307
8182,0.000315,172.31.40.0-255,66,24355,74,126307
8183,0.000325,216.58.221.0-255,5738,30093,74,126307
8184,0.000327,172.31.40.0-255,66,30159,74,126307
8185,0.00035,172.31.40.0-255,66,30225,74,126307
8186,0.000553,216.58.221.0-255,1484,31709,74,126307
8187,0.000557,172.31.40.0-255,66,31775,74,126307
8188,0.000561,216.58.221.0-255,2902,34677,74,126307
8189,0.000564,172.31.40.0-255,66,34743,74,126307
8190,0.000595,216.58.221.0-255,5738,40481,74,126307
8191,0.000597,172.31.40.0-255,66,40547,74,126307
8192,0.000605,172.31.40.0-255,66,40613,74,126307
8193,0.001103,216.58.221.0-255,136,40749,74,126307
8194,0.001107,172.31.40.0-255,66,40815,74,126307
8195,0.001274,216.58.221.0-255,1484,42299,74,126307
8196,0.001279,172.31.40.0-255,66,42365,74,126307
8197,0.001284,216.58.221.0-255,2902,45267,74,126307
8198,0.001286,172.31.40.0-255,66,45333,74,126307
8199,0.001291,216.58.221.0-255,4320,49653,74,126307
8200,0.001313,216.58.221.0-255,1484,51137,74,126307
8201,0.001318,216.58.221.0-255,2902,54039,74,126307
8202,0.001322,216.58.221.0-255,3961,58000,74,126307
8203,0.001348,216.58.221.0-255,1484,59484,74,126307
8204,0.001358,216.58.221.0-255,2902,62386,74,126307
8205,0.001376,216.58.221.0-255,5738,68124,74,126307
8206,0.001401,216.58.221.0-255,2902,71026,74,126307
8207,0.001421,216.58.221.0-255,3961,74987,74,126307
8208,0.001842,216.58.221.0-255,1484,76471,74,126307
8209,0.00185,216.58.221.0-255,2902,79373,74,126307
8210,0.001874,216.58.221.0-255,4320,83693,74,126307
8211,0.001889,216.58.221.0-255,2902,86595,74,126307
8212,0.00191,216.58.221.0-255,5738,92333,74,126307
8213,0.001915,216.58.221.0-255,4320,96653,74,126307
8214,0.00192,216.58.221.0-255,5738,102391,74,126307
8215,0.001958,216.58.221.0-255,4320,106711,74,126307
8216,0.001968,216.58.221.0-255,2184,108895,74,126307
8217,0.004125,172.31.40.0-255,66,108961,74,126307
8218,0.006067,216.58.221.0-255,5738,114699,74,126307
8219,0.006072,172.31.40.0-255,66,114765,74,126307
8220,0.008047,216.58.221.0-255,5738,120503,74,126307
8221,0.008054,172.31.40.0-255,66,120569,74,126307
8222,0.009998,216.58.221.0-255,5738,126307,74,126307
8223,0.0,74.125.24.0-255,143,143,74,137472
8224,2.3e-05,172.31.40.0-255,66,209,74,137472
8225,3.1e-05,74.125.24.0-255,1484,1693,74,137472
8226,3.6e-05,172.31.40.0-255,66,1759,74,137472
8227,4.2e-05,74.125.24.0-255,2902,4661,74,137472
8228,5.4e-05,172.31.40.0-255,66,4727,74,137472
8229,6.6e-05,172.31.40.0-255,66,4793,74,137472
8230,7.1e-05,74.125.24.0-255,2038,6831,74,137472
8231,7.3e-05,172.31.40.0-255,66,6897,74,137472
8232,0.00011,74.125.24.0-255,2902,9799,74,137472
8233,0.000113,172.31.40.0-255,66,9865,74,137472
8234,0.000117,74.125.24.0-255,1484,11349,74,137472
8235,0.000119,172.31.40.0-255,66,11415,74,137472
8236,0.00016,74.125.24.0-255,2902,14317,74,137472
8237,0.000163,172.31.40.0-255,66,14383,74,137472
8238,0.000175,172.31.40.0-255,66,14449,74,137472
8239,0.000178,74.125.24.0-255,1125,15574,74,137472
8240,0.00018,172.31.40.0-255,66,15640,74,137472
8241,0.000183,74.125.24.0-255,1484,17124,74,137472
8242,0.000185,172.31.40.0-255,66,17190,74,137472
8243,0.000223,74.125.24.0-255,4320,21510,74,137472
8244,0.000226,172.31.40.0-255,66,21576,74,137472
8245,0.000231,74.125.24.0-255,4320,25896,74,137472
8246,0.000233,172.31.40.0-255,66,25962,74,137472
8247,0.000264,74.125.24.0-255,2902,28864,74,137472
8248,0.000266,172.31.40.0-255,66,28930,74,137472
8249,0.000294,74.125.24.0-255,3961,32891,74,137472
8250,0.000296,172.31.40.0-255,66,32957,74,137472
8251,0.000306,172.31.40.0-255,66,33023,74,137472
8252,0.000343,74.125.24.0-255,5738,38761,74,137472
8253,0.000345,172.31.40.0-255,66,38827,74,137472
8254,0.000371,74.125.24.0-255,3961,42788,74,137472
8255,0.000373,172.31.40.0-255,66,42854,74,137472
8256,0.000377,74.125.24.0-255,363,43217,74,137472
8257,0.000456,74.125.24.0-255,126,43343,74,137472
8258,0.000481,74.125.24.0-255,351,43694,74,137472
8259,0.000818,74.125.24.0-255,1484,45178,74,137472
8260,0.000823,172.31.40.0-255,66,45244,74,137472
8261,0.000829,74.125.24.0-255,2902,48146,74,137472
8262,0.000831,172.31.40.0-255,66,48212,74,137472
8263,0.000836,74.125.24.0-255,2902,51114,74,137472
8264,0.000844,172.31.40.0-255,66,51180,74,137472
8265,0.000868,74.125.24.0-255,2902,54082,74,137472
8266,0.000872,172.31.40.0-255,66,54148,74,137472
8267,0.000883,172.31.40.0-255,66,54214,74,137472
8268,0.00089,74.125.24.0-255,5738,59952,74,137472
8269,0.000892,172.31.40.0-255,66,60018,74,137472
8270,0.000918,74.125.24.0-255,5738,65756,74,137472
8271,0.000921,172.31.40.0-255,66,65822,74,137472
8272,0.000925,74.125.24.0-255,2184,68006,74,137472
8273,0.000927,172.31.40.0-255,66,68072,74,137472
8274,0.001994,74.125.24.0-255,1484,69556,74,137472
8275,0.002009,74.125.24.0-255,2902,72458,74,137472
8276,0.002014,172.31.40.0-255,66,72524,74,137472
8277,0.00202,74.125.24.0-255,2902,75426,74,137472
8278,0.002023,172.31.40.0-255,66,75492,74,137472
8279,0.002064,74.125.24.0-255,2902,78394,74,137472
8280,0.002067,172.31.40.0-255,66,78460,74,137472
8281,0.002081,172.31.40.0-255,66,78526,74,137472
8282,0.002084,74.125.24.0-255,1484,80010,74,137472
8283,0.002091,74.125.24.0-255,5738,85748,74,137472
8284,0.002093,172.31.40.0-255,66,85814,74,137472
8285,0.00212,74.125.24.0-255,3602,89416,74,137472
8286,0.002123,172.31.40.0-255,66,89482,74,137472
8287,0.002151,74.125.24.0-255,1484,90966,74,137472
8288,0.002182,74.125.24.0-255,2902,93868,74,137472
8289,0.002185,172.31.40.0-255,66,93934,74,137472
8290,0.002192,74.125.24.0-255,5738,99672,74,137472
8291,0.002194,172.31.40.0-255,66,99738,74,137472
8292,0.002204,74.125.24.0-255,5738,105476,74,137472
8293,0.002206,172.31.40.0-255,66,105542,74,137472
8294,0.002212,74.125.24.0-255,5738,111280,74,137472
8295,0.002214,172.31.40.0-255,66,111346,74,137472
8296,0.002265,172.31.40.0-255,66,111412,74,137472
8297,0.002272,74.125.24.0-255,5020,116432,74,137472
8298,0.002274,172.31.40.0-255,66,116498,74,137472
8299,0.002316,74.125.24.0-255,1484,117982,74,137472
8300,0.002343,74.125.24.0-255,1484,119466,74,137472
8301,0.002345,172.31.40.0-255,66,119532,74,137472
8302,0.002359,74.125.24.0-255,1484,121016,74,137472
8303,0.004601,74.125.24.0-255,1484,122500,74,137472
8304,0.004605,172.31.40.0-255,66,122566,74,137472
8305,0.004667,74.125.24.0-255,2902,125468,74,137472
8306,0.004669,172.31.40.0-255,66,125534,74,137472
8307,0.00692,74.125.24.0-255,2902,128436,74,137472
8308,0.006924,172.31.40.0-255,66,128502,74,137472
8309,0.006967,74.125.24.0-255,2902,131404,74,137472
8310,0.00697,172.31.40.0-255,66,131470,74,137472
8311,0.00925,74.125.24.0-255,2902,134372,74,137472
8312,0.009258,172.31.40.0-255,66,134438,74,137472
8313,0.009301,74.125.24.0-255,1484,135922,74,137472
8314,0.009316,74.125.24.0-255,1484,137406,74,137472
8315,0.009318,172.31.40.0-255,66,137472,74,137472
8316,0.0,172.217.194.0-255,145,145,74,73993
8317,2.5e-05,172.31.40.0-255,66,211,74,73993
8318,3.2e-05,172.217.194.0-255,1484,1695,74,73993
8319,3.7e-05,172.31.40.0-255,66,1761,74,73993
8320,5.2e-05,172.217.194.0-255,2902,4663,74,73993
8321,5.5e-05,172.31.40.0-255,66,4729,74,73993
8322,6.5e-05,172.31.40.0-255,66,4795,74,73993
8323,0.000141,172.217.194.0-255,2038,6833,74,73993
8324,0.000144,172.31.40.0-255,66,6899,74,73993
8325,0.000178,172.31.40.0-255,66,6965,74,73993
8326,0.000296,172.217.194.0-255,5379,12344,74,73993
8327,0.000301,172.31.40.0-255,66,12410,74,73993
8328,0.000357,172.217.194.0-255,2902,15312,74,73993
8329,0.000359,172.31.40.0-255,66,15378,74,73993
8330,0.000389,172.217.194.0-255,2902,18280,74,73993
8331,0.000392,172.31.40.0-255,66,18346,74,73993
8332,0.000431,172.217.194.0-255,4320,22666,74,73993
8333,0.000435,172.31.40.0-255,66,22732,74,73993
8334,0.000473,172.31.40.0-255,66,22798,74,73993
8335,0.000599,172.31.40.0-255,66,22864,74,73993
8336,0.000633,172.31.40.0-255,66,22930,74,73993
8337,0.000774,172.217.194.0-255,435,23365,74,73993
8338,0.000778,172.31.40.0-255,66,23431,74,73993
8339,0.000782,172.217.194.0-255,1484,24915,74,73993
8340,0.000784,172.31.40.0-255,66,24981,74,73993
8341,0.000811,172.217.194.0-255,4320,29301,74,73993
8342,0.000814,172.31.40.0-255,66,29367,74,73993
8343,0.000846,172.217.194.0-255,4320,33687,74,73993
8344,0.000849,172.31.40.0-255,66,33753,74,73993
8345,0.000876,172.217.194.0-255,5738,39491,74,73993
8346,0.000881,172.31.40.0-255,66,39557,74,73993
8347,0.000971,172.217.194.0-255,4320,43877,74,73993
8348,0.000974,172.31.40.0-255,66,43943,74,73993
8349,0.001012,172.31.40.0-255,66,44009,74,73993
8350,0.001131,172.217.194.0-255,5020,49029,74,73993
8351,0.001135,172.31.40.0-255,66,49095,74,73993
8352,0.002028,172.217.194.0-255,1484,50579,74,73993
8353,0.002039,172.217.194.0-255,2902,53481,74,73993
8354,0.002044,172.31.40.0-255,66,53547,74,73993
8355,0.002049,172.217.194.0-255,2902,56449,74,73993
8356,0.002051,172.31.40.0-255,66,56515,74,73993
8357,0.002092,172.31.40.0-255,66,56581,74,73993
8358,0.004128,172.217.194.0-255,5738,62319,74,73993
8359,0.004136,172.31.40.0-255,66,62385,74,73993
8360,0.006158,172.217.194.0-255,5738,68123,74,73993
8361,0.006166,172.31.40.0-255,66,68189,74,73993
8362,0.008218,172.217.194.0-255,5738,73927,74,73993
8363,0.008224,172.31.40.0-255,66,73993,74,73993
8364,0.0,74.125.68.0-255,149,149,74,172323
8365,3.3e-05,172.31.40.0-255,66,215,74,172323
8366,4.1e-05,74.125.68.0-255,1484,1699,74,172323
8367,4.4e-05,172.31.40.0-255,66,1765,74,172323
8368,5.8e-05,74.125.68.0-255,2902,4667,74,172323
8369,6.1e-05,172.31.40.0-255,66,4733,74,172323
8370,6.7e-05,74.125.68.0-255,4320,9053,74,172323
8371,7.1e-05,172.31.40.0-255,66,9119,74,172323
8372,7.4e-05,74.125.68.0-255,1484,10603,74,172323
8373,7.8e-05,172.31.40.0-255,66,10669,74,172323
8374,0.000102,74.125.68.0-255,3436,14105,74,172323
8375,0.000105,172.31.40.0-255,66,14171,74,172323
8376,0.000117,74.125.68.0-255,5738,19909,74,172323
8377,0.000119,172.31.40.0-255,66,19975,74,172323
8378,0.000162,172.31.40.0-255,66,20041,74,172323
8379,0.000575,74.125.68.0-255,1484,21525,74,172323
8380,0.000581,172.31.40.0-255,66,21591,74,172323
8381,0.000588,74.125.68.0-255,2902,24493,74,172323
8382,0.000591,172.31.40.0-255,66,24559,74,172323
8383,0.000595,74.125.68.0-255,2902,27461,74,172323
8384,0.000602,172.31.40.0-255,66,27527,74,172323
8385,0.000608,74.125.68.0-255,4320,31847,74,172323
8386,0.000611,172.31.40.0-255,66,31913,74,172323
8387,0.000614,74.125.68.0-255,1484,33397,74,172323
8388,0.000616,172.31.40.0-255,66,33463,74,172323
8389,0.000657,172.31.40.0-255,66,33529,74,172323
8390,0.000667,172.31.40.0-255,66,33595,74,172323
8391,0.000718,172.31.40.0-255,66,33661,74,172323
8392,0.000812,74.125.68.0-255,1484,35145,74,172323
8393,0.00082,74.125.68.0-255,2902,38047,74,172323
8394,0.000822,172.31.40.0-255,66,38113,74,172323
8395,0.000857,74.125.68.0-255,5738,43851,74,172323
8396,0.00086,172.31.40.0-255,66,43917,74,172323
8397,0.000865,74.125.68.0-255,2902,46819,74,172323
8398,0.000867,172.31.40.0-255,66,46885,74,172323
8399,0.000877,74.125.68.0-255,4320,51205,74,172323
8400,0.000879,172.31.40.0-255,66,51271,74,172323
8401,0.000891,172.31.40.0-255,66,51337,74,172323
8402,0.000917,74.125.68.0-255,1484,52821,74,172323
8403,0.000928,172.31.40.0-255,66,52887,74,172323
8404,0.000957,74.125.68.0-255,1346,54233,74,172323
8405,0.001085,74.125.68.0-255,1484,55717,74,172323
8406,0.001089,172.31.40.0-255,66,55783,74,172323
8407,0.001095,74.125.68.0-255,2902,58685,74,172323
8408,0.001098,172.31.40.0-255,66,58751,74,172323
8409,0.001127,74.125.68.0-255,4320,63071,74,172323
8410,0.00113,172.31.40.0-255,66,63137,74,172323
8411,0.001134,74.125.68.0-255,2902,66039,74,172323
8412,0.001136,172.31.40.0-255,66,66105,74,172323
8413,0.001158,74.125.68.0-255,5738,71843,74,172323
8414,0.001161,172.31.40.0-255,66,71909,74,172323
8415,0.001176,172.31.40.0-255,66,71975,74,172323
8416,0.001188,74.125.68.0-255,766,72741,74,172323
8417,0.001192,172.31.40.0-255,66,72807,74,172323
8418,0.00125,74.125.68.0-255,1484,74291,74,172323
8419,0.001254,172.31.40.0-255,66,74357,74,172323
8420,0.001258,74.125.68.0-255,1484,75841,74,172323
8421,0.001284,74.125.68.0-255,1484,77325,74,172323
8422,0.001287,172.31.40.0-255,66,77391,74,172323
8423,0.001294,74.125.68.0-255,5738,83129,74,172323
8424,0.001297,172.31.40.0-255,66,83195,74,172323
8425,0.001301,74.125.68.0-255,2902,86097,74,172323
8426,0.001304,172.31.40.0-255,66,86163,74,172323
8427,0.001339,74.125.68.0-255,5738,91901,74,172323
8428,0.001342,172.31.40.0-255,66,91967,74,172323
8429,0.001354,172.31.40.0-255,66,92033,74,172323
8430,0.001358,74.125.68.0-255,2902,94935,74,172323
8431,0.001361,172.31.40.0-255,66,95001,74,172323
8432,0.001383,74.125.68.0-255,2184,97185,74,172323
8433,0.001386,172.31.40.0-255,66,97251,74,172323
8434,0.00153,74.125.68.0-255,1484,98735,74,172323
8435,0.001536,74.125.68.0-255,1484,100219,74,172323
8436,0.001539,172.31.40.0-255,66,100285,74,172323
8437,0.00157,74.125.68.0-255,1484,101769,74,172323
8438,0.001575,74.125.68.0-255,4320,106089,74,172323
8439,0.00158,74.125.68.0-255,5738,111827,74,172323
8440,0.00159,172.31.40.0-255,66,111893,74,172323
8441,0.001593,172.31.40.0-255,66,111959,74,172323
8442,0.001597,74.125.68.0-255,2902,114861,74,172323
8443,0.001599,172.31.40.0-255,66,114927,74,172323
8444,0.001646,172.31.40.0-255,66,114993,74,172323
8445,0.001652,74.125.68.0-255,4320,119313,74,172323
8446,0.001653,172.31.40.0-255,66,119379,74,172323
8447,0.001656,74.125.68.0-255,1484,120863,74,172323
8448,0.001683,74.125.68.0-255,2184,123047,74,172323
8449,0.001686,172.31.40.0-255,66,123113,74,172323
8450,0.001715,74.125.68.0-255,4320,127433,74,172323
8451,0.001719,172.31.40.0-255,66,127499,74,172323
8452,0.001755,74.125.68.0-255,5738,133237,74,172323
8453,0.001758,172.31.40.0-255,66,133303,74,172323
8454,0.001776,172.31.40.0-255,66,133369,74,172323
8455,0.001779,74.125.68.0-255,1484,134853,74,172323
8456,0.001828,74.125.68.0-255,4320,139173,74,172323
8457,0.001832,172.31.40.0-255,66,139239,74,172323
8458,0.001865,172.31.40.0-255,66,139305,74,172323
8459,0.001917,74.125.68.0-255,1484,140789,74,172323
8460,0.00193,74.125.68.0-255,2902,143691,74,172323
8461,0.001933,172.31.40.0-255,66,143757,74,172323
8462,0.001965,74.125.68.0-255,5738,149495,74,172323
8463,0.001968,172.31.40.0-255,66,149561,74,172323
8464,0.002008,74.125.68.0-255,2902,152463,74,172323
8465,0.002011,172.31.40.0-255,66,152529,74,172323
8466,0.00204,172.31.40.0-255,66,152595,74,172323
8467,0.002054,172.31.40.0-255,66,152661,74,172323
8468,0.002058,74.125.68.0-255,2184,154845,74,172323
8469,0.00206,172.31.40.0-255,66,154911,74,172323
8470,0.004046,74.125.68.0-255,5738,160649,74,172323
8471,0.004054,172.31.40.0-255,66,160715,74,172323
8472,0.006051,74.125.68.0-255,5738,166453,74,172323
8473,0.006057,172.31.40.0-255,66,166519,74,172323
8474,0.008048,74.125.68.0-255,5738,172257,74,172323
8475,0.008056,172.31.40.0-255,66,172323,74,172323
8476,0.0,172.217.194.0-255,154,154,74,153215
8477,1.5e-05,172.31.40.0-255,66,220,74,153215
8478,2.2e-05,172.217.194.0-255,1484,1704,74,153215
8479,2.6e-05,172.31.40.0-255,66,1770,74,153215
8480,3.1e-05,172.217.194.0-255,2902,4672,74,153215
8481,3.4e-05,172.31.40.0-255,66,4738,74,153215
8482,3.9e-05,172.217.194.0-255,4320,9058,74,153215
8483,4.2e-05,172.31.40.0-255,66,9124,74,153215
8484,6.6e-05,172.217.194.0-255,2902,12026,74,153215
8485,6.9e-05,172.31.40.0-255,66,12092,74,153215
8486,7.3e-05,172.217.194.0-255,2000,14092,74,153215
8487,7.6e-05,172.31.40.0-255,66,14158,74,153215
8488,8.9e-05,172.31.40.0-255,66,14224,74,153215
8489,0.000115,172.217.194.0-255,5379,19603,74,153215
8490,0.000118,172.31.40.0-255,66,19669,74,153215
8491,0.0002,172.217.194.0-255,1484,21153,74,153215
8492,0.000203,172.31.40.0-255,66,21219,74,153215
8493,0.000219,172.217.194.0-255,2902,24121,74,153215
8494,0.000221,172.31.40.0-255,66,24187,74,153215
8495,0.000255,172.217.194.0-255,5738,29925,74,153215
8496,0.000257,172.31.40.0-255,66,29991,74,153215
8497,0.000267,172.31.40.0-255,66,30057,74,153215
8498,0.000294,172.217.194.0-255,5379,35436,74,153215
8499,0.000297,172.31.40.0-255,66,35502,74,153215
8500,0.000299,172.217.194.0-255,1484,36986,74,153215
8501,0.000301,172.31.40.0-255,66,37052,74,153215
8502,0.000336,172.31.40.0-255,66,37118,74,153215
8503,0.000339,172.217.194.0-255,645,37763,74,153215
8504,0.00034,172.31.40.0-255,66,37829,74,153215
8505,0.001189,172.217.194.0-255,1484,39313,74,153215
8506,0.0012,172.217.194.0-255,2902,42215,74,153215
8507,0.001204,172.31.40.0-255,66,42281,74,153215
8508,0.001211,172.217.194.0-255,2902,45183,74,153215
8509,0.001213,172.31.40.0-255,66,45249,74,153215
8510,0.001253,172.217.194.0-255,2902,48151,74,153215
8511,0.001257,172.31.40.0-255,66,48217,74,153215
8512,0.001264,172.217.194.0-255,5738,53955,74,153215
8513,0.001266,172.31.40.0-255,66,54021,74,153215
8514,0.001275,172.31.40.0-255,66,54087,74,153215
8515,0.001282,172.217.194.0-255,5738,59825,74,153215
8516,0.001284,172.31.40.0-255,66,59891,74,153215
8517,0.001319,172.217.194.0-255,5020,64911,74,153215
8518,0.001322,172.31.40.0-255,66,64977,74,153215
8519,0.00144,172.217.194.0-255,1484,66461,74,153215
8520,0.001447,172.217.194.0-255,2902,69363,74,153215
8521,0.00145,172.31.40.0-255,66,69429,74,153215
8522,0.001454,172.217.194.0-255,1484,70913,74,153215
8523,0.001482,172.217.194.0-255,4320,75233,74,153215
8524,0.001485,172.31.40.0-255,66,75299,74,153215
8525,0.001494,172.31.40.0-255,66,75365,74,153215
8526,0.001497,172.217.194.0-255,1484,76849,74,153215
8527,0.001532,172.31.40.0-255,66,76915,74,153215
8528,0.001536,172.217.194.0-255,2184,79099,74,153215
8529,0.001538,172.31.40.0-255,66,79165,74,153215
8530,0.001895,172.217.194.0-255,1484,80649,74,153215
8531,0.001901,172.217.194.0-255,1484,82133,74,153215
8532,0.001908,172.31.40.0-255,66,82199,74,153215
8533,0.001933,172.217.194.0-255,1484,83683,74,153215
8534,0.001939,172.217.194.0-255,5738,89421,74,153215
8535,0.001942,172.31.40.0-255,66,89487,74,153215
8536,0.001945,172.217.194.0-255,1484,90971,74,153215
8537,0.001969,172.217.194.0-255,1484,92455,74,153215
8538,0.001971,172.31.40.0-255,66,92521,74,153215
8539,0.001984,172.31.40.0-255,66,92587,74,153215
8540,0.002014,172.217.194.0-255,5738,98325,74,153215
8541,0.002017,172.31.40.0-255,66,98391,74,153215
8542,0.002046,172.217.194.0-255,5020,103411,74,153215
8543,0.002049,172.31.40.0-255,66,103477,74,153215
8544,0.002132,172.217.194.0-255,1484,104961,74,153215
8545,0.002153,172.217.194.0-255,2902,107863,74,153215
8546,0.002155,172.31.40.0-255,66,107929,74,153215
8547,0.002162,172.217.194.0-255,5738,113667,74,153215
8548,0.002165,172.31.40.0-255,66,113733,74,153215
8549,0.002218,172.31.40.0-255,66,113799,74,153215
8550,0.002224,172.217.194.0-255,5738,119537,74,153215
8551,0.002227,172.31.40.0-255,66,119603,74,153215
8552,0.002271,172.31.40.0-255,66,119669,74,153215
8553,0.002295,172.217.194.0-255,5020,124689,74,153215
8554,0.002302,172.31.40.0-255,66,124755,74,153215
8555,0.002316,172.31.40.0-255,66,124821,74,153215
8556,0.002322,172.217.194.0-255,5738,130559,74,153215
8557,0.002325,172.31.40.0-255,66,130625,74,153215
8558,0.002355,172.31.40.0-255,66,130691,74,153215
8559,0.002358,172.217.194.0-255,1484,132175,74,153215
8560,0.002383,172.31.40.0-255,66,132241,74,153215
8561,0.002395,172.31.40.0-255,66,132307,74,153215
8562,0.00242,172.217.194.0-255,2902,135209,74,153215
8563,0.002423,172.31.40.0-255,66,135275,74,153215
8564,0.002483,172.31.40.0-255,66,135341,74,153215
8565,0.002495,172.31.40.0-255,66,135407,74,153215
8566,0.002506,172.31.40.0-255,66,135473,74,153215
8567,0.002553,172.31.40.0-255,66,135539,74,153215
8568,0.00256,172.217.194.0-255,5738,141277,74,153215
8569,0.002562,172.31.40.0-255,66,141343,74,153215
8570,0.002572,172.31.40.0-255,66,141409,74,153215
8571,0.00265,172.31.40.0-255,66,141475,74,153215
8572,0.002659,172.31.40.0-255,66,141541,74,153215
8573,0.002673,172.31.40.0-255,66,141607,74,153215
8574,0.005326,172.217.194.0-255,5738,147345,74,153215
8575,0.005332,172.31.40.0-255,66,147411,74,153215
8576,0.007981,172.217.194.0-255,5738,153149,74,153215
8577,0.007988,172.31.40.0-255,66,153215,74,153215
8578,0.0,172.217.24.0-255,153,153,74,116212
8579,1.8e-05,172.31.40.0-255,66,219,74,116212
8580,2.5e-05,172.217.24.0-255,1484,1703,74,116212
8581,2.9e-05,172.31.40.0-255,66,1769,74,116212
8582,4.2e-05,172.217.24.0-255,2902,4671,74,116212
8583,4.6e-05,172.31.40.0-255,66,4737,74,116212
8584,5.2e-05,172.217.24.0-255,4320,9057,74,116212
8585,5.6e-05,172.31.40.0-255,66,9123,74,116212
8586,6.2e-05,172.217.24.0-255,4947,14070,74,116212
8587,6.5e-05,172.31.40.0-255,66,14136,74,116212
8588,0.0001,172.31.40.0-255,66,14202,74,116212
8589,0.000116,172.217.24.0-255,1484,15686,74,116212
8590,0.000119,172.31.40.0-255,66,15752,74,116212
8591,0.000127,172.217.24.0-255,5379,21131,74,116212
8592,0.000129,172.31.40.0-255,66,21197,74,116212
8593,0.000267,172.217.24.0-255,1484,22681,74,116212
8594,0.000272,172.31.40.0-255,66,22747,74,116212
8595,0.000279,172.217.24.0-255,2902,25649,74,116212
8596,0.000281,172.31.40.0-255,66,25715,74,116212
8597,0.000291,172.217.24.0-255,4320,30035,74,116212
8598,0.000293,172.31.40.0-255,66,30101,74,116212
8599,0.00033,172.217.24.0-255,1484,31585,74,116212
8600,0.000333,172.31.40.0-255,66,31651,74,116212
8601,0.000339,172.217.24.0-255,4320,35971,74,116212
8602,0.000341,172.31.40.0-255,66,36037,74,116212
8603,0.000359,172.31.40.0-255,66,36103,74,116212
8604,0.000369,172.31.40.0-255,66,36169,74,116212
8605,0.000623,172.217.24.0-255,354,36523,74,116212
8606,0.000628,172.31.40.0-255,66,36589,74,116212
8607,0.000925,172.217.24.0-255,389,36978,74,116212
8608,0.001023,172.31.40.0-255,66,37044,74,116212
8609,0.001116,172.217.24.0-255,1484,38528,74,116212
8610,0.001141,172.217.24.0-255,2902,41430,74,116212
8611,0.001147,172.217.24.0-255,4320,45750,74,116212
8612,0.00116,172.217.24.0-255,1484,47234,74,116212
8613,0.001182,172.217.24.0-255,5738,52972,74,116212
8614,0.001207,172.217.24.0-255,5379,58351,74,116212
8615,0.001219,172.217.24.0-255,1125,59476,74,116212
8616,0.001496,172.217.24.0-255,1484,60960,74,116212
8617,0.00153,172.217.24.0-255,1484,62444,74,116212
8618,0.001546,172.217.24.0-255,2902,65346,74,116212
8619,0.00156,172.217.24.0-255,1484,66830,74,116212
8620,0.001578,172.217.24.0-255,4320,71150,74,116212
8621,0.001583,172.217.24.0-255,4320,75470,74,116212
8622,0.001637,172.217.24.0-255,1484,76954,74,116212
8623,0.001654,172.217.24.0-255,2902,79856,74,116212
8624,0.001683,172.217.24.0-255,5738,85594,74,116212
8625,0.001688,172.217.24.0-255,4320,89914,74,116212
8626,0.001731,172.217.24.0-255,3602,93516,74,116212
8627,0.001846,172.217.24.0-255,1484,95000,74,116212
8628,0.001849,172.217.24.0-255,1484,96484,74,116212
8629,0.001863,172.217.24.0-255,1484,97968,74,116212
8630,0.001871,172.217.24.0-255,5738,103706,74,116212
8631,0.001912,172.217.24.0-255,1484,105190,74,116212
8632,0.001931,172.217.24.0-255,1484,106674,74,116212
8633,0.00198,172.217.24.0-255,2184,108858,74,116212
8634,0.002003,172.217.24.0-255,1484,110342,74,116212
8635,0.007852,172.31.40.0-255,66,110408,74,116212
8636,0.009814,172.217.24.0-255,5738,116146,74,116212
8637,0.009821,172.31.40.0-255,66,116212,74,116212
8638,0.0,74.125.130.0-255,152,152,74,163814
8639,2.1e-05,172.31.40.0-255,66,218,74,163814
8640,2.8e-05,74.125.130.0-255,1484,1702,74,163814
8641,3.4e-05,172.31.40.0-255,66,1768,74,163814
8642,3.9e-05,74.125.130.0-255,2902,4670,74,163814
8643,4.3e-05,172.31.40.0-255,66,4736,74,163814
8644,6.5e-05,74.125.130.0-255,2902,7638,74,163814
8645,6.9e-05,172.31.40.0-255,66,7704,74,163814
8646,8.9e-05,74.125.130.0-255,1484,9188,74,163814
8647,9.2e-05,172.31.40.0-255,66,9254,74,163814
8648,0.000112,74.125.130.0-255,2902,12156,74,163814
8649,0.000115,172.31.40.0-255,66,12222,74,163814
8650,0.000118,74.125.130.0-255,1484,13706,74,163814
8651,0.00012,172.31.40.0-255,66,13772,74,163814
8652,0.000141,74.125.130.0-255,566,14338,74,163814
8653,0.000144,172.31.40.0-255,66,14404,74,163814
8654,0.000291,74.125.130.0-255,1484,15888,74,163814
8655,0.000296,172.31.40.0-255,66,15954,74,163814
8656,0.000302,74.125.130.0-255,2902,18856,74,163814
8657,0.000304,172.31.40.0-255,66,18922,74,163814
8658,0.000326,74.125.130.0-255,4320,23242,74,163814
8659,0.000328,172.31.40.0-255,66,23308,74,163814
8660,0.00036,74.125.130.0-255,5738,29046,74,163814
8661,0.000362,172.31.40.0-255,66,29112,74,163814
8662,0.000386,74.125.130.0-255,3961,33073,74,163814
8663,0.000389,172.31.40.0-255,66,33139,74,163814
8664,0.000401,172.31.40.0-255,66,33205,74,163814
8665,0.000404,74.125.130.0-255,1484,34689,74,163814
8666,0.000406,172.31.40.0-255,66,34755,74,163814
8667,0.000438,74.125.130.0-255,5738,40493,74,163814
8668,0.000441,172.31.40.0-255,66,40559,74,163814
8669,0.000444,74.125.130.0-255,1484,42043,74,163814
8670,0.000475,172.31.40.0-255,66,42109,74,163814
8671,0.000482,74.125.130.0-255,5738,47847,74,163814
8672,0.000484,172.31.40.0-255,66,47913,74,163814
8673,0.00051,74.125.130.0-255,1114,49027,74,163814
8674,0.000637,74.125.130.0-255,1484,50511,74,163814
8675,0.00064,172.31.40.0-255,66,50577,74,163814
8676,0.000646,74.125.130.0-255,2902,53479,74,163814
8677,0.000648,172.31.40.0-255,66,53545,74,163814
8678,0.000662,74.125.130.0-255,2902,56447,74,163814
8679,0.000665,172.31.40.0-255,66,56513,74,163814
8680,0.000668,74.125.130.0-255,1484,57997,74,163814
8681,0.00069,74.125.130.0-255,2902,60899,74,163814
8682,0.000693,172.31.40.0-255,66,60965,74,163814
8683,0.000704,172.31.40.0-255,66,61031,74,163814
8684,0.000708,74.125.130.0-255,2902,63933,74,163814
8685,0.00071,172.31.40.0-255,66,63999,74,163814
8686,0.000731,74.125.130.0-255,2902,66901,74,163814
8687,0.000734,172.31.40.0-255,66,66967,74,163814
8688,0.000743,172.31.40.0-255,66,67033,74,163814
8689,0.000758,74.125.130.0-255,766,67799,74,163814
8690,0.001048,74.125.130.0-255,1484,69283,74,163814
8691,0.001052,172.31.40.0-255,66,69349,74,163814
8692,0.001065,74.125.130.0-255,1484,70833,74,163814
8693,0.00108,74.125.130.0-255,2902,73735,74,163814
8694,0.001082,172.31.40.0-255,66,73801,74,163814
8695,0.001098,74.125.130.0-255,4320,78121,74,163814
8696,0.001102,172.31.40.0-255,66,78187,74,163814
8697,0.00111,74.125.130.0-255,1484,79671,74,163814
8698,0.001113,74.125.130.0-255,1484,81155,74,163814
8699,0.001115,172.31.40.0-255,66,81221,74,163814
8700,0.001142,74.125.130.0-255,4320,85541,74,163814
8701,0.001144,172.31.40.0-255,66,85607,74,163814
8702,0.001154,172.31.40.0-255,66,85673,74,163814
8703,0.001183,172.31.40.0-255,66,85739,74,163814
8704,0.001514,74.125.130.0-255,1484,87223,74,163814
8705,0.00152,172.31.40.0-255,101,87324,74,163814
8706,0.00154,74.125.130.0-255,2902,90226,74,163814
8707,0.001543,172.31.40.0-255,66,90292,74,163814
8708,0.001569,74.125.130.0-255,1484,91776,74,163814
8709,0.001614,74.125.130.0-255,2902,94678,74,163814
8710,0.001618,172.31.40.0-255,66,94744,74,163814
8711,0.001621,74.125.130.0-255,1484,96228,74,163814
8712,0.001644,74.125.130.0-255,2902,99130,74,163814
8713,0.001647,172.31.40.0-255,66,99196,74,163814
8714,0.0017,74.125.130.0-255,1484,100680,74,163814
8715,0.001717,74.125.130.0-255,2902,103582,74,163814
8716,0.001722,172.31.40.0-255,66,103648,74,163814
8717,0.001751,74.125.130.0-255,4320,107968,74,163814
8718,0.001753,172.31.40.0-255,66,108034,74,163814
8719,0.001775,74.125.130.0-255,4320,112354,74,163814
8720,0.001777,172.31.40.0-255,66,112420,74,163814
8721,0.001796,74.125.130.0-255,4320,116740,74,163814
8722,0.001799,172.31.40.0-255,66,116806,74,163814
8723,0.001836,74.125.130.0-255,3602,120408,74,163814
8724,0.001839,172.31.40.0-255,66,120474,74,163814
8725,0.002151,74.125.130.0-255,1484,121958,74,163814
8726,0.002167,74.125.130.0-255,2902,124860,74,163814
8727,0.002171,172.31.40.0-255,66,124926,74,163814
8728,0.002175,74.125.130.0-255,1484,126410,74,163814
8729,0.002191,74.125.130.0-255,1484,127894,74,163814
8730,0.002194,172.31.40.0-255,66,127960,74,163814
8731,0.002199,74.125.130.0-255,4320,132280,74,163814
8732,0.002201,172.31.40.0-255,66,132346,74,163814
8733,0.002214,74.125.130.0-255,2902,135248,74,163814
8734,0.002216,172.31.40.0-255,66,135314,74,163814
8735,0.002248,74.125.130.0-255,5738,141052,74,163814
8736,0.002251,172.31.40.0-255,66,141118,74,163814
8737,0.002258,74.125.130.0-255,5738,146856,74,163814
8738,0.00226,172.31.40.0-255,66,146922,74,163814
8739,0.002269,172.31.40.0-255,66,146988,74,163814
8740,0.002272,74.125.130.0-255,766,147754,74,163814
8741,0.003829,74.125.130.0-255,66,147820,74,163814
8742,0.004638,74.125.130.0-255,4320,152140,74,163814
8743,0.004644,172.31.40.0-255,66,152206,74,163814
8744,0.006992,74.125.130.0-255,5738,157944,74,163814
8745,0.006998,172.31.40.0-255,66,158010,74,163814
8746,0.009364,74.125.130.0-255,5738,163748,74,163814
8747,0.009371,172.31.40.0-255,66,163814,74,163814
8748,0.0,74.125.24.0-255,152,152,74,103337
8749,2.2e-05,172.31.40.0-255,66,218,74,103337
8750,2.9e-05,74.125.24.0-255,1484,1702,74,103337
8751,3.4e-05,172.31.40.0-255,66,1768,74,103337
8752,4e-05,74.125.24.0-255,2902,4670,74,103337
8753,4.3e-05,172.31.40.0-255,66,4736,74,103337
8754,4.8e-05,74.125.24.0-255,2902,7638,74,103337
8755,5.1e-05,172.31.40.0-255,66,7704,74,103337
8756,8.5e-05,74.125.24.0-255,4320,12024,74,103337
8757,8.8e-05,172.31.40.0-255,66,12090,74,103337
8758,0.00011,74.125.24.0-255,2101,14191,74,103337
8759,0.000113,172.31.40.0-255,66,14257,74,103337
8760,0.000123,172.31.40.0-255,66,14323,74,103337
8761,0.000137,172.31.40.0-255,66,14389,74,103337
8762,0.000262,74.125.24.0-255,1484,15873,74,103337
8763,0.000268,172.31.40.0-255,66,15939,74,103337
8764,0.000274,74.125.24.0-255,2902,18841,74,103337
8765,0.000276,172.31.40.0-255,66,18907,74,103337
8766,0.00028,74.125.24.0-255,1484,20391,74,103337
8767,0.000282,172.31.40.0-255,66,20457,74,103337
8768,0.000306,74.125.24.0-255,4320,24777,74,103337
8769,0.000309,172.31.40.0-255,66,24843,74,103337
8770,0.000335,172.31.40.0-255,66,24909,74,103337
8771,0.000359,172.31.40.0-255,66,24975,74,103337
8772,0.00037,172.31.40.0-255,66,25041,74,103337
8773,0.000373,74.125.24.0-255,401,25442,74,103337
8774,0.000375,172.31.40.0-255,66,25508,74,103337
8775,0.0004,74.125.24.0-255,109,25617,74,103337
8776,0.000438,74.125.24.0-255,332,25949,74,103337
8777,0.000678,74.125.24.0-255,1484,27433,74,103337
8778,0.000683,172.31.40.0-255,66,27499,74,103337
8779,0.000689,74.125.24.0-255,2902,30401,74,103337
8780,0.000691,172.31.40.0-255,66,30467,74,103337
8781,0.000698,74.125.24.0-255,5738,36205,74,103337
8782,0.0007,172.31.40.0-255,66,36271,74,103337
8783,0.000756,172.31.40.0-255,66,36337,74,103337
8784,0.00076,172.31.40.0-255,66,36403,74,103337
8785,0.001468,74.125.24.0-255,1484,37887,74,103337
8786,0.001479,74.125.24.0-255,2902,40789,74,103337
8787,0.001483,172.31.40.0-255,66,40855,74,103337
8788,0.001491,74.125.24.0-255,5738,46593,74,103337
8789,0.001494,172.31.40.0-255,66,46659,74,103337
8790,0.0015,74.125.24.0-255,5738,52397,74,103337
8791,0.001503,172.31.40.0-255,66,52463,74,103337
8792,0.001546,172.31.40.0-255,66,52529,74,103337
8793,0.001553,74.125.24.0-255,5020,57549,74,103337
8794,0.001555,172.31.40.0-255,66,57615,74,103337
8795,0.001645,74.125.24.0-255,1484,59099,74,103337
8796,0.001652,74.125.24.0-255,2902,62001,74,103337
8797,0.001655,172.31.40.0-255,66,62067,74,103337
8798,0.001661,74.125.24.0-255,4320,66387,74,103337
8799,0.001663,172.31.40.0-255,66,66453,74,103337
8800,0.001676,74.125.24.0-255,1484,67937,74,103337
8801,0.001682,74.125.24.0-255,4320,72257,74,103337
8802,0.001684,172.31.40.0-255,66,72323,74,103337
8803,0.001743,172.31.40.0-255,66,72389,74,103337
8804,0.001755,172.31.40.0-255,66,72455,74,103337
8805,0.001758,74.125.24.0-255,766,73221,74,103337
8806,0.001867,74.125.24.0-255,1484,74705,74,103337
8807,0.001871,172.31.40.0-255,66,74771,74,103337
8808,0.001878,74.125.24.0-255,2902,77673,74,103337
8809,0.00188,172.31.40.0-255,66,77739,74,103337
8810,0.001886,74.125.24.0-255,5738,83477,74,103337
8811,0.001888,172.31.40.0-255,66,83543,74,103337
8812,0.001923,172.31.40.0-255,66,83609,74,103337
8813,0.001952,74.125.24.0-255,2184,85793,74,103337
8814,0.001997,74.125.24.0-255,1484,87277,74,103337
8815,0.002,74.125.24.0-255,1484,88761,74,103337
8816,0.002011,74.125.24.0-255,1484,90245,74,103337
8817,0.002018,74.125.24.0-255,5738,95983,74,103337
8818,0.002069,74.125.24.0-255,1484,97467,74,103337
8819,0.007143,172.31.40.0-255,66,97533,74,103337
8820,0.009217,74.125.24.0-255,5738,103271,74,103337
8821,0.009227,172.31.40.0-255,66,103337,74,103337
8822,0.0,216.58.221.0-255,152,152,74,98605
8823,1.5e-05,172.31.40.0-255,66,218,74,98605
8824,2.2e-05,216.58.221.0-255,1484,1702,74,98605
8825,2.6e-05,172.31.40.0-255,66,1768,74,98605
8826,3.1e-05,216.58.221.0-255,2902,4670,74,98605
8827,3.5e-05,172.31.40.0-255,66,4736,74,98605
8828,4.1e-05,216.58.221.0-255,5738,10474,74,98605
8829,4.4e-05,172.31.40.0-255,66,10540,74,98605
8830,7.2e-05,216.58.221.0-255,3573,14113,74,98605
8831,7.5e-05,172.31.40.0-255,66,14179,74,98605
8832,9.6e-05,216.58.221.0-255,1484,15663,74,98605
8833,9.8e-05,172.31.40.0-255,66,15729,74,98605
8834,0.000111,216.58.221.0-255,2902,18631,74,98605
8835,0.000113,172.31.40.0-255,66,18697,74,98605
8836,0.000121,216.58.221.0-255,5738,24435,74,98605
8837,0.000123,172.31.40.0-255,66,24501,74,98605
8838,0.000133,172.31.40.0-255,66,24567,74,98605
8839,0.000333,216.58.221.0-255,1484,26051,74,98605
8840,0.000338,172.31.40.0-255,66,26117,74,98605
8841,0.000344,216.58.221.0-255,2902,29019,74,98605
8842,0.000346,172.31.40.0-255,66,29085,74,98605
8843,0.000353,216.58.221.0-255,5738,34823,74,98605
8844,0.000355,172.31.40.0-255,66,34889,74,98605
8845,0.000385,172.31.40.0-255,66,34955,74,98605
8846,0.000635,216.58.221.0-255,1484,36439,74,98605
8847,0.00064,172.31.40.0-255,66,36505,74,98605
8848,0.000645,216.58.221.0-255,2902,39407,74,98605
8849,0.000648,172.31.40.0-255,66,39473,74,98605
8850,0.000653,216.58.221.0-255,4320,43793,74,98605
8851,0.000656,172.31.40.0-255,66,43859,74,98605
8852,0.000671,216.58.221.0-255,1484,45343,74,98605
8853,0.000688,172.31.40.0-255,66,45409,74,98605
8854,0.0007,216.58.221.0-255,355,45764,74,98605
8855,0.000979,172.31.40.0-255,66,45830,74,98605
8856,0.001031,216.58.221.0-255,132,45962,74,98605
8857,0.001062,172.31.40.0-255,66,46028,74,98605
8858,0.001129,216.58.221.0-255,1484,47512,74,98605
8859,0.001138,216.58.221.0-255,2902,50414,74,98605
8860,0.001141,216.58.221.0-255,1484,51898,74,98605
8861,0.001161,216.58.221.0-255,4320,56218,74,98605
8862,0.001179,216.58.221.0-255,5738,61956,74,98605
8863,0.001194,216.58.221.0-255,1125,63081,74,98605
8864,0.001756,216.58.221.0-255,1484,64565,74,98605
8865,0.001764,216.58.221.0-255,2902,67467,74,98605
8866,0.00177,216.58.221.0-255,5738,73205,74,98605
8867,0.001805,216.58.221.0-255,5738,78943,74,98605
8868,0.001845,216.58.221.0-255,2184,81127,74,98605
8869,0.002452,172.31.40.0-255,66,81193,74,98605
8870,0.004397,216.58.221.0-255,5738,86931,74,98605
8871,0.004402,172.31.40.0-255,66,86997,74,98605
8872,0.006342,216.58.221.0-255,5738,92735,74,98605
8873,0.006439,172.31.40.0-255,66,92801,74,98605
8874,0.008381,216.58.221.0-255,5738,98539,74,98605
8875,0.008388,172.31.40.0-255,66,98605,74,98605
8876,0.0,74.125.24.0-255,152,152,74,186545
8877,2.2e-05,172.31.40.0-255,66,218,74,186545
8878,2.9e-05,74.125.24.0-255,1484,1702,74,186545
8879,3.3e-05,172.31.40.0-255,66,1768,74,186545
8880,3.8e-05,74.125.24.0-255,2902,4670,74,186545
8881,4.1e-05,172.31.40.0-255,66,4736,74,186545
8882,5.2e-05,172.31.40.0-255,66,4802,74,186545
8883,5.6e-05,74.125.24.0-255,2000,6802,74,186545
8884,6e-05,172.31.40.0-255,66,6868,74,186545
8885,0.000152,74.125.24.0-255,1484,8352,74,186545
8886,0.000156,172.31.40.0-255,66,8418,74,186545
8887,0.000162,74.125.24.0-255,2902,11320,74,186545
8888,0.000165,172.31.40.0-255,66,11386,74,186545
8889,0.000184,74.125.24.0-255,5738,17124,74,186545
8890,0.000187,172.31.40.0-255,66,17190,74,186545
8891,0.0002,74.125.24.0-255,1484,18674,74,186545
8892,0.000202,172.31.40.0-255,66,18740,74,186545
8893,0.000224,74.125.24.0-255,5379,24119,74,186545
8894,0.000227,172.31.40.0-255,66,24185,74,186545
8895,0.000236,172.31.40.0-255,66,24251,74,186545
8896,0.000278,172.31.40.0-255,66,24317,74,186545
8897,0.000303,74.125.24.0-255,4320,28637,74,186545
8898,0.000306,172.31.40.0-255,66,28703,74,186545
8899,0.000331,172.31.40.0-255,66,28769,74,186545
8900,0.000334,74.125.24.0-255,677,29446,74,186545
8901,0.000335,172.31.40.0-255,66,29512,74,186545
8902,0.00076,74.125.24.0-255,1484,30996,74,186545
8903,0.000765,74.125.24.0-255,2902,33898,74,186545
8904,0.000768,74.125.24.0-255,1484,35382,74,186545
8905,0.000775,172.31.40.0-255,66,35448,74,186545
8906,0.000785,172.31.40.0-255,66,35514,74,186545
8907,0.000793,74.125.24.0-255,4320,39834,74,186545
8908,0.000795,172.31.40.0-255,66,39900,74,186545
8909,0.000808,74.125.24.0-255,1484,41384,74,186545
8910,0.000821,172.31.40.0-255,66,41450,74,186545
8911,0.000849,74.125.24.0-255,1484,42934,74,186545
8912,0.000861,172.31.40.0-255,66,43000,74,186545
8913,0.001639,74.125.24.0-255,1484,44484,74,186545
8914,0.00165,74.125.24.0-255,2902,47386,74,186545
8915,0.001654,172.31.40.0-255,66,47452,74,186545
8916,0.001665,74.125.24.0-255,5738,53190,74,186545
8917,0.001666,172.31.40.0-255,66,53256,74,186545
8918,0.001693,74.125.24.0-255,5738,58994,74,186545
8919,0.001695,172.31.40.0-255,66,59060,74,186545
8920,0.001726,172.31.40.0-255,66,59126,74,186545
8921,0.001758,172.31.40.0-255,66,59192,74,186545
8922,0.002235,74.125.24.0-255,1484,60676,74,186545
8923,0.00229,74.125.24.0-255,2902,63578,74,186545
8924,0.002295,172.31.40.0-255,66,63644,74,186545
8925,0.002302,74.125.24.0-255,5738,69382,74,186545
8926,0.002304,172.31.40.0-255,66,69448,74,186545
8927,0.002313,172.31.40.0-255,66,69514,74,186545
8928,0.002319,74.125.24.0-255,5738,75252,74,186545
8929,0.002321,172.31.40.0-255,66,75318,74,186545
8930,0.002346,172.31.40.0-255,66,75384,74,186545
8931,0.00235,74.125.24.0-255,2184,77568,74,186545
8932,0.002352,172.31.40.0-255,66,77634,74,186545
8933,0.002377,172.31.40.0-255,66,77700,74,186545
8934,0.002407,172.31.40.0-255,66,77766,74,186545
8935,0.002409,74.125.24.0-255,1484,79250,74,186545
8936,0.002414,74.125.24.0-255,2902,82152,74,186545
8937,0.002417,172.31.40.0-255,66,82218,74,186545
8938,0.002429,172.31.40.0-255,66,82284,74,186545
8939,0.002451,74.125.24.0-255,1484,83768,74,186545
8940,0.00247,74.125.24.0-255,2902,86670,74,186545
8941,0.002473,172.31.40.0-255,66,86736,74,186545
8942,0.002476,74.125.24.0-255,1484,88220,74,186545
8943,0.002495,74.125.24.0-255,4320,92540,74,186545
8944,0.002498,172.31.40.0-255,66,92606,74,186545
8945,0.002503,74.125.24.0-255,2902,95508,74,186545
8946,0.002505,172.31.40.0-255,66,95574,74,186545
8947,0.002533,172.31.40.0-255,66,95640,74,186545
8948,0.002536,74.125.24.0-255,1484,97124,74,186545
8949,0.00257,172.31.40.0-255,66,97190,74,186545
8950,0.002575,74.125.24.0-255,3602,100792,74,186545
8951,0.002577,172.31.40.0-255,66,100858,74,186545
8952,0.002611,74.125.24.0-255,1484,102342,74,186545
8953,0.00263,74.125.24.0-255,2902,105244,74,186545
8954,0.002633,172.31.40.0-255,66,105310,74,186545
8955,0.002646,74.125.24.0-255,1484,106794,74,186545
8956,0.002658,74.125.24.0-255,1484,108278,74,186545
8957,0.002661,172.31.40.0-255,66,108344,74,186545
8958,0.002664,74.125.24.0-255,1484,109828,74,186545
8959,0.002685,74.125.24.0-255,2902,112730,74,186545
8960,0.002688,172.31.40.0-255,66,112796,74,186545
8961,0.002699,74.125.24.0-255,5738,118534,74,186545
8962,0.002702,172.31.40.0-255,66,118600,74,186545
8963,0.002741,172.31.40.0-255,66,118666,74,186545
8964,0.002765,74.125.24.0-255,3602,122268,74,186545
8965,0.002768,172.31.40.0-255,66,122334,74,186545
8966,0.002773,74.125.24.0-255,4320,126654,74,186545
8967,0.002775,172.31.40.0-255,66,126720,74,186545
8968,0.002781,74.125.24.0-255,4320,131040,74,186545
8969,0.002784,172.31.40.0-255,66,131106,74,186545
8970,0.002809,74.125.24.0-255,5738,136844,74,186545
8971,0.002812,172.31.40.0-255,66,136910,74,186545
8972,0.002824,172.31.40.0-255,66,136976,74,186545
8973,0.002844,74.125.24.0-255,5738,142714,74,186545
8974,0.002846,172.31.40.0-255,66,142780,74,186545
8975,0.002878,74.125.24.0-255,3602,146382,74,186545
8976,0.002881,172.31.40.0-255,66,146448,74,186545
8977,0.003104,74.125.24.0-255,1484,147932,74,186545
8978,0.00311,74.125.24.0-255,2902,150834,74,186545
8979,0.003114,172.31.40.0-255,66,150900,74,186545
8980,0.003121,74.125.24.0-255,5738,156638,74,186545
8981,0.003123,172.31.40.0-255,66,156704,74,186545
8982,0.003189,74.125.24.0-255,5738,162442,74,186545
8983,0.003193,172.31.40.0-255,66,162508,74,186545
8984,0.003219,172.31.40.0-255,66,162574,74,186545
8985,0.00323,172.31.40.0-255,66,162640,74,186545
8986,0.003233,74.125.24.0-255,766,163406,74,186545
8987,0.003236,74.125.24.0-255,1484,164890,74,186545
8988,0.003239,172.31.40.0-255,66,164956,74,186545
8989,0.003243,74.125.24.0-255,2902,167858,74,186545
8990,0.003246,172.31.40.0-255,66,167924,74,186545
8991,0.003249,74.125.24.0-255,1484,169408,74,186545
8992,0.003279,74.125.24.0-255,4320,173728,74,186545
8993,0.003283,172.31.40.0-255,66,173794,74,186545
8994,0.00329,74.125.24.0-255,5738,179532,74,186545
8995,0.003292,172.31.40.0-255,66,179598,74,186545
8996,0.003304,172.31.40.0-255,66,179664,74,186545
8997,0.003336,74.125.24.0-255,2902,182566,74,186545
8998,0.003339,172.31.40.0-255,66,182632,74,186545
8999,0.003352,172.31.40.0-255,66,182698,74,186545
9000,0.003364,172.31.40.0-255,66,182764,74,186545
9001,0.003366,74.125.24.0-255,1484,184248,74,186545
9002,0.003384,74.125.24.0-255,1955,186203,74,186545
9003,0.003387,172.31.40.0-255,66,186269,74,186545
9004,0.003399,74.125.24.0-255,105,186374,74,186545
9005,0.009727,172.31.40.0-255,66,186440,74,186545
9006,0.009777,172.31.40.0-255,105,186545,74,186545
9007,0.0,172.217.27.0-255,152,152,74,129867
9008,1.5e-05,172.31.40.0-255,66,218,74,129867
9009,2.2e-05,172.217.27.0-255,1484,1702,74,129867
9010,2.6e-05,172.31.40.0-255,66,1768,74,129867
9011,3.2e-05,172.217.27.0-255,2902,4670,74,129867
9012,3.6e-05,172.31.40.0-255,66,4736,74,129867
9013,4.8e-05,172.31.40.0-255,66,4802,74,129867
9014,8.1e-05,172.217.27.0-255,2126,6928,74,129867
9015,8.4e-05,172.31.40.0-255,66,6994,74,129867
9016,0.000112,172.217.27.0-255,2902,9896,74,129867
9017,0.000115,172.31.40.0-255,66,9962,74,129867
9018,0.00014,172.31.40.0-255,66,10028,74,129867
9019,0.000166,172.31.40.0-255,66,10094,74,129867
9020,0.000595,172.217.27.0-255,1484,11578,74,129867
9021,0.0006,172.31.40.0-255,66,11644,74,129867
9022,0.000606,172.217.27.0-255,2902,14546,74,129867
9023,0.000608,172.31.40.0-255,66,14612,74,129867
9024,0.000615,172.217.27.0-255,5738,20350,74,129867
9025,0.000617,172.31.40.0-255,66,20416,74,129867
9026,0.000666,172.217.27.0-255,4320,24736,74,129867
9027,0.000668,172.31.40.0-255,66,24802,74,129867
9028,0.000682,172.217.27.0-255,2543,27345,74,129867
9029,0.000687,172.31.40.0-255,66,27411,74,129867
9030,0.000867,172.217.27.0-255,1484,28895,74,129867
9031,0.000872,172.31.40.0-255,66,28961,74,129867
9032,0.000879,172.217.27.0-255,2902,31863,74,129867
9033,0.000882,172.31.40.0-255,66,31929,74,129867
9034,0.000889,172.217.27.0-255,5738,37667,74,129867
9035,0.000891,172.31.40.0-255,66,37733,74,129867
9036,0.000897,172.217.27.0-255,4320,42053,74,129867
9037,0.000899,172.31.40.0-255,66,42119,74,129867
9038,0.000941,172.217.27.0-255,2872,44991,74,129867
9039,0.000944,172.31.40.0-255,66,45057,74,129867
9040,0.00106,172.217.27.0-255,116,45173,74,129867
9041,0.001163,172.217.27.0-255,1484,46657,74,129867
9042,0.001168,172.31.40.0-255,66,46723,74,129867
9043,0.001174,172.217.27.0-255,2902,49625,74,129867
9044,0.001177,172.31.40.0-255,66,49691,74,129867
9045,0.001181,172.217.27.0-255,2902,52593,74,129867
9046,0.001183,172.31.40.0-255,66,52659,74,129867
9047,0.001207,172.217.27.0-255,2902,55561,74,129867
9048,0.001209,172.31.40.0-255,66,55627,74,129867
9049,0.001215,172.217.27.0-255,4320,59947,74,129867
9050,0.001217,172.31.40.0-255,66,60013,74,129867
9051,0.001234,172.217.27.0-255,4320,64333,74,129867
9052,0.001237,172.31.40.0-255,66,64399,74,129867
9053,0.001261,172.217.27.0-255,1125,65524,74,129867
9054,0.001269,172.217.27.0-255,5738,71262,74,129867
9055,0.001273,172.31.40.0-255,66,71328,74,129867
9056,0.001282,172.31.40.0-255,66,71394,74,129867
9057,0.001285,172.217.27.0-255,1125,72519,74,129867
9058,0.00154,172.217.27.0-255,1484,74003,74,129867
9059,0.001548,172.31.40.0-255,66,74069,74,129867
9060,0.001552,172.217.27.0-255,1484,75553,74,129867
9061,0.001557,172.217.27.0-255,2902,78455,74,129867
9062,0.001559,172.31.40.0-255,66,78521,74,129867
9063,0.001565,172.217.27.0-255,4320,82841,74,129867
9064,0.001567,172.31.40.0-255,66,82907,74,129867
9065,0.001584,172.217.27.0-255,1484,84391,74,129867
9066,0.00159,172.217.27.0-255,5738,90129,74,129867
9067,0.001593,172.31.40.0-255,66,90195,74,129867
9068,0.001623,172.31.40.0-255,66,90261,74,129867
9069,0.001635,172.31.40.0-255,66,90327,74,129867
9070,0.001648,172.217.27.0-255,1484,91811,74,129867
9071,0.001673,172.31.40.0-255,66,91877,74,129867
9072,0.001688,172.31.40.0-255,66,91943,74,129867
9073,0.001706,172.217.27.0-255,4320,96263,74,129867
9074,0.001708,172.31.40.0-255,66,96329,74,129867
9075,0.001733,172.31.40.0-255,66,96395,74,129867
9076,0.001787,172.217.27.0-255,4320,100715,74,129867
9077,0.00179,172.31.40.0-255,66,100781,74,129867
9078,0.001797,172.217.27.0-255,5738,106519,74,129867
9079,0.0018,172.31.40.0-255,66,106585,74,129867
9080,0.001811,172.31.40.0-255,66,106651,74,129867
9081,0.003516,172.217.27.0-255,5738,112389,74,129867
9082,0.003522,172.31.40.0-255,66,112455,74,129867
9083,0.005148,172.217.27.0-255,5738,118193,74,129867
9084,0.005154,172.31.40.0-255,66,118259,74,129867
9085,0.006777,172.217.27.0-255,5738,123997,74,129867
9086,0.006783,172.31.40.0-255,66,124063,74,129867
9087,0.008412,172.217.27.0-255,5738,129801,74,129867
9088,0.008419,172.31.40.0-255,66,129867,74,129867
9089,0.0,172.217.194.0-255,152,152,74,131560
9090,2.4e-05,172.31.40.0-255,66,218,74,131560
9091,3.1e-05,172.217.194.0-255,1484,1702,74,131560
9092,3.5e-05,172.31.40.0-255,66,1768,74,131560
9093,5e-05,172.217.194.0-255,2902,4670,74,131560
9094,5.2e-05,172.31.40.0-255,66,4736,74,131560
9095,6.3e-05,172.31.40.0-255,66,4802,74,131560
9096,6.7e-05,172.217.194.0-255,2001,6803,74,131560
9097,6.9e-05,172.31.40.0-255,66,6869,74,131560
9098,0.000119,172.31.40.0-255,66,6935,74,131560
9099,0.000126,172.217.194.0-255,5379,12314,74,131560
9100,0.000128,172.31.40.0-255,66,12380,74,131560
9101,0.000176,172.217.194.0-255,5738,18118,74,131560
9102,0.000178,172.31.40.0-255,66,18184,74,131560
9103,0.000189,172.31.40.0-255,66,18250,74,131560
9104,0.000225,172.217.194.0-255,3961,22211,74,131560
9105,0.000227,172.31.40.0-255,66,22277,74,131560
9106,0.000277,172.217.194.0-255,1484,23761,74,131560
9107,0.000279,172.31.40.0-255,66,23827,74,131560
9108,0.000283,172.217.194.0-255,1484,25311,74,131560
9109,0.000285,172.31.40.0-255,66,25377,74,131560
9110,0.000301,172.217.194.0-255,1484,26861,74,131560
9111,0.000303,172.31.40.0-255,66,26927,74,131560
9112,0.00031,172.217.194.0-255,5738,32665,74,131560
9113,0.000312,172.31.40.0-255,66,32731,74,131560
9114,0.000337,172.217.194.0-255,5738,38469,74,131560
9115,0.000339,172.31.40.0-255,66,38535,74,131560
9116,0.000362,172.217.194.0-255,1707,40242,74,131560
9117,0.000364,172.31.40.0-255,66,40308,74,131560
9118,0.000386,172.217.194.0-255,5738,46046,74,131560
9119,0.000389,172.31.40.0-255,66,46112,74,131560
9120,0.000393,172.217.194.0-255,2902,49014,74,131560
9121,0.000395,172.31.40.0-255,66,49080,74,131560
9122,0.000419,172.217.194.0-255,4320,53400,74,131560
9123,0.000426,172.31.40.0-255,66,53466,74,131560
9124,0.000454,172.217.194.0-255,3410,56876,74,131560
9125,0.000457,172.31.40.0-255,66,56942,74,131560
9126,0.000514,172.217.194.0-255,1484,58426,74,131560
9127,0.00052,172.217.194.0-255,2902,61328,74,131560
9128,0.000523,172.31.40.0-255,66,61394,74,131560
9129,0.000549,172.217.194.0-255,5738,67132,74,131560
9130,0.000552,172.31.40.0-255,66,67198,74,131560
9131,0.000582,172.31.40.0-255,66,67264,74,131560
9132,0.000615,172.217.194.0-255,5738,73002,74,131560
9133,0.000618,172.31.40.0-255,66,73068,74,131560
9134,0.000644,172.31.40.0-255,66,73134,74,131560
9135,0.000667,172.217.194.0-255,2184,75318,74,131560
9136,0.000669,172.31.40.0-255,66,75384,74,131560
9137,0.001233,172.217.194.0-255,1484,76868,74,131560
9138,0.00124,172.217.194.0-255,2902,79770,74,131560
9139,0.001243,172.31.40.0-255,66,79836,74,131560
9140,0.001281,172.217.194.0-255,5738,85574,74,131560
9141,0.001284,172.31.40.0-255,66,85640,74,131560
9142,0.001287,172.217.194.0-255,1484,87124,74,131560
9143,0.001302,172.31.40.0-255,66,87190,74,131560
9144,0.001342,172.31.40.0-255,66,87256,74,131560
9145,0.001943,172.217.194.0-255,1484,88740,74,131560
9146,0.001949,172.217.194.0-255,2902,91642,74,131560
9147,0.001954,172.31.40.0-255,66,91708,74,131560
9148,0.001967,172.217.194.0-255,5738,97446,74,131560
9149,0.001974,172.31.40.0-255,66,97512,74,131560
9150,0.001981,172.217.194.0-255,5738,103250,74,131560
9151,0.001983,172.31.40.0-255,66,103316,74,131560
9152,0.002008,172.217.194.0-255,1484,104800,74,131560
9153,0.002025,172.31.40.0-255,66,104866,74,131560
9154,0.002029,172.217.194.0-255,2184,107050,74,131560
9155,0.002031,172.31.40.0-255,66,107116,74,131560
9156,0.002395,172.217.194.0-255,1484,108600,74,131560
9157,0.002409,172.217.194.0-255,2902,111502,74,131560
9158,0.002413,172.31.40.0-255,66,111568,74,131560
9159,0.002417,172.217.194.0-255,1484,113052,74,131560
9160,0.002434,172.217.194.0-255,2902,115954,74,131560
9161,0.002436,172.31.40.0-255,66,116020,74,131560
9162,0.002467,172.31.40.0-255,66,116086,74,131560
9163,0.002507,172.31.40.0-255,66,116152,74,131560
9164,0.002535,172.217.194.0-255,3602,119754,74,131560
9165,0.002537,172.31.40.0-255,66,119820,74,131560
9166,0.005053,172.217.194.0-255,1484,121304,74,131560
9167,0.005081,172.217.194.0-255,4320,125624,74,131560
9168,0.005086,172.31.40.0-255,66,125690,74,131560
9169,0.007636,172.217.194.0-255,1484,127174,74,131560
9170,0.007653,172.217.194.0-255,4320,131494,74,131560
9171,0.007657,172.31.40.0-255,66,131560,74,131560
9172,0.0,172.31.40.0-255,105,105,74,276
9173,0.001747,157.240.24.0-255,105,210,74,276
9174,0.001762,172.31.40.0-255,66,276,74,276
9175,0.0,172.217.194.0-255,153,153,74,144436
9176,2.5e-05,172.31.40.0-255,66,219,74,144436
9177,3.2e-05,172.217.194.0-255,1484,1703,74,144436
9178,3.7e-05,172.31.40.0-255,66,1769,74,144436
9179,4.9e-05,172.217.194.0-255,2902,4671,74,144436
9180,6.2e-05,172.31.40.0-255,66,4737,74,144436
9181,7.7e-05,172.31.40.0-255,66,4803,74,144436
9182,8.1e-05,172.217.194.0-255,2029,6832,74,144436
9183,8.3e-05,172.31.40.0-255,66,6898,74,144436
9184,0.000146,172.217.194.0-255,1484,8382,74,144436
9185,0.000149,172.31.40.0-255,66,8448,74,144436
9186,0.000152,172.217.194.0-255,1484,9932,74,144436
9187,0.000154,172.31.40.0-255,66,9998,74,144436
9188,0.000188,172.217.194.0-255,1484,11482,74,144436
9189,0.00019,172.31.40.0-255,66,11548,74,144436
9190,0.000197,172.217.194.0-255,5738,17286,74,144436
9191,0.000205,172.31.40.0-255,66,17352,74,144436
9192,0.000234,172.217.194.0-255,5738,23090,74,144436
9193,0.000236,172.31.40.0-255,66,23156,74,144436
9194,0.000271,172.217.194.0-255,3961,27117,74,144436
9195,0.000274,172.31.40.0-255,66,27183,74,144436
9196,0.000286,172.31.40.0-255,66,27249,74,144436
9197,0.000291,172.217.194.0-255,3961,31210,74,144436
9198,0.000293,172.31.40.0-255,66,31276,74,144436
9199,0.000298,172.217.194.0-255,4320,35596,74,144436
9200,0.000301,172.31.40.0-255,66,35662,74,144436
9201,0.000305,172.217.194.0-255,2902,38564,74,144436
9202,0.000307,172.31.40.0-255,66,38630,74,144436
9203,0.000338,172.31.40.0-255,66,38696,74,144436
9204,0.000367,172.217.194.0-255,1706,40402,74,144436
9205,0.00037,172.31.40.0-255,66,40468,74,144436
9206,0.000562,172.217.194.0-255,1484,41952,74,144436
9207,0.00058,172.217.194.0-255,2902,44854,74,144436
9208,0.000584,172.31.40.0-255,66,44920,74,144436
9209,0.000591,172.217.194.0-255,5738,50658,74,144436
9210,0.000593,172.31.40.0-255,66,50724,74,144436
9211,0.000635,172.31.40.0-255,66,50790,74,144436
9212,0.000648,172.31.40.0-255,66,50856,74,144436
9213,0.000655,172.217.194.0-255,766,51622,74,144436
9214,0.001103,172.217.194.0-255,1484,53106,74,144436
9215,0.00111,172.31.40.0-255,66,53172,74,144436
9216,0.001118,172.217.194.0-255,2902,56074,74,144436
9217,0.00112,172.31.40.0-255,66,56140,74,144436
9218,0.001126,172.217.194.0-255,5738,61878,74,144436
9219,0.001133,172.31.40.0-255,66,61944,74,144436
9220,0.001139,172.217.194.0-255,4320,66264,74,144436
9221,0.001141,172.31.40.0-255,66,66330,74,144436
9222,0.001172,172.217.194.0-255,5738,72068,74,144436
9223,0.001175,172.31.40.0-255,66,72134,74,144436
9224,0.001207,172.217.194.0-255,5738,77872,74,144436
9225,0.00121,172.31.40.0-255,66,77938,74,144436
9226,0.00122,172.31.40.0-255,66,78004,74,144436
9227,0.001689,172.217.194.0-255,1484,79488,74,144436
9228,0.001693,172.217.194.0-255,1484,80972,74,144436
9229,0.001699,172.31.40.0-255,66,81038,74,144436
9230,0.001727,172.217.194.0-255,1484,82522,74,144436
9231,0.001735,172.217.194.0-255,5738,88260,74,144436
9232,0.001738,172.31.40.0-255,66,88326,74,144436
9233,0.00175,172.31.40.0-255,66,88392,74,144436
9234,0.001779,172.217.194.0-255,2902,91294,74,144436
9235,0.001781,172.31.40.0-255,66,91360,74,144436
9236,0.001793,172.31.40.0-255,66,91426,74,144436
9237,0.001795,172.217.194.0-255,766,92192,74,144436
9238,0.001897,172.217.194.0-255,1484,93676,74,144436
9239,0.001901,172.31.40.0-255,66,93742,74,144436
9240,0.001904,172.217.194.0-255,1484,95226,74,144436
9241,0.001929,172.217.194.0-255,1484,96710,74,144436
9242,0.001931,172.31.40.0-255,66,96776,74,144436
9243,0.001938,172.217.194.0-255,5738,102514,74,144436
9244,0.00194,172.31.40.0-255,66,102580,74,144436
9245,0.001946,172.217.194.0-255,4320,106900,74,144436
9246,0.001948,172.31.40.0-255,66,106966,74,144436
9247,0.00198,172.217.194.0-255,2902,109868,74,144436
9248,0.001983,172.31.40.0-255,66,109934,74,144436
9249,0.001995,172.31.40.0-255,66,110000,74,144436
9250,0.00202,172.217.194.0-255,4320,114320,74,144436
9251,0.002023,172.31.40.0-255,66,114386,74,144436
9252,0.002027,172.217.194.0-255,2184,116570,74,144436
9253,0.002029,172.31.40.0-255,66,116636,74,144436
9254,0.002222,172.217.194.0-255,1484,118120,74,144436
9255,0.002229,172.217.194.0-255,2902,121022,74,144436
9256,0.002233,172.31.40.0-255,66,121088,74,144436
9257,0.002268,172.217.194.0-255,5738,126826,74,144436
9258,0.00227,172.31.40.0-255,66,126892,74,144436
9259,0.002331,172.31.40.0-255,66,126958,74,144436
9260,0.002341,172.31.40.0-255,66,127024,74,144436
9261,0.004617,172.217.194.0-255,5738,132762,74,144436
9262,0.004624,172.31.40.0-255,66,132828,74,144436
9263,0.006908,172.217.194.0-255,5738,138566,74,144436
9264,0.006914,172.31.40.0-255,66,138632,74,144436
9265,0.009197,172.217.194.0-255,5738,144370,74,144436
9266,0.009203,172.31.40.0-255,66,144436,74,144436
9267,0.0,172.217.194.0-255,153,153,74,219232
9268,2e-05,172.31.40.0-255,66,219,74,219232
9269,2.8e-05,172.217.194.0-255,1484,1703,74,219232
9270,3.2e-05,172.31.40.0-255,66,1769,74,219232
9271,3.8e-05,172.217.194.0-255,2902,4671,74,219232
9272,4.2e-05,172.31.40.0-255,66,4737,74,219232
9273,6.1e-05,172.31.40.0-255,66,4803,74,219232
9274,6.6e-05,172.217.194.0-255,2902,7705,74,219232
9275,6.8e-05,172.31.40.0-255,66,7771,74,219232
9276,0.00012,172.31.40.0-255,66,7837,74,219232
9277,0.000124,172.217.194.0-255,2543,10380,74,219232
9278,0.000126,172.31.40.0-255,66,10446,74,219232
9279,0.000199,172.217.194.0-255,1484,11930,74,219232
9280,0.000202,172.31.40.0-255,66,11996,74,219232
9281,0.000208,172.217.194.0-255,2902,14898,74,219232
9282,0.00021,172.31.40.0-255,66,14964,74,219232
9283,0.000213,172.217.194.0-255,1484,16448,74,219232
9284,0.000215,172.31.40.0-255,66,16514,74,219232
9285,0.000267,172.217.194.0-255,2902,19416,74,219232
9286,0.000271,172.31.40.0-255,66,19482,74,219232
9287,0.000277,172.217.194.0-255,5738,25220,74,219232
9288,0.000279,172.31.40.0-255,66,25286,74,219232
9289,0.000295,172.31.40.0-255,66,25352,74,219232
9290,0.000304,172.31.40.0-255,66,25418,74,219232
9291,0.000338,172.217.194.0-255,5669,31087,74,219232
9292,0.00034,172.31.40.0-255,66,31153,74,219232
9293,0.000363,172.217.194.0-255,366,31519,74,219232
9294,0.000366,172.31.40.0-255,66,31585,74,219232
9295,0.000443,172.217.194.0-255,1484,33069,74,219232
9296,0.000449,172.217.194.0-255,1484,34553,74,219232
9297,0.000451,172.31.40.0-255,66,34619,74,219232
9298,0.000477,172.217.194.0-255,1484,36103,74,219232
9299,0.000484,172.217.194.0-255,5738,41841,74,219232
9300,0.000486,172.31.40.0-255,66,41907,74,219232
9301,0.000494,172.217.194.0-255,6247,48154,74,219232
9302,0.000496,172.31.40.0-255,66,48220,74,219232
9303,0.000527,172.217.194.0-255,1484,49704,74,219232
9304,0.00053,172.217.194.0-255,1484,51188,74,219232
9305,0.000533,172.31.40.0-255,66,51254,74,219232
9306,0.000546,172.217.194.0-255,1484,52738,74,219232
9307,0.000556,172.217.194.0-255,5738,58476,74,219232
9308,0.000559,172.31.40.0-255,66,58542,74,219232
9309,0.000638,172.31.40.0-255,66,58608,74,219232
9310,0.000658,172.217.194.0-255,1484,60092,74,219232
9311,0.000669,172.31.40.0-255,66,60158,74,219232
9312,0.000673,172.217.194.0-255,2184,62342,74,219232
9313,0.000676,172.31.40.0-255,66,62408,74,219232
9314,0.000708,172.217.194.0-255,1484,63892,74,219232
9315,0.000714,172.217.194.0-255,2902,66794,74,219232
9316,0.000716,172.31.40.0-255,66,66860,74,219232
9317,0.000748,172.217.194.0-255,5738,72598,74,219232
9318,0.000751,172.31.40.0-255,66,72664,74,219232
9319,0.000781,172.31.40.0-255,66,72730,74,219232
9320,0.000786,172.217.194.0-255,4320,77050,74,219232
9321,0.000788,172.31.40.0-255,66,77116,74,219232
9322,0.000827,172.31.40.0-255,66,77182,74,219232
9323,0.000831,172.217.194.0-255,2184,79366,74,219232
9324,0.000833,172.31.40.0-255,66,79432,74,219232
9325,0.001755,172.217.194.0-255,1484,80916,74,219232
9326,0.001762,172.217.194.0-255,2902,83818,74,219232
9327,0.001767,172.31.40.0-255,66,83884,74,219232
9328,0.001799,172.217.194.0-255,5738,89622,74,219232
9329,0.001803,172.31.40.0-255,66,89688,74,219232
9330,0.001807,172.217.194.0-255,2902,92590,74,219232
9331,0.001809,172.31.40.0-255,66,92656,74,219232
9332,0.00184,172.31.40.0-255,66,92722,74,219232
9333,0.001853,172.31.40.0-255,66,92788,74,219232
9334,0.001881,172.217.194.0-255,766,93554,74,219232
9335,0.001916,172.217.194.0-255,1484,95038,74,219232
9336,0.001919,172.31.40.0-255,66,95104,74,219232
9337,0.001924,172.217.194.0-255,2902,98006,74,219232
9338,0.001926,172.31.40.0-255,66,98072,74,219232
9339,0.00193,172.217.194.0-255,1484,99556,74,219232
9340,0.00196,172.217.194.0-255,4320,103876,74,219232
9341,0.001964,172.217.194.0-255,2902,106778,74,219232
9342,0.001968,172.31.40.0-255,66,106844,74,219232
9343,0.001971,172.31.40.0-255,66,106910,74,219232
9344,0.001994,172.31.40.0-255,66,106976,74,219232
9345,0.002045,172.31.40.0-255,66,107042,74,219232
9346,0.002174,172.217.194.0-255,1484,108526,74,219232
9347,0.002181,172.217.194.0-255,2902,111428,74,219232
9348,0.002184,172.31.40.0-255,66,111494,74,219232
9349,0.002209,172.217.194.0-255,5738,117232,74,219232
9350,0.002212,172.31.40.0-255,66,117298,74,219232
9351,0.002217,172.217.194.0-255,2902,120200,74,219232
9352,0.002219,172.31.40.0-255,66,120266,74,219232
9353,0.002259,172.31.40.0-255,66,120332,74,219232
9354,0.002263,172.217.194.0-255,1484,121816,74,219232
9355,0.002308,172.31.40.0-255,66,121882,74,219232
9356,0.002407,172.217.194.0-255,1484,123366,74,219232
9357,0.002421,172.217.194.0-255,2902,126268,74,219232
9358,0.002424,172.31.40.0-255,66,126334,74,219232
9359,0.002429,172.217.194.0-255,4320,130654,74,219232
9360,0.002431,172.31.40.0-255,66,130720,74,219232
9361,0.002454,172.217.194.0-255,1484,132204,74,219232
9362,0.002477,172.217.194.0-255,4320,136524,74,219232
9363,0.00248,172.31.40.0-255,66,136590,74,219232
9364,0.002513,172.31.40.0-255,66,136656,74,219232
9365,0.002516,172.217.194.0-255,2902,139558,74,219232
9366,0.002518,172.31.40.0-255,66,139624,74,219232
9367,0.002564,172.31.40.0-255,66,139690,74,219232
9368,0.002605,172.217.194.0-255,1484,141174,74,219232
9369,0.002609,172.217.194.0-255,2902,144076,74,219232
9370,0.002611,172.31.40.0-255,66,144142,74,219232
9371,0.002617,172.217.194.0-255,5738,149880,74,219232
9372,0.002619,172.31.40.0-255,66,149946,74,219232
9373,0.002623,172.217.194.0-255,4320,154266,74,219232
9374,0.002628,172.31.40.0-255,66,154332,74,219232
9375,0.002663,172.31.40.0-255,66,154398,74,219232
9376,0.002686,172.217.194.0-255,2902,157300,74,219232
9377,0.002688,172.31.40.0-255,66,157366,74,219232
9378,0.002698,172.31.40.0-255,66,157432,74,219232
9379,0.002704,172.217.194.0-255,1484,158916,74,219232
9380,0.00273,172.217.194.0-255,4320,163236,74,219232
9381,0.002733,172.31.40.0-255,66,163302,74,219232
9382,0.002765,172.217.194.0-255,4320,167622,74,219232
9383,0.002768,172.31.40.0-255,66,167688,74,219232
9384,0.002778,172.31.40.0-255,66,167754,74,219232
9385,0.002783,172.217.194.0-255,5738,173492,74,219232
9386,0.002785,172.31.40.0-255,66,173558,74,219232
9387,0.002802,172.217.194.0-255,5738,179296,74,219232
9388,0.002804,172.31.40.0-255,66,179362,74,219232
9389,0.002808,172.217.194.0-255,3602,182964,74,219232
9390,0.002814,172.31.40.0-255,66,183030,74,219232
9391,0.002816,172.217.194.0-255,1484,184514,74,219232
9392,0.002843,172.217.194.0-255,4320,188834,74,219232
9393,0.002846,172.31.40.0-255,66,188900,74,219232
9394,0.002853,172.217.194.0-255,2902,191802,74,219232
9395,0.002855,172.31.40.0-255,66,191868,74,219232
9396,0.00286,172.217.194.0-255,5738,197606,74,219232
9397,0.002862,172.31.40.0-255,66,197672,74,219232
9398,0.002865,172.217.194.0-255,1484,199156,74,219232
9399,0.002867,172.217.194.0-255,1484,200640,74,219232
9400,0.002868,172.31.40.0-255,66,200706,74,219232
9401,0.002872,172.217.194.0-255,1484,202190,74,219232
9402,0.002902,172.217.194.0-255,4320,206510,74,219232
9403,0.002905,172.31.40.0-255,66,206576,74,219232
9404,0.002935,172.217.194.0-255,5738,212314,74,219232
9405,0.002938,172.31.40.0-255,66,212380,74,219232
9406,0.002966,172.217.194.0-255,3602,215982,74,219232
9407,0.002968,172.31.40.0-255,66,216048,74,219232
9408,0.003012,172.217.194.0-255,3013,219061,74,219232
9409,0.003014,172.31.40.0-255,66,219127,74,219232
9410,0.003017,172.217.194.0-255,105,219232,74,219232
9411,0.0,74.125.68.0-255,154,154,74,185172
9412,1.6e-05,172.31.40.0-255,66,220,74,185172
9413,2.3e-05,74.125.68.0-255,1484,1704,74,185172
9414,2.8e-05,172.31.40.0-255,66,1770,74,185172
9415,4.7e-05,74.125.68.0-255,2902,4672,74,185172
9416,5.1e-05,172.31.40.0-255,66,4738,74,185172
9417,5.5e-05,74.125.68.0-255,1484,6222,74,185172
9418,5.7e-05,172.31.40.0-255,66,6288,74,185172
9419,7.5e-05,74.125.68.0-255,2902,9190,74,185172
9420,7.8e-05,172.31.40.0-255,66,9256,74,185172
9421,9.8e-05,74.125.68.0-255,4320,13576,74,185172
9422,0.0001,172.31.40.0-255,66,13642,74,185172
9423,0.000123,74.125.68.0-255,2101,15743,74,185172
9424,0.000125,172.31.40.0-255,66,15809,74,185172
9425,0.00013,74.125.68.0-255,2902,18711,74,185172
9426,0.000132,172.31.40.0-255,66,18777,74,185172
9427,0.000147,74.125.68.0-255,4320,23097,74,185172
9428,0.000149,172.31.40.0-255,66,23163,74,185172
9429,0.000175,172.31.40.0-255,66,23229,74,185172
9430,0.000178,74.125.68.0-255,1125,24354,74,185172
9431,0.00018,172.31.40.0-255,66,24420,74,185172
9432,0.000288,74.125.68.0-255,1484,25904,74,185172
9433,0.000292,172.31.40.0-255,66,25970,74,185172
9434,0.000296,74.125.68.0-255,1484,27454,74,185172
9435,0.000298,172.31.40.0-255,66,27520,74,185172
9436,0.000312,74.125.68.0-255,1484,29004,74,185172
9437,0.000315,172.31.40.0-255,66,29070,74,185172
9438,0.000318,74.125.68.0-255,1484,30554,74,185172
9439,0.00032,172.31.40.0-255,66,30620,74,185172
9440,0.000324,74.125.68.0-255,2902,33522,74,185172
9441,0.000327,172.31.40.0-255,66,33588,74,185172
9442,0.00035,74.125.68.0-255,5738,39326,74,185172
9443,0.000353,172.31.40.0-255,66,39392,74,185172
9444,0.000371,74.125.68.0-255,3961,43353,74,185172
9445,0.000373,172.31.40.0-255,66,43419,74,185172
9446,0.000378,74.125.68.0-255,4320,47739,74,185172
9447,0.000381,172.31.40.0-255,66,47805,74,185172
9448,0.000405,74.125.68.0-255,1484,49289,74,185172
9449,0.000434,172.31.40.0-255,66,49355,74,185172
9450,0.000437,74.125.68.0-255,1435,50790,74,185172
9451,0.000439,74.125.68.0-255,113,50903,74,185172
9452,0.000564,74.125.68.0-255,1484,52387,74,185172
9453,0.000569,172.31.40.0-255,66,52453,74,185172
9454,0.000575,74.125.68.0-255,2902,55355,74,185172
9455,0.000577,172.31.40.0-255,66,55421,74,185172
9456,0.000608,74.125.68.0-255,5738,61159,74,185172
9457,0.000612,172.31.40.0-255,66,61225,74,185172
9458,0.000644,172.31.40.0-255,66,61291,74,185172
9459,0.000678,74.125.68.0-255,4320,65611,74,185172
9460,0.000681,172.31.40.0-255,66,65677,74,185172
9461,0.000712,172.31.40.0-255,66,65743,74,185172
9462,0.000864,74.125.68.0-255,1484,67227,74,185172
9463,0.000884,74.125.68.0-255,2902,70129,74,185172
9464,0.000887,172.31.40.0-255,66,70195,74,185172
9465,0.000892,74.125.68.0-255,2902,73097,74,185172
9466,0.000894,172.31.40.0-255,66,73163,74,185172
9467,0.000909,74.125.68.0-255,2902,76065,74,185172
9468,0.000911,172.31.40.0-255,66,76131,74,185172
9469,0.000934,172.31.40.0-255,66,76197,74,185172
9470,0.000952,74.125.68.0-255,5738,81935,74,185172
9471,0.000954,172.31.40.0-255,66,82001,74,185172
9472,0.001011,172.31.40.0-255,66,82067,74,185172
9473,0.001058,74.125.68.0-255,1484,83551,74,185172
9474,0.001088,74.125.68.0-255,2902,86453,74,185172
9475,0.001109,172.31.40.0-255,66,86519,74,185172
9476,0.001125,74.125.68.0-255,4320,90839,74,185172
9477,0.001128,74.125.68.0-255,1484,92323,74,185172
9478,0.001141,172.31.40.0-255,66,92389,74,185172
9479,0.001151,74.125.68.0-255,4320,96709,74,185172
9480,0.001156,172.31.40.0-255,66,96775,74,185172
9481,0.001195,74.125.68.0-255,4320,101095,74,185172
9482,0.001214,172.31.40.0-255,66,101161,74,185172
9483,0.001229,74.125.68.0-255,3602,104763,74,185172
9484,0.001247,172.31.40.0-255,66,104829,74,185172
9485,0.001258,74.125.68.0-255,4320,109149,74,185172
9486,0.001297,172.31.40.0-255,66,109215,74,185172
9487,0.001333,172.31.40.0-255,66,109281,74,185172
9488,0.001371,172.31.40.0-255,66,109347,74,185172
9489,0.001492,74.125.68.0-255,1484,110831,74,185172
9490,0.001506,74.125.68.0-255,2902,113733,74,185172
9491,0.001509,74.125.68.0-255,1484,115217,74,185172
9492,0.001517,172.31.40.0-255,66,115283,74,185172
9493,0.001528,74.125.68.0-255,4320,119603,74,185172
9494,0.001545,74.125.68.0-255,5738,125341,74,185172
9495,0.001551,74.125.68.0-255,4320,129661,74,185172
9496,0.001565,74.125.68.0-255,2902,132563,74,185172
9497,0.001572,172.31.40.0-255,66,132629,74,185172
9498,0.001591,74.125.68.0-255,2902,135531,74,185172
9499,0.001596,172.31.40.0-255,66,135597,74,185172
9500,0.00164,172.31.40.0-255,66,135663,74,185172
9501,0.001682,74.125.68.0-255,1484,137147,74,185172
9502,0.001698,74.125.68.0-255,2902,140049,74,185172
9503,0.001701,172.31.40.0-255,66,140115,74,185172
9504,0.001726,74.125.68.0-255,2902,143017,74,185172
9505,0.001742,74.125.68.0-255,2902,145919,74,185172
9506,0.001747,74.125.68.0-255,2902,148821,74,185172
9507,0.001757,74.125.68.0-255,4320,153141,74,185172
9508,0.001784,172.31.40.0-255,66,153207,74,185172
9509,0.001805,74.125.68.0-255,5738,158945,74,185172
9510,0.001822,172.31.40.0-255,66,159011,74,185172
9511,0.001842,74.125.68.0-255,2184,161195,74,185172
9512,0.001848,172.31.40.0-255,66,161261,74,185172
9513,0.003023,172.31.40.0-255,101,161362,74,185172
9514,0.003801,74.125.68.0-255,2902,164264,74,185172
9515,0.003808,172.31.40.0-255,66,164330,74,185172
9516,0.003829,74.125.68.0-255,2902,167232,74,185172
9517,0.003831,172.31.40.0-255,66,167298,74,185172
9518,0.004973,74.125.68.0-255,66,167364,74,185172
9519,0.00578,74.125.68.0-255,2902,170266,74,185172
9520,0.005791,172.31.40.0-255,66,170332,74,185172
9521,0.005813,74.125.68.0-255,2902,173234,74,185172
9522,0.005816,172.31.40.0-255,66,173300,74,185172
9523,0.007772,74.125.68.0-255,2902,176202,74,185172
9524,0.007785,172.31.40.0-255,66,176268,74,185172
9525,0.007807,74.125.68.0-255,2902,179170,74,185172
9526,0.00781,172.31.40.0-255,66,179236,74,185172
9527,0.009759,74.125.68.0-255,2902,182138,74,185172
9528,0.009765,172.31.40.0-255,66,182204,74,185172
9529,0.009783,74.125.68.0-255,2902,185106,74,185172
9530,0.009785,172.31.40.0-255,66,185172,74,185172
9531,0.0,172.217.27.0-255,153,153,74,136883
9532,1.9e-05,172.31.40.0-255,66,219,74,136883
9533,2.5e-05,172.217.27.0-255,1484,1703,74,136883
9534,2.9e-05,172.31.40.0-255,66,1769,74,136883
9535,3.4e-05,172.217.27.0-255,2902,4671,74,136883
9536,3.6e-05,172.31.40.0-255,66,4737,74,136883
9537,4.1e-05,172.217.27.0-255,4320,9057,74,136883
9538,4.5e-05,172.31.40.0-255,66,9123,74,136883
9539,7.1e-05,172.217.27.0-255,2902,12025,74,136883
9540,7.3e-05,172.31.40.0-255,66,12091,74,136883
9541,7.7e-05,172.217.27.0-255,2039,14130,74,136883
9542,7.9e-05,172.31.40.0-255,66,14196,74,136883
9543,8.2e-05,172.217.27.0-255,1484,15680,74,136883
9544,8.3e-05,172.31.40.0-255,66,15746,74,136883
9545,0.000106,172.217.27.0-255,2902,18648,74,136883
9546,0.000108,172.31.40.0-255,66,18714,74,136883
9547,0.000111,172.217.27.0-255,1484,20198,74,136883
9548,0.000113,172.31.40.0-255,66,20264,74,136883
9549,0.000128,172.217.27.0-255,2902,23166,74,136883
9550,0.00013,172.31.40.0-255,66,23232,74,136883
9551,0.000143,172.217.27.0-255,4320,27552,74,136883
9552,0.000145,172.31.40.0-255,66,27618,74,136883
9553,0.000161,172.217.27.0-255,3961,31579,74,136883
9554,0.000163,172.31.40.0-255,66,31645,74,136883
9555,0.000374,172.217.27.0-255,1484,33129,74,136883
9556,0.000379,172.31.40.0-255,66,33195,74,136883
9557,0.000385,172.217.27.0-255,2902,36097,74,136883
9558,0.000387,172.31.40.0-255,66,36163,74,136883
9559,0.000427,172.217.27.0-255,5738,41901,74,136883
9560,0.00043,172.31.40.0-255,66,41967,74,136883
9561,0.000435,172.217.27.0-255,4320,46287,74,136883
9562,0.000436,172.31.40.0-255,66,46353,74,136883
9563,0.000442,172.217.27.0-255,5738,52091,74,136883
9564,0.000443,172.31.40.0-255,66,52157,74,136883
9565,0.000483,172.217.27.0-255,2184,54341,74,136883
9566,0.000487,172.31.40.0-255,66,54407,74,136883
9567,0.00049,172.31.40.0-255,66,54473,74,136883
9568,0.000507,172.217.27.0-255,355,54828,74,136883
9569,0.000875,172.31.40.0-255,66,54894,74,136883
9570,0.000892,172.217.27.0-255,387,55281,74,136883
9571,0.0009,172.31.40.0-255,66,55347,74,136883
9572,0.001158,172.217.27.0-255,1484,56831,74,136883
9573,0.001185,172.217.27.0-255,2902,59733,74,136883
9574,0.001189,172.31.40.0-255,66,59799,74,136883
9575,0.001194,172.217.27.0-255,2902,62701,74,136883
9576,0.001197,172.31.40.0-255,66,62767,74,136883
9577,0.001223,172.217.27.0-255,1484,64251,74,136883
9578,0.001237,172.217.27.0-255,1484,65735,74,136883
9579,0.001239,172.31.40.0-255,66,65801,74,136883
9580,0.001258,172.217.27.0-255,1484,67285,74,136883
9581,0.001264,172.217.27.0-255,4320,71605,74,136883
9582,0.00128,172.31.40.0-255,66,71671,74,136883
9583,0.001291,172.31.40.0-255,66,71737,74,136883
9584,0.0013,172.31.40.0-255,66,71803,74,136883
9585,0.001347,172.217.27.0-255,2184,73987,74,136883
9586,0.00135,172.31.40.0-255,66,74053,74,136883
9587,0.001394,172.217.27.0-255,1484,75537,74,136883
9588,0.001418,172.217.27.0-255,2902,78439,74,136883
9589,0.001421,172.31.40.0-255,66,78505,74,136883
9590,0.001427,172.217.27.0-255,5738,84243,74,136883
9591,0.001429,172.31.40.0-255,66,84309,74,136883
9592,0.001434,172.217.27.0-255,2902,87211,74,136883
9593,0.001436,172.31.40.0-255,66,87277,74,136883
9594,0.00146,172.217.27.0-255,4320,91597,74,136883
9595,0.001462,172.31.40.0-255,66,91663,74,136883
9596,0.001489,172.31.40.0-255,66,91729,74,136883
9597,0.001494,172.217.27.0-255,2902,94631,74,136883
9598,0.001496,172.31.40.0-255,66,94697,74,136883
9599,0.001512,172.217.27.0-255,1484,96181,74,136883
9600,0.001529,172.217.27.0-255,1484,97665,74,136883
9601,0.001531,172.31.40.0-255,66,97731,74,136883
9602,0.001547,172.217.27.0-255,2184,99915,74,136883
9603,0.001549,172.31.40.0-255,66,99981,74,136883
9604,0.001629,172.217.27.0-255,1484,101465,74,136883
9605,0.001636,172.217.27.0-255,2902,104367,74,136883
9606,0.001639,172.31.40.0-255,66,104433,74,136883
9607,0.001643,172.217.27.0-255,2902,107335,74,136883
9608,0.001646,172.31.40.0-255,66,107401,74,136883
9609,0.001658,172.217.27.0-255,1484,108885,74,136883
9610,0.003251,172.217.27.0-255,1484,110369,74,136883
9611,0.003257,172.31.40.0-255,66,110435,74,136883
9612,0.003277,172.217.27.0-255,2902,113337,74,136883
9613,0.003279,172.31.40.0-255,66,113403,74,136883
9614,0.004886,172.217.27.0-255,2902,116305,74,136883
9615,0.00489,172.31.40.0-255,66,116371,74,136883
9616,0.004914,172.217.27.0-255,2902,119273,74,136883
9617,0.004917,172.31.40.0-255,66,119339,74,136883
9618,0.006521,172.217.27.0-255,2902,122241,74,136883
9619,0.006527,172.31.40.0-255,66,122307,74,136883
9620,0.00655,172.217.27.0-255,2902,125209,74,136883
9621,0.006552,172.31.40.0-255,66,125275,74,136883
9622,0.008164,172.217.27.0-255,5738,131013,74,136883
9623,0.008171,172.31.40.0-255,66,131079,74,136883
9624,0.009802,172.217.27.0-255,5738,136817,74,136883
9625,0.00981,172.31.40.0-255,66,136883,74,136883
9626,0.0,74.125.24.0-255,152,152,74,136014
9627,2.6e-05,172.31.40.0-255,66,218,74,136014
9628,3.3e-05,74.125.24.0-255,1484,1702,74,136014
9629,3.7e-05,172.31.40.0-255,66,1768,74,136014
9630,4.2e-05,74.125.24.0-255,2902,4670,74,136014
9631,4.5e-05,172.31.40.0-255,66,4736,74,136014
9632,6.1e-05,172.31.40.0-255,66,4802,74,136014
9633,6.6e-05,74.125.24.0-255,3448,8250,74,136014
9634,6.8e-05,172.31.40.0-255,66,8316,74,136014
9635,8.2e-05,172.31.40.0-255,66,8382,74,136014
9636,0.000115,74.125.24.0-255,2543,10925,74,136014
9637,0.000119,172.31.40.0-255,66,10991,74,136014
9638,0.000351,74.125.24.0-255,1484,12475,74,136014
9639,0.000355,172.31.40.0-255,66,12541,74,136014
9640,0.000361,74.125.24.0-255,2902,15443,74,136014
9641,0.000365,172.31.40.0-255,66,15509,74,136014
9642,0.000371,74.125.24.0-255,5738,21247,74,136014
9643,0.00038,172.31.40.0-255,66,21313,74,136014
9644,0.000406,74.125.24.0-255,4320,25633,74,136014
9645,0.000409,172.31.40.0-255,66,25699,74,136014
9646,0.000415,74.125.24.0-255,4320,30019,74,136014
9647,0.000417,172.31.40.0-255,66,30085,74,136014
9648,0.000447,74.125.24.0-255,1484,31569,74,136014
9649,0.00045,172.31.40.0-255,66,31635,74,136014
9650,0.000464,172.31.40.0-255,66,31701,74,136014
9651,0.000468,74.125.24.0-255,2184,33885,74,136014
9652,0.00047,172.31.40.0-255,66,33951,74,136014
9653,0.000498,74.125.24.0-255,414,34365,74,136014
9654,0.000502,172.31.40.0-255,66,34431,74,136014
9655,0.000505,74.125.24.0-255,1484,35915,74,136014
9656,0.000528,74.125.24.0-255,4320,40235,74,136014
9657,0.000541,172.31.40.0-255,66,40301,74,136014
9658,0.000567,74.125.24.0-255,2902,43203,74,136014
9659,0.00057,74.125.24.0-255,1484,44687,74,136014
9660,0.000578,172.31.40.0-255,66,44753,74,136014
9661,0.000589,74.125.24.0-255,2902,47655,74,136014
9662,0.000596,172.31.40.0-255,66,47721,74,136014
9663,0.000607,74.125.24.0-255,2184,49905,74,136014
9664,0.00061,172.31.40.0-255,66,49971,74,136014
9665,0.000704,172.31.40.0-255,66,50037,74,136014
9666,0.000711,74.125.24.0-255,1484,51521,74,136014
9667,0.000731,172.31.40.0-255,66,51587,74,136014
9668,0.000845,74.125.24.0-255,1484,53071,74,136014
9669,0.000872,74.125.24.0-255,2902,55973,74,136014
9670,0.000877,74.125.24.0-255,4320,60293,74,136014
9671,0.000879,172.31.40.0-255,66,60359,74,136014
9672,0.000896,172.31.40.0-255,66,60425,74,136014
9673,0.000909,172.31.40.0-255,66,60491,74,136014
9674,0.000927,74.125.24.0-255,2543,63034,74,136014
9675,0.000936,172.31.40.0-255,66,63100,74,136014
9676,0.000941,172.31.40.0-255,66,63166,74,136014
9677,0.001,172.31.40.0-255,66,63232,74,136014
9678,0.001047,172.31.40.0-255,66,63298,74,136014
9679,0.001102,74.125.24.0-255,1484,64782,74,136014
9680,0.001107,74.125.24.0-255,2902,67684,74,136014
9681,0.00111,172.31.40.0-255,66,67750,74,136014
9682,0.001129,74.125.24.0-255,2902,70652,74,136014
9683,0.001133,172.31.40.0-255,66,70718,74,136014
9684,0.001159,74.125.24.0-255,2902,73620,74,136014
9685,0.001169,172.31.40.0-255,66,73686,74,136014
9686,0.001174,172.31.40.0-255,66,73752,74,136014
9687,0.001175,74.125.24.0-255,4320,78072,74,136014
9688,0.001194,172.31.40.0-255,66,78138,74,136014
9689,0.001209,172.31.40.0-255,66,78204,74,136014
9690,0.001623,74.125.24.0-255,1484,79688,74,136014
9691,0.001636,74.125.24.0-255,2902,82590,74,136014
9692,0.00164,172.31.40.0-255,66,82656,74,136014
9693,0.001676,74.125.24.0-255,5738,88394,74,136014
9694,0.001693,172.31.40.0-255,66,88460,74,136014
9695,0.00172,172.31.40.0-255,66,88526,74,136014
9696,0.001761,172.31.40.0-255,66,88592,74,136014
9697,0.001812,172.31.40.0-255,66,88658,74,136014
9698,0.001816,172.31.40.0-255,66,88724,74,136014
9699,0.001868,172.31.40.0-255,66,88790,74,136014
9700,0.001991,74.125.24.0-255,1484,90274,74,136014
9701,0.002012,74.125.24.0-255,2902,93176,74,136014
9702,0.002015,172.31.40.0-255,66,93242,74,136014
9703,0.002021,74.125.24.0-255,5738,98980,74,136014
9704,0.002028,172.31.40.0-255,66,99046,74,136014
9705,0.002041,74.125.24.0-255,2902,101948,74,136014
9706,0.002049,172.31.40.0-255,66,102014,74,136014
9707,0.002086,74.125.24.0-255,1484,103498,74,136014
9708,0.002087,172.31.40.0-255,66,103564,74,136014
9709,0.00213,74.125.24.0-255,2902,106466,74,136014
9710,0.002134,172.31.40.0-255,66,106532,74,136014
9711,0.002175,172.31.40.0-255,66,106598,74,136014
9712,0.002179,74.125.24.0-255,1484,108082,74,136014
9713,0.002201,74.125.24.0-255,2902,110984,74,136014
9714,0.002207,74.125.24.0-255,5738,116722,74,136014
9715,0.002209,172.31.40.0-255,66,116788,74,136014
9716,0.002214,172.31.40.0-255,66,116854,74,136014
9717,0.002248,74.125.24.0-255,1484,118338,74,136014
9718,0.002249,172.31.40.0-255,66,118404,74,136014
9719,0.002284,172.31.40.0-255,66,118470,74,136014
9720,0.002324,172.31.40.0-255,66,118536,74,136014
9721,0.002367,172.31.40.0-255,66,118602,74,136014
9722,0.002372,172.31.40.0-255,66,118668,74,136014
9723,0.004867,74.125.24.0-255,5738,124406,74,136014
9724,0.004873,172.31.40.0-255,66,124472,74,136014
9725,0.007388,74.125.24.0-255,5738,130210,74,136014
9726,0.007395,172.31.40.0-255,66,130276,74,136014
9727,0.009931,74.125.24.0-255,5738,136014,74,136014
9728,0.0,172.217.194.0-255,153,153,74,108490
9729,1.3e-05,172.31.40.0-255,66,219,74,108490
9730,1.9e-05,172.217.194.0-255,1484,1703,74,108490
9731,2.4e-05,172.31.40.0-255,66,1769,74,108490
9732,3.8e-05,172.217.194.0-255,2902,4671,74,108490
9733,4.2e-05,172.31.40.0-255,66,4737,74,108490
9734,5.3e-05,172.31.40.0-255,66,4803,74,108490
9735,7.2e-05,172.217.194.0-255,1484,6287,74,108490
9736,7.5e-05,172.31.40.0-255,66,6353,74,108490
9737,0.000118,172.31.40.0-255,66,6419,74,108490
9738,0.000124,172.217.194.0-255,5379,11798,74,108490
9739,0.000127,172.31.40.0-255,66,11864,74,108490
9740,0.000178,172.217.194.0-255,5738,17602,74,108490
9741,0.00018,172.31.40.0-255,66,17668,74,108490
9742,0.000186,172.217.194.0-255,4320,21988,74,108490
9743,0.000189,172.31.40.0-255,66,22054,74,108490
9744,0.000208,172.217.194.0-255,2902,24956,74,108490
9745,0.000211,172.31.40.0-255,66,25022,74,108490
9746,0.000229,172.31.40.0-255,66,25088,74,108490
9747,0.000254,172.217.194.0-255,2543,27631,74,108490
9748,0.000256,172.31.40.0-255,66,27697,74,108490
9749,0.000269,172.217.194.0-255,5379,33076,74,108490
9750,0.000271,172.31.40.0-255,66,33142,74,108490
9751,0.000475,172.217.194.0-255,646,33788,74,108490
9752,0.000481,172.31.40.0-255,66,33854,74,108490
9753,0.001089,172.217.194.0-255,1484,35338,74,108490
9754,0.001095,172.31.40.0-255,66,35404,74,108490
9755,0.001104,172.217.194.0-255,2902,38306,74,108490
9756,0.001106,172.31.40.0-255,66,38372,74,108490
9757,0.001116,172.217.194.0-255,4320,42692,74,108490
9758,0.001119,172.31.40.0-255,66,42758,74,108490
9759,0.001141,172.217.194.0-255,2902,45660,74,108490
9760,0.001143,172.31.40.0-255,66,45726,74,108490
9761,0.001179,172.217.194.0-255,5738,51464,74,108490
9762,0.001181,172.31.40.0-255,66,51530,74,108490
9763,0.001202,172.31.40.0-255,66,51596,74,108490
9764,0.001461,172.217.194.0-255,1484,53080,74,108490
9765,0.001468,172.217.194.0-255,2902,55982,74,108490
9766,0.001472,172.31.40.0-255,66,56048,74,108490
9767,0.001477,172.217.194.0-255,1484,57532,74,108490
9768,0.001509,172.217.194.0-255,4320,61852,74,108490
9769,0.001512,172.31.40.0-255,66,61918,74,108490
9770,0.001526,172.31.40.0-255,66,61984,74,108490
9771,0.001542,172.31.40.0-255,66,62050,74,108490
9772,0.00173,172.217.194.0-255,1484,63534,74,108490
9773,0.001739,172.217.194.0-255,2902,66436,74,108490
9774,0.001743,172.31.40.0-255,66,66502,74,108490
9775,0.001775,172.217.194.0-255,5738,72240,74,108490
9776,0.001779,172.31.40.0-255,66,72306,74,108490
9777,0.001785,172.217.194.0-255,5738,78044,74,108490
9778,0.001787,172.31.40.0-255,66,78110,74,108490
9779,0.00181,172.217.194.0-255,1484,79594,74,108490
9780,0.00183,172.31.40.0-255,66,79660,74,108490
9781,0.001834,172.217.194.0-255,2184,81844,74,108490
9782,0.001835,172.31.40.0-255,66,81910,74,108490
9783,0.001873,172.217.194.0-255,1484,83394,74,108490
9784,0.001876,172.217.194.0-255,1484,84878,74,108490
9785,0.001879,172.31.40.0-255,66,84944,74,108490
9786,0.001901,172.217.194.0-255,1484,86428,74,108490
9787,0.001907,172.217.194.0-255,5738,92166,74,108490
9788,0.00191,172.31.40.0-255,66,92232,74,108490
9789,0.001944,172.31.40.0-255,66,92298,74,108490
9790,0.001991,172.31.40.0-255,66,92364,74,108490
9791,0.002032,172.31.40.0-255,66,92430,74,108490
9792,0.004304,172.217.194.0-255,4320,96750,74,108490
9793,0.004309,172.31.40.0-255,66,96816,74,108490
9794,0.004326,172.217.194.0-255,1484,98300,74,108490
9795,0.006598,172.217.194.0-255,4320,102620,74,108490
9796,0.006602,172.31.40.0-255,66,102686,74,108490
9797,0.008907,172.217.194.0-255,5738,108424,74,108490
9798,0.008914,172.31.40.0-255,66,108490,74,108490
9799,0.0,172.217.160.0-255,150,150,74,59591
9800,2.3e-05,172.31.40.0-255,66,216,74,59591
9801,3e-05,172.217.160.0-255,1484,1700,74,59591
9802,3.5e-05,172.31.40.0-255,66,1766,74,59591
9803,4.1e-05,172.217.160.0-255,2902,4668,74,59591
9804,4.5e-05,172.31.40.0-255,66,4734,74,59591
9805,5.1e-05,172.217.160.0-255,4320,9054,74,59591
9806,5.4e-05,172.31.40.0-255,66,9120,74,59591
9807,7.7e-05,172.217.160.0-255,4860,13980,74,59591
9808,8.1e-05,172.31.40.0-255,66,14046,74,59591
9809,9.9e-05,172.217.160.0-255,5738,19784,74,59591
9810,0.000102,172.31.40.0-255,66,19850,74,59591
9811,0.000106,172.217.160.0-255,1484,21334,74,59591
9812,0.000108,172.31.40.0-255,66,21400,74,59591
9813,0.000134,172.217.160.0-255,4320,25720,74,59591
9814,0.000136,172.31.40.0-255,66,25786,74,59591
9815,0.000169,172.217.160.0-255,2902,28688,74,59591
9816,0.000172,172.31.40.0-255,66,28754,74,59591
9817,0.000189,172.217.160.0-255,2543,31297,74,59591
9818,0.000191,172.31.40.0-255,66,31363,74,59591
9819,0.000562,172.217.160.0-255,1484,32847,74,59591
9820,0.000567,172.31.40.0-255,66,32913,74,59591
9821,0.000574,172.217.160.0-255,2902,35815,74,59591
9822,0.000576,172.31.40.0-255,66,35881,74,59591
9823,0.000583,172.217.160.0-255,5738,41619,74,59591
9824,0.000585,172.31.40.0-255,66,41685,74,59591
9825,0.000633,172.217.160.0-255,1125,42810,74,59591
9826,0.000635,172.217.160.0-255,333,43143,74,59591
9827,0.000644,172.31.40.0-255,66,43209,74,59591
9828,0.000648,172.31.40.0-255,66,43275,74,59591
9829,0.000651,172.31.40.0-255,66,43341,74,59591
9830,0.000971,172.31.40.0-255,66,43407,74,59591
9831,0.001365,172.217.160.0-255,124,43531,74,59591
9832,0.001493,172.217.160.0-255,1484,45015,74,59591
9833,0.001499,172.31.40.0-255,66,45081,74,59591
9834,0.001507,172.217.160.0-255,2902,47983,74,59591
9835,0.001513,172.217.160.0-255,5738,53721,74,59591
9836,0.007112,172.31.40.0-255,66,53787,74,59591
9837,0.009014,172.217.160.0-255,5738,59525,74,59591
9838,0.009021,172.31.40.0-255,66,59591,74,59591
9839,0.0,172.217.194.0-255,146,146,74,100245
9840,1.6e-05,172.31.40.0-255,66,212,74,100245
9841,2.2e-05,172.217.194.0-255,1484,1696,74,100245
9842,2.6e-05,172.31.40.0-255,66,1762,74,100245
9843,3.9e-05,172.217.194.0-255,2902,4664,74,100245
9844,4.2e-05,172.31.40.0-255,66,4730,74,100245
9845,6e-05,172.217.194.0-255,4320,9050,74,100245
9846,6.2e-05,172.31.40.0-255,66,9116,74,100245
9847,9.5e-05,172.217.194.0-255,2902,12018,74,100245
9848,9.7e-05,172.31.40.0-255,66,12084,74,100245
9849,0.000159,172.217.194.0-255,2029,14113,74,100245
9850,0.000162,172.31.40.0-255,66,14179,74,100245
9851,0.000189,172.217.194.0-255,2902,17081,74,100245
9852,0.000192,172.31.40.0-255,66,17147,74,100245
9853,0.000226,172.31.40.0-255,66,17213,74,100245
9854,0.000362,172.217.194.0-255,5379,22592,74,100245
9855,0.000367,172.31.40.0-255,66,22658,74,100245
9856,0.000444,172.217.194.0-255,4320,26978,74,100245
9857,0.000449,172.31.40.0-255,66,27044,74,100245
9858,0.000514,172.217.194.0-255,5738,32782,74,100245
9859,0.000518,172.31.40.0-255,66,32848,74,100245
9860,0.000557,172.31.40.0-255,66,32914,74,100245
9861,0.000733,172.31.40.0-255,66,32980,74,100245
9862,0.000765,172.31.40.0-255,66,33046,74,100245
9863,0.000924,172.217.194.0-255,361,33407,74,100245
9864,0.000929,172.31.40.0-255,66,33473,74,100245
9865,0.001205,172.217.194.0-255,1484,34957,74,100245
9866,0.001212,172.31.40.0-255,66,35023,74,100245
9867,0.001218,172.217.194.0-255,2902,37925,74,100245
9868,0.00122,172.31.40.0-255,66,37991,74,100245
9869,0.001244,172.217.194.0-255,2902,40893,74,100245
9870,0.001247,172.31.40.0-255,66,40959,74,100245
9871,0.001276,172.217.194.0-255,2902,43861,74,100245
9872,0.001278,172.31.40.0-255,66,43927,74,100245
9873,0.001332,172.217.194.0-255,4320,48247,74,100245
9874,0.001335,172.31.40.0-255,66,48313,74,100245
9875,0.00137,172.31.40.0-255,66,48379,74,100245
9876,0.001535,172.31.40.0-255,66,48445,74,100245
9877,0.001556,172.217.194.0-255,3052,51497,74,100245
9878,0.001559,172.31.40.0-255,66,51563,74,100245
9879,0.001764,172.217.194.0-255,1484,53047,74,100245
9880,0.001768,172.217.194.0-255,1484,54531,74,100245
9881,0.001771,172.31.40.0-255,66,54597,74,100245
9882,0.001782,172.217.194.0-255,1484,56081,74,100245
9883,0.001814,172.217.194.0-255,5738,61819,74,100245
9884,0.001817,172.31.40.0-255,66,61885,74,100245
9885,0.002092,172.217.194.0-255,5738,67623,74,100245
9886,0.002112,172.217.194.0-255,5020,72643,74,100245
9887,0.002247,172.217.194.0-255,1484,74127,74,100245
9888,0.002272,172.217.194.0-255,2902,77029,74,100245
9889,0.002309,172.217.194.0-255,5738,82767,74,100245
9890,0.002402,172.217.194.0-255,2902,85669,74,100245
9891,0.002756,172.217.194.0-255,2902,88571,74,100245
9892,0.003886,172.31.40.0-255,66,88637,74,100245
9893,0.00625,172.217.194.0-255,5738,94375,74,100245
9894,0.006257,172.31.40.0-255,66,94441,74,100245
9895,0.008575,172.217.194.0-255,5738,100179,74,100245
9896,0.008584,172.31.40.0-255,66,100245,74,100245
9897,0.0,74.125.130.0-255,152,152,74,180116
9898,1.5e-05,172.31.40.0-255,66,218,74,180116
9899,2.1e-05,74.125.130.0-255,1484,1702,74,180116
9900,2.5e-05,172.31.40.0-255,66,1768,74,180116
9901,3.1e-05,74.125.130.0-255,2902,4670,74,180116
9902,4e-05,172.31.40.0-255,66,4736,74,180116
9903,4.7e-05,74.125.130.0-255,5738,10474,74,180116
9904,5e-05,172.31.40.0-255,66,10540,74,180116
9905,6.9e-05,74.125.130.0-255,1484,12024,74,180116
9906,7.2e-05,172.31.40.0-255,66,12090,74,180116
9907,8.1e-05,74.125.130.0-255,2066,14156,74,180116
9908,8.3e-05,172.31.40.0-255,66,14222,74,180116
9909,0.000128,74.125.130.0-255,1484,15706,74,180116
9910,0.00013,172.31.40.0-255,66,15772,74,180116
9911,0.00015,74.125.130.0-255,2902,18674,74,180116
9912,0.000153,172.31.40.0-255,66,18740,74,180116
9913,0.000159,74.125.130.0-255,4320,23060,74,180116
9914,0.000161,172.31.40.0-255,66,23126,74,180116
9915,0.000164,74.125.130.0-255,1484,24610,74,180116
9916,0.000166,172.31.40.0-255,66,24676,74,180116
9917,0.000202,74.125.130.0-255,4320,28996,74,180116
9918,0.000205,172.31.40.0-255,66,29062,74,180116
9919,0.000209,74.125.130.0-255,2543,31605,74,180116
9920,0.000211,172.31.40.0-255,66,31671,74,180116
9921,0.000254,74.125.130.0-255,1484,33155,74,180116
9922,0.000256,172.31.40.0-255,66,33221,74,180116
9923,0.000274,74.125.130.0-255,2902,36123,74,180116
9924,0.000276,172.31.40.0-255,66,36189,74,180116
9925,0.00029,74.125.130.0-255,5738,41927,74,180116
9926,0.000293,172.31.40.0-255,66,41993,74,180116
9927,0.0003,74.125.130.0-255,1484,43477,74,180116
9928,0.000303,172.31.40.0-255,66,43543,74,180116
9929,0.000337,74.125.130.0-255,5379,48922,74,180116
9930,0.000402,74.125.130.0-255,1484,50406,74,180116
9931,0.000414,74.125.130.0-255,2902,53308,74,180116
9932,0.000429,74.125.130.0-255,4320,57628,74,180116
9933,0.000438,74.125.130.0-255,1484,59112,74,180116
9934,0.000462,74.125.130.0-255,4320,63432,74,180116
9935,0.000475,74.125.130.0-255,2818,66250,74,180116
9936,0.000478,74.125.130.0-255,434,66684,74,180116
9937,0.000558,172.31.40.0-255,66,66750,74,180116
9938,0.000637,74.125.130.0-255,1484,68234,74,180116
9939,0.000679,74.125.130.0-255,1484,69718,74,180116
9940,0.000686,74.125.130.0-255,2902,72620,74,180116
9941,0.0007,74.125.130.0-255,5738,78358,74,180116
9942,0.000713,74.125.130.0-255,4320,82678,74,180116
9943,0.000721,172.31.40.0-255,66,82744,74,180116
9944,0.000748,74.125.130.0-255,1125,83869,74,180116
9945,0.000786,74.125.130.0-255,1484,85353,74,180116
9946,0.000793,172.31.40.0-255,66,85419,74,180116
9947,0.000811,74.125.130.0-255,4320,89739,74,180116
9948,0.000815,74.125.130.0-255,1484,91223,74,180116
9949,0.000819,74.125.130.0-255,2902,94125,74,180116
9950,0.000843,74.125.130.0-255,5738,99863,74,180116
9951,0.000845,74.125.130.0-255,1125,100988,74,180116
9952,0.000852,172.31.40.0-255,66,101054,74,180116
9953,0.001147,74.125.130.0-255,1484,102538,74,180116
9954,0.001174,74.125.130.0-255,2902,105440,74,180116
9955,0.001177,172.31.40.0-255,66,105506,74,180116
9956,0.001181,74.125.130.0-255,1484,106990,74,180116
9957,0.001185,74.125.130.0-255,2902,109892,74,180116
9958,0.001196,74.125.130.0-255,5738,115630,74,180116
9959,0.001244,172.31.40.0-255,66,115696,74,180116
9960,0.001248,172.31.40.0-255,66,115762,74,180116
9961,0.001263,74.125.130.0-255,2902,118664,74,180116
9962,0.001268,74.125.130.0-255,2902,121566,74,180116
9963,0.001298,74.125.130.0-255,5020,126586,74,180116
9964,0.001302,172.31.40.0-255,66,126652,74,180116
9965,0.001306,172.31.40.0-255,66,126718,74,180116
9966,0.001415,74.125.130.0-255,1484,128202,74,180116
9967,0.001435,74.125.130.0-255,2902,131104,74,180116
9968,0.001438,74.125.130.0-255,1484,132588,74,180116
9969,0.001452,74.125.130.0-255,2902,135490,74,180116
9970,0.001458,172.31.40.0-255,66,135556,74,180116
9971,0.001471,74.125.130.0-255,4320,139876,74,180116
9972,0.001491,74.125.130.0-255,4320,144196,74,180116
9973,0.001501,172.31.40.0-255,66,144262,74,180116
9974,0.00153,74.125.130.0-255,5738,150000,74,180116
9975,0.001553,74.125.130.0-255,766,150766,74,180116
9976,0.001559,172.31.40.0-255,66,150832,74,180116
9977,0.001677,74.125.130.0-255,1484,152316,74,180116
9978,0.001693,74.125.130.0-255,2902,155218,74,180116
9979,0.001695,74.125.130.0-255,1484,156702,74,180116
9980,0.001713,74.125.130.0-255,4320,161022,74,180116
9981,0.001715,74.125.130.0-255,1484,162506,74,180116
9982,0.00172,172.31.40.0-255,66,162572,74,180116
9983,0.001725,172.31.40.0-255,66,162638,74,180116
9984,0.001749,74.125.130.0-255,5738,168376,74,180116
9985,0.001787,172.31.40.0-255,66,168442,74,180116
9986,0.001822,172.31.40.0-255,66,168508,74,180116
9987,0.004152,74.125.130.0-255,5738,174246,74,180116
9988,0.004159,172.31.40.0-255,66,174312,74,180116
9989,0.006491,74.125.130.0-255,5738,180050,74,180116
9990,0.008336,172.31.40.0-255,66,180116,74,180116
9991,0.0,172.217.194.0-255,155,155,74,162570
9992,1.6e-05,172.31.40.0-255,66,221,74,162570
9993,2.2e-05,172.217.194.0-255,1484,1705,74,162570
9994,2.6e-05,172.31.40.0-255,66,1771,74,162570
9995,3.2e-05,172.217.194.0-255,2902,4673,74,162570
9996,3.6e-05,172.31.40.0-255,66,4739,74,162570
9997,4.7e-05,172.31.40.0-255,66,4805,74,162570
9998,7.9e-05,172.217.194.0-255,4871,9676,74,162570
9999,8.2e-05,172.31.40.0-255,66,9742,74,162570
10000,9.5e-05,172.31.40.0-255,66,9808,74,162570
10001,0.000172,172.217.194.0-255,1484,11292,74,162570
10002,0.000175,172.31.40.0-255,66,11358,74,162570
10003,0.000178,172.217.194.0-255,1484,12842,74,162570
10004,0.00018,172.31.40.0-255,66,12908,74,162570
10005,0.0002,172.217.194.0-255,1484,14392,74,162570
10006,0.000202,172.31.40.0-255,66,14458,74,162570
10007,0.000208,172.217.194.0-255,5738,20196,74,162570
10008,0.00021,172.31.40.0-255,66,20262,74,162570
10009,0.000216,172.217.194.0-255,5738,26000,74,162570
10010,0.000218,172.31.40.0-255,66,26066,74,162570
10011,0.000233,172.217.194.0-255,2902,28968,74,162570
10012,0.000235,172.31.40.0-255,66,29034,74,162570
10013,0.000269,172.31.40.0-255,66,29100,74,162570
10014,0.000274,172.217.194.0-255,4218,33318,74,162570
10015,0.000276,172.31.40.0-255,66,33384,74,162570
10016,0.000278,172.217.194.0-255,118,33502,74,162570
10017,0.00028,172.31.40.0-255,66,33568,74,162570
10018,0.00032,172.217.194.0-255,1484,35052,74,162570
10019,0.000323,172.31.40.0-255,66,35118,74,162570
10020,0.000327,172.217.194.0-255,2902,38020,74,162570
10021,0.000329,172.31.40.0-255,66,38086,74,162570
10022,0.000341,172.217.194.0-255,1484,39570,74,162570
10023,0.000369,172.217.194.0-255,5738,45308,74,162570
10024,0.000371,172.31.40.0-255,66,45374,74,162570
10025,0.000377,172.217.194.0-255,5668,51042,74,162570
10026,0.000379,172.31.40.0-255,66,51108,74,162570
10027,0.000402,172.217.194.0-255,1484,52592,74,162570
10028,0.000416,172.217.194.0-255,5738,58330,74,162570
10029,0.000419,172.31.40.0-255,66,58396,74,162570
10030,0.000447,172.31.40.0-255,66,58462,74,162570
10031,0.000449,172.217.194.0-255,1484,59946,74,162570
10032,0.000452,172.217.194.0-255,576,60522,74,162570
10033,0.000454,172.31.40.0-255,66,60588,74,162570
10034,0.000948,172.217.194.0-255,1484,62072,74,162570
10035,0.000954,172.217.194.0-255,2902,64974,74,162570
10036,0.000957,172.31.40.0-255,66,65040,74,162570
10037,0.000963,172.217.194.0-255,4320,69360,74,162570
10038,0.000965,172.31.40.0-255,66,69426,74,162570
10039,0.000977,172.217.194.0-255,1484,70910,74,162570
10040,0.00098,172.217.194.0-255,1484,72394,74,162570
10041,0.000982,172.31.40.0-255,66,72460,74,162570
10042,0.001017,172.31.40.0-255,66,72526,74,162570
10043,0.001031,172.31.40.0-255,66,72592,74,162570
10044,0.001042,172.217.194.0-255,2184,74776,74,162570
10045,0.001043,172.31.40.0-255,66,74842,74,162570
10046,0.001183,172.217.194.0-255,1484,76326,74,162570
10047,0.001188,172.217.194.0-255,2902,79228,74,162570
10048,0.001191,172.31.40.0-255,66,79294,74,162570
10049,0.001212,172.217.194.0-255,5738,85032,74,162570
10050,0.001215,172.31.40.0-255,66,85098,74,162570
10051,0.001219,172.217.194.0-255,2902,88000,74,162570
10052,0.001221,172.31.40.0-255,66,88066,74,162570
10053,0.001249,172.31.40.0-255,66,88132,74,162570
10054,0.001279,172.217.194.0-255,4320,92452,74,162570
10055,0.001282,172.31.40.0-255,66,92518,74,162570
10056,0.001305,172.31.40.0-255,66,92584,74,162570
10057,0.001418,172.217.194.0-255,1484,94068,74,162570
10058,0.001422,172.217.194.0-255,1484,95552,74,162570
10059,0.001425,172.31.40.0-255,66,95618,74,162570
10060,0.001444,172.217.194.0-255,1484,97102,74,162570
10061,0.00145,172.217.194.0-255,5738,102840,74,162570
10062,0.001452,172.31.40.0-255,66,102906,74,162570
10063,0.001467,172.217.194.0-255,1484,104390,74,162570
10064,0.001491,172.31.40.0-255,66,104456,74,162570
10065,0.001536,172.217.194.0-255,5738,110194,74,162570
10066,0.00154,172.31.40.0-255,66,110260,74,162570
10067,0.001567,172.217.194.0-255,5020,115280,74,162570
10068,0.001569,172.31.40.0-255,66,115346,74,162570
10069,0.00158,172.31.40.0-255,66,115412,74,162570
10070,0.001634,172.31.40.0-255,66,115478,74,162570
10071,0.001645,172.31.40.0-255,66,115544,74,162570
10072,0.001676,172.31.40.0-255,66,115610,74,162570
10073,0.001688,172.31.40.0-255,66,115676,74,162570
10074,0.001906,172.217.194.0-255,1484,117160,74,162570
10075,0.001912,172.217.194.0-255,2902,120062,74,162570
10076,0.001915,172.31.40.0-255,66,120128,74,162570
10077,0.001938,172.217.194.0-255,5738,125866,74,162570
10078,0.001941,172.31.40.0-255,66,125932,74,162570
10079,0.001967,172.31.40.0-255,66,125998,74,162570
10080,0.001985,172.217.194.0-255,5738,131736,74,162570
10081,0.001987,172.31.40.0-255,66,131802,74,162570
10082,0.001998,172.31.40.0-255,66,131868,74,162570
10083,0.002023,172.217.194.0-255,4320,136188,74,162570
10084,0.002025,172.31.40.0-255,66,136254,74,162570
10085,0.002031,172.217.194.0-255,5738,141992,74,162570
10086,0.002034,172.31.40.0-255,66,142058,74,162570
10087,0.002054,172.217.194.0-255,2902,144960,74,162570
10088,0.002058,172.31.40.0-255,66,145026,74,162570
10089,0.002085,172.31.40.0-255,66,145092,74,162570
10090,0.002096,172.31.40.0-255,66,145158,74,162570
10091,0.004109,172.217.194.0-255,5738,150896,74,162570
10092,0.004116,172.31.40.0-255,66,150962,74,162570
10093,0.006175,172.217.194.0-255,5738,156700,74,162570
10094,0.006179,172.31.40.0-255,66,156766,74,162570
10095,0.008201,172.217.194.0-255,5738,162504,74,162570
10096,0.008208,172.31.40.0-255,66,162570,74,162570
10097,0.0,172.217.194.0-255,152,152,74,163462
10098,1.1e-05,172.31.40.0-255,66,218,74,163462
10099,1.5e-05,172.217.194.0-255,1484,1702,74,163462
10100,2e-05,172.31.40.0-255,66,1768,74,163462
10101,2.5e-05,172.217.194.0-255,2902,4670,74,163462
10102,2.8e-05,172.31.40.0-255,66,4736,74,163462
10103,4.5e-05,172.31.40.0-255,66,4802,74,163462
10104,0.00012,172.31.40.0-255,66,4868,74,163462
10105,0.000124,172.217.194.0-255,2543,7411,74,163462
10106,0.000127,172.31.40.0-255,66,7477,74,163462
10107,0.000172,172.217.194.0-255,1484,8961,74,163462
10108,0.000175,172.31.40.0-255,66,9027,74,163462
10109,0.000178,172.217.194.0-255,1484,10511,74,163462
10110,0.00018,172.31.40.0-255,66,10577,74,163462
10111,0.000216,172.217.194.0-255,1484,12061,74,163462
10112,0.000224,172.31.40.0-255,66,12127,74,163462
10113,0.00023,172.217.194.0-255,5738,17865,74,163462
10114,0.000233,172.31.40.0-255,66,17931,74,163462
10115,0.000235,172.217.194.0-255,1484,19415,74,163462
10116,0.000238,172.31.40.0-255,66,19481,74,163462
10117,0.00026,172.31.40.0-255,66,19547,74,163462
10118,0.000304,172.31.40.0-255,66,19613,74,163462
10119,0.00031,172.217.194.0-255,4250,23863,74,163462
10120,0.000313,172.31.40.0-255,66,23929,74,163462
10121,0.000438,172.217.194.0-255,99,24028,74,163462
10122,0.000443,172.31.40.0-255,66,24094,74,163462
10123,0.000465,172.217.194.0-255,363,24457,74,163462
10124,0.000472,172.31.40.0-255,66,24523,74,163462
10125,0.000745,172.217.194.0-255,1484,26007,74,163462
10126,0.00075,172.217.194.0-255,1484,27491,74,163462
10127,0.000753,172.31.40.0-255,66,27557,74,163462
10128,0.000795,172.217.194.0-255,1484,29041,74,163462
10129,0.000803,172.217.194.0-255,5738,34779,74,163462
10130,0.000805,172.31.40.0-255,66,34845,74,163462
10131,0.00081,172.217.194.0-255,4320,39165,74,163462
10132,0.000813,172.31.40.0-255,66,39231,74,163462
10133,0.000823,172.31.40.0-255,66,39297,74,163462
10134,0.000843,172.217.194.0-255,4320,43617,74,163462
10135,0.000846,172.31.40.0-255,66,43683,74,163462
10136,0.000856,172.31.40.0-255,66,43749,74,163462
10137,0.001256,172.217.194.0-255,1484,45233,74,163462
10138,0.001261,172.217.194.0-255,1484,46717,74,163462
10139,0.001264,172.31.40.0-255,66,46783,74,163462
10140,0.001294,172.217.194.0-255,1484,48267,74,163462
10141,0.0013,172.217.194.0-255,4320,52587,74,163462
10142,0.001303,172.31.40.0-255,66,52653,74,163462
10143,0.001356,172.217.194.0-255,5738,58391,74,163462
10144,0.001359,172.31.40.0-255,66,58457,74,163462
10145,0.001377,172.31.40.0-255,66,58523,74,163462
10146,0.001387,172.31.40.0-255,66,58589,74,163462
10147,0.001536,172.217.194.0-255,1484,60073,74,163462
10148,0.001541,172.217.194.0-255,1484,61557,74,163462
10149,0.001544,172.31.40.0-255,66,61623,74,163462
10150,0.00158,172.217.194.0-255,1484,63107,74,163462
10151,0.001587,172.217.194.0-255,5738,68845,74,163462
10152,0.001589,172.31.40.0-255,66,68911,74,163462
10153,0.001609,172.31.40.0-255,66,68977,74,163462
10154,0.001619,172.31.40.0-255,66,69043,74,163462
10155,0.001652,172.217.194.0-255,2184,71227,74,163462
10156,0.001656,172.31.40.0-255,66,71293,74,163462
10157,0.001659,172.217.194.0-255,1484,72777,74,163462
10158,0.001664,172.217.194.0-255,2902,75679,74,163462
10159,0.001665,172.31.40.0-255,66,75745,74,163462
10160,0.001668,172.217.194.0-255,1484,77229,74,163462
10161,0.001691,172.217.194.0-255,4320,81549,74,163462
10162,0.001694,172.31.40.0-255,66,81615,74,163462
10163,0.001703,172.31.40.0-255,66,81681,74,163462
10164,0.001733,172.217.194.0-255,4320,86001,74,163462
10165,0.001737,172.31.40.0-255,66,86067,74,163462
10166,0.001754,172.217.194.0-255,5738,91805,74,163462
10167,0.001761,172.31.40.0-255,66,91871,74,163462
10168,0.001807,172.217.194.0-255,5738,97609,74,163462
10169,0.001813,172.31.40.0-255,66,97675,74,163462
10170,0.001817,172.31.40.0-255,66,97741,74,163462
10171,0.001843,172.31.40.0-255,66,97807,74,163462
10172,0.001853,172.31.40.0-255,66,97873,74,163462
10173,0.00186,172.217.194.0-255,5738,103611,74,163462
10174,0.001862,172.31.40.0-255,66,103677,74,163462
10175,0.001911,172.31.40.0-255,66,103743,74,163462
10176,0.001935,172.217.194.0-255,1484,105227,74,163462
10177,0.001939,172.217.194.0-255,2902,108129,74,163462
10178,0.001943,172.31.40.0-255,66,108195,74,163462
10179,0.00197,172.217.194.0-255,5738,113933,74,163462
10180,0.001974,172.31.40.0-255,66,113999,74,163462
10181,0.002052,172.31.40.0-255,66,114065,74,163462
10182,0.002064,172.31.40.0-255,66,114131,74,163462
10183,0.002066,172.217.194.0-255,1484,115615,74,163462
10184,0.002099,172.217.194.0-255,2902,118517,74,163462
10185,0.002103,172.31.40.0-255,66,118583,74,163462
10186,0.002109,172.217.194.0-255,5738,124321,74,163462
10187,0.002112,172.31.40.0-255,66,124387,74,163462
10188,0.002114,172.217.194.0-255,1484,125871,74,163462
10189,0.002119,172.217.194.0-255,2902,128773,74,163462
10190,0.002121,172.31.40.0-255,66,128839,74,163462
10191,0.002127,172.217.194.0-255,5738,134577,74,163462
10192,0.002129,172.31.40.0-255,66,134643,74,163462
10193,0.002176,172.31.40.0-255,66,134709,74,163462
10194,0.002179,172.217.194.0-255,766,135475,74,163462
10195,0.00223,172.31.40.0-255,66,135541,74,163462
10196,0.002237,172.217.194.0-255,5738,141279,74,163462
10197,0.002239,172.31.40.0-255,66,141345,74,163462
10198,0.002287,172.31.40.0-255,66,141411,74,163462
10199,0.002291,172.217.194.0-255,2902,144313,74,163462
10200,0.002294,172.31.40.0-255,66,144379,74,163462
10201,0.002342,172.31.40.0-255,66,144445,74,163462
10202,0.002407,172.31.40.0-255,66,144511,74,163462
10203,0.00241,172.217.194.0-255,1484,145995,74,163462
10204,0.002419,172.31.40.0-255,66,146061,74,163462
10205,0.002453,172.217.194.0-255,3602,149663,74,163462
10206,0.002457,172.31.40.0-255,66,149729,74,163462
10207,0.004764,172.217.194.0-255,1484,151213,74,163462
10208,0.004784,172.217.194.0-255,4320,155533,74,163462
10209,0.004788,172.31.40.0-255,66,155599,74,163462
10210,0.007103,172.217.194.0-255,5738,161337,74,163462
10211,0.00712,172.31.40.0-255,66,161403,74,163462
10212,0.009418,172.217.194.0-255,1993,163396,74,163462
10213,0.009432,172.31.40.0-255,66,163462,74,163462
10214,0.0,172.31.40.0-255,105,105,74,459
10215,0.000229,172.31.40.0-255,90,195,74,459
10216,0.000238,172.31.40.0-255,66,261,74,459
10217,0.00279,74.125.68.0-255,66,327,74,459
10218,0.002818,74.125.68.0-255,66,393,74,459
10219,0.002837,172.31.40.0-255,66,459,74,459
10220,0.0,172.217.194.0-255,143,143,74,65227
10221,2.7e-05,172.31.40.0-255,66,209,74,65227
10222,3.5e-05,172.217.194.0-255,1484,1693,74,65227
10223,4.1e-05,172.31.40.0-255,66,1759,74,65227
10224,4.7e-05,172.217.194.0-255,2902,4661,74,65227
10225,5.7e-05,172.31.40.0-255,66,4727,74,65227
10226,6.8e-05,172.31.40.0-255,66,4793,74,65227
10227,7.3e-05,172.217.194.0-255,2902,7695,74,65227
10228,7.6e-05,172.31.40.0-255,66,7761,74,65227
10229,0.000113,172.217.194.0-255,4820,12581,74,65227
10230,0.000116,172.31.40.0-255,66,12647,74,65227
10231,0.000127,172.31.40.0-255,66,12713,74,65227
10232,0.00015,172.217.194.0-255,2543,15256,74,65227
10233,0.000153,172.31.40.0-255,66,15322,74,65227
10234,0.000519,172.217.194.0-255,1484,16806,74,65227
10235,0.000524,172.31.40.0-255,66,16872,74,65227
10236,0.000531,172.217.194.0-255,2902,19774,74,65227
10237,0.000534,172.31.40.0-255,66,19840,74,65227
10238,0.000544,172.217.194.0-255,4320,24160,74,65227
10239,0.000547,172.31.40.0-255,66,24226,74,65227
10240,0.000553,172.217.194.0-255,5738,29964,74,65227
10241,0.000556,172.31.40.0-255,66,30030,74,65227
10242,0.000628,172.31.40.0-255,66,30096,74,65227
10243,0.000632,172.217.194.0-255,1484,31580,74,65227
10244,0.000634,172.31.40.0-255,66,31646,74,65227
10245,0.000676,172.31.40.0-255,66,31712,74,65227
10246,0.000994,172.217.194.0-255,365,32077,74,65227
10247,0.000998,172.31.40.0-255,66,32143,74,65227
10248,0.00103,172.217.194.0-255,1484,33627,74,65227
10249,0.00104,172.217.194.0-255,1484,35111,74,65227
10250,0.001042,172.31.40.0-255,66,35177,74,65227
10251,0.001066,172.217.194.0-255,2902,38079,74,65227
10252,0.001069,172.31.40.0-255,66,38145,74,65227
10253,0.001077,172.31.40.0-255,66,38211,74,65227
10254,0.001083,172.217.194.0-255,5738,43949,74,65227
10255,0.001088,172.31.40.0-255,66,44015,74,65227
10256,0.001131,172.217.194.0-255,5020,49035,74,65227
10257,0.001136,172.31.40.0-255,66,49101,74,65227
10258,0.001138,172.31.40.0-255,66,49167,74,65227
10259,0.00352,172.217.194.0-255,5738,54905,74,65227
10260,0.003531,172.31.40.0-255,66,54971,74,65227
10261,0.005893,172.217.194.0-255,4320,59291,74,65227
10262,0.005897,172.31.40.0-255,66,59357,74,65227
10263,0.005918,172.217.194.0-255,1484,60841,74,65227
10264,0.00828,172.217.194.0-255,4320,65161,74,65227
10265,0.008287,172.31.40.0-255,66,65227,74,65227
10266,0.0,172.217.194.0-255,153,153,74,125863
10267,3.6e-05,172.31.40.0-255,66,219,74,125863
10268,4.3e-05,172.217.194.0-255,1484,1703,74,125863
10269,4.8e-05,172.31.40.0-255,66,1769,74,125863
10270,5.3e-05,172.217.194.0-255,2902,4671,74,125863
10271,5.6e-05,172.31.40.0-255,66,4737,74,125863
10272,6.7e-05,172.31.40.0-255,66,4803,74,125863
10273,7.2e-05,172.217.194.0-255,4838,9641,74,125863
10274,7.5e-05,172.31.40.0-255,66,9707,74,125863
10275,0.000152,172.31.40.0-255,66,9773,74,125863
10276,0.000258,172.217.194.0-255,1484,11257,74,125863
10277,0.00027,172.31.40.0-255,66,11323,74,125863
10278,0.000275,172.217.194.0-255,2902,14225,74,125863
10279,0.000278,172.31.40.0-255,66,14291,74,125863
10280,0.000284,172.217.194.0-255,5738,20029,74,125863
10281,0.000287,172.31.40.0-255,66,20095,74,125863
10282,0.000301,172.31.40.0-255,66,20161,74,125863
10283,0.000303,172.217.194.0-255,1484,21645,74,125863
10284,0.000306,172.31.40.0-255,66,21711,74,125863
10285,0.000318,172.31.40.0-255,66,21777,74,125863
10286,0.000538,172.217.194.0-255,647,22424,74,125863
10287,0.000542,172.31.40.0-255,66,22490,74,125863
10288,0.000908,172.217.194.0-255,1484,23974,74,125863
10289,0.000914,172.31.40.0-255,66,24040,74,125863
10290,0.000923,172.217.194.0-255,2902,26942,74,125863
10291,0.000926,172.31.40.0-255,66,27008,74,125863
10292,0.000933,172.217.194.0-255,5738,32746,74,125863
10293,0.000935,172.31.40.0-255,66,32812,74,125863
10294,0.000968,172.31.40.0-255,66,32878,74,125863
10295,0.001,172.217.194.0-255,1484,34362,74,125863
10296,0.001014,172.31.40.0-255,66,34428,74,125863
10297,0.001294,172.217.194.0-255,1484,35912,74,125863
10298,0.001301,172.217.194.0-255,2902,38814,74,125863
10299,0.001305,172.31.40.0-255,66,38880,74,125863
10300,0.001313,172.217.194.0-255,5738,44618,74,125863
10301,0.001315,172.31.40.0-255,66,44684,74,125863
10302,0.001321,172.217.194.0-255,4320,49004,74,125863
10303,0.001323,172.31.40.0-255,66,49070,74,125863
10304,0.001344,172.217.194.0-255,4320,53390,74,125863
10305,0.001347,172.31.40.0-255,66,53456,74,125863
10306,0.001394,172.31.40.0-255,66,53522,74,125863
10307,0.001448,172.217.194.0-255,1484,55006,74,125863
10308,0.001452,172.217.194.0-255,2902,57908,74,125863
10309,0.001455,172.31.40.0-255,66,57974,74,125863
10310,0.001471,172.217.194.0-255,5738,63712,74,125863
10311,0.001474,172.31.40.0-255,66,63778,74,125863
10312,0.001491,172.217.194.0-255,4320,68098,74,125863
10313,0.001493,172.31.40.0-255,66,68164,74,125863
10314,0.001517,172.31.40.0-255,66,68230,74,125863
10315,0.001521,172.217.194.0-255,2902,71132,74,125863
10316,0.001523,172.31.40.0-255,66,71198,74,125863
10317,0.001548,172.31.40.0-255,66,71264,74,125863
10318,0.001589,172.31.40.0-255,66,71330,74,125863
10319,0.001598,172.31.40.0-255,66,71396,74,125863
10320,0.001663,172.31.40.0-255,66,71462,74,125863
10321,0.001665,172.217.194.0-255,766,72228,74,125863
10322,0.001677,172.217.194.0-255,4320,76548,74,125863
10323,0.001679,172.31.40.0-255,66,76614,74,125863
10324,0.001692,172.217.194.0-255,1484,78098,74,125863
10325,0.001701,172.31.40.0-255,66,78164,74,125863
10326,0.001739,172.31.40.0-255,66,78230,74,125863
10327,0.001748,172.31.40.0-255,66,78296,74,125863
10328,0.001821,172.217.194.0-255,1484,79780,74,125863
10329,0.001825,172.217.194.0-255,2902,82682,74,125863
10330,0.001827,172.31.40.0-255,66,82748,74,125863
10331,0.001848,172.217.194.0-255,5738,88486,74,125863
10332,0.00185,172.31.40.0-255,66,88552,74,125863
10333,0.001865,172.217.194.0-255,4320,92872,74,125863
10334,0.001867,172.31.40.0-255,66,92938,74,125863
10335,0.001902,172.31.40.0-255,66,93004,74,125863
10336,0.001914,172.31.40.0-255,66,93070,74,125863
10337,0.001942,172.31.40.0-255,66,93136,74,125863
10338,0.001964,172.31.40.0-255,66,93202,74,125863
10339,0.001969,172.217.194.0-255,5020,98222,74,125863
10340,0.001971,172.31.40.0-255,66,98288,74,125863
10341,0.001995,172.217.194.0-255,5738,104026,74,125863
10342,0.001998,172.31.40.0-255,66,104092,74,125863
10343,0.002011,172.217.194.0-255,4320,108412,74,125863
10344,0.002016,172.217.194.0-255,4320,112732,74,125863
10345,0.002045,172.217.194.0-255,4320,117052,74,125863
10346,0.002071,172.217.194.0-255,4320,121372,74,125863
10347,0.002113,172.217.194.0-255,4320,125692,74,125863
10348,0.002207,172.217.194.0-255,105,125797,74,125863
10349,0.009244,172.31.40.0-255,66,125863,74,125863
10350,0.0,172.217.194.0-255,153,153,74,80670
10351,2.3e-05,172.31.40.0-255,66,219,74,80670
10352,3e-05,172.217.194.0-255,1484,1703,74,80670
10353,3.5e-05,172.31.40.0-255,66,1769,74,80670
10354,4.9e-05,172.217.194.0-255,2902,4671,74,80670
10355,5.3e-05,172.31.40.0-255,66,4737,74,80670
10356,5.6e-05,172.217.194.0-255,1484,6221,74,80670
10357,5.9e-05,172.31.40.0-255,66,6287,74,80670
10358,9.6e-05,172.217.194.0-255,5738,12025,74,80670
10359,9.9e-05,172.31.40.0-255,66,12091,74,80670
10360,0.000189,172.217.194.0-255,2108,14199,74,80670
10361,0.000193,172.31.40.0-255,66,14265,74,80670
10362,0.000313,172.217.194.0-255,1484,15749,74,80670
10363,0.000318,172.31.40.0-255,66,15815,74,80670
10364,0.000324,172.217.194.0-255,2902,18717,74,80670
10365,0.000326,172.31.40.0-255,66,18783,74,80670
10366,0.000373,172.217.194.0-255,5738,24521,74,80670
10367,0.000376,172.31.40.0-255,66,24587,74,80670
10368,0.000479,172.217.194.0-255,5738,30325,74,80670
10369,0.000483,172.31.40.0-255,66,30391,74,80670
10370,0.000579,172.217.194.0-255,1125,31516,74,80670
10371,0.000582,172.31.40.0-255,66,31582,74,80670
10372,0.000613,172.217.194.0-255,1484,33066,74,80670
10373,0.000616,172.31.40.0-255,66,33132,74,80670
10374,0.000635,172.217.194.0-255,4320,37452,74,80670
10375,0.000639,172.31.40.0-255,66,37518,74,80670
10376,0.000712,172.217.194.0-255,5738,43256,74,80670
10377,0.000718,172.31.40.0-255,66,43322,74,80670
10378,0.000744,172.217.194.0-255,4320,47642,74,80670
10379,0.000747,172.31.40.0-255,66,47708,74,80670
10380,0.000896,172.217.194.0-255,2902,50610,74,80670
10381,0.000901,172.31.40.0-255,66,50676,74,80670
10382,0.000946,172.31.40.0-255,66,50742,74,80670
10383,0.001212,172.217.194.0-255,100,50842,74,80670
10384,0.001219,172.217.194.0-255,364,51206,74,80670
10385,0.001243,172.217.194.0-255,2902,54108,74,80670
10386,0.001247,172.31.40.0-255,66,54174,74,80670
10387,0.0013,172.31.40.0-255,66,54240,74,80670
10388,0.001443,172.31.40.0-255,66,54306,74,80670
10389,0.00147,172.217.194.0-255,4320,58626,74,80670
10390,0.001472,172.31.40.0-255,66,58692,74,80670
10391,0.001713,172.31.40.0-255,66,58758,74,80670
10392,0.001869,172.217.194.0-255,4320,63078,74,80670
10393,0.001874,172.31.40.0-255,66,63144,74,80670
10394,0.001909,172.217.194.0-255,5738,68882,74,80670
10395,0.001912,172.31.40.0-255,66,68948,74,80670
10396,0.002071,172.31.40.0-255,66,69014,74,80670
10397,0.002448,172.217.194.0-255,1484,70498,74,80670
10398,0.002526,172.217.194.0-255,4302,74800,74,80670
10399,0.00662,172.31.40.0-255,66,74866,74,80670
10400,0.008663,172.217.194.0-255,5738,80604,74,80670
10401,0.00867,172.31.40.0-255,66,80670,74,80670
10402,0.0,74.125.24.0-255,153,153,74,62434
10403,2.1e-05,172.31.40.0-255,66,219,74,62434
10404,2.8e-05,74.125.24.0-255,1484,1703,74,62434
10405,3.2e-05,172.31.40.0-255,66,1769,74,62434
10406,3.8e-05,74.125.24.0-255,2902,4671,74,62434
10407,4.1e-05,172.31.40.0-255,66,4737,74,62434
10408,7.7e-05,172.31.40.0-255,66,4803,74,62434
10409,0.000162,74.125.24.0-255,2074,6877,74,62434
10410,0.000165,172.31.40.0-255,66,6943,74,62434
10411,0.000207,172.31.40.0-255,66,7009,74,62434
10412,0.000228,74.125.24.0-255,4320,11329,74,62434
10413,0.00023,172.31.40.0-255,66,11395,74,62434
10414,0.000378,74.125.24.0-255,5379,16774,74,62434
10415,0.000383,172.31.40.0-255,66,16840,74,62434
10416,0.00044,74.125.24.0-255,5738,22578,74,62434
10417,0.000444,172.31.40.0-255,66,22644,74,62434
10418,0.000535,74.125.24.0-255,2902,25546,74,62434
10419,0.000539,172.31.40.0-255,66,25612,74,62434
10420,0.000567,172.31.40.0-255,66,25678,74,62434
10421,0.000707,172.31.40.0-255,66,25744,74,62434
10422,0.000733,172.31.40.0-255,66,25810,74,62434
10423,0.000956,74.125.24.0-255,4599,30409,74,62434
10424,0.00096,172.31.40.0-255,66,30475,74,62434
10425,0.001016,74.125.24.0-255,2902,33377,74,62434
10426,0.001019,172.31.40.0-255,66,33443,74,62434
10427,0.001038,74.125.24.0-255,2902,36345,74,62434
10428,0.001041,172.31.40.0-255,66,36411,74,62434
10429,0.001108,74.125.24.0-255,2902,39313,74,62434
10430,0.001117,172.31.40.0-255,66,39379,74,62434
10431,0.001158,172.31.40.0-255,66,39445,74,62434
10432,0.001325,74.125.24.0-255,5379,44824,74,62434
10433,0.001334,172.31.40.0-255,66,44890,74,62434
10434,0.001702,172.31.40.0-255,66,44956,74,62434
10435,0.002213,172.31.40.0-255,66,45022,74,62434
10436,0.004524,74.125.24.0-255,5738,50760,74,62434
10437,0.00453,172.31.40.0-255,66,50826,74,62434
10438,0.006831,74.125.24.0-255,5738,56564,74,62434
10439,0.006838,172.31.40.0-255,66,56630,74,62434
10440,0.009129,74.125.24.0-255,5738,62368,74,62434
10441,0.009138,172.31.40.0-255,66,62434,74,62434
10442,0.0,74.125.24.0-255,152,152,74,140341
10443,2.2e-05,172.31.40.0-255,66,218,74,140341
10444,2.9e-05,74.125.24.0-255,1484,1702,74,140341
10445,3.5e-05,172.31.40.0-255,66,1768,74,140341
10446,4e-05,74.125.24.0-255,2902,4670,74,140341
10447,4.3e-05,172.31.40.0-255,66,4736,74,140341
10448,4.9e-05,74.125.24.0-255,4320,9056,74,140341
10449,5.2e-05,172.31.40.0-255,66,9122,74,140341
10450,5.9e-05,74.125.24.0-255,5738,14860,74,140341
10451,6.3e-05,172.31.40.0-255,66,14926,74,140341
10452,8.7e-05,74.125.24.0-255,3446,18372,74,140341
10453,9e-05,172.31.40.0-255,66,18438,74,140341
10454,0.000102,172.31.40.0-255,66,18504,74,140341
10455,0.00012,74.125.24.0-255,1484,19988,74,140341
10456,0.000122,172.31.40.0-255,66,20054,74,140341
10457,0.000156,172.31.40.0-255,66,20120,74,140341
10458,0.000214,172.31.40.0-255,66,20186,74,140341
10459,0.000389,74.125.24.0-255,1484,21670,74,140341
10460,0.000394,172.31.40.0-255,66,21736,74,140341
10461,0.0004,74.125.24.0-255,2902,24638,74,140341
10462,0.000403,172.31.40.0-255,66,24704,74,140341
10463,0.000419,74.125.24.0-255,5738,30442,74,140341
10464,0.000422,172.31.40.0-255,66,30508,74,140341
10465,0.000456,172.31.40.0-255,66,30574,74,140341
10466,0.000503,172.31.40.0-255,66,30640,74,140341
10467,0.000556,74.125.24.0-255,1484,32124,74,140341
10468,0.000559,172.31.40.0-255,66,32190,74,140341
10469,0.000579,74.125.24.0-255,2902,35092,74,140341
10470,0.000593,74.125.24.0-255,4320,39412,74,140341
10471,0.000705,74.125.24.0-255,1484,40896,74,140341
10472,0.000709,74.125.24.0-255,2902,43798,74,140341
10473,0.000711,74.125.24.0-255,1484,45282,74,140341
10474,0.000716,172.31.40.0-255,66,45348,74,140341
10475,0.000729,74.125.24.0-255,4320,49668,74,140341
10476,0.000735,172.31.40.0-255,66,49734,74,140341
10477,0.000781,172.31.40.0-255,66,49800,74,140341
10478,0.000814,172.31.40.0-255,66,49866,74,140341
10479,0.000832,172.31.40.0-255,66,49932,74,140341
10480,0.00087,74.125.24.0-255,2902,52834,74,140341
10481,0.000877,172.31.40.0-255,66,52900,74,140341
10482,0.000913,74.125.24.0-255,3602,56502,74,140341
10483,0.000933,172.31.40.0-255,66,56568,74,140341
10484,0.000968,74.125.24.0-255,1484,58052,74,140341
10485,0.000972,74.125.24.0-255,1484,59536,74,140341
10486,0.000977,172.31.40.0-255,66,59602,74,140341
10487,0.000989,74.125.24.0-255,1484,61086,74,140341
10488,0.000996,74.125.24.0-255,4320,65406,74,140341
10489,0.001006,74.125.24.0-255,1484,66890,74,140341
10490,0.001009,74.125.24.0-255,1484,68374,74,140341
10491,0.001018,172.31.40.0-255,66,68440,74,140341
10492,0.001071,74.125.24.0-255,330,68770,74,140341
10493,0.001076,172.31.40.0-255,66,68836,74,140341
10494,0.001398,74.125.24.0-255,1484,70320,74,140341
10495,0.001404,74.125.24.0-255,2902,73222,74,140341
10496,0.001407,74.125.24.0-255,1484,74706,74,140341
10497,0.001413,172.31.40.0-255,66,74772,74,140341
10498,0.001433,74.125.24.0-255,4320,79092,74,140341
10499,0.001477,74.125.24.0-255,4320,83412,74,140341
10500,0.001484,172.31.40.0-255,66,83478,74,140341
10501,0.00152,74.125.24.0-255,766,84244,74,140341
10502,0.001545,172.31.40.0-255,66,84310,74,140341
10503,0.001654,74.125.24.0-255,1484,85794,74,140341
10504,0.001676,74.125.24.0-255,2902,88696,74,140341
10505,0.001682,74.125.24.0-255,5738,94434,74,140341
10506,0.001699,172.31.40.0-255,66,94500,74,140341
10507,0.00171,74.125.24.0-255,2902,97402,74,140341
10508,0.00173,172.31.40.0-255,66,97468,74,140341
10509,0.001744,74.125.24.0-255,2902,100370,74,140341
10510,0.001755,172.31.40.0-255,66,100436,74,140341
10511,0.001767,74.125.24.0-255,4320,104756,74,140341
10512,0.001782,74.125.24.0-255,3602,108358,74,140341
10513,0.001792,172.31.40.0-255,66,108424,74,140341
10514,0.002132,74.125.24.0-255,1484,109908,74,140341
10515,0.002138,74.125.24.0-255,2902,112810,74,140341
10516,0.002144,172.31.40.0-255,66,112876,74,140341
10517,0.002167,74.125.24.0-255,5738,118614,74,140341
10518,0.002182,172.31.40.0-255,66,118680,74,140341
10519,0.002193,74.125.24.0-255,4320,123000,74,140341
10520,0.002198,172.31.40.0-255,66,123066,74,140341
10521,0.002217,74.125.24.0-255,2902,125968,74,140341
10522,0.002234,172.31.40.0-255,66,126034,74,140341
10523,0.002248,172.31.40.0-255,66,126100,74,140341
10524,0.002281,74.125.24.0-255,4320,130420,74,140341
10525,0.002285,74.125.24.0-255,2902,133322,74,140341
10526,0.002296,172.31.40.0-255,66,133388,74,140341
10527,0.002332,74.125.24.0-255,5738,139126,74,140341
10528,0.002343,172.31.40.0-255,66,139192,74,140341
10529,0.002374,74.125.24.0-255,978,140170,74,140341
10530,0.002378,172.31.40.0-255,66,140236,74,140341
10531,0.002397,74.125.24.0-255,105,140341,74,140341
10532,0.0,172.31.40.0-255,74,74,74,74
10533,0.0,172.217.194.0-255,146,146,74,109681
10534,2.2e-05,172.31.40.0-255,66,212,74,109681
10535,3e-05,172.217.194.0-255,1484,1696,74,109681
10536,3.4e-05,172.31.40.0-255,66,1762,74,109681
10537,4e-05,172.217.194.0-255,2902,4664,74,109681
10538,4.2e-05,172.31.40.0-255,66,4730,74,109681
10539,6.1e-05,172.31.40.0-255,66,4796,74,109681
10540,9.7e-05,172.217.194.0-255,5738,10534,74,109681
10541,0.0001,172.31.40.0-255,66,10600,74,109681
10542,0.000137,172.31.40.0-255,66,10666,74,109681
10543,0.000141,172.217.194.0-255,2543,13209,74,109681
10544,0.000143,172.31.40.0-255,66,13275,74,109681
10545,0.000156,172.31.40.0-255,66,13341,74,109681
10546,0.000187,172.217.194.0-255,5379,18720,74,109681
10547,0.00019,172.31.40.0-255,66,18786,74,109681
10548,0.000386,172.217.194.0-255,1484,20270,74,109681
10549,0.000392,172.31.40.0-255,66,20336,74,109681
10550,0.000397,172.217.194.0-255,2902,23238,74,109681
10551,0.0004,172.31.40.0-255,66,23304,74,109681
10552,0.000411,172.217.194.0-255,5738,29042,74,109681
10553,0.000414,172.31.40.0-255,66,29108,74,109681
10554,0.000444,172.31.40.0-255,66,29174,74,109681
10555,0.000636,172.217.194.0-255,381,29555,74,109681
10556,0.000641,172.31.40.0-255,66,29621,74,109681
10557,0.000782,172.217.194.0-255,1484,31105,74,109681
10558,0.000786,172.31.40.0-255,66,31171,74,109681
10559,0.000792,172.217.194.0-255,2902,34073,74,109681
10560,0.000794,172.31.40.0-255,66,34139,74,109681
10561,0.000798,172.217.194.0-255,2902,37041,74,109681
10562,0.000804,172.31.40.0-255,66,37107,74,109681
10563,0.000828,172.217.194.0-255,2902,40009,74,109681
10564,0.00083,172.31.40.0-255,66,40075,74,109681
10565,0.000861,172.31.40.0-255,66,40141,74,109681
10566,0.000892,172.217.194.0-255,2543,42684,74,109681
10567,0.000894,172.31.40.0-255,66,42750,74,109681
10568,0.000912,172.31.40.0-255,66,42816,74,109681
10569,0.000915,172.217.194.0-255,1125,43941,74,109681
10570,0.001383,172.217.194.0-255,1484,45425,74,109681
10571,0.001387,172.31.40.0-255,66,45491,74,109681
10572,0.001393,172.217.194.0-255,2902,48393,74,109681
10573,0.001395,172.31.40.0-255,66,48459,74,109681
10574,0.001428,172.217.194.0-255,5738,54197,74,109681
10575,0.001431,172.31.40.0-255,66,54263,74,109681
10576,0.001442,172.31.40.0-255,66,54329,74,109681
10577,0.001468,172.217.194.0-255,4320,58649,74,109681
10578,0.001471,172.31.40.0-255,66,58715,74,109681
10579,0.001482,172.31.40.0-255,66,58781,74,109681
10580,0.001484,172.217.194.0-255,766,59547,74,109681
10581,0.001809,172.31.40.0-255,66,59613,74,109681
10582,0.001932,172.217.194.0-255,1484,61097,74,109681
10583,0.00194,172.217.194.0-255,2902,63999,74,109681
10584,0.001944,172.31.40.0-255,66,64065,74,109681
10585,0.001974,172.217.194.0-255,4320,68385,74,109681
10586,0.001976,172.31.40.0-255,66,68451,74,109681
10587,0.001986,172.31.40.0-255,66,68517,74,109681
10588,0.002008,172.217.194.0-255,1484,70001,74,109681
10589,0.002019,172.31.40.0-255,66,70067,74,109681
10590,0.002058,172.31.40.0-255,66,70133,74,109681
10591,0.002259,172.217.194.0-255,1484,71617,74,109681
10592,0.002278,172.217.194.0-255,2902,74519,74,109681
10593,0.002281,172.31.40.0-255,66,74585,74,109681
10594,0.002287,172.217.194.0-255,2902,77487,74,109681
10595,0.002288,172.31.40.0-255,66,77553,74,109681
10596,0.00232,172.217.194.0-255,2902,80455,74,109681
10597,0.002323,172.31.40.0-255,66,80521,74,109681
10598,0.00234,172.31.40.0-255,66,80587,74,109681
10599,0.002351,172.31.40.0-255,66,80653,74,109681
10600,0.002403,172.217.194.0-255,2184,82837,74,109681
10601,0.002406,172.31.40.0-255,66,82903,74,109681
10602,0.002457,172.217.194.0-255,1484,84387,74,109681
10603,0.002461,172.217.194.0-255,1484,85871,74,109681
10604,0.002464,172.31.40.0-255,66,85937,74,109681
10605,0.002476,172.217.194.0-255,1484,87421,74,109681
10606,0.002486,172.217.194.0-255,5738,93159,74,109681
10607,0.002488,172.31.40.0-255,66,93225,74,109681
10608,0.002491,172.217.194.0-255,1484,94709,74,109681
10609,0.00252,172.31.40.0-255,66,94775,74,109681
10610,0.002525,172.217.194.0-255,2902,97677,74,109681
10611,0.002527,172.31.40.0-255,66,97743,74,109681
10612,0.002562,172.31.40.0-255,66,97809,74,109681
10613,0.002595,172.31.40.0-255,66,97875,74,109681
10614,0.002638,172.31.40.0-255,66,97941,74,109681
10615,0.002647,172.31.40.0-255,66,98007,74,109681
10616,0.002663,172.31.40.0-255,66,98073,74,109681
10617,0.00529,172.217.194.0-255,5738,103811,74,109681
10618,0.005314,172.31.40.0-255,66,103877,74,109681
10619,0.007946,172.217.194.0-255,5738,109615,74,109681
10620,0.007967,172.31.40.0-255,66,109681,74,109681
10621,0.0,172.217.194.0-255,153,153,74,122290
10622,2e-05,172.31.40.0-255,66,219,74,122290
10623,2.6e-05,172.217.194.0-255,1484,1703,74,122290
10624,3.1e-05,172.31.40.0-255,66,1769,74,122290
10625,3.7e-05,172.217.194.0-255,2902,4671,74,122290
10626,4e-05,172.31.40.0-255,66,4737,74,122290
10627,5.2e-05,172.31.40.0-255,66,4803,74,122290
10628,7.3e-05,172.217.194.0-255,4970,9773,74,122290
10629,7.6e-05,172.31.40.0-255,66,9839,74,122290
10630,8.3e-05,172.217.194.0-255,5738,15577,74,122290
10631,8.5e-05,172.31.40.0-255,66,15643,74,122290
10632,0.000117,172.31.40.0-255,66,15709,74,122290
10633,0.000146,172.217.194.0-255,5738,21447,74,122290
10634,0.000149,172.31.40.0-255,66,21513,74,122290
10635,0.000162,172.31.40.0-255,66,21579,74,122290
10636,0.000268,172.217.194.0-255,1484,23063,74,122290
10637,0.000271,172.31.40.0-255,66,23129,74,122290
10638,0.000277,172.217.194.0-255,2902,26031,74,122290
10639,0.000279,172.31.40.0-255,66,26097,74,122290
10640,0.000288,172.217.194.0-255,5738,31835,74,122290
10641,0.00029,172.31.40.0-255,66,31901,74,122290
10642,0.000334,172.217.194.0-255,4320,36221,74,122290
10643,0.000337,172.31.40.0-255,66,36287,74,122290
10644,0.000354,172.217.194.0-255,2838,39125,74,122290
10645,0.000357,172.31.40.0-255,66,39191,74,122290
10646,0.000931,172.217.194.0-255,382,39573,74,122290
10647,0.000937,172.31.40.0-255,66,39639,74,122290
10648,0.000954,172.217.194.0-255,1484,41123,74,122290
10649,0.000956,172.31.40.0-255,66,41189,74,122290
10650,0.000973,172.217.194.0-255,4320,45509,74,122290
10651,0.000976,172.31.40.0-255,66,45575,74,122290
10652,0.000979,172.217.194.0-255,1484,47059,74,122290
10653,0.001012,172.217.194.0-255,5738,52797,74,122290
10654,0.001029,172.31.40.0-255,66,52863,74,122290
10655,0.001032,172.31.40.0-255,66,52929,74,122290
10656,0.001053,172.31.40.0-255,66,52995,74,122290
10657,0.001275,172.217.194.0-255,1484,54479,74,122290
10658,0.001282,172.217.194.0-255,2902,57381,74,122290
10659,0.001285,172.31.40.0-255,66,57447,74,122290
10660,0.001292,172.217.194.0-255,5738,63185,74,122290
10661,0.001294,172.31.40.0-255,66,63251,74,122290
10662,0.001298,172.217.194.0-255,1484,64735,74,122290
10663,0.001325,172.31.40.0-255,66,64801,74,122290
10664,0.001362,172.31.40.0-255,66,64867,74,122290
10665,0.001651,172.217.194.0-255,1484,66351,74,122290
10666,0.001658,172.217.194.0-255,2902,69253,74,122290
10667,0.001661,172.31.40.0-255,66,69319,74,122290
10668,0.001691,172.217.194.0-255,1484,70803,74,122290
10669,0.001718,172.217.194.0-255,4320,75123,74,122290
10670,0.001732,172.31.40.0-255,66,75189,74,122290
10671,0.00174,172.31.40.0-255,66,75255,74,122290
10672,0.001769,172.31.40.0-255,66,75321,74,122290
10673,0.00183,172.217.194.0-255,1484,76805,74,122290
10674,0.001846,172.217.194.0-255,2902,79707,74,122290
10675,0.00185,172.31.40.0-255,66,79773,74,122290
10676,0.001855,172.217.194.0-255,2902,82675,74,122290
10677,0.001857,172.31.40.0-255,66,82741,74,122290
10678,0.001873,172.217.194.0-255,2902,85643,74,122290
10679,0.001876,172.31.40.0-255,66,85709,74,122290
10680,0.001888,172.31.40.0-255,66,85775,74,122290
10681,0.0019,172.217.194.0-255,1484,87259,74,122290
10682,0.00191,172.31.40.0-255,66,87325,74,122290
10683,0.001935,172.217.194.0-255,3602,90927,74,122290
10684,0.001938,172.31.40.0-255,66,90993,74,122290
10685,0.001942,172.217.194.0-255,2902,93895,74,122290
10686,0.001944,172.31.40.0-255,66,93961,74,122290
10687,0.001975,172.31.40.0-255,66,94027,74,122290
10688,0.002014,172.31.40.0-255,66,94093,74,122290
10689,0.002024,172.31.40.0-255,66,94159,74,122290
10690,0.002028,172.217.194.0-255,2902,97061,74,122290
10691,0.00203,172.31.40.0-255,66,97127,74,122290
10692,0.002035,172.217.194.0-255,4320,101447,74,122290
10693,0.002038,172.31.40.0-255,66,101513,74,122290
10694,0.002048,172.31.40.0-255,66,101579,74,122290
10695,0.002071,172.217.194.0-255,1484,103063,74,122290
10696,0.00209,172.31.40.0-255,66,103129,74,122290
10697,0.002116,172.217.194.0-255,4320,107449,74,122290
10698,0.002118,172.31.40.0-255,66,107515,74,122290
10699,0.002141,172.31.40.0-255,66,107581,74,122290
10700,0.002153,172.31.40.0-255,66,107647,74,122290
10701,0.002178,172.217.194.0-255,5738,113385,74,122290
10702,0.00218,172.31.40.0-255,66,113451,74,122290
10703,0.002194,172.31.40.0-255,66,113517,74,122290
10704,0.002238,172.217.194.0-255,2902,116419,74,122290
10705,0.00224,172.31.40.0-255,66,116485,74,122290
10706,0.002286,172.31.40.0-255,66,116551,74,122290
10707,0.002346,172.31.40.0-255,66,116617,74,122290
10708,0.002373,172.217.194.0-255,2184,118801,74,122290
10709,0.002406,172.217.194.0-255,3318,122119,74,122290
10710,0.002409,172.217.194.0-255,105,122224,74,122290
10711,0.008148,172.31.40.0-255,66,122290,74,122290
10712,0.0,172.217.194.0-255,146,146,74,90945
10713,2.2e-05,172.31.40.0-255,66,212,74,90945
10714,2.9e-05,172.217.194.0-255,1484,1696,74,90945
10715,3.5e-05,172.31.40.0-255,66,1762,74,90945
10716,4.8e-05,172.217.194.0-255,2902,4664,74,90945
10717,5.2e-05,172.31.40.0-255,66,4730,74,90945
10718,5.6e-05,172.217.194.0-255,2902,7632,74,90945
10719,5.9e-05,172.31.40.0-255,66,7698,74,90945
10720,0.000105,172.31.40.0-255,66,7764,74,90945
10721,0.000175,172.217.194.0-255,1484,9248,74,90945
10722,0.000178,172.31.40.0-255,66,9314,74,90945
10723,0.000184,172.217.194.0-255,2902,12216,74,90945
10724,0.000186,172.31.40.0-255,66,12282,74,90945
10725,0.000197,172.217.194.0-255,4320,16602,74,90945
10726,0.000201,172.31.40.0-255,66,16668,74,90945
10727,0.000222,172.217.194.0-255,1484,18152,74,90945
10728,0.000225,172.31.40.0-255,66,18218,74,90945
10729,0.000228,172.217.194.0-255,1484,19702,74,90945
10730,0.000234,172.31.40.0-255,66,19768,74,90945
10731,0.000256,172.217.194.0-255,5379,25147,74,90945
10732,0.000262,172.31.40.0-255,66,25213,74,90945
10733,0.000266,172.217.194.0-255,1484,26697,74,90945
10734,0.000268,172.31.40.0-255,66,26763,74,90945
10735,0.000305,172.217.194.0-255,2902,29665,74,90945
10736,0.000308,172.31.40.0-255,66,29731,74,90945
10737,0.000315,172.217.194.0-255,5738,35469,74,90945
10738,0.000317,172.31.40.0-255,66,35535,74,90945
10739,0.000351,172.31.40.0-255,66,35601,74,90945
10740,0.001528,172.217.194.0-255,1484,37085,74,90945
10741,0.001536,172.31.40.0-255,66,37151,74,90945
10742,0.001545,172.217.194.0-255,2902,40053,74,90945
10743,0.001547,172.31.40.0-255,66,40119,74,90945
10744,0.00156,172.217.194.0-255,5738,45857,74,90945
10745,0.001562,172.31.40.0-255,66,45923,74,90945
10746,0.001594,172.217.194.0-255,2902,48825,74,90945
10747,0.001597,172.31.40.0-255,66,48891,74,90945
10748,0.001623,172.217.194.0-255,3961,52852,74,90945
10749,0.001626,172.31.40.0-255,66,52918,74,90945
10750,0.001635,172.31.40.0-255,66,52984,74,90945
10751,0.001672,172.31.40.0-255,66,53050,74,90945
10752,0.001709,172.217.194.0-255,1484,54534,74,90945
10753,0.001715,172.217.194.0-255,2902,57436,74,90945
10754,0.001717,172.31.40.0-255,66,57502,74,90945
10755,0.001721,172.217.194.0-255,1484,58986,74,90945
10756,0.001738,172.217.194.0-255,4320,63306,74,90945
10757,0.00174,172.31.40.0-255,66,63372,74,90945
10758,0.001745,172.217.194.0-255,2902,66274,74,90945
10759,0.001747,172.31.40.0-255,66,66340,74,90945
10760,0.001773,172.217.194.0-255,3961,70301,74,90945
10761,0.001779,172.31.40.0-255,66,70367,74,90945
10762,0.002366,172.217.194.0-255,1484,71851,74,90945
10763,0.002373,172.217.194.0-255,2902,74753,74,90945
10764,0.002376,172.31.40.0-255,66,74819,74,90945
10765,0.004114,172.217.194.0-255,1484,76303,74,90945
10766,0.004733,172.217.194.0-255,4320,80623,74,90945
10767,0.004739,172.31.40.0-255,66,80689,74,90945
10768,0.007117,172.217.194.0-255,4320,85009,74,90945
10769,0.007122,172.31.40.0-255,66,85075,74,90945
10770,0.007145,172.217.194.0-255,1484,86559,74,90945
10771,0.009523,172.217.194.0-255,4320,90879,74,90945
10772,0.009531,172.31.40.0-255,66,90945,74,90945
10773,0.0,172.217.194.0-255,153,153,74,147367
10774,2.1e-05,172.31.40.0-255,66,219,74,147367
10775,2.9e-05,172.217.194.0-255,1484,1703,74,147367
10776,3.3e-05,172.31.40.0-255,66,1769,74,147367
10777,3.8e-05,172.217.194.0-255,2902,4671,74,147367
10778,4.2e-05,172.31.40.0-255,66,4737,74,147367
10779,5.9e-05,172.31.40.0-255,66,4803,74,147367
10780,6.4e-05,172.217.194.0-255,2139,6942,74,147367
10781,6.6e-05,172.31.40.0-255,66,7008,74,147367
10782,0.000106,172.217.194.0-255,2902,9910,74,147367
10783,0.000109,172.31.40.0-255,66,9976,74,147367
10784,0.000131,172.31.40.0-255,66,10042,74,147367
10785,0.000163,172.217.194.0-255,1484,11526,74,147367
10786,0.000165,172.31.40.0-255,66,11592,74,147367
10787,0.000189,172.217.194.0-255,5379,16971,74,147367
10788,0.000192,172.31.40.0-255,66,17037,74,147367
10789,0.000229,172.217.194.0-255,1484,18521,74,147367
10790,0.000231,172.31.40.0-255,66,18587,74,147367
10791,0.000257,172.217.194.0-255,2902,21489,74,147367
10792,0.000259,172.31.40.0-255,66,21555,74,147367
10793,0.000265,172.217.194.0-255,5738,27293,74,147367
10794,0.000267,172.31.40.0-255,66,27359,74,147367
10795,0.000273,172.217.194.0-255,5738,33097,74,147367
10796,0.000275,172.31.40.0-255,66,33163,74,147367
10797,0.000295,172.217.194.0-255,1125,34288,74,147367
10798,0.000297,172.31.40.0-255,66,34354,74,147367
10799,0.000455,172.217.194.0-255,1484,35838,74,147367
10800,0.00046,172.31.40.0-255,66,35904,74,147367
10801,0.000472,172.217.194.0-255,2902,38806,74,147367
10802,0.000478,172.31.40.0-255,66,38872,74,147367
10803,0.000481,172.217.194.0-255,1484,40356,74,147367
10804,0.000506,172.217.194.0-255,4320,44676,74,147367
10805,0.000509,172.31.40.0-255,66,44742,74,147367
10806,0.000541,172.31.40.0-255,66,44808,74,147367
10807,0.000585,172.217.194.0-255,368,45176,74,147367
10808,0.000698,172.217.194.0-255,1484,46660,74,147367
10809,0.000702,172.31.40.0-255,66,46726,74,147367
10810,0.00073,172.217.194.0-255,2902,49628,74,147367
10811,0.000737,172.31.40.0-255,66,49694,74,147367
10812,0.000748,172.217.194.0-255,5738,55432,74,147367
10813,0.000753,172.31.40.0-255,66,55498,74,147367
10814,0.000797,172.31.40.0-255,66,55564,74,147367
10815,0.000826,172.217.194.0-255,1484,57048,74,147367
10816,0.000839,172.217.194.0-255,2902,59950,74,147367
10817,0.000842,172.31.40.0-255,66,60016,74,147367
10818,0.000856,172.217.194.0-255,2902,62918,74,147367
10819,0.000858,172.31.40.0-255,66,62984,74,147367
10820,0.000891,172.217.194.0-255,2902,65886,74,147367
10821,0.000894,172.31.40.0-255,66,65952,74,147367
10822,0.000897,172.217.194.0-255,1484,67436,74,147367
10823,0.00096,172.217.194.0-255,5379,72815,74,147367
10824,0.000964,172.31.40.0-255,66,72881,74,147367
10825,0.001425,172.217.194.0-255,1484,74365,74,147367
10826,0.001431,172.217.194.0-255,2902,77267,74,147367
10827,0.001435,172.31.40.0-255,66,77333,74,147367
10828,0.001458,172.217.194.0-255,5738,83071,74,147367
10829,0.001461,172.31.40.0-255,66,83137,74,147367
10830,0.00155,172.31.40.0-255,66,83203,74,147367
10831,0.001558,172.31.40.0-255,66,83269,74,147367
10832,0.001567,172.217.194.0-255,2184,85453,74,147367
10833,0.00157,172.31.40.0-255,66,85519,74,147367
10834,0.001751,172.217.194.0-255,1484,87003,74,147367
10835,0.001757,172.217.194.0-255,2902,89905,74,147367
10836,0.001761,172.31.40.0-255,66,89971,74,147367
10837,0.001773,172.217.194.0-255,1484,91455,74,147367
10838,0.001797,172.217.194.0-255,4320,95775,74,147367
10839,0.0018,172.31.40.0-255,66,95841,74,147367
10840,0.001811,172.31.40.0-255,66,95907,74,147367
10841,0.001835,172.217.194.0-255,4320,100227,74,147367
10842,0.001837,172.31.40.0-255,66,100293,74,147367
10843,0.001853,172.217.194.0-255,5738,106031,74,147367
10844,0.001856,172.31.40.0-255,66,106097,74,147367
10845,0.001898,172.217.194.0-255,5020,111117,74,147367
10846,0.001901,172.31.40.0-255,66,111183,74,147367
10847,0.001928,172.217.194.0-255,1484,112667,74,147367
10848,0.001944,172.217.194.0-255,2902,115569,74,147367
10849,0.001947,172.31.40.0-255,66,115635,74,147367
10850,0.001953,172.217.194.0-255,5738,121373,74,147367
10851,0.001955,172.31.40.0-255,66,121439,74,147367
10852,0.002019,172.31.40.0-255,66,121505,74,147367
10853,0.002028,172.31.40.0-255,66,121571,74,147367
10854,0.002054,172.217.194.0-255,3602,125173,74,147367
10855,0.002056,172.31.40.0-255,66,125239,74,147367
10856,0.002427,172.217.194.0-255,1484,126723,74,147367
10857,0.002449,172.217.194.0-255,2902,129625,74,147367
10858,0.002453,172.31.40.0-255,66,129691,74,147367
10859,0.00246,172.217.194.0-255,4320,134011,74,147367
10860,0.002462,172.31.40.0-255,66,134077,74,147367
10861,0.002466,172.217.194.0-255,1484,135561,74,147367
10862,0.002499,172.31.40.0-255,66,135627,74,147367
10863,0.002537,172.31.40.0-255,66,135693,74,147367
10864,0.005071,172.217.194.0-255,5738,141431,74,147367
10865,0.005078,172.31.40.0-255,66,141497,74,147367
10866,0.007594,172.217.194.0-255,4320,145817,74,147367
10867,0.007599,172.31.40.0-255,66,145883,74,147367
10868,0.007624,172.217.194.0-255,1484,147367,74,147367
10869,0.0,74.125.130.0-255,153,153,74,144615
10870,2.1e-05,172.31.40.0-255,66,219,74,144615
10871,2.9e-05,74.125.130.0-255,1484,1703,74,144615
10872,3.3e-05,172.31.40.0-255,66,1769,74,144615
10873,4e-05,74.125.130.0-255,2902,4671,74,144615
10874,5.1e-05,172.31.40.0-255,66,4737,74,144615
10875,6.2e-05,172.31.40.0-255,66,4803,74,144615
10876,6.8e-05,74.125.130.0-255,3484,8287,74,144615
10877,7.1e-05,172.31.40.0-255,66,8353,74,144615
10878,7.7e-05,74.125.130.0-255,4320,12673,74,144615
10879,8e-05,172.31.40.0-255,66,12739,74,144615
10880,0.000106,74.125.130.0-255,1484,14223,74,144615
10881,0.000109,172.31.40.0-255,66,14289,74,144615
10882,0.000145,172.31.40.0-255,66,14355,74,144615
10883,0.000148,74.125.130.0-255,1125,15480,74,144615
10884,0.000151,172.31.40.0-255,66,15546,74,144615
10885,0.000284,74.125.130.0-255,1484,17030,74,144615
10886,0.00029,172.31.40.0-255,66,17096,74,144615
10887,0.000295,74.125.130.0-255,2902,19998,74,144615
10888,0.000298,172.31.40.0-255,66,20064,74,144615
10889,0.000302,74.125.130.0-255,2902,22966,74,144615
10890,0.000304,172.31.40.0-255,66,23032,74,144615
10891,0.000313,74.125.130.0-255,2902,25934,74,144615
10892,0.000316,172.31.40.0-255,66,26000,74,144615
10893,0.000341,74.125.130.0-255,1484,27484,74,144615
10894,0.000343,172.31.40.0-255,66,27550,74,144615
10895,0.000356,172.31.40.0-255,66,27616,74,144615
10896,0.00036,74.125.130.0-255,2902,30518,74,144615
10897,0.000362,172.31.40.0-255,66,30584,74,144615
10898,0.000395,74.125.130.0-255,5738,36322,74,144615
10899,0.000398,172.31.40.0-255,66,36388,74,144615
10900,0.000427,74.125.130.0-255,3961,40349,74,144615
10901,0.00043,172.31.40.0-255,66,40415,74,144615
10902,0.000907,74.125.130.0-255,646,41061,74,144615
10903,0.001091,172.31.40.0-255,66,41127,74,144615
10904,0.001111,74.125.130.0-255,1484,42611,74,144615
10905,0.001117,74.125.130.0-255,2902,45513,74,144615
10906,0.001119,172.31.40.0-255,66,45579,74,144615
10907,0.001125,74.125.130.0-255,4320,49899,74,144615
10908,0.001127,172.31.40.0-255,66,49965,74,144615
10909,0.001176,172.31.40.0-255,66,50031,74,144615
10910,0.001185,172.31.40.0-255,66,50097,74,144615
10911,0.001193,74.125.130.0-255,5738,55835,74,144615
10912,0.001194,172.31.40.0-255,66,55901,74,144615
10913,0.001223,74.125.130.0-255,2902,58803,74,144615
10914,0.001225,172.31.40.0-255,66,58869,74,144615
10915,0.001229,74.125.130.0-255,766,59635,74,144615
10916,0.001478,172.31.40.0-255,66,59701,74,144615
10917,0.001832,74.125.130.0-255,1484,61185,74,144615
10918,0.001842,74.125.130.0-255,2902,64087,74,144615
10919,0.001846,172.31.40.0-255,66,64153,74,144615
10920,0.001874,74.125.130.0-255,1484,65637,74,144615
10921,0.001879,74.125.130.0-255,2902,68539,74,144615
10922,0.001882,172.31.40.0-255,66,68605,74,144615
10923,0.001887,74.125.130.0-255,2902,71507,74,144615
10924,0.001889,172.31.40.0-255,66,71573,74,144615
10925,0.00191,74.125.130.0-255,2902,74475,74,144615
10926,0.001917,172.31.40.0-255,66,74541,74,144615
10927,0.001932,74.125.130.0-255,5738,80279,74,144615
10928,0.001935,172.31.40.0-255,66,80345,74,144615
10929,0.001952,74.125.130.0-255,4320,84665,74,144615
10930,0.001958,172.31.40.0-255,66,84731,74,144615
10931,0.001981,74.125.130.0-255,4320,89051,74,144615
10932,0.001983,172.31.40.0-255,66,89117,74,144615
10933,0.002009,74.125.130.0-255,5020,94137,74,144615
10934,0.002011,172.31.40.0-255,66,94203,74,144615
10935,0.002131,74.125.130.0-255,1484,95687,74,144615
10936,0.002138,74.125.130.0-255,2902,98589,74,144615
10937,0.002141,172.31.40.0-255,66,98655,74,144615
10938,0.002146,74.125.130.0-255,1484,100139,74,144615
10939,0.002175,74.125.130.0-255,4320,104459,74,144615
10940,0.002178,172.31.40.0-255,66,104525,74,144615
10941,0.002184,74.125.130.0-255,4320,108845,74,144615
10942,0.002186,172.31.40.0-255,66,108911,74,144615
10943,0.002217,172.31.40.0-255,66,108977,74,144615
10944,0.002269,172.31.40.0-255,66,109043,74,144615
10945,0.002297,74.125.130.0-255,2184,111227,74,144615
10946,0.002299,172.31.40.0-255,66,111293,74,144615
10947,0.00231,172.31.40.0-255,66,111359,74,144615
10948,0.002333,74.125.130.0-255,4320,115679,74,144615
10949,0.002363,74.125.130.0-255,3602,119281,74,144615
10950,0.002383,74.125.130.0-255,1484,120765,74,144615
10951,0.002453,74.125.130.0-255,2902,123667,74,144615
10952,0.00246,74.125.130.0-255,5738,129405,74,144615
10953,0.002467,74.125.130.0-255,5738,135143,74,144615
10954,0.002478,74.125.130.0-255,1484,136627,74,144615
10955,0.002534,74.125.130.0-255,1484,138111,74,144615
10956,0.002543,74.125.130.0-255,2902,141013,74,144615
10957,0.00264,74.125.130.0-255,3602,144615,74,144615
10958,0.0,74.125.24.0-255,153,153,74,62242
10959,2.2e-05,172.31.40.0-255,66,219,74,62242
10960,2.9e-05,74.125.24.0-255,1484,1703,74,62242
10961,3.3e-05,172.31.40.0-255,66,1769,74,62242
10962,3.9e-05,74.125.24.0-255,2902,4671,74,62242
10963,4.2e-05,172.31.40.0-255,66,4737,74,62242
10964,5.1e-05,172.31.40.0-255,66,4803,74,62242
10965,5.4e-05,74.125.24.0-255,1940,6743,74,62242
10966,5.7e-05,172.31.40.0-255,66,6809,74,62242
10967,0.000132,74.125.24.0-255,1484,8293,74,62242
10968,0.000137,172.31.40.0-255,66,8359,74,62242
10969,0.000146,74.125.24.0-255,2902,11261,74,62242
10970,0.000148,172.31.40.0-255,66,11327,74,62242
10971,0.000153,74.125.24.0-255,2902,14229,74,62242
10972,0.000155,172.31.40.0-255,66,14295,74,62242
10973,0.00017,74.125.24.0-255,2902,17197,74,62242
10974,0.000172,172.31.40.0-255,66,17263,74,62242
10975,0.000176,74.125.24.0-255,2902,20165,74,62242
10976,0.000178,172.31.40.0-255,66,20231,74,62242
10977,0.000207,74.125.24.0-255,3961,24192,74,62242
10978,0.00021,172.31.40.0-255,66,24258,74,62242
10979,0.000631,74.125.24.0-255,1484,25742,74,62242
10980,0.000636,172.31.40.0-255,66,25808,74,62242
10981,0.000644,74.125.24.0-255,2902,28710,74,62242
10982,0.000646,172.31.40.0-255,66,28776,74,62242
10983,0.00066,74.125.24.0-255,4320,33096,74,62242
10984,0.000662,172.31.40.0-255,66,33162,74,62242
10985,0.000673,74.125.24.0-255,1484,34646,74,62242
10986,0.000675,172.31.40.0-255,66,34712,74,62242
10987,0.000679,74.125.24.0-255,2902,37614,74,62242
10988,0.000681,172.31.40.0-255,66,37680,74,62242
10989,0.000696,74.125.24.0-255,3961,41641,74,62242
10990,0.00073,74.125.24.0-255,2902,44543,74,62242
10991,0.000736,74.125.24.0-255,4320,48863,74,62242
10992,0.000771,74.125.24.0-255,1125,49988,74,62242
10993,0.001645,74.125.24.0-255,646,50634,74,62242
10994,0.005678,172.31.40.0-255,66,50700,74,62242
10995,0.007696,74.125.24.0-255,5738,56438,74,62242
10996,0.007708,172.31.40.0-255,66,56504,74,62242
10997,0.009712,74.125.24.0-255,5738,62242,74,62242
10998,0.0,172.217.194.0-255,153,153,74,241830
10999,1.4e-05,172.31.40.0-255,66,219,74,241830
11000,2e-05,172.217.194.0-255,1484,1703,74,241830
11001,2.4e-05,172.31.40.0-255,66,1769,74,241830
11002,2.8e-05,172.217.194.0-255,2902,4671,74,241830
11003,3.1e-05,172.31.40.0-255,66,4737,74,241830
11004,6.8e-05,172.31.40.0-255,66,4803,74,241830
11005,7.3e-05,172.217.194.0-255,4320,9123,74,241830
11006,7.5e-05,172.31.40.0-255,66,9189,74,241830
11007,9.3e-05,172.217.194.0-255,3359,12548,74,241830
11008,9.5e-05,172.31.40.0-255,66,12614,74,241830
11009,9.7e-05,172.217.194.0-255,1484,14098,74,241830
11010,9.9e-05,172.31.40.0-255,66,14164,74,241830
11011,0.000135,172.31.40.0-255,66,14230,74,241830
11012,0.000245,172.217.194.0-255,1484,15714,74,241830
11013,0.000248,172.31.40.0-255,66,15780,74,241830
11014,0.000274,172.217.194.0-255,2902,18682,74,241830
11015,0.000277,172.31.40.0-255,66,18748,74,241830
11016,0.000282,172.217.194.0-255,5738,24486,74,241830
11017,0.000284,172.31.40.0-255,66,24552,74,241830
11018,0.000289,172.217.194.0-255,5738,30290,74,241830
11019,0.000292,172.31.40.0-255,66,30356,74,241830
11020,0.000314,172.31.40.0-255,66,30422,74,241830
11021,0.000322,172.31.40.0-255,66,30488,74,241830
11022,0.000364,172.217.194.0-255,3913,34401,74,241830
11023,0.000366,172.31.40.0-255,66,34467,74,241830
11024,0.000392,172.217.194.0-255,367,34834,74,241830
11025,0.000394,172.31.40.0-255,66,34900,74,241830
11026,0.000571,172.217.194.0-255,1484,36384,74,241830
11027,0.000587,172.217.194.0-255,2902,39286,74,241830
11028,0.000591,172.31.40.0-255,66,39352,74,241830
11029,0.000594,172.217.194.0-255,1484,40836,74,241830
11030,0.000613,172.217.194.0-255,4320,45156,74,241830
11031,0.000615,172.31.40.0-255,66,45222,74,241830
11032,0.00062,172.217.194.0-255,5738,50960,74,241830
11033,0.000622,172.31.40.0-255,66,51026,74,241830
11034,0.000643,172.217.194.0-255,4320,55346,74,241830
11035,0.000649,172.31.40.0-255,66,55412,74,241830
11036,0.000667,172.31.40.0-255,66,55478,74,241830
11037,0.000672,172.217.194.0-255,4470,59948,74,241830
11038,0.000674,172.31.40.0-255,66,60014,74,241830
11039,0.000705,172.217.194.0-255,1484,61498,74,241830
11040,0.000724,172.217.194.0-255,1484,62982,74,241830
11041,0.000727,172.31.40.0-255,66,63048,74,241830
11042,0.00074,172.217.194.0-255,1484,64532,74,241830
11043,0.000744,172.217.194.0-255,2902,67434,74,241830
11044,0.000746,172.31.40.0-255,66,67500,74,241830
11045,0.00077,172.217.194.0-255,2902,70402,74,241830
11046,0.000773,172.31.40.0-255,66,70468,74,241830
11047,0.000778,172.217.194.0-255,4320,74788,74,241830
11048,0.00078,172.31.40.0-255,66,74854,74,241830
11049,0.000784,172.217.194.0-255,5738,80592,74,241830
11050,0.000787,172.31.40.0-255,66,80658,74,241830
11051,0.000789,172.217.194.0-255,1484,82142,74,241830
11052,0.000813,172.31.40.0-255,66,82208,74,241830
11053,0.000821,172.217.194.0-255,2184,84392,74,241830
11054,0.000822,172.31.40.0-255,66,84458,74,241830
11055,0.0009,172.217.194.0-255,1484,85942,74,241830
11056,0.000919,172.217.194.0-255,2902,88844,74,241830
11057,0.000922,172.31.40.0-255,66,88910,74,241830
11058,0.000925,172.217.194.0-255,1484,90394,74,241830
11059,0.000945,172.217.194.0-255,4320,94714,74,241830
11060,0.000947,172.31.40.0-255,66,94780,74,241830
11061,0.00097,172.217.194.0-255,4320,99100,74,241830
11062,0.000972,172.31.40.0-255,66,99166,74,241830
11063,0.001007,172.31.40.0-255,66,99232,74,241830
11064,0.001012,172.217.194.0-255,5738,104970,74,241830
11065,0.001014,172.31.40.0-255,66,105036,74,241830
11066,0.001039,172.217.194.0-255,2902,107938,74,241830
11067,0.001042,172.31.40.0-255,66,108004,74,241830
11068,0.001057,172.217.194.0-255,2184,110188,74,241830
11069,0.001059,172.31.40.0-255,66,110254,74,241830
11070,0.001145,172.217.194.0-255,1484,111738,74,241830
11071,0.001159,172.217.194.0-255,2902,114640,74,241830
11072,0.001162,172.31.40.0-255,66,114706,74,241830
11073,0.001165,172.217.194.0-255,1484,116190,74,241830
11074,0.001179,172.217.194.0-255,2902,119092,74,241830
11075,0.001181,172.31.40.0-255,66,119158,74,241830
11076,0.001187,172.217.194.0-255,5738,124896,74,241830
11077,0.001188,172.31.40.0-255,66,124962,74,241830
11078,0.001229,172.31.40.0-255,66,125028,74,241830
11079,0.001233,172.217.194.0-255,4320,129348,74,241830
11080,0.001235,172.31.40.0-255,66,129414,74,241830
11081,0.001247,172.217.194.0-255,1484,130898,74,241830
11082,0.001288,172.217.194.0-255,2184,133082,74,241830
11083,0.001291,172.31.40.0-255,66,133148,74,241830
11084,0.001317,172.217.194.0-255,2902,136050,74,241830
11085,0.001319,172.31.40.0-255,66,136116,74,241830
11086,0.001341,172.217.194.0-255,5738,141854,74,241830
11087,0.001343,172.31.40.0-255,66,141920,74,241830
11088,0.001371,172.217.194.0-255,5738,147658,74,241830
11089,0.001374,172.31.40.0-255,66,147724,74,241830
11090,0.001391,172.217.194.0-255,4355,152079,74,241830
11091,0.001394,172.31.40.0-255,66,152145,74,241830
11092,0.001399,172.217.194.0-255,5738,157883,74,241830
11093,0.001401,172.31.40.0-255,66,157949,74,241830
11094,0.001422,172.217.194.0-255,4320,162269,74,241830
11095,0.001425,172.31.40.0-255,66,162335,74,241830
11096,0.001441,172.217.194.0-255,2902,165237,74,241830
11097,0.001443,172.31.40.0-255,66,165303,74,241830
11098,0.001446,172.217.194.0-255,2902,168205,74,241830
11099,0.001448,172.31.40.0-255,66,168271,74,241830
11100,0.001468,172.217.194.0-255,4320,172591,74,241830
11101,0.001471,172.31.40.0-255,66,172657,74,241830
11102,0.001492,172.31.40.0-255,66,172723,74,241830
11103,0.0015,172.217.194.0-255,3602,176325,74,241830
11104,0.001503,172.31.40.0-255,66,176391,74,241830
11105,0.001562,172.31.40.0-255,66,176457,74,241830
11106,0.001598,172.31.40.0-255,66,176523,74,241830
11107,0.0016,172.217.194.0-255,1484,178007,74,241830
11108,0.001627,172.31.40.0-255,66,178073,74,241830
11109,0.00163,172.217.194.0-255,1125,179198,74,241830
11110,0.001828,172.217.194.0-255,1484,180682,74,241830
11111,0.001831,172.217.194.0-255,1484,182166,74,241830
11112,0.001835,172.31.40.0-255,66,182232,74,241830
11113,0.001843,172.217.194.0-255,1484,183716,74,241830
11114,0.001845,172.31.40.0-255,66,183782,74,241830
11115,0.001849,172.217.194.0-255,2902,186684,74,241830
11116,0.001851,172.31.40.0-255,66,186750,74,241830
11117,0.001865,172.217.194.0-255,2902,189652,74,241830
11118,0.001867,172.31.40.0-255,66,189718,74,241830
11119,0.001905,172.31.40.0-255,66,189784,74,241830
11120,0.001907,172.217.194.0-255,1484,191268,74,241830
11121,0.001932,172.31.40.0-255,66,191334,74,241830
11122,0.002124,172.217.194.0-255,1484,192818,74,241830
11123,0.002129,172.217.194.0-255,2902,195720,74,241830
11124,0.002132,172.31.40.0-255,66,195786,74,241830
11125,0.002152,172.217.194.0-255,5738,201524,74,241830
11126,0.002155,172.31.40.0-255,66,201590,74,241830
11127,0.002159,172.217.194.0-255,2902,204492,74,241830
11128,0.00216,172.31.40.0-255,66,204558,74,241830
11129,0.002186,172.217.194.0-255,4320,208878,74,241830
11130,0.002189,172.31.40.0-255,66,208944,74,241830
11131,0.002218,172.31.40.0-255,66,209010,74,241830
11132,0.002248,172.217.194.0-255,2902,211912,74,241830
11133,0.002251,172.31.40.0-255,66,211978,74,241830
11134,0.002269,172.217.194.0-255,5020,216998,74,241830
11135,0.002271,172.31.40.0-255,66,217064,74,241830
11136,0.002296,172.217.194.0-255,4320,221384,74,241830
11137,0.002299,172.31.40.0-255,66,221450,74,241830
11138,0.00231,172.217.194.0-255,2902,224352,74,241830
11139,0.002312,172.31.40.0-255,66,224418,74,241830
11140,0.004611,172.217.194.0-255,5738,230156,74,241830
11141,0.004619,172.31.40.0-255,66,230222,74,241830
11142,0.006926,172.217.194.0-255,5738,235960,74,241830
11143,0.006942,172.31.40.0-255,66,236026,74,241830
11144,0.009237,172.217.194.0-255,5738,241764,74,241830
11145,0.009251,172.31.40.0-255,66,241830,74,241830
11146,0.0,74.125.24.0-255,152,152,74,158625
11147,1.6e-05,172.31.40.0-255,66,218,74,158625
11148,2.3e-05,74.125.24.0-255,1484,1702,74,158625
11149,2.7e-05,172.31.40.0-255,66,1768,74,158625
11150,3.2e-05,74.125.24.0-255,2902,4670,74,158625
11151,3.5e-05,172.31.40.0-255,66,4736,74,158625
11152,5.4e-05,172.31.40.0-255,66,4802,74,158625
11153,5.8e-05,74.125.24.0-255,1939,6741,74,158625
11154,6.1e-05,172.31.40.0-255,66,6807,74,158625
11155,0.000151,74.125.24.0-255,1484,8291,74,158625
11156,0.000155,172.31.40.0-255,66,8357,74,158625
11157,0.00016,74.125.24.0-255,2902,11259,74,158625
11158,0.000162,172.31.40.0-255,66,11325,74,158625
11159,0.00019,74.125.24.0-255,5738,17063,74,158625
11160,0.000192,172.31.40.0-255,66,17129,74,158625
11161,0.000198,74.125.24.0-255,5738,22867,74,158625
11162,0.0002,172.31.40.0-255,66,22933,74,158625
11163,0.000231,74.125.24.0-255,1125,24058,74,158625
11164,0.000233,172.31.40.0-255,66,24124,74,158625
11165,0.000236,74.125.24.0-255,1484,25608,74,158625
11166,0.000238,172.31.40.0-255,66,25674,74,158625
11167,0.000294,74.125.24.0-255,4320,29994,74,158625
11168,0.000297,172.31.40.0-255,66,30060,74,158625
11169,0.000314,172.31.40.0-255,66,30126,74,158625
11170,0.000317,74.125.24.0-255,1125,31251,74,158625
11171,0.000319,172.31.40.0-255,66,31317,74,158625
11172,0.000408,74.125.24.0-255,1484,32801,74,158625
11173,0.000412,172.31.40.0-255,66,32867,74,158625
11174,0.000417,74.125.24.0-255,2902,35769,74,158625
11175,0.000419,172.31.40.0-255,66,35835,74,158625
11176,0.000426,74.125.24.0-255,5738,41573,74,158625
11177,0.000433,172.31.40.0-255,66,41639,74,158625
11178,0.000436,74.125.24.0-255,1484,43123,74,158625
11179,0.000471,74.125.24.0-255,5716,48839,74,158625
11180,0.000474,172.31.40.0-255,66,48905,74,158625
11181,0.000477,74.125.24.0-255,109,49014,74,158625
11182,0.000625,74.125.24.0-255,330,49344,74,158625
11183,0.000858,74.125.24.0-255,1484,50828,74,158625
11184,0.000863,172.31.40.0-255,66,50894,74,158625
11185,0.000869,74.125.24.0-255,2902,53796,74,158625
11186,0.000872,172.31.40.0-255,66,53862,74,158625
11187,0.000883,74.125.24.0-255,5738,59600,74,158625
11188,0.000885,172.31.40.0-255,66,59666,74,158625
11189,0.000926,172.31.40.0-255,66,59732,74,158625
11190,0.000931,74.125.24.0-255,2902,62634,74,158625
11191,0.000933,172.31.40.0-255,66,62700,74,158625
11192,0.000957,74.125.24.0-255,4320,67020,74,158625
11193,0.00096,172.31.40.0-255,66,67086,74,158625
11194,0.000971,172.31.40.0-255,66,67152,74,158625
11195,0.000993,74.125.24.0-255,1125,68277,74,158625
11196,0.00113,74.125.24.0-255,1484,69761,74,158625
11197,0.001134,172.31.40.0-255,66,69827,74,158625
11198,0.001139,74.125.24.0-255,2902,72729,74,158625
11199,0.001141,172.31.40.0-255,66,72795,74,158625
11200,0.001148,74.125.24.0-255,5738,78533,74,158625
11201,0.00115,172.31.40.0-255,66,78599,74,158625
11202,0.00116,74.125.24.0-255,4320,82919,74,158625
11203,0.001163,172.31.40.0-255,66,82985,74,158625
11204,0.001193,172.31.40.0-255,66,83051,74,158625
11205,0.001217,74.125.24.0-255,4320,87371,74,158625
11206,0.001222,74.125.24.0-255,4320,91691,74,158625
11207,0.001226,172.31.40.0-255,66,91757,74,158625
11208,0.001229,172.31.40.0-255,66,91823,74,158625
11209,0.001249,74.125.24.0-255,3602,95425,74,158625
11210,0.001252,172.31.40.0-255,66,95491,74,158625
11211,0.001255,74.125.24.0-255,1484,96975,74,158625
11212,0.001259,74.125.24.0-255,2902,99877,74,158625
11213,0.001261,172.31.40.0-255,66,99943,74,158625
11214,0.001272,74.125.24.0-255,5738,105681,74,158625
11215,0.001275,172.31.40.0-255,66,105747,74,158625
11216,0.001286,74.125.24.0-255,1484,107231,74,158625
11217,0.001323,172.31.40.0-255,66,107297,74,158625
11218,0.001333,172.31.40.0-255,66,107363,74,158625
11219,0.001358,74.125.24.0-255,2184,109547,74,158625
11220,0.001367,172.31.40.0-255,66,109613,74,158625
11221,0.001447,74.125.24.0-255,1484,111097,74,158625
11222,0.001453,74.125.24.0-255,2902,113999,74,158625
11223,0.001457,172.31.40.0-255,66,114065,74,158625
11224,0.001463,74.125.24.0-255,5738,119803,74,158625
11225,0.001466,172.31.40.0-255,66,119869,74,158625
11226,0.001503,172.31.40.0-255,66,119935,74,158625
11227,0.001509,74.125.24.0-255,5738,125673,74,158625
11228,0.001512,172.31.40.0-255,66,125739,74,158625
11229,0.001546,74.125.24.0-255,5020,130759,74,158625
11230,0.001549,172.31.40.0-255,66,130825,74,158625
11231,0.001898,74.125.24.0-255,1484,132309,74,158625
11232,0.001904,74.125.24.0-255,2902,135211,74,158625
11233,0.001908,172.31.40.0-255,66,135277,74,158625
11234,0.001915,74.125.24.0-255,5738,141015,74,158625
11235,0.001917,172.31.40.0-255,66,141081,74,158625
11236,0.001961,172.31.40.0-255,66,141147,74,158625
11237,0.001974,172.31.40.0-255,66,141213,74,158625
11238,0.004288,74.125.24.0-255,5738,146951,74,158625
11239,0.004297,172.31.40.0-255,66,147017,74,158625
11240,0.006615,74.125.24.0-255,5738,152755,74,158625
11241,0.006628,172.31.40.0-255,66,152821,74,158625
11242,0.008904,74.125.24.0-255,5738,158559,74,158625
11243,0.00891,172.31.40.0-255,66,158625,74,158625
11244,0.0,74.125.24.0-255,152,152,74,68624
11245,3.8e-05,172.31.40.0-255,66,218,74,68624
11246,4.6e-05,74.125.24.0-255,1484,1702,74,68624
11247,5e-05,172.31.40.0-255,66,1768,74,68624
11248,5.5e-05,74.125.24.0-255,2902,4670,74,68624
11249,6.7e-05,172.31.40.0-255,66,4736,74,68624
11250,7.2e-05,74.125.24.0-255,2902,7638,74,68624
11251,7.5e-05,172.31.40.0-255,66,7704,74,68624
11252,8.5e-05,172.31.40.0-255,66,7770,74,68624
11253,0.00015,172.31.40.0-255,66,7836,74,68624
11254,0.000153,74.125.24.0-255,1484,9320,74,68624
11255,0.000155,172.31.40.0-255,66,9386,74,68624
11256,0.000159,74.125.24.0-255,2902,12288,74,68624
11257,0.000161,172.31.40.0-255,66,12354,74,68624
11258,0.000176,74.125.24.0-255,5738,18092,74,68624
11259,0.000179,172.31.40.0-255,66,18158,74,68624
11260,0.000197,172.31.40.0-255,66,18224,74,68624
11261,0.000206,172.31.40.0-255,66,18290,74,68624
11262,0.000238,74.125.24.0-255,3898,22188,74,68624
11263,0.00024,172.31.40.0-255,66,22254,74,68624
11264,0.000381,74.125.24.0-255,133,22387,74,68624
11265,0.000385,172.31.40.0-255,66,22453,74,68624
11266,0.000515,74.125.24.0-255,1484,23937,74,68624
11267,0.000519,172.31.40.0-255,66,24003,74,68624
11268,0.000525,74.125.24.0-255,2902,26905,74,68624
11269,0.000527,172.31.40.0-255,66,26971,74,68624
11270,0.00054,74.125.24.0-255,4320,31291,74,68624
11271,0.000543,172.31.40.0-255,66,31357,74,68624
11272,0.000568,74.125.24.0-255,1484,32841,74,68624
11273,0.00058,172.31.40.0-255,66,32907,74,68624
11274,0.000601,74.125.24.0-255,2184,35091,74,68624
11275,0.000603,172.31.40.0-255,66,35157,74,68624
11276,0.000607,172.31.40.0-255,66,35223,74,68624
11277,0.000639,74.125.24.0-255,2902,38125,74,68624
11278,0.000644,172.31.40.0-255,66,38191,74,68624
11279,0.000654,172.31.40.0-255,66,38257,74,68624
11280,0.000671,172.31.40.0-255,66,38323,74,68624
11281,0.0007,74.125.24.0-255,1484,39807,74,68624
11282,0.000741,172.31.40.0-255,66,39873,74,68624
11283,0.000762,172.31.40.0-255,66,39939,74,68624
11284,0.000772,172.31.40.0-255,66,40005,74,68624
11285,0.000805,74.125.24.0-255,5738,45743,74,68624
11286,0.000809,172.31.40.0-255,66,45809,74,68624
11287,0.000815,74.125.24.0-255,5020,50829,74,68624
11288,0.000817,172.31.40.0-255,66,50895,74,68624
11289,0.001647,74.125.24.0-255,1484,52379,74,68624
11290,0.001671,74.125.24.0-255,2902,55281,74,68624
11291,0.001675,172.31.40.0-255,66,55347,74,68624
11292,0.001707,74.125.24.0-255,5738,61085,74,68624
11293,0.00171,172.31.40.0-255,66,61151,74,68624
11294,0.001723,172.31.40.0-255,66,61217,74,68624
11295,0.001774,172.31.40.0-255,66,61283,74,68624
11296,0.00178,172.31.40.0-255,66,61349,74,68624
11297,0.001831,172.31.40.0-255,66,61415,74,68624
11298,0.001853,74.125.24.0-255,1484,62899,74,68624
11299,0.001877,172.31.40.0-255,66,62965,74,68624
11300,0.001889,172.31.40.0-255,66,63031,74,68624
11301,0.001948,172.31.40.0-255,66,63097,74,68624
11302,0.001961,172.31.40.0-255,66,63163,74,68624
11303,0.001978,172.31.40.0-255,66,63229,74,68624
11304,0.001994,172.31.40.0-255,66,63295,74,68624
11305,0.002006,172.31.40.0-255,66,63361,74,68624
11306,0.002045,172.31.40.0-255,66,63427,74,68624
11307,0.002066,172.31.40.0-255,66,63493,74,68624
11308,0.002098,74.125.24.0-255,3602,67095,74,68624
11309,0.002101,172.31.40.0-255,66,67161,74,68624
11310,0.002124,172.31.40.0-255,66,67227,74,68624
11311,0.002135,172.31.40.0-255,66,67293,74,68624
11312,0.002152,172.31.40.0-255,66,67359,74,68624
11313,0.002195,172.31.40.0-255,66,67425,74,68624
11314,0.002221,74.125.24.0-255,923,68348,74,68624
11315,0.002224,74.125.24.0-255,105,68453,74,68624
11316,0.007807,172.31.40.0-255,66,68519,74,68624
11317,0.007835,172.31.40.0-255,105,68624,74,68624
11318,0.0,172.31.40.0-255,105,105,74,459
11319,0.000232,172.31.40.0-255,90,195,74,459
11320,0.00024,172.31.40.0-255,66,261,74,459
11321,0.002747,74.125.68.0-255,66,327,74,459
11322,0.002774,74.125.68.0-255,66,393,74,459
11323,0.002806,172.31.40.0-255,66,459,74,459
11324,0.0,74.125.200.0-255,291,291,74,235860
11325,2.3e-05,172.31.40.0-255,66,357,74,235860
11326,3e-05,74.125.200.0-255,1484,1841,74,235860
11327,3.5e-05,172.31.40.0-255,66,1907,74,235860
11328,3.8e-05,74.125.200.0-255,1484,3391,74,235860
11329,4.1e-05,172.31.40.0-255,66,3457,74,235860
11330,7.2e-05,74.125.200.0-255,1484,4941,74,235860
11331,7.5e-05,172.31.40.0-255,66,5007,74,235860
11332,8.2e-05,74.125.200.0-255,5738,10745,74,235860
11333,8.5e-05,172.31.40.0-255,66,10811,74,235860
11334,0.000105,74.125.200.0-255,6084,16895,74,235860
11335,0.000107,172.31.40.0-255,66,16961,74,235860
11336,0.000117,172.31.40.0-255,66,17027,74,235860
11337,0.000154,172.31.40.0-255,66,17093,74,235860
11338,0.000202,74.125.200.0-255,1484,18577,74,235860
11339,0.000205,172.31.40.0-255,66,18643,74,235860
11340,0.00021,74.125.200.0-255,2902,21545,74,235860
11341,0.000212,172.31.40.0-255,66,21611,74,235860
11342,0.000233,74.125.200.0-255,5738,27349,74,235860
11343,0.000236,172.31.40.0-255,66,27415,74,235860
11344,0.00024,74.125.200.0-255,2902,30317,74,235860
11345,0.000242,172.31.40.0-255,66,30383,74,235860
11346,0.000259,74.125.200.0-255,2902,33285,74,235860
11347,0.000262,172.31.40.0-255,66,33351,74,235860
11348,0.000276,74.125.200.0-255,1125,34476,74,235860
11349,0.000278,172.31.40.0-255,66,34542,74,235860
11350,0.000817,74.125.200.0-255,1484,36026,74,235860
11351,0.000823,74.125.200.0-255,2902,38928,74,235860
11352,0.000827,74.125.200.0-255,2902,41830,74,235860
11353,0.000844,172.31.40.0-255,66,41896,74,235860
11354,0.000848,172.31.40.0-255,66,41962,74,235860
11355,0.000851,172.31.40.0-255,66,42028,74,235860
11356,0.000855,74.125.200.0-255,2902,44930,74,235860
11357,0.000858,172.31.40.0-255,66,44996,74,235860
11358,0.000862,74.125.200.0-255,2902,47898,74,235860
11359,0.000864,172.31.40.0-255,66,47964,74,235860
11360,0.00087,74.125.200.0-255,3961,51925,74,235860
11361,0.000872,172.31.40.0-255,66,51991,74,235860
11362,0.000907,172.31.40.0-255,66,52057,74,235860
11363,0.000912,74.125.200.0-255,4320,56377,74,235860
11364,0.000914,172.31.40.0-255,66,56443,74,235860
11365,0.000956,74.125.200.0-255,5379,61822,74,235860
11366,0.000958,172.31.40.0-255,66,61888,74,235860
11367,0.000965,74.125.200.0-255,5738,67626,74,235860
11368,0.000967,172.31.40.0-255,66,67692,74,235860
11369,0.000999,74.125.200.0-255,5738,73430,74,235860
11370,0.001003,172.31.40.0-255,66,73496,74,235860
11371,0.001026,74.125.200.0-255,3961,77457,74,235860
11372,0.001029,172.31.40.0-255,66,77523,74,235860
11373,0.001301,74.125.200.0-255,1484,79007,74,235860
11374,0.001326,74.125.200.0-255,2902,81909,74,235860
11375,0.00133,172.31.40.0-255,66,81975,74,235860
11376,0.001334,74.125.200.0-255,1484,83459,74,235860
11377,0.001356,74.125.200.0-255,4320,87779,74,235860
11378,0.001359,172.31.40.0-255,66,87845,74,235860
11379,0.001364,74.125.200.0-255,2902,90747,74,235860
11380,0.001366,172.31.40.0-255,66,90813,74,235860
11381,0.001412,172.31.40.0-255,66,90879,74,235860
11382,0.001425,172.31.40.0-255,66,90945,74,235860
11383,0.001439,74.125.200.0-255,2184,93129,74,235860
11384,0.001441,172.31.40.0-255,66,93195,74,235860
11385,0.001581,74.125.200.0-255,1484,94679,74,235860
11386,0.001597,74.125.200.0-255,2902,97581,74,235860
11387,0.001601,172.31.40.0-255,66,97647,74,235860
11388,0.001605,74.125.200.0-255,2902,100549,74,235860
11389,0.001607,172.31.40.0-255,66,100615,74,235860
11390,0.001613,74.125.200.0-255,2902,103517,74,235860
11391,0.001615,172.31.40.0-255,66,103583,74,235860
11392,0.001631,74.125.200.0-255,1484,105067,74,235860
11393,0.001641,172.31.40.0-255,66,105133,74,235860
11394,0.001663,74.125.200.0-255,1484,106617,74,235860
11395,0.001673,172.31.40.0-255,66,106683,74,235860
11396,0.001738,172.31.40.0-255,66,106749,74,235860
11397,0.001793,74.125.200.0-255,1484,108233,74,235860
11398,0.001813,74.125.200.0-255,2902,111135,74,235860
11399,0.001816,172.31.40.0-255,66,111201,74,235860
11400,0.001829,74.125.200.0-255,1484,112685,74,235860
11401,0.001848,74.125.200.0-255,4320,117005,74,235860
11402,0.001851,172.31.40.0-255,66,117071,74,235860
11403,0.001873,74.125.200.0-255,4320,121391,74,235860
11404,0.001876,172.31.40.0-255,66,121457,74,235860
11405,0.001894,74.125.200.0-255,1484,122941,74,235860
11406,0.00192,74.125.200.0-255,1484,124425,74,235860
11407,0.001923,172.31.40.0-255,66,124491,74,235860
11408,0.001937,74.125.200.0-255,2902,127393,74,235860
11409,0.001939,172.31.40.0-255,66,127459,74,235860
11410,0.001945,74.125.200.0-255,5738,133197,74,235860
11411,0.001947,172.31.40.0-255,66,133263,74,235860
11412,0.001982,172.31.40.0-255,66,133329,74,235860
11413,0.002018,74.125.200.0-255,1484,134813,74,235860
11414,0.002034,74.125.200.0-255,2902,137715,74,235860
11415,0.002037,172.31.40.0-255,66,137781,74,235860
11416,0.002041,74.125.200.0-255,1484,139265,74,235860
11417,0.002063,74.125.200.0-255,4320,143585,74,235860
11418,0.002066,172.31.40.0-255,66,143651,74,235860
11419,0.00207,74.125.200.0-255,2902,146553,74,235860
11420,0.002072,172.31.40.0-255,66,146619,74,235860
11421,0.002077,74.125.200.0-255,4320,150939,74,235860
11422,0.00208,172.31.40.0-255,66,151005,74,235860
11423,0.002115,74.125.200.0-255,1484,152489,74,235860
11424,0.002141,172.31.40.0-255,66,152555,74,235860
11425,0.00215,172.31.40.0-255,66,152621,74,235860
11426,0.002152,74.125.200.0-255,766,153387,74,235860
11427,0.002546,74.125.200.0-255,1484,154871,74,235860
11428,0.002551,172.31.40.0-255,66,154937,74,235860
11429,0.002557,74.125.200.0-255,2902,157839,74,235860
11430,0.002559,172.31.40.0-255,66,157905,74,235860
11431,0.002562,74.125.200.0-255,1484,159389,74,235860
11432,0.002576,74.125.200.0-255,1484,160873,74,235860
11433,0.002578,172.31.40.0-255,66,160939,74,235860
11434,0.002601,74.125.200.0-255,4320,165259,74,235860
11435,0.002604,172.31.40.0-255,66,165325,74,235860
11436,0.002631,74.125.200.0-255,5738,171063,74,235860
11437,0.002634,172.31.40.0-255,66,171129,74,235860
11438,0.002637,74.125.200.0-255,1484,172613,74,235860
11439,0.00264,74.125.200.0-255,1484,174097,74,235860
11440,0.002642,172.31.40.0-255,66,174163,74,235860
11441,0.002659,74.125.200.0-255,1484,175647,74,235860
11442,0.002664,74.125.200.0-255,4320,179967,74,235860
11443,0.002666,172.31.40.0-255,66,180033,74,235860
11444,0.002694,74.125.200.0-255,5738,185771,74,235860
11445,0.002696,172.31.40.0-255,66,185837,74,235860
11446,0.0027,74.125.200.0-255,2184,188021,74,235860
11447,0.002702,172.31.40.0-255,66,188087,74,235860
11448,0.002759,74.125.200.0-255,1484,189571,74,235860
11449,0.002763,74.125.200.0-255,1484,191055,74,235860
11450,0.002765,172.31.40.0-255,66,191121,74,235860
11451,0.002769,74.125.200.0-255,1484,192605,74,235860
11452,0.002788,74.125.200.0-255,1484,194089,74,235860
11453,0.002791,172.31.40.0-255,66,194155,74,235860
11454,0.002807,74.125.200.0-255,4320,198475,74,235860
11455,0.002823,172.31.40.0-255,66,198541,74,235860
11456,0.002829,74.125.200.0-255,4320,202861,74,235860
11457,0.002832,172.31.40.0-255,66,202927,74,235860
11458,0.002838,74.125.200.0-255,4320,207247,74,235860
11459,0.00284,172.31.40.0-255,66,207313,74,235860
11460,0.002852,74.125.200.0-255,1484,208797,74,235860
11461,0.002872,172.31.40.0-255,66,208863,74,235860
11462,0.002891,74.125.200.0-255,4320,213183,74,235860
11463,0.002894,172.31.40.0-255,66,213249,74,235860
11464,0.002899,74.125.200.0-255,2184,215433,74,235860
11465,0.002901,172.31.40.0-255,66,215499,74,235860
11466,0.002944,172.31.40.0-255,66,215565,74,235860
11467,0.002971,172.31.40.0-255,66,215631,74,235860
11468,0.002984,172.31.40.0-255,66,215697,74,235860
11469,0.003008,74.125.200.0-255,4320,220017,74,235860
11470,0.003011,172.31.40.0-255,66,220083,74,235860
11471,0.003032,74.125.200.0-255,3602,223685,74,235860
11472,0.003035,172.31.40.0-255,66,223751,74,235860
11473,0.003041,74.125.200.0-255,4320,228071,74,235860
11474,0.003043,172.31.40.0-255,66,228137,74,235860
11475,0.003075,172.31.40.0-255,66,228203,74,235860
11476,0.003124,172.31.40.0-255,66,228269,74,235860
11477,0.003168,74.125.200.0-255,4320,232589,74,235860
11478,0.003171,172.31.40.0-255,66,232655,74,235860
11479,0.003185,74.125.200.0-255,2902,235557,74,235860
11480,0.003187,172.31.40.0-255,66,235623,74,235860
11481,0.003223,172.31.40.0-255,66,235689,74,235860
11482,0.003262,172.31.40.0-255,66,235755,74,235860
11483,0.003266,74.125.200.0-255,105,235860,74,235860
11484,0.0,74.125.24.0-255,152,152,74,127075
11485,2.2e-05,172.31.40.0-255,66,218,74,127075
11486,2.8e-05,74.125.24.0-255,1484,1702,74,127075
11487,3.2e-05,172.31.40.0-255,66,1768,74,127075
11488,3.8e-05,74.125.24.0-255,2902,4670,74,127075
11489,4.1e-05,172.31.40.0-255,66,4736,74,127075
11490,5e-05,172.31.40.0-255,66,4802,74,127075
11491,5.4e-05,74.125.24.0-255,2032,6834,74,127075
11492,5.6e-05,172.31.40.0-255,66,6900,74,127075
11493,0.000191,74.125.24.0-255,1484,8384,74,127075
11494,0.000195,172.31.40.0-255,66,8450,74,127075
11495,0.0002,74.125.24.0-255,2902,11352,74,127075
11496,0.000202,172.31.40.0-255,66,11418,74,127075
11497,0.000207,74.125.24.0-255,4320,15738,74,127075
11498,0.000209,172.31.40.0-255,66,15804,74,127075
11499,0.000227,74.125.24.0-255,1484,17288,74,127075
11500,0.000229,172.31.40.0-255,66,17354,74,127075
11501,0.000255,74.125.24.0-255,1484,18838,74,127075
11502,0.000257,172.31.40.0-255,66,18904,74,127075
11503,0.000279,74.125.24.0-255,5379,24283,74,127075
11504,0.000281,172.31.40.0-255,66,24349,74,127075
11505,0.000326,74.125.24.0-255,1484,25833,74,127075
11506,0.000328,172.31.40.0-255,66,25899,74,127075
11507,0.000332,74.125.24.0-255,2902,28801,74,127075
11508,0.000334,172.31.40.0-255,66,28867,74,127075
11509,0.000337,74.125.24.0-255,2902,31769,74,127075
11510,0.000339,172.31.40.0-255,66,31835,74,127075
11511,0.000365,74.125.24.0-255,2902,34737,74,127075
11512,0.000367,172.31.40.0-255,66,34803,74,127075
11513,0.000372,74.125.24.0-255,4320,39123,74,127075
11514,0.000374,172.31.40.0-255,66,39189,74,127075
11515,0.000422,74.125.24.0-255,4320,43509,74,127075
11516,0.000425,172.31.40.0-255,66,43575,74,127075
11517,0.000449,172.31.40.0-255,66,43641,74,127075
11518,0.000467,172.31.40.0-255,66,43707,74,127075
11519,0.000486,74.125.24.0-255,412,44119,74,127075
11520,0.000544,74.125.24.0-255,332,44451,74,127075
11521,0.000909,74.125.24.0-255,1484,45935,74,127075
11522,0.000914,172.31.40.0-255,66,46001,74,127075
11523,0.00092,74.125.24.0-255,2902,48903,74,127075
11524,0.000923,172.31.40.0-255,66,48969,74,127075
11525,0.000954,74.125.24.0-255,5738,54707,74,127075
11526,0.000957,172.31.40.0-255,66,54773,74,127075
11527,0.000961,74.125.24.0-255,1484,56257,74,127075
11528,0.00099,172.31.40.0-255,66,56323,74,127075
11529,0.001011,74.125.24.0-255,4320,60643,74,127075
11530,0.001014,172.31.40.0-255,66,60709,74,127075
11531,0.001046,172.31.40.0-255,66,60775,74,127075
11532,0.00105,74.125.24.0-255,2184,62959,74,127075
11533,0.001052,172.31.40.0-255,66,63025,74,127075
11534,0.001815,74.125.24.0-255,1484,64509,74,127075
11535,0.001824,74.125.24.0-255,2902,67411,74,127075
11536,0.001829,172.31.40.0-255,66,67477,74,127075
11537,0.001835,74.125.24.0-255,4320,71797,74,127075
11538,0.001837,172.31.40.0-255,66,71863,74,127075
11539,0.001857,74.125.24.0-255,1484,73347,74,127075
11540,0.001872,74.125.24.0-255,4320,77667,74,127075
11541,0.001875,172.31.40.0-255,66,77733,74,127075
11542,0.00188,74.125.24.0-255,4320,82053,74,127075
11543,0.001882,172.31.40.0-255,66,82119,74,127075
11544,0.001894,74.125.24.0-255,1484,83603,74,127075
11545,0.001914,74.125.24.0-255,2902,86505,74,127075
11546,0.001916,172.31.40.0-255,66,86571,74,127075
11547,0.001946,172.31.40.0-255,66,86637,74,127075
11548,0.001949,74.125.24.0-255,766,87403,74,127075
11549,0.001963,74.125.24.0-255,1484,88887,74,127075
11550,0.001966,172.31.40.0-255,66,88953,74,127075
11551,0.001981,74.125.24.0-255,4320,93273,74,127075
11552,0.001984,172.31.40.0-255,66,93339,74,127075
11553,0.001987,74.125.24.0-255,1484,94823,74,127075
11554,0.002009,74.125.24.0-255,4320,99143,74,127075
11555,0.002012,172.31.40.0-255,66,99209,74,127075
11556,0.002032,74.125.24.0-255,5738,104947,74,127075
11557,0.002034,172.31.40.0-255,66,105013,74,127075
11558,0.002037,74.125.24.0-255,1484,106497,74,127075
11559,0.002055,74.125.24.0-255,5738,112235,74,127075
11560,0.002057,172.31.40.0-255,66,112301,74,127075
11561,0.00208,172.31.40.0-255,66,112367,74,127075
11562,0.004106,74.125.24.0-255,4320,116687,74,127075
11563,0.004112,172.31.40.0-255,66,116753,74,127075
11564,0.004126,74.125.24.0-255,1484,118237,74,127075
11565,0.006142,74.125.24.0-255,2902,121139,74,127075
11566,0.006147,172.31.40.0-255,66,121205,74,127075
11567,0.006166,74.125.24.0-255,1484,122689,74,127075
11568,0.008214,74.125.24.0-255,4320,127009,74,127075
11569,0.00822,172.31.40.0-255,66,127075,74,127075
11570,0.0,74.125.200.0-255,146,146,74,183135
11571,2.3e-05,172.31.40.0-255,66,212,74,183135
11572,3.1e-05,74.125.200.0-255,1484,1696,74,183135
11573,3.6e-05,172.31.40.0-255,66,1762,74,183135
11574,6.1e-05,74.125.200.0-255,1484,3246,74,183135
11575,6.5e-05,172.31.40.0-255,66,3312,74,183135
11576,8.7e-05,74.125.200.0-255,2902,6214,74,183135
11577,9e-05,172.31.40.0-255,66,6280,74,183135
11578,9.4e-05,74.125.200.0-255,2902,9182,74,183135
11579,9.7e-05,172.31.40.0-255,66,9248,74,183135
11580,0.000116,74.125.200.0-255,1484,10732,74,183135
11581,0.000118,172.31.40.0-255,66,10798,74,183135
11582,0.000135,74.125.200.0-255,2902,13700,74,183135
11583,0.000142,172.31.40.0-255,66,13766,74,183135
11584,0.000172,74.125.200.0-255,3495,17261,74,183135
11585,0.000175,172.31.40.0-255,66,17327,74,183135
11586,0.000184,172.31.40.0-255,66,17393,74,183135
11587,0.000191,74.125.200.0-255,2902,20295,74,183135
11588,0.000194,172.31.40.0-255,66,20361,74,183135
11589,0.000199,74.125.200.0-255,3961,24322,74,183135
11590,0.000202,172.31.40.0-255,66,24388,74,183135
11591,0.000259,74.125.200.0-255,1484,25872,74,183135
11592,0.000262,172.31.40.0-255,66,25938,74,183135
11593,0.000293,74.125.200.0-255,2902,28840,74,183135
11594,0.000296,172.31.40.0-255,66,28906,74,183135
11595,0.000299,74.125.200.0-255,1484,30390,74,183135
11596,0.000301,172.31.40.0-255,66,30456,74,183135
11597,0.000305,74.125.200.0-255,2902,33358,74,183135
11598,0.000308,172.31.40.0-255,66,33424,74,183135
11599,0.000339,74.125.200.0-255,5738,39162,74,183135
11600,0.000342,172.31.40.0-255,66,39228,74,183135
11601,0.000367,74.125.200.0-255,2543,41771,74,183135
11602,0.000414,74.125.200.0-255,1484,43255,74,183135
11603,0.000417,74.125.200.0-255,1484,44739,74,183135
11604,0.000429,74.125.200.0-255,1484,46223,74,183135
11605,0.000454,74.125.200.0-255,2902,49125,74,183135
11606,0.00049,74.125.200.0-255,2902,52027,74,183135
11607,0.000512,74.125.200.0-255,1484,53511,74,183135
11608,0.000526,74.125.200.0-255,2902,56413,74,183135
11609,0.000544,74.125.200.0-255,2543,58956,74,183135
11610,0.000615,172.31.40.0-255,66,59022,74,183135
11611,0.000844,74.125.200.0-255,1484,60506,74,183135
11612,0.000863,74.125.200.0-255,2902,63408,74,183135
11613,0.000888,74.125.200.0-255,4320,67728,74,183135
11614,0.000898,74.125.200.0-255,1484,69212,74,183135
11615,0.000924,172.31.40.0-255,66,69278,74,183135
11616,0.000955,172.31.40.0-255,66,69344,74,183135
11617,0.000976,74.125.200.0-255,4320,73664,74,183135
11618,0.000989,74.125.200.0-255,5738,79402,74,183135
11619,0.001004,172.31.40.0-255,66,79468,74,183135
11620,0.001036,172.31.40.0-255,66,79534,74,183135
11621,0.001127,74.125.200.0-255,1484,81018,74,183135
11622,0.001134,74.125.200.0-255,2902,83920,74,183135
11623,0.001141,172.31.40.0-255,66,83986,74,183135
11624,0.00115,74.125.200.0-255,1484,85470,74,183135
11625,0.001185,74.125.200.0-255,2902,88372,74,183135
11626,0.001193,172.31.40.0-255,66,88438,74,183135
11627,0.001206,74.125.200.0-255,5738,94176,74,183135
11628,0.00121,74.125.200.0-255,2902,97078,74,183135
11629,0.00122,74.125.200.0-255,4320,101398,74,183135
11630,0.001232,74.125.200.0-255,4320,105718,74,183135
11631,0.001236,172.31.40.0-255,66,105784,74,183135
11632,0.001247,74.125.200.0-255,4320,110104,74,183135
11633,0.001252,74.125.200.0-255,3602,113706,74,183135
11634,0.001276,74.125.200.0-255,4320,118026,74,183135
11635,0.001282,172.31.40.0-255,66,118092,74,183135
11636,0.001323,74.125.200.0-255,4320,122412,74,183135
11637,0.00134,172.31.40.0-255,66,122478,74,183135
11638,0.001371,74.125.200.0-255,4320,126798,74,183135
11639,0.001377,172.31.40.0-255,66,126864,74,183135
11640,0.001438,172.31.40.0-255,66,126930,74,183135
11641,0.001665,74.125.200.0-255,1484,128414,74,183135
11642,0.001684,74.125.200.0-255,2902,131316,74,183135
11643,0.001687,172.31.40.0-255,66,131382,74,183135
11644,0.001713,74.125.200.0-255,4320,135702,74,183135
11645,0.001719,74.125.200.0-255,4320,140022,74,183135
11646,0.001735,74.125.200.0-255,1484,141506,74,183135
11647,0.001746,74.125.200.0-255,1484,142990,74,183135
11648,0.001749,172.31.40.0-255,66,143056,74,183135
11649,0.001775,172.31.40.0-255,66,143122,74,183135
11650,0.001783,74.125.200.0-255,2902,146024,74,183135
11651,0.001788,74.125.200.0-255,4320,150344,74,183135
11652,0.00181,74.125.200.0-255,3602,153946,74,183135
11653,0.001825,172.31.40.0-255,66,154012,74,183135
11654,0.001853,74.125.200.0-255,4320,158332,74,183135
11655,0.001861,172.31.40.0-255,66,158398,74,183135
11656,0.001872,74.125.200.0-255,1484,159882,74,183135
11657,0.001933,74.125.200.0-255,1484,161366,74,183135
11658,0.001937,172.31.40.0-255,66,161432,74,183135
11659,0.001969,74.125.200.0-255,1484,162916,74,183135
11660,0.001996,74.125.200.0-255,2902,165818,74,183135
11661,0.002009,74.125.200.0-255,1484,167302,74,183135
11662,0.002017,172.31.40.0-255,66,167368,74,183135
11663,0.002044,74.125.200.0-255,2902,170270,74,183135
11664,0.002055,74.125.200.0-255,1125,171395,74,183135
11665,0.002066,172.31.40.0-255,66,171461,74,183135
11666,0.004106,74.125.200.0-255,1484,172945,74,183135
11667,0.004129,74.125.200.0-255,4320,177265,74,183135
11668,0.004133,172.31.40.0-255,66,177331,74,183135
11669,0.006196,74.125.200.0-255,5738,183069,74,183135
11670,0.008587,172.31.40.0-255,66,183135,74,183135
11671,0.0,172.217.194.0-255,153,153,74,92049
11672,2.1e-05,172.31.40.0-255,66,219,74,92049
11673,2.8e-05,172.217.194.0-255,1484,1703,74,92049
11674,3.3e-05,172.31.40.0-255,66,1769,74,92049
11675,3.8e-05,172.217.194.0-255,2902,4671,74,92049
11676,4.1e-05,172.31.40.0-255,66,4737,74,92049
11677,5.1e-05,172.31.40.0-255,66,4803,74,92049
11678,5.5e-05,172.217.194.0-255,2029,6832,74,92049
11679,5.8e-05,172.31.40.0-255,66,6898,74,92049
11680,0.000365,172.217.194.0-255,1484,8382,74,92049
11681,0.00037,172.31.40.0-255,66,8448,74,92049
11682,0.000376,172.217.194.0-255,2902,11350,74,92049
11683,0.000378,172.31.40.0-255,66,11416,74,92049
11684,0.000384,172.217.194.0-255,5738,17154,74,92049
11685,0.000386,172.31.40.0-255,66,17220,74,92049
11686,0.000409,172.217.194.0-255,2902,20122,74,92049
11687,0.000411,172.31.40.0-255,66,20188,74,92049
11688,0.000432,172.217.194.0-255,3961,24149,74,92049
11689,0.000435,172.31.40.0-255,66,24215,74,92049
11690,0.000549,172.217.194.0-255,1484,25699,74,92049
11691,0.000552,172.31.40.0-255,66,25765,74,92049
11692,0.000567,172.217.194.0-255,1484,27249,74,92049
11693,0.000568,172.31.40.0-255,66,27315,74,92049
11694,0.000584,172.217.194.0-255,1484,28799,74,92049
11695,0.000589,172.217.194.0-255,5738,34537,74,92049
11696,0.000593,172.31.40.0-255,66,34603,74,92049
11697,0.000595,172.31.40.0-255,66,34669,74,92049
11698,0.000615,172.217.194.0-255,4320,38989,74,92049
11699,0.000617,172.31.40.0-255,66,39055,74,92049
11700,0.000647,172.217.194.0-255,2543,41598,74,92049
11701,0.00065,172.31.40.0-255,66,41664,74,92049
11702,0.000658,172.31.40.0-255,66,41730,74,92049
11703,0.000681,172.217.194.0-255,1484,43214,74,92049
11704,0.000701,172.31.40.0-255,66,43280,74,92049
11705,0.000753,172.217.194.0-255,647,43927,74,92049
11706,0.00095,172.31.40.0-255,66,43993,74,92049
11707,0.001056,172.217.194.0-255,1484,45477,74,92049
11708,0.001064,172.217.194.0-255,2902,48379,74,92049
11709,0.001067,172.31.40.0-255,66,48445,74,92049
11710,0.001093,172.217.194.0-255,5738,54183,74,92049
11711,0.001095,172.31.40.0-255,66,54249,74,92049
11712,0.001113,172.217.194.0-255,2902,57151,74,92049
11713,0.001115,172.31.40.0-255,66,57217,74,92049
11714,0.001134,172.31.40.0-255,66,57283,74,92049
11715,0.001143,172.31.40.0-255,66,57349,74,92049
11716,0.001181,172.217.194.0-255,2184,59533,74,92049
11717,0.001183,172.31.40.0-255,66,59599,74,92049
11718,0.00149,172.217.194.0-255,1484,61083,74,92049
11719,0.001496,172.217.194.0-255,1484,62567,74,92049
11720,0.001499,172.31.40.0-255,66,62633,74,92049
11721,0.00152,172.217.194.0-255,1484,64117,74,92049
11722,0.001526,172.217.194.0-255,5738,69855,74,92049
11723,0.001529,172.31.40.0-255,66,69921,74,92049
11724,0.001534,172.217.194.0-255,4320,74241,74,92049
11725,0.001536,172.31.40.0-255,66,74307,74,92049
11726,0.001564,172.31.40.0-255,66,74373,74,92049
11727,0.001582,172.217.194.0-255,1484,75857,74,92049
11728,0.001609,172.31.40.0-255,66,75923,74,92049
11729,0.004003,172.217.194.0-255,1484,77407,74,92049
11730,0.004011,172.217.194.0-255,2902,80309,74,92049
11731,0.004017,172.31.40.0-255,66,80375,74,92049
11732,0.00402,172.217.194.0-255,1484,81859,74,92049
11733,0.00629,172.217.194.0-255,4320,86179,74,92049
11734,0.006297,172.31.40.0-255,66,86245,74,92049
11735,0.008568,172.217.194.0-255,5738,91983,74,92049
11736,0.008575,172.31.40.0-255,66,92049,74,92049
11737,0.0,172.217.194.0-255,147,147,74,149771
11738,2.4e-05,172.31.40.0-255,66,213,74,149771
11739,3.1e-05,172.217.194.0-255,1484,1697,74,149771
11740,3.6e-05,172.31.40.0-255,66,1763,74,149771
11741,4.2e-05,172.217.194.0-255,2902,4665,74,149771
11742,4.5e-05,172.31.40.0-255,66,4731,74,149771
11743,5.9e-05,172.31.40.0-255,66,4797,74,149771
11744,6.3e-05,172.217.194.0-255,1484,6281,74,149771
11745,6.6e-05,172.31.40.0-255,66,6347,74,149771
11746,7.1e-05,172.217.194.0-255,2902,9249,74,149771
11747,7.5e-05,172.31.40.0-255,66,9315,74,149771
11748,0.000106,172.31.40.0-255,66,9381,74,149771
11749,0.000116,172.31.40.0-255,66,9447,74,149771
11750,0.000148,172.217.194.0-255,1484,10931,74,149771
11751,0.00015,172.31.40.0-255,66,10997,74,149771
11752,0.000154,172.217.194.0-255,2902,13899,74,149771
11753,0.000156,172.31.40.0-255,66,13965,74,149771
11754,0.000185,172.217.194.0-255,5738,19703,74,149771
11755,0.000188,172.31.40.0-255,66,19769,74,149771
11756,0.00019,172.217.194.0-255,1484,21253,74,149771
11757,0.000192,172.31.40.0-255,66,21319,74,149771
11758,0.000214,172.217.194.0-255,5379,26698,74,149771
11759,0.000216,172.31.40.0-255,66,26764,74,149771
11760,0.00022,172.217.194.0-255,2902,29666,74,149771
11761,0.000222,172.31.40.0-255,66,29732,74,149771
11762,0.00026,172.31.40.0-255,66,29798,74,149771
11763,0.000264,172.217.194.0-255,2831,32629,74,149771
11764,0.000266,172.31.40.0-255,66,32695,74,149771
11765,0.000298,172.217.194.0-255,99,32794,74,149771
11766,0.000536,172.217.194.0-255,1484,34278,74,149771
11767,0.000542,172.31.40.0-255,66,34344,74,149771
11768,0.000547,172.217.194.0-255,2902,37246,74,149771
11769,0.000549,172.31.40.0-255,66,37312,74,149771
11770,0.00056,172.217.194.0-255,1484,38796,74,149771
11771,0.000573,172.217.194.0-255,4320,43116,74,149771
11772,0.000576,172.31.40.0-255,66,43182,74,149771
11773,0.000615,172.31.40.0-255,66,43248,74,149771
11774,0.000632,172.217.194.0-255,2543,45791,74,149771
11775,0.000634,172.31.40.0-255,66,45857,74,149771
11776,0.000649,172.217.194.0-255,4320,50177,74,149771
11777,0.000651,172.31.40.0-255,66,50243,74,149771
11778,0.000672,172.217.194.0-255,5098,55341,74,149771
11779,0.000675,172.31.40.0-255,66,55407,74,149771
11780,0.000818,172.217.194.0-255,1484,56891,74,149771
11781,0.000823,172.217.194.0-255,1484,58375,74,149771
11782,0.000827,172.31.40.0-255,66,58441,74,149771
11783,0.000841,172.217.194.0-255,1484,59925,74,149771
11784,0.000848,172.217.194.0-255,5738,65663,74,149771
11785,0.000851,172.31.40.0-255,66,65729,74,149771
11786,0.000882,172.31.40.0-255,66,65795,74,149771
11787,0.000911,172.217.194.0-255,2902,68697,74,149771
11788,0.000914,172.31.40.0-255,66,68763,74,149771
11789,0.000953,172.31.40.0-255,66,68829,74,149771
11790,0.000964,172.31.40.0-255,66,68895,74,149771
11791,0.001012,172.31.40.0-255,66,68961,74,149771
11792,0.001083,172.31.40.0-255,66,69027,74,149771
11793,0.001122,172.31.40.0-255,66,69093,74,149771
11794,0.001135,172.217.194.0-255,1484,70577,74,149771
11795,0.001139,172.217.194.0-255,2902,73479,74,149771
11796,0.001144,172.217.194.0-255,5738,79217,74,149771
11797,0.001177,172.31.40.0-255,66,79283,74,149771
11798,0.001182,172.217.194.0-255,2184,81467,74,149771
11799,0.001187,172.31.40.0-255,66,81533,74,149771
11800,0.001668,172.217.194.0-255,1484,83017,74,149771
11801,0.001675,172.217.194.0-255,2902,85919,74,149771
11802,0.001678,172.31.40.0-255,66,85985,74,149771
11803,0.001704,172.217.194.0-255,5738,91723,74,149771
11804,0.001707,172.31.40.0-255,66,91789,74,149771
11805,0.001751,172.31.40.0-255,66,91855,74,149771
11806,0.001755,172.217.194.0-255,2902,94757,74,149771
11807,0.001757,172.31.40.0-255,66,94823,74,149771
11808,0.001797,172.31.40.0-255,66,94889,74,149771
11809,0.001976,172.217.194.0-255,1484,96373,74,149771
11810,0.001982,172.217.194.0-255,2902,99275,74,149771
11811,0.001991,172.31.40.0-255,66,99341,74,149771
11812,0.001995,172.217.194.0-255,1484,100825,74,149771
11813,0.002018,172.217.194.0-255,4320,105145,74,149771
11814,0.002021,172.31.40.0-255,66,105211,74,149771
11815,0.002026,172.217.194.0-255,4320,109531,74,149771
11816,0.002028,172.31.40.0-255,66,109597,74,149771
11817,0.002053,172.31.40.0-255,66,109663,74,149771
11818,0.002058,172.217.194.0-255,2902,112565,74,149771
11819,0.00206,172.31.40.0-255,66,112631,74,149771
11820,0.002088,172.31.40.0-255,66,112697,74,149771
11821,0.002095,172.217.194.0-255,5738,118435,74,149771
11822,0.002116,172.217.194.0-255,5738,124173,74,149771
11823,0.002145,172.31.40.0-255,66,124239,74,149771
11824,0.002155,172.217.194.0-255,4320,128559,74,149771
11825,0.002159,172.31.40.0-255,66,128625,74,149771
11826,0.002193,172.31.40.0-255,66,128691,74,149771
11827,0.002213,172.217.194.0-255,3602,132293,74,149771
11828,0.002278,172.31.40.0-255,66,132359,74,149771
11829,0.004552,172.217.194.0-255,5738,138097,74,149771
11830,0.004559,172.31.40.0-255,66,138163,74,149771
11831,0.006829,172.217.194.0-255,5738,143901,74,149771
11832,0.006835,172.31.40.0-255,66,143967,74,149771
11833,0.009113,172.217.194.0-255,5738,149705,74,149771
11834,0.009118,172.31.40.0-255,66,149771,74,149771
11835,0.0,74.125.68.0-255,148,148,74,133759
11836,2.3e-05,172.31.40.0-255,66,214,74,133759
11837,3e-05,74.125.68.0-255,1484,1698,74,133759
11838,3.5e-05,172.31.40.0-255,66,1764,74,133759
11839,4.2e-05,74.125.68.0-255,2902,4666,74,133759
11840,4.6e-05,172.31.40.0-255,66,4732,74,133759
11841,6.7e-05,74.125.68.0-255,1484,6216,74,133759
11842,6.9e-05,172.31.40.0-255,66,6282,74,133759
11843,8.4e-05,74.125.68.0-255,2902,9184,74,133759
11844,8.7e-05,172.31.40.0-255,66,9250,74,133759
11845,0.000101,74.125.68.0-255,2902,12152,74,133759
11846,0.000104,172.31.40.0-255,66,12218,74,133759
11847,0.000118,172.31.40.0-255,66,12284,74,133759
11848,0.000167,172.31.40.0-255,66,12350,74,133759
11849,0.000268,74.125.68.0-255,1484,13834,74,133759
11850,0.000273,172.31.40.0-255,66,13900,74,133759
11851,0.000277,74.125.68.0-255,1484,15384,74,133759
11852,0.000279,172.31.40.0-255,66,15450,74,133759
11853,0.000292,74.125.68.0-255,2902,18352,74,133759
11854,0.000295,172.31.40.0-255,66,18418,74,133759
11855,0.000317,74.125.68.0-255,2902,21320,74,133759
11856,0.00032,172.31.40.0-255,66,21386,74,133759
11857,0.00034,74.125.68.0-255,2902,24288,74,133759
11858,0.000342,172.31.40.0-255,66,24354,74,133759
11859,0.000345,74.125.68.0-255,1484,25838,74,133759
11860,0.000347,172.31.40.0-255,66,25904,74,133759
11861,0.000393,74.125.68.0-255,4320,30224,74,133759
11862,0.000395,172.31.40.0-255,66,30290,74,133759
11863,0.000433,74.125.68.0-255,5379,35669,74,133759
11864,0.000436,172.31.40.0-255,66,35735,74,133759
11865,0.000449,172.31.40.0-255,66,35801,74,133759
11866,0.000452,74.125.68.0-255,1395,37196,74,133759
11867,0.000528,74.125.68.0-255,133,37329,74,133759
11868,0.000639,74.125.68.0-255,1484,38813,74,133759
11869,0.000644,172.31.40.0-255,66,38879,74,133759
11870,0.000649,74.125.68.0-255,2902,41781,74,133759
11871,0.000652,172.31.40.0-255,66,41847,74,133759
11872,0.000674,74.125.68.0-255,5738,47585,74,133759
11873,0.000678,172.31.40.0-255,66,47651,74,133759
11874,0.000684,74.125.68.0-255,5738,53389,74,133759
11875,0.000686,172.31.40.0-255,66,53455,74,133759
11876,0.00072,172.31.40.0-255,66,53521,74,133759
11877,0.000737,74.125.68.0-255,4320,57841,74,133759
11878,0.000739,172.31.40.0-255,66,57907,74,133759
11879,0.000757,172.31.40.0-255,66,57973,74,133759
11880,0.00076,74.125.68.0-255,349,58322,74,133759
11881,0.00095,172.31.40.0-255,101,58423,74,133759
11882,0.001232,74.125.68.0-255,1484,59907,74,133759
11883,0.001252,74.125.68.0-255,2902,62809,74,133759
11884,0.001256,172.31.40.0-255,66,62875,74,133759
11885,0.001279,74.125.68.0-255,5738,68613,74,133759
11886,0.001282,172.31.40.0-255,66,68679,74,133759
11887,0.001285,74.125.68.0-255,1484,70163,74,133759
11888,0.0013,74.125.68.0-255,2902,73065,74,133759
11889,0.001302,172.31.40.0-255,66,73131,74,133759
11890,0.001327,74.125.68.0-255,5738,78869,74,133759
11891,0.001331,172.31.40.0-255,66,78935,74,133759
11892,0.001343,74.125.68.0-255,2902,81837,74,133759
11893,0.001345,172.31.40.0-255,66,81903,74,133759
11894,0.001372,74.125.68.0-255,4320,86223,74,133759
11895,0.001374,172.31.40.0-255,66,86289,74,133759
11896,0.001409,74.125.68.0-255,2902,89191,74,133759
11897,0.001412,172.31.40.0-255,66,89257,74,133759
11898,0.00143,74.125.68.0-255,2902,92159,74,133759
11899,0.001432,172.31.40.0-255,66,92225,74,133759
11900,0.001435,74.125.68.0-255,766,92991,74,133759
11901,0.001821,74.125.68.0-255,1484,94475,74,133759
11902,0.001826,172.31.40.0-255,66,94541,74,133759
11903,0.001832,74.125.68.0-255,2902,97443,74,133759
11904,0.001835,172.31.40.0-255,66,97509,74,133759
11905,0.001848,74.125.68.0-255,2902,100411,74,133759
11906,0.001851,172.31.40.0-255,66,100477,74,133759
11907,0.001872,74.125.68.0-255,4320,104797,74,133759
11908,0.001876,172.31.40.0-255,66,104863,74,133759
11909,0.0019,74.125.68.0-255,4320,109183,74,133759
11910,0.001902,172.31.40.0-255,66,109249,74,133759
11911,0.001924,74.125.68.0-255,4320,113569,74,133759
11912,0.001926,172.31.40.0-255,66,113635,74,133759
11913,0.001958,172.31.40.0-255,66,113701,74,133759
11914,0.001961,74.125.68.0-255,1484,115185,74,133759
11915,0.002002,74.125.68.0-255,2184,117369,74,133759
11916,0.002005,172.31.40.0-255,66,117435,74,133759
11917,0.002994,74.125.68.0-255,66,117501,74,133759
11918,0.004057,74.125.68.0-255,1484,118985,74,133759
11919,0.004081,74.125.68.0-255,4320,123305,74,133759
11920,0.004087,172.31.40.0-255,66,123371,74,133759
11921,0.006143,74.125.68.0-255,4320,127691,74,133759
11922,0.006147,172.31.40.0-255,66,127757,74,133759
11923,0.006163,74.125.68.0-255,1484,129241,74,133759
11924,0.008188,74.125.68.0-255,1484,130725,74,133759
11925,0.008192,172.31.40.0-255,66,130791,74,133759
11926,0.008206,74.125.68.0-255,2902,133693,74,133759
11927,0.008208,172.31.40.0-255,66,133759,74,133759
11928,0.0,74.125.68.0-255,146,146,74,161611
11929,1.4e-05,172.31.40.0-255,66,212,74,161611
11930,4.4e-05,74.125.68.0-255,1484,1696,74,161611
11931,4.9e-05,172.31.40.0-255,66,1762,74,161611
11932,6.8e-05,74.125.68.0-255,2902,4664,74,161611
11933,7.1e-05,172.31.40.0-255,66,4730,74,161611
11934,9.9e-05,74.125.68.0-255,5738,10468,74,161611
11935,0.000102,172.31.40.0-255,66,10534,74,161611
11936,0.000106,74.125.68.0-255,2902,13436,74,161611
11937,0.000108,172.31.40.0-255,66,13502,74,161611
11938,0.000117,74.125.68.0-255,3519,17021,74,161611
11939,0.000119,172.31.40.0-255,66,17087,74,161611
11940,0.000158,74.125.68.0-255,5738,22825,74,161611
11941,0.000161,172.31.40.0-255,66,22891,74,161611
11942,0.000185,74.125.68.0-255,2902,25793,74,161611
11943,0.000187,172.31.40.0-255,66,25859,74,161611
11944,0.000193,74.125.68.0-255,5379,31238,74,161611
11945,0.000195,172.31.40.0-255,66,31304,74,161611
11946,0.000273,74.125.68.0-255,1484,32788,74,161611
11947,0.000276,172.31.40.0-255,66,32854,74,161611
11948,0.000294,74.125.68.0-255,2902,35756,74,161611
11949,0.000296,172.31.40.0-255,66,35822,74,161611
11950,0.000302,74.125.68.0-255,5738,41560,74,161611
11951,0.000304,172.31.40.0-255,66,41626,74,161611
11952,0.000337,172.31.40.0-255,66,41692,74,161611
11953,0.000361,74.125.68.0-255,4320,46012,74,161611
11954,0.000363,172.31.40.0-255,66,46078,74,161611
11955,0.000366,74.125.68.0-255,1484,47562,74,161611
11956,0.000368,172.31.40.0-255,66,47628,74,161611
11957,0.000392,74.125.68.0-255,4320,51948,74,161611
11958,0.000398,172.31.40.0-255,66,52014,74,161611
11959,0.000428,74.125.68.0-255,4320,56334,74,161611
11960,0.00043,172.31.40.0-255,66,56400,74,161611
11961,0.000454,74.125.68.0-255,2855,59255,74,161611
11962,0.000457,172.31.40.0-255,66,59321,74,161611
11963,0.000473,74.125.68.0-255,110,59431,74,161611
11964,0.000555,74.125.68.0-255,1484,60915,74,161611
11965,0.000558,172.31.40.0-255,66,60981,74,161611
11966,0.000563,74.125.68.0-255,2902,63883,74,161611
11967,0.000565,172.31.40.0-255,66,63949,74,161611
11968,0.000568,74.125.68.0-255,1484,65433,74,161611
11969,0.000576,74.125.68.0-255,2902,68335,74,161611
11970,0.000578,172.31.40.0-255,66,68401,74,161611
11971,0.00058,74.125.68.0-255,1484,69885,74,161611
11972,0.000613,74.125.68.0-255,4320,74205,74,161611
11973,0.000616,172.31.40.0-255,66,74271,74,161611
11974,0.000636,74.125.68.0-255,4320,78591,74,161611
11975,0.000644,172.31.40.0-255,66,78657,74,161611
11976,0.000669,74.125.68.0-255,5738,84395,74,161611
11977,0.000673,74.125.68.0-255,1484,85879,74,161611
11978,0.000686,172.31.40.0-255,66,85945,74,161611
11979,0.000702,172.31.40.0-255,66,86011,74,161611
11980,0.00131,74.125.68.0-255,1484,87495,74,161611
11981,0.00135,74.125.68.0-255,2902,90397,74,161611
11982,0.001354,172.31.40.0-255,66,90463,74,161611
11983,0.001373,74.125.68.0-255,5738,96201,74,161611
11984,0.001379,74.125.68.0-255,5738,101939,74,161611
11985,0.001384,172.31.40.0-255,66,102005,74,161611
11986,0.001387,172.31.40.0-255,66,102071,74,161611
11987,0.001402,74.125.68.0-255,4320,106391,74,161611
11988,0.001404,172.31.40.0-255,66,106457,74,161611
11989,0.001417,172.31.40.0-255,66,106523,74,161611
11990,0.001442,74.125.68.0-255,1484,108007,74,161611
11991,0.001447,74.125.68.0-255,2184,110191,74,161611
11992,0.001449,172.31.40.0-255,66,110257,74,161611
11993,0.001529,74.125.68.0-255,1484,111741,74,161611
11994,0.001548,74.125.68.0-255,1484,113225,74,161611
11995,0.001552,172.31.40.0-255,66,113291,74,161611
11996,0.001579,74.125.68.0-255,1484,114775,74,161611
11997,0.001609,74.125.68.0-255,1484,116259,74,161611
11998,0.001613,172.31.40.0-255,66,116325,74,161611
11999,0.001617,74.125.68.0-255,1484,117809,74,161611
12000,0.001644,74.125.68.0-255,1484,119293,74,161611
12001,0.001647,172.31.40.0-255,66,119359,74,161611
12002,0.001653,74.125.68.0-255,5738,125097,74,161611
12003,0.001656,172.31.40.0-255,66,125163,74,161611
12004,0.001663,74.125.68.0-255,1484,126647,74,161611
12005,0.001668,74.125.68.0-255,2902,129549,74,161611
12006,0.00167,172.31.40.0-255,66,129615,74,161611
12007,0.001703,74.125.68.0-255,4320,133935,74,161611
12008,0.001706,172.31.40.0-255,66,134001,74,161611
12009,0.001709,74.125.68.0-255,1484,135485,74,161611
12010,0.001739,172.31.40.0-255,66,135551,74,161611
12011,0.001743,74.125.68.0-255,2184,137735,74,161611
12012,0.001745,172.31.40.0-255,66,137801,74,161611
12013,0.003688,74.125.68.0-255,2902,140703,74,161611
12014,0.003694,172.31.40.0-255,66,140769,74,161611
12015,0.003721,74.125.68.0-255,2902,143671,74,161611
12016,0.003724,172.31.40.0-255,66,143737,74,161611
12017,0.005643,74.125.68.0-255,1484,145221,74,161611
12018,0.005656,74.125.68.0-255,1484,146705,74,161611
12019,0.005658,172.31.40.0-255,66,146771,74,161611
12020,0.005682,74.125.68.0-255,2902,149673,74,161611
12021,0.005684,172.31.40.0-255,66,149739,74,161611
12022,0.00761,74.125.68.0-255,2902,152641,74,161611
12023,0.007617,172.31.40.0-255,66,152707,74,161611
12024,0.007651,74.125.68.0-255,2902,155609,74,161611
12025,0.007654,172.31.40.0-255,66,155675,74,161611
12026,0.00957,74.125.68.0-255,2902,158577,74,161611
12027,0.009578,172.31.40.0-255,66,158643,74,161611
12028,0.009608,74.125.68.0-255,2902,161545,74,161611
12029,0.009611,172.31.40.0-255,66,161611,74,161611
12030,0.0,74.125.68.0-255,293,293,74,165830
12031,2.1e-05,172.31.40.0-255,66,359,74,165830
12032,2.7e-05,74.125.68.0-255,1484,1843,74,165830
12033,3.2e-05,172.31.40.0-255,66,1909,74,165830
12034,3.7e-05,74.125.68.0-255,2902,4811,74,165830
12035,4e-05,172.31.40.0-255,66,4877,74,165830
12036,6.4e-05,74.125.68.0-255,1484,6361,74,165830
12037,6.7e-05,172.31.40.0-255,66,6427,74,165830
12038,7.1e-05,74.125.68.0-255,2902,9329,74,165830
12039,7.4e-05,172.31.40.0-255,66,9395,74,165830
12040,7.9e-05,74.125.68.0-255,4320,13715,74,165830
12041,8.1e-05,172.31.40.0-255,66,13781,74,165830
12042,0.0001,74.125.68.0-255,1957,15738,74,165830
12043,0.000103,172.31.40.0-255,66,15804,74,165830
12044,0.000107,74.125.68.0-255,2902,18706,74,165830
12045,0.000109,172.31.40.0-255,66,18772,74,165830
12046,0.000144,172.31.40.0-255,66,18838,74,165830
12047,0.000149,74.125.68.0-255,4320,23158,74,165830
12048,0.000151,172.31.40.0-255,66,23224,74,165830
12049,0.000155,74.125.68.0-255,2902,26126,74,165830
12050,0.000157,172.31.40.0-255,66,26192,74,165830
12051,0.000173,74.125.68.0-255,2902,29094,74,165830
12052,0.000175,172.31.40.0-255,66,29160,74,165830
12053,0.000192,74.125.68.0-255,2902,32062,74,165830
12054,0.000194,172.31.40.0-255,66,32128,74,165830
12055,0.000218,172.31.40.0-255,66,32194,74,165830
12056,0.000221,74.125.68.0-255,766,32960,74,165830
12057,0.000223,172.31.40.0-255,66,33026,74,165830
12058,0.000371,74.125.68.0-255,1484,34510,74,165830
12059,0.000376,172.31.40.0-255,66,34576,74,165830
12060,0.000381,74.125.68.0-255,2902,37478,74,165830
12061,0.000383,172.31.40.0-255,66,37544,74,165830
12062,0.000399,74.125.68.0-255,5738,43282,74,165830
12063,0.000402,172.31.40.0-255,66,43348,74,165830
12064,0.000405,74.125.68.0-255,2902,46250,74,165830
12065,0.000409,172.31.40.0-255,66,46316,74,165830
12066,0.000459,74.125.68.0-255,2902,49218,74,165830
12067,0.000463,172.31.40.0-255,66,49284,74,165830
12068,0.000476,74.125.68.0-255,1125,50409,74,165830
12069,0.00055,74.125.68.0-255,1484,51893,74,165830
12070,0.000553,74.125.68.0-255,1484,53377,74,165830
12071,0.000559,172.31.40.0-255,66,53443,74,165830
12072,0.00059,74.125.68.0-255,1484,54927,74,165830
12073,0.000592,172.31.40.0-255,66,54993,74,165830
12074,0.000608,74.125.68.0-255,1484,56477,74,165830
12075,0.000615,74.125.68.0-255,5738,62215,74,165830
12076,0.000618,172.31.40.0-255,66,62281,74,165830
12077,0.000629,172.31.40.0-255,66,62347,74,165830
12078,0.000674,74.125.68.0-255,5738,68085,74,165830
12079,0.000677,172.31.40.0-255,66,68151,74,165830
12080,0.00069,74.125.68.0-255,5020,73171,74,165830
12081,0.000693,172.31.40.0-255,66,73237,74,165830
12082,0.000938,74.125.68.0-255,1484,74721,74,165830
12083,0.00096,74.125.68.0-255,2902,77623,74,165830
12084,0.000964,172.31.40.0-255,66,77689,74,165830
12085,0.000967,74.125.68.0-255,1484,79173,74,165830
12086,0.000971,74.125.68.0-255,2902,82075,74,165830
12087,0.000974,172.31.40.0-255,66,82141,74,165830
12088,0.000998,74.125.68.0-255,5738,87879,74,165830
12089,0.001001,172.31.40.0-255,66,87945,74,165830
12090,0.001023,172.31.40.0-255,66,88011,74,165830
12091,0.001034,74.125.68.0-255,1484,89495,74,165830
12092,0.00106,172.31.40.0-255,66,89561,74,165830
12093,0.001065,74.125.68.0-255,3602,93163,74,165830
12094,0.001068,172.31.40.0-255,66,93229,74,165830
12095,0.00121,74.125.68.0-255,1484,94713,74,165830
12096,0.001229,74.125.68.0-255,2902,97615,74,165830
12097,0.001232,172.31.40.0-255,66,97681,74,165830
12098,0.001237,74.125.68.0-255,2902,100583,74,165830
12099,0.00124,172.31.40.0-255,66,100649,74,165830
12100,0.001252,74.125.68.0-255,2902,103551,74,165830
12101,0.001254,172.31.40.0-255,66,103617,74,165830
12102,0.001272,74.125.68.0-255,4320,107937,74,165830
12103,0.001274,172.31.40.0-255,66,108003,74,165830
12104,0.001297,74.125.68.0-255,5738,113741,74,165830
12105,0.0013,172.31.40.0-255,66,113807,74,165830
12106,0.001314,172.31.40.0-255,66,113873,74,165830
12107,0.001317,74.125.68.0-255,2184,116057,74,165830
12108,0.001319,172.31.40.0-255,66,116123,74,165830
12109,0.001383,74.125.68.0-255,1484,117607,74,165830
12110,0.001387,74.125.68.0-255,1484,119091,74,165830
12111,0.00139,172.31.40.0-255,66,119157,74,165830
12112,0.001408,74.125.68.0-255,1484,120641,74,165830
12113,0.001415,74.125.68.0-255,5738,126379,74,165830
12114,0.001418,172.31.40.0-255,66,126445,74,165830
12115,0.001421,74.125.68.0-255,1484,127929,74,165830
12116,0.001436,74.125.68.0-255,1484,129413,74,165830
12117,0.001438,172.31.40.0-255,66,129479,74,165830
12118,0.001467,172.31.40.0-255,66,129545,74,165830
12119,0.001471,74.125.68.0-255,1484,131029,74,165830
12120,0.001503,172.31.40.0-255,66,131095,74,165830
12121,0.001689,172.31.40.0-255,101,131196,74,165830
12122,0.001808,74.125.68.0-255,1484,132680,74,165830
12123,0.001827,74.125.68.0-255,1484,134164,74,165830
12124,0.00183,172.31.40.0-255,66,134230,74,165830
12125,0.001835,74.125.68.0-255,2902,137132,74,165830
12126,0.001838,172.31.40.0-255,66,137198,74,165830
12127,0.001841,74.125.68.0-255,1484,138682,74,165830
12128,0.001856,74.125.68.0-255,4320,143002,74,165830
12129,0.001858,172.31.40.0-255,66,143068,74,165830
12130,0.001882,172.31.40.0-255,66,143134,74,165830
12131,0.001902,74.125.68.0-255,1484,144618,74,165830
12132,0.001919,172.31.40.0-255,66,144684,74,165830
12133,0.001925,74.125.68.0-255,3602,148286,74,165830
12134,0.001927,172.31.40.0-255,66,148352,74,165830
12135,0.003851,74.125.68.0-255,66,148418,74,165830
12136,0.004131,74.125.68.0-255,5738,154156,74,165830
12137,0.004138,172.31.40.0-255,66,154222,74,165830
12138,0.006349,74.125.68.0-255,5738,159960,74,165830
12139,0.006356,172.31.40.0-255,66,160026,74,165830
12140,0.008614,74.125.68.0-255,5738,165764,74,165830
12141,0.00862,172.31.40.0-255,66,165830,74,165830
12142,0.0,172.217.160.0-255,146,146,74,131731
12143,2.2e-05,172.31.40.0-255,66,212,74,131731
12144,3e-05,172.217.160.0-255,1484,1696,74,131731
12145,3.4e-05,172.31.40.0-255,66,1762,74,131731
12146,4e-05,172.217.160.0-255,2902,4664,74,131731
12147,5.4e-05,172.31.40.0-255,66,4730,74,131731
12148,6e-05,172.217.160.0-255,4320,9050,74,131731
12149,6.3e-05,172.31.40.0-255,66,9116,74,131731
12150,8.7e-05,172.217.160.0-255,4775,13891,74,131731
12151,9e-05,172.31.40.0-255,66,13957,74,131731
12152,0.000101,172.217.160.0-255,4320,18277,74,131731
12153,0.000103,172.31.40.0-255,66,18343,74,131731
12154,0.000121,172.217.160.0-255,1484,19827,74,131731
12155,0.000128,172.31.40.0-255,66,19893,74,131731
12156,0.000134,172.217.160.0-255,4320,24213,74,131731
12157,0.000136,172.31.40.0-255,66,24279,74,131731
12158,0.000177,172.31.40.0-255,66,24345,74,131731
12159,0.000187,172.31.40.0-255,66,24411,74,131731
12160,0.000214,172.217.160.0-255,4320,28731,74,131731
12161,0.000216,172.31.40.0-255,66,28797,74,131731
12162,0.000223,172.217.160.0-255,5379,34176,74,131731
12163,0.000225,172.31.40.0-255,66,34242,74,131731
12164,0.000535,172.217.160.0-255,1484,35726,74,131731
12165,0.000541,172.31.40.0-255,66,35792,74,131731
12166,0.000574,172.217.160.0-255,2902,38694,74,131731
12167,0.000578,172.31.40.0-255,66,38760,74,131731
12168,0.000585,172.217.160.0-255,5738,44498,74,131731
12169,0.000588,172.31.40.0-255,66,44564,74,131731
12170,0.000625,172.217.160.0-255,5738,50302,74,131731
12171,0.000628,172.31.40.0-255,66,50368,74,131731
12172,0.000655,172.217.160.0-255,1432,51800,74,131731
12173,0.000833,172.217.160.0-255,370,52170,74,131731
12174,0.000837,172.31.40.0-255,66,52236,74,131731
12175,0.00092,172.217.160.0-255,1484,53720,74,131731
12176,0.000926,172.217.160.0-255,2902,56622,74,131731
12177,0.00093,172.31.40.0-255,66,56688,74,131731
12178,0.000933,172.217.160.0-255,1484,58172,74,131731
12179,0.000967,172.217.160.0-255,4320,62492,74,131731
12180,0.000969,172.31.40.0-255,66,62558,74,131731
12181,0.000997,172.31.40.0-255,66,62624,74,131731
12182,0.001007,172.31.40.0-255,66,62690,74,131731
12183,0.001049,172.217.160.0-255,5379,68069,74,131731
12184,0.001052,172.31.40.0-255,66,68135,74,131731
12185,0.001448,172.217.160.0-255,1484,69619,74,131731
12186,0.001453,172.217.160.0-255,2902,72521,74,131731
12187,0.001456,172.31.40.0-255,66,72587,74,131731
12188,0.001487,172.217.160.0-255,5738,78325,74,131731
12189,0.00149,172.31.40.0-255,66,78391,74,131731
12190,0.001523,172.31.40.0-255,66,78457,74,131731
12191,0.001544,172.217.160.0-255,1484,79941,74,131731
12192,0.001554,172.31.40.0-255,66,80007,74,131731
12193,0.001558,172.217.160.0-255,2184,82191,74,131731
12194,0.001559,172.31.40.0-255,66,82257,74,131731
12195,0.001577,172.217.160.0-255,2902,85159,74,131731
12196,0.001579,172.31.40.0-255,66,85225,74,131731
12197,0.00159,172.31.40.0-255,66,85291,74,131731
12198,0.001621,172.31.40.0-255,66,85357,74,131731
12199,0.001633,172.217.160.0-255,1484,86841,74,131731
12200,0.001651,172.217.160.0-255,4320,91161,74,131731
12201,0.001654,172.31.40.0-255,66,91227,74,131731
12202,0.001684,172.31.40.0-255,66,91293,74,131731
12203,0.0017,172.31.40.0-255,66,91359,74,131731
12204,0.001702,172.217.160.0-255,1484,92843,74,131731
12205,0.001751,172.31.40.0-255,66,92909,74,131731
12206,0.001802,172.217.160.0-255,1484,94393,74,131731
12207,0.001806,172.217.160.0-255,2902,97295,74,131731
12208,0.001809,172.31.40.0-255,66,97361,74,131731
12209,0.00184,172.217.160.0-255,5738,103099,74,131731
12210,0.001843,172.31.40.0-255,66,103165,74,131731
12211,0.001846,172.217.160.0-255,1484,104649,74,131731
12212,0.001876,172.31.40.0-255,66,104715,74,131731
12213,0.001884,172.31.40.0-255,66,104781,74,131731
12214,0.001919,172.217.160.0-255,3602,108383,74,131731
12215,0.001922,172.31.40.0-255,66,108449,74,131731
12216,0.003848,172.217.160.0-255,1484,109933,74,131731
12217,0.003887,172.217.160.0-255,4320,114253,74,131731
12218,0.003892,172.31.40.0-255,66,114319,74,131731
12219,0.00588,172.217.160.0-255,5738,120057,74,131731
12220,0.005884,172.31.40.0-255,66,120123,74,131731
12221,0.007859,172.217.160.0-255,5738,125861,74,131731
12222,0.007863,172.31.40.0-255,66,125927,74,131731
12223,0.00984,172.217.160.0-255,5738,131665,74,131731
12224,0.009847,172.31.40.0-255,66,131731,74,131731
12225,0.0,74.125.24.0-255,216,216,74,125131
12226,2.1e-05,172.31.40.0-255,66,282,74,125131
12227,2.8e-05,74.125.24.0-255,1484,1766,74,125131
12228,3.3e-05,172.31.40.0-255,66,1832,74,125131
12229,4e-05,74.125.24.0-255,4320,6152,74,125131
12230,5e-05,172.31.40.0-255,66,6218,74,125131
12231,6.1e-05,172.31.40.0-255,66,6284,74,125131
12232,6.4e-05,74.125.24.0-255,484,6768,74,125131
12233,6.6e-05,172.31.40.0-255,66,6834,74,125131
12234,0.000205,74.125.24.0-255,1484,8318,74,125131
12235,0.000209,172.31.40.0-255,66,8384,74,125131
12236,0.000214,74.125.24.0-255,2902,11286,74,125131
12237,0.000216,172.31.40.0-255,66,11352,74,125131
12238,0.000258,74.125.24.0-255,4320,15672,74,125131
12239,0.000261,172.31.40.0-255,66,15738,74,125131
12240,0.000264,74.125.24.0-255,1484,17222,74,125131
12241,0.000266,172.31.40.0-255,66,17288,74,125131
12242,0.000303,172.31.40.0-255,66,17354,74,125131
12243,0.000308,74.125.24.0-255,4320,21674,74,125131
12244,0.00031,172.31.40.0-255,66,21740,74,125131
12245,0.000352,172.31.40.0-255,66,21806,74,125131
12246,0.000357,74.125.24.0-255,5738,27544,74,125131
12247,0.00036,172.31.40.0-255,66,27610,74,125131
12248,0.000402,172.31.40.0-255,66,27676,74,125131
12249,0.000788,74.125.24.0-255,347,28023,74,125131
12250,0.000794,172.31.40.0-255,66,28089,74,125131
12251,0.000953,74.125.24.0-255,1484,29573,74,125131
12252,0.000957,172.31.40.0-255,66,29639,74,125131
12253,0.000963,74.125.24.0-255,2902,32541,74,125131
12254,0.000989,74.125.24.0-255,5738,38279,74,125131
12255,0.000993,74.125.24.0-255,2902,41181,74,125131
12256,0.001032,74.125.24.0-255,5738,46919,74,125131
12257,0.001044,74.125.24.0-255,4320,51239,74,125131
12258,0.00105,172.31.40.0-255,66,51305,74,125131
12259,0.001062,74.125.24.0-255,2902,54207,74,125131
12260,0.001078,74.125.24.0-255,2902,57109,74,125131
12261,0.001091,74.125.24.0-255,1484,58593,74,125131
12262,0.001098,172.31.40.0-255,66,58659,74,125131
12263,0.001118,74.125.24.0-255,3602,62261,74,125131
12264,0.001137,172.31.40.0-255,66,62327,74,125131
12265,0.001181,74.125.24.0-255,1484,63811,74,125131
12266,0.0012,74.125.24.0-255,2902,66713,74,125131
12267,0.001203,172.31.40.0-255,66,66779,74,125131
12268,0.001207,74.125.24.0-255,1484,68263,74,125131
12269,0.001234,74.125.24.0-255,4320,72583,74,125131
12270,0.001266,172.31.40.0-255,66,72649,74,125131
12271,0.001272,74.125.24.0-255,5738,78387,74,125131
12272,0.001283,74.125.24.0-255,5738,84125,74,125131
12273,0.001294,172.31.40.0-255,66,84191,74,125131
12274,0.001316,74.125.24.0-255,5020,89211,74,125131
12275,0.001338,172.31.40.0-255,66,89277,74,125131
12276,0.001396,74.125.24.0-255,1484,90761,74,125131
12277,0.001401,74.125.24.0-255,2902,93663,74,125131
12278,0.001416,172.31.40.0-255,66,93729,74,125131
12279,0.001444,74.125.24.0-255,5738,99467,74,125131
12280,0.001455,172.31.40.0-255,66,99533,74,125131
12281,0.001466,74.125.24.0-255,1484,101017,74,125131
12282,0.001475,74.125.24.0-255,2902,103919,74,125131
12283,0.001478,74.125.24.0-255,1484,105403,74,125131
12284,0.001493,74.125.24.0-255,4320,109723,74,125131
12285,0.001517,172.31.40.0-255,66,109789,74,125131
12286,0.001543,172.31.40.0-255,66,109855,74,125131
12287,0.001557,74.125.24.0-255,3602,113457,74,125131
12288,0.001587,172.31.40.0-255,66,113523,74,125131
12289,0.003863,74.125.24.0-255,5738,119261,74,125131
12290,0.003871,172.31.40.0-255,66,119327,74,125131
12291,0.006229,74.125.24.0-255,5738,125065,74,125131
12292,0.00771,172.31.40.0-255,66,125131,74,125131
12293,0.0,74.125.24.0-255,153,153,74,191116
12294,1.6e-05,172.31.40.0-255,66,219,74,191116
12295,2.3e-05,74.125.24.0-255,1484,1703,74,191116
12296,2.9e-05,172.31.40.0-255,66,1769,74,191116
12297,3.6e-05,74.125.24.0-255,2902,4671,74,191116
12298,3.9e-05,172.31.40.0-255,66,4737,74,191116
12299,5e-05,172.31.40.0-255,66,4803,74,191116
12300,6.8e-05,74.125.24.0-255,1935,6738,74,191116
12301,7e-05,172.31.40.0-255,66,6804,74,191116
12302,8.6e-05,74.125.24.0-255,1484,8288,74,191116
12303,8.8e-05,172.31.40.0-255,66,8354,74,191116
12304,0.000111,74.125.24.0-255,1484,9838,74,191116
12305,0.000113,172.31.40.0-255,66,9904,74,191116
12306,0.000123,172.31.40.0-255,66,9970,74,191116
12307,0.000133,172.31.40.0-255,66,10036,74,191116
12308,0.00017,74.125.24.0-255,1484,11520,74,191116
12309,0.000173,172.31.40.0-255,66,11586,74,191116
12310,0.000194,74.125.24.0-255,2902,14488,74,191116
12311,0.000196,172.31.40.0-255,66,14554,74,191116
12312,0.000202,74.125.24.0-255,5738,20292,74,191116
12313,0.000205,172.31.40.0-255,66,20358,74,191116
12314,0.00023,172.31.40.0-255,66,20424,74,191116
12315,0.001053,74.125.24.0-255,1484,21908,74,191116
12316,0.00106,172.31.40.0-255,66,21974,74,191116
12317,0.00107,74.125.24.0-255,2902,24876,74,191116
12318,0.001072,172.31.40.0-255,66,24942,74,191116
12319,0.001079,74.125.24.0-255,5738,30680,74,191116
12320,0.001081,172.31.40.0-255,66,30746,74,191116
12321,0.001086,74.125.24.0-255,4320,35066,74,191116
12322,0.001164,74.125.24.0-255,4320,39386,74,191116
12323,0.001804,74.125.24.0-255,1484,40870,74,191116
12324,0.001812,74.125.24.0-255,2902,43772,74,191116
12325,0.001836,74.125.24.0-255,5738,49510,74,191116
12326,0.00184,74.125.24.0-255,2902,52412,74,191116
12327,0.001854,74.125.24.0-255,1484,53896,74,191116
12328,0.001885,74.125.24.0-255,2902,56798,74,191116
12329,0.00189,74.125.24.0-255,2902,59700,74,191116
12330,0.001908,74.125.24.0-255,5020,64720,74,191116
12331,0.001929,74.125.24.0-255,1484,66204,74,191116
12332,0.001932,74.125.24.0-255,1484,67688,74,191116
12333,0.001946,74.125.24.0-255,1484,69172,74,191116
12334,0.00197,74.125.24.0-255,5738,74910,74,191116
12335,0.001985,74.125.24.0-255,4320,79230,74,191116
12336,0.002039,74.125.24.0-255,1484,80714,74,191116
12337,0.002064,74.125.24.0-255,2184,82898,74,191116
12338,0.002394,74.125.24.0-255,1484,84382,74,191116
12339,0.002416,74.125.24.0-255,2902,87284,74,191116
12340,0.002423,74.125.24.0-255,5738,93022,74,191116
12341,0.002427,74.125.24.0-255,2902,95924,74,191116
12342,0.002491,74.125.24.0-255,1484,97408,74,191116
12343,0.002504,74.125.24.0-255,2902,100310,74,191116
12344,0.002526,74.125.24.0-255,4320,104630,74,191116
12345,0.00254,74.125.24.0-255,4320,108950,74,191116
12346,0.002542,74.125.24.0-255,766,109716,74,191116
12347,0.002547,74.125.24.0-255,1484,111200,74,191116
12348,0.00255,74.125.24.0-255,2902,114102,74,191116
12349,0.002553,74.125.24.0-255,1484,115586,74,191116
12350,0.002556,74.125.24.0-255,1484,117070,74,191116
12351,0.002561,74.125.24.0-255,4320,121390,74,191116
12352,0.002579,74.125.24.0-255,4320,125710,74,191116
12353,0.00262,74.125.24.0-255,2902,128612,74,191116
12354,0.002641,74.125.24.0-255,5738,134350,74,191116
12355,0.002665,74.125.24.0-255,5738,140088,74,191116
12356,0.002671,74.125.24.0-255,3602,143690,74,191116
12357,0.002673,74.125.24.0-255,1484,145174,74,191116
12358,0.002676,74.125.24.0-255,1484,146658,74,191116
12359,0.002771,74.125.24.0-255,2184,148842,74,191116
12360,0.0029,74.125.24.0-255,1484,150326,74,191116
12361,0.002919,74.125.24.0-255,2902,153228,74,191116
12362,0.002922,74.125.24.0-255,1484,154712,74,191116
12363,0.002944,74.125.24.0-255,4320,159032,74,191116
12364,0.002951,74.125.24.0-255,5738,164770,74,191116
12365,0.003008,74.125.24.0-255,4320,169090,74,191116
12366,0.003055,74.125.24.0-255,1484,170574,74,191116
12367,0.003067,74.125.24.0-255,1484,172058,74,191116
12368,0.003072,74.125.24.0-255,2902,174960,74,191116
12369,0.003097,74.125.24.0-255,5738,180698,74,191116
12370,0.00318,74.125.24.0-255,4320,185018,74,191116
12371,0.003206,74.125.24.0-255,5927,190945,74,191116
12372,0.003217,74.125.24.0-255,105,191050,74,191116
12373,0.007843,172.31.40.0-255,66,191116,74,191116
12374,0.0,172.217.194.0-255,152,152,74,106031
12375,1.5e-05,172.31.40.0-255,66,218,74,106031
12376,2.2e-05,172.217.194.0-255,1484,1702,74,106031
12377,2.7e-05,172.31.40.0-255,66,1768,74,106031
12378,4e-05,172.217.194.0-255,2902,4670,74,106031
12379,4.4e-05,172.31.40.0-255,66,4736,74,106031
12380,5.5e-05,172.31.40.0-255,66,4802,74,106031
12381,6.7e-05,172.217.194.0-255,2902,7704,74,106031
12382,7e-05,172.31.40.0-255,66,7770,74,106031
12383,0.0001,172.31.40.0-255,66,7836,74,106031
12384,0.000126,172.31.40.0-255,66,7902,74,106031
12385,0.00028,172.217.194.0-255,1484,9386,74,106031
12386,0.000285,172.31.40.0-255,66,9452,74,106031
12387,0.000291,172.217.194.0-255,2902,12354,74,106031
12388,0.000293,172.31.40.0-255,66,12420,74,106031
12389,0.000297,172.217.194.0-255,1484,13904,74,106031
12390,0.000299,172.31.40.0-255,66,13970,74,106031
12391,0.00033,172.217.194.0-255,4320,18290,74,106031
12392,0.000333,172.31.40.0-255,66,18356,74,106031
12393,0.000336,172.217.194.0-255,2902,21258,74,106031
12394,0.000338,172.31.40.0-255,66,21324,74,106031
12395,0.000341,172.217.194.0-255,1484,22808,74,106031
12396,0.000344,172.31.40.0-255,66,22874,74,106031
12397,0.000393,172.31.40.0-255,66,22940,74,106031
12398,0.000402,172.31.40.0-255,66,23006,74,106031
12399,0.000432,172.217.194.0-255,2543,25549,74,106031
12400,0.000435,172.31.40.0-255,66,25615,74,106031
12401,0.000864,172.217.194.0-255,646,26261,74,106031
12402,0.000971,172.217.194.0-255,1484,27745,74,106031
12403,0.000976,172.31.40.0-255,66,27811,74,106031
12404,0.000982,172.217.194.0-255,2902,30713,74,106031
12405,0.000984,172.31.40.0-255,66,30779,74,106031
12406,0.000995,172.217.194.0-255,5738,36517,74,106031
12407,0.000998,172.31.40.0-255,66,36583,74,106031
12408,0.001037,172.31.40.0-255,66,36649,74,106031
12409,0.001048,172.31.40.0-255,66,36715,74,106031
12410,0.001076,172.217.194.0-255,2184,38899,74,106031
12411,0.001079,172.31.40.0-255,66,38965,74,106031
12412,0.001557,172.217.194.0-255,1484,40449,74,106031
12413,0.001567,172.217.194.0-255,2902,43351,74,106031
12414,0.001571,172.31.40.0-255,66,43417,74,106031
12415,0.001579,172.217.194.0-255,5738,49155,74,106031
12416,0.001581,172.31.40.0-255,66,49221,74,106031
12417,0.001585,172.217.194.0-255,1484,50705,74,106031
12418,0.001614,172.217.194.0-255,4320,55025,74,106031
12419,0.001617,172.31.40.0-255,66,55091,74,106031
12420,0.001629,172.31.40.0-255,66,55157,74,106031
12421,0.001662,172.217.194.0-255,2902,58059,74,106031
12422,0.001665,172.31.40.0-255,66,58125,74,106031
12423,0.001673,172.217.194.0-255,5020,63145,74,106031
12424,0.001675,172.31.40.0-255,66,63211,74,106031
12425,0.001706,172.217.194.0-255,1484,64695,74,106031
12426,0.001712,172.217.194.0-255,2902,67597,74,106031
12427,0.001714,172.31.40.0-255,66,67663,74,106031
12428,0.001718,172.217.194.0-255,1484,69147,74,106031
12429,0.001742,172.217.194.0-255,4320,73467,74,106031
12430,0.001745,172.31.40.0-255,66,73533,74,106031
12431,0.001753,172.31.40.0-255,66,73599,74,106031
12432,0.001794,172.31.40.0-255,66,73665,74,106031
12433,0.001798,172.217.194.0-255,2184,75849,74,106031
12434,0.001801,172.31.40.0-255,66,75915,74,106031
12435,0.001852,172.217.194.0-255,1484,77399,74,106031
12436,0.001856,172.217.194.0-255,1484,78883,74,106031
12437,0.001859,172.31.40.0-255,66,78949,74,106031
12438,0.00189,172.217.194.0-255,1484,80433,74,106031
12439,0.001897,172.217.194.0-255,5738,86171,74,106031
12440,0.0019,172.31.40.0-255,66,86237,74,106031
12441,0.00191,172.31.40.0-255,66,86303,74,106031
12442,0.001952,172.31.40.0-255,66,86369,74,106031
12443,0.001956,172.217.194.0-255,2184,88553,74,106031
12444,0.001959,172.31.40.0-255,66,88619,74,106031
12445,0.003962,172.217.194.0-255,5738,94357,74,106031
12446,0.003969,172.31.40.0-255,66,94423,74,106031
12447,0.006009,172.217.194.0-255,5738,100161,74,106031
12448,0.006016,172.31.40.0-255,66,100227,74,106031
12449,0.008053,172.217.194.0-255,5738,105965,74,106031
12450,0.008059,172.31.40.0-255,66,106031,74,106031
12451,0.0,74.125.200.0-255,153,153,74,111180
12452,2e-05,172.31.40.0-255,66,219,74,111180
12453,2.7e-05,74.125.200.0-255,1484,1703,74,111180
12454,3.1e-05,172.31.40.0-255,66,1769,74,111180
12455,3.6e-05,74.125.200.0-255,2902,4671,74,111180
12456,4.6e-05,172.31.40.0-255,66,4737,74,111180
12457,5.3e-05,74.125.200.0-255,5738,10475,74,111180
12458,5.7e-05,172.31.40.0-255,66,10541,74,111180
12459,7.8e-05,74.125.200.0-255,3457,13998,74,111180
12460,8.5e-05,172.31.40.0-255,66,14064,74,111180
12461,0.000121,74.125.200.0-255,1484,15548,74,111180
12462,0.000124,172.31.40.0-255,66,15614,74,111180
12463,0.000152,74.125.200.0-255,2902,18516,74,111180
12464,0.000154,172.31.40.0-255,66,18582,74,111180
12465,0.000186,74.125.200.0-255,5738,24320,74,111180
12466,0.00019,172.31.40.0-255,66,24386,74,111180
12467,0.000194,74.125.200.0-255,2902,27288,74,111180
12468,0.000196,172.31.40.0-255,66,27354,74,111180
12469,0.000206,74.125.200.0-255,3961,31315,74,111180
12470,0.000209,172.31.40.0-255,66,31381,74,111180
12471,0.000239,74.125.200.0-255,2902,34283,74,111180
12472,0.000241,172.31.40.0-255,66,34349,74,111180
12473,0.000247,74.125.200.0-255,4320,38669,74,111180
12474,0.000249,172.31.40.0-255,66,38735,74,111180
12475,0.000259,74.125.200.0-255,4320,43055,74,111180
12476,0.000262,172.31.40.0-255,66,43121,74,111180
12477,0.000288,74.125.200.0-255,4320,47441,74,111180
12478,0.000295,172.31.40.0-255,66,47507,74,111180
12479,0.000298,74.125.200.0-255,1125,48632,74,111180
12480,0.0003,172.31.40.0-255,66,48698,74,111180
12481,0.000383,74.125.200.0-255,1484,50182,74,111180
12482,0.000387,172.31.40.0-255,66,50248,74,111180
12483,0.000393,74.125.200.0-255,2902,53150,74,111180
12484,0.000395,172.31.40.0-255,66,53216,74,111180
12485,0.000399,74.125.200.0-255,1484,54700,74,111180
12486,0.000401,172.31.40.0-255,66,54766,74,111180
12487,0.000447,74.125.200.0-255,4320,59086,74,111180
12488,0.000451,172.31.40.0-255,66,59152,74,111180
12489,0.000457,74.125.200.0-255,5738,64890,74,111180
12490,0.00046,172.31.40.0-255,66,64956,74,111180
12491,0.000507,74.125.200.0-255,1704,66660,74,111180
12492,0.000511,172.31.40.0-255,66,66726,74,111180
12493,0.001113,74.125.200.0-255,1484,68210,74,111180
12494,0.001118,172.31.40.0-255,66,68276,74,111180
12495,0.001124,74.125.200.0-255,2902,71178,74,111180
12496,0.001126,172.31.40.0-255,66,71244,74,111180
12497,0.001155,74.125.200.0-255,1484,72728,74,111180
12498,0.001158,172.31.40.0-255,66,72794,74,111180
12499,0.001167,74.125.200.0-255,2902,75696,74,111180
12500,0.001169,172.31.40.0-255,66,75762,74,111180
12501,0.001208,74.125.200.0-255,4320,80082,74,111180
12502,0.001211,172.31.40.0-255,66,80148,74,111180
12503,0.001218,74.125.200.0-255,5738,85886,74,111180
12504,0.00122,172.31.40.0-255,66,85952,74,111180
12505,0.001255,74.125.200.0-255,2902,88854,74,111180
12506,0.001259,172.31.40.0-255,66,88920,74,111180
12507,0.001268,74.125.200.0-255,4320,93240,74,111180
12508,0.00127,172.31.40.0-255,66,93306,74,111180
12509,0.001299,172.31.40.0-255,66,93372,74,111180
12510,0.003631,74.125.200.0-255,4320,97692,74,111180
12511,0.003638,172.31.40.0-255,66,97758,74,111180
12512,0.003665,74.125.200.0-255,1484,99242,74,111180
12513,0.003668,172.31.40.0-255,66,99308,74,111180
12514,0.005952,74.125.200.0-255,4320,103628,74,111180
12515,0.005958,172.31.40.0-255,66,103694,74,111180
12516,0.005988,74.125.200.0-255,1484,105178,74,111180
12517,0.00599,172.31.40.0-255,66,105244,74,111180
12518,0.00828,74.125.200.0-255,4320,109564,74,111180
12519,0.008288,172.31.40.0-255,66,109630,74,111180
12520,0.008319,74.125.200.0-255,1484,111114,74,111180
12521,0.008322,172.31.40.0-255,66,111180,74,111180
12522,0.0,172.31.40.0-255,105,105,74,459
12523,0.00027,172.31.40.0-255,90,195,74,459
12524,0.000291,172.31.40.0-255,66,261,74,459
12525,0.002903,74.125.24.0-255,66,327,74,459
12526,0.002937,74.125.24.0-255,66,393,74,459
12527,0.002962,172.31.40.0-255,66,459,74,459
12528,0.0,172.217.194.0-255,147,147,74,92386
12529,1.4e-05,172.31.40.0-255,66,213,74,92386
12530,2.1e-05,172.217.194.0-255,1484,1697,74,92386
12531,2.6e-05,172.31.40.0-255,66,1763,74,92386
12532,3.2e-05,172.217.194.0-255,2902,4665,74,92386
12533,4.2e-05,172.31.40.0-255,66,4731,74,92386
12534,4.7e-05,172.217.194.0-255,4320,9051,74,92386
12535,5.2e-05,172.31.40.0-255,66,9117,74,92386
12536,9.7e-05,172.217.194.0-255,4854,13971,74,92386
12537,0.000101,172.31.40.0-255,66,14037,74,92386
12538,0.000551,172.217.194.0-255,1484,15521,74,92386
12539,0.000557,172.31.40.0-255,66,15587,74,92386
12540,0.000566,172.217.194.0-255,2902,18489,74,92386
12541,0.000569,172.31.40.0-255,66,18555,74,92386
12542,0.000576,172.217.194.0-255,5738,24293,74,92386
12543,0.000578,172.31.40.0-255,66,24359,74,92386
12544,0.000591,172.217.194.0-255,4320,28679,74,92386
12545,0.000593,172.31.40.0-255,66,28745,74,92386
12546,0.000633,172.31.40.0-255,66,28811,74,92386
12547,0.000639,172.217.194.0-255,5738,34549,74,92386
12548,0.000642,172.31.40.0-255,66,34615,74,92386
12549,0.0007,172.217.194.0-255,5738,40353,74,92386
12550,0.000704,172.31.40.0-255,66,40419,74,92386
12551,0.000748,172.31.40.0-255,66,40485,74,92386
12552,0.000751,172.217.194.0-255,392,40877,74,92386
12553,0.000752,172.31.40.0-255,66,40943,74,92386
12554,0.000756,172.217.194.0-255,1484,42427,74,92386
12555,0.000758,172.31.40.0-255,66,42493,74,92386
12556,0.000769,172.217.194.0-255,4320,46813,74,92386
12557,0.000772,172.31.40.0-255,66,46879,74,92386
12558,0.000775,172.217.194.0-255,1484,48363,74,92386
12559,0.000816,172.31.40.0-255,66,48429,74,92386
12560,0.000834,172.31.40.0-255,66,48495,74,92386
12561,0.000838,172.217.194.0-255,2184,50679,74,92386
12562,0.00084,172.31.40.0-255,66,50745,74,92386
12563,0.000976,172.217.194.0-255,1484,52229,74,92386
12564,0.000996,172.217.194.0-255,2902,55131,74,92386
12565,0.001,172.31.40.0-255,66,55197,74,92386
12566,0.00103,172.217.194.0-255,5738,60935,74,92386
12567,0.001034,172.31.40.0-255,66,61001,74,92386
12568,0.001047,172.31.40.0-255,66,61067,74,92386
12569,0.001051,172.217.194.0-255,2902,63969,74,92386
12570,0.001055,172.31.40.0-255,66,64035,74,92386
12571,0.001077,172.217.194.0-255,5738,69773,74,92386
12572,0.00108,172.31.40.0-255,66,69839,74,92386
12573,0.001111,172.31.40.0-255,66,69905,74,92386
12574,0.001119,172.31.40.0-255,66,69971,74,92386
12575,0.00114,172.217.194.0-255,1484,71455,74,92386
12576,0.001154,172.31.40.0-255,66,71521,74,92386
12577,0.001195,172.31.40.0-255,66,71587,74,92386
12578,0.001223,172.217.194.0-255,3602,75189,74,92386
12579,0.001225,172.31.40.0-255,66,75255,74,92386
12580,0.001431,172.217.194.0-255,1484,76739,74,92386
12581,0.001438,172.217.194.0-255,2902,79641,74,92386
12582,0.001443,172.31.40.0-255,66,79707,74,92386
12583,0.001446,172.217.194.0-255,1484,81191,74,92386
12584,0.001475,172.217.194.0-255,4320,85511,74,92386
12585,0.001478,172.31.40.0-255,66,85577,74,92386
12586,0.001489,172.31.40.0-255,66,85643,74,92386
12587,0.001532,172.31.40.0-255,66,85709,74,92386
12588,0.001608,172.31.40.0-255,66,85775,74,92386
12589,0.001621,172.31.40.0-255,66,85841,74,92386
12590,0.001639,172.31.40.0-255,66,85907,74,92386
12591,0.001653,172.31.40.0-255,66,85973,74,92386
12592,0.001666,172.31.40.0-255,66,86039,74,92386
12593,0.001703,172.31.40.0-255,66,86105,74,92386
12594,0.001721,172.31.40.0-255,66,86171,74,92386
12595,0.001734,172.31.40.0-255,66,86237,74,92386
12596,0.001761,172.217.194.0-255,1484,87721,74,92386
12597,0.001786,172.31.40.0-255,66,87787,74,92386
12598,0.001829,172.31.40.0-255,66,87853,74,92386
12599,0.001853,172.31.40.0-255,66,87919,74,92386
12600,0.001856,172.217.194.0-255,1484,89403,74,92386
12601,0.001908,172.31.40.0-255,66,89469,74,92386
12602,0.001958,172.31.40.0-255,66,89535,74,92386
12603,0.001978,172.217.194.0-255,2443,91978,74,92386
12604,0.00198,172.31.40.0-255,66,92044,74,92386
12605,0.00199,172.217.194.0-255,105,92149,74,92386
12606,0.005274,172.31.40.0-255,66,92215,74,92386
12607,0.005312,172.31.40.0-255,105,92320,74,92386
12608,0.007874,172.217.194.0-255,66,92386,74,92386
12609,0.0,172.217.194.0-255,152,152,74,187205
12610,2.2e-05,172.31.40.0-255,66,218,74,187205
12611,3e-05,172.217.194.0-255,1484,1702,74,187205
12612,3.4e-05,172.31.40.0-255,66,1768,74,187205
12613,4e-05,172.217.194.0-255,2902,4670,74,187205
12614,5.3e-05,172.31.40.0-255,66,4736,74,187205
12615,6.5e-05,172.31.40.0-255,66,4802,74,187205
12616,7.8e-05,172.31.40.0-255,66,4868,74,187205
12617,0.000103,172.217.194.0-255,4839,9707,74,187205
12618,0.000111,172.31.40.0-255,66,9773,74,187205
12619,0.000117,172.217.194.0-255,3961,13734,74,187205
12620,0.00012,172.31.40.0-255,66,13800,74,187205
12621,0.000156,172.217.194.0-255,1484,15284,74,187205
12622,0.000158,172.31.40.0-255,66,15350,74,187205
12623,0.000171,172.217.194.0-255,2902,18252,74,187205
12624,0.000178,172.31.40.0-255,66,18318,74,187205
12625,0.000206,172.217.194.0-255,4320,22638,74,187205
12626,0.000209,172.31.40.0-255,66,22704,74,187205
12627,0.000234,172.217.194.0-255,1484,24188,74,187205
12628,0.000237,172.31.40.0-255,66,24254,74,187205
12629,0.000248,172.31.40.0-255,66,24320,74,187205
12630,0.000269,172.31.40.0-255,66,24386,74,187205
12631,0.000272,172.217.194.0-255,708,25094,74,187205
12632,0.000273,172.31.40.0-255,66,25160,74,187205
12633,0.000373,172.217.194.0-255,1484,26644,74,187205
12634,0.000376,172.31.40.0-255,66,26710,74,187205
12635,0.000382,172.217.194.0-255,2902,29612,74,187205
12636,0.000385,172.31.40.0-255,66,29678,74,187205
12637,0.000419,172.217.194.0-255,5738,35416,74,187205
12638,0.000422,172.31.40.0-255,66,35482,74,187205
12639,0.000446,172.31.40.0-255,66,35548,74,187205
12640,0.000478,172.31.40.0-255,66,35614,74,187205
12641,0.000481,172.217.194.0-255,1484,37098,74,187205
12642,0.000488,172.217.194.0-255,4320,41418,74,187205
12643,0.00049,172.31.40.0-255,66,41484,74,187205
12644,0.000521,172.217.194.0-255,3961,45445,74,187205
12645,0.000524,172.31.40.0-255,66,45511,74,187205
12646,0.000971,172.217.194.0-255,1484,46995,74,187205
12647,0.000978,172.217.194.0-255,2902,49897,74,187205
12648,0.000982,172.31.40.0-255,66,49963,74,187205
12649,0.001019,172.217.194.0-255,2902,52865,74,187205
12650,0.001021,172.31.40.0-255,66,52931,74,187205
12651,0.001051,172.217.194.0-255,2902,55833,74,187205
12652,0.001053,172.31.40.0-255,66,55899,74,187205
12653,0.001059,172.217.194.0-255,4320,60219,74,187205
12654,0.00106,172.31.40.0-255,66,60285,74,187205
12655,0.001073,172.31.40.0-255,66,60351,74,187205
12656,0.001083,172.31.40.0-255,66,60417,74,187205
12657,0.001202,172.217.194.0-255,1484,61901,74,187205
12658,0.001205,172.217.194.0-255,1484,63385,74,187205
12659,0.001211,172.31.40.0-255,66,63451,74,187205
12660,0.00122,172.217.194.0-255,1484,64935,74,187205
12661,0.001246,172.217.194.0-255,4320,69255,74,187205
12662,0.00125,172.31.40.0-255,66,69321,74,187205
12663,0.001259,172.217.194.0-255,1484,70805,74,187205
12664,0.001264,172.217.194.0-255,2902,73707,74,187205
12665,0.001267,172.31.40.0-255,66,73773,74,187205
12666,0.001278,172.217.194.0-255,5738,79511,74,187205
12667,0.00128,172.31.40.0-255,66,79577,74,187205
12668,0.001306,172.217.194.0-255,4320,83897,74,187205
12669,0.001308,172.31.40.0-255,66,83963,74,187205
12670,0.001313,172.217.194.0-255,2902,86865,74,187205
12671,0.001315,172.31.40.0-255,66,86931,74,187205
12672,0.001355,172.31.40.0-255,66,86997,74,187205
12673,0.001709,172.217.194.0-255,1484,88481,74,187205
12674,0.001724,172.217.194.0-255,1484,89965,74,187205
12675,0.001733,172.31.40.0-255,66,90031,74,187205
12676,0.001738,172.217.194.0-255,1484,91515,74,187205
12677,0.001767,172.217.194.0-255,5738,97253,74,187205
12678,0.00177,172.31.40.0-255,66,97319,74,187205
12679,0.001793,172.217.194.0-255,5738,103057,74,187205
12680,0.001796,172.31.40.0-255,66,103123,74,187205
12681,0.001805,172.31.40.0-255,66,103189,74,187205
12682,0.001843,172.217.194.0-255,4320,107509,74,187205
12683,0.001845,172.31.40.0-255,66,107575,74,187205
12684,0.001867,172.31.40.0-255,66,107641,74,187205
12685,0.001933,172.217.194.0-255,1484,109125,74,187205
12686,0.001939,172.217.194.0-255,2902,112027,74,187205
12687,0.001942,172.31.40.0-255,66,112093,74,187205
12688,0.001979,172.217.194.0-255,5738,117831,74,187205
12689,0.002,172.31.40.0-255,66,117897,74,187205
12690,0.002003,172.31.40.0-255,66,117963,74,187205
12691,0.00201,172.31.40.0-255,66,118029,74,187205
12692,0.002021,172.217.194.0-255,5738,123767,74,187205
12693,0.002023,172.31.40.0-255,66,123833,74,187205
12694,0.002035,172.217.194.0-255,2184,126017,74,187205
12695,0.002037,172.31.40.0-255,66,126083,74,187205
12696,0.002074,172.217.194.0-255,1484,127567,74,187205
12697,0.002079,172.217.194.0-255,2902,130469,74,187205
12698,0.002082,172.31.40.0-255,66,130535,74,187205
12699,0.002088,172.217.194.0-255,2902,133437,74,187205
12700,0.00209,172.31.40.0-255,66,133503,74,187205
12701,0.002125,172.217.194.0-255,2902,136405,74,187205
12702,0.002128,172.31.40.0-255,66,136471,74,187205
12703,0.002145,172.31.40.0-255,66,136537,74,187205
12704,0.002177,172.217.194.0-255,4320,140857,74,187205
12705,0.00218,172.31.40.0-255,66,140923,74,187205
12706,0.002186,172.217.194.0-255,5738,146661,74,187205
12707,0.002188,172.31.40.0-255,66,146727,74,187205
12708,0.002211,172.217.194.0-255,5020,151747,74,187205
12709,0.002468,172.217.194.0-255,1484,153231,74,187205
12710,0.002474,172.217.194.0-255,2902,156133,74,187205
12711,0.002494,172.217.194.0-255,2902,159035,74,187205
12712,0.002505,172.217.194.0-255,2902,161937,74,187205
12713,0.002631,172.217.194.0-255,1484,163421,74,187205
12714,0.002636,172.217.194.0-255,2902,166323,74,187205
12715,0.002662,172.217.194.0-255,5738,172061,74,187205
12716,0.002668,172.217.194.0-255,4320,176381,74,187205
12717,0.002685,172.217.194.0-255,2902,179283,74,187205
12718,0.002692,172.217.194.0-255,5738,185021,74,187205
12719,0.002718,172.217.194.0-255,2184,187205,74,187205
12720,0.0,172.31.40.0-255,105,105,74,276
12721,0.001762,157.240.24.0-255,105,210,74,276
12722,0.001773,172.31.40.0-255,66,276,74,276
12723,0.0,74.125.68.0-255,143,143,74,89499
12724,1.7e-05,172.31.40.0-255,66,209,74,89499
12725,2.4e-05,74.125.68.0-255,1484,1693,74,89499
12726,2.8e-05,172.31.40.0-255,66,1759,74,89499
12727,3.4e-05,74.125.68.0-255,2902,4661,74,89499
12728,4.5e-05,172.31.40.0-255,66,4727,74,89499
12729,7.4e-05,74.125.68.0-255,1484,6211,74,89499
12730,7.7e-05,172.31.40.0-255,66,6277,74,89499
12731,0.000154,74.125.68.0-255,1484,7761,74,89499
12732,0.000157,172.31.40.0-255,66,7827,74,89499
12733,0.000207,74.125.68.0-255,2902,10729,74,89499
12734,0.000211,172.31.40.0-255,66,10795,74,89499
12735,0.000215,74.125.68.0-255,1484,12279,74,89499
12736,0.000217,172.31.40.0-255,66,12345,74,89499
12737,0.00027,74.125.68.0-255,1484,13829,74,89499
12738,0.000273,172.31.40.0-255,66,13895,74,89499
12739,0.0003,74.125.68.0-255,585,14480,74,89499
12740,0.000303,172.31.40.0-255,66,14546,74,89499
12741,0.000695,74.125.68.0-255,1484,16030,74,89499
12742,0.000701,172.31.40.0-255,66,16096,74,89499
12743,0.00071,74.125.68.0-255,2902,18998,74,89499
12744,0.000712,172.31.40.0-255,66,19064,74,89499
12745,0.000732,74.125.68.0-255,1484,20548,74,89499
12746,0.000734,172.31.40.0-255,66,20614,74,89499
12747,0.000761,74.125.68.0-255,2902,23516,74,89499
12748,0.000764,172.31.40.0-255,66,23582,74,89499
12749,0.000795,74.125.68.0-255,5738,29320,74,89499
12750,0.000798,172.31.40.0-255,66,29386,74,89499
12751,0.000837,74.125.68.0-255,2543,31929,74,89499
12752,0.000842,172.31.40.0-255,66,31995,74,89499
12753,0.000895,74.125.68.0-255,2902,34897,74,89499
12754,0.000899,172.31.40.0-255,66,34963,74,89499
12755,0.000948,74.125.68.0-255,1484,36447,74,89499
12756,0.001015,74.125.68.0-255,1484,37931,74,89499
12757,0.001019,172.31.40.0-255,66,37997,74,89499
12758,0.001052,74.125.68.0-255,1484,39481,74,89499
12759,0.001057,74.125.68.0-255,2902,42383,74,89499
12760,0.001067,172.31.40.0-255,66,42449,74,89499
12761,0.001074,74.125.68.0-255,5738,48187,74,89499
12762,0.001077,172.31.40.0-255,66,48253,74,89499
12763,0.0011,74.125.68.0-255,1484,49737,74,89499
12764,0.001138,74.125.68.0-255,1484,51221,74,89499
12765,0.001142,172.31.40.0-255,66,51287,74,89499
12766,0.001185,74.125.68.0-255,1484,52771,74,89499
12767,0.001212,74.125.68.0-255,1484,54255,74,89499
12768,0.001215,172.31.40.0-255,66,54321,74,89499
12769,0.001225,74.125.68.0-255,1484,55805,74,89499
12770,0.001232,74.125.68.0-255,1484,57289,74,89499
12771,0.001235,172.31.40.0-255,66,57355,74,89499
12772,0.001308,74.125.68.0-255,2902,60257,74,89499
12773,0.001311,172.31.40.0-255,66,60323,74,89499
12774,0.001339,74.125.68.0-255,4320,64643,74,89499
12775,0.001341,172.31.40.0-255,66,64709,74,89499
12776,0.001344,74.125.68.0-255,1484,66193,74,89499
12777,0.00137,74.125.68.0-255,766,66959,74,89499
12778,0.001374,172.31.40.0-255,66,67025,74,89499
12779,0.001917,74.125.68.0-255,412,67437,74,89499
12780,0.003404,74.125.68.0-255,1484,68921,74,89499
12781,0.00341,172.31.40.0-255,66,68987,74,89499
12782,0.00344,74.125.68.0-255,2902,71889,74,89499
12783,0.003442,172.31.40.0-255,66,71955,74,89499
12784,0.00548,74.125.68.0-255,2902,74857,74,89499
12785,0.005486,172.31.40.0-255,66,74923,74,89499
12786,0.005513,74.125.68.0-255,2902,77825,74,89499
12787,0.005516,172.31.40.0-255,66,77891,74,89499
12788,0.007612,74.125.68.0-255,5738,83629,74,89499
12789,0.00762,172.31.40.0-255,66,83695,74,89499
12790,0.009759,74.125.68.0-255,5738,89433,74,89499
12791,0.009768,172.31.40.0-255,66,89499,74,89499
12792,0.0,172.31.40.0-255,105,105,74,459
12793,0.000228,172.31.40.0-255,90,195,74,459
12794,0.000238,172.31.40.0-255,66,261,74,459
12795,0.002463,74.125.200.0-255,66,327,74,459
12796,0.002481,74.125.200.0-255,66,393,74,459
12797,0.002495,172.31.40.0-255,66,459,74,459
12798,0.0,172.31.40.0-255,66,66,74,66
12799,0.0,172.217.194.0-255,146,146,74,169784
12800,2.4e-05,172.31.40.0-255,66,212,74,169784
12801,3.1e-05,172.217.194.0-255,1484,1696,74,169784
12802,3.5e-05,172.31.40.0-255,66,1762,74,169784
12803,4.9e-05,172.217.194.0-255,2902,4664,74,169784
12804,5.4e-05,172.31.40.0-255,66,4730,74,169784
12805,5.9e-05,172.217.194.0-255,4320,9050,74,169784
12806,6.2e-05,172.31.40.0-255,66,9116,74,169784
12807,7.6e-05,172.31.40.0-255,66,9182,74,169784
12808,8.9e-05,172.31.40.0-255,66,9248,74,169784
12809,0.000196,172.217.194.0-255,1484,10732,74,169784
12810,0.0002,172.31.40.0-255,66,10798,74,169784
12811,0.000206,172.217.194.0-255,2902,13700,74,169784
12812,0.000208,172.31.40.0-255,66,13766,74,169784
12813,0.000211,172.217.194.0-255,1484,15250,74,169784
12814,0.000219,172.31.40.0-255,66,15316,74,169784
12815,0.000253,172.217.194.0-255,4320,19636,74,169784
12816,0.000257,172.31.40.0-255,66,19702,74,169784
12817,0.000269,172.31.40.0-255,66,19768,74,169784
12818,0.000272,172.217.194.0-255,1484,21252,74,169784
12819,0.000274,172.31.40.0-255,66,21318,74,169784
12820,0.000322,172.31.40.0-255,66,21384,74,169784
12821,0.000436,172.217.194.0-255,99,21483,74,169784
12822,0.000441,172.31.40.0-255,66,21549,74,169784
12823,0.000573,172.217.194.0-255,1484,23033,74,169784
12824,0.000578,172.31.40.0-255,66,23099,74,169784
12825,0.000583,172.217.194.0-255,2902,26001,74,169784
12826,0.000586,172.31.40.0-255,66,26067,74,169784
12827,0.000591,172.217.194.0-255,2902,28969,74,169784
12828,0.000597,172.31.40.0-255,66,29035,74,169784
12829,0.000619,172.217.194.0-255,2902,31937,74,169784
12830,0.000625,172.217.194.0-255,5738,37675,74,169784
12831,0.000631,172.31.40.0-255,66,37741,74,169784
12832,0.000643,172.31.40.0-255,66,37807,74,169784
12833,0.000654,172.31.40.0-255,66,37873,74,169784
12834,0.000666,172.31.40.0-255,66,37939,74,169784
12835,0.000751,172.31.40.0-255,66,38005,74,169784
12836,0.000754,172.217.194.0-255,1484,39489,74,169784
12837,0.000759,172.217.194.0-255,2902,42391,74,169784
12838,0.000761,172.31.40.0-255,66,42457,74,169784
12839,0.000766,172.217.194.0-255,2902,45359,74,169784
12840,0.000768,172.31.40.0-255,66,45425,74,169784
12841,0.000793,172.217.194.0-255,2902,48327,74,169784
12842,0.000796,172.31.40.0-255,66,48393,74,169784
12843,0.000808,172.31.40.0-255,66,48459,74,169784
12844,0.000883,172.217.194.0-255,4320,52779,74,169784
12845,0.000886,172.31.40.0-255,66,52845,74,169784
12846,0.000891,172.31.40.0-255,66,52911,74,169784
12847,0.000935,172.217.194.0-255,2543,55454,74,169784
12848,0.000937,172.217.194.0-255,1484,56938,74,169784
12849,0.000951,172.31.40.0-255,66,57004,74,169784
12850,0.000956,172.217.194.0-255,2902,59906,74,169784
12851,0.000961,172.31.40.0-255,66,59972,74,169784
12852,0.000996,172.217.194.0-255,5738,65710,74,169784
12853,0.001018,172.31.40.0-255,66,65776,74,169784
12854,0.001204,172.217.194.0-255,1484,67260,74,169784
12855,0.00121,172.217.194.0-255,2902,70162,74,169784
12856,0.001214,172.31.40.0-255,66,70228,74,169784
12857,0.001242,172.217.194.0-255,5738,75966,74,169784
12858,0.001247,172.217.194.0-255,2902,78868,74,169784
12859,0.001261,172.217.194.0-255,2902,81770,74,169784
12860,0.001264,172.217.194.0-255,1484,83254,74,169784
12861,0.00127,172.31.40.0-255,66,83320,74,169784
12862,0.001308,172.217.194.0-255,2902,86222,74,169784
12863,0.00132,172.217.194.0-255,2184,88406,74,169784
12864,0.001328,172.31.40.0-255,66,88472,74,169784
12865,0.001354,172.217.194.0-255,1484,89956,74,169784
12866,0.001359,172.217.194.0-255,2902,92858,74,169784
12867,0.001369,172.217.194.0-255,1484,94342,74,169784
12868,0.001386,172.217.194.0-255,4320,98662,74,169784
12869,0.001397,172.31.40.0-255,66,98728,74,169784
12870,0.001401,172.217.194.0-255,2902,101630,74,169784
12871,0.001406,172.31.40.0-255,66,101696,74,169784
12872,0.001464,172.31.40.0-255,66,101762,74,169784
12873,0.001471,172.217.194.0-255,2184,103946,74,169784
12874,0.001482,172.31.40.0-255,66,104012,74,169784
12875,0.001678,172.217.194.0-255,1484,105496,74,169784
12876,0.001699,172.217.194.0-255,2902,108398,74,169784
12877,0.001705,172.217.194.0-255,5738,114136,74,169784
12878,0.001716,172.31.40.0-255,66,114202,74,169784
12879,0.001738,172.217.194.0-255,5738,119940,74,169784
12880,0.001761,172.217.194.0-255,1484,121424,74,169784
12881,0.001764,172.217.194.0-255,1484,122908,74,169784
12882,0.00177,172.31.40.0-255,66,122974,74,169784
12883,0.001782,172.217.194.0-255,1484,124458,74,169784
12884,0.001788,172.217.194.0-255,5738,130196,74,169784
12885,0.00183,172.31.40.0-255,66,130262,74,169784
12886,0.001839,172.217.194.0-255,766,131028,74,169784
12887,0.001885,172.217.194.0-255,1484,132512,74,169784
12888,0.001889,172.31.40.0-255,66,132578,74,169784
12889,0.001906,172.217.194.0-255,2902,135480,74,169784
12890,0.001924,172.31.40.0-255,66,135546,74,169784
12891,0.001931,172.217.194.0-255,5738,141284,74,169784
12892,0.00195,172.31.40.0-255,66,141350,74,169784
12893,0.001991,172.31.40.0-255,66,141416,74,169784
12894,0.002002,172.217.194.0-255,5738,147154,74,169784
12895,0.002019,172.31.40.0-255,66,147220,74,169784
12896,0.002025,172.217.194.0-255,5020,152240,74,169784
12897,0.00205,172.31.40.0-255,66,152306,74,169784
12898,0.004016,172.217.194.0-255,5738,158044,74,169784
12899,0.004022,172.31.40.0-255,66,158110,74,169784
12900,0.005995,172.217.194.0-255,5738,163848,74,169784
12901,0.006003,172.31.40.0-255,66,163914,74,169784
12902,0.007989,172.217.194.0-255,4320,168234,74,169784
12903,0.007992,172.31.40.0-255,66,168300,74,169784
12904,0.008016,172.217.194.0-255,1484,169784,74,169784
12905,0.0,74.125.24.0-255,146,146,74,162292
12906,2.3e-05,172.31.40.0-255,66,212,74,162292
12907,3.1e-05,74.125.24.0-255,1484,1696,74,162292
12908,3.5e-05,172.31.40.0-255,66,1762,74,162292
12909,4.6e-05,74.125.24.0-255,2902,4664,74,162292
12910,4.9e-05,172.31.40.0-255,66,4730,74,162292
12911,5.3e-05,74.125.24.0-255,1484,6214,74,162292
12912,5.5e-05,172.31.40.0-255,66,6280,74,162292
12913,9.2e-05,74.125.24.0-255,4320,10600,74,162292
12914,9.5e-05,172.31.40.0-255,66,10666,74,162292
12915,0.0001,74.125.24.0-255,3421,14087,74,162292
12916,0.000102,172.31.40.0-255,66,14153,74,162292
12917,0.000388,74.125.24.0-255,1484,15637,74,162292
12918,0.000393,172.31.40.0-255,66,15703,74,162292
12919,0.0004,74.125.24.0-255,2902,18605,74,162292
12920,0.000402,172.31.40.0-255,66,18671,74,162292
12921,0.000436,74.125.24.0-255,5738,24409,74,162292
12922,0.00044,172.31.40.0-255,66,24475,74,162292
12923,0.000475,172.31.40.0-255,66,24541,74,162292
12924,0.000505,74.125.24.0-255,2543,27084,74,162292
12925,0.000509,172.31.40.0-255,66,27150,74,162292
12926,0.000529,172.31.40.0-255,66,27216,74,162292
12927,0.000544,172.31.40.0-255,66,27282,74,162292
12928,0.000585,74.125.24.0-255,649,27931,74,162292
12929,0.000588,172.31.40.0-255,66,27997,74,162292
12930,0.000727,74.125.24.0-255,1484,29481,74,162292
12931,0.000731,172.31.40.0-255,66,29547,74,162292
12932,0.000737,74.125.24.0-255,2902,32449,74,162292
12933,0.000739,172.31.40.0-255,66,32515,74,162292
12934,0.000775,74.125.24.0-255,5738,38253,74,162292
12935,0.000802,74.125.24.0-255,5738,43991,74,162292
12936,0.000817,172.31.40.0-255,66,44057,74,162292
12937,0.000832,74.125.24.0-255,2184,46241,74,162292
12938,0.000849,172.31.40.0-255,66,46307,74,162292
12939,0.001061,74.125.24.0-255,1484,47791,74,162292
12940,0.001066,74.125.24.0-255,2902,50693,74,162292
12941,0.001069,74.125.24.0-255,1484,52177,74,162292
12942,0.001074,172.31.40.0-255,66,52243,74,162292
12943,0.001086,74.125.24.0-255,4320,56563,74,162292
12944,0.001145,172.31.40.0-255,66,56629,74,162292
12945,0.001158,74.125.24.0-255,3602,60231,74,162292
12946,0.001181,172.31.40.0-255,66,60297,74,162292
12947,0.001207,74.125.24.0-255,4320,64617,74,162292
12948,0.001218,172.31.40.0-255,66,64683,74,162292
12949,0.001224,74.125.24.0-255,5738,70421,74,162292
12950,0.001242,74.125.24.0-255,2902,73323,74,162292
12951,0.001245,172.31.40.0-255,66,73389,74,162292
12952,0.001287,74.125.24.0-255,5020,78409,74,162292
12953,0.001308,172.31.40.0-255,66,78475,74,162292
12954,0.001418,74.125.24.0-255,1484,79959,74,162292
12955,0.001423,74.125.24.0-255,2902,82861,74,162292
12956,0.001469,172.31.40.0-255,66,82927,74,162292
12957,0.001498,74.125.24.0-255,5738,88665,74,162292
12958,0.001512,74.125.24.0-255,1484,90149,74,162292
12959,0.001524,172.31.40.0-255,66,90215,74,162292
12960,0.00156,172.31.40.0-255,66,90281,74,162292
12961,0.001612,74.125.24.0-255,1484,91765,74,162292
12962,0.001618,74.125.24.0-255,2902,94667,74,162292
12963,0.001623,172.31.40.0-255,66,94733,74,162292
12964,0.001632,74.125.24.0-255,2902,97635,74,162292
12965,0.001637,172.31.40.0-255,66,97701,74,162292
12966,0.001649,74.125.24.0-255,2902,100603,74,162292
12967,0.001655,74.125.24.0-255,4320,104923,74,162292
12968,0.00168,172.31.40.0-255,66,104989,74,162292
12969,0.001698,74.125.24.0-255,5738,110727,74,162292
12970,0.001709,172.31.40.0-255,66,110793,74,162292
12971,0.001729,74.125.24.0-255,5020,115813,74,162292
12972,0.001746,172.31.40.0-255,66,115879,74,162292
12973,0.001871,74.125.24.0-255,1484,117363,74,162292
12974,0.001879,74.125.24.0-255,2902,120265,74,162292
12975,0.001886,172.31.40.0-255,66,120331,74,162292
12976,0.00191,74.125.24.0-255,5738,126069,74,162292
12977,0.001923,172.31.40.0-255,66,126135,74,162292
12978,0.001928,74.125.24.0-255,2902,129037,74,162292
12979,0.001934,172.31.40.0-255,66,129103,74,162292
12980,0.001978,74.125.24.0-255,1484,130587,74,162292
12981,0.001985,172.31.40.0-255,66,130653,74,162292
12982,0.002027,172.31.40.0-255,66,130719,74,162292
12983,0.002054,74.125.24.0-255,1484,132203,74,162292
12984,0.002059,74.125.24.0-255,2902,135105,74,162292
12985,0.002065,172.31.40.0-255,66,135171,74,162292
12986,0.002092,74.125.24.0-255,4320,139491,74,162292
12987,0.002098,74.125.24.0-255,5738,145229,74,162292
12988,0.002134,172.31.40.0-255,66,145295,74,162292
12989,0.002158,74.125.24.0-255,2902,148197,74,162292
12990,0.002164,74.125.24.0-255,4320,152517,74,162292
12991,0.002176,172.31.40.0-255,66,152583,74,162292
12992,0.002214,74.125.24.0-255,5020,157603,74,162292
12993,0.002219,74.125.24.0-255,2902,160505,74,162292
12994,0.002255,74.125.24.0-255,1484,161989,74,162292
12995,0.002276,172.31.40.0-255,66,162055,74,162292
12996,0.002365,172.31.40.0-255,66,162121,74,162292
12997,0.002412,74.125.24.0-255,105,162226,74,162292
12998,0.002432,172.31.40.0-255,66,162292,74,162292
12999,0.0,172.217.194.0-255,146,146,74,159029
13000,2.1e-05,172.31.40.0-255,66,212,74,159029
13001,2.7e-05,172.217.194.0-255,1484,1696,74,159029
13002,3e-05,172.31.40.0-255,66,1762,74,159029
13003,3.6e-05,172.217.194.0-255,2902,4664,74,159029
13004,3.8e-05,172.31.40.0-255,66,4730,74,159029
13005,7.2e-05,172.217.194.0-255,5738,10468,74,159029
13006,7.5e-05,172.31.40.0-255,66,10534,74,159029
13007,7.9e-05,172.217.194.0-255,2902,13436,74,159029
13008,8.1e-05,172.31.40.0-255,66,13502,74,159029
13009,0.000107,172.31.40.0-255,66,13568,74,159029
13010,0.000136,172.217.194.0-255,4320,17888,74,159029
13011,0.000139,172.31.40.0-255,66,17954,74,159029
13012,0.000157,172.217.194.0-255,2543,20497,74,159029
13013,0.000158,172.31.40.0-255,66,20563,74,159029
13014,0.000162,172.217.194.0-255,2902,23465,74,159029
13015,0.000164,172.31.40.0-255,66,23531,74,159029
13016,0.00018,172.217.194.0-255,4320,27851,74,159029
13017,0.000183,172.31.40.0-255,66,27917,74,159029
13018,0.000221,172.31.40.0-255,66,27983,74,159029
13019,0.000232,172.217.194.0-255,1484,29467,74,159029
13020,0.000234,172.31.40.0-255,66,29533,74,159029
13021,0.000253,172.217.194.0-255,2902,32435,74,159029
13022,0.000255,172.31.40.0-255,66,32501,74,159029
13023,0.000262,172.217.194.0-255,5738,38239,74,159029
13024,0.000264,172.31.40.0-255,66,38305,74,159029
13025,0.000287,172.217.194.0-255,1484,39789,74,159029
13026,0.000289,172.31.40.0-255,66,39855,74,159029
13027,0.000305,172.217.194.0-255,5379,45234,74,159029
13028,0.000307,172.31.40.0-255,66,45300,74,159029
13029,0.000327,172.217.194.0-255,678,45978,74,159029
13030,0.000408,172.217.194.0-255,1484,47462,74,159029
13031,0.000411,172.31.40.0-255,66,47528,74,159029
13032,0.000416,172.217.194.0-255,2902,50430,74,159029
13033,0.000418,172.31.40.0-255,66,50496,74,159029
13034,0.000431,172.217.194.0-255,1484,51980,74,159029
13035,0.000448,172.217.194.0-255,4320,56300,74,159029
13036,0.00045,172.31.40.0-255,66,56366,74,159029
13037,0.000454,172.217.194.0-255,1484,57850,74,159029
13038,0.000474,172.217.194.0-255,5379,63229,74,159029
13039,0.000477,172.31.40.0-255,66,63295,74,159029
13040,0.000521,172.31.40.0-255,66,63361,74,159029
13041,0.00054,172.217.194.0-255,4320,67681,74,159029
13042,0.000542,172.31.40.0-255,66,67747,74,159029
13043,0.000546,172.217.194.0-255,2543,70290,74,159029
13044,0.000548,172.31.40.0-255,66,70356,74,159029
13045,0.001175,172.217.194.0-255,1484,71840,74,159029
13046,0.001181,172.217.194.0-255,2902,74742,74,159029
13047,0.001186,172.31.40.0-255,66,74808,74,159029
13048,0.001198,172.217.194.0-255,5738,80546,74,159029
13049,0.0012,172.31.40.0-255,66,80612,74,159029
13050,0.001239,172.31.40.0-255,66,80678,74,159029
13051,0.001316,172.31.40.0-255,66,80744,74,159029
13052,0.001328,172.217.194.0-255,3602,84346,74,159029
13053,0.001331,172.31.40.0-255,66,84412,74,159029
13054,0.00152,172.217.194.0-255,1484,85896,74,159029
13055,0.001525,172.217.194.0-255,1484,87380,74,159029
13056,0.001528,172.31.40.0-255,66,87446,74,159029
13057,0.001546,172.217.194.0-255,1484,88930,74,159029
13058,0.001553,172.217.194.0-255,5738,94668,74,159029
13059,0.001555,172.31.40.0-255,66,94734,74,159029
13060,0.001589,172.217.194.0-255,5738,100472,74,159029
13061,0.001593,172.31.40.0-255,66,100538,74,159029
13062,0.001615,172.31.40.0-255,66,100604,74,159029
13063,0.001634,172.217.194.0-255,2902,103506,74,159029
13064,0.001636,172.31.40.0-255,66,103572,74,159029
13065,0.001665,172.31.40.0-255,66,103638,74,159029
13066,0.001744,172.217.194.0-255,1484,105122,74,159029
13067,0.001749,172.217.194.0-255,2902,108024,74,159029
13068,0.001752,172.31.40.0-255,66,108090,74,159029
13069,0.001776,172.217.194.0-255,5738,113828,74,159029
13070,0.001779,172.31.40.0-255,66,113894,74,159029
13071,0.001783,172.217.194.0-255,2902,116796,74,159029
13072,0.001785,172.31.40.0-255,66,116862,74,159029
13073,0.00179,172.217.194.0-255,4320,121182,74,159029
13074,0.001792,172.31.40.0-255,66,121248,74,159029
13075,0.001825,172.31.40.0-255,66,121314,74,159029
13076,0.001859,172.217.194.0-255,4320,125634,74,159029
13077,0.001861,172.31.40.0-255,66,125700,74,159029
13078,0.001888,172.31.40.0-255,66,125766,74,159029
13079,0.001901,172.31.40.0-255,66,125832,74,159029
13080,0.001912,172.31.40.0-255,66,125898,74,159029
13081,0.001928,172.217.194.0-255,4320,130218,74,159029
13082,0.00193,172.31.40.0-255,66,130284,74,159029
13083,0.001935,172.217.194.0-255,4320,134604,74,159029
13084,0.001938,172.31.40.0-255,66,134670,74,159029
13085,0.001955,172.217.194.0-255,766,135436,74,159029
13086,0.001993,172.217.194.0-255,1484,136920,74,159029
13087,0.001997,172.31.40.0-255,66,136986,74,159029
13088,0.002001,172.217.194.0-255,2902,139888,74,159029
13089,0.002003,172.31.40.0-255,66,139954,74,159029
13090,0.002009,172.217.194.0-255,5738,145692,74,159029
13091,0.002012,172.31.40.0-255,66,145758,74,159029
13092,0.002047,172.31.40.0-255,66,145824,74,159029
13093,0.002066,172.217.194.0-255,1484,147308,74,159029
13094,0.00208,172.31.40.0-255,66,147374,74,159029
13095,0.002096,172.217.194.0-255,1484,148858,74,159029
13096,0.002129,172.31.40.0-255,66,148924,74,159029
13097,0.002143,172.31.40.0-255,66,148990,74,159029
13098,0.002148,172.217.194.0-255,4320,153310,74,159029
13099,0.002151,172.31.40.0-255,66,153376,74,159029
13100,0.002192,172.31.40.0-255,66,153442,74,159029
13101,0.002208,172.31.40.0-255,66,153508,74,159029
13102,0.002219,172.31.40.0-255,66,153574,74,159029
13103,0.002252,172.31.40.0-255,66,153640,74,159029
13104,0.002296,172.31.40.0-255,66,153706,74,159029
13105,0.002302,172.217.194.0-255,5020,158726,74,159029
13106,0.002304,172.31.40.0-255,66,158792,74,159029
13107,0.002372,172.31.40.0-255,66,158858,74,159029
13108,0.002401,172.31.40.0-255,66,158924,74,159029
13109,0.002405,172.217.194.0-255,105,159029,74,159029
13110,0.0,74.125.24.0-255,219,219,74,97891
13111,2.2e-05,172.31.40.0-255,66,285,74,97891
13112,2.9e-05,74.125.24.0-255,1484,1769,74,97891
13113,3.3e-05,172.31.40.0-255,66,1835,74,97891
13114,3.7e-05,74.125.24.0-255,1484,3319,74,97891
13115,3.9e-05,172.31.40.0-255,66,3385,74,97891
13116,5.7e-05,74.125.24.0-255,4320,7705,74,97891
13117,6.1e-05,172.31.40.0-255,66,7771,74,97891
13118,0.00013,74.125.24.0-255,4320,12091,74,97891
13119,0.000134,172.31.40.0-255,66,12157,74,97891
13120,0.000171,74.125.24.0-255,6084,18241,74,97891
13121,0.000175,172.31.40.0-255,66,18307,74,97891
13122,0.000188,172.31.40.0-255,66,18373,74,97891
13123,0.000219,74.125.24.0-255,1125,19498,74,97891
13124,0.000222,172.31.40.0-255,66,19564,74,97891
13125,0.000263,74.125.24.0-255,1484,21048,74,97891
13126,0.000266,172.31.40.0-255,66,21114,74,97891
13127,0.000293,74.125.24.0-255,2902,24016,74,97891
13128,0.000295,172.31.40.0-255,66,24082,74,97891
13129,0.000299,74.125.24.0-255,1484,25566,74,97891
13130,0.000301,172.31.40.0-255,66,25632,74,97891
13131,0.000331,74.125.24.0-255,4320,29952,74,97891
13132,0.000333,172.31.40.0-255,66,30018,74,97891
13133,0.000339,74.125.24.0-255,4320,34338,74,97891
13134,0.000341,172.31.40.0-255,66,34404,74,97891
13135,0.000367,74.125.24.0-255,1484,35888,74,97891
13136,0.00037,172.31.40.0-255,66,35954,74,97891
13137,0.000409,172.31.40.0-255,66,36020,74,97891
13138,0.000415,74.125.24.0-255,5738,41758,74,97891
13139,0.000418,172.31.40.0-255,66,41824,74,97891
13140,0.00042,74.125.24.0-255,1437,43261,74,97891
13141,0.000599,74.125.24.0-255,110,43371,74,97891
13142,0.000613,74.125.24.0-255,330,43701,74,97891
13143,0.000617,172.31.40.0-255,66,43767,74,97891
13144,0.000888,74.125.24.0-255,1484,45251,74,97891
13145,0.000891,74.125.24.0-255,1484,46735,74,97891
13146,0.000897,172.31.40.0-255,66,46801,74,97891
13147,0.000926,74.125.24.0-255,1484,48285,74,97891
13148,0.000933,74.125.24.0-255,5738,54023,74,97891
13149,0.000936,172.31.40.0-255,66,54089,74,97891
13150,0.000942,74.125.24.0-255,4320,58409,74,97891
13151,0.000944,172.31.40.0-255,66,58475,74,97891
13152,0.00095,74.125.24.0-255,4320,62795,74,97891
13153,0.000952,172.31.40.0-255,66,62861,74,97891
13154,0.000997,172.31.40.0-255,66,62927,74,97891
13155,0.001013,172.31.40.0-255,66,62993,74,97891
13156,0.002237,74.125.24.0-255,1484,64477,74,97891
13157,0.002247,74.125.24.0-255,2902,67379,74,97891
13158,0.002251,172.31.40.0-255,66,67445,74,97891
13159,0.002256,74.125.24.0-255,1484,68929,74,97891
13160,0.002285,74.125.24.0-255,4320,73249,74,97891
13161,0.002287,172.31.40.0-255,66,73315,74,97891
13162,0.002293,74.125.24.0-255,4320,77635,74,97891
13163,0.002294,172.31.40.0-255,66,77701,74,97891
13164,0.002326,172.31.40.0-255,66,77767,74,97891
13165,0.002336,172.31.40.0-255,66,77833,74,97891
13166,0.00234,74.125.24.0-255,2184,80017,74,97891
13167,0.002342,172.31.40.0-255,66,80083,74,97891
13168,0.004622,74.125.24.0-255,2902,82985,74,97891
13169,0.004626,172.31.40.0-255,66,83051,74,97891
13170,0.004655,74.125.24.0-255,2902,85953,74,97891
13171,0.004657,172.31.40.0-255,66,86019,74,97891
13172,0.006927,74.125.24.0-255,2902,88921,74,97891
13173,0.006933,172.31.40.0-255,66,88987,74,97891
13174,0.00696,74.125.24.0-255,2902,91889,74,97891
13175,0.006962,172.31.40.0-255,66,91955,74,97891
13176,0.009249,74.125.24.0-255,2902,94857,74,97891
13177,0.009256,172.31.40.0-255,66,94923,74,97891
13178,0.009283,74.125.24.0-255,2902,97825,74,97891
13179,0.009286,172.31.40.0-255,66,97891,74,97891
13180,0.0,172.217.194.0-255,146,146,74,175411
13181,2.2e-05,172.31.40.0-255,66,212,74,175411
13182,3e-05,172.217.194.0-255,1484,1696,74,175411
13183,3.4e-05,172.31.40.0-255,66,1762,74,175411
13184,4e-05,172.217.194.0-255,2902,4664,74,175411
13185,4.3e-05,172.31.40.0-255,66,4730,74,175411
13186,5.5e-05,172.31.40.0-255,66,4796,74,175411
13187,5.9e-05,172.217.194.0-255,1939,6735,74,175411
13188,6.2e-05,172.31.40.0-255,66,6801,74,175411
13189,9.5e-05,172.217.194.0-255,2902,9703,74,175411
13190,9.8e-05,172.31.40.0-255,66,9769,74,175411
13191,0.000106,172.31.40.0-255,66,9835,74,175411
13192,0.000109,172.217.194.0-255,1484,11319,74,175411
13193,0.00011,172.31.40.0-255,66,11385,74,175411
13194,0.000138,172.217.194.0-255,5379,16764,74,175411
13195,0.00014,172.31.40.0-255,66,16830,74,175411
13196,0.000199,172.217.194.0-255,1484,18314,74,175411
13197,0.000202,172.31.40.0-255,66,18380,74,175411
13198,0.000206,172.217.194.0-255,2902,21282,74,175411
13199,0.000208,172.31.40.0-255,66,21348,74,175411
13200,0.000214,172.217.194.0-255,5738,27086,74,175411
13201,0.000216,172.31.40.0-255,66,27152,74,175411
13202,0.000224,172.31.40.0-255,66,27218,74,175411
13203,0.000307,172.217.194.0-255,1484,28702,74,175411
13204,0.00031,172.31.40.0-255,66,28768,74,175411
13205,0.000316,172.217.194.0-255,2902,31670,74,175411
13206,0.000318,172.31.40.0-255,66,31736,74,175411
13207,0.000346,172.217.194.0-255,5738,37474,74,175411
13208,0.000348,172.31.40.0-255,66,37540,74,175411
13209,0.00037,172.217.194.0-255,4320,41860,74,175411
13210,0.000372,172.31.40.0-255,66,41926,74,175411
13211,0.00039,172.217.194.0-255,3154,45080,74,175411
13212,0.000393,172.31.40.0-255,66,45146,74,175411
13213,0.000607,172.217.194.0-255,1484,46630,74,175411
13214,0.000613,172.217.194.0-255,2902,49532,74,175411
13215,0.000618,172.31.40.0-255,66,49598,74,175411
13216,0.000625,172.217.194.0-255,5738,55336,74,175411
13217,0.000627,172.31.40.0-255,66,55402,74,175411
13218,0.000664,172.31.40.0-255,66,55468,74,175411
13219,0.00069,172.31.40.0-255,66,55534,74,175411
13220,0.000714,172.217.194.0-255,5020,60554,74,175411
13221,0.000717,172.31.40.0-255,66,60620,74,175411
13222,0.001553,172.217.194.0-255,1484,62104,74,175411
13223,0.001562,172.217.194.0-255,2902,65006,74,175411
13224,0.001566,172.31.40.0-255,66,65072,74,175411
13225,0.001573,172.217.194.0-255,5738,70810,74,175411
13226,0.001576,172.31.40.0-255,66,70876,74,175411
13227,0.0016,172.217.194.0-255,5738,76614,74,175411
13228,0.001603,172.31.40.0-255,66,76680,74,175411
13229,0.00162,172.217.194.0-255,1484,78164,74,175411
13230,0.001632,172.31.40.0-255,66,78230,74,175411
13231,0.001653,172.217.194.0-255,4320,82550,74,175411
13232,0.001656,172.31.40.0-255,66,82616,74,175411
13233,0.001662,172.217.194.0-255,2184,84800,74,175411
13234,0.001664,172.31.40.0-255,66,84866,74,175411
13235,0.00169,172.217.194.0-255,1484,86350,74,175411
13236,0.001693,172.217.194.0-255,1484,87834,74,175411
13237,0.001695,172.31.40.0-255,66,87900,74,175411
13238,0.001713,172.217.194.0-255,1484,89384,74,175411
13239,0.00172,172.217.194.0-255,5738,95122,74,175411
13240,0.001722,172.31.40.0-255,66,95188,74,175411
13241,0.001786,172.31.40.0-255,66,95254,74,175411
13242,0.001796,172.31.40.0-255,66,95320,74,175411
13243,0.001801,172.217.194.0-255,3602,98922,74,175411
13244,0.001802,172.31.40.0-255,66,98988,74,175411
13245,0.001883,172.217.194.0-255,1484,100472,74,175411
13246,0.0019,172.217.194.0-255,2902,103374,74,175411
13247,0.001903,172.31.40.0-255,66,103440,74,175411
13248,0.001918,172.217.194.0-255,5738,109178,74,175411
13249,0.00192,172.31.40.0-255,66,109244,74,175411
13250,0.001947,172.31.40.0-255,66,109310,74,175411
13251,0.001971,172.217.194.0-255,2902,112212,74,175411
13252,0.001974,172.31.40.0-255,66,112278,74,175411
13253,0.001986,172.31.40.0-255,66,112344,74,175411
13254,0.002074,172.217.194.0-255,1484,113828,74,175411
13255,0.00209,172.217.194.0-255,2902,116730,74,175411
13256,0.002093,172.31.40.0-255,66,116796,74,175411
13257,0.002099,172.217.194.0-255,5738,122534,74,175411
13258,0.002102,172.31.40.0-255,66,122600,74,175411
13259,0.002105,172.217.194.0-255,1484,124084,74,175411
13260,0.002118,172.217.194.0-255,1484,125568,74,175411
13261,0.00212,172.31.40.0-255,66,125634,74,175411
13262,0.002147,172.217.194.0-255,4320,129954,74,175411
13263,0.00215,172.31.40.0-255,66,130020,74,175411
13264,0.002164,172.217.194.0-255,5738,135758,74,175411
13265,0.002167,172.31.40.0-255,66,135824,74,175411
13266,0.002177,172.31.40.0-255,66,135890,74,175411
13267,0.002182,172.217.194.0-255,3602,139492,74,175411
13268,0.002184,172.31.40.0-255,66,139558,74,175411
13269,0.00229,172.217.194.0-255,1484,141042,74,175411
13270,0.002304,172.217.194.0-255,2902,143944,74,175411
13271,0.002306,172.31.40.0-255,66,144010,74,175411
13272,0.002309,172.217.194.0-255,1484,145494,74,175411
13273,0.002327,172.217.194.0-255,4320,149814,74,175411
13274,0.002329,172.31.40.0-255,66,149880,74,175411
13275,0.002341,172.217.194.0-255,5738,155618,74,175411
13276,0.002343,172.31.40.0-255,66,155684,74,175411
13277,0.002363,172.217.194.0-255,4320,160004,74,175411
13278,0.002366,172.31.40.0-255,66,160070,74,175411
13279,0.002378,172.217.194.0-255,4320,164390,74,175411
13280,0.00238,172.31.40.0-255,66,164456,74,175411
13281,0.002414,172.31.40.0-255,66,164522,74,175411
13282,0.002428,172.31.40.0-255,66,164588,74,175411
13283,0.002456,172.31.40.0-255,66,164654,74,175411
13284,0.002467,172.31.40.0-255,66,164720,74,175411
13285,0.00247,172.217.194.0-255,1484,166204,74,175411
13286,0.002484,172.31.40.0-255,66,166270,74,175411
13287,0.002513,172.217.194.0-255,2902,169172,74,175411
13288,0.002515,172.31.40.0-255,66,169238,74,175411
13289,0.002529,172.31.40.0-255,66,169304,74,175411
13290,0.002535,172.217.194.0-255,5738,175042,74,175411
13291,0.002537,172.31.40.0-255,66,175108,74,175411
13292,0.002583,172.31.40.0-255,66,175174,74,175411
13293,0.002618,172.31.40.0-255,66,175240,74,175411
13294,0.002637,172.31.40.0-255,66,175306,74,175411
13295,0.002658,172.217.194.0-255,105,175411,74,175411
13296,0.0,74.125.24.0-255,150,150,74,119265
13297,2.2e-05,172.31.40.0-255,66,216,74,119265
13298,4.7e-05,74.125.24.0-255,1484,1700,74,119265
13299,5.2e-05,172.31.40.0-255,66,1766,74,119265
13300,7.5e-05,74.125.24.0-255,2902,4668,74,119265
13301,7.8e-05,172.31.40.0-255,66,4734,74,119265
13302,8.2e-05,74.125.24.0-255,2902,7636,74,119265
13303,8.6e-05,172.31.40.0-255,66,7702,74,119265
13304,9.3e-05,74.125.24.0-255,4320,12022,74,119265
13305,9.5e-05,172.31.40.0-255,66,12088,74,119265
13306,0.000116,74.125.24.0-255,2166,14254,74,119265
13307,0.000118,172.31.40.0-255,66,14320,74,119265
13308,0.000128,172.31.40.0-255,66,14386,74,119265
13309,0.000148,172.31.40.0-255,66,14452,74,119265
13310,0.000179,74.125.24.0-255,2543,16995,74,119265
13311,0.000182,172.31.40.0-255,66,17061,74,119265
13312,0.000239,74.125.24.0-255,1484,18545,74,119265
13313,0.000243,172.31.40.0-255,66,18611,74,119265
13314,0.000247,74.125.24.0-255,2902,21513,74,119265
13315,0.00025,172.31.40.0-255,66,21579,74,119265
13316,0.000276,74.125.24.0-255,5738,27317,74,119265
13317,0.000279,172.31.40.0-255,66,27383,74,119265
13318,0.000282,74.125.24.0-255,1484,28867,74,119265
13319,0.000284,172.31.40.0-255,66,28933,74,119265
13320,0.000305,74.125.24.0-255,4320,33253,74,119265
13321,0.000308,172.31.40.0-255,66,33319,74,119265
13322,0.000326,74.125.24.0-255,2902,36221,74,119265
13323,0.000328,172.31.40.0-255,66,36287,74,119265
13324,0.000354,172.31.40.0-255,66,36353,74,119265
13325,0.000376,74.125.24.0-255,1484,37837,74,119265
13326,0.000392,74.125.24.0-255,2816,40653,74,119265
13327,0.000395,172.31.40.0-255,66,40719,74,119265
13328,0.000412,74.125.24.0-255,132,40851,74,119265
13329,0.000453,74.125.24.0-255,348,41199,74,119265
13330,0.001034,172.31.40.0-255,66,41265,74,119265
13331,0.001315,74.125.24.0-255,1484,42749,74,119265
13332,0.001324,74.125.24.0-255,2902,45651,74,119265
13333,0.001329,172.31.40.0-255,66,45717,74,119265
13334,0.001335,74.125.24.0-255,4320,50037,74,119265
13335,0.001338,172.31.40.0-255,66,50103,74,119265
13336,0.001358,74.125.24.0-255,1484,51587,74,119265
13337,0.00137,172.31.40.0-255,66,51653,74,119265
13338,0.001412,172.31.40.0-255,66,51719,74,119265
13339,0.001434,74.125.24.0-255,5020,56739,74,119265
13340,0.001436,172.31.40.0-255,66,56805,74,119265
13341,0.002056,74.125.24.0-255,1484,58289,74,119265
13342,0.002077,74.125.24.0-255,2902,61191,74,119265
13343,0.002081,172.31.40.0-255,66,61257,74,119265
13344,0.002089,74.125.24.0-255,5738,66995,74,119265
13345,0.002091,172.31.40.0-255,66,67061,74,119265
13346,0.002096,74.125.24.0-255,2902,69963,74,119265
13347,0.002098,172.31.40.0-255,66,70029,74,119265
13348,0.002135,172.31.40.0-255,66,70095,74,119265
13349,0.002145,172.31.40.0-255,66,70161,74,119265
13350,0.00216,74.125.24.0-255,1484,71645,74,119265
13351,0.002188,172.31.40.0-255,66,71711,74,119265
13352,0.002216,172.31.40.0-255,66,71777,74,119265
13353,0.002228,74.125.24.0-255,2902,74679,74,119265
13354,0.00223,172.31.40.0-255,66,74745,74,119265
13355,0.002254,172.31.40.0-255,66,74811,74,119265
13356,0.002277,74.125.24.0-255,1484,76295,74,119265
13357,0.002281,74.125.24.0-255,2902,79197,74,119265
13358,0.002283,172.31.40.0-255,66,79263,74,119265
13359,0.002288,74.125.24.0-255,4320,83583,74,119265
13360,0.002291,172.31.40.0-255,66,83649,74,119265
13361,0.002302,74.125.24.0-255,1484,85133,74,119265
13362,0.002318,74.125.24.0-255,5738,90871,74,119265
13363,0.00232,172.31.40.0-255,66,90937,74,119265
13364,0.002338,74.125.24.0-255,5738,96675,74,119265
13365,0.002341,172.31.40.0-255,66,96741,74,119265
13366,0.002347,74.125.24.0-255,5738,102479,74,119265
13367,0.002349,172.31.40.0-255,66,102545,74,119265
13368,0.002373,172.31.40.0-255,66,102611,74,119265
13369,0.002418,74.125.24.0-255,1484,104095,74,119265
13370,0.002449,172.31.40.0-255,66,104161,74,119265
13371,0.002472,74.125.24.0-255,1484,105645,74,119265
13372,0.002485,172.31.40.0-255,66,105711,74,119265
13373,0.002512,172.31.40.0-255,66,105777,74,119265
13374,0.002525,172.31.40.0-255,66,105843,74,119265
13375,0.002563,74.125.24.0-255,1484,107327,74,119265
13376,0.002601,172.31.40.0-255,66,107393,74,119265
13377,0.002611,172.31.40.0-255,66,107459,74,119265
13378,0.002623,172.31.40.0-255,66,107525,74,119265
13379,0.002635,172.31.40.0-255,66,107591,74,119265
13380,0.002648,172.31.40.0-255,66,107657,74,119265
13381,0.005268,74.125.24.0-255,5738,113395,74,119265
13382,0.005274,172.31.40.0-255,66,113461,74,119265
13383,0.007919,74.125.24.0-255,5738,119199,74,119265
13384,0.007929,172.31.40.0-255,66,119265,74,119265
13385,0.0,216.58.221.0-255,150,150,74,92290
13386,2.3e-05,172.31.40.0-255,66,216,74,92290
13387,3e-05,216.58.221.0-255,1484,1700,74,92290
13388,3.5e-05,172.31.40.0-255,66,1766,74,92290
13389,4.1e-05,216.58.221.0-255,2902,4668,74,92290
13390,5.3e-05,172.31.40.0-255,66,4734,74,92290
13391,6.4e-05,172.31.40.0-255,66,4800,74,92290
13392,7e-05,216.58.221.0-255,3536,8336,74,92290
13393,7.2e-05,172.31.40.0-255,66,8402,74,92290
13394,7.8e-05,216.58.221.0-255,4320,12722,74,92290
13395,9.3e-05,172.31.40.0-255,66,12788,74,92290
13396,0.000105,172.31.40.0-255,66,12854,74,92290
13397,0.000108,216.58.221.0-255,1125,13979,74,92290
13398,0.00011,172.31.40.0-255,66,14045,74,92290
13399,0.000213,216.58.221.0-255,1484,15529,74,92290
13400,0.000217,172.31.40.0-255,66,15595,74,92290
13401,0.000222,216.58.221.0-255,2902,18497,74,92290
13402,0.000224,172.31.40.0-255,66,18563,74,92290
13403,0.000234,216.58.221.0-255,5738,24301,74,92290
13404,0.000237,172.31.40.0-255,66,24367,74,92290
13405,0.000246,172.31.40.0-255,66,24433,74,92290
13406,0.000702,216.58.221.0-255,1484,25917,74,92290
13407,0.000708,172.31.40.0-255,66,25983,74,92290
13408,0.000714,216.58.221.0-255,2902,28885,74,92290
13409,0.000716,172.31.40.0-255,66,28951,74,92290
13410,0.000721,216.58.221.0-255,2902,31853,74,92290
13411,0.000728,172.31.40.0-255,66,31919,74,92290
13412,0.000757,216.58.221.0-255,2902,34821,74,92290
13413,0.000763,172.31.40.0-255,66,34887,74,92290
13414,0.000774,172.31.40.0-255,66,34953,74,92290
13415,0.000776,216.58.221.0-255,391,35344,74,92290
13416,0.001034,172.31.40.0-255,66,35410,74,92290
13417,0.001107,216.58.221.0-255,114,35524,74,92290
13418,0.001132,216.58.221.0-255,334,35858,74,92290
13419,0.001163,172.31.40.0-255,66,35924,74,92290
13420,0.001519,216.58.221.0-255,1484,37408,74,92290
13421,0.001529,216.58.221.0-255,2902,40310,74,92290
13422,0.001533,172.31.40.0-255,66,40376,74,92290
13423,0.001541,216.58.221.0-255,5738,46114,74,92290
13424,0.001544,172.31.40.0-255,66,46180,74,92290
13425,0.001553,216.58.221.0-255,1484,47664,74,92290
13426,0.001586,216.58.221.0-255,5379,53043,74,92290
13427,0.001589,172.31.40.0-255,66,53109,74,92290
13428,0.001595,216.58.221.0-255,5738,58847,74,92290
13429,0.001597,172.31.40.0-255,66,58913,74,92290
13430,0.001601,216.58.221.0-255,2902,61815,74,92290
13431,0.001609,172.31.40.0-255,66,61881,74,92290
13432,0.001633,216.58.221.0-255,4320,66201,74,92290
13433,0.00164,172.31.40.0-255,66,66267,74,92290
13434,0.001652,216.58.221.0-255,1484,67751,74,92290
13435,0.001669,216.58.221.0-255,2543,70294,74,92290
13436,0.001672,172.31.40.0-255,66,70360,74,92290
13437,0.003585,216.58.221.0-255,1484,71844,74,92290
13438,0.003603,216.58.221.0-255,4320,76164,74,92290
13439,0.003607,172.31.40.0-255,66,76230,74,92290
13440,0.005549,216.58.221.0-255,4320,80550,74,92290
13441,0.005552,172.31.40.0-255,66,80616,74,92290
13442,0.005569,216.58.221.0-255,1484,82100,74,92290
13443,0.007514,216.58.221.0-255,4320,86420,74,92290
13444,0.007521,172.31.40.0-255,66,86486,74,92290
13445,0.009492,216.58.221.0-255,5738,92224,74,92290
13446,0.0095,172.31.40.0-255,66,92290,74,92290
13447,0.0,74.125.24.0-255,291,291,74,164062
13448,2.5e-05,172.31.40.0-255,66,357,74,164062
13449,3.2e-05,74.125.24.0-255,1484,1841,74,164062
13450,3.7e-05,172.31.40.0-255,66,1907,74,164062
13451,4.4e-05,74.125.24.0-255,4320,6227,74,164062
13452,5.4e-05,172.31.40.0-255,66,6293,74,164062
13453,6.7e-05,172.31.40.0-255,66,6359,74,164062
13454,0.000116,74.125.24.0-255,1484,7843,74,164062
13455,0.000119,172.31.40.0-255,66,7909,74,164062
13456,0.000149,74.125.24.0-255,2902,10811,74,164062
13457,0.000151,172.31.40.0-255,66,10877,74,164062
13458,0.000158,74.125.24.0-255,5738,16615,74,164062
13459,0.000161,172.31.40.0-255,66,16681,74,164062
13460,0.000206,74.125.24.0-255,5738,22419,74,164062
13461,0.00021,172.31.40.0-255,66,22485,74,164062
13462,0.000226,74.125.24.0-255,1125,23610,74,164062
13463,0.000228,172.31.40.0-255,66,23676,74,164062
13464,0.000284,74.125.24.0-255,1484,25160,74,164062
13465,0.000287,172.31.40.0-255,66,25226,74,164062
13466,0.000315,74.125.24.0-255,2902,28128,74,164062
13467,0.000319,172.31.40.0-255,66,28194,74,164062
13468,0.000325,74.125.24.0-255,5738,33932,74,164062
13469,0.000328,172.31.40.0-255,66,33998,74,164062
13470,0.000367,172.31.40.0-255,66,34064,74,164062
13471,0.000398,74.125.24.0-255,3961,38025,74,164062
13472,0.0004,172.31.40.0-255,66,38091,74,164062
13473,0.000405,74.125.24.0-255,2902,40993,74,164062
13474,0.000408,172.31.40.0-255,66,41059,74,164062
13475,0.000439,172.31.40.0-255,66,41125,74,164062
13476,0.000642,74.125.24.0-255,329,41454,74,164062
13477,0.001028,74.125.24.0-255,1484,42938,74,164062
13478,0.001035,172.31.40.0-255,66,43004,74,164062
13479,0.00104,74.125.24.0-255,2902,45906,74,164062
13480,0.001043,172.31.40.0-255,66,45972,74,164062
13481,0.001046,74.125.24.0-255,1484,47456,74,164062
13482,0.001076,74.125.24.0-255,4320,51776,74,164062
13483,0.001079,172.31.40.0-255,66,51842,74,164062
13484,0.001084,74.125.24.0-255,2902,54744,74,164062
13485,0.001086,172.31.40.0-255,66,54810,74,164062
13486,0.001102,172.31.40.0-255,66,54876,74,164062
13487,0.001106,74.125.24.0-255,1484,56360,74,164062
13488,0.001144,172.31.40.0-255,66,56426,74,164062
13489,0.001263,74.125.24.0-255,1484,57910,74,164062
13490,0.001279,74.125.24.0-255,2902,60812,74,164062
13491,0.001282,172.31.40.0-255,66,60878,74,164062
13492,0.00129,74.125.24.0-255,5738,66616,74,164062
13493,0.001292,172.31.40.0-255,66,66682,74,164062
13494,0.001331,172.31.40.0-255,66,66748,74,164062
13495,0.00135,74.125.24.0-255,2902,69650,74,164062
13496,0.001353,172.31.40.0-255,66,69716,74,164062
13497,0.001365,74.125.24.0-255,2902,72618,74,164062
13498,0.001372,172.31.40.0-255,66,72684,74,164062
13499,0.001412,172.31.40.0-255,66,72750,74,164062
13500,0.001429,74.125.24.0-255,1484,74234,74,164062
13501,0.001454,74.125.24.0-255,2902,77136,74,164062
13502,0.001457,172.31.40.0-255,66,77202,74,164062
13503,0.001463,74.125.24.0-255,5738,82940,74,164062
13504,0.001467,172.31.40.0-255,66,83006,74,164062
13505,0.001477,74.125.24.0-255,4320,87326,74,164062
13506,0.001479,172.31.40.0-255,66,87392,74,164062
13507,0.001503,74.125.24.0-255,5738,93130,74,164062
13508,0.001506,172.31.40.0-255,66,93196,74,164062
13509,0.001578,172.31.40.0-255,66,93262,74,164062
13510,0.001602,74.125.24.0-255,766,94028,74,164062
13511,0.001636,74.125.24.0-255,1484,95512,74,164062
13512,0.001639,172.31.40.0-255,66,95578,74,164062
13513,0.001645,74.125.24.0-255,2902,98480,74,164062
13514,0.001647,172.31.40.0-255,66,98546,74,164062
13515,0.001682,74.125.24.0-255,5738,104284,74,164062
13516,0.001685,172.31.40.0-255,66,104350,74,164062
13517,0.001716,172.31.40.0-255,66,104416,74,164062
13518,0.00173,172.31.40.0-255,66,104482,74,164062
13519,0.001765,74.125.24.0-255,2902,107384,74,164062
13520,0.001769,172.31.40.0-255,66,107450,74,164062
13521,0.001773,74.125.24.0-255,2184,109634,74,164062
13522,0.001775,172.31.40.0-255,66,109700,74,164062
13523,0.001823,74.125.24.0-255,1484,111184,74,164062
13524,0.001851,74.125.24.0-255,2902,114086,74,164062
13525,0.001857,172.31.40.0-255,66,114152,74,164062
13526,0.001868,74.125.24.0-255,2902,117054,74,164062
13527,0.00187,172.31.40.0-255,66,117120,74,164062
13528,0.001894,74.125.24.0-255,2902,120022,74,164062
13529,0.001897,172.31.40.0-255,66,120088,74,164062
13530,0.0019,74.125.24.0-255,1484,121572,74,164062
13531,0.001933,172.31.40.0-255,66,121638,74,164062
13532,0.001949,172.31.40.0-255,66,121704,74,164062
13533,0.001983,74.125.24.0-255,1484,123188,74,164062
13534,0.002,74.125.24.0-255,2184,125372,74,164062
13535,0.002004,172.31.40.0-255,66,125438,74,164062
13536,0.002029,74.125.24.0-255,1484,126922,74,164062
13537,0.002043,74.125.24.0-255,2902,129824,74,164062
13538,0.002046,172.31.40.0-255,66,129890,74,164062
13539,0.002075,74.125.24.0-255,5738,135628,74,164062
13540,0.002078,172.31.40.0-255,66,135694,74,164062
13541,0.002091,74.125.24.0-255,5738,141432,74,164062
13542,0.002094,172.31.40.0-255,66,141498,74,164062
13543,0.002142,172.31.40.0-255,66,141564,74,164062
13544,0.002148,74.125.24.0-255,5020,146584,74,164062
13545,0.002151,172.31.40.0-255,66,146650,74,164062
13546,0.004436,74.125.24.0-255,5738,152388,74,164062
13547,0.004451,172.31.40.0-255,66,152454,74,164062
13548,0.006743,74.125.24.0-255,5738,158192,74,164062
13549,0.006763,172.31.40.0-255,66,158258,74,164062
13550,0.009025,74.125.24.0-255,5738,163996,74,164062
13551,0.009034,172.31.40.0-255,66,164062,74,164062
13552,0.0,172.217.194.0-255,150,150,74,166867
13553,2.3e-05,172.31.40.0-255,66,216,74,166867
13554,3.1e-05,172.217.194.0-255,1484,1700,74,166867
13555,3.6e-05,172.31.40.0-255,66,1766,74,166867
13556,4.2e-05,172.217.194.0-255,2902,4668,74,166867
13557,4.5e-05,172.31.40.0-255,66,4734,74,166867
13558,5.6e-05,172.31.40.0-255,66,4800,74,166867
13559,0.000106,172.31.40.0-255,66,4866,74,166867
13560,0.000109,172.217.194.0-255,1484,6350,74,166867
13561,0.000112,172.31.40.0-255,66,6416,74,166867
13562,0.000132,172.217.194.0-255,3961,10377,74,166867
13563,0.000135,172.31.40.0-255,66,10443,74,166867
13564,0.000149,172.217.194.0-255,4320,14763,74,166867
13565,0.000151,172.31.40.0-255,66,14829,74,166867
13566,0.000166,172.217.194.0-255,1484,16313,74,166867
13567,0.000169,172.31.40.0-255,66,16379,74,166867
13568,0.000174,172.217.194.0-255,4320,20699,74,166867
13569,0.000176,172.31.40.0-255,66,20765,74,166867
13570,0.000207,172.31.40.0-255,66,20831,74,166867
13571,0.00022,172.31.40.0-255,66,20897,74,166867
13572,0.000255,172.217.194.0-255,4320,25217,74,166867
13573,0.000258,172.31.40.0-255,66,25283,74,166867
13574,0.000275,172.217.194.0-255,1414,26697,74,166867
13575,0.000277,172.31.40.0-255,66,26763,74,166867
13576,0.000294,172.217.194.0-255,368,27131,74,166867
13577,0.000297,172.31.40.0-255,66,27197,74,166867
13578,0.00045,172.217.194.0-255,1484,28681,74,166867
13579,0.000456,172.31.40.0-255,66,28747,74,166867
13580,0.000462,172.217.194.0-255,2902,31649,74,166867
13581,0.000464,172.31.40.0-255,66,31715,74,166867
13582,0.000471,172.217.194.0-255,5738,37453,74,166867
13583,0.000473,172.31.40.0-255,66,37519,74,166867
13584,0.000476,172.217.194.0-255,1484,39003,74,166867
13585,0.0005,172.217.194.0-255,4320,43323,74,166867
13586,0.000503,172.31.40.0-255,66,43389,74,166867
13587,0.000517,172.31.40.0-255,66,43455,74,166867
13588,0.000533,172.217.194.0-255,5020,48475,74,166867
13589,0.000536,172.31.40.0-255,66,48541,74,166867
13590,0.000838,172.217.194.0-255,1484,50025,74,166867
13591,0.000844,172.217.194.0-255,2902,52927,74,166867
13592,0.000847,172.31.40.0-255,66,52993,74,166867
13593,0.000851,172.217.194.0-255,1484,54477,74,166867
13594,0.00087,172.217.194.0-255,4320,58797,74,166867
13595,0.000872,172.31.40.0-255,66,58863,74,166867
13596,0.000906,172.217.194.0-255,4320,63183,74,166867
13597,0.000909,172.31.40.0-255,66,63249,74,166867
13598,0.000938,172.31.40.0-255,66,63315,74,166867
13599,0.00095,172.31.40.0-255,66,63381,74,166867
13600,0.001209,172.217.194.0-255,1484,64865,74,166867
13601,0.001215,172.217.194.0-255,2902,67767,74,166867
13602,0.001221,172.31.40.0-255,66,67833,74,166867
13603,0.001241,172.217.194.0-255,5738,73571,74,166867
13604,0.001244,172.31.40.0-255,66,73637,74,166867
13605,0.00125,172.217.194.0-255,4320,77957,74,166867
13606,0.001252,172.31.40.0-255,66,78023,74,166867
13607,0.001274,172.31.40.0-255,66,78089,74,166867
13608,0.001329,172.31.40.0-255,66,78155,74,166867
13609,0.001407,172.217.194.0-255,1484,79639,74,166867
13610,0.001413,172.217.194.0-255,2902,82541,74,166867
13611,0.001416,172.31.40.0-255,66,82607,74,166867
13612,0.001419,172.217.194.0-255,1484,84091,74,166867
13613,0.001437,172.217.194.0-255,4320,88411,74,166867
13614,0.00144,172.31.40.0-255,66,88477,74,166867
13615,0.001444,172.217.194.0-255,2902,91379,74,166867
13616,0.001447,172.31.40.0-255,66,91445,74,166867
13617,0.001469,172.31.40.0-255,66,91511,74,166867
13618,0.001482,172.31.40.0-255,66,91577,74,166867
13619,0.001661,172.217.194.0-255,1484,93061,74,166867
13620,0.001666,172.217.194.0-255,2902,95963,74,166867
13621,0.001669,172.31.40.0-255,66,96029,74,166867
13622,0.001693,172.217.194.0-255,5738,101767,74,166867
13623,0.001695,172.31.40.0-255,66,101833,74,166867
13624,0.001709,172.217.194.0-255,2902,104735,74,166867
13625,0.001711,172.31.40.0-255,66,104801,74,166867
13626,0.001739,172.31.40.0-255,66,104867,74,166867
13627,0.001749,172.31.40.0-255,66,104933,74,166867
13628,0.001784,172.217.194.0-255,5020,109953,74,166867
13629,0.001788,172.31.40.0-255,66,110019,74,166867
13630,0.001793,172.217.194.0-255,4320,114339,74,166867
13631,0.001795,172.31.40.0-255,66,114405,74,166867
13632,0.001805,172.217.194.0-255,1484,115889,74,166867
13633,0.001818,172.217.194.0-255,4320,120209,74,166867
13634,0.001821,172.31.40.0-255,66,120275,74,166867
13635,0.001852,172.31.40.0-255,66,120341,74,166867
13636,0.001862,172.31.40.0-255,66,120407,74,166867
13637,0.001881,172.217.194.0-255,1484,121891,74,166867
13638,0.001891,172.217.194.0-255,766,122657,74,166867
13639,0.001893,172.31.40.0-255,66,122723,74,166867
13640,0.001956,172.217.194.0-255,1484,124207,74,166867
13641,0.00197,172.217.194.0-255,2902,127109,74,166867
13642,0.001972,172.31.40.0-255,66,127175,74,166867
13643,0.001977,172.217.194.0-255,4320,131495,74,166867
13644,0.001979,172.31.40.0-255,66,131561,74,166867
13645,0.001991,172.217.194.0-255,1484,133045,74,166867
13646,0.001995,172.217.194.0-255,2902,135947,74,166867
13647,0.001997,172.31.40.0-255,66,136013,74,166867
13648,0.002,172.217.194.0-255,1484,137497,74,166867
13649,0.002024,172.31.40.0-255,66,137563,74,166867
13650,0.002069,172.217.194.0-255,5738,143301,74,166867
13651,0.002072,172.31.40.0-255,66,143367,74,166867
13652,0.002088,172.217.194.0-255,5020,148387,74,166867
13653,0.00209,172.31.40.0-255,66,148453,74,166867
13654,0.002095,172.217.194.0-255,2902,151355,74,166867
13655,0.002096,172.31.40.0-255,66,151421,74,166867
13656,0.002101,172.217.194.0-255,4320,155741,74,166867
13657,0.002103,172.31.40.0-255,66,155807,74,166867
13658,0.002106,172.217.194.0-255,1484,157291,74,166867
13659,0.002131,172.31.40.0-255,66,157357,74,166867
13660,0.002141,172.217.194.0-255,1484,158841,74,166867
13661,0.002184,172.31.40.0-255,66,158907,74,166867
13662,0.002201,172.31.40.0-255,66,158973,74,166867
13663,0.002212,172.31.40.0-255,66,159039,74,166867
13664,0.002235,172.217.194.0-255,2902,161941,74,166867
13665,0.002237,172.31.40.0-255,66,162007,74,166867
13666,0.002257,172.217.194.0-255,4320,166327,74,166867
13667,0.002259,172.31.40.0-255,66,166393,74,166867
13668,0.002307,172.217.194.0-255,105,166498,74,166867
13669,0.002315,172.31.40.0-255,66,166564,74,166867
13670,0.002318,172.31.40.0-255,66,166630,74,166867
13671,0.004431,172.31.40.0-255,66,166696,74,166867
13672,0.004471,172.31.40.0-255,105,166801,74,166867
13673,0.006929,172.217.194.0-255,66,166867,74,166867
13674,0.0,172.31.40.0-255,105,105,74,459
13675,0.000378,172.31.40.0-255,90,195,74,459
13676,0.000389,172.31.40.0-255,66,261,74,459
13677,0.002387,74.125.68.0-255,66,327,74,459
13678,0.002418,74.125.68.0-255,66,393,74,459
13679,0.002441,172.31.40.0-255,66,459,74,459
13680,0.0,74.125.24.0-255,146,146,74,149049
13681,2e-05,172.31.40.0-255,66,212,74,149049
13682,2.6e-05,74.125.24.0-255,1484,1696,74,149049
13683,3e-05,172.31.40.0-255,66,1762,74,149049
13684,3.6e-05,74.125.24.0-255,2902,4664,74,149049
13685,4.8e-05,172.31.40.0-255,66,4730,74,149049
13686,5.8e-05,172.31.40.0-255,66,4796,74,149049
13687,6.9e-05,172.31.40.0-255,66,4862,74,149049
13688,0.000101,74.125.24.0-255,4745,9607,74,149049
13689,0.000105,172.31.40.0-255,66,9673,74,149049
13690,0.000111,74.125.24.0-255,5738,15411,74,149049
13691,0.000113,172.31.40.0-255,66,15477,74,149049
13692,0.00014,74.125.24.0-255,1125,16602,74,149049
13693,0.000143,172.31.40.0-255,66,16668,74,149049
13694,0.000187,74.125.24.0-255,1484,18152,74,149049
13695,0.000191,172.31.40.0-255,66,18218,74,149049
13696,0.000208,74.125.24.0-255,2902,21120,74,149049
13697,0.000211,172.31.40.0-255,66,21186,74,149049
13698,0.000216,74.125.24.0-255,4320,25506,74,149049
13699,0.000219,172.31.40.0-255,66,25572,74,149049
13700,0.000243,74.125.24.0-255,1484,27056,74,149049
13701,0.000246,172.31.40.0-255,66,27122,74,149049
13702,0.000251,74.125.24.0-255,5738,32860,74,149049
13703,0.000254,172.31.40.0-255,66,32926,74,149049
13704,0.000277,172.31.40.0-255,66,32992,74,149049
13705,0.000295,172.31.40.0-255,66,33058,74,149049
13706,0.000298,74.125.24.0-255,115,33173,74,149049
13707,0.000301,172.31.40.0-255,66,33239,74,149049
13708,0.000463,74.125.24.0-255,1484,34723,74,149049
13709,0.000471,74.125.24.0-255,2902,37625,74,149049
13710,0.000474,172.31.40.0-255,66,37691,74,149049
13711,0.000477,74.125.24.0-255,1484,39175,74,149049
13712,0.00051,74.125.24.0-255,4320,43495,74,149049
13713,0.000513,172.31.40.0-255,66,43561,74,149049
13714,0.000523,172.31.40.0-255,66,43627,74,149049
13715,0.000612,74.125.24.0-255,1484,45111,74,149049
13716,0.000618,74.125.24.0-255,2902,48013,74,149049
13717,0.000621,172.31.40.0-255,66,48079,74,149049
13718,0.000624,74.125.24.0-255,1484,49563,74,149049
13719,0.000651,74.125.24.0-255,4320,53883,74,149049
13720,0.000654,172.31.40.0-255,66,53949,74,149049
13721,0.000664,172.31.40.0-255,66,54015,74,149049
13722,0.000692,74.125.24.0-255,4320,58335,74,149049
13723,0.000696,172.31.40.0-255,66,58401,74,149049
13724,0.000701,74.125.24.0-255,5738,64139,74,149049
13725,0.000704,172.31.40.0-255,66,64205,74,149049
13726,0.000724,74.125.24.0-255,2902,67107,74,149049
13727,0.000732,172.31.40.0-255,66,67173,74,149049
13728,0.000762,172.31.40.0-255,66,67239,74,149049
13729,0.000788,74.125.24.0-255,1484,68723,74,149049
13730,0.000804,74.125.24.0-255,3961,72684,74,149049
13731,0.000807,172.31.40.0-255,66,72750,74,149049
13732,0.000837,74.125.24.0-255,1484,74234,74,149049
13733,0.000867,74.125.24.0-255,2902,77136,74,149049
13734,0.00087,172.31.40.0-255,66,77202,74,149049
13735,0.000876,74.125.24.0-255,5738,82940,74,149049
13736,0.000878,172.31.40.0-255,66,83006,74,149049
13737,0.000898,172.31.40.0-255,66,83072,74,149049
13738,0.000903,172.31.40.0-255,66,83138,74,149049
13739,0.000927,74.125.24.0-255,1484,84622,74,149049
13740,0.000976,74.125.24.0-255,1484,86106,74,149049
13741,0.000978,172.31.40.0-255,66,86172,74,149049
13742,0.001012,172.31.40.0-255,66,86238,74,149049
13743,0.001088,74.125.24.0-255,1484,87722,74,149049
13744,0.001093,74.125.24.0-255,2902,90624,74,149049
13745,0.001096,172.31.40.0-255,66,90690,74,149049
13746,0.001099,74.125.24.0-255,1484,92174,74,149049
13747,0.001132,74.125.24.0-255,4320,96494,74,149049
13748,0.001135,172.31.40.0-255,66,96560,74,149049
13749,0.001145,172.31.40.0-255,66,96626,74,149049
13750,0.001297,74.125.24.0-255,1484,98110,74,149049
13751,0.001302,74.125.24.0-255,2902,101012,74,149049
13752,0.001305,172.31.40.0-255,66,101078,74,149049
13753,0.001312,74.125.24.0-255,5738,106816,74,149049
13754,0.001314,172.31.40.0-255,66,106882,74,149049
13755,0.001334,172.31.40.0-255,66,106948,74,149049
13756,0.00138,172.31.40.0-255,66,107014,74,149049
13757,0.001407,74.125.24.0-255,3602,110616,74,149049
13758,0.001411,172.31.40.0-255,66,110682,74,149049
13759,0.001602,74.125.24.0-255,1484,112166,74,149049
13760,0.001607,74.125.24.0-255,2902,115068,74,149049
13761,0.00161,172.31.40.0-255,66,115134,74,149049
13762,0.001615,74.125.24.0-255,2902,118036,74,149049
13763,0.001617,172.31.40.0-255,66,118102,74,149049
13764,0.00164,74.125.24.0-255,2902,121004,74,149049
13765,0.001648,172.31.40.0-255,66,121070,74,149049
13766,0.001685,172.31.40.0-255,66,121136,74,149049
13767,0.001718,172.31.40.0-255,66,121202,74,149049
13768,0.001723,74.125.24.0-255,4320,125522,74,149049
13769,0.001724,172.31.40.0-255,66,125588,74,149049
13770,0.001762,172.31.40.0-255,66,125654,74,149049
13771,0.00179,74.125.24.0-255,4320,129974,74,149049
13772,0.001794,172.31.40.0-255,66,130040,74,149049
13773,0.001835,172.31.40.0-255,66,130106,74,149049
13774,0.001841,74.125.24.0-255,5738,135844,74,149049
13775,0.001843,172.31.40.0-255,66,135910,74,149049
13776,0.001908,172.31.40.0-255,66,135976,74,149049
13777,0.001925,74.125.24.0-255,766,136742,74,149049
13778,0.001927,172.31.40.0-255,66,136808,74,149049
13779,0.001955,74.125.24.0-255,1484,138292,74,149049
13780,0.001958,172.31.40.0-255,66,138358,74,149049
13781,0.001963,74.125.24.0-255,2902,141260,74,149049
13782,0.001966,172.31.40.0-255,66,141326,74,149049
13783,0.001971,74.125.24.0-255,4320,145646,74,149049
13784,0.001974,172.31.40.0-255,66,145712,74,149049
13785,0.002016,74.125.24.0-255,1484,147196,74,149049
13786,0.002032,172.31.40.0-255,66,147262,74,149049
13787,0.002044,172.31.40.0-255,66,147328,74,149049
13788,0.002046,74.125.24.0-255,1484,148812,74,149049
13789,0.002088,172.31.40.0-255,66,148878,74,149049
13790,0.002133,172.31.40.0-255,66,148944,74,149049
13791,0.002136,74.125.24.0-255,105,149049,74,149049
13792,0.0,172.217.194.0-255,146,146,74,167090
13793,2.2e-05,172.31.40.0-255,66,212,74,167090
13794,2.9e-05,172.217.194.0-255,1484,1696,74,167090
13795,3.3e-05,172.31.40.0-255,66,1762,74,167090
13796,3.8e-05,172.217.194.0-255,2902,4664,74,167090
13797,4.6e-05,172.31.40.0-255,66,4730,74,167090
13798,5.5e-05,172.31.40.0-255,66,4796,74,167090
13799,8.1e-05,172.217.194.0-255,2028,6824,74,167090
13800,8.3e-05,172.31.40.0-255,66,6890,74,167090
13801,8.7e-05,172.217.194.0-255,2902,9792,74,167090
13802,9.3e-05,172.31.40.0-255,66,9858,74,167090
13803,9.6e-05,172.217.194.0-255,1484,11342,74,167090
13804,9.8e-05,172.31.40.0-255,66,11408,74,167090
13805,0.000131,172.217.194.0-255,5738,17146,74,167090
13806,0.000134,172.31.40.0-255,66,17212,74,167090
13807,0.000142,172.31.40.0-255,66,17278,74,167090
13808,0.000174,172.217.194.0-255,2902,20180,74,167090
13809,0.000176,172.31.40.0-255,66,20246,74,167090
13810,0.000202,172.217.194.0-255,5738,25984,74,167090
13811,0.000205,172.31.40.0-255,66,26050,74,167090
13812,0.000223,172.217.194.0-255,5738,31788,74,167090
13813,0.000225,172.31.40.0-255,66,31854,74,167090
13814,0.000255,172.217.194.0-255,2543,34397,74,167090
13815,0.000257,172.31.40.0-255,66,34463,74,167090
13816,0.000267,172.31.40.0-255,66,34529,74,167090
13817,0.000294,172.31.40.0-255,66,34595,74,167090
13818,0.000296,172.217.194.0-255,397,34992,74,167090
13819,0.000299,172.31.40.0-255,66,35058,74,167090
13820,0.000544,172.217.194.0-255,1484,36542,74,167090
13821,0.000552,172.217.194.0-255,2902,39444,74,167090
13822,0.000556,172.31.40.0-255,66,39510,74,167090
13823,0.000585,172.217.194.0-255,5738,45248,74,167090
13824,0.000587,172.31.40.0-255,66,45314,74,167090
13825,0.00059,172.217.194.0-255,1484,46798,74,167090
13826,0.000599,172.31.40.0-255,66,46864,74,167090
13827,0.000627,172.217.194.0-255,2902,49766,74,167090
13828,0.000629,172.31.40.0-255,66,49832,74,167090
13829,0.000669,172.31.40.0-255,66,49898,74,167090
13830,0.000938,172.217.194.0-255,1484,51382,74,167090
13831,0.000941,172.217.194.0-255,1484,52866,74,167090
13832,0.000945,172.31.40.0-255,66,52932,74,167090
13833,0.000964,172.217.194.0-255,1484,54416,74,167090
13834,0.000971,172.217.194.0-255,5738,60154,74,167090
13835,0.000973,172.31.40.0-255,66,60220,74,167090
13836,0.001009,172.31.40.0-255,66,60286,74,167090
13837,0.001031,172.217.194.0-255,1484,61770,74,167090
13838,0.001038,172.217.194.0-255,5738,67508,74,167090
13839,0.00104,172.31.40.0-255,66,67574,74,167090
13840,0.001065,172.217.194.0-255,5020,72594,74,167090
13841,0.001068,172.31.40.0-255,66,72660,74,167090
13842,0.001152,172.217.194.0-255,1484,74144,74,167090
13843,0.001156,172.217.194.0-255,2902,77046,74,167090
13844,0.001159,172.31.40.0-255,66,77112,74,167090
13845,0.001191,172.217.194.0-255,2902,80014,74,167090
13846,0.001193,172.31.40.0-255,66,80080,74,167090
13847,0.001223,172.217.194.0-255,2902,82982,74,167090
13848,0.001225,172.31.40.0-255,66,83048,74,167090
13849,0.001231,172.217.194.0-255,5738,88786,74,167090
13850,0.001233,172.31.40.0-255,66,88852,74,167090
13851,0.001249,172.31.40.0-255,66,88918,74,167090
13852,0.001254,172.217.194.0-255,5020,93938,74,167090
13853,0.001259,172.31.40.0-255,66,94004,74,167090
13854,0.001674,172.217.194.0-255,1484,95488,74,167090
13855,0.00168,172.217.194.0-255,2902,98390,74,167090
13856,0.001683,172.31.40.0-255,66,98456,74,167090
13857,0.001714,172.217.194.0-255,5738,104194,74,167090
13858,0.001717,172.31.40.0-255,66,104260,74,167090
13859,0.001727,172.31.40.0-255,66,104326,74,167090
13860,0.001768,172.217.194.0-255,2902,107228,74,167090
13861,0.00177,172.31.40.0-255,66,107294,74,167090
13862,0.001781,172.31.40.0-255,66,107360,74,167090
13863,0.001796,172.217.194.0-255,1484,108844,74,167090
13864,0.001804,172.217.194.0-255,2902,111746,74,167090
13865,0.001806,172.31.40.0-255,66,111812,74,167090
13866,0.001811,172.217.194.0-255,5738,117550,74,167090
13867,0.001813,172.31.40.0-255,66,117616,74,167090
13868,0.00185,172.31.40.0-255,66,117682,74,167090
13869,0.001859,172.31.40.0-255,66,117748,74,167090
13870,0.001887,172.217.194.0-255,2184,119932,74,167090
13871,0.00189,172.31.40.0-255,66,119998,74,167090
13872,0.001974,172.217.194.0-255,1484,121482,74,167090
13873,0.001979,172.217.194.0-255,2902,124384,74,167090
13874,0.001982,172.31.40.0-255,66,124450,74,167090
13875,0.002013,172.217.194.0-255,5738,130188,74,167090
13876,0.002017,172.217.194.0-255,2902,133090,74,167090
13877,0.002021,172.31.40.0-255,66,133156,74,167090
13878,0.002027,172.31.40.0-255,66,133222,74,167090
13879,0.002048,172.31.40.0-255,66,133288,74,167090
13880,0.002081,172.217.194.0-255,2902,136190,74,167090
13881,0.002088,172.31.40.0-255,66,136256,74,167090
13882,0.002101,172.31.40.0-255,66,136322,74,167090
13883,0.002107,172.217.194.0-255,5738,142060,74,167090
13884,0.002109,172.31.40.0-255,66,142126,74,167090
13885,0.002116,172.217.194.0-255,5738,147864,74,167090
13886,0.002118,172.31.40.0-255,66,147930,74,167090
13887,0.002147,172.217.194.0-255,1484,149414,74,167090
13888,0.002167,172.31.40.0-255,66,149480,74,167090
13889,0.002178,172.31.40.0-255,66,149546,74,167090
13890,0.002313,172.31.40.0-255,66,149612,74,167090
13891,0.002319,172.31.40.0-255,66,149678,74,167090
13892,0.004551,172.217.194.0-255,5738,155416,74,167090
13893,0.004559,172.31.40.0-255,66,155482,74,167090
13894,0.00682,172.217.194.0-255,5738,161220,74,167090
13895,0.006839,172.31.40.0-255,66,161286,74,167090
13896,0.009122,172.217.194.0-255,5738,167024,74,167090
13897,0.009137,172.31.40.0-255,66,167090,74,167090
13898,0.0,172.217.194.0-255,152,152,74,124687
13899,2.4e-05,172.31.40.0-255,66,218,74,124687
13900,3.1e-05,172.217.194.0-255,1484,1702,74,124687
13901,3.7e-05,172.31.40.0-255,66,1768,74,124687
13902,4.3e-05,172.217.194.0-255,2902,4670,74,124687
13903,5.3e-05,172.31.40.0-255,66,4736,74,124687
13904,6e-05,172.217.194.0-255,5738,10474,74,124687
13905,6.3e-05,172.31.40.0-255,66,10540,74,124687
13906,6.9e-05,172.217.194.0-255,3438,13978,74,124687
13907,7.2e-05,172.31.40.0-255,66,14044,74,124687
13908,0.000142,172.217.194.0-255,1484,15528,74,124687
13909,0.000145,172.31.40.0-255,66,15594,74,124687
13910,0.00015,172.217.194.0-255,2902,18496,74,124687
13911,0.000152,172.31.40.0-255,66,18562,74,124687
13912,0.000179,172.217.194.0-255,5738,24300,74,124687
13913,0.000182,172.31.40.0-255,66,24366,74,124687
13914,0.000232,172.217.194.0-255,4320,28686,74,124687
13915,0.000235,172.31.40.0-255,66,28752,74,124687
13916,0.000262,172.217.194.0-255,2543,31295,74,124687
13917,0.000265,172.31.40.0-255,66,31361,74,124687
13918,0.000351,172.217.194.0-255,1484,32845,74,124687
13919,0.000355,172.31.40.0-255,66,32911,74,124687
13920,0.00036,172.217.194.0-255,2902,35813,74,124687
13921,0.000363,172.31.40.0-255,66,35879,74,124687
13922,0.000397,172.217.194.0-255,5738,41617,74,124687
13923,0.0004,172.31.40.0-255,66,41683,74,124687
13924,0.000403,172.217.194.0-255,1484,43167,74,124687
13925,0.000405,172.31.40.0-255,66,43233,74,124687
13926,0.000459,172.31.40.0-255,66,43299,74,124687
13927,0.000462,172.217.194.0-255,1484,44783,74,124687
13928,0.000464,172.31.40.0-255,66,44849,74,124687
13929,0.000491,172.31.40.0-255,66,44915,74,124687
13930,0.00052,172.217.194.0-255,380,45295,74,124687
13931,0.001261,172.31.40.0-255,66,45361,74,124687
13932,0.001608,172.217.194.0-255,1484,46845,74,124687
13933,0.00162,172.217.194.0-255,2902,49747,74,124687
13934,0.001624,172.31.40.0-255,66,49813,74,124687
13935,0.001653,172.217.194.0-255,2902,52715,74,124687
13936,0.001655,172.31.40.0-255,66,52781,74,124687
13937,0.00166,172.217.194.0-255,2902,55683,74,124687
13938,0.001662,172.31.40.0-255,66,55749,74,124687
13939,0.001683,172.217.194.0-255,1484,57233,74,124687
13940,0.001689,172.217.194.0-255,4320,61553,74,124687
13941,0.001691,172.31.40.0-255,66,61619,74,124687
13942,0.001727,172.217.194.0-255,4320,65939,74,124687
13943,0.001729,172.31.40.0-255,66,66005,74,124687
13944,0.00174,172.31.40.0-255,66,66071,74,124687
13945,0.001758,172.217.194.0-255,2902,68973,74,124687
13946,0.00176,172.31.40.0-255,66,69039,74,124687
13947,0.001787,172.217.194.0-255,3602,72641,74,124687
13948,0.00179,172.31.40.0-255,66,72707,74,124687
13949,0.002085,172.217.194.0-255,1484,74191,74,124687
13950,0.002104,172.217.194.0-255,2902,77093,74,124687
13951,0.002109,172.31.40.0-255,66,77159,74,124687
13952,0.002115,172.217.194.0-255,2902,80061,74,124687
13953,0.002117,172.31.40.0-255,66,80127,74,124687
13954,0.002134,172.217.194.0-255,1484,81611,74,124687
13955,0.002164,172.217.194.0-255,5738,87349,74,124687
13956,0.002166,172.31.40.0-255,66,87415,74,124687
13957,0.002172,172.217.194.0-255,4320,91735,74,124687
13958,0.002174,172.31.40.0-255,66,91801,74,124687
13959,0.0022,172.217.194.0-255,5738,97539,74,124687
13960,0.002202,172.31.40.0-255,66,97605,74,124687
13961,0.002207,172.217.194.0-255,4320,101925,74,124687
13962,0.002209,172.31.40.0-255,66,101991,74,124687
13963,0.002256,172.31.40.0-255,66,102057,74,124687
13964,0.002268,172.31.40.0-255,66,102123,74,124687
13965,0.002322,172.31.40.0-255,66,102189,74,124687
13966,0.002344,172.217.194.0-255,5020,107209,74,124687
13967,0.00235,172.31.40.0-255,66,107275,74,124687
13968,0.00463,172.217.194.0-255,5738,113013,74,124687
13969,0.004638,172.31.40.0-255,66,113079,74,124687
13970,0.006876,172.217.194.0-255,5738,118817,74,124687
13971,0.006883,172.31.40.0-255,66,118883,74,124687
13972,0.009157,172.217.194.0-255,5738,124621,74,124687
13973,0.009169,172.31.40.0-255,66,124687,74,124687
13974,0.0,74.125.130.0-255,153,153,74,142464
13975,3.1e-05,172.31.40.0-255,66,219,74,142464
13976,3.8e-05,74.125.130.0-255,1484,1703,74,142464
13977,4.3e-05,172.31.40.0-255,66,1769,74,142464
13978,4.9e-05,74.125.130.0-255,2902,4671,74,142464
13979,6e-05,172.31.40.0-255,66,4737,74,142464
13980,7.1e-05,172.31.40.0-255,66,4803,74,142464
13981,7.4e-05,74.125.130.0-255,2034,6837,74,142464
13982,7.7e-05,172.31.40.0-255,66,6903,74,142464
13983,8.2e-05,74.125.130.0-255,2902,9805,74,142464
13984,8.5e-05,172.31.40.0-255,66,9871,74,142464
13985,9.4e-05,172.31.40.0-255,66,9937,74,142464
13986,0.000131,172.31.40.0-255,66,10003,74,142464
13987,0.000204,74.125.130.0-255,1484,11487,74,142464
13988,0.000207,172.31.40.0-255,66,11553,74,142464
13989,0.00023,74.125.130.0-255,2902,14455,74,142464
13990,0.000232,172.31.40.0-255,66,14521,74,142464
13991,0.00026,74.125.130.0-255,5738,20259,74,142464
13992,0.000263,172.31.40.0-255,66,20325,74,142464
13993,0.000318,74.125.130.0-255,5738,26063,74,142464
13994,0.000321,172.31.40.0-255,66,26129,74,142464
13995,0.00035,74.125.130.0-255,5379,31508,74,142464
13996,0.000353,172.31.40.0-255,66,31574,74,142464
13997,0.000365,172.31.40.0-255,66,31640,74,142464
13998,0.000368,74.125.130.0-255,1433,33073,74,142464
13999,0.00037,172.31.40.0-255,66,33139,74,142464
14000,0.000486,74.125.130.0-255,377,33516,74,142464
14001,0.000491,172.31.40.0-255,66,33582,74,142464
14002,0.000683,74.125.130.0-255,1484,35066,74,142464
14003,0.000688,74.125.130.0-255,2902,37968,74,142464
14004,0.000695,172.31.40.0-255,66,38034,74,142464
14005,0.000724,74.125.130.0-255,4320,42354,74,142464
14006,0.000727,172.31.40.0-255,66,42420,74,142464
14007,0.000753,74.125.130.0-255,1484,43904,74,142464
14008,0.00076,74.125.130.0-255,5738,49642,74,142464
14009,0.000763,172.31.40.0-255,66,49708,74,142464
14010,0.000772,172.31.40.0-255,66,49774,74,142464
14011,0.000808,172.31.40.0-255,66,49840,74,142464
14012,0.001117,74.125.130.0-255,1484,51324,74,142464
14013,0.001133,74.125.130.0-255,2902,54226,74,142464
14014,0.001137,172.31.40.0-255,66,54292,74,142464
14015,0.001144,74.125.130.0-255,5738,60030,74,142464
14016,0.001146,172.31.40.0-255,66,60096,74,142464
14017,0.001178,172.31.40.0-255,66,60162,74,142464
14018,0.001207,74.125.130.0-255,4320,64482,74,142464
14019,0.00121,172.31.40.0-255,66,64548,74,142464
14020,0.001225,172.31.40.0-255,66,64614,74,142464
14021,0.001276,74.125.130.0-255,1484,66098,74,142464
14022,0.001291,74.125.130.0-255,2902,69000,74,142464
14023,0.001294,172.31.40.0-255,66,69066,74,142464
14024,0.001298,74.125.130.0-255,2902,71968,74,142464
14025,0.001301,172.31.40.0-255,66,72034,74,142464
14026,0.001322,74.125.130.0-255,2902,74936,74,142464
14027,0.001325,172.31.40.0-255,66,75002,74,142464
14028,0.001341,74.125.130.0-255,4320,79322,74,142464
14029,0.001347,172.31.40.0-255,66,79388,74,142464
14030,0.001385,172.31.40.0-255,66,79454,74,142464
14031,0.001395,172.31.40.0-255,66,79520,74,142464
14032,0.001398,74.125.130.0-255,766,80286,74,142464
14033,0.001467,74.125.130.0-255,1484,81770,74,142464
14034,0.001471,172.31.40.0-255,66,81836,74,142464
14035,0.001477,74.125.130.0-255,2902,84738,74,142464
14036,0.001479,172.31.40.0-255,66,84804,74,142464
14037,0.001482,74.125.130.0-255,1484,86288,74,142464
14038,0.001508,74.125.130.0-255,4320,90608,74,142464
14039,0.001511,172.31.40.0-255,66,90674,74,142464
14040,0.001522,172.31.40.0-255,66,90740,74,142464
14041,0.001524,74.125.130.0-255,1484,92224,74,142464
14042,0.001568,74.125.130.0-255,2184,94408,74,142464
14043,0.001579,172.31.40.0-255,66,94474,74,142464
14044,0.001582,172.31.40.0-255,66,94540,74,142464
14045,0.001655,74.125.130.0-255,1484,96024,74,142464
14046,0.001673,74.125.130.0-255,2902,98926,74,142464
14047,0.001676,172.31.40.0-255,66,98992,74,142464
14048,0.00168,74.125.130.0-255,1484,100476,74,142464
14049,0.001701,74.125.130.0-255,4320,104796,74,142464
14050,0.001704,172.31.40.0-255,66,104862,74,142464
14051,0.001716,172.31.40.0-255,66,104928,74,142464
14052,0.001721,74.125.130.0-255,4320,109248,74,142464
14053,0.001723,172.31.40.0-255,66,109314,74,142464
14054,0.001765,172.31.40.0-255,66,109380,74,142464
14055,0.001769,74.125.130.0-255,2184,111564,74,142464
14056,0.001771,172.31.40.0-255,66,111630,74,142464
14057,0.00196,74.125.130.0-255,1484,113114,74,142464
14058,0.001967,74.125.130.0-255,2902,116016,74,142464
14059,0.00197,172.31.40.0-255,66,116082,74,142464
14060,0.002001,74.125.130.0-255,5738,121820,74,142464
14061,0.002003,172.31.40.0-255,66,121886,74,142464
14062,0.002018,172.31.40.0-255,66,121952,74,142464
14063,0.002055,74.125.130.0-255,4320,126272,74,142464
14064,0.002059,172.31.40.0-255,66,126338,74,142464
14065,0.002072,172.31.40.0-255,66,126404,74,142464
14066,0.004384,74.125.130.0-255,5738,132142,74,142464
14067,0.004392,172.31.40.0-255,66,132208,74,142464
14068,0.006708,74.125.130.0-255,4320,136528,74,142464
14069,0.006712,172.31.40.0-255,66,136594,74,142464
14070,0.006737,74.125.130.0-255,1484,138078,74,142464
14071,0.009028,74.125.130.0-255,4320,142398,74,142464
14072,0.009035,172.31.40.0-255,66,142464,74,142464
14073,0.0,74.125.24.0-255,153,153,74,156991
14074,2.5e-05,172.31.40.0-255,66,219,74,156991
14075,3.2e-05,74.125.24.0-255,1484,1703,74,156991
14076,3.7e-05,172.31.40.0-255,66,1769,74,156991
14077,5.3e-05,74.125.24.0-255,2902,4671,74,156991
14078,5.7e-05,172.31.40.0-255,66,4737,74,156991
14079,6.3e-05,74.125.24.0-255,5738,10475,74,156991
14080,6.7e-05,172.31.40.0-255,66,10541,74,156991
14081,7.7e-05,172.31.40.0-255,66,10607,74,156991
14082,0.000133,172.31.40.0-255,66,10673,74,156991
14083,0.000137,74.125.24.0-255,1484,12157,74,156991
14084,0.000139,172.31.40.0-255,66,12223,74,156991
14085,0.00017,74.125.24.0-255,2902,15125,74,156991
14086,0.000172,172.31.40.0-255,66,15191,74,156991
14087,0.000179,74.125.24.0-255,5738,20929,74,156991
14088,0.000182,172.31.40.0-255,66,20995,74,156991
14089,0.000225,172.31.40.0-255,66,21061,74,156991
14090,0.000231,74.125.24.0-255,5738,26799,74,156991
14091,0.000234,172.31.40.0-255,66,26865,74,156991
14092,0.000261,74.125.24.0-255,5394,32259,74,156991
14093,0.000264,172.31.40.0-255,66,32325,74,156991
14094,0.000624,74.125.24.0-255,1484,33809,74,156991
14095,0.00063,172.31.40.0-255,66,33875,74,156991
14096,0.000636,74.125.24.0-255,2902,36777,74,156991
14097,0.000639,172.31.40.0-255,66,36843,74,156991
14098,0.00065,74.125.24.0-255,5738,42581,74,156991
14099,0.000653,172.31.40.0-255,66,42647,74,156991
14100,0.000665,172.31.40.0-255,66,42713,74,156991
14101,0.0007,74.125.24.0-255,2902,45615,74,156991
14102,0.000718,74.125.24.0-255,5738,51353,74,156991
14103,0.000755,74.125.24.0-255,5020,56373,74,156991
14104,0.000759,74.125.24.0-255,334,56707,74,156991
14105,0.000785,74.125.24.0-255,1484,58191,74,156991
14106,0.00079,74.125.24.0-255,4320,62511,74,156991
14107,0.000882,74.125.24.0-255,4320,66831,74,156991
14108,0.000899,74.125.24.0-255,4320,71151,74,156991
14109,0.000918,74.125.24.0-255,2184,73335,74,156991
14110,0.000942,74.125.24.0-255,1484,74819,74,156991
14111,0.000953,74.125.24.0-255,2902,77721,74,156991
14112,0.000972,74.125.24.0-255,5738,83459,74,156991
14113,0.001019,74.125.24.0-255,5738,89197,74,156991
14114,0.001026,74.125.24.0-255,5738,94935,74,156991
14115,0.001048,74.125.24.0-255,5020,99955,74,156991
14116,0.001105,172.31.40.0-255,66,100021,74,156991
14117,0.001218,74.125.24.0-255,1484,101505,74,156991
14118,0.001225,74.125.24.0-255,2902,104407,74,156991
14119,0.001233,172.31.40.0-255,66,104473,74,156991
14120,0.001246,74.125.24.0-255,5738,110211,74,156991
14121,0.001252,74.125.24.0-255,5738,115949,74,156991
14122,0.001264,172.31.40.0-255,66,116015,74,156991
14123,0.00133,172.31.40.0-255,66,116081,74,156991
14124,0.001522,74.125.24.0-255,1484,117565,74,156991
14125,0.001529,74.125.24.0-255,2902,120467,74,156991
14126,0.001552,74.125.24.0-255,5738,126205,74,156991
14127,0.001557,172.31.40.0-255,66,126271,74,156991
14128,0.001562,172.31.40.0-255,66,126337,74,156991
14129,0.001597,172.31.40.0-255,66,126403,74,156991
14130,0.001622,74.125.24.0-255,2902,129305,74,156991
14131,0.00164,74.125.24.0-255,1484,130789,74,156991
14132,0.001644,74.125.24.0-255,2902,133691,74,156991
14133,0.001665,74.125.24.0-255,1484,135175,74,156991
14134,0.001689,74.125.24.0-255,4320,139495,74,156991
14135,0.001705,172.31.40.0-255,66,139561,74,156991
14136,0.001743,74.125.24.0-255,4320,143881,74,156991
14137,0.001786,74.125.24.0-255,1484,145365,74,156991
14138,0.001799,172.31.40.0-255,66,145431,74,156991
14139,0.001934,74.125.24.0-255,2902,148333,74,156991
14140,0.001943,172.31.40.0-255,66,148399,74,156991
14141,0.001981,74.125.24.0-255,2902,151301,74,156991
14142,0.002001,74.125.24.0-255,5185,156486,74,156991
14143,0.002005,74.125.24.0-255,97,156583,74,156991
14144,0.002029,172.31.40.0-255,66,156649,74,156991
14145,0.002051,74.125.24.0-255,105,156754,74,156991
14146,0.004745,172.31.40.0-255,66,156820,74,156991
14147,0.004785,172.31.40.0-255,105,156925,74,156991
14148,0.007093,74.125.24.0-255,66,156991,74,156991
14149,0.0,172.217.194.0-255,219,219,74,125696
14150,2.2e-05,172.31.40.0-255,66,285,74,125696
14151,2.9e-05,172.217.194.0-255,1484,1769,74,125696
14152,3.3e-05,172.31.40.0-255,66,1835,74,125696
14153,4.7e-05,172.217.194.0-255,4320,6155,74,125696
14154,5e-05,172.31.40.0-255,66,6221,74,125696
14155,6.2e-05,172.31.40.0-255,66,6287,74,125696
14156,7.4e-05,172.31.40.0-255,66,6353,74,125696
14157,0.00011,172.217.194.0-255,5379,11732,74,125696
14158,0.000112,172.31.40.0-255,66,11798,74,125696
14159,0.000146,172.217.194.0-255,1484,13282,74,125696
14160,0.00015,172.31.40.0-255,66,13348,74,125696
14161,0.00017,172.217.194.0-255,2902,16250,74,125696
14162,0.000172,172.31.40.0-255,66,16316,74,125696
14163,0.000179,172.217.194.0-255,5738,22054,74,125696
14164,0.000181,172.31.40.0-255,66,22120,74,125696
14165,0.000231,172.31.40.0-255,66,22186,74,125696
14166,0.000293,172.31.40.0-255,66,22252,74,125696
14167,0.000382,172.217.194.0-255,1484,23736,74,125696
14168,0.000385,172.31.40.0-255,66,23802,74,125696
14169,0.000391,172.217.194.0-255,2902,26704,74,125696
14170,0.000393,172.31.40.0-255,66,26770,74,125696
14171,0.000396,172.217.194.0-255,1484,28254,74,125696
14172,0.000397,172.31.40.0-255,66,28320,74,125696
14173,0.000424,172.217.194.0-255,4320,32640,74,125696
14174,0.000427,172.31.40.0-255,66,32706,74,125696
14175,0.000445,172.31.40.0-255,66,32772,74,125696
14176,0.000448,172.217.194.0-255,1484,34256,74,125696
14177,0.000491,172.31.40.0-255,66,34322,74,125696
14178,0.001057,172.217.194.0-255,1484,35806,74,125696
14179,0.001063,172.217.194.0-255,2902,38708,74,125696
14180,0.001067,172.31.40.0-255,66,38774,74,125696
14181,0.001097,172.217.194.0-255,5738,44512,74,125696
14182,0.001099,172.31.40.0-255,66,44578,74,125696
14183,0.001113,172.31.40.0-255,66,44644,74,125696
14184,0.001118,172.217.194.0-255,2902,47546,74,125696
14185,0.00112,172.31.40.0-255,66,47612,74,125696
14186,0.001149,172.31.40.0-255,66,47678,74,125696
14187,0.001152,172.217.194.0-255,766,48444,74,125696
14188,0.001273,172.217.194.0-255,1484,49928,74,125696
14189,0.001277,172.31.40.0-255,66,49994,74,125696
14190,0.001283,172.217.194.0-255,2902,52896,74,125696
14191,0.001284,172.31.40.0-255,66,52962,74,125696
14192,0.001318,172.217.194.0-255,5738,58700,74,125696
14193,0.001321,172.31.40.0-255,66,58766,74,125696
14194,0.001333,172.31.40.0-255,66,58832,74,125696
14195,0.001351,172.31.40.0-255,66,58898,74,125696
14196,0.001355,172.217.194.0-255,2184,61082,74,125696
14197,0.001357,172.31.40.0-255,66,61148,74,125696
14198,0.001426,172.217.194.0-255,1484,62632,74,125696
14199,0.001442,172.217.194.0-255,2902,65534,74,125696
14200,0.001445,172.31.40.0-255,66,65600,74,125696
14201,0.001452,172.217.194.0-255,5738,71338,74,125696
14202,0.001454,172.31.40.0-255,66,71404,74,125696
14203,0.001458,172.217.194.0-255,2902,74306,74,125696
14204,0.001465,172.31.40.0-255,66,74372,74,125696
14205,0.001509,172.217.194.0-255,4320,78692,74,125696
14206,0.001512,172.31.40.0-255,66,78758,74,125696
14207,0.001528,172.31.40.0-255,66,78824,74,125696
14208,0.001532,172.217.194.0-255,2184,81008,74,125696
14209,0.001534,172.31.40.0-255,66,81074,74,125696
14210,0.001574,172.217.194.0-255,1484,82558,74,125696
14211,0.00158,172.217.194.0-255,2902,85460,74,125696
14212,0.001582,172.31.40.0-255,66,85526,74,125696
14213,0.001587,172.217.194.0-255,2902,88428,74,125696
14214,0.00159,172.31.40.0-255,66,88494,74,125696
14215,0.00161,172.217.194.0-255,2902,91396,74,125696
14216,0.001612,172.31.40.0-255,66,91462,74,125696
14217,0.001626,172.31.40.0-255,66,91528,74,125696
14218,0.001637,172.31.40.0-255,66,91594,74,125696
14219,0.001674,172.217.194.0-255,1484,93078,74,125696
14220,0.001712,172.31.40.0-255,66,93144,74,125696
14221,0.00175,172.31.40.0-255,66,93210,74,125696
14222,0.001776,172.31.40.0-255,66,93276,74,125696
14223,0.001927,172.217.194.0-255,1484,94760,74,125696
14224,0.001933,172.217.194.0-255,2902,97662,74,125696
14225,0.001937,172.31.40.0-255,66,97728,74,125696
14226,0.00197,172.217.194.0-255,5738,103466,74,125696
14227,0.001974,172.31.40.0-255,66,103532,74,125696
14228,0.001987,172.31.40.0-255,66,103598,74,125696
14229,0.001997,172.31.40.0-255,66,103664,74,125696
14230,0.002048,172.217.194.0-255,3602,107266,74,125696
14231,0.002052,172.31.40.0-255,66,107332,74,125696
14232,0.002078,172.217.194.0-255,1484,108816,74,125696
14233,0.002111,172.217.194.0-255,2902,111718,74,125696
14234,0.002114,172.31.40.0-255,66,111784,74,125696
14235,0.002121,172.217.194.0-255,5738,117522,74,125696
14236,0.002123,172.31.40.0-255,66,117588,74,125696
14237,0.002139,172.31.40.0-255,66,117654,74,125696
14238,0.002149,172.31.40.0-255,66,117720,74,125696
14239,0.00218,172.217.194.0-255,5020,122740,74,125696
14240,0.002183,172.31.40.0-255,66,122806,74,125696
14241,0.002194,172.31.40.0-255,66,122872,74,125696
14242,0.002255,172.31.40.0-255,66,122938,74,125696
14243,0.002268,172.31.40.0-255,66,123004,74,125696
14244,0.002285,172.31.40.0-255,66,123070,74,125696
14245,0.002316,172.217.194.0-255,2284,125354,74,125696
14246,0.002319,172.31.40.0-255,66,125420,74,125696
14247,0.002322,172.217.194.0-255,105,125525,74,125696
14248,0.009394,172.31.40.0-255,66,125591,74,125696
14249,0.009436,172.31.40.0-255,105,125696,74,125696
14250,0.0,74.125.200.0-255,154,154,74,137254
14251,2.4e-05,172.31.40.0-255,66,220,74,137254
14252,3.2e-05,74.125.200.0-255,1484,1704,74,137254
14253,3.6e-05,172.31.40.0-255,66,1770,74,137254
14254,4.9e-05,74.125.200.0-255,2902,4672,74,137254
14255,5.4e-05,172.31.40.0-255,66,4738,74,137254
14256,5.7e-05,74.125.200.0-255,1484,6222,74,137254
14257,5.9e-05,172.31.40.0-255,66,6288,74,137254
14258,6.5e-05,74.125.200.0-255,2902,9190,74,137254
14259,6.8e-05,172.31.40.0-255,66,9256,74,137254
14260,0.000104,74.125.200.0-255,2902,12158,74,137254
14261,0.000106,172.31.40.0-255,66,12224,74,137254
14262,0.000132,74.125.200.0-255,2111,14335,74,137254
14263,0.000135,172.31.40.0-255,66,14401,74,137254
14264,0.000407,74.125.200.0-255,1484,15885,74,137254
14265,0.000412,172.31.40.0-255,66,15951,74,137254
14266,0.000418,74.125.200.0-255,2902,18853,74,137254
14267,0.00042,172.31.40.0-255,66,18919,74,137254
14268,0.000451,74.125.200.0-255,5738,24657,74,137254
14269,0.000454,172.31.40.0-255,66,24723,74,137254
14270,0.000463,172.31.40.0-255,66,24789,74,137254
14271,0.000511,74.125.200.0-255,1484,26273,74,137254
14272,0.000513,172.31.40.0-255,66,26339,74,137254
14273,0.000518,74.125.200.0-255,2902,29241,74,137254
14274,0.000519,172.31.40.0-255,66,29307,74,137254
14275,0.000535,74.125.200.0-255,2902,32209,74,137254
14276,0.000538,172.31.40.0-255,66,32275,74,137254
14277,0.000558,74.125.200.0-255,2902,35177,74,137254
14278,0.000563,172.31.40.0-255,66,35243,74,137254
14279,0.00057,74.125.200.0-255,5738,40981,74,137254
14280,0.000572,172.31.40.0-255,66,41047,74,137254
14281,0.000592,74.125.200.0-255,1125,42172,74,137254
14282,0.00083,172.31.40.0-255,66,42238,74,137254
14283,0.000941,74.125.200.0-255,1484,43722,74,137254
14284,0.000949,74.125.200.0-255,2902,46624,74,137254
14285,0.000952,172.31.40.0-255,66,46690,74,137254
14286,0.000959,74.125.200.0-255,5738,52428,74,137254
14287,0.000961,172.31.40.0-255,66,52494,74,137254
14288,0.000964,74.125.200.0-255,1484,53978,74,137254
14289,0.000972,74.125.200.0-255,2902,56880,74,137254
14290,0.000973,172.31.40.0-255,66,56946,74,137254
14291,0.001012,74.125.200.0-255,2543,59489,74,137254
14292,0.001014,172.31.40.0-255,66,59555,74,137254
14293,0.001058,74.125.200.0-255,1484,61039,74,137254
14294,0.001062,74.125.200.0-255,1484,62523,74,137254
14295,0.001063,172.31.40.0-255,66,62589,74,137254
14296,0.001086,74.125.200.0-255,1484,64073,74,137254
14297,0.001092,74.125.200.0-255,5738,69811,74,137254
14298,0.001094,172.31.40.0-255,66,69877,74,137254
14299,0.001118,74.125.200.0-255,4320,74197,74,137254
14300,0.00112,172.31.40.0-255,66,74263,74,137254
14301,0.001143,74.125.200.0-255,2543,76806,74,137254
14302,0.001145,172.31.40.0-255,66,76872,74,137254
14303,0.001154,172.31.40.0-255,66,76938,74,137254
14304,0.00119,172.31.40.0-255,66,77004,74,137254
14305,0.001844,74.125.200.0-255,1484,78488,74,137254
14306,0.00185,74.125.200.0-255,1484,79972,74,137254
14307,0.001854,172.31.40.0-255,66,80038,74,137254
14308,0.001871,74.125.200.0-255,1484,81522,74,137254
14309,0.001874,74.125.200.0-255,1484,83006,74,137254
14310,0.001876,172.31.40.0-255,66,83072,74,137254
14311,0.001891,74.125.200.0-255,2902,85974,74,137254
14312,0.001893,172.31.40.0-255,66,86040,74,137254
14313,0.001916,74.125.200.0-255,5738,91778,74,137254
14314,0.001919,172.31.40.0-255,66,91844,74,137254
14315,0.001924,74.125.200.0-255,4320,96164,74,137254
14316,0.001926,172.31.40.0-255,66,96230,74,137254
14317,0.001953,74.125.200.0-255,5738,101968,74,137254
14318,0.001956,172.31.40.0-255,66,102034,74,137254
14319,0.001987,74.125.200.0-255,2902,104936,74,137254
14320,0.001989,172.31.40.0-255,66,105002,74,137254
14321,0.002017,172.31.40.0-255,66,105068,74,137254
14322,0.002242,74.125.200.0-255,1484,106552,74,137254
14323,0.002255,74.125.200.0-255,2902,109454,74,137254
14324,0.002257,172.31.40.0-255,66,109520,74,137254
14325,0.002285,74.125.200.0-255,1484,111004,74,137254
14326,0.002297,74.125.200.0-255,2902,113906,74,137254
14327,0.002299,172.31.40.0-255,66,113972,74,137254
14328,0.002326,74.125.200.0-255,5738,119710,74,137254
14329,0.002328,172.31.40.0-255,66,119776,74,137254
14330,0.002331,74.125.200.0-255,1484,121260,74,137254
14331,0.004633,74.125.200.0-255,4320,125580,74,137254
14332,0.004637,172.31.40.0-255,66,125646,74,137254
14333,0.006947,74.125.200.0-255,5738,131384,74,137254
14334,0.006955,172.31.40.0-255,66,131450,74,137254
14335,0.009269,74.125.200.0-255,5738,137188,74,137254
14336,0.009276,172.31.40.0-255,66,137254,74,137254
14337,0.0,172.217.194.0-255,218,218,74,107441
14338,1.4e-05,172.31.40.0-255,66,284,74,107441
14339,2e-05,172.217.194.0-255,1484,1768,74,107441
14340,2.4e-05,172.31.40.0-255,66,1834,74,107441
14341,3.1e-05,172.217.194.0-255,4320,6154,74,107441
14342,3.5e-05,172.31.40.0-255,66,6220,74,107441
14343,7.2e-05,172.31.40.0-255,66,6286,74,107441
14344,7.8e-05,172.217.194.0-255,4320,10606,74,107441
14345,8e-05,172.31.40.0-255,66,10672,74,107441
14346,0.000113,172.217.194.0-255,4320,14992,74,107441
14347,0.000116,172.31.40.0-255,66,15058,74,107441
14348,0.000142,172.31.40.0-255,66,15124,74,107441
14349,0.000154,172.217.194.0-255,1484,16608,74,107441
14350,0.000157,172.31.40.0-255,66,16674,74,107441
14351,0.00016,172.217.194.0-255,1484,18158,74,107441
14352,0.000162,172.31.40.0-255,66,18224,74,107441
14353,0.000177,172.217.194.0-255,1484,19708,74,107441
14354,0.00018,172.31.40.0-255,66,19774,74,107441
14355,0.000186,172.217.194.0-255,5738,25512,74,107441
14356,0.000188,172.31.40.0-255,66,25578,74,107441
14357,0.000228,172.31.40.0-255,66,25644,74,107441
14358,0.000249,172.217.194.0-255,3961,29605,74,107441
14359,0.000251,172.31.40.0-255,66,29671,74,107441
14360,0.000281,172.31.40.0-255,66,29737,74,107441
14361,0.000666,172.217.194.0-255,364,30101,74,107441
14362,0.000672,172.31.40.0-255,66,30167,74,107441
14363,0.000941,172.217.194.0-255,1484,31651,74,107441
14364,0.000946,172.31.40.0-255,66,31717,74,107441
14365,0.000952,172.217.194.0-255,2902,34619,74,107441
14366,0.000954,172.31.40.0-255,66,34685,74,107441
14367,0.00096,172.217.194.0-255,4320,39005,74,107441
14368,0.000962,172.31.40.0-255,66,39071,74,107441
14369,0.000985,172.217.194.0-255,1484,40555,74,107441
14370,0.000991,172.217.194.0-255,4320,44875,74,107441
14371,0.000993,172.31.40.0-255,66,44941,74,107441
14372,0.001006,172.31.40.0-255,66,45007,74,107441
14373,0.001027,172.217.194.0-255,4320,49327,74,107441
14374,0.00103,172.31.40.0-255,66,49393,74,107441
14375,0.001053,172.217.194.0-255,3602,52995,74,107441
14376,0.001056,172.31.40.0-255,66,53061,74,107441
14377,0.001483,172.217.194.0-255,1484,54545,74,107441
14378,0.001488,172.217.194.0-255,2902,57447,74,107441
14379,0.001491,172.31.40.0-255,66,57513,74,107441
14380,0.001498,172.217.194.0-255,5738,63251,74,107441
14381,0.0015,172.31.40.0-255,66,63317,74,107441
14382,0.001512,172.217.194.0-255,1484,64801,74,107441
14383,0.001532,172.31.40.0-255,66,64867,74,107441
14384,0.001555,172.217.194.0-255,4320,69187,74,107441
14385,0.001557,172.31.40.0-255,66,69253,74,107441
14386,0.001569,172.31.40.0-255,66,69319,74,107441
14387,0.001887,172.217.194.0-255,1484,70803,74,107441
14388,0.001896,172.217.194.0-255,2902,73705,74,107441
14389,0.001899,172.31.40.0-255,66,73771,74,107441
14390,0.001907,172.217.194.0-255,5738,79509,74,107441
14391,0.001909,172.31.40.0-255,66,79575,74,107441
14392,0.001935,172.217.194.0-255,5738,85313,74,107441
14393,0.001938,172.31.40.0-255,66,85379,74,107441
14394,0.001969,172.31.40.0-255,66,85445,74,107441
14395,0.001972,172.217.194.0-255,1484,86929,74,107441
14396,0.001988,172.217.194.0-255,2902,89831,74,107441
14397,0.00199,172.31.40.0-255,66,89897,74,107441
14398,0.002007,172.31.40.0-255,66,89963,74,107441
14399,0.002041,172.217.194.0-255,1484,91447,74,107441
14400,0.004032,172.217.194.0-255,4320,95767,74,107441
14401,0.004039,172.31.40.0-255,66,95833,74,107441
14402,0.006084,172.217.194.0-255,5738,101571,74,107441
14403,0.006091,172.31.40.0-255,66,101637,74,107441
14404,0.008107,172.217.194.0-255,5738,107375,74,107441
14405,0.008112,172.31.40.0-255,66,107441,74,107441
14406,0.0,172.217.194.0-255,152,152,74,139365
14407,2.3e-05,172.31.40.0-255,66,218,74,139365
14408,3e-05,172.217.194.0-255,1484,1702,74,139365
14409,3.4e-05,172.31.40.0-255,66,1768,74,139365
14410,3.9e-05,172.217.194.0-255,2902,4670,74,139365
14411,4.2e-05,172.31.40.0-255,66,4736,74,139365
14412,6e-05,172.31.40.0-255,66,4802,74,139365
14413,6.4e-05,172.217.194.0-255,2108,6910,74,139365
14414,6.7e-05,172.31.40.0-255,66,6976,74,139365
14415,9.2e-05,172.217.194.0-255,2902,9878,74,139365
14416,0.0001,172.31.40.0-255,66,9944,74,139365
14417,0.000107,172.217.194.0-255,5738,15682,74,139365
14418,0.000109,172.31.40.0-255,66,15748,74,139365
14419,0.00016,172.31.40.0-255,66,15814,74,139365
14420,0.000186,172.217.194.0-255,3961,19775,74,139365
14421,0.000188,172.31.40.0-255,66,19841,74,139365
14422,0.000201,172.31.40.0-255,66,19907,74,139365
14423,0.000208,172.217.194.0-255,1125,21032,74,139365
14424,0.00021,172.31.40.0-255,66,21098,74,139365
14425,0.000244,172.217.194.0-255,1484,22582,74,139365
14426,0.000246,172.31.40.0-255,66,22648,74,139365
14427,0.000252,172.217.194.0-255,4320,26968,74,139365
14428,0.000254,172.31.40.0-255,66,27034,74,139365
14429,0.000317,172.31.40.0-255,66,27100,74,139365
14430,0.00032,172.217.194.0-255,1438,28538,74,139365
14431,0.000322,172.31.40.0-255,66,28604,74,139365
14432,0.000388,172.217.194.0-255,99,28703,74,139365
14433,0.000391,172.31.40.0-255,66,28769,74,139365
14434,0.000435,172.217.194.0-255,362,29131,74,139365
14435,0.000615,172.217.194.0-255,1484,30615,74,139365
14436,0.00062,172.31.40.0-255,66,30681,74,139365
14437,0.000639,172.217.194.0-255,2902,33583,74,139365
14438,0.000642,172.31.40.0-255,66,33649,74,139365
14439,0.000645,172.217.194.0-255,1484,35133,74,139365
14440,0.000677,172.217.194.0-255,4320,39453,74,139365
14441,0.00068,172.31.40.0-255,66,39519,74,139365
14442,0.000689,172.31.40.0-255,66,39585,74,139365
14443,0.001038,172.217.194.0-255,1484,41069,74,139365
14444,0.001042,172.217.194.0-255,1484,42553,74,139365
14445,0.001046,172.31.40.0-255,66,42619,74,139365
14446,0.001071,172.217.194.0-255,1484,44103,74,139365
14447,0.001078,172.217.194.0-255,5738,49841,74,139365
14448,0.00108,172.31.40.0-255,66,49907,74,139365
14449,0.00109,172.31.40.0-255,66,49973,74,139365
14450,0.001115,172.217.194.0-255,4320,54293,74,139365
14451,0.001117,172.31.40.0-255,66,54359,74,139365
14452,0.001149,172.31.40.0-255,66,54425,74,139365
14453,0.001168,172.217.194.0-255,3602,58027,74,139365
14454,0.00117,172.31.40.0-255,66,58093,74,139365
14455,0.001819,172.217.194.0-255,1484,59577,74,139365
14456,0.001829,172.217.194.0-255,2902,62479,74,139365
14457,0.001833,172.31.40.0-255,66,62545,74,139365
14458,0.001841,172.217.194.0-255,5738,68283,74,139365
14459,0.001843,172.31.40.0-255,66,68349,74,139365
14460,0.00185,172.217.194.0-255,1484,69833,74,139365
14461,0.001891,172.31.40.0-255,66,69899,74,139365
14462,0.001902,172.31.40.0-255,66,69965,74,139365
14463,0.001909,172.217.194.0-255,766,70731,74,139365
14464,0.001988,172.217.194.0-255,1484,72215,74,139365
14465,0.001991,172.31.40.0-255,66,72281,74,139365
14466,0.001995,172.217.194.0-255,1484,73765,74,139365
14467,0.002021,172.217.194.0-255,1484,75249,74,139365
14468,0.002023,172.31.40.0-255,66,75315,74,139365
14469,0.00203,172.217.194.0-255,5738,81053,74,139365
14470,0.002031,172.31.40.0-255,66,81119,74,139365
14471,0.002042,172.217.194.0-255,5738,86857,74,139365
14472,0.002044,172.31.40.0-255,66,86923,74,139365
14473,0.002048,172.217.194.0-255,2902,89825,74,139365
14474,0.002053,172.31.40.0-255,66,89891,74,139365
14475,0.002103,172.31.40.0-255,66,89957,74,139365
14476,0.002106,172.217.194.0-255,766,90723,74,139365
14477,0.002191,172.217.194.0-255,1484,92207,74,139365
14478,0.002195,172.31.40.0-255,66,92273,74,139365
14479,0.0022,172.217.194.0-255,2902,95175,74,139365
14480,0.002202,172.31.40.0-255,66,95241,74,139365
14481,0.002229,172.217.194.0-255,5738,100979,74,139365
14482,0.002232,172.31.40.0-255,66,101045,74,139365
14483,0.002247,172.31.40.0-255,66,101111,74,139365
14484,0.002286,172.217.194.0-255,4320,105431,74,139365
14485,0.002289,172.31.40.0-255,66,105497,74,139365
14486,0.002316,172.31.40.0-255,66,105563,74,139365
14487,0.002348,172.217.194.0-255,1484,107047,74,139365
14488,0.002353,172.217.194.0-255,2902,109949,74,139365
14489,0.002355,172.31.40.0-255,66,110015,74,139365
14490,0.002374,172.217.194.0-255,4320,114335,74,139365
14491,0.002377,172.31.40.0-255,66,114401,74,139365
14492,0.002405,172.217.194.0-255,1484,115885,74,139365
14493,0.00241,172.217.194.0-255,5738,121623,74,139365
14494,0.002413,172.31.40.0-255,66,121689,74,139365
14495,0.002432,172.31.40.0-255,66,121755,74,139365
14496,0.002503,172.31.40.0-255,66,121821,74,139365
14497,0.002514,172.31.40.0-255,66,121887,74,139365
14498,0.002535,172.31.40.0-255,66,121953,74,139365
14499,0.004973,172.217.194.0-255,5738,127691,74,139365
14500,0.00498,172.31.40.0-255,66,127757,74,139365
14501,0.007441,172.217.194.0-255,5738,133495,74,139365
14502,0.007455,172.31.40.0-255,66,133561,74,139365
14503,0.009943,172.217.194.0-255,5738,139299,74,139365
14504,0.00996,172.31.40.0-255,66,139365,74,139365
14505,0.0,172.217.194.0-255,146,146,74,97386
14506,1.5e-05,172.31.40.0-255,66,212,74,97386
14507,2.2e-05,172.217.194.0-255,1484,1696,74,97386
14508,2.7e-05,172.31.40.0-255,66,1762,74,97386
14509,3.3e-05,172.217.194.0-255,2902,4664,74,97386
14510,3.6e-05,172.31.40.0-255,66,4730,74,97386
14511,4.6e-05,172.31.40.0-255,66,4796,74,97386
14512,5.1e-05,172.217.194.0-255,4320,9116,74,97386
14513,5.4e-05,172.31.40.0-255,66,9182,74,97386
14514,7.5e-05,172.217.194.0-255,3401,12583,74,97386
14515,7.8e-05,172.31.40.0-255,66,12649,74,97386
14516,8.9e-05,172.31.40.0-255,66,12715,74,97386
14517,0.000109,172.217.194.0-255,2543,15258,74,97386
14518,0.000111,172.31.40.0-255,66,15324,74,97386
14519,0.000123,172.217.194.0-255,1484,16808,74,97386
14520,0.000137,172.31.40.0-255,66,16874,74,97386
14521,0.000142,172.217.194.0-255,2902,19776,74,97386
14522,0.000145,172.31.40.0-255,66,19842,74,97386
14523,0.000151,172.217.194.0-255,5738,25580,74,97386
14524,0.000154,172.31.40.0-255,66,25646,74,97386
14525,0.000186,172.217.194.0-255,4320,29966,74,97386
14526,0.000188,172.31.40.0-255,66,30032,74,97386
14527,0.000206,172.217.194.0-255,2543,32575,74,97386
14528,0.000208,172.31.40.0-255,66,32641,74,97386
14529,0.000213,172.217.194.0-255,2902,35543,74,97386
14530,0.000215,172.31.40.0-255,66,35609,74,97386
14531,0.000238,172.217.194.0-255,4320,39929,74,97386
14532,0.00024,172.31.40.0-255,66,39995,74,97386
14533,0.000251,172.31.40.0-255,66,40061,74,97386
14534,0.000254,172.217.194.0-255,365,40426,74,97386
14535,0.000374,172.217.194.0-255,1484,41910,74,97386
14536,0.000379,172.31.40.0-255,66,41976,74,97386
14537,0.000385,172.217.194.0-255,2902,44878,74,97386
14538,0.000387,172.31.40.0-255,66,44944,74,97386
14539,0.000418,172.217.194.0-255,5738,50682,74,97386
14540,0.00042,172.31.40.0-255,66,50748,74,97386
14541,0.000447,172.31.40.0-255,66,50814,74,97386
14542,0.00048,172.217.194.0-255,2902,53716,74,97386
14543,0.000482,172.31.40.0-255,66,53782,74,97386
14544,0.000506,172.31.40.0-255,66,53848,74,97386
14545,0.001169,172.217.194.0-255,1484,55332,74,97386
14546,0.001173,172.217.194.0-255,1484,56816,74,97386
14547,0.001183,172.31.40.0-255,66,56882,74,97386
14548,0.001188,172.217.194.0-255,1484,58366,74,97386
14549,0.001193,172.217.194.0-255,2902,61268,74,97386
14550,0.001195,172.31.40.0-255,66,61334,74,97386
14551,0.00121,172.217.194.0-255,2902,64236,74,97386
14552,0.001212,172.31.40.0-255,66,64302,74,97386
14553,0.001215,172.217.194.0-255,1484,65786,74,97386
14554,0.001244,172.31.40.0-255,66,65852,74,97386
14555,0.001271,172.31.40.0-255,66,65918,74,97386
14556,0.001297,172.217.194.0-255,3602,69520,74,97386
14557,0.001301,172.31.40.0-255,66,69586,74,97386
14558,0.002119,172.217.194.0-255,1484,71070,74,97386
14559,0.002129,172.217.194.0-255,2902,73972,74,97386
14560,0.002133,172.31.40.0-255,66,74038,74,97386
14561,0.002141,172.217.194.0-255,5738,79776,74,97386
14562,0.002144,172.31.40.0-255,66,79842,74,97386
14563,0.002157,172.31.40.0-255,66,79908,74,97386
14564,0.00217,172.31.40.0-255,66,79974,74,97386
14565,0.004453,172.217.194.0-255,5738,85712,74,97386
14566,0.004459,172.31.40.0-255,66,85778,74,97386
14567,0.006774,172.217.194.0-255,5738,91516,74,97386
14568,0.00678,172.31.40.0-255,66,91582,74,97386
14569,0.009099,172.217.194.0-255,5738,97320,74,97386
14570,0.009107,172.31.40.0-255,66,97386,74,97386
14571,0.0,172.217.194.0-255,153,153,74,215653
14572,1.3e-05,172.31.40.0-255,66,219,74,215653
14573,2e-05,172.217.194.0-255,1484,1703,74,215653
14574,2.4e-05,172.31.40.0-255,66,1769,74,215653
14575,2.9e-05,172.217.194.0-255,2902,4671,74,215653
14576,3.2e-05,172.31.40.0-255,66,4737,74,215653
14577,4.6e-05,172.217.194.0-255,5738,10475,74,215653
14578,4.9e-05,172.31.40.0-255,66,10541,74,215653
14579,8.8e-05,172.217.194.0-255,3457,13998,74,215653
14580,9.1e-05,172.31.40.0-255,66,14064,74,215653
14581,0.000134,172.217.194.0-255,2902,16966,74,215653
14582,0.000136,172.31.40.0-255,66,17032,74,215653
14583,0.000142,172.217.194.0-255,4320,21352,74,215653
14584,0.000144,172.31.40.0-255,66,21418,74,215653
14585,0.000147,172.217.194.0-255,1484,22902,74,215653
14586,0.000149,172.31.40.0-255,66,22968,74,215653
14587,0.000188,172.31.40.0-255,66,23034,74,215653
14588,0.000198,172.31.40.0-255,66,23100,74,215653
14589,0.000203,172.217.194.0-255,2902,26002,74,215653
14590,0.000205,172.31.40.0-255,66,26068,74,215653
14591,0.000236,172.217.194.0-255,4320,30388,74,215653
14592,0.00024,172.31.40.0-255,66,30454,74,215653
14593,0.000245,172.217.194.0-255,3961,34415,74,215653
14594,0.000247,172.31.40.0-255,66,34481,74,215653
14595,0.000272,172.217.194.0-255,4320,38801,74,215653
14596,0.000277,172.217.194.0-255,4320,43121,74,215653
14597,0.000281,172.31.40.0-255,66,43187,74,215653
14598,0.000284,172.31.40.0-255,66,43253,74,215653
14599,0.000304,172.217.194.0-255,5738,48991,74,215653
14600,0.000307,172.31.40.0-255,66,49057,74,215653
14601,0.000311,172.217.194.0-255,2543,51600,74,215653
14602,0.000336,172.217.194.0-255,678,52278,74,215653
14603,0.000367,172.217.194.0-255,1484,53762,74,215653
14604,0.000387,172.217.194.0-255,4320,58082,74,215653
14605,0.000391,172.217.194.0-255,2902,60984,74,215653
14606,0.000466,172.217.194.0-255,1484,62468,74,215653
14607,0.00049,172.217.194.0-255,6247,68715,74,215653
14608,0.0005,172.217.194.0-255,1484,70199,74,215653
14609,0.000513,172.217.194.0-255,2902,73101,74,215653
14610,0.000529,172.217.194.0-255,5738,78839,74,215653
14611,0.00056,172.217.194.0-255,1484,80323,74,215653
14612,0.000598,172.217.194.0-255,2184,82507,74,215653
14613,0.000632,172.31.40.0-255,66,82573,74,215653
14614,0.001,172.217.194.0-255,1484,84057,74,215653
14615,0.001006,172.217.194.0-255,2902,86959,74,215653
14616,0.001009,172.217.194.0-255,1484,88443,74,215653
14617,0.001023,172.31.40.0-255,66,88509,74,215653
14618,0.001029,172.217.194.0-255,4320,92829,74,215653
14619,0.001034,172.31.40.0-255,66,92895,74,215653
14620,0.001104,172.31.40.0-255,66,92961,74,215653
14621,0.001114,172.217.194.0-255,2543,95504,74,215653
14622,0.001135,172.31.40.0-255,66,95570,74,215653
14623,0.001262,172.217.194.0-255,1484,97054,74,215653
14624,0.001281,172.217.194.0-255,2902,99956,74,215653
14625,0.001284,172.31.40.0-255,66,100022,74,215653
14626,0.001291,172.217.194.0-255,5738,105760,74,215653
14627,0.001294,172.217.194.0-255,1484,107244,74,215653
14628,0.001301,172.31.40.0-255,66,107310,74,215653
14629,0.001326,172.217.194.0-255,5738,113048,74,215653
14630,0.001344,172.217.194.0-255,2184,115232,74,215653
14631,0.001408,172.217.194.0-255,1484,116716,74,215653
14632,0.001413,172.217.194.0-255,2902,119618,74,215653
14633,0.001442,172.217.194.0-255,5738,125356,74,215653
14634,0.001445,172.217.194.0-255,1484,126840,74,215653
14635,0.001456,172.217.194.0-255,2902,129742,74,215653
14636,0.001463,172.31.40.0-255,66,129808,74,215653
14637,0.001502,172.217.194.0-255,2902,132710,74,215653
14638,0.001523,172.217.194.0-255,5020,137730,74,215653
14639,0.001529,172.31.40.0-255,66,137796,74,215653
14640,0.001567,172.217.194.0-255,1484,139280,74,215653
14641,0.001571,172.217.194.0-255,1484,140764,74,215653
14642,0.001592,172.217.194.0-255,1484,142248,74,215653
14643,0.001599,172.217.194.0-255,5738,147986,74,215653
14644,0.001603,172.217.194.0-255,2902,150888,74,215653
14645,0.001632,172.217.194.0-255,1484,152372,74,215653
14646,0.001667,172.217.194.0-255,2902,155274,74,215653
14647,0.001679,172.217.194.0-255,1484,156758,74,215653
14648,0.001694,172.217.194.0-255,2902,159660,74,215653
14649,0.001718,172.217.194.0-255,3602,163262,74,215653
14650,0.00179,172.217.194.0-255,1484,164746,74,215653
14651,0.001812,172.217.194.0-255,2902,167648,74,215653
14652,0.001819,172.217.194.0-255,5738,173386,74,215653
14653,0.001861,172.217.194.0-255,4320,177706,74,215653
14654,0.001928,172.217.194.0-255,1484,179190,74,215653
14655,0.001934,172.217.194.0-255,2902,182092,74,215653
14656,0.001958,172.217.194.0-255,5738,187830,74,215653
14657,0.001969,172.217.194.0-255,2902,190732,74,215653
14658,0.002,172.217.194.0-255,5738,196470,74,215653
14659,0.002019,172.217.194.0-255,4320,200790,74,215653
14660,0.002058,172.217.194.0-255,4320,205110,74,215653
14661,0.002242,172.217.194.0-255,5738,210848,74,215653
14662,0.002255,172.217.194.0-255,4634,215482,74,215653
14663,0.002258,172.217.194.0-255,105,215587,74,215653
14664,0.009803,172.31.40.0-255,66,215653,74,215653
14665,0.0,172.217.194.0-255,153,153,74,116746
14666,2.3e-05,172.31.40.0-255,66,219,74,116746
14667,3e-05,172.217.194.0-255,1484,1703,74,116746
14668,3.6e-05,172.31.40.0-255,66,1769,74,116746
14669,4.1e-05,172.217.194.0-255,2902,4671,74,116746
14670,5.4e-05,172.31.40.0-255,66,4737,74,116746
14671,6.5e-05,172.31.40.0-255,66,4803,74,116746
14672,7.5e-05,172.31.40.0-255,66,4869,74,116746
14673,0.000121,172.31.40.0-255,66,4935,74,116746
14674,0.000125,172.217.194.0-255,2543,7478,74,116746
14675,0.000128,172.31.40.0-255,66,7544,74,116746
14676,0.000133,172.217.194.0-255,2902,10446,74,116746
14677,0.000135,172.31.40.0-255,66,10512,74,116746
14678,0.000177,172.31.40.0-255,66,10578,74,116746
14679,0.000186,172.31.40.0-255,66,10644,74,116746
14680,0.000226,172.217.194.0-255,1484,12128,74,116746
14681,0.000229,172.31.40.0-255,66,12194,74,116746
14682,0.000234,172.217.194.0-255,2902,15096,74,116746
14683,0.000236,172.31.40.0-255,66,15162,74,116746
14684,0.000269,172.217.194.0-255,5738,20900,74,116746
14685,0.000272,172.31.40.0-255,66,20966,74,116746
14686,0.000284,172.31.40.0-255,66,21032,74,116746
14687,0.000307,172.217.194.0-255,412,21444,74,116746
14688,0.00031,172.31.40.0-255,66,21510,74,116746
14689,0.000519,172.217.194.0-255,363,21873,74,116746
14690,0.000524,172.31.40.0-255,66,21939,74,116746
14691,0.000635,172.217.194.0-255,1484,23423,74,116746
14692,0.00064,172.217.194.0-255,1484,24907,74,116746
14693,0.000643,172.31.40.0-255,66,24973,74,116746
14694,0.000667,172.217.194.0-255,1484,26457,74,116746
14695,0.000673,172.217.194.0-255,5738,32195,74,116746
14696,0.000675,172.31.40.0-255,66,32261,74,116746
14697,0.00068,172.217.194.0-255,4320,36581,74,116746
14698,0.000682,172.31.40.0-255,66,36647,74,116746
14699,0.000739,172.31.40.0-255,66,36713,74,116746
14700,0.000742,172.217.194.0-255,2902,39615,74,116746
14701,0.000745,172.31.40.0-255,66,39681,74,116746
14702,0.000773,172.217.194.0-255,5738,45419,74,116746
14703,0.00078,172.31.40.0-255,66,45485,74,116746
14704,0.000783,172.217.194.0-255,1993,47478,74,116746
14705,0.000785,172.31.40.0-255,66,47544,74,116746
14706,0.001109,172.217.194.0-255,1484,49028,74,116746
14707,0.001114,172.217.194.0-255,2902,51930,74,116746
14708,0.001122,172.31.40.0-255,66,51996,74,116746
14709,0.001141,172.217.194.0-255,5738,57734,74,116746
14710,0.001144,172.31.40.0-255,66,57800,74,116746
14711,0.001185,172.31.40.0-255,66,57866,74,116746
14712,0.001197,172.31.40.0-255,66,57932,74,116746
14713,0.001716,172.217.194.0-255,1484,59416,74,116746
14714,0.001723,172.217.194.0-255,1484,60900,74,116746
14715,0.001726,172.31.40.0-255,66,60966,74,116746
14716,0.001739,172.217.194.0-255,1484,62450,74,116746
14717,0.001749,172.217.194.0-255,5738,68188,74,116746
14718,0.001751,172.31.40.0-255,66,68254,74,116746
14719,0.00176,172.217.194.0-255,5738,73992,74,116746
14720,0.001762,172.31.40.0-255,66,74058,74,116746
14721,0.001791,172.217.194.0-255,1484,75542,74,116746
14722,0.001798,172.217.194.0-255,5738,81280,74,116746
14723,0.0018,172.31.40.0-255,66,81346,74,116746
14724,0.001837,172.31.40.0-255,66,81412,74,116746
14725,0.001842,172.217.194.0-255,2184,83596,74,116746
14726,0.001844,172.31.40.0-255,66,83662,74,116746
14727,0.002378,172.217.194.0-255,1484,85146,74,116746
14728,0.002387,172.217.194.0-255,2902,88048,74,116746
14729,0.002392,172.31.40.0-255,66,88114,74,116746
14730,0.002423,172.217.194.0-255,5738,93852,74,116746
14731,0.002426,172.31.40.0-255,66,93918,74,116746
14732,0.002433,172.217.194.0-255,5738,99656,74,116746
14733,0.002435,172.31.40.0-255,66,99722,74,116746
14734,0.002474,172.31.40.0-255,66,99788,74,116746
14735,0.002485,172.31.40.0-255,66,99854,74,116746
14736,0.002488,172.217.194.0-255,766,100620,74,116746
14737,0.002601,172.217.194.0-255,1484,102104,74,116746
14738,0.002606,172.31.40.0-255,66,102170,74,116746
14739,0.002612,172.217.194.0-255,2902,105072,74,116746
14740,0.002614,172.31.40.0-255,66,105138,74,116746
14741,0.005183,172.217.194.0-255,5738,110876,74,116746
14742,0.00519,172.31.40.0-255,66,110942,74,116746
14743,0.007763,172.217.194.0-255,5738,116680,74,116746
14744,0.007769,172.31.40.0-255,66,116746,74,116746
14745,0.0,172.217.194.0-255,217,217,74,172181
14746,2.3e-05,172.31.40.0-255,66,283,74,172181
14747,3e-05,172.217.194.0-255,1484,1767,74,172181
14748,3.4e-05,172.31.40.0-255,66,1833,74,172181
14749,4.2e-05,172.217.194.0-255,4320,6153,74,172181
14750,4.6e-05,172.31.40.0-255,66,6219,74,172181
14751,5.8e-05,172.31.40.0-255,66,6285,74,172181
14752,6.2e-05,172.217.194.0-255,1484,7769,74,172181
14753,6.5e-05,172.31.40.0-255,66,7835,74,172181
14754,0.000102,172.31.40.0-255,66,7901,74,172181
14755,0.000125,172.217.194.0-255,5379,13280,74,172181
14756,0.000128,172.31.40.0-255,66,13346,74,172181
14757,0.000246,172.217.194.0-255,1484,14830,74,172181
14758,0.00025,172.31.40.0-255,66,14896,74,172181
14759,0.000256,172.217.194.0-255,2902,17798,74,172181
14760,0.000258,172.31.40.0-255,66,17864,74,172181
14761,0.000264,172.217.194.0-255,4320,22184,74,172181
14762,0.000267,172.31.40.0-255,66,22250,74,172181
14763,0.000278,172.217.194.0-255,1484,23734,74,172181
14764,0.00028,172.31.40.0-255,66,23800,74,172181
14765,0.000284,172.217.194.0-255,1484,25284,74,172181
14766,0.000286,172.31.40.0-255,66,25350,74,172181
14767,0.000319,172.217.194.0-255,5738,31088,74,172181
14768,0.000322,172.31.40.0-255,66,31154,74,172181
14769,0.000337,172.31.40.0-255,66,31220,74,172181
14770,0.000341,172.217.194.0-255,2495,33715,74,172181
14771,0.000343,172.31.40.0-255,66,33781,74,172181
14772,0.000346,172.217.194.0-255,366,34147,74,172181
14773,0.000348,172.31.40.0-255,66,34213,74,172181
14774,0.000624,172.217.194.0-255,1484,35697,74,172181
14775,0.000632,172.217.194.0-255,2902,38599,74,172181
14776,0.000635,172.31.40.0-255,66,38665,74,172181
14777,0.000656,172.217.194.0-255,2902,41567,74,172181
14778,0.000659,172.31.40.0-255,66,41633,74,172181
14779,0.000679,172.217.194.0-255,2902,44535,74,172181
14780,0.000682,172.31.40.0-255,66,44601,74,172181
14781,0.000695,172.31.40.0-255,66,44667,74,172181
14782,0.000726,172.31.40.0-255,66,44733,74,172181
14783,0.000757,172.31.40.0-255,66,44799,74,172181
14784,0.000911,172.217.194.0-255,1484,46283,74,172181
14785,0.000931,172.217.194.0-255,2902,49185,74,172181
14786,0.000935,172.31.40.0-255,66,49251,74,172181
14787,0.000941,172.217.194.0-255,4320,53571,74,172181
14788,0.000943,172.31.40.0-255,66,53637,74,172181
14789,0.000959,172.217.194.0-255,1484,55121,74,172181
14790,0.000965,172.217.194.0-255,5738,60859,74,172181
14791,0.000968,172.31.40.0-255,66,60925,74,172181
14792,0.001004,172.31.40.0-255,66,60991,74,172181
14793,0.00101,172.217.194.0-255,5020,66011,74,172181
14794,0.001012,172.31.40.0-255,66,66077,74,172181
14795,0.0011,172.217.194.0-255,1484,67561,74,172181
14796,0.001106,172.217.194.0-255,2902,70463,74,172181
14797,0.001109,172.31.40.0-255,66,70529,74,172181
14798,0.001134,172.217.194.0-255,5738,76267,74,172181
14799,0.001137,172.31.40.0-255,66,76333,74,172181
14800,0.001167,172.31.40.0-255,66,76399,74,172181
14801,0.00118,172.31.40.0-255,66,76465,74,172181
14802,0.0013,172.217.194.0-255,1484,77949,74,172181
14803,0.001305,172.217.194.0-255,2902,80851,74,172181
14804,0.001316,172.31.40.0-255,66,80917,74,172181
14805,0.001321,172.217.194.0-255,2902,83819,74,172181
14806,0.001323,172.31.40.0-255,66,83885,74,172181
14807,0.001338,172.217.194.0-255,2902,86787,74,172181
14808,0.00134,172.31.40.0-255,66,86853,74,172181
14809,0.001347,172.217.194.0-255,5738,92591,74,172181
14810,0.001348,172.31.40.0-255,66,92657,74,172181
14811,0.001378,172.31.40.0-255,66,92723,74,172181
14812,0.001384,172.217.194.0-255,5738,98461,74,172181
14813,0.001387,172.31.40.0-255,66,98527,74,172181
14814,0.001403,172.217.194.0-255,5020,103547,74,172181
14815,0.001407,172.31.40.0-255,66,103613,74,172181
14816,0.00164,172.217.194.0-255,1484,105097,74,172181
14817,0.001668,172.217.194.0-255,2902,107999,74,172181
14818,0.001672,172.31.40.0-255,66,108065,74,172181
14819,0.001676,172.217.194.0-255,1484,109549,74,172181
14820,0.00168,172.217.194.0-255,2902,112451,74,172181
14821,0.001682,172.31.40.0-255,66,112517,74,172181
14822,0.001703,172.217.194.0-255,2902,115419,74,172181
14823,0.001705,172.31.40.0-255,66,115485,74,172181
14824,0.001711,172.217.194.0-255,5738,121223,74,172181
14825,0.001713,172.31.40.0-255,66,121289,74,172181
14826,0.001755,172.31.40.0-255,66,121355,74,172181
14827,0.001765,172.31.40.0-255,66,121421,74,172181
14828,0.001783,172.217.194.0-255,5738,127159,74,172181
14829,0.001785,172.31.40.0-255,66,127225,74,172181
14830,0.001826,172.31.40.0-255,66,127291,74,172181
14831,0.001837,172.31.40.0-255,66,127357,74,172181
14832,0.001856,172.217.194.0-255,2902,130259,74,172181
14833,0.001859,172.31.40.0-255,66,130325,74,172181
14834,0.001916,172.31.40.0-255,66,130391,74,172181
14835,0.001978,172.217.194.0-255,1484,131875,74,172181
14836,0.001982,172.217.194.0-255,2902,134777,74,172181
14837,0.001985,172.31.40.0-255,66,134843,74,172181
14838,0.001991,172.217.194.0-255,5738,140581,74,172181
14839,0.001994,172.31.40.0-255,66,140647,74,172181
14840,0.002029,172.31.40.0-255,66,140713,74,172181
14841,0.002035,172.217.194.0-255,4320,145033,74,172181
14842,0.002037,172.31.40.0-255,66,145099,74,172181
14843,0.002059,172.31.40.0-255,66,145165,74,172181
14844,0.002065,172.217.194.0-255,5020,150185,74,172181
14845,0.002068,172.31.40.0-255,66,150251,74,172181
14846,0.002097,172.217.194.0-255,4320,154571,74,172181
14847,0.0021,172.31.40.0-255,66,154637,74,172181
14848,0.002149,172.31.40.0-255,66,154703,74,172181
14849,0.002157,172.31.40.0-255,66,154769,74,172181
14850,0.004214,172.217.194.0-255,5738,160507,74,172181
14851,0.00422,172.31.40.0-255,66,160573,74,172181
14852,0.006269,172.217.194.0-255,5738,166311,74,172181
14853,0.006277,172.31.40.0-255,66,166377,74,172181
14854,0.008329,172.217.194.0-255,5738,172115,74,172181
14855,0.008336,172.31.40.0-255,66,172181,74,172181
14856,0.0,172.31.40.0-255,105,105,74,459
14857,0.000234,172.31.40.0-255,90,195,74,459
14858,0.000245,172.31.40.0-255,66,261,74,459
14859,0.00221,74.125.24.0-255,66,327,74,459
14860,0.00224,74.125.24.0-255,66,393,74,459
14861,0.002261,172.31.40.0-255,66,459,74,459
14862,0.0,74.125.24.0-255,152,152,74,80515
14863,2.1e-05,172.31.40.0-255,66,218,74,80515
14864,2.7e-05,74.125.24.0-255,1484,1702,74,80515
14865,3.1e-05,172.31.40.0-255,66,1768,74,80515
14866,3.6e-05,74.125.24.0-255,2902,4670,74,80515
14867,3.9e-05,172.31.40.0-255,66,4736,74,80515
14868,4.4e-05,74.125.24.0-255,4320,9056,74,80515
14869,4.6e-05,172.31.40.0-255,66,9122,74,80515
14870,7.8e-05,172.31.40.0-255,66,9188,74,80515
14871,9.7e-05,74.125.24.0-255,2010,11198,74,80515
14872,9.9e-05,172.31.40.0-255,66,11264,74,80515
14873,0.000113,172.31.40.0-255,66,11330,74,80515
14874,0.00017,74.125.24.0-255,1484,12814,74,80515
14875,0.000173,172.31.40.0-255,66,12880,74,80515
14876,0.000179,74.125.24.0-255,2902,15782,74,80515
14877,0.000181,172.31.40.0-255,66,15848,74,80515
14878,0.000193,74.125.24.0-255,1484,17332,74,80515
14879,0.000195,172.31.40.0-255,66,17398,74,80515
14880,0.000213,74.125.24.0-255,4320,21718,74,80515
14881,0.000216,172.31.40.0-255,66,21784,74,80515
14882,0.000236,74.125.24.0-255,1484,23268,74,80515
14883,0.000238,172.31.40.0-255,66,23334,74,80515
14884,0.000269,172.31.40.0-255,66,23400,74,80515
14885,0.000273,74.125.24.0-255,4320,27720,74,80515
14886,0.000276,172.31.40.0-255,66,27786,74,80515
14887,0.0003,74.125.24.0-255,1484,29270,74,80515
14888,0.000302,172.31.40.0-255,66,29336,74,80515
14889,0.000323,74.125.24.0-255,3961,33297,74,80515
14890,0.000326,172.31.40.0-255,66,33363,74,80515
14891,0.001661,74.125.24.0-255,646,34009,74,80515
14892,0.001887,74.125.24.0-255,1484,35493,74,80515
14893,0.001894,172.31.40.0-255,66,35559,74,80515
14894,0.001901,74.125.24.0-255,2902,38461,74,80515
14895,0.001904,172.31.40.0-255,66,38527,74,80515
14896,0.001931,74.125.24.0-255,5738,44265,74,80515
14897,0.001933,172.31.40.0-255,66,44331,74,80515
14898,0.001938,74.125.24.0-255,2902,47233,74,80515
14899,0.00194,172.31.40.0-255,66,47299,74,80515
14900,0.001958,74.125.24.0-255,4320,51619,74,80515
14901,0.001961,172.31.40.0-255,66,51685,74,80515
14902,0.002007,172.31.40.0-255,66,51751,74,80515
14903,0.002029,74.125.24.0-255,2184,53935,74,80515
14904,0.002031,172.31.40.0-255,66,54001,74,80515
14905,0.002054,74.125.24.0-255,1484,55485,74,80515
14906,0.00207,74.125.24.0-255,1484,56969,74,80515
14907,0.002072,172.31.40.0-255,66,57035,74,80515
14908,0.002079,74.125.24.0-255,5738,62773,74,80515
14909,0.002081,172.31.40.0-255,66,62839,74,80515
14910,0.002085,74.125.24.0-255,1484,64323,74,80515
14911,0.002107,172.31.40.0-255,66,64389,74,80515
14912,0.00211,74.125.24.0-255,1484,65873,74,80515
14913,0.004177,74.125.24.0-255,2902,68775,74,80515
14914,0.004179,172.31.40.0-255,66,68841,74,80515
14915,0.004202,74.125.24.0-255,1484,70325,74,80515
14916,0.006263,74.125.24.0-255,4320,74645,74,80515
14917,0.006266,172.31.40.0-255,66,74711,74,80515
14918,0.008323,74.125.24.0-255,5738,80449,74,80515
14919,0.00833,172.31.40.0-255,66,80515,74,80515
14920,0.0,172.217.194.0-255,153,153,74,68718
14921,2.3e-05,172.31.40.0-255,66,219,74,68718
14922,3e-05,172.217.194.0-255,1484,1703,74,68718
14923,3.4e-05,172.31.40.0-255,66,1769,74,68718
14924,4.7e-05,172.217.194.0-255,2902,4671,74,68718
14925,5e-05,172.31.40.0-255,66,4737,74,68718
14926,6.2e-05,172.31.40.0-255,66,4803,74,68718
14927,6.5e-05,172.217.194.0-255,1484,6287,74,68718
14928,6.7e-05,172.31.40.0-255,66,6353,74,68718
14929,0.000112,172.31.40.0-255,66,6419,74,68718
14930,0.000123,172.31.40.0-255,66,6485,74,68718
14931,0.000153,172.31.40.0-255,66,6551,74,68718
14932,0.00018,172.217.194.0-255,1484,8035,74,68718
14933,0.000182,172.31.40.0-255,66,8101,74,68718
14934,0.000198,172.31.40.0-255,66,8167,74,68718
14935,0.001077,172.217.194.0-255,1484,9651,74,68718
14936,0.001083,172.31.40.0-255,66,9717,74,68718
14937,0.001093,172.217.194.0-255,2902,12619,74,68718
14938,0.001095,172.31.40.0-255,66,12685,74,68718
14939,0.001105,172.217.194.0-255,2902,15587,74,68718
14940,0.001108,172.31.40.0-255,66,15653,74,68718
14941,0.00112,172.217.194.0-255,1484,17137,74,68718
14942,0.001122,172.31.40.0-255,66,17203,74,68718
14943,0.001166,172.31.40.0-255,66,17269,74,68718
14944,0.00119,172.217.194.0-255,1125,18394,74,68718
14945,0.001209,172.31.40.0-255,66,18460,74,68718
14946,0.001226,172.31.40.0-255,66,18526,74,68718
14947,0.001237,172.31.40.0-255,66,18592,74,68718
14948,0.001269,172.217.194.0-255,1484,20076,74,68718
14949,0.001275,172.217.194.0-255,2902,22978,74,68718
14950,0.001278,172.31.40.0-255,66,23044,74,68718
14951,0.001282,172.217.194.0-255,2902,25946,74,68718
14952,0.001284,172.31.40.0-255,66,26012,74,68718
14953,0.001302,172.217.194.0-255,2902,28914,74,68718
14954,0.001305,172.31.40.0-255,66,28980,74,68718
14955,0.001335,172.31.40.0-255,66,29046,74,68718
14956,0.00176,172.217.194.0-255,1484,30530,74,68718
14957,0.001769,172.217.194.0-255,2902,33432,74,68718
14958,0.001774,172.31.40.0-255,66,33498,74,68718
14959,0.001778,172.217.194.0-255,1484,34982,74,68718
14960,0.001802,172.217.194.0-255,2902,37884,74,68718
14961,0.001805,172.31.40.0-255,66,37950,74,68718
14962,0.001811,172.217.194.0-255,5738,43688,74,68718
14963,0.001813,172.31.40.0-255,66,43754,74,68718
14964,0.00184,172.217.194.0-255,2902,46656,74,68718
14965,0.001842,172.31.40.0-255,66,46722,74,68718
14966,0.001852,172.31.40.0-255,66,46788,74,68718
14967,0.001904,172.31.40.0-255,66,46854,74,68718
14968,0.00224,172.217.194.0-255,1484,48338,74,68718
14969,0.002252,172.217.194.0-255,2902,51240,74,68718
14970,0.002255,172.31.40.0-255,66,51306,74,68718
14971,0.002274,172.217.194.0-255,5738,57044,74,68718
14972,0.00229,172.217.194.0-255,1484,58528,74,68718
14973,0.002343,172.217.194.0-255,4320,62848,74,68718
14974,0.006715,172.31.40.0-255,66,62914,74,68718
14975,0.009039,172.217.194.0-255,5738,68652,74,68718
14976,0.009047,172.31.40.0-255,66,68718,74,68718
14977,0.0,74.125.24.0-255,154,154,74,78991
14978,2.4e-05,172.31.40.0-255,66,220,74,78991
14979,3.1e-05,74.125.24.0-255,1484,1704,74,78991
14980,3.4e-05,172.31.40.0-255,66,1770,74,78991
14981,4e-05,74.125.24.0-255,2902,4672,74,78991
14982,4.2e-05,172.31.40.0-255,66,4738,74,78991
14983,5.8e-05,172.31.40.0-255,66,4804,74,78991
14984,8.1e-05,74.125.24.0-255,2033,6837,74,78991
14985,8.7e-05,172.31.40.0-255,66,6903,74,78991
14986,0.000451,74.125.24.0-255,1484,8387,74,78991
14987,0.000456,172.31.40.0-255,66,8453,74,78991
14988,0.000462,74.125.24.0-255,2902,11355,74,78991
14989,0.000464,172.31.40.0-255,66,11421,74,78991
14990,0.000467,74.125.24.0-255,1484,12905,74,78991
14991,0.000468,172.31.40.0-255,66,12971,74,78991
14992,0.00049,74.125.24.0-255,4320,17291,74,78991
14993,0.000493,172.31.40.0-255,66,17357,74,78991
14994,0.000499,74.125.24.0-255,5738,23095,74,78991
14995,0.000502,172.31.40.0-255,66,23161,74,78991
14996,0.000545,74.125.24.0-255,2902,26063,74,78991
14997,0.000548,172.31.40.0-255,66,26129,74,78991
14998,0.000584,74.125.24.0-255,1484,27613,74,78991
14999,0.00059,172.31.40.0-255,66,27679,74,78991
15000,0.000596,172.31.40.0-255,66,27745,74,78991
15001,0.000613,172.31.40.0-255,66,27811,74,78991
15002,0.00067,172.31.40.0-255,66,27877,74,78991
15003,0.001128,74.125.24.0-255,362,28239,74,78991
15004,0.001134,172.31.40.0-255,66,28305,74,78991
15005,0.001701,74.125.24.0-255,380,28685,74,78991
15006,0.001732,74.125.24.0-255,1484,30169,74,78991
15007,0.001737,172.31.40.0-255,66,30235,74,78991
15008,0.00177,74.125.24.0-255,4320,34555,74,78991
15009,0.001773,172.31.40.0-255,66,34621,74,78991
15010,0.001779,74.125.24.0-255,5738,40359,74,78991
15011,0.001781,172.31.40.0-255,66,40425,74,78991
15012,0.001818,172.31.40.0-255,66,40491,74,78991
15013,0.001829,172.31.40.0-255,66,40557,74,78991
15014,0.001854,74.125.24.0-255,1484,42041,74,78991
15015,0.001879,74.125.24.0-255,2184,44225,74,78991
15016,0.001881,172.31.40.0-255,66,44291,74,78991
15017,0.002118,74.125.24.0-255,1484,45775,74,78991
15018,0.002123,74.125.24.0-255,2902,48677,74,78991
15019,0.002125,172.31.40.0-255,66,48743,74,78991
15020,0.002152,74.125.24.0-255,5738,54481,74,78991
15021,0.002154,172.31.40.0-255,66,54547,74,78991
15022,0.002189,172.31.40.0-255,66,54613,74,78991
15023,0.0022,74.125.24.0-255,1484,56097,74,78991
15024,0.002224,172.31.40.0-255,66,56163,74,78991
15025,0.002247,74.125.24.0-255,1484,57647,74,78991
15026,0.002253,74.125.24.0-255,2184,59831,74,78991
15027,0.002256,172.31.40.0-255,66,59897,74,78991
15028,0.002324,172.31.40.0-255,66,59963,74,78991
15029,0.002336,172.31.40.0-255,66,60029,74,78991
15030,0.002376,74.125.24.0-255,1484,61513,74,78991
15031,0.002402,172.31.40.0-255,66,61579,74,78991
15032,0.004756,74.125.24.0-255,5738,67317,74,78991
15033,0.004759,172.31.40.0-255,66,67383,74,78991
15034,0.007111,74.125.24.0-255,5738,73121,74,78991
15035,0.00712,172.31.40.0-255,66,73187,74,78991
15036,0.009457,74.125.24.0-255,5738,78925,74,78991
15037,0.009467,172.31.40.0-255,66,78991,74,78991
15038,0.0,172.217.26.0-255,153,153,74,131438
15039,2e-05,172.31.40.0-255,66,219,74,131438
15040,2.7e-05,172.217.26.0-255,1484,1703,74,131438
15041,3.2e-05,172.31.40.0-255,66,1769,74,131438
15042,3.8e-05,172.217.26.0-255,2902,4671,74,131438
15043,4.8e-05,172.31.40.0-255,66,4737,74,131438
15044,6e-05,172.31.40.0-255,66,4803,74,131438
15045,9.1e-05,172.217.26.0-255,2030,6833,74,131438
15046,9.3e-05,172.31.40.0-255,66,6899,74,131438
15047,9.8e-05,172.217.26.0-255,2902,9801,74,131438
15048,0.000101,172.31.40.0-255,66,9867,74,131438
15049,0.000104,172.217.26.0-255,1484,11351,74,131438
15050,0.000106,172.31.40.0-255,66,11417,74,131438
15051,0.00014,172.217.26.0-255,5738,17155,74,131438
15052,0.000143,172.31.40.0-255,66,17221,74,131438
15053,0.000153,172.31.40.0-255,66,17287,74,131438
15054,0.000199,172.217.26.0-255,1484,18771,74,131438
15055,0.000202,172.31.40.0-255,66,18837,74,131438
15056,0.000207,172.217.26.0-255,2902,21739,74,131438
15057,0.000209,172.31.40.0-255,66,21805,74,131438
15058,0.000242,172.217.26.0-255,5738,27543,74,131438
15059,0.000245,172.31.40.0-255,66,27609,74,131438
15060,0.000254,172.31.40.0-255,66,27675,74,131438
15061,0.000292,172.217.26.0-255,1484,29159,74,131438
15062,0.000294,172.31.40.0-255,66,29225,74,131438
15063,0.000299,172.217.26.0-255,2902,32127,74,131438
15064,0.000302,172.31.40.0-255,66,32193,74,131438
15065,0.000306,172.217.26.0-255,2902,35095,74,131438
15066,0.000308,172.31.40.0-255,66,35161,74,131438
15067,0.000341,172.217.26.0-255,2902,38063,74,131438
15068,0.000344,172.31.40.0-255,66,38129,74,131438
15069,0.000354,172.31.40.0-255,66,38195,74,131438
15070,0.000382,172.217.26.0-255,388,38583,74,131438
15071,0.000996,172.217.26.0-255,118,38701,74,131438
15072,0.001106,172.31.40.0-255,66,38767,74,131438
15073,0.001155,172.217.26.0-255,1484,40251,74,131438
15074,0.001162,172.217.26.0-255,2902,43153,74,131438
15075,0.001165,172.31.40.0-255,66,43219,74,131438
15076,0.001169,172.217.26.0-255,1484,44703,74,131438
15077,0.001196,172.217.26.0-255,4320,49023,74,131438
15078,0.001198,172.31.40.0-255,66,49089,74,131438
15079,0.001207,172.31.40.0-255,66,49155,74,131438
15080,0.00121,172.217.26.0-255,1484,50639,74,131438
15081,0.001243,172.217.26.0-255,5738,56377,74,131438
15082,0.001246,172.31.40.0-255,66,56443,74,131438
15083,0.001253,172.217.26.0-255,5738,62181,74,131438
15084,0.001255,172.31.40.0-255,66,62247,74,131438
15085,0.001276,172.217.26.0-255,3961,66208,74,131438
15086,0.001278,172.31.40.0-255,66,66274,74,131438
15087,0.001483,172.217.26.0-255,1484,67758,74,131438
15088,0.001489,172.217.26.0-255,2902,70660,74,131438
15089,0.001492,172.31.40.0-255,66,70726,74,131438
15090,0.001497,172.217.26.0-255,2902,73628,74,131438
15091,0.001499,172.31.40.0-255,66,73694,74,131438
15092,0.001503,172.217.26.0-255,1484,75178,74,131438
15093,0.001531,172.217.26.0-255,2902,78080,74,131438
15094,0.001566,172.31.40.0-255,66,78146,74,131438
15095,0.001569,172.31.40.0-255,66,78212,74,131438
15096,0.001618,172.31.40.0-255,66,78278,74,131438
15097,0.00169,172.217.26.0-255,1484,79762,74,131438
15098,0.001712,172.217.26.0-255,2902,82664,74,131438
15099,0.001715,172.31.40.0-255,66,82730,74,131438
15100,0.001722,172.217.26.0-255,5738,88468,74,131438
15101,0.001724,172.31.40.0-255,66,88534,74,131438
15102,0.001739,172.31.40.0-255,66,88600,74,131438
15103,0.001743,172.217.26.0-255,2902,91502,74,131438
15104,0.001745,172.31.40.0-255,66,91568,74,131438
15105,0.001775,172.217.26.0-255,5738,97306,74,131438
15106,0.001779,172.31.40.0-255,66,97372,74,131438
15107,0.00179,172.31.40.0-255,66,97438,74,131438
15108,0.001831,172.217.26.0-255,2902,100340,74,131438
15109,0.001834,172.31.40.0-255,66,100406,74,131438
15110,0.001839,172.217.26.0-255,2902,103308,74,131438
15111,0.001841,172.31.40.0-255,66,103374,74,131438
15112,0.001872,172.217.26.0-255,1484,104858,74,131438
15113,0.001883,172.31.40.0-255,66,104924,74,131438
15114,0.001888,172.217.26.0-255,2902,107826,74,131438
15115,0.00189,172.31.40.0-255,66,107892,74,131438
15116,0.001924,172.31.40.0-255,66,107958,74,131438
15117,0.00382,172.217.26.0-255,5738,113696,74,131438
15118,0.003827,172.31.40.0-255,66,113762,74,131438
15119,0.005719,172.217.26.0-255,5738,119500,74,131438
15120,0.005723,172.31.40.0-255,66,119566,74,131438
15121,0.007616,172.217.26.0-255,2902,122468,74,131438
15122,0.00762,172.31.40.0-255,66,122534,74,131438
15123,0.007645,172.217.26.0-255,2902,125436,74,131438
15124,0.007648,172.31.40.0-255,66,125502,74,131438
15125,0.009505,172.217.26.0-255,2902,128404,74,131438
15126,0.009512,172.31.40.0-255,66,128470,74,131438
15127,0.009543,172.217.26.0-255,2902,131372,74,131438
15128,0.009546,172.31.40.0-255,66,131438,74,131438
15129,0.0,74.125.24.0-255,152,152,74,111642
15130,2.1e-05,172.31.40.0-255,66,218,74,111642
15131,2.7e-05,74.125.24.0-255,1484,1702,74,111642
15132,3.2e-05,172.31.40.0-255,66,1768,74,111642
15133,3.8e-05,74.125.24.0-255,2902,4670,74,111642
15134,4.9e-05,172.31.40.0-255,66,4736,74,111642
15135,6.1e-05,172.31.40.0-255,66,4802,74,111642
15136,6.9e-05,74.125.24.0-255,6237,11039,74,111642
15137,7.2e-05,172.31.40.0-255,66,11105,74,111642
15138,0.000103,172.31.40.0-255,66,11171,74,111642
15139,0.000142,172.31.40.0-255,66,11237,74,111642
15140,0.000165,172.31.40.0-255,66,11303,74,111642
15141,0.000169,74.125.24.0-255,2902,14205,74,111642
15142,0.000171,172.31.40.0-255,66,14271,74,111642
15143,0.000205,74.125.24.0-255,4320,18591,74,111642
15144,0.000208,172.31.40.0-255,66,18657,74,111642
15145,0.00024,172.31.40.0-255,66,18723,74,111642
15146,0.000244,74.125.24.0-255,1713,20436,74,111642
15147,0.000246,172.31.40.0-255,66,20502,74,111642
15148,0.000869,74.125.24.0-255,1484,21986,74,111642
15149,0.000875,172.31.40.0-255,66,22052,74,111642
15150,0.000881,74.125.24.0-255,2902,24954,74,111642
15151,0.000883,172.31.40.0-255,66,25020,74,111642
15152,0.000887,74.125.24.0-255,1484,26504,74,111642
15153,0.000889,172.31.40.0-255,66,26570,74,111642
15154,0.00093,74.125.24.0-255,4320,30890,74,111642
15155,0.000933,172.31.40.0-255,66,30956,74,111642
15156,0.000966,172.31.40.0-255,66,31022,74,111642
15157,0.000971,74.125.24.0-255,2902,33924,74,111642
15158,0.000973,172.31.40.0-255,66,33990,74,111642
15159,0.000983,172.31.40.0-255,66,34056,74,111642
15160,0.001145,74.125.24.0-255,1484,35540,74,111642
15161,0.001152,74.125.24.0-255,2902,38442,74,111642
15162,0.001157,172.31.40.0-255,66,38508,74,111642
15163,0.001164,74.125.24.0-255,5738,44246,74,111642
15164,0.001166,172.31.40.0-255,66,44312,74,111642
15165,0.001202,172.31.40.0-255,66,44378,74,111642
15166,0.001237,74.125.24.0-255,4320,48698,74,111642
15167,0.00124,172.31.40.0-255,66,48764,74,111642
15168,0.00125,172.31.40.0-255,66,48830,74,111642
15169,0.00126,74.125.24.0-255,3602,52432,74,111642
15170,0.001263,172.31.40.0-255,66,52498,74,111642
15171,0.001305,74.125.24.0-255,4320,56818,74,111642
15172,0.001308,172.31.40.0-255,66,56884,74,111642
15173,0.00132,172.31.40.0-255,66,56950,74,111642
15174,0.001335,172.31.40.0-255,66,57016,74,111642
15175,0.001355,74.125.24.0-255,2902,59918,74,111642
15176,0.001358,172.31.40.0-255,66,59984,74,111642
15177,0.001377,74.125.24.0-255,4320,64304,74,111642
15178,0.00138,172.31.40.0-255,66,64370,74,111642
15179,0.00141,74.125.24.0-255,5020,69390,74,111642
15180,0.001413,172.31.40.0-255,66,69456,74,111642
15181,0.001695,74.125.24.0-255,1484,70940,74,111642
15182,0.001704,74.125.24.0-255,2902,73842,74,111642
15183,0.001708,172.31.40.0-255,66,73908,74,111642
15184,0.001715,74.125.24.0-255,5738,79646,74,111642
15185,0.001718,172.31.40.0-255,66,79712,74,111642
15186,0.001722,74.125.24.0-255,2902,82614,74,111642
15187,0.00173,172.31.40.0-255,66,82680,74,111642
15188,0.001769,172.31.40.0-255,66,82746,74,111642
15189,0.001809,172.31.40.0-255,66,82812,74,111642
15190,0.001855,172.31.40.0-255,66,82878,74,111642
15191,0.001869,172.31.40.0-255,66,82944,74,111642
15192,0.001896,74.125.24.0-255,2902,85846,74,111642
15193,0.001898,172.31.40.0-255,66,85912,74,111642
15194,0.001904,74.125.24.0-255,3602,89514,74,111642
15195,0.001906,172.31.40.0-255,66,89580,74,111642
15196,0.002377,74.125.24.0-255,1484,91064,74,111642
15197,0.002385,74.125.24.0-255,2902,93966,74,111642
15198,0.00239,172.31.40.0-255,66,94032,74,111642
15199,0.002396,74.125.24.0-255,5738,99770,74,111642
15200,0.002399,172.31.40.0-255,66,99836,74,111642
15201,0.002443,172.31.40.0-255,66,99902,74,111642
15202,0.002456,172.31.40.0-255,66,99968,74,111642
15203,0.002649,74.125.24.0-255,1484,101452,74,111642
15204,0.005075,74.125.24.0-255,4320,105772,74,111642
15205,0.005079,172.31.40.0-255,66,105838,74,111642
15206,0.007684,74.125.24.0-255,5738,111576,74,111642
15207,0.007691,172.31.40.0-255,66,111642,74,111642
15208,0.0,172.217.194.0-255,289,289,74,137953
15209,2.3e-05,172.31.40.0-255,66,355,74,137953
15210,3e-05,172.217.194.0-255,1484,1839,74,137953
15211,3.4e-05,172.31.40.0-255,66,1905,74,137953
15212,4.1e-05,172.217.194.0-255,4320,6225,74,137953
15213,5.3e-05,172.31.40.0-255,66,6291,74,137953
15214,6.6e-05,172.31.40.0-255,66,6357,74,137953
15215,8e-05,172.31.40.0-255,66,6423,74,137953
15216,0.000107,172.217.194.0-255,2543,8966,74,137953
15217,0.00011,172.31.40.0-255,66,9032,74,137953
15218,0.000117,172.217.194.0-255,1484,10516,74,137953
15219,0.000119,172.31.40.0-255,66,10582,74,137953
15220,0.000124,172.217.194.0-255,2902,13484,74,137953
15221,0.000126,172.31.40.0-255,66,13550,74,137953
15222,0.000152,172.217.194.0-255,5738,19288,74,137953
15223,0.000155,172.31.40.0-255,66,19354,74,137953
15224,0.000169,172.31.40.0-255,66,19420,74,137953
15225,0.000205,172.217.194.0-255,5738,25158,74,137953
15226,0.000207,172.31.40.0-255,66,25224,74,137953
15227,0.000211,172.217.194.0-255,1484,26708,74,137953
15228,0.000213,172.31.40.0-255,66,26774,74,137953
15229,0.000245,172.217.194.0-255,5738,32512,74,137953
15230,0.000248,172.31.40.0-255,66,32578,74,137953
15231,0.000277,172.217.194.0-255,4572,37150,74,137953
15232,0.00028,172.31.40.0-255,66,37216,74,137953
15233,0.000369,172.217.194.0-255,1484,38700,74,137953
15234,0.000373,172.31.40.0-255,66,38766,74,137953
15235,0.000378,172.217.194.0-255,2902,41668,74,137953
15236,0.000381,172.31.40.0-255,66,41734,74,137953
15237,0.000384,172.217.194.0-255,1484,43218,74,137953
15238,0.000412,172.217.194.0-255,4320,47538,74,137953
15239,0.000427,172.217.194.0-255,5738,53276,74,137953
15240,0.000443,172.217.194.0-255,1484,54760,74,137953
15241,0.000468,172.217.194.0-255,5738,60498,74,137953
15242,0.000481,172.217.194.0-255,3961,64459,74,137953
15243,0.000623,172.31.40.0-255,66,64525,74,137953
15244,0.00068,172.217.194.0-255,1484,66009,74,137953
15245,0.000687,172.217.194.0-255,2902,68911,74,137953
15246,0.000694,172.217.194.0-255,5738,74649,74,137953
15247,0.000711,172.31.40.0-255,66,74715,74,137953
15248,0.000732,172.31.40.0-255,66,74781,74,137953
15249,0.000759,172.217.194.0-255,5738,80519,74,137953
15250,0.00077,172.31.40.0-255,66,80585,74,137953
15251,0.000797,172.31.40.0-255,66,80651,74,137953
15252,0.001086,172.217.194.0-255,1484,82135,74,137953
15253,0.001092,172.217.194.0-255,2902,85037,74,137953
15254,0.001095,172.217.194.0-255,1484,86521,74,137953
15255,0.001113,172.31.40.0-255,66,86587,74,137953
15256,0.001119,172.217.194.0-255,4320,90907,74,137953
15257,0.001124,172.217.194.0-255,4320,95227,74,137953
15258,0.001138,172.217.194.0-255,2902,98129,74,137953
15259,0.001142,172.31.40.0-255,66,98195,74,137953
15260,0.001217,172.31.40.0-255,66,98261,74,137953
15261,0.001238,172.217.194.0-255,1484,99745,74,137953
15262,0.001281,172.217.194.0-255,5738,105483,74,137953
15263,0.001289,172.31.40.0-255,66,105549,74,137953
15264,0.001305,172.217.194.0-255,5738,111287,74,137953
15265,0.00134,172.31.40.0-255,66,111353,74,137953
15266,0.001409,172.217.194.0-255,1484,112837,74,137953
15267,0.001413,172.217.194.0-255,1484,114321,74,137953
15268,0.001419,172.31.40.0-255,66,114387,74,137953
15269,0.001431,172.217.194.0-255,1484,115871,74,137953
15270,0.001443,172.217.194.0-255,5738,121609,74,137953
15271,0.001482,172.31.40.0-255,66,121675,74,137953
15272,0.001529,172.31.40.0-255,66,121741,74,137953
15273,0.001558,172.217.194.0-255,1484,123225,74,137953
15274,0.001561,172.217.194.0-255,1484,124709,74,137953
15275,0.001571,172.217.194.0-255,1484,126193,74,137953
15276,0.001576,172.217.194.0-255,2902,129095,74,137953
15277,0.001592,172.217.194.0-255,2902,131997,74,137953
15278,0.001595,172.217.194.0-255,1484,133481,74,137953
15279,0.001603,172.31.40.0-255,66,133547,74,137953
15280,0.001672,172.31.40.0-255,66,133613,74,137953
15281,0.001712,172.31.40.0-255,66,133679,74,137953
15282,0.001789,172.217.194.0-255,1484,135163,74,137953
15283,0.001793,172.31.40.0-255,66,135229,74,137953
15284,0.001817,172.31.40.0-255,66,135295,74,137953
15285,0.001863,172.31.40.0-255,66,135361,74,137953
15286,0.001868,172.217.194.0-255,2184,137545,74,137953
15287,0.001942,172.217.194.0-255,105,137650,74,137953
15288,0.001944,172.31.40.0-255,66,137716,74,137953
15289,0.004399,172.31.40.0-255,66,137782,74,137953
15290,0.004435,172.31.40.0-255,105,137887,74,137953
15291,0.006657,172.217.194.0-255,66,137953,74,137953
15292,0.0,74.125.68.0-255,153,153,74,253564
15293,3.4e-05,172.31.40.0-255,66,219,74,253564
15294,4.1e-05,74.125.68.0-255,1484,1703,74,253564
15295,4.6e-05,172.31.40.0-255,66,1769,74,253564
15296,5.1e-05,74.125.68.0-255,2902,4671,74,253564
15297,5.3e-05,172.31.40.0-255,66,4737,74,253564
15298,5.6e-05,74.125.68.0-255,1484,6221,74,253564
15299,5.8e-05,172.31.40.0-255,66,6287,74,253564
15300,6.3e-05,74.125.68.0-255,2902,9189,74,253564
15301,6.5e-05,172.31.40.0-255,66,9255,74,253564
15302,9e-05,74.125.68.0-255,1484,10739,74,253564
15303,9.2e-05,172.31.40.0-255,66,10805,74,253564
15304,0.000109,74.125.68.0-255,4962,15767,74,253564
15305,0.000112,172.31.40.0-255,66,15833,74,253564
15306,0.000117,74.125.68.0-255,4320,20153,74,253564
15307,0.000119,172.31.40.0-255,66,20219,74,253564
15308,0.00014,74.125.68.0-255,1484,21703,74,253564
15309,0.000142,172.31.40.0-255,66,21769,74,253564
15310,0.000163,172.31.40.0-255,66,21835,74,253564
15311,0.000191,74.125.68.0-255,2902,24737,74,253564
15312,0.000193,172.31.40.0-255,66,24803,74,253564
15313,0.000199,74.125.68.0-255,5738,30541,74,253564
15314,0.000202,172.31.40.0-255,66,30607,74,253564
15315,0.000217,74.125.68.0-255,2902,33509,74,253564
15316,0.000219,172.31.40.0-255,66,33575,74,253564
15317,0.000248,172.31.40.0-255,66,33641,74,253564
15318,0.000266,74.125.68.0-255,5738,39379,74,253564
15319,0.000269,172.31.40.0-255,66,39445,74,253564
15320,0.000285,74.125.68.0-255,4320,43765,74,253564
15321,0.000287,172.31.40.0-255,66,43831,74,253564
15322,0.000306,74.125.68.0-255,4320,48151,74,253564
15323,0.000309,172.31.40.0-255,66,48217,74,253564
15324,0.000336,172.31.40.0-255,66,48283,74,253564
15325,0.000341,74.125.68.0-255,4320,52603,74,253564
15326,0.000344,172.31.40.0-255,66,52669,74,253564
15327,0.000381,172.31.40.0-255,66,52735,74,253564
15328,0.000417,74.125.68.0-255,2902,55637,74,253564
15329,0.00042,172.31.40.0-255,66,55703,74,253564
15330,0.000439,74.125.68.0-255,4320,60023,74,253564
15331,0.000442,172.31.40.0-255,66,60089,74,253564
15332,0.000472,74.125.68.0-255,2902,62991,74,253564
15333,0.000475,172.31.40.0-255,66,63057,74,253564
15334,0.000496,74.125.68.0-255,5738,68795,74,253564
15335,0.000501,172.31.40.0-255,66,68861,74,253564
15336,0.000501,74.125.68.0-255,5738,74599,74,253564
15337,0.000503,74.125.68.0-255,1484,76083,74,253564
15338,0.000505,172.31.40.0-255,66,76149,74,253564
15339,0.000521,74.125.68.0-255,5738,81887,74,253564
15340,0.000524,172.31.40.0-255,66,81953,74,253564
15341,0.000549,74.125.68.0-255,2902,84855,74,253564
15342,0.000552,172.31.40.0-255,66,84921,74,253564
15343,0.000571,74.125.68.0-255,2184,87105,74,253564
15344,0.000574,172.31.40.0-255,66,87171,74,253564
15345,0.000687,74.125.68.0-255,1484,88655,74,253564
15346,0.000702,74.125.68.0-255,2902,91557,74,253564
15347,0.000706,172.31.40.0-255,66,91623,74,253564
15348,0.000712,74.125.68.0-255,1484,93107,74,253564
15349,0.000725,74.125.68.0-255,1484,94591,74,253564
15350,0.000728,172.31.40.0-255,66,94657,74,253564
15351,0.000732,74.125.68.0-255,2902,97559,74,253564
15352,0.000735,172.31.40.0-255,66,97625,74,253564
15353,0.000747,74.125.68.0-255,1484,99109,74,253564
15354,0.000762,74.125.68.0-255,5738,104847,74,253564
15355,0.000765,172.31.40.0-255,66,104913,74,253564
15356,0.000785,74.125.68.0-255,2902,107815,74,253564
15357,0.000788,172.31.40.0-255,66,107881,74,253564
15358,0.000794,74.125.68.0-255,5738,113619,74,253564
15359,0.000796,172.31.40.0-255,66,113685,74,253564
15360,0.000805,172.31.40.0-255,66,113751,74,253564
15361,0.000808,74.125.68.0-255,766,114517,74,253564
15362,0.000858,74.125.68.0-255,1484,116001,74,253564
15363,0.000861,172.31.40.0-255,66,116067,74,253564
15364,0.000865,74.125.68.0-255,1484,117551,74,253564
15365,0.000879,74.125.68.0-255,1484,119035,74,253564
15366,0.000882,172.31.40.0-255,66,119101,74,253564
15367,0.000887,74.125.68.0-255,4320,123421,74,253564
15368,0.00089,172.31.40.0-255,66,123487,74,253564
15369,0.000894,74.125.68.0-255,2902,126389,74,253564
15370,0.000897,172.31.40.0-255,66,126455,74,253564
15371,0.000932,74.125.68.0-255,5738,132193,74,253564
15372,0.000936,172.31.40.0-255,66,132259,74,253564
15373,0.000941,74.125.68.0-255,4320,136579,74,253564
15374,0.000944,172.31.40.0-255,66,136645,74,253564
15375,0.000949,74.125.68.0-255,5738,142383,74,253564
15376,0.000952,172.31.40.0-255,66,142449,74,253564
15377,0.000983,172.31.40.0-255,66,142515,74,253564
15378,0.001759,74.125.68.0-255,1484,143999,74,253564
15379,0.001766,74.125.68.0-255,1484,145483,74,253564
15380,0.00177,172.31.40.0-255,66,145549,74,253564
15381,0.001776,74.125.68.0-255,2902,148451,74,253564
15382,0.001779,172.31.40.0-255,66,148517,74,253564
15383,0.00181,74.125.68.0-255,5738,154255,74,253564
15384,0.001813,172.31.40.0-255,66,154321,74,253564
15385,0.001834,74.125.68.0-255,4320,158641,74,253564
15386,0.001838,172.31.40.0-255,66,158707,74,253564
15387,0.00186,74.125.68.0-255,4320,163027,74,253564
15388,0.001863,172.31.40.0-255,66,163093,74,253564
15389,0.001875,172.31.40.0-255,66,163159,74,253564
15390,0.001879,74.125.68.0-255,3602,166761,74,253564
15391,0.001882,172.31.40.0-255,66,166827,74,253564
15392,0.00197,74.125.68.0-255,1484,168311,74,253564
15393,0.001986,74.125.68.0-255,2902,171213,74,253564
15394,0.00199,172.31.40.0-255,66,171279,74,253564
15395,0.001993,74.125.68.0-255,1484,172763,74,253564
15396,0.002013,74.125.68.0-255,4320,177083,74,253564
15397,0.002015,172.31.40.0-255,66,177149,74,253564
15398,0.002034,74.125.68.0-255,1484,178633,74,253564
15399,0.002067,172.31.40.0-255,66,178699,74,253564
15400,0.002085,172.31.40.0-255,66,178765,74,253564
15401,0.00209,74.125.68.0-255,3602,182367,74,253564
15402,0.002093,172.31.40.0-255,66,182433,74,253564
15403,0.002098,74.125.68.0-255,4320,186753,74,253564
15404,0.002101,172.31.40.0-255,66,186819,74,253564
15405,0.002118,74.125.68.0-255,2902,189721,74,253564
15406,0.002121,172.31.40.0-255,66,189787,74,253564
15407,0.00214,172.31.40.0-255,66,189853,74,253564
15408,0.002145,74.125.68.0-255,4320,194173,74,253564
15409,0.002147,172.31.40.0-255,66,194239,74,253564
15410,0.002226,74.125.68.0-255,5738,199977,74,253564
15411,0.002232,172.31.40.0-255,66,200043,74,253564
15412,0.002257,172.31.40.0-255,66,200109,74,253564
15413,0.00226,74.125.68.0-255,1484,201593,74,253564
15414,0.002264,74.125.68.0-255,2902,204495,74,253564
15415,0.002266,172.31.40.0-255,66,204561,74,253564
15416,0.002272,74.125.68.0-255,5738,210299,74,253564
15417,0.002273,172.31.40.0-255,66,210365,74,253564
15418,0.002277,74.125.68.0-255,1484,211849,74,253564
15419,0.002293,74.125.68.0-255,4320,216169,74,253564
15420,0.002295,172.31.40.0-255,66,216235,74,253564
15421,0.002299,74.125.68.0-255,2902,219137,74,253564
15422,0.002301,172.31.40.0-255,66,219203,74,253564
15423,0.002322,74.125.68.0-255,4320,223523,74,253564
15424,0.002325,172.31.40.0-255,66,223589,74,253564
15425,0.002339,74.125.68.0-255,1484,225073,74,253564
15426,0.002352,74.125.68.0-255,4320,229393,74,253564
15427,0.002354,172.31.40.0-255,66,229459,74,253564
15428,0.002374,74.125.68.0-255,5020,234479,74,253564
15429,0.002376,172.31.40.0-255,66,234545,74,253564
15430,0.002389,74.125.68.0-255,4320,238865,74,253564
15431,0.002391,172.31.40.0-255,66,238931,74,253564
15432,0.00242,172.31.40.0-255,66,238997,74,253564
15433,0.002448,172.31.40.0-255,66,239063,74,253564
15434,0.002462,74.125.68.0-255,2902,241965,74,253564
15435,0.002464,172.31.40.0-255,66,242031,74,253564
15436,0.002468,74.125.68.0-255,2902,244933,74,253564
15437,0.00247,172.31.40.0-255,66,244999,74,253564
15438,0.002526,172.31.40.0-255,66,245065,74,253564
15439,0.00254,74.125.68.0-255,1484,246549,74,253564
15440,0.002566,172.31.40.0-255,66,246615,74,253564
15441,0.00257,74.125.68.0-255,4320,250935,74,253564
15442,0.002572,172.31.40.0-255,66,251001,74,253564
15443,0.00259,172.31.40.0-255,66,251067,74,253564
15444,0.002603,74.125.68.0-255,766,251833,74,253564
15445,0.005112,74.125.68.0-255,1665,253498,74,253564
15446,0.005116,172.31.40.0-255,66,253564,74,253564
15447,0.0,74.125.24.0-255,147,147,74,61737
15448,2.2e-05,172.31.40.0-255,66,213,74,61737
15449,2.9e-05,74.125.24.0-255,1484,1697,74,61737
15450,3.4e-05,172.31.40.0-255,66,1763,74,61737
15451,4e-05,74.125.24.0-255,2902,4665,74,61737
15452,5.1e-05,172.31.40.0-255,66,4731,74,61737
15453,6.1e-05,172.31.40.0-255,66,4797,74,61737
15454,6.5e-05,74.125.24.0-255,2139,6936,74,61737
15455,6.8e-05,172.31.40.0-255,66,7002,74,61737
15456,0.000482,74.125.24.0-255,1484,8486,74,61737
15457,0.000488,172.31.40.0-255,66,8552,74,61737
15458,0.000494,74.125.24.0-255,2902,11454,74,61737
15459,0.000496,172.31.40.0-255,66,11520,74,61737
15460,0.000507,74.125.24.0-255,5738,17258,74,61737
15461,0.00051,172.31.40.0-255,66,17324,74,61737
15462,0.000536,74.125.24.0-255,5738,23062,74,61737
15463,0.000539,172.31.40.0-255,66,23128,74,61737
15464,0.000581,172.31.40.0-255,66,23194,74,61737
15465,0.000594,172.31.40.0-255,66,23260,74,61737
15466,0.000634,172.31.40.0-255,66,23326,74,61737
15467,0.000636,74.125.24.0-255,361,23687,74,61737
15468,0.000638,172.31.40.0-255,66,23753,74,61737
15469,0.000641,74.125.24.0-255,382,24135,74,61737
15470,0.000643,172.31.40.0-255,66,24201,74,61737
15471,0.00076,74.125.24.0-255,1484,25685,74,61737
15472,0.000765,172.31.40.0-255,66,25751,74,61737
15473,0.00077,74.125.24.0-255,2902,28653,74,61737
15474,0.000772,172.31.40.0-255,66,28719,74,61737
15475,0.000783,74.125.24.0-255,5738,34457,74,61737
15476,0.00079,74.125.24.0-255,2902,37359,74,61737
15477,0.000832,172.31.40.0-255,66,37425,74,61737
15478,0.000838,172.31.40.0-255,66,37491,74,61737
15479,0.000851,74.125.24.0-255,2184,39675,74,61737
15480,0.000879,172.31.40.0-255,66,39741,74,61737
15481,0.002347,74.125.24.0-255,1484,41225,74,61737
15482,0.002358,74.125.24.0-255,2902,44127,74,61737
15483,0.002363,172.31.40.0-255,66,44193,74,61737
15484,0.002371,74.125.24.0-255,5738,49931,74,61737
15485,0.002373,172.31.40.0-255,66,49997,74,61737
15486,0.002418,172.31.40.0-255,66,50063,74,61737
15487,0.002457,172.31.40.0-255,66,50129,74,61737
15488,0.005066,74.125.24.0-255,5738,55867,74,61737
15489,0.005069,172.31.40.0-255,66,55933,74,61737
15490,0.007686,74.125.24.0-255,5738,61671,74,61737
15491,0.007692,172.31.40.0-255,66,61737,74,61737
15492,0.0,74.125.24.0-255,153,153,74,94452
15493,2.1e-05,172.31.40.0-255,66,219,74,94452
15494,2.9e-05,74.125.24.0-255,1484,1703,74,94452
15495,3.3e-05,172.31.40.0-255,66,1769,74,94452
15496,3.9e-05,74.125.24.0-255,2902,4671,74,94452
15497,4.1e-05,172.31.40.0-255,66,4737,74,94452
15498,6.1e-05,172.31.40.0-255,66,4803,74,94452
15499,6.5e-05,74.125.24.0-255,1484,6287,74,94452
15500,6.8e-05,172.31.40.0-255,66,6353,74,94452
15501,0.000108,172.31.40.0-255,66,6419,74,94452
15502,0.000116,74.125.24.0-255,5379,11798,74,94452
15503,0.000118,172.31.40.0-255,66,11864,74,94452
15504,0.000157,74.125.24.0-255,5738,17602,74,94452
15505,0.00016,172.31.40.0-255,66,17668,74,94452
15506,0.000178,172.31.40.0-255,66,17734,74,94452
15507,0.000189,172.31.40.0-255,66,17800,74,94452
15508,0.00024,172.31.40.0-255,66,17866,74,94452
15509,0.000243,74.125.24.0-255,136,18002,74,94452
15510,0.000245,172.31.40.0-255,66,18068,74,94452
15511,0.000359,74.125.24.0-255,1484,19552,74,94452
15512,0.000363,172.31.40.0-255,66,19618,74,94452
15513,0.000369,74.125.24.0-255,2902,22520,74,94452
15514,0.000372,172.31.40.0-255,66,22586,74,94452
15515,0.000382,74.125.24.0-255,2902,25488,74,94452
15516,0.000384,172.31.40.0-255,66,25554,74,94452
15517,0.000423,74.125.24.0-255,2902,28456,74,94452
15518,0.000426,172.31.40.0-255,66,28522,74,94452
15519,0.000445,172.31.40.0-255,66,28588,74,94452
15520,0.000457,172.31.40.0-255,66,28654,74,94452
15521,0.00068,74.125.24.0-255,1484,30138,74,94452
15522,0.000687,74.125.24.0-255,2902,33040,74,94452
15523,0.000691,172.31.40.0-255,66,33106,74,94452
15524,0.000698,74.125.24.0-255,5738,38844,74,94452
15525,0.0007,172.31.40.0-255,66,38910,74,94452
15526,0.000726,172.31.40.0-255,66,38976,74,94452
15527,0.000756,74.125.24.0-255,2902,41878,74,94452
15528,0.000759,172.31.40.0-255,66,41944,74,94452
15529,0.000777,172.31.40.0-255,66,42010,74,94452
15530,0.001983,74.125.24.0-255,1484,43494,74,94452
15531,0.001992,74.125.24.0-255,2902,46396,74,94452
15532,0.001997,172.31.40.0-255,66,46462,74,94452
15533,0.002026,74.125.24.0-255,1484,47946,74,94452
15534,0.002031,74.125.24.0-255,2902,50848,74,94452
15535,0.002034,172.31.40.0-255,66,50914,74,94452
15536,0.002041,74.125.24.0-255,5738,56652,74,94452
15537,0.002042,172.31.40.0-255,66,56718,74,94452
15538,0.002077,172.31.40.0-255,66,56784,74,94452
15539,0.002104,74.125.24.0-255,4320,61104,74,94452
15540,0.002107,172.31.40.0-255,66,61170,74,94452
15541,0.002116,172.31.40.0-255,66,61236,74,94452
15542,0.002518,74.125.24.0-255,1484,62720,74,94452
15543,0.002527,74.125.24.0-255,2902,65622,74,94452
15544,0.002531,172.31.40.0-255,66,65688,74,94452
15545,0.002538,74.125.24.0-255,5738,71426,74,94452
15546,0.00254,172.31.40.0-255,66,71492,74,94452
15547,0.002567,74.125.24.0-255,4320,75812,74,94452
15548,0.002569,172.31.40.0-255,66,75878,74,94452
15549,0.002592,172.31.40.0-255,66,75944,74,94452
15550,0.002631,172.31.40.0-255,66,76010,74,94452
15551,0.002658,74.125.24.0-255,5020,81030,74,94452
15552,0.00266,172.31.40.0-255,66,81096,74,94452
15553,0.00267,172.31.40.0-255,66,81162,74,94452
15554,0.002675,74.125.24.0-255,2902,84064,74,94452
15555,0.002677,172.31.40.0-255,66,84130,74,94452
15556,0.002729,172.31.40.0-255,66,84196,74,94452
15557,0.005361,74.125.24.0-255,4320,88516,74,94452
15558,0.005365,172.31.40.0-255,66,88582,74,94452
15559,0.005396,74.125.24.0-255,1484,90066,74,94452
15560,0.008015,74.125.24.0-255,4320,94386,74,94452
15561,0.008023,172.31.40.0-255,66,94452,74,94452
15562,0.0,74.125.24.0-255,153,153,74,152713
15563,1.7e-05,172.31.40.0-255,66,219,74,152713
15564,2.5e-05,74.125.24.0-255,1484,1703,74,152713
15565,2.9e-05,172.31.40.0-255,66,1769,74,152713
15566,4.2e-05,74.125.24.0-255,2902,4671,74,152713
15567,4.6e-05,172.31.40.0-255,66,4737,74,152713
15568,5.3e-05,74.125.24.0-255,4320,9057,74,152713
15569,5.5e-05,172.31.40.0-255,66,9123,74,152713
15570,9.6e-05,74.125.24.0-255,4875,13998,74,152713
15571,9.9e-05,172.31.40.0-255,66,14064,74,152713
15572,0.000136,74.125.24.0-255,1484,15548,74,152713
15573,0.000139,172.31.40.0-255,66,15614,74,152713
15574,0.000144,74.125.24.0-255,2902,18516,74,152713
15575,0.000146,172.31.40.0-255,66,18582,74,152713
15576,0.000157,74.125.24.0-255,5738,24320,74,152713
15577,0.00016,172.31.40.0-255,66,24386,74,152713
15578,0.000171,74.125.24.0-255,1484,25870,74,152713
15579,0.000174,172.31.40.0-255,66,25936,74,152713
15580,0.000208,172.31.40.0-255,66,26002,74,152713
15581,0.000225,172.31.40.0-255,66,26068,74,152713
15582,0.000231,74.125.24.0-255,3961,30029,74,152713
15583,0.000233,172.31.40.0-255,66,30095,74,152713
15584,0.000247,74.125.24.0-255,4320,34415,74,152713
15585,0.00025,172.31.40.0-255,66,34481,74,152713
15586,0.000288,172.31.40.0-255,66,34547,74,152713
15587,0.000293,74.125.24.0-255,2543,37090,74,152713
15588,0.000296,172.31.40.0-255,66,37156,74,152713
15589,0.000315,74.125.24.0-255,361,37517,74,152713
15590,0.000317,172.31.40.0-255,66,37583,74,152713
15591,0.000339,74.125.24.0-255,415,37998,74,152713
15592,0.000556,74.125.24.0-255,1484,39482,74,152713
15593,0.000562,172.31.40.0-255,66,39548,74,152713
15594,0.000568,74.125.24.0-255,2902,42450,74,152713
15595,0.000571,172.31.40.0-255,66,42516,74,152713
15596,0.000578,74.125.24.0-255,5738,48254,74,152713
15597,0.000587,172.31.40.0-255,66,48320,74,152713
15598,0.000591,74.125.24.0-255,4320,52640,74,152713
15599,0.000594,172.31.40.0-255,66,52706,74,152713
15600,0.0006,74.125.24.0-255,5738,58444,74,152713
15601,0.000603,172.31.40.0-255,66,58510,74,152713
15602,0.000634,74.125.24.0-255,5738,64248,74,152713
15603,0.000637,172.31.40.0-255,66,64314,74,152713
15604,0.000648,172.31.40.0-255,66,64380,74,152713
15605,0.000849,74.125.24.0-255,1484,65864,74,152713
15606,0.000855,74.125.24.0-255,2902,68766,74,152713
15607,0.000858,172.31.40.0-255,66,68832,74,152713
15608,0.000862,74.125.24.0-255,1484,70316,74,152713
15609,0.00089,74.125.24.0-255,4320,74636,74,152713
15610,0.000893,172.31.40.0-255,66,74702,74,152713
15611,0.000907,172.31.40.0-255,66,74768,74,152713
15612,0.000922,172.31.40.0-255,66,74834,74,152713
15613,0.000974,74.125.24.0-255,766,75600,74,152713
15614,0.001013,74.125.24.0-255,1484,77084,74,152713
15615,0.001016,172.31.40.0-255,66,77150,74,152713
15616,0.001021,74.125.24.0-255,2902,80052,74,152713
15617,0.001024,172.31.40.0-255,66,80118,74,152713
15618,0.00103,74.125.24.0-255,5738,85856,74,152713
15619,0.001037,172.31.40.0-255,66,85922,74,152713
15620,0.00108,172.31.40.0-255,66,85988,74,152713
15621,0.001113,172.31.40.0-255,66,86054,74,152713
15622,0.001464,74.125.24.0-255,1484,87538,74,152713
15623,0.00147,74.125.24.0-255,2902,90440,74,152713
15624,0.001474,172.31.40.0-255,66,90506,74,152713
15625,0.00148,74.125.24.0-255,5738,96244,74,152713
15626,0.001482,172.31.40.0-255,66,96310,74,152713
15627,0.001532,172.31.40.0-255,66,96376,74,152713
15628,0.001547,172.31.40.0-255,66,96442,74,152713
15629,0.001573,74.125.24.0-255,2184,98626,74,152713
15630,0.001575,172.31.40.0-255,66,98692,74,152713
15631,0.001771,74.125.24.0-255,1484,100176,74,152713
15632,0.001777,74.125.24.0-255,2902,103078,74,152713
15633,0.00178,172.31.40.0-255,66,103144,74,152713
15634,0.001798,74.125.24.0-255,4320,107464,74,152713
15635,0.001801,172.31.40.0-255,66,107530,74,152713
15636,0.001826,74.125.24.0-255,1484,109014,74,152713
15637,0.00184,172.31.40.0-255,66,109080,74,152713
15638,0.001859,172.31.40.0-255,66,109146,74,152713
15639,0.001862,74.125.24.0-255,1484,110630,74,152713
15640,0.001885,74.125.24.0-255,2902,113532,74,152713
15641,0.001888,172.31.40.0-255,66,113598,74,152713
15642,0.001894,74.125.24.0-255,5738,119336,74,152713
15643,0.001896,172.31.40.0-255,66,119402,74,152713
15644,0.001909,74.125.24.0-255,1484,120886,74,152713
15645,0.00195,172.31.40.0-255,66,120952,74,152713
15646,0.001953,74.125.24.0-255,1484,122436,74,152713
15647,0.001986,172.31.40.0-255,66,122502,74,152713
15648,0.002022,172.31.40.0-255,66,122568,74,152713
15649,0.002028,74.125.24.0-255,5738,128306,74,152713
15650,0.002031,172.31.40.0-255,66,128372,74,152713
15651,0.002082,172.31.40.0-255,66,128438,74,152713
15652,0.002085,74.125.24.0-255,766,129204,74,152713
15653,0.002123,74.125.24.0-255,1484,130688,74,152713
15654,0.002127,172.31.40.0-255,66,130754,74,152713
15655,0.002131,74.125.24.0-255,2902,133656,74,152713
15656,0.002133,172.31.40.0-255,66,133722,74,152713
15657,0.00216,74.125.24.0-255,5738,139460,74,152713
15658,0.002197,74.125.24.0-255,4320,143780,74,152713
15659,0.002202,172.31.40.0-255,66,143846,74,152713
15660,0.002204,172.31.40.0-255,66,143912,74,152713
15661,0.00224,172.31.40.0-255,66,143978,74,152713
15662,0.00225,172.31.40.0-255,66,144044,74,152713
15663,0.002265,172.31.40.0-255,66,144110,74,152713
15664,0.002281,172.31.40.0-255,66,144176,74,152713
15665,0.002297,172.31.40.0-255,66,144242,74,152713
15666,0.002324,74.125.24.0-255,4320,148562,74,152713
15667,0.002327,172.31.40.0-255,66,148628,74,152713
15668,0.002356,74.125.24.0-255,3883,152511,74,152713
15669,0.002359,172.31.40.0-255,66,152577,74,152713
15670,0.00456,74.125.24.0-255,136,152713,74,152713
15671,0.0,74.125.24.0-255,153,153,74,140967
15672,2.3e-05,172.31.40.0-255,66,219,74,140967
15673,3.1e-05,74.125.24.0-255,1484,1703,74,140967
15674,3.5e-05,172.31.40.0-255,66,1769,74,140967
15675,4.8e-05,74.125.24.0-255,2902,4671,74,140967
15676,5.2e-05,172.31.40.0-255,66,4737,74,140967
15677,6e-05,74.125.24.0-255,5738,10475,74,140967
15678,6.4e-05,172.31.40.0-255,66,10541,74,140967
15679,9.6e-05,74.125.24.0-255,3381,13922,74,140967
15680,9.9e-05,172.31.40.0-255,66,13988,74,140967
15681,0.000252,74.125.24.0-255,1484,15472,74,140967
15682,0.000257,172.31.40.0-255,66,15538,74,140967
15683,0.000263,74.125.24.0-255,2902,18440,74,140967
15684,0.000265,172.31.40.0-255,66,18506,74,140967
15685,0.00027,74.125.24.0-255,2902,21408,74,140967
15686,0.000278,172.31.40.0-255,66,21474,74,140967
15687,0.000314,74.125.24.0-255,2902,24376,74,140967
15688,0.000317,172.31.40.0-255,66,24442,74,140967
15689,0.000327,172.31.40.0-255,66,24508,74,140967
15690,0.000593,74.125.24.0-255,1484,25992,74,140967
15691,0.000598,172.31.40.0-255,66,26058,74,140967
15692,0.000604,74.125.24.0-255,2902,28960,74,140967
15693,0.000607,172.31.40.0-255,66,29026,74,140967
15694,0.000613,74.125.24.0-255,4320,33346,74,140967
15695,0.00062,172.31.40.0-255,66,33412,74,140967
15696,0.000644,74.125.24.0-255,1484,34896,74,140967
15697,0.000647,172.31.40.0-255,66,34962,74,140967
15698,0.000658,74.125.24.0-255,5738,40700,74,140967
15699,0.000661,172.31.40.0-255,66,40766,74,140967
15700,0.000702,172.31.40.0-255,66,40832,74,140967
15701,0.000727,74.125.24.0-255,1484,42316,74,140967
15702,0.000754,172.31.40.0-255,66,42382,74,140967
15703,0.00104,74.125.24.0-255,648,43030,74,140967
15704,0.001112,172.31.40.0-255,66,43096,74,140967
15705,0.001153,74.125.24.0-255,1484,44580,74,140967
15706,0.001159,74.125.24.0-255,2902,47482,74,140967
15707,0.001161,172.31.40.0-255,66,47548,74,140967
15708,0.001165,74.125.24.0-255,1484,49032,74,140967
15709,0.001191,74.125.24.0-255,4320,53352,74,140967
15710,0.001194,172.31.40.0-255,66,53418,74,140967
15711,0.001249,172.31.40.0-255,66,53484,74,140967
15712,0.001258,172.31.40.0-255,66,53550,74,140967
15713,0.001266,74.125.24.0-255,2543,56093,74,140967
15714,0.001269,172.31.40.0-255,66,56159,74,140967
15715,0.001572,74.125.24.0-255,1484,57643,74,140967
15716,0.001579,74.125.24.0-255,2902,60545,74,140967
15717,0.001582,172.31.40.0-255,66,60611,74,140967
15718,0.001588,74.125.24.0-255,4320,64931,74,140967
15719,0.00159,172.31.40.0-255,66,64997,74,140967
15720,0.001607,74.125.24.0-255,1484,66481,74,140967
15721,0.001619,172.31.40.0-255,66,66547,74,140967
15722,0.001652,74.125.24.0-255,2902,69449,74,140967
15723,0.001655,172.31.40.0-255,66,69515,74,140967
15724,0.001665,172.31.40.0-255,66,69581,74,140967
15725,0.001669,74.125.24.0-255,2184,71765,74,140967
15726,0.001676,172.31.40.0-255,66,71831,74,140967
15727,0.001707,74.125.24.0-255,2902,74733,74,140967
15728,0.001711,172.31.40.0-255,66,74799,74,140967
15729,0.001721,172.31.40.0-255,66,74865,74,140967
15730,0.001723,74.125.24.0-255,1484,76349,74,140967
15731,0.00176,172.31.40.0-255,66,76415,74,140967
15732,0.001792,172.31.40.0-255,66,76481,74,140967
15733,0.001939,74.125.24.0-255,1484,77965,74,140967
15734,0.001955,74.125.24.0-255,2902,80867,74,140967
15735,0.001959,172.31.40.0-255,66,80933,74,140967
15736,0.001966,74.125.24.0-255,5738,86671,74,140967
15737,0.001968,172.31.40.0-255,66,86737,74,140967
15738,0.002005,74.125.24.0-255,5738,92475,74,140967
15739,0.002008,172.31.40.0-255,66,92541,74,140967
15740,0.002017,172.31.40.0-255,66,92607,74,140967
15741,0.002043,74.125.24.0-255,5738,98345,74,140967
15742,0.002049,172.31.40.0-255,66,98411,74,140967
15743,0.002055,74.125.24.0-255,5020,103431,74,140967
15744,0.002058,172.31.40.0-255,66,103497,74,140967
15745,0.002479,74.125.24.0-255,1484,104981,74,140967
15746,0.002495,74.125.24.0-255,2902,107883,74,140967
15747,0.002498,172.31.40.0-255,66,107949,74,140967
15748,0.002504,74.125.24.0-255,2902,110851,74,140967
15749,0.002506,172.31.40.0-255,66,110917,74,140967
15750,0.002546,74.125.24.0-255,2902,113819,74,140967
15751,0.002549,172.31.40.0-255,66,113885,74,140967
15752,0.002566,172.31.40.0-255,66,113951,74,140967
15753,0.002572,74.125.24.0-255,5738,119689,74,140967
15754,0.002574,172.31.40.0-255,66,119755,74,140967
15755,0.002607,74.125.24.0-255,5020,124775,74,140967
15756,0.002609,172.31.40.0-255,66,124841,74,140967
15757,0.002614,74.125.24.0-255,4320,129161,74,140967
15758,0.002616,172.31.40.0-255,66,129227,74,140967
15759,0.005176,74.125.24.0-255,1484,130711,74,140967
15760,0.00522,74.125.24.0-255,4320,135031,74,140967
15761,0.005223,172.31.40.0-255,66,135097,74,140967
15762,0.00781,74.125.24.0-255,4320,139417,74,140967
15763,0.007813,172.31.40.0-255,66,139483,74,140967
15764,0.007839,74.125.24.0-255,1484,140967,74,140967
15765,0.0,74.125.68.0-255,151,151,74,144961
15766,1.4e-05,172.31.40.0-255,66,217,74,144961
15767,2.1e-05,74.125.68.0-255,1484,1701,74,144961
15768,2.6e-05,172.31.40.0-255,66,1767,74,144961
15769,3.2e-05,74.125.68.0-255,2902,4669,74,144961
15770,3.5e-05,172.31.40.0-255,66,4735,74,144961
15771,6.8e-05,172.31.40.0-255,66,4801,74,144961
15772,7.3e-05,74.125.68.0-255,3518,8319,74,144961
15773,7.5e-05,172.31.40.0-255,66,8385,74,144961
15774,8.1e-05,74.125.68.0-255,4320,12705,74,144961
15775,8.3e-05,172.31.40.0-255,66,12771,74,144961
15776,0.000135,172.31.40.0-255,66,12837,74,144961
15777,0.000138,74.125.68.0-255,1125,13962,74,144961
15778,0.00014,172.31.40.0-255,66,14028,74,144961
15779,0.000228,74.125.68.0-255,1484,15512,74,144961
15780,0.000232,172.31.40.0-255,66,15578,74,144961
15781,0.000255,74.125.68.0-255,2902,18480,74,144961
15782,0.000258,172.31.40.0-255,66,18546,74,144961
15783,0.000281,74.125.68.0-255,5738,24284,74,144961
15784,0.000284,172.31.40.0-255,66,24350,74,144961
15785,0.000303,74.125.68.0-255,2902,27252,74,144961
15786,0.000305,172.31.40.0-255,66,27318,74,144961
15787,0.000324,74.125.68.0-255,3961,31279,74,144961
15788,0.000326,172.31.40.0-255,66,31345,74,144961
15789,0.000381,74.125.68.0-255,1484,32829,74,144961
15790,0.000384,172.31.40.0-255,66,32895,74,144961
15791,0.000389,74.125.68.0-255,2902,35797,74,144961
15792,0.000391,172.31.40.0-255,66,35863,74,144961
15793,0.000441,74.125.68.0-255,2902,38765,74,144961
15794,0.000444,172.31.40.0-255,66,38831,74,144961
15795,0.000465,74.125.68.0-255,2902,41733,74,144961
15796,0.000467,172.31.40.0-255,66,41799,74,144961
15797,0.000474,74.125.68.0-255,5738,47537,74,144961
15798,0.000476,172.31.40.0-255,66,47603,74,144961
15799,0.000489,74.125.68.0-255,1125,48728,74,144961
15800,0.000505,74.125.68.0-255,396,49124,74,144961
15801,0.000555,74.125.68.0-255,111,49235,74,144961
15802,0.000559,172.31.40.0-255,66,49301,74,144961
15803,0.000574,74.125.68.0-255,332,49633,74,144961
15804,0.0009,74.125.68.0-255,1484,51117,74,144961
15805,0.000904,172.31.40.0-255,66,51183,74,144961
15806,0.000908,74.125.68.0-255,1484,52667,74,144961
15807,0.000922,74.125.68.0-255,1484,54151,74,144961
15808,0.000925,172.31.40.0-255,66,54217,74,144961
15809,0.000929,74.125.68.0-255,2902,57119,74,144961
15810,0.000931,172.31.40.0-255,66,57185,74,144961
15811,0.000934,74.125.68.0-255,1484,58669,74,144961
15812,0.000954,74.125.68.0-255,2902,61571,74,144961
15813,0.000956,172.31.40.0-255,66,61637,74,144961
15814,0.00099,172.31.40.0-255,66,61703,74,144961
15815,0.000997,74.125.68.0-255,4320,66023,74,144961
15816,0.000999,172.31.40.0-255,66,66089,74,144961
15817,0.001005,74.125.68.0-255,4320,70409,74,144961
15818,0.001007,172.31.40.0-255,66,70475,74,144961
15819,0.001023,74.125.68.0-255,1484,71959,74,144961
15820,0.001027,74.125.68.0-255,1484,73443,74,144961
15821,0.001029,172.31.40.0-255,66,73509,74,144961
15822,0.001051,74.125.68.0-255,2184,75693,74,144961
15823,0.001054,172.31.40.0-255,66,75759,74,144961
15824,0.001903,74.125.68.0-255,1484,77243,74,144961
15825,0.001932,74.125.68.0-255,2902,80145,74,144961
15826,0.001937,172.31.40.0-255,66,80211,74,144961
15827,0.001945,74.125.68.0-255,5738,85949,74,144961
15828,0.001947,172.31.40.0-255,66,86015,74,144961
15829,0.001956,172.31.40.0-255,66,86081,74,144961
15830,0.001987,172.31.40.0-255,66,86147,74,144961
15831,0.001993,74.125.68.0-255,5738,91885,74,144961
15832,0.001995,172.31.40.0-255,66,91951,74,144961
15833,0.002015,74.125.68.0-255,2184,94135,74,144961
15834,0.002018,172.31.40.0-255,66,94201,74,144961
15835,0.002119,74.125.68.0-255,1484,95685,74,144961
15836,0.002125,74.125.68.0-255,2902,98587,74,144961
15837,0.002128,172.31.40.0-255,66,98653,74,144961
15838,0.002145,74.125.68.0-255,2902,101555,74,144961
15839,0.002147,172.31.40.0-255,66,101621,74,144961
15840,0.002171,74.125.68.0-255,2902,104523,74,144961
15841,0.002173,172.31.40.0-255,66,104589,74,144961
15842,0.002179,74.125.68.0-255,4320,108909,74,144961
15843,0.002181,172.31.40.0-255,66,108975,74,144961
15844,0.002199,74.125.68.0-255,2902,111877,74,144961
15845,0.002201,172.31.40.0-255,66,111943,74,144961
15846,0.002207,74.125.68.0-255,5738,117681,74,144961
15847,0.002209,172.31.40.0-255,66,117747,74,144961
15848,0.002214,74.125.68.0-255,4320,122067,74,144961
15849,0.002216,172.31.40.0-255,66,122133,74,144961
15850,0.002238,74.125.68.0-255,2902,125035,74,144961
15851,0.00224,172.31.40.0-255,66,125101,74,144961
15852,0.002245,74.125.68.0-255,3602,128703,74,144961
15853,0.002248,172.31.40.0-255,66,128769,74,144961
15854,0.004556,74.125.68.0-255,2902,131671,74,144961
15855,0.004562,172.31.40.0-255,66,131737,74,144961
15856,0.004575,74.125.68.0-255,2902,134639,74,144961
15857,0.004578,172.31.40.0-255,66,134705,74,144961
15858,0.006902,74.125.68.0-255,4320,139025,74,144961
15859,0.006908,172.31.40.0-255,66,139091,74,144961
15860,0.006929,74.125.68.0-255,1484,140575,74,144961
15861,0.009232,74.125.68.0-255,4320,144895,74,144961
15862,0.009239,172.31.40.0-255,66,144961,74,144961
15863,0.0,74.125.130.0-255,146,146,74,187724
15864,1.4e-05,172.31.40.0-255,66,212,74,187724
15865,2.1e-05,74.125.130.0-255,1484,1696,74,187724
15866,2.5e-05,172.31.40.0-255,66,1762,74,187724
15867,5.8e-05,74.125.130.0-255,2902,4664,74,187724
15868,6.2e-05,172.31.40.0-255,66,4730,74,187724
15869,6.9e-05,74.125.130.0-255,5738,10468,74,187724
15870,7.1e-05,172.31.40.0-255,66,10534,74,187724
15871,0.000104,74.125.130.0-255,6246,16780,74,187724
15872,0.000106,172.31.40.0-255,66,16846,74,187724
15873,0.000111,74.125.130.0-255,2902,19748,74,187724
15874,0.000113,172.31.40.0-255,66,19814,74,187724
15875,0.000116,74.125.130.0-255,1484,21298,74,187724
15876,0.000118,172.31.40.0-255,66,21364,74,187724
15877,0.000133,74.125.130.0-255,2902,24266,74,187724
15878,0.000135,172.31.40.0-255,66,24332,74,187724
15879,0.000155,74.125.130.0-255,4320,28652,74,187724
15880,0.000157,172.31.40.0-255,66,28718,74,187724
15881,0.000183,74.125.130.0-255,2543,31261,74,187724
15882,0.000185,172.31.40.0-255,66,31327,74,187724
15883,0.000367,74.125.130.0-255,1484,32811,74,187724
15884,0.000372,172.31.40.0-255,66,32877,74,187724
15885,0.000377,74.125.130.0-255,2902,35779,74,187724
15886,0.00038,172.31.40.0-255,66,35845,74,187724
15887,0.000406,74.125.130.0-255,5738,41583,74,187724
15888,0.000409,172.31.40.0-255,66,41649,74,187724
15889,0.000413,74.125.130.0-255,2902,44551,74,187724
15890,0.000415,172.31.40.0-255,66,44617,74,187724
15891,0.000446,74.125.130.0-255,3961,48578,74,187724
15892,0.000448,172.31.40.0-255,66,48644,74,187724
15893,0.000475,74.125.130.0-255,4320,52964,74,187724
15894,0.000478,172.31.40.0-255,66,53030,74,187724
15895,0.000484,74.125.130.0-255,5738,58768,74,187724
15896,0.000486,172.31.40.0-255,66,58834,74,187724
15897,0.000528,172.31.40.0-255,66,58900,74,187724
15898,0.000887,74.125.130.0-255,376,59276,74,187724
15899,0.001043,172.31.40.0-255,66,59342,74,187724
15900,0.001071,74.125.130.0-255,1484,60826,74,187724
15901,0.001076,74.125.130.0-255,2902,63728,74,187724
15902,0.001079,172.31.40.0-255,66,63794,74,187724
15903,0.001123,74.125.130.0-255,5738,69532,74,187724
15904,0.001126,172.31.40.0-255,66,69598,74,187724
15905,0.001133,74.125.130.0-255,5738,75336,74,187724
15906,0.001135,172.31.40.0-255,66,75402,74,187724
15907,0.001173,172.31.40.0-255,66,75468,74,187724
15908,0.001178,74.125.130.0-255,4320,79788,74,187724
15909,0.00118,172.31.40.0-255,66,79854,74,187724
15910,0.001187,74.125.130.0-255,5738,85592,74,187724
15911,0.001191,74.125.130.0-255,766,86358,74,187724
15912,0.001194,172.31.40.0-255,66,86424,74,187724
15913,0.001296,74.125.130.0-255,1484,87908,74,187724
15914,0.001299,172.31.40.0-255,66,87974,74,187724
15915,0.001304,74.125.130.0-255,1484,89458,74,187724
15916,0.001336,74.125.130.0-255,1484,90942,74,187724
15917,0.001338,172.31.40.0-255,66,91008,74,187724
15918,0.001342,74.125.130.0-255,1484,92492,74,187724
15919,0.001346,74.125.130.0-255,2902,95394,74,187724
15920,0.001348,172.31.40.0-255,66,95460,74,187724
15921,0.001354,74.125.130.0-255,5738,101198,74,187724
15922,0.001361,172.31.40.0-255,66,101264,74,187724
15923,0.001365,74.125.130.0-255,2902,104166,74,187724
15924,0.001367,172.31.40.0-255,66,104232,74,187724
15925,0.0014,74.125.130.0-255,4320,108552,74,187724
15926,0.001403,172.31.40.0-255,66,108618,74,187724
15927,0.001414,172.31.40.0-255,66,108684,74,187724
15928,0.00144,74.125.130.0-255,3602,112286,74,187724
15929,0.001443,172.31.40.0-255,66,112352,74,187724
15930,0.001479,74.125.130.0-255,4320,116672,74,187724
15931,0.001483,172.31.40.0-255,66,116738,74,187724
15932,0.001489,74.125.130.0-255,5738,122476,74,187724
15933,0.001491,172.31.40.0-255,66,122542,74,187724
15934,0.001528,172.31.40.0-255,66,122608,74,187724
15935,0.001558,74.125.130.0-255,1484,124092,74,187724
15936,0.001563,74.125.130.0-255,4320,128412,74,187724
15937,0.001565,172.31.40.0-255,66,128478,74,187724
15938,0.001587,74.125.130.0-255,5738,134216,74,187724
15939,0.001594,172.31.40.0-255,66,134282,74,187724
15940,0.001611,74.125.130.0-255,2184,136466,74,187724
15941,0.001614,172.31.40.0-255,66,136532,74,187724
15942,0.001616,74.125.130.0-255,366,136898,74,187724
15943,0.001652,74.125.130.0-255,1484,138382,74,187724
15944,0.001655,172.31.40.0-255,66,138448,74,187724
15945,0.001681,74.125.130.0-255,1484,139932,74,187724
15946,0.001685,74.125.130.0-255,2902,142834,74,187724
15947,0.001688,172.31.40.0-255,66,142900,74,187724
15948,0.00172,74.125.130.0-255,5738,148638,74,187724
15949,0.001722,172.31.40.0-255,66,148704,74,187724
15950,0.001728,74.125.130.0-255,4320,153024,74,187724
15951,0.00173,172.31.40.0-255,66,153090,74,187724
15952,0.001764,74.125.130.0-255,5738,158828,74,187724
15953,0.001767,172.31.40.0-255,66,158894,74,187724
15954,0.001771,74.125.130.0-255,2902,161796,74,187724
15955,0.001773,172.31.40.0-255,66,161862,74,187724
15956,0.001805,172.31.40.0-255,66,161928,74,187724
15957,0.001808,74.125.130.0-255,766,162694,74,187724
15958,0.002031,74.125.130.0-255,1484,164178,74,187724
15959,0.002038,172.31.40.0-255,66,164244,74,187724
15960,0.002044,74.125.130.0-255,2902,167146,74,187724
15961,0.002046,172.31.40.0-255,66,167212,74,187724
15962,0.002075,74.125.130.0-255,4320,171532,74,187724
15963,0.002078,172.31.40.0-255,66,171598,74,187724
15964,0.0041,74.125.130.0-255,1484,173082,74,187724
15965,0.004119,74.125.130.0-255,2902,175984,74,187724
15966,0.004122,172.31.40.0-255,66,176050,74,187724
15967,0.004145,74.125.130.0-255,1484,177534,74,187724
15968,0.006438,74.125.130.0-255,4320,181854,74,187724
15969,0.006445,172.31.40.0-255,66,181920,74,187724
15970,0.008507,74.125.130.0-255,5738,187658,74,187724
15971,0.008514,172.31.40.0-255,66,187724,74,187724
15972,0.0,172.217.194.0-255,146,146,74,117925
15973,2.3e-05,172.31.40.0-255,66,212,74,117925
15974,3e-05,172.217.194.0-255,1484,1696,74,117925
15975,3.5e-05,172.31.40.0-255,66,1762,74,117925
15976,4e-05,172.217.194.0-255,2902,4664,74,117925
15977,4.4e-05,172.31.40.0-255,66,4730,74,117925
15978,5.6e-05,172.31.40.0-255,66,4796,74,117925
15979,6e-05,172.217.194.0-255,2030,6826,74,117925
15980,6.3e-05,172.31.40.0-255,66,6892,74,117925
15981,7.6e-05,172.31.40.0-255,66,6958,74,117925
15982,0.000106,172.217.194.0-255,5379,12337,74,117925
15983,0.000108,172.31.40.0-255,66,12403,74,117925
15984,0.000189,172.217.194.0-255,1484,13887,74,117925
15985,0.000191,172.31.40.0-255,66,13953,74,117925
15986,0.000197,172.217.194.0-255,2902,16855,74,117925
15987,0.000199,172.31.40.0-255,66,16921,74,117925
15988,0.000214,172.217.194.0-255,4320,21241,74,117925
15989,0.000216,172.31.40.0-255,66,21307,74,117925
15990,0.000236,172.217.194.0-255,1484,22791,74,117925
15991,0.000238,172.31.40.0-255,66,22857,74,117925
15992,0.000253,172.31.40.0-255,66,22923,74,117925
15993,0.000259,172.217.194.0-255,4320,27243,74,117925
15994,0.000261,172.31.40.0-255,66,27309,74,117925
15995,0.000283,172.217.194.0-255,5666,32975,74,117925
15996,0.000285,172.31.40.0-255,66,33041,74,117925
15997,0.000287,172.217.194.0-255,399,33440,74,117925
15998,0.000289,172.31.40.0-255,66,33506,74,117925
15999,0.000582,172.217.194.0-255,1484,34990,74,117925
16000,0.000588,172.217.194.0-255,2902,37892,74,117925
16001,0.000594,172.217.194.0-255,5738,43630,74,117925
16002,0.0006,172.31.40.0-255,66,43696,74,117925
16003,0.000608,172.31.40.0-255,66,43762,74,117925
16004,0.000611,172.31.40.0-255,66,43828,74,117925
16005,0.000627,172.217.194.0-255,5738,49566,74,117925
16006,0.00063,172.31.40.0-255,66,49632,74,117925
16007,0.00065,172.31.40.0-255,66,49698,74,117925
16008,0.00068,172.31.40.0-255,66,49764,74,117925
16009,0.000703,172.217.194.0-255,1484,51248,74,117925
16010,0.000709,172.217.194.0-255,2902,54150,74,117925
16011,0.000712,172.31.40.0-255,66,54216,74,117925
16012,0.000715,172.217.194.0-255,1484,55700,74,117925
16013,0.000736,172.217.194.0-255,4320,60020,74,117925
16014,0.000739,172.31.40.0-255,66,60086,74,117925
16015,0.000745,172.217.194.0-255,5738,65824,74,117925
16016,0.000748,172.31.40.0-255,66,65890,74,117925
16017,0.000775,172.31.40.0-255,66,65956,74,117925
16018,0.000781,172.217.194.0-255,5738,71694,74,117925
16019,0.000783,172.31.40.0-255,66,71760,74,117925
16020,0.000808,172.217.194.0-255,2902,74662,74,117925
16021,0.000811,172.31.40.0-255,66,74728,74,117925
16022,0.000832,172.217.194.0-255,2184,76912,74,117925
16023,0.000835,172.31.40.0-255,66,76978,74,117925
16024,0.00084,172.217.194.0-255,5738,82716,74,117925
16025,0.000843,172.31.40.0-255,66,82782,74,117925
16026,0.00087,172.31.40.0-255,66,82848,74,117925
16027,0.000937,172.31.40.0-255,66,82914,74,117925
16028,0.00094,172.217.194.0-255,766,83680,74,117925
16029,0.000984,172.31.40.0-255,66,83746,74,117925
16030,0.000995,172.31.40.0-255,66,83812,74,117925
16031,0.001017,172.217.194.0-255,1484,85296,74,117925
16032,0.001033,172.31.40.0-255,66,85362,74,117925
16033,0.001187,172.217.194.0-255,1484,86846,74,117925
16034,0.001193,172.217.194.0-255,2902,89748,74,117925
16035,0.001197,172.31.40.0-255,66,89814,74,117925
16036,0.001201,172.217.194.0-255,1484,91298,74,117925
16037,0.001223,172.217.194.0-255,4320,95618,74,117925
16038,0.001225,172.31.40.0-255,66,95684,74,117925
16039,0.001235,172.31.40.0-255,66,95750,74,117925
16040,0.001253,172.217.194.0-255,5738,101488,74,117925
16041,0.001255,172.31.40.0-255,66,101554,74,117925
16042,0.00129,172.31.40.0-255,66,101620,74,117925
16043,0.001386,172.217.194.0-255,1484,103104,74,117925
16044,0.00139,172.217.194.0-255,1484,104588,74,117925
16045,0.001393,172.31.40.0-255,66,104654,74,117925
16046,0.001415,172.217.194.0-255,1484,106138,74,117925
16047,0.001422,172.217.194.0-255,5738,111876,74,117925
16048,0.001425,172.31.40.0-255,66,111942,74,117925
16049,0.001435,172.31.40.0-255,66,112008,74,117925
16050,0.001472,172.31.40.0-255,66,112074,74,117925
16051,0.001487,172.31.40.0-255,66,112140,74,117925
16052,0.001526,172.31.40.0-255,66,112206,74,117925
16053,0.001537,172.31.40.0-255,66,112272,74,117925
16054,0.00155,172.31.40.0-255,66,112338,74,117925
16055,0.001581,172.31.40.0-255,66,112404,74,117925
16056,0.001631,172.217.194.0-255,5020,117424,74,117925
16057,0.001684,172.31.40.0-255,66,117490,74,117925
16058,0.001687,172.31.40.0-255,66,117556,74,117925
16059,0.001694,172.31.40.0-255,66,117622,74,117925
16060,0.001711,172.31.40.0-255,66,117688,74,117925
16061,0.001724,172.31.40.0-255,66,117754,74,117925
16062,0.001737,172.31.40.0-255,66,117820,74,117925
16063,0.00174,172.217.194.0-255,105,117925,74,117925
16064,0.0,172.217.24.0-255,152,152,74,107055
16065,2.1e-05,172.31.40.0-255,66,218,74,107055
16066,2.8e-05,172.217.24.0-255,1484,1702,74,107055
16067,3.2e-05,172.31.40.0-255,66,1768,74,107055
16068,5.5e-05,172.217.24.0-255,2902,4670,74,107055
16069,5.8e-05,172.31.40.0-255,66,4736,74,107055
16070,7.3e-05,172.31.40.0-255,66,4802,74,107055
16071,8.3e-05,172.31.40.0-255,66,4868,74,107055
16072,9.3e-05,172.31.40.0-255,66,4934,74,107055
16073,0.000126,172.217.24.0-255,4320,9254,74,107055
16074,0.000128,172.31.40.0-255,66,9320,74,107055
16075,0.000152,172.217.24.0-255,1125,10445,74,107055
16076,0.000154,172.31.40.0-255,66,10511,74,107055
16077,0.000177,172.217.24.0-255,1484,11995,74,107055
16078,0.000179,172.31.40.0-255,66,12061,74,107055
16079,0.000183,172.217.24.0-255,2902,14963,74,107055
16080,0.000185,172.31.40.0-255,66,15029,74,107055
16081,0.000191,172.217.24.0-255,5738,20767,74,107055
16082,0.000193,172.31.40.0-255,66,20833,74,107055
16083,0.000202,172.217.24.0-255,5738,26571,74,107055
16084,0.000204,172.31.40.0-255,66,26637,74,107055
16085,0.000244,172.217.24.0-255,1125,27762,74,107055
16086,0.000246,172.31.40.0-255,66,27828,74,107055
16087,0.000326,172.217.24.0-255,1484,29312,74,107055
16088,0.00033,172.31.40.0-255,66,29378,74,107055
16089,0.000334,172.217.24.0-255,2902,32280,74,107055
16090,0.000337,172.31.40.0-255,66,32346,74,107055
16091,0.000359,172.217.24.0-255,5738,38084,74,107055
16092,0.000362,172.31.40.0-255,66,38150,74,107055
16093,0.000373,172.31.40.0-255,66,38216,74,107055
16094,0.000375,172.217.24.0-255,361,38577,74,107055
16095,0.00084,172.217.24.0-255,135,38712,74,107055
16096,0.000954,172.217.24.0-255,1484,40196,74,107055
16097,0.000959,172.31.40.0-255,66,40262,74,107055
16098,0.000964,172.217.24.0-255,2902,43164,74,107055
16099,0.000967,172.31.40.0-255,66,43230,74,107055
16100,0.000972,172.217.24.0-255,2902,46132,74,107055
16101,0.000974,172.31.40.0-255,66,46198,74,107055
16102,0.000996,172.217.24.0-255,2902,49100,74,107055
16103,0.000998,172.31.40.0-255,66,49166,74,107055
16104,0.001002,172.217.24.0-255,1484,50650,74,107055
16105,0.001033,172.217.24.0-255,5379,56029,74,107055
16106,0.001049,172.31.40.0-255,66,56095,74,107055
16107,0.001059,172.31.40.0-255,66,56161,74,107055
16108,0.001106,172.31.40.0-255,66,56227,74,107055
16109,0.001109,172.217.24.0-255,1125,57352,74,107055
16110,0.001113,172.217.24.0-255,1484,58836,74,107055
16111,0.001115,172.31.40.0-255,66,58902,74,107055
16112,0.001138,172.217.24.0-255,4320,63222,74,107055
16113,0.00114,172.31.40.0-255,66,63288,74,107055
16114,0.001165,172.31.40.0-255,66,63354,74,107055
16115,0.001178,172.217.24.0-255,1484,64838,74,107055
16116,0.00118,172.217.24.0-255,706,65544,74,107055
16117,0.001186,172.31.40.0-255,66,65610,74,107055
16118,0.001683,172.217.24.0-255,1484,67094,74,107055
16119,0.001691,172.217.24.0-255,2902,69996,74,107055
16120,0.001696,172.31.40.0-255,66,70062,74,107055
16121,0.001703,172.217.24.0-255,4320,74382,74,107055
16122,0.001706,172.31.40.0-255,66,74448,74,107055
16123,0.001737,172.217.24.0-255,1484,75932,74,107055
16124,0.001742,172.217.24.0-255,4320,80252,74,107055
16125,0.001744,172.31.40.0-255,66,80318,74,107055
16126,0.00177,172.217.24.0-255,2993,83311,74,107055
16127,0.001773,172.31.40.0-255,66,83377,74,107055
16128,0.003668,172.217.24.0-255,1484,84861,74,107055
16129,0.00369,172.217.24.0-255,4320,89181,74,107055
16130,0.003696,172.31.40.0-255,66,89247,74,107055
16131,0.00562,172.217.24.0-255,2902,92149,74,107055
16132,0.005625,172.31.40.0-255,66,92215,74,107055
16133,0.005653,172.217.24.0-255,2902,95117,74,107055
16134,0.005655,172.31.40.0-255,66,95183,74,107055
16135,0.007562,172.217.24.0-255,2902,98085,74,107055
16136,0.00757,172.31.40.0-255,66,98151,74,107055
16137,0.007604,172.217.24.0-255,2902,101053,74,107055
16138,0.007607,172.31.40.0-255,66,101119,74,107055
16139,0.009508,172.217.24.0-255,2902,104021,74,107055
16140,0.009515,172.31.40.0-255,66,104087,74,107055
16141,0.009548,172.217.24.0-255,2902,106989,74,107055
16142,0.009551,172.31.40.0-255,66,107055,74,107055
16143,0.0,74.125.130.0-255,219,219,74,72895
16144,1.3e-05,172.31.40.0-255,66,285,74,72895
16145,1.8e-05,74.125.130.0-255,1484,1769,74,72895
16146,2.2e-05,172.31.40.0-255,66,1835,74,72895
16147,2.5e-05,74.125.130.0-255,1484,3319,74,72895
16148,2.8e-05,172.31.40.0-255,66,3385,74,72895
16149,5.7e-05,74.125.130.0-255,2902,6287,74,72895
16150,6e-05,172.31.40.0-255,66,6353,74,72895
16151,7e-05,172.31.40.0-255,66,6419,74,72895
16152,0.000945,74.125.130.0-255,1484,7903,74,72895
16153,0.000952,172.31.40.0-255,66,7969,74,72895
16154,0.000961,74.125.130.0-255,2902,10871,74,72895
16155,0.000964,172.31.40.0-255,66,10937,74,72895
16156,0.000969,74.125.130.0-255,2902,13839,74,72895
16157,0.000972,172.31.40.0-255,66,13905,74,72895
16158,0.000978,74.125.130.0-255,4320,18225,74,72895
16159,0.000981,172.31.40.0-255,66,18291,74,72895
16160,0.001018,74.125.130.0-255,5379,23670,74,72895
16161,0.001021,172.31.40.0-255,66,23736,74,72895
16162,0.001216,74.125.130.0-255,1484,25220,74,72895
16163,0.001223,172.31.40.0-255,66,25286,74,72895
16164,0.001229,74.125.130.0-255,2902,28188,74,72895
16165,0.001232,172.31.40.0-255,66,28254,74,72895
16166,0.001239,74.125.130.0-255,5738,33992,74,72895
16167,0.001241,172.31.40.0-255,66,34058,74,72895
16168,0.001278,172.31.40.0-255,66,34124,74,72895
16169,0.001324,74.125.130.0-255,4320,38444,74,72895
16170,0.001326,172.31.40.0-255,66,38510,74,72895
16171,0.001332,74.125.130.0-255,5738,44248,74,72895
16172,0.001335,172.31.40.0-255,66,44314,74,72895
16173,0.001376,74.125.130.0-255,4320,48634,74,72895
16174,0.001378,172.31.40.0-255,66,48700,74,72895
16175,0.0014,74.125.130.0-255,2543,51243,74,72895
16176,0.001402,172.31.40.0-255,66,51309,74,72895
16177,0.001405,74.125.130.0-255,367,51676,74,72895
16178,0.001908,74.125.130.0-255,377,52053,74,72895
16179,0.002591,172.31.40.0-255,66,52119,74,72895
16180,0.003337,74.125.130.0-255,2902,55021,74,72895
16181,0.003343,172.31.40.0-255,66,55087,74,72895
16182,0.004532,74.125.130.0-255,2902,57989,74,72895
16183,0.004536,172.31.40.0-255,66,58055,74,72895
16184,0.005264,74.125.130.0-255,2902,60957,74,72895
16185,0.005269,172.31.40.0-255,66,61023,74,72895
16186,0.006486,74.125.130.0-255,2902,63925,74,72895
16187,0.006493,172.31.40.0-255,66,63991,74,72895
16188,0.007207,74.125.130.0-255,2902,66893,74,72895
16189,0.007212,172.31.40.0-255,66,66959,74,72895
16190,0.008425,74.125.130.0-255,2902,69861,74,72895
16191,0.008429,172.31.40.0-255,66,69927,74,72895
16192,0.009151,74.125.130.0-255,2902,72829,74,72895
16193,0.009158,172.31.40.0-255,66,72895,74,72895
16194,0.0,74.125.68.0-255,152,152,74,138152
16195,2.5e-05,172.31.40.0-255,66,218,74,138152
16196,3.2e-05,74.125.68.0-255,1484,1702,74,138152
16197,3.7e-05,172.31.40.0-255,66,1768,74,138152
16198,4.2e-05,74.125.68.0-255,2902,4670,74,138152
16199,5.3e-05,172.31.40.0-255,66,4736,74,138152
16200,5.8e-05,74.125.68.0-255,2902,7638,74,138152
16201,6.1e-05,172.31.40.0-255,66,7704,74,138152
16202,6.7e-05,74.125.68.0-255,4320,12024,74,138152
16203,7e-05,172.31.40.0-255,66,12090,74,138152
16204,0.000113,74.125.68.0-255,2029,14119,74,138152
16205,0.000116,172.31.40.0-255,66,14185,74,138152
16206,0.000399,74.125.68.0-255,1484,15669,74,138152
16207,0.000406,172.31.40.0-255,66,15735,74,138152
16208,0.000413,74.125.68.0-255,2902,18637,74,138152
16209,0.000416,172.31.40.0-255,66,18703,74,138152
16210,0.000448,74.125.68.0-255,5738,24441,74,138152
16211,0.000451,172.31.40.0-255,66,24507,74,138152
16212,0.000458,74.125.68.0-255,5738,30245,74,138152
16213,0.00046,172.31.40.0-255,66,30311,74,138152
16214,0.000489,74.125.68.0-255,1125,31436,74,138152
16215,0.000492,172.31.40.0-255,66,31502,74,138152
16216,0.000801,74.125.68.0-255,1484,32986,74,138152
16217,0.000809,172.31.40.0-255,66,33052,74,138152
16218,0.000828,74.125.68.0-255,2902,35954,74,138152
16219,0.000831,172.31.40.0-255,66,36020,74,138152
16220,0.000839,74.125.68.0-255,5738,41758,74,138152
16221,0.000841,172.31.40.0-255,66,41824,74,138152
16222,0.000845,74.125.68.0-255,2902,44726,74,138152
16223,0.000848,172.31.40.0-255,66,44792,74,138152
16224,0.000878,74.125.68.0-255,3961,48753,74,138152
16225,0.000881,172.31.40.0-255,66,48819,74,138152
16226,0.000962,74.125.68.0-255,1484,50303,74,138152
16227,0.000979,74.125.68.0-255,2902,53205,74,138152
16228,0.000982,172.31.40.0-255,66,53271,74,138152
16229,0.001014,74.125.68.0-255,4320,57591,74,138152
16230,0.001018,172.31.40.0-255,66,57657,74,138152
16231,0.001024,74.125.68.0-255,5738,63395,74,138152
16232,0.001026,172.31.40.0-255,66,63461,74,138152
16233,0.001058,74.125.68.0-255,2876,66337,74,138152
16234,0.001062,172.31.40.0-255,66,66403,74,138152
16235,0.001162,74.125.68.0-255,110,66513,74,138152
16236,0.001186,74.125.68.0-255,330,66843,74,138152
16237,0.001373,74.125.68.0-255,1484,68327,74,138152
16238,0.00138,172.31.40.0-255,66,68393,74,138152
16239,0.00139,74.125.68.0-255,2902,71295,74,138152
16240,0.001392,172.31.40.0-255,66,71361,74,138152
16241,0.001421,74.125.68.0-255,2902,74263,74,138152
16242,0.001424,172.31.40.0-255,66,74329,74,138152
16243,0.001429,74.125.68.0-255,4320,78649,74,138152
16244,0.001431,172.31.40.0-255,66,78715,74,138152
16245,0.00146,74.125.68.0-255,5379,84094,74,138152
16246,0.001464,172.31.40.0-255,66,84160,74,138152
16247,0.001524,74.125.68.0-255,1484,85644,74,138152
16248,0.001537,74.125.68.0-255,1484,87128,74,138152
16249,0.001541,172.31.40.0-255,66,87194,74,138152
16250,0.001553,74.125.68.0-255,1484,88678,74,138152
16251,0.001573,74.125.68.0-255,5738,94416,74,138152
16252,0.001576,172.31.40.0-255,66,94482,74,138152
16253,0.001613,172.31.40.0-255,66,94548,74,138152
16254,0.001863,74.125.68.0-255,1484,96032,74,138152
16255,0.001868,74.125.68.0-255,1484,97516,74,138152
16256,0.001871,172.31.40.0-255,66,97582,74,138152
16257,0.001902,74.125.68.0-255,1484,99066,74,138152
16258,0.001908,74.125.68.0-255,5738,104804,74,138152
16259,0.001912,74.125.68.0-255,2902,107706,74,138152
16260,0.001917,74.125.68.0-255,4320,112026,74,138152
16261,0.001922,172.31.40.0-255,66,112092,74,138152
16262,0.001925,172.31.40.0-255,66,112158,74,138152
16263,0.001928,172.31.40.0-255,66,112224,74,138152
16264,0.001958,172.31.40.0-255,66,112290,74,138152
16265,0.001968,74.125.68.0-255,5738,118028,74,138152
16266,0.001971,172.31.40.0-255,66,118094,74,138152
16267,0.002007,74.125.68.0-255,2184,120278,74,138152
16268,0.00201,172.31.40.0-255,66,120344,74,138152
16269,0.004256,74.125.68.0-255,2902,123246,74,138152
16270,0.004263,172.31.40.0-255,66,123312,74,138152
16271,0.004299,74.125.68.0-255,2902,126214,74,138152
16272,0.004301,172.31.40.0-255,66,126280,74,138152
16273,0.006537,74.125.68.0-255,2902,129182,74,138152
16274,0.00654,172.31.40.0-255,66,129248,74,138152
16275,0.006593,74.125.68.0-255,2902,132150,74,138152
16276,0.006596,172.31.40.0-255,66,132216,74,138152
16277,0.008823,74.125.68.0-255,2902,135118,74,138152
16278,0.00883,172.31.40.0-255,66,135184,74,138152
16279,0.008868,74.125.68.0-255,2902,138086,74,138152
16280,0.008871,172.31.40.0-255,66,138152,74,138152
16281,0.0,172.217.26.0-255,146,146,74,77682
16282,2.2e-05,172.31.40.0-255,66,212,74,77682
16283,2.9e-05,172.217.26.0-255,1484,1696,74,77682
16284,3.5e-05,172.31.40.0-255,66,1762,74,77682
16285,4.8e-05,172.217.26.0-255,2902,4664,74,77682
16286,5.2e-05,172.31.40.0-255,66,4730,74,77682
16287,5.8e-05,172.217.26.0-255,4320,9050,74,77682
16288,6.1e-05,172.31.40.0-255,66,9116,74,77682
16289,7.5e-05,172.31.40.0-255,66,9182,74,77682
16290,8.6e-05,172.31.40.0-255,66,9248,74,77682
16291,0.000149,172.217.26.0-255,5379,14627,74,77682
16292,0.000152,172.31.40.0-255,66,14693,74,77682
16293,0.000237,172.217.26.0-255,1484,16177,74,77682
16294,0.00024,172.31.40.0-255,66,16243,74,77682
16295,0.000246,172.217.26.0-255,2902,19145,74,77682
16296,0.000248,172.31.40.0-255,66,19211,74,77682
16297,0.000253,172.217.26.0-255,2902,22113,74,77682
16298,0.000256,172.31.40.0-255,66,22179,74,77682
16299,0.000285,172.217.26.0-255,2902,25081,74,77682
16300,0.000288,172.31.40.0-255,66,25147,74,77682
16301,0.000294,172.217.26.0-255,5738,30885,74,77682
16302,0.000301,172.31.40.0-255,66,30951,74,77682
16303,0.000336,172.217.26.0-255,3961,34912,74,77682
16304,0.00034,172.31.40.0-255,66,34978,74,77682
16305,0.000356,172.31.40.0-255,66,35044,74,77682
16306,0.000359,172.217.26.0-255,1484,36528,74,77682
16307,0.000361,172.31.40.0-255,66,36594,74,77682
16308,0.000366,172.217.26.0-255,2543,39137,74,77682
16309,0.000368,172.31.40.0-255,66,39203,74,77682
16310,0.000371,172.217.26.0-255,396,39599,74,77682
16311,0.001665,172.217.26.0-255,349,39948,74,77682
16312,0.001859,172.217.26.0-255,1484,41432,74,77682
16313,0.001862,172.31.40.0-255,66,41498,74,77682
16314,0.001868,172.217.26.0-255,2902,44400,74,77682
16315,0.00187,172.31.40.0-255,66,44466,74,77682
16316,0.001875,172.217.26.0-255,2902,47368,74,77682
16317,0.001877,172.31.40.0-255,66,47434,74,77682
16318,0.001897,172.217.26.0-255,2902,50336,74,77682
16319,0.001899,172.31.40.0-255,66,50402,74,77682
16320,0.001916,172.31.40.0-255,66,50468,74,77682
16321,0.001935,172.217.26.0-255,1125,51593,74,77682
16322,0.001952,172.31.40.0-255,66,51659,74,77682
16323,0.001956,172.217.26.0-255,2902,54561,74,77682
16324,0.001959,172.31.40.0-255,66,54627,74,77682
16325,0.00198,172.217.26.0-255,1125,55752,74,77682
16326,0.003328,172.31.40.0-255,66,55818,74,77682
16327,0.003888,172.217.26.0-255,4320,60138,74,77682
16328,0.003896,172.31.40.0-255,66,60204,74,77682
16329,0.005258,172.217.26.0-255,1484,61688,74,77682
16330,0.005822,172.217.26.0-255,4320,66008,74,77682
16331,0.005826,172.31.40.0-255,66,66074,74,77682
16332,0.007765,172.217.26.0-255,5738,71812,74,77682
16333,0.007771,172.31.40.0-255,66,71878,74,77682
16334,0.009755,172.217.26.0-255,5738,77616,74,77682
16335,0.009762,172.31.40.0-255,66,77682,74,77682
16336,0.0,74.125.24.0-255,146,146,74,120563
16337,2.2e-05,172.31.40.0-255,66,212,74,120563
16338,2.9e-05,74.125.24.0-255,1484,1696,74,120563
16339,3.4e-05,172.31.40.0-255,66,1762,74,120563
16340,4e-05,74.125.24.0-255,2902,4664,74,120563
16341,4.2e-05,172.31.40.0-255,66,4730,74,120563
16342,5.3e-05,172.31.40.0-255,66,4796,74,120563
16343,7.8e-05,74.125.24.0-255,1484,6280,74,120563
16344,8.1e-05,172.31.40.0-255,66,6346,74,120563
16345,8.4e-05,74.125.24.0-255,700,7046,74,120563
16346,8.7e-05,172.31.40.0-255,66,7112,74,120563
16347,9.9e-05,74.125.24.0-255,1484,8596,74,120563
16348,0.000101,172.31.40.0-255,66,8662,74,120563
16349,0.000124,74.125.24.0-255,4320,12982,74,120563
16350,0.000127,172.31.40.0-255,66,13048,74,120563
16351,0.000131,74.125.24.0-255,2902,15950,74,120563
16352,0.000133,172.31.40.0-255,66,16016,74,120563
16353,0.000155,172.31.40.0-255,66,16082,74,120563
16354,0.000179,74.125.24.0-255,1125,17207,74,120563
16355,0.000181,172.31.40.0-255,66,17273,74,120563
16356,0.000398,74.125.24.0-255,1484,18757,74,120563
16357,0.000403,172.31.40.0-255,66,18823,74,120563
16358,0.000409,74.125.24.0-255,2902,21725,74,120563
16359,0.000412,172.31.40.0-255,66,21791,74,120563
16360,0.000419,74.125.24.0-255,5738,27529,74,120563
16361,0.000421,172.31.40.0-255,66,27595,74,120563
16362,0.000454,74.125.24.0-255,4320,31915,74,120563
16363,0.000457,172.31.40.0-255,66,31981,74,120563
16364,0.000475,74.125.24.0-255,2543,34524,74,120563
16365,0.000478,172.31.40.0-255,66,34590,74,120563
16366,0.000895,74.125.24.0-255,1484,36074,74,120563
16367,0.000902,74.125.24.0-255,2902,38976,74,120563
16368,0.000906,172.31.40.0-255,66,39042,74,120563
16369,0.000928,74.125.24.0-255,5738,44780,74,120563
16370,0.000931,172.31.40.0-255,66,44846,74,120563
16371,0.000965,172.31.40.0-255,66,44912,74,120563
16372,0.001039,74.125.24.0-255,1484,46396,74,120563
16373,0.001057,74.125.24.0-255,2902,49298,74,120563
16374,0.00106,172.31.40.0-255,66,49364,74,120563
16375,0.001064,74.125.24.0-255,1484,50848,74,120563
16376,0.001082,74.125.24.0-255,4320,55168,74,120563
16377,0.001085,172.31.40.0-255,66,55234,74,120563
16378,0.001102,74.125.24.0-255,1484,56718,74,120563
16379,0.001121,74.125.24.0-255,5958,62676,74,120563
16380,0.001123,172.31.40.0-255,66,62742,74,120563
16381,0.00116,74.125.24.0-255,1484,64226,74,120563
16382,0.001172,74.125.24.0-255,2902,67128,74,120563
16383,0.001175,172.31.40.0-255,66,67194,74,120563
16384,0.001178,74.125.24.0-255,1484,68678,74,120563
16385,0.001203,74.125.24.0-255,4320,72998,74,120563
16386,0.001205,172.31.40.0-255,66,73064,74,120563
16387,0.001228,74.125.24.0-255,5738,78802,74,120563
16388,0.001231,172.31.40.0-255,66,78868,74,120563
16389,0.001252,74.125.24.0-255,1125,79993,74,120563
16390,0.001521,172.31.40.0-255,66,80059,74,120563
16391,0.001884,74.125.24.0-255,1484,81543,74,120563
16392,0.001895,74.125.24.0-255,2902,84445,74,120563
16393,0.001899,172.31.40.0-255,66,84511,74,120563
16394,0.001922,74.125.24.0-255,5738,90249,74,120563
16395,0.001924,172.31.40.0-255,66,90315,74,120563
16396,0.00196,172.31.40.0-255,66,90381,74,120563
16397,0.001977,74.125.24.0-255,1484,91865,74,120563
16398,0.001982,74.125.24.0-255,2902,94767,74,120563
16399,0.001984,172.31.40.0-255,66,94833,74,120563
16400,0.00201,172.31.40.0-255,66,94899,74,120563
16401,0.00204,74.125.24.0-255,1484,96383,74,120563
16402,0.002062,74.125.24.0-255,2184,98567,74,120563
16403,0.002065,172.31.40.0-255,66,98633,74,120563
16404,0.002234,74.125.24.0-255,1484,100117,74,120563
16405,0.002254,74.125.24.0-255,2902,103019,74,120563
16406,0.002258,172.31.40.0-255,66,103085,74,120563
16407,0.002262,74.125.24.0-255,1484,104569,74,120563
16408,0.004473,74.125.24.0-255,4320,108889,74,120563
16409,0.004477,172.31.40.0-255,66,108955,74,120563
16410,0.006704,74.125.24.0-255,5738,114693,74,120563
16411,0.006708,172.31.40.0-255,66,114759,74,120563
16412,0.008948,74.125.24.0-255,5738,120497,74,120563
16413,0.008957,172.31.40.0-255,66,120563,74,120563
16414,0.0,74.125.130.0-255,152,152,74,111128
16415,1.5e-05,172.31.40.0-255,66,218,74,111128
16416,5.1e-05,74.125.130.0-255,1484,1702,74,111128
16417,5.5e-05,172.31.40.0-255,66,1768,74,111128
16418,6.1e-05,74.125.130.0-255,2902,4670,74,111128
16419,6.3e-05,172.31.40.0-255,66,4736,74,111128
16420,7.4e-05,74.125.130.0-255,5738,10474,74,111128
16421,7.7e-05,172.31.40.0-255,66,10540,74,111128
16422,8.2e-05,74.125.130.0-255,3403,13943,74,111128
16423,8.5e-05,172.31.40.0-255,66,14009,74,111128
16424,8.9e-05,74.125.130.0-255,2902,16911,74,111128
16425,9.2e-05,172.31.40.0-255,66,16977,74,111128
16426,0.000123,74.125.130.0-255,1484,18461,74,111128
16427,0.000125,172.31.40.0-255,66,18527,74,111128
16428,0.000138,172.31.40.0-255,66,18593,74,111128
16429,0.000146,74.125.130.0-255,2543,21136,74,111128
16430,0.000148,172.31.40.0-255,66,21202,74,111128
16431,0.000754,74.125.130.0-255,1484,22686,74,111128
16432,0.00076,172.31.40.0-255,66,22752,74,111128
16433,0.000767,74.125.130.0-255,2902,25654,74,111128
16434,0.000769,172.31.40.0-255,66,25720,74,111128
16435,0.000773,74.125.130.0-255,1484,27204,74,111128
16436,0.000778,172.31.40.0-255,66,27270,74,111128
16437,0.000808,74.125.130.0-255,2902,30172,74,111128
16438,0.000811,172.31.40.0-255,66,30238,74,111128
16439,0.000821,74.125.130.0-255,5738,35976,74,111128
16440,0.000822,172.31.40.0-255,66,36042,74,111128
16441,0.000873,172.31.40.0-255,66,36108,74,111128
16442,0.000883,172.31.40.0-255,66,36174,74,111128
16443,0.000886,74.125.130.0-255,2833,39007,74,111128
16444,0.000944,74.125.130.0-255,365,39372,74,111128
16445,0.001072,74.125.130.0-255,1484,40856,74,111128
16446,0.001092,74.125.130.0-255,2902,43758,74,111128
16447,0.001098,74.125.130.0-255,2902,46660,74,111128
16448,0.001113,74.125.130.0-255,2902,49562,74,111128
16449,0.001139,74.125.130.0-255,2902,52464,74,111128
16450,0.00119,74.125.130.0-255,2902,55366,74,111128
16451,0.001203,74.125.130.0-255,5738,61104,74,111128
16452,0.001217,74.125.130.0-255,3602,64706,74,111128
16453,0.001221,74.125.130.0-255,2902,67608,74,111128
16454,0.001243,74.125.130.0-255,5738,73346,74,111128
16455,0.001296,74.125.130.0-255,1484,74830,74,111128
16456,0.001328,74.125.130.0-255,3053,77883,74,111128
16457,0.001597,74.125.130.0-255,1484,79367,74,111128
16458,0.001635,74.125.130.0-255,2902,82269,74,111128
16459,0.001642,74.125.130.0-255,5738,88007,74,111128
16460,0.001646,74.125.130.0-255,1484,89491,74,111128
16461,0.001668,74.125.130.0-255,4320,93811,74,111128
16462,0.001681,74.125.130.0-255,1125,94936,74,111128
16463,0.001697,172.31.40.0-255,66,95002,74,111128
16464,0.002052,74.125.130.0-255,1484,96486,74,111128
16465,0.003723,74.125.130.0-255,2902,99388,74,111128
16466,0.003729,172.31.40.0-255,66,99454,74,111128
16467,0.003754,74.125.130.0-255,1484,100938,74,111128
16468,0.00576,74.125.130.0-255,4320,105258,74,111128
16469,0.005784,172.31.40.0-255,66,105324,74,111128
16470,0.007807,74.125.130.0-255,5738,111062,74,111128
16471,0.00973,172.31.40.0-255,66,111128,74,111128
16472,0.0,172.217.194.0-255,147,147,74,204221
16473,2.3e-05,172.31.40.0-255,66,213,74,204221
16474,2.9e-05,172.217.194.0-255,1484,1697,74,204221
16475,3.3e-05,172.31.40.0-255,66,1763,74,204221
16476,3.9e-05,172.217.194.0-255,2902,4665,74,204221
16477,4.2e-05,172.31.40.0-255,66,4731,74,204221
16478,4.9e-05,172.217.194.0-255,5738,10469,74,204221
16479,5.2e-05,172.31.40.0-255,66,10535,74,204221
16480,7.8e-05,172.217.194.0-255,1484,12019,74,204221
16481,8.1e-05,172.31.40.0-255,66,12085,74,204221
16482,8.5e-05,172.217.194.0-255,2092,14177,74,204221
16483,8.7e-05,172.31.40.0-255,66,14243,74,204221
16484,0.00012,172.217.194.0-255,1484,15727,74,204221
16485,0.000122,172.31.40.0-255,66,15793,74,204221
16486,0.00015,172.217.194.0-255,1484,17277,74,204221
16487,0.000152,172.31.40.0-255,66,17343,74,204221
16488,0.000178,172.217.194.0-255,1484,18827,74,204221
16489,0.000182,172.217.194.0-255,4320,23147,74,204221
16490,0.000186,172.217.194.0-255,2902,26049,74,204221
16491,0.000189,172.31.40.0-255,66,26115,74,204221
16492,0.000191,172.31.40.0-255,66,26181,74,204221
16493,0.000193,172.31.40.0-255,66,26247,74,204221
16494,0.000208,172.217.194.0-255,2902,29149,74,204221
16495,0.00021,172.31.40.0-255,66,29215,74,204221
16496,0.000244,172.31.40.0-255,66,29281,74,204221
16497,0.00029,172.31.40.0-255,66,29347,74,204221
16498,0.000295,172.217.194.0-255,4320,33667,74,204221
16499,0.000296,172.31.40.0-255,66,33733,74,204221
16500,0.000312,172.217.194.0-255,4320,38053,74,204221
16501,0.000315,172.31.40.0-255,66,38119,74,204221
16502,0.000324,172.31.40.0-255,66,38185,74,204221
16503,0.00082,172.217.194.0-255,647,38832,74,204221
16504,0.000928,172.31.40.0-255,66,38898,74,204221
16505,0.000983,172.217.194.0-255,1484,40382,74,204221
16506,0.001005,172.217.194.0-255,2902,43284,74,204221
16507,0.001008,172.31.40.0-255,66,43350,74,204221
16508,0.001012,172.217.194.0-255,1484,44834,74,204221
16509,0.001023,172.217.194.0-255,1484,46318,74,204221
16510,0.001025,172.31.40.0-255,66,46384,74,204221
16511,0.001043,172.217.194.0-255,2902,49286,74,204221
16512,0.001046,172.31.40.0-255,66,49352,74,204221
16513,0.00108,172.31.40.0-255,66,49418,74,204221
16514,0.001111,172.217.194.0-255,5738,55156,74,204221
16515,0.001114,172.31.40.0-255,66,55222,74,204221
16516,0.001127,172.217.194.0-255,1484,56706,74,204221
16517,0.001133,172.217.194.0-255,5738,62444,74,204221
16518,0.001135,172.31.40.0-255,66,62510,74,204221
16519,0.001171,172.217.194.0-255,3961,66471,74,204221
16520,0.001174,172.31.40.0-255,66,66537,74,204221
16521,0.001619,172.217.194.0-255,1484,68021,74,204221
16522,0.001628,172.217.194.0-255,2902,70923,74,204221
16523,0.001632,172.31.40.0-255,66,70989,74,204221
16524,0.001641,172.217.194.0-255,5738,76727,74,204221
16525,0.001643,172.31.40.0-255,66,76793,74,204221
16526,0.001646,172.217.194.0-255,1484,78277,74,204221
16527,0.001667,172.31.40.0-255,66,78343,74,204221
16528,0.001686,172.217.194.0-255,4320,82663,74,204221
16529,0.001689,172.31.40.0-255,66,82729,74,204221
16530,0.001692,172.217.194.0-255,1484,84213,74,204221
16531,0.001727,172.31.40.0-255,66,84279,74,204221
16532,0.00173,172.217.194.0-255,1484,85763,74,204221
16533,0.001764,172.31.40.0-255,66,85829,74,204221
16534,0.001768,172.217.194.0-255,1484,87313,74,204221
16535,0.001806,172.31.40.0-255,66,87379,74,204221
16536,0.001812,172.217.194.0-255,5738,93117,74,204221
16537,0.001814,172.31.40.0-255,66,93183,74,204221
16538,0.001842,172.31.40.0-255,66,93249,74,204221
16539,0.002013,172.217.194.0-255,1484,94733,74,204221
16540,0.002036,172.217.194.0-255,2902,97635,74,204221
16541,0.00204,172.31.40.0-255,66,97701,74,204221
16542,0.002044,172.217.194.0-255,1484,99185,74,204221
16543,0.002066,172.217.194.0-255,4320,103505,74,204221
16544,0.002068,172.31.40.0-255,66,103571,74,204221
16545,0.002073,172.217.194.0-255,2902,106473,74,204221
16546,0.002075,172.31.40.0-255,66,106539,74,204221
16547,0.002096,172.217.194.0-255,4320,110859,74,204221
16548,0.002098,172.31.40.0-255,66,110925,74,204221
16549,0.002101,172.217.194.0-255,1484,112409,74,204221
16550,0.002148,172.31.40.0-255,66,112475,74,204221
16551,0.002152,172.217.194.0-255,2184,114659,74,204221
16552,0.002154,172.31.40.0-255,66,114725,74,204221
16553,0.002759,172.217.194.0-255,1484,116209,74,204221
16554,0.002765,172.217.194.0-255,2902,119111,74,204221
16555,0.002768,172.31.40.0-255,66,119177,74,204221
16556,0.002774,172.217.194.0-255,5738,124915,74,204221
16557,0.002776,172.31.40.0-255,66,124981,74,204221
16558,0.002778,172.217.194.0-255,1484,126465,74,204221
16559,0.002804,172.31.40.0-255,66,126531,74,204221
16560,0.002829,172.217.194.0-255,1484,128015,74,204221
16561,0.002834,172.217.194.0-255,4320,132335,74,204221
16562,0.002836,172.31.40.0-255,66,132401,74,204221
16563,0.002863,172.217.194.0-255,4320,136721,74,204221
16564,0.002865,172.31.40.0-255,66,136787,74,204221
16565,0.002881,172.217.194.0-255,2184,138971,74,204221
16566,0.002883,172.31.40.0-255,66,139037,74,204221
16567,0.002941,172.217.194.0-255,1484,140521,74,204221
16568,0.002944,172.217.194.0-255,1484,142005,74,204221
16569,0.002947,172.31.40.0-255,66,142071,74,204221
16570,0.002966,172.217.194.0-255,1484,143555,74,204221
16571,0.002968,172.217.194.0-255,1484,145039,74,204221
16572,0.00297,172.31.40.0-255,66,145105,74,204221
16573,0.002974,172.217.194.0-255,2902,148007,74,204221
16574,0.002976,172.31.40.0-255,66,148073,74,204221
16575,0.002987,172.217.194.0-255,1484,149557,74,204221
16576,0.003029,172.217.194.0-255,4320,153877,74,204221
16577,0.003032,172.31.40.0-255,66,153943,74,204221
16578,0.003036,172.217.194.0-255,2902,156845,74,204221
16579,0.003038,172.31.40.0-255,66,156911,74,204221
16580,0.003047,172.31.40.0-255,66,156977,74,204221
16581,0.003074,172.217.194.0-255,2902,159879,74,204221
16582,0.003077,172.31.40.0-255,66,159945,74,204221
16583,0.003086,172.31.40.0-255,66,160011,74,204221
16584,0.003304,172.217.194.0-255,1484,161495,74,204221
16585,0.00331,172.217.194.0-255,2902,164397,74,204221
16586,0.003314,172.31.40.0-255,66,164463,74,204221
16587,0.003317,172.217.194.0-255,1484,165947,74,204221
16588,0.003344,172.217.194.0-255,1484,167431,74,204221
16589,0.003347,172.31.40.0-255,66,167497,74,204221
16590,0.003376,172.31.40.0-255,66,167563,74,204221
16591,0.003405,172.217.194.0-255,4320,171883,74,204221
16592,0.003409,172.31.40.0-255,66,171949,74,204221
16593,0.003437,172.217.194.0-255,5738,177687,74,204221
16594,0.00344,172.31.40.0-255,66,177753,74,204221
16595,0.003446,172.217.194.0-255,5738,183491,74,204221
16596,0.003448,172.31.40.0-255,66,183557,74,204221
16597,0.003451,172.217.194.0-255,1484,185041,74,204221
16598,0.003492,172.217.194.0-255,2184,187225,74,204221
16599,0.003497,172.31.40.0-255,66,187291,74,204221
16600,0.003564,172.217.194.0-255,1484,188775,74,204221
16601,0.003573,172.217.194.0-255,2902,191677,74,204221
16602,0.00358,172.31.40.0-255,66,191743,74,204221
16603,0.003594,172.217.194.0-255,5738,197481,74,204221
16604,0.0036,172.31.40.0-255,66,197547,74,204221
16605,0.003652,172.31.40.0-255,66,197613,74,204221
16606,0.003676,172.217.194.0-255,1484,199097,74,204221
16607,0.003694,172.31.40.0-255,66,199163,74,204221
16608,0.003734,172.31.40.0-255,66,199229,74,204221
16609,0.003767,172.31.40.0-255,66,199295,74,204221
16610,0.003793,172.217.194.0-255,2902,202197,74,204221
16611,0.003797,172.31.40.0-255,66,202263,74,204221
16612,0.003812,172.31.40.0-255,66,202329,74,204221
16613,0.003842,172.217.194.0-255,1484,203813,74,204221
16614,0.003869,172.31.40.0-255,66,203879,74,204221
16615,0.003901,172.31.40.0-255,66,203945,74,204221
16616,0.003905,172.217.194.0-255,105,204050,74,204221
16617,0.00806,172.31.40.0-255,66,204116,74,204221
16618,0.008127,172.31.40.0-255,105,204221,74,204221
16619,0.0,74.125.24.0-255,146,146,74,163910
16620,2.5e-05,172.31.40.0-255,66,212,74,163910
16621,3.2e-05,74.125.24.0-255,1484,1696,74,163910
16622,3.7e-05,172.31.40.0-255,66,1762,74,163910
16623,5.1e-05,74.125.24.0-255,2902,4664,74,163910
16624,5.4e-05,172.31.40.0-255,66,4730,74,163910
16625,6.5e-05,172.31.40.0-255,66,4796,74,163910
16626,7e-05,74.125.24.0-255,2067,6863,74,163910
16627,7.3e-05,172.31.40.0-255,66,6929,74,163910
16628,0.00012,74.125.24.0-255,2902,9831,74,163910
16629,0.000123,172.31.40.0-255,66,9897,74,163910
16630,0.000129,74.125.24.0-255,4320,14217,74,163910
16631,0.000132,172.31.40.0-255,66,14283,74,163910
16632,0.000142,172.31.40.0-255,66,14349,74,163910
16633,0.000145,74.125.24.0-255,1125,15474,74,163910
16634,0.000147,172.31.40.0-255,66,15540,74,163910
16635,0.000513,74.125.24.0-255,1484,17024,74,163910
16636,0.000516,172.31.40.0-255,66,17090,74,163910
16637,0.000522,74.125.24.0-255,2902,19992,74,163910
16638,0.000524,172.31.40.0-255,66,20058,74,163910
16639,0.00053,74.125.24.0-255,4320,24378,74,163910
16640,0.000538,172.31.40.0-255,66,24444,74,163910
16641,0.000567,74.125.24.0-255,1484,25928,74,163910
16642,0.00057,172.31.40.0-255,66,25994,74,163910
16643,0.000582,172.31.40.0-255,66,26060,74,163910
16644,0.000675,74.125.24.0-255,1484,27544,74,163910
16645,0.000678,172.31.40.0-255,66,27610,74,163910
16646,0.000684,74.125.24.0-255,2902,30512,74,163910
16647,0.000687,172.31.40.0-255,66,30578,74,163910
16648,0.000716,74.125.24.0-255,5738,36316,74,163910
16649,0.000719,172.31.40.0-255,66,36382,74,163910
16650,0.000755,74.125.24.0-255,4320,40702,74,163910
16651,0.000759,172.31.40.0-255,66,40768,74,163910
16652,0.000783,74.125.24.0-255,2904,43672,74,163910
16653,0.000786,172.31.40.0-255,66,43738,74,163910
16654,0.000933,74.125.24.0-255,347,44085,74,163910
16655,0.001147,74.125.24.0-255,1484,45569,74,163910
16656,0.001151,172.31.40.0-255,66,45635,74,163910
16657,0.001157,74.125.24.0-255,2902,48537,74,163910
16658,0.001159,172.31.40.0-255,66,48603,74,163910
16659,0.001192,74.125.24.0-255,5738,54341,74,163910
16660,0.001196,172.31.40.0-255,66,54407,74,163910
16661,0.001219,172.31.40.0-255,66,54473,74,163910
16662,0.001256,172.31.40.0-255,66,54539,74,163910
16663,0.001266,172.31.40.0-255,66,54605,74,163910
16664,0.001311,74.125.24.0-255,2543,57148,74,163910
16665,0.001314,172.31.40.0-255,66,57214,74,163910
16666,0.001927,74.125.24.0-255,1484,58698,74,163910
16667,0.001935,74.125.24.0-255,2902,61600,74,163910
16668,0.001939,172.31.40.0-255,66,61666,74,163910
16669,0.001947,74.125.24.0-255,5738,67404,74,163910
16670,0.00195,172.31.40.0-255,66,67470,74,163910
16671,0.001993,172.31.40.0-255,66,67536,74,163910
16672,0.002012,172.31.40.0-255,66,67602,74,163910
16673,0.002055,74.125.24.0-255,2184,69786,74,163910
16674,0.002058,172.31.40.0-255,66,69852,74,163910
16675,0.00213,74.125.24.0-255,1484,71336,74,163910
16676,0.002136,74.125.24.0-255,2902,74238,74,163910
16677,0.002138,172.31.40.0-255,66,74304,74,163910
16678,0.00217,74.125.24.0-255,5738,80042,74,163910
16679,0.002174,172.31.40.0-255,66,80108,74,163910
16680,0.002187,172.31.40.0-255,66,80174,74,163910
16681,0.002217,74.125.24.0-255,4320,84494,74,163910
16682,0.002219,172.31.40.0-255,66,84560,74,163910
16683,0.002222,74.125.24.0-255,1484,86044,74,163910
16684,0.002248,172.31.40.0-255,66,86110,74,163910
16685,0.002283,172.31.40.0-255,66,86176,74,163910
16686,0.002294,172.31.40.0-255,66,86242,74,163910
16687,0.002301,74.125.24.0-255,1484,87726,74,163910
16688,0.002385,172.31.40.0-255,66,87792,74,163910
16689,0.002418,172.31.40.0-255,66,87858,74,163910
16690,0.00246,74.125.24.0-255,1484,89342,74,163910
16691,0.002466,74.125.24.0-255,2902,92244,74,163910
16692,0.002468,172.31.40.0-255,66,92310,74,163910
16693,0.002491,74.125.24.0-255,5738,98048,74,163910
16694,0.002494,172.31.40.0-255,66,98114,74,163910
16695,0.002534,172.31.40.0-255,66,98180,74,163910
16696,0.002552,172.31.40.0-255,66,98246,74,163910
16697,0.002589,74.125.24.0-255,5738,103984,74,163910
16698,0.002592,172.31.40.0-255,66,104050,74,163910
16699,0.002598,74.125.24.0-255,4320,108370,74,163910
16700,0.002601,172.31.40.0-255,66,108436,74,163910
16701,0.002621,74.125.24.0-255,2902,111338,74,163910
16702,0.002624,172.31.40.0-255,66,111404,74,163910
16703,0.002645,172.31.40.0-255,66,111470,74,163910
16704,0.002675,74.125.24.0-255,2902,114372,74,163910
16705,0.002678,172.31.40.0-255,66,114438,74,163910
16706,0.002688,172.31.40.0-255,66,114504,74,163910
16707,0.002692,74.125.24.0-255,2902,117406,74,163910
16708,0.002695,172.31.40.0-255,66,117472,74,163910
16709,0.0027,74.125.24.0-255,4320,121792,74,163910
16710,0.002702,172.31.40.0-255,66,121858,74,163910
16711,0.002705,74.125.24.0-255,1484,123342,74,163910
16712,0.00274,172.31.40.0-255,66,123408,74,163910
16713,0.002751,172.31.40.0-255,66,123474,74,163910
16714,0.002812,172.31.40.0-255,66,123540,74,163910
16715,0.002816,74.125.24.0-255,1484,125024,74,163910
16716,0.002819,74.125.24.0-255,766,125790,74,163910
16717,0.002821,172.31.40.0-255,66,125856,74,163910
16718,0.002825,74.125.24.0-255,1484,127340,74,163910
16719,0.002831,74.125.24.0-255,4320,131660,74,163910
16720,0.002834,172.31.40.0-255,66,131726,74,163910
16721,0.002839,74.125.24.0-255,4320,136046,74,163910
16722,0.002842,172.31.40.0-255,66,136112,74,163910
16723,0.002881,74.125.24.0-255,1484,137596,74,163910
16724,0.002895,172.31.40.0-255,66,137662,74,163910
16725,0.002899,74.125.24.0-255,1484,139146,74,163910
16726,0.002902,74.125.24.0-255,1484,140630,74,163910
16727,0.002904,172.31.40.0-255,66,140696,74,163910
16728,0.002914,172.31.40.0-255,66,140762,74,163910
16729,0.002986,74.125.24.0-255,1484,142246,74,163910
16730,0.003005,74.125.24.0-255,2902,145148,74,163910
16731,0.003008,172.31.40.0-255,66,145214,74,163910
16732,0.003013,74.125.24.0-255,2902,148116,74,163910
16733,0.003015,172.31.40.0-255,66,148182,74,163910
16734,0.003033,172.31.40.0-255,66,148248,74,163910
16735,0.003056,74.125.24.0-255,1484,149732,74,163910
16736,0.003072,172.31.40.0-255,66,149798,74,163910
16737,0.003097,74.125.24.0-255,5020,154818,74,163910
16738,0.003099,172.31.40.0-255,66,154884,74,163910
16739,0.003106,74.125.24.0-255,5738,160622,74,163910
16740,0.003109,172.31.40.0-255,66,160688,74,163910
16741,0.003183,172.31.40.0-255,66,160754,74,163910
16742,0.003189,74.125.24.0-255,2985,163739,74,163910
16743,0.003191,172.31.40.0-255,66,163805,74,163910
16744,0.003194,74.125.24.0-255,105,163910,74,163910
16745,0.0,74.125.24.0-255,150,150,74,88227
16746,2e-05,172.31.40.0-255,66,216,74,88227
16747,2.8e-05,74.125.24.0-255,1484,1700,74,88227
16748,3.3e-05,172.31.40.0-255,66,1766,74,88227
16749,3.8e-05,74.125.24.0-255,2902,4668,74,88227
16750,4.2e-05,172.31.40.0-255,66,4734,74,88227
16751,6e-05,172.31.40.0-255,66,4800,74,88227
16752,6.4e-05,74.125.24.0-255,2092,6892,74,88227
16753,6.6e-05,172.31.40.0-255,66,6958,74,88227
16754,0.000121,74.125.24.0-255,1484,8442,74,88227
16755,0.000124,172.31.40.0-255,66,8508,74,88227
16756,0.000129,74.125.24.0-255,2902,11410,74,88227
16757,0.000132,172.31.40.0-255,66,11476,74,88227
16758,0.000138,74.125.24.0-255,4320,15796,74,88227
16759,0.000145,172.31.40.0-255,66,15862,74,88227
16760,0.000171,74.125.24.0-255,1484,17346,74,88227
16761,0.000173,172.31.40.0-255,66,17412,74,88227
16762,0.000179,74.125.24.0-255,4320,21732,74,88227
16763,0.000181,172.31.40.0-255,66,21798,74,88227
16764,0.000214,172.31.40.0-255,66,21864,74,88227
16765,0.00023,172.31.40.0-255,66,21930,74,88227
16766,0.000274,172.31.40.0-255,66,21996,74,88227
16767,0.000305,74.125.24.0-255,5685,27681,74,88227
16768,0.000308,172.31.40.0-255,66,27747,74,88227
16769,0.00115,74.125.24.0-255,116,27863,74,88227
16770,0.001157,172.31.40.0-255,66,27929,74,88227
16771,0.001301,74.125.24.0-255,1484,29413,74,88227
16772,0.001306,172.31.40.0-255,66,29479,74,88227
16773,0.001312,74.125.24.0-255,2902,32381,74,88227
16774,0.001315,172.31.40.0-255,66,32447,74,88227
16775,0.001327,74.125.24.0-255,5738,38185,74,88227
16776,0.00133,172.31.40.0-255,66,38251,74,88227
16777,0.001334,74.125.24.0-255,2902,41153,74,88227
16778,0.001337,172.31.40.0-255,66,41219,74,88227
16779,0.001364,172.31.40.0-255,66,41285,74,88227
16780,0.00138,172.31.40.0-255,66,41351,74,88227
16781,0.002063,74.125.24.0-255,1484,42835,74,88227
16782,0.002073,74.125.24.0-255,2902,45737,74,88227
16783,0.002078,172.31.40.0-255,66,45803,74,88227
16784,0.002086,74.125.24.0-255,5738,51541,74,88227
16785,0.002088,172.31.40.0-255,66,51607,74,88227
16786,0.002128,172.31.40.0-255,66,51673,74,88227
16787,0.002155,74.125.24.0-255,1484,53157,74,88227
16788,0.002158,74.125.24.0-255,766,53923,74,88227
16789,0.002217,74.125.24.0-255,1484,55407,74,88227
16790,0.002221,74.125.24.0-255,2902,58309,74,88227
16791,0.00224,74.125.24.0-255,5738,64047,74,88227
16792,0.00229,74.125.24.0-255,2902,66949,74,88227
16793,0.002365,74.125.24.0-255,766,67715,74,88227
16794,0.002368,74.125.24.0-255,1484,69199,74,88227
16795,0.002371,74.125.24.0-255,1484,70683,74,88227
16796,0.002393,74.125.24.0-255,1484,72167,74,88227
16797,0.002399,74.125.24.0-255,5738,77905,74,88227
16798,0.002519,74.125.24.0-255,1484,79389,74,88227
16799,0.002522,74.125.24.0-255,1484,80873,74,88227
16800,0.002536,74.125.24.0-255,1484,82357,74,88227
16801,0.002539,74.125.24.0-255,1484,83841,74,88227
16802,0.002556,74.125.24.0-255,2902,86743,74,88227
16803,0.002656,74.125.24.0-255,1484,88227,74,88227
16804,0.0,74.125.24.0-255,145,145,74,202480
16805,1.8e-05,172.31.40.0-255,66,211,74,202480
16806,2.5e-05,74.125.24.0-255,1484,1695,74,202480
16807,3e-05,172.31.40.0-255,66,1761,74,202480
16808,3.6e-05,74.125.24.0-255,2902,4663,74,202480
16809,4e-05,172.31.40.0-255,66,4729,74,202480
16810,5.8e-05,172.31.40.0-255,66,4795,74,202480
16811,8.1e-05,74.125.24.0-255,2034,6829,74,202480
16812,8.8e-05,172.31.40.0-255,66,6895,74,202480
16813,0.000207,74.125.24.0-255,1484,8379,74,202480
16814,0.000212,172.31.40.0-255,66,8445,74,202480
16815,0.000217,74.125.24.0-255,2902,11347,74,202480
16816,0.00022,172.31.40.0-255,66,11413,74,202480
16817,0.00024,74.125.24.0-255,2902,14315,74,202480
16818,0.000242,172.31.40.0-255,66,14381,74,202480
16819,0.000267,74.125.24.0-255,2902,17283,74,202480
16820,0.000269,172.31.40.0-255,66,17349,74,202480
16821,0.000304,172.31.40.0-255,66,17415,74,202480
16822,0.000374,74.125.24.0-255,1484,18899,74,202480
16823,0.000377,172.31.40.0-255,66,18965,74,202480
16824,0.000383,74.125.24.0-255,2902,21867,74,202480
16825,0.000385,172.31.40.0-255,66,21933,74,202480
16826,0.000392,74.125.24.0-255,5738,27671,74,202480
16827,0.000398,172.31.40.0-255,66,27737,74,202480
16828,0.000443,74.125.24.0-255,1484,29221,74,202480
16829,0.000445,172.31.40.0-255,66,29287,74,202480
16830,0.000468,74.125.24.0-255,5379,34666,74,202480
16831,0.00047,172.31.40.0-255,66,34732,74,202480
16832,0.000514,74.125.24.0-255,1484,36216,74,202480
16833,0.000517,172.31.40.0-255,66,36282,74,202480
16834,0.000542,74.125.24.0-255,5738,42020,74,202480
16835,0.000545,172.31.40.0-255,66,42086,74,202480
16836,0.000549,74.125.24.0-255,2902,44988,74,202480
16837,0.000551,172.31.40.0-255,66,45054,74,202480
16838,0.000574,74.125.24.0-255,5738,50792,74,202480
16839,0.000577,172.31.40.0-255,66,50858,74,202480
16840,0.000579,74.125.24.0-255,1125,51983,74,202480
16841,0.000632,74.125.24.0-255,397,52380,74,202480
16842,0.000683,74.125.24.0-255,1484,53864,74,202480
16843,0.000687,74.125.24.0-255,2902,56766,74,202480
16844,0.000693,74.125.24.0-255,5738,62504,74,202480
16845,0.000697,74.125.24.0-255,2902,65406,74,202480
16846,0.000701,172.31.40.0-255,66,65472,74,202480
16847,0.000706,172.31.40.0-255,66,65538,74,202480
16848,0.000713,172.31.40.0-255,66,65604,74,202480
16849,0.000716,172.31.40.0-255,66,65670,74,202480
16850,0.000726,74.125.24.0-255,4219,69889,74,202480
16851,0.00073,172.31.40.0-255,66,69955,74,202480
16852,0.000778,172.31.40.0-255,66,70021,74,202480
16853,0.000782,74.125.24.0-255,2543,72564,74,202480
16854,0.000784,172.31.40.0-255,66,72630,74,202480
16855,0.001279,74.125.24.0-255,1484,74114,74,202480
16856,0.001286,74.125.24.0-255,2902,77016,74,202480
16857,0.00129,172.31.40.0-255,66,77082,74,202480
16858,0.001295,74.125.24.0-255,2902,79984,74,202480
16859,0.001297,172.31.40.0-255,66,80050,74,202480
16860,0.001319,74.125.24.0-255,2902,82952,74,202480
16861,0.001326,172.31.40.0-255,66,83018,74,202480
16862,0.001364,172.31.40.0-255,66,83084,74,202480
16863,0.001397,74.125.24.0-255,1484,84568,74,202480
16864,0.001411,172.31.40.0-255,66,84634,74,202480
16865,0.001417,74.125.24.0-255,4320,88954,74,202480
16866,0.001419,172.31.40.0-255,66,89020,74,202480
16867,0.001441,74.125.24.0-255,766,89786,74,202480
16868,0.001483,74.125.24.0-255,1484,91270,74,202480
16869,0.001487,172.31.40.0-255,66,91336,74,202480
16870,0.001492,74.125.24.0-255,2902,94238,74,202480
16871,0.001494,172.31.40.0-255,66,94304,74,202480
16872,0.001522,74.125.24.0-255,1484,95788,74,202480
16873,0.001532,172.31.40.0-255,66,95854,74,202480
16874,0.001547,172.31.40.0-255,66,95920,74,202480
16875,0.001553,74.125.24.0-255,5020,100940,74,202480
16876,0.001555,172.31.40.0-255,66,101006,74,202480
16877,0.00163,172.31.40.0-255,66,101072,74,202480
16878,0.001644,172.31.40.0-255,66,101138,74,202480
16879,0.001655,172.31.40.0-255,66,101204,74,202480
16880,0.001714,74.125.24.0-255,1484,102688,74,202480
16881,0.001718,74.125.24.0-255,1484,104172,74,202480
16882,0.001721,172.31.40.0-255,66,104238,74,202480
16883,0.001743,74.125.24.0-255,1484,105722,74,202480
16884,0.001748,74.125.24.0-255,2902,108624,74,202480
16885,0.00175,172.31.40.0-255,66,108690,74,202480
16886,0.001774,74.125.24.0-255,2902,111592,74,202480
16887,0.001777,172.31.40.0-255,66,111658,74,202480
16888,0.001789,172.31.40.0-255,66,111724,74,202480
16889,0.001793,74.125.24.0-255,2902,114626,74,202480
16890,0.001796,172.31.40.0-255,66,114692,74,202480
16891,0.001829,172.31.40.0-255,66,114758,74,202480
16892,0.001832,74.125.24.0-255,1484,116242,74,202480
16893,0.001855,74.125.24.0-255,3602,119844,74,202480
16894,0.001858,172.31.40.0-255,66,119910,74,202480
16895,0.001968,74.125.24.0-255,1484,121394,74,202480
16896,0.001992,74.125.24.0-255,2902,124296,74,202480
16897,0.001996,172.31.40.0-255,66,124362,74,202480
16898,0.002034,74.125.24.0-255,5738,130100,74,202480
16899,0.002037,172.31.40.0-255,66,130166,74,202480
16900,0.00204,74.125.24.0-255,1484,131650,74,202480
16901,0.002088,172.31.40.0-255,66,131716,74,202480
16902,0.002106,172.31.40.0-255,66,131782,74,202480
16903,0.002214,74.125.24.0-255,1484,133266,74,202480
16904,0.00222,74.125.24.0-255,2902,136168,74,202480
16905,0.002223,172.31.40.0-255,66,136234,74,202480
16906,0.002229,74.125.24.0-255,4320,140554,74,202480
16907,0.002232,172.31.40.0-255,66,140620,74,202480
16908,0.002235,74.125.24.0-255,1484,142104,74,202480
16909,0.002262,74.125.24.0-255,1484,143588,74,202480
16910,0.002265,172.31.40.0-255,66,143654,74,202480
16911,0.002302,172.31.40.0-255,66,143720,74,202480
16912,0.002305,74.125.24.0-255,1484,145204,74,202480
16913,0.002328,74.125.24.0-255,2902,148106,74,202480
16914,0.002331,172.31.40.0-255,66,148172,74,202480
16915,0.002351,74.125.24.0-255,4320,152492,74,202480
16916,0.002354,172.31.40.0-255,66,152558,74,202480
16917,0.002357,74.125.24.0-255,1484,154042,74,202480
16918,0.002363,74.125.24.0-255,5020,159062,74,202480
16919,0.002366,172.31.40.0-255,66,159128,74,202480
16920,0.00237,74.125.24.0-255,2902,162030,74,202480
16921,0.002373,172.31.40.0-255,66,162096,74,202480
16922,0.002398,74.125.24.0-255,2902,164998,74,202480
16923,0.002401,172.31.40.0-255,66,165064,74,202480
16924,0.002411,172.31.40.0-255,66,165130,74,202480
16925,0.002413,74.125.24.0-255,1484,166614,74,202480
16926,0.002455,172.31.40.0-255,66,166680,74,202480
16927,0.002458,74.125.24.0-255,1484,168164,74,202480
16928,0.002461,74.125.24.0-255,1484,169648,74,202480
16929,0.002464,172.31.40.0-255,66,169714,74,202480
16930,0.002466,74.125.24.0-255,1484,171198,74,202480
16931,0.002496,172.31.40.0-255,66,171264,74,202480
16932,0.002509,74.125.24.0-255,766,172030,74,202480
16933,0.002518,74.125.24.0-255,4320,176350,74,202480
16934,0.00252,172.31.40.0-255,66,176416,74,202480
16935,0.002558,172.31.40.0-255,66,176482,74,202480
16936,0.002594,74.125.24.0-255,5020,181502,74,202480
16937,0.002603,172.31.40.0-255,66,181568,74,202480
16938,0.002844,74.125.24.0-255,1484,183052,74,202480
16939,0.002857,74.125.24.0-255,2902,185954,74,202480
16940,0.00286,172.31.40.0-255,66,186020,74,202480
16941,0.002866,74.125.24.0-255,4320,190340,74,202480
16942,0.002867,172.31.40.0-255,66,190406,74,202480
16943,0.002883,74.125.24.0-255,1484,191890,74,202480
16944,0.002886,74.125.24.0-255,1484,193374,74,202480
16945,0.002888,172.31.40.0-255,66,193440,74,202480
16946,0.002912,74.125.24.0-255,5738,199178,74,202480
16947,0.002915,172.31.40.0-255,66,199244,74,202480
16948,0.002925,172.31.40.0-255,66,199310,74,202480
16949,0.002953,74.125.24.0-255,2902,202212,74,202480
16950,0.002967,74.125.24.0-255,97,202309,74,202480
16951,0.002985,74.125.24.0-255,105,202414,74,202480
16952,0.00299,172.31.40.0-255,66,202480,74,202480
16953,0.0,74.125.24.0-255,143,143,74,167047
16954,2.2e-05,172.31.40.0-255,66,209,74,167047
16955,2.9e-05,74.125.24.0-255,1484,1693,74,167047
16956,3.2e-05,172.31.40.0-255,66,1759,74,167047
16957,3.9e-05,74.125.24.0-255,2902,4661,74,167047
16958,5e-05,172.31.40.0-255,66,4727,74,167047
16959,6.1e-05,172.31.40.0-255,66,4793,74,167047
16960,6.5e-05,74.125.24.0-255,1993,6786,74,167047
16961,6.8e-05,172.31.40.0-255,66,6852,74,167047
16962,9.1e-05,74.125.24.0-255,1484,8336,74,167047
16963,9.5e-05,172.31.40.0-255,66,8402,74,167047
16964,0.000104,74.125.24.0-255,2902,11304,74,167047
16965,0.000107,172.31.40.0-255,66,11370,74,167047
16966,0.000114,74.125.24.0-255,5738,17108,74,167047
16967,0.000116,172.31.40.0-255,66,17174,74,167047
16968,0.000156,172.31.40.0-255,66,17240,74,167047
16969,0.000206,74.125.24.0-255,1484,18724,74,167047
16970,0.000209,172.31.40.0-255,66,18790,74,167047
16971,0.000238,74.125.24.0-255,2902,21692,74,167047
16972,0.000241,172.31.40.0-255,66,21758,74,167047
16973,0.000247,74.125.24.0-255,5738,27496,74,167047
16974,0.00025,172.31.40.0-255,66,27562,74,167047
16975,0.000256,74.125.24.0-255,5738,33300,74,167047
16976,0.000258,172.31.40.0-255,66,33366,74,167047
16977,0.000271,74.125.24.0-255,2902,36268,74,167047
16978,0.000273,172.31.40.0-255,66,36334,74,167047
16979,0.000308,172.31.40.0-255,66,36400,74,167047
16980,0.000311,74.125.24.0-255,1484,37884,74,167047
16981,0.000314,172.31.40.0-255,66,37950,74,167047
16982,0.00034,74.125.24.0-255,2543,40493,74,167047
16983,0.000342,172.31.40.0-255,66,40559,74,167047
16984,0.000345,74.125.24.0-255,401,40960,74,167047
16985,0.000605,74.125.24.0-255,342,41302,74,167047
16986,0.000728,74.125.24.0-255,1484,42786,74,167047
16987,0.000735,172.31.40.0-255,66,42852,74,167047
16988,0.000746,74.125.24.0-255,2902,45754,74,167047
16989,0.000748,172.31.40.0-255,66,45820,74,167047
16990,0.000759,74.125.24.0-255,5738,51558,74,167047
16991,0.000762,172.31.40.0-255,66,51624,74,167047
16992,0.000808,172.31.40.0-255,66,51690,74,167047
16993,0.00082,172.31.40.0-255,66,51756,74,167047
16994,0.000863,74.125.24.0-255,1125,52881,74,167047
16995,0.001264,74.125.24.0-255,1484,54365,74,167047
16996,0.001269,172.31.40.0-255,66,54431,74,167047
16997,0.001275,74.125.24.0-255,2902,57333,74,167047
16998,0.001277,172.31.40.0-255,66,57399,74,167047
16999,0.001281,74.125.24.0-255,2902,60301,74,167047
17000,0.001288,172.31.40.0-255,66,60367,74,167047
17001,0.00132,74.125.24.0-255,2902,63269,74,167047
17002,0.001322,172.31.40.0-255,66,63335,74,167047
17003,0.001329,74.125.24.0-255,4320,67655,74,167047
17004,0.001331,172.31.40.0-255,66,67721,74,167047
17005,0.001343,172.31.40.0-255,66,67787,74,167047
17006,0.001387,172.31.40.0-255,66,67853,74,167047
17007,0.001659,74.125.24.0-255,1484,69337,74,167047
17008,0.001665,74.125.24.0-255,2902,72239,74,167047
17009,0.001668,172.31.40.0-255,66,72305,74,167047
17010,0.001673,74.125.24.0-255,2902,75207,74,167047
17011,0.001675,172.31.40.0-255,66,75273,74,167047
17012,0.001707,74.125.24.0-255,2902,78175,74,167047
17013,0.00171,172.31.40.0-255,66,78241,74,167047
17014,0.00172,172.31.40.0-255,66,78307,74,167047
17015,0.001763,74.125.24.0-255,4320,82627,74,167047
17016,0.001766,172.31.40.0-255,66,82693,74,167047
17017,0.001778,172.31.40.0-255,66,82759,74,167047
17018,0.001782,74.125.24.0-255,2184,84943,74,167047
17019,0.001784,172.31.40.0-255,66,85009,74,167047
17020,0.001815,74.125.24.0-255,2902,87911,74,167047
17021,0.001817,172.31.40.0-255,66,87977,74,167047
17022,0.001846,74.125.24.0-255,5738,93715,74,167047
17023,0.001849,172.31.40.0-255,66,93781,74,167047
17024,0.001871,74.125.24.0-255,1484,95265,74,167047
17025,0.001884,172.31.40.0-255,66,95331,74,167047
17026,0.001896,172.31.40.0-255,66,95397,74,167047
17027,0.001924,74.125.24.0-255,2184,97581,74,167047
17028,0.001926,172.31.40.0-255,66,97647,74,167047
17029,0.001991,74.125.24.0-255,1484,99131,74,167047
17030,0.002006,74.125.24.0-255,2902,102033,74,167047
17031,0.00201,172.31.40.0-255,66,102099,74,167047
17032,0.00203,74.125.24.0-255,5738,107837,74,167047
17033,0.002033,172.31.40.0-255,66,107903,74,167047
17034,0.002039,74.125.24.0-255,4320,112223,74,167047
17035,0.002041,172.31.40.0-255,66,112289,74,167047
17036,0.002079,74.125.24.0-255,2902,115191,74,167047
17037,0.002082,172.31.40.0-255,66,115257,74,167047
17038,0.002097,172.31.40.0-255,66,115323,74,167047
17039,0.002102,74.125.24.0-255,2184,117507,74,167047
17040,0.002104,172.31.40.0-255,66,117573,74,167047
17041,0.002349,74.125.24.0-255,1484,119057,74,167047
17042,0.002356,74.125.24.0-255,2902,121959,74,167047
17043,0.00236,172.31.40.0-255,66,122025,74,167047
17044,0.002365,74.125.24.0-255,2902,124927,74,167047
17045,0.002367,172.31.40.0-255,66,124993,74,167047
17046,0.002415,74.125.24.0-255,2902,127895,74,167047
17047,0.002418,172.31.40.0-255,66,127961,74,167047
17048,0.002432,172.31.40.0-255,66,128027,74,167047
17049,0.002447,172.31.40.0-255,66,128093,74,167047
17050,0.002451,74.125.24.0-255,2184,130277,74,167047
17051,0.002453,172.31.40.0-255,66,130343,74,167047
17052,0.002485,74.125.24.0-255,1484,131827,74,167047
17053,0.00249,74.125.24.0-255,2902,134729,74,167047
17054,0.002492,172.31.40.0-255,66,134795,74,167047
17055,0.002514,74.125.24.0-255,5738,140533,74,167047
17056,0.002517,172.31.40.0-255,66,140599,74,167047
17057,0.002549,74.125.24.0-255,1484,142083,74,167047
17058,0.002582,172.31.40.0-255,66,142149,74,167047
17059,0.002586,74.125.24.0-255,2902,145051,74,167047
17060,0.002588,172.31.40.0-255,66,145117,74,167047
17061,0.002638,172.31.40.0-255,66,145183,74,167047
17062,0.002644,74.125.24.0-255,5738,150921,74,167047
17063,0.002647,172.31.40.0-255,66,150987,74,167047
17064,0.002675,74.125.24.0-255,5738,156725,74,167047
17065,0.002678,172.31.40.0-255,66,156791,74,167047
17066,0.00527,74.125.24.0-255,4320,161111,74,167047
17067,0.005277,172.31.40.0-255,66,161177,74,167047
17068,0.005304,74.125.24.0-255,1484,162661,74,167047
17069,0.007857,74.125.24.0-255,4320,166981,74,167047
17070,0.007861,172.31.40.0-255,66,167047,74,167047
17071,0.0,74.125.200.0-255,301,301,74,101026
17072,1.8e-05,172.31.40.0-255,66,367,74,101026
17073,2.4e-05,74.125.200.0-255,1484,1851,74,101026
17074,2.9e-05,172.31.40.0-255,66,1917,74,101026
17075,3.4e-05,74.125.200.0-255,2902,4819,74,101026
17076,3.7e-05,172.31.40.0-255,66,4885,74,101026
17077,4.3e-05,74.125.200.0-255,5738,10623,74,101026
17078,4.7e-05,172.31.40.0-255,66,10689,74,101026
17079,5e-05,74.125.200.0-255,1484,12173,74,101026
17080,5.3e-05,172.31.40.0-255,66,12239,74,101026
17081,7.7e-05,74.125.200.0-255,1956,14195,74,101026
17082,7.9e-05,172.31.40.0-255,66,14261,74,101026
17083,0.000344,74.125.200.0-255,1484,15745,74,101026
17084,0.00035,172.31.40.0-255,66,15811,74,101026
17085,0.000354,74.125.200.0-255,1484,17295,74,101026
17086,0.000356,172.31.40.0-255,66,17361,74,101026
17087,0.000384,74.125.200.0-255,2902,20263,74,101026
17088,0.000387,172.31.40.0-255,66,20329,74,101026
17089,0.000403,74.125.200.0-255,5738,26067,74,101026
17090,0.000406,172.31.40.0-255,66,26133,74,101026
17091,0.00041,74.125.200.0-255,2902,29035,74,101026
17092,0.000413,172.31.40.0-255,66,29101,74,101026
17093,0.000457,74.125.200.0-255,2543,31644,74,101026
17094,0.00046,172.31.40.0-255,66,31710,74,101026
17095,0.000478,74.125.200.0-255,1484,33194,74,101026
17096,0.000481,172.31.40.0-255,66,33260,74,101026
17097,0.0005,74.125.200.0-255,1484,34744,74,101026
17098,0.000502,172.31.40.0-255,66,34810,74,101026
17099,0.00051,74.125.200.0-255,5738,40548,74,101026
17100,0.000512,172.31.40.0-255,66,40614,74,101026
17101,0.000524,74.125.200.0-255,1484,42098,74,101026
17102,0.000526,172.31.40.0-255,66,42164,74,101026
17103,0.000531,74.125.200.0-255,2902,45066,74,101026
17104,0.000533,172.31.40.0-255,66,45132,74,101026
17105,0.000565,74.125.200.0-255,3961,49093,74,101026
17106,0.000568,172.31.40.0-255,66,49159,74,101026
17107,0.001499,74.125.200.0-255,1484,50643,74,101026
17108,0.00151,74.125.200.0-255,2902,53545,74,101026
17109,0.001515,172.31.40.0-255,66,53611,74,101026
17110,0.001521,74.125.200.0-255,2902,56513,74,101026
17111,0.001524,172.31.40.0-255,66,56579,74,101026
17112,0.00156,74.125.200.0-255,1484,58063,74,101026
17113,0.001577,74.125.200.0-255,2902,60965,74,101026
17114,0.00158,172.31.40.0-255,66,61031,74,101026
17115,0.001585,74.125.200.0-255,2902,63933,74,101026
17116,0.001587,172.31.40.0-255,66,63999,74,101026
17117,0.001623,74.125.200.0-255,2543,66542,74,101026
17118,0.001626,172.31.40.0-255,66,66608,74,101026
17119,0.001677,74.125.200.0-255,2902,69510,74,101026
17120,0.001681,172.31.40.0-255,66,69576,74,101026
17121,0.001686,74.125.200.0-255,2902,72478,74,101026
17122,0.001688,172.31.40.0-255,66,72544,74,101026
17123,0.001699,74.125.200.0-255,1484,74028,74,101026
17124,0.001734,74.125.200.0-255,4320,78348,74,101026
17125,0.001737,172.31.40.0-255,66,78414,74,101026
17126,0.001742,74.125.200.0-255,2902,81316,74,101026
17127,0.001744,172.31.40.0-255,66,81382,74,101026
17128,0.001764,74.125.200.0-255,2543,83925,74,101026
17129,0.001766,172.31.40.0-255,66,83991,74,101026
17130,0.001769,74.125.200.0-255,645,84636,74,101026
17131,0.004085,74.125.200.0-255,1484,86120,74,101026
17132,0.004092,172.31.40.0-255,66,86186,74,101026
17133,0.004115,74.125.200.0-255,2902,89088,74,101026
17134,0.004118,172.31.40.0-255,66,89154,74,101026
17135,0.006439,74.125.200.0-255,2902,92056,74,101026
17136,0.006446,172.31.40.0-255,66,92122,74,101026
17137,0.006464,74.125.200.0-255,2902,95024,74,101026
17138,0.006467,172.31.40.0-255,66,95090,74,101026
17139,0.008784,74.125.200.0-255,2902,97992,74,101026
17140,0.00879,172.31.40.0-255,66,98058,74,101026
17141,0.008812,74.125.200.0-255,2902,100960,74,101026
17142,0.008815,172.31.40.0-255,66,101026,74,101026
17143,0.0,74.125.130.0-255,152,152,74,150772
17144,1.6e-05,172.31.40.0-255,66,218,74,150772
17145,2.3e-05,74.125.130.0-255,1484,1702,74,150772
17146,2.8e-05,172.31.40.0-255,66,1768,74,150772
17147,3.5e-05,74.125.130.0-255,2902,4670,74,150772
17148,3.8e-05,172.31.40.0-255,66,4736,74,150772
17149,4.3e-05,74.125.130.0-255,2902,7638,74,150772
17150,4.6e-05,172.31.40.0-255,66,7704,74,150772
17151,6.7e-05,74.125.130.0-255,2902,10606,74,150772
17152,7e-05,172.31.40.0-255,66,10672,74,150772
17153,7.6e-05,74.125.130.0-255,4938,15610,74,150772
17154,7.9e-05,172.31.40.0-255,66,15676,74,150772
17155,8.1e-05,74.125.130.0-255,1484,17160,74,150772
17156,8.3e-05,172.31.40.0-255,66,17226,74,150772
17157,0.000115,74.125.130.0-255,4320,21546,74,150772
17158,0.000118,172.31.40.0-255,66,21612,74,150772
17159,0.000122,74.125.130.0-255,2902,24514,74,150772
17160,0.000124,172.31.40.0-255,66,24580,74,150772
17161,0.000146,172.31.40.0-255,66,24646,74,150772
17162,0.00026,74.125.130.0-255,1484,26130,74,150772
17163,0.000265,172.31.40.0-255,66,26196,74,150772
17164,0.000269,74.125.130.0-255,1484,27680,74,150772
17165,0.000271,172.31.40.0-255,66,27746,74,150772
17166,0.000285,74.125.130.0-255,1484,29230,74,150772
17167,0.000286,172.31.40.0-255,66,29296,74,150772
17168,0.000293,74.125.130.0-255,4320,33616,74,150772
17169,0.000295,172.31.40.0-255,66,33682,74,150772
17170,0.000312,74.125.130.0-255,1484,35166,74,150772
17171,0.000314,172.31.40.0-255,66,35232,74,150772
17172,0.000317,74.125.130.0-255,1484,36716,74,150772
17173,0.00032,172.31.40.0-255,66,36782,74,150772
17174,0.000352,172.31.40.0-255,66,36848,74,150772
17175,0.000362,172.31.40.0-255,66,36914,74,150772
17176,0.000366,74.125.130.0-255,2902,39816,74,150772
17177,0.000368,172.31.40.0-255,66,39882,74,150772
17178,0.000395,74.125.130.0-255,4250,44132,74,150772
17179,0.000397,172.31.40.0-255,66,44198,74,150772
17180,0.0004,74.125.130.0-255,367,44565,74,150772
17181,0.000511,74.125.130.0-255,1484,46049,74,150772
17182,0.000515,172.31.40.0-255,66,46115,74,150772
17183,0.000536,74.125.130.0-255,2902,49017,74,150772
17184,0.00054,172.31.40.0-255,66,49083,74,150772
17185,0.000544,74.125.130.0-255,2902,51985,74,150772
17186,0.000546,172.31.40.0-255,66,52051,74,150772
17187,0.000564,74.125.130.0-255,2902,54953,74,150772
17188,0.000566,172.31.40.0-255,66,55019,74,150772
17189,0.000579,74.125.130.0-255,1484,56503,74,150772
17190,0.000612,172.31.40.0-255,66,56569,74,150772
17191,0.000624,172.31.40.0-255,66,56635,74,150772
17192,0.000629,74.125.130.0-255,3961,60596,74,150772
17193,0.000632,172.31.40.0-255,66,60662,74,150772
17194,0.001062,74.125.130.0-255,1484,62146,74,150772
17195,0.001072,74.125.130.0-255,2902,65048,74,150772
17196,0.001076,172.31.40.0-255,66,65114,74,150772
17197,0.001084,74.125.130.0-255,5738,70852,74,150772
17198,0.001087,172.31.40.0-255,66,70918,74,150772
17199,0.00111,74.125.130.0-255,5738,76656,74,150772
17200,0.001113,172.31.40.0-255,66,76722,74,150772
17201,0.001128,74.125.130.0-255,1484,78206,74,150772
17202,0.001132,74.125.130.0-255,1484,79690,74,150772
17203,0.001134,172.31.40.0-255,66,79756,74,150772
17204,0.001175,172.31.40.0-255,66,79822,74,150772
17205,0.001179,74.125.130.0-255,2184,82006,74,150772
17206,0.001181,172.31.40.0-255,66,82072,74,150772
17207,0.00133,74.125.130.0-255,1484,83556,74,150772
17208,0.001334,74.125.130.0-255,1484,85040,74,150772
17209,0.001339,172.31.40.0-255,66,85106,74,150772
17210,0.001362,74.125.130.0-255,1484,86590,74,150772
17211,0.001368,74.125.130.0-255,5738,92328,74,150772
17212,0.001371,172.31.40.0-255,66,92394,74,150772
17213,0.00139,74.125.130.0-255,2902,95296,74,150772
17214,0.001392,172.31.40.0-255,66,95362,74,150772
17215,0.001414,172.31.40.0-255,66,95428,74,150772
17216,0.001421,74.125.130.0-255,5738,101166,74,150772
17217,0.001423,172.31.40.0-255,66,101232,74,150772
17218,0.001452,172.31.40.0-255,66,101298,74,150772
17219,0.001892,74.125.130.0-255,1484,102782,74,150772
17220,0.001899,74.125.130.0-255,2902,105684,74,150772
17221,0.001903,172.31.40.0-255,66,105750,74,150772
17222,0.001926,74.125.130.0-255,5738,111488,74,150772
17223,0.001929,172.31.40.0-255,66,111554,74,150772
17224,0.001948,172.31.40.0-255,66,111620,74,150772
17225,0.001983,172.31.40.0-255,66,111686,74,150772
17226,0.001986,74.125.130.0-255,1484,113170,74,150772
17227,0.00201,172.31.40.0-255,66,113236,74,150772
17228,0.002071,74.125.130.0-255,1484,114720,74,150772
17229,0.002101,74.125.130.0-255,1484,116204,74,150772
17230,0.002103,172.31.40.0-255,66,116270,74,150772
17231,0.002117,74.125.130.0-255,2902,119172,74,150772
17232,0.00212,172.31.40.0-255,66,119238,74,150772
17233,0.00215,74.125.130.0-255,5738,124976,74,150772
17234,0.002153,172.31.40.0-255,66,125042,74,150772
17235,0.002159,74.125.130.0-255,5738,130780,74,150772
17236,0.002161,172.31.40.0-255,66,130846,74,150772
17237,0.002185,74.125.130.0-255,1484,132330,74,150772
17238,0.002189,74.125.130.0-255,2902,135232,74,150772
17239,0.002191,172.31.40.0-255,66,135298,74,150772
17240,0.00222,172.31.40.0-255,66,135364,74,150772
17241,0.002223,74.125.130.0-255,766,136130,74,150772
17242,0.004758,74.125.130.0-255,4320,140450,74,150772
17243,0.004766,172.31.40.0-255,66,140516,74,150772
17244,0.007334,74.125.130.0-255,4320,144836,74,150772
17245,0.007341,172.31.40.0-255,66,144902,74,150772
17246,0.00736,74.125.130.0-255,1484,146386,74,150772
17247,0.009892,74.125.130.0-255,4320,150706,74,150772
17248,0.009901,172.31.40.0-255,66,150772,74,150772
17249,0.0,172.31.40.0-255,105,105,74,459
17250,0.000253,172.31.40.0-255,90,195,74,459
17251,0.000264,172.31.40.0-255,66,261,74,459
17252,0.002298,74.125.68.0-255,66,327,74,459
17253,0.002314,74.125.68.0-255,66,393,74,459
17254,0.002321,172.31.40.0-255,66,459,74,459
17255,0.0,74.125.130.0-255,153,153,74,146209
17256,2.3e-05,172.31.40.0-255,66,219,74,146209
17257,3e-05,74.125.130.0-255,1484,1703,74,146209
17258,3.5e-05,172.31.40.0-255,66,1769,74,146209
17259,3.8e-05,74.125.130.0-255,1484,3253,74,146209
17260,4.1e-05,172.31.40.0-255,66,3319,74,146209
17261,4.8e-05,74.125.130.0-255,2902,6221,74,146209
17262,5.1e-05,172.31.40.0-255,66,6287,74,146209
17263,7.9e-05,74.125.130.0-255,5738,12025,74,146209
17264,8.3e-05,172.31.40.0-255,66,12091,74,146209
17265,8.7e-05,74.125.130.0-255,3446,15537,74,146209
17266,9e-05,172.31.40.0-255,66,15603,74,146209
17267,9.3e-05,74.125.130.0-255,1484,17087,74,146209
17268,9.5e-05,172.31.40.0-255,66,17153,74,146209
17269,0.000115,74.125.130.0-255,2902,20055,74,146209
17270,0.000117,172.31.40.0-255,66,20121,74,146209
17271,0.000147,172.31.40.0-255,66,20187,74,146209
17272,0.000185,74.125.130.0-255,1125,21312,74,146209
17273,0.000187,172.31.40.0-255,66,21378,74,146209
17274,0.000292,74.125.130.0-255,1484,22862,74,146209
17275,0.000297,172.31.40.0-255,66,22928,74,146209
17276,0.000301,74.125.130.0-255,1484,24412,74,146209
17277,0.000303,172.31.40.0-255,66,24478,74,146209
17278,0.000317,74.125.130.0-255,1484,25962,74,146209
17279,0.00032,172.31.40.0-255,66,26028,74,146209
17280,0.000325,74.125.130.0-255,4320,30348,74,146209
17281,0.000328,172.31.40.0-255,66,30414,74,146209
17282,0.000348,74.125.130.0-255,1484,31898,74,146209
17283,0.00035,172.31.40.0-255,66,31964,74,146209
17284,0.00036,172.31.40.0-255,66,32030,74,146209
17285,0.000378,74.125.130.0-255,4320,36350,74,146209
17286,0.000381,172.31.40.0-255,66,36416,74,146209
17287,0.000404,172.31.40.0-255,66,36482,74,146209
17288,0.000446,74.125.130.0-255,5331,41813,74,146209
17289,0.000449,172.31.40.0-255,66,41879,74,146209
17290,0.000571,74.125.130.0-255,98,41977,74,146209
17291,0.000826,74.125.130.0-255,1484,43461,74,146209
17292,0.000831,172.31.40.0-255,66,43527,74,146209
17293,0.000837,74.125.130.0-255,1484,45011,74,146209
17294,0.000851,74.125.130.0-255,1484,46495,74,146209
17295,0.000853,172.31.40.0-255,66,46561,74,146209
17296,0.000856,74.125.130.0-255,1484,48045,74,146209
17297,0.00088,74.125.130.0-255,4320,52365,74,146209
17298,0.000883,172.31.40.0-255,66,52431,74,146209
17299,0.000889,74.125.130.0-255,5738,58169,74,146209
17300,0.000891,172.31.40.0-255,66,58235,74,146209
17301,0.000935,74.125.130.0-255,1484,59719,74,146209
17302,0.000953,74.125.130.0-255,1484,61203,74,146209
17303,0.000956,172.31.40.0-255,66,61269,74,146209
17304,0.000987,172.31.40.0-255,66,61335,74,146209
17305,0.000997,172.31.40.0-255,66,61401,74,146209
17306,0.000999,74.125.130.0-255,766,62167,74,146209
17307,0.001502,172.31.40.0-255,66,62233,74,146209
17308,0.00154,74.125.130.0-255,1484,63717,74,146209
17309,0.001557,74.125.130.0-255,2902,66619,74,146209
17310,0.00156,172.31.40.0-255,66,66685,74,146209
17311,0.001567,74.125.130.0-255,5738,72423,74,146209
17312,0.001569,172.31.40.0-255,66,72489,74,146209
17313,0.001586,74.125.130.0-255,2902,75391,74,146209
17314,0.001588,172.31.40.0-255,66,75457,74,146209
17315,0.001592,74.125.130.0-255,1484,76941,74,146209
17316,0.001614,74.125.130.0-255,2902,79843,74,146209
17317,0.001616,172.31.40.0-255,66,79909,74,146209
17318,0.00163,74.125.130.0-255,2902,82811,74,146209
17319,0.001632,172.31.40.0-255,66,82877,74,146209
17320,0.001669,74.125.130.0-255,5738,88615,74,146209
17321,0.001673,172.31.40.0-255,66,88681,74,146209
17322,0.001678,74.125.130.0-255,4320,93001,74,146209
17323,0.00168,172.31.40.0-255,66,93067,74,146209
17324,0.001701,74.125.130.0-255,3602,96669,74,146209
17325,0.001704,172.31.40.0-255,66,96735,74,146209
17326,0.001821,74.125.130.0-255,1484,98219,74,146209
17327,0.001826,74.125.130.0-255,1484,99703,74,146209
17328,0.001829,172.31.40.0-255,66,99769,74,146209
17329,0.001842,74.125.130.0-255,1484,101253,74,146209
17330,0.001845,74.125.130.0-255,1484,102737,74,146209
17331,0.001847,172.31.40.0-255,66,102803,74,146209
17332,0.001852,74.125.130.0-255,2902,105705,74,146209
17333,0.001854,172.31.40.0-255,66,105771,74,146209
17334,0.00187,74.125.130.0-255,4320,110091,74,146209
17335,0.001873,172.31.40.0-255,66,110157,74,146209
17336,0.001896,74.125.130.0-255,1484,111641,74,146209
17337,0.001907,172.31.40.0-255,66,111707,74,146209
17338,0.00191,74.125.130.0-255,1484,113191,74,146209
17339,0.001936,172.31.40.0-255,66,113257,74,146209
17340,0.001941,74.125.130.0-255,3602,116859,74,146209
17341,0.001943,172.31.40.0-255,66,116925,74,146209
17342,0.001968,74.125.130.0-255,4320,121245,74,146209
17343,0.001971,172.31.40.0-255,66,121311,74,146209
17344,0.001975,74.125.130.0-255,2902,124213,74,146209
17345,0.001977,172.31.40.0-255,66,124279,74,146209
17346,0.002006,172.31.40.0-255,66,124345,74,146209
17347,0.002011,74.125.130.0-255,4320,128665,74,146209
17348,0.002013,172.31.40.0-255,66,128731,74,146209
17349,0.002043,172.31.40.0-255,66,128797,74,146209
17350,0.004043,74.125.130.0-255,5738,134535,74,146209
17351,0.004051,172.31.40.0-255,66,134601,74,146209
17352,0.00606,74.125.130.0-255,5738,140339,74,146209
17353,0.006064,172.31.40.0-255,66,140405,74,146209
17354,0.0081,74.125.130.0-255,5738,146143,74,146209
17355,0.008108,172.31.40.0-255,66,146209,74,146209
17356,0.0,74.125.24.0-255,154,154,74,157279
17357,2.5e-05,172.31.40.0-255,66,220,74,157279
17358,3.2e-05,74.125.24.0-255,1484,1704,74,157279
17359,3.7e-05,172.31.40.0-255,66,1770,74,157279
17360,4.4e-05,74.125.24.0-255,2902,4672,74,157279
17361,4.7e-05,172.31.40.0-255,66,4738,74,157279
17362,5.3e-05,74.125.24.0-255,4320,9058,74,157279
17363,5.7e-05,172.31.40.0-255,66,9124,74,157279
17364,8e-05,74.125.24.0-255,4993,14117,74,157279
17365,8.4e-05,172.31.40.0-255,66,14183,74,157279
17366,0.000187,74.125.24.0-255,1484,15667,74,157279
17367,0.00019,172.31.40.0-255,66,15733,74,157279
17368,0.000196,74.125.24.0-255,2902,18635,74,157279
17369,0.000198,172.31.40.0-255,66,18701,74,157279
17370,0.000202,74.125.24.0-255,1484,20185,74,157279
17371,0.000204,172.31.40.0-255,66,20251,74,157279
17372,0.000231,74.125.24.0-255,4320,24571,74,157279
17373,0.000233,172.31.40.0-255,66,24637,74,157279
17374,0.00024,74.125.24.0-255,4320,28957,74,157279
17375,0.000242,172.31.40.0-255,66,29023,74,157279
17376,0.000261,74.125.24.0-255,1484,30507,74,157279
17377,0.000263,172.31.40.0-255,66,30573,74,157279
17378,0.000279,74.125.24.0-255,1125,31698,74,157279
17379,0.000281,172.31.40.0-255,66,31764,74,157279
17380,0.000351,74.125.24.0-255,1484,33248,74,157279
17381,0.000354,172.31.40.0-255,66,33314,74,157279
17382,0.000359,74.125.24.0-255,2902,36216,74,157279
17383,0.000362,172.31.40.0-255,66,36282,74,157279
17384,0.000376,74.125.24.0-255,4320,40602,74,157279
17385,0.000379,172.31.40.0-255,66,40668,74,157279
17386,0.000399,74.125.24.0-255,1484,42152,74,157279
17387,0.000401,172.31.40.0-255,66,42218,74,157279
17388,0.000412,172.31.40.0-255,66,42284,74,157279
17389,0.000432,172.31.40.0-255,66,42350,74,157279
17390,0.000444,172.31.40.0-255,66,42416,74,157279
17391,0.000446,74.125.24.0-255,425,42841,74,157279
17392,0.000494,74.125.24.0-255,349,43190,74,157279
17393,0.000717,74.125.24.0-255,1484,44674,74,157279
17394,0.000722,172.31.40.0-255,66,44740,74,157279
17395,0.000726,74.125.24.0-255,1484,46224,74,157279
17396,0.000746,74.125.24.0-255,1484,47708,74,157279
17397,0.000748,172.31.40.0-255,66,47774,74,157279
17398,0.000755,74.125.24.0-255,5738,53512,74,157279
17399,0.000758,172.31.40.0-255,66,53578,74,157279
17400,0.000761,74.125.24.0-255,1484,55062,74,157279
17401,0.000792,172.31.40.0-255,66,55128,74,157279
17402,0.000801,172.31.40.0-255,66,55194,74,157279
17403,0.000833,74.125.24.0-255,3602,58796,74,157279
17404,0.000836,172.31.40.0-255,66,58862,74,157279
17405,0.001142,74.125.24.0-255,1484,60346,74,157279
17406,0.001148,74.125.24.0-255,2902,63248,74,157279
17407,0.001152,172.31.40.0-255,66,63314,74,157279
17408,0.001156,74.125.24.0-255,1484,64798,74,157279
17409,0.001174,74.125.24.0-255,4320,69118,74,157279
17410,0.001177,172.31.40.0-255,66,69184,74,157279
17411,0.00118,74.125.24.0-255,1484,70668,74,157279
17412,0.001194,74.125.24.0-255,4320,74988,74,157279
17413,0.001197,172.31.40.0-255,66,75054,74,157279
17414,0.001257,74.125.24.0-255,2902,77956,74,157279
17415,0.00126,172.31.40.0-255,66,78022,74,157279
17416,0.001299,172.31.40.0-255,66,78088,74,157279
17417,0.001306,74.125.24.0-255,5020,83108,74,157279
17418,0.001308,172.31.40.0-255,66,83174,74,157279
17419,0.001511,74.125.24.0-255,1484,84658,74,157279
17420,0.001534,74.125.24.0-255,2902,87560,74,157279
17421,0.001538,172.31.40.0-255,66,87626,74,157279
17422,0.001545,74.125.24.0-255,5738,93364,74,157279
17423,0.001547,172.31.40.0-255,66,93430,74,157279
17424,0.00155,74.125.24.0-255,1484,94914,74,157279
17425,0.001587,172.31.40.0-255,66,94980,74,157279
17426,0.0016,172.31.40.0-255,66,95046,74,157279
17427,0.001629,74.125.24.0-255,1484,96530,74,157279
17428,0.001642,74.125.24.0-255,2902,99432,74,157279
17429,0.001644,172.31.40.0-255,66,99498,74,157279
17430,0.00165,74.125.24.0-255,4320,103818,74,157279
17431,0.001653,172.31.40.0-255,66,103884,74,157279
17432,0.001689,74.125.24.0-255,1484,105368,74,157279
17433,0.001704,172.31.40.0-255,66,105434,74,157279
17434,0.001707,74.125.24.0-255,1484,106918,74,157279
17435,0.001745,172.31.40.0-255,66,106984,74,157279
17436,0.001755,172.31.40.0-255,66,107050,74,157279
17437,0.001812,74.125.24.0-255,766,107816,74,157279
17438,0.001825,172.31.40.0-255,66,107882,74,157279
17439,0.001888,74.125.24.0-255,1484,109366,74,157279
17440,0.001895,74.125.24.0-255,2902,112268,74,157279
17441,0.001898,74.125.24.0-255,1484,113752,74,157279
17442,0.001907,172.31.40.0-255,66,113818,74,157279
17443,0.001919,74.125.24.0-255,4320,118138,74,157279
17444,0.001921,74.125.24.0-255,1484,119622,74,157279
17445,0.001938,172.31.40.0-255,66,119688,74,157279
17446,0.001968,172.31.40.0-255,66,119754,74,157279
17447,0.001978,74.125.24.0-255,1484,121238,74,157279
17448,0.002016,172.31.40.0-255,66,121304,74,157279
17449,0.002066,74.125.24.0-255,1484,122788,74,157279
17450,0.002071,74.125.24.0-255,2902,125690,74,157279
17451,0.002083,172.31.40.0-255,66,125756,74,157279
17452,0.002096,74.125.24.0-255,5738,131494,74,157279
17453,0.002114,172.31.40.0-255,66,131560,74,157279
17454,0.002165,172.31.40.0-255,66,131626,74,157279
17455,0.002174,74.125.24.0-255,1484,133110,74,157279
17456,0.002186,74.125.24.0-255,766,133876,74,157279
17457,0.002197,74.125.24.0-255,1484,135360,74,157279
17458,0.002209,74.125.24.0-255,2902,138262,74,157279
17459,0.00222,74.125.24.0-255,1484,139746,74,157279
17460,0.00223,172.31.40.0-255,66,139812,74,157279
17461,0.002247,172.31.40.0-255,66,139878,74,157279
17462,0.002256,74.125.24.0-255,2902,142780,74,157279
17463,0.00226,74.125.24.0-255,2902,145682,74,157279
17464,0.002297,74.125.24.0-255,2902,148584,74,157279
17465,0.002302,74.125.24.0-255,3602,152186,74,157279
17466,0.002305,172.31.40.0-255,66,152252,74,157279
17467,0.002311,172.31.40.0-255,66,152318,74,157279
17468,0.002324,74.125.24.0-255,1484,153802,74,157279
17469,0.002387,172.31.40.0-255,66,153868,74,157279
17470,0.002397,74.125.24.0-255,2902,156770,74,157279
17471,0.00243,172.31.40.0-255,66,156836,74,157279
17472,0.002446,74.125.24.0-255,105,156941,74,157279
17473,0.003112,172.31.40.0-255,101,157042,74,157279
17474,0.00457,172.31.40.0-255,105,157147,74,157279
17475,0.005696,74.125.24.0-255,66,157213,74,157279
17476,0.007154,74.125.24.0-255,66,157279,74,157279
17477,0.0,74.125.24.0-255,153,153,74,165494
17478,2.3e-05,172.31.40.0-255,66,219,74,165494
17479,2.9e-05,74.125.24.0-255,1484,1703,74,165494
17480,3.4e-05,172.31.40.0-255,66,1769,74,165494
17481,4.1e-05,74.125.24.0-255,2902,4671,74,165494
17482,4.4e-05,172.31.40.0-255,66,4737,74,165494
17483,6.5e-05,172.31.40.0-255,66,4803,74,165494
17484,6.9e-05,74.125.24.0-255,2126,6929,74,165494
17485,7.2e-05,172.31.40.0-255,66,6995,74,165494
17486,0.000144,74.125.24.0-255,1484,8479,74,165494
17487,0.000148,172.31.40.0-255,66,8545,74,165494
17488,0.000153,74.125.24.0-255,2902,11447,74,165494
17489,0.000156,172.31.40.0-255,66,11513,74,165494
17490,0.000158,74.125.24.0-255,1484,12997,74,165494
17491,0.00016,172.31.40.0-255,66,13063,74,165494
17492,0.000197,74.125.24.0-255,4320,17383,74,165494
17493,0.0002,172.31.40.0-255,66,17449,74,165494
17494,0.000232,172.31.40.0-255,66,17515,74,165494
17495,0.000399,74.125.24.0-255,1484,18999,74,165494
17496,0.000403,172.31.40.0-255,66,19065,74,165494
17497,0.000431,74.125.24.0-255,2902,21967,74,165494
17498,0.000434,172.31.40.0-255,66,22033,74,165494
17499,0.000441,74.125.24.0-255,5738,27771,74,165494
17500,0.000444,172.31.40.0-255,66,27837,74,165494
17501,0.000476,74.125.24.0-255,5738,33575,74,165494
17502,0.00048,172.31.40.0-255,66,33641,74,165494
17503,0.000502,74.125.24.0-255,1125,34766,74,165494
17504,0.000504,172.31.40.0-255,66,34832,74,165494
17505,0.000602,74.125.24.0-255,1484,36316,74,165494
17506,0.000605,172.31.40.0-255,66,36382,74,165494
17507,0.000609,74.125.24.0-255,1484,37866,74,165494
17508,0.000634,74.125.24.0-255,1484,39350,74,165494
17509,0.000636,172.31.40.0-255,66,39416,74,165494
17510,0.000643,74.125.24.0-255,4320,43736,74,165494
17511,0.000646,172.31.40.0-255,66,43802,74,165494
17512,0.00065,74.125.24.0-255,2902,46704,74,165494
17513,0.000657,172.31.40.0-255,66,46770,74,165494
17514,0.000699,172.31.40.0-255,66,46836,74,165494
17515,0.00071,172.31.40.0-255,66,46902,74,165494
17516,0.000739,74.125.24.0-255,5379,52281,74,165494
17517,0.000742,172.31.40.0-255,66,52347,74,165494
17518,0.000788,74.125.24.0-255,1484,53831,74,165494
17519,0.000793,74.125.24.0-255,2902,56733,74,165494
17520,0.000795,172.31.40.0-255,66,56799,74,165494
17521,0.0008,74.125.24.0-255,2902,59701,74,165494
17522,0.000802,172.31.40.0-255,66,59767,74,165494
17523,0.000823,74.125.24.0-255,2902,62669,74,165494
17524,0.000825,172.31.40.0-255,66,62735,74,165494
17525,0.00084,172.31.40.0-255,66,62801,74,165494
17526,0.000894,74.125.24.0-255,1484,64285,74,165494
17527,0.0009,74.125.24.0-255,2902,67187,74,165494
17528,0.000903,172.31.40.0-255,66,67253,74,165494
17529,0.000927,74.125.24.0-255,5738,72991,74,165494
17530,0.00093,172.31.40.0-255,66,73057,74,165494
17531,0.000933,74.125.24.0-255,1484,74541,74,165494
17532,0.000982,74.125.24.0-255,5379,79920,74,165494
17533,0.000985,172.31.40.0-255,66,79986,74,165494
17534,0.00113,74.125.24.0-255,1484,81470,74,165494
17535,0.001135,74.125.24.0-255,1484,82954,74,165494
17536,0.001138,172.31.40.0-255,66,83020,74,165494
17537,0.001152,74.125.24.0-255,1484,84504,74,165494
17538,0.001163,74.125.24.0-255,5738,90242,74,165494
17539,0.001165,172.31.40.0-255,66,90308,74,165494
17540,0.001203,172.31.40.0-255,66,90374,74,165494
17541,0.001215,172.31.40.0-255,66,90440,74,165494
17542,0.001249,74.125.24.0-255,2184,92624,74,165494
17543,0.001252,172.31.40.0-255,66,92690,74,165494
17544,0.001633,74.125.24.0-255,1484,94174,74,165494
17545,0.001639,74.125.24.0-255,2902,97076,74,165494
17546,0.001643,172.31.40.0-255,66,97142,74,165494
17547,0.00165,74.125.24.0-255,4320,101462,74,165494
17548,0.001652,172.31.40.0-255,66,101528,74,165494
17549,0.00168,74.125.24.0-255,1484,103012,74,165494
17550,0.001694,172.31.40.0-255,66,103078,74,165494
17551,0.001706,172.31.40.0-255,66,103144,74,165494
17552,0.001777,74.125.24.0-255,2184,105328,74,165494
17553,0.00178,172.31.40.0-255,66,105394,74,165494
17554,0.001904,74.125.24.0-255,1484,106878,74,165494
17555,0.001909,74.125.24.0-255,1484,108362,74,165494
17556,0.001912,172.31.40.0-255,66,108428,74,165494
17557,0.001938,74.125.24.0-255,1484,109912,74,165494
17558,0.001945,74.125.24.0-255,5738,115650,74,165494
17559,0.001948,172.31.40.0-255,66,115716,74,165494
17560,0.001958,172.31.40.0-255,66,115782,74,165494
17561,0.001988,172.31.40.0-255,66,115848,74,165494
17562,0.00202,74.125.24.0-255,4320,120168,74,165494
17563,0.002023,172.31.40.0-255,66,120234,74,165494
17564,0.002028,74.125.24.0-255,2184,122418,74,165494
17565,0.002031,172.31.40.0-255,66,122484,74,165494
17566,0.002208,74.125.24.0-255,1484,123968,74,165494
17567,0.002214,74.125.24.0-255,2902,126870,74,165494
17568,0.002217,172.31.40.0-255,66,126936,74,165494
17569,0.002248,74.125.24.0-255,5738,132674,74,165494
17570,0.002251,172.31.40.0-255,66,132740,74,165494
17571,0.002257,74.125.24.0-255,5738,138478,74,165494
17572,0.002259,172.31.40.0-255,66,138544,74,165494
17573,0.002297,172.31.40.0-255,66,138610,74,165494
17574,0.002326,74.125.24.0-255,4320,142930,74,165494
17575,0.002329,172.31.40.0-255,66,142996,74,165494
17576,0.002341,74.125.24.0-255,5020,148016,74,165494
17577,0.002344,172.31.40.0-255,66,148082,74,165494
17578,0.004621,74.125.24.0-255,5738,153820,74,165494
17579,0.004629,172.31.40.0-255,66,153886,74,165494
17580,0.006903,74.125.24.0-255,5738,159624,74,165494
17581,0.006907,172.31.40.0-255,66,159690,74,165494
17582,0.009198,74.125.24.0-255,5738,165428,74,165494
17583,0.009204,172.31.40.0-255,66,165494,74,165494
17584,0.0,172.217.194.0-255,153,153,74,138343
17585,1.8e-05,172.31.40.0-255,66,219,74,138343
17586,2.5e-05,172.217.194.0-255,1484,1703,74,138343
17587,3e-05,172.31.40.0-255,66,1769,74,138343
17588,3.6e-05,172.217.194.0-255,2902,4671,74,138343
17589,3.9e-05,172.31.40.0-255,66,4737,74,138343
17590,4.4e-05,172.217.194.0-255,2902,7639,74,138343
17591,4.8e-05,172.31.40.0-255,66,7705,74,138343
17592,6.8e-05,172.217.194.0-255,4320,12025,74,138343
17593,7.1e-05,172.31.40.0-255,66,12091,74,138343
17594,7.5e-05,172.217.194.0-255,2110,14201,74,138343
17595,7.8e-05,172.31.40.0-255,66,14267,74,138343
17596,0.000107,172.217.194.0-255,2902,17169,74,138343
17597,0.000109,172.31.40.0-255,66,17235,74,138343
17598,0.000114,172.217.194.0-255,2902,20137,74,138343
17599,0.000116,172.31.40.0-255,66,20203,74,138343
17600,0.000129,172.217.194.0-255,1484,21687,74,138343
17601,0.000131,172.31.40.0-255,66,21753,74,138343
17602,0.000142,172.31.40.0-255,66,21819,74,138343
17603,0.000156,172.217.194.0-255,1125,22944,74,138343
17604,0.000158,172.31.40.0-255,66,23010,74,138343
17605,0.000175,172.217.194.0-255,1484,24494,74,138343
17606,0.000177,172.31.40.0-255,66,24560,74,138343
17607,0.000182,172.217.194.0-255,2902,27462,74,138343
17608,0.000184,172.31.40.0-255,66,27528,74,138343
17609,0.000199,172.217.194.0-255,1484,29012,74,138343
17610,0.000201,172.31.40.0-255,66,29078,74,138343
17611,0.000208,172.217.194.0-255,5738,34816,74,138343
17612,0.000211,172.31.40.0-255,66,34882,74,138343
17613,0.000229,172.217.194.0-255,4320,39202,74,138343
17614,0.000232,172.31.40.0-255,66,39268,74,138343
17615,0.000234,172.217.194.0-255,1125,40393,74,138343
17616,0.0003,172.217.194.0-255,1484,41877,74,138343
17617,0.000303,172.31.40.0-255,66,41943,74,138343
17618,0.000309,172.217.194.0-255,2902,44845,74,138343
17619,0.000311,172.31.40.0-255,66,44911,74,138343
17620,0.000317,172.217.194.0-255,5738,50649,74,138343
17621,0.00032,172.31.40.0-255,66,50715,74,138343
17622,0.000348,172.217.194.0-255,5738,56453,74,138343
17623,0.000351,172.31.40.0-255,66,56519,74,138343
17624,0.000382,172.217.194.0-255,1125,57644,74,138343
17625,0.000506,172.217.194.0-255,647,58291,74,138343
17626,0.000511,172.31.40.0-255,66,58357,74,138343
17627,0.001105,172.217.194.0-255,1484,59841,74,138343
17628,0.001114,172.217.194.0-255,2902,62743,74,138343
17629,0.001118,172.31.40.0-255,66,62809,74,138343
17630,0.001126,172.217.194.0-255,5738,68547,74,138343
17631,0.001128,172.31.40.0-255,66,68613,74,138343
17632,0.001131,172.217.194.0-255,1484,70097,74,138343
17633,0.001146,172.217.194.0-255,4320,74417,74,138343
17634,0.001149,172.31.40.0-255,66,74483,74,138343
17635,0.001186,172.31.40.0-255,66,74549,74,138343
17636,0.001192,172.217.194.0-255,5020,79569,74,138343
17637,0.001194,172.31.40.0-255,66,79635,74,138343
17638,0.00148,172.217.194.0-255,1484,81119,74,138343
17639,0.001488,172.217.194.0-255,2902,84021,74,138343
17640,0.001492,172.31.40.0-255,66,84087,74,138343
17641,0.001499,172.217.194.0-255,5738,89825,74,138343
17642,0.001502,172.31.40.0-255,66,89891,74,138343
17643,0.001532,172.31.40.0-255,66,89957,74,138343
17644,0.00157,172.31.40.0-255,66,90023,74,138343
17645,0.001706,172.217.194.0-255,1484,91507,74,138343
17646,0.001713,172.217.194.0-255,2902,94409,74,138343
17647,0.001717,172.31.40.0-255,66,94475,74,138343
17648,0.001724,172.217.194.0-255,5738,100213,74,138343
17649,0.001726,172.31.40.0-255,66,100279,74,138343
17650,0.001755,172.31.40.0-255,66,100345,74,138343
17651,0.001774,172.217.194.0-255,2902,103247,74,138343
17652,0.001776,172.31.40.0-255,66,103313,74,138343
17653,0.001788,172.217.194.0-255,1484,104797,74,138343
17654,0.001815,172.31.40.0-255,66,104863,74,138343
17655,0.001925,172.217.194.0-255,1484,106347,74,138343
17656,0.001931,172.217.194.0-255,2902,109249,74,138343
17657,0.001935,172.31.40.0-255,66,109315,74,138343
17658,0.001962,172.217.194.0-255,4320,113635,74,138343
17659,0.001965,172.31.40.0-255,66,113701,74,138343
17660,0.001981,172.217.194.0-255,1484,115185,74,138343
17661,0.001986,172.217.194.0-255,2902,118087,74,138343
17662,0.001988,172.31.40.0-255,66,118153,74,138343
17663,0.002022,172.31.40.0-255,66,118219,74,138343
17664,0.002032,172.31.40.0-255,66,118285,74,138343
17665,0.002051,172.217.194.0-255,2184,120469,74,138343
17666,0.002054,172.31.40.0-255,66,120535,74,138343
17667,0.00405,172.217.194.0-255,2902,123437,74,138343
17668,0.004055,172.31.40.0-255,66,123503,74,138343
17669,0.004085,172.217.194.0-255,2902,126405,74,138343
17670,0.004088,172.31.40.0-255,66,126471,74,138343
17671,0.006038,172.217.194.0-255,2902,129373,74,138343
17672,0.006042,172.31.40.0-255,66,129439,74,138343
17673,0.006084,172.217.194.0-255,2902,132341,74,138343
17674,0.006087,172.31.40.0-255,66,132407,74,138343
17675,0.008055,172.217.194.0-255,2902,135309,74,138343
17676,0.008065,172.31.40.0-255,66,135375,74,138343
17677,0.00809,172.217.194.0-255,2902,138277,74,138343
17678,0.008093,172.31.40.0-255,66,138343,74,138343
17679,0.0,74.125.24.0-255,153,153,74,100273
17680,2.3e-05,172.31.40.0-255,66,219,74,100273
17681,3.1e-05,74.125.24.0-255,1484,1703,74,100273
17682,3.5e-05,172.31.40.0-255,66,1769,74,100273
17683,4.1e-05,74.125.24.0-255,2902,4671,74,100273
17684,4.5e-05,172.31.40.0-255,66,4737,74,100273
17685,5.7e-05,172.31.40.0-255,66,4803,74,100273
17686,6.1e-05,74.125.24.0-255,2099,6902,74,100273
17687,6.4e-05,172.31.40.0-255,66,6968,74,100273
17688,0.000107,172.31.40.0-255,66,7034,74,100273
17689,0.000113,74.125.24.0-255,5379,12413,74,100273
17690,0.000116,172.31.40.0-255,66,12479,74,100273
17691,0.000149,74.125.24.0-255,4320,16799,74,100273
17692,0.000152,172.31.40.0-255,66,16865,74,100273
17693,0.000163,74.125.24.0-255,1484,18349,74,100273
17694,0.000166,172.31.40.0-255,66,18415,74,100273
17695,0.000197,172.31.40.0-255,66,18481,74,100273
17696,0.00021,74.125.24.0-255,3961,22442,74,100273
17697,0.000213,172.31.40.0-255,66,22508,74,100273
17698,0.000308,74.125.24.0-255,1484,23992,74,100273
17699,0.000312,172.31.40.0-255,66,24058,74,100273
17700,0.000318,74.125.24.0-255,2902,26960,74,100273
17701,0.00032,172.31.40.0-255,66,27026,74,100273
17702,0.000325,74.125.24.0-255,2902,29928,74,100273
17703,0.000327,172.31.40.0-255,66,29994,74,100273
17704,0.000343,74.125.24.0-255,2902,32896,74,100273
17705,0.000346,172.31.40.0-255,66,32962,74,100273
17706,0.000365,74.125.24.0-255,5738,38700,74,100273
17707,0.000367,172.31.40.0-255,66,38766,74,100273
17708,0.000388,74.125.24.0-255,1459,40225,74,100273
17709,0.000392,74.125.24.0-255,344,40569,74,100273
17710,0.000446,74.125.24.0-255,1484,42053,74,100273
17711,0.000459,74.125.24.0-255,2902,44955,74,100273
17712,0.00048,74.125.24.0-255,5738,50693,74,100273
17713,0.000506,74.125.24.0-255,1484,52177,74,100273
17714,0.000526,74.125.24.0-255,5379,57556,74,100273
17715,0.00057,172.31.40.0-255,66,57622,74,100273
17716,0.001098,74.125.24.0-255,1484,59106,74,100273
17717,0.001104,74.125.24.0-255,1484,60590,74,100273
17718,0.001107,172.31.40.0-255,66,60656,74,100273
17719,0.001128,74.125.24.0-255,1484,62140,74,100273
17720,0.001135,74.125.24.0-255,5738,67878,74,100273
17721,0.001139,74.125.24.0-255,2902,70780,74,100273
17722,0.001155,172.31.40.0-255,66,70846,74,100273
17723,0.001162,74.125.24.0-255,3961,74807,74,100273
17724,0.001172,172.31.40.0-255,66,74873,74,100273
17725,0.001653,74.125.24.0-255,1484,76357,74,100273
17726,0.001662,74.125.24.0-255,2902,79259,74,100273
17727,0.001666,172.31.40.0-255,66,79325,74,100273
17728,0.001674,74.125.24.0-255,5738,85063,74,100273
17729,0.001716,74.125.24.0-255,5738,90801,74,100273
17730,0.001768,74.125.24.0-255,3602,94403,74,100273
17731,0.005652,172.31.40.0-255,66,94469,74,100273
17732,0.007949,74.125.24.0-255,5738,100207,74,100273
17733,0.007957,172.31.40.0-255,66,100273,74,100273
17734,0.0,216.58.203.0-255,153,153,74,86736
17735,2.1e-05,172.31.40.0-255,66,219,74,86736
17736,2.7e-05,216.58.203.0-255,1484,1703,74,86736
17737,3.1e-05,172.31.40.0-255,66,1769,74,86736
17738,3.6e-05,216.58.203.0-255,2902,4671,74,86736
17739,3.8e-05,172.31.40.0-255,66,4737,74,86736
17740,4.5e-05,216.58.203.0-255,5738,10475,74,86736
17741,4.7e-05,172.31.40.0-255,66,10541,74,86736
17742,7.3e-05,216.58.203.0-255,3446,13987,74,86736
17743,7.5e-05,172.31.40.0-255,66,14053,74,86736
17744,0.000309,216.58.203.0-255,1484,15537,74,86736
17745,0.000315,172.31.40.0-255,66,15603,74,86736
17746,0.000319,216.58.203.0-255,2902,18505,74,86736
17747,0.000321,172.31.40.0-255,66,18571,74,86736
17748,0.000325,216.58.203.0-255,2902,21473,74,86736
17749,0.000327,172.31.40.0-255,66,21539,74,86736
17750,0.000331,216.58.203.0-255,4320,25859,74,86736
17751,0.000333,172.31.40.0-255,66,25925,74,86736
17752,0.000391,172.31.40.0-255,66,25991,74,86736
17753,0.000413,216.58.203.0-255,1125,27116,74,86736
17754,0.000415,172.31.40.0-255,66,27182,74,86736
17755,0.000426,172.31.40.0-255,66,27248,74,86736
17756,0.000429,216.58.203.0-255,2543,29791,74,86736
17757,0.000431,172.31.40.0-255,66,29857,74,86736
17758,0.000527,216.58.203.0-255,1484,31341,74,86736
17759,0.000533,172.31.40.0-255,66,31407,74,86736
17760,0.000538,216.58.203.0-255,2902,34309,74,86736
17761,0.000541,172.31.40.0-255,66,34375,74,86736
17762,0.000549,216.58.203.0-255,5738,40113,74,86736
17763,0.000551,172.31.40.0-255,66,40179,74,86736
17764,0.000582,216.58.203.0-255,1484,41663,74,86736
17765,0.000599,216.58.203.0-255,5712,47375,74,86736
17766,0.000604,172.31.40.0-255,66,47441,74,86736
17767,0.000998,216.58.203.0-255,114,47555,74,86736
17768,0.001035,172.31.40.0-255,66,47621,74,86736
17769,0.00113,216.58.203.0-255,1484,49105,74,86736
17770,0.001139,216.58.203.0-255,2902,52007,74,86736
17771,0.001142,172.31.40.0-255,66,52073,74,86736
17772,0.001166,216.58.203.0-255,5738,57811,74,86736
17773,0.001167,172.31.40.0-255,66,57877,74,86736
17774,0.001201,172.31.40.0-255,66,57943,74,86736
17775,0.001209,172.31.40.0-255,66,58009,74,86736
17776,0.00123,216.58.203.0-255,1125,59134,74,86736
17777,0.002832,216.58.203.0-255,4320,63454,74,86736
17778,0.002838,172.31.40.0-255,66,63520,74,86736
17779,0.004464,216.58.203.0-255,5738,69258,74,86736
17780,0.00447,172.31.40.0-255,66,69324,74,86736
17781,0.006096,216.58.203.0-255,5738,75062,74,86736
17782,0.006103,172.31.40.0-255,66,75128,74,86736
17783,0.007735,216.58.203.0-255,5738,80866,74,86736
17784,0.007742,172.31.40.0-255,66,80932,74,86736
17785,0.009374,216.58.203.0-255,5738,86670,74,86736
17786,0.00938,172.31.40.0-255,66,86736,74,86736
17787,0.0,172.217.194.0-255,146,146,74,177241
17788,1.5e-05,172.31.40.0-255,66,212,74,177241
17789,2.2e-05,172.217.194.0-255,1484,1696,74,177241
17790,2.6e-05,172.31.40.0-255,66,1762,74,177241
17791,3.2e-05,172.217.194.0-255,2902,4664,74,177241
17792,3.5e-05,172.31.40.0-255,66,4730,74,177241
17793,4.1e-05,172.217.194.0-255,4320,9050,74,177241
17794,4.4e-05,172.31.40.0-255,66,9116,74,177241
17795,6.4e-05,172.217.194.0-255,2902,12018,74,177241
17796,6.6e-05,172.31.40.0-255,66,12084,74,177241
17797,7e-05,172.217.194.0-255,2013,14097,74,177241
17798,7.3e-05,172.31.40.0-255,66,14163,74,177241
17799,0.0001,172.31.40.0-255,66,14229,74,177241
17800,0.000121,172.217.194.0-255,2902,17131,74,177241
17801,0.000123,172.31.40.0-255,66,17197,74,177241
17802,0.000134,172.31.40.0-255,66,17263,74,177241
17803,0.000156,172.217.194.0-255,2902,20165,74,177241
17804,0.000159,172.31.40.0-255,66,20231,74,177241
17805,0.00018,172.31.40.0-255,66,20297,74,177241
17806,0.0004,172.217.194.0-255,1484,21781,74,177241
17807,0.000406,172.31.40.0-255,66,21847,74,177241
17808,0.000413,172.217.194.0-255,2902,24749,74,177241
17809,0.000415,172.31.40.0-255,66,24815,74,177241
17810,0.000437,172.217.194.0-255,5738,30553,74,177241
17811,0.000439,172.31.40.0-255,66,30619,74,177241
17812,0.000475,172.31.40.0-255,66,30685,74,177241
17813,0.000895,172.217.194.0-255,1484,32169,74,177241
17814,0.0009,172.31.40.0-255,66,32235,74,177241
17815,0.000906,172.217.194.0-255,2902,35137,74,177241
17816,0.000908,172.31.40.0-255,66,35203,74,177241
17817,0.00093,172.217.194.0-255,5738,40941,74,177241
17818,0.000933,172.31.40.0-255,66,41007,74,177241
17819,0.000958,172.217.194.0-255,5738,46745,74,177241
17820,0.000961,172.31.40.0-255,66,46811,74,177241
17821,0.000983,172.31.40.0-255,66,46877,74,177241
17822,0.000989,172.217.194.0-255,5738,52615,74,177241
17823,0.000991,172.31.40.0-255,66,52681,74,177241
17824,0.001028,172.217.194.0-255,5020,57701,74,177241
17825,0.001031,172.31.40.0-255,66,57767,74,177241
17826,0.001224,172.217.194.0-255,1484,59251,74,177241
17827,0.001246,172.217.194.0-255,2902,62153,74,177241
17828,0.00125,172.31.40.0-255,66,62219,74,177241
17829,0.001257,172.217.194.0-255,5738,67957,74,177241
17830,0.001259,172.31.40.0-255,66,68023,74,177241
17831,0.001298,172.31.40.0-255,66,68089,74,177241
17832,0.001348,172.217.194.0-255,1484,69573,74,177241
17833,0.001383,172.31.40.0-255,66,69639,74,177241
17834,0.001398,172.31.40.0-255,66,69705,74,177241
17835,0.001402,172.217.194.0-255,2902,72607,74,177241
17836,0.001405,172.31.40.0-255,66,72673,74,177241
17837,0.001432,172.217.194.0-255,1484,74157,74,177241
17838,0.001473,172.31.40.0-255,66,74223,74,177241
17839,0.001634,172.217.194.0-255,1484,75707,74,177241
17840,0.00164,172.217.194.0-255,2902,78609,74,177241
17841,0.001643,172.31.40.0-255,66,78675,74,177241
17842,0.001659,172.217.194.0-255,1484,80159,74,177241
17843,0.001679,172.217.194.0-255,4320,84479,74,177241
17844,0.001681,172.31.40.0-255,66,84545,74,177241
17845,0.001687,172.217.194.0-255,4320,88865,74,177241
17846,0.001689,172.31.40.0-255,66,88931,74,177241
17847,0.001713,172.217.194.0-255,5738,94669,74,177241
17848,0.001716,172.31.40.0-255,66,94735,74,177241
17849,0.001729,172.31.40.0-255,66,94801,74,177241
17850,0.001743,172.217.194.0-255,2184,96985,74,177241
17851,0.001746,172.31.40.0-255,66,97051,74,177241
17852,0.002095,172.217.194.0-255,1484,98535,74,177241
17853,0.0021,172.217.194.0-255,2902,101437,74,177241
17854,0.002104,172.31.40.0-255,66,101503,74,177241
17855,0.002111,172.217.194.0-255,5738,107241,74,177241
17856,0.002114,172.31.40.0-255,66,107307,74,177241
17857,0.002134,172.217.194.0-255,1484,108791,74,177241
17858,0.002158,172.31.40.0-255,66,108857,74,177241
17859,0.002223,172.31.40.0-255,66,108923,74,177241
17860,0.002238,172.31.40.0-255,66,108989,74,177241
17861,0.002299,172.31.40.0-255,66,109055,74,177241
17862,0.002426,172.217.194.0-255,1484,110539,74,177241
17863,0.002441,172.217.194.0-255,2902,113441,74,177241
17864,0.002444,172.31.40.0-255,66,113507,74,177241
17865,0.002452,172.217.194.0-255,5738,119245,74,177241
17866,0.002454,172.31.40.0-255,66,119311,74,177241
17867,0.002457,172.217.194.0-255,1484,120795,74,177241
17868,0.002482,172.31.40.0-255,66,120861,74,177241
17869,0.002487,172.217.194.0-255,4320,125181,74,177241
17870,0.00249,172.31.40.0-255,66,125247,74,177241
17871,0.00252,172.217.194.0-255,1484,126731,74,177241
17872,0.002524,172.217.194.0-255,1484,128215,74,177241
17873,0.002526,172.31.40.0-255,66,128281,74,177241
17874,0.00253,172.217.194.0-255,1484,129765,74,177241
17875,0.002536,172.217.194.0-255,4320,134085,74,177241
17876,0.002538,172.31.40.0-255,66,134151,74,177241
17877,0.00254,172.217.194.0-255,766,134917,74,177241
17878,0.002618,172.217.194.0-255,1484,136401,74,177241
17879,0.002623,172.31.40.0-255,66,136467,74,177241
17880,0.002628,172.217.194.0-255,2902,139369,74,177241
17881,0.00263,172.31.40.0-255,66,139435,74,177241
17882,0.002665,172.217.194.0-255,5738,145173,74,177241
17883,0.002668,172.31.40.0-255,66,145239,74,177241
17884,0.002691,172.217.194.0-255,1484,146723,74,177241
17885,0.002706,172.217.194.0-255,2902,149625,74,177241
17886,0.002744,172.217.194.0-255,1484,151109,74,177241
17887,0.002791,172.217.194.0-255,2902,154011,74,177241
17888,0.002825,172.217.194.0-255,2902,156913,74,177241
17889,0.002827,172.217.194.0-255,766,157679,74,177241
17890,0.002894,172.217.194.0-255,1484,159163,74,177241
17891,0.002914,172.217.194.0-255,2902,162065,74,177241
17892,0.00294,172.217.194.0-255,5738,167803,74,177241
17893,0.002969,172.217.194.0-255,5738,173541,74,177241
17894,0.00301,172.217.194.0-255,3595,177136,74,177241
17895,0.00306,172.217.194.0-255,105,177241,74,177241
17896,0.0,172.217.194.0-255,153,153,74,75822
17897,2.1e-05,172.31.40.0-255,66,219,74,75822
17898,2.9e-05,172.217.194.0-255,1484,1703,74,75822
17899,3.3e-05,172.31.40.0-255,66,1769,74,75822
17900,4e-05,172.217.194.0-255,2902,4671,74,75822
17901,5e-05,172.31.40.0-255,66,4737,74,75822
17902,6.4e-05,172.31.40.0-255,66,4803,74,75822
17903,6.8e-05,172.217.194.0-255,2001,6804,74,75822
17904,7.1e-05,172.31.40.0-255,66,6870,74,75822
17905,0.000115,172.217.194.0-255,1484,8354,74,75822
17906,0.000118,172.31.40.0-255,66,8420,74,75822
17907,0.000123,172.217.194.0-255,2902,11322,74,75822
17908,0.000126,172.31.40.0-255,66,11388,74,75822
17909,0.000155,172.217.194.0-255,5738,17126,74,75822
17910,0.000158,172.31.40.0-255,66,17192,74,75822
17911,0.000193,172.217.194.0-255,1484,18676,74,75822
17912,0.000195,172.31.40.0-255,66,18742,74,75822
17913,0.000225,172.217.194.0-255,5379,24121,74,75822
17914,0.000228,172.31.40.0-255,66,24187,74,75822
17915,0.000406,172.217.194.0-255,1484,25671,74,75822
17916,0.000411,172.31.40.0-255,66,25737,74,75822
17917,0.000418,172.217.194.0-255,2902,28639,74,75822
17918,0.000421,172.31.40.0-255,66,28705,74,75822
17919,0.000433,172.217.194.0-255,5738,34443,74,75822
17920,0.000436,172.31.40.0-255,66,34509,74,75822
17921,0.000457,172.217.194.0-255,2902,37411,74,75822
17922,0.000459,172.31.40.0-255,66,37477,74,75822
17923,0.000494,172.217.194.0-255,3961,41438,74,75822
17924,0.000497,172.31.40.0-255,66,41504,74,75822
17925,0.000517,172.31.40.0-255,66,41570,74,75822
17926,0.000521,172.217.194.0-255,2543,44113,74,75822
17927,0.000523,172.31.40.0-255,66,44179,74,75822
17928,0.000526,172.217.194.0-255,377,44556,74,75822
17929,0.000664,172.217.194.0-255,366,44922,74,75822
17930,0.00094,172.217.194.0-255,1484,46406,74,75822
17931,0.000945,172.31.40.0-255,66,46472,74,75822
17932,0.000952,172.217.194.0-255,2902,49374,74,75822
17933,0.000954,172.31.40.0-255,66,49440,74,75822
17934,0.000966,172.217.194.0-255,5738,55178,74,75822
17935,0.000968,172.31.40.0-255,66,55244,74,75822
17936,0.000971,172.217.194.0-255,1484,56728,74,75822
17937,0.000975,172.217.194.0-255,1484,58212,74,75822
17938,0.000977,172.31.40.0-255,66,58278,74,75822
17939,0.001036,172.31.40.0-255,66,58344,74,75822
17940,0.00104,172.31.40.0-255,66,58410,74,75822
17941,0.003306,172.217.194.0-255,5738,64148,74,75822
17942,0.003313,172.31.40.0-255,66,64214,74,75822
17943,0.005628,172.217.194.0-255,5738,69952,74,75822
17944,0.005634,172.31.40.0-255,66,70018,74,75822
17945,0.007923,172.217.194.0-255,5738,75756,74,75822
17946,0.007929,172.31.40.0-255,66,75822,74,75822
17947,0.0,172.31.40.0-255,105,105,74,459
17948,0.00024,172.31.40.0-255,90,195,74,459
17949,0.00025,172.31.40.0-255,66,261,74,459
17950,0.002847,74.125.24.0-255,66,327,74,459
17951,0.002877,74.125.24.0-255,66,393,74,459
17952,0.002901,172.31.40.0-255,66,459,74,459
17953,0.0,74.125.24.0-255,153,153,74,93793
17954,2.3e-05,172.31.40.0-255,66,219,74,93793
17955,3e-05,74.125.24.0-255,1484,1703,74,93793
17956,3.5e-05,172.31.40.0-255,66,1769,74,93793
17957,4.1e-05,74.125.24.0-255,2902,4671,74,93793
17958,5.2e-05,172.31.40.0-255,66,4737,74,93793
17959,5.8e-05,74.125.24.0-255,5738,10475,74,93793
17960,6.1e-05,172.31.40.0-255,66,10541,74,93793
17961,0.000134,74.125.24.0-255,3448,13989,74,93793
17962,0.000137,172.31.40.0-255,66,14055,74,93793
17963,0.000701,74.125.24.0-255,1484,15539,74,93793
17964,0.000707,172.31.40.0-255,66,15605,74,93793
17965,0.000715,74.125.24.0-255,2902,18507,74,93793
17966,0.000718,172.31.40.0-255,66,18573,74,93793
17967,0.000746,74.125.24.0-255,1484,20057,74,93793
17968,0.000748,172.31.40.0-255,66,20123,74,93793
17969,0.000779,74.125.24.0-255,2902,23025,74,93793
17970,0.000782,172.31.40.0-255,66,23091,74,93793
17971,0.000819,74.125.24.0-255,5738,28829,74,93793
17972,0.000822,172.31.40.0-255,66,28895,74,93793
17973,0.000848,74.125.24.0-255,2543,31438,74,93793
17974,0.000851,172.31.40.0-255,66,31504,74,93793
17975,0.00096,172.31.40.0-255,66,31570,74,93793
17976,0.001091,74.125.24.0-255,5738,37308,74,93793
17977,0.001096,172.31.40.0-255,66,37374,74,93793
17978,0.001126,74.125.24.0-255,2543,39917,74,93793
17979,0.001128,172.31.40.0-255,66,39983,74,93793
17980,0.001215,74.125.24.0-255,1484,41467,74,93793
17981,0.001219,172.31.40.0-255,66,41533,74,93793
17982,0.001238,74.125.24.0-255,2902,44435,74,93793
17983,0.001241,172.31.40.0-255,66,44501,74,93793
17984,0.001284,74.125.24.0-255,4320,48821,74,93793
17985,0.001302,74.125.24.0-255,1484,50305,74,93793
17986,0.001382,74.125.24.0-255,5738,56043,74,93793
17987,0.001393,74.125.24.0-255,1456,57499,74,93793
17988,0.001479,74.125.24.0-255,345,57844,74,93793
17989,0.00162,74.125.24.0-255,1484,59328,74,93793
17990,0.001623,74.125.24.0-255,1484,60812,74,93793
17991,0.001636,74.125.24.0-255,1484,62296,74,93793
17992,0.001675,74.125.24.0-255,5738,68034,74,93793
17993,0.00176,74.125.24.0-255,4320,72354,74,93793
17994,0.001977,74.125.24.0-255,4320,76674,74,93793
17995,0.001996,74.125.24.0-255,2902,79576,74,93793
17996,0.002103,74.125.24.0-255,2543,82119,74,93793
17997,0.003538,172.31.40.0-255,66,82185,74,93793
17998,0.005876,74.125.24.0-255,5738,87923,74,93793
17999,0.005884,172.31.40.0-255,66,87989,74,93793
18000,0.008197,74.125.24.0-255,5738,93727,74,93793
18001,0.008394,172.31.40.0-255,66,93793,74,93793
18002,0.0,74.125.68.0-255,143,143,74,168793
18003,1.9e-05,172.31.40.0-255,66,209,74,168793
18004,2.7e-05,74.125.68.0-255,1484,1693,74,168793
18005,3.1e-05,172.31.40.0-255,66,1759,74,168793
18006,6e-05,74.125.68.0-255,1484,3243,74,168793
18007,6.2e-05,172.31.40.0-255,66,3309,74,168793
18008,6.7e-05,74.125.68.0-255,1484,4793,74,168793
18009,6.9e-05,172.31.40.0-255,66,4859,74,168793
18010,0.000101,74.125.68.0-255,1484,6343,74,168793
18011,0.000104,172.31.40.0-255,66,6409,74,168793
18012,0.000113,74.125.68.0-255,5738,12147,74,168793
18013,0.000115,172.31.40.0-255,66,12213,74,168793
18014,0.000119,74.125.68.0-255,2039,14252,74,168793
18015,0.000122,172.31.40.0-255,66,14318,74,168793
18016,0.000125,74.125.68.0-255,1484,15802,74,168793
18017,0.000127,172.31.40.0-255,66,15868,74,168793
18018,0.000166,172.31.40.0-255,66,15934,74,168793
18019,0.000169,74.125.68.0-255,1484,17418,74,168793
18020,0.000171,172.31.40.0-255,66,17484,74,168793
18021,0.000175,74.125.68.0-255,2902,20386,74,168793
18022,0.000178,172.31.40.0-255,66,20452,74,168793
18023,0.000203,74.125.68.0-255,2543,22995,74,168793
18024,0.000205,172.31.40.0-255,66,23061,74,168793
18025,0.000308,74.125.68.0-255,1484,24545,74,168793
18026,0.000313,172.31.40.0-255,66,24611,74,168793
18027,0.000318,74.125.68.0-255,2902,27513,74,168793
18028,0.000321,172.31.40.0-255,66,27579,74,168793
18029,0.000324,74.125.68.0-255,1484,29063,74,168793
18030,0.00033,172.31.40.0-255,66,29129,74,168793
18031,0.000356,74.125.68.0-255,4320,33449,74,168793
18032,0.000359,172.31.40.0-255,66,33515,74,168793
18033,0.000363,74.125.68.0-255,2902,36417,74,168793
18034,0.000369,172.31.40.0-255,66,36483,74,168793
18035,0.000374,74.125.68.0-255,4320,40803,74,168793
18036,0.000377,172.31.40.0-255,66,40869,74,168793
18037,0.000387,172.31.40.0-255,66,40935,74,168793
18038,0.000391,74.125.68.0-255,2902,43837,74,168793
18039,0.000393,172.31.40.0-255,66,43903,74,168793
18040,0.000421,74.125.68.0-255,2902,46805,74,168793
18041,0.000423,172.31.40.0-255,66,46871,74,168793
18042,0.000446,74.125.68.0-255,2478,49349,74,168793
18043,0.000449,172.31.40.0-255,66,49415,74,168793
18044,0.000724,74.125.68.0-255,134,49549,74,168793
18045,0.000875,74.125.68.0-255,1484,51033,74,168793
18046,0.000879,172.31.40.0-255,66,51099,74,168793
18047,0.000886,74.125.68.0-255,2902,54001,74,168793
18048,0.000888,172.31.40.0-255,66,54067,74,168793
18049,0.000917,74.125.68.0-255,2902,56969,74,168793
18050,0.000919,172.31.40.0-255,66,57035,74,168793
18051,0.000951,74.125.68.0-255,4320,61355,74,168793
18052,0.000954,172.31.40.0-255,66,61421,74,168793
18053,0.000981,74.125.68.0-255,5738,67159,74,168793
18054,0.000984,172.31.40.0-255,66,67225,74,168793
18055,0.001048,74.125.68.0-255,1484,68709,74,168793
18056,0.001064,74.125.68.0-255,1484,70193,74,168793
18057,0.001066,172.31.40.0-255,66,70259,74,168793
18058,0.001072,74.125.68.0-255,2902,73161,74,168793
18059,0.001074,172.31.40.0-255,66,73227,74,168793
18060,0.001118,74.125.68.0-255,5738,78965,74,168793
18061,0.001122,172.31.40.0-255,66,79031,74,168793
18062,0.001166,74.125.68.0-255,5020,84051,74,168793
18063,0.001169,172.31.40.0-255,66,84117,74,168793
18064,0.001526,74.125.68.0-255,1484,85601,74,168793
18065,0.001544,74.125.68.0-255,2902,88503,74,168793
18066,0.001548,172.31.40.0-255,66,88569,74,168793
18067,0.001555,74.125.68.0-255,5738,94307,74,168793
18068,0.001557,172.31.40.0-255,66,94373,74,168793
18069,0.001592,172.31.40.0-255,66,94439,74,168793
18070,0.001631,172.31.40.0-255,66,94505,74,168793
18071,0.00166,74.125.68.0-255,3602,98107,74,168793
18072,0.001662,172.31.40.0-255,66,98173,74,168793
18073,0.001737,74.125.68.0-255,1484,99657,74,168793
18074,0.001758,74.125.68.0-255,2902,102559,74,168793
18075,0.001763,172.31.40.0-255,66,102625,74,168793
18076,0.001783,74.125.68.0-255,4320,106945,74,168793
18077,0.001786,172.31.40.0-255,66,107011,74,168793
18078,0.00179,74.125.68.0-255,2902,109913,74,168793
18079,0.001792,172.31.40.0-255,66,109979,74,168793
18080,0.001837,74.125.68.0-255,5738,115717,74,168793
18081,0.00184,172.31.40.0-255,66,115783,74,168793
18082,0.001847,74.125.68.0-255,5738,121521,74,168793
18083,0.001849,172.31.40.0-255,66,121587,74,168793
18084,0.001858,172.31.40.0-255,66,121653,74,168793
18085,0.001863,74.125.68.0-255,3602,125255,74,168793
18086,0.001865,172.31.40.0-255,66,125321,74,168793
18087,0.001928,74.125.68.0-255,1484,126805,74,168793
18088,0.00198,74.125.68.0-255,2902,129707,74,168793
18089,0.001984,172.31.40.0-255,66,129773,74,168793
18090,0.001988,74.125.68.0-255,1484,131257,74,168793
18091,0.001992,74.125.68.0-255,2902,134159,74,168793
18092,0.001994,172.31.40.0-255,66,134225,74,168793
18093,0.002004,74.125.68.0-255,5738,139963,74,168793
18094,0.002006,172.31.40.0-255,66,140029,74,168793
18095,0.002009,74.125.68.0-255,1484,141513,74,168793
18096,0.002039,74.125.68.0-255,5738,147251,74,168793
18097,0.002043,172.31.40.0-255,66,147317,74,168793
18098,0.002054,172.31.40.0-255,66,147383,74,168793
18099,0.002089,74.125.68.0-255,3602,150985,74,168793
18100,0.002092,172.31.40.0-255,66,151051,74,168793
18101,0.002095,74.125.68.0-255,1484,152535,74,168793
18102,0.004164,74.125.68.0-255,4320,156855,74,168793
18103,0.004172,172.31.40.0-255,66,156921,74,168793
18104,0.006228,74.125.68.0-255,2902,159823,74,168793
18105,0.006231,172.31.40.0-255,66,159889,74,168793
18106,0.006256,74.125.68.0-255,2902,162791,74,168793
18107,0.006257,172.31.40.0-255,66,162857,74,168793
18108,0.008291,74.125.68.0-255,2902,165759,74,168793
18109,0.008298,172.31.40.0-255,66,165825,74,168793
18110,0.008325,74.125.68.0-255,2902,168727,74,168793
18111,0.008328,172.31.40.0-255,66,168793,74,168793
18112,0.0,74.125.200.0-255,152,152,74,174821
18113,2.4e-05,172.31.40.0-255,66,218,74,174821
18114,3.1e-05,74.125.200.0-255,1484,1702,74,174821
18115,3.5e-05,172.31.40.0-255,66,1768,74,174821
18116,4.9e-05,74.125.200.0-255,2902,4670,74,174821
18117,5.3e-05,172.31.40.0-255,66,4736,74,174821
18118,5.6e-05,74.125.200.0-255,1484,6220,74,174821
18119,5.8e-05,172.31.40.0-255,66,6286,74,174821
18120,6.4e-05,74.125.200.0-255,2902,9188,74,174821
18121,6.6e-05,172.31.40.0-255,66,9254,74,174821
18122,8.6e-05,74.125.200.0-255,4969,14223,74,174821
18123,9.3e-05,172.31.40.0-255,66,14289,74,174821
18124,0.000127,74.125.200.0-255,5738,20027,74,174821
18125,0.000131,172.31.40.0-255,66,20093,74,174821
18126,0.000137,74.125.200.0-255,4320,24413,74,174821
18127,0.000139,172.31.40.0-255,66,24479,74,174821
18128,0.000172,74.125.200.0-255,5738,30217,74,174821
18129,0.000175,172.31.40.0-255,66,30283,74,174821
18130,0.000178,74.125.200.0-255,1125,31408,74,174821
18131,0.00018,172.31.40.0-255,66,31474,74,174821
18132,0.000654,74.125.200.0-255,1484,32958,74,174821
18133,0.00066,172.31.40.0-255,66,33024,74,174821
18134,0.000667,74.125.200.0-255,2902,35926,74,174821
18135,0.00067,172.31.40.0-255,66,35992,74,174821
18136,0.000682,74.125.200.0-255,5738,41730,74,174821
18137,0.000685,172.31.40.0-255,66,41796,74,174821
18138,0.00069,74.125.200.0-255,2902,44698,74,174821
18139,0.000692,172.31.40.0-255,66,44764,74,174821
18140,0.000722,74.125.200.0-255,3961,48725,74,174821
18141,0.000726,172.31.40.0-255,66,48791,74,174821
18142,0.000748,74.125.200.0-255,5738,54529,74,174821
18143,0.000751,172.31.40.0-255,66,54595,74,174821
18144,0.000776,74.125.200.0-255,2902,57497,74,174821
18145,0.000779,172.31.40.0-255,66,57563,74,174821
18146,0.000806,172.31.40.0-255,66,57629,74,174821
18147,0.000889,74.125.200.0-255,132,57761,74,174821
18148,0.000988,74.125.200.0-255,1484,59245,74,174821
18149,0.000993,172.31.40.0-255,66,59311,74,174821
18150,0.000998,74.125.200.0-255,2902,62213,74,174821
18151,0.001,172.31.40.0-255,66,62279,74,174821
18152,0.001035,74.125.200.0-255,5738,68017,74,174821
18153,0.001038,172.31.40.0-255,66,68083,74,174821
18154,0.001044,74.125.200.0-255,4320,72403,74,174821
18155,0.001046,172.31.40.0-255,66,72469,74,174821
18156,0.001083,172.31.40.0-255,66,72535,74,174821
18157,0.001111,172.31.40.0-255,66,72601,74,174821
18158,0.001184,74.125.200.0-255,1484,74085,74,174821
18159,0.001188,74.125.200.0-255,1484,75569,74,174821
18160,0.00119,172.31.40.0-255,66,75635,74,174821
18161,0.001215,74.125.200.0-255,1484,77119,74,174821
18162,0.001222,74.125.200.0-255,5738,82857,74,174821
18163,0.001224,172.31.40.0-255,66,82923,74,174821
18164,0.001286,172.31.40.0-255,66,82989,74,174821
18165,0.001317,172.31.40.0-255,66,83055,74,174821
18166,0.001532,74.125.200.0-255,1484,84539,74,174821
18167,0.001536,74.125.200.0-255,1484,86023,74,174821
18168,0.001539,172.31.40.0-255,66,86089,74,174821
18169,0.001572,74.125.200.0-255,2902,88991,74,174821
18170,0.001575,172.31.40.0-255,66,89057,74,174821
18171,0.001582,74.125.200.0-255,5738,94795,74,174821
18172,0.001584,172.31.40.0-255,66,94861,74,174821
18173,0.001608,74.125.200.0-255,4320,99181,74,174821
18174,0.00161,172.31.40.0-255,66,99247,74,174821
18175,0.001634,74.125.200.0-255,5738,104985,74,174821
18176,0.001637,172.31.40.0-255,66,105051,74,174821
18177,0.001649,172.31.40.0-255,66,105117,74,174821
18178,0.001652,74.125.200.0-255,766,105883,74,174821
18179,0.001778,74.125.200.0-255,1484,107367,74,174821
18180,0.001783,172.31.40.0-255,66,107433,74,174821
18181,0.001789,74.125.200.0-255,2902,110335,74,174821
18182,0.001791,172.31.40.0-255,66,110401,74,174821
18183,0.001799,74.125.200.0-255,1484,111885,74,174821
18184,0.001823,74.125.200.0-255,2902,114787,74,174821
18185,0.001826,172.31.40.0-255,66,114853,74,174821
18186,0.001856,74.125.200.0-255,5738,120591,74,174821
18187,0.001859,172.31.40.0-255,66,120657,74,174821
18188,0.001862,74.125.200.0-255,1484,122141,74,174821
18189,0.001865,74.125.200.0-255,1484,123625,74,174821
18190,0.001868,172.31.40.0-255,66,123691,74,174821
18191,0.001901,74.125.200.0-255,1484,125175,74,174821
18192,0.001909,74.125.200.0-255,5738,130913,74,174821
18193,0.001911,172.31.40.0-255,66,130979,74,174821
18194,0.001916,74.125.200.0-255,2902,133881,74,174821
18195,0.001923,74.125.200.0-255,4320,138201,74,174821
18196,0.001932,172.31.40.0-255,66,138267,74,174821
18197,0.001953,74.125.200.0-255,2184,140451,74,174821
18198,0.001958,172.31.40.0-255,66,140517,74,174821
18199,0.002138,74.125.200.0-255,1484,142001,74,174821
18200,0.002151,74.125.200.0-255,2902,144903,74,174821
18201,0.002154,172.31.40.0-255,66,144969,74,174821
18202,0.00216,74.125.200.0-255,2902,147871,74,174821
18203,0.002162,172.31.40.0-255,66,147937,74,174821
18204,0.002191,74.125.200.0-255,1484,149421,74,174821
18205,0.002206,74.125.200.0-255,5738,155159,74,174821
18206,0.002212,172.31.40.0-255,66,155225,74,174821
18207,0.002221,74.125.200.0-255,2902,158127,74,174821
18208,0.002231,172.31.40.0-255,66,158193,74,174821
18209,0.002267,74.125.200.0-255,2184,160377,74,174821
18210,0.002273,74.125.200.0-255,5738,166115,74,174821
18211,0.002296,172.31.40.0-255,66,166181,74,174821
18212,0.002342,74.125.200.0-255,5738,171919,74,174821
18213,0.002346,74.125.200.0-255,2902,174821,74,174821
18214,0.0,172.31.40.0-255,105,105,74,276
18215,0.001848,157.240.7.0-255,105,210,74,276
18216,0.001863,172.31.40.0-255,66,276,74,276
18217,0.0,74.125.68.0-255,152,152,74,110774
18218,2.4e-05,172.31.40.0-255,66,218,74,110774
18219,3.1e-05,74.125.68.0-255,1484,1702,74,110774
18220,3.5e-05,172.31.40.0-255,66,1768,74,110774
18221,4.2e-05,74.125.68.0-255,2902,4670,74,110774
18222,4.5e-05,172.31.40.0-255,66,4736,74,110774
18223,5.1e-05,74.125.68.0-255,4320,9056,74,110774
18224,5.4e-05,172.31.40.0-255,66,9122,74,110774
18225,5.9e-05,74.125.68.0-255,4961,14083,74,110774
18226,6.3e-05,172.31.40.0-255,66,14149,74,110774
18227,9e-05,74.125.68.0-255,2902,17051,74,110774
18228,9.3e-05,172.31.40.0-255,66,17117,74,110774
18229,9.9e-05,74.125.68.0-255,4320,21437,74,110774
18230,0.000102,172.31.40.0-255,66,21503,74,110774
18231,0.00012,74.125.68.0-255,1484,22987,74,110774
18232,0.000122,172.31.40.0-255,66,23053,74,110774
18233,0.000137,74.125.68.0-255,4320,27373,74,110774
18234,0.00014,172.31.40.0-255,66,27439,74,110774
18235,0.000184,74.125.68.0-255,3961,31400,74,110774
18236,0.000186,172.31.40.0-255,66,31466,74,110774
18237,0.000309,74.125.68.0-255,1484,32950,74,110774
18238,0.000313,172.31.40.0-255,66,33016,74,110774
18239,0.000317,74.125.68.0-255,1484,34500,74,110774
18240,0.000319,172.31.40.0-255,66,34566,74,110774
18241,0.000334,74.125.68.0-255,1484,36050,74,110774
18242,0.000337,172.31.40.0-255,66,36116,74,110774
18243,0.000342,74.125.68.0-255,2902,39018,74,110774
18244,0.000344,172.31.40.0-255,66,39084,74,110774
18245,0.000349,74.125.68.0-255,4320,43404,74,110774
18246,0.000352,172.31.40.0-255,66,43470,74,110774
18247,0.000383,74.125.68.0-255,1484,44954,74,110774
18248,0.000386,172.31.40.0-255,66,45020,74,110774
18249,0.000405,74.125.68.0-255,3961,48981,74,110774
18250,0.000408,172.31.40.0-255,66,49047,74,110774
18251,0.000868,74.125.68.0-255,1484,50531,74,110774
18252,0.000888,74.125.68.0-255,2902,53433,74,110774
18253,0.000892,172.31.40.0-255,66,53499,74,110774
18254,0.000898,74.125.68.0-255,4320,57819,74,110774
18255,0.000901,172.31.40.0-255,66,57885,74,110774
18256,0.000941,172.31.40.0-255,66,57951,74,110774
18257,0.001139,74.125.68.0-255,1484,59435,74,110774
18258,0.001142,74.125.68.0-255,1484,60919,74,110774
18259,0.001145,172.31.40.0-255,66,60985,74,110774
18260,0.001161,74.125.68.0-255,1484,62469,74,110774
18261,0.001167,74.125.68.0-255,5738,68207,74,110774
18262,0.00117,172.31.40.0-255,66,68273,74,110774
18263,0.001189,74.125.68.0-255,5738,74011,74,110774
18264,0.001191,172.31.40.0-255,66,74077,74,110774
18265,0.00122,74.125.68.0-255,5738,79815,74,110774
18266,0.001222,172.31.40.0-255,66,79881,74,110774
18267,0.001243,74.125.68.0-255,1125,81006,74,110774
18268,0.001248,74.125.68.0-255,4320,85326,74,110774
18269,0.001251,172.31.40.0-255,66,85392,74,110774
18270,0.001257,74.125.68.0-255,5738,91130,74,110774
18271,0.001259,172.31.40.0-255,66,91196,74,110774
18272,0.001283,74.125.68.0-255,1704,92900,74,110774
18273,0.001287,172.31.40.0-255,66,92966,74,110774
18274,0.00378,74.125.68.0-255,2902,95868,74,110774
18275,0.003786,172.31.40.0-255,66,95934,74,110774
18276,0.003808,74.125.68.0-255,2902,98836,74,110774
18277,0.003811,172.31.40.0-255,66,98902,74,110774
18278,0.006298,74.125.68.0-255,2902,101804,74,110774
18279,0.006301,172.31.40.0-255,66,101870,74,110774
18280,0.006317,74.125.68.0-255,2902,104772,74,110774
18281,0.006319,172.31.40.0-255,66,104838,74,110774
18282,0.008822,74.125.68.0-255,2902,107740,74,110774
18283,0.00883,172.31.40.0-255,66,107806,74,110774
18284,0.008852,74.125.68.0-255,2902,110708,74,110774
18285,0.008854,172.31.40.0-255,66,110774,74,110774
18286,0.0,172.217.194.0-255,153,153,74,96034
18287,1.7e-05,172.31.40.0-255,66,219,74,96034
18288,2.3e-05,172.217.194.0-255,1484,1703,74,96034
18289,2.7e-05,172.31.40.0-255,66,1769,74,96034
18290,3.3e-05,172.217.194.0-255,2902,4671,74,96034
18291,3.6e-05,172.31.40.0-255,66,4737,74,96034
18292,5.2e-05,172.31.40.0-255,66,4803,74,96034
18293,0.000112,172.217.194.0-255,5738,10541,74,96034
18294,0.000115,172.31.40.0-255,66,10607,74,96034
18295,0.000152,172.31.40.0-255,66,10673,74,96034
18296,0.000156,172.217.194.0-255,2543,13216,74,96034
18297,0.000158,172.31.40.0-255,66,13282,74,96034
18298,0.000189,172.217.194.0-255,2902,16184,74,96034
18299,0.000191,172.31.40.0-255,66,16250,74,96034
18300,0.000196,172.217.194.0-255,4320,20570,74,96034
18301,0.000198,172.31.40.0-255,66,20636,74,96034
18302,0.000219,172.217.194.0-255,5738,26374,74,96034
18303,0.000224,172.31.40.0-255,66,26440,74,96034
18304,0.000251,172.217.194.0-255,2902,29342,74,96034
18305,0.000253,172.31.40.0-255,66,29408,74,96034
18306,0.000269,172.31.40.0-255,66,29474,74,96034
18307,0.000294,172.217.194.0-255,1125,30599,74,96034
18308,0.000296,172.31.40.0-255,66,30665,74,96034
18309,0.001111,172.217.194.0-255,645,31310,74,96034
18310,0.001117,172.31.40.0-255,66,31376,74,96034
18311,0.001211,172.217.194.0-255,1484,32860,74,96034
18312,0.001216,172.31.40.0-255,66,32926,74,96034
18313,0.001221,172.217.194.0-255,2902,35828,74,96034
18314,0.001223,172.31.40.0-255,66,35894,74,96034
18315,0.001229,172.217.194.0-255,5738,41632,74,96034
18316,0.001235,172.31.40.0-255,66,41698,74,96034
18317,0.001281,172.31.40.0-255,66,41764,74,96034
18318,0.00129,172.31.40.0-255,66,41830,74,96034
18319,0.001314,172.217.194.0-255,3602,45432,74,96034
18320,0.001438,172.217.194.0-255,1484,46916,74,96034
18321,0.001444,172.217.194.0-255,2902,49818,74,96034
18322,0.00147,172.217.194.0-255,5738,55556,74,96034
18323,0.001473,172.217.194.0-255,2902,58458,74,96034
18324,0.001491,172.217.194.0-255,4320,62778,74,96034
18325,0.001509,172.217.194.0-255,4320,67098,74,96034
18326,0.001542,172.217.194.0-255,2184,69282,74,96034
18327,0.001942,172.217.194.0-255,1484,70766,74,96034
18328,0.001959,172.217.194.0-255,2902,73668,74,96034
18329,0.001983,172.217.194.0-255,5738,79406,74,96034
18330,0.001989,172.217.194.0-255,5738,85144,74,96034
18331,0.002058,172.217.194.0-255,5020,90164,74,96034
18332,0.006968,172.31.40.0-255,66,90230,74,96034
18333,0.009062,172.217.194.0-255,5738,95968,74,96034
18334,0.00907,172.31.40.0-255,66,96034,74,96034
18335,0.0,172.217.194.0-255,152,152,74,159892
18336,2.4e-05,172.31.40.0-255,66,218,74,159892
18337,3.2e-05,172.217.194.0-255,1484,1702,74,159892
18338,3.6e-05,172.31.40.0-255,66,1768,74,159892
18339,4.2e-05,172.217.194.0-255,2902,4670,74,159892
18340,4.6e-05,172.31.40.0-255,66,4736,74,159892
18341,4.9e-05,172.217.194.0-255,1484,6220,74,159892
18342,5.1e-05,172.31.40.0-255,66,6286,74,159892
18343,6.5e-05,172.31.40.0-255,66,6352,74,159892
18344,6.8e-05,172.217.194.0-255,1484,7836,74,159892
18345,7e-05,172.31.40.0-255,66,7902,74,159892
18346,0.000113,172.31.40.0-255,66,7968,74,159892
18347,0.000166,172.217.194.0-255,1484,9452,74,159892
18348,0.000169,172.31.40.0-255,66,9518,74,159892
18349,0.000173,172.217.194.0-255,1484,11002,74,159892
18350,0.000174,172.31.40.0-255,66,11068,74,159892
18351,0.000189,172.217.194.0-255,1484,12552,74,159892
18352,0.000196,172.217.194.0-255,5738,18290,74,159892
18353,0.0002,172.31.40.0-255,66,18356,74,159892
18354,0.000203,172.31.40.0-255,66,18422,74,159892
18355,0.000221,172.217.194.0-255,4320,22742,74,159892
18356,0.000225,172.31.40.0-255,66,22808,74,159892
18357,0.00026,172.31.40.0-255,66,22874,74,159892
18358,0.000291,172.31.40.0-255,66,22940,74,159892
18359,0.00031,172.217.194.0-255,646,23586,74,159892
18360,0.000313,172.31.40.0-255,66,23652,74,159892
18361,0.000566,172.217.194.0-255,1484,25136,74,159892
18362,0.000572,172.31.40.0-255,66,25202,74,159892
18363,0.000593,172.217.194.0-255,2902,28104,74,159892
18364,0.000596,172.31.40.0-255,66,28170,74,159892
18365,0.000603,172.217.194.0-255,5738,33908,74,159892
18366,0.000606,172.31.40.0-255,66,33974,74,159892
18367,0.000638,172.31.40.0-255,66,34040,74,159892
18368,0.000657,172.217.194.0-255,2902,36942,74,159892
18369,0.00066,172.31.40.0-255,66,37008,74,159892
18370,0.000663,172.217.194.0-255,1484,38492,74,159892
18371,0.00068,172.217.194.0-255,4320,42812,74,159892
18372,0.000683,172.31.40.0-255,66,42878,74,159892
18373,0.0007,172.217.194.0-255,5020,47898,74,159892
18374,0.000702,172.31.40.0-255,66,47964,74,159892
18375,0.000724,172.217.194.0-255,1484,49448,74,159892
18376,0.000775,172.217.194.0-255,2902,52350,74,159892
18377,0.000778,172.31.40.0-255,66,52416,74,159892
18378,0.000784,172.217.194.0-255,5738,58154,74,159892
18379,0.000786,172.31.40.0-255,66,58220,74,159892
18380,0.0008,172.31.40.0-255,66,58286,74,159892
18381,0.000805,172.217.194.0-255,2902,61188,74,159892
18382,0.000808,172.31.40.0-255,66,61254,74,159892
18383,0.000854,172.217.194.0-255,4320,65574,74,159892
18384,0.000858,172.31.40.0-255,66,65640,74,159892
18385,0.000877,172.217.194.0-255,3602,69242,74,159892
18386,0.00088,172.31.40.0-255,66,69308,74,159892
18387,0.000979,172.217.194.0-255,1484,70792,74,159892
18388,0.000982,172.217.194.0-255,1484,72276,74,159892
18389,0.000985,172.31.40.0-255,66,72342,74,159892
18390,0.001003,172.217.194.0-255,1484,73826,74,159892
18391,0.00101,172.217.194.0-255,5738,79564,74,159892
18392,0.001013,172.31.40.0-255,66,79630,74,159892
18393,0.001039,172.31.40.0-255,66,79696,74,159892
18394,0.00106,172.217.194.0-255,5738,85434,74,159892
18395,0.001073,172.31.40.0-255,66,85500,74,159892
18396,0.001077,172.31.40.0-255,66,85566,74,159892
18397,0.001101,172.217.194.0-255,2184,87750,74,159892
18398,0.001105,172.31.40.0-255,66,87816,74,159892
18399,0.001526,172.217.194.0-255,1484,89300,74,159892
18400,0.001532,172.217.194.0-255,1484,90784,74,159892
18401,0.001536,172.31.40.0-255,66,90850,74,159892
18402,0.001549,172.217.194.0-255,1484,92334,74,159892
18403,0.001556,172.217.194.0-255,5738,98072,74,159892
18404,0.001559,172.31.40.0-255,66,98138,74,159892
18405,0.001563,172.217.194.0-255,2902,101040,74,159892
18406,0.001565,172.31.40.0-255,66,101106,74,159892
18407,0.001602,172.31.40.0-255,66,101172,74,159892
18408,0.001613,172.31.40.0-255,66,101238,74,159892
18409,0.001633,172.217.194.0-255,2184,103422,74,159892
18410,0.001636,172.31.40.0-255,66,103488,74,159892
18411,0.001654,172.217.194.0-255,1484,104972,74,159892
18412,0.001666,172.217.194.0-255,2902,107874,74,159892
18413,0.001669,172.31.40.0-255,66,107940,74,159892
18414,0.001685,172.217.194.0-255,1484,109424,74,159892
18415,0.001706,172.217.194.0-255,4320,113744,74,159892
18416,0.001709,172.31.40.0-255,66,113810,74,159892
18417,0.001718,172.31.40.0-255,66,113876,74,159892
18418,0.001759,172.31.40.0-255,66,113942,74,159892
18419,0.001763,172.217.194.0-255,2184,116126,74,159892
18420,0.001765,172.31.40.0-255,66,116192,74,159892
18421,0.001806,172.217.194.0-255,1484,117676,74,159892
18422,0.00181,172.217.194.0-255,1484,119160,74,159892
18423,0.001812,172.31.40.0-255,66,119226,74,159892
18424,0.001827,172.217.194.0-255,1484,120710,74,159892
18425,0.001832,172.217.194.0-255,4320,125030,74,159892
18426,0.001834,172.31.40.0-255,66,125096,74,159892
18427,0.001854,172.217.194.0-255,1484,126580,74,159892
18428,0.001872,172.31.40.0-255,66,126646,74,159892
18429,0.001886,172.217.194.0-255,4320,130966,74,159892
18430,0.001889,172.31.40.0-255,66,131032,74,159892
18431,0.001902,172.31.40.0-255,66,131098,74,159892
18432,0.001939,172.217.194.0-255,1484,132582,74,159892
18433,0.001952,172.217.194.0-255,2902,135484,74,159892
18434,0.001955,172.31.40.0-255,66,135550,74,159892
18435,0.001958,172.217.194.0-255,1484,137034,74,159892
18436,0.001972,172.217.194.0-255,4320,141354,74,159892
18437,0.001975,172.31.40.0-255,66,141420,74,159892
18438,0.00203,172.217.194.0-255,5738,147158,74,159892
18439,0.002034,172.31.40.0-255,66,147224,74,159892
18440,0.002057,172.31.40.0-255,66,147290,74,159892
18441,0.00207,172.31.40.0-255,66,147356,74,159892
18442,0.002074,172.217.194.0-255,2902,150258,74,159892
18443,0.002076,172.31.40.0-255,66,150324,74,159892
18444,0.002111,172.31.40.0-255,66,150390,74,159892
18445,0.002118,172.31.40.0-255,66,150456,74,159892
18446,0.002122,172.217.194.0-255,2902,153358,74,159892
18447,0.002124,172.31.40.0-255,66,153424,74,159892
18448,0.002127,172.217.194.0-255,1484,154908,74,159892
18449,0.002165,172.31.40.0-255,66,154974,74,159892
18450,0.002178,172.31.40.0-255,66,155040,74,159892
18451,0.002217,172.31.40.0-255,66,155106,74,159892
18452,0.002234,172.217.194.0-255,1484,156590,74,159892
18453,0.002252,172.217.194.0-255,2902,159492,74,159892
18454,0.002256,172.31.40.0-255,66,159558,74,159892
18455,0.002278,172.31.40.0-255,66,159624,74,159892
18456,0.002304,172.217.194.0-255,97,159721,74,159892
18457,0.002318,172.217.194.0-255,105,159826,74,159892
18458,0.002329,172.31.40.0-255,66,159892,74,159892
18459,0.0,74.125.200.0-255,143,143,74,198165
18460,2.3e-05,172.31.40.0-255,66,209,74,198165
18461,3e-05,74.125.200.0-255,1484,1693,74,198165
18462,3.5e-05,172.31.40.0-255,66,1759,74,198165
18463,4.8e-05,74.125.200.0-255,2902,4661,74,198165
18464,5.1e-05,172.31.40.0-255,66,4727,74,198165
18465,8.5e-05,74.125.200.0-255,4320,9047,74,198165
18466,8.9e-05,172.31.40.0-255,66,9113,74,198165
18467,0.000114,172.31.40.0-255,66,9179,74,198165
18468,0.000149,172.31.40.0-255,66,9245,74,198165
18469,0.000159,172.31.40.0-255,66,9311,74,198165
18470,0.000248,74.125.200.0-255,1484,10795,74,198165
18471,0.000252,172.31.40.0-255,66,10861,74,198165
18472,0.000282,74.125.200.0-255,2902,13763,74,198165
18473,0.000284,172.31.40.0-255,66,13829,74,198165
18474,0.000292,74.125.200.0-255,5738,19567,74,198165
18475,0.000294,172.31.40.0-255,66,19633,74,198165
18476,0.000297,74.125.200.0-255,1484,21117,74,198165
18477,0.000304,172.31.40.0-255,66,21183,74,198165
18478,0.000336,74.125.200.0-255,2902,24085,74,198165
18479,0.000339,172.31.40.0-255,66,24151,74,198165
18480,0.000362,74.125.200.0-255,5738,29889,74,198165
18481,0.000365,172.31.40.0-255,66,29955,74,198165
18482,0.000369,74.125.200.0-255,2902,32857,74,198165
18483,0.000371,172.31.40.0-255,66,32923,74,198165
18484,0.000417,172.31.40.0-255,66,32989,74,198165
18485,0.00042,74.125.200.0-255,766,33755,74,198165
18486,0.000422,172.31.40.0-255,66,33821,74,198165
18487,0.000425,74.125.200.0-255,445,34266,74,198165
18488,0.000509,74.125.200.0-255,1484,35750,74,198165
18489,0.000512,172.31.40.0-255,66,35816,74,198165
18490,0.000516,74.125.200.0-255,1484,37300,74,198165
18491,0.000541,74.125.200.0-255,1484,38784,74,198165
18492,0.000544,172.31.40.0-255,66,38850,74,198165
18493,0.000551,74.125.200.0-255,5738,44588,74,198165
18494,0.000554,172.31.40.0-255,66,44654,74,198165
18495,0.000597,172.31.40.0-255,66,44720,74,198165
18496,0.000615,172.31.40.0-255,66,44786,74,198165
18497,0.000619,74.125.200.0-255,2184,46970,74,198165
18498,0.000621,172.31.40.0-255,66,47036,74,198165
18499,0.0007,74.125.200.0-255,1484,48520,74,198165
18500,0.000743,74.125.200.0-255,2902,51422,74,198165
18501,0.000747,172.31.40.0-255,66,51488,74,198165
18502,0.000753,74.125.200.0-255,5738,57226,74,198165
18503,0.000756,172.31.40.0-255,66,57292,74,198165
18504,0.000766,74.125.200.0-255,4320,61612,74,198165
18505,0.000768,172.31.40.0-255,66,61678,74,198165
18506,0.000807,74.125.200.0-255,5738,67416,74,198165
18507,0.000811,172.31.40.0-255,66,67482,74,198165
18508,0.000815,74.125.200.0-255,2902,70384,74,198165
18509,0.000817,172.31.40.0-255,66,70450,74,198165
18510,0.000843,74.125.200.0-255,4320,74770,74,198165
18511,0.000845,172.31.40.0-255,66,74836,74,198165
18512,0.000874,74.125.200.0-255,4320,79156,74,198165
18513,0.000877,172.31.40.0-255,66,79222,74,198165
18514,0.000894,74.125.200.0-255,2184,81406,74,198165
18515,0.000896,172.31.40.0-255,66,81472,74,198165
18516,0.000946,74.125.200.0-255,1484,82956,74,198165
18517,0.000958,74.125.200.0-255,1484,84440,74,198165
18518,0.000963,172.31.40.0-255,66,84506,74,198165
18519,0.000984,74.125.200.0-255,2902,87408,74,198165
18520,0.000987,172.31.40.0-255,66,87474,74,198165
18521,0.001037,74.125.200.0-255,5738,93212,74,198165
18522,0.001041,172.31.40.0-255,66,93278,74,198165
18523,0.001047,74.125.200.0-255,4320,97598,74,198165
18524,0.001049,172.31.40.0-255,66,97664,74,198165
18525,0.001061,74.125.200.0-255,5738,103402,74,198165
18526,0.001064,172.31.40.0-255,66,103468,74,198165
18527,0.001074,172.31.40.0-255,66,103534,74,198165
18528,0.001113,74.125.200.0-255,2902,106436,74,198165
18529,0.001117,172.31.40.0-255,66,106502,74,198165
18530,0.00114,74.125.200.0-255,2184,108686,74,198165
18531,0.001143,172.31.40.0-255,66,108752,74,198165
18532,0.001237,74.125.200.0-255,1484,110236,74,198165
18533,0.001243,74.125.200.0-255,2902,113138,74,198165
18534,0.00125,172.31.40.0-255,66,113204,74,198165
18535,0.001282,74.125.200.0-255,5738,118942,74,198165
18536,0.001285,172.31.40.0-255,66,119008,74,198165
18537,0.001304,172.31.40.0-255,66,119074,74,198165
18538,0.00131,74.125.200.0-255,5738,124812,74,198165
18539,0.001312,172.31.40.0-255,66,124878,74,198165
18540,0.001343,74.125.200.0-255,5020,129898,74,198165
18541,0.00135,172.31.40.0-255,66,129964,74,198165
18542,0.001416,74.125.200.0-255,1484,131448,74,198165
18543,0.001432,74.125.200.0-255,2902,134350,74,198165
18544,0.001436,172.31.40.0-255,66,134416,74,198165
18545,0.001483,74.125.200.0-255,5738,140154,74,198165
18546,0.001487,172.31.40.0-255,66,140220,74,198165
18547,0.001492,74.125.200.0-255,4320,144540,74,198165
18548,0.001495,172.31.40.0-255,66,144606,74,198165
18549,0.001505,74.125.200.0-255,5738,150344,74,198165
18550,0.001508,172.31.40.0-255,66,150410,74,198165
18551,0.001513,74.125.200.0-255,2902,153312,74,198165
18552,0.001515,172.31.40.0-255,66,153378,74,198165
18553,0.001562,172.31.40.0-255,66,153444,74,198165
18554,0.001566,74.125.200.0-255,2184,155628,74,198165
18555,0.001568,172.31.40.0-255,66,155694,74,198165
18556,0.001657,74.125.200.0-255,1484,157178,74,198165
18557,0.001661,74.125.200.0-255,1484,158662,74,198165
18558,0.001665,172.31.40.0-255,66,158728,74,198165
18559,0.001694,74.125.200.0-255,1484,160212,74,198165
18560,0.001697,74.125.200.0-255,1484,161696,74,198165
18561,0.0017,172.31.40.0-255,66,161762,74,198165
18562,0.001705,74.125.200.0-255,2902,164664,74,198165
18563,0.001707,172.31.40.0-255,66,164730,74,198165
18564,0.001722,74.125.200.0-255,5738,170468,74,198165
18565,0.001725,172.31.40.0-255,66,170534,74,198165
18566,0.00173,74.125.200.0-255,4320,174854,74,198165
18567,0.001732,172.31.40.0-255,66,174920,74,198165
18568,0.001768,172.31.40.0-255,66,174986,74,198165
18569,0.001777,74.125.200.0-255,4320,179306,74,198165
18570,0.00178,172.31.40.0-255,66,179372,74,198165
18571,0.001821,172.31.40.0-255,66,179438,74,198165
18572,0.001849,74.125.200.0-255,5020,184458,74,198165
18573,0.001851,172.31.40.0-255,66,184524,74,198165
18574,0.001909,172.31.40.0-255,66,184590,74,198165
18575,0.00194,74.125.200.0-255,2184,186774,74,198165
18576,0.001943,172.31.40.0-255,66,186840,74,198165
18577,0.001965,172.31.40.0-255,66,186906,74,198165
18578,0.001974,172.31.40.0-255,66,186972,74,198165
18579,0.001989,172.31.40.0-255,66,187038,74,198165
18580,0.002022,74.125.200.0-255,4320,191358,74,198165
18581,0.002034,172.31.40.0-255,66,191424,74,198165
18582,0.00206,74.125.200.0-255,4320,195744,74,198165
18583,0.002098,172.31.40.0-255,66,195810,74,198165
18584,0.00211,74.125.200.0-255,2184,197994,74,198165
18585,0.002177,172.31.40.0-255,66,198060,74,198165
18586,0.002202,74.125.200.0-255,105,198165,74,198165
18587,0.0,74.125.130.0-255,152,152,74,139957
18588,2.2e-05,172.31.40.0-255,66,218,74,139957
18589,2.9e-05,74.125.130.0-255,1484,1702,74,139957
18590,3.5e-05,172.31.40.0-255,66,1768,74,139957
18591,4e-05,74.125.130.0-255,2902,4670,74,139957
18592,4.4e-05,172.31.40.0-255,66,4736,74,139957
18593,5.8e-05,74.125.130.0-255,5738,10474,74,139957
18594,6.2e-05,172.31.40.0-255,66,10540,74,139957
18595,6.7e-05,74.125.130.0-255,2902,13442,74,139957
18596,7e-05,172.31.40.0-255,66,13508,74,139957
18597,0.0001,74.125.130.0-255,747,14255,74,139957
18598,0.000103,172.31.40.0-255,66,14321,74,139957
18599,0.000211,74.125.130.0-255,1484,15805,74,139957
18600,0.000215,172.31.40.0-255,66,15871,74,139957
18601,0.000234,74.125.130.0-255,2902,18773,74,139957
18602,0.000237,172.31.40.0-255,66,18839,74,139957
18603,0.00024,74.125.130.0-255,1484,20323,74,139957
18604,0.000242,172.31.40.0-255,66,20389,74,139957
18605,0.000277,74.125.130.0-255,4320,24709,74,139957
18606,0.00028,172.31.40.0-255,66,24775,74,139957
18607,0.000286,74.125.130.0-255,4320,29095,74,139957
18608,0.000288,172.31.40.0-255,66,29161,74,139957
18609,0.000323,74.125.130.0-255,3961,33122,74,139957
18610,0.000326,172.31.40.0-255,66,33188,74,139957
18611,0.000363,74.125.130.0-255,4320,37508,74,139957
18612,0.000366,172.31.40.0-255,66,37574,74,139957
18613,0.000373,74.125.130.0-255,5738,43312,74,139957
18614,0.000375,172.31.40.0-255,66,43378,74,139957
18615,0.000428,74.125.130.0-255,5379,48757,74,139957
18616,0.000431,172.31.40.0-255,66,48823,74,139957
18617,0.000715,74.125.130.0-255,1484,50307,74,139957
18618,0.00072,172.31.40.0-255,66,50373,74,139957
18619,0.000724,74.125.130.0-255,1484,51857,74,139957
18620,0.000748,74.125.130.0-255,2902,54759,74,139957
18621,0.000751,172.31.40.0-255,66,54825,74,139957
18622,0.000757,74.125.130.0-255,5738,60563,74,139957
18623,0.000759,172.31.40.0-255,66,60629,74,139957
18624,0.000789,74.125.130.0-255,4320,64949,74,139957
18625,0.000792,172.31.40.0-255,66,65015,74,139957
18626,0.000835,74.125.130.0-255,1706,66721,74,139957
18627,0.000839,172.31.40.0-255,66,66787,74,139957
18628,0.000894,74.125.130.0-255,1484,68271,74,139957
18629,0.000898,74.125.130.0-255,1484,69755,74,139957
18630,0.000901,172.31.40.0-255,66,69821,74,139957
18631,0.000942,74.125.130.0-255,1484,71305,74,139957
18632,0.000947,74.125.130.0-255,2902,74207,74,139957
18633,0.00095,172.31.40.0-255,66,74273,74,139957
18634,0.000956,74.125.130.0-255,4320,78593,74,139957
18635,0.000958,172.31.40.0-255,66,78659,74,139957
18636,0.000962,74.125.130.0-255,1484,80143,74,139957
18637,0.000992,172.31.40.0-255,66,80209,74,139957
18638,0.000998,74.125.130.0-255,4320,84529,74,139957
18639,0.001,172.31.40.0-255,66,84595,74,139957
18640,0.001049,172.31.40.0-255,66,84661,74,139957
18641,0.001679,74.125.130.0-255,1484,86145,74,139957
18642,0.001686,74.125.130.0-255,1484,87629,74,139957
18643,0.00169,172.31.40.0-255,66,87695,74,139957
18644,0.001696,74.125.130.0-255,2902,90597,74,139957
18645,0.001698,172.31.40.0-255,66,90663,74,139957
18646,0.001729,74.125.130.0-255,5738,96401,74,139957
18647,0.001732,172.31.40.0-255,66,96467,74,139957
18648,0.001759,172.31.40.0-255,66,96533,74,139957
18649,0.001763,74.125.130.0-255,2902,99435,74,139957
18650,0.001765,172.31.40.0-255,66,99501,74,139957
18651,0.001811,172.31.40.0-255,66,99567,74,139957
18652,0.001817,74.125.130.0-255,3052,102619,74,139957
18653,0.001819,172.31.40.0-255,66,102685,74,139957
18654,0.001825,74.125.130.0-255,4320,107005,74,139957
18655,0.001827,172.31.40.0-255,66,107071,74,139957
18656,0.001884,172.31.40.0-255,66,107137,74,139957
18657,0.001888,74.125.130.0-255,1484,108621,74,139957
18658,0.001893,74.125.130.0-255,2902,111523,74,139957
18659,0.001895,172.31.40.0-255,66,111589,74,139957
18660,0.001901,74.125.130.0-255,5738,117327,74,139957
18661,0.001903,172.31.40.0-255,66,117393,74,139957
18662,0.001909,74.125.130.0-255,5738,123131,74,139957
18663,0.001911,172.31.40.0-255,66,123197,74,139957
18664,0.001934,74.125.130.0-255,766,123963,74,139957
18665,0.004195,74.125.130.0-255,4320,128283,74,139957
18666,0.004201,172.31.40.0-255,66,128349,74,139957
18667,0.006498,74.125.130.0-255,5738,134087,74,139957
18668,0.006505,172.31.40.0-255,66,134153,74,139957
18669,0.008798,74.125.130.0-255,5738,139891,74,139957
18670,0.008804,172.31.40.0-255,66,139957,74,139957
18671,0.0,172.253.118.0-255,156,156,74,111768
18672,2.2e-05,172.31.40.0-255,66,222,74,111768
18673,2.8e-05,172.253.118.0-255,1484,1706,74,111768
18674,3.1e-05,172.31.40.0-255,66,1772,74,111768
18675,4.2e-05,172.253.118.0-255,2902,4674,74,111768
18676,4.5e-05,172.31.40.0-255,66,4740,74,111768
18677,4.8e-05,172.253.118.0-255,2902,7642,74,111768
18678,5e-05,172.31.40.0-255,66,7708,74,111768
18679,9.1e-05,172.31.40.0-255,66,7774,74,111768
18680,0.000101,172.31.40.0-255,66,7840,74,111768
18681,0.000127,172.253.118.0-255,3961,11801,74,111768
18682,0.00013,172.31.40.0-255,66,11867,74,111768
18683,0.000199,172.253.118.0-255,1484,13351,74,111768
18684,0.000202,172.31.40.0-255,66,13417,74,111768
18685,0.000226,172.253.118.0-255,2902,16319,74,111768
18686,0.000228,172.31.40.0-255,66,16385,74,111768
18687,0.000232,172.253.118.0-255,2902,19287,74,111768
18688,0.000234,172.31.40.0-255,66,19353,74,111768
18689,0.000255,172.253.118.0-255,4320,23673,74,111768
18690,0.000257,172.31.40.0-255,66,23739,74,111768
18691,0.000282,172.253.118.0-255,2902,26641,74,111768
18692,0.000284,172.31.40.0-255,66,26707,74,111768
18693,0.000299,172.31.40.0-255,66,26773,74,111768
18694,0.000304,172.253.118.0-255,3602,30375,74,111768
18695,0.000306,172.31.40.0-255,66,30441,74,111768
18696,0.000343,172.253.118.0-255,362,30803,74,111768
18697,0.000345,172.31.40.0-255,66,30869,74,111768
18698,0.000454,172.253.118.0-255,130,30999,74,111768
18699,0.000458,172.31.40.0-255,66,31065,74,111768
18700,0.000656,172.253.118.0-255,1484,32549,74,111768
18701,0.000674,172.253.118.0-255,2902,35451,74,111768
18702,0.000677,172.31.40.0-255,66,35517,74,111768
18703,0.000711,172.253.118.0-255,5738,41255,74,111768
18704,0.000714,172.31.40.0-255,66,41321,74,111768
18705,0.00072,172.253.118.0-255,5738,47059,74,111768
18706,0.000721,172.31.40.0-255,66,47125,74,111768
18707,0.000742,172.253.118.0-255,1484,48609,74,111768
18708,0.000801,172.253.118.0-255,5738,54347,74,111768
18709,0.000805,172.31.40.0-255,66,54413,74,111768
18710,0.00084,172.31.40.0-255,66,54479,74,111768
18711,0.000866,172.253.118.0-255,2184,56663,74,111768
18712,0.000868,172.31.40.0-255,66,56729,74,111768
18713,0.000898,172.253.118.0-255,347,57076,74,111768
18714,0.000945,172.253.118.0-255,1484,58560,74,111768
18715,0.000949,172.31.40.0-255,66,58626,74,111768
18716,0.000953,172.253.118.0-255,2902,61528,74,111768
18717,0.000955,172.31.40.0-255,66,61594,74,111768
18718,0.000989,172.253.118.0-255,1484,63078,74,111768
18719,0.000994,172.253.118.0-255,5738,68816,74,111768
18720,0.001002,172.253.118.0-255,1484,70300,74,111768
18721,0.001005,172.31.40.0-255,66,70366,74,111768
18722,0.001008,172.31.40.0-255,66,70432,74,111768
18723,0.001043,172.253.118.0-255,766,71198,74,111768
18724,0.001074,172.31.40.0-255,66,71264,74,111768
18725,0.001476,172.253.118.0-255,1484,72748,74,111768
18726,0.00148,172.31.40.0-255,66,72814,74,111768
18727,0.001485,172.253.118.0-255,2902,75716,74,111768
18728,0.001487,172.31.40.0-255,66,75782,74,111768
18729,0.001491,172.253.118.0-255,2902,78684,74,111768
18730,0.001492,172.31.40.0-255,66,78750,74,111768
18731,0.001509,172.253.118.0-255,2902,81652,74,111768
18732,0.001511,172.31.40.0-255,66,81718,74,111768
18733,0.001514,172.253.118.0-255,2902,84620,74,111768
18734,0.001516,172.31.40.0-255,66,84686,74,111768
18735,0.001542,172.31.40.0-255,66,84752,74,111768
18736,0.001554,172.31.40.0-255,66,84818,74,111768
18737,0.001582,172.253.118.0-255,3602,88420,74,111768
18738,0.001585,172.31.40.0-255,66,88486,74,111768
18739,0.00351,172.253.118.0-255,1484,89970,74,111768
18740,0.00355,172.253.118.0-255,4320,94290,74,111768
18741,0.003555,172.31.40.0-255,66,94356,74,111768
18742,0.005518,172.253.118.0-255,5738,100094,74,111768
18743,0.005522,172.31.40.0-255,66,100160,74,111768
18744,0.007493,172.253.118.0-255,5738,105898,74,111768
18745,0.007501,172.31.40.0-255,66,105964,74,111768
18746,0.009482,172.253.118.0-255,5738,111702,74,111768
18747,0.00949,172.31.40.0-255,66,111768,74,111768
18748,0.0,172.217.194.0-255,152,152,74,70321
18749,2.4e-05,172.31.40.0-255,66,218,74,70321
18750,3.2e-05,172.217.194.0-255,1484,1702,74,70321
18751,3.7e-05,172.31.40.0-255,66,1768,74,70321
18752,4.2e-05,172.217.194.0-255,2902,4670,74,70321
18753,5.4e-05,172.31.40.0-255,66,4736,74,70321
18754,6.6e-05,172.31.40.0-255,66,4802,74,70321
18755,0.000106,172.217.194.0-255,1982,6784,74,70321
18756,0.000109,172.31.40.0-255,66,6850,74,70321
18757,0.000137,172.217.194.0-255,2902,9752,74,70321
18758,0.000141,172.31.40.0-255,66,9818,74,70321
18759,0.000151,172.31.40.0-255,66,9884,74,70321
18760,0.000157,172.217.194.0-255,4320,14204,74,70321
18761,0.000159,172.31.40.0-255,66,14270,74,70321
18762,0.000187,172.217.194.0-255,2543,16813,74,70321
18763,0.00019,172.31.40.0-255,66,16879,74,70321
18764,0.000555,172.217.194.0-255,1484,18363,74,70321
18765,0.00056,172.31.40.0-255,66,18429,74,70321
18766,0.000567,172.217.194.0-255,2902,21331,74,70321
18767,0.00057,172.31.40.0-255,66,21397,74,70321
18768,0.000582,172.217.194.0-255,5738,27135,74,70321
18769,0.000585,172.31.40.0-255,66,27201,74,70321
18770,0.000613,172.217.194.0-255,5738,32939,74,70321
18771,0.000616,172.31.40.0-255,66,33005,74,70321
18772,0.00066,172.31.40.0-255,66,33071,74,70321
18773,0.000671,172.31.40.0-255,66,33137,74,70321
18774,0.000674,172.217.194.0-255,1437,34574,74,70321
18775,0.000677,172.31.40.0-255,66,34640,74,70321
18776,0.000928,172.217.194.0-255,98,34738,74,70321
18777,0.001057,172.217.194.0-255,363,35101,74,70321
18778,0.001137,172.31.40.0-255,66,35167,74,70321
18779,0.001332,172.217.194.0-255,1484,36651,74,70321
18780,0.00135,172.217.194.0-255,2902,39553,74,70321
18781,0.001354,172.31.40.0-255,66,39619,74,70321
18782,0.001386,172.217.194.0-255,5738,45357,74,70321
18783,0.001388,172.31.40.0-255,66,45423,74,70321
18784,0.001392,172.217.194.0-255,1484,46907,74,70321
18785,0.001415,172.217.194.0-255,4320,51227,74,70321
18786,0.001418,172.31.40.0-255,66,51293,74,70321
18787,0.001449,172.31.40.0-255,66,51359,74,70321
18788,0.001452,172.217.194.0-255,1484,52843,74,70321
18789,0.001467,172.31.40.0-255,66,52909,74,70321
18790,0.003837,172.217.194.0-255,5738,58647,74,70321
18791,0.00384,172.31.40.0-255,66,58713,74,70321
18792,0.006231,172.217.194.0-255,5738,64451,74,70321
18793,0.006238,172.31.40.0-255,66,64517,74,70321
18794,0.008555,172.217.194.0-255,5738,70255,74,70321
18795,0.00856,172.31.40.0-255,66,70321,74,70321
18796,0.0,172.217.194.0-255,152,152,74,150622
18797,2.3e-05,172.31.40.0-255,66,218,74,150622
18798,2.9e-05,172.217.194.0-255,1484,1702,74,150622
18799,3.4e-05,172.31.40.0-255,66,1768,74,150622
18800,3.9e-05,172.217.194.0-255,2902,4670,74,150622
18801,4.1e-05,172.31.40.0-255,66,4736,74,150622
18802,6.5e-05,172.31.40.0-255,66,4802,74,150622
18803,9.5e-05,172.217.194.0-255,1484,6286,74,150622
18804,9.7e-05,172.31.40.0-255,66,6352,74,150622
18805,0.000125,172.31.40.0-255,66,6418,74,150622
18806,0.00013,172.217.194.0-255,4320,10738,74,150622
18807,0.000131,172.31.40.0-255,66,10804,74,150622
18808,0.000177,172.217.194.0-255,2543,13347,74,150622
18809,0.000179,172.31.40.0-255,66,13413,74,150622
18810,0.000183,172.217.194.0-255,2902,16315,74,150622
18811,0.000185,172.31.40.0-255,66,16381,74,150622
18812,0.000194,172.217.194.0-255,1484,17865,74,150622
18813,0.000196,172.31.40.0-255,66,17931,74,150622
18814,0.000223,172.217.194.0-255,5738,23669,74,150622
18815,0.000225,172.31.40.0-255,66,23735,74,150622
18816,0.000234,172.31.40.0-255,66,23801,74,150622
18817,0.000247,172.217.194.0-255,5738,29539,74,150622
18818,0.000252,172.31.40.0-255,66,29605,74,150622
18819,0.00028,172.31.40.0-255,66,29671,74,150622
18820,0.000282,172.217.194.0-255,1415,31086,74,150622
18821,0.000284,172.31.40.0-255,66,31152,74,150622
18822,0.00038,172.217.194.0-255,100,31252,74,150622
18823,0.000384,172.31.40.0-255,66,31318,74,150622
18824,0.000765,172.217.194.0-255,362,31680,74,150622
18825,0.000818,172.217.194.0-255,1484,33164,74,150622
18826,0.000822,172.31.40.0-255,66,33230,74,150622
18827,0.000834,172.217.194.0-255,2902,36132,74,150622
18828,0.000836,172.31.40.0-255,66,36198,74,150622
18829,0.000843,172.217.194.0-255,5738,41936,74,150622
18830,0.000844,172.31.40.0-255,66,42002,74,150622
18831,0.000866,172.217.194.0-255,5738,47740,74,150622
18832,0.000869,172.31.40.0-255,66,47806,74,150622
18833,0.000886,172.31.40.0-255,66,47872,74,150622
18834,0.000896,172.31.40.0-255,66,47938,74,150622
18835,0.000925,172.217.194.0-255,2184,50122,74,150622
18836,0.000928,172.31.40.0-255,66,50188,74,150622
18837,0.000932,172.217.194.0-255,2902,53090,74,150622
18838,0.000934,172.31.40.0-255,66,53156,74,150622
18839,0.000954,172.217.194.0-255,5738,58894,74,150622
18840,0.000956,172.31.40.0-255,66,58960,74,150622
18841,0.000968,172.217.194.0-255,1484,60444,74,150622
18842,0.000978,172.31.40.0-255,66,60510,74,150622
18843,0.001002,172.31.40.0-255,66,60576,74,150622
18844,0.001005,172.31.40.0-255,66,60642,74,150622
18845,0.001053,172.217.194.0-255,1484,62126,74,150622
18846,0.001058,172.217.194.0-255,2902,65028,74,150622
18847,0.001062,172.31.40.0-255,66,65094,74,150622
18848,0.001095,172.217.194.0-255,5738,70832,74,150622
18849,0.001099,172.31.40.0-255,66,70898,74,150622
18850,0.001108,172.31.40.0-255,66,70964,74,150622
18851,0.001148,172.31.40.0-255,66,71030,74,150622
18852,0.001152,172.217.194.0-255,2184,73214,74,150622
18853,0.001155,172.31.40.0-255,66,73280,74,150622
18854,0.001194,172.31.40.0-255,66,73346,74,150622
18855,0.001219,172.31.40.0-255,66,73412,74,150622
18856,0.001232,172.31.40.0-255,66,73478,74,150622
18857,0.00126,172.217.194.0-255,2184,75662,74,150622
18858,0.001263,172.31.40.0-255,66,75728,74,150622
18859,0.0013,172.217.194.0-255,2902,78630,74,150622
18860,0.001304,172.31.40.0-255,66,78696,74,150622
18861,0.00131,172.217.194.0-255,5738,84434,74,150622
18862,0.001313,172.31.40.0-255,66,84500,74,150622
18863,0.00135,172.217.194.0-255,5738,90238,74,150622
18864,0.001353,172.31.40.0-255,66,90304,74,150622
18865,0.001377,172.217.194.0-255,4320,94624,74,150622
18866,0.001379,172.31.40.0-255,66,94690,74,150622
18867,0.001394,172.31.40.0-255,66,94756,74,150622
18868,0.00152,172.217.194.0-255,1484,96240,74,150622
18869,0.001527,172.217.194.0-255,2902,99142,74,150622
18870,0.00153,172.31.40.0-255,66,99208,74,150622
18871,0.001536,172.217.194.0-255,4320,103528,74,150622
18872,0.001538,172.31.40.0-255,66,103594,74,150622
18873,0.001552,172.217.194.0-255,1484,105078,74,150622
18874,0.001556,172.217.194.0-255,2902,107980,74,150622
18875,0.001559,172.31.40.0-255,66,108046,74,150622
18876,0.001578,172.217.194.0-255,2902,110948,74,150622
18877,0.001581,172.31.40.0-255,66,111014,74,150622
18878,0.001606,172.31.40.0-255,66,111080,74,150622
18879,0.001619,172.31.40.0-255,66,111146,74,150622
18880,0.001636,172.217.194.0-255,766,111912,74,150622
18881,0.001675,172.217.194.0-255,1484,113396,74,150622
18882,0.001678,172.31.40.0-255,66,113462,74,150622
18883,0.001682,172.217.194.0-255,2902,116364,74,150622
18884,0.001684,172.31.40.0-255,66,116430,74,150622
18885,0.001695,172.217.194.0-255,1484,117914,74,150622
18886,0.001724,172.217.194.0-255,4320,122234,74,150622
18887,0.001727,172.31.40.0-255,66,122300,74,150622
18888,0.001733,172.217.194.0-255,5738,128038,74,150622
18889,0.001736,172.31.40.0-255,66,128104,74,150622
18890,0.001749,172.31.40.0-255,66,128170,74,150622
18891,0.001753,172.217.194.0-255,1484,129654,74,150622
18892,0.001777,172.217.194.0-255,3602,133256,74,150622
18893,0.00178,172.31.40.0-255,66,133322,74,150622
18894,0.001786,172.217.194.0-255,5738,139060,74,150622
18895,0.001789,172.31.40.0-255,66,139126,74,150622
18896,0.001793,172.217.194.0-255,2902,142028,74,150622
18897,0.001795,172.31.40.0-255,66,142094,74,150622
18898,0.001818,172.31.40.0-255,66,142160,74,150622
18899,0.001829,172.31.40.0-255,66,142226,74,150622
18900,0.001869,172.217.194.0-255,2902,145128,74,150622
18901,0.001872,172.31.40.0-255,66,145194,74,150622
18902,0.001918,172.31.40.0-255,66,145260,74,150622
18903,0.001942,172.31.40.0-255,66,145326,74,150622
18904,0.001959,172.217.194.0-255,5020,150346,74,150622
18905,0.001972,172.217.194.0-255,105,150451,74,150622
18906,0.00198,172.31.40.0-255,66,150517,74,150622
18907,0.00956,172.31.40.0-255,105,150622,74,150622
18908,0.0,172.217.194.0-255,152,152,74,162344
18909,2.4e-05,172.31.40.0-255,66,218,74,162344
18910,3e-05,172.217.194.0-255,1484,1702,74,162344
18911,3.4e-05,172.31.40.0-255,66,1768,74,162344
18912,3.9e-05,172.217.194.0-255,2902,4670,74,162344
18913,4.2e-05,172.31.40.0-255,66,4736,74,162344
18914,4.8e-05,172.217.194.0-255,4320,9056,74,162344
18915,5e-05,172.31.40.0-255,66,9122,74,162344
18916,7.8e-05,172.217.194.0-255,4903,14025,74,162344
18917,8.1e-05,172.31.40.0-255,66,14091,74,162344
18918,0.000197,172.217.194.0-255,1484,15575,74,162344
18919,0.000202,172.31.40.0-255,66,15641,74,162344
18920,0.000205,172.217.194.0-255,1484,17125,74,162344
18921,0.000227,172.31.40.0-255,66,17191,74,162344
18922,0.00025,172.217.194.0-255,1484,18675,74,162344
18923,0.000252,172.31.40.0-255,66,18741,74,162344
18924,0.000258,172.217.194.0-255,5738,24479,74,162344
18925,0.000261,172.31.40.0-255,66,24545,74,162344
18926,0.000269,172.31.40.0-255,66,24611,74,162344
18927,0.000317,172.31.40.0-255,66,24677,74,162344
18928,0.00032,172.217.194.0-255,2902,27579,74,162344
18929,0.000322,172.31.40.0-255,66,27645,74,162344
18930,0.000358,172.217.194.0-255,4320,31965,74,162344
18931,0.000361,172.31.40.0-255,66,32031,74,162344
18932,0.000377,172.217.194.0-255,2543,34574,74,162344
18933,0.000379,172.31.40.0-255,66,34640,74,162344
18934,0.000426,172.217.194.0-255,1484,36124,74,162344
18935,0.000429,172.31.40.0-255,66,36190,74,162344
18936,0.000433,172.217.194.0-255,2902,39092,74,162344
18937,0.000435,172.31.40.0-255,66,39158,74,162344
18938,0.000471,172.217.194.0-255,5738,44896,74,162344
18939,0.000474,172.31.40.0-255,66,44962,74,162344
18940,0.000479,172.217.194.0-255,4320,49282,74,162344
18941,0.000481,172.31.40.0-255,66,49348,74,162344
18942,0.000496,172.217.194.0-255,2819,52167,74,162344
18943,0.000498,172.31.40.0-255,66,52233,74,162344
18944,0.000501,172.217.194.0-255,379,52612,74,162344
18945,0.000791,172.217.194.0-255,1484,54096,74,162344
18946,0.000797,172.31.40.0-255,66,54162,74,162344
18947,0.000803,172.217.194.0-255,2902,57064,74,162344
18948,0.000805,172.31.40.0-255,66,57130,74,162344
18949,0.000817,172.217.194.0-255,1484,58614,74,162344
18950,0.000844,172.217.194.0-255,4320,62934,74,162344
18951,0.000847,172.31.40.0-255,66,63000,74,162344
18952,0.000859,172.31.40.0-255,66,63066,74,162344
18953,0.000904,172.31.40.0-255,66,63132,74,162344
18954,0.000988,172.217.194.0-255,1484,64616,74,162344
18955,0.000994,172.217.194.0-255,2902,67518,74,162344
18956,0.000998,172.31.40.0-255,66,67584,74,162344
18957,0.001017,172.217.194.0-255,5738,73322,74,162344
18958,0.001021,172.31.40.0-255,66,73388,74,162344
18959,0.001025,172.217.194.0-255,2902,76290,74,162344
18960,0.001027,172.31.40.0-255,66,76356,74,162344
18961,0.00106,172.217.194.0-255,4320,80676,74,162344
18962,0.001063,172.31.40.0-255,66,80742,74,162344
18963,0.001078,172.31.40.0-255,66,80808,74,162344
18964,0.001082,172.217.194.0-255,2184,82992,74,162344
18965,0.001084,172.31.40.0-255,66,83058,74,162344
18966,0.001145,172.217.194.0-255,1484,84542,74,162344
18967,0.001149,172.217.194.0-255,1484,86026,74,162344
18968,0.001152,172.31.40.0-255,66,86092,74,162344
18969,0.001172,172.217.194.0-255,1484,87576,74,162344
18970,0.001178,172.217.194.0-255,5738,93314,74,162344
18971,0.00118,172.217.194.0-255,1484,94798,74,162344
18972,0.001182,172.217.194.0-255,1484,96282,74,162344
18973,0.001186,172.31.40.0-255,66,96348,74,162344
18974,0.00119,172.31.40.0-255,66,96414,74,162344
18975,0.001205,172.31.40.0-255,66,96480,74,162344
18976,0.001229,172.217.194.0-255,2902,99382,74,162344
18977,0.001232,172.31.40.0-255,66,99448,74,162344
18978,0.00126,172.31.40.0-255,66,99514,74,162344
18979,0.00132,172.217.194.0-255,1484,100998,74,162344
18980,0.001325,172.217.194.0-255,1484,102482,74,162344
18981,0.001327,172.31.40.0-255,66,102548,74,162344
18982,0.001347,172.217.194.0-255,1484,104032,74,162344
18983,0.001353,172.217.194.0-255,5738,109770,74,162344
18984,0.001355,172.31.40.0-255,66,109836,74,162344
18985,0.001372,172.217.194.0-255,5738,115574,74,162344
18986,0.001374,172.31.40.0-255,66,115640,74,162344
18987,0.001415,172.31.40.0-255,66,115706,74,162344
18988,0.001418,172.31.40.0-255,66,115772,74,162344
18989,0.001432,172.217.194.0-255,2184,117956,74,162344
18990,0.001434,172.31.40.0-255,66,118022,74,162344
18991,0.001725,172.217.194.0-255,1484,119506,74,162344
18992,0.001729,172.217.194.0-255,1484,120990,74,162344
18993,0.001733,172.31.40.0-255,66,121056,74,162344
18994,0.001752,172.217.194.0-255,1484,122540,74,162344
18995,0.00176,172.217.194.0-255,5738,128278,74,162344
18996,0.001762,172.31.40.0-255,66,128344,74,162344
18997,0.001806,172.217.194.0-255,2902,131246,74,162344
18998,0.001808,172.31.40.0-255,66,131312,74,162344
18999,0.001834,172.31.40.0-255,66,131378,74,162344
19000,0.001846,172.31.40.0-255,66,131444,74,162344
19001,0.001849,172.217.194.0-255,1484,132928,74,162344
19002,0.001853,172.217.194.0-255,2902,135830,74,162344
19003,0.001855,172.31.40.0-255,66,135896,74,162344
19004,0.00187,172.217.194.0-255,4320,140216,74,162344
19005,0.001873,172.31.40.0-255,66,140282,74,162344
19006,0.001897,172.217.194.0-255,1484,141766,74,162344
19007,0.001914,172.31.40.0-255,66,141832,74,162344
19008,0.001956,172.217.194.0-255,2902,144734,74,162344
19009,0.001959,172.31.40.0-255,66,144800,74,162344
19010,0.001995,172.31.40.0-255,66,144866,74,162344
19011,0.00401,172.217.194.0-255,5738,150604,74,162344
19012,0.004018,172.31.40.0-255,66,150670,74,162344
19013,0.006029,172.217.194.0-255,5738,156408,74,162344
19014,0.006036,172.31.40.0-255,66,156474,74,162344
19015,0.008041,172.217.194.0-255,4320,160794,74,162344
19016,0.008043,172.31.40.0-255,66,160860,74,162344
19017,0.008062,172.217.194.0-255,1484,162344,74,162344
19018,0.0,172.217.194.0-255,152,152,74,56112
19019,2.2e-05,172.31.40.0-255,66,218,74,56112
19020,2.8e-05,172.217.194.0-255,1484,1702,74,56112
19021,3.2e-05,172.31.40.0-255,66,1768,74,56112
19022,3.9e-05,172.217.194.0-255,2902,4670,74,56112
19023,4.3e-05,172.31.40.0-255,66,4736,74,56112
19024,5.3e-05,172.31.40.0-255,66,4802,74,56112
19025,8.7e-05,172.217.194.0-255,1994,6796,74,56112
19026,9e-05,172.31.40.0-255,66,6862,74,56112
19027,0.000313,172.217.194.0-255,1484,8346,74,56112
19028,0.000318,172.31.40.0-255,66,8412,74,56112
19029,0.000325,172.217.194.0-255,2902,11314,74,56112
19030,0.000327,172.31.40.0-255,66,11380,74,56112
19031,0.000356,172.217.194.0-255,5738,17118,74,56112
19032,0.000359,172.31.40.0-255,66,17184,74,56112
19033,0.0004,172.31.40.0-255,66,17250,74,56112
19034,0.00043,172.31.40.0-255,66,17316,74,56112
19035,0.000464,172.217.194.0-255,5738,23054,74,56112
19036,0.000467,172.31.40.0-255,66,23120,74,56112
19037,0.000495,172.31.40.0-255,66,23186,74,56112
19038,0.000498,172.217.194.0-255,378,23564,74,56112
19039,0.0005,172.31.40.0-255,66,23630,74,56112
19040,0.000516,172.217.194.0-255,98,23728,74,56112
19041,0.00052,172.31.40.0-255,66,23794,74,56112
19042,0.000762,172.217.194.0-255,1484,25278,74,56112
19043,0.000767,172.31.40.0-255,66,25344,74,56112
19044,0.000773,172.217.194.0-255,2902,28246,74,56112
19045,0.000775,172.31.40.0-255,66,28312,74,56112
19046,0.000778,172.217.194.0-255,1484,29796,74,56112
19047,0.000802,172.217.194.0-255,4320,34116,74,56112
19048,0.000815,172.31.40.0-255,66,34182,74,56112
19049,0.000818,172.31.40.0-255,66,34248,74,56112
19050,0.000855,172.217.194.0-255,4320,38568,74,56112
19051,0.000858,172.31.40.0-255,66,38634,74,56112
19052,0.000889,172.31.40.0-255,66,38700,74,56112
19053,0.003434,172.217.194.0-255,5738,44438,74,56112
19054,0.003441,172.31.40.0-255,66,44504,74,56112
19055,0.005977,172.217.194.0-255,5738,50242,74,56112
19056,0.005981,172.31.40.0-255,66,50308,74,56112
19057,0.008525,172.217.194.0-255,5738,56046,74,56112
19058,0.008533,172.31.40.0-255,66,56112,74,56112
19059,0.0,74.125.130.0-255,151,151,74,105667
19060,2.2e-05,172.31.40.0-255,66,217,74,105667
19061,2.8e-05,74.125.130.0-255,1484,1701,74,105667
19062,3.3e-05,172.31.40.0-255,66,1767,74,105667
19063,4.9e-05,74.125.130.0-255,1484,3251,74,105667
19064,5.1e-05,172.31.40.0-255,66,3317,74,105667
19065,6.2e-05,74.125.130.0-255,1484,4801,74,105667
19066,6.4e-05,172.31.40.0-255,66,4867,74,105667
19067,8e-05,74.125.130.0-255,5738,10605,74,105667
19068,8.3e-05,172.31.40.0-255,66,10671,74,105667
19069,8.6e-05,74.125.130.0-255,1484,12155,74,105667
19070,8.7e-05,172.31.40.0-255,66,12221,74,105667
19071,0.000111,74.125.130.0-255,2039,14260,74,105667
19072,0.000114,172.31.40.0-255,66,14326,74,105667
19073,0.000124,74.125.130.0-255,1484,15810,74,105667
19074,0.000126,172.31.40.0-255,66,15876,74,105667
19075,0.00014,74.125.130.0-255,4320,20196,74,105667
19076,0.000142,172.31.40.0-255,66,20262,74,105667
19077,0.000146,74.125.130.0-255,2902,23164,74,105667
19078,0.000147,172.31.40.0-255,66,23230,74,105667
19079,0.00015,74.125.130.0-255,1484,24714,74,105667
19080,0.000152,172.31.40.0-255,66,24780,74,105667
19081,0.000171,74.125.130.0-255,2902,27682,74,105667
19082,0.000173,172.31.40.0-255,66,27748,74,105667
19083,0.000203,74.125.130.0-255,3961,31709,74,105667
19084,0.000206,172.31.40.0-255,66,31775,74,105667
19085,0.000505,74.125.130.0-255,1484,33259,74,105667
19086,0.000509,172.31.40.0-255,66,33325,74,105667
19087,0.000516,74.125.130.0-255,2902,36227,74,105667
19088,0.000517,172.31.40.0-255,66,36293,74,105667
19089,0.00052,74.125.130.0-255,1484,37777,74,105667
19090,0.000523,172.31.40.0-255,66,37843,74,105667
19091,0.00054,74.125.130.0-255,4320,42163,74,105667
19092,0.000543,172.31.40.0-255,66,42229,74,105667
19093,0.000548,74.125.130.0-255,4320,46549,74,105667
19094,0.00055,172.31.40.0-255,66,46615,74,105667
19095,0.000602,74.125.130.0-255,5379,51994,74,105667
19096,0.000605,172.31.40.0-255,66,52060,74,105667
19097,0.000645,74.125.130.0-255,2902,54962,74,105667
19098,0.000648,172.31.40.0-255,66,55028,74,105667
19099,0.000667,74.125.130.0-255,2902,57930,74,105667
19100,0.000669,172.31.40.0-255,66,57996,74,105667
19101,0.000685,74.125.130.0-255,1484,59480,74,105667
19102,0.000688,74.125.130.0-255,1484,60964,74,105667
19103,0.000691,172.31.40.0-255,66,61030,74,105667
19104,0.000712,74.125.130.0-255,5632,66662,74,105667
19105,0.000714,172.31.40.0-255,66,66728,74,105667
19106,0.000732,74.125.130.0-255,117,66845,74,105667
19107,0.000845,74.125.130.0-255,1484,68329,74,105667
19108,0.000849,172.31.40.0-255,66,68395,74,105667
19109,0.000871,74.125.130.0-255,2902,71297,74,105667
19110,0.000874,172.31.40.0-255,66,71363,74,105667
19111,0.000879,74.125.130.0-255,5738,77101,74,105667
19112,0.000881,172.31.40.0-255,66,77167,74,105667
19113,0.000908,172.31.40.0-255,66,77233,74,105667
19114,0.000939,172.31.40.0-255,66,77299,74,105667
19115,0.000947,74.125.130.0-255,1484,78783,74,105667
19116,0.000965,74.125.130.0-255,3602,82385,74,105667
19117,0.000967,172.31.40.0-255,66,82451,74,105667
19118,0.002989,74.125.130.0-255,5738,88189,74,105667
19119,0.002997,172.31.40.0-255,66,88255,74,105667
19120,0.005015,74.125.130.0-255,5738,93993,74,105667
19121,0.005019,172.31.40.0-255,66,94059,74,105667
19122,0.007043,74.125.130.0-255,5738,99797,74,105667
19123,0.007049,172.31.40.0-255,66,99863,74,105667
19124,0.009079,74.125.130.0-255,5738,105601,74,105667
19125,0.009085,172.31.40.0-255,66,105667,74,105667
19126,0.0,172.217.194.0-255,146,146,74,122578
19127,2.4e-05,172.31.40.0-255,66,212,74,122578
19128,3.2e-05,172.217.194.0-255,1484,1696,74,122578
19129,3.7e-05,172.31.40.0-255,66,1762,74,122578
19130,4.3e-05,172.217.194.0-255,2902,4664,74,122578
19131,4.7e-05,172.31.40.0-255,66,4730,74,122578
19132,5.4e-05,172.217.194.0-255,5738,10468,74,122578
19133,5.7e-05,172.31.40.0-255,66,10534,74,122578
19134,8e-05,172.217.194.0-255,3449,13983,74,122578
19135,8.3e-05,172.31.40.0-255,66,14049,74,122578
19136,8.9e-05,172.217.194.0-255,4320,18369,74,122578
19137,9.1e-05,172.31.40.0-255,66,18435,74,122578
19138,9.7e-05,172.217.194.0-255,4320,22755,74,122578
19139,0.0001,172.31.40.0-255,66,22821,74,122578
19140,0.000118,172.217.194.0-255,5738,28559,74,122578
19141,0.000121,172.31.40.0-255,66,28625,74,122578
19142,0.000125,172.217.194.0-255,2543,31168,74,122578
19143,0.000128,172.31.40.0-255,66,31234,74,122578
19144,0.000192,172.217.194.0-255,1484,32718,74,122578
19145,0.000195,172.31.40.0-255,66,32784,74,122578
19146,0.000209,172.217.194.0-255,2902,35686,74,122578
19147,0.000211,172.31.40.0-255,66,35752,74,122578
19148,0.000218,172.217.194.0-255,5738,41490,74,122578
19149,0.000221,172.31.40.0-255,66,41556,74,122578
19150,0.000254,172.217.194.0-255,5738,47294,74,122578
19151,0.000257,172.31.40.0-255,66,47360,74,122578
19152,0.000268,172.217.194.0-255,1125,48485,74,122578
19153,0.00027,172.31.40.0-255,66,48551,74,122578
19154,0.000384,172.217.194.0-255,1484,50035,74,122578
19155,0.000388,172.31.40.0-255,66,50101,74,122578
19156,0.000394,172.217.194.0-255,2902,53003,74,122578
19157,0.000397,172.31.40.0-255,66,53069,74,122578
19158,0.000425,172.217.194.0-255,2902,55971,74,122578
19159,0.000427,172.31.40.0-255,66,56037,74,122578
19160,0.000451,172.217.194.0-255,2902,58939,74,122578
19161,0.000454,172.31.40.0-255,66,59005,74,122578
19162,0.000464,172.31.40.0-255,66,59071,74,122578
19163,0.000466,172.217.194.0-255,377,59448,74,122578
19164,0.000702,172.217.194.0-255,366,59814,74,122578
19165,0.000966,172.217.194.0-255,1484,61298,74,122578
19166,0.000975,172.31.40.0-255,66,61364,74,122578
19167,0.000981,172.217.194.0-255,2902,64266,74,122578
19168,0.000984,172.31.40.0-255,66,64332,74,122578
19169,0.000989,172.217.194.0-255,4320,68652,74,122578
19170,0.000991,172.31.40.0-255,66,68718,74,122578
19171,0.001012,172.217.194.0-255,1484,70202,74,122578
19172,0.001024,172.31.40.0-255,66,70268,74,122578
19173,0.001091,172.31.40.0-255,66,70334,74,122578
19174,0.001122,172.31.40.0-255,66,70400,74,122578
19175,0.001545,172.217.194.0-255,1484,71884,74,122578
19176,0.001553,172.217.194.0-255,2902,74786,74,122578
19177,0.001556,172.31.40.0-255,66,74852,74,122578
19178,0.001574,172.217.194.0-255,4320,79172,74,122578
19179,0.001576,172.31.40.0-255,66,79238,74,122578
19180,0.001601,172.217.194.0-255,1484,80722,74,122578
19181,0.001615,172.31.40.0-255,66,80788,74,122578
19182,0.001627,172.31.40.0-255,66,80854,74,122578
19183,0.001893,172.217.194.0-255,1484,82338,74,122578
19184,0.001902,172.217.194.0-255,2902,85240,74,122578
19185,0.001906,172.31.40.0-255,66,85306,74,122578
19186,0.001941,172.217.194.0-255,1484,86790,74,122578
19187,0.001946,172.217.194.0-255,2902,89692,74,122578
19188,0.001948,172.31.40.0-255,66,89758,74,122578
19189,0.001965,172.217.194.0-255,1484,91242,74,122578
19190,0.001985,172.217.194.0-255,4320,95562,74,122578
19191,0.001987,172.31.40.0-255,66,95628,74,122578
19192,0.001999,172.31.40.0-255,66,95694,74,122578
19193,0.00202,172.217.194.0-255,4320,100014,74,122578
19194,0.002022,172.31.40.0-255,66,100080,74,122578
19195,0.002043,172.217.194.0-255,5020,105100,74,122578
19196,0.002045,172.31.40.0-255,66,105166,74,122578
19197,0.004296,172.217.194.0-255,5738,110904,74,122578
19198,0.004304,172.31.40.0-255,66,110970,74,122578
19199,0.006572,172.217.194.0-255,5738,116708,74,122578
19200,0.006577,172.31.40.0-255,66,116774,74,122578
19201,0.008881,172.217.194.0-255,5738,122512,74,122578
19202,0.008888,172.31.40.0-255,66,122578,74,122578
19203,0.0,74.125.24.0-255,213,213,74,121927
19204,2.4e-05,172.31.40.0-255,66,279,74,121927
19205,3.1e-05,74.125.24.0-255,1484,1763,74,121927
19206,3.6e-05,172.31.40.0-255,66,1829,74,121927
19207,4.3e-05,74.125.24.0-255,4320,6149,74,121927
19208,5.3e-05,172.31.40.0-255,66,6215,74,121927
19209,6.5e-05,172.31.40.0-255,66,6281,74,121927
19210,0.000183,74.125.24.0-255,1484,7765,74,121927
19211,0.000187,172.31.40.0-255,66,7831,74,121927
19212,0.000193,74.125.24.0-255,2902,10733,74,121927
19213,0.000195,172.31.40.0-255,66,10799,74,121927
19214,0.000207,74.125.24.0-255,5738,16537,74,121927
19215,0.00021,172.31.40.0-255,66,16603,74,121927
19216,0.000262,172.31.40.0-255,66,16669,74,121927
19217,0.000289,74.125.24.0-255,1125,17794,74,121927
19218,0.000292,172.31.40.0-255,66,17860,74,121927
19219,0.000295,74.125.24.0-255,1484,19344,74,121927
19220,0.000297,172.31.40.0-255,66,19410,74,121927
19221,0.00032,172.31.40.0-255,66,19476,74,121927
19222,0.00033,172.31.40.0-255,66,19542,74,121927
19223,0.000333,74.125.24.0-255,707,20249,74,121927
19224,0.000335,172.31.40.0-255,66,20315,74,121927
19225,0.000615,74.125.24.0-255,1484,21799,74,121927
19226,0.000622,172.31.40.0-255,66,21865,74,121927
19227,0.000627,74.125.24.0-255,2902,24767,74,121927
19228,0.000629,172.31.40.0-255,66,24833,74,121927
19229,0.000632,74.125.24.0-255,1484,26317,74,121927
19230,0.000634,172.31.40.0-255,66,26383,74,121927
19231,0.000664,74.125.24.0-255,4320,30703,74,121927
19232,0.000671,172.31.40.0-255,66,30769,74,121927
19233,0.000676,74.125.24.0-255,2902,33671,74,121927
19234,0.000678,172.31.40.0-255,66,33737,74,121927
19235,0.000683,74.125.24.0-255,2902,36639,74,121927
19236,0.000685,172.31.40.0-255,66,36705,74,121927
19237,0.000711,74.125.24.0-255,1484,38189,74,121927
19238,0.000729,172.31.40.0-255,66,38255,74,121927
19239,0.000777,172.31.40.0-255,66,38321,74,121927
19240,0.000918,74.125.24.0-255,1484,39805,74,121927
19241,0.000935,74.125.24.0-255,2902,42707,74,121927
19242,0.000938,172.31.40.0-255,66,42773,74,121927
19243,0.000945,74.125.24.0-255,4320,47093,74,121927
19244,0.000947,172.31.40.0-255,66,47159,74,121927
19245,0.000975,74.125.24.0-255,1484,48643,74,121927
19246,0.000985,172.31.40.0-255,66,48709,74,121927
19247,0.000996,172.31.40.0-255,66,48775,74,121927
19248,0.001037,172.31.40.0-255,66,48841,74,121927
19249,0.001332,74.125.24.0-255,1484,50325,74,121927
19250,0.001339,74.125.24.0-255,2902,53227,74,121927
19251,0.001342,172.31.40.0-255,66,53293,74,121927
19252,0.001345,74.125.24.0-255,1484,54777,74,121927
19253,0.001374,74.125.24.0-255,4320,59097,74,121927
19254,0.001377,172.31.40.0-255,66,59163,74,121927
19255,0.001388,172.31.40.0-255,66,59229,74,121927
19256,0.001426,74.125.24.0-255,1484,60713,74,121927
19257,0.001449,172.31.40.0-255,66,60779,74,121927
19258,0.001477,74.125.24.0-255,5020,65799,74,121927
19259,0.00148,172.31.40.0-255,66,65865,74,121927
19260,0.001506,74.125.24.0-255,1484,67349,74,121927
19261,0.00151,74.125.24.0-255,2902,70251,74,121927
19262,0.001513,172.31.40.0-255,66,70317,74,121927
19263,0.001519,74.125.24.0-255,4320,74637,74,121927
19264,0.001522,172.31.40.0-255,66,74703,74,121927
19265,0.00154,74.125.24.0-255,1484,76187,74,121927
19266,0.001556,172.31.40.0-255,66,76253,74,121927
19267,0.001587,172.31.40.0-255,66,76319,74,121927
19268,0.001616,172.31.40.0-255,66,76385,74,121927
19269,0.001747,74.125.24.0-255,1484,77869,74,121927
19270,0.00176,74.125.24.0-255,2902,80771,74,121927
19271,0.001764,172.31.40.0-255,66,80837,74,121927
19272,0.001771,74.125.24.0-255,5738,86575,74,121927
19273,0.001773,172.31.40.0-255,66,86641,74,121927
19274,0.001833,172.31.40.0-255,66,86707,74,121927
19275,0.001859,74.125.24.0-255,2902,89609,74,121927
19276,0.001861,172.31.40.0-255,66,89675,74,121927
19277,0.001899,172.31.40.0-255,66,89741,74,121927
19278,0.002187,74.125.24.0-255,1484,91225,74,121927
19279,0.002194,74.125.24.0-255,2902,94127,74,121927
19280,0.002197,172.31.40.0-255,66,94193,74,121927
19281,0.002205,74.125.24.0-255,5738,99931,74,121927
19282,0.002207,172.31.40.0-255,66,99997,74,121927
19283,0.002249,74.125.24.0-255,4320,104317,74,121927
19284,0.002251,172.31.40.0-255,66,104383,74,121927
19285,0.002292,172.31.40.0-255,66,104449,74,121927
19286,0.00231,172.31.40.0-255,66,104515,74,121927
19287,0.004553,74.125.24.0-255,5738,110253,74,121927
19288,0.00456,172.31.40.0-255,66,110319,74,121927
19289,0.006817,74.125.24.0-255,5738,116057,74,121927
19290,0.006823,172.31.40.0-255,66,116123,74,121927
19291,0.009102,74.125.24.0-255,5738,121861,74,121927
19292,0.009105,172.31.40.0-255,66,121927,74,121927
19293,0.0,74.125.130.0-255,146,146,74,195045
19294,2.2e-05,172.31.40.0-255,66,212,74,195045
19295,3e-05,74.125.130.0-255,1484,1696,74,195045
19296,3.4e-05,172.31.40.0-255,66,1762,74,195045
19297,4.6e-05,74.125.130.0-255,2902,4664,74,195045
19298,4.9e-05,172.31.40.0-255,66,4730,74,195045
19299,5.2e-05,74.125.130.0-255,1484,6214,74,195045
19300,5.6e-05,172.31.40.0-255,66,6280,74,195045
19301,6.2e-05,74.125.130.0-255,2902,9182,74,195045
19302,6.4e-05,172.31.40.0-255,66,9248,74,195045
19303,6.8e-05,74.125.130.0-255,2902,12150,74,195045
19304,7.2e-05,172.31.40.0-255,66,12216,74,195045
19305,9.8e-05,74.125.130.0-255,3553,15769,74,195045
19306,0.000106,172.31.40.0-255,66,15835,74,195045
19307,0.000111,74.125.130.0-255,4320,20155,74,195045
19308,0.000113,172.31.40.0-255,66,20221,74,195045
19309,0.00012,74.125.130.0-255,5738,25959,74,195045
19310,0.000122,172.31.40.0-255,66,26025,74,195045
19311,0.000154,74.125.130.0-255,5379,31404,74,195045
19312,0.000157,172.31.40.0-255,66,31470,74,195045
19313,0.000327,74.125.130.0-255,1484,32954,74,195045
19314,0.000332,172.31.40.0-255,66,33020,74,195045
19315,0.000363,74.125.130.0-255,2902,35922,74,195045
19316,0.000366,172.31.40.0-255,66,35988,74,195045
19317,0.000371,74.125.130.0-255,4320,40308,74,195045
19318,0.000374,172.31.40.0-255,66,40374,74,195045
19319,0.000401,172.31.40.0-255,66,40440,74,195045
19320,0.000428,74.125.130.0-255,2543,42983,74,195045
19321,0.00043,172.31.40.0-255,66,43049,74,195045
19322,0.000442,172.31.40.0-255,66,43115,74,195045
19323,0.000453,74.125.130.0-255,5379,48494,74,195045
19324,0.000456,172.31.40.0-255,66,48560,74,195045
19325,0.000489,74.125.130.0-255,343,48903,74,195045
19326,0.000505,74.125.130.0-255,120,49023,74,195045
19327,0.000723,74.125.130.0-255,1484,50507,74,195045
19328,0.000727,172.31.40.0-255,66,50573,74,195045
19329,0.00074,74.125.130.0-255,1484,52057,74,195045
19330,0.000759,74.125.130.0-255,2902,54959,74,195045
19331,0.000767,172.31.40.0-255,66,55025,74,195045
19332,0.000797,74.125.130.0-255,5738,60763,74,195045
19333,0.000799,172.31.40.0-255,66,60829,74,195045
19334,0.000802,74.125.130.0-255,1484,62313,74,195045
19335,0.000806,74.125.130.0-255,2902,65215,74,195045
19336,0.000808,172.31.40.0-255,66,65281,74,195045
19337,0.000835,74.125.130.0-255,1125,66406,74,195045
19338,0.000903,74.125.130.0-255,1484,67890,74,195045
19339,0.000906,172.31.40.0-255,66,67956,74,195045
19340,0.000932,74.125.130.0-255,2902,70858,74,195045
19341,0.000935,172.31.40.0-255,66,70924,74,195045
19342,0.000965,74.125.130.0-255,4320,75244,74,195045
19343,0.000969,172.31.40.0-255,66,75310,74,195045
19344,0.000975,74.125.130.0-255,5738,81048,74,195045
19345,0.000977,172.31.40.0-255,66,81114,74,195045
19346,0.00099,74.125.130.0-255,1484,82598,74,195045
19347,0.001011,74.125.130.0-255,1125,83723,74,195045
19348,0.001013,172.31.40.0-255,66,83789,74,195045
19349,0.001143,74.125.130.0-255,1484,85273,74,195045
19350,0.001161,74.125.130.0-255,1484,86757,74,195045
19351,0.001165,172.31.40.0-255,66,86823,74,195045
19352,0.001193,74.125.130.0-255,2902,89725,74,195045
19353,0.001195,172.31.40.0-255,66,89791,74,195045
19354,0.001202,74.125.130.0-255,5738,95529,74,195045
19355,0.001204,172.31.40.0-255,66,95595,74,195045
19356,0.00121,74.125.130.0-255,1484,97079,74,195045
19357,0.001216,74.125.130.0-255,2902,99981,74,195045
19358,0.001219,172.31.40.0-255,66,100047,74,195045
19359,0.001249,74.125.130.0-255,5738,105785,74,195045
19360,0.001252,74.125.130.0-255,1484,107269,74,195045
19361,0.001257,172.31.40.0-255,66,107335,74,195045
19362,0.001275,74.125.130.0-255,2902,110237,74,195045
19363,0.001277,172.31.40.0-255,66,110303,74,195045
19364,0.001332,74.125.130.0-255,5738,116041,74,195045
19365,0.001335,172.31.40.0-255,66,116107,74,195045
19366,0.001338,74.125.130.0-255,1484,117591,74,195045
19367,0.001341,74.125.130.0-255,766,118357,74,195045
19368,0.001342,172.31.40.0-255,66,118423,74,195045
19369,0.001447,74.125.130.0-255,1484,119907,74,195045
19370,0.001461,74.125.130.0-255,2902,122809,74,195045
19371,0.001464,172.31.40.0-255,66,122875,74,195045
19372,0.001489,74.125.130.0-255,2902,125777,74,195045
19373,0.001491,172.31.40.0-255,66,125843,74,195045
19374,0.001503,74.125.130.0-255,2902,128745,74,195045
19375,0.001513,172.31.40.0-255,66,128811,74,195045
19376,0.001516,74.125.130.0-255,1484,130295,74,195045
19377,0.00152,74.125.130.0-255,2902,133197,74,195045
19378,0.001522,172.31.40.0-255,66,133263,74,195045
19379,0.001557,74.125.130.0-255,2902,136165,74,195045
19380,0.001564,172.31.40.0-255,66,136231,74,195045
19381,0.00159,74.125.130.0-255,4320,140551,74,195045
19382,0.001593,172.31.40.0-255,66,140617,74,195045
19383,0.00162,172.31.40.0-255,66,140683,74,195045
19384,0.001663,74.125.130.0-255,3602,144285,74,195045
19385,0.001666,172.31.40.0-255,66,144351,74,195045
19386,0.001886,74.125.130.0-255,1484,145835,74,195045
19387,0.001931,74.125.130.0-255,1484,147319,74,195045
19388,0.001934,172.31.40.0-255,66,147385,74,195045
19389,0.00194,74.125.130.0-255,2902,150287,74,195045
19390,0.001942,172.31.40.0-255,66,150353,74,195045
19391,0.001964,74.125.130.0-255,2902,153255,74,195045
19392,0.001967,172.31.40.0-255,66,153321,74,195045
19393,0.001973,74.125.130.0-255,4320,157641,74,195045
19394,0.001975,172.31.40.0-255,66,157707,74,195045
19395,0.00202,74.125.130.0-255,4320,162027,74,195045
19396,0.002023,172.31.40.0-255,66,162093,74,195045
19397,0.002053,74.125.130.0-255,5738,167831,74,195045
19398,0.002055,172.31.40.0-255,66,167897,74,195045
19399,0.002087,74.125.130.0-255,4320,172217,74,195045
19400,0.00209,172.31.40.0-255,66,172283,74,195045
19401,0.002093,74.125.130.0-255,1484,173767,74,195045
19402,0.002118,74.125.130.0-255,4320,178087,74,195045
19403,0.002121,172.31.40.0-255,66,178153,74,195045
19404,0.002124,74.125.130.0-255,766,178919,74,195045
19405,0.002891,172.31.40.0-255,66,178985,74,195045
19406,0.004366,74.125.130.0-255,4320,183305,74,195045
19407,0.004373,172.31.40.0-255,66,183371,74,195045
19408,0.005135,74.125.130.0-255,1484,184855,74,195045
19409,0.00662,74.125.130.0-255,4320,189175,74,195045
19410,0.006624,172.31.40.0-255,66,189241,74,195045
19411,0.008876,74.125.130.0-255,5738,194979,74,195045
19412,0.008883,172.31.40.0-255,66,195045,74,195045
19413,0.0,172.217.194.0-255,153,153,74,168568
19414,2.1e-05,172.31.40.0-255,66,219,74,168568
19415,2.8e-05,172.217.194.0-255,1484,1703,74,168568
19416,3.2e-05,172.31.40.0-255,66,1769,74,168568
19417,3.7e-05,172.217.194.0-255,2902,4671,74,168568
19418,3.9e-05,172.31.40.0-255,66,4737,74,168568
19419,4.9e-05,172.31.40.0-255,66,4803,74,168568
19420,7.2e-05,172.217.194.0-255,2039,6842,74,168568
19421,7.4e-05,172.31.40.0-255,66,6908,74,168568
19422,7.9e-05,172.217.194.0-255,2902,9810,74,168568
19423,8.1e-05,172.31.40.0-255,66,9876,74,168568
19424,9.8e-05,172.31.40.0-255,66,9942,74,168568
19425,0.000131,172.217.194.0-255,2902,12844,74,168568
19426,0.000133,172.31.40.0-255,66,12910,74,168568
19427,0.000165,172.31.40.0-255,66,12976,74,168568
19428,0.000175,172.31.40.0-255,66,13042,74,168568
19429,0.000217,172.217.194.0-255,1484,14526,74,168568
19430,0.000219,172.31.40.0-255,66,14592,74,168568
19431,0.000223,172.217.194.0-255,2902,17494,74,168568
19432,0.000225,172.31.40.0-255,66,17560,74,168568
19433,0.000241,172.217.194.0-255,5738,23298,74,168568
19434,0.000243,172.31.40.0-255,66,23364,74,168568
19435,0.000262,172.217.194.0-255,5738,29102,74,168568
19436,0.000264,172.31.40.0-255,66,29168,74,168568
19437,0.000285,172.217.194.0-255,1399,30567,74,168568
19438,0.000287,172.31.40.0-255,66,30633,74,168568
19439,0.00032,172.217.194.0-255,1484,32117,74,168568
19440,0.000322,172.31.40.0-255,66,32183,74,168568
19441,0.000327,172.217.194.0-255,2902,35085,74,168568
19442,0.000329,172.31.40.0-255,66,35151,74,168568
19443,0.000344,172.217.194.0-255,4320,39471,74,168568
19444,0.000346,172.31.40.0-255,66,39537,74,168568
19445,0.000361,172.217.194.0-255,1484,41021,74,168568
19446,0.000365,172.217.194.0-255,2902,43923,74,168568
19447,0.000367,172.31.40.0-255,66,43989,74,168568
19448,0.000398,172.31.40.0-255,66,44055,74,168568
19449,0.000409,172.31.40.0-255,66,44121,74,168568
19450,0.000449,172.217.194.0-255,1484,45605,74,168568
19451,0.000453,172.217.194.0-255,2902,48507,74,168568
19452,0.000454,172.31.40.0-255,66,48573,74,168568
19453,0.000459,172.217.194.0-255,4320,52893,74,168568
19454,0.000461,172.31.40.0-255,66,52959,74,168568
19455,0.000471,172.217.194.0-255,1484,54443,74,168568
19456,0.000497,172.31.40.0-255,66,54509,74,168568
19457,0.000504,172.217.194.0-255,5738,60247,74,168568
19458,0.000505,172.31.40.0-255,66,60313,74,168568
19459,0.000526,172.217.194.0-255,4320,64633,74,168568
19460,0.000528,172.31.40.0-255,66,64699,74,168568
19461,0.000531,172.217.194.0-255,766,65465,74,168568
19462,0.000572,172.217.194.0-255,1484,66949,74,168568
19463,0.000574,172.31.40.0-255,66,67015,74,168568
19464,0.000579,172.217.194.0-255,4320,71335,74,168568
19465,0.000581,172.31.40.0-255,66,71401,74,168568
19466,0.000591,172.217.194.0-255,1484,72885,74,168568
19467,0.000616,172.31.40.0-255,66,72951,74,168568
19468,0.000625,172.31.40.0-255,66,73017,74,168568
19469,0.000635,172.217.194.0-255,1484,74501,74,168568
19470,0.000648,172.217.194.0-255,1484,75985,74,168568
19471,0.00065,172.31.40.0-255,66,76051,74,168568
19472,0.000669,172.31.40.0-255,66,76117,74,168568
19473,0.000707,172.217.194.0-255,5738,81855,74,168568
19474,0.000709,172.31.40.0-255,66,81921,74,168568
19475,0.000729,172.217.194.0-255,4320,86241,74,168568
19476,0.000731,172.31.40.0-255,66,86307,74,168568
19477,0.000742,172.31.40.0-255,66,86373,74,168568
19478,0.000787,172.31.40.0-255,66,86439,74,168568
19479,0.000805,172.217.194.0-255,1484,87923,74,168568
19480,0.000823,172.217.194.0-255,5738,93661,74,168568
19481,0.000826,172.31.40.0-255,66,93727,74,168568
19482,0.000836,172.31.40.0-255,66,93793,74,168568
19483,0.000848,172.217.194.0-255,1484,95277,74,168568
19484,0.000885,172.31.40.0-255,66,95343,74,168568
19485,0.000887,172.217.194.0-255,766,96109,74,168568
19486,0.000917,172.217.194.0-255,5738,101847,74,168568
19487,0.00092,172.31.40.0-255,66,101913,74,168568
19488,0.000942,172.31.40.0-255,66,101979,74,168568
19489,0.000964,172.217.194.0-255,4320,106299,74,168568
19490,0.000967,172.31.40.0-255,66,106365,74,168568
19491,0.000976,172.31.40.0-255,66,106431,74,168568
19492,0.001001,172.217.194.0-255,3602,110033,74,168568
19493,0.001003,172.31.40.0-255,66,110099,74,168568
19494,0.001146,172.217.194.0-255,1484,111583,74,168568
19495,0.001151,172.217.194.0-255,2902,114485,74,168568
19496,0.001154,172.31.40.0-255,66,114551,74,168568
19497,0.001157,172.217.194.0-255,1484,116035,74,168568
19498,0.001174,172.217.194.0-255,4320,120355,74,168568
19499,0.001176,172.31.40.0-255,66,120421,74,168568
19500,0.001182,172.217.194.0-255,4320,124741,74,168568
19501,0.001183,172.31.40.0-255,66,124807,74,168568
19502,0.001235,172.217.194.0-255,1484,126291,74,168568
19503,0.001238,172.31.40.0-255,66,126357,74,168568
19504,0.001264,172.31.40.0-255,66,126423,74,168568
19505,0.001301,172.217.194.0-255,1484,127907,74,168568
19506,0.001316,172.217.194.0-255,2902,130809,74,168568
19507,0.001319,172.31.40.0-255,66,130875,74,168568
19508,0.001341,172.217.194.0-255,5738,136613,74,168568
19509,0.001343,172.31.40.0-255,66,136679,74,168568
19510,0.001347,172.217.194.0-255,2902,139581,74,168568
19511,0.00135,172.31.40.0-255,66,139647,74,168568
19512,0.001367,172.217.194.0-255,4320,143967,74,168568
19513,0.00137,172.31.40.0-255,66,144033,74,168568
19514,0.001373,172.217.194.0-255,1484,145517,74,168568
19515,0.001416,172.31.40.0-255,66,145583,74,168568
19516,0.00142,172.217.194.0-255,2184,147767,74,168568
19517,0.001422,172.31.40.0-255,66,147833,74,168568
19518,0.001442,172.217.194.0-255,2902,150735,74,168568
19519,0.001445,172.31.40.0-255,66,150801,74,168568
19520,0.001464,172.217.194.0-255,4320,155121,74,168568
19521,0.001467,172.31.40.0-255,66,155187,74,168568
19522,0.001476,172.31.40.0-255,66,155253,74,168568
19523,0.001492,172.217.194.0-255,1484,156737,74,168568
19524,0.001494,172.217.194.0-255,1484,158221,74,168568
19525,0.001496,172.31.40.0-255,66,158287,74,168568
19526,0.00154,172.31.40.0-255,66,158353,74,168568
19527,0.001552,172.31.40.0-255,66,158419,74,168568
19528,0.001578,172.217.194.0-255,5738,164157,74,168568
19529,0.00158,172.31.40.0-255,66,164223,74,168568
19530,0.001585,172.217.194.0-255,4003,168226,74,168568
19531,0.001587,172.31.40.0-255,66,168292,74,168568
19532,0.001589,172.217.194.0-255,105,168397,74,168568
19533,0.008764,172.31.40.0-255,66,168463,74,168568
19534,0.008796,172.31.40.0-255,105,168568,74,168568
19535,0.0,172.217.194.0-255,153,153,74,44986
19536,1.5e-05,172.31.40.0-255,66,219,74,44986
19537,2.2e-05,172.217.194.0-255,1484,1703,74,44986
19538,2.7e-05,172.31.40.0-255,66,1769,74,44986
19539,3.3e-05,172.217.194.0-255,2902,4671,74,44986
19540,4.4e-05,172.31.40.0-255,66,4737,74,44986
19541,5.5e-05,172.31.40.0-255,66,4803,74,44986
19542,8.6e-05,172.217.194.0-255,1484,6287,74,44986
19543,8.9e-05,172.31.40.0-255,66,6353,74,44986
19544,0.000127,172.31.40.0-255,66,6419,74,44986
19545,0.000189,172.31.40.0-255,66,6485,74,44986
19546,0.000205,172.217.194.0-255,1125,7610,74,44986
19547,0.000208,172.31.40.0-255,66,7676,74,44986
19548,0.00027,172.31.40.0-255,66,7742,74,44986
19549,0.000297,172.217.194.0-255,1484,9226,74,44986
19550,0.000299,172.31.40.0-255,66,9292,74,44986
19551,0.000366,172.31.40.0-255,66,9358,74,44986
19552,0.000385,172.217.194.0-255,3961,13319,74,44986
19553,0.000387,172.31.40.0-255,66,13385,74,44986
19554,0.000516,172.217.194.0-255,2833,16218,74,44986
19555,0.000521,172.31.40.0-255,66,16284,74,44986
19556,0.000549,172.217.194.0-255,1784,18068,74,44986
19557,0.000551,172.31.40.0-255,66,18134,74,44986
19558,0.000555,172.217.194.0-255,1484,19618,74,44986
19559,0.000557,172.31.40.0-255,66,19684,74,44986
19560,0.000588,172.217.194.0-255,5738,25422,74,44986
19561,0.000591,172.31.40.0-255,66,25488,74,44986
19562,0.000617,172.217.194.0-255,5738,31226,74,44986
19563,0.000621,172.31.40.0-255,66,31292,74,44986
19564,0.000658,172.31.40.0-255,66,31358,74,44986
19565,0.000746,172.217.194.0-255,2902,34260,74,44986
19566,0.00075,172.31.40.0-255,66,34326,74,44986
19567,0.000784,172.31.40.0-255,66,34392,74,44986
19568,0.000823,172.217.194.0-255,2902,37294,74,44986
19569,0.000827,172.31.40.0-255,66,37360,74,44986
19570,0.000862,172.31.40.0-255,66,37426,74,44986
19571,0.000961,172.31.40.0-255,66,37492,74,44986
19572,0.000992,172.31.40.0-255,66,37558,74,44986
19573,0.001095,172.217.194.0-255,2184,39742,74,44986
19574,0.001099,172.31.40.0-255,66,39808,74,44986
19575,0.001151,172.31.40.0-255,66,39874,74,44986
19576,0.00135,172.31.40.0-255,66,39940,74,44986
19577,0.001411,172.217.194.0-255,4320,44260,74,44986
19578,0.001415,172.31.40.0-255,66,44326,74,44986
19579,0.00146,172.31.40.0-255,66,44392,74,44986
19580,0.001749,172.31.40.0-255,66,44458,74,44986
19581,0.001791,172.31.40.0-255,66,44524,74,44986
19582,0.001979,172.31.40.0-255,66,44590,74,44986
19583,0.002038,172.31.40.0-255,66,44656,74,44986
19584,0.002315,172.31.40.0-255,66,44722,74,44986
19585,0.002386,172.31.40.0-255,66,44788,74,44986
19586,0.002719,172.31.40.0-255,66,44854,74,44986
19587,0.002774,172.31.40.0-255,66,44920,74,44986
19588,0.002809,172.31.40.0-255,66,44986,74,44986
19589,0.0,172.217.160.0-255,146,146,74,60617
19590,2.3e-05,172.31.40.0-255,66,212,74,60617
19591,3.1e-05,172.217.160.0-255,1484,1696,74,60617
19592,3.6e-05,172.31.40.0-255,66,1762,74,60617
19593,4.9e-05,172.217.160.0-255,2902,4664,74,60617
19594,5.3e-05,172.31.40.0-255,66,4730,74,60617
19595,6.4e-05,172.31.40.0-255,66,4796,74,60617
19596,0.000143,172.217.160.0-255,5738,10534,74,60617
19597,0.000147,172.31.40.0-255,66,10600,74,60617
19598,0.00018,172.31.40.0-255,66,10666,74,60617
19599,0.000314,172.31.40.0-255,66,10732,74,60617
19600,0.000399,172.31.40.0-255,66,10798,74,60617
19601,0.000434,172.31.40.0-255,66,10864,74,60617
19602,0.000707,172.31.40.0-255,66,10930,74,60617
19603,0.000828,172.217.160.0-255,373,11303,74,60617
19604,0.000832,172.31.40.0-255,66,11369,74,60617
19605,0.000856,172.217.160.0-255,104,11473,74,60617
19606,0.000859,172.31.40.0-255,66,11539,74,60617
19607,0.001103,172.217.160.0-255,1484,13023,74,60617
19608,0.001107,172.31.40.0-255,66,13089,74,60617
19609,0.001113,172.217.160.0-255,2902,15991,74,60617
19610,0.001115,172.31.40.0-255,66,16057,74,60617
19611,0.001141,172.217.160.0-255,5738,21795,74,60617
19612,0.001143,172.31.40.0-255,66,21861,74,60617
19613,0.001213,172.217.160.0-255,2902,24763,74,60617
19614,0.001217,172.31.40.0-255,66,24829,74,60617
19615,0.001241,172.217.160.0-255,2902,27731,74,60617
19616,0.001249,172.31.40.0-255,66,27797,74,60617
19617,0.00131,172.31.40.0-255,66,27863,74,60617
19618,0.001326,172.217.160.0-255,5738,33601,74,60617
19619,0.001342,172.31.40.0-255,66,33667,74,60617
19620,0.001469,172.217.160.0-255,5020,38687,74,60617
19621,0.001473,172.31.40.0-255,66,38753,74,60617
19622,0.003403,172.217.160.0-255,5738,44491,74,60617
19623,0.00341,172.31.40.0-255,66,44557,74,60617
19624,0.00535,172.217.160.0-255,4320,48877,74,60617
19625,0.005356,172.31.40.0-255,66,48943,74,60617
19626,0.005379,172.217.160.0-255,1484,50427,74,60617
19627,0.007287,172.217.160.0-255,4320,54747,74,60617
19628,0.007294,172.31.40.0-255,66,54813,74,60617
19629,0.009232,172.217.160.0-255,5738,60551,74,60617
19630,0.009278,172.31.40.0-255,66,60617,74,60617
19631,0.0,172.217.160.0-255,147,147,74,88844
19632,1.5e-05,172.31.40.0-255,66,213,74,88844
19633,2.2e-05,172.217.160.0-255,1484,1697,74,88844
19634,2.6e-05,172.31.40.0-255,66,1763,74,88844
19635,3.2e-05,172.217.160.0-255,2902,4665,74,88844
19636,4.5e-05,172.31.40.0-255,66,4731,74,88844
19637,5.7e-05,172.31.40.0-255,66,4797,74,88844
19638,9.5e-05,172.31.40.0-255,66,4863,74,88844
19639,0.000143,172.217.160.0-255,4320,9183,74,88844
19640,0.000146,172.31.40.0-255,66,9249,74,88844
19641,0.000182,172.31.40.0-255,66,9315,74,88844
19642,0.000261,172.31.40.0-255,66,9381,74,88844
19643,0.000285,172.217.160.0-255,4320,13701,74,88844
19644,0.000288,172.31.40.0-255,66,13767,74,88844
19645,0.000369,172.31.40.0-255,66,13833,74,88844
19646,0.000394,172.217.160.0-255,2543,16376,74,88844
19647,0.000396,172.31.40.0-255,66,16442,74,88844
19648,0.000469,172.31.40.0-255,66,16508,74,88844
19649,0.000492,172.217.160.0-255,1398,17906,74,88844
19650,0.000495,172.31.40.0-255,66,17972,74,88844
19651,0.000557,172.31.40.0-255,101,18073,74,88844
19652,0.000582,172.217.160.0-255,122,18195,74,88844
19653,0.000681,172.217.160.0-255,1484,19679,74,88844
19654,0.000685,172.31.40.0-255,66,19745,74,88844
19655,0.00069,172.217.160.0-255,2902,22647,74,88844
19656,0.000694,172.31.40.0-255,66,22713,74,88844
19657,0.000719,172.217.160.0-255,5738,28451,74,88844
19658,0.000722,172.31.40.0-255,66,28517,74,88844
19659,0.000763,172.31.40.0-255,66,28583,74,88844
19660,0.000814,172.217.160.0-255,5738,34321,74,88844
19661,0.000818,172.31.40.0-255,66,34387,74,88844
19662,0.000845,172.217.160.0-255,1484,35871,74,88844
19663,0.000885,172.31.40.0-255,66,35937,74,88844
19664,0.000914,172.217.160.0-255,2543,38480,74,88844
19665,0.000917,172.31.40.0-255,66,38546,74,88844
19666,0.001572,172.217.160.0-255,1484,40030,74,88844
19667,0.001578,172.217.160.0-255,2902,42932,74,88844
19668,0.001582,172.31.40.0-255,66,42998,74,88844
19669,0.001616,172.217.160.0-255,5738,48736,74,88844
19670,0.001619,172.31.40.0-255,66,48802,74,88844
19671,0.001657,172.217.160.0-255,5738,54540,74,88844
19672,0.00166,172.31.40.0-255,66,54606,74,88844
19673,0.001707,172.217.160.0-255,5738,60344,74,88844
19674,0.00171,172.31.40.0-255,66,60410,74,88844
19675,0.001741,172.31.40.0-255,66,60476,74,88844
19676,0.001816,172.217.160.0-255,5020,65496,74,88844
19677,0.001819,172.31.40.0-255,66,65562,74,88844
19678,0.00216,172.217.160.0-255,66,65628,74,88844
19679,0.003464,172.217.160.0-255,5738,71366,74,88844
19680,0.003471,172.31.40.0-255,66,71432,74,88844
19681,0.00511,172.217.160.0-255,5738,77170,74,88844
19682,0.005115,172.31.40.0-255,66,77236,74,88844
19683,0.006776,172.217.160.0-255,5738,82974,74,88844
19684,0.006782,172.31.40.0-255,66,83040,74,88844
19685,0.008508,172.217.160.0-255,5738,88778,74,88844
19686,0.008515,172.31.40.0-255,66,88844,74,88844
19687,0.0,74.125.200.0-255,291,291,74,223154
19688,2.3e-05,172.31.40.0-255,66,357,74,223154
19689,3e-05,74.125.200.0-255,1484,1841,74,223154
19690,3.4e-05,172.31.40.0-255,66,1907,74,223154
19691,4e-05,74.125.200.0-255,4320,6227,74,223154
19692,4.3e-05,172.31.40.0-255,66,6293,74,223154
19693,4.9e-05,74.125.200.0-255,5738,12031,74,223154
19694,5.1e-05,172.31.40.0-255,66,12097,74,223154
19695,7.5e-05,74.125.200.0-255,6105,18202,74,223154
19696,7.7e-05,172.31.40.0-255,66,18268,74,223154
19697,0.000111,172.31.40.0-255,66,18334,74,223154
19698,0.000133,74.125.200.0-255,1125,19459,74,223154
19699,0.000136,172.31.40.0-255,66,19525,74,223154
19700,0.00022,74.125.200.0-255,1484,21009,74,223154
19701,0.000223,172.31.40.0-255,66,21075,74,223154
19702,0.000229,74.125.200.0-255,2902,23977,74,223154
19703,0.00023,172.31.40.0-255,66,24043,74,223154
19704,0.000242,74.125.200.0-255,1484,25527,74,223154
19705,0.000244,172.31.40.0-255,66,25593,74,223154
19706,0.000262,74.125.200.0-255,2902,28495,74,223154
19707,0.000265,172.31.40.0-255,66,28561,74,223154
19708,0.000294,74.125.200.0-255,5738,34299,74,223154
19709,0.000297,172.31.40.0-255,66,34365,74,223154
19710,0.000301,74.125.200.0-255,2543,36908,74,223154
19711,0.000303,172.31.40.0-255,66,36974,74,223154
19712,0.000307,74.125.200.0-255,1484,38458,74,223154
19713,0.000309,172.31.40.0-255,66,38524,74,223154
19714,0.000321,74.125.200.0-255,1484,40008,74,223154
19715,0.000323,172.31.40.0-255,66,40074,74,223154
19716,0.000328,74.125.200.0-255,2902,42976,74,223154
19717,0.00033,172.31.40.0-255,66,43042,74,223154
19718,0.000346,74.125.200.0-255,4320,47362,74,223154
19719,0.000348,172.31.40.0-255,66,47428,74,223154
19720,0.000355,74.125.200.0-255,5738,53166,74,223154
19721,0.000357,172.31.40.0-255,66,53232,74,223154
19722,0.000395,74.125.200.0-255,1463,54695,74,223154
19723,0.000397,172.31.40.0-255,66,54761,74,223154
19724,0.00042,74.125.200.0-255,350,55111,74,223154
19725,0.000423,172.31.40.0-255,66,55177,74,223154
19726,0.00051,74.125.200.0-255,1484,56661,74,223154
19727,0.000515,172.31.40.0-255,66,56727,74,223154
19728,0.000518,74.125.200.0-255,1484,58211,74,223154
19729,0.00052,172.31.40.0-255,66,58277,74,223154
19730,0.000534,74.125.200.0-255,1484,59761,74,223154
19731,0.000537,172.31.40.0-255,66,59827,74,223154
19732,0.000543,74.125.200.0-255,5738,65565,74,223154
19733,0.000545,172.31.40.0-255,66,65631,74,223154
19734,0.000549,74.125.200.0-255,2902,68533,74,223154
19735,0.000552,172.31.40.0-255,66,68599,74,223154
19736,0.000564,74.125.200.0-255,1484,70083,74,223154
19737,0.000566,172.31.40.0-255,66,70149,74,223154
19738,0.000572,74.125.200.0-255,5738,75887,74,223154
19739,0.000575,172.31.40.0-255,66,75953,74,223154
19740,0.00061,172.31.40.0-255,66,76019,74,223154
19741,0.000614,74.125.200.0-255,2184,78203,74,223154
19742,0.000616,172.31.40.0-255,66,78269,74,223154
19743,0.000852,74.125.200.0-255,1484,79753,74,223154
19744,0.000857,172.31.40.0-255,66,79819,74,223154
19745,0.000861,74.125.200.0-255,1484,81303,74,223154
19746,0.000864,172.31.40.0-255,66,81369,74,223154
19747,0.000878,74.125.200.0-255,1484,82853,74,223154
19748,0.000882,172.31.40.0-255,66,82919,74,223154
19749,0.000905,74.125.200.0-255,5738,88657,74,223154
19750,0.000908,172.31.40.0-255,66,88723,74,223154
19751,0.000915,74.125.200.0-255,5738,94461,74,223154
19752,0.000917,172.31.40.0-255,66,94527,74,223154
19753,0.000975,172.31.40.0-255,66,94593,74,223154
19754,0.000988,172.31.40.0-255,66,94659,74,223154
19755,0.001014,74.125.200.0-255,1484,96143,74,223154
19756,0.001016,172.31.40.0-255,66,96209,74,223154
19757,0.001022,74.125.200.0-255,2902,99111,74,223154
19758,0.001024,172.31.40.0-255,66,99177,74,223154
19759,0.001042,74.125.200.0-255,5738,104915,74,223154
19760,0.001045,172.31.40.0-255,66,104981,74,223154
19761,0.001048,74.125.200.0-255,1484,106465,74,223154
19762,0.00105,172.31.40.0-255,66,106531,74,223154
19763,0.001082,74.125.200.0-255,2902,109433,74,223154
19764,0.001085,172.31.40.0-255,66,109499,74,223154
19765,0.001091,74.125.200.0-255,5738,115237,74,223154
19766,0.001094,172.31.40.0-255,66,115303,74,223154
19767,0.001103,172.31.40.0-255,66,115369,74,223154
19768,0.001132,74.125.200.0-255,4320,119689,74,223154
19769,0.001135,172.31.40.0-255,66,119755,74,223154
19770,0.001139,74.125.200.0-255,2184,121939,74,223154
19771,0.001141,172.31.40.0-255,66,122005,74,223154
19772,0.001196,74.125.200.0-255,1484,123489,74,223154
19773,0.001199,172.31.40.0-255,66,123555,74,223154
19774,0.001204,74.125.200.0-255,2902,126457,74,223154
19775,0.001206,172.31.40.0-255,66,126523,74,223154
19776,0.001227,74.125.200.0-255,4320,130843,74,223154
19777,0.00123,172.31.40.0-255,66,130909,74,223154
19778,0.001247,74.125.200.0-255,4320,135229,74,223154
19779,0.001249,172.31.40.0-255,66,135295,74,223154
19780,0.001275,74.125.200.0-255,4320,139615,74,223154
19781,0.001278,172.31.40.0-255,66,139681,74,223154
19782,0.001288,172.31.40.0-255,66,139747,74,223154
19783,0.001298,172.31.40.0-255,66,139813,74,223154
19784,0.0013,74.125.200.0-255,766,140579,74,223154
19785,0.001302,172.31.40.0-255,66,140645,74,223154
19786,0.001413,74.125.200.0-255,1484,142129,74,223154
19787,0.001416,172.31.40.0-255,66,142195,74,223154
19788,0.001438,74.125.200.0-255,2902,145097,74,223154
19789,0.001441,172.31.40.0-255,66,145163,74,223154
19790,0.001448,74.125.200.0-255,5738,150901,74,223154
19791,0.00145,172.31.40.0-255,66,150967,74,223154
19792,0.001475,172.31.40.0-255,66,151033,74,223154
19793,0.001511,74.125.200.0-255,2902,153935,74,223154
19794,0.001517,172.31.40.0-255,66,154001,74,223154
19795,0.001524,172.31.40.0-255,66,154067,74,223154
19796,0.001529,74.125.200.0-255,4320,158387,74,223154
19797,0.001531,172.31.40.0-255,66,158453,74,223154
19798,0.001557,74.125.200.0-255,766,159219,74,223154
19799,0.001866,74.125.200.0-255,1484,160703,74,223154
19800,0.00187,172.31.40.0-255,66,160769,74,223154
19801,0.001876,74.125.200.0-255,2902,163671,74,223154
19802,0.001878,172.31.40.0-255,66,163737,74,223154
19803,0.001884,74.125.200.0-255,4320,168057,74,223154
19804,0.001886,172.31.40.0-255,66,168123,74,223154
19805,0.001907,74.125.200.0-255,1484,169607,74,223154
19806,0.001916,74.125.200.0-255,2902,172509,74,223154
19807,0.001919,172.31.40.0-255,66,172575,74,223154
19808,0.001949,172.31.40.0-255,66,172641,74,223154
19809,0.001954,74.125.200.0-255,4320,176961,74,223154
19810,0.001957,172.31.40.0-255,66,177027,74,223154
19811,0.002003,172.31.40.0-255,66,177093,74,223154
19812,0.002024,74.125.200.0-255,5020,182113,74,223154
19813,0.002027,172.31.40.0-255,66,182179,74,223154
19814,0.00204,172.31.40.0-255,66,182245,74,223154
19815,0.002063,74.125.200.0-255,5738,187983,74,223154
19816,0.002066,172.31.40.0-255,66,188049,74,223154
19817,0.002071,74.125.200.0-255,3602,191651,74,223154
19818,0.002073,172.31.40.0-255,66,191717,74,223154
19819,0.002147,172.31.40.0-255,66,191783,74,223154
19820,0.00215,172.31.40.0-255,66,191849,74,223154
19821,0.002166,74.125.200.0-255,4320,196169,74,223154
19822,0.002169,172.31.40.0-255,66,196235,74,223154
19823,0.002189,74.125.200.0-255,1484,197719,74,223154
19824,0.002194,74.125.200.0-255,4320,202039,74,223154
19825,0.002199,172.31.40.0-255,66,202105,74,223154
19826,0.002242,172.31.40.0-255,66,202171,74,223154
19827,0.002254,74.125.200.0-255,2902,205073,74,223154
19828,0.002273,74.125.200.0-255,2902,207975,74,223154
19829,0.002276,172.31.40.0-255,66,208041,74,223154
19830,0.002288,74.125.200.0-255,2902,210943,74,223154
19831,0.00229,74.125.200.0-255,1484,212427,74,223154
19832,0.002297,172.31.40.0-255,66,212493,74,223154
19833,0.002365,172.31.40.0-255,66,212559,74,223154
19834,0.002375,74.125.200.0-255,3602,216161,74,223154
19835,0.002385,172.31.40.0-255,66,216227,74,223154
19836,0.004691,74.125.200.0-255,1484,217711,74,223154
19837,0.004708,74.125.200.0-255,4320,222031,74,223154
19838,0.004712,172.31.40.0-255,66,222097,74,223154
19839,0.007043,74.125.200.0-255,1057,223154,74,223154
19840,0.0,172.253.118.0-255,152,152,74,109340
19841,2.5e-05,172.31.40.0-255,66,218,74,109340
19842,3.1e-05,172.253.118.0-255,1484,1702,74,109340
19843,3.6e-05,172.31.40.0-255,66,1768,74,109340
19844,4.2e-05,172.253.118.0-255,2902,4670,74,109340
19845,4.6e-05,172.31.40.0-255,66,4736,74,109340
19846,5.8e-05,172.31.40.0-255,66,4802,74,109340
19847,7.8e-05,172.253.118.0-255,2111,6913,74,109340
19848,8.1e-05,172.31.40.0-255,66,6979,74,109340
19849,0.000275,172.253.118.0-255,1484,8463,74,109340
19850,0.00028,172.31.40.0-255,66,8529,74,109340
19851,0.000287,172.253.118.0-255,2902,11431,74,109340
19852,0.000289,172.31.40.0-255,66,11497,74,109340
19853,0.000296,172.253.118.0-255,5738,17235,74,109340
19854,0.000299,172.31.40.0-255,66,17301,74,109340
19855,0.000353,172.31.40.0-255,66,17367,74,109340
19856,0.000579,172.253.118.0-255,1484,18851,74,109340
19857,0.000584,172.31.40.0-255,66,18917,74,109340
19858,0.000597,172.253.118.0-255,1484,20401,74,109340
19859,0.0006,172.31.40.0-255,66,20467,74,109340
19860,0.000617,172.253.118.0-255,1484,21951,74,109340
19861,0.000623,172.253.118.0-255,4320,26271,74,109340
19862,0.000627,172.31.40.0-255,66,26337,74,109340
19863,0.000636,172.31.40.0-255,66,26403,74,109340
19864,0.000666,172.31.40.0-255,66,26469,74,109340
19865,0.000708,172.253.118.0-255,1484,27953,74,109340
19866,0.000711,172.31.40.0-255,66,28019,74,109340
19867,0.000744,172.31.40.0-255,66,28085,74,109340
19868,0.000811,172.253.118.0-255,3961,32046,74,109340
19869,0.000816,172.31.40.0-255,66,32112,74,109340
19870,0.000897,172.253.118.0-255,646,32758,74,109340
19871,0.001065,172.253.118.0-255,1484,34242,74,109340
19872,0.001069,172.31.40.0-255,66,34308,74,109340
19873,0.001093,172.253.118.0-255,2902,37210,74,109340
19874,0.001096,172.31.40.0-255,66,37276,74,109340
19875,0.001103,172.253.118.0-255,5738,43014,74,109340
19876,0.001105,172.31.40.0-255,66,43080,74,109340
19877,0.00113,172.253.118.0-255,1484,44564,74,109340
19878,0.001154,172.253.118.0-255,1484,46048,74,109340
19879,0.001158,172.31.40.0-255,66,46114,74,109340
19880,0.001183,172.253.118.0-255,4320,50434,74,109340
19881,0.001187,172.31.40.0-255,66,50500,74,109340
19882,0.001213,172.253.118.0-255,5738,56238,74,109340
19883,0.001217,172.31.40.0-255,66,56304,74,109340
19884,0.001247,172.253.118.0-255,2902,59206,74,109340
19885,0.00125,172.31.40.0-255,66,59272,74,109340
19886,0.001277,172.31.40.0-255,66,59338,74,109340
19887,0.001444,172.253.118.0-255,1484,60822,74,109340
19888,0.00145,172.253.118.0-255,2902,63724,74,109340
19889,0.001453,172.31.40.0-255,66,63790,74,109340
19890,0.001456,172.253.118.0-255,1484,65274,74,109340
19891,0.001475,172.253.118.0-255,4320,69594,74,109340
19892,0.001479,172.31.40.0-255,66,69660,74,109340
19893,0.001512,172.253.118.0-255,4320,73980,74,109340
19894,0.001515,172.31.40.0-255,66,74046,74,109340
19895,0.001545,172.31.40.0-255,66,74112,74,109340
19896,0.001614,172.253.118.0-255,2902,77014,74,109340
19897,0.001619,172.31.40.0-255,66,77080,74,109340
19898,0.001645,172.31.40.0-255,66,77146,74,109340
19899,0.001713,172.253.118.0-255,1484,78630,74,109340
19900,0.001736,172.253.118.0-255,2902,81532,74,109340
19901,0.001741,172.253.118.0-255,4320,85852,74,109340
19902,0.00175,172.31.40.0-255,66,85918,74,109340
19903,0.001754,172.31.40.0-255,66,85984,74,109340
19904,0.001757,172.253.118.0-255,1484,87468,74,109340
19905,0.001779,172.253.118.0-255,1484,88952,74,109340
19906,0.001781,172.31.40.0-255,66,89018,74,109340
19907,0.001812,172.31.40.0-255,66,89084,74,109340
19908,0.001901,172.253.118.0-255,2902,91986,74,109340
19909,0.001906,172.31.40.0-255,66,92052,74,109340
19910,0.001923,172.253.118.0-255,4320,96372,74,109340
19911,0.001926,172.31.40.0-255,66,96438,74,109340
19912,0.001965,172.31.40.0-255,66,96504,74,109340
19913,0.002052,172.31.40.0-255,66,96570,74,109340
19914,0.002088,172.31.40.0-255,66,96636,74,109340
19915,0.002237,172.31.40.0-255,66,96702,74,109340
19916,0.002254,172.253.118.0-255,1484,98186,74,109340
19917,0.002305,172.31.40.0-255,66,98252,74,109340
19918,0.00232,172.253.118.0-255,5738,103990,74,109340
19919,0.002323,172.31.40.0-255,66,104056,74,109340
19920,0.002424,172.31.40.0-255,66,104122,74,109340
19921,0.002443,172.253.118.0-255,5020,109142,74,109340
19922,0.002446,172.31.40.0-255,66,109208,74,109340
19923,0.002546,172.31.40.0-255,66,109274,74,109340
19924,0.002593,172.31.40.0-255,66,109340,74,109340
19925,0.0,74.125.68.0-255,152,152,74,138542
19926,2.1e-05,172.31.40.0-255,66,218,74,138542
19927,2.9e-05,74.125.68.0-255,1484,1702,74,138542
19928,3.3e-05,172.31.40.0-255,66,1768,74,138542
19929,3.6e-05,74.125.68.0-255,1484,3252,74,138542
19930,3.9e-05,172.31.40.0-255,66,3318,74,138542
19931,7e-05,74.125.68.0-255,1484,4802,74,138542
19932,7.4e-05,172.31.40.0-255,66,4868,74,138542
19933,8.5e-05,74.125.68.0-255,5738,10606,74,138542
19934,8.7e-05,172.31.40.0-255,66,10672,74,138542
19935,9.2e-05,74.125.68.0-255,2902,13574,74,138542
19936,9.5e-05,172.31.40.0-255,66,13640,74,138542
19937,9.8e-05,74.125.68.0-255,658,14298,74,138542
19938,0.0001,172.31.40.0-255,66,14364,74,138542
19939,0.00025,74.125.68.0-255,1484,15848,74,138542
19940,0.000255,172.31.40.0-255,66,15914,74,138542
19941,0.00026,74.125.68.0-255,1484,17398,74,138542
19942,0.000262,172.31.40.0-255,66,17464,74,138542
19943,0.000275,74.125.68.0-255,1484,18948,74,138542
19944,0.000277,172.31.40.0-255,66,19014,74,138542
19945,0.00028,74.125.68.0-255,1484,20498,74,138542
19946,0.000282,172.31.40.0-255,66,20564,74,138542
19947,0.000286,74.125.68.0-255,1484,22048,74,138542
19948,0.000287,172.31.40.0-255,66,22114,74,138542
19949,0.000307,74.125.68.0-255,1484,23598,74,138542
19950,0.000309,172.31.40.0-255,66,23664,74,138542
19951,0.000325,74.125.68.0-255,2902,26566,74,138542
19952,0.000327,172.31.40.0-255,66,26632,74,138542
19953,0.000353,74.125.68.0-255,2902,29534,74,138542
19954,0.000355,172.31.40.0-255,66,29600,74,138542
19955,0.000373,74.125.68.0-255,2543,32143,74,138542
19956,0.000375,172.31.40.0-255,66,32209,74,138542
19957,0.000496,74.125.68.0-255,1484,33693,74,138542
19958,0.000502,74.125.68.0-255,2902,36595,74,138542
19959,0.000505,172.31.40.0-255,66,36661,74,138542
19960,0.000523,74.125.68.0-255,1484,38145,74,138542
19961,0.000538,74.125.68.0-255,4320,42465,74,138542
19962,0.000541,172.31.40.0-255,66,42531,74,138542
19963,0.000545,74.125.68.0-255,2902,45433,74,138542
19964,0.000547,172.31.40.0-255,66,45499,74,138542
19965,0.00058,74.125.68.0-255,2902,48401,74,138542
19966,0.000583,172.31.40.0-255,66,48467,74,138542
19967,0.000613,172.31.40.0-255,66,48533,74,138542
19968,0.000619,74.125.68.0-255,5738,54271,74,138542
19969,0.000621,172.31.40.0-255,66,54337,74,138542
19970,0.000648,74.125.68.0-255,4233,58570,74,138542
19971,0.000651,172.31.40.0-255,66,58636,74,138542
19972,0.000668,74.125.68.0-255,413,59049,74,138542
19973,0.001033,172.31.40.0-255,66,59115,74,138542
19974,0.001068,74.125.68.0-255,1484,60599,74,138542
19975,0.001083,74.125.68.0-255,2902,63501,74,138542
19976,0.001086,172.31.40.0-255,66,63567,74,138542
19977,0.001089,74.125.68.0-255,1484,65051,74,138542
19978,0.001091,74.125.68.0-255,1484,66535,74,138542
19979,0.001093,172.31.40.0-255,66,66601,74,138542
19980,0.001104,74.125.68.0-255,1484,68085,74,138542
19981,0.001123,74.125.68.0-255,5738,73823,74,138542
19982,0.001124,172.31.40.0-255,66,73889,74,138542
19983,0.001158,74.125.68.0-255,4320,78209,74,138542
19984,0.00116,172.31.40.0-255,66,78275,74,138542
19985,0.001175,74.125.68.0-255,4320,82595,74,138542
19986,0.001177,172.31.40.0-255,66,82661,74,138542
19987,0.001188,74.125.68.0-255,1484,84145,74,138542
19988,0.001204,74.125.68.0-255,5738,89883,74,138542
19989,0.001206,172.31.40.0-255,66,89949,74,138542
19990,0.001219,74.125.68.0-255,3602,93551,74,138542
19991,0.001221,172.31.40.0-255,66,93617,74,138542
19992,0.001228,172.31.40.0-255,101,93718,74,138542
19993,0.00188,74.125.68.0-255,1484,95202,74,138542
19994,0.001889,74.125.68.0-255,2902,98104,74,138542
19995,0.001893,172.31.40.0-255,66,98170,74,138542
19996,0.001897,74.125.68.0-255,1484,99654,74,138542
19997,0.001914,74.125.68.0-255,1484,101138,74,138542
19998,0.001917,172.31.40.0-255,66,101204,74,138542
19999,0.001937,74.125.68.0-255,4320,105524,74,138542
20000,0.001939,172.31.40.0-255,66,105590,74,138542
20001,0.00196,74.125.68.0-255,1484,107074,74,138542
20002,0.001965,74.125.68.0-255,2902,109976,74,138542
20003,0.001966,172.31.40.0-255,66,110042,74,138542
20004,0.001988,74.125.68.0-255,5738,115780,74,138542
20005,0.00199,172.31.40.0-255,66,115846,74,138542
20006,0.002015,172.31.40.0-255,66,115912,74,138542
20007,0.00204,74.125.68.0-255,1484,117396,74,138542
20008,0.002055,74.125.68.0-255,3602,120998,74,138542
20009,0.002057,172.31.40.0-255,66,121064,74,138542
20010,0.003572,74.125.68.0-255,66,121130,74,138542
20011,0.004455,74.125.68.0-255,5738,126868,74,138542
20012,0.00446,172.31.40.0-255,66,126934,74,138542
20013,0.006852,74.125.68.0-255,5738,132672,74,138542
20014,0.006857,172.31.40.0-255,66,132738,74,138542
20015,0.009295,74.125.68.0-255,5738,138476,74,138542
20016,0.009302,172.31.40.0-255,66,138542,74,138542
20017,0.0,74.125.130.0-255,153,153,74,148919
20018,2.1e-05,172.31.40.0-255,66,219,74,148919
20019,2.9e-05,74.125.130.0-255,1484,1703,74,148919
20020,3.3e-05,172.31.40.0-255,66,1769,74,148919
20021,4e-05,74.125.130.0-255,2902,4671,74,148919
20022,5.1e-05,172.31.40.0-255,66,4737,74,148919
20023,6.2e-05,172.31.40.0-255,66,4803,74,148919
20024,6.6e-05,74.125.130.0-255,2066,6869,74,148919
20025,6.9e-05,172.31.40.0-255,66,6935,74,148919
20026,7.3e-05,74.125.130.0-255,2902,9837,74,148919
20027,7.6e-05,172.31.40.0-255,66,9903,74,148919
20028,8.5e-05,172.31.40.0-255,66,9969,74,148919
20029,0.00011,74.125.130.0-255,4320,14289,74,148919
20030,0.000113,172.31.40.0-255,66,14355,74,148919
20031,0.000148,74.125.130.0-255,2543,16898,74,148919
20032,0.000151,172.31.40.0-255,66,16964,74,148919
20033,0.000155,74.125.130.0-255,1484,18448,74,148919
20034,0.000157,172.31.40.0-255,66,18514,74,148919
20035,0.000161,74.125.130.0-255,2902,21416,74,148919
20036,0.000169,172.31.40.0-255,66,21482,74,148919
20037,0.000175,74.125.130.0-255,5738,27220,74,148919
20038,0.000178,172.31.40.0-255,66,27286,74,148919
20039,0.000212,172.31.40.0-255,66,27352,74,148919
20040,0.000818,74.125.130.0-255,1484,28836,74,148919
20041,0.000824,172.31.40.0-255,66,28902,74,148919
20042,0.000831,74.125.130.0-255,2902,31804,74,148919
20043,0.000834,172.31.40.0-255,66,31870,74,148919
20044,0.000846,74.125.130.0-255,5738,37608,74,148919
20045,0.000849,172.31.40.0-255,66,37674,74,148919
20046,0.000886,172.31.40.0-255,66,37740,74,148919
20047,0.000919,172.31.40.0-255,66,37806,74,148919
20048,0.000945,74.125.130.0-255,2543,40349,74,148919
20049,0.000949,172.31.40.0-255,66,40415,74,148919
20050,0.000977,74.125.130.0-255,2902,43317,74,148919
20051,0.000979,172.31.40.0-255,66,43383,74,148919
20052,0.000988,172.31.40.0-255,66,43449,74,148919
20053,0.001019,172.31.40.0-255,66,43515,74,148919
20054,0.001083,74.125.130.0-255,1484,44999,74,148919
20055,0.001103,74.125.130.0-255,2902,47901,74,148919
20056,0.001106,172.31.40.0-255,66,47967,74,148919
20057,0.001111,74.125.130.0-255,2902,50869,74,148919
20058,0.001113,172.31.40.0-255,66,50935,74,148919
20059,0.001135,74.125.130.0-255,2902,53837,74,148919
20060,0.001138,172.31.40.0-255,66,53903,74,148919
20061,0.001171,172.31.40.0-255,66,53969,74,148919
20062,0.001208,74.125.130.0-255,4320,58289,74,148919
20063,0.001212,172.31.40.0-255,66,58355,74,148919
20064,0.001244,172.31.40.0-255,66,58421,74,148919
20065,0.001456,74.125.130.0-255,1484,59905,74,148919
20066,0.001471,74.125.130.0-255,2902,62807,74,148919
20067,0.001474,172.31.40.0-255,66,62873,74,148919
20068,0.001488,74.125.130.0-255,1484,64357,74,148919
20069,0.001508,74.125.130.0-255,4320,68677,74,148919
20070,0.00151,172.31.40.0-255,66,68743,74,148919
20071,0.001515,74.125.130.0-255,2902,71645,74,148919
20072,0.001517,172.31.40.0-255,66,71711,74,148919
20073,0.001522,74.125.130.0-255,4320,76031,74,148919
20074,0.001529,172.31.40.0-255,66,76097,74,148919
20075,0.001534,74.125.130.0-255,2902,78999,74,148919
20076,0.001536,172.31.40.0-255,66,79065,74,148919
20077,0.001567,74.125.130.0-255,5738,84803,74,148919
20078,0.001574,172.31.40.0-255,66,84869,74,148919
20079,0.001584,172.31.40.0-255,66,84935,74,148919
20080,0.001864,74.125.130.0-255,1484,86419,74,148919
20081,0.001869,74.125.130.0-255,2902,89321,74,148919
20082,0.001874,172.31.40.0-255,66,89387,74,148919
20083,0.001897,74.125.130.0-255,5738,95125,74,148919
20084,0.0019,172.31.40.0-255,66,95191,74,148919
20085,0.001906,74.125.130.0-255,4320,99511,74,148919
20086,0.001908,172.31.40.0-255,66,99577,74,148919
20087,0.001955,74.125.130.0-255,5738,105315,74,148919
20088,0.001958,172.31.40.0-255,66,105381,74,148919
20089,0.001975,172.31.40.0-255,66,105447,74,148919
20090,0.00198,74.125.130.0-255,2184,107631,74,148919
20091,0.001982,172.31.40.0-255,66,107697,74,148919
20092,0.002065,74.125.130.0-255,1484,109181,74,148919
20093,0.002071,74.125.130.0-255,2902,112083,74,148919
20094,0.002074,172.31.40.0-255,66,112149,74,148919
20095,0.002081,74.125.130.0-255,5738,117887,74,148919
20096,0.002082,172.31.40.0-255,66,117953,74,148919
20097,0.002151,172.31.40.0-255,66,118019,74,148919
20098,0.002165,74.125.130.0-255,1484,119503,74,148919
20099,0.002206,172.31.40.0-255,66,119569,74,148919
20100,0.002432,74.125.130.0-255,1484,121053,74,148919
20101,0.002437,74.125.130.0-255,2902,123955,74,148919
20102,0.002441,172.31.40.0-255,66,124021,74,148919
20103,0.002444,74.125.130.0-255,1484,125505,74,148919
20104,0.002464,74.125.130.0-255,4320,129825,74,148919
20105,0.002466,172.31.40.0-255,66,129891,74,148919
20106,0.002473,74.125.130.0-255,5738,135629,74,148919
20107,0.002475,172.31.40.0-255,66,135695,74,148919
20108,0.002518,74.125.130.0-255,1484,137179,74,148919
20109,0.00253,172.31.40.0-255,66,137245,74,148919
20110,0.00254,172.31.40.0-255,66,137311,74,148919
20111,0.005128,74.125.130.0-255,5738,143049,74,148919
20112,0.005148,172.31.40.0-255,66,143115,74,148919
20113,0.007731,74.125.130.0-255,5738,148853,74,148919
20114,0.007746,172.31.40.0-255,66,148919,74,148919
20115,0.0,74.125.24.0-255,146,146,74,156149
20116,2e-05,172.31.40.0-255,66,212,74,156149
20117,2.7e-05,74.125.24.0-255,1484,1696,74,156149
20118,3.2e-05,172.31.40.0-255,66,1762,74,156149
20119,3.8e-05,74.125.24.0-255,2902,4664,74,156149
20120,4.2e-05,172.31.40.0-255,66,4730,74,156149
20121,4.5e-05,74.125.24.0-255,1484,6214,74,156149
20122,4.8e-05,172.31.40.0-255,66,6280,74,156149
20123,8.3e-05,74.125.24.0-255,5738,12018,74,156149
20124,8.6e-05,172.31.40.0-255,66,12084,74,156149
20125,9.1e-05,74.125.24.0-255,2154,14238,74,156149
20126,9.3e-05,172.31.40.0-255,66,14304,74,156149
20127,0.000118,74.125.24.0-255,2902,17206,74,156149
20128,0.00012,172.31.40.0-255,66,17272,74,156149
20129,0.000126,74.125.24.0-255,4320,21592,74,156149
20130,0.000128,172.31.40.0-255,66,21658,74,156149
20131,0.000155,172.31.40.0-255,66,21724,74,156149
20132,0.000158,74.125.24.0-255,1125,22849,74,156149
20133,0.00016,172.31.40.0-255,66,22915,74,156149
20134,0.000603,74.125.24.0-255,1484,24399,74,156149
20135,0.000609,172.31.40.0-255,66,24465,74,156149
20136,0.000615,74.125.24.0-255,2902,27367,74,156149
20137,0.000617,172.31.40.0-255,66,27433,74,156149
20138,0.000623,74.125.24.0-255,5738,33171,74,156149
20139,0.000625,172.31.40.0-255,66,33237,74,156149
20140,0.000631,74.125.24.0-255,5738,38975,74,156149
20141,0.000634,172.31.40.0-255,66,39041,74,156149
20142,0.000667,74.125.24.0-255,1125,40166,74,156149
20143,0.00067,172.31.40.0-255,66,40232,74,156149
20144,0.000784,74.125.24.0-255,1484,41716,74,156149
20145,0.000788,172.31.40.0-255,66,41782,74,156149
20146,0.000807,74.125.24.0-255,2902,44684,74,156149
20147,0.00081,172.31.40.0-255,66,44750,74,156149
20148,0.000842,74.125.24.0-255,2902,47652,74,156149
20149,0.000844,172.31.40.0-255,66,47718,74,156149
20150,0.000864,74.125.24.0-255,2902,50620,74,156149
20151,0.000866,172.31.40.0-255,66,50686,74,156149
20152,0.000876,172.31.40.0-255,66,50752,74,156149
20153,0.0009,74.125.24.0-255,5738,56490,74,156149
20154,0.000903,172.31.40.0-255,66,56556,74,156149
20155,0.00092,74.125.24.0-255,1484,58040,74,156149
20156,0.000932,172.31.40.0-255,66,58106,74,156149
20157,0.000936,74.125.24.0-255,1704,59810,74,156149
20158,0.000938,172.31.40.0-255,66,59876,74,156149
20159,0.000985,74.125.24.0-255,2902,62778,74,156149
20160,0.000988,172.31.40.0-255,66,62844,74,156149
20161,0.000993,74.125.24.0-255,4320,67164,74,156149
20162,0.000995,172.31.40.0-255,66,67230,74,156149
20163,0.001017,172.31.40.0-255,66,67296,74,156149
20164,0.001077,74.125.24.0-255,1125,68421,74,156149
20165,0.001413,172.31.40.0-255,66,68487,74,156149
20166,0.001756,74.125.24.0-255,1484,69971,74,156149
20167,0.001765,74.125.24.0-255,2902,72873,74,156149
20168,0.001769,172.31.40.0-255,66,72939,74,156149
20169,0.001778,74.125.24.0-255,5738,78677,74,156149
20170,0.00178,172.31.40.0-255,66,78743,74,156149
20171,0.001825,172.31.40.0-255,66,78809,74,156149
20172,0.001844,74.125.24.0-255,2902,81711,74,156149
20173,0.001846,172.31.40.0-255,66,81777,74,156149
20174,0.001849,74.125.24.0-255,1484,83261,74,156149
20175,0.001865,74.125.24.0-255,2902,86163,74,156149
20176,0.001868,172.31.40.0-255,66,86229,74,156149
20177,0.001893,172.31.40.0-255,66,86295,74,156149
20178,0.002061,74.125.24.0-255,1484,87779,74,156149
20179,0.002068,74.125.24.0-255,2902,90681,74,156149
20180,0.002071,172.31.40.0-255,66,90747,74,156149
20181,0.002076,74.125.24.0-255,1484,92231,74,156149
20182,0.002095,74.125.24.0-255,4320,96551,74,156149
20183,0.002098,172.31.40.0-255,66,96617,74,156149
20184,0.002102,74.125.24.0-255,2902,99519,74,156149
20185,0.002104,172.31.40.0-255,66,99585,74,156149
20186,0.00211,74.125.24.0-255,4320,103905,74,156149
20187,0.002112,172.31.40.0-255,66,103971,74,156149
20188,0.002133,74.125.24.0-255,5738,109709,74,156149
20189,0.002136,172.31.40.0-255,66,109775,74,156149
20190,0.002142,74.125.24.0-255,5738,115513,74,156149
20191,0.002144,172.31.40.0-255,66,115579,74,156149
20192,0.002175,74.125.24.0-255,5020,120599,74,156149
20193,0.002179,172.31.40.0-255,66,120665,74,156149
20194,0.00228,74.125.24.0-255,1484,122149,74,156149
20195,0.002299,74.125.24.0-255,2902,125051,74,156149
20196,0.002303,172.31.40.0-255,66,125117,74,156149
20197,0.002311,74.125.24.0-255,5738,130855,74,156149
20198,0.002314,172.31.40.0-255,66,130921,74,156149
20199,0.00232,74.125.24.0-255,4320,135241,74,156149
20200,0.002322,172.31.40.0-255,66,135307,74,156149
20201,0.002345,74.125.24.0-255,1484,136791,74,156149
20202,0.002349,74.125.24.0-255,1484,138275,74,156149
20203,0.002351,172.31.40.0-255,66,138341,74,156149
20204,0.004623,74.125.24.0-255,2902,141243,74,156149
20205,0.004629,172.31.40.0-255,66,141309,74,156149
20206,0.004668,74.125.24.0-255,2902,144211,74,156149
20207,0.00467,172.31.40.0-255,66,144277,74,156149
20208,0.006918,74.125.24.0-255,2902,147179,74,156149
20209,0.006921,172.31.40.0-255,66,147245,74,156149
20210,0.006939,74.125.24.0-255,2902,150147,74,156149
20211,0.006941,172.31.40.0-255,66,150213,74,156149
20212,0.009198,74.125.24.0-255,2902,153115,74,156149
20213,0.009205,172.31.40.0-255,66,153181,74,156149
20214,0.009227,74.125.24.0-255,2902,156083,74,156149
20215,0.00923,172.31.40.0-255,66,156149,74,156149
20216,0.0,74.125.68.0-255,153,153,74,191370
20217,2.1e-05,172.31.40.0-255,66,219,74,191370
20218,2.8e-05,74.125.68.0-255,1484,1703,74,191370
20219,3.3e-05,172.31.40.0-255,66,1769,74,191370
20220,3.8e-05,74.125.68.0-255,2902,4671,74,191370
20221,5e-05,172.31.40.0-255,66,4737,74,191370
20222,5.7e-05,74.125.68.0-255,4320,9057,74,191370
20223,6.2e-05,172.31.40.0-255,66,9123,74,191370
20224,8.8e-05,74.125.68.0-255,4935,14058,74,191370
20225,9.1e-05,172.31.40.0-255,66,14124,74,191370
20226,0.000119,74.125.68.0-255,5738,19862,74,191370
20227,0.000122,172.31.40.0-255,66,19928,74,191370
20228,0.000128,74.125.68.0-255,4320,24248,74,191370
20229,0.00013,172.31.40.0-255,66,24314,74,191370
20230,0.000133,74.125.68.0-255,1484,25798,74,191370
20231,0.000135,172.31.40.0-255,66,25864,74,191370
20232,0.000163,74.125.68.0-255,4320,30184,74,191370
20233,0.000166,172.31.40.0-255,66,30250,74,191370
20234,0.000191,74.125.68.0-255,1125,31375,74,191370
20235,0.000193,172.31.40.0-255,66,31441,74,191370
20236,0.000817,74.125.68.0-255,1484,32925,74,191370
20237,0.000823,172.31.40.0-255,66,32991,74,191370
20238,0.000832,74.125.68.0-255,2902,35893,74,191370
20239,0.000834,172.31.40.0-255,66,35959,74,191370
20240,0.000842,74.125.68.0-255,1484,37443,74,191370
20241,0.000844,172.31.40.0-255,66,37509,74,191370
20242,0.000848,74.125.68.0-255,1484,38993,74,191370
20243,0.00085,172.31.40.0-255,66,39059,74,191370
20244,0.000855,74.125.68.0-255,2902,41961,74,191370
20245,0.000858,172.31.40.0-255,66,42027,74,191370
20246,0.000891,74.125.68.0-255,5738,47765,74,191370
20247,0.000894,172.31.40.0-255,66,47831,74,191370
20248,0.000953,74.125.68.0-255,5738,53569,74,191370
20249,0.000987,74.125.68.0-255,5020,58589,74,191370
20250,0.001028,74.125.68.0-255,414,59003,74,191370
20251,0.001072,74.125.68.0-255,1484,60487,74,191370
20252,0.001096,74.125.68.0-255,1484,61971,74,191370
20253,0.001123,74.125.68.0-255,2902,64873,74,191370
20254,0.001126,74.125.68.0-255,1484,66357,74,191370
20255,0.001154,74.125.68.0-255,2902,69259,74,191370
20256,0.001158,74.125.68.0-255,1484,70743,74,191370
20257,0.001175,74.125.68.0-255,4320,75063,74,191370
20258,0.001215,74.125.68.0-255,5738,80801,74,191370
20259,0.001241,74.125.68.0-255,3602,84403,74,191370
20260,0.001297,74.125.68.0-255,329,84732,74,191370
20261,0.001376,74.125.68.0-255,1484,86216,74,191370
20262,0.001401,74.125.68.0-255,1484,87700,74,191370
20263,0.001427,74.125.68.0-255,2902,90602,74,191370
20264,0.001444,74.125.68.0-255,2902,93504,74,191370
20265,0.001484,74.125.68.0-255,4320,97824,74,191370
20266,0.001538,74.125.68.0-255,5738,103562,74,191370
20267,0.001569,74.125.68.0-255,4320,107882,74,191370
20268,0.001583,74.125.68.0-255,2902,110784,74,191370
20269,0.001604,74.125.68.0-255,2902,113686,74,191370
20270,0.001618,74.125.68.0-255,5020,118706,74,191370
20271,0.001703,74.125.68.0-255,1484,120190,74,191370
20272,0.001726,74.125.68.0-255,1484,121674,74,191370
20273,0.001736,74.125.68.0-255,1484,123158,74,191370
20274,0.001741,74.125.68.0-255,2902,126060,74,191370
20275,0.001764,74.125.68.0-255,2902,128962,74,191370
20276,0.001769,74.125.68.0-255,2902,131864,74,191370
20277,0.001775,74.125.68.0-255,4320,136184,74,191370
20278,0.001831,74.125.68.0-255,4320,140504,74,191370
20279,0.001848,74.125.68.0-255,1484,141988,74,191370
20280,0.001856,74.125.68.0-255,5738,147726,74,191370
20281,0.00187,74.125.68.0-255,1484,149210,74,191370
20282,0.001908,74.125.68.0-255,3602,152812,74,191370
20283,0.002009,74.125.68.0-255,1484,154296,74,191370
20284,0.002016,74.125.68.0-255,2902,157198,74,191370
20285,0.002042,74.125.68.0-255,2902,160100,74,191370
20286,0.00206,74.125.68.0-255,2902,163002,74,191370
20287,0.00208,74.125.68.0-255,1484,164486,74,191370
20288,0.002103,74.125.68.0-255,1484,165970,74,191370
20289,0.002118,74.125.68.0-255,3602,169572,74,191370
20290,0.002171,74.125.68.0-255,1484,171056,74,191370
20291,0.002186,74.125.68.0-255,2902,173958,74,191370
20292,0.002197,74.125.68.0-255,1484,175442,74,191370
20293,0.002211,74.125.68.0-255,4320,179762,74,191370
20294,0.002272,74.125.68.0-255,5738,185500,74,191370
20295,0.00674,172.31.40.0-255,66,185566,74,191370
20296,0.009035,74.125.68.0-255,5738,191304,74,191370
20297,0.009042,172.31.40.0-255,66,191370,74,191370
20298,0.0,172.217.194.0-255,146,146,74,151521
20299,1.9e-05,172.31.40.0-255,66,212,74,151521
20300,2.6e-05,172.217.194.0-255,1484,1696,74,151521
20301,3e-05,172.31.40.0-255,66,1762,74,151521
20302,3.6e-05,172.217.194.0-255,2902,4664,74,151521
20303,3.9e-05,172.31.40.0-255,66,4730,74,151521
20304,5e-05,172.31.40.0-255,66,4796,74,151521
20305,5.4e-05,172.217.194.0-255,2039,6835,74,151521
20306,5.6e-05,172.31.40.0-255,66,6901,74,151521
20307,0.000474,172.217.194.0-255,1484,8385,74,151521
20308,0.000479,172.31.40.0-255,66,8451,74,151521
20309,0.000486,172.217.194.0-255,2902,11353,74,151521
20310,0.000488,172.31.40.0-255,66,11419,74,151521
20311,0.000491,172.217.194.0-255,1484,12903,74,151521
20312,0.000493,172.31.40.0-255,66,12969,74,151521
20313,0.000513,172.217.194.0-255,2902,15871,74,151521
20314,0.000515,172.31.40.0-255,66,15937,74,151521
20315,0.000531,172.217.194.0-255,2902,18839,74,151521
20316,0.000533,172.31.40.0-255,66,18905,74,151521
20317,0.00055,172.31.40.0-255,66,18971,74,151521
20318,0.000554,172.217.194.0-255,2902,21873,74,151521
20319,0.000555,172.31.40.0-255,66,21939,74,151521
20320,0.000582,172.217.194.0-255,2902,24841,74,151521
20321,0.000585,172.31.40.0-255,66,24907,74,151521
20322,0.000596,172.31.40.0-255,66,24973,74,151521
20323,0.000616,172.217.194.0-255,5738,30711,74,151521
20324,0.000619,172.31.40.0-255,66,30777,74,151521
20325,0.000629,172.31.40.0-255,66,30843,74,151521
20326,0.000631,172.217.194.0-255,340,31183,74,151521
20327,0.000671,172.217.194.0-255,118,31301,74,151521
20328,0.000811,172.217.194.0-255,1484,32785,74,151521
20329,0.000815,172.31.40.0-255,66,32851,74,151521
20330,0.000819,172.217.194.0-255,1484,34335,74,151521
20331,0.000834,172.217.194.0-255,1484,35819,74,151521
20332,0.000836,172.31.40.0-255,66,35885,74,151521
20333,0.00086,172.217.194.0-255,5738,41623,74,151521
20334,0.000862,172.31.40.0-255,66,41689,74,151521
20335,0.000868,172.217.194.0-255,5738,47427,74,151521
20336,0.00087,172.31.40.0-255,66,47493,74,151521
20337,0.00092,172.31.40.0-255,66,47559,74,151521
20338,0.000924,172.217.194.0-255,5020,52579,74,151521
20339,0.000926,172.31.40.0-255,66,52645,74,151521
20340,0.000929,172.217.194.0-255,1484,54129,74,151521
20341,0.000948,172.217.194.0-255,4320,58449,74,151521
20342,0.000949,172.31.40.0-255,66,58515,74,151521
20343,0.000952,172.217.194.0-255,1484,59999,74,151521
20344,0.000982,172.217.194.0-255,5738,65737,74,151521
20345,0.000984,172.31.40.0-255,66,65803,74,151521
20346,0.000993,172.31.40.0-255,66,65869,74,151521
20347,0.001026,172.31.40.0-255,66,65935,74,151521
20348,0.00136,172.217.194.0-255,1484,67419,74,151521
20349,0.001368,172.217.194.0-255,2902,70321,74,151521
20350,0.001371,172.31.40.0-255,66,70387,74,151521
20351,0.001404,172.217.194.0-255,5738,76125,74,151521
20352,0.001407,172.31.40.0-255,66,76191,74,151521
20353,0.00141,172.217.194.0-255,2902,79093,74,151521
20354,0.001412,172.31.40.0-255,66,79159,74,151521
20355,0.001434,172.31.40.0-255,66,79225,74,151521
20356,0.001436,172.217.194.0-255,1484,80709,74,151521
20357,0.001467,172.31.40.0-255,66,80775,74,151521
20358,0.00147,172.217.194.0-255,2184,82959,74,151521
20359,0.001472,172.31.40.0-255,66,83025,74,151521
20360,0.001813,172.217.194.0-255,1484,84509,74,151521
20361,0.001832,172.217.194.0-255,2902,87411,74,151521
20362,0.001835,172.31.40.0-255,66,87477,74,151521
20363,0.00184,172.217.194.0-255,2902,90379,74,151521
20364,0.001842,172.31.40.0-255,66,90445,74,151521
20365,0.001857,172.217.194.0-255,2902,93347,74,151521
20366,0.001859,172.31.40.0-255,66,93413,74,151521
20367,0.00187,172.31.40.0-255,66,93479,74,151521
20368,0.001901,172.217.194.0-255,4320,97799,74,151521
20369,0.001904,172.31.40.0-255,66,97865,74,151521
20370,0.001913,172.31.40.0-255,66,97931,74,151521
20371,0.001916,172.217.194.0-255,1484,99415,74,151521
20372,0.001929,172.217.194.0-255,766,100181,74,151521
20373,0.001931,172.31.40.0-255,66,100247,74,151521
20374,0.001966,172.217.194.0-255,382,100629,74,151521
20375,0.001997,172.217.194.0-255,1484,102113,74,151521
20376,0.001999,172.31.40.0-255,66,102179,74,151521
20377,0.002003,172.217.194.0-255,1484,103663,74,151521
20378,0.002019,172.217.194.0-255,2902,106565,74,151521
20379,0.002021,172.31.40.0-255,66,106631,74,151521
20380,0.002026,172.217.194.0-255,4320,110951,74,151521
20381,0.002028,172.31.40.0-255,66,111017,74,151521
20382,0.00206,172.31.40.0-255,66,111083,74,151521
20383,0.002094,172.217.194.0-255,5738,116821,74,151521
20384,0.002096,172.31.40.0-255,66,116887,74,151521
20385,0.002121,172.31.40.0-255,66,116953,74,151521
20386,0.002197,172.217.194.0-255,1484,118437,74,151521
20387,0.002209,172.217.194.0-255,2902,121339,74,151521
20388,0.002212,172.31.40.0-255,66,121405,74,151521
20389,0.002241,172.217.194.0-255,5738,127143,74,151521
20390,0.002244,172.31.40.0-255,66,127209,74,151521
20391,0.002272,172.31.40.0-255,66,127275,74,151521
20392,0.002296,172.217.194.0-255,4320,131595,74,151521
20393,0.002298,172.31.40.0-255,66,131661,74,151521
20394,0.002308,172.31.40.0-255,66,131727,74,151521
20395,0.002355,172.217.194.0-255,3602,135329,74,151521
20396,0.002358,172.31.40.0-255,66,135395,74,151521
20397,0.004604,172.217.194.0-255,1484,136879,74,151521
20398,0.00467,172.217.194.0-255,2902,139781,74,151521
20399,0.004677,172.31.40.0-255,66,139847,74,151521
20400,0.004687,172.217.194.0-255,1484,141331,74,151521
20401,0.007009,172.217.194.0-255,4320,145651,74,151521
20402,0.007016,172.31.40.0-255,66,145717,74,151521
20403,0.009369,172.217.194.0-255,5738,151455,74,151521
20404,0.009377,172.31.40.0-255,66,151521,74,151521
20405,0.0,172.217.194.0-255,153,153,74,49057
20406,1.8e-05,172.31.40.0-255,66,219,74,49057
20407,2.4e-05,172.217.194.0-255,1484,1703,74,49057
20408,2.9e-05,172.31.40.0-255,66,1769,74,49057
20409,3.4e-05,172.217.194.0-255,2902,4671,74,49057
20410,3.7e-05,172.31.40.0-255,66,4737,74,49057
20411,6.9e-05,172.217.194.0-255,2902,7639,74,49057
20412,7.2e-05,172.31.40.0-255,66,7705,74,49057
20413,0.000148,172.217.194.0-255,2902,10607,74,49057
20414,0.000152,172.31.40.0-255,66,10673,74,49057
20415,0.000175,172.217.194.0-255,4803,15476,74,49057
20416,0.000179,172.31.40.0-255,66,15542,74,49057
20417,0.000286,172.31.40.0-255,66,15608,74,49057
20418,0.000307,172.31.40.0-255,66,15674,74,49057
20419,0.000593,172.31.40.0-255,66,15740,74,49057
20420,0.000608,172.217.194.0-255,1125,16865,74,49057
20421,0.00061,172.31.40.0-255,66,16931,74,49057
20422,0.000912,172.31.40.0-255,66,16997,74,49057
20423,0.000932,172.217.194.0-255,4215,21212,74,49057
20424,0.000934,172.31.40.0-255,66,21278,74,49057
20425,0.001209,172.217.194.0-255,433,21711,74,49057
20426,0.001214,172.31.40.0-255,66,21777,74,49057
20427,0.001237,172.217.194.0-255,4320,26097,74,49057
20428,0.001239,172.31.40.0-255,66,26163,74,49057
20429,0.001274,172.31.40.0-255,66,26229,74,49057
20430,0.001646,172.31.40.0-255,66,26295,74,49057
20431,0.001891,172.217.194.0-255,4320,30615,74,49057
20432,0.001895,172.31.40.0-255,66,30681,74,49057
20433,0.001933,172.31.40.0-255,66,30747,74,49057
20434,0.001957,172.31.40.0-255,66,30813,74,49057
20435,0.002536,172.217.194.0-255,1484,32297,74,49057
20436,0.003499,172.217.194.0-255,2902,35199,74,49057
20437,0.003593,172.217.194.0-255,2184,37383,74,49057
20438,0.004196,172.31.40.0-255,66,37449,74,49057
20439,0.006474,172.217.194.0-255,5738,43187,74,49057
20440,0.006482,172.31.40.0-255,66,43253,74,49057
20441,0.008787,172.217.194.0-255,5738,48991,74,49057
20442,0.008794,172.31.40.0-255,66,49057,74,49057
20443,0.0,74.125.24.0-255,152,152,74,73659
20444,1.7e-05,172.31.40.0-255,66,218,74,73659
20445,2.3e-05,74.125.24.0-255,1484,1702,74,73659
20446,2.8e-05,172.31.40.0-255,66,1768,74,73659
20447,3.4e-05,74.125.24.0-255,2902,4670,74,73659
20448,3.7e-05,172.31.40.0-255,66,4736,74,73659
20449,5.6e-05,172.31.40.0-255,66,4802,74,73659
20450,0.00011,172.31.40.0-255,66,4868,74,73659
20451,0.000114,74.125.24.0-255,2543,7411,74,73659
20452,0.000116,172.31.40.0-255,66,7477,74,73659
20453,0.000149,172.31.40.0-255,66,7543,74,73659
20454,0.00016,172.31.40.0-255,66,7609,74,73659
20455,0.000189,74.125.24.0-255,1125,8734,74,73659
20456,0.000191,172.31.40.0-255,66,8800,74,73659
20457,0.000354,74.125.24.0-255,1484,10284,74,73659
20458,0.000358,172.31.40.0-255,66,10350,74,73659
20459,0.000364,74.125.24.0-255,2902,13252,74,73659
20460,0.000366,172.31.40.0-255,66,13318,74,73659
20461,0.000372,74.125.24.0-255,5738,19056,74,73659
20462,0.000379,172.31.40.0-255,66,19122,74,73659
20463,0.000386,74.125.24.0-255,5738,24860,74,73659
20464,0.000389,172.31.40.0-255,66,24926,74,73659
20465,0.000437,74.125.24.0-255,1456,26382,74,73659
20466,0.00044,172.31.40.0-255,66,26448,74,73659
20467,0.000714,74.125.24.0-255,346,26794,74,73659
20468,0.00072,172.31.40.0-255,66,26860,74,73659
20469,0.000854,74.125.24.0-255,1484,28344,74,73659
20470,0.000859,172.31.40.0-255,66,28410,74,73659
20471,0.000864,74.125.24.0-255,2902,31312,74,73659
20472,0.000866,172.31.40.0-255,66,31378,74,73659
20473,0.000871,74.125.24.0-255,2902,34280,74,73659
20474,0.000878,172.31.40.0-255,66,34346,74,73659
20475,0.000913,74.125.24.0-255,2902,37248,74,73659
20476,0.000916,172.31.40.0-255,66,37314,74,73659
20477,0.000927,172.31.40.0-255,66,37380,74,73659
20478,0.000934,74.125.24.0-255,1484,38864,74,73659
20479,0.000973,172.31.40.0-255,66,38930,74,73659
20480,0.001006,74.125.24.0-255,3961,42891,74,73659
20481,0.001009,172.31.40.0-255,66,42957,74,73659
20482,0.002263,74.125.24.0-255,1484,44441,74,73659
20483,0.002274,74.125.24.0-255,2902,47343,74,73659
20484,0.002279,172.31.40.0-255,66,47409,74,73659
20485,0.002287,74.125.24.0-255,5738,53147,74,73659
20486,0.00229,172.31.40.0-255,66,53213,74,73659
20487,0.002331,172.31.40.0-255,66,53279,74,73659
20488,0.002336,74.125.24.0-255,2902,56181,74,73659
20489,0.002338,172.31.40.0-255,66,56247,74,73659
20490,0.004635,74.125.24.0-255,5738,61985,74,73659
20491,0.004656,172.31.40.0-255,66,62051,74,73659
20492,0.00696,74.125.24.0-255,5738,67789,74,73659
20493,0.006965,172.31.40.0-255,66,67855,74,73659
20494,0.00927,74.125.24.0-255,5738,73593,74,73659
20495,0.009276,172.31.40.0-255,66,73659,74,73659
20496,0.0,74.125.200.0-255,146,146,74,95073
20497,2.4e-05,172.31.40.0-255,66,212,74,95073
20498,3.1e-05,74.125.200.0-255,1484,1696,74,95073
20499,3.6e-05,172.31.40.0-255,66,1762,74,95073
20500,4.1e-05,74.125.200.0-255,2902,4664,74,95073
20501,4.5e-05,172.31.40.0-255,66,4730,74,95073
20502,5e-05,74.125.200.0-255,2902,7632,74,95073
20503,5.3e-05,172.31.40.0-255,66,7698,74,95073
20504,0.000101,74.125.200.0-255,4320,12018,74,95073
20505,0.000105,172.31.40.0-255,66,12084,74,95073
20506,0.00011,74.125.200.0-255,2006,14090,74,95073
20507,0.000113,172.31.40.0-255,66,14156,74,95073
20508,0.000199,74.125.200.0-255,1484,15640,74,95073
20509,0.000202,172.31.40.0-255,66,15706,74,95073
20510,0.000223,74.125.200.0-255,2902,18608,74,95073
20511,0.000225,172.31.40.0-255,66,18674,74,95073
20512,0.000232,74.125.200.0-255,5738,24412,74,95073
20513,0.000234,172.31.40.0-255,66,24478,74,95073
20514,0.000267,172.31.40.0-255,66,24544,74,95073
20515,0.000309,74.125.200.0-255,1484,26028,74,95073
20516,0.000311,172.31.40.0-255,66,26094,74,95073
20517,0.000316,74.125.200.0-255,2902,28996,74,95073
20518,0.000318,172.31.40.0-255,66,29062,74,95073
20519,0.000344,74.125.200.0-255,5738,34800,74,95073
20520,0.000347,172.31.40.0-255,66,34866,74,95073
20521,0.000384,172.31.40.0-255,66,34932,74,95073
20522,0.001499,74.125.200.0-255,1484,36416,74,95073
20523,0.001506,172.31.40.0-255,66,36482,74,95073
20524,0.001516,74.125.200.0-255,2902,39384,74,95073
20525,0.001518,172.31.40.0-255,66,39450,74,95073
20526,0.001526,74.125.200.0-255,5738,45188,74,95073
20527,0.001528,172.31.40.0-255,66,45254,74,95073
20528,0.001566,172.31.40.0-255,66,45320,74,95073
20529,0.001596,74.125.200.0-255,5738,51058,74,95073
20530,0.001598,172.31.40.0-255,66,51124,74,95073
20531,0.001616,74.125.200.0-255,1484,52608,74,95073
20532,0.001644,74.125.200.0-255,5738,58346,74,95073
20533,0.001646,172.31.40.0-255,66,58412,74,95073
20534,0.001663,74.125.200.0-255,4320,62732,74,95073
20535,0.001665,172.31.40.0-255,66,62798,74,95073
20536,0.001727,74.125.200.0-255,4541,67339,74,95073
20537,0.00173,172.31.40.0-255,66,67405,74,95073
20538,0.001745,74.125.200.0-255,4320,71725,74,95073
20539,0.001747,172.31.40.0-255,66,71791,74,95073
20540,0.001768,172.31.40.0-255,66,71857,74,95073
20541,0.003769,74.125.200.0-255,5738,77595,74,95073
20542,0.003775,172.31.40.0-255,66,77661,74,95073
20543,0.005813,74.125.200.0-255,5738,83399,74,95073
20544,0.005818,172.31.40.0-255,66,83465,74,95073
20545,0.007828,74.125.200.0-255,5738,89203,74,95073
20546,0.007835,172.31.40.0-255,66,89269,74,95073
20547,0.009843,74.125.200.0-255,5738,95007,74,95073
20548,0.009851,172.31.40.0-255,66,95073,74,95073
20549,0.0,74.125.68.0-255,153,153,74,260714
20550,2.2e-05,172.31.40.0-255,66,219,74,260714
20551,2.9e-05,74.125.68.0-255,1484,1703,74,260714
20552,3.3e-05,172.31.40.0-255,66,1769,74,260714
20553,3.9e-05,74.125.68.0-255,2902,4671,74,260714
20554,4.2e-05,172.31.40.0-255,66,4737,74,260714
20555,7.7e-05,172.31.40.0-255,66,4803,74,260714
20556,8.1e-05,74.125.68.0-255,2031,6834,74,260714
20557,8.2e-05,172.31.40.0-255,66,6900,74,260714
20558,0.000128,74.125.68.0-255,1484,8384,74,260714
20559,0.00013,172.31.40.0-255,66,8450,74,260714
20560,0.000148,74.125.68.0-255,2902,11352,74,260714
20561,0.000151,172.31.40.0-255,66,11418,74,260714
20562,0.000157,74.125.68.0-255,5738,17156,74,260714
20563,0.000159,172.31.40.0-255,66,17222,74,260714
20564,0.000178,74.125.68.0-255,2902,20124,74,260714
20565,0.00018,172.31.40.0-255,66,20190,74,260714
20566,0.000186,74.125.68.0-255,3961,24151,74,260714
20567,0.000188,172.31.40.0-255,66,24217,74,260714
20568,0.00028,74.125.68.0-255,1484,25701,74,260714
20569,0.000284,172.31.40.0-255,66,25767,74,260714
20570,0.00029,74.125.68.0-255,2902,28669,74,260714
20571,0.000292,172.31.40.0-255,66,28735,74,260714
20572,0.00032,74.125.68.0-255,5738,34473,74,260714
20573,0.000323,172.31.40.0-255,66,34539,74,260714
20574,0.000329,74.125.68.0-255,4320,38859,74,260714
20575,0.000331,172.31.40.0-255,66,38925,74,260714
20576,0.000355,74.125.68.0-255,5379,44304,74,260714
20577,0.000358,172.31.40.0-255,66,44370,74,260714
20578,0.0004,172.31.40.0-255,66,44436,74,260714
20579,0.000419,74.125.68.0-255,2902,47338,74,260714
20580,0.000423,172.31.40.0-255,66,47404,74,260714
20581,0.000446,74.125.68.0-255,3124,50528,74,260714
20582,0.000449,172.31.40.0-255,66,50594,74,260714
20583,0.000864,74.125.68.0-255,1484,52078,74,260714
20584,0.000873,74.125.68.0-255,2902,54980,74,260714
20585,0.000876,172.31.40.0-255,66,55046,74,260714
20586,0.000882,74.125.68.0-255,2902,57948,74,260714
20587,0.000884,172.31.40.0-255,66,58014,74,260714
20588,0.000899,74.125.68.0-255,2902,60916,74,260714
20589,0.000901,172.31.40.0-255,66,60982,74,260714
20590,0.000907,74.125.68.0-255,4320,65302,74,260714
20591,0.000909,172.31.40.0-255,66,65368,74,260714
20592,0.000912,74.125.68.0-255,1484,66852,74,260714
20593,0.000935,74.125.68.0-255,4320,71172,74,260714
20594,0.000938,172.31.40.0-255,66,71238,74,260714
20595,0.000942,74.125.68.0-255,1484,72722,74,260714
20596,0.00097,172.31.40.0-255,66,72788,74,260714
20597,0.000975,74.125.68.0-255,2184,74972,74,260714
20598,0.000977,172.31.40.0-255,66,75038,74,260714
20599,0.001029,74.125.68.0-255,1484,76522,74,260714
20600,0.001036,74.125.68.0-255,2902,79424,74,260714
20601,0.001038,172.31.40.0-255,66,79490,74,260714
20602,0.001082,74.125.68.0-255,5738,85228,74,260714
20603,0.001086,172.31.40.0-255,66,85294,74,260714
20604,0.001097,172.31.40.0-255,66,85360,74,260714
20605,0.001122,74.125.68.0-255,4320,89680,74,260714
20606,0.001125,172.31.40.0-255,66,89746,74,260714
20607,0.001149,172.31.40.0-255,66,89812,74,260714
20608,0.001185,74.125.68.0-255,3602,93414,74,260714
20609,0.001188,172.31.40.0-255,66,93480,74,260714
20610,0.001239,74.125.68.0-255,4320,97800,74,260714
20611,0.001242,172.31.40.0-255,66,97866,74,260714
20612,0.001246,74.125.68.0-255,1484,99350,74,260714
20613,0.00125,74.125.68.0-255,2902,102252,74,260714
20614,0.001253,172.31.40.0-255,66,102318,74,260714
20615,0.001258,74.125.68.0-255,5738,108056,74,260714
20616,0.001261,172.31.40.0-255,66,108122,74,260714
20617,0.001292,172.31.40.0-255,66,108188,74,260714
20618,0.001344,172.31.40.0-255,66,108254,74,260714
20619,0.001364,74.125.68.0-255,1484,109738,74,260714
20620,0.001383,74.125.68.0-255,2902,112640,74,260714
20621,0.001387,172.31.40.0-255,66,112706,74,260714
20622,0.001401,74.125.68.0-255,2902,115608,74,260714
20623,0.001404,172.31.40.0-255,66,115674,74,260714
20624,0.001431,74.125.68.0-255,2902,118576,74,260714
20625,0.001434,172.31.40.0-255,66,118642,74,260714
20626,0.001446,172.31.40.0-255,66,118708,74,260714
20627,0.00145,74.125.68.0-255,2902,121610,74,260714
20628,0.001453,172.31.40.0-255,66,121676,74,260714
20629,0.001491,172.31.40.0-255,66,121742,74,260714
20630,0.001498,74.125.68.0-255,5020,126762,74,260714
20631,0.0015,172.31.40.0-255,66,126828,74,260714
20632,0.00152,74.125.68.0-255,1484,128312,74,260714
20633,0.001541,74.125.68.0-255,2902,131214,74,260714
20634,0.001544,172.31.40.0-255,66,131280,74,260714
20635,0.001547,74.125.68.0-255,1484,132764,74,260714
20636,0.001564,74.125.68.0-255,4320,137084,74,260714
20637,0.001566,172.31.40.0-255,66,137150,74,260714
20638,0.001581,74.125.68.0-255,4320,141470,74,260714
20639,0.001584,172.31.40.0-255,66,141536,74,260714
20640,0.001609,74.125.68.0-255,5738,147274,74,260714
20641,0.001612,172.31.40.0-255,66,147340,74,260714
20642,0.001634,172.31.40.0-255,66,147406,74,260714
20643,0.001648,74.125.68.0-255,2902,150308,74,260714
20644,0.001651,172.31.40.0-255,66,150374,74,260714
20645,0.001681,74.125.68.0-255,2184,152558,74,260714
20646,0.001684,172.31.40.0-255,66,152624,74,260714
20647,0.001723,74.125.68.0-255,1484,154108,74,260714
20648,0.001737,74.125.68.0-255,2902,157010,74,260714
20649,0.00174,172.31.40.0-255,66,157076,74,260714
20650,0.001764,74.125.68.0-255,5738,162814,74,260714
20651,0.001767,172.31.40.0-255,66,162880,74,260714
20652,0.00177,74.125.68.0-255,1484,164364,74,260714
20653,0.001794,172.31.40.0-255,66,164430,74,260714
20654,0.001807,74.125.68.0-255,2902,167332,74,260714
20655,0.001809,172.31.40.0-255,66,167398,74,260714
20656,0.001839,172.31.40.0-255,66,167464,74,260714
20657,0.001845,74.125.68.0-255,5020,172484,74,260714
20658,0.001848,172.31.40.0-255,66,172550,74,260714
20659,0.002052,74.125.68.0-255,1484,174034,74,260714
20660,0.002058,74.125.68.0-255,2902,176936,74,260714
20661,0.002061,172.31.40.0-255,66,177002,74,260714
20662,0.002082,74.125.68.0-255,2902,179904,74,260714
20663,0.002084,172.31.40.0-255,66,179970,74,260714
20664,0.002106,74.125.68.0-255,4320,184290,74,260714
20665,0.002109,172.31.40.0-255,66,184356,74,260714
20666,0.002114,74.125.68.0-255,4320,188676,74,260714
20667,0.002117,172.31.40.0-255,66,188742,74,260714
20668,0.002131,74.125.68.0-255,4320,193062,74,260714
20669,0.002133,172.31.40.0-255,66,193128,74,260714
20670,0.002138,74.125.68.0-255,4320,197448,74,260714
20671,0.00214,172.31.40.0-255,66,197514,74,260714
20672,0.002153,74.125.68.0-255,1484,198998,74,260714
20673,0.002164,74.125.68.0-255,766,199764,74,260714
20674,0.002175,172.31.40.0-255,66,199830,74,260714
20675,0.002272,74.125.68.0-255,1484,201314,74,260714
20676,0.002276,172.31.40.0-255,66,201380,74,260714
20677,0.002281,74.125.68.0-255,2902,204282,74,260714
20678,0.002283,172.31.40.0-255,66,204348,74,260714
20679,0.0023,74.125.68.0-255,2902,207250,74,260714
20680,0.002303,172.31.40.0-255,66,207316,74,260714
20681,0.002322,74.125.68.0-255,2902,210218,74,260714
20682,0.002324,172.31.40.0-255,66,210284,74,260714
20683,0.002375,74.125.68.0-255,4320,214604,74,260714
20684,0.002378,172.31.40.0-255,66,214670,74,260714
20685,0.002408,172.31.40.0-255,66,214736,74,260714
20686,0.002421,172.31.40.0-255,66,214802,74,260714
20687,0.002448,74.125.68.0-255,1484,216286,74,260714
20688,0.002451,74.125.68.0-255,1484,217770,74,260714
20689,0.002455,172.31.40.0-255,66,217836,74,260714
20690,0.002473,74.125.68.0-255,1484,219320,74,260714
20691,0.00248,74.125.68.0-255,5738,225058,74,260714
20692,0.002487,172.31.40.0-255,66,225124,74,260714
20693,0.002504,74.125.68.0-255,5738,230862,74,260714
20694,0.00252,74.125.68.0-255,5738,236600,74,260714
20695,0.002526,172.31.40.0-255,66,236666,74,260714
20696,0.002533,74.125.68.0-255,1484,238150,74,260714
20697,0.00254,74.125.68.0-255,5738,243888,74,260714
20698,0.002545,172.31.40.0-255,66,243954,74,260714
20699,0.002579,74.125.68.0-255,1484,245438,74,260714
20700,0.002598,74.125.68.0-255,3602,249040,74,260714
20701,0.00261,172.31.40.0-255,66,249106,74,260714
20702,0.005201,74.125.68.0-255,5738,254844,74,260714
20703,0.005208,172.31.40.0-255,66,254910,74,260714
20704,0.007814,74.125.68.0-255,5738,260648,74,260714
20705,0.00783,172.31.40.0-255,66,260714,74,260714
20706,0.0,74.125.24.0-255,153,153,74,112249
20707,2.2e-05,172.31.40.0-255,66,219,74,112249
20708,2.8e-05,74.125.24.0-255,1484,1703,74,112249
20709,3.2e-05,172.31.40.0-255,66,1769,74,112249
20710,3.8e-05,74.125.24.0-255,2902,4671,74,112249
20711,4.8e-05,172.31.40.0-255,66,4737,74,112249
20712,5.3e-05,74.125.24.0-255,2902,7639,74,112249
20713,5.6e-05,172.31.40.0-255,66,7705,74,112249
20714,0.000104,172.31.40.0-255,66,7771,74,112249
20715,0.00018,74.125.24.0-255,1484,9255,74,112249
20716,0.000183,172.31.40.0-255,66,9321,74,112249
20717,0.000186,74.125.24.0-255,1484,10805,74,112249
20718,0.000189,172.31.40.0-255,66,10871,74,112249
20719,0.000209,74.125.24.0-255,1484,12355,74,112249
20720,0.000212,172.31.40.0-255,66,12421,74,112249
20721,0.000219,74.125.24.0-255,5738,18159,74,112249
20722,0.000226,172.31.40.0-255,66,18225,74,112249
20723,0.000288,74.125.24.0-255,5738,23963,74,112249
20724,0.000292,172.31.40.0-255,66,24029,74,112249
20725,0.000315,74.125.24.0-255,1125,25154,74,112249
20726,0.000317,172.31.40.0-255,66,25220,74,112249
20727,0.000376,172.31.40.0-255,66,25286,74,112249
20728,0.000465,74.125.24.0-255,4320,29606,74,112249
20729,0.000468,172.31.40.0-255,66,29672,74,112249
20730,0.000493,74.125.24.0-255,1484,31156,74,112249
20731,0.000495,172.31.40.0-255,66,31222,74,112249
20732,0.000526,74.125.24.0-255,5738,36960,74,112249
20733,0.000529,172.31.40.0-255,66,37026,74,112249
20734,0.000567,172.31.40.0-255,66,37092,74,112249
20735,0.000722,74.125.24.0-255,5712,42804,74,112249
20736,0.000725,172.31.40.0-255,66,42870,74,112249
20737,0.00075,74.125.24.0-255,108,42978,74,112249
20738,0.000768,74.125.24.0-255,333,43311,74,112249
20739,0.000952,74.125.24.0-255,1484,44795,74,112249
20740,0.000956,172.31.40.0-255,66,44861,74,112249
20741,0.000962,74.125.24.0-255,2902,47763,74,112249
20742,0.000964,172.31.40.0-255,66,47829,74,112249
20743,0.000993,74.125.24.0-255,5738,53567,74,112249
20744,0.000996,172.31.40.0-255,66,53633,74,112249
20745,0.001051,74.125.24.0-255,4320,57953,74,112249
20746,0.001053,172.31.40.0-255,66,58019,74,112249
20747,0.001088,172.31.40.0-255,66,58085,74,112249
20748,0.001218,74.125.24.0-255,4320,62405,74,112249
20749,0.001223,172.31.40.0-255,66,62471,74,112249
20750,0.001268,74.125.24.0-255,2902,65373,74,112249
20751,0.001271,172.31.40.0-255,66,65439,74,112249
20752,0.001298,74.125.24.0-255,3602,69041,74,112249
20753,0.001301,172.31.40.0-255,66,69107,74,112249
20754,0.001332,74.125.24.0-255,1484,70591,74,112249
20755,0.001371,74.125.24.0-255,2902,73493,74,112249
20756,0.001374,172.31.40.0-255,66,73559,74,112249
20757,0.001406,74.125.24.0-255,5738,79297,74,112249
20758,0.001409,172.31.40.0-255,66,79363,74,112249
20759,0.001464,74.125.24.0-255,4320,83683,74,112249
20760,0.001467,172.31.40.0-255,66,83749,74,112249
20761,0.001527,74.125.24.0-255,1484,85233,74,112249
20762,0.001553,172.31.40.0-255,66,85299,74,112249
20763,0.001718,74.125.24.0-255,3602,88901,74,112249
20764,0.001721,172.31.40.0-255,66,88967,74,112249
20765,0.003602,74.125.24.0-255,1484,90451,74,112249
20766,0.003785,74.125.24.0-255,4320,94771,74,112249
20767,0.00379,172.31.40.0-255,66,94837,74,112249
20768,0.005813,74.125.24.0-255,5738,100575,74,112249
20769,0.005817,172.31.40.0-255,66,100641,74,112249
20770,0.007889,74.125.24.0-255,5738,106379,74,112249
20771,0.007895,172.31.40.0-255,66,106445,74,112249
20772,0.009963,74.125.24.0-255,5738,112183,74,112249
20773,0.009971,172.31.40.0-255,66,112249,74,112249
20774,0.0,172.31.40.0-255,105,105,74,459
20775,0.000273,172.31.40.0-255,90,195,74,459
20776,0.000285,172.31.40.0-255,66,261,74,459
20777,0.002235,74.125.68.0-255,66,327,74,459
20778,0.002263,74.125.68.0-255,66,393,74,459
20779,0.002271,172.31.40.0-255,66,459,74,459
20780,0.0,74.125.130.0-255,146,146,74,120225
20781,2.3e-05,172.31.40.0-255,66,212,74,120225
20782,3e-05,74.125.130.0-255,1484,1696,74,120225
20783,3.5e-05,172.31.40.0-255,66,1762,74,120225
20784,4.1e-05,74.125.130.0-255,2902,4664,74,120225
20785,4.5e-05,172.31.40.0-255,66,4730,74,120225
20786,5.7e-05,172.31.40.0-255,66,4796,74,120225
20787,8.5e-05,74.125.130.0-255,4320,9116,74,120225
20788,8.9e-05,172.31.40.0-255,66,9182,74,120225
20789,0.000109,74.125.130.0-255,3486,12668,74,120225
20790,0.000113,172.31.40.0-255,66,12734,74,120225
20791,0.000117,74.125.130.0-255,2902,15636,74,120225
20792,0.000119,172.31.40.0-255,66,15702,74,120225
20793,0.000147,74.125.130.0-255,2902,18604,74,120225
20794,0.000149,172.31.40.0-255,66,18670,74,120225
20795,0.000174,74.125.130.0-255,5379,24049,74,120225
20796,0.000177,172.31.40.0-255,66,24115,74,120225
20797,0.000312,74.125.130.0-255,1484,25599,74,120225
20798,0.000316,172.31.40.0-255,66,25665,74,120225
20799,0.000322,74.125.130.0-255,2902,28567,74,120225
20800,0.000325,172.31.40.0-255,66,28633,74,120225
20801,0.000352,74.125.130.0-255,5738,34371,74,120225
20802,0.000355,172.31.40.0-255,66,34437,74,120225
20803,0.000393,172.31.40.0-255,66,34503,74,120225
20804,0.000396,74.125.130.0-255,1484,35987,74,120225
20805,0.000398,172.31.40.0-255,66,36053,74,120225
20806,0.000418,74.125.130.0-255,2902,38955,74,120225
20807,0.00042,172.31.40.0-255,66,39021,74,120225
20808,0.000426,74.125.130.0-255,5738,44759,74,120225
20809,0.000429,172.31.40.0-255,66,44825,74,120225
20810,0.000449,74.125.130.0-255,4320,49145,74,120225
20811,0.000452,172.31.40.0-255,66,49211,74,120225
20812,0.000476,74.125.130.0-255,2795,52006,74,120225
20813,0.000478,172.31.40.0-255,66,52072,74,120225
20814,0.000481,74.125.130.0-255,120,52192,74,120225
20815,0.000506,74.125.130.0-255,381,52573,74,120225
20816,0.000805,74.125.130.0-255,1484,54057,74,120225
20817,0.00081,172.31.40.0-255,66,54123,74,120225
20818,0.000816,74.125.130.0-255,2902,57025,74,120225
20819,0.000819,172.31.40.0-255,66,57091,74,120225
20820,0.000842,74.125.130.0-255,5738,62829,74,120225
20821,0.000845,172.31.40.0-255,66,62895,74,120225
20822,0.000849,74.125.130.0-255,2902,65797,74,120225
20823,0.000851,172.31.40.0-255,66,65863,74,120225
20824,0.000887,74.125.130.0-255,4320,70183,74,120225
20825,0.00089,172.31.40.0-255,66,70249,74,120225
20826,0.000901,172.31.40.0-255,66,70315,74,120225
20827,0.000907,74.125.130.0-255,4320,74635,74,120225
20828,0.000909,172.31.40.0-255,66,74701,74,120225
20829,0.000935,74.125.130.0-255,3602,78303,74,120225
20830,0.000939,172.31.40.0-255,66,78369,74,120225
20831,0.001898,74.125.130.0-255,1484,79853,74,120225
20832,0.00191,74.125.130.0-255,2902,82755,74,120225
20833,0.001915,172.31.40.0-255,66,82821,74,120225
20834,0.00192,74.125.130.0-255,1484,84305,74,120225
20835,0.001924,74.125.130.0-255,2902,87207,74,120225
20836,0.001926,172.31.40.0-255,66,87273,74,120225
20837,0.00193,74.125.130.0-255,1484,88757,74,120225
20838,0.00195,74.125.130.0-255,4320,93077,74,120225
20839,0.001952,172.31.40.0-255,66,93143,74,120225
20840,0.001968,74.125.130.0-255,4320,97463,74,120225
20841,0.00197,172.31.40.0-255,66,97529,74,120225
20842,0.001994,74.125.130.0-255,4320,101849,74,120225
20843,0.001996,172.31.40.0-255,66,101915,74,120225
20844,0.002016,74.125.130.0-255,1484,103399,74,120225
20845,0.002028,172.31.40.0-255,66,103465,74,120225
20846,0.002069,74.125.130.0-255,766,104231,74,120225
20847,0.004514,74.125.130.0-255,4320,108551,74,120225
20848,0.004521,172.31.40.0-255,66,108617,74,120225
20849,0.007007,74.125.130.0-255,5738,114355,74,120225
20850,0.007014,172.31.40.0-255,66,114421,74,120225
20851,0.009494,74.125.130.0-255,5738,120159,74,120225
20852,0.009501,172.31.40.0-255,66,120225,74,120225
20853,0.0,172.217.194.0-255,146,146,74,111218
20854,2.4e-05,172.31.40.0-255,66,212,74,111218
20855,3.3e-05,172.217.194.0-255,1484,1696,74,111218
20856,3.9e-05,172.31.40.0-255,66,1762,74,111218
20857,5.4e-05,172.217.194.0-255,2902,4664,74,111218
20858,5.7e-05,172.31.40.0-255,66,4730,74,111218
20859,6.8e-05,172.31.40.0-255,66,4796,74,111218
20860,7.8e-05,172.217.194.0-255,5738,10534,74,111218
20861,8.3e-05,172.31.40.0-255,66,10600,74,111218
20862,0.000125,172.31.40.0-255,66,10666,74,111218
20863,0.00013,172.217.194.0-255,3961,14627,74,111218
20864,0.000132,172.31.40.0-255,66,14693,74,111218
20865,0.000169,172.217.194.0-255,2902,17595,74,111218
20866,0.000171,172.31.40.0-255,66,17661,74,111218
20867,0.000177,172.217.194.0-255,4320,21981,74,111218
20868,0.00018,172.31.40.0-255,66,22047,74,111218
20869,0.000196,172.31.40.0-255,66,22113,74,111218
20870,0.000226,172.31.40.0-255,66,22179,74,111218
20871,0.000259,172.31.40.0-255,66,22245,74,111218
20872,0.000287,172.217.194.0-255,4254,26499,74,111218
20873,0.00029,172.31.40.0-255,66,26565,74,111218
20874,0.000312,172.217.194.0-255,364,26929,74,111218
20875,0.000314,172.31.40.0-255,66,26995,74,111218
20876,0.000722,172.217.194.0-255,1484,28479,74,111218
20877,0.000727,172.217.194.0-255,2902,31381,74,111218
20878,0.000733,172.31.40.0-255,66,31447,74,111218
20879,0.000737,172.31.40.0-255,66,31513,74,111218
20880,0.000753,172.217.194.0-255,5738,37251,74,111218
20881,0.000756,172.31.40.0-255,66,37317,74,111218
20882,0.000761,172.217.194.0-255,2902,40219,74,111218
20883,0.000763,172.31.40.0-255,66,40285,74,111218
20884,0.000798,172.31.40.0-255,66,40351,74,111218
20885,0.000809,172.31.40.0-255,66,40417,74,111218
20886,0.000837,172.217.194.0-255,1633,42050,74,111218
20887,0.000839,172.31.40.0-255,66,42116,74,111218
20888,0.000974,172.217.194.0-255,1484,43600,74,111218
20889,0.000981,172.217.194.0-255,2902,46502,74,111218
20890,0.000984,172.31.40.0-255,66,46568,74,111218
20891,0.000987,172.217.194.0-255,1484,48052,74,111218
20892,0.001014,172.217.194.0-255,4320,52372,74,111218
20893,0.001017,172.31.40.0-255,66,52438,74,111218
20894,0.001027,172.31.40.0-255,66,52504,74,111218
20895,0.001067,172.217.194.0-255,5738,58242,74,111218
20896,0.001069,172.31.40.0-255,66,58308,74,111218
20897,0.001081,172.31.40.0-255,66,58374,74,111218
20898,0.001085,172.217.194.0-255,2184,60558,74,111218
20899,0.001088,172.31.40.0-255,66,60624,74,111218
20900,0.001802,172.217.194.0-255,1484,62108,74,111218
20901,0.001809,172.217.194.0-255,2902,65010,74,111218
20902,0.001813,172.31.40.0-255,66,65076,74,111218
20903,0.001821,172.217.194.0-255,5738,70814,74,111218
20904,0.001823,172.31.40.0-255,66,70880,74,111218
20905,0.001887,172.31.40.0-255,66,70946,74,111218
20906,0.001918,172.31.40.0-255,66,71012,74,111218
20907,0.002081,172.217.194.0-255,1484,72496,74,111218
20908,0.002088,172.217.194.0-255,2902,75398,74,111218
20909,0.002092,172.31.40.0-255,66,75464,74,111218
20910,0.002099,172.217.194.0-255,5738,81202,74,111218
20911,0.002101,172.31.40.0-255,66,81268,74,111218
20912,0.002367,172.217.194.0-255,5738,87006,74,111218
20913,0.002372,172.31.40.0-255,66,87072,74,111218
20914,0.002406,172.31.40.0-255,66,87138,74,111218
20915,0.002416,172.31.40.0-255,66,87204,74,111218
20916,0.00246,172.31.40.0-255,66,87270,74,111218
20917,0.002476,172.31.40.0-255,66,87336,74,111218
20918,0.002502,172.31.40.0-255,66,87402,74,111218
20919,0.002505,172.217.194.0-255,1484,88886,74,111218
20920,0.002516,172.31.40.0-255,66,88952,74,111218
20921,0.002535,172.31.40.0-255,66,89018,74,111218
20922,0.002577,172.217.194.0-255,4320,93338,74,111218
20923,0.00258,172.31.40.0-255,66,93404,74,111218
20924,0.002624,172.217.194.0-255,3602,97006,74,111218
20925,0.002626,172.217.194.0-255,1484,98490,74,111218
20926,0.002675,172.217.194.0-255,2902,101392,74,111218
20927,0.002681,172.217.194.0-255,5738,107130,74,111218
20928,0.002757,172.217.194.0-255,1484,108614,74,111218
20929,0.002761,172.217.194.0-255,2499,111113,74,111218
20930,0.002775,172.217.194.0-255,105,111218,74,111218
20931,0.0,172.217.27.0-255,146,146,74,88788
20932,2.4e-05,172.31.40.0-255,66,212,74,88788
20933,3.1e-05,172.217.27.0-255,1484,1696,74,88788
20934,3.6e-05,172.31.40.0-255,66,1762,74,88788
20935,5e-05,172.217.27.0-255,2902,4664,74,88788
20936,5.4e-05,172.31.40.0-255,66,4730,74,88788
20937,5.9e-05,172.217.27.0-255,2902,7632,74,88788
20938,6.1e-05,172.31.40.0-255,66,7698,74,88788
20939,6.8e-05,172.217.27.0-255,4320,12018,74,88788
20940,7.1e-05,172.31.40.0-255,66,12084,74,88788
20941,7.5e-05,172.217.27.0-255,2004,14088,74,88788
20942,7.8e-05,172.31.40.0-255,66,14154,74,88788
20943,0.000248,172.217.27.0-255,1484,15638,74,88788
20944,0.000253,172.31.40.0-255,66,15704,74,88788
20945,0.000261,172.217.27.0-255,2902,18606,74,88788
20946,0.000265,172.31.40.0-255,66,18672,74,88788
20947,0.000277,172.217.27.0-255,5738,24410,74,88788
20948,0.00028,172.31.40.0-255,66,24476,74,88788
20949,0.000289,172.31.40.0-255,66,24542,74,88788
20950,0.000397,172.217.27.0-255,1484,26026,74,88788
20951,0.0004,172.31.40.0-255,66,26092,74,88788
20952,0.000406,172.217.27.0-255,2902,28994,74,88788
20953,0.000408,172.31.40.0-255,66,29060,74,88788
20954,0.000413,172.217.27.0-255,2902,31962,74,88788
20955,0.00042,172.31.40.0-255,66,32028,74,88788
20956,0.000423,172.217.27.0-255,1484,33512,74,88788
20957,0.000426,172.31.40.0-255,66,33578,74,88788
20958,0.000454,172.217.27.0-255,2902,36480,74,88788
20959,0.000457,172.31.40.0-255,66,36546,74,88788
20960,0.00048,172.217.27.0-255,5379,41925,74,88788
20961,0.000486,172.31.40.0-255,66,41991,74,88788
20962,0.001008,172.217.27.0-255,1484,43475,74,88788
20963,0.001017,172.217.27.0-255,2902,46377,74,88788
20964,0.001021,172.31.40.0-255,66,46443,74,88788
20965,0.001029,172.217.27.0-255,5738,52181,74,88788
20966,0.001031,172.31.40.0-255,66,52247,74,88788
20967,0.001034,172.217.27.0-255,1484,53731,74,88788
20968,0.001042,172.217.27.0-255,1484,55215,74,88788
20969,0.001044,172.31.40.0-255,66,55281,74,88788
20970,0.001073,172.217.27.0-255,1484,56765,74,88788
20971,0.001078,172.217.27.0-255,2871,59636,74,88788
20972,0.00108,172.31.40.0-255,66,59702,74,88788
20973,0.002671,172.217.27.0-255,1484,61186,74,88788
20974,0.002701,172.217.27.0-255,4320,65506,74,88788
20975,0.002705,172.31.40.0-255,66,65572,74,88788
20976,0.004347,172.217.27.0-255,5738,71310,74,88788
20977,0.004351,172.31.40.0-255,66,71376,74,88788
20978,0.005995,172.217.27.0-255,5738,77114,74,88788
20979,0.005998,172.31.40.0-255,66,77180,74,88788
20980,0.007642,172.217.27.0-255,5738,82918,74,88788
20981,0.00765,172.31.40.0-255,66,82984,74,88788
20982,0.009293,172.217.27.0-255,5738,88722,74,88788
20983,0.0093,172.31.40.0-255,66,88788,74,88788
20984,0.0,74.125.24.0-255,146,146,74,147948
20985,2.1e-05,172.31.40.0-255,66,212,74,147948
20986,2.8e-05,74.125.24.0-255,1484,1696,74,147948
20987,3.2e-05,172.31.40.0-255,66,1762,74,147948
20988,3.8e-05,74.125.24.0-255,2902,4664,74,147948
20989,4.1e-05,172.31.40.0-255,66,4730,74,147948
20990,5.1e-05,172.31.40.0-255,66,4796,74,147948
20991,5.4e-05,74.125.24.0-255,2075,6871,74,147948
20992,5.7e-05,172.31.40.0-255,66,6937,74,147948
20993,0.000124,74.125.24.0-255,1484,8421,74,147948
20994,0.000127,172.31.40.0-255,66,8487,74,147948
20995,0.000142,74.125.24.0-255,1484,9971,74,147948
20996,0.000145,172.31.40.0-255,66,10037,74,147948
20997,0.000158,74.125.24.0-255,1484,11521,74,147948
20998,0.000159,172.31.40.0-255,66,11587,74,147948
20999,0.000166,74.125.24.0-255,5738,17325,74,147948
21000,0.000168,172.31.40.0-255,66,17391,74,147948
21001,0.000196,172.31.40.0-255,66,17457,74,147948
21002,0.000318,74.125.24.0-255,1484,18941,74,147948
21003,0.000323,172.31.40.0-255,66,19007,74,147948
21004,0.000328,74.125.24.0-255,2902,21909,74,147948
21005,0.00033,172.31.40.0-255,66,21975,74,147948
21006,0.000336,74.125.24.0-255,5738,27713,74,147948
21007,0.000338,172.31.40.0-255,66,27779,74,147948
21008,0.000367,74.125.24.0-255,5738,33517,74,147948
21009,0.000369,172.31.40.0-255,66,33583,74,147948
21010,0.000403,172.31.40.0-255,66,33649,74,147948
21011,0.000435,172.31.40.0-255,66,33715,74,147948
21012,0.000438,74.125.24.0-255,360,34075,74,147948
21013,0.000439,172.31.40.0-255,66,34141,74,147948
21014,0.000562,74.125.24.0-255,382,34523,74,147948
21015,0.000566,172.31.40.0-255,66,34589,74,147948
21016,0.000714,74.125.24.0-255,1484,36073,74,147948
21017,0.000717,172.31.40.0-255,66,36139,74,147948
21018,0.000722,74.125.24.0-255,2902,39041,74,147948
21019,0.000724,172.31.40.0-255,66,39107,74,147948
21020,0.000736,74.125.24.0-255,1484,40591,74,147948
21021,0.000738,172.31.40.0-255,66,40657,74,147948
21022,0.000759,74.125.24.0-255,4320,44977,74,147948
21023,0.000761,172.31.40.0-255,66,45043,74,147948
21024,0.000777,172.31.40.0-255,66,45109,74,147948
21025,0.000802,172.31.40.0-255,66,45175,74,147948
21026,0.000829,74.125.24.0-255,2902,48077,74,147948
21027,0.000831,172.31.40.0-255,66,48143,74,147948
21028,0.000858,172.31.40.0-255,66,48209,74,147948
21029,0.001256,74.125.24.0-255,1484,49693,74,147948
21030,0.001259,172.31.40.0-255,66,49759,74,147948
21031,0.001264,74.125.24.0-255,2902,52661,74,147948
21032,0.001266,172.31.40.0-255,66,52727,74,147948
21033,0.001269,74.125.24.0-255,1484,54211,74,147948
21034,0.00127,172.31.40.0-255,66,54277,74,147948
21035,0.001285,74.125.24.0-255,4320,58597,74,147948
21036,0.001287,172.31.40.0-255,66,58663,74,147948
21037,0.001308,172.31.40.0-255,66,58729,74,147948
21038,0.00132,74.125.24.0-255,2902,61631,74,147948
21039,0.001322,172.31.40.0-255,66,61697,74,147948
21040,0.001351,74.125.24.0-255,4320,66017,74,147948
21041,0.001353,172.31.40.0-255,66,66083,74,147948
21042,0.001382,172.31.40.0-255,66,66149,74,147948
21043,0.001395,172.31.40.0-255,66,66215,74,147948
21044,0.001421,74.125.24.0-255,1484,67699,74,147948
21045,0.001423,172.31.40.0-255,66,67765,74,147948
21046,0.001437,172.31.40.0-255,66,67831,74,147948
21047,0.001465,74.125.24.0-255,5020,72851,74,147948
21048,0.001468,172.31.40.0-255,66,72917,74,147948
21049,0.001552,74.125.24.0-255,1484,74401,74,147948
21050,0.001555,172.31.40.0-255,66,74467,74,147948
21051,0.00156,74.125.24.0-255,2902,77369,74,147948
21052,0.001561,172.31.40.0-255,66,77435,74,147948
21053,0.001564,74.125.24.0-255,1484,78919,74,147948
21054,0.001566,172.31.40.0-255,66,78985,74,147948
21055,0.001598,74.125.24.0-255,4320,83305,74,147948
21056,0.001609,74.125.24.0-255,4320,87625,74,147948
21057,0.001612,172.31.40.0-255,66,87691,74,147948
21058,0.001615,172.31.40.0-255,66,87757,74,147948
21059,0.001617,172.31.40.0-255,66,87823,74,147948
21060,0.001653,74.125.24.0-255,2184,90007,74,147948
21061,0.001681,74.125.24.0-255,1484,91491,74,147948
21062,0.001687,172.31.40.0-255,66,91557,74,147948
21063,0.001695,74.125.24.0-255,1484,93041,74,147948
21064,0.001711,74.125.24.0-255,1484,94525,74,147948
21065,0.001714,172.31.40.0-255,66,94591,74,147948
21066,0.001738,172.31.40.0-255,66,94657,74,147948
21067,0.00176,74.125.24.0-255,766,95423,74,147948
21068,0.001763,74.125.24.0-255,1484,96907,74,147948
21069,0.001767,74.125.24.0-255,4320,101227,74,147948
21070,0.001783,172.31.40.0-255,66,101293,74,147948
21071,0.001789,74.125.24.0-255,4320,105613,74,147948
21072,0.001793,172.31.40.0-255,66,105679,74,147948
21073,0.001823,74.125.24.0-255,4320,109999,74,147948
21074,0.001841,74.125.24.0-255,2902,112901,74,147948
21075,0.001849,172.31.40.0-255,66,112967,74,147948
21076,0.001869,74.125.24.0-255,1484,114451,74,147948
21077,0.001893,74.125.24.0-255,1484,115935,74,147948
21078,0.001896,172.31.40.0-255,66,116001,74,147948
21079,0.001947,74.125.24.0-255,2902,118903,74,147948
21080,0.001951,172.31.40.0-255,66,118969,74,147948
21081,0.001955,172.31.40.0-255,66,119035,74,147948
21082,0.001994,74.125.24.0-255,1484,120519,74,147948
21083,0.002008,74.125.24.0-255,5738,126257,74,147948
21084,0.002011,172.31.40.0-255,66,126323,74,147948
21085,0.002016,172.31.40.0-255,66,126389,74,147948
21086,0.002027,74.125.24.0-255,5738,132127,74,147948
21087,0.002082,172.31.40.0-255,66,132193,74,147948
21088,0.002087,172.31.40.0-255,66,132259,74,147948
21089,0.002146,172.31.40.0-255,66,132325,74,147948
21090,0.00218,74.125.24.0-255,1484,133809,74,147948
21091,0.002183,74.125.24.0-255,2902,136711,74,147948
21092,0.002185,74.125.24.0-255,1484,138195,74,147948
21093,0.002198,172.31.40.0-255,66,138261,74,147948
21094,0.002207,74.125.24.0-255,4320,142581,74,147948
21095,0.002247,172.31.40.0-255,66,142647,74,147948
21096,0.002262,74.125.24.0-255,2902,145549,74,147948
21097,0.002274,172.31.40.0-255,66,145615,74,147948
21098,0.002279,74.125.24.0-255,1999,147614,74,147948
21099,0.002282,172.31.40.0-255,66,147680,74,147948
21100,0.00254,74.125.24.0-255,97,147777,74,147948
21101,0.003911,172.31.40.0-255,66,147843,74,147948
21102,0.004822,74.125.24.0-255,105,147948,74,147948
21103,0.0,172.217.194.0-255,146,146,74,136792
21104,2.3e-05,172.31.40.0-255,66,212,74,136792
21105,3.1e-05,172.217.194.0-255,1484,1696,74,136792
21106,3.6e-05,172.31.40.0-255,66,1762,74,136792
21107,3.9e-05,172.217.194.0-255,1484,3246,74,136792
21108,4.1e-05,172.31.40.0-255,66,3312,74,136792
21109,4.9e-05,172.217.194.0-255,4320,7632,74,136792
21110,5.2e-05,172.31.40.0-255,66,7698,74,136792
21111,0.0001,172.31.40.0-255,66,7764,74,136792
21112,0.00011,172.31.40.0-255,66,7830,74,136792
21113,0.000156,172.217.194.0-255,4320,12150,74,136792
21114,0.000159,172.31.40.0-255,66,12216,74,136792
21115,0.000186,172.31.40.0-255,66,12282,74,136792
21116,0.000189,172.217.194.0-255,1484,13766,74,136792
21117,0.000191,172.31.40.0-255,66,13832,74,136792
21118,0.000196,172.217.194.0-255,2902,16734,74,136792
21119,0.000198,172.31.40.0-255,66,16800,74,136792
21120,0.000224,172.31.40.0-255,66,16866,74,136792
21121,0.000414,172.217.194.0-255,1484,18350,74,136792
21122,0.000419,172.31.40.0-255,66,18416,74,136792
21123,0.000425,172.217.194.0-255,2902,21318,74,136792
21124,0.000428,172.31.40.0-255,66,21384,74,136792
21125,0.000431,172.217.194.0-255,1484,22868,74,136792
21126,0.000434,172.31.40.0-255,66,22934,74,136792
21127,0.000453,172.217.194.0-255,4320,27254,74,136792
21128,0.000456,172.31.40.0-255,66,27320,74,136792
21129,0.000486,172.217.194.0-255,2902,30222,74,136792
21130,0.000489,172.31.40.0-255,66,30288,74,136792
21131,0.00051,172.217.194.0-255,3961,34249,74,136792
21132,0.000514,172.31.40.0-255,66,34315,74,136792
21133,0.001171,172.217.194.0-255,645,34960,74,136792
21134,0.001204,172.217.194.0-255,1484,36444,74,136792
21135,0.001208,172.31.40.0-255,66,36510,74,136792
21136,0.001215,172.217.194.0-255,4320,40830,74,136792
21137,0.001218,172.31.40.0-255,66,40896,74,136792
21138,0.001227,172.31.40.0-255,66,40962,74,136792
21139,0.00126,172.31.40.0-255,66,41028,74,136792
21140,0.001287,172.31.40.0-255,66,41094,74,136792
21141,0.001311,172.217.194.0-255,5020,46114,74,136792
21142,0.001314,172.31.40.0-255,66,46180,74,136792
21143,0.001332,172.217.194.0-255,1484,47664,74,136792
21144,0.001349,172.217.194.0-255,4320,51984,74,136792
21145,0.001352,172.31.40.0-255,66,52050,74,136792
21146,0.001358,172.217.194.0-255,4320,56370,74,136792
21147,0.00136,172.31.40.0-255,66,56436,74,136792
21148,0.001378,172.217.194.0-255,4320,60756,74,136792
21149,0.00138,172.31.40.0-255,66,60822,74,136792
21150,0.001392,172.31.40.0-255,66,60888,74,136792
21151,0.00142,172.217.194.0-255,5738,66626,74,136792
21152,0.001422,172.31.40.0-255,66,66692,74,136792
21153,0.001428,172.217.194.0-255,3602,70294,74,136792
21154,0.00143,172.31.40.0-255,66,70360,74,136792
21155,0.001574,172.217.194.0-255,1484,71844,74,136792
21156,0.00159,172.217.194.0-255,2902,74746,74,136792
21157,0.001595,172.31.40.0-255,66,74812,74,136792
21158,0.00162,172.217.194.0-255,5738,80550,74,136792
21159,0.001623,172.31.40.0-255,66,80616,74,136792
21160,0.001628,172.217.194.0-255,2902,83518,74,136792
21161,0.00163,172.31.40.0-255,66,83584,74,136792
21162,0.001652,172.31.40.0-255,66,83650,74,136792
21163,0.001657,172.217.194.0-255,4320,87970,74,136792
21164,0.00166,172.31.40.0-255,66,88036,74,136792
21165,0.001693,172.31.40.0-255,66,88102,74,136792
21166,0.001776,172.217.194.0-255,1484,89586,74,136792
21167,0.001782,172.217.194.0-255,2902,92488,74,136792
21168,0.001786,172.31.40.0-255,66,92554,74,136792
21169,0.001811,172.217.194.0-255,5738,98292,74,136792
21170,0.001814,172.31.40.0-255,66,98358,74,136792
21171,0.001839,172.31.40.0-255,66,98424,74,136792
21172,0.001862,172.217.194.0-255,4320,102744,74,136792
21173,0.001866,172.31.40.0-255,66,102810,74,136792
21174,0.001877,172.31.40.0-255,66,102876,74,136792
21175,0.001914,172.217.194.0-255,2184,105060,74,136792
21176,0.001917,172.31.40.0-255,66,105126,74,136792
21177,0.001958,172.217.194.0-255,1484,106610,74,136792
21178,0.00198,172.217.194.0-255,2902,109512,74,136792
21179,0.001984,172.31.40.0-255,66,109578,74,136792
21180,0.00199,172.217.194.0-255,5738,115316,74,136792
21181,0.001993,172.31.40.0-255,66,115382,74,136792
21182,0.002029,172.217.194.0-255,1484,116866,74,136792
21183,0.002052,172.31.40.0-255,66,116932,74,136792
21184,0.002063,172.31.40.0-255,66,116998,74,136792
21185,0.002078,172.217.194.0-255,2184,119182,74,136792
21186,0.002081,172.31.40.0-255,66,119248,74,136792
21187,0.00436,172.217.194.0-255,2902,122150,74,136792
21188,0.004371,172.31.40.0-255,66,122216,74,136792
21189,0.004377,172.217.194.0-255,2902,125118,74,136792
21190,0.00438,172.31.40.0-255,66,125184,74,136792
21191,0.006645,172.217.194.0-255,5738,130922,74,136792
21192,0.006652,172.31.40.0-255,66,130988,74,136792
21193,0.008963,172.217.194.0-255,5738,136726,74,136792
21194,0.008972,172.31.40.0-255,66,136792,74,136792
21195,0.0,172.217.194.0-255,146,146,74,103008
21196,2.3e-05,172.31.40.0-255,66,212,74,103008
21197,3e-05,172.217.194.0-255,1484,1696,74,103008
21198,3.4e-05,172.31.40.0-255,66,1762,74,103008
21199,4e-05,172.217.194.0-255,2902,4664,74,103008
21200,4.3e-05,172.31.40.0-255,66,4730,74,103008
21201,5.3e-05,172.31.40.0-255,66,4796,74,103008
21202,7.3e-05,172.31.40.0-255,66,4862,74,103008
21203,0.000125,172.31.40.0-255,66,4928,74,103008
21204,0.000128,172.217.194.0-255,1484,6412,74,103008
21205,0.000131,172.31.40.0-255,66,6478,74,103008
21206,0.000169,172.217.194.0-255,2902,9380,74,103008
21207,0.000171,172.31.40.0-255,66,9446,74,103008
21208,0.000182,172.217.194.0-255,5738,15184,74,103008
21209,0.000184,172.31.40.0-255,66,15250,74,103008
21210,0.000198,172.31.40.0-255,66,15316,74,103008
21211,0.000204,172.217.194.0-255,5738,21054,74,103008
21212,0.000207,172.31.40.0-255,66,21120,74,103008
21213,0.000239,172.217.194.0-255,4280,25400,74,103008
21214,0.000242,172.31.40.0-255,66,25466,74,103008
21215,0.001195,172.217.194.0-255,366,25832,74,103008
21216,0.001201,172.31.40.0-255,66,25898,74,103008
21217,0.001448,172.217.194.0-255,1484,27382,74,103008
21218,0.001454,172.31.40.0-255,66,27448,74,103008
21219,0.001461,172.217.194.0-255,2902,30350,74,103008
21220,0.001463,172.31.40.0-255,66,30416,74,103008
21221,0.001466,172.217.194.0-255,1484,31900,74,103008
21222,0.001468,172.31.40.0-255,66,31966,74,103008
21223,0.001505,172.217.194.0-255,4320,36286,74,103008
21224,0.001508,172.31.40.0-255,66,36352,74,103008
21225,0.001521,172.31.40.0-255,66,36418,74,103008
21226,0.001537,172.31.40.0-255,66,36484,74,103008
21227,0.001669,172.217.194.0-255,1484,37968,74,103008
21228,0.001676,172.217.194.0-255,2902,40870,74,103008
21229,0.001679,172.31.40.0-255,66,40936,74,103008
21230,0.001683,172.217.194.0-255,1484,42420,74,103008
21231,0.001714,172.217.194.0-255,4320,46740,74,103008
21232,0.001716,172.31.40.0-255,66,46806,74,103008
21233,0.001728,172.31.40.0-255,66,46872,74,103008
21234,0.001766,172.217.194.0-255,2902,49774,74,103008
21235,0.001769,172.31.40.0-255,66,49840,74,103008
21236,0.001801,172.31.40.0-255,66,49906,74,103008
21237,0.001841,172.217.194.0-255,1484,51390,74,103008
21238,0.001844,172.217.194.0-255,1484,52874,74,103008
21239,0.001846,172.31.40.0-255,66,52940,74,103008
21240,0.001876,172.217.194.0-255,1484,54424,74,103008
21241,0.001884,172.217.194.0-255,5738,60162,74,103008
21242,0.001886,172.31.40.0-255,66,60228,74,103008
21243,0.001899,172.31.40.0-255,66,60294,74,103008
21244,0.001929,172.217.194.0-255,1484,61778,74,103008
21245,0.001942,172.31.40.0-255,66,61844,74,103008
21246,0.001982,172.217.194.0-255,1484,63328,74,103008
21247,0.002009,172.31.40.0-255,66,63394,74,103008
21248,0.00202,172.31.40.0-255,66,63460,74,103008
21249,0.002022,172.217.194.0-255,1484,64944,74,103008
21250,0.002058,172.31.40.0-255,66,65010,74,103008
21251,0.002103,172.31.40.0-255,66,65076,74,103008
21252,0.002119,172.31.40.0-255,66,65142,74,103008
21253,0.002136,172.31.40.0-255,66,65208,74,103008
21254,0.002148,172.31.40.0-255,66,65274,74,103008
21255,0.002162,172.217.194.0-255,4320,69594,74,103008
21256,0.002165,172.31.40.0-255,66,69660,74,103008
21257,0.002215,172.31.40.0-255,66,69726,74,103008
21258,0.002219,172.217.194.0-255,3602,73328,74,103008
21259,0.002222,172.31.40.0-255,66,73394,74,103008
21260,0.002288,172.217.194.0-255,1484,74878,74,103008
21261,0.002303,172.217.194.0-255,2902,77780,74,103008
21262,0.002307,172.31.40.0-255,66,77846,74,103008
21263,0.002327,172.217.194.0-255,5738,83584,74,103008
21264,0.00233,172.31.40.0-255,66,83650,74,103008
21265,0.00234,172.217.194.0-255,4320,87970,74,103008
21266,0.002342,172.31.40.0-255,66,88036,74,103008
21267,0.002383,172.31.40.0-255,66,88102,74,103008
21268,0.002417,172.31.40.0-255,66,88168,74,103008
21269,0.002428,172.31.40.0-255,66,88234,74,103008
21270,0.002472,172.31.40.0-255,66,88300,74,103008
21271,0.002496,172.217.194.0-255,4320,92620,74,103008
21272,0.002498,172.31.40.0-255,66,92686,74,103008
21273,0.002511,172.31.40.0-255,66,92752,74,103008
21274,0.005061,172.217.194.0-255,4320,97072,74,103008
21275,0.005064,172.31.40.0-255,66,97138,74,103008
21276,0.005091,172.217.194.0-255,1484,98622,74,103008
21277,0.007659,172.217.194.0-255,4320,102942,74,103008
21278,0.007682,172.31.40.0-255,66,103008,74,103008
21279,0.0,74.125.24.0-255,146,146,74,196126
21280,1.5e-05,172.31.40.0-255,66,212,74,196126
21281,2.1e-05,74.125.24.0-255,1484,1696,74,196126
21282,2.6e-05,172.31.40.0-255,66,1762,74,196126
21283,3.1e-05,74.125.24.0-255,2902,4664,74,196126
21284,3.5e-05,172.31.40.0-255,66,4730,74,196126
21285,3.8e-05,74.125.24.0-255,1484,6214,74,196126
21286,4.1e-05,172.31.40.0-255,66,6280,74,196126
21287,7e-05,74.125.24.0-255,5738,12018,74,196126
21288,7.4e-05,172.31.40.0-255,66,12084,74,196126
21289,0.000109,172.31.40.0-255,66,12150,74,196126
21290,0.000135,74.125.24.0-255,5379,17529,74,196126
21291,0.000138,172.31.40.0-255,66,17595,74,196126
21292,0.000189,74.125.24.0-255,1484,19079,74,196126
21293,0.000191,172.31.40.0-255,66,19145,74,196126
21294,0.000206,74.125.24.0-255,2902,22047,74,196126
21295,0.000209,172.31.40.0-255,66,22113,74,196126
21296,0.000228,74.125.24.0-255,4320,26433,74,196126
21297,0.00023,172.31.40.0-255,66,26499,74,196126
21298,0.000245,74.125.24.0-255,1484,27983,74,196126
21299,0.000248,172.31.40.0-255,66,28049,74,196126
21300,0.000252,74.125.24.0-255,2902,30951,74,196126
21301,0.000254,172.31.40.0-255,66,31017,74,196126
21302,0.000264,172.31.40.0-255,66,31083,74,196126
21303,0.000277,74.125.24.0-255,3961,35044,74,196126
21304,0.000279,172.31.40.0-255,66,35110,74,196126
21305,0.000284,74.125.24.0-255,4320,39430,74,196126
21306,0.000287,172.31.40.0-255,66,39496,74,196126
21307,0.000314,74.125.24.0-255,5379,44875,74,196126
21308,0.000317,172.31.40.0-255,66,44941,74,196126
21309,0.000319,74.125.24.0-255,364,45305,74,196126
21310,0.000345,74.125.24.0-255,381,45686,74,196126
21311,0.000849,74.125.24.0-255,1484,47170,74,196126
21312,0.000855,172.31.40.0-255,66,47236,74,196126
21313,0.00086,74.125.24.0-255,2902,50138,74,196126
21314,0.000883,74.125.24.0-255,5738,55876,74,196126
21315,0.000888,74.125.24.0-255,4320,60196,74,196126
21316,0.000893,172.31.40.0-255,66,60262,74,196126
21317,0.000903,74.125.24.0-255,1484,61746,74,196126
21318,0.00095,172.31.40.0-255,66,61812,74,196126
21319,0.000955,172.31.40.0-255,66,61878,74,196126
21320,0.000991,74.125.24.0-255,1484,63362,74,196126
21321,0.001006,74.125.24.0-255,2902,66264,74,196126
21322,0.00101,172.31.40.0-255,66,66330,74,196126
21323,0.001031,74.125.24.0-255,5738,72068,74,196126
21324,0.001038,74.125.24.0-255,5738,77806,74,196126
21325,0.00105,74.125.24.0-255,1484,79290,74,196126
21326,0.001056,172.31.40.0-255,66,79356,74,196126
21327,0.001069,74.125.24.0-255,4320,83676,74,196126
21328,0.001083,172.31.40.0-255,66,83742,74,196126
21329,0.001107,74.125.24.0-255,2184,85926,74,196126
21330,0.001126,172.31.40.0-255,66,85992,74,196126
21331,0.001328,74.125.24.0-255,1484,87476,74,196126
21332,0.001334,74.125.24.0-255,2902,90378,74,196126
21333,0.001337,172.31.40.0-255,66,90444,74,196126
21334,0.001359,74.125.24.0-255,5738,96182,74,196126
21335,0.001373,74.125.24.0-255,2902,99084,74,196126
21336,0.001376,172.31.40.0-255,66,99150,74,196126
21337,0.001394,74.125.24.0-255,1484,100634,74,196126
21338,0.001396,172.31.40.0-255,66,100700,74,196126
21339,0.001408,74.125.24.0-255,2902,103602,74,196126
21340,0.001431,172.31.40.0-255,66,103668,74,196126
21341,0.001452,172.31.40.0-255,66,103734,74,196126
21342,0.001491,74.125.24.0-255,4320,108054,74,196126
21343,0.001499,74.125.24.0-255,5738,113792,74,196126
21344,0.001517,172.31.40.0-255,66,113858,74,196126
21345,0.001536,172.31.40.0-255,66,113924,74,196126
21346,0.001547,74.125.24.0-255,2902,116826,74,196126
21347,0.001576,172.31.40.0-255,66,116892,74,196126
21348,0.001593,74.125.24.0-255,5020,121912,74,196126
21349,0.001601,172.31.40.0-255,66,121978,74,196126
21350,0.001726,74.125.24.0-255,1484,123462,74,196126
21351,0.001743,74.125.24.0-255,2902,126364,74,196126
21352,0.001761,172.31.40.0-255,66,126430,74,196126
21353,0.001767,74.125.24.0-255,5738,132168,74,196126
21354,0.001772,172.31.40.0-255,66,132234,74,196126
21355,0.0018,172.31.40.0-255,66,132300,74,196126
21356,0.001812,74.125.24.0-255,5738,138038,74,196126
21357,0.001817,74.125.24.0-255,5738,143776,74,196126
21358,0.001856,172.31.40.0-255,66,143842,74,196126
21359,0.001868,74.125.24.0-255,5020,148862,74,196126
21360,0.001888,172.31.40.0-255,66,148928,74,196126
21361,0.001901,74.125.24.0-255,1484,150412,74,196126
21362,0.001906,74.125.24.0-255,2902,153314,74,196126
21363,0.001919,172.31.40.0-255,66,153380,74,196126
21364,0.001932,74.125.24.0-255,5738,159118,74,196126
21365,0.001937,74.125.24.0-255,4320,163438,74,196126
21366,0.001959,172.31.40.0-255,66,163504,74,196126
21367,0.001979,74.125.24.0-255,5738,169242,74,196126
21368,0.001992,74.125.24.0-255,2902,172144,74,196126
21369,0.001994,172.31.40.0-255,66,172210,74,196126
21370,0.002005,74.125.24.0-255,2184,174394,74,196126
21371,0.002078,74.125.24.0-255,1484,175878,74,196126
21372,0.002098,74.125.24.0-255,2902,178780,74,196126
21373,0.002104,74.125.24.0-255,4320,183100,74,196126
21374,0.002106,74.125.24.0-255,1484,184584,74,196126
21375,0.002196,74.125.24.0-255,4320,188904,74,196126
21376,0.002259,74.125.24.0-255,2902,191806,74,196126
21377,0.00229,74.125.24.0-255,4320,196126,74,196126
21378,0.0,74.125.68.0-255,146,146,74,122456
21379,2.1e-05,172.31.40.0-255,66,212,74,122456
21380,2.8e-05,74.125.68.0-255,1484,1696,74,122456
21381,3.3e-05,172.31.40.0-255,66,1762,74,122456
21382,3.9e-05,74.125.68.0-255,2902,4664,74,122456
21383,4.9e-05,172.31.40.0-255,66,4730,74,122456
21384,5.5e-05,74.125.68.0-255,4320,9050,74,122456
21385,5.7e-05,172.31.40.0-255,66,9116,74,122456
21386,0.000106,74.125.68.0-255,5738,14854,74,122456
21387,0.000109,172.31.40.0-255,66,14920,74,122456
21388,0.000134,74.125.68.0-255,2030,16950,74,122456
21389,0.000136,172.31.40.0-255,66,17016,74,122456
21390,0.000146,172.31.40.0-255,66,17082,74,122456
21391,0.000188,74.125.68.0-255,4320,21402,74,122456
21392,0.00019,172.31.40.0-255,66,21468,74,122456
21393,0.000208,74.125.68.0-255,2543,24011,74,122456
21394,0.00021,172.31.40.0-255,66,24077,74,122456
21395,0.000281,74.125.68.0-255,1484,25561,74,122456
21396,0.000284,172.31.40.0-255,66,25627,74,122456
21397,0.000304,74.125.68.0-255,2902,28529,74,122456
21398,0.000307,172.31.40.0-255,66,28595,74,122456
21399,0.00031,74.125.68.0-255,1484,30079,74,122456
21400,0.000312,172.31.40.0-255,66,30145,74,122456
21401,0.000347,74.125.68.0-255,4320,34465,74,122456
21402,0.00035,172.31.40.0-255,66,34531,74,122456
21403,0.000372,172.31.40.0-255,66,34597,74,122456
21404,0.000917,74.125.68.0-255,1484,36081,74,122456
21405,0.000923,172.31.40.0-255,66,36147,74,122456
21406,0.000929,74.125.68.0-255,2902,39049,74,122456
21407,0.000931,172.31.40.0-255,66,39115,74,122456
21408,0.000963,74.125.68.0-255,5738,44853,74,122456
21409,0.000965,172.31.40.0-255,66,44919,74,122456
21410,0.000969,74.125.68.0-255,1484,46403,74,122456
21411,0.000993,74.125.68.0-255,5379,51782,74,122456
21412,0.000995,172.31.40.0-255,66,51848,74,122456
21413,0.001064,74.125.68.0-255,1484,53332,74,122456
21414,0.001077,74.125.68.0-255,2902,56234,74,122456
21415,0.00108,172.31.40.0-255,66,56300,74,122456
21416,0.001111,74.125.68.0-255,5738,62038,74,122456
21417,0.001114,172.31.40.0-255,66,62104,74,122456
21418,0.001118,74.125.68.0-255,2902,65006,74,122456
21419,0.00112,172.31.40.0-255,66,65072,74,122456
21420,0.00114,74.125.68.0-255,3961,69033,74,122456
21421,0.001146,172.31.40.0-255,66,69099,74,122456
21422,0.001167,74.125.68.0-255,1484,70583,74,122456
21423,0.001199,74.125.68.0-255,5738,76321,74,122456
21424,0.001202,172.31.40.0-255,66,76387,74,122456
21425,0.001213,172.31.40.0-255,66,76453,74,122456
21426,0.001224,172.31.40.0-255,66,76519,74,122456
21427,0.001236,172.31.40.0-255,66,76585,74,122456
21428,0.00126,74.125.68.0-255,2069,78654,74,122456
21429,0.001265,172.31.40.0-255,66,78720,74,122456
21430,0.00142,74.125.68.0-255,198,78918,74,122456
21431,0.001748,172.31.40.0-255,66,78984,74,122456
21432,0.001778,74.125.68.0-255,1484,80468,74,122456
21433,0.001799,74.125.68.0-255,2902,83370,74,122456
21434,0.001803,172.31.40.0-255,66,83436,74,122456
21435,0.001806,74.125.68.0-255,1484,84920,74,122456
21436,0.001828,74.125.68.0-255,4320,89240,74,122456
21437,0.00183,172.31.40.0-255,66,89306,74,122456
21438,0.001834,74.125.68.0-255,2902,92208,74,122456
21439,0.001836,172.31.40.0-255,66,92274,74,122456
21440,0.001869,74.125.68.0-255,2902,95176,74,122456
21441,0.001872,172.31.40.0-255,66,95242,74,122456
21442,0.001883,172.31.40.0-255,66,95308,74,122456
21443,0.001892,172.31.40.0-255,66,95374,74,122456
21444,0.001906,74.125.68.0-255,3602,98976,74,122456
21445,0.001908,172.31.40.0-255,66,99042,74,122456
21446,0.003882,74.125.68.0-255,1484,100526,74,122456
21447,0.003919,74.125.68.0-255,4320,104846,74,122456
21448,0.003925,172.31.40.0-255,66,104912,74,122456
21449,0.00591,74.125.68.0-255,2902,107814,74,122456
21450,0.005913,172.31.40.0-255,66,107880,74,122456
21451,0.00594,74.125.68.0-255,2902,110782,74,122456
21452,0.005942,172.31.40.0-255,66,110848,74,122456
21453,0.007922,74.125.68.0-255,5738,116586,74,122456
21454,0.007929,172.31.40.0-255,66,116652,74,122456
21455,0.009923,74.125.68.0-255,5738,122390,74,122456
21456,0.00993,172.31.40.0-255,66,122456,74,122456
21457,0.0,74.125.200.0-255,156,156,74,96188
21458,2.3e-05,172.31.40.0-255,66,222,74,96188
21459,3e-05,74.125.200.0-255,1484,1706,74,96188
21460,3.4e-05,172.31.40.0-255,66,1772,74,96188
21461,4.9e-05,74.125.200.0-255,2902,4674,74,96188
21462,5.3e-05,172.31.40.0-255,66,4740,74,96188
21463,5.8e-05,74.125.200.0-255,2902,7642,74,96188
21464,6.2e-05,172.31.40.0-255,66,7708,74,96188
21465,9.5e-05,74.125.200.0-255,2902,10610,74,96188
21466,9.8e-05,172.31.40.0-255,66,10676,74,96188
21467,0.000108,172.31.40.0-255,66,10742,74,96188
21468,0.000114,74.125.200.0-255,4320,15062,74,96188
21469,0.000116,172.31.40.0-255,66,15128,74,96188
21470,0.000143,74.125.200.0-255,4320,19448,74,96188
21471,0.000146,172.31.40.0-255,66,19514,74,96188
21472,0.000152,74.125.200.0-255,5379,24893,74,96188
21473,0.000154,172.31.40.0-255,66,24959,74,96188
21474,0.000205,74.125.200.0-255,1484,26443,74,96188
21475,0.000208,172.31.40.0-255,66,26509,74,96188
21476,0.00022,74.125.200.0-255,2902,29411,74,96188
21477,0.000227,172.31.40.0-255,66,29477,74,96188
21478,0.00023,74.125.200.0-255,1484,30961,74,96188
21479,0.000232,172.31.40.0-255,66,31027,74,96188
21480,0.000256,74.125.200.0-255,4320,35347,74,96188
21481,0.000258,172.31.40.0-255,66,35413,74,96188
21482,0.000272,172.31.40.0-255,66,35479,74,96188
21483,0.000274,74.125.200.0-255,1484,36963,74,96188
21484,0.000276,172.31.40.0-255,66,37029,74,96188
21485,0.000312,74.125.200.0-255,5738,42767,74,96188
21486,0.000315,172.31.40.0-255,66,42833,74,96188
21487,0.000325,172.31.40.0-255,66,42899,74,96188
21488,0.000352,74.125.200.0-255,2854,45753,74,96188
21489,0.000354,172.31.40.0-255,66,45819,74,96188
21490,0.000539,74.125.200.0-255,109,45928,74,96188
21491,0.000545,74.125.200.0-255,332,46260,74,96188
21492,0.000764,74.125.200.0-255,1484,47744,74,96188
21493,0.000769,172.31.40.0-255,66,47810,74,96188
21494,0.000802,74.125.200.0-255,2902,50712,74,96188
21495,0.000805,172.31.40.0-255,66,50778,74,96188
21496,0.000812,74.125.200.0-255,5738,56516,74,96188
21497,0.000814,172.31.40.0-255,66,56582,74,96188
21498,0.000822,74.125.200.0-255,1484,58066,74,96188
21499,0.000827,74.125.200.0-255,2902,60968,74,96188
21500,0.000829,172.31.40.0-255,66,61034,74,96188
21501,0.00085,74.125.200.0-255,4320,65354,74,96188
21502,0.000866,172.31.40.0-255,66,65420,74,96188
21503,0.000897,74.125.200.0-255,1484,66904,74,96188
21504,0.000902,74.125.200.0-255,2902,69806,74,96188
21505,0.000905,172.31.40.0-255,66,69872,74,96188
21506,0.00091,74.125.200.0-255,4320,74192,74,96188
21507,0.000913,172.31.40.0-255,66,74258,74,96188
21508,0.000922,172.31.40.0-255,66,74324,74,96188
21509,0.003138,74.125.200.0-255,5738,80062,74,96188
21510,0.003151,172.31.40.0-255,66,80128,74,96188
21511,0.005353,74.125.200.0-255,5738,85866,74,96188
21512,0.00536,172.31.40.0-255,66,85932,74,96188
21513,0.007549,74.125.200.0-255,4320,90252,74,96188
21514,0.007555,172.31.40.0-255,66,90318,74,96188
21515,0.007579,74.125.200.0-255,1484,91802,74,96188
21516,0.009771,74.125.200.0-255,4320,96122,74,96188
21517,0.00978,172.31.40.0-255,66,96188,74,96188
21518,0.0,74.125.24.0-255,153,153,74,185757
21519,2.2e-05,172.31.40.0-255,66,219,74,185757
21520,3e-05,74.125.24.0-255,1484,1703,74,185757
21521,3.5e-05,172.31.40.0-255,66,1769,74,185757
21522,4e-05,74.125.24.0-255,2902,4671,74,185757
21523,4.3e-05,172.31.40.0-255,66,4737,74,185757
21524,5.4e-05,172.31.40.0-255,66,4803,74,185757
21525,6.6e-05,172.31.40.0-255,66,4869,74,185757
21526,9.2e-05,74.125.24.0-255,6240,11109,74,185757
21527,9.5e-05,172.31.40.0-255,66,11175,74,185757
21528,9.9e-05,74.125.24.0-255,2543,13718,74,185757
21529,0.000101,172.31.40.0-255,66,13784,74,185757
21530,0.000126,74.125.24.0-255,2902,16686,74,185757
21531,0.000128,172.31.40.0-255,66,16752,74,185757
21532,0.000154,172.31.40.0-255,66,16818,74,185757
21533,0.000161,74.125.24.0-255,5738,22556,74,185757
21534,0.000163,172.31.40.0-255,66,22622,74,185757
21535,0.00022,172.31.40.0-255,66,22688,74,185757
21536,0.000224,74.125.24.0-255,2898,25586,74,185757
21537,0.000226,172.31.40.0-255,66,25652,74,185757
21538,0.000229,74.125.24.0-255,331,25983,74,185757
21539,0.000231,172.31.40.0-255,66,26049,74,185757
21540,0.000443,74.125.24.0-255,1484,27533,74,185757
21541,0.000447,172.31.40.0-255,66,27599,74,185757
21542,0.000451,74.125.24.0-255,2902,30501,74,185757
21543,0.000454,172.31.40.0-255,66,30567,74,185757
21544,0.00046,74.125.24.0-255,5738,36305,74,185757
21545,0.000462,172.31.40.0-255,66,36371,74,185757
21546,0.000476,74.125.24.0-255,1484,37855,74,185757
21547,0.000491,74.125.24.0-255,5738,43593,74,185757
21548,0.000494,172.31.40.0-255,66,43659,74,185757
21549,0.00051,74.125.24.0-255,5738,49397,74,185757
21550,0.000513,172.31.40.0-255,66,49463,74,185757
21551,0.000526,172.31.40.0-255,66,49529,74,185757
21552,0.000726,74.125.24.0-255,1484,51013,74,185757
21553,0.000731,74.125.24.0-255,2902,53915,74,185757
21554,0.000734,172.31.40.0-255,66,53981,74,185757
21555,0.000752,74.125.24.0-255,5738,59719,74,185757
21556,0.000755,172.31.40.0-255,66,59785,74,185757
21557,0.000771,74.125.24.0-255,1484,61269,74,185757
21558,0.000797,172.31.40.0-255,66,61335,74,185757
21559,0.0008,74.125.24.0-255,1484,62819,74,185757
21560,0.000845,172.31.40.0-255,66,62885,74,185757
21561,0.00085,74.125.24.0-255,2902,65787,74,185757
21562,0.000852,172.31.40.0-255,66,65853,74,185757
21563,0.000868,74.125.24.0-255,4320,70173,74,185757
21564,0.000871,172.31.40.0-255,66,70239,74,185757
21565,0.000882,172.31.40.0-255,66,70305,74,185757
21566,0.000903,74.125.24.0-255,4320,74625,74,185757
21567,0.000905,172.31.40.0-255,66,74691,74,185757
21568,0.000935,172.31.40.0-255,66,74757,74,185757
21569,0.000954,74.125.24.0-255,5738,80495,74,185757
21570,0.000956,172.31.40.0-255,66,80561,74,185757
21571,0.000979,74.125.24.0-255,3602,84163,74,185757
21572,0.000982,172.31.40.0-255,66,84229,74,185757
21573,0.000993,172.31.40.0-255,66,84295,74,185757
21574,0.000999,74.125.24.0-255,4320,88615,74,185757
21575,0.001001,172.31.40.0-255,66,88681,74,185757
21576,0.001029,74.125.24.0-255,5738,94419,74,185757
21577,0.001033,172.31.40.0-255,66,94485,74,185757
21578,0.00106,74.125.24.0-255,4320,98805,74,185757
21579,0.001062,172.31.40.0-255,66,98871,74,185757
21580,0.001084,74.125.24.0-255,5020,103891,74,185757
21581,0.001087,172.31.40.0-255,66,103957,74,185757
21582,0.00109,74.125.24.0-255,1484,105441,74,185757
21583,0.001119,172.31.40.0-255,66,105507,74,185757
21584,0.001126,74.125.24.0-255,5738,111245,74,185757
21585,0.001128,172.31.40.0-255,66,111311,74,185757
21586,0.001197,172.31.40.0-255,66,111377,74,185757
21587,0.001216,74.125.24.0-255,4320,115697,74,185757
21588,0.001218,172.31.40.0-255,66,115763,74,185757
21589,0.001221,74.125.24.0-255,766,116529,74,185757
21590,0.001225,74.125.24.0-255,1484,118013,74,185757
21591,0.001227,172.31.40.0-255,66,118079,74,185757
21592,0.001232,74.125.24.0-255,2902,120981,74,185757
21593,0.001234,172.31.40.0-255,66,121047,74,185757
21594,0.001237,74.125.24.0-255,1484,122531,74,185757
21595,0.001259,74.125.24.0-255,4320,126851,74,185757
21596,0.001261,172.31.40.0-255,66,126917,74,185757
21597,0.001266,74.125.24.0-255,4320,131237,74,185757
21598,0.001268,172.31.40.0-255,66,131303,74,185757
21599,0.001297,172.31.40.0-255,66,131369,74,185757
21600,0.001312,74.125.24.0-255,4320,135689,74,185757
21601,0.001314,172.31.40.0-255,66,135755,74,185757
21602,0.001338,172.31.40.0-255,66,135821,74,185757
21603,0.001356,74.125.24.0-255,1484,137305,74,185757
21604,0.001392,172.31.40.0-255,66,137371,74,185757
21605,0.001405,172.31.40.0-255,66,137437,74,185757
21606,0.001426,74.125.24.0-255,1484,138921,74,185757
21607,0.001455,172.31.40.0-255,66,138987,74,185757
21608,0.001475,74.125.24.0-255,5020,144007,74,185757
21609,0.001478,172.31.40.0-255,66,144073,74,185757
21610,0.001481,74.125.24.0-255,1484,145557,74,185757
21611,0.001494,172.31.40.0-255,66,145623,74,185757
21612,0.00151,74.125.24.0-255,5020,150643,74,185757
21613,0.001513,172.31.40.0-255,66,150709,74,185757
21614,0.001683,74.125.24.0-255,1484,152193,74,185757
21615,0.001689,74.125.24.0-255,2902,155095,74,185757
21616,0.001692,172.31.40.0-255,66,155161,74,185757
21617,0.001699,74.125.24.0-255,5738,160899,74,185757
21618,0.001702,172.31.40.0-255,66,160965,74,185757
21619,0.001705,74.125.24.0-255,1484,162449,74,185757
21620,0.001723,74.125.24.0-255,5738,168187,74,185757
21621,0.001726,172.31.40.0-255,66,168253,74,185757
21622,0.001745,74.125.24.0-255,5738,173991,74,185757
21623,0.001747,172.31.40.0-255,66,174057,74,185757
21624,0.00176,172.31.40.0-255,66,174123,74,185757
21625,0.001784,74.125.24.0-255,4320,178443,74,185757
21626,0.001787,172.31.40.0-255,66,178509,74,185757
21627,0.001816,172.31.40.0-255,66,178575,74,185757
21628,0.001831,74.125.24.0-255,2902,181477,74,185757
21629,0.001835,172.31.40.0-255,66,181543,74,185757
21630,0.001852,74.125.24.0-255,3705,185248,74,185757
21631,0.001855,172.31.40.0-255,66,185314,74,185757
21632,0.001858,74.125.24.0-255,105,185419,74,185757
21633,0.00309,172.31.40.0-255,101,185520,74,185757
21634,0.00463,172.31.40.0-255,105,185625,74,185757
21635,0.005104,74.125.24.0-255,66,185691,74,185757
21636,0.006635,74.125.24.0-255,66,185757,74,185757
21637,0.0,172.217.194.0-255,153,153,74,190316
21638,1.8e-05,172.31.40.0-255,66,219,74,190316
21639,2.5e-05,172.217.194.0-255,1484,1703,74,190316
21640,3e-05,172.31.40.0-255,66,1769,74,190316
21641,3.5e-05,172.217.194.0-255,2902,4671,74,190316
21642,4.6e-05,172.31.40.0-255,66,4737,74,190316
21643,5.7e-05,172.31.40.0-255,66,4803,74,190316
21644,6.3e-05,172.217.194.0-255,3574,8377,74,190316
21645,6.5e-05,172.31.40.0-255,66,8443,74,190316
21646,6.8e-05,172.217.194.0-255,1484,9927,74,190316
21647,7.1e-05,172.31.40.0-255,66,9993,74,190316
21648,0.000124,172.31.40.0-255,66,10059,74,190316
21649,0.000129,172.217.194.0-255,2543,12602,74,190316
21650,0.000131,172.31.40.0-255,66,12668,74,190316
21651,0.000159,172.217.194.0-255,1484,14152,74,190316
21652,0.000163,172.31.40.0-255,66,14218,74,190316
21653,0.000167,172.217.194.0-255,2902,17120,74,190316
21654,0.000169,172.31.40.0-255,66,17186,74,190316
21655,0.000174,172.217.194.0-255,2902,20088,74,190316
21656,0.000176,172.31.40.0-255,66,20154,74,190316
21657,0.000204,172.217.194.0-255,2902,23056,74,190316
21658,0.000206,172.31.40.0-255,66,23122,74,190316
21659,0.000216,172.31.40.0-255,66,23188,74,190316
21660,0.000221,172.217.194.0-255,2902,26090,74,190316
21661,0.000223,172.31.40.0-255,66,26156,74,190316
21662,0.000263,172.31.40.0-255,66,26222,74,190316
21663,0.000267,172.217.194.0-255,2844,29066,74,190316
21664,0.000269,172.31.40.0-255,66,29132,74,190316
21665,0.000302,172.217.194.0-255,2902,32034,74,190316
21666,0.000305,172.31.40.0-255,66,32100,74,190316
21667,0.000309,172.217.194.0-255,2902,35002,74,190316
21668,0.000311,172.31.40.0-255,66,35068,74,190316
21669,0.000321,172.31.40.0-255,66,35134,74,190316
21670,0.000351,172.217.194.0-255,3961,39095,74,190316
21671,0.000353,172.31.40.0-255,66,39161,74,190316
21672,0.000378,172.217.194.0-255,4320,43481,74,190316
21673,0.000381,172.31.40.0-255,66,43547,74,190316
21674,0.00039,172.31.40.0-255,66,43613,74,190316
21675,0.00043,172.217.194.0-255,2902,46515,74,190316
21676,0.000433,172.31.40.0-255,66,46581,74,190316
21677,0.000438,172.217.194.0-255,2862,49443,74,190316
21678,0.000439,172.31.40.0-255,66,49509,74,190316
21679,0.000535,172.217.194.0-255,1484,50993,74,190316
21680,0.000541,172.217.194.0-255,1484,52477,74,190316
21681,0.000544,172.31.40.0-255,66,52543,74,190316
21682,0.000561,172.217.194.0-255,1484,54027,74,190316
21683,0.000568,172.217.194.0-255,5738,59765,74,190316
21684,0.00057,172.31.40.0-255,66,59831,74,190316
21685,0.000614,172.31.40.0-255,66,59897,74,190316
21686,0.00066,172.31.40.0-255,66,59963,74,190316
21687,0.000685,172.217.194.0-255,1635,61598,74,190316
21688,0.000688,172.31.40.0-255,66,61664,74,190316
21689,0.000691,172.217.194.0-255,1484,63148,74,190316
21690,0.000695,172.217.194.0-255,2902,66050,74,190316
21691,0.000698,172.31.40.0-255,66,66116,74,190316
21692,0.000701,172.217.194.0-255,1484,67600,74,190316
21693,0.000724,172.217.194.0-255,4320,71920,74,190316
21694,0.000727,172.31.40.0-255,66,71986,74,190316
21695,0.000737,172.31.40.0-255,66,72052,74,190316
21696,0.000744,172.217.194.0-255,5738,77790,74,190316
21697,0.000746,172.31.40.0-255,66,77856,74,190316
21698,0.0008,172.31.40.0-255,66,77922,74,190316
21699,0.000805,172.217.194.0-255,2184,80106,74,190316
21700,0.000807,172.31.40.0-255,66,80172,74,190316
21701,0.001181,172.217.194.0-255,1484,81656,74,190316
21702,0.001187,172.217.194.0-255,2902,84558,74,190316
21703,0.001191,172.31.40.0-255,66,84624,74,190316
21704,0.001196,172.217.194.0-255,2902,87526,74,190316
21705,0.001198,172.31.40.0-255,66,87592,74,190316
21706,0.00122,172.217.194.0-255,2902,90494,74,190316
21707,0.001222,172.31.40.0-255,66,90560,74,190316
21708,0.001232,172.31.40.0-255,66,90626,74,190316
21709,0.001385,172.217.194.0-255,1484,92110,74,190316
21710,0.001402,172.217.194.0-255,2902,95012,74,190316
21711,0.001405,172.31.40.0-255,66,95078,74,190316
21712,0.001409,172.217.194.0-255,1484,96562,74,190316
21713,0.001433,172.217.194.0-255,4320,100882,74,190316
21714,0.001435,172.31.40.0-255,66,100948,74,190316
21715,0.001445,172.31.40.0-255,66,101014,74,190316
21716,0.001478,172.217.194.0-255,5738,106752,74,190316
21717,0.001481,172.31.40.0-255,66,106818,74,190316
21718,0.001495,172.31.40.0-255,66,106884,74,190316
21719,0.001498,172.217.194.0-255,1484,108368,74,190316
21720,0.001529,172.217.194.0-255,2902,111270,74,190316
21721,0.001531,172.31.40.0-255,66,111336,74,190316
21722,0.001538,172.217.194.0-255,5738,117074,74,190316
21723,0.00154,172.31.40.0-255,66,117140,74,190316
21724,0.00155,172.31.40.0-255,66,117206,74,190316
21725,0.001578,172.217.194.0-255,4320,121526,74,190316
21726,0.001581,172.31.40.0-255,66,121592,74,190316
21727,0.0016,172.31.40.0-255,66,121658,74,190316
21728,0.001641,172.217.194.0-255,1484,123142,74,190316
21729,0.001656,172.217.194.0-255,2902,126044,74,190316
21730,0.001659,172.31.40.0-255,66,126110,74,190316
21731,0.001689,172.217.194.0-255,5738,131848,74,190316
21732,0.001693,172.31.40.0-255,66,131914,74,190316
21733,0.001698,172.217.194.0-255,4320,136234,74,190316
21734,0.0017,172.31.40.0-255,66,136300,74,190316
21735,0.001726,172.31.40.0-255,66,136366,74,190316
21736,0.001738,172.31.40.0-255,66,136432,74,190316
21737,0.00175,172.217.194.0-255,2184,138616,74,190316
21738,0.001752,172.31.40.0-255,66,138682,74,190316
21739,0.002018,172.217.194.0-255,1484,140166,74,190316
21740,0.002035,172.217.194.0-255,2902,143068,74,190316
21741,0.002038,172.31.40.0-255,66,143134,74,190316
21742,0.002046,172.217.194.0-255,5738,148872,74,190316
21743,0.002049,172.31.40.0-255,66,148938,74,190316
21744,0.002063,172.31.40.0-255,66,149004,74,190316
21745,0.002066,172.217.194.0-255,1484,150488,74,190316
21746,0.002112,172.31.40.0-255,66,150554,74,190316
21747,0.002123,172.31.40.0-255,66,150620,74,190316
21748,0.002165,172.217.194.0-255,1484,152104,74,190316
21749,0.002184,172.217.194.0-255,2902,155006,74,190316
21750,0.002187,172.31.40.0-255,66,155072,74,190316
21751,0.00219,172.217.194.0-255,1484,156556,74,190316
21752,0.002216,172.217.194.0-255,4320,160876,74,190316
21753,0.002219,172.31.40.0-255,66,160942,74,190316
21754,0.002223,172.217.194.0-255,2902,163844,74,190316
21755,0.002226,172.31.40.0-255,66,163910,74,190316
21756,0.002231,172.217.194.0-255,4320,168230,74,190316
21757,0.002233,172.31.40.0-255,66,168296,74,190316
21758,0.002266,172.217.194.0-255,5738,174034,74,190316
21759,0.002269,172.31.40.0-255,66,174100,74,190316
21760,0.002282,172.31.40.0-255,66,174166,74,190316
21761,0.002304,172.217.194.0-255,2902,177068,74,190316
21762,0.002306,172.31.40.0-255,66,177134,74,190316
21763,0.002347,172.31.40.0-255,66,177200,74,190316
21764,0.002352,172.217.194.0-255,4320,181520,74,190316
21765,0.002354,172.31.40.0-255,66,181586,74,190316
21766,0.002367,172.31.40.0-255,66,181652,74,190316
21767,0.002396,172.217.194.0-255,5738,187390,74,190316
21768,0.002399,172.217.194.0-255,766,188156,74,190316
21769,0.002414,172.31.40.0-255,66,188222,74,190316
21770,0.00242,172.217.194.0-255,1484,189706,74,190316
21771,0.002422,172.31.40.0-255,66,189772,74,190316
21772,0.002429,172.217.194.0-255,272,190044,74,190316
21773,0.002505,172.217.194.0-255,105,190149,74,190316
21774,0.003327,172.31.40.0-255,101,190250,74,190316
21775,0.00558,172.217.194.0-255,66,190316,74,190316
21776,0.0,74.125.24.0-255,146,146,74,67541
21777,2.3e-05,172.31.40.0-255,66,212,74,67541
21778,3e-05,74.125.24.0-255,1484,1696,74,67541
21779,3.4e-05,172.31.40.0-255,66,1762,74,67541
21780,4e-05,74.125.24.0-255,2902,4664,74,67541
21781,5e-05,172.31.40.0-255,66,4730,74,67541
21782,6.1e-05,172.31.40.0-255,66,4796,74,67541
21783,6.5e-05,74.125.24.0-255,2022,6818,74,67541
21784,6.9e-05,172.31.40.0-255,66,6884,74,67541
21785,8.4e-05,172.31.40.0-255,66,6950,74,67541
21786,0.000108,74.125.24.0-255,5379,12329,74,67541
21787,0.000112,172.31.40.0-255,66,12395,74,67541
21788,0.000143,74.125.24.0-255,5738,18133,74,67541
21789,0.000146,172.31.40.0-255,66,18199,74,67541
21790,0.000207,172.31.40.0-255,66,18265,74,67541
21791,0.000212,74.125.24.0-255,3961,22226,74,67541
21792,0.000214,172.31.40.0-255,66,22292,74,67541
21793,0.00078,74.125.24.0-255,1484,23776,74,67541
21794,0.000786,172.31.40.0-255,66,23842,74,67541
21795,0.000793,74.125.24.0-255,2902,26744,74,67541
21796,0.000795,172.31.40.0-255,66,26810,74,67541
21797,0.000801,74.125.24.0-255,5738,32548,74,67541
21798,0.000809,172.31.40.0-255,66,32614,74,67541
21799,0.000815,74.125.24.0-255,5738,38352,74,67541
21800,0.000817,172.31.40.0-255,66,38418,74,67541
21801,0.000852,74.125.24.0-255,1125,39543,74,67541
21802,0.000854,172.31.40.0-255,66,39609,74,67541
21803,0.000948,74.125.24.0-255,1484,41093,74,67541
21804,0.000952,172.31.40.0-255,66,41159,74,67541
21805,0.000957,74.125.24.0-255,2902,44061,74,67541
21806,0.000959,172.31.40.0-255,66,44127,74,67541
21807,0.000969,74.125.24.0-255,5738,49865,74,67541
21808,0.000971,172.31.40.0-255,66,49931,74,67541
21809,0.001023,172.31.40.0-255,66,49997,74,67541
21810,0.001035,172.31.40.0-255,66,50063,74,67541
21811,0.001083,172.31.40.0-255,66,50129,74,67541
21812,0.003462,74.125.24.0-255,5738,55867,74,67541
21813,0.003468,172.31.40.0-255,66,55933,74,67541
21814,0.005853,74.125.24.0-255,5738,61671,74,67541
21815,0.005858,172.31.40.0-255,66,61737,74,67541
21816,0.008224,74.125.24.0-255,5738,67475,74,67541
21817,0.008231,172.31.40.0-255,66,67541,74,67541
21818,0.0,74.125.130.0-255,152,152,74,162228
21819,1.4e-05,172.31.40.0-255,66,218,74,162228
21820,2.1e-05,74.125.130.0-255,1484,1702,74,162228
21821,2.6e-05,172.31.40.0-255,66,1768,74,162228
21822,3.2e-05,74.125.130.0-255,2902,4670,74,162228
21823,3.5e-05,172.31.40.0-255,66,4736,74,162228
21824,3.9e-05,74.125.130.0-255,1484,6220,74,162228
21825,4.2e-05,172.31.40.0-255,66,6286,74,162228
21826,6.5e-05,74.125.130.0-255,4320,10606,74,162228
21827,6.8e-05,172.31.40.0-255,66,10672,74,162228
21828,7.3e-05,74.125.130.0-255,4320,14992,74,162228
21829,7.6e-05,172.31.40.0-255,66,15058,74,162228
21830,0.000107,74.125.130.0-255,2137,17195,74,162228
21831,0.000109,172.31.40.0-255,66,17261,74,162228
21832,0.000118,172.31.40.0-255,66,17327,74,162228
21833,0.000123,74.125.130.0-255,2902,20229,74,162228
21834,0.000125,172.31.40.0-255,66,20295,74,162228
21835,0.00015,74.125.130.0-255,3961,24256,74,162228
21836,0.000153,172.31.40.0-255,66,24322,74,162228
21837,0.000516,74.125.130.0-255,1484,25806,74,162228
21838,0.000523,172.31.40.0-255,66,25872,74,162228
21839,0.000528,74.125.130.0-255,2902,28774,74,162228
21840,0.000531,172.31.40.0-255,66,28840,74,162228
21841,0.000534,74.125.130.0-255,1484,30324,74,162228
21842,0.000535,172.31.40.0-255,66,30390,74,162228
21843,0.000563,74.125.130.0-255,2902,33292,74,162228
21844,0.000566,172.31.40.0-255,66,33358,74,162228
21845,0.000576,172.31.40.0-255,66,33424,74,162228
21846,0.000581,74.125.130.0-255,4320,37744,74,162228
21847,0.000583,172.31.40.0-255,66,37810,74,162228
21848,0.000598,74.125.130.0-255,2902,40712,74,162228
21849,0.0006,172.31.40.0-255,66,40778,74,162228
21850,0.000612,74.125.130.0-255,2902,43680,74,162228
21851,0.000615,172.31.40.0-255,66,43746,74,162228
21852,0.00063,74.125.130.0-255,2902,46648,74,162228
21853,0.000632,172.31.40.0-255,66,46714,74,162228
21854,0.000653,74.125.130.0-255,3602,50316,74,162228
21855,0.000656,172.31.40.0-255,66,50382,74,162228
21856,0.000752,74.125.130.0-255,648,51030,74,162228
21857,0.000784,74.125.130.0-255,1484,52514,74,162228
21858,0.000788,172.31.40.0-255,66,52580,74,162228
21859,0.000802,74.125.130.0-255,2902,55482,74,162228
21860,0.000805,172.31.40.0-255,66,55548,74,162228
21861,0.000824,74.125.130.0-255,1484,57032,74,162228
21862,0.000858,74.125.130.0-255,2902,59934,74,162228
21863,0.000862,172.31.40.0-255,66,60000,74,162228
21864,0.00087,172.31.40.0-255,66,60066,74,162228
21865,0.000879,172.31.40.0-255,66,60132,74,162228
21866,0.000891,172.31.40.0-255,66,60198,74,162228
21867,0.000918,74.125.130.0-255,766,60964,74,162228
21868,0.001009,74.125.130.0-255,1484,62448,74,162228
21869,0.001012,172.31.40.0-255,66,62514,74,162228
21870,0.001041,74.125.130.0-255,1484,63998,74,162228
21871,0.001057,74.125.130.0-255,1484,65482,74,162228
21872,0.001061,74.125.130.0-255,2902,68384,74,162228
21873,0.001065,74.125.130.0-255,4320,72704,74,162228
21874,0.001077,172.31.40.0-255,66,72770,74,162228
21875,0.001079,172.31.40.0-255,66,72836,74,162228
21876,0.001082,172.31.40.0-255,66,72902,74,162228
21877,0.001084,172.31.40.0-255,66,72968,74,162228
21878,0.001099,74.125.130.0-255,5738,78706,74,162228
21879,0.001101,172.31.40.0-255,66,78772,74,162228
21880,0.00111,172.31.40.0-255,66,78838,74,162228
21881,0.001112,74.125.130.0-255,766,79604,74,162228
21882,0.00179,74.125.130.0-255,1484,81088,74,162228
21883,0.001797,172.31.40.0-255,66,81154,74,162228
21884,0.001803,74.125.130.0-255,2902,84056,74,162228
21885,0.001805,172.31.40.0-255,66,84122,74,162228
21886,0.001835,74.125.130.0-255,5738,89860,74,162228
21887,0.001838,172.31.40.0-255,66,89926,74,162228
21888,0.001842,74.125.130.0-255,2902,92828,74,162228
21889,0.001844,172.31.40.0-255,66,92894,74,162228
21890,0.001859,74.125.130.0-255,2902,95796,74,162228
21891,0.001861,172.31.40.0-255,66,95862,74,162228
21892,0.001867,74.125.130.0-255,5738,101600,74,162228
21893,0.001869,172.31.40.0-255,66,101666,74,162228
21894,0.001885,74.125.130.0-255,1484,103150,74,162228
21895,0.001891,74.125.130.0-255,2902,106052,74,162228
21896,0.001893,172.31.40.0-255,66,106118,74,162228
21897,0.001923,172.31.40.0-255,66,106184,74,162228
21898,0.001961,74.125.130.0-255,1484,107668,74,162228
21899,0.001987,74.125.130.0-255,2902,110570,74,162228
21900,0.00199,172.31.40.0-255,66,110636,74,162228
21901,0.001993,74.125.130.0-255,1484,112120,74,162228
21902,0.00201,74.125.130.0-255,2902,115022,74,162228
21903,0.002027,172.31.40.0-255,66,115088,74,162228
21904,0.002037,172.31.40.0-255,66,115154,74,162228
21905,0.002046,172.31.40.0-255,66,115220,74,162228
21906,0.002049,74.125.130.0-255,1484,116704,74,162228
21907,0.002072,172.31.40.0-255,66,116770,74,162228
21908,0.002074,74.125.130.0-255,766,117536,74,162228
21909,0.002226,74.125.130.0-255,1484,119020,74,162228
21910,0.002246,172.31.40.0-255,66,119086,74,162228
21911,0.002253,74.125.130.0-255,2902,121988,74,162228
21912,0.002255,172.31.40.0-255,66,122054,74,162228
21913,0.002261,74.125.130.0-255,5738,127792,74,162228
21914,0.002263,172.31.40.0-255,66,127858,74,162228
21915,0.002292,172.31.40.0-255,66,127924,74,162228
21916,0.002317,74.125.130.0-255,5738,133662,74,162228
21917,0.00232,172.31.40.0-255,66,133728,74,162228
21918,0.002324,74.125.130.0-255,2902,136630,74,162228
21919,0.002326,172.31.40.0-255,66,136696,74,162228
21920,0.00235,74.125.130.0-255,4320,141016,74,162228
21921,0.002353,172.31.40.0-255,66,141082,74,162228
21922,0.002375,74.125.130.0-255,3602,144684,74,162228
21923,0.002378,172.31.40.0-255,66,144750,74,162228
21924,0.004721,74.125.130.0-255,1484,146234,74,162228
21925,0.004749,74.125.130.0-255,4320,150554,74,162228
21926,0.004755,172.31.40.0-255,66,150620,74,162228
21927,0.007144,74.125.130.0-255,5738,156358,74,162228
21928,0.00715,172.31.40.0-255,66,156424,74,162228
21929,0.009535,74.125.130.0-255,5738,162162,74,162228
21930,0.009542,172.31.40.0-255,66,162228,74,162228
21931,0.0,74.125.24.0-255,152,152,74,154025
21932,2.1e-05,172.31.40.0-255,66,218,74,154025
21933,2.9e-05,74.125.24.0-255,1484,1702,74,154025
21934,3.3e-05,172.31.40.0-255,66,1768,74,154025
21935,3.8e-05,74.125.24.0-255,2902,4670,74,154025
21936,4.1e-05,172.31.40.0-255,66,4736,74,154025
21937,4.8e-05,74.125.24.0-255,5738,10474,74,154025
21938,5e-05,172.31.40.0-255,66,10540,74,154025
21939,7.9e-05,74.125.24.0-255,3573,14113,74,154025
21940,8.1e-05,172.31.40.0-255,66,14179,74,154025
21941,0.000105,74.125.24.0-255,4320,18499,74,154025
21942,0.000108,172.31.40.0-255,66,18565,74,154025
21943,0.000115,74.125.24.0-255,5738,24303,74,154025
21944,0.000117,172.31.40.0-255,66,24369,74,154025
21945,0.000135,74.125.24.0-255,4320,28689,74,154025
21946,0.000137,172.31.40.0-255,66,28755,74,154025
21947,0.000147,172.31.40.0-255,66,28821,74,154025
21948,0.000168,74.125.24.0-255,1484,30305,74,154025
21949,0.00017,172.31.40.0-255,66,30371,74,154025
21950,0.000192,172.31.40.0-255,66,30437,74,154025
21951,0.000288,74.125.24.0-255,1484,31921,74,154025
21952,0.000293,172.31.40.0-255,66,31987,74,154025
21953,0.000298,74.125.24.0-255,2902,34889,74,154025
21954,0.0003,172.31.40.0-255,66,34955,74,154025
21955,0.000303,74.125.24.0-255,1484,36439,74,154025
21956,0.000305,172.31.40.0-255,66,36505,74,154025
21957,0.000328,74.125.24.0-255,4320,40825,74,154025
21958,0.000331,172.31.40.0-255,66,40891,74,154025
21959,0.00034,172.31.40.0-255,66,40957,74,154025
21960,0.000388,74.125.24.0-255,1484,42441,74,154025
21961,0.000392,74.125.24.0-255,1484,43925,74,154025
21962,0.000394,172.31.40.0-255,66,43991,74,154025
21963,0.000413,74.125.24.0-255,1484,45475,74,154025
21964,0.00042,74.125.24.0-255,5738,51213,74,154025
21965,0.000422,172.31.40.0-255,66,51279,74,154025
21966,0.000426,74.125.24.0-255,2902,54181,74,154025
21967,0.000428,172.31.40.0-255,66,54247,74,154025
21968,0.000457,74.125.24.0-255,3961,58208,74,154025
21969,0.00046,172.31.40.0-255,66,58274,74,154025
21970,0.00047,172.31.40.0-255,66,58340,74,154025
21971,0.000496,172.31.40.0-255,66,58406,74,154025
21972,0.000736,74.125.24.0-255,1484,59890,74,154025
21973,0.000743,74.125.24.0-255,2902,62792,74,154025
21974,0.000747,172.31.40.0-255,66,62858,74,154025
21975,0.000754,74.125.24.0-255,5738,68596,74,154025
21976,0.000757,172.31.40.0-255,66,68662,74,154025
21977,0.00079,172.31.40.0-255,66,68728,74,154025
21978,0.000797,74.125.24.0-255,5738,74466,74,154025
21979,0.000799,172.31.40.0-255,66,74532,74,154025
21980,0.000837,74.125.24.0-255,5020,79552,74,154025
21981,0.00084,172.31.40.0-255,66,79618,74,154025
21982,0.001263,74.125.24.0-255,1484,81102,74,154025
21983,0.001269,74.125.24.0-255,2902,84004,74,154025
21984,0.001272,172.31.40.0-255,66,84070,74,154025
21985,0.001305,74.125.24.0-255,1484,85554,74,154025
21986,0.001332,74.125.24.0-255,4320,89874,74,154025
21987,0.001334,172.31.40.0-255,66,89940,74,154025
21988,0.00134,74.125.24.0-255,4320,94260,74,154025
21989,0.001343,172.31.40.0-255,66,94326,74,154025
21990,0.001355,172.31.40.0-255,66,94392,74,154025
21991,0.001366,172.31.40.0-255,66,94458,74,154025
21992,0.001443,74.125.24.0-255,1484,95942,74,154025
21993,0.001472,74.125.24.0-255,2902,98844,74,154025
21994,0.001478,172.31.40.0-255,66,98910,74,154025
21995,0.001485,74.125.24.0-255,5738,104648,74,154025
21996,0.001487,172.31.40.0-255,66,104714,74,154025
21997,0.001515,172.31.40.0-255,66,104780,74,154025
21998,0.001528,172.31.40.0-255,66,104846,74,154025
21999,0.00155,74.125.24.0-255,4320,109166,74,154025
22000,0.001552,172.31.40.0-255,66,109232,74,154025
22001,0.001579,172.31.40.0-255,66,109298,74,154025
22002,0.001582,74.125.24.0-255,1484,110782,74,154025
22003,0.001612,172.31.40.0-255,66,110848,74,154025
22004,0.001623,172.31.40.0-255,66,110914,74,154025
22005,0.001648,74.125.24.0-255,2184,113098,74,154025
22006,0.001652,172.31.40.0-255,66,113164,74,154025
22007,0.001696,74.125.24.0-255,1484,114648,74,154025
22008,0.001701,74.125.24.0-255,2902,117550,74,154025
22009,0.001706,172.31.40.0-255,66,117616,74,154025
22010,0.001715,74.125.24.0-255,2902,120518,74,154025
22011,0.001717,172.31.40.0-255,66,120584,74,154025
22012,0.001733,74.125.24.0-255,2902,123486,74,154025
22013,0.001736,172.31.40.0-255,66,123552,74,154025
22014,0.001771,172.31.40.0-255,66,123618,74,154025
22015,0.001782,172.31.40.0-255,66,123684,74,154025
22016,0.001806,74.125.24.0-255,5738,129422,74,154025
22017,0.001809,172.31.40.0-255,66,129488,74,154025
22018,0.001827,74.125.24.0-255,2184,131672,74,154025
22019,0.001829,172.31.40.0-255,66,131738,74,154025
22020,0.001883,74.125.24.0-255,1484,133222,74,154025
22021,0.001889,74.125.24.0-255,2902,136124,74,154025
22022,0.001892,172.31.40.0-255,66,136190,74,154025
22023,0.001914,74.125.24.0-255,5738,141928,74,154025
22024,0.001916,172.31.40.0-255,66,141994,74,154025
22025,0.001933,74.125.24.0-255,4320,146314,74,154025
22026,0.001936,172.31.40.0-255,66,146380,74,154025
22027,0.001977,172.31.40.0-255,66,146446,74,154025
22028,0.00199,172.31.40.0-255,66,146512,74,154025
22029,0.00203,172.31.40.0-255,66,146578,74,154025
22030,0.002099,172.31.40.0-255,66,146644,74,154025
22031,0.002112,172.31.40.0-255,66,146710,74,154025
22032,0.002125,172.31.40.0-255,66,146776,74,154025
22033,0.002129,74.125.24.0-255,2902,149678,74,154025
22034,0.002131,172.31.40.0-255,66,149744,74,154025
22035,0.002167,172.31.40.0-255,66,149810,74,154025
22036,0.002178,172.31.40.0-255,66,149876,74,154025
22037,0.002203,74.125.24.0-255,3978,153854,74,154025
22038,0.002205,172.31.40.0-255,66,153920,74,154025
22039,0.002234,74.125.24.0-255,105,154025,74,154025
22040,0.0,216.58.203.0-255,152,152,74,169705
22041,2.4e-05,172.31.40.0-255,66,218,74,169705
22042,3e-05,216.58.203.0-255,1484,1702,74,169705
22043,3.5e-05,172.31.40.0-255,66,1768,74,169705
22044,4.2e-05,216.58.203.0-255,2902,4670,74,169705
22045,4.5e-05,172.31.40.0-255,66,4736,74,169705
22046,5.2e-05,216.58.203.0-255,5738,10474,74,169705
22047,5.5e-05,172.31.40.0-255,66,10540,74,169705
22048,6.1e-05,216.58.203.0-255,3456,13996,74,169705
22049,6.3e-05,172.31.40.0-255,66,14062,74,169705
22050,0.000168,216.58.203.0-255,1484,15546,74,169705
22051,0.000172,172.31.40.0-255,66,15612,74,169705
22052,0.000177,216.58.203.0-255,2902,18514,74,169705
22053,0.00018,172.31.40.0-255,66,18580,74,169705
22054,0.000184,216.58.203.0-255,2902,21482,74,169705
22055,0.000186,172.31.40.0-255,66,21548,74,169705
22056,0.000202,216.58.203.0-255,2902,24450,74,169705
22057,0.000205,172.31.40.0-255,66,24516,74,169705
22058,0.00021,216.58.203.0-255,4320,28836,74,169705
22059,0.000212,172.31.40.0-255,66,28902,74,169705
22060,0.000248,216.58.203.0-255,4320,33222,74,169705
22061,0.000251,172.31.40.0-255,66,33288,74,169705
22062,0.000284,172.31.40.0-255,66,33354,74,169705
22063,0.000293,172.31.40.0-255,66,33420,74,169705
22064,0.000348,216.58.203.0-255,1484,34904,74,169705
22065,0.000351,172.31.40.0-255,66,34970,74,169705
22066,0.000357,216.58.203.0-255,2902,37872,74,169705
22067,0.000359,172.31.40.0-255,66,37938,74,169705
22068,0.000362,216.58.203.0-255,1484,39422,74,169705
22069,0.000364,172.31.40.0-255,66,39488,74,169705
22070,0.000367,216.58.203.0-255,1484,40972,74,169705
22071,0.00039,216.58.203.0-255,4320,45292,74,169705
22072,0.000393,172.31.40.0-255,66,45358,74,169705
22073,0.000414,216.58.203.0-255,2902,48260,74,169705
22074,0.000417,172.31.40.0-255,66,48326,74,169705
22075,0.000435,216.58.203.0-255,2867,51193,74,169705
22076,0.000437,172.31.40.0-255,66,51259,74,169705
22077,0.000771,216.58.203.0-255,120,51379,74,169705
22078,0.000874,216.58.203.0-255,1484,52863,74,169705
22079,0.000879,172.31.40.0-255,66,52929,74,169705
22080,0.000884,216.58.203.0-255,2902,55831,74,169705
22081,0.000886,172.31.40.0-255,66,55897,74,169705
22082,0.000903,216.58.203.0-255,5738,61635,74,169705
22083,0.000906,172.31.40.0-255,66,61701,74,169705
22084,0.000912,216.58.203.0-255,5738,67439,74,169705
22085,0.000914,172.31.40.0-255,66,67505,74,169705
22086,0.000949,172.31.40.0-255,66,67571,74,169705
22087,0.000966,216.58.203.0-255,4320,71891,74,169705
22088,0.000969,172.31.40.0-255,66,71957,74,169705
22089,0.001003,172.31.40.0-255,66,72023,74,169705
22090,0.001651,216.58.203.0-255,1484,73507,74,169705
22091,0.001671,216.58.203.0-255,2902,76409,74,169705
22092,0.001676,172.31.40.0-255,66,76475,74,169705
22093,0.001723,216.58.203.0-255,2902,79377,74,169705
22094,0.001726,172.31.40.0-255,66,79443,74,169705
22095,0.001733,216.58.203.0-255,4320,83763,74,169705
22096,0.001735,172.31.40.0-255,66,83829,74,169705
22097,0.001739,216.58.203.0-255,1484,85313,74,169705
22098,0.001774,172.31.40.0-255,66,85379,74,169705
22099,0.00178,216.58.203.0-255,2902,88281,74,169705
22100,0.001781,172.31.40.0-255,66,88347,74,169705
22101,0.001806,172.31.40.0-255,66,88413,74,169705
22102,0.001915,216.58.203.0-255,1484,89897,74,169705
22103,0.00192,216.58.203.0-255,1484,91381,74,169705
22104,0.001923,172.31.40.0-255,66,91447,74,169705
22105,0.001929,216.58.203.0-255,2902,94349,74,169705
22106,0.001931,172.31.40.0-255,66,94415,74,169705
22107,0.001954,216.58.203.0-255,2902,97317,74,169705
22108,0.001956,172.31.40.0-255,66,97383,74,169705
22109,0.001974,216.58.203.0-255,1484,98867,74,169705
22110,0.001976,216.58.203.0-255,1484,100351,74,169705
22111,0.001978,172.31.40.0-255,66,100417,74,169705
22112,0.002003,216.58.203.0-255,1484,101901,74,169705
22113,0.002027,216.58.203.0-255,4320,106221,74,169705
22114,0.00203,172.31.40.0-255,66,106287,74,169705
22115,0.002034,216.58.203.0-255,2902,109189,74,169705
22116,0.002037,172.31.40.0-255,66,109255,74,169705
22117,0.002052,216.58.203.0-255,5738,114993,74,169705
22118,0.002054,172.31.40.0-255,66,115059,74,169705
22119,0.00206,216.58.203.0-255,4320,119379,74,169705
22120,0.002062,172.31.40.0-255,66,119445,74,169705
22121,0.002088,216.58.203.0-255,2902,122347,74,169705
22122,0.00209,172.31.40.0-255,66,122413,74,169705
22123,0.002093,216.58.203.0-255,766,123179,74,169705
22124,0.002215,216.58.203.0-255,1484,124663,74,169705
22125,0.00222,172.31.40.0-255,66,124729,74,169705
22126,0.002226,216.58.203.0-255,2902,127631,74,169705
22127,0.002228,172.31.40.0-255,66,127697,74,169705
22128,0.002235,216.58.203.0-255,5738,133435,74,169705
22129,0.002237,172.31.40.0-255,66,133501,74,169705
22130,0.002277,172.31.40.0-255,66,133567,74,169705
22131,0.00229,172.31.40.0-255,66,133633,74,169705
22132,0.002293,216.58.203.0-255,2184,135817,74,169705
22133,0.002295,172.31.40.0-255,66,135883,74,169705
22134,0.002618,216.58.203.0-255,1484,137367,74,169705
22135,0.002627,216.58.203.0-255,2902,140269,74,169705
22136,0.002631,172.31.40.0-255,66,140335,74,169705
22137,0.002638,216.58.203.0-255,4320,144655,74,169705
22138,0.00264,172.31.40.0-255,66,144721,74,169705
22139,0.002654,216.58.203.0-255,1484,146205,74,169705
22140,0.002661,216.58.203.0-255,5738,151943,74,169705
22141,0.002664,172.31.40.0-255,66,152009,74,169705
22142,0.002691,172.31.40.0-255,66,152075,74,169705
22143,0.002702,172.31.40.0-255,66,152141,74,169705
22144,0.002733,216.58.203.0-255,5020,157161,74,169705
22145,0.002735,172.31.40.0-255,66,157227,74,169705
22146,0.002753,172.31.40.0-255,66,157293,74,169705
22147,0.002767,172.31.40.0-255,66,157359,74,169705
22148,0.002774,216.58.203.0-255,5738,163097,74,169705
22149,0.002777,172.31.40.0-255,66,163163,74,169705
22150,0.002807,172.31.40.0-255,66,163229,74,169705
22151,0.002821,172.31.40.0-255,66,163295,74,169705
22152,0.002831,172.31.40.0-255,66,163361,74,169705
22153,0.002864,172.31.40.0-255,66,163427,74,169705
22154,0.002878,172.31.40.0-255,66,163493,74,169705
22155,0.002889,172.31.40.0-255,66,163559,74,169705
22156,0.002919,172.31.40.0-255,66,163625,74,169705
22157,0.002934,172.31.40.0-255,66,163691,74,169705
22158,0.002972,216.58.203.0-255,5738,169429,74,169705
22159,0.003048,216.58.203.0-255,105,169534,74,169705
22160,0.006795,172.31.40.0-255,66,169600,74,169705
22161,0.009016,172.31.40.0-255,105,169705,74,169705
22162,0.0,172.31.40.0-255,105,105,74,459
22163,0.00023,172.31.40.0-255,90,195,74,459
22164,0.00024,172.31.40.0-255,66,261,74,459
22165,0.002471,74.125.68.0-255,66,327,74,459
22166,0.0025,74.125.68.0-255,66,393,74,459
22167,0.00252,172.31.40.0-255,66,459,74,459
22168,0.0,172.217.194.0-255,152,152,74,196746
22169,1.3e-05,172.31.40.0-255,66,218,74,196746
22170,2e-05,172.217.194.0-255,1484,1702,74,196746
22171,2.5e-05,172.31.40.0-255,66,1768,74,196746
22172,3.8e-05,172.217.194.0-255,2902,4670,74,196746
22173,4.2e-05,172.31.40.0-255,66,4736,74,196746
22174,5.4e-05,172.31.40.0-255,66,4802,74,196746
22175,8.3e-05,172.217.194.0-255,2117,6919,74,196746
22176,8.6e-05,172.31.40.0-255,66,6985,74,196746
22177,0.000513,172.217.194.0-255,1484,8469,74,196746
22178,0.000519,172.31.40.0-255,66,8535,74,196746
22179,0.000528,172.217.194.0-255,2902,11437,74,196746
22180,0.00053,172.31.40.0-255,66,11503,74,196746
22181,0.000543,172.217.194.0-255,5738,17241,74,196746
22182,0.000545,172.31.40.0-255,66,17307,74,196746
22183,0.000552,172.217.194.0-255,5738,23045,74,196746
22184,0.000555,172.31.40.0-255,66,23111,74,196746
22185,0.000594,172.217.194.0-255,1125,24236,74,196746
22186,0.000598,172.31.40.0-255,66,24302,74,196746
22187,0.000812,172.217.194.0-255,1484,25786,74,196746
22188,0.000818,172.31.40.0-255,66,25852,74,196746
22189,0.000824,172.217.194.0-255,2902,28754,74,196746
22190,0.000827,172.31.40.0-255,66,28820,74,196746
22191,0.000831,172.217.194.0-255,2902,31722,74,196746
22192,0.000838,172.31.40.0-255,66,31788,74,196746
22193,0.000868,172.217.194.0-255,2902,34690,74,196746
22194,0.00087,172.31.40.0-255,66,34756,74,196746
22195,0.000879,172.217.194.0-255,5738,40494,74,196746
22196,0.000882,172.31.40.0-255,66,40560,74,196746
22197,0.000885,172.217.194.0-255,1484,42044,74,196746
22198,0.000887,172.31.40.0-255,66,42110,74,196746
22199,0.000935,172.31.40.0-255,66,42176,74,196746
22200,0.000941,172.217.194.0-255,3961,46137,74,196746
22201,0.000944,172.31.40.0-255,66,46203,74,196746
22202,0.002265,172.217.194.0-255,646,46849,74,196746
22203,0.002372,172.217.194.0-255,1484,48333,74,196746
22204,0.002376,172.31.40.0-255,66,48399,74,196746
22205,0.002383,172.217.194.0-255,2902,51301,74,196746
22206,0.002385,172.31.40.0-255,66,51367,74,196746
22207,0.002397,172.217.194.0-255,5738,57105,74,196746
22208,0.002399,172.31.40.0-255,66,57171,74,196746
22209,0.002444,172.31.40.0-255,66,57237,74,196746
22210,0.002453,172.31.40.0-255,66,57303,74,196746
22211,0.002482,172.217.194.0-255,3602,60905,74,196746
22212,0.002484,172.31.40.0-255,66,60971,74,196746
22213,0.002921,172.217.194.0-255,1484,62455,74,196746
22214,0.002925,172.217.194.0-255,2902,65357,74,196746
22215,0.002928,172.31.40.0-255,66,65423,74,196746
22216,0.002961,172.217.194.0-255,5738,71161,74,196746
22217,0.002964,172.31.40.0-255,66,71227,74,196746
22218,0.002981,172.31.40.0-255,66,71293,74,196746
22219,0.003008,172.217.194.0-255,1484,72777,74,196746
22220,0.003022,172.31.40.0-255,66,72843,74,196746
22221,0.003106,172.217.194.0-255,1484,74327,74,196746
22222,0.00312,172.217.194.0-255,2902,77229,74,196746
22223,0.003123,172.31.40.0-255,66,77295,74,196746
22224,0.003127,172.217.194.0-255,4320,81615,74,196746
22225,0.003129,172.31.40.0-255,66,81681,74,196746
22226,0.003157,172.217.194.0-255,1484,83165,74,196746
22227,0.003162,172.217.194.0-255,4320,87485,74,196746
22228,0.003164,172.31.40.0-255,66,87551,74,196746
22229,0.003188,172.31.40.0-255,66,87617,74,196746
22230,0.003209,172.217.194.0-255,1484,89101,74,196746
22231,0.003217,172.31.40.0-255,66,89167,74,196746
22232,0.00322,172.217.194.0-255,766,89933,74,196746
22233,0.003415,172.217.194.0-255,1484,91417,74,196746
22234,0.003417,172.31.40.0-255,66,91483,74,196746
22235,0.003421,172.217.194.0-255,2902,94385,74,196746
22236,0.003424,172.31.40.0-255,66,94451,74,196746
22237,0.003426,172.217.194.0-255,1484,95935,74,196746
22238,0.003451,172.217.194.0-255,4320,100255,74,196746
22239,0.003453,172.31.40.0-255,66,100321,74,196746
22240,0.003457,172.217.194.0-255,4320,104641,74,196746
22241,0.003459,172.31.40.0-255,66,104707,74,196746
22242,0.003462,172.217.194.0-255,1484,106191,74,196746
22243,0.003497,172.31.40.0-255,66,106257,74,196746
22244,0.003502,172.217.194.0-255,5738,111995,74,196746
22245,0.003504,172.31.40.0-255,66,112061,74,196746
22246,0.003555,172.217.194.0-255,2184,114245,74,196746
22247,0.003557,172.31.40.0-255,66,114311,74,196746
22248,0.003805,172.217.194.0-255,1484,115795,74,196746
22249,0.00381,172.217.194.0-255,2902,118697,74,196746
22250,0.003814,172.31.40.0-255,66,118763,74,196746
22251,0.003817,172.217.194.0-255,1484,120247,74,196746
22252,0.003842,172.217.194.0-255,4320,124567,74,196746
22253,0.003845,172.31.40.0-255,66,124633,74,196746
22254,0.003876,172.217.194.0-255,1484,126117,74,196746
22255,0.003901,172.31.40.0-255,66,126183,74,196746
22256,0.003907,172.217.194.0-255,5738,131921,74,196746
22257,0.003909,172.31.40.0-255,66,131987,74,196746
22258,0.003921,172.217.194.0-255,2902,134889,74,196746
22259,0.003923,172.31.40.0-255,66,134955,74,196746
22260,0.003958,172.217.194.0-255,5020,139975,74,196746
22261,0.003961,172.31.40.0-255,66,140041,74,196746
22262,0.003968,172.217.194.0-255,5738,145779,74,196746
22263,0.00397,172.31.40.0-255,66,145845,74,196746
22264,0.003992,172.31.40.0-255,66,145911,74,196746
22265,0.00402,172.31.40.0-255,66,145977,74,196746
22266,0.004025,172.217.194.0-255,3602,149579,74,196746
22267,0.004027,172.31.40.0-255,66,149645,74,196746
22268,0.004032,172.217.194.0-255,4320,153965,74,196746
22269,0.004035,172.31.40.0-255,66,154031,74,196746
22270,0.004068,172.217.194.0-255,5738,159769,74,196746
22271,0.004071,172.31.40.0-255,66,159835,74,196746
22272,0.004093,172.217.194.0-255,4320,164155,74,196746
22273,0.004095,172.31.40.0-255,66,164221,74,196746
22274,0.004102,172.217.194.0-255,5738,169959,74,196746
22275,0.004104,172.31.40.0-255,66,170025,74,196746
22276,0.004198,172.217.194.0-255,1484,171509,74,196746
22277,0.00422,172.217.194.0-255,4320,175829,74,196746
22278,0.004252,172.217.194.0-255,1484,177313,74,196746
22279,0.004339,172.217.194.0-255,2902,180215,74,196746
22280,0.004383,172.217.194.0-255,5738,185953,74,196746
22281,0.0044,172.217.194.0-255,1484,187437,74,196746
22282,0.004418,172.217.194.0-255,5738,193175,74,196746
22283,0.004435,172.217.194.0-255,3128,196303,74,196746
22284,0.004501,172.217.194.0-255,105,196408,74,196746
22285,0.005786,172.31.40.0-255,66,196474,74,196746
22286,0.006392,172.31.40.0-255,101,196575,74,196746
22287,0.008368,172.31.40.0-255,105,196680,74,196746
22288,0.008683,172.217.194.0-255,66,196746,74,196746
22289,0.0,74.125.24.0-255,146,146,74,138678
22290,2.1e-05,172.31.40.0-255,66,212,74,138678
22291,2.7e-05,74.125.24.0-255,1484,1696,74,138678
22292,3.1e-05,172.31.40.0-255,66,1762,74,138678
22293,3.6e-05,74.125.24.0-255,2902,4664,74,138678
22294,3.8e-05,172.31.40.0-255,66,4730,74,138678
22295,4.1e-05,74.125.24.0-255,1484,6214,74,138678
22296,4.4e-05,172.31.40.0-255,66,6280,74,138678
22297,6.2e-05,74.125.24.0-255,4320,10600,74,138678
22298,6.5e-05,172.31.40.0-255,66,10666,74,138678
22299,7.5e-05,172.31.40.0-255,66,10732,74,138678
22300,0.000117,172.31.40.0-255,66,10798,74,138678
22301,0.000524,74.125.24.0-255,1484,12282,74,138678
22302,0.000529,172.31.40.0-255,66,12348,74,138678
22303,0.000535,74.125.24.0-255,2902,15250,74,138678
22304,0.000537,172.31.40.0-255,66,15316,74,138678
22305,0.000543,74.125.24.0-255,5738,21054,74,138678
22306,0.000544,172.31.40.0-255,66,21120,74,138678
22307,0.000607,172.31.40.0-255,66,21186,74,138678
22308,0.000614,172.31.40.0-255,66,21252,74,138678
22309,0.000617,74.125.24.0-255,1484,22736,74,138678
22310,0.000619,172.31.40.0-255,66,22802,74,138678
22311,0.000621,74.125.24.0-255,766,23568,74,138678
22312,0.000623,172.31.40.0-255,66,23634,74,138678
22313,0.000655,74.125.24.0-255,445,24079,74,138678
22314,0.000658,172.31.40.0-255,66,24145,74,138678
22315,0.00087,74.125.24.0-255,1484,25629,74,138678
22316,0.000875,74.125.24.0-255,2902,28531,74,138678
22317,0.000879,172.31.40.0-255,66,28597,74,138678
22318,0.000882,172.31.40.0-255,66,28663,74,138678
22319,0.000913,74.125.24.0-255,5738,34401,74,138678
22320,0.000915,172.31.40.0-255,66,34467,74,138678
22321,0.000928,172.31.40.0-255,66,34533,74,138678
22322,0.000932,74.125.24.0-255,2902,37435,74,138678
22323,0.000934,172.31.40.0-255,66,37501,74,138678
22324,0.000967,172.31.40.0-255,66,37567,74,138678
22325,0.001083,74.125.24.0-255,329,37896,74,138678
22326,0.001128,74.125.24.0-255,1484,39380,74,138678
22327,0.001131,172.31.40.0-255,66,39446,74,138678
22328,0.001136,74.125.24.0-255,2902,42348,74,138678
22329,0.001137,172.31.40.0-255,66,42414,74,138678
22330,0.001172,74.125.24.0-255,5738,48152,74,138678
22331,0.001175,172.31.40.0-255,66,48218,74,138678
22332,0.001178,74.125.24.0-255,1484,49702,74,138678
22333,0.001199,172.31.40.0-255,66,49768,74,138678
22334,0.001222,74.125.24.0-255,4320,54088,74,138678
22335,0.001224,172.31.40.0-255,66,54154,74,138678
22336,0.001227,74.125.24.0-255,1484,55638,74,138678
22337,0.001246,172.31.40.0-255,66,55704,74,138678
22338,0.001338,74.125.24.0-255,1484,57188,74,138678
22339,0.001342,74.125.24.0-255,2902,60090,74,138678
22340,0.001345,172.31.40.0-255,66,60156,74,138678
22341,0.001349,74.125.24.0-255,2902,63058,74,138678
22342,0.001351,172.31.40.0-255,66,63124,74,138678
22343,0.001367,74.125.24.0-255,2902,66026,74,138678
22344,0.00137,172.31.40.0-255,66,66092,74,138678
22345,0.001388,74.125.24.0-255,5738,71830,74,138678
22346,0.001391,172.31.40.0-255,66,71896,74,138678
22347,0.001412,172.31.40.0-255,66,71962,74,138678
22348,0.001422,172.31.40.0-255,66,72028,74,138678
22349,0.001441,74.125.24.0-255,766,72794,74,138678
22350,0.001485,74.125.24.0-255,1484,74278,74,138678
22351,0.001488,172.31.40.0-255,66,74344,74,138678
22352,0.001491,74.125.24.0-255,1484,75828,74,138678
22353,0.001514,74.125.24.0-255,4320,80148,74,138678
22354,0.001517,172.31.40.0-255,66,80214,74,138678
22355,0.00152,74.125.24.0-255,2902,83116,74,138678
22356,0.001522,172.31.40.0-255,66,83182,74,138678
22357,0.001554,172.31.40.0-255,66,83248,74,138678
22358,0.001569,172.31.40.0-255,66,83314,74,138678
22359,0.001591,172.31.40.0-255,66,83380,74,138678
22360,0.001624,172.31.40.0-255,66,83446,74,138678
22361,0.001637,172.31.40.0-255,66,83512,74,138678
22362,0.00164,74.125.24.0-255,766,84278,74,138678
22363,0.001688,74.125.24.0-255,1484,85762,74,138678
22364,0.00169,172.31.40.0-255,66,85828,74,138678
22365,0.001695,74.125.24.0-255,4320,90148,74,138678
22366,0.001697,172.31.40.0-255,66,90214,74,138678
22367,0.001707,172.31.40.0-255,66,90280,74,138678
22368,0.001745,172.31.40.0-255,66,90346,74,138678
22369,0.00176,74.125.24.0-255,1484,91830,74,138678
22370,0.001765,74.125.24.0-255,3602,95432,74,138678
22371,0.001766,172.31.40.0-255,66,95498,74,138678
22372,0.001771,74.125.24.0-255,4320,99818,74,138678
22373,0.001773,172.31.40.0-255,66,99884,74,138678
22374,0.001777,74.125.24.0-255,4320,104204,74,138678
22375,0.001779,172.31.40.0-255,66,104270,74,138678
22376,0.001805,74.125.24.0-255,5738,110008,74,138678
22377,0.001807,172.31.40.0-255,66,110074,74,138678
22378,0.001812,74.125.24.0-255,4320,114394,74,138678
22379,0.001814,172.31.40.0-255,66,114460,74,138678
22380,0.001849,172.31.40.0-255,66,114526,74,138678
22381,0.001854,74.125.24.0-255,4320,118846,74,138678
22382,0.001856,172.31.40.0-255,66,118912,74,138678
22383,0.001899,172.31.40.0-255,66,118978,74,138678
22384,0.001902,74.125.24.0-255,1484,120462,74,138678
22385,0.001932,172.31.40.0-255,66,120528,74,138678
22386,0.001945,172.31.40.0-255,66,120594,74,138678
22387,0.001962,74.125.24.0-255,1484,122078,74,138678
22388,0.001969,74.125.24.0-255,5738,127816,74,138678
22389,0.001971,172.31.40.0-255,66,127882,74,138678
22390,0.002007,172.31.40.0-255,66,127948,74,138678
22391,0.002018,74.125.24.0-255,1484,129432,74,138678
22392,0.002037,74.125.24.0-255,2902,132334,74,138678
22393,0.002039,172.31.40.0-255,66,132400,74,138678
22394,0.002044,74.125.24.0-255,4320,136720,74,138678
22395,0.002046,172.31.40.0-255,66,136786,74,138678
22396,0.002072,74.125.24.0-255,1484,138270,74,138678
22397,0.002085,172.31.40.0-255,66,138336,74,138678
22398,0.002088,74.125.24.0-255,105,138441,74,138678
22399,0.003606,172.31.40.0-255,66,138507,74,138678
22400,0.003637,172.31.40.0-255,105,138612,74,138678
22401,0.00619,74.125.24.0-255,66,138678,74,138678
22402,0.0,74.125.24.0-255,146,146,74,106907
22403,2.3e-05,172.31.40.0-255,66,212,74,106907
22404,3e-05,74.125.24.0-255,1484,1696,74,106907
22405,3.4e-05,172.31.40.0-255,66,1762,74,106907
22406,4.1e-05,74.125.24.0-255,2902,4664,74,106907
22407,5.2e-05,172.31.40.0-255,66,4730,74,106907
22408,6.3e-05,172.31.40.0-255,66,4796,74,106907
22409,7e-05,74.125.24.0-255,5738,10534,74,106907
22410,7.3e-05,172.31.40.0-255,66,10600,74,106907
22411,0.000117,172.31.40.0-255,66,10666,74,106907
22412,0.000123,74.125.24.0-255,5379,16045,74,106907
22413,0.000125,172.31.40.0-255,66,16111,74,106907
22414,0.000194,74.125.24.0-255,1484,17595,74,106907
22415,0.000197,172.31.40.0-255,66,17661,74,106907
22416,0.000202,74.125.24.0-255,2902,20563,74,106907
22417,0.000205,172.31.40.0-255,66,20629,74,106907
22418,0.000238,74.125.24.0-255,5738,26367,74,106907
22419,0.000241,172.31.40.0-255,66,26433,74,106907
22420,0.000246,74.125.24.0-255,2902,29335,74,106907
22421,0.000248,172.31.40.0-255,66,29401,74,106907
22422,0.000283,172.31.40.0-255,66,29467,74,106907
22423,0.000311,74.125.24.0-255,3961,33428,74,106907
22424,0.000313,172.31.40.0-255,66,33494,74,106907
22425,0.000323,172.31.40.0-255,66,33560,74,106907
22426,0.000327,74.125.24.0-255,2900,36460,74,106907
22427,0.00033,172.31.40.0-255,66,36526,74,106907
22428,0.000501,74.125.24.0-255,329,36855,74,106907
22429,0.000505,172.31.40.0-255,66,36921,74,106907
22430,0.000843,74.125.24.0-255,1484,38405,74,106907
22431,0.000851,74.125.24.0-255,2902,41307,74,106907
22432,0.000855,172.31.40.0-255,66,41373,74,106907
22433,0.000861,74.125.24.0-255,4320,45693,74,106907
22434,0.000883,74.125.24.0-255,1484,47177,74,106907
22435,0.000888,74.125.24.0-255,4320,51497,74,106907
22436,0.000894,172.31.40.0-255,66,51563,74,106907
22437,0.000959,172.31.40.0-255,66,51629,74,106907
22438,0.000981,172.31.40.0-255,66,51695,74,106907
22439,0.001202,74.125.24.0-255,1484,53179,74,106907
22440,0.001208,74.125.24.0-255,2902,56081,74,106907
22441,0.001211,172.31.40.0-255,66,56147,74,106907
22442,0.001238,74.125.24.0-255,5738,61885,74,106907
22443,0.001242,74.125.24.0-255,1484,63369,74,106907
22444,0.001255,74.125.24.0-255,2902,66271,74,106907
22445,0.001271,172.31.40.0-255,66,66337,74,106907
22446,0.001284,172.31.40.0-255,66,66403,74,106907
22447,0.001308,74.125.24.0-255,4320,70723,74,106907
22448,0.001351,172.31.40.0-255,66,70789,74,106907
22449,0.001999,74.125.24.0-255,1484,72273,74,106907
22450,0.00201,74.125.24.0-255,2902,75175,74,106907
22451,0.002015,172.31.40.0-255,66,75241,74,106907
22452,0.00202,74.125.24.0-255,1484,76725,74,106907
22453,0.002051,74.125.24.0-255,4320,81045,74,106907
22454,0.002054,172.31.40.0-255,66,81111,74,106907
22455,0.002058,74.125.24.0-255,1484,82595,74,106907
22456,0.00209,172.31.40.0-255,66,82661,74,106907
22457,0.002123,172.31.40.0-255,66,82727,74,106907
22458,0.002141,74.125.24.0-255,2184,84911,74,106907
22459,0.002144,172.31.40.0-255,66,84977,74,106907
22460,0.002366,74.125.24.0-255,1484,86461,74,106907
22461,0.002374,74.125.24.0-255,2902,89363,74,106907
22462,0.002378,172.31.40.0-255,66,89429,74,106907
22463,0.002386,74.125.24.0-255,5738,95167,74,106907
22464,0.002389,172.31.40.0-255,66,95233,74,106907
22465,0.004642,172.31.40.0-255,66,95299,74,106907
22466,0.007017,74.125.24.0-255,5738,101037,74,106907
22467,0.007024,172.31.40.0-255,66,101103,74,106907
22468,0.009404,74.125.24.0-255,5738,106841,74,106907
22469,0.009411,172.31.40.0-255,66,106907,74,106907
22470,0.0,172.217.194.0-255,148,148,74,144492
22471,2.4e-05,172.31.40.0-255,66,214,74,144492
22472,3.2e-05,172.217.194.0-255,1484,1698,74,144492
22473,3.7e-05,172.31.40.0-255,66,1764,74,144492
22474,4.3e-05,172.217.194.0-255,2902,4666,74,144492
22475,4.6e-05,172.31.40.0-255,66,4732,74,144492
22476,5.2e-05,172.217.194.0-255,4320,9052,74,144492
22477,5.6e-05,172.31.40.0-255,66,9118,74,144492
22478,0.000125,172.31.40.0-255,66,9184,74,144492
22479,0.000138,172.31.40.0-255,66,9250,74,144492
22480,0.000168,172.217.194.0-255,1484,10734,74,144492
22481,0.000171,172.31.40.0-255,66,10800,74,144492
22482,0.000176,172.217.194.0-255,2902,13702,74,144492
22483,0.000178,172.31.40.0-255,66,13768,74,144492
22484,0.000185,172.217.194.0-255,5738,19506,74,144492
22485,0.000187,172.31.40.0-255,66,19572,74,144492
22486,0.000192,172.217.194.0-255,2902,22474,74,144492
22487,0.000194,172.31.40.0-255,66,22540,74,144492
22488,0.000221,172.217.194.0-255,3961,26501,74,144492
22489,0.000224,172.31.40.0-255,66,26567,74,144492
22490,0.000236,172.31.40.0-255,66,26633,74,144492
22491,0.000252,172.217.194.0-255,4320,30953,74,144492
22492,0.000255,172.31.40.0-255,66,31019,74,144492
22493,0.00026,172.217.194.0-255,2543,33562,74,144492
22494,0.000262,172.31.40.0-255,66,33628,74,144492
22495,0.000278,172.217.194.0-255,678,34306,74,144492
22496,0.000281,172.31.40.0-255,66,34372,74,144492
22497,0.000442,172.217.194.0-255,1484,35856,74,144492
22498,0.000447,172.31.40.0-255,66,35922,74,144492
22499,0.000452,172.217.194.0-255,2902,38824,74,144492
22500,0.000454,172.31.40.0-255,66,38890,74,144492
22501,0.00046,172.217.194.0-255,4320,43210,74,144492
22502,0.000462,172.31.40.0-255,66,43276,74,144492
22503,0.000483,172.217.194.0-255,1484,44760,74,144492
22504,0.0005,172.31.40.0-255,66,44826,74,144492
22505,0.000504,172.217.194.0-255,2902,47728,74,144492
22506,0.000506,172.31.40.0-255,66,47794,74,144492
22507,0.000527,172.217.194.0-255,2902,50696,74,144492
22508,0.00053,172.31.40.0-255,66,50762,74,144492
22509,0.000542,172.217.194.0-255,1484,52246,74,144492
22510,0.000558,172.217.194.0-255,3602,55848,74,144492
22511,0.00056,172.31.40.0-255,66,55914,74,144492
22512,0.000626,172.217.194.0-255,1484,57398,74,144492
22513,0.00063,172.217.194.0-255,1484,58882,74,144492
22514,0.000633,172.31.40.0-255,66,58948,74,144492
22515,0.000652,172.217.194.0-255,1484,60432,74,144492
22516,0.000658,172.217.194.0-255,5738,66170,74,144492
22517,0.000661,172.31.40.0-255,66,66236,74,144492
22518,0.000694,172.31.40.0-255,66,66302,74,144492
22519,0.000728,172.31.40.0-255,66,66368,74,144492
22520,0.000764,172.31.40.0-255,66,66434,74,144492
22521,0.000795,172.217.194.0-255,5738,72172,74,144492
22522,0.000798,172.31.40.0-255,66,72238,74,144492
22523,0.000809,172.31.40.0-255,66,72304,74,144492
22524,0.000959,172.217.194.0-255,1484,73788,74,144492
22525,0.000964,172.217.194.0-255,2902,76690,74,144492
22526,0.000969,172.217.194.0-255,5738,82428,74,144492
22527,0.000979,172.31.40.0-255,66,82494,74,144492
22528,0.000983,172.31.40.0-255,66,82560,74,144492
22529,0.001001,172.217.194.0-255,4320,86880,74,144492
22530,0.001003,172.31.40.0-255,66,86946,74,144492
22531,0.001032,172.31.40.0-255,66,87012,74,144492
22532,0.001044,172.31.40.0-255,66,87078,74,144492
22533,0.001596,172.217.194.0-255,1484,88562,74,144492
22534,0.001602,172.217.194.0-255,2902,91464,74,144492
22535,0.001605,172.31.40.0-255,66,91530,74,144492
22536,0.001612,172.217.194.0-255,5738,97268,74,144492
22537,0.001614,172.31.40.0-255,66,97334,74,144492
22538,0.001644,172.217.194.0-255,5738,103072,74,144492
22539,0.001647,172.31.40.0-255,66,103138,74,144492
22540,0.001668,172.217.194.0-255,4320,107458,74,144492
22541,0.00167,172.31.40.0-255,66,107524,74,144492
22542,0.001703,172.31.40.0-255,66,107590,74,144492
22543,0.001721,172.217.194.0-255,1484,109074,74,144492
22544,0.001724,172.217.194.0-255,1484,110558,74,144492
22545,0.001726,172.31.40.0-255,66,110624,74,144492
22546,0.001748,172.217.194.0-255,1484,112108,74,144492
22547,0.001754,172.217.194.0-255,5738,117846,74,144492
22548,0.001763,172.31.40.0-255,66,117912,74,144492
22549,0.001766,172.217.194.0-255,1484,119396,74,144492
22550,0.00178,172.217.194.0-255,4320,123716,74,144492
22551,0.001783,172.31.40.0-255,66,123782,74,144492
22552,0.001835,172.31.40.0-255,66,123848,74,144492
22553,0.001837,172.31.40.0-255,66,123914,74,144492
22554,0.001846,172.217.194.0-255,2902,126816,74,144492
22555,0.001849,172.31.40.0-255,66,126882,74,144492
22556,0.001872,172.31.40.0-255,66,126948,74,144492
22557,0.001916,172.31.40.0-255,66,127014,74,144492
22558,0.001926,172.31.40.0-255,66,127080,74,144492
22559,0.003916,172.217.194.0-255,5738,132818,74,144492
22560,0.003923,172.31.40.0-255,66,132884,74,144492
22561,0.005992,172.217.194.0-255,5738,138622,74,144492
22562,0.005998,172.31.40.0-255,66,138688,74,144492
22563,0.007979,172.217.194.0-255,5738,144426,74,144492
22564,0.007984,172.31.40.0-255,66,144492,74,144492
22565,0.0,172.253.118.0-255,146,146,74,190670
22566,2.2e-05,172.31.40.0-255,66,212,74,190670
22567,2.9e-05,172.253.118.0-255,1484,1696,74,190670
22568,3.4e-05,172.31.40.0-255,66,1762,74,190670
22569,5e-05,172.253.118.0-255,2902,4664,74,190670
22570,5.5e-05,172.31.40.0-255,66,4730,74,190670
22571,6.1e-05,172.253.118.0-255,5738,10468,74,190670
22572,6.5e-05,172.31.40.0-255,66,10534,74,190670
22573,7e-05,172.253.118.0-255,3524,14058,74,190670
22574,7.4e-05,172.31.40.0-255,66,14124,74,190670
22575,0.000206,172.253.118.0-255,1484,15608,74,190670
22576,0.000211,172.31.40.0-255,66,15674,74,190670
22577,0.000225,172.253.118.0-255,2902,18576,74,190670
22578,0.000232,172.31.40.0-255,66,18642,74,190670
22579,0.000237,172.253.118.0-255,4320,22962,74,190670
22580,0.00024,172.31.40.0-255,66,23028,74,190670
22581,0.000303,172.31.40.0-255,66,23094,74,190670
22582,0.000949,172.253.118.0-255,1484,24578,74,190670
22583,0.000955,172.31.40.0-255,66,24644,74,190670
22584,0.000965,172.253.118.0-255,2902,27546,74,190670
22585,0.000967,172.31.40.0-255,66,27612,74,190670
22586,0.000976,172.253.118.0-255,1484,29096,74,190670
22587,0.000979,172.31.40.0-255,66,29162,74,190670
22588,0.001012,172.253.118.0-255,2902,32064,74,190670
22589,0.001015,172.31.40.0-255,66,32130,74,190670
22590,0.001027,172.31.40.0-255,66,32196,74,190670
22591,0.001034,172.253.118.0-255,5738,37934,74,190670
22592,0.001036,172.31.40.0-255,66,38000,74,190670
22593,0.001082,172.253.118.0-255,4320,42320,74,190670
22594,0.001085,172.31.40.0-255,66,42386,74,190670
22595,0.001115,172.253.118.0-255,5379,47765,74,190670
22596,0.001118,172.31.40.0-255,66,47831,74,190670
22597,0.001148,172.253.118.0-255,646,48477,74,190670
22598,0.001393,172.253.118.0-255,1484,49961,74,190670
22599,0.001398,172.31.40.0-255,66,50027,74,190670
22600,0.001404,172.253.118.0-255,1484,51511,74,190670
22601,0.001424,172.253.118.0-255,1484,52995,74,190670
22602,0.001426,172.31.40.0-255,66,53061,74,190670
22603,0.001434,172.253.118.0-255,5738,58799,74,190670
22604,0.001436,172.31.40.0-255,66,58865,74,190670
22605,0.001444,172.253.118.0-255,2902,61767,74,190670
22606,0.001447,172.31.40.0-255,66,61833,74,190670
22607,0.001505,172.31.40.0-255,66,61899,74,190670
22608,0.001511,172.253.118.0-255,5738,67637,74,190670
22609,0.001514,172.31.40.0-255,66,67703,74,190670
22610,0.001535,172.253.118.0-255,3961,71664,74,190670
22611,0.001538,172.31.40.0-255,66,71730,74,190670
22612,0.001601,172.253.118.0-255,1484,73214,74,190670
22613,0.001615,172.253.118.0-255,2902,76116,74,190670
22614,0.001619,172.31.40.0-255,66,76182,74,190670
22615,0.001637,172.253.118.0-255,2902,79084,74,190670
22616,0.00164,172.31.40.0-255,66,79150,74,190670
22617,0.001667,172.253.118.0-255,2902,82052,74,190670
22618,0.00167,172.31.40.0-255,66,82118,74,190670
22619,0.001677,172.253.118.0-255,5738,87856,74,190670
22620,0.001679,172.31.40.0-255,66,87922,74,190670
22621,0.001692,172.31.40.0-255,66,87988,74,190670
22622,0.001715,172.253.118.0-255,1484,89472,74,190670
22623,0.001722,172.253.118.0-255,5020,94492,74,190670
22624,0.001724,172.31.40.0-255,66,94558,74,190670
22625,0.001754,172.253.118.0-255,1484,96042,74,190670
22626,0.001759,172.253.118.0-255,2902,98944,74,190670
22627,0.001761,172.31.40.0-255,66,99010,74,190670
22628,0.001766,172.253.118.0-255,2902,101912,74,190670
22629,0.001768,172.31.40.0-255,66,101978,74,190670
22630,0.001787,172.253.118.0-255,2902,104880,74,190670
22631,0.001793,172.31.40.0-255,66,104946,74,190670
22632,0.001798,172.253.118.0-255,4320,109266,74,190670
22633,0.001801,172.31.40.0-255,66,109332,74,190670
22634,0.001837,172.31.40.0-255,66,109398,74,190670
22635,0.001841,172.253.118.0-255,1484,110882,74,190670
22636,0.001873,172.31.40.0-255,66,110948,74,190670
22637,0.001909,172.31.40.0-255,66,111014,74,190670
22638,0.001936,172.253.118.0-255,2902,113916,74,190670
22639,0.001939,172.31.40.0-255,66,113982,74,190670
22640,0.001957,172.31.40.0-255,66,114048,74,190670
22641,0.001985,172.253.118.0-255,5738,119786,74,190670
22642,0.001988,172.31.40.0-255,66,119852,74,190670
22643,0.002019,172.253.118.0-255,3602,123454,74,190670
22644,0.002022,172.31.40.0-255,66,123520,74,190670
22645,0.002053,172.253.118.0-255,2902,126422,74,190670
22646,0.002055,172.31.40.0-255,66,126488,74,190670
22647,0.002059,172.253.118.0-255,1484,127972,74,190670
22648,0.002081,172.253.118.0-255,2902,130874,74,190670
22649,0.002083,172.31.40.0-255,66,130940,74,190670
22650,0.002123,172.253.118.0-255,4320,135260,74,190670
22651,0.002127,172.31.40.0-255,66,135326,74,190670
22652,0.002155,172.253.118.0-255,4320,139646,74,190670
22653,0.002158,172.31.40.0-255,66,139712,74,190670
22654,0.002163,172.253.118.0-255,4320,144032,74,190670
22655,0.002166,172.31.40.0-255,66,144098,74,190670
22656,0.002208,172.31.40.0-255,66,144164,74,190670
22657,0.002253,172.253.118.0-255,5020,149184,74,190670
22658,0.002256,172.31.40.0-255,66,149250,74,190670
22659,0.002349,172.253.118.0-255,1484,150734,74,190670
22660,0.002353,172.253.118.0-255,1484,152218,74,190670
22661,0.002355,172.31.40.0-255,66,152284,74,190670
22662,0.002371,172.253.118.0-255,1484,153768,74,190670
22663,0.002378,172.253.118.0-255,5738,159506,74,190670
22664,0.002381,172.31.40.0-255,66,159572,74,190670
22665,0.002418,172.31.40.0-255,66,159638,74,190670
22666,0.002443,172.253.118.0-255,2902,162540,74,190670
22667,0.002445,172.31.40.0-255,66,162606,74,190670
22668,0.002449,172.253.118.0-255,1484,164090,74,190670
22669,0.00249,172.253.118.0-255,1484,165574,74,190670
22670,0.002492,172.31.40.0-255,66,165640,74,190670
22671,0.002523,172.31.40.0-255,66,165706,74,190670
22672,0.002526,172.253.118.0-255,1484,167190,74,190670
22673,0.00253,172.253.118.0-255,2902,170092,74,190670
22674,0.002533,172.31.40.0-255,66,170158,74,190670
22675,0.002538,172.253.118.0-255,4320,174478,74,190670
22676,0.00254,172.31.40.0-255,66,174544,74,190670
22677,0.002576,172.253.118.0-255,1484,176028,74,190670
22678,0.00259,172.31.40.0-255,66,176094,74,190670
22679,0.002594,172.253.118.0-255,2902,178996,74,190670
22680,0.002596,172.31.40.0-255,66,179062,74,190670
22681,0.0051,172.253.118.0-255,5738,184800,74,190670
22682,0.005105,172.31.40.0-255,66,184866,74,190670
22683,0.007653,172.253.118.0-255,5738,190604,74,190670
22684,0.007661,172.31.40.0-255,66,190670,74,190670
22685,0.0,172.217.194.0-255,146,146,74,105966
22686,1.9e-05,172.31.40.0-255,66,212,74,105966
22687,2.5e-05,172.217.194.0-255,1484,1696,74,105966
22688,2.9e-05,172.31.40.0-255,66,1762,74,105966
22689,3.4e-05,172.217.194.0-255,2902,4664,74,105966
22690,3.6e-05,172.31.40.0-255,66,4730,74,105966
22691,5.2e-05,172.31.40.0-255,66,4796,74,105966
22692,5.8e-05,172.217.194.0-255,4970,9766,74,105966
22693,6e-05,172.31.40.0-255,66,9832,74,105966
22694,6.4e-05,172.217.194.0-255,2902,12734,74,105966
22695,6.8e-05,172.31.40.0-255,66,12800,74,105966
22696,0.000109,172.31.40.0-255,66,12866,74,105966
22697,0.000113,172.217.194.0-255,2902,15768,74,105966
22698,0.000114,172.31.40.0-255,66,15834,74,105966
22699,0.000119,172.217.194.0-255,4320,20154,74,105966
22700,0.000121,172.31.40.0-255,66,20220,74,105966
22701,0.000134,172.31.40.0-255,66,20286,74,105966
22702,0.000136,172.217.194.0-255,1125,21411,74,105966
22703,0.000138,172.31.40.0-255,66,21477,74,105966
22704,0.000627,172.217.194.0-255,1484,22961,74,105966
22705,0.000633,172.31.40.0-255,66,23027,74,105966
22706,0.000639,172.217.194.0-255,2902,25929,74,105966
22707,0.000642,172.31.40.0-255,66,25995,74,105966
22708,0.000648,172.217.194.0-255,5738,31733,74,105966
22709,0.000655,172.31.40.0-255,66,31799,74,105966
22710,0.000659,172.217.194.0-255,2902,34701,74,105966
22711,0.000661,172.31.40.0-255,66,34767,74,105966
22712,0.000715,172.31.40.0-255,66,34833,74,105966
22713,0.000765,172.31.40.0-255,66,34899,74,105966
22714,0.000805,172.217.194.0-255,4320,39219,74,105966
22715,0.000808,172.31.40.0-255,66,39285,74,105966
22716,0.000842,172.31.40.0-255,66,39351,74,105966
22717,0.000874,172.31.40.0-255,66,39417,74,105966
22718,0.000995,172.217.194.0-255,1484,40901,74,105966
22719,0.001001,172.217.194.0-255,2902,43803,74,105966
22720,0.001004,172.31.40.0-255,66,43869,74,105966
22721,0.001007,172.217.194.0-255,1484,45353,74,105966
22722,0.001035,172.217.194.0-255,4320,49673,74,105966
22723,0.001037,172.31.40.0-255,66,49739,74,105966
22724,0.001066,172.217.194.0-255,6233,55972,74,105966
22725,0.001071,172.31.40.0-255,66,56038,74,105966
22726,0.001152,172.217.194.0-255,1484,57522,74,105966
22727,0.001157,172.217.194.0-255,2902,60424,74,105966
22728,0.00116,172.31.40.0-255,66,60490,74,105966
22729,0.001165,172.217.194.0-255,2902,63392,74,105966
22730,0.001167,172.31.40.0-255,66,63458,74,105966
22731,0.00119,172.217.194.0-255,2902,66360,74,105966
22732,0.001192,172.31.40.0-255,66,66426,74,105966
22733,0.001203,172.31.40.0-255,66,66492,74,105966
22734,0.001236,172.217.194.0-255,5738,72230,74,105966
22735,0.001254,172.31.40.0-255,66,72296,74,105966
22736,0.001257,172.31.40.0-255,66,72362,74,105966
22737,0.002178,172.217.194.0-255,1484,73846,74,105966
22738,0.002187,172.217.194.0-255,2902,76748,74,105966
22739,0.002191,172.31.40.0-255,66,76814,74,105966
22740,0.002198,172.217.194.0-255,5738,82552,74,105966
22741,0.0022,172.31.40.0-255,66,82618,74,105966
22742,0.002243,172.31.40.0-255,66,82684,74,105966
22743,0.002269,172.217.194.0-255,5738,88422,74,105966
22744,0.002276,172.31.40.0-255,66,88488,74,105966
22745,0.002289,172.31.40.0-255,66,88554,74,105966
22746,0.004612,172.217.194.0-255,5738,94292,74,105966
22747,0.004619,172.31.40.0-255,66,94358,74,105966
22748,0.006934,172.217.194.0-255,5738,100096,74,105966
22749,0.006942,172.31.40.0-255,66,100162,74,105966
22750,0.009238,172.217.194.0-255,5738,105900,74,105966
22751,0.009245,172.31.40.0-255,66,105966,74,105966
22752,0.0,172.217.194.0-255,150,150,74,113740
22753,2.3e-05,172.31.40.0-255,66,216,74,113740
22754,3.1e-05,172.217.194.0-255,1484,1700,74,113740
22755,3.6e-05,172.31.40.0-255,66,1766,74,113740
22756,4.1e-05,172.217.194.0-255,2902,4668,74,113740
22757,4.5e-05,172.31.40.0-255,66,4734,74,113740
22758,5.7e-05,172.31.40.0-255,66,4800,74,113740
22759,6.3e-05,172.217.194.0-255,4749,9549,74,113740
22760,6.6e-05,172.31.40.0-255,66,9615,74,113740
22761,0.000115,172.31.40.0-255,66,9681,74,113740
22762,0.000138,172.217.194.0-255,1484,11165,74,113740
22763,0.000141,172.31.40.0-255,66,11231,74,113740
22764,0.000146,172.217.194.0-255,2902,14133,74,113740
22765,0.000148,172.31.40.0-255,66,14199,74,113740
22766,0.000165,172.217.194.0-255,5738,19937,74,113740
22767,0.000168,172.31.40.0-255,66,20003,74,113740
22768,0.000226,172.31.40.0-255,66,20069,74,113740
22769,0.000238,172.31.40.0-255,66,20135,74,113740
22770,0.000253,172.217.194.0-255,376,20511,74,113740
22771,0.000256,172.31.40.0-255,66,20577,74,113740
22772,0.000277,172.217.194.0-255,99,20676,74,113740
22773,0.000279,172.31.40.0-255,66,20742,74,113740
22774,0.00061,172.217.194.0-255,366,21108,74,113740
22775,0.000618,172.31.40.0-255,66,21174,74,113740
22776,0.000792,172.217.194.0-255,1484,22658,74,113740
22777,0.000797,172.31.40.0-255,66,22724,74,113740
22778,0.000802,172.217.194.0-255,2902,25626,74,113740
22779,0.000805,172.31.40.0-255,66,25692,74,113740
22780,0.000835,172.217.194.0-255,5738,31430,74,113740
22781,0.000856,172.31.40.0-255,66,31496,74,113740
22782,0.00086,172.31.40.0-255,66,31562,74,113740
22783,0.00087,172.31.40.0-255,66,31628,74,113740
22784,0.000897,172.217.194.0-255,3602,35230,74,113740
22785,0.0009,172.31.40.0-255,66,35296,74,113740
22786,0.001301,172.217.194.0-255,1484,36780,74,113740
22787,0.001309,172.217.194.0-255,2902,39682,74,113740
22788,0.001313,172.31.40.0-255,66,39748,74,113740
22789,0.00132,172.217.194.0-255,5738,45486,74,113740
22790,0.001322,172.31.40.0-255,66,45552,74,113740
22791,0.00137,172.31.40.0-255,66,45618,74,113740
22792,0.001381,172.31.40.0-255,66,45684,74,113740
22793,0.001404,172.217.194.0-255,2902,48586,74,113740
22794,0.001407,172.31.40.0-255,66,48652,74,113740
22795,0.00141,172.217.194.0-255,766,49418,74,113740
22796,0.001695,172.31.40.0-255,66,49484,74,113740
22797,0.00189,172.217.194.0-255,1484,50968,74,113740
22798,0.001899,172.217.194.0-255,2902,53870,74,113740
22799,0.001902,172.31.40.0-255,66,53936,74,113740
22800,0.00191,172.217.194.0-255,4320,58256,74,113740
22801,0.001912,172.31.40.0-255,66,58322,74,113740
22802,0.001939,172.217.194.0-255,1484,59806,74,113740
22803,0.001951,172.31.40.0-255,66,59872,74,113740
22804,0.001998,172.31.40.0-255,66,59938,74,113740
22805,0.002053,172.217.194.0-255,1484,61422,74,113740
22806,0.002056,172.217.194.0-255,1484,62906,74,113740
22807,0.002058,172.31.40.0-255,66,62972,74,113740
22808,0.002074,172.217.194.0-255,1484,64456,74,113740
22809,0.002107,172.217.194.0-255,4320,68776,74,113740
22810,0.00211,172.31.40.0-255,66,68842,74,113740
22811,0.002126,172.217.194.0-255,1484,70326,74,113740
22812,0.002129,172.217.194.0-255,1484,71810,74,113740
22813,0.002131,172.31.40.0-255,66,71876,74,113740
22814,0.002177,172.31.40.0-255,66,71942,74,113740
22815,0.0022,172.31.40.0-255,66,72008,74,113740
22816,0.002251,172.31.40.0-255,66,72074,74,113740
22817,0.002277,172.217.194.0-255,3602,75676,74,113740
22818,0.00228,172.31.40.0-255,66,75742,74,113740
22819,0.002286,172.217.194.0-255,4320,80062,74,113740
22820,0.002288,172.31.40.0-255,66,80128,74,113740
22821,0.002294,172.217.194.0-255,5738,85866,74,113740
22822,0.002297,172.31.40.0-255,66,85932,74,113740
22823,0.002314,172.31.40.0-255,66,85998,74,113740
22824,0.002327,172.31.40.0-255,66,86064,74,113740
22825,0.002331,172.217.194.0-255,2902,88966,74,113740
22826,0.002333,172.31.40.0-255,66,89032,74,113740
22827,0.002367,172.217.194.0-255,4320,93352,74,113740
22828,0.002371,172.31.40.0-255,66,93418,74,113740
22829,0.002382,172.31.40.0-255,66,93484,74,113740
22830,0.002397,172.31.40.0-255,66,93550,74,113740
22831,0.0024,172.217.194.0-255,766,94316,74,113740
22832,0.002403,172.217.194.0-255,1484,95800,74,113740
22833,0.002405,172.31.40.0-255,66,95866,74,113740
22834,0.004765,172.217.194.0-255,2902,98768,74,113740
22835,0.004772,172.31.40.0-255,66,98834,74,113740
22836,0.004795,172.217.194.0-255,2902,101736,74,113740
22837,0.004798,172.31.40.0-255,66,101802,74,113740
22838,0.007128,172.217.194.0-255,2902,104704,74,113740
22839,0.007139,172.31.40.0-255,66,104770,74,113740
22840,0.007156,172.217.194.0-255,1484,106254,74,113740
22841,0.007168,172.217.194.0-255,1484,107738,74,113740
22842,0.00717,172.31.40.0-255,66,107804,74,113740
22843,0.009535,172.217.194.0-255,2902,110706,74,113740
22844,0.009549,172.31.40.0-255,66,110772,74,113740
22845,0.009568,172.217.194.0-255,2902,113674,74,113740
22846,0.009571,172.31.40.0-255,66,113740,74,113740
22847,0.0,74.125.24.0-255,218,218,74,132258
22848,2.3e-05,172.31.40.0-255,66,284,74,132258
22849,3.1e-05,74.125.24.0-255,1484,1768,74,132258
22850,3.5e-05,172.31.40.0-255,66,1834,74,132258
22851,4.2e-05,74.125.24.0-255,4320,6154,74,132258
22852,4.6e-05,172.31.40.0-255,66,6220,74,132258
22853,5.3e-05,74.125.24.0-255,5738,11958,74,132258
22854,5.7e-05,172.31.40.0-255,66,12024,74,132258
22855,6.4e-05,74.125.24.0-255,6157,18181,74,132258
22856,6.7e-05,172.31.40.0-255,66,18247,74,132258
22857,0.000121,172.31.40.0-255,66,18313,74,132258
22858,0.000189,74.125.24.0-255,1484,19797,74,132258
22859,0.000192,172.31.40.0-255,66,19863,74,132258
22860,0.000196,74.125.24.0-255,1484,21347,74,132258
22861,0.000198,172.31.40.0-255,66,21413,74,132258
22862,0.00021,74.125.24.0-255,1484,22897,74,132258
22863,0.000213,172.31.40.0-255,66,22963,74,132258
22864,0.000219,74.125.24.0-255,5738,28701,74,132258
22865,0.000222,172.31.40.0-255,66,28767,74,132258
22866,0.000249,172.31.40.0-255,66,28833,74,132258
22867,0.000252,74.125.24.0-255,1484,30317,74,132258
22868,0.000254,172.31.40.0-255,66,30383,74,132258
22869,0.000282,172.31.40.0-255,66,30449,74,132258
22870,0.000307,172.31.40.0-255,66,30515,74,132258
22871,0.00031,74.125.24.0-255,109,30624,74,132258
22872,0.000312,172.31.40.0-255,66,30690,74,132258
22873,0.000705,74.125.24.0-255,330,31020,74,132258
22874,0.00071,172.31.40.0-255,66,31086,74,132258
22875,0.001225,74.125.24.0-255,1484,32570,74,132258
22876,0.001235,74.125.24.0-255,2902,35472,74,132258
22877,0.001239,172.31.40.0-255,66,35538,74,132258
22878,0.001244,74.125.24.0-255,1484,37022,74,132258
22879,0.00126,74.125.24.0-255,4320,41342,74,132258
22880,0.001262,172.31.40.0-255,66,41408,74,132258
22881,0.001281,74.125.24.0-255,4320,45728,74,132258
22882,0.001284,172.31.40.0-255,66,45794,74,132258
22883,0.00131,74.125.24.0-255,5738,51532,74,132258
22884,0.001313,172.31.40.0-255,66,51598,74,132258
22885,0.001318,74.125.24.0-255,2902,54500,74,132258
22886,0.00132,172.31.40.0-255,66,54566,74,132258
22887,0.001342,172.31.40.0-255,66,54632,74,132258
22888,0.00136,74.125.24.0-255,2902,57534,74,132258
22889,0.001363,172.31.40.0-255,66,57600,74,132258
22890,0.001366,74.125.24.0-255,766,58366,74,132258
22891,0.001586,74.125.24.0-255,1484,59850,74,132258
22892,0.001591,172.31.40.0-255,66,59916,74,132258
22893,0.001598,74.125.24.0-255,2902,62818,74,132258
22894,0.0016,172.31.40.0-255,66,62884,74,132258
22895,0.001603,74.125.24.0-255,1484,64368,74,132258
22896,0.001619,74.125.24.0-255,4320,68688,74,132258
22897,0.001621,172.31.40.0-255,66,68754,74,132258
22898,0.001641,74.125.24.0-255,4320,73074,74,132258
22899,0.001644,172.31.40.0-255,66,73140,74,132258
22900,0.001659,74.125.24.0-255,5738,78878,74,132258
22901,0.001661,172.31.40.0-255,66,78944,74,132258
22902,0.001679,74.125.24.0-255,2902,81846,74,132258
22903,0.001682,172.31.40.0-255,66,81912,74,132258
22904,0.001713,172.31.40.0-255,66,81978,74,132258
22905,0.001733,74.125.24.0-255,2184,84162,74,132258
22906,0.001735,172.31.40.0-255,66,84228,74,132258
22907,0.002326,74.125.24.0-255,1484,85712,74,132258
22908,0.002334,74.125.24.0-255,2902,88614,74,132258
22909,0.00234,172.31.40.0-255,66,88680,74,132258
22910,0.002348,74.125.24.0-255,5738,94418,74,132258
22911,0.00235,172.31.40.0-255,66,94484,74,132258
22912,0.002366,74.125.24.0-255,4320,98804,74,132258
22913,0.002368,172.31.40.0-255,66,98870,74,132258
22914,0.002395,74.125.24.0-255,5738,104608,74,132258
22915,0.002398,172.31.40.0-255,66,104674,74,132258
22916,0.002401,74.125.24.0-255,1484,106158,74,132258
22917,0.002429,74.125.24.0-255,2184,108342,74,132258
22918,0.002564,74.125.24.0-255,1484,109826,74,132258
22919,0.002577,74.125.24.0-255,2902,112728,74,132258
22920,0.002593,74.125.24.0-255,5738,118466,74,132258
22921,0.00263,74.125.24.0-255,4320,122786,74,132258
22922,0.00269,74.125.24.0-255,3602,126388,74,132258
22923,0.006883,172.31.40.0-255,66,126454,74,132258
22924,0.009496,74.125.24.0-255,5738,132192,74,132258
22925,0.009503,172.31.40.0-255,66,132258,74,132258
22926,0.0,74.125.24.0-255,152,152,74,174739
22927,2.3e-05,172.31.40.0-255,66,218,74,174739
22928,3e-05,74.125.24.0-255,1484,1702,74,174739
22929,3.5e-05,172.31.40.0-255,66,1768,74,174739
22930,4.2e-05,74.125.24.0-255,2902,4670,74,174739
22931,4.5e-05,172.31.40.0-255,66,4736,74,174739
22932,5e-05,74.125.24.0-255,2902,7638,74,174739
22933,5.3e-05,172.31.40.0-255,66,7704,74,174739
22934,5.9e-05,74.125.24.0-255,4320,12024,74,174739
22935,6.2e-05,172.31.40.0-255,66,12090,74,174739
22936,6.8e-05,74.125.24.0-255,4320,16410,74,174739
22937,7e-05,172.31.40.0-255,66,16476,74,174739
22938,9.3e-05,74.125.24.0-255,4908,21384,74,174739
22939,9.6e-05,172.31.40.0-255,66,21450,74,174739
22940,0.000107,172.31.40.0-255,66,21516,74,174739
22941,0.000132,74.125.24.0-255,2543,24059,74,174739
22942,0.000134,172.31.40.0-255,66,24125,74,174739
22943,0.000189,74.125.24.0-255,1484,25609,74,174739
22944,0.000191,172.31.40.0-255,66,25675,74,174739
22945,0.000196,74.125.24.0-255,2902,28577,74,174739
22946,0.000199,172.31.40.0-255,66,28643,74,174739
22947,0.000216,74.125.24.0-255,5738,34381,74,174739
22948,0.000219,172.31.40.0-255,66,34447,74,174739
22949,0.000256,172.31.40.0-255,66,34513,74,174739
22950,0.00027,172.31.40.0-255,66,34579,74,174739
22951,0.000292,74.125.24.0-255,2821,37400,74,174739
22952,0.000294,172.31.40.0-255,66,37466,74,174739
22953,0.000353,74.125.24.0-255,131,37597,74,174739
22954,0.000357,172.31.40.0-255,66,37663,74,174739
22955,0.000429,74.125.24.0-255,1484,39147,74,174739
22956,0.000435,74.125.24.0-255,1484,40631,74,174739
22957,0.000438,172.31.40.0-255,66,40697,74,174739
22958,0.00045,74.125.24.0-255,1484,42181,74,174739
22959,0.000458,74.125.24.0-255,5738,47919,74,174739
22960,0.000461,172.31.40.0-255,66,47985,74,174739
22961,0.000483,74.125.24.0-255,2902,50887,74,174739
22962,0.000485,172.31.40.0-255,66,50953,74,174739
22963,0.000497,74.125.24.0-255,3961,54914,74,174739
22964,0.0005,172.31.40.0-255,66,54980,74,174739
22965,0.000527,74.125.24.0-255,4320,59300,74,174739
22966,0.00053,172.31.40.0-255,66,59366,74,174739
22967,0.000546,74.125.24.0-255,2902,62268,74,174739
22968,0.000548,172.31.40.0-255,66,62334,74,174739
22969,0.000554,74.125.24.0-255,4320,66654,74,174739
22970,0.000556,172.31.40.0-255,66,66720,74,174739
22971,0.000583,74.125.24.0-255,2902,69622,74,174739
22972,0.000586,172.31.40.0-255,66,69688,74,174739
22973,0.000598,74.125.24.0-255,2820,72508,74,174739
22974,0.0006,172.31.40.0-255,66,72574,74,174739
22975,0.000732,74.125.24.0-255,1484,74058,74,174739
22976,0.000739,74.125.24.0-255,2902,76960,74,174739
22977,0.000743,172.31.40.0-255,66,77026,74,174739
22978,0.000761,74.125.24.0-255,5738,82764,74,174739
22979,0.000764,172.31.40.0-255,66,82830,74,174739
22980,0.000814,172.31.40.0-255,66,82896,74,174739
22981,0.000823,74.125.24.0-255,4320,87216,74,174739
22982,0.000826,172.31.40.0-255,66,87282,74,174739
22983,0.000841,74.125.24.0-255,4320,91602,74,174739
22984,0.000844,172.31.40.0-255,66,91668,74,174739
22985,0.000875,172.31.40.0-255,66,91734,74,174739
22986,0.000934,74.125.24.0-255,1484,93218,74,174739
22987,0.000947,74.125.24.0-255,2902,96120,74,174739
22988,0.000949,172.31.40.0-255,66,96186,74,174739
22989,0.000973,74.125.24.0-255,5738,101924,74,174739
22990,0.000976,172.31.40.0-255,66,101990,74,174739
22991,0.00098,74.125.24.0-255,2902,104892,74,174739
22992,0.000982,172.31.40.0-255,66,104958,74,174739
22993,0.001011,172.31.40.0-255,66,105024,74,174739
22994,0.001022,172.31.40.0-255,66,105090,74,174739
22995,0.001042,74.125.24.0-255,2184,107274,74,174739
22996,0.001044,172.31.40.0-255,66,107340,74,174739
22997,0.001107,74.125.24.0-255,1484,108824,74,174739
22998,0.001122,74.125.24.0-255,2902,111726,74,174739
22999,0.001125,172.31.40.0-255,66,111792,74,174739
23000,0.001151,74.125.24.0-255,2902,114694,74,174739
23001,0.001154,172.31.40.0-255,66,114760,74,174739
23002,0.001173,74.125.24.0-255,2902,117662,74,174739
23003,0.001176,172.31.40.0-255,66,117728,74,174739
23004,0.001182,74.125.24.0-255,4320,122048,74,174739
23005,0.001184,172.31.40.0-255,66,122114,74,174739
23006,0.001204,74.125.24.0-255,5738,127852,74,174739
23007,0.001207,172.31.40.0-255,66,127918,74,174739
23008,0.001219,172.31.40.0-255,66,127984,74,174739
23009,0.00124,74.125.24.0-255,1484,129468,74,174739
23010,0.001337,74.125.24.0-255,766,130234,74,174739
23011,0.001341,172.31.40.0-255,66,130300,74,174739
23012,0.001617,74.125.24.0-255,1484,131784,74,174739
23013,0.001634,74.125.24.0-255,2902,134686,74,174739
23014,0.001638,172.31.40.0-255,66,134752,74,174739
23015,0.001642,74.125.24.0-255,1484,136236,74,174739
23016,0.001664,74.125.24.0-255,4320,140556,74,174739
23017,0.001667,172.31.40.0-255,66,140622,74,174739
23018,0.001672,74.125.24.0-255,4320,144942,74,174739
23019,0.001674,172.31.40.0-255,66,145008,74,174739
23020,0.001688,74.125.24.0-255,2902,147910,74,174739
23021,0.00169,172.31.40.0-255,66,147976,74,174739
23022,0.001708,74.125.24.0-255,5738,153714,74,174739
23023,0.001711,172.31.40.0-255,66,153780,74,174739
23024,0.001736,172.31.40.0-255,66,153846,74,174739
23025,0.001739,74.125.24.0-255,1484,155330,74,174739
23026,0.001798,172.31.40.0-255,66,155396,74,174739
23027,0.0018,172.31.40.0-255,66,155462,74,174739
23028,0.001816,74.125.24.0-255,5738,161200,74,174739
23029,0.001818,172.31.40.0-255,66,161266,74,174739
23030,0.001837,172.31.40.0-255,66,161332,74,174739
23031,0.00184,74.125.24.0-255,1484,162816,74,174739
23032,0.001867,172.31.40.0-255,66,162882,74,174739
23033,0.001889,74.125.24.0-255,4320,167202,74,174739
23034,0.001891,172.31.40.0-255,66,167268,74,174739
23035,0.001896,74.125.24.0-255,4320,171588,74,174739
23036,0.001898,172.31.40.0-255,66,171654,74,174739
23037,0.001938,172.31.40.0-255,66,171720,74,174739
23038,0.001955,172.31.40.0-255,66,171786,74,174739
23039,0.001967,172.31.40.0-255,66,171852,74,174739
23040,0.002006,74.125.24.0-255,1484,173336,74,174739
23041,0.002041,172.31.40.0-255,66,173402,74,174739
23042,0.002061,74.125.24.0-255,766,174168,74,174739
23043,0.002074,172.31.40.0-255,66,174234,74,174739
23044,0.002114,74.125.24.0-255,97,174331,74,174739
23045,0.002128,172.31.40.0-255,66,174397,74,174739
23046,0.002148,74.125.24.0-255,105,174502,74,174739
23047,0.004237,172.31.40.0-255,66,174568,74,174739
23048,0.004269,172.31.40.0-255,105,174673,74,174739
23049,0.006475,74.125.24.0-255,66,174739,74,174739
23050,0.0,172.217.194.0-255,153,153,74,171214
23051,2.2e-05,172.31.40.0-255,66,219,74,171214
23052,2.9e-05,172.217.194.0-255,1484,1703,74,171214
23053,3.4e-05,172.31.40.0-255,66,1769,74,171214
23054,4.7e-05,172.217.194.0-255,2902,4671,74,171214
23055,5.1e-05,172.31.40.0-255,66,4737,74,171214
23056,5.6e-05,172.217.194.0-255,2902,7639,74,171214
23057,5.9e-05,172.31.40.0-255,66,7705,74,171214
23058,8.3e-05,172.217.194.0-255,2902,10607,74,171214
23059,8.8e-05,172.31.40.0-255,66,10673,74,171214
23060,0.000114,172.217.194.0-255,3439,14112,74,171214
23061,0.000116,172.31.40.0-255,66,14178,74,171214
23062,0.000127,172.31.40.0-255,66,14244,74,171214
23063,0.000135,172.217.194.0-255,2902,17146,74,171214
23064,0.000138,172.31.40.0-255,66,17212,74,171214
23065,0.000173,172.31.40.0-255,66,17278,74,171214
23066,0.000201,172.217.194.0-255,1484,18762,74,171214
23067,0.000203,172.31.40.0-255,66,18828,74,171214
23068,0.000207,172.217.194.0-255,2902,21730,74,171214
23069,0.00021,172.31.40.0-255,66,21796,74,171214
23070,0.000216,172.217.194.0-255,4320,26116,74,171214
23071,0.000218,172.31.40.0-255,66,26182,74,171214
23072,0.000248,172.217.194.0-255,1484,27666,74,171214
23073,0.000251,172.31.40.0-255,66,27732,74,171214
23074,0.000262,172.31.40.0-255,66,27798,74,171214
23075,0.000273,172.217.194.0-255,1484,29282,74,171214
23076,0.00028,172.31.40.0-255,66,29348,74,171214
23077,0.000309,172.217.194.0-255,2902,32250,74,171214
23078,0.000311,172.31.40.0-255,66,32316,74,171214
23079,0.000318,172.217.194.0-255,5738,38054,74,171214
23080,0.000321,172.31.40.0-255,66,38120,74,171214
23081,0.000352,172.31.40.0-255,66,38186,74,171214
23082,0.000493,172.217.194.0-255,645,38831,74,171214
23083,0.000776,172.217.194.0-255,1484,40315,74,171214
23084,0.000781,172.31.40.0-255,66,40381,74,171214
23085,0.000786,172.217.194.0-255,2902,43283,74,171214
23086,0.000788,172.31.40.0-255,66,43349,74,171214
23087,0.000795,172.217.194.0-255,5738,49087,74,171214
23088,0.000802,172.31.40.0-255,66,49153,74,171214
23089,0.000835,172.31.40.0-255,66,49219,74,171214
23090,0.000862,172.217.194.0-255,2902,52121,74,171214
23091,0.000865,172.31.40.0-255,66,52187,74,171214
23092,0.000879,172.31.40.0-255,66,52253,74,171214
23093,0.000905,172.217.194.0-255,2184,54437,74,171214
23094,0.000908,172.31.40.0-255,66,54503,74,171214
23095,0.000914,172.217.194.0-255,5738,60241,74,171214
23096,0.000917,172.31.40.0-255,66,60307,74,171214
23097,0.000926,172.31.40.0-255,66,60373,74,171214
23098,0.000962,172.217.194.0-255,3413,63786,74,171214
23099,0.000966,172.31.40.0-255,66,63852,74,171214
23100,0.001038,172.217.194.0-255,1484,65336,74,171214
23101,0.001044,172.217.194.0-255,2902,68238,74,171214
23102,0.001048,172.31.40.0-255,66,68304,74,171214
23103,0.001071,172.217.194.0-255,5738,74042,74,171214
23104,0.001074,172.31.40.0-255,66,74108,74,171214
23105,0.001079,172.217.194.0-255,4320,78428,74,171214
23106,0.001082,172.31.40.0-255,66,78494,74,171214
23107,0.001129,172.31.40.0-255,66,78560,74,171214
23108,0.001135,172.217.194.0-255,4320,82880,74,171214
23109,0.001137,172.31.40.0-255,66,82946,74,171214
23110,0.001142,172.217.194.0-255,2902,85848,74,171214
23111,0.001144,172.31.40.0-255,66,85914,74,171214
23112,0.001174,172.217.194.0-255,3602,89516,74,171214
23113,0.001177,172.31.40.0-255,66,89582,74,171214
23114,0.001311,172.217.194.0-255,1484,91066,74,171214
23115,0.001316,172.217.194.0-255,2902,93968,74,171214
23116,0.00132,172.31.40.0-255,66,94034,74,171214
23117,0.001325,172.217.194.0-255,2902,96936,74,171214
23118,0.001327,172.31.40.0-255,66,97002,74,171214
23119,0.001348,172.217.194.0-255,2902,99904,74,171214
23120,0.00135,172.31.40.0-255,66,99970,74,171214
23121,0.001356,172.217.194.0-255,4320,104290,74,171214
23122,0.001358,172.31.40.0-255,66,104356,74,171214
23123,0.001399,172.31.40.0-255,66,104422,74,171214
23124,0.001468,172.31.40.0-255,66,104488,74,171214
23125,0.00147,172.217.194.0-255,1484,105972,74,171214
23126,0.001475,172.217.194.0-255,2902,108874,74,171214
23127,0.001477,172.31.40.0-255,66,108940,74,171214
23128,0.001484,172.217.194.0-255,5738,114678,74,171214
23129,0.001487,172.31.40.0-255,66,114744,74,171214
23130,0.001493,172.217.194.0-255,5738,120482,74,171214
23131,0.001495,172.31.40.0-255,66,120548,74,171214
23132,0.001531,172.31.40.0-255,66,120614,74,171214
23133,0.001544,172.31.40.0-255,66,120680,74,171214
23134,0.001808,172.217.194.0-255,1484,122164,74,171214
23135,0.001827,172.217.194.0-255,2902,125066,74,171214
23136,0.001831,172.31.40.0-255,66,125132,74,171214
23137,0.001836,172.217.194.0-255,2902,128034,74,171214
23138,0.001838,172.31.40.0-255,66,128100,74,171214
23139,0.001859,172.217.194.0-255,2902,131002,74,171214
23140,0.001875,172.31.40.0-255,66,131068,74,171214
23141,0.001878,172.31.40.0-255,66,131134,74,171214
23142,0.001907,172.217.194.0-255,1484,132618,74,171214
23143,0.001927,172.31.40.0-255,66,132684,74,171214
23144,0.0023,172.217.194.0-255,1484,134168,74,171214
23145,0.002316,172.217.194.0-255,2902,137070,74,171214
23146,0.002319,172.31.40.0-255,66,137136,74,171214
23147,0.002324,172.217.194.0-255,2902,140038,74,171214
23148,0.002326,172.31.40.0-255,66,140104,74,171214
23149,0.002351,172.217.194.0-255,2902,143006,74,171214
23150,0.002354,172.31.40.0-255,66,143072,74,171214
23151,0.002367,172.31.40.0-255,66,143138,74,171214
23152,0.002377,172.31.40.0-255,66,143204,74,171214
23153,0.00238,172.217.194.0-255,1484,144688,74,171214
23154,0.002403,172.217.194.0-255,2184,146872,74,171214
23155,0.002407,172.31.40.0-255,66,146938,74,171214
23156,0.002738,172.217.194.0-255,1484,148422,74,171214
23157,0.002743,172.217.194.0-255,2902,151324,74,171214
23158,0.002749,172.31.40.0-255,66,151390,74,171214
23159,0.002766,172.217.194.0-255,5738,157128,74,171214
23160,0.002769,172.31.40.0-255,66,157194,74,171214
23161,0.002772,172.217.194.0-255,1484,158678,74,171214
23162,0.002796,172.31.40.0-255,66,158744,74,171214
23163,0.002834,172.217.194.0-255,5738,164482,74,171214
23164,0.002837,172.31.40.0-255,66,164548,74,171214
23165,0.002869,172.31.40.0-255,66,164614,74,171214
23166,0.002874,172.217.194.0-255,2902,167516,74,171214
23167,0.002876,172.31.40.0-255,66,167582,74,171214
23168,0.002924,172.31.40.0-255,66,167648,74,171214
23169,0.002936,172.31.40.0-255,66,167714,74,171214
23170,0.002989,172.31.40.0-255,66,167780,74,171214
23171,0.002991,172.31.40.0-255,66,167846,74,171214
23172,0.003011,172.217.194.0-255,2902,170748,74,171214
23173,0.003014,172.31.40.0-255,66,170814,74,171214
23174,0.003027,172.31.40.0-255,66,170880,74,171214
23175,0.003041,172.31.40.0-255,66,170946,74,171214
23176,0.003054,172.217.194.0-255,97,171043,74,171214
23177,0.003058,172.31.40.0-255,66,171109,74,171214
23178,0.003082,172.217.194.0-255,105,171214,74,171214
23179,0.0,74.125.68.0-255,153,153,74,232444
23180,2.4e-05,172.31.40.0-255,66,219,74,232444
23181,3.2e-05,74.125.68.0-255,1484,1703,74,232444
23182,3.6e-05,172.31.40.0-255,66,1769,74,232444
23183,4.1e-05,74.125.68.0-255,2902,4671,74,232444
23184,5.5e-05,172.31.40.0-255,66,4737,74,232444
23185,5.9e-05,74.125.68.0-255,1484,6221,74,232444
23186,6.1e-05,172.31.40.0-255,66,6287,74,232444
23187,6.6e-05,74.125.68.0-255,2902,9189,74,232444
23188,7e-05,172.31.40.0-255,66,9255,74,232444
23189,0.00011,74.125.68.0-255,4965,14220,74,232444
23190,0.000114,172.31.40.0-255,66,14286,74,232444
23191,0.00012,74.125.68.0-255,5738,20024,74,232444
23192,0.000122,172.31.40.0-255,66,20090,74,232444
23193,0.000182,172.31.40.0-255,66,20156,74,232444
23194,0.000193,172.31.40.0-255,66,20222,74,232444
23195,0.000201,172.31.40.0-255,66,20288,74,232444
23196,0.00023,74.125.68.0-255,2902,23190,74,232444
23197,0.000232,172.31.40.0-255,66,23256,74,232444
23198,0.000257,74.125.68.0-255,2184,25440,74,232444
23199,0.000259,172.31.40.0-255,66,25506,74,232444
23200,0.000359,74.125.68.0-255,1484,26990,74,232444
23201,0.000364,172.31.40.0-255,66,27056,74,232444
23202,0.000369,74.125.68.0-255,2902,29958,74,232444
23203,0.000372,172.31.40.0-255,66,30024,74,232444
23204,0.000374,74.125.68.0-255,1484,31508,74,232444
23205,0.000381,172.31.40.0-255,66,31574,74,232444
23206,0.000387,74.125.68.0-255,2902,34476,74,232444
23207,0.00039,172.31.40.0-255,66,34542,74,232444
23208,0.000415,74.125.68.0-255,5738,40280,74,232444
23209,0.000418,172.31.40.0-255,66,40346,74,232444
23210,0.000453,74.125.68.0-255,3132,43478,74,232444
23211,0.000455,172.31.40.0-255,66,43544,74,232444
23212,0.000539,74.125.68.0-255,1484,45028,74,232444
23213,0.000555,74.125.68.0-255,2902,47930,74,232444
23214,0.000559,172.31.40.0-255,66,47996,74,232444
23215,0.000591,74.125.68.0-255,5738,53734,74,232444
23216,0.000594,172.31.40.0-255,66,53800,74,232444
23217,0.000599,74.125.68.0-255,4320,58120,74,232444
23218,0.000601,172.31.40.0-255,66,58186,74,232444
23219,0.000607,74.125.68.0-255,5738,63924,74,232444
23220,0.00061,172.31.40.0-255,66,63990,74,232444
23221,0.000644,74.125.68.0-255,5738,69728,74,232444
23222,0.000647,172.31.40.0-255,66,69794,74,232444
23223,0.000668,74.125.68.0-255,5738,75532,74,232444
23224,0.000671,172.31.40.0-255,66,75598,74,232444
23225,0.000683,74.125.68.0-255,2184,77782,74,232444
23226,0.00069,172.31.40.0-255,66,77848,74,232444
23227,0.001191,74.125.68.0-255,1484,79332,74,232444
23228,0.001198,74.125.68.0-255,2902,82234,74,232444
23229,0.001202,172.31.40.0-255,66,82300,74,232444
23230,0.001206,74.125.68.0-255,1484,83784,74,232444
23231,0.00123,74.125.68.0-255,4320,88104,74,232444
23232,0.001233,172.31.40.0-255,66,88170,74,232444
23233,0.001257,172.31.40.0-255,66,88236,74,232444
23234,0.001276,74.125.68.0-255,4320,92556,74,232444
23235,0.001279,172.31.40.0-255,66,92622,74,232444
23236,0.001285,74.125.68.0-255,5738,98360,74,232444
23237,0.001287,172.31.40.0-255,66,98426,74,232444
23238,0.00132,172.31.40.0-255,66,98492,74,232444
23239,0.001373,74.125.68.0-255,1484,99976,74,232444
23240,0.001397,74.125.68.0-255,1484,101460,74,232444
23241,0.0014,172.31.40.0-255,66,101526,74,232444
23242,0.001435,74.125.68.0-255,2902,104428,74,232444
23243,0.001438,172.31.40.0-255,66,104494,74,232444
23244,0.001444,74.125.68.0-255,5738,110232,74,232444
23245,0.001447,172.31.40.0-255,66,110298,74,232444
23246,0.001454,74.125.68.0-255,1484,111782,74,232444
23247,0.001459,74.125.68.0-255,2902,114684,74,232444
23248,0.001462,172.31.40.0-255,66,114750,74,232444
23249,0.001486,74.125.68.0-255,5738,120488,74,232444
23250,0.001489,172.31.40.0-255,66,120554,74,232444
23251,0.001523,74.125.68.0-255,5738,126292,74,232444
23252,0.001525,172.31.40.0-255,66,126358,74,232444
23253,0.001535,172.31.40.0-255,66,126424,74,232444
23254,0.001558,74.125.68.0-255,4320,130744,74,232444
23255,0.001562,172.31.40.0-255,66,130810,74,232444
23256,0.001568,74.125.68.0-255,5738,136548,74,232444
23257,0.001571,172.31.40.0-255,66,136614,74,232444
23258,0.001609,172.31.40.0-255,66,136680,74,232444
23259,0.001616,74.125.68.0-255,5738,142418,74,232444
23260,0.001619,172.31.40.0-255,66,142484,74,232444
23261,0.001648,74.125.68.0-255,1484,143968,74,232444
23262,0.001662,74.125.68.0-255,4320,148288,74,232444
23263,0.001667,172.31.40.0-255,66,148354,74,232444
23264,0.001675,74.125.68.0-255,766,149120,74,232444
23265,0.001728,74.125.68.0-255,1484,150604,74,232444
23266,0.001731,172.31.40.0-255,66,150670,74,232444
23267,0.001735,74.125.68.0-255,2902,153572,74,232444
23268,0.001737,172.31.40.0-255,66,153638,74,232444
23269,0.00174,74.125.68.0-255,1484,155122,74,232444
23270,0.001756,74.125.68.0-255,4320,159442,74,232444
23271,0.001758,172.31.40.0-255,66,159508,74,232444
23272,0.001778,172.31.40.0-255,66,159574,74,232444
23273,0.001826,172.31.40.0-255,66,159640,74,232444
23274,0.001832,74.125.68.0-255,5020,164660,74,232444
23275,0.001834,172.31.40.0-255,66,164726,74,232444
23276,0.002127,74.125.68.0-255,1484,166210,74,232444
23277,0.002136,74.125.68.0-255,2902,169112,74,232444
23278,0.00214,172.31.40.0-255,66,169178,74,232444
23279,0.002171,74.125.68.0-255,5738,174916,74,232444
23280,0.002174,172.31.40.0-255,66,174982,74,232444
23281,0.00218,74.125.68.0-255,4320,179302,74,232444
23282,0.002187,172.31.40.0-255,66,179368,74,232444
23283,0.002198,74.125.68.0-255,5738,185106,74,232444
23284,0.002201,172.31.40.0-255,66,185172,74,232444
23285,0.00225,172.31.40.0-255,66,185238,74,232444
23286,0.002253,74.125.68.0-255,1484,186722,74,232444
23287,0.002288,172.31.40.0-255,66,186788,74,232444
23288,0.002294,74.125.68.0-255,5738,192526,74,232444
23289,0.002297,172.31.40.0-255,66,192592,74,232444
23290,0.002339,74.125.68.0-255,5738,198330,74,232444
23291,0.002342,172.31.40.0-255,66,198396,74,232444
23292,0.002376,172.31.40.0-255,66,198462,74,232444
23293,0.002381,74.125.68.0-255,3602,202064,74,232444
23294,0.002383,172.31.40.0-255,66,202130,74,232444
23295,0.002386,74.125.68.0-255,1484,203614,74,232444
23296,0.002414,74.125.68.0-255,2902,206516,74,232444
23297,0.002418,172.31.40.0-255,66,206582,74,232444
23298,0.002448,74.125.68.0-255,2902,209484,74,232444
23299,0.002451,172.31.40.0-255,66,209550,74,232444
23300,0.002484,172.31.40.0-255,66,209616,74,232444
23301,0.002494,172.31.40.0-255,66,209682,74,232444
23302,0.002526,172.31.40.0-255,66,209748,74,232444
23303,0.002529,74.125.68.0-255,766,210514,74,232444
23304,0.002596,74.125.68.0-255,1484,211998,74,232444
23305,0.0026,172.31.40.0-255,66,212064,74,232444
23306,0.002605,74.125.68.0-255,2902,214966,74,232444
23307,0.002608,172.31.40.0-255,66,215032,74,232444
23308,0.00262,74.125.68.0-255,5738,220770,74,232444
23309,0.002623,172.31.40.0-255,66,220836,74,232444
23310,0.005196,74.125.68.0-255,5738,226574,74,232444
23311,0.005205,172.31.40.0-255,66,226640,74,232444
23312,0.007818,74.125.68.0-255,5738,232378,74,232444
23313,0.007837,172.31.40.0-255,66,232444,74,232444
23314,0.0,172.217.194.0-255,153,153,74,127355
23315,2.4e-05,172.31.40.0-255,66,219,74,127355
23316,3.2e-05,172.217.194.0-255,1484,1703,74,127355
23317,3.6e-05,172.31.40.0-255,66,1769,74,127355
23318,4.2e-05,172.217.194.0-255,2902,4671,74,127355
23319,4.5e-05,172.31.40.0-255,66,4737,74,127355
23320,7.8e-05,172.31.40.0-255,66,4803,74,127355
23321,8.2e-05,172.217.194.0-255,1912,6715,74,127355
23322,8.6e-05,172.31.40.0-255,66,6781,74,127355
23323,0.0001,172.31.40.0-255,66,6847,74,127355
23324,0.000106,172.217.194.0-255,5379,12226,74,127355
23325,0.000109,172.31.40.0-255,66,12292,74,127355
23326,0.00015,172.217.194.0-255,5738,18030,74,127355
23327,0.000153,172.31.40.0-255,66,18096,74,127355
23328,0.00016,172.217.194.0-255,5738,23834,74,127355
23329,0.000162,172.31.40.0-255,66,23900,74,127355
23330,0.000165,172.217.194.0-255,1484,25384,74,127355
23331,0.000168,172.31.40.0-255,66,25450,74,127355
23332,0.000209,172.31.40.0-255,66,25516,74,127355
23333,0.00022,172.31.40.0-255,66,25582,74,127355
23334,0.000223,172.217.194.0-255,99,25681,74,127355
23335,0.000225,172.31.40.0-255,66,25747,74,127355
23336,0.000425,172.217.194.0-255,1484,27231,74,127355
23337,0.00043,172.31.40.0-255,66,27297,74,127355
23338,0.000437,172.217.194.0-255,2902,30199,74,127355
23339,0.00044,172.31.40.0-255,66,30265,74,127355
23340,0.000445,172.217.194.0-255,2902,33167,74,127355
23341,0.000447,172.31.40.0-255,66,33233,74,127355
23342,0.000481,172.217.194.0-255,2902,36135,74,127355
23343,0.000484,172.31.40.0-255,66,36201,74,127355
23344,0.000496,172.31.40.0-255,66,36267,74,127355
23345,0.000543,172.31.40.0-255,66,36333,74,127355
23346,0.000568,172.217.194.0-255,4237,40570,74,127355
23347,0.00057,172.31.40.0-255,66,40636,74,127355
23348,0.000673,172.217.194.0-255,1484,42120,74,127355
23349,0.000678,172.217.194.0-255,2902,45022,74,127355
23350,0.000687,172.31.40.0-255,66,45088,74,127355
23351,0.000693,172.217.194.0-255,2902,47990,74,127355
23352,0.000695,172.31.40.0-255,66,48056,74,127355
23353,0.000725,172.217.194.0-255,2902,50958,74,127355
23354,0.000728,172.31.40.0-255,66,51024,74,127355
23355,0.000738,172.217.194.0-255,4320,55344,74,127355
23356,0.000745,172.217.194.0-255,5738,61082,74,127355
23357,0.000762,172.31.40.0-255,66,61148,74,127355
23358,0.000781,172.217.194.0-255,5738,66886,74,127355
23359,0.000796,172.31.40.0-255,66,66952,74,127355
23360,0.00084,172.31.40.0-255,66,67018,74,127355
23361,0.000862,172.217.194.0-255,2902,69920,74,127355
23362,0.000926,172.217.194.0-255,1484,71404,74,127355
23363,0.00094,172.31.40.0-255,66,71470,74,127355
23364,0.000981,172.31.40.0-255,66,71536,74,127355
23365,0.001009,172.217.194.0-255,1484,73020,74,127355
23366,0.001024,172.217.194.0-255,2902,75922,74,127355
23367,0.001028,172.217.194.0-255,1484,77406,74,127355
23368,0.001039,172.217.194.0-255,4320,81726,74,127355
23369,0.001056,172.217.194.0-255,1484,83210,74,127355
23370,0.001062,172.31.40.0-255,66,83276,74,127355
23371,0.001081,172.217.194.0-255,1484,84760,74,127355
23372,0.001102,172.217.194.0-255,4320,89080,74,127355
23373,0.001113,172.31.40.0-255,66,89146,74,127355
23374,0.001123,172.217.194.0-255,1484,90630,74,127355
23375,0.001146,172.217.194.0-255,3602,94232,74,127355
23376,0.001155,172.31.40.0-255,66,94298,74,127355
23377,0.001189,172.217.194.0-255,2902,97200,74,127355
23378,0.001209,172.217.194.0-255,1484,98684,74,127355
23379,0.001216,172.217.194.0-255,5738,104422,74,127355
23380,0.001221,172.217.194.0-255,4320,108742,74,127355
23381,0.001225,172.31.40.0-255,66,108808,74,127355
23382,0.00128,172.217.194.0-255,3602,112410,74,127355
23383,0.001288,172.31.40.0-255,66,112476,74,127355
23384,0.001303,172.217.194.0-255,4320,116796,74,127355
23385,0.001321,172.217.194.0-255,1484,118280,74,127355
23386,0.001337,172.217.194.0-255,5738,124018,74,127355
23387,0.00134,172.31.40.0-255,66,124084,74,127355
23388,0.001345,172.31.40.0-255,66,124150,74,127355
23389,0.001369,172.217.194.0-255,2902,127052,74,127355
23390,0.001434,172.31.40.0-255,66,127118,74,127355
23391,0.001493,172.31.40.0-255,66,127184,74,127355
23392,0.001557,172.217.194.0-255,105,127289,74,127355
23393,0.001583,172.31.40.0-255,66,127355,74,127355
23394,0.0,172.217.194.0-255,146,146,74,101631
23395,2.5e-05,172.31.40.0-255,66,212,74,101631
23396,3.3e-05,172.217.194.0-255,1484,1696,74,101631
23397,3.8e-05,172.31.40.0-255,66,1762,74,101631
23398,4.3e-05,172.217.194.0-255,2902,4664,74,101631
23399,5.5e-05,172.31.40.0-255,66,4730,74,101631
23400,6.6e-05,172.31.40.0-255,66,4796,74,101631
23401,7e-05,172.217.194.0-255,2066,6862,74,101631
23402,7.3e-05,172.31.40.0-255,66,6928,74,101631
23403,0.000103,172.217.194.0-255,2902,9830,74,101631
23404,0.00011,172.31.40.0-255,66,9896,74,101631
23405,0.000113,172.217.194.0-255,1484,11380,74,101631
23406,0.000115,172.31.40.0-255,66,11446,74,101631
23407,0.000123,172.217.194.0-255,5738,17184,74,101631
23408,0.000125,172.31.40.0-255,66,17250,74,101631
23409,0.000148,172.217.194.0-255,2902,20152,74,101631
23410,0.00015,172.31.40.0-255,66,20218,74,101631
23411,0.000174,172.217.194.0-255,3961,24179,74,101631
23412,0.000176,172.31.40.0-255,66,24245,74,101631
23413,0.000528,172.217.194.0-255,1484,25729,74,101631
23414,0.000534,172.31.40.0-255,66,25795,74,101631
23415,0.00054,172.217.194.0-255,2902,28697,74,101631
23416,0.000544,172.31.40.0-255,66,28763,74,101631
23417,0.000556,172.217.194.0-255,5738,34501,74,101631
23418,0.000558,172.31.40.0-255,66,34567,74,101631
23419,0.000596,172.31.40.0-255,66,34633,74,101631
23420,0.000633,172.31.40.0-255,66,34699,74,101631
23421,0.000677,172.217.194.0-255,119,34818,74,101631
23422,0.000681,172.31.40.0-255,66,34884,74,101631
23423,0.000748,172.217.194.0-255,1484,36368,74,101631
23424,0.000755,172.217.194.0-255,2902,39270,74,101631
23425,0.000758,172.31.40.0-255,66,39336,74,101631
23426,0.000762,172.217.194.0-255,1484,40820,74,101631
23427,0.000792,172.217.194.0-255,4320,45140,74,101631
23428,0.000795,172.31.40.0-255,66,45206,74,101631
23429,0.000808,172.31.40.0-255,66,45272,74,101631
23430,0.000838,172.217.194.0-255,4320,49592,74,101631
23431,0.000841,172.31.40.0-255,66,49658,74,101631
23432,0.000875,172.217.194.0-255,381,50039,74,101631
23433,0.00088,172.31.40.0-255,66,50105,74,101631
23434,0.001296,172.217.194.0-255,1484,51589,74,101631
23435,0.0013,172.31.40.0-255,66,51655,74,101631
23436,0.001321,172.217.194.0-255,2902,54557,74,101631
23437,0.001323,172.31.40.0-255,66,54623,74,101631
23438,0.001331,172.217.194.0-255,5738,60361,74,101631
23439,0.001332,172.31.40.0-255,66,60427,74,101631
23440,0.001371,172.31.40.0-255,66,60493,74,101631
23441,0.001382,172.31.40.0-255,66,60559,74,101631
23442,0.001404,172.217.194.0-255,1484,62043,74,101631
23443,0.001407,172.217.194.0-255,766,62809,74,101631
23444,0.001409,172.31.40.0-255,66,62875,74,101631
23445,0.001908,172.217.194.0-255,1484,64359,74,101631
23446,0.001924,172.217.194.0-255,2902,67261,74,101631
23447,0.001927,172.31.40.0-255,66,67327,74,101631
23448,0.001933,172.217.194.0-255,2902,70229,74,101631
23449,0.001935,172.31.40.0-255,66,70295,74,101631
23450,0.00196,172.217.194.0-255,2902,73197,74,101631
23451,0.001963,172.31.40.0-255,66,73263,74,101631
23452,0.001976,172.31.40.0-255,66,73329,74,101631
23453,0.001982,172.217.194.0-255,5738,79067,74,101631
23454,0.001984,172.31.40.0-255,66,79133,74,101631
23455,0.002015,172.217.194.0-255,5020,84153,74,101631
23456,0.002019,172.31.40.0-255,66,84219,74,101631
23457,0.004079,172.217.194.0-255,5738,89957,74,101631
23458,0.004087,172.31.40.0-255,66,90023,74,101631
23459,0.006144,172.217.194.0-255,5738,95761,74,101631
23460,0.006148,172.31.40.0-255,66,95827,74,101631
23461,0.008195,172.217.194.0-255,5738,101565,74,101631
23462,0.008201,172.31.40.0-255,66,101631,74,101631
23463,0.0,172.217.194.0-255,153,153,74,157120
23464,2.3e-05,172.31.40.0-255,66,219,74,157120
23465,3e-05,172.217.194.0-255,1484,1703,74,157120
23466,3.6e-05,172.31.40.0-255,66,1769,74,157120
23467,4.3e-05,172.217.194.0-255,2902,4671,74,157120
23468,4.6e-05,172.31.40.0-255,66,4737,74,157120
23469,5.7e-05,172.31.40.0-255,66,4803,74,157120
23470,6e-05,172.217.194.0-255,1484,6287,74,157120
23471,6.3e-05,172.31.40.0-255,66,6353,74,157120
23472,0.000108,172.31.40.0-255,66,6419,74,157120
23473,0.000114,172.217.194.0-255,2543,8962,74,157120
23474,0.000116,172.31.40.0-255,66,9028,74,157120
23475,0.000133,172.217.194.0-255,1484,10512,74,157120
23476,0.000136,172.31.40.0-255,66,10578,74,157120
23477,0.000149,172.217.194.0-255,1484,12062,74,157120
23478,0.000151,172.31.40.0-255,66,12128,74,157120
23479,0.000162,172.31.40.0-255,66,12194,74,157120
23480,0.000167,172.217.194.0-255,4320,16514,74,157120
23481,0.00017,172.31.40.0-255,66,16580,74,157120
23482,0.000205,172.31.40.0-255,66,16646,74,157120
23483,0.000226,172.31.40.0-255,66,16712,74,157120
23484,0.000442,172.217.194.0-255,396,17108,74,157120
23485,0.000447,172.31.40.0-255,66,17174,74,157120
23486,0.000536,172.217.194.0-255,1484,18658,74,157120
23487,0.00054,172.31.40.0-255,66,18724,74,157120
23488,0.000545,172.217.194.0-255,1484,20208,74,157120
23489,0.000547,172.31.40.0-255,66,20274,74,157120
23490,0.000561,172.217.194.0-255,1484,21758,74,157120
23491,0.000563,172.31.40.0-255,66,21824,74,157120
23492,0.00057,172.217.194.0-255,5738,27562,74,157120
23493,0.000573,172.31.40.0-255,66,27628,74,157120
23494,0.000579,172.217.194.0-255,5738,33366,74,157120
23495,0.000582,172.31.40.0-255,66,33432,74,157120
23496,0.000627,172.217.194.0-255,5020,38452,74,157120
23497,0.000632,172.31.40.0-255,66,38518,74,157120
23498,0.000639,172.31.40.0-255,66,38584,74,157120
23499,0.000764,172.217.194.0-255,1484,40068,74,157120
23500,0.000768,172.31.40.0-255,66,40134,74,157120
23501,0.000773,172.217.194.0-255,2902,43036,74,157120
23502,0.000776,172.31.40.0-255,66,43102,74,157120
23503,0.000793,172.217.194.0-255,5738,48840,74,157120
23504,0.000795,172.31.40.0-255,66,48906,74,157120
23505,0.000815,172.217.194.0-255,2902,51808,74,157120
23506,0.000817,172.31.40.0-255,66,51874,74,157120
23507,0.00088,172.217.194.0-255,3602,55476,74,157120
23508,0.00089,172.31.40.0-255,66,55542,74,157120
23509,0.000899,172.217.194.0-255,4320,59862,74,157120
23510,0.00091,172.31.40.0-255,66,59928,74,157120
23511,0.000958,172.217.194.0-255,4320,64248,74,157120
23512,0.000977,172.31.40.0-255,66,64314,74,157120
23513,0.001008,172.217.194.0-255,5738,70052,74,157120
23514,0.001015,172.31.40.0-255,66,70118,74,157120
23515,0.001054,172.31.40.0-255,66,70184,74,157120
23516,0.001478,172.217.194.0-255,1484,71668,74,157120
23517,0.001494,172.217.194.0-255,2902,74570,74,157120
23518,0.001498,172.31.40.0-255,66,74636,74,157120
23519,0.001505,172.217.194.0-255,5738,80374,74,157120
23520,0.001509,172.31.40.0-255,66,80440,74,157120
23521,0.001548,172.31.40.0-255,66,80506,74,157120
23522,0.001554,172.217.194.0-255,5738,86244,74,157120
23523,0.001572,172.31.40.0-255,66,86310,74,157120
23524,0.001591,172.217.194.0-255,2184,88494,74,157120
23525,0.001605,172.31.40.0-255,66,88560,74,157120
23526,0.001624,172.217.194.0-255,1484,90044,74,157120
23527,0.001638,172.217.194.0-255,1484,91528,74,157120
23528,0.001644,172.217.194.0-255,4320,95848,74,157120
23529,0.00165,172.31.40.0-255,66,95914,74,157120
23530,0.00166,172.217.194.0-255,2902,98816,74,157120
23531,0.001663,172.31.40.0-255,66,98882,74,157120
23532,0.00175,172.31.40.0-255,66,98948,74,157120
23533,0.001792,172.217.194.0-255,1484,100432,74,157120
23534,0.001797,172.217.194.0-255,2902,103334,74,157120
23535,0.001802,172.217.194.0-255,5738,109072,74,157120
23536,0.001818,172.31.40.0-255,66,109138,74,157120
23537,0.001835,172.31.40.0-255,66,109204,74,157120
23538,0.001852,172.217.194.0-255,5738,114942,74,157120
23539,0.001887,172.31.40.0-255,66,115008,74,157120
23540,0.001963,172.217.194.0-255,1484,116492,74,157120
23541,0.001984,172.217.194.0-255,2902,119394,74,157120
23542,0.00199,172.217.194.0-255,5738,125132,74,157120
23543,0.001992,172.217.194.0-255,1484,126616,74,157120
23544,0.002011,172.217.194.0-255,4320,130936,74,157120
23545,0.002014,172.31.40.0-255,66,131002,74,157120
23546,0.002048,172.217.194.0-255,2902,133904,74,157120
23547,0.002054,172.31.40.0-255,66,133970,74,157120
23548,0.004035,172.217.194.0-255,5738,139708,74,157120
23549,0.004043,172.31.40.0-255,66,139774,74,157120
23550,0.00603,172.217.194.0-255,5738,145512,74,157120
23551,0.006035,172.31.40.0-255,66,145578,74,157120
23552,0.007996,172.217.194.0-255,5738,151316,74,157120
23553,0.008,172.31.40.0-255,66,151382,74,157120
23554,0.009994,172.217.194.0-255,5738,157120,74,157120
23555,0.0,74.125.24.0-255,151,151,74,133693
23556,1.5e-05,172.31.40.0-255,66,217,74,133693
23557,2.1e-05,74.125.24.0-255,1484,1701,74,133693
23558,2.6e-05,172.31.40.0-255,66,1767,74,133693
23559,3.3e-05,74.125.24.0-255,2902,4669,74,133693
23560,3.6e-05,172.31.40.0-255,66,4735,74,133693
23561,4.2e-05,74.125.24.0-255,4320,9055,74,133693
23562,4.6e-05,172.31.40.0-255,66,9121,74,133693
23563,8.8e-05,74.125.24.0-255,4320,13441,74,133693
23564,9.1e-05,172.31.40.0-255,66,13507,74,133693
23565,0.000118,74.125.24.0-255,4817,18324,74,133693
23566,0.000122,172.31.40.0-255,66,18390,74,133693
23567,0.000134,172.31.40.0-255,66,18456,74,133693
23568,0.000138,74.125.24.0-255,2902,21358,74,133693
23569,0.00014,172.31.40.0-255,66,21424,74,133693
23570,0.000168,172.31.40.0-255,66,21490,74,133693
23571,0.000191,74.125.24.0-255,766,22256,74,133693
23572,0.000194,172.31.40.0-255,66,22322,74,133693
23573,0.00061,74.125.24.0-255,1484,23806,74,133693
23574,0.000615,172.31.40.0-255,66,23872,74,133693
23575,0.000622,74.125.24.0-255,2902,26774,74,133693
23576,0.000624,172.31.40.0-255,66,26840,74,133693
23577,0.000629,74.125.24.0-255,4320,31160,74,133693
23578,0.000631,172.31.40.0-255,66,31226,74,133693
23579,0.000647,74.125.24.0-255,1484,32710,74,133693
23580,0.000649,172.31.40.0-255,66,32776,74,133693
23581,0.000684,172.31.40.0-255,66,32842,74,133693
23582,0.000766,74.125.24.0-255,1484,34326,74,133693
23583,0.00077,172.31.40.0-255,66,34392,74,133693
23584,0.000775,74.125.24.0-255,2902,37294,74,133693
23585,0.000777,172.31.40.0-255,66,37360,74,133693
23586,0.000783,74.125.24.0-255,5738,43098,74,133693
23587,0.000785,172.31.40.0-255,66,43164,74,133693
23588,0.000822,172.31.40.0-255,66,43230,74,133693
23589,0.000842,74.125.24.0-255,3961,47191,74,133693
23590,0.000845,172.31.40.0-255,66,47257,74,133693
23591,0.00086,74.125.24.0-255,1484,48741,74,133693
23592,0.000885,172.31.40.0-255,66,48807,74,133693
23593,0.001059,74.125.24.0-255,646,49453,74,133693
23594,0.001225,74.125.24.0-255,1484,50937,74,133693
23595,0.001229,172.31.40.0-255,66,51003,74,133693
23596,0.001235,74.125.24.0-255,2902,53905,74,133693
23597,0.001237,172.31.40.0-255,66,53971,74,133693
23598,0.001243,74.125.24.0-255,5738,59709,74,133693
23599,0.001245,172.31.40.0-255,66,59775,74,133693
23600,0.001259,172.31.40.0-255,66,59841,74,133693
23601,0.001305,172.31.40.0-255,66,59907,74,133693
23602,0.001471,74.125.24.0-255,1484,61391,74,133693
23603,0.001478,74.125.24.0-255,2902,64293,74,133693
23604,0.001481,172.31.40.0-255,66,64359,74,133693
23605,0.001504,74.125.24.0-255,5738,70097,74,133693
23606,0.001507,172.31.40.0-255,66,70163,74,133693
23607,0.001555,74.125.24.0-255,5738,75901,74,133693
23608,0.001558,172.31.40.0-255,66,75967,74,133693
23609,0.001568,172.31.40.0-255,66,76033,74,133693
23610,0.001573,74.125.24.0-255,4320,80353,74,133693
23611,0.001575,172.31.40.0-255,66,80419,74,133693
23612,0.001592,74.125.24.0-255,2902,83321,74,133693
23613,0.001595,172.31.40.0-255,66,83387,74,133693
23614,0.001672,74.125.24.0-255,3602,86989,74,133693
23615,0.001675,172.31.40.0-255,66,87055,74,133693
23616,0.001749,74.125.24.0-255,1484,88539,74,133693
23617,0.001754,74.125.24.0-255,2902,91441,74,133693
23618,0.001756,172.31.40.0-255,66,91507,74,133693
23619,0.001782,74.125.24.0-255,5738,97245,74,133693
23620,0.001784,74.125.24.0-255,1484,98729,74,133693
23621,0.001789,74.125.24.0-255,2902,101631,74,133693
23622,0.001793,172.31.40.0-255,66,101697,74,133693
23623,0.001796,172.31.40.0-255,66,101763,74,133693
23624,0.001809,74.125.24.0-255,5738,107501,74,133693
23625,0.001812,172.31.40.0-255,66,107567,74,133693
23626,0.001826,74.125.24.0-255,2902,110469,74,133693
23627,0.001828,172.31.40.0-255,66,110535,74,133693
23628,0.001865,172.31.40.0-255,66,110601,74,133693
23629,0.001899,172.31.40.0-255,66,110667,74,133693
23630,0.001911,172.31.40.0-255,66,110733,74,133693
23631,0.001923,74.125.24.0-255,1484,112217,74,133693
23632,0.001934,172.31.40.0-255,66,112283,74,133693
23633,0.001952,74.125.24.0-255,766,113049,74,133693
23634,0.001979,74.125.24.0-255,1484,114533,74,133693
23635,0.001982,172.31.40.0-255,66,114599,74,133693
23636,0.002016,172.31.40.0-255,66,114665,74,133693
23637,0.002034,172.31.40.0-255,66,114731,74,133693
23638,0.002037,74.125.24.0-255,1484,116215,74,133693
23639,0.002071,172.31.40.0-255,66,116281,74,133693
23640,0.004101,74.125.24.0-255,5738,122019,74,133693
23641,0.004109,172.31.40.0-255,66,122085,74,133693
23642,0.006129,74.125.24.0-255,5738,127823,74,133693
23643,0.006133,172.31.40.0-255,66,127889,74,133693
23644,0.00814,74.125.24.0-255,5738,133627,74,133693
23645,0.008145,172.31.40.0-255,66,133693,74,133693
23646,0.0,74.125.200.0-255,153,153,74,99913
23647,1.8e-05,172.31.40.0-255,66,219,74,99913
23648,2.4e-05,74.125.200.0-255,1484,1703,74,99913
23649,2.8e-05,172.31.40.0-255,66,1769,74,99913
23650,3.1e-05,74.125.200.0-255,1484,3253,74,99913
23651,3.5e-05,172.31.40.0-255,66,3319,74,99913
23652,4.1e-05,74.125.200.0-255,2902,6221,74,99913
23653,4.4e-05,172.31.40.0-255,66,6287,74,99913
23654,7.2e-05,74.125.200.0-255,5738,12025,74,99913
23655,7.4e-05,172.31.40.0-255,66,12091,74,99913
23656,0.000133,74.125.200.0-255,2902,14993,74,99913
23657,0.000135,172.31.40.0-255,66,15059,74,99913
23658,0.000156,74.125.200.0-255,530,15589,74,99913
23659,0.000159,172.31.40.0-255,66,15655,74,99913
23660,0.000165,74.125.200.0-255,4320,19975,74,99913
23661,0.000168,172.31.40.0-255,66,20041,74,99913
23662,0.00018,172.31.40.0-255,66,20107,74,99913
23663,0.000202,74.125.200.0-255,1484,21591,74,99913
23664,0.000204,172.31.40.0-255,66,21657,74,99913
23665,0.000208,74.125.200.0-255,1125,22782,74,99913
23666,0.000209,172.31.40.0-255,66,22848,74,99913
23667,0.000224,74.125.200.0-255,1484,24332,74,99913
23668,0.000226,172.31.40.0-255,66,24398,74,99913
23669,0.000231,74.125.200.0-255,2902,27300,74,99913
23670,0.000234,172.31.40.0-255,66,27366,74,99913
23671,0.000236,74.125.200.0-255,1484,28850,74,99913
23672,0.000238,172.31.40.0-255,66,28916,74,99913
23673,0.000264,74.125.200.0-255,5738,34654,74,99913
23674,0.000267,172.31.40.0-255,66,34720,74,99913
23675,0.000272,74.125.200.0-255,4320,39040,74,99913
23676,0.000274,172.31.40.0-255,66,39106,74,99913
23677,0.000297,172.31.40.0-255,66,39172,74,99913
23678,0.000302,74.125.200.0-255,4320,43492,74,99913
23679,0.000305,172.31.40.0-255,66,43558,74,99913
23680,0.000351,74.125.200.0-255,2902,46460,74,99913
23681,0.000355,172.31.40.0-255,66,46526,74,99913
23682,0.000369,74.125.200.0-255,2518,49044,74,99913
23683,0.000372,172.31.40.0-255,66,49110,74,99913
23684,0.000836,74.125.200.0-255,109,49219,74,99913
23685,0.001007,172.31.40.0-255,66,49285,74,99913
23686,0.001064,74.125.200.0-255,1484,50769,74,99913
23687,0.001068,74.125.200.0-255,1484,52253,74,99913
23688,0.001071,172.31.40.0-255,66,52319,74,99913
23689,0.001083,74.125.200.0-255,1484,53803,74,99913
23690,0.001099,74.125.200.0-255,4320,58123,74,99913
23691,0.001101,172.31.40.0-255,66,58189,74,99913
23692,0.001117,74.125.200.0-255,2902,61091,74,99913
23693,0.001119,172.31.40.0-255,66,61157,74,99913
23694,0.001133,74.125.200.0-255,2902,64059,74,99913
23695,0.001136,172.31.40.0-255,66,64125,74,99913
23696,0.001139,74.125.200.0-255,1484,65609,74,99913
23697,0.001159,74.125.200.0-255,4320,69929,74,99913
23698,0.001161,172.31.40.0-255,66,69995,74,99913
23699,0.001183,74.125.200.0-255,4320,74315,74,99913
23700,0.001189,172.31.40.0-255,66,74381,74,99913
23701,0.001211,74.125.200.0-255,4320,78701,74,99913
23702,0.001213,172.31.40.0-255,66,78767,74,99913
23703,0.001238,74.125.200.0-255,5020,83787,74,99913
23704,0.001241,172.31.40.0-255,66,83853,74,99913
23705,0.003548,74.125.200.0-255,4320,88173,74,99913
23706,0.003554,172.31.40.0-255,66,88239,74,99913
23707,0.003573,74.125.200.0-255,1484,89723,74,99913
23708,0.00587,74.125.200.0-255,4320,94043,74,99913
23709,0.005876,172.31.40.0-255,66,94109,74,99913
23710,0.00819,74.125.200.0-255,5738,99847,74,99913
23711,0.008197,172.31.40.0-255,66,99913,74,99913
23712,0.0,74.125.130.0-255,146,146,74,333797
23713,2.1e-05,172.31.40.0-255,66,212,74,333797
23714,2.9e-05,74.125.130.0-255,1484,1696,74,333797
23715,3.3e-05,172.31.40.0-255,66,1762,74,333797
23716,4.7e-05,74.125.130.0-255,2902,4664,74,333797
23717,5.1e-05,172.31.40.0-255,66,4730,74,333797
23718,5.4e-05,74.125.130.0-255,1484,6214,74,333797
23719,5.7e-05,172.31.40.0-255,66,6280,74,333797
23720,9.4e-05,74.125.130.0-255,4320,10600,74,333797
23721,9.7e-05,172.31.40.0-255,66,10666,74,333797
23722,0.000101,74.125.130.0-255,1484,12150,74,333797
23723,0.000103,172.31.40.0-255,66,12216,74,333797
23724,0.000108,74.125.130.0-255,2071,14287,74,333797
23725,0.00011,172.31.40.0-255,66,14353,74,333797
23726,0.000199,74.125.130.0-255,1484,15837,74,333797
23727,0.000203,172.31.40.0-255,66,15903,74,333797
23728,0.00023,74.125.130.0-255,2902,18805,74,333797
23729,0.000233,172.31.40.0-255,66,18871,74,333797
23730,0.000237,74.125.130.0-255,2902,21773,74,333797
23731,0.000239,172.31.40.0-255,66,21839,74,333797
23732,0.000242,74.125.130.0-255,1484,23323,74,333797
23733,0.000244,172.31.40.0-255,66,23389,74,333797
23734,0.000273,74.125.130.0-255,2902,26291,74,333797
23735,0.000276,172.31.40.0-255,66,26357,74,333797
23736,0.000282,74.125.130.0-255,5379,31736,74,333797
23737,0.000285,172.31.40.0-255,66,31802,74,333797
23738,0.000508,74.125.130.0-255,1484,33286,74,333797
23739,0.000513,172.31.40.0-255,66,33352,74,333797
23740,0.000561,74.125.130.0-255,2902,36254,74,333797
23741,0.000565,172.31.40.0-255,66,36320,74,333797
23742,0.000571,74.125.130.0-255,4320,40640,74,333797
23743,0.000574,172.31.40.0-255,66,40706,74,333797
23744,0.000603,74.125.130.0-255,1484,42190,74,333797
23745,0.000605,172.31.40.0-255,66,42256,74,333797
23746,0.00061,74.125.130.0-255,2902,45158,74,333797
23747,0.000613,172.31.40.0-255,66,45224,74,333797
23748,0.000641,74.125.130.0-255,3961,49185,74,333797
23749,0.000644,172.31.40.0-255,66,49251,74,333797
23750,0.000671,74.125.130.0-255,4320,53571,74,333797
23751,0.000674,172.31.40.0-255,66,53637,74,333797
23752,0.000679,74.125.130.0-255,2902,56539,74,333797
23753,0.000681,172.31.40.0-255,66,56605,74,333797
23754,0.000704,74.125.130.0-255,1484,58089,74,333797
23755,0.000706,172.31.40.0-255,66,58155,74,333797
23756,0.000714,74.125.130.0-255,5738,63893,74,333797
23757,0.000717,172.31.40.0-255,66,63959,74,333797
23758,0.000742,74.125.130.0-255,2543,66502,74,333797
23759,0.000745,172.31.40.0-255,66,66568,74,333797
23760,0.000769,74.125.130.0-255,645,67213,74,333797
23761,0.000772,172.31.40.0-255,66,67279,74,333797
23762,0.00093,74.125.130.0-255,1484,68763,74,333797
23763,0.000934,172.31.40.0-255,66,68829,74,333797
23764,0.000959,74.125.130.0-255,2902,71731,74,333797
23765,0.000962,172.31.40.0-255,66,71797,74,333797
23766,0.000969,74.125.130.0-255,5738,77535,74,333797
23767,0.000974,74.125.130.0-255,2902,80437,74,333797
23768,0.000981,172.31.40.0-255,66,80503,74,333797
23769,0.001002,74.125.130.0-255,3961,84464,74,333797
23770,0.001008,172.31.40.0-255,66,84530,74,333797
23771,0.001053,74.125.130.0-255,1484,86014,74,333797
23772,0.001062,172.31.40.0-255,66,86080,74,333797
23773,0.001101,172.31.40.0-255,66,86146,74,333797
23774,0.001782,74.125.130.0-255,1484,87630,74,333797
23775,0.001789,172.31.40.0-255,66,87696,74,333797
23776,0.001797,74.125.130.0-255,2902,90598,74,333797
23777,0.0018,172.31.40.0-255,66,90664,74,333797
23778,0.00181,74.125.130.0-255,2902,93566,74,333797
23779,0.001812,172.31.40.0-255,66,93632,74,333797
23780,0.001818,74.125.130.0-255,4320,97952,74,333797
23781,0.00182,172.31.40.0-255,66,98018,74,333797
23782,0.001881,172.31.40.0-255,66,98084,74,333797
23783,0.001886,74.125.130.0-255,4320,102404,74,333797
23784,0.001893,74.125.130.0-255,5738,108142,74,333797
23785,0.001896,74.125.130.0-255,1484,109626,74,333797
23786,0.00192,74.125.130.0-255,2184,111810,74,333797
23787,0.002176,74.125.130.0-255,1484,113294,74,333797
23788,0.002183,74.125.130.0-255,2902,116196,74,333797
23789,0.00221,74.125.130.0-255,2902,119098,74,333797
23790,0.002245,74.125.130.0-255,4320,123418,74,333797
23791,0.002281,74.125.130.0-255,4320,127738,74,333797
23792,0.002292,74.125.130.0-255,1484,129222,74,333797
23793,0.002307,74.125.130.0-255,4320,133542,74,333797
23794,0.002338,74.125.130.0-255,5738,139280,74,333797
23795,0.002365,74.125.130.0-255,1484,140764,74,333797
23796,0.002387,74.125.130.0-255,2902,143666,74,333797
23797,0.002413,74.125.130.0-255,2184,145850,74,333797
23798,0.002444,74.125.130.0-255,2902,148752,74,333797
23799,0.002457,74.125.130.0-255,1484,150236,74,333797
23800,0.002461,74.125.130.0-255,1484,151720,74,333797
23801,0.002471,74.125.130.0-255,1484,153204,74,333797
23802,0.002486,74.125.130.0-255,5738,158942,74,333797
23803,0.002499,74.125.130.0-255,1484,160426,74,333797
23804,0.002543,74.125.130.0-255,1484,161910,74,333797
23805,0.002546,74.125.130.0-255,766,162676,74,333797
23806,0.002655,74.125.130.0-255,1484,164160,74,333797
23807,0.002671,74.125.130.0-255,2902,167062,74,333797
23808,0.002682,74.125.130.0-255,1484,168546,74,333797
23809,0.002701,74.125.130.0-255,4320,172866,74,333797
23810,0.002707,74.125.130.0-255,4320,177186,74,333797
23811,0.002723,74.125.130.0-255,2902,180088,74,333797
23812,0.002726,74.125.130.0-255,1484,181572,74,333797
23813,0.002751,74.125.130.0-255,1484,183056,74,333797
23814,0.002766,74.125.130.0-255,2902,185958,74,333797
23815,0.002769,74.125.130.0-255,1484,187442,74,333797
23816,0.002781,74.125.130.0-255,2184,189626,74,333797
23817,0.003071,74.125.130.0-255,1484,191110,74,333797
23818,0.003086,74.125.130.0-255,2902,194012,74,333797
23819,0.003128,74.125.130.0-255,4320,198332,74,333797
23820,0.003143,74.125.130.0-255,1484,199816,74,333797
23821,0.003153,74.125.130.0-255,1484,201300,74,333797
23822,0.003168,74.125.130.0-255,1484,202784,74,333797
23823,0.003184,74.125.130.0-255,1484,204268,74,333797
23824,0.003211,74.125.130.0-255,4320,208588,74,333797
23825,0.003244,74.125.130.0-255,5738,214326,74,333797
23826,0.003257,74.125.130.0-255,1484,215810,74,333797
23827,0.003282,74.125.130.0-255,2902,218712,74,333797
23828,0.003321,74.125.130.0-255,5020,223732,74,333797
23829,0.003463,74.125.130.0-255,1484,225216,74,333797
23830,0.003484,74.125.130.0-255,1484,226700,74,333797
23831,0.003508,74.125.130.0-255,4320,231020,74,333797
23832,0.003532,74.125.130.0-255,5738,236758,74,333797
23833,0.003609,74.125.130.0-255,4320,241078,74,333797
23834,0.003631,74.125.130.0-255,4320,245398,74,333797
23835,0.003634,74.125.130.0-255,1484,246882,74,333797
23836,0.00364,74.125.130.0-255,3602,250484,74,333797
23837,0.003753,74.125.130.0-255,1484,251968,74,333797
23838,0.003808,74.125.130.0-255,2902,254870,74,333797
23839,0.003811,74.125.130.0-255,1484,256354,74,333797
23840,0.003817,172.31.40.0-255,66,256420,74,333797
23841,0.003824,172.31.40.0-255,66,256486,74,333797
23842,0.003833,74.125.130.0-255,2902,259388,74,333797
23843,0.00385,74.125.130.0-255,4320,263708,74,333797
23844,0.003876,74.125.130.0-255,4320,268028,74,333797
23845,0.003882,74.125.130.0-255,5738,273766,74,333797
23846,0.003898,74.125.130.0-255,3602,277368,74,333797
23847,0.003932,172.31.40.0-255,66,277434,74,333797
23848,0.003986,74.125.130.0-255,1484,278918,74,333797
23849,0.004022,74.125.130.0-255,2902,281820,74,333797
23850,0.004039,172.31.40.0-255,66,281886,74,333797
23851,0.004052,74.125.130.0-255,4320,286206,74,333797
23852,0.00407,74.125.130.0-255,1484,287690,74,333797
23853,0.004084,74.125.130.0-255,4320,292010,74,333797
23854,0.00411,74.125.130.0-255,4320,296330,74,333797
23855,0.004112,172.31.40.0-255,66,296396,74,333797
23856,0.004121,172.31.40.0-255,66,296462,74,333797
23857,0.004129,74.125.130.0-255,2902,299364,74,333797
23858,0.004131,74.125.130.0-255,1484,300848,74,333797
23859,0.004148,74.125.130.0-255,2902,303750,74,333797
23860,0.004175,74.125.130.0-255,5738,309488,74,333797
23861,0.004183,172.31.40.0-255,66,309554,74,333797
23862,0.004228,74.125.130.0-255,2902,312456,74,333797
23863,0.004246,74.125.130.0-255,3602,316058,74,333797
23864,0.004255,172.31.40.0-255,66,316124,74,333797
23865,0.004265,74.125.130.0-255,4320,320444,74,333797
23866,0.004271,172.31.40.0-255,66,320510,74,333797
23867,0.00429,74.125.130.0-255,2902,323412,74,333797
23868,0.004298,74.125.130.0-255,2902,326314,74,333797
23869,0.004301,74.125.130.0-255,1484,327798,74,333797
23870,0.004317,74.125.130.0-255,2902,330700,74,333797
23871,0.004325,172.31.40.0-255,66,330766,74,333797
23872,0.004337,74.125.130.0-255,1484,332250,74,333797
23873,0.004376,74.125.130.0-255,1139,333389,74,333797
23874,0.004396,172.31.40.0-255,66,333455,74,333797
23875,0.004456,74.125.130.0-255,105,333560,74,333797
23876,0.006449,172.31.40.0-255,66,333626,74,333797
23877,0.006487,172.31.40.0-255,105,333731,74,333797
23878,0.008972,74.125.130.0-255,66,333797,74,333797
23879,0.0,172.217.194.0-255,155,155,74,76806
23880,2.2e-05,172.31.40.0-255,66,221,74,76806
23881,2.8e-05,172.217.194.0-255,1484,1705,74,76806
23882,3.2e-05,172.31.40.0-255,66,1771,74,76806
23883,3.8e-05,172.217.194.0-255,2902,4673,74,76806
23884,4.1e-05,172.31.40.0-255,66,4739,74,76806
23885,6.9e-05,172.217.194.0-255,4320,9059,74,76806
23886,7.2e-05,172.31.40.0-255,66,9125,74,76806
23887,0.000145,172.217.194.0-255,2902,12027,74,76806
23888,0.000148,172.31.40.0-255,66,12093,74,76806
23889,0.00016,172.217.194.0-255,2099,14192,74,76806
23890,0.000162,172.31.40.0-255,66,14258,74,76806
23891,0.000243,172.217.194.0-255,5738,19996,74,76806
23892,0.000247,172.31.40.0-255,66,20062,74,76806
23893,0.00027,172.217.194.0-255,5738,25800,74,76806
23894,0.000272,172.31.40.0-255,66,25866,74,76806
23895,0.000438,172.217.194.0-255,5379,31245,74,76806
23896,0.000444,172.31.40.0-255,66,31311,74,76806
23897,0.00053,172.217.194.0-255,4320,35631,74,76806
23898,0.000536,172.31.40.0-255,66,35697,74,76806
23899,0.000569,172.217.194.0-255,1484,37181,74,76806
23900,0.000572,172.31.40.0-255,66,37247,74,76806
23901,0.000619,172.217.194.0-255,1484,38731,74,76806
23902,0.000625,172.31.40.0-255,66,38797,74,76806
23903,0.000655,172.31.40.0-255,66,38863,74,76806
23904,0.00081,172.31.40.0-255,66,38929,74,76806
23905,0.000841,172.31.40.0-255,66,38995,74,76806
23906,0.00109,172.217.194.0-255,645,39640,74,76806
23907,0.001097,172.31.40.0-255,66,39706,74,76806
23908,0.001114,172.217.194.0-255,1484,41190,74,76806
23909,0.001145,172.217.194.0-255,4320,45510,74,76806
23910,0.001169,172.31.40.0-255,66,45576,74,76806
23911,0.00123,172.217.194.0-255,1484,47060,74,76806
23912,0.00124,172.31.40.0-255,66,47126,74,76806
23913,0.001384,172.217.194.0-255,4320,51446,74,76806
23914,0.001389,172.31.40.0-255,66,51512,74,76806
23915,0.001438,172.31.40.0-255,66,51578,74,76806
23916,0.00175,172.217.194.0-255,4320,55898,74,76806
23917,0.001754,172.31.40.0-255,66,55964,74,76806
23918,0.001817,172.31.40.0-255,66,56030,74,76806
23919,0.002288,172.31.40.0-255,66,56096,74,76806
23920,0.002329,172.31.40.0-255,66,56162,74,76806
23921,0.002416,172.31.40.0-255,66,56228,74,76806
23922,0.003208,172.217.194.0-255,4320,60548,74,76806
23923,0.003212,172.31.40.0-255,66,60614,74,76806
23924,0.003263,172.31.40.0-255,66,60680,74,76806
23925,0.003326,172.31.40.0-255,66,60746,74,76806
23926,0.004218,172.31.40.0-255,66,60812,74,76806
23927,0.004305,172.31.40.0-255,66,60878,74,76806
23928,0.005219,172.217.194.0-255,5738,66616,74,76806
23929,0.005227,172.31.40.0-255,66,66682,74,76806
23930,0.005283,172.217.194.0-255,1484,68166,74,76806
23931,0.006312,172.217.194.0-255,5738,73904,74,76806
23932,0.00634,172.217.194.0-255,2902,76806,74,76806
23933,0.0,74.125.68.0-255,153,153,74,83141
23934,2.3e-05,172.31.40.0-255,66,219,74,83141
23935,3e-05,74.125.68.0-255,1484,1703,74,83141
23936,3.4e-05,172.31.40.0-255,66,1769,74,83141
23937,4e-05,74.125.68.0-255,2902,4671,74,83141
23938,4.3e-05,172.31.40.0-255,66,4737,74,83141
23939,4.9e-05,74.125.68.0-255,4320,9057,74,83141
23940,5.2e-05,172.31.40.0-255,66,9123,74,83141
23941,8.7e-05,172.31.40.0-255,66,9189,74,83141
23942,9.3e-05,74.125.68.0-255,4320,13509,74,83141
23943,9.6e-05,172.31.40.0-255,66,13575,74,83141
23944,0.000162,74.125.68.0-255,5738,19313,74,83141
23945,0.000165,172.31.40.0-255,66,19379,74,83141
23946,0.000183,74.125.68.0-255,2543,21922,74,83141
23947,0.000185,172.31.40.0-255,66,21988,74,83141
23948,0.001136,74.125.68.0-255,1484,23472,74,83141
23949,0.001144,172.31.40.0-255,66,23538,74,83141
23950,0.001152,74.125.68.0-255,1484,25022,74,83141
23951,0.001154,172.31.40.0-255,66,25088,74,83141
23952,0.00116,74.125.68.0-255,2902,27990,74,83141
23953,0.001162,172.31.40.0-255,66,28056,74,83141
23954,0.001191,74.125.68.0-255,5738,33794,74,83141
23955,0.001194,172.31.40.0-255,66,33860,74,83141
23956,0.001201,74.125.68.0-255,5379,39239,74,83141
23957,0.001203,172.31.40.0-255,66,39305,74,83141
23958,0.001221,74.125.68.0-255,4320,43625,74,83141
23959,0.001225,172.31.40.0-255,66,43691,74,83141
23960,0.00124,74.125.68.0-255,1484,45175,74,83141
23961,0.001242,172.31.40.0-255,66,45241,74,83141
23962,0.001264,172.31.40.0-255,66,45307,74,83141
23963,0.001283,74.125.68.0-255,2818,48125,74,83141
23964,0.001286,172.31.40.0-255,66,48191,74,83141
23965,0.001308,74.125.68.0-255,382,48573,74,83141
23966,0.0014,74.125.68.0-255,1484,50057,74,83141
23967,0.001404,172.31.40.0-255,66,50123,74,83141
23968,0.001427,74.125.68.0-255,2902,53025,74,83141
23969,0.001429,172.31.40.0-255,66,53091,74,83141
23970,0.001435,74.125.68.0-255,5738,58829,74,83141
23971,0.001437,172.31.40.0-255,66,58895,74,83141
23972,0.001464,74.125.68.0-255,2902,61797,74,83141
23973,0.001467,172.31.40.0-255,66,61863,74,83141
23974,0.001487,172.31.40.0-255,66,61929,74,83141
23975,0.00149,74.125.68.0-255,1484,63413,74,83141
23976,0.001517,172.31.40.0-255,66,63479,74,83141
23977,0.001521,74.125.68.0-255,2184,65663,74,83141
23978,0.001523,172.31.40.0-255,66,65729,74,83141
23979,0.004002,74.125.68.0-255,5738,71467,74,83141
23980,0.004009,172.31.40.0-255,66,71533,74,83141
23981,0.006498,74.125.68.0-255,5738,77271,74,83141
23982,0.006504,172.31.40.0-255,66,77337,74,83141
23983,0.009011,74.125.68.0-255,5738,83075,74,83141
23984,0.009019,172.31.40.0-255,66,83141,74,83141
23985,0.0,74.125.24.0-255,152,152,74,165410
23986,3.6e-05,172.31.40.0-255,66,218,74,165410
23987,4.3e-05,74.125.24.0-255,1484,1702,74,165410
23988,4.7e-05,172.31.40.0-255,66,1768,74,165410
23989,5.3e-05,74.125.24.0-255,2902,4670,74,165410
23990,5.6e-05,172.31.40.0-255,66,4736,74,165410
23991,7.3e-05,172.31.40.0-255,66,4802,74,165410
23992,7.7e-05,74.125.24.0-255,2029,6831,74,165410
23993,8e-05,172.31.40.0-255,66,6897,74,165410
23994,0.000143,74.125.24.0-255,1484,8381,74,165410
23995,0.000146,172.31.40.0-255,66,8447,74,165410
23996,0.00015,74.125.24.0-255,1484,9931,74,165410
23997,0.000152,172.31.40.0-255,66,9997,74,165410
23998,0.000178,74.125.24.0-255,1484,11481,74,165410
23999,0.00018,172.31.40.0-255,66,11547,74,165410
24000,0.000186,74.125.24.0-255,5738,17285,74,165410
24001,0.000193,172.31.40.0-255,66,17351,74,165410
24002,0.000224,74.125.24.0-255,2902,20253,74,165410
24003,0.000227,172.31.40.0-255,66,20319,74,165410
24004,0.000255,74.125.24.0-255,3961,24280,74,165410
24005,0.000265,74.125.24.0-255,1484,25764,74,165410
24006,0.00027,172.31.40.0-255,66,25830,74,165410
24007,0.000273,172.31.40.0-255,66,25896,74,165410
24008,0.000275,172.31.40.0-255,66,25962,74,165410
24009,0.000307,172.31.40.0-255,66,26028,74,165410
24010,0.000312,74.125.24.0-255,4320,30348,74,165410
24011,0.000315,172.31.40.0-255,66,30414,74,165410
24012,0.000348,74.125.24.0-255,5738,36152,74,165410
24013,0.000351,172.31.40.0-255,66,36218,74,165410
24014,0.000387,74.125.24.0-255,4320,40538,74,165410
24015,0.00039,172.31.40.0-255,66,40604,74,165410
24016,0.000415,74.125.24.0-255,3132,43736,74,165410
24017,0.000418,172.31.40.0-255,66,43802,74,165410
24018,0.000448,74.125.24.0-255,1484,45286,74,165410
24019,0.000454,74.125.24.0-255,2902,48188,74,165410
24020,0.000457,172.31.40.0-255,66,48254,74,165410
24021,0.000495,74.125.24.0-255,1484,49738,74,165410
24022,0.000514,74.125.24.0-255,4320,54058,74,165410
24023,0.000517,172.31.40.0-255,66,54124,74,165410
24024,0.000536,172.31.40.0-255,66,54190,74,165410
24025,0.000547,172.31.40.0-255,66,54256,74,165410
24026,0.000681,74.125.24.0-255,1484,55740,74,165410
24027,0.000687,74.125.24.0-255,2902,58642,74,165410
24028,0.00069,172.31.40.0-255,66,58708,74,165410
24029,0.000695,74.125.24.0-255,2902,61610,74,165410
24030,0.000697,172.31.40.0-255,66,61676,74,165410
24031,0.000733,74.125.24.0-255,2902,64578,74,165410
24032,0.000735,172.31.40.0-255,66,64644,74,165410
24033,0.000741,74.125.24.0-255,4320,68964,74,165410
24034,0.000743,172.31.40.0-255,66,69030,74,165410
24035,0.000757,172.31.40.0-255,66,69096,74,165410
24036,0.000781,74.125.24.0-255,2902,71998,74,165410
24037,0.000784,172.31.40.0-255,66,72064,74,165410
24038,0.000794,172.31.40.0-255,66,72130,74,165410
24039,0.000825,172.31.40.0-255,66,72196,74,165410
24040,0.000831,74.125.24.0-255,5738,77934,74,165410
24041,0.000834,172.31.40.0-255,66,78000,74,165410
24042,0.000879,172.31.40.0-255,66,78066,74,165410
24043,0.000884,74.125.24.0-255,3602,81668,74,165410
24044,0.000886,172.31.40.0-255,66,81734,74,165410
24045,0.001032,74.125.24.0-255,1484,83218,74,165410
24046,0.001039,74.125.24.0-255,2902,86120,74,165410
24047,0.001043,172.31.40.0-255,66,86186,74,165410
24048,0.001046,74.125.24.0-255,1484,87670,74,165410
24049,0.001071,74.125.24.0-255,4320,91990,74,165410
24050,0.001074,172.31.40.0-255,66,92056,74,165410
24051,0.001093,74.125.24.0-255,5738,97794,74,165410
24052,0.001095,172.31.40.0-255,66,97860,74,165410
24053,0.00113,172.31.40.0-255,66,97926,74,165410
24054,0.001142,172.31.40.0-255,66,97992,74,165410
24055,0.001191,74.125.24.0-255,1484,99476,74,165410
24056,0.001196,74.125.24.0-255,2902,102378,74,165410
24057,0.001198,172.31.40.0-255,66,102444,74,165410
24058,0.00123,74.125.24.0-255,5738,108182,74,165410
24059,0.001233,172.31.40.0-255,66,108248,74,165410
24060,0.001244,172.31.40.0-255,66,108314,74,165410
24061,0.001281,74.125.24.0-255,1484,109798,74,165410
24062,0.001309,172.31.40.0-255,66,109864,74,165410
24063,0.001355,74.125.24.0-255,1484,111348,74,165410
24064,0.001368,74.125.24.0-255,2902,114250,74,165410
24065,0.001371,172.31.40.0-255,66,114316,74,165410
24066,0.001376,74.125.24.0-255,4320,118636,74,165410
24067,0.001379,172.31.40.0-255,66,118702,74,165410
24068,0.001405,74.125.24.0-255,1484,120186,74,165410
24069,0.001462,172.31.40.0-255,66,120252,74,165410
24070,0.001481,74.125.24.0-255,1484,121736,74,165410
24071,0.001493,172.31.40.0-255,66,121802,74,165410
24072,0.001549,74.125.24.0-255,1484,123286,74,165410
24073,0.001553,74.125.24.0-255,1484,124770,74,165410
24074,0.001556,172.31.40.0-255,66,124836,74,165410
24075,0.001581,74.125.24.0-255,1484,126320,74,165410
24076,0.001588,74.125.24.0-255,5738,132058,74,165410
24077,0.001591,172.31.40.0-255,66,132124,74,165410
24078,0.0016,172.31.40.0-255,66,132190,74,165410
24079,0.001649,74.125.24.0-255,1484,133674,74,165410
24080,0.001653,74.125.24.0-255,2184,135858,74,165410
24081,0.001663,172.31.40.0-255,66,135924,74,165410
24082,0.001716,74.125.24.0-255,1484,137408,74,165410
24083,0.001733,74.125.24.0-255,2902,140310,74,165410
24084,0.001741,172.31.40.0-255,66,140376,74,165410
24085,0.001769,74.125.24.0-255,5738,146114,74,165410
24086,0.001775,172.31.40.0-255,66,146180,74,165410
24087,0.0018,74.125.24.0-255,5738,151918,74,165410
24088,0.001817,74.125.24.0-255,2902,154820,74,165410
24089,0.001822,172.31.40.0-255,66,154886,74,165410
24090,0.001847,74.125.24.0-255,4320,159206,74,165410
24091,0.001851,172.31.40.0-255,66,159272,74,165410
24092,0.001895,74.125.24.0-255,5738,165010,74,165410
24093,0.0019,172.31.40.0-255,66,165076,74,165410
24094,0.001954,172.31.40.0-255,66,165142,74,165410
24095,0.002007,74.125.24.0-255,97,165239,74,165410
24096,0.002009,74.125.24.0-255,105,165344,74,165410
24097,0.00203,172.31.40.0-255,66,165410,74,165410
24098,0.0,74.125.68.0-255,153,153,74,203680
24099,1.5e-05,172.31.40.0-255,66,219,74,203680
24100,5.1e-05,74.125.68.0-255,1484,1703,74,203680
24101,5.5e-05,172.31.40.0-255,66,1769,74,203680
24102,7.5e-05,74.125.68.0-255,2902,4671,74,203680
24103,8e-05,172.31.40.0-255,66,4737,74,203680
24104,0.000109,74.125.68.0-255,2902,7639,74,203680
24105,0.000111,172.31.40.0-255,66,7705,74,203680
24106,0.00014,74.125.68.0-255,4320,12025,74,203680
24107,0.000143,172.31.40.0-255,66,12091,74,203680
24108,0.000172,74.125.68.0-255,2068,14159,74,203680
24109,0.000175,172.31.40.0-255,66,14225,74,203680
24110,0.000342,74.125.68.0-255,1484,15709,74,203680
24111,0.000346,172.31.40.0-255,66,15775,74,203680
24112,0.000351,74.125.68.0-255,1484,17259,74,203680
24113,0.000353,172.31.40.0-255,66,17325,74,203680
24114,0.000387,74.125.68.0-255,2902,20227,74,203680
24115,0.00039,172.31.40.0-255,66,20293,74,203680
24116,0.000396,74.125.68.0-255,5738,26031,74,203680
24117,0.000399,172.31.40.0-255,66,26097,74,203680
24118,0.000402,74.125.68.0-255,1484,27581,74,203680
24119,0.000408,172.31.40.0-255,66,27647,74,203680
24120,0.00044,74.125.68.0-255,3961,31608,74,203680
24121,0.000443,172.31.40.0-255,66,31674,74,203680
24122,0.000451,74.125.68.0-255,5738,37412,74,203680
24123,0.000454,172.31.40.0-255,66,37478,74,203680
24124,0.000463,74.125.68.0-255,2902,40380,74,203680
24125,0.000465,172.31.40.0-255,66,40446,74,203680
24126,0.000499,74.125.68.0-255,5738,46184,74,203680
24127,0.000502,172.31.40.0-255,66,46250,74,203680
24128,0.000518,172.31.40.0-255,66,46316,74,203680
24129,0.000546,74.125.68.0-255,1060,47376,74,203680
24130,0.00056,172.31.40.0-255,66,47442,74,203680
24131,0.000589,74.125.68.0-255,382,47824,74,203680
24132,0.000678,74.125.68.0-255,1484,49308,74,203680
24133,0.000694,74.125.68.0-255,2902,52210,74,203680
24134,0.0007,172.31.40.0-255,66,52276,74,203680
24135,0.000713,74.125.68.0-255,4320,56596,74,203680
24136,0.000738,74.125.68.0-255,5738,62334,74,203680
24137,0.000744,172.31.40.0-255,66,62400,74,203680
24138,0.000784,74.125.68.0-255,2902,65302,74,203680
24139,0.000802,74.125.68.0-255,1484,66786,74,203680
24140,0.000807,172.31.40.0-255,66,66852,74,203680
24141,0.000821,74.125.68.0-255,3602,70454,74,203680
24142,0.000848,172.31.40.0-255,66,70520,74,203680
24143,0.000859,74.125.68.0-255,4320,74840,74,203680
24144,0.000861,74.125.68.0-255,1484,76324,74,203680
24145,0.000879,74.125.68.0-255,1484,77808,74,203680
24146,0.000884,74.125.68.0-255,4320,82128,74,203680
24147,0.000887,172.31.40.0-255,66,82194,74,203680
24148,0.000964,172.31.40.0-255,66,82260,74,203680
24149,0.000976,74.125.68.0-255,5738,87998,74,203680
24150,0.000991,74.125.68.0-255,766,88764,74,203680
24151,0.001004,172.31.40.0-255,66,88830,74,203680
24152,0.001021,74.125.68.0-255,4320,93150,74,203680
24153,0.001038,172.31.40.0-255,66,93216,74,203680
24154,0.001057,74.125.68.0-255,2902,96118,74,203680
24155,0.001068,74.125.68.0-255,1484,97602,74,203680
24156,0.001078,172.31.40.0-255,66,97668,74,203680
24157,0.001108,172.31.40.0-255,66,97734,74,203680
24158,0.001153,172.31.40.0-255,66,97800,74,203680
24159,0.001194,74.125.68.0-255,1484,99284,74,203680
24160,0.001221,74.125.68.0-255,2902,102186,74,203680
24161,0.001239,74.125.68.0-255,4320,106506,74,203680
24162,0.001252,172.31.40.0-255,66,106572,74,203680
24163,0.001271,74.125.68.0-255,5738,112310,74,203680
24164,0.001277,74.125.68.0-255,2902,115212,74,203680
24165,0.001291,74.125.68.0-255,2902,118114,74,203680
24166,0.001297,74.125.68.0-255,5738,123852,74,203680
24167,0.00131,74.125.68.0-255,1484,125336,74,203680
24168,0.001316,172.31.40.0-255,66,125402,74,203680
24169,0.001326,74.125.68.0-255,4320,129722,74,203680
24170,0.001332,172.31.40.0-255,66,129788,74,203680
24171,0.001354,74.125.68.0-255,2184,131972,74,203680
24172,0.001373,172.31.40.0-255,66,132038,74,203680
24173,0.00167,74.125.68.0-255,1484,133522,74,203680
24174,0.001687,74.125.68.0-255,2902,136424,74,203680
24175,0.001704,74.125.68.0-255,1484,137908,74,203680
24176,0.00171,172.31.40.0-255,66,137974,74,203680
24177,0.001719,74.125.68.0-255,2902,140876,74,203680
24178,0.001724,172.31.40.0-255,66,140942,74,203680
24179,0.001769,74.125.68.0-255,5738,146680,74,203680
24180,0.001773,74.125.68.0-255,1484,148164,74,203680
24181,0.001784,172.31.40.0-255,66,148230,74,203680
24182,0.001808,172.31.40.0-255,66,148296,74,203680
24183,0.001815,74.125.68.0-255,1484,149780,74,203680
24184,0.00182,74.125.68.0-255,2902,152682,74,203680
24185,0.001827,74.125.68.0-255,1484,154166,74,203680
24186,0.00184,74.125.68.0-255,2902,157068,74,203680
24187,0.001857,74.125.68.0-255,2184,159252,74,203680
24188,0.001862,172.31.40.0-255,66,159318,74,203680
24189,0.002328,74.125.68.0-255,1484,160802,74,203680
24190,0.002351,74.125.68.0-255,2902,163704,74,203680
24191,0.002355,74.125.68.0-255,1484,165188,74,203680
24192,0.002368,74.125.68.0-255,1484,166672,74,203680
24193,0.002374,74.125.68.0-255,4320,170992,74,203680
24194,0.002401,74.125.68.0-255,2902,173894,74,203680
24195,0.002427,74.125.68.0-255,5738,179632,74,203680
24196,0.00243,74.125.68.0-255,1484,181116,74,203680
24197,0.002458,74.125.68.0-255,5738,186854,74,203680
24198,0.002478,74.125.68.0-255,5738,192592,74,203680
24199,0.002481,74.125.68.0-255,766,193358,74,203680
24200,0.002612,74.125.68.0-255,1484,194842,74,203680
24201,0.002617,74.125.68.0-255,1484,196326,74,203680
24202,0.002633,74.125.68.0-255,1484,197810,74,203680
24203,0.006904,172.31.40.0-255,66,197876,74,203680
24204,0.009503,74.125.68.0-255,5738,203614,74,203680
24205,0.00951,172.31.40.0-255,66,203680,74,203680
24206,0.0,74.125.24.0-255,150,150,74,165755
24207,2.2e-05,172.31.40.0-255,66,216,74,165755
24208,2.9e-05,74.125.24.0-255,1484,1700,74,165755
24209,3.4e-05,172.31.40.0-255,66,1766,74,165755
24210,4e-05,74.125.24.0-255,2902,4668,74,165755
24211,4.3e-05,172.31.40.0-255,66,4734,74,165755
24212,5.4e-05,172.31.40.0-255,66,4800,74,165755
24213,8.5e-05,74.125.24.0-255,2029,6829,74,165755
24214,8.8e-05,172.31.40.0-255,66,6895,74,165755
24215,0.000144,74.125.24.0-255,1484,8379,74,165755
24216,0.000147,172.31.40.0-255,66,8445,74,165755
24217,0.000152,74.125.24.0-255,2902,11347,74,165755
24218,0.000154,172.31.40.0-255,66,11413,74,165755
24219,0.000158,74.125.24.0-255,1484,12897,74,165755
24220,0.00016,172.31.40.0-255,66,12963,74,165755
24221,0.000186,74.125.24.0-255,4320,17283,74,165755
24222,0.000189,172.31.40.0-255,66,17349,74,165755
24223,0.000198,172.31.40.0-255,66,17415,74,165755
24224,0.000345,74.125.24.0-255,1484,18899,74,165755
24225,0.000349,172.31.40.0-255,66,18965,74,165755
24226,0.000356,74.125.24.0-255,2902,21867,74,165755
24227,0.000359,172.31.40.0-255,66,21933,74,165755
24228,0.000365,74.125.24.0-255,5738,27671,74,165755
24229,0.000367,172.31.40.0-255,66,27737,74,165755
24230,0.000395,172.31.40.0-255,66,27803,74,165755
24231,0.000401,74.125.24.0-255,5738,33541,74,165755
24232,0.000403,172.31.40.0-255,66,33607,74,165755
24233,0.000414,74.125.24.0-255,1484,35091,74,165755
24234,0.000417,172.31.40.0-255,66,35157,74,165755
24235,0.000432,74.125.24.0-255,4320,39477,74,165755
24236,0.000434,172.31.40.0-255,66,39543,74,165755
24237,0.000458,74.125.24.0-255,5379,44922,74,165755
24238,0.000461,172.31.40.0-255,66,44988,74,165755
24239,0.000463,74.125.24.0-255,403,45391,74,165755
24240,0.000506,74.125.24.0-255,341,45732,74,165755
24241,0.00087,74.125.24.0-255,1484,47216,74,165755
24242,0.000876,172.31.40.0-255,66,47282,74,165755
24243,0.00089,74.125.24.0-255,2902,50184,74,165755
24244,0.000893,172.31.40.0-255,66,50250,74,165755
24245,0.0009,74.125.24.0-255,5738,55988,74,165755
24246,0.000903,172.31.40.0-255,66,56054,74,165755
24247,0.000937,172.31.40.0-255,66,56120,74,165755
24248,0.000963,172.31.40.0-255,66,56186,74,165755
24249,0.000983,74.125.24.0-255,2184,58370,74,165755
24250,0.000986,172.31.40.0-255,66,58436,74,165755
24251,0.001089,74.125.24.0-255,1484,59920,74,165755
24252,0.001095,74.125.24.0-255,2902,62822,74,165755
24253,0.001098,172.31.40.0-255,66,62888,74,165755
24254,0.001121,74.125.24.0-255,5738,68626,74,165755
24255,0.001123,172.31.40.0-255,66,68692,74,165755
24256,0.001146,172.31.40.0-255,66,68758,74,165755
24257,0.001163,74.125.24.0-255,2902,71660,74,165755
24258,0.001165,172.31.40.0-255,66,71726,74,165755
24259,0.001176,172.31.40.0-255,66,71792,74,165755
24260,0.001197,74.125.24.0-255,2184,73976,74,165755
24261,0.001201,74.125.24.0-255,2902,76878,74,165755
24262,0.001204,172.31.40.0-255,66,76944,74,165755
24263,0.001207,172.31.40.0-255,66,77010,74,165755
24264,0.001216,74.125.24.0-255,1484,78494,74,165755
24265,0.001235,74.125.24.0-255,5738,84232,74,165755
24266,0.001238,172.31.40.0-255,66,84298,74,165755
24267,0.001265,172.31.40.0-255,66,84364,74,165755
24268,0.001297,172.31.40.0-255,66,84430,74,165755
24269,0.001309,172.31.40.0-255,66,84496,74,165755
24270,0.001353,172.31.40.0-255,66,84562,74,165755
24271,0.001359,74.125.24.0-255,5738,90300,74,165755
24272,0.001362,172.31.40.0-255,66,90366,74,165755
24273,0.001426,172.31.40.0-255,66,90432,74,165755
24274,0.001431,74.125.24.0-255,3602,94034,74,165755
24275,0.001433,172.31.40.0-255,66,94100,74,165755
24276,0.001462,74.125.24.0-255,4320,98420,74,165755
24277,0.001465,172.31.40.0-255,66,98486,74,165755
24278,0.001488,172.31.40.0-255,66,98552,74,165755
24279,0.001497,172.31.40.0-255,66,98618,74,165755
24280,0.001528,172.31.40.0-255,66,98684,74,165755
24281,0.001533,74.125.24.0-255,3602,102286,74,165755
24282,0.001535,172.31.40.0-255,66,102352,74,165755
24283,0.001599,74.125.24.0-255,1484,103836,74,165755
24284,0.001603,74.125.24.0-255,1484,105320,74,165755
24285,0.001606,172.31.40.0-255,66,105386,74,165755
24286,0.001629,74.125.24.0-255,1484,106870,74,165755
24287,0.001635,74.125.24.0-255,5738,112608,74,165755
24288,0.001637,172.31.40.0-255,66,112674,74,165755
24289,0.001683,172.31.40.0-255,66,112740,74,165755
24290,0.001693,172.31.40.0-255,66,112806,74,165755
24291,0.001717,74.125.24.0-255,3602,116408,74,165755
24292,0.001719,172.31.40.0-255,66,116474,74,165755
24293,0.001746,74.125.24.0-255,2902,119376,74,165755
24294,0.001749,172.31.40.0-255,66,119442,74,165755
24295,0.001771,74.125.24.0-255,1484,120926,74,165755
24296,0.001782,172.31.40.0-255,66,120992,74,165755
24297,0.001792,172.31.40.0-255,66,121058,74,165755
24298,0.001808,74.125.24.0-255,1484,122542,74,165755
24299,0.001819,74.125.24.0-255,1484,124026,74,165755
24300,0.001822,172.31.40.0-255,66,124092,74,165755
24301,0.001856,172.31.40.0-255,66,124158,74,165755
24302,0.00189,172.31.40.0-255,66,124224,74,165755
24303,0.001926,172.31.40.0-255,66,124290,74,165755
24304,0.00193,74.125.24.0-255,3602,127892,74,165755
24305,0.001932,172.31.40.0-255,66,127958,74,165755
24306,0.001979,74.125.24.0-255,1484,129442,74,165755
24307,0.001983,74.125.24.0-255,1484,130926,74,165755
24308,0.001985,172.31.40.0-255,66,130992,74,165755
24309,0.002,74.125.24.0-255,1484,132476,74,165755
24310,0.002013,74.125.24.0-255,1484,133960,74,165755
24311,0.002015,172.31.40.0-255,66,134026,74,165755
24312,0.002038,74.125.24.0-255,4320,138346,74,165755
24313,0.00204,172.31.40.0-255,66,138412,74,165755
24314,0.002045,74.125.24.0-255,2902,141314,74,165755
24315,0.002046,172.31.40.0-255,66,141380,74,165755
24316,0.002091,172.31.40.0-255,66,141446,74,165755
24317,0.002102,172.31.40.0-255,66,141512,74,165755
24318,0.002104,74.125.24.0-255,766,142278,74,165755
24319,0.002192,74.125.24.0-255,1484,143762,74,165755
24320,0.002196,172.31.40.0-255,66,143828,74,165755
24321,0.0022,74.125.24.0-255,2902,146730,74,165755
24322,0.002202,172.31.40.0-255,66,146796,74,165755
24323,0.002223,74.125.24.0-255,5738,152534,74,165755
24324,0.002226,172.31.40.0-255,66,152600,74,165755
24325,0.002231,74.125.24.0-255,4320,156920,74,165755
24326,0.002233,172.31.40.0-255,66,156986,74,165755
24327,0.002277,74.125.24.0-255,5738,162724,74,165755
24328,0.00228,172.31.40.0-255,66,162790,74,165755
24329,0.002303,74.125.24.0-255,2794,165584,74,165755
24330,0.002306,172.31.40.0-255,66,165650,74,165755
24331,0.004539,74.125.24.0-255,105,165755,74,165755
24332,0.0,74.125.68.0-255,146,146,74,148280
24333,2.5e-05,172.31.40.0-255,66,212,74,148280
24334,3.1e-05,74.125.68.0-255,1484,1696,74,148280
24335,3.6e-05,172.31.40.0-255,66,1762,74,148280
24336,4.2e-05,74.125.68.0-255,2902,4664,74,148280
24337,4.5e-05,172.31.40.0-255,66,4730,74,148280
24338,5.7e-05,172.31.40.0-255,66,4796,74,148280
24339,6.1e-05,74.125.68.0-255,2002,6798,74,148280
24340,6.3e-05,172.31.40.0-255,66,6864,74,148280
24341,0.000116,74.125.68.0-255,1484,8348,74,148280
24342,0.00012,172.31.40.0-255,66,8414,74,148280
24343,0.000125,74.125.68.0-255,2902,11316,74,148280
24344,0.000127,172.31.40.0-255,66,11382,74,148280
24345,0.000143,74.125.68.0-255,4320,15702,74,148280
24346,0.000146,172.31.40.0-255,66,15768,74,148280
24347,0.000158,74.125.68.0-255,1484,17252,74,148280
24348,0.00016,172.31.40.0-255,66,17318,74,148280
24349,0.000166,74.125.68.0-255,4320,21638,74,148280
24350,0.000169,172.31.40.0-255,66,21704,74,148280
24351,0.000192,74.125.68.0-255,2543,24247,74,148280
24352,0.000195,172.31.40.0-255,66,24313,74,148280
24353,0.000249,74.125.68.0-255,1484,25797,74,148280
24354,0.000252,172.31.40.0-255,66,25863,74,148280
24355,0.000256,74.125.68.0-255,1484,27347,74,148280
24356,0.000257,172.31.40.0-255,66,27413,74,148280
24357,0.000272,74.125.68.0-255,2902,30315,74,148280
24358,0.000275,172.31.40.0-255,66,30381,74,148280
24359,0.000278,74.125.68.0-255,1484,31865,74,148280
24360,0.00028,172.31.40.0-255,66,31931,74,148280
24361,0.000295,74.125.68.0-255,4320,36251,74,148280
24362,0.000297,172.31.40.0-255,66,36317,74,148280
24363,0.000328,172.31.40.0-255,66,36383,74,148280
24364,0.000356,74.125.68.0-255,5738,42121,74,148280
24365,0.000359,172.31.40.0-255,66,42187,74,148280
24366,0.000378,74.125.68.0-255,1484,43671,74,148280
24367,0.000389,172.31.40.0-255,66,43737,74,148280
24368,0.000392,74.125.68.0-255,396,44133,74,148280
24369,0.000474,74.125.68.0-255,111,44244,74,148280
24370,0.000489,74.125.68.0-255,332,44576,74,148280
24371,0.000816,74.125.68.0-255,1484,46060,74,148280
24372,0.000821,172.31.40.0-255,66,46126,74,148280
24373,0.000827,74.125.68.0-255,2902,49028,74,148280
24374,0.000829,172.31.40.0-255,66,49094,74,148280
24375,0.000833,74.125.68.0-255,1484,50578,74,148280
24376,0.000859,74.125.68.0-255,4320,54898,74,148280
24377,0.000862,172.31.40.0-255,66,54964,74,148280
24378,0.000865,74.125.68.0-255,1484,56448,74,148280
24379,0.000895,172.31.40.0-255,66,56514,74,148280
24380,0.000901,74.125.68.0-255,5738,62252,74,148280
24381,0.000905,172.31.40.0-255,66,62318,74,148280
24382,0.00094,74.125.68.0-255,5020,67338,74,148280
24383,0.000944,172.31.40.0-255,66,67404,74,148280
24384,0.001447,74.125.68.0-255,1484,68888,74,148280
24385,0.001453,74.125.68.0-255,2902,71790,74,148280
24386,0.001456,172.31.40.0-255,66,71856,74,148280
24387,0.001473,74.125.68.0-255,2902,74758,74,148280
24388,0.001475,172.31.40.0-255,66,74824,74,148280
24389,0.001489,74.125.68.0-255,2902,77726,74,148280
24390,0.001491,172.31.40.0-255,66,77792,74,148280
24391,0.001496,74.125.68.0-255,2902,80694,74,148280
24392,0.001497,172.31.40.0-255,66,80760,74,148280
24393,0.001536,74.125.68.0-255,4320,85080,74,148280
24394,0.001539,172.31.40.0-255,66,85146,74,148280
24395,0.001562,74.125.68.0-255,5738,90884,74,148280
24396,0.001565,172.31.40.0-255,66,90950,74,148280
24397,0.001606,74.125.68.0-255,5738,96688,74,148280
24398,0.001609,172.31.40.0-255,66,96754,74,148280
24399,0.001648,74.125.68.0-255,2902,99656,74,148280
24400,0.001651,172.31.40.0-255,66,99722,74,148280
24401,0.001668,74.125.68.0-255,2184,101906,74,148280
24402,0.00167,172.31.40.0-255,66,101972,74,148280
24403,0.002162,74.125.68.0-255,1484,103456,74,148280
24404,0.002171,74.125.68.0-255,2902,106358,74,148280
24405,0.002176,172.31.40.0-255,66,106424,74,148280
24406,0.002184,74.125.68.0-255,4320,110744,74,148280
24407,0.002186,172.31.40.0-255,66,110810,74,148280
24408,0.002204,74.125.68.0-255,1484,112294,74,148280
24409,0.002209,74.125.68.0-255,2902,115196,74,148280
24410,0.002211,172.31.40.0-255,66,115262,74,148280
24411,0.002214,74.125.68.0-255,1484,116746,74,148280
24412,0.002236,74.125.68.0-255,2902,119648,74,148280
24413,0.002238,172.31.40.0-255,66,119714,74,148280
24414,0.002253,74.125.68.0-255,4320,124034,74,148280
24415,0.002255,172.31.40.0-255,66,124100,74,148280
24416,0.002269,74.125.68.0-255,2902,127002,74,148280
24417,0.00227,172.31.40.0-255,66,127068,74,148280
24418,0.002281,172.31.40.0-255,66,127134,74,148280
24419,0.002301,74.125.68.0-255,3602,130736,74,148280
24420,0.002303,172.31.40.0-255,66,130802,74,148280
24421,0.004539,74.125.68.0-255,1484,132286,74,148280
24422,0.004561,74.125.68.0-255,4320,136606,74,148280
24423,0.004566,172.31.40.0-255,66,136672,74,148280
24424,0.006855,74.125.68.0-255,5738,142410,74,148280
24425,0.00686,172.31.40.0-255,66,142476,74,148280
24426,0.009143,74.125.68.0-255,5738,148214,74,148280
24427,0.009149,172.31.40.0-255,66,148280,74,148280
24428,0.0,172.217.194.0-255,150,150,74,147370
24429,2.3e-05,172.31.40.0-255,66,216,74,147370
24430,3e-05,172.217.194.0-255,1484,1700,74,147370
24431,3.5e-05,172.31.40.0-255,66,1766,74,147370
24432,4.9e-05,172.217.194.0-255,2902,4668,74,147370
24433,5.3e-05,172.31.40.0-255,66,4734,74,147370
24434,5.9e-05,172.217.194.0-255,4320,9054,74,147370
24435,6.2e-05,172.31.40.0-255,66,9120,74,147370
24436,9.9e-05,172.217.194.0-255,4973,14093,74,147370
24437,0.000103,172.31.40.0-255,66,14159,74,147370
24438,0.000364,172.217.194.0-255,1484,15643,74,147370
24439,0.00037,172.31.40.0-255,66,15709,74,147370
24440,0.000376,172.217.194.0-255,2902,18611,74,147370
24441,0.000378,172.31.40.0-255,66,18677,74,147370
24442,0.000418,172.217.194.0-255,5738,24415,74,147370
24443,0.000422,172.31.40.0-255,66,24481,74,147370
24444,0.000425,172.217.194.0-255,1484,25965,74,147370
24445,0.000427,172.31.40.0-255,66,26031,74,147370
24446,0.000432,172.217.194.0-255,2902,28933,74,147370
24447,0.000434,172.31.40.0-255,66,28999,74,147370
24448,0.000463,172.31.40.0-255,66,29065,74,147370
24449,0.000482,172.31.40.0-255,66,29131,74,147370
24450,0.000487,172.217.194.0-255,4320,33451,74,147370
24451,0.000489,172.31.40.0-255,66,33517,74,147370
24452,0.000518,172.217.194.0-255,5738,39255,74,147370
24453,0.000521,172.31.40.0-255,66,39321,74,147370
24454,0.000548,172.31.40.0-255,66,39387,74,147370
24455,0.000577,172.217.194.0-255,435,39822,74,147370
24456,0.00058,172.31.40.0-255,66,39888,74,147370
24457,0.000757,172.217.194.0-255,1484,41372,74,147370
24458,0.000764,172.217.194.0-255,2902,44274,74,147370
24459,0.000768,172.31.40.0-255,66,44340,74,147370
24460,0.000796,172.217.194.0-255,5738,50078,74,147370
24461,0.000798,172.31.40.0-255,66,50144,74,147370
24462,0.00081,172.31.40.0-255,66,50210,74,147370
24463,0.000833,172.217.194.0-255,1484,51694,74,147370
24464,0.000839,172.217.194.0-255,2902,54596,74,147370
24465,0.000841,172.31.40.0-255,66,54662,74,147370
24466,0.000881,172.31.40.0-255,66,54728,74,147370
24467,0.000998,172.217.194.0-255,1484,56212,74,147370
24468,0.001004,172.217.194.0-255,2902,59114,74,147370
24469,0.001008,172.31.40.0-255,66,59180,74,147370
24470,0.001011,172.217.194.0-255,1484,60664,74,147370
24471,0.001038,172.217.194.0-255,4320,64984,74,147370
24472,0.001041,172.31.40.0-255,66,65050,74,147370
24473,0.001047,172.217.194.0-255,4320,69370,74,147370
24474,0.001049,172.31.40.0-255,66,69436,74,147370
24475,0.001085,172.31.40.0-255,66,69502,74,147370
24476,0.001099,172.31.40.0-255,66,69568,74,147370
24477,0.001365,172.217.194.0-255,1484,71052,74,147370
24478,0.001372,172.217.194.0-255,2902,73954,74,147370
24479,0.001375,172.31.40.0-255,66,74020,74,147370
24480,0.00138,172.217.194.0-255,1484,75504,74,147370
24481,0.001407,172.217.194.0-255,4320,79824,74,147370
24482,0.00141,172.31.40.0-255,66,79890,74,147370
24483,0.001423,172.31.40.0-255,66,79956,74,147370
24484,0.001436,172.217.194.0-255,1484,81440,74,147370
24485,0.001452,172.31.40.0-255,66,81506,74,147370
24486,0.001681,172.217.194.0-255,1484,82990,74,147370
24487,0.001687,172.217.194.0-255,2902,85892,74,147370
24488,0.001691,172.31.40.0-255,66,85958,74,147370
24489,0.001722,172.217.194.0-255,5738,91696,74,147370
24490,0.001724,172.31.40.0-255,66,91762,74,147370
24491,0.001731,172.217.194.0-255,4320,96082,74,147370
24492,0.001733,172.31.40.0-255,66,96148,74,147370
24493,0.001765,172.31.40.0-255,66,96214,74,147370
24494,0.001786,172.217.194.0-255,2902,99116,74,147370
24495,0.001789,172.31.40.0-255,66,99182,74,147370
24496,0.001799,172.31.40.0-255,66,99248,74,147370
24497,0.002219,172.217.194.0-255,1484,100732,74,147370
24498,0.00224,172.217.194.0-255,2902,103634,74,147370
24499,0.002242,172.217.194.0-255,1484,105118,74,147370
24500,0.002247,172.31.40.0-255,66,105184,74,147370
24501,0.002258,172.217.194.0-255,4320,109504,74,147370
24502,0.002261,172.31.40.0-255,66,109570,74,147370
24503,0.002264,172.217.194.0-255,1484,111054,74,147370
24504,0.00231,172.31.40.0-255,66,111120,74,147370
24505,0.002313,172.217.194.0-255,1484,112604,74,147370
24506,0.002342,172.31.40.0-255,66,112670,74,147370
24507,0.002361,172.217.194.0-255,2184,114854,74,147370
24508,0.002364,172.31.40.0-255,66,114920,74,147370
24509,0.002388,172.217.194.0-255,1484,116404,74,147370
24510,0.002399,172.217.194.0-255,2902,119306,74,147370
24511,0.002402,172.31.40.0-255,66,119372,74,147370
24512,0.002428,172.217.194.0-255,5738,125110,74,147370
24513,0.002431,172.31.40.0-255,66,125176,74,147370
24514,0.002435,172.217.194.0-255,2902,128078,74,147370
24515,0.002437,172.31.40.0-255,66,128144,74,147370
24516,0.002485,172.31.40.0-255,66,128210,74,147370
24517,0.002489,172.217.194.0-255,2902,131112,74,147370
24518,0.002492,172.31.40.0-255,66,131178,74,147370
24519,0.002541,172.31.40.0-255,66,131244,74,147370
24520,0.002555,172.31.40.0-255,66,131310,74,147370
24521,0.00256,172.217.194.0-255,4320,135630,74,147370
24522,0.002562,172.31.40.0-255,66,135696,74,147370
24523,0.0026,172.31.40.0-255,66,135762,74,147370
24524,0.005204,172.217.194.0-255,5738,141500,74,147370
24525,0.005223,172.31.40.0-255,66,141566,74,147370
24526,0.007822,172.217.194.0-255,5738,147304,74,147370
24527,0.007835,172.31.40.0-255,66,147370,74,147370
24528,0.0,172.217.194.0-255,146,146,74,169183
24529,2.4e-05,172.31.40.0-255,66,212,74,169183
24530,3.2e-05,172.217.194.0-255,1484,1696,74,169183
24531,3.6e-05,172.31.40.0-255,66,1762,74,169183
24532,4.2e-05,172.217.194.0-255,2902,4664,74,169183
24533,4.6e-05,172.31.40.0-255,66,4730,74,169183
24534,5.7e-05,172.31.40.0-255,66,4796,74,169183
24535,6e-05,172.217.194.0-255,1484,6280,74,169183
24536,6.3e-05,172.31.40.0-255,66,6346,74,169183
24537,7.6e-05,172.31.40.0-255,66,6412,74,169183
24538,8e-05,172.217.194.0-255,2902,9314,74,169183
24539,8.2e-05,172.31.40.0-255,66,9380,74,169183
24540,0.000109,172.217.194.0-255,3961,13341,74,169183
24541,0.000111,172.31.40.0-255,66,13407,74,169183
24542,0.000207,172.217.194.0-255,1484,14891,74,169183
24543,0.00021,172.31.40.0-255,66,14957,74,169183
24544,0.000215,172.217.194.0-255,2902,17859,74,169183
24545,0.000218,172.31.40.0-255,66,17925,74,169183
24546,0.000221,172.217.194.0-255,2902,20827,74,169183
24547,0.000223,172.31.40.0-255,66,20893,74,169183
24548,0.000251,172.217.194.0-255,2902,23795,74,169183
24549,0.000253,172.31.40.0-255,66,23861,74,169183
24550,0.000263,172.31.40.0-255,66,23927,74,169183
24551,0.000269,172.217.194.0-255,4320,28247,74,169183
24552,0.000271,172.31.40.0-255,66,28313,74,169183
24553,0.000311,172.31.40.0-255,66,28379,74,169183
24554,0.000315,172.217.194.0-255,2833,31212,74,169183
24555,0.000316,172.31.40.0-255,66,31278,74,169183
24556,0.00032,172.217.194.0-255,98,31376,74,169183
24557,0.000477,172.217.194.0-255,1484,32860,74,169183
24558,0.000481,172.31.40.0-255,66,32926,74,169183
24559,0.000486,172.217.194.0-255,1484,34410,74,169183
24560,0.000501,172.217.194.0-255,1484,35894,74,169183
24561,0.000503,172.31.40.0-255,66,35960,74,169183
24562,0.000506,172.217.194.0-255,1484,37444,74,169183
24563,0.000532,172.217.194.0-255,4320,41764,74,169183
24564,0.000534,172.31.40.0-255,66,41830,74,169183
24565,0.00054,172.217.194.0-255,4320,46150,74,169183
24566,0.000542,172.31.40.0-255,66,46216,74,169183
24567,0.000579,172.217.194.0-255,5738,51954,74,169183
24568,0.000582,172.31.40.0-255,66,52020,74,169183
24569,0.000611,172.31.40.0-255,66,52086,74,169183
24570,0.000623,172.217.194.0-255,2902,54988,74,169183
24571,0.000625,172.31.40.0-255,66,55054,74,169183
24572,0.000654,172.31.40.0-255,66,55120,74,169183
24573,0.000697,172.31.40.0-255,66,55186,74,169183
24574,0.000736,172.217.194.0-255,1484,56670,74,169183
24575,0.000741,172.217.194.0-255,2902,59572,74,169183
24576,0.000743,172.31.40.0-255,66,59638,74,169183
24577,0.000779,172.217.194.0-255,4320,63958,74,169183
24578,0.000782,172.31.40.0-255,66,64024,74,169183
24579,0.0008,172.217.194.0-255,1484,65508,74,169183
24580,0.000812,172.217.194.0-255,1484,66992,74,169183
24581,0.000814,172.31.40.0-255,66,67058,74,169183
24582,0.000838,172.217.194.0-255,5738,72796,74,169183
24583,0.000841,172.31.40.0-255,66,72862,74,169183
24584,0.000849,172.31.40.0-255,66,72928,74,169183
24585,0.000879,172.217.194.0-255,4320,77248,74,169183
24586,0.000881,172.31.40.0-255,66,77314,74,169183
24587,0.000898,172.217.194.0-255,5020,82334,74,169183
24588,0.000901,172.31.40.0-255,66,82400,74,169183
24589,0.000926,172.217.194.0-255,4320,86720,74,169183
24590,0.000943,172.31.40.0-255,66,86786,74,169183
24591,0.000952,172.217.194.0-255,1484,88270,74,169183
24592,0.000964,172.217.194.0-255,2902,91172,74,169183
24593,0.00098,172.31.40.0-255,66,91238,74,169183
24594,0.000983,172.217.194.0-255,1484,92722,74,169183
24595,0.000988,172.217.194.0-255,4320,97042,74,169183
24596,0.000998,172.31.40.0-255,66,97108,74,169183
24597,0.001002,172.217.194.0-255,2543,99651,74,169183
24598,0.001023,172.31.40.0-255,66,99717,74,169183
24599,0.00104,172.217.194.0-255,1484,101201,74,169183
24600,0.001063,172.217.194.0-255,2902,104103,74,169183
24601,0.001066,172.31.40.0-255,66,104169,74,169183
24602,0.001072,172.217.194.0-255,2902,107071,74,169183
24603,0.001074,172.31.40.0-255,66,107137,74,169183
24604,0.001088,172.217.194.0-255,2902,110039,74,169183
24605,0.001091,172.31.40.0-255,66,110105,74,169183
24606,0.001101,172.217.194.0-255,2902,113007,74,169183
24607,0.001116,172.31.40.0-255,66,113073,74,169183
24608,0.001153,172.217.194.0-255,2184,115257,74,169183
24609,0.001168,172.31.40.0-255,66,115323,74,169183
24610,0.002128,172.217.194.0-255,1484,116807,74,169183
24611,0.002134,172.217.194.0-255,2902,119709,74,169183
24612,0.002138,172.31.40.0-255,66,119775,74,169183
24613,0.002163,172.217.194.0-255,5738,125513,74,169183
24614,0.002166,172.31.40.0-255,66,125579,74,169183
24615,0.002169,172.217.194.0-255,1484,127063,74,169183
24616,0.002202,172.31.40.0-255,66,127129,74,169183
24617,0.002207,172.217.194.0-255,4320,131449,74,169183
24618,0.002209,172.31.40.0-255,66,131515,74,169183
24619,0.002226,172.217.194.0-255,5738,137253,74,169183
24620,0.002228,172.31.40.0-255,66,137319,74,169183
24621,0.002231,172.217.194.0-255,766,138085,74,169183
24622,0.002304,172.217.194.0-255,1484,139569,74,169183
24623,0.002307,172.31.40.0-255,66,139635,74,169183
24624,0.002311,172.217.194.0-255,2902,142537,74,169183
24625,0.002313,172.31.40.0-255,66,142603,74,169183
24626,0.002316,172.217.194.0-255,1484,144087,74,169183
24627,0.00234,172.217.194.0-255,4320,148407,74,169183
24628,0.002343,172.31.40.0-255,66,148473,74,169183
24629,0.002385,172.31.40.0-255,66,148539,74,169183
24630,0.002402,172.217.194.0-255,2902,151441,74,169183
24631,0.002404,172.31.40.0-255,66,151507,74,169183
24632,0.004714,172.217.194.0-255,2902,154409,74,169183
24633,0.004721,172.31.40.0-255,66,154475,74,169183
24634,0.004741,172.217.194.0-255,2902,157377,74,169183
24635,0.004743,172.31.40.0-255,66,157443,74,169183
24636,0.00706,172.217.194.0-255,2902,160345,74,169183
24637,0.007063,172.31.40.0-255,66,160411,74,169183
24638,0.007087,172.217.194.0-255,2902,163313,74,169183
24639,0.007089,172.31.40.0-255,66,163379,74,169183
24640,0.009397,172.217.194.0-255,5738,169117,74,169183
24641,0.00941,172.31.40.0-255,66,169183,74,169183
24642,0.0,74.125.200.0-255,153,153,74,147041
24643,2.2e-05,172.31.40.0-255,66,219,74,147041
24644,3e-05,74.125.200.0-255,1484,1703,74,147041
24645,3.5e-05,172.31.40.0-255,66,1769,74,147041
24646,4.7e-05,74.125.200.0-255,2902,4671,74,147041
24647,5e-05,172.31.40.0-255,66,4737,74,147041
24648,5.6e-05,74.125.200.0-255,4320,9057,74,147041
24649,5.9e-05,172.31.40.0-255,66,9123,74,147041
24650,0.0001,172.31.40.0-255,66,9189,74,147041
24651,0.000103,74.125.200.0-255,1484,10673,74,147041
24652,0.000105,172.31.40.0-255,66,10739,74,147041
24653,0.000146,172.31.40.0-255,66,10805,74,147041
24654,0.000152,74.125.200.0-255,5738,16543,74,147041
24655,0.000154,172.31.40.0-255,66,16609,74,147041
24656,0.000165,172.31.40.0-255,66,16675,74,147041
24657,0.000197,172.31.40.0-255,66,16741,74,147041
24658,0.000238,74.125.200.0-255,1484,18225,74,147041
24659,0.00024,172.31.40.0-255,66,18291,74,147041
24660,0.000253,74.125.200.0-255,2902,21193,74,147041
24661,0.000255,172.31.40.0-255,66,21259,74,147041
24662,0.000265,74.125.200.0-255,5738,26997,74,147041
24663,0.000267,172.31.40.0-255,66,27063,74,147041
24664,0.000271,74.125.200.0-255,1484,28547,74,147041
24665,0.000272,172.31.40.0-255,66,28613,74,147041
24666,0.000285,74.125.200.0-255,2902,31515,74,147041
24667,0.000287,172.31.40.0-255,66,31581,74,147041
24668,0.000329,74.125.200.0-255,1484,33065,74,147041
24669,0.000332,172.31.40.0-255,66,33131,74,147041
24670,0.000354,74.125.200.0-255,1462,34593,74,147041
24671,0.000358,74.125.200.0-255,342,34935,74,147041
24672,0.00036,172.31.40.0-255,66,35001,74,147041
24673,0.000407,74.125.200.0-255,1484,36485,74,147041
24674,0.000424,74.125.200.0-255,1484,37969,74,147041
24675,0.000426,172.31.40.0-255,66,38035,74,147041
24676,0.000455,74.125.200.0-255,2902,40937,74,147041
24677,0.000458,172.31.40.0-255,66,41003,74,147041
24678,0.000464,74.125.200.0-255,5738,46741,74,147041
24679,0.000466,172.31.40.0-255,66,46807,74,147041
24680,0.000504,172.31.40.0-255,66,46873,74,147041
24681,0.000537,74.125.200.0-255,2902,49775,74,147041
24682,0.000539,172.31.40.0-255,66,49841,74,147041
24683,0.000572,172.31.40.0-255,66,49907,74,147041
24684,0.000994,74.125.200.0-255,1484,51391,74,147041
24685,0.001,74.125.200.0-255,2902,54293,74,147041
24686,0.001005,74.125.200.0-255,5738,60031,74,147041
24687,0.001035,74.125.200.0-255,5738,65769,74,147041
24688,0.001041,172.31.40.0-255,66,65835,74,147041
24689,0.001044,172.31.40.0-255,66,65901,74,147041
24690,0.001047,172.31.40.0-255,66,65967,74,147041
24691,0.001071,74.125.200.0-255,2902,68869,74,147041
24692,0.001074,172.31.40.0-255,66,68935,74,147041
24693,0.001086,172.31.40.0-255,66,69001,74,147041
24694,0.00109,74.125.200.0-255,2902,71903,74,147041
24695,0.001093,172.31.40.0-255,66,71969,74,147041
24696,0.001127,74.125.200.0-255,2184,74153,74,147041
24697,0.001134,172.31.40.0-255,66,74219,74,147041
24698,0.001309,74.125.200.0-255,1484,75703,74,147041
24699,0.001324,74.125.200.0-255,2902,78605,74,147041
24700,0.001327,172.31.40.0-255,66,78671,74,147041
24701,0.00136,74.125.200.0-255,5738,84409,74,147041
24702,0.001363,172.31.40.0-255,66,84475,74,147041
24703,0.001368,74.125.200.0-255,2902,87377,74,147041
24704,0.001369,172.31.40.0-255,66,87443,74,147041
24705,0.001405,172.31.40.0-255,66,87509,74,147041
24706,0.00141,74.125.200.0-255,2902,90411,74,147041
24707,0.001411,172.31.40.0-255,66,90477,74,147041
24708,0.00145,172.31.40.0-255,66,90543,74,147041
24709,0.001669,74.125.200.0-255,1484,92027,74,147041
24710,0.001684,74.125.200.0-255,2902,94929,74,147041
24711,0.001687,172.31.40.0-255,66,94995,74,147041
24712,0.001713,74.125.200.0-255,5738,100733,74,147041
24713,0.001715,172.31.40.0-255,66,100799,74,147041
24714,0.001719,74.125.200.0-255,1484,102283,74,147041
24715,0.00174,74.125.200.0-255,2902,105185,74,147041
24716,0.001743,172.31.40.0-255,66,105251,74,147041
24717,0.001775,74.125.200.0-255,5738,110989,74,147041
24718,0.001778,172.31.40.0-255,66,111055,74,147041
24719,0.001781,74.125.200.0-255,1484,112539,74,147041
24720,0.001815,74.125.200.0-255,2902,115441,74,147041
24721,0.001818,172.31.40.0-255,66,115507,74,147041
24722,0.001847,74.125.200.0-255,5738,121245,74,147041
24723,0.001849,172.31.40.0-255,66,121311,74,147041
24724,0.001853,74.125.200.0-255,2902,124213,74,147041
24725,0.001855,172.31.40.0-255,66,124279,74,147041
24726,0.001859,74.125.200.0-255,766,125045,74,147041
24727,0.002588,172.31.40.0-255,66,125111,74,147041
24728,0.003843,74.125.200.0-255,1484,126595,74,147041
24729,0.003866,74.125.200.0-255,2902,129497,74,147041
24730,0.003871,172.31.40.0-255,66,129563,74,147041
24731,0.004558,74.125.200.0-255,1484,131047,74,147041
24732,0.005853,74.125.200.0-255,4320,135367,74,147041
24733,0.005856,172.31.40.0-255,66,135433,74,147041
24734,0.007834,74.125.200.0-255,5738,141171,74,147041
24735,0.00784,172.31.40.0-255,66,141237,74,147041
24736,0.00982,74.125.200.0-255,5738,146975,74,147041
24737,0.009829,172.31.40.0-255,66,147041,74,147041
24738,0.0,74.125.24.0-255,153,153,74,158889
24739,2.6e-05,172.31.40.0-255,66,219,74,158889
24740,3.3e-05,74.125.24.0-255,1484,1703,74,158889
24741,3.8e-05,172.31.40.0-255,66,1769,74,158889
24742,4.4e-05,74.125.24.0-255,2902,4671,74,158889
24743,5.6e-05,172.31.40.0-255,66,4737,74,158889
24744,6.6e-05,172.31.40.0-255,66,4803,74,158889
24745,0.000105,172.31.40.0-255,66,4869,74,158889
24746,0.000116,74.125.24.0-255,522,5391,74,158889
24747,0.000118,172.31.40.0-255,66,5457,74,158889
24748,0.000129,74.125.24.0-255,4320,9777,74,158889
24749,0.000131,172.31.40.0-255,66,9843,74,158889
24750,0.000154,74.125.24.0-255,2543,12386,74,158889
24751,0.000157,172.31.40.0-255,66,12452,74,158889
24752,0.000237,74.125.24.0-255,1484,13936,74,158889
24753,0.000239,172.31.40.0-255,66,14002,74,158889
24754,0.000268,74.125.24.0-255,2902,16904,74,158889
24755,0.000271,172.31.40.0-255,66,16970,74,158889
24756,0.000278,74.125.24.0-255,5738,22708,74,158889
24757,0.00028,172.31.40.0-255,66,22774,74,158889
24758,0.000307,74.125.24.0-255,1484,24258,74,158889
24759,0.00031,172.31.40.0-255,66,24324,74,158889
24760,0.000338,172.31.40.0-255,66,24390,74,158889
24761,0.000342,74.125.24.0-255,2902,27292,74,158889
24762,0.000344,172.31.40.0-255,66,27358,74,158889
24763,0.000389,172.31.40.0-255,66,27424,74,158889
24764,0.000395,74.125.24.0-255,3961,31385,74,158889
24765,0.000397,172.31.40.0-255,66,31451,74,158889
24766,0.0004,74.125.24.0-255,396,31847,74,158889
24767,0.000647,74.125.24.0-255,114,31961,74,158889
24768,0.000664,74.125.24.0-255,330,32291,74,158889
24769,0.001131,74.125.24.0-255,1484,33775,74,158889
24770,0.001136,172.31.40.0-255,66,33841,74,158889
24771,0.001142,74.125.24.0-255,2902,36743,74,158889
24772,0.001145,172.31.40.0-255,66,36809,74,158889
24773,0.001177,74.125.24.0-255,5738,42547,74,158889
24774,0.00118,172.31.40.0-255,66,42613,74,158889
24775,0.00119,172.31.40.0-255,66,42679,74,158889
24776,0.001231,172.31.40.0-255,66,42745,74,158889
24777,0.001257,74.125.24.0-255,1484,44229,74,158889
24778,0.001281,74.125.24.0-255,3602,47831,74,158889
24779,0.001285,172.31.40.0-255,66,47897,74,158889
24780,0.001314,74.125.24.0-255,1484,49381,74,158889
24781,0.001327,74.125.24.0-255,2902,52283,74,158889
24782,0.001331,172.31.40.0-255,66,52349,74,158889
24783,0.001362,74.125.24.0-255,5738,58087,74,158889
24784,0.001364,172.31.40.0-255,66,58153,74,158889
24785,0.001386,74.125.24.0-255,1484,59637,74,158889
24786,0.001404,74.125.24.0-255,5738,65375,74,158889
24787,0.001407,172.31.40.0-255,66,65441,74,158889
24788,0.001419,74.125.24.0-255,1484,66925,74,158889
24789,0.001445,172.31.40.0-255,66,66991,74,158889
24790,0.001475,74.125.24.0-255,4320,71311,74,158889
24791,0.001479,172.31.40.0-255,66,71377,74,158889
24792,0.001483,74.125.24.0-255,2184,73561,74,158889
24793,0.001485,172.31.40.0-255,66,73627,74,158889
24794,0.001566,74.125.24.0-255,1484,75111,74,158889
24795,0.001573,74.125.24.0-255,2902,78013,74,158889
24796,0.001576,172.31.40.0-255,66,78079,74,158889
24797,0.001583,74.125.24.0-255,5738,83817,74,158889
24798,0.001585,172.31.40.0-255,66,83883,74,158889
24799,0.001596,74.125.24.0-255,4320,88203,74,158889
24800,0.001598,172.31.40.0-255,66,88269,74,158889
24801,0.001609,172.31.40.0-255,66,88335,74,158889
24802,0.001648,74.125.24.0-255,2902,91237,74,158889
24803,0.001652,172.31.40.0-255,66,91303,74,158889
24804,0.001663,172.31.40.0-255,66,91369,74,158889
24805,0.00179,74.125.24.0-255,1484,92853,74,158889
24806,0.001794,74.125.24.0-255,1484,94337,74,158889
24807,0.001798,172.31.40.0-255,66,94403,74,158889
24808,0.001817,74.125.24.0-255,1484,95887,74,158889
24809,0.001824,74.125.24.0-255,5738,101625,74,158889
24810,0.001827,172.31.40.0-255,66,101691,74,158889
24811,0.001862,172.31.40.0-255,66,101757,74,158889
24812,0.001898,74.125.24.0-255,4320,106077,74,158889
24813,0.001901,172.31.40.0-255,66,106143,74,158889
24814,0.001909,74.125.24.0-255,5738,111881,74,158889
24815,0.001911,172.31.40.0-255,66,111947,74,158889
24816,0.001942,74.125.24.0-255,5020,116967,74,158889
24817,0.001949,172.31.40.0-255,66,117033,74,158889
24818,0.001952,74.125.24.0-255,1484,118517,74,158889
24819,0.001956,74.125.24.0-255,2902,121419,74,158889
24820,0.001958,172.31.40.0-255,66,121485,74,158889
24821,0.001965,74.125.24.0-255,5738,127223,74,158889
24822,0.001967,172.31.40.0-255,66,127289,74,158889
24823,0.001981,172.31.40.0-255,66,127355,74,158889
24824,0.001988,74.125.24.0-255,5738,133093,74,158889
24825,0.00199,172.31.40.0-255,66,133159,74,158889
24826,0.002022,74.125.24.0-255,1484,134643,74,158889
24827,0.002027,74.125.24.0-255,2902,137545,74,158889
24828,0.00203,172.31.40.0-255,66,137611,74,158889
24829,0.002091,172.31.40.0-255,66,137677,74,158889
24830,0.002104,172.31.40.0-255,66,137743,74,158889
24831,0.00211,74.125.24.0-255,3602,141345,74,158889
24832,0.002112,172.31.40.0-255,66,141411,74,158889
24833,0.004165,74.125.24.0-255,1484,142895,74,158889
24834,0.004192,74.125.24.0-255,4320,147215,74,158889
24835,0.004198,172.31.40.0-255,66,147281,74,158889
24836,0.006233,74.125.24.0-255,5738,153019,74,158889
24837,0.006237,172.31.40.0-255,66,153085,74,158889
24838,0.008254,74.125.24.0-255,5738,158823,74,158889
24839,0.008268,172.31.40.0-255,66,158889,74,158889
24840,0.0,172.217.194.0-255,152,152,74,202425
24841,1.6e-05,172.31.40.0-255,66,218,74,202425
24842,2.2e-05,172.217.194.0-255,1484,1702,74,202425
24843,2.7e-05,172.31.40.0-255,66,1768,74,202425
24844,3.2e-05,172.217.194.0-255,2902,4670,74,202425
24845,3.5e-05,172.31.40.0-255,66,4736,74,202425
24846,3.8e-05,172.217.194.0-255,1484,6220,74,202425
24847,4e-05,172.31.40.0-255,66,6286,74,202425
24848,6.3e-05,172.217.194.0-255,4320,10606,74,202425
24849,6.6e-05,172.31.40.0-255,66,10672,74,202425
24850,7.5e-05,172.31.40.0-255,66,10738,74,202425
24851,0.000102,172.31.40.0-255,66,10804,74,202425
24852,0.000136,172.217.194.0-255,5379,16183,74,202425
24853,0.000138,172.31.40.0-255,66,16249,74,202425
24854,0.000206,172.217.194.0-255,1484,17733,74,202425
24855,0.000209,172.31.40.0-255,66,17799,74,202425
24856,0.000214,172.217.194.0-255,2902,20701,74,202425
24857,0.000216,172.31.40.0-255,66,20767,74,202425
24858,0.000221,172.217.194.0-255,5738,26505,74,202425
24859,0.000223,172.31.40.0-255,66,26571,74,202425
24860,0.000236,172.217.194.0-255,4320,30891,74,202425
24861,0.000238,172.31.40.0-255,66,30957,74,202425
24862,0.000263,172.217.194.0-255,3961,34918,74,202425
24863,0.000265,172.31.40.0-255,66,34984,74,202425
24864,0.000271,172.217.194.0-255,4320,39304,74,202425
24865,0.000273,172.31.40.0-255,66,39370,74,202425
24866,0.000295,172.31.40.0-255,66,39436,74,202425
24867,0.000455,172.217.194.0-255,365,39801,74,202425
24868,0.000459,172.31.40.0-255,66,39867,74,202425
24869,0.000564,172.217.194.0-255,1484,41351,74,202425
24870,0.000569,172.217.194.0-255,2902,44253,74,202425
24871,0.000572,172.31.40.0-255,66,44319,74,202425
24872,0.000575,172.217.194.0-255,1484,45803,74,202425
24873,0.000594,172.217.194.0-255,4320,50123,74,202425
24874,0.000601,172.31.40.0-255,66,50189,74,202425
24875,0.000609,172.217.194.0-255,2902,53091,74,202425
24876,0.000622,172.217.194.0-255,3961,57052,74,202425
24877,0.000632,172.31.40.0-255,66,57118,74,202425
24878,0.000655,172.217.194.0-255,1484,58602,74,202425
24879,0.00067,172.217.194.0-255,5738,64340,74,202425
24880,0.000676,172.217.194.0-255,4320,68660,74,202425
24881,0.00068,172.31.40.0-255,66,68726,74,202425
24882,0.000707,172.217.194.0-255,1484,70210,74,202425
24883,0.000726,172.217.194.0-255,3961,74171,74,202425
24884,0.00074,172.31.40.0-255,66,74237,74,202425
24885,0.001248,172.217.194.0-255,1484,75721,74,202425
24886,0.001261,172.217.194.0-255,2902,78623,74,202425
24887,0.001264,172.31.40.0-255,66,78689,74,202425
24888,0.001286,172.217.194.0-255,5738,84427,74,202425
24889,0.001288,172.31.40.0-255,66,84493,74,202425
24890,0.001296,172.31.40.0-255,66,84559,74,202425
24891,0.001332,172.31.40.0-255,66,84625,74,202425
24892,0.001362,172.31.40.0-255,66,84691,74,202425
24893,0.001373,172.217.194.0-255,2184,86875,74,202425
24894,0.001383,172.31.40.0-255,66,86941,74,202425
24895,0.001465,172.217.194.0-255,1484,88425,74,202425
24896,0.00147,172.217.194.0-255,2902,91327,74,202425
24897,0.001493,172.217.194.0-255,4320,95647,74,202425
24898,0.001496,172.31.40.0-255,66,95713,74,202425
24899,0.0015,172.31.40.0-255,66,95779,74,202425
24900,0.001506,172.217.194.0-255,1484,97263,74,202425
24901,0.001522,172.217.194.0-255,1484,98747,74,202425
24902,0.001527,172.31.40.0-255,66,98813,74,202425
24903,0.001559,172.217.194.0-255,2902,101715,74,202425
24904,0.001563,172.31.40.0-255,66,101781,74,202425
24905,0.001582,172.217.194.0-255,5738,107519,74,202425
24906,0.001587,172.217.194.0-255,5020,112539,74,202425
24907,0.001606,172.31.40.0-255,66,112605,74,202425
24908,0.001733,172.217.194.0-255,1484,114089,74,202425
24909,0.001747,172.217.194.0-255,2902,116991,74,202425
24910,0.00175,172.31.40.0-255,66,117057,74,202425
24911,0.001755,172.217.194.0-255,2902,119959,74,202425
24912,0.001767,172.217.194.0-255,2902,122861,74,202425
24913,0.001776,172.31.40.0-255,66,122927,74,202425
24914,0.001791,172.217.194.0-255,2902,125829,74,202425
24915,0.001802,172.217.194.0-255,1484,127313,74,202425
24916,0.001807,172.31.40.0-255,66,127379,74,202425
24917,0.001819,172.217.194.0-255,5738,133117,74,202425
24918,0.00183,172.31.40.0-255,66,133183,74,202425
24919,0.001841,172.217.194.0-255,2902,136085,74,202425
24920,0.00186,172.31.40.0-255,66,136151,74,202425
24921,0.001865,172.217.194.0-255,3602,139753,74,202425
24922,0.001869,172.31.40.0-255,66,139819,74,202425
24923,0.002059,172.217.194.0-255,1484,141303,74,202425
24924,0.002065,172.217.194.0-255,2902,144205,74,202425
24925,0.002067,172.31.40.0-255,66,144271,74,202425
24926,0.002071,172.217.194.0-255,1484,145755,74,202425
24927,0.00208,172.217.194.0-255,1484,147239,74,202425
24928,0.002088,172.31.40.0-255,66,147305,74,202425
24929,0.002093,172.217.194.0-255,2902,150207,74,202425
24930,0.002099,172.217.194.0-255,5738,155945,74,202425
24931,0.002128,172.31.40.0-255,66,156011,74,202425
24932,0.002148,172.217.194.0-255,2902,158913,74,202425
24933,0.002154,172.217.194.0-255,5020,163933,74,202425
24934,0.002164,172.31.40.0-255,66,163999,74,202425
24935,0.002311,172.217.194.0-255,1484,165483,74,202425
24936,0.002315,172.217.194.0-255,2902,168385,74,202425
24937,0.002318,172.31.40.0-255,66,168451,74,202425
24938,0.002324,172.217.194.0-255,5738,174189,74,202425
24939,0.002327,172.31.40.0-255,66,174255,74,202425
24940,0.002364,172.217.194.0-255,2902,177157,74,202425
24941,0.002412,172.217.194.0-255,5738,182895,74,202425
24942,0.002471,172.217.194.0-255,1484,184379,74,202425
24943,0.002524,172.217.194.0-255,4320,188699,74,202425
24944,0.002539,172.217.194.0-255,4320,193019,74,202425
24945,0.00258,172.217.194.0-255,2902,195921,74,202425
24946,0.002597,172.217.194.0-255,5738,201659,74,202425
24947,0.0026,172.217.194.0-255,766,202425,74,202425
24948,0.0,74.125.24.0-255,213,213,74,81348
24949,1.9e-05,172.31.40.0-255,66,279,74,81348
24950,2.6e-05,74.125.24.0-255,1484,1763,74,81348
24951,3.1e-05,172.31.40.0-255,66,1829,74,81348
24952,3.7e-05,74.125.24.0-255,4320,6149,74,81348
24953,4.8e-05,172.31.40.0-255,66,6215,74,81348
24954,5.9e-05,172.31.40.0-255,66,6281,74,81348
24955,7.1e-05,172.31.40.0-255,66,6347,74,81348
24956,0.000121,172.31.40.0-255,66,6413,74,81348
24957,0.000367,74.125.24.0-255,1484,7897,74,81348
24958,0.000372,172.31.40.0-255,66,7963,74,81348
24959,0.000379,74.125.24.0-255,2902,10865,74,81348
24960,0.000381,172.31.40.0-255,66,10931,74,81348
24961,0.000386,74.125.24.0-255,4320,15251,74,81348
24962,0.000389,172.31.40.0-255,66,15317,74,81348
24963,0.000424,74.125.24.0-255,1484,16801,74,81348
24964,0.000427,172.31.40.0-255,66,16867,74,81348
24965,0.00044,172.31.40.0-255,66,16933,74,81348
24966,0.000452,172.31.40.0-255,66,16999,74,81348
24967,0.000478,74.125.24.0-255,2851,19850,74,81348
24968,0.000481,172.31.40.0-255,66,19916,74,81348
24969,0.000792,74.125.24.0-255,114,20030,74,81348
24970,0.000796,172.31.40.0-255,66,20096,74,81348
24971,0.000952,74.125.24.0-255,1484,21580,74,81348
24972,0.000956,172.31.40.0-255,66,21646,74,81348
24973,0.000962,74.125.24.0-255,2902,24548,74,81348
24974,0.000964,172.31.40.0-255,66,24614,74,81348
24975,0.001028,74.125.24.0-255,5738,30352,74,81348
24976,0.001046,172.31.40.0-255,66,30418,74,81348
24977,0.001053,172.31.40.0-255,66,30484,74,81348
24978,0.001056,172.31.40.0-255,66,30550,74,81348
24979,0.001071,172.31.40.0-255,66,30616,74,81348
24980,0.00111,74.125.24.0-255,1125,31741,74,81348
24981,0.001153,74.125.24.0-255,331,32072,74,81348
24982,0.001313,74.125.24.0-255,1484,33556,74,81348
24983,0.001316,74.125.24.0-255,1484,35040,74,81348
24984,0.001322,172.31.40.0-255,66,35106,74,81348
24985,0.001335,74.125.24.0-255,1484,36590,74,81348
24986,0.001337,172.31.40.0-255,66,36656,74,81348
24987,0.001344,74.125.24.0-255,5738,42394,74,81348
24988,0.00135,172.31.40.0-255,66,42460,74,81348
24989,0.001357,74.125.24.0-255,5738,48198,74,81348
24990,0.001359,172.31.40.0-255,66,48264,74,81348
24991,0.001408,74.125.24.0-255,5020,53284,74,81348
24992,0.001413,172.31.40.0-255,66,53350,74,81348
24993,0.001416,172.31.40.0-255,66,53416,74,81348
24994,0.001587,74.125.24.0-255,1484,54900,74,81348
24995,0.001593,74.125.24.0-255,2902,57802,74,81348
24996,0.001596,172.31.40.0-255,66,57868,74,81348
24997,0.001601,74.125.24.0-255,2902,60770,74,81348
24998,0.001603,172.31.40.0-255,66,60836,74,81348
24999,0.001627,74.125.24.0-255,2902,63738,74,81348
25000,0.00163,172.31.40.0-255,66,63804,74,81348
25001,0.001643,172.31.40.0-255,66,63870,74,81348
25002,0.001692,172.31.40.0-255,66,63936,74,81348
25003,0.004051,74.125.24.0-255,5738,69674,74,81348
25004,0.004059,172.31.40.0-255,66,69740,74,81348
25005,0.006396,74.125.24.0-255,5738,75478,74,81348
25006,0.006407,172.31.40.0-255,66,75544,74,81348
25007,0.008756,74.125.24.0-255,5738,81282,74,81348
25008,0.008763,172.31.40.0-255,66,81348,74,81348
25009,0.0,74.125.130.0-255,146,146,74,136031
25010,2.2e-05,172.31.40.0-255,66,212,74,136031
25011,2.9e-05,74.125.130.0-255,1484,1696,74,136031
25012,3.2e-05,172.31.40.0-255,66,1762,74,136031
25013,3.9e-05,74.125.130.0-255,2902,4664,74,136031
25014,4.2e-05,172.31.40.0-255,66,4730,74,136031
25015,6.1e-05,172.31.40.0-255,66,4796,74,136031
25016,6.5e-05,74.125.130.0-255,2005,6801,74,136031
25017,6.7e-05,172.31.40.0-255,66,6867,74,136031
25018,0.00014,74.125.130.0-255,1484,8351,74,136031
25019,0.000143,172.31.40.0-255,66,8417,74,136031
25020,0.000147,74.125.130.0-255,1484,9901,74,136031
25021,0.00015,172.31.40.0-255,66,9967,74,136031
25022,0.000184,74.125.130.0-255,2902,12869,74,136031
25023,0.000187,172.31.40.0-255,66,12935,74,136031
25024,0.000194,74.125.130.0-255,5738,18673,74,136031
25025,0.000196,172.31.40.0-255,66,18739,74,136031
25026,0.000221,74.125.130.0-255,5379,24118,74,136031
25027,0.000225,172.31.40.0-255,66,24184,74,136031
25028,0.000349,74.125.130.0-255,1484,25668,74,136031
25029,0.000354,172.31.40.0-255,66,25734,74,136031
25030,0.000359,74.125.130.0-255,1484,27218,74,136031
25031,0.000361,172.31.40.0-255,66,27284,74,136031
25032,0.000382,74.125.130.0-255,1484,28768,74,136031
25033,0.000384,172.31.40.0-255,66,28834,74,136031
25034,0.000395,74.125.130.0-255,5738,34572,74,136031
25035,0.000398,172.31.40.0-255,66,34638,74,136031
25036,0.000401,74.125.130.0-255,1484,36122,74,136031
25037,0.000403,172.31.40.0-255,66,36188,74,136031
25038,0.000441,74.125.130.0-255,5379,41567,74,136031
25039,0.000443,172.31.40.0-255,66,41633,74,136031
25040,0.000453,172.31.40.0-255,66,41699,74,136031
25041,0.000469,172.31.40.0-255,66,41765,74,136031
25042,0.000511,74.125.130.0-255,1414,43179,74,136031
25043,0.000757,74.125.130.0-255,368,43547,74,136031
25044,0.000762,172.31.40.0-255,66,43613,74,136031
25045,0.000922,74.125.130.0-255,1484,45097,74,136031
25046,0.000943,74.125.130.0-255,2902,47999,74,136031
25047,0.000947,172.31.40.0-255,66,48065,74,136031
25048,0.000951,74.125.130.0-255,1484,49549,74,136031
25049,0.000977,74.125.130.0-255,4320,53869,74,136031
25050,0.00098,172.31.40.0-255,66,53935,74,136031
25051,0.000984,74.125.130.0-255,1484,55419,74,136031
25052,0.001019,74.125.130.0-255,5379,60798,74,136031
25053,0.001021,172.31.40.0-255,66,60864,74,136031
25054,0.001033,172.31.40.0-255,66,60930,74,136031
25055,0.001067,74.125.130.0-255,5738,66668,74,136031
25056,0.001069,172.31.40.0-255,66,66734,74,136031
25057,0.001086,74.125.130.0-255,2543,69277,74,136031
25058,0.001088,172.31.40.0-255,66,69343,74,136031
25059,0.001499,74.125.130.0-255,1484,70827,74,136031
25060,0.00152,74.125.130.0-255,2902,73729,74,136031
25061,0.001524,172.31.40.0-255,66,73795,74,136031
25062,0.00153,74.125.130.0-255,4320,78115,74,136031
25063,0.001532,172.31.40.0-255,66,78181,74,136031
25064,0.001553,74.125.130.0-255,4320,82501,74,136031
25065,0.001555,172.31.40.0-255,66,82567,74,136031
25066,0.00158,74.125.130.0-255,4320,86887,74,136031
25067,0.001582,172.31.40.0-255,66,86953,74,136031
25068,0.001587,74.125.130.0-255,4320,91273,74,136031
25069,0.001589,172.31.40.0-255,66,91339,74,136031
25070,0.0016,74.125.130.0-255,5738,97077,74,136031
25071,0.001602,172.31.40.0-255,66,97143,74,136031
25072,0.001642,172.31.40.0-255,66,97209,74,136031
25073,0.001714,74.125.130.0-255,1484,98693,74,136031
25074,0.001732,74.125.130.0-255,2902,101595,74,136031
25075,0.001735,172.31.40.0-255,66,101661,74,136031
25076,0.00174,74.125.130.0-255,2902,104563,74,136031
25077,0.001742,172.31.40.0-255,66,104629,74,136031
25078,0.001764,74.125.130.0-255,2902,107531,74,136031
25079,0.001766,172.31.40.0-255,66,107597,74,136031
25080,0.001782,172.31.40.0-255,66,107663,74,136031
25081,0.001815,172.31.40.0-255,66,107729,74,136031
25082,0.001822,74.125.130.0-255,5020,112749,74,136031
25083,0.001824,172.31.40.0-255,66,112815,74,136031
25084,0.00379,74.125.130.0-255,5738,118553,74,136031
25085,0.003797,172.31.40.0-255,66,118619,74,136031
25086,0.005759,74.125.130.0-255,5738,124357,74,136031
25087,0.005763,172.31.40.0-255,66,124423,74,136031
25088,0.007738,74.125.130.0-255,5738,130161,74,136031
25089,0.007744,172.31.40.0-255,66,130227,74,136031
25090,0.009712,74.125.130.0-255,5738,135965,74,136031
25091,0.009718,172.31.40.0-255,66,136031,74,136031
25092,0.0,172.217.27.0-255,153,153,74,88182
25093,1.6e-05,172.31.40.0-255,66,219,74,88182
25094,2.3e-05,172.217.27.0-255,1484,1703,74,88182
25095,2.7e-05,172.31.40.0-255,66,1769,74,88182
25096,3.4e-05,172.217.27.0-255,2902,4671,74,88182
25097,3.7e-05,172.31.40.0-255,66,4737,74,88182
25098,4.4e-05,172.217.27.0-255,5738,10475,74,88182
25099,4.7e-05,172.31.40.0-255,66,10541,74,88182
25100,8.2e-05,172.217.27.0-255,2902,13443,74,88182
25101,8.4e-05,172.31.40.0-255,66,13509,74,88182
25102,0.000104,172.217.27.0-255,3556,17065,74,88182
25103,0.000107,172.31.40.0-255,66,17131,74,88182
25104,0.000123,172.217.27.0-255,2902,20033,74,88182
25105,0.000125,172.31.40.0-255,66,20099,74,88182
25106,0.000148,172.217.27.0-255,2902,23001,74,88182
25107,0.00015,172.31.40.0-255,66,23067,74,88182
25108,0.000177,172.217.27.0-255,4320,27387,74,88182
25109,0.00018,172.31.40.0-255,66,27453,74,88182
25110,0.000208,172.31.40.0-255,66,27519,74,88182
25111,0.000293,172.217.27.0-255,4320,31839,74,88182
25112,0.000297,172.31.40.0-255,66,31905,74,88182
25113,0.000323,172.31.40.0-255,66,31971,74,88182
25114,0.000367,172.217.27.0-255,2902,34873,74,88182
25115,0.00037,172.31.40.0-255,66,34939,74,88182
25116,0.000386,172.217.27.0-255,2902,37841,74,88182
25117,0.000388,172.31.40.0-255,66,37907,74,88182
25118,0.000429,172.31.40.0-255,66,37973,74,88182
25119,0.000449,172.217.27.0-255,4229,42202,74,88182
25120,0.000451,172.31.40.0-255,66,42268,74,88182
25121,0.000713,172.217.27.0-255,137,42405,74,88182
25122,0.001008,172.31.40.0-255,66,42471,74,88182
25123,0.001117,172.217.27.0-255,1484,43955,74,88182
25124,0.001124,172.217.27.0-255,1484,45439,74,88182
25125,0.001127,172.31.40.0-255,66,45505,74,88182
25126,0.001144,172.217.27.0-255,1484,46989,74,88182
25127,0.001151,172.217.27.0-255,5738,52727,74,88182
25128,0.001153,172.31.40.0-255,66,52793,74,88182
25129,0.001188,172.31.40.0-255,66,52859,74,88182
25130,0.001233,172.217.27.0-255,2902,55761,74,88182
25131,0.001236,172.31.40.0-255,66,55827,74,88182
25132,0.001267,172.31.40.0-255,66,55893,74,88182
25133,0.001364,172.217.27.0-255,2543,58436,74,88182
25134,0.001368,172.31.40.0-255,66,58502,74,88182
25135,0.002889,172.217.27.0-255,2902,61404,74,88182
25136,0.002895,172.31.40.0-255,66,61470,74,88182
25137,0.002981,172.217.27.0-255,2902,64372,74,88182
25138,0.002983,172.31.40.0-255,66,64438,74,88182
25139,0.004514,172.217.27.0-255,2902,67340,74,88182
25140,0.004519,172.31.40.0-255,66,67406,74,88182
25141,0.004588,172.217.27.0-255,2902,70308,74,88182
25142,0.004591,172.31.40.0-255,66,70374,74,88182
25143,0.006139,172.217.27.0-255,2902,73276,74,88182
25144,0.006142,172.31.40.0-255,66,73342,74,88182
25145,0.006197,172.217.27.0-255,2902,76244,74,88182
25146,0.0062,172.31.40.0-255,66,76310,74,88182
25147,0.007778,172.217.27.0-255,2902,79212,74,88182
25148,0.007785,172.31.40.0-255,66,79278,74,88182
25149,0.007823,172.217.27.0-255,2902,82180,74,88182
25150,0.007826,172.31.40.0-255,66,82246,74,88182
25151,0.009434,172.217.27.0-255,2902,85148,74,88182
25152,0.009442,172.31.40.0-255,66,85214,74,88182
25153,0.009466,172.217.27.0-255,2902,88116,74,88182
25154,0.009469,172.31.40.0-255,66,88182,74,88182
25155,0.0,74.125.130.0-255,152,152,74,112714
25156,2.3e-05,172.31.40.0-255,66,218,74,112714
25157,3e-05,74.125.130.0-255,1484,1702,74,112714
25158,3.5e-05,172.31.40.0-255,66,1768,74,112714
25159,4.1e-05,74.125.130.0-255,2902,4670,74,112714
25160,4.5e-05,172.31.40.0-255,66,4736,74,112714
25161,5.1e-05,74.125.130.0-255,4320,9056,74,112714
25162,5.4e-05,172.31.40.0-255,66,9122,74,112714
25163,5.9e-05,74.125.130.0-255,2902,12024,74,112714
25164,6.2e-05,172.31.40.0-255,66,12090,74,112714
25165,8.4e-05,74.125.130.0-255,1982,14072,74,112714
25166,8.7e-05,172.31.40.0-255,66,14138,74,112714
25167,0.000176,74.125.130.0-255,1484,15622,74,112714
25168,0.000179,172.31.40.0-255,66,15688,74,112714
25169,0.000185,74.125.130.0-255,2902,18590,74,112714
25170,0.000188,172.31.40.0-255,66,18656,74,112714
25171,0.000191,74.125.130.0-255,1484,20140,74,112714
25172,0.000193,172.31.40.0-255,66,20206,74,112714
25173,0.000196,74.125.130.0-255,1484,21690,74,112714
25174,0.000198,172.31.40.0-255,66,21756,74,112714
25175,0.000213,74.125.130.0-255,1484,23240,74,112714
25176,0.000216,172.31.40.0-255,66,23306,74,112714
25177,0.000219,74.125.130.0-255,1484,24790,74,112714
25178,0.000221,172.31.40.0-255,66,24856,74,112714
25179,0.000245,74.125.130.0-255,4320,29176,74,112714
25180,0.000247,172.31.40.0-255,66,29242,74,112714
25181,0.000251,74.125.130.0-255,2543,31785,74,112714
25182,0.000254,172.31.40.0-255,66,31851,74,112714
25183,0.000418,74.125.130.0-255,1484,33335,74,112714
25184,0.000423,172.31.40.0-255,66,33401,74,112714
25185,0.000429,74.125.130.0-255,2902,36303,74,112714
25186,0.000432,172.31.40.0-255,66,36369,74,112714
25187,0.000463,74.125.130.0-255,4320,40689,74,112714
25188,0.000466,172.31.40.0-255,66,40755,74,112714
25189,0.000484,74.125.130.0-255,5738,46493,74,112714
25190,0.000487,172.31.40.0-255,66,46559,74,112714
25191,0.000506,74.125.130.0-255,2543,49102,74,112714
25192,0.000509,172.31.40.0-255,66,49168,74,112714
25193,0.000522,74.125.130.0-255,2902,52070,74,112714
25194,0.000525,172.31.40.0-255,66,52136,74,112714
25195,0.000545,74.125.130.0-255,1484,53620,74,112714
25196,0.000566,74.125.130.0-255,4320,57940,74,112714
25197,0.000569,172.31.40.0-255,66,58006,74,112714
25198,0.000598,172.31.40.0-255,66,58072,74,112714
25199,0.000601,74.125.130.0-255,1125,59197,74,112714
25200,0.000623,74.125.130.0-255,383,59580,74,112714
25201,0.000983,74.125.130.0-255,362,59942,74,112714
25202,0.000987,172.31.40.0-255,66,60008,74,112714
25203,0.001163,74.125.130.0-255,1484,61492,74,112714
25204,0.001171,74.125.130.0-255,1484,62976,74,112714
25205,0.001174,172.31.40.0-255,66,63042,74,112714
25206,0.001194,74.125.130.0-255,1484,64526,74,112714
25207,0.001209,74.125.130.0-255,4320,68846,74,112714
25208,0.001212,172.31.40.0-255,66,68912,74,112714
25209,0.001231,74.125.130.0-255,2902,71814,74,112714
25210,0.001233,172.31.40.0-255,66,71880,74,112714
25211,0.001249,74.125.130.0-255,2902,74782,74,112714
25212,0.001252,172.31.40.0-255,66,74848,74,112714
25213,0.001257,74.125.130.0-255,3961,78809,74,112714
25214,0.001259,172.31.40.0-255,66,78875,74,112714
25215,0.001262,74.125.130.0-255,1484,80359,74,112714
25216,0.001285,74.125.130.0-255,2902,83261,74,112714
25217,0.001287,172.31.40.0-255,66,83327,74,112714
25218,0.001299,172.31.40.0-255,66,83393,74,112714
25219,0.001301,74.125.130.0-255,1125,84518,74,112714
25220,0.002023,74.125.130.0-255,1484,86002,74,112714
25221,0.002031,172.31.40.0-255,66,86068,74,112714
25222,0.002038,74.125.130.0-255,2902,88970,74,112714
25223,0.002039,172.31.40.0-255,66,89036,74,112714
25224,0.002042,74.125.130.0-255,1484,90520,74,112714
25225,0.002067,74.125.130.0-255,4320,94840,74,112714
25226,0.002069,172.31.40.0-255,66,94906,74,112714
25227,0.004099,74.125.130.0-255,2902,97808,74,112714
25228,0.004103,172.31.40.0-255,66,97874,74,112714
25229,0.00413,74.125.130.0-255,2902,100776,74,112714
25230,0.004133,172.31.40.0-255,66,100842,74,112714
25231,0.006145,74.125.130.0-255,2902,103744,74,112714
25232,0.006151,172.31.40.0-255,66,103810,74,112714
25233,0.006172,74.125.130.0-255,2902,106712,74,112714
25234,0.006175,172.31.40.0-255,66,106778,74,112714
25235,0.008186,74.125.130.0-255,2902,109680,74,112714
25236,0.008194,172.31.40.0-255,66,109746,74,112714
25237,0.008215,74.125.130.0-255,2902,112648,74,112714
25238,0.008218,172.31.40.0-255,66,112714,74,112714
25239,0.0,172.217.194.0-255,153,153,74,137013
25240,2.5e-05,172.31.40.0-255,66,219,74,137013
25241,3.2e-05,172.217.194.0-255,1484,1703,74,137013
25242,3.7e-05,172.31.40.0-255,66,1769,74,137013
25243,4.9e-05,172.217.194.0-255,2902,4671,74,137013
25244,5.2e-05,172.31.40.0-255,66,4737,74,137013
25245,6.4e-05,172.31.40.0-255,66,4803,74,137013
25246,8.6e-05,172.217.194.0-255,2077,6880,74,137013
25247,8.8e-05,172.31.40.0-255,66,6946,74,137013
25248,0.000342,172.217.194.0-255,1484,8430,74,137013
25249,0.000349,172.31.40.0-255,66,8496,74,137013
25250,0.000355,172.217.194.0-255,2902,11398,74,137013
25251,0.000358,172.31.40.0-255,66,11464,74,137013
25252,0.000369,172.217.194.0-255,5738,17202,74,137013
25253,0.000372,172.31.40.0-255,66,17268,74,137013
25254,0.000402,172.31.40.0-255,66,17334,74,137013
25255,0.000486,172.217.194.0-255,1484,18818,74,137013
25256,0.00049,172.31.40.0-255,66,18884,74,137013
25257,0.000518,172.217.194.0-255,2902,21786,74,137013
25258,0.000521,172.31.40.0-255,66,21852,74,137013
25259,0.000528,172.217.194.0-255,5738,27590,74,137013
25260,0.000531,172.31.40.0-255,66,27656,74,137013
25261,0.000553,172.217.194.0-255,4320,31976,74,137013
25262,0.000556,172.31.40.0-255,66,32042,74,137013
25263,0.000591,172.31.40.0-255,66,32108,74,137013
25264,0.000634,172.31.40.0-255,66,32174,74,137013
25265,0.000637,172.217.194.0-255,647,32821,74,137013
25266,0.00064,172.31.40.0-255,66,32887,74,137013
25267,0.000878,172.217.194.0-255,1484,34371,74,137013
25268,0.000897,172.217.194.0-255,2902,37273,74,137013
25269,0.000903,172.217.194.0-255,5738,43011,74,137013
25270,0.000911,172.31.40.0-255,66,43077,74,137013
25271,0.000914,172.31.40.0-255,66,43143,74,137013
25272,0.000919,172.217.194.0-255,2902,46045,74,137013
25273,0.000921,172.31.40.0-255,66,46111,74,137013
25274,0.000965,172.31.40.0-255,66,46177,74,137013
25275,0.000977,172.31.40.0-255,66,46243,74,137013
25276,0.001375,172.217.194.0-255,1484,47727,74,137013
25277,0.001382,172.217.194.0-255,2902,50629,74,137013
25278,0.001385,172.31.40.0-255,66,50695,74,137013
25279,0.001437,172.217.194.0-255,5738,56433,74,137013
25280,0.00144,172.31.40.0-255,66,56499,74,137013
25281,0.001448,172.31.40.0-255,66,56565,74,137013
25282,0.001473,172.217.194.0-255,5738,62303,74,137013
25283,0.001476,172.31.40.0-255,66,62369,74,137013
25284,0.001512,172.31.40.0-255,66,62435,74,137013
25285,0.001556,172.217.194.0-255,1484,63919,74,137013
25286,0.001561,172.217.194.0-255,2902,66821,74,137013
25287,0.001564,172.31.40.0-255,66,66887,74,137013
25288,0.001586,172.217.194.0-255,5738,72625,74,137013
25289,0.001589,172.31.40.0-255,66,72691,74,137013
25290,0.001625,172.31.40.0-255,66,72757,74,137013
25291,0.001634,172.31.40.0-255,66,72823,74,137013
25292,0.001662,172.217.194.0-255,2902,75725,74,137013
25293,0.001665,172.31.40.0-255,66,75791,74,137013
25294,0.00168,172.217.194.0-255,766,76557,74,137013
25295,0.001744,172.217.194.0-255,1484,78041,74,137013
25296,0.001748,172.31.40.0-255,66,78107,74,137013
25297,0.001778,172.217.194.0-255,2902,81009,74,137013
25298,0.001781,172.31.40.0-255,66,81075,74,137013
25299,0.001785,172.217.194.0-255,2902,83977,74,137013
25300,0.001787,172.31.40.0-255,66,84043,74,137013
25301,0.001811,172.217.194.0-255,2902,86945,74,137013
25302,0.001813,172.31.40.0-255,66,87011,74,137013
25303,0.00183,172.31.40.0-255,66,87077,74,137013
25304,0.001861,172.217.194.0-255,1484,88561,74,137013
25305,0.001873,172.31.40.0-255,66,88627,74,137013
25306,0.0019,172.217.194.0-255,1484,90111,74,137013
25307,0.001904,172.217.194.0-255,2902,93013,74,137013
25308,0.001906,172.31.40.0-255,66,93079,74,137013
25309,0.001926,172.217.194.0-255,5738,98817,74,137013
25310,0.001928,172.31.40.0-255,66,98883,74,137013
25311,0.001968,172.31.40.0-255,66,98949,74,137013
25312,0.002013,172.31.40.0-255,66,99015,74,137013
25313,0.002017,172.217.194.0-255,1484,100499,74,137013
25314,0.002055,172.31.40.0-255,66,100565,74,137013
25315,0.002074,172.31.40.0-255,66,100631,74,137013
25316,0.002103,172.217.194.0-255,1484,102115,74,137013
25317,0.002106,172.217.194.0-255,766,102881,74,137013
25318,0.002108,172.31.40.0-255,66,102947,74,137013
25319,0.002111,172.217.194.0-255,1484,104431,74,137013
25320,0.002117,172.217.194.0-255,4320,108751,74,137013
25321,0.002119,172.31.40.0-255,66,108817,74,137013
25322,0.002133,172.31.40.0-255,66,108883,74,137013
25323,0.002156,172.217.194.0-255,2902,111785,74,137013
25324,0.002158,172.31.40.0-255,66,111851,74,137013
25325,0.00217,172.31.40.0-255,66,111917,74,137013
25326,0.00224,172.31.40.0-255,66,111983,74,137013
25327,0.002254,172.31.40.0-255,66,112049,74,137013
25328,0.002269,172.31.40.0-255,66,112115,74,137013
25329,0.002284,172.31.40.0-255,66,112181,74,137013
25330,0.00231,172.217.194.0-255,2902,115083,74,137013
25331,0.002313,172.31.40.0-255,66,115149,74,137013
25332,0.002318,172.217.194.0-255,4320,119469,74,137013
25333,0.00232,172.31.40.0-255,66,119535,74,137013
25334,0.004567,172.217.194.0-255,1484,121019,74,137013
25335,0.0046,172.217.194.0-255,4320,125339,74,137013
25336,0.004605,172.31.40.0-255,66,125405,74,137013
25337,0.006896,172.217.194.0-255,5738,131143,74,137013
25338,0.006911,172.31.40.0-255,66,131209,74,137013
25339,0.009188,172.217.194.0-255,5738,136947,74,137013
25340,0.009207,172.31.40.0-255,66,137013,74,137013
25341,0.0,74.125.24.0-255,152,152,74,71558
25342,2.5e-05,172.31.40.0-255,66,218,74,71558
25343,3.3e-05,74.125.24.0-255,1484,1702,74,71558
25344,3.7e-05,172.31.40.0-255,66,1768,74,71558
25345,4.3e-05,74.125.24.0-255,2902,4670,74,71558
25346,4.5e-05,172.31.40.0-255,66,4736,74,71558
25347,5e-05,74.125.24.0-255,2902,7638,74,71558
25348,5.3e-05,172.31.40.0-255,66,7704,74,71558
25349,6.5e-05,172.31.40.0-255,66,7770,74,71558
25350,8.6e-05,74.125.24.0-255,1484,9254,74,71558
25351,8.8e-05,172.31.40.0-255,66,9320,74,71558
25352,0.000108,74.125.24.0-255,1484,10804,74,71558
25353,0.000111,172.31.40.0-255,66,10870,74,71558
25354,0.000124,74.125.24.0-255,2902,13772,74,71558
25355,0.000127,172.31.40.0-255,66,13838,74,71558
25356,0.000149,74.125.24.0-255,4320,18158,74,71558
25357,0.000151,172.31.40.0-255,66,18224,74,71558
25358,0.000175,74.125.24.0-255,5379,23603,74,71558
25359,0.000177,172.31.40.0-255,66,23669,74,71558
25360,0.000343,74.125.24.0-255,1484,25153,74,71558
25361,0.000347,172.31.40.0-255,66,25219,74,71558
25362,0.000353,74.125.24.0-255,2902,28121,74,71558
25363,0.000355,172.31.40.0-255,66,28187,74,71558
25364,0.000367,74.125.24.0-255,1484,29671,74,71558
25365,0.00037,172.31.40.0-255,66,29737,74,71558
25366,0.000392,74.125.24.0-255,4320,34057,74,71558
25367,0.000394,172.31.40.0-255,66,34123,74,71558
25368,0.000404,172.31.40.0-255,66,34189,74,71558
25369,0.000446,172.31.40.0-255,66,34255,74,71558
25370,0.00045,74.125.24.0-255,2543,36798,74,71558
25371,0.000452,172.31.40.0-255,66,36864,74,71558
25372,0.000836,74.125.24.0-255,646,37510,74,71558
25373,0.000982,172.31.40.0-255,66,37576,74,71558
25374,0.001886,74.125.24.0-255,1484,39060,74,71558
25375,0.001896,74.125.24.0-255,2902,41962,74,71558
25376,0.001899,172.31.40.0-255,66,42028,74,71558
25377,0.00194,74.125.24.0-255,5738,47766,74,71558
25378,0.001943,172.31.40.0-255,66,47832,74,71558
25379,0.001979,74.125.24.0-255,6248,54080,74,71558
25380,0.001982,172.31.40.0-255,66,54146,74,71558
25381,0.004311,74.125.24.0-255,5738,59884,74,71558
25382,0.004318,172.31.40.0-255,66,59950,74,71558
25383,0.006665,74.125.24.0-255,5738,65688,74,71558
25384,0.006671,172.31.40.0-255,66,65754,74,71558
25385,0.008989,74.125.24.0-255,5738,71492,74,71558
25386,0.008996,172.31.40.0-255,66,71558,74,71558
25387,0.0,74.125.24.0-255,150,150,74,195194
25388,2.3e-05,172.31.40.0-255,66,216,74,195194
25389,2.8e-05,74.125.24.0-255,1484,1700,74,195194
25390,3.2e-05,172.31.40.0-255,66,1766,74,195194
25391,3.7e-05,74.125.24.0-255,2902,4668,74,195194
25392,4.1e-05,172.31.40.0-255,66,4734,74,195194
25393,5e-05,172.31.40.0-255,66,4800,74,195194
25394,5.4e-05,74.125.24.0-255,2117,6917,74,195194
25395,5.6e-05,172.31.40.0-255,66,6983,74,195194
25396,8.7e-05,74.125.24.0-255,2902,9885,74,195194
25397,9.1e-05,172.31.40.0-255,66,9951,74,195194
25398,9.5e-05,74.125.24.0-255,4320,14271,74,195194
25399,9.8e-05,172.31.40.0-255,66,14337,74,195194
25400,0.000108,74.125.24.0-255,1484,15821,74,195194
25401,0.00011,172.31.40.0-255,66,15887,74,195194
25402,0.000135,172.31.40.0-255,66,15953,74,195194
25403,0.000137,74.125.24.0-255,1125,17078,74,195194
25404,0.000139,172.31.40.0-255,66,17144,74,195194
25405,0.000258,74.125.24.0-255,1484,18628,74,195194
25406,0.000261,172.31.40.0-255,66,18694,74,195194
25407,0.000265,74.125.24.0-255,2902,21596,74,195194
25408,0.000268,172.31.40.0-255,66,21662,74,195194
25409,0.000296,74.125.24.0-255,5738,27400,74,195194
25410,0.000298,172.31.40.0-255,66,27466,74,195194
25411,0.000307,172.31.40.0-255,66,27532,74,195194
25412,0.00048,74.125.24.0-255,1484,29016,74,195194
25413,0.000483,172.31.40.0-255,66,29082,74,195194
25414,0.000488,74.125.24.0-255,2902,31984,74,195194
25415,0.00049,172.31.40.0-255,66,32050,74,195194
25416,0.000492,74.125.24.0-255,1484,33534,74,195194
25417,0.000513,74.125.24.0-255,4320,37854,74,195194
25418,0.000516,172.31.40.0-255,66,37920,74,195194
25419,0.000545,74.125.24.0-255,5738,43658,74,195194
25420,0.000547,172.31.40.0-255,66,43724,74,195194
25421,0.000563,74.125.24.0-255,1705,45429,74,195194
25422,0.000565,172.31.40.0-255,66,45495,74,195194
25423,0.000699,74.125.24.0-255,1484,46979,74,195194
25424,0.000715,74.125.24.0-255,2902,49881,74,195194
25425,0.000718,172.31.40.0-255,66,49947,74,195194
25426,0.000739,74.125.24.0-255,5738,55685,74,195194
25427,0.000741,172.31.40.0-255,66,55751,74,195194
25428,0.00075,172.31.40.0-255,66,55817,74,195194
25429,0.000782,74.125.24.0-255,4320,60137,74,195194
25430,0.000784,172.31.40.0-255,66,60203,74,195194
25431,0.000801,74.125.24.0-255,2902,63105,74,195194
25432,0.000803,172.31.40.0-255,66,63171,74,195194
25433,0.000813,172.31.40.0-255,66,63237,74,195194
25434,0.000851,74.125.24.0-255,1125,64362,74,195194
25435,0.001257,74.125.24.0-255,1484,65846,74,195194
25436,0.001263,172.31.40.0-255,66,65912,74,195194
25437,0.00127,74.125.24.0-255,2902,68814,74,195194
25438,0.001273,172.31.40.0-255,66,68880,74,195194
25439,0.001278,74.125.24.0-255,5738,74618,74,195194
25440,0.001281,172.31.40.0-255,66,74684,74,195194
25441,0.001318,172.31.40.0-255,66,74750,74,195194
25442,0.001329,172.31.40.0-255,66,74816,74,195194
25443,0.001354,74.125.24.0-255,3602,78418,74,195194
25444,0.001357,172.31.40.0-255,66,78484,74,195194
25445,0.001533,74.125.24.0-255,1484,79968,74,195194
25446,0.001539,74.125.24.0-255,2902,82870,74,195194
25447,0.001542,172.31.40.0-255,66,82936,74,195194
25448,0.001568,74.125.24.0-255,5738,88674,74,195194
25449,0.001571,172.31.40.0-255,66,88740,74,195194
25450,0.001574,74.125.24.0-255,1484,90224,74,195194
25451,0.00158,74.125.24.0-255,5738,95962,74,195194
25452,0.001583,172.31.40.0-255,66,96028,74,195194
25453,0.001605,74.125.24.0-255,2902,98930,74,195194
25454,0.001607,172.31.40.0-255,66,98996,74,195194
25455,0.001612,74.125.24.0-255,2902,101898,74,195194
25456,0.001614,172.31.40.0-255,66,101964,74,195194
25457,0.001647,172.31.40.0-255,66,102030,74,195194
25458,0.001832,74.125.24.0-255,1484,103514,74,195194
25459,0.001838,74.125.24.0-255,2902,106416,74,195194
25460,0.001841,172.31.40.0-255,66,106482,74,195194
25461,0.001854,74.125.24.0-255,2902,109384,74,195194
25462,0.001856,172.31.40.0-255,66,109450,74,195194
25463,0.001878,74.125.24.0-255,2902,112352,74,195194
25464,0.00188,172.31.40.0-255,66,112418,74,195194
25465,0.001887,74.125.24.0-255,5738,118156,74,195194
25466,0.001889,172.31.40.0-255,66,118222,74,195194
25467,0.001902,172.31.40.0-255,66,118288,74,195194
25468,0.001925,74.125.24.0-255,1484,119772,74,195194
25469,0.001932,74.125.24.0-255,5020,124792,74,195194
25470,0.001934,172.31.40.0-255,66,124858,74,195194
25471,0.002398,74.125.24.0-255,1484,126342,74,195194
25472,0.002404,74.125.24.0-255,2902,129244,74,195194
25473,0.002408,172.31.40.0-255,66,129310,74,195194
25474,0.002412,74.125.24.0-255,1484,130794,74,195194
25475,0.002432,74.125.24.0-255,4320,135114,74,195194
25476,0.002435,172.31.40.0-255,66,135180,74,195194
25477,0.002438,74.125.24.0-255,1484,136664,74,195194
25478,0.002449,172.31.40.0-255,66,136730,74,195194
25479,0.002486,172.31.40.0-255,66,136796,74,195194
25480,0.002554,74.125.24.0-255,1484,138280,74,195194
25481,0.002559,74.125.24.0-255,2902,141182,74,195194
25482,0.002562,172.31.40.0-255,66,141248,74,195194
25483,0.002581,74.125.24.0-255,5738,146986,74,195194
25484,0.002583,172.31.40.0-255,66,147052,74,195194
25485,0.002587,74.125.24.0-255,1484,148536,74,195194
25486,0.002622,172.31.40.0-255,66,148602,74,195194
25487,0.002649,172.31.40.0-255,66,148668,74,195194
25488,0.002659,172.31.40.0-255,66,148734,74,195194
25489,0.002709,74.125.24.0-255,1484,150218,74,195194
25490,0.002714,74.125.24.0-255,2902,153120,74,195194
25491,0.002717,172.31.40.0-255,66,153186,74,195194
25492,0.002734,74.125.24.0-255,2902,156088,74,195194
25493,0.002736,172.31.40.0-255,66,156154,74,195194
25494,0.00274,74.125.24.0-255,1484,157638,74,195194
25495,0.002804,172.31.40.0-255,66,157704,74,195194
25496,0.002826,74.125.24.0-255,5738,163442,74,195194
25497,0.002828,172.31.40.0-255,66,163508,74,195194
25498,0.002838,172.31.40.0-255,66,163574,74,195194
25499,0.002843,74.125.24.0-255,5020,168594,74,195194
25500,0.002846,172.31.40.0-255,66,168660,74,195194
25501,0.002849,74.125.24.0-255,1484,170144,74,195194
25502,0.002877,74.125.24.0-255,4320,174464,74,195194
25503,0.002881,172.31.40.0-255,66,174530,74,195194
25504,0.002894,172.31.40.0-255,66,174596,74,195194
25505,0.002905,172.31.40.0-255,66,174662,74,195194
25506,0.002943,74.125.24.0-255,1484,176146,74,195194
25507,0.002946,172.31.40.0-255,66,176212,74,195194
25508,0.002957,74.125.24.0-255,1484,177696,74,195194
25509,0.00296,172.31.40.0-255,66,177762,74,195194
25510,0.002987,172.31.40.0-255,66,177828,74,195194
25511,0.003004,172.31.40.0-255,66,177894,74,195194
25512,0.003006,74.125.24.0-255,1484,179378,74,195194
25513,0.003009,74.125.24.0-255,1484,180862,74,195194
25514,0.003011,172.31.40.0-255,66,180928,74,195194
25515,0.003033,74.125.24.0-255,3602,184530,74,195194
25516,0.003036,172.31.40.0-255,66,184596,74,195194
25517,0.003042,74.125.24.0-255,5738,190334,74,195194
25518,0.003044,172.31.40.0-255,66,190400,74,195194
25519,0.003092,74.125.24.0-255,4320,194720,74,195194
25520,0.003096,172.31.40.0-255,66,194786,74,195194
25521,0.003121,172.31.40.0-255,66,194852,74,195194
25522,0.003124,74.125.24.0-255,105,194957,74,195194
25523,0.004951,172.31.40.0-255,66,195023,74,195194
25524,0.00499,172.31.40.0-255,105,195128,74,195194
25525,0.007407,74.125.24.0-255,66,195194,74,195194
25526,0.0,172.217.27.0-255,152,152,74,75821
25527,2.4e-05,172.31.40.0-255,66,218,74,75821
25528,3.1e-05,172.217.27.0-255,1484,1702,74,75821
25529,3.5e-05,172.31.40.0-255,66,1768,74,75821
25530,4.1e-05,172.217.27.0-255,2902,4670,74,75821
25531,5.1e-05,172.31.40.0-255,66,4736,74,75821
25532,6.2e-05,172.31.40.0-255,66,4802,74,75821
25533,6.6e-05,172.217.27.0-255,2012,6814,74,75821
25534,6.9e-05,172.31.40.0-255,66,6880,74,75821
25535,0.000161,172.217.27.0-255,1484,8364,74,75821
25536,0.000164,172.31.40.0-255,66,8430,74,75821
25537,0.000169,172.217.27.0-255,2902,11332,74,75821
25538,0.000171,172.31.40.0-255,66,11398,74,75821
25539,0.000196,172.217.27.0-255,4320,15718,74,75821
25540,0.000199,172.31.40.0-255,66,15784,74,75821
25541,0.000217,172.217.27.0-255,1484,17268,74,75821
25542,0.000224,172.31.40.0-255,66,17334,74,75821
25543,0.000234,172.31.40.0-255,66,17400,74,75821
25544,0.000238,172.217.27.0-255,2902,20302,74,75821
25545,0.00024,172.31.40.0-255,66,20368,74,75821
25546,0.000269,172.217.27.0-255,4320,24688,74,75821
25547,0.000271,172.31.40.0-255,66,24754,74,75821
25548,0.000286,172.31.40.0-255,66,24820,74,75821
25549,0.00031,172.217.27.0-255,1484,26304,74,75821
25550,0.000312,172.31.40.0-255,66,26370,74,75821
25551,0.00033,172.31.40.0-255,66,26436,74,75821
25552,0.000332,172.217.27.0-255,392,26828,74,75821
25553,0.000334,172.31.40.0-255,66,26894,74,75821
25554,0.000601,172.217.27.0-255,351,27245,74,75821
25555,0.000805,172.217.27.0-255,1484,28729,74,75821
25556,0.00081,172.31.40.0-255,66,28795,74,75821
25557,0.000816,172.217.27.0-255,2902,31697,74,75821
25558,0.000818,172.31.40.0-255,66,31763,74,75821
25559,0.000824,172.217.27.0-255,4320,36083,74,75821
25560,0.000831,172.31.40.0-255,66,36149,74,75821
25561,0.000869,172.217.27.0-255,1484,37633,74,75821
25562,0.000884,172.31.40.0-255,66,37699,74,75821
25563,0.000901,172.31.40.0-255,66,37765,74,75821
25564,0.001614,172.217.27.0-255,1484,39249,74,75821
25565,0.001624,172.217.27.0-255,2902,42151,74,75821
25566,0.001628,172.31.40.0-255,66,42217,74,75821
25567,0.001636,172.217.27.0-255,5738,47955,74,75821
25568,0.001638,172.31.40.0-255,66,48021,74,75821
25569,0.001672,172.31.40.0-255,66,48087,74,75821
25570,0.001674,172.217.27.0-255,1484,49571,74,75821
25571,0.003306,172.217.27.0-255,4320,53891,74,75821
25572,0.003313,172.31.40.0-255,66,53957,74,75821
25573,0.004942,172.217.27.0-255,5738,59695,74,75821
25574,0.004945,172.31.40.0-255,66,59761,74,75821
25575,0.006584,172.217.27.0-255,4320,64081,74,75821
25576,0.006587,172.31.40.0-255,66,64147,74,75821
25577,0.006607,172.217.27.0-255,1484,65631,74,75821
25578,0.008225,172.217.27.0-255,4320,69951,74,75821
25579,0.008232,172.31.40.0-255,66,70017,74,75821
25580,0.009866,172.217.27.0-255,5738,75755,74,75821
25581,0.009873,172.31.40.0-255,66,75821,74,75821
25582,0.0,172.31.40.0-255,105,105,74,459
25583,0.000236,172.31.40.0-255,90,195,74,459
25584,0.000244,172.31.40.0-255,66,261,74,459
25585,0.002554,74.125.130.0-255,66,327,74,459
25586,0.002583,74.125.130.0-255,66,393,74,459
25587,0.002604,172.31.40.0-255,66,459,74,459
25588,0.0,74.125.24.0-255,213,213,74,114291
25589,2.2e-05,172.31.40.0-255,66,279,74,114291
25590,2.9e-05,74.125.24.0-255,1484,1763,74,114291
25591,3.4e-05,172.31.40.0-255,66,1829,74,114291
25592,4e-05,74.125.24.0-255,4320,6149,74,114291
25593,5e-05,172.31.40.0-255,66,6215,74,114291
25594,6.1e-05,172.31.40.0-255,66,6281,74,114291
25595,0.000304,74.125.24.0-255,1484,7765,74,114291
25596,0.00031,172.31.40.0-255,66,7831,74,114291
25597,0.000315,74.125.24.0-255,1484,9315,74,114291
25598,0.000317,172.31.40.0-255,66,9381,74,114291
25599,0.00035,74.125.24.0-255,1484,10865,74,114291
25600,0.000352,172.31.40.0-255,66,10931,74,114291
25601,0.000359,74.125.24.0-255,5738,16669,74,114291
25602,0.000362,172.31.40.0-255,66,16735,74,114291
25603,0.000376,172.31.40.0-255,66,16801,74,114291
25604,0.000405,74.125.24.0-255,5738,22539,74,114291
25605,0.000408,172.31.40.0-255,66,22605,74,114291
25606,0.000434,74.125.24.0-255,1484,24089,74,114291
25607,0.000437,172.31.40.0-255,66,24155,74,114291
25608,0.000442,74.125.24.0-255,2902,27057,74,114291
25609,0.000444,172.31.40.0-255,66,27123,74,114291
25610,0.00051,172.31.40.0-255,66,27189,74,114291
25611,0.000917,74.125.24.0-255,1484,28673,74,114291
25612,0.000922,172.31.40.0-255,66,28739,74,114291
25613,0.00093,74.125.24.0-255,2902,31641,74,114291
25614,0.000933,172.31.40.0-255,66,31707,74,114291
25615,0.000941,74.125.24.0-255,1484,33191,74,114291
25616,0.000943,172.31.40.0-255,66,33257,74,114291
25617,0.000977,74.125.24.0-255,4320,37577,74,114291
25618,0.00098,172.31.40.0-255,66,37643,74,114291
25619,0.00099,172.31.40.0-255,66,37709,74,114291
25620,0.001019,172.31.40.0-255,66,37775,74,114291
25621,0.001062,74.125.24.0-255,4320,42095,74,114291
25622,0.001065,172.31.40.0-255,66,42161,74,114291
25623,0.001071,74.125.24.0-255,5738,47899,74,114291
25624,0.001074,172.31.40.0-255,66,47965,74,114291
25625,0.001081,74.125.24.0-255,288,48253,74,114291
25626,0.001207,74.125.24.0-255,1484,49737,74,114291
25627,0.001212,172.31.40.0-255,66,49803,74,114291
25628,0.001218,74.125.24.0-255,2902,52705,74,114291
25629,0.00122,172.31.40.0-255,66,52771,74,114291
25630,0.00125,74.125.24.0-255,5738,58509,74,114291
25631,0.001252,172.31.40.0-255,66,58575,74,114291
25632,0.001295,172.31.40.0-255,66,58641,74,114291
25633,0.001326,74.125.24.0-255,5738,64379,74,114291
25634,0.001329,172.31.40.0-255,66,64445,74,114291
25635,0.00134,172.31.40.0-255,66,64511,74,114291
25636,0.001348,74.125.24.0-255,1484,65995,74,114291
25637,0.001371,74.125.24.0-255,1519,67514,74,114291
25638,0.001374,172.31.40.0-255,66,67580,74,114291
25639,0.001605,74.125.24.0-255,1484,69064,74,114291
25640,0.001613,74.125.24.0-255,2902,71966,74,114291
25641,0.001618,172.31.40.0-255,66,72032,74,114291
25642,0.001655,74.125.24.0-255,5738,77770,74,114291
25643,0.001658,172.31.40.0-255,66,77836,74,114291
25644,0.001665,74.125.24.0-255,5738,83574,74,114291
25645,0.001668,172.31.40.0-255,66,83640,74,114291
25646,0.001688,74.125.24.0-255,1821,85461,74,114291
25647,0.001694,172.31.40.0-255,66,85527,74,114291
25648,0.001705,172.31.40.0-255,66,85593,74,114291
25649,0.001708,74.125.24.0-255,1484,87077,74,114291
25650,0.001737,74.125.24.0-255,2902,89979,74,114291
25651,0.001739,172.31.40.0-255,66,90045,74,114291
25652,0.001743,74.125.24.0-255,1484,91529,74,114291
25653,0.001773,172.31.40.0-255,66,91595,74,114291
25654,0.00178,74.125.24.0-255,5738,97333,74,114291
25655,0.001782,172.31.40.0-255,66,97399,74,114291
25656,0.001805,74.125.24.0-255,766,98165,74,114291
25657,0.002838,172.31.40.0-255,66,98231,74,114291
25658,0.004064,74.125.24.0-255,4320,102551,74,114291
25659,0.004072,172.31.40.0-255,66,102617,74,114291
25660,0.005092,74.125.24.0-255,1484,104101,74,114291
25661,0.006334,74.125.24.0-255,4320,108421,74,114291
25662,0.006338,172.31.40.0-255,66,108487,74,114291
25663,0.008608,74.125.24.0-255,5738,114225,74,114291
25664,0.008615,172.31.40.0-255,66,114291,74,114291
25665,0.0,74.125.24.0-255,146,146,74,136575
25666,2.5e-05,172.31.40.0-255,66,212,74,136575
25667,3.2e-05,74.125.24.0-255,1484,1696,74,136575
25668,3.7e-05,172.31.40.0-255,66,1762,74,136575
25669,4.2e-05,74.125.24.0-255,2902,4664,74,136575
25670,4.5e-05,172.31.40.0-255,66,4730,74,136575
25671,6.4e-05,172.31.40.0-255,66,4796,74,136575
25672,6.8e-05,74.125.24.0-255,1984,6780,74,136575
25673,7.1e-05,172.31.40.0-255,66,6846,74,136575
25674,9e-05,74.125.24.0-255,1484,8330,74,136575
25675,9.3e-05,172.31.40.0-255,66,8396,74,136575
25676,0.000102,74.125.24.0-255,2902,11298,74,136575
25677,0.000105,172.31.40.0-255,66,11364,74,136575
25678,0.000111,74.125.24.0-255,5738,17102,74,136575
25679,0.000114,172.31.40.0-255,66,17168,74,136575
25680,0.000148,172.31.40.0-255,66,17234,74,136575
25681,0.000197,74.125.24.0-255,1484,18718,74,136575
25682,0.0002,172.31.40.0-255,66,18784,74,136575
25683,0.00023,74.125.24.0-255,2902,21686,74,136575
25684,0.000232,172.31.40.0-255,66,21752,74,136575
25685,0.000238,74.125.24.0-255,5738,27490,74,136575
25686,0.000241,172.31.40.0-255,66,27556,74,136575
25687,0.000276,74.125.24.0-255,5738,33294,74,136575
25688,0.000279,172.31.40.0-255,66,33360,74,136575
25689,0.000301,74.125.24.0-255,1125,34485,74,136575
25690,0.000304,172.31.40.0-255,66,34551,74,136575
25691,0.000318,172.31.40.0-255,66,34617,74,136575
25692,0.00033,172.31.40.0-255,66,34683,74,136575
25693,0.000332,74.125.24.0-255,402,35085,74,136575
25694,0.000367,74.125.24.0-255,372,35457,74,136575
25695,0.000657,74.125.24.0-255,1484,36941,74,136575
25696,0.000663,172.31.40.0-255,66,37007,74,136575
25697,0.00067,74.125.24.0-255,2902,39909,74,136575
25698,0.000673,172.31.40.0-255,66,39975,74,136575
25699,0.000684,74.125.24.0-255,5738,45713,74,136575
25700,0.000687,172.31.40.0-255,66,45779,74,136575
25701,0.000724,172.31.40.0-255,66,45845,74,136575
25702,0.000748,74.125.24.0-255,2902,48747,74,136575
25703,0.000751,172.31.40.0-255,66,48813,74,136575
25704,0.000779,172.31.40.0-255,66,48879,74,136575
25705,0.000985,74.125.24.0-255,1484,50363,74,136575
25706,0.00099,74.125.24.0-255,1484,51847,74,136575
25707,0.000993,172.31.40.0-255,66,51913,74,136575
25708,0.001005,74.125.24.0-255,1484,53397,74,136575
25709,0.001017,74.125.24.0-255,5738,59135,74,136575
25710,0.001019,172.31.40.0-255,66,59201,74,136575
25711,0.00106,172.31.40.0-255,66,59267,74,136575
25712,0.001079,172.31.40.0-255,66,59333,74,136575
25713,0.001221,74.125.24.0-255,1484,60817,74,136575
25714,0.001227,74.125.24.0-255,2902,63719,74,136575
25715,0.00123,172.31.40.0-255,66,63785,74,136575
25716,0.001236,74.125.24.0-255,2902,66687,74,136575
25717,0.001239,172.31.40.0-255,66,66753,74,136575
25718,0.001257,74.125.24.0-255,2902,69655,74,136575
25719,0.001259,172.31.40.0-255,66,69721,74,136575
25720,0.001275,172.31.40.0-255,66,69787,74,136575
25721,0.001315,74.125.24.0-255,5738,75525,74,136575
25722,0.001318,172.31.40.0-255,66,75591,74,136575
25723,0.001355,172.31.40.0-255,66,75657,74,136575
25724,0.001366,172.31.40.0-255,66,75723,74,136575
25725,0.001407,172.31.40.0-255,66,75789,74,136575
25726,0.001429,172.31.40.0-255,66,75855,74,136575
25727,0.001431,74.125.24.0-255,766,76621,74,136575
25728,0.001479,172.31.40.0-255,66,76687,74,136575
25729,0.001505,172.31.40.0-255,66,76753,74,136575
25730,0.001516,172.31.40.0-255,66,76819,74,136575
25731,0.001561,74.125.24.0-255,766,77585,74,136575
25732,0.00161,172.31.40.0-255,66,77651,74,136575
25733,0.001614,172.31.40.0-255,66,77717,74,136575
25734,0.001658,172.31.40.0-255,66,77783,74,136575
25735,0.001669,172.31.40.0-255,66,77849,74,136575
25736,0.001731,74.125.24.0-255,1484,79333,74,136575
25737,0.001738,74.125.24.0-255,2902,82235,74,136575
25738,0.001741,172.31.40.0-255,66,82301,74,136575
25739,0.001745,74.125.24.0-255,2902,85203,74,136575
25740,0.001748,172.31.40.0-255,66,85269,74,136575
25741,0.001781,74.125.24.0-255,2902,88171,74,136575
25742,0.001784,172.31.40.0-255,66,88237,74,136575
25743,0.00179,74.125.24.0-255,4320,92557,74,136575
25744,0.001792,172.31.40.0-255,66,92623,74,136575
25745,0.001808,172.31.40.0-255,66,92689,74,136575
25746,0.001815,74.125.24.0-255,5738,98427,74,136575
25747,0.001817,172.31.40.0-255,66,98493,74,136575
25748,0.001849,74.125.24.0-255,2184,100677,74,136575
25749,0.001856,172.31.40.0-255,66,100743,74,136575
25750,0.001883,74.125.24.0-255,1484,102227,74,136575
25751,0.001889,74.125.24.0-255,2902,105129,74,136575
25752,0.001899,74.125.24.0-255,1484,106613,74,136575
25753,0.001917,74.125.24.0-255,4320,110933,74,136575
25754,0.001921,74.125.24.0-255,2902,113835,74,136575
25755,0.001923,172.31.40.0-255,66,113901,74,136575
25756,0.001929,172.31.40.0-255,66,113967,74,136575
25757,0.001967,74.125.24.0-255,4320,118287,74,136575
25758,0.001992,172.31.40.0-255,66,118353,74,136575
25759,0.00202,74.125.24.0-255,1484,119837,74,136575
25760,0.002025,74.125.24.0-255,2902,122739,74,136575
25761,0.002029,74.125.24.0-255,2902,125641,74,136575
25762,0.002047,74.125.24.0-255,2902,128543,74,136575
25763,0.00205,172.31.40.0-255,66,128609,74,136575
25764,0.002055,172.31.40.0-255,66,128675,74,136575
25765,0.002114,172.31.40.0-255,66,128741,74,136575
25766,0.002157,172.31.40.0-255,66,128807,74,136575
25767,0.002169,74.125.24.0-255,5020,133827,74,136575
25768,0.002177,74.125.24.0-255,2472,136299,74,136575
25769,0.00218,74.125.24.0-255,105,136404,74,136575
25770,0.002187,172.31.40.0-255,66,136470,74,136575
25771,0.009918,172.31.40.0-255,105,136575,74,136575
25772,0.0,172.217.194.0-255,153,153,74,87409
25773,2.5e-05,172.31.40.0-255,66,219,74,87409
25774,3.2e-05,172.217.194.0-255,1484,1703,74,87409
25775,3.7e-05,172.31.40.0-255,66,1769,74,87409
25776,4.3e-05,172.217.194.0-255,2902,4671,74,87409
25777,5.4e-05,172.31.40.0-255,66,4737,74,87409
25778,7.7e-05,172.31.40.0-255,66,4803,74,87409
25779,8.1e-05,172.217.194.0-255,2021,6824,74,87409
25780,8.4e-05,172.31.40.0-255,66,6890,74,87409
25781,0.000298,172.217.194.0-255,1484,8374,74,87409
25782,0.000303,172.31.40.0-255,66,8440,74,87409
25783,0.00031,172.217.194.0-255,2902,11342,74,87409
25784,0.000313,172.31.40.0-255,66,11408,74,87409
25785,0.000322,172.217.194.0-255,4320,15728,74,87409
25786,0.000325,172.31.40.0-255,66,15794,74,87409
25787,0.000353,172.217.194.0-255,1484,17278,74,87409
25788,0.000356,172.31.40.0-255,66,17344,74,87409
25789,0.000366,172.31.40.0-255,66,17410,74,87409
25790,0.000439,172.217.194.0-255,1484,18894,74,87409
25791,0.000442,172.31.40.0-255,66,18960,74,87409
25792,0.000468,172.217.194.0-255,2902,21862,74,87409
25793,0.00047,172.31.40.0-255,66,21928,74,87409
25794,0.000476,172.217.194.0-255,5738,27666,74,87409
25795,0.000479,172.31.40.0-255,66,27732,74,87409
25796,0.000521,172.31.40.0-255,66,27798,74,87409
25797,0.000532,172.31.40.0-255,66,27864,74,87409
25798,0.000587,172.217.194.0-255,1431,29295,74,87409
25799,0.00059,172.31.40.0-255,66,29361,74,87409
25800,0.000683,172.217.194.0-255,1484,30845,74,87409
25801,0.00069,172.217.194.0-255,2902,33747,74,87409
25802,0.000704,172.31.40.0-255,66,33813,74,87409
25803,0.000716,172.217.194.0-255,4320,38133,74,87409
25804,0.000733,172.217.194.0-255,1484,39617,74,87409
25805,0.000749,172.31.40.0-255,66,39683,74,87409
25806,0.000808,172.31.40.0-255,66,39749,74,87409
25807,0.000874,172.217.194.0-255,1484,41233,74,87409
25808,0.000881,172.217.194.0-255,2902,44135,74,87409
25809,0.000899,172.217.194.0-255,5738,49873,74,87409
25810,0.000907,172.31.40.0-255,66,49939,74,87409
25811,0.000917,172.217.194.0-255,2902,52841,74,87409
25812,0.000922,172.31.40.0-255,66,52907,74,87409
25813,0.000951,172.217.194.0-255,1484,54391,74,87409
25814,0.001032,172.31.40.0-255,66,54457,74,87409
25815,0.001058,172.217.194.0-255,1484,55941,74,87409
25816,0.001064,172.217.194.0-255,2902,58843,74,87409
25817,0.001066,172.217.194.0-255,1484,60327,74,87409
25818,0.00107,172.31.40.0-255,66,60393,74,87409
25819,0.001097,172.217.194.0-255,4320,64713,74,87409
25820,0.001131,172.31.40.0-255,66,64779,74,87409
25821,0.001157,172.31.40.0-255,66,64845,74,87409
25822,0.002436,172.217.194.0-255,1484,66329,74,87409
25823,0.002447,172.217.194.0-255,2902,69231,74,87409
25824,0.002451,172.31.40.0-255,66,69297,74,87409
25825,0.002479,172.217.194.0-255,5738,75035,74,87409
25826,0.00251,172.217.194.0-255,2902,77937,74,87409
25827,0.002566,172.217.194.0-255,3602,81539,74,87409
25828,0.006946,172.31.40.0-255,66,81605,74,87409
25829,0.009537,172.217.194.0-255,5738,87343,74,87409
25830,0.00955,172.31.40.0-255,66,87409,74,87409
25831,0.0,74.125.24.0-255,152,152,74,80358
25832,2.3e-05,172.31.40.0-255,66,218,74,80358
25833,3e-05,74.125.24.0-255,1484,1702,74,80358
25834,3.5e-05,172.31.40.0-255,66,1768,74,80358
25835,4.9e-05,74.125.24.0-255,2902,4670,74,80358
25836,5.3e-05,172.31.40.0-255,66,4736,74,80358
25837,6.5e-05,172.31.40.0-255,66,4802,74,80358
25838,8.2e-05,172.31.40.0-255,66,4868,74,80358
25839,0.000108,74.125.24.0-255,3961,8829,74,80358
25840,0.000111,172.31.40.0-255,66,8895,74,80358
25841,0.000176,74.125.24.0-255,1484,10379,74,80358
25842,0.000179,172.31.40.0-255,66,10445,74,80358
25843,0.000183,74.125.24.0-255,2902,13347,74,80358
25844,0.000186,172.31.40.0-255,66,13413,74,80358
25845,0.000212,74.125.24.0-255,4320,17733,74,80358
25846,0.000215,172.31.40.0-255,66,17799,74,80358
25847,0.00022,74.125.24.0-255,5738,23537,74,80358
25848,0.000223,172.31.40.0-255,66,23603,74,80358
25849,0.000226,74.125.24.0-255,1484,25087,74,80358
25850,0.000233,172.31.40.0-255,66,25153,74,80358
25851,0.000268,172.31.40.0-255,66,25219,74,80358
25852,0.000283,172.31.40.0-255,66,25285,74,80358
25853,0.000286,74.125.24.0-255,394,25679,74,80358
25854,0.000288,172.31.40.0-255,66,25745,74,80358
25855,0.000489,74.125.24.0-255,119,25864,74,80358
25856,0.000495,172.31.40.0-255,66,25930,74,80358
25857,0.00072,74.125.24.0-255,1484,27414,74,80358
25858,0.000726,74.125.24.0-255,2902,30316,74,80358
25859,0.000728,74.125.24.0-255,1484,31800,74,80358
25860,0.000734,172.31.40.0-255,66,31866,74,80358
25861,0.000742,172.31.40.0-255,66,31932,74,80358
25862,0.000765,74.125.24.0-255,4320,36252,74,80358
25863,0.000808,74.125.24.0-255,4320,40572,74,80358
25864,0.000819,172.31.40.0-255,66,40638,74,80358
25865,0.000861,172.31.40.0-255,66,40704,74,80358
25866,0.00105,74.125.24.0-255,1484,42188,74,80358
25867,0.001056,74.125.24.0-255,1484,43672,74,80358
25868,0.001065,172.31.40.0-255,66,43738,74,80358
25869,0.001095,74.125.24.0-255,1484,45222,74,80358
25870,0.001102,74.125.24.0-255,5738,50960,74,80358
25871,0.001137,172.31.40.0-255,66,51026,74,80358
25872,0.001161,74.125.24.0-255,2184,53210,74,80358
25873,0.00118,172.31.40.0-255,66,53276,74,80358
25874,0.00179,74.125.24.0-255,1484,54760,74,80358
25875,0.001796,74.125.24.0-255,2902,57662,74,80358
25876,0.001799,172.31.40.0-255,66,57728,74,80358
25877,0.001807,74.125.24.0-255,5738,63466,74,80358
25878,0.001847,172.31.40.0-255,66,63532,74,80358
25879,0.001851,74.125.24.0-255,2902,66434,74,80358
25880,0.001855,172.31.40.0-255,66,66500,74,80358
25881,0.001888,74.125.24.0-255,2184,68684,74,80358
25882,0.001909,172.31.40.0-255,66,68750,74,80358
25883,0.003972,74.125.24.0-255,5738,74488,74,80358
25884,0.003979,172.31.40.0-255,66,74554,74,80358
25885,0.006009,74.125.24.0-255,5738,80292,74,80358
25886,0.00896,172.31.40.0-255,66,80358,74,80358
25887,0.0,74.125.24.0-255,153,153,74,156823
25888,2.1e-05,172.31.40.0-255,66,219,74,156823
25889,2.8e-05,74.125.24.0-255,1484,1703,74,156823
25890,3.2e-05,172.31.40.0-255,66,1769,74,156823
25891,3.7e-05,74.125.24.0-255,2902,4671,74,156823
25892,4e-05,172.31.40.0-255,66,4737,74,156823
25893,5e-05,172.31.40.0-255,66,4803,74,156823
25894,5.4e-05,74.125.24.0-255,2039,6842,74,156823
25895,5.6e-05,172.31.40.0-255,66,6908,74,156823
25896,9.9e-05,74.125.24.0-255,2902,9810,74,156823
25897,0.000102,172.31.40.0-255,66,9876,74,156823
25898,0.000118,74.125.24.0-255,4320,14196,74,156823
25899,0.00012,172.31.40.0-255,66,14262,74,156823
25900,0.000142,172.31.40.0-255,66,14328,74,156823
25901,0.000145,74.125.24.0-255,1125,15453,74,156823
25902,0.000147,172.31.40.0-255,66,15519,74,156823
25903,0.000242,74.125.24.0-255,1484,17003,74,156823
25904,0.000245,172.31.40.0-255,66,17069,74,156823
25905,0.000249,74.125.24.0-255,2902,19971,74,156823
25906,0.000251,172.31.40.0-255,66,20037,74,156823
25907,0.000269,74.125.24.0-255,5738,25775,74,156823
25908,0.000272,172.31.40.0-255,66,25841,74,156823
25909,0.000317,172.31.40.0-255,66,25907,74,156823
25910,0.000326,172.31.40.0-255,66,25973,74,156823
25911,0.00037,74.125.24.0-255,1436,27409,74,156823
25912,0.000372,172.31.40.0-255,66,27475,74,156823
25913,0.000383,74.125.24.0-255,375,27850,74,156823
25914,0.000385,172.31.40.0-255,66,27916,74,156823
25915,0.000644,74.125.24.0-255,1484,29400,74,156823
25916,0.000661,74.125.24.0-255,2902,32302,74,156823
25917,0.000665,172.31.40.0-255,66,32368,74,156823
25918,0.000671,74.125.24.0-255,5738,38106,74,156823
25919,0.000674,172.31.40.0-255,66,38172,74,156823
25920,0.000695,74.125.24.0-255,5738,43910,74,156823
25921,0.000697,172.31.40.0-255,66,43976,74,156823
25922,0.000725,172.31.40.0-255,66,44042,74,156823
25923,0.000737,172.31.40.0-255,66,44108,74,156823
25924,0.000798,172.31.40.0-255,66,44174,74,156823
25925,0.000819,74.125.24.0-255,1484,45658,74,156823
25926,0.000854,172.31.40.0-255,66,45724,74,156823
25927,0.000864,172.31.40.0-255,66,45790,74,156823
25928,0.000875,172.31.40.0-255,66,45856,74,156823
25929,0.000901,74.125.24.0-255,5020,50876,74,156823
25930,0.000904,172.31.40.0-255,66,50942,74,156823
25931,0.000946,74.125.24.0-255,1484,52426,74,156823
25932,0.000957,74.125.24.0-255,2902,55328,74,156823
25933,0.000959,172.31.40.0-255,66,55394,74,156823
25934,0.000962,74.125.24.0-255,1484,56878,74,156823
25935,0.000981,74.125.24.0-255,5738,62616,74,156823
25936,0.000983,172.31.40.0-255,66,62682,74,156823
25937,0.001016,74.125.24.0-255,4320,67002,74,156823
25938,0.001019,172.31.40.0-255,66,67068,74,156823
25939,0.001032,74.125.24.0-255,1125,68193,74,156823
25940,0.001051,74.125.24.0-255,5738,73931,74,156823
25941,0.001053,172.31.40.0-255,66,73997,74,156823
25942,0.001078,172.31.40.0-255,66,74063,74,156823
25943,0.001112,172.31.40.0-255,66,74129,74,156823
25944,0.001133,172.31.40.0-255,66,74195,74,156823
25945,0.001143,172.31.40.0-255,66,74261,74,156823
25946,0.001233,74.125.24.0-255,1484,75745,74,156823
25947,0.001239,74.125.24.0-255,2902,78647,74,156823
25948,0.001242,172.31.40.0-255,66,78713,74,156823
25949,0.001248,74.125.24.0-255,4320,83033,74,156823
25950,0.001251,172.31.40.0-255,66,83099,74,156823
25951,0.001262,74.125.24.0-255,1484,84583,74,156823
25952,0.001282,172.31.40.0-255,66,84649,74,156823
25953,0.001358,74.125.24.0-255,1484,86133,74,156823
25954,0.001361,74.125.24.0-255,1484,87617,74,156823
25955,0.001366,172.31.40.0-255,66,87683,74,156823
25956,0.001377,74.125.24.0-255,1484,89167,74,156823
25957,0.001385,74.125.24.0-255,5738,94905,74,156823
25958,0.001387,172.31.40.0-255,66,94971,74,156823
25959,0.001426,172.31.40.0-255,66,95037,74,156823
25960,0.001468,172.31.40.0-255,66,95103,74,156823
25961,0.001485,74.125.24.0-255,3602,98705,74,156823
25962,0.001487,172.31.40.0-255,66,98771,74,156823
25963,0.001872,74.125.24.0-255,1484,100255,74,156823
25964,0.001878,74.125.24.0-255,2902,103157,74,156823
25965,0.001882,172.31.40.0-255,66,103223,74,156823
25966,0.001889,74.125.24.0-255,5738,108961,74,156823
25967,0.001891,172.31.40.0-255,66,109027,74,156823
25968,0.001914,172.31.40.0-255,66,109093,74,156823
25969,0.001946,74.125.24.0-255,4320,113413,74,156823
25970,0.001949,172.31.40.0-255,66,113479,74,156823
25971,0.001962,172.31.40.0-255,66,113545,74,156823
25972,0.001979,74.125.24.0-255,2902,116447,74,156823
25973,0.001982,172.31.40.0-255,66,116513,74,156823
25974,0.001986,74.125.24.0-255,2902,119415,74,156823
25975,0.001988,172.31.40.0-255,66,119481,74,156823
25976,0.002002,74.125.24.0-255,1484,120965,74,156823
25977,0.002018,172.31.40.0-255,66,121031,74,156823
25978,0.00205,172.31.40.0-255,66,121097,74,156823
25979,0.002076,172.31.40.0-255,66,121163,74,156823
25980,0.002079,74.125.24.0-255,1484,122647,74,156823
25981,0.0021,74.125.24.0-255,2902,125549,74,156823
25982,0.002103,172.31.40.0-255,66,125615,74,156823
25983,0.002107,74.125.24.0-255,1484,127099,74,156823
25984,0.002122,74.125.24.0-255,4320,131419,74,156823
25985,0.002124,172.31.40.0-255,66,131485,74,156823
25986,0.002166,172.31.40.0-255,66,131551,74,156823
25987,0.002189,74.125.24.0-255,5738,137289,74,156823
25988,0.002192,172.31.40.0-255,66,137355,74,156823
25989,0.002214,172.31.40.0-255,66,137421,74,156823
25990,0.002237,74.125.24.0-255,1484,138905,74,156823
25991,0.002263,74.125.24.0-255,2902,141807,74,156823
25992,0.002266,172.31.40.0-255,66,141873,74,156823
25993,0.002273,74.125.24.0-255,5738,147611,74,156823
25994,0.002276,172.31.40.0-255,66,147677,74,156823
25995,0.002279,74.125.24.0-255,1484,149161,74,156823
25996,0.002315,172.31.40.0-255,66,149227,74,156823
25997,0.002317,74.125.24.0-255,1484,150711,74,156823
25998,0.002368,172.31.40.0-255,66,150777,74,156823
25999,0.00465,74.125.24.0-255,5738,156515,74,156823
26000,0.004656,172.31.40.0-255,66,156581,74,156823
26001,0.0069,74.125.24.0-255,242,156823,74,156823
26002,0.0,172.217.194.0-255,153,153,74,174449
26003,2.5e-05,172.31.40.0-255,66,219,74,174449
26004,3.3e-05,172.217.194.0-255,1484,1703,74,174449
26005,3.7e-05,172.31.40.0-255,66,1769,74,174449
26006,4e-05,172.217.194.0-255,1484,3253,74,174449
26007,5.1e-05,172.31.40.0-255,66,3319,74,174449
26008,5.8e-05,172.217.194.0-255,4320,7639,74,174449
26009,6.1e-05,172.31.40.0-255,66,7705,74,174449
26010,0.000127,172.31.40.0-255,66,7771,74,174449
26011,0.000138,172.31.40.0-255,66,7837,74,174449
26012,0.000153,172.217.194.0-255,2902,10739,74,174449
26013,0.00016,172.31.40.0-255,66,10805,74,174449
26014,0.000165,172.217.194.0-255,3961,14766,74,174449
26015,0.000168,172.31.40.0-255,66,14832,74,174449
26016,0.000267,172.217.194.0-255,1484,16316,74,174449
26017,0.000271,172.31.40.0-255,66,16382,74,174449
26018,0.000278,172.217.194.0-255,2902,19284,74,174449
26019,0.00028,172.31.40.0-255,66,19350,74,174449
26020,0.000312,172.217.194.0-255,5738,25088,74,174449
26021,0.000315,172.31.40.0-255,66,25154,74,174449
26022,0.000351,172.217.194.0-255,2902,28056,74,174449
26023,0.000353,172.31.40.0-255,66,28122,74,174449
26024,0.000389,172.31.40.0-255,66,28188,74,174449
26025,0.000394,172.217.194.0-255,2902,31090,74,174449
26026,0.000397,172.31.40.0-255,66,31156,74,174449
26027,0.000435,172.31.40.0-255,66,31222,74,174449
26028,0.000437,172.217.194.0-255,429,31651,74,174449
26029,0.000439,172.31.40.0-255,66,31717,74,174449
26030,0.000523,172.217.194.0-255,1484,33201,74,174449
26031,0.000547,172.217.194.0-255,2902,36103,74,174449
26032,0.00055,172.31.40.0-255,66,36169,74,174449
26033,0.000554,172.217.194.0-255,1484,37653,74,174449
26034,0.000585,172.217.194.0-255,4320,41973,74,174449
26035,0.000588,172.31.40.0-255,66,42039,74,174449
26036,0.000625,172.31.40.0-255,66,42105,74,174449
26037,0.000636,172.31.40.0-255,66,42171,74,174449
26038,0.000649,172.217.194.0-255,1484,43655,74,174449
26039,0.000658,172.217.194.0-255,2184,45839,74,174449
26040,0.00066,172.31.40.0-255,66,45905,74,174449
26041,0.000922,172.217.194.0-255,1484,47389,74,174449
26042,0.000949,172.217.194.0-255,2902,50291,74,174449
26043,0.000953,172.31.40.0-255,66,50357,74,174449
26044,0.000961,172.217.194.0-255,5738,56095,74,174449
26045,0.000964,172.31.40.0-255,66,56161,74,174449
26046,0.000979,172.31.40.0-255,66,56227,74,174449
26047,0.001033,172.31.40.0-255,66,56293,74,174449
26048,0.001037,172.217.194.0-255,2184,58477,74,174449
26049,0.001039,172.31.40.0-255,66,58543,74,174449
26050,0.001071,172.217.194.0-255,1484,60027,74,174449
26051,0.001088,172.217.194.0-255,2902,62929,74,174449
26052,0.00109,172.31.40.0-255,66,62995,74,174449
26053,0.001093,172.217.194.0-255,1484,64479,74,174449
26054,0.001123,172.217.194.0-255,4320,68799,74,174449
26055,0.001127,172.31.40.0-255,66,68865,74,174449
26056,0.001148,172.217.194.0-255,4320,73185,74,174449
26057,0.001151,172.31.40.0-255,66,73251,74,174449
26058,0.001163,172.31.40.0-255,66,73317,74,174449
26059,0.001168,172.217.194.0-255,4320,77637,74,174449
26060,0.001172,172.31.40.0-255,66,77703,74,174449
26061,0.001207,172.217.194.0-255,3602,81305,74,174449
26062,0.00121,172.31.40.0-255,66,81371,74,174449
26063,0.001232,172.217.194.0-255,1484,82855,74,174449
26064,0.001237,172.217.194.0-255,2902,85757,74,174449
26065,0.00124,172.31.40.0-255,66,85823,74,174449
26066,0.001266,172.217.194.0-255,5738,91561,74,174449
26067,0.001268,172.31.40.0-255,66,91627,74,174449
26068,0.001296,172.217.194.0-255,1484,93111,74,174449
26069,0.001327,172.31.40.0-255,66,93177,74,174449
26070,0.001375,172.217.194.0-255,4320,97497,74,174449
26071,0.001378,172.31.40.0-255,66,97563,74,174449
26072,0.001402,172.31.40.0-255,66,97629,74,174449
26073,0.001407,172.217.194.0-255,2184,99813,74,174449
26074,0.001409,172.31.40.0-255,66,99879,74,174449
26075,0.001414,172.217.194.0-255,2902,102781,74,174449
26076,0.001415,172.31.40.0-255,66,102847,74,174449
26077,0.001457,172.31.40.0-255,66,102913,74,174449
26078,0.001467,172.31.40.0-255,66,102979,74,174449
26079,0.001491,172.217.194.0-255,1484,104463,74,174449
26080,0.001498,172.217.194.0-255,5738,110201,74,174449
26081,0.001501,172.31.40.0-255,66,110267,74,174449
26082,0.001539,172.31.40.0-255,66,110333,74,174449
26083,0.001819,172.217.194.0-255,1484,111817,74,174449
26084,0.001844,172.217.194.0-255,2902,114719,74,174449
26085,0.001848,172.31.40.0-255,66,114785,74,174449
26086,0.001877,172.217.194.0-255,5738,120523,74,174449
26087,0.001879,172.31.40.0-255,66,120589,74,174449
26088,0.001904,172.217.194.0-255,4320,124909,74,174449
26089,0.001906,172.31.40.0-255,66,124975,74,174449
26090,0.001949,172.217.194.0-255,2902,127877,74,174449
26091,0.001952,172.31.40.0-255,66,127943,74,174449
26092,0.001962,172.31.40.0-255,66,128009,74,174449
26093,0.001976,172.31.40.0-255,66,128075,74,174449
26094,0.002032,172.217.194.0-255,1484,129559,74,174449
26095,0.002035,172.217.194.0-255,1484,131043,74,174449
26096,0.002038,172.31.40.0-255,66,131109,74,174449
26097,0.002062,172.217.194.0-255,1484,132593,74,174449
26098,0.002069,172.217.194.0-255,5738,138331,74,174449
26099,0.002072,172.31.40.0-255,66,138397,74,174449
26100,0.002106,172.217.194.0-255,2902,141299,74,174449
26101,0.002109,172.31.40.0-255,66,141365,74,174449
26102,0.002139,172.217.194.0-255,5738,147103,74,174449
26103,0.002143,172.31.40.0-255,66,147169,74,174449
26104,0.002155,172.31.40.0-255,66,147235,74,174449
26105,0.002164,172.217.194.0-255,2902,150137,74,174449
26106,0.002166,172.31.40.0-255,66,150203,74,174449
26107,0.002192,172.217.194.0-255,2184,152387,74,174449
26108,0.002199,172.31.40.0-255,66,152453,74,174449
26109,0.00225,172.217.194.0-255,1484,153937,74,174449
26110,0.002263,172.217.194.0-255,2902,156839,74,174449
26111,0.002266,172.31.40.0-255,66,156905,74,174449
26112,0.004444,172.217.194.0-255,1484,158389,74,174449
26113,0.004511,172.217.194.0-255,4320,162709,74,174449
26114,0.004518,172.31.40.0-255,66,162775,74,174449
26115,0.006808,172.217.194.0-255,5738,168513,74,174449
26116,0.006817,172.31.40.0-255,66,168579,74,174449
26117,0.009059,172.217.194.0-255,4320,172899,74,174449
26118,0.009063,172.31.40.0-255,66,172965,74,174449
26119,0.00908,172.217.194.0-255,1484,174449,74,174449
26120,0.0,74.125.68.0-255,143,143,74,240913
26121,2.2e-05,172.31.40.0-255,66,209,74,240913
26122,2.9e-05,74.125.68.0-255,1484,1693,74,240913
26123,3.4e-05,172.31.40.0-255,66,1759,74,240913
26124,5.7e-05,74.125.68.0-255,2902,4661,74,240913
26125,6e-05,172.31.40.0-255,66,4727,74,240913
26126,8.7e-05,74.125.68.0-255,4320,9047,74,240913
26127,9e-05,172.31.40.0-255,66,9113,74,240913
26128,0.000113,74.125.68.0-255,4842,13955,74,240913
26129,0.000116,172.31.40.0-255,66,14021,74,240913
26130,0.000133,74.125.68.0-255,1484,15505,74,240913
26131,0.000135,172.31.40.0-255,66,15571,74,240913
26132,0.00016,74.125.68.0-255,4320,19891,74,240913
26133,0.000162,172.31.40.0-255,66,19957,74,240913
26134,0.000165,74.125.68.0-255,1484,21441,74,240913
26135,0.000168,172.31.40.0-255,66,21507,74,240913
26136,0.000183,74.125.68.0-255,2902,24409,74,240913
26137,0.000186,172.31.40.0-255,66,24475,74,240913
26138,0.000189,74.125.68.0-255,1484,25959,74,240913
26139,0.00019,172.31.40.0-255,66,26025,74,240913
26140,0.000208,74.125.68.0-255,1484,27509,74,240913
26141,0.000211,172.31.40.0-255,66,27575,74,240913
26142,0.000216,74.125.68.0-255,3961,31536,74,240913
26143,0.000219,172.31.40.0-255,66,31602,74,240913
26144,0.000315,74.125.68.0-255,1484,33086,74,240913
26145,0.000319,172.31.40.0-255,66,33152,74,240913
26146,0.000324,74.125.68.0-255,1484,34636,74,240913
26147,0.000326,172.31.40.0-255,66,34702,74,240913
26148,0.000338,74.125.68.0-255,1484,36186,74,240913
26149,0.00034,172.31.40.0-255,66,36252,74,240913
26150,0.000353,74.125.68.0-255,1484,37736,74,240913
26151,0.000356,172.31.40.0-255,66,37802,74,240913
26152,0.00037,74.125.68.0-255,2902,40704,74,240913
26153,0.0004,74.125.68.0-255,5738,46442,74,240913
26154,0.000404,74.125.68.0-255,2902,49344,74,240913
26155,0.000417,74.125.68.0-255,4320,53664,74,240913
26156,0.000431,74.125.68.0-255,1484,55148,74,240913
26157,0.000457,74.125.68.0-255,3602,58750,74,240913
26158,0.000509,74.125.68.0-255,442,59192,74,240913
26159,0.000521,172.31.40.0-255,66,59258,74,240913
26160,0.000653,74.125.68.0-255,1484,60742,74,240913
26161,0.000657,74.125.68.0-255,1484,62226,74,240913
26162,0.000672,74.125.68.0-255,1484,63710,74,240913
26163,0.000682,172.31.40.0-255,66,63776,74,240913
26164,0.000688,74.125.68.0-255,2902,66678,74,240913
26165,0.000693,172.31.40.0-255,66,66744,74,240913
26166,0.000705,74.125.68.0-255,2902,69646,74,240913
26167,0.000737,172.31.40.0-255,66,69712,74,240913
26168,0.000747,74.125.68.0-255,1484,71196,74,240913
26169,0.000762,74.125.68.0-255,2184,73380,74,240913
26170,0.000783,172.31.40.0-255,66,73446,74,240913
26171,0.00079,74.125.68.0-255,333,73779,74,240913
26172,0.000822,74.125.68.0-255,1484,75263,74,240913
26173,0.000834,172.31.40.0-255,66,75329,74,240913
26174,0.000845,74.125.68.0-255,4320,79649,74,240913
26175,0.000855,74.125.68.0-255,1484,81133,74,240913
26176,0.000857,172.31.40.0-255,66,81199,74,240913
26177,0.000926,74.125.68.0-255,5738,86937,74,240913
26178,0.000935,172.31.40.0-255,66,87003,74,240913
26179,0.000939,74.125.68.0-255,4320,91323,74,240913
26180,0.000954,172.31.40.0-255,66,91389,74,240913
26181,0.000962,74.125.68.0-255,1484,92873,74,240913
26182,0.000975,74.125.68.0-255,2902,95775,74,240913
26183,0.00099,74.125.68.0-255,2902,98677,74,240913
26184,0.001002,74.125.68.0-255,2902,101579,74,240913
26185,0.001018,74.125.68.0-255,5738,107317,74,240913
26186,0.001021,172.31.40.0-255,66,107383,74,240913
26187,0.001039,74.125.68.0-255,1484,108867,74,240913
26188,0.00105,172.31.40.0-255,66,108933,74,240913
26189,0.00107,74.125.68.0-255,4320,113253,74,240913
26190,0.001085,74.125.68.0-255,3602,116855,74,240913
26191,0.001095,172.31.40.0-255,66,116921,74,240913
26192,0.001496,74.125.68.0-255,1484,118405,74,240913
26193,0.001516,74.125.68.0-255,2902,121307,74,240913
26194,0.001521,172.31.40.0-255,66,121373,74,240913
26195,0.001577,74.125.68.0-255,2902,124275,74,240913
26196,0.001583,172.31.40.0-255,66,124341,74,240913
26197,0.001636,74.125.68.0-255,2902,127243,74,240913
26198,0.001639,172.31.40.0-255,66,127309,74,240913
26199,0.001657,74.125.68.0-255,1484,128793,74,240913
26200,0.001667,74.125.68.0-255,1484,130277,74,240913
26201,0.001671,172.31.40.0-255,66,130343,74,240913
26202,0.001711,74.125.68.0-255,4320,134663,74,240913
26203,0.001728,172.31.40.0-255,66,134729,74,240913
26204,0.001755,74.125.68.0-255,2902,137631,74,240913
26205,0.001762,172.31.40.0-255,66,137697,74,240913
26206,0.00178,74.125.68.0-255,2902,140599,74,240913
26207,0.001783,74.125.68.0-255,2902,143501,74,240913
26208,0.001785,74.125.68.0-255,1484,144985,74,240913
26209,0.001792,172.31.40.0-255,66,145051,74,240913
26210,0.0018,74.125.68.0-255,2902,147953,74,240913
26211,0.001813,74.125.68.0-255,3602,151555,74,240913
26212,0.001826,172.31.40.0-255,66,151621,74,240913
26213,0.001979,74.125.68.0-255,1484,153105,74,240913
26214,0.001983,74.125.68.0-255,2902,156007,74,240913
26215,0.001988,172.31.40.0-255,66,156073,74,240913
26216,0.002014,74.125.68.0-255,5738,161811,74,240913
26217,0.002019,74.125.68.0-255,4320,166131,74,240913
26218,0.002028,172.31.40.0-255,66,166197,74,240913
26219,0.002038,74.125.68.0-255,5738,171935,74,240913
26220,0.002042,172.31.40.0-255,66,172001,74,240913
26221,0.002063,74.125.68.0-255,2902,174903,74,240913
26222,0.002084,74.125.68.0-255,2184,177087,74,240913
26223,0.002087,172.31.40.0-255,66,177153,74,240913
26224,0.002143,172.31.40.0-255,66,177219,74,240913
26225,0.002147,74.125.68.0-255,2902,180121,74,240913
26226,0.002149,74.125.68.0-255,1484,181605,74,240913
26227,0.002153,172.31.40.0-255,66,181671,74,240913
26228,0.002235,74.125.68.0-255,5020,186691,74,240913
26229,0.002266,74.125.68.0-255,4320,191011,74,240913
26230,0.00228,74.125.68.0-255,1484,192495,74,240913
26231,0.002284,74.125.68.0-255,2902,195397,74,240913
26232,0.002307,74.125.68.0-255,4320,199717,74,240913
26233,0.00233,74.125.68.0-255,2902,202619,74,240913
26234,0.002346,74.125.68.0-255,5738,208357,74,240913
26235,0.002352,74.125.68.0-255,5738,214095,74,240913
26236,0.002395,74.125.68.0-255,4320,218415,74,240913
26237,0.002408,74.125.68.0-255,2184,220599,74,240913
26238,0.002444,74.125.68.0-255,1484,222083,74,240913
26239,0.002463,74.125.68.0-255,2902,224985,74,240913
26240,0.002483,74.125.68.0-255,4320,229305,74,240913
26241,0.002497,74.125.68.0-255,1484,230789,74,240913
26242,0.002499,74.125.68.0-255,1484,232273,74,240913
26243,0.002519,74.125.68.0-255,5738,238011,74,240913
26244,0.002523,74.125.68.0-255,2902,240913,74,240913
26245,0.0,172.217.194.0-255,146,146,74,178914
26246,1.8e-05,172.31.40.0-255,66,212,74,178914
26247,2.5e-05,172.217.194.0-255,1484,1696,74,178914
26248,2.9e-05,172.31.40.0-255,66,1762,74,178914
26249,3.5e-05,172.217.194.0-255,2902,4664,74,178914
26250,3.8e-05,172.31.40.0-255,66,4730,74,178914
26251,4.9e-05,172.31.40.0-255,66,4796,74,178914
26252,5.2e-05,172.217.194.0-255,2066,6862,74,178914
26253,5.5e-05,172.31.40.0-255,66,6928,74,178914
26254,0.000103,172.217.194.0-255,2902,9830,74,178914
26255,0.000106,172.31.40.0-255,66,9896,74,178914
26256,0.000109,172.217.194.0-255,1484,11380,74,178914
26257,0.000111,172.31.40.0-255,66,11446,74,178914
26258,0.000114,172.217.194.0-255,1484,12930,74,178914
26259,0.000116,172.31.40.0-255,66,12996,74,178914
26260,0.000145,172.217.194.0-255,4320,17316,74,178914
26261,0.000148,172.31.40.0-255,66,17382,74,178914
26262,0.000165,172.217.194.0-255,2902,20284,74,178914
26263,0.000167,172.31.40.0-255,66,20350,74,178914
26264,0.000191,172.217.194.0-255,3961,24311,74,178914
26265,0.000193,172.31.40.0-255,66,24377,74,178914
26266,0.000197,172.217.194.0-255,2902,27279,74,178914
26267,0.000199,172.31.40.0-255,66,27345,74,178914
26268,0.000216,172.217.194.0-255,4320,31665,74,178914
26269,0.000219,172.31.40.0-255,66,31731,74,178914
26270,0.000222,172.217.194.0-255,1484,33215,74,178914
26271,0.000224,172.31.40.0-255,66,33281,74,178914
26272,0.000257,172.31.40.0-255,66,33347,74,178914
26273,0.000324,172.31.40.0-255,66,33413,74,178914
26274,0.000343,172.217.194.0-255,116,33529,74,178914
26275,0.000357,172.217.194.0-255,385,33914,74,178914
26276,0.000689,172.217.194.0-255,1484,35398,74,178914
26277,0.000694,172.31.40.0-255,66,35464,74,178914
26278,0.0007,172.217.194.0-255,2902,38366,74,178914
26279,0.000702,172.31.40.0-255,66,38432,74,178914
26280,0.000731,172.217.194.0-255,5738,44170,74,178914
26281,0.000742,172.31.40.0-255,66,44236,74,178914
26282,0.000745,172.31.40.0-255,66,44302,74,178914
26283,0.000766,172.217.194.0-255,5738,50040,74,178914
26284,0.000768,172.31.40.0-255,66,50106,74,178914
26285,0.0008,172.31.40.0-255,66,50172,74,178914
26286,0.000804,172.217.194.0-255,2184,52356,74,178914
26287,0.000806,172.31.40.0-255,66,52422,74,178914
26288,0.001335,172.217.194.0-255,1484,53906,74,178914
26289,0.00135,172.217.194.0-255,2902,56808,74,178914
26290,0.001353,172.31.40.0-255,66,56874,74,178914
26291,0.001359,172.217.194.0-255,4320,61194,74,178914
26292,0.001361,172.31.40.0-255,66,61260,74,178914
26293,0.001375,172.217.194.0-255,1484,62744,74,178914
26294,0.001386,172.217.194.0-255,1484,64228,74,178914
26295,0.001389,172.31.40.0-255,66,64294,74,178914
26296,0.001408,172.217.194.0-255,1484,65778,74,178914
26297,0.001413,172.217.194.0-255,4320,70098,74,178914
26298,0.001416,172.31.40.0-255,66,70164,74,178914
26299,0.001447,172.217.194.0-255,1484,71648,74,178914
26300,0.001482,172.31.40.0-255,66,71714,74,178914
26301,0.001492,172.31.40.0-255,66,71780,74,178914
26302,0.001514,172.217.194.0-255,1484,73264,74,178914
26303,0.001519,172.217.194.0-255,2902,76166,74,178914
26304,0.001521,172.31.40.0-255,66,76232,74,178914
26305,0.001527,172.217.194.0-255,5738,81970,74,178914
26306,0.001529,172.31.40.0-255,66,82036,74,178914
26307,0.001564,172.31.40.0-255,66,82102,74,178914
26308,0.001567,172.217.194.0-255,1484,83586,74,178914
26309,0.001632,172.217.194.0-255,5738,89324,74,178914
26310,0.001637,172.31.40.0-255,66,89390,74,178914
26311,0.001651,172.217.194.0-255,3602,92992,74,178914
26312,0.001653,172.31.40.0-255,66,93058,74,178914
26313,0.001687,172.217.194.0-255,1484,94542,74,178914
26314,0.001707,172.217.194.0-255,2902,97444,74,178914
26315,0.00171,172.31.40.0-255,66,97510,74,178914
26316,0.001713,172.217.194.0-255,1484,98994,74,178914
26317,0.001731,172.217.194.0-255,4320,103314,74,178914
26318,0.001733,172.31.40.0-255,66,103380,74,178914
26319,0.001747,172.217.194.0-255,2902,106282,74,178914
26320,0.001749,172.31.40.0-255,66,106348,74,178914
26321,0.001776,172.31.40.0-255,66,106414,74,178914
26322,0.001782,172.217.194.0-255,5738,112152,74,178914
26323,0.001784,172.31.40.0-255,66,112218,74,178914
26324,0.001818,172.217.194.0-255,4320,116538,74,178914
26325,0.001827,172.31.40.0-255,66,116604,74,178914
26326,0.001836,172.31.40.0-255,66,116670,74,178914
26327,0.001854,172.217.194.0-255,1484,118154,74,178914
26328,0.001873,172.31.40.0-255,66,118220,74,178914
26329,0.001897,172.217.194.0-255,2902,121122,74,178914
26330,0.001899,172.31.40.0-255,66,121188,74,178914
26331,0.001906,172.217.194.0-255,5738,126926,74,178914
26332,0.001909,172.31.40.0-255,66,126992,74,178914
26333,0.001936,172.31.40.0-255,66,127058,74,178914
26334,0.001991,172.31.40.0-255,66,127124,74,178914
26335,0.002022,172.31.40.0-255,66,127190,74,178914
26336,0.002041,172.217.194.0-255,2902,130092,74,178914
26337,0.002044,172.31.40.0-255,66,130158,74,178914
26338,0.002047,172.217.194.0-255,1484,131642,74,178914
26339,0.002073,172.217.194.0-255,4320,135962,74,178914
26340,0.002075,172.31.40.0-255,66,136028,74,178914
26341,0.002101,172.31.40.0-255,66,136094,74,178914
26342,0.002104,172.217.194.0-255,766,136860,74,178914
26343,0.002148,172.217.194.0-255,1484,138344,74,178914
26344,0.002151,172.31.40.0-255,66,138410,74,178914
26345,0.002171,172.217.194.0-255,2902,141312,74,178914
26346,0.002174,172.31.40.0-255,66,141378,74,178914
26347,0.002193,172.217.194.0-255,1484,142862,74,178914
26348,0.002196,172.217.194.0-255,1484,144346,74,178914
26349,0.002198,172.31.40.0-255,66,144412,74,178914
26350,0.002209,172.31.40.0-255,66,144478,74,178914
26351,0.00222,172.217.194.0-255,1484,145962,74,178914
26352,0.002238,172.217.194.0-255,4320,150282,74,178914
26353,0.002241,172.31.40.0-255,66,150348,74,178914
26354,0.002245,172.217.194.0-255,4320,154668,74,178914
26355,0.002247,172.31.40.0-255,66,154734,74,178914
26356,0.002264,172.217.194.0-255,2902,157636,74,178914
26357,0.002266,172.31.40.0-255,66,157702,74,178914
26358,0.002276,172.217.194.0-255,1484,159186,74,178914
26359,0.002288,172.217.194.0-255,2184,161370,74,178914
26360,0.00229,172.31.40.0-255,66,161436,74,178914
26361,0.004573,172.217.194.0-255,5738,167174,74,178914
26362,0.004595,172.31.40.0-255,66,167240,74,178914
26363,0.006925,172.217.194.0-255,5738,172978,74,178914
26364,0.006941,172.31.40.0-255,66,173044,74,178914
26365,0.009231,172.217.194.0-255,4320,177364,74,178914
26366,0.009239,172.31.40.0-255,66,177430,74,178914
26367,0.009256,172.217.194.0-255,1484,178914,74,178914
26368,0.0,74.125.200.0-255,153,153,74,135142
26369,2.2e-05,172.31.40.0-255,66,219,74,135142
26370,2.9e-05,74.125.200.0-255,1484,1703,74,135142
26371,3.3e-05,172.31.40.0-255,66,1769,74,135142
26372,3.6e-05,74.125.200.0-255,1484,3253,74,135142
26373,4e-05,172.31.40.0-255,66,3319,74,135142
26374,4.5e-05,74.125.200.0-255,2902,6221,74,135142
26375,4.9e-05,172.31.40.0-255,66,6287,74,135142
26376,5.6e-05,74.125.200.0-255,5738,12025,74,135142
26377,5.9e-05,172.31.40.0-255,66,12091,74,135142
26378,8.1e-05,74.125.200.0-255,1985,14076,74,135142
26379,8.3e-05,172.31.40.0-255,66,14142,74,135142
26380,0.00034,74.125.200.0-255,1484,15626,74,135142
26381,0.000346,172.31.40.0-255,66,15692,74,135142
26382,0.000352,74.125.200.0-255,2902,18594,74,135142
26383,0.000354,172.31.40.0-255,66,18660,74,135142
26384,0.000359,74.125.200.0-255,2902,21562,74,135142
26385,0.000361,172.31.40.0-255,66,21628,74,135142
26386,0.000378,74.125.200.0-255,2902,24530,74,135142
26387,0.000381,172.31.40.0-255,66,24596,74,135142
26388,0.000385,74.125.200.0-255,2902,27498,74,135142
26389,0.000387,172.31.40.0-255,66,27564,74,135142
26390,0.000392,74.125.200.0-255,3961,31525,74,135142
26391,0.000395,172.31.40.0-255,66,31591,74,135142
26392,0.000479,74.125.200.0-255,1484,33075,74,135142
26393,0.000483,172.31.40.0-255,66,33141,74,135142
26394,0.000488,74.125.200.0-255,2902,36043,74,135142
26395,0.00049,172.31.40.0-255,66,36109,74,135142
26396,0.000515,74.125.200.0-255,5738,41847,74,135142
26397,0.000518,172.31.40.0-255,66,41913,74,135142
26398,0.000524,74.125.200.0-255,4320,46233,74,135142
26399,0.000526,172.31.40.0-255,66,46299,74,135142
26400,0.000566,74.125.200.0-255,2543,48842,74,135142
26401,0.000569,172.31.40.0-255,66,48908,74,135142
26402,0.000579,172.31.40.0-255,66,48974,74,135142
26403,0.000583,74.125.200.0-255,4320,53294,74,135142
26404,0.000586,172.31.40.0-255,66,53360,74,135142
26405,0.000589,74.125.200.0-255,1484,54844,74,135142
26406,0.000616,74.125.200.0-255,3961,58805,74,135142
26407,0.000619,172.31.40.0-255,66,58871,74,135142
26408,0.000622,74.125.200.0-255,416,59287,74,135142
26409,0.000656,74.125.200.0-255,329,59616,74,135142
26410,0.000886,74.125.200.0-255,1484,61100,74,135142
26411,0.00089,172.31.40.0-255,66,61166,74,135142
26412,0.000896,74.125.200.0-255,2902,64068,74,135142
26413,0.000898,172.31.40.0-255,66,64134,74,135142
26414,0.000931,74.125.200.0-255,5738,69872,74,135142
26415,0.000933,172.31.40.0-255,66,69938,74,135142
26416,0.000955,74.125.200.0-255,5738,75676,74,135142
26417,0.000959,172.31.40.0-255,66,75742,74,135142
26418,0.000977,74.125.200.0-255,1484,77226,74,135142
26419,0.000986,74.125.200.0-255,5738,82964,74,135142
26420,0.000989,172.31.40.0-255,66,83030,74,135142
26421,0.00102,172.31.40.0-255,66,83096,74,135142
26422,0.001026,74.125.200.0-255,3602,86698,74,135142
26423,0.001028,172.31.40.0-255,66,86764,74,135142
26424,0.00112,74.125.200.0-255,1484,88248,74,135142
26425,0.001141,74.125.200.0-255,2902,91150,74,135142
26426,0.001144,172.31.40.0-255,66,91216,74,135142
26427,0.001169,74.125.200.0-255,5738,96954,74,135142
26428,0.001173,172.31.40.0-255,66,97020,74,135142
26429,0.001178,74.125.200.0-255,2902,99922,74,135142
26430,0.00118,172.31.40.0-255,66,99988,74,135142
26431,0.001198,74.125.200.0-255,4320,104308,74,135142
26432,0.001201,172.31.40.0-255,66,104374,74,135142
26433,0.00123,74.125.200.0-255,5738,110112,74,135142
26434,0.001234,172.31.40.0-255,66,110178,74,135142
26435,0.001253,74.125.200.0-255,2902,113080,74,135142
26436,0.001255,172.31.40.0-255,66,113146,74,135142
26437,0.001299,172.31.40.0-255,66,113212,74,135142
26438,0.002018,74.125.200.0-255,1484,114696,74,135142
26439,0.003325,74.125.200.0-255,4320,119016,74,135142
26440,0.003333,172.31.40.0-255,66,119082,74,135142
26441,0.005325,74.125.200.0-255,4320,123402,74,135142
26442,0.00533,172.31.40.0-255,66,123468,74,135142
26443,0.005346,74.125.200.0-255,1484,124952,74,135142
26444,0.007326,74.125.200.0-255,4320,129272,74,135142
26445,0.007331,172.31.40.0-255,66,129338,74,135142
26446,0.009341,74.125.200.0-255,5738,135076,74,135142
26447,0.009361,172.31.40.0-255,66,135142,74,135142
26448,0.0,74.125.24.0-255,150,150,74,119116
26449,2.2e-05,172.31.40.0-255,66,216,74,119116
26450,2.9e-05,74.125.24.0-255,1484,1700,74,119116
26451,3.5e-05,172.31.40.0-255,66,1766,74,119116
26452,5.7e-05,74.125.24.0-255,2902,4668,74,119116
26453,6e-05,172.31.40.0-255,66,4734,74,119116
26454,6.6e-05,74.125.24.0-255,4320,9054,74,119116
26455,6.9e-05,172.31.40.0-255,66,9120,74,119116
26456,9.7e-05,74.125.24.0-255,2902,12022,74,119116
26457,0.0001,172.31.40.0-255,66,12088,74,119116
26458,0.000124,74.125.24.0-255,2022,14110,74,119116
26459,0.000127,172.31.40.0-255,66,14176,74,119116
26460,0.000166,74.125.24.0-255,2902,17078,74,119116
26461,0.000168,172.31.40.0-255,66,17144,74,119116
26462,0.000195,74.125.24.0-255,1484,18628,74,119116
26463,0.000197,172.31.40.0-255,66,18694,74,119116
26464,0.000225,74.125.24.0-255,5738,24432,74,119116
26465,0.000228,172.31.40.0-255,66,24498,74,119116
26466,0.000232,74.125.24.0-255,2902,27400,74,119116
26467,0.000234,172.31.40.0-255,66,27466,74,119116
26468,0.000266,74.125.24.0-255,3961,31427,74,119116
26469,0.000269,172.31.40.0-255,66,31493,74,119116
26470,0.000294,74.125.24.0-255,1484,32977,74,119116
26471,0.000296,172.31.40.0-255,66,33043,74,119116
26472,0.000301,74.125.24.0-255,2902,35945,74,119116
26473,0.000303,172.31.40.0-255,66,36011,74,119116
26474,0.000334,74.125.24.0-255,5738,41749,74,119116
26475,0.000337,172.31.40.0-255,66,41815,74,119116
26476,0.000342,74.125.24.0-255,4320,46135,74,119116
26477,0.000344,172.31.40.0-255,66,46201,74,119116
26478,0.000381,74.125.24.0-255,2543,48744,74,119116
26479,0.000384,172.31.40.0-255,66,48810,74,119116
26480,0.000423,74.125.24.0-255,1484,50294,74,119116
26481,0.000429,74.125.24.0-255,2902,53196,74,119116
26482,0.000432,172.31.40.0-255,66,53262,74,119116
26483,0.000465,74.125.24.0-255,5738,59000,74,119116
26484,0.000469,172.31.40.0-255,66,59066,74,119116
26485,0.000501,172.31.40.0-255,66,59132,74,119116
26486,0.000526,74.125.24.0-255,363,59495,74,119116
26487,0.000978,74.125.24.0-255,130,59625,74,119116
26488,0.000991,74.125.24.0-255,347,59972,74,119116
26489,0.001134,172.31.40.0-255,66,60038,74,119116
26490,0.001395,74.125.24.0-255,1484,61522,74,119116
26491,0.001404,74.125.24.0-255,2902,64424,74,119116
26492,0.001408,172.31.40.0-255,66,64490,74,119116
26493,0.001432,74.125.24.0-255,5738,70228,74,119116
26494,0.001435,172.31.40.0-255,66,70294,74,119116
26495,0.001442,74.125.24.0-255,5738,76032,74,119116
26496,0.001444,172.31.40.0-255,66,76098,74,119116
26497,0.00148,74.125.24.0-255,1125,77223,74,119116
26498,0.001496,74.125.24.0-255,1484,78707,74,119116
26499,0.001499,172.31.40.0-255,66,78773,74,119116
26500,0.001503,74.125.24.0-255,1484,80257,74,119116
26501,0.001526,74.125.24.0-255,2902,83159,74,119116
26502,0.001528,172.31.40.0-255,66,83225,74,119116
26503,0.001534,74.125.24.0-255,4320,87545,74,119116
26504,0.001536,172.31.40.0-255,66,87611,74,119116
26505,0.001564,74.125.24.0-255,5738,93349,74,119116
26506,0.001567,172.31.40.0-255,66,93415,74,119116
26507,0.00157,74.125.24.0-255,1125,94540,74,119116
26508,0.002207,74.125.24.0-255,1484,96024,74,119116
26509,0.002214,172.31.40.0-255,66,96090,74,119116
26510,0.00222,74.125.24.0-255,2902,98992,74,119116
26511,0.002222,172.31.40.0-255,66,99058,74,119116
26512,0.002229,74.125.24.0-255,5738,104796,74,119116
26513,0.002236,172.31.40.0-255,66,104862,74,119116
26514,0.002279,172.31.40.0-255,66,104928,74,119116
26515,0.002289,172.31.40.0-255,66,104994,74,119116
26516,0.00232,74.125.24.0-255,2184,107178,74,119116
26517,0.002322,172.31.40.0-255,66,107244,74,119116
26518,0.004857,74.125.24.0-255,2902,110146,74,119116
26519,0.004865,172.31.40.0-255,66,110212,74,119116
26520,0.004906,74.125.24.0-255,2902,113114,74,119116
26521,0.004909,172.31.40.0-255,66,113180,74,119116
26522,0.007482,74.125.24.0-255,2902,116082,74,119116
26523,0.007489,172.31.40.0-255,66,116148,74,119116
26524,0.007517,74.125.24.0-255,2902,119050,74,119116
26525,0.00752,172.31.40.0-255,66,119116,74,119116
26526,0.0,172.217.194.0-255,146,146,74,149282
26527,2e-05,172.31.40.0-255,66,212,74,149282
26528,2.8e-05,172.217.194.0-255,1484,1696,74,149282
26529,3.2e-05,172.31.40.0-255,66,1762,74,149282
26530,4.4e-05,172.217.194.0-255,2902,4664,74,149282
26531,4.7e-05,172.31.40.0-255,66,4730,74,149282
26532,5.8e-05,172.31.40.0-255,66,4796,74,149282
26533,8.1e-05,172.217.194.0-255,2136,6932,74,149282
26534,8.4e-05,172.31.40.0-255,66,6998,74,149282
26535,0.00011,172.217.194.0-255,1484,8482,74,149282
26536,0.000113,172.31.40.0-255,66,8548,74,149282
26537,0.000138,172.217.194.0-255,1484,10032,74,149282
26538,0.000141,172.31.40.0-255,66,10098,74,149282
26539,0.000146,172.217.194.0-255,2902,13000,74,149282
26540,0.000148,172.31.40.0-255,66,13066,74,149282
26541,0.000181,172.31.40.0-255,66,13132,74,149282
26542,0.000187,172.217.194.0-255,3961,17093,74,149282
26543,0.000189,172.31.40.0-255,66,17159,74,149282
26544,0.000226,172.217.194.0-255,1484,18643,74,149282
26545,0.000228,172.31.40.0-255,66,18709,74,149282
26546,0.000257,172.217.194.0-255,2902,21611,74,149282
26547,0.000261,172.31.40.0-255,66,21677,74,149282
26548,0.000267,172.217.194.0-255,5738,27415,74,149282
26549,0.00027,172.31.40.0-255,66,27481,74,149282
26550,0.000298,172.217.194.0-255,5738,33219,74,149282
26551,0.0003,172.31.40.0-255,66,33285,74,149282
26552,0.000325,172.217.194.0-255,1125,34410,74,149282
26553,0.000327,172.31.40.0-255,66,34476,74,149282
26554,0.000338,172.31.40.0-255,66,34542,74,149282
26555,0.000352,172.31.40.0-255,66,34608,74,149282
26556,0.000372,172.217.194.0-255,2543,37151,74,149282
26557,0.000376,172.31.40.0-255,66,37217,74,149282
26558,0.000416,172.217.194.0-255,364,37581,74,149282
26559,0.000529,172.217.194.0-255,379,37960,74,149282
26560,0.000885,172.217.194.0-255,1484,39444,74,149282
26561,0.00089,172.217.194.0-255,2902,42346,74,149282
26562,0.000897,172.31.40.0-255,66,42412,74,149282
26563,0.000905,172.31.40.0-255,66,42478,74,149282
26564,0.000917,172.217.194.0-255,5738,48216,74,149282
26565,0.000919,172.31.40.0-255,66,48282,74,149282
26566,0.000947,172.217.194.0-255,5738,54020,74,149282
26567,0.000949,172.31.40.0-255,66,54086,74,149282
26568,0.000983,172.31.40.0-255,66,54152,74,149282
26569,0.000995,172.31.40.0-255,66,54218,74,149282
26570,0.000998,172.217.194.0-255,766,54984,74,149282
26571,0.001461,172.31.40.0-255,66,55050,74,149282
26572,0.001684,172.217.194.0-255,1484,56534,74,149282
26573,0.001695,172.217.194.0-255,2902,59436,74,149282
26574,0.001699,172.31.40.0-255,66,59502,74,149282
26575,0.001732,172.217.194.0-255,5738,65240,74,149282
26576,0.001735,172.31.40.0-255,66,65306,74,149282
26577,0.001745,172.31.40.0-255,66,65372,74,149282
26578,0.001764,172.31.40.0-255,66,65438,74,149282
26579,0.001797,172.217.194.0-255,2902,68340,74,149282
26580,0.0018,172.31.40.0-255,66,68406,74,149282
26581,0.001805,172.217.194.0-255,2184,70590,74,149282
26582,0.001807,172.31.40.0-255,66,70656,74,149282
26583,0.001812,172.217.194.0-255,2902,73558,74,149282
26584,0.001818,172.31.40.0-255,66,73624,74,149282
26585,0.001824,172.217.194.0-255,4320,77944,74,149282
26586,0.001826,172.31.40.0-255,66,78010,74,149282
26587,0.001864,172.31.40.0-255,66,78076,74,149282
26588,0.001871,172.217.194.0-255,5738,83814,74,149282
26589,0.001874,172.31.40.0-255,66,83880,74,149282
26590,0.001919,172.217.194.0-255,4320,88200,74,149282
26591,0.001922,172.31.40.0-255,66,88266,74,149282
26592,0.001957,172.31.40.0-255,66,88332,74,149282
26593,0.001974,172.217.194.0-255,2902,91234,74,149282
26594,0.001976,172.31.40.0-255,66,91300,74,149282
26595,0.002013,172.31.40.0-255,66,91366,74,149282
26596,0.002018,172.217.194.0-255,2902,94268,74,149282
26597,0.00202,172.31.40.0-255,66,94334,74,149282
26598,0.002059,172.217.194.0-255,5738,100072,74,149282
26599,0.002062,172.31.40.0-255,66,100138,74,149282
26600,0.002067,172.217.194.0-255,3602,103740,74,149282
26601,0.002069,172.31.40.0-255,66,103806,74,149282
26602,0.002075,172.217.194.0-255,4320,108126,74,149282
26603,0.002084,172.31.40.0-255,66,108192,74,149282
26604,0.00209,172.217.194.0-255,5738,113930,74,149282
26605,0.002094,172.31.40.0-255,66,113996,74,149282
26606,0.002132,172.31.40.0-255,66,114062,74,149282
26607,0.002137,172.217.194.0-255,4320,118382,74,149282
26608,0.00214,172.31.40.0-255,66,118448,74,149282
26609,0.002181,172.31.40.0-255,66,118514,74,149282
26610,0.002292,172.217.194.0-255,1484,119998,74,149282
26611,0.002298,172.217.194.0-255,2902,122900,74,149282
26612,0.002303,172.31.40.0-255,66,122966,74,149282
26613,0.00233,172.217.194.0-255,5738,128704,74,149282
26614,0.002333,172.31.40.0-255,66,128770,74,149282
26615,0.002338,172.217.194.0-255,2902,131672,74,149282
26616,0.002341,172.31.40.0-255,66,131738,74,149282
26617,0.00238,172.31.40.0-255,66,131804,74,149282
26618,0.002387,172.217.194.0-255,5738,137542,74,149282
26619,0.002389,172.31.40.0-255,66,137608,74,149282
26620,0.002423,172.31.40.0-255,66,137674,74,149282
26621,0.004966,172.217.194.0-255,5738,143412,74,149282
26622,0.004979,172.31.40.0-255,66,143478,74,149282
26623,0.007533,172.217.194.0-255,5738,149216,74,149282
26624,0.007543,172.31.40.0-255,66,149282,74,149282
26625,0.0,74.125.68.0-255,150,150,74,144111
26626,2.3e-05,172.31.40.0-255,66,216,74,144111
26627,3e-05,74.125.68.0-255,1484,1700,74,144111
26628,3.5e-05,172.31.40.0-255,66,1766,74,144111
26629,4.9e-05,74.125.68.0-255,2902,4668,74,144111
26630,5.3e-05,172.31.40.0-255,66,4734,74,144111
26631,5.9e-05,74.125.68.0-255,4320,9054,74,144111
26632,6.2e-05,172.31.40.0-255,66,9120,74,144111
26633,6.8e-05,74.125.68.0-255,4320,13440,74,144111
26634,7.1e-05,172.31.40.0-255,66,13506,74,144111
26635,0.000108,74.125.68.0-255,4884,18390,74,144111
26636,0.000111,172.31.40.0-255,66,18456,74,144111
26637,0.000117,74.125.68.0-255,4320,22776,74,144111
26638,0.000119,172.31.40.0-255,66,22842,74,144111
26639,0.000146,172.31.40.0-255,66,22908,74,144111
26640,0.000281,74.125.68.0-255,1484,24392,74,144111
26641,0.000285,172.31.40.0-255,66,24458,74,144111
26642,0.000291,74.125.68.0-255,2902,27360,74,144111
26643,0.000293,172.31.40.0-255,66,27426,74,144111
26644,0.00033,74.125.68.0-255,5738,33164,74,144111
26645,0.000334,172.31.40.0-255,66,33230,74,144111
26646,0.000343,172.31.40.0-255,66,33296,74,144111
26647,0.000379,172.31.40.0-255,66,33362,74,144111
26648,0.000413,172.31.40.0-255,66,33428,74,144111
26649,0.000436,74.125.68.0-255,1400,34828,74,144111
26650,0.000438,172.31.40.0-255,66,34894,74,144111
26651,0.000675,74.125.68.0-255,131,35025,74,144111
26652,0.00068,172.31.40.0-255,66,35091,74,144111
26653,0.000784,74.125.68.0-255,1484,36575,74,144111
26654,0.000792,74.125.68.0-255,2902,39477,74,144111
26655,0.000808,74.125.68.0-255,1484,40961,74,144111
26656,0.000816,172.31.40.0-255,66,41027,74,144111
26657,0.000827,74.125.68.0-255,2902,43929,74,144111
26658,0.00084,74.125.68.0-255,5738,49667,74,144111
26659,0.000865,74.125.68.0-255,5379,55046,74,144111
26660,0.000875,172.31.40.0-255,66,55112,74,144111
26661,0.000893,74.125.68.0-255,5738,60850,74,144111
26662,0.000913,74.125.68.0-255,4320,65170,74,144111
26663,0.00092,172.31.40.0-255,66,65236,74,144111
26664,0.00094,74.125.68.0-255,3961,69197,74,144111
26665,0.000953,172.31.40.0-255,66,69263,74,144111
26666,0.001785,74.125.68.0-255,1484,70747,74,144111
26667,0.001794,74.125.68.0-255,1484,72231,74,144111
26668,0.0018,172.31.40.0-255,66,72297,74,144111
26669,0.001805,74.125.68.0-255,1484,73781,74,144111
26670,0.001832,74.125.68.0-255,1484,75265,74,144111
26671,0.001839,74.125.68.0-255,5738,81003,74,144111
26672,0.001843,74.125.68.0-255,2902,83905,74,144111
26673,0.001862,74.125.68.0-255,2902,86807,74,144111
26674,0.001921,74.125.68.0-255,766,87573,74,144111
26675,0.002203,74.125.68.0-255,1484,89057,74,144111
26676,0.002211,74.125.68.0-255,2902,91959,74,144111
26677,0.002234,74.125.68.0-255,5738,97697,74,144111
26678,0.002264,74.125.68.0-255,1484,99181,74,144111
26679,0.002276,74.125.68.0-255,2902,102083,74,144111
26680,0.002289,74.125.68.0-255,4320,106403,74,144111
26681,0.002303,74.125.68.0-255,1484,107887,74,144111
26682,0.002308,74.125.68.0-255,4320,112207,74,144111
26683,0.002325,74.125.68.0-255,2902,115109,74,144111
26684,0.002347,74.125.68.0-255,2902,118011,74,144111
26685,0.00237,74.125.68.0-255,2902,120913,74,144111
26686,0.002382,74.125.68.0-255,3602,124515,74,144111
26687,0.002439,74.125.68.0-255,4320,128835,74,144111
26688,0.002476,74.125.68.0-255,5020,133855,74,144111
26689,0.002479,74.125.68.0-255,1484,135339,74,144111
26690,0.002496,74.125.68.0-255,2902,138241,74,144111
26691,0.005574,172.31.40.0-255,66,138307,74,144111
26692,0.008091,74.125.68.0-255,5738,144045,74,144111
26693,0.008099,172.31.40.0-255,66,144111,74,144111
26694,0.0,74.125.24.0-255,296,296,74,176275
26695,2.4e-05,172.31.40.0-255,66,362,74,176275
26696,3e-05,74.125.24.0-255,1484,1846,74,176275
26697,3.5e-05,172.31.40.0-255,66,1912,74,176275
26698,4e-05,74.125.24.0-255,2902,4814,74,176275
26699,5.2e-05,172.31.40.0-255,66,4880,74,176275
26700,5.9e-05,74.125.24.0-255,5738,10618,74,176275
26701,6.3e-05,172.31.40.0-255,66,10684,74,176275
26702,6.8e-05,74.125.24.0-255,3333,14017,74,176275
26703,7.1e-05,172.31.40.0-255,66,14083,74,176275
26704,0.000131,74.125.24.0-255,1484,15567,74,176275
26705,0.000135,172.31.40.0-255,66,15633,74,176275
26706,0.00014,74.125.24.0-255,2902,18535,74,176275
26707,0.000143,172.31.40.0-255,66,18601,74,176275
26708,0.000145,74.125.24.0-255,1484,20085,74,176275
26709,0.000151,172.31.40.0-255,66,20151,74,176275
26710,0.000186,74.125.24.0-255,4320,24471,74,176275
26711,0.000189,172.31.40.0-255,66,24537,74,176275
26712,0.000195,74.125.24.0-255,5738,30275,74,176275
26713,0.000198,172.31.40.0-255,66,30341,74,176275
26714,0.000213,172.31.40.0-255,66,30407,74,176275
26715,0.000243,74.125.24.0-255,5379,35786,74,176275
26716,0.000246,172.31.40.0-255,66,35852,74,176275
26717,0.000251,74.125.24.0-255,3961,39813,74,176275
26718,0.000254,172.31.40.0-255,66,39879,74,176275
26719,0.000792,74.125.24.0-255,1484,41363,74,176275
26720,0.000799,172.31.40.0-255,66,41429,74,176275
26721,0.000805,74.125.24.0-255,2902,44331,74,176275
26722,0.000807,172.31.40.0-255,66,44397,74,176275
26723,0.000813,74.125.24.0-255,5738,50135,74,176275
26724,0.000822,172.31.40.0-255,66,50201,74,176275
26725,0.00083,74.125.24.0-255,5738,55939,74,176275
26726,0.000832,172.31.40.0-255,66,56005,74,176275
26727,0.000874,74.125.24.0-255,5738,61743,74,176275
26728,0.000878,172.31.40.0-255,66,61809,74,176275
26729,0.000917,172.31.40.0-255,66,61875,74,176275
26730,0.000923,74.125.24.0-255,3961,65836,74,176275
26731,0.000926,172.31.40.0-255,66,65902,74,176275
26732,0.001049,172.31.40.0-255,66,65968,74,176275
26733,0.00106,172.31.40.0-255,66,66034,74,176275
26734,0.00107,74.125.24.0-255,1705,67739,74,176275
26735,0.001072,172.31.40.0-255,66,67805,74,176275
26736,0.001075,74.125.24.0-255,1484,69289,74,176275
26737,0.001081,74.125.24.0-255,2902,72191,74,176275
26738,0.001083,172.31.40.0-255,66,72257,74,176275
26739,0.001089,74.125.24.0-255,5738,77995,74,176275
26740,0.001092,172.31.40.0-255,66,78061,74,176275
26741,0.001099,74.125.24.0-255,6234,84295,74,176275
26742,0.001102,172.31.40.0-255,66,84361,74,176275
26743,0.001212,74.125.24.0-255,1484,85845,74,176275
26744,0.001218,74.125.24.0-255,2902,88747,74,176275
26745,0.001222,172.31.40.0-255,66,88813,74,176275
26746,0.001257,74.125.24.0-255,5738,94551,74,176275
26747,0.00126,172.31.40.0-255,66,94617,74,176275
26748,0.001264,74.125.24.0-255,1484,96101,74,176275
26749,0.001299,172.31.40.0-255,66,96167,74,176275
26750,0.001311,172.31.40.0-255,66,96233,74,176275
26751,0.00134,74.125.24.0-255,2184,98417,74,176275
26752,0.001343,172.31.40.0-255,66,98483,74,176275
26753,0.001523,74.125.24.0-255,1484,99967,74,176275
26754,0.001544,74.125.24.0-255,2902,102869,74,176275
26755,0.001547,172.31.40.0-255,66,102935,74,176275
26756,0.001551,74.125.24.0-255,1484,104419,74,176275
26757,0.001583,74.125.24.0-255,4320,108739,74,176275
26758,0.001586,172.31.40.0-255,66,108805,74,176275
26759,0.001591,74.125.24.0-255,2902,111707,74,176275
26760,0.001593,172.31.40.0-255,66,111773,74,176275
26761,0.001631,172.31.40.0-255,66,111839,74,176275
26762,0.00164,172.31.40.0-255,66,111905,74,176275
26763,0.001669,74.125.24.0-255,3602,115507,74,176275
26764,0.001672,172.31.40.0-255,66,115573,74,176275
26765,0.001867,74.125.24.0-255,1484,117057,74,176275
26766,0.001873,74.125.24.0-255,2902,119959,74,176275
26767,0.001876,172.31.40.0-255,66,120025,74,176275
26768,0.001903,74.125.24.0-255,5738,125763,74,176275
26769,0.001906,172.31.40.0-255,66,125829,74,176275
26770,0.001949,172.31.40.0-255,66,125895,74,176275
26771,0.001984,74.125.24.0-255,5738,131633,74,176275
26772,0.001987,172.31.40.0-255,66,131699,74,176275
26773,0.002011,172.31.40.0-255,66,131765,74,176275
26774,0.002017,74.125.24.0-255,5738,137503,74,176275
26775,0.002019,172.31.40.0-255,66,137569,74,176275
26776,0.00206,172.31.40.0-255,66,137635,74,176275
26777,0.002094,74.125.24.0-255,1484,139119,74,176275
26778,0.002098,74.125.24.0-255,2902,142021,74,176275
26779,0.002101,172.31.40.0-255,66,142087,74,176275
26780,0.002107,74.125.24.0-255,5738,147825,74,176275
26781,0.00211,172.31.40.0-255,66,147891,74,176275
26782,0.002125,172.31.40.0-255,66,147957,74,176275
26783,0.002127,74.125.24.0-255,1484,149441,74,176275
26784,0.002182,172.31.40.0-255,66,149507,74,176275
26785,0.002186,74.125.24.0-255,2184,151691,74,176275
26786,0.002187,172.31.40.0-255,66,151757,74,176275
26787,0.002234,172.31.40.0-255,66,151823,74,176275
26788,0.002259,74.125.24.0-255,1484,153307,74,176275
26789,0.002262,74.125.24.0-255,1484,154791,74,176275
26790,0.002265,172.31.40.0-255,66,154857,74,176275
26791,0.002302,172.31.40.0-255,66,154923,74,176275
26792,0.002308,74.125.24.0-255,5738,160661,74,176275
26793,0.00231,172.31.40.0-255,66,160727,74,176275
26794,0.002362,172.31.40.0-255,66,160793,74,176275
26795,0.002388,172.31.40.0-255,66,160859,74,176275
26796,0.002416,74.125.24.0-255,2184,163043,74,176275
26797,0.002423,172.31.40.0-255,66,163109,74,176275
26798,0.002426,74.125.24.0-255,1484,164593,74,176275
26799,0.004715,74.125.24.0-255,1484,166077,74,176275
26800,0.004723,172.31.40.0-255,66,166143,74,176275
26801,0.004747,74.125.24.0-255,2902,169045,74,176275
26802,0.00475,172.31.40.0-255,66,169111,74,176275
26803,0.007098,74.125.24.0-255,4320,173431,74,176275
26804,0.007103,172.31.40.0-255,66,173497,74,176275
26805,0.007133,74.125.24.0-255,1484,174981,74,176275
26806,0.009452,74.125.24.0-255,1228,176209,74,176275
26807,0.009469,172.31.40.0-255,66,176275,74,176275
26808,0.0,74.125.200.0-255,153,153,74,152634
26809,2.2e-05,172.31.40.0-255,66,219,74,152634
26810,3e-05,74.125.200.0-255,1484,1703,74,152634
26811,3.5e-05,172.31.40.0-255,66,1769,74,152634
26812,4.2e-05,74.125.200.0-255,2902,4671,74,152634
26813,4.7e-05,172.31.40.0-255,66,4737,74,152634
26814,7e-05,74.125.200.0-255,4320,9057,74,152634
26815,7.3e-05,172.31.40.0-255,66,9123,74,152634
26816,0.000104,74.125.200.0-255,6256,15379,74,152634
26817,0.000107,172.31.40.0-255,66,15445,74,152634
26818,0.000123,74.125.200.0-255,4320,19765,74,152634
26819,0.000126,172.31.40.0-255,66,19831,74,152634
26820,0.00015,74.125.200.0-255,2902,22733,74,152634
26821,0.000153,172.31.40.0-255,66,22799,74,152634
26822,0.000158,74.125.200.0-255,4320,27119,74,152634
26823,0.00016,172.31.40.0-255,66,27185,74,152634
26824,0.000195,74.125.200.0-255,3961,31146,74,152634
26825,0.000198,172.31.40.0-255,66,31212,74,152634
26826,0.000294,74.125.200.0-255,1484,32696,74,152634
26827,0.000299,172.31.40.0-255,66,32762,74,152634
26828,0.000313,74.125.200.0-255,2902,35664,74,152634
26829,0.000316,172.31.40.0-255,66,35730,74,152634
26830,0.000335,74.125.200.0-255,4320,40050,74,152634
26831,0.000337,172.31.40.0-255,66,40116,74,152634
26832,0.000357,74.125.200.0-255,1484,41600,74,152634
26833,0.000359,172.31.40.0-255,66,41666,74,152634
26834,0.000362,74.125.200.0-255,1484,43150,74,152634
26835,0.000364,172.31.40.0-255,66,43216,74,152634
26836,0.000367,74.125.200.0-255,2902,46118,74,152634
26837,0.00037,172.31.40.0-255,66,46184,74,152634
26838,0.000411,74.125.200.0-255,5738,51922,74,152634
26839,0.000414,172.31.40.0-255,66,51988,74,152634
26840,0.000434,74.125.200.0-255,1125,53113,74,152634
26841,0.000445,172.31.40.0-255,66,53179,74,152634
26842,0.000477,74.125.200.0-255,1484,54663,74,152634
26843,0.000496,74.125.200.0-255,2902,57565,74,152634
26844,0.000498,172.31.40.0-255,66,57631,74,152634
26845,0.000501,74.125.200.0-255,1477,59108,74,152634
26846,0.000544,74.125.200.0-255,334,59442,74,152634
26847,0.000547,172.31.40.0-255,66,59508,74,152634
26848,0.000709,74.125.200.0-255,1484,60992,74,152634
26849,0.000724,74.125.200.0-255,2902,63894,74,152634
26850,0.000729,172.31.40.0-255,66,63960,74,152634
26851,0.000762,74.125.200.0-255,4320,68280,74,152634
26852,0.000765,172.31.40.0-255,66,68346,74,152634
26853,0.0008,74.125.200.0-255,5738,74084,74,152634
26854,0.000803,172.31.40.0-255,66,74150,74,152634
26855,0.000807,74.125.200.0-255,1994,76144,74,152634
26856,0.000809,172.31.40.0-255,66,76210,74,152634
26857,0.00098,74.125.200.0-255,1484,77694,74,152634
26858,0.001004,74.125.200.0-255,1484,79178,74,152634
26859,0.001009,172.31.40.0-255,66,79244,74,152634
26860,0.001038,74.125.200.0-255,2902,82146,74,152634
26861,0.001041,172.31.40.0-255,66,82212,74,152634
26862,0.001057,74.125.200.0-255,5738,87950,74,152634
26863,0.001061,172.31.40.0-255,66,88016,74,152634
26864,0.001101,172.31.40.0-255,66,88082,74,152634
26865,0.001119,74.125.200.0-255,5738,93820,74,152634
26866,0.001121,172.31.40.0-255,66,93886,74,152634
26867,0.001166,172.31.40.0-255,66,93952,74,152634
26868,0.001209,74.125.200.0-255,2184,96136,74,152634
26869,0.001212,172.31.40.0-255,66,96202,74,152634
26870,0.001771,74.125.200.0-255,1484,97686,74,152634
26871,0.001787,74.125.200.0-255,2902,100588,74,152634
26872,0.00179,172.31.40.0-255,66,100654,74,152634
26873,0.001811,74.125.200.0-255,5738,106392,74,152634
26874,0.001814,172.31.40.0-255,66,106458,74,152634
26875,0.001817,74.125.200.0-255,1484,107942,74,152634
26876,0.00183,74.125.200.0-255,2902,110844,74,152634
26877,0.001832,172.31.40.0-255,66,110910,74,152634
26878,0.001858,74.125.200.0-255,5738,116648,74,152634
26879,0.00186,74.125.200.0-255,1484,118132,74,152634
26880,0.001864,172.31.40.0-255,66,118198,74,152634
26881,0.001882,74.125.200.0-255,1484,119682,74,152634
26882,0.001885,172.31.40.0-255,66,119748,74,152634
26883,0.00189,74.125.200.0-255,4320,124068,74,152634
26884,0.001893,172.31.40.0-255,66,124134,74,152634
26885,0.001918,74.125.200.0-255,5738,129872,74,152634
26886,0.001943,172.31.40.0-255,66,129938,74,152634
26887,0.001948,74.125.200.0-255,766,130704,74,152634
26888,0.002174,172.31.40.0-255,66,130770,74,152634
26889,0.003881,74.125.200.0-255,4320,135090,74,152634
26890,0.003888,172.31.40.0-255,66,135156,74,152634
26891,0.004101,74.125.200.0-255,1484,136640,74,152634
26892,0.005835,74.125.200.0-255,4320,140960,74,152634
26893,0.005841,172.31.40.0-255,66,141026,74,152634
26894,0.00778,74.125.200.0-255,5738,146764,74,152634
26895,0.007785,172.31.40.0-255,66,146830,74,152634
26896,0.009727,74.125.200.0-255,5738,152568,74,152634
26897,0.009734,172.31.40.0-255,66,152634,74,152634
26898,0.0,74.125.200.0-255,150,150,74,212102
26899,2.3e-05,172.31.40.0-255,66,216,74,212102
26900,4.2e-05,74.125.200.0-255,1484,1700,74,212102
26901,4.8e-05,172.31.40.0-255,66,1766,74,212102
26902,5.5e-05,74.125.200.0-255,2902,4668,74,212102
26903,5.8e-05,172.31.40.0-255,66,4734,74,212102
26904,8.9e-05,74.125.200.0-255,5738,10472,74,212102
26905,9.2e-05,172.31.40.0-255,66,10538,74,212102
26906,9.6e-05,74.125.200.0-255,2902,13440,74,212102
26907,9.8e-05,172.31.40.0-255,66,13506,74,212102
26908,0.000112,74.125.200.0-255,1484,14990,74,212102
26909,0.000114,172.31.40.0-255,66,15056,74,212102
26910,0.000129,74.125.200.0-255,2171,17227,74,212102
26911,0.000131,172.31.40.0-255,66,17293,74,212102
26912,0.000134,74.125.200.0-255,1484,18777,74,212102
26913,0.000136,172.31.40.0-255,66,18843,74,212102
26914,0.000157,74.125.200.0-255,2902,21745,74,212102
26915,0.00016,172.31.40.0-255,66,21811,74,212102
26916,0.000166,74.125.200.0-255,5738,27549,74,212102
26917,0.000169,172.31.40.0-255,66,27615,74,212102
26918,0.00021,74.125.200.0-255,3961,31576,74,212102
26919,0.000213,172.31.40.0-255,66,31642,74,212102
26920,0.000245,74.125.200.0-255,1484,33126,74,212102
26921,0.000247,172.31.40.0-255,66,33192,74,212102
26922,0.000252,74.125.200.0-255,2902,36094,74,212102
26923,0.000255,172.31.40.0-255,66,36160,74,212102
26924,0.000287,74.125.200.0-255,5738,41898,74,212102
26925,0.00029,172.31.40.0-255,66,41964,74,212102
26926,0.000306,74.125.200.0-255,2902,44866,74,212102
26927,0.000309,172.31.40.0-255,66,44932,74,212102
26928,0.000341,172.31.40.0-255,66,44998,74,212102
26929,0.000347,74.125.200.0-255,5738,50736,74,212102
26930,0.000349,172.31.40.0-255,66,50802,74,212102
26931,0.000401,74.125.200.0-255,4237,55039,74,212102
26932,0.000404,172.31.40.0-255,66,55105,74,212102
26933,0.000407,74.125.200.0-255,131,55236,74,212102
26934,0.0005,74.125.200.0-255,1484,56720,74,212102
26935,0.000504,172.31.40.0-255,66,56786,74,212102
26936,0.000509,74.125.200.0-255,2902,59688,74,212102
26937,0.000511,172.31.40.0-255,66,59754,74,212102
26938,0.000528,74.125.200.0-255,5738,65492,74,212102
26939,0.000532,172.31.40.0-255,66,65558,74,212102
26940,0.000555,74.125.200.0-255,1484,67042,74,212102
26941,0.000572,74.125.200.0-255,5738,72780,74,212102
26942,0.000575,172.31.40.0-255,66,72846,74,212102
26943,0.000598,172.31.40.0-255,66,72912,74,212102
26944,0.000621,74.125.200.0-255,1484,74396,74,212102
26945,0.000632,172.31.40.0-255,66,74462,74,212102
26946,0.000635,74.125.200.0-255,345,74807,74,212102
26947,0.00077,74.125.200.0-255,1484,76291,74,212102
26948,0.000774,172.31.40.0-255,66,76357,74,212102
26949,0.000797,74.125.200.0-255,2902,79259,74,212102
26950,0.0008,172.31.40.0-255,66,79325,74,212102
26951,0.000806,74.125.200.0-255,2902,82227,74,212102
26952,0.000808,172.31.40.0-255,66,82293,74,212102
26953,0.000814,74.125.200.0-255,4320,86613,74,212102
26954,0.000816,172.31.40.0-255,66,86679,74,212102
26955,0.000849,172.31.40.0-255,66,86745,74,212102
26956,0.00086,172.31.40.0-255,66,86811,74,212102
26957,0.00093,74.125.200.0-255,2902,89713,74,212102
26958,0.000933,172.31.40.0-255,66,89779,74,212102
26959,0.000957,74.125.200.0-255,3053,92832,74,212102
26960,0.000959,172.31.40.0-255,66,92898,74,212102
26961,0.00106,74.125.200.0-255,1484,94382,74,212102
26962,0.001109,74.125.200.0-255,1484,95866,74,212102
26963,0.001113,172.31.40.0-255,66,95932,74,212102
26964,0.001132,74.125.200.0-255,2902,98834,74,212102
26965,0.001135,172.31.40.0-255,66,98900,74,212102
26966,0.001148,74.125.200.0-255,1484,100384,74,212102
26967,0.001168,74.125.200.0-255,2902,103286,74,212102
26968,0.001171,172.31.40.0-255,66,103352,74,212102
26969,0.001178,74.125.200.0-255,5738,109090,74,212102
26970,0.00118,172.31.40.0-255,66,109156,74,212102
26971,0.001226,172.31.40.0-255,66,109222,74,212102
26972,0.001232,74.125.200.0-255,4320,113542,74,212102
26973,0.001234,172.31.40.0-255,66,113608,74,212102
26974,0.001271,74.125.200.0-255,2184,115792,74,212102
26975,0.001274,172.31.40.0-255,66,115858,74,212102
26976,0.001279,74.125.200.0-255,2902,118760,74,212102
26977,0.001281,172.31.40.0-255,66,118826,74,212102
26978,0.001294,74.125.200.0-255,2902,121728,74,212102
26979,0.001299,172.31.40.0-255,66,121794,74,212102
26980,0.001324,74.125.200.0-255,4320,126114,74,212102
26981,0.001327,172.31.40.0-255,66,126180,74,212102
26982,0.001331,74.125.200.0-255,2902,129082,74,212102
26983,0.001333,172.31.40.0-255,66,129148,74,212102
26984,0.001361,74.125.200.0-255,5738,134886,74,212102
26985,0.001364,172.31.40.0-255,66,134952,74,212102
26986,0.001416,74.125.200.0-255,4320,139272,74,212102
26987,0.00142,172.31.40.0-255,66,139338,74,212102
26988,0.001429,74.125.200.0-255,1484,140822,74,212102
26989,0.001437,74.125.200.0-255,5738,146560,74,212102
26990,0.001439,172.31.40.0-255,66,146626,74,212102
26991,0.001458,74.125.200.0-255,1484,148110,74,212102
26992,0.001463,74.125.200.0-255,2184,150294,74,212102
26993,0.001465,172.31.40.0-255,66,150360,74,212102
26994,0.001485,74.125.200.0-255,2902,153262,74,212102
26995,0.001488,172.31.40.0-255,66,153328,74,212102
26996,0.001507,74.125.200.0-255,5738,159066,74,212102
26997,0.00151,172.31.40.0-255,66,159132,74,212102
26998,0.001529,74.125.200.0-255,1484,160616,74,212102
26999,0.001534,74.125.200.0-255,2902,163518,74,212102
27000,0.001536,172.31.40.0-255,66,163584,74,212102
27001,0.001568,74.125.200.0-255,2902,166486,74,212102
27002,0.001571,172.31.40.0-255,66,166552,74,212102
27003,0.001592,172.31.40.0-255,66,166618,74,212102
27004,0.001603,172.31.40.0-255,66,166684,74,212102
27005,0.001619,74.125.200.0-255,3602,170286,74,212102
27006,0.001621,172.31.40.0-255,66,170352,74,212102
27007,0.001711,74.125.200.0-255,1484,171836,74,212102
27008,0.001732,74.125.200.0-255,1484,173320,74,212102
27009,0.001736,172.31.40.0-255,66,173386,74,212102
27010,0.001742,74.125.200.0-255,2902,176288,74,212102
27011,0.001745,172.31.40.0-255,66,176354,74,212102
27012,0.001772,74.125.200.0-255,5738,182092,74,212102
27013,0.001774,172.31.40.0-255,66,182158,74,212102
27014,0.001784,74.125.200.0-255,2902,185060,74,212102
27015,0.001786,172.31.40.0-255,66,185126,74,212102
27016,0.001791,74.125.200.0-255,4320,189446,74,212102
27017,0.001793,172.31.40.0-255,66,189512,74,212102
27018,0.001796,74.125.200.0-255,1484,190996,74,212102
27019,0.001839,172.31.40.0-255,66,191062,74,212102
27020,0.001847,172.31.40.0-255,66,191128,74,212102
27021,0.002065,74.125.200.0-255,1484,192612,74,212102
27022,0.002071,74.125.200.0-255,1484,194096,74,212102
27023,0.002075,172.31.40.0-255,66,194162,74,212102
27024,0.00389,74.125.200.0-255,2902,197064,74,212102
27025,0.003897,172.31.40.0-255,66,197130,74,212102
27026,0.004114,74.125.200.0-255,2902,200032,74,212102
27027,0.00412,172.31.40.0-255,66,200098,74,212102
27028,0.005932,74.125.200.0-255,2902,203000,74,212102
27029,0.005936,172.31.40.0-255,66,203066,74,212102
27030,0.006162,74.125.200.0-255,2902,205968,74,212102
27031,0.006165,172.31.40.0-255,66,206034,74,212102
27032,0.007976,74.125.200.0-255,1484,207518,74,212102
27033,0.007991,74.125.200.0-255,1484,209002,74,212102
27034,0.007994,172.31.40.0-255,66,209068,74,212102
27035,0.008194,74.125.200.0-255,1484,210552,74,212102
27036,0.008204,74.125.200.0-255,1484,212036,74,212102
27037,0.008206,172.31.40.0-255,66,212102,74,212102
27038,0.0,172.217.194.0-255,146,146,74,190899
27039,2.3e-05,172.31.40.0-255,66,212,74,190899
27040,4.3e-05,172.217.194.0-255,1484,1696,74,190899
27041,4.7e-05,172.31.40.0-255,66,1762,74,190899
27042,5.4e-05,172.217.194.0-255,2902,4664,74,190899
27043,5.8e-05,172.31.40.0-255,66,4730,74,190899
27044,6.9e-05,172.31.40.0-255,66,4796,74,190899
27045,7.3e-05,172.217.194.0-255,2022,6818,74,190899
27046,7.6e-05,172.31.40.0-255,66,6884,74,190899
27047,0.0001,172.217.194.0-255,1484,8368,74,190899
27048,0.000103,172.31.40.0-255,66,8434,74,190899
27049,0.000108,172.217.194.0-255,2902,11336,74,190899
27050,0.000111,172.31.40.0-255,66,11402,74,190899
27051,0.000117,172.217.194.0-255,5738,17140,74,190899
27052,0.00012,172.31.40.0-255,66,17206,74,190899
27053,0.000151,172.31.40.0-255,66,17272,74,190899
27054,0.00018,172.217.194.0-255,2902,20174,74,190899
27055,0.000182,172.31.40.0-255,66,20240,74,190899
27056,0.000208,172.31.40.0-255,66,20306,74,190899
27057,0.000212,172.217.194.0-255,2543,22849,74,190899
27058,0.000214,172.31.40.0-255,66,22915,74,190899
27059,0.000261,172.217.194.0-255,1484,24399,74,190899
27060,0.000264,172.31.40.0-255,66,24465,74,190899
27061,0.000269,172.217.194.0-255,2902,27367,74,190899
27062,0.000271,172.31.40.0-255,66,27433,74,190899
27063,0.000274,172.217.194.0-255,1484,28917,74,190899
27064,0.000276,172.31.40.0-255,66,28983,74,190899
27065,0.000296,172.217.194.0-255,4320,33303,74,190899
27066,0.000298,172.31.40.0-255,66,33369,74,190899
27067,0.000303,172.217.194.0-255,4320,37689,74,190899
27068,0.000305,172.31.40.0-255,66,37755,74,190899
27069,0.000338,172.217.194.0-255,2837,40592,74,190899
27070,0.00034,172.31.40.0-255,66,40658,74,190899
27071,0.000368,172.217.194.0-255,382,41040,74,190899
27072,0.00037,172.31.40.0-255,66,41106,74,190899
27073,0.000493,172.217.194.0-255,1484,42590,74,190899
27074,0.000499,172.31.40.0-255,66,42656,74,190899
27075,0.000504,172.217.194.0-255,2902,45558,74,190899
27076,0.000506,172.31.40.0-255,66,45624,74,190899
27077,0.000513,172.217.194.0-255,5738,51362,74,190899
27078,0.000516,172.31.40.0-255,66,51428,74,190899
27079,0.000546,172.217.194.0-255,5738,57166,74,190899
27080,0.000549,172.31.40.0-255,66,57232,74,190899
27081,0.000569,172.217.194.0-255,1125,58357,74,190899
27082,0.000571,172.31.40.0-255,66,58423,74,190899
27083,0.000581,172.31.40.0-255,66,58489,74,190899
27084,0.000606,172.217.194.0-255,2902,61391,74,190899
27085,0.000608,172.31.40.0-255,66,61457,74,190899
27086,0.000636,172.31.40.0-255,66,61523,74,190899
27087,0.000965,172.217.194.0-255,1484,63007,74,190899
27088,0.00097,172.31.40.0-255,66,63073,74,190899
27089,0.000975,172.217.194.0-255,1484,64557,74,190899
27090,0.000977,172.31.40.0-255,66,64623,74,190899
27091,0.000997,172.217.194.0-255,1484,66107,74,190899
27092,0.001,172.31.40.0-255,66,66173,74,190899
27093,0.001007,172.217.194.0-255,5738,71911,74,190899
27094,0.001009,172.31.40.0-255,66,71977,74,190899
27095,0.001014,172.217.194.0-255,4320,76297,74,190899
27096,0.001016,172.31.40.0-255,66,76363,74,190899
27097,0.001076,172.31.40.0-255,66,76429,74,190899
27098,0.001117,172.217.194.0-255,1484,77913,74,190899
27099,0.001129,172.217.194.0-255,2902,80815,74,190899
27100,0.001135,172.31.40.0-255,66,80881,74,190899
27101,0.001158,172.217.194.0-255,5738,86619,74,190899
27102,0.001164,172.217.194.0-255,2902,89521,74,190899
27103,0.001168,172.31.40.0-255,66,89587,74,190899
27104,0.001177,172.217.194.0-255,2902,92489,74,190899
27105,0.001187,172.217.194.0-255,1484,93973,74,190899
27106,0.001201,172.217.194.0-255,2902,96875,74,190899
27107,0.001211,172.31.40.0-255,66,96941,74,190899
27108,0.001235,172.217.194.0-255,2184,99125,74,190899
27109,0.001259,172.31.40.0-255,66,99191,74,190899
27110,0.001269,172.217.194.0-255,2902,102093,74,190899
27111,0.001287,172.217.194.0-255,5738,107831,74,190899
27112,0.001298,172.217.194.0-255,1484,109315,74,190899
27113,0.001305,172.31.40.0-255,66,109381,74,190899
27114,0.00136,172.217.194.0-255,2184,111565,74,190899
27115,0.001378,172.31.40.0-255,66,111631,74,190899
27116,0.001424,172.217.194.0-255,1484,113115,74,190899
27117,0.001436,172.217.194.0-255,1484,114599,74,190899
27118,0.001446,172.217.194.0-255,1484,116083,74,190899
27119,0.001463,172.217.194.0-255,1484,117567,74,190899
27120,0.001473,172.31.40.0-255,66,117633,74,190899
27121,0.001487,172.217.194.0-255,4320,121953,74,190899
27122,0.00149,172.217.194.0-255,1484,123437,74,190899
27123,0.001517,172.217.194.0-255,2902,126339,74,190899
27124,0.00156,172.217.194.0-255,4320,130659,74,190899
27125,0.001578,172.217.194.0-255,5020,135679,74,190899
27126,0.001582,172.31.40.0-255,66,135745,74,190899
27127,0.001587,172.31.40.0-255,66,135811,74,190899
27128,0.001639,172.217.194.0-255,1484,137295,74,190899
27129,0.001645,172.217.194.0-255,2902,140197,74,190899
27130,0.00165,172.31.40.0-255,66,140263,74,190899
27131,0.001669,172.217.194.0-255,1484,141747,74,190899
27132,0.001674,172.217.194.0-255,2902,144649,74,190899
27133,0.00168,172.31.40.0-255,66,144715,74,190899
27134,0.001704,172.217.194.0-255,5738,150453,74,190899
27135,0.001714,172.217.194.0-255,4320,154773,74,190899
27136,0.001719,172.31.40.0-255,66,154839,74,190899
27137,0.001737,172.217.194.0-255,4320,159159,74,190899
27138,0.001743,172.31.40.0-255,66,159225,74,190899
27139,0.001759,172.217.194.0-255,2184,161409,74,190899
27140,0.001779,172.31.40.0-255,66,161475,74,190899
27141,0.001782,172.217.194.0-255,1484,162959,74,190899
27142,0.001785,172.217.194.0-255,1484,164443,74,190899
27143,0.00179,172.31.40.0-255,66,164509,74,190899
27144,0.0019,172.217.194.0-255,1484,165993,74,190899
27145,0.001909,172.217.194.0-255,5738,171731,74,190899
27146,0.001944,172.217.194.0-255,2902,174633,74,190899
27147,0.001986,172.217.194.0-255,4320,178953,74,190899
27148,0.001999,172.31.40.0-255,66,179019,74,190899
27149,0.002019,172.217.194.0-255,5738,184757,74,190899
27150,0.002026,172.31.40.0-255,66,184823,74,190899
27151,0.002069,172.31.40.0-255,66,184889,74,190899
27152,0.002087,172.31.40.0-255,66,184955,74,190899
27153,0.002095,172.217.194.0-255,766,185721,74,190899
27154,0.002131,172.217.194.0-255,5007,190728,74,190899
27155,0.002134,172.217.194.0-255,105,190833,74,190899
27156,0.002141,172.31.40.0-255,66,190899,74,190899
27157,0.0,74.125.24.0-255,213,213,74,153551
27158,1.4e-05,172.31.40.0-255,66,279,74,153551
27159,2e-05,74.125.24.0-255,1484,1763,74,153551
27160,2.3e-05,172.31.40.0-255,66,1829,74,153551
27161,2.9e-05,74.125.24.0-255,4320,6149,74,153551
27162,3.7e-05,172.31.40.0-255,66,6215,74,153551
27163,4.8e-05,172.31.40.0-255,66,6281,74,153551
27164,6.2e-05,74.125.24.0-255,335,6616,74,153551
27165,6.4e-05,172.31.40.0-255,66,6682,74,153551
27166,7.9e-05,172.31.40.0-255,66,6748,74,153551
27167,0.000109,74.125.24.0-255,5379,12127,74,153551
27168,0.000112,172.31.40.0-255,66,12193,74,153551
27169,0.000139,74.125.24.0-255,2902,15095,74,153551
27170,0.000141,172.31.40.0-255,66,15161,74,153551
27171,0.000145,74.125.24.0-255,4320,19481,74,153551
27172,0.000147,172.31.40.0-255,66,19547,74,153551
27173,0.000181,172.31.40.0-255,66,19613,74,153551
27174,0.000183,74.125.24.0-255,1125,20738,74,153551
27175,0.000185,172.31.40.0-255,66,20804,74,153551
27176,0.000202,74.125.24.0-255,1484,22288,74,153551
27177,0.000204,172.31.40.0-255,66,22354,74,153551
27178,0.000234,74.125.24.0-255,4320,26674,74,153551
27179,0.000243,74.125.24.0-255,1453,28127,74,153551
27180,0.000247,172.31.40.0-255,66,28193,74,153551
27181,0.000249,172.31.40.0-255,66,28259,74,153551
27182,0.000252,172.31.40.0-255,66,28325,74,153551
27183,0.000332,74.125.24.0-255,351,28676,74,153551
27184,0.000335,172.31.40.0-255,66,28742,74,153551
27185,0.000484,74.125.24.0-255,1484,30226,74,153551
27186,0.000489,74.125.24.0-255,1484,31710,74,153551
27187,0.000492,172.31.40.0-255,66,31776,74,153551
27188,0.000518,74.125.24.0-255,1484,33260,74,153551
27189,0.000523,74.125.24.0-255,4320,37580,74,153551
27190,0.000526,172.31.40.0-255,66,37646,74,153551
27191,0.000555,172.31.40.0-255,66,37712,74,153551
27192,0.00056,74.125.24.0-255,4320,42032,74,153551
27193,0.000562,172.31.40.0-255,66,42098,74,153551
27194,0.000594,74.125.24.0-255,4320,46418,74,153551
27195,0.000596,172.31.40.0-255,66,46484,74,153551
27196,0.000628,172.31.40.0-255,66,46550,74,153551
27197,0.000986,74.125.24.0-255,1484,48034,74,153551
27198,0.000991,74.125.24.0-255,2902,50936,74,153551
27199,0.000994,172.31.40.0-255,66,51002,74,153551
27200,0.001015,74.125.24.0-255,5738,56740,74,153551
27201,0.001017,172.31.40.0-255,66,56806,74,153551
27202,0.001023,74.125.24.0-255,5738,62544,74,153551
27203,0.001025,172.31.40.0-255,66,62610,74,153551
27204,0.001079,172.31.40.0-255,66,62676,74,153551
27205,0.001105,74.125.24.0-255,1484,64160,74,153551
27206,0.001111,74.125.24.0-255,5020,69180,74,153551
27207,0.001114,172.31.40.0-255,66,69246,74,153551
27208,0.001203,74.125.24.0-255,1484,70730,74,153551
27209,0.001208,74.125.24.0-255,2902,73632,74,153551
27210,0.001211,172.31.40.0-255,66,73698,74,153551
27211,0.001215,74.125.24.0-255,2902,76600,74,153551
27212,0.001216,172.31.40.0-255,66,76666,74,153551
27213,0.001238,74.125.24.0-255,2902,79568,74,153551
27214,0.001241,172.31.40.0-255,66,79634,74,153551
27215,0.001251,172.31.40.0-255,66,79700,74,153551
27216,0.001299,74.125.24.0-255,4320,84020,74,153551
27217,0.001302,172.31.40.0-255,66,84086,74,153551
27218,0.001339,172.31.40.0-255,66,84152,74,153551
27219,0.001684,74.125.24.0-255,1484,85636,74,153551
27220,0.001692,74.125.24.0-255,2902,88538,74,153551
27221,0.001695,172.31.40.0-255,66,88604,74,153551
27222,0.001712,74.125.24.0-255,4320,92924,74,153551
27223,0.001718,172.31.40.0-255,66,92990,74,153551
27224,0.00175,74.125.24.0-255,1484,94474,74,153551
27225,0.001757,74.125.24.0-255,5738,100212,74,153551
27226,0.001761,172.31.40.0-255,66,100278,74,153551
27227,0.001768,74.125.24.0-255,1484,101762,74,153551
27228,0.001789,74.125.24.0-255,2902,104664,74,153551
27229,0.001792,172.31.40.0-255,66,104730,74,153551
27230,0.001798,74.125.24.0-255,5738,110468,74,153551
27231,0.0018,172.31.40.0-255,66,110534,74,153551
27232,0.001832,172.31.40.0-255,66,110600,74,153551
27233,0.00195,74.125.24.0-255,1484,112084,74,153551
27234,0.001956,74.125.24.0-255,2902,114986,74,153551
27235,0.00196,172.31.40.0-255,66,115052,74,153551
27236,0.001995,74.125.24.0-255,4320,119372,74,153551
27237,0.001998,172.31.40.0-255,66,119438,74,153551
27238,0.002008,172.31.40.0-255,66,119504,74,153551
27239,0.002044,172.31.40.0-255,66,119570,74,153551
27240,0.002076,172.31.40.0-255,66,119636,74,153551
27241,0.002123,74.125.24.0-255,1484,121120,74,153551
27242,0.002128,74.125.24.0-255,2902,124022,74,153551
27243,0.00213,172.31.40.0-255,66,124088,74,153551
27244,0.002134,74.125.24.0-255,1484,125572,74,153551
27245,0.002158,74.125.24.0-255,4320,129892,74,153551
27246,0.002162,172.31.40.0-255,66,129958,74,153551
27247,0.002179,172.31.40.0-255,66,130024,74,153551
27248,0.002205,74.125.24.0-255,2902,132926,74,153551
27249,0.002208,172.31.40.0-255,66,132992,74,153551
27250,0.002221,172.31.40.0-255,66,133058,74,153551
27251,0.002249,74.125.24.0-255,1484,134542,74,153551
27252,0.002253,74.125.24.0-255,2902,137444,74,153551
27253,0.002255,172.31.40.0-255,66,137510,74,153551
27254,0.002262,74.125.24.0-255,5738,143248,74,153551
27255,0.002264,172.31.40.0-255,66,143314,74,153551
27256,0.00231,172.31.40.0-255,66,143380,74,153551
27257,0.002324,172.31.40.0-255,66,143446,74,153551
27258,0.002355,74.125.24.0-255,766,144212,74,153551
27259,0.002368,172.31.40.0-255,66,144278,74,153551
27260,0.002381,172.31.40.0-255,66,144344,74,153551
27261,0.002391,172.31.40.0-255,66,144410,74,153551
27262,0.002432,74.125.24.0-255,4320,148730,74,153551
27263,0.002438,172.31.40.0-255,66,148796,74,153551
27264,0.002462,74.125.24.0-255,2902,151698,74,153551
27265,0.002465,172.31.40.0-255,66,151764,74,153551
27266,0.002478,172.31.40.0-255,66,151830,74,153551
27267,0.002487,172.31.40.0-255,66,151896,74,153551
27268,0.00249,74.125.24.0-255,1484,153380,74,153551
27269,0.002541,172.31.40.0-255,66,153446,74,153551
27270,0.005047,74.125.24.0-255,105,153551,74,153551
27271,0.0,172.217.194.0-255,153,153,74,56102
27272,2.3e-05,172.31.40.0-255,66,219,74,56102
27273,3e-05,172.217.194.0-255,1484,1703,74,56102
27274,3.5e-05,172.31.40.0-255,66,1769,74,56102
27275,4e-05,172.217.194.0-255,2902,4671,74,56102
27276,4.3e-05,172.31.40.0-255,66,4737,74,56102
27277,5.6e-05,172.217.194.0-255,2902,7639,74,56102
27278,5.9e-05,172.31.40.0-255,66,7705,74,56102
27279,0.000101,172.31.40.0-255,66,7771,74,56102
27280,0.000112,172.31.40.0-255,66,7837,74,56102
27281,0.000148,172.217.194.0-255,2902,10739,74,56102
27282,0.000151,172.31.40.0-255,66,10805,74,56102
27283,0.00018,172.217.194.0-255,5738,16543,74,56102
27284,0.000183,172.31.40.0-255,66,16609,74,56102
27285,0.000198,172.31.40.0-255,66,16675,74,56102
27286,0.000219,172.217.194.0-255,5738,22413,74,56102
27287,0.000222,172.31.40.0-255,66,22479,74,56102
27288,0.000229,172.217.194.0-255,766,23245,74,56102
27289,0.000231,172.31.40.0-255,66,23311,74,56102
27290,0.001612,172.217.194.0-255,1484,24795,74,56102
27291,0.00162,172.31.40.0-255,66,24861,74,56102
27292,0.001648,172.217.194.0-255,2902,27763,74,56102
27293,0.001651,172.31.40.0-255,66,27829,74,56102
27294,0.001656,172.217.194.0-255,2902,30731,74,56102
27295,0.001659,172.31.40.0-255,66,30797,74,56102
27296,0.00169,172.217.194.0-255,1484,32281,74,56102
27297,0.001692,172.31.40.0-255,66,32347,74,56102
27298,0.001722,172.217.194.0-255,4320,36667,74,56102
27299,0.001724,172.31.40.0-255,66,36733,74,56102
27300,0.001748,172.217.194.0-255,4213,40946,74,56102
27301,0.00175,172.31.40.0-255,66,41012,74,56102
27302,0.001753,172.217.194.0-255,118,41130,74,56102
27303,0.004128,172.31.40.0-255,66,41196,74,56102
27304,0.00428,172.217.194.0-255,2902,44098,74,56102
27305,0.004284,172.31.40.0-255,66,44164,74,56102
27306,0.004311,172.217.194.0-255,1484,45648,74,56102
27307,0.006667,172.217.194.0-255,1484,47132,74,56102
27308,0.006674,172.31.40.0-255,66,47198,74,56102
27309,0.006846,172.217.194.0-255,2902,50100,74,56102
27310,0.00685,172.31.40.0-255,66,50166,74,56102
27311,0.00923,172.217.194.0-255,2902,53068,74,56102
27312,0.009238,172.31.40.0-255,66,53134,74,56102
27313,0.009364,172.217.194.0-255,2902,56036,74,56102
27314,0.00937,172.31.40.0-255,66,56102,74,56102
27315,0.0,172.217.27.0-255,220,220,74,110111
27316,1.5e-05,172.31.40.0-255,66,286,74,110111
27317,2e-05,172.217.27.0-255,1484,1770,74,110111
27318,2.5e-05,172.31.40.0-255,66,1836,74,110111
27319,3.2e-05,172.217.27.0-255,4320,6156,74,110111
27320,3.6e-05,172.31.40.0-255,66,6222,74,110111
27321,6.8e-05,172.31.40.0-255,66,6288,74,110111
27322,8e-05,172.31.40.0-255,66,6354,74,110111
27323,0.000129,172.31.40.0-255,66,6420,74,110111
27324,0.000207,172.217.27.0-255,1484,7904,74,110111
27325,0.00021,172.31.40.0-255,66,7970,74,110111
27326,0.000216,172.217.27.0-255,2902,10872,74,110111
27327,0.000218,172.31.40.0-255,66,10938,74,110111
27328,0.000224,172.217.27.0-255,4320,15258,74,110111
27329,0.000227,172.31.40.0-255,66,15324,74,110111
27330,0.00028,172.31.40.0-255,66,15390,74,110111
27331,0.000298,172.217.27.0-255,1125,16515,74,110111
27332,0.0003,172.31.40.0-255,66,16581,74,110111
27333,0.000318,172.217.27.0-255,1484,18065,74,110111
27334,0.00032,172.31.40.0-255,66,18131,74,110111
27335,0.000342,172.217.27.0-255,2902,21033,74,110111
27336,0.000344,172.31.40.0-255,66,21099,74,110111
27337,0.000351,172.217.27.0-255,5738,26837,74,110111
27338,0.000353,172.31.40.0-255,66,26903,74,110111
27339,0.000385,172.31.40.0-255,66,26969,74,110111
27340,0.000717,172.217.27.0-255,114,27083,74,110111
27341,0.000723,172.31.40.0-255,66,27149,74,110111
27342,0.000875,172.217.27.0-255,1484,28633,74,110111
27343,0.000882,172.217.27.0-255,2902,31535,74,110111
27344,0.000885,172.31.40.0-255,66,31601,74,110111
27345,0.000908,172.217.27.0-255,2902,34503,74,110111
27346,0.000911,172.31.40.0-255,66,34569,74,110111
27347,0.000939,172.217.27.0-255,2902,37471,74,110111
27348,0.000942,172.31.40.0-255,66,37537,74,110111
27349,0.000957,172.31.40.0-255,66,37603,74,110111
27350,0.000967,172.31.40.0-255,66,37669,74,110111
27351,0.000989,172.217.27.0-255,2543,40212,74,110111
27352,0.000993,172.31.40.0-255,66,40278,74,110111
27353,0.001158,172.217.27.0-255,1484,41762,74,110111
27354,0.001172,172.217.27.0-255,2902,44664,74,110111
27355,0.001176,172.31.40.0-255,66,44730,74,110111
27356,0.001183,172.217.27.0-255,5738,50468,74,110111
27357,0.001185,172.31.40.0-255,66,50534,74,110111
27358,0.001189,172.217.27.0-255,2902,53436,74,110111
27359,0.001191,172.31.40.0-255,66,53502,74,110111
27360,0.001225,172.31.40.0-255,66,53568,74,110111
27361,0.001246,172.217.27.0-255,4320,57888,74,110111
27362,0.00125,172.31.40.0-255,66,57954,74,110111
27363,0.001283,172.31.40.0-255,66,58020,74,110111
27364,0.001296,172.31.40.0-255,66,58086,74,110111
27365,0.0013,172.217.27.0-255,2229,60315,74,110111
27366,0.001302,172.31.40.0-255,66,60381,74,110111
27367,0.001358,172.217.27.0-255,1484,61865,74,110111
27368,0.001363,172.217.27.0-255,1484,63349,74,110111
27369,0.001365,172.31.40.0-255,66,63415,74,110111
27370,0.001387,172.217.27.0-255,1484,64899,74,110111
27371,0.001395,172.217.27.0-255,5738,70637,74,110111
27372,0.001397,172.31.40.0-255,66,70703,74,110111
27373,0.001404,172.217.27.0-255,5738,76441,74,110111
27374,0.001406,172.31.40.0-255,66,76507,74,110111
27375,0.001416,172.31.40.0-255,66,76573,74,110111
27376,0.001444,172.217.27.0-255,4320,80893,74,110111
27377,0.001446,172.31.40.0-255,66,80959,74,110111
27378,0.001475,172.31.40.0-255,66,81025,74,110111
27379,0.00309,172.217.27.0-255,5738,86763,74,110111
27380,0.003096,172.31.40.0-255,66,86829,74,110111
27381,0.004713,172.217.27.0-255,5738,92567,74,110111
27382,0.004718,172.31.40.0-255,66,92633,74,110111
27383,0.006336,172.217.27.0-255,5738,98371,74,110111
27384,0.006341,172.31.40.0-255,66,98437,74,110111
27385,0.007955,172.217.27.0-255,5738,104175,74,110111
27386,0.00796,172.31.40.0-255,66,104241,74,110111
27387,0.009572,172.217.27.0-255,4320,108561,74,110111
27388,0.009577,172.31.40.0-255,66,108627,74,110111
27389,0.009594,172.217.27.0-255,1484,110111,74,110111
27390,0.0,74.125.24.0-255,153,153,74,172061
27391,2e-05,172.31.40.0-255,66,219,74,172061
27392,2.6e-05,74.125.24.0-255,1484,1703,74,172061
27393,3e-05,172.31.40.0-255,66,1769,74,172061
27394,3.6e-05,74.125.24.0-255,2902,4671,74,172061
27395,3.9e-05,172.31.40.0-255,66,4737,74,172061
27396,7.2e-05,172.31.40.0-255,66,4803,74,172061
27397,7.6e-05,74.125.24.0-255,2129,6932,74,172061
27398,7.8e-05,172.31.40.0-255,66,6998,74,172061
27399,0.0001,74.125.24.0-255,1484,8482,74,172061
27400,0.000103,172.31.40.0-255,66,8548,74,172061
27401,0.000124,74.125.24.0-255,2902,11450,74,172061
27402,0.000127,172.31.40.0-255,66,11516,74,172061
27403,0.000133,74.125.24.0-255,5738,17254,74,172061
27404,0.000135,172.31.40.0-255,66,17320,74,172061
27405,0.000159,172.31.40.0-255,66,17386,74,172061
27406,0.000224,74.125.24.0-255,1484,18870,74,172061
27407,0.000228,172.31.40.0-255,66,18936,74,172061
27408,0.000245,74.125.24.0-255,2902,21838,74,172061
27409,0.000247,172.31.40.0-255,66,21904,74,172061
27410,0.000253,74.125.24.0-255,4320,26224,74,172061
27411,0.000255,172.31.40.0-255,66,26290,74,172061
27412,0.000291,172.31.40.0-255,66,26356,74,172061
27413,0.000316,172.31.40.0-255,66,26422,74,172061
27414,0.00034,74.125.24.0-255,5738,32160,74,172061
27415,0.000343,172.31.40.0-255,66,32226,74,172061
27416,0.000348,74.125.24.0-255,2851,35077,74,172061
27417,0.00035,172.31.40.0-255,66,35143,74,172061
27418,0.00037,74.125.24.0-255,378,35521,74,172061
27419,0.000592,74.125.24.0-255,1484,37005,74,172061
27420,0.000597,172.31.40.0-255,66,37071,74,172061
27421,0.000602,74.125.24.0-255,2902,39973,74,172061
27422,0.000604,172.31.40.0-255,66,40039,74,172061
27423,0.000609,74.125.24.0-255,2902,42941,74,172061
27424,0.000611,172.31.40.0-255,66,43007,74,172061
27425,0.000639,74.125.24.0-255,2902,45909,74,172061
27426,0.000643,172.31.40.0-255,66,45975,74,172061
27427,0.000654,172.31.40.0-255,66,46041,74,172061
27428,0.000668,172.31.40.0-255,66,46107,74,172061
27429,0.000673,74.125.24.0-255,2184,48291,74,172061
27430,0.000675,172.31.40.0-255,66,48357,74,172061
27431,0.001432,74.125.24.0-255,1484,49841,74,172061
27432,0.001438,74.125.24.0-255,2902,52743,74,172061
27433,0.001442,172.31.40.0-255,66,52809,74,172061
27434,0.001448,74.125.24.0-255,5738,58547,74,172061
27435,0.00145,172.31.40.0-255,66,58613,74,172061
27436,0.001481,172.31.40.0-255,66,58679,74,172061
27437,0.001515,74.125.24.0-255,4320,62999,74,172061
27438,0.001517,172.31.40.0-255,66,63065,74,172061
27439,0.001546,172.31.40.0-255,66,63131,74,172061
27440,0.001624,74.125.24.0-255,1484,64615,74,172061
27441,0.001645,74.125.24.0-255,1484,66099,74,172061
27442,0.001648,172.31.40.0-255,66,66165,74,172061
27443,0.001665,74.125.24.0-255,1484,67649,74,172061
27444,0.001671,74.125.24.0-255,5738,73387,74,172061
27445,0.001673,172.31.40.0-255,66,73453,74,172061
27446,0.001679,74.125.24.0-255,5738,79191,74,172061
27447,0.001681,172.31.40.0-255,66,79257,74,172061
27448,0.001708,74.125.24.0-255,4320,83577,74,172061
27449,0.00171,172.31.40.0-255,66,83643,74,172061
27450,0.001736,172.31.40.0-255,66,83709,74,172061
27451,0.001739,74.125.24.0-255,766,84475,74,172061
27452,0.00189,74.125.24.0-255,1484,85959,74,172061
27453,0.001894,172.31.40.0-255,66,86025,74,172061
27454,0.001899,74.125.24.0-255,2902,88927,74,172061
27455,0.001901,172.31.40.0-255,66,88993,74,172061
27456,0.00193,74.125.24.0-255,5738,94731,74,172061
27457,0.001933,172.31.40.0-255,66,94797,74,172061
27458,0.001943,172.31.40.0-255,66,94863,74,172061
27459,0.001984,172.31.40.0-255,66,94929,74,172061
27460,0.001988,74.125.24.0-255,2184,97113,74,172061
27461,0.001991,172.31.40.0-255,66,97179,74,172061
27462,0.002023,74.125.24.0-255,1484,98663,74,172061
27463,0.00204,74.125.24.0-255,2902,101565,74,172061
27464,0.002043,172.31.40.0-255,66,101631,74,172061
27465,0.002065,74.125.24.0-255,5738,107369,74,172061
27466,0.002067,172.31.40.0-255,66,107435,74,172061
27467,0.002096,172.31.40.0-255,66,107501,74,172061
27468,0.0021,74.125.24.0-255,2902,110403,74,172061
27469,0.002102,172.31.40.0-255,66,110469,74,172061
27470,0.002123,172.31.40.0-255,66,110535,74,172061
27471,0.002126,74.125.24.0-255,1484,112019,74,172061
27472,0.00213,74.125.24.0-255,2184,114203,74,172061
27473,0.002133,172.31.40.0-255,66,114269,74,172061
27474,0.002135,74.125.24.0-255,1484,115753,74,172061
27475,0.002174,172.31.40.0-255,66,115819,74,172061
27476,0.00218,74.125.24.0-255,5738,121557,74,172061
27477,0.002182,172.31.40.0-255,66,121623,74,172061
27478,0.002192,74.125.24.0-255,2902,124525,74,172061
27479,0.002194,172.31.40.0-255,66,124591,74,172061
27480,0.002206,172.31.40.0-255,66,124657,74,172061
27481,0.002221,74.125.24.0-255,5020,129677,74,172061
27482,0.002223,172.31.40.0-255,66,129743,74,172061
27483,0.002247,74.125.24.0-255,4320,134063,74,172061
27484,0.00225,172.31.40.0-255,66,134129,74,172061
27485,0.002268,74.125.24.0-255,1484,135613,74,172061
27486,0.002272,74.125.24.0-255,2902,138515,74,172061
27487,0.002274,172.31.40.0-255,66,138581,74,172061
27488,0.002277,74.125.24.0-255,1484,140065,74,172061
27489,0.002311,172.31.40.0-255,66,140131,74,172061
27490,0.002323,172.31.40.0-255,66,140197,74,172061
27491,0.002329,74.125.24.0-255,5020,145217,74,172061
27492,0.002332,172.31.40.0-255,66,145283,74,172061
27493,0.002381,74.125.24.0-255,5738,151021,74,172061
27494,0.002383,172.31.40.0-255,66,151087,74,172061
27495,0.002389,74.125.24.0-255,5738,156825,74,172061
27496,0.002391,172.31.40.0-255,66,156891,74,172061
27497,0.002394,74.125.24.0-255,1484,158375,74,172061
27498,0.002398,74.125.24.0-255,1484,159859,74,172061
27499,0.0024,172.31.40.0-255,66,159925,74,172061
27500,0.00241,172.31.40.0-255,66,159991,74,172061
27501,0.00243,74.125.24.0-255,5738,165729,74,172061
27502,0.002433,172.31.40.0-255,66,165795,74,172061
27503,0.002472,172.31.40.0-255,66,165861,74,172061
27504,0.002487,172.31.40.0-255,66,165927,74,172061
27505,0.002499,172.31.40.0-255,66,165993,74,172061
27506,0.002522,74.125.24.0-255,2184,168177,74,172061
27507,0.002524,172.31.40.0-255,66,168243,74,172061
27508,0.002537,172.31.40.0-255,66,168309,74,172061
27509,0.002542,74.125.24.0-255,3344,171653,74,172061
27510,0.002544,172.31.40.0-255,66,171719,74,172061
27511,0.002566,74.125.24.0-255,105,171824,74,172061
27512,0.004587,172.31.40.0-255,66,171890,74,172061
27513,0.004624,172.31.40.0-255,105,171995,74,172061
27514,0.006609,74.125.24.0-255,66,172061,74,172061
27515,0.0,172.217.27.0-255,146,146,74,111488
27516,2.4e-05,172.31.40.0-255,66,212,74,111488
27517,3.2e-05,172.217.27.0-255,1484,1696,74,111488
27518,3.6e-05,172.31.40.0-255,66,1762,74,111488
27519,4.2e-05,172.217.27.0-255,2902,4664,74,111488
27520,4.5e-05,172.31.40.0-255,66,4730,74,111488
27521,6e-05,172.217.27.0-255,5738,10468,74,111488
27522,6.5e-05,172.31.40.0-255,66,10534,74,111488
27523,7e-05,172.217.27.0-255,3534,14068,74,111488
27524,7.3e-05,172.31.40.0-255,66,14134,74,111488
27525,0.000187,172.217.27.0-255,1484,15618,74,111488
27526,0.000191,172.31.40.0-255,66,15684,74,111488
27527,0.000197,172.217.27.0-255,2902,18586,74,111488
27528,0.000199,172.31.40.0-255,66,18652,74,111488
27529,0.000227,172.217.27.0-255,5738,24390,74,111488
27530,0.00023,172.31.40.0-255,66,24456,74,111488
27531,0.000236,172.217.27.0-255,5738,30194,74,111488
27532,0.000239,172.31.40.0-255,66,30260,74,111488
27533,0.000257,172.217.27.0-255,1125,31385,74,111488
27534,0.000264,172.31.40.0-255,66,31451,74,111488
27535,0.000296,172.217.27.0-255,1484,32935,74,111488
27536,0.000299,172.31.40.0-255,66,33001,74,111488
27537,0.000304,172.217.27.0-255,2902,35903,74,111488
27538,0.000306,172.31.40.0-255,66,35969,74,111488
27539,0.00031,172.217.27.0-255,2902,38871,74,111488
27540,0.000317,172.31.40.0-255,66,38937,74,111488
27541,0.000346,172.217.27.0-255,4320,43257,74,111488
27542,0.000349,172.31.40.0-255,66,43323,74,111488
27543,0.00036,172.217.27.0-255,5379,48702,74,111488
27544,0.000363,172.31.40.0-255,66,48768,74,111488
27545,0.000991,172.217.27.0-255,1484,50252,74,111488
27546,0.000997,172.31.40.0-255,66,50318,74,111488
27547,0.001004,172.217.27.0-255,2902,53220,74,111488
27548,0.001006,172.31.40.0-255,66,53286,74,111488
27549,0.001017,172.217.27.0-255,5738,59024,74,111488
27550,0.001019,172.31.40.0-255,66,59090,74,111488
27551,0.001022,172.217.27.0-255,1484,60574,74,111488
27552,0.001056,172.217.27.0-255,5379,65953,74,111488
27553,0.001059,172.31.40.0-255,66,66019,74,111488
27554,0.001088,172.217.27.0-255,645,66664,74,111488
27555,0.001125,172.217.27.0-255,1484,68148,74,111488
27556,0.001128,172.31.40.0-255,66,68214,74,111488
27557,0.001132,172.217.27.0-255,1484,69698,74,111488
27558,0.001135,172.217.27.0-255,2902,72600,74,111488
27559,0.001137,172.31.40.0-255,66,72666,74,111488
27560,0.001141,172.217.27.0-255,2902,75568,74,111488
27561,0.001149,172.31.40.0-255,66,75634,74,111488
27562,0.001161,172.217.27.0-255,2902,78536,74,111488
27563,0.001163,172.31.40.0-255,66,78602,74,111488
27564,0.001166,172.217.27.0-255,1484,80086,74,111488
27565,0.001209,172.31.40.0-255,66,80152,74,111488
27566,0.001232,172.217.27.0-255,2184,82336,74,111488
27567,0.001237,172.31.40.0-255,66,82402,74,111488
27568,0.002884,172.217.27.0-255,5738,88140,74,111488
27569,0.002892,172.31.40.0-255,66,88206,74,111488
27570,0.004524,172.217.27.0-255,5738,93944,74,111488
27571,0.004528,172.31.40.0-255,66,94010,74,111488
27572,0.006162,172.217.27.0-255,5738,99748,74,111488
27573,0.006167,172.31.40.0-255,66,99814,74,111488
27574,0.007807,172.217.27.0-255,5738,105552,74,111488
27575,0.007813,172.31.40.0-255,66,105618,74,111488
27576,0.009451,172.217.27.0-255,4320,109938,74,111488
27577,0.009458,172.31.40.0-255,66,110004,74,111488
27578,0.009483,172.217.27.0-255,1484,111488,74,111488
27579,0.0,172.217.194.0-255,152,152,74,68747
27580,1.3e-05,172.31.40.0-255,66,218,74,68747
27581,1.9e-05,172.217.194.0-255,1484,1702,74,68747
27582,2.4e-05,172.31.40.0-255,66,1768,74,68747
27583,3.6e-05,172.217.194.0-255,2902,4670,74,68747
27584,4e-05,172.31.40.0-255,66,4736,74,68747
27585,4.4e-05,172.217.194.0-255,2902,7638,74,68747
27586,4.7e-05,172.31.40.0-255,66,7704,74,68747
27587,6.3e-05,172.217.194.0-255,2902,10606,74,68747
27588,6.6e-05,172.31.40.0-255,66,10672,74,68747
27589,9.3e-05,172.217.194.0-255,1484,12156,74,68747
27590,9.4e-05,172.31.40.0-255,66,12222,74,68747
27591,9.8e-05,172.217.194.0-255,2010,14232,74,68747
27592,0.0001,172.31.40.0-255,66,14298,74,68747
27593,0.001159,172.217.194.0-255,1484,15782,74,68747
27594,0.001167,172.31.40.0-255,66,15848,74,68747
27595,0.001177,172.217.194.0-255,2902,18750,74,68747
27596,0.001184,172.31.40.0-255,66,18816,74,68747
27597,0.001192,172.217.194.0-255,5738,24554,74,68747
27598,0.001194,172.31.40.0-255,66,24620,74,68747
27599,0.001227,172.217.194.0-255,5738,30358,74,68747
27600,0.001229,172.31.40.0-255,66,30424,74,68747
27601,0.001246,172.217.194.0-255,1125,31549,74,68747
27602,0.00125,172.31.40.0-255,66,31615,74,68747
27603,0.001777,172.217.194.0-255,1484,33099,74,68747
27604,0.001781,172.31.40.0-255,66,33165,74,68747
27605,0.001785,172.217.194.0-255,1484,34649,74,68747
27606,0.001787,172.31.40.0-255,66,34715,74,68747
27607,0.001822,172.217.194.0-255,1484,36199,74,68747
27608,0.001824,172.31.40.0-255,66,36265,74,68747
27609,0.001831,172.217.194.0-255,5738,42003,74,68747
27610,0.001834,172.31.40.0-255,66,42069,74,68747
27611,0.001845,172.217.194.0-255,5738,47807,74,68747
27612,0.001848,172.31.40.0-255,66,47873,74,68747
27613,0.001904,172.31.40.0-255,66,47939,74,68747
27614,0.00191,172.217.194.0-255,4250,52189,74,68747
27615,0.001912,172.31.40.0-255,66,52255,74,68747
27616,0.00217,172.217.194.0-255,366,52621,74,68747
27617,0.002314,172.31.40.0-255,66,52687,74,68747
27618,0.004184,172.217.194.0-255,4320,57007,74,68747
27619,0.004191,172.31.40.0-255,66,57073,74,68747
27620,0.004565,172.217.194.0-255,1484,58557,74,68747
27621,0.006471,172.217.194.0-255,4320,62877,74,68747
27622,0.006479,172.31.40.0-255,66,62943,74,68747
27623,0.008744,172.217.194.0-255,5738,68681,74,68747
27624,0.008751,172.31.40.0-255,66,68747,74,68747
27625,0.0,172.217.194.0-255,146,146,74,126504
27626,1.4e-05,172.31.40.0-255,66,212,74,126504
27627,2e-05,172.217.194.0-255,1484,1696,74,126504
27628,2.4e-05,172.31.40.0-255,66,1762,74,126504
27629,4.4e-05,172.217.194.0-255,2902,4664,74,126504
27630,4.8e-05,172.31.40.0-255,66,4730,74,126504
27631,5.7e-05,172.31.40.0-255,66,4796,74,126504
27632,0.0001,172.31.40.0-255,66,4862,74,126504
27633,0.000108,172.31.40.0-255,66,4928,74,126504
27634,0.000134,172.217.194.0-255,5379,10307,74,126504
27635,0.000136,172.31.40.0-255,66,10373,74,126504
27636,0.00065,172.217.194.0-255,1484,11857,74,126504
27637,0.000655,172.31.40.0-255,66,11923,74,126504
27638,0.000662,172.217.194.0-255,2902,14825,74,126504
27639,0.000664,172.31.40.0-255,66,14891,74,126504
27640,0.000695,172.217.194.0-255,5738,20629,74,126504
27641,0.000698,172.31.40.0-255,66,20695,74,126504
27642,0.000701,172.217.194.0-255,1484,22179,74,126504
27643,0.000703,172.31.40.0-255,66,22245,74,126504
27644,0.000727,172.217.194.0-255,1484,23729,74,126504
27645,0.00073,172.31.40.0-255,66,23795,74,126504
27646,0.00078,172.31.40.0-255,66,23861,74,126504
27647,0.000796,172.31.40.0-255,66,23927,74,126504
27648,0.000799,172.217.194.0-255,119,24046,74,126504
27649,0.000802,172.31.40.0-255,66,24112,74,126504
27650,0.000998,172.217.194.0-255,1484,25596,74,126504
27651,0.001003,172.31.40.0-255,66,25662,74,126504
27652,0.001007,172.217.194.0-255,1484,27146,74,126504
27653,0.001035,172.217.194.0-255,1484,28630,74,126504
27654,0.001042,172.217.194.0-255,5738,34368,74,126504
27655,0.001048,172.217.194.0-255,5738,40106,74,126504
27656,0.001053,172.31.40.0-255,66,40172,74,126504
27657,0.001108,172.217.194.0-255,2184,42356,74,126504
27658,0.001123,172.31.40.0-255,66,42422,74,126504
27659,0.001241,172.217.194.0-255,1484,43906,74,126504
27660,0.001247,172.217.194.0-255,2902,46808,74,126504
27661,0.001249,172.31.40.0-255,66,46874,74,126504
27662,0.001284,172.217.194.0-255,5738,52612,74,126504
27663,0.001337,172.217.194.0-255,3602,56214,74,126504
27664,0.001341,172.217.194.0-255,4320,60534,74,126504
27665,0.001343,172.31.40.0-255,66,60600,74,126504
27666,0.00135,172.31.40.0-255,66,60666,74,126504
27667,0.001383,172.217.194.0-255,4320,64986,74,126504
27668,0.00141,172.217.194.0-255,5738,70724,74,126504
27669,0.001415,172.217.194.0-255,3602,74326,74,126504
27670,0.001423,172.31.40.0-255,66,74392,74,126504
27671,0.001451,172.217.194.0-255,1484,75876,74,126504
27672,0.001483,172.217.194.0-255,2902,78778,74,126504
27673,0.001516,172.31.40.0-255,66,78844,74,126504
27674,0.001537,172.217.194.0-255,3602,82446,74,126504
27675,0.00155,172.31.40.0-255,66,82512,74,126504
27676,0.001662,172.217.194.0-255,1484,83996,74,126504
27677,0.001668,172.217.194.0-255,2902,86898,74,126504
27678,0.001679,172.31.40.0-255,66,86964,74,126504
27679,0.001685,172.217.194.0-255,5738,92702,74,126504
27680,0.001689,172.31.40.0-255,66,92768,74,126504
27681,0.001721,172.31.40.0-255,66,92834,74,126504
27682,0.001748,172.217.194.0-255,5738,98572,74,126504
27683,0.001779,172.217.194.0-255,2902,101474,74,126504
27684,0.001791,172.217.194.0-255,4320,105794,74,126504
27685,0.001793,172.31.40.0-255,66,105860,74,126504
27686,0.001798,172.31.40.0-255,66,105926,74,126504
27687,0.001855,172.31.40.0-255,66,105992,74,126504
27688,0.001923,172.217.194.0-255,4320,110312,74,126504
27689,0.001948,172.31.40.0-255,66,110378,74,126504
27690,0.001952,172.31.40.0-255,66,110444,74,126504
27691,0.002012,172.217.194.0-255,2902,113346,74,126504
27692,0.002029,172.31.40.0-255,66,113412,74,126504
27693,0.002058,172.217.194.0-255,1484,114896,74,126504
27694,0.002063,172.31.40.0-255,66,114962,74,126504
27695,0.003999,172.217.194.0-255,5738,120700,74,126504
27696,0.004005,172.31.40.0-255,66,120766,74,126504
27697,0.005923,172.217.194.0-255,5738,126504,74,126504
27698,0.0,172.253.118.0-255,219,219,74,167675
27699,2e-05,172.31.40.0-255,66,285,74,167675
27700,2.8e-05,172.253.118.0-255,1484,1769,74,167675
27701,3.3e-05,172.31.40.0-255,66,1835,74,167675
27702,5.1e-05,172.253.118.0-255,4320,6155,74,167675
27703,5.6e-05,172.31.40.0-255,66,6221,74,167675
27704,6.1e-05,172.253.118.0-255,4320,10541,74,167675
27705,6.4e-05,172.31.40.0-255,66,10607,74,167675
27706,6.7e-05,172.253.118.0-255,1484,12091,74,167675
27707,6.9e-05,172.31.40.0-255,66,12157,74,167675
27708,0.00012,172.31.40.0-255,66,12223,74,167675
27709,0.000123,172.253.118.0-255,1484,13707,74,167675
27710,0.000125,172.31.40.0-255,66,13773,74,167675
27711,0.000157,172.31.40.0-255,66,13839,74,167675
27712,0.000244,172.253.118.0-255,1484,15323,74,167675
27713,0.000247,172.31.40.0-255,66,15389,74,167675
27714,0.000252,172.253.118.0-255,2902,18291,74,167675
27715,0.000254,172.31.40.0-255,66,18357,74,167675
27716,0.000284,172.253.118.0-255,5738,24095,74,167675
27717,0.000287,172.31.40.0-255,66,24161,74,167675
27718,0.000292,172.253.118.0-255,2902,27063,74,167675
27719,0.000294,172.31.40.0-255,66,27129,74,167675
27720,0.000308,172.253.118.0-255,3961,31090,74,167675
27721,0.00031,172.31.40.0-255,66,31156,74,167675
27722,0.000324,172.31.40.0-255,66,31222,74,167675
27723,0.000371,172.31.40.0-255,66,31288,74,167675
27724,0.000415,172.253.118.0-255,131,31419,74,167675
27725,0.000419,172.31.40.0-255,66,31485,74,167675
27726,0.000629,172.253.118.0-255,1484,32969,74,167675
27727,0.000636,172.253.118.0-255,2902,35871,74,167675
27728,0.00064,172.31.40.0-255,66,35937,74,167675
27729,0.000644,172.253.118.0-255,1484,37421,74,167675
27730,0.000675,172.253.118.0-255,4320,41741,74,167675
27731,0.000678,172.31.40.0-255,66,41807,74,167675
27732,0.000697,172.253.118.0-255,5738,47545,74,167675
27733,0.0007,172.31.40.0-255,66,47611,74,167675
27734,0.000739,172.31.40.0-255,66,47677,74,167675
27735,0.000746,172.253.118.0-255,5738,53415,74,167675
27736,0.000748,172.31.40.0-255,66,53481,74,167675
27737,0.000757,172.253.118.0-255,4224,57705,74,167675
27738,0.000759,172.31.40.0-255,66,57771,74,167675
27739,0.000916,172.253.118.0-255,1484,59255,74,167675
27740,0.000935,172.253.118.0-255,2902,62157,74,167675
27741,0.000939,172.31.40.0-255,66,62223,74,167675
27742,0.000945,172.253.118.0-255,5738,67961,74,167675
27743,0.000948,172.31.40.0-255,66,68027,74,167675
27744,0.000956,172.253.118.0-255,2902,70929,74,167675
27745,0.000959,172.31.40.0-255,66,70995,74,167675
27746,0.000999,172.31.40.0-255,66,71061,74,167675
27747,0.001034,172.31.40.0-255,66,71127,74,167675
27748,0.001231,172.253.118.0-255,1484,72611,74,167675
27749,0.001247,172.253.118.0-255,2902,75513,74,167675
27750,0.001251,172.31.40.0-255,66,75579,74,167675
27751,0.001256,172.253.118.0-255,2902,78481,74,167675
27752,0.001258,172.31.40.0-255,66,78547,74,167675
27753,0.001262,172.253.118.0-255,2902,81449,74,167675
27754,0.001264,172.31.40.0-255,66,81515,74,167675
27755,0.001296,172.253.118.0-255,4320,85835,74,167675
27756,0.001298,172.31.40.0-255,66,85901,74,167675
27757,0.001309,172.31.40.0-255,66,85967,74,167675
27758,0.00134,172.31.40.0-255,66,86033,74,167675
27759,0.001345,172.253.118.0-255,3602,89635,74,167675
27760,0.001347,172.31.40.0-255,66,89701,74,167675
27761,0.0014,172.253.118.0-255,1484,91185,74,167675
27762,0.001412,172.253.118.0-255,2902,94087,74,167675
27763,0.001415,172.31.40.0-255,66,94153,74,167675
27764,0.001423,172.253.118.0-255,5738,99891,74,167675
27765,0.001425,172.31.40.0-255,66,99957,74,167675
27766,0.001441,172.253.118.0-255,1484,101441,74,167675
27767,0.001484,172.31.40.0-255,66,101507,74,167675
27768,0.0015,172.31.40.0-255,66,101573,74,167675
27769,0.00153,172.253.118.0-255,2184,103757,74,167675
27770,0.001532,172.31.40.0-255,66,103823,74,167675
27771,0.001756,172.253.118.0-255,1484,105307,74,167675
27772,0.001762,172.253.118.0-255,2902,108209,74,167675
27773,0.001766,172.31.40.0-255,66,108275,74,167675
27774,0.001771,172.253.118.0-255,2902,111177,74,167675
27775,0.001773,172.31.40.0-255,66,111243,74,167675
27776,0.001796,172.253.118.0-255,2902,114145,74,167675
27777,0.001798,172.31.40.0-255,66,114211,74,167675
27778,0.001809,172.253.118.0-255,5738,119949,74,167675
27779,0.001812,172.31.40.0-255,66,120015,74,167675
27780,0.00187,172.31.40.0-255,66,120081,74,167675
27781,0.001874,172.31.40.0-255,66,120147,74,167675
27782,0.002084,172.253.118.0-255,1484,121631,74,167675
27783,0.002109,172.253.118.0-255,2902,124533,74,167675
27784,0.002113,172.31.40.0-255,66,124599,74,167675
27785,0.00212,172.253.118.0-255,5738,130337,74,167675
27786,0.002122,172.31.40.0-255,66,130403,74,167675
27787,0.002127,172.253.118.0-255,4320,134723,74,167675
27788,0.002129,172.31.40.0-255,66,134789,74,167675
27789,0.002177,172.31.40.0-255,66,134855,74,167675
27790,0.002191,172.31.40.0-255,66,134921,74,167675
27791,0.002196,172.253.118.0-255,5738,140659,74,167675
27792,0.002199,172.31.40.0-255,66,140725,74,167675
27793,0.002266,172.253.118.0-255,5738,146463,74,167675
27794,0.002269,172.31.40.0-255,66,146529,74,167675
27795,0.002305,172.31.40.0-255,66,146595,74,167675
27796,0.00231,172.253.118.0-255,3602,150197,74,167675
27797,0.002312,172.31.40.0-255,66,150263,74,167675
27798,0.004536,172.253.118.0-255,5738,156001,74,167675
27799,0.004548,172.31.40.0-255,66,156067,74,167675
27800,0.006792,172.253.118.0-255,5738,161805,74,167675
27801,0.006809,172.31.40.0-255,66,161871,74,167675
27802,0.009089,172.253.118.0-255,5738,167609,74,167675
27803,0.0091,172.31.40.0-255,66,167675,74,167675
27804,0.0,74.125.24.0-255,150,150,74,95820
27805,2.3e-05,172.31.40.0-255,66,216,74,95820
27806,3e-05,74.125.24.0-255,1484,1700,74,95820
27807,4.6e-05,172.31.40.0-255,66,1766,74,95820
27808,5.2e-05,74.125.24.0-255,2902,4668,74,95820
27809,5.6e-05,172.31.40.0-255,66,4734,74,95820
27810,6.1e-05,74.125.24.0-255,4320,9054,74,95820
27811,6.5e-05,172.31.40.0-255,66,9120,74,95820
27812,7.7e-05,172.31.40.0-255,66,9186,74,95820
27813,8.8e-05,172.31.40.0-255,66,9252,74,95820
27814,0.00012,74.125.24.0-255,5379,14631,74,95820
27815,0.000123,172.31.40.0-255,66,14697,74,95820
27816,0.000126,74.125.24.0-255,1484,16181,74,95820
27817,0.000128,172.31.40.0-255,66,16247,74,95820
27818,0.000133,74.125.24.0-255,2902,19149,74,95820
27819,0.000136,172.31.40.0-255,66,19215,74,95820
27820,0.000141,74.125.24.0-255,4320,23535,74,95820
27821,0.000143,172.31.40.0-255,66,23601,74,95820
27822,0.000166,74.125.24.0-255,1484,25085,74,95820
27823,0.000168,172.31.40.0-255,66,25151,74,95820
27824,0.000213,172.31.40.0-255,66,25217,74,95820
27825,0.000281,74.125.24.0-255,5738,30955,74,95820
27826,0.000284,172.31.40.0-255,66,31021,74,95820
27827,0.000298,74.125.24.0-255,1484,32505,74,95820
27828,0.000301,172.31.40.0-255,66,32571,74,95820
27829,0.00031,172.31.40.0-255,66,32637,74,95820
27830,0.000349,74.125.24.0-255,2543,35180,74,95820
27831,0.000352,172.31.40.0-255,66,35246,74,95820
27832,0.000685,74.125.24.0-255,646,35892,74,95820
27833,0.001017,172.31.40.0-255,66,35958,74,95820
27834,0.001122,74.125.24.0-255,1484,37442,74,95820
27835,0.00114,74.125.24.0-255,2902,40344,74,95820
27836,0.001143,172.31.40.0-255,66,40410,74,95820
27837,0.00115,74.125.24.0-255,5738,46148,74,95820
27838,0.001152,172.31.40.0-255,66,46214,74,95820
27839,0.001176,172.31.40.0-255,66,46280,74,95820
27840,0.001205,74.125.24.0-255,4320,50600,74,95820
27841,0.001207,172.31.40.0-255,66,50666,74,95820
27842,0.001218,172.31.40.0-255,66,50732,74,95820
27843,0.001344,74.125.24.0-255,1484,52216,74,95820
27844,0.00135,74.125.24.0-255,2902,55118,74,95820
27845,0.001353,172.31.40.0-255,66,55184,74,95820
27846,0.001359,74.125.24.0-255,2902,58086,74,95820
27847,0.00136,172.31.40.0-255,66,58152,74,95820
27848,0.001375,74.125.24.0-255,2902,61054,74,95820
27849,0.001377,74.125.24.0-255,1484,62538,74,95820
27850,0.00138,172.31.40.0-255,66,62604,74,95820
27851,0.001406,172.31.40.0-255,66,62670,74,95820
27852,0.001417,172.31.40.0-255,66,62736,74,95820
27853,0.001438,74.125.24.0-255,766,63502,74,95820
27854,0.001788,172.31.40.0-255,66,63568,74,95820
27855,0.001958,74.125.24.0-255,1484,65052,74,95820
27856,0.001966,74.125.24.0-255,2902,67954,74,95820
27857,0.001969,172.31.40.0-255,66,68020,74,95820
27858,0.001994,74.125.24.0-255,5738,73758,74,95820
27859,0.001996,172.31.40.0-255,66,73824,74,95820
27860,0.002005,172.31.40.0-255,66,73890,74,95820
27861,0.002024,74.125.24.0-255,1484,75374,74,95820
27862,0.002043,74.125.24.0-255,2902,78276,74,95820
27863,0.002045,172.31.40.0-255,66,78342,74,95820
27864,0.002075,172.31.40.0-255,66,78408,74,95820
27865,0.004074,74.125.24.0-255,5738,84146,74,95820
27866,0.004082,172.31.40.0-255,66,84212,74,95820
27867,0.006123,74.125.24.0-255,5738,89950,74,95820
27868,0.006128,172.31.40.0-255,66,90016,74,95820
27869,0.008137,74.125.24.0-255,5738,95754,74,95820
27870,0.008143,172.31.40.0-255,66,95820,74,95820
27871,0.0,74.125.24.0-255,146,146,74,160446
27872,1.7e-05,172.31.40.0-255,66,212,74,160446
27873,2.4e-05,74.125.24.0-255,1484,1696,74,160446
27874,2.9e-05,172.31.40.0-255,66,1762,74,160446
27875,3.5e-05,74.125.24.0-255,2902,4664,74,160446
27876,3.8e-05,172.31.40.0-255,66,4730,74,160446
27877,4.9e-05,172.31.40.0-255,66,4796,74,160446
27878,6.3e-05,172.31.40.0-255,66,4862,74,160446
27879,9.1e-05,74.125.24.0-255,4320,9182,74,160446
27880,9.3e-05,172.31.40.0-255,66,9248,74,160446
27881,0.000111,74.125.24.0-255,3961,13209,74,160446
27882,0.000114,172.31.40.0-255,66,13275,74,160446
27883,0.000167,74.125.24.0-255,1484,14759,74,160446
27884,0.00017,172.31.40.0-255,66,14825,74,160446
27885,0.000173,74.125.24.0-255,1484,16309,74,160446
27886,0.000175,172.31.40.0-255,66,16375,74,160446
27887,0.000188,74.125.24.0-255,1484,17859,74,160446
27888,0.000192,172.31.40.0-255,66,17925,74,160446
27889,0.000207,74.125.24.0-255,5738,23663,74,160446
27890,0.000209,172.31.40.0-255,66,23729,74,160446
27891,0.000236,74.125.24.0-255,4320,28049,74,160446
27892,0.000239,172.31.40.0-255,66,28115,74,160446
27893,0.000252,74.125.24.0-255,2543,30658,74,160446
27894,0.000254,172.31.40.0-255,66,30724,74,160446
27895,0.000514,74.125.24.0-255,1484,32208,74,160446
27896,0.000519,172.31.40.0-255,66,32274,74,160446
27897,0.000536,74.125.24.0-255,2902,35176,74,160446
27898,0.000539,172.31.40.0-255,66,35242,74,160446
27899,0.000542,74.125.24.0-255,1484,36726,74,160446
27900,0.000543,172.31.40.0-255,66,36792,74,160446
27901,0.000592,74.125.24.0-255,4320,41112,74,160446
27902,0.00061,74.125.24.0-255,1484,42596,74,160446
27903,0.000619,172.31.40.0-255,66,42662,74,160446
27904,0.000659,74.125.24.0-255,5379,48041,74,160446
27905,0.00067,172.31.40.0-255,66,48107,74,160446
27906,0.000798,74.125.24.0-255,1484,49591,74,160446
27907,0.000817,74.125.24.0-255,2902,52493,74,160446
27908,0.000835,172.31.40.0-255,66,52559,74,160446
27909,0.000861,74.125.24.0-255,1484,54043,74,160446
27910,0.000864,74.125.24.0-255,1484,55527,74,160446
27911,0.000877,74.125.24.0-255,1484,57011,74,160446
27912,0.00088,172.31.40.0-255,66,57077,74,160446
27913,0.000911,74.125.24.0-255,1484,58561,74,160446
27914,0.000916,74.125.24.0-255,2902,61463,74,160446
27915,0.000931,172.31.40.0-255,66,61529,74,160446
27916,0.00094,74.125.24.0-255,1484,63013,74,160446
27917,0.000961,74.125.24.0-255,2543,65556,74,160446
27918,0.000967,74.125.24.0-255,4320,69876,74,160446
27919,0.000976,74.125.24.0-255,1484,71360,74,160446
27920,0.000998,74.125.24.0-255,3124,74484,74,160446
27921,0.001012,172.31.40.0-255,66,74550,74,160446
27922,0.001141,74.125.24.0-255,1484,76034,74,160446
27923,0.001156,74.125.24.0-255,2902,78936,74,160446
27924,0.001159,172.31.40.0-255,66,79002,74,160446
27925,0.001183,74.125.24.0-255,5738,84740,74,160446
27926,0.001201,172.31.40.0-255,66,84806,74,160446
27927,0.001258,172.31.40.0-255,66,84872,74,160446
27928,0.001284,172.31.40.0-255,66,84938,74,160446
27929,0.001397,74.125.24.0-255,1484,86422,74,160446
27930,0.001415,74.125.24.0-255,2902,89324,74,160446
27931,0.001418,172.31.40.0-255,66,89390,74,160446
27932,0.001425,74.125.24.0-255,5738,95128,74,160446
27933,0.001451,172.31.40.0-255,66,95194,74,160446
27934,0.001468,74.125.24.0-255,5738,100932,74,160446
27935,0.001478,74.125.24.0-255,1484,102416,74,160446
27936,0.001481,172.31.40.0-255,66,102482,74,160446
27937,0.001515,74.125.24.0-255,3602,106084,74,160446
27938,0.001527,172.31.40.0-255,66,106150,74,160446
27939,0.001538,74.125.24.0-255,4320,110470,74,160446
27940,0.001579,172.31.40.0-255,66,110536,74,160446
27941,0.0016,172.31.40.0-255,66,110602,74,160446
27942,0.001606,74.125.24.0-255,4320,114922,74,160446
27943,0.001608,74.125.24.0-255,1484,116406,74,160446
27944,0.001643,172.31.40.0-255,66,116472,74,160446
27945,0.001691,172.31.40.0-255,66,116538,74,160446
27946,0.001712,74.125.24.0-255,1484,118022,74,160446
27947,0.001736,74.125.24.0-255,5020,123042,74,160446
27948,0.001745,172.31.40.0-255,66,123108,74,160446
27949,0.00176,74.125.24.0-255,1484,124592,74,160446
27950,0.001766,172.31.40.0-255,66,124658,74,160446
27951,0.001786,74.125.24.0-255,4320,128978,74,160446
27952,0.001796,74.125.24.0-255,4320,133298,74,160446
27953,0.001802,172.31.40.0-255,66,133364,74,160446
27954,0.001849,172.31.40.0-255,66,133430,74,160446
27955,0.001854,74.125.24.0-255,2902,136332,74,160446
27956,0.001859,74.125.24.0-255,3602,139934,74,160446
27957,0.001862,74.125.24.0-255,2902,142836,74,160446
27958,0.001868,172.31.40.0-255,66,142902,74,160446
27959,0.00188,74.125.24.0-255,5738,148640,74,160446
27960,0.001898,172.31.40.0-255,66,148706,74,160446
27961,0.001918,172.31.40.0-255,66,148772,74,160446
27962,0.001964,172.31.40.0-255,66,148838,74,160446
27963,0.004013,74.125.24.0-255,5738,154576,74,160446
27964,0.004025,172.31.40.0-255,66,154642,74,160446
27965,0.006034,74.125.24.0-255,5738,160380,74,160446
27966,0.009937,172.31.40.0-255,66,160446,74,160446
27967,0.0,172.217.194.0-255,291,291,74,179728
27968,1.8e-05,172.31.40.0-255,66,357,74,179728
27969,2.4e-05,172.217.194.0-255,1484,1841,74,179728
27970,2.8e-05,172.31.40.0-255,66,1907,74,179728
27971,3.5e-05,172.217.194.0-255,4320,6227,74,179728
27972,3.9e-05,172.31.40.0-255,66,6293,74,179728
27973,7.5e-05,172.217.194.0-255,2902,9195,74,179728
27974,7.8e-05,172.31.40.0-255,66,9261,74,179728
27975,0.0001,172.217.194.0-255,4604,13865,74,179728
27976,0.000103,172.31.40.0-255,66,13931,74,179728
27977,0.000485,172.217.194.0-255,1484,15415,74,179728
27978,0.000489,172.31.40.0-255,66,15481,74,179728
27979,0.000493,172.217.194.0-255,1484,16965,74,179728
27980,0.000496,172.31.40.0-255,66,17031,74,179728
27981,0.000508,172.217.194.0-255,1484,18515,74,179728
27982,0.00051,172.31.40.0-255,66,18581,74,179728
27983,0.000517,172.217.194.0-255,5738,24319,74,179728
27984,0.00052,172.31.40.0-255,66,24385,74,179728
27985,0.000523,172.217.194.0-255,1484,25869,74,179728
27986,0.000525,172.31.40.0-255,66,25935,74,179728
27987,0.000577,172.217.194.0-255,2902,28837,74,179728
27988,0.00058,172.31.40.0-255,66,28903,74,179728
27989,0.000596,172.217.194.0-255,2543,31446,74,179728
27990,0.000598,172.31.40.0-255,66,31512,74,179728
27991,0.000622,172.217.194.0-255,1484,32996,74,179728
27992,0.000624,172.31.40.0-255,66,33062,74,179728
27993,0.000629,172.217.194.0-255,2902,35964,74,179728
27994,0.000631,172.31.40.0-255,66,36030,74,179728
27995,0.000634,172.217.194.0-255,1484,37514,74,179728
27996,0.000636,172.31.40.0-255,66,37580,74,179728
27997,0.00066,172.217.194.0-255,4320,41900,74,179728
27998,0.000663,172.31.40.0-255,66,41966,74,179728
27999,0.00068,172.217.194.0-255,5738,47704,74,179728
28000,0.000683,172.31.40.0-255,66,47770,74,179728
28001,0.000702,172.217.194.0-255,1125,48895,74,179728
28002,0.000704,172.31.40.0-255,66,48961,74,179728
28003,0.000746,172.217.194.0-255,1484,50445,74,179728
28004,0.000748,172.31.40.0-255,66,50511,74,179728
28005,0.000754,172.217.194.0-255,2902,53413,74,179728
28006,0.000756,172.31.40.0-255,66,53479,74,179728
28007,0.00076,172.217.194.0-255,2902,56381,74,179728
28008,0.000762,172.31.40.0-255,66,56447,74,179728
28009,0.000787,172.217.194.0-255,2902,59349,74,179728
28010,0.00079,172.31.40.0-255,66,59415,74,179728
28011,0.000801,172.31.40.0-255,66,59481,74,179728
28012,0.000819,172.217.194.0-255,678,60159,74,179728
28013,0.000821,172.31.40.0-255,66,60225,74,179728
28014,0.0012,172.217.194.0-255,1484,61709,74,179728
28015,0.001204,172.31.40.0-255,66,61775,74,179728
28016,0.001209,172.217.194.0-255,2902,64677,74,179728
28017,0.001212,172.31.40.0-255,66,64743,74,179728
28018,0.001229,172.217.194.0-255,5738,70481,74,179728
28019,0.001232,172.31.40.0-255,66,70547,74,179728
28020,0.001236,172.217.194.0-255,2902,73449,74,179728
28021,0.001238,172.31.40.0-255,66,73515,74,179728
28022,0.001265,172.217.194.0-255,5738,79253,74,179728
28023,0.001268,172.31.40.0-255,66,79319,74,179728
28024,0.001427,172.217.194.0-255,1484,80803,74,179728
28025,0.001444,172.217.194.0-255,2902,83705,74,179728
28026,0.001447,172.217.194.0-255,1484,85189,74,179728
28027,0.001469,172.217.194.0-255,4320,89509,74,179728
28028,0.001628,172.217.194.0-255,1484,90993,74,179728
28029,0.001633,172.217.194.0-255,2902,93895,74,179728
28030,0.001664,172.217.194.0-255,5738,99633,74,179728
28031,0.00171,172.217.194.0-255,4320,103953,74,179728
28032,0.001802,172.217.194.0-255,1484,105437,74,179728
28033,0.001864,172.217.194.0-255,2902,108339,74,179728
28034,0.001946,172.217.194.0-255,4320,112659,74,179728
28035,0.001962,172.217.194.0-255,3602,116261,74,179728
28036,0.001985,172.217.194.0-255,4320,120581,74,179728
28037,0.002019,172.217.194.0-255,5738,126319,74,179728
28038,0.002059,172.217.194.0-255,1484,127803,74,179728
28039,0.00209,172.217.194.0-255,5020,132823,74,179728
28040,0.002152,172.217.194.0-255,4320,137143,74,179728
28041,0.002305,172.217.194.0-255,1484,138627,74,179728
28042,0.00232,172.217.194.0-255,1484,140111,74,179728
28043,0.002323,172.217.194.0-255,1484,141595,74,179728
28044,0.002338,172.217.194.0-255,2902,144497,74,179728
28045,0.002351,172.217.194.0-255,4320,148817,74,179728
28046,0.002371,172.217.194.0-255,2902,151719,74,179728
28047,0.002429,172.217.194.0-255,1484,153203,74,179728
28048,0.002433,172.217.194.0-255,2902,156105,74,179728
28049,0.002436,172.217.194.0-255,1484,157589,74,179728
28050,0.002453,172.217.194.0-255,4320,161909,74,179728
28051,0.002508,172.217.194.0-255,2902,164811,74,179728
28052,0.00254,172.217.194.0-255,2184,166995,74,179728
28053,0.002542,172.217.194.0-255,1484,168479,74,179728
28054,0.002577,172.217.194.0-255,5738,174217,74,179728
28055,0.002604,172.217.194.0-255,5169,179386,74,179728
28056,0.002639,172.217.194.0-255,105,179491,74,179728
28057,0.002813,172.31.40.0-255,66,179557,74,179728
28058,0.006033,172.31.40.0-255,105,179662,74,179728
28059,0.008345,172.217.194.0-255,66,179728,74,179728
28060,0.0,172.217.194.0-255,146,146,74,153095
28061,2.3e-05,172.31.40.0-255,66,212,74,153095
28062,3.1e-05,172.217.194.0-255,1484,1696,74,153095
28063,3.4e-05,172.31.40.0-255,66,1762,74,153095
28064,3.9e-05,172.217.194.0-255,2902,4664,74,153095
28065,5.4e-05,172.31.40.0-255,66,4730,74,153095
28066,6.6e-05,172.31.40.0-255,66,4796,74,153095
28067,7.1e-05,172.217.194.0-255,3518,8314,74,153095
28068,7.4e-05,172.31.40.0-255,66,8380,74,153095
28069,0.000119,172.31.40.0-255,66,8446,74,153095
28070,0.000124,172.217.194.0-255,2543,10989,74,153095
28071,0.000126,172.31.40.0-255,66,11055,74,153095
28072,0.000153,172.217.194.0-255,1484,12539,74,153095
28073,0.000155,172.31.40.0-255,66,12605,74,153095
28074,0.000187,172.217.194.0-255,2902,15507,74,153095
28075,0.000189,172.31.40.0-255,66,15573,74,153095
28076,0.000196,172.217.194.0-255,5738,21311,74,153095
28077,0.000198,172.31.40.0-255,66,21377,74,153095
28078,0.000203,172.217.194.0-255,4320,25697,74,153095
28079,0.000208,172.31.40.0-255,66,25763,74,153095
28080,0.000219,172.217.194.0-255,4320,30083,74,153095
28081,0.000231,172.31.40.0-255,66,30149,74,153095
28082,0.000273,172.217.194.0-255,5738,35887,74,153095
28083,0.000277,172.31.40.0-255,66,35953,74,153095
28084,0.000316,172.31.40.0-255,66,36019,74,153095
28085,0.000352,172.217.194.0-255,413,36432,74,153095
28086,0.000355,172.31.40.0-255,66,36498,74,153095
28087,0.000485,172.217.194.0-255,1484,37982,74,153095
28088,0.00049,172.31.40.0-255,66,38048,74,153095
28089,0.000498,172.217.194.0-255,2902,40950,74,153095
28090,0.000506,172.31.40.0-255,66,41016,74,153095
28091,0.000511,172.217.194.0-255,2902,43918,74,153095
28092,0.000513,172.31.40.0-255,66,43984,74,153095
28093,0.00054,172.217.194.0-255,1484,45468,74,153095
28094,0.000548,172.217.194.0-255,5738,51206,74,153095
28095,0.00055,172.31.40.0-255,66,51272,74,153095
28096,0.000555,172.217.194.0-255,2902,54174,74,153095
28097,0.000558,172.31.40.0-255,66,54240,74,153095
28098,0.000601,172.31.40.0-255,66,54306,74,153095
28099,0.000607,172.217.194.0-255,4320,58626,74,153095
28100,0.000609,172.31.40.0-255,66,58692,74,153095
28101,0.000624,172.217.194.0-255,3602,62294,74,153095
28102,0.00063,172.31.40.0-255,66,62360,74,153095
28103,0.000823,172.217.194.0-255,1484,63844,74,153095
28104,0.000829,172.217.194.0-255,2902,66746,74,153095
28105,0.000833,172.31.40.0-255,66,66812,74,153095
28106,0.000864,172.217.194.0-255,5738,72550,74,153095
28107,0.000867,172.31.40.0-255,66,72616,74,153095
28108,0.000904,172.31.40.0-255,66,72682,74,153095
28109,0.000962,172.31.40.0-255,66,72748,74,153095
28110,0.000994,172.217.194.0-255,2902,75650,74,153095
28111,0.000998,172.31.40.0-255,66,75716,74,153095
28112,0.001002,172.217.194.0-255,1899,77615,74,153095
28113,0.001004,172.31.40.0-255,66,77681,74,153095
28114,0.001025,172.31.40.0-255,66,77747,74,153095
28115,0.00103,172.217.194.0-255,5738,83485,74,153095
28116,0.001033,172.31.40.0-255,66,83551,74,153095
28117,0.001043,172.217.194.0-255,1484,85035,74,153095
28118,0.001062,172.31.40.0-255,66,85101,74,153095
28119,0.001088,172.217.194.0-255,3602,88703,74,153095
28120,0.001094,172.31.40.0-255,66,88769,74,153095
28121,0.001269,172.217.194.0-255,1484,90253,74,153095
28122,0.001275,172.217.194.0-255,2902,93155,74,153095
28123,0.001279,172.31.40.0-255,66,93221,74,153095
28124,0.001283,172.217.194.0-255,1484,94705,74,153095
28125,0.001308,172.217.194.0-255,4320,99025,74,153095
28126,0.001323,172.217.194.0-255,4320,103345,74,153095
28127,0.001329,172.31.40.0-255,66,103411,74,153095
28128,0.001361,172.31.40.0-255,66,103477,74,153095
28129,0.001385,172.217.194.0-255,2184,105661,74,153095
28130,0.001401,172.31.40.0-255,66,105727,74,153095
28131,0.001456,172.217.194.0-255,1484,107211,74,153095
28132,0.001472,172.217.194.0-255,2902,110113,74,153095
28133,0.001477,172.31.40.0-255,66,110179,74,153095
28134,0.001505,172.217.194.0-255,5738,115917,74,153095
28135,0.00151,172.217.194.0-255,4320,120237,74,153095
28136,0.001526,172.31.40.0-255,66,120303,74,153095
28137,0.00158,172.31.40.0-255,66,120369,74,153095
28138,0.001612,172.217.194.0-255,4320,124689,74,153095
28139,0.001655,172.31.40.0-255,66,124755,74,153095
28140,0.001707,172.217.194.0-255,4320,129075,74,153095
28141,0.001727,172.31.40.0-255,66,129141,74,153095
28142,0.001732,172.31.40.0-255,66,129207,74,153095
28143,0.001757,172.217.194.0-255,4320,133527,74,153095
28144,0.001764,172.217.194.0-255,1484,135011,74,153095
28145,0.00177,172.217.194.0-255,5738,140749,74,153095
28146,0.001788,172.31.40.0-255,66,140815,74,153095
28147,0.001812,172.31.40.0-255,66,140881,74,153095
28148,0.00191,172.31.40.0-255,66,140947,74,153095
28149,0.001952,172.31.40.0-255,66,141013,74,153095
28150,0.001984,172.217.194.0-255,4320,145333,74,153095
28151,0.001987,172.217.194.0-255,1484,146817,74,153095
28152,0.002046,172.31.40.0-255,66,146883,74,153095
28153,0.002052,172.31.40.0-255,66,146949,74,153095
28154,0.00207,172.217.194.0-255,5738,152687,74,153095
28155,0.002112,172.31.40.0-255,66,152753,74,153095
28156,0.002119,172.217.194.0-255,105,152858,74,153095
28157,0.004716,172.31.40.0-255,66,152924,74,153095
28158,0.004754,172.31.40.0-255,105,153029,74,153095
28159,0.007321,172.217.194.0-255,66,153095,74,153095
28160,0.0,172.217.194.0-255,146,146,74,159179
28161,1.5e-05,172.31.40.0-255,66,212,74,159179
28162,2.1e-05,172.217.194.0-255,1484,1696,74,159179
28163,2.5e-05,172.31.40.0-255,66,1762,74,159179
28164,3.1e-05,172.217.194.0-255,2902,4664,74,159179
28165,3.6e-05,172.31.40.0-255,66,4730,74,159179
28166,7.3e-05,172.31.40.0-255,66,4796,74,159179
28167,7.7e-05,172.217.194.0-255,2069,6865,74,159179
28168,8e-05,172.31.40.0-255,66,6931,74,159179
28169,0.00033,172.217.194.0-255,1484,8415,74,159179
28170,0.000336,172.31.40.0-255,66,8481,74,159179
28171,0.000342,172.217.194.0-255,2902,11383,74,159179
28172,0.000345,172.31.40.0-255,66,11449,74,159179
28173,0.000352,172.217.194.0-255,5738,17187,74,159179
28174,0.000355,172.31.40.0-255,66,17253,74,159179
28175,0.000392,172.31.40.0-255,66,17319,74,159179
28176,0.00043,172.217.194.0-255,1484,18803,74,159179
28177,0.000433,172.31.40.0-255,66,18869,74,159179
28178,0.000455,172.217.194.0-255,2902,21771,74,159179
28179,0.000458,172.31.40.0-255,66,21837,74,159179
28180,0.000465,172.217.194.0-255,5738,27575,74,159179
28181,0.000468,172.31.40.0-255,66,27641,74,159179
28182,0.000473,172.217.194.0-255,4320,31961,74,159179
28183,0.000476,172.31.40.0-255,66,32027,74,159179
28184,0.000495,172.217.194.0-255,5379,37406,74,159179
28185,0.000499,172.31.40.0-255,66,37472,74,159179
28186,0.000527,172.31.40.0-255,66,37538,74,159179
28187,0.000531,172.217.194.0-255,2796,40334,74,159179
28188,0.000533,172.31.40.0-255,66,40400,74,159179
28189,0.000537,172.217.194.0-255,117,40517,74,159179
28190,0.000594,172.217.194.0-255,382,40899,74,159179
28191,0.001174,172.217.194.0-255,1484,42383,74,159179
28192,0.00118,172.217.194.0-255,2902,45285,74,159179
28193,0.001192,172.31.40.0-255,66,45351,74,159179
28194,0.001196,172.31.40.0-255,66,45417,74,159179
28195,0.001203,172.217.194.0-255,5738,51155,74,159179
28196,0.001205,172.31.40.0-255,66,51221,74,159179
28197,0.001236,172.31.40.0-255,66,51287,74,159179
28198,0.001259,172.217.194.0-255,5738,57025,74,159179
28199,0.001261,172.31.40.0-255,66,57091,74,159179
28200,0.001268,172.217.194.0-255,5738,62829,74,159179
28201,0.00127,172.31.40.0-255,66,62895,74,159179
28202,0.001315,172.217.194.0-255,5020,67915,74,159179
28203,0.001318,172.31.40.0-255,66,67981,74,159179
28204,0.001464,172.217.194.0-255,1484,69465,74,159179
28205,0.00147,172.217.194.0-255,2902,72367,74,159179
28206,0.001473,172.31.40.0-255,66,72433,74,159179
28207,0.001477,172.217.194.0-255,1484,73917,74,159179
28208,0.001496,172.217.194.0-255,4320,78237,74,159179
28209,0.001498,172.31.40.0-255,66,78303,74,159179
28210,0.001514,172.217.194.0-255,5738,84041,74,159179
28211,0.001518,172.31.40.0-255,66,84107,74,159179
28212,0.001539,172.31.40.0-255,66,84173,74,159179
28213,0.001544,172.217.194.0-255,4320,88493,74,159179
28214,0.001546,172.31.40.0-255,66,88559,74,159179
28215,0.001575,172.31.40.0-255,66,88625,74,159179
28216,0.001613,172.217.194.0-255,1484,90109,74,159179
28217,0.001618,172.217.194.0-255,2902,93011,74,159179
28218,0.00162,172.31.40.0-255,66,93077,74,159179
28219,0.001647,172.217.194.0-255,5738,98815,74,159179
28220,0.001653,172.217.194.0-255,5738,104553,74,159179
28221,0.001657,172.31.40.0-255,66,104619,74,159179
28222,0.00166,172.31.40.0-255,66,104685,74,159179
28223,0.001669,172.217.194.0-255,2902,107587,74,159179
28224,0.001672,172.31.40.0-255,66,107653,74,159179
28225,0.001709,172.31.40.0-255,66,107719,74,159179
28226,0.001715,172.217.194.0-255,5020,112739,74,159179
28227,0.001718,172.31.40.0-255,66,112805,74,159179
28228,0.001861,172.217.194.0-255,1484,114289,74,159179
28229,0.001867,172.217.194.0-255,2902,117191,74,159179
28230,0.001873,172.31.40.0-255,66,117257,74,159179
28231,0.001894,172.217.194.0-255,5738,122995,74,159179
28232,0.001897,172.31.40.0-255,66,123061,74,159179
28233,0.001902,172.217.194.0-255,2902,125963,74,159179
28234,0.001904,172.31.40.0-255,66,126029,74,159179
28235,0.001937,172.31.40.0-255,66,126095,74,159179
28236,0.001969,172.31.40.0-255,66,126161,74,159179
28237,0.002174,172.217.194.0-255,1484,127645,74,159179
28238,0.00218,172.217.194.0-255,2902,130547,74,159179
28239,0.002183,172.31.40.0-255,66,130613,74,159179
28240,0.002191,172.217.194.0-255,5738,136351,74,159179
28241,0.002194,172.31.40.0-255,66,136417,74,159179
28242,0.002236,172.31.40.0-255,66,136483,74,159179
28243,0.002288,172.31.40.0-255,66,136549,74,159179
28244,0.00231,172.217.194.0-255,5020,141569,74,159179
28245,0.002313,172.31.40.0-255,66,141635,74,159179
28246,0.004534,172.217.194.0-255,5738,147373,74,159179
28247,0.004542,172.31.40.0-255,66,147439,74,159179
28248,0.006804,172.217.194.0-255,2902,150341,74,159179
28249,0.006809,172.31.40.0-255,66,150407,74,159179
28250,0.006823,172.217.194.0-255,2902,153309,74,159179
28251,0.006825,172.31.40.0-255,66,153375,74,159179
28252,0.009069,172.217.194.0-255,5738,159113,74,159179
28253,0.009075,172.31.40.0-255,66,159179,74,159179
28254,0.0,74.125.200.0-255,152,152,74,69498
28255,1.5e-05,172.31.40.0-255,66,218,74,69498
28256,2.2e-05,74.125.200.0-255,1484,1702,74,69498
28257,2.6e-05,172.31.40.0-255,66,1768,74,69498
28258,3e-05,74.125.200.0-255,1484,3252,74,69498
28259,3.2e-05,172.31.40.0-255,66,3318,74,69498
28260,6.3e-05,74.125.200.0-255,1484,4802,74,69498
28261,6.6e-05,172.31.40.0-255,66,4868,74,69498
28262,9.4e-05,74.125.200.0-255,1484,6352,74,69498
28263,9.7e-05,172.31.40.0-255,66,6418,74,69498
28264,0.000102,74.125.200.0-255,2902,9320,74,69498
28265,0.000105,172.31.40.0-255,66,9386,74,69498
28266,0.000163,172.31.40.0-255,66,9452,74,69498
28267,0.000286,74.125.200.0-255,4320,13772,74,69498
28268,0.000291,172.31.40.0-255,66,13838,74,69498
28269,0.000324,74.125.200.0-255,5738,19576,74,69498
28270,0.000327,172.31.40.0-255,66,19642,74,69498
28271,0.000467,74.125.200.0-255,2902,22544,74,69498
28272,0.000472,172.31.40.0-255,66,22610,74,69498
28273,0.000502,74.125.200.0-255,2543,25153,74,69498
28274,0.000504,172.31.40.0-255,66,25219,74,69498
28275,0.000556,74.125.200.0-255,5738,30957,74,69498
28276,0.00056,172.31.40.0-255,66,31023,74,69498
28277,0.000665,172.31.40.0-255,66,31089,74,69498
28278,0.000687,74.125.200.0-255,5738,36827,74,69498
28279,0.000689,172.31.40.0-255,66,36893,74,69498
28280,0.000914,172.31.40.0-255,66,36959,74,69498
28281,0.000951,172.31.40.0-255,66,37025,74,69498
28282,0.001157,74.125.200.0-255,353,37378,74,69498
28283,0.001178,74.125.200.0-255,1484,38862,74,69498
28284,0.001181,172.31.40.0-255,66,38928,74,69498
28285,0.001224,74.125.200.0-255,2902,41830,74,69498
28286,0.001239,74.125.200.0-255,1484,43314,74,69498
28287,0.001248,172.31.40.0-255,66,43380,74,69498
28288,0.001326,172.31.40.0-255,66,43446,74,69498
28289,0.001495,172.31.40.0-255,66,43512,74,69498
28290,0.002155,74.125.200.0-255,4320,47832,74,69498
28291,0.002177,74.125.200.0-255,5738,53570,74,69498
28292,0.002329,74.125.200.0-255,4320,57890,74,69498
28293,0.002845,74.125.200.0-255,5738,63628,74,69498
28294,0.006182,172.31.40.0-255,66,63694,74,69498
28295,0.008192,74.125.200.0-255,5738,69432,74,69498
28296,0.008198,172.31.40.0-255,66,69498,74,69498
28297,0.0,74.125.24.0-255,148,148,74,162900
28298,2.2e-05,172.31.40.0-255,66,214,74,162900
28299,2.8e-05,74.125.24.0-255,1484,1698,74,162900
28300,3.2e-05,172.31.40.0-255,66,1764,74,162900
28301,3.7e-05,74.125.24.0-255,2902,4666,74,162900
28302,3.9e-05,172.31.40.0-255,66,4732,74,162900
28303,4.8e-05,172.31.40.0-255,66,4798,74,162900
28304,7.5e-05,172.31.40.0-255,66,4864,74,162900
28305,8.9e-05,74.125.24.0-255,4775,9639,74,162900
28306,9.1e-05,172.31.40.0-255,66,9705,74,162900
28307,9.4e-05,74.125.24.0-255,1484,11189,74,162900
28308,9.6e-05,172.31.40.0-255,66,11255,74,162900
28309,0.000118,74.125.24.0-255,3961,15216,74,162900
28310,0.000121,172.31.40.0-255,66,15282,74,162900
28311,0.0006,74.125.24.0-255,1484,16766,74,162900
28312,0.000606,172.31.40.0-255,66,16832,74,162900
28313,0.000614,74.125.24.0-255,2902,19734,74,162900
28314,0.000617,172.31.40.0-255,66,19800,74,162900
28315,0.000641,74.125.24.0-255,4320,24120,74,162900
28316,0.000644,172.31.40.0-255,66,24186,74,162900
28317,0.000668,74.125.24.0-255,5738,29924,74,162900
28318,0.00067,172.31.40.0-255,66,29990,74,162900
28319,0.000689,74.125.24.0-255,2543,32533,74,162900
28320,0.000691,172.31.40.0-255,66,32599,74,162900
28321,0.000757,74.125.24.0-255,1484,34083,74,162900
28322,0.00076,172.31.40.0-255,66,34149,74,162900
28323,0.000767,74.125.24.0-255,2902,37051,74,162900
28324,0.000769,172.31.40.0-255,66,37117,74,162900
28325,0.000775,74.125.24.0-255,5738,42855,74,162900
28326,0.000777,172.31.40.0-255,66,42921,74,162900
28327,0.000804,74.125.24.0-255,4320,47241,74,162900
28328,0.000806,172.31.40.0-255,66,47307,74,162900
28329,0.000862,74.125.24.0-255,3125,50432,74,162900
28330,0.000867,172.31.40.0-255,66,50498,74,162900
28331,0.000896,74.125.24.0-255,1484,51982,74,162900
28332,0.000903,74.125.24.0-255,2902,54884,74,162900
28333,0.000906,172.31.40.0-255,66,54950,74,162900
28334,0.000913,74.125.24.0-255,5738,60688,74,162900
28335,0.000916,172.31.40.0-255,66,60754,74,162900
28336,0.000959,74.125.24.0-255,4320,65074,74,162900
28337,0.000963,172.31.40.0-255,66,65140,74,162900
28338,0.000983,74.125.24.0-255,2543,67683,74,162900
28339,0.000986,172.31.40.0-255,66,67749,74,162900
28340,0.000991,74.125.24.0-255,2902,70651,74,162900
28341,0.000993,172.31.40.0-255,66,70717,74,162900
28342,0.000999,74.125.24.0-255,4320,75037,74,162900
28343,0.001001,172.31.40.0-255,66,75103,74,162900
28344,0.001003,74.125.24.0-255,1484,76587,74,162900
28345,0.001031,74.125.24.0-255,1125,77712,74,162900
28346,0.001248,74.125.24.0-255,1484,79196,74,162900
28347,0.001255,74.125.24.0-255,2902,82098,74,162900
28348,0.001261,74.125.24.0-255,2902,85000,74,162900
28349,0.001276,74.125.24.0-255,2902,87902,74,162900
28350,0.001353,74.125.24.0-255,2184,90086,74,162900
28351,0.001517,74.125.24.0-255,1484,91570,74,162900
28352,0.001524,74.125.24.0-255,2902,94472,74,162900
28353,0.001545,74.125.24.0-255,5738,100210,74,162900
28354,0.001549,74.125.24.0-255,2902,103112,74,162900
28355,0.001598,74.125.24.0-255,2902,106014,74,162900
28356,0.001753,74.125.24.0-255,1484,107498,74,162900
28357,0.001765,74.125.24.0-255,2902,110400,74,162900
28358,0.001792,74.125.24.0-255,5738,116138,74,162900
28359,0.001878,74.125.24.0-255,4320,120458,74,162900
28360,0.001912,74.125.24.0-255,1484,121942,74,162900
28361,0.001915,74.125.24.0-255,1484,123426,74,162900
28362,0.00193,74.125.24.0-255,1484,124910,74,162900
28363,0.001932,74.125.24.0-255,1484,126394,74,162900
28364,0.001949,74.125.24.0-255,4320,130714,74,162900
28365,0.001955,74.125.24.0-255,4320,135034,74,162900
28366,0.002056,172.31.40.0-255,66,135100,74,162900
28367,0.002222,74.125.24.0-255,1484,136584,74,162900
28368,0.002229,74.125.24.0-255,2902,139486,74,162900
28369,0.002232,74.125.24.0-255,1484,140970,74,162900
28370,0.002249,74.125.24.0-255,4320,145290,74,162900
28371,0.002254,172.31.40.0-255,66,145356,74,162900
28372,0.002259,172.31.40.0-255,66,145422,74,162900
28373,0.002302,172.31.40.0-255,66,145488,74,162900
28374,0.004533,74.125.24.0-255,5738,151226,74,162900
28375,0.004539,172.31.40.0-255,66,151292,74,162900
28376,0.006792,74.125.24.0-255,5738,157030,74,162900
28377,0.006808,172.31.40.0-255,66,157096,74,162900
28378,0.009071,74.125.24.0-255,5738,162834,74,162900
28379,0.009085,172.31.40.0-255,66,162900,74,162900
28380,0.0,74.125.24.0-255,153,153,74,113714
28381,2.4e-05,172.31.40.0-255,66,219,74,113714
28382,3.2e-05,74.125.24.0-255,1484,1703,74,113714
28383,3.7e-05,172.31.40.0-255,66,1769,74,113714
28384,4.3e-05,74.125.24.0-255,2902,4671,74,113714
28385,4.7e-05,172.31.40.0-255,66,4737,74,113714
28386,5.8e-05,172.31.40.0-255,66,4803,74,113714
28387,6.1e-05,74.125.24.0-255,2118,6921,74,113714
28388,6.4e-05,172.31.40.0-255,66,6987,74,113714
28389,9.9e-05,172.31.40.0-255,66,7053,74,113714
28390,0.000105,74.125.24.0-255,5379,12432,74,113714
28391,0.000108,172.31.40.0-255,66,12498,74,113714
28392,0.00041,74.125.24.0-255,1484,13982,74,113714
28393,0.000416,172.31.40.0-255,66,14048,74,113714
28394,0.000422,74.125.24.0-255,2902,16950,74,113714
28395,0.000424,172.31.40.0-255,66,17016,74,113714
28396,0.000447,74.125.24.0-255,5738,22754,74,113714
28397,0.000451,172.31.40.0-255,66,22820,74,113714
28398,0.000466,74.125.24.0-255,4320,27140,74,113714
28399,0.00047,172.31.40.0-255,66,27206,74,113714
28400,0.000497,74.125.24.0-255,5738,32944,74,113714
28401,0.0005,172.31.40.0-255,66,33010,74,113714
28402,0.000504,74.125.24.0-255,1484,34494,74,113714
28403,0.000506,172.31.40.0-255,66,34560,74,113714
28404,0.00053,172.31.40.0-255,66,34626,74,113714
28405,0.000542,74.125.24.0-255,2184,36810,74,113714
28406,0.000544,172.31.40.0-255,66,36876,74,113714
28407,0.000564,74.125.24.0-255,645,37521,74,113714
28408,0.000567,172.31.40.0-255,66,37587,74,113714
28409,0.000591,74.125.24.0-255,1484,39071,74,113714
28410,0.000594,74.125.24.0-255,1484,40555,74,113714
28411,0.000599,172.31.40.0-255,66,40621,74,113714
28412,0.000617,74.125.24.0-255,2902,43523,74,113714
28413,0.000621,172.31.40.0-255,66,43589,74,113714
28414,0.000634,172.31.40.0-255,66,43655,74,113714
28415,0.000653,74.125.24.0-255,1484,45139,74,113714
28416,0.000667,172.31.40.0-255,66,45205,74,113714
28417,0.000676,172.31.40.0-255,66,45271,74,113714
28418,0.000756,74.125.24.0-255,1484,46755,74,113714
28419,0.000761,74.125.24.0-255,2902,49657,74,113714
28420,0.000764,172.31.40.0-255,66,49723,74,113714
28421,0.00077,74.125.24.0-255,4320,54043,74,113714
28422,0.000773,172.31.40.0-255,66,54109,74,113714
28423,0.000797,74.125.24.0-255,1484,55593,74,113714
28424,0.00081,172.31.40.0-255,66,55659,74,113714
28425,0.000833,74.125.24.0-255,2902,58561,74,113714
28426,0.000836,172.31.40.0-255,66,58627,74,113714
28427,0.00085,172.31.40.0-255,66,58693,74,113714
28428,0.000879,74.125.24.0-255,4320,63013,74,113714
28429,0.000881,172.31.40.0-255,66,63079,74,113714
28430,0.000885,74.125.24.0-255,1484,64563,74,113714
28431,0.000903,74.125.24.0-255,4320,68883,74,113714
28432,0.000905,172.31.40.0-255,66,68949,74,113714
28433,0.000912,74.125.24.0-255,5738,74687,74,113714
28434,0.000914,172.31.40.0-255,66,74753,74,113714
28435,0.000943,74.125.24.0-255,5738,80491,74,113714
28436,0.000946,172.31.40.0-255,66,80557,74,113714
28437,0.00096,172.31.40.0-255,66,80623,74,113714
28438,0.003156,74.125.24.0-255,1484,82107,74,113714
28439,0.003173,74.125.24.0-255,2902,85009,74,113714
28440,0.003182,172.31.40.0-255,66,85075,74,113714
28441,0.003192,74.125.24.0-255,4320,89395,74,113714
28442,0.003194,172.31.40.0-255,66,89461,74,113714
28443,0.003205,172.31.40.0-255,66,89527,74,113714
28444,0.003214,172.31.40.0-255,66,89593,74,113714
28445,0.003224,172.31.40.0-255,66,89659,74,113714
28446,0.003227,74.125.24.0-255,1484,91143,74,113714
28447,0.00323,74.125.24.0-255,766,91909,74,113714
28448,0.003232,172.31.40.0-255,66,91975,74,113714
28449,0.003423,74.125.24.0-255,1484,93459,74,113714
28450,0.003436,74.125.24.0-255,2902,96361,74,113714
28451,0.003438,172.31.40.0-255,66,96427,74,113714
28452,0.003457,74.125.24.0-255,4320,100747,74,113714
28453,0.00346,172.31.40.0-255,66,100813,74,113714
28454,0.003475,74.125.24.0-255,1484,102297,74,113714
28455,0.003478,74.125.24.0-255,1484,103781,74,113714
28456,0.00348,172.31.40.0-255,66,103847,74,113714
28457,0.00349,172.31.40.0-255,66,103913,74,113714
28458,0.003509,172.31.40.0-255,66,103979,74,113714
28459,0.003539,172.31.40.0-255,66,104045,74,113714
28460,0.003543,74.125.24.0-255,2902,106947,74,113714
28461,0.003545,172.31.40.0-255,66,107013,74,113714
28462,0.003568,172.31.40.0-255,66,107079,74,113714
28463,0.003583,172.31.40.0-255,66,107145,74,113714
28464,0.003613,172.31.40.0-255,66,107211,74,113714
28465,0.003626,74.125.24.0-255,1484,108695,74,113714
28466,0.00364,74.125.24.0-255,4320,113015,74,113714
28467,0.003643,172.31.40.0-255,66,113081,74,113714
28468,0.003706,172.31.40.0-255,66,113147,74,113714
28469,0.003763,172.31.40.0-255,66,113213,74,113714
28470,0.003788,172.31.40.0-255,66,113279,74,113714
28471,0.003811,172.31.40.0-255,66,113345,74,113714
28472,0.003831,172.31.40.0-255,66,113411,74,113714
28473,0.003852,172.31.40.0-255,66,113477,74,113714
28474,0.003861,172.31.40.0-255,66,113543,74,113714
28475,0.003865,74.125.24.0-255,105,113648,74,113714
28476,0.009959,172.31.40.0-255,66,113714,74,113714
28477,0.0,74.125.24.0-255,146,146,74,98114
28478,2.1e-05,172.31.40.0-255,66,212,74,98114
28479,2.8e-05,74.125.24.0-255,1484,1696,74,98114
28480,3.3e-05,172.31.40.0-255,66,1762,74,98114
28481,3.9e-05,74.125.24.0-255,2902,4664,74,98114
28482,4.3e-05,172.31.40.0-255,66,4730,74,98114
28483,5.4e-05,172.31.40.0-255,66,4796,74,98114
28484,5.8e-05,74.125.24.0-255,2023,6819,74,98114
28485,6.1e-05,172.31.40.0-255,66,6885,74,98114
28486,8.5e-05,74.125.24.0-255,2902,9787,74,98114
28487,8.8e-05,172.31.40.0-255,66,9853,74,98114
28488,9.4e-05,74.125.24.0-255,4320,14173,74,98114
28489,9.7e-05,172.31.40.0-255,66,14239,74,98114
28490,0.000122,74.125.24.0-255,2902,17141,74,98114
28491,0.000124,172.31.40.0-255,66,17207,74,98114
28492,0.000159,172.31.40.0-255,66,17273,74,98114
28493,0.000251,74.125.24.0-255,1484,18757,74,98114
28494,0.000254,172.31.40.0-255,66,18823,74,98114
28495,0.000268,74.125.24.0-255,2902,21725,74,98114
28496,0.000271,172.31.40.0-255,66,21791,74,98114
28497,0.000294,74.125.24.0-255,5738,27529,74,98114
28498,0.000297,172.31.40.0-255,66,27595,74,98114
28499,0.000303,74.125.24.0-255,4320,31915,74,98114
28500,0.000305,172.31.40.0-255,66,31981,74,98114
28501,0.000329,74.125.24.0-255,2543,34524,74,98114
28502,0.000332,172.31.40.0-255,66,34590,74,98114
28503,0.000369,172.31.40.0-255,66,34656,74,98114
28504,0.000397,172.31.40.0-255,66,34722,74,98114
28505,0.00042,74.125.24.0-255,2816,37538,74,98114
28506,0.000493,172.31.40.0-255,66,37604,74,98114
28507,0.000799,74.125.24.0-255,381,37985,74,98114
28508,0.000922,74.125.24.0-255,1484,39469,74,98114
28509,0.000927,172.31.40.0-255,66,39535,74,98114
28510,0.000932,74.125.24.0-255,2902,42437,74,98114
28511,0.000951,74.125.24.0-255,5738,48175,74,98114
28512,0.000954,74.125.24.0-255,1484,49659,74,98114
28513,0.000962,172.31.40.0-255,66,49725,74,98114
28514,0.000996,74.125.24.0-255,5379,55104,74,98114
28515,0.001009,172.31.40.0-255,66,55170,74,98114
28516,0.001021,74.125.24.0-255,5738,60908,74,98114
28517,0.001041,172.31.40.0-255,66,60974,74,98114
28518,0.001058,74.125.24.0-255,2902,63876,74,98114
28519,0.001103,172.31.40.0-255,66,63942,74,98114
28520,0.001942,74.125.24.0-255,1484,65426,74,98114
28521,0.001952,74.125.24.0-255,2902,68328,74,98114
28522,0.001957,172.31.40.0-255,66,68394,74,98114
28523,0.001962,74.125.24.0-255,1484,69878,74,98114
28524,0.00198,74.125.24.0-255,2902,72780,74,98114
28525,0.001986,74.125.24.0-255,5738,78518,74,98114
28526,0.002024,74.125.24.0-255,5738,84256,74,98114
28527,0.002037,74.125.24.0-255,2184,86440,74,98114
28528,0.004722,172.31.40.0-255,66,86506,74,98114
28529,0.006727,74.125.24.0-255,5738,92244,74,98114
28530,0.006733,172.31.40.0-255,66,92310,74,98114
28531,0.008737,74.125.24.0-255,5738,98048,74,98114
28532,0.008745,172.31.40.0-255,66,98114,74,98114
28533,0.0,74.125.24.0-255,153,153,74,158132
28534,2.3e-05,172.31.40.0-255,66,219,74,158132
28535,3e-05,74.125.24.0-255,1484,1703,74,158132
28536,3.4e-05,172.31.40.0-255,66,1769,74,158132
28537,4e-05,74.125.24.0-255,2902,4671,74,158132
28538,4.4e-05,172.31.40.0-255,66,4737,74,158132
28539,5e-05,74.125.24.0-255,4320,9057,74,158132
28540,5.2e-05,172.31.40.0-255,66,9123,74,158132
28541,8.8e-05,74.125.24.0-255,4862,13985,74,158132
28542,9.1e-05,172.31.40.0-255,66,14051,74,158132
28543,0.000143,74.125.24.0-255,5738,19789,74,158132
28544,0.000146,172.31.40.0-255,66,19855,74,158132
28545,0.000152,74.125.24.0-255,4320,24175,74,158132
28546,0.000154,172.31.40.0-255,66,24241,74,158132
28547,0.000196,172.31.40.0-255,66,24307,74,158132
28548,0.000221,74.125.24.0-255,1484,25791,74,158132
28549,0.000223,172.31.40.0-255,66,25857,74,158132
28550,0.000246,74.125.24.0-255,5738,31595,74,158132
28551,0.000249,172.31.40.0-255,66,31661,74,158132
28552,0.000252,74.125.24.0-255,1484,33145,74,158132
28553,0.000253,172.31.40.0-255,66,33211,74,158132
28554,0.000305,172.31.40.0-255,66,33277,74,158132
28555,0.000337,172.31.40.0-255,66,33343,74,158132
28556,0.000364,172.31.40.0-255,66,33409,74,158132
28557,0.000382,74.125.24.0-255,367,33776,74,158132
28558,0.000384,172.31.40.0-255,66,33842,74,158132
28559,0.000458,74.125.24.0-255,125,33967,74,158132
28560,0.000461,172.31.40.0-255,66,34033,74,158132
28561,0.000481,74.125.24.0-255,348,34381,74,158132
28562,0.000718,74.125.24.0-255,1484,35865,74,158132
28563,0.000722,172.31.40.0-255,66,35931,74,158132
28564,0.000744,74.125.24.0-255,2902,38833,74,158132
28565,0.000746,172.31.40.0-255,66,38899,74,158132
28566,0.000752,74.125.24.0-255,4320,43219,74,158132
28567,0.000754,172.31.40.0-255,66,43285,74,158132
28568,0.000779,172.31.40.0-255,66,43351,74,158132
28569,0.000792,74.125.24.0-255,1484,44835,74,158132
28570,0.000806,74.125.24.0-255,5738,50573,74,158132
28571,0.000809,172.31.40.0-255,66,50639,74,158132
28572,0.000835,172.31.40.0-255,66,50705,74,158132
28573,0.000856,74.125.24.0-255,4320,55025,74,158132
28574,0.00086,172.31.40.0-255,66,55091,74,158132
28575,0.00088,172.31.40.0-255,66,55157,74,158132
28576,0.000897,74.125.24.0-255,1125,56282,74,158132
28577,0.001486,74.125.24.0-255,1484,57766,74,158132
28578,0.001491,172.31.40.0-255,66,57832,74,158132
28579,0.001497,74.125.24.0-255,2902,60734,74,158132
28580,0.001499,172.31.40.0-255,66,60800,74,158132
28581,0.001505,74.125.24.0-255,4320,65120,74,158132
28582,0.001507,172.31.40.0-255,66,65186,74,158132
28583,0.00154,74.125.24.0-255,1484,66670,74,158132
28584,0.001553,172.31.40.0-255,66,66736,74,158132
28585,0.00156,74.125.24.0-255,4320,71056,74,158132
28586,0.001562,172.31.40.0-255,66,71122,74,158132
28587,0.001588,172.31.40.0-255,66,71188,74,158132
28588,0.00201,74.125.24.0-255,1484,72672,74,158132
28589,0.002018,74.125.24.0-255,2902,75574,74,158132
28590,0.002023,172.31.40.0-255,66,75640,74,158132
28591,0.002031,74.125.24.0-255,5738,81378,74,158132
28592,0.002033,172.31.40.0-255,66,81444,74,158132
28593,0.002064,74.125.24.0-255,5738,87182,74,158132
28594,0.002067,172.31.40.0-255,66,87248,74,158132
28595,0.002092,172.31.40.0-255,66,87314,74,158132
28596,0.002112,74.125.24.0-255,2902,90216,74,158132
28597,0.002114,172.31.40.0-255,66,90282,74,158132
28598,0.002139,172.31.40.0-255,66,90348,74,158132
28599,0.002155,74.125.24.0-255,1484,91832,74,158132
28600,0.002197,172.31.40.0-255,66,91898,74,158132
28601,0.002209,172.31.40.0-255,66,91964,74,158132
28602,0.002235,172.31.40.0-255,66,92030,74,158132
28603,0.002268,172.31.40.0-255,66,92096,74,158132
28604,0.002284,74.125.24.0-255,2902,94998,74,158132
28605,0.002286,172.31.40.0-255,66,95064,74,158132
28606,0.002307,74.125.24.0-255,1484,96548,74,158132
28607,0.002314,74.125.24.0-255,5738,102286,74,158132
28608,0.002316,172.31.40.0-255,66,102352,74,158132
28609,0.002329,172.31.40.0-255,66,102418,74,158132
28610,0.002332,74.125.24.0-255,1484,103902,74,158132
28611,0.00237,172.31.40.0-255,66,103968,74,158132
28612,0.002372,74.125.24.0-255,766,104734,74,158132
28613,0.002413,74.125.24.0-255,1484,106218,74,158132
28614,0.002416,172.31.40.0-255,66,106284,74,158132
28615,0.002433,74.125.24.0-255,2902,109186,74,158132
28616,0.002435,172.31.40.0-255,66,109252,74,158132
28617,0.00245,74.125.24.0-255,5738,114990,74,158132
28618,0.002453,172.31.40.0-255,66,115056,74,158132
28619,0.002494,172.31.40.0-255,66,115122,74,158132
28620,0.0025,74.125.24.0-255,5738,120860,74,158132
28621,0.002502,172.31.40.0-255,66,120926,74,158132
28622,0.00252,74.125.24.0-255,1484,122410,74,158132
28623,0.002542,74.125.24.0-255,3602,126012,74,158132
28624,0.002544,172.31.40.0-255,66,126078,74,158132
28625,0.002587,74.125.24.0-255,1484,127562,74,158132
28626,0.002591,74.125.24.0-255,2902,130464,74,158132
28627,0.002593,172.31.40.0-255,66,130530,74,158132
28628,0.002615,74.125.24.0-255,5738,136268,74,158132
28629,0.002618,172.31.40.0-255,66,136334,74,158132
28630,0.002636,74.125.24.0-255,4320,140654,74,158132
28631,0.002638,172.31.40.0-255,66,140720,74,158132
28632,0.002655,74.125.24.0-255,5738,146458,74,158132
28633,0.002657,172.31.40.0-255,66,146524,74,158132
28634,0.005247,74.125.24.0-255,5738,152262,74,158132
28635,0.00525,172.31.40.0-255,66,152328,74,158132
28636,0.007825,74.125.24.0-255,5738,158066,74,158132
28637,0.00783,172.31.40.0-255,66,158132,74,158132
28638,0.0,74.125.24.0-255,146,146,74,154701
28639,1.8e-05,172.31.40.0-255,66,212,74,154701
28640,2.5e-05,74.125.24.0-255,1484,1696,74,154701
28641,3e-05,172.31.40.0-255,66,1762,74,154701
28642,3.6e-05,74.125.24.0-255,2902,4664,74,154701
28643,4e-05,172.31.40.0-255,66,4730,74,154701
28644,4.7e-05,74.125.24.0-255,5738,10468,74,154701
28645,5e-05,172.31.40.0-255,66,10534,74,154701
28646,0.000108,172.31.40.0-255,66,10600,74,154701
28647,0.000119,172.31.40.0-255,66,10666,74,154701
28648,0.000181,74.125.24.0-255,4320,14986,74,154701
28649,0.000184,172.31.40.0-255,66,15052,74,154701
28650,0.000203,172.31.40.0-255,66,15118,74,154701
28651,0.000218,74.125.24.0-255,5020,20138,74,154701
28652,0.00022,172.31.40.0-255,66,20204,74,154701
28653,0.000494,74.125.24.0-255,1484,21688,74,154701
28654,0.000499,172.31.40.0-255,66,21754,74,154701
28655,0.000505,74.125.24.0-255,2902,24656,74,154701
28656,0.000507,172.31.40.0-255,66,24722,74,154701
28657,0.000514,74.125.24.0-255,5738,30460,74,154701
28658,0.000516,172.31.40.0-255,66,30526,74,154701
28659,0.000564,74.125.24.0-255,5738,36264,74,154701
28660,0.000567,172.31.40.0-255,66,36330,74,154701
28661,0.000586,74.125.24.0-255,1436,37766,74,154701
28662,0.000588,172.31.40.0-255,66,37832,74,154701
28663,0.000716,74.125.24.0-255,1484,39316,74,154701
28664,0.000719,172.31.40.0-255,66,39382,74,154701
28665,0.000723,74.125.24.0-255,1484,40866,74,154701
28666,0.000724,172.31.40.0-255,66,40932,74,154701
28667,0.000737,74.125.24.0-255,1484,42416,74,154701
28668,0.000739,172.31.40.0-255,66,42482,74,154701
28669,0.000758,74.125.24.0-255,5738,48220,74,154701
28670,0.00076,172.31.40.0-255,66,48286,74,154701
28671,0.000772,172.31.40.0-255,66,48352,74,154701
28672,0.000803,172.31.40.0-255,66,48418,74,154701
28673,0.000823,74.125.24.0-255,4320,52738,74,154701
28674,0.000825,172.31.40.0-255,66,52804,74,154701
28675,0.000836,74.125.24.0-255,1484,54288,74,154701
28676,0.000838,172.31.40.0-255,66,54354,74,154701
28677,0.000862,74.125.24.0-255,4320,58674,74,154701
28678,0.000865,172.31.40.0-255,66,58740,74,154701
28679,0.000876,172.31.40.0-255,66,58806,74,154701
28680,0.000898,74.125.24.0-255,4320,63126,74,154701
28681,0.0009,172.31.40.0-255,66,63192,74,154701
28682,0.000922,172.31.40.0-255,66,63258,74,154701
28683,0.000939,74.125.24.0-255,1484,64742,74,154701
28684,0.00094,172.31.40.0-255,66,64808,74,154701
28685,0.000967,172.31.40.0-255,66,64874,74,154701
28686,0.001006,172.31.40.0-255,66,64940,74,154701
28687,0.001033,74.125.24.0-255,4320,69260,74,154701
28688,0.001036,172.31.40.0-255,66,69326,74,154701
28689,0.001056,74.125.24.0-255,3602,72928,74,154701
28690,0.001092,172.31.40.0-255,66,72994,74,154701
28691,0.001101,74.125.24.0-255,2902,75896,74,154701
28692,0.001104,172.31.40.0-255,66,75962,74,154701
28693,0.001136,74.125.24.0-255,6015,81977,74,154701
28694,0.001139,172.31.40.0-255,66,82043,74,154701
28695,0.001148,172.31.40.0-255,66,82109,74,154701
28696,0.001157,172.31.40.0-255,66,82175,74,154701
28697,0.001183,172.31.40.0-255,66,82241,74,154701
28698,0.0012,74.125.24.0-255,1484,83725,74,154701
28699,0.001202,172.31.40.0-255,66,83791,74,154701
28700,0.001206,74.125.24.0-255,2902,86693,74,154701
28701,0.001208,172.31.40.0-255,66,86759,74,154701
28702,0.001235,74.125.24.0-255,5738,92497,74,154701
28703,0.001238,172.31.40.0-255,66,92563,74,154701
28704,0.00125,172.31.40.0-255,66,92629,74,154701
28705,0.001264,74.125.24.0-255,1484,94113,74,154701
28706,0.001267,172.31.40.0-255,66,94179,74,154701
28707,0.001278,172.31.40.0-255,66,94245,74,154701
28708,0.001303,74.125.24.0-255,4320,98565,74,154701
28709,0.001306,172.31.40.0-255,66,98631,74,154701
28710,0.001332,172.31.40.0-255,66,98697,74,154701
28711,0.001365,172.31.40.0-255,66,98763,74,154701
28712,0.001397,74.125.24.0-255,4320,103083,74,154701
28713,0.001399,172.31.40.0-255,66,103149,74,154701
28714,0.001427,172.31.40.0-255,66,103215,74,154701
28715,0.001451,172.31.40.0-255,66,103281,74,154701
28716,0.001498,172.31.40.0-255,66,103347,74,154701
28717,0.00175,74.125.24.0-255,1484,104831,74,154701
28718,0.001754,172.31.40.0-255,66,104897,74,154701
28719,0.001767,74.125.24.0-255,2902,107799,74,154701
28720,0.001769,172.31.40.0-255,66,107865,74,154701
28721,0.001773,74.125.24.0-255,2902,110767,74,154701
28722,0.001775,172.31.40.0-255,66,110833,74,154701
28723,0.001796,74.125.24.0-255,2902,113735,74,154701
28724,0.001799,172.31.40.0-255,66,113801,74,154701
28725,0.001824,172.31.40.0-255,66,113867,74,154701
28726,0.001834,74.125.24.0-255,1484,115351,74,154701
28727,0.001844,172.31.40.0-255,66,115417,74,154701
28728,0.001847,172.31.40.0-255,66,115483,74,154701
28729,0.001855,74.125.24.0-255,2184,117667,74,154701
28730,0.001857,172.31.40.0-255,66,117733,74,154701
28731,0.002018,74.125.24.0-255,1484,119217,74,154701
28732,0.002022,172.31.40.0-255,66,119283,74,154701
28733,0.002027,74.125.24.0-255,2902,122185,74,154701
28734,0.002029,172.31.40.0-255,66,122251,74,154701
28735,0.002039,74.125.24.0-255,1484,123735,74,154701
28736,0.002041,172.31.40.0-255,66,123801,74,154701
28737,0.00206,74.125.24.0-255,4320,128121,74,154701
28738,0.002062,172.31.40.0-255,66,128187,74,154701
28739,0.002095,172.31.40.0-255,66,128253,74,154701
28740,0.002119,74.125.24.0-255,5738,133991,74,154701
28741,0.002122,172.31.40.0-255,66,134057,74,154701
28742,0.002132,172.31.40.0-255,66,134123,74,154701
28743,0.002137,74.125.24.0-255,4320,138443,74,154701
28744,0.002139,172.31.40.0-255,66,138509,74,154701
28745,0.002143,74.125.24.0-255,4320,142829,74,154701
28746,0.002145,172.31.40.0-255,66,142895,74,154701
28747,0.002185,74.125.24.0-255,1484,144379,74,154701
28748,0.002188,172.31.40.0-255,66,144445,74,154701
28749,0.004315,74.125.24.0-255,4320,148765,74,154701
28750,0.004328,172.31.40.0-255,66,148831,74,154701
28751,0.004332,74.125.24.0-255,1484,150315,74,154701
28752,0.006439,74.125.24.0-255,4320,154635,74,154701
28753,0.009083,172.31.40.0-255,66,154701,74,154701
28754,0.0,172.31.40.0-255,105,105,74,459
28755,0.000208,172.31.40.0-255,90,195,74,459
28756,0.000219,172.31.40.0-255,66,261,74,459
28757,0.002573,74.125.200.0-255,66,327,74,459
28758,0.002597,74.125.200.0-255,66,393,74,459
28759,0.002612,172.31.40.0-255,66,459,74,459
28760,0.0,74.125.130.0-255,153,153,74,200419
28761,2.4e-05,172.31.40.0-255,66,219,74,200419
28762,4.2e-05,74.125.130.0-255,1484,1703,74,200419
28763,5.2e-05,172.31.40.0-255,66,1769,74,200419
28764,5.9e-05,74.125.130.0-255,2902,4671,74,200419
28765,6.1e-05,172.31.40.0-255,66,4737,74,200419
28766,6.7e-05,74.125.130.0-255,4320,9057,74,200419
28767,6.9e-05,172.31.40.0-255,66,9123,74,200419
28768,9.9e-05,74.125.130.0-255,4912,14035,74,200419
28769,0.000101,172.31.40.0-255,66,14101,74,200419
28770,0.000137,74.125.130.0-255,2902,17003,74,200419
28771,0.000139,172.31.40.0-255,66,17069,74,200419
28772,0.000171,172.31.40.0-255,66,17135,74,200419
28773,0.000174,74.125.130.0-255,1484,18619,74,200419
28774,0.000176,172.31.40.0-255,66,18685,74,200419
28775,0.000209,74.125.130.0-255,3961,22646,74,200419
28776,0.000211,172.31.40.0-255,66,22712,74,200419
28777,0.000353,74.125.130.0-255,1484,24196,74,200419
28778,0.000357,172.31.40.0-255,66,24262,74,200419
28779,0.000364,74.125.130.0-255,2902,27164,74,200419
28780,0.000365,172.31.40.0-255,66,27230,74,200419
28781,0.000395,74.125.130.0-255,4320,31550,74,200419
28782,0.000398,172.31.40.0-255,66,31616,74,200419
28783,0.000404,74.125.130.0-255,5738,37354,74,200419
28784,0.000406,172.31.40.0-255,66,37420,74,200419
28785,0.000462,74.125.130.0-255,1484,38904,74,200419
28786,0.000465,172.31.40.0-255,66,38970,74,200419
28787,0.000489,74.125.130.0-255,5738,44708,74,200419
28788,0.000492,172.31.40.0-255,66,44774,74,200419
28789,0.000519,74.125.130.0-255,4320,49094,74,200419
28790,0.000528,74.125.130.0-255,389,49483,74,200419
28791,0.000533,172.31.40.0-255,66,49549,74,200419
28792,0.000535,172.31.40.0-255,66,49615,74,200419
28793,0.000605,74.125.130.0-255,1484,51099,74,200419
28794,0.000608,172.31.40.0-255,66,51165,74,200419
28795,0.000627,74.125.130.0-255,2902,54067,74,200419
28796,0.00063,172.31.40.0-255,66,54133,74,200419
28797,0.000655,74.125.130.0-255,4320,58453,74,200419
28798,0.000658,172.31.40.0-255,66,58519,74,200419
28799,0.000683,74.125.130.0-255,1484,60003,74,200419
28800,0.00071,172.31.40.0-255,66,60069,74,200419
28801,0.000735,74.125.130.0-255,2902,62971,74,200419
28802,0.000738,172.31.40.0-255,66,63037,74,200419
28803,0.000743,74.125.130.0-255,4320,67357,74,200419
28804,0.000745,172.31.40.0-255,66,67423,74,200419
28805,0.000747,74.125.130.0-255,1484,68907,74,200419
28806,0.000777,74.125.130.0-255,4320,73227,74,200419
28807,0.000779,172.31.40.0-255,66,73293,74,200419
28808,0.000784,74.125.130.0-255,3602,76895,74,200419
28809,0.000786,172.31.40.0-255,66,76961,74,200419
28810,0.000926,74.125.130.0-255,1484,78445,74,200419
28811,0.000946,74.125.130.0-255,2902,81347,74,200419
28812,0.00095,172.31.40.0-255,66,81413,74,200419
28813,0.000954,74.125.130.0-255,1484,82897,74,200419
28814,0.000977,74.125.130.0-255,4320,87217,74,200419
28815,0.00098,172.31.40.0-255,66,87283,74,200419
28816,0.001001,172.31.40.0-255,66,87349,74,200419
28817,0.001027,74.125.130.0-255,4320,91669,74,200419
28818,0.001029,172.31.40.0-255,66,91735,74,200419
28819,0.001061,172.31.40.0-255,66,91801,74,200419
28820,0.001081,74.125.130.0-255,5020,96821,74,200419
28821,0.001084,172.31.40.0-255,66,96887,74,200419
28822,0.001216,74.125.130.0-255,1484,98371,74,200419
28823,0.001221,74.125.130.0-255,2902,101273,74,200419
28824,0.001226,74.125.130.0-255,4320,105593,74,200419
28825,0.001236,172.31.40.0-255,66,105659,74,200419
28826,0.001239,172.31.40.0-255,66,105725,74,200419
28827,0.001243,74.125.130.0-255,1484,107209,74,200419
28828,0.001263,74.125.130.0-255,1484,108693,74,200419
28829,0.001266,172.31.40.0-255,66,108759,74,200419
28830,0.00127,74.125.130.0-255,2902,111661,74,200419
28831,0.001273,172.31.40.0-255,66,111727,74,200419
28832,0.001303,74.125.130.0-255,5738,117465,74,200419
28833,0.001306,172.31.40.0-255,66,117531,74,200419
28834,0.001336,74.125.130.0-255,2902,120433,74,200419
28835,0.001339,172.31.40.0-255,66,120499,74,200419
28836,0.001345,74.125.130.0-255,4320,124819,74,200419
28837,0.001348,172.31.40.0-255,66,124885,74,200419
28838,0.001357,172.31.40.0-255,66,124951,74,200419
28839,0.001435,74.125.130.0-255,1484,126435,74,200419
28840,0.001441,74.125.130.0-255,2902,129337,74,200419
28841,0.001444,172.31.40.0-255,66,129403,74,200419
28842,0.001449,74.125.130.0-255,2902,132305,74,200419
28843,0.001451,172.31.40.0-255,66,132371,74,200419
28844,0.001483,74.125.130.0-255,2902,135273,74,200419
28845,0.001485,172.31.40.0-255,66,135339,74,200419
28846,0.001495,172.31.40.0-255,66,135405,74,200419
28847,0.001525,74.125.130.0-255,5738,141143,74,200419
28848,0.001528,172.31.40.0-255,66,141209,74,200419
28849,0.001569,172.31.40.0-255,66,141275,74,200419
28850,0.001611,74.125.130.0-255,2184,143459,74,200419
28851,0.001614,172.31.40.0-255,66,143525,74,200419
28852,0.001621,74.125.130.0-255,4320,147845,74,200419
28853,0.001623,172.31.40.0-255,66,147911,74,200419
28854,0.001668,172.31.40.0-255,66,147977,74,200419
28855,0.001719,74.125.130.0-255,2902,150879,74,200419
28856,0.001722,172.31.40.0-255,66,150945,74,200419
28857,0.001759,172.31.40.0-255,66,151011,74,200419
28858,0.001783,74.125.130.0-255,1484,152495,74,200419
28859,0.001797,74.125.130.0-255,3602,156097,74,200419
28860,0.0018,172.31.40.0-255,66,156163,74,200419
28861,0.001911,74.125.130.0-255,1484,157647,74,200419
28862,0.001927,74.125.130.0-255,2902,160549,74,200419
28863,0.00193,172.31.40.0-255,66,160615,74,200419
28864,0.001975,74.125.130.0-255,5738,166353,74,200419
28865,0.001979,172.31.40.0-255,66,166419,74,200419
28866,0.001983,74.125.130.0-255,1484,167903,74,200419
28867,0.002008,74.125.130.0-255,2902,170805,74,200419
28868,0.00201,172.31.40.0-255,66,170871,74,200419
28869,0.002015,74.125.130.0-255,2902,173773,74,200419
28870,0.002016,172.31.40.0-255,66,173839,74,200419
28871,0.002048,74.125.130.0-255,4320,178159,74,200419
28872,0.002051,172.31.40.0-255,66,178225,74,200419
28873,0.00206,74.125.130.0-255,4320,182545,74,200419
28874,0.002062,172.31.40.0-255,66,182611,74,200419
28875,0.004059,74.125.130.0-255,2902,185513,74,200419
28876,0.004066,172.31.40.0-255,66,185579,74,200419
28877,0.004097,74.125.130.0-255,2902,188481,74,200419
28878,0.0041,172.31.40.0-255,66,188547,74,200419
28879,0.006081,74.125.130.0-255,2902,191449,74,200419
28880,0.006084,172.31.40.0-255,66,191515,74,200419
28881,0.006099,74.125.130.0-255,2902,194417,74,200419
28882,0.006104,172.31.40.0-255,66,194483,74,200419
28883,0.008088,74.125.130.0-255,2902,197385,74,200419
28884,0.008092,172.31.40.0-255,66,197451,74,200419
28885,0.00811,74.125.130.0-255,2902,200353,74,200419
28886,0.008113,172.31.40.0-255,66,200419,74,200419
28887,0.0,172.217.194.0-255,150,150,74,149770
28888,2e-05,172.31.40.0-255,66,216,74,149770
28889,2.8e-05,172.217.194.0-255,1484,1700,74,149770
28890,3.3e-05,172.31.40.0-255,66,1766,74,149770
28891,3.9e-05,172.217.194.0-255,2902,4668,74,149770
28892,4.9e-05,172.31.40.0-255,66,4734,74,149770
28893,6e-05,172.31.40.0-255,66,4800,74,149770
28894,0.000129,172.31.40.0-255,66,4866,74,149770
28895,0.000157,172.217.194.0-255,4320,9186,74,149770
28896,0.00016,172.31.40.0-255,66,9252,74,149770
28897,0.000187,172.217.194.0-255,1125,10377,74,149770
28898,0.000189,172.31.40.0-255,66,10443,74,149770
28899,0.000241,172.217.194.0-255,5738,16181,74,149770
28900,0.000245,172.31.40.0-255,66,16247,74,149770
28901,0.000255,172.31.40.0-255,66,16313,74,149770
28902,0.00027,172.31.40.0-255,66,16379,74,149770
28903,0.000319,172.31.40.0-255,66,16445,74,149770
28904,0.000351,172.31.40.0-255,66,16511,74,149770
28905,0.000503,172.217.194.0-255,99,16610,74,149770
28906,0.000507,172.31.40.0-255,66,16676,74,149770
28907,0.000544,172.217.194.0-255,1484,18160,74,149770
28908,0.000546,172.31.40.0-255,66,18226,74,149770
28909,0.000551,172.217.194.0-255,2902,21128,74,149770
28910,0.000553,172.31.40.0-255,66,21194,74,149770
28911,0.000556,172.217.194.0-255,1484,22678,74,149770
28912,0.000558,172.31.40.0-255,66,22744,74,149770
28913,0.000587,172.217.194.0-255,4320,27064,74,149770
28914,0.000592,172.31.40.0-255,66,27130,74,149770
28915,0.00061,172.217.194.0-255,4320,31450,74,149770
28916,0.000614,172.217.194.0-255,2902,34352,74,149770
28917,0.000656,172.31.40.0-255,66,34418,74,149770
28918,0.000664,172.217.194.0-255,1484,35902,74,149770
28919,0.000695,172.31.40.0-255,66,35968,74,149770
28920,0.001063,172.217.194.0-255,1484,37452,74,149770
28921,0.001077,172.217.194.0-255,2902,40354,74,149770
28922,0.00108,172.31.40.0-255,66,40420,74,149770
28923,0.001107,172.217.194.0-255,5738,46158,74,149770
28924,0.001127,172.217.194.0-255,1484,47642,74,149770
28925,0.001131,172.31.40.0-255,66,47708,74,149770
28926,0.001175,172.31.40.0-255,66,47774,74,149770
28927,0.00121,172.217.194.0-255,4320,52094,74,149770
28928,0.001226,172.217.194.0-255,5738,57832,74,149770
28929,0.001233,172.31.40.0-255,66,57898,74,149770
28930,0.001241,172.217.194.0-255,1484,59382,74,149770
28931,0.001269,172.217.194.0-255,2902,62284,74,149770
28932,0.001292,172.31.40.0-255,66,62350,74,149770
28933,0.001341,172.31.40.0-255,66,62416,74,149770
28934,0.001443,172.217.194.0-255,1484,63900,74,149770
28935,0.001455,172.217.194.0-255,2902,66802,74,149770
28936,0.001461,172.31.40.0-255,66,66868,74,149770
28937,0.001482,172.217.194.0-255,5738,72606,74,149770
28938,0.001488,172.217.194.0-255,5738,78344,74,149770
28939,0.001498,172.31.40.0-255,66,78410,74,149770
28940,0.001521,172.217.194.0-255,2902,81312,74,149770
28941,0.001526,172.31.40.0-255,66,81378,74,149770
28942,0.001548,172.217.194.0-255,5020,86398,74,149770
28943,0.001597,172.31.40.0-255,66,86464,74,149770
28944,0.001783,172.217.194.0-255,1484,87948,74,149770
28945,0.001788,172.217.194.0-255,2902,90850,74,149770
28946,0.001791,172.31.40.0-255,66,90916,74,149770
28947,0.001818,172.217.194.0-255,5738,96654,74,149770
28948,0.001821,172.217.194.0-255,1484,98138,74,149770
28949,0.001833,172.31.40.0-255,66,98204,74,149770
28950,0.001882,172.31.40.0-255,66,98270,74,149770
28951,0.001911,172.217.194.0-255,5738,104008,74,149770
28952,0.001932,172.31.40.0-255,66,104074,74,149770
28953,0.001953,172.217.194.0-255,1484,105558,74,149770
28954,0.001983,172.217.194.0-255,5020,110578,74,149770
28955,0.001991,172.31.40.0-255,66,110644,74,149770
28956,0.002051,172.217.194.0-255,5738,116382,74,149770
28957,0.002056,172.217.194.0-255,5738,122120,74,149770
28958,0.002064,172.31.40.0-255,66,122186,74,149770
28959,0.002078,172.217.194.0-255,5020,127206,74,149770
28960,0.002115,172.31.40.0-255,66,127272,74,149770
28961,0.002124,172.217.194.0-255,5738,133010,74,149770
28962,0.002128,172.31.40.0-255,66,133076,74,149770
28963,0.002159,172.217.194.0-255,5020,138096,74,149770
28964,0.002198,172.31.40.0-255,66,138162,74,149770
28965,0.004303,172.217.194.0-255,5738,143900,74,149770
28966,0.004308,172.31.40.0-255,66,143966,74,149770
28967,0.006429,172.217.194.0-255,5738,149704,74,149770
28968,0.00869,172.31.40.0-255,66,149770,74,149770
28969,0.0,74.125.24.0-255,146,146,74,92711
28970,2.4e-05,172.31.40.0-255,66,212,74,92711
28971,3.1e-05,74.125.24.0-255,1484,1696,74,92711
28972,3.5e-05,172.31.40.0-255,66,1762,74,92711
28973,4.1e-05,74.125.24.0-255,2902,4664,74,92711
28974,4.5e-05,172.31.40.0-255,66,4730,74,92711
28975,5.6e-05,172.31.40.0-255,66,4796,74,92711
28976,6e-05,74.125.24.0-255,2040,6836,74,92711
28977,6.3e-05,172.31.40.0-255,66,6902,74,92711
28978,7e-05,74.125.24.0-255,5738,12640,74,92711
28979,7.3e-05,172.31.40.0-255,66,12706,74,92711
28980,0.000101,74.125.24.0-255,5738,18444,74,92711
28981,0.000105,172.31.40.0-255,66,18510,74,92711
28982,0.000128,74.125.24.0-255,5738,24248,74,92711
28983,0.000132,172.31.40.0-255,66,24314,74,92711
28984,0.000159,172.31.40.0-255,66,24380,74,92711
28985,0.000182,74.125.24.0-255,4320,28700,74,92711
28986,0.000185,172.31.40.0-255,66,28766,74,92711
28987,0.0002,74.125.24.0-255,5020,33786,74,92711
28988,0.000202,172.31.40.0-255,66,33852,74,92711
28989,0.000229,74.125.24.0-255,5738,39590,74,92711
28990,0.000231,172.31.40.0-255,66,39656,74,92711
28991,0.000261,172.31.40.0-255,66,39722,74,92711
28992,0.000286,74.125.24.0-255,349,40071,74,92711
28993,0.000288,172.31.40.0-255,66,40137,74,92711
28994,0.000865,74.125.24.0-255,1484,41621,74,92711
28995,0.000872,172.31.40.0-255,66,41687,74,92711
28996,0.000876,74.125.24.0-255,1484,43171,74,92711
28997,0.000879,172.31.40.0-255,66,43237,74,92711
28998,0.000894,74.125.24.0-255,1484,44721,74,92711
28999,0.000897,172.31.40.0-255,66,44787,74,92711
29000,0.000904,74.125.24.0-255,5738,50525,74,92711
29001,0.000906,172.31.40.0-255,66,50591,74,92711
29002,0.000942,172.31.40.0-255,66,50657,74,92711
29003,0.000981,74.125.24.0-255,4320,54977,74,92711
29004,0.000983,172.31.40.0-255,66,55043,74,92711
29005,0.001006,74.125.24.0-255,2184,57227,74,92711
29006,0.00101,172.31.40.0-255,66,57293,74,92711
29007,0.001013,172.31.40.0-255,66,57359,74,92711
29008,0.002281,74.125.24.0-255,1484,58843,74,92711
29009,0.002288,172.31.40.0-255,66,58909,74,92711
29010,0.0023,74.125.24.0-255,2902,61811,74,92711
29011,0.002302,172.31.40.0-255,66,61877,74,92711
29012,0.002308,74.125.24.0-255,2902,64779,74,92711
29013,0.00231,172.31.40.0-255,66,64845,74,92711
29014,0.002324,74.125.24.0-255,2902,67747,74,92711
29015,0.002327,172.31.40.0-255,66,67813,74,92711
29016,0.002343,74.125.24.0-255,4320,72133,74,92711
29017,0.002345,172.31.40.0-255,66,72199,74,92711
29018,0.002365,74.125.24.0-255,4320,76519,74,92711
29019,0.002367,172.31.40.0-255,66,76585,74,92711
29020,0.002379,172.31.40.0-255,66,76651,74,92711
29021,0.004694,74.125.24.0-255,4320,80971,74,92711
29022,0.004698,172.31.40.0-255,66,81037,74,92711
29023,0.004709,74.125.24.0-255,1484,82521,74,92711
29024,0.007009,74.125.24.0-255,4320,86841,74,92711
29025,0.007016,172.31.40.0-255,66,86907,74,92711
29026,0.009342,74.125.24.0-255,5738,92645,74,92711
29027,0.009351,172.31.40.0-255,66,92711,74,92711
29028,0.0,74.125.130.0-255,147,147,74,69362
29029,1.9e-05,172.31.40.0-255,66,213,74,69362
29030,2.6e-05,74.125.130.0-255,1484,1697,74,69362
29031,3e-05,172.31.40.0-255,66,1763,74,69362
29032,3.6e-05,74.125.130.0-255,2902,4665,74,69362
29033,4.5e-05,172.31.40.0-255,66,4731,74,69362
29034,5.6e-05,172.31.40.0-255,66,4797,74,69362
29035,9.7e-05,172.31.40.0-255,66,4863,74,69362
29036,0.00011,74.125.130.0-255,2902,7765,74,69362
29037,0.000112,172.31.40.0-255,66,7831,74,69362
29038,0.000141,74.125.130.0-255,5738,13569,74,69362
29039,0.000144,172.31.40.0-255,66,13635,74,69362
29040,0.000148,74.125.130.0-255,2543,16178,74,69362
29041,0.00015,172.31.40.0-255,66,16244,74,69362
29042,0.000956,74.125.130.0-255,1484,17728,74,69362
29043,0.000962,172.31.40.0-255,66,17794,74,69362
29044,0.000972,74.125.130.0-255,2902,20696,74,69362
29045,0.000974,172.31.40.0-255,66,20762,74,69362
29046,0.000986,74.125.130.0-255,5738,26500,74,69362
29047,0.000988,172.31.40.0-255,66,26566,74,69362
29048,0.001027,172.31.40.0-255,66,26632,74,69362
29049,0.001032,74.125.130.0-255,2902,29534,74,69362
29050,0.001034,172.31.40.0-255,66,29600,74,69362
29051,0.001076,172.31.40.0-255,66,29666,74,69362
29052,0.001083,74.125.130.0-255,5020,34686,74,69362
29053,0.001086,172.31.40.0-255,66,34752,74,69362
29054,0.001088,74.125.130.0-255,380,35132,74,69362
29055,0.00109,172.31.40.0-255,66,35198,74,69362
29056,0.00147,74.125.130.0-255,362,35560,74,69362
29057,0.001758,74.125.130.0-255,1484,37044,74,69362
29058,0.001763,172.31.40.0-255,66,37110,74,69362
29059,0.001768,74.125.130.0-255,1484,38594,74,69362
29060,0.001792,74.125.130.0-255,1484,40078,74,69362
29061,0.001795,172.31.40.0-255,66,40144,74,69362
29062,0.001801,74.125.130.0-255,5738,45882,74,69362
29063,0.001804,172.31.40.0-255,66,45948,74,69362
29064,0.00181,74.125.130.0-255,5738,51686,74,69362
29065,0.001819,172.31.40.0-255,66,51752,74,69362
29066,0.001875,172.31.40.0-255,66,51818,74,69362
29067,0.001892,172.31.40.0-255,66,51884,74,69362
29068,0.003961,74.125.130.0-255,5738,57622,74,69362
29069,0.003968,172.31.40.0-255,66,57688,74,69362
29070,0.006031,74.125.130.0-255,1484,59172,74,69362
29071,0.006047,74.125.130.0-255,4320,63492,74,69362
29072,0.00605,172.31.40.0-255,66,63558,74,69362
29073,0.008119,74.125.130.0-255,5738,69296,74,69362
29074,0.008125,172.31.40.0-255,66,69362,74,69362
29075,0.0,172.217.24.0-255,146,146,74,71328
29076,2.4e-05,172.31.40.0-255,66,212,74,71328
29077,3.1e-05,172.217.24.0-255,1484,1696,74,71328
29078,3.6e-05,172.31.40.0-255,66,1762,74,71328
29079,4.1e-05,172.217.24.0-255,2902,4664,74,71328
29080,4.4e-05,172.31.40.0-255,66,4730,74,71328
29081,5e-05,172.217.24.0-255,4320,9050,74,71328
29082,5.2e-05,172.31.40.0-255,66,9116,74,71328
29083,5.8e-05,172.217.24.0-255,4908,14024,74,71328
29084,6.1e-05,172.31.40.0-255,66,14090,74,71328
29085,0.000434,172.217.24.0-255,1484,15574,74,71328
29086,0.00044,172.31.40.0-255,66,15640,74,71328
29087,0.000446,172.217.24.0-255,2902,18542,74,71328
29088,0.000448,172.31.40.0-255,66,18608,74,71328
29089,0.000454,172.217.24.0-255,5738,24346,74,71328
29090,0.000457,172.31.40.0-255,66,24412,74,71328
29091,0.000489,172.31.40.0-255,66,24478,74,71328
29092,0.000668,172.217.24.0-255,1484,25962,74,71328
29093,0.000672,172.31.40.0-255,66,26028,74,71328
29094,0.000675,172.217.24.0-255,1484,27512,74,71328
29095,0.000677,172.31.40.0-255,66,27578,74,71328
29096,0.000681,172.217.24.0-255,2902,30480,74,71328
29097,0.000683,172.31.40.0-255,66,30546,74,71328
29098,0.000703,172.217.24.0-255,5738,36284,74,71328
29099,0.000706,172.31.40.0-255,66,36350,74,71328
29100,0.00073,172.217.24.0-255,2902,39252,74,71328
29101,0.000732,172.31.40.0-255,66,39318,74,71328
29102,0.000761,172.31.40.0-255,66,39384,74,71328
29103,0.00079,172.31.40.0-255,66,39450,74,71328
29104,0.000807,172.217.24.0-255,2543,41993,74,71328
29105,0.000811,172.31.40.0-255,66,42059,74,71328
29106,0.000855,172.217.24.0-255,396,42455,74,71328
29107,0.000858,172.31.40.0-255,66,42521,74,71328
29108,0.001749,172.217.24.0-255,347,42868,74,71328
29109,0.001756,172.31.40.0-255,66,42934,74,71328
29110,0.001934,172.217.24.0-255,1484,44418,74,71328
29111,0.001937,172.31.40.0-255,66,44484,74,71328
29112,0.001943,172.217.24.0-255,2902,47386,74,71328
29113,0.001945,172.31.40.0-255,66,47452,74,71328
29114,0.003679,172.217.24.0-255,1484,48936,74,71328
29115,0.003685,172.31.40.0-255,66,49002,74,71328
29116,0.003867,172.217.24.0-255,1484,50486,74,71328
29117,0.00387,172.31.40.0-255,66,50552,74,71328
29118,0.003885,172.217.24.0-255,2902,53454,74,71328
29119,0.003887,172.31.40.0-255,66,53520,74,71328
29120,0.005598,172.217.24.0-255,1484,55004,74,71328
29121,0.005601,172.31.40.0-255,66,55070,74,71328
29122,0.00581,172.217.24.0-255,4320,59390,74,71328
29123,0.005813,172.31.40.0-255,66,59456,74,71328
29124,0.007536,172.217.24.0-255,1484,60940,74,71328
29125,0.007541,172.31.40.0-255,66,61006,74,71328
29126,0.007739,172.217.24.0-255,4320,65326,74,71328
29127,0.007745,172.31.40.0-255,66,65392,74,71328
29128,0.009469,172.217.24.0-255,1484,66876,74,71328
29129,0.009477,172.31.40.0-255,66,66942,74,71328
29130,0.009668,172.217.24.0-255,4320,71262,74,71328
29131,0.009674,172.31.40.0-255,66,71328,74,71328
29132,0.0,172.217.194.0-255,152,152,74,173914
29133,2.2e-05,172.31.40.0-255,66,218,74,173914
29134,2.9e-05,172.217.194.0-255,1484,1702,74,173914
29135,3.3e-05,172.31.40.0-255,66,1768,74,173914
29136,4.6e-05,172.217.194.0-255,2902,4670,74,173914
29137,5e-05,172.31.40.0-255,66,4736,74,173914
29138,5.3e-05,172.217.194.0-255,1484,6220,74,173914
29139,5.5e-05,172.31.40.0-255,66,6286,74,173914
29140,6e-05,172.217.194.0-255,2902,9188,74,173914
29141,6.3e-05,172.31.40.0-255,66,9254,74,173914
29142,0.000104,172.217.194.0-255,4962,14216,74,173914
29143,0.000107,172.31.40.0-255,66,14282,74,173914
29144,0.000205,172.217.194.0-255,1484,15766,74,173914
29145,0.000208,172.31.40.0-255,66,15832,74,173914
29146,0.000214,172.217.194.0-255,2902,18734,74,173914
29147,0.000216,172.31.40.0-255,66,18800,74,173914
29148,0.000221,172.217.194.0-255,2902,21702,74,173914
29149,0.000228,172.31.40.0-255,66,21768,74,173914
29150,0.000257,172.217.194.0-255,2902,24670,74,173914
29151,0.00026,172.31.40.0-255,66,24736,74,173914
29152,0.000274,172.31.40.0-255,66,24802,74,173914
29153,0.000292,172.31.40.0-255,66,24868,74,173914
29154,0.000295,172.217.194.0-255,1484,26352,74,173914
29155,0.000298,172.31.40.0-255,66,26418,74,173914
29156,0.000346,172.31.40.0-255,66,26484,74,173914
29157,0.000349,172.217.194.0-255,708,27192,74,173914
29158,0.00035,172.31.40.0-255,66,27258,74,173914
29159,0.000519,172.217.194.0-255,1484,28742,74,173914
29160,0.000524,172.31.40.0-255,66,28808,74,173914
29161,0.00053,172.217.194.0-255,2902,31710,74,173914
29162,0.000532,172.31.40.0-255,66,31776,74,173914
29163,0.000544,172.217.194.0-255,5738,37514,74,173914
29164,0.000546,172.31.40.0-255,66,37580,74,173914
29165,0.000553,172.217.194.0-255,5738,43318,74,173914
29166,0.000556,172.31.40.0-255,66,43384,74,173914
29167,0.000602,172.31.40.0-255,66,43450,74,173914
29168,0.000608,172.217.194.0-255,5020,48470,74,173914
29169,0.00061,172.31.40.0-255,66,48536,74,173914
29170,0.000724,172.217.194.0-255,1484,50020,74,173914
29171,0.000739,172.217.194.0-255,2902,52922,74,173914
29172,0.000743,172.31.40.0-255,66,52988,74,173914
29173,0.000771,172.217.194.0-255,5738,58726,74,173914
29174,0.000774,172.31.40.0-255,66,58792,74,173914
29175,0.000777,172.217.194.0-255,1484,60276,74,173914
29176,0.000801,172.217.194.0-255,4320,64596,74,173914
29177,0.000803,172.31.40.0-255,66,64662,74,173914
29178,0.000841,172.31.40.0-255,66,64728,74,173914
29179,0.000851,172.31.40.0-255,66,64794,74,173914
29180,0.000882,172.217.194.0-255,2184,66978,74,173914
29181,0.000884,172.31.40.0-255,66,67044,74,173914
29182,0.000912,172.217.194.0-255,2902,69946,74,173914
29183,0.000914,172.31.40.0-255,66,70012,74,173914
29184,0.000918,172.217.194.0-255,2902,72914,74,173914
29185,0.000921,172.31.40.0-255,66,72980,74,173914
29186,0.000949,172.217.194.0-255,2902,75882,74,173914
29187,0.000951,172.31.40.0-255,66,75948,74,173914
29188,0.000968,172.217.194.0-255,4320,80268,74,173914
29189,0.000971,172.31.40.0-255,66,80334,74,173914
29190,0.000977,172.217.194.0-255,5738,86072,74,173914
29191,0.000979,172.31.40.0-255,66,86138,74,173914
29192,0.001023,172.31.40.0-255,66,86204,74,173914
29193,0.001026,172.217.194.0-255,766,86970,74,173914
29194,0.001136,172.217.194.0-255,1484,88454,74,173914
29195,0.00114,172.31.40.0-255,66,88520,74,173914
29196,0.001145,172.217.194.0-255,2902,91422,74,173914
29197,0.001147,172.31.40.0-255,66,91488,74,173914
29198,0.001178,172.217.194.0-255,4320,95808,74,173914
29199,0.001181,172.31.40.0-255,66,95874,74,173914
29200,0.001187,172.217.194.0-255,5738,101612,74,173914
29201,0.001189,172.31.40.0-255,66,101678,74,173914
29202,0.001225,172.31.40.0-255,66,101744,74,173914
29203,0.001231,172.217.194.0-255,4320,106064,74,173914
29204,0.001233,172.31.40.0-255,66,106130,74,173914
29205,0.001258,172.217.194.0-255,3602,109732,74,173914
29206,0.001261,172.31.40.0-255,66,109798,74,173914
29207,0.001264,172.217.194.0-255,1484,111282,74,173914
29208,0.001291,172.217.194.0-255,4320,115602,74,173914
29209,0.001294,172.31.40.0-255,66,115668,74,173914
29210,0.001303,172.31.40.0-255,66,115734,74,173914
29211,0.001334,172.31.40.0-255,66,115800,74,173914
29212,0.001362,172.31.40.0-255,66,115866,74,173914
29213,0.001395,172.31.40.0-255,66,115932,74,173914
29214,0.001618,172.217.194.0-255,1484,117416,74,173914
29215,0.001635,172.217.194.0-255,2902,120318,74,173914
29216,0.001638,172.31.40.0-255,66,120384,74,173914
29217,0.001658,172.217.194.0-255,5738,126122,74,173914
29218,0.00166,172.31.40.0-255,66,126188,74,173914
29219,0.001701,172.31.40.0-255,66,126254,74,173914
29220,0.001749,172.217.194.0-255,5738,131992,74,173914
29221,0.001753,172.31.40.0-255,66,132058,74,173914
29222,0.001774,172.217.194.0-255,5020,137078,74,173914
29223,0.001779,172.31.40.0-255,66,137144,74,173914
29224,0.001894,172.217.194.0-255,1484,138628,74,173914
29225,0.001901,172.217.194.0-255,2902,141530,74,173914
29226,0.001904,172.31.40.0-255,66,141596,74,173914
29227,0.00194,172.217.194.0-255,5738,147334,74,173914
29228,0.001944,172.31.40.0-255,66,147400,74,173914
29229,0.001949,172.217.194.0-255,4320,151720,74,173914
29230,0.001951,172.31.40.0-255,66,151786,74,173914
29231,0.001992,172.217.194.0-255,4320,156106,74,173914
29232,0.001995,172.31.40.0-255,66,156172,74,173914
29233,0.002033,172.31.40.0-255,66,156238,74,173914
29234,0.002044,172.31.40.0-255,66,156304,74,173914
29235,0.002054,172.31.40.0-255,66,156370,74,173914
29236,0.002065,172.31.40.0-255,66,156436,74,173914
29237,0.002079,172.31.40.0-255,66,156502,74,173914
29238,0.004129,172.217.194.0-255,5738,162240,74,173914
29239,0.004137,172.31.40.0-255,66,162306,74,173914
29240,0.006202,172.217.194.0-255,5738,168044,74,173914
29241,0.006209,172.31.40.0-255,66,168110,74,173914
29242,0.008264,172.217.194.0-255,5738,173848,74,173914
29243,0.008269,172.31.40.0-255,66,173914,74,173914
29244,0.0,74.125.24.0-255,219,219,74,60416
29245,2.1e-05,172.31.40.0-255,66,285,74,60416
29246,2.8e-05,74.125.24.0-255,1484,1769,74,60416
29247,3.1e-05,172.31.40.0-255,66,1835,74,60416
29248,3.5e-05,74.125.24.0-255,1484,3319,74,60416
29249,4.4e-05,172.31.40.0-255,66,3385,74,60416
29250,6.1e-05,74.125.24.0-255,2902,6287,74,60416
29251,6.8e-05,172.31.40.0-255,66,6353,74,60416
29252,7.3e-05,74.125.24.0-255,4320,10673,74,60416
29253,7.5e-05,172.31.40.0-255,66,10739,74,60416
29254,9.8e-05,74.125.24.0-255,3218,13957,74,60416
29255,0.000101,172.31.40.0-255,66,14023,74,60416
29256,0.000106,74.125.24.0-255,5738,19761,74,60416
29257,0.000109,172.31.40.0-255,66,19827,74,60416
29258,0.000143,74.125.24.0-255,2902,22729,74,60416
29259,0.000145,172.31.40.0-255,66,22795,74,60416
29260,0.000156,172.31.40.0-255,66,22861,74,60416
29261,0.00017,172.31.40.0-255,66,22927,74,60416
29262,0.000188,74.125.24.0-255,1484,24411,74,60416
29263,0.00019,172.31.40.0-255,66,24477,74,60416
29264,0.000193,74.125.24.0-255,766,25243,74,60416
29265,0.000194,172.31.40.0-255,66,25309,74,60416
29266,0.000381,74.125.24.0-255,1484,26793,74,60416
29267,0.000385,172.31.40.0-255,66,26859,74,60416
29268,0.00039,74.125.24.0-255,2902,29761,74,60416
29269,0.000392,172.31.40.0-255,66,29827,74,60416
29270,0.000424,74.125.24.0-255,5738,35565,74,60416
29271,0.000426,172.31.40.0-255,66,35631,74,60416
29272,0.000432,74.125.24.0-255,5738,41369,74,60416
29273,0.000434,172.31.40.0-255,66,41435,74,60416
29274,0.000475,74.125.24.0-255,1437,42872,74,60416
29275,0.00091,172.31.40.0-255,66,42938,74,60416
29276,0.002771,74.125.24.0-255,4320,47258,74,60416
29277,0.003193,74.125.24.0-255,1484,48742,74,60416
29278,0.004233,172.31.40.0-255,66,48808,74,60416
29279,0.006579,74.125.24.0-255,5738,54546,74,60416
29280,0.006616,172.31.40.0-255,66,54612,74,60416
29281,0.008922,74.125.24.0-255,5738,60350,74,60416
29282,0.008938,172.31.40.0-255,66,60416,74,60416
29283,0.0,172.31.40.0-255,105,105,74,459
29284,0.000246,172.31.40.0-255,90,195,74,459
29285,0.000255,172.31.40.0-255,66,261,74,459
29286,0.002536,74.125.24.0-255,66,327,74,459
29287,0.00256,74.125.24.0-255,66,393,74,459
29288,0.002579,172.31.40.0-255,66,459,74,459
29289,0.0,172.217.194.0-255,153,153,74,142002
29290,2.1e-05,172.31.40.0-255,66,219,74,142002
29291,2.8e-05,172.217.194.0-255,1484,1703,74,142002
29292,3.2e-05,172.31.40.0-255,66,1769,74,142002
29293,3.7e-05,172.217.194.0-255,2902,4671,74,142002
29294,4e-05,172.31.40.0-255,66,4737,74,142002
29295,4.5e-05,172.217.194.0-255,4320,9057,74,142002
29296,4.8e-05,172.31.40.0-255,66,9123,74,142002
29297,6.7e-05,172.217.194.0-255,2902,12025,74,142002
29298,6.9e-05,172.31.40.0-255,66,12091,74,142002
29299,0.000124,172.217.194.0-255,2002,14093,74,142002
29300,0.000127,172.31.40.0-255,66,14159,74,142002
29301,0.000161,172.217.194.0-255,1484,15643,74,142002
29302,0.000163,172.31.40.0-255,66,15709,74,142002
29303,0.000184,172.217.194.0-255,2902,18611,74,142002
29304,0.000186,172.31.40.0-255,66,18677,74,142002
29305,0.000203,172.217.194.0-255,2902,21579,74,142002
29306,0.000205,172.31.40.0-255,66,21645,74,142002
29307,0.000216,172.217.194.0-255,2902,24547,74,142002
29308,0.000218,172.31.40.0-255,66,24613,74,142002
29309,0.000258,172.217.194.0-255,5738,30351,74,142002
29310,0.000261,172.31.40.0-255,66,30417,74,142002
29311,0.000274,172.217.194.0-255,1125,31542,74,142002
29312,0.000276,172.31.40.0-255,66,31608,74,142002
29313,0.000332,172.217.194.0-255,2902,34510,74,142002
29314,0.000335,172.31.40.0-255,66,34576,74,142002
29315,0.000365,172.217.194.0-255,5738,40314,74,142002
29316,0.000367,172.31.40.0-255,66,40380,74,142002
29317,0.000384,172.217.194.0-255,5738,46118,74,142002
29318,0.000386,172.31.40.0-255,66,46184,74,142002
29319,0.000485,172.217.194.0-255,2543,48727,74,142002
29320,0.000489,172.31.40.0-255,66,48793,74,142002
29321,0.000765,172.217.194.0-255,1484,50277,74,142002
29322,0.00077,172.217.194.0-255,1484,51761,74,142002
29323,0.000773,172.31.40.0-255,66,51827,74,142002
29324,0.000792,172.217.194.0-255,1484,53311,74,142002
29325,0.000819,172.217.194.0-255,5738,59049,74,142002
29326,0.000825,172.31.40.0-255,66,59115,74,142002
29327,0.000854,172.217.194.0-255,5738,64853,74,142002
29328,0.000868,172.31.40.0-255,66,64919,74,142002
29329,0.000871,172.217.194.0-255,1125,66044,74,142002
29330,0.000909,172.217.194.0-255,648,66692,74,142002
29331,0.000915,172.31.40.0-255,66,66758,74,142002
29332,0.000949,172.217.194.0-255,1484,68242,74,142002
29333,0.000954,172.217.194.0-255,1484,69726,74,142002
29334,0.000962,172.31.40.0-255,66,69792,74,142002
29335,0.000966,172.217.194.0-255,1484,71276,74,142002
29336,0.000997,172.217.194.0-255,5738,77014,74,142002
29337,0.001012,172.31.40.0-255,66,77080,74,142002
29338,0.001045,172.217.194.0-255,5738,82818,74,142002
29339,0.001051,172.31.40.0-255,66,82884,74,142002
29340,0.001081,172.31.40.0-255,66,82950,74,142002
29341,0.001186,172.217.194.0-255,4320,87270,74,142002
29342,0.001189,172.31.40.0-255,66,87336,74,142002
29343,0.001215,172.31.40.0-255,66,87402,74,142002
29344,0.001298,172.217.194.0-255,1484,88886,74,142002
29345,0.001322,172.217.194.0-255,2902,91788,74,142002
29346,0.001325,172.31.40.0-255,66,91854,74,142002
29347,0.001346,172.217.194.0-255,5738,97592,74,142002
29348,0.00135,172.31.40.0-255,66,97658,74,142002
29349,0.00141,172.217.194.0-255,4320,101978,74,142002
29350,0.001421,172.31.40.0-255,66,102044,74,142002
29351,0.001472,172.31.40.0-255,66,102110,74,142002
29352,0.001552,172.217.194.0-255,5738,107848,74,142002
29353,0.001555,172.31.40.0-255,66,107914,74,142002
29354,0.001579,172.217.194.0-255,5020,112934,74,142002
29355,0.001589,172.31.40.0-255,66,113000,74,142002
29356,0.001902,172.217.194.0-255,1484,114484,74,142002
29357,0.001911,172.217.194.0-255,2902,117386,74,142002
29358,0.001915,172.31.40.0-255,66,117452,74,142002
29359,0.001945,172.217.194.0-255,5738,123190,74,142002
29360,0.002113,172.217.194.0-255,5020,128210,74,142002
29361,0.002268,172.217.194.0-255,5738,133948,74,142002
29362,0.002944,172.217.194.0-255,2184,136132,74,142002
29363,0.006873,172.31.40.0-255,66,136198,74,142002
29364,0.009189,172.217.194.0-255,5738,141936,74,142002
29365,0.009195,172.31.40.0-255,66,142002,74,142002
29366,0.0,74.125.68.0-255,155,155,74,103250
29367,2.8e-05,172.31.40.0-255,66,221,74,103250
29368,3.6e-05,74.125.68.0-255,1484,1705,74,103250
29369,4.1e-05,172.31.40.0-255,66,1771,74,103250
29370,4.7e-05,74.125.68.0-255,2902,4673,74,103250
29371,5e-05,172.31.40.0-255,66,4739,74,103250
29372,6e-05,172.31.40.0-255,66,4805,74,103250
29373,9.3e-05,74.125.68.0-255,2049,6854,74,103250
29374,9.7e-05,172.31.40.0-255,66,6920,74,103250
29375,0.000203,74.125.68.0-255,1484,8404,74,103250
29376,0.000206,172.31.40.0-255,66,8470,74,103250
29377,0.00021,74.125.68.0-255,1484,9954,74,103250
29378,0.000213,172.31.40.0-255,66,10020,74,103250
29379,0.000225,74.125.68.0-255,1484,11504,74,103250
29380,0.000227,172.31.40.0-255,66,11570,74,103250
29381,0.000245,74.125.68.0-255,2902,14472,74,103250
29382,0.000247,172.31.40.0-255,66,14538,74,103250
29383,0.000266,74.125.68.0-255,1484,16022,74,103250
29384,0.000268,172.31.40.0-255,66,16088,74,103250
29385,0.000293,74.125.68.0-255,5738,21826,74,103250
29386,0.000296,172.31.40.0-255,66,21892,74,103250
29387,0.0003,74.125.68.0-255,2543,24435,74,103250
29388,0.000303,172.31.40.0-255,66,24501,74,103250
29389,0.000325,74.125.68.0-255,2902,27403,74,103250
29390,0.000327,172.31.40.0-255,66,27469,74,103250
29391,0.000348,74.125.68.0-255,5738,33207,74,103250
29392,0.00035,172.31.40.0-255,66,33273,74,103250
29393,0.000367,74.125.68.0-255,1484,34757,74,103250
29394,0.000369,172.31.40.0-255,66,34823,74,103250
29395,0.000401,74.125.68.0-255,4320,39143,74,103250
29396,0.000404,172.31.40.0-255,66,39209,74,103250
29397,0.000423,74.125.68.0-255,2543,41752,74,103250
29398,0.000426,172.31.40.0-255,66,41818,74,103250
29399,0.000443,74.125.68.0-255,1484,43302,74,103250
29400,0.000458,74.125.68.0-255,2902,46204,74,103250
29401,0.000461,172.31.40.0-255,66,46270,74,103250
29402,0.000464,74.125.68.0-255,1484,47754,74,103250
29403,0.000484,74.125.68.0-255,4320,52074,74,103250
29404,0.000486,172.31.40.0-255,66,52140,74,103250
29405,0.000491,74.125.68.0-255,4320,56460,74,103250
29406,0.000494,172.31.40.0-255,66,56526,74,103250
29407,0.000506,74.125.68.0-255,2543,59069,74,103250
29408,0.000508,172.31.40.0-255,66,59135,74,103250
29409,0.000528,74.125.68.0-255,360,59495,74,103250
29410,0.000765,74.125.68.0-255,129,59624,74,103250
29411,0.000843,74.125.68.0-255,352,59976,74,103250
29412,0.001058,172.31.40.0-255,66,60042,74,103250
29413,0.001595,74.125.68.0-255,1484,61526,74,103250
29414,0.001607,74.125.68.0-255,2902,64428,74,103250
29415,0.001611,172.31.40.0-255,66,64494,74,103250
29416,0.001618,74.125.68.0-255,2902,67396,74,103250
29417,0.00162,172.31.40.0-255,66,67462,74,103250
29418,0.001638,74.125.68.0-255,4320,71782,74,103250
29419,0.001641,172.31.40.0-255,66,71848,74,103250
29420,0.001659,74.125.68.0-255,2902,74750,74,103250
29421,0.001662,172.31.40.0-255,66,74816,74,103250
29422,0.001681,74.125.68.0-255,4320,79136,74,103250
29423,0.001684,172.31.40.0-255,66,79202,74,103250
29424,0.001732,172.31.40.0-255,66,79268,74,103250
29425,0.001736,74.125.68.0-255,1484,80752,74,103250
29426,0.001768,74.125.68.0-255,5020,85772,74,103250
29427,0.001771,172.31.40.0-255,66,85838,74,103250
29428,0.004072,74.125.68.0-255,5738,91576,74,103250
29429,0.004077,172.31.40.0-255,66,91642,74,103250
29430,0.006384,74.125.68.0-255,5738,97380,74,103250
29431,0.006389,172.31.40.0-255,66,97446,74,103250
29432,0.008703,74.125.68.0-255,5738,103184,74,103250
29433,0.008712,172.31.40.0-255,66,103250,74,103250
29434,0.0,172.31.40.0-255,105,105,74,525
29435,0.000272,172.31.40.0-255,90,195,74,525
29436,0.000293,172.31.40.0-255,66,261,74,525
29437,0.002543,74.125.24.0-255,66,327,74,525
29438,0.002579,74.125.24.0-255,66,393,74,525
29439,0.002588,172.31.40.0-255,66,459,74,525
29440,0.002592,74.125.24.0-255,66,525,74,525
29441,0.0,74.125.130.0-255,150,150,74,293032
29442,2.3e-05,172.31.40.0-255,66,216,74,293032
29443,3e-05,74.125.130.0-255,1484,1700,74,293032
29444,3.5e-05,172.31.40.0-255,66,1766,74,293032
29445,4.1e-05,74.125.130.0-255,2902,4668,74,293032
29446,4.5e-05,172.31.40.0-255,66,4734,74,293032
29447,5e-05,74.125.130.0-255,2902,7636,74,293032
29448,5.4e-05,172.31.40.0-255,66,7702,74,293032
29449,7.7e-05,74.125.130.0-255,1484,9186,74,293032
29450,8e-05,172.31.40.0-255,66,9252,74,293032
29451,0.000105,74.125.130.0-255,4872,14124,74,293032
29452,0.000107,172.31.40.0-255,66,14190,74,293032
29453,0.000169,74.125.130.0-255,1484,15674,74,293032
29454,0.000172,172.31.40.0-255,66,15740,74,293032
29455,0.000191,74.125.130.0-255,2902,18642,74,293032
29456,0.000194,172.31.40.0-255,66,18708,74,293032
29457,0.0002,74.125.130.0-255,4320,23028,74,293032
29458,0.000202,172.31.40.0-255,66,23094,74,293032
29459,0.00024,74.125.130.0-255,4320,27414,74,293032
29460,0.000243,172.31.40.0-255,66,27480,74,293032
29461,0.00026,74.125.130.0-255,3961,31441,74,293032
29462,0.000263,172.31.40.0-255,66,31507,74,293032
29463,0.000267,74.125.130.0-255,2902,34409,74,293032
29464,0.000269,172.31.40.0-255,66,34475,74,293032
29465,0.00029,74.125.130.0-255,5738,40213,74,293032
29466,0.000293,172.31.40.0-255,66,40279,74,293032
29467,0.0003,74.125.130.0-255,5738,46017,74,293032
29468,0.000302,172.31.40.0-255,66,46083,74,293032
29469,0.000349,74.125.130.0-255,2543,48626,74,293032
29470,0.000352,172.31.40.0-255,66,48692,74,293032
29471,0.00041,74.125.130.0-255,1484,50176,74,293032
29472,0.000413,172.31.40.0-255,66,50242,74,293032
29473,0.000427,74.125.130.0-255,2902,53144,74,293032
29474,0.00043,172.31.40.0-255,66,53210,74,293032
29475,0.000451,74.125.130.0-255,2902,56112,74,293032
29476,0.000453,172.31.40.0-255,66,56178,74,293032
29477,0.000458,74.125.130.0-255,4320,60498,74,293032
29478,0.00046,172.31.40.0-255,66,60564,74,293032
29479,0.000496,74.125.130.0-255,5379,65943,74,293032
29480,0.0005,172.31.40.0-255,66,66009,74,293032
29481,0.000503,74.125.130.0-255,344,66353,74,293032
29482,0.000557,74.125.130.0-255,119,66472,74,293032
29483,0.000744,74.125.130.0-255,1484,67956,74,293032
29484,0.00075,172.31.40.0-255,66,68022,74,293032
29485,0.000755,74.125.130.0-255,2902,70924,74,293032
29486,0.000758,172.31.40.0-255,66,70990,74,293032
29487,0.000761,74.125.130.0-255,1484,72474,74,293032
29488,0.000776,74.125.130.0-255,2902,75376,74,293032
29489,0.000779,172.31.40.0-255,66,75442,74,293032
29490,0.000795,74.125.130.0-255,1484,76926,74,293032
29491,0.00081,74.125.130.0-255,4320,81246,74,293032
29492,0.000813,172.31.40.0-255,66,81312,74,293032
29493,0.000834,74.125.130.0-255,3961,85273,74,293032
29494,0.000837,172.31.40.0-255,66,85339,74,293032
29495,0.000842,74.125.130.0-255,2902,88241,74,293032
29496,0.000844,172.31.40.0-255,66,88307,74,293032
29497,0.000849,74.125.130.0-255,4320,92627,74,293032
29498,0.000851,172.31.40.0-255,66,92693,74,293032
29499,0.000886,172.31.40.0-255,66,92759,74,293032
29500,0.001635,74.125.130.0-255,1484,94243,74,293032
29501,0.001662,74.125.130.0-255,2902,97145,74,293032
29502,0.001667,172.31.40.0-255,66,97211,74,293032
29503,0.001674,74.125.130.0-255,5738,102949,74,293032
29504,0.001676,172.31.40.0-255,66,103015,74,293032
29505,0.001681,74.125.130.0-255,2902,105917,74,293032
29506,0.001683,172.31.40.0-255,66,105983,74,293032
29507,0.001688,74.125.130.0-255,2902,108885,74,293032
29508,0.00169,172.31.40.0-255,66,108951,74,293032
29509,0.001703,74.125.130.0-255,1484,110435,74,293032
29510,0.001724,172.31.40.0-255,66,110501,74,293032
29511,0.001741,74.125.130.0-255,1484,111985,74,293032
29512,0.001745,74.125.130.0-255,2902,114887,74,293032
29513,0.001748,172.31.40.0-255,66,114953,74,293032
29514,0.001784,74.125.130.0-255,5020,119973,74,293032
29515,0.001787,172.31.40.0-255,66,120039,74,293032
29516,0.001856,74.125.130.0-255,1484,121523,74,293032
29517,0.001874,74.125.130.0-255,2902,124425,74,293032
29518,0.001878,172.31.40.0-255,66,124491,74,293032
29519,0.001881,74.125.130.0-255,1484,125975,74,293032
29520,0.001898,74.125.130.0-255,2902,128877,74,293032
29521,0.0019,172.31.40.0-255,66,128943,74,293032
29522,0.001905,74.125.130.0-255,2902,131845,74,293032
29523,0.001907,172.31.40.0-255,66,131911,74,293032
29524,0.001921,74.125.130.0-255,2902,134813,74,293032
29525,0.001924,172.31.40.0-255,66,134879,74,293032
29526,0.001927,74.125.130.0-255,1484,136363,74,293032
29527,0.001951,172.31.40.0-255,66,136429,74,293032
29528,0.001978,172.31.40.0-255,66,136495,74,293032
29529,0.001999,74.125.130.0-255,2902,139397,74,293032
29530,0.002001,172.31.40.0-255,66,139463,74,293032
29531,0.002004,74.125.130.0-255,766,140229,74,293032
29532,0.002154,74.125.130.0-255,1484,141713,74,293032
29533,0.002159,172.31.40.0-255,66,141779,74,293032
29534,0.002165,74.125.130.0-255,2902,144681,74,293032
29535,0.002167,172.31.40.0-255,66,144747,74,293032
29536,0.002183,74.125.130.0-255,5738,150485,74,293032
29537,0.002185,172.31.40.0-255,66,150551,74,293032
29538,0.002205,172.31.40.0-255,66,150617,74,293032
29539,0.00224,74.125.130.0-255,5738,156355,74,293032
29540,0.002243,172.31.40.0-255,66,156421,74,293032
29541,0.002274,172.31.40.0-255,66,156487,74,293032
29542,0.002297,74.125.130.0-255,2184,158671,74,293032
29543,0.002299,172.31.40.0-255,66,158737,74,293032
29544,0.002502,74.125.130.0-255,1484,160221,74,293032
29545,0.002521,74.125.130.0-255,2902,163123,74,293032
29546,0.002527,172.31.40.0-255,66,163189,74,293032
29547,0.00253,74.125.130.0-255,1484,164673,74,293032
29548,0.002558,74.125.130.0-255,2902,167575,74,293032
29549,0.002561,172.31.40.0-255,66,167641,74,293032
29550,0.002584,74.125.130.0-255,5738,173379,74,293032
29551,0.002586,172.31.40.0-255,66,173445,74,293032
29552,0.002589,74.125.130.0-255,1484,174929,74,293032
29553,0.002608,74.125.130.0-255,2902,177831,74,293032
29554,0.002611,172.31.40.0-255,66,177897,74,293032
29555,0.002617,74.125.130.0-255,5738,183635,74,293032
29556,0.00262,172.31.40.0-255,66,183701,74,293032
29557,0.002623,74.125.130.0-255,1484,185185,74,293032
29558,0.002677,74.125.130.0-255,5738,190923,74,293032
29559,0.002681,172.31.40.0-255,66,190989,74,293032
29560,0.002686,74.125.130.0-255,4320,195309,74,293032
29561,0.002688,172.31.40.0-255,66,195375,74,293032
29562,0.002706,74.125.130.0-255,2184,197559,74,293032
29563,0.002708,172.31.40.0-255,66,197625,74,293032
29564,0.002712,74.125.130.0-255,2902,200527,74,293032
29565,0.002714,172.31.40.0-255,66,200593,74,293032
29566,0.002717,74.125.130.0-255,1484,202077,74,293032
29567,0.002745,74.125.130.0-255,2902,204979,74,293032
29568,0.002749,172.31.40.0-255,66,205045,74,293032
29569,0.002752,74.125.130.0-255,1484,206529,74,293032
29570,0.002757,74.125.130.0-255,4320,210849,74,293032
29571,0.00276,172.31.40.0-255,66,210915,74,293032
29572,0.002764,74.125.130.0-255,4320,215235,74,293032
29573,0.002767,172.31.40.0-255,66,215301,74,293032
29574,0.002788,74.125.130.0-255,1484,216785,74,293032
29575,0.002791,74.125.130.0-255,1484,218269,74,293032
29576,0.002794,172.31.40.0-255,66,218335,74,293032
29577,0.002803,172.31.40.0-255,66,218401,74,293032
29578,0.002841,74.125.130.0-255,1484,219885,74,293032
29579,0.002867,172.31.40.0-255,66,219951,74,293032
29580,0.002876,172.31.40.0-255,66,220017,74,293032
29581,0.00291,172.31.40.0-255,66,220083,74,293032
29582,0.002947,74.125.130.0-255,2902,222985,74,293032
29583,0.00295,172.31.40.0-255,66,223051,74,293032
29584,0.002976,172.31.40.0-255,66,223117,74,293032
29585,0.002985,172.31.40.0-255,66,223183,74,293032
29586,0.003006,74.125.130.0-255,5738,228921,74,293032
29587,0.003008,172.31.40.0-255,66,228987,74,293032
29588,0.003013,74.125.130.0-255,4320,233307,74,293032
29589,0.003015,172.31.40.0-255,66,233373,74,293032
29590,0.003021,74.125.130.0-255,5738,239111,74,293032
29591,0.003025,172.31.40.0-255,66,239177,74,293032
29592,0.003029,74.125.130.0-255,2902,242079,74,293032
29593,0.003032,172.31.40.0-255,66,242145,74,293032
29594,0.003035,74.125.130.0-255,1484,243629,74,293032
29595,0.00306,74.125.130.0-255,2184,245813,74,293032
29596,0.003063,172.31.40.0-255,66,245879,74,293032
29597,0.003082,74.125.130.0-255,2902,248781,74,293032
29598,0.003084,172.31.40.0-255,66,248847,74,293032
29599,0.003103,74.125.130.0-255,2902,251749,74,293032
29600,0.003105,172.31.40.0-255,66,251815,74,293032
29601,0.003108,74.125.130.0-255,1484,253299,74,293032
29602,0.003111,74.125.130.0-255,1484,254783,74,293032
29603,0.003113,172.31.40.0-255,66,254849,74,293032
29604,0.003116,74.125.130.0-255,1484,256333,74,293032
29605,0.003137,74.125.130.0-255,2902,259235,74,293032
29606,0.003139,172.31.40.0-255,66,259301,74,293032
29607,0.003153,74.125.130.0-255,4320,263621,74,293032
29608,0.003155,172.31.40.0-255,66,263687,74,293032
29609,0.003158,74.125.130.0-255,1484,265171,74,293032
29610,0.003162,74.125.130.0-255,2902,268073,74,293032
29611,0.003164,172.31.40.0-255,66,268139,74,293032
29612,0.003201,74.125.130.0-255,1484,269623,74,293032
29613,0.003228,172.31.40.0-255,66,269689,74,293032
29614,0.003264,74.125.130.0-255,4320,274009,74,293032
29615,0.003267,172.31.40.0-255,66,274075,74,293032
29616,0.003281,74.125.130.0-255,2902,276977,74,293032
29617,0.003283,172.31.40.0-255,66,277043,74,293032
29618,0.003287,74.125.130.0-255,2902,279945,74,293032
29619,0.00329,172.31.40.0-255,66,280011,74,293032
29620,0.003316,74.125.130.0-255,5738,285749,74,293032
29621,0.003318,172.31.40.0-255,66,285815,74,293032
29622,0.003322,74.125.130.0-255,2902,288717,74,293032
29623,0.003324,172.31.40.0-255,66,288783,74,293032
29624,0.00334,74.125.130.0-255,3841,292624,74,293032
29625,0.003343,172.31.40.0-255,66,292690,74,293032
29626,0.003346,74.125.130.0-255,105,292795,74,293032
29627,0.007712,172.31.40.0-255,66,292861,74,293032
29628,0.007752,172.31.40.0-255,105,292966,74,293032
29629,0.009989,74.125.130.0-255,66,293032,74,293032
29630,0.0,74.125.24.0-255,150,150,74,124996
29631,2.1e-05,172.31.40.0-255,66,216,74,124996
29632,2.8e-05,74.125.24.0-255,1484,1700,74,124996
29633,3.3e-05,172.31.40.0-255,66,1766,74,124996
29634,3.8e-05,74.125.24.0-255,2902,4668,74,124996
29635,4.2e-05,172.31.40.0-255,66,4734,74,124996
29636,5.9e-05,172.31.40.0-255,66,4800,74,124996
29637,6.3e-05,74.125.24.0-255,2000,6800,74,124996
29638,6.6e-05,172.31.40.0-255,66,6866,74,124996
29639,0.000262,74.125.24.0-255,1484,8350,74,124996
29640,0.000266,172.31.40.0-255,66,8416,74,124996
29641,0.00027,74.125.24.0-255,1484,9900,74,124996
29642,0.000273,172.31.40.0-255,66,9966,74,124996
29643,0.000301,74.125.24.0-255,1484,11450,74,124996
29644,0.000303,172.31.40.0-255,66,11516,74,124996
29645,0.000309,74.125.24.0-255,5738,17254,74,124996
29646,0.000311,172.31.40.0-255,66,17320,74,124996
29647,0.000337,172.31.40.0-255,66,17386,74,124996
29648,0.000379,74.125.24.0-255,1484,18870,74,124996
29649,0.000382,172.31.40.0-255,66,18936,74,124996
29650,0.000406,74.125.24.0-255,2902,21838,74,124996
29651,0.000409,172.31.40.0-255,66,21904,74,124996
29652,0.000438,74.125.24.0-255,5738,27642,74,124996
29653,0.000441,172.31.40.0-255,66,27708,74,124996
29654,0.000471,172.31.40.0-255,66,27774,74,124996
29655,0.001259,74.125.24.0-255,1484,29258,74,124996
29656,0.001266,172.31.40.0-255,66,29324,74,124996
29657,0.001273,74.125.24.0-255,2902,32226,74,124996
29658,0.001275,172.31.40.0-255,66,32292,74,124996
29659,0.001281,74.125.24.0-255,4320,36612,74,124996
29660,0.001283,172.31.40.0-255,66,36678,74,124996
29661,0.001312,74.125.24.0-255,1484,38162,74,124996
29662,0.00134,172.31.40.0-255,66,38228,74,124996
29663,0.001374,74.125.24.0-255,4320,42548,74,124996
29664,0.001377,172.31.40.0-255,66,42614,74,124996
29665,0.00138,74.125.24.0-255,1484,44098,74,124996
29666,0.001404,74.125.24.0-255,4320,48418,74,124996
29667,0.001406,172.31.40.0-255,66,48484,74,124996
29668,0.001411,74.125.24.0-255,4320,52804,74,124996
29669,0.001413,172.31.40.0-255,66,52870,74,124996
29670,0.001457,172.31.40.0-255,66,52936,74,124996
29671,0.001465,172.31.40.0-255,66,53002,74,124996
29672,0.001485,74.125.24.0-255,3961,56963,74,124996
29673,0.001487,172.31.40.0-255,66,57029,74,124996
29674,0.001771,74.125.24.0-255,1484,58513,74,124996
29675,0.001791,74.125.24.0-255,2902,61415,74,124996
29676,0.001795,172.31.40.0-255,66,61481,74,124996
29677,0.001827,74.125.24.0-255,5738,67219,74,124996
29678,0.00183,172.31.40.0-255,66,67285,74,124996
29679,0.001832,74.125.24.0-255,1484,68769,74,124996
29680,0.001861,74.125.24.0-255,5264,74033,74,124996
29681,0.001863,172.31.40.0-255,66,74099,74,124996
29682,0.001895,74.125.24.0-255,2902,77001,74,124996
29683,0.001896,172.31.40.0-255,66,77067,74,124996
29684,0.001937,172.31.40.0-255,66,77133,74,124996
29685,0.001942,74.125.24.0-255,4655,81788,74,124996
29686,0.001944,172.31.40.0-255,66,81854,74,124996
29687,0.002229,74.125.24.0-255,1484,83338,74,124996
29688,0.002234,74.125.24.0-255,2902,86240,74,124996
29689,0.002237,172.31.40.0-255,66,86306,74,124996
29690,0.002259,74.125.24.0-255,4320,90626,74,124996
29691,0.002261,172.31.40.0-255,66,90692,74,124996
29692,0.002268,74.125.24.0-255,5738,96430,74,124996
29693,0.00227,172.31.40.0-255,66,96496,74,124996
29694,0.002291,74.125.24.0-255,2902,99398,74,124996
29695,0.002294,172.31.40.0-255,66,99464,74,124996
29696,0.002318,172.31.40.0-255,66,99530,74,124996
29697,0.002346,74.125.24.0-255,5738,105268,74,124996
29698,0.002349,172.31.40.0-255,66,105334,74,124996
29699,0.002353,74.125.24.0-255,2184,107518,74,124996
29700,0.002355,172.31.40.0-255,66,107584,74,124996
29701,0.004645,74.125.24.0-255,5738,113322,74,124996
29702,0.00465,172.31.40.0-255,66,113388,74,124996
29703,0.006962,74.125.24.0-255,5738,119126,74,124996
29704,0.00697,172.31.40.0-255,66,119192,74,124996
29705,0.009303,74.125.24.0-255,5738,124930,74,124996
29706,0.009311,172.31.40.0-255,66,124996,74,124996
29707,0.0,74.125.130.0-255,152,152,74,234040
29708,2e-05,172.31.40.0-255,66,218,74,234040
29709,2.7e-05,74.125.130.0-255,1484,1702,74,234040
29710,3.2e-05,172.31.40.0-255,66,1768,74,234040
29711,4.4e-05,74.125.130.0-255,2902,4670,74,234040
29712,4.7e-05,172.31.40.0-255,66,4736,74,234040
29713,5.9e-05,172.31.40.0-255,66,4802,74,234040
29714,6.3e-05,74.125.130.0-255,2067,6869,74,234040
29715,6.5e-05,172.31.40.0-255,66,6935,74,234040
29716,8.9e-05,74.125.130.0-255,2902,9837,74,234040
29717,9.7e-05,172.31.40.0-255,66,9903,74,234040
29718,0.000102,74.125.130.0-255,2902,12805,74,234040
29719,0.000104,172.31.40.0-255,66,12871,74,234040
29720,0.000133,74.125.130.0-255,4320,17191,74,234040
29721,0.000136,172.31.40.0-255,66,17257,74,234040
29722,0.000165,172.31.40.0-255,66,17323,74,234040
29723,0.000266,74.125.130.0-255,1484,18807,74,234040
29724,0.000269,172.31.40.0-255,66,18873,74,234040
29725,0.000275,74.125.130.0-255,2902,21775,74,234040
29726,0.000277,172.31.40.0-255,66,21841,74,234040
29727,0.000297,74.125.130.0-255,2902,24743,74,234040
29728,0.000299,172.31.40.0-255,66,24809,74,234040
29729,0.00033,74.125.130.0-255,2902,27711,74,234040
29730,0.000333,172.31.40.0-255,66,27777,74,234040
29731,0.000337,74.125.130.0-255,2902,30679,74,234040
29732,0.00034,172.31.40.0-255,66,30745,74,234040
29733,0.000349,74.125.130.0-255,3961,34706,74,234040
29734,0.000351,172.31.40.0-255,66,34772,74,234040
29735,0.000357,74.125.130.0-255,4320,39092,74,234040
29736,0.000359,172.31.40.0-255,66,39158,74,234040
29737,0.000388,74.125.130.0-255,4320,43478,74,234040
29738,0.000391,172.31.40.0-255,66,43544,74,234040
29739,0.000416,74.125.130.0-255,1484,45028,74,234040
29740,0.000428,172.31.40.0-255,66,45094,74,234040
29741,0.000431,74.125.130.0-255,120,45214,74,234040
29742,0.000572,74.125.130.0-255,1484,46698,74,234040
29743,0.000577,172.31.40.0-255,66,46764,74,234040
29744,0.000583,74.125.130.0-255,2902,49666,74,234040
29745,0.000585,172.31.40.0-255,66,49732,74,234040
29746,0.000612,74.125.130.0-255,5738,55470,74,234040
29747,0.000615,172.31.40.0-255,66,55536,74,234040
29748,0.000619,74.125.130.0-255,2902,58438,74,234040
29749,0.000621,172.31.40.0-255,66,58504,74,234040
29750,0.000626,74.125.130.0-255,4320,62824,74,234040
29751,0.000628,172.31.40.0-255,66,62890,74,234040
29752,0.000672,172.31.40.0-255,66,62956,74,234040
29753,0.000676,74.125.130.0-255,4320,67276,74,234040
29754,0.000678,172.31.40.0-255,66,67342,74,234040
29755,0.000711,74.125.130.0-255,1484,68826,74,234040
29756,0.000724,74.125.130.0-255,2498,71324,74,234040
29757,0.000728,172.31.40.0-255,66,71390,74,234040
29758,0.000925,74.125.130.0-255,1484,72874,74,234040
29759,0.000939,74.125.130.0-255,2902,75776,74,234040
29760,0.000942,172.31.40.0-255,66,75842,74,234040
29761,0.000954,74.125.130.0-255,2902,78744,74,234040
29762,0.000955,172.31.40.0-255,66,78810,74,234040
29763,0.000993,74.125.130.0-255,2902,81712,74,234040
29764,0.000995,172.31.40.0-255,66,81778,74,234040
29765,0.000998,74.125.130.0-255,1484,83262,74,234040
29766,0.001003,74.125.130.0-255,2902,86164,74,234040
29767,0.001004,172.31.40.0-255,66,86230,74,234040
29768,0.001037,74.125.130.0-255,2902,89132,74,234040
29769,0.001039,172.31.40.0-255,66,89198,74,234040
29770,0.001063,74.125.130.0-255,2902,92100,74,234040
29771,0.001065,172.31.40.0-255,66,92166,74,234040
29772,0.001068,74.125.130.0-255,1484,93650,74,234040
29773,0.001071,74.125.130.0-255,2902,96552,74,234040
29774,0.001072,172.31.40.0-255,66,96618,74,234040
29775,0.001081,74.125.130.0-255,5738,102356,74,234040
29776,0.001084,172.31.40.0-255,66,102422,74,234040
29777,0.001131,74.125.130.0-255,3602,106024,74,234040
29778,0.001134,172.31.40.0-255,66,106090,74,234040
29779,0.001202,74.125.130.0-255,1484,107574,74,234040
29780,0.001217,74.125.130.0-255,1484,109058,74,234040
29781,0.00122,172.31.40.0-255,66,109124,74,234040
29782,0.001238,74.125.130.0-255,2902,112026,74,234040
29783,0.00124,172.31.40.0-255,66,112092,74,234040
29784,0.001268,74.125.130.0-255,5738,117830,74,234040
29785,0.001271,172.31.40.0-255,66,117896,74,234040
29786,0.001275,74.125.130.0-255,4320,122216,74,234040
29787,0.001277,172.31.40.0-255,66,122282,74,234040
29788,0.001307,74.125.130.0-255,5738,128020,74,234040
29789,0.001309,172.31.40.0-255,66,128086,74,234040
29790,0.001339,172.31.40.0-255,66,128152,74,234040
29791,0.001374,74.125.130.0-255,2184,130336,74,234040
29792,0.001377,172.31.40.0-255,66,130402,74,234040
29793,0.001536,74.125.130.0-255,1484,131886,74,234040
29794,0.001573,74.125.130.0-255,2902,134788,74,234040
29795,0.001577,172.31.40.0-255,66,134854,74,234040
29796,0.001583,74.125.130.0-255,4320,139174,74,234040
29797,0.001585,172.31.40.0-255,66,139240,74,234040
29798,0.001588,74.125.130.0-255,2902,142142,74,234040
29799,0.00159,172.31.40.0-255,66,142208,74,234040
29800,0.001614,74.125.130.0-255,2902,145110,74,234040
29801,0.001616,172.31.40.0-255,66,145176,74,234040
29802,0.001628,172.31.40.0-255,66,145242,74,234040
29803,0.001632,74.125.130.0-255,4320,149562,74,234040
29804,0.001639,172.31.40.0-255,66,149628,74,234040
29805,0.001683,74.125.130.0-255,3602,153230,74,234040
29806,0.001686,172.31.40.0-255,66,153296,74,234040
29807,0.001789,74.125.130.0-255,1484,154780,74,234040
29808,0.001794,74.125.130.0-255,1484,156264,74,234040
29809,0.001797,172.31.40.0-255,66,156330,74,234040
29810,0.001824,74.125.130.0-255,1484,157814,74,234040
29811,0.00183,74.125.130.0-255,5738,163552,74,234040
29812,0.001832,172.31.40.0-255,66,163618,74,234040
29813,0.001836,74.125.130.0-255,4320,167938,74,234040
29814,0.001838,172.31.40.0-255,66,168004,74,234040
29815,0.001867,74.125.130.0-255,5738,173742,74,234040
29816,0.001869,172.31.40.0-255,66,173808,74,234040
29817,0.001872,74.125.130.0-255,1484,175292,74,234040
29818,0.001904,172.31.40.0-255,66,175358,74,234040
29819,0.001907,74.125.130.0-255,2184,177542,74,234040
29820,0.001909,172.31.40.0-255,66,177608,74,234040
29821,0.001926,74.125.130.0-255,2902,180510,74,234040
29822,0.001928,172.31.40.0-255,66,180576,74,234040
29823,0.001957,74.125.130.0-255,5738,186314,74,234040
29824,0.001959,172.31.40.0-255,66,186380,74,234040
29825,0.001962,74.125.130.0-255,1484,187864,74,234040
29826,0.001984,74.125.130.0-255,5738,193602,74,234040
29827,0.001987,172.31.40.0-255,66,193668,74,234040
29828,0.001991,74.125.130.0-255,4320,197988,74,234040
29829,0.001994,172.31.40.0-255,66,198054,74,234040
29830,0.002011,74.125.130.0-255,1484,199538,74,234040
29831,0.002024,172.31.40.0-255,66,199604,74,234040
29832,0.00205,74.125.130.0-255,5020,204624,74,234040
29833,0.002053,172.31.40.0-255,66,204690,74,234040
29834,0.002189,74.125.130.0-255,1484,206174,74,234040
29835,0.002205,74.125.130.0-255,2902,209076,74,234040
29836,0.002209,172.31.40.0-255,66,209142,74,234040
29837,0.002234,74.125.130.0-255,4320,213462,74,234040
29838,0.002236,172.31.40.0-255,66,213528,74,234040
29839,0.002257,74.125.130.0-255,1484,215012,74,234040
29840,0.00226,74.125.130.0-255,1484,216496,74,234040
29841,0.002262,172.31.40.0-255,66,216562,74,234040
29842,0.002284,172.31.40.0-255,66,216628,74,234040
29843,0.004551,74.125.130.0-255,5738,222366,74,234040
29844,0.004555,172.31.40.0-255,66,222432,74,234040
29845,0.006852,74.125.130.0-255,5738,228170,74,234040
29846,0.006865,172.31.40.0-255,66,228236,74,234040
29847,0.009142,74.125.130.0-255,5738,233974,74,234040
29848,0.009158,172.31.40.0-255,66,234040,74,234040
29849,0.0,74.125.24.0-255,153,153,74,41903
29850,2.3e-05,172.31.40.0-255,66,219,74,41903
29851,3.1e-05,74.125.24.0-255,1484,1703,74,41903
29852,3.5e-05,172.31.40.0-255,66,1769,74,41903
29853,4e-05,74.125.24.0-255,2902,4671,74,41903
29854,4.5e-05,172.31.40.0-255,66,4737,74,41903
29855,0.000142,74.125.24.0-255,1484,6221,74,41903
29856,0.000145,172.31.40.0-255,66,6287,74,41903
29857,0.000196,172.31.40.0-255,66,6353,74,41903
29858,0.000441,74.125.24.0-255,1484,7837,74,41903
29859,0.000445,172.31.40.0-255,66,7903,74,41903
29860,0.000488,74.125.24.0-255,2902,10805,74,41903
29861,0.000494,172.31.40.0-255,66,10871,74,41903
29862,0.000588,74.125.24.0-255,5738,16609,74,41903
29863,0.000591,172.31.40.0-255,66,16675,74,41903
29864,0.000793,74.125.24.0-255,4320,20995,74,41903
29865,0.000798,172.31.40.0-255,66,21061,74,41903
29866,0.000831,172.31.40.0-255,66,21127,74,41903
29867,0.001277,172.31.40.0-255,66,21193,74,41903
29868,0.001585,74.125.24.0-255,5738,26931,74,41903
29869,0.001589,172.31.40.0-255,66,26997,74,41903
29870,0.00161,74.125.24.0-255,4320,31317,74,41903
29871,0.001613,172.31.40.0-255,66,31383,74,41903
29872,0.001938,172.31.40.0-255,66,31449,74,41903
29873,0.001982,172.31.40.0-255,66,31515,74,41903
29874,0.002647,74.125.24.0-255,4320,35835,74,41903
29875,0.002653,172.31.40.0-255,66,35901,74,41903
29876,0.00308,172.31.40.0-255,66,35967,74,41903
29877,0.003341,172.31.40.0-255,66,36033,74,41903
29878,0.005816,172.31.40.0-255,66,36099,74,41903
29879,0.00808,74.125.24.0-255,5738,41837,74,41903
29880,0.008088,172.31.40.0-255,66,41903,74,41903
29881,0.0,172.217.194.0-255,153,153,74,201878
29882,2.4e-05,172.31.40.0-255,66,219,74,201878
29883,3.2e-05,172.217.194.0-255,1484,1703,74,201878
29884,3.6e-05,172.31.40.0-255,66,1769,74,201878
29885,4.2e-05,172.217.194.0-255,2902,4671,74,201878
29886,4.5e-05,172.31.40.0-255,66,4737,74,201878
29887,5.6e-05,172.31.40.0-255,66,4803,74,201878
29888,9.5e-05,172.31.40.0-255,66,4869,74,201878
29889,0.000112,172.217.194.0-255,1484,6353,74,201878
29890,0.000115,172.31.40.0-255,66,6419,74,201878
29891,0.000141,172.217.194.0-255,5379,11798,74,201878
29892,0.000144,172.31.40.0-255,66,11864,74,201878
29893,0.000159,172.217.194.0-255,1484,13348,74,201878
29894,0.000161,172.31.40.0-255,66,13414,74,201878
29895,0.000175,172.217.194.0-255,2902,16316,74,201878
29896,0.000177,172.31.40.0-255,66,16382,74,201878
29897,0.000219,172.217.194.0-255,5738,22120,74,201878
29898,0.000221,172.31.40.0-255,66,22186,74,201878
29899,0.000231,172.31.40.0-255,66,22252,74,201878
29900,0.000241,172.31.40.0-255,66,22318,74,201878
29901,0.000275,172.31.40.0-255,66,22384,74,201878
29902,0.00028,172.217.194.0-255,2831,25215,74,201878
29903,0.000281,172.31.40.0-255,66,25281,74,201878
29904,0.000648,172.217.194.0-255,367,25648,74,201878
29905,0.000654,172.31.40.0-255,66,25714,74,201878
29906,0.000676,172.217.194.0-255,1484,27198,74,201878
29907,0.000679,172.31.40.0-255,66,27264,74,201878
29908,0.000704,172.217.194.0-255,4320,31584,74,201878
29909,0.000709,172.31.40.0-255,66,31650,74,201878
29910,0.000714,172.217.194.0-255,4320,35970,74,201878
29911,0.000716,172.31.40.0-255,66,36036,74,201878
29912,0.000737,172.217.194.0-255,5738,41774,74,201878
29913,0.000741,172.31.40.0-255,66,41840,74,201878
29914,0.000743,172.217.194.0-255,576,42416,74,201878
29915,0.000958,172.217.194.0-255,1484,43900,74,201878
29916,0.000964,172.217.194.0-255,2902,46802,74,201878
29917,0.00097,172.31.40.0-255,66,46868,74,201878
29918,0.000979,172.31.40.0-255,66,46934,74,201878
29919,0.000984,172.217.194.0-255,2902,49836,74,201878
29920,0.000987,172.31.40.0-255,66,49902,74,201878
29921,0.000993,172.217.194.0-255,4320,54222,74,201878
29922,0.000995,172.31.40.0-255,66,54288,74,201878
29923,0.000997,172.217.194.0-255,1484,55772,74,201878
29924,0.001023,172.31.40.0-255,66,55838,74,201878
29925,0.001053,172.31.40.0-255,66,55904,74,201878
29926,0.001084,172.31.40.0-255,66,55970,74,201878
29927,0.001225,172.217.194.0-255,1484,57454,74,201878
29928,0.001232,172.217.194.0-255,2902,60356,74,201878
29929,0.001235,172.31.40.0-255,66,60422,74,201878
29930,0.001244,172.217.194.0-255,5738,66160,74,201878
29931,0.001249,172.31.40.0-255,66,66226,74,201878
29932,0.001255,172.217.194.0-255,4320,70546,74,201878
29933,0.001257,172.31.40.0-255,66,70612,74,201878
29934,0.001294,172.31.40.0-255,66,70678,74,201878
29935,0.0013,172.217.194.0-255,5738,76416,74,201878
29936,0.001302,172.31.40.0-255,66,76482,74,201878
29937,0.001324,172.217.194.0-255,5020,81502,74,201878
29938,0.001327,172.31.40.0-255,66,81568,74,201878
29939,0.001349,172.217.194.0-255,1484,83052,74,201878
29940,0.001352,172.217.194.0-255,1484,84536,74,201878
29941,0.001354,172.31.40.0-255,66,84602,74,201878
29942,0.001375,172.217.194.0-255,1484,86086,74,201878
29943,0.001381,172.217.194.0-255,5738,91824,74,201878
29944,0.001384,172.31.40.0-255,66,91890,74,201878
29945,0.001429,172.31.40.0-255,66,91956,74,201878
29946,0.001442,172.217.194.0-255,2902,94858,74,201878
29947,0.001444,172.31.40.0-255,66,94924,74,201878
29948,0.001487,172.31.40.0-255,66,94990,74,201878
29949,0.001494,172.31.40.0-255,66,95056,74,201878
29950,0.001499,172.217.194.0-255,2902,97958,74,201878
29951,0.001501,172.31.40.0-255,66,98024,74,201878
29952,0.001538,172.31.40.0-255,66,98090,74,201878
29953,0.001543,172.217.194.0-255,3602,101692,74,201878
29954,0.001545,172.31.40.0-255,66,101758,74,201878
29955,0.00163,172.217.194.0-255,1484,103242,74,201878
29956,0.001651,172.217.194.0-255,1484,104726,74,201878
29957,0.001655,172.31.40.0-255,66,104792,74,201878
29958,0.001676,172.217.194.0-255,1484,106276,74,201878
29959,0.001682,172.217.194.0-255,5738,112014,74,201878
29960,0.001686,172.31.40.0-255,66,112080,74,201878
29961,0.00169,172.217.194.0-255,2902,114982,74,201878
29962,0.001692,172.31.40.0-255,66,115048,74,201878
29963,0.001715,172.31.40.0-255,66,115114,74,201878
29964,0.00172,172.217.194.0-255,4320,119434,74,201878
29965,0.001722,172.31.40.0-255,66,119500,74,201878
29966,0.001753,172.31.40.0-255,66,119566,74,201878
29967,0.001872,172.217.194.0-255,1484,121050,74,201878
29968,0.001877,172.217.194.0-255,2902,123952,74,201878
29969,0.00188,172.31.40.0-255,66,124018,74,201878
29970,0.001904,172.217.194.0-255,5738,129756,74,201878
29971,0.001906,172.31.40.0-255,66,129822,74,201878
29972,0.001912,172.217.194.0-255,5738,135560,74,201878
29973,0.001914,172.31.40.0-255,66,135626,74,201878
29974,0.00194,172.217.194.0-255,4320,139946,74,201878
29975,0.001942,172.31.40.0-255,66,140012,74,201878
29976,0.001966,172.217.194.0-255,5738,145750,74,201878
29977,0.001969,172.31.40.0-255,66,145816,74,201878
29978,0.001988,172.31.40.0-255,66,145882,74,201878
29979,0.002068,172.217.194.0-255,1484,147366,74,201878
29980,0.002072,172.217.194.0-255,1484,148850,74,201878
29981,0.002074,172.31.40.0-255,66,148916,74,201878
29982,0.002088,172.217.194.0-255,1484,150400,74,201878
29983,0.002095,172.217.194.0-255,5738,156138,74,201878
29984,0.002096,172.31.40.0-255,66,156204,74,201878
29985,0.002124,172.31.40.0-255,66,156270,74,201878
29986,0.002142,172.217.194.0-255,2902,159172,74,201878
29987,0.002145,172.31.40.0-255,66,159238,74,201878
29988,0.002168,172.217.194.0-255,4320,163558,74,201878
29989,0.00217,172.31.40.0-255,66,163624,74,201878
29990,0.002197,172.31.40.0-255,66,163690,74,201878
29991,0.002215,172.217.194.0-255,1484,165174,74,201878
29992,0.002235,172.217.194.0-255,2902,168076,74,201878
29993,0.002238,172.31.40.0-255,66,168142,74,201878
29994,0.002242,172.217.194.0-255,2902,171044,74,201878
29995,0.002244,172.31.40.0-255,66,171110,74,201878
29996,0.002259,172.217.194.0-255,2902,174012,74,201878
29997,0.002261,172.31.40.0-255,66,174078,74,201878
29998,0.002272,172.31.40.0-255,66,174144,74,201878
29999,0.002289,172.217.194.0-255,2902,177046,74,201878
30000,0.002292,172.31.40.0-255,66,177112,74,201878
30001,0.002295,172.217.194.0-255,1484,178596,74,201878
30002,0.002324,172.31.40.0-255,66,178662,74,201878
30003,0.002346,172.217.194.0-255,5738,184400,74,201878
30004,0.002367,172.31.40.0-255,66,184466,74,201878
30005,0.004651,172.217.194.0-255,5738,190204,74,201878
30006,0.00466,172.31.40.0-255,66,190270,74,201878
30007,0.006951,172.217.194.0-255,5738,196008,74,201878
30008,0.006964,172.31.40.0-255,66,196074,74,201878
30009,0.009275,172.217.194.0-255,5738,201812,74,201878
30010,0.009291,172.31.40.0-255,66,201878,74,201878
30011,0.0,172.217.194.0-255,147,147,74,159972
30012,1.8e-05,172.31.40.0-255,66,213,74,159972
30013,2.4e-05,172.217.194.0-255,1484,1697,74,159972
30014,2.9e-05,172.31.40.0-255,66,1763,74,159972
30015,3.5e-05,172.217.194.0-255,2902,4665,74,159972
30016,3.8e-05,172.31.40.0-255,66,4731,74,159972
30017,5.3e-05,172.217.194.0-255,5738,10469,74,159972
30018,5.6e-05,172.31.40.0-255,66,10535,74,159972
30019,6.2e-05,172.217.194.0-255,4320,14855,74,159972
30020,6.4e-05,172.31.40.0-255,66,14921,74,159972
30021,0.000112,172.31.40.0-255,66,14987,74,159972
30022,0.000122,172.31.40.0-255,66,15053,74,159972
30023,0.000161,172.31.40.0-255,66,15119,74,159972
30024,0.000164,172.217.194.0-255,1484,16603,74,159972
30025,0.000166,172.31.40.0-255,66,16669,74,159972
30026,0.000191,172.217.194.0-255,3961,20630,74,159972
30027,0.000198,172.31.40.0-255,66,20696,74,159972
30028,0.00038,172.217.194.0-255,1484,22180,74,159972
30029,0.000384,172.31.40.0-255,66,22246,74,159972
30030,0.00039,172.217.194.0-255,2902,25148,74,159972
30031,0.000392,172.31.40.0-255,66,25214,74,159972
30032,0.000399,172.217.194.0-255,5738,30952,74,159972
30033,0.000407,172.31.40.0-255,66,31018,74,159972
30034,0.000437,172.31.40.0-255,66,31084,74,159972
30035,0.000464,172.217.194.0-255,288,31372,74,159972
30036,0.000466,172.31.40.0-255,66,31438,74,159972
30037,0.000478,172.31.40.0-255,66,31504,74,159972
30038,0.000493,172.31.40.0-255,66,31570,74,159972
30039,0.000539,172.217.194.0-255,5738,37308,74,159972
30040,0.000542,172.31.40.0-255,66,37374,74,159972
30041,0.000582,172.31.40.0-255,66,37440,74,159972
30042,0.000731,172.217.194.0-255,1484,38924,74,159972
30043,0.000741,172.217.194.0-255,2902,41826,74,159972
30044,0.000746,172.31.40.0-255,66,41892,74,159972
30045,0.000753,172.217.194.0-255,5738,47630,74,159972
30046,0.000756,172.31.40.0-255,66,47696,74,159972
30047,0.000795,172.217.194.0-255,6247,53943,74,159972
30048,0.000798,172.31.40.0-255,66,54009,74,159972
30049,0.000839,172.217.194.0-255,1484,55493,74,159972
30050,0.000883,172.217.194.0-255,2902,58395,74,159972
30051,0.000887,172.31.40.0-255,66,58461,74,159972
30052,0.000893,172.217.194.0-255,5738,64199,74,159972
30053,0.000896,172.31.40.0-255,66,64265,74,159972
30054,0.000913,172.31.40.0-255,66,64331,74,159972
30055,0.000925,172.31.40.0-255,66,64397,74,159972
30056,0.000956,172.217.194.0-255,2184,66581,74,159972
30057,0.000959,172.31.40.0-255,66,66647,74,159972
30058,0.00106,172.217.194.0-255,1484,68131,74,159972
30059,0.001078,172.217.194.0-255,2902,71033,74,159972
30060,0.001081,172.31.40.0-255,66,71099,74,159972
30061,0.001085,172.217.194.0-255,1484,72583,74,159972
30062,0.001111,172.217.194.0-255,4320,76903,74,159972
30063,0.001114,172.31.40.0-255,66,76969,74,159972
30064,0.001138,172.217.194.0-255,1484,78453,74,159972
30065,0.00117,172.217.194.0-255,5379,83832,74,159972
30066,0.001173,172.31.40.0-255,66,83898,74,159972
30067,0.001183,172.31.40.0-255,66,83964,74,159972
30068,0.001202,172.31.40.0-255,66,84030,74,159972
30069,0.001214,172.31.40.0-255,66,84096,74,159972
30070,0.001373,172.217.194.0-255,1484,85580,74,159972
30071,0.001378,172.217.194.0-255,2902,88482,74,159972
30072,0.001381,172.31.40.0-255,66,88548,74,159972
30073,0.001388,172.217.194.0-255,5738,94286,74,159972
30074,0.00139,172.31.40.0-255,66,94352,74,159972
30075,0.001393,172.217.194.0-255,1484,95836,74,159972
30076,0.001423,172.217.194.0-255,5738,101574,74,159972
30077,0.001426,172.31.40.0-255,66,101640,74,159972
30078,0.001436,172.31.40.0-255,66,101706,74,159972
30079,0.001466,172.31.40.0-255,66,101772,74,159972
30080,0.001478,172.217.194.0-255,2184,103956,74,159972
30081,0.001484,172.31.40.0-255,66,104022,74,159972
30082,0.001545,172.217.194.0-255,1484,105506,74,159972
30083,0.001551,172.217.194.0-255,2902,108408,74,159972
30084,0.001554,172.31.40.0-255,66,108474,74,159972
30085,0.00156,172.217.194.0-255,5738,114212,74,159972
30086,0.001562,172.31.40.0-255,66,114278,74,159972
30087,0.001567,172.217.194.0-255,4320,118598,74,159972
30088,0.001574,172.31.40.0-255,66,118664,74,159972
30089,0.001631,172.31.40.0-255,66,118730,74,159972
30090,0.001634,172.31.40.0-255,66,118796,74,159972
30091,0.001661,172.31.40.0-255,66,118862,74,159972
30092,0.001666,172.217.194.0-255,4320,123182,74,159972
30093,0.001669,172.31.40.0-255,66,123248,74,159972
30094,0.001704,172.217.194.0-255,2902,126150,74,159972
30095,0.001708,172.31.40.0-255,66,126216,74,159972
30096,0.001713,172.217.194.0-255,4320,130536,74,159972
30097,0.001716,172.31.40.0-255,66,130602,74,159972
30098,0.001751,172.31.40.0-255,66,130668,74,159972
30099,0.001798,172.217.194.0-255,5738,136406,74,159972
30100,0.0018,172.31.40.0-255,66,136472,74,159972
30101,0.001821,172.217.194.0-255,2902,139374,74,159972
30102,0.001823,172.31.40.0-255,66,139440,74,159972
30103,0.001835,172.31.40.0-255,66,139506,74,159972
30104,0.001847,172.31.40.0-255,66,139572,74,159972
30105,0.001851,172.217.194.0-255,2184,141756,74,159972
30106,0.001853,172.31.40.0-255,66,141822,74,159972
30107,0.001914,172.217.194.0-255,1484,143306,74,159972
30108,0.00192,172.217.194.0-255,2902,146208,74,159972
30109,0.001923,172.31.40.0-255,66,146274,74,159972
30110,0.00193,172.217.194.0-255,5738,152012,74,159972
30111,0.001932,172.31.40.0-255,66,152078,74,159972
30112,0.001994,172.31.40.0-255,66,152144,74,159972
30113,0.001998,172.217.194.0-255,1484,153628,74,159972
30114,0.002025,172.31.40.0-255,66,153694,74,159972
30115,0.002034,172.31.40.0-255,66,153760,74,159972
30116,0.002055,172.217.194.0-255,4320,158080,74,159972
30117,0.002057,172.31.40.0-255,66,158146,74,159972
30118,0.002061,172.217.194.0-255,1484,159630,74,159972
30119,0.002096,172.217.194.0-255,105,159735,74,159972
30120,0.002115,172.31.40.0-255,66,159801,74,159972
30121,0.004424,172.31.40.0-255,105,159906,74,159972
30122,0.00649,172.217.194.0-255,66,159972,74,159972
30123,0.0,74.125.200.0-255,259,259,74,79760
30124,2.1e-05,172.31.40.0-255,66,325,74,79760
30125,2.7e-05,74.125.200.0-255,1484,1809,74,79760
30126,3.1e-05,172.31.40.0-255,66,1875,74,79760
30127,3.7e-05,74.125.200.0-255,2902,4777,74,79760
30128,4e-05,172.31.40.0-255,66,4843,74,79760
30129,5.1e-05,74.125.200.0-255,4320,9163,74,79760
30130,5.4e-05,172.31.40.0-255,66,9229,74,79760
30131,9.1e-05,172.31.40.0-255,66,9295,74,79760
30132,9.6e-05,74.125.200.0-255,4320,13615,74,79760
30133,9.8e-05,172.31.40.0-255,66,13681,74,79760
30134,0.00014,74.125.200.0-255,5738,19419,74,79760
30135,0.000142,172.31.40.0-255,66,19485,74,79760
30136,0.000159,74.125.200.0-255,2543,22028,74,79760
30137,0.000161,172.31.40.0-255,66,22094,74,79760
30138,0.000525,74.125.200.0-255,1484,23578,74,79760
30139,0.00053,74.125.200.0-255,1484,25062,74,79760
30140,0.000537,172.31.40.0-255,66,25128,74,79760
30141,0.000546,172.31.40.0-255,66,25194,74,79760
30142,0.00055,74.125.200.0-255,1484,26678,74,79760
30143,0.000552,172.31.40.0-255,66,26744,74,79760
30144,0.000563,74.125.200.0-255,4320,31064,74,79760
30145,0.000566,172.31.40.0-255,66,31130,74,79760
30146,0.000614,172.31.40.0-255,66,31196,74,79760
30147,0.00062,74.125.200.0-255,4320,35516,74,79760
30148,0.000623,172.31.40.0-255,66,35582,74,79760
30149,0.000643,74.125.200.0-255,1484,37066,74,79760
30150,0.000645,172.31.40.0-255,66,37132,74,79760
30151,0.000685,172.31.40.0-255,66,37198,74,79760
30152,0.001239,74.125.200.0-255,347,37545,74,79760
30153,0.001682,74.125.200.0-255,1484,39029,74,79760
30154,0.00169,172.31.40.0-255,66,39095,74,79760
30155,0.001698,74.125.200.0-255,2902,41997,74,79760
30156,0.0017,172.31.40.0-255,66,42063,74,79760
30157,0.001705,74.125.200.0-255,2902,44965,74,79760
30158,0.001712,172.31.40.0-255,66,45031,74,79760
30159,0.001718,74.125.200.0-255,4320,49351,74,79760
30160,0.00172,172.31.40.0-255,66,49417,74,79760
30161,0.001753,172.31.40.0-255,66,49483,74,79760
30162,0.001758,74.125.200.0-255,4320,53803,74,79760
30163,0.00176,172.31.40.0-255,66,53869,74,79760
30164,0.0018,74.125.200.0-255,2902,56771,74,79760
30165,0.001803,172.31.40.0-255,66,56837,74,79760
30166,0.001832,74.125.200.0-255,5379,62216,74,79760
30167,0.001835,172.31.40.0-255,66,62282,74,79760
30168,0.002279,74.125.200.0-255,1484,63766,74,79760
30169,0.004095,74.125.200.0-255,4320,68086,74,79760
30170,0.004101,172.31.40.0-255,66,68152,74,79760
30171,0.006353,74.125.200.0-255,5738,73890,74,79760
30172,0.006359,172.31.40.0-255,66,73956,74,79760
30173,0.008617,74.125.200.0-255,5738,79694,74,79760
30174,0.008624,172.31.40.0-255,66,79760,74,79760
30175,0.0,172.217.194.0-255,152,152,74,182956
30176,2e-05,172.31.40.0-255,66,218,74,182956
30177,2.7e-05,172.217.194.0-255,1484,1702,74,182956
30178,3.1e-05,172.31.40.0-255,66,1768,74,182956
30179,4.5e-05,172.217.194.0-255,2902,4670,74,182956
30180,5e-05,172.31.40.0-255,66,4736,74,182956
30181,5.7e-05,172.217.194.0-255,5738,10474,74,182956
30182,6e-05,172.31.40.0-255,66,10540,74,182956
30183,6.3e-05,172.217.194.0-255,1484,12024,74,182956
30184,6.6e-05,172.31.40.0-255,66,12090,74,182956
30185,0.000117,172.31.40.0-255,66,12156,74,182956
30186,0.000133,172.31.40.0-255,66,12222,74,182956
30187,0.000168,172.217.194.0-255,1484,13706,74,182956
30188,0.000171,172.31.40.0-255,66,13772,74,182956
30189,0.0002,172.217.194.0-255,2902,16674,74,182956
30190,0.000202,172.31.40.0-255,66,16740,74,182956
30191,0.000209,172.217.194.0-255,5738,22478,74,182956
30192,0.000211,172.31.40.0-255,66,22544,74,182956
30193,0.000244,172.31.40.0-255,66,22610,74,182956
30194,0.000248,172.217.194.0-255,2902,25512,74,182956
30195,0.00025,172.31.40.0-255,66,25578,74,182956
30196,0.000285,172.31.40.0-255,66,25644,74,182956
30197,0.000291,172.217.194.0-255,4251,29895,74,182956
30198,0.000293,172.31.40.0-255,66,29961,74,182956
30199,0.000355,172.217.194.0-255,4619,34580,74,182956
30200,0.000358,172.31.40.0-255,66,34646,74,182956
30201,0.000365,172.217.194.0-255,5738,40384,74,182956
30202,0.000367,172.31.40.0-255,66,40450,74,182956
30203,0.000403,172.217.194.0-255,6248,46698,74,182956
30204,0.000406,172.31.40.0-255,66,46764,74,182956
30205,0.000614,172.217.194.0-255,1484,48248,74,182956
30206,0.000622,172.217.194.0-255,2902,51150,74,182956
30207,0.000626,172.31.40.0-255,66,51216,74,182956
30208,0.00063,172.217.194.0-255,1484,52700,74,182956
30209,0.000657,172.217.194.0-255,4320,57020,74,182956
30210,0.000662,172.31.40.0-255,66,57086,74,182956
30211,0.000692,172.217.194.0-255,2902,59988,74,182956
30212,0.000695,172.31.40.0-255,66,60054,74,182956
30213,0.000726,172.217.194.0-255,3961,64015,74,182956
30214,0.000729,172.31.40.0-255,66,64081,74,182956
30215,0.000756,172.217.194.0-255,1484,65565,74,182956
30216,0.000772,172.217.194.0-255,2902,68467,74,182956
30217,0.000775,172.31.40.0-255,66,68533,74,182956
30218,0.000792,172.217.194.0-255,2902,71435,74,182956
30219,0.000799,172.31.40.0-255,66,71501,74,182956
30220,0.000805,172.217.194.0-255,4320,75821,74,182956
30221,0.000808,172.31.40.0-255,66,75887,74,182956
30222,0.000814,172.217.194.0-255,5738,81625,74,182956
30223,0.000817,172.31.40.0-255,66,81691,74,182956
30224,0.000833,172.217.194.0-255,2902,84593,74,182956
30225,0.000839,172.31.40.0-255,66,84659,74,182956
30226,0.000845,172.217.194.0-255,4320,88979,74,182956
30227,0.000847,172.31.40.0-255,66,89045,74,182956
30228,0.000884,172.31.40.0-255,66,89111,74,182956
30229,0.000916,172.31.40.0-255,66,89177,74,182956
30230,0.000945,172.217.194.0-255,3602,92779,74,182956
30231,0.000947,172.31.40.0-255,66,92845,74,182956
30232,0.000971,172.31.40.0-255,66,92911,74,182956
30233,0.000985,172.217.194.0-255,2184,95095,74,182956
30234,0.000987,172.31.40.0-255,66,95161,74,182956
30235,0.001007,172.31.40.0-255,66,95227,74,182956
30236,0.001021,172.31.40.0-255,66,95293,74,182956
30237,0.001077,172.31.40.0-255,66,95359,74,182956
30238,0.001121,172.217.194.0-255,5738,101097,74,182956
30239,0.001193,172.217.194.0-255,5379,106476,74,182956
30240,0.00127,172.217.194.0-255,4320,110796,74,182956
30241,0.001299,172.217.194.0-255,2902,113698,74,182956
30242,0.001333,172.217.194.0-255,5379,119077,74,182956
30243,0.001356,172.217.194.0-255,1484,120561,74,182956
30244,0.001373,172.217.194.0-255,2902,123463,74,182956
30245,0.001391,172.217.194.0-255,4320,127783,74,182956
30246,0.001414,172.217.194.0-255,1484,129267,74,182956
30247,0.001456,172.217.194.0-255,1484,130751,74,182956
30248,0.001514,172.217.194.0-255,2902,133653,74,182956
30249,0.00153,172.217.194.0-255,4320,137973,74,182956
30250,0.001544,172.217.194.0-255,4320,142293,74,182956
30251,0.001558,172.217.194.0-255,2902,145195,74,182956
30252,0.001563,172.217.194.0-255,2543,147738,74,182956
30253,0.001575,172.217.194.0-255,1484,149222,74,182956
30254,0.001594,172.217.194.0-255,2902,152124,74,182956
30255,0.001649,172.217.194.0-255,1484,153608,74,182956
30256,0.001653,172.217.194.0-255,2902,156510,74,182956
30257,0.001671,172.217.194.0-255,5738,162248,74,182956
30258,0.001677,172.217.194.0-255,4320,166568,74,182956
30259,0.001692,172.217.194.0-255,2902,169470,74,182956
30260,0.001709,172.217.194.0-255,4320,173790,74,182956
30261,0.001732,172.217.194.0-255,2184,175974,74,182956
30262,0.00178,172.217.194.0-255,1484,177458,74,182956
30263,0.001834,172.217.194.0-255,5327,182785,74,182956
30264,0.001851,172.217.194.0-255,105,182890,74,182956
30265,0.00678,172.31.40.0-255,66,182956,74,182956
30266,0.0,172.217.194.0-255,152,152,74,162048
30267,2e-05,172.31.40.0-255,66,218,74,162048
30268,2.7e-05,172.217.194.0-255,1484,1702,74,162048
30269,3.3e-05,172.31.40.0-255,66,1768,74,162048
30270,3.9e-05,172.217.194.0-255,2902,4670,74,162048
30271,4.3e-05,172.31.40.0-255,66,4736,74,162048
30272,6.3e-05,172.31.40.0-255,66,4802,74,162048
30273,6.7e-05,172.217.194.0-255,2066,6868,74,162048
30274,7e-05,172.31.40.0-255,66,6934,74,162048
30275,0.000123,172.217.194.0-255,1484,8418,74,162048
30276,0.000126,172.31.40.0-255,66,8484,74,162048
30277,0.000132,172.217.194.0-255,2902,11386,74,162048
30278,0.000135,172.31.40.0-255,66,11452,74,162048
30279,0.000143,172.217.194.0-255,5738,17190,74,162048
30280,0.000146,172.31.40.0-255,66,17256,74,162048
30281,0.000151,172.217.194.0-255,4320,21576,74,162048
30282,0.000154,172.31.40.0-255,66,21642,74,162048
30283,0.000193,172.217.194.0-255,2543,24185,74,162048
30284,0.000196,172.31.40.0-255,66,24251,74,162048
30285,0.000235,172.217.194.0-255,2902,27153,74,162048
30286,0.000238,172.31.40.0-255,66,27219,74,162048
30287,0.000241,172.217.194.0-255,1484,28703,74,162048
30288,0.000243,172.31.40.0-255,66,28769,74,162048
30289,0.000282,172.217.194.0-255,5738,34507,74,162048
30290,0.000285,172.31.40.0-255,66,34573,74,162048
30291,0.00032,172.217.194.0-255,4320,38893,74,162048
30292,0.000323,172.31.40.0-255,66,38959,74,162048
30293,0.000352,172.217.194.0-255,2543,41502,74,162048
30294,0.000354,172.31.40.0-255,66,41568,74,162048
30295,0.000569,172.217.194.0-255,1484,43052,74,162048
30296,0.000574,172.31.40.0-255,66,43118,74,162048
30297,0.00058,172.217.194.0-255,2902,46020,74,162048
30298,0.000583,172.31.40.0-255,66,46086,74,162048
30299,0.000586,172.217.194.0-255,1484,47570,74,162048
30300,0.000614,172.217.194.0-255,4320,51890,74,162048
30301,0.000617,172.31.40.0-255,66,51956,74,162048
30302,0.000621,172.217.194.0-255,2902,54858,74,162048
30303,0.000624,172.31.40.0-255,66,54924,74,162048
30304,0.000662,172.217.194.0-255,4320,59244,74,162048
30305,0.000665,172.31.40.0-255,66,59310,74,162048
30306,0.00069,172.217.194.0-255,320,59630,74,162048
30307,0.000767,172.217.194.0-255,1484,61114,74,162048
30308,0.000771,172.31.40.0-255,66,61180,74,162048
30309,0.000775,172.217.194.0-255,1484,62664,74,162048
30310,0.000793,172.217.194.0-255,1484,64148,74,162048
30311,0.000796,172.31.40.0-255,66,64214,74,162048
30312,0.000803,172.217.194.0-255,5738,69952,74,162048
30313,0.000806,172.31.40.0-255,66,70018,74,162048
30314,0.000809,172.217.194.0-255,1484,71502,74,162048
30315,0.000835,172.217.194.0-255,1484,72986,74,162048
30316,0.000838,172.31.40.0-255,66,73052,74,162048
30317,0.000868,172.217.194.0-255,5379,78431,74,162048
30318,0.000871,172.31.40.0-255,66,78497,74,162048
30319,0.000917,172.217.194.0-255,5738,84235,74,162048
30320,0.000929,172.31.40.0-255,66,84301,74,162048
30321,0.000932,172.31.40.0-255,66,84367,74,162048
30322,0.000951,172.217.194.0-255,1125,85492,74,162048
30323,0.001352,172.217.194.0-255,1484,86976,74,162048
30324,0.001357,172.31.40.0-255,66,87042,74,162048
30325,0.001363,172.217.194.0-255,2902,89944,74,162048
30326,0.001366,172.31.40.0-255,66,90010,74,162048
30327,0.001378,172.217.194.0-255,5738,95748,74,162048
30328,0.00138,172.31.40.0-255,66,95814,74,162048
30329,0.001434,172.31.40.0-255,66,95880,74,162048
30330,0.001437,172.31.40.0-255,66,95946,74,162048
30331,0.00147,172.217.194.0-255,3602,99548,74,162048
30332,0.001473,172.31.40.0-255,66,99614,74,162048
30333,0.001703,172.217.194.0-255,1484,101098,74,162048
30334,0.00172,172.217.194.0-255,1484,102582,74,162048
30335,0.001724,172.31.40.0-255,66,102648,74,162048
30336,0.001745,172.217.194.0-255,1484,104132,74,162048
30337,0.001751,172.217.194.0-255,5738,109870,74,162048
30338,0.001766,172.31.40.0-255,66,109936,74,162048
30339,0.001769,172.31.40.0-255,66,110002,74,162048
30340,0.001814,172.31.40.0-255,66,110068,74,162048
30341,0.001898,172.217.194.0-255,1484,111552,74,162048
30342,0.00192,172.217.194.0-255,2902,114454,74,162048
30343,0.001923,172.31.40.0-255,66,114520,74,162048
30344,0.00193,172.217.194.0-255,5738,120258,74,162048
30345,0.001932,172.31.40.0-255,66,120324,74,162048
30346,0.001946,172.217.194.0-255,5738,126062,74,162048
30347,0.001948,172.31.40.0-255,66,126128,74,162048
30348,0.001953,172.217.194.0-255,2902,129030,74,162048
30349,0.001956,172.31.40.0-255,66,129096,74,162048
30350,0.002007,172.217.194.0-255,5020,134116,74,162048
30351,0.002014,172.31.40.0-255,66,134182,74,162048
30352,0.002022,172.31.40.0-255,66,134248,74,162048
30353,0.002471,172.217.194.0-255,1484,135732,74,162048
30354,0.002478,172.217.194.0-255,2902,138634,74,162048
30355,0.002481,172.31.40.0-255,66,138700,74,162048
30356,0.002514,172.217.194.0-255,5738,144438,74,162048
30357,0.002517,172.31.40.0-255,66,144504,74,162048
30358,0.002527,172.31.40.0-255,66,144570,74,162048
30359,0.002571,172.217.194.0-255,5738,150308,74,162048
30360,0.002575,172.31.40.0-255,66,150374,74,162048
30361,0.002587,172.31.40.0-255,66,150440,74,162048
30362,0.005137,172.217.194.0-255,5738,156178,74,162048
30363,0.005144,172.31.40.0-255,66,156244,74,162048
30364,0.007685,172.217.194.0-255,5738,161982,74,162048
30365,0.007691,172.31.40.0-255,66,162048,74,162048
30366,0.0,172.217.194.0-255,146,146,74,202436
30367,2e-05,172.31.40.0-255,66,212,74,202436
30368,2.8e-05,172.217.194.0-255,1484,1696,74,202436
30369,3.2e-05,172.31.40.0-255,66,1762,74,202436
30370,3.8e-05,172.217.194.0-255,2902,4664,74,202436
30371,5e-05,172.31.40.0-255,66,4730,74,202436
30372,5.7e-05,172.217.194.0-255,5738,10468,74,202436
30373,6e-05,172.31.40.0-255,66,10534,74,202436
30374,8.5e-05,172.217.194.0-255,1484,12018,74,202436
30375,8.8e-05,172.31.40.0-255,66,12084,74,202436
30376,0.000111,172.217.194.0-255,2154,14238,74,202436
30377,0.000113,172.31.40.0-255,66,14304,74,202436
30378,0.00012,172.217.194.0-255,4320,18624,74,202436
30379,0.000122,172.31.40.0-255,66,18690,74,202436
30380,0.000178,172.217.194.0-255,5738,24428,74,202436
30381,0.000182,172.31.40.0-255,66,24494,74,202436
30382,0.000209,172.217.194.0-255,2902,27396,74,202436
30383,0.000211,172.31.40.0-255,66,27462,74,202436
30384,0.000238,172.31.40.0-255,66,27528,74,202436
30385,0.000331,172.31.40.0-255,66,27594,74,202436
30386,0.000357,172.217.194.0-255,2543,30137,74,202436
30387,0.000359,172.31.40.0-255,66,30203,74,202436
30388,0.001084,172.217.194.0-255,1484,31687,74,202436
30389,0.00109,172.31.40.0-255,66,31753,74,202436
30390,0.0011,172.217.194.0-255,2902,34655,74,202436
30391,0.001108,172.31.40.0-255,66,34721,74,202436
30392,0.001114,172.217.194.0-255,5738,40459,74,202436
30393,0.001117,172.31.40.0-255,66,40525,74,202436
30394,0.001162,172.217.194.0-255,4320,44845,74,202436
30395,0.001165,172.31.40.0-255,66,44911,74,202436
30396,0.001195,172.217.194.0-255,3122,48033,74,202436
30397,0.001198,172.31.40.0-255,66,48099,74,202436
30398,0.001229,172.217.194.0-255,5738,53837,74,202436
30399,0.001232,172.31.40.0-255,66,53903,74,202436
30400,0.001258,172.217.194.0-255,2902,56805,74,202436
30401,0.00126,172.31.40.0-255,66,56871,74,202436
30402,0.001324,172.217.194.0-255,5738,62609,74,202436
30403,0.001328,172.31.40.0-255,66,62675,74,202436
30404,0.001353,172.217.194.0-255,2543,65218,74,202436
30405,0.001356,172.31.40.0-255,66,65284,74,202436
30406,0.001382,172.217.194.0-255,5738,71022,74,202436
30407,0.001384,172.31.40.0-255,66,71088,74,202436
30408,0.001422,172.31.40.0-255,66,71154,74,202436
30409,0.001715,172.217.194.0-255,1484,72638,74,202436
30410,0.001724,172.217.194.0-255,2902,75540,74,202436
30411,0.001728,172.31.40.0-255,66,75606,74,202436
30412,0.001759,172.217.194.0-255,5738,81344,74,202436
30413,0.001763,172.31.40.0-255,66,81410,74,202436
30414,0.001789,172.217.194.0-255,6235,87645,74,202436
30415,0.001792,172.31.40.0-255,66,87711,74,202436
30416,0.001985,172.217.194.0-255,1484,89195,74,202436
30417,0.001992,172.217.194.0-255,2902,92097,74,202436
30418,0.001997,172.31.40.0-255,66,92163,74,202436
30419,0.002031,172.217.194.0-255,5738,97901,74,202436
30420,0.002035,172.31.40.0-255,66,97967,74,202436
30421,0.002061,172.217.194.0-255,5738,103705,74,202436
30422,0.002064,172.31.40.0-255,66,103771,74,202436
30423,0.002116,172.217.194.0-255,1484,105255,74,202436
30424,0.002128,172.217.194.0-255,2902,108157,74,202436
30425,0.002131,172.31.40.0-255,66,108223,74,202436
30426,0.002165,172.31.40.0-255,66,108289,74,202436
30427,0.002228,172.217.194.0-255,2902,111191,74,202436
30428,0.002231,172.31.40.0-255,66,111257,74,202436
30429,0.002257,172.217.194.0-255,2184,113441,74,202436
30430,0.002259,172.31.40.0-255,66,113507,74,202436
30431,0.002794,172.217.194.0-255,1484,114991,74,202436
30432,0.002799,172.217.194.0-255,2902,117893,74,202436
30433,0.002801,172.31.40.0-255,66,117959,74,202436
30434,0.002828,172.217.194.0-255,5738,123697,74,202436
30435,0.00283,172.31.40.0-255,66,123763,74,202436
30436,0.002868,172.217.194.0-255,2902,126665,74,202436
30437,0.00287,172.31.40.0-255,66,126731,74,202436
30438,0.002903,172.31.40.0-255,66,126797,74,202436
30439,0.002997,172.217.194.0-255,4320,131117,74,202436
30440,0.003,172.31.40.0-255,66,131183,74,202436
30441,0.003024,172.217.194.0-255,4320,135503,74,202436
30442,0.003026,172.31.40.0-255,66,135569,74,202436
30443,0.003056,172.217.194.0-255,2184,137753,74,202436
30444,0.003059,172.31.40.0-255,66,137819,74,202436
30445,0.00308,172.217.194.0-255,2902,140721,74,202436
30446,0.003082,172.31.40.0-255,66,140787,74,202436
30447,0.0031,172.217.194.0-255,2902,143689,74,202436
30448,0.003102,172.31.40.0-255,66,143755,74,202436
30449,0.003129,172.217.194.0-255,4320,148075,74,202436
30450,0.003132,172.31.40.0-255,66,148141,74,202436
30451,0.003152,172.217.194.0-255,5738,153879,74,202436
30452,0.003155,172.31.40.0-255,66,153945,74,202436
30453,0.003214,172.217.194.0-255,1484,155429,74,202436
30454,0.003238,172.217.194.0-255,2902,158331,74,202436
30455,0.003241,172.31.40.0-255,66,158397,74,202436
30456,0.003282,172.31.40.0-255,66,158463,74,202436
30457,0.003378,172.217.194.0-255,1484,159947,74,202436
30458,0.00339,172.217.194.0-255,2902,162849,74,202436
30459,0.003393,172.31.40.0-255,66,162915,74,202436
30460,0.00343,172.31.40.0-255,66,162981,74,202436
30461,0.003544,172.217.194.0-255,5738,168719,74,202436
30462,0.003547,172.31.40.0-255,66,168785,74,202436
30463,0.003599,172.31.40.0-255,66,168851,74,202436
30464,0.003712,172.217.194.0-255,2902,171753,74,202436
30465,0.003716,172.31.40.0-255,66,171819,74,202436
30466,0.003777,172.31.40.0-255,66,171885,74,202436
30467,0.004036,172.217.194.0-255,4320,176205,74,202436
30468,0.004039,172.31.40.0-255,66,176271,74,202436
30469,0.00408,172.31.40.0-255,66,176337,74,202436
30470,0.004189,172.217.194.0-255,2902,179239,74,202436
30471,0.004194,172.31.40.0-255,66,179305,74,202436
30472,0.00422,172.217.194.0-255,1484,180789,74,202436
30473,0.004224,172.217.194.0-255,1484,182273,74,202436
30474,0.004226,172.31.40.0-255,66,182339,74,202436
30475,0.00426,172.31.40.0-255,66,182405,74,202436
30476,0.004308,172.217.194.0-255,5738,188143,74,202436
30477,0.004312,172.31.40.0-255,66,188209,74,202436
30478,0.004339,172.31.40.0-255,66,188275,74,202436
30479,0.004361,172.217.194.0-255,2902,191177,74,202436
30480,0.004364,172.31.40.0-255,66,191243,74,202436
30481,0.004506,172.31.40.0-255,66,191309,74,202436
30482,0.004535,172.217.194.0-255,5020,196329,74,202436
30483,0.004538,172.31.40.0-255,66,196395,74,202436
30484,0.004609,172.217.194.0-255,5738,202133,74,202436
30485,0.004612,172.31.40.0-255,66,202199,74,202436
30486,0.004642,172.31.40.0-255,66,202265,74,202436
30487,0.004678,172.31.40.0-255,66,202331,74,202436
30488,0.00489,172.217.194.0-255,105,202436,74,202436
30489,0.0,74.125.200.0-255,153,153,74,109616
30490,1.7e-05,172.31.40.0-255,66,219,74,109616
30491,2.4e-05,74.125.200.0-255,1484,1703,74,109616
30492,2.8e-05,172.31.40.0-255,66,1769,74,109616
30493,3.4e-05,74.125.200.0-255,2902,4671,74,109616
30494,4.3e-05,172.31.40.0-255,66,4737,74,109616
30495,7.8e-05,74.125.200.0-255,2902,7639,74,109616
30496,8.1e-05,172.31.40.0-255,66,7705,74,109616
30497,8.7e-05,74.125.200.0-255,4320,12025,74,109616
30498,8.9e-05,172.31.40.0-255,66,12091,74,109616
30499,0.000114,74.125.200.0-255,4861,16952,74,109616
30500,0.000117,172.31.40.0-255,66,17018,74,109616
30501,0.000123,74.125.200.0-255,5738,22756,74,109616
30502,0.000125,172.31.40.0-255,66,22822,74,109616
30503,0.000148,74.125.200.0-255,1484,24306,74,109616
30504,0.000151,172.31.40.0-255,66,24372,74,109616
30505,0.000186,172.31.40.0-255,66,24438,74,109616
30506,0.000206,74.125.200.0-255,1484,25922,74,109616
30507,0.000208,172.31.40.0-255,66,25988,74,109616
30508,0.000211,74.125.200.0-255,1484,27472,74,109616
30509,0.000213,172.31.40.0-255,66,27538,74,109616
30510,0.000231,74.125.200.0-255,1484,29022,74,109616
30511,0.000232,172.31.40.0-255,66,29088,74,109616
30512,0.000238,74.125.200.0-255,4320,33408,74,109616
30513,0.00024,172.31.40.0-255,66,33474,74,109616
30514,0.00026,74.125.200.0-255,1484,34958,74,109616
30515,0.000262,172.31.40.0-255,66,35024,74,109616
30516,0.000266,74.125.200.0-255,2902,37926,74,109616
30517,0.000268,172.31.40.0-255,66,37992,74,109616
30518,0.00029,74.125.200.0-255,1484,39476,74,109616
30519,0.000292,172.31.40.0-255,66,39542,74,109616
30520,0.000313,74.125.200.0-255,2543,42085,74,109616
30521,0.000315,172.31.40.0-255,66,42151,74,109616
30522,0.000838,74.125.200.0-255,1484,43635,74,109616
30523,0.000854,74.125.200.0-255,2902,46537,74,109616
30524,0.000857,172.31.40.0-255,66,46603,74,109616
30525,0.000887,74.125.200.0-255,4320,50923,74,109616
30526,0.000889,172.31.40.0-255,66,50989,74,109616
30527,0.00092,74.125.200.0-255,5738,56727,74,109616
30528,0.000922,172.31.40.0-255,66,56793,74,109616
30529,0.000946,74.125.200.0-255,1484,58277,74,109616
30530,0.000949,74.125.200.0-255,1125,59402,74,109616
30531,0.00095,172.31.40.0-255,66,59468,74,109616
30532,0.000994,74.125.200.0-255,1484,60952,74,109616
30533,0.00101,74.125.200.0-255,2902,63854,74,109616
30534,0.001013,172.31.40.0-255,66,63920,74,109616
30535,0.001039,74.125.200.0-255,1484,65404,74,109616
30536,0.001045,74.125.200.0-255,5738,71142,74,109616
30537,0.001047,172.31.40.0-255,66,71208,74,109616
30538,0.00105,74.125.200.0-255,1484,72692,74,109616
30539,0.001075,74.125.200.0-255,5379,78071,74,109616
30540,0.001077,172.31.40.0-255,66,78137,74,109616
30541,0.001083,74.125.200.0-255,5738,83875,74,109616
30542,0.001085,172.31.40.0-255,66,83941,74,109616
30543,0.001102,74.125.200.0-255,1484,85425,74,109616
30544,0.001105,74.125.200.0-255,1484,86909,74,109616
30545,0.001107,172.31.40.0-255,66,86975,74,109616
30546,0.001141,172.31.40.0-255,66,87041,74,109616
30547,0.001178,74.125.200.0-255,645,87686,74,109616
30548,0.001789,172.31.40.0-255,66,87752,74,109616
30549,0.003049,74.125.200.0-255,4320,92072,74,109616
30550,0.003055,172.31.40.0-255,66,92138,74,109616
30551,0.003688,74.125.200.0-255,1484,93622,74,109616
30552,0.004975,74.125.200.0-255,4320,97942,74,109616
30553,0.004979,172.31.40.0-255,66,98008,74,109616
30554,0.006891,74.125.200.0-255,5738,103746,74,109616
30555,0.006897,172.31.40.0-255,66,103812,74,109616
30556,0.008806,74.125.200.0-255,5738,109550,74,109616
30557,0.008814,172.31.40.0-255,66,109616,74,109616
30558,0.0,172.217.194.0-255,153,153,74,127898
30559,2.3e-05,172.31.40.0-255,66,219,74,127898
30560,3e-05,172.217.194.0-255,1484,1703,74,127898
30561,3.4e-05,172.31.40.0-255,66,1769,74,127898
30562,4e-05,172.217.194.0-255,2902,4671,74,127898
30563,5.2e-05,172.31.40.0-255,66,4737,74,127898
30564,5.9e-05,172.217.194.0-255,5738,10475,74,127898
30565,6.1e-05,172.31.40.0-255,66,10541,74,127898
30566,8.7e-05,172.217.194.0-255,3320,13861,74,127898
30567,9.4e-05,172.31.40.0-255,66,13927,74,127898
30568,0.000176,172.217.194.0-255,1484,15411,74,127898
30569,0.00018,172.31.40.0-255,66,15477,74,127898
30570,0.000184,172.217.194.0-255,1484,16961,74,127898
30571,0.000186,172.31.40.0-255,66,17027,74,127898
30572,0.000211,172.217.194.0-255,1484,18511,74,127898
30573,0.000214,172.31.40.0-255,66,18577,74,127898
30574,0.000225,172.217.194.0-255,5738,24315,74,127898
30575,0.000228,172.31.40.0-255,66,24381,74,127898
30576,0.000231,172.217.194.0-255,1484,25865,74,127898
30577,0.000233,172.31.40.0-255,66,25931,74,127898
30578,0.000282,172.31.40.0-255,66,25997,74,127898
30579,0.000296,172.31.40.0-255,66,26063,74,127898
30580,0.000303,172.217.194.0-255,5738,31801,74,127898
30581,0.000306,172.31.40.0-255,66,31867,74,127898
30582,0.000349,172.31.40.0-255,66,31933,74,127898
30583,0.000352,172.217.194.0-255,677,32610,74,127898
30584,0.000354,172.31.40.0-255,66,32676,74,127898
30585,0.000468,172.217.194.0-255,1484,34160,74,127898
30586,0.000473,172.31.40.0-255,66,34226,74,127898
30587,0.000479,172.217.194.0-255,2902,37128,74,127898
30588,0.000481,172.31.40.0-255,66,37194,74,127898
30589,0.000486,172.217.194.0-255,2902,40096,74,127898
30590,0.000488,172.31.40.0-255,66,40162,74,127898
30591,0.000521,172.217.194.0-255,2902,43064,74,127898
30592,0.000524,172.31.40.0-255,66,43130,74,127898
30593,0.000543,172.31.40.0-255,66,43196,74,127898
30594,0.000557,172.31.40.0-255,66,43262,74,127898
30595,0.000655,172.217.194.0-255,1484,44746,74,127898
30596,0.000661,172.217.194.0-255,2902,47648,74,127898
30597,0.000664,172.31.40.0-255,66,47714,74,127898
30598,0.000686,172.217.194.0-255,2902,50616,74,127898
30599,0.00069,172.31.40.0-255,66,50682,74,127898
30600,0.000727,172.217.194.0-255,2902,53584,74,127898
30601,0.000731,172.31.40.0-255,66,53650,74,127898
30602,0.000735,172.217.194.0-255,2902,56552,74,127898
30603,0.000738,172.31.40.0-255,66,56618,74,127898
30604,0.000764,172.217.194.0-255,1484,58102,74,127898
30605,0.000783,172.31.40.0-255,66,58168,74,127898
30606,0.000787,172.217.194.0-255,1484,59652,74,127898
30607,0.000791,172.217.194.0-255,2902,62554,74,127898
30608,0.000793,172.31.40.0-255,66,62620,74,127898
30609,0.000819,172.217.194.0-255,3602,66222,74,127898
30610,0.000822,172.31.40.0-255,66,66288,74,127898
30611,0.000829,172.217.194.0-255,5738,72026,74,127898
30612,0.000831,172.31.40.0-255,66,72092,74,127898
30613,0.000872,172.217.194.0-255,1484,73576,74,127898
30614,0.000889,172.31.40.0-255,66,73642,74,127898
30615,0.000895,172.217.194.0-255,2902,76544,74,127898
30616,0.000898,172.31.40.0-255,66,76610,74,127898
30617,0.000931,172.31.40.0-255,66,76676,74,127898
30618,0.000986,172.217.194.0-255,1484,78160,74,127898
30619,0.00099,172.217.194.0-255,1484,79644,74,127898
30620,0.000993,172.31.40.0-255,66,79710,74,127898
30621,0.001023,172.217.194.0-255,1484,81194,74,127898
30622,0.00103,172.217.194.0-255,5738,86932,74,127898
30623,0.001032,172.31.40.0-255,66,86998,74,127898
30624,0.001071,172.31.40.0-255,66,87064,74,127898
30625,0.001101,172.217.194.0-255,4320,91384,74,127898
30626,0.001105,172.31.40.0-255,66,91450,74,127898
30627,0.001129,172.31.40.0-255,66,91516,74,127898
30628,0.00197,172.217.194.0-255,1484,93000,74,127898
30629,0.001975,172.217.194.0-255,1484,94484,74,127898
30630,0.001979,172.31.40.0-255,66,94550,74,127898
30631,0.002006,172.217.194.0-255,1484,96034,74,127898
30632,0.002027,172.217.194.0-255,4320,100354,74,127898
30633,0.00203,172.31.40.0-255,66,100420,74,127898
30634,0.002037,172.217.194.0-255,5738,106158,74,127898
30635,0.002039,172.31.40.0-255,66,106224,74,127898
30636,0.00205,172.217.194.0-255,4320,110544,74,127898
30637,0.002052,172.31.40.0-255,66,110610,74,127898
30638,0.002098,172.31.40.0-255,66,110676,74,127898
30639,0.002108,172.31.40.0-255,66,110742,74,127898
30640,0.00211,172.217.194.0-255,766,111508,74,127898
30641,0.002901,172.31.40.0-255,66,111574,74,127898
30642,0.004407,172.217.194.0-255,4320,115894,74,127898
30643,0.004414,172.31.40.0-255,66,115960,74,127898
30644,0.005195,172.217.194.0-255,1484,117444,74,127898
30645,0.006709,172.217.194.0-255,1484,118928,74,127898
30646,0.006713,172.31.40.0-255,66,118994,74,127898
30647,0.006737,172.217.194.0-255,2902,121896,74,127898
30648,0.00674,172.31.40.0-255,66,121962,74,127898
30649,0.009011,172.217.194.0-255,2902,124864,74,127898
30650,0.009018,172.31.40.0-255,66,124930,74,127898
30651,0.009053,172.217.194.0-255,2902,127832,74,127898
30652,0.009057,172.31.40.0-255,66,127898,74,127898
30653,0.0,74.125.130.0-255,291,291,74,116023
30654,1.1e-05,172.31.40.0-255,66,357,74,116023
30655,1.5e-05,74.125.130.0-255,1484,1841,74,116023
30656,1.9e-05,172.31.40.0-255,66,1907,74,116023
30657,3.5e-05,74.125.130.0-255,1484,3391,74,116023
30658,3.7e-05,172.31.40.0-255,66,3457,74,116023
30659,5.8e-05,74.125.130.0-255,2902,6359,74,116023
30660,6.1e-05,172.31.40.0-255,66,6425,74,116023
30661,9.7e-05,74.125.130.0-255,5738,12163,74,116023
30662,9.9e-05,172.31.40.0-255,66,12229,74,116023
30663,0.000188,74.125.130.0-255,4675,16904,74,116023
30664,0.000192,172.31.40.0-255,66,16970,74,116023
30665,0.000264,74.125.130.0-255,4320,21290,74,116023
30666,0.000267,172.31.40.0-255,66,21356,74,116023
30667,0.000283,74.125.130.0-255,1484,22840,74,116023
30668,0.000285,172.31.40.0-255,66,22906,74,116023
30669,0.000371,74.125.130.0-255,5738,28644,74,116023
30670,0.000375,172.31.40.0-255,66,28710,74,116023
30671,0.00039,74.125.130.0-255,2543,31253,74,116023
30672,0.000394,172.31.40.0-255,66,31319,74,116023
30673,0.000487,74.125.130.0-255,4320,35639,74,116023
30674,0.000494,172.31.40.0-255,66,35705,74,116023
30675,0.000511,74.125.130.0-255,4320,40025,74,116023
30676,0.000514,172.31.40.0-255,66,40091,74,116023
30677,0.000641,172.31.40.0-255,66,40157,74,116023
30678,0.000674,172.31.40.0-255,66,40223,74,116023
30679,0.000939,74.125.130.0-255,2902,43125,74,116023
30680,0.000943,172.31.40.0-255,66,43191,74,116023
30681,0.000964,74.125.130.0-255,2902,46093,74,116023
30682,0.000966,172.31.40.0-255,66,46159,74,116023
30683,0.001014,74.125.130.0-255,1108,47267,74,116023
30684,0.001017,172.31.40.0-255,66,47333,74,116023
30685,0.00102,74.125.130.0-255,365,47698,74,116023
30686,0.001022,172.31.40.0-255,66,47764,74,116023
30687,0.001056,172.31.40.0-255,66,47830,74,116023
30688,0.001078,74.125.130.0-255,2902,50732,74,116023
30689,0.00108,172.31.40.0-255,66,50798,74,116023
30690,0.001209,74.125.130.0-255,4320,55118,74,116023
30691,0.001213,172.31.40.0-255,66,55184,74,116023
30692,0.001249,172.31.40.0-255,66,55250,74,116023
30693,0.001555,74.125.130.0-255,2184,57434,74,116023
30694,0.00156,172.31.40.0-255,66,57500,74,116023
30695,0.0027,74.125.130.0-255,1484,58984,74,116023
30696,0.002708,172.31.40.0-255,66,59050,74,116023
30697,0.002713,74.125.130.0-255,1484,60534,74,116023
30698,0.002715,172.31.40.0-255,66,60600,74,116023
30699,0.002718,74.125.130.0-255,1484,62084,74,116023
30700,0.00272,172.31.40.0-255,66,62150,74,116023
30701,0.002739,74.125.130.0-255,2902,65052,74,116023
30702,0.002741,172.31.40.0-255,66,65118,74,116023
30703,0.002788,74.125.130.0-255,2902,68020,74,116023
30704,0.00279,172.31.40.0-255,66,68086,74,116023
30705,0.002809,74.125.130.0-255,2902,70988,74,116023
30706,0.002811,172.31.40.0-255,66,71054,74,116023
30707,0.002881,74.125.130.0-255,4320,75374,74,116023
30708,0.003068,74.125.130.0-255,2902,78276,74,116023
30709,0.003116,74.125.130.0-255,4320,82596,74,116023
30710,0.003128,74.125.130.0-255,2184,84780,74,116023
30711,0.003217,74.125.130.0-255,1484,86264,74,116023
30712,0.003242,74.125.130.0-255,4320,90584,74,116023
30713,0.00368,74.125.130.0-255,5020,95604,74,116023
30714,0.003762,74.125.130.0-255,5738,101342,74,116023
30715,0.004308,74.125.130.0-255,4320,105662,74,116023
30716,0.00488,74.125.130.0-255,5738,111400,74,116023
30717,0.006701,172.31.40.0-255,66,111466,74,116023
30718,0.006848,74.125.130.0-255,4320,115786,74,116023
30719,0.006862,172.31.40.0-255,66,115852,74,116023
30720,0.006921,172.31.40.0-255,66,115918,74,116023
30721,0.009055,172.31.40.0-255,105,116023,74,116023
30722,0.0,74.125.24.0-255,153,153,74,65510
30723,2.4e-05,172.31.40.0-255,66,219,74,65510
30724,3.1e-05,74.125.24.0-255,1484,1703,74,65510
30725,3.6e-05,172.31.40.0-255,66,1769,74,65510
30726,4.9e-05,74.125.24.0-255,2902,4671,74,65510
30727,5.2e-05,172.31.40.0-255,66,4737,74,65510
30728,6.5e-05,172.31.40.0-255,66,4803,74,65510
30729,6.9e-05,74.125.24.0-255,1999,6802,74,65510
30730,7.2e-05,172.31.40.0-255,66,6868,74,65510
30731,0.000183,74.125.24.0-255,1484,8352,74,65510
30732,0.000186,172.31.40.0-255,66,8418,74,65510
30733,0.00019,74.125.24.0-255,1484,9902,74,65510
30734,0.000193,172.31.40.0-255,66,9968,74,65510
30735,0.000222,74.125.24.0-255,1484,11452,74,65510
30736,0.000224,172.31.40.0-255,66,11518,74,65510
30737,0.000228,74.125.24.0-255,1484,13002,74,65510
30738,0.00023,172.31.40.0-255,66,13068,74,65510
30739,0.000235,74.125.24.0-255,2902,15970,74,65510
30740,0.000242,172.31.40.0-255,66,16036,74,65510
30741,0.000247,74.125.24.0-255,2902,18938,74,65510
30742,0.000249,172.31.40.0-255,66,19004,74,65510
30743,0.00028,74.125.24.0-255,2902,21906,74,65510
30744,0.000283,172.31.40.0-255,66,21972,74,65510
30745,0.000287,74.125.24.0-255,2543,24515,74,65510
30746,0.000289,172.31.40.0-255,66,24581,74,65510
30747,0.000434,74.125.24.0-255,1484,26065,74,65510
30748,0.000438,172.31.40.0-255,66,26131,74,65510
30749,0.000443,74.125.24.0-255,2902,29033,74,65510
30750,0.000445,172.31.40.0-255,66,29099,74,65510
30751,0.000476,74.125.24.0-255,4320,33419,74,65510
30752,0.000478,172.31.40.0-255,66,33485,74,65510
30753,0.000484,74.125.24.0-255,4320,37805,74,65510
30754,0.000486,172.31.40.0-255,66,37871,74,65510
30755,0.000505,74.125.24.0-255,1484,39355,74,65510
30756,0.000548,74.125.24.0-255,2902,42257,74,65510
30757,0.00055,172.31.40.0-255,66,42323,74,65510
30758,0.000582,172.31.40.0-255,66,42389,74,65510
30759,0.000592,172.31.40.0-255,66,42455,74,65510
30760,0.000627,74.125.24.0-255,1125,43580,74,65510
30761,0.001113,172.31.40.0-255,66,43646,74,65510
30762,0.002899,74.125.24.0-255,4320,47966,74,65510
30763,0.002906,172.31.40.0-255,66,48032,74,65510
30764,0.003413,74.125.24.0-255,1484,49516,74,65510
30765,0.005216,74.125.24.0-255,4320,53836,74,65510
30766,0.005223,172.31.40.0-255,66,53902,74,65510
30767,0.007572,74.125.24.0-255,5738,59640,74,65510
30768,0.007582,172.31.40.0-255,66,59706,74,65510
30769,0.009932,74.125.24.0-255,5738,65444,74,65510
30770,0.009951,172.31.40.0-255,66,65510,74,65510
30771,0.0,172.217.194.0-255,152,152,74,146624
30772,2.1e-05,172.31.40.0-255,66,218,74,146624
30773,2.9e-05,172.217.194.0-255,1484,1702,74,146624
30774,3.4e-05,172.31.40.0-255,66,1768,74,146624
30775,4e-05,172.217.194.0-255,2902,4670,74,146624
30776,4.4e-05,172.31.40.0-255,66,4736,74,146624
30777,5.6e-05,172.31.40.0-255,66,4802,74,146624
30778,8.4e-05,172.217.194.0-255,1938,6740,74,146624
30779,8.7e-05,172.31.40.0-255,66,6806,74,146624
30780,0.000133,172.217.194.0-255,2902,9708,74,146624
30781,0.000136,172.31.40.0-255,66,9774,74,146624
30782,0.000142,172.217.194.0-255,4320,14094,74,146624
30783,0.000145,172.31.40.0-255,66,14160,74,146624
30784,0.00017,172.31.40.0-255,66,14226,74,146624
30785,0.000173,172.217.194.0-255,1125,15351,74,146624
30786,0.000175,172.31.40.0-255,66,15417,74,146624
30787,0.000356,172.217.194.0-255,1484,16901,74,146624
30788,0.000359,172.31.40.0-255,66,16967,74,146624
30789,0.000365,172.217.194.0-255,2902,19869,74,146624
30790,0.000367,172.31.40.0-255,66,19935,74,146624
30791,0.00037,172.217.194.0-255,1484,21419,74,146624
30792,0.000373,172.31.40.0-255,66,21485,74,146624
30793,0.000391,172.217.194.0-255,4320,25805,74,146624
30794,0.000393,172.31.40.0-255,66,25871,74,146624
30795,0.000399,172.217.194.0-255,4320,30191,74,146624
30796,0.000401,172.31.40.0-255,66,30257,74,146624
30797,0.000426,172.217.194.0-255,2543,32800,74,146624
30798,0.000428,172.31.40.0-255,66,32866,74,146624
30799,0.000473,172.31.40.0-255,66,32932,74,146624
30800,0.000498,172.217.194.0-255,4274,37206,74,146624
30801,0.0005,172.31.40.0-255,66,37272,74,146624
30802,0.000683,172.217.194.0-255,364,37636,74,146624
30803,0.000899,172.217.194.0-255,1484,39120,74,146624
30804,0.000903,172.31.40.0-255,66,39186,74,146624
30805,0.000908,172.217.194.0-255,2902,42088,74,146624
30806,0.000911,172.31.40.0-255,66,42154,74,146624
30807,0.000933,172.217.194.0-255,5738,47892,74,146624
30808,0.000936,172.31.40.0-255,66,47958,74,146624
30809,0.000947,172.31.40.0-255,66,48024,74,146624
30810,0.000978,172.217.194.0-255,4320,52344,74,146624
30811,0.000981,172.31.40.0-255,66,52410,74,146624
30812,0.000994,172.31.40.0-255,66,52476,74,146624
30813,0.000997,172.217.194.0-255,766,53242,74,146624
30814,0.00111,172.217.194.0-255,1484,54726,74,146624
30815,0.001114,172.31.40.0-255,66,54792,74,146624
30816,0.001118,172.217.194.0-255,1484,56276,74,146624
30817,0.001138,172.217.194.0-255,1484,57760,74,146624
30818,0.001141,172.31.40.0-255,66,57826,74,146624
30819,0.001147,172.217.194.0-255,5738,63564,74,146624
30820,0.00115,172.31.40.0-255,66,63630,74,146624
30821,0.001161,172.217.194.0-255,1484,65114,74,146624
30822,0.001184,172.31.40.0-255,66,65180,74,146624
30823,0.001204,172.217.194.0-255,2902,68082,74,146624
30824,0.001206,172.31.40.0-255,66,68148,74,146624
30825,0.001238,172.31.40.0-255,66,68214,74,146624
30826,0.001253,172.217.194.0-255,2184,70398,74,146624
30827,0.001256,172.31.40.0-255,66,70464,74,146624
30828,0.001452,172.217.194.0-255,1484,71948,74,146624
30829,0.001459,172.217.194.0-255,2902,74850,74,146624
30830,0.001462,172.31.40.0-255,66,74916,74,146624
30831,0.00149,172.217.194.0-255,5738,80654,74,146624
30832,0.001493,172.31.40.0-255,66,80720,74,146624
30833,0.00153,172.217.194.0-255,1484,82204,74,146624
30834,0.001555,172.31.40.0-255,66,82270,74,146624
30835,0.001561,172.217.194.0-255,5738,88008,74,146624
30836,0.001564,172.31.40.0-255,66,88074,74,146624
30837,0.00157,172.217.194.0-255,5020,93094,74,146624
30838,0.001573,172.31.40.0-255,66,93160,74,146624
30839,0.00161,172.217.194.0-255,1484,94644,74,146624
30840,0.001627,172.217.194.0-255,2902,97546,74,146624
30841,0.00163,172.31.40.0-255,66,97612,74,146624
30842,0.001635,172.217.194.0-255,2902,100514,74,146624
30843,0.001637,172.31.40.0-255,66,100580,74,146624
30844,0.001652,172.217.194.0-255,2902,103482,74,146624
30845,0.001668,172.31.40.0-255,66,103548,74,146624
30846,0.001711,172.217.194.0-255,766,104314,74,146624
30847,0.001789,172.31.40.0-255,66,104380,74,146624
30848,0.001896,172.217.194.0-255,1484,105864,74,146624
30849,0.001902,172.217.194.0-255,2902,108766,74,146624
30850,0.00191,172.31.40.0-255,66,108832,74,146624
30851,0.001922,172.217.194.0-255,5738,114570,74,146624
30852,0.001929,172.217.194.0-255,4320,118890,74,146624
30853,0.001933,172.31.40.0-255,66,118956,74,146624
30854,0.001953,172.217.194.0-255,4320,123276,74,146624
30855,0.001966,172.31.40.0-255,66,123342,74,146624
30856,0.001991,172.217.194.0-255,5738,129080,74,146624
30857,0.001999,172.31.40.0-255,66,129146,74,146624
30858,0.002039,172.31.40.0-255,66,129212,74,146624
30859,0.004021,172.217.194.0-255,5738,134950,74,146624
30860,0.005553,172.31.40.0-255,66,135016,74,146624
30861,0.007579,172.217.194.0-255,5738,140754,74,146624
30862,0.007587,172.31.40.0-255,66,140820,74,146624
30863,0.009582,172.217.194.0-255,5738,146558,74,146624
30864,0.00959,172.31.40.0-255,66,146624,74,146624
30865,0.0,74.125.24.0-255,212,212,74,178636
30866,1.4e-05,172.31.40.0-255,66,278,74,178636
30867,2.1e-05,74.125.24.0-255,1484,1762,74,178636
30868,2.5e-05,172.31.40.0-255,66,1828,74,178636
30869,3.1e-05,74.125.24.0-255,4320,6148,74,178636
30870,3.5e-05,172.31.40.0-255,66,6214,74,178636
30871,5.5e-05,172.31.40.0-255,66,6280,74,178636
30872,6.5e-05,172.31.40.0-255,66,6346,74,178636
30873,0.000108,172.31.40.0-255,66,6412,74,178636
30874,0.000212,74.125.24.0-255,1484,7896,74,178636
30875,0.000216,172.31.40.0-255,66,7962,74,178636
30876,0.000222,74.125.24.0-255,2902,10864,74,178636
30877,0.000224,172.31.40.0-255,66,10930,74,178636
30878,0.000258,74.125.24.0-255,4320,15250,74,178636
30879,0.000261,172.31.40.0-255,66,15316,74,178636
30880,0.000264,74.125.24.0-255,1484,16800,74,178636
30881,0.000266,172.31.40.0-255,66,16866,74,178636
30882,0.000288,74.125.24.0-255,4320,21186,74,178636
30883,0.00029,172.31.40.0-255,66,21252,74,178636
30884,0.000338,74.125.24.0-255,5738,26990,74,178636
30885,0.000341,172.31.40.0-255,66,27056,74,178636
30886,0.000365,172.31.40.0-255,66,27122,74,178636
30887,0.000374,172.31.40.0-255,66,27188,74,178636
30888,0.000406,74.125.24.0-255,131,27319,74,178636
30889,0.000409,172.31.40.0-255,66,27385,74,178636
30890,0.000596,74.125.24.0-255,1484,28869,74,178636
30891,0.000602,172.31.40.0-255,66,28935,74,178636
30892,0.000607,74.125.24.0-255,2902,31837,74,178636
30893,0.000609,172.31.40.0-255,66,31903,74,178636
30894,0.000612,74.125.24.0-255,1484,33387,74,178636
30895,0.000634,74.125.24.0-255,4320,37707,74,178636
30896,0.000637,172.31.40.0-255,66,37773,74,178636
30897,0.000653,172.31.40.0-255,66,37839,74,178636
30898,0.000656,74.125.24.0-255,1484,39323,74,178636
30899,0.000707,74.125.24.0-255,2465,41788,74,178636
30900,0.000717,172.31.40.0-255,66,41854,74,178636
30901,0.000721,172.31.40.0-255,66,41920,74,178636
30902,0.000946,74.125.24.0-255,1484,43404,74,178636
30903,0.000951,74.125.24.0-255,1484,44888,74,178636
30904,0.000954,172.31.40.0-255,66,44954,74,178636
30905,0.000983,74.125.24.0-255,1484,46438,74,178636
30906,0.000989,74.125.24.0-255,5738,52176,74,178636
30907,0.000991,172.31.40.0-255,66,52242,74,178636
30908,0.000996,74.125.24.0-255,4320,56562,74,178636
30909,0.000999,172.31.40.0-255,66,56628,74,178636
30910,0.001039,172.31.40.0-255,66,56694,74,178636
30911,0.001048,172.31.40.0-255,66,56760,74,178636
30912,0.001103,74.125.24.0-255,766,57526,74,178636
30913,0.001181,74.125.24.0-255,1484,59010,74,178636
30914,0.001184,172.31.40.0-255,66,59076,74,178636
30915,0.001211,74.125.24.0-255,2902,61978,74,178636
30916,0.001213,172.31.40.0-255,66,62044,74,178636
30917,0.00122,74.125.24.0-255,5738,67782,74,178636
30918,0.001222,172.31.40.0-255,66,67848,74,178636
30919,0.001254,172.31.40.0-255,66,67914,74,178636
30920,0.001265,172.31.40.0-255,66,67980,74,178636
30921,0.001304,74.125.24.0-255,2184,70164,74,178636
30922,0.001307,172.31.40.0-255,66,70230,74,178636
30923,0.001436,74.125.24.0-255,1484,71714,74,178636
30924,0.00146,74.125.24.0-255,2902,74616,74,178636
30925,0.001463,172.31.40.0-255,66,74682,74,178636
30926,0.001468,74.125.24.0-255,2902,77584,74,178636
30927,0.001471,172.31.40.0-255,66,77650,74,178636
30928,0.001493,74.125.24.0-255,2902,80552,74,178636
30929,0.001495,172.31.40.0-255,66,80618,74,178636
30930,0.001512,172.31.40.0-255,66,80684,74,178636
30931,0.001541,74.125.24.0-255,2902,83586,74,178636
30932,0.001545,172.31.40.0-255,66,83652,74,178636
30933,0.001554,172.31.40.0-255,66,83718,74,178636
30934,0.001573,74.125.24.0-255,3602,87320,74,178636
30935,0.001576,172.31.40.0-255,66,87386,74,178636
30936,0.001602,74.125.24.0-255,4320,91706,74,178636
30937,0.001606,172.31.40.0-255,66,91772,74,178636
30938,0.001645,172.31.40.0-255,66,91838,74,178636
30939,0.001678,74.125.24.0-255,2902,94740,74,178636
30940,0.001681,172.31.40.0-255,66,94806,74,178636
30941,0.001686,74.125.24.0-255,4320,99126,74,178636
30942,0.001688,172.31.40.0-255,66,99192,74,178636
30943,0.001706,172.31.40.0-255,66,99258,74,178636
30944,0.001722,74.125.24.0-255,2902,102160,74,178636
30945,0.001724,172.31.40.0-255,66,102226,74,178636
30946,0.001749,74.125.24.0-255,5020,107246,74,178636
30947,0.001751,172.31.40.0-255,66,107312,74,178636
30948,0.001779,74.125.24.0-255,5738,113050,74,178636
30949,0.001782,172.31.40.0-255,66,113116,74,178636
30950,0.001808,74.125.24.0-255,2902,116018,74,178636
30951,0.00181,172.31.40.0-255,66,116084,74,178636
30952,0.001836,74.125.24.0-255,4320,120404,74,178636
30953,0.001839,172.31.40.0-255,66,120470,74,178636
30954,0.001868,74.125.24.0-255,4320,124790,74,178636
30955,0.00187,172.31.40.0-255,66,124856,74,178636
30956,0.001881,74.125.24.0-255,766,125622,74,178636
30957,0.001892,172.31.40.0-255,66,125688,74,178636
30958,0.001994,74.125.24.0-255,1484,127172,74,178636
30959,0.002009,74.125.24.0-255,2902,130074,74,178636
30960,0.002027,172.31.40.0-255,66,130140,74,178636
30961,0.002034,74.125.24.0-255,5738,135878,74,178636
30962,0.002037,74.125.24.0-255,2902,138780,74,178636
30963,0.00205,172.31.40.0-255,66,138846,74,178636
30964,0.002059,74.125.24.0-255,4320,143166,74,178636
30965,0.002098,172.31.40.0-255,66,143232,74,178636
30966,0.002108,172.31.40.0-255,66,143298,74,178636
30967,0.002122,74.125.24.0-255,766,144064,74,178636
30968,0.002186,74.125.24.0-255,1484,145548,74,178636
30969,0.002191,74.125.24.0-255,2902,148450,74,178636
30970,0.002198,172.31.40.0-255,66,148516,74,178636
30971,0.002228,74.125.24.0-255,5738,154254,74,178636
30972,0.002285,74.125.24.0-255,4320,158574,74,178636
30973,0.002311,172.31.40.0-255,66,158640,74,178636
30974,0.002337,74.125.24.0-255,3602,162242,74,178636
30975,0.002346,172.31.40.0-255,66,162308,74,178636
30976,0.002358,74.125.24.0-255,1484,163792,74,178636
30977,0.002393,74.125.24.0-255,5738,169530,74,178636
30978,0.002414,172.31.40.0-255,66,169596,74,178636
30979,0.002424,74.125.24.0-255,2902,172498,74,178636
30980,0.002444,172.31.40.0-255,66,172564,74,178636
30981,0.002469,74.125.24.0-255,5738,178302,74,178636
30982,0.002477,172.31.40.0-255,66,178368,74,178636
30983,0.002513,74.125.24.0-255,97,178465,74,178636
30984,0.002529,172.31.40.0-255,66,178531,74,178636
30985,0.002546,74.125.24.0-255,105,178636,74,178636
30986,0.0,74.125.200.0-255,146,146,74,125263
30987,3.8e-05,172.31.40.0-255,66,212,74,125263
30988,4.5e-05,74.125.200.0-255,1484,1696,74,125263
30989,4.9e-05,172.31.40.0-255,66,1762,74,125263
30990,5.4e-05,74.125.200.0-255,2902,4664,74,125263
30991,5.7e-05,172.31.40.0-255,66,4730,74,125263
30992,6.5e-05,74.125.200.0-255,5738,10468,74,125263
30993,6.8e-05,172.31.40.0-255,66,10534,74,125263
30994,7.2e-05,74.125.200.0-255,2902,13436,74,125263
30995,7.5e-05,172.31.40.0-255,66,13502,74,125263
30996,0.000108,74.125.200.0-255,699,14201,74,125263
30997,0.000111,172.31.40.0-255,66,14267,74,125263
30998,0.000129,74.125.200.0-255,1484,15751,74,125263
30999,0.000132,172.31.40.0-255,66,15817,74,125263
31000,0.000158,74.125.200.0-255,4320,20137,74,125263
31001,0.000161,172.31.40.0-255,66,20203,74,125263
31002,0.000193,172.31.40.0-255,66,20269,74,125263
31003,0.000212,74.125.200.0-255,1125,21394,74,125263
31004,0.000215,172.31.40.0-255,66,21460,74,125263
31005,0.000284,74.125.200.0-255,1484,22944,74,125263
31006,0.000288,172.31.40.0-255,66,23010,74,125263
31007,0.000291,74.125.200.0-255,1484,24494,74,125263
31008,0.000293,172.31.40.0-255,66,24560,74,125263
31009,0.000308,74.125.200.0-255,1484,26044,74,125263
31010,0.000311,172.31.40.0-255,66,26110,74,125263
31011,0.000317,74.125.200.0-255,5738,31848,74,125263
31012,0.000319,172.31.40.0-255,66,31914,74,125263
31013,0.000323,74.125.200.0-255,2902,34816,74,125263
31014,0.000326,172.31.40.0-255,66,34882,74,125263
31015,0.000331,74.125.200.0-255,3961,38843,74,125263
31016,0.000334,172.31.40.0-255,66,38909,74,125263
31017,0.000391,172.31.40.0-255,66,38975,74,125263
31018,0.000407,74.125.200.0-255,1484,40459,74,125263
31019,0.000438,172.31.40.0-255,66,40525,74,125263
31020,0.000474,74.125.200.0-255,326,40851,74,125263
31021,0.000937,172.31.40.0-255,66,40917,74,125263
31022,0.001022,74.125.200.0-255,1484,42401,74,125263
31023,0.001044,74.125.200.0-255,2902,45303,74,125263
31024,0.001048,172.31.40.0-255,66,45369,74,125263
31025,0.001079,74.125.200.0-255,4320,49689,74,125263
31026,0.001082,172.31.40.0-255,66,49755,74,125263
31027,0.001109,74.125.200.0-255,1484,51239,74,125263
31028,0.001124,172.31.40.0-255,66,51305,74,125263
31029,0.001144,172.31.40.0-255,66,51371,74,125263
31030,0.001168,74.125.200.0-255,3602,54973,74,125263
31031,0.001171,172.31.40.0-255,66,55039,74,125263
31032,0.001529,74.125.200.0-255,1484,56523,74,125263
31033,0.001548,74.125.200.0-255,2902,59425,74,125263
31034,0.001552,172.31.40.0-255,66,59491,74,125263
31035,0.001556,74.125.200.0-255,1484,60975,74,125263
31036,0.00158,74.125.200.0-255,4320,65295,74,125263
31037,0.001583,172.31.40.0-255,66,65361,74,125263
31038,0.001589,74.125.200.0-255,5738,71099,74,125263
31039,0.001591,172.31.40.0-255,66,71165,74,125263
31040,0.001619,172.31.40.0-255,66,71231,74,125263
31041,0.001645,74.125.200.0-255,5738,76969,74,125263
31042,0.001648,172.31.40.0-255,66,77035,74,125263
31043,0.001669,74.125.200.0-255,5020,82055,74,125263
31044,0.001673,172.31.40.0-255,66,82121,74,125263
31045,0.001763,74.125.200.0-255,1484,83605,74,125263
31046,0.001769,74.125.200.0-255,2902,86507,74,125263
31047,0.001773,172.31.40.0-255,66,86573,74,125263
31048,0.001791,74.125.200.0-255,1484,88057,74,125263
31049,0.001825,74.125.200.0-255,4320,92377,74,125263
31050,0.001828,172.31.40.0-255,66,92443,74,125263
31051,0.001837,172.31.40.0-255,66,92509,74,125263
31052,0.001858,172.31.40.0-255,66,92575,74,125263
31053,0.001885,74.125.200.0-255,4320,96895,74,125263
31054,0.001888,172.31.40.0-255,66,96961,74,125263
31055,0.00191,74.125.200.0-255,5020,101981,74,125263
31056,0.001913,172.31.40.0-255,66,102047,74,125263
31057,0.003827,74.125.200.0-255,5738,107785,74,125263
31058,0.003832,172.31.40.0-255,66,107851,74,125263
31059,0.005762,74.125.200.0-255,5738,113589,74,125263
31060,0.005768,172.31.40.0-255,66,113655,74,125263
31061,0.007698,74.125.200.0-255,5738,119393,74,125263
31062,0.007706,172.31.40.0-255,66,119459,74,125263
31063,0.009642,74.125.200.0-255,5738,125197,74,125263
31064,0.009649,172.31.40.0-255,66,125263,74,125263
31065,0.0,172.217.194.0-255,216,216,74,161304
31066,2.3e-05,172.31.40.0-255,66,282,74,161304
31067,3.1e-05,172.217.194.0-255,1484,1766,74,161304
31068,3.6e-05,172.31.40.0-255,66,1832,74,161304
31069,4.2e-05,172.217.194.0-255,4320,6152,74,161304
31070,5.2e-05,172.31.40.0-255,66,6218,74,161304
31071,5.5e-05,172.217.194.0-255,1484,7702,74,161304
31072,5.7e-05,172.31.40.0-255,66,7768,74,161304
31073,6.2e-05,172.217.194.0-255,2902,10670,74,161304
31074,6.4e-05,172.31.40.0-255,66,10736,74,161304
31075,7e-05,172.217.194.0-255,6077,16813,74,161304
31076,7.3e-05,172.31.40.0-255,66,16879,74,161304
31077,7.8e-05,172.217.194.0-255,4320,21199,74,161304
31078,8.1e-05,172.31.40.0-255,66,21265,74,161304
31079,0.000119,172.31.40.0-255,66,21331,74,161304
31080,0.000123,172.217.194.0-255,2543,23874,74,161304
31081,0.000126,172.31.40.0-255,66,23940,74,161304
31082,0.00013,172.217.194.0-255,2902,26842,74,161304
31083,0.000131,172.31.40.0-255,66,26908,74,161304
31084,0.000149,172.217.194.0-255,1484,28392,74,161304
31085,0.000151,172.31.40.0-255,66,28458,74,161304
31086,0.00018,172.217.194.0-255,5738,34196,74,161304
31087,0.000183,172.31.40.0-255,66,34262,74,161304
31088,0.000194,172.31.40.0-255,66,34328,74,161304
31089,0.000216,172.217.194.0-255,4320,38648,74,161304
31090,0.000218,172.31.40.0-255,66,38714,74,161304
31091,0.000228,172.31.40.0-255,66,38780,74,161304
31092,0.00023,172.217.194.0-255,339,39119,74,161304
31093,0.000232,172.31.40.0-255,66,39185,74,161304
31094,0.000262,172.217.194.0-255,403,39588,74,161304
31095,0.000598,172.217.194.0-255,1484,41072,74,161304
31096,0.000604,172.217.194.0-255,2902,43974,74,161304
31097,0.000616,172.31.40.0-255,66,44040,74,161304
31098,0.00062,172.31.40.0-255,66,44106,74,161304
31099,0.000626,172.217.194.0-255,5738,49844,74,161304
31100,0.000628,172.31.40.0-255,66,49910,74,161304
31101,0.000665,172.31.40.0-255,66,49976,74,161304
31102,0.000685,172.217.194.0-255,1484,51460,74,161304
31103,0.000688,172.217.194.0-255,1484,52944,74,161304
31104,0.00069,172.31.40.0-255,66,53010,74,161304
31105,0.000696,172.217.194.0-255,4320,57330,74,161304
31106,0.000699,172.31.40.0-255,66,57396,74,161304
31107,0.00073,172.217.194.0-255,5020,62416,74,161304
31108,0.000733,172.31.40.0-255,66,62482,74,161304
31109,0.001328,172.217.194.0-255,1484,63966,74,161304
31110,0.001335,172.217.194.0-255,2902,66868,74,161304
31111,0.001339,172.31.40.0-255,66,66934,74,161304
31112,0.001346,172.217.194.0-255,5738,72672,74,161304
31113,0.001348,172.31.40.0-255,66,72738,74,161304
31114,0.001377,172.217.194.0-255,5738,78476,74,161304
31115,0.00138,172.31.40.0-255,66,78542,74,161304
31116,0.001413,172.31.40.0-255,66,78608,74,161304
31117,0.001426,172.31.40.0-255,66,78674,74,161304
31118,0.001456,172.217.194.0-255,4320,82994,74,161304
31119,0.001459,172.31.40.0-255,66,83060,74,161304
31120,0.001465,172.217.194.0-255,5738,88798,74,161304
31121,0.001467,172.31.40.0-255,66,88864,74,161304
31122,0.00147,172.217.194.0-255,1484,90348,74,161304
31123,0.00151,172.31.40.0-255,66,90414,74,161304
31124,0.001524,172.31.40.0-255,66,90480,74,161304
31125,0.001594,172.217.194.0-255,1484,91964,74,161304
31126,0.0016,172.217.194.0-255,2902,94866,74,161304
31127,0.001603,172.31.40.0-255,66,94932,74,161304
31128,0.001611,172.217.194.0-255,5738,100670,74,161304
31129,0.001613,172.31.40.0-255,66,100736,74,161304
31130,0.001652,172.31.40.0-255,66,100802,74,161304
31131,0.00168,172.217.194.0-255,1484,102286,74,161304
31132,0.001693,172.31.40.0-255,66,102352,74,161304
31133,0.001696,172.217.194.0-255,766,103118,74,161304
31134,0.001775,172.217.194.0-255,1484,104602,74,161304
31135,0.001779,172.31.40.0-255,66,104668,74,161304
31136,0.001784,172.217.194.0-255,2902,107570,74,161304
31137,0.001786,172.31.40.0-255,66,107636,74,161304
31138,0.001809,172.217.194.0-255,5738,113374,74,161304
31139,0.001812,172.31.40.0-255,66,113440,74,161304
31140,0.00185,172.217.194.0-255,4320,117760,74,161304
31141,0.001853,172.31.40.0-255,66,117826,74,161304
31142,0.001884,172.217.194.0-255,5738,123564,74,161304
31143,0.001908,172.31.40.0-255,66,123630,74,161304
31144,0.00191,172.31.40.0-255,66,123696,74,161304
31145,0.001948,172.217.194.0-255,1484,125180,74,161304
31146,0.001952,172.217.194.0-255,2902,128082,74,161304
31147,0.001956,172.31.40.0-255,66,128148,74,161304
31148,0.001969,172.217.194.0-255,1484,129632,74,161304
31149,0.001985,172.217.194.0-255,4320,133952,74,161304
31150,0.001989,172.217.194.0-255,4320,138272,74,161304
31151,0.001992,172.31.40.0-255,66,138338,74,161304
31152,0.001995,172.31.40.0-255,66,138404,74,161304
31153,0.002034,172.31.40.0-255,66,138470,74,161304
31154,0.002043,172.31.40.0-255,66,138536,74,161304
31155,0.002069,172.217.194.0-255,1484,140020,74,161304
31156,0.002078,172.31.40.0-255,66,140086,74,161304
31157,0.002114,172.31.40.0-255,66,140152,74,161304
31158,0.00212,172.217.194.0-255,5738,145890,74,161304
31159,0.002122,172.31.40.0-255,66,145956,74,161304
31160,0.002155,172.31.40.0-255,66,146022,74,161304
31161,0.002171,172.217.194.0-255,4320,150342,74,161304
31162,0.002174,172.31.40.0-255,66,150408,74,161304
31163,0.00222,172.31.40.0-255,66,150474,74,161304
31164,0.002231,172.31.40.0-255,66,150540,74,161304
31165,0.002269,172.31.40.0-255,66,150606,74,161304
31166,0.002296,172.217.194.0-255,5020,155626,74,161304
31167,0.002298,172.31.40.0-255,66,155692,74,161304
31168,0.002317,172.31.40.0-255,66,155758,74,161304
31169,0.002347,172.217.194.0-255,5375,161133,74,161304
31170,0.00235,172.31.40.0-255,66,161199,74,161304
31171,0.002353,172.217.194.0-255,105,161304,74,161304
31172,0.0,172.217.27.0-255,152,152,74,69860
31173,1.4e-05,172.31.40.0-255,66,218,74,69860
31174,2.1e-05,172.217.27.0-255,1484,1702,74,69860
31175,2.5e-05,172.31.40.0-255,66,1768,74,69860
31176,3.1e-05,172.217.27.0-255,2902,4670,74,69860
31177,3.4e-05,172.31.40.0-255,66,4736,74,69860
31178,4e-05,172.217.27.0-255,5738,10474,74,69860
31179,4.5e-05,172.31.40.0-255,66,10540,74,69860
31180,6.8e-05,172.217.27.0-255,3418,13958,74,69860
31181,7.1e-05,172.31.40.0-255,66,14024,74,69860
31182,0.000943,172.217.27.0-255,1484,15508,74,69860
31183,0.00095,172.31.40.0-255,66,15574,74,69860
31184,0.000958,172.217.27.0-255,2902,18476,74,69860
31185,0.00096,172.31.40.0-255,66,18542,74,69860
31186,0.000967,172.217.27.0-255,5738,24280,74,69860
31187,0.000969,172.31.40.0-255,66,24346,74,69860
31188,0.001006,172.31.40.0-255,66,24412,74,69860
31189,0.001256,172.217.27.0-255,1484,25896,74,69860
31190,0.001262,172.31.40.0-255,66,25962,74,69860
31191,0.001267,172.217.27.0-255,1484,27446,74,69860
31192,0.001269,172.31.40.0-255,66,27512,74,69860
31193,0.00128,172.217.27.0-255,1484,28996,74,69860
31194,0.001282,172.31.40.0-255,66,29062,74,69860
31195,0.001287,172.217.27.0-255,2902,31964,74,69860
31196,0.00129,172.31.40.0-255,66,32030,74,69860
31197,0.00131,172.217.27.0-255,2902,34932,74,69860
31198,0.001312,172.31.40.0-255,66,34998,74,69860
31199,0.001322,172.31.40.0-255,66,35064,74,69860
31200,0.001326,172.217.27.0-255,2902,37966,74,69860
31201,0.001328,172.31.40.0-255,66,38032,74,69860
31202,0.001345,172.217.27.0-255,4320,42352,74,69860
31203,0.001351,172.217.27.0-255,4320,46672,74,69860
31204,0.001372,172.217.27.0-255,5710,52382,74,69860
31205,0.003296,172.31.40.0-255,66,52448,74,69860
31206,0.004948,172.217.27.0-255,5738,58186,74,69860
31207,0.004956,172.31.40.0-255,66,58252,74,69860
31208,0.006611,172.217.27.0-255,5738,63990,74,69860
31209,0.007366,172.31.40.0-255,66,64056,74,69860
31210,0.00903,172.217.27.0-255,5738,69794,74,69860
31211,0.009038,172.31.40.0-255,66,69860,74,69860
31212,0.0,74.125.24.0-255,146,146,74,132535
31213,2.3e-05,172.31.40.0-255,66,212,74,132535
31214,3e-05,74.125.24.0-255,1484,1696,74,132535
31215,3.5e-05,172.31.40.0-255,66,1762,74,132535
31216,4e-05,74.125.24.0-255,2902,4664,74,132535
31217,5.3e-05,172.31.40.0-255,66,4730,74,132535
31218,6.4e-05,172.31.40.0-255,66,4796,74,132535
31219,6.8e-05,74.125.24.0-255,2002,6798,74,132535
31220,7.1e-05,172.31.40.0-255,66,6864,74,132535
31221,0.000153,74.125.24.0-255,1484,8348,74,132535
31222,0.000156,172.31.40.0-255,66,8414,74,132535
31223,0.000159,74.125.24.0-255,1484,9898,74,132535
31224,0.000162,172.31.40.0-255,66,9964,74,132535
31225,0.000181,74.125.24.0-255,1484,11448,74,132535
31226,0.000183,172.31.40.0-255,66,11514,74,132535
31227,0.00019,74.125.24.0-255,5738,17252,74,132535
31228,0.000197,172.31.40.0-255,66,17318,74,132535
31229,0.000237,172.31.40.0-255,66,17384,74,132535
31230,0.000296,74.125.24.0-255,1484,18868,74,132535
31231,0.000299,172.31.40.0-255,66,18934,74,132535
31232,0.000324,74.125.24.0-255,2902,21836,74,132535
31233,0.000327,172.31.40.0-255,66,21902,74,132535
31234,0.000333,74.125.24.0-255,4320,26222,74,132535
31235,0.000335,172.31.40.0-255,66,26288,74,132535
31236,0.000375,74.125.24.0-255,5738,32026,74,132535
31237,0.000378,172.31.40.0-255,66,32092,74,132535
31238,0.000403,74.125.24.0-255,2543,34635,74,132535
31239,0.000405,172.31.40.0-255,66,34701,74,132535
31240,0.00073,74.125.24.0-255,1484,36185,74,132535
31241,0.000735,172.31.40.0-255,66,36251,74,132535
31242,0.000741,74.125.24.0-255,2902,39153,74,132535
31243,0.000743,172.31.40.0-255,66,39219,74,132535
31244,0.000747,74.125.24.0-255,1484,40703,74,132535
31245,0.00076,74.125.24.0-255,5738,46441,74,132535
31246,0.000762,172.31.40.0-255,66,46507,74,132535
31247,0.000789,74.125.24.0-255,5379,51886,74,132535
31248,0.000792,172.31.40.0-255,66,51952,74,132535
31249,0.000954,74.125.24.0-255,1484,53436,74,132535
31250,0.000966,74.125.24.0-255,2902,56338,74,132535
31251,0.00098,172.31.40.0-255,66,56404,74,132535
31252,0.000985,74.125.24.0-255,4320,60724,74,132535
31253,0.000987,172.31.40.0-255,66,60790,74,132535
31254,0.001005,74.125.24.0-255,2902,63692,74,132535
31255,0.001007,172.31.40.0-255,66,63758,74,132535
31256,0.001033,172.31.40.0-255,66,63824,74,132535
31257,0.001039,74.125.24.0-255,5738,69562,74,132535
31258,0.00104,172.31.40.0-255,66,69628,74,132535
31259,0.001071,74.125.24.0-255,5738,75366,74,132535
31260,0.001074,172.31.40.0-255,66,75432,74,132535
31261,0.001107,74.125.24.0-255,3961,79393,74,132535
31262,0.001109,172.31.40.0-255,66,79459,74,132535
31263,0.001872,74.125.24.0-255,1484,80943,74,132535
31264,0.001882,74.125.24.0-255,2902,83845,74,132535
31265,0.001887,172.31.40.0-255,66,83911,74,132535
31266,0.001895,74.125.24.0-255,5738,89649,74,132535
31267,0.001897,172.31.40.0-255,66,89715,74,132535
31268,0.001914,74.125.24.0-255,1484,91199,74,132535
31269,0.001941,74.125.24.0-255,5738,96937,74,132535
31270,0.001943,172.31.40.0-255,66,97003,74,132535
31271,0.001986,172.31.40.0-255,66,97069,74,132535
31272,0.001989,74.125.24.0-255,1484,98553,74,132535
31273,0.001992,74.125.24.0-255,766,99319,74,132535
31274,0.001994,172.31.40.0-255,66,99385,74,132535
31275,0.002158,74.125.24.0-255,1484,100869,74,132535
31276,0.002165,74.125.24.0-255,2902,103771,74,132535
31277,0.002168,172.31.40.0-255,66,103837,74,132535
31278,0.002173,74.125.24.0-255,2902,106739,74,132535
31279,0.002175,172.31.40.0-255,66,106805,74,132535
31280,0.002196,74.125.24.0-255,2902,109707,74,132535
31281,0.002199,172.31.40.0-255,66,109773,74,132535
31282,0.002202,74.125.24.0-255,1484,111257,74,132535
31283,0.002243,172.31.40.0-255,66,111323,74,132535
31284,0.002255,172.31.40.0-255,66,111389,74,132535
31285,0.00226,74.125.24.0-255,4320,115709,74,132535
31286,0.002262,172.31.40.0-255,66,115775,74,132535
31287,0.002291,74.125.24.0-255,766,116541,74,132535
31288,0.004544,74.125.24.0-255,4320,120861,74,132535
31289,0.004548,172.31.40.0-255,66,120927,74,132535
31290,0.006851,74.125.24.0-255,5738,126665,74,132535
31291,0.006858,172.31.40.0-255,66,126731,74,132535
31292,0.009133,74.125.24.0-255,5738,132469,74,132535
31293,0.00914,172.31.40.0-255,66,132535,74,132535
31294,0.0,172.217.194.0-255,152,152,74,140200
31295,2.4e-05,172.31.40.0-255,66,218,74,140200
31296,3.1e-05,172.217.194.0-255,1484,1702,74,140200
31297,3.7e-05,172.31.40.0-255,66,1768,74,140200
31298,5e-05,172.217.194.0-255,2902,4670,74,140200
31299,5.4e-05,172.31.40.0-255,66,4736,74,140200
31300,6.1e-05,172.217.194.0-255,5738,10474,74,140200
31301,6.4e-05,172.31.40.0-255,66,10540,74,140200
31302,0.0001,172.217.194.0-255,3454,13994,74,140200
31303,0.000103,172.31.40.0-255,66,14060,74,140200
31304,0.000131,172.217.194.0-255,4320,18380,74,140200
31305,0.000134,172.31.40.0-255,66,18446,74,140200
31306,0.00014,172.217.194.0-255,4320,22766,74,140200
31307,0.000143,172.31.40.0-255,66,22832,74,140200
31308,0.000171,172.217.194.0-255,1484,24316,74,140200
31309,0.000174,172.31.40.0-255,66,24382,74,140200
31310,0.000205,172.31.40.0-255,66,24448,74,140200
31311,0.000239,172.31.40.0-255,66,24514,74,140200
31312,0.000242,172.217.194.0-255,1484,25998,74,140200
31313,0.000244,172.31.40.0-255,66,26064,74,140200
31314,0.000285,172.31.40.0-255,66,26130,74,140200
31315,0.000436,172.217.194.0-255,1484,27614,74,140200
31316,0.000441,172.31.40.0-255,66,27680,74,140200
31317,0.000447,172.217.194.0-255,2902,30582,74,140200
31318,0.000449,172.31.40.0-255,66,30648,74,140200
31319,0.000456,172.217.194.0-255,5738,36386,74,140200
31320,0.000464,172.31.40.0-255,66,36452,74,140200
31321,0.000506,172.217.194.0-255,5738,42190,74,140200
31322,0.000509,172.31.40.0-255,66,42256,74,140200
31323,0.000536,172.217.194.0-255,1737,43993,74,140200
31324,0.000539,172.31.40.0-255,66,44059,74,140200
31325,0.000541,172.217.194.0-255,1484,45543,74,140200
31326,0.000566,172.217.194.0-255,2902,48445,74,140200
31327,0.000569,172.31.40.0-255,66,48511,74,140200
31328,0.000573,172.217.194.0-255,2902,51413,74,140200
31329,0.000575,172.31.40.0-255,66,51479,74,140200
31330,0.000594,172.217.194.0-255,2902,54381,74,140200
31331,0.000597,172.31.40.0-255,66,54447,74,140200
31332,0.000609,172.31.40.0-255,66,54513,74,140200
31333,0.000619,172.217.194.0-255,4320,58833,74,140200
31334,0.000621,172.31.40.0-255,66,58899,74,140200
31335,0.000645,172.217.194.0-255,2902,61801,74,140200
31336,0.000648,172.31.40.0-255,66,61867,74,140200
31337,0.000659,172.31.40.0-255,66,61933,74,140200
31338,0.00069,172.217.194.0-255,2543,64476,74,140200
31339,0.000693,172.31.40.0-255,66,64542,74,140200
31340,0.001076,172.217.194.0-255,1484,66026,74,140200
31341,0.001083,172.217.194.0-255,2902,68928,74,140200
31342,0.001087,172.31.40.0-255,66,68994,74,140200
31343,0.001094,172.217.194.0-255,5738,74732,74,140200
31344,0.001096,172.31.40.0-255,66,74798,74,140200
31345,0.001134,172.31.40.0-255,66,74864,74,140200
31346,0.001177,172.31.40.0-255,66,74930,74,140200
31347,0.001208,172.217.194.0-255,5020,79950,74,140200
31348,0.001211,172.31.40.0-255,66,80016,74,140200
31349,0.001936,172.217.194.0-255,1484,81500,74,140200
31350,0.001942,172.217.194.0-255,1484,82984,74,140200
31351,0.001946,172.31.40.0-255,66,83050,74,140200
31352,0.001974,172.217.194.0-255,1484,84534,74,140200
31353,0.001981,172.217.194.0-255,5738,90272,74,140200
31354,0.001983,172.31.40.0-255,66,90338,74,140200
31355,0.001989,172.217.194.0-255,4320,94658,74,140200
31356,0.001991,172.31.40.0-255,66,94724,74,140200
31357,0.002018,172.217.194.0-255,4320,99044,74,140200
31358,0.002021,172.31.40.0-255,66,99110,74,140200
31359,0.002066,172.31.40.0-255,66,99176,74,140200
31360,0.002069,172.31.40.0-255,66,99242,74,140200
31361,0.002252,172.217.194.0-255,1484,100726,74,140200
31362,0.002258,172.217.194.0-255,2902,103628,74,140200
31363,0.002261,172.31.40.0-255,66,103694,74,140200
31364,0.002295,172.217.194.0-255,5738,109432,74,140200
31365,0.002298,172.31.40.0-255,66,109498,74,140200
31366,0.002301,172.217.194.0-255,1484,110982,74,140200
31367,0.002368,172.31.40.0-255,66,111048,74,140200
31368,0.002375,172.217.194.0-255,5738,116786,74,140200
31369,0.002377,172.31.40.0-255,66,116852,74,140200
31370,0.002391,172.31.40.0-255,66,116918,74,140200
31371,0.002397,172.217.194.0-255,5738,122656,74,140200
31372,0.002399,172.31.40.0-255,66,122722,74,140200
31373,0.004785,172.217.194.0-255,5738,128460,74,140200
31374,0.004792,172.31.40.0-255,66,128526,74,140200
31375,0.007156,172.217.194.0-255,5738,134264,74,140200
31376,0.007161,172.31.40.0-255,66,134330,74,140200
31377,0.009559,172.217.194.0-255,4320,138650,74,140200
31378,0.009566,172.31.40.0-255,66,138716,74,140200
31379,0.009591,172.217.194.0-255,1484,140200,74,140200
31380,0.0,172.217.194.0-255,156,156,74,136681
31381,2.2e-05,172.31.40.0-255,66,222,74,136681
31382,2.9e-05,172.217.194.0-255,1484,1706,74,136681
31383,3.3e-05,172.31.40.0-255,66,1772,74,136681
31384,3.8e-05,172.217.194.0-255,2902,4674,74,136681
31385,5e-05,172.31.40.0-255,66,4740,74,136681
31386,6.1e-05,172.31.40.0-255,66,4806,74,136681
31387,0.000104,172.31.40.0-255,66,4872,74,136681
31388,0.000108,172.217.194.0-255,2543,7415,74,136681
31389,0.00011,172.31.40.0-255,66,7481,74,136681
31390,0.000143,172.217.194.0-255,2902,10383,74,136681
31391,0.000145,172.31.40.0-255,66,10449,74,136681
31392,0.000149,172.217.194.0-255,2902,13351,74,136681
31393,0.000151,172.31.40.0-255,66,13417,74,136681
31394,0.000174,172.217.194.0-255,4320,17737,74,136681
31395,0.000176,172.31.40.0-255,66,17803,74,136681
31396,0.000185,172.31.40.0-255,66,17869,74,136681
31397,0.000224,172.217.194.0-255,5738,23607,74,136681
31398,0.000226,172.31.40.0-255,66,23673,74,136681
31399,0.000261,172.31.40.0-255,66,23739,74,136681
31400,0.000263,172.217.194.0-255,365,24104,74,136681
31401,0.000265,172.31.40.0-255,66,24170,74,136681
31402,0.000329,172.217.194.0-255,1484,25654,74,136681
31403,0.000332,172.31.40.0-255,66,25720,74,136681
31404,0.000336,172.217.194.0-255,2902,28622,74,136681
31405,0.000338,172.31.40.0-255,66,28688,74,136681
31406,0.00037,172.217.194.0-255,5738,34426,74,136681
31407,0.000372,172.31.40.0-255,66,34492,74,136681
31408,0.000382,172.31.40.0-255,66,34558,74,136681
31409,0.000406,172.217.194.0-255,1995,36553,74,136681
31410,0.000408,172.31.40.0-255,66,36619,74,136681
31411,0.000419,172.217.194.0-255,1484,38103,74,136681
31412,0.000444,172.31.40.0-255,66,38169,74,136681
31413,0.000584,172.217.194.0-255,1484,39653,74,136681
31414,0.000589,172.217.194.0-255,2902,42555,74,136681
31415,0.000593,172.31.40.0-255,66,42621,74,136681
31416,0.000632,172.217.194.0-255,5738,48359,74,136681
31417,0.000635,172.31.40.0-255,66,48425,74,136681
31418,0.000644,172.31.40.0-255,66,48491,74,136681
31419,0.000679,172.31.40.0-255,66,48557,74,136681
31420,0.000689,172.217.194.0-255,1484,50041,74,136681
31421,0.000697,172.217.194.0-255,2184,52225,74,136681
31422,0.000698,172.31.40.0-255,66,52291,74,136681
31423,0.000878,172.217.194.0-255,1484,53775,74,136681
31424,0.000896,172.217.194.0-255,2902,56677,74,136681
31425,0.000899,172.31.40.0-255,66,56743,74,136681
31426,0.000905,172.217.194.0-255,5738,62481,74,136681
31427,0.000907,172.31.40.0-255,66,62547,74,136681
31428,0.00095,172.217.194.0-255,1484,64031,74,136681
31429,0.000955,172.217.194.0-255,2902,66933,74,136681
31430,0.000957,172.31.40.0-255,66,66999,74,136681
31431,0.000981,172.217.194.0-255,2902,69901,74,136681
31432,0.000983,172.31.40.0-255,66,69967,74,136681
31433,0.001006,172.217.194.0-255,3961,73928,74,136681
31434,0.001008,172.31.40.0-255,66,73994,74,136681
31435,0.001016,172.31.40.0-255,66,74060,74,136681
31436,0.001089,172.31.40.0-255,66,74126,74,136681
31437,0.001097,172.31.40.0-255,66,74192,74,136681
31438,0.001189,172.217.194.0-255,1484,75676,74,136681
31439,0.001204,172.217.194.0-255,2902,78578,74,136681
31440,0.001207,172.31.40.0-255,66,78644,74,136681
31441,0.001236,172.217.194.0-255,5738,84382,74,136681
31442,0.001239,172.31.40.0-255,66,84448,74,136681
31443,0.001244,172.217.194.0-255,4320,88768,74,136681
31444,0.001246,172.31.40.0-255,66,88834,74,136681
31445,0.001284,172.31.40.0-255,66,88900,74,136681
31446,0.001289,172.217.194.0-255,4320,93220,74,136681
31447,0.001291,172.31.40.0-255,66,93286,74,136681
31448,0.001329,172.31.40.0-255,66,93352,74,136681
31449,0.001517,172.217.194.0-255,1484,94836,74,136681
31450,0.001548,172.217.194.0-255,2902,97738,74,136681
31451,0.001551,172.31.40.0-255,66,97804,74,136681
31452,0.001557,172.217.194.0-255,5738,103542,74,136681
31453,0.001559,172.31.40.0-255,66,103608,74,136681
31454,0.001562,172.217.194.0-255,1484,105092,74,136681
31455,0.001599,172.217.194.0-255,5738,110830,74,136681
31456,0.001602,172.31.40.0-255,66,110896,74,136681
31457,0.001604,172.31.40.0-255,66,110962,74,136681
31458,0.001627,172.217.194.0-255,5020,115982,74,136681
31459,0.001629,172.31.40.0-255,66,116048,74,136681
31460,0.001661,172.217.194.0-255,1484,117532,74,136681
31461,0.001666,172.217.194.0-255,2902,120434,74,136681
31462,0.001668,172.31.40.0-255,66,120500,74,136681
31463,0.001674,172.217.194.0-255,5738,126238,74,136681
31464,0.001675,172.31.40.0-255,66,126304,74,136681
31465,0.001715,172.31.40.0-255,66,126370,74,136681
31466,0.001737,172.217.194.0-255,2902,129272,74,136681
31467,0.00174,172.31.40.0-255,66,129338,74,136681
31468,0.001751,172.31.40.0-255,66,129404,74,136681
31469,0.001784,172.217.194.0-255,2184,131588,74,136681
31470,0.001786,172.31.40.0-255,66,131654,74,136681
31471,0.001802,172.31.40.0-255,66,131720,74,136681
31472,0.001811,172.31.40.0-255,66,131786,74,136681
31473,0.001907,172.31.40.0-255,66,131852,74,136681
31474,0.001925,172.217.194.0-255,4320,136172,74,136681
31475,0.001958,172.217.194.0-255,105,136277,74,136681
31476,0.001968,172.31.40.0-255,66,136343,74,136681
31477,0.002557,172.31.40.0-255,101,136444,74,136681
31478,0.003874,172.31.40.0-255,105,136549,74,136681
31479,0.00476,172.217.194.0-255,66,136615,74,136681
31480,0.006093,172.217.194.0-255,66,136681,74,136681
31481,0.0,74.125.130.0-255,152,152,74,121548
31482,1.5e-05,172.31.40.0-255,66,218,74,121548
31483,2.2e-05,74.125.130.0-255,1484,1702,74,121548
31484,2.6e-05,172.31.40.0-255,66,1768,74,121548
31485,2.8e-05,74.125.130.0-255,1484,3252,74,121548
31486,3.3e-05,172.31.40.0-255,66,3318,74,121548
31487,3.9e-05,74.125.130.0-255,2902,6220,74,121548
31488,4.2e-05,172.31.40.0-255,66,6286,74,121548
31489,7.9e-05,74.125.130.0-255,1484,7770,74,121548
31490,8.1e-05,172.31.40.0-255,66,7836,74,121548
31491,8.7e-05,74.125.130.0-255,2902,10738,74,121548
31492,9e-05,172.31.40.0-255,66,10804,74,121548
31493,0.000128,74.125.130.0-255,2902,13706,74,121548
31494,0.000131,172.31.40.0-255,66,13772,74,121548
31495,0.000151,74.125.130.0-255,3520,17292,74,121548
31496,0.000153,172.31.40.0-255,66,17358,74,121548
31497,0.000199,74.125.130.0-255,2902,20260,74,121548
31498,0.000201,172.31.40.0-255,66,20326,74,121548
31499,0.000222,74.125.130.0-255,4320,24646,74,121548
31500,0.000225,172.31.40.0-255,66,24712,74,121548
31501,0.000227,74.125.130.0-255,1484,26196,74,121548
31502,0.000229,172.31.40.0-255,66,26262,74,121548
31503,0.00025,74.125.130.0-255,5379,31641,74,121548
31504,0.000252,172.31.40.0-255,66,31707,74,121548
31505,0.000444,74.125.130.0-255,1484,33191,74,121548
31506,0.000448,172.31.40.0-255,66,33257,74,121548
31507,0.000454,74.125.130.0-255,2902,36159,74,121548
31508,0.000457,172.31.40.0-255,66,36225,74,121548
31509,0.000463,74.125.130.0-255,5738,41963,74,121548
31510,0.000466,172.31.40.0-255,66,42029,74,121548
31511,0.000481,74.125.130.0-255,2902,44931,74,121548
31512,0.000484,172.31.40.0-255,66,44997,74,121548
31513,0.000503,74.125.130.0-255,3961,48958,74,121548
31514,0.000518,172.31.40.0-255,66,49024,74,121548
31515,0.000539,74.125.130.0-255,4320,53344,74,121548
31516,0.000557,74.125.130.0-255,5667,59011,74,121548
31517,0.000564,172.31.40.0-255,66,59077,74,121548
31518,0.00066,74.125.130.0-255,367,59444,74,121548
31519,0.000801,74.125.130.0-255,1484,60928,74,121548
31520,0.000819,74.125.130.0-255,2902,63830,74,121548
31521,0.000824,74.125.130.0-255,2902,66732,74,121548
31522,0.000844,74.125.130.0-255,2902,69634,74,121548
31523,0.00085,74.125.130.0-255,5738,75372,74,121548
31524,0.0009,172.31.40.0-255,66,75438,74,121548
31525,0.00094,172.31.40.0-255,66,75504,74,121548
31526,0.001775,74.125.130.0-255,1484,76988,74,121548
31527,0.001785,74.125.130.0-255,2902,79890,74,121548
31528,0.00179,172.31.40.0-255,66,79956,74,121548
31529,0.001794,74.125.130.0-255,1484,81440,74,121548
31530,0.001812,74.125.130.0-255,2902,84342,74,121548
31531,0.001834,74.125.130.0-255,5738,90080,74,121548
31532,0.001846,74.125.130.0-255,1484,91564,74,121548
31533,0.001886,74.125.130.0-255,2902,94466,74,121548
31534,0.001902,74.125.130.0-255,2902,97368,74,121548
31535,0.001905,74.125.130.0-255,1484,98852,74,121548
31536,0.001918,74.125.130.0-255,2902,101754,74,121548
31537,0.002007,74.125.130.0-255,1484,103238,74,121548
31538,0.002012,74.125.130.0-255,2902,106140,74,121548
31539,0.002017,74.125.130.0-255,3602,109742,74,121548
31540,0.003201,172.31.40.0-255,66,109808,74,121548
31541,0.005482,74.125.130.0-255,5738,115546,74,121548
31542,0.005487,172.31.40.0-255,66,115612,74,121548
31543,0.00775,74.125.130.0-255,2902,118514,74,121548
31544,0.007757,172.31.40.0-255,66,118580,74,121548
31545,0.007778,74.125.130.0-255,2902,121482,74,121548
31546,0.00791,172.31.40.0-255,66,121548,74,121548
