,TIME,SRC,PACKET_SIZE,CUMULATIVE_PACKET_SIZE,PAGE_NUMBER,TOTAL_PACKET_SIZE
0,0.0,74.125.130.0-255,153,153,9,395811
1,3.2e-05,172.31.36.0-255,66,219,9,395811
2,4e-05,74.125.130.0-255,1484,1703,9,395811
3,4.5e-05,172.31.36.0-255,66,1769,9,395811
4,5.5e-05,74.125.130.0-255,1484,3253,9,395811
5,5.8e-05,172.31.36.0-255,66,3319,9,395811
6,6.4e-05,74.125.130.0-255,2902,6221,9,395811
7,6.7e-05,172.31.36.0-255,66,6287,9,395811
8,9.4e-05,74.125.130.0-255,2902,9189,9,395811
9,9.7e-05,172.31.36.0-255,66,9255,9,395811
10,0.000123,74.125.130.0-255,2902,12157,9,395811
11,0.000126,172.31.36.0-255,66,12223,9,395811
12,0.000153,74.125.130.0-255,2029,14252,9,395811
13,0.000157,172.31.36.0-255,66,14318,9,395811
14,0.000402,74.125.130.0-255,1484,15802,9,395811
15,0.000408,172.31.36.0-255,66,15868,9,395811
16,0.000415,74.125.130.0-255,2902,18770,9,395811
17,0.000417,172.31.36.0-255,66,18836,9,395811
18,0.000459,74.125.130.0-255,1484,20320,9,395811
19,0.000463,172.31.36.0-255,66,20386,9,395811
20,0.000487,74.125.130.0-255,4320,24706,9,395811
21,0.000491,172.31.36.0-255,66,24772,9,395811
22,0.000495,74.125.130.0-255,2902,27674,9,395811
23,0.000497,172.31.36.0-255,66,27740,9,395811
24,0.000502,74.125.130.0-255,3961,31701,9,395811
25,0.000504,172.31.36.0-255,66,31767,9,395811
26,0.000535,74.125.130.0-255,1484,33251,9,395811
27,0.000538,172.31.36.0-255,66,33317,9,395811
28,0.000543,74.125.130.0-255,2902,36219,9,395811
29,0.000545,172.31.36.0-255,66,36285,9,395811
30,0.000571,74.125.130.0-255,5738,42023,9,395811
31,0.000575,172.31.36.0-255,66,42089,9,395811
32,0.000602,74.125.130.0-255,4320,46409,9,395811
33,0.000605,172.31.36.0-255,66,46475,9,395811
34,0.00063,74.125.130.0-255,5738,52213,9,395811
35,0.000634,172.31.36.0-255,66,52279,9,395811
36,0.000679,172.31.36.0-255,66,52345,9,395811
37,0.000705,74.125.130.0-255,2184,54529,9,395811
38,0.000708,172.31.36.0-255,66,54595,9,395811
39,0.000746,74.125.130.0-255,378,54973,9,395811
40,0.000759,74.125.130.0-255,99,55072,9,395811
41,0.00084,74.125.130.0-255,1484,56556,9,395811
42,0.000845,172.31.36.0-255,66,56622,9,395811
43,0.00085,74.125.130.0-255,1484,58106,9,395811
44,0.000874,74.125.130.0-255,1484,59590,9,395811
45,0.000877,172.31.36.0-255,66,59656,9,395811
46,0.000884,74.125.130.0-255,5738,65394,9,395811
47,0.000887,172.31.36.0-255,66,65460,9,395811
48,0.000899,74.125.130.0-255,5738,71198,9,395811
49,0.000902,172.31.36.0-255,66,71264,9,395811
50,0.000947,74.125.130.0-255,4320,75584,9,395811
51,0.000951,172.31.36.0-255,66,75650,9,395811
52,0.000976,74.125.130.0-255,1484,77134,9,395811
53,0.000984,74.125.130.0-255,7156,84290,9,395811
54,0.000989,172.31.36.0-255,66,84356,9,395811
55,0.001011,74.125.130.0-255,5020,89376,9,395811
56,0.001014,172.31.36.0-255,66,89442,9,395811
57,0.001017,74.125.130.0-255,363,89805,9,395811
58,0.001179,172.31.36.0-255,66,89871,9,395811
59,0.001481,74.125.130.0-255,1484,91355,9,395811
60,0.001492,74.125.130.0-255,2902,94257,9,395811
61,0.001495,172.31.36.0-255,66,94323,9,395811
62,0.001499,74.125.130.0-255,1484,95807,9,395811
63,0.001522,74.125.130.0-255,4320,100127,9,395811
64,0.001525,172.31.36.0-255,66,100193,9,395811
65,0.00153,74.125.130.0-255,4320,104513,9,395811
66,0.001532,172.31.36.0-255,66,104579,9,395811
67,0.001555,74.125.130.0-255,2902,107481,9,395811
68,0.001557,172.31.36.0-255,66,107547,9,395811
69,0.001562,74.125.130.0-255,4320,111867,9,395811
70,0.001564,172.31.36.0-255,66,111933,9,395811
71,0.001567,74.125.130.0-255,1484,113417,9,395811
72,0.0016,74.125.130.0-255,4320,117737,9,395811
73,0.001604,172.31.36.0-255,66,117803,9,395811
74,0.001608,74.125.130.0-255,2902,120705,9,395811
75,0.00161,172.31.36.0-255,66,120771,9,395811
76,0.001626,74.125.130.0-255,3602,124373,9,395811
77,0.001629,172.31.36.0-255,66,124439,9,395811
78,0.003721,74.125.130.0-255,1484,125923,9,395811
79,0.00374,74.125.130.0-255,4320,130243,9,395811
80,0.003743,172.31.36.0-255,66,130309,9,395811
81,0.005851,74.125.130.0-255,1484,131793,9,395811
82,0.005863,74.125.130.0-255,4320,136113,9,395811
83,0.005865,172.31.36.0-255,66,136179,9,395811
84,0.007987,74.125.130.0-255,5738,141917,9,395811
85,0.007995,172.31.36.0-255,66,141983,9,395811
86,0.01011,74.125.130.0-255,5738,147721,9,395811
87,0.010119,172.31.36.0-255,66,147787,9,395811
88,0.012235,74.125.130.0-255,5738,153525,9,395811
89,0.012246,172.31.36.0-255,66,153591,9,395811
90,0.014347,74.125.130.0-255,5738,159329,9,395811
91,0.014353,172.31.36.0-255,66,159395,9,395811
92,0.016474,74.125.130.0-255,5738,165133,9,395811
93,0.016482,172.31.36.0-255,66,165199,9,395811
94,0.018591,74.125.130.0-255,5738,170937,9,395811
95,0.0186,172.31.36.0-255,66,171003,9,395811
96,0.0207,74.125.130.0-255,1484,172487,9,395811
97,0.020722,74.125.130.0-255,4320,176807,9,395811
98,0.020727,172.31.36.0-255,66,176873,9,395811
99,0.022851,74.125.130.0-255,5738,182611,9,395811
100,0.022857,172.31.36.0-255,66,182677,9,395811
101,0.024979,74.125.130.0-255,5738,188415,9,395811
102,0.024985,172.31.36.0-255,66,188481,9,395811
103,0.02713,74.125.130.0-255,5738,194219,9,395811
104,0.027137,172.31.36.0-255,66,194285,9,395811
105,0.029253,74.125.130.0-255,5738,200023,9,395811
106,0.029261,172.31.36.0-255,66,200089,9,395811
107,0.031373,74.125.130.0-255,5738,205827,9,395811
108,0.031381,172.31.36.0-255,66,205893,9,395811
109,0.033501,74.125.130.0-255,5738,211631,9,395811
110,0.033509,172.31.36.0-255,66,211697,9,395811
111,0.034884,172.31.36.0-255,172,211869,9,395811
112,0.034945,172.31.36.0-255,1117,212986,9,395811
113,0.035053,172.31.36.0-255,1514,214500,9,395811
114,0.035056,172.31.36.0-255,1514,216014,9,395811
115,0.035061,172.31.36.0-255,1514,217528,9,395811
116,0.035062,172.31.36.0-255,105,217633,9,395811
117,0.035618,74.125.130.0-255,5738,223371,9,395811
118,0.035625,172.31.36.0-255,66,223437,9,395811
119,0.036435,104.244.42.0-255,66,223503,9,395811
120,0.036479,104.244.42.0-255,66,223569,9,395811
121,0.036636,104.244.42.0-255,66,223635,9,395811
122,0.036643,104.244.42.0-255,66,223701,9,395811
123,0.037742,74.125.130.0-255,4320,228021,9,395811
124,0.037747,172.31.36.0-255,66,228087,9,395811
125,0.037779,74.125.130.0-255,1484,229571,9,395811
126,0.039877,74.125.130.0-255,4320,233891,9,395811
127,0.039883,172.31.36.0-255,66,233957,9,395811
128,0.042022,74.125.130.0-255,5738,239695,9,395811
129,0.04203,172.31.36.0-255,66,239761,9,395811
130,0.044153,74.125.130.0-255,4320,244081,9,395811
131,0.044159,172.31.36.0-255,66,244147,9,395811
132,0.044202,74.125.130.0-255,1484,245631,9,395811
133,0.046281,74.125.130.0-255,4320,249951,9,395811
134,0.046287,172.31.36.0-255,66,250017,9,395811
135,0.048404,74.125.130.0-255,5738,255755,9,395811
136,0.048409,172.31.36.0-255,66,255821,9,395811
137,0.050527,74.125.130.0-255,5738,261559,9,395811
138,0.050534,172.31.36.0-255,66,261625,9,395811
139,0.052648,74.125.130.0-255,5738,267363,9,395811
140,0.052654,172.31.36.0-255,66,267429,9,395811
141,0.054777,74.125.130.0-255,5738,273167,9,395811
142,0.054783,172.31.36.0-255,66,273233,9,395811
143,0.056897,74.125.130.0-255,5738,278971,9,395811
144,0.056904,172.31.36.0-255,66,279037,9,395811
145,0.059015,74.125.130.0-255,5738,284775,9,395811
146,0.059021,172.31.36.0-255,66,284841,9,395811
147,0.061133,74.125.130.0-255,5738,290579,9,395811
148,0.061138,172.31.36.0-255,66,290645,9,395811
149,0.063247,74.125.130.0-255,2902,293547,9,395811
150,0.063253,172.31.36.0-255,66,293613,9,395811
151,0.063289,74.125.130.0-255,2902,296515,9,395811
152,0.063292,172.31.36.0-255,66,296581,9,395811
153,0.065384,74.125.130.0-255,2902,299483,9,395811
154,0.065389,172.31.36.0-255,66,299549,9,395811
155,0.065429,74.125.130.0-255,2902,302451,9,395811
156,0.065433,172.31.36.0-255,66,302517,9,395811
157,0.067502,74.125.130.0-255,2902,305419,9,395811
158,0.067507,172.31.36.0-255,66,305485,9,395811
159,0.067543,74.125.130.0-255,2902,308387,9,395811
160,0.067546,172.31.36.0-255,66,308453,9,395811
161,0.069623,74.125.130.0-255,2902,311355,9,395811
162,0.069628,172.31.36.0-255,66,311421,9,395811
163,0.069668,74.125.130.0-255,2902,314323,9,395811
164,0.069671,172.31.36.0-255,66,314389,9,395811
165,0.071734,74.125.130.0-255,2902,317291,9,395811
166,0.07174,172.31.36.0-255,66,317357,9,395811
167,0.071778,74.125.130.0-255,2902,320259,9,395811
168,0.071782,172.31.36.0-255,66,320325,9,395811
169,0.073849,74.125.130.0-255,2902,323227,9,395811
170,0.073856,172.31.36.0-255,66,323293,9,395811
171,0.073889,74.125.130.0-255,2902,326195,9,395811
172,0.073892,172.31.36.0-255,66,326261,9,395811
173,0.075959,74.125.130.0-255,2902,329163,9,395811
174,0.075965,172.31.36.0-255,66,329229,9,395811
175,0.075998,74.125.130.0-255,2902,332131,9,395811
176,0.076001,172.31.36.0-255,66,332197,9,395811
177,0.07808,74.125.130.0-255,2902,335099,9,395811
178,0.078086,172.31.36.0-255,66,335165,9,395811
179,0.078122,74.125.130.0-255,2902,338067,9,395811
180,0.078125,172.31.36.0-255,66,338133,9,395811
181,0.080192,74.125.130.0-255,2902,341035,9,395811
182,0.080198,172.31.36.0-255,66,341101,9,395811
183,0.080236,74.125.130.0-255,2902,344003,9,395811
184,0.080239,172.31.36.0-255,66,344069,9,395811
185,0.082321,74.125.130.0-255,2902,346971,9,395811
186,0.082326,172.31.36.0-255,66,347037,9,395811
187,0.082359,74.125.130.0-255,2902,349939,9,395811
188,0.082362,172.31.36.0-255,66,350005,9,395811
189,0.084422,74.125.130.0-255,2902,352907,9,395811
190,0.084444,172.31.36.0-255,66,352973,9,395811
191,0.084458,74.125.130.0-255,2902,355875,9,395811
192,0.084466,172.31.36.0-255,66,355941,9,395811
193,0.086549,74.125.130.0-255,2902,358843,9,395811
194,0.086555,172.31.36.0-255,66,358909,9,395811
195,0.086589,74.125.130.0-255,2902,361811,9,395811
196,0.086592,172.31.36.0-255,66,361877,9,395811
197,0.08866,74.125.130.0-255,2902,364779,9,395811
198,0.088665,172.31.36.0-255,66,364845,9,395811
199,0.088699,74.125.130.0-255,2902,367747,9,395811
200,0.088703,172.31.36.0-255,66,367813,9,395811
201,0.090782,74.125.130.0-255,2902,370715,9,395811
202,0.090789,172.31.36.0-255,66,370781,9,395811
203,0.090817,74.125.130.0-255,2902,373683,9,395811
204,0.090821,172.31.36.0-255,66,373749,9,395811
205,0.092902,74.125.130.0-255,2902,376651,9,395811
206,0.092908,172.31.36.0-255,66,376717,9,395811
207,0.092943,74.125.130.0-255,2902,379619,9,395811
208,0.092946,172.31.36.0-255,66,379685,9,395811
209,0.095027,74.125.130.0-255,1484,381169,9,395811
210,0.095049,74.125.130.0-255,4320,385489,9,395811
211,0.095053,172.31.36.0-255,66,385555,9,395811
212,0.097233,74.125.130.0-255,4320,389875,9,395811
213,0.097239,172.31.36.0-255,66,389941,9,395811
214,0.09727,74.125.130.0-255,1484,391425,9,395811
215,0.09934,74.125.130.0-255,4320,395745,9,395811
216,0.099345,172.31.36.0-255,66,395811,9,395811
217,0.0,74.125.24.0-255,145,145,9,252489
218,2.6e-05,172.31.36.0-255,66,211,9,252489
219,3.4e-05,74.125.24.0-255,1484,1695,9,252489
220,3.9e-05,172.31.36.0-255,66,1761,9,252489
221,4.4e-05,74.125.24.0-255,2902,4663,9,252489
222,4.7e-05,172.31.36.0-255,66,4729,9,252489
223,5.2e-05,74.125.24.0-255,4320,9049,9,252489
224,5.5e-05,172.31.36.0-255,66,9115,9,252489
225,7.3e-05,74.125.24.0-255,2902,12017,9,252489
226,7.6e-05,172.31.36.0-255,66,12083,9,252489
227,8.3e-05,74.125.24.0-255,4893,16976,9,252489
228,8.7e-05,172.31.36.0-255,66,17042,9,252489
229,0.00012,172.31.36.0-255,66,17108,9,252489
230,0.000169,74.125.24.0-255,1484,18592,9,252489
231,0.000173,172.31.36.0-255,66,18658,9,252489
232,0.000178,74.125.24.0-255,2902,21560,9,252489
233,0.000181,172.31.36.0-255,66,21626,9,252489
234,0.000186,74.125.24.0-255,2902,24528,9,252489
235,0.000191,172.31.36.0-255,66,24594,9,252489
236,0.000211,74.125.24.0-255,2902,27496,9,252489
237,0.000215,172.31.36.0-255,66,27562,9,252489
238,0.000227,172.31.36.0-255,66,27628,9,252489
239,0.000243,74.125.24.0-255,4320,31948,9,252489
240,0.000245,172.31.36.0-255,66,32014,9,252489
241,0.000252,74.125.24.0-255,7156,39170,9,252489
242,0.000254,172.31.36.0-255,66,39236,9,252489
243,0.000278,74.125.24.0-255,3602,42838,9,252489
244,0.000281,172.31.36.0-255,66,42904,9,252489
245,0.000284,74.125.24.0-255,396,43300,9,252489
246,0.000286,172.31.36.0-255,66,43366,9,252489
247,0.00031,74.125.24.0-255,380,43746,9,252489
248,0.000391,74.125.24.0-255,1484,45230,9,252489
249,0.000398,74.125.24.0-255,2902,48132,9,252489
250,0.000404,74.125.24.0-255,5738,53870,9,252489
251,0.000404,172.31.36.0-255,66,53936,9,252489
252,0.00041,172.31.36.0-255,66,54002,9,252489
253,0.000446,74.125.24.0-255,6797,60799,9,252489
254,0.000461,172.31.36.0-255,66,60865,9,252489
255,0.000519,74.125.24.0-255,1484,62349,9,252489
256,0.000527,74.125.24.0-255,2902,65251,9,252489
257,0.000533,74.125.24.0-255,5738,70989,9,252489
258,0.000534,172.31.36.0-255,66,71055,9,252489
259,0.00054,172.31.36.0-255,66,71121,9,252489
260,0.000586,74.125.24.0-255,5738,76859,9,252489
261,0.000599,172.31.36.0-255,66,76925,9,252489
262,0.000607,74.125.24.0-255,1125,78050,9,252489
263,0.001074,74.125.24.0-255,1484,79534,9,252489
264,0.001081,172.31.36.0-255,66,79600,9,252489
265,0.001087,74.125.24.0-255,2902,82502,9,252489
266,0.001093,74.125.24.0-255,5738,88240,9,252489
267,0.001097,74.125.24.0-255,2902,91142,9,252489
268,0.001103,172.31.36.0-255,66,91208,9,252489
269,0.001118,74.125.24.0-255,4320,95528,9,252489
270,0.00112,172.31.36.0-255,66,95594,9,252489
271,0.001135,74.125.24.0-255,2902,98496,9,252489
272,0.001147,172.31.36.0-255,66,98562,9,252489
273,0.001167,74.125.24.0-255,2184,100746,9,252489
274,0.001171,172.31.36.0-255,66,100812,9,252489
275,0.001202,74.125.24.0-255,1484,102296,9,252489
276,0.001207,74.125.24.0-255,2902,105198,9,252489
277,0.00121,74.125.24.0-255,1484,106682,9,252489
278,0.001218,172.31.36.0-255,66,106748,9,252489
279,0.001236,74.125.24.0-255,4320,111068,9,252489
280,0.001243,74.125.24.0-255,5738,116806,9,252489
281,0.001246,172.31.36.0-255,66,116872,9,252489
282,0.001251,172.31.36.0-255,66,116938,9,252489
283,0.001264,74.125.24.0-255,7156,124094,9,252489
284,0.001277,172.31.36.0-255,66,124160,9,252489
285,0.001281,172.31.36.0-255,66,124226,9,252489
286,0.001293,74.125.24.0-255,766,124992,9,252489
287,0.001313,74.125.24.0-255,1484,126476,9,252489
288,0.001318,172.31.36.0-255,66,126542,9,252489
289,0.001361,74.125.24.0-255,2902,129444,9,252489
290,0.001365,172.31.36.0-255,66,129510,9,252489
291,0.00139,74.125.24.0-255,1484,130994,9,252489
292,0.001409,172.31.36.0-255,66,131060,9,252489
293,0.001416,172.31.36.0-255,66,131126,9,252489
294,0.001433,172.31.36.0-255,66,131192,9,252489
295,0.001435,74.125.24.0-255,2184,133376,9,252489
296,0.001448,172.31.36.0-255,66,133442,9,252489
297,0.001467,74.125.24.0-255,5738,139180,9,252489
298,0.001474,172.31.36.0-255,66,139246,9,252489
299,0.001519,172.31.36.0-255,66,139312,9,252489
300,0.001524,172.31.36.0-255,66,139378,9,252489
301,0.001578,74.125.24.0-255,3602,142980,9,252489
302,0.001582,172.31.36.0-255,66,143046,9,252489
303,0.001704,74.125.24.0-255,1484,144530,9,252489
304,0.00171,74.125.24.0-255,2902,147432,9,252489
305,0.001713,74.125.24.0-255,1484,148916,9,252489
306,0.001719,172.31.36.0-255,66,148982,9,252489
307,0.001741,74.125.24.0-255,4320,153302,9,252489
308,0.001747,172.31.36.0-255,66,153368,9,252489
309,0.001756,74.125.24.0-255,1484,154852,9,252489
310,0.00176,172.31.36.0-255,66,154918,9,252489
311,0.001777,74.125.24.0-255,7156,162074,9,252489
312,0.00179,172.31.36.0-255,66,162140,9,252489
313,0.001802,74.125.24.0-255,2184,164324,9,252489
314,0.001813,172.31.36.0-255,66,164390,9,252489
315,0.001843,74.125.24.0-255,2902,167292,9,252489
316,0.001847,74.125.24.0-255,1484,168776,9,252489
317,0.001849,172.31.36.0-255,66,168842,9,252489
318,0.001875,74.125.24.0-255,2902,171744,9,252489
319,0.00189,172.31.36.0-255,66,171810,9,252489
320,0.001911,74.125.24.0-255,2902,174712,9,252489
321,0.001925,172.31.36.0-255,66,174778,9,252489
322,0.001953,172.31.36.0-255,66,174844,9,252489
323,0.002006,74.125.24.0-255,1484,176328,9,252489
324,0.00201,74.125.24.0-255,1484,177812,9,252489
325,0.002016,172.31.36.0-255,66,177878,9,252489
326,0.002027,74.125.24.0-255,1484,179362,9,252489
327,0.002033,74.125.24.0-255,5738,185100,9,252489
328,0.002037,172.31.36.0-255,66,185166,9,252489
329,0.002074,172.31.36.0-255,66,185232,9,252489
330,0.002107,74.125.24.0-255,2902,188134,9,252489
331,0.002111,172.31.36.0-255,66,188200,9,252489
332,0.002133,74.125.24.0-255,5738,193938,9,252489
333,0.002137,74.125.24.0-255,2184,196122,9,252489
334,0.002144,172.31.36.0-255,66,196188,9,252489
335,0.004156,74.125.24.0-255,5738,201926,9,252489
336,0.004161,172.31.36.0-255,66,201992,9,252489
337,0.006209,74.125.24.0-255,5738,207730,9,252489
338,0.006215,172.31.36.0-255,66,207796,9,252489
339,0.008263,74.125.24.0-255,5738,213534,9,252489
340,0.008269,172.31.36.0-255,66,213600,9,252489
341,0.010313,74.125.24.0-255,5738,219338,9,252489
342,0.01032,172.31.36.0-255,66,219404,9,252489
343,0.012356,74.125.24.0-255,5738,225142,9,252489
344,0.012363,172.31.36.0-255,66,225208,9,252489
345,0.01441,74.125.24.0-255,5738,230946,9,252489
346,0.014417,172.31.36.0-255,66,231012,9,252489
347,0.016453,74.125.24.0-255,5738,236750,9,252489
348,0.016461,172.31.36.0-255,66,236816,9,252489
349,0.018499,74.125.24.0-255,5738,242554,9,252489
350,0.018508,172.31.36.0-255,66,242620,9,252489
351,0.020535,74.125.24.0-255,602,243222,9,252489
352,0.027916,172.31.36.0-255,66,243288,9,252489
353,0.027977,172.31.36.0-255,105,243393,9,252489
354,0.029996,74.125.24.0-255,66,243459,9,252489
355,0.030857,172.31.36.0-255,172,243631,9,252489
356,0.030894,172.31.36.0-255,1117,244748,9,252489
357,0.030961,172.31.36.0-255,1514,246262,9,252489
358,0.030963,172.31.36.0-255,1514,247776,9,252489
359,0.030969,172.31.36.0-255,1514,249290,9,252489
360,0.03097,172.31.36.0-255,1514,250804,9,252489
361,0.03099,172.31.36.0-255,1487,252291,9,252489
362,0.032334,104.244.42.0-255,66,252357,9,252489
363,0.032362,104.244.42.0-255,66,252423,9,252489
364,0.032476,104.244.42.0-255,66,252489,9,252489
365,0.0,74.125.68.0-255,150,150,9,344151
366,3.4e-05,172.31.36.0-255,66,216,9,344151
367,4.1e-05,74.125.68.0-255,1484,1700,9,344151
368,4.5e-05,172.31.36.0-255,66,1766,9,344151
369,6.3e-05,74.125.68.0-255,2902,4668,9,344151
370,6.5e-05,172.31.36.0-255,66,4734,9,344151
371,7e-05,74.125.68.0-255,4320,9054,9,344151
372,7.4e-05,172.31.36.0-255,66,9120,9,344151
373,0.00012,74.125.68.0-255,4822,13942,9,344151
374,0.000124,172.31.36.0-255,66,14008,9,344151
375,0.000472,74.125.68.0-255,1484,15492,9,344151
376,0.000477,172.31.36.0-255,66,15558,9,344151
377,0.000486,74.125.68.0-255,2902,18460,9,344151
378,0.000488,172.31.36.0-255,66,18526,9,344151
379,0.000514,74.125.68.0-255,4320,22846,9,344151
380,0.000516,172.31.36.0-255,66,22912,9,344151
381,0.000528,74.125.68.0-255,1484,24396,9,344151
382,0.00053,172.31.36.0-255,66,24462,9,344151
383,0.000535,74.125.68.0-255,4320,28782,9,344151
384,0.000537,172.31.36.0-255,66,28848,9,344151
385,0.000565,74.125.68.0-255,2543,31391,9,344151
386,0.000568,172.31.36.0-255,66,31457,9,344151
387,0.000574,74.125.68.0-255,2902,34359,9,344151
388,0.000575,172.31.36.0-255,66,34425,9,344151
389,0.000581,74.125.68.0-255,4320,38745,9,344151
390,0.000584,172.31.36.0-255,66,38811,9,344151
391,0.00061,74.125.68.0-255,4320,43131,9,344151
392,0.000613,172.31.36.0-255,66,43197,9,344151
393,0.000634,74.125.68.0-255,4320,47517,9,344151
394,0.000638,172.31.36.0-255,66,47583,9,344151
395,0.000668,74.125.68.0-255,5738,53321,9,344151
396,0.000672,172.31.36.0-255,66,53387,9,344151
397,0.000688,74.125.68.0-255,1484,54871,9,344151
398,0.000696,74.125.68.0-255,5738,60609,9,344151
399,0.000699,172.31.36.0-255,66,60675,9,344151
400,0.000719,74.125.68.0-255,2902,63577,9,344151
401,0.000722,172.31.36.0-255,66,63643,9,344151
402,0.000726,74.125.68.0-255,2184,65827,9,344151
403,0.000728,172.31.36.0-255,66,65893,9,344151
404,0.000769,74.125.68.0-255,364,66257,9,344151
405,0.000773,74.125.68.0-255,130,66387,9,344151
406,0.000865,74.125.68.0-255,1484,67871,9,344151
407,0.00087,172.31.36.0-255,66,67937,9,344151
408,0.000876,74.125.68.0-255,2902,70839,9,344151
409,0.000878,172.31.36.0-255,66,70905,9,344151
410,0.000903,74.125.68.0-255,5738,76643,9,344151
411,0.000906,172.31.36.0-255,66,76709,9,344151
412,0.000942,74.125.68.0-255,4320,81029,9,344151
413,0.000945,172.31.36.0-255,66,81095,9,344151
414,0.000959,74.125.68.0-255,2902,83997,9,344151
415,0.000964,172.31.36.0-255,66,84063,9,344151
416,0.000976,172.31.36.0-255,66,84129,9,344151
417,0.000986,172.31.36.0-255,66,84195,9,344151
418,0.000988,74.125.68.0-255,347,84542,9,344151
419,0.00124,74.125.68.0-255,1484,86026,9,344151
420,0.001243,172.31.36.0-255,66,86092,9,344151
421,0.00126,74.125.68.0-255,1484,87576,9,344151
422,0.001279,74.125.68.0-255,2902,90478,9,344151
423,0.001281,172.31.36.0-255,66,90544,9,344151
424,0.001296,74.125.68.0-255,2902,93446,9,344151
425,0.001298,172.31.36.0-255,66,93512,9,344151
426,0.001315,74.125.68.0-255,2902,96414,9,344151
427,0.001317,172.31.36.0-255,66,96480,9,344151
428,0.001321,74.125.68.0-255,1484,97964,9,344151
429,0.001325,74.125.68.0-255,2902,100866,9,344151
430,0.001327,172.31.36.0-255,66,100932,9,344151
431,0.001344,74.125.68.0-255,5738,106670,9,344151
432,0.001347,172.31.36.0-255,66,106736,9,344151
433,0.001361,74.125.68.0-255,1484,108220,9,344151
434,0.001379,74.125.68.0-255,2902,111122,9,344151
435,0.001381,172.31.36.0-255,66,111188,9,344151
436,0.001401,74.125.68.0-255,5738,116926,9,344151
437,0.001403,172.31.36.0-255,66,116992,9,344151
438,0.001422,74.125.68.0-255,2184,119176,9,344151
439,0.001424,172.31.36.0-255,66,119242,9,344151
440,0.001548,74.125.68.0-255,1484,120726,9,344151
441,0.001561,74.125.68.0-255,1484,122210,9,344151
442,0.001563,172.31.36.0-255,66,122276,9,344151
443,0.001566,74.125.68.0-255,1484,123760,9,344151
444,0.00158,74.125.68.0-255,1484,125244,9,344151
445,0.001582,172.31.36.0-255,66,125310,9,344151
446,0.001592,74.125.68.0-255,1484,126794,9,344151
447,0.00161,74.125.68.0-255,4320,131114,9,344151
448,0.001612,172.31.36.0-255,66,131180,9,344151
449,0.001637,172.31.36.0-255,66,131246,9,344151
450,0.001699,172.31.36.0-255,66,131312,9,344151
451,0.001862,74.125.68.0-255,1484,132796,9,344151
452,0.001876,74.125.68.0-255,2902,135698,9,344151
453,0.001878,172.31.36.0-255,66,135764,9,344151
454,0.001922,74.125.68.0-255,2902,138666,9,344151
455,0.001924,172.31.36.0-255,66,138732,9,344151
456,0.001963,74.125.68.0-255,4320,143052,9,344151
457,0.001965,172.31.36.0-255,66,143118,9,344151
458,0.001986,74.125.68.0-255,1484,144602,9,344151
459,0.001988,74.125.68.0-255,1484,146086,9,344151
460,0.00199,172.31.36.0-255,66,146152,9,344151
461,0.002008,74.125.68.0-255,1484,147636,9,344151
462,0.002012,74.125.68.0-255,1484,149120,9,344151
463,0.002014,172.31.36.0-255,66,149186,9,344151
464,0.002035,74.125.68.0-255,4320,153506,9,344151
465,0.002038,172.31.36.0-255,66,153572,9,344151
466,0.002041,74.125.68.0-255,2902,156474,9,344151
467,0.002043,172.31.36.0-255,66,156540,9,344151
468,0.002079,74.125.68.0-255,2902,159442,9,344151
469,0.002081,172.31.36.0-255,66,159508,9,344151
470,0.002118,74.125.68.0-255,6438,165946,9,344151
471,0.002121,172.31.36.0-255,66,166012,9,344151
472,0.002231,74.125.68.0-255,1484,167496,9,344151
473,0.002237,74.125.68.0-255,1484,168980,9,344151
474,0.002241,172.31.36.0-255,66,169046,9,344151
475,0.002256,74.125.68.0-255,1484,170530,9,344151
476,0.002263,74.125.68.0-255,5738,176268,9,344151
477,0.002266,172.31.36.0-255,66,176334,9,344151
478,0.002284,74.125.68.0-255,5738,182072,9,344151
479,0.002287,172.31.36.0-255,66,182138,9,344151
480,0.002312,74.125.68.0-255,7156,189294,9,344151
481,0.002315,172.31.36.0-255,66,189360,9,344151
482,0.002343,172.31.36.0-255,66,189426,9,344151
483,0.002374,74.125.68.0-255,4320,193746,9,344151
484,0.002378,172.31.36.0-255,66,193812,9,344151
485,0.002402,74.125.68.0-255,6438,200250,9,344151
486,0.002405,172.31.36.0-255,66,200316,9,344151
487,0.002416,74.125.68.0-255,4320,204636,9,344151
488,0.002419,172.31.36.0-255,66,204702,9,344151
489,0.002434,74.125.68.0-255,2902,207604,9,344151
490,0.002437,172.31.36.0-255,66,207670,9,344151
491,0.002467,172.31.36.0-255,66,207736,9,344151
492,0.002471,74.125.68.0-255,2184,209920,9,344151
493,0.002473,172.31.36.0-255,66,209986,9,344151
494,0.002535,172.31.36.0-255,66,210052,9,344151
495,0.002549,172.31.36.0-255,66,210118,9,344151
496,0.002555,74.125.68.0-255,4320,214438,9,344151
497,0.002557,172.31.36.0-255,66,214504,9,344151
498,0.002579,74.125.68.0-255,2902,217406,9,344151
499,0.002582,172.31.36.0-255,66,217472,9,344151
500,0.002597,74.125.68.0-255,3602,221074,9,344151
501,0.0026,172.31.36.0-255,66,221140,9,344151
502,0.005123,74.125.68.0-255,1484,222624,9,344151
503,0.005145,74.125.68.0-255,4320,226944,9,344151
504,0.005149,172.31.36.0-255,66,227010,9,344151
505,0.007712,74.125.68.0-255,5738,232748,9,344151
506,0.00772,172.31.36.0-255,66,232814,9,344151
507,0.010273,74.125.68.0-255,5738,238552,9,344151
508,0.010282,172.31.36.0-255,66,238618,9,344151
509,0.012836,74.125.68.0-255,5738,244356,9,344151
510,0.012844,172.31.36.0-255,66,244422,9,344151
511,0.015399,74.125.68.0-255,5738,250160,9,344151
512,0.015406,172.31.36.0-255,66,250226,9,344151
513,0.017965,74.125.68.0-255,5738,255964,9,344151
514,0.017972,172.31.36.0-255,66,256030,9,344151
515,0.020534,74.125.68.0-255,5738,261768,9,344151
516,0.020546,172.31.36.0-255,66,261834,9,344151
517,0.023109,74.125.68.0-255,5738,267572,9,344151
518,0.023121,172.31.36.0-255,66,267638,9,344151
519,0.025681,74.125.68.0-255,5738,273376,9,344151
520,0.025692,172.31.36.0-255,66,273442,9,344151
521,0.026613,172.31.36.0-255,172,273614,9,344151
522,0.026642,172.31.36.0-255,1116,274730,9,344151
523,0.026682,172.31.36.0-255,1514,276244,9,344151
524,0.026684,172.31.36.0-255,1514,277758,9,344151
525,0.026685,172.31.36.0-255,1514,279272,9,344151
526,0.026686,172.31.36.0-255,359,279631,9,344151
527,0.02817,104.244.42.0-255,66,279697,9,344151
528,0.028209,104.244.42.0-255,66,279763,9,344151
529,0.028232,74.125.68.0-255,4320,284083,9,344151
530,0.028238,172.31.36.0-255,66,284149,9,344151
531,0.028268,104.244.42.0-255,66,284215,9,344151
532,0.028273,104.244.42.0-255,66,284281,9,344151
533,0.028278,74.125.68.0-255,1484,285765,9,344151
534,0.030788,74.125.68.0-255,4320,290085,9,344151
535,0.030794,172.31.36.0-255,66,290151,9,344151
536,0.033335,74.125.68.0-255,5738,295889,9,344151
537,0.033341,172.31.36.0-255,66,295955,9,344151
538,0.035915,74.125.68.0-255,5738,301693,9,344151
539,0.035921,172.31.36.0-255,66,301759,9,344151
540,0.03847,74.125.68.0-255,5738,307497,9,344151
541,0.038476,172.31.36.0-255,66,307563,9,344151
542,0.04102,74.125.68.0-255,5738,313301,9,344151
543,0.041026,172.31.36.0-255,66,313367,9,344151
544,0.043586,74.125.68.0-255,5738,319105,9,344151
545,0.043592,172.31.36.0-255,66,319171,9,344151
546,0.04614,74.125.68.0-255,5738,324909,9,344151
547,0.046146,172.31.36.0-255,66,324975,9,344151
548,0.048686,74.125.68.0-255,5738,330713,9,344151
549,0.048691,172.31.36.0-255,66,330779,9,344151
550,0.051259,74.125.68.0-255,5738,336517,9,344151
551,0.051266,172.31.36.0-255,66,336583,9,344151
552,0.05381,74.125.68.0-255,5738,342321,9,344151
553,0.053816,172.31.36.0-255,66,342387,9,344151
554,0.056361,74.125.68.0-255,1527,343914,9,344151
555,0.056366,172.31.36.0-255,66,343980,9,344151
556,0.056552,172.31.36.0-255,105,344085,9,344151
557,0.059058,74.125.68.0-255,66,344151,9,344151
558,0.0,172.31.36.0-255,105,105,9,276
559,0.001474,157.240.13.0-255,105,210,9,276
560,0.001488,172.31.36.0-255,66,276,9,276
561,0.0,74.125.24.0-255,153,153,9,353392
562,2.4e-05,172.31.36.0-255,66,219,9,353392
563,3.1e-05,74.125.24.0-255,1484,1703,9,353392
564,3.6e-05,172.31.36.0-255,66,1769,9,353392
565,4.2e-05,74.125.24.0-255,2902,4671,9,353392
566,4.6e-05,172.31.36.0-255,66,4737,9,353392
567,5.4e-05,74.125.24.0-255,5738,10475,9,353392
568,5.6e-05,172.31.36.0-255,66,10541,9,353392
569,7.7e-05,74.125.24.0-255,3454,13995,9,353392
570,8e-05,172.31.36.0-255,66,14061,9,353392
571,0.000311,74.125.24.0-255,1484,15545,9,353392
572,0.000316,172.31.36.0-255,66,15611,9,353392
573,0.000321,74.125.24.0-255,2902,18513,9,353392
574,0.000324,172.31.36.0-255,66,18579,9,353392
575,0.000329,74.125.24.0-255,2902,21481,9,353392
576,0.000331,172.31.36.0-255,66,21547,9,353392
577,0.000348,74.125.24.0-255,2902,24449,9,353392
578,0.000351,172.31.36.0-255,66,24515,9,353392
579,0.000383,74.125.24.0-255,7156,31671,9,353392
580,0.000386,172.31.36.0-255,66,31737,9,353392
581,0.000413,74.125.24.0-255,6797,38534,9,353392
582,0.000416,172.31.36.0-255,66,38600,9,353392
583,0.000426,172.31.36.0-255,66,38666,9,353392
584,0.000458,172.31.36.0-255,66,38732,9,353392
585,0.00049,172.31.36.0-255,66,38798,9,353392
586,0.000492,74.125.24.0-255,400,39198,9,353392
587,0.000495,172.31.36.0-255,66,39264,9,353392
588,0.000521,74.125.24.0-255,107,39371,9,353392
589,0.000523,172.31.36.0-255,66,39437,9,353392
590,0.000563,74.125.24.0-255,332,39769,9,353392
591,0.000699,74.125.24.0-255,1484,41253,9,353392
592,0.000703,172.31.36.0-255,66,41319,9,353392
593,0.000709,74.125.24.0-255,2902,44221,9,353392
594,0.000711,172.31.36.0-255,66,44287,9,353392
595,0.000714,74.125.24.0-255,1484,45771,9,353392
596,0.000733,74.125.24.0-255,4320,50091,9,353392
597,0.000736,172.31.36.0-255,66,50157,9,353392
598,0.000743,74.125.24.0-255,7156,57313,9,353392
599,0.000745,172.31.36.0-255,66,57379,9,353392
600,0.000773,74.125.24.0-255,5738,63117,9,353392
601,0.000776,172.31.36.0-255,66,63183,9,353392
602,0.000788,172.31.36.0-255,66,63249,9,353392
603,0.000825,74.125.24.0-255,2184,65433,9,353392
604,0.000828,172.31.36.0-255,66,65499,9,353392
605,0.000947,74.125.24.0-255,1484,66983,9,353392
606,0.000968,74.125.24.0-255,2902,69885,9,353392
607,0.000972,172.31.36.0-255,66,69951,9,353392
608,0.000979,74.125.24.0-255,5738,75689,9,353392
609,0.000982,172.31.36.0-255,66,75755,9,353392
610,0.000988,74.125.24.0-255,4320,80075,9,353392
611,0.000991,172.31.36.0-255,66,80141,9,353392
612,0.00103,172.31.36.0-255,66,80207,9,353392
613,0.00106,172.31.36.0-255,66,80273,9,353392
614,0.001201,74.125.24.0-255,1484,81757,9,353392
615,0.001206,74.125.24.0-255,1484,83241,9,353392
616,0.001209,172.31.36.0-255,66,83307,9,353392
617,0.00123,74.125.24.0-255,1484,84791,9,353392
618,0.001237,74.125.24.0-255,5738,90529,9,353392
619,0.00124,172.31.36.0-255,66,90595,9,353392
620,0.001247,74.125.24.0-255,5738,96333,9,353392
621,0.001249,172.31.36.0-255,66,96399,9,353392
622,0.001276,74.125.24.0-255,2902,99301,9,353392
623,0.001278,172.31.36.0-255,66,99367,9,353392
624,0.001314,172.31.36.0-255,66,99433,9,353392
625,0.00132,74.125.24.0-255,5020,104453,9,353392
626,0.001323,172.31.36.0-255,66,104519,9,353392
627,0.001814,74.125.24.0-255,1484,106003,9,353392
628,0.001821,74.125.24.0-255,2902,108905,9,353392
629,0.001825,172.31.36.0-255,66,108971,9,353392
630,0.001833,74.125.24.0-255,5738,114709,9,353392
631,0.001835,172.31.36.0-255,66,114775,9,353392
632,0.001879,172.31.36.0-255,66,114841,9,353392
633,0.001886,74.125.24.0-255,5738,120579,9,353392
634,0.001888,172.31.36.0-255,66,120645,9,353392
635,0.001913,74.125.24.0-255,1484,122129,9,353392
636,0.001928,74.125.24.0-255,3602,125731,9,353392
637,0.00193,172.31.36.0-255,66,125797,9,353392
638,0.004286,74.125.24.0-255,5738,131535,9,353392
639,0.004295,172.31.36.0-255,66,131601,9,353392
640,0.006609,74.125.24.0-255,5738,137339,9,353392
641,0.006615,172.31.36.0-255,66,137405,9,353392
642,0.008969,74.125.24.0-255,5738,143143,9,353392
643,0.008975,172.31.36.0-255,66,143209,9,353392
644,0.011311,74.125.24.0-255,5738,148947,9,353392
645,0.011319,172.31.36.0-255,66,149013,9,353392
646,0.013639,74.125.24.0-255,5738,154751,9,353392
647,0.013647,172.31.36.0-255,66,154817,9,353392
648,0.015933,74.125.24.0-255,5738,160555,9,353392
649,0.015947,172.31.36.0-255,66,160621,9,353392
650,0.018284,74.125.24.0-255,5738,166359,9,353392
651,0.018303,172.31.36.0-255,66,166425,9,353392
652,0.020598,74.125.24.0-255,5738,172163,9,353392
653,0.02061,172.31.36.0-255,66,172229,9,353392
654,0.022967,74.125.24.0-255,5738,177967,9,353392
655,0.022975,172.31.36.0-255,66,178033,9,353392
656,0.025298,74.125.24.0-255,4320,182353,9,353392
657,0.025305,172.31.36.0-255,66,182419,9,353392
658,0.025327,74.125.24.0-255,1484,183903,9,353392
659,0.027643,74.125.24.0-255,4320,188223,9,353392
660,0.02765,172.31.36.0-255,66,188289,9,353392
661,0.029957,74.125.24.0-255,5738,194027,9,353392
662,0.029966,172.31.36.0-255,66,194093,9,353392
663,0.032279,74.125.24.0-255,5738,199831,9,353392
664,0.032287,172.31.36.0-255,66,199897,9,353392
665,0.034652,74.125.24.0-255,5738,205635,9,353392
666,0.034666,172.31.36.0-255,66,205701,9,353392
667,0.036988,74.125.24.0-255,5738,211439,9,353392
668,0.036996,172.31.36.0-255,66,211505,9,353392
669,0.039275,74.125.24.0-255,5738,217243,9,353392
670,0.039288,172.31.36.0-255,66,217309,9,353392
671,0.041566,74.125.24.0-255,5738,223047,9,353392
672,0.041575,172.31.36.0-255,66,223113,9,353392
673,0.042193,172.31.36.0-255,172,223285,9,353392
674,0.042221,172.31.36.0-255,1117,224402,9,353392
675,0.042287,172.31.36.0-255,1514,225916,9,353392
676,0.042288,172.31.36.0-255,1514,227430,9,353392
677,0.042289,172.31.36.0-255,1514,228944,9,353392
678,0.042295,172.31.36.0-255,1514,230458,9,353392
679,0.042296,172.31.36.0-255,1499,231957,9,353392
680,0.043726,104.244.42.0-255,66,232023,9,353392
681,0.043774,104.244.42.0-255,66,232089,9,353392
682,0.0439,74.125.24.0-255,5738,237827,9,353392
683,0.043907,172.31.36.0-255,66,237893,9,353392
684,0.043918,104.244.42.0-255,66,237959,9,353392
685,0.045012,104.244.42.0-255,108,238067,9,353392
686,0.045028,172.31.36.0-255,66,238133,9,353392
687,0.046248,74.125.24.0-255,5738,243871,9,353392
688,0.046257,172.31.36.0-255,66,243937,9,353392
689,0.048521,74.125.24.0-255,5738,249675,9,353392
690,0.048529,172.31.36.0-255,66,249741,9,353392
691,0.050873,74.125.24.0-255,5738,255479,9,353392
692,0.050886,172.31.36.0-255,66,255545,9,353392
693,0.053212,74.125.24.0-255,5738,261283,9,353392
694,0.053219,172.31.36.0-255,66,261349,9,353392
695,0.055517,74.125.24.0-255,5738,267087,9,353392
696,0.055523,172.31.36.0-255,66,267153,9,353392
697,0.05781,74.125.24.0-255,5738,272891,9,353392
698,0.057817,172.31.36.0-255,66,272957,9,353392
699,0.060163,74.125.24.0-255,5738,278695,9,353392
700,0.06017,172.31.36.0-255,66,278761,9,353392
701,0.062459,74.125.24.0-255,5738,284499,9,353392
702,0.062468,172.31.36.0-255,66,284565,9,353392
703,0.064774,74.125.24.0-255,5738,290303,9,353392
704,0.064781,172.31.36.0-255,66,290369,9,353392
705,0.067085,74.125.24.0-255,5738,296107,9,353392
706,0.0671,172.31.36.0-255,66,296173,9,353392
707,0.069451,74.125.24.0-255,5738,301911,9,353392
708,0.069458,172.31.36.0-255,66,301977,9,353392
709,0.071745,74.125.24.0-255,5738,307715,9,353392
710,0.071751,172.31.36.0-255,66,307781,9,353392
711,0.074095,74.125.24.0-255,5738,313519,9,353392
712,0.074102,172.31.36.0-255,66,313585,9,353392
713,0.076377,74.125.24.0-255,5738,319323,9,353392
714,0.076383,172.31.36.0-255,66,319389,9,353392
715,0.078691,74.125.24.0-255,5738,325127,9,353392
716,0.078699,172.31.36.0-255,66,325193,9,353392
717,0.081075,74.125.24.0-255,5738,330931,9,353392
718,0.081087,172.31.36.0-255,66,330997,9,353392
719,0.083434,74.125.24.0-255,5738,336735,9,353392
720,0.083444,172.31.36.0-255,66,336801,9,353392
721,0.085755,74.125.24.0-255,5738,342539,9,353392
722,0.085762,172.31.36.0-255,66,342605,9,353392
723,0.088115,74.125.24.0-255,5738,348343,9,353392
724,0.088122,172.31.36.0-255,66,348409,9,353392
725,0.090406,74.125.24.0-255,4746,353155,9,353392
726,0.090413,172.31.36.0-255,66,353221,9,353392
727,0.090605,172.31.36.0-255,105,353326,9,353392
728,0.092874,74.125.24.0-255,66,353392,9,353392
729,0.0,74.125.200.0-255,153,153,9,419451
730,3e-05,172.31.36.0-255,66,219,9,419451
731,3.7e-05,74.125.200.0-255,1484,1703,9,419451
732,4.1e-05,172.31.36.0-255,66,1769,9,419451
733,4.6e-05,74.125.200.0-255,2902,4671,9,419451
734,4.8e-05,172.31.36.0-255,66,4737,9,419451
735,9.4e-05,74.125.200.0-255,4320,9057,9,419451
736,9.8e-05,172.31.36.0-255,66,9123,9,419451
737,0.000115,74.125.200.0-255,1484,10607,9,419451
738,0.000117,172.31.36.0-255,66,10673,9,419451
739,0.000123,74.125.200.0-255,4874,15547,9,419451
740,0.000126,172.31.36.0-255,66,15613,9,419451
741,0.000132,74.125.200.0-255,5738,21351,9,419451
742,0.000134,172.31.36.0-255,66,21417,9,419451
743,0.000165,172.31.36.0-255,66,21483,9,419451
744,0.000672,74.125.200.0-255,1484,22967,9,419451
745,0.000679,172.31.36.0-255,66,23033,9,419451
746,0.000689,74.125.200.0-255,2902,25935,9,419451
747,0.000692,172.31.36.0-255,66,26001,9,419451
748,0.000719,74.125.200.0-255,2902,28903,9,419451
749,0.000723,172.31.36.0-255,66,28969,9,419451
750,0.000746,74.125.200.0-255,4320,33289,9,419451
751,0.000749,172.31.36.0-255,66,33355,9,419451
752,0.000752,74.125.200.0-255,1484,34839,9,419451
753,0.000754,172.31.36.0-255,66,34905,9,419451
754,0.000773,74.125.200.0-255,2902,37807,9,419451
755,0.000776,172.31.36.0-255,66,37873,9,419451
756,0.000797,74.125.200.0-255,5738,43611,9,419451
757,0.0008,172.31.36.0-255,66,43677,9,419451
758,0.000805,74.125.200.0-255,2902,46579,9,419451
759,0.000807,172.31.36.0-255,66,46645,9,419451
760,0.000827,74.125.200.0-255,4320,50965,9,419451
761,0.00083,172.31.36.0-255,66,51031,9,419451
762,0.000855,74.125.200.0-255,1484,52515,9,419451
763,0.00088,74.125.200.0-255,3602,56117,9,419451
764,0.000887,172.31.36.0-255,66,56183,9,419451
765,0.000973,74.125.200.0-255,410,56593,9,419451
766,0.000991,74.125.200.0-255,332,56925,9,419451
767,0.001219,172.31.36.0-255,66,56991,9,419451
768,0.001318,74.125.200.0-255,1484,58475,9,419451
769,0.001327,74.125.200.0-255,2902,61377,9,419451
770,0.001331,74.125.200.0-255,1484,62861,9,419451
771,0.001346,74.125.200.0-255,4320,67181,9,419451
772,0.00136,74.125.200.0-255,1484,68665,9,419451
773,0.001374,74.125.200.0-255,2902,71567,9,419451
774,0.001378,74.125.200.0-255,4320,75887,9,419451
775,0.001381,172.31.36.0-255,66,75953,9,419451
776,0.001387,172.31.36.0-255,66,76019,9,419451
777,0.001394,74.125.200.0-255,1484,77503,9,419451
778,0.0014,74.125.200.0-255,5738,83241,9,419451
779,0.001421,74.125.200.0-255,5738,88979,9,419451
780,0.001425,74.125.200.0-255,2184,91163,9,419451
781,0.001438,172.31.36.0-255,66,91229,9,419451
782,0.001472,74.125.200.0-255,1484,92713,9,419451
783,0.001486,74.125.200.0-255,2902,95615,9,419451
784,0.001494,172.31.36.0-255,66,95681,9,419451
785,0.001509,74.125.200.0-255,5738,101419,9,419451
786,0.001514,74.125.200.0-255,2902,104321,9,419451
787,0.001529,74.125.200.0-255,1484,105805,9,419451
788,0.001534,172.31.36.0-255,66,105871,9,419451
789,0.001569,172.31.36.0-255,66,105937,9,419451
790,0.001572,74.125.200.0-255,1484,107421,9,419451
791,0.001585,74.125.200.0-255,2902,110323,9,419451
792,0.001597,74.125.200.0-255,4320,114643,9,419451
793,0.001608,74.125.200.0-255,2184,116827,9,419451
794,0.001614,172.31.36.0-255,66,116893,9,419451
795,0.00179,74.125.200.0-255,1484,118377,9,419451
796,0.001794,74.125.200.0-255,1484,119861,9,419451
797,0.001803,172.31.36.0-255,66,119927,9,419451
798,0.001813,74.125.200.0-255,1484,121411,9,419451
799,0.00184,74.125.200.0-255,5738,127149,9,419451
800,0.001844,74.125.200.0-255,2902,130051,9,419451
801,0.001848,172.31.36.0-255,66,130117,9,419451
802,0.001863,74.125.200.0-255,4320,134437,9,419451
803,0.00188,74.125.200.0-255,2902,137339,9,419451
804,0.001885,172.31.36.0-255,66,137405,9,419451
805,0.001907,74.125.200.0-255,5738,143143,9,419451
806,0.001913,74.125.200.0-255,4320,147463,9,419451
807,0.001918,172.31.36.0-255,66,147529,9,419451
808,0.001947,74.125.200.0-255,3602,151131,9,419451
809,0.001963,172.31.36.0-255,66,151197,9,419451
810,0.003976,74.125.200.0-255,1484,152681,9,419451
811,0.004009,74.125.200.0-255,1484,154165,9,419451
812,0.004013,172.31.36.0-255,66,154231,9,419451
813,0.004034,74.125.200.0-255,2902,157133,9,419451
814,0.004046,172.31.36.0-255,66,157199,9,419451
815,0.006084,74.125.200.0-255,2902,160101,9,419451
816,0.00609,172.31.36.0-255,66,160167,9,419451
817,0.006112,74.125.200.0-255,2902,163069,9,419451
818,0.006144,172.31.36.0-255,66,163135,9,419451
819,0.008157,74.125.200.0-255,2902,166037,9,419451
820,0.008165,172.31.36.0-255,66,166103,9,419451
821,0.008209,74.125.200.0-255,2902,169005,9,419451
822,0.00824,172.31.36.0-255,66,169071,9,419451
823,0.010235,74.125.200.0-255,2902,171973,9,419451
824,0.010243,172.31.36.0-255,66,172039,9,419451
825,0.010328,74.125.200.0-255,2902,174941,9,419451
826,0.010354,172.31.36.0-255,66,175007,9,419451
827,0.012309,74.125.200.0-255,2902,177909,9,419451
828,0.012316,172.31.36.0-255,66,177975,9,419451
829,0.012419,74.125.200.0-255,2902,180877,9,419451
830,0.012424,172.31.36.0-255,66,180943,9,419451
831,0.014385,74.125.200.0-255,2902,183845,9,419451
832,0.014395,172.31.36.0-255,66,183911,9,419451
833,0.014476,74.125.200.0-255,2902,186813,9,419451
834,0.0145,172.31.36.0-255,66,186879,9,419451
835,0.016462,74.125.200.0-255,2902,189781,9,419451
836,0.016468,172.31.36.0-255,66,189847,9,419451
837,0.016557,74.125.200.0-255,2902,192749,9,419451
838,0.016625,172.31.36.0-255,66,192815,9,419451
839,0.018535,74.125.200.0-255,2902,195717,9,419451
840,0.018542,172.31.36.0-255,66,195783,9,419451
841,0.018685,74.125.200.0-255,2902,198685,9,419451
842,0.01869,172.31.36.0-255,66,198751,9,419451
843,0.020606,74.125.200.0-255,2902,201653,9,419451
844,0.020613,172.31.36.0-255,66,201719,9,419451
845,0.020754,74.125.200.0-255,2902,204621,9,419451
846,0.02076,172.31.36.0-255,66,204687,9,419451
847,0.022683,74.125.200.0-255,2902,207589,9,419451
848,0.02269,172.31.36.0-255,66,207655,9,419451
849,0.022823,74.125.200.0-255,2902,210557,9,419451
850,0.022828,172.31.36.0-255,66,210623,9,419451
851,0.024758,74.125.200.0-255,2902,213525,9,419451
852,0.024765,172.31.36.0-255,66,213591,9,419451
853,0.024893,74.125.200.0-255,2902,216493,9,419451
854,0.024899,172.31.36.0-255,66,216559,9,419451
855,0.026839,74.125.200.0-255,2902,219461,9,419451
856,0.026846,172.31.36.0-255,66,219527,9,419451
857,0.026963,74.125.200.0-255,2902,222429,9,419451
858,0.026967,172.31.36.0-255,66,222495,9,419451
859,0.02891,74.125.200.0-255,2902,225397,9,419451
860,0.028916,172.31.36.0-255,66,225463,9,419451
861,0.02902,74.125.200.0-255,2902,228365,9,419451
862,0.029074,172.31.36.0-255,66,228431,9,419451
863,0.029452,172.31.36.0-255,176,228607,9,419451
864,0.029494,172.31.36.0-255,1117,229724,9,419451
865,0.029576,172.31.36.0-255,1514,231238,9,419451
866,0.029597,172.31.36.0-255,1514,232752,9,419451
867,0.029598,172.31.36.0-255,1514,234266,9,419451
868,0.029604,172.31.36.0-255,1514,235780,9,419451
869,0.029605,172.31.36.0-255,1499,237279,9,419451
870,0.030993,74.125.200.0-255,2902,240181,9,419451
871,0.030999,172.31.36.0-255,66,240247,9,419451
872,0.031017,104.244.42.0-255,66,240313,9,419451
873,0.031023,104.244.42.0-255,66,240379,9,419451
874,0.031136,74.125.200.0-255,2902,243281,9,419451
875,0.031141,172.31.36.0-255,66,243347,9,419451
876,0.031244,104.244.42.0-255,66,243413,9,419451
877,0.033074,74.125.200.0-255,2902,246315,9,419451
878,0.033079,172.31.36.0-255,66,246381,9,419451
879,0.033207,74.125.200.0-255,2902,249283,9,419451
880,0.033224,172.31.36.0-255,66,249349,9,419451
881,0.035199,74.125.200.0-255,2902,252251,9,419451
882,0.035204,172.31.36.0-255,66,252317,9,419451
883,0.035276,74.125.200.0-255,2902,255219,9,419451
884,0.035339,172.31.36.0-255,66,255285,9,419451
885,0.037274,74.125.200.0-255,2902,258187,9,419451
886,0.03728,172.31.36.0-255,66,258253,9,419451
887,0.037405,74.125.200.0-255,2902,261155,9,419451
888,0.037485,172.31.36.0-255,66,261221,9,419451
889,0.039348,74.125.200.0-255,2902,264123,9,419451
890,0.039541,74.125.200.0-255,2902,267025,9,419451
891,0.040601,172.31.36.0-255,66,267091,9,419451
892,0.042677,74.125.200.0-255,5738,272829,9,419451
893,0.042684,172.31.36.0-255,66,272895,9,419451
894,0.044748,74.125.200.0-255,5738,278633,9,419451
895,0.044754,172.31.36.0-255,66,278699,9,419451
896,0.046833,74.125.200.0-255,5738,284437,9,419451
897,0.046843,172.31.36.0-255,66,284503,9,419451
898,0.0489,74.125.200.0-255,2902,287405,9,419451
899,0.048906,172.31.36.0-255,66,287471,9,419451
900,0.048941,74.125.200.0-255,2902,290373,9,419451
901,0.048961,172.31.36.0-255,66,290439,9,419451
902,0.050957,74.125.200.0-255,1484,291923,9,419451
903,0.050984,74.125.200.0-255,1484,293407,9,419451
904,0.050989,172.31.36.0-255,66,293473,9,419451
905,0.051021,74.125.200.0-255,2902,296375,9,419451
906,0.051041,172.31.36.0-255,66,296441,9,419451
907,0.053122,74.125.200.0-255,5738,302179,9,419451
908,0.053187,172.31.36.0-255,66,302245,9,419451
909,0.055256,74.125.200.0-255,2902,305147,9,419451
910,0.055261,172.31.36.0-255,66,305213,9,419451
911,0.055294,74.125.200.0-255,2902,308115,9,419451
912,0.055322,172.31.36.0-255,66,308181,9,419451
913,0.057342,74.125.200.0-255,2902,311083,9,419451
914,0.057347,172.31.36.0-255,66,311149,9,419451
915,0.057381,74.125.200.0-255,2902,314051,9,419451
916,0.057408,172.31.36.0-255,66,314117,9,419451
917,0.059405,74.125.200.0-255,2902,317019,9,419451
918,0.05941,172.31.36.0-255,66,317085,9,419451
919,0.059454,74.125.200.0-255,2902,319987,9,419451
920,0.059472,172.31.36.0-255,66,320053,9,419451
921,0.061467,74.125.200.0-255,2902,322955,9,419451
922,0.061472,172.31.36.0-255,66,323021,9,419451
923,0.061527,74.125.200.0-255,1484,324505,9,419451
924,0.061538,74.125.200.0-255,1484,325989,9,419451
925,0.061555,172.31.36.0-255,66,326055,9,419451
926,0.063537,74.125.200.0-255,2902,328957,9,419451
927,0.063543,172.31.36.0-255,66,329023,9,419451
928,0.063611,74.125.200.0-255,2902,331925,9,419451
929,0.063623,172.31.36.0-255,66,331991,9,419451
930,0.065605,74.125.200.0-255,2902,334893,9,419451
931,0.065611,172.31.36.0-255,66,334959,9,419451
932,0.065683,74.125.200.0-255,2902,337861,9,419451
933,0.065695,172.31.36.0-255,66,337927,9,419451
934,0.067676,74.125.200.0-255,2902,340829,9,419451
935,0.067681,172.31.36.0-255,66,340895,9,419451
936,0.067751,74.125.200.0-255,2902,343797,9,419451
937,0.067767,172.31.36.0-255,66,343863,9,419451
938,0.069751,74.125.200.0-255,2902,346765,9,419451
939,0.069756,172.31.36.0-255,66,346831,9,419451
940,0.069821,74.125.200.0-255,2902,349733,9,419451
941,0.069841,172.31.36.0-255,66,349799,9,419451
942,0.071819,74.125.200.0-255,2902,352701,9,419451
943,0.071824,172.31.36.0-255,66,352767,9,419451
944,0.071897,74.125.200.0-255,2902,355669,9,419451
945,0.071923,172.31.36.0-255,66,355735,9,419451
946,0.073902,74.125.200.0-255,2902,358637,9,419451
947,0.073908,172.31.36.0-255,66,358703,9,419451
948,0.073987,74.125.200.0-255,2902,361605,9,419451
949,0.074,172.31.36.0-255,66,361671,9,419451
950,0.075973,74.125.200.0-255,2902,364573,9,419451
951,0.075978,172.31.36.0-255,66,364639,9,419451
952,0.076056,74.125.200.0-255,2902,367541,9,419451
953,0.076064,172.31.36.0-255,66,367607,9,419451
954,0.078044,74.125.200.0-255,2902,370509,9,419451
955,0.078048,172.31.36.0-255,66,370575,9,419451
956,0.07815,74.125.200.0-255,2902,373477,9,419451
957,0.078155,172.31.36.0-255,66,373543,9,419451
958,0.080118,74.125.200.0-255,2902,376445,9,419451
959,0.080123,172.31.36.0-255,66,376511,9,419451
960,0.080219,74.125.200.0-255,2902,379413,9,419451
961,0.080224,172.31.36.0-255,66,379479,9,419451
962,0.082184,74.125.200.0-255,2902,382381,9,419451
963,0.08219,172.31.36.0-255,66,382447,9,419451
964,0.082276,74.125.200.0-255,1484,383931,9,419451
965,0.082288,74.125.200.0-255,1484,385415,9,419451
966,0.082297,172.31.36.0-255,66,385481,9,419451
967,0.084252,74.125.200.0-255,2902,388383,9,419451
968,0.084257,172.31.36.0-255,66,388449,9,419451
969,0.084356,74.125.200.0-255,2902,391351,9,419451
970,0.084361,172.31.36.0-255,66,391417,9,419451
971,0.086321,74.125.200.0-255,2902,394319,9,419451
972,0.086326,172.31.36.0-255,66,394385,9,419451
973,0.086418,74.125.200.0-255,2902,397287,9,419451
974,0.086422,172.31.36.0-255,66,397353,9,419451
975,0.088392,74.125.200.0-255,2902,400255,9,419451
976,0.088397,172.31.36.0-255,66,400321,9,419451
977,0.088478,74.125.200.0-255,2902,403223,9,419451
978,0.088485,172.31.36.0-255,66,403289,9,419451
979,0.090458,74.125.200.0-255,2902,406191,9,419451
980,0.090463,172.31.36.0-255,66,406257,9,419451
981,0.090568,74.125.200.0-255,2902,409159,9,419451
982,0.090573,172.31.36.0-255,66,409225,9,419451
983,0.092534,74.125.200.0-255,2902,412127,9,419451
984,0.092539,172.31.36.0-255,66,412193,9,419451
985,0.092628,74.125.200.0-255,2902,415095,9,419451
986,0.092633,172.31.36.0-255,66,415161,9,419451
987,0.094603,74.125.200.0-255,2902,418063,9,419451
988,0.094608,172.31.36.0-255,66,418129,9,419451
989,0.094707,74.125.200.0-255,1085,419214,9,419451
990,0.094806,172.31.36.0-255,66,419280,9,419451
991,0.094832,172.31.36.0-255,105,419385,9,419451
992,0.096863,74.125.200.0-255,66,419451,9,419451
993,0.0,172.217.194.0-255,153,153,9,213948
994,1.8e-05,172.31.36.0-255,66,219,9,213948
995,2.6e-05,172.217.194.0-255,1484,1703,9,213948
996,3.1e-05,172.31.36.0-255,66,1769,9,213948
997,3.8e-05,172.217.194.0-255,2902,4671,9,213948
998,5e-05,172.31.36.0-255,66,4737,9,213948
999,5.9e-05,172.217.194.0-255,7156,11893,9,213948
1000,6.1e-05,172.31.36.0-255,66,11959,9,213948
1001,6.6e-05,172.217.194.0-255,1975,13934,9,213948
1002,7e-05,172.31.36.0-255,66,14000,9,213948
1003,0.000116,172.217.194.0-255,1484,15484,9,213948
1004,0.000119,172.31.36.0-255,66,15550,9,213948
1005,0.000129,172.217.194.0-255,2902,18452,9,213948
1006,0.000133,172.31.36.0-255,66,18518,9,213948
1007,0.00015,172.217.194.0-255,5738,24256,9,213948
1008,0.000153,172.31.36.0-255,66,24322,9,213948
1009,0.00016,172.217.194.0-255,6797,31119,9,213948
1010,0.000163,172.31.36.0-255,66,31185,9,213948
1011,0.000168,172.217.194.0-255,4320,35505,9,213948
1012,0.000171,172.31.36.0-255,66,35571,9,213948
1013,0.000217,172.31.36.0-255,66,35637,9,213948
1014,0.000222,172.217.194.0-255,2543,38180,9,213948
1015,0.000224,172.31.36.0-255,66,38246,9,213948
1016,0.00023,172.217.194.0-255,4320,42566,9,213948
1017,0.000232,172.31.36.0-255,66,42632,9,213948
1018,0.000282,172.31.36.0-255,66,42698,9,213948
1019,0.000285,172.217.194.0-255,381,43079,9,213948
1020,0.000288,172.31.36.0-255,66,43145,9,213948
1021,0.000291,172.217.194.0-255,98,43243,9,213948
1022,0.000293,172.31.36.0-255,66,43309,9,213948
1023,0.000351,172.217.194.0-255,363,43672,9,213948
1024,0.000478,172.217.194.0-255,1484,45156,9,213948
1025,0.000483,172.31.36.0-255,66,45222,9,213948
1026,0.000487,172.217.194.0-255,1484,46706,9,213948
1027,0.000511,172.217.194.0-255,1484,48190,9,213948
1028,0.000513,172.31.36.0-255,66,48256,9,213948
1029,0.00052,172.217.194.0-255,5738,53994,9,213948
1030,0.000523,172.31.36.0-255,66,54060,9,213948
1031,0.000541,172.217.194.0-255,2902,56962,9,213948
1032,0.000548,172.31.36.0-255,66,57028,9,213948
1033,0.000583,172.31.36.0-255,66,57094,9,213948
1034,0.0006,172.31.36.0-255,66,57160,9,213948
1035,0.000758,172.217.194.0-255,1484,58644,9,213948
1036,0.000764,172.217.194.0-255,2902,61546,9,213948
1037,0.000768,172.31.36.0-255,66,61612,9,213948
1038,0.000774,172.217.194.0-255,4320,65932,9,213948
1039,0.000776,172.31.36.0-255,66,65998,9,213948
1040,0.000805,172.217.194.0-255,1484,67482,9,213948
1041,0.00081,172.217.194.0-255,2902,70384,9,213948
1042,0.000813,172.31.36.0-255,66,70450,9,213948
1043,0.000829,172.31.36.0-255,66,70516,9,213948
1044,0.000848,172.217.194.0-255,4320,74836,9,213948
1045,0.000851,172.31.36.0-255,66,74902,9,213948
1046,0.000884,172.217.194.0-255,6438,81340,9,213948
1047,0.000888,172.31.36.0-255,66,81406,9,213948
1048,0.001065,172.217.194.0-255,1484,82890,9,213948
1049,0.001071,172.217.194.0-255,2902,85792,9,213948
1050,0.001074,172.31.36.0-255,66,85858,9,213948
1051,0.001107,172.217.194.0-255,5738,91596,9,213948
1052,0.00111,172.31.36.0-255,66,91662,9,213948
1053,0.001119,172.217.194.0-255,7156,98818,9,213948
1054,0.001121,172.31.36.0-255,66,98884,9,213948
1055,0.00114,172.31.36.0-255,66,98950,9,213948
1056,0.00117,172.217.194.0-255,2902,101852,9,213948
1057,0.001173,172.31.36.0-255,66,101918,9,213948
1058,0.001177,172.217.194.0-255,2184,104102,9,213948
1059,0.001179,172.31.36.0-255,66,104168,9,213948
1060,0.00122,172.217.194.0-255,1484,105652,9,213948
1061,0.001239,172.217.194.0-255,2902,108554,9,213948
1062,0.001243,172.31.36.0-255,66,108620,9,213948
1063,0.00125,172.217.194.0-255,5738,114358,9,213948
1064,0.001252,172.31.36.0-255,66,114424,9,213948
1065,0.001281,172.217.194.0-255,5738,120162,9,213948
1066,0.001284,172.31.36.0-255,66,120228,9,213948
1067,0.001312,172.217.194.0-255,7156,127384,9,213948
1068,0.001316,172.31.36.0-255,66,127450,9,213948
1069,0.001335,172.31.36.0-255,66,127516,9,213948
1070,0.001422,172.217.194.0-255,1484,129000,9,213948
1071,0.001428,172.217.194.0-255,2902,131902,9,213948
1072,0.00143,172.31.36.0-255,66,131968,9,213948
1073,0.001434,172.217.194.0-255,1484,133452,9,213948
1074,0.001458,172.217.194.0-255,4320,137772,9,213948
1075,0.001461,172.31.36.0-255,66,137838,9,213948
1076,0.001467,172.217.194.0-255,5738,143576,9,213948
1077,0.00147,172.31.36.0-255,66,143642,9,213948
1078,0.001499,172.217.194.0-255,7156,150798,9,213948
1079,0.001502,172.31.36.0-255,66,150864,9,213948
1080,0.00152,172.31.36.0-255,66,150930,9,213948
1081,0.001523,172.217.194.0-255,1484,152414,9,213948
1082,0.001563,172.31.36.0-255,66,152480,9,213948
1083,0.001569,172.217.194.0-255,4320,156800,9,213948
1084,0.001571,172.31.36.0-255,66,156866,9,213948
1085,0.001583,172.217.194.0-255,7156,164022,9,213948
1086,0.001586,172.31.36.0-255,66,164088,9,213948
1087,0.001627,172.31.36.0-255,66,164154,9,213948
1088,0.00163,172.217.194.0-255,766,164920,9,213948
1089,0.00172,172.217.194.0-255,1484,166404,9,213948
1090,0.001724,172.31.36.0-255,66,166470,9,213948
1091,0.00173,172.217.194.0-255,2902,169372,9,213948
1092,0.001732,172.31.36.0-255,66,169438,9,213948
1093,0.001759,172.217.194.0-255,5738,175176,9,213948
1094,0.001765,172.31.36.0-255,66,175242,9,213948
1095,0.001778,172.31.36.0-255,66,175308,9,213948
1096,0.001801,172.217.194.0-255,4320,179628,9,213948
1097,0.001804,172.31.36.0-255,66,179694,9,213948
1098,0.001841,172.31.36.0-255,66,179760,9,213948
1099,0.001865,172.217.194.0-255,1484,181244,9,213948
1100,0.001869,172.217.194.0-255,2902,184146,9,213948
1101,0.001875,172.217.194.0-255,5738,189884,9,213948
1102,0.001903,172.217.194.0-255,7156,197040,9,213948
1103,0.001907,172.31.36.0-255,66,197106,9,213948
1104,0.001912,172.31.36.0-255,66,197172,9,213948
1105,0.001944,172.217.194.0-255,5738,202910,9,213948
1106,0.001963,172.31.36.0-255,66,202976,9,213948
1107,0.002035,172.31.36.0-255,66,203042,9,213948
1108,0.002136,172.217.194.0-255,105,203147,9,213948
1109,0.002149,172.31.36.0-255,66,203213,9,213948
1110,0.004876,172.31.36.0-255,105,203318,9,213948
1111,0.007165,172.217.194.0-255,66,203384,9,213948
1112,0.039936,172.31.36.0-255,192,203576,9,213948
1113,0.039983,172.31.36.0-255,960,204536,9,213948
1114,0.040071,172.31.36.0-255,1514,206050,9,213948
1115,0.040073,172.31.36.0-255,1514,207564,9,213948
1116,0.040074,172.31.36.0-255,1514,209078,9,213948
1117,0.040075,172.31.36.0-255,1514,210592,9,213948
1118,0.040104,172.31.36.0-255,1514,212106,9,213948
1119,0.040105,172.31.36.0-255,1338,213444,9,213948
1120,0.041495,104.244.42.0-255,66,213510,9,213948
1121,0.041506,104.244.42.0-255,66,213576,9,213948
1122,0.041645,104.244.42.0-255,66,213642,9,213948
1123,0.041651,104.244.42.0-255,66,213708,9,213948
1124,0.041654,104.244.42.0-255,66,213774,9,213948
1125,0.050226,172.31.36.0-255,108,213882,9,213948
1126,0.051774,104.244.42.0-255,66,213948,9,213948
1127,0.0,172.31.36.0-255,105,105,9,276
1128,0.001467,157.240.13.0-255,105,210,9,276
1129,0.001479,172.31.36.0-255,66,276,9,276
1130,0.0,172.217.194.0-255,143,143,9,294224
1131,2.6e-05,172.31.36.0-255,66,209,9,294224
1132,3.2e-05,172.217.194.0-255,1484,1693,9,294224
1133,3.7e-05,172.31.36.0-255,66,1759,9,294224
1134,4.1e-05,172.217.194.0-255,2902,4661,9,294224
1135,4.5e-05,172.31.36.0-255,66,4727,9,294224
1136,6e-05,172.217.194.0-255,5738,10465,9,294224
1137,6.3e-05,172.31.36.0-255,66,10531,9,294224
1138,6.6e-05,172.217.194.0-255,1484,12015,9,294224
1139,6.8e-05,172.31.36.0-255,66,12081,9,294224
1140,0.000101,172.217.194.0-255,2071,14152,9,294224
1141,0.000104,172.31.36.0-255,66,14218,9,294224
1142,0.00013,172.217.194.0-255,4320,18538,9,294224
1143,0.000133,172.31.36.0-255,66,18604,9,294224
1144,0.000166,172.217.194.0-255,5738,24342,9,294224
1145,0.000168,172.31.36.0-255,66,24408,9,294224
1146,0.000196,172.217.194.0-255,5738,30146,9,294224
1147,0.000199,172.31.36.0-255,66,30212,9,294224
1148,0.000263,172.217.194.0-255,4320,34532,9,294224
1149,0.000267,172.31.36.0-255,66,34598,9,294224
1150,0.000285,172.217.194.0-255,2902,37500,9,294224
1151,0.000289,172.31.36.0-255,66,37566,9,294224
1152,0.000315,172.217.194.0-255,2902,40468,9,294224
1153,0.000318,172.31.36.0-255,66,40534,9,294224
1154,0.000339,172.217.194.0-255,5738,46272,9,294224
1155,0.000342,172.217.194.0-255,2184,48456,9,294224
1156,0.000344,172.31.36.0-255,66,48522,9,294224
1157,0.000347,172.31.36.0-255,66,48588,9,294224
1158,0.000809,172.217.194.0-255,1484,50072,9,294224
1159,0.000815,172.31.36.0-255,66,50138,9,294224
1160,0.000841,172.217.194.0-255,2902,53040,9,294224
1161,0.000845,172.31.36.0-255,66,53106,9,294224
1162,0.000849,172.217.194.0-255,1484,54590,9,294224
1163,0.000868,172.217.194.0-255,2902,57492,9,294224
1164,0.000871,172.31.36.0-255,66,57558,9,294224
1165,0.000898,172.217.194.0-255,2902,60460,9,294224
1166,0.000902,172.31.36.0-255,66,60526,9,294224
1167,0.000909,172.217.194.0-255,5659,66185,9,294224
1168,0.000911,172.31.36.0-255,66,66251,9,294224
1169,0.001495,172.217.194.0-255,1484,67735,9,294224
1170,0.00151,172.217.194.0-255,2902,70637,9,294224
1171,0.001515,172.31.36.0-255,66,70703,9,294224
1172,0.001546,172.217.194.0-255,2902,73605,9,294224
1173,0.001548,172.31.36.0-255,66,73671,9,294224
1174,0.001555,172.217.194.0-255,7156,80827,9,294224
1175,0.001556,172.31.36.0-255,66,80893,9,294224
1176,0.001585,172.217.194.0-255,5738,86631,9,294224
1177,0.001588,172.31.36.0-255,66,86697,9,294224
1178,0.001624,172.217.194.0-255,2902,89599,9,294224
1179,0.001626,172.31.36.0-255,66,89665,9,294224
1180,0.001643,172.217.194.0-255,4320,93985,9,294224
1181,0.001645,172.31.36.0-255,66,94051,9,294224
1182,0.001676,172.217.194.0-255,1484,95535,9,294224
1183,0.001692,172.217.194.0-255,5020,100555,9,294224
1184,0.001695,172.31.36.0-255,66,100621,9,294224
1185,0.00201,172.217.194.0-255,1484,102105,9,294224
1186,0.002013,172.217.194.0-255,1484,103589,9,294224
1187,0.002015,172.31.36.0-255,66,103655,9,294224
1188,0.002024,172.217.194.0-255,1484,105139,9,294224
1189,0.00203,172.217.194.0-255,1484,106623,9,294224
1190,0.002033,172.31.36.0-255,66,106689,9,294224
1191,0.002059,172.217.194.0-255,4320,111009,9,294224
1192,0.002062,172.31.36.0-255,66,111075,9,294224
1193,0.002102,172.217.194.0-255,5738,116813,9,294224
1194,0.002104,172.31.36.0-255,66,116879,9,294224
1195,0.002131,172.217.194.0-255,4320,121199,9,294224
1196,0.002133,172.31.36.0-255,66,121265,9,294224
1197,0.002149,172.31.36.0-255,66,121331,9,294224
1198,0.002152,172.217.194.0-255,2184,123515,9,294224
1199,0.002154,172.31.36.0-255,66,123581,9,294224
1200,0.002198,172.217.194.0-255,1484,125065,9,294224
1201,0.002216,172.217.194.0-255,7156,132221,9,294224
1202,0.002218,172.31.36.0-255,66,132287,9,294224
1203,0.002253,172.31.36.0-255,66,132353,9,294224
1204,0.002263,172.31.36.0-255,66,132419,9,294224
1205,0.002309,172.217.194.0-255,1484,133903,9,294224
1206,0.002328,172.217.194.0-255,5020,138923,9,294224
1207,0.00233,172.31.36.0-255,66,138989,9,294224
1208,0.002521,172.217.194.0-255,1484,140473,9,294224
1209,0.002541,172.217.194.0-255,2902,143375,9,294224
1210,0.002543,172.31.36.0-255,66,143441,9,294224
1211,0.002547,172.217.194.0-255,1484,144925,9,294224
1212,0.002566,172.217.194.0-255,1484,146409,9,294224
1213,0.002568,172.31.36.0-255,66,146475,9,294224
1214,0.002626,172.217.194.0-255,2902,149377,9,294224
1215,0.002629,172.31.36.0-255,66,149443,9,294224
1216,0.002658,172.217.194.0-255,5738,155181,9,294224
1217,0.002661,172.31.36.0-255,66,155247,9,294224
1218,0.002665,172.217.194.0-255,2902,158149,9,294224
1219,0.002667,172.31.36.0-255,66,158215,9,294224
1220,0.002669,172.217.194.0-255,1484,159699,9,294224
1221,0.002677,172.217.194.0-255,1484,161183,9,294224
1222,0.002679,172.31.36.0-255,66,161249,9,294224
1223,0.002705,172.217.194.0-255,1484,162733,9,294224
1224,0.002708,172.217.194.0-255,1484,164217,9,294224
1225,0.002709,172.31.36.0-255,66,164283,9,294224
1226,0.002715,172.217.194.0-255,4320,168603,9,294224
1227,0.002717,172.31.36.0-255,66,168669,9,294224
1228,0.002726,172.217.194.0-255,4320,172989,9,294224
1229,0.002729,172.31.36.0-255,66,173055,9,294224
1230,0.002731,172.217.194.0-255,766,173821,9,294224
1231,0.004767,172.217.194.0-255,1484,175305,9,294224
1232,0.00477,172.31.36.0-255,66,175371,9,294224
1233,0.004775,172.217.194.0-255,2902,178273,9,294224
1234,0.004778,172.31.36.0-255,66,178339,9,294224
1235,0.004798,172.217.194.0-255,2902,181241,9,294224
1236,0.0048,172.31.36.0-255,66,181307,9,294224
1237,0.004819,172.217.194.0-255,7156,188463,9,294224
1238,0.004821,172.31.36.0-255,66,188529,9,294224
1239,0.004845,172.217.194.0-255,2902,191431,9,294224
1240,0.004847,172.31.36.0-255,66,191497,9,294224
1241,0.00488,172.31.36.0-255,66,191563,9,294224
1242,0.004882,172.217.194.0-255,1484,193047,9,294224
1243,0.004962,172.217.194.0-255,5020,198067,9,294224
1244,0.004965,172.31.36.0-255,66,198133,9,294224
1245,0.005037,172.217.194.0-255,4320,202453,9,294224
1246,0.005039,172.31.36.0-255,66,202519,9,294224
1247,0.005043,172.217.194.0-255,2902,205421,9,294224
1248,0.005046,172.31.36.0-255,66,205487,9,294224
1249,0.005068,172.217.194.0-255,4320,209807,9,294224
1250,0.00507,172.31.36.0-255,66,209873,9,294224
1251,0.005112,172.217.194.0-255,4320,214193,9,294224
1252,0.005116,172.31.36.0-255,66,214259,9,294224
1253,0.005128,172.31.36.0-255,66,214325,9,294224
1254,0.005159,172.217.194.0-255,6438,220763,9,294224
1255,0.005162,172.31.36.0-255,66,220829,9,294224
1256,0.005175,172.31.36.0-255,66,220895,9,294224
1257,0.005243,172.31.36.0-255,66,220961,9,294224
1258,0.00525,172.217.194.0-255,5020,225981,9,294224
1259,0.005252,172.31.36.0-255,66,226047,9,294224
1260,0.005862,172.217.194.0-255,1484,227531,9,294224
1261,0.00587,172.217.194.0-255,2902,230433,9,294224
1262,0.005873,172.31.36.0-255,66,230499,9,294224
1263,0.005904,172.217.194.0-255,5738,236237,9,294224
1264,0.005908,172.31.36.0-255,66,236303,9,294224
1265,0.005916,172.217.194.0-255,7156,243459,9,294224
1266,0.005919,172.31.36.0-255,66,243525,9,294224
1267,0.005966,172.31.36.0-255,66,243591,9,294224
1268,0.005996,172.217.194.0-255,2902,246493,9,294224
1269,0.005999,172.31.36.0-255,66,246559,9,294224
1270,0.006018,172.31.36.0-255,66,246625,9,294224
1271,0.006024,172.217.194.0-255,2902,249527,9,294224
1272,0.006026,172.31.36.0-255,66,249593,9,294224
1273,0.006077,172.31.36.0-255,66,249659,9,294224
1274,0.006685,172.217.194.0-255,1484,251143,9,294224
1275,0.006691,172.217.194.0-255,2902,254045,9,294224
1276,0.006694,172.31.36.0-255,66,254111,9,294224
1277,0.006715,172.217.194.0-255,5738,259849,9,294224
1278,0.006718,172.31.36.0-255,66,259915,9,294224
1279,0.006732,172.217.194.0-255,2902,262817,9,294224
1280,0.006738,172.31.36.0-255,66,262883,9,294224
1281,0.006763,172.217.194.0-255,2902,265785,9,294224
1282,0.006766,172.31.36.0-255,66,265851,9,294224
1283,0.006786,172.31.36.0-255,66,265917,9,294224
1284,0.006792,172.217.194.0-255,5020,270937,9,294224
1285,0.006796,172.31.36.0-255,66,271003,9,294224
1286,0.006896,172.217.194.0-255,1484,272487,9,294224
1287,0.006901,172.217.194.0-255,2902,275389,9,294224
1288,0.006904,172.31.36.0-255,66,275455,9,294224
1289,0.006958,172.217.194.0-255,1484,276939,9,294224
1290,0.006963,172.217.194.0-255,2902,279841,9,294224
1291,0.006967,172.31.36.0-255,66,279907,9,294224
1292,0.007034,172.217.194.0-255,2902,282809,9,294224
1293,0.007038,172.31.36.0-255,66,282875,9,294224
1294,0.007062,172.217.194.0-255,1747,284622,9,294224
1295,0.007065,172.31.36.0-255,66,284688,9,294224
1296,0.007119,172.217.194.0-255,105,284793,9,294224
1297,0.008139,172.31.36.0-255,101,284894,9,294224
1298,0.008453,172.31.36.0-255,105,284999,9,294224
1299,0.01068,172.217.194.0-255,66,285065,9,294224
1300,0.010935,172.217.194.0-255,66,285131,9,294224
1301,0.043252,172.31.36.0-255,172,285303,9,294224
1302,0.043288,172.31.36.0-255,1116,286419,9,294224
1303,0.043365,172.31.36.0-255,1514,287933,9,294224
1304,0.043387,172.31.36.0-255,1514,289447,9,294224
1305,0.043389,172.31.36.0-255,1514,290961,9,294224
1306,0.043414,172.31.36.0-255,1514,292475,9,294224
1307,0.043416,172.31.36.0-255,1485,293960,9,294224
1308,0.044827,104.244.42.0-255,66,294026,9,294224
1309,0.044837,104.244.42.0-255,66,294092,9,294224
1310,0.044989,104.244.42.0-255,66,294158,9,294224
1311,0.045019,104.244.42.0-255,66,294224,9,294224
1312,0.0,172.217.160.0-255,146,146,9,200127
1313,2.2e-05,172.31.36.0-255,66,212,9,200127
1314,2.8e-05,172.217.160.0-255,1484,1696,9,200127
1315,3.2e-05,172.31.36.0-255,66,1762,9,200127
1316,3.7e-05,172.217.160.0-255,2902,4664,9,200127
1317,3.9e-05,172.31.36.0-255,66,4730,9,200127
1318,5.4e-05,172.217.160.0-255,7156,11886,9,200127
1319,5.7e-05,172.31.36.0-255,66,11952,9,200127
1320,6e-05,172.217.160.0-255,2055,14007,9,200127
1321,6.3e-05,172.31.36.0-255,66,14073,9,200127
1322,0.0001,172.217.160.0-255,1484,15557,9,200127
1323,0.000103,172.31.36.0-255,66,15623,9,200127
1324,0.000108,172.217.160.0-255,2902,18525,9,200127
1325,0.000111,172.31.36.0-255,66,18591,9,200127
1326,0.000113,172.217.160.0-255,1484,20075,9,200127
1327,0.000119,172.31.36.0-255,66,20141,9,200127
1328,0.000142,172.217.160.0-255,4320,24461,9,200127
1329,0.000144,172.31.36.0-255,66,24527,9,200127
1330,0.00015,172.217.160.0-255,4320,28847,9,200127
1331,0.000152,172.31.36.0-255,66,28913,9,200127
1332,0.00018,172.217.160.0-255,2543,31456,9,200127
1333,0.000182,172.31.36.0-255,66,31522,9,200127
1334,0.000187,172.217.160.0-255,4320,35842,9,200127
1335,0.000189,172.31.36.0-255,66,35908,9,200127
1336,0.000224,172.217.160.0-255,2902,38810,9,200127
1337,0.000226,172.31.36.0-255,66,38876,9,200127
1338,0.000231,172.217.160.0-255,5738,44614,9,200127
1339,0.000233,172.31.36.0-255,66,44680,9,200127
1340,0.000258,172.217.160.0-255,3961,48641,9,200127
1341,0.000259,172.31.36.0-255,66,48707,9,200127
1342,0.001027,172.217.160.0-255,1484,50191,9,200127
1343,0.001032,172.31.36.0-255,66,50257,9,200127
1344,0.00104,172.217.160.0-255,2902,53159,9,200127
1345,0.001042,172.31.36.0-255,66,53225,9,200127
1346,0.001048,172.217.160.0-255,5738,58963,9,200127
1347,0.001055,172.31.36.0-255,66,59029,9,200127
1348,0.001088,172.217.160.0-255,6797,65826,9,200127
1349,0.001091,172.31.36.0-255,66,65892,9,200127
1350,0.001232,172.217.160.0-255,1484,67376,9,200127
1351,0.001239,172.217.160.0-255,2902,70278,9,200127
1352,0.001242,172.31.36.0-255,66,70344,9,200127
1353,0.001247,172.217.160.0-255,2902,73246,9,200127
1354,0.001249,172.31.36.0-255,66,73312,9,200127
1355,0.001279,172.217.160.0-255,2902,76214,9,200127
1356,0.001281,172.31.36.0-255,66,76280,9,200127
1357,0.001288,172.217.160.0-255,6797,83077,9,200127
1358,0.001289,172.31.36.0-255,66,83143,9,200127
1359,0.001292,172.217.160.0-255,1484,84627,9,200127
1360,0.001326,172.31.36.0-255,66,84693,9,200127
1361,0.00133,172.217.160.0-255,2543,87236,9,200127
1362,0.001332,172.31.36.0-255,66,87302,9,200127
1363,0.001632,172.217.160.0-255,646,87948,9,200127
1364,0.001759,172.217.160.0-255,1484,89432,9,200127
1365,0.001763,172.31.36.0-255,66,89498,9,200127
1366,0.001768,172.217.160.0-255,2902,92400,9,200127
1367,0.00177,172.31.36.0-255,66,92466,9,200127
1368,0.001773,172.217.160.0-255,1484,93950,9,200127
1369,0.001802,172.217.160.0-255,4320,98270,9,200127
1370,0.001804,172.31.36.0-255,66,98336,9,200127
1371,0.001813,172.31.36.0-255,66,98402,9,200127
1372,0.001823,172.217.160.0-255,7156,105558,9,200127
1373,0.001826,172.31.36.0-255,66,105624,9,200127
1374,0.001835,172.31.36.0-255,66,105690,9,200127
1375,0.002483,172.217.160.0-255,1484,107174,9,200127
1376,0.002489,172.217.160.0-255,2902,110076,9,200127
1377,0.002491,172.31.36.0-255,66,110142,9,200127
1378,0.002499,172.217.160.0-255,5738,115880,9,200127
1379,0.002502,172.31.36.0-255,66,115946,9,200127
1380,0.002549,172.31.36.0-255,66,116012,9,200127
1381,0.002566,172.31.36.0-255,66,116078,9,200127
1382,0.002919,172.217.160.0-255,1484,117562,9,200127
1383,0.002925,172.217.160.0-255,2902,120464,9,200127
1384,0.002927,172.31.36.0-255,66,120530,9,200127
1385,0.002932,172.217.160.0-255,2902,123432,9,200127
1386,0.002934,172.31.36.0-255,66,123498,9,200127
1387,0.002937,172.217.160.0-255,1484,124982,9,200127
1388,0.002973,172.31.36.0-255,66,125048,9,200127
1389,0.002997,172.217.160.0-255,2902,127950,9,200127
1390,0.002999,172.31.36.0-255,66,128016,9,200127
1391,0.00301,172.31.36.0-255,66,128082,9,200127
1392,0.003027,172.217.160.0-255,3602,131684,9,200127
1393,0.00303,172.31.36.0-255,66,131750,9,200127
1394,0.003055,172.217.160.0-255,1484,133234,9,200127
1395,0.00306,172.217.160.0-255,2902,136136,9,200127
1396,0.003067,172.31.36.0-255,66,136202,9,200127
1397,0.003072,172.217.160.0-255,2902,139104,9,200127
1398,0.003074,172.31.36.0-255,66,139170,9,200127
1399,0.003114,172.217.160.0-255,2902,142072,9,200127
1400,0.003116,172.31.36.0-255,66,142138,9,200127
1401,0.003135,172.31.36.0-255,66,142204,9,200127
1402,0.003171,172.31.36.0-255,66,142270,9,200127
1403,0.003198,172.217.160.0-255,766,143036,9,200127
1404,0.00322,172.31.36.0-255,66,143102,9,200127
1405,0.00324,172.31.36.0-255,66,143168,9,200127
1406,0.003325,172.217.160.0-255,1484,144652,9,200127
1407,0.00333,172.217.160.0-255,2902,147554,9,200127
1408,0.003333,172.31.36.0-255,66,147620,9,200127
1409,0.003339,172.217.160.0-255,5738,153358,9,200127
1410,0.003342,172.31.36.0-255,66,153424,9,200127
1411,0.003359,172.31.36.0-255,66,153490,9,200127
1412,0.003401,172.31.36.0-255,66,153556,9,200127
1413,0.003805,172.217.160.0-255,1484,155040,9,200127
1414,0.003826,172.217.160.0-255,2902,157942,9,200127
1415,0.00383,172.31.36.0-255,66,158008,9,200127
1416,0.003838,172.217.160.0-255,5738,163746,9,200127
1417,0.00384,172.31.36.0-255,66,163812,9,200127
1418,0.003865,172.217.160.0-255,1484,165296,9,200127
1419,0.003902,172.31.36.0-255,66,165362,9,200127
1420,0.003909,172.217.160.0-255,7156,172518,9,200127
1421,0.003911,172.31.36.0-255,66,172584,9,200127
1422,0.003925,172.31.36.0-255,66,172650,9,200127
1423,0.003962,172.31.36.0-255,66,172716,9,200127
1424,0.003971,172.31.36.0-255,66,172782,9,200127
1425,0.004005,172.217.160.0-255,6438,179220,9,200127
1426,0.004008,172.31.36.0-255,66,179286,9,200127
1427,0.00402,172.31.36.0-255,66,179352,9,200127
1428,0.004052,172.217.160.0-255,5738,185090,9,200127
1429,0.004055,172.31.36.0-255,66,185156,9,200127
1430,0.004058,172.217.160.0-255,1484,186640,9,200127
1431,0.004066,172.217.160.0-255,7156,193796,9,200127
1432,0.004099,172.31.36.0-255,66,193862,9,200127
1433,0.004117,172.217.160.0-255,4320,198182,9,200127
1434,0.004127,172.31.36.0-255,66,198248,9,200127
1435,0.004151,172.217.160.0-255,97,198345,9,200127
1436,0.004168,172.31.36.0-255,66,198411,9,200127
1437,0.004175,172.217.160.0-255,105,198516,9,200127
1438,0.006779,172.31.36.0-255,66,198582,9,200127
1439,0.006817,172.31.36.0-255,105,198687,9,200127
1440,0.008411,172.217.160.0-255,66,198753,9,200127
1441,0.062587,172.31.36.0-255,172,198925,9,200127
1442,0.062652,172.31.36.0-255,1070,199995,9,200127
1443,0.064103,104.244.42.0-255,66,200061,9,200127
1444,0.064203,104.244.42.0-255,66,200127,9,200127
1445,0.0,172.217.194.0-255,148,148,9,214574
1446,2.7e-05,172.31.36.0-255,66,214,9,214574
1447,3.4e-05,172.217.194.0-255,1484,1698,9,214574
1448,3.8e-05,172.31.36.0-255,66,1764,9,214574
1449,4.3e-05,172.217.194.0-255,2902,4666,9,214574
1450,5.3e-05,172.31.36.0-255,66,4732,9,214574
1451,6.1e-05,172.217.194.0-255,7156,11888,9,214574
1452,6.3e-05,172.31.36.0-255,66,11954,9,214574
1453,6.7e-05,172.217.194.0-255,2105,14059,9,214574
1454,7e-05,172.31.36.0-255,66,14125,9,214574
1455,0.000113,172.31.36.0-255,66,14191,9,214574
1456,0.000176,172.31.36.0-255,66,14257,9,214574
1457,0.000205,172.217.194.0-255,4320,18577,9,214574
1458,0.000208,172.31.36.0-255,66,18643,9,214574
1459,0.000233,172.31.36.0-255,66,18709,9,214574
1460,0.000255,172.217.194.0-255,119,18828,9,214574
1461,0.000258,172.31.36.0-255,66,18894,9,214574
1462,0.000393,172.217.194.0-255,1484,20378,9,214574
1463,0.000396,172.31.36.0-255,66,20444,9,214574
1464,0.000427,172.217.194.0-255,1484,21928,9,214574
1465,0.00043,172.31.36.0-255,66,21994,9,214574
1466,0.000458,172.217.194.0-255,2902,24896,9,214574
1467,0.000461,172.31.36.0-255,66,24962,9,214574
1468,0.000466,172.217.194.0-255,4320,29282,9,214574
1469,0.000469,172.31.36.0-255,66,29348,9,214574
1470,0.000489,172.217.194.0-255,1484,30832,9,214574
1471,0.000492,172.31.36.0-255,66,30898,9,214574
1472,0.000499,172.217.194.0-255,1484,32382,9,214574
1473,0.000502,172.31.36.0-255,66,32448,9,214574
1474,0.000517,172.31.36.0-255,66,32514,9,214574
1475,0.000547,172.217.194.0-255,7156,39670,9,214574
1476,0.000551,172.31.36.0-255,66,39736,9,214574
1477,0.000582,172.217.194.0-255,5020,44756,9,214574
1478,0.000585,172.31.36.0-255,66,44822,9,214574
1479,0.001011,172.217.194.0-255,1484,46306,9,214574
1480,0.001017,172.217.194.0-255,2902,49208,9,214574
1481,0.00102,172.31.36.0-255,66,49274,9,214574
1482,0.001054,172.217.194.0-255,5738,55012,9,214574
1483,0.001058,172.31.36.0-255,66,55078,9,214574
1484,0.001073,172.31.36.0-255,66,55144,9,214574
1485,0.00108,172.217.194.0-255,4320,59464,9,214574
1486,0.001081,172.31.36.0-255,66,59530,9,214574
1487,0.001111,172.217.194.0-255,4320,63850,9,214574
1488,0.001114,172.31.36.0-255,66,63916,9,214574
1489,0.001132,172.217.194.0-255,2184,66100,9,214574
1490,0.001134,172.31.36.0-255,66,66166,9,214574
1491,0.001176,172.217.194.0-255,1484,67650,9,214574
1492,0.001181,172.217.194.0-255,2902,70552,9,214574
1493,0.001184,172.31.36.0-255,66,70618,9,214574
1494,0.001188,172.217.194.0-255,1484,72102,9,214574
1495,0.00122,172.217.194.0-255,4320,76422,9,214574
1496,0.001223,172.31.36.0-255,66,76488,9,214574
1497,0.00123,172.217.194.0-255,7156,83644,9,214574
1498,0.001232,172.31.36.0-255,66,83710,9,214574
1499,0.001253,172.217.194.0-255,2902,86612,9,214574
1500,0.001256,172.31.36.0-255,66,86678,9,214574
1501,0.001292,172.217.194.0-255,2902,89580,9,214574
1502,0.001295,172.31.36.0-255,66,89646,9,214574
1503,0.001337,172.31.36.0-255,66,89712,9,214574
1504,0.001451,172.217.194.0-255,1484,91196,9,214574
1505,0.001457,172.217.194.0-255,2902,94098,9,214574
1506,0.00146,172.31.36.0-255,66,94164,9,214574
1507,0.001505,172.217.194.0-255,5738,99902,9,214574
1508,0.001508,172.31.36.0-255,66,99968,9,214574
1509,0.001521,172.31.36.0-255,66,100034,9,214574
1510,0.001553,172.217.194.0-255,1484,101518,9,214574
1511,0.001564,172.31.36.0-255,66,101584,9,214574
1512,0.001569,172.217.194.0-255,2184,103768,9,214574
1513,0.001571,172.31.36.0-255,66,103834,9,214574
1514,0.001608,172.217.194.0-255,2902,106736,9,214574
1515,0.001612,172.31.36.0-255,66,106802,9,214574
1516,0.001618,172.217.194.0-255,4320,111122,9,214574
1517,0.00162,172.31.36.0-255,66,111188,9,214574
1518,0.001642,172.217.194.0-255,2902,114090,9,214574
1519,0.001646,172.31.36.0-255,66,114156,9,214574
1520,0.001652,172.217.194.0-255,5738,119894,9,214574
1521,0.001655,172.31.36.0-255,66,119960,9,214574
1522,0.001707,172.31.36.0-255,66,120026,9,214574
1523,0.001735,172.217.194.0-255,2902,122928,9,214574
1524,0.001739,172.31.36.0-255,66,122994,9,214574
1525,0.001751,172.31.36.0-255,66,123060,9,214574
1526,0.001762,172.31.36.0-255,66,123126,9,214574
1527,0.00178,172.31.36.0-255,66,123192,9,214574
1528,0.001786,172.217.194.0-255,3602,126794,9,214574
1529,0.001791,172.31.36.0-255,66,126860,9,214574
1530,0.001815,172.217.194.0-255,4320,131180,9,214574
1531,0.001818,172.31.36.0-255,66,131246,9,214574
1532,0.001847,172.217.194.0-255,4320,135566,9,214574
1533,0.00185,172.31.36.0-255,66,135632,9,214574
1534,0.001857,172.217.194.0-255,5738,141370,9,214574
1535,0.001859,172.31.36.0-255,66,141436,9,214574
1536,0.001885,172.217.194.0-255,4320,145756,9,214574
1537,0.001888,172.31.36.0-255,66,145822,9,214574
1538,0.001912,172.217.194.0-255,5738,151560,9,214574
1539,0.001916,172.31.36.0-255,66,151626,9,214574
1540,0.001932,172.217.194.0-255,5738,157364,9,214574
1541,0.001935,172.31.36.0-255,66,157430,9,214574
1542,0.001962,172.217.194.0-255,3602,161032,9,214574
1543,0.001965,172.31.36.0-255,66,161098,9,214574
1544,0.002056,172.217.194.0-255,1484,162582,9,214574
1545,0.00208,172.217.194.0-255,2902,165484,9,214574
1546,0.002084,172.31.36.0-255,66,165550,9,214574
1547,0.00209,172.217.194.0-255,4320,169870,9,214574
1548,0.002092,172.31.36.0-255,66,169936,9,214574
1549,0.002103,172.217.194.0-255,5738,175674,9,214574
1550,0.002105,172.31.36.0-255,66,175740,9,214574
1551,0.002118,172.217.194.0-255,2902,178642,9,214574
1552,0.00212,172.31.36.0-255,66,178708,9,214574
1553,0.002152,172.31.36.0-255,66,178774,9,214574
1554,0.002179,172.217.194.0-255,5020,183794,9,214574
1555,0.002182,172.31.36.0-255,66,183860,9,214574
1556,0.002201,172.31.36.0-255,66,183926,9,214574
1557,0.002216,172.31.36.0-255,66,183992,9,214574
1558,0.002248,172.217.194.0-255,5738,189730,9,214574
1559,0.00225,172.31.36.0-255,66,189796,9,214574
1560,0.002257,172.217.194.0-255,7156,196952,9,214574
1561,0.002259,172.31.36.0-255,66,197018,9,214574
1562,0.002299,172.31.36.0-255,66,197084,9,214574
1563,0.002306,172.217.194.0-255,6438,203522,9,214574
1564,0.002308,172.31.36.0-255,66,203588,9,214574
1565,0.00233,172.217.194.0-255,1484,205072,9,214574
1566,0.002361,172.31.36.0-255,66,205138,9,214574
1567,0.002412,172.217.194.0-255,105,205243,9,214574
1568,0.008398,172.31.36.0-255,66,205309,9,214574
1569,0.008425,172.31.36.0-255,105,205414,9,214574
1570,0.011029,172.217.194.0-255,66,205480,9,214574
1571,0.035788,172.31.36.0-255,172,205652,9,214574
1572,0.035825,172.31.36.0-255,1116,206768,9,214574
1573,0.035864,172.31.36.0-255,1514,208282,9,214574
1574,0.035866,172.31.36.0-255,1514,209796,9,214574
1575,0.035871,172.31.36.0-255,1514,211310,9,214574
1576,0.035872,172.31.36.0-255,1514,212824,9,214574
1577,0.035898,172.31.36.0-255,1486,214310,9,214574
1578,0.037313,104.244.42.0-255,66,214376,9,214574
1579,0.037373,104.244.42.0-255,66,214442,9,214574
1580,0.037425,104.244.42.0-255,66,214508,9,214574
1581,0.037481,104.244.42.0-255,66,214574,9,214574
1582,0.0,172.217.194.0-255,146,146,9,306009
1583,2.4e-05,172.31.36.0-255,66,212,9,306009
1584,3.1e-05,172.217.194.0-255,1484,1696,9,306009
1585,3.6e-05,172.31.36.0-255,66,1762,9,306009
1586,4.2e-05,172.217.194.0-255,2902,4664,9,306009
1587,4.5e-05,172.31.36.0-255,66,4730,9,306009
1588,5.4e-05,172.217.194.0-255,7156,11886,9,306009
1589,5.7e-05,172.31.36.0-255,66,11952,9,306009
1590,6.2e-05,172.217.194.0-255,2013,13965,9,306009
1591,6.5e-05,172.31.36.0-255,66,14031,9,306009
1592,8e-05,172.31.36.0-255,66,14097,9,306009
1593,0.000112,172.217.194.0-255,5379,19476,9,306009
1594,0.000115,172.31.36.0-255,66,19542,9,306009
1595,0.00016,172.217.194.0-255,1484,21026,9,306009
1596,0.000162,172.31.36.0-255,66,21092,9,306009
1597,0.000177,172.217.194.0-255,2902,23994,9,306009
1598,0.00018,172.31.36.0-255,66,24060,9,306009
1599,0.000184,172.217.194.0-255,1484,25544,9,306009
1600,0.000186,172.31.36.0-255,66,25610,9,306009
1601,0.00021,172.217.194.0-255,4320,29930,9,306009
1602,0.000213,172.31.36.0-255,66,29996,9,306009
1603,0.000215,172.217.194.0-255,1484,31480,9,306009
1604,0.000217,172.31.36.0-255,66,31546,9,306009
1605,0.000241,172.31.36.0-255,66,31612,9,306009
1606,0.000247,172.217.194.0-255,5738,37350,9,306009
1607,0.000249,172.31.36.0-255,66,37416,9,306009
1608,0.000335,172.31.36.0-255,66,37482,9,306009
1609,0.000682,172.217.194.0-255,1484,38966,9,306009
1610,0.000688,172.31.36.0-255,66,39032,9,306009
1611,0.000695,172.217.194.0-255,2902,41934,9,306009
1612,0.0007,172.31.36.0-255,66,42000,9,306009
1613,0.000726,172.217.194.0-255,5738,47738,9,306009
1614,0.000744,172.217.194.0-255,4320,52058,9,306009
1615,0.000749,172.31.36.0-255,66,52124,9,306009
1616,0.000824,172.217.194.0-255,2184,54308,9,306009
1617,0.00083,172.31.36.0-255,66,54374,9,306009
1618,0.003095,172.217.194.0-255,5738,60112,9,306009
1619,0.003102,172.31.36.0-255,66,60178,9,306009
1620,0.005364,172.217.194.0-255,5738,65916,9,306009
1621,0.005519,172.31.36.0-255,66,65982,9,306009
1622,0.007793,172.217.194.0-255,5738,71720,9,306009
1623,0.0078,172.31.36.0-255,66,71786,9,306009
1624,0.010063,172.217.194.0-255,5738,77524,9,306009
1625,0.010071,172.31.36.0-255,66,77590,9,306009
1626,0.012334,172.217.194.0-255,5738,83328,9,306009
1627,0.012342,172.31.36.0-255,66,83394,9,306009
1628,0.014605,172.217.194.0-255,5738,89132,9,306009
1629,0.014612,172.31.36.0-255,66,89198,9,306009
1630,0.016889,172.217.194.0-255,5738,94936,9,306009
1631,0.016897,172.31.36.0-255,66,95002,9,306009
1632,0.019151,172.217.194.0-255,5738,100740,9,306009
1633,0.01916,172.31.36.0-255,66,100806,9,306009
1634,0.021429,172.217.194.0-255,5738,106544,9,306009
1635,0.021436,172.31.36.0-255,66,106610,9,306009
1636,0.02371,172.217.194.0-255,5738,112348,9,306009
1637,0.02372,172.31.36.0-255,66,112414,9,306009
1638,0.025982,172.217.194.0-255,5738,118152,9,306009
1639,0.025989,172.31.36.0-255,66,118218,9,306009
1640,0.028253,172.217.194.0-255,5738,123956,9,306009
1641,0.028262,172.31.36.0-255,66,124022,9,306009
1642,0.030523,172.217.194.0-255,5738,129760,9,306009
1643,0.030532,172.31.36.0-255,66,129826,9,306009
1644,0.032818,172.217.194.0-255,5738,135564,9,306009
1645,0.032827,172.31.36.0-255,66,135630,9,306009
1646,0.035106,172.217.194.0-255,5738,141368,9,306009
1647,0.035115,172.31.36.0-255,66,141434,9,306009
1648,0.035902,172.31.36.0-255,188,141622,9,306009
1649,0.035931,172.31.36.0-255,960,142582,9,306009
1650,0.035994,172.31.36.0-255,717,143299,9,306009
1651,0.037391,172.217.194.0-255,5738,149037,9,306009
1652,0.037404,172.31.36.0-255,66,149103,9,306009
1653,0.037411,104.244.42.0-255,66,149169,9,306009
1654,0.037422,104.244.42.0-255,66,149235,9,306009
1655,0.037505,104.244.42.0-255,66,149301,9,306009
1656,0.039681,172.217.194.0-255,5738,155039,9,306009
1657,0.039691,172.31.36.0-255,66,155105,9,306009
1658,0.041977,172.217.194.0-255,5738,160843,9,306009
1659,0.041987,172.31.36.0-255,66,160909,9,306009
1660,0.044299,172.217.194.0-255,5738,166647,9,306009
1661,0.044306,172.31.36.0-255,66,166713,9,306009
1662,0.04658,172.217.194.0-255,5738,172451,9,306009
1663,0.046587,172.31.36.0-255,66,172517,9,306009
1664,0.048887,172.217.194.0-255,5738,178255,9,306009
1665,0.048894,172.31.36.0-255,66,178321,9,306009
1666,0.051168,172.217.194.0-255,5738,184059,9,306009
1667,0.051175,172.31.36.0-255,66,184125,9,306009
1668,0.053451,172.217.194.0-255,5738,189863,9,306009
1669,0.053474,172.31.36.0-255,66,189929,9,306009
1670,0.055754,172.217.194.0-255,5738,195667,9,306009
1671,0.055761,172.31.36.0-255,66,195733,9,306009
1672,0.058003,172.217.194.0-255,5738,201471,9,306009
1673,0.05801,172.31.36.0-255,66,201537,9,306009
1674,0.060273,172.217.194.0-255,5738,207275,9,306009
1675,0.060281,172.31.36.0-255,66,207341,9,306009
1676,0.062558,172.217.194.0-255,5738,213079,9,306009
1677,0.062566,172.31.36.0-255,66,213145,9,306009
1678,0.064829,172.217.194.0-255,5738,218883,9,306009
1679,0.064836,172.31.36.0-255,66,218949,9,306009
1680,0.067104,172.217.194.0-255,5738,224687,9,306009
1681,0.067111,172.31.36.0-255,66,224753,9,306009
1682,0.069391,172.217.194.0-255,5738,230491,9,306009
1683,0.069398,172.31.36.0-255,66,230557,9,306009
1684,0.071659,172.217.194.0-255,5738,236295,9,306009
1685,0.071666,172.31.36.0-255,66,236361,9,306009
1686,0.07397,172.217.194.0-255,5738,242099,9,306009
1687,0.073976,172.31.36.0-255,66,242165,9,306009
1688,0.076271,172.217.194.0-255,5738,247903,9,306009
1689,0.076278,172.31.36.0-255,66,247969,9,306009
1690,0.07856,172.217.194.0-255,5738,253707,9,306009
1691,0.078567,172.31.36.0-255,66,253773,9,306009
1692,0.080839,172.217.194.0-255,5738,259511,9,306009
1693,0.080846,172.31.36.0-255,66,259577,9,306009
1694,0.08315,172.217.194.0-255,5738,265315,9,306009
1695,0.083157,172.31.36.0-255,66,265381,9,306009
1696,0.085428,172.217.194.0-255,5738,271119,9,306009
1697,0.085435,172.31.36.0-255,66,271185,9,306009
1698,0.087731,172.217.194.0-255,5738,276923,9,306009
1699,0.087738,172.31.36.0-255,66,276989,9,306009
1700,0.090013,172.217.194.0-255,5738,282727,9,306009
1701,0.09002,172.31.36.0-255,66,282793,9,306009
1702,0.092296,172.217.194.0-255,5738,288531,9,306009
1703,0.092304,172.31.36.0-255,66,288597,9,306009
1704,0.094585,172.217.194.0-255,5738,294335,9,306009
1705,0.094592,172.31.36.0-255,66,294401,9,306009
1706,0.096868,172.217.194.0-255,5738,300139,9,306009
1707,0.096875,172.31.36.0-255,66,300205,9,306009
1708,0.09916,172.217.194.0-255,5738,305943,9,306009
1709,0.099167,172.31.36.0-255,66,306009,9,306009
1710,0.0,172.217.194.0-255,297,297,9,347205
1711,2.5e-05,172.31.36.0-255,66,363,9,347205
1712,3.1e-05,172.217.194.0-255,1484,1847,9,347205
1713,3.6e-05,172.31.36.0-255,66,1913,9,347205
1714,5.3e-05,172.217.194.0-255,4320,6233,9,347205
1715,5.6e-05,172.31.36.0-255,66,6299,9,347205
1716,6.9e-05,172.31.36.0-255,66,6365,9,347205
1717,9.9e-05,172.217.194.0-255,1484,7849,9,347205
1718,0.000102,172.31.36.0-255,66,7915,9,347205
1719,0.000144,172.217.194.0-255,7156,15071,9,347205
1720,0.000147,172.31.36.0-255,66,15137,9,347205
1721,0.000159,172.31.36.0-255,66,15203,9,347205
1722,0.000185,172.217.194.0-255,1484,16687,9,347205
1723,0.000188,172.31.36.0-255,66,16753,9,347205
1724,0.000193,172.217.194.0-255,2902,19655,9,347205
1725,0.000195,172.31.36.0-255,66,19721,9,347205
1726,0.000228,172.217.194.0-255,5738,25459,9,347205
1727,0.000231,172.31.36.0-255,66,25525,9,347205
1728,0.000244,172.31.36.0-255,66,25591,9,347205
1729,0.000269,172.217.194.0-255,2543,28134,9,347205
1730,0.000271,172.31.36.0-255,66,28200,9,347205
1731,0.000283,172.31.36.0-255,66,28266,9,347205
1732,0.000286,172.217.194.0-255,411,28677,9,347205
1733,0.000289,172.31.36.0-255,66,28743,9,347205
1734,0.00033,172.217.194.0-255,364,29107,9,347205
1735,0.000333,172.31.36.0-255,66,29173,9,347205
1736,0.000594,172.217.194.0-255,1484,30657,9,347205
1737,0.000599,172.31.36.0-255,66,30723,9,347205
1738,0.000606,172.217.194.0-255,2902,33625,9,347205
1739,0.00061,172.31.36.0-255,66,33691,9,347205
1740,0.000619,172.217.194.0-255,2902,36593,9,347205
1741,0.000622,172.31.36.0-255,66,36659,9,347205
1742,0.000649,172.217.194.0-255,2902,39561,9,347205
1743,0.000652,172.31.36.0-255,66,39627,9,347205
1744,0.000667,172.31.36.0-255,66,39693,9,347205
1745,0.000674,172.217.194.0-255,5738,45431,9,347205
1746,0.000676,172.31.36.0-255,66,45497,9,347205
1747,0.00071,172.217.194.0-255,5020,50517,9,347205
1748,0.000713,172.31.36.0-255,66,50583,9,347205
1749,0.001591,172.217.194.0-255,1484,52067,9,347205
1750,0.001601,172.217.194.0-255,2902,54969,9,347205
1751,0.001606,172.31.36.0-255,66,55035,9,347205
1752,0.001614,172.217.194.0-255,5738,60773,9,347205
1753,0.001616,172.31.36.0-255,66,60839,9,347205
1754,0.001631,172.217.194.0-255,7156,67995,9,347205
1755,0.001633,172.31.36.0-255,66,68061,9,347205
1756,0.001668,172.217.194.0-255,5738,73799,9,347205
1757,0.001671,172.31.36.0-255,66,73865,9,347205
1758,0.001676,172.217.194.0-255,1484,75349,9,347205
1759,0.001683,172.217.194.0-255,5738,81087,9,347205
1760,0.001685,172.31.36.0-255,66,81153,9,347205
1761,0.001709,172.217.194.0-255,3602,84755,9,347205
1762,0.001712,172.31.36.0-255,66,84821,9,347205
1763,0.001833,172.217.194.0-255,1484,86305,9,347205
1764,0.00184,172.217.194.0-255,2902,89207,9,347205
1765,0.001844,172.31.36.0-255,66,89273,9,347205
1766,0.00185,172.217.194.0-255,5738,95011,9,347205
1767,0.001852,172.31.36.0-255,66,95077,9,347205
1768,0.001896,172.31.36.0-255,66,95143,9,347205
1769,0.0019,172.217.194.0-255,2902,98045,9,347205
1770,0.001902,172.31.36.0-255,66,98111,9,347205
1771,0.001947,172.217.194.0-255,7156,105267,9,347205
1772,0.00195,172.31.36.0-255,66,105333,9,347205
1773,0.001973,172.217.194.0-255,766,106099,9,347205
1774,0.002107,172.217.194.0-255,1484,107583,9,347205
1775,0.002113,172.31.36.0-255,66,107649,9,347205
1776,0.002119,172.217.194.0-255,2902,110551,9,347205
1777,0.002121,172.31.36.0-255,66,110617,9,347205
1778,0.002133,172.217.194.0-255,5738,116355,9,347205
1779,0.002136,172.31.36.0-255,66,116421,9,347205
1780,0.002143,172.217.194.0-255,5738,122159,9,347205
1781,0.002145,172.31.36.0-255,66,122225,9,347205
1782,0.002191,172.31.36.0-255,66,122291,9,347205
1783,0.002197,172.217.194.0-255,5020,127311,9,347205
1784,0.002199,172.31.36.0-255,66,127377,9,347205
1785,0.004525,172.217.194.0-255,5738,133115,9,347205
1786,0.004533,172.31.36.0-255,66,133181,9,347205
1787,0.006815,172.217.194.0-255,5738,138919,9,347205
1788,0.006819,172.31.36.0-255,66,138985,9,347205
1789,0.009111,172.217.194.0-255,5738,144723,9,347205
1790,0.009119,172.31.36.0-255,66,144789,9,347205
1791,0.011435,172.217.194.0-255,5738,150527,9,347205
1792,0.011448,172.31.36.0-255,66,150593,9,347205
1793,0.013771,172.217.194.0-255,5738,156331,9,347205
1794,0.013787,172.31.36.0-255,66,156397,9,347205
1795,0.016122,172.217.194.0-255,5738,162135,9,347205
1796,0.016138,172.31.36.0-255,66,162201,9,347205
1797,0.018457,172.217.194.0-255,5738,167939,9,347205
1798,0.018471,172.31.36.0-255,66,168005,9,347205
1799,0.020778,172.217.194.0-255,5738,173743,9,347205
1800,0.020794,172.31.36.0-255,66,173809,9,347205
1801,0.02312,172.217.194.0-255,5738,179547,9,347205
1802,0.023135,172.31.36.0-255,66,179613,9,347205
1803,0.025443,172.217.194.0-255,5738,185351,9,347205
1804,0.025465,172.31.36.0-255,66,185417,9,347205
1805,0.027768,172.217.194.0-255,5738,191155,9,347205
1806,0.027789,172.31.36.0-255,66,191221,9,347205
1807,0.030109,172.217.194.0-255,5738,196959,9,347205
1808,0.030124,172.31.36.0-255,66,197025,9,347205
1809,0.032437,172.217.194.0-255,5738,202763,9,347205
1810,0.032457,172.31.36.0-255,66,202829,9,347205
1811,0.034758,172.217.194.0-255,5738,208567,9,347205
1812,0.034774,172.31.36.0-255,66,208633,9,347205
1813,0.037104,172.217.194.0-255,5738,214371,9,347205
1814,0.037121,172.31.36.0-255,66,214437,9,347205
1815,0.039443,172.217.194.0-255,5738,220175,9,347205
1816,0.039464,172.31.36.0-255,66,220241,9,347205
1817,0.04178,172.217.194.0-255,5738,225979,9,347205
1818,0.041797,172.31.36.0-255,66,226045,9,347205
1819,0.044134,172.217.194.0-255,5738,231783,9,347205
1820,0.044152,172.31.36.0-255,66,231849,9,347205
1821,0.046476,172.217.194.0-255,5738,237587,9,347205
1822,0.046494,172.31.36.0-255,66,237653,9,347205
1823,0.048808,172.217.194.0-255,5738,243391,9,347205
1824,0.048823,172.31.36.0-255,66,243457,9,347205
1825,0.05114,172.217.194.0-255,5738,249195,9,347205
1826,0.051158,172.31.36.0-255,66,249261,9,347205
1827,0.053476,172.217.194.0-255,5738,254999,9,347205
1828,0.053492,172.31.36.0-255,66,255065,9,347205
1829,0.055822,172.217.194.0-255,5738,260803,9,347205
1830,0.055835,172.31.36.0-255,66,260869,9,347205
1831,0.058175,172.217.194.0-255,5738,266607,9,347205
1832,0.058188,172.31.36.0-255,66,266673,9,347205
1833,0.060512,172.217.194.0-255,5738,272411,9,347205
1834,0.060523,172.31.36.0-255,66,272477,9,347205
1835,0.062848,172.217.194.0-255,5738,278215,9,347205
1836,0.062863,172.31.36.0-255,66,278281,9,347205
1837,0.065169,172.217.194.0-255,5738,284019,9,347205
1838,0.065182,172.31.36.0-255,66,284085,9,347205
1839,0.067488,172.217.194.0-255,5738,289823,9,347205
1840,0.067505,172.31.36.0-255,66,289889,9,347205
1841,0.069835,172.217.194.0-255,5738,295627,9,347205
1842,0.069855,172.31.36.0-255,66,295693,9,347205
1843,0.072173,172.217.194.0-255,5738,301431,9,347205
1844,0.072189,172.31.36.0-255,66,301497,9,347205
1845,0.074527,172.217.194.0-255,5738,307235,9,347205
1846,0.074541,172.31.36.0-255,66,307301,9,347205
1847,0.076826,172.217.194.0-255,5738,313039,9,347205
1848,0.076834,172.31.36.0-255,66,313105,9,347205
1849,0.077312,172.31.36.0-255,171,313276,9,347205
1850,0.077342,172.31.36.0-255,1070,314346,9,347205
1851,0.078869,104.244.42.0-255,66,314412,9,347205
1852,0.07888,104.244.42.0-255,66,314478,9,347205
1853,0.079166,172.217.194.0-255,5738,320216,9,347205
1854,0.079173,172.31.36.0-255,66,320282,9,347205
1855,0.081482,172.217.194.0-255,5738,326020,9,347205
1856,0.081498,172.31.36.0-255,66,326086,9,347205
1857,0.083826,172.217.194.0-255,5738,331824,9,347205
1858,0.083843,172.31.36.0-255,66,331890,9,347205
1859,0.086158,172.217.194.0-255,5738,337628,9,347205
1860,0.086168,172.31.36.0-255,66,337694,9,347205
1861,0.088478,172.217.194.0-255,5738,343432,9,347205
1862,0.088491,172.31.36.0-255,66,343498,9,347205
1863,0.090828,172.217.194.0-255,3470,346968,9,347205
1864,0.090839,172.31.36.0-255,66,347034,9,347205
1865,0.091075,172.31.36.0-255,105,347139,9,347205
1866,0.09335,172.217.194.0-255,66,347205,9,347205
1867,0.0,172.217.194.0-255,152,152,9,274990
1868,1.7e-05,172.31.36.0-255,66,218,9,274990
1869,2.3e-05,172.217.194.0-255,1484,1702,9,274990
1870,2.8e-05,172.31.36.0-255,66,1768,9,274990
1871,3.4e-05,172.217.194.0-255,2902,4670,9,274990
1872,3.7e-05,172.31.36.0-255,66,4736,9,274990
1873,5.4e-05,172.217.194.0-255,7156,11892,9,274990
1874,5.8e-05,172.31.36.0-255,66,11958,9,274990
1875,6.3e-05,172.217.194.0-255,2147,14105,9,274990
1876,6.5e-05,172.31.36.0-255,66,14171,9,274990
1877,9.7e-05,172.217.194.0-255,2902,17073,9,274990
1878,0.0001,172.31.36.0-255,66,17139,9,274990
1879,0.000108,172.217.194.0-255,7156,24295,9,274990
1880,0.000111,172.31.36.0-255,66,24361,9,274990
1881,0.000123,172.217.194.0-255,6797,31158,9,274990
1882,0.000126,172.31.36.0-255,66,31224,9,274990
1883,0.000254,172.217.194.0-255,1484,32708,9,274990
1884,0.000259,172.31.36.0-255,66,32774,9,274990
1885,0.000264,172.217.194.0-255,2902,35676,9,274990
1886,0.000266,172.31.36.0-255,66,35742,9,274990
1887,0.000278,172.217.194.0-255,5738,41480,9,274990
1888,0.000281,172.31.36.0-255,66,41546,9,274990
1889,0.000319,172.217.194.0-255,6797,48343,9,274990
1890,0.000322,172.31.36.0-255,66,48409,9,274990
1891,0.000359,172.217.194.0-255,7156,55565,9,274990
1892,0.000362,172.31.36.0-255,66,55631,9,274990
1893,0.000369,172.217.194.0-255,5738,61369,9,274990
1894,0.000371,172.31.36.0-255,66,61435,9,274990
1895,0.000401,172.217.194.0-255,2902,64337,9,274990
1896,0.000405,172.31.36.0-255,66,64403,9,274990
1897,0.000408,172.217.194.0-255,1399,65802,9,274990
1898,0.00041,172.31.36.0-255,66,65868,9,274990
1899,0.000447,172.217.194.0-255,434,66302,9,274990
1900,0.000751,172.217.194.0-255,1484,67786,9,274990
1901,0.000757,172.31.36.0-255,66,67852,9,274990
1902,0.000763,172.217.194.0-255,2902,70754,9,274990
1903,0.000765,172.31.36.0-255,66,70820,9,274990
1904,0.000795,172.217.194.0-255,5738,76558,9,274990
1905,0.000798,172.31.36.0-255,66,76624,9,274990
1906,0.000801,172.217.194.0-255,1484,78108,9,274990
1907,0.000838,172.31.36.0-255,66,78174,9,274990
1908,0.00085,172.31.36.0-255,66,78240,9,274990
1909,0.000872,172.217.194.0-255,766,79006,9,274990
1910,0.001054,172.217.194.0-255,1484,80490,9,274990
1911,0.001059,172.31.36.0-255,66,80556,9,274990
1912,0.001064,172.217.194.0-255,2902,83458,9,274990
1913,0.001066,172.31.36.0-255,66,83524,9,274990
1914,0.001072,172.217.194.0-255,4320,87844,9,274990
1915,0.001079,172.31.36.0-255,66,87910,9,274990
1916,0.001108,172.217.194.0-255,1484,89394,9,274990
1917,0.001128,172.31.36.0-255,66,89460,9,274990
1918,0.001141,172.31.36.0-255,66,89526,9,274990
1919,0.001442,172.217.194.0-255,1484,91010,9,274990
1920,0.001448,172.217.194.0-255,2902,93912,9,274990
1921,0.001452,172.31.36.0-255,66,93978,9,274990
1922,0.00146,172.217.194.0-255,5738,99716,9,274990
1923,0.001462,172.31.36.0-255,66,99782,9,274990
1924,0.001466,172.217.194.0-255,2902,102684,9,274990
1925,0.001468,172.31.36.0-255,66,102750,9,274990
1926,0.001499,172.217.194.0-255,2902,105652,9,274990
1927,0.001502,172.31.36.0-255,66,105718,9,274990
1928,0.001516,172.31.36.0-255,66,105784,9,274990
1929,0.001526,172.217.194.0-255,5020,110804,9,274990
1930,0.001529,172.31.36.0-255,66,110870,9,274990
1931,0.001901,172.217.194.0-255,1484,112354,9,274990
1932,0.001909,172.217.194.0-255,2902,115256,9,274990
1933,0.001912,172.31.36.0-255,66,115322,9,274990
1934,0.001919,172.217.194.0-255,5738,121060,9,274990
1935,0.001921,172.31.36.0-255,66,121126,9,274990
1936,0.001961,172.31.36.0-255,66,121192,9,274990
1937,0.002001,172.31.36.0-255,66,121258,9,274990
1938,0.002035,172.217.194.0-255,1484,122742,9,274990
1939,0.002039,172.217.194.0-255,1484,124226,9,274990
1940,0.002042,172.31.36.0-255,66,124292,9,274990
1941,0.002075,172.217.194.0-255,1484,125776,9,274990
1942,0.002082,172.217.194.0-255,5738,131514,9,274990
1943,0.002113,172.31.36.0-255,66,131580,9,274990
1944,0.002162,172.31.36.0-255,66,131646,9,274990
1945,0.00217,172.217.194.0-255,7156,138802,9,274990
1946,0.002193,172.217.194.0-255,4320,143122,9,274990
1947,0.002205,172.217.194.0-255,7156,150278,9,274990
1948,0.002219,172.217.194.0-255,4320,154598,9,274990
1949,0.002222,172.31.36.0-255,66,154664,9,274990
1950,0.002281,172.217.194.0-255,1484,156148,9,274990
1951,0.002302,172.217.194.0-255,2902,159050,9,274990
1952,0.002314,172.217.194.0-255,1484,160534,9,274990
1953,0.002328,172.217.194.0-255,4320,164854,9,274990
1954,0.002347,172.217.194.0-255,5738,170592,9,274990
1955,0.002349,172.217.194.0-255,1484,172076,9,274990
1956,0.00239,172.217.194.0-255,5020,177096,9,274990
1957,0.00246,172.217.194.0-255,1484,178580,9,274990
1958,0.002465,172.217.194.0-255,2902,181482,9,274990
1959,0.002484,172.217.194.0-255,5738,187220,9,274990
1960,0.002504,172.217.194.0-255,5738,192958,9,274990
1961,0.002519,172.217.194.0-255,7156,200114,9,274990
1962,0.002537,172.217.194.0-255,2902,203016,9,274990
1963,0.002586,172.217.194.0-255,5738,208754,9,274990
1964,0.002611,172.217.194.0-255,7156,215910,9,274990
1965,0.007348,172.31.36.0-255,66,215976,9,274990
1966,0.009976,172.217.194.0-255,5738,221714,9,274990
1967,0.009983,172.31.36.0-255,66,221780,9,274990
1968,0.012629,172.217.194.0-255,5738,227518,9,274990
1969,0.012636,172.31.36.0-255,66,227584,9,274990
1970,0.015267,172.217.194.0-255,5738,233322,9,274990
1971,0.015274,172.31.36.0-255,66,233388,9,274990
1972,0.017889,172.217.194.0-255,5738,239126,9,274990
1973,0.017898,172.31.36.0-255,66,239192,9,274990
1974,0.020536,172.217.194.0-255,5738,244930,9,274990
1975,0.020545,172.31.36.0-255,66,244996,9,274990
1976,0.023152,172.217.194.0-255,5738,250734,9,274990
1977,0.023159,172.31.36.0-255,66,250800,9,274990
1978,0.025776,172.217.194.0-255,5738,256538,9,274990
1979,0.025784,172.31.36.0-255,66,256604,9,274990
1980,0.028388,172.217.194.0-255,5738,262342,9,274990
1981,0.028396,172.31.36.0-255,66,262408,9,274990
1982,0.030864,172.31.36.0-255,172,262580,9,274990
1983,0.030897,172.31.36.0-255,1116,263696,9,274990
1984,0.030955,172.31.36.0-255,1506,265202,9,274990
1985,0.031019,172.217.194.0-255,5738,270940,9,274990
1986,0.031026,172.31.36.0-255,66,271006,9,274990
1987,0.032425,104.244.42.0-255,66,271072,9,274990
1988,0.032433,104.244.42.0-255,66,271138,9,274990
1989,0.032554,104.244.42.0-255,66,271204,9,274990
1990,0.033625,172.217.194.0-255,3549,274753,9,274990
1991,0.03363,172.31.36.0-255,66,274819,9,274990
1992,0.033795,172.31.36.0-255,105,274924,9,274990
1993,0.036391,172.217.194.0-255,66,274990,9,274990
1994,0.0,172.217.194.0-255,149,149,9,329502
1995,3.4e-05,172.31.36.0-255,66,215,9,329502
1996,4.1e-05,172.217.194.0-255,1484,1699,9,329502
1997,4.5e-05,172.31.36.0-255,66,1765,9,329502
1998,4.9e-05,172.217.194.0-255,2902,4667,9,329502
1999,5.1e-05,172.31.36.0-255,66,4733,9,329502
2000,5.9e-05,172.217.194.0-255,7156,11889,9,329502
2001,6.2e-05,172.31.36.0-255,66,11955,9,329502
2002,0.000101,172.31.36.0-255,66,12021,9,329502
2003,0.000106,172.217.194.0-255,2543,14564,9,329502
2004,0.000108,172.31.36.0-255,66,14630,9,329502
2005,0.000129,172.217.194.0-255,1484,16114,9,329502
2006,0.000131,172.31.36.0-255,66,16180,9,329502
2007,0.000153,172.217.194.0-255,4320,20500,9,329502
2008,0.000156,172.31.36.0-255,66,20566,9,329502
2009,0.000162,172.217.194.0-255,7156,27722,9,329502
2010,0.000164,172.31.36.0-255,66,27788,9,329502
2011,0.000191,172.217.194.0-255,3961,31749,9,329502
2012,0.000194,172.31.36.0-255,66,31815,9,329502
2013,0.000232,172.217.194.0-255,4320,36135,9,329502
2014,0.000235,172.31.36.0-255,66,36201,9,329502
2015,0.000238,172.217.194.0-255,1484,37685,9,329502
2016,0.00024,172.31.36.0-255,66,37751,9,329502
2017,0.00026,172.217.194.0-255,4320,42071,9,329502
2018,0.000262,172.31.36.0-255,66,42137,9,329502
2019,0.000312,172.31.36.0-255,66,42203,9,329502
2020,0.000474,172.217.194.0-255,1484,43687,9,329502
2021,0.000479,172.31.36.0-255,66,43753,9,329502
2022,0.000504,172.217.194.0-255,2902,46655,9,329502
2023,0.000507,172.31.36.0-255,66,46721,9,329502
2024,0.000513,172.217.194.0-255,5738,52459,9,329502
2025,0.000515,172.31.36.0-255,66,52525,9,329502
2026,0.00053,172.217.194.0-255,1484,54009,9,329502
2027,0.000546,172.217.194.0-255,5379,59388,9,329502
2028,0.000552,172.31.36.0-255,66,59454,9,329502
2029,0.00059,172.217.194.0-255,7156,66610,9,329502
2030,0.000594,172.31.36.0-255,66,66676,9,329502
2031,0.000606,172.31.36.0-255,66,66742,9,329502
2032,0.00066,172.217.194.0-255,7156,73898,9,329502
2033,0.000663,172.31.36.0-255,66,73964,9,329502
2034,0.000691,172.31.36.0-255,66,74030,9,329502
2035,0.000971,172.217.194.0-255,1484,75514,9,329502
2036,0.000977,172.217.194.0-255,2902,78416,9,329502
2037,0.00098,172.31.36.0-255,66,78482,9,329502
2038,0.001014,172.217.194.0-255,5738,84220,9,329502
2039,0.001017,172.31.36.0-255,66,84286,9,329502
2040,0.001041,172.217.194.0-255,1484,85770,9,329502
2041,0.001076,172.31.36.0-255,66,85836,9,329502
2042,0.001083,172.217.194.0-255,7156,92992,9,329502
2043,0.001086,172.31.36.0-255,66,93058,9,329502
2044,0.0011,172.217.194.0-255,3602,96660,9,329502
2045,0.001104,172.31.36.0-255,66,96726,9,329502
2046,0.00161,172.217.194.0-255,1484,98210,9,329502
2047,0.00162,172.217.194.0-255,2902,101112,9,329502
2048,0.001624,172.31.36.0-255,66,101178,9,329502
2049,0.001631,172.217.194.0-255,5738,106916,9,329502
2050,0.001633,172.31.36.0-255,66,106982,9,329502
2051,0.001663,172.217.194.0-255,4320,111302,9,329502
2052,0.001666,172.31.36.0-255,66,111368,9,329502
2053,0.001684,172.217.194.0-255,7156,118524,9,329502
2054,0.001686,172.31.36.0-255,66,118590,9,329502
2055,0.001699,172.31.36.0-255,66,118656,9,329502
2056,0.00211,172.217.194.0-255,1484,120140,9,329502
2057,0.002118,172.217.194.0-255,2902,123042,9,329502
2058,0.002123,172.31.36.0-255,66,123108,9,329502
2059,0.00213,172.217.194.0-255,5738,128846,9,329502
2060,0.002132,172.31.36.0-255,66,128912,9,329502
2061,0.002188,172.217.194.0-255,5738,134650,9,329502
2062,0.002191,172.31.36.0-255,66,134716,9,329502
2063,0.002224,172.217.194.0-255,7156,141872,9,329502
2064,0.002228,172.31.36.0-255,66,141938,9,329502
2065,0.002239,172.31.36.0-255,66,142004,9,329502
2066,0.002266,172.217.194.0-255,7156,149160,9,329502
2067,0.002268,172.31.36.0-255,66,149226,9,329502
2068,0.002298,172.31.36.0-255,66,149292,9,329502
2069,0.002314,172.217.194.0-255,2902,152194,9,329502
2070,0.002315,172.31.36.0-255,66,152260,9,329502
2071,0.002326,172.31.36.0-255,66,152326,9,329502
2072,0.004636,172.217.194.0-255,5738,158064,9,329502
2073,0.004641,172.31.36.0-255,66,158130,9,329502
2074,0.006949,172.217.194.0-255,5738,163868,9,329502
2075,0.006956,172.31.36.0-255,66,163934,9,329502
2076,0.009268,172.217.194.0-255,5738,169672,9,329502
2077,0.009274,172.31.36.0-255,66,169738,9,329502
2078,0.011563,172.217.194.0-255,5738,175476,9,329502
2079,0.01157,172.31.36.0-255,66,175542,9,329502
2080,0.013876,172.217.194.0-255,5738,181280,9,329502
2081,0.013882,172.31.36.0-255,66,181346,9,329502
2082,0.016198,172.217.194.0-255,5738,187084,9,329502
2083,0.016209,172.31.36.0-255,66,187150,9,329502
2084,0.018524,172.217.194.0-255,5738,192888,9,329502
2085,0.018532,172.31.36.0-255,66,192954,9,329502
2086,0.020834,172.217.194.0-255,5738,198692,9,329502
2087,0.020841,172.31.36.0-255,66,198758,9,329502
2088,0.023137,172.217.194.0-255,2902,201660,9,329502
2089,0.023144,172.31.36.0-255,66,201726,9,329502
2090,0.023166,172.217.194.0-255,2902,204628,9,329502
2091,0.023169,172.31.36.0-255,66,204694,9,329502
2092,0.025464,172.217.194.0-255,5738,210432,9,329502
2093,0.025471,172.31.36.0-255,66,210498,9,329502
2094,0.027788,172.217.194.0-255,5738,216236,9,329502
2095,0.027796,172.31.36.0-255,66,216302,9,329502
2096,0.030126,172.217.194.0-255,5738,222040,9,329502
2097,0.030142,172.31.36.0-255,66,222106,9,329502
2098,0.032501,172.217.194.0-255,5738,227844,9,329502
2099,0.032517,172.31.36.0-255,66,227910,9,329502
2100,0.034807,172.217.194.0-255,5738,233648,9,329502
2101,0.034819,172.31.36.0-255,66,233714,9,329502
2102,0.035087,172.31.36.0-255,172,233886,9,329502
2103,0.035148,172.31.36.0-255,1117,235003,9,329502
2104,0.035395,172.31.36.0-255,1514,236517,9,329502
2105,0.035399,172.31.36.0-255,1514,238031,9,329502
2106,0.0354,172.31.36.0-255,1514,239545,9,329502
2107,0.035401,172.31.36.0-255,1514,241059,9,329502
2108,0.035435,172.31.36.0-255,1499,242558,9,329502
2109,0.036631,104.244.42.0-255,66,242624,9,329502
2110,0.036763,104.244.42.0-255,66,242690,9,329502
2111,0.037008,104.244.42.0-255,66,242756,9,329502
2112,0.037106,172.217.194.0-255,4320,247076,9,329502
2113,0.037111,172.31.36.0-255,66,247142,9,329502
2114,0.037145,104.244.42.0-255,66,247208,9,329502
2115,0.037148,172.217.194.0-255,1484,248692,9,329502
2116,0.039425,172.217.194.0-255,4320,253012,9,329502
2117,0.039431,172.31.36.0-255,66,253078,9,329502
2118,0.041706,172.217.194.0-255,5738,258816,9,329502
2119,0.041713,172.31.36.0-255,66,258882,9,329502
2120,0.044021,172.217.194.0-255,5738,264620,9,329502
2121,0.044027,172.31.36.0-255,66,264686,9,329502
2122,0.046325,172.217.194.0-255,5738,270424,9,329502
2123,0.04633,172.31.36.0-255,66,270490,9,329502
2124,0.048649,172.217.194.0-255,5738,276228,9,329502
2125,0.048654,172.31.36.0-255,66,276294,9,329502
2126,0.050941,172.217.194.0-255,4320,280614,9,329502
2127,0.050947,172.31.36.0-255,66,280680,9,329502
2128,0.050976,172.217.194.0-255,1484,282164,9,329502
2129,0.05328,172.217.194.0-255,4320,286484,9,329502
2130,0.053286,172.31.36.0-255,66,286550,9,329502
2131,0.055567,172.217.194.0-255,5738,292288,9,329502
2132,0.055572,172.31.36.0-255,66,292354,9,329502
2133,0.057849,172.217.194.0-255,2902,295256,9,329502
2134,0.057854,172.31.36.0-255,66,295322,9,329502
2135,0.057886,172.217.194.0-255,2902,298224,9,329502
2136,0.057889,172.31.36.0-255,66,298290,9,329502
2137,0.060161,172.217.194.0-255,2902,301192,9,329502
2138,0.060163,172.31.36.0-255,66,301258,9,329502
2139,0.060197,172.217.194.0-255,2902,304160,9,329502
2140,0.0602,172.31.36.0-255,66,304226,9,329502
2141,0.062446,172.217.194.0-255,2902,307128,9,329502
2142,0.062452,172.31.36.0-255,66,307194,9,329502
2143,0.06248,172.217.194.0-255,2902,310096,9,329502
2144,0.062483,172.31.36.0-255,66,310162,9,329502
2145,0.064746,172.217.194.0-255,2902,313064,9,329502
2146,0.064752,172.31.36.0-255,66,313130,9,329502
2147,0.064774,172.217.194.0-255,2902,316032,9,329502
2148,0.064776,172.31.36.0-255,66,316098,9,329502
2149,0.067046,172.217.194.0-255,4320,320418,9,329502
2150,0.067053,172.31.36.0-255,66,320484,9,329502
2151,0.067081,172.217.194.0-255,1484,321968,9,329502
2152,0.069361,172.217.194.0-255,4320,326288,9,329502
2153,0.069366,172.31.36.0-255,66,326354,9,329502
2154,0.071676,172.217.194.0-255,2911,329265,9,329502
2155,0.071681,172.31.36.0-255,66,329331,9,329502
2156,0.071852,172.31.36.0-255,105,329436,9,329502
2157,0.074119,172.217.194.0-255,66,329502,9,329502
2158,0.0,172.31.36.0-255,105,105,9,276
2159,0.06761,31.13.82.0-255,105,210,9,276
2160,0.067631,172.31.36.0-255,66,276,9,276
2161,0.0,172.217.194.0-255,153,153,9,368472
2162,3e-05,172.31.36.0-255,66,219,9,368472
2163,3.7e-05,172.217.194.0-255,1484,1703,9,368472
2164,4.1e-05,172.31.36.0-255,66,1769,9,368472
2165,5.5e-05,172.217.194.0-255,2902,4671,9,368472
2166,5.9e-05,172.31.36.0-255,66,4737,9,368472
2167,6.4e-05,172.217.194.0-255,4320,9057,9,368472
2168,6.7e-05,172.31.36.0-255,66,9123,9,368472
2169,9.5e-05,172.217.194.0-255,4975,14098,9,368472
2170,9.8e-05,172.31.36.0-255,66,14164,9,368472
2171,0.000298,172.217.194.0-255,1484,15648,9,368472
2172,0.000303,172.31.36.0-255,66,15714,9,368472
2173,0.000309,172.217.194.0-255,2902,18616,9,368472
2174,0.000311,172.31.36.0-255,66,18682,9,368472
2175,0.000344,172.217.194.0-255,5738,24420,9,368472
2176,0.000349,172.31.36.0-255,66,24486,9,368472
2177,0.000354,172.217.194.0-255,4320,28806,9,368472
2178,0.000357,172.31.36.0-255,66,28872,9,368472
2179,0.000387,172.217.194.0-255,2543,31415,9,368472
2180,0.000391,172.31.36.0-255,66,31481,9,368472
2181,0.000444,172.217.194.0-255,1484,32965,9,368472
2182,0.000449,172.31.36.0-255,66,33031,9,368472
2183,0.000457,172.217.194.0-255,2902,35933,9,368472
2184,0.00046,172.31.36.0-255,66,35999,9,368472
2185,0.000469,172.217.194.0-255,2902,38901,9,368472
2186,0.000472,172.31.36.0-255,66,38967,9,368472
2187,0.000497,172.217.194.0-255,2902,41869,9,368472
2188,0.000501,172.31.36.0-255,66,41935,9,368472
2189,0.000512,172.31.36.0-255,66,42001,9,368472
2190,0.000539,172.217.194.0-255,3961,45962,9,368472
2191,0.000542,172.31.36.0-255,66,46028,9,368472
2192,0.000548,172.217.194.0-255,4320,50348,9,368472
2193,0.000551,172.31.36.0-255,66,50414,9,368472
2194,0.000579,172.217.194.0-255,6797,57211,9,368472
2195,0.000582,172.31.36.0-255,66,57277,9,368472
2196,0.00067,172.217.194.0-255,647,57924,9,368472
2197,0.000779,172.31.36.0-255,66,57990,9,368472
2198,0.000832,172.217.194.0-255,1484,59474,9,368472
2199,0.000841,172.217.194.0-255,2902,62376,9,368472
2200,0.000843,172.31.36.0-255,66,62442,9,368472
2201,0.000862,172.217.194.0-255,5738,68180,9,368472
2202,0.000864,172.31.36.0-255,66,68246,9,368472
2203,0.000894,172.31.36.0-255,66,68312,9,368472
2204,0.000916,172.217.194.0-255,1484,69796,9,368472
2205,0.000928,172.31.36.0-255,66,69862,9,368472
2206,0.00148,172.217.194.0-255,1484,71346,9,368472
2207,0.001495,172.217.194.0-255,2902,74248,9,368472
2208,0.001499,172.31.36.0-255,66,74314,9,368472
2209,0.001528,172.217.194.0-255,2902,77216,9,368472
2210,0.00153,172.31.36.0-255,66,77282,9,368472
2211,0.001557,172.217.194.0-255,2902,80184,9,368472
2212,0.001559,172.31.36.0-255,66,80250,9,368472
2213,0.001564,172.217.194.0-255,5738,85988,9,368472
2214,0.001566,172.31.36.0-255,66,86054,9,368472
2215,0.001576,172.217.194.0-255,7156,93210,9,368472
2216,0.001578,172.31.36.0-255,66,93276,9,368472
2217,0.001586,172.31.36.0-255,66,93342,9,368472
2218,0.001606,172.217.194.0-255,2184,95526,9,368472
2219,0.001608,172.31.36.0-255,66,95592,9,368472
2220,0.001879,172.217.194.0-255,1484,97076,9,368472
2221,0.00189,172.217.194.0-255,2902,99978,9,368472
2222,0.001893,172.31.36.0-255,66,100044,9,368472
2223,0.001916,172.217.194.0-255,5738,105782,9,368472
2224,0.001918,172.31.36.0-255,66,105848,9,368472
2225,0.001951,172.31.36.0-255,66,105914,9,368472
2226,0.001987,172.217.194.0-255,4320,110234,9,368472
2227,0.001988,172.31.36.0-255,66,110300,9,368472
2228,0.002019,172.31.36.0-255,66,110366,9,368472
2229,0.002042,172.217.194.0-255,1484,111850,9,368472
2230,0.002046,172.217.194.0-255,2902,114752,9,368472
2231,0.002047,172.31.36.0-255,66,114818,9,368472
2232,0.00205,172.217.194.0-255,1484,116302,9,368472
2233,0.002072,172.217.194.0-255,4320,120622,9,368472
2234,0.002074,172.31.36.0-255,66,120688,9,368472
2235,0.002088,172.217.194.0-255,5738,126426,9,368472
2236,0.00209,172.31.36.0-255,66,126492,9,368472
2237,0.002121,172.217.194.0-255,7156,133648,9,368472
2238,0.002132,172.217.194.0-255,2902,136550,9,368472
2239,0.002152,172.217.194.0-255,5738,142288,9,368472
2240,0.002162,172.217.194.0-255,2184,144472,9,368472
2241,0.002302,172.217.194.0-255,1484,145956,9,368472
2242,0.002313,172.217.194.0-255,2902,148858,9,368472
2243,0.002323,172.217.194.0-255,1484,150342,9,368472
2244,0.002336,172.217.194.0-255,4320,154662,9,368472
2245,0.002339,172.217.194.0-255,1484,156146,9,368472
2246,0.002356,172.217.194.0-255,2902,159048,9,368472
2247,0.002361,172.217.194.0-255,4320,163368,9,368472
2248,0.005865,172.31.36.0-255,66,163434,9,368472
2249,0.008215,172.217.194.0-255,5738,169172,9,368472
2250,0.008223,172.31.36.0-255,66,169238,9,368472
2251,0.010567,172.217.194.0-255,5738,174976,9,368472
2252,0.010574,172.31.36.0-255,66,175042,9,368472
2253,0.012927,172.217.194.0-255,5738,180780,9,368472
2254,0.012934,172.31.36.0-255,66,180846,9,368472
2255,0.01529,172.217.194.0-255,5738,186584,9,368472
2256,0.015299,172.31.36.0-255,66,186650,9,368472
2257,0.017645,172.217.194.0-255,5738,192388,9,368472
2258,0.017653,172.31.36.0-255,66,192454,9,368472
2259,0.020002,172.217.194.0-255,5738,198192,9,368472
2260,0.020009,172.31.36.0-255,66,198258,9,368472
2261,0.02236,172.217.194.0-255,5738,203996,9,368472
2262,0.022368,172.31.36.0-255,66,204062,9,368472
2263,0.022486,172.31.36.0-255,172,204234,9,368472
2264,0.022511,172.31.36.0-255,1116,205350,9,368472
2265,0.022652,172.31.36.0-255,1506,206856,9,368472
2266,0.024064,104.244.42.0-255,66,206922,9,368472
2267,0.02407,104.244.42.0-255,66,206988,9,368472
2268,0.024245,104.244.42.0-255,66,207054,9,368472
2269,0.024695,172.217.194.0-255,4320,211374,9,368472
2270,0.0247,172.31.36.0-255,66,211440,9,368472
2271,0.024733,172.217.194.0-255,1484,212924,9,368472
2272,0.027061,172.217.194.0-255,4320,217244,9,368472
2273,0.027067,172.31.36.0-255,66,217310,9,368472
2274,0.029425,172.217.194.0-255,5738,223048,9,368472
2275,0.029431,172.31.36.0-255,66,223114,9,368472
2276,0.0318,172.217.194.0-255,5738,228852,9,368472
2277,0.031806,172.31.36.0-255,66,228918,9,368472
2278,0.034188,172.217.194.0-255,5738,234656,9,368472
2279,0.034193,172.31.36.0-255,66,234722,9,368472
2280,0.036534,172.217.194.0-255,5738,240460,9,368472
2281,0.036539,172.31.36.0-255,66,240526,9,368472
2282,0.038891,172.217.194.0-255,5738,246264,9,368472
2283,0.038897,172.31.36.0-255,66,246330,9,368472
2284,0.041212,172.217.194.0-255,5738,252068,9,368472
2285,0.041217,172.31.36.0-255,66,252134,9,368472
2286,0.043533,172.217.194.0-255,5738,257872,9,368472
2287,0.04354,172.31.36.0-255,66,257938,9,368472
2288,0.045876,172.217.194.0-255,5738,263676,9,368472
2289,0.045881,172.31.36.0-255,66,263742,9,368472
2290,0.048194,172.217.194.0-255,4320,268062,9,368472
2291,0.0482,172.31.36.0-255,66,268128,9,368472
2292,0.048234,172.217.194.0-255,1484,269612,9,368472
2293,0.050522,172.217.194.0-255,4320,273932,9,368472
2294,0.050527,172.31.36.0-255,66,273998,9,368472
2295,0.052868,172.217.194.0-255,5738,279736,9,368472
2296,0.052874,172.31.36.0-255,66,279802,9,368472
2297,0.055181,172.217.194.0-255,5738,285540,9,368472
2298,0.055187,172.31.36.0-255,66,285606,9,368472
2299,0.057518,172.217.194.0-255,5738,291344,9,368472
2300,0.057524,172.31.36.0-255,66,291410,9,368472
2301,0.059829,172.217.194.0-255,2902,294312,9,368472
2302,0.059834,172.31.36.0-255,66,294378,9,368472
2303,0.059871,172.217.194.0-255,2902,297280,9,368472
2304,0.059875,172.31.36.0-255,66,297346,9,368472
2305,0.062142,172.217.194.0-255,2902,300248,9,368472
2306,0.062146,172.31.36.0-255,66,300314,9,368472
2307,0.062236,172.217.194.0-255,2902,303216,9,368472
2308,0.06224,172.31.36.0-255,66,303282,9,368472
2309,0.064479,172.217.194.0-255,2902,306184,9,368472
2310,0.064485,172.31.36.0-255,66,306250,9,368472
2311,0.064533,172.217.194.0-255,2902,309152,9,368472
2312,0.064537,172.31.36.0-255,66,309218,9,368472
2313,0.066847,172.217.194.0-255,5738,314956,9,368472
2314,0.066853,172.31.36.0-255,66,315022,9,368472
2315,0.069164,172.217.194.0-255,5738,320760,9,368472
2316,0.069169,172.31.36.0-255,66,320826,9,368472
2317,0.071517,172.217.194.0-255,2902,323728,9,368472
2318,0.071522,172.31.36.0-255,66,323794,9,368472
2319,0.071556,172.217.194.0-255,2902,326696,9,368472
2320,0.071559,172.31.36.0-255,66,326762,9,368472
2321,0.073886,172.217.194.0-255,5738,332500,9,368472
2322,0.073891,172.31.36.0-255,66,332566,9,368472
2323,0.076249,172.217.194.0-255,5738,338304,9,368472
2324,0.076255,172.31.36.0-255,66,338370,9,368472
2325,0.078599,172.217.194.0-255,5738,344108,9,368472
2326,0.078604,172.31.36.0-255,66,344174,9,368472
2327,0.080935,172.217.194.0-255,5738,349912,9,368472
2328,0.080943,172.31.36.0-255,66,349978,9,368472
2329,0.083318,172.217.194.0-255,4320,354298,9,368472
2330,0.083325,172.31.36.0-255,66,354364,9,368472
2331,0.083385,172.217.194.0-255,1484,355848,9,368472
2332,0.085667,172.217.194.0-255,4320,360168,9,368472
2333,0.085674,172.31.36.0-255,66,360234,9,368472
2334,0.088022,172.217.194.0-255,5738,365972,9,368472
2335,0.088028,172.31.36.0-255,66,366038,9,368472
2336,0.090376,172.217.194.0-255,2197,368235,9,368472
2337,0.090381,172.31.36.0-255,66,368301,9,368472
2338,0.090567,172.31.36.0-255,105,368406,9,368472
2339,0.092858,172.217.194.0-255,66,368472,9,368472
2340,0.0,74.125.200.0-255,153,153,9,373166
2341,2e-05,172.31.36.0-255,66,219,9,373166
2342,2.7e-05,74.125.200.0-255,1484,1703,9,373166
2343,3.1e-05,172.31.36.0-255,66,1769,9,373166
2344,3.6e-05,74.125.200.0-255,2902,4671,9,373166
2345,4.8e-05,172.31.36.0-255,66,4737,9,373166
2346,5.5e-05,74.125.200.0-255,7156,11893,9,373166
2347,5.8e-05,172.31.36.0-255,66,11959,9,373166
2348,6.2e-05,74.125.200.0-255,2048,14007,9,373166
2349,6.4e-05,172.31.36.0-255,66,14073,9,373166
2350,8.6e-05,74.125.200.0-255,2902,16975,9,373166
2351,9e-05,172.31.36.0-255,66,17041,9,373166
2352,9.4e-05,74.125.200.0-255,4320,21361,9,373166
2353,9.6e-05,172.31.36.0-255,66,21427,9,373166
2354,0.000134,74.125.200.0-255,2902,24329,9,373166
2355,0.000136,172.31.36.0-255,66,24395,9,373166
2356,0.000143,74.125.200.0-255,6797,31192,9,373166
2357,0.000145,172.31.36.0-255,66,31258,9,373166
2358,0.000202,74.125.200.0-255,1484,32742,9,373166
2359,0.000205,172.31.36.0-255,66,32808,9,373166
2360,0.000209,74.125.200.0-255,2902,35710,9,373166
2361,0.000211,172.31.36.0-255,66,35776,9,373166
2362,0.000231,74.125.200.0-255,5738,41514,9,373166
2363,0.000238,172.31.36.0-255,66,41580,9,373166
2364,0.000293,74.125.200.0-255,7156,48736,9,373166
2365,0.000295,172.31.36.0-255,66,48802,9,373166
2366,0.000323,74.125.200.0-255,3961,52763,9,373166
2367,0.000325,172.31.36.0-255,66,52829,9,373166
2368,0.000337,172.31.36.0-255,66,52895,9,373166
2369,0.00034,74.125.200.0-255,1435,54330,9,373166
2370,0.000342,172.31.36.0-255,66,54396,9,373166
2371,0.000345,74.125.200.0-255,110,54506,9,373166
2372,0.000396,74.125.200.0-255,333,54839,9,373166
2373,0.000497,74.125.200.0-255,1484,56323,9,373166
2374,0.000502,172.31.36.0-255,66,56389,9,373166
2375,0.000508,74.125.200.0-255,2902,59291,9,373166
2376,0.000512,172.31.36.0-255,66,59357,9,373166
2377,0.000514,74.125.200.0-255,1484,60841,9,373166
2378,0.000533,74.125.200.0-255,2902,63743,9,373166
2379,0.000536,172.31.36.0-255,66,63809,9,373166
2380,0.000562,74.125.200.0-255,4320,68129,9,373166
2381,0.000565,172.31.36.0-255,66,68195,9,373166
2382,0.000591,74.125.200.0-255,1484,69679,9,373166
2383,0.000597,74.125.200.0-255,5738,75417,9,373166
2384,0.0006,172.31.36.0-255,66,75483,9,373166
2385,0.000623,74.125.200.0-255,1484,76967,9,373166
2386,0.000629,74.125.200.0-255,5738,82705,9,373166
2387,0.000632,172.31.36.0-255,66,82771,9,373166
2388,0.000635,74.125.200.0-255,1484,84255,9,373166
2389,0.000662,74.125.200.0-255,5020,89275,9,373166
2390,0.000665,172.31.36.0-255,66,89341,9,373166
2391,0.001252,74.125.200.0-255,1484,90825,9,373166
2392,0.00126,74.125.200.0-255,2902,93727,9,373166
2393,0.001264,172.31.36.0-255,66,93793,9,373166
2394,0.001269,74.125.200.0-255,1484,95277,9,373166
2395,0.001291,74.125.200.0-255,1484,96761,9,373166
2396,0.001294,172.31.36.0-255,66,96827,9,373166
2397,0.0013,74.125.200.0-255,4320,101147,9,373166
2398,0.001303,172.31.36.0-255,66,101213,9,373166
2399,0.001348,172.31.36.0-255,66,101279,9,373166
2400,0.001354,74.125.200.0-255,4320,105599,9,373166
2401,0.001356,172.31.36.0-255,66,105665,9,373166
2402,0.00139,74.125.200.0-255,5738,111403,9,373166
2403,0.001394,172.31.36.0-255,66,111469,9,373166
2404,0.001399,74.125.200.0-255,3602,115071,9,373166
2405,0.0014,172.31.36.0-255,66,115137,9,373166
2406,0.001457,74.125.200.0-255,1484,116621,9,373166
2407,0.001481,74.125.200.0-255,1484,118105,9,373166
2408,0.001486,172.31.36.0-255,66,118171,9,373166
2409,0.001491,74.125.200.0-255,2902,121073,9,373166
2410,0.001493,172.31.36.0-255,66,121139,9,373166
2411,0.001505,74.125.200.0-255,5738,126877,9,373166
2412,0.001508,172.31.36.0-255,66,126943,9,373166
2413,0.001559,172.31.36.0-255,66,127009,9,373166
2414,0.001562,74.125.200.0-255,1484,128493,9,373166
2415,0.001566,74.125.200.0-255,2902,131395,9,373166
2416,0.001568,172.31.36.0-255,66,131461,9,373166
2417,0.001574,74.125.200.0-255,5020,136481,9,373166
2418,0.001578,172.31.36.0-255,66,136547,9,373166
2419,0.001602,74.125.200.0-255,1484,138031,9,373166
2420,0.001637,74.125.200.0-255,4320,142351,9,373166
2421,0.001641,172.31.36.0-255,66,142417,9,373166
2422,0.001652,172.31.36.0-255,66,142483,9,373166
2423,0.001665,74.125.200.0-255,2902,145385,9,373166
2424,0.001667,172.31.36.0-255,66,145451,9,373166
2425,0.001698,172.31.36.0-255,66,145517,9,373166
2426,0.001704,74.125.200.0-255,6438,151955,9,373166
2427,0.001706,172.31.36.0-255,66,152021,9,373166
2428,0.002141,74.125.200.0-255,1484,153505,9,373166
2429,0.002154,74.125.200.0-255,1484,154989,9,373166
2430,0.002158,172.31.36.0-255,66,155055,9,373166
2431,0.002183,74.125.200.0-255,1484,156539,9,373166
2432,0.002189,74.125.200.0-255,5738,162277,9,373166
2433,0.002193,74.125.200.0-255,2902,165179,9,373166
2434,0.002198,172.31.36.0-255,66,165245,9,373166
2435,0.002201,172.31.36.0-255,66,165311,9,373166
2436,0.002212,74.125.200.0-255,4320,169631,9,373166
2437,0.002214,172.31.36.0-255,66,169697,9,373166
2438,0.002229,172.31.36.0-255,66,169763,9,373166
2439,0.002287,74.125.200.0-255,5738,175501,9,373166
2440,0.00229,172.31.36.0-255,66,175567,9,373166
2441,0.002317,74.125.200.0-255,1484,177051,9,373166
2442,0.00232,74.125.200.0-255,766,177817,9,373166
2443,0.002322,172.31.36.0-255,66,177883,9,373166
2444,0.003014,172.31.36.0-255,101,177984,9,373166
2445,0.004848,74.125.200.0-255,2902,180886,9,373166
2446,0.004855,172.31.36.0-255,66,180952,9,373166
2447,0.004884,74.125.200.0-255,2902,183854,9,373166
2448,0.004888,172.31.36.0-255,66,183920,9,373166
2449,0.005529,74.125.200.0-255,66,183986,9,373166
2450,0.007406,74.125.200.0-255,2902,186888,9,373166
2451,0.007412,172.31.36.0-255,66,186954,9,373166
2452,0.007446,74.125.200.0-255,2902,189856,9,373166
2453,0.00745,172.31.36.0-255,66,189922,9,373166
2454,0.010004,74.125.200.0-255,2902,192824,9,373166
2455,0.010014,172.31.36.0-255,66,192890,9,373166
2456,0.010043,74.125.200.0-255,2902,195792,9,373166
2457,0.010047,172.31.36.0-255,66,195858,9,373166
2458,0.012571,74.125.200.0-255,2902,198760,9,373166
2459,0.012578,172.31.36.0-255,66,198826,9,373166
2460,0.012613,74.125.200.0-255,2902,201728,9,373166
2461,0.012618,172.31.36.0-255,66,201794,9,373166
2462,0.015123,74.125.200.0-255,2902,204696,9,373166
2463,0.015131,172.31.36.0-255,66,204762,9,373166
2464,0.015178,74.125.200.0-255,2902,207664,9,373166
2465,0.015184,172.31.36.0-255,66,207730,9,373166
2466,0.017691,74.125.200.0-255,2902,210632,9,373166
2467,0.0177,172.31.36.0-255,66,210698,9,373166
2468,0.017732,74.125.200.0-255,2902,213600,9,373166
2469,0.017736,172.31.36.0-255,66,213666,9,373166
2470,0.020256,74.125.200.0-255,2902,216568,9,373166
2471,0.020263,172.31.36.0-255,66,216634,9,373166
2472,0.020294,74.125.200.0-255,2902,219536,9,373166
2473,0.020298,172.31.36.0-255,66,219602,9,373166
2474,0.02281,74.125.200.0-255,2902,222504,9,373166
2475,0.022815,172.31.36.0-255,66,222570,9,373166
2476,0.022841,74.125.200.0-255,2902,225472,9,373166
2477,0.022843,172.31.36.0-255,66,225538,9,373166
2478,0.025364,74.125.200.0-255,2902,228440,9,373166
2479,0.025371,172.31.36.0-255,66,228506,9,373166
2480,0.025401,74.125.200.0-255,2902,231408,9,373166
2481,0.025405,172.31.36.0-255,66,231474,9,373166
2482,0.027922,74.125.200.0-255,2902,234376,9,373166
2483,0.02793,172.31.36.0-255,66,234442,9,373166
2484,0.027962,74.125.200.0-255,2902,237344,9,373166
2485,0.027966,172.31.36.0-255,66,237410,9,373166
2486,0.030453,172.31.36.0-255,167,237577,9,373166
2487,0.030494,74.125.200.0-255,2902,240479,9,373166
2488,0.030499,172.31.36.0-255,66,240545,9,373166
2489,0.030529,74.125.200.0-255,2902,243447,9,373166
2490,0.030534,172.31.36.0-255,66,243513,9,373166
2491,0.030557,172.31.36.0-255,1115,244628,9,373166
2492,0.030642,172.31.36.0-255,1514,246142,9,373166
2493,0.030644,172.31.36.0-255,1284,247426,9,373166
2494,0.032006,104.244.42.0-255,66,247492,9,373166
2495,0.032104,104.244.42.0-255,66,247558,9,373166
2496,0.032198,104.244.42.0-255,66,247624,9,373166
2497,0.033052,74.125.200.0-255,2902,250526,9,373166
2498,0.033056,172.31.36.0-255,66,250592,9,373166
2499,0.033084,74.125.200.0-255,2902,253494,9,373166
2500,0.033086,172.31.36.0-255,66,253560,9,373166
2501,0.035624,74.125.200.0-255,5738,259298,9,373166
2502,0.035629,172.31.36.0-255,66,259364,9,373166
2503,0.038194,74.125.200.0-255,5738,265102,9,373166
2504,0.038199,172.31.36.0-255,66,265168,9,373166
2505,0.040749,74.125.200.0-255,5738,270906,9,373166
2506,0.040755,172.31.36.0-255,66,270972,9,373166
2507,0.043309,74.125.200.0-255,5738,276710,9,373166
2508,0.043315,172.31.36.0-255,66,276776,9,373166
2509,0.045865,74.125.200.0-255,5738,282514,9,373166
2510,0.04587,172.31.36.0-255,66,282580,9,373166
2511,0.048428,74.125.200.0-255,5738,288318,9,373166
2512,0.048435,172.31.36.0-255,66,288384,9,373166
2513,0.050976,74.125.200.0-255,2902,291286,9,373166
2514,0.050982,172.31.36.0-255,66,291352,9,373166
2515,0.051006,74.125.200.0-255,2902,294254,9,373166
2516,0.051009,172.31.36.0-255,66,294320,9,373166
2517,0.053543,74.125.200.0-255,2902,297222,9,373166
2518,0.053549,172.31.36.0-255,66,297288,9,373166
2519,0.053584,74.125.200.0-255,2902,300190,9,373166
2520,0.053587,172.31.36.0-255,66,300256,9,373166
2521,0.056102,74.125.200.0-255,2902,303158,9,373166
2522,0.056107,172.31.36.0-255,66,303224,9,373166
2523,0.056138,74.125.200.0-255,2902,306126,9,373166
2524,0.056142,172.31.36.0-255,66,306192,9,373166
2525,0.058658,74.125.200.0-255,2902,309094,9,373166
2526,0.058664,172.31.36.0-255,66,309160,9,373166
2527,0.058693,74.125.200.0-255,2902,312062,9,373166
2528,0.058697,172.31.36.0-255,66,312128,9,373166
2529,0.061219,74.125.200.0-255,2902,315030,9,373166
2530,0.061225,172.31.36.0-255,66,315096,9,373166
2531,0.061251,74.125.200.0-255,2902,317998,9,373166
2532,0.061256,172.31.36.0-255,66,318064,9,373166
2533,0.063774,74.125.200.0-255,2902,320966,9,373166
2534,0.063779,172.31.36.0-255,66,321032,9,373166
2535,0.063815,74.125.200.0-255,2902,323934,9,373166
2536,0.063818,172.31.36.0-255,66,324000,9,373166
2537,0.066331,74.125.200.0-255,2902,326902,9,373166
2538,0.066337,172.31.36.0-255,66,326968,9,373166
2539,0.066372,74.125.200.0-255,2902,329870,9,373166
2540,0.066375,172.31.36.0-255,66,329936,9,373166
2541,0.068895,74.125.200.0-255,2902,332838,9,373166
2542,0.068902,172.31.36.0-255,66,332904,9,373166
2543,0.068954,74.125.200.0-255,2902,335806,9,373166
2544,0.068959,172.31.36.0-255,66,335872,9,373166
2545,0.071444,74.125.200.0-255,2902,338774,9,373166
2546,0.071449,172.31.36.0-255,66,338840,9,373166
2547,0.071495,74.125.200.0-255,2902,341742,9,373166
2548,0.071499,172.31.36.0-255,66,341808,9,373166
2549,0.073996,74.125.200.0-255,2902,344710,9,373166
2550,0.074001,172.31.36.0-255,66,344776,9,373166
2551,0.074039,74.125.200.0-255,2902,347678,9,373166
2552,0.074042,172.31.36.0-255,66,347744,9,373166
2553,0.076559,74.125.200.0-255,2902,350646,9,373166
2554,0.076564,172.31.36.0-255,66,350712,9,373166
2555,0.076608,74.125.200.0-255,2902,353614,9,373166
2556,0.076611,172.31.36.0-255,66,353680,9,373166
2557,0.079107,74.125.200.0-255,2902,356582,9,373166
2558,0.079112,172.31.36.0-255,66,356648,9,373166
2559,0.079156,74.125.200.0-255,2902,359550,9,373166
2560,0.079161,172.31.36.0-255,66,359616,9,373166
2561,0.081669,74.125.200.0-255,2902,362518,9,373166
2562,0.081675,172.31.36.0-255,66,362584,9,373166
2563,0.081732,74.125.200.0-255,1484,364068,9,373166
2564,0.08175,74.125.200.0-255,1484,365552,9,373166
2565,0.081753,172.31.36.0-255,66,365618,9,373166
2566,0.084223,74.125.200.0-255,2902,368520,9,373166
2567,0.084229,172.31.36.0-255,66,368586,9,373166
2568,0.084288,74.125.200.0-255,2902,371488,9,373166
2569,0.084292,172.31.36.0-255,66,371554,9,373166
2570,0.086781,74.125.200.0-255,1441,372995,9,373166
2571,0.086969,172.31.36.0-255,105,373100,9,373166
2572,0.092499,74.125.200.0-255,66,373166,9,373166
2573,0.0,172.217.194.0-255,153,153,9,296202
2574,1.9e-05,172.31.36.0-255,66,219,9,296202
2575,3.5e-05,172.217.194.0-255,1484,1703,9,296202
2576,4.1e-05,172.31.36.0-255,66,1769,9,296202
2577,4.6e-05,172.217.194.0-255,2902,4671,9,296202
2578,4.8e-05,172.31.36.0-255,66,4737,9,296202
2579,5.7e-05,172.217.194.0-255,2902,7639,9,296202
2580,6e-05,172.31.36.0-255,66,7705,9,296202
2581,8.4e-05,172.217.194.0-255,4320,12025,9,296202
2582,8.7e-05,172.31.36.0-255,66,12091,9,296202
2583,9.8e-05,172.31.36.0-255,66,12157,9,296202
2584,0.000113,172.217.194.0-255,4320,16477,9,296202
2585,0.000117,172.31.36.0-255,66,16543,9,296202
2586,0.000149,172.217.194.0-255,5379,21922,9,296202
2587,0.000153,172.31.36.0-255,66,21988,9,296202
2588,0.000193,172.217.194.0-255,1484,23472,9,296202
2589,0.000196,172.31.36.0-255,66,23538,9,296202
2590,0.000201,172.217.194.0-255,2902,26440,9,296202
2591,0.000203,172.31.36.0-255,66,26506,9,296202
2592,0.000207,172.217.194.0-255,2902,29408,9,296202
2593,0.000215,172.31.36.0-255,66,29474,9,296202
2594,0.000243,172.217.194.0-255,2902,32376,9,296202
2595,0.000245,172.31.36.0-255,66,32442,9,296202
2596,0.000252,172.217.194.0-255,6797,39239,9,296202
2597,0.000256,172.31.36.0-255,66,39305,9,296202
2598,0.000282,172.217.194.0-255,1484,40789,9,296202
2599,0.000285,172.31.36.0-255,66,40855,9,296202
2600,0.000289,172.217.194.0-255,1484,42339,9,296202
2601,0.000292,172.31.36.0-255,66,42405,9,296202
2602,0.000324,172.217.194.0-255,1484,43889,9,296202
2603,0.000328,172.31.36.0-255,66,43955,9,296202
2604,0.000335,172.217.194.0-255,5738,49693,9,296202
2605,0.000337,172.31.36.0-255,66,49759,9,296202
2606,0.000344,172.217.194.0-255,5738,55497,9,296202
2607,0.000349,172.31.36.0-255,66,55563,9,296202
2608,0.000371,172.217.194.0-255,1402,56965,9,296202
2609,0.000375,172.217.194.0-255,119,57084,9,296202
2610,0.000397,172.217.194.0-255,378,57462,9,296202
2611,0.000401,172.31.36.0-255,66,57528,9,296202
2612,0.000522,172.217.194.0-255,1484,59012,9,296202
2613,0.000527,172.217.194.0-255,2902,61914,9,296202
2614,0.00053,172.31.36.0-255,66,61980,9,296202
2615,0.000538,172.217.194.0-255,5738,67718,9,296202
2616,0.00054,172.31.36.0-255,66,67784,9,296202
2617,0.000591,172.217.194.0-255,6797,74581,9,296202
2618,0.000595,172.31.36.0-255,66,74647,9,296202
2619,0.000624,172.217.194.0-255,7156,81803,9,296202
2620,0.000627,172.31.36.0-255,66,81869,9,296202
2621,0.000661,172.31.36.0-255,66,81935,9,296202
2622,0.000686,172.217.194.0-255,1484,83419,9,296202
2623,0.000705,172.217.194.0-255,2902,86321,9,296202
2624,0.000709,172.31.36.0-255,66,86387,9,296202
2625,0.000715,172.217.194.0-255,5738,92125,9,296202
2626,0.000718,172.31.36.0-255,66,92191,9,296202
2627,0.000763,172.217.194.0-255,6797,98988,9,296202
2628,0.000768,172.31.36.0-255,66,99054,9,296202
2629,0.000961,172.217.194.0-255,1484,100538,9,296202
2630,0.000966,172.217.194.0-255,2902,103440,9,296202
2631,0.000969,172.31.36.0-255,66,103506,9,296202
2632,0.000974,172.217.194.0-255,2902,106408,9,296202
2633,0.000976,172.31.36.0-255,66,106474,9,296202
2634,0.000997,172.217.194.0-255,2902,109376,9,296202
2635,0.001,172.31.36.0-255,66,109442,9,296202
2636,0.001019,172.31.36.0-255,66,109508,9,296202
2637,0.001043,172.217.194.0-255,1484,110992,9,296202
2638,0.001081,172.31.36.0-255,66,111058,9,296202
2639,0.001177,172.217.194.0-255,1484,112542,9,296202
2640,0.00118,172.217.194.0-255,1484,114026,9,296202
2641,0.001183,172.31.36.0-255,66,114092,9,296202
2642,0.001201,172.217.194.0-255,1484,115576,9,296202
2643,0.001208,172.217.194.0-255,5738,121314,9,296202
2644,0.00121,172.31.36.0-255,66,121380,9,296202
2645,0.001214,172.217.194.0-255,1484,122864,9,296202
2646,0.001253,172.31.36.0-255,66,122930,9,296202
2647,0.00126,172.217.194.0-255,5738,128668,9,296202
2648,0.001261,172.31.36.0-255,66,128734,9,296202
2649,0.001316,172.31.36.0-255,66,128800,9,296202
2650,0.001337,172.31.36.0-255,66,128866,9,296202
2651,0.001396,172.217.194.0-255,1484,130350,9,296202
2652,0.001401,172.217.194.0-255,2902,133252,9,296202
2653,0.001403,172.31.36.0-255,66,133318,9,296202
2654,0.001473,172.217.194.0-255,5738,139056,9,296202
2655,0.001477,172.31.36.0-255,66,139122,9,296202
2656,0.001497,172.31.36.0-255,66,139188,9,296202
2657,0.00151,172.31.36.0-255,66,139254,9,296202
2658,0.001512,172.217.194.0-255,766,140020,9,296202
2659,0.002001,172.217.194.0-255,1484,141504,9,296202
2660,0.002005,172.31.36.0-255,66,141570,9,296202
2661,0.002011,172.217.194.0-255,2902,144472,9,296202
2662,0.002014,172.31.36.0-255,66,144538,9,296202
2663,0.002026,172.217.194.0-255,5738,150276,9,296202
2664,0.00203,172.31.36.0-255,66,150342,9,296202
2665,0.002033,172.217.194.0-255,1484,151826,9,296202
2666,0.002076,172.31.36.0-255,66,151892,9,296202
2667,0.002089,172.31.36.0-255,66,151958,9,296202
2668,0.002245,172.217.194.0-255,1484,153442,9,296202
2669,0.002261,172.217.194.0-255,2902,156344,9,296202
2670,0.002264,172.31.36.0-255,66,156410,9,296202
2671,0.002269,172.217.194.0-255,2902,159312,9,296202
2672,0.002271,172.31.36.0-255,66,159378,9,296202
2673,0.002291,172.217.194.0-255,2902,162280,9,296202
2674,0.002294,172.31.36.0-255,66,162346,9,296202
2675,0.002313,172.31.36.0-255,66,162412,9,296202
2676,0.00232,172.217.194.0-255,7156,169568,9,296202
2677,0.002322,172.31.36.0-255,66,169634,9,296202
2678,0.004587,172.217.194.0-255,5738,175372,9,296202
2679,0.004594,172.31.36.0-255,66,175438,9,296202
2680,0.006838,172.217.194.0-255,5738,181176,9,296202
2681,0.006843,172.31.36.0-255,66,181242,9,296202
2682,0.009127,172.217.194.0-255,5738,186980,9,296202
2683,0.009133,172.31.36.0-255,66,187046,9,296202
2684,0.011421,172.217.194.0-255,5738,192784,9,296202
2685,0.01143,172.31.36.0-255,66,192850,9,296202
2686,0.013714,172.217.194.0-255,5738,198588,9,296202
2687,0.013721,172.31.36.0-255,66,198654,9,296202
2688,0.016007,172.217.194.0-255,5738,204392,9,296202
2689,0.016014,172.31.36.0-255,66,204458,9,296202
2690,0.018282,172.217.194.0-255,5738,210196,9,296202
2691,0.018293,172.31.36.0-255,66,210262,9,296202
2692,0.020575,172.217.194.0-255,5738,216000,9,296202
2693,0.020581,172.31.36.0-255,66,216066,9,296202
2694,0.022844,172.217.194.0-255,5738,221804,9,296202
2695,0.022851,172.31.36.0-255,66,221870,9,296202
2696,0.025123,172.217.194.0-255,5738,227608,9,296202
2697,0.025129,172.31.36.0-255,66,227674,9,296202
2698,0.027417,172.217.194.0-255,5738,233412,9,296202
2699,0.027424,172.31.36.0-255,66,233478,9,296202
2700,0.029707,172.217.194.0-255,5738,239216,9,296202
2701,0.029714,172.31.36.0-255,66,239282,9,296202
2702,0.03199,172.217.194.0-255,5738,245020,9,296202
2703,0.031997,172.31.36.0-255,66,245086,9,296202
2704,0.034264,172.217.194.0-255,5738,250824,9,296202
2705,0.034271,172.31.36.0-255,66,250890,9,296202
2706,0.036535,172.217.194.0-255,5738,256628,9,296202
2707,0.036543,172.31.36.0-255,66,256694,9,296202
2708,0.038861,172.217.194.0-255,5738,262432,9,296202
2709,0.038868,172.31.36.0-255,66,262498,9,296202
2710,0.041124,172.217.194.0-255,5738,268236,9,296202
2711,0.041132,172.31.36.0-255,66,268302,9,296202
2712,0.043375,172.217.194.0-255,5738,274040,9,296202
2713,0.043394,172.31.36.0-255,66,274106,9,296202
2714,0.04567,172.217.194.0-255,5738,279844,9,296202
2715,0.045679,172.31.36.0-255,66,279910,9,296202
2716,0.04794,172.217.194.0-255,5738,285648,9,296202
2717,0.047947,172.31.36.0-255,66,285714,9,296202
2718,0.048655,172.31.36.0-255,176,285890,9,296202
2719,0.048684,172.31.36.0-255,1116,287006,9,296202
2720,0.048737,172.31.36.0-255,1514,288520,9,296202
2721,0.048757,172.31.36.0-255,1514,290034,9,296202
2722,0.048761,172.31.36.0-255,1514,291548,9,296202
2723,0.048777,172.31.36.0-255,106,291654,9,296202
2724,0.050228,172.217.194.0-255,4047,295701,9,296202
2725,0.050234,172.31.36.0-255,66,295767,9,296202
2726,0.050243,104.244.42.0-255,66,295833,9,296202
2727,0.050256,104.244.42.0-255,66,295899,9,296202
2728,0.050259,104.244.42.0-255,66,295965,9,296202
2729,0.050305,104.244.42.0-255,66,296031,9,296202
2730,0.050451,172.31.36.0-255,105,296136,9,296202
2731,0.052672,172.217.194.0-255,66,296202,9,296202
2732,0.0,74.125.24.0-255,150,150,9,381189
2733,3.9e-05,172.31.36.0-255,66,216,9,381189
2734,4.6e-05,74.125.24.0-255,1484,1700,9,381189
2735,5e-05,172.31.36.0-255,66,1766,9,381189
2736,5.5e-05,74.125.24.0-255,2902,4668,9,381189
2737,5.7e-05,172.31.36.0-255,66,4734,9,381189
2738,7.2e-05,74.125.24.0-255,7156,11890,9,381189
2739,7.5e-05,172.31.36.0-255,66,11956,9,381189
2740,7.9e-05,74.125.24.0-255,2029,13985,9,381189
2741,8.2e-05,172.31.36.0-255,66,14051,9,381189
2742,0.00013,74.125.24.0-255,1484,15535,9,381189
2743,0.000134,172.31.36.0-255,66,15601,9,381189
2744,0.000158,74.125.24.0-255,2902,18503,9,381189
2745,0.000161,172.31.36.0-255,66,18569,9,381189
2746,0.00017,74.125.24.0-255,5738,24307,9,381189
2747,0.000172,172.31.36.0-255,66,24373,9,381189
2748,0.000199,74.125.24.0-255,6797,31170,9,381189
2749,0.000202,172.31.36.0-255,66,31236,9,381189
2750,0.000237,74.125.24.0-255,1484,32720,9,381189
2751,0.000247,172.31.36.0-255,66,32786,9,381189
2752,0.000253,74.125.24.0-255,2902,35688,9,381189
2753,0.000255,172.31.36.0-255,66,35754,9,381189
2754,0.00026,74.125.24.0-255,2902,38656,9,381189
2755,0.000263,172.31.36.0-255,66,38722,9,381189
2756,0.000292,74.125.24.0-255,2902,41624,9,381189
2757,0.000296,172.31.36.0-255,66,41690,9,381189
2758,0.000305,74.125.24.0-255,6797,48487,9,381189
2759,0.000307,172.31.36.0-255,66,48553,9,381189
2760,0.000568,74.125.24.0-255,1484,50037,9,381189
2761,0.000574,172.31.36.0-255,66,50103,9,381189
2762,0.00058,74.125.24.0-255,2902,53005,9,381189
2763,0.000582,172.31.36.0-255,66,53071,9,381189
2764,0.000587,74.125.24.0-255,5738,58809,9,381189
2765,0.00059,172.31.36.0-255,66,58875,9,381189
2766,0.000602,74.125.24.0-255,4320,63195,9,381189
2767,0.000605,172.31.36.0-255,66,63261,9,381189
2768,0.000643,74.125.24.0-255,2543,65804,9,381189
2769,0.000646,172.31.36.0-255,66,65870,9,381189
2770,0.000693,74.125.24.0-255,2902,68772,9,381189
2771,0.000698,172.31.36.0-255,66,68838,9,381189
2772,0.000725,74.125.24.0-255,4320,73158,9,381189
2773,0.00073,172.31.36.0-255,66,73224,9,381189
2774,0.000741,172.31.36.0-255,66,73290,9,381189
2775,0.0008,74.125.24.0-255,1706,74996,9,381189
2776,0.000804,172.31.36.0-255,66,75062,9,381189
2777,0.000849,74.125.24.0-255,1484,76546,9,381189
2778,0.000865,74.125.24.0-255,2902,79448,9,381189
2779,0.000869,172.31.36.0-255,66,79514,9,381189
2780,0.000872,74.125.24.0-255,1484,80998,9,381189
2781,0.0009,74.125.24.0-255,4320,85318,9,381189
2782,0.000904,172.31.36.0-255,66,85384,9,381189
2783,0.00091,74.125.24.0-255,4320,89704,9,381189
2784,0.000912,172.31.36.0-255,66,89770,9,381189
2785,0.000935,74.125.24.0-255,2543,92313,9,381189
2786,0.000938,172.31.36.0-255,66,92379,9,381189
2787,0.001851,74.125.24.0-255,1484,93863,9,381189
2788,0.00187,74.125.24.0-255,2902,96765,9,381189
2789,0.001875,172.31.36.0-255,66,96831,9,381189
2790,0.00188,74.125.24.0-255,4320,101151,9,381189
2791,0.001883,172.31.36.0-255,66,101217,9,381189
2792,0.001913,172.31.36.0-255,66,101283,9,381189
2793,0.001977,74.125.24.0-255,1484,102767,9,381189
2794,0.001997,74.125.24.0-255,3602,106369,9,381189
2795,0.003626,172.31.36.0-255,66,106435,9,381189
2796,0.00572,74.125.24.0-255,5738,112173,9,381189
2797,0.005733,172.31.36.0-255,66,112239,9,381189
2798,0.007804,74.125.24.0-255,5738,117977,9,381189
2799,0.00782,172.31.36.0-255,66,118043,9,381189
2800,0.009893,74.125.24.0-255,5738,123781,9,381189
2801,0.009908,172.31.36.0-255,66,123847,9,381189
2802,0.011995,74.125.24.0-255,5738,129585,9,381189
2803,0.012014,172.31.36.0-255,66,129651,9,381189
2804,0.014102,74.125.24.0-255,5738,135389,9,381189
2805,0.014118,172.31.36.0-255,66,135455,9,381189
2806,0.016219,74.125.24.0-255,5738,141193,9,381189
2807,0.016233,172.31.36.0-255,66,141259,9,381189
2808,0.018306,74.125.24.0-255,5738,146997,9,381189
2809,0.018318,172.31.36.0-255,66,147063,9,381189
2810,0.020398,74.125.24.0-255,5738,152801,9,381189
2811,0.020408,172.31.36.0-255,66,152867,9,381189
2812,0.022464,74.125.24.0-255,5738,158605,9,381189
2813,0.022471,172.31.36.0-255,66,158671,9,381189
2814,0.024562,74.125.24.0-255,5738,164409,9,381189
2815,0.02457,172.31.36.0-255,66,164475,9,381189
2816,0.026667,74.125.24.0-255,5738,170213,9,381189
2817,0.026677,172.31.36.0-255,66,170279,9,381189
2818,0.028714,74.125.24.0-255,5738,176017,9,381189
2819,0.028722,172.31.36.0-255,66,176083,9,381189
2820,0.03077,74.125.24.0-255,5738,181821,9,381189
2821,0.030778,172.31.36.0-255,66,181887,9,381189
2822,0.032835,74.125.24.0-255,5738,187625,9,381189
2823,0.032845,172.31.36.0-255,66,187691,9,381189
2824,0.034917,74.125.24.0-255,5738,193429,9,381189
2825,0.034923,172.31.36.0-255,66,193495,9,381189
2826,0.035882,172.31.36.0-255,190,193685,9,381189
2827,0.035918,172.31.36.0-255,1115,194800,9,381189
2828,0.036032,172.31.36.0-255,1514,196314,9,381189
2829,0.036035,172.31.36.0-255,1514,197828,9,381189
2830,0.036036,172.31.36.0-255,1514,199342,9,381189
2831,0.036037,172.31.36.0-255,107,199449,9,381189
2832,0.036968,74.125.24.0-255,5738,205187,9,381189
2833,0.036976,172.31.36.0-255,66,205253,9,381189
2834,0.037456,104.244.42.0-255,66,205319,9,381189
2835,0.037464,104.244.42.0-255,66,205385,9,381189
2836,0.03761,104.244.42.0-255,66,205451,9,381189
2837,0.037616,104.244.42.0-255,66,205517,9,381189
2838,0.03907,74.125.24.0-255,4320,209837,9,381189
2839,0.039076,172.31.36.0-255,66,209903,9,381189
2840,0.039109,74.125.24.0-255,1484,211387,9,381189
2841,0.041107,74.125.24.0-255,4320,215707,9,381189
2842,0.041114,172.31.36.0-255,66,215773,9,381189
2843,0.043152,74.125.24.0-255,5738,221511,9,381189
2844,0.043161,172.31.36.0-255,66,221577,9,381189
2845,0.045211,74.125.24.0-255,5738,227315,9,381189
2846,0.045218,172.31.36.0-255,66,227381,9,381189
2847,0.047305,74.125.24.0-255,5738,233119,9,381189
2848,0.047312,172.31.36.0-255,66,233185,9,381189
2849,0.04941,74.125.24.0-255,5738,238923,9,381189
2850,0.049417,172.31.36.0-255,66,238989,9,381189
2851,0.051474,74.125.24.0-255,5738,244727,9,381189
2852,0.051483,172.31.36.0-255,66,244793,9,381189
2853,0.053537,74.125.24.0-255,2902,247695,9,381189
2854,0.053543,172.31.36.0-255,66,247761,9,381189
2855,0.053579,74.125.24.0-255,2902,250663,9,381189
2856,0.053582,172.31.36.0-255,66,250729,9,381189
2857,0.055673,74.125.24.0-255,2902,253631,9,381189
2858,0.055678,172.31.36.0-255,66,253697,9,381189
2859,0.055726,74.125.24.0-255,2902,256599,9,381189
2860,0.055729,172.31.36.0-255,66,256665,9,381189
2861,0.057727,74.125.24.0-255,2902,259567,9,381189
2862,0.057732,172.31.36.0-255,66,259633,9,381189
2863,0.057779,74.125.24.0-255,2902,262535,9,381189
2864,0.057782,172.31.36.0-255,66,262601,9,381189
2865,0.059791,74.125.24.0-255,2902,265503,9,381189
2866,0.059797,172.31.36.0-255,66,265569,9,381189
2867,0.059835,74.125.24.0-255,2902,268471,9,381189
2868,0.059838,172.31.36.0-255,66,268537,9,381189
2869,0.06183,74.125.24.0-255,2902,271439,9,381189
2870,0.061835,172.31.36.0-255,66,271505,9,381189
2871,0.061882,74.125.24.0-255,2902,274407,9,381189
2872,0.061889,172.31.36.0-255,66,274473,9,381189
2873,0.063881,74.125.24.0-255,2902,277375,9,381189
2874,0.063887,172.31.36.0-255,66,277441,9,381189
2875,0.063922,74.125.24.0-255,2902,280343,9,381189
2876,0.063926,172.31.36.0-255,66,280409,9,381189
2877,0.065927,74.125.24.0-255,2902,283311,9,381189
2878,0.065932,172.31.36.0-255,66,283377,9,381189
2879,0.065974,74.125.24.0-255,2902,286279,9,381189
2880,0.065978,172.31.36.0-255,66,286345,9,381189
2881,0.067972,74.125.24.0-255,2902,289247,9,381189
2882,0.067978,172.31.36.0-255,66,289313,9,381189
2883,0.068041,74.125.24.0-255,2902,292215,9,381189
2884,0.068043,172.31.36.0-255,66,292281,9,381189
2885,0.070032,74.125.24.0-255,2902,295183,9,381189
2886,0.070037,172.31.36.0-255,66,295249,9,381189
2887,0.070069,74.125.24.0-255,2902,298151,9,381189
2888,0.070072,172.31.36.0-255,66,298217,9,381189
2889,0.072071,74.125.24.0-255,2902,301119,9,381189
2890,0.072076,172.31.36.0-255,66,301185,9,381189
2891,0.07211,74.125.24.0-255,2902,304087,9,381189
2892,0.072113,172.31.36.0-255,66,304153,9,381189
2893,0.074125,74.125.24.0-255,2902,307055,9,381189
2894,0.07413,172.31.36.0-255,66,307121,9,381189
2895,0.074167,74.125.24.0-255,2902,310023,9,381189
2896,0.07417,172.31.36.0-255,66,310089,9,381189
2897,0.076154,74.125.24.0-255,2902,312991,9,381189
2898,0.076159,172.31.36.0-255,66,313057,9,381189
2899,0.076194,74.125.24.0-255,2902,315959,9,381189
2900,0.076197,172.31.36.0-255,66,316025,9,381189
2901,0.078185,74.125.24.0-255,2902,318927,9,381189
2902,0.078206,172.31.36.0-255,66,318993,9,381189
2903,0.078237,74.125.24.0-255,2902,321895,9,381189
2904,0.078242,172.31.36.0-255,66,321961,9,381189
2905,0.080246,74.125.24.0-255,2902,324863,9,381189
2906,0.080251,172.31.36.0-255,66,324929,9,381189
2907,0.080293,74.125.24.0-255,2902,327831,9,381189
2908,0.080296,172.31.36.0-255,66,327897,9,381189
2909,0.082312,74.125.24.0-255,2902,330799,9,381189
2910,0.082318,172.31.36.0-255,66,330865,9,381189
2911,0.082349,74.125.24.0-255,2902,333767,9,381189
2912,0.082352,172.31.36.0-255,66,333833,9,381189
2913,0.084353,74.125.24.0-255,2902,336735,9,381189
2914,0.084358,172.31.36.0-255,66,336801,9,381189
2915,0.084397,74.125.24.0-255,2902,339703,9,381189
2916,0.0844,172.31.36.0-255,66,339769,9,381189
2917,0.086405,74.125.24.0-255,2902,342671,9,381189
2918,0.08641,172.31.36.0-255,66,342737,9,381189
2919,0.086475,74.125.24.0-255,2902,345639,9,381189
2920,0.086479,172.31.36.0-255,66,345705,9,381189
2921,0.088456,74.125.24.0-255,2902,348607,9,381189
2922,0.088461,172.31.36.0-255,66,348673,9,381189
2923,0.088516,74.125.24.0-255,2902,351575,9,381189
2924,0.08852,172.31.36.0-255,66,351641,9,381189
2925,0.090518,74.125.24.0-255,2902,354543,9,381189
2926,0.090523,172.31.36.0-255,66,354609,9,381189
2927,0.090555,74.125.24.0-255,2902,357511,9,381189
2928,0.090559,172.31.36.0-255,66,357577,9,381189
2929,0.09261,74.125.24.0-255,5738,363315,9,381189
2930,0.092616,172.31.36.0-255,66,363381,9,381189
2931,0.094676,74.125.24.0-255,2902,366283,9,381189
2932,0.094681,172.31.36.0-255,66,366349,9,381189
2933,0.094717,74.125.24.0-255,2902,369251,9,381189
2934,0.094721,172.31.36.0-255,66,369317,9,381189
2935,0.0967,74.125.24.0-255,2902,372219,9,381189
2936,0.096704,172.31.36.0-255,66,372285,9,381189
2937,0.09676,74.125.24.0-255,2902,375187,9,381189
2938,0.096764,172.31.36.0-255,66,375253,9,381189
2939,0.098749,74.125.24.0-255,2902,378155,9,381189
2940,0.098754,172.31.36.0-255,66,378221,9,381189
2941,0.098787,74.125.24.0-255,2902,381123,9,381189
2942,0.09879,172.31.36.0-255,66,381189,9,381189
2943,0.0,74.125.68.0-255,153,153,9,306437
2944,1.3e-05,172.31.36.0-255,66,219,9,306437
2945,2e-05,74.125.68.0-255,1484,1703,9,306437
2946,2.4e-05,172.31.36.0-255,66,1769,9,306437
2947,2.7e-05,74.125.68.0-255,1484,3253,9,306437
2948,3e-05,172.31.36.0-255,66,3319,9,306437
2949,5.4e-05,74.125.68.0-255,1484,4803,9,306437
2950,5.7e-05,172.31.36.0-255,66,4869,9,306437
2951,7e-05,74.125.68.0-255,5738,10607,9,306437
2952,7.3e-05,172.31.36.0-255,66,10673,9,306437
2953,7.9e-05,74.125.68.0-255,4946,15619,9,306437
2954,8.1e-05,172.31.36.0-255,66,15685,9,306437
2955,0.000133,74.125.68.0-255,5738,21423,9,306437
2956,0.000136,172.31.36.0-255,66,21489,9,306437
2957,0.000149,172.31.36.0-255,66,21555,9,306437
2958,0.000517,74.125.68.0-255,1484,23039,9,306437
2959,0.000523,172.31.36.0-255,66,23105,9,306437
2960,0.00053,74.125.68.0-255,2902,26007,9,306437
2961,0.000532,172.31.36.0-255,66,26073,9,306437
2962,0.000543,74.125.68.0-255,4320,30393,9,306437
2963,0.000545,172.31.36.0-255,66,30459,9,306437
2964,0.000601,172.31.36.0-255,66,30525,9,306437
2965,0.000606,74.125.68.0-255,2902,33427,9,306437
2966,0.000608,172.31.36.0-255,66,33493,9,306437
2967,0.000634,74.125.68.0-255,1484,34977,9,306437
2968,0.000637,172.31.36.0-255,66,35043,9,306437
2969,0.000681,172.31.36.0-255,66,35109,9,306437
2970,0.001065,74.125.68.0-255,114,35223,9,306437
2971,0.00107,172.31.36.0-255,66,35289,9,306437
2972,0.001073,74.125.68.0-255,328,35617,9,306437
2973,0.001148,172.31.36.0-255,66,35683,9,306437
2974,0.00201,74.125.68.0-255,1484,37167,9,306437
2975,0.002017,172.31.36.0-255,66,37233,9,306437
2976,0.002027,74.125.68.0-255,2902,40135,9,306437
2977,0.002039,74.125.68.0-255,5738,45873,9,306437
2978,0.002042,74.125.68.0-255,1484,47357,9,306437
2979,0.002061,74.125.68.0-255,2902,50259,9,306437
2980,0.002081,74.125.68.0-255,4320,54579,9,306437
2981,0.002092,74.125.68.0-255,1484,56063,9,306437
2982,0.002097,74.125.68.0-255,4320,60383,9,306437
2983,0.002116,74.125.68.0-255,5738,66121,9,306437
2984,0.002151,74.125.68.0-255,3602,69723,9,306437
2985,0.002667,74.125.68.0-255,1484,71207,9,306437
2986,0.00268,74.125.68.0-255,2902,74109,9,306437
2987,0.002703,74.125.68.0-255,4320,78429,9,306437
2988,0.002714,74.125.68.0-255,1484,79913,9,306437
2989,0.002717,74.125.68.0-255,1484,81397,9,306437
2990,0.00274,74.125.68.0-255,2902,84299,9,306437
2991,0.002745,74.125.68.0-255,5738,90037,9,306437
2992,0.002748,74.125.68.0-255,1484,91521,9,306437
2993,0.002751,74.125.68.0-255,1484,93005,9,306437
2994,0.002775,74.125.68.0-255,2902,95907,9,306437
2995,0.002797,74.125.68.0-255,4320,100227,9,306437
2996,0.002814,74.125.68.0-255,3602,103829,9,306437
2997,0.002897,74.125.68.0-255,1484,105313,9,306437
2998,0.002915,74.125.68.0-255,2902,108215,9,306437
2999,0.002918,74.125.68.0-255,1484,109699,9,306437
3000,0.002936,74.125.68.0-255,4320,114019,9,306437
3001,0.002968,74.125.68.0-255,5738,119757,9,306437
3002,0.00299,74.125.68.0-255,7156,126913,9,306437
3003,0.003038,74.125.68.0-255,2184,129097,9,306437
3004,0.003099,74.125.68.0-255,1484,130581,9,306437
3005,0.003118,74.125.68.0-255,2902,133483,9,306437
3006,0.003124,74.125.68.0-255,4320,137803,9,306437
3007,0.003156,74.125.68.0-255,7156,144959,9,306437
3008,0.003173,74.125.68.0-255,1484,146443,9,306437
3009,0.003177,74.125.68.0-255,2902,149345,9,306437
3010,0.003199,74.125.68.0-255,7156,156501,9,306437
3011,0.003222,74.125.68.0-255,5738,162239,9,306437
3012,0.003225,74.125.68.0-255,766,163005,9,306437
3013,0.003391,74.125.68.0-255,1484,164489,9,306437
3014,0.003406,74.125.68.0-255,2902,167391,9,306437
3015,0.00342,74.125.68.0-255,1484,168875,9,306437
3016,0.003424,74.125.68.0-255,2902,171777,9,306437
3017,0.003459,74.125.68.0-255,5738,177515,9,306437
3018,0.003464,74.125.68.0-255,2902,180417,9,306437
3019,0.003483,74.125.68.0-255,4320,184737,9,306437
3020,0.003518,74.125.68.0-255,1484,186221,9,306437
3021,0.003523,74.125.68.0-255,2184,188405,9,306437
3022,0.003566,74.125.68.0-255,4320,192725,9,306437
3023,0.003582,74.125.68.0-255,1484,194209,9,306437
3024,0.0036,74.125.68.0-255,7156,201365,9,306437
3025,0.003727,74.125.68.0-255,2902,204267,9,306437
3026,0.003779,74.125.68.0-255,7156,211423,9,306437
3027,0.003798,74.125.68.0-255,5738,217161,9,306437
3028,0.00382,74.125.68.0-255,2184,219345,9,306437
3029,0.004001,74.125.68.0-255,1484,220829,9,306437
3030,0.004009,74.125.68.0-255,2902,223731,9,306437
3031,0.004031,74.125.68.0-255,2902,226633,9,306437
3032,0.004037,74.125.68.0-255,4320,230953,9,306437
3033,0.004061,74.125.68.0-255,4320,235273,9,306437
3034,0.004083,74.125.68.0-255,4320,239593,9,306437
3035,0.004088,74.125.68.0-255,4320,243913,9,306437
3036,0.004112,74.125.68.0-255,5738,249651,9,306437
3037,0.004129,74.125.68.0-255,1484,251135,9,306437
3038,0.004148,74.125.68.0-255,2184,253319,9,306437
3039,0.004185,74.125.68.0-255,1484,254803,9,306437
3040,0.004207,74.125.68.0-255,2902,257705,9,306437
3041,0.004224,74.125.68.0-255,2902,260607,9,306437
3042,0.004253,74.125.68.0-255,2902,263509,9,306437
3043,0.004264,74.125.68.0-255,1484,264993,9,306437
3044,0.004269,74.125.68.0-255,2902,267895,9,306437
3045,0.00429,74.125.68.0-255,5738,273633,9,306437
3046,0.004329,74.125.68.0-255,3602,277235,9,306437
3047,0.004341,74.125.68.0-255,1484,278719,9,306437
3048,0.004355,74.125.68.0-255,2902,281621,9,306437
3049,0.004375,74.125.68.0-255,7156,288777,9,306437
3050,0.004392,74.125.68.0-255,2902,291679,9,306437
3051,0.004428,74.125.68.0-255,1484,293163,9,306437
3052,0.004509,74.125.68.0-255,1484,294647,9,306437
3053,0.004523,74.125.68.0-255,2902,297549,9,306437
3054,0.004544,74.125.68.0-255,4320,301869,9,306437
3055,0.004582,74.125.68.0-255,4226,306095,9,306437
3056,0.004612,74.125.68.0-255,105,306200,9,306437
3057,0.004893,172.31.36.0-255,66,306266,9,306437
3058,0.008671,172.31.36.0-255,105,306371,9,306437
3059,0.010866,74.125.68.0-255,66,306437,9,306437
3060,0.0,172.217.194.0-255,150,150,9,347440
3061,2.6e-05,172.31.36.0-255,66,216,9,347440
3062,3.3e-05,172.217.194.0-255,1484,1700,9,347440
3063,3.6e-05,172.31.36.0-255,66,1766,9,347440
3064,4.1e-05,172.217.194.0-255,2902,4668,9,347440
3065,4.4e-05,172.31.36.0-255,66,4734,9,347440
3066,5.1e-05,172.217.194.0-255,7156,11890,9,347440
3067,5.4e-05,172.31.36.0-255,66,11956,9,347440
3068,5.7e-05,172.217.194.0-255,1987,13943,9,347440
3069,6e-05,172.31.36.0-255,66,14009,9,347440
3070,8.2e-05,172.217.194.0-255,2902,16911,9,347440
3071,8.5e-05,172.31.36.0-255,66,16977,9,347440
3072,0.000115,172.31.36.0-255,66,17043,9,347440
3073,0.000129,172.31.36.0-255,66,17109,9,347440
3074,0.000177,172.31.36.0-255,66,17175,9,347440
3075,0.000926,172.217.194.0-255,1484,18659,9,347440
3076,0.000932,172.31.36.0-255,66,18725,9,347440
3077,0.000942,172.217.194.0-255,2902,21627,9,347440
3078,0.000944,172.31.36.0-255,66,21693,9,347440
3079,0.000951,172.217.194.0-255,5738,27431,9,347440
3080,0.000953,172.31.36.0-255,66,27497,9,347440
3081,0.000976,172.217.194.0-255,2902,30399,9,347440
3082,0.000978,172.31.36.0-255,66,30465,9,347440
3083,0.000997,172.217.194.0-255,3961,34426,9,347440
3084,0.001,172.31.36.0-255,66,34492,9,347440
3085,0.001008,172.217.194.0-255,7156,41648,9,347440
3086,0.00101,172.31.36.0-255,66,41714,9,347440
3087,0.001015,172.217.194.0-255,2902,44616,9,347440
3088,0.001017,172.31.36.0-255,66,44682,9,347440
3089,0.001057,172.31.36.0-255,66,44748,9,347440
3090,0.00107,172.31.36.0-255,66,44814,9,347440
3091,0.001257,172.217.194.0-255,1484,46298,9,347440
3092,0.001266,172.217.194.0-255,2902,49200,9,347440
3093,0.00127,172.31.36.0-255,66,49266,9,347440
3094,0.001277,172.217.194.0-255,4320,53586,9,347440
3095,0.001281,172.31.36.0-255,66,53652,9,347440
3096,0.001298,172.217.194.0-255,1484,55136,9,347440
3097,0.00133,172.217.194.0-255,6828,61964,9,347440
3098,0.001334,172.31.36.0-255,66,62030,9,347440
3099,0.00151,172.217.194.0-255,1484,63514,9,347440
3100,0.001516,172.217.194.0-255,2902,66416,9,347440
3101,0.001518,172.31.36.0-255,66,66482,9,347440
3102,0.001567,172.217.194.0-255,4320,70802,9,347440
3103,0.00157,172.31.36.0-255,66,70868,9,347440
3104,0.001581,172.217.194.0-255,1484,72352,9,347440
3105,0.001594,172.31.36.0-255,66,72418,9,347440
3106,0.001606,172.31.36.0-255,66,72484,9,347440
3107,0.001832,172.217.194.0-255,1484,73968,9,347440
3108,0.001836,172.217.194.0-255,1484,75452,9,347440
3109,0.001838,172.31.36.0-255,66,75518,9,347440
3110,0.001851,172.217.194.0-255,1484,77002,9,347440
3111,0.001857,172.217.194.0-255,4320,81322,9,347440
3112,0.001859,172.31.36.0-255,66,81388,9,347440
3113,0.001879,172.217.194.0-255,1484,82872,9,347440
3114,0.001888,172.31.36.0-255,66,82938,9,347440
3115,0.001907,172.217.194.0-255,4320,87258,9,347440
3116,0.00191,172.31.36.0-255,66,87324,9,347440
3117,0.001916,172.217.194.0-255,7156,94480,9,347440
3118,0.001919,172.31.36.0-255,66,94546,9,347440
3119,0.001933,172.217.194.0-255,1484,96030,9,347440
3120,0.001945,172.217.194.0-255,2184,98214,9,347440
3121,0.001948,172.31.36.0-255,66,98280,9,347440
3122,0.003936,172.217.194.0-255,2902,101182,9,347440
3123,0.003941,172.31.36.0-255,66,101248,9,347440
3124,0.00396,172.217.194.0-255,2902,104150,9,347440
3125,0.003963,172.31.36.0-255,66,104216,9,347440
3126,0.005959,172.217.194.0-255,5738,109954,9,347440
3127,0.005964,172.31.36.0-255,66,110020,9,347440
3128,0.007987,172.217.194.0-255,5738,115758,9,347440
3129,0.007994,172.31.36.0-255,66,115824,9,347440
3130,0.010013,172.217.194.0-255,5738,121562,9,347440
3131,0.01002,172.31.36.0-255,66,121628,9,347440
3132,0.012043,172.217.194.0-255,5738,127366,9,347440
3133,0.012051,172.31.36.0-255,66,127432,9,347440
3134,0.01404,172.217.194.0-255,5738,133170,9,347440
3135,0.01405,172.31.36.0-255,66,133236,9,347440
3136,0.016117,172.217.194.0-255,5738,138974,9,347440
3137,0.016126,172.31.36.0-255,66,139040,9,347440
3138,0.018144,172.217.194.0-255,5738,144778,9,347440
3139,0.018151,172.31.36.0-255,66,144844,9,347440
3140,0.020195,172.217.194.0-255,2902,147746,9,347440
3141,0.020203,172.31.36.0-255,66,147812,9,347440
3142,0.02024,172.217.194.0-255,2902,150714,9,347440
3143,0.020243,172.31.36.0-255,66,150780,9,347440
3144,0.02218,172.217.194.0-255,2902,153682,9,347440
3145,0.022186,172.31.36.0-255,66,153748,9,347440
3146,0.022242,172.217.194.0-255,2902,156650,9,347440
3147,0.022246,172.31.36.0-255,66,156716,9,347440
3148,0.024177,172.217.194.0-255,2902,159618,9,347440
3149,0.024184,172.31.36.0-255,66,159684,9,347440
3150,0.024246,172.217.194.0-255,2902,162586,9,347440
3151,0.024251,172.31.36.0-255,66,162652,9,347440
3152,0.026196,172.217.194.0-255,2902,165554,9,347440
3153,0.026203,172.31.36.0-255,66,165620,9,347440
3154,0.026276,172.217.194.0-255,2902,168522,9,347440
3155,0.026282,172.31.36.0-255,66,168588,9,347440
3156,0.028219,172.217.194.0-255,2902,171490,9,347440
3157,0.028226,172.31.36.0-255,66,171556,9,347440
3158,0.028275,172.217.194.0-255,2902,174458,9,347440
3159,0.028279,172.31.36.0-255,66,174524,9,347440
3160,0.029424,172.31.36.0-255,192,174716,9,347440
3161,0.029481,172.31.36.0-255,960,175676,9,347440
3162,0.029497,172.31.36.0-255,1514,177190,9,347440
3163,0.029498,172.31.36.0-255,1514,178704,9,347440
3164,0.0295,172.31.36.0-255,1514,180218,9,347440
3165,0.0295,172.31.36.0-255,515,180733,9,347440
3166,0.030212,172.217.194.0-255,2902,183635,9,347440
3167,0.030219,172.31.36.0-255,66,183701,9,347440
3168,0.030295,172.217.194.0-255,2902,186603,9,347440
3169,0.030299,172.31.36.0-255,66,186669,9,347440
3170,0.030961,104.244.42.0-255,66,186735,9,347440
3171,0.031053,104.244.42.0-255,66,186801,9,347440
3172,0.031056,104.244.42.0-255,66,186867,9,347440
3173,0.031059,104.244.42.0-255,66,186933,9,347440
3174,0.03223,172.217.194.0-255,2902,189835,9,347440
3175,0.032235,172.31.36.0-255,66,189901,9,347440
3176,0.032303,172.217.194.0-255,2902,192803,9,347440
3177,0.032308,172.31.36.0-255,66,192869,9,347440
3178,0.034232,172.217.194.0-255,2902,195771,9,347440
3179,0.034238,172.31.36.0-255,66,195837,9,347440
3180,0.034317,172.217.194.0-255,2902,198739,9,347440
3181,0.034322,172.31.36.0-255,66,198805,9,347440
3182,0.034504,104.244.42.0-255,108,198913,9,347440
3183,0.034512,172.31.36.0-255,66,198979,9,347440
3184,0.036227,172.217.194.0-255,2902,201881,9,347440
3185,0.036232,172.31.36.0-255,66,201947,9,347440
3186,0.036297,172.217.194.0-255,2902,204849,9,347440
3187,0.036301,172.31.36.0-255,66,204915,9,347440
3188,0.038228,172.217.194.0-255,2902,207817,9,347440
3189,0.038233,172.31.36.0-255,66,207883,9,347440
3190,0.038303,172.217.194.0-255,2902,210785,9,347440
3191,0.038308,172.31.36.0-255,66,210851,9,347440
3192,0.040216,172.217.194.0-255,2902,213753,9,347440
3193,0.040235,172.31.36.0-255,66,213819,9,347440
3194,0.040324,172.217.194.0-255,2902,216721,9,347440
3195,0.040329,172.31.36.0-255,66,216787,9,347440
3196,0.042223,172.217.194.0-255,2902,219689,9,347440
3197,0.042228,172.31.36.0-255,66,219755,9,347440
3198,0.042314,172.217.194.0-255,2902,222657,9,347440
3199,0.042321,172.31.36.0-255,66,222723,9,347440
3200,0.044245,172.217.194.0-255,2902,225625,9,347440
3201,0.04425,172.31.36.0-255,66,225691,9,347440
3202,0.044346,172.217.194.0-255,2902,228593,9,347440
3203,0.044351,172.31.36.0-255,66,228659,9,347440
3204,0.046291,172.217.194.0-255,2902,231561,9,347440
3205,0.046296,172.31.36.0-255,66,231627,9,347440
3206,0.046344,172.217.194.0-255,2902,234529,9,347440
3207,0.046349,172.31.36.0-255,66,234595,9,347440
3208,0.048286,172.217.194.0-255,2902,237497,9,347440
3209,0.048292,172.31.36.0-255,66,237563,9,347440
3210,0.048372,172.217.194.0-255,2902,240465,9,347440
3211,0.048377,172.31.36.0-255,66,240531,9,347440
3212,0.050297,172.217.194.0-255,2902,243433,9,347440
3213,0.050303,172.31.36.0-255,66,243499,9,347440
3214,0.050386,172.217.194.0-255,2902,246401,9,347440
3215,0.050391,172.31.36.0-255,66,246467,9,347440
3216,0.05232,172.217.194.0-255,2902,249369,9,347440
3217,0.052326,172.31.36.0-255,66,249435,9,347440
3218,0.052366,172.217.194.0-255,2902,252337,9,347440
3219,0.05237,172.31.36.0-255,66,252403,9,347440
3220,0.054307,172.217.194.0-255,2902,255305,9,347440
3221,0.054315,172.31.36.0-255,66,255371,9,347440
3222,0.054351,172.217.194.0-255,2902,258273,9,347440
3223,0.054353,172.31.36.0-255,66,258339,9,347440
3224,0.056303,172.217.194.0-255,2902,261241,9,347440
3225,0.05631,172.31.36.0-255,66,261307,9,347440
3226,0.05634,172.217.194.0-255,2902,264209,9,347440
3227,0.056345,172.31.36.0-255,66,264275,9,347440
3228,0.058321,172.217.194.0-255,5738,270013,9,347440
3229,0.058327,172.31.36.0-255,66,270079,9,347440
3230,0.060342,172.217.194.0-255,4320,274399,9,347440
3231,0.060347,172.31.36.0-255,66,274465,9,347440
3232,0.060379,172.217.194.0-255,1484,275949,9,347440
3233,0.062338,172.217.194.0-255,2902,278851,9,347440
3234,0.062343,172.31.36.0-255,66,278917,9,347440
3235,0.06237,172.217.194.0-255,1484,280401,9,347440
3236,0.064314,172.217.194.0-255,4320,284721,9,347440
3237,0.06432,172.31.36.0-255,66,284787,9,347440
3238,0.066301,172.217.194.0-255,5738,290525,9,347440
3239,0.066308,172.31.36.0-255,66,290591,9,347440
3240,0.068318,172.217.194.0-255,5738,296329,9,347440
3241,0.068323,172.31.36.0-255,66,296395,9,347440
3242,0.070321,172.217.194.0-255,5738,302133,9,347440
3243,0.070326,172.31.36.0-255,66,302199,9,347440
3244,0.072313,172.217.194.0-255,5738,307937,9,347440
3245,0.072319,172.31.36.0-255,66,308003,9,347440
3246,0.074306,172.217.194.0-255,5738,313741,9,347440
3247,0.074311,172.31.36.0-255,66,313807,9,347440
3248,0.076297,172.217.194.0-255,5738,319545,9,347440
3249,0.076302,172.31.36.0-255,66,319611,9,347440
3250,0.078302,172.217.194.0-255,4320,323931,9,347440
3251,0.078308,172.31.36.0-255,66,323997,9,347440
3252,0.078337,172.217.194.0-255,1484,325481,9,347440
3253,0.080311,172.217.194.0-255,4320,329801,9,347440
3254,0.080317,172.31.36.0-255,66,329867,9,347440
3255,0.082322,172.217.194.0-255,5738,335605,9,347440
3256,0.082327,172.31.36.0-255,66,335671,9,347440
3257,0.084344,172.217.194.0-255,5738,341409,9,347440
3258,0.08435,172.31.36.0-255,66,341475,9,347440
3259,0.086361,172.217.194.0-255,5728,347203,9,347440
3260,0.086366,172.31.36.0-255,66,347269,9,347440
3261,0.086583,172.31.36.0-255,105,347374,9,347440
3262,0.088559,172.217.194.0-255,66,347440,9,347440
3263,0.0,172.217.194.0-255,154,154,9,373740
3264,2.3e-05,172.31.36.0-255,66,220,9,373740
3265,3e-05,172.217.194.0-255,1484,1704,9,373740
3266,3.5e-05,172.31.36.0-255,66,1770,9,373740
3267,4.1e-05,172.217.194.0-255,2902,4672,9,373740
3268,5.1e-05,172.31.36.0-255,66,4738,9,373740
3269,5.7e-05,172.217.194.0-255,4320,9058,9,373740
3270,6.1e-05,172.31.36.0-255,66,9124,9,373740
3271,6.5e-05,172.217.194.0-255,1484,10608,9,373740
3272,6.8e-05,172.31.36.0-255,66,10674,9,373740
3273,0.000118,172.31.36.0-255,66,10740,9,373740
3274,0.000139,172.31.36.0-255,66,10806,9,373740
3275,0.000166,172.217.194.0-255,1484,12290,9,373740
3276,0.000168,172.31.36.0-255,66,12356,9,373740
3277,0.000173,172.217.194.0-255,2902,15258,9,373740
3278,0.000175,172.31.36.0-255,66,15324,9,373740
3279,0.000186,172.217.194.0-255,5738,21062,9,373740
3280,0.000188,172.31.36.0-255,66,21128,9,373740
3281,0.000192,172.217.194.0-255,1484,22612,9,373740
3282,0.000194,172.31.36.0-255,66,22678,9,373740
3283,0.000241,172.31.36.0-255,66,22744,9,373740
3284,0.000282,172.217.194.0-255,7156,29900,9,373740
3285,0.000284,172.31.36.0-255,66,29966,9,373740
3286,0.000305,172.217.194.0-255,3915,33881,9,373740
3287,0.000307,172.31.36.0-255,66,33947,9,373740
3288,0.000311,172.217.194.0-255,99,34046,9,373740
3289,0.000313,172.31.36.0-255,66,34112,9,373740
3290,0.000339,172.217.194.0-255,362,34474,9,373740
3291,0.000341,172.31.36.0-255,66,34540,9,373740
3292,0.000431,172.217.194.0-255,1484,36024,9,373740
3293,0.000452,172.217.194.0-255,2902,38926,9,373740
3294,0.000455,172.31.36.0-255,66,38992,9,373740
3295,0.00046,172.217.194.0-255,2902,41894,9,373740
3296,0.000462,172.31.36.0-255,66,41960,9,373740
3297,0.000486,172.217.194.0-255,2902,44862,9,373740
3298,0.000489,172.31.36.0-255,66,44928,9,373740
3299,0.000501,172.217.194.0-255,6248,51176,9,373740
3300,0.000503,172.31.36.0-255,66,51242,9,373740
3301,0.000631,172.217.194.0-255,1484,52726,9,373740
3302,0.000637,172.217.194.0-255,2902,55628,9,373740
3303,0.00064,172.31.36.0-255,66,55694,9,373740
3304,0.000669,172.217.194.0-255,5738,61432,9,373740
3305,0.000672,172.31.36.0-255,66,61498,9,373740
3306,0.000683,172.217.194.0-255,1484,62982,9,373740
3307,0.000702,172.217.194.0-255,4320,67302,9,373740
3308,0.000705,172.31.36.0-255,66,67368,9,373740
3309,0.000738,172.217.194.0-255,7156,74524,9,373740
3310,0.000741,172.31.36.0-255,66,74590,9,373740
3311,0.000745,172.217.194.0-255,1484,76074,9,373740
3312,0.000774,172.31.36.0-255,66,76140,9,373740
3313,0.00141,172.217.194.0-255,1484,77624,9,373740
3314,0.001416,172.217.194.0-255,1484,79108,9,373740
3315,0.001419,172.31.36.0-255,66,79174,9,373740
3316,0.001434,172.217.194.0-255,1484,80658,9,373740
3317,0.001444,172.217.194.0-255,4320,84978,9,373740
3318,0.001446,172.31.36.0-255,66,85044,9,373740
3319,0.00147,172.217.194.0-255,1484,86528,9,373740
3320,0.001477,172.217.194.0-255,7156,93684,9,373740
3321,0.00148,172.31.36.0-255,66,93750,9,373740
3322,0.0015,172.217.194.0-255,5738,99488,9,373740
3323,0.001507,172.31.36.0-255,66,99554,9,373740
3324,0.00152,172.31.36.0-255,66,99620,9,373740
3325,0.003587,172.217.194.0-255,5738,105358,9,373740
3326,0.003595,172.31.36.0-255,66,105424,9,373740
3327,0.00569,172.217.194.0-255,5738,111162,9,373740
3328,0.005696,172.31.36.0-255,66,111228,9,373740
3329,0.00775,172.217.194.0-255,5738,116966,9,373740
3330,0.007762,172.31.36.0-255,66,117032,9,373740
3331,0.00984,172.217.194.0-255,5738,122770,9,373740
3332,0.009856,172.31.36.0-255,66,122836,9,373740
3333,0.011946,172.217.194.0-255,5738,128574,9,373740
3334,0.011961,172.31.36.0-255,66,128640,9,373740
3335,0.014046,172.217.194.0-255,5738,134378,9,373740
3336,0.014058,172.31.36.0-255,66,134444,9,373740
3337,0.016147,172.217.194.0-255,5738,140182,9,373740
3338,0.016162,172.31.36.0-255,66,140248,9,373740
3339,0.018252,172.217.194.0-255,5738,145986,9,373740
3340,0.018266,172.31.36.0-255,66,146052,9,373740
3341,0.020344,172.217.194.0-255,5738,151790,9,373740
3342,0.020353,172.31.36.0-255,66,151856,9,373740
3343,0.02243,172.217.194.0-255,5738,157594,9,373740
3344,0.02244,172.31.36.0-255,66,157660,9,373740
3345,0.024556,172.217.194.0-255,5738,163398,9,373740
3346,0.024569,172.31.36.0-255,66,163464,9,373740
3347,0.026646,172.217.194.0-255,5738,169202,9,373740
3348,0.026658,172.31.36.0-255,66,169268,9,373740
3349,0.028719,172.217.194.0-255,5738,175006,9,373740
3350,0.02873,172.31.36.0-255,66,175072,9,373740
3351,0.030829,172.217.194.0-255,5738,180810,9,373740
3352,0.030839,172.31.36.0-255,66,180876,9,373740
3353,0.032196,172.31.36.0-255,172,181048,9,373740
3354,0.03223,172.31.36.0-255,1115,182163,9,373740
3355,0.032291,172.31.36.0-255,1514,183677,9,373740
3356,0.032293,172.31.36.0-255,1284,184961,9,373740
3357,0.032927,172.217.194.0-255,5738,190699,9,373740
3358,0.032935,172.31.36.0-255,66,190765,9,373740
3359,0.033763,104.244.42.0-255,66,190831,9,373740
3360,0.033798,104.244.42.0-255,66,190897,9,373740
3361,0.033843,104.244.42.0-255,66,190963,9,373740
3362,0.035027,172.217.194.0-255,5738,196701,9,373740
3363,0.035032,172.31.36.0-255,66,196767,9,373740
3364,0.037112,172.217.194.0-255,5738,202505,9,373740
3365,0.037122,172.31.36.0-255,66,202571,9,373740
3366,0.039199,172.217.194.0-255,5738,208309,9,373740
3367,0.039207,172.31.36.0-255,66,208375,9,373740
3368,0.041287,172.217.194.0-255,5738,214113,9,373740
3369,0.041294,172.31.36.0-255,66,214179,9,373740
3370,0.043387,172.217.194.0-255,5738,219917,9,373740
3371,0.043395,172.31.36.0-255,66,219983,9,373740
3372,0.045463,172.217.194.0-255,5738,225721,9,373740
3373,0.045468,172.31.36.0-255,66,225787,9,373740
3374,0.047563,172.217.194.0-255,5738,231525,9,373740
3375,0.04757,172.31.36.0-255,66,231591,9,373740
3376,0.049648,172.217.194.0-255,5738,237329,9,373740
3377,0.049655,172.31.36.0-255,66,237395,9,373740
3378,0.051749,172.217.194.0-255,5738,243133,9,373740
3379,0.051756,172.31.36.0-255,66,243199,9,373740
3380,0.053854,172.217.194.0-255,5738,248937,9,373740
3381,0.053861,172.31.36.0-255,66,249003,9,373740
3382,0.055941,172.217.194.0-255,5738,254741,9,373740
3383,0.055949,172.31.36.0-255,66,254807,9,373740
3384,0.05802,172.217.194.0-255,5738,260545,9,373740
3385,0.058027,172.31.36.0-255,66,260611,9,373740
3386,0.060105,172.217.194.0-255,5738,266349,9,373740
3387,0.060112,172.31.36.0-255,66,266415,9,373740
3388,0.062178,172.217.194.0-255,5738,272153,9,373740
3389,0.062185,172.31.36.0-255,66,272219,9,373740
3390,0.064259,172.217.194.0-255,5738,277957,9,373740
3391,0.064266,172.31.36.0-255,66,278023,9,373740
3392,0.066371,172.217.194.0-255,5738,283761,9,373740
3393,0.066379,172.31.36.0-255,66,283827,9,373740
3394,0.068468,172.217.194.0-255,5738,289565,9,373740
3395,0.068475,172.31.36.0-255,66,289631,9,373740
3396,0.070578,172.217.194.0-255,5738,295369,9,373740
3397,0.070584,172.31.36.0-255,66,295435,9,373740
3398,0.072636,172.217.194.0-255,5738,301173,9,373740
3399,0.072642,172.31.36.0-255,66,301239,9,373740
3400,0.074734,172.217.194.0-255,5738,306977,9,373740
3401,0.074741,172.31.36.0-255,66,307043,9,373740
3402,0.076826,172.217.194.0-255,5738,312781,9,373740
3403,0.076833,172.31.36.0-255,66,312847,9,373740
3404,0.078918,172.217.194.0-255,5738,318585,9,373740
3405,0.078925,172.31.36.0-255,66,318651,9,373740
3406,0.081002,172.217.194.0-255,5738,324389,9,373740
3407,0.081008,172.31.36.0-255,66,324455,9,373740
3408,0.083074,172.217.194.0-255,5738,330193,9,373740
3409,0.083082,172.31.36.0-255,66,330259,9,373740
3410,0.085162,172.217.194.0-255,5738,335997,9,373740
3411,0.08517,172.31.36.0-255,66,336063,9,373740
3412,0.087258,172.217.194.0-255,5738,341801,9,373740
3413,0.087265,172.31.36.0-255,66,341867,9,373740
3414,0.089367,172.217.194.0-255,5738,347605,9,373740
3415,0.089373,172.31.36.0-255,66,347671,9,373740
3416,0.091473,172.217.194.0-255,5738,353409,9,373740
3417,0.09148,172.31.36.0-255,66,353475,9,373740
3418,0.093535,172.217.194.0-255,5738,359213,9,373740
3419,0.093541,172.31.36.0-255,66,359279,9,373740
3420,0.095636,172.217.194.0-255,5738,365017,9,373740
3421,0.095643,172.31.36.0-255,66,365083,9,373740
3422,0.097716,172.217.194.0-255,5738,370821,9,373740
3423,0.097723,172.31.36.0-255,66,370887,9,373740
3424,0.099787,172.217.194.0-255,2787,373674,9,373740
3425,0.099793,172.31.36.0-255,66,373740,9,373740
3426,0.0,172.217.194.0-255,152,152,9,165912
3427,1.9e-05,172.31.36.0-255,66,218,9,165912
3428,2.6e-05,172.217.194.0-255,1484,1702,9,165912
3429,3.1e-05,172.31.36.0-255,66,1768,9,165912
3430,4.4e-05,172.217.194.0-255,2902,4670,9,165912
3431,4.7e-05,172.31.36.0-255,66,4736,9,165912
3432,5.5e-05,172.217.194.0-255,7156,11892,9,165912
3433,5.8e-05,172.31.36.0-255,66,11958,9,165912
3434,6.3e-05,172.217.194.0-255,2092,14050,9,165912
3435,6.6e-05,172.31.36.0-255,66,14116,9,165912
3436,0.000116,172.217.194.0-255,1484,15600,9,165912
3437,0.000118,172.31.36.0-255,66,15666,9,165912
3438,0.000147,172.217.194.0-255,2902,18568,9,165912
3439,0.000149,172.31.36.0-255,66,18634,9,165912
3440,0.000156,172.217.194.0-255,5738,24372,9,165912
3441,0.000158,172.31.36.0-255,66,24438,9,165912
3442,0.00017,172.217.194.0-255,5738,30176,9,165912
3443,0.000173,172.31.36.0-255,66,30242,9,165912
3444,0.000201,172.217.194.0-255,1125,31367,9,165912
3445,0.000204,172.31.36.0-255,66,31433,9,165912
3446,0.000239,172.217.194.0-255,1484,32917,9,165912
3447,0.000241,172.31.36.0-255,66,32983,9,165912
3448,0.000245,172.217.194.0-255,1484,34467,9,165912
3449,0.000247,172.31.36.0-255,66,34533,9,165912
3450,0.000268,172.217.194.0-255,2902,37435,9,165912
3451,0.000271,172.31.36.0-255,66,37501,9,165912
3452,0.000281,172.217.194.0-255,4320,41821,9,165912
3453,0.000284,172.31.36.0-255,66,41887,9,165912
3454,0.00029,172.217.194.0-255,5738,47625,9,165912
3455,0.000292,172.31.36.0-255,66,47691,9,165912
3456,0.000346,172.31.36.0-255,66,47757,9,165912
3457,0.000352,172.217.194.0-255,5379,53136,9,165912
3458,0.000354,172.31.36.0-255,66,53202,9,165912
3459,0.000357,172.217.194.0-255,341,53543,9,165912
3460,0.000365,172.217.194.0-255,402,53945,9,165912
3461,0.000466,172.217.194.0-255,1484,55429,9,165912
3462,0.00047,172.31.36.0-255,66,55495,9,165912
3463,0.000475,172.217.194.0-255,2902,58397,9,165912
3464,0.000478,172.31.36.0-255,66,58463,9,165912
3465,0.000481,172.217.194.0-255,1484,59947,9,165912
3466,0.000518,172.217.194.0-255,4320,64267,9,165912
3467,0.00052,172.31.36.0-255,66,64333,9,165912
3468,0.000541,172.31.36.0-255,66,64399,9,165912
3469,0.000581,172.31.36.0-255,66,64465,9,165912
3470,0.000602,172.217.194.0-255,1125,65590,9,165912
3471,0.000753,172.217.194.0-255,1484,67074,9,165912
3472,0.000758,172.31.36.0-255,66,67140,9,165912
3473,0.000764,172.217.194.0-255,2902,70042,9,165912
3474,0.000767,172.31.36.0-255,66,70108,9,165912
3475,0.000779,172.217.194.0-255,5738,75846,9,165912
3476,0.000781,172.31.36.0-255,66,75912,9,165912
3477,0.000788,172.217.194.0-255,5738,81650,9,165912
3478,0.00079,172.31.36.0-255,66,81716,9,165912
3479,0.000842,172.31.36.0-255,66,81782,9,165912
3480,0.000848,172.217.194.0-255,5020,86802,9,165912
3481,0.000851,172.31.36.0-255,66,86868,9,165912
3482,0.001123,172.217.194.0-255,1484,88352,9,165912
3483,0.00113,172.217.194.0-255,2902,91254,9,165912
3484,0.001133,172.31.36.0-255,66,91320,9,165912
3485,0.001137,172.217.194.0-255,1484,92804,9,165912
3486,0.001166,172.217.194.0-255,4320,97124,9,165912
3487,0.001168,172.31.36.0-255,66,97190,9,165912
3488,0.001187,172.31.36.0-255,66,97256,9,165912
3489,0.001199,172.31.36.0-255,66,97322,9,165912
3490,0.001224,172.217.194.0-255,2184,99506,9,165912
3491,0.00123,172.31.36.0-255,66,99572,9,165912
3492,0.001346,172.217.194.0-255,1484,101056,9,165912
3493,0.001352,172.217.194.0-255,2902,103958,9,165912
3494,0.001355,172.31.36.0-255,66,104024,9,165912
3495,0.001363,172.217.194.0-255,5738,109762,9,165912
3496,0.001365,172.31.36.0-255,66,109828,9,165912
3497,0.001409,172.31.36.0-255,66,109894,9,165912
3498,0.001441,172.217.194.0-255,7156,117050,9,165912
3499,0.001445,172.31.36.0-255,66,117116,9,165912
3500,0.001473,172.217.194.0-255,3602,120718,9,165912
3501,0.001476,172.31.36.0-255,66,120784,9,165912
3502,0.001554,172.217.194.0-255,1484,122268,9,165912
3503,0.001559,172.217.194.0-255,2902,125170,9,165912
3504,0.001563,172.31.36.0-255,66,125236,9,165912
3505,0.001569,172.217.194.0-255,4320,129556,9,165912
3506,0.001572,172.31.36.0-255,66,129622,9,165912
3507,0.001597,172.217.194.0-255,1484,131106,9,165912
3508,0.001609,172.31.36.0-255,66,131172,9,165912
3509,0.001665,172.31.36.0-255,66,131238,9,165912
3510,0.001692,172.217.194.0-255,1484,132722,9,165912
3511,0.001696,172.217.194.0-255,2902,135624,9,165912
3512,0.001699,172.217.194.0-255,1484,137108,9,165912
3513,0.001703,172.31.36.0-255,66,137174,9,165912
3514,0.001732,172.217.194.0-255,4320,141494,9,165912
3515,0.001735,172.31.36.0-255,66,141560,9,165912
3516,0.001759,172.31.36.0-255,66,141626,9,165912
3517,0.00177,172.31.36.0-255,66,141692,9,165912
3518,0.001773,172.217.194.0-255,766,142458,9,165912
3519,0.001847,172.217.194.0-255,1484,143942,9,165912
3520,0.001851,172.31.36.0-255,66,144008,9,165912
3521,0.001856,172.217.194.0-255,2902,146910,9,165912
3522,0.001858,172.31.36.0-255,66,146976,9,165912
3523,0.001862,172.217.194.0-255,1484,148460,9,165912
3524,0.001891,172.217.194.0-255,4320,152780,9,165912
3525,0.001894,172.31.36.0-255,66,152846,9,165912
3526,0.001908,172.31.36.0-255,66,152912,9,165912
3527,0.001923,172.31.36.0-255,66,152978,9,165912
3528,0.001998,172.31.36.0-255,66,153044,9,165912
3529,0.002009,172.31.36.0-255,66,153110,9,165912
3530,0.00203,172.31.36.0-255,66,153176,9,165912
3531,0.002035,172.217.194.0-255,2902,156078,9,165912
3532,0.002037,172.31.36.0-255,66,156144,9,165912
3533,0.002104,172.31.36.0-255,66,156210,9,165912
3534,0.002123,172.31.36.0-255,66,156276,9,165912
3535,0.002143,172.31.36.0-255,66,156342,9,165912
3536,0.002164,172.31.36.0-255,66,156408,9,165912
3537,0.002186,172.31.36.0-255,66,156474,9,165912
3538,0.002189,172.217.194.0-255,105,156579,9,165912
3539,0.004762,172.31.36.0-255,66,156645,9,165912
3540,0.004799,172.31.36.0-255,105,156750,9,165912
3541,0.00709,172.217.194.0-255,66,156816,9,165912
3542,0.036358,172.31.36.0-255,172,156988,9,165912
3543,0.03639,172.31.36.0-255,1117,158105,9,165912
3544,0.036458,172.31.36.0-255,1514,159619,9,165912
3545,0.03646,172.31.36.0-255,1514,161133,9,165912
3546,0.036465,172.31.36.0-255,1514,162647,9,165912
3547,0.036466,172.31.36.0-255,1514,164161,9,165912
3548,0.036486,172.31.36.0-255,1487,165648,9,165912
3549,0.037879,104.244.42.0-255,66,165714,9,165912
3550,0.037907,104.244.42.0-255,66,165780,9,165912
3551,0.038019,104.244.42.0-255,66,165846,9,165912
3552,0.038048,104.244.42.0-255,66,165912,9,165912
3553,0.0,172.217.194.0-255,153,153,9,188287
3554,3.5e-05,172.31.36.0-255,66,219,9,188287
3555,4.2e-05,172.217.194.0-255,1484,1703,9,188287
3556,4.5e-05,172.31.36.0-255,66,1769,9,188287
3557,5e-05,172.217.194.0-255,2902,4671,9,188287
3558,5.3e-05,172.31.36.0-255,66,4737,9,188287
3559,6.9e-05,172.217.194.0-255,7156,11893,9,188287
3560,7.3e-05,172.31.36.0-255,66,11959,9,188287
3561,7.6e-05,172.217.194.0-255,1484,13443,9,188287
3562,7.8e-05,172.31.36.0-255,66,13509,9,188287
3563,8.3e-05,172.217.194.0-255,2902,16411,9,188287
3564,8.6e-05,172.31.36.0-255,66,16477,9,188287
3565,0.000134,172.31.36.0-255,66,16543,9,188287
3566,0.000141,172.217.194.0-255,6797,23340,9,188287
3567,0.000144,172.31.36.0-255,66,23406,9,188287
3568,0.000166,172.217.194.0-255,2902,26308,9,188287
3569,0.000174,172.31.36.0-255,66,26374,9,188287
3570,0.00018,172.217.194.0-255,4320,30694,9,188287
3571,0.000182,172.31.36.0-255,66,30760,9,188287
3572,0.000194,172.31.36.0-255,66,30826,9,188287
3573,0.000197,172.217.194.0-255,1125,31951,9,188287
3574,0.000201,172.31.36.0-255,66,32017,9,188287
3575,0.000322,172.217.194.0-255,1484,33501,9,188287
3576,0.000326,172.31.36.0-255,66,33567,9,188287
3577,0.000332,172.217.194.0-255,2902,36469,9,188287
3578,0.000335,172.31.36.0-255,66,36535,9,188287
3579,0.00034,172.217.194.0-255,4320,40855,9,188287
3580,0.000348,172.31.36.0-255,66,40921,9,188287
3581,0.000371,172.217.194.0-255,1484,42405,9,188287
3582,0.000374,172.31.36.0-255,66,42471,9,188287
3583,0.000385,172.217.194.0-255,4320,46791,9,188287
3584,0.000389,172.31.36.0-255,66,46857,9,188287
3585,0.000432,172.217.194.0-255,1484,48341,9,188287
3586,0.000449,172.217.194.0-255,1707,50048,9,188287
3587,0.000452,172.31.36.0-255,66,50114,9,188287
3588,0.000698,172.217.194.0-255,1484,51598,9,188287
3589,0.000702,172.217.194.0-255,2902,54500,9,188287
3590,0.000706,172.31.36.0-255,66,54566,9,188287
3591,0.000713,172.217.194.0-255,5738,60304,9,188287
3592,0.000715,172.31.36.0-255,66,60370,9,188287
3593,0.00072,172.217.194.0-255,4320,64690,9,188287
3594,0.000729,172.31.36.0-255,66,64756,9,188287
3595,0.000772,172.31.36.0-255,66,64822,9,188287
3596,0.000788,172.31.36.0-255,66,64888,9,188287
3597,0.000791,172.217.194.0-255,766,65654,9,188287
3598,0.001098,172.217.194.0-255,1484,67138,9,188287
3599,0.001103,172.31.36.0-255,66,67204,9,188287
3600,0.001109,172.217.194.0-255,2902,70106,9,188287
3601,0.001111,172.31.36.0-255,66,70172,9,188287
3602,0.001117,172.217.194.0-255,5738,75910,9,188287
3603,0.001121,172.31.36.0-255,66,75976,9,188287
3604,0.001157,172.217.194.0-255,5738,81714,9,188287
3605,0.001161,172.31.36.0-255,66,81780,9,188287
3606,0.00117,172.31.36.0-255,66,81846,9,188287
3607,0.001199,172.217.194.0-255,5020,86866,9,188287
3608,0.001203,172.31.36.0-255,66,86932,9,188287
3609,0.001228,172.217.194.0-255,1484,88416,9,188287
3610,0.001233,172.217.194.0-255,2902,91318,9,188287
3611,0.001236,172.31.36.0-255,66,91384,9,188287
3612,0.00124,172.217.194.0-255,1484,92868,9,188287
3613,0.00127,172.217.194.0-255,4320,97188,9,188287
3614,0.001275,172.31.36.0-255,66,97254,9,188287
3615,0.001289,172.31.36.0-255,66,97320,9,188287
3616,0.001308,172.31.36.0-255,66,97386,9,188287
3617,0.001335,172.217.194.0-255,5738,103124,9,188287
3618,0.001338,172.31.36.0-255,66,103190,9,188287
3619,0.00136,172.217.194.0-255,1484,104674,9,188287
3620,0.001377,172.31.36.0-255,66,104740,9,188287
3621,0.001383,172.217.194.0-255,5738,110478,9,188287
3622,0.001386,172.31.36.0-255,66,110544,9,188287
3623,0.001423,172.217.194.0-255,766,111310,9,188287
3624,0.001431,172.31.36.0-255,66,111376,9,188287
3625,0.001472,172.31.36.0-255,66,111442,9,188287
3626,0.001503,172.217.194.0-255,4320,115762,9,188287
3627,0.001508,172.31.36.0-255,66,115828,9,188287
3628,0.001517,172.31.36.0-255,66,115894,9,188287
3629,0.001577,172.31.36.0-255,66,115960,9,188287
3630,0.001629,172.31.36.0-255,66,116026,9,188287
3631,0.001637,172.217.194.0-255,6438,122464,9,188287
3632,0.00164,172.31.36.0-255,66,122530,9,188287
3633,0.001644,172.217.194.0-255,7156,129686,9,188287
3634,0.001646,172.31.36.0-255,66,129752,9,188287
3635,0.001659,172.31.36.0-255,66,129818,9,188287
3636,0.001673,172.31.36.0-255,66,129884,9,188287
3637,0.001677,172.217.194.0-255,2184,132068,9,188287
3638,0.001679,172.31.36.0-255,66,132134,9,188287
3639,0.001704,172.217.194.0-255,2902,135036,9,188287
3640,0.001707,172.31.36.0-255,66,135102,9,188287
3641,0.001718,172.217.194.0-255,5738,140840,9,188287
3642,0.001721,172.31.36.0-255,66,140906,9,188287
3643,0.001752,172.217.194.0-255,1484,142390,9,188287
3644,0.001758,172.217.194.0-255,2902,145292,9,188287
3645,0.001767,172.31.36.0-255,66,145358,9,188287
3646,0.001779,172.31.36.0-255,66,145424,9,188287
3647,0.001789,172.31.36.0-255,66,145490,9,188287
3648,0.001818,172.217.194.0-255,1484,146974,9,188287
3649,0.001823,172.217.194.0-255,2902,149876,9,188287
3650,0.001826,172.31.36.0-255,66,149942,9,188287
3651,0.001828,172.217.194.0-255,5738,155680,9,188287
3652,0.00183,172.31.36.0-255,66,155746,9,188287
3653,0.00186,172.31.36.0-255,66,155812,9,188287
3654,0.001889,172.217.194.0-255,1484,157296,9,188287
3655,0.001907,172.31.36.0-255,66,157362,9,188287
3656,0.001911,172.217.194.0-255,2184,159546,9,188287
3657,0.001914,172.217.194.0-255,2902,162448,9,188287
3658,0.001919,172.31.36.0-255,66,162514,9,188287
3659,0.001922,172.31.36.0-255,66,162580,9,188287
3660,0.001956,172.217.194.0-255,7156,169736,9,188287
3661,0.00196,172.31.36.0-255,66,169802,9,188287
3662,0.001967,172.217.194.0-255,7156,176958,9,188287
3663,0.001969,172.31.36.0-255,66,177024,9,188287
3664,0.002019,172.31.36.0-255,66,177090,9,188287
3665,0.002027,172.217.194.0-255,6438,183528,9,188287
3666,0.002029,172.31.36.0-255,66,183594,9,188287
3667,0.00205,172.31.36.0-255,66,183660,9,188287
3668,0.002054,172.217.194.0-255,105,183765,9,188287
3669,0.003712,172.31.36.0-255,66,183831,9,188287
3670,0.003739,172.31.36.0-255,105,183936,9,188287
3671,0.006277,172.217.194.0-255,66,184002,9,188287
3672,0.032118,172.31.36.0-255,172,184174,9,188287
3673,0.032146,172.31.36.0-255,1115,185289,9,188287
3674,0.032182,172.31.36.0-255,1514,186803,9,188287
3675,0.032183,172.31.36.0-255,1286,188089,9,188287
3676,0.033614,104.244.42.0-255,66,188155,9,188287
3677,0.033647,104.244.42.0-255,66,188221,9,188287
3678,0.03368,104.244.42.0-255,66,188287,9,188287
3679,0.0,172.31.36.0-255,105,105,9,276
3680,0.067896,31.13.82.0-255,105,210,9,276
3681,0.067912,172.31.36.0-255,66,276,9,276
3682,0.0,74.125.130.0-255,153,153,9,404779
3683,2.5e-05,172.31.36.0-255,66,219,9,404779
3684,3.3e-05,74.125.130.0-255,1484,1703,9,404779
3685,3.7e-05,172.31.36.0-255,66,1769,9,404779
3686,5.3e-05,74.125.130.0-255,2902,4671,9,404779
3687,5.8e-05,172.31.36.0-255,66,4737,9,404779
3688,6.5e-05,74.125.130.0-255,5738,10475,9,404779
3689,6.9e-05,172.31.36.0-255,66,10541,9,404779
3690,7.2e-05,74.125.130.0-255,1484,12025,9,404779
3691,7.5e-05,172.31.36.0-255,66,12091,9,404779
3692,8e-05,74.125.130.0-255,2118,14209,9,404779
3693,8.3e-05,172.31.36.0-255,66,14275,9,404779
3694,0.000143,74.125.130.0-255,5738,20013,9,404779
3695,0.000146,172.31.36.0-255,66,20079,9,404779
3696,0.000154,74.125.130.0-255,7156,27235,9,404779
3697,0.000157,172.31.36.0-255,66,27301,9,404779
3698,0.000163,74.125.130.0-255,3961,31262,9,404779
3699,0.000165,172.31.36.0-255,66,31328,9,404779
3700,0.000316,74.125.130.0-255,1484,32812,9,404779
3701,0.00032,172.31.36.0-255,66,32878,9,404779
3702,0.000347,74.125.130.0-255,2902,35780,9,404779
3703,0.00035,172.31.36.0-255,66,35846,9,404779
3704,0.000357,74.125.130.0-255,5738,41584,9,404779
3705,0.00036,172.31.36.0-255,66,41650,9,404779
3706,0.000385,74.125.130.0-255,6797,48447,9,404779
3707,0.000388,172.31.36.0-255,66,48513,9,404779
3708,0.000422,74.125.130.0-255,7156,55669,9,404779
3709,0.000425,172.31.36.0-255,66,55735,9,404779
3710,0.000432,74.125.130.0-255,7156,62891,9,404779
3711,0.000434,172.31.36.0-255,66,62957,9,404779
3712,0.000473,74.125.130.0-255,2798,65755,9,404779
3713,0.000477,172.31.36.0-255,66,65821,9,404779
3714,0.000502,74.125.130.0-255,121,65942,9,404779
3715,0.00065,74.125.130.0-255,1484,67426,9,404779
3716,0.000655,172.31.36.0-255,66,67492,9,404779
3717,0.000687,74.125.130.0-255,2902,70394,9,404779
3718,0.000691,172.31.36.0-255,66,70460,9,404779
3719,0.000694,74.125.130.0-255,1484,71944,9,404779
3720,0.000699,74.125.130.0-255,2902,74846,9,404779
3721,0.000701,172.31.36.0-255,66,74912,9,404779
3722,0.000708,74.125.130.0-255,5738,80650,9,404779
3723,0.000711,172.31.36.0-255,66,80716,9,404779
3724,0.000753,172.31.36.0-255,66,80782,9,404779
3725,0.000758,74.125.130.0-255,2902,83684,9,404779
3726,0.00076,172.31.36.0-255,66,83750,9,404779
3727,0.000795,74.125.130.0-255,7156,90906,9,404779
3728,0.000798,172.31.36.0-255,66,90972,9,404779
3729,0.000801,74.125.130.0-255,766,91738,9,404779
3730,0.000834,74.125.130.0-255,1484,93222,9,404779
3731,0.000837,172.31.36.0-255,66,93288,9,404779
3732,0.000864,74.125.130.0-255,2902,96190,9,404779
3733,0.000868,172.31.36.0-255,66,96256,9,404779
3734,0.000872,74.125.130.0-255,2902,99158,9,404779
3735,0.000874,172.31.36.0-255,66,99224,9,404779
3736,0.00091,74.125.130.0-255,4320,103544,9,404779
3737,0.000913,172.31.36.0-255,66,103610,9,404779
3738,0.000943,74.125.130.0-255,5109,108719,9,404779
3739,0.000946,172.31.36.0-255,66,108785,9,404779
3740,0.000966,74.125.130.0-255,5738,114523,9,404779
3741,0.000968,172.31.36.0-255,66,114589,9,404779
3742,0.000972,74.125.130.0-255,1484,116073,9,404779
3743,0.000994,74.125.130.0-255,2902,118975,9,404779
3744,0.000997,172.31.36.0-255,66,119041,9,404779
3745,0.001018,74.125.130.0-255,5738,124779,9,404779
3746,0.001021,172.31.36.0-255,66,124845,9,404779
3747,0.001024,74.125.130.0-255,1125,125970,9,404779
3748,0.001354,74.125.130.0-255,1484,127454,9,404779
3749,0.001358,172.31.36.0-255,66,127520,9,404779
3750,0.001364,74.125.130.0-255,2902,130422,9,404779
3751,0.001367,172.31.36.0-255,66,130488,9,404779
3752,0.001387,74.125.130.0-255,2902,133390,9,404779
3753,0.001389,172.31.36.0-255,66,133456,9,404779
3754,0.001395,74.125.130.0-255,4320,137776,9,404779
3755,0.001398,172.31.36.0-255,66,137842,9,404779
3756,0.00144,172.31.36.0-255,66,137908,9,404779
3757,0.001446,74.125.130.0-255,4320,142228,9,404779
3758,0.001448,172.31.36.0-255,66,142294,9,404779
3759,0.001453,74.125.130.0-255,2902,145196,9,404779
3760,0.001455,172.31.36.0-255,66,145262,9,404779
3761,0.001486,74.125.130.0-255,2902,148164,9,404779
3762,0.001488,172.31.36.0-255,66,148230,9,404779
3763,0.001494,74.125.130.0-255,3602,151832,9,404779
3764,0.001496,172.31.36.0-255,66,151898,9,404779
3765,0.003433,74.125.130.0-255,2902,154800,9,404779
3766,0.00344,172.31.36.0-255,66,154866,9,404779
3767,0.003471,74.125.130.0-255,2902,157768,9,404779
3768,0.003473,172.31.36.0-255,66,157834,9,404779
3769,0.005399,74.125.130.0-255,4320,162154,9,404779
3770,0.005406,172.31.36.0-255,66,162220,9,404779
3771,0.005432,74.125.130.0-255,1484,163704,9,404779
3772,0.007341,74.125.130.0-255,4320,168024,9,404779
3773,0.007346,172.31.36.0-255,66,168090,9,404779
3774,0.009304,74.125.130.0-255,5738,173828,9,404779
3775,0.009325,172.31.36.0-255,66,173894,9,404779
3776,0.011274,74.125.130.0-255,5738,179632,9,404779
3777,0.011282,172.31.36.0-255,66,179698,9,404779
3778,0.013283,74.125.130.0-255,5738,185436,9,404779
3779,0.013296,172.31.36.0-255,66,185502,9,404779
3780,0.015236,74.125.130.0-255,5738,191240,9,404779
3781,0.015244,172.31.36.0-255,66,191306,9,404779
3782,0.017192,74.125.130.0-255,5738,197044,9,404779
3783,0.0172,172.31.36.0-255,66,197110,9,404779
3784,0.019155,74.125.130.0-255,5738,202848,9,404779
3785,0.019162,172.31.36.0-255,66,202914,9,404779
3786,0.021132,74.125.130.0-255,5738,208652,9,404779
3787,0.02114,172.31.36.0-255,66,208718,9,404779
3788,0.023091,74.125.130.0-255,5738,214456,9,404779
3789,0.023097,172.31.36.0-255,66,214522,9,404779
3790,0.025033,74.125.130.0-255,5738,220260,9,404779
3791,0.02504,172.31.36.0-255,66,220326,9,404779
3792,0.026996,74.125.130.0-255,5738,226064,9,404779
3793,0.027004,172.31.36.0-255,66,226130,9,404779
3794,0.028961,74.125.130.0-255,5738,231868,9,404779
3795,0.02897,172.31.36.0-255,66,231934,9,404779
3796,0.030936,74.125.130.0-255,4320,236254,9,404779
3797,0.030944,172.31.36.0-255,66,236320,9,404779
3798,0.030973,74.125.130.0-255,1484,237804,9,404779
3799,0.03289,74.125.130.0-255,2902,240706,9,404779
3800,0.032896,172.31.36.0-255,66,240772,9,404779
3801,0.032922,74.125.130.0-255,1484,242256,9,404779
3802,0.034837,74.125.130.0-255,4320,246576,9,404779
3803,0.034842,172.31.36.0-255,66,246642,9,404779
3804,0.036783,74.125.130.0-255,5738,252380,9,404779
3805,0.036791,172.31.36.0-255,66,252446,9,404779
3806,0.038745,74.125.130.0-255,5738,258184,9,404779
3807,0.038753,172.31.36.0-255,66,258250,9,404779
3808,0.040703,74.125.130.0-255,5738,263988,9,404779
3809,0.040708,172.31.36.0-255,66,264054,9,404779
3810,0.042664,74.125.130.0-255,5738,269792,9,404779
3811,0.042671,172.31.36.0-255,66,269858,9,404779
3812,0.044634,74.125.130.0-255,5738,275596,9,404779
3813,0.044642,172.31.36.0-255,66,275662,9,404779
3814,0.046607,74.125.130.0-255,5738,281400,9,404779
3815,0.046615,172.31.36.0-255,66,281466,9,404779
3816,0.04856,74.125.130.0-255,5738,287204,9,404779
3817,0.048567,172.31.36.0-255,66,287270,9,404779
3818,0.050522,74.125.130.0-255,5738,293008,9,404779
3819,0.05053,172.31.36.0-255,66,293074,9,404779
3820,0.052482,74.125.130.0-255,5738,298812,9,404779
3821,0.052491,172.31.36.0-255,66,298878,9,404779
3822,0.054431,74.125.130.0-255,4320,303198,9,404779
3823,0.054437,172.31.36.0-255,66,303264,9,404779
3824,0.054465,74.125.130.0-255,1484,304748,9,404779
3825,0.056378,74.125.130.0-255,4320,309068,9,404779
3826,0.056385,172.31.36.0-255,66,309134,9,404779
3827,0.058327,74.125.130.0-255,5738,314872,9,404779
3828,0.058335,172.31.36.0-255,66,314938,9,404779
3829,0.060276,74.125.130.0-255,5738,320676,9,404779
3830,0.060283,172.31.36.0-255,66,320742,9,404779
3831,0.062242,74.125.130.0-255,5738,326480,9,404779
3832,0.06225,172.31.36.0-255,66,326546,9,404779
3833,0.064196,74.125.130.0-255,5738,332284,9,404779
3834,0.064201,172.31.36.0-255,66,332350,9,404779
3835,0.066161,74.125.130.0-255,5738,338088,9,404779
3836,0.066169,172.31.36.0-255,66,338154,9,404779
3837,0.068122,74.125.130.0-255,5738,343892,9,404779
3838,0.068132,172.31.36.0-255,66,343958,9,404779
3839,0.070093,74.125.130.0-255,5738,349696,9,404779
3840,0.070104,172.31.36.0-255,66,349762,9,404779
3841,0.072054,74.125.130.0-255,5738,355500,9,404779
3842,0.072067,172.31.36.0-255,66,355566,9,404779
3843,0.074061,74.125.130.0-255,5738,361304,9,404779
3844,0.074078,172.31.36.0-255,66,361370,9,404779
3845,0.076041,74.125.130.0-255,5738,367108,9,404779
3846,0.076051,172.31.36.0-255,66,367174,9,404779
3847,0.078048,74.125.130.0-255,5738,372912,9,404779
3848,0.078053,172.31.36.0-255,66,372978,9,404779
3849,0.080006,74.125.130.0-255,5738,378716,9,404779
3850,0.080015,172.31.36.0-255,66,378782,9,404779
3851,0.081985,74.125.130.0-255,5738,384520,9,404779
3852,0.081993,172.31.36.0-255,66,384586,9,404779
3853,0.083957,74.125.130.0-255,5738,390324,9,404779
3854,0.083971,172.31.36.0-255,66,390390,9,404779
3855,0.085958,74.125.130.0-255,5738,396128,9,404779
3856,0.085969,172.31.36.0-255,66,396194,9,404779
3857,0.087925,74.125.130.0-255,2902,399096,9,404779
3858,0.087933,172.31.36.0-255,66,399162,9,404779
3859,0.087964,74.125.130.0-255,2902,402064,9,404779
3860,0.087968,172.31.36.0-255,66,402130,9,404779
3861,0.089886,74.125.130.0-255,2412,404542,9,404779
3862,0.089898,172.31.36.0-255,66,404608,9,404779
3863,0.090114,172.31.36.0-255,105,404713,9,404779
3864,0.092023,74.125.130.0-255,66,404779,9,404779
3865,0.0,172.217.160.0-255,153,153,9,386746
3866,3.3e-05,172.31.36.0-255,66,219,9,386746
3867,4e-05,172.217.160.0-255,1484,1703,9,386746
3868,4.5e-05,172.31.36.0-255,66,1769,9,386746
3869,5e-05,172.217.160.0-255,2902,4671,9,386746
3870,6e-05,172.31.36.0-255,66,4737,9,386746
3871,6.8e-05,172.217.160.0-255,7156,11893,9,386746
3872,7.1e-05,172.31.36.0-255,66,11959,9,386746
3873,8.4e-05,172.31.36.0-255,66,12025,9,386746
3874,0.000116,172.217.160.0-255,4777,16802,9,386746
3875,0.000123,172.31.36.0-255,66,16868,9,386746
3876,0.000128,172.217.160.0-255,2543,19411,9,386746
3877,0.00013,172.31.36.0-255,66,19477,9,386746
3878,0.000237,172.217.160.0-255,1484,20961,9,386746
3879,0.000241,172.31.36.0-255,66,21027,9,386746
3880,0.000247,172.217.160.0-255,2902,23929,9,386746
3881,0.000249,172.31.36.0-255,66,23995,9,386746
3882,0.000279,172.217.160.0-255,5738,29733,9,386746
3883,0.000282,172.31.36.0-255,66,29799,9,386746
3884,0.000289,172.217.160.0-255,6797,36596,9,386746
3885,0.000292,172.31.36.0-255,66,36662,9,386746
3886,0.000426,172.217.160.0-255,1484,38146,9,386746
3887,0.00043,172.31.36.0-255,66,38212,9,386746
3888,0.000436,172.217.160.0-255,2902,41114,9,386746
3889,0.000437,172.31.36.0-255,66,41180,9,386746
3890,0.000441,172.217.160.0-255,1484,42664,9,386746
3891,0.000443,172.31.36.0-255,66,42730,9,386746
3892,0.000463,172.217.160.0-255,4320,47050,9,386746
3893,0.000473,172.31.36.0-255,66,47116,9,386746
3894,0.0005,172.217.160.0-255,6797,53913,9,386746
3895,0.000503,172.31.36.0-255,66,53979,9,386746
3896,0.000584,172.217.160.0-255,372,54351,9,386746
3897,0.000828,172.31.36.0-255,66,54417,9,386746
3898,0.000994,172.217.160.0-255,371,54788,9,386746
3899,0.001111,172.217.160.0-255,1484,56272,9,386746
3900,0.001116,172.31.36.0-255,66,56338,9,386746
3901,0.001122,172.217.160.0-255,2902,59240,9,386746
3902,0.001124,172.31.36.0-255,66,59306,9,386746
3903,0.00113,172.217.160.0-255,5738,65044,9,386746
3904,0.001138,172.31.36.0-255,66,65110,9,386746
3905,0.001172,172.217.160.0-255,6797,71907,9,386746
3906,0.001175,172.31.36.0-255,66,71973,9,386746
3907,0.001183,172.217.160.0-255,7156,79129,9,386746
3908,0.001185,172.31.36.0-255,66,79195,9,386746
3909,0.001226,172.217.160.0-255,7156,86351,9,386746
3910,0.001229,172.31.36.0-255,66,86417,9,386746
3911,0.001255,172.217.160.0-255,2543,88960,9,386746
3912,0.001258,172.31.36.0-255,66,89026,9,386746
3913,0.001477,172.217.160.0-255,1484,90510,9,386746
3914,0.001484,172.217.160.0-255,2902,93412,9,386746
3915,0.001488,172.31.36.0-255,66,93478,9,386746
3916,0.001496,172.217.160.0-255,5738,99216,9,386746
3917,0.001498,172.31.36.0-255,66,99282,9,386746
3918,0.001538,172.31.36.0-255,66,99348,9,386746
3919,0.001568,172.217.160.0-255,5738,105086,9,386746
3920,0.001572,172.31.36.0-255,66,105152,9,386746
3921,0.001604,172.217.160.0-255,5020,110172,9,386746
3922,0.001607,172.31.36.0-255,66,110238,9,386746
3923,0.001838,172.217.160.0-255,1484,111722,9,386746
3924,0.001843,172.217.160.0-255,1484,113206,9,386746
3925,0.001847,172.31.36.0-255,66,113272,9,386746
3926,0.00188,172.217.160.0-255,1484,114756,9,386746
3927,0.001886,172.217.160.0-255,5738,120494,9,386746
3928,0.001889,172.31.36.0-255,66,120560,9,386746
3929,0.001915,172.217.160.0-255,5738,126298,9,386746
3930,0.001918,172.31.36.0-255,66,126364,9,386746
3931,0.001931,172.217.160.0-255,1484,127848,9,386746
3932,0.001946,172.31.36.0-255,66,127914,9,386746
3933,0.001981,172.31.36.0-255,66,127980,9,386746
3934,0.003919,172.217.160.0-255,5738,133718,9,386746
3935,0.003926,172.31.36.0-255,66,133784,9,386746
3936,0.005859,172.217.160.0-255,5738,139522,9,386746
3937,0.005864,172.31.36.0-255,66,139588,9,386746
3938,0.007832,172.217.160.0-255,5738,145326,9,386746
3939,0.007851,172.31.36.0-255,66,145392,9,386746
3940,0.009802,172.217.160.0-255,5738,151130,9,386746
3941,0.009818,172.31.36.0-255,66,151196,9,386746
3942,0.011777,172.217.160.0-255,5738,156934,9,386746
3943,0.011793,172.31.36.0-255,66,157000,9,386746
3944,0.013747,172.217.160.0-255,5738,162738,9,386746
3945,0.013754,172.31.36.0-255,66,162804,9,386746
3946,0.015719,172.217.160.0-255,5738,168542,9,386746
3947,0.015738,172.31.36.0-255,66,168608,9,386746
3948,0.01768,172.217.160.0-255,5738,174346,9,386746
3949,0.017689,172.31.36.0-255,66,174412,9,386746
3950,0.019627,172.217.160.0-255,5738,180150,9,386746
3951,0.019635,172.31.36.0-255,66,180216,9,386746
3952,0.021583,172.217.160.0-255,5738,185954,9,386746
3953,0.02159,172.31.36.0-255,66,186020,9,386746
3954,0.023531,172.217.160.0-255,5738,191758,9,386746
3955,0.023538,172.31.36.0-255,66,191824,9,386746
3956,0.025481,172.217.160.0-255,5738,197562,9,386746
3957,0.025491,172.31.36.0-255,66,197628,9,386746
3958,0.027437,172.217.160.0-255,5738,203366,9,386746
3959,0.027444,172.31.36.0-255,66,203432,9,386746
3960,0.029413,172.217.160.0-255,5738,209170,9,386746
3961,0.02942,172.31.36.0-255,66,209236,9,386746
3962,0.031383,172.217.160.0-255,5738,214974,9,386746
3963,0.03139,172.31.36.0-255,66,215040,9,386746
3964,0.033343,172.217.160.0-255,5738,220778,9,386746
3965,0.033359,172.31.36.0-255,66,220844,9,386746
3966,0.035314,172.217.160.0-255,5738,226582,9,386746
3967,0.035332,172.31.36.0-255,66,226648,9,386746
3968,0.037287,172.217.160.0-255,5738,232386,9,386746
3969,0.037294,172.31.36.0-255,66,232452,9,386746
3970,0.039255,172.217.160.0-255,5738,238190,9,386746
3971,0.039273,172.31.36.0-255,66,238256,9,386746
3972,0.041213,172.217.160.0-255,5738,243994,9,386746
3973,0.041225,172.31.36.0-255,66,244060,9,386746
3974,0.043167,172.217.160.0-255,5738,249798,9,386746
3975,0.043175,172.31.36.0-255,66,249864,9,386746
3976,0.045115,172.217.160.0-255,5738,255602,9,386746
3977,0.045123,172.31.36.0-255,66,255668,9,386746
3978,0.047067,172.217.160.0-255,5738,261406,9,386746
3979,0.047074,172.31.36.0-255,66,261472,9,386746
3980,0.049022,172.217.160.0-255,5738,267210,9,386746
3981,0.049031,172.31.36.0-255,66,267276,9,386746
3982,0.050992,172.217.160.0-255,5738,273014,9,386746
3983,0.051012,172.31.36.0-255,66,273080,9,386746
3984,0.052948,172.217.160.0-255,5738,278818,9,386746
3985,0.052956,172.31.36.0-255,66,278884,9,386746
3986,0.0549,172.217.160.0-255,5738,284622,9,386746
3987,0.054909,172.31.36.0-255,66,284688,9,386746
3988,0.056853,172.217.160.0-255,5738,290426,9,386746
3989,0.056861,172.31.36.0-255,66,290492,9,386746
3990,0.058202,172.31.36.0-255,176,290668,9,386746
3991,0.058239,172.31.36.0-255,1116,291784,9,386746
3992,0.058308,172.31.36.0-255,1514,293298,9,386746
3993,0.05831,172.31.36.0-255,1514,294812,9,386746
3994,0.058311,172.31.36.0-255,1514,296326,9,386746
3995,0.058311,172.31.36.0-255,368,296694,9,386746
3996,0.058794,172.217.160.0-255,5738,302432,9,386746
3997,0.0588,172.31.36.0-255,66,302498,9,386746
3998,0.060005,104.244.42.0-255,66,302564,9,386746
3999,0.060055,104.244.42.0-255,66,302630,9,386746
4000,0.060163,104.244.42.0-255,66,302696,9,386746
4001,0.060165,104.244.42.0-255,66,302762,9,386746
4002,0.060738,172.217.160.0-255,5738,308500,9,386746
4003,0.060743,172.31.36.0-255,66,308566,9,386746
4004,0.062681,172.217.160.0-255,5738,314304,9,386746
4005,0.062686,172.31.36.0-255,66,314370,9,386746
4006,0.064623,172.217.160.0-255,5738,320108,9,386746
4007,0.064628,172.31.36.0-255,66,320174,9,386746
4008,0.066561,172.217.160.0-255,5738,325912,9,386746
4009,0.066566,172.31.36.0-255,66,325978,9,386746
4010,0.068502,172.217.160.0-255,4320,330298,9,386746
4011,0.068507,172.31.36.0-255,66,330364,9,386746
4012,0.068542,172.217.160.0-255,1484,331848,9,386746
4013,0.070435,172.217.160.0-255,2902,334750,9,386746
4014,0.07044,172.31.36.0-255,66,334816,9,386746
4015,0.072372,172.217.160.0-255,4320,339136,9,386746
4016,0.072377,172.31.36.0-255,66,339202,9,386746
4017,0.072408,172.217.160.0-255,1484,340686,9,386746
4018,0.074321,172.217.160.0-255,4320,345006,9,386746
4019,0.074327,172.31.36.0-255,66,345072,9,386746
4020,0.076264,172.217.160.0-255,5738,350810,9,386746
4021,0.076269,172.31.36.0-255,66,350876,9,386746
4022,0.078209,172.217.160.0-255,5738,356614,9,386746
4023,0.078214,172.31.36.0-255,66,356680,9,386746
4024,0.080151,172.217.160.0-255,5738,362418,9,386746
4025,0.080155,172.31.36.0-255,66,362484,9,386746
4026,0.082096,172.217.160.0-255,5738,368222,9,386746
4027,0.082101,172.31.36.0-255,66,368288,9,386746
4028,0.084036,172.217.160.0-255,5738,374026,9,386746
4029,0.084041,172.31.36.0-255,66,374092,9,386746
4030,0.086078,172.217.160.0-255,5738,379830,9,386746
4031,0.086083,172.31.36.0-255,66,379896,9,386746
4032,0.088017,172.217.160.0-255,4320,384216,9,386746
4033,0.088023,172.31.36.0-255,66,384282,9,386746
4034,0.088056,172.217.160.0-255,1484,385766,9,386746
4035,0.08996,172.217.160.0-255,743,386509,9,386746
4036,0.089966,172.31.36.0-255,66,386575,9,386746
4037,0.090127,172.31.36.0-255,105,386680,9,386746
4038,0.09206,172.217.160.0-255,66,386746,9,386746
4039,0.0,74.125.24.0-255,146,146,9,333557
4040,2.8e-05,172.31.36.0-255,66,212,9,333557
4041,3.6e-05,74.125.24.0-255,1484,1696,9,333557
4042,4.1e-05,172.31.36.0-255,66,1762,9,333557
4043,5.4e-05,74.125.24.0-255,2902,4664,9,333557
4044,5.6e-05,172.31.36.0-255,66,4730,9,333557
4045,6.4e-05,74.125.24.0-255,7156,11886,9,333557
4046,6.7e-05,172.31.36.0-255,66,11952,9,333557
4047,9.3e-05,74.125.24.0-255,1950,13902,9,333557
4048,9.6e-05,172.31.36.0-255,66,13968,9,333557
4049,0.000101,74.125.24.0-255,2902,16870,9,333557
4050,0.000103,172.31.36.0-255,66,16936,9,333557
4051,0.000142,74.125.24.0-255,7156,24092,9,333557
4052,0.000146,172.31.36.0-255,66,24158,9,333557
4053,0.000153,74.125.24.0-255,6797,30955,9,333557
4054,0.000155,172.31.36.0-255,66,31021,9,333557
4055,0.000202,74.125.24.0-255,1484,32505,9,333557
4056,0.000206,172.31.36.0-255,66,32571,9,333557
4057,0.000211,74.125.24.0-255,2902,35473,9,333557
4058,0.000213,172.31.36.0-255,66,35539,9,333557
4059,0.000251,74.125.24.0-255,5738,41277,9,333557
4060,0.000254,172.31.36.0-255,66,41343,9,333557
4061,0.000288,172.31.36.0-255,66,41409,9,333557
4062,0.000319,74.125.24.0-255,5379,46788,9,333557
4063,0.000323,172.31.36.0-255,66,46854,9,333557
4064,0.000329,74.125.24.0-255,7156,54010,9,333557
4065,0.000332,172.31.36.0-255,66,54076,9,333557
4066,0.000336,74.125.24.0-255,2854,56930,9,333557
4067,0.000339,172.31.36.0-255,66,56996,9,333557
4068,0.000364,74.125.24.0-255,109,57105,9,333557
4069,0.000367,172.31.36.0-255,66,57171,9,333557
4070,0.000491,74.125.24.0-255,332,57503,9,333557
4071,0.000495,172.31.36.0-255,66,57569,9,333557
4072,0.000945,74.125.24.0-255,1484,59053,9,333557
4073,0.000951,172.31.36.0-255,66,59119,9,333557
4074,0.000983,74.125.24.0-255,2902,62021,9,333557
4075,0.000987,172.31.36.0-255,66,62087,9,333557
4076,0.000995,74.125.24.0-255,4320,66407,9,333557
4077,0.000998,172.31.36.0-255,66,66473,9,333557
4078,0.001002,74.125.24.0-255,1484,67957,9,333557
4079,0.001003,172.31.36.0-255,66,68023,9,333557
4080,0.001029,74.125.24.0-255,4320,72343,9,333557
4081,0.001033,172.31.36.0-255,66,72409,9,333557
4082,0.001078,74.125.24.0-255,2902,75311,9,333557
4083,0.001082,172.31.36.0-255,66,75377,9,333557
4084,0.001111,172.31.36.0-255,66,75443,9,333557
4085,0.001153,172.31.36.0-255,66,75509,9,333557
4086,0.001397,74.125.24.0-255,1484,76993,9,333557
4087,0.001405,74.125.24.0-255,2902,79895,9,333557
4088,0.001409,172.31.36.0-255,66,79961,9,333557
4089,0.001416,74.125.24.0-255,5738,85699,9,333557
4090,0.001417,172.31.36.0-255,66,85765,9,333557
4091,0.001474,172.31.36.0-255,66,85831,9,333557
4092,0.001481,74.125.24.0-255,7156,92987,9,333557
4093,0.001483,172.31.36.0-255,66,93053,9,333557
4094,0.001521,74.125.24.0-255,3602,96655,9,333557
4095,0.001525,172.31.36.0-255,66,96721,9,333557
4096,0.001576,74.125.24.0-255,1484,98205,9,333557
4097,0.001582,74.125.24.0-255,2902,101107,9,333557
4098,0.001585,172.31.36.0-255,66,101173,9,333557
4099,0.001635,74.125.24.0-255,5738,106911,9,333557
4100,0.001638,172.31.36.0-255,66,106977,9,333557
4101,0.001643,74.125.24.0-255,5738,112715,9,333557
4102,0.001645,172.31.36.0-255,66,112781,9,333557
4103,0.001663,172.31.36.0-255,66,112847,9,333557
4104,0.001676,172.31.36.0-255,66,112913,9,333557
4105,0.001681,74.125.24.0-255,2902,115815,9,333557
4106,0.001683,172.31.36.0-255,66,115881,9,333557
4107,0.001743,172.31.36.0-255,66,115947,9,333557
4108,0.001746,172.31.36.0-255,66,116013,9,333557
4109,0.00205,74.125.24.0-255,1484,117497,9,333557
4110,0.002056,74.125.24.0-255,2902,120399,9,333557
4111,0.002059,172.31.36.0-255,66,120465,9,333557
4112,0.002063,74.125.24.0-255,1484,121949,9,333557
4113,0.002088,74.125.24.0-255,4320,126269,9,333557
4114,0.00209,172.31.36.0-255,66,126335,9,333557
4115,0.002124,172.31.36.0-255,66,126401,9,333557
4116,0.002131,74.125.24.0-255,7156,133557,9,333557
4117,0.002133,172.31.36.0-255,66,133623,9,333557
4118,0.002169,74.125.24.0-255,3602,137225,9,333557
4119,0.002172,172.31.36.0-255,66,137291,9,333557
4120,0.00444,74.125.24.0-255,5738,143029,9,333557
4121,0.004446,172.31.36.0-255,66,143095,9,333557
4122,0.006712,74.125.24.0-255,5738,148833,9,333557
4123,0.006717,172.31.36.0-255,66,148899,9,333557
4124,0.009001,74.125.24.0-255,5738,154637,9,333557
4125,0.009008,172.31.36.0-255,66,154703,9,333557
4126,0.011299,74.125.24.0-255,5738,160441,9,333557
4127,0.011306,172.31.36.0-255,66,160507,9,333557
4128,0.013613,74.125.24.0-255,5738,166245,9,333557
4129,0.013621,172.31.36.0-255,66,166311,9,333557
4130,0.015948,74.125.24.0-255,5738,172049,9,333557
4131,0.015956,172.31.36.0-255,66,172115,9,333557
4132,0.018275,74.125.24.0-255,5738,177853,9,333557
4133,0.018283,172.31.36.0-255,66,177919,9,333557
4134,0.020562,74.125.24.0-255,2902,180821,9,333557
4135,0.020568,172.31.36.0-255,66,180887,9,333557
4136,0.0206,74.125.24.0-255,2902,183789,9,333557
4137,0.020604,172.31.36.0-255,66,183855,9,333557
4138,0.022832,74.125.24.0-255,2902,186757,9,333557
4139,0.022851,172.31.36.0-255,66,186823,9,333557
4140,0.022893,74.125.24.0-255,2902,189725,9,333557
4141,0.022896,172.31.36.0-255,66,189791,9,333557
4142,0.025134,74.125.24.0-255,2902,192693,9,333557
4143,0.025138,172.31.36.0-255,66,192759,9,333557
4144,0.025211,74.125.24.0-255,2902,195661,9,333557
4145,0.025217,172.31.36.0-255,66,195727,9,333557
4146,0.026012,172.31.36.0-255,172,195899,9,333557
4147,0.026053,172.31.36.0-255,1116,197015,9,333557
4148,0.026128,172.31.36.0-255,1514,198529,9,333557
4149,0.02613,172.31.36.0-255,1514,200043,9,333557
4150,0.026131,172.31.36.0-255,1514,201557,9,333557
4151,0.026132,172.31.36.0-255,359,201916,9,333557
4152,0.027383,74.125.24.0-255,2902,204818,9,333557
4153,0.02739,172.31.36.0-255,66,204884,9,333557
4154,0.027455,74.125.24.0-255,2902,207786,9,333557
4155,0.027459,172.31.36.0-255,66,207852,9,333557
4156,0.027554,104.244.42.0-255,66,207918,9,333557
4157,0.027618,104.244.42.0-255,66,207984,9,333557
4158,0.027691,104.244.42.0-255,66,208050,9,333557
4159,0.027695,104.244.42.0-255,66,208116,9,333557
4160,0.029649,74.125.24.0-255,2902,211018,9,333557
4161,0.029655,172.31.36.0-255,66,211084,9,333557
4162,0.029776,74.125.24.0-255,2902,213986,9,333557
4163,0.029781,172.31.36.0-255,66,214052,9,333557
4164,0.030305,104.244.42.0-255,108,214160,9,333557
4165,0.030326,172.31.36.0-255,66,214226,9,333557
4166,0.031897,74.125.24.0-255,2902,217128,9,333557
4167,0.031902,172.31.36.0-255,66,217194,9,333557
4168,0.032044,74.125.24.0-255,2902,220096,9,333557
4169,0.03205,172.31.36.0-255,66,220162,9,333557
4170,0.034233,74.125.24.0-255,2902,223064,9,333557
4171,0.034239,172.31.36.0-255,66,223130,9,333557
4172,0.034304,74.125.24.0-255,1484,224614,9,333557
4173,0.034318,74.125.24.0-255,1484,226098,9,333557
4174,0.034321,172.31.36.0-255,66,226164,9,333557
4175,0.036531,74.125.24.0-255,2902,229066,9,333557
4176,0.036537,172.31.36.0-255,66,229132,9,333557
4177,0.036678,74.125.24.0-255,2902,232034,9,333557
4178,0.036683,172.31.36.0-255,66,232100,9,333557
4179,0.038833,74.125.24.0-255,2902,235002,9,333557
4180,0.03886,172.31.36.0-255,66,235068,9,333557
4181,0.038977,74.125.24.0-255,2902,237970,9,333557
4182,0.038983,172.31.36.0-255,66,238036,9,333557
4183,0.041123,74.125.24.0-255,2902,240938,9,333557
4184,0.041129,172.31.36.0-255,66,241004,9,333557
4185,0.04129,74.125.24.0-255,2902,243906,9,333557
4186,0.041295,172.31.36.0-255,66,243972,9,333557
4187,0.043418,74.125.24.0-255,2902,246874,9,333557
4188,0.043423,172.31.36.0-255,66,246940,9,333557
4189,0.043586,74.125.24.0-255,2902,249842,9,333557
4190,0.043591,172.31.36.0-255,66,249908,9,333557
4191,0.04567,74.125.24.0-255,2902,252810,9,333557
4192,0.045676,172.31.36.0-255,66,252876,9,333557
4193,0.045916,74.125.24.0-255,2902,255778,9,333557
4194,0.045922,172.31.36.0-255,66,255844,9,333557
4195,0.047984,74.125.24.0-255,2902,258746,9,333557
4196,0.047991,172.31.36.0-255,66,258812,9,333557
4197,0.048217,74.125.24.0-255,2902,261714,9,333557
4198,0.048223,172.31.36.0-255,66,261780,9,333557
4199,0.050259,74.125.24.0-255,2902,264682,9,333557
4200,0.050265,172.31.36.0-255,66,264748,9,333557
4201,0.050516,74.125.24.0-255,2902,267650,9,333557
4202,0.050523,172.31.36.0-255,66,267716,9,333557
4203,0.052568,74.125.24.0-255,2902,270618,9,333557
4204,0.052573,172.31.36.0-255,66,270684,9,333557
4205,0.052772,74.125.24.0-255,2902,273586,9,333557
4206,0.052777,172.31.36.0-255,66,273652,9,333557
4207,0.054862,74.125.24.0-255,2902,276554,9,333557
4208,0.054867,172.31.36.0-255,66,276620,9,333557
4209,0.055048,74.125.24.0-255,2902,279522,9,333557
4210,0.055054,172.31.36.0-255,66,279588,9,333557
4211,0.057166,74.125.24.0-255,2902,282490,9,333557
4212,0.057171,172.31.36.0-255,66,282556,9,333557
4213,0.057348,74.125.24.0-255,2902,285458,9,333557
4214,0.057354,172.31.36.0-255,66,285524,9,333557
4215,0.059446,74.125.24.0-255,2902,288426,9,333557
4216,0.059451,172.31.36.0-255,66,288492,9,333557
4217,0.059644,74.125.24.0-255,2902,291394,9,333557
4218,0.059651,172.31.36.0-255,66,291460,9,333557
4219,0.061713,74.125.24.0-255,2902,294362,9,333557
4220,0.061718,172.31.36.0-255,66,294428,9,333557
4221,0.061893,74.125.24.0-255,2902,297330,9,333557
4222,0.061899,172.31.36.0-255,66,297396,9,333557
4223,0.064007,74.125.24.0-255,2902,300298,9,333557
4224,0.064012,172.31.36.0-255,66,300364,9,333557
4225,0.06414,74.125.24.0-255,2902,303266,9,333557
4226,0.064146,172.31.36.0-255,66,303332,9,333557
4227,0.06626,74.125.24.0-255,2902,306234,9,333557
4228,0.066265,172.31.36.0-255,66,306300,9,333557
4229,0.066428,74.125.24.0-255,1484,307784,9,333557
4230,0.066462,74.125.24.0-255,1484,309268,9,333557
4231,0.066467,172.31.36.0-255,66,309334,9,333557
4232,0.068594,74.125.24.0-255,2902,312236,9,333557
4233,0.068599,172.31.36.0-255,66,312302,9,333557
4234,0.068727,74.125.24.0-255,2902,315204,9,333557
4235,0.068733,172.31.36.0-255,66,315270,9,333557
4236,0.070898,74.125.24.0-255,2902,318172,9,333557
4237,0.070905,172.31.36.0-255,66,318238,9,333557
4238,0.071054,74.125.24.0-255,2902,321140,9,333557
4239,0.07106,172.31.36.0-255,66,321206,9,333557
4240,0.073212,74.125.24.0-255,2902,324108,9,333557
4241,0.073217,172.31.36.0-255,66,324174,9,333557
4242,0.073332,74.125.24.0-255,2902,327076,9,333557
4243,0.073337,172.31.36.0-255,66,327142,9,333557
4244,0.075473,74.125.24.0-255,2902,330044,9,333557
4245,0.075479,172.31.36.0-255,66,330110,9,333557
4246,0.075594,74.125.24.0-255,2902,333012,9,333557
4247,0.075599,172.31.36.0-255,66,333078,9,333557
4248,0.077726,74.125.24.0-255,242,333320,9,333557
4249,0.077868,172.31.36.0-255,66,333386,9,333557
4250,0.077896,172.31.36.0-255,105,333491,9,333557
4251,0.080138,74.125.24.0-255,66,333557,9,333557
4252,0.0,74.125.200.0-255,146,146,9,385162
4253,3e-05,172.31.36.0-255,66,212,9,385162
4254,3.7e-05,74.125.200.0-255,1484,1696,9,385162
4255,4.1e-05,172.31.36.0-255,66,1762,9,385162
4256,4.5e-05,74.125.200.0-255,2902,4664,9,385162
4257,4.8e-05,172.31.36.0-255,66,4730,9,385162
4258,6.2e-05,74.125.200.0-255,5738,10468,9,385162
4259,6.5e-05,172.31.36.0-255,66,10534,9,385162
4260,6.9e-05,74.125.200.0-255,3494,14028,9,385162
4261,7.2e-05,172.31.36.0-255,66,14094,9,385162
4262,0.000153,74.125.200.0-255,1484,15578,9,385162
4263,0.000158,172.31.36.0-255,66,15644,9,385162
4264,0.000162,74.125.200.0-255,1484,17128,9,385162
4265,0.000165,172.31.36.0-255,66,17194,9,385162
4266,0.000185,74.125.200.0-255,2902,20096,9,385162
4267,0.000189,172.31.36.0-255,66,20162,9,385162
4268,0.0002,74.125.200.0-255,5738,25900,9,385162
4269,0.000203,172.31.36.0-255,66,25966,9,385162
4270,0.000234,74.125.200.0-255,5379,31345,9,385162
4271,0.000237,172.31.36.0-255,66,31411,9,385162
4272,0.000242,74.125.200.0-255,5738,37149,9,385162
4273,0.000244,172.31.36.0-255,66,37215,9,385162
4274,0.000282,74.125.200.0-255,5738,42953,9,385162
4275,0.000285,172.31.36.0-255,66,43019,9,385162
4276,0.000315,74.125.200.0-255,5379,48398,9,385162
4277,0.000319,172.31.36.0-255,66,48464,9,385162
4278,0.000321,74.125.200.0-255,1484,49948,9,385162
4279,0.000323,172.31.36.0-255,66,50014,9,385162
4280,0.000328,74.125.200.0-255,2902,52916,9,385162
4281,0.000335,172.31.36.0-255,66,52982,9,385162
4282,0.000367,74.125.200.0-255,5738,58720,9,385162
4283,0.00037,172.31.36.0-255,66,58786,9,385162
4284,0.000374,74.125.200.0-255,2902,61688,9,385162
4285,0.000376,172.31.36.0-255,66,61754,9,385162
4286,0.000404,74.125.200.0-255,3961,65715,9,385162
4287,0.000413,172.31.36.0-255,66,65781,9,385162
4288,0.000416,74.125.200.0-255,362,66143,9,385162
4289,0.000454,74.125.200.0-255,127,66270,9,385162
4290,0.000568,74.125.200.0-255,1484,67754,9,385162
4291,0.000573,172.31.36.0-255,66,67820,9,385162
4292,0.000578,74.125.200.0-255,2902,70722,9,385162
4293,0.000581,172.31.36.0-255,66,70788,9,385162
4294,0.000584,74.125.200.0-255,1484,72272,9,385162
4295,0.000616,74.125.200.0-255,4320,76592,9,385162
4296,0.00062,172.31.36.0-255,66,76658,9,385162
4297,0.000624,74.125.200.0-255,2902,79560,9,385162
4298,0.000628,172.31.36.0-255,66,79626,9,385162
4299,0.000649,74.125.200.0-255,5379,85005,9,385162
4300,0.000652,172.31.36.0-255,66,85071,9,385162
4301,0.000667,172.31.36.0-255,66,85137,9,385162
4302,0.000672,74.125.200.0-255,2902,88039,9,385162
4303,0.000674,172.31.36.0-255,66,88105,9,385162
4304,0.000705,74.125.200.0-255,3961,92066,9,385162
4305,0.000709,172.31.36.0-255,66,92132,9,385162
4306,0.000714,74.125.200.0-255,353,92485,9,385162
4307,0.000854,74.125.200.0-255,1484,93969,9,385162
4308,0.000858,172.31.36.0-255,66,94035,9,385162
4309,0.000879,74.125.200.0-255,1484,95519,9,385162
4310,0.000883,74.125.200.0-255,1484,97003,9,385162
4311,0.000885,172.31.36.0-255,66,97069,9,385162
4312,0.000911,74.125.200.0-255,1484,98553,9,385162
4313,0.000918,74.125.200.0-255,5738,104291,9,385162
4314,0.000921,172.31.36.0-255,66,104357,9,385162
4315,0.000928,74.125.200.0-255,7156,111513,9,385162
4316,0.00093,172.31.36.0-255,66,111579,9,385162
4317,0.000952,74.125.200.0-255,1484,113063,9,385162
4318,0.000964,172.31.36.0-255,66,113129,9,385162
4319,0.000969,74.125.200.0-255,3602,116731,9,385162
4320,0.000973,172.31.36.0-255,66,116797,9,385162
4321,0.001028,74.125.200.0-255,4320,121117,9,385162
4322,0.001032,172.31.36.0-255,66,121183,9,385162
4323,0.001039,74.125.200.0-255,5738,126921,9,385162
4324,0.001041,172.31.36.0-255,66,126987,9,385162
4325,0.001062,74.125.200.0-255,2902,129889,9,385162
4326,0.001065,172.31.36.0-255,66,129955,9,385162
4327,0.001104,172.31.36.0-255,66,130021,9,385162
4328,0.001109,74.125.200.0-255,5738,135759,9,385162
4329,0.001112,172.31.36.0-255,66,135825,9,385162
4330,0.001135,74.125.200.0-255,6438,142263,9,385162
4331,0.001143,172.31.36.0-255,66,142329,9,385162
4332,0.001254,74.125.200.0-255,1484,143813,9,385162
4333,0.00127,74.125.200.0-255,2902,146715,9,385162
4334,0.001273,172.31.36.0-255,66,146781,9,385162
4335,0.001276,74.125.200.0-255,1484,148265,9,385162
4336,0.00128,74.125.200.0-255,2902,151167,9,385162
4337,0.001282,172.31.36.0-255,66,151233,9,385162
4338,0.001301,74.125.200.0-255,5738,156971,9,385162
4339,0.001303,172.31.36.0-255,66,157037,9,385162
4340,0.001357,172.31.36.0-255,66,157103,9,385162
4341,0.001384,74.125.200.0-255,6438,163541,9,385162
4342,0.001388,172.31.36.0-255,66,163607,9,385162
4343,0.001877,74.125.200.0-255,1484,165091,9,385162
4344,0.001883,74.125.200.0-255,2902,167993,9,385162
4345,0.001887,172.31.36.0-255,66,168059,9,385162
4346,0.001916,74.125.200.0-255,5738,173797,9,385162
4347,0.001919,172.31.36.0-255,66,173863,9,385162
4348,0.001925,74.125.200.0-255,4320,178183,9,385162
4349,0.001928,172.31.36.0-255,66,178249,9,385162
4350,0.001971,172.31.36.0-255,66,178315,9,385162
4351,0.001977,74.125.200.0-255,4320,182635,9,385162
4352,0.001978,172.31.36.0-255,66,182701,9,385162
4353,0.002008,74.125.200.0-255,6438,189139,9,385162
4354,0.002011,172.31.36.0-255,66,189205,9,385162
4355,0.002052,74.125.200.0-255,1484,190689,9,385162
4356,0.002073,74.125.200.0-255,2902,193591,9,385162
4357,0.002075,172.31.36.0-255,66,193657,9,385162
4358,0.002082,74.125.200.0-255,5738,199395,9,385162
4359,0.002084,172.31.36.0-255,66,199461,9,385162
4360,0.002103,74.125.200.0-255,1484,200945,9,385162
4361,0.002126,74.125.200.0-255,2902,203847,9,385162
4362,0.00213,172.31.36.0-255,66,203913,9,385162
4363,0.002136,74.125.200.0-255,5738,209651,9,385162
4364,0.002138,172.31.36.0-255,66,209717,9,385162
4365,0.002141,74.125.200.0-255,1484,211201,9,385162
4366,0.002174,74.125.200.0-255,2902,214103,9,385162
4367,0.002176,172.31.36.0-255,66,214169,9,385162
4368,0.002183,74.125.200.0-255,5738,219907,9,385162
4369,0.002185,172.31.36.0-255,66,219973,9,385162
4370,0.002188,74.125.200.0-255,1484,221457,9,385162
4371,0.002216,74.125.200.0-255,2184,223641,9,385162
4372,0.002219,172.31.36.0-255,66,223707,9,385162
4373,0.004483,74.125.200.0-255,1484,225191,9,385162
4374,0.004514,74.125.200.0-255,1484,226675,9,385162
4375,0.004518,172.31.36.0-255,66,226741,9,385162
4376,0.004537,74.125.200.0-255,2902,229643,9,385162
4377,0.004539,172.31.36.0-255,66,229709,9,385162
4378,0.006809,74.125.200.0-255,2902,232611,9,385162
4379,0.006812,172.31.36.0-255,66,232677,9,385162
4380,0.006829,74.125.200.0-255,2902,235579,9,385162
4381,0.006831,172.31.36.0-255,66,235645,9,385162
4382,0.009124,74.125.200.0-255,2902,238547,9,385162
4383,0.00913,172.31.36.0-255,66,238613,9,385162
4384,0.009162,74.125.200.0-255,2902,241515,9,385162
4385,0.009165,172.31.36.0-255,66,241581,9,385162
4386,0.011434,74.125.200.0-255,2902,244483,9,385162
4387,0.011441,172.31.36.0-255,66,244549,9,385162
4388,0.011477,74.125.200.0-255,2902,247451,9,385162
4389,0.011481,172.31.36.0-255,66,247517,9,385162
4390,0.013762,74.125.200.0-255,2902,250419,9,385162
4391,0.013768,172.31.36.0-255,66,250485,9,385162
4392,0.013804,74.125.200.0-255,2902,253387,9,385162
4393,0.013809,172.31.36.0-255,66,253453,9,385162
4394,0.016072,74.125.200.0-255,2902,256355,9,385162
4395,0.016079,172.31.36.0-255,66,256421,9,385162
4396,0.016115,74.125.200.0-255,2902,259323,9,385162
4397,0.016118,172.31.36.0-255,66,259389,9,385162
4398,0.018389,74.125.200.0-255,2902,262291,9,385162
4399,0.018395,172.31.36.0-255,66,262357,9,385162
4400,0.018431,74.125.200.0-255,2902,265259,9,385162
4401,0.018435,172.31.36.0-255,66,265325,9,385162
4402,0.0207,74.125.200.0-255,2902,268227,9,385162
4403,0.020706,172.31.36.0-255,66,268293,9,385162
4404,0.020737,74.125.200.0-255,2902,271195,9,385162
4405,0.020741,172.31.36.0-255,66,271261,9,385162
4406,0.023042,74.125.200.0-255,2902,274163,9,385162
4407,0.023048,172.31.36.0-255,66,274229,9,385162
4408,0.023086,74.125.200.0-255,2902,277131,9,385162
4409,0.02309,172.31.36.0-255,66,277197,9,385162
4410,0.025352,74.125.200.0-255,2902,280099,9,385162
4411,0.025359,172.31.36.0-255,66,280165,9,385162
4412,0.025395,74.125.200.0-255,2902,283067,9,385162
4413,0.0254,172.31.36.0-255,66,283133,9,385162
4414,0.02767,74.125.200.0-255,2902,286035,9,385162
4415,0.027676,172.31.36.0-255,66,286101,9,385162
4416,0.027707,74.125.200.0-255,2902,289003,9,385162
4417,0.027711,172.31.36.0-255,66,289069,9,385162
4418,0.03,74.125.200.0-255,5738,294807,9,385162
4419,0.030007,172.31.36.0-255,66,294873,9,385162
4420,0.031759,172.31.36.0-255,172,295045,9,385162
4421,0.031786,172.31.36.0-255,1115,296160,9,385162
4422,0.032004,172.31.36.0-255,1514,297674,9,385162
4423,0.032006,172.31.36.0-255,1514,299188,9,385162
4424,0.032007,172.31.36.0-255,1514,300702,9,385162
4425,0.032013,172.31.36.0-255,1514,302216,9,385162
4426,0.032014,172.31.36.0-255,1488,303704,9,385162
4427,0.032324,74.125.200.0-255,5738,309442,9,385162
4428,0.032329,172.31.36.0-255,66,309508,9,385162
4429,0.033252,104.244.42.0-255,66,309574,9,385162
4430,0.033271,104.244.42.0-255,66,309640,9,385162
4431,0.033536,104.244.42.0-255,66,309706,9,385162
4432,0.034634,74.125.200.0-255,5738,315444,9,385162
4433,0.034639,172.31.36.0-255,66,315510,9,385162
4434,0.036951,74.125.200.0-255,2902,318412,9,385162
4435,0.036955,172.31.36.0-255,66,318478,9,385162
4436,0.036992,74.125.200.0-255,2902,321380,9,385162
4437,0.036995,172.31.36.0-255,66,321446,9,385162
4438,0.039255,74.125.200.0-255,2902,324348,9,385162
4439,0.039261,172.31.36.0-255,66,324414,9,385162
4440,0.039296,74.125.200.0-255,2902,327316,9,385162
4441,0.039299,172.31.36.0-255,66,327382,9,385162
4442,0.041572,74.125.200.0-255,1484,328866,9,385162
4443,0.041607,74.125.200.0-255,4320,333186,9,385162
4444,0.041611,172.31.36.0-255,66,333252,9,385162
4445,0.043914,74.125.200.0-255,5738,338990,9,385162
4446,0.043919,172.31.36.0-255,66,339056,9,385162
4447,0.04623,74.125.200.0-255,5738,344794,9,385162
4448,0.046235,172.31.36.0-255,66,344860,9,385162
4449,0.048534,74.125.200.0-255,4320,349180,9,385162
4450,0.04854,172.31.36.0-255,66,349246,9,385162
4451,0.048576,74.125.200.0-255,1484,350730,9,385162
4452,0.050846,74.125.200.0-255,4320,355050,9,385162
4453,0.050851,172.31.36.0-255,66,355116,9,385162
4454,0.053156,74.125.200.0-255,5738,360854,9,385162
4455,0.053161,172.31.36.0-255,66,360920,9,385162
4456,0.055464,74.125.200.0-255,4320,365240,9,385162
4457,0.055469,172.31.36.0-255,66,365306,9,385162
4458,0.055506,74.125.200.0-255,1484,366790,9,385162
4459,0.057781,74.125.200.0-255,4320,371110,9,385162
4460,0.057787,172.31.36.0-255,66,371176,9,385162
4461,0.06011,74.125.200.0-255,5738,376914,9,385162
4462,0.060115,172.31.36.0-255,66,376980,9,385162
4463,0.062425,74.125.200.0-255,5738,382718,9,385162
4464,0.06243,172.31.36.0-255,66,382784,9,385162
4465,0.064742,74.125.200.0-255,2141,384925,9,385162
4466,0.064747,172.31.36.0-255,66,384991,9,385162
4467,0.06492,172.31.36.0-255,105,385096,9,385162
4468,0.067189,74.125.200.0-255,66,385162,9,385162
4469,0.0,172.31.36.0-255,105,105,9,276
4470,0.002129,157.240.13.0-255,105,210,9,276
4471,0.002144,172.31.36.0-255,66,276,9,276
4472,0.0,74.125.24.0-255,153,153,9,219344
4473,3.5e-05,172.31.36.0-255,66,219,9,219344
4474,4.2e-05,74.125.24.0-255,1484,1703,9,219344
4475,4.7e-05,172.31.36.0-255,66,1769,9,219344
4476,5.2e-05,74.125.24.0-255,2902,4671,9,219344
4477,6.4e-05,172.31.36.0-255,66,4737,9,219344
4478,7.1e-05,74.125.24.0-255,7156,11893,9,219344
4479,7.4e-05,172.31.36.0-255,66,11959,9,219344
4480,7.8e-05,74.125.24.0-255,2066,14025,9,219344
4481,8e-05,172.31.36.0-255,66,14091,9,219344
4482,0.00011,74.125.24.0-255,2902,16993,9,219344
4483,0.000113,172.31.36.0-255,66,17059,9,219344
4484,0.000117,74.125.24.0-255,2902,19961,9,219344
4485,0.000119,172.31.36.0-255,66,20027,9,219344
4486,0.000138,74.125.24.0-255,1484,21511,9,219344
4487,0.000142,172.31.36.0-255,66,21577,9,219344
4488,0.000158,172.31.36.0-255,66,21643,9,219344
4489,0.000162,74.125.24.0-255,1125,22768,9,219344
4490,0.000166,172.31.36.0-255,66,22834,9,219344
4491,0.000243,74.125.24.0-255,1484,24318,9,219344
4492,0.000246,172.31.36.0-255,66,24384,9,219344
4493,0.000304,74.125.24.0-255,2902,27286,9,219344
4494,0.000308,172.31.36.0-255,66,27352,9,219344
4495,0.000315,74.125.24.0-255,5738,33090,9,219344
4496,0.000318,172.31.36.0-255,66,33156,9,219344
4497,0.000338,172.31.36.0-255,66,33222,9,219344
4498,0.000345,74.125.24.0-255,7156,40378,9,219344
4499,0.00035,172.31.36.0-255,66,40444,9,219344
4500,0.000373,74.125.24.0-255,2817,43261,9,219344
4501,0.000376,172.31.36.0-255,66,43327,9,219344
4502,0.000402,74.125.24.0-255,130,43457,9,219344
4503,0.000541,74.125.24.0-255,1484,44941,9,219344
4504,0.000545,172.31.36.0-255,66,45007,9,219344
4505,0.000551,74.125.24.0-255,2902,47909,9,219344
4506,0.000553,172.31.36.0-255,66,47975,9,219344
4507,0.000557,74.125.24.0-255,1484,49459,9,219344
4508,0.00059,74.125.24.0-255,4320,53779,9,219344
4509,0.000594,172.31.36.0-255,66,53845,9,219344
4510,0.000602,74.125.24.0-255,6797,60642,9,219344
4511,0.000604,172.31.36.0-255,66,60708,9,219344
4512,0.000612,74.125.24.0-255,7156,67864,9,219344
4513,0.000614,172.31.36.0-255,66,67930,9,219344
4514,0.000648,74.125.24.0-255,7156,75086,9,219344
4515,0.000652,172.31.36.0-255,66,75152,9,219344
4516,0.000656,74.125.24.0-255,2245,77397,9,219344
4517,0.000658,172.31.36.0-255,66,77463,9,219344
4518,0.000826,74.125.24.0-255,1484,78947,9,219344
4519,0.000832,74.125.24.0-255,2902,81849,9,219344
4520,0.000835,172.31.36.0-255,66,81915,9,219344
4521,0.000866,74.125.24.0-255,5738,87653,9,219344
4522,0.00087,172.31.36.0-255,66,87719,9,219344
4523,0.000874,74.125.24.0-255,1484,89203,9,219344
4524,0.000895,74.125.24.0-255,5365,94568,9,219344
4525,0.000898,172.31.36.0-255,66,94634,9,219344
4526,0.001315,74.125.24.0-255,1484,96118,9,219344
4527,0.001325,74.125.24.0-255,2902,99020,9,219344
4528,0.001329,172.31.36.0-255,66,99086,9,219344
4529,0.001362,74.125.24.0-255,5738,104824,9,219344
4530,0.001366,172.31.36.0-255,66,104890,9,219344
4531,0.001379,172.31.36.0-255,66,104956,9,219344
4532,0.001418,172.31.36.0-255,66,105022,9,219344
4533,0.001486,74.125.24.0-255,1484,106506,9,219344
4534,0.001504,74.125.24.0-255,2902,109408,9,219344
4535,0.001507,172.31.36.0-255,66,109474,9,219344
4536,0.001514,74.125.24.0-255,5738,115212,9,219344
4537,0.001516,172.31.36.0-255,66,115278,9,219344
4538,0.001554,172.31.36.0-255,66,115344,9,219344
4539,0.001562,74.125.24.0-255,7156,122500,9,219344
4540,0.001563,172.31.36.0-255,66,122566,9,219344
4541,0.001603,172.31.36.0-255,66,122632,9,219344
4542,0.001611,74.125.24.0-255,7156,129788,9,219344
4543,0.001614,172.31.36.0-255,66,129854,9,219344
4544,0.001638,74.125.24.0-255,4320,134174,9,219344
4545,0.001641,172.31.36.0-255,66,134240,9,219344
4546,0.001652,172.31.36.0-255,66,134306,9,219344
4547,0.001682,74.125.24.0-255,5406,139712,9,219344
4548,0.001687,172.31.36.0-255,66,139778,9,219344
4549,0.00169,74.125.24.0-255,1484,141262,9,219344
4550,0.001695,74.125.24.0-255,2902,144164,9,219344
4551,0.001697,172.31.36.0-255,66,144230,9,219344
4552,0.001734,74.125.24.0-255,1484,145714,9,219344
4553,0.001764,74.125.24.0-255,4320,150034,9,219344
4554,0.001768,172.31.36.0-255,66,150100,9,219344
4555,0.00178,172.31.36.0-255,66,150166,9,219344
4556,0.001791,172.31.36.0-255,66,150232,9,219344
4557,0.001833,74.125.24.0-255,1484,151716,9,219344
4558,0.001841,74.125.24.0-255,1484,153200,9,219344
4559,0.001844,172.31.36.0-255,66,153266,9,219344
4560,0.001872,74.125.24.0-255,1484,154750,9,219344
4561,0.001877,74.125.24.0-255,5738,160488,9,219344
4562,0.00188,172.31.36.0-255,66,160554,9,219344
4563,0.001892,172.31.36.0-255,66,160620,9,219344
4564,0.001906,172.31.36.0-255,66,160686,9,219344
4565,0.001932,74.125.24.0-255,2184,162870,9,219344
4566,0.001934,172.31.36.0-255,66,162936,9,219344
4567,0.001937,74.125.24.0-255,1484,164420,9,219344
4568,0.001971,172.31.36.0-255,66,164486,9,219344
4569,0.001981,172.31.36.0-255,66,164552,9,219344
4570,0.002008,74.125.24.0-255,4320,168872,9,219344
4571,0.00201,172.31.36.0-255,66,168938,9,219344
4572,0.00202,172.31.36.0-255,66,169004,9,219344
4573,0.002067,74.125.24.0-255,1484,170488,9,219344
4574,0.002083,74.125.24.0-255,2902,173390,9,219344
4575,0.002085,172.31.36.0-255,66,173456,9,219344
4576,0.00209,74.125.24.0-255,4320,177776,9,219344
4577,0.002093,172.31.36.0-255,66,177842,9,219344
4578,0.002118,74.125.24.0-255,1484,179326,9,219344
4579,0.002122,74.125.24.0-255,4320,183646,9,219344
4580,0.002125,172.31.36.0-255,66,183712,9,219344
4581,0.00213,74.125.24.0-255,5738,189450,9,219344
4582,0.002133,172.31.36.0-255,66,189516,9,219344
4583,0.00214,74.125.24.0-255,7156,196672,9,219344
4584,0.002142,172.31.36.0-255,66,196738,9,219344
4585,0.002168,74.125.24.0-255,4320,201058,9,219344
4586,0.00217,172.31.36.0-255,66,201124,9,219344
4587,0.002174,74.125.24.0-255,2184,203308,9,219344
4588,0.002176,172.31.36.0-255,66,203374,9,219344
4589,0.002209,74.125.24.0-255,4320,207694,9,219344
4590,0.002212,172.31.36.0-255,66,207760,9,219344
4591,0.002236,74.125.24.0-255,2902,210662,9,219344
4592,0.002238,172.31.36.0-255,66,210728,9,219344
4593,0.002248,172.31.36.0-255,66,210794,9,219344
4594,0.002262,172.31.36.0-255,66,210860,9,219344
4595,0.002292,74.125.24.0-255,5738,216598,9,219344
4596,0.002295,172.31.36.0-255,66,216664,9,219344
4597,0.002298,74.125.24.0-255,766,217430,9,219344
4598,0.002308,172.31.36.0-255,66,217496,9,219344
4599,0.002342,172.31.36.0-255,66,217562,9,219344
4600,0.002355,172.31.36.0-255,66,217628,9,219344
4601,0.002358,74.125.24.0-255,105,217733,9,219344
4602,0.007381,172.31.36.0-255,66,217799,9,219344
4603,0.007407,172.31.36.0-255,105,217904,9,219344
4604,0.009681,74.125.24.0-255,66,217970,9,219344
4605,0.051492,172.31.36.0-255,172,218142,9,219344
4606,0.051521,172.31.36.0-255,1070,219212,9,219344
4607,0.053031,104.244.42.0-255,66,219278,9,219344
4608,0.05304,104.244.42.0-255,66,219344,9,219344
4609,0.0,74.125.24.0-255,153,153,9,373017
4610,2.8e-05,172.31.36.0-255,66,219,9,373017
4611,3.5e-05,74.125.24.0-255,1484,1703,9,373017
4612,4e-05,172.31.36.0-255,66,1769,9,373017
4613,4.4e-05,74.125.24.0-255,2902,4671,9,373017
4614,4.7e-05,172.31.36.0-255,66,4737,9,373017
4615,7.3e-05,74.125.24.0-255,5738,10475,9,373017
4616,7.5e-05,172.31.36.0-255,66,10541,9,373017
4617,0.000144,74.125.24.0-255,6299,16840,9,373017
4618,0.000149,172.31.36.0-255,66,16906,9,373017
4619,0.000156,74.125.24.0-255,7156,24062,9,373017
4620,0.000159,172.31.36.0-255,66,24128,9,373017
4621,0.000166,74.125.24.0-255,6797,30925,9,373017
4622,0.000169,172.31.36.0-255,66,30991,9,373017
4623,0.000176,74.125.24.0-255,7156,38147,9,373017
4624,0.000178,172.31.36.0-255,66,38213,9,373017
4625,0.000218,172.31.36.0-255,66,38279,9,373017
4626,0.000314,74.125.24.0-255,1484,39763,9,373017
4627,0.000318,74.125.24.0-255,2902,42665,9,373017
4628,0.000319,172.31.36.0-255,66,42731,9,373017
4629,0.000324,172.31.36.0-255,66,42797,9,373017
4630,0.000343,74.125.24.0-255,4320,47117,9,373017
4631,0.000346,172.31.36.0-255,66,47183,9,373017
4632,0.000366,74.125.24.0-255,1484,48667,9,373017
4633,0.000368,172.31.36.0-255,66,48733,9,373017
4634,0.000378,74.125.24.0-255,6797,55530,9,373017
4635,0.000381,172.31.36.0-255,66,55596,9,373017
4636,0.000414,74.125.24.0-255,1484,57080,9,373017
4637,0.000417,172.31.36.0-255,66,57146,9,373017
4638,0.000421,74.125.24.0-255,1484,58630,9,373017
4639,0.000423,172.31.36.0-255,66,58696,9,373017
4640,0.00044,74.125.24.0-255,1484,60180,9,373017
4641,0.000448,74.125.24.0-255,5738,65918,9,373017
4642,0.000451,172.31.36.0-255,66,65984,9,373017
4643,0.000459,74.125.24.0-255,6797,72781,9,373017
4644,0.000462,172.31.36.0-255,66,72847,9,373017
4645,0.000477,74.125.24.0-255,648,73495,9,373017
4646,0.00051,74.125.24.0-255,1484,74979,9,373017
4647,0.000513,172.31.36.0-255,66,75045,9,373017
4648,0.000518,74.125.24.0-255,2902,77947,9,373017
4649,0.000521,172.31.36.0-255,66,78013,9,373017
4650,0.000546,74.125.24.0-255,1484,79497,9,373017
4651,0.000557,172.31.36.0-255,66,79563,9,373017
4652,0.000581,74.125.24.0-255,7156,86719,9,373017
4653,0.000584,172.31.36.0-255,66,86785,9,373017
4654,0.000615,74.125.24.0-255,459,87244,9,373017
4655,0.000617,172.31.36.0-255,66,87310,9,373017
4656,0.000677,74.125.24.0-255,5738,93048,9,373017
4657,0.000681,172.31.36.0-255,66,93114,9,373017
4658,0.000707,172.31.36.0-255,66,93180,9,373017
4659,0.000835,74.125.24.0-255,1484,94664,9,373017
4660,0.000849,74.125.24.0-255,2902,97566,9,373017
4661,0.000853,172.31.36.0-255,66,97632,9,373017
4662,0.000862,74.125.24.0-255,5738,103370,9,373017
4663,0.000863,172.31.36.0-255,66,103436,9,373017
4664,0.000896,172.31.36.0-255,66,103502,9,373017
4665,0.00092,74.125.24.0-255,2902,106404,9,373017
4666,0.000925,172.31.36.0-255,66,106470,9,373017
4667,0.00093,172.31.36.0-255,66,106536,9,373017
4668,0.000944,74.125.24.0-255,2184,108720,9,373017
4669,0.000947,172.31.36.0-255,66,108786,9,373017
4670,0.001863,74.125.24.0-255,1484,110270,9,373017
4671,0.001874,74.125.24.0-255,2902,113172,9,373017
4672,0.001878,172.31.36.0-255,66,113238,9,373017
4673,0.001885,74.125.24.0-255,5738,118976,9,373017
4674,0.001887,172.31.36.0-255,66,119042,9,373017
4675,0.001908,74.125.24.0-255,7156,126198,9,373017
4676,0.00191,172.31.36.0-255,66,126264,9,373017
4677,0.00194,74.125.24.0-255,5738,132002,9,373017
4678,0.001943,172.31.36.0-255,66,132068,9,373017
4679,0.00195,74.125.24.0-255,7156,139224,9,373017
4680,0.001952,172.31.36.0-255,66,139290,9,373017
4681,0.002002,74.125.24.0-255,3602,142892,9,373017
4682,0.002005,172.31.36.0-255,66,142958,9,373017
4683,0.002037,74.125.24.0-255,1484,144442,9,373017
4684,0.002041,74.125.24.0-255,2902,147344,9,373017
4685,0.002044,172.31.36.0-255,66,147410,9,373017
4686,0.002064,74.125.24.0-255,5738,153148,9,373017
4687,0.002067,172.31.36.0-255,66,153214,9,373017
4688,0.002085,74.125.24.0-255,5738,158952,9,373017
4689,0.002088,172.31.36.0-255,66,159018,9,373017
4690,0.002117,74.125.24.0-255,7156,166174,9,373017
4691,0.00212,172.31.36.0-255,66,166240,9,373017
4692,0.002126,74.125.24.0-255,5738,171978,9,373017
4693,0.002128,172.31.36.0-255,66,172044,9,373017
4694,0.002154,74.125.24.0-255,5020,177064,9,373017
4695,0.002156,172.31.36.0-255,66,177130,9,373017
4696,0.004194,74.125.24.0-255,5738,182868,9,373017
4697,0.0042,172.31.36.0-255,66,182934,9,373017
4698,0.006207,74.125.24.0-255,4320,187254,9,373017
4699,0.006212,172.31.36.0-255,66,187320,9,373017
4700,0.00623,74.125.24.0-255,1484,188804,9,373017
4701,0.008278,74.125.24.0-255,4320,193124,9,373017
4702,0.008285,172.31.36.0-255,66,193190,9,373017
4703,0.010328,74.125.24.0-255,5738,198928,9,373017
4704,0.010338,172.31.36.0-255,66,198994,9,373017
4705,0.01236,74.125.24.0-255,5738,204732,9,373017
4706,0.012368,172.31.36.0-255,66,204798,9,373017
4707,0.01439,74.125.24.0-255,5738,210536,9,373017
4708,0.014399,172.31.36.0-255,66,210602,9,373017
4709,0.016449,74.125.24.0-255,5738,216340,9,373017
4710,0.01646,172.31.36.0-255,66,216406,9,373017
4711,0.018515,74.125.24.0-255,5738,222144,9,373017
4712,0.018524,172.31.36.0-255,66,222210,9,373017
4713,0.02057,74.125.24.0-255,5738,227948,9,373017
4714,0.020577,172.31.36.0-255,66,228014,9,373017
4715,0.02264,74.125.24.0-255,5738,233752,9,373017
4716,0.02265,172.31.36.0-255,66,233818,9,373017
4717,0.024707,74.125.24.0-255,4320,238138,9,373017
4718,0.024715,172.31.36.0-255,66,238204,9,373017
4719,0.024732,74.125.24.0-255,1484,239688,9,373017
4720,0.025694,172.31.36.0-255,176,239864,9,373017
4721,0.025727,172.31.36.0-255,1115,240979,9,373017
4722,0.025772,172.31.36.0-255,1514,242493,9,373017
4723,0.025774,172.31.36.0-255,1514,244007,9,373017
4724,0.025775,172.31.36.0-255,1514,245521,9,373017
4725,0.025777,172.31.36.0-255,1514,247035,9,373017
4726,0.025803,172.31.36.0-255,1486,248521,9,373017
4727,0.02674,74.125.24.0-255,4320,252841,9,373017
4728,0.026746,172.31.36.0-255,66,252907,9,373017
4729,0.027235,104.244.42.0-255,66,252973,9,373017
4730,0.027309,104.244.42.0-255,66,253039,9,373017
4731,0.027359,104.244.42.0-255,66,253105,9,373017
4732,0.028792,74.125.24.0-255,5738,258843,9,373017
4733,0.028798,172.31.36.0-255,66,258909,9,373017
4734,0.03086,74.125.24.0-255,2902,261811,9,373017
4735,0.030865,172.31.36.0-255,66,261877,9,373017
4736,0.030895,74.125.24.0-255,2902,264779,9,373017
4737,0.030899,172.31.36.0-255,66,264845,9,373017
4738,0.032903,74.125.24.0-255,2902,267747,9,373017
4739,0.03291,172.31.36.0-255,66,267813,9,373017
4740,0.032944,74.125.24.0-255,2902,270715,9,373017
4741,0.032947,172.31.36.0-255,66,270781,9,373017
4742,0.034938,74.125.24.0-255,2902,273683,9,373017
4743,0.034943,172.31.36.0-255,66,273749,9,373017
4744,0.034978,74.125.24.0-255,2902,276651,9,373017
4745,0.034981,172.31.36.0-255,66,276717,9,373017
4746,0.036987,74.125.24.0-255,2902,279619,9,373017
4747,0.036993,172.31.36.0-255,66,279685,9,373017
4748,0.037021,74.125.24.0-255,2902,282587,9,373017
4749,0.037025,172.31.36.0-255,66,282653,9,373017
4750,0.039032,74.125.24.0-255,2902,285555,9,373017
4751,0.039037,172.31.36.0-255,66,285621,9,373017
4752,0.039068,74.125.24.0-255,2902,288523,9,373017
4753,0.039071,172.31.36.0-255,66,288589,9,373017
4754,0.041055,74.125.24.0-255,2902,291491,9,373017
4755,0.04106,172.31.36.0-255,66,291557,9,373017
4756,0.04109,74.125.24.0-255,2902,294459,9,373017
4757,0.041093,172.31.36.0-255,66,294525,9,373017
4758,0.043072,74.125.24.0-255,2902,297427,9,373017
4759,0.043077,172.31.36.0-255,66,297493,9,373017
4760,0.04311,74.125.24.0-255,1484,298977,9,373017
4761,0.043128,74.125.24.0-255,1484,300461,9,373017
4762,0.04313,172.31.36.0-255,66,300527,9,373017
4763,0.045125,74.125.24.0-255,2902,303429,9,373017
4764,0.045131,172.31.36.0-255,66,303495,9,373017
4765,0.045159,74.125.24.0-255,2902,306397,9,373017
4766,0.045161,172.31.36.0-255,66,306463,9,373017
4767,0.047167,74.125.24.0-255,2902,309365,9,373017
4768,0.047173,172.31.36.0-255,66,309431,9,373017
4769,0.047203,74.125.24.0-255,2902,312333,9,373017
4770,0.047206,172.31.36.0-255,66,312399,9,373017
4771,0.04922,74.125.24.0-255,5738,318137,9,373017
4772,0.049226,172.31.36.0-255,66,318203,9,373017
4773,0.051244,74.125.24.0-255,5738,323941,9,373017
4774,0.051249,172.31.36.0-255,66,324007,9,373017
4775,0.05327,74.125.24.0-255,5738,329745,9,373017
4776,0.053276,172.31.36.0-255,66,329811,9,373017
4777,0.055329,74.125.24.0-255,4320,334131,9,373017
4778,0.055334,172.31.36.0-255,66,334197,9,373017
4779,0.055362,74.125.24.0-255,1484,335681,9,373017
4780,0.057377,74.125.24.0-255,4320,340001,9,373017
4781,0.057382,172.31.36.0-255,66,340067,9,373017
4782,0.059444,74.125.24.0-255,5738,345805,9,373017
4783,0.059449,172.31.36.0-255,66,345871,9,373017
4784,0.0615,74.125.24.0-255,5738,351609,9,373017
4785,0.061506,172.31.36.0-255,66,351675,9,373017
4786,0.063564,74.125.24.0-255,5738,357413,9,373017
4787,0.063569,172.31.36.0-255,66,357479,9,373017
4788,0.065612,74.125.24.0-255,5738,363217,9,373017
4789,0.065617,172.31.36.0-255,66,363283,9,373017
4790,0.06763,74.125.24.0-255,5738,369021,9,373017
4791,0.067635,172.31.36.0-255,66,369087,9,373017
4792,0.069659,74.125.24.0-255,3693,372780,9,373017
4793,0.069665,172.31.36.0-255,66,372846,9,373017
4794,0.069861,172.31.36.0-255,105,372951,9,373017
4795,0.071864,74.125.24.0-255,66,373017,9,373017
4796,0.0,172.217.194.0-255,143,143,9,292004
4797,5.1e-05,172.31.36.0-255,66,209,9,292004
4798,5.9e-05,172.217.194.0-255,1484,1693,9,292004
4799,6.4e-05,172.31.36.0-255,66,1759,9,292004
4800,6.9e-05,172.217.194.0-255,2902,4661,9,292004
4801,8.1e-05,172.31.36.0-255,66,4727,9,292004
4802,9.1e-05,172.217.194.0-255,7156,11883,9,292004
4803,9.4e-05,172.31.36.0-255,66,11949,9,292004
4804,9.8e-05,172.217.194.0-255,1972,13921,9,292004
4805,0.0001,172.31.36.0-255,66,13987,9,292004
4806,0.000115,172.31.36.0-255,66,14053,9,292004
4807,0.000122,172.217.194.0-255,5379,19432,9,292004
4808,0.000124,172.31.36.0-255,66,19498,9,292004
4809,0.000169,172.217.194.0-255,1484,20982,9,292004
4810,0.000172,172.31.36.0-255,66,21048,9,292004
4811,0.000176,172.217.194.0-255,1484,22532,9,292004
4812,0.000177,172.31.36.0-255,66,22598,9,292004
4813,0.0002,172.217.194.0-255,1484,24082,9,292004
4814,0.000202,172.31.36.0-255,66,24148,9,292004
4815,0.000205,172.217.194.0-255,1484,25632,9,292004
4816,0.000208,172.31.36.0-255,66,25698,9,292004
4817,0.000257,172.217.194.0-255,4320,30018,9,292004
4818,0.000261,172.31.36.0-255,66,30084,9,292004
4819,0.000278,172.31.36.0-255,66,30150,9,292004
4820,0.000289,172.31.36.0-255,66,30216,9,292004
4821,0.000365,172.217.194.0-255,1484,31700,9,292004
4822,0.000371,172.31.36.0-255,66,31766,9,292004
4823,0.000378,172.217.194.0-255,2902,34668,9,292004
4824,0.00038,172.31.36.0-255,66,34734,9,292004
4825,0.000392,172.217.194.0-255,5738,40472,9,292004
4826,0.000396,172.31.36.0-255,66,40538,9,292004
4827,0.000438,172.31.36.0-255,66,40604,9,292004
4828,0.000477,172.217.194.0-255,2902,43506,9,292004
4829,0.00048,172.31.36.0-255,66,43572,9,292004
4830,0.000519,172.31.36.0-255,66,43638,9,292004
4831,0.000522,172.217.194.0-255,766,44404,9,292004
4832,0.000618,172.217.194.0-255,1484,45888,9,292004
4833,0.000621,172.31.36.0-255,66,45954,9,292004
4834,0.000625,172.217.194.0-255,1484,47438,9,292004
4835,0.000649,172.217.194.0-255,1484,48922,9,292004
4836,0.000652,172.31.36.0-255,66,48988,9,292004
4837,0.000658,172.217.194.0-255,5738,54726,9,292004
4838,0.000661,172.31.36.0-255,66,54792,9,292004
4839,0.000672,172.217.194.0-255,4320,59112,9,292004
4840,0.000675,172.31.36.0-255,66,59178,9,292004
4841,0.000714,172.217.194.0-255,1484,60662,9,292004
4842,0.000729,172.31.36.0-255,66,60728,9,292004
4843,0.000752,172.217.194.0-255,5020,65748,9,292004
4844,0.000756,172.31.36.0-255,66,65814,9,292004
4845,0.000947,172.217.194.0-255,1484,67298,9,292004
4846,0.000952,172.217.194.0-255,1484,68782,9,292004
4847,0.000956,172.31.36.0-255,66,68848,9,292004
4848,0.000984,172.217.194.0-255,1484,70332,9,292004
4849,0.000991,172.217.194.0-255,5738,76070,9,292004
4850,0.000994,172.31.36.0-255,66,76136,9,292004
4851,0.001001,172.217.194.0-255,7156,83292,9,292004
4852,0.001003,172.31.36.0-255,66,83358,9,292004
4853,0.001007,172.217.194.0-255,1484,84842,9,292004
4854,0.001044,172.31.36.0-255,66,84908,9,292004
4855,0.001068,172.217.194.0-255,2184,87092,9,292004
4856,0.001071,172.31.36.0-255,66,87158,9,292004
4857,0.001928,172.217.194.0-255,1484,88642,9,292004
4858,0.001938,172.217.194.0-255,2902,91544,9,292004
4859,0.001943,172.31.36.0-255,66,91610,9,292004
4860,0.001951,172.217.194.0-255,4320,95930,9,292004
4861,0.001953,172.31.36.0-255,66,95996,9,292004
4862,0.001978,172.217.194.0-255,1484,97480,9,292004
4863,0.001991,172.217.194.0-255,4320,101800,9,292004
4864,0.001994,172.31.36.0-255,66,101866,9,292004
4865,0.002025,172.31.36.0-255,66,101932,9,292004
4866,0.002036,172.31.36.0-255,66,101998,9,292004
4867,0.00208,172.31.36.0-255,66,102064,9,292004
4868,0.002102,172.31.36.0-255,66,102130,9,292004
4869,0.002112,172.31.36.0-255,66,102196,9,292004
4870,0.002312,172.217.194.0-255,1484,103680,9,292004
4871,0.004373,172.217.194.0-255,4320,108000,9,292004
4872,0.004379,172.31.36.0-255,66,108066,9,292004
4873,0.006655,172.217.194.0-255,4320,112386,9,292004
4874,0.006659,172.31.36.0-255,66,112452,9,292004
4875,0.006681,172.217.194.0-255,1484,113936,9,292004
4876,0.008931,172.217.194.0-255,4320,118256,9,292004
4877,0.008937,172.31.36.0-255,66,118322,9,292004
4878,0.011301,172.217.194.0-255,5738,124060,9,292004
4879,0.01132,172.31.36.0-255,66,124126,9,292004
4880,0.013611,172.217.194.0-255,5738,129864,9,292004
4881,0.013618,172.31.36.0-255,66,129930,9,292004
4882,0.015898,172.217.194.0-255,5738,135668,9,292004
4883,0.015905,172.31.36.0-255,66,135734,9,292004
4884,0.01818,172.217.194.0-255,5738,141472,9,292004
4885,0.018187,172.31.36.0-255,66,141538,9,292004
4886,0.02048,172.217.194.0-255,4320,145858,9,292004
4887,0.020488,172.31.36.0-255,66,145924,9,292004
4888,0.02052,172.217.194.0-255,1484,147408,9,292004
4889,0.022814,172.217.194.0-255,4320,151728,9,292004
4890,0.022822,172.31.36.0-255,66,151794,9,292004
4891,0.025097,172.217.194.0-255,5738,157532,9,292004
4892,0.025105,172.31.36.0-255,66,157598,9,292004
4893,0.027386,172.217.194.0-255,5738,163336,9,292004
4894,0.027394,172.31.36.0-255,66,163402,9,292004
4895,0.029688,172.217.194.0-255,5738,169140,9,292004
4896,0.029698,172.31.36.0-255,66,169206,9,292004
4897,0.031992,172.217.194.0-255,2902,172108,9,292004
4898,0.032002,172.31.36.0-255,66,172174,9,292004
4899,0.032044,172.217.194.0-255,2902,175076,9,292004
4900,0.032047,172.31.36.0-255,66,175142,9,292004
4901,0.034297,172.217.194.0-255,2902,178044,9,292004
4902,0.034313,172.31.36.0-255,66,178110,9,292004
4903,0.034374,172.217.194.0-255,2902,181012,9,292004
4904,0.034377,172.31.36.0-255,66,181078,9,292004
4905,0.036568,172.217.194.0-255,2902,183980,9,292004
4906,0.036577,172.31.36.0-255,66,184046,9,292004
4907,0.036649,172.217.194.0-255,2902,186948,9,292004
4908,0.036654,172.31.36.0-255,66,187014,9,292004
4909,0.038855,172.217.194.0-255,2902,189916,9,292004
4910,0.038872,172.31.36.0-255,66,189982,9,292004
4911,0.03893,172.217.194.0-255,2902,192884,9,292004
4912,0.038933,172.31.36.0-255,66,192950,9,292004
4913,0.041125,172.217.194.0-255,2902,195852,9,292004
4914,0.041133,172.31.36.0-255,66,195918,9,292004
4915,0.041192,172.217.194.0-255,2902,198820,9,292004
4916,0.041197,172.31.36.0-255,66,198886,9,292004
4917,0.043437,172.217.194.0-255,2902,201788,9,292004
4918,0.043457,172.31.36.0-255,66,201854,9,292004
4919,0.043516,172.217.194.0-255,2902,204756,9,292004
4920,0.043519,172.31.36.0-255,66,204822,9,292004
4921,0.045727,172.217.194.0-255,2902,207724,9,292004
4922,0.045734,172.31.36.0-255,66,207790,9,292004
4923,0.045785,172.217.194.0-255,2902,210692,9,292004
4924,0.045789,172.31.36.0-255,66,210758,9,292004
4925,0.048038,172.217.194.0-255,2902,213660,9,292004
4926,0.048057,172.31.36.0-255,66,213726,9,292004
4927,0.048068,172.217.194.0-255,2902,216628,9,292004
4928,0.048071,172.31.36.0-255,66,216694,9,292004
4929,0.050319,172.217.194.0-255,2902,219596,9,292004
4930,0.050336,172.31.36.0-255,66,219662,9,292004
4931,0.050373,172.217.194.0-255,2902,222564,9,292004
4932,0.050378,172.31.36.0-255,66,222630,9,292004
4933,0.051944,172.31.36.0-255,176,222806,9,292004
4934,0.05199,172.31.36.0-255,1070,223876,9,292004
4935,0.05261,172.217.194.0-255,2902,226778,9,292004
4936,0.052618,172.31.36.0-255,66,226844,9,292004
4937,0.052645,172.217.194.0-255,2902,229746,9,292004
4938,0.052649,172.31.36.0-255,66,229812,9,292004
4939,0.053529,104.244.42.0-255,66,229878,9,292004
4940,0.053575,104.244.42.0-255,66,229944,9,292004
4941,0.054885,172.217.194.0-255,2902,232846,9,292004
4942,0.0549,172.31.36.0-255,66,232912,9,292004
4943,0.054942,172.217.194.0-255,2902,235814,9,292004
4944,0.054946,172.31.36.0-255,66,235880,9,292004
4945,0.057193,172.217.194.0-255,2902,238782,9,292004
4946,0.057209,172.31.36.0-255,66,238848,9,292004
4947,0.057241,172.217.194.0-255,2902,241750,9,292004
4948,0.057246,172.31.36.0-255,66,241816,9,292004
4949,0.059486,172.217.194.0-255,2902,244718,9,292004
4950,0.059499,172.31.36.0-255,66,244784,9,292004
4951,0.059541,172.217.194.0-255,2902,247686,9,292004
4952,0.059544,172.31.36.0-255,66,247752,9,292004
4953,0.061763,172.217.194.0-255,2902,250654,9,292004
4954,0.061773,172.31.36.0-255,66,250720,9,292004
4955,0.061816,172.217.194.0-255,2902,253622,9,292004
4956,0.061819,172.31.36.0-255,66,253688,9,292004
4957,0.064045,172.217.194.0-255,2902,256590,9,292004
4958,0.06406,172.31.36.0-255,66,256656,9,292004
4959,0.064098,172.217.194.0-255,2902,259558,9,292004
4960,0.064102,172.31.36.0-255,66,259624,9,292004
4961,0.066343,172.217.194.0-255,2902,262526,9,292004
4962,0.066354,172.31.36.0-255,66,262592,9,292004
4963,0.066384,172.217.194.0-255,2902,265494,9,292004
4964,0.066387,172.31.36.0-255,66,265560,9,292004
4965,0.068643,172.217.194.0-255,5738,271298,9,292004
4966,0.068649,172.31.36.0-255,66,271364,9,292004
4967,0.070938,172.217.194.0-255,5738,277102,9,292004
4968,0.070944,172.31.36.0-255,66,277168,9,292004
4969,0.073217,172.217.194.0-255,5738,282906,9,292004
4970,0.073224,172.31.36.0-255,66,282972,9,292004
4971,0.075517,172.217.194.0-255,5738,288710,9,292004
4972,0.075524,172.31.36.0-255,66,288776,9,292004
4973,0.077794,172.217.194.0-255,2991,291767,9,292004
4974,0.0778,172.31.36.0-255,66,291833,9,292004
4975,0.077995,172.31.36.0-255,105,291938,9,292004
4976,0.080224,172.217.194.0-255,66,292004,9,292004
4977,0.0,74.125.24.0-255,298,298,9,237160
4978,3.3e-05,172.31.36.0-255,66,364,9,237160
4979,4e-05,74.125.24.0-255,1484,1848,9,237160
4980,4.5e-05,172.31.36.0-255,66,1914,9,237160
4981,5.1e-05,74.125.24.0-255,4320,6234,9,237160
4982,5.4e-05,172.31.36.0-255,66,6300,9,237160
4983,6.2e-05,74.125.24.0-255,7156,13456,9,237160
4984,6.5e-05,172.31.36.0-255,66,13522,9,237160
4985,8.9e-05,74.125.24.0-255,451,13973,9,237160
4986,9.4e-05,172.31.36.0-255,66,14039,9,237160
4987,9.9e-05,172.31.36.0-255,66,14105,9,237160
4988,0.000102,74.125.24.0-255,1484,15589,9,237160
4989,0.000104,172.31.36.0-255,66,15655,9,237160
4990,0.000131,74.125.24.0-255,6797,22452,9,237160
4991,0.000134,172.31.36.0-255,66,22518,9,237160
4992,0.000167,74.125.24.0-255,1484,24002,9,237160
4993,0.00017,172.31.36.0-255,66,24068,9,237160
4994,0.000185,74.125.24.0-255,2902,26970,9,237160
4995,0.000186,172.31.36.0-255,66,27036,9,237160
4996,0.000189,74.125.24.0-255,1484,28520,9,237160
4997,0.000193,172.31.36.0-255,66,28586,9,237160
4998,0.000207,74.125.24.0-255,4320,32906,9,237160
4999,0.00021,172.31.36.0-255,66,32972,9,237160
5000,0.000215,74.125.24.0-255,4320,37292,9,237160
5001,0.000219,172.31.36.0-255,66,37358,9,237160
5002,0.000247,74.125.24.0-255,2902,40260,9,237160
5003,0.000249,172.31.36.0-255,66,40326,9,237160
5004,0.000261,172.31.36.0-255,66,40392,9,237160
5005,0.000264,74.125.24.0-255,1484,41876,9,237160
5006,0.000266,172.31.36.0-255,66,41942,9,237160
5007,0.000296,74.125.24.0-255,6438,48380,9,237160
5008,0.000299,172.31.36.0-255,66,48446,9,237160
5009,0.000302,74.125.24.0-255,442,48888,9,237160
5010,0.000385,74.125.24.0-255,1484,50372,9,237160
5011,0.00039,172.31.36.0-255,66,50438,9,237160
5012,0.000395,74.125.24.0-255,2902,53340,9,237160
5013,0.000398,172.31.36.0-255,66,53406,9,237160
5014,0.000425,74.125.24.0-255,5738,59144,9,237160
5015,0.000429,172.31.36.0-255,66,59210,9,237160
5016,0.00044,172.31.36.0-255,66,59276,9,237160
5017,0.000455,74.125.24.0-255,4320,63596,9,237160
5018,0.000457,172.31.36.0-255,66,63662,9,237160
5019,0.000485,74.125.24.0-255,5738,69400,9,237160
5020,0.000488,172.31.36.0-255,66,69466,9,237160
5021,0.000509,74.125.24.0-255,4706,74172,9,237160
5022,0.000512,172.31.36.0-255,66,74238,9,237160
5023,0.000751,74.125.24.0-255,1484,75722,9,237160
5024,0.000757,74.125.24.0-255,2902,78624,9,237160
5025,0.00076,172.31.36.0-255,66,78690,9,237160
5026,0.000764,74.125.24.0-255,1484,80174,9,237160
5027,0.000784,74.125.24.0-255,4320,84494,9,237160
5028,0.000788,172.31.36.0-255,66,84560,9,237160
5029,0.000792,74.125.24.0-255,7156,91716,9,237160
5030,0.000794,172.31.36.0-255,66,91782,9,237160
5031,0.000816,74.125.24.0-255,2902,94684,9,237160
5032,0.000819,172.31.36.0-255,66,94750,9,237160
5033,0.000846,172.31.36.0-255,66,94816,9,237160
5034,0.000865,74.125.24.0-255,2184,97000,9,237160
5035,0.000868,172.31.36.0-255,66,97066,9,237160
5036,0.001006,74.125.24.0-255,1484,98550,9,237160
5037,0.001011,74.125.24.0-255,2902,101452,9,237160
5038,0.001014,172.31.36.0-255,66,101518,9,237160
5039,0.001018,74.125.24.0-255,1484,103002,9,237160
5040,0.001038,74.125.24.0-255,4320,107322,9,237160
5041,0.001041,172.31.36.0-255,66,107388,9,237160
5042,0.001045,74.125.24.0-255,1484,108872,9,237160
5043,0.001069,172.31.36.0-255,66,108938,9,237160
5044,0.001085,74.125.24.0-255,2902,111840,9,237160
5045,0.00109,74.125.24.0-255,4320,116160,9,237160
5046,0.001091,172.31.36.0-255,66,116226,9,237160
5047,0.001094,172.31.36.0-255,66,116292,9,237160
5048,0.001118,74.125.24.0-255,6438,122730,9,237160
5049,0.001121,172.31.36.0-255,66,122796,9,237160
5050,0.001246,74.125.24.0-255,1484,124280,9,237160
5051,0.001251,74.125.24.0-255,1484,125764,9,237160
5052,0.001254,172.31.36.0-255,66,125830,9,237160
5053,0.001273,74.125.24.0-255,1484,127314,9,237160
5054,0.001279,74.125.24.0-255,5738,133052,9,237160
5055,0.001282,172.31.36.0-255,66,133118,9,237160
5056,0.001324,74.125.24.0-255,5738,138856,9,237160
5057,0.001327,172.31.36.0-255,66,138922,9,237160
5058,0.00135,74.125.24.0-255,1484,140406,9,237160
5059,0.001365,74.125.24.0-255,2184,142590,9,237160
5060,0.001366,172.31.36.0-255,66,142656,9,237160
5061,0.001369,172.31.36.0-255,66,142722,9,237160
5062,0.002178,74.125.24.0-255,1484,144206,9,237160
5063,0.002189,74.125.24.0-255,2902,147108,9,237160
5064,0.002193,172.31.36.0-255,66,147174,9,237160
5065,0.002214,74.125.24.0-255,4320,151494,9,237160
5066,0.002218,172.31.36.0-255,66,151560,9,237160
5067,0.002235,74.125.24.0-255,1484,153044,9,237160
5068,0.002238,74.125.24.0-255,1484,154528,9,237160
5069,0.00224,172.31.36.0-255,66,154594,9,237160
5070,0.002266,172.31.36.0-255,66,154660,9,237160
5071,0.002279,172.31.36.0-255,66,154726,9,237160
5072,0.002292,74.125.24.0-255,1484,156210,9,237160
5073,0.002297,74.125.24.0-255,2184,158394,9,237160
5074,0.002298,172.31.36.0-255,66,158460,9,237160
5075,0.002322,74.125.24.0-255,1484,159944,9,237160
5076,0.002344,74.125.24.0-255,5738,165682,9,237160
5077,0.002346,172.31.36.0-255,66,165748,9,237160
5078,0.002379,172.31.36.0-255,66,165814,9,237160
5079,0.002385,74.125.24.0-255,4320,170134,9,237160
5080,0.002387,172.31.36.0-255,66,170200,9,237160
5081,0.002411,74.125.24.0-255,2902,173102,9,237160
5082,0.002414,172.31.36.0-255,66,173168,9,237160
5083,0.002445,172.31.36.0-255,66,173234,9,237160
5084,0.002452,74.125.24.0-255,7156,180390,9,237160
5085,0.002455,172.31.36.0-255,66,180456,9,237160
5086,0.002459,74.125.24.0-255,1484,181940,9,237160
5087,0.002461,74.125.24.0-255,1484,183424,9,237160
5088,0.002463,172.31.36.0-255,78,183502,9,237160
5089,0.002476,172.31.36.0-255,78,183580,9,237160
5090,0.002505,74.125.24.0-255,7156,190736,9,237160
5091,0.002508,172.31.36.0-255,66,190802,9,237160
5092,0.002511,74.125.24.0-255,1484,192286,9,237160
5093,0.002514,74.125.24.0-255,1484,193770,9,237160
5094,0.002516,172.31.36.0-255,78,193848,9,237160
5095,0.002518,74.125.24.0-255,1484,195332,9,237160
5096,0.002521,172.31.36.0-255,78,195410,9,237160
5097,0.00255,172.31.36.0-255,66,195476,9,237160
5098,0.002563,172.31.36.0-255,66,195542,9,237160
5099,0.002566,74.125.24.0-255,1484,197026,9,237160
5100,0.00257,74.125.24.0-255,1484,198510,9,237160
5101,0.002572,172.31.36.0-255,66,198576,9,237160
5102,0.002575,74.125.24.0-255,1484,200060,9,237160
5103,0.002578,74.125.24.0-255,1484,201544,9,237160
5104,0.002581,172.31.36.0-255,66,201610,9,237160
5105,0.002588,74.125.24.0-255,7156,208766,9,237160
5106,0.002591,172.31.36.0-255,66,208832,9,237160
5107,0.00263,74.125.24.0-255,5020,213852,9,237160
5108,0.002634,172.31.36.0-255,66,213918,9,237160
5109,0.002642,74.125.24.0-255,5738,219656,9,237160
5110,0.002644,172.31.36.0-255,66,219722,9,237160
5111,0.002647,74.125.24.0-255,1484,221206,9,237160
5112,0.00268,172.31.36.0-255,66,221272,9,237160
5113,0.002692,172.31.36.0-255,66,221338,9,237160
5114,0.00273,74.125.24.0-255,4320,225658,9,237160
5115,0.002734,172.31.36.0-255,66,225724,9,237160
5116,0.002762,74.125.24.0-255,5020,230744,9,237160
5117,0.002766,172.31.36.0-255,66,230810,9,237160
5118,0.002769,74.125.24.0-255,1484,232294,9,237160
5119,0.002783,172.31.36.0-255,66,232360,9,237160
5120,0.002829,74.125.24.0-255,105,232465,9,237160
5121,0.00654,172.31.36.0-255,66,232531,9,237160
5122,0.008273,172.31.36.0-255,105,232636,9,237160
5123,0.010519,74.125.24.0-255,66,232702,9,237160
5124,0.033935,172.31.36.0-255,172,232874,9,237160
5125,0.033966,172.31.36.0-255,1116,233990,9,237160
5126,0.034008,172.31.36.0-255,1514,235504,9,237160
5127,0.03401,172.31.36.0-255,1284,236788,9,237160
5128,0.035494,104.244.42.0-255,66,236854,9,237160
5129,0.035519,104.244.42.0-255,66,236920,9,237160
5130,0.035563,104.244.42.0-255,66,236986,9,237160
5131,0.036408,104.244.42.0-255,108,237094,9,237160
5132,0.036417,172.31.36.0-255,66,237160,9,237160
5133,0.0,172.217.194.0-255,153,153,9,357950
5134,2.3e-05,172.31.36.0-255,66,219,9,357950
5135,3.1e-05,172.217.194.0-255,1484,1703,9,357950
5136,3.7e-05,172.31.36.0-255,66,1769,9,357950
5137,4.2e-05,172.217.194.0-255,2902,4671,9,357950
5138,4.5e-05,172.31.36.0-255,66,4737,9,357950
5139,5.1e-05,172.217.194.0-255,4320,9057,9,357950
5140,5.6e-05,172.31.36.0-255,66,9123,9,357950
5141,7.3e-05,172.217.194.0-255,2902,12025,9,357950
5142,7.6e-05,172.31.36.0-255,66,12091,9,357950
5143,8.1e-05,172.217.194.0-255,2084,14175,9,357950
5144,8.4e-05,172.31.36.0-255,66,14241,9,357950
5145,0.000126,172.217.194.0-255,5738,19979,9,357950
5146,0.000129,172.31.36.0-255,66,20045,9,357950
5147,0.000147,172.217.194.0-255,2902,22947,9,357950
5148,0.000149,172.31.36.0-255,66,23013,9,357950
5149,0.000162,172.217.194.0-255,1484,24497,9,357950
5150,0.000165,172.31.36.0-255,66,24563,9,357950
5151,0.000194,172.217.194.0-255,6797,31360,9,357950
5152,0.000197,172.31.36.0-255,66,31426,9,357950
5153,0.000203,172.217.194.0-255,4320,35746,9,357950
5154,0.000205,172.31.36.0-255,66,35812,9,357950
5155,0.00023,172.217.194.0-255,4320,40132,9,357950
5156,0.000233,172.31.36.0-255,66,40198,9,357950
5157,0.00024,172.217.194.0-255,7156,47354,9,357950
5158,0.000243,172.31.36.0-255,66,47420,9,357950
5159,0.000275,172.31.36.0-255,66,47486,9,357950
5160,0.000303,172.31.36.0-255,66,47552,9,357950
5161,0.000306,172.217.194.0-255,677,48229,9,357950
5162,0.000308,172.31.36.0-255,66,48295,9,357950
5163,0.00061,172.217.194.0-255,1484,49779,9,357950
5164,0.000617,172.217.194.0-255,2902,52681,9,357950
5165,0.000621,172.31.36.0-255,66,52747,9,357950
5166,0.000629,172.217.194.0-255,5738,58485,9,357950
5167,0.000632,172.31.36.0-255,66,58551,9,357950
5168,0.000659,172.217.194.0-255,5738,64289,9,357950
5169,0.000663,172.31.36.0-255,66,64355,9,357950
5170,0.000686,172.217.194.0-255,7156,71511,9,357950
5171,0.000689,172.31.36.0-255,66,71577,9,357950
5172,0.000708,172.217.194.0-255,7156,78733,9,357950
5173,0.000711,172.31.36.0-255,66,78799,9,357950
5174,0.00073,172.217.194.0-255,3602,82401,9,357950
5175,0.000734,172.31.36.0-255,66,82467,9,357950
5176,0.001114,172.217.194.0-255,1484,83951,9,357950
5177,0.001143,172.217.194.0-255,2902,86853,9,357950
5178,0.001147,172.31.36.0-255,66,86919,9,357950
5179,0.001155,172.217.194.0-255,5738,92657,9,357950
5180,0.001157,172.31.36.0-255,66,92723,9,357950
5181,0.0012,172.217.194.0-255,5738,98461,9,357950
5182,0.001203,172.31.36.0-255,66,98527,9,357950
5183,0.001221,172.217.194.0-255,7156,105683,9,357950
5184,0.001225,172.217.194.0-255,4320,110003,9,357950
5185,0.00123,172.31.36.0-255,66,110069,9,357950
5186,0.001233,172.31.36.0-255,66,110135,9,357950
5187,0.001247,172.217.194.0-255,5738,115873,9,357950
5188,0.00125,172.31.36.0-255,66,115939,9,357950
5189,0.001253,172.217.194.0-255,766,116705,9,357950
5190,0.001351,172.217.194.0-255,1484,118189,9,357950
5191,0.001354,172.31.36.0-255,66,118255,9,357950
5192,0.001359,172.217.194.0-255,1484,119739,9,357950
5193,0.001378,172.217.194.0-255,1484,121223,9,357950
5194,0.00138,172.31.36.0-255,66,121289,9,357950
5195,0.001387,172.217.194.0-255,5738,127027,9,357950
5196,0.001389,172.31.36.0-255,66,127093,9,357950
5197,0.001404,172.31.36.0-255,66,127159,9,357950
5198,0.001414,172.31.36.0-255,66,127225,9,357950
5199,0.001432,172.217.194.0-255,2184,129409,9,357950
5200,0.001435,172.31.36.0-255,66,129475,9,357950
5201,0.001448,172.217.194.0-255,1484,130959,9,357950
5202,0.001459,172.217.194.0-255,1484,132443,9,357950
5203,0.001461,172.31.36.0-255,66,132509,9,357950
5204,0.001479,172.217.194.0-255,1484,133993,9,357950
5205,0.001486,172.217.194.0-255,5738,139731,9,357950
5206,0.001489,172.31.36.0-255,66,139797,9,357950
5207,0.001494,172.217.194.0-255,4320,144117,9,357950
5208,0.001496,172.31.36.0-255,66,144183,9,357950
5209,0.001514,172.217.194.0-255,5738,149921,9,357950
5210,0.001517,172.31.36.0-255,66,149987,9,357950
5211,0.001529,172.31.36.0-255,66,150053,9,357950
5212,0.001554,172.217.194.0-255,2184,152237,9,357950
5213,0.001557,172.31.36.0-255,66,152303,9,357950
5214,0.001562,172.217.194.0-255,2902,155205,9,357950
5215,0.001564,172.31.36.0-255,66,155271,9,357950
5216,0.001624,172.217.194.0-255,7156,162427,9,357950
5217,0.001653,172.31.36.0-255,66,162493,9,357950
5218,0.001657,172.31.36.0-255,66,162559,9,357950
5219,0.001662,172.217.194.0-255,2184,164743,9,357950
5220,0.001683,172.31.36.0-255,66,164809,9,357950
5221,0.001932,172.217.194.0-255,1484,166293,9,357950
5222,0.001938,172.217.194.0-255,2902,169195,9,357950
5223,0.001941,172.31.36.0-255,66,169261,9,357950
5224,0.001946,172.217.194.0-255,2902,172163,9,357950
5225,0.001948,172.31.36.0-255,66,172229,9,357950
5226,0.001965,172.217.194.0-255,2902,175131,9,357950
5227,0.001968,172.31.36.0-255,66,175197,9,357950
5228,0.001973,172.217.194.0-255,4320,179517,9,357950
5229,0.001975,172.31.36.0-255,66,179583,9,357950
5230,0.002006,172.217.194.0-255,5738,185321,9,357950
5231,0.002023,172.217.194.0-255,7156,192477,9,357950
5232,0.002027,172.31.36.0-255,66,192543,9,357950
5233,0.002032,172.31.36.0-255,66,192609,9,357950
5234,0.002052,172.217.194.0-255,6438,199047,9,357950
5235,0.002066,172.31.36.0-255,66,199113,9,357950
5236,0.002376,172.217.194.0-255,1484,200597,9,357950
5237,0.002396,172.217.194.0-255,2902,203499,9,357950
5238,0.0024,172.217.194.0-255,1484,204983,9,357950
5239,0.007031,172.31.36.0-255,66,205049,9,357950
5240,0.009382,172.217.194.0-255,5738,210787,9,357950
5241,0.009391,172.31.36.0-255,66,210853,9,357950
5242,0.011754,172.217.194.0-255,5738,216591,9,357950
5243,0.011762,172.31.36.0-255,66,216657,9,357950
5244,0.014143,172.217.194.0-255,5738,222395,9,357950
5245,0.014153,172.31.36.0-255,66,222461,9,357950
5246,0.016521,172.217.194.0-255,5738,228199,9,357950
5247,0.016534,172.31.36.0-255,66,228265,9,357950
5248,0.0189,172.217.194.0-255,5738,234003,9,357950
5249,0.01891,172.31.36.0-255,66,234069,9,357950
5250,0.021231,172.217.194.0-255,5738,239807,9,357950
5251,0.021239,172.31.36.0-255,66,239873,9,357950
5252,0.023598,172.217.194.0-255,5738,245611,9,357950
5253,0.023607,172.31.36.0-255,66,245677,9,357950
5254,0.025965,172.217.194.0-255,5738,251415,9,357950
5255,0.025974,172.31.36.0-255,66,251481,9,357950
5256,0.028322,172.217.194.0-255,5738,257219,9,357950
5257,0.028329,172.31.36.0-255,66,257285,9,357950
5258,0.030687,172.217.194.0-255,5738,263023,9,357950
5259,0.0307,172.31.36.0-255,66,263089,9,357950
5260,0.033085,172.217.194.0-255,5738,268827,9,357950
5261,0.033097,172.31.36.0-255,66,268893,9,357950
5262,0.035465,172.217.194.0-255,5738,274631,9,357950
5263,0.035478,172.31.36.0-255,66,274697,9,357950
5264,0.037465,172.31.36.0-255,164,274861,9,357950
5265,0.037499,172.31.36.0-255,1126,275987,9,357950
5266,0.037565,172.31.36.0-255,1514,277501,9,357950
5267,0.037567,172.31.36.0-255,1514,279015,9,357950
5268,0.037568,172.31.36.0-255,1514,280529,9,357950
5269,0.037573,172.31.36.0-255,1514,282043,9,357950
5270,0.037574,172.31.36.0-255,1476,283519,9,357950
5271,0.037828,172.217.194.0-255,5738,289257,9,357950
5272,0.037835,172.31.36.0-255,66,289323,9,357950
5273,0.03904,104.244.42.0-255,66,289389,9,357950
5274,0.039093,104.244.42.0-255,66,289455,9,357950
5275,0.039144,104.244.42.0-255,66,289521,9,357950
5276,0.040172,172.217.194.0-255,5738,295259,9,357950
5277,0.040181,172.31.36.0-255,66,295325,9,357950
5278,0.042524,172.217.194.0-255,5738,301063,9,357950
5279,0.042531,172.31.36.0-255,66,301129,9,357950
5280,0.044934,172.217.194.0-255,4320,305449,9,357950
5281,0.044942,172.31.36.0-255,66,305515,9,357950
5282,0.044962,172.217.194.0-255,1484,306999,9,357950
5283,0.047292,172.217.194.0-255,4320,311319,9,357950
5284,0.047299,172.31.36.0-255,66,311385,9,357950
5285,0.049656,172.217.194.0-255,5738,317123,9,357950
5286,0.049667,172.31.36.0-255,66,317189,9,357950
5287,0.052075,172.217.194.0-255,5738,322927,9,357950
5288,0.052082,172.31.36.0-255,66,322993,9,357950
5289,0.054408,172.217.194.0-255,5738,328731,9,357950
5290,0.054414,172.31.36.0-255,66,328797,9,357950
5291,0.056772,172.217.194.0-255,5738,334535,9,357950
5292,0.056779,172.31.36.0-255,66,334601,9,357950
5293,0.05914,172.217.194.0-255,5738,340339,9,357950
5294,0.059146,172.31.36.0-255,66,340405,9,357950
5295,0.061519,172.217.194.0-255,5738,346143,9,357950
5296,0.061526,172.31.36.0-255,66,346209,9,357950
5297,0.063852,172.217.194.0-255,5738,351947,9,357950
5298,0.063862,172.31.36.0-255,66,352013,9,357950
5299,0.066183,172.217.194.0-255,5700,357713,9,357950
5300,0.066191,172.31.36.0-255,66,357779,9,357950
5301,0.066378,172.31.36.0-255,105,357884,9,357950
5302,0.06871,172.217.194.0-255,66,357950,9,357950
5303,0.0,172.31.36.0-255,105,105,9,276
5304,0.069446,31.13.82.0-255,105,210,9,276
5305,0.06946,172.31.36.0-255,66,276,9,276
5306,0.0,74.125.24.0-255,66,66,9,66
5307,0.0,172.217.194.0-255,152,152,9,379418
5308,3.3e-05,172.31.36.0-255,66,218,9,379418
5309,4e-05,172.217.194.0-255,1484,1702,9,379418
5310,4.5e-05,172.31.36.0-255,66,1768,9,379418
5311,5e-05,172.217.194.0-255,2902,4670,9,379418
5312,5.2e-05,172.31.36.0-255,66,4736,9,379418
5313,6.6e-05,172.217.194.0-255,5738,10474,9,379418
5314,6.9e-05,172.31.36.0-255,66,10540,9,379418
5315,7.4e-05,172.217.194.0-255,2902,13442,9,379418
5316,7.7e-05,172.31.36.0-255,66,13508,9,379418
5317,0.000119,172.31.36.0-255,66,13574,9,379418
5318,0.000148,172.217.194.0-255,6797,20371,9,379418
5319,0.000152,172.31.36.0-255,66,20437,9,379418
5320,0.000209,172.217.194.0-255,1484,21921,9,379418
5321,0.000212,172.31.36.0-255,66,21987,9,379418
5322,0.000217,172.217.194.0-255,2902,24889,9,379418
5323,0.000219,172.31.36.0-255,66,24955,9,379418
5324,0.000223,172.217.194.0-255,1484,26439,9,379418
5325,0.00023,172.31.36.0-255,66,26505,9,379418
5326,0.000256,172.217.194.0-255,1484,27989,9,379418
5327,0.000259,172.31.36.0-255,66,28055,9,379418
5328,0.000265,172.217.194.0-255,2902,30957,9,379418
5329,0.000267,172.31.36.0-255,66,31023,9,379418
5330,0.000311,172.217.194.0-255,4320,35343,9,379418
5331,0.000316,172.31.36.0-255,66,35409,9,379418
5332,0.000321,172.217.194.0-255,2543,37952,9,379418
5333,0.000323,172.31.36.0-255,66,38018,9,379418
5334,0.000328,172.217.194.0-255,2902,40920,9,379418
5335,0.000332,172.31.36.0-255,66,40986,9,379418
5336,0.000334,172.217.194.0-255,7156,48142,9,379418
5337,0.000337,172.31.36.0-255,66,48208,9,379418
5338,0.000344,172.217.194.0-255,7086,55294,9,379418
5339,0.000346,172.31.36.0-255,66,55360,9,379418
5340,0.000377,172.217.194.0-255,366,55726,9,379418
5341,0.000755,172.217.194.0-255,1484,57210,9,379418
5342,0.000759,172.31.36.0-255,66,57276,9,379418
5343,0.000765,172.217.194.0-255,2902,60178,9,379418
5344,0.000768,172.31.36.0-255,66,60244,9,379418
5345,0.000796,172.217.194.0-255,5738,65982,9,379418
5346,0.000799,172.31.36.0-255,66,66048,9,379418
5347,0.000805,172.217.194.0-255,4320,70368,9,379418
5348,0.000807,172.31.36.0-255,66,70434,9,379418
5349,0.000813,172.217.194.0-255,5738,76172,9,379418
5350,0.000821,172.31.36.0-255,66,76238,9,379418
5351,0.000829,172.217.194.0-255,7156,83394,9,379418
5352,0.000831,172.31.36.0-255,66,83460,9,379418
5353,0.000861,172.217.194.0-255,4320,87780,9,379418
5354,0.000864,172.31.36.0-255,66,87846,9,379418
5355,0.000869,172.217.194.0-255,2184,90030,9,379418
5356,0.000871,172.31.36.0-255,66,90096,9,379418
5357,0.001243,172.217.194.0-255,1484,91580,9,379418
5358,0.001273,172.217.194.0-255,2902,94482,9,379418
5359,0.001277,172.31.36.0-255,66,94548,9,379418
5360,0.001283,172.217.194.0-255,2902,97450,9,379418
5361,0.001285,172.31.36.0-255,66,97516,9,379418
5362,0.001306,172.217.194.0-255,2902,100418,9,379418
5363,0.001309,172.31.36.0-255,66,100484,9,379418
5364,0.001315,172.217.194.0-255,4320,104804,9,379418
5365,0.001317,172.31.36.0-255,66,104870,9,379418
5366,0.001355,172.31.36.0-255,66,104936,9,379418
5367,0.001385,172.217.194.0-255,1484,106420,9,379418
5368,0.001391,172.217.194.0-255,4320,110740,9,379418
5369,0.001394,172.31.36.0-255,66,110806,9,379418
5370,0.001431,172.31.36.0-255,66,110872,9,379418
5371,0.001438,172.217.194.0-255,5738,116610,9,379418
5372,0.00144,172.31.36.0-255,66,116676,9,379418
5373,0.001478,172.31.36.0-255,66,116742,9,379418
5374,0.001517,172.217.194.0-255,2902,119644,9,379418
5375,0.00152,172.31.36.0-255,66,119710,9,379418
5376,0.001552,172.31.36.0-255,66,119776,9,379418
5377,0.002112,172.217.194.0-255,1484,121260,9,379418
5378,0.003606,172.217.194.0-255,1484,122744,9,379418
5379,0.003611,172.31.36.0-255,66,122810,9,379418
5380,0.003627,172.217.194.0-255,2902,125712,9,379418
5381,0.00363,172.31.36.0-255,66,125778,9,379418
5382,0.00566,172.217.194.0-255,2902,128680,9,379418
5383,0.005664,172.31.36.0-255,66,128746,9,379418
5384,0.005691,172.217.194.0-255,2902,131648,9,379418
5385,0.005693,172.31.36.0-255,66,131714,9,379418
5386,0.007723,172.217.194.0-255,2902,134616,9,379418
5387,0.007729,172.31.36.0-255,66,134682,9,379418
5388,0.007769,172.217.194.0-255,2902,137584,9,379418
5389,0.007774,172.31.36.0-255,66,137650,9,379418
5390,0.00785,172.31.36.0-255,101,137751,9,379418
5391,0.009818,172.217.194.0-255,2902,140653,9,379418
5392,0.009825,172.31.36.0-255,66,140719,9,379418
5393,0.009858,172.217.194.0-255,2902,143621,9,379418
5394,0.009862,172.31.36.0-255,66,143687,9,379418
5395,0.009897,172.217.194.0-255,66,143753,9,379418
5396,0.011949,172.217.194.0-255,5738,149491,9,379418
5397,0.011956,172.31.36.0-255,66,149557,9,379418
5398,0.014022,172.217.194.0-255,5738,155295,9,379418
5399,0.014031,172.31.36.0-255,66,155361,9,379418
5400,0.016124,172.217.194.0-255,5738,161099,9,379418
5401,0.016131,172.31.36.0-255,66,161165,9,379418
5402,0.01821,172.217.194.0-255,5738,166903,9,379418
5403,0.018218,172.31.36.0-255,66,166969,9,379418
5404,0.020316,172.217.194.0-255,5738,172707,9,379418
5405,0.020323,172.31.36.0-255,66,172773,9,379418
5406,0.022394,172.217.194.0-255,5738,178511,9,379418
5407,0.0224,172.31.36.0-255,66,178577,9,379418
5408,0.024452,172.217.194.0-255,5738,184315,9,379418
5409,0.024458,172.31.36.0-255,66,184381,9,379418
5410,0.026547,172.217.194.0-255,5738,190119,9,379418
5411,0.026555,172.31.36.0-255,66,190185,9,379418
5412,0.02868,172.217.194.0-255,5738,195923,9,379418
5413,0.028688,172.31.36.0-255,66,195989,9,379418
5414,0.030784,172.217.194.0-255,5738,201727,9,379418
5415,0.030791,172.31.36.0-255,66,201793,9,379418
5416,0.032964,172.217.194.0-255,5738,207531,9,379418
5417,0.032973,172.31.36.0-255,66,207597,9,379418
5418,0.035043,172.217.194.0-255,5738,213335,9,379418
5419,0.035051,172.31.36.0-255,66,213401,9,379418
5420,0.037134,172.217.194.0-255,5738,219139,9,379418
5421,0.037141,172.31.36.0-255,66,219205,9,379418
5422,0.039224,172.217.194.0-255,5738,224943,9,379418
5423,0.039231,172.31.36.0-255,66,225009,9,379418
5424,0.041353,172.217.194.0-255,5738,230747,9,379418
5425,0.041365,172.31.36.0-255,66,230813,9,379418
5426,0.043436,172.217.194.0-255,5738,236551,9,379418
5427,0.043444,172.31.36.0-255,66,236617,9,379418
5428,0.043504,172.31.36.0-255,176,236793,9,379418
5429,0.04354,172.31.36.0-255,1115,237908,9,379418
5430,0.043691,172.31.36.0-255,1514,239422,9,379418
5431,0.043693,172.31.36.0-255,1514,240936,9,379418
5432,0.043694,172.31.36.0-255,1514,242450,9,379418
5433,0.043695,172.31.36.0-255,107,242557,9,379418
5434,0.045049,104.244.42.0-255,66,242623,9,379418
5435,0.045068,104.244.42.0-255,66,242689,9,379418
5436,0.045244,104.244.42.0-255,66,242755,9,379418
5437,0.045251,104.244.42.0-255,66,242821,9,379418
5438,0.045545,172.217.194.0-255,5738,248559,9,379418
5439,0.045552,172.31.36.0-255,66,248625,9,379418
5440,0.047619,172.217.194.0-255,5738,254363,9,379418
5441,0.047629,172.31.36.0-255,66,254429,9,379418
5442,0.049712,172.217.194.0-255,5738,260167,9,379418
5443,0.049718,172.31.36.0-255,66,260233,9,379418
5444,0.051778,172.217.194.0-255,4320,264553,9,379418
5445,0.051783,172.31.36.0-255,66,264619,9,379418
5446,0.051817,172.217.194.0-255,1484,266103,9,379418
5447,0.053843,172.217.194.0-255,4320,270423,9,379418
5448,0.053848,172.31.36.0-255,66,270489,9,379418
5449,0.055898,172.217.194.0-255,5738,276227,9,379418
5450,0.055903,172.31.36.0-255,66,276293,9,379418
5451,0.057991,172.217.194.0-255,5738,282031,9,379418
5452,0.057997,172.31.36.0-255,66,282097,9,379418
5453,0.060102,172.217.194.0-255,5738,287835,9,379418
5454,0.060108,172.31.36.0-255,66,287901,9,379418
5455,0.062174,172.217.194.0-255,5738,293639,9,379418
5456,0.06218,172.31.36.0-255,66,293705,9,379418
5457,0.06427,172.217.194.0-255,5738,299443,9,379418
5458,0.064275,172.31.36.0-255,66,299509,9,379418
5459,0.066358,172.217.194.0-255,5738,305247,9,379418
5460,0.066364,172.31.36.0-255,66,305313,9,379418
5461,0.068458,172.217.194.0-255,5738,311051,9,379418
5462,0.068463,172.31.36.0-255,66,311117,9,379418
5463,0.070584,172.217.194.0-255,5738,316855,9,379418
5464,0.070589,172.31.36.0-255,66,316921,9,379418
5465,0.072686,172.217.194.0-255,5738,322659,9,379418
5466,0.072693,172.31.36.0-255,66,322725,9,379418
5467,0.074773,172.217.194.0-255,5738,328463,9,379418
5468,0.074778,172.31.36.0-255,66,328529,9,379418
5469,0.076846,172.217.194.0-255,5738,334267,9,379418
5470,0.076852,172.31.36.0-255,66,334333,9,379418
5471,0.078936,172.217.194.0-255,5738,340071,9,379418
5472,0.078944,172.31.36.0-255,66,340137,9,379418
5473,0.08102,172.217.194.0-255,5738,345875,9,379418
5474,0.081027,172.31.36.0-255,66,345941,9,379418
5475,0.083097,172.217.194.0-255,5738,351679,9,379418
5476,0.083103,172.31.36.0-255,66,351745,9,379418
5477,0.085565,172.217.194.0-255,5738,357483,9,379418
5478,0.085571,172.31.36.0-255,66,357549,9,379418
5479,0.087666,172.217.194.0-255,5738,363287,9,379418
5480,0.087672,172.31.36.0-255,66,363353,9,379418
5481,0.089768,172.217.194.0-255,5738,369091,9,379418
5482,0.089778,172.31.36.0-255,66,369157,9,379418
5483,0.091859,172.217.194.0-255,5738,374895,9,379418
5484,0.091865,172.31.36.0-255,66,374961,9,379418
5485,0.093964,172.217.194.0-255,4286,379247,9,379418
5486,0.09397,172.31.36.0-255,66,379313,9,379418
5487,0.094168,172.31.36.0-255,105,379418,9,379418
5488,0.0,172.217.194.0-255,143,143,9,392723
5489,3e-05,172.31.36.0-255,66,209,9,392723
5490,3.7e-05,172.217.194.0-255,1484,1693,9,392723
5491,4.1e-05,172.31.36.0-255,66,1759,9,392723
5492,4.6e-05,172.217.194.0-255,2902,4661,9,392723
5493,4.8e-05,172.31.36.0-255,66,4727,9,392723
5494,6.4e-05,172.217.194.0-255,7156,11883,9,392723
5495,6.6e-05,172.31.36.0-255,66,11949,9,392723
5496,9.1e-05,172.217.194.0-255,2099,14048,9,392723
5497,9.5e-05,172.31.36.0-255,66,14114,9,392723
5498,0.000188,172.217.194.0-255,1484,15598,9,392723
5499,0.000192,172.31.36.0-255,66,15664,9,392723
5500,0.000199,172.217.194.0-255,2902,18566,9,392723
5501,0.000202,172.31.36.0-255,66,18632,9,392723
5502,0.000215,172.217.194.0-255,5738,24370,9,392723
5503,0.000218,172.31.36.0-255,66,24436,9,392723
5504,0.000251,172.217.194.0-255,5738,30174,9,392723
5505,0.000254,172.31.36.0-255,66,30240,9,392723
5506,0.000282,172.217.194.0-255,1125,31365,9,392723
5507,0.000284,172.31.36.0-255,66,31431,9,392723
5508,0.000477,172.217.194.0-255,1484,32915,9,392723
5509,0.000481,172.31.36.0-255,66,32981,9,392723
5510,0.000486,172.217.194.0-255,2902,35883,9,392723
5511,0.000488,172.31.36.0-255,66,35949,9,392723
5512,0.000515,172.217.194.0-255,5738,41687,9,392723
5513,0.000524,172.31.36.0-255,66,41753,9,392723
5514,0.000554,172.217.194.0-255,5738,47491,9,392723
5515,0.000557,172.31.36.0-255,66,47557,9,392723
5516,0.000581,172.217.194.0-255,1125,48682,9,392723
5517,0.000584,172.31.36.0-255,66,48748,9,392723
5518,0.001045,172.217.194.0-255,1484,50232,9,392723
5519,0.001051,172.31.36.0-255,66,50298,9,392723
5520,0.001061,172.217.194.0-255,2902,53200,9,392723
5521,0.001063,172.31.36.0-255,66,53266,9,392723
5522,0.001078,172.217.194.0-255,5738,59004,9,392723
5523,0.00108,172.31.36.0-255,66,59070,9,392723
5524,0.001109,172.217.194.0-255,5738,64808,9,392723
5525,0.001112,172.31.36.0-255,66,64874,9,392723
5526,0.001155,172.217.194.0-255,1704,66578,9,392723
5527,0.001159,172.31.36.0-255,66,66644,9,392723
5528,0.001298,172.217.194.0-255,1484,68128,9,392723
5529,0.001305,172.217.194.0-255,2902,71030,9,392723
5530,0.001309,172.31.36.0-255,66,71096,9,392723
5531,0.001341,172.217.194.0-255,5738,76834,9,392723
5532,0.001343,172.31.36.0-255,66,76900,9,392723
5533,0.001347,172.217.194.0-255,1484,78384,9,392723
5534,0.001366,172.217.194.0-255,1484,79868,9,392723
5535,0.001368,172.31.36.0-255,66,79934,9,392723
5536,0.001399,172.217.194.0-255,7156,87090,9,392723
5537,0.001404,172.31.36.0-255,66,87156,9,392723
5538,0.001443,172.217.194.0-255,5738,92894,9,392723
5539,0.001447,172.31.36.0-255,66,92960,9,392723
5540,0.001481,172.31.36.0-255,66,93026,9,392723
5541,0.001932,172.217.194.0-255,1484,94510,9,392723
5542,0.001952,172.217.194.0-255,2902,97412,9,392723
5543,0.001957,172.31.36.0-255,66,97478,9,392723
5544,0.001964,172.217.194.0-255,5738,103216,9,392723
5545,0.001966,172.31.36.0-255,66,103282,9,392723
5546,0.001992,172.217.194.0-255,1484,104766,9,392723
5547,0.002017,172.31.36.0-255,66,104832,9,392723
5548,0.002033,172.217.194.0-255,1484,106316,9,392723
5549,0.002076,172.217.194.0-255,1484,107800,9,392723
5550,0.002079,172.31.36.0-255,66,107866,9,392723
5551,0.002112,172.217.194.0-255,7156,115022,9,392723
5552,0.002115,172.31.36.0-255,66,115088,9,392723
5553,0.002141,172.217.194.0-255,2184,117272,9,392723
5554,0.002143,172.31.36.0-255,66,117338,9,392723
5555,0.002221,172.217.194.0-255,1484,118822,9,392723
5556,0.002236,172.217.194.0-255,2902,121724,9,392723
5557,0.002239,172.31.36.0-255,66,121790,9,392723
5558,0.002262,172.217.194.0-255,2902,124692,9,392723
5559,0.002264,172.31.36.0-255,66,124758,9,392723
5560,0.002292,172.217.194.0-255,2902,127660,9,392723
5561,0.002294,172.31.36.0-255,66,127726,9,392723
5562,0.002297,172.217.194.0-255,1484,129210,9,392723
5563,0.002339,172.217.194.0-255,7156,136366,9,392723
5564,0.002341,172.31.36.0-255,66,136432,9,392723
5565,0.002353,172.217.194.0-255,1484,137916,9,392723
5566,0.002363,172.217.194.0-255,5738,143654,9,392723
5567,0.002365,172.31.36.0-255,66,143720,9,392723
5568,0.0024,172.31.36.0-255,66,143786,9,392723
5569,0.004697,172.217.194.0-255,5738,149524,9,392723
5570,0.004703,172.31.36.0-255,66,149590,9,392723
5571,0.006995,172.217.194.0-255,5738,155328,9,392723
5572,0.007001,172.31.36.0-255,66,155394,9,392723
5573,0.009319,172.217.194.0-255,5738,161132,9,392723
5574,0.009327,172.31.36.0-255,66,161198,9,392723
5575,0.011623,172.217.194.0-255,5738,166936,9,392723
5576,0.01163,172.31.36.0-255,66,167002,9,392723
5577,0.013929,172.217.194.0-255,5738,172740,9,392723
5578,0.013938,172.31.36.0-255,66,172806,9,392723
5579,0.016265,172.217.194.0-255,5738,178544,9,392723
5580,0.016276,172.31.36.0-255,66,178610,9,392723
5581,0.018582,172.217.194.0-255,5738,184348,9,392723
5582,0.018591,172.31.36.0-255,66,184414,9,392723
5583,0.020874,172.217.194.0-255,5738,190152,9,392723
5584,0.020882,172.31.36.0-255,66,190218,9,392723
5585,0.023165,172.217.194.0-255,5738,195956,9,392723
5586,0.023171,172.31.36.0-255,66,196022,9,392723
5587,0.025447,172.217.194.0-255,5738,201760,9,392723
5588,0.025455,172.31.36.0-255,66,201826,9,392723
5589,0.027749,172.217.194.0-255,5738,207564,9,392723
5590,0.027757,172.31.36.0-255,66,207630,9,392723
5591,0.029825,172.31.36.0-255,172,207802,9,392723
5592,0.029868,172.31.36.0-255,1116,208918,9,392723
5593,0.029938,172.31.36.0-255,1514,210432,9,392723
5594,0.02994,172.31.36.0-255,1514,211946,9,392723
5595,0.029944,172.31.36.0-255,1514,213460,9,392723
5596,0.029945,172.31.36.0-255,1514,214974,9,392723
5597,0.029965,172.31.36.0-255,1485,216459,9,392723
5598,0.030016,172.217.194.0-255,5738,222197,9,392723
5599,0.030021,172.31.36.0-255,66,222263,9,392723
5600,0.03139,104.244.42.0-255,66,222329,9,392723
5601,0.031412,104.244.42.0-255,66,222395,9,392723
5602,0.031559,104.244.42.0-255,66,222461,9,392723
5603,0.031566,104.244.42.0-255,66,222527,9,392723
5604,0.032328,172.217.194.0-255,5738,228265,9,392723
5605,0.032334,172.31.36.0-255,66,228331,9,392723
5606,0.034652,172.217.194.0-255,2902,231233,9,392723
5607,0.034658,172.31.36.0-255,66,231299,9,392723
5608,0.034689,172.217.194.0-255,2902,234201,9,392723
5609,0.034693,172.31.36.0-255,66,234267,9,392723
5610,0.036989,172.217.194.0-255,5738,240005,9,392723
5611,0.036997,172.31.36.0-255,66,240071,9,392723
5612,0.039263,172.217.194.0-255,5738,245809,9,392723
5613,0.039269,172.31.36.0-255,66,245875,9,392723
5614,0.041557,172.217.194.0-255,5738,251613,9,392723
5615,0.041578,172.31.36.0-255,66,251679,9,392723
5616,0.043897,172.217.194.0-255,5738,257417,9,392723
5617,0.043903,172.31.36.0-255,66,257483,9,392723
5618,0.046188,172.217.194.0-255,5738,263221,9,392723
5619,0.046194,172.31.36.0-255,66,263287,9,392723
5620,0.048488,172.217.194.0-255,5738,269025,9,392723
5621,0.048493,172.31.36.0-255,66,269091,9,392723
5622,0.050776,172.217.194.0-255,5738,274829,9,392723
5623,0.050782,172.31.36.0-255,66,274895,9,392723
5624,0.05306,172.217.194.0-255,5738,280633,9,392723
5625,0.053065,172.31.36.0-255,66,280699,9,392723
5626,0.055349,172.217.194.0-255,5738,286437,9,392723
5627,0.055355,172.31.36.0-255,66,286503,9,392723
5628,0.057633,172.217.194.0-255,5738,292241,9,392723
5629,0.057639,172.31.36.0-255,66,292307,9,392723
5630,0.059924,172.217.194.0-255,5738,298045,9,392723
5631,0.059929,172.31.36.0-255,66,298111,9,392723
5632,0.062198,172.217.194.0-255,5738,303849,9,392723
5633,0.062205,172.31.36.0-255,66,303915,9,392723
5634,0.064496,172.217.194.0-255,5738,309653,9,392723
5635,0.064504,172.31.36.0-255,66,309719,9,392723
5636,0.066828,172.217.194.0-255,5738,315457,9,392723
5637,0.066836,172.31.36.0-255,66,315523,9,392723
5638,0.069125,172.217.194.0-255,5738,321261,9,392723
5639,0.069132,172.31.36.0-255,66,321327,9,392723
5640,0.071403,172.217.194.0-255,4320,325647,9,392723
5641,0.071411,172.31.36.0-255,66,325713,9,392723
5642,0.071439,172.217.194.0-255,1484,327197,9,392723
5643,0.073694,172.217.194.0-255,4320,331517,9,392723
5644,0.073702,172.31.36.0-255,66,331583,9,392723
5645,0.075969,172.217.194.0-255,5738,337321,9,392723
5646,0.075974,172.31.36.0-255,66,337387,9,392723
5647,0.078251,172.217.194.0-255,5738,343125,9,392723
5648,0.078256,172.31.36.0-255,66,343191,9,392723
5649,0.080541,172.217.194.0-255,5738,348929,9,392723
5650,0.080547,172.31.36.0-255,66,348995,9,392723
5651,0.082823,172.217.194.0-255,4320,353315,9,392723
5652,0.082828,172.31.36.0-255,66,353381,9,392723
5653,0.082861,172.217.194.0-255,1484,354865,9,392723
5654,0.085086,172.217.194.0-255,4320,359185,9,392723
5655,0.085091,172.31.36.0-255,66,359251,9,392723
5656,0.087369,172.217.194.0-255,5738,364989,9,392723
5657,0.087375,172.31.36.0-255,66,365055,9,392723
5658,0.089667,172.217.194.0-255,5738,370793,9,392723
5659,0.089672,172.31.36.0-255,66,370859,9,392723
5660,0.091948,172.217.194.0-255,5738,376597,9,392723
5661,0.091954,172.31.36.0-255,66,376663,9,392723
5662,0.094227,172.217.194.0-255,4320,380983,9,392723
5663,0.094232,172.31.36.0-255,66,381049,9,392723
5664,0.09427,172.217.194.0-255,1484,382533,9,392723
5665,0.096553,172.217.194.0-255,4320,386853,9,392723
5666,0.09656,172.31.36.0-255,66,386919,9,392723
5667,0.098855,172.217.194.0-255,5738,392657,9,392723
5668,0.098867,172.31.36.0-255,66,392723,9,392723
5669,0.0,74.125.24.0-255,148,148,9,201691
5670,1.4e-05,172.31.36.0-255,66,214,9,201691
5671,2.2e-05,74.125.24.0-255,1484,1698,9,201691
5672,2.6e-05,172.31.36.0-255,66,1764,9,201691
5673,3.2e-05,74.125.24.0-255,2902,4666,9,201691
5674,4.2e-05,172.31.36.0-255,66,4732,9,201691
5675,5e-05,74.125.24.0-255,7156,11888,9,201691
5676,5.4e-05,172.31.36.0-255,66,11954,9,201691
5677,5.8e-05,74.125.24.0-255,2002,13956,9,201691
5678,6.1e-05,172.31.36.0-255,66,14022,9,201691
5679,0.000154,74.125.24.0-255,1484,15506,9,201691
5680,0.000158,172.31.36.0-255,66,15572,9,201691
5681,0.000163,74.125.24.0-255,2902,18474,9,201691
5682,0.000166,172.31.36.0-255,66,18540,9,201691
5683,0.000172,74.125.24.0-255,5738,24278,9,201691
5684,0.000179,172.31.36.0-255,66,24344,9,201691
5685,0.000217,74.125.24.0-255,1484,25828,9,201691
5686,0.000219,172.31.36.0-255,66,25894,9,201691
5687,0.000265,74.125.24.0-255,5379,31273,9,201691
5688,0.000269,172.31.36.0-255,66,31339,9,201691
5689,0.000492,74.125.24.0-255,1484,32823,9,201691
5690,0.000498,172.31.36.0-255,66,32889,9,201691
5691,0.000504,74.125.24.0-255,2902,35791,9,201691
5692,0.000507,172.31.36.0-255,66,35857,9,201691
5693,0.000513,74.125.24.0-255,5738,41595,9,201691
5694,0.00052,172.31.36.0-255,66,41661,9,201691
5695,0.000525,74.125.24.0-255,4320,45981,9,201691
5696,0.000527,172.31.36.0-255,66,46047,9,201691
5697,0.000576,172.31.36.0-255,66,46113,9,201691
5698,0.000583,74.125.24.0-255,6797,52910,9,201691
5699,0.000586,172.31.36.0-255,66,52976,9,201691
5700,0.000598,74.125.24.0-255,400,53376,9,201691
5701,0.000646,74.125.24.0-255,376,53752,9,201691
5702,0.000816,74.125.24.0-255,1484,55236,9,201691
5703,0.000821,172.31.36.0-255,66,55302,9,201691
5704,0.000827,74.125.24.0-255,2902,58204,9,201691
5705,0.000829,172.31.36.0-255,66,58270,9,201691
5706,0.00084,74.125.24.0-255,5738,64008,9,201691
5707,0.000843,172.31.36.0-255,66,64074,9,201691
5708,0.000896,172.31.36.0-255,66,64140,9,201691
5709,0.0009,74.125.24.0-255,1484,65624,9,201691
5710,0.000936,172.31.36.0-255,66,65690,9,201691
5711,0.000951,74.125.24.0-255,5738,71428,9,201691
5712,0.000953,172.31.36.0-255,66,71494,9,201691
5713,0.000984,74.125.24.0-255,4320,75814,9,201691
5714,0.001018,74.125.24.0-255,2902,78716,9,201691
5715,0.001023,74.125.24.0-255,3602,82318,9,201691
5716,0.001041,172.31.36.0-255,66,82384,9,201691
5717,0.001145,74.125.24.0-255,1484,83868,9,201691
5718,0.001162,74.125.24.0-255,2902,86770,9,201691
5719,0.001169,74.125.24.0-255,5738,92508,9,201691
5720,0.001174,74.125.24.0-255,4320,96828,9,201691
5721,0.001193,172.31.36.0-255,66,96894,9,201691
5722,0.001197,74.125.24.0-255,1484,98378,9,201691
5723,0.001226,74.125.24.0-255,4320,102698,9,201691
5724,0.001233,74.125.24.0-255,5020,107718,9,201691
5725,0.001238,172.31.36.0-255,66,107784,9,201691
5726,0.00142,74.125.24.0-255,1484,109268,9,201691
5727,0.001426,74.125.24.0-255,2902,112170,9,201691
5728,0.001431,74.125.24.0-255,4320,116490,9,201691
5729,0.001441,74.125.24.0-255,1484,117974,9,201691
5730,0.001451,172.31.36.0-255,66,118040,9,201691
5731,0.001541,172.31.36.0-255,66,118106,9,201691
5732,0.001557,74.125.24.0-255,1484,119590,9,201691
5733,0.00158,74.125.24.0-255,6438,126028,9,201691
5734,0.001594,172.31.36.0-255,66,126094,9,201691
5735,0.001638,74.125.24.0-255,1484,127578,9,201691
5736,0.001642,74.125.24.0-255,2902,130480,9,201691
5737,0.001661,74.125.24.0-255,5738,136218,9,201691
5738,0.001668,172.31.36.0-255,66,136284,9,201691
5739,0.001724,172.31.36.0-255,66,136350,9,201691
5740,0.001762,74.125.24.0-255,2184,138534,9,201691
5741,0.001777,172.31.36.0-255,66,138600,9,201691
5742,0.00179,74.125.24.0-255,5738,144338,9,201691
5743,0.001796,172.31.36.0-255,66,144404,9,201691
5744,0.001815,74.125.24.0-255,1484,145888,9,201691
5745,0.001845,74.125.24.0-255,766,146654,9,201691
5746,0.001863,172.31.36.0-255,66,146720,9,201691
5747,0.001904,74.125.24.0-255,7156,153876,9,201691
5748,0.001925,172.31.36.0-255,66,153942,9,201691
5749,0.001933,74.125.24.0-255,7156,161098,9,201691
5750,0.001938,172.31.36.0-255,66,161164,9,201691
5751,0.001976,74.125.24.0-255,766,161930,9,201691
5752,0.001995,172.31.36.0-255,66,161996,9,201691
5753,0.002015,74.125.24.0-255,1484,163480,9,201691
5754,0.002021,74.125.24.0-255,2902,166382,9,201691
5755,0.002027,74.125.24.0-255,5738,172120,9,201691
5756,0.00203,74.125.24.0-255,1484,173604,9,201691
5757,0.002049,74.125.24.0-255,5738,179342,9,201691
5758,0.002051,172.31.36.0-255,66,179408,9,201691
5759,0.002057,172.31.36.0-255,66,179474,9,201691
5760,0.002104,74.125.24.0-255,2184,181658,9,201691
5761,0.002108,74.125.24.0-255,2902,184560,9,201691
5762,0.002116,74.125.24.0-255,7156,191716,9,201691
5763,0.002188,172.31.36.0-255,66,191782,9,201691
5764,0.0022,74.125.24.0-255,2902,194684,9,201691
5765,0.002206,74.125.24.0-255,1484,196168,9,201691
5766,0.002225,74.125.24.0-255,892,197060,9,201691
5767,0.002238,74.125.24.0-255,105,197165,9,201691
5768,0.002257,172.31.36.0-255,66,197231,9,201691
5769,0.01065,172.31.36.0-255,105,197336,9,201691
5770,0.012899,74.125.24.0-255,66,197402,9,201691
5771,0.031262,172.31.36.0-255,176,197578,9,201691
5772,0.031294,172.31.36.0-255,1115,198693,9,201691
5773,0.031358,172.31.36.0-255,1514,200207,9,201691
5774,0.03136,172.31.36.0-255,1286,201493,9,201691
5775,0.032823,104.244.42.0-255,66,201559,9,201691
5776,0.032861,104.244.42.0-255,66,201625,9,201691
5777,0.032889,104.244.42.0-255,66,201691,9,201691
5778,0.0,74.125.68.0-255,97,97,9,229
5779,0.00173,74.125.68.0-255,66,163,9,229
5780,0.039911,172.31.36.0-255,66,229,9,229
5781,0.0,172.31.36.0-255,66,66,9,66
5782,0.0,172.217.194.0-255,146,146,9,227778
5783,3.4e-05,172.31.36.0-255,66,212,9,227778
5784,4e-05,172.217.194.0-255,1484,1696,9,227778
5785,4.5e-05,172.31.36.0-255,66,1762,9,227778
5786,5e-05,172.217.194.0-255,2902,4664,9,227778
5787,5.2e-05,172.31.36.0-255,66,4730,9,227778
5788,5.9e-05,172.217.194.0-255,7156,11886,9,227778
5789,7.2e-05,172.31.36.0-255,66,11952,9,227778
5790,7.9e-05,172.217.194.0-255,6255,18207,9,227778
5791,8.2e-05,172.31.36.0-255,66,18273,9,227778
5792,0.000111,172.217.194.0-255,1484,19757,9,227778
5793,0.000113,172.31.36.0-255,66,19823,9,227778
5794,0.000154,172.31.36.0-255,66,19889,9,227778
5795,0.000217,172.217.194.0-255,1484,21373,9,227778
5796,0.00022,172.31.36.0-255,66,21439,9,227778
5797,0.000225,172.217.194.0-255,2902,24341,9,227778
5798,0.000228,172.31.36.0-255,66,24407,9,227778
5799,0.000239,172.217.194.0-255,5738,30145,9,227778
5800,0.000242,172.31.36.0-255,66,30211,9,227778
5801,0.000247,172.217.194.0-255,5738,35949,9,227778
5802,0.00025,172.31.36.0-255,66,36015,9,227778
5803,0.00026,172.31.36.0-255,66,36081,9,227778
5804,0.000296,172.217.194.0-255,5379,41460,9,227778
5805,0.000299,172.31.36.0-255,66,41526,9,227778
5806,0.000305,172.217.194.0-255,4253,45779,9,227778
5807,0.000308,172.31.36.0-255,66,45845,9,227778
5808,0.000465,172.217.194.0-255,364,46209,9,227778
5809,0.00047,172.31.36.0-255,66,46275,9,227778
5810,0.000567,172.217.194.0-255,1484,47759,9,227778
5811,0.000571,172.31.36.0-255,66,47825,9,227778
5812,0.000576,172.217.194.0-255,2902,50727,9,227778
5813,0.000579,172.31.36.0-255,66,50793,9,227778
5814,0.000604,172.217.194.0-255,5738,56531,9,227778
5815,0.000608,172.31.36.0-255,66,56597,9,227778
5816,0.000645,172.31.36.0-255,66,56663,9,227778
5817,0.000659,172.217.194.0-255,2543,59206,9,227778
5818,0.000666,172.31.36.0-255,66,59272,9,227778
5819,0.000671,172.217.194.0-255,4320,63592,9,227778
5820,0.000673,172.31.36.0-255,66,63658,9,227778
5821,0.000714,172.217.194.0-255,7156,70814,9,227778
5822,0.000718,172.31.36.0-255,66,70880,9,227778
5823,0.000721,172.217.194.0-255,1125,72005,9,227778
5824,0.000723,172.31.36.0-255,66,72071,9,227778
5825,0.000746,172.217.194.0-255,1484,73555,9,227778
5826,0.000753,172.31.36.0-255,66,73621,9,227778
5827,0.000758,172.217.194.0-255,2902,76523,9,227778
5828,0.000761,172.31.36.0-255,66,76589,9,227778
5829,0.000768,172.217.194.0-255,5738,82327,9,227778
5830,0.000771,172.31.36.0-255,66,82393,9,227778
5831,0.000774,172.217.194.0-255,1484,83877,9,227778
5832,0.000776,172.31.36.0-255,66,83943,9,227778
5833,0.000816,172.31.36.0-255,66,84009,9,227778
5834,0.000821,172.217.194.0-255,2902,86911,9,227778
5835,0.000823,172.31.36.0-255,66,86977,9,227778
5836,0.000868,172.31.36.0-255,66,87043,9,227778
5837,0.000891,172.217.194.0-255,766,87809,9,227778
5838,0.000894,172.31.36.0-255,66,87875,9,227778
5839,0.001028,172.217.194.0-255,1484,89359,9,227778
5840,0.001032,172.31.36.0-255,66,89425,9,227778
5841,0.001037,172.217.194.0-255,2902,92327,9,227778
5842,0.001039,172.31.36.0-255,66,92393,9,227778
5843,0.001069,172.217.194.0-255,5738,98131,9,227778
5844,0.001073,172.31.36.0-255,66,98197,9,227778
5845,0.001077,172.217.194.0-255,1484,99681,9,227778
5846,0.001078,172.31.36.0-255,66,99747,9,227778
5847,0.001117,172.217.194.0-255,7156,106903,9,227778
5848,0.001121,172.31.36.0-255,66,106969,9,227778
5849,0.001134,172.31.36.0-255,66,107035,9,227778
5850,0.001145,172.217.194.0-255,5020,112055,9,227778
5851,0.001148,172.31.36.0-255,66,112121,9,227778
5852,0.001358,172.217.194.0-255,1484,113605,9,227778
5853,0.001362,172.31.36.0-255,66,113671,9,227778
5854,0.001366,172.217.194.0-255,1484,115155,9,227778
5855,0.001368,172.31.36.0-255,66,115221,9,227778
5856,0.0014,172.217.194.0-255,1484,116705,9,227778
5857,0.001403,172.31.36.0-255,66,116771,9,227778
5858,0.001415,172.217.194.0-255,5738,122509,9,227778
5859,0.001417,172.31.36.0-255,66,122575,9,227778
5860,0.001423,172.217.194.0-255,5738,128313,9,227778
5861,0.001425,172.31.36.0-255,66,128379,9,227778
5862,0.001438,172.31.36.0-255,66,128445,9,227778
5863,0.001444,172.217.194.0-255,5020,133465,9,227778
5864,0.001447,172.31.36.0-255,66,133531,9,227778
5865,0.001528,172.217.194.0-255,1484,135015,9,227778
5866,0.001532,172.31.36.0-255,66,135081,9,227778
5867,0.001536,172.217.194.0-255,1484,136565,9,227778
5868,0.001562,172.217.194.0-255,1484,138049,9,227778
5869,0.001569,172.217.194.0-255,5738,143787,9,227778
5870,0.001571,172.31.36.0-255,66,143853,9,227778
5871,0.001576,172.31.36.0-255,66,143919,9,227778
5872,0.001609,172.217.194.0-255,1484,145403,9,227778
5873,0.001643,172.31.36.0-255,66,145469,9,227778
5874,0.001667,172.31.36.0-255,66,145535,9,227778
5875,0.001695,172.217.194.0-255,1484,147019,9,227778
5876,0.0017,172.217.194.0-255,2902,149921,9,227778
5877,0.001712,172.31.36.0-255,66,149987,9,227778
5878,0.001724,172.217.194.0-255,5738,155725,9,227778
5879,0.001735,172.217.194.0-255,4320,160045,9,227778
5880,0.001736,172.31.36.0-255,66,160111,9,227778
5881,0.001741,172.31.36.0-255,66,160177,9,227778
5882,0.001784,172.31.36.0-255,66,160243,9,227778
5883,0.001831,172.31.36.0-255,66,160309,9,227778
5884,0.001888,172.217.194.0-255,1484,161793,9,227778
5885,0.001893,172.217.194.0-255,2902,164695,9,227778
5886,0.001896,172.31.36.0-255,66,164761,9,227778
5887,0.0019,172.217.194.0-255,1484,166245,9,227778
5888,0.001933,172.217.194.0-255,4320,170565,9,227778
5889,0.001955,172.31.36.0-255,66,170631,9,227778
5890,0.001961,172.31.36.0-255,66,170697,9,227778
5891,0.002006,172.217.194.0-255,1484,172181,9,227778
5892,0.002012,172.217.194.0-255,2902,175083,9,227778
5893,0.002014,172.31.36.0-255,66,175149,9,227778
5894,0.002044,172.217.194.0-255,5738,180887,9,227778
5895,0.002049,172.217.194.0-255,4320,185207,9,227778
5896,0.002051,172.31.36.0-255,66,185273,9,227778
5897,0.002055,172.31.36.0-255,66,185339,9,227778
5898,0.002073,172.217.194.0-255,4320,189659,9,227778
5899,0.002077,172.31.36.0-255,66,189725,9,227778
5900,0.002101,172.217.194.0-255,7156,196881,9,227778
5901,0.002113,172.31.36.0-255,66,196947,9,227778
5902,0.002118,172.31.36.0-255,66,197013,9,227778
5903,0.002143,172.31.36.0-255,66,197079,9,227778
5904,0.002188,172.31.36.0-255,66,197145,9,227778
5905,0.002202,172.217.194.0-255,4320,201465,9,227778
5906,0.002213,172.31.36.0-255,66,201531,9,227778
5907,0.002228,172.31.36.0-255,66,201597,9,227778
5908,0.002249,172.217.194.0-255,3602,205199,9,227778
5909,0.002256,172.217.194.0-255,7156,212355,9,227778
5910,0.002257,172.31.36.0-255,66,212421,9,227778
5911,0.002261,172.31.36.0-255,66,212487,9,227778
5912,0.002312,172.217.194.0-255,5020,217507,9,227778
5913,0.002317,172.31.36.0-255,66,217573,9,227778
5914,0.002368,172.31.36.0-255,66,217639,9,227778
5915,0.002384,172.217.194.0-255,5738,223377,9,227778
5916,0.002387,172.217.194.0-255,195,223572,9,227778
5917,0.002387,172.31.36.0-255,66,223638,9,227778
5918,0.002389,172.217.194.0-255,105,223743,9,227778
5919,0.003702,172.31.36.0-255,66,223809,9,227778
5920,0.00373,172.31.36.0-255,105,223914,9,227778
5921,0.00622,172.217.194.0-255,66,223980,9,227778
5922,0.05198,172.31.36.0-255,188,224168,9,227778
5923,0.052009,172.31.36.0-255,960,225128,9,227778
5924,0.052063,172.31.36.0-255,1514,226642,9,227778
5925,0.052065,172.31.36.0-255,938,227580,9,227778
5926,0.053556,104.244.42.0-255,66,227646,9,227778
5927,0.053565,104.244.42.0-255,66,227712,9,227778
5928,0.053651,104.244.42.0-255,66,227778,9,227778
5929,0.0,172.217.194.0-255,430,430,9,147997
5930,2.8e-05,172.217.194.0-255,1484,1914,9,147997
5931,3.7e-05,172.31.36.0-255,66,1980,9,147997
5932,4.6e-05,172.217.194.0-255,4320,6300,9,147997
5933,4.9e-05,172.31.36.0-255,66,6366,9,147997
5934,5.7e-05,172.31.36.0-255,66,6432,9,147997
5935,0.000333,172.217.194.0-255,7156,13588,9,147997
5936,0.000339,172.31.36.0-255,66,13654,9,147997
5937,0.000353,172.217.194.0-255,1484,15138,9,147997
5938,0.000699,172.217.194.0-255,7080,22218,9,147997
5939,0.000705,172.31.36.0-255,66,22284,9,147997
5940,0.002429,172.217.194.0-255,5738,28022,9,147997
5941,0.002436,172.31.36.0-255,66,28088,9,147997
5942,0.002492,172.217.194.0-255,1484,29572,9,147997
5943,0.002532,172.217.194.0-255,7156,36728,9,147997
5944,0.002851,172.217.194.0-255,4320,41048,9,147997
5945,0.003447,172.217.194.0-255,2902,43950,9,147997
5946,0.004039,172.217.194.0-255,4320,48270,9,147997
5947,0.004526,172.217.194.0-255,5738,54008,9,147997
5948,0.004623,172.31.36.0-255,66,54074,9,147997
5949,0.004794,172.31.36.0-255,66,54140,9,147997
5950,0.005099,172.31.36.0-255,66,54206,9,147997
5951,0.006967,172.217.194.0-255,7156,61362,9,147997
5952,0.006974,172.31.36.0-255,66,61428,9,147997
5953,0.006999,172.217.194.0-255,7156,68584,9,147997
5954,0.007089,172.217.194.0-255,4320,72904,9,147997
5955,0.007123,172.217.194.0-255,1484,74388,9,147997
5956,0.007441,172.217.194.0-255,5626,80014,9,147997
5957,0.007473,172.217.194.0-255,2902,82916,9,147997
5958,0.007499,172.217.194.0-255,5850,88766,9,147997
5959,0.007592,172.217.194.0-255,2902,91668,9,147997
5960,0.007792,172.217.194.0-255,5738,97406,9,147997
5961,0.009329,172.217.194.0-255,2458,99864,9,147997
5962,0.009338,172.217.194.0-255,2902,102766,9,147997
5963,0.009351,172.217.194.0-255,4320,107086,9,147997
5964,0.009382,172.217.194.0-255,7156,114242,9,147997
5965,0.009509,172.217.194.0-255,4320,118562,9,147997
5966,0.009593,172.31.36.0-255,66,118628,9,147997
5967,0.011995,172.31.36.0-255,66,118694,9,147997
5968,0.01202,172.31.36.0-255,66,118760,9,147997
5969,0.012068,172.31.36.0-255,66,118826,9,147997
5970,0.012222,172.31.36.0-255,66,118892,9,147997
5971,0.012257,172.31.36.0-255,66,118958,9,147997
5972,0.012273,172.217.194.0-255,1484,120442,9,147997
5973,0.012452,172.217.194.0-255,4320,124762,9,147997
5974,0.012456,172.31.36.0-255,66,124828,9,147997
5975,0.012495,172.31.36.0-255,66,124894,9,147997
5976,0.012696,172.217.194.0-255,7156,132050,9,147997
5977,0.012702,172.31.36.0-255,66,132116,9,147997
5978,0.012722,172.217.194.0-255,980,133096,9,147997
5979,0.014386,172.217.194.0-255,5738,138834,9,147997
5980,0.014393,172.31.36.0-255,66,138900,9,147997
5981,0.014428,172.31.36.0-255,66,138966,9,147997
5982,0.014447,172.31.36.0-255,66,139032,9,147997
5983,0.014489,172.31.36.0-255,66,139098,9,147997
5984,0.01471,172.217.194.0-255,7156,146254,9,147997
5985,0.014716,172.31.36.0-255,66,146320,9,147997
5986,0.014739,172.31.36.0-255,66,146386,9,147997
5987,0.014781,172.31.36.0-255,66,146452,9,147997
5988,0.0154,172.31.36.0-255,105,146557,9,147997
5989,0.017717,172.217.194.0-255,66,146623,9,147997
5990,0.052918,172.31.36.0-255,172,146795,9,147997
5991,0.052944,172.31.36.0-255,1070,147865,9,147997
5992,0.054452,104.244.42.0-255,66,147931,9,147997
5993,0.054493,104.244.42.0-255,66,147997,9,147997
5994,0.0,74.125.24.0-255,152,152,9,351831
5995,2.3e-05,172.31.36.0-255,66,218,9,351831
5996,3e-05,74.125.24.0-255,1484,1702,9,351831
5997,3.4e-05,172.31.36.0-255,66,1768,9,351831
5998,4.9e-05,74.125.24.0-255,2902,4670,9,351831
5999,5.2e-05,172.31.36.0-255,66,4736,9,351831
6000,6e-05,74.125.24.0-255,7156,11892,9,351831
6001,6.4e-05,172.31.36.0-255,66,11958,9,351831
6002,6.9e-05,74.125.24.0-255,2021,13979,9,351831
6003,7.2e-05,172.31.36.0-255,66,14045,9,351831
6004,0.000358,74.125.24.0-255,1484,15529,9,351831
6005,0.000363,172.31.36.0-255,66,15595,9,351831
6006,0.000371,74.125.24.0-255,2902,18497,9,351831
6007,0.000374,172.31.36.0-255,66,18563,9,351831
6008,0.000386,74.125.24.0-255,5738,24301,9,351831
6009,0.000388,172.31.36.0-255,66,24367,9,351831
6010,0.000421,74.125.24.0-255,6797,31164,9,351831
6011,0.000425,172.31.36.0-255,66,31230,9,351831
6012,0.000433,74.125.24.0-255,7156,38386,9,351831
6013,0.000435,172.31.36.0-255,66,38452,9,351831
6014,0.000489,172.31.36.0-255,66,38518,9,351831
6015,0.000524,172.31.36.0-255,66,38584,9,351831
6016,0.000529,74.125.24.0-255,4320,42904,9,351831
6017,0.000531,172.31.36.0-255,66,42970,9,351831
6018,0.000554,74.125.24.0-255,1484,44454,9,351831
6019,0.000557,172.31.36.0-255,66,44520,9,351831
6020,0.00056,74.125.24.0-255,1125,45645,9,351831
6021,0.000562,172.31.36.0-255,66,45711,9,351831
6022,0.000626,74.125.24.0-255,647,46358,9,351831
6023,0.000629,172.31.36.0-255,66,46424,9,351831
6024,0.000896,74.125.24.0-255,1484,47908,9,351831
6025,0.000903,74.125.24.0-255,2902,50810,9,351831
6026,0.000907,172.31.36.0-255,66,50876,9,351831
6027,0.000912,74.125.24.0-255,2902,53778,9,351831
6028,0.000914,172.31.36.0-255,66,53844,9,351831
6029,0.000937,74.125.24.0-255,2902,56746,9,351831
6030,0.000939,172.31.36.0-255,66,56812,9,351831
6031,0.000952,172.31.36.0-255,66,56878,9,351831
6032,0.000964,172.31.36.0-255,66,56944,9,351831
6033,0.001012,74.125.24.0-255,5020,61964,9,351831
6034,0.001015,172.31.36.0-255,66,62030,9,351831
6035,0.001699,74.125.24.0-255,1484,63514,9,351831
6036,0.001707,74.125.24.0-255,1484,64998,9,351831
6037,0.001711,172.31.36.0-255,66,65064,9,351831
6038,0.001741,74.125.24.0-255,1484,66548,9,351831
6039,0.001748,74.125.24.0-255,5738,72286,9,351831
6040,0.00175,172.31.36.0-255,66,72352,9,351831
6041,0.001758,74.125.24.0-255,7156,79508,9,351831
6042,0.001761,172.31.36.0-255,66,79574,9,351831
6043,0.001791,74.125.24.0-255,5738,85312,9,351831
6044,0.001796,172.31.36.0-255,66,85378,9,351831
6045,0.001822,172.31.36.0-255,66,85444,9,351831
6046,0.00204,74.125.24.0-255,1484,86928,9,351831
6047,0.002065,74.125.24.0-255,2902,89830,9,351831
6048,0.002067,172.31.36.0-255,66,89896,9,351831
6049,0.002072,74.125.24.0-255,4320,94216,9,351831
6050,0.002074,172.31.36.0-255,66,94282,9,351831
6051,0.002099,74.125.24.0-255,1484,95766,9,351831
6052,0.002104,74.125.24.0-255,4320,100086,9,351831
6053,0.002106,172.31.36.0-255,66,100152,9,351831
6054,0.002109,74.125.24.0-255,1484,101636,9,351831
6055,0.002134,74.125.24.0-255,5738,107374,9,351831
6056,0.002136,172.31.36.0-255,66,107440,9,351831
6057,0.002164,74.125.24.0-255,4320,111760,9,351831
6058,0.002166,172.31.36.0-255,66,111826,9,351831
6059,0.002175,172.31.36.0-255,66,111892,9,351831
6060,0.00218,74.125.24.0-255,2902,114794,9,351831
6061,0.002181,172.31.36.0-255,66,114860,9,351831
6062,0.002211,74.125.24.0-255,5738,120598,9,351831
6063,0.002214,172.31.36.0-255,66,120664,9,351831
6064,0.00222,74.125.24.0-255,5738,126402,9,351831
6065,0.002222,172.31.36.0-255,66,126468,9,351831
6066,0.002225,74.125.24.0-255,1484,127952,9,351831
6067,0.002255,172.31.36.0-255,66,128018,9,351831
6068,0.00226,74.125.24.0-255,3602,131620,9,351831
6069,0.002262,172.31.36.0-255,66,131686,9,351831
6070,0.002315,74.125.24.0-255,1484,133170,9,351831
6071,0.00234,74.125.24.0-255,2902,136072,9,351831
6072,0.002343,172.31.36.0-255,66,136138,9,351831
6073,0.002347,74.125.24.0-255,2902,139040,9,351831
6074,0.002349,172.31.36.0-255,66,139106,9,351831
6075,0.002352,74.125.24.0-255,1484,140590,9,351831
6076,0.002374,74.125.24.0-255,2902,143492,9,351831
6077,0.002377,172.31.36.0-255,66,143558,9,351831
6078,0.002382,74.125.24.0-255,4320,147878,9,351831
6079,0.002384,172.31.36.0-255,66,147944,9,351831
6080,0.002409,74.125.24.0-255,4320,152264,9,351831
6081,0.00241,172.31.36.0-255,66,152330,9,351831
6082,0.00242,74.125.24.0-255,7156,159486,9,351831
6083,0.002422,172.31.36.0-255,66,159552,9,351831
6084,0.002462,74.125.24.0-255,6438,165990,9,351831
6085,0.002464,172.31.36.0-255,66,166056,9,351831
6086,0.005053,74.125.24.0-255,5738,171794,9,351831
6087,0.005063,172.31.36.0-255,66,171860,9,351831
6088,0.007629,74.125.24.0-255,5738,177598,9,351831
6089,0.007636,172.31.36.0-255,66,177664,9,351831
6090,0.010245,74.125.24.0-255,5738,183402,9,351831
6091,0.010253,172.31.36.0-255,66,183468,9,351831
6092,0.012871,74.125.24.0-255,5738,189206,9,351831
6093,0.012879,172.31.36.0-255,66,189272,9,351831
6094,0.015536,74.125.24.0-255,5738,195010,9,351831
6095,0.015545,172.31.36.0-255,66,195076,9,351831
6096,0.018167,74.125.24.0-255,5738,200814,9,351831
6097,0.018175,172.31.36.0-255,66,200880,9,351831
6098,0.020757,74.125.24.0-255,5738,206618,9,351831
6099,0.020767,172.31.36.0-255,66,206684,9,351831
6100,0.023386,74.125.24.0-255,5738,212422,9,351831
6101,0.023393,172.31.36.0-255,66,212488,9,351831
6102,0.026011,74.125.24.0-255,5738,218226,9,351831
6103,0.026019,172.31.36.0-255,66,218292,9,351831
6104,0.02864,74.125.24.0-255,5738,224030,9,351831
6105,0.028649,172.31.36.0-255,66,224096,9,351831
6106,0.03128,74.125.24.0-255,5738,229834,9,351831
6107,0.031288,172.31.36.0-255,66,229900,9,351831
6108,0.033886,74.125.24.0-255,5738,235638,9,351831
6109,0.033893,172.31.36.0-255,66,235704,9,351831
6110,0.036517,74.125.24.0-255,5738,241442,9,351831
6111,0.036524,172.31.36.0-255,66,241508,9,351831
6112,0.039099,74.125.24.0-255,5738,247246,9,351831
6113,0.039107,172.31.36.0-255,66,247312,9,351831
6114,0.041702,74.125.24.0-255,5738,253050,9,351831
6115,0.041713,172.31.36.0-255,66,253116,9,351831
6116,0.044306,74.125.24.0-255,5738,258854,9,351831
6117,0.044315,172.31.36.0-255,66,258920,9,351831
6118,0.046941,74.125.24.0-255,5738,264658,9,351831
6119,0.046949,172.31.36.0-255,66,264724,9,351831
6120,0.049585,74.125.24.0-255,5738,270462,9,351831
6121,0.049594,172.31.36.0-255,66,270528,9,351831
6122,0.0522,74.125.24.0-255,5738,276266,9,351831
6123,0.052209,172.31.36.0-255,66,276332,9,351831
6124,0.054853,74.125.24.0-255,5738,282070,9,351831
6125,0.054862,172.31.36.0-255,66,282136,9,351831
6126,0.057441,74.125.24.0-255,5738,287874,9,351831
6127,0.057448,172.31.36.0-255,66,287940,9,351831
6128,0.06006,74.125.24.0-255,5738,293678,9,351831
6129,0.06007,172.31.36.0-255,66,293744,9,351831
6130,0.062647,74.125.24.0-255,5738,299482,9,351831
6131,0.062658,172.31.36.0-255,66,299548,9,351831
6132,0.065236,74.125.24.0-255,5738,305286,9,351831
6133,0.065245,172.31.36.0-255,66,305352,9,351831
6134,0.067876,74.125.24.0-255,5738,311090,9,351831
6135,0.067884,172.31.36.0-255,66,311156,9,351831
6136,0.070004,172.31.36.0-255,172,311328,9,351831
6137,0.070035,172.31.36.0-255,1070,312398,9,351831
6138,0.070456,74.125.24.0-255,4320,316718,9,351831
6139,0.070463,172.31.36.0-255,66,316784,9,351831
6140,0.07049,74.125.24.0-255,1484,318268,9,351831
6141,0.071584,104.244.42.0-255,66,318334,9,351831
6142,0.071593,104.244.42.0-255,66,318400,9,351831
6143,0.073083,74.125.24.0-255,4320,322720,9,351831
6144,0.073097,172.31.36.0-255,66,322786,9,351831
6145,0.075676,74.125.24.0-255,5738,328524,9,351831
6146,0.075683,172.31.36.0-255,66,328590,9,351831
6147,0.078266,74.125.24.0-255,5738,334328,9,351831
6148,0.078274,172.31.36.0-255,66,334394,9,351831
6149,0.080912,74.125.24.0-255,5738,340132,9,351831
6150,0.080919,172.31.36.0-255,66,340198,9,351831
6151,0.083557,74.125.24.0-255,5738,345936,9,351831
6152,0.083563,172.31.36.0-255,66,346002,9,351831
6153,0.086188,74.125.24.0-255,5592,351594,9,351831
6154,0.086198,172.31.36.0-255,66,351660,9,351831
6155,0.08645,172.31.36.0-255,105,351765,9,351831
6156,0.089062,74.125.24.0-255,66,351831,9,351831
6157,0.0,172.253.118.0-255,431,431,9,64410
6158,2.9e-05,172.253.118.0-255,1484,1915,9,64410
6159,3.9e-05,172.31.36.0-255,66,1981,9,64410
6160,6.5e-05,172.253.118.0-255,4320,6301,9,64410
6161,6.9e-05,172.31.36.0-255,66,6367,9,64410
6162,0.00021,172.31.36.0-255,66,6433,9,64410
6163,0.000527,172.31.36.0-255,66,6499,9,64410
6164,0.00087,172.253.118.0-255,7156,13655,9,64410
6165,0.000877,172.31.36.0-255,66,13721,9,64410
6166,0.002123,172.253.118.0-255,4320,18041,9,64410
6167,0.002129,172.31.36.0-255,66,18107,9,64410
6168,0.002167,172.31.36.0-255,66,18173,9,64410
6169,0.0024,172.253.118.0-255,4320,22493,9,64410
6170,0.002407,172.31.36.0-255,66,22559,9,64410
6171,0.002629,172.31.36.0-255,66,22625,9,64410
6172,0.002652,172.31.36.0-255,66,22691,9,64410
6173,0.003269,172.31.36.0-255,66,22757,9,64410
6174,0.003299,172.253.118.0-255,7156,29913,9,64410
6175,0.00332,172.31.36.0-255,66,29979,9,64410
6176,0.003862,172.253.118.0-255,7156,37135,9,64410
6177,0.003867,172.31.36.0-255,66,37201,9,64410
6178,0.004262,172.253.118.0-255,1484,38685,9,64410
6179,0.004274,172.31.36.0-255,66,38751,9,64410
6180,0.004477,172.31.36.0-255,66,38817,9,64410
6181,0.004531,172.31.36.0-255,66,38883,9,64410
6182,0.004702,172.253.118.0-255,7156,46039,9,64410
6183,0.004708,172.31.36.0-255,66,46105,9,64410
6184,0.004747,172.31.36.0-255,66,46171,9,64410
6185,0.005068,172.31.36.0-255,66,46237,9,64410
6186,0.005101,172.253.118.0-255,7156,53393,9,64410
6187,0.005105,172.31.36.0-255,66,53459,9,64410
6188,0.005971,172.31.36.0-255,66,53525,9,64410
6189,0.006023,172.31.36.0-255,66,53591,9,64410
6190,0.006544,172.31.36.0-255,66,53657,9,64410
6191,0.006785,172.253.118.0-255,5738,59395,9,64410
6192,0.00679,172.31.36.0-255,66,59461,9,64410
6193,0.006852,172.31.36.0-255,66,59527,9,64410
6194,0.007041,172.253.118.0-255,3004,62531,9,64410
6195,0.007048,172.31.36.0-255,66,62597,9,64410
6196,0.007157,172.31.36.0-255,66,62663,9,64410
6197,0.007208,172.31.36.0-255,66,62729,9,64410
6198,0.008156,172.31.36.0-255,66,62795,9,64410
6199,0.009732,172.31.36.0-255,66,62861,9,64410
6200,0.011943,172.31.36.0-255,105,62966,9,64410
6201,0.0179,172.253.118.0-255,66,63032,9,64410
6202,0.056191,172.31.36.0-255,176,63208,9,64410
6203,0.056227,172.31.36.0-255,1070,64278,9,64410
6204,0.057722,104.244.42.0-255,66,64344,9,64410
6205,0.057763,104.244.42.0-255,66,64410,9,64410
6206,0.0,74.125.200.0-255,143,143,9,374848
6207,2.3e-05,172.31.36.0-255,66,209,9,374848
6208,3.1e-05,74.125.200.0-255,1484,1693,9,374848
6209,3.6e-05,172.31.36.0-255,66,1759,9,374848
6210,6.5e-05,74.125.200.0-255,2902,4661,9,374848
6211,6.9e-05,172.31.36.0-255,66,4727,9,374848
6212,8e-05,74.125.200.0-255,1484,6211,9,374848
6213,8.3e-05,172.31.36.0-255,66,6277,9,374848
6214,0.000112,74.125.200.0-255,2902,9179,9,374848
6215,0.000115,172.31.36.0-255,66,9245,9,374848
6216,0.00012,74.125.200.0-255,2902,12147,9,374848
6217,0.000122,172.31.36.0-255,66,12213,9,374848
6218,0.000144,74.125.200.0-255,3507,15720,9,374848
6219,0.000146,172.31.36.0-255,66,15786,9,374848
6220,0.000153,74.125.200.0-255,7156,22942,9,374848
6221,0.000156,172.31.36.0-255,66,23008,9,374848
6222,0.000196,74.125.200.0-255,2902,25910,9,374848
6223,0.0002,172.31.36.0-255,66,25976,9,374848
6224,0.00022,74.125.200.0-255,5379,31355,9,374848
6225,0.000222,172.31.36.0-255,66,31421,9,374848
6226,0.000294,74.125.200.0-255,1484,32905,9,374848
6227,0.000298,172.31.36.0-255,66,32971,9,374848
6228,0.000315,74.125.200.0-255,2902,35873,9,374848
6229,0.000318,172.31.36.0-255,66,35939,9,374848
6230,0.000321,74.125.200.0-255,1484,37423,9,374848
6231,0.000323,172.31.36.0-255,66,37489,9,374848
6232,0.000346,74.125.200.0-255,4320,41809,9,374848
6233,0.000348,172.31.36.0-255,66,41875,9,374848
6234,0.000354,74.125.200.0-255,5738,47613,9,374848
6235,0.000357,172.31.36.0-255,66,47679,9,374848
6236,0.000359,74.125.200.0-255,1484,49163,9,374848
6237,0.000361,172.31.36.0-255,66,49229,9,374848
6238,0.000387,74.125.200.0-255,5379,54608,9,374848
6239,0.00039,172.31.36.0-255,66,54674,9,374848
6240,0.000398,74.125.200.0-255,7156,61830,9,374848
6241,0.0004,172.31.36.0-255,66,61896,9,374848
6242,0.000422,74.125.200.0-255,1484,63380,9,374848
6243,0.000428,74.125.200.0-255,2543,65923,9,374848
6244,0.00043,172.31.36.0-255,66,65989,9,374848
6245,0.000459,74.125.200.0-255,398,66387,9,374848
6246,0.000548,74.125.200.0-255,1484,67871,9,374848
6247,0.000552,172.31.36.0-255,66,67937,9,374848
6248,0.000576,74.125.200.0-255,2902,70839,9,374848
6249,0.000579,172.31.36.0-255,66,70905,9,374848
6250,0.000585,74.125.200.0-255,4320,75225,9,374848
6251,0.000587,172.31.36.0-255,66,75291,9,374848
6252,0.000594,74.125.200.0-255,5738,81029,9,374848
6253,0.000596,172.31.36.0-255,66,81095,9,374848
6254,0.000655,172.31.36.0-255,66,81161,9,374848
6255,0.000661,74.125.200.0-255,5738,86899,9,374848
6256,0.000663,172.31.36.0-255,66,86965,9,374848
6257,0.000682,74.125.200.0-255,2463,89428,9,374848
6258,0.000684,172.31.36.0-255,66,89494,9,374848
6259,0.000985,74.125.200.0-255,1484,90978,9,374848
6260,0.001006,74.125.200.0-255,2902,93880,9,374848
6261,0.00101,172.31.36.0-255,66,93946,9,374848
6262,0.001029,74.125.200.0-255,4320,98266,9,374848
6263,0.001032,172.31.36.0-255,66,98332,9,374848
6264,0.001053,74.125.200.0-255,1484,99816,9,374848
6265,0.001059,74.125.200.0-255,4320,104136,9,374848
6266,0.001061,172.31.36.0-255,66,104202,9,374848
6267,0.001064,74.125.200.0-255,1484,105686,9,374848
6268,0.001085,74.125.200.0-255,4320,110006,9,374848
6269,0.001088,172.31.36.0-255,66,110072,9,374848
6270,0.001117,172.31.36.0-255,66,110138,9,374848
6271,0.001149,74.125.200.0-255,3602,113740,9,374848
6272,0.001152,172.31.36.0-255,66,113806,9,374848
6273,0.001253,74.125.200.0-255,1484,115290,9,374848
6274,0.00126,74.125.200.0-255,2902,118192,9,374848
6275,0.001263,172.31.36.0-255,66,118258,9,374848
6276,0.001269,74.125.200.0-255,4320,122578,9,374848
6277,0.001271,172.31.36.0-255,66,122644,9,374848
6278,0.001274,74.125.200.0-255,1484,124128,9,374848
6279,0.00131,74.125.200.0-255,7156,131284,9,374848
6280,0.001312,172.31.36.0-255,66,131350,9,374848
6281,0.001321,74.125.200.0-255,7156,138506,9,374848
6282,0.001323,172.31.36.0-255,66,138572,9,374848
6283,0.001334,172.31.36.0-255,66,138638,9,374848
6284,0.001337,74.125.200.0-255,766,139404,9,374848
6285,0.001384,74.125.200.0-255,1484,140888,9,374848
6286,0.001387,172.31.36.0-255,66,140954,9,374848
6287,0.001405,74.125.200.0-255,2902,143856,9,374848
6288,0.001408,172.31.36.0-255,66,143922,9,374848
6289,0.001414,74.125.200.0-255,4320,148242,9,374848
6290,0.001416,172.31.36.0-255,66,148308,9,374848
6291,0.001446,172.31.36.0-255,66,148374,9,374848
6292,0.001451,74.125.200.0-255,2902,151276,9,374848
6293,0.001454,172.31.36.0-255,66,151342,9,374848
6294,0.00148,74.125.200.0-255,5738,157080,9,374848
6295,0.001484,172.31.36.0-255,66,157146,9,374848
6296,0.001525,172.31.36.0-255,66,157212,9,374848
6297,0.00159,74.125.200.0-255,1484,158696,9,374848
6298,0.001607,74.125.200.0-255,2902,161598,9,374848
6299,0.00161,172.31.36.0-255,66,161664,9,374848
6300,0.00164,74.125.200.0-255,5738,167402,9,374848
6301,0.001644,172.31.36.0-255,66,167468,9,374848
6302,0.001648,74.125.200.0-255,2902,170370,9,374848
6303,0.001651,172.31.36.0-255,66,170436,9,374848
6304,0.001685,172.31.36.0-255,66,170502,9,374848
6305,0.001708,74.125.200.0-255,5738,176240,9,374848
6306,0.00171,172.31.36.0-255,66,176306,9,374848
6307,0.001735,74.125.200.0-255,5020,181326,9,374848
6308,0.001738,172.31.36.0-255,66,181392,9,374848
6309,0.001968,74.125.200.0-255,1484,182876,9,374848
6310,0.001988,74.125.200.0-255,2902,185778,9,374848
6311,0.001991,172.31.36.0-255,66,185844,9,374848
6312,0.001998,74.125.200.0-255,5738,191582,9,374848
6313,0.002016,172.31.36.0-255,66,191648,9,374848
6314,0.002027,74.125.200.0-255,7156,198804,9,374848
6315,0.00203,172.31.36.0-255,66,198870,9,374848
6316,0.002051,74.125.200.0-255,7156,206026,9,374848
6317,0.002053,172.31.36.0-255,66,206092,9,374848
6318,0.00208,74.125.200.0-255,7156,213248,9,374848
6319,0.002083,172.31.36.0-255,66,213314,9,374848
6320,0.002129,74.125.200.0-255,2184,215498,9,374848
6321,0.002132,172.31.36.0-255,66,215564,9,374848
6322,0.004387,74.125.200.0-255,2902,218466,9,374848
6323,0.004396,172.31.36.0-255,66,218532,9,374848
6324,0.004427,74.125.200.0-255,2902,221434,9,374848
6325,0.00443,172.31.36.0-255,66,221500,9,374848
6326,0.006708,74.125.200.0-255,2902,224402,9,374848
6327,0.006732,74.125.200.0-255,2902,227304,9,374848
6328,0.00825,172.31.36.0-255,66,227370,9,374848
6329,0.010557,74.125.200.0-255,5738,233108,9,374848
6330,0.010564,172.31.36.0-255,66,233174,9,374848
6331,0.012876,74.125.200.0-255,5738,238912,9,374848
6332,0.012884,172.31.36.0-255,66,238978,9,374848
6333,0.015198,74.125.200.0-255,5738,244716,9,374848
6334,0.015207,172.31.36.0-255,66,244782,9,374848
6335,0.017526,74.125.200.0-255,5738,250520,9,374848
6336,0.017537,172.31.36.0-255,66,250586,9,374848
6337,0.019871,74.125.200.0-255,5738,256324,9,374848
6338,0.019885,172.31.36.0-255,66,256390,9,374848
6339,0.0222,74.125.200.0-255,5738,262128,9,374848
6340,0.022209,172.31.36.0-255,66,262194,9,374848
6341,0.024531,74.125.200.0-255,5738,267932,9,374848
6342,0.024538,172.31.36.0-255,66,267998,9,374848
6343,0.026848,74.125.200.0-255,5738,273736,9,374848
6344,0.026856,172.31.36.0-255,66,273802,9,374848
6345,0.029169,74.125.200.0-255,5738,279540,9,374848
6346,0.029178,172.31.36.0-255,66,279606,9,374848
6347,0.031492,74.125.200.0-255,5738,285344,9,374848
6348,0.0315,172.31.36.0-255,66,285410,9,374848
6349,0.033817,74.125.200.0-255,5738,291148,9,374848
6350,0.033826,172.31.36.0-255,66,291214,9,374848
6351,0.036143,74.125.200.0-255,5738,296952,9,374848
6352,0.036152,172.31.36.0-255,66,297018,9,374848
6353,0.038221,172.31.36.0-255,172,297190,9,374848
6354,0.03825,172.31.36.0-255,1117,298307,9,374848
6355,0.038321,172.31.36.0-255,1514,299821,9,374848
6356,0.038323,172.31.36.0-255,1514,301335,9,374848
6357,0.038325,172.31.36.0-255,1514,302849,9,374848
6358,0.038326,172.31.36.0-255,1514,304363,9,374848
6359,0.038353,172.31.36.0-255,1485,305848,9,374848
6360,0.038468,74.125.200.0-255,5738,311586,9,374848
6361,0.038474,172.31.36.0-255,66,311652,9,374848
6362,0.039772,104.244.42.0-255,66,311718,9,374848
6363,0.039781,104.244.42.0-255,66,311784,9,374848
6364,0.039912,104.244.42.0-255,66,311850,9,374848
6365,0.040574,104.244.42.0-255,108,311958,9,374848
6366,0.040584,172.31.36.0-255,66,312024,9,374848
6367,0.040791,74.125.200.0-255,5738,317762,9,374848
6368,0.040796,172.31.36.0-255,66,317828,9,374848
6369,0.043114,74.125.200.0-255,5738,323566,9,374848
6370,0.043121,172.31.36.0-255,66,323632,9,374848
6371,0.045438,74.125.200.0-255,5738,329370,9,374848
6372,0.045448,172.31.36.0-255,66,329436,9,374848
6373,0.047772,74.125.200.0-255,5738,335174,9,374848
6374,0.047779,172.31.36.0-255,66,335240,9,374848
6375,0.050142,74.125.200.0-255,5738,340978,9,374848
6376,0.050149,172.31.36.0-255,66,341044,9,374848
6377,0.052482,74.125.200.0-255,5738,346782,9,374848
6378,0.052494,172.31.36.0-255,66,346848,9,374848
6379,0.05482,74.125.200.0-255,5738,352586,9,374848
6380,0.054827,172.31.36.0-255,66,352652,9,374848
6381,0.057154,74.125.200.0-255,5738,358390,9,374848
6382,0.057161,172.31.36.0-255,66,358456,9,374848
6383,0.059496,74.125.200.0-255,5738,364194,9,374848
6384,0.059503,172.31.36.0-255,66,364260,9,374848
6385,0.061833,74.125.200.0-255,5738,369998,9,374848
6386,0.061839,172.31.36.0-255,66,370064,9,374848
6387,0.064156,74.125.200.0-255,4022,374086,9,374848
6388,0.064162,172.31.36.0-255,66,374152,9,374848
6389,0.064341,172.31.36.0-255,105,374257,9,374848
6390,0.064377,172.31.36.0-255,105,374362,9,374848
6391,0.064631,172.31.36.0-255,90,374452,9,374848
6392,0.064642,172.31.36.0-255,66,374518,9,374848
6393,0.066627,74.125.200.0-255,66,374584,9,374848
6394,0.066664,74.125.200.0-255,66,374650,9,374848
6395,0.066916,74.125.200.0-255,66,374716,9,374848
6396,0.066954,74.125.200.0-255,66,374782,9,374848
6397,0.066976,172.31.36.0-255,66,374848,9,374848
6398,0.0,74.125.24.0-255,155,155,9,386516
6399,3e-05,172.31.36.0-255,66,221,9,386516
6400,3.6e-05,74.125.24.0-255,1484,1705,9,386516
6401,4e-05,172.31.36.0-255,66,1771,9,386516
6402,4.4e-05,74.125.24.0-255,2902,4673,9,386516
6403,4.7e-05,172.31.36.0-255,66,4739,9,386516
6404,5.1e-05,74.125.24.0-255,2902,7641,9,386516
6405,5.3e-05,172.31.36.0-255,66,7707,9,386516
6406,7.6e-05,74.125.24.0-255,1484,9191,9,386516
6407,7.8e-05,172.31.36.0-255,66,9257,9,386516
6408,8.5e-05,74.125.24.0-255,4320,13577,9,386516
6409,8.7e-05,172.31.36.0-255,66,13643,9,386516
6410,0.000105,74.125.24.0-255,4983,18626,9,386516
6411,0.000109,172.31.36.0-255,66,18692,9,386516
6412,0.000134,74.125.24.0-255,1484,20176,9,386516
6413,0.000137,172.31.36.0-255,66,20242,9,386516
6414,0.00015,74.125.24.0-255,1484,21726,9,386516
6415,0.000153,172.31.36.0-255,66,21792,9,386516
6416,0.00019,172.31.36.0-255,66,21858,9,386516
6417,0.000224,74.125.24.0-255,1484,23342,9,386516
6418,0.000228,172.31.36.0-255,66,23408,9,386516
6419,0.000248,74.125.24.0-255,2902,26310,9,386516
6420,0.000251,172.31.36.0-255,66,26376,9,386516
6421,0.000256,74.125.24.0-255,2902,29278,9,386516
6422,0.000258,172.31.36.0-255,66,29344,9,386516
6423,0.00027,74.125.24.0-255,2902,32246,9,386516
6424,0.000273,172.31.36.0-255,66,32312,9,386516
6425,0.000317,74.125.24.0-255,4320,36632,9,386516
6426,0.000321,172.31.36.0-255,66,36698,9,386516
6427,0.000345,172.31.36.0-255,66,36764,9,386516
6428,0.000389,74.125.24.0-255,4320,41084,9,386516
6429,0.000398,172.31.36.0-255,66,41150,9,386516
6430,0.000414,74.125.24.0-255,6438,47588,9,386516
6431,0.000419,172.31.36.0-255,66,47654,9,386516
6432,0.000453,74.125.24.0-255,362,48016,9,386516
6433,0.000457,74.125.24.0-255,131,48147,9,386516
6434,0.000516,74.125.24.0-255,1484,49631,9,386516
6435,0.000522,74.125.24.0-255,2902,52533,9,386516
6436,0.000523,172.31.36.0-255,66,52599,9,386516
6437,0.000528,172.31.36.0-255,66,52665,9,386516
6438,0.000547,74.125.24.0-255,5738,58403,9,386516
6439,0.000558,172.31.36.0-255,66,58469,9,386516
6440,0.000574,74.125.24.0-255,4320,62789,9,386516
6441,0.000586,172.31.36.0-255,66,62855,9,386516
6442,0.000591,74.125.24.0-255,5738,68593,9,386516
6443,0.000605,172.31.36.0-255,66,68659,9,386516
6444,0.00064,74.125.24.0-255,5738,74397,9,386516
6445,0.000651,172.31.36.0-255,66,74463,9,386516
6446,0.000666,172.31.36.0-255,66,74529,9,386516
6447,0.001079,74.125.24.0-255,1484,76013,9,386516
6448,0.001084,74.125.24.0-255,2902,78915,9,386516
6449,0.001088,172.31.36.0-255,66,78981,9,386516
6450,0.001094,74.125.24.0-255,2902,81883,9,386516
6451,0.001103,172.31.36.0-255,66,81949,9,386516
6452,0.001109,74.125.24.0-255,2902,84851,9,386516
6453,0.001116,172.31.36.0-255,66,84917,9,386516
6454,0.001136,74.125.24.0-255,7156,92073,9,386516
6455,0.001142,172.31.36.0-255,66,92139,9,386516
6456,0.001154,74.125.24.0-255,5738,97877,9,386516
6457,0.001159,172.31.36.0-255,66,97943,9,386516
6458,0.001232,74.125.24.0-255,7156,105099,9,386516
6459,0.001237,172.31.36.0-255,66,105165,9,386516
6460,0.00125,74.125.24.0-255,3602,108767,9,386516
6461,0.001264,172.31.36.0-255,66,108833,9,386516
6462,0.001302,74.125.24.0-255,1484,110317,9,386516
6463,0.001318,74.125.24.0-255,2902,113219,9,386516
6464,0.001321,172.31.36.0-255,66,113285,9,386516
6465,0.001339,74.125.24.0-255,2902,116187,9,386516
6466,0.001347,172.31.36.0-255,66,116253,9,386516
6467,0.001355,74.125.24.0-255,2902,119155,9,386516
6468,0.001362,172.31.36.0-255,66,119221,9,386516
6469,0.001368,74.125.24.0-255,2902,122123,9,386516
6470,0.00138,172.31.36.0-255,66,122189,9,386516
6471,0.001394,172.31.36.0-255,66,122255,9,386516
6472,0.001473,74.125.24.0-255,5738,127993,9,386516
6473,0.00148,172.31.36.0-255,66,128059,9,386516
6474,0.001485,74.125.24.0-255,1484,129543,9,386516
6475,0.001523,74.125.24.0-255,3602,133145,9,386516
6476,0.001526,172.31.36.0-255,66,133211,9,386516
6477,0.001591,74.125.24.0-255,1484,134695,9,386516
6478,0.001607,74.125.24.0-255,1484,136179,9,386516
6479,0.001618,74.125.24.0-255,1484,137663,9,386516
6480,0.00162,172.31.36.0-255,66,137729,9,386516
6481,0.001622,74.125.24.0-255,2902,140631,9,386516
6482,0.001626,172.31.36.0-255,66,140697,9,386516
6483,0.001649,74.125.24.0-255,2902,143599,9,386516
6484,0.001654,74.125.24.0-255,2902,146501,9,386516
6485,0.001656,172.31.36.0-255,66,146567,9,386516
6486,0.001661,172.31.36.0-255,66,146633,9,386516
6487,0.001672,74.125.24.0-255,7156,153789,9,386516
6488,0.001676,172.31.36.0-255,66,153855,9,386516
6489,0.001694,74.125.24.0-255,2902,156757,9,386516
6490,0.001697,172.31.36.0-255,66,156823,9,386516
6491,0.001743,74.125.24.0-255,4320,161143,9,386516
6492,0.001752,172.31.36.0-255,66,161209,9,386516
6493,0.001765,74.125.24.0-255,6438,167647,9,386516
6494,0.001769,172.31.36.0-255,66,167713,9,386516
6495,0.002062,74.125.24.0-255,1484,169197,9,386516
6496,0.002108,74.125.24.0-255,1484,170681,9,386516
6497,0.002112,172.31.36.0-255,66,170747,9,386516
6498,0.002131,74.125.24.0-255,1484,172231,9,386516
6499,0.002137,74.125.24.0-255,4320,176551,9,386516
6500,0.00215,74.125.24.0-255,4320,180871,9,386516
6501,0.002164,74.125.24.0-255,4320,185191,9,386516
6502,0.002205,74.125.24.0-255,5738,190929,9,386516
6503,0.00227,74.125.24.0-255,4320,195249,9,386516
6504,0.002287,74.125.24.0-255,2902,198151,9,386516
6505,0.002292,74.125.24.0-255,3602,201753,9,386516
6506,0.006765,172.31.36.0-255,66,201819,9,386516
6507,0.009061,74.125.24.0-255,5738,207557,9,386516
6508,0.009069,172.31.36.0-255,66,207623,9,386516
6509,0.011316,74.125.24.0-255,5738,213361,9,386516
6510,0.014708,172.31.36.0-255,66,213427,9,386516
6511,0.017005,74.125.24.0-255,5738,219165,9,386516
6512,0.017015,172.31.36.0-255,66,219231,9,386516
6513,0.019285,74.125.24.0-255,5738,224969,9,386516
6514,0.019293,172.31.36.0-255,66,225035,9,386516
6515,0.021588,74.125.24.0-255,2902,227937,9,386516
6516,0.021594,172.31.36.0-255,66,228003,9,386516
6517,0.021624,74.125.24.0-255,2902,230905,9,386516
6518,0.021639,172.31.36.0-255,66,230971,9,386516
6519,0.023851,74.125.24.0-255,2902,233873,9,386516
6520,0.023857,172.31.36.0-255,66,233939,9,386516
6521,0.023877,74.125.24.0-255,1484,235423,9,386516
6522,0.023895,74.125.24.0-255,1484,236907,9,386516
6523,0.023996,172.31.36.0-255,66,236973,9,386516
6524,0.026105,74.125.24.0-255,2902,239875,9,386516
6525,0.026111,172.31.36.0-255,66,239941,9,386516
6526,0.026245,74.125.24.0-255,2902,242843,9,386516
6527,0.026249,172.31.36.0-255,66,242909,9,386516
6528,0.028381,74.125.24.0-255,2902,245811,9,386516
6529,0.028391,172.31.36.0-255,66,245877,9,386516
6530,0.028509,74.125.24.0-255,2902,248779,9,386516
6531,0.028862,172.31.36.0-255,66,248845,9,386516
6532,0.030664,74.125.24.0-255,2902,251747,9,386516
6533,0.030671,172.31.36.0-255,66,251813,9,386516
6534,0.031129,74.125.24.0-255,2902,254715,9,386516
6535,0.031134,172.31.36.0-255,66,254781,9,386516
6536,0.032944,74.125.24.0-255,2902,257683,9,386516
6537,0.03295,172.31.36.0-255,66,257749,9,386516
6538,0.033399,74.125.24.0-255,2902,260651,9,386516
6539,0.034544,172.31.36.0-255,66,260717,9,386516
6540,0.035224,74.125.24.0-255,2902,263619,9,386516
6541,0.03523,172.31.36.0-255,66,263685,9,386516
6542,0.036801,74.125.24.0-255,2902,266587,9,386516
6543,0.037513,74.125.24.0-255,2902,269489,9,386516
6544,0.038519,172.31.36.0-255,66,269555,9,386516
6545,0.040794,74.125.24.0-255,5738,275293,9,386516
6546,0.0408,172.31.36.0-255,66,275359,9,386516
6547,0.043073,74.125.24.0-255,5738,281097,9,386516
6548,0.043079,172.31.36.0-255,66,281163,9,386516
6549,0.045351,74.125.24.0-255,5738,286901,9,386516
6550,0.045359,172.31.36.0-255,66,286967,9,386516
6551,0.047694,74.125.24.0-255,5738,292705,9,386516
6552,0.047702,172.31.36.0-255,66,292771,9,386516
6553,0.049977,74.125.24.0-255,4320,297091,9,386516
6554,0.049983,172.31.36.0-255,66,297157,9,386516
6555,0.050015,74.125.24.0-255,1484,298641,9,386516
6556,0.05226,74.125.24.0-255,4320,302961,9,386516
6557,0.05227,172.31.36.0-255,66,303027,9,386516
6558,0.054544,74.125.24.0-255,5738,308765,9,386516
6559,0.054617,172.31.36.0-255,66,308831,9,386516
6560,0.056888,74.125.24.0-255,5738,314569,9,386516
6561,0.056895,172.31.36.0-255,66,314635,9,386516
6562,0.059182,74.125.24.0-255,5738,320373,9,386516
6563,0.05919,172.31.36.0-255,66,320439,9,386516
6564,0.06145,74.125.24.0-255,5738,326177,9,386516
6565,0.061457,172.31.36.0-255,66,326243,9,386516
6566,0.06372,74.125.24.0-255,5738,331981,9,386516
6567,0.063727,172.31.36.0-255,66,332047,9,386516
6568,0.065994,74.125.24.0-255,5738,337785,9,386516
6569,0.065999,172.31.36.0-255,66,337851,9,386516
6570,0.068267,74.125.24.0-255,5738,343589,9,386516
6571,0.068272,172.31.36.0-255,66,343655,9,386516
6572,0.070551,74.125.24.0-255,5738,349393,9,386516
6573,0.070561,172.31.36.0-255,66,349459,9,386516
6574,0.072836,74.125.24.0-255,5738,355197,9,386516
6575,0.072842,172.31.36.0-255,66,355263,9,386516
6576,0.075142,74.125.24.0-255,5738,361001,9,386516
6577,0.075149,172.31.36.0-255,66,361067,9,386516
6578,0.077432,74.125.24.0-255,5738,366805,9,386516
6579,0.07744,172.31.36.0-255,66,366871,9,386516
6580,0.079689,74.125.24.0-255,5738,372609,9,386516
6581,0.079696,172.31.36.0-255,66,372675,9,386516
6582,0.081954,74.125.24.0-255,5738,378413,9,386516
6583,0.08196,172.31.36.0-255,66,378479,9,386516
6584,0.08428,74.125.24.0-255,5738,384217,9,386516
6585,0.084286,172.31.36.0-255,66,384283,9,386516
6586,0.086539,74.125.24.0-255,1996,386279,9,386516
6587,0.086547,172.31.36.0-255,66,386345,9,386516
6588,0.086724,172.31.36.0-255,105,386450,9,386516
6589,0.088963,74.125.24.0-255,66,386516,9,386516
6590,0.0,74.125.24.0-255,153,153,9,282206
6591,2.2e-05,172.31.36.0-255,66,219,9,282206
6592,3e-05,74.125.24.0-255,1484,1703,9,282206
6593,3.5e-05,172.31.36.0-255,66,1769,9,282206
6594,4.2e-05,74.125.24.0-255,2902,4671,9,282206
6595,4.5e-05,172.31.36.0-255,66,4737,9,282206
6596,5.3e-05,74.125.24.0-255,7156,11893,9,282206
6597,5.6e-05,172.31.36.0-255,66,11959,9,282206
6598,9.9e-05,74.125.24.0-255,2033,13992,9,282206
6599,0.000103,172.31.36.0-255,66,14058,9,282206
6600,0.00025,74.125.24.0-255,1484,15542,9,282206
6601,0.000254,172.31.36.0-255,66,15608,9,282206
6602,0.000261,74.125.24.0-255,2902,18510,9,282206
6603,0.000264,172.31.36.0-255,66,18576,9,282206
6604,0.000269,74.125.24.0-255,2902,21478,9,282206
6605,0.000272,172.31.36.0-255,66,21544,9,282206
6606,0.000291,74.125.24.0-255,2902,24446,9,282206
6607,0.000293,172.31.36.0-255,66,24512,9,282206
6608,0.000316,74.125.24.0-255,1484,25996,9,282206
6609,0.000318,172.31.36.0-255,66,26062,9,282206
6610,0.000344,74.125.24.0-255,5379,31441,9,282206
6611,0.000347,172.31.36.0-255,66,31507,9,282206
6612,0.00038,74.125.24.0-255,1484,32991,9,282206
6613,0.000382,172.31.36.0-255,66,33057,9,282206
6614,0.000405,74.125.24.0-255,5738,38795,9,282206
6615,0.000408,172.31.36.0-255,66,38861,9,282206
6616,0.00045,74.125.24.0-255,4320,43181,9,282206
6617,0.000453,172.31.36.0-255,66,43247,9,282206
6618,0.000471,74.125.24.0-255,5379,48626,9,282206
6619,0.000474,172.31.36.0-255,66,48692,9,282206
6620,0.000612,74.125.24.0-255,1484,50176,9,282206
6621,0.000617,172.31.36.0-255,66,50242,9,282206
6622,0.000623,74.125.24.0-255,2902,53144,9,282206
6623,0.000625,172.31.36.0-255,66,53210,9,282206
6624,0.000633,74.125.24.0-255,5738,58948,9,282206
6625,0.000635,172.31.36.0-255,66,59014,9,282206
6626,0.000664,74.125.24.0-255,1484,60498,9,282206
6627,0.000688,74.125.24.0-255,5959,66457,9,282206
6628,0.000692,172.31.36.0-255,66,66523,9,282206
6629,0.000846,74.125.24.0-255,1484,68007,9,282206
6630,0.000861,74.125.24.0-255,2902,70909,9,282206
6631,0.000865,172.31.36.0-255,66,70975,9,282206
6632,0.000903,74.125.24.0-255,5738,76713,9,282206
6633,0.000906,172.31.36.0-255,66,76779,9,282206
6634,0.000926,74.125.24.0-255,6248,83027,9,282206
6635,0.000929,172.31.36.0-255,66,83093,9,282206
6636,0.001487,74.125.24.0-255,1484,84577,9,282206
6637,0.001496,74.125.24.0-255,2902,87479,9,282206
6638,0.001501,172.31.36.0-255,66,87545,9,282206
6639,0.001507,74.125.24.0-255,2902,90447,9,282206
6640,0.001509,172.31.36.0-255,66,90513,9,282206
6641,0.001523,74.125.24.0-255,2902,93415,9,282206
6642,0.001525,172.31.36.0-255,66,93481,9,282206
6643,0.001561,74.125.24.0-255,5738,99219,9,282206
6644,0.001564,172.31.36.0-255,66,99285,9,282206
6645,0.001581,74.125.24.0-255,2902,102187,9,282206
6646,0.001583,172.31.36.0-255,66,102253,9,282206
6647,0.001628,74.125.24.0-255,4320,106573,9,282206
6648,0.00163,172.31.36.0-255,66,106639,9,282206
6649,0.001654,172.31.36.0-255,66,106705,9,282206
6650,0.001785,74.125.24.0-255,7156,113861,9,282206
6651,0.001789,172.31.36.0-255,66,113927,9,282206
6652,0.00181,74.125.24.0-255,4320,118247,9,282206
6653,0.001813,172.31.36.0-255,66,118313,9,282206
6654,0.001861,74.125.24.0-255,5738,124051,9,282206
6655,0.001865,172.31.36.0-255,66,124117,9,282206
6656,0.001885,74.125.24.0-255,6797,130914,9,282206
6657,0.001888,172.31.36.0-255,66,130980,9,282206
6658,0.00199,172.31.36.0-255,66,131046,9,282206
6659,0.002019,172.31.36.0-255,66,131112,9,282206
6660,0.002036,74.125.24.0-255,2902,134014,9,282206
6661,0.002038,172.31.36.0-255,66,134080,9,282206
6662,0.002187,74.125.24.0-255,766,134846,9,282206
6663,0.002205,74.125.24.0-255,1484,136330,9,282206
6664,0.002209,172.31.36.0-255,66,136396,9,282206
6665,0.002216,74.125.24.0-255,4320,140716,9,282206
6666,0.002219,172.31.36.0-255,66,140782,9,282206
6667,0.00226,74.125.24.0-255,7156,147938,9,282206
6668,0.002264,172.31.36.0-255,66,148004,9,282206
6669,0.002279,74.125.24.0-255,2902,150906,9,282206
6670,0.002281,172.31.36.0-255,66,150972,9,282206
6671,0.002346,74.125.24.0-255,4320,155292,9,282206
6672,0.00235,172.31.36.0-255,66,155358,9,282206
6673,0.00241,172.31.36.0-255,66,155424,9,282206
6674,0.002427,74.125.24.0-255,5020,160444,9,282206
6675,0.002429,172.31.36.0-255,66,160510,9,282206
6676,0.002532,74.125.24.0-255,7156,167666,9,282206
6677,0.002537,172.31.36.0-255,66,167732,9,282206
6678,0.002578,172.31.36.0-255,66,167798,9,282206
6679,0.002772,74.125.24.0-255,766,168564,9,282206
6680,0.002794,74.125.24.0-255,5738,174302,9,282206
6681,0.002927,74.125.24.0-255,2902,177204,9,282206
6682,0.003354,74.125.24.0-255,4320,181524,9,282206
6683,0.00337,74.125.24.0-255,4320,185844,9,282206
6684,0.003496,74.125.24.0-255,2902,188746,9,282206
6685,0.005024,172.31.36.0-255,66,188812,9,282206
6686,0.007643,74.125.24.0-255,5738,194550,9,282206
6687,0.007651,172.31.36.0-255,66,194616,9,282206
6688,0.010254,74.125.24.0-255,5738,200354,9,282206
6689,0.010261,172.31.36.0-255,66,200420,9,282206
6690,0.01283,74.125.24.0-255,5738,206158,9,282206
6691,0.012837,172.31.36.0-255,66,206224,9,282206
6692,0.015481,74.125.24.0-255,5738,211962,9,282206
6693,0.01549,172.31.36.0-255,66,212028,9,282206
6694,0.018074,74.125.24.0-255,5738,217766,9,282206
6695,0.018082,172.31.36.0-255,66,217832,9,282206
6696,0.02069,74.125.24.0-255,5738,223570,9,282206
6697,0.0207,172.31.36.0-255,66,223636,9,282206
6698,0.023289,74.125.24.0-255,5738,229374,9,282206
6699,0.023299,172.31.36.0-255,66,229440,9,282206
6700,0.02593,74.125.24.0-255,5738,235178,9,282206
6701,0.025938,172.31.36.0-255,66,235244,9,282206
6702,0.028536,74.125.24.0-255,5738,240982,9,282206
6703,0.028544,172.31.36.0-255,66,241048,9,282206
6704,0.031143,74.125.24.0-255,5738,246786,9,282206
6705,0.031156,172.31.36.0-255,66,246852,9,282206
6706,0.033739,74.125.24.0-255,5738,252590,9,282206
6707,0.033748,172.31.36.0-255,66,252656,9,282206
6708,0.036312,74.125.24.0-255,5738,258394,9,282206
6709,0.036319,172.31.36.0-255,66,258460,9,282206
6710,0.038902,74.125.24.0-255,4320,262780,9,282206
6711,0.038912,172.31.36.0-255,66,262846,9,282206
6712,0.038927,74.125.24.0-255,1484,264330,9,282206
6713,0.041514,74.125.24.0-255,4320,268650,9,282206
6714,0.041523,172.31.36.0-255,66,268716,9,282206
6715,0.044174,74.125.24.0-255,3318,272034,9,282206
6716,0.04418,172.31.36.0-255,66,272100,9,282206
6717,0.044356,172.31.36.0-255,105,272205,9,282206
6718,0.046942,74.125.24.0-255,66,272271,9,282206
6719,0.056307,172.31.36.0-255,188,272459,9,282206
6720,0.05634,172.31.36.0-255,960,273419,9,282206
6721,0.056414,172.31.36.0-255,1514,274933,9,282206
6722,0.056416,172.31.36.0-255,1514,276447,9,282206
6723,0.056422,172.31.36.0-255,1514,277961,9,282206
6724,0.056423,172.31.36.0-255,1514,279475,9,282206
6725,0.056442,172.31.36.0-255,1514,280989,9,282206
6726,0.056443,172.31.36.0-255,953,281942,9,282206
6727,0.057851,104.244.42.0-255,66,282008,9,282206
6728,0.057905,104.244.42.0-255,66,282074,9,282206
6729,0.058049,104.244.42.0-255,66,282140,9,282206
6730,0.058056,104.244.42.0-255,66,282206,9,282206
6731,0.0,172.217.194.0-255,152,152,9,195156
6732,3.4e-05,172.31.36.0-255,66,218,9,195156
6733,4.1e-05,172.217.194.0-255,1484,1702,9,195156
6734,4.5e-05,172.31.36.0-255,66,1768,9,195156
6735,5e-05,172.217.194.0-255,2902,4670,9,195156
6736,5.2e-05,172.31.36.0-255,66,4736,9,195156
6737,7.7e-05,172.217.194.0-255,5738,10474,9,195156
6738,8e-05,172.31.36.0-255,66,10540,9,195156
6739,0.000116,172.217.194.0-255,3502,14042,9,195156
6740,0.000119,172.31.36.0-255,66,14108,9,195156
6741,0.00019,172.217.194.0-255,1484,15592,9,195156
6742,0.000195,172.31.36.0-255,66,15658,9,195156
6743,0.000213,172.217.194.0-255,2902,18560,9,195156
6744,0.000216,172.31.36.0-255,66,18626,9,195156
6745,0.000222,172.217.194.0-255,5738,24364,9,195156
6746,0.000224,172.31.36.0-255,66,24430,9,195156
6747,0.000254,172.217.194.0-255,6797,31227,9,195156
6748,0.000258,172.31.36.0-255,66,31293,9,195156
6749,0.000269,172.217.194.0-255,7156,38449,9,195156
6750,0.000272,172.31.36.0-255,66,38515,9,195156
6751,0.000315,172.31.36.0-255,66,38581,9,195156
6752,0.000318,172.217.194.0-255,1484,40065,9,195156
6753,0.000321,172.31.36.0-255,66,40131,9,195156
6754,0.000343,172.217.194.0-255,4320,44451,9,195156
6755,0.000346,172.31.36.0-255,66,44517,9,195156
6756,0.00038,172.217.194.0-255,5020,49537,9,195156
6757,0.000383,172.31.36.0-255,66,49603,9,195156
6758,0.000386,172.217.194.0-255,364,49967,9,195156
6759,0.000388,172.31.36.0-255,66,50033,9,195156
6760,0.000392,172.217.194.0-255,380,50413,9,195156
6761,0.000395,172.31.36.0-255,66,50479,9,195156
6762,0.00082,172.217.194.0-255,1484,51963,9,195156
6763,0.000828,172.217.194.0-255,2902,54865,9,195156
6764,0.000831,172.31.36.0-255,66,54931,9,195156
6765,0.000837,172.217.194.0-255,4320,59251,9,195156
6766,0.000839,172.31.36.0-255,66,59317,9,195156
6767,0.000862,172.217.194.0-255,1484,60801,9,195156
6768,0.000869,172.217.194.0-255,5738,66539,9,195156
6769,0.000871,172.31.36.0-255,66,66605,9,195156
6770,0.000876,172.217.194.0-255,2902,69507,9,195156
6771,0.000879,172.31.36.0-255,66,69573,9,195156
6772,0.00093,172.217.194.0-255,5020,74593,9,195156
6773,0.00093,172.31.36.0-255,66,74659,9,195156
6774,0.000934,172.31.36.0-255,66,74725,9,195156
6775,0.00096,172.217.194.0-255,1484,76209,9,195156
6776,0.000964,172.217.194.0-255,1484,77693,9,195156
6777,0.000967,172.31.36.0-255,66,77759,9,195156
6778,0.000993,172.217.194.0-255,1484,79243,9,195156
6779,0.001,172.217.194.0-255,5738,84981,9,195156
6780,0.001002,172.31.36.0-255,66,85047,9,195156
6781,0.001009,172.217.194.0-255,7156,92203,9,195156
6782,0.001011,172.31.36.0-255,66,92269,9,195156
6783,0.001055,172.217.194.0-255,4320,96589,9,195156
6784,0.001059,172.31.36.0-255,66,96655,9,195156
6785,0.001095,172.31.36.0-255,66,96721,9,195156
6786,0.001099,172.217.194.0-255,2184,98905,9,195156
6787,0.001101,172.31.36.0-255,66,98971,9,195156
6788,0.001122,172.217.194.0-255,1484,100455,9,195156
6789,0.001127,172.217.194.0-255,2902,103357,9,195156
6790,0.001135,172.31.36.0-255,66,103423,9,195156
6791,0.00114,172.217.194.0-255,4320,107743,9,195156
6792,0.001142,172.31.36.0-255,66,107809,9,195156
6793,0.001164,172.217.194.0-255,1484,109293,9,195156
6794,0.00118,172.31.36.0-255,66,109359,9,195156
6795,0.001204,172.217.194.0-255,4320,113679,9,195156
6796,0.001207,172.31.36.0-255,66,113745,9,195156
6797,0.001212,172.217.194.0-255,2902,116647,9,195156
6798,0.001214,172.31.36.0-255,66,116713,9,195156
6799,0.001255,172.31.36.0-255,66,116779,9,195156
6800,0.001319,172.217.194.0-255,1484,118263,9,195156
6801,0.001324,172.217.194.0-255,2902,121165,9,195156
6802,0.001327,172.31.36.0-255,66,121231,9,195156
6803,0.001333,172.217.194.0-255,5738,126969,9,195156
6804,0.001336,172.31.36.0-255,66,127035,9,195156
6805,0.001355,172.31.36.0-255,66,127101,9,195156
6806,0.0014,172.31.36.0-255,66,127167,9,195156
6807,0.00143,172.217.194.0-255,4320,131487,9,195156
6808,0.001434,172.31.36.0-255,66,131553,9,195156
6809,0.00144,172.217.194.0-255,5738,137291,9,195156
6810,0.001442,172.31.36.0-255,66,137357,9,195156
6811,0.001492,172.31.36.0-255,66,137423,9,195156
6812,0.001511,172.31.36.0-255,66,137489,9,195156
6813,0.001537,172.217.194.0-255,1484,138973,9,195156
6814,0.001541,172.217.194.0-255,2902,141875,9,195156
6815,0.001544,172.31.36.0-255,66,141941,9,195156
6816,0.001549,172.217.194.0-255,5738,147679,9,195156
6817,0.001552,172.31.36.0-255,66,147745,9,195156
6818,0.001596,172.31.36.0-255,66,147811,9,195156
6819,0.001639,172.31.36.0-255,66,147877,9,195156
6820,0.001644,172.217.194.0-255,4320,152197,9,195156
6821,0.001646,172.31.36.0-255,66,152263,9,195156
6822,0.001692,172.31.36.0-255,66,152329,9,195156
6823,0.001708,172.31.36.0-255,66,152395,9,195156
6824,0.001758,172.31.36.0-255,66,152461,9,195156
6825,0.001798,172.31.36.0-255,66,152527,9,195156
6826,0.001802,172.217.194.0-255,1484,154011,9,195156
6827,0.001806,172.217.194.0-255,2902,156913,9,195156
6828,0.001808,172.31.36.0-255,66,156979,9,195156
6829,0.00182,172.217.194.0-255,5738,162717,9,195156
6830,0.001824,172.31.36.0-255,66,162783,9,195156
6831,0.001861,172.217.194.0-255,7156,169939,9,195156
6832,0.001864,172.31.36.0-255,66,170005,9,195156
6833,0.001892,172.217.194.0-255,2902,172907,9,195156
6834,0.0019,172.31.36.0-255,66,172973,9,195156
6835,0.001913,172.31.36.0-255,66,173039,9,195156
6836,0.002207,172.217.194.0-255,1484,174523,9,195156
6837,0.002214,172.217.194.0-255,2902,177425,9,195156
6838,0.002219,172.31.36.0-255,66,177491,9,195156
6839,0.00225,172.217.194.0-255,5738,183229,9,195156
6840,0.002254,172.31.36.0-255,66,183295,9,195156
6841,0.002298,172.31.36.0-255,66,183361,9,195156
6842,0.002305,172.217.194.0-255,7156,190517,9,195156
6843,0.002307,172.31.36.0-255,66,190583,9,195156
6844,0.002366,172.31.36.0-255,66,190649,9,195156
6845,0.002371,172.217.194.0-255,2551,193200,9,195156
6846,0.002373,172.31.36.0-255,66,193266,9,195156
6847,0.002413,172.217.194.0-255,105,193371,9,195156
6848,0.010795,172.31.36.0-255,66,193437,9,195156
6849,0.010825,172.31.36.0-255,105,193542,9,195156
6850,0.013387,172.217.194.0-255,66,193608,9,195156
6851,0.037759,172.31.36.0-255,172,193780,9,195156
6852,0.037817,172.31.36.0-255,1070,194850,9,195156
6853,0.039269,104.244.42.0-255,66,194916,9,195156
6854,0.039338,104.244.42.0-255,66,194982,9,195156
6855,0.039908,104.244.42.0-255,108,195090,9,195156
6856,0.039915,172.31.36.0-255,66,195156,9,195156
6857,0.0,172.31.36.0-255,105,105,9,276
6858,0.002102,157.240.13.0-255,105,210,9,276
6859,0.002117,172.31.36.0-255,66,276,9,276
6860,0.0,74.125.24.0-255,146,146,9,343982
6861,2.5e-05,172.31.36.0-255,66,212,9,343982
6862,3.3e-05,74.125.24.0-255,1484,1696,9,343982
6863,3.8e-05,172.31.36.0-255,66,1762,9,343982
6864,4.4e-05,74.125.24.0-255,2902,4664,9,343982
6865,4.7e-05,172.31.36.0-255,66,4730,9,343982
6866,5.2e-05,74.125.24.0-255,2902,7632,9,343982
6867,5.4e-05,172.31.36.0-255,66,7698,9,343982
6868,6.1e-05,74.125.24.0-255,4320,12018,9,343982
6869,6.4e-05,172.31.36.0-255,66,12084,9,343982
6870,7.5e-05,172.31.36.0-255,66,12150,9,343982
6871,8e-05,74.125.24.0-255,4320,16470,9,343982
6872,8.3e-05,172.31.36.0-255,66,16536,9,343982
6873,0.000121,74.125.24.0-255,5379,21915,9,343982
6874,0.000124,172.31.36.0-255,66,21981,9,343982
6875,0.000308,74.125.24.0-255,1484,23465,9,343982
6876,0.000313,172.31.36.0-255,66,23531,9,343982
6877,0.000344,74.125.24.0-255,1484,25015,9,343982
6878,0.000347,172.31.36.0-255,66,25081,9,343982
6879,0.000352,74.125.24.0-255,2902,27983,9,343982
6880,0.000355,172.31.36.0-255,66,28049,9,343982
6881,0.000381,74.125.24.0-255,5738,33787,9,343982
6882,0.000385,172.31.36.0-255,66,33853,9,343982
6883,0.00039,74.125.24.0-255,4320,38173,9,343982
6884,0.000392,172.31.36.0-255,66,38239,9,343982
6885,0.000415,74.125.24.0-255,2902,41141,9,343982
6886,0.000417,172.31.36.0-255,66,41207,9,343982
6887,0.000448,172.31.36.0-255,66,41273,9,343982
6888,0.000451,74.125.24.0-255,1484,42757,9,343982
6889,0.000453,172.31.36.0-255,66,42823,9,343982
6890,0.000489,74.125.24.0-255,3961,46784,9,343982
6891,0.000492,172.31.36.0-255,66,46850,9,343982
6892,0.000619,74.125.24.0-255,647,47497,9,343982
6893,0.000723,74.125.24.0-255,1484,48981,9,343982
6894,0.000727,172.31.36.0-255,66,49047,9,343982
6895,0.000733,74.125.24.0-255,2902,51949,9,343982
6896,0.000735,172.31.36.0-255,66,52015,9,343982
6897,0.000751,74.125.24.0-255,5738,57753,9,343982
6898,0.000753,172.31.36.0-255,66,57819,9,343982
6899,0.000782,74.125.24.0-255,6797,64616,9,343982
6900,0.000786,172.31.36.0-255,66,64682,9,343982
6901,0.000798,74.125.24.0-255,4320,69002,9,343982
6902,0.0008,172.31.36.0-255,66,69068,9,343982
6903,0.000815,74.125.24.0-255,2902,71970,9,343982
6904,0.000818,172.31.36.0-255,66,72036,9,343982
6905,0.000822,74.125.24.0-255,2902,74938,9,343982
6906,0.000824,172.31.36.0-255,66,75004,9,343982
6907,0.00085,74.125.24.0-255,6797,81801,9,343982
6908,0.000853,172.31.36.0-255,66,81867,9,343982
6909,0.001291,74.125.24.0-255,1484,83351,9,343982
6910,0.001297,74.125.24.0-255,2902,86253,9,343982
6911,0.001301,172.31.36.0-255,66,86319,9,343982
6912,0.001327,74.125.24.0-255,5738,92057,9,343982
6913,0.00133,172.31.36.0-255,66,92123,9,343982
6914,0.001337,74.125.24.0-255,5738,97861,9,343982
6915,0.001339,172.31.36.0-255,66,97927,9,343982
6916,0.001361,74.125.24.0-255,7156,105083,9,343982
6917,0.001363,172.31.36.0-255,66,105149,9,343982
6918,0.001402,172.31.36.0-255,66,105215,9,343982
6919,0.00144,172.31.36.0-255,66,105281,9,343982
6920,0.001469,74.125.24.0-255,2902,108183,9,343982
6921,0.001472,172.31.36.0-255,66,108249,9,343982
6922,0.001493,172.31.36.0-255,66,108315,9,343982
6923,0.001505,172.31.36.0-255,66,108381,9,343982
6924,0.001514,74.125.24.0-255,7156,115537,9,343982
6925,0.001516,172.31.36.0-255,66,115603,9,343982
6926,0.001535,74.125.24.0-255,4320,119923,9,343982
6927,0.001538,172.31.36.0-255,66,119989,9,343982
6928,0.001552,172.31.36.0-255,66,120055,9,343982
6929,0.003911,74.125.24.0-255,5738,125793,9,343982
6930,0.003918,172.31.36.0-255,66,125859,9,343982
6931,0.006269,74.125.24.0-255,5738,131597,9,343982
6932,0.006275,172.31.36.0-255,66,131663,9,343982
6933,0.008644,74.125.24.0-255,5738,137401,9,343982
6934,0.008651,172.31.36.0-255,66,137467,9,343982
6935,0.010983,74.125.24.0-255,5738,143205,9,343982
6936,0.010992,172.31.36.0-255,66,143271,9,343982
6937,0.013339,74.125.24.0-255,5738,149009,9,343982
6938,0.013348,172.31.36.0-255,66,149075,9,343982
6939,0.015719,74.125.24.0-255,5738,154813,9,343982
6940,0.015729,172.31.36.0-255,66,154879,9,343982
6941,0.018096,74.125.24.0-255,4320,159199,9,343982
6942,0.018101,172.31.36.0-255,66,159265,9,343982
6943,0.018119,74.125.24.0-255,1484,160749,9,343982
6944,0.020463,74.125.24.0-255,4320,165069,9,343982
6945,0.02047,172.31.36.0-255,66,165135,9,343982
6946,0.02282,74.125.24.0-255,5738,170873,9,343982
6947,0.02283,172.31.36.0-255,66,170939,9,343982
6948,0.025171,74.125.24.0-255,5738,176677,9,343982
6949,0.025182,172.31.36.0-255,66,176743,9,343982
6950,0.027515,74.125.24.0-255,5738,182481,9,343982
6951,0.027523,172.31.36.0-255,66,182547,9,343982
6952,0.029885,74.125.24.0-255,5738,188285,9,343982
6953,0.029892,172.31.36.0-255,66,188351,9,343982
6954,0.032242,74.125.24.0-255,5738,194089,9,343982
6955,0.032249,172.31.36.0-255,66,194155,9,343982
6956,0.034597,74.125.24.0-255,4320,198475,9,343982
6957,0.034605,172.31.36.0-255,66,198541,9,343982
6958,0.034622,74.125.24.0-255,1484,200025,9,343982
6959,0.03696,74.125.24.0-255,4320,204345,9,343982
6960,0.036968,172.31.36.0-255,66,204411,9,343982
6961,0.03933,74.125.24.0-255,5738,210149,9,343982
6962,0.039338,172.31.36.0-255,66,210215,9,343982
6963,0.041696,74.125.24.0-255,5738,215953,9,343982
6964,0.041706,172.31.36.0-255,66,216019,9,343982
6965,0.044051,74.125.24.0-255,5738,221757,9,343982
6966,0.044058,172.31.36.0-255,66,221823,9,343982
6967,0.046443,74.125.24.0-255,5738,227561,9,343982
6968,0.046455,172.31.36.0-255,66,227627,9,343982
6969,0.048829,74.125.24.0-255,5738,233365,9,343982
6970,0.048844,172.31.36.0-255,66,233431,9,343982
6971,0.05063,172.31.36.0-255,172,233603,9,343982
6972,0.050664,172.31.36.0-255,1118,234721,9,343982
6973,0.050738,172.31.36.0-255,1514,236235,9,343982
6974,0.05074,172.31.36.0-255,1514,237749,9,343982
6975,0.050764,172.31.36.0-255,1130,238879,9,343982
6976,0.051179,74.125.24.0-255,5738,244617,9,343982
6977,0.051187,172.31.36.0-255,66,244683,9,343982
6978,0.052192,104.244.42.0-255,66,244749,9,343982
6979,0.052233,104.244.42.0-255,66,244815,9,343982
6980,0.052276,104.244.42.0-255,66,244881,9,343982
6981,0.052368,104.244.42.0-255,66,244947,9,343982
6982,0.053547,74.125.24.0-255,5738,250685,9,343982
6983,0.053554,172.31.36.0-255,66,250751,9,343982
6984,0.05592,74.125.24.0-255,5738,256489,9,343982
6985,0.055928,172.31.36.0-255,66,256555,9,343982
6986,0.058281,74.125.24.0-255,5738,262293,9,343982
6987,0.058289,172.31.36.0-255,66,262359,9,343982
6988,0.060658,74.125.24.0-255,5738,268097,9,343982
6989,0.060665,172.31.36.0-255,66,268163,9,343982
6990,0.06301,74.125.24.0-255,5738,273901,9,343982
6991,0.063017,172.31.36.0-255,66,273967,9,343982
6992,0.065392,74.125.24.0-255,5738,279705,9,343982
6993,0.065399,172.31.36.0-255,66,279771,9,343982
6994,0.067755,74.125.24.0-255,5738,285509,9,343982
6995,0.067762,172.31.36.0-255,66,285575,9,343982
6996,0.070098,74.125.24.0-255,5738,291313,9,343982
6997,0.070103,172.31.36.0-255,66,291379,9,343982
6998,0.072452,74.125.24.0-255,5738,297117,9,343982
6999,0.072459,172.31.36.0-255,66,297183,9,343982
7000,0.074788,74.125.24.0-255,5738,302921,9,343982
7001,0.074798,172.31.36.0-255,66,302987,9,343982
7002,0.077159,74.125.24.0-255,5738,308725,9,343982
7003,0.077165,172.31.36.0-255,66,308791,9,343982
7004,0.079545,74.125.24.0-255,5738,314529,9,343982
7005,0.079552,172.31.36.0-255,66,314595,9,343982
7006,0.081945,74.125.24.0-255,5738,320333,9,343982
7007,0.081953,172.31.36.0-255,66,320399,9,343982
7008,0.084301,74.125.24.0-255,5738,326137,9,343982
7009,0.084308,172.31.36.0-255,66,326203,9,343982
7010,0.086661,74.125.24.0-255,5738,331941,9,343982
7011,0.086668,172.31.36.0-255,66,332007,9,343982
7012,0.089022,74.125.24.0-255,5738,337745,9,343982
7013,0.089029,172.31.36.0-255,66,337811,9,343982
7014,0.091391,74.125.24.0-255,5738,343549,9,343982
7015,0.091398,172.31.36.0-255,66,343615,9,343982
7016,0.093727,74.125.24.0-255,130,343745,9,343982
7017,0.093842,172.31.36.0-255,66,343811,9,343982
7018,0.093881,172.31.36.0-255,105,343916,9,343982
7019,0.096191,74.125.24.0-255,66,343982,9,343982
7020,0.0,74.125.24.0-255,153,153,9,224579
7021,2e-05,172.31.36.0-255,66,219,9,224579
7022,2.8e-05,74.125.24.0-255,1484,1703,9,224579
7023,3.3e-05,172.31.36.0-255,66,1769,9,224579
7024,4.9e-05,74.125.24.0-255,2902,4671,9,224579
7025,5.2e-05,172.31.36.0-255,66,4737,9,224579
7026,5.9e-05,74.125.24.0-255,4320,9057,9,224579
7027,6.2e-05,172.31.36.0-255,66,9123,9,224579
7028,6.5e-05,74.125.24.0-255,1484,10607,9,224579
7029,6.7e-05,172.31.36.0-255,66,10673,9,224579
7030,9.5e-05,74.125.24.0-255,3430,14103,9,224579
7031,9.9e-05,172.31.36.0-255,66,14169,9,224579
7032,0.000106,74.125.24.0-255,5738,19907,9,224579
7033,0.000108,172.31.36.0-255,66,19973,9,224579
7034,0.000153,172.31.36.0-255,66,20039,9,224579
7035,0.000348,74.125.24.0-255,1484,21523,9,224579
7036,0.000353,172.31.36.0-255,66,21589,9,224579
7037,0.00036,74.125.24.0-255,2902,24491,9,224579
7038,0.000363,172.31.36.0-255,66,24557,9,224579
7039,0.000375,74.125.24.0-255,5738,30295,9,224579
7040,0.000378,172.31.36.0-255,66,30361,9,224579
7041,0.000382,74.125.24.0-255,2902,33263,9,224579
7042,0.000385,172.31.36.0-255,66,33329,9,224579
7043,0.000427,172.31.36.0-255,66,33395,9,224579
7044,0.000433,74.125.24.0-255,4320,37715,9,224579
7045,0.000436,172.31.36.0-255,66,37781,9,224579
7046,0.000442,74.125.24.0-255,5379,43160,9,224579
7047,0.00045,172.31.36.0-255,66,43226,9,224579
7048,0.000473,74.125.24.0-255,412,43638,9,224579
7049,0.00048,172.31.36.0-255,66,43704,9,224579
7050,0.000606,74.125.24.0-255,333,44037,9,224579
7051,0.00101,74.125.24.0-255,1484,45521,9,224579
7052,0.001015,172.31.36.0-255,66,45587,9,224579
7053,0.001021,74.125.24.0-255,2902,48489,9,224579
7054,0.001023,172.31.36.0-255,66,48555,9,224579
7055,0.001055,74.125.24.0-255,4320,52875,9,224579
7056,0.001058,74.125.24.0-255,1484,54359,9,224579
7057,0.001078,74.125.24.0-255,4320,58679,9,224579
7058,0.001082,172.31.36.0-255,66,58745,9,224579
7059,0.001087,172.31.36.0-255,66,58811,9,224579
7060,0.001143,74.125.24.0-255,2902,61713,9,224579
7061,0.001147,172.31.36.0-255,66,61779,9,224579
7062,0.00116,74.125.24.0-255,6438,68217,9,224579
7063,0.00117,172.31.36.0-255,66,68283,9,224579
7064,0.001201,74.125.24.0-255,5738,74021,9,224579
7065,0.001209,74.125.24.0-255,7156,81177,9,224579
7066,0.001219,172.31.36.0-255,66,81243,9,224579
7067,0.001251,74.125.24.0-255,6438,87681,9,224579
7068,0.00129,74.125.24.0-255,2902,90583,9,224579
7069,0.001297,74.125.24.0-255,4320,94903,9,224579
7070,0.00133,74.125.24.0-255,1484,96387,9,224579
7071,0.001344,172.31.36.0-255,66,96453,9,224579
7072,0.001353,74.125.24.0-255,7156,103609,9,224579
7073,0.001374,74.125.24.0-255,766,104375,9,224579
7074,0.001387,172.31.36.0-255,66,104441,9,224579
7075,0.001436,74.125.24.0-255,1484,105925,9,224579
7076,0.001439,74.125.24.0-255,1484,107409,9,224579
7077,0.001457,74.125.24.0-255,1484,108893,9,224579
7078,0.001462,74.125.24.0-255,2902,111795,9,224579
7079,0.001471,172.31.36.0-255,66,111861,9,224579
7080,0.001481,74.125.24.0-255,2902,114763,9,224579
7081,0.001486,74.125.24.0-255,2902,117665,9,224579
7082,0.001503,172.31.36.0-255,66,117731,9,224579
7083,0.00151,74.125.24.0-255,4320,122051,9,224579
7084,0.001517,74.125.24.0-255,7156,129207,9,224579
7085,0.001531,74.125.24.0-255,1484,130691,9,224579
7086,0.001547,74.125.24.0-255,4320,135011,9,224579
7087,0.001562,74.125.24.0-255,3602,138613,9,224579
7088,0.001571,172.31.36.0-255,66,138679,9,224579
7089,0.001692,74.125.24.0-255,1484,140163,9,224579
7090,0.001699,74.125.24.0-255,2902,143065,9,224579
7091,0.001705,74.125.24.0-255,5738,148803,9,224579
7092,0.001752,172.31.36.0-255,66,148869,9,224579
7093,0.001803,74.125.24.0-255,1484,150353,9,224579
7094,0.001809,74.125.24.0-255,2902,153255,9,224579
7095,0.001815,74.125.24.0-255,5738,158993,9,224579
7096,0.001833,74.125.24.0-255,7156,166149,9,224579
7097,0.001852,74.125.24.0-255,5738,171887,9,224579
7098,0.001882,172.31.36.0-255,66,171953,9,224579
7099,0.001906,74.125.24.0-255,1484,173437,9,224579
7100,0.001942,74.125.24.0-255,1484,174921,9,224579
7101,0.001947,172.31.36.0-255,66,174987,9,224579
7102,0.002003,172.31.36.0-255,66,175053,9,224579
7103,0.002011,74.125.24.0-255,1484,176537,9,224579
7104,0.002015,74.125.24.0-255,2902,179439,9,224579
7105,0.002029,172.31.36.0-255,66,179505,9,224579
7106,0.002035,74.125.24.0-255,4320,183825,9,224579
7107,0.002055,74.125.24.0-255,1484,185309,9,224579
7108,0.00206,74.125.24.0-255,4320,189629,9,224579
7109,0.002073,74.125.24.0-255,1484,191113,9,224579
7110,0.002133,74.125.24.0-255,1484,192597,9,224579
7111,0.002138,172.31.36.0-255,66,192663,9,224579
7112,0.002156,74.125.24.0-255,6438,199101,9,224579
7113,0.002172,172.31.36.0-255,66,199167,9,224579
7114,0.002193,74.125.24.0-255,1484,200651,9,224579
7115,0.002198,74.125.24.0-255,2902,203553,9,224579
7116,0.002214,74.125.24.0-255,5738,209291,9,224579
7117,0.002222,172.31.36.0-255,66,209357,9,224579
7118,0.002233,74.125.24.0-255,4320,213677,9,224579
7119,0.002243,172.31.36.0-255,66,213743,9,224579
7120,0.002291,172.31.36.0-255,66,213809,9,224579
7121,0.002302,74.125.24.0-255,2902,216711,9,224579
7122,0.00232,172.31.36.0-255,66,216777,9,224579
7123,0.002369,74.125.24.0-255,1484,218261,9,224579
7124,0.002387,74.125.24.0-255,97,218358,9,224579
7125,0.002392,172.31.36.0-255,66,218424,9,224579
7126,0.003884,172.31.36.0-255,101,218525,9,224579
7127,0.004695,74.125.24.0-255,105,218630,9,224579
7128,0.004879,172.31.36.0-255,105,218735,9,224579
7129,0.006209,74.125.24.0-255,66,218801,9,224579
7130,0.007149,74.125.24.0-255,66,218867,9,224579
7131,0.044535,172.31.36.0-255,172,219039,9,224579
7132,0.044568,172.31.36.0-255,1118,220157,9,224579
7133,0.044652,172.31.36.0-255,1514,221671,9,224579
7134,0.044654,172.31.36.0-255,1514,223185,9,224579
7135,0.044678,172.31.36.0-255,1130,224315,9,224579
7136,0.046099,104.244.42.0-255,66,224381,9,224579
7137,0.04611,104.244.42.0-255,66,224447,9,224579
7138,0.046234,104.244.42.0-255,66,224513,9,224579
7139,0.04624,104.244.42.0-255,66,224579,9,224579
7140,0.0,172.217.194.0-255,153,153,9,307289
7141,3.7e-05,172.31.36.0-255,66,219,9,307289
7142,4.4e-05,172.217.194.0-255,1484,1703,9,307289
7143,4.8e-05,172.31.36.0-255,66,1769,9,307289
7144,5.2e-05,172.217.194.0-255,2902,4671,9,307289
7145,5.5e-05,172.31.36.0-255,66,4737,9,307289
7146,6.2e-05,172.217.194.0-255,7156,11893,9,307289
7147,6.5e-05,172.31.36.0-255,66,11959,9,307289
7148,7.5e-05,172.31.36.0-255,66,12025,9,307289
7149,0.000111,172.217.194.0-255,7156,19181,9,307289
7150,0.000114,172.31.36.0-255,66,19247,9,307289
7151,0.000132,172.217.194.0-255,3961,23208,9,307289
7152,0.000134,172.31.36.0-255,66,23274,9,307289
7153,0.000165,172.217.194.0-255,1484,24758,9,307289
7154,0.000167,172.31.36.0-255,66,24824,9,307289
7155,0.000172,172.217.194.0-255,1484,26308,9,307289
7156,0.000174,172.31.36.0-255,66,26374,9,307289
7157,0.000196,172.217.194.0-255,1484,27858,9,307289
7158,0.000199,172.31.36.0-255,66,27924,9,307289
7159,0.000207,172.217.194.0-255,5738,33662,9,307289
7160,0.00021,172.31.36.0-255,66,33728,9,307289
7161,0.000217,172.217.194.0-255,6797,40525,9,307289
7162,0.000219,172.31.36.0-255,66,40591,9,307289
7163,0.000254,172.31.36.0-255,66,40657,9,307289
7164,0.000258,172.217.194.0-255,2795,43452,9,307289
7165,0.00026,172.31.36.0-255,66,43518,9,307289
7166,0.000305,172.217.194.0-255,118,43636,9,307289
7167,0.000309,172.31.36.0-255,66,43702,9,307289
7168,0.000328,172.217.194.0-255,383,44085,9,307289
7169,0.000331,172.31.36.0-255,66,44151,9,307289
7170,0.000803,172.217.194.0-255,1484,45635,9,307289
7171,0.000809,172.217.194.0-255,2902,48537,9,307289
7172,0.000813,172.31.36.0-255,66,48603,9,307289
7173,0.000837,172.217.194.0-255,5738,54341,9,307289
7174,0.000839,172.31.36.0-255,66,54407,9,307289
7175,0.000869,172.31.36.0-255,66,54473,9,307289
7176,0.000876,172.217.194.0-255,5738,60211,9,307289
7177,0.000878,172.31.36.0-255,66,60277,9,307289
7178,0.000896,172.217.194.0-255,5020,65297,9,307289
7179,0.000898,172.31.36.0-255,66,65363,9,307289
7180,0.002286,172.217.194.0-255,1484,66847,9,307289
7181,0.002297,172.217.194.0-255,2902,69749,9,307289
7182,0.002301,172.31.36.0-255,66,69815,9,307289
7183,0.002308,172.217.194.0-255,5738,75553,9,307289
7184,0.00231,172.31.36.0-255,66,75619,9,307289
7185,0.002344,172.31.36.0-255,66,75685,9,307289
7186,0.002355,172.31.36.0-255,66,75751,9,307289
7187,0.002398,172.217.194.0-255,766,76517,9,307289
7188,0.002431,172.217.194.0-255,1484,78001,9,307289
7189,0.002433,172.31.36.0-255,66,78067,9,307289
7190,0.002437,172.217.194.0-255,2902,80969,9,307289
7191,0.002439,172.31.36.0-255,66,81035,9,307289
7192,0.002455,172.217.194.0-255,5738,86773,9,307289
7193,0.002457,172.31.36.0-255,66,86839,9,307289
7194,0.0025,172.31.36.0-255,66,86905,9,307289
7195,0.002507,172.217.194.0-255,5738,92643,9,307289
7196,0.002509,172.31.36.0-255,66,92709,9,307289
7197,0.002521,172.217.194.0-255,1484,94193,9,307289
7198,0.002545,172.217.194.0-255,3602,97795,9,307289
7199,0.002547,172.31.36.0-255,66,97861,9,307289
7200,0.005102,172.217.194.0-255,5738,103599,9,307289
7201,0.005109,172.31.36.0-255,66,103665,9,307289
7202,0.007686,172.217.194.0-255,5738,109403,9,307289
7203,0.007692,172.31.36.0-255,66,109469,9,307289
7204,0.010259,172.217.194.0-255,5738,115207,9,307289
7205,0.010266,172.31.36.0-255,66,115273,9,307289
7206,0.012846,172.217.194.0-255,5738,121011,9,307289
7207,0.012853,172.31.36.0-255,66,121077,9,307289
7208,0.015447,172.217.194.0-255,5738,126815,9,307289
7209,0.015458,172.31.36.0-255,66,126881,9,307289
7210,0.018057,172.217.194.0-255,5738,132619,9,307289
7211,0.018072,172.31.36.0-255,66,132685,9,307289
7212,0.020694,172.217.194.0-255,1484,134169,9,307289
7213,0.020728,172.217.194.0-255,4320,138489,9,307289
7214,0.020734,172.31.36.0-255,66,138555,9,307289
7215,0.023308,172.217.194.0-255,5738,144293,9,307289
7216,0.023316,172.31.36.0-255,66,144359,9,307289
7217,0.025883,172.217.194.0-255,5738,150097,9,307289
7218,0.025892,172.31.36.0-255,66,150163,9,307289
7219,0.028481,172.217.194.0-255,5738,155901,9,307289
7220,0.02849,172.31.36.0-255,66,155967,9,307289
7221,0.031041,172.217.194.0-255,5738,161705,9,307289
7222,0.031049,172.31.36.0-255,66,161771,9,307289
7223,0.033574,172.31.36.0-255,172,161943,9,307289
7224,0.033634,172.217.194.0-255,5738,167681,9,307289
7225,0.033639,172.31.36.0-255,66,167747,9,307289
7226,0.033644,172.31.36.0-255,1070,168817,9,307289
7227,0.035103,104.244.42.0-255,66,168883,9,307289
7228,0.035204,104.244.42.0-255,66,168949,9,307289
7229,0.036198,172.217.194.0-255,5738,174687,9,307289
7230,0.036203,172.31.36.0-255,66,174753,9,307289
7231,0.038772,172.217.194.0-255,5738,180491,9,307289
7232,0.038778,172.31.36.0-255,66,180557,9,307289
7233,0.041347,172.217.194.0-255,4320,184877,9,307289
7234,0.041354,172.31.36.0-255,66,184943,9,307289
7235,0.041372,172.217.194.0-255,1484,186427,9,307289
7236,0.043968,172.217.194.0-255,4320,190747,9,307289
7237,0.043973,172.31.36.0-255,66,190813,9,307289
7238,0.046549,172.217.194.0-255,5738,196551,9,307289
7239,0.046554,172.31.36.0-255,66,196617,9,307289
7240,0.049124,172.217.194.0-255,5738,202355,9,307289
7241,0.049129,172.31.36.0-255,66,202421,9,307289
7242,0.05168,172.217.194.0-255,5738,208159,9,307289
7243,0.051685,172.31.36.0-255,66,208225,9,307289
7244,0.054237,172.217.194.0-255,5738,213963,9,307289
7245,0.054241,172.31.36.0-255,66,214029,9,307289
7246,0.056805,172.217.194.0-255,5738,219767,9,307289
7247,0.05681,172.31.36.0-255,66,219833,9,307289
7248,0.059364,172.217.194.0-255,4320,224153,9,307289
7249,0.059369,172.31.36.0-255,66,224219,9,307289
7250,0.0594,172.217.194.0-255,1484,225703,9,307289
7251,0.061931,172.217.194.0-255,4320,230023,9,307289
7252,0.061935,172.31.36.0-255,66,230089,9,307289
7253,0.064479,172.217.194.0-255,5738,235827,9,307289
7254,0.064484,172.31.36.0-255,66,235893,9,307289
7255,0.067022,172.217.194.0-255,5738,241631,9,307289
7256,0.067028,172.31.36.0-255,66,241697,9,307289
7257,0.069651,172.217.194.0-255,5738,247435,9,307289
7258,0.069656,172.31.36.0-255,66,247501,9,307289
7259,0.072249,172.217.194.0-255,5738,253239,9,307289
7260,0.072256,172.31.36.0-255,66,253305,9,307289
7261,0.07482,172.217.194.0-255,5738,259043,9,307289
7262,0.074826,172.31.36.0-255,66,259109,9,307289
7263,0.077376,172.217.194.0-255,5738,264847,9,307289
7264,0.07738,172.31.36.0-255,66,264913,9,307289
7265,0.079922,172.217.194.0-255,5738,270651,9,307289
7266,0.079927,172.31.36.0-255,66,270717,9,307289
7267,0.082504,172.217.194.0-255,4320,275037,9,307289
7268,0.08251,172.31.36.0-255,66,275103,9,307289
7269,0.082539,172.217.194.0-255,1484,276587,9,307289
7270,0.08513,172.217.194.0-255,4320,280907,9,307289
7271,0.085135,172.31.36.0-255,66,280973,9,307289
7272,0.08776,172.217.194.0-255,4320,285293,9,307289
7273,0.087765,172.31.36.0-255,66,285359,9,307289
7274,0.087798,172.217.194.0-255,1484,286843,9,307289
7275,0.090316,172.217.194.0-255,4320,291163,9,307289
7276,0.090322,172.31.36.0-255,66,291229,9,307289
7277,0.092876,172.217.194.0-255,5738,296967,9,307289
7278,0.09288,172.31.36.0-255,66,297033,9,307289
7279,0.095489,172.217.194.0-255,4320,301353,9,307289
7280,0.095494,172.31.36.0-255,66,301419,9,307289
7281,0.095521,172.217.194.0-255,1484,302903,9,307289
7282,0.098036,172.217.194.0-255,4320,307223,9,307289
7283,0.098041,172.31.36.0-255,66,307289,9,307289
7284,0.0,74.125.68.0-255,153,153,9,377057
7285,1.6e-05,172.31.36.0-255,66,219,9,377057
7286,2.3e-05,74.125.68.0-255,1484,1703,9,377057
7287,2.7e-05,172.31.36.0-255,66,1769,9,377057
7288,3.1e-05,74.125.68.0-255,1484,3253,9,377057
7289,4.3e-05,172.31.36.0-255,66,3319,9,377057
7290,5e-05,74.125.68.0-255,2902,6221,9,377057
7291,5.2e-05,172.31.36.0-255,66,6287,9,377057
7292,9e-05,74.125.68.0-255,4320,10607,9,377057
7293,9.3e-05,172.31.36.0-255,66,10673,9,377057
7294,0.000108,74.125.68.0-255,1484,12157,9,377057
7295,0.00011,172.31.36.0-255,66,12223,9,377057
7296,0.000122,74.125.68.0-255,4904,17127,9,377057
7297,0.000125,172.31.36.0-255,66,17193,9,377057
7298,0.000131,74.125.68.0-255,5738,22931,9,377057
7299,0.000134,172.31.36.0-255,66,22997,9,377057
7300,0.000174,172.31.36.0-255,66,23063,9,377057
7301,0.000238,74.125.68.0-255,1484,24547,9,377057
7302,0.000241,172.31.36.0-255,66,24613,9,377057
7303,0.000259,74.125.68.0-255,2902,27515,9,377057
7304,0.000262,172.31.36.0-255,66,27581,9,377057
7305,0.000267,74.125.68.0-255,2902,30483,9,377057
7306,0.000269,172.31.36.0-255,66,30549,9,377057
7307,0.000298,74.125.68.0-255,2902,33451,9,377057
7308,0.000301,172.31.36.0-255,66,33517,9,377057
7309,0.000306,74.125.68.0-255,2902,36419,9,377057
7310,0.000308,172.31.36.0-255,66,36485,9,377057
7311,0.000314,74.125.68.0-255,3961,40446,9,377057
7312,0.000316,172.31.36.0-255,66,40512,9,377057
7313,0.000364,172.31.36.0-255,66,40578,9,377057
7314,0.000371,74.125.68.0-255,4320,44898,9,377057
7315,0.000373,172.31.36.0-255,66,44964,9,377057
7316,0.000401,74.125.68.0-255,4300,49264,9,377057
7317,0.000403,172.31.36.0-255,66,49330,9,377057
7318,0.000428,74.125.68.0-255,349,49679,9,377057
7319,0.000654,74.125.68.0-255,1484,51163,9,377057
7320,0.00066,172.31.36.0-255,66,51229,9,377057
7321,0.000665,74.125.68.0-255,2902,54131,9,377057
7322,0.000668,172.31.36.0-255,66,54197,9,377057
7323,0.000691,74.125.68.0-255,5738,59935,9,377057
7324,0.000698,172.31.36.0-255,66,60001,9,377057
7325,0.000702,74.125.68.0-255,2902,62903,9,377057
7326,0.000704,172.31.36.0-255,66,62969,9,377057
7327,0.00071,74.125.68.0-255,3961,66930,9,377057
7328,0.000712,172.31.36.0-255,66,66996,9,377057
7329,0.000739,74.125.68.0-255,5738,72734,9,377057
7330,0.000742,172.31.36.0-255,66,72800,9,377057
7331,0.000775,74.125.68.0-255,2902,75702,9,377057
7332,0.000777,172.31.36.0-255,66,75768,9,377057
7333,0.000783,74.125.68.0-255,2902,78670,9,377057
7334,0.000785,172.31.36.0-255,66,78736,9,377057
7335,0.000811,74.125.68.0-255,5379,84115,9,377057
7336,0.000815,172.31.36.0-255,66,84181,9,377057
7337,0.001627,74.125.68.0-255,1484,85665,9,377057
7338,0.001636,74.125.68.0-255,2902,88567,9,377057
7339,0.001639,172.31.36.0-255,66,88633,9,377057
7340,0.001644,74.125.68.0-255,1484,90117,9,377057
7341,0.001659,74.125.68.0-255,1484,91601,9,377057
7342,0.001661,172.31.36.0-255,66,91667,9,377057
7343,0.001665,74.125.68.0-255,2902,94569,9,377057
7344,0.001667,172.31.36.0-255,66,94635,9,377057
7345,0.00169,74.125.68.0-255,1484,96119,9,377057
7346,0.001702,172.31.36.0-255,66,96185,9,377057
7347,0.001708,74.125.68.0-255,5738,101923,9,377057
7348,0.00171,172.31.36.0-255,66,101989,9,377057
7349,0.001736,74.125.68.0-255,7156,109145,9,377057
7350,0.001739,172.31.36.0-255,66,109211,9,377057
7351,0.001742,74.125.68.0-255,766,109977,9,377057
7352,0.001883,74.125.68.0-255,1484,111461,9,377057
7353,0.001888,172.31.36.0-255,66,111527,9,377057
7354,0.001894,74.125.68.0-255,2902,114429,9,377057
7355,0.001897,172.31.36.0-255,66,114495,9,377057
7356,0.001914,74.125.68.0-255,4320,118815,9,377057
7357,0.001917,172.31.36.0-255,66,118881,9,377057
7358,0.001928,74.125.68.0-255,5738,124619,9,377057
7359,0.00193,172.31.36.0-255,66,124685,9,377057
7360,0.00197,172.31.36.0-255,66,124751,9,377057
7361,0.001976,74.125.68.0-255,4320,129071,9,377057
7362,0.001978,172.31.36.0-255,66,129137,9,377057
7363,0.002018,74.125.68.0-255,3602,132739,9,377057
7364,0.002021,172.31.36.0-255,66,132805,9,377057
7365,0.002136,74.125.68.0-255,1484,134289,9,377057
7366,0.002156,74.125.68.0-255,2902,137191,9,377057
7367,0.00216,172.31.36.0-255,66,137257,9,377057
7368,0.002166,74.125.68.0-255,4320,141577,9,377057
7369,0.002168,172.31.36.0-255,66,141643,9,377057
7370,0.002195,74.125.68.0-255,5738,147381,9,377057
7371,0.002197,172.31.36.0-255,66,147447,9,377057
7372,0.002223,74.125.68.0-255,5738,153185,9,377057
7373,0.002226,172.31.36.0-255,66,153251,9,377057
7374,0.002258,74.125.68.0-255,2902,156153,9,377057
7375,0.002261,172.31.36.0-255,66,156219,9,377057
7376,0.002276,172.31.36.0-255,66,156285,9,377057
7377,0.00228,74.125.68.0-255,766,157051,9,377057
7378,0.004428,172.31.36.0-255,66,157117,9,377057
7379,0.004551,74.125.68.0-255,4320,161437,9,377057
7380,0.004556,172.31.36.0-255,66,161503,9,377057
7381,0.006696,74.125.68.0-255,1484,162987,9,377057
7382,0.006822,74.125.68.0-255,2902,165889,9,377057
7383,0.006824,172.31.36.0-255,66,165955,9,377057
7384,0.00685,74.125.68.0-255,1484,167439,9,377057
7385,0.009103,74.125.68.0-255,4320,171759,9,377057
7386,0.00911,172.31.36.0-255,66,171825,9,377057
7387,0.011416,74.125.68.0-255,5738,177563,9,377057
7388,0.011424,172.31.36.0-255,66,177629,9,377057
7389,0.013717,74.125.68.0-255,5738,183367,9,377057
7390,0.013726,172.31.36.0-255,66,183433,9,377057
7391,0.016033,74.125.68.0-255,5738,189171,9,377057
7392,0.016041,172.31.36.0-255,66,189237,9,377057
7393,0.01834,74.125.68.0-255,5738,194975,9,377057
7394,0.01835,172.31.36.0-255,66,195041,9,377057
7395,0.020643,74.125.68.0-255,5738,200779,9,377057
7396,0.020651,172.31.36.0-255,66,200845,9,377057
7397,0.022943,74.125.68.0-255,5738,206583,9,377057
7398,0.02295,172.31.36.0-255,66,206649,9,377057
7399,0.025236,74.125.68.0-255,5738,212387,9,377057
7400,0.025243,172.31.36.0-255,66,212453,9,377057
7401,0.027525,74.125.68.0-255,5738,218191,9,377057
7402,0.027532,172.31.36.0-255,66,218257,9,377057
7403,0.029819,74.125.68.0-255,5738,223995,9,377057
7404,0.029827,172.31.36.0-255,66,224061,9,377057
7405,0.032126,74.125.68.0-255,5738,229799,9,377057
7406,0.032134,172.31.36.0-255,66,229865,9,377057
7407,0.034423,74.125.68.0-255,5738,235603,9,377057
7408,0.034431,172.31.36.0-255,66,235669,9,377057
7409,0.03671,74.125.68.0-255,5738,241407,9,377057
7410,0.036718,172.31.36.0-255,66,241473,9,377057
7411,0.039002,74.125.68.0-255,5738,247211,9,377057
7412,0.039011,172.31.36.0-255,66,247277,9,377057
7413,0.041297,74.125.68.0-255,5738,253015,9,377057
7414,0.041304,172.31.36.0-255,66,253081,9,377057
7415,0.043591,74.125.68.0-255,5738,258819,9,377057
7416,0.043599,172.31.36.0-255,66,258885,9,377057
7417,0.045888,74.125.68.0-255,5738,264623,9,377057
7418,0.045896,172.31.36.0-255,66,264689,9,377057
7419,0.048186,74.125.68.0-255,5738,270427,9,377057
7420,0.048194,172.31.36.0-255,66,270493,9,377057
7421,0.050542,74.125.68.0-255,5738,276231,9,377057
7422,0.050557,172.31.36.0-255,66,276297,9,377057
7423,0.052844,74.125.68.0-255,5738,282035,9,377057
7424,0.05285,172.31.36.0-255,66,282101,9,377057
7425,0.053054,172.31.36.0-255,172,282273,9,377057
7426,0.053083,172.31.36.0-255,1070,283343,9,377057
7427,0.054555,104.244.42.0-255,66,283409,9,377057
7428,0.05458,104.244.42.0-255,66,283475,9,377057
7429,0.055137,74.125.68.0-255,5738,289213,9,377057
7430,0.055145,172.31.36.0-255,66,289279,9,377057
7431,0.057427,74.125.68.0-255,5738,295017,9,377057
7432,0.057433,172.31.36.0-255,66,295083,9,377057
7433,0.059722,74.125.68.0-255,5738,300821,9,377057
7434,0.059729,172.31.36.0-255,66,300887,9,377057
7435,0.062023,74.125.68.0-255,5738,306625,9,377057
7436,0.06203,172.31.36.0-255,66,306691,9,377057
7437,0.064313,74.125.68.0-255,5738,312429,9,377057
7438,0.064319,172.31.36.0-255,66,312495,9,377057
7439,0.066623,74.125.68.0-255,5738,318233,9,377057
7440,0.066631,172.31.36.0-255,66,318299,9,377057
7441,0.068919,74.125.68.0-255,5738,324037,9,377057
7442,0.068925,172.31.36.0-255,66,324103,9,377057
7443,0.071219,74.125.68.0-255,5738,329841,9,377057
7444,0.071225,172.31.36.0-255,66,329907,9,377057
7445,0.073521,74.125.68.0-255,5738,335645,9,377057
7446,0.073528,172.31.36.0-255,66,335711,9,377057
7447,0.075848,74.125.68.0-255,5738,341449,9,377057
7448,0.075854,172.31.36.0-255,66,341515,9,377057
7449,0.078178,74.125.68.0-255,5738,347253,9,377057
7450,0.078185,172.31.36.0-255,66,347319,9,377057
7451,0.080476,74.125.68.0-255,5738,353057,9,377057
7452,0.080482,172.31.36.0-255,66,353123,9,377057
7453,0.082774,74.125.68.0-255,5738,358861,9,377057
7454,0.08278,172.31.36.0-255,66,358927,9,377057
7455,0.085075,74.125.68.0-255,5738,364665,9,377057
7456,0.085081,172.31.36.0-255,66,364731,9,377057
7457,0.087371,74.125.68.0-255,5738,370469,9,377057
7458,0.087378,172.31.36.0-255,66,370535,9,377057
7459,0.089672,74.125.68.0-255,5738,376273,9,377057
7460,0.089679,172.31.36.0-255,66,376339,9,377057
7461,0.091946,74.125.68.0-255,481,376820,9,377057
7462,0.092077,172.31.36.0-255,66,376886,9,377057
7463,0.092112,172.31.36.0-255,105,376991,9,377057
7464,0.094361,74.125.68.0-255,66,377057,9,377057
7465,0.0,172.253.118.0-255,150,150,9,251113
7466,2.8e-05,172.31.36.0-255,66,216,9,251113
7467,3.5e-05,172.253.118.0-255,1484,1700,9,251113
7468,3.8e-05,172.31.36.0-255,66,1766,9,251113
7469,4.3e-05,172.253.118.0-255,2902,4668,9,251113
7470,6.2e-05,172.31.36.0-255,66,4734,9,251113
7471,7e-05,172.253.118.0-255,7156,11890,9,251113
7472,7.3e-05,172.31.36.0-255,66,11956,9,251113
7473,7.7e-05,172.253.118.0-255,2066,14022,9,251113
7474,7.9e-05,172.31.36.0-255,66,14088,9,251113
7475,0.000115,172.253.118.0-255,2902,16990,9,251113
7476,0.000119,172.31.36.0-255,66,17056,9,251113
7477,0.000124,172.253.118.0-255,2902,19958,9,251113
7478,0.000125,172.31.36.0-255,66,20024,9,251113
7479,0.000155,172.253.118.0-255,7156,27180,9,251113
7480,0.000158,172.31.36.0-255,66,27246,9,251113
7481,0.000179,172.253.118.0-255,3961,31207,9,251113
7482,0.000182,172.31.36.0-255,66,31273,9,251113
7483,0.000305,172.253.118.0-255,1484,32757,9,251113
7484,0.000309,172.31.36.0-255,66,32823,9,251113
7485,0.000316,172.253.118.0-255,2902,35725,9,251113
7486,0.000319,172.31.36.0-255,66,35791,9,251113
7487,0.000322,172.253.118.0-255,1484,37275,9,251113
7488,0.000331,172.31.36.0-255,66,37341,9,251113
7489,0.000363,172.253.118.0-255,4320,41661,9,251113
7490,0.000367,172.31.36.0-255,66,41727,9,251113
7491,0.000379,172.31.36.0-255,66,41793,9,251113
7492,0.000413,172.31.36.0-255,66,41859,9,251113
7493,0.000439,172.253.118.0-255,2543,44402,9,251113
7494,0.000442,172.31.36.0-255,66,44468,9,251113
7495,0.000665,172.253.118.0-255,647,45115,9,251113
7496,0.000798,172.31.36.0-255,66,45181,9,251113
7497,0.000833,172.253.118.0-255,1484,46665,9,251113
7498,0.00084,172.253.118.0-255,2902,49567,9,251113
7499,0.000844,172.253.118.0-255,2902,52469,9,251113
7500,0.000861,172.31.36.0-255,66,52535,9,251113
7501,0.000862,172.253.118.0-255,2902,55437,9,251113
7502,0.000866,172.253.118.0-255,2902,58339,9,251113
7503,0.000866,172.31.36.0-255,66,58405,9,251113
7504,0.000886,172.31.36.0-255,66,58471,9,251113
7505,0.00091,172.253.118.0-255,7156,65627,9,251113
7506,0.000912,172.31.36.0-255,66,65693,9,251113
7507,0.000918,172.31.36.0-255,66,65759,9,251113
7508,0.000938,172.253.118.0-255,3602,69361,9,251113
7509,0.000943,172.31.36.0-255,66,69427,9,251113
7510,0.001213,172.253.118.0-255,1484,70911,9,251113
7511,0.001238,172.253.118.0-255,2902,73813,9,251113
7512,0.001242,172.31.36.0-255,66,73879,9,251113
7513,0.00125,172.253.118.0-255,5738,79617,9,251113
7514,0.001278,172.253.118.0-255,4320,83937,9,251113
7515,0.001324,172.31.36.0-255,66,84003,9,251113
7516,0.001344,172.31.36.0-255,66,84069,9,251113
7517,0.001384,172.253.118.0-255,1484,85553,9,251113
7518,0.001389,172.253.118.0-255,2902,88455,9,251113
7519,0.001417,172.253.118.0-255,5738,94193,9,251113
7520,0.001429,172.31.36.0-255,66,94259,9,251113
7521,0.001475,172.31.36.0-255,66,94325,9,251113
7522,0.001482,172.253.118.0-255,766,95091,9,251113
7523,0.001623,172.253.118.0-255,1484,96575,9,251113
7524,0.001631,172.253.118.0-255,2902,99477,9,251113
7525,0.001651,172.253.118.0-255,5738,105215,9,251113
7526,0.001656,172.253.118.0-255,4320,109535,9,251113
7527,0.001662,172.253.118.0-255,5738,115273,9,251113
7528,0.001683,172.253.118.0-255,4320,119593,9,251113
7529,0.001695,172.31.36.0-255,66,119659,9,251113
7530,0.001709,172.253.118.0-255,7156,126815,9,251113
7531,0.001717,172.253.118.0-255,2184,128999,9,251113
7532,0.001772,172.31.36.0-255,66,129065,9,251113
7533,0.001882,172.253.118.0-255,1484,130549,9,251113
7534,0.001888,172.253.118.0-255,2902,133451,9,251113
7535,0.001894,172.31.36.0-255,66,133517,9,251113
7536,0.001932,172.253.118.0-255,5738,139255,9,251113
7537,0.001937,172.253.118.0-255,4320,143575,9,251113
7538,0.001943,172.31.36.0-255,66,143641,9,251113
7539,0.001953,172.253.118.0-255,5738,149379,9,251113
7540,0.001958,172.31.36.0-255,66,149445,9,251113
7541,0.001977,172.253.118.0-255,7156,156601,9,251113
7542,0.002021,172.31.36.0-255,66,156667,9,251113
7543,0.002041,172.253.118.0-255,4320,160987,9,251113
7544,0.002047,172.253.118.0-255,7156,168143,9,251113
7545,0.002062,172.253.118.0-255,6438,174581,9,251113
7546,0.002065,172.31.36.0-255,66,174647,9,251113
7547,0.002095,172.253.118.0-255,1484,176131,9,251113
7548,0.002099,172.31.36.0-255,66,176197,9,251113
7549,0.002153,172.253.118.0-255,5738,181935,9,251113
7550,0.002158,172.31.36.0-255,66,182001,9,251113
7551,0.002205,172.253.118.0-255,5738,187739,9,251113
7552,0.002228,172.31.36.0-255,66,187805,9,251113
7553,0.002276,172.31.36.0-255,66,187871,9,251113
7554,0.002304,172.253.118.0-255,6438,194309,9,251113
7555,0.002308,172.253.118.0-255,2902,197211,9,251113
7556,0.002317,172.31.36.0-255,66,197277,9,251113
7557,0.00237,172.31.36.0-255,66,197343,9,251113
7558,0.002394,172.253.118.0-255,1484,198827,9,251113
7559,0.004702,172.253.118.0-255,4320,203147,9,251113
7560,0.004708,172.31.36.0-255,66,203213,9,251113
7561,0.007052,172.253.118.0-255,5738,208951,9,251113
7562,0.007092,172.31.36.0-255,66,209017,9,251113
7563,0.009472,172.253.118.0-255,5738,214755,9,251113
7564,0.009479,172.31.36.0-255,66,214821,9,251113
7565,0.011814,172.253.118.0-255,5738,220559,9,251113
7566,0.011822,172.31.36.0-255,66,220625,9,251113
7567,0.014188,172.253.118.0-255,5738,226363,9,251113
7568,0.0142,172.31.36.0-255,66,226429,9,251113
7569,0.016537,172.253.118.0-255,5738,232167,9,251113
7570,0.016546,172.31.36.0-255,66,232233,9,251113
7571,0.018886,172.253.118.0-255,5738,237971,9,251113
7572,0.018894,172.31.36.0-255,66,238037,9,251113
7573,0.021217,172.253.118.0-255,5738,243775,9,251113
7574,0.021224,172.31.36.0-255,66,243841,9,251113
7575,0.023562,172.253.118.0-255,661,244502,9,251113
7576,0.023684,172.31.36.0-255,66,244568,9,251113
7577,0.02372,172.31.36.0-255,105,244673,9,251113
7578,0.026004,172.253.118.0-255,66,244739,9,251113
7579,0.042022,172.31.36.0-255,172,244911,9,251113
7580,0.042082,172.31.36.0-255,1116,246027,9,251113
7581,0.042177,172.31.36.0-255,1514,247541,9,251113
7582,0.042179,172.31.36.0-255,1514,249055,9,251113
7583,0.04218,172.31.36.0-255,1514,250569,9,251113
7584,0.042181,172.31.36.0-255,106,250675,9,251113
7585,0.043594,104.244.42.0-255,66,250741,9,251113
7586,0.043633,104.244.42.0-255,66,250807,9,251113
7587,0.043737,104.244.42.0-255,66,250873,9,251113
7588,0.043741,104.244.42.0-255,66,250939,9,251113
7589,0.044264,104.244.42.0-255,108,251047,9,251113
7590,0.044269,172.31.36.0-255,66,251113,9,251113
7591,0.0,172.31.36.0-255,105,105,9,276
7592,0.067157,31.13.82.0-255,105,210,9,276
7593,0.067173,172.31.36.0-255,66,276,9,276
7594,0.0,172.217.194.0-255,150,150,9,222577
7595,2.2e-05,172.31.36.0-255,66,216,9,222577
7596,2.9e-05,172.217.194.0-255,1484,1700,9,222577
7597,3.3e-05,172.31.36.0-255,66,1766,9,222577
7598,4.7e-05,172.217.194.0-255,2902,4668,9,222577
7599,5e-05,172.31.36.0-255,66,4734,9,222577
7600,5.6e-05,172.217.194.0-255,4320,9054,9,222577
7601,6e-05,172.31.36.0-255,66,9120,9,222577
7602,9e-05,172.31.36.0-255,66,9186,9,222577
7603,0.000107,172.31.36.0-255,66,9252,9,222577
7604,0.000112,172.217.194.0-255,2543,11795,9,222577
7605,0.000114,172.31.36.0-255,66,11861,9,222577
7606,0.000141,172.217.194.0-255,2902,14763,9,222577
7607,0.000143,172.31.36.0-255,66,14829,9,222577
7608,0.000151,172.217.194.0-255,7156,21985,9,222577
7609,0.000153,172.31.36.0-255,66,22051,9,222577
7610,0.000181,172.217.194.0-255,6797,28848,9,222577
7611,0.000185,172.31.36.0-255,66,28914,9,222577
7612,0.000227,172.217.194.0-255,7156,36070,9,222577
7613,0.00023,172.31.36.0-255,66,36136,9,222577
7614,0.00025,172.217.194.0-255,5738,41874,9,222577
7615,0.000252,172.31.36.0-255,66,41940,9,222577
7616,0.000273,172.217.194.0-255,4603,46543,9,222577
7617,0.000276,172.31.36.0-255,66,46609,9,222577
7618,0.000453,172.217.194.0-255,1484,48093,9,222577
7619,0.000459,172.31.36.0-255,66,48159,9,222577
7620,0.000464,172.217.194.0-255,2902,51061,9,222577
7621,0.000466,172.31.36.0-255,66,51127,9,222577
7622,0.000478,172.217.194.0-255,5738,56865,9,222577
7623,0.000481,172.31.36.0-255,66,56931,9,222577
7624,0.000486,172.217.194.0-255,2902,59833,9,222577
7625,0.000488,172.31.36.0-255,66,59899,9,222577
7626,0.000526,172.31.36.0-255,66,59965,9,222577
7627,0.000538,172.31.36.0-255,66,60031,9,222577
7628,0.000579,172.217.194.0-255,1484,61515,9,222577
7629,0.000584,172.217.194.0-255,1484,62999,9,222577
7630,0.000587,172.31.36.0-255,66,63065,9,222577
7631,0.000615,172.217.194.0-255,1484,64549,9,222577
7632,0.000621,172.217.194.0-255,5738,70287,9,222577
7633,0.000624,172.31.36.0-255,66,70353,9,222577
7634,0.000638,172.31.36.0-255,66,70419,9,222577
7635,0.000649,172.217.194.0-255,1484,71903,9,222577
7636,0.000651,172.217.194.0-255,1484,73387,9,222577
7637,0.000653,172.31.36.0-255,66,73453,9,222577
7638,0.000676,172.217.194.0-255,7156,80609,9,222577
7639,0.000682,172.31.36.0-255,66,80675,9,222577
7640,0.000711,172.217.194.0-255,3053,83728,9,222577
7641,0.000713,172.31.36.0-255,66,83794,9,222577
7642,0.000733,172.31.36.0-255,66,83860,9,222577
7643,0.000738,172.217.194.0-255,3961,87821,9,222577
7644,0.00074,172.31.36.0-255,66,87887,9,222577
7645,0.00078,172.217.194.0-255,4320,92207,9,222577
7646,0.000783,172.31.36.0-255,66,92273,9,222577
7647,0.000791,172.217.194.0-255,7156,99429,9,222577
7648,0.000793,172.31.36.0-255,66,99495,9,222577
7649,0.000832,172.217.194.0-255,1484,100979,9,222577
7650,0.000867,172.31.36.0-255,66,101045,9,222577
7651,0.000878,172.31.36.0-255,66,101111,9,222577
7652,0.000889,172.31.36.0-255,66,101177,9,222577
7653,0.000897,172.217.194.0-255,6797,107974,9,222577
7654,0.000899,172.31.36.0-255,66,108040,9,222577
7655,0.000978,172.217.194.0-255,1484,109524,9,222577
7656,0.000984,172.217.194.0-255,2902,112426,9,222577
7657,0.000986,172.31.36.0-255,66,112492,9,222577
7658,0.001011,172.217.194.0-255,5738,118230,9,222577
7659,0.001022,172.31.36.0-255,66,118296,9,222577
7660,0.001069,172.31.36.0-255,66,118362,9,222577
7661,0.001088,172.31.36.0-255,66,118428,9,222577
7662,0.00113,172.217.194.0-255,1484,119912,9,222577
7663,0.001159,172.217.194.0-255,2902,122814,9,222577
7664,0.001162,172.31.36.0-255,66,122880,9,222577
7665,0.001169,172.217.194.0-255,5738,128618,9,222577
7666,0.001172,172.31.36.0-255,66,128684,9,222577
7667,0.001184,172.31.36.0-255,66,128750,9,222577
7668,0.00121,172.217.194.0-255,4320,133070,9,222577
7669,0.001235,172.217.194.0-255,2184,135254,9,222577
7670,0.001239,172.31.36.0-255,66,135320,9,222577
7671,0.001244,172.31.36.0-255,66,135386,9,222577
7672,0.001308,172.217.194.0-255,1484,136870,9,222577
7673,0.001312,172.217.194.0-255,1484,138354,9,222577
7674,0.001327,172.217.194.0-255,1484,139838,9,222577
7675,0.001334,172.217.194.0-255,5738,145576,9,222577
7676,0.00134,172.217.194.0-255,5738,151314,9,222577
7677,0.00135,172.31.36.0-255,66,151380,9,222577
7678,0.00138,172.217.194.0-255,2902,154282,9,222577
7679,0.001386,172.217.194.0-255,5020,159302,9,222577
7680,0.001395,172.31.36.0-255,66,159368,9,222577
7681,0.001771,172.217.194.0-255,1484,160852,9,222577
7682,0.001776,172.217.194.0-255,2902,163754,9,222577
7683,0.001782,172.31.36.0-255,66,163820,9,222577
7684,0.001805,172.217.194.0-255,5738,169558,9,222577
7685,0.001809,172.31.36.0-255,66,169624,9,222577
7686,0.001818,172.217.194.0-255,7156,176780,9,222577
7687,0.001843,172.217.194.0-255,5738,182518,9,222577
7688,0.00185,172.217.194.0-255,4320,186838,9,222577
7689,0.001854,172.31.36.0-255,66,186904,9,222577
7690,0.001884,172.217.194.0-255,6438,193342,9,222577
7691,0.001887,172.217.194.0-255,1484,194826,9,222577
7692,0.001905,172.217.194.0-255,2902,197728,9,222577
7693,0.001911,172.31.36.0-255,66,197794,9,222577
7694,0.001946,172.217.194.0-255,5738,203532,9,222577
7695,0.002008,172.31.36.0-255,66,203598,9,222577
7696,0.002032,172.217.194.0-255,2184,205782,9,222577
7697,0.002056,172.217.194.0-255,2902,208684,9,222577
7698,0.002088,172.31.36.0-255,66,208750,9,222577
7699,0.002094,172.31.36.0-255,66,208816,9,222577
7700,0.002113,172.217.194.0-255,3602,212418,9,222577
7701,0.002116,172.217.194.0-255,707,213125,9,222577
7702,0.002139,172.31.36.0-255,66,213191,9,222577
7703,0.004117,172.217.194.0-255,105,213296,9,222577
7704,0.01089,172.31.36.0-255,66,213362,9,222577
7705,0.01093,172.31.36.0-255,105,213467,9,222577
7706,0.012923,172.217.194.0-255,66,213533,9,222577
7707,0.040112,172.31.36.0-255,172,213705,9,222577
7708,0.040149,172.31.36.0-255,1117,214822,9,222577
7709,0.040234,172.31.36.0-255,1514,216336,9,222577
7710,0.040236,172.31.36.0-255,1514,217850,9,222577
7711,0.040238,172.31.36.0-255,1514,219364,9,222577
7712,0.040239,172.31.36.0-255,1514,220878,9,222577
7713,0.040267,172.31.36.0-255,1501,222379,9,222577
7714,0.041609,104.244.42.0-255,66,222445,9,222577
7715,0.041637,104.244.42.0-255,66,222511,9,222577
7716,0.041764,104.244.42.0-255,66,222577,9,222577
7717,0.0,172.31.36.0-255,66,66,9,66
7718,0.0,74.125.24.0-255,153,153,9,300651
7719,3e-05,172.31.36.0-255,66,219,9,300651
7720,3.7e-05,74.125.24.0-255,1484,1703,9,300651
7721,4.1e-05,172.31.36.0-255,66,1769,9,300651
7722,4.6e-05,74.125.24.0-255,2902,4671,9,300651
7723,4.8e-05,172.31.36.0-255,66,4737,9,300651
7724,5.6e-05,74.125.24.0-255,7156,11893,9,300651
7725,5.9e-05,172.31.36.0-255,66,11959,9,300651
7726,9.7e-05,74.125.24.0-255,2093,14052,9,300651
7727,0.000101,172.31.36.0-255,66,14118,9,300651
7728,0.000106,74.125.24.0-255,2902,17020,9,300651
7729,0.000108,172.31.36.0-255,66,17086,9,300651
7730,0.000114,74.125.24.0-255,4320,21406,9,300651
7731,0.000116,172.31.36.0-255,66,21472,9,300651
7732,0.000138,74.125.24.0-255,2902,24374,9,300651
7733,0.00014,172.31.36.0-255,66,24440,9,300651
7734,0.000145,74.125.24.0-255,4320,28760,9,300651
7735,0.000147,172.31.36.0-255,66,28826,9,300651
7736,0.000176,74.125.24.0-255,2543,31369,9,300651
7737,0.00018,172.31.36.0-255,66,31435,9,300651
7738,0.00023,74.125.24.0-255,1484,32919,9,300651
7739,0.000233,172.31.36.0-255,66,32985,9,300651
7740,0.000237,74.125.24.0-255,2902,35887,9,300651
7741,0.00024,172.31.36.0-255,66,35953,9,300651
7742,0.000258,74.125.24.0-255,5738,41691,9,300651
7743,0.00026,172.31.36.0-255,66,41757,9,300651
7744,0.000298,172.31.36.0-255,66,41823,9,300651
7745,0.000311,172.31.36.0-255,66,41889,9,300651
7746,0.000314,74.125.24.0-255,361,42250,9,300651
7747,0.000316,172.31.36.0-255,66,42316,9,300651
7748,0.000372,74.125.24.0-255,132,42448,9,300651
7749,0.000494,74.125.24.0-255,1484,43932,9,300651
7750,0.000499,172.31.36.0-255,66,43998,9,300651
7751,0.000504,74.125.24.0-255,2902,46900,9,300651
7752,0.000506,172.31.36.0-255,66,46966,9,300651
7753,0.000512,74.125.24.0-255,5738,52704,9,300651
7754,0.000515,172.31.36.0-255,66,52770,9,300651
7755,0.000548,74.125.24.0-255,4320,57090,9,300651
7756,0.000551,172.31.36.0-255,66,57156,9,300651
7757,0.000566,74.125.24.0-255,2244,59400,9,300651
7758,0.000569,172.31.36.0-255,66,59466,9,300651
7759,0.000607,74.125.24.0-255,1484,60950,9,300651
7760,0.00061,74.125.24.0-255,1484,62434,9,300651
7761,0.000613,172.31.36.0-255,66,62500,9,300651
7762,0.000637,74.125.24.0-255,1484,63984,9,300651
7763,0.000643,74.125.24.0-255,5738,69722,9,300651
7764,0.000645,172.31.36.0-255,66,69788,9,300651
7765,0.000652,74.125.24.0-255,7156,76944,9,300651
7766,0.000654,172.31.36.0-255,66,77010,9,300651
7767,0.000682,172.31.36.0-255,66,77076,9,300651
7768,0.000697,74.125.24.0-255,2902,79978,9,300651
7769,0.0007,172.31.36.0-255,66,80044,9,300651
7770,0.000704,74.125.24.0-255,2184,82228,9,300651
7771,0.000707,172.31.36.0-255,66,82294,9,300651
7772,0.000842,74.125.24.0-255,1484,83778,9,300651
7773,0.000849,74.125.24.0-255,2902,86680,9,300651
7774,0.000854,172.31.36.0-255,66,86746,9,300651
7775,0.000861,74.125.24.0-255,5738,92484,9,300651
7776,0.000863,172.31.36.0-255,66,92550,9,300651
7777,0.000875,74.125.24.0-255,1484,94034,9,300651
7778,0.000912,172.31.36.0-255,66,94100,9,300651
7779,0.000924,172.31.36.0-255,66,94166,9,300651
7780,0.001106,74.125.24.0-255,1484,95650,9,300651
7781,0.001123,74.125.24.0-255,2902,98552,9,300651
7782,0.001127,172.31.36.0-255,66,98618,9,300651
7783,0.001133,74.125.24.0-255,4320,102938,9,300651
7784,0.001136,172.31.36.0-255,66,103004,9,300651
7785,0.001151,74.125.24.0-255,1484,104488,9,300651
7786,0.001158,74.125.24.0-255,5738,110226,9,300651
7787,0.00116,172.31.36.0-255,66,110292,9,300651
7788,0.001174,74.125.24.0-255,1125,111417,9,300651
7789,0.00125,74.125.24.0-255,1484,112901,9,300651
7790,0.001255,172.31.36.0-255,66,112967,9,300651
7791,0.00126,74.125.24.0-255,2902,115869,9,300651
7792,0.001263,172.31.36.0-255,66,115935,9,300651
7793,0.001268,74.125.24.0-255,2902,118837,9,300651
7794,0.00127,172.31.36.0-255,66,118903,9,300651
7795,0.001282,74.125.24.0-255,2902,121805,9,300651
7796,0.001285,172.31.36.0-255,66,121871,9,300651
7797,0.001305,74.125.24.0-255,7156,129027,9,300651
7798,0.001308,172.31.36.0-255,66,129093,9,300651
7799,0.00133,74.125.24.0-255,5738,134831,9,300651
7800,0.001333,172.31.36.0-255,66,134897,9,300651
7801,0.001336,74.125.24.0-255,1484,136381,9,300651
7802,0.001408,172.31.36.0-255,66,136447,9,300651
7803,0.001573,74.125.24.0-255,1484,137931,9,300651
7804,0.001594,74.125.24.0-255,2902,140833,9,300651
7805,0.001598,172.31.36.0-255,66,140899,9,300651
7806,0.001602,74.125.24.0-255,1484,142383,9,300651
7807,0.001618,74.125.24.0-255,1484,143867,9,300651
7808,0.00162,172.31.36.0-255,66,143933,9,300651
7809,0.001628,74.125.24.0-255,7156,151089,9,300651
7810,0.00163,172.31.36.0-255,66,151155,9,300651
7811,0.001646,74.125.24.0-255,1484,152639,9,300651
7812,0.001672,172.31.36.0-255,66,152705,9,300651
7813,0.001677,74.125.24.0-255,3602,156307,9,300651
7814,0.001679,172.31.36.0-255,66,156373,9,300651
7815,0.001775,74.125.24.0-255,1484,157857,9,300651
7816,0.00179,74.125.24.0-255,2902,160759,9,300651
7817,0.001792,172.31.36.0-255,66,160825,9,300651
7818,0.001799,74.125.24.0-255,4320,165145,9,300651
7819,0.001802,172.31.36.0-255,66,165211,9,300651
7820,0.001812,74.125.24.0-255,1484,166695,9,300651
7821,0.001815,74.125.24.0-255,1484,168179,9,300651
7822,0.001817,172.31.36.0-255,66,168245,9,300651
7823,0.001852,172.31.36.0-255,66,168311,9,300651
7824,0.001856,74.125.24.0-255,2902,171213,9,300651
7825,0.001858,172.31.36.0-255,66,171279,9,300651
7826,0.001879,172.31.36.0-255,66,171345,9,300651
7827,0.001901,74.125.24.0-255,1484,172829,9,300651
7828,0.001914,74.125.24.0-255,1484,174313,9,300651
7829,0.001916,172.31.36.0-255,66,174379,9,300651
7830,0.001921,74.125.24.0-255,4320,178699,9,300651
7831,0.001924,172.31.36.0-255,66,178765,9,300651
7832,0.001941,172.31.36.0-255,66,178831,9,300651
7833,0.00196,74.125.24.0-255,1484,180315,9,300651
7834,0.002002,74.125.24.0-255,1484,181799,9,300651
7835,0.002015,74.125.24.0-255,2184,183983,9,300651
7836,0.002017,74.125.24.0-255,1484,185467,9,300651
7837,0.002037,74.125.24.0-255,2902,188369,9,300651
7838,0.005865,172.31.36.0-255,66,188435,9,300651
7839,0.007809,74.125.24.0-255,5738,194173,9,300651
7840,0.007816,172.31.36.0-255,66,194239,9,300651
7841,0.009761,74.125.24.0-255,5738,199977,9,300651
7842,0.009767,172.31.36.0-255,66,200043,9,300651
7843,0.011732,74.125.24.0-255,5738,205781,9,300651
7844,0.011739,172.31.36.0-255,66,205847,9,300651
7845,0.013681,74.125.24.0-255,5738,211585,9,300651
7846,0.013688,172.31.36.0-255,66,211651,9,300651
7847,0.015625,74.125.24.0-255,5738,217389,9,300651
7848,0.015632,172.31.36.0-255,66,217455,9,300651
7849,0.017579,74.125.24.0-255,5738,223193,9,300651
7850,0.017588,172.31.36.0-255,66,223259,9,300651
7851,0.019536,74.125.24.0-255,5738,228997,9,300651
7852,0.019543,172.31.36.0-255,66,229063,9,300651
7853,0.021472,74.125.24.0-255,5738,234801,9,300651
7854,0.021479,172.31.36.0-255,66,234867,9,300651
7855,0.023399,74.125.24.0-255,5738,240605,9,300651
7856,0.023405,172.31.36.0-255,66,240671,9,300651
7857,0.025394,74.125.24.0-255,5738,246409,9,300651
7858,0.025401,172.31.36.0-255,66,246475,9,300651
7859,0.027353,74.125.24.0-255,5738,252213,9,300651
7860,0.02736,172.31.36.0-255,66,252279,9,300651
7861,0.029389,74.125.24.0-255,5738,258017,9,300651
7862,0.029395,172.31.36.0-255,66,258083,9,300651
7863,0.031327,74.125.24.0-255,5738,263821,9,300651
7864,0.031334,172.31.36.0-255,66,263887,9,300651
7865,0.033297,74.125.24.0-255,5738,269625,9,300651
7866,0.033304,172.31.36.0-255,66,269691,9,300651
7867,0.035234,74.125.24.0-255,5738,275429,9,300651
7868,0.035242,172.31.36.0-255,66,275495,9,300651
7869,0.037189,74.125.24.0-255,5738,281233,9,300651
7870,0.037196,172.31.36.0-255,66,281299,9,300651
7871,0.037376,172.31.36.0-255,172,281471,9,300651
7872,0.037404,172.31.36.0-255,1117,282588,9,300651
7873,0.03751,172.31.36.0-255,1514,284102,9,300651
7874,0.037513,172.31.36.0-255,1514,285616,9,300651
7875,0.037514,172.31.36.0-255,1514,287130,9,300651
7876,0.037519,172.31.36.0-255,1514,288644,9,300651
7877,0.037521,172.31.36.0-255,1485,290129,9,300651
7878,0.038902,104.244.42.0-255,66,290195,9,300651
7879,0.038938,104.244.42.0-255,66,290261,9,300651
7880,0.039043,104.244.42.0-255,66,290327,9,300651
7881,0.039138,74.125.24.0-255,5738,296065,9,300651
7882,0.039145,172.31.36.0-255,66,296131,9,300651
7883,0.039634,104.244.42.0-255,108,296239,9,300651
7884,0.039655,172.31.36.0-255,66,296305,9,300651
7885,0.041069,74.125.24.0-255,4109,300414,9,300651
7886,0.041088,172.31.36.0-255,66,300480,9,300651
7887,0.041257,172.31.36.0-255,105,300585,9,300651
7888,0.043137,74.125.24.0-255,66,300651,9,300651
7889,0.0,74.125.68.0-255,150,150,9,367562
7890,2.3e-05,172.31.36.0-255,66,216,9,367562
7891,3e-05,74.125.68.0-255,1484,1700,9,367562
7892,3.5e-05,172.31.36.0-255,66,1766,9,367562
7893,6.5e-05,74.125.68.0-255,2902,4668,9,367562
7894,6.9e-05,172.31.36.0-255,66,4734,9,367562
7895,7.9e-05,74.125.68.0-255,2902,7636,9,367562
7896,8.3e-05,172.31.36.0-255,66,7702,9,367562
7897,8.9e-05,74.125.68.0-255,4320,12022,9,367562
7898,9.2e-05,172.31.36.0-255,66,12088,9,367562
7899,0.000128,74.125.68.0-255,2052,14140,9,367562
7900,0.000131,172.31.36.0-255,66,14206,9,367562
7901,0.000197,74.125.68.0-255,1484,15690,9,367562
7902,0.0002,172.31.36.0-255,66,15756,9,367562
7903,0.000223,74.125.68.0-255,1484,17240,9,367562
7904,0.000226,172.31.36.0-255,66,17306,9,367562
7905,0.000231,74.125.68.0-255,2902,20208,9,367562
7906,0.000233,172.31.36.0-255,66,20274,9,367562
7907,0.000251,74.125.68.0-255,2902,23176,9,367562
7908,0.000254,172.31.36.0-255,66,23242,9,367562
7909,0.000278,74.125.68.0-255,2902,26144,9,367562
7910,0.000281,172.31.36.0-255,66,26210,9,367562
7911,0.000284,74.125.68.0-255,1484,27694,9,367562
7912,0.000286,172.31.36.0-255,66,27760,9,367562
7913,0.000312,74.125.68.0-255,2902,30662,9,367562
7914,0.000319,172.31.36.0-255,66,30728,9,367562
7915,0.000349,74.125.68.0-255,3961,34689,9,367562
7916,0.000352,172.31.36.0-255,66,34755,9,367562
7917,0.000385,74.125.68.0-255,4320,39075,9,367562
7918,0.000388,172.31.36.0-255,66,39141,9,367562
7919,0.000423,172.31.36.0-255,66,39207,9,367562
7920,0.000862,74.125.68.0-255,1484,40691,9,367562
7921,0.000895,74.125.68.0-255,1484,42175,9,367562
7922,0.000899,172.31.36.0-255,66,42241,9,367562
7923,0.000931,74.125.68.0-255,2902,45143,9,367562
7924,0.000938,74.125.68.0-255,5738,50881,9,367562
7925,0.000958,172.31.36.0-255,66,50947,9,367562
7926,0.00099,74.125.68.0-255,5379,56326,9,367562
7927,0.001015,172.31.36.0-255,66,56392,9,367562
7928,0.001039,74.125.68.0-255,1484,57876,9,367562
7929,0.001056,74.125.68.0-255,2902,60778,9,367562
7930,0.00107,74.125.68.0-255,5738,66516,9,367562
7931,0.001083,172.31.36.0-255,66,66582,9,367562
7932,0.001108,74.125.68.0-255,4320,70902,9,367562
7933,0.001124,172.31.36.0-255,66,70968,9,367562
7934,0.001156,74.125.68.0-255,5379,76347,9,367562
7935,0.001189,172.31.36.0-255,66,76413,9,367562
7936,0.001208,74.125.68.0-255,2902,79315,9,367562
7937,0.001222,74.125.68.0-255,4320,83635,9,367562
7938,0.001239,74.125.68.0-255,5738,89373,9,367562
7939,0.001251,172.31.36.0-255,66,89439,9,367562
7940,0.001304,74.125.68.0-255,1705,91144,9,367562
7941,0.001313,172.31.36.0-255,66,91210,9,367562
7942,0.001864,74.125.68.0-255,1484,92694,9,367562
7943,0.001902,74.125.68.0-255,2902,95596,9,367562
7944,0.001907,172.31.36.0-255,66,95662,9,367562
7945,0.001915,74.125.68.0-255,4320,99982,9,367562
7946,0.001935,74.125.68.0-255,2902,102884,9,367562
7947,0.001958,74.125.68.0-255,5738,108622,9,367562
7948,0.001999,74.125.68.0-255,2902,111524,9,367562
7949,0.002027,74.125.68.0-255,2902,114426,9,367562
7950,0.002047,74.125.68.0-255,1484,115910,9,367562
7951,0.002076,74.125.68.0-255,4320,120230,9,367562
7952,0.002097,74.125.68.0-255,4320,124550,9,367562
7953,0.002109,74.125.68.0-255,217,124767,9,367562
7954,0.002154,74.125.68.0-255,1484,126251,9,367562
7955,0.002169,74.125.68.0-255,2902,129153,9,367562
7956,0.002187,74.125.68.0-255,5738,134891,9,367562
7957,0.002234,74.125.68.0-255,5738,140629,9,367562
7958,0.00228,74.125.68.0-255,2902,143531,9,367562
7959,0.002298,74.125.68.0-255,4320,147851,9,367562
7960,0.006255,172.31.36.0-255,66,147917,9,367562
7961,0.008535,74.125.68.0-255,5738,153655,9,367562
7962,0.008542,172.31.36.0-255,66,153721,9,367562
7963,0.010798,74.125.68.0-255,5738,159459,9,367562
7964,0.010805,172.31.36.0-255,66,159525,9,367562
7965,0.013067,74.125.68.0-255,5738,165263,9,367562
7966,0.013918,172.31.36.0-255,66,165329,9,367562
7967,0.016173,74.125.68.0-255,5738,171067,9,367562
7968,0.01618,172.31.36.0-255,66,171133,9,367562
7969,0.018429,74.125.68.0-255,5738,176871,9,367562
7970,0.018434,172.31.36.0-255,66,176937,9,367562
7971,0.020698,74.125.68.0-255,5738,182675,9,367562
7972,0.020705,172.31.36.0-255,66,182741,9,367562
7973,0.022977,74.125.68.0-255,5738,188479,9,367562
7974,0.022987,172.31.36.0-255,66,188545,9,367562
7975,0.02524,74.125.68.0-255,5738,194283,9,367562
7976,0.025247,172.31.36.0-255,66,194349,9,367562
7977,0.027497,74.125.68.0-255,5738,200087,9,367562
7978,0.027504,172.31.36.0-255,66,200153,9,367562
7979,0.027853,172.31.36.0-255,172,200325,9,367562
7980,0.027885,172.31.36.0-255,1118,201443,9,367562
7981,0.027953,172.31.36.0-255,1514,202957,9,367562
7982,0.027955,172.31.36.0-255,1514,204471,9,367562
7983,0.027956,172.31.36.0-255,1514,205985,9,367562
7984,0.027957,172.31.36.0-255,1514,207499,9,367562
7985,0.027989,172.31.36.0-255,1514,209013,9,367562
7986,0.027991,172.31.36.0-255,1163,210176,9,367562
7987,0.029403,104.244.42.0-255,66,210242,9,367562
7988,0.029432,104.244.42.0-255,66,210308,9,367562
7989,0.029505,104.244.42.0-255,66,210374,9,367562
7990,0.029511,104.244.42.0-255,66,210440,9,367562
7991,0.029515,104.244.42.0-255,66,210506,9,367562
7992,0.02976,74.125.68.0-255,5738,216244,9,367562
7993,0.029767,172.31.36.0-255,66,216310,9,367562
7994,0.030163,104.244.42.0-255,108,216418,9,367562
7995,0.030169,172.31.36.0-255,66,216484,9,367562
7996,0.032026,74.125.68.0-255,5738,222222,9,367562
7997,0.032033,172.31.36.0-255,66,222288,9,367562
7998,0.03429,74.125.68.0-255,5738,228026,9,367562
7999,0.034297,172.31.36.0-255,66,228092,9,367562
8000,0.036572,74.125.68.0-255,5738,233830,9,367562
8001,0.036581,172.31.36.0-255,66,233896,9,367562
8002,0.03884,74.125.68.0-255,5738,239634,9,367562
8003,0.038849,172.31.36.0-255,66,239700,9,367562
8004,0.04111,74.125.68.0-255,5738,245438,9,367562
8005,0.041118,172.31.36.0-255,66,245504,9,367562
8006,0.043373,74.125.68.0-255,5738,251242,9,367562
8007,0.043381,172.31.36.0-255,66,251308,9,367562
8008,0.044643,172.31.36.0-255,108,251416,9,367562
8009,0.045641,74.125.68.0-255,5738,257154,9,367562
8010,0.045649,172.31.36.0-255,66,257220,9,367562
8011,0.04791,74.125.68.0-255,5738,262958,9,367562
8012,0.04792,172.31.36.0-255,66,263024,9,367562
8013,0.050181,74.125.68.0-255,5738,268762,9,367562
8014,0.051001,172.31.36.0-255,66,268828,9,367562
8015,0.053266,74.125.68.0-255,5738,274566,9,367562
8016,0.053276,172.31.36.0-255,66,274632,9,367562
8017,0.055538,74.125.68.0-255,5738,280370,9,367562
8018,0.055547,172.31.36.0-255,66,280436,9,367562
8019,0.057821,74.125.68.0-255,5738,286174,9,367562
8020,0.05783,172.31.36.0-255,66,286240,9,367562
8021,0.060082,74.125.68.0-255,5738,291978,9,367562
8022,0.061843,172.31.36.0-255,66,292044,9,367562
8023,0.064109,74.125.68.0-255,5738,297782,9,367562
8024,0.064116,172.31.36.0-255,66,297848,9,367562
8025,0.066372,74.125.68.0-255,5738,303586,9,367562
8026,0.066378,172.31.36.0-255,66,303652,9,367562
8027,0.068651,74.125.68.0-255,5738,309390,9,367562
8028,0.068659,172.31.36.0-255,66,309456,9,367562
8029,0.070926,74.125.68.0-255,5738,315194,9,367562
8030,0.070934,172.31.36.0-255,66,315260,9,367562
8031,0.073195,74.125.68.0-255,5738,320998,9,367562
8032,0.073205,172.31.36.0-255,66,321064,9,367562
8033,0.075467,74.125.68.0-255,5738,326802,9,367562
8034,0.075473,172.31.36.0-255,66,326868,9,367562
8035,0.077725,74.125.68.0-255,5738,332606,9,367562
8036,0.077832,172.31.36.0-255,66,332672,9,367562
8037,0.080088,74.125.68.0-255,5738,338410,9,367562
8038,0.080097,172.31.36.0-255,66,338476,9,367562
8039,0.082392,74.125.68.0-255,5738,344214,9,367562
8040,0.082403,172.31.36.0-255,66,344280,9,367562
8041,0.084668,74.125.68.0-255,5738,350018,9,367562
8042,0.086284,172.31.36.0-255,66,350084,9,367562
8043,0.087295,104.244.42.0-255,66,350150,9,367562
8044,0.08855,74.125.68.0-255,5738,355888,9,367562
8045,0.088561,172.31.36.0-255,66,355954,9,367562
8046,0.090845,74.125.68.0-255,5738,361692,9,367562
8047,0.090862,172.31.36.0-255,66,361758,9,367562
8048,0.093125,74.125.68.0-255,5738,367496,9,367562
8049,0.097869,172.31.36.0-255,66,367562,9,367562
8050,0.0,172.217.160.0-255,153,153,9,405045
8051,2.3e-05,172.31.36.0-255,66,219,9,405045
8052,3e-05,172.217.160.0-255,1484,1703,9,405045
8053,3.4e-05,172.31.36.0-255,66,1769,9,405045
8054,3.9e-05,172.217.160.0-255,2902,4671,9,405045
8055,4.2e-05,172.31.36.0-255,66,4737,9,405045
8056,4.9e-05,172.217.160.0-255,7156,11893,9,405045
8057,5.2e-05,172.31.36.0-255,66,11959,9,405045
8058,5.6e-05,172.217.160.0-255,1975,13934,9,405045
8059,5.9e-05,172.31.36.0-255,66,14000,9,405045
8060,0.000104,172.217.160.0-255,1484,15484,9,405045
8061,0.000106,172.31.36.0-255,66,15550,9,405045
8062,0.000127,172.217.160.0-255,2902,18452,9,405045
8063,0.000129,172.31.36.0-255,66,18518,9,405045
8064,0.000134,172.217.160.0-255,4320,22838,9,405045
8065,0.000136,172.31.36.0-255,66,22904,9,405045
8066,0.00019,172.217.160.0-255,7156,30060,9,405045
8067,0.000192,172.31.36.0-255,66,30126,9,405045
8068,0.000219,172.217.160.0-255,2543,32669,9,405045
8069,0.000221,172.31.36.0-255,66,32735,9,405045
8070,0.000232,172.31.36.0-255,66,32801,9,405045
8071,0.000238,172.217.160.0-255,5379,38180,9,405045
8072,0.00024,172.31.36.0-255,66,38246,9,405045
8073,0.000843,172.217.160.0-255,1484,39730,9,405045
8074,0.00085,172.31.36.0-255,66,39796,9,405045
8075,0.000857,172.217.160.0-255,2902,42698,9,405045
8076,0.000859,172.31.36.0-255,66,42764,9,405045
8077,0.000865,172.217.160.0-255,5738,48502,9,405045
8078,0.000867,172.31.36.0-255,66,48568,9,405045
8079,0.000926,172.217.160.0-255,6797,55365,9,405045
8080,0.000932,172.31.36.0-255,66,55431,9,405045
8081,0.00104,172.217.160.0-255,1484,56915,9,405045
8082,0.001049,172.217.160.0-255,2902,59817,9,405045
8083,0.001052,172.31.36.0-255,66,59883,9,405045
8084,0.001058,172.217.160.0-255,4320,64203,9,405045
8085,0.001061,172.31.36.0-255,66,64269,9,405045
8086,0.001078,172.217.160.0-255,1484,65753,9,405045
8087,0.001085,172.217.160.0-255,4320,70073,9,405045
8088,0.001087,172.31.36.0-255,66,70139,9,405045
8089,0.001095,172.217.160.0-255,7156,77295,9,405045
8090,0.001097,172.31.36.0-255,66,77361,9,405045
8091,0.001127,172.217.160.0-255,5379,82740,9,405045
8092,0.001131,172.31.36.0-255,66,82806,9,405045
8093,0.001137,172.217.160.0-255,6797,89603,9,405045
8094,0.00114,172.31.36.0-255,66,89669,9,405045
8095,0.001192,172.217.160.0-255,1484,91153,9,405045
8096,0.001197,172.217.160.0-255,2902,94055,9,405045
8097,0.001202,172.31.36.0-255,66,94121,9,405045
8098,0.001224,172.217.160.0-255,5738,99859,9,405045
8099,0.001227,172.31.36.0-255,66,99925,9,405045
8100,0.001233,172.217.160.0-255,5738,105663,9,405045
8101,0.001235,172.31.36.0-255,66,105729,9,405045
8102,0.001258,172.217.160.0-255,1013,106742,9,405045
8103,0.001525,172.217.160.0-255,195,106937,9,405045
8104,0.001652,172.217.160.0-255,1484,108421,9,405045
8105,0.001656,172.31.36.0-255,66,108487,9,405045
8106,0.001662,172.217.160.0-255,2902,111389,9,405045
8107,0.001663,172.31.36.0-255,66,111455,9,405045
8108,0.001695,172.217.160.0-255,5738,117193,9,405045
8109,0.001698,172.217.160.0-255,1484,118677,9,405045
8110,0.001701,172.217.160.0-255,2902,121579,9,405045
8111,0.001705,172.31.36.0-255,66,121645,9,405045
8112,0.001709,172.31.36.0-255,66,121711,9,405045
8113,0.001733,172.31.36.0-255,66,121777,9,405045
8114,0.001736,172.217.160.0-255,1484,123261,9,405045
8115,0.00175,172.217.160.0-255,5738,128999,9,405045
8116,0.001752,172.31.36.0-255,66,129065,9,405045
8117,0.001774,172.217.160.0-255,2184,131249,9,405045
8118,0.001777,172.31.36.0-255,66,131315,9,405045
8119,0.003647,172.217.160.0-255,5738,137053,9,405045
8120,0.003653,172.31.36.0-255,66,137119,9,405045
8121,0.005535,172.217.160.0-255,5738,142857,9,405045
8122,0.005541,172.31.36.0-255,66,142923,9,405045
8123,0.007462,172.217.160.0-255,5738,148661,9,405045
8124,0.007472,172.31.36.0-255,66,148727,9,405045
8125,0.009395,172.217.160.0-255,5738,154465,9,405045
8126,0.009407,172.31.36.0-255,66,154531,9,405045
8127,0.011304,172.217.160.0-255,5738,160269,9,405045
8128,0.011314,172.31.36.0-255,66,160335,9,405045
8129,0.013197,172.217.160.0-255,5738,166073,9,405045
8130,0.013206,172.31.36.0-255,66,166139,9,405045
8131,0.015087,172.217.160.0-255,5738,171877,9,405045
8132,0.015096,172.31.36.0-255,66,171943,9,405045
8133,0.01699,172.217.160.0-255,5738,177681,9,405045
8134,0.016998,172.31.36.0-255,66,177747,9,405045
8135,0.018876,172.217.160.0-255,5738,183485,9,405045
8136,0.018883,172.31.36.0-255,66,183551,9,405045
8137,0.020778,172.217.160.0-255,5738,189289,9,405045
8138,0.02079,172.31.36.0-255,66,189355,9,405045
8139,0.022674,172.217.160.0-255,5738,195093,9,405045
8140,0.02268,172.31.36.0-255,66,195159,9,405045
8141,0.024554,172.217.160.0-255,5738,200897,9,405045
8142,0.024558,172.31.36.0-255,66,200963,9,405045
8143,0.026441,172.217.160.0-255,5738,206701,9,405045
8144,0.02645,172.31.36.0-255,66,206767,9,405045
8145,0.028328,172.217.160.0-255,5738,212505,9,405045
8146,0.028336,172.31.36.0-255,66,212571,9,405045
8147,0.030231,172.217.160.0-255,5738,218309,9,405045
8148,0.030245,172.31.36.0-255,66,218375,9,405045
8149,0.032128,172.217.160.0-255,5738,224113,9,405045
8150,0.032135,172.31.36.0-255,66,224179,9,405045
8151,0.03403,172.217.160.0-255,5738,229917,9,405045
8152,0.034042,172.31.36.0-255,66,229983,9,405045
8153,0.035939,172.217.160.0-255,5738,235721,9,405045
8154,0.035951,172.31.36.0-255,66,235787,9,405045
8155,0.037834,172.217.160.0-255,5738,241525,9,405045
8156,0.037843,172.31.36.0-255,66,241591,9,405045
8157,0.039724,172.217.160.0-255,5738,247329,9,405045
8158,0.039732,172.31.36.0-255,66,247395,9,405045
8159,0.041613,172.217.160.0-255,5738,253133,9,405045
8160,0.041625,172.31.36.0-255,66,253199,9,405045
8161,0.043502,172.217.160.0-255,5738,258937,9,405045
8162,0.043508,172.31.36.0-255,66,259003,9,405045
8163,0.045395,172.217.160.0-255,5738,264741,9,405045
8164,0.045402,172.31.36.0-255,66,264807,9,405045
8165,0.047283,172.217.160.0-255,5738,270545,9,405045
8166,0.04729,172.31.36.0-255,66,270611,9,405045
8167,0.049184,172.217.160.0-255,5738,276349,9,405045
8168,0.049196,172.31.36.0-255,66,276415,9,405045
8169,0.051084,172.217.160.0-255,5738,282153,9,405045
8170,0.051091,172.31.36.0-255,66,282219,9,405045
8171,0.052971,172.217.160.0-255,5738,287957,9,405045
8172,0.052979,172.31.36.0-255,66,288023,9,405045
8173,0.054863,172.217.160.0-255,5738,293761,9,405045
8174,0.054871,172.31.36.0-255,66,293827,9,405045
8175,0.05675,172.217.160.0-255,5738,299565,9,405045
8176,0.056758,172.31.36.0-255,66,299631,9,405045
8177,0.058643,172.217.160.0-255,5738,305369,9,405045
8178,0.058651,172.31.36.0-255,66,305435,9,405045
8179,0.060566,172.217.160.0-255,5738,311173,9,405045
8180,0.060573,172.31.36.0-255,66,311239,9,405045
8181,0.062459,172.217.160.0-255,5738,316977,9,405045
8182,0.062468,172.31.36.0-255,66,317043,9,405045
8183,0.064371,172.217.160.0-255,5738,322781,9,405045
8184,0.064381,172.31.36.0-255,66,322847,9,405045
8185,0.066269,172.217.160.0-255,5738,328585,9,405045
8186,0.066277,172.31.36.0-255,66,328651,9,405045
8187,0.068165,172.217.160.0-255,5738,334389,9,405045
8188,0.068174,172.31.36.0-255,66,334455,9,405045
8189,0.070056,172.217.160.0-255,5738,340193,9,405045
8190,0.070066,172.31.36.0-255,66,340259,9,405045
8191,0.071897,172.31.36.0-255,176,340435,9,405045
8192,0.071958,172.217.160.0-255,5738,346173,9,405045
8193,0.071964,172.31.36.0-255,66,346239,9,405045
8194,0.07199,172.31.36.0-255,1118,347357,9,405045
8195,0.072282,172.31.36.0-255,1514,348871,9,405045
8196,0.072284,172.31.36.0-255,779,349650,9,405045
8197,0.073459,104.244.42.0-255,66,349716,9,405045
8198,0.073554,104.244.42.0-255,66,349782,9,405045
8199,0.073838,104.244.42.0-255,66,349848,9,405045
8200,0.073843,172.217.160.0-255,5738,355586,9,405045
8201,0.073849,172.31.36.0-255,66,355652,9,405045
8202,0.075725,172.217.160.0-255,5738,361390,9,405045
8203,0.075731,172.31.36.0-255,66,361456,9,405045
8204,0.077615,172.217.160.0-255,5738,367194,9,405045
8205,0.077621,172.31.36.0-255,66,367260,9,405045
8206,0.07951,172.217.160.0-255,5738,372998,9,405045
8207,0.079515,172.31.36.0-255,66,373064,9,405045
8208,0.081392,172.217.160.0-255,5738,378802,9,405045
8209,0.081398,172.31.36.0-255,66,378868,9,405045
8210,0.083288,172.217.160.0-255,5738,384606,9,405045
8211,0.083294,172.31.36.0-255,66,384672,9,405045
8212,0.085171,172.217.160.0-255,5738,390410,9,405045
8213,0.085176,172.31.36.0-255,66,390476,9,405045
8214,0.087056,172.217.160.0-255,5738,396214,9,405045
8215,0.087063,172.31.36.0-255,66,396280,9,405045
8216,0.088943,172.217.160.0-255,5738,402018,9,405045
8217,0.088949,172.31.36.0-255,66,402084,9,405045
8218,0.09083,172.217.160.0-255,2724,404808,9,405045
8219,0.090837,172.31.36.0-255,66,404874,9,405045
8220,0.091604,172.31.36.0-255,105,404979,9,405045
8221,0.093455,172.217.160.0-255,66,405045,9,405045
8222,0.0,172.217.27.0-255,146,146,9,350715
8223,2.4e-05,172.31.36.0-255,66,212,9,350715
8224,3.1e-05,172.217.27.0-255,1484,1696,9,350715
8225,3.7e-05,172.31.36.0-255,66,1762,9,350715
8226,4.3e-05,172.217.27.0-255,2902,4664,9,350715
8227,5.4e-05,172.31.36.0-255,66,4730,9,350715
8228,6.1e-05,172.217.27.0-255,4320,9050,9,350715
8229,6.4e-05,172.31.36.0-255,66,9116,9,350715
8230,7e-05,172.217.27.0-255,4320,13436,9,350715
8231,7.4e-05,172.31.36.0-255,66,13502,9,350715
8232,8.2e-05,172.217.27.0-255,4892,18394,9,350715
8233,8.5e-05,172.31.36.0-255,66,18460,9,350715
8234,9.1e-05,172.217.27.0-255,4320,22780,9,350715
8235,9.4e-05,172.31.36.0-255,66,22846,9,350715
8236,0.0001,172.217.27.0-255,4320,27166,9,350715
8237,0.000104,172.31.36.0-255,66,27232,9,350715
8238,0.000142,172.217.27.0-255,1484,28716,9,350715
8239,0.000145,172.31.36.0-255,66,28782,9,350715
8240,0.000164,172.31.36.0-255,66,28848,9,350715
8241,0.000177,172.31.36.0-255,66,28914,9,350715
8242,0.000188,172.31.36.0-255,66,28980,9,350715
8243,0.000232,172.217.27.0-255,1484,30464,9,350715
8244,0.000234,172.31.36.0-255,66,30530,9,350715
8245,0.000239,172.217.27.0-255,2902,33432,9,350715
8246,0.000241,172.31.36.0-255,66,33498,9,350715
8247,0.000252,172.217.27.0-255,3961,37459,9,350715
8248,0.000254,172.31.36.0-255,66,37525,9,350715
8249,0.000257,172.217.27.0-255,393,37918,9,350715
8250,0.000259,172.31.36.0-255,66,37984,9,350715
8251,0.000584,172.217.27.0-255,115,38099,9,350715
8252,0.000762,172.217.27.0-255,1484,39583,9,350715
8253,0.000768,172.217.27.0-255,2902,42485,9,350715
8254,0.000788,172.31.36.0-255,66,42551,9,350715
8255,0.000795,172.217.27.0-255,5738,48289,9,350715
8256,0.000802,172.217.27.0-255,5738,54027,9,350715
8257,0.000816,172.217.27.0-255,1484,55511,9,350715
8258,0.00083,172.31.36.0-255,66,55577,9,350715
8259,0.000859,172.217.27.0-255,1484,57061,9,350715
8260,0.000864,172.217.27.0-255,2902,59963,9,350715
8261,0.000882,172.31.36.0-255,66,60029,9,350715
8262,0.000905,172.217.27.0-255,3602,63631,9,350715
8263,0.000928,172.31.36.0-255,66,63697,9,350715
8264,0.000939,172.217.27.0-255,2902,66599,9,350715
8265,0.000954,172.217.27.0-255,1484,68083,9,350715
8266,0.00096,172.217.27.0-255,5738,73821,9,350715
8267,0.000981,172.217.27.0-255,1484,75305,9,350715
8268,0.000984,172.31.36.0-255,66,75371,9,350715
8269,0.000994,172.217.27.0-255,2902,78273,9,350715
8270,0.001004,172.217.27.0-255,4320,82593,9,350715
8271,0.00101,172.217.27.0-255,5738,88331,9,350715
8272,0.001016,172.31.36.0-255,66,88397,9,350715
8273,0.001054,172.217.27.0-255,2902,91299,9,350715
8274,0.001073,172.217.27.0-255,6438,97737,9,350715
8275,0.001078,172.31.36.0-255,66,97803,9,350715
8276,0.001104,172.217.27.0-255,2902,100705,9,350715
8277,0.001114,172.31.36.0-255,66,100771,9,350715
8278,0.001143,172.217.27.0-255,4320,105091,9,350715
8279,0.001176,172.31.36.0-255,66,105157,9,350715
8280,0.001179,172.217.27.0-255,1484,106641,9,350715
8281,0.001201,172.217.27.0-255,766,107407,9,350715
8282,0.001224,172.31.36.0-255,66,107473,9,350715
8283,0.001398,172.217.27.0-255,1484,108957,9,350715
8284,0.001402,172.217.27.0-255,1484,110441,9,350715
8285,0.001414,172.217.27.0-255,1484,111925,9,350715
8286,0.001426,172.217.27.0-255,1484,113409,9,350715
8287,0.00143,172.217.27.0-255,2902,116311,9,350715
8288,0.001436,172.31.36.0-255,66,116377,9,350715
8289,0.001452,172.217.27.0-255,2902,119279,9,350715
8290,0.001455,172.217.27.0-255,1484,120763,9,350715
8291,0.001475,172.217.27.0-255,7156,127919,9,350715
8292,0.001482,172.31.36.0-255,66,127985,9,350715
8293,0.001502,172.217.27.0-255,4320,132305,9,350715
8294,0.001509,172.217.27.0-255,7156,139461,9,350715
8295,0.001527,172.31.36.0-255,66,139527,9,350715
8296,0.001557,172.31.36.0-255,66,139593,9,350715
8297,0.001565,172.217.27.0-255,1484,141077,9,350715
8298,0.00157,172.217.27.0-255,4320,145397,9,350715
8299,0.001598,172.217.27.0-255,7156,152553,9,350715
8300,0.001609,172.31.36.0-255,66,152619,9,350715
8301,0.001622,172.217.27.0-255,5020,157639,9,350715
8302,0.001647,172.31.36.0-255,66,157705,9,350715
8303,0.003333,172.217.27.0-255,5738,163443,9,350715
8304,0.003339,172.31.36.0-255,66,163509,9,350715
8305,0.005016,172.217.27.0-255,5738,169247,9,350715
8306,0.008938,172.31.36.0-255,66,169313,9,350715
8307,0.010609,172.217.27.0-255,5738,175051,9,350715
8308,0.010617,172.31.36.0-255,66,175117,9,350715
8309,0.012298,172.217.27.0-255,5738,180855,9,350715
8310,0.012789,172.31.36.0-255,66,180921,9,350715
8311,0.014461,172.217.27.0-255,5738,186659,9,350715
8312,0.014469,172.31.36.0-255,66,186725,9,350715
8313,0.016143,172.217.27.0-255,5738,192463,9,350715
8314,0.016152,172.31.36.0-255,66,192529,9,350715
8315,0.017825,172.217.27.0-255,5738,198267,9,350715
8316,0.017834,172.31.36.0-255,66,198333,9,350715
8317,0.019513,172.217.27.0-255,5738,204071,9,350715
8318,0.019524,172.31.36.0-255,66,204137,9,350715
8319,0.021207,172.217.27.0-255,5738,209875,9,350715
8320,0.021214,172.31.36.0-255,66,209941,9,350715
8321,0.022883,172.217.27.0-255,5738,215679,9,350715
8322,0.022891,172.31.36.0-255,66,215745,9,350715
8323,0.024556,172.217.27.0-255,5738,221483,9,350715
8324,0.024563,172.31.36.0-255,66,221549,9,350715
8325,0.026233,172.217.27.0-255,5738,227287,9,350715
8326,0.026241,172.31.36.0-255,66,227353,9,350715
8327,0.027925,172.217.27.0-255,5738,233091,9,350715
8328,0.027932,172.31.36.0-255,66,233157,9,350715
8329,0.02961,172.217.27.0-255,5738,238895,9,350715
8330,0.029618,172.31.36.0-255,66,238961,9,350715
8331,0.031277,172.217.27.0-255,5738,244699,9,350715
8332,0.031524,172.31.36.0-255,66,244765,9,350715
8333,0.033193,172.217.27.0-255,5738,250503,9,350715
8334,0.033201,172.31.36.0-255,66,250569,9,350715
8335,0.034873,172.217.27.0-255,5738,256307,9,350715
8336,0.034882,172.31.36.0-255,66,256373,9,350715
8337,0.036551,172.217.27.0-255,5738,262111,9,350715
8338,0.03656,172.31.36.0-255,66,262177,9,350715
8339,0.038242,172.217.27.0-255,5738,267915,9,350715
8340,0.038251,172.31.36.0-255,66,267981,9,350715
8341,0.039931,172.217.27.0-255,5738,273719,9,350715
8342,0.039939,172.31.36.0-255,66,273785,9,350715
8343,0.041578,172.31.36.0-255,176,273961,9,350715
8344,0.041616,172.217.27.0-255,5738,279699,9,350715
8345,0.041621,172.31.36.0-255,66,279765,9,350715
8346,0.041625,172.31.36.0-255,1117,280882,9,350715
8347,0.041719,172.31.36.0-255,1514,282396,9,350715
8348,0.041721,172.31.36.0-255,1514,283910,9,350715
8349,0.041727,172.31.36.0-255,1514,285424,9,350715
8350,0.041728,172.31.36.0-255,1514,286938,9,350715
8351,0.041748,172.31.36.0-255,1484,288422,9,350715
8352,0.043139,104.244.42.0-255,66,288488,9,350715
8353,0.043169,104.244.42.0-255,66,288554,9,350715
8354,0.043296,172.217.27.0-255,5738,294292,9,350715
8355,0.043303,172.31.36.0-255,66,294358,9,350715
8356,0.04331,104.244.42.0-255,66,294424,9,350715
8357,0.04499,172.217.27.0-255,5738,300162,9,350715
8358,0.044998,172.31.36.0-255,66,300228,9,350715
8359,0.046672,172.217.27.0-255,5738,305966,9,350715
8360,0.046678,172.31.36.0-255,66,306032,9,350715
8361,0.048348,172.217.27.0-255,5738,311770,9,350715
8362,0.048355,172.31.36.0-255,66,311836,9,350715
8363,0.050047,172.217.27.0-255,5738,317574,9,350715
8364,0.050054,172.31.36.0-255,66,317640,9,350715
8365,0.051747,172.217.27.0-255,5738,323378,9,350715
8366,0.051754,172.31.36.0-255,66,323444,9,350715
8367,0.05343,172.217.27.0-255,5738,329182,9,350715
8368,0.053438,172.31.36.0-255,66,329248,9,350715
8369,0.055107,172.217.27.0-255,5738,334986,9,350715
8370,0.055114,172.31.36.0-255,66,335052,9,350715
8371,0.056813,172.217.27.0-255,2902,337954,9,350715
8372,0.056821,172.31.36.0-255,66,338020,9,350715
8373,0.056846,172.217.27.0-255,2902,340922,9,350715
8374,0.05685,172.31.36.0-255,66,340988,9,350715
8375,0.058536,172.217.27.0-255,5738,346726,9,350715
8376,0.058543,172.31.36.0-255,66,346792,9,350715
8377,0.060208,172.217.27.0-255,3686,350478,9,350715
8378,0.060378,172.31.36.0-255,66,350544,9,350715
8379,0.060579,172.31.36.0-255,105,350649,9,350715
8380,0.062236,172.217.27.0-255,66,350715,9,350715
8381,0.0,74.125.68.0-255,146,146,9,401902
8382,3.3e-05,172.31.36.0-255,66,212,9,401902
8383,4e-05,74.125.68.0-255,1484,1696,9,401902
8384,4.4e-05,172.31.36.0-255,66,1762,9,401902
8385,6.2e-05,74.125.68.0-255,2902,4664,9,401902
8386,6.5e-05,172.31.36.0-255,66,4730,9,401902
8387,6.9e-05,74.125.68.0-255,2902,7632,9,401902
8388,7.1e-05,172.31.36.0-255,66,7698,9,401902
8389,9.3e-05,74.125.68.0-255,1484,9182,9,401902
8390,9.6e-05,172.31.36.0-255,66,9248,9,401902
8391,0.000116,74.125.68.0-255,2902,12150,9,401902
8392,0.000119,172.31.36.0-255,66,12216,9,401902
8393,0.000123,74.125.68.0-255,2048,14264,9,401902
8394,0.000125,172.31.36.0-255,66,14330,9,401902
8395,0.000756,74.125.68.0-255,1484,15814,9,401902
8396,0.000763,172.31.36.0-255,66,15880,9,401902
8397,0.000773,74.125.68.0-255,2902,18782,9,401902
8398,0.000775,172.31.36.0-255,66,18848,9,401902
8399,0.000781,74.125.68.0-255,4320,23168,9,401902
8400,0.000783,172.31.36.0-255,66,23234,9,401902
8401,0.000814,74.125.68.0-255,5738,28972,9,401902
8402,0.000818,172.31.36.0-255,66,29038,9,401902
8403,0.000842,74.125.68.0-255,3961,32999,9,401902
8404,0.000846,172.31.36.0-255,66,33065,9,401902
8405,0.00085,74.125.68.0-255,1484,34549,9,401902
8406,0.000852,172.31.36.0-255,66,34615,9,401902
8407,0.000868,74.125.68.0-255,2902,37517,9,401902
8408,0.000871,172.31.36.0-255,66,37583,9,401902
8409,0.000889,74.125.68.0-255,4320,41903,9,401902
8410,0.000892,172.31.36.0-255,66,41969,9,401902
8411,0.000918,74.125.68.0-255,5738,47707,9,401902
8412,0.000922,172.31.36.0-255,66,47773,9,401902
8413,0.000977,172.31.36.0-255,66,47839,9,401902
8414,0.001008,74.125.68.0-255,6438,54277,9,401902
8415,0.001022,172.31.36.0-255,66,54343,9,401902
8416,0.00142,74.125.68.0-255,399,54742,9,401902
8417,0.001444,172.31.36.0-255,66,54808,9,401902
8418,0.001464,74.125.68.0-255,108,54916,9,401902
8419,0.001483,172.31.36.0-255,66,54982,9,401902
8420,0.001691,74.125.68.0-255,1484,56466,9,401902
8421,0.001698,74.125.68.0-255,2902,59368,9,401902
8422,0.001726,74.125.68.0-255,5738,65106,9,401902
8423,0.001732,172.31.36.0-255,66,65172,9,401902
8424,0.001743,74.125.68.0-255,2902,68074,9,401902
8425,0.00176,74.125.68.0-255,4320,72394,9,401902
8426,0.001765,74.125.68.0-255,4320,76714,9,401902
8427,0.001783,74.125.68.0-255,4320,81034,9,401902
8428,0.001785,74.125.68.0-255,1484,82518,9,401902
8429,0.001789,172.31.36.0-255,66,82584,9,401902
8430,0.001808,74.125.68.0-255,6438,89022,9,401902
8431,0.00182,172.31.36.0-255,66,89088,9,401902
8432,0.001857,74.125.68.0-255,1484,90572,9,401902
8433,0.00187,74.125.68.0-255,2902,93474,9,401902
8434,0.001892,74.125.68.0-255,5738,99212,9,401902
8435,0.001898,172.31.36.0-255,66,99278,9,401902
8436,0.001913,74.125.68.0-255,4320,103598,9,401902
8437,0.001927,74.125.68.0-255,2902,106500,9,401902
8438,0.00193,172.31.36.0-255,66,106566,9,401902
8439,0.001934,172.31.36.0-255,66,106632,9,401902
8440,0.001962,172.31.36.0-255,66,106698,9,401902
8441,0.001977,74.125.68.0-255,5738,112436,9,401902
8442,0.001986,172.31.36.0-255,66,112502,9,401902
8443,0.001996,74.125.68.0-255,4320,116822,9,401902
8444,0.002,172.31.36.0-255,66,116888,9,401902
8445,0.002011,74.125.68.0-255,3602,120490,9,401902
8446,0.002014,74.125.68.0-255,1484,121974,9,401902
8447,0.002033,74.125.68.0-255,7156,129130,9,401902
8448,0.002039,172.31.36.0-255,66,129196,9,401902
8449,0.002047,74.125.68.0-255,2902,132098,9,401902
8450,0.002051,172.31.36.0-255,66,132164,9,401902
8451,0.00206,74.125.68.0-255,5738,137902,9,401902
8452,0.00208,172.31.36.0-255,66,137968,9,401902
8453,0.0021,74.125.68.0-255,5738,143706,9,401902
8454,0.002105,172.31.36.0-255,66,143772,9,401902
8455,0.002115,74.125.68.0-255,4320,148092,9,401902
8456,0.002139,172.31.36.0-255,66,148158,9,401902
8457,0.002147,74.125.68.0-255,766,148924,9,401902
8458,0.002352,74.125.68.0-255,1484,150408,9,401902
8459,0.002356,172.31.36.0-255,66,150474,9,401902
8460,0.00236,74.125.68.0-255,1484,151958,9,401902
8461,0.002378,74.125.68.0-255,2902,154860,9,401902
8462,0.002389,172.31.36.0-255,66,154926,9,401902
8463,0.002409,74.125.68.0-255,4320,159246,9,401902
8464,0.002414,172.31.36.0-255,66,159312,9,401902
8465,0.002431,74.125.68.0-255,1484,160796,9,401902
8466,0.002448,74.125.68.0-255,7156,167952,9,401902
8467,0.002464,172.31.36.0-255,66,168018,9,401902
8468,0.002468,74.125.68.0-255,2902,170920,9,401902
8469,0.002472,172.31.36.0-255,66,170986,9,401902
8470,0.00249,74.125.68.0-255,4320,175306,9,401902
8471,0.0025,172.31.36.0-255,66,175372,9,401902
8472,0.002511,74.125.68.0-255,4320,179692,9,401902
8473,0.002535,172.31.36.0-255,66,179758,9,401902
8474,0.002563,74.125.68.0-255,3602,183360,9,401902
8475,0.00259,172.31.36.0-255,66,183426,9,401902
8476,0.005104,74.125.68.0-255,1484,184910,9,401902
8477,0.005174,74.125.68.0-255,4320,189230,9,401902
8478,0.00518,172.31.36.0-255,66,189296,9,401902
8479,0.007765,74.125.68.0-255,5738,195034,9,401902
8480,0.007834,172.31.36.0-255,66,195100,9,401902
8481,0.010408,74.125.68.0-255,5738,200838,9,401902
8482,0.010418,172.31.36.0-255,66,200904,9,401902
8483,0.013013,74.125.68.0-255,5738,206642,9,401902
8484,0.013026,172.31.36.0-255,66,206708,9,401902
8485,0.015603,74.125.68.0-255,4320,211028,9,401902
8486,0.015612,172.31.36.0-255,66,211094,9,401902
8487,0.015636,74.125.68.0-255,1484,212578,9,401902
8488,0.018191,74.125.68.0-255,4320,216898,9,401902
8489,0.018198,172.31.36.0-255,66,216964,9,401902
8490,0.020813,74.125.68.0-255,5738,222702,9,401902
8491,0.020858,172.31.36.0-255,66,222768,9,401902
8492,0.023435,74.125.68.0-255,5738,228506,9,401902
8493,0.023445,172.31.36.0-255,66,228572,9,401902
8494,0.026061,74.125.68.0-255,5738,234310,9,401902
8495,0.026073,172.31.36.0-255,66,234376,9,401902
8496,0.028664,74.125.68.0-255,5738,240114,9,401902
8497,0.028676,172.31.36.0-255,66,240180,9,401902
8498,0.03126,74.125.68.0-255,5738,245918,9,401902
8499,0.03127,172.31.36.0-255,66,245984,9,401902
8500,0.033843,74.125.68.0-255,2902,248886,9,401902
8501,0.033851,172.31.36.0-255,66,248952,9,401902
8502,0.033887,74.125.68.0-255,2902,251854,9,401902
8503,0.033923,172.31.36.0-255,66,251920,9,401902
8504,0.034247,172.31.36.0-255,172,252092,9,401902
8505,0.034446,172.31.36.0-255,1116,253208,9,401902
8506,0.034536,172.31.36.0-255,1514,254722,9,401902
8507,0.034538,172.31.36.0-255,1514,256236,9,401902
8508,0.03454,172.31.36.0-255,1514,257750,9,401902
8509,0.034541,172.31.36.0-255,106,257856,9,401902
8510,0.035796,104.244.42.0-255,66,257922,9,401902
8511,0.035981,104.244.42.0-255,66,257988,9,401902
8512,0.036071,104.244.42.0-255,66,258054,9,401902
8513,0.036074,104.244.42.0-255,66,258120,9,401902
8514,0.036409,74.125.68.0-255,2902,261022,9,401902
8515,0.036413,172.31.36.0-255,66,261088,9,401902
8516,0.036485,74.125.68.0-255,2902,263990,9,401902
8517,0.036503,172.31.36.0-255,66,264056,9,401902
8518,0.038984,74.125.68.0-255,2902,266958,9,401902
8519,0.03899,172.31.36.0-255,66,267024,9,401902
8520,0.039085,74.125.68.0-255,2902,269926,9,401902
8521,0.03909,172.31.36.0-255,66,269992,9,401902
8522,0.041563,74.125.68.0-255,2902,272894,9,401902
8523,0.041568,172.31.36.0-255,66,272960,9,401902
8524,0.041667,74.125.68.0-255,2902,275862,9,401902
8525,0.041672,172.31.36.0-255,66,275928,9,401902
8526,0.044154,74.125.68.0-255,2902,278830,9,401902
8527,0.04416,172.31.36.0-255,66,278896,9,401902
8528,0.044237,74.125.68.0-255,2902,281798,9,401902
8529,0.044249,172.31.36.0-255,66,281864,9,401902
8530,0.046733,74.125.68.0-255,2902,284766,9,401902
8531,0.046738,172.31.36.0-255,66,284832,9,401902
8532,0.046822,74.125.68.0-255,2902,287734,9,401902
8533,0.046828,172.31.36.0-255,66,287800,9,401902
8534,0.049307,74.125.68.0-255,2902,290702,9,401902
8535,0.049314,172.31.36.0-255,66,290768,9,401902
8536,0.049386,74.125.68.0-255,2902,293670,9,401902
8537,0.050032,172.31.36.0-255,66,293736,9,401902
8538,0.051887,74.125.68.0-255,2902,296638,9,401902
8539,0.051893,172.31.36.0-255,66,296704,9,401902
8540,0.052606,74.125.68.0-255,2902,299606,9,401902
8541,0.052612,172.31.36.0-255,66,299672,9,401902
8542,0.054465,74.125.68.0-255,2902,302574,9,401902
8543,0.054471,172.31.36.0-255,66,302640,9,401902
8544,0.055186,74.125.68.0-255,2902,305542,9,401902
8545,0.055192,172.31.36.0-255,66,305608,9,401902
8546,0.057037,74.125.68.0-255,2902,308510,9,401902
8547,0.057043,172.31.36.0-255,66,308576,9,401902
8548,0.057762,74.125.68.0-255,2902,311478,9,401902
8549,0.057768,172.31.36.0-255,66,311544,9,401902
8550,0.059599,74.125.68.0-255,2902,314446,9,401902
8551,0.059605,172.31.36.0-255,66,314512,9,401902
8552,0.060323,74.125.68.0-255,2902,317414,9,401902
8553,0.060328,172.31.36.0-255,66,317480,9,401902
8554,0.062162,74.125.68.0-255,1484,318964,9,401902
8555,0.062903,74.125.68.0-255,4320,323284,9,401902
8556,0.063001,172.31.36.0-255,66,323350,9,401902
8557,0.065584,74.125.68.0-255,5738,329088,9,401902
8558,0.065648,172.31.36.0-255,66,329154,9,401902
8559,0.068228,74.125.68.0-255,5738,334892,9,401902
8560,0.068234,172.31.36.0-255,66,334958,9,401902
8561,0.070816,74.125.68.0-255,4320,339278,9,401902
8562,0.070821,172.31.36.0-255,66,339344,9,401902
8563,0.070848,74.125.68.0-255,1484,340828,9,401902
8564,0.073397,74.125.68.0-255,4320,345148,9,401902
8565,0.073403,172.31.36.0-255,66,345214,9,401902
8566,0.075975,74.125.68.0-255,5738,350952,9,401902
8567,0.076028,172.31.36.0-255,66,351018,9,401902
8568,0.078598,74.125.68.0-255,5738,356756,9,401902
8569,0.078603,172.31.36.0-255,66,356822,9,401902
8570,0.081183,74.125.68.0-255,5738,362560,9,401902
8571,0.081189,172.31.36.0-255,66,362626,9,401902
8572,0.083759,74.125.68.0-255,4320,366946,9,401902
8573,0.083764,172.31.36.0-255,66,367012,9,401902
8574,0.083793,74.125.68.0-255,1484,368496,9,401902
8575,0.086348,74.125.68.0-255,4320,372816,9,401902
8576,0.086354,172.31.36.0-255,66,372882,9,401902
8577,0.088949,74.125.68.0-255,5738,378620,9,401902
8578,0.08901,172.31.36.0-255,66,378686,9,401902
8579,0.091579,74.125.68.0-255,5738,384424,9,401902
8580,0.091585,172.31.36.0-255,66,384490,9,401902
8581,0.094161,74.125.68.0-255,5738,390228,9,401902
8582,0.094166,172.31.36.0-255,66,390294,9,401902
8583,0.096732,74.125.68.0-255,5738,396032,9,401902
8584,0.096737,172.31.36.0-255,66,396098,9,401902
8585,0.099307,74.125.68.0-255,5738,401836,9,401902
8586,0.099312,172.31.36.0-255,66,401902,9,401902
8587,0.0,172.217.194.0-255,153,153,9,322745
8588,3e-05,172.31.36.0-255,66,219,9,322745
8589,3.6e-05,172.217.194.0-255,1484,1703,9,322745
8590,4.1e-05,172.31.36.0-255,66,1769,9,322745
8591,4.6e-05,172.217.194.0-255,2902,4671,9,322745
8592,5e-05,172.31.36.0-255,66,4737,9,322745
8593,5.6e-05,172.217.194.0-255,7156,11893,9,322745
8594,5.9e-05,172.31.36.0-255,66,11959,9,322745
8595,6.3e-05,172.217.194.0-255,2027,13986,9,322745
8596,6.6e-05,172.31.36.0-255,66,14052,9,322745
8597,0.000229,172.217.194.0-255,1484,15536,9,322745
8598,0.000234,172.31.36.0-255,66,15602,9,322745
8599,0.000241,172.217.194.0-255,2902,18504,9,322745
8600,0.000244,172.31.36.0-255,66,18570,9,322745
8601,0.000252,172.217.194.0-255,5738,24308,9,322745
8602,0.000255,172.31.36.0-255,66,24374,9,322745
8603,0.000306,172.217.194.0-255,6797,31171,9,322745
8604,0.00031,172.31.36.0-255,66,31237,9,322745
8605,0.000721,172.217.194.0-255,1484,32721,9,322745
8606,0.000727,172.31.36.0-255,66,32787,9,322745
8607,0.000735,172.217.194.0-255,2902,35689,9,322745
8608,0.000738,172.31.36.0-255,66,35755,9,322745
8609,0.000744,172.217.194.0-255,5738,41493,9,322745
8610,0.000746,172.31.36.0-255,66,41559,9,322745
8611,0.000751,172.217.194.0-255,2902,44461,9,322745
8612,0.000753,172.31.36.0-255,66,44527,9,322745
8613,0.000778,172.217.194.0-255,2902,47429,9,322745
8614,0.000781,172.31.36.0-255,66,47495,9,322745
8615,0.000821,172.31.36.0-255,66,47561,9,322745
8616,0.00086,172.217.194.0-255,5738,53299,9,322745
8617,0.000863,172.31.36.0-255,66,53365,9,322745
8618,0.000879,172.217.194.0-255,2543,55908,9,322745
8619,0.000881,172.31.36.0-255,66,55974,9,322745
8620,0.001698,172.217.194.0-255,647,56621,9,322745
8621,0.001874,172.217.194.0-255,1484,58105,9,322745
8622,0.001878,172.31.36.0-255,66,58171,9,322745
8623,0.001902,172.217.194.0-255,2902,61073,9,322745
8624,0.001904,172.31.36.0-255,66,61139,9,322745
8625,0.00191,172.217.194.0-255,5738,66877,9,322745
8626,0.001913,172.31.36.0-255,66,66943,9,322745
8627,0.001918,172.217.194.0-255,4320,71263,9,322745
8628,0.00192,172.31.36.0-255,66,71329,9,322745
8629,0.001942,172.217.194.0-255,1484,72813,9,322745
8630,0.001947,172.217.194.0-255,2902,75715,9,322745
8631,0.001949,172.31.36.0-255,66,75781,9,322745
8632,0.001978,172.31.36.0-255,66,75847,9,322745
8633,0.001983,172.217.194.0-255,5020,80867,9,322745
8634,0.001985,172.31.36.0-255,66,80933,9,322745
8635,0.004299,172.217.194.0-255,2902,83835,9,322745
8636,0.004301,172.31.36.0-255,66,83901,9,322745
8637,0.004319,172.217.194.0-255,2902,86803,9,322745
8638,0.004322,172.31.36.0-255,66,86869,9,322745
8639,0.006606,172.217.194.0-255,2902,89771,9,322745
8640,0.006613,172.31.36.0-255,66,89837,9,322745
8641,0.00665,172.217.194.0-255,2902,92739,9,322745
8642,0.006654,172.31.36.0-255,66,92805,9,322745
8643,0.008921,172.217.194.0-255,2902,95707,9,322745
8644,0.00893,172.31.36.0-255,66,95773,9,322745
8645,0.008953,172.217.194.0-255,2902,98675,9,322745
8646,0.008957,172.31.36.0-255,66,98741,9,322745
8647,0.011241,172.217.194.0-255,2902,101643,9,322745
8648,0.011248,172.31.36.0-255,66,101709,9,322745
8649,0.011277,172.217.194.0-255,2902,104611,9,322745
8650,0.011282,172.31.36.0-255,66,104677,9,322745
8651,0.013542,172.217.194.0-255,2902,107579,9,322745
8652,0.01355,172.31.36.0-255,66,107645,9,322745
8653,0.013576,172.217.194.0-255,2902,110547,9,322745
8654,0.013579,172.31.36.0-255,66,110613,9,322745
8655,0.015876,172.217.194.0-255,5738,116351,9,322745
8656,0.015883,172.31.36.0-255,66,116417,9,322745
8657,0.01817,172.217.194.0-255,5738,122155,9,322745
8658,0.018178,172.31.36.0-255,66,122221,9,322745
8659,0.020536,172.217.194.0-255,5738,127959,9,322745
8660,0.020544,172.31.36.0-255,66,128025,9,322745
8661,0.022838,172.217.194.0-255,5738,133763,9,322745
8662,0.022845,172.31.36.0-255,66,133829,9,322745
8663,0.025169,172.217.194.0-255,5738,139567,9,322745
8664,0.025176,172.31.36.0-255,66,139633,9,322745
8665,0.027486,172.217.194.0-255,5738,145371,9,322745
8666,0.027494,172.31.36.0-255,66,145437,9,322745
8667,0.02982,172.217.194.0-255,5738,151175,9,322745
8668,0.029828,172.31.36.0-255,66,151241,9,322745
8669,0.032136,172.217.194.0-255,5738,156979,9,322745
8670,0.032143,172.31.36.0-255,66,157045,9,322745
8671,0.034474,172.217.194.0-255,5738,162783,9,322745
8672,0.034481,172.31.36.0-255,66,162849,9,322745
8673,0.036807,172.217.194.0-255,5738,168587,9,322745
8674,0.036813,172.31.36.0-255,66,168653,9,322745
8675,0.039161,172.217.194.0-255,5738,174391,9,322745
8676,0.03917,172.31.36.0-255,66,174457,9,322745
8677,0.04149,172.217.194.0-255,5738,180195,9,322745
8678,0.041497,172.31.36.0-255,66,180261,9,322745
8679,0.042621,172.31.36.0-255,172,180433,9,322745
8680,0.042649,172.31.36.0-255,1070,181503,9,322745
8681,0.043812,172.217.194.0-255,5738,187241,9,322745
8682,0.043818,172.31.36.0-255,66,187307,9,322745
8683,0.044199,104.244.42.0-255,66,187373,9,322745
8684,0.044207,104.244.42.0-255,66,187439,9,322745
8685,0.04612,172.217.194.0-255,4320,191759,9,322745
8686,0.046124,172.31.36.0-255,66,191825,9,322745
8687,0.046153,172.217.194.0-255,1484,193309,9,322745
8688,0.048413,172.217.194.0-255,4320,197629,9,322745
8689,0.048417,172.31.36.0-255,66,197695,9,322745
8690,0.050753,172.217.194.0-255,5738,203433,9,322745
8691,0.050759,172.31.36.0-255,66,203499,9,322745
8692,0.053046,172.217.194.0-255,5738,209237,9,322745
8693,0.053051,172.31.36.0-255,66,209303,9,322745
8694,0.055394,172.217.194.0-255,5738,215041,9,322745
8695,0.055398,172.31.36.0-255,66,215107,9,322745
8696,0.057694,172.217.194.0-255,1484,216591,9,322745
8697,0.057725,172.217.194.0-255,4320,220911,9,322745
8698,0.057729,172.31.36.0-255,66,220977,9,322745
8699,0.06004,172.217.194.0-255,5738,226715,9,322745
8700,0.060046,172.31.36.0-255,66,226781,9,322745
8701,0.062361,172.217.194.0-255,5738,232519,9,322745
8702,0.062366,172.31.36.0-255,66,232585,9,322745
8703,0.064684,172.217.194.0-255,5738,238323,9,322745
8704,0.064689,172.31.36.0-255,66,238389,9,322745
8705,0.067004,172.217.194.0-255,5738,244127,9,322745
8706,0.06701,172.31.36.0-255,66,244193,9,322745
8707,0.069305,172.217.194.0-255,5738,249931,9,322745
8708,0.069311,172.31.36.0-255,66,249997,9,322745
8709,0.071641,172.217.194.0-255,5738,255735,9,322745
8710,0.071645,172.31.36.0-255,66,255801,9,322745
8711,0.073951,172.217.194.0-255,5738,261539,9,322745
8712,0.073956,172.31.36.0-255,66,261605,9,322745
8713,0.076246,172.217.194.0-255,5738,267343,9,322745
8714,0.076252,172.31.36.0-255,66,267409,9,322745
8715,0.078579,172.217.194.0-255,5738,273147,9,322745
8716,0.078584,172.31.36.0-255,66,273213,9,322745
8717,0.080939,172.217.194.0-255,5738,278951,9,322745
8718,0.080945,172.31.36.0-255,66,279017,9,322745
8719,0.083252,172.217.194.0-255,5738,284755,9,322745
8720,0.083258,172.31.36.0-255,66,284821,9,322745
8721,0.085575,172.217.194.0-255,5738,290559,9,322745
8722,0.08558,172.31.36.0-255,66,290625,9,322745
8723,0.087868,172.217.194.0-255,4320,294945,9,322745
8724,0.087874,172.31.36.0-255,66,295011,9,322745
8725,0.087905,172.217.194.0-255,1484,296495,9,322745
8726,0.090218,172.217.194.0-255,2902,299397,9,322745
8727,0.090226,172.31.36.0-255,66,299463,9,322745
8728,0.090242,172.217.194.0-255,1484,300947,9,322745
8729,0.092551,172.217.194.0-255,4320,305267,9,322745
8730,0.092558,172.31.36.0-255,66,305333,9,322745
8731,0.094894,172.217.194.0-255,5738,311071,9,322745
8732,0.094899,172.31.36.0-255,66,311137,9,322745
8733,0.097249,172.217.194.0-255,5738,316875,9,322745
8734,0.097255,172.31.36.0-255,66,316941,9,322745
8735,0.099561,172.217.194.0-255,5738,322679,9,322745
8736,0.099568,172.31.36.0-255,66,322745,9,322745
8737,0.0,74.125.24.0-255,66,66,9,132
8738,0.017713,104.244.42.0-255,66,132,9,132
8739,0.0,74.125.130.0-255,219,219,9,359535
8740,3.4e-05,172.31.36.0-255,66,285,9,359535
8741,4.1e-05,74.125.130.0-255,1484,1769,9,359535
8742,4.5e-05,172.31.36.0-255,66,1835,9,359535
8743,5.9e-05,74.125.130.0-255,4320,6155,9,359535
8744,6.2e-05,172.31.36.0-255,66,6221,9,359535
8745,6.6e-05,74.125.130.0-255,1484,7705,9,359535
8746,6.8e-05,172.31.36.0-255,66,7771,9,359535
8747,0.000104,74.125.130.0-255,6147,13918,9,359535
8748,0.000107,172.31.36.0-255,66,13984,9,359535
8749,0.000132,74.125.130.0-255,1484,15468,9,359535
8750,0.000135,172.31.36.0-255,66,15534,9,359535
8751,0.00014,74.125.130.0-255,2902,18436,9,359535
8752,0.000143,172.31.36.0-255,66,18502,9,359535
8753,0.000147,74.125.130.0-255,2902,21404,9,359535
8754,0.000154,172.31.36.0-255,66,21470,9,359535
8755,0.000186,74.125.130.0-255,2902,24372,9,359535
8756,0.000189,172.31.36.0-255,66,24438,9,359535
8757,0.000194,74.125.130.0-255,2902,27340,9,359535
8758,0.000197,172.31.36.0-255,66,27406,9,359535
8759,0.000227,74.125.130.0-255,3961,31367,9,359535
8760,0.00023,172.31.36.0-255,66,31433,9,359535
8761,0.0003,74.125.130.0-255,1484,32917,9,359535
8762,0.000304,172.31.36.0-255,66,32983,9,359535
8763,0.00031,74.125.130.0-255,2902,35885,9,359535
8764,0.000312,172.31.36.0-255,66,35951,9,359535
8765,0.000341,74.125.130.0-255,5738,41689,9,359535
8766,0.000347,172.31.36.0-255,66,41755,9,359535
8767,0.000348,74.125.130.0-255,5738,47493,9,359535
8768,0.000351,172.31.36.0-255,66,47559,9,359535
8769,0.000374,74.125.130.0-255,1125,48684,9,359535
8770,0.000378,172.31.36.0-255,66,48750,9,359535
8771,0.000418,74.125.130.0-255,4320,53070,9,359535
8772,0.000422,172.31.36.0-255,66,53136,9,359535
8773,0.000464,172.31.36.0-255,66,53202,9,359535
8774,0.000468,74.125.130.0-255,2543,55745,9,359535
8775,0.000471,172.31.36.0-255,66,55811,9,359535
8776,0.000481,74.125.130.0-255,677,56488,9,359535
8777,0.000725,74.125.130.0-255,1484,57972,9,359535
8778,0.00073,172.31.36.0-255,66,58038,9,359535
8779,0.000758,74.125.130.0-255,2902,60940,9,359535
8780,0.000761,172.31.36.0-255,66,61006,9,359535
8781,0.000768,74.125.130.0-255,5738,66744,9,359535
8782,0.00077,172.31.36.0-255,66,66810,9,359535
8783,0.000811,172.31.36.0-255,66,66876,9,359535
8784,0.000828,172.31.36.0-255,66,66942,9,359535
8785,0.000847,74.125.130.0-255,2184,69126,9,359535
8786,0.00085,172.31.36.0-255,66,69192,9,359535
8787,0.001064,74.125.130.0-255,1484,70676,9,359535
8788,0.001069,74.125.130.0-255,1484,72160,9,359535
8789,0.001072,172.31.36.0-255,66,72226,9,359535
8790,0.00109,74.125.130.0-255,1484,73710,9,359535
8791,0.001097,74.125.130.0-255,5738,79448,9,359535
8792,0.001101,172.31.36.0-255,66,79514,9,359535
8793,0.001107,74.125.130.0-255,5738,85252,9,359535
8794,0.00111,172.31.36.0-255,66,85318,9,359535
8795,0.001115,74.125.130.0-255,4320,89638,9,359535
8796,0.001117,172.31.36.0-255,66,89704,9,359535
8797,0.001146,74.125.130.0-255,2902,92606,9,359535
8798,0.00115,172.31.36.0-255,66,92672,9,359535
8799,0.001162,172.31.36.0-255,66,92738,9,359535
8800,0.001186,74.125.130.0-255,2184,94922,9,359535
8801,0.001191,172.31.36.0-255,66,94988,9,359535
8802,0.001215,74.125.130.0-255,1484,96472,9,359535
8803,0.00122,74.125.130.0-255,2902,99374,9,359535
8804,0.001223,172.31.36.0-255,66,99440,9,359535
8805,0.001229,74.125.130.0-255,5738,105178,9,359535
8806,0.001231,172.31.36.0-255,66,105244,9,359535
8807,0.001252,74.125.130.0-255,5738,110982,9,359535
8808,0.001255,172.31.36.0-255,66,111048,9,359535
8809,0.001283,74.125.130.0-255,7156,118204,9,359535
8810,0.001287,172.31.36.0-255,66,118270,9,359535
8811,0.00129,74.125.130.0-255,1484,119754,9,359535
8812,0.001319,172.31.36.0-255,66,119820,9,359535
8813,0.001426,74.125.130.0-255,1484,121304,9,359535
8814,0.001445,74.125.130.0-255,2902,124206,9,359535
8815,0.001448,172.31.36.0-255,66,124272,9,359535
8816,0.001454,74.125.130.0-255,4320,128592,9,359535
8817,0.001456,172.31.36.0-255,66,128658,9,359535
8818,0.001484,74.125.130.0-255,5738,134396,9,359535
8819,0.001488,172.31.36.0-255,66,134462,9,359535
8820,0.001493,74.125.130.0-255,2902,137364,9,359535
8821,0.001495,172.31.36.0-255,66,137430,9,359535
8822,0.001545,172.31.36.0-255,66,137496,9,359535
8823,0.001554,172.31.36.0-255,66,137562,9,359535
8824,0.001818,74.125.130.0-255,1484,139046,9,359535
8825,0.001824,74.125.130.0-255,2902,141948,9,359535
8826,0.001827,172.31.36.0-255,66,142014,9,359535
8827,0.001834,74.125.130.0-255,5738,147752,9,359535
8828,0.001836,172.31.36.0-255,66,147818,9,359535
8829,0.001866,74.125.130.0-255,5738,153556,9,359535
8830,0.00187,172.31.36.0-255,66,153622,9,359535
8831,0.001895,74.125.130.0-255,7156,160778,9,359535
8832,0.001898,172.31.36.0-255,66,160844,9,359535
8833,0.001909,172.31.36.0-255,66,160910,9,359535
8834,0.001913,74.125.130.0-255,2184,163094,9,359535
8835,0.001915,172.31.36.0-255,66,163160,9,359535
8836,0.003873,74.125.130.0-255,5738,168898,9,359535
8837,0.003878,172.31.36.0-255,66,168964,9,359535
8838,0.005861,74.125.130.0-255,5738,174702,9,359535
8839,0.005868,172.31.36.0-255,66,174768,9,359535
8840,0.007848,74.125.130.0-255,5738,180506,9,359535
8841,0.007853,172.31.36.0-255,66,180572,9,359535
8842,0.009824,74.125.130.0-255,5738,186310,9,359535
8843,0.00983,172.31.36.0-255,66,186376,9,359535
8844,0.009938,172.31.36.0-255,101,186477,9,359535
8845,0.011801,74.125.130.0-255,5738,192215,9,359535
8846,0.011807,172.31.36.0-255,66,192281,9,359535
8847,0.011866,74.125.130.0-255,66,192347,9,359535
8848,0.01378,74.125.130.0-255,5738,198085,9,359535
8849,0.013786,172.31.36.0-255,66,198151,9,359535
8850,0.015772,74.125.130.0-255,5738,203889,9,359535
8851,0.01578,172.31.36.0-255,66,203955,9,359535
8852,0.017749,74.125.130.0-255,2902,206857,9,359535
8853,0.017758,172.31.36.0-255,66,206923,9,359535
8854,0.017801,74.125.130.0-255,2902,209825,9,359535
8855,0.017806,172.31.36.0-255,66,209891,9,359535
8856,0.019748,74.125.130.0-255,2902,212793,9,359535
8857,0.01976,172.31.36.0-255,66,212859,9,359535
8858,0.0198,74.125.130.0-255,2902,215761,9,359535
8859,0.019803,172.31.36.0-255,66,215827,9,359535
8860,0.021733,74.125.130.0-255,2902,218729,9,359535
8861,0.021742,172.31.36.0-255,66,218795,9,359535
8862,0.021776,74.125.130.0-255,2902,221697,9,359535
8863,0.021779,172.31.36.0-255,66,221763,9,359535
8864,0.02371,74.125.130.0-255,2902,224665,9,359535
8865,0.023718,172.31.36.0-255,66,224731,9,359535
8866,0.023754,74.125.130.0-255,2902,227633,9,359535
8867,0.023757,172.31.36.0-255,66,227699,9,359535
8868,0.025716,74.125.130.0-255,2902,230601,9,359535
8869,0.025724,172.31.36.0-255,66,230667,9,359535
8870,0.025758,74.125.130.0-255,2902,233569,9,359535
8871,0.025761,172.31.36.0-255,66,233635,9,359535
8872,0.027705,74.125.130.0-255,2902,236537,9,359535
8873,0.027713,172.31.36.0-255,66,236603,9,359535
8874,0.027748,74.125.130.0-255,2902,239505,9,359535
8875,0.027752,172.31.36.0-255,66,239571,9,359535
8876,0.029685,74.125.130.0-255,2902,242473,9,359535
8877,0.029692,172.31.36.0-255,66,242539,9,359535
8878,0.029722,74.125.130.0-255,2902,245441,9,359535
8879,0.029726,172.31.36.0-255,66,245507,9,359535
8880,0.031666,74.125.130.0-255,2902,248409,9,359535
8881,0.031672,172.31.36.0-255,66,248475,9,359535
8882,0.031709,74.125.130.0-255,2902,251377,9,359535
8883,0.031712,172.31.36.0-255,66,251443,9,359535
8884,0.033651,74.125.130.0-255,2902,254345,9,359535
8885,0.033658,172.31.36.0-255,66,254411,9,359535
8886,0.033693,74.125.130.0-255,2902,257313,9,359535
8887,0.033697,172.31.36.0-255,66,257379,9,359535
8888,0.035624,74.125.130.0-255,2902,260281,9,359535
8889,0.03563,172.31.36.0-255,66,260347,9,359535
8890,0.035673,74.125.130.0-255,2902,263249,9,359535
8891,0.035681,172.31.36.0-255,66,263315,9,359535
8892,0.037609,74.125.130.0-255,2902,266217,9,359535
8893,0.037618,172.31.36.0-255,66,266283,9,359535
8894,0.037653,74.125.130.0-255,2902,269185,9,359535
8895,0.037656,172.31.36.0-255,66,269251,9,359535
8896,0.039591,74.125.130.0-255,2902,272153,9,359535
8897,0.0396,172.31.36.0-255,66,272219,9,359535
8898,0.039638,74.125.130.0-255,2902,275121,9,359535
8899,0.039642,172.31.36.0-255,66,275187,9,359535
8900,0.041465,172.31.36.0-255,167,275354,9,359535
8901,0.041556,172.31.36.0-255,1117,276471,9,359535
8902,0.041578,74.125.130.0-255,2902,279373,9,359535
8903,0.041584,172.31.36.0-255,66,279439,9,359535
8904,0.041614,74.125.130.0-255,2902,282341,9,359535
8905,0.041617,172.31.36.0-255,66,282407,9,359535
8906,0.042351,172.31.36.0-255,1514,283921,9,359535
8907,0.042353,172.31.36.0-255,1514,285435,9,359535
8908,0.042355,172.31.36.0-255,1514,286949,9,359535
8909,0.042356,172.31.36.0-255,1514,288463,9,359535
8910,0.042386,172.31.36.0-255,1487,289950,9,359535
8911,0.043004,104.244.42.0-255,66,290016,9,359535
8912,0.043088,104.244.42.0-255,66,290082,9,359535
8913,0.04355,74.125.130.0-255,2902,292984,9,359535
8914,0.043554,172.31.36.0-255,66,293050,9,359535
8915,0.043594,74.125.130.0-255,2902,295952,9,359535
8916,0.043598,172.31.36.0-255,66,296018,9,359535
8917,0.043912,104.244.42.0-255,66,296084,9,359535
8918,0.04396,104.244.42.0-255,66,296150,9,359535
8919,0.045536,74.125.130.0-255,2902,299052,9,359535
8920,0.045545,172.31.36.0-255,66,299118,9,359535
8921,0.045588,74.125.130.0-255,2902,302020,9,359535
8922,0.045592,172.31.36.0-255,66,302086,9,359535
8923,0.047535,74.125.130.0-255,2902,304988,9,359535
8924,0.04754,172.31.36.0-255,66,305054,9,359535
8925,0.047572,74.125.130.0-255,2902,307956,9,359535
8926,0.047575,172.31.36.0-255,66,308022,9,359535
8927,0.049508,74.125.130.0-255,2902,310924,9,359535
8928,0.049514,172.31.36.0-255,66,310990,9,359535
8929,0.049548,74.125.130.0-255,2902,313892,9,359535
8930,0.049551,172.31.36.0-255,66,313958,9,359535
8931,0.05148,74.125.130.0-255,2902,316860,9,359535
8932,0.051486,172.31.36.0-255,66,316926,9,359535
8933,0.051518,74.125.130.0-255,2902,319828,9,359535
8934,0.051521,172.31.36.0-255,66,319894,9,359535
8935,0.053467,74.125.130.0-255,2902,322796,9,359535
8936,0.053473,172.31.36.0-255,66,322862,9,359535
8937,0.053501,74.125.130.0-255,2902,325764,9,359535
8938,0.053503,172.31.36.0-255,66,325830,9,359535
8939,0.055452,74.125.130.0-255,2902,328732,9,359535
8940,0.055457,172.31.36.0-255,66,328798,9,359535
8941,0.055493,74.125.130.0-255,2902,331700,9,359535
8942,0.055496,172.31.36.0-255,66,331766,9,359535
8943,0.057429,74.125.130.0-255,2902,334668,9,359535
8944,0.057436,172.31.36.0-255,66,334734,9,359535
8945,0.057473,74.125.130.0-255,2902,337636,9,359535
8946,0.057476,172.31.36.0-255,66,337702,9,359535
8947,0.059407,74.125.130.0-255,2902,340604,9,359535
8948,0.059412,172.31.36.0-255,66,340670,9,359535
8949,0.059445,74.125.130.0-255,2902,343572,9,359535
8950,0.059447,172.31.36.0-255,66,343638,9,359535
8951,0.0614,74.125.130.0-255,2902,346540,9,359535
8952,0.06141,172.31.36.0-255,66,346606,9,359535
8953,0.061447,74.125.130.0-255,2902,349508,9,359535
8954,0.061451,172.31.36.0-255,66,349574,9,359535
8955,0.063403,74.125.130.0-255,2902,352476,9,359535
8956,0.063409,172.31.36.0-255,66,352542,9,359535
8957,0.063442,74.125.130.0-255,2902,355444,9,359535
8958,0.063445,172.31.36.0-255,66,355510,9,359535
8959,0.065375,74.125.130.0-255,2902,358412,9,359535
8960,0.06538,172.31.36.0-255,66,358478,9,359535
8961,0.065412,74.125.130.0-255,886,359364,9,359535
8962,0.065593,172.31.36.0-255,105,359469,9,359535
8963,0.071844,74.125.130.0-255,66,359535,9,359535
8964,0.0,172.217.194.0-255,153,153,9,146216
8965,3.5e-05,172.31.36.0-255,66,219,9,146216
8966,4.3e-05,172.217.194.0-255,1484,1703,9,146216
8967,4.7e-05,172.31.36.0-255,66,1769,9,146216
8968,6.2e-05,172.217.194.0-255,2902,4671,9,146216
8969,6.5e-05,172.31.36.0-255,66,4737,9,146216
8970,7.2e-05,172.217.194.0-255,7156,11893,9,146216
8971,7.5e-05,172.31.36.0-255,66,11959,9,146216
8972,7.8e-05,172.217.194.0-255,2028,13987,9,146216
8973,8.1e-05,172.31.36.0-255,66,14053,9,146216
8974,0.000109,172.217.194.0-255,1484,15537,9,146216
8975,0.000111,172.31.36.0-255,66,15603,9,146216
8976,0.000116,172.217.194.0-255,2902,18505,9,146216
8977,0.000118,172.31.36.0-255,66,18571,9,146216
8978,0.000146,172.217.194.0-255,5738,24309,9,146216
8979,0.000149,172.31.36.0-255,66,24375,9,146216
8980,0.000153,172.217.194.0-255,2902,27277,9,146216
8981,0.000155,172.31.36.0-255,66,27343,9,146216
8982,0.000186,172.217.194.0-255,3961,31304,9,146216
8983,0.000191,172.31.36.0-255,66,31370,9,146216
8984,0.000198,172.217.194.0-255,7156,38526,9,146216
8985,0.0002,172.31.36.0-255,66,38592,9,146216
8986,0.000203,172.217.194.0-255,1484,40076,9,146216
8987,0.000205,172.31.36.0-255,66,40142,9,146216
8988,0.000241,172.31.36.0-255,66,40208,9,146216
8989,0.00028,172.31.36.0-255,66,40274,9,146216
8990,0.000307,172.217.194.0-255,1484,41758,9,146216
8991,0.000311,172.31.36.0-255,66,41824,9,146216
8992,0.000318,172.217.194.0-255,6797,48621,9,146216
8993,0.000321,172.31.36.0-255,66,48687,9,146216
8994,0.000323,172.217.194.0-255,380,49067,9,146216
8995,0.000327,172.217.194.0-255,396,49463,9,146216
8996,0.000499,172.217.194.0-255,1484,50947,9,146216
8997,0.000503,172.31.36.0-255,66,51013,9,146216
8998,0.000508,172.217.194.0-255,2902,53915,9,146216
8999,0.000511,172.31.36.0-255,66,53981,9,146216
9000,0.000541,172.217.194.0-255,5738,59719,9,146216
9001,0.000544,172.31.36.0-255,66,59785,9,146216
9002,0.000559,172.31.36.0-255,66,59851,9,146216
9003,0.000563,172.217.194.0-255,1484,61335,9,146216
9004,0.000605,172.31.36.0-255,66,61401,9,146216
9005,0.000709,172.217.194.0-255,1484,62885,9,146216
9006,0.000715,172.217.194.0-255,2902,65787,9,146216
9007,0.00072,172.31.36.0-255,66,65853,9,146216
9008,0.00074,172.217.194.0-255,5738,71591,9,146216
9009,0.000742,172.31.36.0-255,66,71657,9,146216
9010,0.000747,172.217.194.0-255,2902,74559,9,146216
9011,0.000749,172.31.36.0-255,66,74625,9,146216
9012,0.000796,172.31.36.0-255,66,74691,9,146216
9013,0.000809,172.31.36.0-255,66,74757,9,146216
9014,0.001347,172.217.194.0-255,1484,76241,9,146216
9015,0.001354,172.217.194.0-255,2902,79143,9,146216
9016,0.001357,172.31.36.0-255,66,79209,9,146216
9017,0.001364,172.217.194.0-255,5738,84947,9,146216
9018,0.001366,172.31.36.0-255,66,85013,9,146216
9019,0.001408,172.31.36.0-255,66,85079,9,146216
9020,0.001431,172.217.194.0-255,2902,87981,9,146216
9021,0.001434,172.31.36.0-255,66,88047,9,146216
9022,0.001472,172.31.36.0-255,66,88113,9,146216
9023,0.001476,172.217.194.0-255,2902,91015,9,146216
9024,0.001478,172.31.36.0-255,66,91081,9,146216
9025,0.001481,172.217.194.0-255,1484,92565,9,146216
9026,0.001498,172.217.194.0-255,2902,95467,9,146216
9027,0.001503,172.31.36.0-255,66,95533,9,146216
9028,0.001513,172.31.36.0-255,66,95599,9,146216
9029,0.001559,172.31.36.0-255,66,95665,9,146216
9030,0.001607,172.217.194.0-255,1484,97149,9,146216
9031,0.001611,172.217.194.0-255,1484,98633,9,146216
9032,0.001614,172.31.36.0-255,66,98699,9,146216
9033,0.001622,172.217.194.0-255,1484,100183,9,146216
9034,0.001638,172.217.194.0-255,5738,105921,9,146216
9035,0.001641,172.31.36.0-255,66,105987,9,146216
9036,0.001679,172.31.36.0-255,66,106053,9,146216
9037,0.001699,172.217.194.0-255,2902,108955,9,146216
9038,0.001702,172.31.36.0-255,66,109021,9,146216
9039,0.001713,172.31.36.0-255,66,109087,9,146216
9040,0.001794,172.217.194.0-255,1484,110571,9,146216
9041,0.00185,172.217.194.0-255,2902,113473,9,146216
9042,0.001854,172.31.36.0-255,66,113539,9,146216
9043,0.001861,172.217.194.0-255,5738,119277,9,146216
9044,0.001863,172.31.36.0-255,66,119343,9,146216
9045,0.001885,172.31.36.0-255,66,119409,9,146216
9046,0.001902,172.31.36.0-255,66,119475,9,146216
9047,0.001951,172.31.36.0-255,66,119541,9,146216
9048,0.001955,172.217.194.0-255,1484,121025,9,146216
9049,0.002005,172.31.36.0-255,66,121091,9,146216
9050,0.002059,172.217.194.0-255,7156,128247,9,146216
9051,0.002064,172.31.36.0-255,66,128313,9,146216
9052,0.002107,172.31.36.0-255,66,128379,9,146216
9053,0.002137,172.217.194.0-255,5738,134117,9,146216
9054,0.002141,172.31.36.0-255,66,134183,9,146216
9055,0.002186,172.31.36.0-255,66,134249,9,146216
9056,0.002234,172.31.36.0-255,66,134315,9,146216
9057,0.002283,172.31.36.0-255,66,134381,9,146216
9058,0.00237,172.31.36.0-255,66,134447,9,146216
9059,0.002394,172.217.194.0-255,2437,136884,9,146216
9060,0.002399,172.31.36.0-255,66,136950,9,146216
9061,0.0081,172.31.36.0-255,105,137055,9,146216
9062,0.010618,172.217.194.0-255,66,137121,9,146216
9063,0.035171,172.31.36.0-255,172,137293,9,146216
9064,0.035202,172.31.36.0-255,1115,138408,9,146216
9065,0.035253,172.31.36.0-255,1514,139922,9,146216
9066,0.035274,172.31.36.0-255,1514,141436,9,146216
9067,0.035276,172.31.36.0-255,1514,142950,9,146216
9068,0.035297,172.31.36.0-255,1514,144464,9,146216
9069,0.035298,172.31.36.0-255,1488,145952,9,146216
9070,0.03666,104.244.42.0-255,66,146018,9,146216
9071,0.036771,104.244.42.0-255,66,146084,9,146216
9072,0.036776,104.244.42.0-255,66,146150,9,146216
9073,0.036896,104.244.42.0-255,66,146216,9,146216
9074,0.0,172.217.194.0-255,156,156,9,287738
9075,2.2e-05,172.31.36.0-255,66,222,9,287738
9076,2.9e-05,172.217.194.0-255,1484,1706,9,287738
9077,3.4e-05,172.31.36.0-255,66,1772,9,287738
9078,4e-05,172.217.194.0-255,2902,4674,9,287738
9079,5.3e-05,172.31.36.0-255,66,4740,9,287738
9080,6e-05,172.217.194.0-255,7156,11896,9,287738
9081,6.4e-05,172.31.36.0-255,66,11962,9,287738
9082,6.8e-05,172.217.194.0-255,2084,14046,9,287738
9083,7.1e-05,172.31.36.0-255,66,14112,9,287738
9084,0.000147,172.217.194.0-255,1484,15596,9,287738
9085,0.00015,172.31.36.0-255,66,15662,9,287738
9086,0.000156,172.217.194.0-255,2902,18564,9,287738
9087,0.000159,172.31.36.0-255,66,18630,9,287738
9088,0.000162,172.217.194.0-255,1484,20114,9,287738
9089,0.000164,172.31.36.0-255,66,20180,9,287738
9090,0.000204,172.217.194.0-255,4320,24500,9,287738
9091,0.000208,172.31.36.0-255,66,24566,9,287738
9092,0.000215,172.217.194.0-255,5738,30304,9,287738
9093,0.000217,172.31.36.0-255,66,30370,9,287738
9094,0.000246,172.217.194.0-255,1125,31495,9,287738
9095,0.000248,172.31.36.0-255,66,31561,9,287738
9096,0.000273,172.217.194.0-255,1484,33045,9,287738
9097,0.000276,172.31.36.0-255,66,33111,9,287738
9098,0.000281,172.217.194.0-255,2902,36013,9,287738
9099,0.000283,172.31.36.0-255,66,36079,9,287738
9100,0.000286,172.217.194.0-255,1484,37563,9,287738
9101,0.000288,172.31.36.0-255,66,37629,9,287738
9102,0.000308,172.217.194.0-255,4320,41949,9,287738
9103,0.000311,172.31.36.0-255,66,42015,9,287738
9104,0.000322,172.217.194.0-255,6797,48812,9,287738
9105,0.000325,172.31.36.0-255,66,48878,9,287738
9106,0.000373,172.31.36.0-255,66,48944,9,287738
9107,0.000377,172.217.194.0-255,2797,51741,9,287738
9108,0.000379,172.31.36.0-255,66,51807,9,287738
9109,0.000413,172.217.194.0-255,432,52239,9,287738
9110,0.000601,172.217.194.0-255,1484,53723,9,287738
9111,0.000608,172.31.36.0-255,66,53789,9,287738
9112,0.000615,172.217.194.0-255,2902,56691,9,287738
9113,0.000617,172.31.36.0-255,66,56757,9,287738
9114,0.000652,172.217.194.0-255,5738,62495,9,287738
9115,0.000655,172.31.36.0-255,66,62561,9,287738
9116,0.000674,172.31.36.0-255,66,62627,9,287738
9117,0.000686,172.31.36.0-255,66,62693,9,287738
9118,0.000852,172.217.194.0-255,1484,64177,9,287738
9119,0.00086,172.217.194.0-255,2902,67079,9,287738
9120,0.000864,172.31.36.0-255,66,67145,9,287738
9121,0.000868,172.217.194.0-255,1484,68629,9,287738
9122,0.000903,172.217.194.0-255,5738,74367,9,287738
9123,0.000906,172.31.36.0-255,66,74433,9,287738
9124,0.000921,172.31.36.0-255,66,74499,9,287738
9125,0.000939,172.31.36.0-255,66,74565,9,287738
9126,0.00098,172.217.194.0-255,1484,76049,9,287738
9127,0.000998,172.217.194.0-255,2902,78951,9,287738
9128,0.001002,172.31.36.0-255,66,79017,9,287738
9129,0.001009,172.217.194.0-255,5738,84755,9,287738
9130,0.001011,172.31.36.0-255,66,84821,9,287738
9131,0.001019,172.217.194.0-255,1484,86305,9,287738
9132,0.001054,172.31.36.0-255,66,86371,9,287738
9133,0.001124,172.31.36.0-255,66,86437,9,287738
9134,0.001127,172.217.194.0-255,1484,87921,9,287738
9135,0.001133,172.217.194.0-255,2902,90823,9,287738
9136,0.001135,172.31.36.0-255,66,90889,9,287738
9137,0.001167,172.217.194.0-255,5738,96627,9,287738
9138,0.00117,172.217.194.0-255,1484,98111,9,287738
9139,0.001175,172.31.36.0-255,66,98177,9,287738
9140,0.001187,172.217.194.0-255,5379,103556,9,287738
9141,0.001194,172.31.36.0-255,66,103622,9,287738
9142,0.001379,172.217.194.0-255,1484,105106,9,287738
9143,0.001385,172.217.194.0-255,2902,108008,9,287738
9144,0.001388,172.31.36.0-255,66,108074,9,287738
9145,0.001395,172.217.194.0-255,4320,112394,9,287738
9146,0.001397,172.31.36.0-255,66,112460,9,287738
9147,0.001413,172.217.194.0-255,1484,113944,9,287738
9148,0.001418,172.217.194.0-255,2902,116846,9,287738
9149,0.00142,172.31.36.0-255,66,116912,9,287738
9150,0.00146,172.31.36.0-255,66,116978,9,287738
9151,0.001477,172.31.36.0-255,66,117044,9,287738
9152,0.00148,172.217.194.0-255,766,117810,9,287738
9153,0.001634,172.217.194.0-255,1484,119294,9,287738
9154,0.001639,172.31.36.0-255,66,119360,9,287738
9155,0.001644,172.217.194.0-255,2902,122262,9,287738
9156,0.001647,172.31.36.0-255,66,122328,9,287738
9157,0.001659,172.217.194.0-255,5738,128066,9,287738
9158,0.001661,172.31.36.0-255,66,128132,9,287738
9159,0.001703,172.217.194.0-255,6797,134929,9,287738
9160,0.001713,172.31.36.0-255,66,134995,9,287738
9161,0.00173,172.217.194.0-255,1484,136479,9,287738
9162,0.001735,172.217.194.0-255,2902,139381,9,287738
9163,0.001737,172.31.36.0-255,66,139447,9,287738
9164,0.001769,172.217.194.0-255,5738,145185,9,287738
9165,0.001787,172.31.36.0-255,66,145251,9,287738
9166,0.00179,172.31.36.0-255,66,145317,9,287738
9167,0.001819,172.217.194.0-255,4320,149637,9,287738
9168,0.001826,172.31.36.0-255,66,149703,9,287738
9169,0.001839,172.31.36.0-255,66,149769,9,287738
9170,0.002148,172.217.194.0-255,1484,151253,9,287738
9171,0.002155,172.217.194.0-255,2902,154155,9,287738
9172,0.002158,172.31.36.0-255,66,154221,9,287738
9173,0.002166,172.217.194.0-255,5738,159959,9,287738
9174,0.002168,172.31.36.0-255,66,160025,9,287738
9175,0.002202,172.31.36.0-255,66,160091,9,287738
9176,0.002226,172.217.194.0-255,1484,161575,9,287738
9177,0.002239,172.31.36.0-255,66,161641,9,287738
9178,0.002242,172.217.194.0-255,766,162407,9,287738
9179,0.003836,172.31.36.0-255,66,162473,9,287738
9180,0.004762,172.217.194.0-255,4320,166793,9,287738
9181,0.004769,172.31.36.0-255,66,166859,9,287738
9182,0.006323,172.217.194.0-255,1484,168343,9,287738
9183,0.007303,172.217.194.0-255,4320,172663,9,287738
9184,0.007308,172.31.36.0-255,66,172729,9,287738
9185,0.009823,172.217.194.0-255,5738,178467,9,287738
9186,0.00983,172.31.36.0-255,66,178533,9,287738
9187,0.012352,172.217.194.0-255,5738,184271,9,287738
9188,0.012361,172.31.36.0-255,66,184337,9,287738
9189,0.014888,172.217.194.0-255,5738,190075,9,287738
9190,0.014898,172.31.36.0-255,66,190141,9,287738
9191,0.017454,172.217.194.0-255,5738,195879,9,287738
9192,0.017466,172.31.36.0-255,66,195945,9,287738
9193,0.020042,172.217.194.0-255,5738,201683,9,287738
9194,0.020051,172.31.36.0-255,66,201749,9,287738
9195,0.022604,172.217.194.0-255,5738,207487,9,287738
9196,0.022612,172.31.36.0-255,66,207553,9,287738
9197,0.025143,172.217.194.0-255,5738,213291,9,287738
9198,0.025151,172.31.36.0-255,66,213357,9,287738
9199,0.027655,172.217.194.0-255,4320,217677,9,287738
9200,0.027663,172.31.36.0-255,66,217743,9,287738
9201,0.027692,172.217.194.0-255,1484,219227,9,287738
9202,0.030237,172.217.194.0-255,4320,223547,9,287738
9203,0.030244,172.31.36.0-255,66,223613,9,287738
9204,0.032759,172.217.194.0-255,5738,229351,9,287738
9205,0.032767,172.31.36.0-255,66,229417,9,287738
9206,0.035308,172.217.194.0-255,5738,235155,9,287738
9207,0.035316,172.31.36.0-255,66,235221,9,287738
9208,0.037857,172.217.194.0-255,5738,240959,9,287738
9209,0.037866,172.31.36.0-255,66,241025,9,287738
9210,0.038964,172.31.36.0-255,172,241197,9,287738
9211,0.038996,172.31.36.0-255,1116,242313,9,287738
9212,0.039058,172.31.36.0-255,1514,243827,9,287738
9213,0.03906,172.31.36.0-255,1514,245341,9,287738
9214,0.039066,172.31.36.0-255,1514,246855,9,287738
9215,0.039067,172.31.36.0-255,1514,248369,9,287738
9216,0.039096,172.31.36.0-255,1488,249857,9,287738
9217,0.040417,172.217.194.0-255,5738,255595,9,287738
9218,0.040425,172.31.36.0-255,66,255661,9,287738
9219,0.040486,104.244.42.0-255,66,255727,9,287738
9220,0.040532,104.244.42.0-255,66,255793,9,287738
9221,0.040596,104.244.42.0-255,66,255859,9,287738
9222,0.04065,104.244.42.0-255,66,255925,9,287738
9223,0.042923,172.217.194.0-255,5738,261663,9,287738
9224,0.04293,172.31.36.0-255,66,261729,9,287738
9225,0.045442,172.217.194.0-255,5738,267467,9,287738
9226,0.04545,172.31.36.0-255,66,267533,9,287738
9227,0.048007,172.217.194.0-255,5738,273271,9,287738
9228,0.048026,172.31.36.0-255,66,273337,9,287738
9229,0.050582,172.217.194.0-255,5738,279075,9,287738
9230,0.050593,172.31.36.0-255,66,279141,9,287738
9231,0.053105,172.217.194.0-255,5738,284879,9,287738
9232,0.053115,172.31.36.0-255,66,284945,9,287738
9233,0.055646,172.217.194.0-255,2556,287501,9,287738
9234,0.055657,172.31.36.0-255,66,287567,9,287738
9235,0.055858,172.31.36.0-255,105,287672,9,287738
9236,0.058362,172.217.194.0-255,66,287738,9,287738
9237,0.0,172.31.36.0-255,105,105,9,276
9238,0.075933,31.13.82.0-255,105,210,9,276
9239,0.075955,172.31.36.0-255,66,276,9,276
9240,0.0,172.217.194.0-255,431,431,9,91835
9241,1.8e-05,172.217.194.0-255,1484,1915,9,91835
9242,2.7e-05,172.31.36.0-255,66,1981,9,91835
9243,3.7e-05,172.217.194.0-255,4320,6301,9,91835
9244,4e-05,172.31.36.0-255,66,6367,9,91835
9245,4.6e-05,172.217.194.0-255,4320,10687,9,91835
9246,4.8e-05,172.31.36.0-255,66,10753,9,91835
9247,7.4e-05,172.217.194.0-255,4902,15655,9,91835
9248,7.7e-05,172.31.36.0-255,66,15721,9,91835
9249,0.000427,172.217.194.0-255,7156,22877,9,91835
9250,0.000434,172.31.36.0-255,66,22943,9,91835
9251,0.000751,172.217.194.0-255,7033,29976,9,91835
9252,0.000757,172.31.36.0-255,66,30042,9,91835
9253,0.00262,172.217.194.0-255,5738,35780,9,91835
9254,0.002629,172.31.36.0-255,66,35846,9,91835
9255,0.003097,172.217.194.0-255,2902,38748,9,91835
9256,0.003739,172.217.194.0-255,1484,40232,9,91835
9257,0.00436,172.217.194.0-255,2902,43134,9,91835
9258,0.004903,172.217.194.0-255,5738,48872,9,91835
9259,0.005204,172.31.36.0-255,66,48938,9,91835
9260,0.005227,172.217.194.0-255,4320,53258,9,91835
9261,0.005248,172.217.194.0-255,4320,57578,9,91835
9262,0.005273,172.31.36.0-255,66,57644,9,91835
9263,0.00574,172.31.36.0-255,66,57710,9,91835
9264,0.007875,172.31.36.0-255,66,57776,9,91835
9265,0.007967,172.31.36.0-255,66,57842,9,91835
9266,0.007988,172.217.194.0-255,5738,63580,9,91835
9267,0.007992,172.31.36.0-255,66,63646,9,91835
9268,0.008331,172.217.194.0-255,5754,69400,9,91835
9269,0.008338,172.31.36.0-255,66,69466,9,91835
9270,0.008661,172.31.36.0-255,66,69532,9,91835
9271,0.008712,172.31.36.0-255,66,69598,9,91835
9272,0.008752,172.31.36.0-255,66,69664,9,91835
9273,0.008918,172.31.36.0-255,66,69730,9,91835
9274,0.010474,172.217.194.0-255,5018,74748,9,91835
9275,0.010489,172.31.36.0-255,66,74814,9,91835
9276,0.010509,172.31.36.0-255,66,74880,9,91835
9277,0.010673,172.217.194.0-255,5738,80618,9,91835
9278,0.010677,172.31.36.0-255,66,80684,9,91835
9279,0.010703,172.31.36.0-255,66,80750,9,91835
9280,0.010899,172.31.36.0-255,66,80816,9,91835
9281,0.011086,172.31.36.0-255,66,80882,9,91835
9282,0.011137,172.31.36.0-255,66,80948,9,91835
9283,0.011524,172.31.36.0-255,66,81014,9,91835
9284,0.011561,172.31.36.0-255,66,81080,9,91835
9285,0.01192,172.217.194.0-255,7156,88236,9,91835
9286,0.011926,172.31.36.0-255,66,88302,9,91835
9287,0.011977,172.31.36.0-255,66,88368,9,91835
9288,0.012447,172.31.36.0-255,66,88434,9,91835
9289,0.012541,172.31.36.0-255,66,88500,9,91835
9290,0.013098,172.31.36.0-255,66,88566,9,91835
9291,0.013519,172.217.194.0-255,1658,90224,9,91835
9292,0.0136,172.31.36.0-255,66,90290,9,91835
9293,0.014154,172.31.36.0-255,105,90395,9,91835
9294,0.016711,172.217.194.0-255,66,90461,9,91835
9295,0.054753,172.31.36.0-255,172,90633,9,91835
9296,0.054784,172.31.36.0-255,1070,91703,9,91835
9297,0.056289,104.244.42.0-255,66,91769,9,91835
9298,0.05633,104.244.42.0-255,66,91835,9,91835
9299,0.0,74.125.24.0-255,152,152,9,318881
9300,1.5e-05,172.31.36.0-255,66,218,9,318881
9301,2.1e-05,74.125.24.0-255,1484,1702,9,318881
9302,2.6e-05,172.31.36.0-255,66,1768,9,318881
9303,4e-05,74.125.24.0-255,2902,4670,9,318881
9304,4.3e-05,172.31.36.0-255,66,4736,9,318881
9305,5.1e-05,74.125.24.0-255,7156,11892,9,318881
9306,5.4e-05,172.31.36.0-255,66,11958,9,318881
9307,5.8e-05,74.125.24.0-255,2035,13993,9,318881
9308,6.1e-05,172.31.36.0-255,66,14059,9,318881
9309,0.000104,74.125.24.0-255,7156,21215,9,318881
9310,0.000108,172.31.36.0-255,66,21281,9,318881
9311,0.000125,74.125.24.0-255,4320,25601,9,318881
9312,0.000128,172.31.36.0-255,66,25667,9,318881
9313,0.000162,74.125.24.0-255,4320,29987,9,318881
9314,0.000164,172.31.36.0-255,66,30053,9,318881
9315,0.000181,74.125.24.0-255,1125,31178,9,318881
9316,0.000186,172.31.36.0-255,66,31244,9,318881
9317,0.000251,74.125.24.0-255,1484,32728,9,318881
9318,0.000254,172.31.36.0-255,66,32794,9,318881
9319,0.000258,74.125.24.0-255,1484,34278,9,318881
9320,0.000261,172.31.36.0-255,66,34344,9,318881
9321,0.000278,74.125.24.0-255,1484,35828,9,318881
9322,0.00028,172.31.36.0-255,66,35894,9,318881
9323,0.000303,74.125.24.0-255,4320,40214,9,318881
9324,0.000306,172.31.36.0-255,66,40280,9,318881
9325,0.000334,74.125.24.0-255,1484,41764,9,318881
9326,0.000337,172.31.36.0-255,66,41830,9,318881
9327,0.000344,74.125.24.0-255,6797,48627,9,318881
9328,0.000347,172.31.36.0-255,66,48693,9,318881
9329,0.000354,74.125.24.0-255,7156,55849,9,318881
9330,0.000357,172.31.36.0-255,66,55915,9,318881
9331,0.000363,74.125.24.0-255,4320,60235,9,318881
9332,0.000365,172.31.36.0-255,66,60301,9,318881
9333,0.000397,74.125.24.0-255,5659,65960,9,318881
9334,0.0004,172.31.36.0-255,66,66026,9,318881
9335,0.000526,74.125.24.0-255,126,66152,9,318881
9336,0.000549,74.125.24.0-255,348,66500,9,318881
9337,0.000748,172.31.36.0-255,101,66601,9,318881
9338,0.000936,74.125.24.0-255,1484,68085,9,318881
9339,0.000954,74.125.24.0-255,1484,69569,9,318881
9340,0.000957,172.31.36.0-255,66,69635,9,318881
9341,0.000987,74.125.24.0-255,1484,71119,9,318881
9342,0.000993,74.125.24.0-255,5738,76857,9,318881
9343,0.000995,172.31.36.0-255,66,76923,9,318881
9344,0.001033,74.125.24.0-255,7156,84079,9,318881
9345,0.001036,172.31.36.0-255,66,84145,9,318881
9346,0.001063,74.125.24.0-255,5738,89883,9,318881
9347,0.001067,172.31.36.0-255,66,89949,9,318881
9348,0.001078,172.31.36.0-255,66,90015,9,318881
9349,0.001304,74.125.24.0-255,1484,91499,9,318881
9350,0.001311,74.125.24.0-255,2902,94401,9,318881
9351,0.001314,172.31.36.0-255,66,94467,9,318881
9352,0.00132,74.125.24.0-255,5738,100205,9,318881
9353,0.001321,172.31.36.0-255,66,100271,9,318881
9354,0.001337,172.31.36.0-255,66,100337,9,318881
9355,0.001342,74.125.24.0-255,4320,104657,9,318881
9356,0.001344,172.31.36.0-255,66,104723,9,318881
9357,0.001348,74.125.24.0-255,2902,107625,9,318881
9358,0.001349,172.31.36.0-255,66,107691,9,318881
9359,0.001384,74.125.24.0-255,3602,111293,9,318881
9360,0.001387,172.31.36.0-255,66,111359,9,318881
9361,0.001399,74.125.24.0-255,1484,112843,9,318881
9362,0.001401,74.125.24.0-255,1484,114327,9,318881
9363,0.001407,172.31.36.0-255,66,114393,9,318881
9364,0.001432,74.125.24.0-255,1484,115877,9,318881
9365,0.001437,74.125.24.0-255,5738,121615,9,318881
9366,0.00144,172.31.36.0-255,66,121681,9,318881
9367,0.001452,74.125.24.0-255,1484,123165,9,318881
9368,0.001486,74.125.24.0-255,7156,130321,9,318881
9369,0.001508,74.125.24.0-255,1484,131805,9,318881
9370,0.00152,74.125.24.0-255,2184,133989,9,318881
9371,0.001526,172.31.36.0-255,66,134055,9,318881
9372,0.001713,74.125.24.0-255,1484,135539,9,318881
9373,0.001717,74.125.24.0-255,1484,137023,9,318881
9374,0.001719,172.31.36.0-255,66,137089,9,318881
9375,0.001739,74.125.24.0-255,1484,138573,9,318881
9376,0.001745,74.125.24.0-255,5738,144311,9,318881
9377,0.001757,74.125.24.0-255,1484,145795,9,318881
9378,0.001769,74.125.24.0-255,2902,148697,9,318881
9379,0.001771,172.31.36.0-255,66,148763,9,318881
9380,0.001779,74.125.24.0-255,2902,151665,9,318881
9381,0.001783,172.31.36.0-255,66,151731,9,318881
9382,0.001808,74.125.24.0-255,5738,157469,9,318881
9383,0.001812,74.125.24.0-255,4320,161789,9,318881
9384,0.001822,172.31.36.0-255,66,161855,9,318881
9385,0.001831,74.125.24.0-255,2902,164757,9,318881
9386,0.00185,172.31.36.0-255,66,164823,9,318881
9387,0.001877,74.125.24.0-255,3602,168425,9,318881
9388,0.001884,172.31.36.0-255,66,168491,9,318881
9389,0.002028,74.125.24.0-255,1484,169975,9,318881
9390,0.00204,74.125.24.0-255,2902,172877,9,318881
9391,0.002043,172.31.36.0-255,66,172943,9,318881
9392,0.002047,74.125.24.0-255,2902,175845,9,318881
9393,0.00205,172.31.36.0-255,66,175911,9,318881
9394,0.002072,74.125.24.0-255,2902,178813,9,318881
9395,0.002087,172.31.36.0-255,66,178879,9,318881
9396,0.002143,172.31.36.0-255,66,178945,9,318881
9397,0.002245,74.125.24.0-255,1484,180429,9,318881
9398,0.002249,74.125.24.0-255,2902,183331,9,318881
9399,0.002252,172.31.36.0-255,66,183397,9,318881
9400,0.002257,74.125.24.0-255,5738,189135,9,318881
9401,0.00226,172.31.36.0-255,66,189201,9,318881
9402,0.002285,74.125.24.0-255,7156,196357,9,318881
9403,0.002296,74.125.24.0-255,1484,197841,9,318881
9404,0.002338,172.31.36.0-255,66,197907,9,318881
9405,0.002345,74.125.24.0-255,2184,200091,9,318881
9406,0.00236,172.31.36.0-255,66,200157,9,318881
9407,0.002425,172.31.36.0-255,66,200223,9,318881
9408,0.002474,74.125.24.0-255,1484,201707,9,318881
9409,0.002495,74.125.24.0-255,5738,207445,9,318881
9410,0.002505,74.125.24.0-255,2902,210347,9,318881
9411,0.002527,74.125.24.0-255,2902,213249,9,318881
9412,0.002529,172.31.36.0-255,66,213315,9,318881
9413,0.002538,172.31.36.0-255,66,213381,9,318881
9414,0.002564,74.125.24.0-255,1484,214865,9,318881
9415,0.002588,74.125.24.0-255,4320,219185,9,318881
9416,0.002599,172.31.36.0-255,66,219251,9,318881
9417,0.002631,74.125.24.0-255,1484,220735,9,318881
9418,0.002644,172.31.36.0-255,66,220801,9,318881
9419,0.00266,74.125.24.0-255,5020,225821,9,318881
9420,0.002672,172.31.36.0-255,66,225887,9,318881
9421,0.003401,74.125.24.0-255,66,225953,9,318881
9422,0.00524,74.125.24.0-255,4320,230273,9,318881
9423,0.005244,172.31.36.0-255,66,230339,9,318881
9424,0.005268,74.125.24.0-255,1484,231823,9,318881
9425,0.007795,74.125.24.0-255,4320,236143,9,318881
9426,0.007802,172.31.36.0-255,66,236209,9,318881
9427,0.01041,74.125.24.0-255,5738,241947,9,318881
9428,0.010418,172.31.36.0-255,66,242013,9,318881
9429,0.013028,74.125.24.0-255,5738,247751,9,318881
9430,0.01304,172.31.36.0-255,66,247817,9,318881
9431,0.015606,74.125.24.0-255,5738,253555,9,318881
9432,0.015617,172.31.36.0-255,66,253621,9,318881
9433,0.018185,74.125.24.0-255,5738,259359,9,318881
9434,0.018192,172.31.36.0-255,66,259425,9,318881
9435,0.020798,74.125.24.0-255,5738,265163,9,318881
9436,0.020805,172.31.36.0-255,66,265229,9,318881
9437,0.023388,74.125.24.0-255,5738,270967,9,318881
9438,0.023393,172.31.36.0-255,66,271033,9,318881
9439,0.025954,74.125.24.0-255,5738,276771,9,318881
9440,0.025967,172.31.36.0-255,66,276837,9,318881
9441,0.028612,74.125.24.0-255,5738,282575,9,318881
9442,0.02862,172.31.36.0-255,66,282641,9,318881
9443,0.031201,74.125.24.0-255,5738,288379,9,318881
9444,0.031209,172.31.36.0-255,66,288445,9,318881
9445,0.033227,172.31.36.0-255,172,288617,9,318881
9446,0.033269,172.31.36.0-255,1115,289732,9,318881
9447,0.033366,172.31.36.0-255,1514,291246,9,318881
9448,0.033368,172.31.36.0-255,1514,292760,9,318881
9449,0.033369,172.31.36.0-255,1514,294274,9,318881
9450,0.033373,172.31.36.0-255,1514,295788,9,318881
9451,0.033374,172.31.36.0-255,1486,297274,9,318881
9452,0.033765,74.125.24.0-255,5738,303012,9,318881
9453,0.033772,172.31.36.0-255,66,303078,9,318881
9454,0.034791,104.244.42.0-255,66,303144,9,318881
9455,0.03484,104.244.42.0-255,66,303210,9,318881
9456,0.034974,104.244.42.0-255,66,303276,9,318881
9457,0.036372,74.125.24.0-255,5738,309014,9,318881
9458,0.036378,172.31.36.0-255,66,309080,9,318881
9459,0.038953,74.125.24.0-255,5738,314818,9,318881
9460,0.038958,172.31.36.0-255,66,314884,9,318881
9461,0.041516,74.125.24.0-255,3760,318644,9,318881
9462,0.041526,172.31.36.0-255,66,318710,9,318881
9463,0.041743,172.31.36.0-255,105,318815,9,318881
9464,0.048328,74.125.24.0-255,66,318881,9,318881
9465,0.0,172.31.36.0-255,105,105,9,276
9466,0.001772,157.240.13.0-255,105,210,9,276
9467,0.001784,172.31.36.0-255,66,276,9,276
9468,0.0,74.125.24.0-255,150,150,9,168674
9469,2e-05,172.31.36.0-255,66,216,9,168674
9470,2.7e-05,74.125.24.0-255,1484,1700,9,168674
9471,3.2e-05,172.31.36.0-255,66,1766,9,168674
9472,4.7e-05,74.125.24.0-255,2902,4668,9,168674
9473,5e-05,172.31.36.0-255,66,4734,9,168674
9474,5.8e-05,74.125.24.0-255,5738,10472,9,168674
9475,6e-05,172.31.36.0-255,66,10538,9,168674
9476,9.8e-05,74.125.24.0-255,3438,13976,9,168674
9477,0.000101,172.31.36.0-255,66,14042,9,168674
9478,0.000107,74.125.24.0-255,4320,18362,9,168674
9479,0.00011,172.31.36.0-255,66,18428,9,168674
9480,0.000114,74.125.24.0-255,1484,19912,9,168674
9481,0.000116,172.31.36.0-255,66,19978,9,168674
9482,0.000147,172.31.36.0-255,66,20044,9,168674
9483,0.000194,74.125.24.0-255,1484,21528,9,168674
9484,0.000196,172.31.36.0-255,66,21594,9,168674
9485,0.000223,172.31.36.0-255,66,21660,9,168674
9486,0.000274,74.125.24.0-255,4320,25980,9,168674
9487,0.000276,172.31.36.0-255,66,26046,9,168674
9488,0.000302,74.125.24.0-255,3602,29648,9,168674
9489,0.000307,172.31.36.0-255,66,29714,9,168674
9490,0.000356,74.125.24.0-255,2902,32616,9,168674
9491,0.000358,172.31.36.0-255,66,32682,9,168674
9492,0.000386,74.125.24.0-255,5738,38420,9,168674
9493,0.000389,172.31.36.0-255,66,38486,9,168674
9494,0.000401,172.31.36.0-255,66,38552,9,168674
9495,0.000508,74.125.24.0-255,1484,40036,9,168674
9496,0.000513,172.31.36.0-255,66,40102,9,168674
9497,0.000518,74.125.24.0-255,2902,43004,9,168674
9498,0.00052,172.31.36.0-255,66,43070,9,168674
9499,0.000532,74.125.24.0-255,5738,48808,9,168674
9500,0.000535,172.31.36.0-255,66,48874,9,168674
9501,0.000583,74.125.24.0-255,7156,56030,9,168674
9502,0.000586,172.31.36.0-255,66,56096,9,168674
9503,0.000616,74.125.24.0-255,6797,62893,9,168674
9504,0.000619,172.31.36.0-255,66,62959,9,168674
9505,0.00067,74.125.24.0-255,5738,68697,9,168674
9506,0.000673,172.31.36.0-255,66,68763,9,168674
9507,0.000697,74.125.24.0-255,3961,72724,9,168674
9508,0.0007,172.31.36.0-255,66,72790,9,168674
9509,0.000869,74.125.24.0-255,1484,74274,9,168674
9510,0.000874,74.125.24.0-255,1484,75758,9,168674
9511,0.000878,172.31.36.0-255,66,75824,9,168674
9512,0.000905,74.125.24.0-255,1484,77308,9,168674
9513,0.000913,74.125.24.0-255,5738,83046,9,168674
9514,0.000915,172.31.36.0-255,66,83112,9,168674
9515,0.000949,172.31.36.0-255,66,83178,9,168674
9516,0.001022,74.125.24.0-255,2902,86080,9,168674
9517,0.001025,172.31.36.0-255,66,86146,9,168674
9518,0.001058,172.31.36.0-255,66,86212,9,168674
9519,0.001105,74.125.24.0-255,5738,91950,9,168674
9520,0.001109,172.31.36.0-255,66,92016,9,168674
9521,0.001137,74.125.24.0-255,7156,99172,9,168674
9522,0.001141,172.31.36.0-255,66,99238,9,168674
9523,0.001195,74.125.24.0-255,5738,104976,9,168674
9524,0.001198,172.31.36.0-255,66,105042,9,168674
9525,0.001225,172.31.36.0-255,66,105108,9,168674
9526,0.0013,74.125.24.0-255,6438,111546,9,168674
9527,0.001304,172.31.36.0-255,66,111612,9,168674
9528,0.001358,74.125.24.0-255,1484,113096,9,168674
9529,0.001365,74.125.24.0-255,2902,115998,9,168674
9530,0.001367,172.31.36.0-255,66,116064,9,168674
9531,0.001412,74.125.24.0-255,5738,121802,9,168674
9532,0.001417,172.31.36.0-255,66,121868,9,168674
9533,0.001424,74.125.24.0-255,5738,127606,9,168674
9534,0.001426,172.31.36.0-255,66,127672,9,168674
9535,0.001457,74.125.24.0-255,1484,129156,9,168674
9536,0.001476,74.125.24.0-255,4320,133476,9,168674
9537,0.00148,172.31.36.0-255,66,133542,9,168674
9538,0.001522,172.31.36.0-255,66,133608,9,168674
9539,0.001576,74.125.24.0-255,2184,135792,9,168674
9540,0.001579,172.31.36.0-255,66,135858,9,168674
9541,0.001627,74.125.24.0-255,2902,138760,9,168674
9542,0.00163,172.31.36.0-255,66,138826,9,168674
9543,0.001639,74.125.24.0-255,7156,145982,9,168674
9544,0.001646,172.31.36.0-255,66,146048,9,168674
9545,0.001683,172.31.36.0-255,66,146114,9,168674
9546,0.001753,74.125.24.0-255,5738,151852,9,168674
9547,0.001758,172.31.36.0-255,66,151918,9,168674
9548,0.001806,172.31.36.0-255,66,151984,9,168674
9549,0.001912,74.125.24.0-255,5738,157722,9,168674
9550,0.001916,172.31.36.0-255,66,157788,9,168674
9551,0.001965,172.31.36.0-255,66,157854,9,168674
9552,0.002081,172.31.36.0-255,66,157920,9,168674
9553,0.002104,74.125.24.0-255,2184,160104,9,168674
9554,0.002107,172.31.36.0-255,66,160170,9,168674
9555,0.002146,74.125.24.0-255,2902,163072,9,168674
9556,0.00215,172.31.36.0-255,66,163138,9,168674
9557,0.002205,172.31.36.0-255,66,163204,9,168674
9558,0.002394,74.125.24.0-255,2902,166106,9,168674
9559,0.002401,172.31.36.0-255,66,166172,9,168674
9560,0.002462,172.31.36.0-255,66,166238,9,168674
9561,0.002494,172.31.36.0-255,66,166304,9,168674
9562,0.002822,172.31.36.0-255,66,166370,9,168674
9563,0.002895,172.31.36.0-255,66,166436,9,168674
9564,0.00314,74.125.24.0-255,168,166604,9,168674
9565,0.008259,172.31.36.0-255,105,166709,9,168674
9566,0.008308,172.31.36.0-255,105,166814,9,168674
9567,0.008547,172.31.36.0-255,90,166904,9,168674
9568,0.008567,172.31.36.0-255,66,166970,9,168674
9569,0.010478,74.125.24.0-255,66,167036,9,168674
9570,0.010515,74.125.24.0-255,66,167102,9,168674
9571,0.010767,74.125.24.0-255,66,167168,9,168674
9572,0.010789,74.125.24.0-255,66,167234,9,168674
9573,0.010798,172.31.36.0-255,66,167300,9,168674
9574,0.049682,172.31.36.0-255,172,167472,9,168674
9575,0.049716,172.31.36.0-255,1070,168542,9,168674
9576,0.051234,104.244.42.0-255,66,168608,9,168674
9577,0.051276,104.244.42.0-255,66,168674,9,168674
9578,0.0,74.125.24.0-255,146,146,9,270172
9579,2.7e-05,172.31.36.0-255,66,212,9,270172
9580,3.5e-05,74.125.24.0-255,1484,1696,9,270172
9581,3.9e-05,172.31.36.0-255,66,1762,9,270172
9582,4.4e-05,74.125.24.0-255,2902,4664,9,270172
9583,4.7e-05,172.31.36.0-255,66,4730,9,270172
9584,7.8e-05,74.125.24.0-255,7156,11886,9,270172
9585,8.1e-05,172.31.36.0-255,66,11952,9,270172
9586,0.000118,74.125.24.0-255,1484,13436,9,270172
9587,0.000121,172.31.36.0-255,66,13502,9,270172
9588,0.000135,74.125.24.0-255,4320,17822,9,270172
9589,0.000138,172.31.36.0-255,66,17888,9,270172
9590,0.000161,74.125.24.0-255,7156,25044,9,270172
9591,0.000163,172.31.36.0-255,66,25110,9,270172
9592,0.000183,74.125.24.0-255,2056,27166,9,270172
9593,0.000185,172.31.36.0-255,66,27232,9,270172
9594,0.000199,172.31.36.0-255,66,27298,9,270172
9595,0.000223,74.125.24.0-255,4320,31618,9,270172
9596,0.000226,172.31.36.0-255,66,31684,9,270172
9597,0.000232,74.125.24.0-255,5020,36704,9,270172
9598,0.000235,172.31.36.0-255,66,36770,9,270172
9599,0.000257,74.125.24.0-255,1484,38254,9,270172
9600,0.000259,172.31.36.0-255,66,38320,9,270172
9601,0.000291,172.31.36.0-255,66,38386,9,270172
9602,0.000312,74.125.24.0-255,2854,41240,9,270172
9603,0.000317,172.31.36.0-255,66,41306,9,270172
9604,0.000321,74.125.24.0-255,110,41416,9,270172
9605,0.000324,172.31.36.0-255,66,41482,9,270172
9606,0.000684,74.125.24.0-255,330,41812,9,270172
9607,0.000688,172.31.36.0-255,66,41878,9,270172
9608,0.000865,74.125.24.0-255,1484,43362,9,270172
9609,0.000875,74.125.24.0-255,2902,46264,9,270172
9610,0.000879,172.31.36.0-255,66,46330,9,270172
9611,0.000885,74.125.24.0-255,4320,50650,9,270172
9612,0.000887,172.31.36.0-255,66,50716,9,270172
9613,0.000917,74.125.24.0-255,1484,52200,9,270172
9614,0.000931,172.31.36.0-255,66,52266,9,270172
9615,0.000942,172.31.36.0-255,66,52332,9,270172
9616,0.000994,74.125.24.0-255,2184,54516,9,270172
9617,0.000998,172.31.36.0-255,66,54582,9,270172
9618,0.001233,74.125.24.0-255,1484,56066,9,270172
9619,0.00124,74.125.24.0-255,2902,58968,9,270172
9620,0.001244,172.31.36.0-255,66,59034,9,270172
9621,0.001248,74.125.24.0-255,1484,60518,9,270172
9622,0.001269,74.125.24.0-255,4320,64838,9,270172
9623,0.001272,172.31.36.0-255,66,64904,9,270172
9624,0.001279,74.125.24.0-255,7156,72060,9,270172
9625,0.001282,172.31.36.0-255,66,72126,9,270172
9626,0.001324,172.31.36.0-255,66,72192,9,270172
9627,0.001328,74.125.24.0-255,2184,74376,9,270172
9628,0.00133,172.31.36.0-255,66,74442,9,270172
9629,0.001371,74.125.24.0-255,1484,75926,9,270172
9630,0.001376,74.125.24.0-255,1484,77410,9,270172
9631,0.001379,172.31.36.0-255,66,77476,9,270172
9632,0.001402,74.125.24.0-255,1484,78960,9,270172
9633,0.001408,74.125.24.0-255,5738,84698,9,270172
9634,0.00141,172.31.36.0-255,66,84764,9,270172
9635,0.001425,172.31.36.0-255,66,84830,9,270172
9636,0.001432,74.125.24.0-255,7156,91986,9,270172
9637,0.001435,172.31.36.0-255,66,92052,9,270172
9638,0.001454,74.125.24.0-255,1484,93536,9,270172
9639,0.001467,74.125.24.0-255,2184,95720,9,270172
9640,0.001471,172.31.36.0-255,66,95786,9,270172
9641,0.001584,74.125.24.0-255,1484,97270,9,270172
9642,0.001591,74.125.24.0-255,2902,100172,9,270172
9643,0.001595,172.31.36.0-255,66,100238,9,270172
9644,0.001598,74.125.24.0-255,1484,101722,9,270172
9645,0.001618,74.125.24.0-255,4320,106042,9,270172
9646,0.001622,172.31.36.0-255,66,106108,9,270172
9647,0.001636,74.125.24.0-255,2902,109010,9,270172
9648,0.001639,172.31.36.0-255,66,109076,9,270172
9649,0.001664,172.31.36.0-255,66,109142,9,270172
9650,0.001668,74.125.24.0-255,1484,110626,9,270172
9651,0.001698,74.125.24.0-255,2902,113528,9,270172
9652,0.001702,172.31.36.0-255,66,113594,9,270172
9653,0.001721,74.125.24.0-255,6438,120032,9,270172
9654,0.001724,172.31.36.0-255,66,120098,9,270172
9655,0.001729,74.125.24.0-255,4320,124418,9,270172
9656,0.001731,172.31.36.0-255,66,124484,9,270172
9657,0.001753,74.125.24.0-255,5738,130222,9,270172
9658,0.001756,172.31.36.0-255,66,130288,9,270172
9659,0.001761,74.125.24.0-255,4320,134608,9,270172
9660,0.001763,172.31.36.0-255,66,134674,9,270172
9661,0.001782,74.125.24.0-255,7156,141830,9,270172
9662,0.001785,172.31.36.0-255,66,141896,9,270172
9663,0.001797,172.31.36.0-255,66,141962,9,270172
9664,0.002082,74.125.24.0-255,1484,143446,9,270172
9665,0.002099,74.125.24.0-255,2902,146348,9,270172
9666,0.002102,172.31.36.0-255,66,146414,9,270172
9667,0.002108,74.125.24.0-255,4320,150734,9,270172
9668,0.002109,172.31.36.0-255,66,150800,9,270172
9669,0.002122,74.125.24.0-255,1484,152284,9,270172
9670,0.002125,74.125.24.0-255,2902,155186,9,270172
9671,0.002127,172.31.36.0-255,66,155252,9,270172
9672,0.002162,172.31.36.0-255,66,155318,9,270172
9673,0.002174,172.31.36.0-255,66,155384,9,270172
9674,0.002234,74.125.24.0-255,1484,156868,9,270172
9675,0.002239,74.125.24.0-255,2902,159770,9,270172
9676,0.002242,172.31.36.0-255,66,159836,9,270172
9677,0.002248,74.125.24.0-255,5738,165574,9,270172
9678,0.00225,172.31.36.0-255,66,165640,9,270172
9679,0.002252,74.125.24.0-255,1484,167124,9,270172
9680,0.002317,74.125.24.0-255,7156,174280,9,270172
9681,0.002332,74.125.24.0-255,2184,176464,9,270172
9682,0.002549,74.125.24.0-255,1484,177948,9,270172
9683,0.002564,74.125.24.0-255,2902,180850,9,270172
9684,0.002568,74.125.24.0-255,2902,183752,9,270172
9685,0.002584,74.125.24.0-255,2902,186654,9,270172
9686,0.002595,74.125.24.0-255,1484,188138,9,270172
9687,0.002615,74.125.24.0-255,7156,195294,9,270172
9688,0.002637,74.125.24.0-255,2902,198196,9,270172
9689,0.002641,74.125.24.0-255,4320,202516,9,270172
9690,0.002644,74.125.24.0-255,1484,204000,9,270172
9691,0.002648,74.125.24.0-255,4320,208320,9,270172
9692,0.002664,74.125.24.0-255,2184,210504,9,270172
9693,0.002685,172.31.36.0-255,66,210570,9,270172
9694,0.00273,74.125.24.0-255,1484,212054,9,270172
9695,0.002733,74.125.24.0-255,1484,213538,9,270172
9696,0.002749,172.31.36.0-255,66,213604,9,270172
9697,0.002753,74.125.24.0-255,1484,215088,9,270172
9698,0.00276,74.125.24.0-255,5738,220826,9,270172
9699,0.002761,74.125.24.0-255,1484,222310,9,270172
9700,0.002767,172.31.36.0-255,66,222376,9,270172
9701,0.002781,74.125.24.0-255,5738,228114,9,270172
9702,0.002798,74.125.24.0-255,5738,233852,9,270172
9703,0.002804,74.125.24.0-255,5738,239590,9,270172
9704,0.002811,172.31.36.0-255,66,239656,9,270172
9705,0.002825,74.125.24.0-255,5020,244676,9,270172
9706,0.00283,74.125.24.0-255,5738,250414,9,270172
9707,0.002844,74.125.24.0-255,5738,256152,9,270172
9708,0.002856,172.31.36.0-255,66,256218,9,270172
9709,0.002902,74.125.24.0-255,1484,257702,9,270172
9710,0.002905,74.125.24.0-255,2902,260604,9,270172
9711,0.002909,172.31.36.0-255,66,260670,9,270172
9712,0.002914,172.31.36.0-255,66,260736,9,270172
9713,0.002941,74.125.24.0-255,105,260841,9,270172
9714,0.00296,172.31.36.0-255,66,260907,9,270172
9715,0.004891,172.31.36.0-255,105,261012,9,270172
9716,0.007222,74.125.24.0-255,66,261078,9,270172
9717,0.030653,172.31.36.0-255,172,261250,9,270172
9718,0.030709,172.31.36.0-255,1117,262367,9,270172
9719,0.030927,172.31.36.0-255,1514,263881,9,270172
9720,0.030929,172.31.36.0-255,1514,265395,9,270172
9721,0.030931,172.31.36.0-255,1514,266909,9,270172
9722,0.030932,172.31.36.0-255,1514,268423,9,270172
9723,0.030965,172.31.36.0-255,1485,269908,9,270172
9724,0.032239,104.244.42.0-255,66,269974,9,270172
9725,0.032278,104.244.42.0-255,66,270040,9,270172
9726,0.032547,104.244.42.0-255,66,270106,9,270172
9727,0.032574,104.244.42.0-255,66,270172,9,270172
9728,0.0,74.125.200.0-255,156,156,9,424567
9729,1.8e-05,172.31.36.0-255,66,222,9,424567
9730,2.4e-05,74.125.200.0-255,1484,1706,9,424567
9731,2.9e-05,172.31.36.0-255,66,1772,9,424567
9732,3.3e-05,74.125.200.0-255,2902,4674,9,424567
9733,3.6e-05,172.31.36.0-255,66,4740,9,424567
9734,4e-05,74.125.200.0-255,2902,7642,9,424567
9735,4.3e-05,172.31.36.0-255,66,7708,9,424567
9736,6.2e-05,74.125.200.0-255,2902,10610,9,424567
9737,6.5e-05,172.31.36.0-255,66,10676,9,424567
9738,8.2e-05,74.125.200.0-255,6293,16969,9,424567
9739,8.6e-05,172.31.36.0-255,66,17035,9,424567
9740,0.00011,74.125.200.0-255,2902,19937,9,424567
9741,0.000113,172.31.36.0-255,66,20003,9,424567
9742,0.000128,74.125.200.0-255,4320,24323,9,424567
9743,0.000131,172.31.36.0-255,66,24389,9,424567
9744,0.000135,74.125.200.0-255,2902,27291,9,424567
9745,0.000137,172.31.36.0-255,66,27357,9,424567
9746,0.000172,74.125.200.0-255,3961,31318,9,424567
9747,0.000176,172.31.36.0-255,66,31384,9,424567
9748,0.000234,74.125.200.0-255,1484,32868,9,424567
9749,0.000236,172.31.36.0-255,66,32934,9,424567
9750,0.000251,74.125.200.0-255,2902,35836,9,424567
9751,0.000255,172.31.36.0-255,66,35902,9,424567
9752,0.000273,74.125.200.0-255,1484,37386,9,424567
9753,0.000276,172.31.36.0-255,66,37452,9,424567
9754,0.000301,74.125.200.0-255,4320,41772,9,424567
9755,0.000304,172.31.36.0-255,66,41838,9,424567
9756,0.000308,74.125.200.0-255,2902,44740,9,424567
9757,0.00031,172.31.36.0-255,66,44806,9,424567
9758,0.000363,74.125.200.0-255,3961,48767,9,424567
9759,0.000368,172.31.36.0-255,66,48833,9,424567
9760,0.000877,74.125.200.0-255,1484,50317,9,424567
9761,0.000897,74.125.200.0-255,1484,51801,9,424567
9762,0.000903,172.31.36.0-255,66,51867,9,424567
9763,0.000922,74.125.200.0-255,1484,53351,9,424567
9764,0.000976,74.125.200.0-255,4320,57671,9,424567
9765,0.00098,172.31.36.0-255,66,57737,9,424567
9766,0.001003,74.125.200.0-255,4320,62057,9,424567
9767,0.001005,172.31.36.0-255,66,62123,9,424567
9768,0.00104,74.125.200.0-255,5379,67502,9,424567
9769,0.001043,172.31.36.0-255,66,67568,9,424567
9770,0.001061,74.125.200.0-255,4320,71888,9,424567
9771,0.001064,172.31.36.0-255,66,71954,9,424567
9772,0.001072,74.125.200.0-255,5738,77692,9,424567
9773,0.001074,172.31.36.0-255,66,77758,9,424567
9774,0.001089,74.125.200.0-255,1484,79242,9,424567
9775,0.001105,74.125.200.0-255,4540,83782,9,424567
9776,0.001108,172.31.36.0-255,66,83848,9,424567
9777,0.001153,74.125.200.0-255,5738,89586,9,424567
9778,0.001157,172.31.36.0-255,66,89652,9,424567
9779,0.001177,74.125.200.0-255,1484,91136,9,424567
9780,0.001182,74.125.200.0-255,2902,94038,9,424567
9781,0.001184,172.31.36.0-255,66,94104,9,424567
9782,0.001189,74.125.200.0-255,4320,98424,9,424567
9783,0.001191,172.31.36.0-255,66,98490,9,424567
9784,0.001195,74.125.200.0-255,2543,101033,9,424567
9785,0.001199,172.31.36.0-255,66,101099,9,424567
9786,0.001525,74.125.200.0-255,1484,102583,9,424567
9787,0.001531,74.125.200.0-255,1484,104067,9,424567
9788,0.001536,172.31.36.0-255,66,104133,9,424567
9789,0.001541,74.125.200.0-255,2902,107035,9,424567
9790,0.001543,172.31.36.0-255,66,107101,9,424567
9791,0.001576,74.125.200.0-255,5738,112839,9,424567
9792,0.00158,172.31.36.0-255,66,112905,9,424567
9793,0.001585,74.125.200.0-255,4320,117225,9,424567
9794,0.001587,172.31.36.0-255,66,117291,9,424567
9795,0.001606,74.125.200.0-255,7156,124447,9,424567
9796,0.001608,172.31.36.0-255,66,124513,9,424567
9797,0.001647,74.125.200.0-255,7156,131669,9,424567
9798,0.00165,172.31.36.0-255,66,131735,9,424567
9799,0.001668,74.125.200.0-255,3602,135337,9,424567
9800,0.001671,172.31.36.0-255,66,135403,9,424567
9801,0.001873,74.125.200.0-255,1484,136887,9,424567
9802,0.001887,74.125.200.0-255,2902,139789,9,424567
9803,0.00189,172.31.36.0-255,66,139855,9,424567
9804,0.001918,74.125.200.0-255,5738,145593,9,424567
9805,0.001921,172.31.36.0-255,66,145659,9,424567
9806,0.001934,74.125.200.0-255,1484,147143,9,424567
9807,0.001947,74.125.200.0-255,2902,150045,9,424567
9808,0.001949,172.31.36.0-255,66,150111,9,424567
9809,0.001974,74.125.200.0-255,2902,153013,9,424567
9810,0.001977,172.31.36.0-255,66,153079,9,424567
9811,0.001997,74.125.200.0-255,2902,155981,9,424567
9812,0.001999,172.31.36.0-255,66,156047,9,424567
9813,0.002004,74.125.200.0-255,4320,160367,9,424567
9814,0.002006,172.31.36.0-255,66,160433,9,424567
9815,0.002012,74.125.200.0-255,5738,166171,9,424567
9816,0.002015,172.31.36.0-255,66,166237,9,424567
9817,0.002047,74.125.200.0-255,3602,169839,9,424567
9818,0.00205,172.31.36.0-255,66,169905,9,424567
9819,0.002152,74.125.200.0-255,1484,171389,9,424567
9820,0.002167,74.125.200.0-255,2902,174291,9,424567
9821,0.002169,172.31.36.0-255,66,174357,9,424567
9822,0.002194,74.125.200.0-255,2902,177259,9,424567
9823,0.002196,172.31.36.0-255,66,177325,9,424567
9824,0.002211,74.125.200.0-255,2902,180227,9,424567
9825,0.002213,172.31.36.0-255,66,180293,9,424567
9826,0.002216,74.125.200.0-255,1484,181777,9,424567
9827,0.00222,74.125.200.0-255,2902,184679,9,424567
9828,0.002222,172.31.36.0-255,66,184745,9,424567
9829,0.002236,74.125.200.0-255,2902,187647,9,424567
9830,0.002238,172.31.36.0-255,66,187713,9,424567
9831,0.002253,74.125.200.0-255,2902,190615,9,424567
9832,0.002256,172.31.36.0-255,66,190681,9,424567
9833,0.002261,74.125.200.0-255,4320,195001,9,424567
9834,0.002263,172.31.36.0-255,66,195067,9,424567
9835,0.002284,74.125.200.0-255,5738,200805,9,424567
9836,0.002286,172.31.36.0-255,66,200871,9,424567
9837,0.002306,74.125.200.0-255,3602,204473,9,424567
9838,0.002308,172.31.36.0-255,66,204539,9,424567
9839,0.002384,74.125.200.0-255,1484,206023,9,424567
9840,0.002401,74.125.200.0-255,2902,208925,9,424567
9841,0.002404,172.31.36.0-255,66,208991,9,424567
9842,0.002407,74.125.200.0-255,1484,210475,9,424567
9843,0.00242,74.125.200.0-255,2902,213377,9,424567
9844,0.002422,172.31.36.0-255,66,213443,9,424567
9845,0.00244,74.125.200.0-255,2902,216345,9,424567
9846,0.002442,172.31.36.0-255,66,216411,9,424567
9847,0.002459,74.125.200.0-255,5738,222149,9,424567
9848,0.002462,172.31.36.0-255,66,222215,9,424567
9849,0.002464,74.125.200.0-255,1484,223699,9,424567
9850,0.002489,74.125.200.0-255,5738,229437,9,424567
9851,0.002491,172.31.36.0-255,66,229503,9,424567
9852,0.002501,172.31.36.0-255,66,229569,9,424567
9853,0.002503,74.125.200.0-255,766,230335,9,424567
9854,0.002558,74.125.200.0-255,1484,231819,9,424567
9855,0.00256,172.31.36.0-255,66,231885,9,424567
9856,0.002576,74.125.200.0-255,2902,234787,9,424567
9857,0.002578,172.31.36.0-255,66,234853,9,424567
9858,0.002597,74.125.200.0-255,1484,236337,9,424567
9859,0.0026,74.125.200.0-255,1484,237821,9,424567
9860,0.002602,172.31.36.0-255,66,237887,9,424567
9861,0.002607,74.125.200.0-255,2902,240789,9,424567
9862,0.002609,172.31.36.0-255,66,240855,9,424567
9863,0.00516,74.125.200.0-255,2902,243757,9,424567
9864,0.005166,172.31.36.0-255,66,243823,9,424567
9865,0.005189,74.125.200.0-255,2902,246725,9,424567
9866,0.005191,172.31.36.0-255,66,246791,9,424567
9867,0.007709,74.125.200.0-255,2902,249693,9,424567
9868,0.007714,172.31.36.0-255,66,249759,9,424567
9869,0.007748,74.125.200.0-255,2902,252661,9,424567
9870,0.007752,172.31.36.0-255,66,252727,9,424567
9871,0.010266,74.125.200.0-255,2902,255629,9,424567
9872,0.010273,172.31.36.0-255,66,255695,9,424567
9873,0.010294,74.125.200.0-255,2902,258597,9,424567
9874,0.010297,172.31.36.0-255,66,258663,9,424567
9875,0.012812,74.125.200.0-255,2902,261565,9,424567
9876,0.012819,172.31.36.0-255,66,261631,9,424567
9877,0.012839,74.125.200.0-255,2902,264533,9,424567
9878,0.012842,172.31.36.0-255,66,264599,9,424567
9879,0.015396,74.125.200.0-255,2902,267501,9,424567
9880,0.015404,172.31.36.0-255,66,267567,9,424567
9881,0.015445,74.125.200.0-255,2902,270469,9,424567
9882,0.015449,172.31.36.0-255,66,270535,9,424567
9883,0.017943,74.125.200.0-255,2902,273437,9,424567
9884,0.017952,172.31.36.0-255,66,273503,9,424567
9885,0.017981,74.125.200.0-255,2902,276405,9,424567
9886,0.017985,172.31.36.0-255,66,276471,9,424567
9887,0.020498,74.125.200.0-255,2902,279373,9,424567
9888,0.02051,172.31.36.0-255,66,279439,9,424567
9889,0.020547,74.125.200.0-255,2902,282341,9,424567
9890,0.020551,172.31.36.0-255,66,282407,9,424567
9891,0.023053,74.125.200.0-255,2902,285309,9,424567
9892,0.023061,172.31.36.0-255,66,285375,9,424567
9893,0.023098,74.125.200.0-255,2902,288277,9,424567
9894,0.023103,172.31.36.0-255,66,288343,9,424567
9895,0.025613,74.125.200.0-255,2902,291245,9,424567
9896,0.02562,172.31.36.0-255,66,291311,9,424567
9897,0.025657,74.125.200.0-255,2902,294213,9,424567
9898,0.025661,172.31.36.0-255,66,294279,9,424567
9899,0.028182,74.125.200.0-255,2902,297181,9,424567
9900,0.028191,172.31.36.0-255,66,297247,9,424567
9901,0.028227,74.125.200.0-255,2902,300149,9,424567
9902,0.028231,172.31.36.0-255,66,300215,9,424567
9903,0.030741,74.125.200.0-255,2902,303117,9,424567
9904,0.03075,172.31.36.0-255,66,303183,9,424567
9905,0.030788,74.125.200.0-255,2902,306085,9,424567
9906,0.030791,172.31.36.0-255,66,306151,9,424567
9907,0.033296,74.125.200.0-255,2902,309053,9,424567
9908,0.033303,172.31.36.0-255,66,309119,9,424567
9909,0.033339,74.125.200.0-255,2902,312021,9,424567
9910,0.033342,172.31.36.0-255,66,312087,9,424567
9911,0.035839,74.125.200.0-255,2902,314989,9,424567
9912,0.035846,172.31.36.0-255,66,315055,9,424567
9913,0.035876,74.125.200.0-255,2902,317957,9,424567
9914,0.035879,172.31.36.0-255,66,318023,9,424567
9915,0.038394,74.125.200.0-255,2902,320925,9,424567
9916,0.038404,172.31.36.0-255,66,320991,9,424567
9917,0.038438,74.125.200.0-255,2902,323893,9,424567
9918,0.038442,172.31.36.0-255,66,323959,9,424567
9919,0.040951,74.125.200.0-255,2902,326861,9,424567
9920,0.040961,172.31.36.0-255,66,326927,9,424567
9921,0.040996,74.125.200.0-255,2902,329829,9,424567
9922,0.040999,172.31.36.0-255,66,329895,9,424567
9923,0.043513,74.125.200.0-255,2902,332797,9,424567
9924,0.04354,172.31.36.0-255,66,332863,9,424567
9925,0.04356,74.125.200.0-255,2902,335765,9,424567
9926,0.043563,172.31.36.0-255,66,335831,9,424567
9927,0.046085,74.125.200.0-255,2902,338733,9,424567
9928,0.046093,172.31.36.0-255,66,338799,9,424567
9929,0.046114,74.125.200.0-255,2902,341701,9,424567
9930,0.046117,172.31.36.0-255,66,341767,9,424567
9931,0.046947,172.31.36.0-255,172,341939,9,424567
9932,0.046981,172.31.36.0-255,1116,343055,9,424567
9933,0.047025,172.31.36.0-255,1514,344569,9,424567
9934,0.047026,172.31.36.0-255,1514,346083,9,424567
9935,0.047031,172.31.36.0-255,1514,347597,9,424567
9936,0.047032,172.31.36.0-255,106,347703,9,424567
9937,0.048496,104.244.42.0-255,66,347769,9,424567
9938,0.048544,104.244.42.0-255,66,347835,9,424567
9939,0.048592,104.244.42.0-255,66,347901,9,424567
9940,0.048597,104.244.42.0-255,66,347967,9,424567
9941,0.048629,74.125.200.0-255,2902,350869,9,424567
9942,0.048634,172.31.36.0-255,66,350935,9,424567
9943,0.048663,74.125.200.0-255,2902,353837,9,424567
9944,0.048667,172.31.36.0-255,66,353903,9,424567
9945,0.051174,74.125.200.0-255,2902,356805,9,424567
9946,0.051181,172.31.36.0-255,66,356871,9,424567
9947,0.051212,74.125.200.0-255,2902,359773,9,424567
9948,0.051215,172.31.36.0-255,66,359839,9,424567
9949,0.053729,74.125.200.0-255,2902,362741,9,424567
9950,0.053735,172.31.36.0-255,66,362807,9,424567
9951,0.053788,74.125.200.0-255,2902,365709,9,424567
9952,0.053791,172.31.36.0-255,66,365775,9,424567
9953,0.056277,74.125.200.0-255,2902,368677,9,424567
9954,0.056283,172.31.36.0-255,66,368743,9,424567
9955,0.056338,74.125.200.0-255,1484,370227,9,424567
9956,0.056351,74.125.200.0-255,1484,371711,9,424567
9957,0.056355,172.31.36.0-255,66,371777,9,424567
9958,0.058832,74.125.200.0-255,1484,373261,9,424567
9959,0.05886,74.125.200.0-255,1484,374745,9,424567
9960,0.058865,172.31.36.0-255,66,374811,9,424567
9961,0.058888,74.125.200.0-255,2902,377713,9,424567
9962,0.058891,172.31.36.0-255,66,377779,9,424567
9963,0.06141,74.125.200.0-255,2902,380681,9,424567
9964,0.061416,172.31.36.0-255,66,380747,9,424567
9965,0.06145,74.125.200.0-255,2902,383649,9,424567
9966,0.061453,172.31.36.0-255,66,383715,9,424567
9967,0.063949,74.125.200.0-255,2902,386617,9,424567
9968,0.063954,172.31.36.0-255,66,386683,9,424567
9969,0.06399,74.125.200.0-255,2902,389585,9,424567
9970,0.063993,172.31.36.0-255,66,389651,9,424567
9971,0.066508,74.125.200.0-255,2902,392553,9,424567
9972,0.066514,172.31.36.0-255,66,392619,9,424567
9973,0.066547,74.125.200.0-255,2902,395521,9,424567
9974,0.06655,172.31.36.0-255,66,395587,9,424567
9975,0.06905,74.125.200.0-255,2902,398489,9,424567
9976,0.069055,172.31.36.0-255,66,398555,9,424567
9977,0.069093,74.125.200.0-255,2902,401457,9,424567
9978,0.069097,172.31.36.0-255,66,401523,9,424567
9979,0.071613,74.125.200.0-255,2902,404425,9,424567
9980,0.071619,172.31.36.0-255,66,404491,9,424567
9981,0.071652,74.125.200.0-255,2902,407393,9,424567
9982,0.071655,172.31.36.0-255,66,407459,9,424567
9983,0.074155,74.125.200.0-255,2902,410361,9,424567
9984,0.074161,172.31.36.0-255,66,410427,9,424567
9985,0.074202,74.125.200.0-255,2902,413329,9,424567
9986,0.074205,172.31.36.0-255,66,413395,9,424567
9987,0.076715,74.125.200.0-255,2902,416297,9,424567
9988,0.07672,172.31.36.0-255,66,416363,9,424567
9989,0.076751,74.125.200.0-255,2902,419265,9,424567
9990,0.076755,172.31.36.0-255,66,419331,9,424567
9991,0.079265,74.125.200.0-255,2902,422233,9,424567
9992,0.079271,172.31.36.0-255,66,422299,9,424567
9993,0.079299,74.125.200.0-255,2031,424330,9,424567
9994,0.079302,172.31.36.0-255,66,424396,9,424567
9995,0.079467,172.31.36.0-255,105,424501,9,424567
9996,0.081987,74.125.200.0-255,66,424567,9,424567
9997,0.0,172.31.36.0-255,105,105,9,276
9998,0.002066,157.240.13.0-255,105,210,9,276
9999,0.00208,172.31.36.0-255,66,276,9,276
10000,0.0,172.217.24.0-255,153,153,9,390184
10001,1.7e-05,172.31.36.0-255,66,219,9,390184
10002,2.3e-05,172.217.24.0-255,1484,1703,9,390184
10003,2.6e-05,172.31.36.0-255,66,1769,9,390184
10004,3.2e-05,172.217.24.0-255,2902,4671,9,390184
10005,3.4e-05,172.31.36.0-255,66,4737,9,390184
10006,3.9e-05,172.217.24.0-255,4320,9057,9,390184
10007,4.2e-05,172.31.36.0-255,66,9123,9,390184
10008,6.5e-05,172.217.24.0-255,4320,13443,9,390184
10009,6.7e-05,172.31.36.0-255,66,13509,9,390184
10010,9.2e-05,172.217.24.0-255,4865,18374,9,390184
10011,9.4e-05,172.31.36.0-255,66,18440,9,390184
10012,0.000105,172.31.36.0-255,66,18506,9,390184
10013,0.000109,172.217.24.0-255,2543,21049,9,390184
10014,0.000111,172.31.36.0-255,66,21115,9,390184
10015,0.000136,172.217.24.0-255,1484,22599,9,390184
10016,0.000138,172.31.36.0-255,66,22665,9,390184
10017,0.000148,172.217.24.0-255,1484,24149,9,390184
10018,0.000149,172.31.36.0-255,66,24215,9,390184
10019,0.000154,172.217.24.0-255,2902,27117,9,390184
10020,0.000156,172.31.36.0-255,66,27183,9,390184
10021,0.000184,172.217.24.0-255,4320,31503,9,390184
10022,0.000186,172.31.36.0-255,66,31569,9,390184
10023,0.000191,172.217.24.0-255,4320,35889,9,390184
10024,0.000193,172.31.36.0-255,66,35955,9,390184
10025,0.000211,172.217.24.0-255,1484,37439,9,390184
10026,0.000213,172.31.36.0-255,66,37505,9,390184
10027,0.000222,172.217.24.0-255,1125,38630,9,390184
10028,0.000224,172.31.36.0-255,66,38696,9,390184
10029,0.000855,172.217.24.0-255,1484,40180,9,390184
10030,0.000862,172.31.36.0-255,66,40246,9,390184
10031,0.000871,172.217.24.0-255,2902,43148,9,390184
10032,0.000873,172.31.36.0-255,66,43214,9,390184
10033,0.000879,172.217.24.0-255,4320,47534,9,390184
10034,0.000881,172.31.36.0-255,66,47600,9,390184
10035,0.000903,172.217.24.0-255,1484,49084,9,390184
10036,0.000912,172.217.24.0-255,6797,55881,9,390184
10037,0.000915,172.31.36.0-255,66,55947,9,390184
10038,0.000918,172.217.24.0-255,678,56625,9,390184
10039,0.000991,172.217.24.0-255,1484,58109,9,390184
10040,0.000995,172.31.36.0-255,66,58175,9,390184
10041,0.001018,172.217.24.0-255,2902,61077,9,390184
10042,0.00102,172.31.36.0-255,66,61143,9,390184
10043,0.00104,172.217.24.0-255,5738,66881,9,390184
10044,0.001042,172.31.36.0-255,66,66947,9,390184
10045,0.001057,172.217.24.0-255,1484,68431,9,390184
10046,0.001072,172.217.24.0-255,5379,73810,9,390184
10047,0.001074,172.31.36.0-255,66,73876,9,390184
10048,0.001091,172.217.24.0-255,2902,76778,9,390184
10049,0.001093,172.31.36.0-255,66,76844,9,390184
10050,0.00111,172.217.24.0-255,4320,81164,9,390184
10051,0.001112,172.31.36.0-255,66,81230,9,390184
10052,0.001123,172.31.36.0-255,66,81296,9,390184
10053,0.001126,172.217.24.0-255,1125,82421,9,390184
10054,0.001169,172.217.24.0-255,1484,83905,9,390184
10055,0.001172,172.31.36.0-255,66,83971,9,390184
10056,0.001178,172.217.24.0-255,4320,88291,9,390184
10057,0.00118,172.31.36.0-255,66,88357,9,390184
10058,0.001186,172.217.24.0-255,5738,94095,9,390184
10059,0.001189,172.31.36.0-255,66,94161,9,390184
10060,0.001229,172.217.24.0-255,4711,98872,9,390184
10061,0.001233,172.31.36.0-255,66,98938,9,390184
10062,0.001559,172.217.24.0-255,201,99139,9,390184
10063,0.00171,172.217.24.0-255,1484,100623,9,390184
10064,0.001716,172.31.36.0-255,66,100689,9,390184
10065,0.001724,172.217.24.0-255,2902,103591,9,390184
10066,0.001727,172.31.36.0-255,66,103657,9,390184
10067,0.001731,172.217.24.0-255,2902,106559,9,390184
10068,0.001734,172.31.36.0-255,66,106625,9,390184
10069,0.001739,172.217.24.0-255,2902,109527,9,390184
10070,0.001742,172.31.36.0-255,66,109593,9,390184
10071,0.00177,172.217.24.0-255,4320,113913,9,390184
10072,0.001773,172.31.36.0-255,66,113979,9,390184
10073,0.001788,172.31.36.0-255,66,114045,9,390184
10074,0.001812,172.217.24.0-255,1484,115529,9,390184
10075,0.001817,172.217.24.0-255,3602,119131,9,390184
10076,0.00182,172.31.36.0-255,66,119197,9,390184
10077,0.001917,172.217.24.0-255,1484,120681,9,390184
10078,0.001931,172.217.24.0-255,2902,123583,9,390184
10079,0.001944,172.217.24.0-255,4320,127903,9,390184
10080,0.001964,172.217.24.0-255,1484,129387,9,390184
10081,0.001968,172.217.24.0-255,2902,132289,9,390184
10082,0.00675,172.31.36.0-255,66,132355,9,390184
10083,0.008687,172.217.24.0-255,5738,138093,9,390184
10084,0.008694,172.31.36.0-255,66,138159,9,390184
10085,0.010646,172.217.24.0-255,5738,143897,9,390184
10086,0.010655,172.31.36.0-255,66,143963,9,390184
10087,0.012587,172.217.24.0-255,5738,149701,9,390184
10088,0.012595,172.31.36.0-255,66,149767,9,390184
10089,0.014532,172.217.24.0-255,5738,155505,9,390184
10090,0.014539,172.31.36.0-255,66,155571,9,390184
10091,0.016523,172.217.24.0-255,5738,161309,9,390184
10092,0.016531,172.31.36.0-255,66,161375,9,390184
10093,0.018474,172.217.24.0-255,5738,167113,9,390184
10094,0.018482,172.31.36.0-255,66,167179,9,390184
10095,0.020426,172.217.24.0-255,5738,172917,9,390184
10096,0.020433,172.31.36.0-255,66,172983,9,390184
10097,0.022372,172.217.24.0-255,5738,178721,9,390184
10098,0.022379,172.31.36.0-255,66,178787,9,390184
10099,0.024327,172.217.24.0-255,5738,184525,9,390184
10100,0.024337,172.31.36.0-255,66,184591,9,390184
10101,0.026275,172.217.24.0-255,5738,190329,9,390184
10102,0.026284,172.31.36.0-255,66,190395,9,390184
10103,0.028212,172.217.24.0-255,5738,196133,9,390184
10104,0.028219,172.31.36.0-255,66,196199,9,390184
10105,0.030157,172.217.24.0-255,5738,201937,9,390184
10106,0.030163,172.31.36.0-255,66,202003,9,390184
10107,0.032108,172.217.24.0-255,5738,207741,9,390184
10108,0.032115,172.31.36.0-255,66,207807,9,390184
10109,0.034055,172.217.24.0-255,5738,213545,9,390184
10110,0.034062,172.31.36.0-255,66,213611,9,390184
10111,0.036002,172.217.24.0-255,5738,219349,9,390184
10112,0.036009,172.31.36.0-255,66,219415,9,390184
10113,0.037952,172.217.24.0-255,5738,225153,9,390184
10114,0.037959,172.31.36.0-255,66,225219,9,390184
10115,0.039885,172.217.24.0-255,4320,229539,9,390184
10116,0.039897,172.31.36.0-255,66,229605,9,390184
10117,0.039913,172.217.24.0-255,1484,231089,9,390184
10118,0.041837,172.217.24.0-255,4320,235409,9,390184
10119,0.041844,172.31.36.0-255,66,235475,9,390184
10120,0.043781,172.217.24.0-255,5738,241213,9,390184
10121,0.043788,172.31.36.0-255,66,241279,9,390184
10122,0.045727,172.217.24.0-255,5738,247017,9,390184
10123,0.045734,172.31.36.0-255,66,247083,9,390184
10124,0.047723,172.217.24.0-255,5738,252821,9,390184
10125,0.047728,172.31.36.0-255,66,252887,9,390184
10126,0.049673,172.217.24.0-255,5738,258625,9,390184
10127,0.049682,172.31.36.0-255,66,258691,9,390184
10128,0.051633,172.217.24.0-255,1484,260175,9,390184
10129,0.051657,172.217.24.0-255,4320,264495,9,390184
10130,0.051662,172.31.36.0-255,66,264561,9,390184
10131,0.053632,172.217.24.0-255,5738,270299,9,390184
10132,0.053639,172.31.36.0-255,66,270365,9,390184
10133,0.055654,172.217.24.0-255,5738,276103,9,390184
10134,0.055663,172.31.36.0-255,66,276169,9,390184
10135,0.057603,172.217.24.0-255,5738,281907,9,390184
10136,0.05761,172.31.36.0-255,66,281973,9,390184
10137,0.059548,172.217.24.0-255,5738,287711,9,390184
10138,0.059556,172.31.36.0-255,66,287777,9,390184
10139,0.06103,172.31.36.0-255,172,287949,9,390184
10140,0.06106,172.31.36.0-255,1070,289019,9,390184
10141,0.061487,172.217.24.0-255,4320,293339,9,390184
10142,0.061494,172.31.36.0-255,66,293405,9,390184
10143,0.061508,172.217.24.0-255,1484,294889,9,390184
10144,0.062575,104.244.42.0-255,66,294955,9,390184
10145,0.062596,104.244.42.0-255,66,295021,9,390184
10146,0.063459,172.217.24.0-255,4320,299341,9,390184
10147,0.063465,172.31.36.0-255,66,299407,9,390184
10148,0.065397,172.217.24.0-255,5738,305145,9,390184
10149,0.065404,172.31.36.0-255,66,305211,9,390184
10150,0.067346,172.217.24.0-255,5738,310949,9,390184
10151,0.067353,172.31.36.0-255,66,311015,9,390184
10152,0.069285,172.217.24.0-255,5738,316753,9,390184
10153,0.069292,172.31.36.0-255,66,316819,9,390184
10154,0.071247,172.217.24.0-255,5738,322557,9,390184
10155,0.071255,172.31.36.0-255,66,322623,9,390184
10156,0.073191,172.217.24.0-255,5738,328361,9,390184
10157,0.073197,172.31.36.0-255,66,328427,9,390184
10158,0.075151,172.217.24.0-255,5738,334165,9,390184
10159,0.075157,172.31.36.0-255,66,334231,9,390184
10160,0.077104,172.217.24.0-255,5738,339969,9,390184
10161,0.077109,172.31.36.0-255,66,340035,9,390184
10162,0.079039,172.217.24.0-255,5738,345773,9,390184
10163,0.079046,172.31.36.0-255,66,345839,9,390184
10164,0.080987,172.217.24.0-255,5738,351577,9,390184
10165,0.080994,172.31.36.0-255,66,351643,9,390184
10166,0.082951,172.217.24.0-255,5738,357381,9,390184
10167,0.082958,172.31.36.0-255,66,357447,9,390184
10168,0.084912,172.217.24.0-255,5738,363185,9,390184
10169,0.08492,172.31.36.0-255,66,363251,9,390184
10170,0.086863,172.217.24.0-255,5738,368989,9,390184
10171,0.08687,172.31.36.0-255,66,369055,9,390184
10172,0.088806,172.217.24.0-255,5738,374793,9,390184
10173,0.088813,172.31.36.0-255,66,374859,9,390184
10174,0.090752,172.217.24.0-255,5738,380597,9,390184
10175,0.090759,172.31.36.0-255,66,380663,9,390184
10176,0.092696,172.217.24.0-255,5738,386401,9,390184
10177,0.092703,172.31.36.0-255,66,386467,9,390184
10178,0.094647,172.217.24.0-255,3480,389947,9,390184
10179,0.094653,172.31.36.0-255,66,390013,9,390184
10180,0.094823,172.31.36.0-255,105,390118,9,390184
10181,0.096725,172.217.24.0-255,66,390184,9,390184
10182,0.0,172.217.194.0-255,66,66,9,66
10183,0.0,172.31.36.0-255,105,105,9,276
10184,0.001812,157.240.13.0-255,105,210,9,276
10185,0.001825,172.31.36.0-255,66,276,9,276
10186,0.0,74.125.24.0-255,150,150,9,200814
10187,1.6e-05,172.31.36.0-255,66,216,9,200814
10188,2.3e-05,74.125.24.0-255,1484,1700,9,200814
10189,2.8e-05,172.31.36.0-255,66,1766,9,200814
10190,3.4e-05,74.125.24.0-255,2902,4668,9,200814
10191,4.4e-05,172.31.36.0-255,66,4734,9,200814
10192,5.1e-05,74.125.24.0-255,5738,10472,9,200814
10193,5.3e-05,172.31.36.0-255,66,10538,9,200814
10194,9.3e-05,74.125.24.0-255,3418,13956,9,200814
10195,9.6e-05,172.31.36.0-255,66,14022,9,200814
10196,0.000101,74.125.24.0-255,2902,16924,9,200814
10197,0.000104,172.31.36.0-255,66,16990,9,200814
10198,0.000123,74.125.24.0-255,1484,18474,9,200814
10199,0.000126,172.31.36.0-255,66,18540,9,200814
10200,0.000162,172.31.36.0-255,66,18606,9,200814
10201,0.000166,74.125.24.0-255,2543,21149,9,200814
10202,0.00017,172.31.36.0-255,66,21215,9,200814
10203,0.000249,74.125.24.0-255,1484,22699,9,200814
10204,0.000252,172.31.36.0-255,66,22765,9,200814
10205,0.000286,74.125.24.0-255,2902,25667,9,200814
10206,0.000289,172.31.36.0-255,66,25733,9,200814
10207,0.000295,74.125.24.0-255,5738,31471,9,200814
10208,0.000298,172.31.36.0-255,66,31537,9,200814
10209,0.00031,74.125.24.0-255,6797,38334,9,200814
10210,0.000312,172.31.36.0-255,66,38400,9,200814
10211,0.00032,74.125.24.0-255,7156,45556,9,200814
10212,0.000323,172.31.36.0-255,66,45622,9,200814
10213,0.000368,172.31.36.0-255,66,45688,9,200814
10214,0.000391,74.125.24.0-255,1405,47093,9,200814
10215,0.000394,172.31.36.0-255,66,47159,9,200814
10216,0.000417,74.125.24.0-255,408,47567,9,200814
10217,0.000642,74.125.24.0-255,1484,49051,9,200814
10218,0.000647,172.31.36.0-255,66,49117,9,200814
10219,0.000653,74.125.24.0-255,2902,52019,9,200814
10220,0.000655,172.31.36.0-255,66,52085,9,200814
10221,0.000663,74.125.24.0-255,5738,57823,9,200814
10222,0.000671,172.31.36.0-255,66,57889,9,200814
10223,0.000716,172.31.36.0-255,66,57955,9,200814
10224,0.000723,74.125.24.0-255,7156,65111,9,200814
10225,0.000725,172.31.36.0-255,66,65177,9,200814
10226,0.000767,74.125.24.0-255,3602,68779,9,200814
10227,0.000774,172.31.36.0-255,66,68845,9,200814
10228,0.000952,74.125.24.0-255,1484,70329,9,200814
10229,0.000958,74.125.24.0-255,2902,73231,9,200814
10230,0.000962,172.31.36.0-255,66,73297,9,200814
10231,0.000965,74.125.24.0-255,1484,74781,9,200814
10232,0.000992,74.125.24.0-255,4320,79101,9,200814
10233,0.00101,172.31.36.0-255,66,79167,9,200814
10234,0.001014,172.31.36.0-255,66,79233,9,200814
10235,0.001053,74.125.24.0-255,7156,86389,9,200814
10236,0.001068,172.31.36.0-255,66,86455,9,200814
10237,0.0011,74.125.24.0-255,6438,92893,9,200814
10238,0.001103,172.31.36.0-255,66,92959,9,200814
10239,0.00146,74.125.24.0-255,1484,94443,9,200814
10240,0.001466,74.125.24.0-255,2902,97345,9,200814
10241,0.00147,172.31.36.0-255,66,97411,9,200814
10242,0.001475,74.125.24.0-255,2902,100313,9,200814
10243,0.001477,172.31.36.0-255,66,100379,9,200814
10244,0.001495,74.125.24.0-255,2902,103281,9,200814
10245,0.001497,172.31.36.0-255,66,103347,9,200814
10246,0.001513,172.31.36.0-255,66,103413,9,200814
10247,0.001544,74.125.24.0-255,1484,104897,9,200814
10248,0.001579,172.31.36.0-255,66,104963,9,200814
10249,0.001617,74.125.24.0-255,1484,106447,9,200814
10250,0.001622,74.125.24.0-255,2902,109349,9,200814
10251,0.001624,172.31.36.0-255,66,109415,9,200814
10252,0.001657,74.125.24.0-255,5738,115153,9,200814
10253,0.00166,172.31.36.0-255,66,115219,9,200814
10254,0.001666,74.125.24.0-255,5738,120957,9,200814
10255,0.001668,172.31.36.0-255,66,121023,9,200814
10256,0.001688,172.31.36.0-255,66,121089,9,200814
10257,0.001725,74.125.24.0-255,5020,126109,9,200814
10258,0.001729,172.31.36.0-255,66,126175,9,200814
10259,0.001777,74.125.24.0-255,1484,127659,9,200814
10260,0.001782,74.125.24.0-255,2902,130561,9,200814
10261,0.001785,172.31.36.0-255,66,130627,9,200814
10262,0.001814,74.125.24.0-255,5738,136365,9,200814
10263,0.001817,172.31.36.0-255,66,136431,9,200814
10264,0.00182,74.125.24.0-255,1484,137915,9,200814
10265,0.001835,172.31.36.0-255,66,137981,9,200814
10266,0.001869,172.31.36.0-255,66,138047,9,200814
10267,0.002049,74.125.24.0-255,1484,139531,9,200814
10268,0.002055,74.125.24.0-255,2902,142433,9,200814
10269,0.002059,172.31.36.0-255,66,142499,9,200814
10270,0.002065,74.125.24.0-255,5738,148237,9,200814
10271,0.002067,172.31.36.0-255,66,148303,9,200814
10272,0.002129,172.31.36.0-255,66,148369,9,200814
10273,0.002153,74.125.24.0-255,6438,154807,9,200814
10274,0.002212,74.125.24.0-255,7156,161963,9,200814
10275,0.002223,74.125.24.0-255,2902,164865,9,200814
10276,0.002228,74.125.24.0-255,4320,169185,9,200814
10277,0.002233,74.125.24.0-255,4320,173505,9,200814
10278,0.002249,74.125.24.0-255,4320,177825,9,200814
10279,0.002272,74.125.24.0-255,2902,180727,9,200814
10280,0.002309,74.125.24.0-255,3602,184329,9,200814
10281,0.002373,74.125.24.0-255,4320,188649,9,200814
10282,0.002423,74.125.24.0-255,3602,192251,9,200814
10283,0.002465,74.125.24.0-255,105,192356,9,200814
10284,0.006336,172.31.36.0-255,66,192422,9,200814
10285,0.006341,172.31.36.0-255,66,192488,9,200814
10286,0.006344,172.31.36.0-255,66,192554,9,200814
10287,0.006347,172.31.36.0-255,66,192620,9,200814
10288,0.006359,172.31.36.0-255,66,192686,9,200814
10289,0.006362,172.31.36.0-255,66,192752,9,200814
10290,0.006366,172.31.36.0-255,66,192818,9,200814
10291,0.006369,172.31.36.0-255,66,192884,9,200814
10292,0.006373,172.31.36.0-255,66,192950,9,200814
10293,0.006377,172.31.36.0-255,66,193016,9,200814
10294,0.006379,172.31.36.0-255,66,193082,9,200814
10295,0.006382,172.31.36.0-255,66,193148,9,200814
10296,0.006385,172.31.36.0-255,66,193214,9,200814
10297,0.006388,172.31.36.0-255,66,193280,9,200814
10298,0.006391,172.31.36.0-255,66,193346,9,200814
10299,0.006394,172.31.36.0-255,66,193412,9,200814
10300,0.006397,172.31.36.0-255,66,193478,9,200814
10301,0.0064,172.31.36.0-255,66,193544,9,200814
10302,0.006403,172.31.36.0-255,66,193610,9,200814
10303,0.008748,172.31.36.0-255,66,193676,9,200814
10304,0.008784,172.31.36.0-255,105,193781,9,200814
10305,0.011344,74.125.24.0-255,66,193847,9,200814
10306,0.044318,172.31.36.0-255,188,194035,9,200814
10307,0.044345,172.31.36.0-255,960,194995,9,200814
10308,0.044422,172.31.36.0-255,1514,196509,9,200814
10309,0.044423,172.31.36.0-255,1514,198023,9,200814
10310,0.044424,172.31.36.0-255,1514,199537,9,200814
10311,0.044425,172.31.36.0-255,1013,200550,9,200814
10312,0.045869,104.244.42.0-255,66,200616,9,200814
10313,0.045958,104.244.42.0-255,66,200682,9,200814
10314,0.045981,104.244.42.0-255,66,200748,9,200814
10315,0.045998,104.244.42.0-255,66,200814,9,200814
10316,0.0,172.217.27.0-255,143,143,9,423436
10317,3.2e-05,172.31.36.0-255,66,209,9,423436
10318,3.8e-05,172.217.27.0-255,1484,1693,9,423436
10319,4.3e-05,172.31.36.0-255,66,1759,9,423436
10320,4.7e-05,172.217.27.0-255,2902,4661,9,423436
10321,4.9e-05,172.31.36.0-255,66,4727,9,423436
10322,5.4e-05,172.217.27.0-255,5738,10465,9,423436
10323,5.6e-05,172.31.36.0-255,66,10531,9,423436
10324,7.1e-05,172.217.27.0-255,2902,13433,9,423436
10325,7.3e-05,172.31.36.0-255,66,13499,9,423436
10326,9.3e-05,172.217.27.0-255,514,14013,9,423436
10327,9.5e-05,172.31.36.0-255,66,14079,9,423436
10328,0.000145,172.217.27.0-255,1484,15563,9,423436
10329,0.000148,172.31.36.0-255,66,15629,9,423436
10330,0.000152,172.217.27.0-255,2902,18531,9,423436
10331,0.000154,172.31.36.0-255,66,18597,9,423436
10332,0.000166,172.217.27.0-255,1484,20081,9,423436
10333,0.000168,172.31.36.0-255,66,20147,9,423436
10334,0.00019,172.217.27.0-255,2902,23049,9,423436
10335,0.000193,172.31.36.0-255,66,23115,9,423436
10336,0.000198,172.217.27.0-255,5738,28853,9,423436
10337,0.0002,172.31.36.0-255,66,28919,9,423436
10338,0.000233,172.217.27.0-255,6797,35716,9,423436
10339,0.000236,172.31.36.0-255,66,35782,9,423436
10340,0.000272,172.217.27.0-255,7156,42938,9,423436
10341,0.000275,172.31.36.0-255,66,43004,9,423436
10342,0.000281,172.217.27.0-255,5379,48383,9,423436
10343,0.000283,172.31.36.0-255,66,48449,9,423436
10344,0.000905,172.217.27.0-255,1484,49933,9,423436
10345,0.00091,172.31.36.0-255,66,49999,9,423436
10346,0.00092,172.217.27.0-255,2902,52901,9,423436
10347,0.000922,172.31.36.0-255,66,52967,9,423436
10348,0.000928,172.217.27.0-255,5738,58705,9,423436
10349,0.00093,172.31.36.0-255,66,58771,9,423436
10350,0.000958,172.217.27.0-255,6797,65568,9,423436
10351,0.00096,172.31.36.0-255,66,65634,9,423436
10352,0.001146,172.217.27.0-255,1484,67118,9,423436
10353,0.001153,172.217.27.0-255,2902,70020,9,423436
10354,0.001156,172.31.36.0-255,66,70086,9,423436
10355,0.001161,172.217.27.0-255,2902,72988,9,423436
10356,0.001163,172.31.36.0-255,66,73054,9,423436
10357,0.001178,172.217.27.0-255,2902,75956,9,423436
10358,0.00118,172.31.36.0-255,66,76022,9,423436
10359,0.001186,172.217.27.0-255,5738,81760,9,423436
10360,0.001188,172.31.36.0-255,66,81826,9,423436
10361,0.001201,172.217.27.0-255,1125,82951,9,423436
10362,0.001204,172.217.27.0-255,1484,84435,9,423436
10363,0.001205,172.31.36.0-255,66,84501,9,423436
10364,0.001208,172.217.27.0-255,1484,85985,9,423436
10365,0.001228,172.217.27.0-255,1484,87469,9,423436
10366,0.001229,172.31.36.0-255,66,87535,9,423436
10367,0.001235,172.217.27.0-255,5738,93273,9,423436
10368,0.001237,172.31.36.0-255,66,93339,9,423436
10369,0.001239,172.217.27.0-255,1484,94823,9,423436
10370,0.00126,172.217.27.0-255,5379,100202,9,423436
10371,0.001262,172.31.36.0-255,66,100268,9,423436
10372,0.001264,172.217.27.0-255,646,100914,9,423436
10373,0.002893,172.217.27.0-255,4320,105234,9,423436
10374,0.002896,172.31.36.0-255,66,105300,9,423436
10375,0.004533,172.217.27.0-255,5738,111038,9,423436
10376,0.004537,172.31.36.0-255,66,111104,9,423436
10377,0.006177,172.217.27.0-255,5738,116842,9,423436
10378,0.006183,172.31.36.0-255,66,116908,9,423436
10379,0.007819,172.217.27.0-255,5738,122646,9,423436
10380,0.007827,172.31.36.0-255,66,122712,9,423436
10381,0.009476,172.217.27.0-255,5738,128450,9,423436
10382,0.009485,172.31.36.0-255,66,128516,9,423436
10383,0.011126,172.217.27.0-255,5738,134254,9,423436
10384,0.011135,172.31.36.0-255,66,134320,9,423436
10385,0.012783,172.217.27.0-255,5738,140058,9,423436
10386,0.012795,172.31.36.0-255,66,140124,9,423436
10387,0.014451,172.217.27.0-255,5738,145862,9,423436
10388,0.014463,172.31.36.0-255,66,145928,9,423436
10389,0.01611,172.217.27.0-255,5738,151666,9,423436
10390,0.016123,172.31.36.0-255,66,151732,9,423436
10391,0.017778,172.217.27.0-255,5738,157470,9,423436
10392,0.017791,172.31.36.0-255,66,157536,9,423436
10393,0.019431,172.217.27.0-255,5738,163274,9,423436
10394,0.019441,172.31.36.0-255,66,163340,9,423436
10395,0.021081,172.217.27.0-255,5738,169078,9,423436
10396,0.021092,172.31.36.0-255,66,169144,9,423436
10397,0.022755,172.217.27.0-255,5738,174882,9,423436
10398,0.022769,172.31.36.0-255,66,174948,9,423436
10399,0.024413,172.217.27.0-255,5738,180686,9,423436
10400,0.024424,172.31.36.0-255,66,180752,9,423436
10401,0.026086,172.217.27.0-255,5738,186490,9,423436
10402,0.026098,172.31.36.0-255,66,186556,9,423436
10403,0.02773,172.217.27.0-255,5738,192294,9,423436
10404,0.027739,172.31.36.0-255,66,192360,9,423436
10405,0.029377,172.217.27.0-255,5738,198098,9,423436
10406,0.029385,172.31.36.0-255,66,198164,9,423436
10407,0.031032,172.217.27.0-255,5738,203902,9,423436
10408,0.031044,172.31.36.0-255,66,203968,9,423436
10409,0.032694,172.217.27.0-255,5738,209706,9,423436
10410,0.032702,172.31.36.0-255,66,209772,9,423436
10411,0.033206,172.31.36.0-255,176,209948,9,423436
10412,0.033232,172.31.36.0-255,1070,211018,9,423436
10413,0.03434,172.217.27.0-255,5738,216756,9,423436
10414,0.034352,172.31.36.0-255,66,216822,9,423436
10415,0.034775,104.244.42.0-255,66,216888,9,423436
10416,0.034785,104.244.42.0-255,66,216954,9,423436
10417,0.036016,172.217.27.0-255,5738,222692,9,423436
10418,0.036026,172.31.36.0-255,66,222758,9,423436
10419,0.037669,172.217.27.0-255,5738,228496,9,423436
10420,0.037677,172.31.36.0-255,66,228562,9,423436
10421,0.039314,172.217.27.0-255,5738,234300,9,423436
10422,0.039321,172.31.36.0-255,66,234366,9,423436
10423,0.040955,172.217.27.0-255,5738,240104,9,423436
10424,0.040961,172.31.36.0-255,66,240170,9,423436
10425,0.042601,172.217.27.0-255,5738,245908,9,423436
10426,0.042607,172.31.36.0-255,66,245974,9,423436
10427,0.044247,172.217.27.0-255,5738,251712,9,423436
10428,0.044254,172.31.36.0-255,66,251778,9,423436
10429,0.045901,172.217.27.0-255,5738,257516,9,423436
10430,0.045911,172.31.36.0-255,66,257582,9,423436
10431,0.047567,172.217.27.0-255,5738,263320,9,423436
10432,0.047586,172.31.36.0-255,66,263386,9,423436
10433,0.049248,172.217.27.0-255,5738,269124,9,423436
10434,0.049264,172.31.36.0-255,66,269190,9,423436
10435,0.050923,172.217.27.0-255,5738,274928,9,423436
10436,0.05094,172.31.36.0-255,66,274994,9,423436
10437,0.052605,172.217.27.0-255,5738,280732,9,423436
10438,0.052626,172.31.36.0-255,66,280798,9,423436
10439,0.054271,172.217.27.0-255,5738,286536,9,423436
10440,0.054284,172.31.36.0-255,66,286602,9,423436
10441,0.055927,172.217.27.0-255,5738,292340,9,423436
10442,0.055936,172.31.36.0-255,66,292406,9,423436
10443,0.05759,172.217.27.0-255,5738,298144,9,423436
10444,0.05761,172.31.36.0-255,66,298210,9,423436
10445,0.059283,172.217.27.0-255,5738,303948,9,423436
10446,0.059301,172.31.36.0-255,66,304014,9,423436
10447,0.060957,172.217.27.0-255,5738,309752,9,423436
10448,0.06097,172.31.36.0-255,66,309818,9,423436
10449,0.062605,172.217.27.0-255,5738,315556,9,423436
10450,0.062614,172.31.36.0-255,66,315622,9,423436
10451,0.064255,172.217.27.0-255,5738,321360,9,423436
10452,0.064261,172.31.36.0-255,66,321426,9,423436
10453,0.065895,172.217.27.0-255,5738,327164,9,423436
10454,0.065902,172.31.36.0-255,66,327230,9,423436
10455,0.067533,172.217.27.0-255,5738,332968,9,423436
10456,0.06754,172.31.36.0-255,66,333034,9,423436
10457,0.069171,172.217.27.0-255,5738,338772,9,423436
10458,0.069178,172.31.36.0-255,66,338838,9,423436
10459,0.070811,172.217.27.0-255,5738,344576,9,423436
10460,0.070817,172.31.36.0-255,66,344642,9,423436
10461,0.072457,172.217.27.0-255,5738,350380,9,423436
10462,0.072465,172.31.36.0-255,66,350446,9,423436
10463,0.074096,172.217.27.0-255,5738,356184,9,423436
10464,0.074103,172.31.36.0-255,66,356250,9,423436
10465,0.075741,172.217.27.0-255,5738,361988,9,423436
10466,0.075748,172.31.36.0-255,66,362054,9,423436
10467,0.07741,172.217.27.0-255,5738,367792,9,423436
10468,0.077418,172.31.36.0-255,66,367858,9,423436
10469,0.079054,172.217.27.0-255,5738,373596,9,423436
10470,0.07906,172.31.36.0-255,66,373662,9,423436
10471,0.080687,172.217.27.0-255,5738,379400,9,423436
10472,0.080695,172.31.36.0-255,66,379466,9,423436
10473,0.082337,172.217.27.0-255,5738,385204,9,423436
10474,0.082344,172.31.36.0-255,66,385270,9,423436
10475,0.083984,172.217.27.0-255,5738,391008,9,423436
10476,0.08399,172.31.36.0-255,66,391074,9,423436
10477,0.085626,172.217.27.0-255,2902,393976,9,423436
10478,0.085632,172.31.36.0-255,66,394042,9,423436
10479,0.08566,172.217.27.0-255,2902,396944,9,423436
10480,0.085663,172.31.36.0-255,66,397010,9,423436
10481,0.087272,172.217.27.0-255,2902,399912,9,423436
10482,0.087278,172.31.36.0-255,66,399978,9,423436
10483,0.087314,172.217.27.0-255,2902,402880,9,423436
10484,0.087317,172.31.36.0-255,66,402946,9,423436
10485,0.088902,172.217.27.0-255,2902,405848,9,423436
10486,0.088906,172.31.36.0-255,66,405914,9,423436
10487,0.088937,172.217.27.0-255,2902,408816,9,423436
10488,0.08894,172.31.36.0-255,66,408882,9,423436
10489,0.090583,172.217.27.0-255,2902,411784,9,423436
10490,0.090589,172.31.36.0-255,66,411850,9,423436
10491,0.090625,172.217.27.0-255,2902,414752,9,423436
10492,0.090628,172.31.36.0-255,66,414818,9,423436
10493,0.092225,172.217.27.0-255,2902,417720,9,423436
10494,0.09223,172.31.36.0-255,66,417786,9,423436
10495,0.092267,172.217.27.0-255,2902,420688,9,423436
10496,0.09227,172.31.36.0-255,66,420754,9,423436
10497,0.09385,172.217.27.0-255,2445,423199,9,423436
10498,0.093855,172.31.36.0-255,66,423265,9,423436
10499,0.094048,172.31.36.0-255,105,423370,9,423436
10500,0.09564,172.217.27.0-255,66,423436,9,423436
10501,0.0,74.125.24.0-255,153,153,9,255543
10502,1.4e-05,172.31.36.0-255,66,219,9,255543
10503,2e-05,74.125.24.0-255,1484,1703,9,255543
10504,2.4e-05,172.31.36.0-255,66,1769,9,255543
10505,2.9e-05,74.125.24.0-255,2902,4671,9,255543
10506,3.2e-05,172.31.36.0-255,66,4737,9,255543
10507,5.7e-05,74.125.24.0-255,7156,11893,9,255543
10508,5.9e-05,172.31.36.0-255,66,11959,9,255543
10509,6.3e-05,74.125.24.0-255,2071,14030,9,255543
10510,6.5e-05,172.31.36.0-255,66,14096,9,255543
10511,0.000136,74.125.24.0-255,1484,15580,9,255543
10512,0.000138,172.31.36.0-255,66,15646,9,255543
10513,0.000142,74.125.24.0-255,1484,17130,9,255543
10514,0.000144,172.31.36.0-255,66,17196,9,255543
10515,0.000161,74.125.24.0-255,1484,18680,9,255543
10516,0.000163,172.31.36.0-255,66,18746,9,255543
10517,0.00017,74.125.24.0-255,5738,24484,9,255543
10518,0.000172,172.31.36.0-255,66,24550,9,255543
10519,0.000196,74.125.24.0-255,1484,26034,9,255543
10520,0.000199,172.31.36.0-255,66,26100,9,255543
10521,0.000221,172.31.36.0-255,66,26166,9,255543
10522,0.000226,74.125.24.0-255,2902,29068,9,255543
10523,0.000229,172.31.36.0-255,66,29134,9,255543
10524,0.000252,74.125.24.0-255,1484,30618,9,255543
10525,0.000255,172.31.36.0-255,66,30684,9,255543
10526,0.000278,74.125.24.0-255,5379,36063,9,255543
10527,0.000281,172.31.36.0-255,66,36129,9,255543
10528,0.000312,74.125.24.0-255,4320,40449,9,255543
10529,0.000315,172.31.36.0-255,66,40515,9,255543
10530,0.000333,74.125.24.0-255,2902,43417,9,255543
10531,0.000335,172.31.36.0-255,66,43483,9,255543
10532,0.000339,74.125.24.0-255,1484,44967,9,255543
10533,0.000366,74.125.24.0-255,4320,49287,9,255543
10534,0.00037,172.31.36.0-255,66,49353,9,255543
10535,0.00039,74.125.24.0-255,4326,53679,9,255543
10536,0.000393,172.31.36.0-255,66,53745,9,255543
10537,0.000566,74.125.24.0-255,1484,55229,9,255543
10538,0.000572,74.125.24.0-255,2902,58131,9,255543
10539,0.000576,172.31.36.0-255,66,58197,9,255543
10540,0.00058,74.125.24.0-255,1484,59681,9,255543
10541,0.000597,74.125.24.0-255,4320,64001,9,255543
10542,0.0006,172.31.36.0-255,66,64067,9,255543
10543,0.000642,172.31.36.0-255,66,64133,9,255543
10544,0.000687,172.31.36.0-255,66,64199,9,255543
10545,0.000823,74.125.24.0-255,1484,65683,9,255543
10546,0.000837,74.125.24.0-255,2902,68585,9,255543
10547,0.00084,172.31.36.0-255,66,68651,9,255543
10548,0.000845,74.125.24.0-255,2902,71553,9,255543
10549,0.000847,172.31.36.0-255,66,71619,9,255543
10550,0.000862,74.125.24.0-255,2902,74521,9,255543
10551,0.000864,172.31.36.0-255,66,74587,9,255543
10552,0.00087,74.125.24.0-255,5738,80325,9,255543
10553,0.000873,172.31.36.0-255,66,80391,9,255543
10554,0.000899,74.125.24.0-255,7156,87547,9,255543
10555,0.000902,172.31.36.0-255,66,87613,9,255543
10556,0.000921,74.125.24.0-255,2902,90515,9,255543
10557,0.000923,172.31.36.0-255,66,90581,9,255543
10558,0.000956,172.31.36.0-255,66,90647,9,255543
10559,0.000998,74.125.24.0-255,1484,92131,9,255543
10560,0.001003,74.125.24.0-255,2902,95033,9,255543
10561,0.001005,172.31.36.0-255,66,95099,9,255543
10562,0.001009,74.125.24.0-255,1484,96583,9,255543
10563,0.001029,74.125.24.0-255,4320,100903,9,255543
10564,0.001032,172.31.36.0-255,66,100969,9,255543
10565,0.001039,74.125.24.0-255,7156,108125,9,255543
10566,0.001041,172.31.36.0-255,66,108191,9,255543
10567,0.00106,74.125.24.0-255,1484,109675,9,255543
10568,0.001114,172.31.36.0-255,66,109741,9,255543
10569,0.001129,74.125.24.0-255,4320,114061,9,255543
10570,0.001131,172.31.36.0-255,66,114127,9,255543
10571,0.001135,74.125.24.0-255,2184,116311,9,255543
10572,0.001137,172.31.36.0-255,66,116377,9,255543
10573,0.00114,74.125.24.0-255,1484,117861,9,255543
10574,0.001145,74.125.24.0-255,2902,120763,9,255543
10575,0.001147,172.31.36.0-255,66,120829,9,255543
10576,0.00115,74.125.24.0-255,1484,122313,9,255543
10577,0.001173,74.125.24.0-255,4320,126633,9,255543
10578,0.001176,172.31.36.0-255,66,126699,9,255543
10579,0.001218,172.31.36.0-255,66,126765,9,255543
10580,0.00122,172.31.36.0-255,66,126831,9,255543
10581,0.001379,74.125.24.0-255,1484,128315,9,255543
10582,0.001395,74.125.24.0-255,2902,131217,9,255543
10583,0.001399,172.31.36.0-255,66,131283,9,255543
10584,0.00142,74.125.24.0-255,5738,137021,9,255543
10585,0.001423,172.31.36.0-255,66,137087,9,255543
10586,0.001429,74.125.24.0-255,5738,142825,9,255543
10587,0.001431,172.31.36.0-255,66,142891,9,255543
10588,0.001462,74.125.24.0-255,7156,150047,9,255543
10589,0.001466,172.31.36.0-255,66,150113,9,255543
10590,0.001476,172.31.36.0-255,66,150179,9,255543
10591,0.0015,74.125.24.0-255,2184,152363,9,255543
10592,0.001503,172.31.36.0-255,66,152429,9,255543
10593,0.001507,74.125.24.0-255,2902,155331,9,255543
10594,0.001509,172.31.36.0-255,66,155397,9,255543
10595,0.001512,74.125.24.0-255,1484,156881,9,255543
10596,0.001539,74.125.24.0-255,5738,162619,9,255543
10597,0.001542,172.31.36.0-255,66,162685,9,255543
10598,0.001548,74.125.24.0-255,4320,167005,9,255543
10599,0.00155,172.31.36.0-255,66,167071,9,255543
10600,0.001583,172.31.36.0-255,66,167137,9,255543
10601,0.001586,74.125.24.0-255,1484,168621,9,255543
10602,0.001594,74.125.24.0-255,6438,175059,9,255543
10603,0.001597,172.31.36.0-255,66,175125,9,255543
10604,0.0016,74.125.24.0-255,1484,176609,9,255543
10605,0.001626,74.125.24.0-255,5738,182347,9,255543
10606,0.001631,74.125.24.0-255,2902,185249,9,255543
10607,0.00167,172.31.36.0-255,66,185315,9,255543
10608,0.00171,74.125.24.0-255,2184,187499,9,255543
10609,0.001715,74.125.24.0-255,2902,190401,9,255543
10610,0.001721,74.125.24.0-255,5738,196139,9,255543
10611,0.001735,172.31.36.0-255,66,196205,9,255543
10612,0.001738,74.125.24.0-255,1484,197689,9,255543
10613,0.001742,74.125.24.0-255,2902,200591,9,255543
10614,0.001747,172.31.36.0-255,66,200657,9,255543
10615,0.001769,74.125.24.0-255,1484,202141,9,255543
10616,0.001791,172.31.36.0-255,66,202207,9,255543
10617,0.00181,74.125.24.0-255,5020,207227,9,255543
10618,0.001824,172.31.36.0-255,66,207293,9,255543
10619,0.001863,74.125.24.0-255,1484,208777,9,255543
10620,0.001875,74.125.24.0-255,2902,211679,9,255543
10621,0.001915,74.125.24.0-255,1484,213163,9,255543
10622,0.001933,74.125.24.0-255,4320,217483,9,255543
10623,0.001951,74.125.24.0-255,7156,224639,9,255543
10624,0.001968,172.31.36.0-255,66,224705,9,255543
10625,0.001974,74.125.24.0-255,3602,228307,9,255543
10626,0.001984,172.31.36.0-255,66,228373,9,255543
10627,0.002,74.125.24.0-255,4320,232693,9,255543
10628,0.002012,74.125.24.0-255,1484,234177,9,255543
10629,0.002033,74.125.24.0-255,1484,235661,9,255543
10630,0.002037,172.31.36.0-255,66,235727,9,255543
10631,0.002057,74.125.24.0-255,5738,241465,9,255543
10632,0.00206,74.125.24.0-255,1484,242949,9,255543
10633,0.002072,74.125.24.0-255,2902,245851,9,255543
10634,0.00211,172.31.36.0-255,66,245917,9,255543
10635,0.002129,74.125.24.0-255,105,246022,9,255543
10636,0.00764,172.31.36.0-255,66,246088,9,255543
10637,0.007679,172.31.36.0-255,105,246193,9,255543
10638,0.010285,74.125.24.0-255,66,246259,9,255543
10639,0.038926,172.31.36.0-255,172,246431,9,255543
10640,0.038956,172.31.36.0-255,1117,247548,9,255543
10641,0.039025,172.31.36.0-255,1514,249062,9,255543
10642,0.039027,172.31.36.0-255,1514,250576,9,255543
10643,0.039028,172.31.36.0-255,1514,252090,9,255543
10644,0.039034,172.31.36.0-255,1514,253604,9,255543
10645,0.039035,172.31.36.0-255,1501,255105,9,255543
10646,0.040465,104.244.42.0-255,66,255171,9,255543
10647,0.040501,104.244.42.0-255,66,255237,9,255543
10648,0.040593,104.244.42.0-255,66,255303,9,255543
10649,0.040599,104.244.42.0-255,66,255369,9,255543
10650,0.041216,104.244.42.0-255,108,255477,9,255543
10651,0.041225,172.31.36.0-255,66,255543,9,255543
10652,0.0,172.217.194.0-255,160,160,9,356989
10653,2.1e-05,172.31.36.0-255,66,226,9,356989
10654,2.8e-05,172.217.194.0-255,1484,1710,9,356989
10655,3.3e-05,172.31.36.0-255,66,1776,9,356989
10656,3.9e-05,172.217.194.0-255,2902,4678,9,356989
10657,4.3e-05,172.31.36.0-255,66,4744,9,356989
10658,4.8e-05,172.217.194.0-255,2902,7646,9,356989
10659,5.2e-05,172.31.36.0-255,66,7712,9,356989
10660,7.6e-05,172.217.194.0-255,2902,10614,9,356989
10661,7.9e-05,172.31.36.0-255,66,10680,9,356989
10662,8.5e-05,172.217.194.0-255,3503,14183,9,356989
10663,8.7e-05,172.31.36.0-255,66,14249,9,356989
10664,9.2e-05,172.217.194.0-255,2902,17151,9,356989
10665,9.4e-05,172.31.36.0-255,66,17217,9,356989
10666,0.000113,172.217.194.0-255,1484,18701,9,356989
10667,0.000115,172.31.36.0-255,66,18767,9,356989
10668,0.000129,172.31.36.0-255,66,18833,9,356989
10669,0.000132,172.217.194.0-255,1484,20317,9,356989
10670,0.000134,172.31.36.0-255,66,20383,9,356989
10671,0.000152,172.217.194.0-255,1125,21508,9,356989
10672,0.000154,172.31.36.0-255,66,21574,9,356989
10673,0.0002,172.217.194.0-255,1484,23058,9,356989
10674,0.000203,172.31.36.0-255,66,23124,9,356989
10675,0.000216,172.217.194.0-255,2902,26026,9,356989
10676,0.000218,172.31.36.0-255,66,26092,9,356989
10677,0.000237,172.217.194.0-255,5738,31830,9,356989
10678,0.00024,172.31.36.0-255,66,31896,9,356989
10679,0.000247,172.217.194.0-255,6797,38693,9,356989
10680,0.00025,172.31.36.0-255,66,38759,9,356989
10681,0.000283,172.217.194.0-255,1484,40243,9,356989
10682,0.000286,172.31.36.0-255,66,40309,9,356989
10683,0.000304,172.217.194.0-255,2902,43211,9,356989
10684,0.000306,172.31.36.0-255,66,43277,9,356989
10685,0.000313,172.217.194.0-255,5738,49015,9,356989
10686,0.000315,172.31.36.0-255,66,49081,9,356989
10687,0.000346,172.217.194.0-255,7073,56154,9,356989
10688,0.000349,172.31.36.0-255,66,56220,9,356989
10689,0.000352,172.217.194.0-255,113,56333,9,356989
10690,0.000675,172.217.194.0-255,385,56718,9,356989
10691,0.000922,172.217.194.0-255,1484,58202,9,356989
10692,0.000928,172.31.36.0-255,66,58268,9,356989
10693,0.000935,172.217.194.0-255,2902,61170,9,356989
10694,0.000937,172.31.36.0-255,66,61236,9,356989
10695,0.000942,172.217.194.0-255,2902,64138,9,356989
10696,0.000944,172.31.36.0-255,66,64204,9,356989
10697,0.000972,172.217.194.0-255,2902,67106,9,356989
10698,0.000975,172.31.36.0-255,66,67172,9,356989
10699,0.000982,172.217.194.0-255,7156,74328,9,356989
10700,0.000985,172.31.36.0-255,66,74394,9,356989
10701,0.000999,172.31.36.0-255,66,74460,9,356989
10702,0.001003,172.217.194.0-255,2184,76644,9,356989
10703,0.001006,172.31.36.0-255,66,76710,9,356989
10704,0.001871,172.217.194.0-255,1484,78194,9,356989
10705,0.001883,172.217.194.0-255,2902,81096,9,356989
10706,0.001888,172.31.36.0-255,66,81162,9,356989
10707,0.001896,172.217.194.0-255,5738,86900,9,356989
10708,0.001898,172.31.36.0-255,66,86966,9,356989
10709,0.001927,172.217.194.0-255,7156,94122,9,356989
10710,0.00193,172.31.36.0-255,66,94188,9,356989
10711,0.001955,172.217.194.0-255,5738,99926,9,356989
10712,0.001957,172.31.36.0-255,66,99992,9,356989
10713,0.00197,172.31.36.0-255,66,100058,9,356989
10714,0.002178,172.217.194.0-255,1484,101542,9,356989
10715,0.002185,172.217.194.0-255,2902,104444,9,356989
10716,0.00219,172.31.36.0-255,66,104510,9,356989
10717,0.002198,172.217.194.0-255,5738,110248,9,356989
10718,0.0022,172.31.36.0-255,66,110314,9,356989
10719,0.002222,172.217.194.0-255,4320,114634,9,356989
10720,0.002224,172.31.36.0-255,66,114700,9,356989
10721,0.002255,172.31.36.0-255,66,114766,9,356989
10722,0.002266,172.31.36.0-255,66,114832,9,356989
10723,0.002269,172.217.194.0-255,766,115598,9,356989
10724,0.002303,172.217.194.0-255,1484,117082,9,356989
10725,0.002305,172.31.36.0-255,66,117148,9,356989
10726,0.002309,172.217.194.0-255,1484,118632,9,356989
10727,0.00233,172.217.194.0-255,2902,121534,9,356989
10728,0.002332,172.31.36.0-255,66,121600,9,356989
10729,0.00234,172.217.194.0-255,7156,128756,9,356989
10730,0.002342,172.31.36.0-255,66,128822,9,356989
10731,0.002374,172.31.36.0-255,66,128888,9,356989
10732,0.002389,172.217.194.0-255,1484,130372,9,356989
10733,0.002399,172.31.36.0-255,66,130438,9,356989
10734,0.004771,172.217.194.0-255,5738,136176,9,356989
10735,0.004777,172.31.36.0-255,66,136242,9,356989
10736,0.007173,172.217.194.0-255,5738,141980,9,356989
10737,0.00718,172.31.36.0-255,66,142046,9,356989
10738,0.00956,172.217.194.0-255,5738,147784,9,356989
10739,0.009567,172.31.36.0-255,66,147850,9,356989
10740,0.011948,172.217.194.0-255,5738,153588,9,356989
10741,0.011957,172.31.36.0-255,66,153654,9,356989
10742,0.014324,172.217.194.0-255,5738,159392,9,356989
10743,0.014333,172.31.36.0-255,66,159458,9,356989
10744,0.016719,172.217.194.0-255,5738,165196,9,356989
10745,0.016729,172.31.36.0-255,66,165262,9,356989
10746,0.019127,172.217.194.0-255,5738,171000,9,356989
10747,0.019135,172.31.36.0-255,66,171066,9,356989
10748,0.021524,172.217.194.0-255,5738,176804,9,356989
10749,0.021532,172.31.36.0-255,66,176870,9,356989
10750,0.023912,172.217.194.0-255,5738,182608,9,356989
10751,0.02392,172.31.36.0-255,66,182674,9,356989
10752,0.026303,172.217.194.0-255,5738,188412,9,356989
10753,0.026312,172.31.36.0-255,66,188478,9,356989
10754,0.028678,172.217.194.0-255,5738,194216,9,356989
10755,0.028686,172.31.36.0-255,66,194282,9,356989
10756,0.03106,172.217.194.0-255,5738,200020,9,356989
10757,0.031067,172.31.36.0-255,66,200086,9,356989
10758,0.03342,172.217.194.0-255,5738,205824,9,356989
10759,0.033427,172.31.36.0-255,66,205890,9,356989
10760,0.03401,172.31.36.0-255,172,206062,9,356989
10761,0.034043,172.31.36.0-255,1116,207178,9,356989
10762,0.034106,172.31.36.0-255,1514,208692,9,356989
10763,0.034108,172.31.36.0-255,1514,210206,9,356989
10764,0.03411,172.31.36.0-255,1514,211720,9,356989
10765,0.034111,172.31.36.0-255,1514,213234,9,356989
10766,0.034142,172.31.36.0-255,1488,214722,9,356989
10767,0.035542,104.244.42.0-255,66,214788,9,356989
10768,0.035592,104.244.42.0-255,66,214854,9,356989
10769,0.035638,104.244.42.0-255,66,214920,9,356989
10770,0.03574,104.244.42.0-255,66,214986,9,356989
10771,0.035818,172.217.194.0-255,5738,220724,9,356989
10772,0.035824,172.31.36.0-255,66,220790,9,356989
10773,0.038197,172.217.194.0-255,5738,226528,9,356989
10774,0.038203,172.31.36.0-255,66,226594,9,356989
10775,0.040581,172.217.194.0-255,5738,232332,9,356989
10776,0.040591,172.31.36.0-255,66,232398,9,356989
10777,0.043019,172.217.194.0-255,5738,238136,9,356989
10778,0.043028,172.31.36.0-255,66,238202,9,356989
10779,0.045434,172.217.194.0-255,5738,243940,9,356989
10780,0.045441,172.31.36.0-255,66,244006,9,356989
10781,0.047814,172.217.194.0-255,5738,249744,9,356989
10782,0.047821,172.31.36.0-255,66,249810,9,356989
10783,0.050203,172.217.194.0-255,5738,255548,9,356989
10784,0.050211,172.31.36.0-255,66,255614,9,356989
10785,0.052583,172.217.194.0-255,5738,261352,9,356989
10786,0.05259,172.31.36.0-255,66,261418,9,356989
10787,0.054964,172.217.194.0-255,5738,267156,9,356989
10788,0.054975,172.31.36.0-255,66,267222,9,356989
10789,0.057344,172.217.194.0-255,5738,272960,9,356989
10790,0.057352,172.31.36.0-255,66,273026,9,356989
10791,0.059712,172.217.194.0-255,5738,278764,9,356989
10792,0.05972,172.31.36.0-255,66,278830,9,356989
10793,0.06211,172.217.194.0-255,5738,284568,9,356989
10794,0.062118,172.31.36.0-255,66,284634,9,356989
10795,0.064497,172.217.194.0-255,5738,290372,9,356989
10796,0.064506,172.31.36.0-255,66,290438,9,356989
10797,0.066875,172.217.194.0-255,5738,296176,9,356989
10798,0.066883,172.31.36.0-255,66,296242,9,356989
10799,0.069257,172.217.194.0-255,5738,301980,9,356989
10800,0.069264,172.31.36.0-255,66,302046,9,356989
10801,0.071658,172.217.194.0-255,5738,307784,9,356989
10802,0.071664,172.31.36.0-255,66,307850,9,356989
10803,0.074059,172.217.194.0-255,5738,313588,9,356989
10804,0.074066,172.31.36.0-255,66,313654,9,356989
10805,0.076453,172.217.194.0-255,5738,319392,9,356989
10806,0.07646,172.31.36.0-255,66,319458,9,356989
10807,0.078851,172.217.194.0-255,5738,325196,9,356989
10808,0.078859,172.31.36.0-255,66,325262,9,356989
10809,0.081296,172.217.194.0-255,5738,331000,9,356989
10810,0.081305,172.31.36.0-255,66,331066,9,356989
10811,0.08373,172.217.194.0-255,5738,336804,9,356989
10812,0.083737,172.31.36.0-255,66,336870,9,356989
10813,0.086145,172.217.194.0-255,5738,342608,9,356989
10814,0.086153,172.31.36.0-255,66,342674,9,356989
10815,0.088571,172.217.194.0-255,5738,348412,9,356989
10816,0.088578,172.31.36.0-255,66,348478,9,356989
10817,0.090952,172.217.194.0-255,5738,354216,9,356989
10818,0.090958,172.31.36.0-255,66,354282,9,356989
10819,0.093315,172.217.194.0-255,2470,356752,9,356989
10820,0.09332,172.31.36.0-255,66,356818,9,356989
10821,0.093478,172.31.36.0-255,105,356923,9,356989
10822,0.09589,172.217.194.0-255,66,356989,9,356989
10823,0.0,74.125.24.0-255,145,145,9,312595
10824,1.5e-05,172.31.36.0-255,66,211,9,312595
10825,2.1e-05,74.125.24.0-255,1484,1695,9,312595
10826,2.6e-05,172.31.36.0-255,66,1761,9,312595
10827,3.2e-05,74.125.24.0-255,2902,4663,9,312595
10828,4.4e-05,172.31.36.0-255,66,4729,9,312595
10829,4.9e-05,74.125.24.0-255,2902,7631,9,312595
10830,5.1e-05,172.31.36.0-255,66,7697,9,312595
10831,5.9e-05,74.125.24.0-255,5738,13435,9,312595
10832,6.2e-05,172.31.36.0-255,66,13501,9,312595
10833,8.4e-05,74.125.24.0-255,2055,15556,9,312595
10834,8.7e-05,172.31.36.0-255,66,15622,9,312595
10835,9.4e-05,74.125.24.0-255,5738,21360,9,312595
10836,9.6e-05,172.31.36.0-255,66,21426,9,312595
10837,0.000132,172.31.36.0-255,66,21492,9,312595
10838,0.00018,74.125.24.0-255,1484,22976,9,312595
10839,0.000182,172.31.36.0-255,66,23042,9,312595
10840,0.000187,74.125.24.0-255,2902,25944,9,312595
10841,0.000189,172.31.36.0-255,66,26010,9,312595
10842,0.0002,74.125.24.0-255,5738,31748,9,312595
10843,0.000203,172.31.36.0-255,66,31814,9,312595
10844,0.00021,74.125.24.0-255,5738,37552,9,312595
10845,0.000212,172.31.36.0-255,66,37618,9,312595
10846,0.000226,172.31.36.0-255,66,37684,9,312595
10847,0.000259,74.125.24.0-255,6438,44122,9,312595
10848,0.000262,172.31.36.0-255,66,44188,9,312595
10849,0.000279,74.125.24.0-255,676,44864,9,312595
10850,0.000281,172.31.36.0-255,66,44930,9,312595
10851,0.000683,74.125.24.0-255,1484,46414,9,312595
10852,0.00069,172.31.36.0-255,66,46480,9,312595
10853,0.000698,74.125.24.0-255,2902,49382,9,312595
10854,0.000711,74.125.24.0-255,5738,55120,9,312595
10855,0.000715,74.125.24.0-255,1484,56604,9,312595
10856,0.000722,172.31.36.0-255,66,56670,9,312595
10857,0.000786,172.31.36.0-255,66,56736,9,312595
10858,0.001064,74.125.24.0-255,1484,58220,9,312595
10859,0.001084,74.125.24.0-255,2902,61122,9,312595
10860,0.001087,172.31.36.0-255,66,61188,9,312595
10861,0.001095,74.125.24.0-255,5738,66926,9,312595
10862,0.001101,74.125.24.0-255,4320,71246,9,312595
10863,0.001123,74.125.24.0-255,4320,75566,9,312595
10864,0.00113,172.31.36.0-255,66,75632,9,312595
10865,0.001154,74.125.24.0-255,2902,78534,9,312595
10866,0.001164,172.31.36.0-255,66,78600,9,312595
10867,0.001238,172.31.36.0-255,66,78666,9,312595
10868,0.001241,74.125.24.0-255,1484,80150,9,312595
10869,0.001267,74.125.24.0-255,6438,86588,9,312595
10870,0.001284,172.31.36.0-255,66,86654,9,312595
10871,0.001496,74.125.24.0-255,1484,88138,9,312595
10872,0.001501,74.125.24.0-255,1484,89622,9,312595
10873,0.001515,74.125.24.0-255,1484,91106,9,312595
10874,0.001521,74.125.24.0-255,4320,95426,9,312595
10875,0.001528,172.31.36.0-255,66,95492,9,312595
10876,0.001536,74.125.24.0-255,1484,96976,9,312595
10877,0.001554,74.125.24.0-255,7156,104132,9,312595
10878,0.00157,74.125.24.0-255,5738,109870,9,312595
10879,0.001587,172.31.36.0-255,66,109936,9,312595
10880,0.001628,172.31.36.0-255,66,110002,9,312595
10881,0.001678,74.125.24.0-255,1484,111486,9,312595
10882,0.001681,74.125.24.0-255,1484,112970,9,312595
10883,0.001692,74.125.24.0-255,1484,114454,9,312595
10884,0.001708,74.125.24.0-255,5738,120192,9,312595
10885,0.001758,74.125.24.0-255,7156,127348,9,312595
10886,0.001767,172.31.36.0-255,66,127414,9,312595
10887,0.001783,74.125.24.0-255,5738,133152,9,312595
10888,0.001799,172.31.36.0-255,66,133218,9,312595
10889,0.001806,74.125.24.0-255,1484,134702,9,312595
10890,0.001834,74.125.24.0-255,2902,137604,9,312595
10891,0.00184,74.125.24.0-255,5738,143342,9,312595
10892,0.001848,172.31.36.0-255,66,143408,9,312595
10893,0.001883,74.125.24.0-255,5738,149146,9,312595
10894,0.001908,172.31.36.0-255,66,149212,9,312595
10895,0.00192,74.125.24.0-255,5020,154232,9,312595
10896,0.001948,172.31.36.0-255,66,154298,9,312595
10897,0.001974,74.125.24.0-255,1484,155782,9,312595
10898,0.001979,74.125.24.0-255,2902,158684,9,312595
10899,0.001981,74.125.24.0-255,1484,160168,9,312595
10900,0.002004,74.125.24.0-255,4320,164488,9,312595
10901,0.00201,74.125.24.0-255,5738,170226,9,312595
10902,0.002018,172.31.36.0-255,66,170292,9,312595
10903,0.002031,74.125.24.0-255,7156,177448,9,312595
10904,0.002051,74.125.24.0-255,7156,184604,9,312595
10905,0.002055,74.125.24.0-255,3602,188206,9,312595
10906,0.002079,172.31.36.0-255,66,188272,9,312595
10907,0.0041,74.125.24.0-255,5738,194010,9,312595
10908,0.004107,172.31.36.0-255,66,194076,9,312595
10909,0.00623,74.125.24.0-255,5738,199814,9,312595
10910,0.008485,172.31.36.0-255,66,199880,9,312595
10911,0.010529,74.125.24.0-255,5738,205618,9,312595
10912,0.010536,172.31.36.0-255,66,205684,9,312595
10913,0.01257,74.125.24.0-255,5738,211422,9,312595
10914,0.012581,172.31.36.0-255,66,211488,9,312595
10915,0.014618,74.125.24.0-255,5738,217226,9,312595
10916,0.014627,172.31.36.0-255,66,217292,9,312595
10917,0.016657,74.125.24.0-255,5738,223030,9,312595
10918,0.016665,172.31.36.0-255,66,223096,9,312595
10919,0.018686,74.125.24.0-255,5738,228834,9,312595
10920,0.018693,172.31.36.0-255,66,228900,9,312595
10921,0.020722,74.125.24.0-255,5738,234638,9,312595
10922,0.020729,172.31.36.0-255,66,234704,9,312595
10923,0.022782,74.125.24.0-255,5738,240442,9,312595
10924,0.02279,172.31.36.0-255,66,240508,9,312595
10925,0.024799,74.125.24.0-255,5738,246246,9,312595
10926,0.024808,172.31.36.0-255,66,246312,9,312595
10927,0.026886,74.125.24.0-255,5738,252050,9,312595
10928,0.026893,172.31.36.0-255,66,252116,9,312595
10929,0.028944,74.125.24.0-255,5738,257854,9,312595
10930,0.028952,172.31.36.0-255,66,257920,9,312595
10931,0.031002,74.125.24.0-255,5738,263658,9,312595
10932,0.031009,172.31.36.0-255,66,263724,9,312595
10933,0.033045,74.125.24.0-255,5738,269462,9,312595
10934,0.033052,172.31.36.0-255,66,269528,9,312595
10935,0.035116,74.125.24.0-255,5738,275266,9,312595
10936,0.035126,172.31.36.0-255,66,275332,9,312595
10937,0.035701,172.31.36.0-255,172,275504,9,312595
10938,0.035729,172.31.36.0-255,1117,276621,9,312595
10939,0.035802,172.31.36.0-255,1514,278135,9,312595
10940,0.035804,172.31.36.0-255,1514,279649,9,312595
10941,0.035805,172.31.36.0-255,1514,281163,9,312595
10942,0.035811,172.31.36.0-255,1514,282677,9,312595
10943,0.035812,172.31.36.0-255,1485,284162,9,312595
10944,0.037143,74.125.24.0-255,5738,289900,9,312595
10945,0.03715,172.31.36.0-255,66,289966,9,312595
10946,0.037254,104.244.42.0-255,66,290032,9,312595
10947,0.037309,104.244.42.0-255,66,290098,9,312595
10948,0.037431,104.244.42.0-255,66,290164,9,312595
10949,0.039236,74.125.24.0-255,5738,295902,9,312595
10950,0.039243,172.31.36.0-255,66,295968,9,312595
10951,0.041288,74.125.24.0-255,5738,301706,9,312595
10952,0.041294,172.31.36.0-255,66,301772,9,312595
10953,0.043335,74.125.24.0-255,5738,307510,9,312595
10954,0.043342,172.31.36.0-255,66,307576,9,312595
10955,0.045384,74.125.24.0-255,4782,312358,9,312595
10956,0.045394,172.31.36.0-255,66,312424,9,312595
10957,0.045576,172.31.36.0-255,105,312529,9,312595
10958,0.047599,74.125.24.0-255,66,312595,9,312595
10959,0.0,74.125.24.0-255,153,153,9,344788
10960,1.5e-05,172.31.36.0-255,66,219,9,344788
10961,2.2e-05,74.125.24.0-255,1484,1703,9,344788
10962,2.7e-05,172.31.36.0-255,66,1769,9,344788
10963,4e-05,74.125.24.0-255,2902,4671,9,344788
10964,4.3e-05,172.31.36.0-255,66,4737,9,344788
10965,4.8e-05,74.125.24.0-255,2902,7639,9,344788
10966,5.1e-05,172.31.36.0-255,66,7705,9,344788
10967,8.6e-05,74.125.24.0-255,4320,12025,9,344788
10968,8.9e-05,172.31.36.0-255,66,12091,9,344788
10969,9.2e-05,74.125.24.0-255,1484,13575,9,344788
10970,9.4e-05,172.31.36.0-255,66,13641,9,344788
10971,9.7e-05,74.125.24.0-255,601,14242,9,344788
10972,0.0001,172.31.36.0-255,66,14308,9,344788
10973,0.00032,74.125.24.0-255,1484,15792,9,344788
10974,0.000325,172.31.36.0-255,66,15858,9,344788
10975,0.000332,74.125.24.0-255,2902,18760,9,344788
10976,0.000334,172.31.36.0-255,66,18826,9,344788
10977,0.00034,74.125.24.0-255,4320,23146,9,344788
10978,0.000347,172.31.36.0-255,66,23212,9,344788
10979,0.00038,74.125.24.0-255,1484,24696,9,344788
10980,0.000382,172.31.36.0-255,66,24762,9,344788
10981,0.000394,74.125.24.0-255,6797,31559,9,344788
10982,0.000397,172.31.36.0-255,66,31625,9,344788
10983,0.000404,74.125.24.0-255,7156,38781,9,344788
10984,0.000407,172.31.36.0-255,66,38847,9,344788
10985,0.000421,172.31.36.0-255,66,38913,9,344788
10986,0.000457,74.125.24.0-255,4320,43233,9,344788
10987,0.00046,172.31.36.0-255,66,43299,9,344788
10988,0.000467,74.125.24.0-255,5738,49037,9,344788
10989,0.00047,172.31.36.0-255,66,49103,9,344788
10990,0.000482,74.125.24.0-255,5400,54503,9,344788
10991,0.000484,172.31.36.0-255,66,54569,9,344788
10992,0.000512,74.125.24.0-255,329,54898,9,344788
10993,0.000756,74.125.24.0-255,1484,56382,9,344788
10994,0.000761,172.31.36.0-255,66,56448,9,344788
10995,0.000767,74.125.24.0-255,2902,59350,9,344788
10996,0.000769,172.31.36.0-255,66,59416,9,344788
10997,0.000793,74.125.24.0-255,4320,63736,9,344788
10998,0.000795,172.31.36.0-255,66,63802,9,344788
10999,0.00081,172.31.36.0-255,66,63868,9,344788
11000,0.00085,172.31.36.0-255,66,63934,9,344788
11001,0.000879,74.125.24.0-255,5020,68954,9,344788
11002,0.000881,172.31.36.0-255,66,69020,9,344788
11003,0.001331,74.125.24.0-255,1484,70504,9,344788
11004,0.001339,74.125.24.0-255,2902,73406,9,344788
11005,0.001342,172.31.36.0-255,66,73472,9,344788
11006,0.001346,74.125.24.0-255,1484,74956,9,344788
11007,0.001375,74.125.24.0-255,4320,79276,9,344788
11008,0.001377,172.31.36.0-255,66,79342,9,344788
11009,0.001392,172.31.36.0-255,66,79408,9,344788
11010,0.001403,74.125.24.0-255,7156,86564,9,344788
11011,0.001405,172.31.36.0-255,66,86630,9,344788
11012,0.001436,74.125.24.0-255,3602,90232,9,344788
11013,0.001438,172.31.36.0-255,66,90298,9,344788
11014,0.003651,74.125.24.0-255,1484,91782,9,344788
11015,0.003714,74.125.24.0-255,4320,96102,9,344788
11016,0.003719,172.31.36.0-255,66,96168,9,344788
11017,0.005978,74.125.24.0-255,5738,101906,9,344788
11018,0.005984,172.31.36.0-255,66,101972,9,344788
11019,0.008262,74.125.24.0-255,5738,107710,9,344788
11020,0.008269,172.31.36.0-255,66,107776,9,344788
11021,0.010518,74.125.24.0-255,5738,113514,9,344788
11022,0.010526,172.31.36.0-255,66,113580,9,344788
11023,0.012789,74.125.24.0-255,5738,119318,9,344788
11024,0.012797,172.31.36.0-255,66,119384,9,344788
11025,0.015045,74.125.24.0-255,5738,125122,9,344788
11026,0.015053,172.31.36.0-255,66,125188,9,344788
11027,0.017335,74.125.24.0-255,5738,130926,9,344788
11028,0.017343,172.31.36.0-255,66,130992,9,344788
11029,0.019608,74.125.24.0-255,5738,136730,9,344788
11030,0.019616,172.31.36.0-255,66,136796,9,344788
11031,0.021912,74.125.24.0-255,5738,142534,9,344788
11032,0.021921,172.31.36.0-255,66,142600,9,344788
11033,0.024215,74.125.24.0-255,5738,148338,9,344788
11034,0.024223,172.31.36.0-255,66,148404,9,344788
11035,0.026493,74.125.24.0-255,5738,154142,9,344788
11036,0.026501,172.31.36.0-255,66,154208,9,344788
11037,0.028763,74.125.24.0-255,5738,159946,9,344788
11038,0.028769,172.31.36.0-255,66,160012,9,344788
11039,0.031029,74.125.24.0-255,5738,165750,9,344788
11040,0.031037,172.31.36.0-255,66,165816,9,344788
11041,0.033303,74.125.24.0-255,5738,171554,9,344788
11042,0.03331,172.31.36.0-255,66,171620,9,344788
11043,0.035603,74.125.24.0-255,5738,177358,9,344788
11044,0.035611,172.31.36.0-255,66,177424,9,344788
11045,0.037889,74.125.24.0-255,5738,183162,9,344788
11046,0.037897,172.31.36.0-255,66,183228,9,344788
11047,0.040223,74.125.24.0-255,5738,188966,9,344788
11048,0.04023,172.31.36.0-255,66,189032,9,344788
11049,0.042491,74.125.24.0-255,5738,194770,9,344788
11050,0.042499,172.31.36.0-255,66,194836,9,344788
11051,0.044765,74.125.24.0-255,5738,200574,9,344788
11052,0.044778,172.31.36.0-255,66,200640,9,344788
11053,0.04704,74.125.24.0-255,5738,206378,9,344788
11054,0.047048,172.31.36.0-255,66,206444,9,344788
11055,0.049311,74.125.24.0-255,5738,212182,9,344788
11056,0.049319,172.31.36.0-255,66,212248,9,344788
11057,0.051592,74.125.24.0-255,5738,217986,9,344788
11058,0.0516,172.31.36.0-255,66,218052,9,344788
11059,0.053869,74.125.24.0-255,5738,223790,9,344788
11060,0.053877,172.31.36.0-255,66,223856,9,344788
11061,0.056155,74.125.24.0-255,5738,229594,9,344788
11062,0.056164,172.31.36.0-255,66,229660,9,344788
11063,0.058419,74.125.24.0-255,5738,235398,9,344788
11064,0.058427,172.31.36.0-255,66,235464,9,344788
11065,0.059341,172.31.36.0-255,176,235640,9,344788
11066,0.059372,172.31.36.0-255,1117,236757,9,344788
11067,0.059443,172.31.36.0-255,1514,238271,9,344788
11068,0.059446,172.31.36.0-255,1514,239785,9,344788
11069,0.059451,172.31.36.0-255,1514,241299,9,344788
11070,0.059452,172.31.36.0-255,105,241404,9,344788
11071,0.060706,74.125.24.0-255,5738,247142,9,344788
11072,0.060713,172.31.36.0-255,66,247208,9,344788
11073,0.060875,104.244.42.0-255,66,247274,9,344788
11074,0.060926,104.244.42.0-255,66,247340,9,344788
11075,0.061025,104.244.42.0-255,66,247406,9,344788
11076,0.06103,104.244.42.0-255,66,247472,9,344788
11077,0.062984,74.125.24.0-255,5738,253210,9,344788
11078,0.062991,172.31.36.0-255,66,253276,9,344788
11079,0.065274,74.125.24.0-255,5738,259014,9,344788
11080,0.06528,172.31.36.0-255,66,259080,9,344788
11081,0.067592,74.125.24.0-255,5738,264818,9,344788
11082,0.067598,172.31.36.0-255,66,264884,9,344788
11083,0.069886,74.125.24.0-255,5738,270622,9,344788
11084,0.069892,172.31.36.0-255,66,270688,9,344788
11085,0.07217,74.125.24.0-255,4320,275008,9,344788
11086,0.072177,172.31.36.0-255,66,275074,9,344788
11087,0.072203,74.125.24.0-255,1484,276558,9,344788
11088,0.074448,74.125.24.0-255,4320,280878,9,344788
11089,0.074455,172.31.36.0-255,66,280944,9,344788
11090,0.076731,74.125.24.0-255,5738,286682,9,344788
11091,0.076739,172.31.36.0-255,66,286748,9,344788
11092,0.079035,74.125.24.0-255,5738,292486,9,344788
11093,0.079041,172.31.36.0-255,66,292552,9,344788
11094,0.081313,74.125.24.0-255,5738,298290,9,344788
11095,0.081318,172.31.36.0-255,66,298356,9,344788
11096,0.083575,74.125.24.0-255,5738,304094,9,344788
11097,0.083582,172.31.36.0-255,66,304160,9,344788
11098,0.085868,74.125.24.0-255,5738,309898,9,344788
11099,0.085873,172.31.36.0-255,66,309964,9,344788
11100,0.088173,74.125.24.0-255,5738,315702,9,344788
11101,0.08818,172.31.36.0-255,66,315768,9,344788
11102,0.090451,74.125.24.0-255,5738,321506,9,344788
11103,0.090458,172.31.36.0-255,66,321572,9,344788
11104,0.092745,74.125.24.0-255,5738,327310,9,344788
11105,0.092752,172.31.36.0-255,66,327376,9,344788
11106,0.095032,74.125.24.0-255,5738,333114,9,344788
11107,0.095038,172.31.36.0-255,66,333180,9,344788
11108,0.097314,74.125.24.0-255,5738,338918,9,344788
11109,0.097321,172.31.36.0-255,66,338984,9,344788
11110,0.099612,74.125.24.0-255,5738,344722,9,344788
11111,0.099621,172.31.36.0-255,66,344788,9,344788
11112,0.0,172.217.194.0-255,143,143,9,156776
11113,1.6e-05,172.31.36.0-255,66,209,9,156776
11114,2.3e-05,172.217.194.0-255,1484,1693,9,156776
11115,2.7e-05,172.31.36.0-255,66,1759,9,156776
11116,3.3e-05,172.217.194.0-255,2902,4661,9,156776
11117,3.5e-05,172.31.36.0-255,66,4727,9,156776
11118,5.2e-05,172.217.194.0-255,7156,11883,9,156776
11119,5.6e-05,172.31.36.0-255,66,11949,9,156776
11120,6.1e-05,172.217.194.0-255,3523,15472,9,156776
11121,6.5e-05,172.31.36.0-255,66,15538,9,156776
11122,8.2e-05,172.31.36.0-255,66,15604,9,156776
11123,8.7e-05,172.217.194.0-255,2543,18147,9,156776
11124,9e-05,172.31.36.0-255,66,18213,9,156776
11125,0.000358,172.217.194.0-255,1484,19697,9,156776
11126,0.000365,172.31.36.0-255,66,19763,9,156776
11127,0.000371,172.217.194.0-255,2902,22665,9,156776
11128,0.000374,172.31.36.0-255,66,22731,9,156776
11129,0.000386,172.217.194.0-255,5738,28469,9,156776
11130,0.000389,172.31.36.0-255,66,28535,9,156776
11131,0.000392,172.217.194.0-255,1484,30019,9,156776
11132,0.000395,172.31.36.0-255,66,30085,9,156776
11133,0.000443,172.31.36.0-255,66,30151,9,156776
11134,0.00046,172.31.36.0-255,66,30217,9,156776
11135,0.000464,172.217.194.0-255,2184,32401,9,156776
11136,0.000466,172.31.36.0-255,66,32467,9,156776
11137,0.000634,172.217.194.0-255,338,32805,9,156776
11138,0.000638,172.31.36.0-255,66,32871,9,156776
11139,0.000681,172.217.194.0-255,119,32990,9,156776
11140,0.000684,172.31.36.0-255,66,33056,9,156776
11141,0.001136,172.217.194.0-255,1484,34540,9,156776
11142,0.001144,172.217.194.0-255,2902,37442,9,156776
11143,0.001148,172.31.36.0-255,66,37508,9,156776
11144,0.001183,172.217.194.0-255,5738,43246,9,156776
11145,0.001185,172.31.36.0-255,66,43312,9,156776
11146,0.001192,172.217.194.0-255,4320,47632,9,156776
11147,0.001194,172.31.36.0-255,66,47698,9,156776
11148,0.00123,172.31.36.0-255,66,47764,9,156776
11149,0.001248,172.31.36.0-255,66,47830,9,156776
11150,0.00141,172.217.194.0-255,1484,49314,9,156776
11151,0.001416,172.217.194.0-255,2902,52216,9,156776
11152,0.001419,172.31.36.0-255,66,52282,9,156776
11153,0.001446,172.217.194.0-255,5738,58020,9,156776
11154,0.001448,172.31.36.0-255,66,58086,9,156776
11155,0.001454,172.217.194.0-255,4320,62406,9,156776
11156,0.001456,172.31.36.0-255,66,62472,9,156776
11157,0.001502,172.31.36.0-255,66,62538,9,156776
11158,0.001514,172.31.36.0-255,66,62604,9,156776
11159,0.001531,172.31.36.0-255,66,62670,9,156776
11160,0.001624,172.31.36.0-255,66,62736,9,156776
11161,0.001632,172.31.36.0-255,66,62802,9,156776
11162,0.001662,172.31.36.0-255,66,62868,9,156776
11163,0.001669,172.217.194.0-255,6438,69306,9,156776
11164,0.001671,172.31.36.0-255,66,69372,9,156776
11165,0.001679,172.217.194.0-255,7156,76528,9,156776
11166,0.001682,172.31.36.0-255,66,76594,9,156776
11167,0.001686,172.217.194.0-255,1484,78078,9,156776
11168,0.001738,172.31.36.0-255,66,78144,9,156776
11169,0.001749,172.31.36.0-255,66,78210,9,156776
11170,0.001781,172.31.36.0-255,66,78276,9,156776
11171,0.001786,172.217.194.0-255,2902,81178,9,156776
11172,0.001789,172.31.36.0-255,66,81244,9,156776
11173,0.001809,172.217.194.0-255,7156,88400,9,156776
11174,0.001811,172.31.36.0-255,66,88466,9,156776
11175,0.001856,172.31.36.0-255,66,88532,9,156776
11176,0.001884,172.31.36.0-255,66,88598,9,156776
11177,0.002116,172.217.194.0-255,1484,90082,9,156776
11178,0.002121,172.217.194.0-255,1484,91566,9,156776
11179,0.002124,172.31.36.0-255,66,91632,9,156776
11180,0.002151,172.217.194.0-255,1484,93116,9,156776
11181,0.002159,172.217.194.0-255,5738,98854,9,156776
11182,0.002161,172.31.36.0-255,66,98920,9,156776
11183,0.002167,172.217.194.0-255,4320,103240,9,156776
11184,0.002169,172.31.36.0-255,66,103306,9,156776
11185,0.002208,172.31.36.0-255,66,103372,9,156776
11186,0.002211,172.217.194.0-255,1484,104856,9,156776
11187,0.002243,172.217.194.0-255,6438,111294,9,156776
11188,0.002247,172.31.36.0-255,66,111360,9,156776
11189,0.00225,172.217.194.0-255,382,111742,9,156776
11190,0.002281,172.217.194.0-255,1484,113226,9,156776
11191,0.002284,172.31.36.0-255,66,113292,9,156776
11192,0.002303,172.217.194.0-255,4320,117612,9,156776
11193,0.002306,172.31.36.0-255,66,117678,9,156776
11194,0.002336,172.31.36.0-255,66,117744,9,156776
11195,0.002349,172.217.194.0-255,1484,119228,9,156776
11196,0.002375,172.31.36.0-255,66,119294,9,156776
11197,0.002406,172.217.194.0-255,4320,123614,9,156776
11198,0.002409,172.31.36.0-255,66,123680,9,156776
11199,0.002413,172.217.194.0-255,2184,125864,9,156776
11200,0.002415,172.31.36.0-255,66,125930,9,156776
11201,0.002441,172.217.194.0-255,1484,127414,9,156776
11202,0.002454,172.217.194.0-255,2902,130316,9,156776
11203,0.002458,172.31.36.0-255,66,130382,9,156776
11204,0.002483,172.217.194.0-255,4320,134702,9,156776
11205,0.002486,172.31.36.0-255,66,134768,9,156776
11206,0.00251,172.217.194.0-255,1484,136252,9,156776
11207,0.002553,172.217.194.0-255,7156,143408,9,156776
11208,0.002556,172.31.36.0-255,66,143474,9,156776
11209,0.00259,172.217.194.0-255,5738,149212,9,156776
11210,0.002593,172.31.36.0-255,66,149278,9,156776
11211,0.002607,172.31.36.0-255,66,149344,9,156776
11212,0.002627,172.31.36.0-255,66,149410,9,156776
11213,0.002644,172.31.36.0-255,66,149476,9,156776
11214,0.002661,172.31.36.0-255,66,149542,9,156776
11215,0.00269,172.217.194.0-255,2548,152090,9,156776
11216,0.002692,172.31.36.0-255,66,152156,9,156776
11217,0.005315,172.217.194.0-255,105,152261,9,156776
11218,0.010048,172.31.36.0-255,66,152327,9,156776
11219,0.010099,172.31.36.0-255,105,152432,9,156776
11220,0.01275,172.217.194.0-255,66,152498,9,156776
11221,0.034816,172.31.36.0-255,167,152665,9,156776
11222,0.034849,172.31.36.0-255,1116,153781,9,156776
11223,0.034908,172.31.36.0-255,1514,155295,9,156776
11224,0.03491,172.31.36.0-255,1283,156578,9,156776
11225,0.03642,104.244.42.0-255,66,156644,9,156776
11226,0.036431,104.244.42.0-255,66,156710,9,156776
11227,0.036494,104.244.42.0-255,66,156776,9,156776
11228,0.0,172.217.194.0-255,153,153,9,350935
11229,3.4e-05,172.31.36.0-255,66,219,9,350935
11230,4.2e-05,172.217.194.0-255,1484,1703,9,350935
11231,4.7e-05,172.31.36.0-255,66,1769,9,350935
11232,5.1e-05,172.217.194.0-255,2902,4671,9,350935
11233,5.4e-05,172.31.36.0-255,66,4737,9,350935
11234,5.8e-05,172.217.194.0-255,2902,7639,9,350935
11235,6.2e-05,172.31.36.0-255,66,7705,9,350935
11236,6.7e-05,172.217.194.0-255,4320,12025,9,350935
11237,6.9e-05,172.31.36.0-255,66,12091,9,350935
11238,8.9e-05,172.217.194.0-255,4320,16411,9,350935
11239,9.4e-05,172.31.36.0-255,66,16477,9,350935
11240,0.000104,172.217.194.0-255,4765,21242,9,350935
11241,0.000108,172.31.36.0-255,66,21308,9,350935
11242,0.00012,172.31.36.0-255,66,21374,9,350935
11243,0.000142,172.217.194.0-255,1125,22499,9,350935
11244,0.000145,172.31.36.0-255,66,22565,9,350935
11245,0.00015,172.217.194.0-255,1484,24049,9,350935
11246,0.000151,172.31.36.0-255,66,24115,9,350935
11247,0.000169,172.217.194.0-255,2902,27017,9,350935
11248,0.000171,172.31.36.0-255,66,27083,9,350935
11249,0.000197,172.217.194.0-255,1484,28567,9,350935
11250,0.000199,172.31.36.0-255,66,28633,9,350935
11251,0.000211,172.31.36.0-255,66,28699,9,350935
11252,0.000213,172.217.194.0-255,1125,29824,9,350935
11253,0.000215,172.31.36.0-255,66,29890,9,350935
11254,0.000345,172.217.194.0-255,1484,31374,9,350935
11255,0.000349,172.31.36.0-255,66,31440,9,350935
11256,0.000355,172.217.194.0-255,2902,34342,9,350935
11257,0.000358,172.31.36.0-255,66,34408,9,350935
11258,0.000364,172.217.194.0-255,5738,40146,9,350935
11259,0.000366,172.31.36.0-255,66,40212,9,350935
11260,0.00037,172.217.194.0-255,2902,43114,9,350935
11261,0.000373,172.31.36.0-255,66,43180,9,350935
11262,0.000401,172.217.194.0-255,4274,47454,9,350935
11263,0.000405,172.31.36.0-255,66,47520,9,350935
11264,0.000561,172.217.194.0-255,364,47884,9,350935
11265,0.000685,172.217.194.0-255,1484,49368,9,350935
11266,0.000689,172.31.36.0-255,66,49434,9,350935
11267,0.000694,172.217.194.0-255,2902,52336,9,350935
11268,0.000696,172.31.36.0-255,66,52402,9,350935
11269,0.0007,172.217.194.0-255,1484,53886,9,350935
11270,0.000722,172.217.194.0-255,4320,58206,9,350935
11271,0.000724,172.31.36.0-255,66,58272,9,350935
11272,0.000732,172.217.194.0-255,6797,65069,9,350935
11273,0.000734,172.31.36.0-255,66,65135,9,350935
11274,0.000776,172.217.194.0-255,4320,69455,9,350935
11275,0.00078,172.31.36.0-255,66,69521,9,350935
11276,0.000807,172.31.36.0-255,66,69587,9,350935
11277,0.000824,172.217.194.0-255,2543,72130,9,350935
11278,0.000827,172.31.36.0-255,66,72196,9,350935
11279,0.001603,172.217.194.0-255,1484,73680,9,350935
11280,0.001613,172.217.194.0-255,2902,76582,9,350935
11281,0.001618,172.31.36.0-255,66,76648,9,350935
11282,0.001626,172.217.194.0-255,5738,82386,9,350935
11283,0.001628,172.31.36.0-255,66,82452,9,350935
11284,0.001634,172.217.194.0-255,4320,86772,9,350935
11285,0.001636,172.31.36.0-255,66,86838,9,350935
11286,0.001657,172.217.194.0-255,4320,91158,9,350935
11287,0.00166,172.31.36.0-255,66,91224,9,350935
11288,0.001683,172.217.194.0-255,4320,95544,9,350935
11289,0.001686,172.31.36.0-255,66,95610,9,350935
11290,0.001714,172.31.36.0-255,66,95676,9,350935
11291,0.001719,172.217.194.0-255,2902,98578,9,350935
11292,0.001721,172.31.36.0-255,66,98644,9,350935
11293,0.001746,172.31.36.0-255,66,98710,9,350935
11294,0.001794,172.217.194.0-255,5738,104448,9,350935
11295,0.001797,172.31.36.0-255,66,104514,9,350935
11296,0.001818,172.217.194.0-255,7156,111670,9,350935
11297,0.001821,172.31.36.0-255,66,111736,9,350935
11298,0.001827,172.217.194.0-255,5020,116756,9,350935
11299,0.001831,172.31.36.0-255,66,116822,9,350935
11300,0.001967,172.217.194.0-255,1484,118306,9,350935
11301,0.001973,172.217.194.0-255,2902,121208,9,350935
11302,0.001976,172.31.36.0-255,66,121274,9,350935
11303,0.001979,172.217.194.0-255,1484,122758,9,350935
11304,0.001997,172.217.194.0-255,4320,127078,9,350935
11305,0.002,172.31.36.0-255,66,127144,9,350935
11306,0.002003,172.217.194.0-255,1484,128628,9,350935
11307,0.002032,172.31.36.0-255,66,128694,9,350935
11308,0.002059,172.31.36.0-255,66,128760,9,350935
11309,0.004337,172.217.194.0-255,5738,134498,9,350935
11310,0.004349,172.31.36.0-255,66,134564,9,350935
11311,0.006632,172.217.194.0-255,5738,140302,9,350935
11312,0.006638,172.31.36.0-255,66,140368,9,350935
11313,0.008947,172.217.194.0-255,5738,146106,9,350935
11314,0.008953,172.31.36.0-255,66,146172,9,350935
11315,0.011259,172.217.194.0-255,4320,150492,9,350935
11316,0.011269,172.31.36.0-255,66,150558,9,350935
11317,0.011291,172.217.194.0-255,1484,152042,9,350935
11318,0.013544,172.217.194.0-255,4320,156362,9,350935
11319,0.013551,172.31.36.0-255,66,156428,9,350935
11320,0.015864,172.217.194.0-255,5738,162166,9,350935
11321,0.015874,172.31.36.0-255,66,162232,9,350935
11322,0.018154,172.217.194.0-255,5738,167970,9,350935
11323,0.018163,172.31.36.0-255,66,168036,9,350935
11324,0.020465,172.217.194.0-255,5738,173774,9,350935
11325,0.020473,172.31.36.0-255,66,173840,9,350935
11326,0.022787,172.217.194.0-255,5738,179578,9,350935
11327,0.022794,172.31.36.0-255,66,179644,9,350935
11328,0.025114,172.217.194.0-255,5738,185382,9,350935
11329,0.025137,172.31.36.0-255,66,185448,9,350935
11330,0.027451,172.217.194.0-255,5738,191186,9,350935
11331,0.02747,172.31.36.0-255,66,191252,9,350935
11332,0.029768,172.217.194.0-255,5738,196990,9,350935
11333,0.029787,172.31.36.0-255,66,197056,9,350935
11334,0.032085,172.217.194.0-255,5738,202794,9,350935
11335,0.032094,172.31.36.0-255,66,202860,9,350935
11336,0.034407,172.217.194.0-255,5738,208598,9,350935
11337,0.034423,172.31.36.0-255,66,208664,9,350935
11338,0.036731,172.217.194.0-255,5738,214402,9,350935
11339,0.036736,172.31.36.0-255,66,214468,9,350935
11340,0.039038,172.217.194.0-255,5738,220206,9,350935
11341,0.039047,172.31.36.0-255,66,220272,9,350935
11342,0.04135,172.217.194.0-255,5738,226010,9,350935
11343,0.041358,172.31.36.0-255,66,226076,9,350935
11344,0.043668,172.217.194.0-255,5738,231814,9,350935
11345,0.043677,172.31.36.0-255,66,231880,9,350935
11346,0.045606,172.31.36.0-255,172,232052,9,350935
11347,0.045637,172.31.36.0-255,1070,233122,9,350935
11348,0.045966,172.217.194.0-255,5738,238860,9,350935
11349,0.045973,172.31.36.0-255,66,238926,9,350935
11350,0.047151,104.244.42.0-255,66,238992,9,350935
11351,0.047193,104.244.42.0-255,66,239058,9,350935
11352,0.048278,172.217.194.0-255,5738,244796,9,350935
11353,0.048286,172.31.36.0-255,66,244862,9,350935
11354,0.050572,172.217.194.0-255,2902,247764,9,350935
11355,0.050591,172.31.36.0-255,66,247830,9,350935
11356,0.050609,172.217.194.0-255,2902,250732,9,350935
11357,0.050613,172.31.36.0-255,66,250798,9,350935
11358,0.052878,172.217.194.0-255,2902,253700,9,350935
11359,0.052884,172.31.36.0-255,66,253766,9,350935
11360,0.052919,172.217.194.0-255,2902,256668,9,350935
11361,0.052922,172.31.36.0-255,66,256734,9,350935
11362,0.05518,172.217.194.0-255,2902,259636,9,350935
11363,0.055191,172.31.36.0-255,66,259702,9,350935
11364,0.055231,172.217.194.0-255,2902,262604,9,350935
11365,0.055234,172.31.36.0-255,66,262670,9,350935
11366,0.057499,172.217.194.0-255,2902,265572,9,350935
11367,0.057505,172.31.36.0-255,66,265638,9,350935
11368,0.05757,172.217.194.0-255,2902,268540,9,350935
11369,0.057574,172.31.36.0-255,66,268606,9,350935
11370,0.059796,172.217.194.0-255,2902,271508,9,350935
11371,0.059801,172.31.36.0-255,66,271574,9,350935
11372,0.059862,172.217.194.0-255,2902,274476,9,350935
11373,0.059866,172.31.36.0-255,66,274542,9,350935
11374,0.062085,172.217.194.0-255,2902,277444,9,350935
11375,0.062091,172.31.36.0-255,66,277510,9,350935
11376,0.062182,172.217.194.0-255,2902,280412,9,350935
11377,0.062186,172.31.36.0-255,66,280478,9,350935
11378,0.064379,172.217.194.0-255,2902,283380,9,350935
11379,0.064386,172.31.36.0-255,66,283446,9,350935
11380,0.064448,172.217.194.0-255,2902,286348,9,350935
11381,0.064452,172.31.36.0-255,66,286414,9,350935
11382,0.066675,172.217.194.0-255,2902,289316,9,350935
11383,0.066681,172.31.36.0-255,66,289382,9,350935
11384,0.066718,172.217.194.0-255,2902,292284,9,350935
11385,0.066722,172.31.36.0-255,66,292350,9,350935
11386,0.068963,172.217.194.0-255,2902,295252,9,350935
11387,0.068969,172.31.36.0-255,66,295318,9,350935
11388,0.069003,172.217.194.0-255,2902,298220,9,350935
11389,0.069007,172.31.36.0-255,66,298286,9,350935
11390,0.071259,172.217.194.0-255,2902,301188,9,350935
11391,0.071266,172.31.36.0-255,66,301254,9,350935
11392,0.071295,172.217.194.0-255,2902,304156,9,350935
11393,0.071299,172.31.36.0-255,66,304222,9,350935
11394,0.073564,172.217.194.0-255,2902,307124,9,350935
11395,0.07357,172.31.36.0-255,66,307190,9,350935
11396,0.073604,172.217.194.0-255,2902,310092,9,350935
11397,0.073607,172.31.36.0-255,66,310158,9,350935
11398,0.075932,172.217.194.0-255,2902,313060,9,350935
11399,0.075937,172.31.36.0-255,66,313126,9,350935
11400,0.075986,172.217.194.0-255,1484,314610,9,350935
11401,0.07601,172.217.194.0-255,1484,316094,9,350935
11402,0.076014,172.31.36.0-255,66,316160,9,350935
11403,0.078227,172.217.194.0-255,2902,319062,9,350935
11404,0.078233,172.31.36.0-255,66,319128,9,350935
11405,0.078283,172.217.194.0-255,2902,322030,9,350935
11406,0.078286,172.31.36.0-255,66,322096,9,350935
11407,0.080517,172.217.194.0-255,2902,324998,9,350935
11408,0.080525,172.31.36.0-255,66,325064,9,350935
11409,0.080576,172.217.194.0-255,2902,327966,9,350935
11410,0.080581,172.31.36.0-255,66,328032,9,350935
11411,0.0828,172.217.194.0-255,2902,330934,9,350935
11412,0.082805,172.31.36.0-255,66,331000,9,350935
11413,0.082866,172.217.194.0-255,2902,333902,9,350935
11414,0.082871,172.31.36.0-255,66,333968,9,350935
11415,0.085084,172.217.194.0-255,2902,336870,9,350935
11416,0.08509,172.31.36.0-255,66,336936,9,350935
11417,0.085132,172.217.194.0-255,2902,339838,9,350935
11418,0.085135,172.31.36.0-255,66,339904,9,350935
11419,0.08736,172.217.194.0-255,2902,342806,9,350935
11420,0.087366,172.31.36.0-255,66,342872,9,350935
11421,0.087412,172.217.194.0-255,2902,345774,9,350935
11422,0.087416,172.31.36.0-255,66,345840,9,350935
11423,0.089638,172.217.194.0-255,2902,348742,9,350935
11424,0.089644,172.31.36.0-255,66,348808,9,350935
11425,0.089675,172.217.194.0-255,1890,350698,9,350935
11426,0.089678,172.31.36.0-255,66,350764,9,350935
11427,0.089858,172.31.36.0-255,105,350869,9,350935
11428,0.092109,172.217.194.0-255,66,350935,9,350935
11429,0.0,74.125.24.0-255,153,153,9,300658
11430,2.6e-05,172.31.36.0-255,66,219,9,300658
11431,3.3e-05,74.125.24.0-255,1484,1703,9,300658
11432,3.7e-05,172.31.36.0-255,66,1769,9,300658
11433,4.3e-05,74.125.24.0-255,2902,4671,9,300658
11434,4.5e-05,172.31.36.0-255,66,4737,9,300658
11435,5.3e-05,74.125.24.0-255,7156,11893,9,300658
11436,5.6e-05,172.31.36.0-255,66,11959,9,300658
11437,6e-05,74.125.24.0-255,2103,14062,9,300658
11438,6.2e-05,172.31.36.0-255,66,14128,9,300658
11439,8.1e-05,74.125.24.0-255,2902,17030,9,300658
11440,8.4e-05,172.31.36.0-255,66,17096,9,300658
11441,0.000108,74.125.24.0-255,7156,24252,9,300658
11442,0.000111,172.31.36.0-255,66,24318,9,300658
11443,0.000117,74.125.24.0-255,6797,31115,9,300658
11444,0.00012,172.31.36.0-255,66,31181,9,300658
11445,0.000222,74.125.24.0-255,1484,32665,9,300658
11446,0.000226,172.31.36.0-255,66,32731,9,300658
11447,0.000232,74.125.24.0-255,2902,35633,9,300658
11448,0.000234,172.31.36.0-255,66,35699,9,300658
11449,0.000259,74.125.24.0-255,5738,41437,9,300658
11450,0.000263,172.31.36.0-255,66,41503,9,300658
11451,0.000268,74.125.24.0-255,5738,47241,9,300658
11452,0.000271,172.31.36.0-255,66,47307,9,300658
11453,0.000313,172.31.36.0-255,66,47373,9,300658
11454,0.000333,74.125.24.0-255,5379,52752,9,300658
11455,0.000336,172.31.36.0-255,66,52818,9,300658
11456,0.000341,74.125.24.0-255,4230,57048,9,300658
11457,0.000343,74.125.24.0-255,136,57184,9,300658
11458,0.000345,172.31.36.0-255,66,57250,9,300658
11459,0.000349,172.31.36.0-255,66,57316,9,300658
11460,0.000437,74.125.24.0-255,1484,58800,9,300658
11461,0.000443,74.125.24.0-255,2902,61702,9,300658
11462,0.000447,172.31.36.0-255,66,61768,9,300658
11463,0.000456,74.125.24.0-255,5738,67506,9,300658
11464,0.000459,172.31.36.0-255,66,67572,9,300658
11465,0.000462,74.125.24.0-255,1484,69056,9,300658
11466,0.000479,74.125.24.0-255,4320,73376,9,300658
11467,0.000484,172.31.36.0-255,66,73442,9,300658
11468,0.000509,74.125.24.0-255,826,74268,9,300658
11469,0.000526,74.125.24.0-255,1484,75752,9,300658
11470,0.00053,172.31.36.0-255,66,75818,9,300658
11471,0.000539,74.125.24.0-255,1484,77302,9,300658
11472,0.000564,74.125.24.0-255,2902,80204,9,300658
11473,0.000567,172.31.36.0-255,66,80270,9,300658
11474,0.000579,172.31.36.0-255,66,80336,9,300658
11475,0.000593,172.31.36.0-255,66,80402,9,300658
11476,0.000637,74.125.24.0-255,5020,85422,9,300658
11477,0.000641,172.31.36.0-255,66,85488,9,300658
11478,0.000806,74.125.24.0-255,1484,86972,9,300658
11479,0.000811,74.125.24.0-255,2902,89874,9,300658
11480,0.000814,172.31.36.0-255,66,89940,9,300658
11481,0.000819,74.125.24.0-255,2902,92842,9,300658
11482,0.000821,172.31.36.0-255,66,92908,9,300658
11483,0.000836,74.125.24.0-255,2902,95810,9,300658
11484,0.00084,172.31.36.0-255,66,95876,9,300658
11485,0.000868,74.125.24.0-255,7156,103032,9,300658
11486,0.000871,172.31.36.0-255,66,103098,9,300658
11487,0.000894,74.125.24.0-255,5738,108836,9,300658
11488,0.000897,172.31.36.0-255,66,108902,9,300658
11489,0.000908,172.31.36.0-255,66,108968,9,300658
11490,0.000911,74.125.24.0-255,1484,110452,9,300658
11491,0.000926,74.125.24.0-255,2902,113354,9,300658
11492,0.000929,172.31.36.0-255,66,113420,9,300658
11493,0.000934,74.125.24.0-255,2902,116322,9,300658
11494,0.000937,172.31.36.0-255,66,116388,9,300658
11495,0.000955,74.125.24.0-255,2902,119290,9,300658
11496,0.000957,172.31.36.0-255,66,119356,9,300658
11497,0.000969,172.31.36.0-255,66,119422,9,300658
11498,0.000995,74.125.24.0-255,4320,123742,9,300658
11499,0.000999,172.31.36.0-255,66,123808,9,300658
11500,0.001011,172.31.36.0-255,66,123874,9,300658
11501,0.00103,74.125.24.0-255,1484,125358,9,300658
11502,0.001045,74.125.24.0-255,5738,131096,9,300658
11503,0.001048,172.31.36.0-255,66,131162,9,300658
11504,0.001055,74.125.24.0-255,5738,136900,9,300658
11505,0.001057,172.31.36.0-255,66,136966,9,300658
11506,0.001087,74.125.24.0-255,2902,139868,9,300658
11507,0.00109,172.31.36.0-255,66,139934,9,300658
11508,0.001107,172.31.36.0-255,66,140000,9,300658
11509,0.001109,74.125.24.0-255,766,140766,9,300658
11510,0.001146,74.125.24.0-255,1484,142250,9,300658
11511,0.00115,172.31.36.0-255,66,142316,9,300658
11512,0.001171,74.125.24.0-255,4320,146636,9,300658
11513,0.001175,172.31.36.0-255,66,146702,9,300658
11514,0.001182,74.125.24.0-255,7156,153858,9,300658
11515,0.001187,172.31.36.0-255,66,153924,9,300658
11516,0.001207,74.125.24.0-255,2902,156826,9,300658
11517,0.00121,172.31.36.0-255,66,156892,9,300658
11518,0.001217,74.125.24.0-255,5738,162630,9,300658
11519,0.001219,172.31.36.0-255,66,162696,9,300658
11520,0.001235,74.125.24.0-255,5738,168434,9,300658
11521,0.001238,172.31.36.0-255,66,168500,9,300658
11522,0.001261,74.125.24.0-255,2902,171402,9,300658
11523,0.001263,172.31.36.0-255,66,171468,9,300658
11524,0.001273,74.125.24.0-255,3602,175070,9,300658
11525,0.001276,172.31.36.0-255,66,175136,9,300658
11526,0.001282,74.125.24.0-255,4320,179456,9,300658
11527,0.001284,172.31.36.0-255,66,179522,9,300658
11528,0.001295,172.31.36.0-255,66,179588,9,300658
11529,0.001307,172.31.36.0-255,66,179654,9,300658
11530,0.001328,74.125.24.0-255,1484,181138,9,300658
11531,0.001358,172.31.36.0-255,66,181204,9,300658
11532,0.001733,74.125.24.0-255,1484,182688,9,300658
11533,0.001738,74.125.24.0-255,1484,184172,9,300658
11534,0.001741,172.31.36.0-255,66,184238,9,300658
11535,0.001755,74.125.24.0-255,1484,185722,9,300658
11536,0.001761,74.125.24.0-255,5738,191460,9,300658
11537,0.001764,172.31.36.0-255,66,191526,9,300658
11538,0.001828,172.31.36.0-255,66,191592,9,300658
11539,0.001839,172.31.36.0-255,66,191658,9,300658
11540,0.001842,74.125.24.0-255,766,192424,9,300658
11541,0.002179,74.125.24.0-255,1484,193908,9,300658
11542,0.002184,172.31.36.0-255,66,193974,9,300658
11543,0.002189,74.125.24.0-255,2902,196876,9,300658
11544,0.002192,172.31.36.0-255,66,196942,9,300658
11545,0.002212,74.125.24.0-255,1484,198426,9,300658
11546,0.002217,74.125.24.0-255,2902,201328,9,300658
11547,0.002221,172.31.36.0-255,66,201394,9,300658
11548,0.002231,74.125.24.0-255,2902,204296,9,300658
11549,0.002233,172.31.36.0-255,66,204362,9,300658
11550,0.004419,74.125.24.0-255,5738,210100,9,300658
11551,0.004425,172.31.36.0-255,66,210166,9,300658
11552,0.006629,74.125.24.0-255,5738,215904,9,300658
11553,0.006636,172.31.36.0-255,66,215970,9,300658
11554,0.008832,74.125.24.0-255,5738,221708,9,300658
11555,0.008838,172.31.36.0-255,66,221774,9,300658
11556,0.01105,74.125.24.0-255,5738,227512,9,300658
11557,0.011056,172.31.36.0-255,66,227578,9,300658
11558,0.013257,74.125.24.0-255,5738,233316,9,300658
11559,0.013265,172.31.36.0-255,66,233382,9,300658
11560,0.015458,74.125.24.0-255,5738,239120,9,300658
11561,0.015466,172.31.36.0-255,66,239186,9,300658
11562,0.017684,74.125.24.0-255,5738,244924,9,300658
11563,0.017696,172.31.36.0-255,66,244990,9,300658
11564,0.019881,74.125.24.0-255,5738,250728,9,300658
11565,0.019889,172.31.36.0-255,66,250794,9,300658
11566,0.022103,74.125.24.0-255,5738,256532,9,300658
11567,0.02211,172.31.36.0-255,66,256598,9,300658
11568,0.024306,74.125.24.0-255,5738,262336,9,300658
11569,0.024313,172.31.36.0-255,66,262402,9,300658
11570,0.026538,74.125.24.0-255,5738,268140,9,300658
11571,0.026546,172.31.36.0-255,66,268206,9,300658
11572,0.028759,74.125.24.0-255,5738,273944,9,300658
11573,0.028768,172.31.36.0-255,66,274010,9,300658
11574,0.030974,74.125.24.0-255,5738,279748,9,300658
11575,0.030981,172.31.36.0-255,66,279814,9,300658
11576,0.033189,74.125.24.0-255,5738,285552,9,300658
11577,0.033196,172.31.36.0-255,66,285618,9,300658
11578,0.035394,74.125.24.0-255,5738,291356,9,300658
11579,0.035402,172.31.36.0-255,66,291422,9,300658
11580,0.037597,74.125.24.0-255,2625,294047,9,300658
11581,0.037603,172.31.36.0-255,66,294113,9,300658
11582,0.038099,172.31.36.0-255,105,294218,9,300658
11583,0.040267,74.125.24.0-255,66,294284,9,300658
11584,0.046216,172.31.36.0-255,172,294456,9,300658
11585,0.046247,172.31.36.0-255,1116,295572,9,300658
11586,0.046304,172.31.36.0-255,1514,297086,9,300658
11587,0.046306,172.31.36.0-255,1514,298600,9,300658
11588,0.046307,172.31.36.0-255,1514,300114,9,300658
11589,0.046308,172.31.36.0-255,106,300220,9,300658
11590,0.047765,104.244.42.0-255,66,300286,9,300658
11591,0.047784,104.244.42.0-255,66,300352,9,300658
11592,0.047822,104.244.42.0-255,66,300418,9,300658
11593,0.047825,104.244.42.0-255,66,300484,9,300658
11594,0.048469,104.244.42.0-255,108,300592,9,300658
11595,0.04849,172.31.36.0-255,66,300658,9,300658
11596,0.0,74.125.130.0-255,153,153,9,395077
11597,1.8e-05,172.31.36.0-255,66,219,9,395077
11598,2.5e-05,74.125.130.0-255,1484,1703,9,395077
11599,3e-05,172.31.36.0-255,66,1769,9,395077
11600,3.6e-05,74.125.130.0-255,2902,4671,9,395077
11601,4e-05,172.31.36.0-255,66,4737,9,395077
11602,4.8e-05,74.125.130.0-255,7156,11893,9,395077
11603,5.1e-05,172.31.36.0-255,66,11959,9,395077
11604,5.7e-05,74.125.130.0-255,4320,16279,9,395077
11605,6e-05,172.31.36.0-255,66,16345,9,395077
11606,8.9e-05,74.125.130.0-255,3570,19915,9,395077
11607,9.3e-05,172.31.36.0-255,66,19981,9,395077
11608,0.0001,74.125.130.0-255,5738,25719,9,395077
11609,0.000102,172.31.36.0-255,66,25785,9,395077
11610,0.000118,74.125.130.0-255,5379,31164,9,395077
11611,0.000121,172.31.36.0-255,66,31230,9,395077
11612,0.000283,74.125.130.0-255,1484,32714,9,395077
11613,0.000289,172.31.36.0-255,66,32780,9,395077
11614,0.000294,74.125.130.0-255,1484,34264,9,395077
11615,0.000296,172.31.36.0-255,66,34330,9,395077
11616,0.000311,74.125.130.0-255,1484,35814,9,395077
11617,0.000314,172.31.36.0-255,66,35880,9,395077
11618,0.000321,74.125.130.0-255,5738,41618,9,395077
11619,0.000324,172.31.36.0-255,66,41684,9,395077
11620,0.000335,74.125.130.0-255,1484,43168,9,395077
11621,0.000338,172.31.36.0-255,66,43234,9,395077
11622,0.000363,172.31.36.0-255,66,43300,9,395077
11623,0.000388,74.125.130.0-255,5738,49038,9,395077
11624,0.000391,172.31.36.0-255,66,49104,9,395077
11625,0.000417,74.125.130.0-255,4320,53424,9,395077
11626,0.00042,172.31.36.0-255,66,53490,9,395077
11627,0.000425,74.125.130.0-255,4210,57700,9,395077
11628,0.000427,172.31.36.0-255,66,57766,9,395077
11629,0.00043,74.125.130.0-255,116,57882,9,395077
11630,0.000452,74.125.130.0-255,1484,59366,9,395077
11631,0.000454,172.31.36.0-255,66,59432,9,395077
11632,0.00046,74.125.130.0-255,2902,62334,9,395077
11633,0.000462,172.31.36.0-255,66,62400,9,395077
11634,0.00047,74.125.130.0-255,7156,69556,9,395077
11635,0.000472,172.31.36.0-255,66,69622,9,395077
11636,0.000501,74.125.130.0-255,5379,75001,9,395077
11637,0.000504,172.31.36.0-255,66,75067,9,395077
11638,0.000532,74.125.130.0-255,2902,77969,9,395077
11639,0.000535,172.31.36.0-255,66,78035,9,395077
11640,0.000539,74.125.130.0-255,2902,80937,9,395077
11641,0.000542,172.31.36.0-255,66,81003,9,395077
11642,0.000554,74.125.130.0-255,1484,82487,9,395077
11643,0.000559,74.125.130.0-255,2902,85389,9,395077
11644,0.000561,172.31.36.0-255,66,85455,9,395077
11645,0.000583,74.125.130.0-255,5738,91193,9,395077
11646,0.000586,172.31.36.0-255,66,91259,9,395077
11647,0.000589,74.125.130.0-255,1447,92706,9,395077
11648,0.001145,74.125.130.0-255,1484,94190,9,395077
11649,0.00115,172.31.36.0-255,66,94256,9,395077
11650,0.001156,74.125.130.0-255,2902,97158,9,395077
11651,0.001159,172.31.36.0-255,66,97224,9,395077
11652,0.001187,74.125.130.0-255,5738,102962,9,395077
11653,0.00119,172.31.36.0-255,66,103028,9,395077
11654,0.001195,74.125.130.0-255,2902,105930,9,395077
11655,0.001197,172.31.36.0-255,66,105996,9,395077
11656,0.001226,172.31.36.0-255,66,106062,9,395077
11657,0.001242,74.125.130.0-255,2902,108964,9,395077
11658,0.001244,172.31.36.0-255,66,109030,9,395077
11659,0.001266,172.31.36.0-255,66,109096,9,395077
11660,0.00194,74.125.130.0-255,1484,110580,9,395077
11661,0.00195,74.125.130.0-255,2902,113482,9,395077
11662,0.001955,172.31.36.0-255,66,113548,9,395077
11663,0.001962,74.125.130.0-255,4320,117868,9,395077
11664,0.001964,172.31.36.0-255,66,117934,9,395077
11665,0.003904,74.125.130.0-255,1484,119418,9,395077
11666,0.003922,74.125.130.0-255,4320,123738,9,395077
11667,0.003926,172.31.36.0-255,66,123804,9,395077
11668,0.005861,74.125.130.0-255,5738,129542,9,395077
11669,0.005866,172.31.36.0-255,66,129608,9,395077
11670,0.007803,74.125.130.0-255,5738,135346,9,395077
11671,0.007809,172.31.36.0-255,66,135412,9,395077
11672,0.009758,74.125.130.0-255,5738,141150,9,395077
11673,0.009766,172.31.36.0-255,66,141216,9,395077
11674,0.01171,74.125.130.0-255,5738,146954,9,395077
11675,0.011718,172.31.36.0-255,66,147020,9,395077
11676,0.013662,74.125.130.0-255,5738,152758,9,395077
11677,0.01367,172.31.36.0-255,66,152824,9,395077
11678,0.015616,74.125.130.0-255,5738,158562,9,395077
11679,0.015624,172.31.36.0-255,66,158628,9,395077
11680,0.017559,74.125.130.0-255,5738,164366,9,395077
11681,0.017565,172.31.36.0-255,66,164432,9,395077
11682,0.019496,74.125.130.0-255,5738,170170,9,395077
11683,0.019505,172.31.36.0-255,66,170236,9,395077
11684,0.021449,74.125.130.0-255,5738,175974,9,395077
11685,0.021458,172.31.36.0-255,66,176040,9,395077
11686,0.023398,74.125.130.0-255,5738,181778,9,395077
11687,0.023408,172.31.36.0-255,66,181844,9,395077
11688,0.025354,74.125.130.0-255,5738,187582,9,395077
11689,0.025366,172.31.36.0-255,66,187648,9,395077
11690,0.027327,74.125.130.0-255,5738,193386,9,395077
11691,0.027339,172.31.36.0-255,66,193452,9,395077
11692,0.029279,74.125.130.0-255,5738,199190,9,395077
11693,0.029292,172.31.36.0-255,66,199256,9,395077
11694,0.031272,74.125.130.0-255,5738,204994,9,395077
11695,0.031282,172.31.36.0-255,66,205060,9,395077
11696,0.033235,74.125.130.0-255,5738,210798,9,395077
11697,0.033248,172.31.36.0-255,66,210864,9,395077
11698,0.035232,74.125.130.0-255,5738,216602,9,395077
11699,0.035244,172.31.36.0-255,66,216668,9,395077
11700,0.037188,74.125.130.0-255,5738,222406,9,395077
11701,0.037196,172.31.36.0-255,66,222472,9,395077
11702,0.03915,74.125.130.0-255,5738,228210,9,395077
11703,0.039158,172.31.36.0-255,66,228276,9,395077
11704,0.041099,74.125.130.0-255,5738,234014,9,395077
11705,0.041114,172.31.36.0-255,66,234080,9,395077
11706,0.043053,74.125.130.0-255,5738,239818,9,395077
11707,0.043062,172.31.36.0-255,66,239884,9,395077
11708,0.044997,74.125.130.0-255,5738,245622,9,395077
11709,0.045005,172.31.36.0-255,66,245688,9,395077
11710,0.046956,74.125.130.0-255,5738,251426,9,395077
11711,0.046964,172.31.36.0-255,66,251492,9,395077
11712,0.048922,74.125.130.0-255,5738,257230,9,395077
11713,0.048931,172.31.36.0-255,66,257296,9,395077
11714,0.050876,74.125.130.0-255,5738,263034,9,395077
11715,0.050885,172.31.36.0-255,66,263100,9,395077
11716,0.052827,74.125.130.0-255,5738,268838,9,395077
11717,0.052837,172.31.36.0-255,66,268904,9,395077
11718,0.054782,74.125.130.0-255,5738,274642,9,395077
11719,0.05479,172.31.36.0-255,66,274708,9,395077
11720,0.056757,74.125.130.0-255,5738,280446,9,395077
11721,0.056764,172.31.36.0-255,66,280512,9,395077
11722,0.058704,74.125.130.0-255,5738,286250,9,395077
11723,0.058711,172.31.36.0-255,66,286316,9,395077
11724,0.060658,74.125.130.0-255,5738,292054,9,395077
11725,0.060664,172.31.36.0-255,66,292120,9,395077
11726,0.062606,74.125.130.0-255,5738,297858,9,395077
11727,0.062616,172.31.36.0-255,66,297924,9,395077
11728,0.064559,74.125.130.0-255,5738,303662,9,395077
11729,0.064571,172.31.36.0-255,66,303728,9,395077
11730,0.066529,74.125.130.0-255,5738,309466,9,395077
11731,0.066535,172.31.36.0-255,66,309532,9,395077
11732,0.068488,74.125.130.0-255,5738,315270,9,395077
11733,0.068495,172.31.36.0-255,66,315336,9,395077
11734,0.070441,74.125.130.0-255,5738,321074,9,395077
11735,0.070449,172.31.36.0-255,66,321140,9,395077
11736,0.07239,74.125.130.0-255,5738,326878,9,395077
11737,0.072397,172.31.36.0-255,66,326944,9,395077
11738,0.074339,74.125.130.0-255,5738,332682,9,395077
11739,0.074347,172.31.36.0-255,66,332748,9,395077
11740,0.07629,74.125.130.0-255,5738,338486,9,395077
11741,0.076297,172.31.36.0-255,66,338552,9,395077
11742,0.078263,74.125.130.0-255,5738,344290,9,395077
11743,0.078276,172.31.36.0-255,66,344356,9,395077
11744,0.080231,74.125.130.0-255,5738,350094,9,395077
11745,0.080244,172.31.36.0-255,66,350160,9,395077
11746,0.082184,74.125.130.0-255,5738,355898,9,395077
11747,0.082192,172.31.36.0-255,66,355964,9,395077
11748,0.084142,74.125.130.0-255,5738,361702,9,395077
11749,0.084167,172.31.36.0-255,66,361768,9,395077
11750,0.086112,74.125.130.0-255,5738,367506,9,395077
11751,0.08612,172.31.36.0-255,66,367572,9,395077
11752,0.088068,74.125.130.0-255,5738,373310,9,395077
11753,0.088076,172.31.36.0-255,66,373376,9,395077
11754,0.090014,74.125.130.0-255,5738,379114,9,395077
11755,0.090022,172.31.36.0-255,66,379180,9,395077
11756,0.091963,74.125.130.0-255,5738,384918,9,395077
11757,0.09197,172.31.36.0-255,66,384984,9,395077
11758,0.093911,74.125.130.0-255,5738,390722,9,395077
11759,0.093919,172.31.36.0-255,66,390788,9,395077
11760,0.095856,74.125.130.0-255,4052,394840,9,395077
11761,0.095863,172.31.36.0-255,66,394906,9,395077
11762,0.096019,172.31.36.0-255,105,395011,9,395077
11763,0.09793,74.125.130.0-255,66,395077,9,395077
11764,0.0,172.217.194.0-255,156,156,9,363579
11765,1.5e-05,172.31.36.0-255,66,222,9,363579
11766,2.3e-05,172.217.194.0-255,1484,1706,9,363579
11767,2.8e-05,172.31.36.0-255,66,1772,9,363579
11768,3.3e-05,172.217.194.0-255,2902,4674,9,363579
11769,3.7e-05,172.31.36.0-255,66,4740,9,363579
11770,5.4e-05,172.217.194.0-255,7156,11896,9,363579
11771,5.7e-05,172.31.36.0-255,66,11962,9,363579
11772,6.2e-05,172.217.194.0-255,1975,13937,9,363579
11773,6.4e-05,172.31.36.0-255,66,14003,9,363579
11774,0.000104,172.217.194.0-255,4320,18323,9,363579
11775,0.000107,172.31.36.0-255,66,18389,9,363579
11776,0.000134,172.217.194.0-255,7156,25545,9,363579
11777,0.000137,172.31.36.0-255,66,25611,9,363579
11778,0.000144,172.217.194.0-255,5379,30990,9,363579
11779,0.000146,172.31.36.0-255,66,31056,9,363579
11780,0.0005,172.217.194.0-255,1484,32540,9,363579
11781,0.000507,172.31.36.0-255,66,32606,9,363579
11782,0.000514,172.217.194.0-255,2902,35508,9,363579
11783,0.000516,172.31.36.0-255,66,35574,9,363579
11784,0.000528,172.217.194.0-255,5738,41312,9,363579
11785,0.000532,172.31.36.0-255,66,41378,9,363579
11786,0.000577,172.217.194.0-255,6797,48175,9,363579
11787,0.000581,172.31.36.0-255,66,48241,9,363579
11788,0.000612,172.217.194.0-255,7156,55397,9,363579
11789,0.000615,172.31.36.0-255,66,55463,9,363579
11790,0.000623,172.217.194.0-255,7156,62619,9,363579
11791,0.000626,172.31.36.0-255,66,62685,9,363579
11792,0.000665,172.217.194.0-255,2854,65539,9,363579
11793,0.000667,172.31.36.0-255,66,65605,9,363579
11794,0.00073,172.217.194.0-255,366,65971,9,363579
11795,0.000734,172.31.36.0-255,66,66037,9,363579
11796,0.001071,172.217.194.0-255,1484,67521,9,363579
11797,0.001077,172.217.194.0-255,2902,70423,9,363579
11798,0.001083,172.31.36.0-255,66,70489,9,363579
11799,0.001098,172.217.194.0-255,5738,76227,9,363579
11800,0.001104,172.31.36.0-255,66,76293,9,363579
11801,0.001108,172.217.194.0-255,2902,79195,9,363579
11802,0.00111,172.31.36.0-255,66,79261,9,363579
11803,0.00114,172.217.194.0-255,2902,82163,9,363579
11804,0.001144,172.31.36.0-255,66,82229,9,363579
11805,0.001167,172.217.194.0-255,1125,83354,9,363579
11806,0.001295,172.217.194.0-255,1484,84838,9,363579
11807,0.0013,172.31.36.0-255,66,84904,9,363579
11808,0.001328,172.217.194.0-255,2902,87806,9,363579
11809,0.00133,172.31.36.0-255,66,87872,9,363579
11810,0.001337,172.217.194.0-255,5738,93610,9,363579
11811,0.001339,172.31.36.0-255,66,93676,9,363579
11812,0.001377,172.31.36.0-255,66,93742,9,363579
11813,0.001419,172.217.194.0-255,5738,99480,9,363579
11814,0.001422,172.31.36.0-255,66,99546,9,363579
11815,0.001456,172.31.36.0-255,66,99612,9,363579
11816,0.00147,172.31.36.0-255,66,99678,9,363579
11817,0.001543,172.31.36.0-255,66,99744,9,363579
11818,0.00156,172.31.36.0-255,66,99810,9,363579
11819,0.001565,172.217.194.0-255,4320,104130,9,363579
11820,0.001568,172.31.36.0-255,66,104196,9,363579
11821,0.001592,172.31.36.0-255,66,104262,9,363579
11822,0.001595,172.217.194.0-255,766,105028,9,363579
11823,0.003629,172.217.194.0-255,4320,109348,9,363579
11824,0.003637,172.31.36.0-255,66,109414,9,363579
11825,0.00569,172.217.194.0-255,5738,115152,9,363579
11826,0.005698,172.31.36.0-255,66,115218,9,363579
11827,0.007744,172.217.194.0-255,5738,120956,9,363579
11828,0.00775,172.31.36.0-255,66,121022,9,363579
11829,0.009813,172.217.194.0-255,5738,126760,9,363579
11830,0.00982,172.31.36.0-255,66,126826,9,363579
11831,0.011912,172.217.194.0-255,5738,132564,9,363579
11832,0.01192,172.31.36.0-255,66,132630,9,363579
11833,0.014007,172.217.194.0-255,5738,138368,9,363579
11834,0.014015,172.31.36.0-255,66,138434,9,363579
11835,0.016088,172.217.194.0-255,5738,144172,9,363579
11836,0.016096,172.31.36.0-255,66,144238,9,363579
11837,0.018184,172.217.194.0-255,5738,149976,9,363579
11838,0.018193,172.31.36.0-255,66,150042,9,363579
11839,0.020262,172.217.194.0-255,4320,154362,9,363579
11840,0.020268,172.31.36.0-255,66,154428,9,363579
11841,0.020298,172.217.194.0-255,1484,155912,9,363579
11842,0.022322,172.217.194.0-255,4320,160232,9,363579
11843,0.02233,172.31.36.0-255,66,160298,9,363579
11844,0.024418,172.217.194.0-255,5738,166036,9,363579
11845,0.024425,172.31.36.0-255,66,166102,9,363579
11846,0.026484,172.217.194.0-255,5738,171840,9,363579
11847,0.026492,172.31.36.0-255,66,171906,9,363579
11848,0.028538,172.217.194.0-255,5738,177644,9,363579
11849,0.028546,172.31.36.0-255,66,177710,9,363579
11850,0.03062,172.217.194.0-255,5738,183448,9,363579
11851,0.030627,172.31.36.0-255,66,183514,9,363579
11852,0.032704,172.217.194.0-255,5738,189252,9,363579
11853,0.032712,172.31.36.0-255,66,189318,9,363579
11854,0.034816,172.217.194.0-255,5738,195056,9,363579
11855,0.034823,172.31.36.0-255,66,195122,9,363579
11856,0.036896,172.217.194.0-255,5738,200860,9,363579
11857,0.036904,172.31.36.0-255,66,200926,9,363579
11858,0.038954,172.217.194.0-255,5738,206664,9,363579
11859,0.038962,172.31.36.0-255,66,206730,9,363579
11860,0.041046,172.217.194.0-255,5738,212468,9,363579
11861,0.041054,172.31.36.0-255,66,212534,9,363579
11862,0.043118,172.217.194.0-255,5738,218272,9,363579
11863,0.043125,172.31.36.0-255,66,218338,9,363579
11864,0.045201,172.217.194.0-255,5738,224076,9,363579
11865,0.045209,172.31.36.0-255,66,224142,9,363579
11866,0.047295,172.217.194.0-255,5738,229880,9,363579
11867,0.047304,172.31.36.0-255,66,229946,9,363579
11868,0.049348,172.217.194.0-255,5738,235684,9,363579
11869,0.049356,172.31.36.0-255,66,235750,9,363579
11870,0.051445,172.217.194.0-255,5738,241488,9,363579
11871,0.051453,172.31.36.0-255,66,241554,9,363579
11872,0.053544,172.217.194.0-255,5738,247292,9,363579
11873,0.053551,172.31.36.0-255,66,247358,9,363579
11874,0.055621,172.217.194.0-255,5738,253096,9,363579
11875,0.055629,172.31.36.0-255,66,253162,9,363579
11876,0.057698,172.217.194.0-255,5738,258900,9,363579
11877,0.057714,172.31.36.0-255,66,258966,9,363579
11878,0.059783,172.217.194.0-255,5738,264704,9,363579
11879,0.059798,172.31.36.0-255,66,264770,9,363579
11880,0.061884,172.217.194.0-255,5738,270508,9,363579
11881,0.061893,172.31.36.0-255,66,270574,9,363579
11882,0.063962,172.217.194.0-255,5738,276312,9,363579
11883,0.06397,172.31.36.0-255,66,276378,9,363579
11884,0.066035,172.217.194.0-255,5738,282116,9,363579
11885,0.06605,172.31.36.0-255,66,282182,9,363579
11886,0.068131,172.217.194.0-255,5738,287920,9,363579
11887,0.068139,172.31.36.0-255,66,287986,9,363579
11888,0.070206,172.217.194.0-255,5738,293724,9,363579
11889,0.070216,172.31.36.0-255,66,293790,9,363579
11890,0.072316,172.217.194.0-255,5738,299528,9,363579
11891,0.07233,172.31.36.0-255,66,299594,9,363579
11892,0.074419,172.217.194.0-255,5738,305332,9,363579
11893,0.074432,172.31.36.0-255,66,305398,9,363579
11894,0.076137,172.31.36.0-255,172,305570,9,363579
11895,0.076171,172.31.36.0-255,1118,306688,9,363579
11896,0.076244,172.31.36.0-255,1514,308202,9,363579
11897,0.076246,172.31.36.0-255,780,308982,9,363579
11898,0.076494,172.217.194.0-255,5738,314720,9,363579
11899,0.076501,172.31.36.0-255,66,314786,9,363579
11900,0.077686,104.244.42.0-255,66,314852,9,363579
11901,0.077695,104.244.42.0-255,66,314918,9,363579
11902,0.077787,104.244.42.0-255,66,314984,9,363579
11903,0.078595,172.217.194.0-255,5738,320722,9,363579
11904,0.078604,172.31.36.0-255,66,320788,9,363579
11905,0.080657,172.217.194.0-255,5738,326526,9,363579
11906,0.080664,172.31.36.0-255,66,326592,9,363579
11907,0.082736,172.217.194.0-255,2902,329494,9,363579
11908,0.082745,172.31.36.0-255,66,329560,9,363579
11909,0.082777,172.217.194.0-255,2902,332462,9,363579
11910,0.08278,172.31.36.0-255,66,332528,9,363579
11911,0.084835,172.217.194.0-255,5738,338266,9,363579
11912,0.084844,172.31.36.0-255,66,338332,9,363579
11913,0.086918,172.217.194.0-255,5738,344070,9,363579
11914,0.086928,172.31.36.0-255,66,344136,9,363579
11915,0.088992,172.217.194.0-255,5738,349874,9,363579
11916,0.089,172.31.36.0-255,66,349940,9,363579
11917,0.091072,172.217.194.0-255,5738,355678,9,363579
11918,0.091079,172.31.36.0-255,66,355744,9,363579
11919,0.093157,172.217.194.0-255,5738,361482,9,363579
11920,0.093162,172.31.36.0-255,66,361548,9,363579
11921,0.095209,172.217.194.0-255,1794,363342,9,363579
11922,0.095216,172.31.36.0-255,66,363408,9,363579
11923,0.095394,172.31.36.0-255,105,363513,9,363579
11924,0.097408,172.217.194.0-255,66,363579,9,363579
11925,0.0,74.125.130.0-255,153,153,9,375021
11926,2.3e-05,172.31.36.0-255,66,219,9,375021
11927,3.1e-05,74.125.130.0-255,1484,1703,9,375021
11928,3.5e-05,172.31.36.0-255,66,1769,9,375021
11929,4.1e-05,74.125.130.0-255,2902,4671,9,375021
11930,4.3e-05,172.31.36.0-255,66,4737,9,375021
11931,4.9e-05,74.125.130.0-255,4320,9057,9,375021
11932,5.1e-05,172.31.36.0-255,66,9123,9,375021
11933,6.4e-05,172.31.36.0-255,66,9189,9,375021
11934,7.2e-05,74.125.130.0-255,7156,16345,9,375021
11935,7.5e-05,172.31.36.0-255,66,16411,9,375021
11936,0.000125,74.125.130.0-255,5379,21790,9,375021
11937,0.000128,172.31.36.0-255,66,21856,9,375021
11938,0.000251,74.125.130.0-255,1484,23340,9,375021
11939,0.000255,172.31.36.0-255,66,23406,9,375021
11940,0.000259,74.125.130.0-255,1484,24890,9,375021
11941,0.000262,172.31.36.0-255,66,24956,9,375021
11942,0.000276,74.125.130.0-255,1484,26440,9,375021
11943,0.000278,172.31.36.0-255,66,26506,9,375021
11944,0.000285,74.125.130.0-255,5738,32244,9,375021
11945,0.000288,172.31.36.0-255,66,32310,9,375021
11946,0.000306,74.125.130.0-255,4320,36630,9,375021
11947,0.000308,172.31.36.0-255,66,36696,9,375021
11948,0.000326,74.125.130.0-255,6797,43493,9,375021
11949,0.000329,172.31.36.0-255,66,43559,9,375021
11950,0.00034,172.31.36.0-255,66,43625,9,375021
11951,0.000357,74.125.130.0-255,2902,46527,9,375021
11952,0.000359,172.31.36.0-255,66,46593,9,375021
11953,0.000362,74.125.130.0-255,1446,48039,9,375021
11954,0.000364,172.31.36.0-255,66,48105,9,375021
11955,0.000481,74.125.130.0-255,1484,49589,9,375021
11956,0.000487,74.125.130.0-255,2902,52491,9,375021
11957,0.00049,172.31.36.0-255,66,52557,9,375021
11958,0.000514,74.125.130.0-255,4320,56877,9,375021
11959,0.000517,172.31.36.0-255,66,56943,9,375021
11960,0.000523,74.125.130.0-255,5738,62681,9,375021
11961,0.000526,172.31.36.0-255,66,62747,9,375021
11962,0.000559,172.31.36.0-255,66,62813,9,375021
11963,0.000583,74.125.130.0-255,3961,66774,9,375021
11964,0.000586,172.31.36.0-255,66,66840,9,375021
11965,0.000593,74.125.130.0-255,6797,73637,9,375021
11966,0.000596,172.31.36.0-255,66,73703,9,375021
11967,0.001235,74.125.130.0-255,1484,75187,9,375021
11968,0.001241,74.125.130.0-255,2902,78089,9,375021
11969,0.001245,172.31.36.0-255,66,78155,9,375021
11970,0.001249,74.125.130.0-255,1484,79639,9,375021
11971,0.001271,74.125.130.0-255,4320,83959,9,375021
11972,0.001273,172.31.36.0-255,66,84025,9,375021
11973,0.001281,74.125.130.0-255,7156,91181,9,375021
11974,0.001282,172.31.36.0-255,66,91247,9,375021
11975,0.001293,172.31.36.0-255,66,91313,9,375021
11976,0.001314,74.125.130.0-255,1484,92797,9,375021
11977,0.00134,74.125.130.0-255,6438,99235,9,375021
11978,0.001343,172.31.36.0-255,66,99301,9,375021
11979,0.001484,74.125.130.0-255,1484,100785,9,375021
11980,0.00149,74.125.130.0-255,2902,103687,9,375021
11981,0.001493,172.31.36.0-255,66,103753,9,375021
11982,0.001497,74.125.130.0-255,1484,105237,9,375021
11983,0.001517,74.125.130.0-255,4320,109557,9,375021
11984,0.00152,172.31.36.0-255,66,109623,9,375021
11985,0.001525,74.125.130.0-255,2902,112525,9,375021
11986,0.001526,172.31.36.0-255,66,112591,9,375021
11987,0.001572,74.125.130.0-255,5738,118329,9,375021
11988,0.001575,172.31.36.0-255,66,118395,9,375021
11989,0.001587,172.31.36.0-255,66,118461,9,375021
11990,0.001593,74.125.130.0-255,5020,123481,9,375021
11991,0.001595,172.31.36.0-255,66,123547,9,375021
11992,0.001688,74.125.130.0-255,1484,125031,9,375021
11993,0.001693,74.125.130.0-255,2902,127933,9,375021
11994,0.001696,172.31.36.0-255,66,127999,9,375021
11995,0.0017,74.125.130.0-255,1484,129483,9,375021
11996,0.001723,74.125.130.0-255,4320,133803,9,375021
11997,0.001726,172.31.36.0-255,66,133869,9,375021
11998,0.001731,74.125.130.0-255,2902,136771,9,375021
11999,0.001733,172.31.36.0-255,66,136837,9,375021
12000,0.00174,74.125.130.0-255,4320,141157,9,375021
12001,0.001741,172.31.36.0-255,66,141223,9,375021
12002,0.00177,74.125.130.0-255,5738,146961,9,375021
12003,0.001773,172.31.36.0-255,66,147027,9,375021
12004,0.001781,74.125.130.0-255,7156,154183,9,375021
12005,0.001783,172.31.36.0-255,66,154249,9,375021
12006,0.001805,74.125.130.0-255,3602,157851,9,375021
12007,0.001808,172.31.36.0-255,66,157917,9,375021
12008,0.002006,74.125.130.0-255,1484,159401,9,375021
12009,0.002026,74.125.130.0-255,1484,160885,9,375021
12010,0.002029,172.31.36.0-255,66,160951,9,375021
12011,0.002034,74.125.130.0-255,2902,163853,9,375021
12012,0.002036,172.31.36.0-255,66,163919,9,375021
12013,0.002071,74.125.130.0-255,2902,166821,9,375021
12014,0.002073,172.31.36.0-255,66,166887,9,375021
12015,0.00209,74.125.130.0-255,2902,169789,9,375021
12016,0.002093,172.31.36.0-255,66,169855,9,375021
12017,0.002107,172.31.36.0-255,66,169921,9,375021
12018,0.002113,74.125.130.0-255,5738,175659,9,375021
12019,0.002116,172.31.36.0-255,66,175725,9,375021
12020,0.002122,74.125.130.0-255,3602,179327,9,375021
12021,0.002125,172.31.36.0-255,66,179393,9,375021
12022,0.00435,74.125.130.0-255,4320,183713,9,375021
12023,0.004358,172.31.36.0-255,66,183779,9,375021
12024,0.004381,74.125.130.0-255,1484,185263,9,375021
12025,0.006615,74.125.130.0-255,4320,189583,9,375021
12026,0.006619,172.31.36.0-255,66,189649,9,375021
12027,0.008866,74.125.130.0-255,5738,195387,9,375021
12028,0.008872,172.31.36.0-255,66,195453,9,375021
12029,0.011137,74.125.130.0-255,5738,201191,9,375021
12030,0.011146,172.31.36.0-255,66,201257,9,375021
12031,0.013391,74.125.130.0-255,5738,206995,9,375021
12032,0.013399,172.31.36.0-255,66,207061,9,375021
12033,0.01565,74.125.130.0-255,5738,212799,9,375021
12034,0.015658,172.31.36.0-255,66,212865,9,375021
12035,0.017902,74.125.130.0-255,5738,218603,9,375021
12036,0.017911,172.31.36.0-255,66,218669,9,375021
12037,0.02016,74.125.130.0-255,5738,224407,9,375021
12038,0.02017,172.31.36.0-255,66,224473,9,375021
12039,0.022432,74.125.130.0-255,5738,230211,9,375021
12040,0.02244,172.31.36.0-255,66,230277,9,375021
12041,0.024689,74.125.130.0-255,5738,236015,9,375021
12042,0.024699,172.31.36.0-255,66,236081,9,375021
12043,0.026948,74.125.130.0-255,5738,241819,9,375021
12044,0.026956,172.31.36.0-255,66,241885,9,375021
12045,0.0292,74.125.130.0-255,4320,246205,9,375021
12046,0.029208,172.31.36.0-255,66,246271,9,375021
12047,0.029232,74.125.130.0-255,1484,247755,9,375021
12048,0.031453,74.125.130.0-255,4320,252075,9,375021
12049,0.031461,172.31.36.0-255,66,252141,9,375021
12050,0.033706,74.125.130.0-255,5738,257879,9,375021
12051,0.033715,172.31.36.0-255,66,257945,9,375021
12052,0.035971,74.125.130.0-255,5738,263683,9,375021
12053,0.035978,172.31.36.0-255,66,263749,9,375021
12054,0.038238,74.125.130.0-255,5738,269487,9,375021
12055,0.038246,172.31.36.0-255,66,269553,9,375021
12056,0.040485,74.125.130.0-255,5738,275291,9,375021
12057,0.040493,172.31.36.0-255,66,275357,9,375021
12058,0.042734,74.125.130.0-255,5738,281095,9,375021
12059,0.042742,172.31.36.0-255,66,281161,9,375021
12060,0.044986,74.125.130.0-255,5738,286899,9,375021
12061,0.044998,172.31.36.0-255,66,286965,9,375021
12062,0.047239,74.125.130.0-255,5738,292703,9,375021
12063,0.047249,172.31.36.0-255,66,292769,9,375021
12064,0.049504,74.125.130.0-255,5738,298507,9,375021
12065,0.049512,172.31.36.0-255,66,298573,9,375021
12066,0.05176,74.125.130.0-255,5738,304311,9,375021
12067,0.051769,172.31.36.0-255,66,304377,9,375021
12068,0.052734,172.31.36.0-255,188,304565,9,375021
12069,0.052765,172.31.36.0-255,960,305525,9,375021
12070,0.052845,172.31.36.0-255,1514,307039,9,375021
12071,0.052847,172.31.36.0-255,1514,308553,9,375021
12072,0.052853,172.31.36.0-255,1514,310067,9,375021
12073,0.052854,172.31.36.0-255,1514,311581,9,375021
12074,0.052872,172.31.36.0-255,1514,313095,9,375021
12075,0.052873,172.31.36.0-255,953,314048,9,375021
12076,0.054033,74.125.130.0-255,5738,319786,9,375021
12077,0.05404,172.31.36.0-255,66,319852,9,375021
12078,0.054296,104.244.42.0-255,66,319918,9,375021
12079,0.054329,104.244.42.0-255,66,319984,9,375021
12080,0.054437,104.244.42.0-255,66,320050,9,375021
12081,0.054443,104.244.42.0-255,66,320116,9,375021
12082,0.056285,74.125.130.0-255,2902,323018,9,375021
12083,0.056292,172.31.36.0-255,66,323084,9,375021
12084,0.056313,74.125.130.0-255,2902,325986,9,375021
12085,0.056315,172.31.36.0-255,66,326052,9,375021
12086,0.05854,74.125.130.0-255,5738,331790,9,375021
12087,0.058548,172.31.36.0-255,66,331856,9,375021
12088,0.060788,74.125.130.0-255,5738,337594,9,375021
12089,0.060794,172.31.36.0-255,66,337660,9,375021
12090,0.063099,74.125.130.0-255,5738,343398,9,375021
12091,0.063112,172.31.36.0-255,66,343464,9,375021
12092,0.065402,74.125.130.0-255,5738,349202,9,375021
12093,0.065408,172.31.36.0-255,66,349268,9,375021
12094,0.067646,74.125.130.0-255,5738,355006,9,375021
12095,0.067652,172.31.36.0-255,66,355072,9,375021
12096,0.069926,74.125.130.0-255,5738,360810,9,375021
12097,0.069935,172.31.36.0-255,66,360876,9,375021
12098,0.072191,74.125.130.0-255,5738,366614,9,375021
12099,0.072197,172.31.36.0-255,66,366680,9,375021
12100,0.074436,74.125.130.0-255,5738,372418,9,375021
12101,0.074443,172.31.36.0-255,66,372484,9,375021
12102,0.076671,74.125.130.0-255,2300,374784,9,375021
12103,0.076677,172.31.36.0-255,66,374850,9,375021
12104,0.077191,172.31.36.0-255,105,374955,9,375021
12105,0.079417,74.125.130.0-255,66,375021,9,375021
12106,0.0,172.31.36.0-255,188,188,9,11811
12107,0.000269,172.31.36.0-255,982,1170,9,11811
12108,0.000374,172.31.36.0-255,1514,2684,9,11811
12109,0.000376,172.31.36.0-255,1514,4198,9,11811
12110,0.000377,172.31.36.0-255,1514,5712,9,11811
12111,0.000383,172.31.36.0-255,1514,7226,9,11811
12112,0.000385,172.31.36.0-255,1514,8740,9,11811
12113,0.000386,172.31.36.0-255,1514,10254,9,11811
12114,0.000406,172.31.36.0-255,1293,11547,9,11811
12115,0.00155,104.244.42.0-255,66,11613,9,11811
12116,0.001853,104.244.42.0-255,66,11679,9,11811
12117,0.00205,104.244.42.0-255,66,11745,9,11811
12118,0.002056,104.244.42.0-255,66,11811,9,11811
12119,0.0,172.217.27.0-255,293,293,9,415381
12120,2.4e-05,172.31.36.0-255,66,359,9,415381
12121,3.1e-05,172.217.27.0-255,1484,1843,9,415381
12122,3.5e-05,172.31.36.0-255,66,1909,9,415381
12123,4.1e-05,172.217.27.0-255,2902,4811,9,415381
12124,4.3e-05,172.31.36.0-255,66,4877,9,415381
12125,5e-05,172.217.27.0-255,5738,10615,9,415381
12126,5.3e-05,172.31.36.0-255,66,10681,9,415381
12127,5.9e-05,172.217.27.0-255,3211,13892,9,415381
12128,6.1e-05,172.31.36.0-255,66,13958,9,415381
12129,0.000223,172.217.27.0-255,1484,15442,9,415381
12130,0.000228,172.31.36.0-255,66,15508,9,415381
12131,0.000233,172.217.27.0-255,2902,18410,9,415381
12132,0.000235,172.31.36.0-255,66,18476,9,415381
12133,0.00024,172.217.27.0-255,2902,21378,9,415381
12134,0.000242,172.31.36.0-255,66,21444,9,415381
12135,0.000259,172.217.27.0-255,2902,24346,9,415381
12136,0.000262,172.31.36.0-255,66,24412,9,415381
12137,0.000269,172.217.27.0-255,6797,31209,9,415381
12138,0.000272,172.31.36.0-255,66,31275,9,415381
12139,0.000308,172.217.27.0-255,1484,32759,9,415381
12140,0.00031,172.31.36.0-255,66,32825,9,415381
12141,0.000332,172.217.27.0-255,2902,35727,9,415381
12142,0.000335,172.31.36.0-255,66,35793,9,415381
12143,0.000339,172.217.27.0-255,2902,38695,9,415381
12144,0.000341,172.31.36.0-255,66,38761,9,415381
12145,0.000355,172.217.27.0-255,2902,41663,9,415381
12146,0.000357,172.31.36.0-255,66,41729,9,415381
12147,0.00036,172.217.27.0-255,1484,43213,9,415381
12148,0.000362,172.31.36.0-255,66,43279,9,415381
12149,0.000391,172.217.27.0-255,5379,48658,9,415381
12150,0.000394,172.31.36.0-255,66,48724,9,415381
12151,0.000763,172.217.27.0-255,1484,50208,9,415381
12152,0.000771,172.217.27.0-255,2902,53110,9,415381
12153,0.000775,172.31.36.0-255,66,53176,9,415381
12154,0.00078,172.217.27.0-255,2902,56078,9,415381
12155,0.000801,172.217.27.0-255,2902,58980,9,415381
12156,0.000811,172.31.36.0-255,66,59046,9,415381
12157,0.000823,172.217.27.0-255,5738,64784,9,415381
12158,0.000834,172.217.27.0-255,1455,66239,9,415381
12159,0.000837,172.31.36.0-255,66,66305,9,415381
12160,0.001059,172.31.36.0-255,66,66371,9,415381
12161,0.001272,172.217.27.0-255,114,66485,9,415381
12162,0.001364,172.217.27.0-255,1484,67969,9,415381
12163,0.00137,172.31.36.0-255,66,68035,9,415381
12164,0.001376,172.217.27.0-255,2902,70937,9,415381
12165,0.00138,172.217.27.0-255,1484,72421,9,415381
12166,0.001403,172.217.27.0-255,4320,76741,9,415381
12167,0.001428,172.217.27.0-255,6797,83538,9,415381
12168,0.001462,172.217.27.0-255,4320,87858,9,415381
12169,0.001477,172.217.27.0-255,2902,90760,9,415381
12170,0.001483,172.217.27.0-255,5738,96498,9,415381
12171,0.001522,172.217.27.0-255,3961,100459,9,415381
12172,0.007538,172.31.36.0-255,66,100525,9,415381
12173,0.008844,172.217.27.0-255,1484,102009,9,415381
12174,0.009207,172.217.27.0-255,4320,106329,9,415381
12175,0.009214,172.31.36.0-255,66,106395,9,415381
12176,0.010887,172.217.27.0-255,5738,112133,9,415381
12177,0.012464,172.31.36.0-255,66,112199,9,415381
12178,0.014138,172.217.27.0-255,5738,117937,9,415381
12179,0.014147,172.31.36.0-255,66,118003,9,415381
12180,0.015813,172.217.27.0-255,5738,123741,9,415381
12181,0.015822,172.31.36.0-255,66,123807,9,415381
12182,0.017493,172.217.27.0-255,5738,129545,9,415381
12183,0.017503,172.31.36.0-255,66,129611,9,415381
12184,0.019162,172.217.27.0-255,5738,135349,9,415381
12185,0.01917,172.31.36.0-255,66,135415,9,415381
12186,0.020839,172.217.27.0-255,5738,141153,9,415381
12187,0.020847,172.31.36.0-255,66,141219,9,415381
12188,0.022513,172.217.27.0-255,5738,146957,9,415381
12189,0.022522,172.31.36.0-255,66,147023,9,415381
12190,0.024189,172.217.27.0-255,5738,152761,9,415381
12191,0.0242,172.31.36.0-255,66,152827,9,415381
12192,0.025903,172.217.27.0-255,5738,158565,9,415381
12193,0.025917,172.31.36.0-255,66,158631,9,415381
12194,0.027583,172.217.27.0-255,5738,164369,9,415381
12195,0.027593,172.31.36.0-255,66,164435,9,415381
12196,0.029266,172.217.27.0-255,5738,170173,9,415381
12197,0.029275,172.31.36.0-255,66,170239,9,415381
12198,0.030975,172.217.27.0-255,5738,175977,9,415381
12199,0.030988,172.31.36.0-255,66,176043,9,415381
12200,0.032661,172.217.27.0-255,5738,181781,9,415381
12201,0.032672,172.31.36.0-255,66,181847,9,415381
12202,0.034336,172.217.27.0-255,5738,187585,9,415381
12203,0.034343,172.31.36.0-255,66,187651,9,415381
12204,0.034977,172.31.36.0-255,172,187823,9,415381
12205,0.035009,172.31.36.0-255,1070,188893,9,415381
12206,0.036005,172.217.27.0-255,5738,194631,9,415381
12207,0.036012,172.31.36.0-255,66,194697,9,415381
12208,0.036506,104.244.42.0-255,66,194763,9,415381
12209,0.036553,104.244.42.0-255,66,194829,9,415381
12210,0.037726,172.217.27.0-255,5738,200567,9,415381
12211,0.037733,172.31.36.0-255,66,200633,9,415381
12212,0.039398,172.217.27.0-255,5738,206371,9,415381
12213,0.039405,172.31.36.0-255,66,206437,9,415381
12214,0.041077,172.217.27.0-255,5738,212175,9,415381
12215,0.041084,172.31.36.0-255,66,212241,9,415381
12216,0.042756,172.217.27.0-255,5738,217979,9,415381
12217,0.042763,172.31.36.0-255,66,218045,9,415381
12218,0.044432,172.217.27.0-255,5738,223783,9,415381
12219,0.044438,172.31.36.0-255,66,223849,9,415381
12220,0.046118,172.217.27.0-255,5738,229587,9,415381
12221,0.046124,172.31.36.0-255,66,229653,9,415381
12222,0.047791,172.217.27.0-255,5738,235391,9,415381
12223,0.0478,172.31.36.0-255,66,235457,9,415381
12224,0.049471,172.217.27.0-255,5738,241195,9,415381
12225,0.049477,172.31.36.0-255,66,241261,9,415381
12226,0.051141,172.217.27.0-255,5738,246999,9,415381
12227,0.051148,172.31.36.0-255,66,247065,9,415381
12228,0.052812,172.217.27.0-255,5738,252803,9,415381
12229,0.052818,172.31.36.0-255,66,252869,9,415381
12230,0.054485,172.217.27.0-255,5738,258607,9,415381
12231,0.054491,172.31.36.0-255,66,258673,9,415381
12232,0.056164,172.217.27.0-255,5738,264411,9,415381
12233,0.056171,172.31.36.0-255,66,264477,9,415381
12234,0.057836,172.217.27.0-255,5738,270215,9,415381
12235,0.057843,172.31.36.0-255,66,270281,9,415381
12236,0.059522,172.217.27.0-255,5738,276019,9,415381
12237,0.059529,172.31.36.0-255,66,276085,9,415381
12238,0.061209,172.217.27.0-255,5738,281823,9,415381
12239,0.061216,172.31.36.0-255,66,281889,9,415381
12240,0.062891,172.217.27.0-255,5738,287627,9,415381
12241,0.062898,172.31.36.0-255,66,287693,9,415381
12242,0.06457,172.217.27.0-255,5738,293431,9,415381
12243,0.064576,172.31.36.0-255,66,293497,9,415381
12244,0.06626,172.217.27.0-255,5738,299235,9,415381
12245,0.066267,172.31.36.0-255,66,299301,9,415381
12246,0.067953,172.217.27.0-255,5738,305039,9,415381
12247,0.06796,172.31.36.0-255,66,305105,9,415381
12248,0.06964,172.217.27.0-255,5738,310843,9,415381
12249,0.069658,172.31.36.0-255,66,310909,9,415381
12250,0.071326,172.217.27.0-255,5738,316647,9,415381
12251,0.071332,172.31.36.0-255,66,316713,9,415381
12252,0.072999,172.217.27.0-255,5738,322451,9,415381
12253,0.073006,172.31.36.0-255,66,322517,9,415381
12254,0.074668,172.217.27.0-255,5738,328255,9,415381
12255,0.074675,172.31.36.0-255,66,328321,9,415381
12256,0.076346,172.217.27.0-255,5738,334059,9,415381
12257,0.076353,172.31.36.0-255,66,334125,9,415381
12258,0.07804,172.217.27.0-255,5738,339863,9,415381
12259,0.078046,172.31.36.0-255,66,339929,9,415381
12260,0.079722,172.217.27.0-255,5738,345667,9,415381
12261,0.079728,172.31.36.0-255,66,345733,9,415381
12262,0.0814,172.217.27.0-255,5738,351471,9,415381
12263,0.081407,172.31.36.0-255,66,351537,9,415381
12264,0.083086,172.217.27.0-255,5738,357275,9,415381
12265,0.083092,172.31.36.0-255,66,357341,9,415381
12266,0.084776,172.217.27.0-255,5738,363079,9,415381
12267,0.084782,172.31.36.0-255,66,363145,9,415381
12268,0.086454,172.217.27.0-255,5738,368883,9,415381
12269,0.08646,172.31.36.0-255,66,368949,9,415381
12270,0.08813,172.217.27.0-255,5738,374687,9,415381
12271,0.088137,172.31.36.0-255,66,374753,9,415381
12272,0.08981,172.217.27.0-255,5738,380491,9,415381
12273,0.089818,172.31.36.0-255,66,380557,9,415381
12274,0.091494,172.217.27.0-255,5738,386295,9,415381
12275,0.091501,172.31.36.0-255,66,386361,9,415381
12276,0.093202,172.217.27.0-255,5738,392099,9,415381
12277,0.093208,172.31.36.0-255,66,392165,9,415381
12278,0.094877,172.217.27.0-255,5738,397903,9,415381
12279,0.094883,172.31.36.0-255,66,397969,9,415381
12280,0.096558,172.217.27.0-255,5738,403707,9,415381
12281,0.096565,172.31.36.0-255,66,403773,9,415381
12282,0.098242,172.217.27.0-255,5738,409511,9,415381
12283,0.09825,172.31.36.0-255,66,409577,9,415381
12284,0.099956,172.217.27.0-255,5738,415315,9,415381
12285,0.099964,172.31.36.0-255,66,415381,9,415381
12286,0.0,172.217.160.0-255,152,152,9,408832
12287,2e-05,172.31.36.0-255,66,218,9,408832
12288,2.7e-05,172.217.160.0-255,1484,1702,9,408832
12289,3.2e-05,172.31.36.0-255,66,1768,9,408832
12290,3.7e-05,172.217.160.0-255,2902,4670,9,408832
12291,4.2e-05,172.31.36.0-255,66,4736,9,408832
12292,5e-05,172.217.160.0-255,7156,11892,9,408832
12293,5.3e-05,172.31.36.0-255,66,11958,9,408832
12294,5.8e-05,172.217.160.0-255,1985,13943,9,408832
12295,6.1e-05,172.31.36.0-255,66,14009,9,408832
12296,0.000665,172.217.160.0-255,1484,15493,9,408832
12297,0.000673,172.31.36.0-255,66,15559,9,408832
12298,0.000683,172.217.160.0-255,2902,18461,9,408832
12299,0.000686,172.31.36.0-255,66,18527,9,408832
12300,0.000693,172.217.160.0-255,5738,24265,9,408832
12301,0.000695,172.31.36.0-255,66,24331,9,408832
12302,0.000729,172.217.160.0-255,2902,27233,9,408832
12303,0.000732,172.31.36.0-255,66,27299,9,408832
12304,0.000753,172.217.160.0-255,3961,31260,9,408832
12305,0.000756,172.31.36.0-255,66,31326,9,408832
12306,0.000764,172.217.160.0-255,7156,38482,9,408832
12307,0.000767,172.31.36.0-255,66,38548,9,408832
12308,0.00079,172.217.160.0-255,2902,41450,9,408832
12309,0.000792,172.31.36.0-255,66,41516,9,408832
12310,0.00081,172.217.160.0-255,6797,48313,9,408832
12311,0.000813,172.31.36.0-255,66,48379,9,408832
12312,0.001429,172.217.160.0-255,1484,49863,9,408832
12313,0.001435,172.31.36.0-255,66,49929,9,408832
12314,0.001444,172.217.160.0-255,2902,52831,9,408832
12315,0.001446,172.31.36.0-255,66,52897,9,408832
12316,0.00145,172.217.160.0-255,1484,54381,9,408832
12317,0.001453,172.31.36.0-255,66,54447,9,408832
12318,0.001476,172.217.160.0-255,4320,58767,9,408832
12319,0.001479,172.31.36.0-255,66,58833,9,408832
12320,0.001486,172.217.160.0-255,5738,64571,9,408832
12321,0.001488,172.31.36.0-255,66,64637,9,408832
12322,0.001523,172.217.160.0-255,1705,66342,9,408832
12323,0.001526,172.31.36.0-255,66,66408,9,408832
12324,0.001553,172.217.160.0-255,2902,69310,9,408832
12325,0.001555,172.31.36.0-255,66,69376,9,408832
12326,0.001562,172.217.160.0-255,7156,76532,9,408832
12327,0.001564,172.31.36.0-255,66,76598,9,408832
12328,0.001589,172.217.160.0-255,1484,78082,9,408832
12329,0.001634,172.31.36.0-255,66,78148,9,408832
12330,0.001663,172.217.160.0-255,1484,79632,9,408832
12331,0.001691,172.31.36.0-255,66,79698,9,408832
12332,0.003314,172.217.160.0-255,5738,85436,9,408832
12333,0.00332,172.31.36.0-255,66,85502,9,408832
12334,0.004947,172.217.160.0-255,5738,91240,9,408832
12335,0.004953,172.31.36.0-255,66,91306,9,408832
12336,0.006587,172.217.160.0-255,5738,97044,9,408832
12337,0.006595,172.31.36.0-255,66,97110,9,408832
12338,0.008231,172.217.160.0-255,5738,102848,9,408832
12339,0.008239,172.31.36.0-255,66,102914,9,408832
12340,0.009884,172.217.160.0-255,5738,108652,9,408832
12341,0.009892,172.31.36.0-255,66,108718,9,408832
12342,0.011511,172.217.160.0-255,5738,114456,9,408832
12343,0.011517,172.31.36.0-255,66,114522,9,408832
12344,0.013141,172.217.160.0-255,5738,120260,9,408832
12345,0.013148,172.31.36.0-255,66,120326,9,408832
12346,0.014787,172.217.160.0-255,5738,126064,9,408832
12347,0.014796,172.31.36.0-255,66,126130,9,408832
12348,0.016426,172.217.160.0-255,5738,131868,9,408832
12349,0.016435,172.31.36.0-255,66,131934,9,408832
12350,0.018061,172.217.160.0-255,5738,137672,9,408832
12351,0.018068,172.31.36.0-255,66,137738,9,408832
12352,0.019694,172.217.160.0-255,5738,143476,9,408832
12353,0.019702,172.31.36.0-255,66,143542,9,408832
12354,0.021331,172.217.160.0-255,5738,149280,9,408832
12355,0.021342,172.31.36.0-255,66,149346,9,408832
12356,0.02297,172.217.160.0-255,5738,155084,9,408832
12357,0.022977,172.31.36.0-255,66,155150,9,408832
12358,0.024602,172.217.160.0-255,5738,160888,9,408832
12359,0.024608,172.31.36.0-255,66,160954,9,408832
12360,0.024663,172.31.36.0-255,172,161126,9,408832
12361,0.024692,172.31.36.0-255,1116,162242,9,408832
12362,0.024802,172.31.36.0-255,1514,163756,9,408832
12363,0.024804,172.31.36.0-255,1514,165270,9,408832
12364,0.024809,172.31.36.0-255,1514,166784,9,408832
12365,0.02481,172.31.36.0-255,359,167143,9,408832
12366,0.026237,104.244.42.0-255,66,167209,9,408832
12367,0.026246,104.244.42.0-255,66,167275,9,408832
12368,0.026251,172.217.160.0-255,5738,173013,9,408832
12369,0.026257,172.31.36.0-255,66,173079,9,408832
12370,0.026381,104.244.42.0-255,66,173145,9,408832
12371,0.026387,104.244.42.0-255,66,173211,9,408832
12372,0.027879,172.217.160.0-255,5738,178949,9,408832
12373,0.027887,172.31.36.0-255,66,179015,9,408832
12374,0.02952,172.217.160.0-255,5738,184753,9,408832
12375,0.029527,172.31.36.0-255,66,184819,9,408832
12376,0.031161,172.217.160.0-255,5738,190557,9,408832
12377,0.031168,172.31.36.0-255,66,190623,9,408832
12378,0.032803,172.217.160.0-255,5738,196361,9,408832
12379,0.03281,172.31.36.0-255,66,196427,9,408832
12380,0.03445,172.217.160.0-255,5738,202165,9,408832
12381,0.034457,172.31.36.0-255,66,202231,9,408832
12382,0.036078,172.217.160.0-255,5738,207969,9,408832
12383,0.036085,172.31.36.0-255,66,208035,9,408832
12384,0.037711,172.217.160.0-255,5738,213773,9,408832
12385,0.037718,172.31.36.0-255,66,213839,9,408832
12386,0.03938,172.217.160.0-255,5738,219577,9,408832
12387,0.039387,172.31.36.0-255,66,219643,9,408832
12388,0.041026,172.217.160.0-255,5738,225381,9,408832
12389,0.041033,172.31.36.0-255,66,225447,9,408832
12390,0.042666,172.217.160.0-255,5738,231185,9,408832
12391,0.042672,172.31.36.0-255,66,231251,9,408832
12392,0.044315,172.217.160.0-255,5738,236989,9,408832
12393,0.044323,172.31.36.0-255,66,237055,9,408832
12394,0.045958,172.217.160.0-255,5738,242793,9,408832
12395,0.045965,172.31.36.0-255,66,242859,9,408832
12396,0.047592,172.217.160.0-255,5738,248597,9,408832
12397,0.047599,172.31.36.0-255,66,248663,9,408832
12398,0.049273,172.217.160.0-255,5738,254401,9,408832
12399,0.049279,172.31.36.0-255,66,254467,9,408832
12400,0.05091,172.217.160.0-255,5738,260205,9,408832
12401,0.050918,172.31.36.0-255,66,260271,9,408832
12402,0.052546,172.217.160.0-255,5738,266009,9,408832
12403,0.052554,172.31.36.0-255,66,266075,9,408832
12404,0.054232,172.217.160.0-255,5738,271813,9,408832
12405,0.054239,172.31.36.0-255,66,271879,9,408832
12406,0.055893,172.217.160.0-255,5738,277617,9,408832
12407,0.0559,172.31.36.0-255,66,277683,9,408832
12408,0.05753,172.217.160.0-255,5738,283421,9,408832
12409,0.057537,172.31.36.0-255,66,283487,9,408832
12410,0.059164,172.217.160.0-255,5738,289225,9,408832
12411,0.05917,172.31.36.0-255,66,289291,9,408832
12412,0.060805,172.217.160.0-255,5738,295029,9,408832
12413,0.060814,172.31.36.0-255,66,295095,9,408832
12414,0.062441,172.217.160.0-255,5738,300833,9,408832
12415,0.062448,172.31.36.0-255,66,300899,9,408832
12416,0.06408,172.217.160.0-255,5738,306637,9,408832
12417,0.064087,172.31.36.0-255,66,306703,9,408832
12418,0.06572,172.217.160.0-255,5738,312441,9,408832
12419,0.065726,172.31.36.0-255,66,312507,9,408832
12420,0.067361,172.217.160.0-255,5738,318245,9,408832
12421,0.067368,172.31.36.0-255,66,318311,9,408832
12422,0.069002,172.217.160.0-255,5738,324049,9,408832
12423,0.069008,172.31.36.0-255,66,324115,9,408832
12424,0.070643,172.217.160.0-255,5738,329853,9,408832
12425,0.070651,172.31.36.0-255,66,329919,9,408832
12426,0.07228,172.217.160.0-255,5738,335657,9,408832
12427,0.072287,172.31.36.0-255,66,335723,9,408832
12428,0.073919,172.217.160.0-255,5738,341461,9,408832
12429,0.073925,172.31.36.0-255,66,341527,9,408832
12430,0.075551,172.217.160.0-255,5738,347265,9,408832
12431,0.075557,172.31.36.0-255,66,347331,9,408832
12432,0.077187,172.217.160.0-255,5738,353069,9,408832
12433,0.077194,172.31.36.0-255,66,353135,9,408832
12434,0.078832,172.217.160.0-255,5738,358873,9,408832
12435,0.078839,172.31.36.0-255,66,358939,9,408832
12436,0.080465,172.217.160.0-255,5738,364677,9,408832
12437,0.080471,172.31.36.0-255,66,364743,9,408832
12438,0.082103,172.217.160.0-255,5738,370481,9,408832
12439,0.08211,172.31.36.0-255,66,370547,9,408832
12440,0.083739,172.217.160.0-255,5738,376285,9,408832
12441,0.083745,172.31.36.0-255,66,376351,9,408832
12442,0.08538,172.217.160.0-255,5738,382089,9,408832
12443,0.085387,172.31.36.0-255,66,382155,9,408832
12444,0.087018,172.217.160.0-255,5738,387893,9,408832
12445,0.087024,172.31.36.0-255,66,387959,9,408832
12446,0.088658,172.217.160.0-255,5738,393697,9,408832
12447,0.088665,172.31.36.0-255,66,393763,9,408832
12448,0.090301,172.217.160.0-255,5738,399501,9,408832
12449,0.09031,172.31.36.0-255,66,399567,9,408832
12450,0.091939,172.217.160.0-255,5738,405305,9,408832
12451,0.091945,172.31.36.0-255,66,405371,9,408832
12452,0.093591,172.217.160.0-255,3224,408595,9,408832
12453,0.093598,172.31.36.0-255,66,408661,9,408832
12454,0.093756,172.31.36.0-255,105,408766,9,408832
12455,0.095371,172.217.160.0-255,66,408832,9,408832
12456,0.0,172.31.36.0-255,105,105,9,276
12457,0.001771,157.240.13.0-255,105,210,9,276
12458,0.001781,172.31.36.0-255,66,276,9,276
12459,0.0,172.31.36.0-255,105,105,9,276
12460,0.001783,157.240.13.0-255,105,210,9,276
12461,0.001795,172.31.36.0-255,66,276,9,276
12462,0.0,172.31.36.0-255,105,105,9,459
12463,0.000218,172.31.36.0-255,90,195,9,459
12464,0.000228,172.31.36.0-255,66,261,9,459
12465,0.002552,74.125.130.0-255,66,327,9,459
12466,0.002579,74.125.130.0-255,66,393,9,459
12467,0.0026,172.31.36.0-255,66,459,9,459
12468,0.0,74.125.130.0-255,143,143,9,389172
12469,3e-05,172.31.36.0-255,66,209,9,389172
12470,3.7e-05,74.125.130.0-255,1484,1693,9,389172
12471,4.2e-05,172.31.36.0-255,66,1759,9,389172
12472,4.7e-05,74.125.130.0-255,2902,4661,9,389172
12473,4.9e-05,172.31.36.0-255,66,4727,9,389172
12474,5.5e-05,74.125.130.0-255,4320,9047,9,389172
12475,5.7e-05,172.31.36.0-255,66,9113,9,389172
12476,6.3e-05,74.125.130.0-255,4320,13433,9,389172
12477,6.6e-05,172.31.36.0-255,66,13499,9,389172
12478,8.5e-05,74.125.130.0-255,613,14112,9,389172
12479,8.8e-05,172.31.36.0-255,66,14178,9,389172
12480,0.00011,74.125.130.0-255,1484,15662,9,389172
12481,0.000113,172.31.36.0-255,66,15728,9,389172
12482,0.000125,74.125.130.0-255,2902,18630,9,389172
12483,0.000128,172.31.36.0-255,66,18696,9,389172
12484,0.000148,74.125.130.0-255,5738,24434,9,389172
12485,0.000152,172.31.36.0-255,66,24500,9,389172
12486,0.000174,74.125.130.0-255,5738,30238,9,389172
12487,0.000176,172.31.36.0-255,66,30304,9,389172
12488,0.000198,74.125.130.0-255,1125,31429,9,389172
12489,0.0002,172.31.36.0-255,66,31495,9,389172
12490,0.000204,74.125.130.0-255,1484,32979,9,389172
12491,0.000206,172.31.36.0-255,66,33045,9,389172
12492,0.000223,74.125.130.0-255,4320,37365,9,389172
12493,0.000225,172.31.36.0-255,66,37431,9,389172
12494,0.000254,172.31.36.0-255,66,37497,9,389172
12495,0.000279,74.125.130.0-255,1125,38622,9,389172
12496,0.000282,172.31.36.0-255,66,38688,9,389172
12497,0.000421,74.125.130.0-255,1484,40172,9,389172
12498,0.000425,172.31.36.0-255,66,40238,9,389172
12499,0.00043,74.125.130.0-255,2902,43140,9,389172
12500,0.000437,172.31.36.0-255,66,43206,9,389172
12501,0.000448,74.125.130.0-255,2902,46108,9,389172
12502,0.000454,74.125.130.0-255,4320,50428,9,389172
12503,0.000475,172.31.36.0-255,66,50494,9,389172
12504,0.000497,74.125.130.0-255,4320,54814,9,389172
12505,0.000502,172.31.36.0-255,66,54880,9,389172
12506,0.000519,74.125.130.0-255,1421,56301,9,389172
12507,0.000816,172.31.36.0-255,66,56367,9,389172
12508,0.000822,74.125.130.0-255,381,56748,9,389172
12509,0.000835,172.31.36.0-255,66,56814,9,389172
12510,0.001027,74.125.130.0-255,1484,58298,9,389172
12511,0.001036,74.125.130.0-255,2902,61200,9,389172
12512,0.00104,74.125.130.0-255,2902,64102,9,389172
12513,0.001058,74.125.130.0-255,2902,67004,9,389172
12514,0.001063,74.125.130.0-255,4320,71324,9,389172
12515,0.001106,74.125.130.0-255,1484,72808,9,389172
12516,0.001127,74.125.130.0-255,3961,76769,9,389172
12517,0.001134,74.125.130.0-255,5738,82507,9,389172
12518,0.001157,74.125.130.0-255,4320,86827,9,389172
12519,0.00117,74.125.130.0-255,3961,90788,9,389172
12520,0.001424,74.125.130.0-255,1484,92272,9,389172
12521,0.001431,74.125.130.0-255,2902,95174,9,389172
12522,0.001454,74.125.130.0-255,5738,100912,9,389172
12523,0.001457,74.125.130.0-255,1484,102396,9,389172
12524,0.001473,74.125.130.0-255,4320,106716,9,389172
12525,0.001476,74.125.130.0-255,1484,108200,9,389172
12526,0.001495,74.125.130.0-255,5738,113938,9,389172
12527,0.001508,74.125.130.0-255,2902,116840,9,389172
12528,0.001746,74.125.130.0-255,1484,118324,9,389172
12529,0.00175,74.125.130.0-255,1484,119808,9,389172
12530,0.001762,74.125.130.0-255,1484,121292,9,389172
12531,0.001766,74.125.130.0-255,2902,124194,9,389172
12532,0.001776,74.125.130.0-255,2902,127096,9,389172
12533,0.001798,74.125.130.0-255,5738,132834,9,389172
12534,0.001815,74.125.130.0-255,7156,139990,9,389172
12535,0.001855,74.125.130.0-255,2902,142892,9,389172
12536,0.001873,74.125.130.0-255,7156,150048,9,389172
12537,0.001876,74.125.130.0-255,766,150814,9,389172
12538,0.001892,74.125.130.0-255,1484,152298,9,389172
12539,0.001898,74.125.130.0-255,4320,156618,9,389172
12540,0.0019,74.125.130.0-255,1484,158102,9,389172
12541,0.001914,74.125.130.0-255,2902,161004,9,389172
12542,0.001936,74.125.130.0-255,5738,166742,9,389172
12543,0.00194,74.125.130.0-255,2902,169644,9,389172
12544,0.001966,74.125.130.0-255,6438,176082,9,389172
12545,0.006635,172.31.36.0-255,66,176148,9,389172
12546,0.009216,74.125.130.0-255,5738,181886,9,389172
12547,0.009224,172.31.36.0-255,66,181952,9,389172
12548,0.011779,74.125.130.0-255,5738,187690,9,389172
12549,0.011787,172.31.36.0-255,66,187756,9,389172
12550,0.014359,74.125.130.0-255,5738,193494,9,389172
12551,0.014371,172.31.36.0-255,66,193560,9,389172
12552,0.016939,74.125.130.0-255,5738,199298,9,389172
12553,0.016946,172.31.36.0-255,66,199364,9,389172
12554,0.019511,74.125.130.0-255,5738,205102,9,389172
12555,0.019518,172.31.36.0-255,66,205168,9,389172
12556,0.022073,74.125.130.0-255,5738,210906,9,389172
12557,0.022079,172.31.36.0-255,66,210972,9,389172
12558,0.024641,74.125.130.0-255,5738,216710,9,389172
12559,0.024649,172.31.36.0-255,66,216776,9,389172
12560,0.027213,74.125.130.0-255,5738,222514,9,389172
12561,0.027222,172.31.36.0-255,66,222580,9,389172
12562,0.029627,172.31.36.0-255,172,222752,9,389172
12563,0.029659,172.31.36.0-255,1070,223822,9,389172
12564,0.029793,74.125.130.0-255,5738,229560,9,389172
12565,0.0298,172.31.36.0-255,66,229626,9,389172
12566,0.031155,104.244.42.0-255,66,229692,9,389172
12567,0.031201,104.244.42.0-255,66,229758,9,389172
12568,0.032364,74.125.130.0-255,5738,235496,9,389172
12569,0.03237,172.31.36.0-255,66,235562,9,389172
12570,0.034922,74.125.130.0-255,5738,241300,9,389172
12571,0.034928,172.31.36.0-255,66,241366,9,389172
12572,0.037476,74.125.130.0-255,5738,247104,9,389172
12573,0.037481,172.31.36.0-255,66,247170,9,389172
12574,0.040032,74.125.130.0-255,5738,252908,9,389172
12575,0.040038,172.31.36.0-255,66,252974,9,389172
12576,0.042595,74.125.130.0-255,5738,258712,9,389172
12577,0.042617,172.31.36.0-255,66,258778,9,389172
12578,0.045168,74.125.130.0-255,5738,264516,9,389172
12579,0.045173,172.31.36.0-255,66,264582,9,389172
12580,0.047731,74.125.130.0-255,5738,270320,9,389172
12581,0.047736,172.31.36.0-255,66,270386,9,389172
12582,0.050282,74.125.130.0-255,2902,273288,9,389172
12583,0.050287,172.31.36.0-255,66,273354,9,389172
12584,0.050313,74.125.130.0-255,2902,276256,9,389172
12585,0.05033,172.31.36.0-255,66,276322,9,389172
12586,0.052832,74.125.130.0-255,2902,279224,9,389172
12587,0.052837,172.31.36.0-255,66,279290,9,389172
12588,0.052886,74.125.130.0-255,2902,282192,9,389172
12589,0.0529,172.31.36.0-255,66,282258,9,389172
12590,0.055395,74.125.130.0-255,2902,285160,9,389172
12591,0.0554,172.31.36.0-255,66,285226,9,389172
12592,0.055442,74.125.130.0-255,2902,288128,9,389172
12593,0.055454,172.31.36.0-255,66,288194,9,389172
12594,0.057949,74.125.130.0-255,2902,291096,9,389172
12595,0.057954,172.31.36.0-255,66,291162,9,389172
12596,0.057997,74.125.130.0-255,2902,294064,9,389172
12597,0.058003,172.31.36.0-255,66,294130,9,389172
12598,0.060504,74.125.130.0-255,2902,297032,9,389172
12599,0.060509,172.31.36.0-255,66,297098,9,389172
12600,0.060548,74.125.130.0-255,2902,300000,9,389172
12601,0.060572,172.31.36.0-255,66,300066,9,389172
12602,0.063064,74.125.130.0-255,2902,302968,9,389172
12603,0.06307,172.31.36.0-255,66,303034,9,389172
12604,0.063113,74.125.130.0-255,2902,305936,9,389172
12605,0.063128,172.31.36.0-255,66,306002,9,389172
12606,0.065627,74.125.130.0-255,2902,308904,9,389172
12607,0.065632,172.31.36.0-255,66,308970,9,389172
12608,0.065676,74.125.130.0-255,2902,311872,9,389172
12609,0.065691,172.31.36.0-255,66,311938,9,389172
12610,0.06818,74.125.130.0-255,2902,314840,9,389172
12611,0.068185,172.31.36.0-255,66,314906,9,389172
12612,0.068264,74.125.130.0-255,2902,317808,9,389172
12613,0.068271,172.31.36.0-255,66,317874,9,389172
12614,0.070745,74.125.130.0-255,2902,320776,9,389172
12615,0.07075,172.31.36.0-255,66,320842,9,389172
12616,0.070805,74.125.130.0-255,2902,323744,9,389172
12617,0.070838,172.31.36.0-255,66,323810,9,389172
12618,0.073302,74.125.130.0-255,2902,326712,9,389172
12619,0.073308,172.31.36.0-255,66,326778,9,389172
12620,0.073383,74.125.130.0-255,2902,329680,9,389172
12621,0.073398,172.31.36.0-255,66,329746,9,389172
12622,0.075971,74.125.130.0-255,2902,332648,9,389172
12623,0.075976,172.31.36.0-255,66,332714,9,389172
12624,0.076026,74.125.130.0-255,2902,335616,9,389172
12625,0.076036,172.31.36.0-255,66,335682,9,389172
12626,0.078531,74.125.130.0-255,2902,338584,9,389172
12627,0.078536,172.31.36.0-255,66,338650,9,389172
12628,0.078575,74.125.130.0-255,1484,340134,9,389172
12629,0.078587,74.125.130.0-255,1484,341618,9,389172
12630,0.078614,172.31.36.0-255,66,341684,9,389172
12631,0.081097,74.125.130.0-255,2902,344586,9,389172
12632,0.081102,172.31.36.0-255,66,344652,9,389172
12633,0.081168,74.125.130.0-255,2902,347554,9,389172
12634,0.081181,172.31.36.0-255,66,347620,9,389172
12635,0.083645,74.125.130.0-255,2902,350522,9,389172
12636,0.08365,172.31.36.0-255,66,350588,9,389172
12637,0.083727,74.125.130.0-255,2902,353490,9,389172
12638,0.083748,172.31.36.0-255,66,353556,9,389172
12639,0.086196,74.125.130.0-255,2902,356458,9,389172
12640,0.086201,172.31.36.0-255,66,356524,9,389172
12641,0.08629,74.125.130.0-255,2902,359426,9,389172
12642,0.086295,172.31.36.0-255,66,359492,9,389172
12643,0.088752,74.125.130.0-255,2902,362394,9,389172
12644,0.088758,172.31.36.0-255,66,362460,9,389172
12645,0.088851,74.125.130.0-255,2902,365362,9,389172
12646,0.088857,172.31.36.0-255,66,365428,9,389172
12647,0.091312,74.125.130.0-255,2902,368330,9,389172
12648,0.091317,172.31.36.0-255,66,368396,9,389172
12649,0.091408,74.125.130.0-255,2902,371298,9,389172
12650,0.091415,172.31.36.0-255,66,371364,9,389172
12651,0.093891,74.125.130.0-255,2902,374266,9,389172
12652,0.093897,172.31.36.0-255,66,374332,9,389172
12653,0.093964,74.125.130.0-255,2902,377234,9,389172
12654,0.093977,172.31.36.0-255,66,377300,9,389172
12655,0.096596,74.125.130.0-255,2902,380202,9,389172
12656,0.0966,172.31.36.0-255,66,380268,9,389172
12657,0.096687,74.125.130.0-255,2902,383170,9,389172
12658,0.096691,172.31.36.0-255,66,383236,9,389172
12659,0.099188,74.125.130.0-255,2902,386138,9,389172
12660,0.099193,172.31.36.0-255,66,386204,9,389172
12661,0.099243,74.125.130.0-255,2902,389106,9,389172
12662,0.099251,172.31.36.0-255,66,389172,9,389172
12663,0.0,172.217.194.0-255,153,153,9,183318
12664,1.9e-05,172.31.36.0-255,66,219,9,183318
12665,2.6e-05,172.217.194.0-255,1484,1703,9,183318
12666,3.1e-05,172.31.36.0-255,66,1769,9,183318
12667,3.6e-05,172.217.194.0-255,2902,4671,9,183318
12668,4.8e-05,172.31.36.0-255,66,4737,9,183318
12669,5.6e-05,172.217.194.0-255,7156,11893,9,183318
12670,6e-05,172.31.36.0-255,66,11959,9,183318
12671,8.5e-05,172.217.194.0-255,2082,14041,9,183318
12672,8.8e-05,172.31.36.0-255,66,14107,9,183318
12673,0.000907,172.217.194.0-255,1484,15591,9,183318
12674,0.000915,172.31.36.0-255,66,15657,9,183318
12675,0.000926,172.217.194.0-255,2902,18559,9,183318
12676,0.000928,172.31.36.0-255,66,18625,9,183318
12677,0.000941,172.217.194.0-255,5738,24363,9,183318
12678,0.000944,172.31.36.0-255,66,24429,9,183318
12679,0.000979,172.217.194.0-255,6797,31226,9,183318
12680,0.000982,172.31.36.0-255,66,31292,9,183318
12681,0.001017,172.31.36.0-255,66,31358,9,183318
12682,0.001044,172.217.194.0-255,1484,32842,9,183318
12683,0.001047,172.31.36.0-255,66,32908,9,183318
12684,0.001059,172.31.36.0-255,66,32974,9,183318
12685,0.001065,172.217.194.0-255,4320,37294,9,183318
12686,0.001067,172.31.36.0-255,66,37360,9,183318
12687,0.001099,172.217.194.0-255,6438,43798,9,183318
12688,0.001103,172.31.36.0-255,66,43864,9,183318
12689,0.001106,172.217.194.0-255,397,44261,9,183318
12690,0.001108,172.31.36.0-255,66,44327,9,183318
12691,0.001206,172.217.194.0-255,1484,45811,9,183318
12692,0.001211,172.31.36.0-255,66,45877,9,183318
12693,0.001216,172.217.194.0-255,1484,47361,9,183318
12694,0.001243,172.217.194.0-255,1484,48845,9,183318
12695,0.001246,172.31.36.0-255,66,48911,9,183318
12696,0.001253,172.217.194.0-255,5738,54649,9,183318
12697,0.001255,172.31.36.0-255,66,54715,9,183318
12698,0.00128,172.217.194.0-255,5738,60453,9,183318
12699,0.001306,172.217.194.0-255,5020,65473,9,183318
12700,0.001677,172.217.194.0-255,1484,66957,9,183318
12701,0.001684,172.217.194.0-255,2902,69859,9,183318
12702,0.001714,172.217.194.0-255,5738,75597,9,183318
12703,0.001719,172.217.194.0-255,4320,79917,9,183318
12704,0.001751,172.217.194.0-255,7156,87073,9,183318
12705,0.001783,172.217.194.0-255,3602,90675,9,183318
12706,0.001865,172.217.194.0-255,1484,92159,9,183318
12707,0.001903,172.217.194.0-255,1484,93643,9,183318
12708,0.001918,172.217.194.0-255,1484,95127,9,183318
12709,0.001923,172.217.194.0-255,4320,99447,9,183318
12710,0.001953,172.217.194.0-255,2902,102349,9,183318
12711,0.002269,172.217.194.0-255,1484,103833,9,183318
12712,0.002287,172.217.194.0-255,2902,106735,9,183318
12713,0.0023,172.217.194.0-255,1484,108219,9,183318
12714,0.00232,172.217.194.0-255,4320,112539,9,183318
12715,0.002354,172.217.194.0-255,5738,118277,9,183318
12716,0.002369,172.217.194.0-255,7156,125433,9,183318
12717,0.002372,172.217.194.0-255,1484,126917,9,183318
12718,0.002389,172.217.194.0-255,2902,129819,9,183318
12719,0.002438,172.217.194.0-255,4320,134139,9,183318
12720,0.00245,172.217.194.0-255,2184,136323,9,183318
12721,0.002576,172.217.194.0-255,1484,137807,9,183318
12722,0.00259,172.217.194.0-255,2902,140709,9,183318
12723,0.002621,172.217.194.0-255,5738,146447,9,183318
12724,0.002638,172.217.194.0-255,4320,150767,9,183318
12725,0.00267,172.217.194.0-255,2902,153669,9,183318
12726,0.002762,172.217.194.0-255,4320,157989,9,183318
12727,0.002805,172.217.194.0-255,6438,164427,9,183318
12728,0.002811,172.217.194.0-255,5738,170165,9,183318
12729,0.00286,172.217.194.0-255,6438,176603,9,183318
12730,0.002985,172.217.194.0-255,173,176776,9,183318
12731,0.003,172.217.194.0-255,105,176881,9,183318
12732,0.003343,172.31.36.0-255,66,176947,9,183318
12733,0.006412,172.31.36.0-255,105,177052,9,183318
12734,0.00846,172.217.194.0-255,66,177118,9,183318
12735,0.040243,172.31.36.0-255,172,177290,9,183318
12736,0.040277,172.31.36.0-255,1116,178406,9,183318
12737,0.040361,172.31.36.0-255,1514,179920,9,183318
12738,0.040363,172.31.36.0-255,1514,181434,9,183318
12739,0.040368,172.31.36.0-255,1514,182948,9,183318
12740,0.040369,172.31.36.0-255,106,183054,9,183318
12741,0.041795,104.244.42.0-255,66,183120,9,183318
12742,0.041848,104.244.42.0-255,66,183186,9,183318
12743,0.041905,104.244.42.0-255,66,183252,9,183318
12744,0.041911,104.244.42.0-255,66,183318,9,183318
12745,0.0,74.125.24.0-255,153,153,9,314663
12746,2e-05,172.31.36.0-255,66,219,9,314663
12747,2.7e-05,74.125.24.0-255,1484,1703,9,314663
12748,3.2e-05,172.31.36.0-255,66,1769,9,314663
12749,4.5e-05,74.125.24.0-255,2902,4671,9,314663
12750,4.9e-05,172.31.36.0-255,66,4737,9,314663
12751,5.7e-05,74.125.24.0-255,7156,11893,9,314663
12752,6.1e-05,172.31.36.0-255,66,11959,9,314663
12753,6.7e-05,74.125.24.0-255,5738,17697,9,314663
12754,7.1e-05,172.31.36.0-255,66,17763,9,314663
12755,0.000102,74.125.24.0-255,2053,19816,9,314663
12756,0.000105,172.31.36.0-255,66,19882,9,314663
12757,0.000123,172.31.36.0-255,66,19948,9,314663
12758,0.000161,74.125.24.0-255,1484,21432,9,314663
12759,0.000163,172.31.36.0-255,66,21498,9,314663
12760,0.000168,74.125.24.0-255,2902,24400,9,314663
12761,0.00017,172.31.36.0-255,66,24466,9,314663
12762,0.000188,74.125.24.0-255,2902,27368,9,314663
12763,0.00019,172.31.36.0-255,66,27434,9,314663
12764,0.000213,74.125.24.0-255,2902,30336,9,314663
12765,0.000215,172.31.36.0-255,66,30402,9,314663
12766,0.000227,74.125.24.0-255,6797,37199,9,314663
12767,0.00023,172.31.36.0-255,66,37265,9,314663
12768,0.000487,74.125.24.0-255,1484,38749,9,314663
12769,0.000493,172.31.36.0-255,66,38815,9,314663
12770,0.000499,74.125.24.0-255,2902,41717,9,314663
12771,0.000501,172.31.36.0-255,66,41783,9,314663
12772,0.000514,74.125.24.0-255,5738,47521,9,314663
12773,0.000517,172.31.36.0-255,66,47587,9,314663
12774,0.000567,74.125.24.0-255,7133,54720,9,314663
12775,0.000571,172.31.36.0-255,66,54786,9,314663
12776,0.000691,74.125.24.0-255,341,55127,9,314663
12777,0.000826,74.125.24.0-255,1484,56611,9,314663
12778,0.000829,172.31.36.0-255,66,56677,9,314663
12779,0.000834,74.125.24.0-255,1484,58161,9,314663
12780,0.000858,74.125.24.0-255,1484,59645,9,314663
12781,0.000861,172.31.36.0-255,66,59711,9,314663
12782,0.000868,74.125.24.0-255,5738,65449,9,314663
12783,0.00087,172.31.36.0-255,66,65515,9,314663
12784,0.00088,74.125.24.0-255,2902,68417,9,314663
12785,0.000882,172.31.36.0-255,66,68483,9,314663
12786,0.000922,172.31.36.0-255,66,68549,9,314663
12787,0.000927,74.125.24.0-255,2902,71451,9,314663
12788,0.000929,172.31.36.0-255,66,71517,9,314663
12789,0.000966,74.125.24.0-255,6797,78314,9,314663
12790,0.000969,172.31.36.0-255,66,78380,9,314663
12791,0.001829,74.125.24.0-255,1484,79864,9,314663
12792,0.00184,74.125.24.0-255,2902,82766,9,314663
12793,0.001845,172.31.36.0-255,66,82832,9,314663
12794,0.00185,74.125.24.0-255,1484,84316,9,314663
12795,0.001875,74.125.24.0-255,2902,87218,9,314663
12796,0.001877,172.31.36.0-255,66,87284,9,314663
12797,0.001885,74.125.24.0-255,5738,93022,9,314663
12798,0.001887,172.31.36.0-255,66,93088,9,314663
12799,0.001906,172.31.36.0-255,66,93154,9,314663
12800,0.00193,172.31.36.0-255,66,93220,9,314663
12801,0.001965,74.125.24.0-255,1484,94704,9,314663
12802,0.001988,74.125.24.0-255,2902,97606,9,314663
12803,0.00199,172.31.36.0-255,66,97672,9,314663
12804,0.001997,74.125.24.0-255,5738,103410,9,314663
12805,0.001999,172.31.36.0-255,66,103476,9,314663
12806,0.002004,74.125.24.0-255,2902,106378,9,314663
12807,0.002011,172.31.36.0-255,66,106444,9,314663
12808,0.002036,74.125.24.0-255,4320,110764,9,314663
12809,0.002039,172.31.36.0-255,66,110830,9,314663
12810,0.002057,172.31.36.0-255,66,110896,9,314663
12811,0.002089,74.125.24.0-255,2902,113798,9,314663
12812,0.002091,172.31.36.0-255,66,113864,9,314663
12813,0.002096,74.125.24.0-255,2184,116048,9,314663
12814,0.002098,172.31.36.0-255,66,116114,9,314663
12815,0.002118,74.125.24.0-255,1484,117598,9,314663
12816,0.002121,74.125.24.0-255,1484,119082,9,314663
12817,0.002123,172.31.36.0-255,66,119148,9,314663
12818,0.002144,74.125.24.0-255,1484,120632,9,314663
12819,0.00215,74.125.24.0-255,5738,126370,9,314663
12820,0.002152,172.31.36.0-255,66,126436,9,314663
12821,0.002168,172.31.36.0-255,66,126502,9,314663
12822,0.002228,172.31.36.0-255,66,126568,9,314663
12823,0.002258,74.125.24.0-255,6438,133006,9,314663
12824,0.002261,172.31.36.0-255,66,133072,9,314663
12825,0.002264,74.125.24.0-255,1484,134556,9,314663
12826,0.002269,74.125.24.0-255,2902,137458,9,314663
12827,0.002271,172.31.36.0-255,66,137524,9,314663
12828,0.002275,74.125.24.0-255,2902,140426,9,314663
12829,0.002282,172.31.36.0-255,66,140492,9,314663
12830,0.002294,74.125.24.0-255,2902,143394,9,314663
12831,0.002296,172.31.36.0-255,66,143460,9,314663
12832,0.002338,74.125.24.0-255,5738,149198,9,314663
12833,0.002341,172.31.36.0-255,66,149264,9,314663
12834,0.002375,74.125.24.0-255,5738,155002,9,314663
12835,0.002378,172.31.36.0-255,66,155068,9,314663
12836,0.002392,172.31.36.0-255,66,155134,9,314663
12837,0.002486,74.125.24.0-255,1484,156618,9,314663
12838,0.002493,74.125.24.0-255,2902,159520,9,314663
12839,0.002496,172.31.36.0-255,66,159586,9,314663
12840,0.002503,74.125.24.0-255,5738,165324,9,314663
12841,0.002505,172.31.36.0-255,66,165390,9,314663
12842,0.002547,172.31.36.0-255,66,165456,9,314663
12843,0.002572,74.125.24.0-255,1484,166940,9,314663
12844,0.002583,172.31.36.0-255,66,167006,9,314663
12845,0.002608,74.125.24.0-255,3602,170608,9,314663
12846,0.002611,172.31.36.0-255,66,170674,9,314663
12847,0.002629,172.31.36.0-255,66,170740,9,314663
12848,0.002633,74.125.24.0-255,2902,173642,9,314663
12849,0.002636,172.31.36.0-255,66,173708,9,314663
12850,0.002669,74.125.24.0-255,7156,180864,9,314663
12851,0.002672,172.31.36.0-255,66,180930,9,314663
12852,0.005262,74.125.24.0-255,5738,186668,9,314663
12853,0.00527,172.31.36.0-255,66,186734,9,314663
12854,0.007861,74.125.24.0-255,5738,192472,9,314663
12855,0.007867,172.31.36.0-255,66,192538,9,314663
12856,0.010444,74.125.24.0-255,5738,198276,9,314663
12857,0.010451,172.31.36.0-255,66,198342,9,314663
12858,0.013051,74.125.24.0-255,5738,204080,9,314663
12859,0.013058,172.31.36.0-255,66,204146,9,314663
12860,0.015644,74.125.24.0-255,5738,209884,9,314663
12861,0.015652,172.31.36.0-255,66,209950,9,314663
12862,0.01823,74.125.24.0-255,5738,215688,9,314663
12863,0.018242,172.31.36.0-255,66,215754,9,314663
12864,0.020848,74.125.24.0-255,5738,221492,9,314663
12865,0.02086,172.31.36.0-255,66,221558,9,314663
12866,0.023476,74.125.24.0-255,5738,227296,9,314663
12867,0.023485,172.31.36.0-255,66,227362,9,314663
12868,0.02606,74.125.24.0-255,5738,233100,9,314663
12869,0.026067,172.31.36.0-255,66,233166,9,314663
12870,0.028647,74.125.24.0-255,5738,238904,9,314663
12871,0.028656,172.31.36.0-255,66,238970,9,314663
12872,0.031285,74.125.24.0-255,5738,244708,9,314663
12873,0.031293,172.31.36.0-255,66,244774,9,314663
12874,0.03396,74.125.24.0-255,5738,250512,9,314663
12875,0.033969,172.31.36.0-255,66,250578,9,314663
12876,0.036578,74.125.24.0-255,5738,256316,9,314663
12877,0.036587,172.31.36.0-255,66,256382,9,314663
12878,0.039199,74.125.24.0-255,5738,262120,9,314663
12879,0.039207,172.31.36.0-255,66,262186,9,314663
12880,0.03981,172.31.36.0-255,171,262357,9,314663
12881,0.039841,172.31.36.0-255,1141,263498,9,314663
12882,0.039916,172.31.36.0-255,1514,265012,9,314663
12883,0.039917,172.31.36.0-255,1514,266526,9,314663
12884,0.039919,172.31.36.0-255,1514,268040,9,314663
12885,0.03992,172.31.36.0-255,1514,269554,9,314663
12886,0.039947,172.31.36.0-255,321,269875,9,314663
12887,0.041412,104.244.42.0-255,66,269941,9,314663
12888,0.041421,104.244.42.0-255,66,270007,9,314663
12889,0.041499,104.244.42.0-255,66,270073,9,314663
12890,0.041504,104.244.42.0-255,66,270139,9,314663
12891,0.0418,74.125.24.0-255,5738,275877,9,314663
12892,0.041808,172.31.36.0-255,66,275943,9,314663
12893,0.044382,74.125.24.0-255,5738,281681,9,314663
12894,0.044389,172.31.36.0-255,66,281747,9,314663
12895,0.047008,74.125.24.0-255,5738,287485,9,314663
12896,0.047015,172.31.36.0-255,66,287551,9,314663
12897,0.049621,74.125.24.0-255,5738,293289,9,314663
12898,0.049627,172.31.36.0-255,66,293355,9,314663
12899,0.052262,74.125.24.0-255,5738,299093,9,314663
12900,0.052269,172.31.36.0-255,66,299159,9,314663
12901,0.054854,74.125.24.0-255,5738,304897,9,314663
12902,0.054861,172.31.36.0-255,66,304963,9,314663
12903,0.05748,74.125.24.0-255,5738,310701,9,314663
12904,0.057488,172.31.36.0-255,66,310767,9,314663
12905,0.060148,74.125.24.0-255,3659,314426,9,314663
12906,0.060155,172.31.36.0-255,66,314492,9,314663
12907,0.060342,172.31.36.0-255,105,314597,9,314663
12908,0.062912,74.125.24.0-255,66,314663,9,314663
12909,0.0,74.125.24.0-255,153,153,9,273946
12910,2.3e-05,172.31.36.0-255,66,219,9,273946
12911,3.1e-05,74.125.24.0-255,1484,1703,9,273946
12912,3.6e-05,172.31.36.0-255,66,1769,9,273946
12913,4.2e-05,74.125.24.0-255,2902,4671,9,273946
12914,4.5e-05,172.31.36.0-255,66,4737,9,273946
12915,5.3e-05,74.125.24.0-255,7156,11893,9,273946
12916,5.5e-05,172.31.36.0-255,66,11959,9,273946
12917,6e-05,74.125.24.0-255,2902,14861,9,273946
12918,6.3e-05,172.31.36.0-255,66,14927,9,273946
12919,8.7e-05,74.125.24.0-255,4774,19701,9,273946
12920,9.1e-05,172.31.36.0-255,66,19767,9,273946
12921,9.8e-05,74.125.24.0-255,5738,25505,9,273946
12922,0.0001,172.31.36.0-255,66,25571,9,273946
12923,0.000118,74.125.24.0-255,4320,29891,9,273946
12924,0.00012,172.31.36.0-255,66,29957,9,273946
12925,0.000145,74.125.24.0-255,1125,31082,9,273946
12926,0.000148,172.31.36.0-255,66,31148,9,273946
12927,0.000382,74.125.24.0-255,1484,32632,9,273946
12928,0.000385,172.31.36.0-255,66,32698,9,273946
12929,0.00039,74.125.24.0-255,2902,35600,9,273946
12930,0.000392,172.31.36.0-255,66,35666,9,273946
12931,0.000399,74.125.24.0-255,5738,41404,9,273946
12932,0.000401,172.31.36.0-255,66,41470,9,273946
12933,0.000431,74.125.24.0-255,5738,47208,9,273946
12934,0.000433,172.31.36.0-255,66,47274,9,273946
12935,0.00047,172.31.36.0-255,66,47340,9,273946
12936,0.000482,172.31.36.0-255,66,47406,9,273946
12937,0.00055,74.125.24.0-255,116,47522,9,273946
12938,0.000553,172.31.36.0-255,66,47588,9,273946
12939,0.000697,74.125.24.0-255,1484,49072,9,273946
12940,0.000705,74.125.24.0-255,2902,51974,9,273946
12941,0.000707,172.31.36.0-255,66,52040,9,273946
12942,0.000713,74.125.24.0-255,2902,54942,9,273946
12943,0.000715,172.31.36.0-255,66,55008,9,273946
12944,0.000729,74.125.24.0-255,2902,57910,9,273946
12945,0.000732,172.31.36.0-255,66,57976,9,273946
12946,0.000775,172.31.36.0-255,66,58042,9,273946
12947,0.000781,74.125.24.0-255,4320,62362,9,273946
12948,0.000784,172.31.36.0-255,66,62428,9,273946
12949,0.0008,74.125.24.0-255,5379,67807,9,273946
12950,0.000803,172.31.36.0-255,66,67873,9,273946
12951,0.000806,74.125.24.0-255,328,68201,9,273946
12952,0.001059,74.125.24.0-255,1484,69685,9,273946
12953,0.001064,172.31.36.0-255,66,69751,9,273946
12954,0.00107,74.125.24.0-255,2902,72653,9,273946
12955,0.001073,172.31.36.0-255,66,72719,9,273946
12956,0.00108,74.125.24.0-255,5738,78457,9,273946
12957,0.001083,172.31.36.0-255,66,78523,9,273946
12958,0.001099,74.125.24.0-255,1484,80007,9,273946
12959,0.001125,172.31.36.0-255,66,80073,9,273946
12960,0.001164,74.125.24.0-255,2902,82975,9,273946
12961,0.001167,172.31.36.0-255,66,83041,9,273946
12962,0.001197,172.31.36.0-255,66,83107,9,273946
12963,0.001217,74.125.24.0-255,1484,84591,9,273946
12964,0.001222,74.125.24.0-255,1484,86075,9,273946
12965,0.001224,172.31.36.0-255,66,86141,9,273946
12966,0.001242,74.125.24.0-255,1484,87625,9,273946
12967,0.00125,74.125.24.0-255,5738,93363,9,273946
12968,0.001252,172.31.36.0-255,66,93429,9,273946
12969,0.00129,74.125.24.0-255,4320,97749,9,273946
12970,0.001292,172.31.36.0-255,66,97815,9,273946
12971,0.001314,74.125.24.0-255,5738,103553,9,273946
12972,0.001317,172.31.36.0-255,66,103619,9,273946
12973,0.001333,172.31.36.0-255,66,103685,9,273946
12974,0.001366,172.31.36.0-255,66,103751,9,273946
12975,0.001373,74.125.24.0-255,7156,110907,9,273946
12976,0.001377,172.31.36.0-255,66,110973,9,273946
12977,0.001415,74.125.24.0-255,4320,115293,9,273946
12978,0.001418,172.31.36.0-255,66,115359,9,273946
12979,0.001439,172.31.36.0-255,66,115425,9,273946
12980,0.001464,74.125.24.0-255,4320,119745,9,273946
12981,0.001467,172.31.36.0-255,66,119811,9,273946
12982,0.001473,74.125.24.0-255,5738,125549,9,273946
12983,0.001475,172.31.36.0-255,66,125615,9,273946
12984,0.001492,74.125.24.0-255,5738,131353,9,273946
12985,0.001495,172.31.36.0-255,66,131419,9,273946
12986,0.001525,74.125.24.0-255,5738,137157,9,273946
12987,0.001528,172.31.36.0-255,66,137223,9,273946
12988,0.001543,172.31.36.0-255,66,137289,9,273946
12989,0.001609,74.125.24.0-255,1484,138773,9,273946
12990,0.001613,74.125.24.0-255,1484,140257,9,273946
12991,0.001616,172.31.36.0-255,66,140323,9,273946
12992,0.001637,74.125.24.0-255,1484,141807,9,273946
12993,0.001645,74.125.24.0-255,5738,147545,9,273946
12994,0.001648,172.31.36.0-255,66,147611,9,273946
12995,0.001667,172.31.36.0-255,66,147677,9,273946
12996,0.001679,172.31.36.0-255,66,147743,9,273946
12997,0.0017,74.125.24.0-255,2184,149927,9,273946
12998,0.001703,172.31.36.0-255,66,149993,9,273946
12999,0.001994,74.125.24.0-255,1484,151477,9,273946
13000,0.002001,74.125.24.0-255,2902,154379,9,273946
13001,0.002004,172.31.36.0-255,66,154445,9,273946
13002,0.002024,74.125.24.0-255,2902,157347,9,273946
13003,0.002026,172.31.36.0-255,66,157413,9,273946
13004,0.002047,74.125.24.0-255,2902,160315,9,273946
13005,0.00205,172.31.36.0-255,66,160381,9,273946
13006,0.002063,172.31.36.0-255,66,160447,9,273946
13007,0.002087,74.125.24.0-255,1484,161931,9,273946
13008,0.002101,172.31.36.0-255,66,161997,9,273946
13009,0.002305,74.125.24.0-255,1484,163481,9,273946
13010,0.002321,74.125.24.0-255,2902,166383,9,273946
13011,0.002324,172.31.36.0-255,66,166449,9,273946
13012,0.002331,74.125.24.0-255,5738,172187,9,273946
13013,0.002333,172.31.36.0-255,66,172253,9,273946
13014,0.002376,172.31.36.0-255,66,172319,9,273946
13015,0.002413,74.125.24.0-255,4320,176639,9,273946
13016,0.002415,172.31.36.0-255,66,176705,9,273946
13017,0.002429,74.125.24.0-255,1484,178189,9,273946
13018,0.002435,74.125.24.0-255,5020,183209,9,273946
13019,0.002438,172.31.36.0-255,66,183275,9,273946
13020,0.004819,74.125.24.0-255,5738,189013,9,273946
13021,0.004827,172.31.36.0-255,66,189079,9,273946
13022,0.00722,74.125.24.0-255,5738,194817,9,273946
13023,0.007224,172.31.36.0-255,66,194883,9,273946
13024,0.009621,74.125.24.0-255,5738,200621,9,273946
13025,0.009638,172.31.36.0-255,66,200687,9,273946
13026,0.012072,74.125.24.0-255,5738,206425,9,273946
13027,0.01209,172.31.36.0-255,66,206491,9,273946
13028,0.014485,74.125.24.0-255,5738,212229,9,273946
13029,0.014494,172.31.36.0-255,66,212295,9,273946
13030,0.016895,74.125.24.0-255,5738,218033,9,273946
13031,0.016911,172.31.36.0-255,66,218099,9,273946
13032,0.01935,74.125.24.0-255,5738,223837,9,273946
13033,0.019361,172.31.36.0-255,66,223903,9,273946
13034,0.021763,74.125.24.0-255,1484,225387,9,273946
13035,0.021788,74.125.24.0-255,4320,229707,9,273946
13036,0.021793,172.31.36.0-255,66,229773,9,273946
13037,0.024264,74.125.24.0-255,5738,235511,9,273946
13038,0.024276,172.31.36.0-255,66,235577,9,273946
13039,0.026668,74.125.24.0-255,5738,241315,9,273946
13040,0.02668,172.31.36.0-255,66,241381,9,273946
13041,0.029064,74.125.24.0-255,5738,247119,9,273946
13042,0.029076,172.31.36.0-255,66,247185,9,273946
13043,0.031443,74.125.24.0-255,5738,252923,9,273946
13044,0.031451,172.31.36.0-255,66,252989,9,273946
13045,0.033837,74.125.24.0-255,5738,258727,9,273946
13046,0.033845,172.31.36.0-255,66,258793,9,273946
13047,0.036299,74.125.24.0-255,5738,264531,9,273946
13048,0.03631,172.31.36.0-255,66,264597,9,273946
13049,0.038695,74.125.24.0-255,280,264877,9,273946
13050,0.039355,172.31.36.0-255,66,264943,9,273946
13051,0.039395,172.31.36.0-255,105,265048,9,273946
13052,0.041775,74.125.24.0-255,66,265114,9,273946
13053,0.060108,172.31.36.0-255,176,265290,9,273946
13054,0.060142,172.31.36.0-255,1116,266406,9,273946
13055,0.060233,172.31.36.0-255,1514,267920,9,273946
13056,0.060235,172.31.36.0-255,1514,269434,9,273946
13057,0.060236,172.31.36.0-255,1514,270948,9,273946
13058,0.060237,172.31.36.0-255,1514,272462,9,273946
13059,0.060238,172.31.36.0-255,1220,273682,9,273946
13060,0.061639,104.244.42.0-255,66,273748,9,273946
13061,0.061678,104.244.42.0-255,66,273814,9,273946
13062,0.061838,104.244.42.0-255,66,273880,9,273946
13063,0.061844,104.244.42.0-255,66,273946,9,273946
13064,0.0,172.217.194.0-255,143,143,9,307878
13065,1.5e-05,172.31.36.0-255,66,209,9,307878
13066,3.7e-05,172.217.194.0-255,1484,1693,9,307878
13067,4.2e-05,172.31.36.0-255,66,1759,9,307878
13068,4.8e-05,172.217.194.0-255,2902,4661,9,307878
13069,5.1e-05,172.31.36.0-255,66,4727,9,307878
13070,7.9e-05,172.217.194.0-255,2902,7629,9,307878
13071,8.2e-05,172.31.36.0-255,66,7695,9,307878
13072,0.000101,172.217.194.0-255,4320,12015,9,307878
13073,0.000104,172.31.36.0-255,66,12081,9,307878
13074,0.000131,172.217.194.0-255,2038,14119,9,307878
13075,0.000134,172.31.36.0-255,66,14185,9,307878
13076,0.000137,172.217.194.0-255,1484,15669,9,307878
13077,0.000139,172.31.36.0-255,66,15735,9,307878
13078,0.000153,172.217.194.0-255,1484,17219,9,307878
13079,0.000155,172.31.36.0-255,66,17285,9,307878
13080,0.000161,172.217.194.0-255,4320,21605,9,307878
13081,0.000163,172.31.36.0-255,66,21671,9,307878
13082,0.000191,172.217.194.0-255,2902,24573,9,307878
13083,0.000194,172.31.36.0-255,66,24639,9,307878
13084,0.000202,172.217.194.0-255,7156,31795,9,307878
13085,0.000204,172.31.36.0-255,66,31861,9,307878
13086,0.000251,172.31.36.0-255,66,31927,9,307878
13087,0.000269,172.217.194.0-255,5738,37665,9,307878
13088,0.000271,172.31.36.0-255,66,37731,9,307878
13089,0.000274,172.217.194.0-255,766,38497,9,307878
13090,0.000276,172.31.36.0-255,66,38563,9,307878
13091,0.000395,172.217.194.0-255,1484,40047,9,307878
13092,0.000399,172.31.36.0-255,66,40113,9,307878
13093,0.000404,172.217.194.0-255,2902,43015,9,307878
13094,0.000407,172.31.36.0-255,66,43081,9,307878
13095,0.000411,172.217.194.0-255,1484,44565,9,307878
13096,0.000432,172.217.194.0-255,4320,48885,9,307878
13097,0.000435,172.31.36.0-255,66,48951,9,307878
13098,0.000441,172.217.194.0-255,5738,54689,9,307878
13099,0.000443,172.31.36.0-255,66,54755,9,307878
13100,0.000478,172.217.194.0-255,1447,56202,9,307878
13101,0.000624,172.217.194.0-255,1484,57686,9,307878
13102,0.000628,172.31.36.0-255,66,57752,9,307878
13103,0.000651,172.217.194.0-255,2902,60654,9,307878
13104,0.000654,172.31.36.0-255,66,60720,9,307878
13105,0.00066,172.217.194.0-255,5738,66458,9,307878
13106,0.000662,172.31.36.0-255,66,66524,9,307878
13107,0.0007,172.31.36.0-255,66,66590,9,307878
13108,0.000713,172.31.36.0-255,66,66656,9,307878
13109,0.000736,172.217.194.0-255,766,67422,9,307878
13110,0.001243,172.217.194.0-255,1484,68906,9,307878
13111,0.001249,172.31.36.0-255,66,68972,9,307878
13112,0.001259,172.217.194.0-255,2902,71874,9,307878
13113,0.001261,172.31.36.0-255,66,71940,9,307878
13114,0.001282,172.217.194.0-255,1484,73424,9,307878
13115,0.001296,172.217.194.0-255,4320,77744,9,307878
13116,0.001299,172.31.36.0-255,66,77810,9,307878
13117,0.001302,172.217.194.0-255,1484,79294,9,307878
13118,0.001329,172.217.194.0-255,5738,85032,9,307878
13119,0.001332,172.31.36.0-255,66,85098,9,307878
13120,0.001347,172.217.194.0-255,2902,88000,9,307878
13121,0.00135,172.31.36.0-255,66,88066,9,307878
13122,0.001396,172.217.194.0-255,7156,95222,9,307878
13123,0.001399,172.31.36.0-255,66,95288,9,307878
13124,0.001423,172.217.194.0-255,6438,101726,9,307878
13125,0.001426,172.31.36.0-255,66,101792,9,307878
13126,0.001441,172.31.36.0-255,66,101858,9,307878
13127,0.001453,172.31.36.0-255,66,101924,9,307878
13128,0.001477,172.217.194.0-255,5738,107662,9,307878
13129,0.001479,172.31.36.0-255,66,107728,9,307878
13130,0.001484,172.217.194.0-255,2902,110630,9,307878
13131,0.001485,172.31.36.0-255,66,110696,9,307878
13132,0.0015,172.217.194.0-255,2184,112880,9,307878
13133,0.001502,172.31.36.0-255,66,112946,9,307878
13134,0.001663,172.217.194.0-255,1484,114430,9,307878
13135,0.00168,172.217.194.0-255,2902,117332,9,307878
13136,0.001683,172.31.36.0-255,66,117398,9,307878
13137,0.001687,172.217.194.0-255,1484,118882,9,307878
13138,0.001692,172.217.194.0-255,2902,121784,9,307878
13139,0.001694,172.31.36.0-255,66,121850,9,307878
13140,0.001718,172.217.194.0-255,2902,124752,9,307878
13141,0.001721,172.31.36.0-255,66,124818,9,307878
13142,0.001734,172.31.36.0-255,66,124884,9,307878
13143,0.001738,172.217.194.0-255,2902,127786,9,307878
13144,0.001741,172.31.36.0-255,66,127852,9,307878
13145,0.00177,172.217.194.0-255,6438,134290,9,307878
13146,0.001773,172.31.36.0-255,66,134356,9,307878
13147,0.002003,172.217.194.0-255,1484,135840,9,307878
13148,0.002021,172.217.194.0-255,2902,138742,9,307878
13149,0.002024,172.31.36.0-255,66,138808,9,307878
13150,0.002043,172.217.194.0-255,4320,143128,9,307878
13151,0.002046,172.31.36.0-255,66,143194,9,307878
13152,0.00206,172.217.194.0-255,1484,144678,9,307878
13153,0.002062,172.217.194.0-255,1484,146162,9,307878
13154,0.002079,172.31.36.0-255,66,146228,9,307878
13155,0.002082,172.31.36.0-255,66,146294,9,307878
13156,0.002138,172.217.194.0-255,4320,150614,9,307878
13157,0.002141,172.31.36.0-255,66,150680,9,307878
13158,0.002172,172.31.36.0-255,66,150746,9,307878
13159,0.002186,172.31.36.0-255,66,150812,9,307878
13160,0.002196,172.217.194.0-255,5738,156550,9,307878
13161,0.002199,172.31.36.0-255,66,156616,9,307878
13162,0.002218,172.217.194.0-255,7156,163772,9,307878
13163,0.00222,172.31.36.0-255,66,163838,9,307878
13164,0.002247,172.217.194.0-255,6438,170276,9,307878
13165,0.002249,172.31.36.0-255,66,170342,9,307878
13166,0.002253,172.217.194.0-255,1484,171826,9,307878
13167,0.002279,172.31.36.0-255,66,171892,9,307878
13168,0.002286,172.217.194.0-255,7156,179048,9,307878
13169,0.002289,172.31.36.0-255,66,179114,9,307878
13170,0.002321,172.31.36.0-255,66,179180,9,307878
13171,0.002326,172.217.194.0-255,3602,182782,9,307878
13172,0.002329,172.31.36.0-255,66,182848,9,307878
13173,0.004608,172.217.194.0-255,1484,184332,9,307878
13174,0.004658,172.217.194.0-255,4320,188652,9,307878
13175,0.004664,172.31.36.0-255,66,188718,9,307878
13176,0.006951,172.217.194.0-255,5738,194456,9,307878
13177,0.006958,172.31.36.0-255,66,194522,9,307878
13178,0.00925,172.217.194.0-255,5738,200260,9,307878
13179,0.009254,172.31.36.0-255,66,200326,9,307878
13180,0.011588,172.217.194.0-255,5738,206064,9,307878
13181,0.011596,172.31.36.0-255,66,206130,9,307878
13182,0.013919,172.217.194.0-255,5738,211868,9,307878
13183,0.013931,172.31.36.0-255,66,211934,9,307878
13184,0.016237,172.217.194.0-255,5738,217672,9,307878
13185,0.016248,172.31.36.0-255,66,217738,9,307878
13186,0.018555,172.217.194.0-255,5738,223476,9,307878
13187,0.018569,172.31.36.0-255,66,223542,9,307878
13188,0.020882,172.217.194.0-255,5738,229280,9,307878
13189,0.020891,172.31.36.0-255,66,229346,9,307878
13190,0.023187,172.217.194.0-255,5738,235084,9,307878
13191,0.023199,172.31.36.0-255,66,235150,9,307878
13192,0.025485,172.217.194.0-255,5738,240888,9,307878
13193,0.025495,172.31.36.0-255,66,240954,9,307878
13194,0.027797,172.217.194.0-255,5738,246692,9,307878
13195,0.027806,172.31.36.0-255,66,246758,9,307878
13196,0.030093,172.217.194.0-255,5738,252496,9,307878
13197,0.030108,172.31.36.0-255,66,252562,9,307878
13198,0.032415,172.217.194.0-255,5738,258300,9,307878
13199,0.032426,172.31.36.0-255,66,258366,9,307878
13200,0.034739,172.217.194.0-255,5738,264104,9,307878
13201,0.034748,172.31.36.0-255,66,264170,9,307878
13202,0.03707,172.217.194.0-255,5738,269908,9,307878
13203,0.037079,172.31.36.0-255,66,269974,9,307878
13204,0.039396,172.217.194.0-255,5738,275712,9,307878
13205,0.039419,172.31.36.0-255,66,275778,9,307878
13206,0.041112,172.31.36.0-255,172,275950,9,307878
13207,0.041146,172.31.36.0-255,1117,277067,9,307878
13208,0.04121,172.31.36.0-255,1514,278581,9,307878
13209,0.041212,172.31.36.0-255,1514,280095,9,307878
13210,0.041213,172.31.36.0-255,1514,281609,9,307878
13211,0.041218,172.31.36.0-255,1514,283123,9,307878
13212,0.041219,172.31.36.0-255,1499,284622,9,307878
13213,0.041725,172.217.194.0-255,5738,290360,9,307878
13214,0.041733,172.31.36.0-255,66,290426,9,307878
13215,0.042653,104.244.42.0-255,66,290492,9,307878
13216,0.042703,104.244.42.0-255,66,290558,9,307878
13217,0.042806,104.244.42.0-255,66,290624,9,307878
13218,0.043495,104.244.42.0-255,108,290732,9,307878
13219,0.043505,172.31.36.0-255,66,290798,9,307878
13220,0.044041,172.217.194.0-255,5738,296536,9,307878
13221,0.044048,172.31.36.0-255,66,296602,9,307878
13222,0.046416,172.217.194.0-255,5738,302340,9,307878
13223,0.046423,172.31.36.0-255,66,302406,9,307878
13224,0.048731,172.217.194.0-255,5235,307641,9,307878
13225,0.048738,172.31.36.0-255,66,307707,9,307878
13226,0.04893,172.31.36.0-255,105,307812,9,307878
13227,0.051211,172.217.194.0-255,66,307878,9,307878
13228,0.0,172.217.194.0-255,153,153,9,194935
13229,2.6e-05,172.31.36.0-255,66,219,9,194935
13230,3.3e-05,172.217.194.0-255,1484,1703,9,194935
13231,3.7e-05,172.31.36.0-255,66,1769,9,194935
13232,4.1e-05,172.217.194.0-255,2902,4671,9,194935
13233,4.4e-05,172.31.36.0-255,66,4737,9,194935
13234,5e-05,172.217.194.0-255,7156,11893,9,194935
13235,5.3e-05,172.31.36.0-255,66,11959,9,194935
13236,5.6e-05,172.217.194.0-255,1484,13443,9,194935
13237,5.8e-05,172.31.36.0-255,66,13509,9,194935
13238,9.9e-05,172.31.36.0-255,66,13575,9,194935
13239,0.000102,172.217.194.0-255,1484,15059,9,194935
13240,0.000104,172.31.36.0-255,66,15125,9,194935
13241,0.000107,172.217.194.0-255,1125,16250,9,194935
13242,0.000109,172.31.36.0-255,66,16316,9,194935
13243,0.000892,172.217.194.0-255,1484,17800,9,194935
13244,0.000898,172.31.36.0-255,66,17866,9,194935
13245,0.000907,172.217.194.0-255,2902,20768,9,194935
13246,0.000909,172.31.36.0-255,66,20834,9,194935
13247,0.000915,172.217.194.0-255,4320,25154,9,194935
13248,0.000917,172.31.36.0-255,66,25220,9,194935
13249,0.000939,172.217.194.0-255,1484,26704,9,194935
13250,0.000941,172.31.36.0-255,66,26770,9,194935
13251,0.000948,172.217.194.0-255,5738,32508,9,194935
13252,0.000949,172.31.36.0-255,66,32574,9,194935
13253,0.000952,172.217.194.0-255,1484,34058,9,194935
13254,0.000954,172.31.36.0-255,66,34124,9,194935
13255,0.000992,172.31.36.0-255,66,34190,9,194935
13256,0.000998,172.217.194.0-255,4216,38406,9,194935
13257,0.001001,172.31.36.0-255,66,38472,9,194935
13258,0.002216,172.217.194.0-255,111,38583,9,194935
13259,0.002495,172.217.194.0-255,1484,40067,9,194935
13260,0.0025,172.31.36.0-255,66,40133,9,194935
13261,0.002505,172.217.194.0-255,2902,43035,9,194935
13262,0.002508,172.31.36.0-255,66,43101,9,194935
13263,0.002533,172.217.194.0-255,5738,48839,9,194935
13264,0.002536,172.31.36.0-255,66,48905,9,194935
13265,0.002553,172.217.194.0-255,2902,51807,9,194935
13266,0.002564,172.31.36.0-255,66,51873,9,194935
13267,0.002576,172.31.36.0-255,66,51939,9,194935
13268,0.002586,172.31.36.0-255,66,52005,9,194935
13269,0.002618,172.217.194.0-255,2184,54189,9,194935
13270,0.002627,172.31.36.0-255,66,54255,9,194935
13271,0.002807,172.217.194.0-255,1484,55739,9,194935
13272,0.002811,172.217.194.0-255,2902,58641,9,194935
13273,0.002828,172.31.36.0-255,66,58707,9,194935
13274,0.002834,172.217.194.0-255,5738,64445,9,194935
13275,0.002837,172.31.36.0-255,66,64511,9,194935
13276,0.002883,172.31.36.0-255,66,64577,9,194935
13277,0.002914,172.217.194.0-255,7156,71733,9,194935
13278,0.002926,172.31.36.0-255,66,71799,9,194935
13279,0.002931,172.217.194.0-255,2902,74701,9,194935
13280,0.002938,172.217.194.0-255,5738,80439,9,194935
13281,0.00294,172.31.36.0-255,66,80505,9,194935
13282,0.002945,172.31.36.0-255,66,80571,9,194935
13283,0.002972,172.31.36.0-255,66,80637,9,194935
13284,0.002989,172.217.194.0-255,7156,87793,9,194935
13285,0.002989,172.31.36.0-255,66,87859,9,194935
13286,0.002994,172.31.36.0-255,66,87925,9,194935
13287,0.003036,172.31.36.0-255,66,87991,9,194935
13288,0.003049,172.217.194.0-255,7156,95147,9,194935
13289,0.003051,172.31.36.0-255,66,95213,9,194935
13290,0.003058,172.31.36.0-255,66,95279,9,194935
13291,0.003065,172.217.194.0-255,2184,97463,9,194935
13292,0.003071,172.31.36.0-255,66,97529,9,194935
13293,0.003084,172.217.194.0-255,2902,100431,9,194935
13294,0.003087,172.31.36.0-255,66,100497,9,194935
13295,0.003126,172.31.36.0-255,66,100563,9,194935
13296,0.003154,172.217.194.0-255,1484,102047,9,194935
13297,0.003159,172.31.36.0-255,78,102125,9,194935
13298,0.003163,172.31.36.0-255,78,102203,9,194935
13299,0.003216,172.217.194.0-255,1484,103687,9,194935
13300,0.003219,172.31.36.0-255,78,103765,9,194935
13301,0.003231,172.217.194.0-255,7156,110921,9,194935
13302,0.003233,172.217.194.0-255,1484,112405,9,194935
13303,0.003233,172.31.36.0-255,66,112471,9,194935
13304,0.003235,172.217.194.0-255,1484,113955,9,194935
13305,0.003238,172.31.36.0-255,66,114021,9,194935
13306,0.003252,172.217.194.0-255,5738,119759,9,194935
13307,0.003261,172.31.36.0-255,66,119825,9,194935
13308,0.003271,172.217.194.0-255,3602,123427,9,194935
13309,0.003276,172.217.194.0-255,4320,127747,9,194935
13310,0.003278,172.31.36.0-255,66,127813,9,194935
13311,0.003283,172.31.36.0-255,66,127879,9,194935
13312,0.003305,172.217.194.0-255,4320,132199,9,194935
13313,0.00331,172.217.194.0-255,4320,136519,9,194935
13314,0.003311,172.31.36.0-255,66,136585,9,194935
13315,0.003323,172.31.36.0-255,66,136651,9,194935
13316,0.003348,172.217.194.0-255,1484,138135,9,194935
13317,0.003386,172.31.36.0-255,66,138201,9,194935
13318,0.003391,172.31.36.0-255,66,138267,9,194935
13319,0.003402,172.217.194.0-255,7156,145423,9,194935
13320,0.003406,172.31.36.0-255,66,145489,9,194935
13321,0.003422,172.217.194.0-255,5020,150509,9,194935
13322,0.003433,172.31.36.0-255,66,150575,9,194935
13323,0.003439,172.217.194.0-255,2902,153477,9,194935
13324,0.003448,172.31.36.0-255,66,153543,9,194935
13325,0.00346,172.217.194.0-255,7156,160699,9,194935
13326,0.003467,172.31.36.0-255,66,160765,9,194935
13327,0.00348,172.217.194.0-255,7156,167921,9,194935
13328,0.00349,172.31.36.0-255,66,167987,9,194935
13329,0.0035,172.217.194.0-255,4320,172307,9,194935
13330,0.003508,172.217.194.0-255,7156,179463,9,194935
13331,0.003509,172.31.36.0-255,66,179529,9,194935
13332,0.003514,172.31.36.0-255,66,179595,9,194935
13333,0.003551,172.217.194.0-255,5738,185333,9,194935
13334,0.003563,172.31.36.0-255,66,185399,9,194935
13335,0.003585,172.217.194.0-255,97,185496,9,194935
13336,0.00359,172.31.36.0-255,66,185562,9,194935
13337,0.003624,172.217.194.0-255,105,185667,9,194935
13338,0.009781,172.31.36.0-255,66,185733,9,194935
13339,0.009823,172.31.36.0-255,105,185838,9,194935
13340,0.012063,172.217.194.0-255,66,185904,9,194935
13341,0.037157,172.31.36.0-255,176,186080,9,194935
13342,0.037187,172.31.36.0-255,1115,187195,9,194935
13343,0.03723,172.31.36.0-255,1514,188709,9,194935
13344,0.037232,172.31.36.0-255,1514,190223,9,194935
13345,0.037233,172.31.36.0-255,1514,191737,9,194935
13346,0.037234,172.31.36.0-255,1514,193251,9,194935
13347,0.037235,172.31.36.0-255,1486,194737,9,194935
13348,0.03872,104.244.42.0-255,66,194803,9,194935
13349,0.038731,104.244.42.0-255,66,194869,9,194935
13350,0.038814,104.244.42.0-255,66,194935,9,194935
13351,0.0,172.31.36.0-255,105,105,9,459
13352,0.00022,172.31.36.0-255,90,195,9,459
13353,0.00023,172.31.36.0-255,66,261,9,459
13354,0.002895,74.125.24.0-255,66,327,9,459
13355,0.002909,74.125.24.0-255,66,393,9,459
13356,0.002922,172.31.36.0-255,66,459,9,459
13357,0.0,74.125.68.0-255,153,153,9,381515
13358,1.5e-05,172.31.36.0-255,66,219,9,381515
13359,2.1e-05,74.125.68.0-255,1484,1703,9,381515
13360,2.6e-05,172.31.36.0-255,66,1769,9,381515
13361,3.2e-05,74.125.68.0-255,2902,4671,9,381515
13362,3.5e-05,172.31.36.0-255,66,4737,9,381515
13363,4e-05,74.125.68.0-255,2902,7639,9,381515
13364,4.3e-05,172.31.36.0-255,66,7705,9,381515
13365,4.8e-05,74.125.68.0-255,2902,10607,9,381515
13366,5.1e-05,172.31.36.0-255,66,10673,9,381515
13367,7.5e-05,74.125.68.0-255,1484,12157,9,381515
13368,7.8e-05,172.31.36.0-255,66,12223,9,381515
13369,9.1e-05,172.31.36.0-255,66,12289,9,381515
13370,9.5e-05,74.125.68.0-255,2902,15191,9,381515
13371,9.7e-05,172.31.36.0-255,66,15257,9,381515
13372,0.000123,74.125.68.0-255,4320,19577,9,381515
13373,0.000126,172.31.36.0-255,66,19643,9,381515
13374,0.000129,74.125.68.0-255,1484,21127,9,381515
13375,0.000131,172.31.36.0-255,66,21193,9,381515
13376,0.000145,74.125.68.0-255,1125,22318,9,381515
13377,0.000147,172.31.36.0-255,66,22384,9,381515
13378,0.000216,74.125.68.0-255,1484,23868,9,381515
13379,0.000219,172.31.36.0-255,66,23934,9,381515
13380,0.000241,74.125.68.0-255,2902,26836,9,381515
13381,0.000244,172.31.36.0-255,66,26902,9,381515
13382,0.000248,74.125.68.0-255,1484,28386,9,381515
13383,0.00025,172.31.36.0-255,66,28452,9,381515
13384,0.000256,74.125.68.0-255,2902,31354,9,381515
13385,0.000258,172.31.36.0-255,66,31420,9,381515
13386,0.000261,74.125.68.0-255,1484,32904,9,381515
13387,0.000263,172.31.36.0-255,66,32970,9,381515
13388,0.000287,74.125.68.0-255,4320,37290,9,381515
13389,0.00029,172.31.36.0-255,66,37356,9,381515
13390,0.000297,74.125.68.0-255,5738,43094,9,381515
13391,0.000299,172.31.36.0-255,66,43160,9,381515
13392,0.000324,74.125.68.0-255,4320,47480,9,381515
13393,0.000326,172.31.36.0-255,66,47546,9,381515
13394,0.000361,74.125.68.0-255,7156,54702,9,381515
13395,0.000363,172.31.36.0-255,66,54768,9,381515
13396,0.000383,74.125.68.0-255,2480,57248,9,381515
13397,0.000386,172.31.36.0-255,66,57314,9,381515
13398,0.000389,74.125.68.0-255,131,57445,9,381515
13399,0.000489,74.125.68.0-255,1484,58929,9,381515
13400,0.000492,172.31.36.0-255,66,58995,9,381515
13401,0.000497,74.125.68.0-255,2902,61897,9,381515
13402,0.0005,172.31.36.0-255,66,61963,9,381515
13403,0.00052,74.125.68.0-255,5738,67701,9,381515
13404,0.000523,172.31.36.0-255,66,67767,9,381515
13405,0.000563,172.31.36.0-255,66,67833,9,381515
13406,0.000583,74.125.68.0-255,2902,70735,9,381515
13407,0.000588,172.31.36.0-255,66,70801,9,381515
13408,0.000602,172.31.36.0-255,66,70867,9,381515
13409,0.000605,74.125.68.0-255,1484,72351,9,381515
13410,0.00061,74.125.68.0-255,2902,75253,9,381515
13411,0.000612,172.31.36.0-255,66,75319,9,381515
13412,0.00066,74.125.68.0-255,5738,81057,9,381515
13413,0.000663,172.31.36.0-255,66,81123,9,381515
13414,0.000671,74.125.68.0-255,6498,87621,9,381515
13415,0.000673,172.31.36.0-255,66,87687,9,381515
13416,0.000711,74.125.68.0-255,1484,89171,9,381515
13417,0.000727,74.125.68.0-255,2902,92073,9,381515
13418,0.00073,172.31.36.0-255,66,92139,9,381515
13419,0.000734,74.125.68.0-255,1484,93623,9,381515
13420,0.000747,74.125.68.0-255,4320,97943,9,381515
13421,0.00075,172.31.36.0-255,66,98009,9,381515
13422,0.000754,74.125.68.0-255,2902,100911,9,381515
13423,0.000757,172.31.36.0-255,66,100977,9,381515
13424,0.000761,74.125.68.0-255,2902,103879,9,381515
13425,0.000763,172.31.36.0-255,66,103945,9,381515
13426,0.000779,74.125.68.0-255,1484,105429,9,381515
13427,0.000783,74.125.68.0-255,1484,106913,9,381515
13428,0.000785,172.31.36.0-255,66,106979,9,381515
13429,0.000816,74.125.68.0-255,7156,114135,9,381515
13430,0.00082,172.31.36.0-255,66,114201,9,381515
13431,0.000825,74.125.68.0-255,4320,118521,9,381515
13432,0.000828,172.31.36.0-255,66,118587,9,381515
13433,0.000866,74.125.68.0-255,3602,122189,9,381515
13434,0.000869,172.31.36.0-255,66,122255,9,381515
13435,0.001121,74.125.68.0-255,1484,123739,9,381515
13436,0.001143,74.125.68.0-255,2902,126641,9,381515
13437,0.001147,172.31.36.0-255,66,126707,9,381515
13438,0.001153,74.125.68.0-255,4320,131027,9,381515
13439,0.001155,172.31.36.0-255,66,131093,9,381515
13440,0.001168,74.125.68.0-255,1484,132577,9,381515
13441,0.001186,74.125.68.0-255,4320,136897,9,381515
13442,0.001189,172.31.36.0-255,66,136963,9,381515
13443,0.001218,172.31.36.0-255,66,137029,9,381515
13444,0.001244,74.125.68.0-255,2902,139931,9,381515
13445,0.001248,172.31.36.0-255,66,139997,9,381515
13446,0.001276,172.31.36.0-255,66,140063,9,381515
13447,0.001432,74.125.68.0-255,1484,141547,9,381515
13448,0.001439,74.125.68.0-255,2902,144449,9,381515
13449,0.001442,172.31.36.0-255,66,144515,9,381515
13450,0.00149,74.125.68.0-255,5738,150253,9,381515
13451,0.001493,172.31.36.0-255,66,150319,9,381515
13452,0.001509,74.125.68.0-255,1484,151803,9,381515
13453,0.001526,74.125.68.0-255,5738,157541,9,381515
13454,0.001529,172.31.36.0-255,66,157607,9,381515
13455,0.001535,74.125.68.0-255,4320,161927,9,381515
13456,0.001537,172.31.36.0-255,66,161993,9,381515
13457,0.001572,74.125.68.0-255,4320,166313,9,381515
13458,0.001576,172.31.36.0-255,66,166379,9,381515
13459,0.001592,74.125.68.0-255,1484,167863,9,381515
13460,0.001595,74.125.68.0-255,1484,169347,9,381515
13461,0.001598,172.31.36.0-255,66,169413,9,381515
13462,0.001603,74.125.68.0-255,2902,172315,9,381515
13463,0.001606,172.31.36.0-255,66,172381,9,381515
13464,0.001636,74.125.68.0-255,2184,174565,9,381515
13465,0.00164,172.31.36.0-255,66,174631,9,381515
13466,0.001946,74.125.68.0-255,1484,176115,9,381515
13467,0.001953,74.125.68.0-255,2902,179017,9,381515
13468,0.001956,172.31.36.0-255,66,179083,9,381515
13469,0.001996,74.125.68.0-255,2902,181985,9,381515
13470,0.002001,172.31.36.0-255,66,182051,9,381515
13471,0.00201,74.125.68.0-255,2902,184953,9,381515
13472,0.002012,172.31.36.0-255,66,185019,9,381515
13473,0.002021,74.125.68.0-255,7156,192175,9,381515
13474,0.002023,172.31.36.0-255,66,192241,9,381515
13475,0.002043,74.125.68.0-255,2902,195143,9,381515
13476,0.002046,172.31.36.0-255,66,195209,9,381515
13477,0.002064,74.125.68.0-255,2902,198111,9,381515
13478,0.002069,172.31.36.0-255,66,198177,9,381515
13479,0.002089,74.125.68.0-255,5738,203915,9,381515
13480,0.002091,172.31.36.0-255,66,203981,9,381515
13481,0.002115,74.125.68.0-255,1484,205465,9,381515
13482,0.00212,74.125.68.0-255,2902,208367,9,381515
13483,0.002122,172.31.36.0-255,66,208433,9,381515
13484,0.002153,74.125.68.0-255,7156,215589,9,381515
13485,0.002156,172.31.36.0-255,66,215655,9,381515
13486,0.002171,74.125.68.0-255,5020,220675,9,381515
13487,0.002173,172.31.36.0-255,66,220741,9,381515
13488,0.002184,172.31.36.0-255,66,220807,9,381515
13489,0.00221,74.125.68.0-255,4320,225127,9,381515
13490,0.002212,172.31.36.0-255,66,225193,9,381515
13491,0.002219,74.125.68.0-255,7156,232349,9,381515
13492,0.002222,172.31.36.0-255,66,232415,9,381515
13493,0.002257,74.125.68.0-255,2902,235317,9,381515
13494,0.00226,172.31.36.0-255,66,235383,9,381515
13495,0.002274,74.125.68.0-255,5020,240403,9,381515
13496,0.002277,172.31.36.0-255,66,240469,9,381515
13497,0.00228,74.125.68.0-255,2902,243371,9,381515
13498,0.002282,172.31.36.0-255,66,243437,9,381515
13499,0.00229,74.125.68.0-255,7156,250593,9,381515
13500,0.002292,172.31.36.0-255,66,250659,9,381515
13501,0.004548,74.125.68.0-255,5738,256397,9,381515
13502,0.004556,172.31.36.0-255,66,256463,9,381515
13503,0.006807,74.125.68.0-255,5738,262201,9,381515
13504,0.006811,172.31.36.0-255,66,262267,9,381515
13505,0.009069,74.125.68.0-255,5738,268005,9,381515
13506,0.009075,172.31.36.0-255,66,268071,9,381515
13507,0.011339,74.125.68.0-255,5738,273809,9,381515
13508,0.011347,172.31.36.0-255,66,273875,9,381515
13509,0.0136,74.125.68.0-255,2902,276777,9,381515
13510,0.013608,172.31.36.0-255,66,276843,9,381515
13511,0.013626,74.125.68.0-255,2902,279745,9,381515
13512,0.013629,172.31.36.0-255,66,279811,9,381515
13513,0.015886,74.125.68.0-255,5738,285549,9,381515
13514,0.015893,172.31.36.0-255,66,285615,9,381515
13515,0.018162,74.125.68.0-255,5738,291353,9,381515
13516,0.018169,172.31.36.0-255,66,291419,9,381515
13517,0.020428,74.125.68.0-255,5738,297157,9,381515
13518,0.02044,172.31.36.0-255,66,297223,9,381515
13519,0.022709,74.125.68.0-255,5738,302961,9,381515
13520,0.022717,172.31.36.0-255,66,303027,9,381515
13521,0.024985,74.125.68.0-255,5738,308765,9,381515
13522,0.024993,172.31.36.0-255,66,308831,9,381515
13523,0.027241,74.125.68.0-255,5738,314569,9,381515
13524,0.027248,172.31.36.0-255,66,314635,9,381515
13525,0.029521,74.125.68.0-255,5738,320373,9,381515
13526,0.02953,172.31.36.0-255,66,320439,9,381515
13527,0.031788,74.125.68.0-255,5738,326177,9,381515
13528,0.031797,172.31.36.0-255,66,326243,9,381515
13529,0.034077,74.125.68.0-255,5738,331981,9,381515
13530,0.034088,172.31.36.0-255,66,332047,9,381515
13531,0.036035,172.31.36.0-255,235,332282,9,381515
13532,0.036071,172.31.36.0-255,960,333242,9,381515
13533,0.036142,172.31.36.0-255,1514,334756,9,381515
13534,0.036144,172.31.36.0-255,1514,336270,9,381515
13535,0.03615,172.31.36.0-255,1514,337784,9,381515
13536,0.036151,172.31.36.0-255,1514,339298,9,381515
13537,0.036169,172.31.36.0-255,1514,340812,9,381515
13538,0.036171,172.31.36.0-255,962,341774,9,381515
13539,0.036342,74.125.68.0-255,5738,347512,9,381515
13540,0.036349,172.31.36.0-255,66,347578,9,381515
13541,0.037587,104.244.42.0-255,66,347644,9,381515
13542,0.037654,104.244.42.0-255,66,347710,9,381515
13543,0.037736,104.244.42.0-255,66,347776,9,381515
13544,0.037742,104.244.42.0-255,66,347842,9,381515
13545,0.038615,74.125.68.0-255,5738,353580,9,381515
13546,0.038624,172.31.36.0-255,66,353646,9,381515
13547,0.040902,74.125.68.0-255,5738,359384,9,381515
13548,0.040923,172.31.36.0-255,66,359450,9,381515
13549,0.043213,74.125.68.0-255,5738,365188,9,381515
13550,0.04323,172.31.36.0-255,66,365254,9,381515
13551,0.045507,74.125.68.0-255,5738,370992,9,381515
13552,0.04552,172.31.36.0-255,66,371058,9,381515
13553,0.047779,74.125.68.0-255,5738,376796,9,381515
13554,0.04779,172.31.36.0-255,66,376862,9,381515
13555,0.050062,74.125.68.0-255,4242,381104,9,381515
13556,0.050072,172.31.36.0-255,66,381170,9,381515
13557,0.050289,172.31.36.0-255,105,381275,9,381515
13558,0.052532,74.125.68.0-255,66,381341,9,381515
13559,0.074919,172.31.36.0-255,108,381449,9,381515
13560,0.076467,104.244.42.0-255,66,381515,9,381515
13561,0.0,172.31.36.0-255,105,105,9,459
13562,0.000199,172.31.36.0-255,90,195,9,459
13563,0.00021,172.31.36.0-255,66,261,9,459
13564,0.002248,74.125.200.0-255,66,327,9,459
13565,0.002265,74.125.200.0-255,66,393,9,459
13566,0.002278,172.31.36.0-255,66,459,9,459
13567,0.0,74.125.68.0-255,153,153,9,314183
13568,2.7e-05,172.31.36.0-255,66,219,9,314183
13569,6e-05,74.125.68.0-255,1484,1703,9,314183
13570,6.5e-05,172.31.36.0-255,66,1769,9,314183
13571,6.8e-05,74.125.68.0-255,1484,3253,9,314183
13572,7.2e-05,172.31.36.0-255,66,3319,9,314183
13573,0.000116,74.125.68.0-255,1484,4803,9,314183
13574,0.000119,172.31.36.0-255,66,4869,9,314183
13575,0.000162,74.125.68.0-255,2902,7771,9,314183
13576,0.000165,172.31.36.0-255,66,7837,9,314183
13577,0.00022,74.125.68.0-255,2902,10739,9,314183
13578,0.000223,172.31.36.0-255,66,10805,9,314183
13579,0.000277,74.125.68.0-255,3410,14215,9,314183
13580,0.000284,172.31.36.0-255,66,14281,9,314183
13581,0.00032,74.125.68.0-255,1484,15765,9,314183
13582,0.000323,172.31.36.0-255,66,15831,9,314183
13583,0.000407,74.125.68.0-255,2902,18733,9,314183
13584,0.000412,172.31.36.0-255,66,18799,9,314183
13585,0.000437,74.125.68.0-255,1484,20283,9,314183
13586,0.00044,172.31.36.0-255,66,20349,9,314183
13587,0.000447,74.125.68.0-255,2902,23251,9,314183
13588,0.00045,172.31.36.0-255,66,23317,9,314183
13589,0.000454,74.125.68.0-255,2902,26219,9,314183
13590,0.000458,172.31.36.0-255,66,26285,9,314183
13591,0.000486,74.125.68.0-255,2902,29187,9,314183
13592,0.00049,172.31.36.0-255,66,29253,9,314183
13593,0.000494,74.125.68.0-255,2543,31796,9,314183
13594,0.000496,172.31.36.0-255,66,31862,9,314183
13595,0.000929,74.125.68.0-255,1484,33346,9,314183
13596,0.000935,172.31.36.0-255,66,33412,9,314183
13597,0.000945,74.125.68.0-255,2902,36314,9,314183
13598,0.000955,172.31.36.0-255,66,36380,9,314183
13599,0.000959,74.125.68.0-255,1484,37864,9,314183
13600,0.000979,74.125.68.0-255,2902,40766,9,314183
13601,0.001,74.125.68.0-255,5738,46504,9,314183
13602,0.001007,74.125.68.0-255,7156,53660,9,314183
13603,0.001056,74.125.68.0-255,3602,57262,9,314183
13604,0.001072,74.125.68.0-255,399,57661,9,314183
13605,0.001084,172.31.36.0-255,66,57727,9,314183
13606,0.003297,74.125.68.0-255,5738,63465,9,314183
13607,0.003303,172.31.36.0-255,66,63531,9,314183
13608,0.005506,74.125.68.0-255,5738,69269,9,314183
13609,0.00551,172.31.36.0-255,66,69335,9,314183
13610,0.007716,74.125.68.0-255,5738,75073,9,314183
13611,0.007724,172.31.36.0-255,66,75139,9,314183
13612,0.00994,74.125.68.0-255,5738,80877,9,314183
13613,0.009948,172.31.36.0-255,66,80943,9,314183
13614,0.012172,74.125.68.0-255,5738,86681,9,314183
13615,0.01218,172.31.36.0-255,66,86747,9,314183
13616,0.014409,74.125.68.0-255,5738,92485,9,314183
13617,0.014418,172.31.36.0-255,66,92551,9,314183
13618,0.016634,74.125.68.0-255,5738,98289,9,314183
13619,0.016643,172.31.36.0-255,66,98355,9,314183
13620,0.018857,74.125.68.0-255,5738,104093,9,314183
13621,0.018864,172.31.36.0-255,66,104159,9,314183
13622,0.021083,74.125.68.0-255,5738,109897,9,314183
13623,0.02109,172.31.36.0-255,66,109963,9,314183
13624,0.023302,74.125.68.0-255,5738,115701,9,314183
13625,0.023309,172.31.36.0-255,66,115767,9,314183
13626,0.025515,74.125.68.0-255,5738,121505,9,314183
13627,0.025522,172.31.36.0-255,66,121571,9,314183
13628,0.027741,74.125.68.0-255,5738,127309,9,314183
13629,0.027748,172.31.36.0-255,66,127375,9,314183
13630,0.029947,74.125.68.0-255,4320,131695,9,314183
13631,0.029954,172.31.36.0-255,66,131761,9,314183
13632,0.029984,74.125.68.0-255,1484,133245,9,314183
13633,0.030472,172.31.36.0-255,172,133417,9,314183
13634,0.030508,172.31.36.0-255,1070,134487,9,314183
13635,0.032036,104.244.42.0-255,66,134553,9,314183
13636,0.032073,104.244.42.0-255,66,134619,9,314183
13637,0.032156,74.125.68.0-255,4320,138939,9,314183
13638,0.03216,172.31.36.0-255,66,139005,9,314183
13639,0.034376,74.125.68.0-255,5738,144743,9,314183
13640,0.034432,172.31.36.0-255,66,144809,9,314183
13641,0.036635,74.125.68.0-255,5738,150547,9,314183
13642,0.03664,172.31.36.0-255,66,150613,9,314183
13643,0.038842,74.125.68.0-255,4320,154933,9,314183
13644,0.038848,172.31.36.0-255,66,154999,9,314183
13645,0.03888,74.125.68.0-255,1484,156483,9,314183
13646,0.041063,74.125.68.0-255,4320,160803,9,314183
13647,0.041069,172.31.36.0-255,66,160869,9,314183
13648,0.043286,74.125.68.0-255,4320,165189,9,314183
13649,0.043292,172.31.36.0-255,66,165255,9,314183
13650,0.043334,74.125.68.0-255,1484,166739,9,314183
13651,0.045509,74.125.68.0-255,1484,168223,9,314183
13652,0.045515,172.31.36.0-255,66,168289,9,314183
13653,0.045548,74.125.68.0-255,2902,171191,9,314183
13654,0.045566,172.31.36.0-255,66,171257,9,314183
13655,0.047719,74.125.68.0-255,2902,174159,9,314183
13656,0.047726,172.31.36.0-255,66,174225,9,314183
13657,0.047761,74.125.68.0-255,1484,175709,9,314183
13658,0.047778,74.125.68.0-255,1484,177193,9,314183
13659,0.047803,172.31.36.0-255,66,177259,9,314183
13660,0.049933,74.125.68.0-255,2902,180161,9,314183
13661,0.049939,172.31.36.0-255,66,180227,9,314183
13662,0.050011,74.125.68.0-255,2902,183129,9,314183
13663,0.050018,172.31.36.0-255,66,183195,9,314183
13664,0.052141,74.125.68.0-255,2902,186097,9,314183
13665,0.052147,172.31.36.0-255,66,186163,9,314183
13666,0.052215,74.125.68.0-255,1484,187647,9,314183
13667,0.052228,74.125.68.0-255,1484,189131,9,314183
13668,0.052235,172.31.36.0-255,66,189197,9,314183
13669,0.054362,74.125.68.0-255,2902,192099,9,314183
13670,0.054367,172.31.36.0-255,66,192165,9,314183
13671,0.054423,74.125.68.0-255,1484,193649,9,314183
13672,0.054437,74.125.68.0-255,1484,195133,9,314183
13673,0.054456,172.31.36.0-255,66,195199,9,314183
13674,0.056575,74.125.68.0-255,1484,196683,9,314183
13675,0.056602,74.125.68.0-255,1484,198167,9,314183
13676,0.056608,172.31.36.0-255,66,198233,9,314183
13677,0.056662,74.125.68.0-255,2902,201135,9,314183
13678,0.056668,172.31.36.0-255,66,201201,9,314183
13679,0.058818,74.125.68.0-255,2902,204103,9,314183
13680,0.058824,172.31.36.0-255,66,204169,9,314183
13681,0.058875,74.125.68.0-255,1484,205653,9,314183
13682,0.058889,74.125.68.0-255,1484,207137,9,314183
13683,0.058925,172.31.36.0-255,66,207203,9,314183
13684,0.061034,74.125.68.0-255,2902,210105,9,314183
13685,0.06104,172.31.36.0-255,66,210171,9,314183
13686,0.061136,74.125.68.0-255,2902,213073,9,314183
13687,0.061141,172.31.36.0-255,66,213139,9,314183
13688,0.063249,74.125.68.0-255,2902,216041,9,314183
13689,0.063255,172.31.36.0-255,66,216107,9,314183
13690,0.063343,74.125.68.0-255,2902,219009,9,314183
13691,0.06336,172.31.36.0-255,66,219075,9,314183
13692,0.06546,74.125.68.0-255,2902,221977,9,314183
13693,0.065465,172.31.36.0-255,66,222043,9,314183
13694,0.065562,74.125.68.0-255,1484,223527,9,314183
13695,0.065575,74.125.68.0-255,1484,225011,9,314183
13696,0.06558,172.31.36.0-255,66,225077,9,314183
13697,0.067684,74.125.68.0-255,2902,227979,9,314183
13698,0.067689,172.31.36.0-255,66,228045,9,314183
13699,0.067784,74.125.68.0-255,2902,230947,9,314183
13700,0.067789,172.31.36.0-255,66,231013,9,314183
13701,0.069889,74.125.68.0-255,2902,233915,9,314183
13702,0.069895,172.31.36.0-255,66,233981,9,314183
13703,0.069981,74.125.68.0-255,2902,236883,9,314183
13704,0.069989,172.31.36.0-255,66,236949,9,314183
13705,0.072112,74.125.68.0-255,2902,239851,9,314183
13706,0.072117,172.31.36.0-255,66,239917,9,314183
13707,0.072243,74.125.68.0-255,2902,242819,9,314183
13708,0.072249,172.31.36.0-255,66,242885,9,314183
13709,0.074323,74.125.68.0-255,2902,245787,9,314183
13710,0.074328,172.31.36.0-255,66,245853,9,314183
13711,0.074459,74.125.68.0-255,2902,248755,9,314183
13712,0.074465,172.31.36.0-255,66,248821,9,314183
13713,0.076529,74.125.68.0-255,2902,251723,9,314183
13714,0.076535,172.31.36.0-255,66,251789,9,314183
13715,0.076668,74.125.68.0-255,2902,254691,9,314183
13716,0.076674,172.31.36.0-255,66,254757,9,314183
13717,0.078743,74.125.68.0-255,2902,257659,9,314183
13718,0.078747,172.31.36.0-255,66,257725,9,314183
13719,0.078884,74.125.68.0-255,2902,260627,9,314183
13720,0.07889,172.31.36.0-255,66,260693,9,314183
13721,0.080945,74.125.68.0-255,2902,263595,9,314183
13722,0.080951,172.31.36.0-255,66,263661,9,314183
13723,0.081085,74.125.68.0-255,1484,265145,9,314183
13724,0.081099,74.125.68.0-255,1484,266629,9,314183
13725,0.081103,172.31.36.0-255,66,266695,9,314183
13726,0.083165,74.125.68.0-255,2902,269597,9,314183
13727,0.08317,172.31.36.0-255,66,269663,9,314183
13728,0.083302,74.125.68.0-255,2902,272565,9,314183
13729,0.083308,172.31.36.0-255,66,272631,9,314183
13730,0.085376,74.125.68.0-255,2902,275533,9,314183
13731,0.085385,172.31.36.0-255,66,275599,9,314183
13732,0.085505,74.125.68.0-255,2902,278501,9,314183
13733,0.08551,172.31.36.0-255,66,278567,9,314183
13734,0.087596,74.125.68.0-255,2902,281469,9,314183
13735,0.087601,172.31.36.0-255,66,281535,9,314183
13736,0.08771,74.125.68.0-255,2902,284437,9,314183
13737,0.087715,172.31.36.0-255,66,284503,9,314183
13738,0.089811,74.125.68.0-255,2902,287405,9,314183
13739,0.089817,172.31.36.0-255,66,287471,9,314183
13740,0.089907,74.125.68.0-255,2902,290373,9,314183
13741,0.089915,172.31.36.0-255,66,290439,9,314183
13742,0.092022,74.125.68.0-255,2902,293341,9,314183
13743,0.092029,172.31.36.0-255,66,293407,9,314183
13744,0.092108,74.125.68.0-255,2902,296309,9,314183
13745,0.092559,172.31.36.0-255,66,296375,9,314183
13746,0.094235,74.125.68.0-255,2902,299277,9,314183
13747,0.09424,172.31.36.0-255,66,299343,9,314183
13748,0.094764,74.125.68.0-255,2902,302245,9,314183
13749,0.09477,172.31.36.0-255,66,302311,9,314183
13750,0.096448,74.125.68.0-255,2902,305213,9,314183
13751,0.096454,172.31.36.0-255,66,305279,9,314183
13752,0.096977,74.125.68.0-255,2902,308181,9,314183
13753,0.096982,172.31.36.0-255,66,308247,9,314183
13754,0.09866,74.125.68.0-255,2902,311149,9,314183
13755,0.098666,172.31.36.0-255,66,311215,9,314183
13756,0.099187,74.125.68.0-255,2902,314117,9,314183
13757,0.099193,172.31.36.0-255,66,314183,9,314183
13758,0.0,74.125.68.0-255,153,153,9,408667
13759,2.2e-05,172.31.36.0-255,66,219,9,408667
13760,2.9e-05,74.125.68.0-255,1484,1703,9,408667
13761,3.4e-05,172.31.36.0-255,66,1769,9,408667
13762,4e-05,74.125.68.0-255,2902,4671,9,408667
13763,4.3e-05,172.31.36.0-255,66,4737,9,408667
13764,4.9e-05,74.125.68.0-255,4320,9057,9,408667
13765,5.2e-05,172.31.36.0-255,66,9123,9,408667
13766,5.6e-05,74.125.68.0-255,1484,10607,9,408667
13767,5.8e-05,172.31.36.0-255,66,10673,9,408667
13768,8e-05,74.125.68.0-255,3465,14138,9,408667
13769,8.3e-05,172.31.36.0-255,66,14204,9,408667
13770,8.6e-05,74.125.68.0-255,1484,15688,9,408667
13771,8.8e-05,172.31.36.0-255,66,15754,9,408667
13772,0.000107,74.125.68.0-255,1484,17238,9,408667
13773,0.000109,172.31.36.0-255,66,17304,9,408667
13774,0.000132,74.125.68.0-255,2902,20206,9,408667
13775,0.000135,172.31.36.0-255,66,20272,9,408667
13776,0.00016,74.125.68.0-255,5738,26010,9,408667
13777,0.000163,172.31.36.0-255,66,26076,9,408667
13778,0.000166,74.125.68.0-255,1484,27560,9,408667
13779,0.000169,172.31.36.0-255,66,27626,9,408667
13780,0.000174,74.125.68.0-255,2902,30528,9,408667
13781,0.000176,172.31.36.0-255,66,30594,9,408667
13782,0.000209,74.125.68.0-255,1125,31719,9,408667
13783,0.000212,172.31.36.0-255,66,31785,9,408667
13784,0.000297,74.125.68.0-255,1484,33269,9,408667
13785,0.000301,172.31.36.0-255,66,33335,9,408667
13786,0.000307,74.125.68.0-255,2902,36237,9,408667
13787,0.000309,172.31.36.0-255,66,36303,9,408667
13788,0.000332,74.125.68.0-255,4320,40623,9,408667
13789,0.000335,172.31.36.0-255,66,40689,9,408667
13790,0.000338,74.125.68.0-255,1484,42173,9,408667
13791,0.000357,74.125.68.0-255,7156,49329,9,408667
13792,0.00036,172.31.36.0-255,66,49395,9,408667
13793,0.000366,74.125.68.0-255,5738,55133,9,408667
13794,0.000368,172.31.36.0-255,66,55199,9,408667
13795,0.000393,74.125.68.0-255,7156,62355,9,408667
13796,0.000396,172.31.36.0-255,66,62421,9,408667
13797,0.00043,74.125.68.0-255,3602,66023,9,408667
13798,0.000432,172.31.36.0-255,66,66089,9,408667
13799,0.000445,74.125.68.0-255,444,66533,9,408667
13800,0.000574,74.125.68.0-255,1484,68017,9,408667
13801,0.00058,172.31.36.0-255,66,68083,9,408667
13802,0.000585,74.125.68.0-255,2902,70985,9,408667
13803,0.000588,172.31.36.0-255,66,71051,9,408667
13804,0.000611,74.125.68.0-255,5738,76789,9,408667
13805,0.000615,172.31.36.0-255,66,76855,9,408667
13806,0.000621,74.125.68.0-255,5738,82593,9,408667
13807,0.000623,172.31.36.0-255,66,82659,9,408667
13808,0.000651,74.125.68.0-255,7156,89815,9,408667
13809,0.000654,172.31.36.0-255,66,89881,9,408667
13810,0.000665,74.125.68.0-255,1484,91365,9,408667
13811,0.000701,172.31.36.0-255,66,91431,9,408667
13812,0.001037,74.125.68.0-255,1484,92915,9,408667
13813,0.001063,74.125.68.0-255,2902,95817,9,408667
13814,0.001068,172.31.36.0-255,66,95883,9,408667
13815,0.001098,74.125.68.0-255,1484,97367,9,408667
13816,0.001134,74.125.68.0-255,2902,100269,9,408667
13817,0.001137,172.31.36.0-255,66,100335,9,408667
13818,0.001141,74.125.68.0-255,1484,101819,9,408667
13819,0.001155,74.125.68.0-255,2902,104721,9,408667
13820,0.001158,172.31.36.0-255,66,104787,9,408667
13821,0.001183,74.125.68.0-255,4320,109107,9,408667
13822,0.001186,172.31.36.0-255,66,109173,9,408667
13823,0.00121,74.125.68.0-255,4320,113493,9,408667
13824,0.001213,172.31.36.0-255,66,113559,9,408667
13825,0.001221,74.125.68.0-255,5738,119297,9,408667
13826,0.001223,172.31.36.0-255,66,119363,9,408667
13827,0.00123,74.125.68.0-255,6438,125801,9,408667
13828,0.001233,172.31.36.0-255,66,125867,9,408667
13829,0.001306,74.125.68.0-255,1484,127351,9,408667
13830,0.001333,74.125.68.0-255,1484,128835,9,408667
13831,0.001336,172.31.36.0-255,66,128901,9,408667
13832,0.00139,74.125.68.0-255,2902,131803,9,408667
13833,0.001393,172.31.36.0-255,66,131869,9,408667
13834,0.001456,74.125.68.0-255,1484,133353,9,408667
13835,0.001483,74.125.68.0-255,1484,134837,9,408667
13836,0.001486,172.31.36.0-255,66,134903,9,408667
13837,0.001508,74.125.68.0-255,2902,137805,9,408667
13838,0.00151,172.31.36.0-255,66,137871,9,408667
13839,0.001547,74.125.68.0-255,1484,139355,9,408667
13840,0.001552,74.125.68.0-255,2902,142257,9,408667
13841,0.001554,172.31.36.0-255,66,142323,9,408667
13842,0.001582,74.125.68.0-255,1484,143807,9,408667
13843,0.001605,74.125.68.0-255,4320,148127,9,408667
13844,0.001607,172.31.36.0-255,66,148193,9,408667
13845,0.001626,74.125.68.0-255,1484,149677,9,408667
13846,0.001643,74.125.68.0-255,5738,155415,9,408667
13847,0.001645,172.31.36.0-255,66,155481,9,408667
13848,0.001649,74.125.68.0-255,1484,156965,9,408667
13849,0.001667,74.125.68.0-255,3602,160567,9,408667
13850,0.001673,172.31.36.0-255,66,160633,9,408667
13851,0.001992,74.125.68.0-255,1484,162117,9,408667
13852,0.002023,74.125.68.0-255,2902,165019,9,408667
13853,0.002027,172.31.36.0-255,66,165085,9,408667
13854,0.002035,74.125.68.0-255,5738,170823,9,408667
13855,0.002037,172.31.36.0-255,66,170889,9,408667
13856,0.002054,74.125.68.0-255,2902,173791,9,408667
13857,0.002056,172.31.36.0-255,66,173857,9,408667
13858,0.002062,74.125.68.0-255,4320,178177,9,408667
13859,0.002064,172.31.36.0-255,66,178243,9,408667
13860,0.002069,74.125.68.0-255,2902,181145,9,408667
13861,0.002071,172.31.36.0-255,66,181211,9,408667
13862,0.002117,74.125.68.0-255,5738,186949,9,408667
13863,0.002121,172.31.36.0-255,66,187015,9,408667
13864,0.002128,74.125.68.0-255,7156,194171,9,408667
13865,0.00213,172.31.36.0-255,66,194237,9,408667
13866,0.002133,74.125.68.0-255,766,195003,9,408667
13867,0.002212,74.125.68.0-255,1484,196487,9,408667
13868,0.002216,172.31.36.0-255,66,196553,9,408667
13869,0.002236,74.125.68.0-255,2902,199455,9,408667
13870,0.002238,172.31.36.0-255,66,199521,9,408667
13871,0.002242,74.125.68.0-255,2902,202423,9,408667
13872,0.002244,172.31.36.0-255,66,202489,9,408667
13873,0.002248,74.125.68.0-255,1484,203973,9,408667
13874,0.002279,74.125.68.0-255,2902,206875,9,408667
13875,0.002283,172.31.36.0-255,66,206941,9,408667
13876,0.002293,172.31.36.0-255,66,207007,9,408667
13877,0.002297,74.125.68.0-255,1484,208491,9,408667
13878,0.004547,74.125.68.0-255,4320,212811,9,408667
13879,0.004554,172.31.36.0-255,66,212877,9,408667
13880,0.006802,74.125.68.0-255,4320,217197,9,408667
13881,0.006806,172.31.36.0-255,66,217263,9,408667
13882,0.006825,74.125.68.0-255,1484,218747,9,408667
13883,0.009073,74.125.68.0-255,4320,223067,9,408667
13884,0.009081,172.31.36.0-255,66,223133,9,408667
13885,0.01137,74.125.68.0-255,5738,228871,9,408667
13886,0.01138,172.31.36.0-255,66,228937,9,408667
13887,0.013651,74.125.68.0-255,5738,234675,9,408667
13888,0.013662,172.31.36.0-255,66,234741,9,408667
13889,0.015935,74.125.68.0-255,5738,240479,9,408667
13890,0.015954,172.31.36.0-255,66,240545,9,408667
13891,0.01823,74.125.68.0-255,5738,246283,9,408667
13892,0.018243,172.31.36.0-255,66,246349,9,408667
13893,0.020503,74.125.68.0-255,5738,252087,9,408667
13894,0.020512,172.31.36.0-255,66,252153,9,408667
13895,0.022787,74.125.68.0-255,5738,257891,9,408667
13896,0.022796,172.31.36.0-255,66,257957,9,408667
13897,0.025072,74.125.68.0-255,5738,263695,9,408667
13898,0.025083,172.31.36.0-255,66,263761,9,408667
13899,0.027345,74.125.68.0-255,5738,269499,9,408667
13900,0.027359,172.31.36.0-255,66,269565,9,408667
13901,0.029627,74.125.68.0-255,5738,275303,9,408667
13902,0.029639,172.31.36.0-255,66,275369,9,408667
13903,0.031918,74.125.68.0-255,5738,281107,9,408667
13904,0.03193,172.31.36.0-255,66,281173,9,408667
13905,0.0342,74.125.68.0-255,5738,286911,9,408667
13906,0.03421,172.31.36.0-255,66,286977,9,408667
13907,0.03521,172.31.36.0-255,168,287145,9,408667
13908,0.035244,172.31.36.0-255,1123,288268,9,408667
13909,0.0353,172.31.36.0-255,1514,289782,9,408667
13910,0.035302,172.31.36.0-255,1010,290792,9,408667
13911,0.036472,74.125.68.0-255,5738,296530,9,408667
13912,0.036481,172.31.36.0-255,66,296596,9,408667
13913,0.0368,104.244.42.0-255,66,296662,9,408667
13914,0.036809,104.244.42.0-255,66,296728,9,408667
13915,0.037001,104.244.42.0-255,66,296794,9,408667
13916,0.038756,74.125.68.0-255,5738,302532,9,408667
13917,0.038763,172.31.36.0-255,66,302598,9,408667
13918,0.041034,74.125.68.0-255,5738,308336,9,408667
13919,0.041041,172.31.36.0-255,66,308402,9,408667
13920,0.043314,74.125.68.0-255,5738,314140,9,408667
13921,0.043323,172.31.36.0-255,66,314206,9,408667
13922,0.045615,74.125.68.0-255,5738,319944,9,408667
13923,0.045622,172.31.36.0-255,66,320010,9,408667
13924,0.047893,74.125.68.0-255,5738,325748,9,408667
13925,0.047899,172.31.36.0-255,66,325814,9,408667
13926,0.050169,74.125.68.0-255,5738,331552,9,408667
13927,0.050176,172.31.36.0-255,66,331618,9,408667
13928,0.052447,74.125.68.0-255,5738,337356,9,408667
13929,0.052455,172.31.36.0-255,66,337422,9,408667
13930,0.054726,74.125.68.0-255,5738,343160,9,408667
13931,0.054733,172.31.36.0-255,66,343226,9,408667
13932,0.05701,74.125.68.0-255,5738,348964,9,408667
13933,0.057016,172.31.36.0-255,66,349030,9,408667
13934,0.059304,74.125.68.0-255,5738,354768,9,408667
13935,0.059311,172.31.36.0-255,66,354834,9,408667
13936,0.061587,74.125.68.0-255,5738,360572,9,408667
13937,0.061594,172.31.36.0-255,66,360638,9,408667
13938,0.063856,74.125.68.0-255,5738,366376,9,408667
13939,0.063863,172.31.36.0-255,66,366442,9,408667
13940,0.06614,74.125.68.0-255,5738,372180,9,408667
13941,0.066147,172.31.36.0-255,66,372246,9,408667
13942,0.068415,74.125.68.0-255,5738,377984,9,408667
13943,0.068422,172.31.36.0-255,66,378050,9,408667
13944,0.070696,74.125.68.0-255,5738,383788,9,408667
13945,0.070703,172.31.36.0-255,66,383854,9,408667
13946,0.072977,74.125.68.0-255,5738,389592,9,408667
13947,0.072983,172.31.36.0-255,66,389658,9,408667
13948,0.075252,74.125.68.0-255,5738,395396,9,408667
13949,0.075259,172.31.36.0-255,66,395462,9,408667
13950,0.077519,74.125.68.0-255,5738,401200,9,408667
13951,0.077526,172.31.36.0-255,66,401266,9,408667
13952,0.079784,74.125.68.0-255,5738,407004,9,408667
13953,0.07979,172.31.36.0-255,66,407070,9,408667
13954,0.082046,74.125.68.0-255,1360,408430,9,408667
13955,0.082182,172.31.36.0-255,66,408496,9,408667
13956,0.082218,172.31.36.0-255,105,408601,9,408667
13957,0.084438,74.125.68.0-255,66,408667,9,408667
13958,0.0,172.31.36.0-255,105,105,9,276
13959,0.002041,157.240.13.0-255,105,210,9,276
13960,0.002057,172.31.36.0-255,66,276,9,276
13961,0.0,172.217.194.0-255,226,226,9,309153
13962,3.4e-05,172.31.36.0-255,66,292,9,309153
13963,4.1e-05,172.217.194.0-255,1484,1776,9,309153
13964,4.6e-05,172.31.36.0-255,66,1842,9,309153
13965,6.1e-05,172.217.194.0-255,4320,6162,9,309153
13966,6.5e-05,172.31.36.0-255,66,6228,9,309153
13967,0.00023,172.217.194.0-255,5738,11966,9,309153
13968,0.000237,172.31.36.0-255,66,12032,9,309153
13969,0.000264,172.217.194.0-255,3394,15426,9,309153
13970,0.000267,172.31.36.0-255,66,15492,9,309153
13971,0.000604,172.31.36.0-255,66,15558,9,309153
13972,0.000947,172.217.194.0-255,4320,19878,9,309153
13973,0.000954,172.31.36.0-255,66,19944,9,309153
13974,0.000982,172.217.194.0-255,2543,22487,9,309153
13975,0.000986,172.31.36.0-255,66,22553,9,309153
13976,0.002075,172.217.194.0-255,1515,24068,9,309153
13977,0.002083,172.31.36.0-255,66,24134,9,309153
13978,0.00303,172.217.194.0-255,2902,27036,9,309153
13979,0.003033,172.31.36.0-255,66,27102,9,309153
13980,0.004152,172.217.194.0-255,2902,30004,9,309153
13981,0.004159,172.31.36.0-255,66,30070,9,309153
13982,0.005089,172.217.194.0-255,2902,32972,9,309153
13983,0.005095,172.31.36.0-255,66,33038,9,309153
13984,0.006209,172.217.194.0-255,2902,35940,9,309153
13985,0.006215,172.31.36.0-255,66,36006,9,309153
13986,0.007152,172.217.194.0-255,1453,37459,9,309153
13987,0.007159,172.31.36.0-255,66,37525,9,309153
13988,0.007168,172.217.194.0-255,1484,39009,9,309153
13989,0.00717,172.31.36.0-255,66,39075,9,309153
13990,0.008276,172.217.194.0-255,2902,41977,9,309153
13991,0.008282,172.31.36.0-255,66,42043,9,309153
13992,0.009216,172.217.194.0-255,2902,44945,9,309153
13993,0.009223,172.31.36.0-255,66,45011,9,309153
13994,0.010325,172.217.194.0-255,2902,47913,9,309153
13995,0.010331,172.31.36.0-255,66,47979,9,309153
13996,0.011289,172.217.194.0-255,2902,50881,9,309153
13997,0.011295,172.31.36.0-255,66,50947,9,309153
13998,0.012365,172.217.194.0-255,1484,52431,9,309153
13999,0.012372,172.31.36.0-255,66,52497,9,309153
14000,0.012405,172.217.194.0-255,1484,53981,9,309153
14001,0.01241,172.31.36.0-255,66,54047,9,309153
14002,0.013314,172.217.194.0-255,2902,56949,9,309153
14003,0.01332,172.31.36.0-255,66,57015,9,309153
14004,0.014395,172.217.194.0-255,1484,58499,9,309153
14005,0.014404,172.31.36.0-255,66,58565,9,309153
14006,0.014463,172.217.194.0-255,1484,60049,9,309153
14007,0.014468,172.31.36.0-255,66,60115,9,309153
14008,0.015366,172.217.194.0-255,2902,63017,9,309153
14009,0.015373,172.31.36.0-255,66,63083,9,309153
14010,0.016475,172.217.194.0-255,1484,64567,9,309153
14011,0.016481,172.31.36.0-255,66,64633,9,309153
14012,0.017427,172.217.194.0-255,2902,67535,9,309153
14013,0.017434,172.31.36.0-255,66,67601,9,309153
14014,0.017471,172.217.194.0-255,1484,69085,9,309153
14015,0.018547,172.217.194.0-255,1484,70569,9,309153
14016,0.018554,172.31.36.0-255,66,70635,9,309153
14017,0.01948,172.217.194.0-255,2902,73537,9,309153
14018,0.019486,172.31.36.0-255,66,73603,9,309153
14019,0.020583,172.217.194.0-255,2902,76505,9,309153
14020,0.020589,172.31.36.0-255,66,76571,9,309153
14021,0.021533,172.217.194.0-255,2902,79473,9,309153
14022,0.021539,172.31.36.0-255,66,79539,9,309153
14023,0.022641,172.217.194.0-255,2902,82441,9,309153
14024,0.022647,172.31.36.0-255,66,82507,9,309153
14025,0.023615,172.217.194.0-255,2902,85409,9,309153
14026,0.023622,172.31.36.0-255,66,85475,9,309153
14027,0.024703,172.217.194.0-255,2902,88377,9,309153
14028,0.024711,172.31.36.0-255,66,88443,9,309153
14029,0.02565,172.217.194.0-255,2902,91345,9,309153
14030,0.025657,172.31.36.0-255,66,91411,9,309153
14031,0.026754,172.217.194.0-255,2902,94313,9,309153
14032,0.026761,172.31.36.0-255,66,94379,9,309153
14033,0.027702,172.217.194.0-255,2902,97281,9,309153
14034,0.027709,172.31.36.0-255,66,97347,9,309153
14035,0.028836,172.217.194.0-255,2902,100249,9,309153
14036,0.028844,172.31.36.0-255,66,100315,9,309153
14037,0.029772,172.217.194.0-255,2902,103217,9,309153
14038,0.029779,172.31.36.0-255,66,103283,9,309153
14039,0.030923,172.217.194.0-255,2902,106185,9,309153
14040,0.030929,172.31.36.0-255,66,106251,9,309153
14041,0.031846,172.217.194.0-255,2902,109153,9,309153
14042,0.031853,172.31.36.0-255,66,109219,9,309153
14043,0.033009,172.217.194.0-255,2902,112121,9,309153
14044,0.033015,172.31.36.0-255,66,112187,9,309153
14045,0.033911,172.217.194.0-255,2902,115089,9,309153
14046,0.033917,172.31.36.0-255,66,115155,9,309153
14047,0.035078,172.217.194.0-255,2902,118057,9,309153
14048,0.035086,172.31.36.0-255,66,118123,9,309153
14049,0.035965,172.217.194.0-255,2902,121025,9,309153
14050,0.035973,172.31.36.0-255,66,121091,9,309153
14051,0.037166,172.217.194.0-255,2902,123993,9,309153
14052,0.037173,172.31.36.0-255,66,124059,9,309153
14053,0.038003,172.217.194.0-255,2902,126961,9,309153
14054,0.03801,172.31.36.0-255,66,127027,9,309153
14055,0.039226,172.217.194.0-255,2902,129929,9,309153
14056,0.039232,172.31.36.0-255,66,129995,9,309153
14057,0.040047,172.217.194.0-255,2902,132897,9,309153
14058,0.040055,172.31.36.0-255,66,132963,9,309153
14059,0.041294,172.217.194.0-255,2902,135865,9,309153
14060,0.041301,172.31.36.0-255,66,135931,9,309153
14061,0.042098,172.217.194.0-255,2902,138833,9,309153
14062,0.042105,172.31.36.0-255,66,138899,9,309153
14063,0.043341,172.217.194.0-255,2902,141801,9,309153
14064,0.043348,172.31.36.0-255,66,141867,9,309153
14065,0.044135,172.217.194.0-255,2902,144769,9,309153
14066,0.044141,172.31.36.0-255,66,144835,9,309153
14067,0.045397,172.217.194.0-255,2902,147737,9,309153
14068,0.045404,172.31.36.0-255,66,147803,9,309153
14069,0.046204,172.217.194.0-255,2902,150705,9,309153
14070,0.046211,172.31.36.0-255,66,150771,9,309153
14071,0.04747,172.217.194.0-255,2902,153673,9,309153
14072,0.047477,172.31.36.0-255,66,153739,9,309153
14073,0.04827,172.217.194.0-255,2902,156641,9,309153
14074,0.048277,172.31.36.0-255,66,156707,9,309153
14075,0.049617,172.217.194.0-255,2902,159609,9,309153
14076,0.049627,172.31.36.0-255,66,159675,9,309153
14077,0.050334,172.217.194.0-255,2902,162577,9,309153
14078,0.050344,172.31.36.0-255,66,162643,9,309153
14079,0.05166,172.217.194.0-255,2902,165545,9,309153
14080,0.051669,172.31.36.0-255,66,165611,9,309153
14081,0.052415,172.217.194.0-255,2902,168513,9,309153
14082,0.052422,172.31.36.0-255,66,168579,9,309153
14083,0.053726,172.217.194.0-255,2902,171481,9,309153
14084,0.053733,172.31.36.0-255,66,171547,9,309153
14085,0.054466,172.217.194.0-255,2902,174449,9,309153
14086,0.054473,172.31.36.0-255,66,174515,9,309153
14087,0.055796,172.217.194.0-255,2902,177417,9,309153
14088,0.055808,172.31.36.0-255,66,177483,9,309153
14089,0.056529,172.217.194.0-255,2902,180385,9,309153
14090,0.056535,172.31.36.0-255,66,180451,9,309153
14091,0.05786,172.217.194.0-255,2902,183353,9,309153
14092,0.057867,172.31.36.0-255,66,183419,9,309153
14093,0.058568,172.217.194.0-255,2902,186321,9,309153
14094,0.058576,172.31.36.0-255,66,186387,9,309153
14095,0.059704,172.31.36.0-255,172,186559,9,309153
14096,0.059736,172.31.36.0-255,1118,187677,9,309153
14097,0.059779,172.31.36.0-255,1514,189191,9,309153
14098,0.059781,172.31.36.0-255,780,189971,9,309153
14099,0.059926,172.217.194.0-255,2902,192873,9,309153
14100,0.059932,172.31.36.0-255,66,192939,9,309153
14101,0.06062,172.217.194.0-255,2902,195841,9,309153
14102,0.060627,172.31.36.0-255,66,195907,9,309153
14103,0.061276,104.244.42.0-255,66,195973,9,309153
14104,0.061311,104.244.42.0-255,66,196039,9,309153
14105,0.061435,104.244.42.0-255,66,196105,9,309153
14106,0.061981,172.217.194.0-255,2902,199007,9,309153
14107,0.061985,172.31.36.0-255,66,199073,9,309153
14108,0.062654,172.217.194.0-255,2902,201975,9,309153
14109,0.062659,172.31.36.0-255,66,202041,9,309153
14110,0.064041,172.217.194.0-255,2902,204943,9,309153
14111,0.064047,172.31.36.0-255,66,205009,9,309153
14112,0.064697,172.217.194.0-255,2902,207911,9,309153
14113,0.064703,172.31.36.0-255,66,207977,9,309153
14114,0.066099,172.217.194.0-255,2902,210879,9,309153
14115,0.066104,172.31.36.0-255,66,210945,9,309153
14116,0.066729,172.217.194.0-255,2902,213847,9,309153
14117,0.066735,172.31.36.0-255,66,213913,9,309153
14118,0.068153,172.217.194.0-255,1484,215397,9,309153
14119,0.068159,172.31.36.0-255,66,215463,9,309153
14120,0.068194,172.217.194.0-255,1484,216947,9,309153
14121,0.068197,172.31.36.0-255,66,217013,9,309153
14122,0.068789,172.217.194.0-255,2902,219915,9,309153
14123,0.068795,172.31.36.0-255,66,219981,9,309153
14124,0.070202,172.217.194.0-255,1484,221465,9,309153
14125,0.070208,172.31.36.0-255,66,221531,9,309153
14126,0.070858,172.217.194.0-255,4320,225851,9,309153
14127,0.070863,172.31.36.0-255,66,225917,9,309153
14128,0.072245,172.217.194.0-255,1484,227401,9,309153
14129,0.072252,172.31.36.0-255,66,227467,9,309153
14130,0.072923,172.217.194.0-255,4320,231787,9,309153
14131,0.072928,172.31.36.0-255,66,231853,9,309153
14132,0.074314,172.217.194.0-255,1484,233337,9,309153
14133,0.074323,172.31.36.0-255,66,233403,9,309153
14134,0.074974,172.217.194.0-255,1484,234887,9,309153
14135,0.07498,172.31.36.0-255,66,234953,9,309153
14136,0.075021,172.217.194.0-255,2902,237855,9,309153
14137,0.075032,172.31.36.0-255,66,237921,9,309153
14138,0.076338,172.217.194.0-255,1484,239405,9,309153
14139,0.076346,172.31.36.0-255,66,239471,9,309153
14140,0.077092,172.217.194.0-255,4320,243791,9,309153
14141,0.077098,172.31.36.0-255,66,243857,9,309153
14142,0.078399,172.217.194.0-255,1484,245341,9,309153
14143,0.078404,172.31.36.0-255,66,245407,9,309153
14144,0.079149,172.217.194.0-255,4320,249727,9,309153
14145,0.079154,172.31.36.0-255,66,249793,9,309153
14146,0.080431,172.217.194.0-255,1484,251277,9,309153
14147,0.080436,172.31.36.0-255,66,251343,9,309153
14148,0.081185,172.217.194.0-255,4320,255663,9,309153
14149,0.081191,172.31.36.0-255,66,255729,9,309153
14150,0.082485,172.217.194.0-255,1484,257213,9,309153
14151,0.082491,172.31.36.0-255,66,257279,9,309153
14152,0.083277,172.217.194.0-255,4320,261599,9,309153
14153,0.083283,172.31.36.0-255,66,261665,9,309153
14154,0.084526,172.217.194.0-255,1484,263149,9,309153
14155,0.084532,172.31.36.0-255,66,263215,9,309153
14156,0.085307,172.217.194.0-255,4320,267535,9,309153
14157,0.085313,172.31.36.0-255,66,267601,9,309153
14158,0.08658,172.217.194.0-255,1484,269085,9,309153
14159,0.086585,172.31.36.0-255,66,269151,9,309153
14160,0.087349,172.217.194.0-255,4320,273471,9,309153
14161,0.087354,172.31.36.0-255,66,273537,9,309153
14162,0.088634,172.217.194.0-255,1484,275021,9,309153
14163,0.088639,172.31.36.0-255,66,275087,9,309153
14164,0.089386,172.217.194.0-255,4320,279407,9,309153
14165,0.089391,172.31.36.0-255,66,279473,9,309153
14166,0.090697,172.217.194.0-255,1484,280957,9,309153
14167,0.090703,172.31.36.0-255,66,281023,9,309153
14168,0.091453,172.217.194.0-255,4320,285343,9,309153
14169,0.091459,172.31.36.0-255,66,285409,9,309153
14170,0.092746,172.217.194.0-255,1484,286893,9,309153
14171,0.092752,172.31.36.0-255,66,286959,9,309153
14172,0.093515,172.217.194.0-255,4320,291279,9,309153
14173,0.093521,172.31.36.0-255,66,291345,9,309153
14174,0.094794,172.217.194.0-255,1484,292829,9,309153
14175,0.094799,172.31.36.0-255,66,292895,9,309153
14176,0.095568,172.217.194.0-255,4320,297215,9,309153
14177,0.095574,172.31.36.0-255,66,297281,9,309153
14178,0.096849,172.217.194.0-255,1484,298765,9,309153
14179,0.096856,172.31.36.0-255,66,298831,9,309153
14180,0.097617,172.217.194.0-255,4320,303151,9,309153
14181,0.097624,172.31.36.0-255,66,303217,9,309153
14182,0.098884,172.217.194.0-255,1484,304701,9,309153
14183,0.09889,172.31.36.0-255,66,304767,9,309153
14184,0.099676,172.217.194.0-255,4320,309087,9,309153
14185,0.099682,172.31.36.0-255,66,309153,9,309153
14186,0.0,172.217.194.0-255,143,143,9,345864
14187,3.7e-05,172.31.36.0-255,66,209,9,345864
14188,4.5e-05,172.217.194.0-255,1484,1693,9,345864
14189,5.1e-05,172.31.36.0-255,66,1759,9,345864
14190,6.4e-05,172.217.194.0-255,2902,4661,9,345864
14191,6.8e-05,172.31.36.0-255,66,4727,9,345864
14192,7.1e-05,172.217.194.0-255,1484,6211,9,345864
14193,7.4e-05,172.31.36.0-255,66,6277,9,345864
14194,8.1e-05,172.217.194.0-255,7156,13433,9,345864
14195,8.4e-05,172.31.36.0-255,66,13499,9,345864
14196,9.9e-05,172.217.194.0-255,2028,15527,9,345864
14197,0.000101,172.31.36.0-255,66,15593,9,345864
14198,0.000116,172.31.36.0-255,66,15659,9,345864
14199,0.000153,172.217.194.0-255,6797,22456,9,345864
14200,0.000157,172.31.36.0-255,66,22522,9,345864
14201,0.000183,172.217.194.0-255,1484,24006,9,345864
14202,0.000185,172.31.36.0-255,66,24072,9,345864
14203,0.000192,172.217.194.0-255,2902,26974,9,345864
14204,0.000195,172.31.36.0-255,66,27040,9,345864
14205,0.000235,172.217.194.0-255,5738,32778,9,345864
14206,0.000238,172.31.36.0-255,66,32844,9,345864
14207,0.000262,172.31.36.0-255,66,32910,9,345864
14208,0.000275,172.31.36.0-255,66,32976,9,345864
14209,0.000364,172.217.194.0-255,647,33623,9,345864
14210,0.000369,172.31.36.0-255,66,33689,9,345864
14211,0.000521,172.217.194.0-255,1484,35173,9,345864
14212,0.000526,172.31.36.0-255,66,35239,9,345864
14213,0.000532,172.217.194.0-255,2902,38141,9,345864
14214,0.000534,172.31.36.0-255,66,38207,9,345864
14215,0.000571,172.217.194.0-255,5738,43945,9,345864
14216,0.000575,172.217.194.0-255,2902,46847,9,345864
14217,0.000577,172.31.36.0-255,66,46913,9,345864
14218,0.000581,172.31.36.0-255,66,46979,9,345864
14219,0.000588,172.217.194.0-255,4320,51299,9,345864
14220,0.000591,172.31.36.0-255,66,51365,9,345864
14221,0.000636,172.217.194.0-255,5738,57103,9,345864
14222,0.000641,172.31.36.0-255,66,57169,9,345864
14223,0.00066,172.31.36.0-255,66,57235,9,345864
14224,0.000664,172.217.194.0-255,2184,59419,9,345864
14225,0.000669,172.31.36.0-255,66,59485,9,345864
14226,0.000798,172.217.194.0-255,1484,60969,9,345864
14227,0.000804,172.217.194.0-255,1484,62453,9,345864
14228,0.000808,172.31.36.0-255,66,62519,9,345864
14229,0.000826,172.217.194.0-255,1484,64003,9,345864
14230,0.000835,172.217.194.0-255,5738,69741,9,345864
14231,0.000838,172.31.36.0-255,66,69807,9,345864
14232,0.000866,172.217.194.0-255,5738,75545,9,345864
14233,0.00087,172.31.36.0-255,66,75611,9,345864
14234,0.000904,172.217.194.0-255,7156,82767,9,345864
14235,0.000909,172.31.36.0-255,66,82833,9,345864
14236,0.000927,172.31.36.0-255,66,82899,9,345864
14237,0.000991,172.217.194.0-255,1484,84383,9,345864
14238,0.001007,172.217.194.0-255,2902,87285,9,345864
14239,0.001011,172.31.36.0-255,66,87351,9,345864
14240,0.001017,172.217.194.0-255,4320,91671,9,345864
14241,0.001019,172.31.36.0-255,66,91737,9,345864
14242,0.001047,172.217.194.0-255,1484,93221,9,345864
14243,0.00106,172.31.36.0-255,66,93287,9,345864
14244,0.001103,172.217.194.0-255,4320,97607,9,345864
14245,0.001107,172.31.36.0-255,66,97673,9,345864
14246,0.001115,172.217.194.0-255,7156,104829,9,345864
14247,0.001118,172.31.36.0-255,66,104895,9,345864
14248,0.001129,172.217.194.0-255,3602,108497,9,345864
14249,0.001132,172.31.36.0-255,66,108563,9,345864
14250,0.001804,172.217.194.0-255,1484,110047,9,345864
14251,0.001813,172.217.194.0-255,2902,112949,9,345864
14252,0.001817,172.31.36.0-255,66,113015,9,345864
14253,0.001823,172.217.194.0-255,1484,114499,9,345864
14254,0.001845,172.217.194.0-255,4320,118819,9,345864
14255,0.001847,172.31.36.0-255,66,118885,9,345864
14256,0.00186,172.31.36.0-255,66,118951,9,345864
14257,0.00189,172.217.194.0-255,1484,120435,9,345864
14258,0.001905,172.31.36.0-255,66,120501,9,345864
14259,0.003989,172.217.194.0-255,5738,126239,9,345864
14260,0.003998,172.31.36.0-255,66,126305,9,345864
14261,0.006064,172.217.194.0-255,1484,127789,9,345864
14262,0.006084,172.217.194.0-255,4320,132109,9,345864
14263,0.006087,172.31.36.0-255,66,132175,9,345864
14264,0.008191,172.217.194.0-255,5738,137913,9,345864
14265,0.008198,172.31.36.0-255,66,137979,9,345864
14266,0.01034,172.217.194.0-255,5738,143717,9,345864
14267,0.010357,172.31.36.0-255,66,143783,9,345864
14268,0.012476,172.217.194.0-255,5738,149521,9,345864
14269,0.01251,172.31.36.0-255,66,149587,9,345864
14270,0.014632,172.217.194.0-255,5738,155325,9,345864
14271,0.014655,172.31.36.0-255,66,155391,9,345864
14272,0.01677,172.217.194.0-255,5738,161129,9,345864
14273,0.016786,172.31.36.0-255,66,161195,9,345864
14274,0.018897,172.217.194.0-255,5738,166933,9,345864
14275,0.01891,172.31.36.0-255,66,166999,9,345864
14276,0.021028,172.217.194.0-255,5738,172737,9,345864
14277,0.021046,172.31.36.0-255,66,172803,9,345864
14278,0.02314,172.217.194.0-255,5738,178541,9,345864
14279,0.023156,172.31.36.0-255,66,178607,9,345864
14280,0.025275,172.217.194.0-255,5738,184345,9,345864
14281,0.025292,172.31.36.0-255,66,184411,9,345864
14282,0.027396,172.217.194.0-255,5738,190149,9,345864
14283,0.027411,172.31.36.0-255,66,190215,9,345864
14284,0.029512,172.217.194.0-255,5738,195953,9,345864
14285,0.029527,172.31.36.0-255,66,196019,9,345864
14286,0.031622,172.217.194.0-255,5738,201757,9,345864
14287,0.031638,172.31.36.0-255,66,201823,9,345864
14288,0.033788,172.217.194.0-255,4320,206143,9,345864
14289,0.033807,172.31.36.0-255,66,206209,9,345864
14290,0.033852,172.217.194.0-255,1484,207693,9,345864
14291,0.035921,172.217.194.0-255,4320,212013,9,345864
14292,0.035936,172.31.36.0-255,66,212079,9,345864
14293,0.038009,172.217.194.0-255,5738,217817,9,345864
14294,0.038021,172.31.36.0-255,66,217883,9,345864
14295,0.040121,172.217.194.0-255,5738,223621,9,345864
14296,0.040129,172.31.36.0-255,66,223687,9,345864
14297,0.042218,172.217.194.0-255,5738,229425,9,345864
14298,0.042226,172.31.36.0-255,66,229491,9,345864
14299,0.044304,172.217.194.0-255,5738,235229,9,345864
14300,0.044312,172.31.36.0-255,66,235295,9,345864
14301,0.044791,172.31.36.0-255,172,235467,9,345864
14302,0.044833,172.31.36.0-255,1115,236582,9,345864
14303,0.044911,172.31.36.0-255,1514,238096,9,345864
14304,0.044913,172.31.36.0-255,1514,239610,9,345864
14305,0.044917,172.31.36.0-255,1514,241124,9,345864
14306,0.044918,172.31.36.0-255,107,241231,9,345864
14307,0.04635,104.244.42.0-255,66,241297,9,345864
14308,0.046387,172.217.194.0-255,5738,247035,9,345864
14309,0.046392,172.31.36.0-255,66,247101,9,345864
14310,0.046429,104.244.42.0-255,66,247167,9,345864
14311,0.046459,104.244.42.0-255,66,247233,9,345864
14312,0.046464,104.244.42.0-255,66,247299,9,345864
14313,0.048495,172.217.194.0-255,5738,253037,9,345864
14314,0.0485,172.31.36.0-255,66,253103,9,345864
14315,0.050599,172.217.194.0-255,5738,258841,9,345864
14316,0.050604,172.31.36.0-255,66,258907,9,345864
14317,0.052691,172.217.194.0-255,5738,264645,9,345864
14318,0.052696,172.31.36.0-255,66,264711,9,345864
14319,0.054782,172.217.194.0-255,5738,270449,9,345864
14320,0.054788,172.31.36.0-255,66,270515,9,345864
14321,0.056886,172.217.194.0-255,5738,276253,9,345864
14322,0.056891,172.31.36.0-255,66,276319,9,345864
14323,0.059006,172.217.194.0-255,5738,282057,9,345864
14324,0.059012,172.31.36.0-255,66,282123,9,345864
14325,0.061103,172.217.194.0-255,5738,287861,9,345864
14326,0.06111,172.31.36.0-255,66,287927,9,345864
14327,0.063213,172.217.194.0-255,5738,293665,9,345864
14328,0.063219,172.31.36.0-255,66,293731,9,345864
14329,0.065309,172.217.194.0-255,5738,299469,9,345864
14330,0.065314,172.31.36.0-255,66,299535,9,345864
14331,0.067437,172.217.194.0-255,5738,305273,9,345864
14332,0.067442,172.31.36.0-255,66,305339,9,345864
14333,0.069529,172.217.194.0-255,5738,311077,9,345864
14334,0.069533,172.31.36.0-255,66,311143,9,345864
14335,0.07163,172.217.194.0-255,5738,316881,9,345864
14336,0.071636,172.31.36.0-255,66,316947,9,345864
14337,0.07372,172.217.194.0-255,5738,322685,9,345864
14338,0.073741,172.31.36.0-255,66,322751,9,345864
14339,0.075835,172.217.194.0-255,5738,328489,9,345864
14340,0.075842,172.31.36.0-255,66,328555,9,345864
14341,0.077923,172.217.194.0-255,5738,334293,9,345864
14342,0.077928,172.31.36.0-255,66,334359,9,345864
14343,0.080032,172.217.194.0-255,5738,340097,9,345864
14344,0.080038,172.31.36.0-255,66,340163,9,345864
14345,0.082131,172.217.194.0-255,5464,345627,9,345864
14346,0.082137,172.31.36.0-255,66,345693,9,345864
14347,0.08233,172.31.36.0-255,105,345798,9,345864
14348,0.08435,172.217.194.0-255,66,345864,9,345864
14349,0.0,74.125.200.0-255,152,152,9,390080
14350,2.7e-05,172.31.36.0-255,66,218,9,390080
14351,3.5e-05,74.125.200.0-255,1484,1702,9,390080
14352,3.9e-05,172.31.36.0-255,66,1768,9,390080
14353,4.3e-05,74.125.200.0-255,1484,3252,9,390080
14354,4.8e-05,172.31.36.0-255,66,3318,9,390080
14355,5.5e-05,74.125.200.0-255,2902,6220,9,390080
14356,5.8e-05,172.31.36.0-255,66,6286,9,390080
14357,6.4e-05,74.125.200.0-255,5738,12024,9,390080
14358,6.7e-05,172.31.36.0-255,66,12090,9,390080
14359,7.1e-05,74.125.200.0-255,2040,14130,9,390080
14360,7.3e-05,172.31.36.0-255,66,14196,9,390080
14361,9.7e-05,74.125.200.0-255,2902,17098,9,390080
14362,0.0001,172.31.36.0-255,66,17164,9,390080
14363,0.000104,74.125.200.0-255,2902,20066,9,390080
14364,0.000106,172.31.36.0-255,66,20132,9,390080
14365,0.000132,74.125.200.0-255,4320,24452,9,390080
14366,0.000134,172.31.36.0-255,66,24518,9,390080
14367,0.000139,74.125.200.0-255,2902,27420,9,390080
14368,0.000141,172.31.36.0-255,66,27486,9,390080
14369,0.000161,74.125.200.0-255,3961,31447,9,390080
14370,0.000164,172.31.36.0-255,66,31513,9,390080
14371,0.000211,74.125.200.0-255,1484,32997,9,390080
14372,0.000213,172.31.36.0-255,66,33063,9,390080
14373,0.000227,74.125.200.0-255,2902,35965,9,390080
14374,0.00023,172.31.36.0-255,66,36031,9,390080
14375,0.000233,74.125.200.0-255,1484,37515,9,390080
14376,0.000235,172.31.36.0-255,66,37581,9,390080
14377,0.000261,74.125.200.0-255,4320,41901,9,390080
14378,0.000263,172.31.36.0-255,66,41967,9,390080
14379,0.000268,74.125.200.0-255,2902,44869,9,390080
14380,0.00027,172.31.36.0-255,66,44935,9,390080
14381,0.000305,74.125.200.0-255,3961,48896,9,390080
14382,0.000307,172.31.36.0-255,66,48962,9,390080
14383,0.000315,74.125.200.0-255,7156,56118,9,390080
14384,0.000317,172.31.36.0-255,66,56184,9,390080
14385,0.000323,74.125.200.0-255,5738,61922,9,390080
14386,0.000326,172.31.36.0-255,66,61988,9,390080
14387,0.000346,74.125.200.0-255,4265,66253,9,390080
14388,0.000348,172.31.36.0-255,66,66319,9,390080
14389,0.000352,74.125.200.0-255,114,66433,9,390080
14390,0.000373,74.125.200.0-255,333,66766,9,390080
14391,0.000599,74.125.200.0-255,1484,68250,9,390080
14392,0.000605,172.31.36.0-255,66,68316,9,390080
14393,0.000612,74.125.200.0-255,2902,71218,9,390080
14394,0.000614,172.31.36.0-255,66,71284,9,390080
14395,0.000617,74.125.200.0-255,1484,72768,9,390080
14396,0.000635,74.125.200.0-255,2902,75670,9,390080
14397,0.000638,172.31.36.0-255,66,75736,9,390080
14398,0.000656,74.125.200.0-255,2902,78638,9,390080
14399,0.000659,172.31.36.0-255,66,78704,9,390080
14400,0.000677,74.125.200.0-255,5738,84442,9,390080
14401,0.000679,172.31.36.0-255,66,84508,9,390080
14402,0.000695,74.125.200.0-255,5738,90246,9,390080
14403,0.000729,172.31.36.0-255,66,90312,9,390080
14404,0.000755,172.31.36.0-255,66,90378,9,390080
14405,0.000779,74.125.200.0-255,1484,91862,9,390080
14406,0.000802,74.125.200.0-255,2902,94764,9,390080
14407,0.000805,172.31.36.0-255,66,94830,9,390080
14408,0.000808,74.125.200.0-255,1484,96314,9,390080
14409,0.000831,74.125.200.0-255,4320,100634,9,390080
14410,0.000834,172.31.36.0-255,66,100700,9,390080
14411,0.000838,74.125.200.0-255,2902,103602,9,390080
14412,0.00084,172.31.36.0-255,66,103668,9,390080
14413,0.000843,74.125.200.0-255,1484,105152,9,390080
14414,0.00086,74.125.200.0-255,5738,110890,9,390080
14415,0.000862,172.31.36.0-255,66,110956,9,390080
14416,0.000889,74.125.200.0-255,2902,113858,9,390080
14417,0.000892,172.31.36.0-255,66,113924,9,390080
14418,0.000905,172.31.36.0-255,66,113990,9,390080
14419,0.00096,74.125.200.0-255,1484,115474,9,390080
14420,0.000977,74.125.200.0-255,2902,118376,9,390080
14421,0.000981,172.31.36.0-255,66,118442,9,390080
14422,0.000987,74.125.200.0-255,4320,122762,9,390080
14423,0.000989,172.31.36.0-255,66,122828,9,390080
14424,0.001027,74.125.200.0-255,4320,127148,9,390080
14425,0.001031,172.31.36.0-255,66,127214,9,390080
14426,0.001053,74.125.200.0-255,4320,131534,9,390080
14427,0.001056,172.31.36.0-255,66,131600,9,390080
14428,0.00107,74.125.200.0-255,2902,134502,9,390080
14429,0.001072,172.31.36.0-255,66,134568,9,390080
14430,0.001091,74.125.200.0-255,7156,141724,9,390080
14431,0.001093,172.31.36.0-255,66,141790,9,390080
14432,0.001098,74.125.200.0-255,2902,144692,9,390080
14433,0.0011,172.31.36.0-255,66,144758,9,390080
14434,0.001149,74.125.200.0-255,5020,149778,9,390080
14435,0.001153,172.31.36.0-255,66,149844,9,390080
14436,0.001157,74.125.200.0-255,1484,151328,9,390080
14437,0.001175,74.125.200.0-255,4320,155648,9,390080
14438,0.001177,172.31.36.0-255,66,155714,9,390080
14439,0.0012,74.125.200.0-255,4320,160034,9,390080
14440,0.001203,172.31.36.0-255,66,160100,9,390080
14441,0.001209,74.125.200.0-255,4320,164420,9,390080
14442,0.001211,172.31.36.0-255,66,164486,9,390080
14443,0.001223,74.125.200.0-255,1484,165970,9,390080
14444,0.001245,172.31.36.0-255,66,166036,9,390080
14445,0.001264,74.125.200.0-255,1484,167520,9,390080
14446,0.001295,172.31.36.0-255,66,167586,9,390080
14447,0.001302,74.125.200.0-255,5738,173324,9,390080
14448,0.001304,172.31.36.0-255,66,173390,9,390080
14449,0.001311,74.125.200.0-255,7156,180546,9,390080
14450,0.001314,172.31.36.0-255,66,180612,9,390080
14451,0.001349,74.125.200.0-255,1995,182607,9,390080
14452,0.001353,172.31.36.0-255,66,182673,9,390080
14453,0.003576,74.125.200.0-255,5738,188411,9,390080
14454,0.003588,172.31.36.0-255,66,188477,9,390080
14455,0.005833,74.125.200.0-255,5738,194215,9,390080
14456,0.005839,172.31.36.0-255,66,194281,9,390080
14457,0.008095,74.125.200.0-255,5738,200019,9,390080
14458,0.008106,172.31.36.0-255,66,200085,9,390080
14459,0.010356,74.125.200.0-255,5738,205823,9,390080
14460,0.010366,172.31.36.0-255,66,205889,9,390080
14461,0.012649,74.125.200.0-255,5738,211627,9,390080
14462,0.012666,172.31.36.0-255,66,211693,9,390080
14463,0.014945,74.125.200.0-255,5738,217431,9,390080
14464,0.014962,172.31.36.0-255,66,217497,9,390080
14465,0.017246,74.125.200.0-255,5738,223235,9,390080
14466,0.017263,172.31.36.0-255,66,223301,9,390080
14467,0.01953,74.125.200.0-255,5738,229039,9,390080
14468,0.019544,172.31.36.0-255,66,229105,9,390080
14469,0.021821,74.125.200.0-255,5738,234843,9,390080
14470,0.02184,172.31.36.0-255,66,234909,9,390080
14471,0.024163,74.125.200.0-255,5738,240647,9,390080
14472,0.024183,172.31.36.0-255,66,240713,9,390080
14473,0.026451,74.125.200.0-255,5738,246451,9,390080
14474,0.026462,172.31.36.0-255,66,246517,9,390080
14475,0.02871,74.125.200.0-255,5738,252255,9,390080
14476,0.028719,172.31.36.0-255,66,252321,9,390080
14477,0.030989,74.125.200.0-255,5738,258059,9,390080
14478,0.031003,172.31.36.0-255,66,258125,9,390080
14479,0.03327,74.125.200.0-255,5738,263863,9,390080
14480,0.033286,172.31.36.0-255,66,263929,9,390080
14481,0.035548,74.125.200.0-255,5738,269667,9,390080
14482,0.035563,172.31.36.0-255,66,269733,9,390080
14483,0.03783,74.125.200.0-255,5738,275471,9,390080
14484,0.037848,172.31.36.0-255,66,275537,9,390080
14485,0.040109,74.125.200.0-255,5738,281275,9,390080
14486,0.040123,172.31.36.0-255,66,281341,9,390080
14487,0.042389,74.125.200.0-255,5738,287079,9,390080
14488,0.042403,172.31.36.0-255,66,287145,9,390080
14489,0.044667,74.125.200.0-255,5738,292883,9,390080
14490,0.044684,172.31.36.0-255,66,292949,9,390080
14491,0.046951,74.125.200.0-255,5738,298687,9,390080
14492,0.046969,172.31.36.0-255,66,298753,9,390080
14493,0.049234,74.125.200.0-255,5738,304491,9,390080
14494,0.049244,172.31.36.0-255,66,304557,9,390080
14495,0.051513,74.125.200.0-255,5738,310295,9,390080
14496,0.051531,172.31.36.0-255,66,310361,9,390080
14497,0.053787,74.125.200.0-255,5738,316099,9,390080
14498,0.053795,172.31.36.0-255,66,316165,9,390080
14499,0.053937,172.31.36.0-255,176,316341,9,390080
14500,0.053965,172.31.36.0-255,1116,317457,9,390080
14501,0.054036,172.31.36.0-255,1514,318971,9,390080
14502,0.054038,172.31.36.0-255,1514,320485,9,390080
14503,0.054043,172.31.36.0-255,1514,321999,9,390080
14504,0.054044,172.31.36.0-255,106,322105,9,390080
14505,0.055527,104.244.42.0-255,66,322171,9,390080
14506,0.055537,104.244.42.0-255,66,322237,9,390080
14507,0.055599,104.244.42.0-255,66,322303,9,390080
14508,0.055605,104.244.42.0-255,66,322369,9,390080
14509,0.056043,74.125.200.0-255,5738,328107,9,390080
14510,0.056053,172.31.36.0-255,66,328173,9,390080
14511,0.058305,74.125.200.0-255,5738,333911,9,390080
14512,0.058318,172.31.36.0-255,66,333977,9,390080
14513,0.060579,74.125.200.0-255,5738,339715,9,390080
14514,0.060597,172.31.36.0-255,66,339781,9,390080
14515,0.06285,74.125.200.0-255,5738,345519,9,390080
14516,0.062858,172.31.36.0-255,66,345585,9,390080
14517,0.065109,74.125.200.0-255,5738,351323,9,390080
14518,0.065121,172.31.36.0-255,66,351389,9,390080
14519,0.067387,74.125.200.0-255,5738,357127,9,390080
14520,0.067398,172.31.36.0-255,66,357193,9,390080
14521,0.069659,74.125.200.0-255,5738,362931,9,390080
14522,0.069667,172.31.36.0-255,66,362997,9,390080
14523,0.071934,74.125.200.0-255,5738,368735,9,390080
14524,0.071945,172.31.36.0-255,66,368801,9,390080
14525,0.074213,74.125.200.0-255,5738,374539,9,390080
14526,0.074227,172.31.36.0-255,66,374605,9,390080
14527,0.076477,74.125.200.0-255,5738,380343,9,390080
14528,0.076488,172.31.36.0-255,66,380409,9,390080
14529,0.078749,74.125.200.0-255,5738,386147,9,390080
14530,0.078761,172.31.36.0-255,66,386213,9,390080
14531,0.081012,74.125.200.0-255,3630,389843,9,390080
14532,0.081022,172.31.36.0-255,66,389909,9,390080
14533,0.08123,172.31.36.0-255,105,390014,9,390080
14534,0.083444,74.125.200.0-255,66,390080,9,390080
14535,0.0,74.125.24.0-255,146,146,9,329672
14536,2.6e-05,172.31.36.0-255,66,212,9,329672
14537,3.3e-05,74.125.24.0-255,1484,1696,9,329672
14538,3.7e-05,172.31.36.0-255,66,1762,9,329672
14539,4.2e-05,74.125.24.0-255,2902,4664,9,329672
14540,5.2e-05,172.31.36.0-255,66,4730,9,329672
14541,6e-05,74.125.24.0-255,7156,11886,9,329672
14542,6.3e-05,172.31.36.0-255,66,11952,9,329672
14543,6.6e-05,74.125.24.0-255,1484,13436,9,329672
14544,6.8e-05,172.31.36.0-255,66,13502,9,329672
14545,0.0001,74.125.24.0-255,567,14069,9,329672
14546,0.000104,172.31.36.0-255,66,14135,9,329672
14547,0.000262,74.125.24.0-255,1484,15619,9,329672
14548,0.000267,172.31.36.0-255,66,15685,9,329672
14549,0.000272,74.125.24.0-255,2902,18587,9,329672
14550,0.000275,172.31.36.0-255,66,18653,9,329672
14551,0.000302,74.125.24.0-255,5738,24391,9,329672
14552,0.000305,172.31.36.0-255,66,24457,9,329672
14553,0.000339,74.125.24.0-255,6797,31254,9,329672
14554,0.000343,172.31.36.0-255,66,31320,9,329672
14555,0.000405,74.125.24.0-255,1484,32804,9,329672
14556,0.000408,172.31.36.0-255,66,32870,9,329672
14557,0.000413,74.125.24.0-255,2902,35772,9,329672
14558,0.000415,172.31.36.0-255,66,35838,9,329672
14559,0.000419,74.125.24.0-255,1484,37322,9,329672
14560,0.000427,172.31.36.0-255,66,37388,9,329672
14561,0.000456,74.125.24.0-255,2902,40290,9,329672
14562,0.00046,172.31.36.0-255,66,40356,9,329672
14563,0.000496,172.31.36.0-255,66,40422,9,329672
14564,0.00129,74.125.24.0-255,1484,41906,9,329672
14565,0.001297,172.31.36.0-255,66,41972,9,329672
14566,0.001307,74.125.24.0-255,2902,44874,9,329672
14567,0.00131,172.31.36.0-255,66,44940,9,329672
14568,0.001322,74.125.24.0-255,4320,49260,9,329672
14569,0.001324,172.31.36.0-255,66,49326,9,329672
14570,0.001329,74.125.24.0-255,1484,50810,9,329672
14571,0.001367,74.125.24.0-255,6797,57607,9,329672
14572,0.00137,172.31.36.0-255,66,57673,9,329672
14573,0.001403,74.125.24.0-255,1484,59157,9,329672
14574,0.001416,74.125.24.0-255,2902,62059,9,329672
14575,0.001419,172.31.36.0-255,66,62125,9,329672
14576,0.001447,74.125.24.0-255,5738,67863,9,329672
14577,0.001449,172.31.36.0-255,66,67929,9,329672
14578,0.001454,74.125.24.0-255,4320,72249,9,329672
14579,0.001455,172.31.36.0-255,66,72315,9,329672
14580,0.001461,74.125.24.0-255,5379,77694,9,329672
14581,0.001463,172.31.36.0-255,66,77760,9,329672
14582,0.001514,172.31.36.0-255,66,77826,9,329672
14583,0.001519,74.125.24.0-255,3125,80951,9,329672
14584,0.00152,172.31.36.0-255,66,81017,9,329672
14585,0.003828,74.125.24.0-255,1484,82501,9,329672
14586,0.003845,74.125.24.0-255,4320,86821,9,329672
14587,0.003851,172.31.36.0-255,66,86887,9,329672
14588,0.006151,74.125.24.0-255,5738,92625,9,329672
14589,0.006157,172.31.36.0-255,66,92691,9,329672
14590,0.008461,74.125.24.0-255,5738,98429,9,329672
14591,0.008468,172.31.36.0-255,66,98495,9,329672
14592,0.010804,74.125.24.0-255,5738,104233,9,329672
14593,0.010812,172.31.36.0-255,66,104299,9,329672
14594,0.01311,74.125.24.0-255,5738,110037,9,329672
14595,0.01312,172.31.36.0-255,66,110103,9,329672
14596,0.015448,74.125.24.0-255,5738,115841,9,329672
14597,0.015457,172.31.36.0-255,66,115907,9,329672
14598,0.017787,74.125.24.0-255,5738,121645,9,329672
14599,0.017798,172.31.36.0-255,66,121711,9,329672
14600,0.020104,74.125.24.0-255,5738,127449,9,329672
14601,0.020116,172.31.36.0-255,66,127515,9,329672
14602,0.022425,74.125.24.0-255,5738,133253,9,329672
14603,0.022439,172.31.36.0-255,66,133319,9,329672
14604,0.024772,74.125.24.0-255,5738,139057,9,329672
14605,0.024785,172.31.36.0-255,66,139123,9,329672
14606,0.02584,172.31.36.0-255,188,139311,9,329672
14607,0.025872,172.31.36.0-255,960,140271,9,329672
14608,0.025918,172.31.36.0-255,1514,141785,9,329672
14609,0.02592,172.31.36.0-255,1514,143299,9,329672
14610,0.025921,172.31.36.0-255,1514,144813,9,329672
14611,0.025925,172.31.36.0-255,515,145328,9,329672
14612,0.027111,74.125.24.0-255,5738,151066,9,329672
14613,0.027119,172.31.36.0-255,66,151132,9,329672
14614,0.027388,104.244.42.0-255,66,151198,9,329672
14615,0.027423,104.244.42.0-255,66,151264,9,329672
14616,0.027461,104.244.42.0-255,66,151330,9,329672
14617,0.027467,104.244.42.0-255,66,151396,9,329672
14618,0.029447,74.125.24.0-255,5738,157134,9,329672
14619,0.029458,172.31.36.0-255,66,157200,9,329672
14620,0.031834,74.125.24.0-255,5738,162938,9,329672
14621,0.031841,172.31.36.0-255,66,163004,9,329672
14622,0.034149,74.125.24.0-255,5738,168742,9,329672
14623,0.034158,172.31.36.0-255,66,168808,9,329672
14624,0.036473,74.125.24.0-255,5738,174546,9,329672
14625,0.036481,172.31.36.0-255,66,174612,9,329672
14626,0.038805,74.125.24.0-255,5738,180350,9,329672
14627,0.038838,172.31.36.0-255,66,180416,9,329672
14628,0.041187,74.125.24.0-255,5738,186154,9,329672
14629,0.041195,172.31.36.0-255,66,186220,9,329672
14630,0.043514,74.125.24.0-255,5738,191958,9,329672
14631,0.043521,172.31.36.0-255,66,192024,9,329672
14632,0.045846,74.125.24.0-255,5738,197762,9,329672
14633,0.045876,172.31.36.0-255,66,197828,9,329672
14634,0.048215,74.125.24.0-255,5738,203566,9,329672
14635,0.048221,172.31.36.0-255,66,203632,9,329672
14636,0.050544,74.125.24.0-255,5738,209370,9,329672
14637,0.050554,172.31.36.0-255,66,209436,9,329672
14638,0.052849,74.125.24.0-255,5738,215174,9,329672
14639,0.052855,172.31.36.0-255,66,215240,9,329672
14640,0.055163,74.125.24.0-255,4320,219560,9,329672
14641,0.055169,172.31.36.0-255,66,219626,9,329672
14642,0.055204,74.125.24.0-255,1484,221110,9,329672
14643,0.057493,74.125.24.0-255,4320,225430,9,329672
14644,0.057499,172.31.36.0-255,66,225496,9,329672
14645,0.059819,74.125.24.0-255,2902,228398,9,329672
14646,0.059824,172.31.36.0-255,66,228464,9,329672
14647,0.059859,74.125.24.0-255,2902,231366,9,329672
14648,0.059862,172.31.36.0-255,66,231432,9,329672
14649,0.062166,74.125.24.0-255,2902,234334,9,329672
14650,0.062174,172.31.36.0-255,66,234400,9,329672
14651,0.062204,74.125.24.0-255,2902,237302,9,329672
14652,0.062208,172.31.36.0-255,66,237368,9,329672
14653,0.064479,74.125.24.0-255,2902,240270,9,329672
14654,0.064485,172.31.36.0-255,66,240336,9,329672
14655,0.064521,74.125.24.0-255,2902,243238,9,329672
14656,0.064524,172.31.36.0-255,66,243304,9,329672
14657,0.066841,74.125.24.0-255,5738,249042,9,329672
14658,0.066846,172.31.36.0-255,66,249108,9,329672
14659,0.069171,74.125.24.0-255,4320,253428,9,329672
14660,0.069176,172.31.36.0-255,66,253494,9,329672
14661,0.069205,74.125.24.0-255,1484,254978,9,329672
14662,0.071513,74.125.24.0-255,4320,259298,9,329672
14663,0.071521,172.31.36.0-255,66,259364,9,329672
14664,0.073851,74.125.24.0-255,5738,265102,9,329672
14665,0.073858,172.31.36.0-255,66,265168,9,329672
14666,0.076171,74.125.24.0-255,5738,270906,9,329672
14667,0.076176,172.31.36.0-255,66,270972,9,329672
14668,0.078503,74.125.24.0-255,5738,276710,9,329672
14669,0.078509,172.31.36.0-255,66,276776,9,329672
14670,0.080813,74.125.24.0-255,5738,282514,9,329672
14671,0.080819,172.31.36.0-255,66,282580,9,329672
14672,0.083146,74.125.24.0-255,5738,288318,9,329672
14673,0.083151,172.31.36.0-255,66,288384,9,329672
14674,0.085442,74.125.24.0-255,5738,294122,9,329672
14675,0.085448,172.31.36.0-255,66,294188,9,329672
14676,0.087787,74.125.24.0-255,5738,299926,9,329672
14677,0.087792,172.31.36.0-255,66,299992,9,329672
14678,0.090124,74.125.24.0-255,2902,302894,9,329672
14679,0.09013,172.31.36.0-255,66,302960,9,329672
14680,0.090168,74.125.24.0-255,2902,305862,9,329672
14681,0.090172,172.31.36.0-255,66,305928,9,329672
14682,0.092432,74.125.24.0-255,2902,308830,9,329672
14683,0.092437,172.31.36.0-255,66,308896,9,329672
14684,0.092486,74.125.24.0-255,2902,311798,9,329672
14685,0.09249,172.31.36.0-255,66,311864,9,329672
14686,0.09475,74.125.24.0-255,2902,314766,9,329672
14687,0.09476,172.31.36.0-255,66,314832,9,329672
14688,0.094791,74.125.24.0-255,2902,317734,9,329672
14689,0.094793,172.31.36.0-255,66,317800,9,329672
14690,0.097052,74.125.24.0-255,2902,320702,9,329672
14691,0.097058,172.31.36.0-255,66,320768,9,329672
14692,0.097094,74.125.24.0-255,2902,323670,9,329672
14693,0.097097,172.31.36.0-255,66,323736,9,329672
14694,0.099378,74.125.24.0-255,2902,326638,9,329672
14695,0.099383,172.31.36.0-255,66,326704,9,329672
14696,0.099421,74.125.24.0-255,2902,329606,9,329672
14697,0.099424,172.31.36.0-255,66,329672,9,329672
14698,0.0,172.31.36.0-255,74,74,9,3092
14699,0.002312,74.125.200.0-255,74,148,9,3092
14700,0.00233,172.31.36.0-255,66,214,9,3092
14701,0.005403,172.31.36.0-255,697,911,9,3092
14702,0.007714,74.125.200.0-255,66,977,9,3092
14703,0.008124,74.125.200.0-255,278,1255,9,3092
14704,0.008135,172.31.36.0-255,66,1321,9,3092
14705,0.014788,172.31.36.0-255,130,1451,9,3092
14706,0.016134,172.31.36.0-255,236,1687,9,3092
14707,0.016165,172.31.36.0-255,383,2070,9,3092
14708,0.017423,74.125.200.0-255,630,2700,9,3092
14709,0.018515,74.125.200.0-255,66,2766,9,3092
14710,0.018898,74.125.200.0-255,97,2863,9,3092
14711,0.018906,172.31.36.0-255,66,2929,9,3092
14712,0.019043,172.31.36.0-255,97,3026,9,3092
14713,0.025478,74.125.200.0-255,66,3092,9,3092
14714,0.0,172.31.36.0-255,105,105,9,276
14715,0.06985,31.13.82.0-255,105,210,9,276
14716,0.069874,172.31.36.0-255,66,276,9,276
14717,0.0,74.125.68.0-255,153,153,9,332566
14718,2.1e-05,172.31.36.0-255,66,219,9,332566
14719,3e-05,74.125.68.0-255,1484,1703,9,332566
14720,3.5e-05,172.31.36.0-255,66,1769,9,332566
14721,4.1e-05,74.125.68.0-255,2902,4671,9,332566
14722,4.5e-05,172.31.36.0-255,66,4737,9,332566
14723,4.9e-05,74.125.68.0-255,2902,7639,9,332566
14724,5.2e-05,172.31.36.0-255,66,7705,9,332566
14725,8.3e-05,74.125.68.0-255,4320,12025,9,332566
14726,8.7e-05,172.31.36.0-255,66,12091,9,332566
14727,9.3e-05,74.125.68.0-255,4320,16411,9,332566
14728,9.5e-05,172.31.36.0-255,66,16477,9,332566
14729,0.000111,74.125.68.0-255,4872,21349,9,332566
14730,0.000114,172.31.36.0-255,66,21415,9,332566
14731,0.000126,172.31.36.0-255,66,21481,9,332566
14732,0.000266,74.125.68.0-255,1484,22965,9,332566
14733,0.000271,172.31.36.0-255,66,23031,9,332566
14734,0.000277,74.125.68.0-255,2902,25933,9,332566
14735,0.000279,172.31.36.0-255,66,25999,9,332566
14736,0.000282,74.125.68.0-255,1484,27483,9,332566
14737,0.000284,172.31.36.0-255,66,27549,9,332566
14738,0.000316,74.125.68.0-255,4320,31869,9,332566
14739,0.000319,172.31.36.0-255,66,31935,9,332566
14740,0.000323,74.125.68.0-255,2902,34837,9,332566
14741,0.000325,172.31.36.0-255,66,34903,9,332566
14742,0.00033,74.125.68.0-255,3961,38864,9,332566
14743,0.000332,172.31.36.0-255,66,38930,9,332566
14744,0.000366,172.31.36.0-255,66,38996,9,332566
14745,0.000404,74.125.68.0-255,2902,41898,9,332566
14746,0.000407,172.31.36.0-255,66,41964,9,332566
14747,0.000429,74.125.68.0-255,5379,47343,9,332566
14748,0.000432,172.31.36.0-255,66,47409,9,332566
14749,0.000435,74.125.68.0-255,366,47775,9,332566
14750,0.001024,172.31.36.0-255,66,47841,9,332566
14751,0.001096,74.125.68.0-255,378,48219,9,332566
14752,0.001118,172.31.36.0-255,66,48285,9,332566
14753,0.001147,74.125.68.0-255,1484,49769,9,332566
14754,0.001162,74.125.68.0-255,1484,51253,9,332566
14755,0.001165,172.31.36.0-255,66,51319,9,332566
14756,0.001197,74.125.68.0-255,2902,54221,9,332566
14757,0.0012,172.31.36.0-255,66,54287,9,332566
14758,0.001207,74.125.68.0-255,5738,60025,9,332566
14759,0.001209,172.31.36.0-255,66,60091,9,332566
14760,0.001214,74.125.68.0-255,2902,62993,9,332566
14761,0.001216,172.31.36.0-255,66,63059,9,332566
14762,0.00123,74.125.68.0-255,1484,64543,9,332566
14763,0.001246,74.125.68.0-255,2902,67445,9,332566
14764,0.001249,172.31.36.0-255,66,67511,9,332566
14765,0.001269,74.125.68.0-255,4320,71831,9,332566
14766,0.001271,172.31.36.0-255,66,71897,9,332566
14767,0.001286,74.125.68.0-255,2902,74799,9,332566
14768,0.001288,172.31.36.0-255,66,74865,9,332566
14769,0.001293,74.125.68.0-255,2902,77767,9,332566
14770,0.001295,172.31.36.0-255,66,77833,9,332566
14771,0.001321,74.125.68.0-255,5020,82853,9,332566
14772,0.001323,172.31.36.0-255,66,82919,9,332566
14773,0.001864,74.125.68.0-255,1484,84403,9,332566
14774,0.001875,74.125.68.0-255,2902,87305,9,332566
14775,0.001879,172.31.36.0-255,66,87371,9,332566
14776,0.001884,74.125.68.0-255,1484,88855,9,332566
14777,0.001901,74.125.68.0-255,2902,91757,9,332566
14778,0.001903,172.31.36.0-255,66,91823,9,332566
14779,0.001931,172.31.36.0-255,66,91889,9,332566
14780,0.001971,74.125.68.0-255,4320,96209,9,332566
14781,0.001973,172.31.36.0-255,66,96275,9,332566
14782,0.001995,74.125.68.0-255,5738,102013,9,332566
14783,0.001997,172.31.36.0-255,66,102079,9,332566
14784,0.002023,74.125.68.0-255,6438,108517,9,332566
14785,0.002026,172.31.36.0-255,66,108583,9,332566
14786,0.002215,74.125.68.0-255,1484,110067,9,332566
14787,0.002234,74.125.68.0-255,1484,111551,9,332566
14788,0.002238,172.31.36.0-255,66,111617,9,332566
14789,0.002244,74.125.68.0-255,2902,114519,9,332566
14790,0.002246,172.31.36.0-255,66,114585,9,332566
14791,0.002272,74.125.68.0-255,5738,120323,9,332566
14792,0.002275,172.31.36.0-255,66,120389,9,332566
14793,0.002297,74.125.68.0-255,7156,127545,9,332566
14794,0.0023,172.31.36.0-255,66,127611,9,332566
14795,0.002318,74.125.68.0-255,1484,129095,9,332566
14796,0.00233,172.31.36.0-255,66,129161,9,332566
14797,0.002347,74.125.68.0-255,1484,130645,9,332566
14798,0.002351,74.125.68.0-255,2902,133547,9,332566
14799,0.002353,172.31.36.0-255,66,133613,9,332566
14800,0.002356,74.125.68.0-255,766,134379,9,332566
14801,0.0024,74.125.68.0-255,1484,135863,9,332566
14802,0.002402,172.31.36.0-255,66,135929,9,332566
14803,0.002408,74.125.68.0-255,4320,140249,9,332566
14804,0.002411,172.31.36.0-255,66,140315,9,332566
14805,0.002416,74.125.68.0-255,4320,144635,9,332566
14806,0.002419,172.31.36.0-255,66,144701,9,332566
14807,0.002423,74.125.68.0-255,2902,147603,9,332566
14808,0.002426,172.31.36.0-255,66,147669,9,332566
14809,0.002429,74.125.68.0-255,1484,149153,9,332566
14810,0.002432,74.125.68.0-255,1484,150637,9,332566
14811,0.002434,172.31.36.0-255,66,150703,9,332566
14812,0.002437,74.125.68.0-255,1484,152187,9,332566
14813,0.002472,74.125.68.0-255,2902,155089,9,332566
14814,0.002475,172.31.36.0-255,66,155155,9,332566
14815,0.002491,74.125.68.0-255,1484,156639,9,332566
14816,0.002497,74.125.68.0-255,4320,160959,9,332566
14817,0.0025,172.31.36.0-255,66,161025,9,332566
14818,0.002518,74.125.68.0-255,2902,163927,9,332566
14819,0.00252,172.31.36.0-255,66,163993,9,332566
14820,0.002527,74.125.68.0-255,5020,169013,9,332566
14821,0.00253,172.31.36.0-255,66,169079,9,332566
14822,0.00261,74.125.68.0-255,1484,170563,9,332566
14823,0.002624,74.125.68.0-255,1484,172047,9,332566
14824,0.002627,172.31.36.0-255,66,172113,9,332566
14825,0.002633,74.125.68.0-255,4320,176433,9,332566
14826,0.002636,172.31.36.0-255,66,176499,9,332566
14827,0.002639,74.125.68.0-255,1484,177983,9,332566
14828,0.002663,74.125.68.0-255,2902,180885,9,332566
14829,0.002665,172.31.36.0-255,66,180951,9,332566
14830,0.002683,74.125.68.0-255,2902,183853,9,332566
14831,0.002685,172.31.36.0-255,66,183919,9,332566
14832,0.00269,74.125.68.0-255,2902,186821,9,332566
14833,0.002693,172.31.36.0-255,66,186887,9,332566
14834,0.002716,74.125.68.0-255,5738,192625,9,332566
14835,0.002719,172.31.36.0-255,66,192691,9,332566
14836,0.002725,74.125.68.0-255,5738,198429,9,332566
14837,0.002727,172.31.36.0-255,66,198495,9,332566
14838,0.002731,74.125.68.0-255,2902,201397,9,332566
14839,0.002734,172.31.36.0-255,66,201463,9,332566
14840,0.002753,74.125.68.0-255,2184,203647,9,332566
14841,0.002756,172.31.36.0-255,66,203713,9,332566
14842,0.002843,74.125.68.0-255,1484,205197,9,332566
14843,0.002859,74.125.68.0-255,2902,208099,9,332566
14844,0.002862,172.31.36.0-255,66,208165,9,332566
14845,0.002865,74.125.68.0-255,1484,209649,9,332566
14846,0.002882,74.125.68.0-255,4320,213969,9,332566
14847,0.002885,172.31.36.0-255,66,214035,9,332566
14848,0.002904,74.125.68.0-255,2902,216937,9,332566
14849,0.002907,172.31.36.0-255,66,217003,9,332566
14850,0.002937,74.125.68.0-255,2902,219905,9,332566
14851,0.002939,172.31.36.0-255,66,219971,9,332566
14852,0.002947,74.125.68.0-255,7156,227127,9,332566
14853,0.002949,172.31.36.0-255,66,227193,9,332566
14854,0.002963,172.31.36.0-255,66,227259,9,332566
14855,0.002998,74.125.68.0-255,2902,230161,9,332566
14856,0.003001,172.31.36.0-255,66,230227,9,332566
14857,0.003029,172.31.36.0-255,66,230293,9,332566
14858,0.003043,172.31.36.0-255,66,230359,9,332566
14859,0.00305,74.125.68.0-255,5738,236097,9,332566
14860,0.003052,172.31.36.0-255,66,236163,9,332566
14861,0.003106,74.125.68.0-255,6438,242601,9,332566
14862,0.003109,172.31.36.0-255,66,242667,9,332566
14863,0.003127,74.125.68.0-255,2902,245569,9,332566
14864,0.00313,172.31.36.0-255,66,245635,9,332566
14865,0.003148,74.125.68.0-255,4320,249955,9,332566
14866,0.003151,172.31.36.0-255,66,250021,9,332566
14867,0.003156,74.125.68.0-255,4320,254341,9,332566
14868,0.003158,172.31.36.0-255,66,254407,9,332566
14869,0.003175,74.125.68.0-255,2902,257309,9,332566
14870,0.003177,172.31.36.0-255,66,257375,9,332566
14871,0.0032,74.125.68.0-255,2902,260277,9,332566
14872,0.003202,172.31.36.0-255,66,260343,9,332566
14873,0.003213,172.31.36.0-255,66,260409,9,332566
14874,0.003229,74.125.68.0-255,2902,263311,9,332566
14875,0.003231,172.31.36.0-255,66,263377,9,332566
14876,0.003263,74.125.68.0-255,5738,269115,9,332566
14877,0.003265,172.31.36.0-255,66,269181,9,332566
14878,0.003288,74.125.68.0-255,6438,275619,9,332566
14879,0.00329,172.31.36.0-255,66,275685,9,332566
14880,0.003336,172.31.36.0-255,66,275751,9,332566
14881,0.003356,74.125.68.0-255,4320,280071,9,332566
14882,0.003358,172.31.36.0-255,66,280137,9,332566
14883,0.003364,74.125.68.0-255,4320,284457,9,332566
14884,0.003366,172.31.36.0-255,66,284523,9,332566
14885,0.003373,74.125.68.0-255,6438,290961,9,332566
14886,0.003376,172.31.36.0-255,66,291027,9,332566
14887,0.003382,74.125.68.0-255,5738,296765,9,332566
14888,0.003385,172.31.36.0-255,66,296831,9,332566
14889,0.003399,172.31.36.0-255,66,296897,9,332566
14890,0.003403,74.125.68.0-255,2902,299799,9,332566
14891,0.003404,172.31.36.0-255,66,299865,9,332566
14892,0.00343,74.125.68.0-255,7156,307021,9,332566
14893,0.003433,172.31.36.0-255,66,307087,9,332566
14894,0.00344,74.125.68.0-255,6438,313525,9,332566
14895,0.003442,172.31.36.0-255,66,313591,9,332566
14896,0.003471,74.125.68.0-255,2902,316493,9,332566
14897,0.003474,172.31.36.0-255,66,316559,9,332566
14898,0.00349,74.125.68.0-255,1484,318043,9,332566
14899,0.003493,74.125.68.0-255,1484,319527,9,332566
14900,0.003495,172.31.36.0-255,66,319593,9,332566
14901,0.003503,74.125.68.0-255,7156,326749,9,332566
14902,0.003506,172.31.36.0-255,66,326815,9,332566
14903,0.003508,74.125.68.0-255,1238,328053,9,332566
14904,0.003511,74.125.68.0-255,97,328150,9,332566
14905,0.003572,74.125.68.0-255,105,328255,9,332566
14906,0.009456,172.31.36.0-255,66,328321,9,332566
14907,0.009498,172.31.36.0-255,105,328426,9,332566
14908,0.011779,74.125.68.0-255,66,328492,9,332566
14909,0.016362,172.31.36.0-255,105,328597,9,332566
14910,0.064478,172.31.36.0-255,188,328785,9,332566
14911,0.064513,172.31.36.0-255,960,329745,9,332566
14912,0.064601,172.31.36.0-255,1514,331259,9,332566
14913,0.064603,172.31.36.0-255,938,332197,9,332566
14914,0.066051,104.244.42.0-255,66,332263,9,332566
14915,0.066062,104.244.42.0-255,66,332329,9,332566
14916,0.066153,104.244.42.0-255,66,332395,9,332566
14917,0.084329,31.13.82.0-255,105,332500,9,332566
14918,0.084341,172.31.36.0-255,66,332566,9,332566
14919,0.0,172.217.194.0-255,153,153,9,201829
14920,2.9e-05,172.31.36.0-255,66,219,9,201829
14921,3.6e-05,172.217.194.0-255,1484,1703,9,201829
14922,4e-05,172.31.36.0-255,66,1769,9,201829
14923,4.5e-05,172.217.194.0-255,2902,4671,9,201829
14924,4.8e-05,172.31.36.0-255,66,4737,9,201829
14925,5.6e-05,172.217.194.0-255,7156,11893,9,201829
14926,5.9e-05,172.31.36.0-255,66,11959,9,201829
14927,6.3e-05,172.217.194.0-255,2105,14064,9,201829
14928,6.6e-05,172.31.36.0-255,66,14130,9,201829
14929,0.000157,172.217.194.0-255,1484,15614,9,201829
14930,0.000162,172.31.36.0-255,66,15680,9,201829
14931,0.000168,172.217.194.0-255,2902,18582,9,201829
14932,0.00017,172.31.36.0-255,66,18648,9,201829
14933,0.000199,172.217.194.0-255,5738,24386,9,201829
14934,0.000202,172.31.36.0-255,66,24452,9,201829
14935,0.000233,172.31.36.0-255,66,24518,9,201829
14936,0.000239,172.217.194.0-255,5738,30256,9,201829
14937,0.000241,172.31.36.0-255,66,30322,9,201829
14938,0.000299,172.217.194.0-255,4320,34642,9,201829
14939,0.000302,172.31.36.0-255,66,34708,9,201829
14940,0.000339,172.31.36.0-255,66,34774,9,201829
14941,0.000359,172.217.194.0-255,1484,36258,9,201829
14942,0.000362,172.31.36.0-255,66,36324,9,201829
14943,0.000367,172.217.194.0-255,2902,39226,9,201829
14944,0.00037,172.31.36.0-255,66,39292,9,201829
14945,0.000391,172.217.194.0-255,4320,43612,9,201829
14946,0.000394,172.31.36.0-255,66,43678,9,201829
14947,0.0004,172.217.194.0-255,5738,49416,9,201829
14948,0.000403,172.31.36.0-255,66,49482,9,201829
14949,0.000427,172.217.194.0-255,1484,50966,9,201829
14950,0.000445,172.217.194.0-255,7156,58122,9,201829
14951,0.000449,172.31.36.0-255,66,58188,9,201829
14952,0.00047,172.217.194.0-255,2902,61090,9,201829
14953,0.000473,172.31.36.0-255,66,61156,9,201829
14954,0.000515,172.217.194.0-255,5738,66894,9,201829
14955,0.000519,172.31.36.0-255,66,66960,9,201829
14956,0.00054,172.217.194.0-255,2238,69198,9,201829
14957,0.000543,172.31.36.0-255,66,69264,9,201829
14958,0.000644,172.217.194.0-255,1484,70748,9,201829
14959,0.000658,172.217.194.0-255,2902,73650,9,201829
14960,0.000661,172.31.36.0-255,66,73716,9,201829
14961,0.000682,172.217.194.0-255,5738,79454,9,201829
14962,0.000685,172.31.36.0-255,66,79520,9,201829
14963,0.000695,172.31.36.0-255,66,79586,9,201829
14964,0.000744,172.217.194.0-255,2902,82488,9,201829
14965,0.000747,172.31.36.0-255,66,82554,9,201829
14966,0.000774,172.31.36.0-255,66,82620,9,201829
14967,0.000793,172.217.194.0-255,2184,84804,9,201829
14968,0.000797,172.31.36.0-255,66,84870,9,201829
14969,0.000817,172.217.194.0-255,1484,86354,9,201829
14970,0.000822,172.217.194.0-255,2902,89256,9,201829
14971,0.000824,172.31.36.0-255,66,89322,9,201829
14972,0.000829,172.217.194.0-255,2902,92224,9,201829
14973,0.000831,172.31.36.0-255,66,92290,9,201829
14974,0.000849,172.217.194.0-255,2902,95192,9,201829
14975,0.000852,172.31.36.0-255,66,95258,9,201829
14976,0.000857,172.217.194.0-255,4320,99578,9,201829
14977,0.000859,172.31.36.0-255,66,99644,9,201829
14978,0.000878,172.217.194.0-255,2902,102546,9,201829
14979,0.000881,172.31.36.0-255,66,102612,9,201829
14980,0.000891,172.31.36.0-255,66,102678,9,201829
14981,0.000915,172.217.194.0-255,5738,108416,9,201829
14982,0.000918,172.31.36.0-255,66,108482,9,201829
14983,0.000923,172.217.194.0-255,2184,110666,9,201829
14984,0.000924,172.31.36.0-255,66,110732,9,201829
14985,0.000956,172.31.36.0-255,66,110798,9,201829
14986,0.000969,172.31.36.0-255,66,110864,9,201829
14987,0.000984,172.217.194.0-255,3602,114466,9,201829
14988,0.000987,172.31.36.0-255,66,114532,9,201829
14989,0.001003,172.217.194.0-255,7156,121688,9,201829
14990,0.001006,172.31.36.0-255,66,121754,9,201829
14991,0.001033,172.31.36.0-255,66,121820,9,201829
14992,0.00104,172.217.194.0-255,5738,127558,9,201829
14993,0.001042,172.31.36.0-255,66,127624,9,201829
14994,0.001066,172.31.36.0-255,66,127690,9,201829
14995,0.001069,172.217.194.0-255,766,128456,9,201829
14996,0.001103,172.217.194.0-255,2902,131358,9,201829
14997,0.001106,172.31.36.0-255,66,131424,9,201829
14998,0.001126,172.217.194.0-255,4320,135744,9,201829
14999,0.001129,172.31.36.0-255,66,135810,9,201829
15000,0.001141,172.31.36.0-255,66,135876,9,201829
15001,0.001155,172.217.194.0-255,1484,137360,9,201829
15002,0.001184,172.31.36.0-255,66,137426,9,201829
15003,0.001234,172.31.36.0-255,66,137492,9,201829
15004,0.00127,172.217.194.0-255,1484,138976,9,201829
15005,0.001274,172.217.194.0-255,1484,140460,9,201829
15006,0.001277,172.31.36.0-255,66,140526,9,201829
15007,0.001299,172.217.194.0-255,1484,142010,9,201829
15008,0.001305,172.217.194.0-255,5738,147748,9,201829
15009,0.001308,172.31.36.0-255,66,147814,9,201829
15010,0.001346,172.217.194.0-255,5738,153552,9,201829
15011,0.00135,172.31.36.0-255,66,153618,9,201829
15012,0.001376,172.217.194.0-255,7156,160774,9,201829
15013,0.00138,172.31.36.0-255,66,160840,9,201829
15014,0.001392,172.31.36.0-255,66,160906,9,201829
15015,0.001424,172.217.194.0-255,5738,166644,9,201829
15016,0.001428,172.31.36.0-255,66,166710,9,201829
15017,0.001435,172.217.194.0-255,7156,173866,9,201829
15018,0.001438,172.31.36.0-255,66,173932,9,201829
15019,0.001442,172.217.194.0-255,2902,176834,9,201829
15020,0.001444,172.31.36.0-255,66,176900,9,201829
15021,0.001473,172.31.36.0-255,66,176966,9,201829
15022,0.00148,172.217.194.0-255,6438,183404,9,201829
15023,0.001483,172.31.36.0-255,66,183470,9,201829
15024,0.001508,172.217.194.0-255,7156,190626,9,201829
15025,0.001511,172.31.36.0-255,66,190692,9,201829
15026,0.001548,172.31.36.0-255,66,190758,9,201829
15027,0.00156,172.31.36.0-255,66,190824,9,201829
15028,0.001605,172.31.36.0-255,66,190890,9,201829
15029,0.001639,172.31.36.0-255,66,190956,9,201829
15030,0.001653,172.31.36.0-255,66,191022,9,201829
15031,0.001656,172.217.194.0-255,105,191127,9,201829
15032,0.008495,172.31.36.0-255,66,191193,9,201829
15033,0.008522,172.31.36.0-255,105,191298,9,201829
15034,0.01107,172.217.194.0-255,66,191364,9,201829
15035,0.03539,172.31.36.0-255,176,191540,9,201829
15036,0.035427,172.31.36.0-255,1116,192656,9,201829
15037,0.035468,172.31.36.0-255,1514,194170,9,201829
15038,0.035469,172.31.36.0-255,1514,195684,9,201829
15039,0.035475,172.31.36.0-255,1514,197198,9,201829
15040,0.035476,172.31.36.0-255,1514,198712,9,201829
15041,0.035496,172.31.36.0-255,1514,200226,9,201829
15042,0.035502,172.31.36.0-255,1165,201391,9,201829
15043,0.036978,104.244.42.0-255,66,201457,9,201829
15044,0.03699,104.244.42.0-255,66,201523,9,201829
15045,0.037146,104.244.42.0-255,66,201589,9,201829
15046,0.037198,104.244.42.0-255,66,201655,9,201829
15047,0.043364,172.31.36.0-255,108,201763,9,201829
15048,0.044912,104.244.42.0-255,66,201829,9,201829
15049,0.0,74.125.200.0-255,153,153,9,397432
15050,1.5e-05,172.31.36.0-255,66,219,9,397432
15051,3.4e-05,74.125.200.0-255,1484,1703,9,397432
15052,3.8e-05,172.31.36.0-255,66,1769,9,397432
15053,4.4e-05,74.125.200.0-255,2902,4671,9,397432
15054,4.7e-05,172.31.36.0-255,66,4737,9,397432
15055,6.6e-05,74.125.200.0-255,5738,10475,9,397432
15056,7e-05,172.31.36.0-255,66,10541,9,397432
15057,0.000108,172.31.36.0-255,66,10607,9,397432
15058,0.000115,74.125.200.0-255,5738,16345,9,397432
15059,0.000117,172.31.36.0-255,66,16411,9,397432
15060,0.000141,74.125.200.0-255,2902,19313,9,397432
15061,0.000144,172.31.36.0-255,66,19379,9,397432
15062,0.00015,74.125.200.0-255,3961,23340,9,397432
15063,0.000152,172.31.36.0-255,66,23406,9,397432
15064,0.000227,74.125.200.0-255,1484,24890,9,397432
15065,0.000231,172.31.36.0-255,66,24956,9,397432
15066,0.000237,74.125.200.0-255,2902,27858,9,397432
15067,0.00024,172.31.36.0-255,66,27924,9,397432
15068,0.000243,74.125.200.0-255,1484,29408,9,397432
15069,0.000245,172.31.36.0-255,66,29474,9,397432
15070,0.000265,74.125.200.0-255,2902,32376,9,397432
15071,0.000268,172.31.36.0-255,66,32442,9,397432
15072,0.000283,74.125.200.0-255,2902,35344,9,397432
15073,0.000285,172.31.36.0-255,66,35410,9,397432
15074,0.000307,74.125.200.0-255,6797,42207,9,397432
15075,0.000311,172.31.36.0-255,66,42273,9,397432
15076,0.000315,74.125.200.0-255,2902,45175,9,397432
15077,0.000317,172.31.36.0-255,66,45241,9,397432
15078,0.00034,74.125.200.0-255,1484,46725,9,397432
15079,0.000343,172.31.36.0-255,66,46791,9,397432
15080,0.00039,172.31.36.0-255,66,46857,9,397432
15081,0.000393,74.125.200.0-255,373,47230,9,397432
15082,0.00097,172.31.36.0-255,66,47296,9,397432
15083,0.001101,74.125.200.0-255,1484,48780,9,397432
15084,0.001111,74.125.200.0-255,2902,51682,9,397432
15085,0.001114,172.31.36.0-255,66,51748,9,397432
15086,0.001131,74.125.200.0-255,5738,57486,9,397432
15087,0.001134,172.31.36.0-255,66,57552,9,397432
15088,0.001138,74.125.200.0-255,2902,60454,9,397432
15089,0.00114,172.31.36.0-255,66,60520,9,397432
15090,0.001158,74.125.200.0-255,1484,62004,9,397432
15091,0.001181,172.31.36.0-255,66,62070,9,397432
15092,0.001186,74.125.200.0-255,2902,64972,9,397432
15093,0.001187,172.31.36.0-255,66,65038,9,397432
15094,0.001204,74.125.200.0-255,7156,72194,9,397432
15095,0.001206,172.31.36.0-255,66,72260,9,397432
15096,0.001226,74.125.200.0-255,766,73026,9,397432
15097,0.00232,74.125.200.0-255,1484,74510,9,397432
15098,0.002327,172.31.36.0-255,66,74576,9,397432
15099,0.002333,74.125.200.0-255,2902,77478,9,397432
15100,0.002336,172.31.36.0-255,66,77544,9,397432
15101,0.002342,74.125.200.0-255,4320,81864,9,397432
15102,0.002344,172.31.36.0-255,66,81930,9,397432
15103,0.00236,74.125.200.0-255,1484,83414,9,397432
15104,0.00239,74.125.200.0-255,7156,90570,9,397432
15105,0.002393,172.31.36.0-255,66,90636,9,397432
15106,0.002399,74.125.200.0-255,5738,96374,9,397432
15107,0.002401,172.31.36.0-255,66,96440,9,397432
15108,0.002409,74.125.200.0-255,7156,103596,9,397432
15109,0.002411,172.31.36.0-255,66,103662,9,397432
15110,0.002445,74.125.200.0-255,3602,107264,9,397432
15111,0.002447,172.31.36.0-255,66,107330,9,397432
15112,0.002663,74.125.200.0-255,1484,108814,9,397432
15113,0.002681,74.125.200.0-255,2902,111716,9,397432
15114,0.002683,172.31.36.0-255,66,111782,9,397432
15115,0.002686,74.125.200.0-255,1484,113266,9,397432
15116,0.002702,74.125.200.0-255,1484,114750,9,397432
15117,0.002705,172.31.36.0-255,66,114816,9,397432
15118,0.00272,74.125.200.0-255,4320,119136,9,397432
15119,0.002723,172.31.36.0-255,66,119202,9,397432
15120,0.002749,74.125.200.0-255,4320,123522,9,397432
15121,0.002752,172.31.36.0-255,66,123588,9,397432
15122,0.002757,74.125.200.0-255,5738,129326,9,397432
15123,0.00276,172.31.36.0-255,66,129392,9,397432
15124,0.002766,74.125.200.0-255,7156,136548,9,397432
15125,0.002769,172.31.36.0-255,66,136614,9,397432
15126,0.002789,74.125.200.0-255,4320,140934,9,397432
15127,0.002791,172.31.36.0-255,66,141000,9,397432
15128,0.002804,74.125.200.0-255,2184,143184,9,397432
15129,0.002807,172.31.36.0-255,66,143250,9,397432
15130,0.00281,74.125.200.0-255,1484,144734,9,397432
15131,0.002815,74.125.200.0-255,2902,147636,9,397432
15132,0.002817,172.31.36.0-255,66,147702,9,397432
15133,0.002819,74.125.200.0-255,1484,149186,9,397432
15134,0.002838,74.125.200.0-255,4320,153506,9,397432
15135,0.00284,172.31.36.0-255,66,153572,9,397432
15136,0.002845,74.125.200.0-255,4320,157892,9,397432
15137,0.002847,172.31.36.0-255,66,157958,9,397432
15138,0.002886,74.125.200.0-255,2902,160860,9,397432
15139,0.002888,172.31.36.0-255,66,160926,9,397432
15140,0.002906,74.125.200.0-255,2902,163828,9,397432
15141,0.002908,172.31.36.0-255,66,163894,9,397432
15142,0.002913,74.125.200.0-255,2902,166796,9,397432
15143,0.002914,172.31.36.0-255,66,166862,9,397432
15144,0.002921,74.125.200.0-255,5738,172600,9,397432
15145,0.002923,172.31.36.0-255,66,172666,9,397432
15146,0.002946,74.125.200.0-255,3602,176268,9,397432
15147,0.002948,172.31.36.0-255,66,176334,9,397432
15148,0.003019,74.125.200.0-255,1484,177818,9,397432
15149,0.003037,74.125.200.0-255,2902,180720,9,397432
15150,0.00304,172.31.36.0-255,66,180786,9,397432
15151,0.003043,74.125.200.0-255,1484,182270,9,397432
15152,0.003059,74.125.200.0-255,2902,185172,9,397432
15153,0.003062,172.31.36.0-255,66,185238,9,397432
15154,0.003065,74.125.200.0-255,1484,186722,9,397432
15155,0.003088,74.125.200.0-255,7156,193878,9,397432
15156,0.003091,172.31.36.0-255,66,193944,9,397432
15157,0.003098,74.125.200.0-255,7156,201100,9,397432
15158,0.0031,172.31.36.0-255,66,201166,9,397432
15159,0.003117,74.125.200.0-255,5738,206904,9,397432
15160,0.00312,172.31.36.0-255,66,206970,9,397432
15161,0.003133,74.125.200.0-255,2902,209872,9,397432
15162,0.003135,172.31.36.0-255,66,209938,9,397432
15163,0.003139,74.125.200.0-255,766,210704,9,397432
15164,0.0032,74.125.200.0-255,1484,212188,9,397432
15165,0.003202,172.31.36.0-255,66,212254,9,397432
15166,0.003224,74.125.200.0-255,2902,215156,9,397432
15167,0.003226,172.31.36.0-255,66,215222,9,397432
15168,0.00325,74.125.200.0-255,5738,220960,9,397432
15169,0.003253,172.31.36.0-255,66,221026,9,397432
15170,0.003272,74.125.200.0-255,2902,223928,9,397432
15171,0.003275,172.31.36.0-255,66,223994,9,397432
15172,0.003297,74.125.200.0-255,4320,228314,9,397432
15173,0.003299,172.31.36.0-255,66,228380,9,397432
15174,0.003302,74.125.200.0-255,1484,229864,9,397432
15175,0.003318,74.125.200.0-255,4320,234184,9,397432
15176,0.00332,172.31.36.0-255,66,234250,9,397432
15177,0.003336,74.125.200.0-255,2902,237152,9,397432
15178,0.003338,172.31.36.0-255,66,237218,9,397432
15179,0.003364,74.125.200.0-255,1484,238702,9,397432
15180,0.003371,74.125.200.0-255,5738,244440,9,397432
15181,0.003373,172.31.36.0-255,66,244506,9,397432
15182,0.003376,74.125.200.0-255,766,245272,9,397432
15183,0.003408,74.125.200.0-255,1484,246756,9,397432
15184,0.00341,172.31.36.0-255,66,246822,9,397432
15185,0.003414,74.125.200.0-255,1484,248306,9,397432
15186,0.003433,74.125.200.0-255,2902,251208,9,397432
15187,0.003436,172.31.36.0-255,66,251274,9,397432
15188,0.003458,74.125.200.0-255,4320,255594,9,397432
15189,0.003461,172.31.36.0-255,66,255660,9,397432
15190,0.00348,74.125.200.0-255,4320,259980,9,397432
15191,0.003483,172.31.36.0-255,66,260046,9,397432
15192,0.003504,74.125.200.0-255,1484,261530,9,397432
15193,0.003507,74.125.200.0-255,1484,263014,9,397432
15194,0.003509,172.31.36.0-255,66,263080,9,397432
15195,0.003515,74.125.200.0-255,2902,265982,9,397432
15196,0.003517,172.31.36.0-255,66,266048,9,397432
15197,0.003536,74.125.200.0-255,1484,267532,9,397432
15198,0.003541,74.125.200.0-255,2902,270434,9,397432
15199,0.003544,172.31.36.0-255,66,270500,9,397432
15200,0.003567,74.125.200.0-255,4320,274820,9,397432
15201,0.00357,172.31.36.0-255,66,274886,9,397432
15202,0.003595,74.125.200.0-255,5020,279906,9,397432
15203,0.003598,172.31.36.0-255,66,279972,9,397432
15204,0.003629,74.125.200.0-255,4320,284292,9,397432
15205,0.003632,172.31.36.0-255,66,284358,9,397432
15206,0.003648,74.125.200.0-255,1484,285842,9,397432
15207,0.003651,74.125.200.0-255,1484,287326,9,397432
15208,0.003653,172.31.36.0-255,66,287392,9,397432
15209,0.003659,74.125.200.0-255,2902,290294,9,397432
15210,0.003661,172.31.36.0-255,66,290360,9,397432
15211,0.003689,74.125.200.0-255,4320,294680,9,397432
15212,0.003692,172.31.36.0-255,66,294746,9,397432
15213,0.003695,74.125.200.0-255,1484,296230,9,397432
15214,0.0037,74.125.200.0-255,2902,299132,9,397432
15215,0.003702,172.31.36.0-255,66,299198,9,397432
15216,0.003705,74.125.200.0-255,1484,300682,9,397432
15217,0.003726,74.125.200.0-255,5738,306420,9,397432
15218,0.003728,172.31.36.0-255,66,306486,9,397432
15219,0.003732,74.125.200.0-255,1484,307970,9,397432
15220,0.003766,74.125.200.0-255,2902,310872,9,397432
15221,0.00377,172.31.36.0-255,66,310938,9,397432
15222,0.003775,74.125.200.0-255,3602,314540,9,397432
15223,0.003778,172.31.36.0-255,66,314606,9,397432
15224,0.003812,74.125.200.0-255,1484,316090,9,397432
15225,0.003848,74.125.200.0-255,2902,318992,9,397432
15226,0.003851,172.31.36.0-255,66,319058,9,397432
15227,0.003879,74.125.200.0-255,4320,323378,9,397432
15228,0.003883,172.31.36.0-255,66,323444,9,397432
15229,0.003923,172.31.36.0-255,66,323510,9,397432
15230,0.003949,74.125.200.0-255,2902,326412,9,397432
15231,0.003952,172.31.36.0-255,66,326478,9,397432
15232,0.003976,74.125.200.0-255,7156,333634,9,397432
15233,0.003979,172.31.36.0-255,66,333700,9,397432
15234,0.004006,74.125.200.0-255,2902,336602,9,397432
15235,0.004009,172.31.36.0-255,66,336668,9,397432
15236,0.004025,74.125.200.0-255,3602,340270,9,397432
15237,0.004029,172.31.36.0-255,66,340336,9,397432
15238,0.004036,74.125.200.0-255,7156,347492,9,397432
15239,0.004039,172.31.36.0-255,66,347558,9,397432
15240,0.004086,74.125.200.0-255,1484,349042,9,397432
15241,0.004091,74.125.200.0-255,2902,351944,9,397432
15242,0.004093,172.31.36.0-255,66,352010,9,397432
15243,0.0041,74.125.200.0-255,5738,357748,9,397432
15244,0.004102,172.31.36.0-255,66,357814,9,397432
15245,0.004108,74.125.200.0-255,4320,362134,9,397432
15246,0.00411,172.31.36.0-255,66,362200,9,397432
15247,0.00415,74.125.200.0-255,5738,367938,9,397432
15248,0.004153,172.31.36.0-255,66,368004,9,397432
15249,0.004161,74.125.200.0-255,6438,374442,9,397432
15250,0.004164,172.31.36.0-255,66,374508,9,397432
15251,0.00421,74.125.200.0-255,7156,381664,9,397432
15252,0.004213,172.31.36.0-255,66,381730,9,397432
15253,0.004218,74.125.200.0-255,2902,384632,9,397432
15254,0.00422,172.31.36.0-255,66,384698,9,397432
15255,0.004226,74.125.200.0-255,3197,387895,9,397432
15256,0.004228,172.31.36.0-255,66,387961,9,397432
15257,0.004231,74.125.200.0-255,97,388058,9,397432
15258,0.004318,74.125.200.0-255,105,388163,9,397432
15259,0.009028,172.31.36.0-255,66,388229,9,397432
15260,0.009066,172.31.36.0-255,105,388334,9,397432
15261,0.011599,74.125.200.0-255,66,388400,9,397432
15262,0.03641,172.31.36.0-255,176,388576,9,397432
15263,0.036445,172.31.36.0-255,1117,389693,9,397432
15264,0.036516,172.31.36.0-255,1514,391207,9,397432
15265,0.036518,172.31.36.0-255,1514,392721,9,397432
15266,0.036519,172.31.36.0-255,1514,394235,9,397432
15267,0.036525,172.31.36.0-255,1514,395749,9,397432
15268,0.036525,172.31.36.0-255,1485,397234,9,397432
15269,0.03798,104.244.42.0-255,66,397300,9,397432
15270,0.038039,104.244.42.0-255,66,397366,9,397432
15271,0.038124,104.244.42.0-255,66,397432,9,397432
15272,0.0,172.253.118.0-255,226,226,9,296133
15273,2.5e-05,172.31.36.0-255,66,292,9,296133
15274,3.1e-05,172.253.118.0-255,1484,1776,9,296133
15275,3.5e-05,172.31.36.0-255,66,1842,9,296133
15276,6.7e-05,172.253.118.0-255,2902,4744,9,296133
15277,7e-05,172.31.36.0-255,66,4810,9,296133
15278,0.00018,172.253.118.0-255,5738,10548,9,296133
15279,0.000186,172.31.36.0-255,66,10614,9,296133
15280,0.000397,172.253.118.0-255,2902,13516,9,296133
15281,0.000401,172.31.36.0-255,66,13582,9,296133
15282,0.000483,172.253.118.0-255,686,14268,9,296133
15283,0.000487,172.31.36.0-255,66,14334,9,296133
15284,0.00053,172.253.118.0-255,4320,18654,9,296133
15285,0.000533,172.31.36.0-255,66,18720,9,296133
15286,0.00056,172.253.118.0-255,1484,20204,9,296133
15287,0.000563,172.31.36.0-255,66,20270,9,296133
15288,0.000761,172.31.36.0-255,66,20336,9,296133
15289,0.00078,172.253.118.0-255,3961,24297,9,296133
15290,0.000783,172.31.36.0-255,66,24363,9,296133
15291,0.001234,172.253.118.0-255,4320,28683,9,296133
15292,0.00124,172.31.36.0-255,66,28749,9,296133
15293,0.00226,172.253.118.0-255,2902,31651,9,296133
15294,0.002264,172.31.36.0-255,66,31717,9,296133
15295,0.003476,172.253.118.0-255,2902,34619,9,296133
15296,0.003482,172.31.36.0-255,66,34685,9,296133
15297,0.004501,172.253.118.0-255,2902,37587,9,296133
15298,0.004508,172.31.36.0-255,66,37653,9,296133
15299,0.00573,172.253.118.0-255,2902,40555,9,296133
15300,0.005738,172.31.36.0-255,66,40621,9,296133
15301,0.006736,172.253.118.0-255,2902,43523,9,296133
15302,0.006744,172.31.36.0-255,66,43589,9,296133
15303,0.007968,172.253.118.0-255,2902,46491,9,296133
15304,0.007975,172.31.36.0-255,66,46557,9,296133
15305,0.008974,172.253.118.0-255,2902,49459,9,296133
15306,0.00898,172.31.36.0-255,66,49525,9,296133
15307,0.010222,172.253.118.0-255,2902,52427,9,296133
15308,0.010229,172.31.36.0-255,66,52493,9,296133
15309,0.011209,172.253.118.0-255,2902,55395,9,296133
15310,0.011216,172.31.36.0-255,66,55461,9,296133
15311,0.012474,172.253.118.0-255,2902,58363,9,296133
15312,0.012481,172.31.36.0-255,66,58429,9,296133
15313,0.013459,172.253.118.0-255,2902,61331,9,296133
15314,0.013466,172.31.36.0-255,66,61397,9,296133
15315,0.014722,172.253.118.0-255,2902,64299,9,296133
15316,0.014729,172.31.36.0-255,66,64365,9,296133
15317,0.015703,172.253.118.0-255,2902,67267,9,296133
15318,0.01571,172.31.36.0-255,66,67333,9,296133
15319,0.016972,172.253.118.0-255,2902,70235,9,296133
15320,0.016979,172.31.36.0-255,66,70301,9,296133
15321,0.017971,172.253.118.0-255,2902,73203,9,296133
15322,0.017978,172.31.36.0-255,66,73269,9,296133
15323,0.019228,172.253.118.0-255,2902,76171,9,296133
15324,0.019234,172.31.36.0-255,66,76237,9,296133
15325,0.020231,172.253.118.0-255,2902,79139,9,296133
15326,0.020238,172.31.36.0-255,66,79205,9,296133
15327,0.021479,172.253.118.0-255,2902,82107,9,296133
15328,0.021486,172.31.36.0-255,66,82173,9,296133
15329,0.022465,172.253.118.0-255,2902,85075,9,296133
15330,0.022471,172.31.36.0-255,66,85141,9,296133
15331,0.023718,172.253.118.0-255,2902,88043,9,296133
15332,0.023725,172.31.36.0-255,66,88109,9,296133
15333,0.024708,172.253.118.0-255,2902,91011,9,296133
15334,0.024715,172.31.36.0-255,66,91077,9,296133
15335,0.025969,172.253.118.0-255,2902,93979,9,296133
15336,0.025976,172.31.36.0-255,66,94045,9,296133
15337,0.026948,172.253.118.0-255,2902,96947,9,296133
15338,0.026955,172.31.36.0-255,66,97013,9,296133
15339,0.028209,172.253.118.0-255,2902,99915,9,296133
15340,0.028216,172.31.36.0-255,66,99981,9,296133
15341,0.029182,172.253.118.0-255,2902,102883,9,296133
15342,0.029186,172.31.36.0-255,66,102949,9,296133
15343,0.030443,172.253.118.0-255,2902,105851,9,296133
15344,0.030449,172.31.36.0-255,66,105917,9,296133
15345,0.031412,172.253.118.0-255,2902,108819,9,296133
15346,0.031418,172.31.36.0-255,66,108885,9,296133
15347,0.032689,172.253.118.0-255,2902,111787,9,296133
15348,0.032696,172.31.36.0-255,66,111853,9,296133
15349,0.033662,172.253.118.0-255,2902,114755,9,296133
15350,0.033668,172.31.36.0-255,66,114821,9,296133
15351,0.034933,172.253.118.0-255,2902,117723,9,296133
15352,0.03494,172.31.36.0-255,66,117789,9,296133
15353,0.035907,172.253.118.0-255,2902,120691,9,296133
15354,0.035914,172.31.36.0-255,66,120757,9,296133
15355,0.037173,172.253.118.0-255,2902,123659,9,296133
15356,0.03718,172.31.36.0-255,66,123725,9,296133
15357,0.038148,172.253.118.0-255,2902,126627,9,296133
15358,0.038154,172.31.36.0-255,66,126693,9,296133
15359,0.039421,172.253.118.0-255,2902,129595,9,296133
15360,0.039427,172.31.36.0-255,66,129661,9,296133
15361,0.040369,172.253.118.0-255,2902,132563,9,296133
15362,0.040374,172.31.36.0-255,66,132629,9,296133
15363,0.041016,172.31.36.0-255,172,132801,9,296133
15364,0.041066,172.31.36.0-255,1116,133917,9,296133
15365,0.041091,172.31.36.0-255,1514,135431,9,296133
15366,0.041093,172.31.36.0-255,1514,136945,9,296133
15367,0.041097,172.31.36.0-255,1514,138459,9,296133
15368,0.041098,172.31.36.0-255,106,138565,9,296133
15369,0.041656,172.253.118.0-255,2902,141467,9,296133
15370,0.041663,172.31.36.0-255,66,141533,9,296133
15371,0.042552,104.244.42.0-255,66,141599,9,296133
15372,0.042608,172.253.118.0-255,2902,144501,9,296133
15373,0.042614,172.31.36.0-255,66,144567,9,296133
15374,0.042633,104.244.42.0-255,66,144633,9,296133
15375,0.042637,104.244.42.0-255,66,144699,9,296133
15376,0.042661,104.244.42.0-255,66,144765,9,296133
15377,0.043893,172.253.118.0-255,2902,147667,9,296133
15378,0.043898,172.31.36.0-255,66,147733,9,296133
15379,0.044855,172.253.118.0-255,2902,150635,9,296133
15380,0.04486,172.31.36.0-255,66,150701,9,296133
15381,0.046122,172.253.118.0-255,2902,153603,9,296133
15382,0.046127,172.31.36.0-255,66,153669,9,296133
15383,0.047089,172.253.118.0-255,2902,156571,9,296133
15384,0.047093,172.31.36.0-255,66,156637,9,296133
15385,0.048361,172.253.118.0-255,2902,159539,9,296133
15386,0.048367,172.31.36.0-255,66,159605,9,296133
15387,0.049322,172.253.118.0-255,2902,162507,9,296133
15388,0.049328,172.31.36.0-255,66,162573,9,296133
15389,0.050596,172.253.118.0-255,2902,165475,9,296133
15390,0.050601,172.31.36.0-255,66,165541,9,296133
15391,0.051563,172.253.118.0-255,2902,168443,9,296133
15392,0.051569,172.31.36.0-255,66,168509,9,296133
15393,0.052838,172.253.118.0-255,2902,171411,9,296133
15394,0.052843,172.31.36.0-255,66,171477,9,296133
15395,0.053804,172.253.118.0-255,2902,174379,9,296133
15396,0.05381,172.31.36.0-255,66,174445,9,296133
15397,0.055095,172.253.118.0-255,2902,177347,9,296133
15398,0.0551,172.31.36.0-255,66,177413,9,296133
15399,0.056082,172.253.118.0-255,2902,180315,9,296133
15400,0.056089,172.31.36.0-255,66,180381,9,296133
15401,0.057332,172.253.118.0-255,2902,183283,9,296133
15402,0.057338,172.31.36.0-255,66,183349,9,296133
15403,0.058319,172.253.118.0-255,2902,186251,9,296133
15404,0.058325,172.31.36.0-255,66,186317,9,296133
15405,0.059566,172.253.118.0-255,2902,189219,9,296133
15406,0.059572,172.31.36.0-255,66,189285,9,296133
15407,0.060561,172.253.118.0-255,2902,192187,9,296133
15408,0.060567,172.31.36.0-255,66,192253,9,296133
15409,0.061797,172.253.118.0-255,2902,195155,9,296133
15410,0.061801,172.31.36.0-255,66,195221,9,296133
15411,0.062787,172.253.118.0-255,2902,198123,9,296133
15412,0.062794,172.31.36.0-255,66,198189,9,296133
15413,0.064028,172.253.118.0-255,2902,201091,9,296133
15414,0.064034,172.31.36.0-255,66,201157,9,296133
15415,0.065028,172.253.118.0-255,2902,204059,9,296133
15416,0.065033,172.31.36.0-255,66,204125,9,296133
15417,0.066263,172.253.118.0-255,2902,207027,9,296133
15418,0.066268,172.31.36.0-255,66,207093,9,296133
15419,0.067264,172.253.118.0-255,2902,209995,9,296133
15420,0.06727,172.31.36.0-255,66,210061,9,296133
15421,0.068505,172.253.118.0-255,2902,212963,9,296133
15422,0.06851,172.31.36.0-255,66,213029,9,296133
15423,0.069507,172.253.118.0-255,2902,215931,9,296133
15424,0.069512,172.31.36.0-255,66,215997,9,296133
15425,0.070744,172.253.118.0-255,2902,218899,9,296133
15426,0.070749,172.31.36.0-255,66,218965,9,296133
15427,0.071754,172.253.118.0-255,2902,221867,9,296133
15428,0.07176,172.31.36.0-255,66,221933,9,296133
15429,0.072993,172.253.118.0-255,2902,224835,9,296133
15430,0.073,172.31.36.0-255,66,224901,9,296133
15431,0.073996,172.253.118.0-255,2902,227803,9,296133
15432,0.074001,172.31.36.0-255,66,227869,9,296133
15433,0.075231,172.253.118.0-255,2902,230771,9,296133
15434,0.075237,172.31.36.0-255,66,230837,9,296133
15435,0.076237,172.253.118.0-255,2902,233739,9,296133
15436,0.076242,172.31.36.0-255,66,233805,9,296133
15437,0.077467,172.253.118.0-255,2902,236707,9,296133
15438,0.077473,172.31.36.0-255,66,236773,9,296133
15439,0.078491,172.253.118.0-255,2902,239675,9,296133
15440,0.078495,172.31.36.0-255,66,239741,9,296133
15441,0.079701,172.253.118.0-255,2902,242643,9,296133
15442,0.079707,172.31.36.0-255,66,242709,9,296133
15443,0.08073,172.253.118.0-255,2902,245611,9,296133
15444,0.080736,172.31.36.0-255,66,245677,9,296133
15445,0.081951,172.253.118.0-255,2902,248579,9,296133
15446,0.081956,172.31.36.0-255,66,248645,9,296133
15447,0.082976,172.253.118.0-255,2902,251547,9,296133
15448,0.082982,172.31.36.0-255,66,251613,9,296133
15449,0.084192,172.253.118.0-255,2902,254515,9,296133
15450,0.084198,172.31.36.0-255,66,254581,9,296133
15451,0.085215,172.253.118.0-255,2902,257483,9,296133
15452,0.085221,172.31.36.0-255,66,257549,9,296133
15453,0.08643,172.253.118.0-255,2902,260451,9,296133
15454,0.086436,172.31.36.0-255,66,260517,9,296133
15455,0.087447,172.253.118.0-255,2902,263419,9,296133
15456,0.087452,172.31.36.0-255,66,263485,9,296133
15457,0.088661,172.253.118.0-255,2902,266387,9,296133
15458,0.088667,172.31.36.0-255,66,266453,9,296133
15459,0.089686,172.253.118.0-255,2902,269355,9,296133
15460,0.089691,172.31.36.0-255,66,269421,9,296133
15461,0.090895,172.253.118.0-255,2902,272323,9,296133
15462,0.090904,172.31.36.0-255,66,272389,9,296133
15463,0.091923,172.253.118.0-255,2902,275291,9,296133
15464,0.091928,172.31.36.0-255,66,275357,9,296133
15465,0.093159,172.253.118.0-255,2902,278259,9,296133
15466,0.093165,172.31.36.0-255,66,278325,9,296133
15467,0.09416,172.253.118.0-255,2902,281227,9,296133
15468,0.094163,172.31.36.0-255,66,281293,9,296133
15469,0.095396,172.253.118.0-255,2902,284195,9,296133
15470,0.095401,172.31.36.0-255,66,284261,9,296133
15471,0.096411,172.253.118.0-255,2902,287163,9,296133
15472,0.096416,172.31.36.0-255,66,287229,9,296133
15473,0.097643,172.253.118.0-255,2902,290131,9,296133
15474,0.097648,172.31.36.0-255,66,290197,9,296133
15475,0.098642,172.253.118.0-255,2902,293099,9,296133
15476,0.098648,172.31.36.0-255,66,293165,9,296133
15477,0.099875,172.253.118.0-255,2902,296067,9,296133
15478,0.09988,172.31.36.0-255,66,296133,9,296133
15479,0.0,172.31.36.0-255,105,105,9,459
15480,0.000202,172.31.36.0-255,90,195,9,459
15481,0.000211,172.31.36.0-255,66,261,9,459
15482,0.002423,74.125.24.0-255,66,327,9,459
15483,0.002432,74.125.24.0-255,66,393,9,459
15484,0.002437,172.31.36.0-255,66,459,9,459
15485,0.0,74.125.24.0-255,152,152,9,262522
15486,1.5e-05,172.31.36.0-255,66,218,9,262522
15487,2.1e-05,74.125.24.0-255,1484,1702,9,262522
15488,2.6e-05,172.31.36.0-255,66,1768,9,262522
15489,3.2e-05,74.125.24.0-255,2902,4670,9,262522
15490,4.7e-05,172.31.36.0-255,66,4736,9,262522
15491,5.1e-05,74.125.24.0-255,2902,7638,9,262522
15492,5.4e-05,172.31.36.0-255,66,7704,9,262522
15493,8.9e-05,74.125.24.0-255,1484,9188,9,262522
15494,9.2e-05,172.31.36.0-255,66,9254,9,262522
15495,0.000125,74.125.24.0-255,4912,14166,9,262522
15496,0.000128,172.31.36.0-255,66,14232,9,262522
15497,0.000135,74.125.24.0-255,5738,19970,9,262522
15498,0.000138,172.31.36.0-255,66,20036,9,262522
15499,0.000149,74.125.24.0-255,1484,21520,9,262522
15500,0.000151,172.31.36.0-255,66,21586,9,262522
15501,0.000155,74.125.24.0-255,1484,23070,9,262522
15502,0.00016,172.31.36.0-255,66,23136,9,262522
15503,0.000199,172.31.36.0-255,66,23202,9,262522
15504,0.000206,74.125.24.0-255,7156,30358,9,262522
15505,0.000208,172.31.36.0-255,66,30424,9,262522
15506,0.000253,74.125.24.0-255,4320,34744,9,262522
15507,0.000256,172.31.36.0-255,66,34810,9,262522
15508,0.000287,74.125.24.0-255,2543,37353,9,262522
15509,0.000289,172.31.36.0-255,66,37419,9,262522
15510,0.000312,74.125.24.0-255,1484,38903,9,262522
15511,0.000314,172.31.36.0-255,66,38969,9,262522
15512,0.000319,74.125.24.0-255,2902,41871,9,262522
15513,0.000321,172.31.36.0-255,66,41937,9,262522
15514,0.000324,74.125.24.0-255,1484,43421,9,262522
15515,0.000327,172.31.36.0-255,66,43487,9,262522
15516,0.00036,74.125.24.0-255,4320,47807,9,262522
15517,0.000366,74.125.24.0-255,4320,52127,9,262522
15518,0.000392,74.125.24.0-255,3123,55250,9,262522
15519,0.000423,74.125.24.0-255,4320,59570,9,262522
15520,0.000461,74.125.24.0-255,2902,62472,9,262522
15521,0.000466,74.125.24.0-255,2902,65374,9,262522
15522,0.000485,74.125.24.0-255,5738,71112,9,262522
15523,0.000507,74.125.24.0-255,2902,74014,9,262522
15524,0.000545,74.125.24.0-255,4320,78334,9,262522
15525,0.000548,74.125.24.0-255,576,78910,9,262522
15526,0.000644,172.31.36.0-255,66,78976,9,262522
15527,0.000924,74.125.24.0-255,1484,80460,9,262522
15528,0.000931,74.125.24.0-255,2902,83362,9,262522
15529,0.000941,172.31.36.0-255,66,83428,9,262522
15530,0.000972,74.125.24.0-255,5738,89166,9,262522
15531,0.000979,74.125.24.0-255,6683,95849,9,262522
15532,0.000986,74.125.24.0-255,7156,103005,9,262522
15533,0.001012,74.125.24.0-255,4320,107325,9,262522
15534,0.001018,172.31.36.0-255,66,107391,9,262522
15535,0.001064,74.125.24.0-255,766,108157,9,262522
15536,0.001126,74.125.24.0-255,1615,109772,9,262522
15537,0.001133,74.125.24.0-255,4320,114092,9,262522
15538,0.001139,74.125.24.0-255,4320,118412,9,262522
15539,0.001143,74.125.24.0-255,2902,121314,9,262522
15540,0.001239,74.125.24.0-255,1484,122798,9,262522
15541,0.001243,74.125.24.0-255,2902,125700,9,262522
15542,0.001263,74.125.24.0-255,5738,131438,9,262522
15543,0.001277,74.125.24.0-255,2902,134340,9,262522
15544,0.001327,74.125.24.0-255,2902,137242,9,262522
15545,0.001359,74.125.24.0-255,2902,140144,9,262522
15546,0.001386,74.125.24.0-255,7156,147300,9,262522
15547,0.001401,74.125.24.0-255,1484,148784,9,262522
15548,0.001426,74.125.24.0-255,7156,155940,9,262522
15549,0.001481,74.125.24.0-255,7156,163096,9,262522
15550,0.00161,74.125.24.0-255,1484,164580,9,262522
15551,0.001614,74.125.24.0-255,1484,166064,9,262522
15552,0.001626,74.125.24.0-255,1484,167548,9,262522
15553,0.001632,74.125.24.0-255,5738,173286,9,262522
15554,0.001637,74.125.24.0-255,2902,176188,9,262522
15555,0.001649,74.125.24.0-255,1484,177672,9,262522
15556,0.001653,74.125.24.0-255,1484,179156,9,262522
15557,0.001686,74.125.24.0-255,1484,180640,9,262522
15558,0.001708,74.125.24.0-255,6438,187078,9,262522
15559,0.001749,74.125.24.0-255,1484,188562,9,262522
15560,0.001755,74.125.24.0-255,2902,191464,9,262522
15561,0.001775,74.125.24.0-255,5738,197202,9,262522
15562,0.001796,74.125.24.0-255,5738,202940,9,262522
15563,0.001801,74.125.24.0-255,2902,205842,9,262522
15564,0.001817,74.125.24.0-255,4320,210162,9,262522
15565,0.001845,74.125.24.0-255,2902,213064,9,262522
15566,0.001898,74.125.24.0-255,1484,214548,9,262522
15567,0.00192,74.125.24.0-255,2902,217450,9,262522
15568,0.001927,74.125.24.0-255,5738,223188,9,262522
15569,0.001974,74.125.24.0-255,4320,227508,9,262522
15570,0.001992,74.125.24.0-255,5738,233246,9,262522
15571,0.00203,74.125.24.0-255,5738,238984,9,262522
15572,0.002045,74.125.24.0-255,7156,246140,9,262522
15573,0.002071,74.125.24.0-255,4320,250460,9,262522
15574,0.002084,74.125.24.0-255,2678,253138,9,262522
15575,0.0021,74.125.24.0-255,105,253243,9,262522
15576,0.005455,172.31.36.0-255,66,253309,9,262522
15577,0.008364,172.31.36.0-255,105,253414,9,262522
15578,0.010387,74.125.24.0-255,66,253480,9,262522
15579,0.042317,172.31.36.0-255,172,253652,9,262522
15580,0.04235,172.31.36.0-255,1117,254769,9,262522
15581,0.042418,172.31.36.0-255,1514,256283,9,262522
15582,0.04242,172.31.36.0-255,1514,257797,9,262522
15583,0.042421,172.31.36.0-255,1514,259311,9,262522
15584,0.042423,172.31.36.0-255,1514,260825,9,262522
15585,0.042452,172.31.36.0-255,1499,262324,9,262522
15586,0.04388,104.244.42.0-255,66,262390,9,262522
15587,0.043929,104.244.42.0-255,66,262456,9,262522
15588,0.044085,104.244.42.0-255,66,262522,9,262522
15589,0.0,172.217.194.0-255,146,146,9,277078
15590,2.4e-05,172.31.36.0-255,66,212,9,277078
15591,3.1e-05,172.217.194.0-255,1484,1696,9,277078
15592,3.7e-05,172.31.36.0-255,66,1762,9,277078
15593,5.2e-05,172.217.194.0-255,2902,4664,9,277078
15594,5.6e-05,172.31.36.0-255,66,4730,9,277078
15595,6.3e-05,172.217.194.0-255,5738,10468,9,277078
15596,6.6e-05,172.31.36.0-255,66,10534,9,277078
15597,0.000124,172.217.194.0-255,3453,13987,9,277078
15598,0.000128,172.31.36.0-255,66,14053,9,277078
15599,0.000157,172.217.194.0-255,4320,18373,9,277078
15600,0.00016,172.31.36.0-255,66,18439,9,277078
15601,0.00022,172.217.194.0-255,5738,24177,9,277078
15602,0.000223,172.31.36.0-255,66,24243,9,277078
15603,0.000251,172.217.194.0-255,4320,28563,9,277078
15604,0.000254,172.31.36.0-255,66,28629,9,277078
15605,0.00033,172.217.194.0-255,2543,31172,9,277078
15606,0.000334,172.31.36.0-255,66,31238,9,277078
15607,0.000363,172.217.194.0-255,5738,36976,9,277078
15608,0.000367,172.31.36.0-255,66,37042,9,277078
15609,0.000409,172.31.36.0-255,66,37108,9,277078
15610,0.000635,172.31.36.0-255,66,37174,9,277078
15611,0.000761,172.217.194.0-255,2184,39358,9,277078
15612,0.000766,172.31.36.0-255,66,39424,9,277078
15613,0.000791,172.217.194.0-255,347,39771,9,277078
15614,0.000793,172.217.194.0-255,1484,41255,9,277078
15615,0.000798,172.31.36.0-255,66,41321,9,277078
15616,0.000802,172.31.36.0-255,66,41387,9,277078
15617,0.000818,172.217.194.0-255,2902,44289,9,277078
15618,0.000821,172.31.36.0-255,66,44355,9,277078
15619,0.000849,172.217.194.0-255,5738,50093,9,277078
15620,0.000858,172.31.36.0-255,66,50159,9,277078
15621,0.000869,172.217.194.0-255,4320,54479,9,277078
15622,0.000894,172.31.36.0-255,66,54545,9,277078
15623,0.000972,172.217.194.0-255,5738,60283,9,277078
15624,0.000976,172.31.36.0-255,66,60349,9,277078
15625,0.00102,172.31.36.0-255,66,60415,9,277078
15626,0.001219,172.217.194.0-255,5738,66153,9,277078
15627,0.001225,172.31.36.0-255,66,66219,9,277078
15628,0.001242,172.217.194.0-255,7156,73375,9,277078
15629,0.001248,172.31.36.0-255,66,73441,9,277078
15630,0.001402,172.31.36.0-255,66,73507,9,277078
15631,0.001411,172.217.194.0-255,1484,74991,9,277078
15632,0.001564,172.217.194.0-255,6438,81429,9,277078
15633,0.001568,172.31.36.0-255,66,81495,9,277078
15634,0.001648,172.31.36.0-255,66,81561,9,277078
15635,0.001696,172.31.36.0-255,66,81627,9,277078
15636,0.00193,172.217.194.0-255,7156,88783,9,277078
15637,0.001935,172.31.36.0-255,66,88849,9,277078
15638,0.001961,172.217.194.0-255,3602,92451,9,277078
15639,0.001968,172.31.36.0-255,66,92517,9,277078
15640,0.002065,172.217.194.0-255,7156,99673,9,277078
15641,0.002068,172.31.36.0-255,66,99739,9,277078
15642,0.00217,172.31.36.0-255,66,99805,9,277078
15643,0.002488,172.31.36.0-255,66,99871,9,277078
15644,0.002554,172.31.36.0-255,66,99937,9,277078
15645,0.004579,172.217.194.0-255,5738,105675,9,277078
15646,0.004587,172.31.36.0-255,66,105741,9,277078
15647,0.006608,172.217.194.0-255,5738,111479,9,277078
15648,0.006613,172.31.36.0-255,66,111545,9,277078
15649,0.008655,172.217.194.0-255,5738,117283,9,277078
15650,0.008661,172.31.36.0-255,66,117349,9,277078
15651,0.010655,172.217.194.0-255,5738,123087,9,277078
15652,0.010663,172.31.36.0-255,66,123153,9,277078
15653,0.012688,172.217.194.0-255,5738,128891,9,277078
15654,0.012696,172.31.36.0-255,66,128957,9,277078
15655,0.014735,172.217.194.0-255,5738,134695,9,277078
15656,0.014743,172.31.36.0-255,66,134761,9,277078
15657,0.016749,172.217.194.0-255,5738,140499,9,277078
15658,0.016758,172.31.36.0-255,66,140565,9,277078
15659,0.018805,172.217.194.0-255,5738,146303,9,277078
15660,0.018813,172.31.36.0-255,66,146369,9,277078
15661,0.020817,172.217.194.0-255,5738,152107,9,277078
15662,0.020825,172.31.36.0-255,66,152173,9,277078
15663,0.022845,172.217.194.0-255,5738,157911,9,277078
15664,0.022853,172.31.36.0-255,66,157977,9,277078
15665,0.024874,172.217.194.0-255,5738,163715,9,277078
15666,0.024881,172.31.36.0-255,66,163781,9,277078
15667,0.026908,172.217.194.0-255,5738,169519,9,277078
15668,0.026916,172.31.36.0-255,66,169585,9,277078
15669,0.028912,172.217.194.0-255,5738,175323,9,277078
15670,0.02892,172.31.36.0-255,66,175389,9,277078
15671,0.03095,172.217.194.0-255,5738,181127,9,277078
15672,0.030958,172.31.36.0-255,66,181193,9,277078
15673,0.032964,172.217.194.0-255,5738,186931,9,277078
15674,0.032971,172.31.36.0-255,66,186997,9,277078
15675,0.034974,172.217.194.0-255,5738,192735,9,277078
15676,0.034981,172.31.36.0-255,66,192801,9,277078
15677,0.037013,172.217.194.0-255,5738,198539,9,277078
15678,0.03702,172.31.36.0-255,66,198605,9,277078
15679,0.039048,172.217.194.0-255,5738,204343,9,277078
15680,0.039054,172.31.36.0-255,66,204409,9,277078
15681,0.041066,172.217.194.0-255,5738,210147,9,277078
15682,0.041073,172.31.36.0-255,66,210213,9,277078
15683,0.0431,172.217.194.0-255,5738,215951,9,277078
15684,0.043114,172.31.36.0-255,66,216017,9,277078
15685,0.045126,172.217.194.0-255,5738,221755,9,277078
15686,0.045133,172.31.36.0-255,66,221821,9,277078
15687,0.047158,172.217.194.0-255,5738,227559,9,277078
15688,0.047166,172.31.36.0-255,66,227625,9,277078
15689,0.049173,172.217.194.0-255,5738,233363,9,277078
15690,0.04918,172.31.36.0-255,66,233429,9,277078
15691,0.051246,172.217.194.0-255,5738,239167,9,277078
15692,0.051253,172.31.36.0-255,66,239233,9,277078
15693,0.05286,172.31.36.0-255,188,239421,9,277078
15694,0.052892,172.31.36.0-255,960,240381,9,277078
15695,0.05296,172.31.36.0-255,1514,241895,9,277078
15696,0.052962,172.31.36.0-255,1514,243409,9,277078
15697,0.052986,172.31.36.0-255,1288,244697,9,277078
15698,0.053269,172.217.194.0-255,5738,250435,9,277078
15699,0.053275,172.31.36.0-255,66,250501,9,277078
15700,0.054361,104.244.42.0-255,66,250567,9,277078
15701,0.054383,104.244.42.0-255,66,250633,9,277078
15702,0.054492,104.244.42.0-255,66,250699,9,277078
15703,0.054498,104.244.42.0-255,66,250765,9,277078
15704,0.055303,172.217.194.0-255,5738,256503,9,277078
15705,0.055309,172.31.36.0-255,66,256569,9,277078
15706,0.057328,172.217.194.0-255,5738,262307,9,277078
15707,0.057336,172.31.36.0-255,66,262373,9,277078
15708,0.059344,172.217.194.0-255,5738,268111,9,277078
15709,0.059351,172.31.36.0-255,66,268177,9,277078
15710,0.061372,172.217.194.0-255,5738,273915,9,277078
15711,0.06138,172.31.36.0-255,66,273981,9,277078
15712,0.063373,172.217.194.0-255,2860,276841,9,277078
15713,0.063379,172.31.36.0-255,66,276907,9,277078
15714,0.063563,172.31.36.0-255,105,277012,9,277078
15715,0.065525,172.217.194.0-255,66,277078,9,277078
15716,0.0,74.125.200.0-255,153,153,9,361228
15717,2.3e-05,172.31.36.0-255,66,219,9,361228
15718,3.1e-05,74.125.200.0-255,1484,1703,9,361228
15719,3.6e-05,172.31.36.0-255,66,1769,9,361228
15720,4.2e-05,74.125.200.0-255,2902,4671,9,361228
15721,4.5e-05,172.31.36.0-255,66,4737,9,361228
15722,5.1e-05,74.125.200.0-255,4320,9057,9,361228
15723,5.5e-05,172.31.36.0-255,66,9123,9,361228
15724,9.5e-05,74.125.200.0-255,4887,14010,9,361228
15725,9.8e-05,172.31.36.0-255,66,14076,9,361228
15726,0.000187,74.125.200.0-255,1484,15560,9,361228
15727,0.00019,172.31.36.0-255,66,15626,9,361228
15728,0.000194,74.125.200.0-255,1484,17110,9,361228
15729,0.000196,172.31.36.0-255,66,17176,9,361228
15730,0.000222,74.125.200.0-255,1484,18660,9,361228
15731,0.000224,172.31.36.0-255,66,18726,9,361228
15732,0.000229,74.125.200.0-255,2902,21628,9,361228
15733,0.000232,172.31.36.0-255,66,21694,9,361228
15734,0.000257,74.125.200.0-255,1484,23178,9,361228
15735,0.000259,172.31.36.0-255,66,23244,9,361228
15736,0.000266,74.125.200.0-255,5738,28982,9,361228
15737,0.000268,172.31.36.0-255,66,29048,9,361228
15738,0.000271,74.125.200.0-255,1484,30532,9,361228
15739,0.000273,172.31.36.0-255,66,30598,9,361228
15740,0.00032,74.125.200.0-255,2543,33141,9,361228
15741,0.000323,172.31.36.0-255,66,33207,9,361228
15742,0.000343,74.125.200.0-255,2902,36109,9,361228
15743,0.000346,172.31.36.0-255,66,36175,9,361228
15744,0.000363,74.125.200.0-255,5738,41913,9,361228
15745,0.000366,172.31.36.0-255,66,41979,9,361228
15746,0.000386,74.125.200.0-255,1484,43463,9,361228
15747,0.000388,172.31.36.0-255,66,43529,9,361228
15748,0.000391,74.125.200.0-255,1484,45013,9,361228
15749,0.000425,74.125.200.0-255,3961,48974,9,361228
15750,0.000428,172.31.36.0-255,66,49040,9,361228
15751,0.000473,74.125.200.0-255,1484,50524,9,361228
15752,0.000486,74.125.200.0-255,2902,53426,9,361228
15753,0.000489,172.31.36.0-255,66,53492,9,361228
15754,0.000494,74.125.200.0-255,2902,56394,9,361228
15755,0.000495,172.31.36.0-255,66,56460,9,361228
15756,0.00051,74.125.200.0-255,2902,59362,9,361228
15757,0.000513,172.31.36.0-255,66,59428,9,361228
15758,0.00054,74.125.200.0-255,6797,66225,9,361228
15759,0.000543,172.31.36.0-255,66,66291,9,361228
15760,0.000571,74.125.200.0-255,647,66938,9,361228
15761,0.000679,74.125.200.0-255,1484,68422,9,361228
15762,0.000682,172.31.36.0-255,66,68488,9,361228
15763,0.000688,74.125.200.0-255,2902,71390,9,361228
15764,0.000691,172.31.36.0-255,66,71456,9,361228
15765,0.000725,74.125.200.0-255,5738,77194,9,361228
15766,0.000728,172.31.36.0-255,66,77260,9,361228
15767,0.000731,74.125.200.0-255,1484,78744,9,361228
15768,0.000736,74.125.200.0-255,2902,81646,9,361228
15769,0.000738,172.31.36.0-255,66,81712,9,361228
15770,0.000772,74.125.200.0-255,2543,84255,9,361228
15771,0.000775,172.31.36.0-255,66,84321,9,361228
15772,0.000779,74.125.200.0-255,2902,87223,9,361228
15773,0.000782,172.31.36.0-255,66,87289,9,361228
15774,0.000809,74.125.200.0-255,2902,90191,9,361228
15775,0.000812,172.31.36.0-255,66,90257,9,361228
15776,0.000832,74.125.200.0-255,4320,94577,9,361228
15777,0.000834,172.31.36.0-255,66,94643,9,361228
15778,0.000876,74.125.200.0-255,6797,101440,9,361228
15779,0.000879,172.31.36.0-255,66,101506,9,361228
15780,0.00114,74.125.200.0-255,1484,102990,9,361228
15781,0.001156,74.125.200.0-255,2902,105892,9,361228
15782,0.00116,172.31.36.0-255,66,105958,9,361228
15783,0.001173,74.125.200.0-255,4320,110278,9,361228
15784,0.001176,172.31.36.0-255,66,110344,9,361228
15785,0.001204,74.125.200.0-255,1484,111828,9,361228
15786,0.001213,74.125.200.0-255,7156,118984,9,361228
15787,0.001215,172.31.36.0-255,66,119050,9,361228
15788,0.001221,74.125.200.0-255,4320,123370,9,361228
15789,0.001223,172.31.36.0-255,66,123436,9,361228
15790,0.001246,172.31.36.0-255,66,123502,9,361228
15791,0.001261,74.125.200.0-255,2184,125686,9,361228
15792,0.001263,172.31.36.0-255,66,125752,9,361228
15793,0.00129,74.125.200.0-255,2902,128654,9,361228
15794,0.001292,172.31.36.0-255,66,128720,9,361228
15795,0.001307,74.125.200.0-255,1484,130204,9,361228
15796,0.001321,74.125.200.0-255,4320,134524,9,361228
15797,0.001323,172.31.36.0-255,66,134590,9,361228
15798,0.001344,74.125.200.0-255,1484,136074,9,361228
15799,0.00135,74.125.200.0-255,4320,140394,9,361228
15800,0.001352,172.31.36.0-255,66,140460,9,361228
15801,0.001358,74.125.200.0-255,4320,144780,9,361228
15802,0.00136,172.31.36.0-255,66,144846,9,361228
15803,0.001381,74.125.200.0-255,7156,152002,9,361228
15804,0.001383,172.31.36.0-255,66,152068,9,361228
15805,0.001394,74.125.200.0-255,1484,153552,9,361228
15806,0.001401,74.125.200.0-255,6438,159990,9,361228
15807,0.001404,172.31.36.0-255,66,160056,9,361228
15808,0.001464,74.125.200.0-255,1484,161540,9,361228
15809,0.001467,74.125.200.0-255,1484,163024,9,361228
15810,0.001472,172.31.36.0-255,66,163090,9,361228
15811,0.001483,74.125.200.0-255,1484,164574,9,361228
15812,0.001486,74.125.200.0-255,1484,166058,9,361228
15813,0.001488,172.31.36.0-255,66,166124,9,361228
15814,0.00152,74.125.200.0-255,2902,169026,9,361228
15815,0.001523,172.31.36.0-255,66,169092,9,361228
15816,0.00153,74.125.200.0-255,5738,174830,9,361228
15817,0.001533,172.31.36.0-255,66,174896,9,361228
15818,0.001539,74.125.200.0-255,5738,180634,9,361228
15819,0.001542,172.31.36.0-255,66,180700,9,361228
15820,0.00157,74.125.200.0-255,7156,187856,9,361228
15821,0.001586,74.125.200.0-255,5738,193594,9,361228
15822,0.001593,172.31.36.0-255,66,193660,9,361228
15823,0.001615,74.125.200.0-255,2184,195844,9,361228
15824,0.00163,74.125.200.0-255,4320,200164,9,361228
15825,0.001639,172.31.36.0-255,66,200230,9,361228
15826,0.001679,74.125.200.0-255,2902,203132,9,361228
15827,0.001711,172.31.36.0-255,66,203198,9,361228
15828,0.001719,74.125.200.0-255,1484,204682,9,361228
15829,0.001734,74.125.200.0-255,2902,207584,9,361228
15830,0.001736,172.31.36.0-255,66,207650,9,361228
15831,0.001759,74.125.200.0-255,5738,213388,9,361228
15832,0.001773,172.31.36.0-255,66,213454,9,361228
15833,0.001805,74.125.200.0-255,5738,219192,9,361228
15834,0.001827,74.125.200.0-255,5738,224930,9,361228
15835,0.001832,74.125.200.0-255,2184,227114,9,361228
15836,0.001849,172.31.36.0-255,66,227180,9,361228
15837,0.001887,74.125.200.0-255,1484,228664,9,361228
15838,0.001891,74.125.200.0-255,1484,230148,9,361228
15839,0.001907,74.125.200.0-255,1484,231632,9,361228
15840,0.001916,172.31.36.0-255,66,231698,9,361228
15841,0.001936,74.125.200.0-255,5738,237436,9,361228
15842,0.001939,74.125.200.0-255,1484,238920,9,361228
15843,0.001946,74.125.200.0-255,5738,244658,9,361228
15844,0.001954,172.31.36.0-255,66,244724,9,361228
15845,0.001963,74.125.200.0-255,2902,247626,9,361228
15846,0.001973,172.31.36.0-255,66,247692,9,361228
15847,0.001976,74.125.200.0-255,1484,249176,9,361228
15848,0.002027,172.31.36.0-255,66,249242,9,361228
15849,0.002073,74.125.200.0-255,1484,250726,9,361228
15850,0.00208,74.125.200.0-255,2902,253628,9,361228
15851,0.002086,172.31.36.0-255,66,253694,9,361228
15852,0.002093,74.125.200.0-255,1484,255178,9,361228
15853,0.002109,74.125.200.0-255,4320,259498,9,361228
15854,0.002127,172.31.36.0-255,66,259564,9,361228
15855,0.002139,74.125.200.0-255,7156,266720,9,361228
15856,0.00215,172.31.36.0-255,66,266786,9,361228
15857,0.002156,74.125.200.0-255,4320,271106,9,361228
15858,0.002161,74.125.200.0-255,5738,276844,9,361228
15859,0.002181,74.125.200.0-255,6438,283282,9,361228
15860,0.002186,74.125.200.0-255,2902,286184,9,361228
15861,0.002205,74.125.200.0-255,4320,290504,9,361228
15862,0.002207,74.125.200.0-255,1484,291988,9,361228
15863,0.002211,172.31.36.0-255,66,292054,9,361228
15864,0.002255,74.125.200.0-255,4320,296374,9,361228
15865,0.002259,172.31.36.0-255,66,296440,9,361228
15866,0.002268,74.125.200.0-255,2902,299342,9,361228
15867,0.002275,74.125.200.0-255,7156,306498,9,361228
15868,0.002288,74.125.200.0-255,2184,308682,9,361228
15869,0.00232,172.31.36.0-255,66,308748,9,361228
15870,0.0046,74.125.200.0-255,5738,314486,9,361228
15871,0.004609,172.31.36.0-255,66,314552,9,361228
15872,0.00689,74.125.200.0-255,5738,320290,9,361228
15873,0.006901,172.31.36.0-255,66,320356,9,361228
15874,0.009173,74.125.200.0-255,5738,326094,9,361228
15875,0.009177,172.31.36.0-255,66,326160,9,361228
15876,0.011464,74.125.200.0-255,5738,331898,9,361228
15877,0.011471,172.31.36.0-255,66,331964,9,361228
15878,0.013744,74.125.200.0-255,5738,337702,9,361228
15879,0.013752,172.31.36.0-255,66,337768,9,361228
15880,0.016061,74.125.200.0-255,5738,343506,9,361228
15881,0.016069,172.31.36.0-255,66,343572,9,361228
15882,0.018341,74.125.200.0-255,5738,349310,9,361228
15883,0.018351,172.31.36.0-255,66,349376,9,361228
15884,0.020641,74.125.200.0-255,5738,355114,9,361228
15885,0.02065,172.31.36.0-255,66,355180,9,361228
15886,0.022928,74.125.200.0-255,4437,359617,9,361228
15887,0.022936,172.31.36.0-255,66,359683,9,361228
15888,0.024195,172.31.36.0-255,105,359788,9,361228
15889,0.026445,74.125.200.0-255,66,359854,9,361228
15890,0.056346,172.31.36.0-255,172,360026,9,361228
15891,0.056384,172.31.36.0-255,1070,361096,9,361228
15892,0.057923,104.244.42.0-255,66,361162,9,361228
15893,0.057949,104.244.42.0-255,66,361228,9,361228
15894,0.0,74.125.24.0-255,153,153,9,394074
15895,3.5e-05,172.31.36.0-255,66,219,9,394074
15896,4.2e-05,74.125.24.0-255,1484,1703,9,394074
15897,4.6e-05,172.31.36.0-255,66,1769,9,394074
15898,5e-05,74.125.24.0-255,2902,4671,9,394074
15899,5.3e-05,172.31.36.0-255,66,4737,9,394074
15900,6.9e-05,74.125.24.0-255,7156,11893,9,394074
15901,7.2e-05,172.31.36.0-255,66,11959,9,394074
15902,8.6e-05,172.31.36.0-255,66,12025,9,394074
15903,0.000119,74.125.24.0-255,4778,16803,9,394074
15904,0.000122,172.31.36.0-255,66,16869,9,394074
15905,0.000127,74.125.24.0-255,3961,20830,9,394074
15906,0.000129,172.31.36.0-255,66,20896,9,394074
15907,0.000169,74.125.24.0-255,1484,22380,9,394074
15908,0.000172,172.31.36.0-255,66,22446,9,394074
15909,0.000179,74.125.24.0-255,2902,25348,9,394074
15910,0.000181,172.31.36.0-255,66,25414,9,394074
15911,0.000219,74.125.24.0-255,5738,31152,9,394074
15912,0.000222,172.31.36.0-255,66,31218,9,394074
15913,0.000229,74.125.24.0-255,6797,38015,9,394074
15914,0.000232,172.31.36.0-255,66,38081,9,394074
15915,0.000575,74.125.24.0-255,1484,39565,9,394074
15916,0.00058,172.31.36.0-255,66,39631,9,394074
15917,0.000587,74.125.24.0-255,2902,42533,9,394074
15918,0.000589,172.31.36.0-255,66,42599,9,394074
15919,0.000623,74.125.24.0-255,5738,48337,9,394074
15920,0.000626,172.31.36.0-255,66,48403,9,394074
15921,0.000635,74.125.24.0-255,7156,55559,9,394074
15922,0.000637,172.31.36.0-255,66,55625,9,394074
15923,0.000666,74.125.24.0-255,289,55914,9,394074
15924,0.000669,172.31.36.0-255,66,55980,9,394074
15925,0.001097,74.125.24.0-255,1484,57464,9,394074
15926,0.001108,74.125.24.0-255,2902,60366,9,394074
15927,0.001112,172.31.36.0-255,66,60432,9,394074
15928,0.001119,74.125.24.0-255,5738,66170,9,394074
15929,0.001121,172.31.36.0-255,66,66236,9,394074
15930,0.001139,74.125.24.0-255,4320,70556,9,394074
15931,0.001141,172.31.36.0-255,66,70622,9,394074
15932,0.001173,74.125.24.0-255,7156,77778,9,394074
15933,0.001176,172.31.36.0-255,66,77844,9,394074
15934,0.001188,172.31.36.0-255,66,77910,9,394074
15935,0.001623,74.125.24.0-255,1484,79394,9,394074
15936,0.00163,74.125.24.0-255,2902,82296,9,394074
15937,0.001634,172.31.36.0-255,66,82362,9,394074
15938,0.001662,74.125.24.0-255,2902,85264,9,394074
15939,0.001665,172.31.36.0-255,66,85330,9,394074
15940,0.001672,74.125.24.0-255,7156,92486,9,394074
15941,0.001675,172.31.36.0-255,66,92552,9,394074
15942,0.001745,74.125.24.0-255,1484,94036,9,394074
15943,0.001758,74.125.24.0-255,5738,99774,9,394074
15944,0.001762,172.31.36.0-255,66,99840,9,394074
15945,0.001793,74.125.24.0-255,5738,105578,9,394074
15946,0.001796,172.31.36.0-255,66,105644,9,394074
15947,0.001803,74.125.24.0-255,6438,112082,9,394074
15948,0.001807,172.31.36.0-255,66,112148,9,394074
15949,0.003829,74.125.24.0-255,5738,117886,9,394074
15950,0.003835,172.31.36.0-255,66,117952,9,394074
15951,0.005834,74.125.24.0-255,5738,123690,9,394074
15952,0.00584,172.31.36.0-255,66,123756,9,394074
15953,0.007839,74.125.24.0-255,5738,129494,9,394074
15954,0.007844,172.31.36.0-255,66,129560,9,394074
15955,0.009874,74.125.24.0-255,5738,135298,9,394074
15956,0.00988,172.31.36.0-255,66,135364,9,394074
15957,0.01191,74.125.24.0-255,5738,141102,9,394074
15958,0.011917,172.31.36.0-255,66,141168,9,394074
15959,0.013917,74.125.24.0-255,5738,146906,9,394074
15960,0.013925,172.31.36.0-255,66,146972,9,394074
15961,0.016019,74.125.24.0-255,5738,152710,9,394074
15962,0.016029,172.31.36.0-255,66,152776,9,394074
15963,0.01806,74.125.24.0-255,5738,158514,9,394074
15964,0.018068,172.31.36.0-255,66,158580,9,394074
15965,0.020073,74.125.24.0-255,5738,164318,9,394074
15966,0.02008,172.31.36.0-255,66,164384,9,394074
15967,0.022101,74.125.24.0-255,5738,170122,9,394074
15968,0.022107,172.31.36.0-255,66,170188,9,394074
15969,0.024117,74.125.24.0-255,5738,175926,9,394074
15970,0.024125,172.31.36.0-255,66,175992,9,394074
15971,0.026123,74.125.24.0-255,5738,181730,9,394074
15972,0.02613,172.31.36.0-255,66,181796,9,394074
15973,0.02813,74.125.24.0-255,5738,187534,9,394074
15974,0.028138,172.31.36.0-255,66,187600,9,394074
15975,0.03016,74.125.24.0-255,4320,191920,9,394074
15976,0.030168,172.31.36.0-255,66,191986,9,394074
15977,0.030206,74.125.24.0-255,1484,193470,9,394074
15978,0.032194,74.125.24.0-255,4320,197790,9,394074
15979,0.032202,172.31.36.0-255,66,197856,9,394074
15980,0.034207,74.125.24.0-255,5738,203594,9,394074
15981,0.034215,172.31.36.0-255,66,203660,9,394074
15982,0.036233,74.125.24.0-255,5738,209398,9,394074
15983,0.03624,172.31.36.0-255,66,209464,9,394074
15984,0.03816,172.31.36.0-255,176,209640,9,394074
15985,0.038187,172.31.36.0-255,1116,210756,9,394074
15986,0.03824,172.31.36.0-255,1514,212270,9,394074
15987,0.038241,172.31.36.0-255,1514,213784,9,394074
15988,0.038242,172.31.36.0-255,1514,215298,9,394074
15989,0.038244,172.31.36.0-255,368,215666,9,394074
15990,0.038271,74.125.24.0-255,5738,221404,9,394074
15991,0.038275,172.31.36.0-255,66,221470,9,394074
15992,0.039725,104.244.42.0-255,66,221536,9,394074
15993,0.039751,104.244.42.0-255,66,221602,9,394074
15994,0.039818,104.244.42.0-255,66,221668,9,394074
15995,0.039822,104.244.42.0-255,66,221734,9,394074
15996,0.040297,74.125.24.0-255,5738,227472,9,394074
15997,0.040302,172.31.36.0-255,66,227538,9,394074
15998,0.042326,74.125.24.0-255,4320,231858,9,394074
15999,0.042332,172.31.36.0-255,66,231924,9,394074
16000,0.042372,74.125.24.0-255,1484,233408,9,394074
16001,0.044384,74.125.24.0-255,4320,237728,9,394074
16002,0.044403,172.31.36.0-255,66,237794,9,394074
16003,0.046444,74.125.24.0-255,5738,243532,9,394074
16004,0.04646,172.31.36.0-255,66,243598,9,394074
16005,0.048493,74.125.24.0-255,5738,249336,9,394074
16006,0.048505,172.31.36.0-255,66,249402,9,394074
16007,0.050536,74.125.24.0-255,5738,255140,9,394074
16008,0.05055,172.31.36.0-255,66,255206,9,394074
16009,0.052571,74.125.24.0-255,5738,260944,9,394074
16010,0.052587,172.31.36.0-255,66,261010,9,394074
16011,0.054649,74.125.24.0-255,5738,266748,9,394074
16012,0.054667,172.31.36.0-255,66,266814,9,394074
16013,0.056728,74.125.24.0-255,5738,272552,9,394074
16014,0.056746,172.31.36.0-255,66,272618,9,394074
16015,0.058774,74.125.24.0-255,5738,278356,9,394074
16016,0.058785,172.31.36.0-255,66,278422,9,394074
16017,0.060795,74.125.24.0-255,5738,284160,9,394074
16018,0.060801,172.31.36.0-255,66,284226,9,394074
16019,0.0628,74.125.24.0-255,5738,289964,9,394074
16020,0.062806,172.31.36.0-255,66,290030,9,394074
16021,0.064831,74.125.24.0-255,5738,295768,9,394074
16022,0.064837,172.31.36.0-255,66,295834,9,394074
16023,0.066846,74.125.24.0-255,5738,301572,9,394074
16024,0.066854,172.31.36.0-255,66,301638,9,394074
16025,0.06885,74.125.24.0-255,5738,307376,9,394074
16026,0.068856,172.31.36.0-255,66,307442,9,394074
16027,0.070878,74.125.24.0-255,5738,313180,9,394074
16028,0.070883,172.31.36.0-255,66,313246,9,394074
16029,0.072894,74.125.24.0-255,5738,318984,9,394074
16030,0.072899,172.31.36.0-255,66,319050,9,394074
16031,0.074896,74.125.24.0-255,5738,324788,9,394074
16032,0.074901,172.31.36.0-255,66,324854,9,394074
16033,0.076907,74.125.24.0-255,5738,330592,9,394074
16034,0.076912,172.31.36.0-255,66,330658,9,394074
16035,0.078936,74.125.24.0-255,4320,334978,9,394074
16036,0.078957,172.31.36.0-255,66,335044,9,394074
16037,0.07898,74.125.24.0-255,1484,336528,9,394074
16038,0.080955,74.125.24.0-255,4320,340848,9,394074
16039,0.08096,172.31.36.0-255,66,340914,9,394074
16040,0.083021,74.125.24.0-255,5738,346652,9,394074
16041,0.083032,172.31.36.0-255,66,346718,9,394074
16042,0.085035,74.125.24.0-255,5738,352456,9,394074
16043,0.08504,172.31.36.0-255,66,352522,9,394074
16044,0.08708,74.125.24.0-255,2902,355424,9,394074
16045,0.087089,172.31.36.0-255,66,355490,9,394074
16046,0.087121,74.125.24.0-255,2902,358392,9,394074
16047,0.087125,172.31.36.0-255,66,358458,9,394074
16048,0.089084,74.125.24.0-255,2902,361360,9,394074
16049,0.089089,172.31.36.0-255,66,361426,9,394074
16050,0.089138,74.125.24.0-255,2902,364328,9,394074
16051,0.089142,172.31.36.0-255,66,364394,9,394074
16052,0.091074,74.125.24.0-255,2902,367296,9,394074
16053,0.09108,172.31.36.0-255,66,367362,9,394074
16054,0.091137,74.125.24.0-255,2902,370264,9,394074
16055,0.091142,172.31.36.0-255,66,370330,9,394074
16056,0.093121,74.125.24.0-255,2902,373232,9,394074
16057,0.093127,172.31.36.0-255,66,373298,9,394074
16058,0.09316,74.125.24.0-255,2902,376200,9,394074
16059,0.093163,172.31.36.0-255,66,376266,9,394074
16060,0.095133,74.125.24.0-255,2902,379168,9,394074
16061,0.095139,172.31.36.0-255,66,379234,9,394074
16062,0.095173,74.125.24.0-255,2902,382136,9,394074
16063,0.095177,172.31.36.0-255,66,382202,9,394074
16064,0.097152,74.125.24.0-255,2902,385104,9,394074
16065,0.097157,172.31.36.0-255,66,385170,9,394074
16066,0.097195,74.125.24.0-255,2902,388072,9,394074
16067,0.097198,172.31.36.0-255,66,388138,9,394074
16068,0.099156,74.125.24.0-255,2902,391040,9,394074
16069,0.099161,172.31.36.0-255,66,391106,9,394074
16070,0.099195,74.125.24.0-255,2902,394008,9,394074
16071,0.099199,172.31.36.0-255,66,394074,9,394074
16072,0.0,74.125.68.0-255,153,153,9,425815
16073,2.2e-05,172.31.36.0-255,66,219,9,425815
16074,2.9e-05,74.125.68.0-255,1484,1703,9,425815
16075,3.3e-05,172.31.36.0-255,66,1769,9,425815
16076,3.9e-05,74.125.68.0-255,2902,4671,9,425815
16077,4.1e-05,172.31.36.0-255,66,4737,9,425815
16078,6.9e-05,74.125.68.0-255,2902,7639,9,425815
16079,7.2e-05,172.31.36.0-255,66,7705,9,425815
16080,7.8e-05,74.125.68.0-255,4320,12025,9,425815
16081,8e-05,172.31.36.0-255,66,12091,9,425815
16082,0.000101,74.125.68.0-255,2001,14092,9,425815
16083,0.000104,172.31.36.0-255,66,14158,9,425815
16084,0.000169,74.125.68.0-255,2902,17060,9,425815
16085,0.000171,172.31.36.0-255,66,17126,9,425815
16086,0.000175,74.125.68.0-255,1484,18610,9,425815
16087,0.000177,172.31.36.0-255,66,18676,9,425815
16088,0.000182,74.125.68.0-255,2902,21578,9,425815
16089,0.000184,172.31.36.0-255,66,21644,9,425815
16090,0.000187,74.125.68.0-255,1484,23128,9,425815
16091,0.000189,172.31.36.0-255,66,23194,9,425815
16092,0.000217,74.125.68.0-255,4320,27514,9,425815
16093,0.00022,172.31.36.0-255,66,27580,9,425815
16094,0.000225,74.125.68.0-255,3961,31541,9,425815
16095,0.000228,172.31.36.0-255,66,31607,9,425815
16096,0.00035,74.125.68.0-255,1484,33091,9,425815
16097,0.000354,172.31.36.0-255,66,33157,9,425815
16098,0.000358,74.125.68.0-255,1484,34641,9,425815
16099,0.00036,172.31.36.0-255,66,34707,9,425815
16100,0.000365,74.125.68.0-255,2902,37609,9,425815
16101,0.000367,172.31.36.0-255,66,37675,9,425815
16102,0.000407,74.125.68.0-255,2902,40577,9,425815
16103,0.00041,172.31.36.0-255,66,40643,9,425815
16104,0.000428,74.125.68.0-255,4320,44963,9,425815
16105,0.00043,172.31.36.0-255,66,45029,9,425815
16106,0.000512,74.125.68.0-255,4320,49349,9,425815
16107,0.000516,172.31.36.0-255,66,49415,9,425815
16108,0.000539,74.125.68.0-255,2902,52317,9,425815
16109,0.000541,172.31.36.0-255,66,52383,9,425815
16110,0.000549,74.125.68.0-255,7156,59539,9,425815
16111,0.000551,172.31.36.0-255,66,59605,9,425815
16112,0.000581,74.125.68.0-255,6438,66043,9,425815
16113,0.000584,172.31.36.0-255,66,66109,9,425815
16114,0.000588,74.125.68.0-255,399,66508,9,425815
16115,0.000642,74.125.68.0-255,111,66619,9,425815
16116,0.000787,74.125.68.0-255,1484,68103,9,425815
16117,0.000804,172.31.36.0-255,66,68169,9,425815
16118,0.00081,74.125.68.0-255,2902,71071,9,425815
16119,0.000812,172.31.36.0-255,66,71137,9,425815
16120,0.000819,74.125.68.0-255,5738,76875,9,425815
16121,0.000821,172.31.36.0-255,66,76941,9,425815
16122,0.000829,74.125.68.0-255,5738,82679,9,425815
16123,0.000831,172.31.36.0-255,66,82745,9,425815
16124,0.000837,74.125.68.0-255,4320,87065,9,425815
16125,0.000839,172.31.36.0-255,66,87131,9,425815
16126,0.000862,74.125.68.0-255,2902,90033,9,425815
16127,0.000865,172.31.36.0-255,66,90099,9,425815
16128,0.000872,74.125.68.0-255,7156,97255,9,425815
16129,0.000874,172.31.36.0-255,66,97321,9,425815
16130,0.000942,74.125.68.0-255,3602,100923,9,425815
16131,0.000946,172.31.36.0-255,66,100989,9,425815
16132,0.001033,74.125.68.0-255,1484,102473,9,425815
16133,0.001038,74.125.68.0-255,1484,103957,9,425815
16134,0.001042,172.31.36.0-255,66,104023,9,425815
16135,0.001061,74.125.68.0-255,1484,105507,9,425815
16136,0.001079,74.125.68.0-255,1484,106991,9,425815
16137,0.001082,172.31.36.0-255,66,107057,9,425815
16138,0.001087,74.125.68.0-255,2902,109959,9,425815
16139,0.001089,172.31.36.0-255,66,110025,9,425815
16140,0.001105,74.125.68.0-255,5738,115763,9,425815
16141,0.001108,172.31.36.0-255,66,115829,9,425815
16142,0.001111,74.125.68.0-255,1484,117313,9,425815
16143,0.001136,74.125.68.0-255,2902,120215,9,425815
16144,0.001139,172.31.36.0-255,66,120281,9,425815
16145,0.001155,74.125.68.0-255,4320,124601,9,425815
16146,0.001157,172.31.36.0-255,66,124667,9,425815
16147,0.001182,74.125.68.0-255,1484,126151,9,425815
16148,0.001237,74.125.68.0-255,7156,133307,9,425815
16149,0.00124,172.31.36.0-255,66,133373,9,425815
16150,0.001257,74.125.68.0-255,2184,135557,9,425815
16151,0.00126,172.31.36.0-255,66,135623,9,425815
16152,0.001509,74.125.68.0-255,1484,137107,9,425815
16153,0.001515,74.125.68.0-255,1484,138591,9,425815
16154,0.00152,172.31.36.0-255,66,138657,9,425815
16155,0.00154,74.125.68.0-255,1484,140141,9,425815
16156,0.001547,74.125.68.0-255,5738,145879,9,425815
16157,0.001551,172.31.36.0-255,66,145945,9,425815
16158,0.001558,74.125.68.0-255,7156,153101,9,425815
16159,0.00156,172.31.36.0-255,66,153167,9,425815
16160,0.001615,172.31.36.0-255,66,153233,9,425815
16161,0.001629,74.125.68.0-255,2902,156135,9,425815
16162,0.001632,172.31.36.0-255,66,156201,9,425815
16163,0.001654,74.125.68.0-255,5020,161221,9,425815
16164,0.001657,172.31.36.0-255,66,161287,9,425815
16165,0.001899,74.125.68.0-255,1484,162771,9,425815
16166,0.001916,74.125.68.0-255,2902,165673,9,425815
16167,0.00192,172.31.36.0-255,66,165739,9,425815
16168,0.001924,74.125.68.0-255,1484,167223,9,425815
16169,0.001942,74.125.68.0-255,2902,170125,9,425815
16170,0.001945,172.31.36.0-255,66,170191,9,425815
16171,0.001967,74.125.68.0-255,4320,174511,9,425815
16172,0.00197,172.31.36.0-255,66,174577,9,425815
16173,0.001991,74.125.68.0-255,1484,176061,9,425815
16174,0.001993,74.125.68.0-255,1484,177545,9,425815
16175,0.001996,172.31.36.0-255,66,177611,9,425815
16176,0.002,74.125.68.0-255,1484,179095,9,425815
16177,0.00393,74.125.68.0-255,1484,180579,9,425815
16178,0.003936,172.31.36.0-255,66,180645,9,425815
16179,0.003956,74.125.68.0-255,2902,183547,9,425815
16180,0.003959,172.31.36.0-255,66,183613,9,425815
16181,0.005912,74.125.68.0-255,5738,189351,9,425815
16182,0.005919,172.31.36.0-255,66,189417,9,425815
16183,0.007901,74.125.68.0-255,5738,195155,9,425815
16184,0.007908,172.31.36.0-255,66,195221,9,425815
16185,0.009879,74.125.68.0-255,5738,200959,9,425815
16186,0.009887,172.31.36.0-255,66,201025,9,425815
16187,0.011867,74.125.68.0-255,5738,206763,9,425815
16188,0.011875,172.31.36.0-255,66,206829,9,425815
16189,0.014059,74.125.68.0-255,5738,212567,9,425815
16190,0.014067,172.31.36.0-255,66,212633,9,425815
16191,0.016036,74.125.68.0-255,5738,218371,9,425815
16192,0.016042,172.31.36.0-255,66,218437,9,425815
16193,0.018012,74.125.68.0-255,5738,224175,9,425815
16194,0.018019,172.31.36.0-255,66,224241,9,425815
16195,0.019998,74.125.68.0-255,5738,229979,9,425815
16196,0.020006,172.31.36.0-255,66,230045,9,425815
16197,0.021983,74.125.68.0-255,5738,235783,9,425815
16198,0.021991,172.31.36.0-255,66,235849,9,425815
16199,0.023969,74.125.68.0-255,5738,241587,9,425815
16200,0.023976,172.31.36.0-255,66,241653,9,425815
16201,0.025968,74.125.68.0-255,5738,247391,9,425815
16202,0.025975,172.31.36.0-255,66,247457,9,425815
16203,0.027969,74.125.68.0-255,5738,253195,9,425815
16204,0.027977,172.31.36.0-255,66,253261,9,425815
16205,0.02995,74.125.68.0-255,5738,258999,9,425815
16206,0.029957,172.31.36.0-255,66,259065,9,425815
16207,0.031953,74.125.68.0-255,5738,264803,9,425815
16208,0.031962,172.31.36.0-255,66,264869,9,425815
16209,0.033939,74.125.68.0-255,5738,270607,9,425815
16210,0.033947,172.31.36.0-255,66,270673,9,425815
16211,0.034947,172.31.36.0-255,209,270882,9,425815
16212,0.034977,172.31.36.0-255,960,271842,9,425815
16213,0.035051,172.31.36.0-255,1514,273356,9,425815
16214,0.035053,172.31.36.0-255,1514,274870,9,425815
16215,0.035054,172.31.36.0-255,1514,276384,9,425815
16216,0.035055,172.31.36.0-255,1514,277898,9,425815
16217,0.035081,172.31.36.0-255,1514,279412,9,425815
16218,0.035087,172.31.36.0-255,952,280364,9,425815
16219,0.035922,74.125.68.0-255,5738,286102,9,425815
16220,0.035928,172.31.36.0-255,66,286168,9,425815
16221,0.036563,104.244.42.0-255,66,286234,9,425815
16222,0.036572,104.244.42.0-255,66,286300,9,425815
16223,0.036623,104.244.42.0-255,66,286366,9,425815
16224,0.036629,104.244.42.0-255,66,286432,9,425815
16225,0.037905,74.125.68.0-255,5738,292170,9,425815
16226,0.037912,172.31.36.0-255,66,292236,9,425815
16227,0.039914,74.125.68.0-255,5738,297974,9,425815
16228,0.039921,172.31.36.0-255,66,298040,9,425815
16229,0.041899,74.125.68.0-255,5738,303778,9,425815
16230,0.041908,172.31.36.0-255,66,303844,9,425815
16231,0.043906,74.125.68.0-255,5738,309582,9,425815
16232,0.043912,172.31.36.0-255,66,309648,9,425815
16233,0.045908,74.125.68.0-255,5738,315386,9,425815
16234,0.045915,172.31.36.0-255,66,315452,9,425815
16235,0.047894,74.125.68.0-255,5738,321190,9,425815
16236,0.0479,172.31.36.0-255,66,321256,9,425815
16237,0.049887,74.125.68.0-255,5738,326994,9,425815
16238,0.049893,172.31.36.0-255,66,327060,9,425815
16239,0.051921,74.125.68.0-255,5738,332798,9,425815
16240,0.051928,172.31.36.0-255,66,332864,9,425815
16241,0.053914,74.125.68.0-255,5738,338602,9,425815
16242,0.053921,172.31.36.0-255,66,338668,9,425815
16243,0.055895,74.125.68.0-255,5738,344406,9,425815
16244,0.055902,172.31.36.0-255,66,344472,9,425815
16245,0.057885,74.125.68.0-255,5738,350210,9,425815
16246,0.057894,172.31.36.0-255,66,350276,9,425815
16247,0.059876,74.125.68.0-255,5738,356014,9,425815
16248,0.059883,172.31.36.0-255,66,356080,9,425815
16249,0.061859,74.125.68.0-255,5738,361818,9,425815
16250,0.061865,172.31.36.0-255,66,361884,9,425815
16251,0.063854,74.125.68.0-255,5738,367622,9,425815
16252,0.063859,172.31.36.0-255,66,367688,9,425815
16253,0.065847,74.125.68.0-255,5738,373426,9,425815
16254,0.065853,172.31.36.0-255,66,373492,9,425815
16255,0.067833,74.125.68.0-255,5738,379230,9,425815
16256,0.06784,172.31.36.0-255,66,379296,9,425815
16257,0.069817,74.125.68.0-255,5738,385034,9,425815
16258,0.069824,172.31.36.0-255,66,385100,9,425815
16259,0.071808,74.125.68.0-255,4320,389420,9,425815
16260,0.071815,172.31.36.0-255,66,389486,9,425815
16261,0.071833,74.125.68.0-255,1484,390970,9,425815
16262,0.073792,74.125.68.0-255,4320,395290,9,425815
16263,0.073799,172.31.36.0-255,66,395356,9,425815
16264,0.075859,74.125.68.0-255,5738,401094,9,425815
16265,0.075866,172.31.36.0-255,66,401160,9,425815
16266,0.077853,74.125.68.0-255,2902,404062,9,425815
16267,0.077859,172.31.36.0-255,66,404128,9,425815
16268,0.077881,74.125.68.0-255,2902,407030,9,425815
16269,0.077883,172.31.36.0-255,66,407096,9,425815
16270,0.079829,74.125.68.0-255,5738,412834,9,425815
16271,0.079838,172.31.36.0-255,66,412900,9,425815
16272,0.081805,74.125.68.0-255,5738,418638,9,425815
16273,0.08181,172.31.36.0-255,66,418704,9,425815
16274,0.083791,74.125.68.0-255,5738,424442,9,425815
16275,0.083798,172.31.36.0-255,66,424508,9,425815
16276,0.085772,74.125.68.0-255,1070,425578,9,425815
16277,0.085909,172.31.36.0-255,66,425644,9,425815
16278,0.085948,172.31.36.0-255,105,425749,9,425815
16279,0.087884,74.125.68.0-255,66,425815,9,425815
16280,0.0,74.125.24.0-255,143,143,9,318835
16281,2.4e-05,172.31.36.0-255,66,209,9,318835
16282,3.2e-05,74.125.24.0-255,1484,1693,9,318835
16283,3.6e-05,172.31.36.0-255,66,1759,9,318835
16284,5.1e-05,74.125.24.0-255,2902,4661,9,318835
16285,5.5e-05,172.31.36.0-255,66,4727,9,318835
16286,6.3e-05,74.125.24.0-255,7156,11883,9,318835
16287,6.6e-05,172.31.36.0-255,66,11949,9,318835
16288,7e-05,74.125.24.0-255,2049,13998,9,318835
16289,7.3e-05,172.31.36.0-255,66,14064,9,318835
16290,9.6e-05,74.125.24.0-255,1484,15548,9,318835
16291,9.8e-05,172.31.36.0-255,66,15614,9,318835
16292,0.000107,74.125.24.0-255,1484,17098,9,318835
16293,0.00011,172.31.36.0-255,66,17164,9,318835
16294,0.000136,74.125.24.0-255,1484,18648,9,318835
16295,0.000142,172.31.36.0-255,66,18714,9,318835
16296,0.00015,74.125.24.0-255,5738,24452,9,318835
16297,0.000152,172.31.36.0-255,66,24518,9,318835
16298,0.000159,74.125.24.0-255,6797,31315,9,318835
16299,0.000162,172.31.36.0-255,66,31381,9,318835
16300,0.00029,74.125.24.0-255,1484,32865,9,318835
16301,0.000295,172.31.36.0-255,66,32931,9,318835
16302,0.0003,74.125.24.0-255,2902,35833,9,318835
16303,0.000303,172.31.36.0-255,66,35899,9,318835
16304,0.000306,74.125.24.0-255,1484,37383,9,318835
16305,0.000308,172.31.36.0-255,66,37449,9,318835
16306,0.000326,74.125.24.0-255,4320,41769,9,318835
16307,0.000333,172.31.36.0-255,66,41835,9,318835
16308,0.000358,74.125.24.0-255,4320,46155,9,318835
16309,0.000361,172.31.36.0-255,66,46221,9,318835
16310,0.000401,172.31.36.0-255,66,46287,9,318835
16311,0.000408,74.125.24.0-255,7156,53443,9,318835
16312,0.00043,74.125.24.0-255,2877,56320,9,318835
16313,0.000432,74.125.24.0-255,343,56663,9,318835
16314,0.000546,172.31.36.0-255,66,56729,9,318835
16315,0.000671,74.125.24.0-255,1484,58213,9,318835
16316,0.000676,74.125.24.0-255,1484,59697,9,318835
16317,0.000687,74.125.24.0-255,1484,61181,9,318835
16318,0.000696,74.125.24.0-255,5738,66919,9,318835
16319,0.000709,74.125.24.0-255,4320,71239,9,318835
16320,0.000724,172.31.36.0-255,66,71305,9,318835
16321,0.000774,172.31.36.0-255,66,71371,9,318835
16322,0.000814,172.31.36.0-255,66,71437,9,318835
16323,0.001065,74.125.24.0-255,1484,72921,9,318835
16324,0.00107,74.125.24.0-255,1484,74405,9,318835
16325,0.001074,172.31.36.0-255,66,74471,9,318835
16326,0.001118,74.125.24.0-255,1484,75955,9,318835
16327,0.001125,74.125.24.0-255,4320,80275,9,318835
16328,0.001131,74.125.24.0-255,5738,86013,9,318835
16329,0.001146,74.125.24.0-255,4320,90333,9,318835
16330,0.001152,172.31.36.0-255,66,90399,9,318835
16331,0.001176,74.125.24.0-255,2902,93301,9,318835
16332,0.00119,172.31.36.0-255,66,93367,9,318835
16333,0.001243,172.31.36.0-255,66,93433,9,318835
16334,0.001455,74.125.24.0-255,1484,94917,9,318835
16335,0.001462,74.125.24.0-255,2902,97819,9,318835
16336,0.001465,172.31.36.0-255,66,97885,9,318835
16337,0.001472,74.125.24.0-255,5738,103623,9,318835
16338,0.001511,74.125.24.0-255,1484,105107,9,318835
16339,0.001533,74.125.24.0-255,1484,106591,9,318835
16340,0.001535,74.125.24.0-255,766,107357,9,318835
16341,0.001538,172.31.36.0-255,66,107423,9,318835
16342,0.001544,172.31.36.0-255,66,107489,9,318835
16343,0.00217,74.125.24.0-255,1484,108973,9,318835
16344,0.002176,74.125.24.0-255,2902,111875,9,318835
16345,0.00218,172.31.36.0-255,66,111941,9,318835
16346,0.002186,74.125.24.0-255,2902,114843,9,318835
16347,0.00221,74.125.24.0-255,2902,117745,9,318835
16348,0.002214,172.31.36.0-255,66,117811,9,318835
16349,0.002227,74.125.24.0-255,4320,122131,9,318835
16350,0.002249,74.125.24.0-255,5738,127869,9,318835
16351,0.002279,74.125.24.0-255,1484,129353,9,318835
16352,0.002283,74.125.24.0-255,2184,131537,9,318835
16353,0.002287,172.31.36.0-255,66,131603,9,318835
16354,0.002292,172.31.36.0-255,66,131669,9,318835
16355,0.002314,74.125.24.0-255,1484,133153,9,318835
16356,0.002322,74.125.24.0-255,2902,136055,9,318835
16357,0.002334,172.31.36.0-255,66,136121,9,318835
16358,0.002353,74.125.24.0-255,5738,141859,9,318835
16359,0.002376,74.125.24.0-255,1484,143343,9,318835
16360,0.002383,172.31.36.0-255,66,143409,9,318835
16361,0.002451,172.31.36.0-255,66,143475,9,318835
16362,0.002463,74.125.24.0-255,1484,144959,9,318835
16363,0.00248,74.125.24.0-255,2902,147861,9,318835
16364,0.002486,74.125.24.0-255,4320,152181,9,318835
16365,0.002498,74.125.24.0-255,1484,153665,9,318835
16366,0.002503,74.125.24.0-255,2902,156567,9,318835
16367,0.002517,172.31.36.0-255,66,156633,9,318835
16368,0.002556,74.125.24.0-255,766,157399,9,318835
16369,0.008388,172.31.36.0-255,66,157465,9,318835
16370,0.011001,74.125.24.0-255,5738,163203,9,318835
16371,0.011012,172.31.36.0-255,66,163269,9,318835
16372,0.013582,74.125.24.0-255,5738,169007,9,318835
16373,0.014806,172.31.36.0-255,66,169073,9,318835
16374,0.017352,74.125.24.0-255,5738,174811,9,318835
16375,0.017366,172.31.36.0-255,66,174877,9,318835
16376,0.019956,74.125.24.0-255,5738,180615,9,318835
16377,0.019966,172.31.36.0-255,66,180681,9,318835
16378,0.022502,74.125.24.0-255,5738,186419,9,318835
16379,0.022511,172.31.36.0-255,66,186485,9,318835
16380,0.025079,74.125.24.0-255,5738,192223,9,318835
16381,0.025105,172.31.36.0-255,66,192289,9,318835
16382,0.027694,74.125.24.0-255,5738,198027,9,318835
16383,0.027701,172.31.36.0-255,66,198093,9,318835
16384,0.030255,74.125.24.0-255,5738,203831,9,318835
16385,0.030264,172.31.36.0-255,66,203897,9,318835
16386,0.032828,74.125.24.0-255,5738,209635,9,318835
16387,0.032838,172.31.36.0-255,66,209701,9,318835
16388,0.035405,74.125.24.0-255,5738,215439,9,318835
16389,0.035414,172.31.36.0-255,66,215505,9,318835
16390,0.036921,172.31.36.0-255,176,215681,9,318835
16391,0.036956,172.31.36.0-255,1116,216797,9,318835
16392,0.037019,172.31.36.0-255,1514,218311,9,318835
16393,0.03702,172.31.36.0-255,1514,219825,9,318835
16394,0.037022,172.31.36.0-255,1514,221339,9,318835
16395,0.037023,172.31.36.0-255,1514,222853,9,318835
16396,0.03705,172.31.36.0-255,1486,224339,9,318835
16397,0.037968,74.125.24.0-255,5738,230077,9,318835
16398,0.037975,172.31.36.0-255,66,230143,9,318835
16399,0.038459,104.244.42.0-255,66,230209,9,318835
16400,0.038507,104.244.42.0-255,66,230275,9,318835
16401,0.038644,104.244.42.0-255,66,230341,9,318835
16402,0.039602,104.244.42.0-255,108,230449,9,318835
16403,0.039612,172.31.36.0-255,66,230515,9,318835
16404,0.040533,74.125.24.0-255,5738,236253,9,318835
16405,0.040538,172.31.36.0-255,66,236319,9,318835
16406,0.043098,74.125.24.0-255,5738,242057,9,318835
16407,0.043106,172.31.36.0-255,66,242123,9,318835
16408,0.045644,74.125.24.0-255,5738,247861,9,318835
16409,0.045651,172.31.36.0-255,66,247927,9,318835
16410,0.048244,74.125.24.0-255,5738,253665,9,318835
16411,0.04826,172.31.36.0-255,66,253731,9,318835
16412,0.050825,74.125.24.0-255,5738,259469,9,318835
16413,0.050833,172.31.36.0-255,66,259535,9,318835
16414,0.053376,74.125.24.0-255,5738,265273,9,318835
16415,0.053387,172.31.36.0-255,66,265339,9,318835
16416,0.055939,74.125.24.0-255,5738,271077,9,318835
16417,0.055946,172.31.36.0-255,66,271143,9,318835
16418,0.058499,74.125.24.0-255,5738,276881,9,318835
16419,0.058507,172.31.36.0-255,66,276947,9,318835
16420,0.061054,74.125.24.0-255,5738,282685,9,318835
16421,0.061062,172.31.36.0-255,66,282751,9,318835
16422,0.06363,74.125.24.0-255,5738,288489,9,318835
16423,0.06364,172.31.36.0-255,66,288555,9,318835
16424,0.066203,74.125.24.0-255,5738,294293,9,318835
16425,0.066211,172.31.36.0-255,66,294359,9,318835
16426,0.068767,74.125.24.0-255,5738,300097,9,318835
16427,0.068778,172.31.36.0-255,66,300163,9,318835
16428,0.071393,74.125.24.0-255,5738,305901,9,318835
16429,0.0714,172.31.36.0-255,66,305967,9,318835
16430,0.073983,74.125.24.0-255,5738,311705,9,318835
16431,0.073989,172.31.36.0-255,66,311771,9,318835
16432,0.076534,74.125.24.0-255,5738,317509,9,318835
16433,0.076541,172.31.36.0-255,66,317575,9,318835
16434,0.079093,74.125.24.0-255,1023,318598,9,318835
16435,0.07922,172.31.36.0-255,66,318664,9,318835
16436,0.07926,172.31.36.0-255,105,318769,9,318835
16437,0.081783,74.125.24.0-255,66,318835,9,318835
16438,0.0,172.217.26.0-255,153,153,9,391708
16439,1.4e-05,172.31.36.0-255,66,219,9,391708
16440,2e-05,172.217.26.0-255,1484,1703,9,391708
16441,2.5e-05,172.31.36.0-255,66,1769,9,391708
16442,3.1e-05,172.217.26.0-255,2902,4671,9,391708
16443,3.5e-05,172.31.36.0-255,66,4737,9,391708
16444,4.1e-05,172.217.26.0-255,4320,9057,9,391708
16445,4.3e-05,172.31.36.0-255,66,9123,9,391708
16446,9e-05,172.217.26.0-255,4876,13999,9,391708
16447,9.3e-05,172.31.36.0-255,66,14065,9,391708
16448,0.000143,172.217.26.0-255,1484,15549,9,391708
16449,0.000145,172.31.36.0-255,66,15615,9,391708
16450,0.000182,172.217.26.0-255,2902,18517,9,391708
16451,0.000186,172.31.36.0-255,66,18583,9,391708
16452,0.000192,172.217.26.0-255,4320,22903,9,391708
16453,0.000194,172.31.36.0-255,66,22969,9,391708
16454,0.000226,172.217.26.0-255,5738,28707,9,391708
16455,0.000228,172.31.36.0-255,66,28773,9,391708
16456,0.000242,172.217.26.0-255,2543,31316,9,391708
16457,0.000244,172.31.36.0-255,66,31382,9,391708
16458,0.000254,172.31.36.0-255,66,31448,9,391708
16459,0.000271,172.217.26.0-255,2902,34350,9,391708
16460,0.000273,172.31.36.0-255,66,34416,9,391708
16461,0.000289,172.217.26.0-255,5379,39795,9,391708
16462,0.000292,172.31.36.0-255,66,39861,9,391708
16463,0.000309,172.217.26.0-255,1484,41345,9,391708
16464,0.000311,172.31.36.0-255,66,41411,9,391708
16465,0.000316,172.217.26.0-255,2902,44313,9,391708
16466,0.000318,172.31.36.0-255,66,44379,9,391708
16467,0.000323,172.217.26.0-255,2902,47281,9,391708
16468,0.000325,172.31.36.0-255,66,47347,9,391708
16469,0.00033,172.217.26.0-255,2902,50249,9,391708
16470,0.000332,172.31.36.0-255,66,50315,9,391708
16471,0.000356,172.217.26.0-255,1484,51799,9,391708
16472,0.000388,172.217.26.0-255,5702,57501,9,391708
16473,0.000391,172.31.36.0-255,66,57567,9,391708
16474,0.001198,172.217.26.0-255,119,57686,9,391708
16475,0.001416,172.217.26.0-255,1484,59170,9,391708
16476,0.001422,172.31.36.0-255,66,59236,9,391708
16477,0.001438,172.217.26.0-255,1484,60720,9,391708
16478,0.001442,172.217.26.0-255,2902,63622,9,391708
16479,0.001445,172.31.36.0-255,66,63688,9,391708
16480,0.001467,172.217.26.0-255,5738,69426,9,391708
16481,0.001469,172.31.36.0-255,66,69492,9,391708
16482,0.001486,172.217.26.0-255,2902,72394,9,391708
16483,0.001488,172.31.36.0-255,66,72460,9,391708
16484,0.00151,172.31.36.0-255,66,72526,9,391708
16485,0.001555,172.31.36.0-255,66,72592,9,391708
16486,0.001661,172.217.26.0-255,1484,74076,9,391708
16487,0.001668,172.217.26.0-255,2902,76978,9,391708
16488,0.001671,172.31.36.0-255,66,77044,9,391708
16489,0.001696,172.217.26.0-255,5738,82782,9,391708
16490,0.001698,172.31.36.0-255,66,82848,9,391708
16491,0.001763,172.217.26.0-255,7156,90004,9,391708
16492,0.001766,172.31.36.0-255,66,90070,9,391708
16493,0.001775,172.217.26.0-255,7156,97226,9,391708
16494,0.001777,172.31.36.0-255,66,97292,9,391708
16495,0.001809,172.217.26.0-255,2902,100194,9,391708
16496,0.001812,172.31.36.0-255,66,100260,9,391708
16497,0.001819,172.217.26.0-255,6438,106698,9,391708
16498,0.001821,172.31.36.0-255,66,106764,9,391708
16499,0.001897,172.217.26.0-255,1484,108248,9,391708
16500,0.001904,172.217.26.0-255,2902,111150,9,391708
16501,0.001907,172.31.36.0-255,66,111216,9,391708
16502,0.001933,172.217.26.0-255,5738,116954,9,391708
16503,0.001936,172.31.36.0-255,66,117020,9,391708
16504,0.001941,172.217.26.0-255,4320,121340,9,391708
16505,0.001943,172.31.36.0-255,66,121406,9,391708
16506,0.001965,172.31.36.0-255,66,121472,9,391708
16507,0.001997,172.217.26.0-255,7156,128628,9,391708
16508,0.002,172.31.36.0-255,66,128694,9,391708
16509,0.002022,172.217.26.0-255,3602,132296,9,391708
16510,0.002024,172.31.36.0-255,66,132362,9,391708
16511,0.003961,172.217.26.0-255,1484,133846,9,391708
16512,0.003987,172.217.26.0-255,4320,138166,9,391708
16513,0.00399,172.31.36.0-255,66,138232,9,391708
16514,0.005958,172.217.26.0-255,5738,143970,9,391708
16515,0.005961,172.31.36.0-255,66,144036,9,391708
16516,0.007936,172.217.26.0-255,5738,149774,9,391708
16517,0.007943,172.31.36.0-255,66,149840,9,391708
16518,0.009959,172.217.26.0-255,5738,155578,9,391708
16519,0.009966,172.31.36.0-255,66,155644,9,391708
16520,0.01195,172.217.26.0-255,5738,161382,9,391708
16521,0.011957,172.31.36.0-255,66,161448,9,391708
16522,0.013931,172.217.26.0-255,5738,167186,9,391708
16523,0.013938,172.31.36.0-255,66,167252,9,391708
16524,0.015912,172.217.26.0-255,5738,172990,9,391708
16525,0.015921,172.31.36.0-255,66,173056,9,391708
16526,0.017898,172.217.26.0-255,5738,178794,9,391708
16527,0.017906,172.31.36.0-255,66,178860,9,391708
16528,0.019902,172.217.26.0-255,5738,184598,9,391708
16529,0.019911,172.31.36.0-255,66,184664,9,391708
16530,0.020032,172.31.36.0-255,101,184765,9,391708
16531,0.021897,172.217.26.0-255,5738,190503,9,391708
16532,0.021904,172.31.36.0-255,66,190569,9,391708
16533,0.021965,172.217.26.0-255,66,190635,9,391708
16534,0.023893,172.217.26.0-255,5738,196373,9,391708
16535,0.0239,172.31.36.0-255,66,196439,9,391708
16536,0.025875,172.217.26.0-255,5738,202177,9,391708
16537,0.025882,172.31.36.0-255,66,202243,9,391708
16538,0.027856,172.217.26.0-255,5738,207981,9,391708
16539,0.027864,172.31.36.0-255,66,208047,9,391708
16540,0.029862,172.217.26.0-255,4320,212367,9,391708
16541,0.029869,172.31.36.0-255,66,212433,9,391708
16542,0.02989,172.217.26.0-255,1484,213917,9,391708
16543,0.031867,172.217.26.0-255,4320,218237,9,391708
16544,0.031875,172.31.36.0-255,66,218303,9,391708
16545,0.033859,172.217.26.0-255,5738,224041,9,391708
16546,0.033866,172.31.36.0-255,66,224107,9,391708
16547,0.035841,172.217.26.0-255,5738,229845,9,391708
16548,0.035848,172.31.36.0-255,66,229911,9,391708
16549,0.037839,172.217.26.0-255,5738,235649,9,391708
16550,0.037847,172.31.36.0-255,66,235715,9,391708
16551,0.039824,172.217.26.0-255,5738,241453,9,391708
16552,0.039831,172.31.36.0-255,66,241519,9,391708
16553,0.041809,172.217.26.0-255,5738,247257,9,391708
16554,0.041817,172.31.36.0-255,66,247323,9,391708
16555,0.043582,172.31.36.0-255,171,247494,9,391708
16556,0.043614,172.31.36.0-255,1139,248633,9,391708
16557,0.043687,172.31.36.0-255,1514,250147,9,391708
16558,0.043688,172.31.36.0-255,1514,251661,9,391708
16559,0.043693,172.31.36.0-255,1514,253175,9,391708
16560,0.043694,172.31.36.0-255,83,253258,9,391708
16561,0.043784,172.217.26.0-255,5738,258996,9,391708
16562,0.043789,172.31.36.0-255,66,259062,9,391708
16563,0.045141,104.244.42.0-255,66,259128,9,391708
16564,0.045149,104.244.42.0-255,66,259194,9,391708
16565,0.045247,104.244.42.0-255,66,259260,9,391708
16566,0.045253,104.244.42.0-255,66,259326,9,391708
16567,0.045767,172.217.26.0-255,5738,265064,9,391708
16568,0.045774,172.31.36.0-255,66,265130,9,391708
16569,0.047757,172.217.26.0-255,5738,270868,9,391708
16570,0.047764,172.31.36.0-255,66,270934,9,391708
16571,0.04981,172.217.26.0-255,5738,276672,9,391708
16572,0.049817,172.31.36.0-255,66,276738,9,391708
16573,0.051848,172.217.26.0-255,5738,282476,9,391708
16574,0.051855,172.31.36.0-255,66,282542,9,391708
16575,0.05384,172.217.26.0-255,5738,288280,9,391708
16576,0.053847,172.31.36.0-255,66,288346,9,391708
16577,0.055833,172.217.26.0-255,5738,294084,9,391708
16578,0.055839,172.31.36.0-255,66,294150,9,391708
16579,0.05782,172.217.26.0-255,5738,299888,9,391708
16580,0.057826,172.31.36.0-255,66,299954,9,391708
16581,0.059803,172.217.26.0-255,5738,305692,9,391708
16582,0.059809,172.31.36.0-255,66,305758,9,391708
16583,0.061794,172.217.26.0-255,5738,311496,9,391708
16584,0.061813,172.31.36.0-255,66,311562,9,391708
16585,0.063804,172.217.26.0-255,5738,317300,9,391708
16586,0.063811,172.31.36.0-255,66,317366,9,391708
16587,0.065823,172.217.26.0-255,5738,323104,9,391708
16588,0.06583,172.31.36.0-255,66,323170,9,391708
16589,0.067816,172.217.26.0-255,5738,328908,9,391708
16590,0.067825,172.31.36.0-255,66,328974,9,391708
16591,0.069816,172.217.26.0-255,5738,334712,9,391708
16592,0.069822,172.31.36.0-255,66,334778,9,391708
16593,0.071796,172.217.26.0-255,5738,340516,9,391708
16594,0.071802,172.31.36.0-255,66,340582,9,391708
16595,0.073822,172.217.26.0-255,5738,346320,9,391708
16596,0.073828,172.31.36.0-255,66,346386,9,391708
16597,0.075813,172.217.26.0-255,5738,352124,9,391708
16598,0.075818,172.31.36.0-255,66,352190,9,391708
16599,0.077803,172.217.26.0-255,5738,357928,9,391708
16600,0.077809,172.31.36.0-255,66,357994,9,391708
16601,0.079791,172.217.26.0-255,5738,363732,9,391708
16602,0.079796,172.31.36.0-255,66,363798,9,391708
16603,0.081781,172.217.26.0-255,5738,369536,9,391708
16604,0.081788,172.31.36.0-255,66,369602,9,391708
16605,0.083772,172.217.26.0-255,5738,375340,9,391708
16606,0.083778,172.31.36.0-255,66,375406,9,391708
16607,0.085766,172.217.26.0-255,5738,381144,9,391708
16608,0.085772,172.31.36.0-255,66,381210,9,391708
16609,0.087758,172.217.26.0-255,5738,386948,9,391708
16610,0.087765,172.31.36.0-255,66,387014,9,391708
16611,0.08975,172.217.26.0-255,4457,391471,9,391708
16612,0.089757,172.31.36.0-255,66,391537,9,391708
16613,0.089938,172.31.36.0-255,105,391642,9,391708
16614,0.095683,172.217.26.0-255,66,391708,9,391708
16615,0.0,172.217.194.0-255,496,496,9,269763
16616,1.6e-05,172.31.36.0-255,66,562,9,269763
16617,2.3e-05,172.217.194.0-255,1484,2046,9,269763
16618,2.7e-05,172.31.36.0-255,66,2112,9,269763
16619,3.5e-05,172.217.194.0-255,4320,6432,9,269763
16620,3.9e-05,172.31.36.0-255,66,6498,9,269763
16621,9.9e-05,172.31.36.0-255,66,6564,9,269763
16622,0.000269,172.31.36.0-255,66,6630,9,269763
16623,0.000322,172.217.194.0-255,4320,10950,9,269763
16624,0.000326,172.31.36.0-255,66,11016,9,269763
16625,0.000575,172.217.194.0-255,2543,13559,9,269763
16626,0.000583,172.31.36.0-255,66,13625,9,269763
16627,0.000641,172.31.36.0-255,66,13691,9,269763
16628,0.000662,172.217.194.0-255,7156,20847,9,269763
16629,0.000665,172.31.36.0-255,66,20913,9,269763
16630,0.000969,172.217.194.0-255,1125,22038,9,269763
16631,0.000976,172.31.36.0-255,66,22104,9,269763
16632,0.001007,172.217.194.0-255,1484,23588,9,269763
16633,0.00101,172.31.36.0-255,66,23654,9,269763
16634,0.001031,172.217.194.0-255,4320,27974,9,269763
16635,0.001033,172.31.36.0-255,66,28040,9,269763
16636,0.001137,172.31.36.0-255,66,28106,9,269763
16637,0.001381,172.31.36.0-255,66,28172,9,269763
16638,0.001836,172.31.36.0-255,66,28238,9,269763
16639,0.002129,172.217.194.0-255,7156,35394,9,269763
16640,0.002134,172.31.36.0-255,66,35460,9,269763
16641,0.002187,172.217.194.0-255,3602,39062,9,269763
16642,0.002869,172.217.194.0-255,5738,44800,9,269763
16643,0.003837,172.217.194.0-255,4320,49120,9,269763
16644,0.003855,172.217.194.0-255,5738,54858,9,269763
16645,0.00387,172.217.194.0-255,5738,60596,9,269763
16646,0.005816,172.31.36.0-255,66,60662,9,269763
16647,0.008098,172.217.194.0-255,2902,63564,9,269763
16648,0.008105,172.31.36.0-255,66,63630,9,269763
16649,0.008126,172.217.194.0-255,2902,66532,9,269763
16650,0.008314,172.31.36.0-255,66,66598,9,269763
16651,0.010402,172.217.194.0-255,2902,69500,9,269763
16652,0.010409,172.31.36.0-255,66,69566,9,269763
16653,0.010581,172.217.194.0-255,2902,72468,9,269763
16654,0.010587,172.31.36.0-255,66,72534,9,269763
16655,0.012687,172.217.194.0-255,2902,75436,9,269763
16656,0.012696,172.31.36.0-255,66,75502,9,269763
16657,0.012873,172.217.194.0-255,2902,78404,9,269763
16658,0.014546,172.31.36.0-255,66,78470,9,269763
16659,0.014992,172.217.194.0-255,2902,81372,9,269763
16660,0.014999,172.31.36.0-255,66,81438,9,269763
16661,0.016895,172.217.194.0-255,2902,84340,9,269763
16662,0.017346,172.217.194.0-255,2902,87242,9,269763
16663,0.018524,172.31.36.0-255,66,87308,9,269763
16664,0.020797,172.217.194.0-255,5738,93046,9,269763
16665,0.020805,172.31.36.0-255,66,93112,9,269763
16666,0.023081,172.217.194.0-255,5738,98850,9,269763
16667,0.02309,172.31.36.0-255,66,98916,9,269763
16668,0.025408,172.217.194.0-255,5738,104654,9,269763
16669,0.025416,172.31.36.0-255,66,104720,9,269763
16670,0.027808,172.217.194.0-255,5738,110458,9,269763
16671,0.027814,172.31.36.0-255,66,110524,9,269763
16672,0.030099,172.217.194.0-255,5738,116262,9,269763
16673,0.030109,172.31.36.0-255,66,116328,9,269763
16674,0.032399,172.217.194.0-255,5738,122066,9,269763
16675,0.032406,172.31.36.0-255,66,122132,9,269763
16676,0.034722,172.217.194.0-255,5738,127870,9,269763
16677,0.034729,172.31.36.0-255,66,127936,9,269763
16678,0.037054,172.217.194.0-255,5738,133674,9,269763
16679,0.037064,172.31.36.0-255,66,133740,9,269763
16680,0.039369,172.217.194.0-255,5738,139478,9,269763
16681,0.039378,172.31.36.0-255,66,139544,9,269763
16682,0.041662,172.217.194.0-255,5738,145282,9,269763
16683,0.04167,172.31.36.0-255,66,145348,9,269763
16684,0.043991,172.217.194.0-255,5738,151086,9,269763
16685,0.044002,172.31.36.0-255,66,151152,9,269763
16686,0.046308,172.217.194.0-255,5738,156890,9,269763
16687,0.046316,172.31.36.0-255,66,156956,9,269763
16688,0.048602,172.217.194.0-255,5738,162694,9,269763
16689,0.048611,172.31.36.0-255,66,162760,9,269763
16690,0.050916,172.217.194.0-255,5738,168498,9,269763
16691,0.050924,172.31.36.0-255,66,168564,9,269763
16692,0.053218,172.217.194.0-255,5738,174302,9,269763
16693,0.053226,172.31.36.0-255,66,174368,9,269763
16694,0.055519,172.217.194.0-255,5738,180106,9,269763
16695,0.055527,172.31.36.0-255,66,180172,9,269763
16696,0.057824,172.217.194.0-255,5738,185910,9,269763
16697,0.057831,172.31.36.0-255,66,185976,9,269763
16698,0.058138,172.31.36.0-255,176,186152,9,269763
16699,0.058167,172.31.36.0-255,1070,187222,9,269763
16700,0.059685,104.244.42.0-255,66,187288,9,269763
16701,0.05974,104.244.42.0-255,66,187354,9,269763
16702,0.06013,172.217.194.0-255,5738,193092,9,269763
16703,0.060136,172.31.36.0-255,66,193158,9,269763
16704,0.06242,172.217.194.0-255,2902,196060,9,269763
16705,0.062426,172.31.36.0-255,66,196126,9,269763
16706,0.062449,172.217.194.0-255,2902,199028,9,269763
16707,0.062507,172.31.36.0-255,66,199094,9,269763
16708,0.064722,172.217.194.0-255,2902,201996,9,269763
16709,0.06473,172.31.36.0-255,66,202062,9,269763
16710,0.064767,172.217.194.0-255,1484,203546,9,269763
16711,0.064779,172.217.194.0-255,1484,205030,9,269763
16712,0.064792,172.31.36.0-255,66,205096,9,269763
16713,0.06702,172.217.194.0-255,2902,207998,9,269763
16714,0.067026,172.31.36.0-255,66,208064,9,269763
16715,0.06706,172.217.194.0-255,2902,210966,9,269763
16716,0.067082,172.31.36.0-255,66,211032,9,269763
16717,0.06934,172.217.194.0-255,2902,213934,9,269763
16718,0.069347,172.31.36.0-255,66,214000,9,269763
16719,0.069369,172.217.194.0-255,2902,216902,9,269763
16720,0.069392,172.31.36.0-255,66,216968,9,269763
16721,0.07165,172.217.194.0-255,2902,219870,9,269763
16722,0.071655,172.31.36.0-255,66,219936,9,269763
16723,0.071673,172.217.194.0-255,2902,222838,9,269763
16724,0.071703,172.31.36.0-255,66,222904,9,269763
16725,0.073944,172.217.194.0-255,2902,225806,9,269763
16726,0.07395,172.31.36.0-255,66,225872,9,269763
16727,0.073973,172.217.194.0-255,2902,228774,9,269763
16728,0.074001,172.31.36.0-255,66,228840,9,269763
16729,0.076211,172.217.194.0-255,2902,231742,9,269763
16730,0.076217,172.31.36.0-255,66,231808,9,269763
16731,0.076319,172.217.194.0-255,2902,234710,9,269763
16732,0.076347,172.31.36.0-255,66,234776,9,269763
16733,0.078495,172.217.194.0-255,2902,237678,9,269763
16734,0.078503,172.31.36.0-255,66,237744,9,269763
16735,0.078674,172.217.194.0-255,1484,239228,9,269763
16736,0.078698,172.217.194.0-255,1484,240712,9,269763
16737,0.078703,172.31.36.0-255,66,240778,9,269763
16738,0.080814,172.217.194.0-255,2902,243680,9,269763
16739,0.080821,172.31.36.0-255,66,243746,9,269763
16740,0.080986,172.217.194.0-255,2902,246648,9,269763
16741,0.080991,172.31.36.0-255,66,246714,9,269763
16742,0.083085,172.217.194.0-255,2902,249616,9,269763
16743,0.083092,172.31.36.0-255,66,249682,9,269763
16744,0.083286,172.217.194.0-255,2902,252584,9,269763
16745,0.083291,172.31.36.0-255,66,252650,9,269763
16746,0.08537,172.217.194.0-255,2902,255552,9,269763
16747,0.085383,172.31.36.0-255,66,255618,9,269763
16748,0.085567,172.217.194.0-255,2902,258520,9,269763
16749,0.085573,172.31.36.0-255,66,258586,9,269763
16750,0.087668,172.217.194.0-255,2902,261488,9,269763
16751,0.087682,172.31.36.0-255,66,261554,9,269763
16752,0.08784,172.217.194.0-255,2902,264456,9,269763
16753,0.087844,172.31.36.0-255,66,264522,9,269763
16754,0.089994,172.217.194.0-255,2902,267424,9,269763
16755,0.090005,172.31.36.0-255,66,267490,9,269763
16756,0.090114,172.217.194.0-255,2036,269526,9,269763
16757,0.090142,172.31.36.0-255,66,269592,9,269763
16758,0.090333,172.31.36.0-255,105,269697,9,269763
16759,0.092572,172.217.194.0-255,66,269763,9,269763
16760,0.0,172.217.194.0-255,142,142,9,234567
16761,1.5e-05,172.31.36.0-255,66,208,9,234567
16762,2.2e-05,172.217.194.0-255,1484,1692,9,234567
16763,2.7e-05,172.31.36.0-255,66,1758,9,234567
16764,3.3e-05,172.217.194.0-255,2902,4660,9,234567
16765,3.6e-05,172.31.36.0-255,66,4726,9,234567
16766,4.3e-05,172.217.194.0-255,7156,11882,9,234567
16767,4.6e-05,172.31.36.0-255,66,11948,9,234567
16768,5e-05,172.217.194.0-255,2075,14023,9,234567
16769,5.4e-05,172.31.36.0-255,66,14089,9,234567
16770,0.000146,172.217.194.0-255,1484,15573,9,234567
16771,0.000149,172.31.36.0-255,66,15639,9,234567
16772,0.000154,172.217.194.0-255,2902,18541,9,234567
16773,0.000157,172.31.36.0-255,66,18607,9,234567
16774,0.000187,172.217.194.0-255,5738,24345,9,234567
16775,0.00019,172.31.36.0-255,66,24411,9,234567
16776,0.000205,172.31.36.0-255,66,24477,9,234567
16777,0.00021,172.217.194.0-255,2902,27379,9,234567
16778,0.000212,172.31.36.0-255,66,27445,9,234567
16779,0.00025,172.31.36.0-255,66,27511,9,234567
16780,0.000279,172.31.36.0-255,66,27577,9,234567
16781,0.000291,172.217.194.0-255,2184,29761,9,234567
16782,0.000294,172.31.36.0-255,66,29827,9,234567
16783,0.000296,172.217.194.0-255,387,30214,9,234567
16784,0.000298,172.31.36.0-255,66,30280,9,234567
16785,0.000614,172.217.194.0-255,386,30666,9,234567
16786,0.00062,172.31.36.0-255,66,30732,9,234567
16787,0.00133,172.217.194.0-255,1484,32216,9,234567
16788,0.001338,172.31.36.0-255,66,32282,9,234567
16789,0.001345,172.217.194.0-255,2902,35184,9,234567
16790,0.001347,172.31.36.0-255,66,35250,9,234567
16791,0.001352,172.217.194.0-255,2902,38152,9,234567
16792,0.001355,172.31.36.0-255,66,38218,9,234567
16793,0.001386,172.217.194.0-255,2902,41120,9,234567
16794,0.001388,172.31.36.0-255,66,41186,9,234567
16795,0.001395,172.217.194.0-255,4320,45506,9,234567
16796,0.001397,172.31.36.0-255,66,45572,9,234567
16797,0.001404,172.217.194.0-255,7156,52728,9,234567
16798,0.001407,172.31.36.0-255,66,52794,9,234567
16799,0.001432,172.217.194.0-255,5379,58173,9,234567
16800,0.001436,172.31.36.0-255,66,58239,9,234567
16801,0.001443,172.217.194.0-255,6797,65036,9,234567
16802,0.001446,172.31.36.0-255,66,65102,9,234567
16803,0.001601,172.217.194.0-255,1484,66586,9,234567
16804,0.00162,172.217.194.0-255,2902,69488,9,234567
16805,0.001623,172.31.36.0-255,66,69554,9,234567
16806,0.001629,172.217.194.0-255,4320,73874,9,234567
16807,0.001632,172.31.36.0-255,66,73940,9,234567
16808,0.001643,172.217.194.0-255,1484,75424,9,234567
16809,0.001648,172.217.194.0-255,2902,78326,9,234567
16810,0.001651,172.31.36.0-255,66,78392,9,234567
16811,0.001682,172.31.36.0-255,66,78458,9,234567
16812,0.001695,172.31.36.0-255,66,78524,9,234567
16813,0.001718,172.217.194.0-255,1484,80008,9,234567
16814,0.001723,172.217.194.0-255,2902,82910,9,234567
16815,0.001725,172.31.36.0-255,66,82976,9,234567
16816,0.001728,172.217.194.0-255,1484,84460,9,234567
16817,0.001748,172.217.194.0-255,4320,88780,9,234567
16818,0.00175,172.31.36.0-255,66,88846,9,234567
16819,0.001792,172.217.194.0-255,1484,90330,9,234567
16820,0.00182,172.31.36.0-255,66,90396,9,234567
16821,0.001842,172.217.194.0-255,2902,93298,9,234567
16822,0.001845,172.31.36.0-255,66,93364,9,234567
16823,0.001858,172.31.36.0-255,66,93430,9,234567
16824,0.00187,172.31.36.0-255,66,93496,9,234567
16825,0.001883,172.31.36.0-255,66,93562,9,234567
16826,0.001907,172.217.194.0-255,1484,95046,9,234567
16827,0.00192,172.31.36.0-255,66,95112,9,234567
16828,0.001923,172.217.194.0-255,1484,96596,9,234567
16829,0.001942,172.217.194.0-255,5738,102334,9,234567
16830,0.001945,172.31.36.0-255,66,102400,9,234567
16831,0.001971,172.217.194.0-255,5738,108138,9,234567
16832,0.001973,172.31.36.0-255,66,108204,9,234567
16833,0.001984,172.31.36.0-255,66,108270,9,234567
16834,0.002001,172.217.194.0-255,4320,112590,9,234567
16835,0.002004,172.31.36.0-255,66,112656,9,234567
16836,0.002035,172.31.36.0-255,66,112722,9,234567
16837,0.002103,172.217.194.0-255,1484,114206,9,234567
16838,0.002107,172.217.194.0-255,2902,117108,9,234567
16839,0.00211,172.31.36.0-255,66,117174,9,234567
16840,0.002116,172.217.194.0-255,5738,122912,9,234567
16841,0.002118,172.31.36.0-255,66,122978,9,234567
16842,0.002137,172.217.194.0-255,2902,125880,9,234567
16843,0.002139,172.31.36.0-255,66,125946,9,234567
16844,0.002183,172.31.36.0-255,66,126012,9,234567
16845,0.00219,172.217.194.0-255,5738,131750,9,234567
16846,0.002192,172.31.36.0-255,66,131816,9,234567
16847,0.002212,172.217.194.0-255,5020,136836,9,234567
16848,0.002215,172.31.36.0-255,66,136902,9,234567
16849,0.002565,172.217.194.0-255,1484,138386,9,234567
16850,0.00257,172.217.194.0-255,2902,141288,9,234567
16851,0.002573,172.31.36.0-255,66,141354,9,234567
16852,0.002595,172.217.194.0-255,5738,147092,9,234567
16853,0.002598,172.31.36.0-255,66,147158,9,234567
16854,0.00265,172.217.194.0-255,2902,150060,9,234567
16855,0.002652,172.31.36.0-255,66,150126,9,234567
16856,0.002685,172.31.36.0-255,66,150192,9,234567
16857,0.002697,172.31.36.0-255,66,150258,9,234567
16858,0.002711,172.217.194.0-255,1484,151742,9,234567
16859,0.002726,172.217.194.0-255,2902,154644,9,234567
16860,0.002729,172.31.36.0-255,66,154710,9,234567
16861,0.002734,172.217.194.0-255,2902,157612,9,234567
16862,0.002736,172.31.36.0-255,66,157678,9,234567
16863,0.002749,172.217.194.0-255,2902,160580,9,234567
16864,0.002752,172.31.36.0-255,66,160646,9,234567
16865,0.002779,172.31.36.0-255,66,160712,9,234567
16866,0.002803,172.217.194.0-255,7156,167868,9,234567
16867,0.002806,172.31.36.0-255,66,167934,9,234567
16868,0.00282,172.217.194.0-255,3602,171536,9,234567
16869,0.002823,172.31.36.0-255,66,171602,9,234567
16870,0.00286,172.217.194.0-255,1484,173086,9,234567
16871,0.002865,172.217.194.0-255,2902,175988,9,234567
16872,0.002867,172.31.36.0-255,66,176054,9,234567
16873,0.002888,172.217.194.0-255,1484,177538,9,234567
16874,0.002911,172.217.194.0-255,4320,181858,9,234567
16875,0.002914,172.31.36.0-255,66,181924,9,234567
16876,0.002919,172.217.194.0-255,4320,186244,9,234567
16877,0.002921,172.31.36.0-255,66,186310,9,234567
16878,0.002932,172.31.36.0-255,66,186376,9,234567
16879,0.002936,172.217.194.0-255,2902,189278,9,234567
16880,0.002939,172.31.36.0-255,66,189344,9,234567
16881,0.002964,172.217.194.0-255,5738,195082,9,234567
16882,0.002967,172.31.36.0-255,66,195148,9,234567
16883,0.00297,172.217.194.0-255,2184,197332,9,234567
16884,0.002972,172.31.36.0-255,66,197398,9,234567
16885,0.003025,172.217.194.0-255,1484,198882,9,234567
16886,0.003028,172.217.194.0-255,1484,200366,9,234567
16887,0.003031,172.31.36.0-255,66,200432,9,234567
16888,0.003049,172.217.194.0-255,1484,201916,9,234567
16889,0.003055,172.217.194.0-255,5738,207654,9,234567
16890,0.003058,172.31.36.0-255,66,207720,9,234567
16891,0.003087,172.31.36.0-255,66,207786,9,234567
16892,0.003097,172.217.194.0-255,2902,210688,9,234567
16893,0.0031,172.31.36.0-255,66,210754,9,234567
16894,0.003139,172.31.36.0-255,66,210820,9,234567
16895,0.003159,172.217.194.0-255,5020,215840,9,234567
16896,0.003161,172.31.36.0-255,66,215906,9,234567
16897,0.003164,172.217.194.0-255,1484,217390,9,234567
16898,0.003187,172.217.194.0-255,7139,224529,9,234567
16899,0.003189,172.31.36.0-255,66,224595,9,234567
16900,0.003192,172.217.194.0-255,105,224700,9,234567
16901,0.003222,172.217.194.0-255,129,224829,9,234567
16902,0.008839,172.31.36.0-255,105,224934,9,234567
16903,0.008897,172.31.36.0-255,105,225039,9,234567
16904,0.009148,172.31.36.0-255,90,225129,9,234567
16905,0.009159,172.31.36.0-255,66,225195,9,234567
16906,0.011485,172.217.194.0-255,66,225261,9,234567
16907,0.011592,172.217.194.0-255,66,225327,9,234567
16908,0.011737,172.217.194.0-255,66,225393,9,234567
16909,0.011765,172.217.194.0-255,66,225459,9,234567
16910,0.011781,172.31.36.0-255,66,225525,9,234567
16911,0.042045,172.31.36.0-255,172,225697,9,234567
16912,0.04208,172.31.36.0-255,1117,226814,9,234567
16913,0.042169,172.31.36.0-255,1514,228328,9,234567
16914,0.042171,172.31.36.0-255,1514,229842,9,234567
16915,0.042172,172.31.36.0-255,1514,231356,9,234567
16916,0.042177,172.31.36.0-255,1514,232870,9,234567
16917,0.042178,172.31.36.0-255,1499,234369,9,234567
16918,0.043588,104.244.42.0-255,66,234435,9,234567
16919,0.043638,104.244.42.0-255,66,234501,9,234567
16920,0.043792,104.244.42.0-255,66,234567,9,234567
16921,0.0,74.125.24.0-255,143,143,9,337611
16922,2.6e-05,172.31.36.0-255,66,209,9,337611
16923,3.3e-05,74.125.24.0-255,1484,1693,9,337611
16924,3.7e-05,172.31.36.0-255,66,1759,9,337611
16925,4.2e-05,74.125.24.0-255,2902,4661,9,337611
16926,4.4e-05,172.31.36.0-255,66,4727,9,337611
16927,4.8e-05,74.125.24.0-255,2902,7629,9,337611
16928,5.2e-05,172.31.36.0-255,66,7695,9,337611
16929,8e-05,74.125.24.0-255,4320,12015,9,337611
16930,8.3e-05,172.31.36.0-255,66,12081,9,337611
16931,8.6e-05,74.125.24.0-255,2053,14134,9,337611
16932,8.9e-05,172.31.36.0-255,66,14200,9,337611
16933,0.00011,74.125.24.0-255,2902,17102,9,337611
16934,0.000112,172.31.36.0-255,66,17168,9,337611
16935,0.00014,172.31.36.0-255,66,17234,9,337611
16936,0.000147,74.125.24.0-255,7156,24390,9,337611
16937,0.000149,172.31.36.0-255,66,24456,9,337611
16938,0.000171,74.125.24.0-255,1484,25940,9,337611
16939,0.000173,172.31.36.0-255,66,26006,9,337611
16940,0.000215,172.31.36.0-255,66,26072,9,337611
16941,0.000268,172.31.36.0-255,66,26138,9,337611
16942,0.000291,74.125.24.0-255,2902,29040,9,337611
16943,0.000294,172.31.36.0-255,66,29106,9,337611
16944,0.000297,74.125.24.0-255,1398,30504,9,337611
16945,0.000301,172.31.36.0-255,66,30570,9,337611
16946,0.000532,74.125.24.0-255,134,30704,9,337611
16947,0.000536,172.31.36.0-255,66,30770,9,337611
16948,0.00054,74.125.24.0-255,345,31115,9,337611
16949,0.000543,172.31.36.0-255,66,31181,9,337611
16950,0.000866,74.125.24.0-255,1484,32665,9,337611
16951,0.000876,74.125.24.0-255,2902,35567,9,337611
16952,0.00088,172.31.36.0-255,66,35633,9,337611
16953,0.000884,74.125.24.0-255,1484,37117,9,337611
16954,0.000904,74.125.24.0-255,4320,41437,9,337611
16955,0.000906,172.31.36.0-255,66,41503,9,337611
16956,0.00092,74.125.24.0-255,4320,45823,9,337611
16957,0.000923,172.31.36.0-255,66,45889,9,337611
16958,0.000958,172.31.36.0-255,66,45955,9,337611
16959,0.000969,172.31.36.0-255,66,46021,9,337611
16960,0.000972,74.125.24.0-255,766,46787,9,337611
16961,0.001014,74.125.24.0-255,1484,48271,9,337611
16962,0.001017,172.31.36.0-255,66,48337,9,337611
16963,0.001021,74.125.24.0-255,1484,49821,9,337611
16964,0.001037,74.125.24.0-255,2902,52723,9,337611
16965,0.00104,172.31.36.0-255,66,52789,9,337611
16966,0.001051,74.125.24.0-255,1484,54273,9,337611
16967,0.001066,74.125.24.0-255,5738,60011,9,337611
16968,0.001069,172.31.36.0-255,66,60077,9,337611
16969,0.001095,74.125.24.0-255,1484,61561,9,337611
16970,0.001121,172.31.36.0-255,66,61627,9,337611
16971,0.001155,172.31.36.0-255,66,61693,9,337611
16972,0.001383,74.125.24.0-255,1484,63177,9,337611
16973,0.001392,74.125.24.0-255,2902,66079,9,337611
16974,0.001396,172.31.36.0-255,66,66145,9,337611
16975,0.001421,74.125.24.0-255,5738,71883,9,337611
16976,0.001425,172.31.36.0-255,66,71949,9,337611
16977,0.001457,74.125.24.0-255,4320,76269,9,337611
16978,0.00146,172.31.36.0-255,66,76335,9,337611
16979,0.001479,74.125.24.0-255,7156,83491,9,337611
16980,0.001482,172.31.36.0-255,66,83557,9,337611
16981,0.001485,74.125.24.0-255,1484,85041,9,337611
16982,0.001503,74.125.24.0-255,7156,92197,9,337611
16983,0.001505,172.31.36.0-255,66,92263,9,337611
16984,0.001546,74.125.24.0-255,3602,95865,9,337611
16985,0.001548,172.31.36.0-255,66,95931,9,337611
16986,0.003715,74.125.24.0-255,1484,97415,9,337611
16987,0.003786,74.125.24.0-255,4320,101735,9,337611
16988,0.00379,172.31.36.0-255,66,101801,9,337611
16989,0.006021,74.125.24.0-255,5738,107539,9,337611
16990,0.006027,172.31.36.0-255,66,107605,9,337611
16991,0.00828,74.125.24.0-255,5738,113343,9,337611
16992,0.008287,172.31.36.0-255,66,113409,9,337611
16993,0.01051,74.125.24.0-255,5738,119147,9,337611
16994,0.010517,172.31.36.0-255,66,119213,9,337611
16995,0.012782,74.125.24.0-255,5738,124951,9,337611
16996,0.01279,172.31.36.0-255,66,125017,9,337611
16997,0.015044,74.125.24.0-255,5738,130755,9,337611
16998,0.015055,172.31.36.0-255,66,130821,9,337611
16999,0.017274,74.125.24.0-255,5738,136559,9,337611
17000,0.017281,172.31.36.0-255,66,136625,9,337611
17001,0.019491,74.125.24.0-255,5738,142363,9,337611
17002,0.019498,172.31.36.0-255,66,142429,9,337611
17003,0.021774,74.125.24.0-255,5738,148167,9,337611
17004,0.02178,172.31.36.0-255,66,148233,9,337611
17005,0.024021,74.125.24.0-255,4320,152553,9,337611
17006,0.024027,172.31.36.0-255,66,152619,9,337611
17007,0.024059,74.125.24.0-255,1484,154103,9,337611
17008,0.026265,74.125.24.0-255,4320,158423,9,337611
17009,0.026274,172.31.36.0-255,66,158489,9,337611
17010,0.028507,74.125.24.0-255,5738,164227,9,337611
17011,0.028514,172.31.36.0-255,66,164293,9,337611
17012,0.030797,74.125.24.0-255,5738,170031,9,337611
17013,0.030805,172.31.36.0-255,66,170097,9,337611
17014,0.03307,74.125.24.0-255,5738,175835,9,337611
17015,0.033077,172.31.36.0-255,66,175901,9,337611
17016,0.03535,74.125.24.0-255,5738,181639,9,337611
17017,0.035359,172.31.36.0-255,66,181705,9,337611
17018,0.03759,74.125.24.0-255,5738,187443,9,337611
17019,0.0376,172.31.36.0-255,66,187509,9,337611
17020,0.039899,74.125.24.0-255,5738,193247,9,337611
17021,0.039907,172.31.36.0-255,66,193313,9,337611
17022,0.042153,74.125.24.0-255,5738,199051,9,337611
17023,0.042161,172.31.36.0-255,66,199117,9,337611
17024,0.044419,74.125.24.0-255,5738,204855,9,337611
17025,0.044427,172.31.36.0-255,66,204921,9,337611
17026,0.046661,74.125.24.0-255,5738,210659,9,337611
17027,0.046668,172.31.36.0-255,66,210725,9,337611
17028,0.048901,74.125.24.0-255,4320,215045,9,337611
17029,0.04891,172.31.36.0-255,66,215111,9,337611
17030,0.048944,74.125.24.0-255,1484,216595,9,337611
17031,0.05115,74.125.24.0-255,4320,220915,9,337611
17032,0.051156,172.31.36.0-255,66,220981,9,337611
17033,0.053392,74.125.24.0-255,5738,226719,9,337611
17034,0.0534,172.31.36.0-255,66,226785,9,337611
17035,0.054319,172.31.36.0-255,172,226957,9,337611
17036,0.054347,172.31.36.0-255,1070,228027,9,337611
17037,0.055636,74.125.24.0-255,5738,233765,9,337611
17038,0.055643,172.31.36.0-255,66,233831,9,337611
17039,0.055898,104.244.42.0-255,66,233897,9,337611
17040,0.055906,104.244.42.0-255,66,233963,9,337611
17041,0.057856,74.125.24.0-255,1484,235447,9,337611
17042,0.057886,74.125.24.0-255,4320,239767,9,337611
17043,0.057891,172.31.36.0-255,66,239833,9,337611
17044,0.060117,74.125.24.0-255,5738,245571,9,337611
17045,0.060122,172.31.36.0-255,66,245637,9,337611
17046,0.062333,74.125.24.0-255,5738,251375,9,337611
17047,0.062339,172.31.36.0-255,66,251441,9,337611
17048,0.064584,74.125.24.0-255,5738,257179,9,337611
17049,0.064589,172.31.36.0-255,66,257245,9,337611
17050,0.066843,74.125.24.0-255,4320,261565,9,337611
17051,0.066848,172.31.36.0-255,66,261631,9,337611
17052,0.066878,74.125.24.0-255,1484,263115,9,337611
17053,0.069108,74.125.24.0-255,4320,267435,9,337611
17054,0.069112,172.31.36.0-255,66,267501,9,337611
17055,0.071328,74.125.24.0-255,5738,273239,9,337611
17056,0.071333,172.31.36.0-255,66,273305,9,337611
17057,0.073576,74.125.24.0-255,5738,279043,9,337611
17058,0.07358,172.31.36.0-255,66,279109,9,337611
17059,0.075847,74.125.24.0-255,4320,283429,9,337611
17060,0.075851,172.31.36.0-255,66,283495,9,337611
17061,0.075883,74.125.24.0-255,1484,284979,9,337611
17062,0.078086,74.125.24.0-255,4320,289299,9,337611
17063,0.078091,172.31.36.0-255,66,289365,9,337611
17064,0.080313,74.125.24.0-255,5738,295103,9,337611
17065,0.080318,172.31.36.0-255,66,295169,9,337611
17066,0.082562,74.125.24.0-255,4320,299489,9,337611
17067,0.082568,172.31.36.0-255,66,299555,9,337611
17068,0.082606,74.125.24.0-255,1484,301039,9,337611
17069,0.084785,74.125.24.0-255,4320,305359,9,337611
17070,0.084792,172.31.36.0-255,66,305425,9,337611
17071,0.087009,74.125.24.0-255,4320,309745,9,337611
17072,0.087015,172.31.36.0-255,66,309811,9,337611
17073,0.087043,74.125.24.0-255,1484,311295,9,337611
17074,0.089231,74.125.24.0-255,4320,315615,9,337611
17075,0.089237,172.31.36.0-255,66,315681,9,337611
17076,0.091472,74.125.24.0-255,4320,320001,9,337611
17077,0.091477,172.31.36.0-255,66,320067,9,337611
17078,0.091508,74.125.24.0-255,1484,321551,9,337611
17079,0.093737,74.125.24.0-255,4320,325871,9,337611
17080,0.093743,172.31.36.0-255,66,325937,9,337611
17081,0.095976,74.125.24.0-255,5738,331675,9,337611
17082,0.095981,172.31.36.0-255,66,331741,9,337611
17083,0.098214,74.125.24.0-255,4320,336061,9,337611
17084,0.098219,172.31.36.0-255,66,336127,9,337611
17085,0.098252,74.125.24.0-255,1484,337611,9,337611
17086,0.0,172.217.194.0-255,66,66,9,132
17087,0.031453,172.31.36.0-255,66,132,9,132
17088,0.0,172.217.194.0-255,153,153,9,245147
17089,2.4e-05,172.31.36.0-255,66,219,9,245147
17090,3e-05,172.217.194.0-255,1484,1703,9,245147
17091,3.4e-05,172.31.36.0-255,66,1769,9,245147
17092,3.9e-05,172.217.194.0-255,2902,4671,9,245147
17093,4.2e-05,172.31.36.0-255,66,4737,9,245147
17094,5.7e-05,172.217.194.0-255,7156,11893,9,245147
17095,5.9e-05,172.31.36.0-255,66,11959,9,245147
17096,6.2e-05,172.217.194.0-255,1484,13443,9,245147
17097,6.5e-05,172.31.36.0-255,66,13509,9,245147
17098,0.000109,172.217.194.0-255,6305,19814,9,245147
17099,0.000113,172.31.36.0-255,66,19880,9,245147
17100,0.000123,172.31.36.0-255,66,19946,9,245147
17101,0.000133,172.217.194.0-255,2543,22489,9,245147
17102,0.000135,172.31.36.0-255,66,22555,9,245147
17103,0.000139,172.217.194.0-255,2902,25457,9,245147
17104,0.000141,172.31.36.0-255,66,25523,9,245147
17105,0.000164,172.217.194.0-255,2902,28425,9,245147
17106,0.000166,172.31.36.0-255,66,28491,9,245147
17107,0.000198,172.217.194.0-255,4320,32811,9,245147
17108,0.000201,172.31.36.0-255,66,32877,9,245147
17109,0.000208,172.217.194.0-255,4320,37197,9,245147
17110,0.00021,172.31.36.0-255,66,37263,9,245147
17111,0.000215,172.217.194.0-255,4320,41583,9,245147
17112,0.000217,172.31.36.0-255,66,41649,9,245147
17113,0.000264,172.217.194.0-255,5379,47028,9,245147
17114,0.000268,172.31.36.0-255,66,47094,9,245147
17115,0.000286,172.31.36.0-255,66,47160,9,245147
17116,0.000289,172.217.194.0-255,117,47277,9,245147
17117,0.000291,172.31.36.0-255,66,47343,9,245147
17118,0.000294,172.217.194.0-255,384,47727,9,245147
17119,0.000478,172.217.194.0-255,1484,49211,9,245147
17120,0.000485,172.217.194.0-255,2902,52113,9,245147
17121,0.000488,172.217.194.0-255,1484,53597,9,245147
17122,0.00051,172.217.194.0-255,4320,57917,9,245147
17123,0.000514,172.217.194.0-255,2902,60819,9,245147
17124,0.000831,172.217.194.0-255,1484,62303,9,245147
17125,0.000839,172.217.194.0-255,2902,65205,9,245147
17126,0.000844,172.217.194.0-255,4320,69525,9,245147
17127,0.000859,172.217.194.0-255,1484,71009,9,245147
17128,0.001662,172.217.194.0-255,1484,72493,9,245147
17129,0.001667,172.217.194.0-255,2902,75395,9,245147
17130,0.001685,172.217.194.0-255,5738,81133,9,245147
17131,0.001688,172.217.194.0-255,1484,82617,9,245147
17132,0.001702,172.217.194.0-255,2902,85519,9,245147
17133,0.001712,172.217.194.0-255,1484,87003,9,245147
17134,0.001715,172.217.194.0-255,2902,89905,9,245147
17135,0.001734,172.217.194.0-255,4320,94225,9,245147
17136,0.001782,172.217.194.0-255,2902,97127,9,245147
17137,0.001805,172.217.194.0-255,7156,104283,9,245147
17138,0.001825,172.217.194.0-255,5738,110021,9,245147
17139,0.001865,172.217.194.0-255,1484,111505,9,245147
17140,0.001906,172.217.194.0-255,2902,114407,9,245147
17141,0.001957,172.217.194.0-255,7156,121563,9,245147
17142,0.00198,172.217.194.0-255,4320,125883,9,245147
17143,0.001999,172.217.194.0-255,2902,128785,9,245147
17144,0.002019,172.217.194.0-255,5738,134523,9,245147
17145,0.002054,172.217.194.0-255,1484,136007,9,245147
17146,0.002094,172.217.194.0-255,2184,138191,9,245147
17147,0.002111,172.217.194.0-255,4320,142511,9,245147
17148,0.002137,172.217.194.0-255,1484,143995,9,245147
17149,0.002159,172.217.194.0-255,7156,151151,9,245147
17150,0.00218,172.217.194.0-255,2902,154053,9,245147
17151,0.0022,172.217.194.0-255,6438,160491,9,245147
17152,0.002214,172.217.194.0-255,5738,166229,9,245147
17153,0.002225,172.217.194.0-255,1484,167713,9,245147
17154,0.002265,172.217.194.0-255,5738,173451,9,245147
17155,0.002296,172.217.194.0-255,1484,174935,9,245147
17156,0.002311,172.217.194.0-255,2902,177837,9,245147
17157,0.002315,172.217.194.0-255,2902,180739,9,245147
17158,0.002327,172.217.194.0-255,2902,183641,9,245147
17159,0.002374,172.217.194.0-255,4320,187961,9,245147
17160,0.002389,172.217.194.0-255,5738,193699,9,245147
17161,0.002401,172.217.194.0-255,2184,195883,9,245147
17162,0.002403,172.217.194.0-255,1484,197367,9,245147
17163,0.003484,172.31.36.0-255,66,197433,9,245147
17164,0.005876,172.217.194.0-255,5738,203171,9,245147
17165,0.005882,172.31.36.0-255,66,203237,9,245147
17166,0.008252,172.217.194.0-255,5738,208975,9,245147
17167,0.008259,172.31.36.0-255,66,209041,9,245147
17168,0.010639,172.217.194.0-255,5738,214779,9,245147
17169,0.013886,172.31.36.0-255,66,214845,9,245147
17170,0.016281,172.217.194.0-255,5738,220583,9,245147
17171,0.01629,172.31.36.0-255,66,220649,9,245147
17172,0.018669,172.217.194.0-255,5738,226387,9,245147
17173,0.018676,172.31.36.0-255,66,226453,9,245147
17174,0.021066,172.217.194.0-255,5738,232191,9,245147
17175,0.021074,172.31.36.0-255,66,232257,9,245147
17176,0.023443,172.217.194.0-255,5738,237995,9,245147
17177,0.023449,172.31.36.0-255,66,238061,9,245147
17178,0.025815,172.217.194.0-255,5475,243536,9,245147
17179,0.025823,172.31.36.0-255,66,243602,9,245147
17180,0.026036,172.31.36.0-255,105,243707,9,245147
17181,0.028358,172.217.194.0-255,66,243773,9,245147
17182,0.050139,172.31.36.0-255,172,243945,9,245147
17183,0.050171,172.31.36.0-255,1070,245015,9,245147
17184,0.051674,104.244.42.0-255,66,245081,9,245147
17185,0.051724,104.244.42.0-255,66,245147,9,245147
17186,0.0,74.125.24.0-255,154,154,9,362484
17187,3.4e-05,172.31.36.0-255,66,220,9,362484
17188,4.2e-05,74.125.24.0-255,1484,1704,9,362484
17189,4.6e-05,172.31.36.0-255,66,1770,9,362484
17190,5.1e-05,74.125.24.0-255,2902,4672,9,362484
17191,5.3e-05,172.31.36.0-255,66,4738,9,362484
17192,6.9e-05,74.125.24.0-255,7156,11894,9,362484
17193,7.2e-05,172.31.36.0-255,66,11960,9,362484
17194,8.6e-05,74.125.24.0-255,2902,14862,9,362484
17195,9e-05,172.31.36.0-255,66,14928,9,362484
17196,0.000135,172.31.36.0-255,66,14994,9,362484
17197,0.00014,74.125.24.0-255,2543,17537,9,362484
17198,0.000142,172.31.36.0-255,66,17603,9,362484
17199,0.000175,74.125.24.0-255,2902,20505,9,362484
17200,0.000178,172.31.36.0-255,66,20571,9,362484
17201,0.000186,74.125.24.0-255,5738,26309,9,362484
17202,0.000189,172.31.36.0-255,66,26375,9,362484
17203,0.000196,74.125.24.0-255,7156,33531,9,362484
17204,0.000198,172.31.36.0-255,66,33597,9,362484
17205,0.000227,74.125.24.0-255,1125,34722,9,362484
17206,0.00023,172.31.36.0-255,66,34788,9,362484
17207,0.000579,74.125.24.0-255,1484,36272,9,362484
17208,0.000582,74.125.24.0-255,1484,37756,9,362484
17209,0.000585,172.31.36.0-255,66,37822,9,362484
17210,0.00059,172.31.36.0-255,66,37888,9,362484
17211,0.000604,74.125.24.0-255,1484,39372,9,362484
17212,0.000608,172.31.36.0-255,66,39438,9,362484
17213,0.000642,74.125.24.0-255,5738,45176,9,362484
17214,0.000645,172.31.36.0-255,66,45242,9,362484
17215,0.000652,74.125.24.0-255,5738,50980,9,362484
17216,0.000654,172.31.36.0-255,66,51046,9,362484
17217,0.000684,74.125.24.0-255,7156,58202,9,362484
17218,0.000687,172.31.36.0-255,66,58268,9,362484
17219,0.000702,74.125.24.0-255,6797,65065,9,362484
17220,0.000705,172.31.36.0-255,66,65131,9,362484
17221,0.000716,74.125.24.0-255,3961,69092,9,362484
17222,0.000718,172.31.36.0-255,66,69158,9,362484
17223,0.001089,74.125.24.0-255,1484,70642,9,362484
17224,0.001098,74.125.24.0-255,2902,73544,9,362484
17225,0.001101,172.31.36.0-255,66,73610,9,362484
17226,0.00113,74.125.24.0-255,4320,77930,9,362484
17227,0.001134,172.31.36.0-255,66,77996,9,362484
17228,0.001158,74.125.24.0-255,1484,79480,9,362484
17229,0.001169,172.31.36.0-255,66,79546,9,362484
17230,0.001335,74.125.24.0-255,1484,81030,9,362484
17231,0.001353,74.125.24.0-255,2902,83932,9,362484
17232,0.001356,172.31.36.0-255,66,83998,9,362484
17233,0.00136,74.125.24.0-255,1484,85482,9,362484
17234,0.001385,74.125.24.0-255,2902,88384,9,362484
17235,0.001388,172.31.36.0-255,66,88450,9,362484
17236,0.0014,172.31.36.0-255,66,88516,9,362484
17237,0.001425,74.125.24.0-255,4320,92836,9,362484
17238,0.001428,172.31.36.0-255,66,92902,9,362484
17239,0.001463,172.31.36.0-255,66,92968,9,362484
17240,0.001619,74.125.24.0-255,1484,94452,9,362484
17241,0.001644,74.125.24.0-255,2902,97354,9,362484
17242,0.001648,172.31.36.0-255,66,97420,9,362484
17243,0.001652,74.125.24.0-255,1484,98904,9,362484
17244,0.001682,74.125.24.0-255,4320,103224,9,362484
17245,0.001684,172.31.36.0-255,66,103290,9,362484
17246,0.001688,74.125.24.0-255,1484,104774,9,362484
17247,0.00169,74.125.24.0-255,1484,106258,9,362484
17248,0.001692,172.31.36.0-255,66,106324,9,362484
17249,0.001716,74.125.24.0-255,1484,107808,9,362484
17250,0.00172,74.125.24.0-255,1484,109292,9,362484
17251,0.001722,172.31.36.0-255,66,109358,9,362484
17252,0.00174,74.125.24.0-255,4320,113678,9,362484
17253,0.001743,172.31.36.0-255,66,113744,9,362484
17254,0.001746,74.125.24.0-255,1484,115228,9,362484
17255,0.001767,74.125.24.0-255,5738,120966,9,362484
17256,0.00177,172.31.36.0-255,66,121032,9,362484
17257,0.001777,74.125.24.0-255,6438,127470,9,362484
17258,0.001779,172.31.36.0-255,66,127536,9,362484
17259,0.001798,74.125.24.0-255,2902,130438,9,362484
17260,0.001801,172.31.36.0-255,66,130504,9,362484
17261,0.001829,74.125.24.0-255,4320,134824,9,362484
17262,0.001831,172.31.36.0-255,66,134890,9,362484
17263,0.001842,172.31.36.0-255,66,134956,9,362484
17264,0.00189,74.125.24.0-255,4320,139276,9,362484
17265,0.001892,172.31.36.0-255,66,139342,9,362484
17266,0.001933,172.31.36.0-255,66,139408,9,362484
17267,0.004044,74.125.24.0-255,5738,145146,9,362484
17268,0.004047,172.31.36.0-255,66,145212,9,362484
17269,0.006158,74.125.24.0-255,5738,150950,9,362484
17270,0.006164,172.31.36.0-255,66,151016,9,362484
17271,0.008303,74.125.24.0-255,5738,156754,9,362484
17272,0.008309,172.31.36.0-255,66,156820,9,362484
17273,0.010441,74.125.24.0-255,5738,162558,9,362484
17274,0.010449,172.31.36.0-255,66,162624,9,362484
17275,0.012654,74.125.24.0-255,5738,168362,9,362484
17276,0.012665,172.31.36.0-255,66,168428,9,362484
17277,0.014816,74.125.24.0-255,5738,174166,9,362484
17278,0.014824,172.31.36.0-255,66,174232,9,362484
17279,0.016991,74.125.24.0-255,5738,179970,9,362484
17280,0.017005,172.31.36.0-255,66,180036,9,362484
17281,0.019142,74.125.24.0-255,5738,185774,9,362484
17282,0.019153,172.31.36.0-255,66,185840,9,362484
17283,0.021327,74.125.24.0-255,5738,191578,9,362484
17284,0.021336,172.31.36.0-255,66,191644,9,362484
17285,0.023506,74.125.24.0-255,5738,197382,9,362484
17286,0.02352,172.31.36.0-255,66,197448,9,362484
17287,0.025659,74.125.24.0-255,5738,203186,9,362484
17288,0.025668,172.31.36.0-255,66,203252,9,362484
17289,0.027771,74.125.24.0-255,2902,206154,9,362484
17290,0.027779,172.31.36.0-255,66,206220,9,362484
17291,0.02781,74.125.24.0-255,2902,209122,9,362484
17292,0.027813,172.31.36.0-255,66,209188,9,362484
17293,0.02989,74.125.24.0-255,2902,212090,9,362484
17294,0.029898,172.31.36.0-255,66,212156,9,362484
17295,0.029963,74.125.24.0-255,2902,215058,9,362484
17296,0.029967,172.31.36.0-255,66,215124,9,362484
17297,0.032013,74.125.24.0-255,2902,218026,9,362484
17298,0.032021,172.31.36.0-255,66,218092,9,362484
17299,0.03212,74.125.24.0-255,2902,220994,9,362484
17300,0.032124,172.31.36.0-255,66,221060,9,362484
17301,0.034139,74.125.24.0-255,2902,223962,9,362484
17302,0.034149,172.31.36.0-255,66,224028,9,362484
17303,0.034268,74.125.24.0-255,2902,226930,9,362484
17304,0.034273,172.31.36.0-255,66,226996,9,362484
17305,0.036304,74.125.24.0-255,2902,229898,9,362484
17306,0.036312,172.31.36.0-255,66,229964,9,362484
17307,0.036352,74.125.24.0-255,2902,232866,9,362484
17308,0.036355,172.31.36.0-255,66,232932,9,362484
17309,0.038458,74.125.24.0-255,5738,238670,9,362484
17310,0.038466,172.31.36.0-255,66,238736,9,362484
17311,0.04057,74.125.24.0-255,5738,244474,9,362484
17312,0.040578,172.31.36.0-255,66,244540,9,362484
17313,0.042695,74.125.24.0-255,5738,250278,9,362484
17314,0.042712,172.31.36.0-255,66,250344,9,362484
17315,0.044858,74.125.24.0-255,5738,256082,9,362484
17316,0.044868,172.31.36.0-255,66,256148,9,362484
17317,0.046976,74.125.24.0-255,5738,261886,9,362484
17318,0.046983,172.31.36.0-255,66,261952,9,362484
17319,0.049127,74.125.24.0-255,5738,267690,9,362484
17320,0.049134,172.31.36.0-255,66,267756,9,362484
17321,0.051268,74.125.24.0-255,4320,272076,9,362484
17322,0.051276,172.31.36.0-255,66,272142,9,362484
17323,0.051304,74.125.24.0-255,1484,273626,9,362484
17324,0.053405,74.125.24.0-255,4320,277946,9,362484
17325,0.053414,172.31.36.0-255,66,278012,9,362484
17326,0.05471,172.31.36.0-255,172,278184,9,362484
17327,0.054756,172.31.36.0-255,1118,279302,9,362484
17328,0.054843,172.31.36.0-255,1514,280816,9,362484
17329,0.054845,172.31.36.0-255,779,281595,9,362484
17330,0.05558,74.125.24.0-255,5738,287333,9,362484
17331,0.055589,172.31.36.0-255,66,287399,9,362484
17332,0.05626,104.244.42.0-255,66,287465,9,362484
17333,0.056277,104.244.42.0-255,66,287531,9,362484
17334,0.056356,104.244.42.0-255,66,287597,9,362484
17335,0.05772,74.125.24.0-255,5738,293335,9,362484
17336,0.057727,172.31.36.0-255,66,293401,9,362484
17337,0.059959,74.125.24.0-255,5738,299139,9,362484
17338,0.059965,172.31.36.0-255,66,299205,9,362484
17339,0.062122,74.125.24.0-255,5738,304943,9,362484
17340,0.062128,172.31.36.0-255,66,305009,9,362484
17341,0.064287,74.125.24.0-255,5738,310747,9,362484
17342,0.064294,172.31.36.0-255,66,310813,9,362484
17343,0.066459,74.125.24.0-255,5738,316551,9,362484
17344,0.066467,172.31.36.0-255,66,316617,9,362484
17345,0.068594,74.125.24.0-255,5738,322355,9,362484
17346,0.068599,172.31.36.0-255,66,322421,9,362484
17347,0.070734,74.125.24.0-255,4320,326741,9,362484
17348,0.070739,172.31.36.0-255,66,326807,9,362484
17349,0.070771,74.125.24.0-255,1484,328291,9,362484
17350,0.072882,74.125.24.0-255,4320,332611,9,362484
17351,0.072888,172.31.36.0-255,66,332677,9,362484
17352,0.075039,74.125.24.0-255,5738,338415,9,362484
17353,0.075044,172.31.36.0-255,66,338481,9,362484
17354,0.077133,74.125.24.0-255,5738,344219,9,362484
17355,0.07714,172.31.36.0-255,66,344285,9,362484
17356,0.079304,74.125.24.0-255,4320,348605,9,362484
17357,0.079309,172.31.36.0-255,66,348671,9,362484
17358,0.079347,74.125.24.0-255,1484,350155,9,362484
17359,0.081471,74.125.24.0-255,4320,354475,9,362484
17360,0.081477,172.31.36.0-255,66,354541,9,362484
17361,0.08363,74.125.24.0-255,5738,360279,9,362484
17362,0.083636,172.31.36.0-255,66,360345,9,362484
17363,0.085744,74.125.24.0-255,1902,362247,9,362484
17364,0.085751,172.31.36.0-255,66,362313,9,362484
17365,0.08598,172.31.36.0-255,105,362418,9,362484
17366,0.088092,74.125.24.0-255,66,362484,9,362484
17367,0.0,172.217.194.0-255,147,147,9,217980
17368,1.7e-05,172.31.36.0-255,66,213,9,217980
17369,2.4e-05,172.217.194.0-255,1484,1697,9,217980
17370,2.9e-05,172.31.36.0-255,66,1763,9,217980
17371,3.5e-05,172.217.194.0-255,2902,4665,9,217980
17372,3.7e-05,172.31.36.0-255,66,4731,9,217980
17373,4.6e-05,172.217.194.0-255,7156,11887,9,217980
17374,5e-05,172.31.36.0-255,66,11953,9,217980
17375,5.4e-05,172.217.194.0-255,1999,13952,9,217980
17376,5.6e-05,172.31.36.0-255,66,14018,9,217980
17377,6e-05,172.217.194.0-255,1484,15502,9,217980
17378,6.3e-05,172.31.36.0-255,66,15568,9,217980
17379,6.8e-05,172.217.194.0-255,2902,18470,9,217980
17380,7.1e-05,172.31.36.0-255,66,18536,9,217980
17381,0.000102,172.217.194.0-255,5738,24274,9,217980
17382,0.000105,172.31.36.0-255,66,24340,9,217980
17383,0.000141,172.217.194.0-255,6797,31137,9,217980
17384,0.000144,172.31.36.0-255,66,31203,9,217980
17385,0.000205,172.217.194.0-255,1484,32687,9,217980
17386,0.000208,172.31.36.0-255,66,32753,9,217980
17387,0.000214,172.217.194.0-255,2902,35655,9,217980
17388,0.000216,172.31.36.0-255,66,35721,9,217980
17389,0.000234,172.217.194.0-255,5738,41459,9,217980
17390,0.000237,172.31.36.0-255,66,41525,9,217980
17391,0.000243,172.217.194.0-255,5738,47263,9,217980
17392,0.000245,172.31.36.0-255,66,47329,9,217980
17393,0.000282,172.217.194.0-255,1484,48813,9,217980
17394,0.000285,172.31.36.0-255,66,48879,9,217980
17395,0.000311,172.31.36.0-255,66,48945,9,217980
17396,0.000317,172.217.194.0-255,4220,53165,9,217980
17397,0.000319,172.31.36.0-255,66,53231,9,217980
17398,0.000388,172.217.194.0-255,115,53346,9,217980
17399,0.000439,172.217.194.0-255,381,53727,9,217980
17400,0.000649,172.217.194.0-255,1484,55211,9,217980
17401,0.000654,172.31.36.0-255,66,55277,9,217980
17402,0.00066,172.217.194.0-255,2902,58179,9,217980
17403,0.000663,172.31.36.0-255,66,58245,9,217980
17404,0.000694,172.217.194.0-255,5738,63983,9,217980
17405,0.000697,172.31.36.0-255,66,64049,9,217980
17406,0.000701,172.217.194.0-255,2902,66951,9,217980
17407,0.000704,172.31.36.0-255,66,67017,9,217980
17408,0.000726,172.217.194.0-255,7156,74173,9,217980
17409,0.000728,172.31.36.0-255,66,74239,9,217980
17410,0.000748,172.217.194.0-255,4320,78559,9,217980
17411,0.00075,172.31.36.0-255,66,78625,9,217980
17412,0.000769,172.217.194.0-255,7156,85781,9,217980
17413,0.000772,172.31.36.0-255,66,85847,9,217980
17414,0.000776,172.217.194.0-255,2184,88031,9,217980
17415,0.000778,172.31.36.0-255,66,88097,9,217980
17416,0.001035,172.217.194.0-255,1484,89581,9,217980
17417,0.00104,172.217.194.0-255,1484,91065,9,217980
17418,0.001044,172.31.36.0-255,66,91131,9,217980
17419,0.001067,172.217.194.0-255,1484,92615,9,217980
17420,0.001074,172.217.194.0-255,5738,98353,9,217980
17421,0.001077,172.31.36.0-255,66,98419,9,217980
17422,0.001083,172.217.194.0-255,5738,104157,9,217980
17423,0.001085,172.31.36.0-255,66,104223,9,217980
17424,0.001092,172.217.194.0-255,7156,111379,9,217980
17425,0.001094,172.31.36.0-255,66,111445,9,217980
17426,0.001126,172.31.36.0-255,66,111511,9,217980
17427,0.001164,172.31.36.0-255,66,111577,9,217980
17428,0.001189,172.217.194.0-255,2902,114479,9,217980
17429,0.001191,172.31.36.0-255,66,114545,9,217980
17430,0.001202,172.31.36.0-255,66,114611,9,217980
17431,0.001242,172.31.36.0-255,66,114677,9,217980
17432,0.0019,172.217.194.0-255,1484,116161,9,217980
17433,0.001908,172.217.194.0-255,2902,119063,9,217980
17434,0.001912,172.31.36.0-255,66,119129,9,217980
17435,0.001919,172.217.194.0-255,5738,124867,9,217980
17436,0.001921,172.31.36.0-255,66,124933,9,217980
17437,0.001982,172.31.36.0-255,66,124999,9,217980
17438,0.001987,172.217.194.0-255,2902,127901,9,217980
17439,0.001989,172.31.36.0-255,66,127967,9,217980
17440,0.002009,172.31.36.0-255,66,128033,9,217980
17441,0.002026,172.217.194.0-255,5738,133771,9,217980
17442,0.002029,172.31.36.0-255,66,133837,9,217980
17443,0.002047,172.217.194.0-255,5738,139575,9,217980
17444,0.002049,172.31.36.0-255,66,139641,9,217980
17445,0.00206,172.31.36.0-255,66,139707,9,217980
17446,0.0021,172.31.36.0-255,66,139773,9,217980
17447,0.00212,172.217.194.0-255,5020,144793,9,217980
17448,0.002122,172.31.36.0-255,66,144859,9,217980
17449,0.002205,172.217.194.0-255,1484,146343,9,217980
17450,0.002225,172.217.194.0-255,2902,149245,9,217980
17451,0.002229,172.31.36.0-255,66,149311,9,217980
17452,0.002236,172.217.194.0-255,5738,155049,9,217980
17453,0.002238,172.31.36.0-255,66,155115,9,217980
17454,0.002264,172.217.194.0-255,4320,159435,9,217980
17455,0.002267,172.31.36.0-255,66,159501,9,217980
17456,0.002317,172.31.36.0-255,66,159567,9,217980
17457,0.002323,172.217.194.0-255,5738,165305,9,217980
17458,0.002325,172.31.36.0-255,66,165371,9,217980
17459,0.002329,172.217.194.0-255,2184,167555,9,217980
17460,0.002332,172.31.36.0-255,66,167621,9,217980
17461,0.002419,172.217.194.0-255,1484,169105,9,217980
17462,0.002424,172.217.194.0-255,1484,170589,9,217980
17463,0.002428,172.31.36.0-255,66,170655,9,217980
17464,0.002447,172.217.194.0-255,1484,172139,9,217980
17465,0.002453,172.217.194.0-255,4320,176459,9,217980
17466,0.002456,172.31.36.0-255,66,176525,9,217980
17467,0.002485,172.31.36.0-255,66,176591,9,217980
17468,0.002522,172.31.36.0-255,66,176657,9,217980
17469,0.002542,172.217.194.0-255,5738,182395,9,217980
17470,0.002578,172.217.194.0-255,4320,186715,9,217980
17471,0.002582,172.217.194.0-255,2184,188899,9,217980
17472,0.002588,172.217.194.0-255,5738,194637,9,217980
17473,0.002591,172.217.194.0-255,1484,196121,9,217980
17474,0.002609,172.217.194.0-255,766,196887,9,217980
17475,0.002612,172.31.36.0-255,78,196965,9,217980
17476,0.002618,172.217.194.0-255,2902,199867,9,217980
17477,0.002621,172.31.36.0-255,78,199945,9,217980
17478,0.002713,172.217.194.0-255,7156,207101,9,217980
17479,0.002729,172.217.194.0-255,4320,211421,9,217980
17480,0.002748,172.217.194.0-255,535,211956,9,217980
17481,0.002759,172.217.194.0-255,105,212061,9,217980
17482,0.006539,172.31.36.0-255,66,212127,9,217980
17483,0.008615,172.31.36.0-255,105,212232,9,217980
17484,0.010878,172.217.194.0-255,66,212298,9,217980
17485,0.043811,172.31.36.0-255,188,212486,9,217980
17486,0.043845,172.31.36.0-255,960,213446,9,217980
17487,0.044018,172.31.36.0-255,1514,214960,9,217980
17488,0.04402,172.31.36.0-255,1514,216474,9,217980
17489,0.04405,172.31.36.0-255,1242,217716,9,217980
17490,0.045367,104.244.42.0-255,66,217782,9,217980
17491,0.0454,104.244.42.0-255,66,217848,9,217980
17492,0.045598,104.244.42.0-255,66,217914,9,217980
17493,0.045604,104.244.42.0-255,66,217980,9,217980
17494,0.0,74.125.24.0-255,152,152,9,319709
17495,2.9e-05,172.31.36.0-255,66,218,9,319709
17496,3.5e-05,74.125.24.0-255,1484,1702,9,319709
17497,4e-05,172.31.36.0-255,66,1768,9,319709
17498,4.5e-05,74.125.24.0-255,2902,4670,9,319709
17499,5.7e-05,172.31.36.0-255,66,4736,9,319709
17500,6e-05,74.125.24.0-255,1484,6220,9,319709
17501,6.2e-05,172.31.36.0-255,66,6286,9,319709
17502,0.000109,172.31.36.0-255,66,6352,9,319709
17503,0.000121,172.31.36.0-255,66,6418,9,319709
17504,0.000149,74.125.24.0-255,5379,11797,9,319709
17505,0.000154,172.31.36.0-255,66,11863,9,319709
17506,0.000236,74.125.24.0-255,1484,13347,9,319709
17507,0.000239,172.31.36.0-255,66,13413,9,319709
17508,0.000245,74.125.24.0-255,2902,16315,9,319709
17509,0.000247,172.31.36.0-255,66,16381,9,319709
17510,0.000252,74.125.24.0-255,4320,20701,9,319709
17511,0.000261,172.31.36.0-255,66,20767,9,319709
17512,0.000271,74.125.24.0-255,1484,22251,9,319709
17513,0.000273,172.31.36.0-255,66,22317,9,319709
17514,0.000296,74.125.24.0-255,5738,28055,9,319709
17515,0.000302,172.31.36.0-255,66,28121,9,319709
17516,0.000331,172.31.36.0-255,66,28187,9,319709
17517,0.000343,172.31.36.0-255,66,28253,9,319709
17518,0.000345,74.125.24.0-255,677,28930,9,319709
17519,0.000348,172.31.36.0-255,66,28996,9,319709
17520,0.000766,74.125.24.0-255,1484,30480,9,319709
17521,0.000771,172.31.36.0-255,66,30546,9,319709
17522,0.000776,74.125.24.0-255,2902,33448,9,319709
17523,0.000778,172.31.36.0-255,66,33514,9,319709
17524,0.000784,74.125.24.0-255,4320,37834,9,319709
17525,0.000786,172.31.36.0-255,66,37900,9,319709
17526,0.000823,74.125.24.0-255,1484,39384,9,319709
17527,0.000832,74.125.24.0-255,7156,46540,9,319709
17528,0.000835,172.31.36.0-255,66,46606,9,319709
17529,0.00085,172.31.36.0-255,66,46672,9,319709
17530,0.000855,74.125.24.0-255,2184,48856,9,319709
17531,0.000857,172.31.36.0-255,66,48922,9,319709
17532,0.001512,74.125.24.0-255,1484,50406,9,319709
17533,0.001523,74.125.24.0-255,2902,53308,9,319709
17534,0.001528,172.31.36.0-255,66,53374,9,319709
17535,0.001533,74.125.24.0-255,1484,54858,9,319709
17536,0.001551,74.125.24.0-255,4320,59178,9,319709
17537,0.001554,172.31.36.0-255,66,59244,9,319709
17538,0.001562,74.125.24.0-255,7156,66400,9,319709
17539,0.001564,172.31.36.0-255,66,66466,9,319709
17540,0.001584,74.125.24.0-255,2902,69368,9,319709
17541,0.001587,172.31.36.0-255,66,69434,9,319709
17542,0.001606,172.31.36.0-255,66,69500,9,319709
17543,0.001611,74.125.24.0-255,2184,71684,9,319709
17544,0.00165,172.31.36.0-255,66,71750,9,319709
17545,0.001678,74.125.24.0-255,2902,74652,9,319709
17546,0.001682,172.31.36.0-255,66,74718,9,319709
17547,0.001687,74.125.24.0-255,2902,77620,9,319709
17548,0.001689,172.31.36.0-255,66,77686,9,319709
17549,0.001696,74.125.24.0-255,7156,84842,9,319709
17550,0.001698,172.31.36.0-255,66,84908,9,319709
17551,0.001746,172.31.36.0-255,66,84974,9,319709
17552,0.001781,172.31.36.0-255,66,85040,9,319709
17553,0.001819,74.125.24.0-255,5738,90778,9,319709
17554,0.001822,172.31.36.0-255,66,90844,9,319709
17555,0.001845,74.125.24.0-255,1484,92328,9,319709
17556,0.001856,172.31.36.0-255,66,92394,9,319709
17557,0.001885,74.125.24.0-255,5738,98132,9,319709
17558,0.001888,172.31.36.0-255,66,98198,9,319709
17559,0.001894,74.125.24.0-255,7156,105354,9,319709
17560,0.001897,172.31.36.0-255,66,105420,9,319709
17561,0.001919,74.125.24.0-255,5020,110440,9,319709
17562,0.001921,172.31.36.0-255,66,110506,9,319709
17563,0.001957,74.125.24.0-255,1484,111990,9,319709
17564,0.00197,74.125.24.0-255,2902,114892,9,319709
17565,0.001973,172.31.36.0-255,66,114958,9,319709
17566,0.001979,74.125.24.0-255,5738,120696,9,319709
17567,0.001981,172.31.36.0-255,66,120762,9,319709
17568,0.002006,74.125.24.0-255,5738,126500,9,319709
17569,0.002009,172.31.36.0-255,66,126566,9,319709
17570,0.002039,74.125.24.0-255,7156,133722,9,319709
17571,0.002041,172.31.36.0-255,66,133788,9,319709
17572,0.002051,172.31.36.0-255,66,133854,9,319709
17573,0.002072,74.125.24.0-255,2184,136038,9,319709
17574,0.002074,172.31.36.0-255,66,136104,9,319709
17575,0.002112,74.125.24.0-255,2902,139006,9,319709
17576,0.002114,172.31.36.0-255,66,139072,9,319709
17577,0.002117,74.125.24.0-255,1484,140556,9,319709
17578,0.002147,74.125.24.0-255,2902,143458,9,319709
17579,0.002149,172.31.36.0-255,66,143524,9,319709
17580,0.002155,74.125.24.0-255,5738,149262,9,319709
17581,0.002157,172.31.36.0-255,66,149328,9,319709
17582,0.002161,74.125.24.0-255,2902,152230,9,319709
17583,0.002167,172.31.36.0-255,66,152296,9,319709
17584,0.002211,172.31.36.0-255,66,152362,9,319709
17585,0.002214,74.125.24.0-255,1484,153846,9,319709
17586,0.00224,74.125.24.0-255,6438,160284,9,319709
17587,0.002243,172.31.36.0-255,66,160350,9,319709
17588,0.004575,74.125.24.0-255,4320,164670,9,319709
17589,0.004579,172.31.36.0-255,66,164736,9,319709
17590,0.00459,74.125.24.0-255,1484,166220,9,319709
17591,0.006919,74.125.24.0-255,4320,170540,9,319709
17592,0.006925,172.31.36.0-255,66,170606,9,319709
17593,0.009245,74.125.24.0-255,5738,176344,9,319709
17594,0.009252,172.31.36.0-255,66,176410,9,319709
17595,0.011578,74.125.24.0-255,5738,182148,9,319709
17596,0.01159,172.31.36.0-255,66,182214,9,319709
17597,0.013934,74.125.24.0-255,5738,187952,9,319709
17598,0.01395,172.31.36.0-255,66,188018,9,319709
17599,0.016287,74.125.24.0-255,5738,193756,9,319709
17600,0.016296,172.31.36.0-255,66,193822,9,319709
17601,0.018649,74.125.24.0-255,5738,199560,9,319709
17602,0.01866,172.31.36.0-255,66,199626,9,319709
17603,0.020977,74.125.24.0-255,5738,205364,9,319709
17604,0.020987,172.31.36.0-255,66,205430,9,319709
17605,0.023353,74.125.24.0-255,5738,211168,9,319709
17606,0.02336,172.31.36.0-255,66,211234,9,319709
17607,0.025677,74.125.24.0-255,5738,216972,9,319709
17608,0.025684,172.31.36.0-255,66,217038,9,319709
17609,0.027976,74.125.24.0-255,5738,222776,9,319709
17610,0.027984,172.31.36.0-255,66,222842,9,319709
17611,0.030312,74.125.24.0-255,5738,228580,9,319709
17612,0.030319,172.31.36.0-255,66,228646,9,319709
17613,0.030835,172.31.36.0-255,172,228818,9,319709
17614,0.030862,172.31.36.0-255,1116,229934,9,319709
17615,0.030917,172.31.36.0-255,1514,231448,9,319709
17616,0.030937,172.31.36.0-255,1514,232962,9,319709
17617,0.030938,172.31.36.0-255,1514,234476,9,319709
17618,0.030957,172.31.36.0-255,1514,235990,9,319709
17619,0.03096,172.31.36.0-255,1485,237475,9,319709
17620,0.032352,104.244.42.0-255,66,237541,9,319709
17621,0.03244,104.244.42.0-255,66,237607,9,319709
17622,0.032491,104.244.42.0-255,66,237673,9,319709
17623,0.032533,104.244.42.0-255,66,237739,9,319709
17624,0.032622,74.125.24.0-255,4320,242059,9,319709
17625,0.032627,172.31.36.0-255,66,242125,9,319709
17626,0.032658,74.125.24.0-255,1484,243609,9,319709
17627,0.034461,104.244.42.0-255,108,243717,9,319709
17628,0.034482,172.31.36.0-255,66,243783,9,319709
17629,0.034927,74.125.24.0-255,4320,248103,9,319709
17630,0.034931,172.31.36.0-255,66,248169,9,319709
17631,0.037231,74.125.24.0-255,5738,253907,9,319709
17632,0.037237,172.31.36.0-255,66,253973,9,319709
17633,0.039556,74.125.24.0-255,5738,259711,9,319709
17634,0.039561,172.31.36.0-255,66,259777,9,319709
17635,0.041846,74.125.24.0-255,5738,265515,9,319709
17636,0.041851,172.31.36.0-255,66,265581,9,319709
17637,0.044158,74.125.24.0-255,5738,271319,9,319709
17638,0.044165,172.31.36.0-255,66,271385,9,319709
17639,0.046487,74.125.24.0-255,5738,277123,9,319709
17640,0.046495,172.31.36.0-255,66,277189,9,319709
17641,0.048802,74.125.24.0-255,5738,282927,9,319709
17642,0.048808,172.31.36.0-255,66,282993,9,319709
17643,0.051102,74.125.24.0-255,5738,288731,9,319709
17644,0.051107,172.31.36.0-255,66,288797,9,319709
17645,0.053426,74.125.24.0-255,5738,294535,9,319709
17646,0.053432,172.31.36.0-255,66,294601,9,319709
17647,0.055743,74.125.24.0-255,2902,297503,9,319709
17648,0.055748,172.31.36.0-255,66,297569,9,319709
17649,0.055782,74.125.24.0-255,2902,300471,9,319709
17650,0.055785,172.31.36.0-255,66,300537,9,319709
17651,0.058087,74.125.24.0-255,4320,304857,9,319709
17652,0.058092,172.31.36.0-255,66,304923,9,319709
17653,0.058126,74.125.24.0-255,1484,306407,9,319709
17654,0.060414,74.125.24.0-255,4320,310727,9,319709
17655,0.06042,172.31.36.0-255,66,310793,9,319709
17656,0.062721,74.125.24.0-255,2902,313695,9,319709
17657,0.062727,172.31.36.0-255,66,313761,9,319709
17658,0.062762,74.125.24.0-255,2902,316663,9,319709
17659,0.062766,172.31.36.0-255,66,316729,9,319709
17660,0.065027,74.125.24.0-255,2743,319472,9,319709
17661,0.065032,172.31.36.0-255,66,319538,9,319709
17662,0.065214,172.31.36.0-255,105,319643,9,319709
17663,0.067486,74.125.24.0-255,66,319709,9,319709
17664,0.0,172.217.194.0-255,143,143,9,343617
17665,3e-05,172.31.36.0-255,66,209,9,343617
17666,3.7e-05,172.217.194.0-255,1484,1693,9,343617
17667,4e-05,172.31.36.0-255,66,1759,9,343617
17668,4.4e-05,172.217.194.0-255,2902,4661,9,343617
17669,4.7e-05,172.31.36.0-255,66,4727,9,343617
17670,5e-05,172.217.194.0-255,2902,7629,9,343617
17671,5.2e-05,172.31.36.0-255,66,7695,9,343617
17672,8.6e-05,172.217.194.0-255,4320,12015,9,343617
17673,9e-05,172.31.36.0-255,66,12081,9,343617
17674,0.000108,172.217.194.0-255,2020,14101,9,343617
17675,0.00011,172.31.36.0-255,66,14167,9,343617
17676,0.000954,172.217.194.0-255,1484,15651,9,343617
17677,0.000961,172.31.36.0-255,66,15717,9,343617
17678,0.000968,172.217.194.0-255,2902,18619,9,343617
17679,0.00097,172.31.36.0-255,66,18685,9,343617
17680,0.000974,172.217.194.0-255,4320,23005,9,343617
17681,0.000976,172.31.36.0-255,66,23071,9,343617
17682,0.00104,172.31.36.0-255,66,23137,9,343617
17683,0.001069,172.31.36.0-255,66,23203,9,343617
17684,0.001077,172.31.36.0-255,66,23269,9,343617
17685,0.001279,172.217.194.0-255,1484,24753,9,343617
17686,0.001283,172.31.36.0-255,66,24819,9,343617
17687,0.001287,172.217.194.0-255,2902,27721,9,343617
17688,0.001289,172.31.36.0-255,66,27787,9,343617
17689,0.001325,172.217.194.0-255,5738,33525,9,343617
17690,0.001327,172.31.36.0-255,66,33591,9,343617
17691,0.00133,172.217.194.0-255,1484,35075,9,343617
17692,0.001331,172.31.36.0-255,66,35141,9,343617
17693,0.001348,172.217.194.0-255,4320,39461,9,343617
17694,0.00135,172.31.36.0-255,66,39527,9,343617
17695,0.001378,172.217.194.0-255,1417,40944,9,343617
17696,0.001448,172.217.194.0-255,365,41309,9,343617
17697,0.00145,172.31.36.0-255,66,41375,9,343617
17698,0.001489,172.217.194.0-255,1484,42859,9,343617
17699,0.001506,172.217.194.0-255,4320,47179,9,343617
17700,0.001508,172.31.36.0-255,66,47245,9,343617
17701,0.001529,172.217.194.0-255,2902,50147,9,343617
17702,0.001531,172.31.36.0-255,66,50213,9,343617
17703,0.001551,172.217.194.0-255,7156,57369,9,343617
17704,0.001554,172.31.36.0-255,66,57435,9,343617
17705,0.001556,172.217.194.0-255,1484,58919,9,343617
17706,0.00158,172.31.36.0-255,66,58985,9,343617
17707,0.001608,172.217.194.0-255,6438,65423,9,343617
17708,0.00161,172.31.36.0-255,66,65489,9,343617
17709,0.001959,172.217.194.0-255,1484,66973,9,343617
17710,0.001967,172.217.194.0-255,2902,69875,9,343617
17711,0.001969,172.31.36.0-255,66,69941,9,343617
17712,0.001988,172.217.194.0-255,1484,71425,9,343617
17713,0.002008,172.217.194.0-255,2902,74327,9,343617
17714,0.00201,172.31.36.0-255,66,74393,9,343617
17715,0.002015,172.217.194.0-255,4320,78713,9,343617
17716,0.002017,172.31.36.0-255,66,78779,9,343617
17717,0.002029,172.217.194.0-255,1484,80263,9,343617
17718,0.002065,172.31.36.0-255,66,80329,9,343617
17719,0.002085,172.217.194.0-255,2902,83231,9,343617
17720,0.002088,172.31.36.0-255,66,83297,9,343617
17721,0.002094,172.217.194.0-255,6438,89735,9,343617
17722,0.002096,172.31.36.0-255,66,89801,9,343617
17723,0.004388,172.217.194.0-255,5738,95539,9,343617
17724,0.004396,172.31.36.0-255,66,95605,9,343617
17725,0.006672,172.217.194.0-255,5738,101343,9,343617
17726,0.006688,172.31.36.0-255,66,101409,9,343617
17727,0.009029,172.217.194.0-255,5738,107147,9,343617
17728,0.009048,172.31.36.0-255,66,107213,9,343617
17729,0.011349,172.217.194.0-255,5738,112951,9,343617
17730,0.011359,172.31.36.0-255,66,113017,9,343617
17731,0.013611,172.217.194.0-255,5738,118755,9,343617
17732,0.013618,172.31.36.0-255,66,118821,9,343617
17733,0.015911,172.217.194.0-255,5738,124559,9,343617
17734,0.015919,172.31.36.0-255,66,124625,9,343617
17735,0.018205,172.217.194.0-255,5738,130363,9,343617
17736,0.018211,172.31.36.0-255,66,130429,9,343617
17737,0.020557,172.217.194.0-255,5738,136167,9,343617
17738,0.020565,172.31.36.0-255,66,136233,9,343617
17739,0.02289,172.217.194.0-255,5738,141971,9,343617
17740,0.022897,172.31.36.0-255,66,142037,9,343617
17741,0.025177,172.217.194.0-255,5738,147775,9,343617
17742,0.025188,172.31.36.0-255,66,147841,9,343617
17743,0.027398,172.31.36.0-255,167,148008,9,343617
17744,0.027442,172.31.36.0-255,1115,149123,9,343617
17745,0.027497,172.217.194.0-255,5738,154861,9,343617
17746,0.027503,172.31.36.0-255,66,154927,9,343617
17747,0.02764,172.31.36.0-255,1514,156441,9,343617
17748,0.027642,172.31.36.0-255,1514,157955,9,343617
17749,0.027648,172.31.36.0-255,1514,159469,9,343617
17750,0.027649,172.31.36.0-255,1514,160983,9,343617
17751,0.02767,172.31.36.0-255,1488,162471,9,343617
17752,0.028899,104.244.42.0-255,66,162537,9,343617
17753,0.028981,104.244.42.0-255,66,162603,9,343617
17754,0.029171,104.244.42.0-255,66,162669,9,343617
17755,0.029811,172.217.194.0-255,5738,168407,9,343617
17756,0.029815,172.31.36.0-255,66,168473,9,343617
17757,0.032142,172.217.194.0-255,5738,174211,9,343617
17758,0.032148,172.31.36.0-255,66,174277,9,343617
17759,0.03443,172.217.194.0-255,4320,178597,9,343617
17760,0.034435,172.31.36.0-255,66,178663,9,343617
17761,0.034462,172.217.194.0-255,1484,180147,9,343617
17762,0.03672,172.217.194.0-255,4320,184467,9,343617
17763,0.036725,172.31.36.0-255,66,184533,9,343617
17764,0.039012,172.217.194.0-255,5738,190271,9,343617
17765,0.039017,172.31.36.0-255,66,190337,9,343617
17766,0.041314,172.217.194.0-255,5738,196075,9,343617
17767,0.04132,172.31.36.0-255,66,196141,9,343617
17768,0.043605,172.217.194.0-255,5738,201879,9,343617
17769,0.043611,172.31.36.0-255,66,201945,9,343617
17770,0.045902,172.217.194.0-255,5738,207683,9,343617
17771,0.045908,172.31.36.0-255,66,207749,9,343617
17772,0.048192,172.217.194.0-255,5738,213487,9,343617
17773,0.048199,172.31.36.0-255,66,213553,9,343617
17774,0.050476,172.217.194.0-255,5738,219291,9,343617
17775,0.050481,172.31.36.0-255,66,219357,9,343617
17776,0.052768,172.217.194.0-255,5738,225095,9,343617
17777,0.052774,172.31.36.0-255,66,225161,9,343617
17778,0.055059,172.217.194.0-255,5738,230899,9,343617
17779,0.055066,172.31.36.0-255,66,230965,9,343617
17780,0.057357,172.217.194.0-255,5738,236703,9,343617
17781,0.057363,172.31.36.0-255,66,236769,9,343617
17782,0.059636,172.217.194.0-255,5738,242507,9,343617
17783,0.05964,172.31.36.0-255,66,242573,9,343617
17784,0.061918,172.217.194.0-255,2902,245475,9,343617
17785,0.061923,172.31.36.0-255,66,245541,9,343617
17786,0.061955,172.217.194.0-255,2902,248443,9,343617
17787,0.061958,172.31.36.0-255,66,248509,9,343617
17788,0.064214,172.217.194.0-255,2902,251411,9,343617
17789,0.064219,172.31.36.0-255,66,251477,9,343617
17790,0.064252,172.217.194.0-255,2902,254379,9,343617
17791,0.064255,172.31.36.0-255,66,254445,9,343617
17792,0.066476,172.217.194.0-255,2902,257347,9,343617
17793,0.066482,172.31.36.0-255,66,257413,9,343617
17794,0.066522,172.217.194.0-255,2902,260315,9,343617
17795,0.066526,172.31.36.0-255,66,260381,9,343617
17796,0.06875,172.217.194.0-255,2902,263283,9,343617
17797,0.068756,172.31.36.0-255,66,263349,9,343617
17798,0.068788,172.217.194.0-255,1484,264833,9,343617
17799,0.068809,172.217.194.0-255,1484,266317,9,343617
17800,0.068813,172.31.36.0-255,66,266383,9,343617
17801,0.07101,172.217.194.0-255,2902,269285,9,343617
17802,0.071017,172.31.36.0-255,66,269351,9,343617
17803,0.071092,172.217.194.0-255,2902,272253,9,343617
17804,0.071095,172.31.36.0-255,66,272319,9,343617
17805,0.073274,172.217.194.0-255,2902,275221,9,343617
17806,0.07328,172.31.36.0-255,66,275287,9,343617
17807,0.073367,172.217.194.0-255,2902,278189,9,343617
17808,0.073372,172.31.36.0-255,66,278255,9,343617
17809,0.075562,172.217.194.0-255,2902,281157,9,343617
17810,0.075567,172.31.36.0-255,66,281223,9,343617
17811,0.075625,172.217.194.0-255,2902,284125,9,343617
17812,0.075629,172.31.36.0-255,66,284191,9,343617
17813,0.077829,172.217.194.0-255,1484,285675,9,343617
17814,0.077861,172.217.194.0-255,1484,287159,9,343617
17815,0.077866,172.31.36.0-255,66,287225,9,343617
17816,0.077897,172.217.194.0-255,2902,290127,9,343617
17817,0.0779,172.31.36.0-255,66,290193,9,343617
17818,0.080164,172.217.194.0-255,2902,293095,9,343617
17819,0.080169,172.31.36.0-255,66,293161,9,343617
17820,0.080202,172.217.194.0-255,2902,296063,9,343617
17821,0.080205,172.31.36.0-255,66,296129,9,343617
17822,0.082425,172.217.194.0-255,2902,299031,9,343617
17823,0.08243,172.31.36.0-255,66,299097,9,343617
17824,0.082495,172.217.194.0-255,2902,301999,9,343617
17825,0.0825,172.31.36.0-255,66,302065,9,343617
17826,0.084688,172.217.194.0-255,2902,304967,9,343617
17827,0.084693,172.31.36.0-255,66,305033,9,343617
17828,0.084794,172.217.194.0-255,2902,307935,9,343617
17829,0.084799,172.31.36.0-255,66,308001,9,343617
17830,0.086984,172.217.194.0-255,2902,310903,9,343617
17831,0.08699,172.31.36.0-255,66,310969,9,343617
17832,0.087055,172.217.194.0-255,2902,313871,9,343617
17833,0.087059,172.31.36.0-255,66,313937,9,343617
17834,0.089267,172.217.194.0-255,2902,316839,9,343617
17835,0.089271,172.31.36.0-255,66,316905,9,343617
17836,0.089358,172.217.194.0-255,2902,319807,9,343617
17837,0.089362,172.31.36.0-255,66,319873,9,343617
17838,0.091537,172.217.194.0-255,2902,322775,9,343617
17839,0.091542,172.31.36.0-255,66,322841,9,343617
17840,0.091633,172.217.194.0-255,2902,325743,9,343617
17841,0.091637,172.31.36.0-255,66,325809,9,343617
17842,0.093824,172.217.194.0-255,2902,328711,9,343617
17843,0.093829,172.31.36.0-255,66,328777,9,343617
17844,0.093911,172.217.194.0-255,2902,331679,9,343617
17845,0.093913,172.31.36.0-255,66,331745,9,343617
17846,0.096114,172.217.194.0-255,2902,334647,9,343617
17847,0.096119,172.31.36.0-255,66,334713,9,343617
17848,0.096189,172.217.194.0-255,2902,337615,9,343617
17849,0.096193,172.31.36.0-255,66,337681,9,343617
17850,0.098404,172.217.194.0-255,2902,340583,9,343617
17851,0.098408,172.31.36.0-255,66,340649,9,343617
17852,0.098458,172.217.194.0-255,2902,343551,9,343617
17853,0.098462,172.31.36.0-255,66,343617,9,343617
17854,0.0,74.125.200.0-255,153,153,9,407044
17855,2.2e-05,172.31.36.0-255,66,219,9,407044
17856,3e-05,74.125.200.0-255,1484,1703,9,407044
17857,3.4e-05,172.31.36.0-255,66,1769,9,407044
17858,3.9e-05,74.125.200.0-255,2902,4671,9,407044
17859,4.3e-05,172.31.36.0-255,66,4737,9,407044
17860,4.8e-05,74.125.200.0-255,4320,9057,9,407044
17861,5.3e-05,172.31.36.0-255,66,9123,9,407044
17862,8.8e-05,74.125.200.0-255,4783,13906,9,407044
17863,9.1e-05,172.31.36.0-255,66,13972,9,407044
17864,0.000173,74.125.200.0-255,1484,15456,9,407044
17865,0.000176,172.31.36.0-255,66,15522,9,407044
17866,0.00018,74.125.200.0-255,1484,17006,9,407044
17867,0.000182,172.31.36.0-255,66,17072,9,407044
17868,0.000186,74.125.200.0-255,1484,18556,9,407044
17869,0.000188,172.31.36.0-255,66,18622,9,407044
17870,0.000204,74.125.200.0-255,1484,20106,9,407044
17871,0.000206,172.31.36.0-255,66,20172,9,407044
17872,0.000223,74.125.200.0-255,5738,25910,9,407044
17873,0.000226,172.31.36.0-255,66,25976,9,407044
17874,0.000252,74.125.200.0-255,5379,31355,9,407044
17875,0.000255,172.31.36.0-255,66,31421,9,407044
17876,0.000348,74.125.200.0-255,1484,32905,9,407044
17877,0.000353,172.31.36.0-255,66,32971,9,407044
17878,0.000358,74.125.200.0-255,2902,35873,9,407044
17879,0.00036,172.31.36.0-255,66,35939,9,407044
17880,0.000387,74.125.200.0-255,5738,41677,9,407044
17881,0.00039,172.31.36.0-255,66,41743,9,407044
17882,0.000404,74.125.200.0-255,1484,43227,9,407044
17883,0.000407,172.31.36.0-255,66,43293,9,407044
17884,0.000425,74.125.200.0-255,1484,44777,9,407044
17885,0.000428,172.31.36.0-255,66,44843,9,407044
17886,0.000444,74.125.200.0-255,1484,46327,9,407044
17887,0.00045,74.125.200.0-255,2543,48870,9,407044
17888,0.000452,172.31.36.0-255,66,48936,9,407044
17889,0.000468,74.125.200.0-255,2902,51838,9,407044
17890,0.000471,172.31.36.0-255,66,51904,9,407044
17891,0.000501,74.125.200.0-255,7156,59060,9,407044
17892,0.000504,172.31.36.0-255,66,59126,9,407044
17893,0.000508,74.125.200.0-255,2902,62028,9,407044
17894,0.00051,172.31.36.0-255,66,62094,9,407044
17895,0.000545,74.125.200.0-255,4293,66387,9,407044
17896,0.000548,172.31.36.0-255,66,66453,9,407044
17897,0.000722,74.125.200.0-255,112,66565,9,407044
17898,0.000881,74.125.200.0-255,1484,68049,9,407044
17899,0.000886,172.31.36.0-255,66,68115,9,407044
17900,0.00089,74.125.200.0-255,1484,69599,9,407044
17901,0.000905,74.125.200.0-255,2902,72501,9,407044
17902,0.000909,172.31.36.0-255,66,72567,9,407044
17903,0.000913,74.125.200.0-255,1484,74051,9,407044
17904,0.000929,74.125.200.0-255,4320,78371,9,407044
17905,0.000931,172.31.36.0-255,66,78437,9,407044
17906,0.000958,74.125.200.0-255,5379,83816,9,407044
17907,0.00096,172.31.36.0-255,66,83882,9,407044
17908,0.000999,74.125.200.0-255,4320,88202,9,407044
17909,0.001002,172.31.36.0-255,66,88268,9,407044
17910,0.00102,74.125.200.0-255,1484,89752,9,407044
17911,0.001027,74.125.200.0-255,7156,96908,9,407044
17912,0.00103,172.31.36.0-255,66,96974,9,407044
17913,0.001044,74.125.200.0-255,1484,98458,9,407044
17914,0.001059,74.125.200.0-255,2543,101001,9,407044
17915,0.001064,172.31.36.0-255,66,101067,9,407044
17916,0.001279,74.125.200.0-255,1484,102551,9,407044
17917,0.001293,74.125.200.0-255,2902,105453,9,407044
17918,0.001297,172.31.36.0-255,66,105519,9,407044
17919,0.0013,74.125.200.0-255,1484,107003,9,407044
17920,0.001315,74.125.200.0-255,2902,109905,9,407044
17921,0.001318,172.31.36.0-255,66,109971,9,407044
17922,0.001336,74.125.200.0-255,2902,112873,9,407044
17923,0.001339,172.31.36.0-255,66,112939,9,407044
17924,0.001357,74.125.200.0-255,2902,115841,9,407044
17925,0.00136,172.31.36.0-255,66,115907,9,407044
17926,0.001389,74.125.200.0-255,2902,118809,9,407044
17927,0.001392,172.31.36.0-255,66,118875,9,407044
17928,0.001408,74.125.200.0-255,5738,124613,9,407044
17929,0.001411,172.31.36.0-255,66,124679,9,407044
17930,0.001432,74.125.200.0-255,2902,127581,9,407044
17931,0.001436,172.31.36.0-255,66,127647,9,407044
17932,0.001465,74.125.200.0-255,5738,133385,9,407044
17933,0.001469,172.31.36.0-255,66,133451,9,407044
17934,0.001477,172.31.36.0-255,66,133517,9,407044
17935,0.001481,74.125.200.0-255,2902,136419,9,407044
17936,0.001484,172.31.36.0-255,66,136485,9,407044
17937,0.0015,74.125.200.0-255,4320,140805,9,407044
17938,0.001503,172.31.36.0-255,66,140871,9,407044
17939,0.001506,74.125.200.0-255,1484,142355,9,407044
17940,0.001525,74.125.200.0-255,1484,143839,9,407044
17941,0.001529,172.31.36.0-255,66,143905,9,407044
17942,0.001534,74.125.200.0-255,4320,148225,9,407044
17943,0.001537,172.31.36.0-255,66,148291,9,407044
17944,0.001544,74.125.200.0-255,7156,155447,9,407044
17945,0.001546,172.31.36.0-255,66,155513,9,407044
17946,0.001569,74.125.200.0-255,1484,156997,9,407044
17947,0.001575,74.125.200.0-255,5020,162017,9,407044
17948,0.001578,172.31.36.0-255,66,162083,9,407044
17949,0.001642,74.125.200.0-255,1484,163567,9,407044
17950,0.001658,74.125.200.0-255,1484,165051,9,407044
17951,0.001661,172.31.36.0-255,66,165117,9,407044
17952,0.001665,74.125.200.0-255,2902,168019,9,407044
17953,0.001667,172.31.36.0-255,66,168085,9,407044
17954,0.001705,74.125.200.0-255,2902,170987,9,407044
17955,0.001707,172.31.36.0-255,66,171053,9,407044
17956,0.00173,74.125.200.0-255,2902,173955,9,407044
17957,0.001732,172.31.36.0-255,66,174021,9,407044
17958,0.001738,74.125.200.0-255,5738,179759,9,407044
17959,0.00174,172.31.36.0-255,66,179825,9,407044
17960,0.001743,74.125.200.0-255,1484,181309,9,407044
17961,0.001771,74.125.200.0-255,5738,187047,9,407044
17962,0.001774,172.31.36.0-255,66,187113,9,407044
17963,0.001778,74.125.200.0-255,2902,190015,9,407044
17964,0.001781,172.31.36.0-255,66,190081,9,407044
17965,0.001808,74.125.200.0-255,1484,191565,9,407044
17966,0.001823,74.125.200.0-255,5020,196585,9,407044
17967,0.001826,172.31.36.0-255,66,196651,9,407044
17968,0.001904,74.125.200.0-255,1484,198135,9,407044
17969,0.001921,74.125.200.0-255,2902,201037,9,407044
17970,0.001924,172.31.36.0-255,66,201103,9,407044
17971,0.001945,74.125.200.0-255,4320,205423,9,407044
17972,0.001949,172.31.36.0-255,66,205489,9,407044
17973,0.001967,74.125.200.0-255,1484,206973,9,407044
17974,0.001979,172.31.36.0-255,66,207039,9,407044
17975,0.002027,172.31.36.0-255,66,207105,9,407044
17976,0.004005,74.125.200.0-255,5738,212843,9,407044
17977,0.004012,172.31.36.0-255,66,212909,9,407044
17978,0.005986,74.125.200.0-255,5738,218647,9,407044
17979,0.00599,172.31.36.0-255,66,218713,9,407044
17980,0.007963,74.125.200.0-255,5738,224451,9,407044
17981,0.007968,172.31.36.0-255,66,224517,9,407044
17982,0.009959,74.125.200.0-255,5738,230255,9,407044
17983,0.009966,172.31.36.0-255,66,230321,9,407044
17984,0.011956,74.125.200.0-255,5738,236059,9,407044
17985,0.011964,172.31.36.0-255,66,236125,9,407044
17986,0.013951,74.125.200.0-255,5738,241863,9,407044
17987,0.013959,172.31.36.0-255,66,241929,9,407044
17988,0.015968,74.125.200.0-255,5738,247667,9,407044
17989,0.015978,172.31.36.0-255,66,247733,9,407044
17990,0.017973,74.125.200.0-255,5738,253471,9,407044
17991,0.01798,172.31.36.0-255,66,253537,9,407044
17992,0.019983,74.125.200.0-255,5738,259275,9,407044
17993,0.01999,172.31.36.0-255,66,259341,9,407044
17994,0.02201,74.125.200.0-255,4320,263661,9,407044
17995,0.022018,172.31.36.0-255,66,263727,9,407044
17996,0.022035,74.125.200.0-255,1484,265211,9,407044
17997,0.024013,74.125.200.0-255,4320,269531,9,407044
17998,0.024019,172.31.36.0-255,66,269597,9,407044
17999,0.026007,74.125.200.0-255,5738,275335,9,407044
18000,0.026016,172.31.36.0-255,66,275401,9,407044
18001,0.028001,74.125.200.0-255,5738,281139,9,407044
18002,0.028014,172.31.36.0-255,66,281205,9,407044
18003,0.029999,74.125.200.0-255,4320,285525,9,407044
18004,0.030007,172.31.36.0-255,66,285591,9,407044
18005,0.030031,74.125.200.0-255,1484,287075,9,407044
18006,0.031407,172.31.36.0-255,172,287247,9,407044
18007,0.03144,172.31.36.0-255,1116,288363,9,407044
18008,0.031502,172.31.36.0-255,1514,289877,9,407044
18009,0.031503,172.31.36.0-255,1514,291391,9,407044
18010,0.031509,172.31.36.0-255,1514,292905,9,407044
18011,0.03151,172.31.36.0-255,359,293264,9,407044
18012,0.031996,74.125.200.0-255,4320,297584,9,407044
18013,0.032002,172.31.36.0-255,66,297650,9,407044
18014,0.032964,104.244.42.0-255,66,297716,9,407044
18015,0.032999,104.244.42.0-255,66,297782,9,407044
18016,0.033026,104.244.42.0-255,66,297848,9,407044
18017,0.033046,104.244.42.0-255,66,297914,9,407044
18018,0.033989,74.125.200.0-255,5738,303652,9,407044
18019,0.033993,172.31.36.0-255,66,303718,9,407044
18020,0.035977,74.125.200.0-255,5738,309456,9,407044
18021,0.035983,172.31.36.0-255,66,309522,9,407044
18022,0.03797,74.125.200.0-255,5738,315260,9,407044
18023,0.037977,172.31.36.0-255,66,315326,9,407044
18024,0.03996,74.125.200.0-255,5738,321064,9,407044
18025,0.039966,172.31.36.0-255,66,321130,9,407044
18026,0.041952,74.125.200.0-255,5738,326868,9,407044
18027,0.041959,172.31.36.0-255,66,326934,9,407044
18028,0.043939,74.125.200.0-255,5738,332672,9,407044
18029,0.043946,172.31.36.0-255,66,332738,9,407044
18030,0.045925,74.125.200.0-255,5738,338476,9,407044
18031,0.045932,172.31.36.0-255,66,338542,9,407044
18032,0.04793,74.125.200.0-255,5738,344280,9,407044
18033,0.04794,172.31.36.0-255,66,344346,9,407044
18034,0.049968,74.125.200.0-255,5738,350084,9,407044
18035,0.049974,172.31.36.0-255,66,350150,9,407044
18036,0.05196,74.125.200.0-255,5738,355888,9,407044
18037,0.051965,172.31.36.0-255,66,355954,9,407044
18038,0.053953,74.125.200.0-255,5738,361692,9,407044
18039,0.053959,172.31.36.0-255,66,361758,9,407044
18040,0.05595,74.125.200.0-255,5738,367496,9,407044
18041,0.055957,172.31.36.0-255,66,367562,9,407044
18042,0.057946,74.125.200.0-255,5738,373300,9,407044
18043,0.057954,172.31.36.0-255,66,373366,9,407044
18044,0.059928,74.125.200.0-255,1484,374850,9,407044
18045,0.059948,74.125.200.0-255,4320,379170,9,407044
18046,0.059954,172.31.36.0-255,66,379236,9,407044
18047,0.061935,74.125.200.0-255,4320,383556,9,407044
18048,0.061942,172.31.36.0-255,66,383622,9,407044
18049,0.061962,74.125.200.0-255,1484,385106,9,407044
18050,0.063923,74.125.200.0-255,4320,389426,9,407044
18051,0.06393,172.31.36.0-255,66,389492,9,407044
18052,0.065911,74.125.200.0-255,2902,392394,9,407044
18053,0.065918,172.31.36.0-255,66,392460,9,407044
18054,0.065939,74.125.200.0-255,2902,395362,9,407044
18055,0.065941,172.31.36.0-255,66,395428,9,407044
18056,0.067923,74.125.200.0-255,5738,401166,9,407044
18057,0.067931,172.31.36.0-255,66,401232,9,407044
18058,0.06991,74.125.200.0-255,5575,406807,9,407044
18059,0.069918,172.31.36.0-255,66,406873,9,407044
18060,0.070156,172.31.36.0-255,105,406978,9,407044
18061,0.072112,74.125.200.0-255,66,407044,9,407044
18062,0.0,74.125.130.0-255,149,149,9,389497
18063,2.2e-05,172.31.36.0-255,66,215,9,389497
18064,2.8e-05,74.125.130.0-255,1484,1699,9,389497
18065,3.2e-05,172.31.36.0-255,66,1765,9,389497
18066,3.7e-05,74.125.130.0-255,2902,4667,9,389497
18067,3.9e-05,172.31.36.0-255,66,4733,9,389497
18068,5.1e-05,74.125.130.0-255,5738,10471,9,389497
18069,5.4e-05,172.31.36.0-255,66,10537,9,389497
18070,0.000115,74.125.130.0-255,3428,13965,9,389497
18071,0.000119,172.31.36.0-255,66,14031,9,389497
18072,0.000188,74.125.130.0-255,1484,15515,9,389497
18073,0.000193,172.31.36.0-255,66,15581,9,389497
18074,0.000198,74.125.130.0-255,2902,18483,9,389497
18075,0.000202,172.31.36.0-255,66,18549,9,389497
18076,0.000207,74.125.130.0-255,4320,22869,9,389497
18077,0.000215,172.31.36.0-255,66,22935,9,389497
18078,0.000221,74.125.130.0-255,5738,28673,9,389497
18079,0.000224,172.31.36.0-255,66,28739,9,389497
18080,0.000278,74.125.130.0-255,2543,31282,9,389497
18081,0.000282,172.31.36.0-255,66,31348,9,389497
18082,0.00037,74.125.130.0-255,1484,32832,9,389497
18083,0.000374,172.31.36.0-255,66,32898,9,389497
18084,0.00038,74.125.130.0-255,2902,35800,9,389497
18085,0.000383,172.31.36.0-255,66,35866,9,389497
18086,0.000414,74.125.130.0-255,2902,38768,9,389497
18087,0.000418,172.31.36.0-255,66,38834,9,389497
18088,0.000449,74.125.130.0-255,4320,43154,9,389497
18089,0.000453,172.31.36.0-255,66,43220,9,389497
18090,0.000466,172.31.36.0-255,66,43286,9,389497
18091,0.000478,74.125.130.0-255,4320,47606,9,389497
18092,0.000481,172.31.36.0-255,66,47672,9,389497
18093,0.000537,172.31.36.0-255,66,47738,9,389497
18094,0.000541,74.125.130.0-255,367,48105,9,389497
18095,0.000618,74.125.130.0-255,1484,49589,9,389497
18096,0.000623,172.31.36.0-255,66,49655,9,389497
18097,0.000629,74.125.130.0-255,2902,52557,9,389497
18098,0.000631,172.31.36.0-255,66,52623,9,389497
18099,0.000661,74.125.130.0-255,2902,55525,9,389497
18100,0.000664,172.31.36.0-255,66,55591,9,389497
18101,0.000689,74.125.130.0-255,2902,58493,9,389497
18102,0.000692,172.31.36.0-255,66,58559,9,389497
18103,0.000697,74.125.130.0-255,2902,61461,9,389497
18104,0.000702,172.31.36.0-255,66,61527,9,389497
18105,0.000703,74.125.130.0-255,7156,68683,9,389497
18106,0.000705,172.31.36.0-255,66,68749,9,389497
18107,0.000737,74.125.130.0-255,2833,71582,9,389497
18108,0.000741,172.31.36.0-255,66,71648,9,389497
18109,0.000758,172.31.36.0-255,66,71714,9,389497
18110,0.000787,74.125.130.0-255,1992,73706,9,389497
18111,0.00079,172.31.36.0-255,66,73772,9,389497
18112,0.000794,74.125.130.0-255,2902,76674,9,389497
18113,0.000796,172.31.36.0-255,66,76740,9,389497
18114,0.000816,74.125.130.0-255,4320,81060,9,389497
18115,0.000824,172.31.36.0-255,66,81126,9,389497
18116,0.000836,74.125.130.0-255,1484,82610,9,389497
18117,0.000864,74.125.130.0-255,5738,88348,9,389497
18118,0.000867,172.31.36.0-255,66,88414,9,389497
18119,0.000895,74.125.130.0-255,1484,89898,9,389497
18120,0.000899,74.125.130.0-255,1125,91023,9,389497
18121,0.000902,172.31.36.0-255,66,91089,9,389497
18122,0.001194,74.125.130.0-255,1484,92573,9,389497
18123,0.00121,74.125.130.0-255,2902,95475,9,389497
18124,0.001214,172.31.36.0-255,66,95541,9,389497
18125,0.001226,74.125.130.0-255,2902,98443,9,389497
18126,0.001228,172.31.36.0-255,66,98509,9,389497
18127,0.001246,74.125.130.0-255,1484,99993,9,389497
18128,0.00128,74.125.130.0-255,5738,105731,9,389497
18129,0.001283,172.31.36.0-255,66,105797,9,389497
18130,0.001311,74.125.130.0-255,2902,108699,9,389497
18131,0.001314,172.31.36.0-255,66,108765,9,389497
18132,0.001316,74.125.130.0-255,1484,110249,9,389497
18133,0.00132,74.125.130.0-255,2902,113151,9,389497
18134,0.001322,172.31.36.0-255,66,113217,9,389497
18135,0.001331,74.125.130.0-255,5738,118955,9,389497
18136,0.001333,172.31.36.0-255,66,119021,9,389497
18137,0.001338,74.125.130.0-255,4320,123341,9,389497
18138,0.00134,172.31.36.0-255,66,123407,9,389497
18139,0.001371,74.125.130.0-255,2184,125591,9,389497
18140,0.001379,172.31.36.0-255,66,125657,9,389497
18141,0.001692,74.125.130.0-255,1484,127141,9,389497
18142,0.001701,74.125.130.0-255,2902,130043,9,389497
18143,0.001704,172.31.36.0-255,66,130109,9,389497
18144,0.001712,74.125.130.0-255,5738,135847,9,389497
18145,0.001714,172.31.36.0-255,66,135913,9,389497
18146,0.001717,74.125.130.0-255,1484,137397,9,389497
18147,0.001774,74.125.130.0-255,7156,144553,9,389497
18148,0.001777,172.31.36.0-255,66,144619,9,389497
18149,0.0018,74.125.130.0-255,1484,146103,9,389497
18150,0.001812,172.31.36.0-255,66,146169,9,389497
18151,0.001814,74.125.130.0-255,766,146935,9,389497
18152,0.001869,74.125.130.0-255,1484,148419,9,389497
18153,0.001873,172.31.36.0-255,66,148485,9,389497
18154,0.001878,74.125.130.0-255,2902,151387,9,389497
18155,0.001879,172.31.36.0-255,66,151453,9,389497
18156,0.001908,74.125.130.0-255,5738,157191,9,389497
18157,0.001911,172.31.36.0-255,66,157257,9,389497
18158,0.001949,172.31.36.0-255,66,157323,9,389497
18159,0.001956,74.125.130.0-255,5738,163061,9,389497
18160,0.001958,172.31.36.0-255,66,163127,9,389497
18161,0.001974,74.125.130.0-255,4320,167447,9,389497
18162,0.001976,172.31.36.0-255,66,167513,9,389497
18163,0.00198,74.125.130.0-255,5020,172533,9,389497
18164,0.001982,172.31.36.0-255,66,172599,9,389497
18165,0.004,74.125.130.0-255,5738,178337,9,389497
18166,0.004005,172.31.36.0-255,66,178403,9,389497
18167,0.006053,74.125.130.0-255,5738,184141,9,389497
18168,0.006058,172.31.36.0-255,66,184207,9,389497
18169,0.008098,74.125.130.0-255,5738,189945,9,389497
18170,0.008104,172.31.36.0-255,66,190011,9,389497
18171,0.010315,74.125.130.0-255,5738,195749,9,389497
18172,0.010373,172.31.36.0-255,66,195815,9,389497
18173,0.012401,74.125.130.0-255,4320,200135,9,389497
18174,0.012408,172.31.36.0-255,66,200201,9,389497
18175,0.012438,74.125.130.0-255,1484,201685,9,389497
18176,0.014444,74.125.130.0-255,4320,206005,9,389497
18177,0.014451,172.31.36.0-255,66,206071,9,389497
18178,0.016465,74.125.130.0-255,5738,211809,9,389497
18179,0.016473,172.31.36.0-255,66,211875,9,389497
18180,0.018497,74.125.130.0-255,5738,217613,9,389497
18181,0.018505,172.31.36.0-255,66,217679,9,389497
18182,0.020562,74.125.130.0-255,4320,221999,9,389497
18183,0.02057,172.31.36.0-255,66,222065,9,389497
18184,0.020602,74.125.130.0-255,1484,223549,9,389497
18185,0.022649,74.125.130.0-255,4320,227869,9,389497
18186,0.022656,172.31.36.0-255,66,227935,9,389497
18187,0.024687,74.125.130.0-255,5738,233673,9,389497
18188,0.024695,172.31.36.0-255,66,233739,9,389497
18189,0.026718,74.125.130.0-255,5738,239477,9,389497
18190,0.026725,172.31.36.0-255,66,239543,9,389497
18191,0.028751,74.125.130.0-255,5738,245281,9,389497
18192,0.028758,172.31.36.0-255,66,245347,9,389497
18193,0.030781,74.125.130.0-255,5738,251085,9,389497
18194,0.03079,172.31.36.0-255,66,251151,9,389497
18195,0.032831,74.125.130.0-255,4320,255471,9,389497
18196,0.03284,172.31.36.0-255,66,255537,9,389497
18197,0.032873,74.125.130.0-255,1484,257021,9,389497
18198,0.033209,172.31.36.0-255,188,257209,9,389497
18199,0.033256,172.31.36.0-255,960,258169,9,389497
18200,0.033343,172.31.36.0-255,1514,259683,9,389497
18201,0.033345,172.31.36.0-255,1514,261197,9,389497
18202,0.033351,172.31.36.0-255,1514,262711,9,389497
18203,0.033352,172.31.36.0-255,1514,264225,9,389497
18204,0.033375,172.31.36.0-255,1514,265739,9,389497
18205,0.033376,172.31.36.0-255,952,266691,9,389497
18206,0.034784,104.244.42.0-255,66,266757,9,389497
18207,0.034837,104.244.42.0-255,66,266823,9,389497
18208,0.03486,74.125.130.0-255,1484,268307,9,389497
18209,0.034863,172.31.36.0-255,66,268373,9,389497
18210,0.0349,74.125.130.0-255,2902,271275,9,389497
18211,0.034902,172.31.36.0-255,66,271341,9,389497
18212,0.034926,104.244.42.0-255,66,271407,9,389497
18213,0.03493,104.244.42.0-255,66,271473,9,389497
18214,0.036918,74.125.130.0-255,2902,274375,9,389497
18215,0.036923,172.31.36.0-255,66,274441,9,389497
18216,0.036959,74.125.130.0-255,2902,277343,9,389497
18217,0.036961,172.31.36.0-255,66,277409,9,389497
18218,0.038934,74.125.130.0-255,2902,280311,9,389497
18219,0.038939,172.31.36.0-255,66,280377,9,389497
18220,0.038977,74.125.130.0-255,2902,283279,9,389497
18221,0.03898,172.31.36.0-255,66,283345,9,389497
18222,0.040963,74.125.130.0-255,2902,286247,9,389497
18223,0.040968,172.31.36.0-255,66,286313,9,389497
18224,0.04102,74.125.130.0-255,2902,289215,9,389497
18225,0.041024,172.31.36.0-255,66,289281,9,389497
18226,0.042999,74.125.130.0-255,2902,292183,9,389497
18227,0.043004,172.31.36.0-255,66,292249,9,389497
18228,0.043062,74.125.130.0-255,2902,295151,9,389497
18229,0.043066,172.31.36.0-255,66,295217,9,389497
18230,0.045023,74.125.130.0-255,2902,298119,9,389497
18231,0.045028,172.31.36.0-255,66,298185,9,389497
18232,0.045118,74.125.130.0-255,2902,301087,9,389497
18233,0.045123,172.31.36.0-255,66,301153,9,389497
18234,0.047069,74.125.130.0-255,2902,304055,9,389497
18235,0.047075,172.31.36.0-255,66,304121,9,389497
18236,0.047163,74.125.130.0-255,2902,307023,9,389497
18237,0.047167,172.31.36.0-255,66,307089,9,389497
18238,0.0491,74.125.130.0-255,2902,309991,9,389497
18239,0.049104,172.31.36.0-255,66,310057,9,389497
18240,0.049166,74.125.130.0-255,2902,312959,9,389497
18241,0.049169,172.31.36.0-255,66,313025,9,389497
18242,0.05113,74.125.130.0-255,2902,315927,9,389497
18243,0.051135,172.31.36.0-255,66,315993,9,389497
18244,0.051178,74.125.130.0-255,1484,317477,9,389497
18245,0.051197,74.125.130.0-255,1484,318961,9,389497
18246,0.051201,172.31.36.0-255,66,319027,9,389497
18247,0.053171,74.125.130.0-255,2902,321929,9,389497
18248,0.053177,172.31.36.0-255,66,321995,9,389497
18249,0.053231,74.125.130.0-255,2902,324897,9,389497
18250,0.053235,172.31.36.0-255,66,324963,9,389497
18251,0.055225,74.125.130.0-255,2902,327865,9,389497
18252,0.055232,172.31.36.0-255,66,327931,9,389497
18253,0.055297,74.125.130.0-255,2902,330833,9,389497
18254,0.055301,172.31.36.0-255,66,330899,9,389497
18255,0.057256,74.125.130.0-255,2902,333801,9,389497
18256,0.057262,172.31.36.0-255,66,333867,9,389497
18257,0.057327,74.125.130.0-255,1484,335351,9,389497
18258,0.057341,74.125.130.0-255,1484,336835,9,389497
18259,0.057344,172.31.36.0-255,66,336901,9,389497
18260,0.059267,74.125.130.0-255,2902,339803,9,389497
18261,0.059272,172.31.36.0-255,66,339869,9,389497
18262,0.059373,74.125.130.0-255,2902,342771,9,389497
18263,0.059378,172.31.36.0-255,66,342837,9,389497
18264,0.061295,74.125.130.0-255,2902,345739,9,389497
18265,0.0613,172.31.36.0-255,66,345805,9,389497
18266,0.061419,74.125.130.0-255,2902,348707,9,389497
18267,0.061424,172.31.36.0-255,66,348773,9,389497
18268,0.063316,74.125.130.0-255,2902,351675,9,389497
18269,0.063322,172.31.36.0-255,66,351741,9,389497
18270,0.06346,74.125.130.0-255,2902,354643,9,389497
18271,0.063465,172.31.36.0-255,66,354709,9,389497
18272,0.065361,74.125.130.0-255,2902,357611,9,389497
18273,0.065366,172.31.36.0-255,66,357677,9,389497
18274,0.065485,74.125.130.0-255,2902,360579,9,389497
18275,0.06549,172.31.36.0-255,66,360645,9,389497
18276,0.067406,74.125.130.0-255,2902,363547,9,389497
18277,0.067412,172.31.36.0-255,66,363613,9,389497
18278,0.067498,74.125.130.0-255,2902,366515,9,389497
18279,0.067502,172.31.36.0-255,66,366581,9,389497
18280,0.069422,74.125.130.0-255,2902,369483,9,389497
18281,0.069428,172.31.36.0-255,66,369549,9,389497
18282,0.069522,74.125.130.0-255,2902,372451,9,389497
18283,0.069526,172.31.36.0-255,66,372517,9,389497
18284,0.071462,74.125.130.0-255,2902,375419,9,389497
18285,0.071467,172.31.36.0-255,66,375485,9,389497
18286,0.071539,74.125.130.0-255,1484,376969,9,389497
18287,0.071551,74.125.130.0-255,1484,378453,9,389497
18288,0.071555,172.31.36.0-255,66,378519,9,389497
18289,0.073488,74.125.130.0-255,2902,381421,9,389497
18290,0.073492,172.31.36.0-255,66,381487,9,389497
18291,0.073556,74.125.130.0-255,2902,384389,9,389497
18292,0.073561,172.31.36.0-255,66,384455,9,389497
18293,0.075515,74.125.130.0-255,2902,387357,9,389497
18294,0.07552,172.31.36.0-255,66,387423,9,389497
18295,0.075569,74.125.130.0-255,1837,389260,9,389497
18296,0.075573,172.31.36.0-255,66,389326,9,389497
18297,0.075719,172.31.36.0-255,105,389431,9,389497
18298,0.077697,74.125.130.0-255,66,389497,9,389497
18299,0.0,172.217.194.0-255,153,153,9,143925
18300,2.2e-05,172.31.36.0-255,66,219,9,143925
18301,3e-05,172.217.194.0-255,1484,1703,9,143925
18302,3.4e-05,172.31.36.0-255,66,1769,9,143925
18303,4e-05,172.217.194.0-255,2902,4671,9,143925
18304,5.1e-05,172.31.36.0-255,66,4737,9,143925
18305,6e-05,172.217.194.0-255,7156,11893,9,143925
18306,6.2e-05,172.31.36.0-255,66,11959,9,143925
18307,8.9e-05,172.217.194.0-255,2066,14025,9,143925
18308,9.2e-05,172.31.36.0-255,66,14091,9,143925
18309,0.000564,172.217.194.0-255,1484,15575,9,143925
18310,0.00057,172.31.36.0-255,66,15641,9,143925
18311,0.000577,172.217.194.0-255,2902,18543,9,143925
18312,0.000579,172.31.36.0-255,66,18609,9,143925
18313,0.000591,172.217.194.0-255,5738,24347,9,143925
18314,0.000593,172.31.36.0-255,66,24413,9,143925
18315,0.000599,172.217.194.0-255,5738,30151,9,143925
18316,0.000603,172.31.36.0-255,66,30217,9,143925
18317,0.000641,172.217.194.0-255,1484,31701,9,143925
18318,0.000644,172.31.36.0-255,66,31767,9,143925
18319,0.000682,172.31.36.0-255,66,31833,9,143925
18320,0.000687,172.217.194.0-255,3961,35794,9,143925
18321,0.00069,172.31.36.0-255,66,35860,9,143925
18322,0.001295,172.217.194.0-255,1484,37344,9,143925
18323,0.001302,172.31.36.0-255,66,37410,9,143925
18324,0.001311,172.217.194.0-255,2902,40312,9,143925
18325,0.001314,172.31.36.0-255,66,40378,9,143925
18326,0.001326,172.217.194.0-255,5738,46116,9,143925
18327,0.001328,172.31.36.0-255,66,46182,9,143925
18328,0.001359,172.217.194.0-255,2902,49084,9,143925
18329,0.001361,172.31.36.0-255,66,49150,9,143925
18330,0.001384,172.217.194.0-255,4540,53690,9,143925
18331,0.001386,172.31.36.0-255,66,53756,9,143925
18332,0.001397,172.31.36.0-255,66,53822,9,143925
18333,0.001402,172.217.194.0-255,2902,56724,9,143925
18334,0.001405,172.31.36.0-255,66,56790,9,143925
18335,0.001435,172.217.194.0-255,5379,62169,9,143925
18336,0.001438,172.31.36.0-255,66,62235,9,143925
18337,0.001451,172.31.36.0-255,66,62301,9,143925
18338,0.001488,172.31.36.0-255,66,62367,9,143925
18339,0.002057,172.217.194.0-255,1484,63851,9,143925
18340,0.002066,172.217.194.0-255,2902,66753,9,143925
18341,0.00207,172.31.36.0-255,66,66819,9,143925
18342,0.002078,172.217.194.0-255,5738,72557,9,143925
18343,0.002081,172.31.36.0-255,66,72623,9,143925
18344,0.002084,172.217.194.0-255,1484,74107,9,143925
18345,0.002124,172.31.36.0-255,66,74173,9,143925
18346,0.002137,172.31.36.0-255,66,74239,9,143925
18347,0.002379,172.217.194.0-255,1484,75723,9,143925
18348,0.002407,172.217.194.0-255,2902,78625,9,143925
18349,0.00241,172.31.36.0-255,66,78691,9,143925
18350,0.002417,172.217.194.0-255,5738,84429,9,143925
18351,0.00242,172.31.36.0-255,66,84495,9,143925
18352,0.002427,172.217.194.0-255,1484,85979,9,143925
18353,0.002486,172.217.194.0-255,5738,91717,9,143925
18354,0.002489,172.31.36.0-255,66,91783,9,143925
18355,0.002511,172.217.194.0-255,7156,98939,9,143925
18356,0.002514,172.31.36.0-255,66,99005,9,143925
18357,0.002516,172.217.194.0-255,1484,100489,9,143925
18358,0.002519,172.31.36.0-255,78,100567,9,143925
18359,0.002532,172.31.36.0-255,66,100633,9,143925
18360,0.002545,172.31.36.0-255,66,100699,9,143925
18361,0.002559,172.31.36.0-255,66,100765,9,143925
18362,0.002566,172.217.194.0-255,6438,107203,9,143925
18363,0.002569,172.31.36.0-255,66,107269,9,143925
18364,0.002572,172.217.194.0-255,1484,108753,9,143925
18365,0.002587,172.217.194.0-255,2902,111655,9,143925
18366,0.00259,172.31.36.0-255,66,111721,9,143925
18367,0.002601,172.217.194.0-255,5738,117459,9,143925
18368,0.002604,172.31.36.0-255,66,117525,9,143925
18369,0.002648,172.217.194.0-255,1484,119009,9,143925
18370,0.002661,172.217.194.0-255,2902,121911,9,143925
18371,0.002672,172.217.194.0-255,4320,126231,9,143925
18372,0.002683,172.217.194.0-255,2184,128415,9,143925
18373,0.002701,172.217.194.0-255,5738,134153,9,143925
18374,0.002761,172.217.194.0-255,1484,135637,9,143925
18375,0.002954,172.217.194.0-255,1484,137121,9,143925
18376,0.003001,172.217.194.0-255,2184,139305,9,143925
18377,0.003013,172.217.194.0-255,105,139410,9,143925
18378,0.006607,172.31.36.0-255,66,139476,9,143925
18379,0.009434,172.31.36.0-255,105,139581,9,143925
18380,0.011754,172.217.194.0-255,66,139647,9,143925
18381,0.034588,172.31.36.0-255,167,139814,9,143925
18382,0.03462,172.31.36.0-255,1116,140930,9,143925
18383,0.034683,172.31.36.0-255,1514,142444,9,143925
18384,0.034685,172.31.36.0-255,1283,143727,9,143925
18385,0.036138,104.244.42.0-255,66,143793,9,143925
18386,0.036207,104.244.42.0-255,66,143859,9,143925
18387,0.036275,104.244.42.0-255,66,143925,9,143925
18388,0.0,172.217.194.0-255,226,226,9,269834
18389,2.7e-05,172.31.36.0-255,66,292,9,269834
18390,3.4e-05,172.217.194.0-255,1484,1776,9,269834
18391,3.9e-05,172.31.36.0-255,66,1842,9,269834
18392,5.6e-05,172.217.194.0-255,4320,6162,9,269834
18393,5.9e-05,172.31.36.0-255,66,6228,9,269834
18394,0.000203,172.31.36.0-255,66,6294,9,269834
18395,0.000533,172.217.194.0-255,4320,10614,9,269834
18396,0.000543,172.31.36.0-255,66,10680,9,269834
18397,0.000698,172.31.36.0-255,66,10746,9,269834
18398,0.002978,172.217.194.0-255,5738,16484,9,269834
18399,0.002986,172.31.36.0-255,66,16550,9,269834
18400,0.005265,172.217.194.0-255,5738,22288,9,269834
18401,0.005272,172.31.36.0-255,66,22354,9,269834
18402,0.007568,172.217.194.0-255,2902,25256,9,269834
18403,0.007576,172.31.36.0-255,66,25322,9,269834
18404,0.007606,172.217.194.0-255,2902,28224,9,269834
18405,0.007609,172.31.36.0-255,66,28290,9,269834
18406,0.009872,172.217.194.0-255,2902,31192,9,269834
18407,0.00988,172.31.36.0-255,66,31258,9,269834
18408,0.009907,172.217.194.0-255,2902,34160,9,269834
18409,0.00991,172.31.36.0-255,66,34226,9,269834
18410,0.012164,172.217.194.0-255,2902,37128,9,269834
18411,0.012172,172.31.36.0-255,66,37194,9,269834
18412,0.012203,172.217.194.0-255,2902,40096,9,269834
18413,0.012206,172.31.36.0-255,66,40162,9,269834
18414,0.014441,172.217.194.0-255,2902,43064,9,269834
18415,0.014448,172.31.36.0-255,66,43130,9,269834
18416,0.014519,172.217.194.0-255,2902,46032,9,269834
18417,0.014523,172.31.36.0-255,66,46098,9,269834
18418,0.016769,172.217.194.0-255,2902,49000,9,269834
18419,0.016778,172.31.36.0-255,66,49066,9,269834
18420,0.016813,172.217.194.0-255,2902,51968,9,269834
18421,0.016816,172.31.36.0-255,66,52034,9,269834
18422,0.019088,172.217.194.0-255,2902,54936,9,269834
18423,0.019095,172.31.36.0-255,66,55002,9,269834
18424,0.019126,172.217.194.0-255,2902,57904,9,269834
18425,0.01913,172.31.36.0-255,66,57970,9,269834
18426,0.021388,172.217.194.0-255,2902,60872,9,269834
18427,0.021396,172.31.36.0-255,66,60938,9,269834
18428,0.021426,172.217.194.0-255,2902,63840,9,269834
18429,0.02143,172.31.36.0-255,66,63906,9,269834
18430,0.023688,172.217.194.0-255,2902,66808,9,269834
18431,0.023703,172.31.36.0-255,66,66874,9,269834
18432,0.023739,172.217.194.0-255,2902,69776,9,269834
18433,0.023742,172.31.36.0-255,66,69842,9,269834
18434,0.026021,172.217.194.0-255,2902,72744,9,269834
18435,0.026029,172.31.36.0-255,66,72810,9,269834
18436,0.026061,172.217.194.0-255,2902,75712,9,269834
18437,0.026064,172.31.36.0-255,66,75778,9,269834
18438,0.028333,172.217.194.0-255,2902,78680,9,269834
18439,0.028341,172.31.36.0-255,66,78746,9,269834
18440,0.02837,172.217.194.0-255,2902,81648,9,269834
18441,0.028373,172.31.36.0-255,66,81714,9,269834
18442,0.030627,172.217.194.0-255,2902,84616,9,269834
18443,0.030635,172.31.36.0-255,66,84682,9,269834
18444,0.030662,172.217.194.0-255,2902,87584,9,269834
18445,0.030665,172.31.36.0-255,66,87650,9,269834
18446,0.032929,172.217.194.0-255,2902,90552,9,269834
18447,0.032942,172.31.36.0-255,66,90618,9,269834
18448,0.032975,172.217.194.0-255,2902,93520,9,269834
18449,0.032979,172.31.36.0-255,66,93586,9,269834
18450,0.035253,172.217.194.0-255,2902,96488,9,269834
18451,0.03526,172.31.36.0-255,66,96554,9,269834
18452,0.035289,172.217.194.0-255,2902,99456,9,269834
18453,0.035292,172.31.36.0-255,66,99522,9,269834
18454,0.03754,172.217.194.0-255,2902,102424,9,269834
18455,0.037547,172.31.36.0-255,66,102490,9,269834
18456,0.037596,172.217.194.0-255,2902,105392,9,269834
18457,0.0376,172.31.36.0-255,66,105458,9,269834
18458,0.039845,172.217.194.0-255,2902,108360,9,269834
18459,0.039853,172.31.36.0-255,66,108426,9,269834
18460,0.039891,172.217.194.0-255,2902,111328,9,269834
18461,0.039895,172.31.36.0-255,66,111394,9,269834
18462,0.042144,172.217.194.0-255,2902,114296,9,269834
18463,0.042151,172.31.36.0-255,66,114362,9,269834
18464,0.0422,172.217.194.0-255,2902,117264,9,269834
18465,0.042203,172.31.36.0-255,66,117330,9,269834
18466,0.044448,172.217.194.0-255,2902,120232,9,269834
18467,0.044456,172.31.36.0-255,66,120298,9,269834
18468,0.04449,172.217.194.0-255,2902,123200,9,269834
18469,0.044494,172.31.36.0-255,66,123266,9,269834
18470,0.046755,172.217.194.0-255,2902,126168,9,269834
18471,0.046762,172.31.36.0-255,66,126234,9,269834
18472,0.046803,172.217.194.0-255,2902,129136,9,269834
18473,0.046806,172.31.36.0-255,66,129202,9,269834
18474,0.049034,172.217.194.0-255,2902,132104,9,269834
18475,0.049046,172.31.36.0-255,66,132170,9,269834
18476,0.049084,172.217.194.0-255,2902,135072,9,269834
18477,0.049087,172.31.36.0-255,66,135138,9,269834
18478,0.05133,172.217.194.0-255,2902,138040,9,269834
18479,0.051337,172.31.36.0-255,66,138106,9,269834
18480,0.051376,172.217.194.0-255,2902,141008,9,269834
18481,0.051379,172.31.36.0-255,66,141074,9,269834
18482,0.053616,172.217.194.0-255,2902,143976,9,269834
18483,0.053623,172.31.36.0-255,66,144042,9,269834
18484,0.053687,172.217.194.0-255,2902,146944,9,269834
18485,0.05369,172.31.36.0-255,66,147010,9,269834
18486,0.055914,172.217.194.0-255,2902,149912,9,269834
18487,0.055923,172.31.36.0-255,66,149978,9,269834
18488,0.055995,172.217.194.0-255,2902,152880,9,269834
18489,0.055998,172.31.36.0-255,66,152946,9,269834
18490,0.058218,172.217.194.0-255,2902,155848,9,269834
18491,0.058226,172.31.36.0-255,66,155914,9,269834
18492,0.058255,172.217.194.0-255,2902,158816,9,269834
18493,0.058258,172.31.36.0-255,66,158882,9,269834
18494,0.060563,172.217.194.0-255,2902,161784,9,269834
18495,0.060572,172.31.36.0-255,66,161850,9,269834
18496,0.060604,172.217.194.0-255,2902,164752,9,269834
18497,0.060607,172.31.36.0-255,66,164818,9,269834
18498,0.06286,172.217.194.0-255,2902,167720,9,269834
18499,0.062866,172.31.36.0-255,66,167786,9,269834
18500,0.062912,172.217.194.0-255,2902,170688,9,269834
18501,0.062915,172.31.36.0-255,66,170754,9,269834
18502,0.065181,172.217.194.0-255,2902,173656,9,269834
18503,0.065193,172.31.36.0-255,66,173722,9,269834
18504,0.06523,172.217.194.0-255,2902,176624,9,269834
18505,0.065233,172.31.36.0-255,66,176690,9,269834
18506,0.067519,172.217.194.0-255,2902,179592,9,269834
18507,0.067526,172.31.36.0-255,66,179658,9,269834
18508,0.067555,172.217.194.0-255,2902,182560,9,269834
18509,0.067557,172.31.36.0-255,66,182626,9,269834
18510,0.06983,172.217.194.0-255,2902,185528,9,269834
18511,0.069838,172.31.36.0-255,66,185594,9,269834
18512,0.069867,172.217.194.0-255,2902,188496,9,269834
18513,0.06987,172.31.36.0-255,66,188562,9,269834
18514,0.072139,172.217.194.0-255,2902,191464,9,269834
18515,0.072146,172.31.36.0-255,66,191530,9,269834
18516,0.072178,172.217.194.0-255,2902,194432,9,269834
18517,0.072181,172.31.36.0-255,66,194498,9,269834
18518,0.074415,172.217.194.0-255,2902,197400,9,269834
18519,0.074422,172.31.36.0-255,66,197466,9,269834
18520,0.074464,172.217.194.0-255,2902,200368,9,269834
18521,0.074467,172.31.36.0-255,66,200434,9,269834
18522,0.076707,172.217.194.0-255,2902,203336,9,269834
18523,0.076713,172.31.36.0-255,66,203402,9,269834
18524,0.076762,172.217.194.0-255,2902,206304,9,269834
18525,0.076765,172.31.36.0-255,66,206370,9,269834
18526,0.078999,172.217.194.0-255,2902,209272,9,269834
18527,0.079006,172.31.36.0-255,66,209338,9,269834
18528,0.079037,172.217.194.0-255,2902,212240,9,269834
18529,0.079041,172.31.36.0-255,66,212306,9,269834
18530,0.079862,172.31.36.0-255,188,212494,9,269834
18531,0.079893,172.31.36.0-255,960,213454,9,269834
18532,0.079958,172.31.36.0-255,1514,214968,9,269834
18533,0.07996,172.31.36.0-255,938,215906,9,269834
18534,0.081274,172.217.194.0-255,2902,218808,9,269834
18535,0.081281,172.31.36.0-255,66,218874,9,269834
18536,0.081308,172.217.194.0-255,1484,220358,9,269834
18537,0.08131,172.31.36.0-255,66,220424,9,269834
18538,0.081332,172.217.194.0-255,1484,221908,9,269834
18539,0.081334,172.31.36.0-255,66,221974,9,269834
18540,0.08139,104.244.42.0-255,66,222040,9,269834
18541,0.081446,104.244.42.0-255,66,222106,9,269834
18542,0.08154,104.244.42.0-255,66,222172,9,269834
18543,0.082257,104.244.42.0-255,108,222280,9,269834
18544,0.082266,172.31.36.0-255,66,222346,9,269834
18545,0.083591,172.217.194.0-255,2902,225248,9,269834
18546,0.083599,172.31.36.0-255,66,225314,9,269834
18547,0.083639,172.217.194.0-255,2902,228216,9,269834
18548,0.083642,172.31.36.0-255,66,228282,9,269834
18549,0.085879,172.217.194.0-255,2902,231184,9,269834
18550,0.085885,172.31.36.0-255,66,231250,9,269834
18551,0.085931,172.217.194.0-255,2902,234152,9,269834
18552,0.085934,172.31.36.0-255,66,234218,9,269834
18553,0.088191,172.217.194.0-255,2902,237120,9,269834
18554,0.088198,172.31.36.0-255,66,237186,9,269834
18555,0.08823,172.217.194.0-255,2902,240088,9,269834
18556,0.088233,172.31.36.0-255,66,240154,9,269834
18557,0.0905,172.217.194.0-255,2902,243056,9,269834
18558,0.090507,172.31.36.0-255,66,243122,9,269834
18559,0.09054,172.217.194.0-255,2902,246024,9,269834
18560,0.090543,172.31.36.0-255,66,246090,9,269834
18561,0.092823,172.217.194.0-255,2902,248992,9,269834
18562,0.092829,172.31.36.0-255,66,249058,9,269834
18563,0.092893,172.217.194.0-255,2902,251960,9,269834
18564,0.092896,172.31.36.0-255,66,252026,9,269834
18565,0.095138,172.217.194.0-255,1484,253510,9,269834
18566,0.095145,172.31.36.0-255,66,253576,9,269834
18567,0.095228,172.217.194.0-255,4320,257896,9,269834
18568,0.095233,172.31.36.0-255,66,257962,9,269834
18569,0.097421,172.217.194.0-255,1484,259446,9,269834
18570,0.097427,172.31.36.0-255,66,259512,9,269834
18571,0.09752,172.217.194.0-255,4320,263832,9,269834
18572,0.097523,172.31.36.0-255,66,263898,9,269834
18573,0.099769,172.217.194.0-255,1484,265382,9,269834
18574,0.099787,172.31.36.0-255,66,265448,9,269834
18575,0.099828,172.217.194.0-255,4320,269768,9,269834
18576,0.099832,172.31.36.0-255,66,269834,9,269834
18577,0.0,172.253.118.0-255,297,297,9,298885
18578,2.9e-05,172.31.36.0-255,66,363,9,298885
18579,3.6e-05,172.253.118.0-255,1484,1847,9,298885
18580,4.1e-05,172.31.36.0-255,66,1913,9,298885
18581,4.6e-05,172.253.118.0-255,4320,6233,9,298885
18582,4.8e-05,172.31.36.0-255,66,6299,9,298885
18583,6.8e-05,172.31.36.0-255,66,6365,9,298885
18584,7.5e-05,172.253.118.0-255,5738,12103,9,298885
18585,7.8e-05,172.31.36.0-255,66,12169,9,298885
18586,0.000107,172.253.118.0-255,1484,13653,9,298885
18587,0.00011,172.31.36.0-255,66,13719,9,298885
18588,0.000152,172.31.36.0-255,66,13785,9,298885
18589,0.000177,172.253.118.0-255,1484,15269,9,298885
18590,0.00018,172.31.36.0-255,66,15335,9,298885
18591,0.000185,172.253.118.0-255,2902,18237,9,298885
18592,0.000187,172.31.36.0-255,66,18303,9,298885
18593,0.000196,172.253.118.0-255,4320,22623,9,298885
18594,0.000198,172.31.36.0-255,66,22689,9,298885
18595,0.000235,172.253.118.0-255,1484,24173,9,298885
18596,0.000237,172.31.36.0-255,66,24239,9,298885
18597,0.000246,172.253.118.0-255,7156,31395,9,298885
18598,0.000249,172.31.36.0-255,66,31461,9,298885
18599,0.000259,172.31.36.0-255,66,31527,9,298885
18600,0.000304,172.31.36.0-255,66,31593,9,298885
18601,0.000362,172.253.118.0-255,113,31706,9,298885
18602,0.000366,172.31.36.0-255,66,31772,9,298885
18603,0.000604,172.253.118.0-255,1484,33256,9,298885
18604,0.000608,172.31.36.0-255,66,33322,9,298885
18605,0.000614,172.253.118.0-255,2902,36224,9,298885
18606,0.000618,172.31.36.0-255,66,36290,9,298885
18607,0.000632,172.253.118.0-255,5738,42028,9,298885
18608,0.000634,172.31.36.0-255,66,42094,9,298885
18609,0.000678,172.31.36.0-255,66,42160,9,298885
18610,0.000702,172.253.118.0-255,1484,43644,9,298885
18611,0.000711,172.253.118.0-255,7156,50800,9,298885
18612,0.000713,172.31.36.0-255,66,50866,9,298885
18613,0.000732,172.253.118.0-255,3602,54468,9,298885
18614,0.000735,172.31.36.0-255,66,54534,9,298885
18615,0.000752,172.253.118.0-255,332,54866,9,298885
18616,0.000941,172.253.118.0-255,1484,56350,9,298885
18617,0.000946,172.31.36.0-255,66,56416,9,298885
18618,0.000984,172.253.118.0-255,2902,59318,9,298885
18619,0.000987,172.31.36.0-255,66,59384,9,298885
18620,0.001013,172.253.118.0-255,5738,65122,9,298885
18621,0.001017,172.31.36.0-255,66,65188,9,298885
18622,0.001022,172.253.118.0-255,2902,68090,9,298885
18623,0.001024,172.31.36.0-255,66,68156,9,298885
18624,0.001054,172.253.118.0-255,2902,71058,9,298885
18625,0.001058,172.31.36.0-255,66,71124,9,298885
18626,0.001091,172.253.118.0-255,1484,72608,9,298885
18627,0.001103,172.31.36.0-255,66,72674,9,298885
18628,0.001109,172.253.118.0-255,4320,76994,9,298885
18629,0.001111,172.31.36.0-255,66,77060,9,298885
18630,0.001145,172.253.118.0-255,3602,80662,9,298885
18631,0.001148,172.31.36.0-255,66,80728,9,298885
18632,0.001236,172.253.118.0-255,1484,82212,9,298885
18633,0.001253,172.253.118.0-255,2902,85114,9,298885
18634,0.001257,172.31.36.0-255,66,85180,9,298885
18635,0.001284,172.253.118.0-255,4320,89500,9,298885
18636,0.001287,172.31.36.0-255,66,89566,9,298885
18637,0.001312,172.31.36.0-255,66,89632,9,298885
18638,0.001343,172.253.118.0-255,7156,96788,9,298885
18639,0.001347,172.31.36.0-255,66,96854,9,298885
18640,0.001373,172.253.118.0-255,4320,101174,9,298885
18641,0.001376,172.31.36.0-255,66,101240,9,298885
18642,0.001382,172.253.118.0-255,5020,106260,9,298885
18643,0.001389,172.31.36.0-255,66,106326,9,298885
18644,0.001567,172.253.118.0-255,1484,107810,9,298885
18645,0.001571,172.253.118.0-255,1484,109294,9,298885
18646,0.001574,172.31.36.0-255,66,109360,9,298885
18647,0.001605,172.253.118.0-255,1484,110844,9,298885
18648,0.001611,172.253.118.0-255,5738,116582,9,298885
18649,0.001614,172.31.36.0-255,66,116648,9,298885
18650,0.001651,172.31.36.0-255,66,116714,9,298885
18651,0.00167,172.253.118.0-255,2902,119616,9,298885
18652,0.001673,172.31.36.0-255,66,119682,9,298885
18653,0.001719,172.31.36.0-255,66,119748,9,298885
18654,0.00175,172.253.118.0-255,6438,126186,9,298885
18655,0.001754,172.31.36.0-255,66,126252,9,298885
18656,0.001761,172.253.118.0-255,7156,133408,9,298885
18657,0.001764,172.31.36.0-255,66,133474,9,298885
18658,0.001797,172.253.118.0-255,5738,139212,9,298885
18659,0.001801,172.31.36.0-255,66,139278,9,298885
18660,0.00182,172.253.118.0-255,2902,142180,9,298885
18661,0.001823,172.31.36.0-255,66,142246,9,298885
18662,0.00185,172.31.36.0-255,66,142312,9,298885
18663,0.001875,172.253.118.0-255,1484,143796,9,298885
18664,0.00188,172.253.118.0-255,2184,145980,9,298885
18665,0.001882,172.31.36.0-255,66,146046,9,298885
18666,0.002115,172.253.118.0-255,1484,147530,9,298885
18667,0.002129,172.253.118.0-255,2902,150432,9,298885
18668,0.002132,172.31.36.0-255,66,150498,9,298885
18669,0.002139,172.253.118.0-255,5738,156236,9,298885
18670,0.002141,172.31.36.0-255,66,156302,9,298885
18671,0.00217,172.253.118.0-255,2902,159204,9,298885
18672,0.002174,172.31.36.0-255,66,159270,9,298885
18673,0.002232,172.31.36.0-255,66,159336,9,298885
18674,0.002243,172.31.36.0-255,66,159402,9,298885
18675,0.002251,172.253.118.0-255,2184,161586,9,298885
18676,0.002254,172.31.36.0-255,66,161652,9,298885
18677,0.002287,172.253.118.0-255,2902,164554,9,298885
18678,0.00229,172.31.36.0-255,66,164620,9,298885
18679,0.002294,172.253.118.0-255,1484,166104,9,298885
18680,0.002319,172.253.118.0-255,2902,169006,9,298885
18681,0.002321,172.31.36.0-255,66,169072,9,298885
18682,0.002333,172.31.36.0-255,66,169138,9,298885
18683,0.002344,172.31.36.0-255,66,169204,9,298885
18684,0.004663,172.253.118.0-255,5738,174942,9,298885
18685,0.004671,172.31.36.0-255,66,175008,9,298885
18686,0.006966,172.253.118.0-255,5738,180746,9,298885
18687,0.006973,172.31.36.0-255,66,180812,9,298885
18688,0.009277,172.253.118.0-255,5738,186550,9,298885
18689,0.009283,172.31.36.0-255,66,186616,9,298885
18690,0.011571,172.253.118.0-255,5738,192354,9,298885
18691,0.011579,172.31.36.0-255,66,192420,9,298885
18692,0.013897,172.253.118.0-255,5738,198158,9,298885
18693,0.013915,172.31.36.0-255,66,198224,9,298885
18694,0.01623,172.253.118.0-255,5738,203962,9,298885
18695,0.016246,172.31.36.0-255,66,204028,9,298885
18696,0.018561,172.253.118.0-255,5738,209766,9,298885
18697,0.018578,172.31.36.0-255,66,209832,9,298885
18698,0.020903,172.253.118.0-255,5738,215570,9,298885
18699,0.02092,172.31.36.0-255,66,215636,9,298885
18700,0.023223,172.253.118.0-255,5738,221374,9,298885
18701,0.023231,172.31.36.0-255,66,221440,9,298885
18702,0.025544,172.253.118.0-255,5738,227178,9,298885
18703,0.025557,172.31.36.0-255,66,227244,9,298885
18704,0.027857,172.253.118.0-255,5738,232982,9,298885
18705,0.027868,172.31.36.0-255,66,233048,9,298885
18706,0.030175,172.253.118.0-255,5738,238786,9,298885
18707,0.030188,172.31.36.0-255,66,238852,9,298885
18708,0.032483,172.253.118.0-255,5738,244590,9,298885
18709,0.032492,172.31.36.0-255,66,244656,9,298885
18710,0.032867,172.31.36.0-255,166,244822,9,298885
18711,0.032911,172.31.36.0-255,1140,245962,9,298885
18712,0.032998,172.31.36.0-255,1514,247476,9,298885
18713,0.033,172.31.36.0-255,1259,248735,9,298885
18714,0.034404,104.244.42.0-255,66,248801,9,298885
18715,0.034501,104.244.42.0-255,66,248867,9,298885
18716,0.034572,104.244.42.0-255,66,248933,9,298885
18717,0.034794,172.253.118.0-255,4320,253253,9,298885
18718,0.034799,172.31.36.0-255,66,253319,9,298885
18719,0.03483,172.253.118.0-255,1484,254803,9,298885
18720,0.03708,172.253.118.0-255,4320,259123,9,298885
18721,0.037088,172.31.36.0-255,66,259189,9,298885
18722,0.039386,172.253.118.0-255,5738,264927,9,298885
18723,0.039393,172.31.36.0-255,66,264993,9,298885
18724,0.041696,172.253.118.0-255,5738,270731,9,298885
18725,0.041707,172.31.36.0-255,66,270797,9,298885
18726,0.043997,172.253.118.0-255,5738,276535,9,298885
18727,0.044003,172.31.36.0-255,66,276601,9,298885
18728,0.046304,172.253.118.0-255,5738,282339,9,298885
18729,0.046313,172.31.36.0-255,66,282405,9,298885
18730,0.048603,172.253.118.0-255,5738,288143,9,298885
18731,0.048613,172.31.36.0-255,66,288209,9,298885
18732,0.050913,172.253.118.0-255,5738,293947,9,298885
18733,0.050921,172.31.36.0-255,66,294013,9,298885
18734,0.053217,172.253.118.0-255,4635,298648,9,298885
18735,0.053223,172.31.36.0-255,66,298714,9,298885
18736,0.053429,172.31.36.0-255,105,298819,9,298885
18737,0.055668,172.253.118.0-255,66,298885,9,298885
18738,0.0,74.125.130.0-255,147,147,9,391549
18739,2.1e-05,172.31.36.0-255,66,213,9,391549
18740,2.8e-05,74.125.130.0-255,1484,1697,9,391549
18741,3.1e-05,172.31.36.0-255,66,1763,9,391549
18742,4.5e-05,74.125.130.0-255,2902,4665,9,391549
18743,4.8e-05,172.31.36.0-255,66,4731,9,391549
18744,5.6e-05,74.125.130.0-255,7156,11887,9,391549
18745,5.9e-05,172.31.36.0-255,66,11953,9,391549
18746,6.3e-05,74.125.130.0-255,2048,14001,9,391549
18747,6.5e-05,172.31.36.0-255,66,14067,9,391549
18748,0.000124,74.125.130.0-255,1484,15551,9,391549
18749,0.000126,172.31.36.0-255,66,15617,9,391549
18750,0.00013,74.125.130.0-255,1484,17101,9,391549
18751,0.000132,172.31.36.0-255,66,17167,9,391549
18752,0.000151,74.125.130.0-255,1484,18651,9,391549
18753,0.000153,172.31.36.0-255,66,18717,9,391549
18754,0.000159,74.125.130.0-255,5738,24455,9,391549
18755,0.000161,172.31.36.0-255,66,24521,9,391549
18756,0.000169,74.125.130.0-255,2902,27423,9,391549
18757,0.000171,172.31.36.0-255,66,27489,9,391549
18758,0.000174,74.125.130.0-255,1484,28973,9,391549
18759,0.000175,172.31.36.0-255,66,29039,9,391549
18760,0.000196,74.125.130.0-255,2543,31582,9,391549
18761,0.000198,172.31.36.0-255,66,31648,9,391549
18762,0.000326,74.125.130.0-255,1484,33132,9,391549
18763,0.00033,172.31.36.0-255,66,33198,9,391549
18764,0.000335,74.125.130.0-255,2902,36100,9,391549
18765,0.000338,172.31.36.0-255,66,36166,9,391549
18766,0.000357,74.125.130.0-255,5738,41904,9,391549
18767,0.000359,172.31.36.0-255,66,41970,9,391549
18768,0.000363,74.125.130.0-255,2902,44872,9,391549
18769,0.000365,172.31.36.0-255,66,44938,9,391549
18770,0.000409,74.125.130.0-255,1484,46422,9,391549
18771,0.000427,74.125.130.0-255,7156,53578,9,391549
18772,0.000443,74.125.130.0-255,2543,56121,9,391549
18773,0.000458,172.31.36.0-255,66,56187,9,391549
18774,0.00047,74.125.130.0-255,7156,63343,9,391549
18775,0.000474,172.31.36.0-255,66,63409,9,391549
18776,0.000491,74.125.130.0-255,2795,66204,9,391549
18777,0.000493,74.125.130.0-255,119,66323,9,391549
18778,0.000508,74.125.130.0-255,382,66705,9,391549
18779,0.00053,172.31.36.0-255,66,66771,9,391549
18780,0.000786,74.125.130.0-255,1484,68255,9,391549
18781,0.000789,74.125.130.0-255,1484,69739,9,391549
18782,0.000795,172.31.36.0-255,66,69805,9,391549
18783,0.000803,74.125.130.0-255,1484,71289,9,391549
18784,0.000806,74.125.130.0-255,2902,74191,9,391549
18785,0.000827,74.125.130.0-255,2902,77093,9,391549
18786,0.00083,74.125.130.0-255,2902,79995,9,391549
18787,0.000834,74.125.130.0-255,4320,84315,9,391549
18788,0.000852,172.31.36.0-255,66,84381,9,391549
18789,0.000862,74.125.130.0-255,5738,90119,9,391549
18790,0.000877,172.31.36.0-255,66,90185,9,391549
18791,0.000882,74.125.130.0-255,2902,93087,9,391549
18792,0.000886,74.125.130.0-255,4320,97407,9,391549
18793,0.000915,74.125.130.0-255,1484,98891,9,391549
18794,0.00092,172.31.36.0-255,66,98957,9,391549
18795,0.000942,74.125.130.0-255,2184,101141,9,391549
18796,0.000957,172.31.36.0-255,66,101207,9,391549
18797,0.001042,74.125.130.0-255,1484,102691,9,391549
18798,0.001054,74.125.130.0-255,2902,105593,9,391549
18799,0.001056,172.31.36.0-255,66,105659,9,391549
18800,0.00108,74.125.130.0-255,2902,108561,9,391549
18801,0.001085,74.125.130.0-255,4320,112881,9,391549
18802,0.001129,172.31.36.0-255,66,112947,9,391549
18803,0.001147,74.125.130.0-255,7156,120103,9,391549
18804,0.001158,172.31.36.0-255,66,120169,9,391549
18805,0.001169,74.125.130.0-255,4320,124489,9,391549
18806,0.001184,74.125.130.0-255,2184,126673,9,391549
18807,0.001195,172.31.36.0-255,66,126739,9,391549
18808,0.001223,74.125.130.0-255,1484,128223,9,391549
18809,0.001234,74.125.130.0-255,2902,131125,9,391549
18810,0.001241,172.31.36.0-255,66,131191,9,391549
18811,0.001251,74.125.130.0-255,2902,134093,9,391549
18812,0.001266,74.125.130.0-255,2902,136995,9,391549
18813,0.001272,74.125.130.0-255,5738,142733,9,391549
18814,0.001288,172.31.36.0-255,66,142799,9,391549
18815,0.001295,74.125.130.0-255,2902,145701,9,391549
18816,0.001299,172.31.36.0-255,66,145767,9,391549
18817,0.001318,74.125.130.0-255,4320,150087,9,391549
18818,0.001321,74.125.130.0-255,1484,151571,9,391549
18819,0.001331,172.31.36.0-255,66,151637,9,391549
18820,0.001384,172.31.36.0-255,66,151703,9,391549
18821,0.001418,74.125.130.0-255,1484,153187,9,391549
18822,0.00143,74.125.130.0-255,2902,156089,9,391549
18823,0.001448,172.31.36.0-255,66,156155,9,391549
18824,0.001457,74.125.130.0-255,2902,159057,9,391549
18825,0.001466,172.31.36.0-255,66,159123,9,391549
18826,0.001484,74.125.130.0-255,2902,162025,9,391549
18827,0.001489,74.125.130.0-255,4320,166345,9,391549
18828,0.001495,74.125.130.0-255,5738,172083,9,391549
18829,0.001508,172.31.36.0-255,66,172149,9,391549
18830,0.001517,74.125.130.0-255,1484,173633,9,391549
18831,0.001553,172.31.36.0-255,66,173699,9,391549
18832,0.001578,74.125.130.0-255,2184,175883,9,391549
18833,0.001586,172.31.36.0-255,66,175949,9,391549
18834,0.001634,74.125.130.0-255,1484,177433,9,391549
18835,0.001647,74.125.130.0-255,2902,180335,9,391549
18836,0.001658,74.125.130.0-255,1484,181819,9,391549
18837,0.001671,74.125.130.0-255,4320,186139,9,391549
18838,0.001678,172.31.36.0-255,66,186205,9,391549
18839,0.001695,74.125.130.0-255,2902,189107,9,391549
18840,0.001701,74.125.130.0-255,4320,193427,9,391549
18841,0.00171,172.31.36.0-255,66,193493,9,391549
18842,0.00172,74.125.130.0-255,5738,199231,9,391549
18843,0.001724,172.31.36.0-255,66,199297,9,391549
18844,0.001762,172.31.36.0-255,66,199363,9,391549
18845,0.001789,74.125.130.0-255,2184,201547,9,391549
18846,0.001805,172.31.36.0-255,66,201613,9,391549
18847,0.001831,74.125.130.0-255,1484,203097,9,391549
18848,0.001849,74.125.130.0-255,2902,205999,9,391549
18849,0.001858,172.31.36.0-255,66,206065,9,391549
18850,0.001876,74.125.130.0-255,5738,211803,9,391549
18851,0.001887,74.125.130.0-255,4320,216123,9,391549
18852,0.00189,74.125.130.0-255,1484,217607,9,391549
18853,0.001904,74.125.130.0-255,4320,221927,9,391549
18854,0.001931,74.125.130.0-255,4320,226247,9,391549
18855,0.001937,172.31.36.0-255,66,226313,9,391549
18856,0.001967,74.125.130.0-255,7156,233469,9,391549
18857,0.001973,74.125.130.0-255,2184,235653,9,391549
18858,0.001992,172.31.36.0-255,66,235719,9,391549
18859,0.004047,74.125.130.0-255,5738,241457,9,391549
18860,0.004055,172.31.36.0-255,66,241523,9,391549
18861,0.006135,74.125.130.0-255,5738,247261,9,391549
18862,0.013551,74.125.130.0-255,1484,248745,9,391549
18863,0.014978,172.31.36.0-255,66,248811,9,391549
18864,0.017041,74.125.130.0-255,5738,254549,9,391549
18865,0.017048,172.31.36.0-255,66,254615,9,391549
18866,0.019138,74.125.130.0-255,5738,260353,9,391549
18867,0.019144,172.31.36.0-255,66,260419,9,391549
18868,0.021203,74.125.130.0-255,5738,266157,9,391549
18869,0.02121,172.31.36.0-255,66,266223,9,391549
18870,0.023275,74.125.130.0-255,5738,271961,9,391549
18871,0.02502,172.31.36.0-255,66,272027,9,391549
18872,0.02709,74.125.130.0-255,5738,277765,9,391549
18873,0.027099,172.31.36.0-255,66,277831,9,391549
18874,0.029166,74.125.130.0-255,5738,283569,9,391549
18875,0.030918,172.31.36.0-255,66,283635,9,391549
18876,0.032984,74.125.130.0-255,5738,289373,9,391549
18877,0.032993,172.31.36.0-255,66,289439,9,391549
18878,0.035053,74.125.130.0-255,5738,295177,9,391549
18879,0.03506,172.31.36.0-255,66,295243,9,391549
18880,0.037127,74.125.130.0-255,5738,300981,9,391549
18881,0.037133,172.31.36.0-255,66,301047,9,391549
18882,0.039201,74.125.130.0-255,5738,306785,9,391549
18883,0.039208,172.31.36.0-255,66,306851,9,391549
18884,0.041269,74.125.130.0-255,5738,312589,9,391549
18885,0.041277,172.31.36.0-255,66,312655,9,391549
18886,0.04334,74.125.130.0-255,5738,318393,9,391549
18887,0.043348,172.31.36.0-255,66,318459,9,391549
18888,0.045408,74.125.130.0-255,5738,324197,9,391549
18889,0.045417,172.31.36.0-255,66,324263,9,391549
18890,0.047497,74.125.130.0-255,5738,330001,9,391549
18891,0.047503,172.31.36.0-255,66,330067,9,391549
18892,0.049571,74.125.130.0-255,5738,335805,9,391549
18893,0.049579,172.31.36.0-255,66,335871,9,391549
18894,0.051625,74.125.130.0-255,5738,341609,9,391549
18895,0.051631,172.31.36.0-255,66,341675,9,391549
18896,0.051788,172.31.36.0-255,176,341851,9,391549
18897,0.051817,172.31.36.0-255,1116,342967,9,391549
18898,0.051944,172.31.36.0-255,1514,344481,9,391549
18899,0.051946,172.31.36.0-255,1358,345839,9,391549
18900,0.053335,104.244.42.0-255,66,345905,9,391549
18901,0.053362,104.244.42.0-255,66,345971,9,391549
18902,0.053506,104.244.42.0-255,66,346037,9,391549
18903,0.053691,74.125.130.0-255,5738,351775,9,391549
18904,0.053698,172.31.36.0-255,66,351841,9,391549
18905,0.055774,74.125.130.0-255,5738,357579,9,391549
18906,0.055781,172.31.36.0-255,66,357645,9,391549
18907,0.057857,74.125.130.0-255,5738,363383,9,391549
18908,0.057863,172.31.36.0-255,66,363449,9,391549
18909,0.059928,74.125.130.0-255,5738,369187,9,391549
18910,0.059935,172.31.36.0-255,66,369253,9,391549
18911,0.062,74.125.130.0-255,5738,374991,9,391549
18912,0.062007,172.31.36.0-255,66,375057,9,391549
18913,0.064063,74.125.130.0-255,5738,380795,9,391549
18914,0.064976,172.31.36.0-255,66,380861,9,391549
18915,0.067051,74.125.130.0-255,5738,386599,9,391549
18916,0.06706,172.31.36.0-255,66,386665,9,391549
18917,0.069142,74.125.130.0-255,4647,391312,9,391549
18918,0.069148,172.31.36.0-255,66,391378,9,391549
18919,0.069338,172.31.36.0-255,105,391483,9,391549
18920,0.071366,74.125.130.0-255,66,391549,9,391549
18921,0.0,74.125.68.0-255,153,153,9,319909
18922,1.4e-05,172.31.36.0-255,66,219,9,319909
18923,2.1e-05,74.125.68.0-255,1484,1703,9,319909
18924,2.6e-05,172.31.36.0-255,66,1769,9,319909
18925,2.9e-05,74.125.68.0-255,1484,3253,9,319909
18926,3.2e-05,172.31.36.0-255,66,3319,9,319909
18927,3.6e-05,74.125.68.0-255,1484,4803,9,319909
18928,3.9e-05,172.31.36.0-255,66,4869,9,319909
18929,6.6e-05,74.125.68.0-255,2902,7771,9,319909
18930,6.9e-05,172.31.36.0-255,66,7837,9,319909
18931,8.7e-05,74.125.68.0-255,1484,9321,9,319909
18932,9e-05,172.31.36.0-255,66,9387,9,319909
18933,0.000121,172.31.36.0-255,66,9453,9,319909
18934,0.000127,74.125.68.0-255,4320,13773,9,319909
18935,0.000129,172.31.36.0-255,66,13839,9,319909
18936,0.000157,74.125.68.0-255,7156,20995,9,319909
18937,0.000159,172.31.36.0-255,66,21061,9,319909
18938,0.000163,74.125.68.0-255,1125,22186,9,319909
18939,0.000165,172.31.36.0-255,66,22252,9,319909
18940,0.000411,74.125.68.0-255,1484,23736,9,319909
18941,0.000416,172.31.36.0-255,66,23802,9,319909
18942,0.000423,74.125.68.0-255,2902,26704,9,319909
18943,0.000425,172.31.36.0-255,66,26770,9,319909
18944,0.000429,74.125.68.0-255,1484,28254,9,319909
18945,0.000432,172.31.36.0-255,66,28320,9,319909
18946,0.000452,74.125.68.0-255,2902,31222,9,319909
18947,0.000455,172.31.36.0-255,66,31288,9,319909
18948,0.000463,74.125.68.0-255,5738,37026,9,319909
18949,0.000465,172.31.36.0-255,66,37092,9,319909
18950,0.000514,172.31.36.0-255,66,37158,9,319909
18951,0.000529,74.125.68.0-255,2543,39701,9,319909
18952,0.000532,172.31.36.0-255,66,39767,9,319909
18953,0.000548,74.125.68.0-255,2902,42669,9,319909
18954,0.000551,172.31.36.0-255,66,42735,9,319909
18955,0.000577,74.125.68.0-255,5690,48425,9,319909
18956,0.000581,172.31.36.0-255,66,48491,9,319909
18957,0.000618,74.125.68.0-255,111,48602,9,319909
18958,0.00074,74.125.68.0-255,1484,50086,9,319909
18959,0.000745,172.31.36.0-255,66,50152,9,319909
18960,0.000759,74.125.68.0-255,2902,53054,9,319909
18961,0.000762,172.31.36.0-255,66,53120,9,319909
18962,0.000765,74.125.68.0-255,1484,54604,9,319909
18963,0.000789,74.125.68.0-255,4320,58924,9,319909
18964,0.000792,172.31.36.0-255,66,58990,9,319909
18965,0.000799,74.125.68.0-255,6797,65787,9,319909
18966,0.000802,172.31.36.0-255,66,65853,9,319909
18967,0.000825,74.125.68.0-255,4320,70173,9,319909
18968,0.000828,172.31.36.0-255,66,70239,9,319909
18969,0.000846,74.125.68.0-255,2902,73141,9,319909
18970,0.000849,172.31.36.0-255,66,73207,9,319909
18971,0.00086,172.31.36.0-255,66,73273,9,319909
18972,0.000898,74.125.68.0-255,1125,74398,9,319909
18973,0.000961,74.125.68.0-255,1484,75882,9,319909
18974,0.000965,172.31.36.0-255,66,75948,9,319909
18975,0.000969,74.125.68.0-255,1484,77432,9,319909
18976,0.000998,74.125.68.0-255,2902,80334,9,319909
18977,0.001001,172.31.36.0-255,66,80400,9,319909
18978,0.001004,74.125.68.0-255,1484,81884,9,319909
18979,0.001023,74.125.68.0-255,4320,86204,9,319909
18980,0.001026,172.31.36.0-255,66,86270,9,319909
18981,0.00103,74.125.68.0-255,2902,89172,9,319909
18982,0.001032,172.31.36.0-255,66,89238,9,319909
18983,0.001052,74.125.68.0-255,5738,94976,9,319909
18984,0.001054,172.31.36.0-255,66,95042,9,319909
18985,0.00106,74.125.68.0-255,5738,100780,9,319909
18986,0.001063,172.31.36.0-255,66,100846,9,319909
18987,0.001082,74.125.68.0-255,4320,105166,9,319909
18988,0.001084,172.31.36.0-255,66,105232,9,319909
18989,0.001098,74.125.68.0-255,1484,106716,9,319909
18990,0.001112,74.125.68.0-255,2184,108900,9,319909
18991,0.001115,172.31.36.0-255,66,108966,9,319909
18992,0.001734,74.125.68.0-255,1484,110450,9,319909
18993,0.001752,74.125.68.0-255,2902,113352,9,319909
18994,0.001756,172.31.36.0-255,66,113418,9,319909
18995,0.001771,74.125.68.0-255,1484,114902,9,319909
18996,0.001796,74.125.68.0-255,4320,119222,9,319909
18997,0.001802,74.125.68.0-255,5738,124960,9,319909
18998,0.001806,74.125.68.0-255,4320,129280,9,319909
18999,0.00181,172.31.36.0-255,66,129346,9,319909
19000,0.001819,172.31.36.0-255,66,129412,9,319909
19001,0.001821,172.31.36.0-255,66,129478,9,319909
19002,0.001827,74.125.68.0-255,2902,132380,9,319909
19003,0.001829,172.31.36.0-255,66,132446,9,319909
19004,0.001832,74.125.68.0-255,1484,133930,9,319909
19005,0.001868,172.31.36.0-255,66,133996,9,319909
19006,0.00273,74.125.68.0-255,1484,135480,9,319909
19007,0.00274,74.125.68.0-255,2902,138382,9,319909
19008,0.002745,172.31.36.0-255,66,138448,9,319909
19009,0.002753,74.125.68.0-255,5738,144186,9,319909
19010,0.002756,172.31.36.0-255,66,144252,9,319909
19011,0.002774,74.125.68.0-255,5738,149990,9,319909
19012,0.002776,172.31.36.0-255,66,150056,9,319909
19013,0.002795,74.125.68.0-255,1484,151540,9,319909
19014,0.002799,74.125.68.0-255,1484,153024,9,319909
19015,0.002801,172.31.36.0-255,66,153090,9,319909
19016,0.00283,172.31.36.0-255,66,153156,9,319909
19017,0.002865,74.125.68.0-255,1484,154640,9,319909
19018,0.0029,172.31.36.0-255,66,154706,9,319909
19019,0.002915,172.31.36.0-255,66,154772,9,319909
19020,0.002921,74.125.68.0-255,5738,160510,9,319909
19021,0.002924,172.31.36.0-255,66,160576,9,319909
19022,0.002971,74.125.68.0-255,3602,164178,9,319909
19023,0.002973,172.31.36.0-255,66,164244,9,319909
19024,0.003052,74.125.68.0-255,1484,165728,9,319909
19025,0.003057,74.125.68.0-255,2902,168630,9,319909
19026,0.003059,172.31.36.0-255,66,168696,9,319909
19027,0.003062,74.125.68.0-255,1484,170180,9,319909
19028,0.003089,74.125.68.0-255,2902,173082,9,319909
19029,0.003092,172.31.36.0-255,66,173148,9,319909
19030,0.00312,74.125.68.0-255,5738,178886,9,319909
19031,0.003123,172.31.36.0-255,66,178952,9,319909
19032,0.003127,74.125.68.0-255,2902,181854,9,319909
19033,0.00313,172.31.36.0-255,66,181920,9,319909
19034,0.003135,74.125.68.0-255,4320,186240,9,319909
19035,0.003138,172.31.36.0-255,66,186306,9,319909
19036,0.003149,172.31.36.0-255,66,186372,9,319909
19037,0.003171,74.125.68.0-255,3602,189974,9,319909
19038,0.003173,172.31.36.0-255,66,190040,9,319909
19039,0.003177,74.125.68.0-255,1484,191524,9,319909
19040,0.003204,74.125.68.0-255,2902,194426,9,319909
19041,0.003207,172.31.36.0-255,66,194492,9,319909
19042,0.00323,74.125.68.0-255,4320,198812,9,319909
19043,0.003232,172.31.36.0-255,66,198878,9,319909
19044,0.003239,74.125.68.0-255,4320,203198,9,319909
19045,0.003241,172.31.36.0-255,66,203264,9,319909
19046,0.003302,172.31.36.0-255,66,203330,9,319909
19047,0.003305,74.125.68.0-255,1484,204814,9,319909
19048,0.00331,74.125.68.0-255,4320,209134,9,319909
19049,0.003312,172.31.36.0-255,66,209200,9,319909
19050,0.003334,74.125.68.0-255,5020,214220,9,319909
19051,0.003336,172.31.36.0-255,66,214286,9,319909
19052,0.00334,74.125.68.0-255,2902,217188,9,319909
19053,0.003342,172.31.36.0-255,66,217254,9,319909
19054,0.003348,74.125.68.0-255,4320,221574,9,319909
19055,0.003351,172.31.36.0-255,66,221640,9,319909
19056,0.003354,74.125.68.0-255,1484,223124,9,319909
19057,0.003378,74.125.68.0-255,4320,227444,9,319909
19058,0.003381,172.31.36.0-255,66,227510,9,319909
19059,0.003393,172.31.36.0-255,66,227576,9,319909
19060,0.003406,74.125.68.0-255,1484,229060,9,319909
19061,0.003409,74.125.68.0-255,1484,230544,9,319909
19062,0.003411,172.31.36.0-255,66,230610,9,319909
19063,0.003458,74.125.68.0-255,1484,232094,9,319909
19064,0.003486,74.125.68.0-255,6438,238532,9,319909
19065,0.003491,74.125.68.0-255,2902,241434,9,319909
19066,0.00351,74.125.68.0-255,5738,247172,9,319909
19067,0.003515,74.125.68.0-255,4320,251492,9,319909
19068,0.003521,74.125.68.0-255,5738,257230,9,319909
19069,0.00354,74.125.68.0-255,4320,261550,9,319909
19070,0.003556,74.125.68.0-255,7156,268706,9,319909
19071,0.003572,74.125.68.0-255,3602,272308,9,319909
19072,0.003639,74.125.68.0-255,1484,273792,9,319909
19073,0.003655,74.125.68.0-255,2902,276694,9,319909
19074,0.003681,74.125.68.0-255,5738,282432,9,319909
19075,0.003704,74.125.68.0-255,7156,289588,9,319909
19076,0.003726,74.125.68.0-255,4320,293908,9,319909
19077,0.003736,74.125.68.0-255,1484,295392,9,319909
19078,0.003751,74.125.68.0-255,1484,296876,9,319909
19079,0.003767,74.125.68.0-255,7156,304032,9,319909
19080,0.003771,74.125.68.0-255,2184,306216,9,319909
19081,0.003799,74.125.68.0-255,4320,310536,9,319909
19082,0.00384,74.125.68.0-255,105,310641,9,319909
19083,0.005472,172.31.36.0-255,66,310707,9,319909
19084,0.010025,172.31.36.0-255,105,310812,9,319909
19085,0.012234,74.125.68.0-255,66,310878,9,319909
19086,0.040575,172.31.36.0-255,176,311054,9,319909
19087,0.040614,172.31.36.0-255,1115,312169,9,319909
19088,0.04069,172.31.36.0-255,1514,313683,9,319909
19089,0.040693,172.31.36.0-255,1514,315197,9,319909
19090,0.040694,172.31.36.0-255,1514,316711,9,319909
19091,0.040695,172.31.36.0-255,1514,318225,9,319909
19092,0.040723,172.31.36.0-255,1486,319711,9,319909
19093,0.042175,104.244.42.0-255,66,319777,9,319909
19094,0.042189,104.244.42.0-255,66,319843,9,319909
19095,0.042274,104.244.42.0-255,66,319909,9,319909
19096,0.0,74.125.24.0-255,152,152,9,333836
19097,3.1e-05,172.31.36.0-255,66,218,9,333836
19098,3.8e-05,74.125.24.0-255,1484,1702,9,333836
19099,4.2e-05,172.31.36.0-255,66,1768,9,333836
19100,4.5e-05,74.125.24.0-255,2902,4670,9,333836
19101,4.7e-05,172.31.36.0-255,66,4736,9,333836
19102,6e-05,74.125.24.0-255,4320,9056,9,333836
19103,6.3e-05,172.31.36.0-255,66,9122,9,333836
19104,7.2e-05,172.31.36.0-255,66,9188,9,333836
19105,7.5e-05,74.125.24.0-255,1484,10672,9,333836
19106,7.6e-05,172.31.36.0-255,66,10738,9,333836
19107,0.000111,74.125.24.0-255,7156,17894,9,333836
19108,0.000113,172.31.36.0-255,66,17960,9,333836
19109,0.000144,74.125.24.0-255,1484,19444,9,333836
19110,0.000147,172.31.36.0-255,66,19510,9,333836
19111,0.000172,74.125.24.0-255,2543,22053,9,333836
19112,0.000175,172.31.36.0-255,66,22119,9,333836
19113,0.000179,74.125.24.0-255,4320,26439,9,333836
19114,0.000182,172.31.36.0-255,66,26505,9,333836
19115,0.000186,74.125.24.0-255,4320,30825,9,333836
19116,0.000188,172.31.36.0-255,66,30891,9,333836
19117,0.000209,74.125.24.0-255,1484,32375,9,333836
19118,0.000211,172.31.36.0-255,66,32441,9,333836
19119,0.00024,172.31.36.0-255,66,32507,9,333836
19120,0.000264,74.125.24.0-255,2543,35050,9,333836
19121,0.000267,172.31.36.0-255,66,35116,9,333836
19122,0.000271,74.125.24.0-255,4320,39436,9,333836
19123,0.000273,172.31.36.0-255,66,39502,9,333836
19124,0.000289,74.125.24.0-255,4320,43822,9,333836
19125,0.000292,172.31.36.0-255,66,43888,9,333836
19126,0.000311,74.125.24.0-255,2543,46431,9,333836
19127,0.000313,172.31.36.0-255,66,46497,9,333836
19128,0.000419,74.125.24.0-255,411,46908,9,333836
19129,0.000632,74.125.24.0-255,1484,48392,9,333836
19130,0.000636,172.31.36.0-255,66,48458,9,333836
19131,0.00064,74.125.24.0-255,2902,51360,9,333836
19132,0.000642,172.31.36.0-255,66,51426,9,333836
19133,0.000661,74.125.24.0-255,5738,57164,9,333836
19134,0.000664,172.31.36.0-255,66,57230,9,333836
19135,0.000666,74.125.24.0-255,1484,58714,9,333836
19136,0.000698,172.31.36.0-255,66,58780,9,333836
19137,0.000704,74.125.24.0-255,4320,63100,9,333836
19138,0.000706,172.31.36.0-255,66,63166,9,333836
19139,0.000724,74.125.24.0-255,1484,64650,9,333836
19140,0.00076,74.125.24.0-255,1484,66134,9,333836
19141,0.000762,172.31.36.0-255,66,66200,9,333836
19142,0.000779,74.125.24.0-255,2543,68743,9,333836
19143,0.000781,172.31.36.0-255,66,68809,9,333836
19144,0.001194,74.125.24.0-255,1484,70293,9,333836
19145,0.001204,74.125.24.0-255,2902,73195,9,333836
19146,0.001208,172.31.36.0-255,66,73261,9,333836
19147,0.001216,74.125.24.0-255,5738,78999,9,333836
19148,0.001244,172.31.36.0-255,66,79065,9,333836
19149,0.001259,172.31.36.0-255,66,79131,9,333836
19150,0.001324,172.31.36.0-255,66,79197,9,333836
19151,0.001328,74.125.24.0-255,2184,81381,9,333836
19152,0.00133,172.31.36.0-255,66,81447,9,333836
19153,0.001826,74.125.24.0-255,1484,82931,9,333836
19154,0.001836,74.125.24.0-255,2902,85833,9,333836
19155,0.001841,172.31.36.0-255,66,85899,9,333836
19156,0.001847,74.125.24.0-255,5738,91637,9,333836
19157,0.001849,172.31.36.0-255,66,91703,9,333836
19158,0.001883,172.31.36.0-255,66,91769,9,333836
19159,0.001894,172.31.36.0-255,66,91835,9,333836
19160,0.001925,74.125.24.0-255,5020,96855,9,333836
19161,0.001928,172.31.36.0-255,66,96921,9,333836
19162,0.003895,74.125.24.0-255,5738,102659,9,333836
19163,0.0039,172.31.36.0-255,66,102725,9,333836
19164,0.005862,74.125.24.0-255,2902,105627,9,333836
19165,0.005867,172.31.36.0-255,66,105693,9,333836
19166,0.005893,74.125.24.0-255,2902,108595,9,333836
19167,0.005896,172.31.36.0-255,66,108661,9,333836
19168,0.007858,74.125.24.0-255,5738,114399,9,333836
19169,0.007865,172.31.36.0-255,66,114465,9,333836
19170,0.009837,74.125.24.0-255,5738,120203,9,333836
19171,0.009845,172.31.36.0-255,66,120269,9,333836
19172,0.011841,74.125.24.0-255,5738,126007,9,333836
19173,0.011848,172.31.36.0-255,66,126073,9,333836
19174,0.01383,74.125.24.0-255,5738,131811,9,333836
19175,0.013838,172.31.36.0-255,66,131877,9,333836
19176,0.015827,74.125.24.0-255,5738,137615,9,333836
19177,0.015834,172.31.36.0-255,66,137681,9,333836
19178,0.017841,74.125.24.0-255,5738,143419,9,333836
19179,0.017849,172.31.36.0-255,66,143485,9,333836
19180,0.019814,74.125.24.0-255,5738,149223,9,333836
19181,0.01982,172.31.36.0-255,66,149289,9,333836
19182,0.02179,74.125.24.0-255,5738,155027,9,333836
19183,0.021795,172.31.36.0-255,66,155093,9,333836
19184,0.023763,74.125.24.0-255,5738,160831,9,333836
19185,0.02377,172.31.36.0-255,66,160897,9,333836
19186,0.025735,74.125.24.0-255,5738,166635,9,333836
19187,0.025741,172.31.36.0-255,66,166701,9,333836
19188,0.027724,74.125.24.0-255,5738,172439,9,333836
19189,0.027731,172.31.36.0-255,66,172505,9,333836
19190,0.029679,74.125.24.0-255,4320,176825,9,333836
19191,0.029686,172.31.36.0-255,66,176891,9,333836
19192,0.029716,74.125.24.0-255,1484,178375,9,333836
19193,0.030757,172.31.36.0-255,168,178543,9,333836
19194,0.030788,172.31.36.0-255,1070,179613,9,333836
19195,0.031657,74.125.24.0-255,4320,183933,9,333836
19196,0.031664,172.31.36.0-255,66,183999,9,333836
19197,0.032334,104.244.42.0-255,66,184065,9,333836
19198,0.032342,104.244.42.0-255,66,184131,9,333836
19199,0.033684,74.125.24.0-255,5738,189869,9,333836
19200,0.033689,172.31.36.0-255,66,189935,9,333836
19201,0.035647,74.125.24.0-255,5738,195673,9,333836
19202,0.035653,172.31.36.0-255,66,195739,9,333836
19203,0.037608,74.125.24.0-255,5738,201477,9,333836
19204,0.037614,172.31.36.0-255,66,201543,9,333836
19205,0.039565,74.125.24.0-255,5738,207281,9,333836
19206,0.03957,172.31.36.0-255,66,207347,9,333836
19207,0.041513,74.125.24.0-255,5738,213085,9,333836
19208,0.041519,172.31.36.0-255,66,213151,9,333836
19209,0.043491,74.125.24.0-255,5738,218889,9,333836
19210,0.043497,172.31.36.0-255,66,218955,9,333836
19211,0.045458,74.125.24.0-255,5738,224693,9,333836
19212,0.045463,172.31.36.0-255,66,224759,9,333836
19213,0.047464,74.125.24.0-255,5738,230497,9,333836
19214,0.047469,172.31.36.0-255,66,230563,9,333836
19215,0.049429,74.125.24.0-255,5738,236301,9,333836
19216,0.049435,172.31.36.0-255,66,236367,9,333836
19217,0.049568,172.31.36.0-255,101,236468,9,333836
19218,0.05144,74.125.24.0-255,5738,242206,9,333836
19219,0.051446,172.31.36.0-255,66,242272,9,333836
19220,0.05148,74.125.24.0-255,66,242338,9,333836
19221,0.05339,74.125.24.0-255,5738,248076,9,333836
19222,0.053395,172.31.36.0-255,66,248142,9,333836
19223,0.05537,74.125.24.0-255,5738,253880,9,333836
19224,0.055376,172.31.36.0-255,66,253946,9,333836
19225,0.057333,74.125.24.0-255,1484,255430,9,333836
19226,0.057368,74.125.24.0-255,4320,259750,9,333836
19227,0.057373,172.31.36.0-255,66,259816,9,333836
19228,0.059337,74.125.24.0-255,5738,265554,9,333836
19229,0.059343,172.31.36.0-255,66,265620,9,333836
19230,0.061299,74.125.24.0-255,5738,271358,9,333836
19231,0.061306,172.31.36.0-255,66,271424,9,333836
19232,0.063299,74.125.24.0-255,5738,277162,9,333836
19233,0.063304,172.31.36.0-255,66,277228,9,333836
19234,0.065249,74.125.24.0-255,5738,282966,9,333836
19235,0.065255,172.31.36.0-255,66,283032,9,333836
19236,0.067225,74.125.24.0-255,5738,288770,9,333836
19237,0.067231,172.31.36.0-255,66,288836,9,333836
19238,0.069203,74.125.24.0-255,5738,294574,9,333836
19239,0.069209,172.31.36.0-255,66,294640,9,333836
19240,0.071173,74.125.24.0-255,5738,300378,9,333836
19241,0.071178,172.31.36.0-255,66,300444,9,333836
19242,0.073161,74.125.24.0-255,5738,306182,9,333836
19243,0.073167,172.31.36.0-255,66,306248,9,333836
19244,0.07514,74.125.24.0-255,5738,311986,9,333836
19245,0.075152,172.31.36.0-255,66,312052,9,333836
19246,0.077131,74.125.24.0-255,5738,317790,9,333836
19247,0.077143,172.31.36.0-255,66,317856,9,333836
19248,0.07912,74.125.24.0-255,5738,323594,9,333836
19249,0.079133,172.31.36.0-255,66,323660,9,333836
19250,0.081138,74.125.24.0-255,5738,329398,9,333836
19251,0.081152,172.31.36.0-255,66,329464,9,333836
19252,0.083116,74.125.24.0-255,4135,333599,9,333836
19253,0.083122,172.31.36.0-255,66,333665,9,333836
19254,0.083303,172.31.36.0-255,105,333770,9,333836
19255,0.089164,74.125.24.0-255,66,333836,9,333836
19256,0.0,172.31.36.0-255,188,188,9,11811
19257,5.1e-05,172.31.36.0-255,982,1170,9,11811
19258,0.000145,172.31.36.0-255,1514,2684,9,11811
19259,0.000147,172.31.36.0-255,1514,4198,9,11811
19260,0.000152,172.31.36.0-255,1514,5712,9,11811
19261,0.000154,172.31.36.0-255,1514,7226,9,11811
19262,0.000174,172.31.36.0-255,1514,8740,9,11811
19263,0.000175,172.31.36.0-255,1514,10254,9,11811
19264,0.000197,172.31.36.0-255,1293,11547,9,11811
19265,0.001546,104.244.42.0-255,66,11613,9,11811
19266,0.001609,104.244.42.0-255,66,11679,9,11811
19267,0.001726,104.244.42.0-255,66,11745,9,11811
19268,0.001732,104.244.42.0-255,66,11811,9,11811
19269,0.0,172.217.194.0-255,153,153,9,222853
19270,2.8e-05,172.31.36.0-255,66,219,9,222853
19271,3.5e-05,172.217.194.0-255,1484,1703,9,222853
19272,3.9e-05,172.31.36.0-255,66,1769,9,222853
19273,4.3e-05,172.217.194.0-255,2902,4671,9,222853
19274,4.6e-05,172.31.36.0-255,66,4737,9,222853
19275,5.3e-05,172.217.194.0-255,7156,11893,9,222853
19276,5.6e-05,172.31.36.0-255,66,11959,9,222853
19277,5.9e-05,172.217.194.0-255,1484,13443,9,222853
19278,6.1e-05,172.31.36.0-255,66,13509,9,222853
19279,9.7e-05,172.217.194.0-255,4903,18412,9,222853
19280,0.000101,172.31.36.0-255,66,18478,9,222853
19281,0.000108,172.217.194.0-255,7156,25634,9,222853
19282,0.00011,172.31.36.0-255,66,25700,9,222853
19283,0.000125,172.31.36.0-255,66,25766,9,222853
19284,0.000132,172.217.194.0-255,6438,32204,9,222853
19285,0.000134,172.31.36.0-255,66,32270,9,222853
19286,0.000297,172.217.194.0-255,1484,33754,9,222853
19287,0.000302,172.31.36.0-255,66,33820,9,222853
19288,0.000306,172.217.194.0-255,1484,35304,9,222853
19289,0.000308,172.31.36.0-255,66,35370,9,222853
19290,0.000321,172.217.194.0-255,1484,36854,9,222853
19291,0.000325,172.31.36.0-255,66,36920,9,222853
19292,0.000332,172.217.194.0-255,5738,42658,9,222853
19293,0.000335,172.31.36.0-255,66,42724,9,222853
19294,0.000382,172.217.194.0-255,7101,49825,9,222853
19295,0.000386,172.31.36.0-255,66,49891,9,222853
19296,0.000393,172.217.194.0-255,7156,57047,9,222853
19297,0.000395,172.31.36.0-255,66,57113,9,222853
19298,0.000413,172.217.194.0-255,1484,58597,9,222853
19299,0.000417,172.31.36.0-255,66,58663,9,222853
19300,0.000469,172.31.36.0-255,66,58729,9,222853
19301,0.000473,172.217.194.0-255,4320,63049,9,222853
19302,0.000475,172.31.36.0-255,66,63115,9,222853
19303,0.000486,172.217.194.0-255,1484,64599,9,222853
19304,0.00049,172.31.36.0-255,66,64665,9,222853
19305,0.000506,172.217.194.0-255,7156,71821,9,222853
19306,0.00051,172.217.194.0-255,2902,74723,9,222853
19307,0.00052,172.31.36.0-255,66,74789,9,222853
19308,0.000532,172.217.194.0-255,7156,81945,9,222853
19309,0.000537,172.31.36.0-255,66,82011,9,222853
19310,0.000547,172.217.194.0-255,4320,86331,9,222853
19311,0.000554,172.217.194.0-255,6438,92769,9,222853
19312,0.00056,172.31.36.0-255,66,92835,9,222853
19313,0.000616,172.217.194.0-255,1484,94319,9,222853
19314,0.000633,172.217.194.0-255,2902,97221,9,222853
19315,0.000638,172.217.194.0-255,4320,101541,9,222853
19316,0.00065,172.31.36.0-255,66,101607,9,222853
19317,0.000651,172.217.194.0-255,1484,103091,9,222853
19318,0.000673,172.217.194.0-255,5738,108829,9,222853
19319,0.000684,172.31.36.0-255,66,108895,9,222853
19320,0.00069,172.217.194.0-255,7156,116051,9,222853
19321,0.000697,172.217.194.0-255,7156,123207,9,222853
19322,0.0007,172.31.36.0-255,66,123273,9,222853
19323,0.000739,172.217.194.0-255,3602,126875,9,222853
19324,0.000753,172.31.36.0-255,66,126941,9,222853
19325,0.000893,172.217.194.0-255,1484,128425,9,222853
19326,0.000914,172.217.194.0-255,2902,131327,9,222853
19327,0.00092,172.31.36.0-255,66,131393,9,222853
19328,0.000925,172.217.194.0-255,2902,134295,9,222853
19329,0.000934,172.31.36.0-255,66,134361,9,222853
19330,0.00095,172.217.194.0-255,2902,137263,9,222853
19331,0.000956,172.217.194.0-255,5738,143001,9,222853
19332,0.000959,172.217.194.0-255,1484,144485,9,222853
19333,0.00096,172.31.36.0-255,66,144551,9,222853
19334,0.000985,172.31.36.0-255,66,144617,9,222853
19335,0.001005,172.217.194.0-255,1484,146101,9,222853
19336,0.001012,172.217.194.0-255,5020,151121,9,222853
19337,0.001024,172.31.36.0-255,66,151187,9,222853
19338,0.001066,172.217.194.0-255,1484,152671,9,222853
19339,0.001081,172.217.194.0-255,2902,155573,9,222853
19340,0.001085,172.31.36.0-255,66,155639,9,222853
19341,0.001091,172.217.194.0-255,4320,159959,9,222853
19342,0.001101,172.31.36.0-255,66,160025,9,222853
19343,0.001103,172.217.194.0-255,1484,161509,9,222853
19344,0.001119,172.217.194.0-255,5738,167247,9,222853
19345,0.001126,172.31.36.0-255,66,167313,9,222853
19346,0.001135,172.217.194.0-255,5738,173051,9,222853
19347,0.001143,172.31.36.0-255,66,173117,9,222853
19348,0.001147,172.217.194.0-255,1484,174601,9,222853
19349,0.001152,172.217.194.0-255,4320,178921,9,222853
19350,0.001157,172.31.36.0-255,66,178987,9,222853
19351,0.001213,172.31.36.0-255,66,179053,9,222853
19352,0.00122,172.217.194.0-255,2184,181237,9,222853
19353,0.001239,172.31.36.0-255,66,181303,9,222853
19354,0.001248,172.217.194.0-255,5020,186323,9,222853
19355,0.001254,172.31.36.0-255,66,186389,9,222853
19356,0.001268,172.31.36.0-255,66,186455,9,222853
19357,0.001297,172.217.194.0-255,6438,192893,9,222853
19358,0.001297,172.31.36.0-255,66,192959,9,222853
19359,0.001301,172.31.36.0-255,66,193025,9,222853
19360,0.001315,172.217.194.0-255,4320,197345,9,222853
19361,0.001333,172.31.36.0-255,66,197411,9,222853
19362,0.001361,172.31.36.0-255,66,197477,9,222853
19363,0.001382,172.31.36.0-255,66,197543,9,222853
19364,0.00141,172.217.194.0-255,6438,203981,9,222853
19365,0.00142,172.31.36.0-255,66,204047,9,222853
19366,0.001433,172.217.194.0-255,5738,209785,9,222853
19367,0.001435,172.31.36.0-255,66,209851,9,222853
19368,0.001439,172.31.36.0-255,66,209917,9,222853
19369,0.00146,172.217.194.0-255,2902,212819,9,222853
19370,0.001465,172.31.36.0-255,66,212885,9,222853
19371,0.001466,172.217.194.0-255,4320,217205,9,222853
19372,0.001469,172.31.36.0-255,66,217271,9,222853
19373,0.00153,172.31.36.0-255,66,217337,9,222853
19374,0.001546,172.31.36.0-255,66,217403,9,222853
19375,0.001566,172.217.194.0-255,3602,221005,9,222853
19376,0.001576,172.31.36.0-255,66,221071,9,222853
19377,0.00158,172.31.36.0-255,66,221137,9,222853
19378,0.001602,172.217.194.0-255,105,221242,9,222853
19379,0.007703,172.31.36.0-255,66,221308,9,222853
19380,0.00773,172.31.36.0-255,105,221413,9,222853
19381,0.009968,172.217.194.0-255,66,221479,9,222853
19382,0.047177,172.31.36.0-255,172,221651,9,222853
19383,0.047205,172.31.36.0-255,1070,222721,9,222853
19384,0.048712,104.244.42.0-255,66,222787,9,222853
19385,0.048747,104.244.42.0-255,66,222853,9,222853
19386,0.0,172.217.194.0-255,298,298,9,304674
19387,3.1e-05,172.31.36.0-255,66,364,9,304674
19388,3.8e-05,172.217.194.0-255,1484,1848,9,304674
19389,4.1e-05,172.31.36.0-255,66,1914,9,304674
19390,4.7e-05,172.217.194.0-255,2902,4816,9,304674
19391,5e-05,172.31.36.0-255,66,4882,9,304674
19392,5.5e-05,172.217.194.0-255,4320,9202,9,304674
19393,5.8e-05,172.31.36.0-255,66,9268,9,304674
19394,7.2e-05,172.217.194.0-255,1484,10752,9,304674
19395,7.4e-05,172.31.36.0-255,66,10818,9,304674
19396,7.9e-05,172.217.194.0-255,3237,14055,9,304674
19397,8.1e-05,172.31.36.0-255,66,14121,9,304674
19398,8.6e-05,172.217.194.0-255,4320,18441,9,304674
19399,9e-05,172.31.36.0-255,66,18507,9,304674
19400,0.000118,172.31.36.0-255,66,18573,9,304674
19401,0.000122,172.217.194.0-255,2543,21116,9,304674
19402,0.000125,172.31.36.0-255,66,21182,9,304674
19403,0.000217,172.217.194.0-255,1484,22666,9,304674
19404,0.000221,172.31.36.0-255,66,22732,9,304674
19405,0.000226,172.217.194.0-255,2902,25634,9,304674
19406,0.000229,172.31.36.0-255,66,25700,9,304674
19407,0.000245,172.217.194.0-255,5738,31438,9,304674
19408,0.000248,172.31.36.0-255,66,31504,9,304674
19409,0.0003,172.31.36.0-255,66,31570,9,304674
19410,0.000326,172.31.36.0-255,66,31636,9,304674
19411,0.000343,172.217.194.0-255,1484,33120,9,304674
19412,0.000345,172.31.36.0-255,66,33186,9,304674
19413,0.000352,172.217.194.0-255,4250,37436,9,304674
19414,0.000354,172.31.36.0-255,66,37502,9,304674
19415,0.000357,172.217.194.0-255,99,37601,9,304674
19416,0.000421,172.217.194.0-255,1484,39085,9,304674
19417,0.000427,172.31.36.0-255,66,39151,9,304674
19418,0.00043,172.217.194.0-255,1484,40635,9,304674
19419,0.000445,172.217.194.0-255,1484,42119,9,304674
19420,0.000448,172.31.36.0-255,66,42185,9,304674
19421,0.000455,172.217.194.0-255,5738,47923,9,304674
19422,0.000458,172.31.36.0-255,66,47989,9,304674
19423,0.000475,172.217.194.0-255,2902,50891,9,304674
19424,0.000479,172.31.36.0-255,66,50957,9,304674
19425,0.00052,172.31.36.0-255,66,51023,9,304674
19426,0.000533,172.31.36.0-255,66,51089,9,304674
19427,0.00085,172.217.194.0-255,363,51452,9,304674
19428,0.001006,172.217.194.0-255,1484,52936,9,304674
19429,0.00101,172.31.36.0-255,66,53002,9,304674
19430,0.001015,172.217.194.0-255,2902,55904,9,304674
19431,0.001017,172.31.36.0-255,66,55970,9,304674
19432,0.001034,172.217.194.0-255,5738,61708,9,304674
19433,0.001036,172.31.36.0-255,66,61774,9,304674
19434,0.001056,172.217.194.0-255,4320,66094,9,304674
19435,0.001059,172.31.36.0-255,66,66160,9,304674
19436,0.001095,172.31.36.0-255,66,66226,9,304674
19437,0.001106,172.31.36.0-255,66,66292,9,304674
19438,0.003358,172.217.194.0-255,5738,72030,9,304674
19439,0.003365,172.31.36.0-255,66,72096,9,304674
19440,0.00563,172.217.194.0-255,5738,77834,9,304674
19441,0.005637,172.31.36.0-255,66,77900,9,304674
19442,0.007919,172.217.194.0-255,4320,82220,9,304674
19443,0.007925,172.31.36.0-255,66,82286,9,304674
19444,0.007941,172.217.194.0-255,1484,83770,9,304674
19445,0.01041,172.217.194.0-255,4320,88090,9,304674
19446,0.01047,172.31.36.0-255,66,88156,9,304674
19447,0.012757,172.217.194.0-255,5738,93894,9,304674
19448,0.012764,172.31.36.0-255,66,93960,9,304674
19449,0.015028,172.217.194.0-255,5738,99698,9,304674
19450,0.015036,172.31.36.0-255,66,99764,9,304674
19451,0.017365,172.217.194.0-255,5738,105502,9,304674
19452,0.017374,172.31.36.0-255,66,105568,9,304674
19453,0.019675,172.217.194.0-255,5738,111306,9,304674
19454,0.019682,172.31.36.0-255,66,111372,9,304674
19455,0.022026,172.217.194.0-255,4320,115692,9,304674
19456,0.022034,172.31.36.0-255,66,115758,9,304674
19457,0.022061,172.217.194.0-255,1484,117242,9,304674
19458,0.024352,172.217.194.0-255,4320,121562,9,304674
19459,0.024359,172.31.36.0-255,66,121628,9,304674
19460,0.026652,172.217.194.0-255,5738,127366,9,304674
19461,0.026659,172.31.36.0-255,66,127432,9,304674
19462,0.028972,172.217.194.0-255,5738,133170,9,304674
19463,0.028979,172.31.36.0-255,66,133236,9,304674
19464,0.031261,172.217.194.0-255,5738,138974,9,304674
19465,0.031269,172.31.36.0-255,66,139040,9,304674
19466,0.033533,172.217.194.0-255,5738,144778,9,304674
19467,0.033541,172.31.36.0-255,66,144844,9,304674
19468,0.035796,172.217.194.0-255,5738,150582,9,304674
19469,0.035804,172.31.36.0-255,66,150648,9,304674
19470,0.038067,172.217.194.0-255,5738,156386,9,304674
19471,0.038075,172.31.36.0-255,66,156452,9,304674
19472,0.040388,172.217.194.0-255,5738,162190,9,304674
19473,0.040396,172.31.36.0-255,66,162256,9,304674
19474,0.042681,172.217.194.0-255,5738,167994,9,304674
19475,0.042691,172.31.36.0-255,66,168060,9,304674
19476,0.044954,172.217.194.0-255,5738,173798,9,304674
19477,0.044961,172.31.36.0-255,66,173864,9,304674
19478,0.04729,172.217.194.0-255,5738,179602,9,304674
19479,0.047299,172.31.36.0-255,66,179668,9,304674
19480,0.049574,172.217.194.0-255,5738,185406,9,304674
19481,0.049581,172.31.36.0-255,66,185472,9,304674
19482,0.051862,172.217.194.0-255,5738,191210,9,304674
19483,0.051868,172.31.36.0-255,66,191276,9,304674
19484,0.052978,172.31.36.0-255,172,191448,9,304674
19485,0.05302,172.31.36.0-255,1070,192518,9,304674
19486,0.054187,172.217.194.0-255,5738,198256,9,304674
19487,0.054195,172.31.36.0-255,66,198322,9,304674
19488,0.054526,104.244.42.0-255,66,198388,9,304674
19489,0.054574,104.244.42.0-255,66,198454,9,304674
19490,0.056476,172.217.194.0-255,5738,204192,9,304674
19491,0.056481,172.31.36.0-255,66,204258,9,304674
19492,0.058772,172.217.194.0-255,5738,209996,9,304674
19493,0.05878,172.31.36.0-255,66,210062,9,304674
19494,0.061062,172.217.194.0-255,5738,215800,9,304674
19495,0.061067,172.31.36.0-255,66,215866,9,304674
19496,0.063381,172.217.194.0-255,5738,221604,9,304674
19497,0.063386,172.31.36.0-255,66,221670,9,304674
19498,0.065693,172.217.194.0-255,4320,225990,9,304674
19499,0.065698,172.31.36.0-255,66,226056,9,304674
19500,0.065722,172.217.194.0-255,1484,227540,9,304674
19501,0.068021,172.217.194.0-255,4320,231860,9,304674
19502,0.068027,172.31.36.0-255,66,231926,9,304674
19503,0.070275,172.217.194.0-255,4320,236246,9,304674
19504,0.07028,172.31.36.0-255,66,236312,9,304674
19505,0.070306,172.217.194.0-255,1484,237796,9,304674
19506,0.072585,172.217.194.0-255,4320,242116,9,304674
19507,0.072591,172.31.36.0-255,66,242182,9,304674
19508,0.074883,172.217.194.0-255,5738,247920,9,304674
19509,0.07489,172.31.36.0-255,66,247986,9,304674
19510,0.077201,172.217.194.0-255,5738,253724,9,304674
19511,0.077207,172.31.36.0-255,66,253790,9,304674
19512,0.079466,172.217.194.0-255,5738,259528,9,304674
19513,0.079472,172.31.36.0-255,66,259594,9,304674
19514,0.081881,172.217.194.0-255,5738,265332,9,304674
19515,0.081887,172.31.36.0-255,66,265398,9,304674
19516,0.084159,172.217.194.0-255,5738,271136,9,304674
19517,0.084165,172.31.36.0-255,66,271202,9,304674
19518,0.08648,172.217.194.0-255,5738,276940,9,304674
19519,0.086485,172.31.36.0-255,66,277006,9,304674
19520,0.088787,172.217.194.0-255,5738,282744,9,304674
19521,0.088793,172.31.36.0-255,66,282810,9,304674
19522,0.091142,172.217.194.0-255,5738,288548,9,304674
19523,0.091148,172.31.36.0-255,66,288614,9,304674
19524,0.093476,172.217.194.0-255,4320,292934,9,304674
19525,0.093481,172.31.36.0-255,66,293000,9,304674
19526,0.093505,172.217.194.0-255,1484,294484,9,304674
19527,0.095778,172.217.194.0-255,4320,298804,9,304674
19528,0.095782,172.31.36.0-255,66,298870,9,304674
19529,0.098065,172.217.194.0-255,5738,304608,9,304674
19530,0.098071,172.31.36.0-255,66,304674,9,304674
19531,0.0,172.217.194.0-255,297,297,9,284750
19532,2.3e-05,172.31.36.0-255,66,363,9,284750
19533,3e-05,172.217.194.0-255,1484,1847,9,284750
19534,3.5e-05,172.31.36.0-255,66,1913,9,284750
19535,4.2e-05,172.217.194.0-255,4320,6233,9,284750
19536,4.5e-05,172.31.36.0-255,66,6299,9,284750
19537,7.4e-05,172.31.36.0-255,66,6365,9,284750
19538,0.000138,172.217.194.0-255,1484,7849,9,284750
19539,0.000141,172.31.36.0-255,66,7915,9,284750
19540,0.000145,172.217.194.0-255,1484,9399,9,284750
19541,0.000147,172.31.36.0-255,66,9465,9,284750
19542,0.000169,172.217.194.0-255,1484,10949,9,284750
19543,0.000171,172.31.36.0-255,66,11015,9,284750
19544,0.000177,172.217.194.0-255,5738,16753,9,284750
19545,0.000179,172.31.36.0-255,66,16819,9,284750
19546,0.000219,172.217.194.0-255,6797,23616,9,284750
19547,0.000221,172.31.36.0-255,66,23682,9,284750
19548,0.00024,172.217.194.0-255,1484,25166,9,284750
19549,0.000242,172.31.36.0-255,66,25232,9,284750
19550,0.000266,172.217.194.0-255,5738,30970,9,284750
19551,0.000269,172.31.36.0-255,66,31036,9,284750
19552,0.000276,172.217.194.0-255,5738,36774,9,284750
19553,0.000279,172.31.36.0-255,66,36840,9,284750
19554,0.000312,172.217.194.0-255,4320,41160,9,284750
19555,0.000315,172.31.36.0-255,66,41226,9,284750
19556,0.00033,172.217.194.0-255,3961,45187,9,284750
19557,0.000333,172.31.36.0-255,66,45253,9,284750
19558,0.00034,172.217.194.0-255,7156,52409,9,284750
19559,0.000343,172.31.36.0-255,66,52475,9,284750
19560,0.000358,172.217.194.0-255,1484,53959,9,284750
19561,0.000361,172.31.36.0-255,66,54025,9,284750
19562,0.000367,172.217.194.0-255,4235,58260,9,284750
19563,0.000369,172.31.36.0-255,66,58326,9,284750
19564,0.000409,172.217.194.0-255,434,58760,9,284750
19565,0.000593,172.217.194.0-255,1484,60244,9,284750
19566,0.000598,172.31.36.0-255,66,60310,9,284750
19567,0.000605,172.217.194.0-255,2902,63212,9,284750
19568,0.000608,172.31.36.0-255,66,63278,9,284750
19569,0.000614,172.217.194.0-255,5738,69016,9,284750
19570,0.000617,172.31.36.0-255,66,69082,9,284750
19571,0.000653,172.217.194.0-255,7156,76238,9,284750
19572,0.000657,172.31.36.0-255,66,76304,9,284750
19573,0.000672,172.31.36.0-255,66,76370,9,284750
19574,0.000677,172.217.194.0-255,2184,78554,9,284750
19575,0.00068,172.31.36.0-255,66,78620,9,284750
19576,0.000864,172.217.194.0-255,1484,80104,9,284750
19577,0.00088,172.217.194.0-255,2902,83006,9,284750
19578,0.000887,172.217.194.0-255,5738,88744,9,284750
19579,0.000891,172.31.36.0-255,66,88810,9,284750
19580,0.000899,172.31.36.0-255,66,88876,9,284750
19581,0.000914,172.217.194.0-255,4320,93196,9,284750
19582,0.000916,172.31.36.0-255,66,93262,9,284750
19583,0.000939,172.31.36.0-255,66,93328,9,284750
19584,0.00095,172.31.36.0-255,66,93394,9,284750
19585,0.000954,172.217.194.0-255,217,93611,9,284750
19586,0.001036,172.217.194.0-255,1484,95095,9,284750
19587,0.001039,172.31.36.0-255,66,95161,9,284750
19588,0.001052,172.217.194.0-255,1484,96645,9,284750
19589,0.001071,172.217.194.0-255,1484,98129,9,284750
19590,0.001074,172.31.36.0-255,66,98195,9,284750
19591,0.001081,172.217.194.0-255,5738,103933,9,284750
19592,0.001084,172.31.36.0-255,66,103999,9,284750
19593,0.00109,172.217.194.0-255,5738,109737,9,284750
19594,0.001092,172.31.36.0-255,66,109803,9,284750
19595,0.001123,172.217.194.0-255,1125,110928,9,284750
19596,0.001256,172.217.194.0-255,1484,112412,9,284750
19597,0.001261,172.31.36.0-255,66,112478,9,284750
19598,0.001267,172.217.194.0-255,2902,115380,9,284750
19599,0.001269,172.31.36.0-255,66,115446,9,284750
19600,0.001272,172.217.194.0-255,1484,116930,9,284750
19601,0.001297,172.217.194.0-255,4320,121250,9,284750
19602,0.001301,172.31.36.0-255,66,121316,9,284750
19603,0.001307,172.217.194.0-255,5738,127054,9,284750
19604,0.00131,172.31.36.0-255,66,127120,9,284750
19605,0.001323,172.31.36.0-255,66,127186,9,284750
19606,0.001349,172.217.194.0-255,1484,128670,9,284750
19607,0.001356,172.217.194.0-255,5020,133690,9,284750
19608,0.001359,172.31.36.0-255,66,133756,9,284750
19609,0.001365,172.217.194.0-255,4320,138076,9,284750
19610,0.001367,172.31.36.0-255,66,138142,9,284750
19611,0.001379,172.217.194.0-255,1484,139626,9,284750
19612,0.001396,172.217.194.0-255,2902,142528,9,284750
19613,0.001398,172.31.36.0-255,66,142594,9,284750
19614,0.001426,172.31.36.0-255,66,142660,9,284750
19615,0.001429,172.217.194.0-255,1484,144144,9,284750
19616,0.001468,172.31.36.0-255,66,144210,9,284750
19617,0.00151,172.217.194.0-255,4320,148530,9,284750
19618,0.001513,172.31.36.0-255,66,148596,9,284750
19619,0.001533,172.31.36.0-255,66,148662,9,284750
19620,0.001545,172.31.36.0-255,66,148728,9,284750
19621,0.00155,172.217.194.0-255,4320,153048,9,284750
19622,0.001552,172.31.36.0-255,66,153114,9,284750
19623,0.001605,172.31.36.0-255,66,153180,9,284750
19624,0.00162,172.31.36.0-255,66,153246,9,284750
19625,0.001813,172.217.194.0-255,1484,154730,9,284750
19626,0.001819,172.217.194.0-255,2902,157632,9,284750
19627,0.001822,172.31.36.0-255,66,157698,9,284750
19628,0.001827,172.217.194.0-255,2902,160600,9,284750
19629,0.00183,172.31.36.0-255,66,160666,9,284750
19630,0.001844,172.217.194.0-255,2902,163568,9,284750
19631,0.001846,172.31.36.0-255,66,163634,9,284750
19632,0.001853,172.217.194.0-255,6797,170431,9,284750
19633,0.001856,172.31.36.0-255,66,170497,9,284750
19634,0.001899,172.217.194.0-255,2902,173399,9,284750
19635,0.001902,172.31.36.0-255,66,173465,9,284750
19636,0.001955,172.31.36.0-255,66,173531,9,284750
19637,0.00196,172.217.194.0-255,2543,176074,9,284750
19638,0.001962,172.31.36.0-255,66,176140,9,284750
19639,0.002339,172.217.194.0-255,1484,177624,9,284750
19640,0.002345,172.217.194.0-255,2902,180526,9,284750
19641,0.002349,172.31.36.0-255,66,180592,9,284750
19642,0.002357,172.217.194.0-255,5738,186330,9,284750
19643,0.002359,172.31.36.0-255,66,186396,9,284750
19644,0.002379,172.217.194.0-255,4320,190716,9,284750
19645,0.002381,172.31.36.0-255,66,190782,9,284750
19646,0.002394,172.217.194.0-255,2543,193325,9,284750
19647,0.002397,172.31.36.0-255,66,193391,9,284750
19648,0.004694,172.217.194.0-255,2902,196293,9,284750
19649,0.004701,172.31.36.0-255,66,196359,9,284750
19650,0.004728,172.217.194.0-255,2902,199261,9,284750
19651,0.004731,172.31.36.0-255,66,199327,9,284750
19652,0.007045,172.217.194.0-255,5738,205065,9,284750
19653,0.007052,172.31.36.0-255,66,205131,9,284750
19654,0.009381,172.217.194.0-255,5738,210869,9,284750
19655,0.009388,172.31.36.0-255,66,210935,9,284750
19656,0.011711,172.217.194.0-255,5738,216673,9,284750
19657,0.011717,172.31.36.0-255,66,216739,9,284750
19658,0.014101,172.217.194.0-255,5738,222477,9,284750
19659,0.014109,172.31.36.0-255,66,222543,9,284750
19660,0.016443,172.217.194.0-255,5738,228281,9,284750
19661,0.016469,172.31.36.0-255,66,228347,9,284750
19662,0.0188,172.217.194.0-255,5738,234085,9,284750
19663,0.018809,172.31.36.0-255,66,234151,9,284750
19664,0.021117,172.217.194.0-255,5738,239889,9,284750
19665,0.021125,172.31.36.0-255,66,239955,9,284750
19666,0.02346,172.217.194.0-255,5738,245693,9,284750
19667,0.023465,172.31.36.0-255,66,245759,9,284750
19668,0.025783,172.217.194.0-255,5738,251497,9,284750
19669,0.02579,172.31.36.0-255,66,251563,9,284750
19670,0.028134,172.217.194.0-255,5738,257301,9,284750
19671,0.028147,172.31.36.0-255,66,257367,9,284750
19672,0.030524,172.217.194.0-255,5738,263105,9,284750
19673,0.030534,172.31.36.0-255,66,263171,9,284750
19674,0.032895,172.217.194.0-255,5738,268909,9,284750
19675,0.032902,172.31.36.0-255,66,268975,9,284750
19676,0.035292,172.217.194.0-255,5738,274713,9,284750
19677,0.035298,172.31.36.0-255,66,274779,9,284750
19678,0.037596,172.217.194.0-255,639,275418,9,284750
19679,0.037737,172.31.36.0-255,66,275484,9,284750
19680,0.037775,172.31.36.0-255,105,275589,9,284750
19681,0.040061,172.217.194.0-255,66,275655,9,284750
19682,0.043622,172.31.36.0-255,172,275827,9,284750
19683,0.043654,172.31.36.0-255,1116,276943,9,284750
19684,0.043729,172.31.36.0-255,1514,278457,9,284750
19685,0.043732,172.31.36.0-255,1514,279971,9,284750
19686,0.043737,172.31.36.0-255,1514,281485,9,284750
19687,0.043739,172.31.36.0-255,1514,282999,9,284750
19688,0.043756,172.31.36.0-255,1487,284486,9,284750
19689,0.045102,104.244.42.0-255,66,284552,9,284750
19690,0.045133,104.244.42.0-255,66,284618,9,284750
19691,0.045235,104.244.42.0-255,66,284684,9,284750
19692,0.045266,104.244.42.0-255,66,284750,9,284750
19693,0.0,74.125.24.0-255,150,150,9,202772
19694,2.1e-05,172.31.36.0-255,66,216,9,202772
19695,2.9e-05,74.125.24.0-255,1484,1700,9,202772
19696,3.4e-05,172.31.36.0-255,66,1766,9,202772
19697,5.5e-05,74.125.24.0-255,2902,4668,9,202772
19698,5.9e-05,172.31.36.0-255,66,4734,9,202772
19699,7.3e-05,74.125.24.0-255,5738,10472,9,202772
19700,7.7e-05,172.31.36.0-255,66,10538,9,202772
19701,0.000132,172.31.36.0-255,66,10604,9,202772
19702,0.000161,74.125.24.0-255,6797,17401,9,202772
19703,0.000164,172.31.36.0-255,66,17467,9,202772
19704,0.000215,74.125.24.0-255,1484,18951,9,202772
19705,0.000217,172.31.36.0-255,66,19017,9,202772
19706,0.000236,74.125.24.0-255,2902,21919,9,202772
19707,0.000238,172.31.36.0-255,66,21985,9,202772
19708,0.000268,74.125.24.0-255,5738,27723,9,202772
19709,0.000271,172.31.36.0-255,66,27789,9,202772
19710,0.000316,172.31.36.0-255,66,27855,9,202772
19711,0.000326,172.31.36.0-255,66,27921,9,202772
19712,0.000334,74.125.24.0-255,1400,29321,9,202772
19713,0.000336,172.31.36.0-255,66,29387,9,202772
19714,0.000395,74.125.24.0-255,380,29767,9,202772
19715,0.000398,172.31.36.0-255,66,29833,9,202772
19716,0.000491,74.125.24.0-255,1484,31317,9,202772
19717,0.000495,172.31.36.0-255,66,31383,9,202772
19718,0.000499,74.125.24.0-255,1484,32867,9,202772
19719,0.000501,172.31.36.0-255,66,32933,9,202772
19720,0.000522,74.125.24.0-255,1484,34417,9,202772
19721,0.000525,172.31.36.0-255,66,34483,9,202772
19722,0.000537,74.125.24.0-255,5738,40221,9,202772
19723,0.00054,172.31.36.0-255,66,40287,9,202772
19724,0.000544,74.125.24.0-255,2902,43189,9,202772
19725,0.000547,172.31.36.0-255,66,43255,9,202772
19726,0.000578,172.31.36.0-255,66,43321,9,202772
19727,0.000591,172.31.36.0-255,66,43387,9,202772
19728,0.000594,74.125.24.0-255,1125,44512,9,202772
19729,0.000885,74.125.24.0-255,1484,45996,9,202772
19730,0.000891,172.31.36.0-255,66,46062,9,202772
19731,0.000898,74.125.24.0-255,2902,48964,9,202772
19732,0.0009,172.31.36.0-255,66,49030,9,202772
19733,0.000911,74.125.24.0-255,5738,54768,9,202772
19734,0.000914,172.31.36.0-255,66,54834,9,202772
19735,0.000963,172.31.36.0-255,66,54900,9,202772
19736,0.000977,172.31.36.0-255,66,54966,9,202772
19737,0.00099,172.31.36.0-255,66,55032,9,202772
19738,0.00106,172.31.36.0-255,66,55098,9,202772
19739,0.001065,74.125.24.0-255,3602,58700,9,202772
19740,0.001067,172.31.36.0-255,66,58766,9,202772
19741,0.001568,74.125.24.0-255,1484,60250,9,202772
19742,0.001577,74.125.24.0-255,2902,63152,9,202772
19743,0.001581,172.31.36.0-255,66,63218,9,202772
19744,0.001611,74.125.24.0-255,5738,68956,9,202772
19745,0.001614,172.31.36.0-255,66,69022,9,202772
19746,0.001622,74.125.24.0-255,7156,76178,9,202772
19747,0.001624,172.31.36.0-255,66,76244,9,202772
19748,0.001668,172.31.36.0-255,66,76310,9,202772
19749,0.001673,74.125.24.0-255,2184,78494,9,202772
19750,0.001675,172.31.36.0-255,66,78560,9,202772
19751,0.001731,74.125.24.0-255,1484,80044,9,202772
19752,0.001735,74.125.24.0-255,1484,81528,9,202772
19753,0.001738,172.31.36.0-255,66,81594,9,202772
19754,0.001781,74.125.24.0-255,1484,83078,9,202772
19755,0.001787,74.125.24.0-255,5738,88816,9,202772
19756,0.00179,172.31.36.0-255,66,88882,9,202772
19757,0.001806,172.31.36.0-255,66,88948,9,202772
19758,0.001817,172.31.36.0-255,66,89014,9,202772
19759,0.001845,74.125.24.0-255,2184,91198,9,202772
19760,0.001848,172.31.36.0-255,66,91264,9,202772
19761,0.001909,74.125.24.0-255,1484,92748,9,202772
19762,0.001913,74.125.24.0-255,1484,94232,9,202772
19763,0.001916,172.31.36.0-255,66,94298,9,202772
19764,0.001942,74.125.24.0-255,1484,95782,9,202772
19765,0.00195,74.125.24.0-255,5738,101520,9,202772
19766,0.001953,172.31.36.0-255,66,101586,9,202772
19767,0.001959,74.125.24.0-255,5738,107324,9,202772
19768,0.001962,172.31.36.0-255,66,107390,9,202772
19769,0.002005,74.125.24.0-255,7156,114546,9,202772
19770,0.002008,172.31.36.0-255,66,114612,9,202772
19771,0.002011,74.125.24.0-255,1484,116096,9,202772
19772,0.002038,172.31.36.0-255,66,116162,9,202772
19773,0.002094,74.125.24.0-255,1484,117646,9,202772
19774,0.002098,74.125.24.0-255,1484,119130,9,202772
19775,0.0021,172.31.36.0-255,66,119196,9,202772
19776,0.002116,74.125.24.0-255,1484,120680,9,202772
19777,0.002122,74.125.24.0-255,4320,125000,9,202772
19778,0.002125,172.31.36.0-255,66,125066,9,202772
19779,0.002156,74.125.24.0-255,1484,126550,9,202772
19780,0.00217,172.31.36.0-255,66,126616,9,202772
19781,0.002186,172.31.36.0-255,66,126682,9,202772
19782,0.002227,74.125.24.0-255,7156,133838,9,202772
19783,0.00223,172.31.36.0-255,66,133904,9,202772
19784,0.002267,172.31.36.0-255,66,133970,9,202772
19785,0.002305,74.125.24.0-255,4320,138290,9,202772
19786,0.002307,172.31.36.0-255,66,138356,9,202772
19787,0.002353,172.31.36.0-255,66,138422,9,202772
19788,0.002367,172.31.36.0-255,66,138488,9,202772
19789,0.004605,74.125.24.0-255,5738,144226,9,202772
19790,0.004612,172.31.36.0-255,66,144292,9,202772
19791,0.006867,74.125.24.0-255,5738,150030,9,202772
19792,0.006876,172.31.36.0-255,66,150096,9,202772
19793,0.009138,74.125.24.0-255,5738,155834,9,202772
19794,0.009144,172.31.36.0-255,66,155900,9,202772
19795,0.011403,74.125.24.0-255,5738,161638,9,202772
19796,0.011409,172.31.36.0-255,66,161704,9,202772
19797,0.013682,74.125.24.0-255,5738,167442,9,202772
19798,0.01369,172.31.36.0-255,66,167508,9,202772
19799,0.015953,74.125.24.0-255,5738,173246,9,202772
19800,0.015962,172.31.36.0-255,66,173312,9,202772
19801,0.018232,74.125.24.0-255,5738,179050,9,202772
19802,0.018244,172.31.36.0-255,66,179116,9,202772
19803,0.020487,74.125.24.0-255,5738,184854,9,202772
19804,0.020497,172.31.36.0-255,66,184920,9,202772
19805,0.022767,74.125.24.0-255,5738,190658,9,202772
19806,0.022776,172.31.36.0-255,66,190724,9,202772
19807,0.025036,74.125.24.0-255,4431,195155,9,202772
19808,0.025044,172.31.36.0-255,66,195221,9,202772
19809,0.025235,172.31.36.0-255,105,195326,9,202772
19810,0.027458,74.125.24.0-255,66,195392,9,202772
19811,0.035616,172.31.36.0-255,221,195613,9,202772
19812,0.035652,172.31.36.0-255,1116,196729,9,202772
19813,0.03572,172.31.36.0-255,1514,198243,9,202772
19814,0.035722,172.31.36.0-255,1514,199757,9,202772
19815,0.035723,172.31.36.0-255,1514,201271,9,202772
19816,0.035724,172.31.36.0-255,1063,202334,9,202772
19817,0.037196,104.244.42.0-255,66,202400,9,202772
19818,0.037225,104.244.42.0-255,66,202466,9,202772
19819,0.037281,104.244.42.0-255,66,202532,9,202772
19820,0.037295,104.244.42.0-255,66,202598,9,202772
19821,0.037997,104.244.42.0-255,108,202706,9,202772
19822,0.038005,172.31.36.0-255,66,202772,9,202772
19823,0.0,172.217.194.0-255,150,150,9,371011
19824,2.9e-05,172.31.36.0-255,66,216,9,371011
19825,3.7e-05,172.217.194.0-255,1484,1700,9,371011
19826,4.1e-05,172.31.36.0-255,66,1766,9,371011
19827,4.6e-05,172.217.194.0-255,2902,4668,9,371011
19828,5.8e-05,172.31.36.0-255,66,4734,9,371011
19829,6.5e-05,172.217.194.0-255,7156,11890,9,371011
19830,6.7e-05,172.31.36.0-255,66,11956,9,371011
19831,7.1e-05,172.217.194.0-255,2035,13991,9,371011
19832,7.3e-05,172.31.36.0-255,66,14057,9,371011
19833,0.000104,172.217.194.0-255,2902,16959,9,371011
19834,0.000107,172.31.36.0-255,66,17025,9,371011
19835,0.000119,172.217.194.0-255,1484,18509,9,371011
19836,0.000126,172.31.36.0-255,66,18575,9,371011
19837,0.000155,172.217.194.0-255,2902,21477,9,371011
19838,0.000159,172.31.36.0-255,66,21543,9,371011
19839,0.000178,172.31.36.0-255,66,21609,9,371011
19840,0.000181,172.217.194.0-255,1125,22734,9,371011
19841,0.000183,172.31.36.0-255,66,22800,9,371011
19842,0.000226,172.217.194.0-255,1484,24284,9,371011
19843,0.000229,172.31.36.0-255,66,24350,9,371011
19844,0.000235,172.217.194.0-255,4320,28670,9,371011
19845,0.000238,172.31.36.0-255,66,28736,9,371011
19846,0.000249,172.217.194.0-255,4320,33056,9,371011
19847,0.000252,172.31.36.0-255,66,33122,9,371011
19848,0.000279,172.217.194.0-255,2902,36024,9,371011
19849,0.000282,172.31.36.0-255,66,36090,9,371011
19850,0.000302,172.217.194.0-255,3961,40051,9,371011
19851,0.000304,172.31.36.0-255,66,40117,9,371011
19852,0.000964,172.217.194.0-255,1484,41601,9,371011
19853,0.00097,172.31.36.0-255,66,41667,9,371011
19854,0.000979,172.217.194.0-255,2902,44569,9,371011
19855,0.000982,172.31.36.0-255,66,44635,9,371011
19856,0.000996,172.217.194.0-255,5738,50373,9,371011
19857,0.000998,172.31.36.0-255,66,50439,9,371011
19858,0.001032,172.217.194.0-255,2902,53341,9,371011
19859,0.001035,172.31.36.0-255,66,53407,9,371011
19860,0.001065,172.217.194.0-255,3961,57368,9,371011
19861,0.001068,172.31.36.0-255,66,57434,9,371011
19862,0.001091,172.217.194.0-255,2902,60336,9,371011
19863,0.001093,172.31.36.0-255,66,60402,9,371011
19864,0.001099,172.217.194.0-255,4320,64722,9,371011
19865,0.001101,172.31.36.0-255,66,64788,9,371011
19866,0.001107,172.217.194.0-255,5738,70526,9,371011
19867,0.001109,172.31.36.0-255,66,70592,9,371011
19868,0.001139,172.217.194.0-255,2902,73494,9,371011
19869,0.001142,172.31.36.0-255,66,73560,9,371011
19870,0.001148,172.217.194.0-255,4320,77880,9,371011
19871,0.00115,172.31.36.0-255,66,77946,9,371011
19872,0.001187,172.31.36.0-255,66,78012,9,371011
19873,0.001195,172.217.194.0-255,5960,83972,9,371011
19874,0.001199,172.31.36.0-255,66,84038,9,371011
19875,0.001371,172.217.194.0-255,1484,85522,9,371011
19876,0.001378,172.217.194.0-255,2902,88424,9,371011
19877,0.001381,172.31.36.0-255,66,88490,9,371011
19878,0.00141,172.217.194.0-255,5738,94228,9,371011
19879,0.001413,172.31.36.0-255,66,94294,9,371011
19880,0.001432,172.217.194.0-255,2902,97196,9,371011
19881,0.001434,172.31.36.0-255,66,97262,9,371011
19882,0.001471,172.31.36.0-255,66,97328,9,371011
19883,0.001478,172.217.194.0-255,7156,104484,9,371011
19884,0.00148,172.31.36.0-255,66,104550,9,371011
19885,0.001497,172.217.194.0-255,3052,107602,9,371011
19886,0.001499,172.31.36.0-255,66,107668,9,371011
19887,0.001503,172.217.194.0-255,2902,110570,9,371011
19888,0.001505,172.31.36.0-255,66,110636,9,371011
19889,0.001515,172.217.194.0-255,4320,114956,9,371011
19890,0.001517,172.31.36.0-255,66,115022,9,371011
19891,0.001527,172.31.36.0-255,66,115088,9,371011
19892,0.001566,172.31.36.0-255,66,115154,9,371011
19893,0.001594,172.217.194.0-255,6438,121592,9,371011
19894,0.001596,172.31.36.0-255,66,121658,9,371011
19895,0.001919,172.217.194.0-255,1484,123142,9,371011
19896,0.001934,172.217.194.0-255,2902,126044,9,371011
19897,0.001936,172.31.36.0-255,66,126110,9,371011
19898,0.001961,172.217.194.0-255,2902,129012,9,371011
19899,0.001963,172.31.36.0-255,66,129078,9,371011
19900,0.00197,172.217.194.0-255,7156,136234,9,371011
19901,0.001972,172.31.36.0-255,66,136300,9,371011
19902,0.002019,172.31.36.0-255,66,136366,9,371011
19903,0.002033,172.217.194.0-255,5738,142104,9,371011
19904,0.002039,172.31.36.0-255,66,142170,9,371011
19905,0.002043,172.217.194.0-255,3602,145772,9,371011
19906,0.002046,172.31.36.0-255,66,145838,9,371011
19907,0.004285,172.217.194.0-255,5738,151576,9,371011
19908,0.004289,172.31.36.0-255,66,151642,9,371011
19909,0.006607,172.217.194.0-255,5738,157380,9,371011
19910,0.006613,172.31.36.0-255,66,157446,9,371011
19911,0.008881,172.217.194.0-255,5738,163184,9,371011
19912,0.008888,172.31.36.0-255,66,163250,9,371011
19913,0.011205,172.217.194.0-255,5738,168988,9,371011
19914,0.011216,172.31.36.0-255,66,169054,9,371011
19915,0.013443,172.217.194.0-255,5738,174792,9,371011
19916,0.01345,172.31.36.0-255,66,174858,9,371011
19917,0.015702,172.217.194.0-255,5738,180596,9,371011
19918,0.015709,172.31.36.0-255,66,180662,9,371011
19919,0.017991,172.217.194.0-255,5738,186400,9,371011
19920,0.017998,172.31.36.0-255,66,186466,9,371011
19921,0.020258,172.217.194.0-255,5738,192204,9,371011
19922,0.020268,172.31.36.0-255,66,192270,9,371011
19923,0.022518,172.217.194.0-255,5738,198008,9,371011
19924,0.022526,172.31.36.0-255,66,198074,9,371011
19925,0.024789,172.217.194.0-255,5738,203812,9,371011
19926,0.024797,172.31.36.0-255,66,203878,9,371011
19927,0.027122,172.217.194.0-255,5738,209616,9,371011
19928,0.027129,172.31.36.0-255,66,209682,9,371011
19929,0.029419,172.217.194.0-255,5738,215420,9,371011
19930,0.029426,172.31.36.0-255,66,215486,9,371011
19931,0.031669,172.217.194.0-255,5738,221224,9,371011
19932,0.031676,172.31.36.0-255,66,221290,9,371011
19933,0.033932,172.217.194.0-255,4320,225610,9,371011
19934,0.03394,172.31.36.0-255,66,225676,9,371011
19935,0.033969,172.217.194.0-255,1484,227160,9,371011
19936,0.036219,172.217.194.0-255,4320,231480,9,371011
19937,0.036226,172.31.36.0-255,66,231546,9,371011
19938,0.03849,172.217.194.0-255,5738,237284,9,371011
19939,0.038497,172.31.36.0-255,66,237350,9,371011
19940,0.040775,172.217.194.0-255,5738,243088,9,371011
19941,0.040783,172.31.36.0-255,66,243154,9,371011
19942,0.043008,172.217.194.0-255,5738,248892,9,371011
19943,0.043016,172.31.36.0-255,66,248958,9,371011
19944,0.045276,172.217.194.0-255,5738,254696,9,371011
19945,0.045285,172.31.36.0-255,66,254762,9,371011
19946,0.046742,172.31.36.0-255,176,254938,9,371011
19947,0.046773,172.31.36.0-255,1115,256053,9,371011
19948,0.046823,172.31.36.0-255,1514,257567,9,371011
19949,0.046825,172.31.36.0-255,1514,259081,9,371011
19950,0.046826,172.31.36.0-255,1514,260595,9,371011
19951,0.046827,172.31.36.0-255,107,260702,9,371011
19952,0.047562,172.217.194.0-255,5738,266440,9,371011
19953,0.047568,172.31.36.0-255,66,266506,9,371011
19954,0.048277,104.244.42.0-255,66,266572,9,371011
19955,0.048337,104.244.42.0-255,66,266638,9,371011
19956,0.048371,104.244.42.0-255,66,266704,9,371011
19957,0.048375,104.244.42.0-255,66,266770,9,371011
19958,0.049854,172.217.194.0-255,5738,272508,9,371011
19959,0.049861,172.31.36.0-255,66,272574,9,371011
19960,0.052086,172.217.194.0-255,5738,278312,9,371011
19961,0.052095,172.31.36.0-255,66,278378,9,371011
19962,0.054368,172.217.194.0-255,5738,284116,9,371011
19963,0.054375,172.31.36.0-255,66,284182,9,371011
19964,0.056635,172.217.194.0-255,5738,289920,9,371011
19965,0.056641,172.31.36.0-255,66,289986,9,371011
19966,0.058876,172.217.194.0-255,5738,295724,9,371011
19967,0.058882,172.31.36.0-255,66,295790,9,371011
19968,0.061116,172.217.194.0-255,5738,301528,9,371011
19969,0.061123,172.31.36.0-255,66,301594,9,371011
19970,0.063415,172.217.194.0-255,5738,307332,9,371011
19971,0.063421,172.31.36.0-255,66,307398,9,371011
19972,0.065666,172.217.194.0-255,5738,313136,9,371011
19973,0.065672,172.31.36.0-255,66,313202,9,371011
19974,0.067924,172.217.194.0-255,5738,318940,9,371011
19975,0.067931,172.31.36.0-255,66,319006,9,371011
19976,0.070169,172.217.194.0-255,5738,324744,9,371011
19977,0.070175,172.31.36.0-255,66,324810,9,371011
19978,0.072422,172.217.194.0-255,5738,330548,9,371011
19979,0.072428,172.31.36.0-255,66,330614,9,371011
19980,0.074686,172.217.194.0-255,5738,336352,9,371011
19981,0.074708,172.31.36.0-255,66,336418,9,371011
19982,0.076954,172.217.194.0-255,5738,342156,9,371011
19983,0.076961,172.31.36.0-255,66,342222,9,371011
19984,0.079258,172.217.194.0-255,5738,347960,9,371011
19985,0.079264,172.31.36.0-255,66,348026,9,371011
19986,0.081506,172.217.194.0-255,5738,353764,9,371011
19987,0.081512,172.31.36.0-255,66,353830,9,371011
19988,0.083781,172.217.194.0-255,5738,359568,9,371011
19989,0.083786,172.31.36.0-255,66,359634,9,371011
19990,0.086035,172.217.194.0-255,2902,362536,9,371011
19991,0.086041,172.31.36.0-255,66,362602,9,371011
19992,0.086075,172.217.194.0-255,2902,365504,9,371011
19993,0.086078,172.31.36.0-255,66,365570,9,371011
19994,0.088299,172.217.194.0-255,5204,370774,9,371011
19995,0.088305,172.31.36.0-255,66,370840,9,371011
19996,0.089059,172.31.36.0-255,105,370945,9,371011
19997,0.091263,172.217.194.0-255,66,371011,9,371011
19998,0.0,172.217.194.0-255,143,143,9,204751
19999,2.3e-05,172.31.36.0-255,66,209,9,204751
20000,3e-05,172.217.194.0-255,1484,1693,9,204751
20001,3.5e-05,172.31.36.0-255,66,1759,9,204751
20002,4.1e-05,172.217.194.0-255,2902,4661,9,204751
20003,4.4e-05,172.31.36.0-255,66,4727,9,204751
20004,5.2e-05,172.217.194.0-255,7156,11883,9,204751
20005,5.6e-05,172.31.36.0-255,66,11949,9,204751
20006,6e-05,172.217.194.0-255,2051,14000,9,204751
20007,6.3e-05,172.31.36.0-255,66,14066,9,204751
20008,0.000109,172.217.194.0-255,1484,15550,9,204751
20009,0.000112,172.31.36.0-255,66,15616,9,204751
20010,0.000118,172.217.194.0-255,2902,18518,9,204751
20011,0.000121,172.31.36.0-255,66,18584,9,204751
20012,0.000141,172.217.194.0-255,5738,24322,9,204751
20013,0.000144,172.31.36.0-255,66,24388,9,204751
20014,0.00017,172.217.194.0-255,6797,31185,9,204751
20015,0.000173,172.31.36.0-255,66,31251,9,204751
20016,0.000179,172.217.194.0-255,4320,35571,9,204751
20017,0.000181,172.31.36.0-255,66,35637,9,204751
20018,0.000205,172.217.194.0-255,2902,38539,9,204751
20019,0.000207,172.31.36.0-255,66,38605,9,204751
20020,0.000213,172.217.194.0-255,4320,42925,9,204751
20021,0.000215,172.31.36.0-255,66,42991,9,204751
20022,0.000232,172.217.194.0-255,5379,48370,9,204751
20023,0.000235,172.31.36.0-255,66,48436,9,204751
20024,0.00024,172.217.194.0-255,4320,52756,9,204751
20025,0.000242,172.31.36.0-255,66,52822,9,204751
20026,0.000268,172.217.194.0-255,5738,58560,9,204751
20027,0.000271,172.31.36.0-255,66,58626,9,204751
20028,0.000278,172.217.194.0-255,6797,65423,9,204751
20029,0.000281,172.31.36.0-255,66,65489,9,204751
20030,0.000283,172.217.194.0-255,378,65867,9,204751
20031,0.000381,172.217.194.0-255,366,66233,9,204751
20032,0.000684,172.217.194.0-255,1484,67717,9,204751
20033,0.000689,172.31.36.0-255,66,67783,9,204751
20034,0.000696,172.217.194.0-255,2902,70685,9,204751
20035,0.000698,172.31.36.0-255,66,70751,9,204751
20036,0.000705,172.217.194.0-255,5738,76489,9,204751
20037,0.000707,172.31.36.0-255,66,76555,9,204751
20038,0.000752,172.217.194.0-255,4320,80875,9,204751
20039,0.000755,172.31.36.0-255,66,80941,9,204751
20040,0.00078,172.217.194.0-255,1484,82425,9,204751
20041,0.000795,172.31.36.0-255,66,82491,9,204751
20042,0.000801,172.217.194.0-255,5020,87511,9,204751
20043,0.000803,172.31.36.0-255,66,87577,9,204751
20044,0.001091,172.217.194.0-255,1484,89061,9,204751
20045,0.001114,172.217.194.0-255,2902,91963,9,204751
20046,0.001118,172.31.36.0-255,66,92029,9,204751
20047,0.001125,172.217.194.0-255,5738,97767,9,204751
20048,0.001127,172.31.36.0-255,66,97833,9,204751
20049,0.001169,172.31.36.0-255,66,97899,9,204751
20050,0.001174,172.217.194.0-255,2902,100801,9,204751
20051,0.001176,172.31.36.0-255,66,100867,9,204751
20052,0.001197,172.31.36.0-255,66,100933,9,204751
20053,0.001227,172.31.36.0-255,66,100999,9,204751
20054,0.001233,172.217.194.0-255,4320,105319,9,204751
20055,0.001235,172.31.36.0-255,66,105385,9,204751
20056,0.001271,172.31.36.0-255,66,105451,9,204751
20057,0.001288,172.217.194.0-255,5738,111189,9,204751
20058,0.001291,172.31.36.0-255,66,111255,9,204751
20059,0.001293,172.217.194.0-255,766,112021,9,204751
20060,0.001315,172.217.194.0-255,1484,113505,9,204751
20061,0.001317,172.31.36.0-255,66,113571,9,204751
20062,0.001322,172.217.194.0-255,1484,115055,9,204751
20063,0.001341,172.217.194.0-255,1484,116539,9,204751
20064,0.001343,172.31.36.0-255,66,116605,9,204751
20065,0.001351,172.217.194.0-255,5738,122343,9,204751
20066,0.001353,172.31.36.0-255,66,122409,9,204751
20067,0.001359,172.217.194.0-255,4320,126729,9,204751
20068,0.001361,172.31.36.0-255,66,126795,9,204751
20069,0.001409,172.217.194.0-255,766,127561,9,204751
20070,0.001414,172.31.36.0-255,66,127627,9,204751
20071,0.001417,172.31.36.0-255,66,127693,9,204751
20072,0.00146,172.217.194.0-255,1484,129177,9,204751
20073,0.001463,172.31.36.0-255,66,129243,9,204751
20074,0.001468,172.217.194.0-255,2902,132145,9,204751
20075,0.00147,172.31.36.0-255,66,132211,9,204751
20076,0.001483,172.217.194.0-255,1484,133695,9,204751
20077,0.00149,172.217.194.0-255,5738,139433,9,204751
20078,0.001493,172.31.36.0-255,66,139499,9,204751
20079,0.001507,172.217.194.0-255,1484,140983,9,204751
20080,0.001512,172.217.194.0-255,2902,143885,9,204751
20081,0.001515,172.31.36.0-255,66,143951,9,204751
20082,0.001553,172.31.36.0-255,66,144017,9,204751
20083,0.001558,172.217.194.0-255,5020,149037,9,204751
20084,0.001561,172.31.36.0-255,66,149103,9,204751
20085,0.001587,172.217.194.0-255,1484,150587,9,204751
20086,0.001592,172.217.194.0-255,2902,153489,9,204751
20087,0.001595,172.31.36.0-255,66,153555,9,204751
20088,0.00161,172.217.194.0-255,4320,157875,9,204751
20089,0.001615,172.31.36.0-255,66,157941,9,204751
20090,0.001635,172.217.194.0-255,1484,159425,9,204751
20091,0.001654,172.31.36.0-255,66,159491,9,204751
20092,0.001667,172.31.36.0-255,66,159557,9,204751
20093,0.00175,172.31.36.0-255,66,159623,9,204751
20094,0.00176,172.31.36.0-255,66,159689,9,204751
20095,0.001763,172.217.194.0-255,1484,161173,9,204751
20096,0.001768,172.217.194.0-255,2902,164075,9,204751
20097,0.001771,172.31.36.0-255,66,164141,9,204751
20098,0.001777,172.217.194.0-255,5738,169879,9,204751
20099,0.00178,172.31.36.0-255,66,169945,9,204751
20100,0.001813,172.31.36.0-255,66,170011,9,204751
20101,0.001821,172.217.194.0-255,7156,177167,9,204751
20102,0.001823,172.31.36.0-255,66,177233,9,204751
20103,0.001848,172.217.194.0-255,3602,180835,9,204751
20104,0.001851,172.31.36.0-255,66,180901,9,204751
20105,0.001856,172.217.194.0-255,2902,183803,9,204751
20106,0.001858,172.31.36.0-255,66,183869,9,204751
20107,0.001861,172.217.194.0-255,1484,185353,9,204751
20108,0.001884,172.217.194.0-255,2902,188255,9,204751
20109,0.001887,172.31.36.0-255,66,188321,9,204751
20110,0.001897,172.31.36.0-255,66,188387,9,204751
20111,0.001936,172.31.36.0-255,66,188453,9,204751
20112,0.001957,172.217.194.0-255,3602,192055,9,204751
20113,0.001961,172.31.36.0-255,66,192121,9,204751
20114,0.001993,172.31.36.0-255,66,192187,9,204751
20115,0.002008,172.31.36.0-255,66,192253,9,204751
20116,0.002012,172.217.194.0-255,2902,195155,9,204751
20117,0.002015,172.31.36.0-255,66,195221,9,204751
20118,0.002048,172.31.36.0-255,66,195287,9,204751
20119,0.002051,172.217.194.0-255,105,195392,9,204751
20120,0.009352,172.31.36.0-255,66,195458,9,204751
20121,0.009397,172.31.36.0-255,105,195563,9,204751
20122,0.011699,172.217.194.0-255,66,195629,9,204751
20123,0.036671,172.31.36.0-255,199,195828,9,204751
20124,0.036703,172.31.36.0-255,1116,196944,9,204751
20125,0.036771,172.31.36.0-255,1514,198458,9,204751
20126,0.036773,172.31.36.0-255,1514,199972,9,204751
20127,0.036774,172.31.36.0-255,1514,201486,9,204751
20128,0.036775,172.31.36.0-255,1514,203000,9,204751
20129,0.036807,172.31.36.0-255,1487,204487,9,204751
20130,0.0382,104.244.42.0-255,66,204553,9,204751
20131,0.038246,104.244.42.0-255,66,204619,9,204751
20132,0.038344,104.244.42.0-255,66,204685,9,204751
20133,0.038351,104.244.42.0-255,66,204751,9,204751
20134,0.0,74.125.68.0-255,299,299,9,351954
20135,2.8e-05,172.31.36.0-255,66,365,9,351954
20136,3.4e-05,74.125.68.0-255,1484,1849,9,351954
20137,3.8e-05,172.31.36.0-255,66,1915,9,351954
20138,4.3e-05,74.125.68.0-255,2902,4817,9,351954
20139,4.6e-05,172.31.36.0-255,66,4883,9,351954
20140,5.1e-05,74.125.68.0-255,4320,9203,9,351954
20141,5.5e-05,172.31.36.0-255,66,9269,9,351954
20142,7.2e-05,74.125.68.0-255,2902,12171,9,351954
20143,7.5e-05,172.31.36.0-255,66,12237,9,351954
20144,0.000102,74.125.68.0-255,3188,15425,9,351954
20145,0.000105,172.31.36.0-255,66,15491,9,351954
20146,0.000112,74.125.68.0-255,7156,22647,9,351954
20147,0.000114,172.31.36.0-255,66,22713,9,351954
20148,0.000141,172.31.36.0-255,66,22779,9,351954
20149,0.000419,74.125.68.0-255,1484,24263,9,351954
20150,0.000424,172.31.36.0-255,66,24329,9,351954
20151,0.000453,74.125.68.0-255,2902,27231,9,351954
20152,0.000457,172.31.36.0-255,66,27297,9,351954
20153,0.000472,74.125.68.0-255,2902,30199,9,351954
20154,0.000474,172.31.36.0-255,66,30265,9,351954
20155,0.000497,74.125.68.0-255,2902,33167,9,351954
20156,0.0005,172.31.36.0-255,66,33233,9,351954
20157,0.000512,74.125.68.0-255,1484,34717,9,351954
20158,0.000515,172.31.36.0-255,66,34783,9,351954
20159,0.000541,74.125.68.0-255,5379,40162,9,351954
20160,0.000545,172.31.36.0-255,66,40228,9,351954
20161,0.001707,74.125.68.0-255,1484,41712,9,351954
20162,0.001714,172.31.36.0-255,66,41778,9,351954
20163,0.001722,74.125.68.0-255,2902,44680,9,351954
20164,0.001725,172.31.36.0-255,66,44746,9,351954
20165,0.001732,74.125.68.0-255,5738,50484,9,351954
20166,0.001734,172.31.36.0-255,66,50550,9,351954
20167,0.001738,74.125.68.0-255,2902,53452,9,351954
20168,0.00174,172.31.36.0-255,66,53518,9,351954
20169,0.001763,74.125.68.0-255,3961,57479,9,351954
20170,0.001766,172.31.36.0-255,66,57545,9,351954
20171,0.001849,74.125.68.0-255,1484,59029,9,351954
20172,0.001867,74.125.68.0-255,2902,61931,9,351954
20173,0.001871,172.31.36.0-255,66,61997,9,351954
20174,0.001893,74.125.68.0-255,5738,67735,9,351954
20175,0.001896,172.31.36.0-255,66,67801,9,351954
20176,0.001916,74.125.68.0-255,4320,72121,9,351954
20177,0.00192,172.31.36.0-255,66,72187,9,351954
20178,0.001939,74.125.68.0-255,2902,75089,9,351954
20179,0.001942,172.31.36.0-255,66,75155,9,351954
20180,0.001982,172.31.36.0-255,66,75221,9,351954
20181,0.001996,74.125.68.0-255,1484,76705,9,351954
20182,0.002001,74.125.68.0-255,2184,78889,9,351954
20183,0.002004,172.31.36.0-255,66,78955,9,351954
20184,0.002027,74.125.68.0-255,647,79602,9,351954
20185,0.00205,74.125.68.0-255,1484,81086,9,351954
20186,0.002054,172.31.36.0-255,66,81152,9,351954
20187,0.002058,74.125.68.0-255,1484,82636,9,351954
20188,0.002077,74.125.68.0-255,2902,85538,9,351954
20189,0.00208,172.31.36.0-255,66,85604,9,351954
20190,0.0021,74.125.68.0-255,1484,87088,9,351954
20191,0.002116,74.125.68.0-255,4320,91408,9,351954
20192,0.002119,172.31.36.0-255,66,91474,9,351954
20193,0.002126,74.125.68.0-255,7156,98630,9,351954
20194,0.002128,172.31.36.0-255,66,98696,9,351954
20195,0.002174,172.31.36.0-255,66,98762,9,351954
20196,0.002204,74.125.68.0-255,5738,104500,9,351954
20197,0.002207,172.31.36.0-255,66,104566,9,351954
20198,0.002224,74.125.68.0-255,2184,106750,9,351954
20199,0.002227,172.31.36.0-255,66,106816,9,351954
20200,0.002258,74.125.68.0-255,7156,113972,9,351954
20201,0.002261,172.31.36.0-255,66,114038,9,351954
20202,0.002272,74.125.68.0-255,1484,115522,9,351954
20203,0.002285,74.125.68.0-255,4320,119842,9,351954
20204,0.002288,172.31.36.0-255,66,119908,9,351954
20205,0.002301,74.125.68.0-255,5738,125646,9,351954
20206,0.002304,172.31.36.0-255,66,125712,9,351954
20207,0.002308,74.125.68.0-255,2902,128614,9,351954
20208,0.00231,172.31.36.0-255,66,128680,9,351954
20209,0.002329,74.125.68.0-255,1484,130164,9,351954
20210,0.002392,74.125.68.0-255,2902,133066,9,351954
20211,0.002396,172.31.36.0-255,66,133132,9,351954
20212,0.002414,74.125.68.0-255,2184,135316,9,351954
20213,0.002417,172.31.36.0-255,66,135382,9,351954
20214,0.00498,74.125.68.0-255,2902,138284,9,351954
20215,0.004987,172.31.36.0-255,66,138350,9,351954
20216,0.005011,74.125.68.0-255,2902,141252,9,351954
20217,0.005014,172.31.36.0-255,66,141318,9,351954
20218,0.007565,74.125.68.0-255,2902,144220,9,351954
20219,0.007571,172.31.36.0-255,66,144286,9,351954
20220,0.007595,74.125.68.0-255,2902,147188,9,351954
20221,0.007599,172.31.36.0-255,66,147254,9,351954
20222,0.010163,74.125.68.0-255,5738,152992,9,351954
20223,0.010171,172.31.36.0-255,66,153058,9,351954
20224,0.012758,74.125.68.0-255,5738,158796,9,351954
20225,0.012767,172.31.36.0-255,66,158862,9,351954
20226,0.015345,74.125.68.0-255,5738,164600,9,351954
20227,0.015353,172.31.36.0-255,66,164666,9,351954
20228,0.017959,74.125.68.0-255,5738,170404,9,351954
20229,0.017973,172.31.36.0-255,66,170470,9,351954
20230,0.020575,74.125.68.0-255,5738,176208,9,351954
20231,0.020592,172.31.36.0-255,66,176274,9,351954
20232,0.023192,74.125.68.0-255,5738,182012,9,351954
20233,0.023205,172.31.36.0-255,66,182078,9,351954
20234,0.025803,74.125.68.0-255,5738,187816,9,351954
20235,0.025818,172.31.36.0-255,66,187882,9,351954
20236,0.02842,74.125.68.0-255,5738,193620,9,351954
20237,0.028442,172.31.36.0-255,66,193686,9,351954
20238,0.031029,74.125.68.0-255,5738,199424,9,351954
20239,0.031043,172.31.36.0-255,66,199490,9,351954
20240,0.033633,74.125.68.0-255,5738,205228,9,351954
20241,0.033645,172.31.36.0-255,66,205294,9,351954
20242,0.036253,74.125.68.0-255,5738,211032,9,351954
20243,0.036268,172.31.36.0-255,66,211098,9,351954
20244,0.038863,74.125.68.0-255,5738,216836,9,351954
20245,0.038873,172.31.36.0-255,66,216902,9,351954
20246,0.041477,74.125.68.0-255,5738,222640,9,351954
20247,0.041487,172.31.36.0-255,66,222706,9,351954
20248,0.044076,74.125.68.0-255,5738,228444,9,351954
20249,0.044086,172.31.36.0-255,66,228510,9,351954
20250,0.046681,74.125.68.0-255,5738,234248,9,351954
20251,0.046691,172.31.36.0-255,66,234314,9,351954
20252,0.049284,74.125.68.0-255,5738,240052,9,351954
20253,0.049302,172.31.36.0-255,66,240118,9,351954
20254,0.051906,74.125.68.0-255,5738,245856,9,351954
20255,0.051923,172.31.36.0-255,66,245922,9,351954
20256,0.054519,74.125.68.0-255,5738,251660,9,351954
20257,0.054528,172.31.36.0-255,66,251726,9,351954
20258,0.055206,172.31.36.0-255,188,251914,9,351954
20259,0.055239,172.31.36.0-255,961,252875,9,351954
20260,0.055316,172.31.36.0-255,213,253088,9,351954
20261,0.05691,104.244.42.0-255,66,253154,9,351954
20262,0.056921,104.244.42.0-255,66,253220,9,351954
20263,0.056924,104.244.42.0-255,66,253286,9,351954
20264,0.057116,74.125.68.0-255,5738,259024,9,351954
20265,0.057125,172.31.36.0-255,66,259090,9,351954
20266,0.059731,74.125.68.0-255,5738,264828,9,351954
20267,0.059749,172.31.36.0-255,66,264894,9,351954
20268,0.062352,74.125.68.0-255,5738,270632,9,351954
20269,0.062365,172.31.36.0-255,66,270698,9,351954
20270,0.06497,74.125.68.0-255,5738,276436,9,351954
20271,0.064986,172.31.36.0-255,66,276502,9,351954
20272,0.06761,74.125.68.0-255,5738,282240,9,351954
20273,0.067624,172.31.36.0-255,66,282306,9,351954
20274,0.070235,74.125.68.0-255,5738,288044,9,351954
20275,0.070247,172.31.36.0-255,66,288110,9,351954
20276,0.072875,74.125.68.0-255,5738,293848,9,351954
20277,0.072888,172.31.36.0-255,66,293914,9,351954
20278,0.075479,74.125.68.0-255,5738,299652,9,351954
20279,0.075489,172.31.36.0-255,66,299718,9,351954
20280,0.078089,74.125.68.0-255,5738,305456,9,351954
20281,0.078099,172.31.36.0-255,66,305522,9,351954
20282,0.080687,74.125.68.0-255,5738,311260,9,351954
20283,0.080694,172.31.36.0-255,66,311326,9,351954
20284,0.083299,74.125.68.0-255,5738,317064,9,351954
20285,0.083309,172.31.36.0-255,66,317130,9,351954
20286,0.085963,74.125.68.0-255,5738,322868,9,351954
20287,0.085974,172.31.36.0-255,66,322934,9,351954
20288,0.088569,74.125.68.0-255,5738,328672,9,351954
20289,0.088578,172.31.36.0-255,66,328738,9,351954
20290,0.091177,74.125.68.0-255,5738,334476,9,351954
20291,0.091189,172.31.36.0-255,66,334542,9,351954
20292,0.093795,74.125.68.0-255,5738,340280,9,351954
20293,0.093807,172.31.36.0-255,66,340346,9,351954
20294,0.0964,74.125.68.0-255,5738,346084,9,351954
20295,0.09641,172.31.36.0-255,66,346150,9,351954
20296,0.09902,74.125.68.0-255,5738,351888,9,351954
20297,0.099036,172.31.36.0-255,66,351954,9,351954
20298,0.0,74.125.68.0-255,299,299,9,378841
20299,3.2e-05,172.31.36.0-255,66,365,9,378841
20300,4e-05,74.125.68.0-255,1484,1849,9,378841
20301,4.5e-05,172.31.36.0-255,66,1915,9,378841
20302,5e-05,74.125.68.0-255,2902,4817,9,378841
20303,6.1e-05,172.31.36.0-255,66,4883,9,378841
20304,9.3e-05,74.125.68.0-255,5738,10621,9,378841
20305,9.6e-05,172.31.36.0-255,66,10687,9,378841
20306,0.000101,74.125.68.0-255,3295,13982,9,378841
20307,0.000103,172.31.36.0-255,66,14048,9,378841
20308,0.000697,74.125.68.0-255,1484,15532,9,378841
20309,0.000704,172.31.36.0-255,66,15598,9,378841
20310,0.000715,74.125.68.0-255,2902,18500,9,378841
20311,0.000725,172.31.36.0-255,66,18566,9,378841
20312,0.000733,74.125.68.0-255,5738,24304,9,378841
20313,0.000735,172.31.36.0-255,66,24370,9,378841
20314,0.00078,74.125.68.0-255,6797,31167,9,378841
20315,0.000785,172.31.36.0-255,66,31233,9,378841
20316,0.000857,74.125.68.0-255,1484,32717,9,378841
20317,0.000862,172.31.36.0-255,66,32783,9,378841
20318,0.000866,74.125.68.0-255,1484,34267,9,378841
20319,0.000868,172.31.36.0-255,66,34333,9,378841
20320,0.000873,74.125.68.0-255,2902,37235,9,378841
20321,0.000881,172.31.36.0-255,66,37301,9,378841
20322,0.000886,74.125.68.0-255,2902,40203,9,378841
20323,0.000889,172.31.36.0-255,66,40269,9,378841
20324,0.000927,74.125.68.0-255,2902,43171,9,378841
20325,0.000934,74.125.68.0-255,5379,48550,9,378841
20326,0.000939,74.125.68.0-255,5738,54288,9,378841
20327,0.000954,172.31.36.0-255,66,54354,9,378841
20328,0.00097,172.31.36.0-255,66,54420,9,378841
20329,0.000973,172.31.36.0-255,66,54486,9,378841
20330,0.000978,74.125.68.0-255,394,54880,9,378841
20331,0.000986,172.31.36.0-255,66,54946,9,378841
20332,0.001048,74.125.68.0-255,349,55295,9,378841
20333,0.001323,74.125.68.0-255,1484,56779,9,378841
20334,0.00133,172.31.36.0-255,66,56845,9,378841
20335,0.001336,74.125.68.0-255,2902,59747,9,378841
20336,0.001338,172.31.36.0-255,66,59813,9,378841
20337,0.001341,74.125.68.0-255,1484,61297,9,378841
20338,0.001375,74.125.68.0-255,2902,64199,9,378841
20339,0.001377,172.31.36.0-255,66,64265,9,378841
20340,0.00138,74.125.68.0-255,1484,65749,9,378841
20341,0.001409,74.125.68.0-255,4320,70069,9,378841
20342,0.001412,172.31.36.0-255,66,70135,9,378841
20343,0.001419,74.125.68.0-255,7156,77291,9,378841
20344,0.001454,74.125.68.0-255,5738,83029,9,378841
20345,0.001457,172.31.36.0-255,66,83095,9,378841
20346,0.001462,172.31.36.0-255,66,83161,9,378841
20347,0.00151,74.125.68.0-255,4320,87481,9,378841
20348,0.001518,172.31.36.0-255,66,87547,9,378841
20349,0.001526,74.125.68.0-255,1484,89031,9,378841
20350,0.001529,74.125.68.0-255,766,89797,9,378841
20351,0.001552,172.31.36.0-255,66,89863,9,378841
20352,0.002195,74.125.68.0-255,1484,91347,9,378841
20353,0.002202,74.125.68.0-255,1484,92831,9,378841
20354,0.002205,172.31.36.0-255,66,92897,9,378841
20355,0.002231,74.125.68.0-255,2902,95799,9,378841
20356,0.002233,172.31.36.0-255,66,95865,9,378841
20357,0.002238,74.125.68.0-255,2902,98767,9,378841
20358,0.002241,172.31.36.0-255,66,98833,9,378841
20359,0.002264,74.125.68.0-255,2902,101735,9,378841
20360,0.002266,172.31.36.0-255,66,101801,9,378841
20361,0.00227,74.125.68.0-255,2902,104703,9,378841
20362,0.002272,172.31.36.0-255,66,104769,9,378841
20363,0.002276,74.125.68.0-255,2902,107671,9,378841
20364,0.002277,172.31.36.0-255,66,107737,9,378841
20365,0.002301,74.125.68.0-255,1484,109221,9,378841
20366,0.002318,74.125.68.0-255,2902,112123,9,378841
20367,0.00232,172.31.36.0-255,66,112189,9,378841
20368,0.002346,74.125.68.0-255,5738,117927,9,378841
20369,0.002348,172.31.36.0-255,66,117993,9,378841
20370,0.002352,74.125.68.0-255,2902,120895,9,378841
20371,0.002354,172.31.36.0-255,66,120961,9,378841
20372,0.002379,74.125.68.0-255,3602,124563,9,378841
20373,0.002385,172.31.36.0-255,66,124629,9,378841
20374,0.00241,74.125.68.0-255,1484,126113,9,378841
20375,0.002414,74.125.68.0-255,2902,129015,9,378841
20376,0.002416,172.31.36.0-255,66,129081,9,378841
20377,0.002422,74.125.68.0-255,4320,133401,9,378841
20378,0.002424,172.31.36.0-255,66,133467,9,378841
20379,0.00246,172.31.36.0-255,66,133533,9,378841
20380,0.002479,74.125.68.0-255,5738,139271,9,378841
20381,0.002499,74.125.68.0-255,7156,146427,9,378841
20382,0.002534,172.31.36.0-255,66,146493,9,378841
20383,0.002539,172.31.36.0-255,66,146559,9,378841
20384,0.002553,74.125.68.0-255,3602,150161,9,378841
20385,0.002602,172.31.36.0-255,66,150227,9,378841
20386,0.005046,74.125.68.0-255,1484,151711,9,378841
20387,0.005132,74.125.68.0-255,4320,156031,9,378841
20388,0.005138,172.31.36.0-255,66,156097,9,378841
20389,0.007654,74.125.68.0-255,5738,161835,9,378841
20390,0.007661,172.31.36.0-255,66,161901,9,378841
20391,0.01037,74.125.68.0-255,5738,167639,9,378841
20392,0.010432,172.31.36.0-255,66,167705,9,378841
20393,0.012959,74.125.68.0-255,5738,173443,9,378841
20394,0.012967,172.31.36.0-255,66,173509,9,378841
20395,0.015472,74.125.68.0-255,5738,179247,9,378841
20396,0.015481,172.31.36.0-255,66,179313,9,378841
20397,0.018009,74.125.68.0-255,5738,185051,9,378841
20398,0.018024,172.31.36.0-255,66,185117,9,378841
20399,0.020539,74.125.68.0-255,5738,190855,9,378841
20400,0.020547,172.31.36.0-255,66,190921,9,378841
20401,0.023053,74.125.68.0-255,4320,195241,9,378841
20402,0.023061,172.31.36.0-255,66,195307,9,378841
20403,0.023092,74.125.68.0-255,1484,196791,9,378841
20404,0.025579,74.125.68.0-255,4320,201111,9,378841
20405,0.025586,172.31.36.0-255,66,201177,9,378841
20406,0.028099,74.125.68.0-255,5738,206915,9,378841
20407,0.028106,172.31.36.0-255,66,206981,9,378841
20408,0.030627,74.125.68.0-255,5738,212719,9,378841
20409,0.030634,172.31.36.0-255,66,212785,9,378841
20410,0.031667,172.31.36.0-255,172,212957,9,378841
20411,0.0317,172.31.36.0-255,1117,214074,9,378841
20412,0.031767,172.31.36.0-255,1514,215588,9,378841
20413,0.031769,172.31.36.0-255,1514,217102,9,378841
20414,0.031771,172.31.36.0-255,1514,218616,9,378841
20415,0.031772,172.31.36.0-255,1514,220130,9,378841
20416,0.0318,172.31.36.0-255,1499,221629,9,378841
20417,0.033151,74.125.68.0-255,5738,227367,9,378841
20418,0.033158,172.31.36.0-255,66,227433,9,378841
20419,0.03321,104.244.42.0-255,66,227499,9,378841
20420,0.033235,104.244.42.0-255,66,227565,9,378841
20421,0.033372,104.244.42.0-255,66,227631,9,378841
20422,0.033379,104.244.42.0-255,66,227697,9,378841
20423,0.034151,104.244.42.0-255,108,227805,9,378841
20424,0.034161,172.31.36.0-255,66,227871,9,378841
20425,0.035677,74.125.68.0-255,5738,233609,9,378841
20426,0.035684,172.31.36.0-255,66,233675,9,378841
20427,0.038224,74.125.68.0-255,5738,239413,9,378841
20428,0.038231,172.31.36.0-255,66,239479,9,378841
20429,0.040778,74.125.68.0-255,5738,245217,9,378841
20430,0.040785,172.31.36.0-255,66,245283,9,378841
20431,0.043311,74.125.68.0-255,5738,251021,9,378841
20432,0.043319,172.31.36.0-255,66,251087,9,378841
20433,0.045874,74.125.68.0-255,5738,256825,9,378841
20434,0.04588,172.31.36.0-255,66,256891,9,378841
20435,0.048415,74.125.68.0-255,5738,262629,9,378841
20436,0.048421,172.31.36.0-255,66,262695,9,378841
20437,0.050936,74.125.68.0-255,5738,268433,9,378841
20438,0.050943,172.31.36.0-255,66,268499,9,378841
20439,0.053455,74.125.68.0-255,5738,274237,9,378841
20440,0.053462,172.31.36.0-255,66,274303,9,378841
20441,0.055974,74.125.68.0-255,5738,280041,9,378841
20442,0.05598,172.31.36.0-255,66,280107,9,378841
20443,0.058504,74.125.68.0-255,5738,285845,9,378841
20444,0.058511,172.31.36.0-255,66,285911,9,378841
20445,0.061034,74.125.68.0-255,5738,291649,9,378841
20446,0.06104,172.31.36.0-255,66,291715,9,378841
20447,0.063567,74.125.68.0-255,5738,297453,9,378841
20448,0.063578,172.31.36.0-255,66,297519,9,378841
20449,0.066113,74.125.68.0-255,5738,303257,9,378841
20450,0.066119,172.31.36.0-255,66,303323,9,378841
20451,0.068641,74.125.68.0-255,5738,309061,9,378841
20452,0.068648,172.31.36.0-255,66,309127,9,378841
20453,0.071164,74.125.68.0-255,5738,314865,9,378841
20454,0.071171,172.31.36.0-255,66,314931,9,378841
20455,0.073702,74.125.68.0-255,5738,320669,9,378841
20456,0.073709,172.31.36.0-255,66,320735,9,378841
20457,0.076249,74.125.68.0-255,5738,326473,9,378841
20458,0.076255,172.31.36.0-255,66,326539,9,378841
20459,0.078818,74.125.68.0-255,5738,332277,9,378841
20460,0.078824,172.31.36.0-255,66,332343,9,378841
20461,0.081355,74.125.68.0-255,5738,338081,9,378841
20462,0.081362,172.31.36.0-255,66,338147,9,378841
20463,0.083882,74.125.68.0-255,5738,343885,9,378841
20464,0.083889,172.31.36.0-255,66,343951,9,378841
20465,0.086402,74.125.68.0-255,5738,349689,9,378841
20466,0.086409,172.31.36.0-255,66,349755,9,378841
20467,0.08895,74.125.68.0-255,1484,351239,9,378841
20468,0.088984,74.125.68.0-255,4320,355559,9,378841
20469,0.08899,172.31.36.0-255,66,355625,9,378841
20470,0.091521,74.125.68.0-255,5738,361363,9,378841
20471,0.091528,172.31.36.0-255,66,361429,9,378841
20472,0.094042,74.125.68.0-255,5738,367167,9,378841
20473,0.094051,172.31.36.0-255,66,367233,9,378841
20474,0.096575,74.125.68.0-255,5738,372971,9,378841
20475,0.096581,172.31.36.0-255,66,373037,9,378841
20476,0.099105,74.125.68.0-255,5738,378775,9,378841
20477,0.099112,172.31.36.0-255,66,378841,9,378841
20478,0.0,172.217.194.0-255,153,153,9,336331
20479,2.4e-05,172.31.36.0-255,66,219,9,336331
20480,3.1e-05,172.217.194.0-255,1484,1703,9,336331
20481,3.5e-05,172.31.36.0-255,66,1769,9,336331
20482,4e-05,172.217.194.0-255,2902,4671,9,336331
20483,4.3e-05,172.31.36.0-255,66,4737,9,336331
20484,4.6e-05,172.217.194.0-255,1484,6221,9,336331
20485,4.9e-05,172.31.36.0-255,66,6287,9,336331
20486,8.5e-05,172.217.194.0-255,5738,12025,9,336331
20487,8.8e-05,172.31.36.0-255,66,12091,9,336331
20488,9.3e-05,172.217.194.0-255,1977,14068,9,336331
20489,9.5e-05,172.31.36.0-255,66,14134,9,336331
20490,0.000105,172.31.36.0-255,66,14200,9,336331
20491,0.000125,172.217.194.0-255,2902,17102,9,336331
20492,0.000128,172.31.36.0-255,66,17168,9,336331
20493,0.000134,172.217.194.0-255,5379,22547,9,336331
20494,0.000136,172.31.36.0-255,66,22613,9,336331
20495,0.00022,172.217.194.0-255,1484,24097,9,336331
20496,0.000223,172.31.36.0-255,66,24163,9,336331
20497,0.000229,172.217.194.0-255,2902,27065,9,336331
20498,0.000231,172.31.36.0-255,66,27131,9,336331
20499,0.000234,172.217.194.0-255,1484,28615,9,336331
20500,0.000237,172.31.36.0-255,66,28681,9,336331
20501,0.000262,172.217.194.0-255,4320,33001,9,336331
20502,0.000266,172.31.36.0-255,66,33067,9,336331
20503,0.000273,172.217.194.0-255,6797,39864,9,336331
20504,0.000275,172.31.36.0-255,66,39930,9,336331
20505,0.000307,172.31.36.0-255,66,39996,9,336331
20506,0.000326,172.217.194.0-255,4320,44316,9,336331
20507,0.000329,172.31.36.0-255,66,44382,9,336331
20508,0.000333,172.217.194.0-255,2543,46925,9,336331
20509,0.000336,172.31.36.0-255,66,46991,9,336331
20510,0.000388,172.217.194.0-255,648,47639,9,336331
20511,0.000454,172.217.194.0-255,1484,49123,9,336331
20512,0.000458,172.31.36.0-255,66,49189,9,336331
20513,0.000471,172.217.194.0-255,2902,52091,9,336331
20514,0.000474,172.31.36.0-255,66,52157,9,336331
20515,0.000478,172.217.194.0-255,1484,53641,9,336331
20516,0.000504,172.217.194.0-255,4320,57961,9,336331
20517,0.000507,172.31.36.0-255,66,58027,9,336331
20518,0.000514,172.217.194.0-255,7156,65183,9,336331
20519,0.000517,172.31.36.0-255,66,65249,9,336331
20520,0.000554,172.31.36.0-255,66,65315,9,336331
20521,0.000559,172.217.194.0-255,2184,67499,9,336331
20522,0.000562,172.31.36.0-255,66,67565,9,336331
20523,0.000736,172.217.194.0-255,1484,69049,9,336331
20524,0.000742,172.217.194.0-255,2902,71951,9,336331
20525,0.000746,172.31.36.0-255,66,72017,9,336331
20526,0.00075,172.217.194.0-255,2902,74919,9,336331
20527,0.000753,172.31.36.0-255,66,74985,9,336331
20528,0.000768,172.217.194.0-255,2902,77887,9,336331
20529,0.00077,172.31.36.0-255,66,77953,9,336331
20530,0.000777,172.217.194.0-255,5738,83691,9,336331
20531,0.000779,172.31.36.0-255,66,83757,9,336331
20532,0.000805,172.217.194.0-255,7156,90913,9,336331
20533,0.000809,172.31.36.0-255,66,90979,9,336331
20534,0.00082,172.217.194.0-255,4320,95299,9,336331
20535,0.000823,172.31.36.0-255,66,95365,9,336331
20536,0.000851,172.217.194.0-255,6438,101803,9,336331
20537,0.000855,172.31.36.0-255,66,101869,9,336331
20538,0.001141,172.217.194.0-255,1484,103353,9,336331
20539,0.001159,172.217.194.0-255,2902,106255,9,336331
20540,0.001162,172.31.36.0-255,66,106321,9,336331
20541,0.001168,172.217.194.0-255,2902,109223,9,336331
20542,0.00117,172.31.36.0-255,66,109289,9,336331
20543,0.001184,172.217.194.0-255,2902,112191,9,336331
20544,0.001187,172.31.36.0-255,66,112257,9,336331
20545,0.001197,172.31.36.0-255,66,112323,9,336331
20546,0.001216,172.217.194.0-255,4320,116643,9,336331
20547,0.001219,172.31.36.0-255,66,116709,9,336331
20548,0.00123,172.31.36.0-255,66,116775,9,336331
20549,0.001253,172.217.194.0-255,2184,118959,9,336331
20550,0.001255,172.31.36.0-255,66,119025,9,336331
20551,0.001799,172.217.194.0-255,1484,120509,9,336331
20552,0.001809,172.217.194.0-255,2902,123411,9,336331
20553,0.001813,172.31.36.0-255,66,123477,9,336331
20554,0.001821,172.217.194.0-255,5738,129215,9,336331
20555,0.001824,172.31.36.0-255,66,129281,9,336331
20556,0.00185,172.217.194.0-255,4320,133601,9,336331
20557,0.001854,172.31.36.0-255,66,133667,9,336331
20558,0.001881,172.31.36.0-255,66,133733,9,336331
20559,0.001893,172.31.36.0-255,66,133799,9,336331
20560,0.001998,172.217.194.0-255,1484,135283,9,336331
20561,0.002004,172.217.194.0-255,2902,138185,9,336331
20562,0.002008,172.31.36.0-255,66,138251,9,336331
20563,0.002029,172.217.194.0-255,5738,143989,9,336331
20564,0.002031,172.31.36.0-255,66,144055,9,336331
20565,0.002074,172.31.36.0-255,66,144121,9,336331
20566,0.002091,172.217.194.0-255,1484,145605,9,336331
20567,0.002104,172.31.36.0-255,66,145671,9,336331
20568,0.004154,172.217.194.0-255,5738,151409,9,336331
20569,0.00416,172.31.36.0-255,66,151475,9,336331
20570,0.006223,172.217.194.0-255,5738,157213,9,336331
20571,0.00623,172.31.36.0-255,66,157279,9,336331
20572,0.008304,172.217.194.0-255,5738,163017,9,336331
20573,0.00831,172.31.36.0-255,66,163083,9,336331
20574,0.01041,172.217.194.0-255,5738,168821,9,336331
20575,0.010417,172.31.36.0-255,66,168887,9,336331
20576,0.012493,172.217.194.0-255,5738,174625,9,336331
20577,0.0125,172.31.36.0-255,66,174691,9,336331
20578,0.01458,172.217.194.0-255,5738,180429,9,336331
20579,0.014587,172.31.36.0-255,66,180495,9,336331
20580,0.016636,172.217.194.0-255,5738,186233,9,336331
20581,0.016644,172.31.36.0-255,66,186299,9,336331
20582,0.0187,172.217.194.0-255,5738,192037,9,336331
20583,0.018707,172.31.36.0-255,66,192103,9,336331
20584,0.020827,172.217.194.0-255,5738,197841,9,336331
20585,0.020835,172.31.36.0-255,66,197907,9,336331
20586,0.022902,172.217.194.0-255,5738,203645,9,336331
20587,0.022909,172.31.36.0-255,66,203711,9,336331
20588,0.025021,172.217.194.0-255,5738,209449,9,336331
20589,0.025028,172.31.36.0-255,66,209515,9,336331
20590,0.027084,172.217.194.0-255,5738,215253,9,336331
20591,0.027091,172.31.36.0-255,66,215319,9,336331
20592,0.029163,172.217.194.0-255,5738,221057,9,336331
20593,0.02917,172.31.36.0-255,66,221123,9,336331
20594,0.031253,172.217.194.0-255,5738,226861,9,336331
20595,0.03126,172.31.36.0-255,66,226927,9,336331
20596,0.033361,172.217.194.0-255,5738,232665,9,336331
20597,0.033368,172.31.36.0-255,66,232731,9,336331
20598,0.035445,172.217.194.0-255,5738,238469,9,336331
20599,0.035453,172.31.36.0-255,66,238535,9,336331
20600,0.037536,172.217.194.0-255,5738,244273,9,336331
20601,0.037543,172.31.36.0-255,66,244339,9,336331
20602,0.03962,172.217.194.0-255,5738,250077,9,336331
20603,0.039627,172.31.36.0-255,66,250143,9,336331
20604,0.041684,172.217.194.0-255,5738,255881,9,336331
20605,0.041691,172.31.36.0-255,66,255947,9,336331
20606,0.042109,172.31.36.0-255,188,256135,9,336331
20607,0.04214,172.31.36.0-255,960,257095,9,336331
20608,0.04219,172.31.36.0-255,1514,258609,9,336331
20609,0.042191,172.31.36.0-255,1514,260123,9,336331
20610,0.042215,172.31.36.0-255,1242,261365,9,336331
20611,0.043672,104.244.42.0-255,66,261431,9,336331
20612,0.043702,104.244.42.0-255,66,261497,9,336331
20613,0.043746,104.244.42.0-255,66,261563,9,336331
20614,0.043751,104.244.42.0-255,66,261629,9,336331
20615,0.043783,172.217.194.0-255,5738,267367,9,336331
20616,0.043788,172.31.36.0-255,66,267433,9,336331
20617,0.045881,172.217.194.0-255,5738,273171,9,336331
20618,0.045887,172.31.36.0-255,66,273237,9,336331
20619,0.047952,172.217.194.0-255,4320,277557,9,336331
20620,0.047957,172.31.36.0-255,66,277623,9,336331
20621,0.047991,172.217.194.0-255,1484,279107,9,336331
20622,0.050009,172.217.194.0-255,4320,283427,9,336331
20623,0.050013,172.31.36.0-255,66,283493,9,336331
20624,0.052061,172.217.194.0-255,1484,284977,9,336331
20625,0.052097,172.217.194.0-255,4320,289297,9,336331
20626,0.052102,172.31.36.0-255,66,289363,9,336331
20627,0.054185,172.217.194.0-255,4320,293683,9,336331
20628,0.05419,172.31.36.0-255,66,293749,9,336331
20629,0.054219,172.217.194.0-255,1484,295233,9,336331
20630,0.056248,172.217.194.0-255,4320,299553,9,336331
20631,0.056253,172.31.36.0-255,66,299619,9,336331
20632,0.058358,172.217.194.0-255,5738,305357,9,336331
20633,0.058363,172.31.36.0-255,66,305423,9,336331
20634,0.060445,172.217.194.0-255,5738,311161,9,336331
20635,0.060451,172.31.36.0-255,66,311227,9,336331
20636,0.062509,172.217.194.0-255,5738,316965,9,336331
20637,0.062514,172.31.36.0-255,66,317031,9,336331
20638,0.064568,172.217.194.0-255,2902,319933,9,336331
20639,0.064573,172.31.36.0-255,66,319999,9,336331
20640,0.064609,172.217.194.0-255,2902,322901,9,336331
20641,0.064611,172.31.36.0-255,66,322967,9,336331
20642,0.066672,172.217.194.0-255,2902,325869,9,336331
20643,0.066678,172.31.36.0-255,66,325935,9,336331
20644,0.066708,172.217.194.0-255,2902,328837,9,336331
20645,0.066711,172.31.36.0-255,66,328903,9,336331
20646,0.068788,172.217.194.0-255,5738,334641,9,336331
20647,0.068793,172.31.36.0-255,66,334707,9,336331
20648,0.070849,172.217.194.0-255,1387,336094,9,336331
20649,0.071014,172.31.36.0-255,66,336160,9,336331
20650,0.071041,172.31.36.0-255,105,336265,9,336331
20651,0.073068,172.217.194.0-255,66,336331,9,336331
20652,0.0,74.125.24.0-255,153,153,9,235309
20653,2.5e-05,172.31.36.0-255,66,219,9,235309
20654,3.2e-05,74.125.24.0-255,1484,1703,9,235309
20655,3.7e-05,172.31.36.0-255,66,1769,9,235309
20656,4.2e-05,74.125.24.0-255,2902,4671,9,235309
20657,4.5e-05,172.31.36.0-255,66,4737,9,235309
20658,5.3e-05,74.125.24.0-255,7156,11893,9,235309
20659,5.6e-05,172.31.36.0-255,66,11959,9,235309
20660,6e-05,74.125.24.0-255,2060,14019,9,235309
20661,6.2e-05,172.31.36.0-255,66,14085,9,235309
20662,7.4e-05,172.31.36.0-255,66,14151,9,235309
20663,9.8e-05,74.125.24.0-255,1484,15635,9,235309
20664,0.000101,172.31.36.0-255,66,15701,9,235309
20665,0.000114,172.31.36.0-255,66,15767,9,235309
20666,0.000144,74.125.24.0-255,5738,21505,9,235309
20667,0.000146,172.31.36.0-255,66,21571,9,235309
20668,0.000159,172.31.36.0-255,66,21637,9,235309
20669,0.000178,74.125.24.0-255,6438,28075,9,235309
20670,0.00018,172.31.36.0-255,66,28141,9,235309
20671,0.000186,74.125.24.0-255,4233,32374,9,235309
20672,0.000187,172.31.36.0-255,66,32440,9,235309
20673,0.000208,74.125.24.0-255,385,32825,9,235309
20674,0.000211,172.31.36.0-255,66,32891,9,235309
20675,0.000406,74.125.24.0-255,1484,34375,9,235309
20676,0.000412,172.31.36.0-255,66,34441,9,235309
20677,0.000418,74.125.24.0-255,2902,37343,9,235309
20678,0.00042,172.31.36.0-255,66,37409,9,235309
20679,0.000426,74.125.24.0-255,5738,43147,9,235309
20680,0.000429,172.31.36.0-255,66,43213,9,235309
20681,0.000432,74.125.24.0-255,1484,44697,9,235309
20682,0.000457,172.31.36.0-255,66,44763,9,235309
20683,0.000492,74.125.24.0-255,2902,47665,9,235309
20684,0.000496,172.31.36.0-255,66,47731,9,235309
20685,0.000521,172.31.36.0-255,66,47797,9,235309
20686,0.001114,74.125.24.0-255,1484,49281,9,235309
20687,0.00113,74.125.24.0-255,2902,52183,9,235309
20688,0.001135,172.31.36.0-255,66,52249,9,235309
20689,0.001142,74.125.24.0-255,5738,57987,9,235309
20690,0.001144,172.31.36.0-255,66,58053,9,235309
20691,0.00115,74.125.24.0-255,4320,62373,9,235309
20692,0.001152,172.31.36.0-255,66,62439,9,235309
20693,0.001187,172.31.36.0-255,66,62505,9,235309
20694,0.001193,74.125.24.0-255,3602,66107,9,235309
20695,0.001195,172.31.36.0-255,66,66173,9,235309
20696,0.001426,74.125.24.0-255,1484,67657,9,235309
20697,0.001432,74.125.24.0-255,2902,70559,9,235309
20698,0.001436,172.31.36.0-255,66,70625,9,235309
20699,0.00144,74.125.24.0-255,1484,72109,9,235309
20700,0.001454,74.125.24.0-255,1484,73593,9,235309
20701,0.001456,172.31.36.0-255,66,73659,9,235309
20702,0.001459,74.125.24.0-255,1484,75143,9,235309
20703,0.001482,74.125.24.0-255,5738,80881,9,235309
20704,0.001484,172.31.36.0-255,66,80947,9,235309
20705,0.001519,172.31.36.0-255,66,81013,9,235309
20706,0.001538,74.125.24.0-255,4320,85333,9,235309
20707,0.001542,172.31.36.0-255,66,85399,9,235309
20708,0.00156,74.125.24.0-255,3602,89001,9,235309
20709,0.001563,172.31.36.0-255,66,89067,9,235309
20710,0.001655,74.125.24.0-255,1484,90551,9,235309
20711,0.001674,74.125.24.0-255,2902,93453,9,235309
20712,0.001679,74.125.24.0-255,5738,99191,9,235309
20713,0.001714,172.31.36.0-255,66,99257,9,235309
20714,0.001721,172.31.36.0-255,66,99323,9,235309
20715,0.001732,172.31.36.0-255,66,99389,9,235309
20716,0.00177,172.31.36.0-255,66,99455,9,235309
20717,0.00179,74.125.24.0-255,2184,101639,9,235309
20718,0.001792,172.31.36.0-255,66,101705,9,235309
20719,0.001813,74.125.24.0-255,1484,103189,9,235309
20720,0.001833,74.125.24.0-255,2902,106091,9,235309
20721,0.001836,172.31.36.0-255,66,106157,9,235309
20722,0.00184,74.125.24.0-255,2902,109059,9,235309
20723,0.001843,172.31.36.0-255,66,109125,9,235309
20724,0.00186,74.125.24.0-255,2902,112027,9,235309
20725,0.001862,172.31.36.0-255,66,112093,9,235309
20726,0.001867,74.125.24.0-255,4320,116413,9,235309
20727,0.001869,172.31.36.0-255,66,116479,9,235309
20728,0.001872,74.125.24.0-255,1484,117963,9,235309
20729,0.001895,172.31.36.0-255,66,118029,9,235309
20730,0.001918,172.31.36.0-255,66,118095,9,235309
20731,0.001956,74.125.24.0-255,1484,119579,9,235309
20732,0.001959,74.125.24.0-255,1484,121063,9,235309
20733,0.001963,172.31.36.0-255,66,121129,9,235309
20734,0.00197,74.125.24.0-255,1484,122613,9,235309
20735,0.001994,74.125.24.0-255,5738,128351,9,235309
20736,0.001996,74.125.24.0-255,1484,129835,9,235309
20737,0.002,172.31.36.0-255,66,129901,9,235309
20738,0.002035,172.31.36.0-255,66,129967,9,235309
20739,0.00204,74.125.24.0-255,4320,134287,9,235309
20740,0.002042,172.31.36.0-255,66,134353,9,235309
20741,0.002062,172.31.36.0-255,66,134419,9,235309
20742,0.002073,172.31.36.0-255,66,134485,9,235309
20743,0.002114,74.125.24.0-255,2902,137387,9,235309
20744,0.002117,172.31.36.0-255,66,137453,9,235309
20745,0.002139,172.31.36.0-255,66,137519,9,235309
20746,0.002156,74.125.24.0-255,6438,143957,9,235309
20747,0.002159,172.31.36.0-255,66,144023,9,235309
20748,0.002161,74.125.24.0-255,1484,145507,9,235309
20749,0.002192,74.125.24.0-255,4320,149827,9,235309
20750,0.002211,74.125.24.0-255,4320,154147,9,235309
20751,0.002228,74.125.24.0-255,5738,159885,9,235309
20752,0.002234,74.125.24.0-255,6438,166323,9,235309
20753,0.002239,74.125.24.0-255,5738,172061,9,235309
20754,0.002249,74.125.24.0-255,1484,173545,9,235309
20755,0.002253,74.125.24.0-255,2902,176447,9,235309
20756,0.002282,74.125.24.0-255,4320,180767,9,235309
20757,0.002292,74.125.24.0-255,2184,182951,9,235309
20758,0.003149,172.31.36.0-255,66,183017,9,235309
20759,0.005416,74.125.24.0-255,5738,188755,9,235309
20760,0.005422,172.31.36.0-255,66,188821,9,235309
20761,0.00769,74.125.24.0-255,5738,194559,9,235309
20762,0.007698,172.31.36.0-255,66,194625,9,235309
20763,0.009971,74.125.24.0-255,5738,200363,9,235309
20764,0.009984,172.31.36.0-255,66,200429,9,235309
20765,0.012239,74.125.24.0-255,5738,206167,9,235309
20766,0.012248,172.31.36.0-255,66,206233,9,235309
20767,0.014514,74.125.24.0-255,5738,211971,9,235309
20768,0.014524,172.31.36.0-255,66,212037,9,235309
20769,0.016785,74.125.24.0-255,5738,217775,9,235309
20770,0.016793,172.31.36.0-255,66,217841,9,235309
20771,0.019054,74.125.24.0-255,5738,223579,9,235309
20772,0.019063,172.31.36.0-255,66,223645,9,235309
20773,0.021332,74.125.24.0-255,5738,229383,9,235309
20774,0.021342,172.31.36.0-255,66,229449,9,235309
20775,0.023606,74.125.24.0-255,1336,230785,9,235309
20776,0.023961,172.31.36.0-255,66,230851,9,235309
20777,0.024001,172.31.36.0-255,105,230956,9,235309
20778,0.026061,172.31.36.0-255,176,231132,9,235309
20779,0.026092,172.31.36.0-255,1115,232247,9,235309
20780,0.026153,172.31.36.0-255,1514,233761,9,235309
20781,0.026155,172.31.36.0-255,1284,235045,9,235309
20782,0.026196,74.125.24.0-255,66,235111,9,235309
20783,0.027606,104.244.42.0-255,66,235177,9,235309
20784,0.027655,104.244.42.0-255,66,235243,9,235309
20785,0.027748,104.244.42.0-255,66,235309,9,235309
20786,0.0,74.125.24.0-255,152,152,9,342016
20787,3.6e-05,172.31.36.0-255,66,218,9,342016
20788,4.3e-05,74.125.24.0-255,1484,1702,9,342016
20789,4.6e-05,172.31.36.0-255,66,1768,9,342016
20790,5.1e-05,74.125.24.0-255,2902,4670,9,342016
20791,6.1e-05,172.31.36.0-255,66,4736,9,342016
20792,6.9e-05,74.125.24.0-255,7156,11892,9,342016
20793,7.1e-05,172.31.36.0-255,66,11958,9,342016
20794,7.5e-05,74.125.24.0-255,2018,13976,9,342016
20795,7.7e-05,172.31.36.0-255,66,14042,9,342016
20796,0.000169,74.125.24.0-255,1484,15526,9,342016
20797,0.000175,172.31.36.0-255,66,15592,9,342016
20798,0.000181,74.125.24.0-255,2902,18494,9,342016
20799,0.000183,172.31.36.0-255,66,18560,9,342016
20800,0.000188,74.125.24.0-255,4320,22880,9,342016
20801,0.000197,172.31.36.0-255,66,22946,9,342016
20802,0.00022,74.125.24.0-255,1484,24430,9,342016
20803,0.000228,172.31.36.0-255,66,24496,9,342016
20804,0.000233,74.125.24.0-255,2902,27398,9,342016
20805,0.000236,172.31.36.0-255,66,27464,9,342016
20806,0.000253,74.125.24.0-255,1484,28948,9,342016
20807,0.000255,172.31.36.0-255,66,29014,9,342016
20808,0.000269,74.125.24.0-255,4320,33334,9,342016
20809,0.000271,172.31.36.0-255,66,33400,9,342016
20810,0.000314,172.31.36.0-255,66,33466,9,342016
20811,0.00037,74.125.24.0-255,7156,40622,9,342016
20812,0.000374,172.31.36.0-255,66,40688,9,342016
20813,0.000402,74.125.24.0-255,5738,46426,9,342016
20814,0.000405,172.31.36.0-255,66,46492,9,342016
20815,0.000472,74.125.24.0-255,5738,52230,9,342016
20816,0.000475,172.31.36.0-255,66,52296,9,342016
20817,0.000508,74.125.24.0-255,5401,57697,9,342016
20818,0.000511,172.31.36.0-255,66,57763,9,342016
20819,0.000536,74.125.24.0-255,329,58092,9,342016
20820,0.000557,74.125.24.0-255,1484,59576,9,342016
20821,0.000561,172.31.36.0-255,66,59642,9,342016
20822,0.000567,74.125.24.0-255,4320,63962,9,342016
20823,0.000569,172.31.36.0-255,66,64028,9,342016
20824,0.000597,74.125.24.0-255,2902,66930,9,342016
20825,0.0006,172.31.36.0-255,66,66996,9,342016
20826,0.000635,74.125.24.0-255,5738,72734,9,342016
20827,0.000638,172.31.36.0-255,66,72800,9,342016
20828,0.000665,74.125.24.0-255,4320,77120,9,342016
20829,0.000668,172.31.36.0-255,66,77186,9,342016
20830,0.00071,172.31.36.0-255,66,77252,9,342016
20831,0.000793,74.125.24.0-255,766,78018,9,342016
20832,0.000831,74.125.24.0-255,1484,79502,9,342016
20833,0.000835,172.31.36.0-255,66,79568,9,342016
20834,0.000841,74.125.24.0-255,4320,83888,9,342016
20835,0.000843,172.31.36.0-255,66,83954,9,342016
20836,0.000878,172.31.36.0-255,66,84020,9,342016
20837,0.000939,74.125.24.0-255,7156,91176,9,342016
20838,0.000942,172.31.36.0-255,66,91242,9,342016
20839,0.001023,172.31.36.0-255,66,91308,9,342016
20840,0.001052,74.125.24.0-255,3602,94910,9,342016
20841,0.001055,172.31.36.0-255,66,94976,9,342016
20842,0.001408,74.125.24.0-255,1484,96460,9,342016
20843,0.001417,74.125.24.0-255,2902,99362,9,342016
20844,0.001422,172.31.36.0-255,66,99428,9,342016
20845,0.001427,74.125.24.0-255,2902,102330,9,342016
20846,0.001429,172.31.36.0-255,66,102396,9,342016
20847,0.001468,74.125.24.0-255,7156,109552,9,342016
20848,0.001472,172.31.36.0-255,66,109618,9,342016
20849,0.001501,74.125.24.0-255,4320,113938,9,342016
20850,0.001504,172.31.36.0-255,66,114004,9,342016
20851,0.001534,74.125.24.0-255,5738,119742,9,342016
20852,0.001537,172.31.36.0-255,66,119808,9,342016
20853,0.001579,172.31.36.0-255,66,119874,9,342016
20854,0.0016,74.125.24.0-255,2184,122058,9,342016
20855,0.001602,172.31.36.0-255,66,122124,9,342016
20856,0.001675,172.31.36.0-255,66,122190,9,342016
20857,0.00176,172.31.36.0-255,66,122256,9,342016
20858,0.00182,172.31.36.0-255,66,122322,9,342016
20859,0.001908,74.125.24.0-255,1484,123806,9,342016
20860,0.001915,74.125.24.0-255,2902,126708,9,342016
20861,0.00192,172.31.36.0-255,66,126774,9,342016
20862,0.001953,74.125.24.0-255,5738,132512,9,342016
20863,0.001958,172.31.36.0-255,66,132578,9,342016
20864,0.001987,74.125.24.0-255,5738,138316,9,342016
20865,0.00199,172.31.36.0-255,66,138382,9,342016
20866,0.002021,74.125.24.0-255,7156,145538,9,342016
20867,0.002028,172.31.36.0-255,66,145604,9,342016
20868,0.002088,74.125.24.0-255,5738,151342,9,342016
20869,0.002092,172.31.36.0-255,66,151408,9,342016
20870,0.002127,74.125.24.0-255,2902,154310,9,342016
20871,0.00213,172.31.36.0-255,66,154376,9,342016
20872,0.002153,74.125.24.0-255,2184,156560,9,342016
20873,0.002157,172.31.36.0-255,66,156626,9,342016
20874,0.002176,74.125.24.0-255,5738,162364,9,342016
20875,0.002179,172.31.36.0-255,66,162430,9,342016
20876,0.004266,74.125.24.0-255,5738,168168,9,342016
20877,0.004272,172.31.36.0-255,66,168234,9,342016
20878,0.006389,74.125.24.0-255,5738,173972,9,342016
20879,0.006396,172.31.36.0-255,66,174038,9,342016
20880,0.008515,74.125.24.0-255,5738,179776,9,342016
20881,0.008522,172.31.36.0-255,66,179842,9,342016
20882,0.010634,74.125.24.0-255,5738,185580,9,342016
20883,0.01064,172.31.36.0-255,66,185646,9,342016
20884,0.01274,74.125.24.0-255,5738,191384,9,342016
20885,0.012748,172.31.36.0-255,66,191450,9,342016
20886,0.014838,74.125.24.0-255,5738,197188,9,342016
20887,0.014845,172.31.36.0-255,66,197254,9,342016
20888,0.016968,74.125.24.0-255,5738,202992,9,342016
20889,0.016978,172.31.36.0-255,66,203058,9,342016
20890,0.019082,74.125.24.0-255,5738,208796,9,342016
20891,0.019089,172.31.36.0-255,66,208862,9,342016
20892,0.021245,74.125.24.0-255,5738,214600,9,342016
20893,0.021264,172.31.36.0-255,66,214666,9,342016
20894,0.023356,74.125.24.0-255,5738,220404,9,342016
20895,0.023371,172.31.36.0-255,66,220470,9,342016
20896,0.025509,74.125.24.0-255,5738,226208,9,342016
20897,0.025526,172.31.36.0-255,66,226274,9,342016
20898,0.027618,74.125.24.0-255,5738,232012,9,342016
20899,0.027633,172.31.36.0-255,66,232078,9,342016
20900,0.029743,74.125.24.0-255,5738,237816,9,342016
20901,0.02975,172.31.36.0-255,66,237882,9,342016
20902,0.031846,74.125.24.0-255,5738,243620,9,342016
20903,0.031853,172.31.36.0-255,66,243686,9,342016
20904,0.033966,74.125.24.0-255,5738,249424,9,342016
20905,0.033974,172.31.36.0-255,66,249490,9,342016
20906,0.036083,74.125.24.0-255,5738,255228,9,342016
20907,0.036092,172.31.36.0-255,66,255294,9,342016
20908,0.038193,74.125.24.0-255,5738,261032,9,342016
20909,0.038202,172.31.36.0-255,66,261098,9,342016
20910,0.040316,74.125.24.0-255,5738,266836,9,342016
20911,0.040326,172.31.36.0-255,66,266902,9,342016
20912,0.042285,172.31.36.0-255,172,267074,9,342016
20913,0.042317,172.31.36.0-255,1070,268144,9,342016
20914,0.042404,74.125.24.0-255,5738,273882,9,342016
20915,0.042409,172.31.36.0-255,66,273948,9,342016
20916,0.043777,104.244.42.0-255,66,274014,9,342016
20917,0.043882,104.244.42.0-255,66,274080,9,342016
20918,0.044512,74.125.24.0-255,5738,279818,9,342016
20919,0.044519,172.31.36.0-255,66,279884,9,342016
20920,0.046623,74.125.24.0-255,5738,285622,9,342016
20921,0.04663,172.31.36.0-255,66,285688,9,342016
20922,0.048745,74.125.24.0-255,5738,291426,9,342016
20923,0.048751,172.31.36.0-255,66,291492,9,342016
20924,0.050856,74.125.24.0-255,5738,297230,9,342016
20925,0.050861,172.31.36.0-255,66,297296,9,342016
20926,0.052972,74.125.24.0-255,5738,303034,9,342016
20927,0.052978,172.31.36.0-255,66,303100,9,342016
20928,0.055098,74.125.24.0-255,5738,308838,9,342016
20929,0.055104,172.31.36.0-255,66,308904,9,342016
20930,0.057228,74.125.24.0-255,5738,314642,9,342016
20931,0.057234,172.31.36.0-255,66,314708,9,342016
20932,0.059368,74.125.24.0-255,5738,320446,9,342016
20933,0.059375,172.31.36.0-255,66,320512,9,342016
20934,0.061479,74.125.24.0-255,5738,326250,9,342016
20935,0.061486,172.31.36.0-255,66,326316,9,342016
20936,0.063594,74.125.24.0-255,5738,332054,9,342016
20937,0.0636,172.31.36.0-255,66,332120,9,342016
20938,0.065725,74.125.24.0-255,5738,337858,9,342016
20939,0.065735,172.31.36.0-255,66,337924,9,342016
20940,0.067834,74.125.24.0-255,3855,341779,9,342016
20941,0.067841,172.31.36.0-255,66,341845,9,342016
20942,0.068038,172.31.36.0-255,105,341950,9,342016
20943,0.070107,74.125.24.0-255,66,342016,9,342016
20944,0.0,172.217.194.0-255,291,291,9,188489
20945,2.4e-05,172.31.36.0-255,66,357,9,188489
20946,3.1e-05,172.217.194.0-255,1484,1841,9,188489
20947,3.6e-05,172.31.36.0-255,66,1907,9,188489
20948,4.3e-05,172.217.194.0-255,4320,6227,9,188489
20949,4.7e-05,172.31.36.0-255,66,6293,9,188489
20950,6e-05,172.31.36.0-255,66,6359,9,188489
20951,7.2e-05,172.31.36.0-255,66,6425,9,188489
20952,8.9e-05,172.217.194.0-255,1484,7909,9,188489
20953,9.1e-05,172.31.36.0-255,66,7975,9,188489
20954,0.000115,172.217.194.0-255,3961,11936,9,188489
20955,0.000118,172.31.36.0-255,66,12002,9,188489
20956,0.000136,172.217.194.0-255,1484,13486,9,188489
20957,0.000139,172.31.36.0-255,66,13552,9,188489
20958,0.000144,172.217.194.0-255,2902,16454,9,188489
20959,0.000146,172.31.36.0-255,66,16520,9,188489
20960,0.000178,172.217.194.0-255,5738,22258,9,188489
20961,0.00018,172.31.36.0-255,66,22324,9,188489
20962,0.000191,172.31.36.0-255,66,22390,9,188489
20963,0.000216,172.217.194.0-255,4320,26710,9,188489
20964,0.000218,172.31.36.0-255,66,26776,9,188489
20965,0.000246,172.31.36.0-255,66,26842,9,188489
20966,0.000268,172.217.194.0-255,2494,29336,9,188489
20967,0.00027,172.31.36.0-255,66,29402,9,188489
20968,0.000856,172.217.194.0-255,100,29502,9,188489
20969,0.000862,172.31.36.0-255,66,29568,9,188489
20970,0.000896,172.217.194.0-255,1484,31052,9,188489
20971,0.000899,172.31.36.0-255,66,31118,9,188489
20972,0.000905,172.217.194.0-255,2902,34020,9,188489
20973,0.000907,172.31.36.0-255,66,34086,9,188489
20974,0.000931,172.217.194.0-255,7156,41242,9,188489
20975,0.000934,172.31.36.0-255,66,41308,9,188489
20976,0.000976,172.31.36.0-255,66,41374,9,188489
20977,0.001012,172.31.36.0-255,66,41440,9,188489
20978,0.001028,172.31.36.0-255,66,41506,9,188489
20979,0.001032,172.217.194.0-255,2902,44408,9,188489
20980,0.001034,172.31.36.0-255,66,44474,9,188489
20981,0.001073,172.31.36.0-255,66,44540,9,188489
20982,0.00108,172.217.194.0-255,6438,50978,9,188489
20983,0.001082,172.31.36.0-255,66,51044,9,188489
20984,0.001126,172.31.36.0-255,66,51110,9,188489
20985,0.001148,172.217.194.0-255,5738,56848,9,188489
20986,0.001152,172.31.36.0-255,66,56914,9,188489
20987,0.001162,172.31.36.0-255,66,56980,9,188489
20988,0.001288,172.217.194.0-255,1484,58464,9,188489
20989,0.001295,172.217.194.0-255,2902,61366,9,188489
20990,0.001298,172.31.36.0-255,66,61432,9,188489
20991,0.001305,172.217.194.0-255,5738,67170,9,188489
20992,0.001307,172.31.36.0-255,66,67236,9,188489
20993,0.00131,172.217.194.0-255,1484,68720,9,188489
20994,0.001329,172.217.194.0-255,5738,74458,9,188489
20995,0.001332,172.31.36.0-255,66,74524,9,188489
20996,0.001335,172.217.194.0-255,1484,76008,9,188489
20997,0.001361,172.31.36.0-255,66,76074,9,188489
20998,0.001366,172.217.194.0-255,2184,78258,9,188489
20999,0.001369,172.31.36.0-255,66,78324,9,188489
21000,0.001411,172.217.194.0-255,2902,81226,9,188489
21001,0.001415,172.31.36.0-255,66,81292,9,188489
21002,0.00142,172.217.194.0-255,4320,85612,9,188489
21003,0.001423,172.31.36.0-255,66,85678,9,188489
21004,0.001489,172.31.36.0-255,66,85744,9,188489
21005,0.001507,172.31.36.0-255,66,85810,9,188489
21006,0.001548,172.217.194.0-255,1484,87294,9,188489
21007,0.001553,172.217.194.0-255,2902,90196,9,188489
21008,0.001556,172.31.36.0-255,66,90262,9,188489
21009,0.001574,172.217.194.0-255,4320,94582,9,188489
21010,0.001576,172.31.36.0-255,66,94648,9,188489
21011,0.001581,172.217.194.0-255,2902,97550,9,188489
21012,0.001583,172.31.36.0-255,66,97616,9,188489
21013,0.001606,172.217.194.0-255,5738,103354,9,188489
21014,0.00161,172.31.36.0-255,66,103420,9,188489
21015,0.00164,172.217.194.0-255,5738,109158,9,188489
21016,0.001644,172.31.36.0-255,66,109224,9,188489
21017,0.001668,172.31.36.0-255,66,109290,9,188489
21018,0.001744,172.217.194.0-255,1484,110774,9,188489
21019,0.00175,172.217.194.0-255,2902,113676,9,188489
21020,0.001753,172.31.36.0-255,66,113742,9,188489
21021,0.001774,172.217.194.0-255,5738,119480,9,188489
21022,0.001777,172.31.36.0-255,66,119546,9,188489
21023,0.001781,172.217.194.0-255,2902,122448,9,188489
21024,0.001783,172.31.36.0-255,66,122514,9,188489
21025,0.001803,172.217.194.0-255,7156,129670,9,188489
21026,0.001805,172.31.36.0-255,66,129736,9,188489
21027,0.001829,172.217.194.0-255,2902,132638,9,188489
21028,0.00185,172.217.194.0-255,2184,134822,9,188489
21029,0.001853,172.31.36.0-255,66,134888,9,188489
21030,0.001859,172.31.36.0-255,66,134954,9,188489
21031,0.00202,172.217.194.0-255,1484,136438,9,188489
21032,0.002025,172.217.194.0-255,1484,137922,9,188489
21033,0.002027,172.31.36.0-255,66,137988,9,188489
21034,0.002057,172.217.194.0-255,1484,139472,9,188489
21035,0.002064,172.217.194.0-255,5738,145210,9,188489
21036,0.002067,172.31.36.0-255,66,145276,9,188489
21037,0.0021,172.217.194.0-255,2902,148178,9,188489
21038,0.002122,172.217.194.0-255,1484,149662,9,188489
21039,0.002183,172.217.194.0-255,4320,153982,9,188489
21040,0.002187,172.217.194.0-255,2902,156884,9,188489
21041,0.002214,172.217.194.0-255,7156,164040,9,188489
21042,0.002236,172.217.194.0-255,4320,168360,9,188489
21043,0.002308,172.217.194.0-255,6438,174798,9,188489
21044,0.002311,172.217.194.0-255,1484,176282,9,188489
21045,0.002315,172.217.194.0-255,2902,179184,9,188489
21046,0.002342,172.217.194.0-255,5738,184922,9,188489
21047,0.002348,172.217.194.0-255,3128,188050,9,188489
21048,0.00235,172.217.194.0-255,97,188147,9,188489
21049,0.011609,172.217.194.0-255,105,188252,9,188489
21050,0.014168,172.31.36.0-255,66,188318,9,188489
21051,0.016679,172.31.36.0-255,105,188423,9,188489
21052,0.01901,172.217.194.0-255,66,188489,9,188489
21053,0.0,172.253.118.0-255,143,143,9,350343
21054,2e-05,172.31.36.0-255,66,209,9,350343
21055,4.1e-05,172.253.118.0-255,1484,1693,9,350343
21056,4.5e-05,172.31.36.0-255,66,1759,9,350343
21057,4.9e-05,172.253.118.0-255,1484,3243,9,350343
21058,5.1e-05,172.31.36.0-255,66,3309,9,350343
21059,6.3e-05,172.253.118.0-255,1484,4793,9,350343
21060,6.5e-05,172.31.36.0-255,66,4859,9,350343
21061,7.1e-05,172.253.118.0-255,2902,7761,9,350343
21062,7.4e-05,172.31.36.0-255,66,7827,9,350343
21063,9.3e-05,172.253.118.0-255,4320,12147,9,350343
21064,9.7e-05,172.31.36.0-255,66,12213,9,350343
21065,0.000101,172.253.118.0-255,1992,14205,9,350343
21066,0.000103,172.31.36.0-255,66,14271,9,350343
21067,0.000527,172.253.118.0-255,1484,15755,9,350343
21068,0.000533,172.31.36.0-255,66,15821,9,350343
21069,0.000542,172.253.118.0-255,2902,18723,9,350343
21070,0.000544,172.31.36.0-255,66,18789,9,350343
21071,0.000549,172.253.118.0-255,2902,21691,9,350343
21072,0.000551,172.31.36.0-255,66,21757,9,350343
21073,0.000568,172.253.118.0-255,2902,24659,9,350343
21074,0.00057,172.31.36.0-255,66,24725,9,350343
21075,0.000602,172.253.118.0-255,6797,31522,9,350343
21076,0.000606,172.31.36.0-255,66,31588,9,350343
21077,0.000723,172.253.118.0-255,1484,33072,9,350343
21078,0.000728,172.31.36.0-255,66,33138,9,350343
21079,0.000734,172.253.118.0-255,2902,36040,9,350343
21080,0.000736,172.31.36.0-255,66,36106,9,350343
21081,0.00074,172.253.118.0-255,1484,37590,9,350343
21082,0.000742,172.31.36.0-255,66,37656,9,350343
21083,0.000762,172.253.118.0-255,5738,43394,9,350343
21084,0.000766,172.31.36.0-255,66,43460,9,350343
21085,0.00079,172.253.118.0-255,2902,46362,9,350343
21086,0.000792,172.31.36.0-255,66,46428,9,350343
21087,0.000804,172.253.118.0-255,2543,48971,9,350343
21088,0.000807,172.31.36.0-255,66,49037,9,350343
21089,0.001518,172.253.118.0-255,1484,50521,9,350343
21090,0.001524,172.253.118.0-255,1484,52005,9,350343
21091,0.001528,172.31.36.0-255,66,52071,9,350343
21092,0.001547,172.253.118.0-255,1484,53555,9,350343
21093,0.001553,172.253.118.0-255,5738,59293,9,350343
21094,0.001555,172.31.36.0-255,66,59359,9,350343
21095,0.001599,172.253.118.0-255,2902,62261,9,350343
21096,0.001602,172.31.36.0-255,66,62327,9,350343
21097,0.001617,172.253.118.0-255,3961,66288,9,350343
21098,0.001619,172.31.36.0-255,66,66354,9,350343
21099,0.001681,172.253.118.0-255,1484,67838,9,350343
21100,0.001684,172.253.118.0-255,1484,69322,9,350343
21101,0.001686,172.31.36.0-255,66,69388,9,350343
21102,0.001704,172.253.118.0-255,1484,70872,9,350343
21103,0.001708,172.253.118.0-255,2902,73774,9,350343
21104,0.00171,172.31.36.0-255,66,73840,9,350343
21105,0.001716,172.253.118.0-255,5738,79578,9,350343
21106,0.001718,172.31.36.0-255,66,79644,9,350343
21107,0.001732,172.253.118.0-255,1484,81128,9,350343
21108,0.001752,172.253.118.0-255,4320,85448,9,350343
21109,0.001754,172.31.36.0-255,66,85514,9,350343
21110,0.001784,172.31.36.0-255,66,85580,9,350343
21111,0.001803,172.253.118.0-255,2543,88123,9,350343
21112,0.001805,172.31.36.0-255,66,88189,9,350343
21113,0.00193,172.253.118.0-255,646,88835,9,350343
21114,0.002142,172.253.118.0-255,1484,90319,9,350343
21115,0.002144,172.31.36.0-255,66,90385,9,350343
21116,0.002147,172.253.118.0-255,1484,91869,9,350343
21117,0.002164,172.253.118.0-255,1484,93353,9,350343
21118,0.002166,172.31.36.0-255,66,93419,9,350343
21119,0.002172,172.253.118.0-255,5738,99157,9,350343
21120,0.002174,172.31.36.0-255,66,99223,9,350343
21121,0.002184,172.253.118.0-255,1484,100707,9,350343
21122,0.002209,172.31.36.0-255,66,100773,9,350343
21123,0.002215,172.253.118.0-255,7156,107929,9,350343
21124,0.002217,172.31.36.0-255,66,107995,9,350343
21125,0.002238,172.253.118.0-255,3602,111597,9,350343
21126,0.00224,172.31.36.0-255,66,111663,9,350343
21127,0.004587,172.253.118.0-255,5738,117401,9,350343
21128,0.004594,172.31.36.0-255,66,117467,9,350343
21129,0.006934,172.253.118.0-255,5738,123205,9,350343
21130,0.006941,172.31.36.0-255,66,123271,9,350343
21131,0.009286,172.253.118.0-255,5738,129009,9,350343
21132,0.009292,172.31.36.0-255,66,129075,9,350343
21133,0.011674,172.253.118.0-255,5738,134813,9,350343
21134,0.011681,172.31.36.0-255,66,134879,9,350343
21135,0.014033,172.253.118.0-255,5738,140617,9,350343
21136,0.014045,172.31.36.0-255,66,140683,9,350343
21137,0.016387,172.253.118.0-255,5738,146421,9,350343
21138,0.016395,172.31.36.0-255,66,146487,9,350343
21139,0.018715,172.253.118.0-255,5738,152225,9,350343
21140,0.018723,172.31.36.0-255,66,152291,9,350343
21141,0.021063,172.253.118.0-255,5738,158029,9,350343
21142,0.021071,172.31.36.0-255,66,158095,9,350343
21143,0.023449,172.253.118.0-255,5738,163833,9,350343
21144,0.023456,172.31.36.0-255,66,163899,9,350343
21145,0.025695,172.31.36.0-255,172,164071,9,350343
21146,0.025724,172.31.36.0-255,1070,165141,9,350343
21147,0.025848,172.253.118.0-255,5738,170879,9,350343
21148,0.025854,172.31.36.0-255,66,170945,9,350343
21149,0.027253,104.244.42.0-255,66,171011,9,350343
21150,0.027261,104.244.42.0-255,66,171077,9,350343
21151,0.028225,172.253.118.0-255,5738,176815,9,350343
21152,0.028232,172.31.36.0-255,66,176881,9,350343
21153,0.030568,172.253.118.0-255,5738,182619,9,350343
21154,0.030574,172.31.36.0-255,66,182685,9,350343
21155,0.032908,172.253.118.0-255,5738,188423,9,350343
21156,0.032914,172.31.36.0-255,66,188489,9,350343
21157,0.035249,172.253.118.0-255,5738,194227,9,350343
21158,0.035254,172.31.36.0-255,66,194293,9,350343
21159,0.037588,172.253.118.0-255,5738,200031,9,350343
21160,0.037593,172.31.36.0-255,66,200097,9,350343
21161,0.039938,172.253.118.0-255,1484,201581,9,350343
21162,0.039969,172.253.118.0-255,4320,205901,9,350343
21163,0.039975,172.31.36.0-255,66,205967,9,350343
21164,0.042317,172.253.118.0-255,4320,210287,9,350343
21165,0.042323,172.31.36.0-255,66,210353,9,350343
21166,0.042354,172.253.118.0-255,1484,211837,9,350343
21167,0.044668,172.253.118.0-255,4320,216157,9,350343
21168,0.044673,172.31.36.0-255,66,216223,9,350343
21169,0.047003,172.253.118.0-255,5738,221961,9,350343
21170,0.047008,172.31.36.0-255,66,222027,9,350343
21171,0.049371,172.253.118.0-255,5738,227765,9,350343
21172,0.049378,172.31.36.0-255,66,227831,9,350343
21173,0.051732,172.253.118.0-255,5738,233569,9,350343
21174,0.051737,172.31.36.0-255,66,233635,9,350343
21175,0.054073,172.253.118.0-255,5738,239373,9,350343
21176,0.054078,172.31.36.0-255,66,239439,9,350343
21177,0.056413,172.253.118.0-255,5738,245177,9,350343
21178,0.056418,172.31.36.0-255,66,245243,9,350343
21179,0.058737,172.253.118.0-255,1484,246727,9,350343
21180,0.058766,172.253.118.0-255,4320,251047,9,350343
21181,0.05877,172.31.36.0-255,66,251113,9,350343
21182,0.061097,172.253.118.0-255,5738,256851,9,350343
21183,0.061101,172.31.36.0-255,66,256917,9,350343
21184,0.063459,172.253.118.0-255,2902,259819,9,350343
21185,0.063465,172.31.36.0-255,66,259885,9,350343
21186,0.063496,172.253.118.0-255,2902,262787,9,350343
21187,0.063499,172.31.36.0-255,66,262853,9,350343
21188,0.065797,172.253.118.0-255,2902,265755,9,350343
21189,0.065802,172.31.36.0-255,66,265821,9,350343
21190,0.065833,172.253.118.0-255,2902,268723,9,350343
21191,0.065836,172.31.36.0-255,66,268789,9,350343
21192,0.068135,172.253.118.0-255,2902,271691,9,350343
21193,0.068139,172.31.36.0-255,66,271757,9,350343
21194,0.068167,172.253.118.0-255,2902,274659,9,350343
21195,0.06817,172.31.36.0-255,66,274725,9,350343
21196,0.070475,172.253.118.0-255,2902,277627,9,350343
21197,0.070481,172.31.36.0-255,66,277693,9,350343
21198,0.070511,172.253.118.0-255,2902,280595,9,350343
21199,0.070513,172.31.36.0-255,66,280661,9,350343
21200,0.072827,172.253.118.0-255,2902,283563,9,350343
21201,0.072831,172.31.36.0-255,66,283629,9,350343
21202,0.072864,172.253.118.0-255,2902,286531,9,350343
21203,0.07288,172.31.36.0-255,66,286597,9,350343
21204,0.075157,172.253.118.0-255,2902,289499,9,350343
21205,0.075163,172.31.36.0-255,66,289565,9,350343
21206,0.075191,172.253.118.0-255,1484,291049,9,350343
21207,0.075208,172.253.118.0-255,1484,292533,9,350343
21208,0.07521,172.31.36.0-255,66,292599,9,350343
21209,0.077486,172.253.118.0-255,2902,295501,9,350343
21210,0.077492,172.31.36.0-255,66,295567,9,350343
21211,0.077527,172.253.118.0-255,2902,298469,9,350343
21212,0.07753,172.31.36.0-255,66,298535,9,350343
21213,0.079833,172.253.118.0-255,2902,301437,9,350343
21214,0.079838,172.31.36.0-255,66,301503,9,350343
21215,0.079868,172.253.118.0-255,2902,304405,9,350343
21216,0.079871,172.31.36.0-255,66,304471,9,350343
21217,0.08223,172.253.118.0-255,2902,307373,9,350343
21218,0.082235,172.31.36.0-255,66,307439,9,350343
21219,0.082264,172.253.118.0-255,2902,310341,9,350343
21220,0.082267,172.31.36.0-255,66,310407,9,350343
21221,0.084577,172.253.118.0-255,2902,313309,9,350343
21222,0.084582,172.31.36.0-255,66,313375,9,350343
21223,0.084613,172.253.118.0-255,2902,316277,9,350343
21224,0.084615,172.31.36.0-255,66,316343,9,350343
21225,0.086929,172.253.118.0-255,2902,319245,9,350343
21226,0.086934,172.31.36.0-255,66,319311,9,350343
21227,0.08698,172.253.118.0-255,2902,322213,9,350343
21228,0.086983,172.31.36.0-255,66,322279,9,350343
21229,0.089268,172.253.118.0-255,2902,325181,9,350343
21230,0.089273,172.31.36.0-255,66,325247,9,350343
21231,0.089307,172.253.118.0-255,2902,328149,9,350343
21232,0.08931,172.31.36.0-255,66,328215,9,350343
21233,0.091603,172.253.118.0-255,2902,331117,9,350343
21234,0.091608,172.31.36.0-255,66,331183,9,350343
21235,0.091647,172.253.118.0-255,2902,334085,9,350343
21236,0.09165,172.31.36.0-255,66,334151,9,350343
21237,0.093926,172.253.118.0-255,2902,337053,9,350343
21238,0.093931,172.31.36.0-255,66,337119,9,350343
21239,0.093961,172.253.118.0-255,2902,340021,9,350343
21240,0.093964,172.31.36.0-255,66,340087,9,350343
21241,0.096278,172.253.118.0-255,4320,344407,9,350343
21242,0.096283,172.31.36.0-255,66,344473,9,350343
21243,0.096312,172.253.118.0-255,1484,345957,9,350343
21244,0.098627,172.253.118.0-255,4320,350277,9,350343
21245,0.098632,172.31.36.0-255,66,350343,9,350343
21246,0.0,74.125.68.0-255,153,153,9,373974
21247,1.8e-05,172.31.36.0-255,66,219,9,373974
21248,2.4e-05,74.125.68.0-255,1484,1703,9,373974
21249,2.8e-05,172.31.36.0-255,66,1769,9,373974
21250,3.4e-05,74.125.68.0-255,2902,4671,9,373974
21251,3.6e-05,172.31.36.0-255,66,4737,9,373974
21252,6e-05,74.125.68.0-255,4320,9057,9,373974
21253,6.3e-05,172.31.36.0-255,66,9123,9,373974
21254,8e-05,74.125.68.0-255,1484,10607,9,373974
21255,8.2e-05,172.31.36.0-255,66,10673,9,373974
21256,8.8e-05,74.125.68.0-255,3384,14057,9,373974
21257,9e-05,172.31.36.0-255,66,14123,9,373974
21258,9.3e-05,74.125.68.0-255,1484,15607,9,373974
21259,9.5e-05,172.31.36.0-255,66,15673,9,373974
21260,0.00012,74.125.68.0-255,2902,18575,9,373974
21261,0.000123,172.31.36.0-255,66,18641,9,373974
21262,0.000156,172.31.36.0-255,66,18707,9,373974
21263,0.000177,74.125.68.0-255,1484,20191,9,373974
21264,0.000179,172.31.36.0-255,66,20257,9,373974
21265,0.000184,74.125.68.0-255,2543,22800,9,373974
21266,0.000186,172.31.36.0-255,66,22866,9,373974
21267,0.000415,74.125.68.0-255,1484,24350,9,373974
21268,0.00042,172.31.36.0-255,66,24416,9,373974
21269,0.000426,74.125.68.0-255,2902,27318,9,373974
21270,0.000429,172.31.36.0-255,66,27384,9,373974
21271,0.000491,74.125.68.0-255,4320,31704,9,373974
21272,0.000495,172.31.36.0-255,66,31770,9,373974
21273,0.000515,74.125.68.0-255,1484,33254,9,373974
21274,0.000518,172.31.36.0-255,66,33320,9,373974
21275,0.000526,74.125.68.0-255,7156,40476,9,373974
21276,0.000528,172.31.36.0-255,66,40542,9,373974
21277,0.000536,74.125.68.0-255,7156,47698,9,373974
21278,0.000539,172.31.36.0-255,66,47764,9,373974
21279,0.000565,74.125.68.0-255,5738,53502,9,373974
21280,0.000568,172.31.36.0-255,66,53568,9,373974
21281,0.00059,74.125.68.0-255,3602,57170,9,373974
21282,0.000592,172.31.36.0-255,66,57236,9,373974
21283,0.000608,74.125.68.0-255,398,57634,9,373974
21284,0.000656,74.125.68.0-255,1484,59118,9,373974
21285,0.000659,172.31.36.0-255,66,59184,9,373974
21286,0.000678,74.125.68.0-255,1484,60668,9,373974
21287,0.0007,74.125.68.0-255,2902,63570,9,373974
21288,0.000704,74.125.68.0-255,2902,66472,9,373974
21289,0.00071,172.31.36.0-255,66,66538,9,373974
21290,0.000713,172.31.36.0-255,66,66604,9,373974
21291,0.000741,74.125.68.0-255,4320,70924,9,373974
21292,0.000744,172.31.36.0-255,66,70990,9,373974
21293,0.000797,74.125.68.0-255,1484,72474,9,373974
21294,0.000815,74.125.68.0-255,2800,75274,9,373974
21295,0.000818,172.31.36.0-255,66,75340,9,373974
21296,0.001066,74.125.68.0-255,1484,76824,9,373974
21297,0.001072,74.125.68.0-255,2902,79726,9,373974
21298,0.001075,172.31.36.0-255,66,79792,9,373974
21299,0.001097,74.125.68.0-255,5738,85530,9,373974
21300,0.001101,172.31.36.0-255,66,85596,9,373974
21301,0.001153,74.125.68.0-255,2902,88498,9,373974
21302,0.001156,172.31.36.0-255,66,88564,9,373974
21303,0.001174,74.125.68.0-255,2902,91466,9,373974
21304,0.001177,172.31.36.0-255,66,91532,9,373974
21305,0.001184,74.125.68.0-255,7156,98688,9,373974
21306,0.001186,172.31.36.0-255,66,98754,9,373974
21307,0.001211,74.125.68.0-255,4320,103074,9,373974
21308,0.001213,172.31.36.0-255,66,103140,9,373974
21309,0.001238,74.125.68.0-255,6438,109578,9,373974
21310,0.001241,172.31.36.0-255,66,109644,9,373974
21311,0.00129,74.125.68.0-255,1484,111128,9,373974
21312,0.00131,74.125.68.0-255,1484,112612,9,373974
21313,0.001313,172.31.36.0-255,66,112678,9,373974
21314,0.001318,74.125.68.0-255,2902,115580,9,373974
21315,0.001319,172.31.36.0-255,66,115646,9,373974
21316,0.001323,74.125.68.0-255,1484,117130,9,373974
21317,0.001339,74.125.68.0-255,4320,121450,9,373974
21318,0.001341,172.31.36.0-255,66,121516,9,373974
21319,0.001366,74.125.68.0-255,5738,127254,9,373974
21320,0.001369,172.31.36.0-255,66,127320,9,373974
21321,0.001393,74.125.68.0-255,2902,130222,9,373974
21322,0.001395,172.31.36.0-255,66,130288,9,373974
21323,0.001415,74.125.68.0-255,2902,133190,9,373974
21324,0.001417,172.31.36.0-255,66,133256,9,373974
21325,0.001425,74.125.68.0-255,7156,140412,9,373974
21326,0.001427,172.31.36.0-255,66,140478,9,373974
21327,0.001448,74.125.68.0-255,3602,144080,9,373974
21328,0.00145,172.31.36.0-255,66,144146,9,373974
21329,0.001456,74.125.68.0-255,4320,148466,9,373974
21330,0.001458,172.31.36.0-255,66,148532,9,373974
21331,0.001483,74.125.68.0-255,2902,151434,9,373974
21332,0.001485,172.31.36.0-255,66,151500,9,373974
21333,0.001512,74.125.68.0-255,7156,158656,9,373974
21334,0.001514,172.31.36.0-255,66,158722,9,373974
21335,0.001519,74.125.68.0-255,4320,163042,9,373974
21336,0.001521,172.31.36.0-255,66,163108,9,373974
21337,0.00156,74.125.68.0-255,4320,167428,9,373974
21338,0.001563,172.31.36.0-255,66,167494,9,373974
21339,0.001596,172.31.36.0-255,66,167560,9,373974
21340,0.001645,74.125.68.0-255,1484,169044,9,373974
21341,0.001663,74.125.68.0-255,2902,171946,9,373974
21342,0.001665,172.31.36.0-255,66,172012,9,373974
21343,0.00169,74.125.68.0-255,5738,177750,9,373974
21344,0.001693,172.31.36.0-255,66,177816,9,373974
21345,0.001725,74.125.68.0-255,7156,184972,9,373974
21346,0.001728,172.31.36.0-255,66,185038,9,373974
21347,0.001731,74.125.68.0-255,1484,186522,9,373974
21348,0.001752,74.125.68.0-255,7156,193678,9,373974
21349,0.001791,172.31.36.0-255,66,193744,9,373974
21350,0.001816,172.31.36.0-255,66,193810,9,373974
21351,0.001836,74.125.68.0-255,5738,199548,9,373974
21352,0.00184,172.31.36.0-255,66,199614,9,373974
21353,0.001859,74.125.68.0-255,2902,202516,9,373974
21354,0.00187,74.125.68.0-255,1484,204000,9,373974
21355,0.001874,172.31.36.0-255,66,204066,9,373974
21356,0.001877,172.31.36.0-255,66,204132,9,373974
21357,0.001893,172.31.36.0-255,66,204198,9,373974
21358,0.001938,172.31.36.0-255,66,204264,9,373974
21359,0.001943,74.125.68.0-255,2902,207166,9,373974
21360,0.001945,172.31.36.0-255,66,207232,9,373974
21361,0.001963,74.125.68.0-255,1484,208716,9,373974
21362,0.001988,74.125.68.0-255,6797,215513,9,373974
21363,0.001991,172.31.36.0-255,66,215579,9,373974
21364,0.004275,74.125.68.0-255,5738,221317,9,373974
21365,0.004283,172.31.36.0-255,66,221383,9,373974
21366,0.006573,74.125.68.0-255,5738,227121,9,373974
21367,0.006579,172.31.36.0-255,66,227187,9,373974
21368,0.008915,74.125.68.0-255,4320,231507,9,373974
21369,0.008922,172.31.36.0-255,66,231573,9,373974
21370,0.008939,74.125.68.0-255,1484,233057,9,373974
21371,0.011207,74.125.68.0-255,4320,237377,9,373974
21372,0.011214,172.31.36.0-255,66,237443,9,373974
21373,0.013493,74.125.68.0-255,5738,243181,9,373974
21374,0.013501,172.31.36.0-255,66,243247,9,373974
21375,0.015795,74.125.68.0-255,5738,248985,9,373974
21376,0.015804,172.31.36.0-255,66,249051,9,373974
21377,0.018096,74.125.68.0-255,5738,254789,9,373974
21378,0.018106,172.31.36.0-255,66,254855,9,373974
21379,0.020401,74.125.68.0-255,5738,260593,9,373974
21380,0.020409,172.31.36.0-255,66,260659,9,373974
21381,0.022694,74.125.68.0-255,5738,266397,9,373974
21382,0.022701,172.31.36.0-255,66,266463,9,373974
21383,0.024986,74.125.68.0-255,5738,272201,9,373974
21384,0.024994,172.31.36.0-255,66,272267,9,373974
21385,0.027287,74.125.68.0-255,5738,278005,9,373974
21386,0.027294,172.31.36.0-255,66,278071,9,373974
21387,0.029587,74.125.68.0-255,5738,283809,9,373974
21388,0.029595,172.31.36.0-255,66,283875,9,373974
21389,0.031887,74.125.68.0-255,5738,289613,9,373974
21390,0.031894,172.31.36.0-255,66,289679,9,373974
21391,0.032654,172.31.36.0-255,176,289855,9,373974
21392,0.032688,172.31.36.0-255,1116,290971,9,373974
21393,0.032752,172.31.36.0-255,1514,292485,9,373974
21394,0.032754,172.31.36.0-255,1514,293999,9,373974
21395,0.032759,172.31.36.0-255,1514,295513,9,373974
21396,0.03276,172.31.36.0-255,359,295872,9,373974
21397,0.034196,104.244.42.0-255,66,295938,9,373974
21398,0.034223,74.125.68.0-255,5738,301676,9,373974
21399,0.034229,172.31.36.0-255,66,301742,9,373974
21400,0.034249,104.244.42.0-255,66,301808,9,373974
21401,0.034296,104.244.42.0-255,66,301874,9,373974
21402,0.034301,104.244.42.0-255,66,301940,9,373974
21403,0.036548,74.125.68.0-255,5738,307678,9,373974
21404,0.036555,172.31.36.0-255,66,307744,9,373974
21405,0.038843,74.125.68.0-255,5738,313482,9,373974
21406,0.03885,172.31.36.0-255,66,313548,9,373974
21407,0.041136,74.125.68.0-255,5738,319286,9,373974
21408,0.041143,172.31.36.0-255,66,319352,9,373974
21409,0.043448,74.125.68.0-255,5738,325090,9,373974
21410,0.043453,172.31.36.0-255,66,325156,9,373974
21411,0.045754,74.125.68.0-255,5738,330894,9,373974
21412,0.045761,172.31.36.0-255,66,330960,9,373974
21413,0.048061,74.125.68.0-255,5738,336698,9,373974
21414,0.048071,172.31.36.0-255,66,336764,9,373974
21415,0.05039,74.125.68.0-255,5738,342502,9,373974
21416,0.050397,172.31.36.0-255,66,342568,9,373974
21417,0.052694,74.125.68.0-255,5738,348306,9,373974
21418,0.0527,172.31.36.0-255,66,348372,9,373974
21419,0.054989,74.125.68.0-255,5738,354110,9,373974
21420,0.054995,172.31.36.0-255,66,354176,9,373974
21421,0.057278,74.125.68.0-255,5738,359914,9,373974
21422,0.057285,172.31.36.0-255,66,359980,9,373974
21423,0.05958,74.125.68.0-255,5738,365718,9,373974
21424,0.059589,172.31.36.0-255,66,365784,9,373974
21425,0.061891,74.125.68.0-255,5738,371522,9,373974
21426,0.061899,172.31.36.0-255,66,371588,9,373974
21427,0.064188,74.125.68.0-255,2149,373737,9,373974
21428,0.064195,172.31.36.0-255,66,373803,9,373974
21429,0.064355,172.31.36.0-255,105,373908,9,373974
21430,0.066607,74.125.68.0-255,66,373974,9,373974
21431,0.0,74.125.24.0-255,153,153,9,357276
21432,3.5e-05,172.31.36.0-255,66,219,9,357276
21433,4.2e-05,74.125.24.0-255,1484,1703,9,357276
21434,4.6e-05,172.31.36.0-255,66,1769,9,357276
21435,5.2e-05,74.125.24.0-255,2902,4671,9,357276
21436,5.5e-05,172.31.36.0-255,66,4737,9,357276
21437,5.9e-05,74.125.24.0-255,2902,7639,9,357276
21438,6.3e-05,172.31.36.0-255,66,7705,9,357276
21439,6.8e-05,74.125.24.0-255,4320,12025,9,357276
21440,7.1e-05,172.31.36.0-255,66,12091,9,357276
21441,0.000106,74.125.24.0-255,1977,14068,9,357276
21442,0.000109,172.31.36.0-255,66,14134,9,357276
21443,0.000308,74.125.24.0-255,1484,15618,9,357276
21444,0.000314,172.31.36.0-255,66,15684,9,357276
21445,0.000319,74.125.24.0-255,2902,18586,9,357276
21446,0.000322,172.31.36.0-255,66,18652,9,357276
21447,0.000329,74.125.24.0-255,5738,24390,9,357276
21448,0.000332,172.31.36.0-255,66,24456,9,357276
21449,0.000379,74.125.24.0-255,4320,28776,9,357276
21450,0.000383,172.31.36.0-255,66,28842,9,357276
21451,0.000402,74.125.24.0-255,2543,31385,9,357276
21452,0.000407,172.31.36.0-255,66,31451,9,357276
21453,0.000913,74.125.24.0-255,1484,32935,9,357276
21454,0.000919,172.31.36.0-255,66,33001,9,357276
21455,0.000929,74.125.24.0-255,2902,35903,9,357276
21456,0.000931,172.31.36.0-255,66,35969,9,357276
21457,0.000938,74.125.24.0-255,5738,41707,9,357276
21458,0.00094,172.31.36.0-255,66,41773,9,357276
21459,0.000955,74.125.24.0-255,1484,43257,9,357276
21460,0.000957,172.31.36.0-255,66,43323,9,357276
21461,0.000986,172.31.36.0-255,66,43389,9,357276
21462,0.001012,74.125.24.0-255,4320,47709,9,357276
21463,0.001015,172.31.36.0-255,66,47775,9,357276
21464,0.001037,74.125.24.0-255,5673,53448,9,357276
21465,0.001041,172.31.36.0-255,66,53514,9,357276
21466,0.001044,74.125.24.0-255,131,53645,9,357276
21467,0.001077,74.125.24.0-255,350,53995,9,357276
21468,0.001509,74.125.24.0-255,1484,55479,9,357276
21469,0.001514,172.31.36.0-255,66,55545,9,357276
21470,0.001521,74.125.24.0-255,2902,58447,9,357276
21471,0.001523,172.31.36.0-255,66,58513,9,357276
21472,0.00153,74.125.24.0-255,5738,64251,9,357276
21473,0.001532,172.31.36.0-255,66,64317,9,357276
21474,0.001579,74.125.24.0-255,5738,70055,9,357276
21475,0.001582,172.31.36.0-255,66,70121,9,357276
21476,0.001602,74.125.24.0-255,7156,77277,9,357276
21477,0.001604,172.31.36.0-255,66,77343,9,357276
21478,0.001611,74.125.24.0-255,7156,84499,9,357276
21479,0.001613,172.31.36.0-255,66,84565,9,357276
21480,0.001653,74.125.24.0-255,3602,88167,9,357276
21481,0.001655,172.31.36.0-255,66,88233,9,357276
21482,0.002124,74.125.24.0-255,1484,89717,9,357276
21483,0.002129,74.125.24.0-255,2902,92619,9,357276
21484,0.002131,172.31.36.0-255,66,92685,9,357276
21485,0.002152,74.125.24.0-255,5738,98423,9,357276
21486,0.002154,172.31.36.0-255,66,98489,9,357276
21487,0.002157,74.125.24.0-255,1484,99973,9,357276
21488,0.002185,172.31.36.0-255,66,100039,9,357276
21489,0.002195,172.31.36.0-255,66,100105,9,357276
21490,0.002232,74.125.24.0-255,2184,102289,9,357276
21491,0.002234,172.31.36.0-255,66,102355,9,357276
21492,0.004493,74.125.24.0-255,2902,105257,9,357276
21493,0.004497,172.31.36.0-255,66,105323,9,357276
21494,0.004526,74.125.24.0-255,2902,108225,9,357276
21495,0.00453,172.31.36.0-255,66,108291,9,357276
21496,0.0068,74.125.24.0-255,2902,111193,9,357276
21497,0.006807,172.31.36.0-255,66,111259,9,357276
21498,0.006843,74.125.24.0-255,2902,114161,9,357276
21499,0.006846,172.31.36.0-255,66,114227,9,357276
21500,0.009109,74.125.24.0-255,2902,117129,9,357276
21501,0.009116,172.31.36.0-255,66,117195,9,357276
21502,0.00914,74.125.24.0-255,2902,120097,9,357276
21503,0.009144,172.31.36.0-255,66,120163,9,357276
21504,0.011415,74.125.24.0-255,2902,123065,9,357276
21505,0.011423,172.31.36.0-255,66,123131,9,357276
21506,0.011446,74.125.24.0-255,2902,126033,9,357276
21507,0.011449,172.31.36.0-255,66,126099,9,357276
21508,0.013733,74.125.24.0-255,5738,131837,9,357276
21509,0.01374,172.31.36.0-255,66,131903,9,357276
21510,0.016038,74.125.24.0-255,5738,137641,9,357276
21511,0.016046,172.31.36.0-255,66,137707,9,357276
21512,0.018384,74.125.24.0-255,5738,143445,9,357276
21513,0.018393,172.31.36.0-255,66,143511,9,357276
21514,0.020699,74.125.24.0-255,5738,149249,9,357276
21515,0.020708,172.31.36.0-255,66,149315,9,357276
21516,0.023016,74.125.24.0-255,5738,155053,9,357276
21517,0.023022,172.31.36.0-255,66,155119,9,357276
21518,0.025324,74.125.24.0-255,5738,160857,9,357276
21519,0.025333,172.31.36.0-255,66,160923,9,357276
21520,0.02765,74.125.24.0-255,5738,166661,9,357276
21521,0.027657,172.31.36.0-255,66,166727,9,357276
21522,0.029959,74.125.24.0-255,5738,172465,9,357276
21523,0.029967,172.31.36.0-255,66,172531,9,357276
21524,0.031798,172.31.36.0-255,176,172707,9,357276
21525,0.031844,172.31.36.0-255,1116,173823,9,357276
21526,0.031926,172.31.36.0-255,1514,175337,9,357276
21527,0.031928,172.31.36.0-255,1514,176851,9,357276
21528,0.031933,172.31.36.0-255,1514,178365,9,357276
21529,0.031934,172.31.36.0-255,1514,179879,9,357276
21530,0.031956,172.31.36.0-255,1514,181393,9,357276
21531,0.031958,172.31.36.0-255,1259,182652,9,357276
21532,0.032253,74.125.24.0-255,5738,188390,9,357276
21533,0.032258,172.31.36.0-255,66,188456,9,357276
21534,0.03335,104.244.42.0-255,66,188522,9,357276
21535,0.033359,104.244.42.0-255,66,188588,9,357276
21536,0.033496,104.244.42.0-255,66,188654,9,357276
21537,0.033503,104.244.42.0-255,66,188720,9,357276
21538,0.033506,104.244.42.0-255,66,188786,9,357276
21539,0.034584,74.125.24.0-255,5738,194524,9,357276
21540,0.034591,172.31.36.0-255,66,194590,9,357276
21541,0.0369,74.125.24.0-255,5738,200328,9,357276
21542,0.036909,172.31.36.0-255,66,200394,9,357276
21543,0.039211,74.125.24.0-255,5738,206132,9,357276
21544,0.039221,172.31.36.0-255,66,206198,9,357276
21545,0.041533,74.125.24.0-255,5738,211936,9,357276
21546,0.041548,172.31.36.0-255,66,212002,9,357276
21547,0.043855,74.125.24.0-255,5738,217740,9,357276
21548,0.043864,172.31.36.0-255,66,217806,9,357276
21549,0.046169,74.125.24.0-255,5738,223544,9,357276
21550,0.046175,172.31.36.0-255,66,223610,9,357276
21551,0.04777,172.31.36.0-255,108,223718,9,357276
21552,0.048499,74.125.24.0-255,5738,229456,9,357276
21553,0.048505,172.31.36.0-255,66,229522,9,357276
21554,0.049316,104.244.42.0-255,66,229588,9,357276
21555,0.050812,74.125.24.0-255,5738,235326,9,357276
21556,0.05082,172.31.36.0-255,66,235392,9,357276
21557,0.053153,74.125.24.0-255,5738,241130,9,357276
21558,0.05316,172.31.36.0-255,66,241196,9,357276
21559,0.055501,74.125.24.0-255,5738,246934,9,357276
21560,0.055509,172.31.36.0-255,66,247000,9,357276
21561,0.057819,74.125.24.0-255,5738,252738,9,357276
21562,0.057827,172.31.36.0-255,66,252804,9,357276
21563,0.060139,74.125.24.0-255,5738,258542,9,357276
21564,0.060147,172.31.36.0-255,66,258608,9,357276
21565,0.062455,74.125.24.0-255,5738,264346,9,357276
21566,0.062464,172.31.36.0-255,66,264412,9,357276
21567,0.064779,74.125.24.0-255,5738,270150,9,357276
21568,0.064789,172.31.36.0-255,66,270216,9,357276
21569,0.067102,74.125.24.0-255,5738,275954,9,357276
21570,0.067113,172.31.36.0-255,66,276020,9,357276
21571,0.069406,74.125.24.0-255,5738,281758,9,357276
21572,0.069414,172.31.36.0-255,66,281824,9,357276
21573,0.071787,74.125.24.0-255,5738,287562,9,357276
21574,0.071799,172.31.36.0-255,66,287628,9,357276
21575,0.074082,74.125.24.0-255,5738,293366,9,357276
21576,0.074094,172.31.36.0-255,66,293432,9,357276
21577,0.076403,74.125.24.0-255,5738,299170,9,357276
21578,0.076411,172.31.36.0-255,66,299236,9,357276
21579,0.07872,74.125.24.0-255,5738,304974,9,357276
21580,0.078731,172.31.36.0-255,66,305040,9,357276
21581,0.081028,74.125.24.0-255,5738,310778,9,357276
21582,0.081035,172.31.36.0-255,66,310844,9,357276
21583,0.083326,74.125.24.0-255,5738,316582,9,357276
21584,0.083336,172.31.36.0-255,66,316648,9,357276
21585,0.085634,74.125.24.0-255,5738,322386,9,357276
21586,0.085643,172.31.36.0-255,66,322452,9,357276
21587,0.087963,74.125.24.0-255,5738,328190,9,357276
21588,0.087972,172.31.36.0-255,66,328256,9,357276
21589,0.090275,74.125.24.0-255,5738,333994,9,357276
21590,0.090286,172.31.36.0-255,66,334060,9,357276
21591,0.092592,74.125.24.0-255,5738,339798,9,357276
21592,0.092601,172.31.36.0-255,66,339864,9,357276
21593,0.094926,74.125.24.0-255,5738,345602,9,357276
21594,0.094939,172.31.36.0-255,66,345668,9,357276
21595,0.097252,74.125.24.0-255,5738,351406,9,357276
21596,0.097266,172.31.36.0-255,66,351472,9,357276
21597,0.099579,74.125.24.0-255,5738,357210,9,357276
21598,0.09959,172.31.36.0-255,66,357276,9,357276
21599,0.0,172.31.36.0-255,172,172,9,11861
21600,5.8e-05,172.31.36.0-255,1140,1312,9,11861
21601,0.000152,172.31.36.0-255,1514,2826,9,11861
21602,0.000155,172.31.36.0-255,1514,4340,9,11861
21603,0.000161,172.31.36.0-255,1514,5854,9,11861
21604,0.000162,172.31.36.0-255,1514,7368,9,11861
21605,0.000187,172.31.36.0-255,1514,8882,9,11861
21606,0.000189,172.31.36.0-255,1514,10396,9,11861
21607,0.000216,172.31.36.0-255,1135,11531,9,11861
21608,0.001543,104.244.42.0-255,66,11597,9,11861
21609,0.001622,104.244.42.0-255,66,11663,9,11861
21610,0.00173,104.244.42.0-255,66,11729,9,11861
21611,0.001736,104.244.42.0-255,66,11795,9,11861
21612,0.001747,104.244.42.0-255,66,11861,9,11861
21613,0.0,74.125.200.0-255,66,66,9,198
21614,2.1e-05,74.125.200.0-255,66,132,9,198
21615,3.7e-05,172.31.36.0-255,66,198,9,198
21616,0.0,74.125.68.0-255,153,153,9,351736
21617,3.4e-05,172.31.36.0-255,66,219,9,351736
21618,4.1e-05,74.125.68.0-255,1484,1703,9,351736
21619,4.7e-05,172.31.36.0-255,66,1769,9,351736
21620,5.2e-05,74.125.68.0-255,2902,4671,9,351736
21621,5.5e-05,172.31.36.0-255,66,4737,9,351736
21622,6e-05,74.125.68.0-255,2902,7639,9,351736
21623,6.3e-05,172.31.36.0-255,66,7705,9,351736
21624,8.3e-05,74.125.68.0-255,4320,12025,9,351736
21625,8.7e-05,172.31.36.0-255,66,12091,9,351736
21626,9.1e-05,74.125.68.0-255,2082,14173,9,351736
21627,9.3e-05,172.31.36.0-255,66,14239,9,351736
21628,0.000132,172.31.36.0-255,66,14305,9,351736
21629,0.000135,74.125.68.0-255,1484,15789,9,351736
21630,0.000138,172.31.36.0-255,66,15855,9,351736
21631,0.000164,74.125.68.0-255,2902,18757,9,351736
21632,0.000167,172.31.36.0-255,66,18823,9,351736
21633,0.000203,172.31.36.0-255,66,18889,9,351736
21634,0.000211,74.125.68.0-255,5738,24627,9,351736
21635,0.000213,172.31.36.0-255,66,24693,9,351736
21636,0.000216,74.125.68.0-255,766,25459,9,351736
21637,0.000218,172.31.36.0-255,66,25525,9,351736
21638,0.00027,74.125.68.0-255,1484,27009,9,351736
21639,0.000273,172.31.36.0-255,66,27075,9,351736
21640,0.000293,74.125.68.0-255,1484,28559,9,351736
21641,0.000297,172.31.36.0-255,66,28625,9,351736
21642,0.000301,74.125.68.0-255,2902,31527,9,351736
21643,0.000304,172.31.36.0-255,66,31593,9,351736
21644,0.000307,74.125.68.0-255,1484,33077,9,351736
21645,0.000309,172.31.36.0-255,66,33143,9,351736
21646,0.000339,74.125.68.0-255,4320,37463,9,351736
21647,0.000342,172.31.36.0-255,66,37529,9,351736
21648,0.000346,74.125.68.0-255,2902,40431,9,351736
21649,0.000349,172.31.36.0-255,66,40497,9,351736
21650,0.000382,74.125.68.0-255,2819,43316,9,351736
21651,0.000385,172.31.36.0-255,66,43382,9,351736
21652,0.000505,74.125.68.0-255,133,43515,9,351736
21653,0.000732,74.125.68.0-255,1484,44999,9,351736
21654,0.00074,172.31.36.0-255,66,45065,9,351736
21655,0.000745,74.125.68.0-255,2902,47967,9,351736
21656,0.000748,172.31.36.0-255,66,48033,9,351736
21657,0.000768,74.125.68.0-255,5738,53771,9,351736
21658,0.00077,172.31.36.0-255,66,53837,9,351736
21659,0.000816,172.31.36.0-255,66,53903,9,351736
21660,0.000844,74.125.68.0-255,1484,55387,9,351736
21661,0.000875,172.31.36.0-255,66,55453,9,351736
21662,0.001004,74.125.68.0-255,1484,56937,9,351736
21663,0.00102,74.125.68.0-255,2902,59839,9,351736
21664,0.001023,172.31.36.0-255,66,59905,9,351736
21665,0.001066,74.125.68.0-255,5738,65643,9,351736
21666,0.001073,74.125.68.0-255,7156,72799,9,351736
21667,0.001072,172.31.36.0-255,66,72865,9,351736
21668,0.001077,172.31.36.0-255,66,72931,9,351736
21669,0.001105,172.31.36.0-255,66,72997,9,351736
21670,0.001129,74.125.68.0-255,5738,78735,9,351736
21671,0.001134,172.31.36.0-255,66,78801,9,351736
21672,0.001148,74.125.68.0-255,4320,83121,9,351736
21673,0.001152,172.31.36.0-255,66,83187,9,351736
21674,0.001181,172.31.36.0-255,66,83253,9,351736
21675,0.001195,172.31.36.0-255,66,83319,9,351736
21676,0.0012,74.125.68.0-255,4320,87639,9,351736
21677,0.001202,172.31.36.0-255,66,87705,9,351736
21678,0.001256,74.125.68.0-255,5738,93443,9,351736
21679,0.00126,172.31.36.0-255,66,93509,9,351736
21680,0.001263,74.125.68.0-255,766,94275,9,351736
21681,0.001421,74.125.68.0-255,1484,95759,9,351736
21682,0.001425,172.31.36.0-255,66,95825,9,351736
21683,0.00143,74.125.68.0-255,2902,98727,9,351736
21684,0.001432,172.31.36.0-255,66,98793,9,351736
21685,0.001444,74.125.68.0-255,2902,101695,9,351736
21686,0.001446,172.31.36.0-255,66,101761,9,351736
21687,0.001472,74.125.68.0-255,4320,106081,9,351736
21688,0.001476,172.31.36.0-255,66,106147,9,351736
21689,0.00148,74.125.68.0-255,2902,109049,9,351736
21690,0.001482,172.31.36.0-255,66,109115,9,351736
21691,0.001501,74.125.68.0-255,5738,114853,9,351736
21692,0.001504,172.31.36.0-255,66,114919,9,351736
21693,0.001511,74.125.68.0-255,5738,120657,9,351736
21694,0.001513,172.31.36.0-255,66,120723,9,351736
21695,0.00152,74.125.68.0-255,5738,126461,9,351736
21696,0.001522,172.31.36.0-255,66,126527,9,351736
21697,0.001542,74.125.68.0-255,1484,128011,9,351736
21698,0.001546,74.125.68.0-255,766,128777,9,351736
21699,0.001549,172.31.36.0-255,66,128843,9,351736
21700,0.003851,74.125.68.0-255,2902,131745,9,351736
21701,0.003857,172.31.36.0-255,66,131811,9,351736
21702,0.003879,74.125.68.0-255,2902,134713,9,351736
21703,0.003881,172.31.36.0-255,66,134779,9,351736
21704,0.006175,74.125.68.0-255,4320,139099,9,351736
21705,0.006178,172.31.36.0-255,66,139165,9,351736
21706,0.006194,74.125.68.0-255,1484,140649,9,351736
21707,0.008501,74.125.68.0-255,4320,144969,9,351736
21708,0.008507,172.31.36.0-255,66,145035,9,351736
21709,0.010839,74.125.68.0-255,5738,150773,9,351736
21710,0.010846,172.31.36.0-255,66,150839,9,351736
21711,0.013182,74.125.68.0-255,5738,156577,9,351736
21712,0.01319,172.31.36.0-255,66,156643,9,351736
21713,0.015527,74.125.68.0-255,5738,162381,9,351736
21714,0.015536,172.31.36.0-255,66,162447,9,351736
21715,0.017859,74.125.68.0-255,5738,168185,9,351736
21716,0.017867,172.31.36.0-255,66,168251,9,351736
21717,0.020199,74.125.68.0-255,5738,173989,9,351736
21718,0.020206,172.31.36.0-255,66,174055,9,351736
21719,0.022539,74.125.68.0-255,5738,179793,9,351736
21720,0.022546,172.31.36.0-255,66,179859,9,351736
21721,0.024872,74.125.68.0-255,5738,185597,9,351736
21722,0.024884,172.31.36.0-255,66,185663,9,351736
21723,0.027217,74.125.68.0-255,5738,191401,9,351736
21724,0.027226,172.31.36.0-255,66,191467,9,351736
21725,0.029547,74.125.68.0-255,5738,197205,9,351736
21726,0.029555,172.31.36.0-255,66,197271,9,351736
21727,0.031886,74.125.68.0-255,5738,203009,9,351736
21728,0.031893,172.31.36.0-255,66,203075,9,351736
21729,0.032441,172.31.36.0-255,172,203247,9,351736
21730,0.032472,172.31.36.0-255,1114,204361,9,351736
21731,0.032503,172.31.36.0-255,1514,205875,9,351736
21732,0.032504,172.31.36.0-255,1020,206895,9,351736
21733,0.033998,104.244.42.0-255,66,206961,9,351736
21734,0.034005,104.244.42.0-255,66,207027,9,351736
21735,0.034109,104.244.42.0-255,66,207093,9,351736
21736,0.034213,74.125.68.0-255,4320,211413,9,351736
21737,0.034218,172.31.36.0-255,66,211479,9,351736
21738,0.034236,74.125.68.0-255,1484,212963,9,351736
21739,0.036549,74.125.68.0-255,4320,217283,9,351736
21740,0.036555,172.31.36.0-255,66,217349,9,351736
21741,0.038884,74.125.68.0-255,5738,223087,9,351736
21742,0.038889,172.31.36.0-255,66,223153,9,351736
21743,0.041215,74.125.68.0-255,5738,228891,9,351736
21744,0.041221,172.31.36.0-255,66,228957,9,351736
21745,0.043566,74.125.68.0-255,4320,233277,9,351736
21746,0.043571,172.31.36.0-255,66,233343,9,351736
21747,0.043602,74.125.68.0-255,1484,234827,9,351736
21748,0.045897,74.125.68.0-255,4320,239147,9,351736
21749,0.045902,172.31.36.0-255,66,239213,9,351736
21750,0.048219,74.125.68.0-255,5738,244951,9,351736
21751,0.048224,172.31.36.0-255,66,245017,9,351736
21752,0.05055,74.125.68.0-255,5738,250755,9,351736
21753,0.050555,172.31.36.0-255,66,250821,9,351736
21754,0.052884,74.125.68.0-255,5738,256559,9,351736
21755,0.052889,172.31.36.0-255,66,256625,9,351736
21756,0.055199,74.125.68.0-255,4320,260945,9,351736
21757,0.055205,172.31.36.0-255,66,261011,9,351736
21758,0.055237,74.125.68.0-255,1484,262495,9,351736
21759,0.05752,74.125.68.0-255,4320,266815,9,351736
21760,0.057526,172.31.36.0-255,66,266881,9,351736
21761,0.05988,74.125.68.0-255,5738,272619,9,351736
21762,0.059885,172.31.36.0-255,66,272685,9,351736
21763,0.062204,74.125.68.0-255,4320,277005,9,351736
21764,0.06221,172.31.36.0-255,66,277071,9,351736
21765,0.062238,74.125.68.0-255,1484,278555,9,351736
21766,0.064529,74.125.68.0-255,4320,282875,9,351736
21767,0.064534,172.31.36.0-255,66,282941,9,351736
21768,0.066861,74.125.68.0-255,5738,288679,9,351736
21769,0.066866,172.31.36.0-255,66,288745,9,351736
21770,0.069181,74.125.68.0-255,5738,294483,9,351736
21771,0.069186,172.31.36.0-255,66,294549,9,351736
21772,0.071508,74.125.68.0-255,5738,300287,9,351736
21773,0.071514,172.31.36.0-255,66,300353,9,351736
21774,0.073837,74.125.68.0-255,5738,306091,9,351736
21775,0.073843,172.31.36.0-255,66,306157,9,351736
21776,0.076162,74.125.68.0-255,2902,309059,9,351736
21777,0.076167,172.31.36.0-255,66,309125,9,351736
21778,0.0762,74.125.68.0-255,2902,312027,9,351736
21779,0.076203,172.31.36.0-255,66,312093,9,351736
21780,0.078487,74.125.68.0-255,2902,314995,9,351736
21781,0.078493,172.31.36.0-255,66,315061,9,351736
21782,0.078529,74.125.68.0-255,2902,317963,9,351736
21783,0.078532,172.31.36.0-255,66,318029,9,351736
21784,0.080807,74.125.68.0-255,2902,320931,9,351736
21785,0.080812,172.31.36.0-255,66,320997,9,351736
21786,0.080888,74.125.68.0-255,2902,323899,9,351736
21787,0.080891,172.31.36.0-255,66,323965,9,351736
21788,0.083135,74.125.68.0-255,1484,325449,9,351736
21789,0.083233,74.125.68.0-255,4320,329769,9,351736
21790,0.083238,172.31.36.0-255,66,329835,9,351736
21791,0.085567,74.125.68.0-255,5738,335573,9,351736
21792,0.085573,172.31.36.0-255,66,335639,9,351736
21793,0.087899,74.125.68.0-255,5738,341377,9,351736
21794,0.087905,172.31.36.0-255,66,341443,9,351736
21795,0.090226,74.125.68.0-255,5738,347181,9,351736
21796,0.090231,172.31.36.0-255,66,347247,9,351736
21797,0.09254,74.125.68.0-255,4252,351499,9,351736
21798,0.092545,172.31.36.0-255,66,351565,9,351736
21799,0.092703,172.31.36.0-255,105,351670,9,351736
21800,0.094979,74.125.68.0-255,66,351736,9,351736
21801,0.0,172.31.36.0-255,105,105,9,276
21802,0.001761,157.240.13.0-255,105,210,9,276
21803,0.001771,172.31.36.0-255,66,276,9,276
21804,0.0,74.125.130.0-255,153,153,9,426442
21805,3.2e-05,172.31.36.0-255,66,219,9,426442
21806,3.9e-05,74.125.130.0-255,1484,1703,9,426442
21807,4.4e-05,172.31.36.0-255,66,1769,9,426442
21808,4.7e-05,74.125.130.0-255,1484,3253,9,426442
21809,4.9e-05,172.31.36.0-255,66,3319,9,426442
21810,5.5e-05,74.125.130.0-255,2902,6221,9,426442
21811,5.7e-05,172.31.36.0-255,66,6287,9,426442
21812,6.3e-05,74.125.130.0-255,4320,10607,9,426442
21813,6.5e-05,172.31.36.0-255,66,10673,9,426442
21814,7.8e-05,74.125.130.0-255,1484,12157,9,426442
21815,8e-05,172.31.36.0-255,66,12223,9,426442
21816,8.5e-05,74.125.130.0-255,2041,14264,9,426442
21817,9e-05,172.31.36.0-255,66,14330,9,426442
21818,0.000185,74.125.130.0-255,1484,15814,9,426442
21819,0.00019,172.31.36.0-255,66,15880,9,426442
21820,0.000209,74.125.130.0-255,2902,18782,9,426442
21821,0.000213,172.31.36.0-255,66,18848,9,426442
21822,0.000217,74.125.130.0-255,1484,20332,9,426442
21823,0.000219,172.31.36.0-255,66,20398,9,426442
21824,0.000235,74.125.130.0-255,2902,23300,9,426442
21825,0.000238,172.31.36.0-255,66,23366,9,426442
21826,0.000269,74.125.130.0-255,1484,24850,9,426442
21827,0.000271,172.31.36.0-255,66,24916,9,426442
21828,0.000289,74.125.130.0-255,4320,29236,9,426442
21829,0.000293,172.31.36.0-255,66,29302,9,426442
21830,0.000297,74.125.130.0-255,2543,31845,9,426442
21831,0.000299,172.31.36.0-255,66,31911,9,426442
21832,0.00032,74.125.130.0-255,2902,34813,9,426442
21833,0.000323,172.31.36.0-255,66,34879,9,426442
21834,0.000327,74.125.130.0-255,2902,37781,9,426442
21835,0.00033,172.31.36.0-255,66,37847,9,426442
21836,0.000332,74.125.130.0-255,1484,39331,9,426442
21837,0.000355,74.125.130.0-255,2902,42233,9,426442
21838,0.000358,172.31.36.0-255,66,42299,9,426442
21839,0.000376,74.125.130.0-255,4320,46619,9,426442
21840,0.000379,172.31.36.0-255,66,46685,9,426442
21841,0.000397,74.125.130.0-255,2543,49228,9,426442
21842,0.0004,172.31.36.0-255,66,49294,9,426442
21843,0.000446,74.125.130.0-255,1484,50778,9,426442
21844,0.000461,74.125.130.0-255,2902,53680,9,426442
21845,0.000464,172.31.36.0-255,66,53746,9,426442
21846,0.000483,74.125.130.0-255,4320,58066,9,426442
21847,0.000486,172.31.36.0-255,66,58132,9,426442
21848,0.000489,74.125.130.0-255,1484,59616,9,426442
21849,0.00051,74.125.130.0-255,4320,63936,9,426442
21850,0.000513,172.31.36.0-255,66,64002,9,426442
21851,0.000526,74.125.130.0-255,2543,66545,9,426442
21852,0.000529,172.31.36.0-255,66,66611,9,426442
21853,0.000831,74.125.130.0-255,357,66968,9,426442
21854,0.000868,74.125.130.0-255,1484,68452,9,426442
21855,0.000872,172.31.36.0-255,66,68518,9,426442
21856,0.000892,74.125.130.0-255,4320,72838,9,426442
21857,0.000895,172.31.36.0-255,66,72904,9,426442
21858,0.000908,74.125.130.0-255,1484,74388,9,426442
21859,0.000923,74.125.130.0-255,4320,78708,9,426442
21860,0.000927,172.31.36.0-255,66,78774,9,426442
21861,0.00095,74.125.130.0-255,5379,84153,9,426442
21862,0.000953,172.31.36.0-255,66,84219,9,426442
21863,0.001057,74.125.130.0-255,1484,85703,9,426442
21864,0.001083,74.125.130.0-255,2902,88605,9,426442
21865,0.001087,172.31.36.0-255,66,88671,9,426442
21866,0.001109,74.125.130.0-255,4320,92991,9,426442
21867,0.001112,172.31.36.0-255,66,93057,9,426442
21868,0.001136,74.125.130.0-255,1484,94541,9,426442
21869,0.00115,74.125.130.0-255,4320,98861,9,426442
21870,0.001153,172.31.36.0-255,66,98927,9,426442
21871,0.001171,74.125.130.0-255,4320,103247,9,426442
21872,0.001173,172.31.36.0-255,66,103313,9,426442
21873,0.001197,74.125.130.0-255,2902,106215,9,426442
21874,0.0012,172.31.36.0-255,66,106281,9,426442
21875,0.001204,74.125.130.0-255,2902,109183,9,426442
21876,0.001206,172.31.36.0-255,66,109249,9,426442
21877,0.001211,74.125.130.0-255,2902,112151,9,426442
21878,0.001213,172.31.36.0-255,66,112217,9,426442
21879,0.001234,74.125.130.0-255,1484,113701,9,426442
21880,0.001237,74.125.130.0-255,1484,115185,9,426442
21881,0.00124,172.31.36.0-255,66,115251,9,426442
21882,0.001258,74.125.130.0-255,3602,118853,9,426442
21883,0.00126,172.31.36.0-255,66,118919,9,426442
21884,0.001292,74.125.130.0-255,1484,120403,9,426442
21885,0.001311,74.125.130.0-255,2902,123305,9,426442
21886,0.001315,172.31.36.0-255,66,123371,9,426442
21887,0.001332,74.125.130.0-255,2902,126273,9,426442
21888,0.001335,172.31.36.0-255,66,126339,9,426442
21889,0.001353,74.125.130.0-255,2902,129241,9,426442
21890,0.001355,172.31.36.0-255,66,129307,9,426442
21891,0.001359,74.125.130.0-255,1484,130791,9,426442
21892,0.001364,74.125.130.0-255,2902,133693,9,426442
21893,0.001366,172.31.36.0-255,66,133759,9,426442
21894,0.001397,74.125.130.0-255,2841,136600,9,426442
21895,0.0014,172.31.36.0-255,66,136666,9,426442
21896,0.001977,74.125.130.0-255,1484,138150,9,426442
21897,0.001982,74.125.130.0-255,2902,141052,9,426442
21898,0.001986,172.31.36.0-255,66,141118,9,426442
21899,0.001989,74.125.130.0-255,1484,142602,9,426442
21900,0.002004,74.125.130.0-255,2902,145504,9,426442
21901,0.002006,172.31.36.0-255,66,145570,9,426442
21902,0.002024,74.125.130.0-255,4320,149890,9,426442
21903,0.002026,172.31.36.0-255,66,149956,9,426442
21904,0.00204,74.125.130.0-255,1484,151440,9,426442
21905,0.002057,74.125.130.0-255,2902,154342,9,426442
21906,0.00206,172.31.36.0-255,66,154408,9,426442
21907,0.00208,74.125.130.0-255,4320,158728,9,426442
21908,0.002082,172.31.36.0-255,66,158794,9,426442
21909,0.002086,74.125.130.0-255,2902,161696,9,426442
21910,0.002088,172.31.36.0-255,66,161762,9,426442
21911,0.002104,74.125.130.0-255,5738,167500,9,426442
21912,0.002106,172.31.36.0-255,66,167566,9,426442
21913,0.002111,74.125.130.0-255,3602,171168,9,426442
21914,0.002114,172.31.36.0-255,66,171234,9,426442
21915,0.002174,74.125.130.0-255,1484,172718,9,426442
21916,0.00219,74.125.130.0-255,2902,175620,9,426442
21917,0.002193,172.31.36.0-255,66,175686,9,426442
21918,0.002195,74.125.130.0-255,1484,177170,9,426442
21919,0.002223,74.125.130.0-255,1484,178654,9,426442
21920,0.002225,172.31.36.0-255,66,178720,9,426442
21921,0.002242,74.125.130.0-255,4320,183040,9,426442
21922,0.002244,172.31.36.0-255,66,183106,9,426442
21923,0.002263,74.125.130.0-255,4320,187426,9,426442
21924,0.002266,172.31.36.0-255,66,187492,9,426442
21925,0.002298,172.31.36.0-255,66,187558,9,426442
21926,0.002315,74.125.130.0-255,5738,193296,9,426442
21927,0.002317,172.31.36.0-255,66,193362,9,426442
21928,0.00234,74.125.130.0-255,3602,196964,9,426442
21929,0.002342,172.31.36.0-255,66,197030,9,426442
21930,0.002413,74.125.130.0-255,1484,198514,9,426442
21931,0.002428,74.125.130.0-255,2902,201416,9,426442
21932,0.00243,172.31.36.0-255,66,201482,9,426442
21933,0.002487,74.125.130.0-255,5738,207220,9,426442
21934,0.00249,172.31.36.0-255,66,207286,9,426442
21935,0.002496,74.125.130.0-255,7156,214442,9,426442
21936,0.002499,172.31.36.0-255,66,214508,9,426442
21937,0.002513,74.125.130.0-255,7156,221664,9,426442
21938,0.002516,172.31.36.0-255,66,221730,9,426442
21939,0.002534,74.125.130.0-255,5738,227468,9,426442
21940,0.002536,172.31.36.0-255,66,227534,9,426442
21941,0.00255,74.125.130.0-255,1484,229018,9,426442
21942,0.002567,74.125.130.0-255,2184,231202,9,426442
21943,0.002569,172.31.36.0-255,66,231268,9,426442
21944,0.005152,74.125.130.0-255,1484,232752,9,426442
21945,0.005176,74.125.130.0-255,4320,237072,9,426442
21946,0.00518,172.31.36.0-255,66,237138,9,426442
21947,0.00782,74.125.130.0-255,5738,242876,9,426442
21948,0.007827,172.31.36.0-255,66,242942,9,426442
21949,0.010452,74.125.130.0-255,5738,248680,9,426442
21950,0.010462,172.31.36.0-255,66,248746,9,426442
21951,0.013077,74.125.130.0-255,5738,254484,9,426442
21952,0.013085,172.31.36.0-255,66,254550,9,426442
21953,0.015708,74.125.130.0-255,5738,260288,9,426442
21954,0.01572,172.31.36.0-255,66,260354,9,426442
21955,0.018365,74.125.130.0-255,5738,266092,9,426442
21956,0.018374,172.31.36.0-255,66,266158,9,426442
21957,0.020986,74.125.130.0-255,5738,271896,9,426442
21958,0.020995,172.31.36.0-255,66,271962,9,426442
21959,0.023616,74.125.130.0-255,5738,277700,9,426442
21960,0.023623,172.31.36.0-255,66,277766,9,426442
21961,0.026239,74.125.130.0-255,5738,283504,9,426442
21962,0.026247,172.31.36.0-255,66,283570,9,426442
21963,0.02886,74.125.130.0-255,5738,289308,9,426442
21964,0.028869,172.31.36.0-255,66,289374,9,426442
21965,0.031481,74.125.130.0-255,5738,295112,9,426442
21966,0.03149,172.31.36.0-255,66,295178,9,426442
21967,0.034113,74.125.130.0-255,5738,300916,9,426442
21968,0.034122,172.31.36.0-255,66,300982,9,426442
21969,0.036743,74.125.130.0-255,5738,306720,9,426442
21970,0.036751,172.31.36.0-255,66,306786,9,426442
21971,0.039377,74.125.130.0-255,5738,312524,9,426442
21972,0.039385,172.31.36.0-255,66,312590,9,426442
21973,0.0403,172.31.36.0-255,176,312766,9,426442
21974,0.040328,172.31.36.0-255,1115,313881,9,426442
21975,0.040386,172.31.36.0-255,1514,315395,9,426442
21976,0.040388,172.31.36.0-255,1514,316909,9,426442
21977,0.040389,172.31.36.0-255,1514,318423,9,426442
21978,0.040391,172.31.36.0-255,1514,319937,9,426442
21979,0.040392,172.31.36.0-255,1381,321318,9,426442
21980,0.041921,104.244.42.0-255,66,321384,9,426442
21981,0.042009,74.125.130.0-255,4320,325704,9,426442
21982,0.042017,172.31.36.0-255,66,325770,9,426442
21983,0.04205,74.125.130.0-255,1484,327254,9,426442
21984,0.042068,104.244.42.0-255,66,327320,9,426442
21985,0.042073,104.244.42.0-255,66,327386,9,426442
21986,0.042075,104.244.42.0-255,66,327452,9,426442
21987,0.044648,74.125.130.0-255,4320,331772,9,426442
21988,0.044654,172.31.36.0-255,66,331838,9,426442
21989,0.047265,74.125.130.0-255,4320,336158,9,426442
21990,0.04727,172.31.36.0-255,66,336224,9,426442
21991,0.047304,74.125.130.0-255,1484,337708,9,426442
21992,0.049921,74.125.130.0-255,4320,342028,9,426442
21993,0.049927,172.31.36.0-255,66,342094,9,426442
21994,0.052552,74.125.130.0-255,4320,346414,9,426442
21995,0.052558,172.31.36.0-255,66,346480,9,426442
21996,0.052588,74.125.130.0-255,1484,347964,9,426442
21997,0.055177,74.125.130.0-255,4320,352284,9,426442
21998,0.055183,172.31.36.0-255,66,352350,9,426442
21999,0.057854,74.125.130.0-255,5738,358088,9,426442
22000,0.05786,172.31.36.0-255,66,358154,9,426442
22001,0.060474,74.125.130.0-255,4320,362474,9,426442
22002,0.06048,172.31.36.0-255,66,362540,9,426442
22003,0.060511,74.125.130.0-255,1484,364024,9,426442
22004,0.063143,74.125.130.0-255,4320,368344,9,426442
22005,0.063147,172.31.36.0-255,66,368410,9,426442
22006,0.065759,74.125.130.0-255,5738,374148,9,426442
22007,0.065765,172.31.36.0-255,66,374214,9,426442
22008,0.068373,74.125.130.0-255,5738,379952,9,426442
22009,0.068378,172.31.36.0-255,66,380018,9,426442
22010,0.071003,74.125.130.0-255,5738,385756,9,426442
22011,0.071009,172.31.36.0-255,66,385822,9,426442
22012,0.073646,74.125.130.0-255,5738,391560,9,426442
22013,0.073652,172.31.36.0-255,66,391626,9,426442
22014,0.076258,74.125.130.0-255,5738,397364,9,426442
22015,0.076264,172.31.36.0-255,66,397430,9,426442
22016,0.078874,74.125.130.0-255,5738,403168,9,426442
22017,0.07888,172.31.36.0-255,66,403234,9,426442
22018,0.081491,74.125.130.0-255,5738,408972,9,426442
22019,0.081496,172.31.36.0-255,66,409038,9,426442
22020,0.084115,74.125.130.0-255,5738,414776,9,426442
22021,0.084121,172.31.36.0-255,66,414842,9,426442
22022,0.086735,74.125.130.0-255,5738,420580,9,426442
22023,0.08674,172.31.36.0-255,66,420646,9,426442
22024,0.089367,74.125.130.0-255,5559,426205,9,426442
22025,0.089373,172.31.36.0-255,66,426271,9,426442
22026,0.089576,172.31.36.0-255,105,426376,9,426442
22027,0.092142,74.125.130.0-255,66,426442,9,426442
22028,0.0,172.31.36.0-255,66,66,9,66
22029,0.0,74.125.130.0-255,431,431,9,135340
22030,3.3e-05,74.125.130.0-255,1484,1915,9,135340
22031,3.7e-05,172.31.36.0-255,66,1981,9,135340
22032,5.9e-05,74.125.130.0-255,2902,4883,9,135340
22033,6.2e-05,172.31.36.0-255,66,4949,9,135340
22034,8.5e-05,74.125.130.0-255,5738,10687,9,135340
22035,8.7e-05,172.31.36.0-255,66,10753,9,135340
22036,0.000317,74.125.130.0-255,4850,15603,9,135340
22037,0.000323,172.31.36.0-255,66,15669,9,135340
22038,0.000507,74.125.130.0-255,5738,21407,9,135340
22039,0.000513,172.31.36.0-255,66,21473,9,135340
22040,0.000755,74.125.130.0-255,5738,27211,9,135340
22041,0.00076,172.31.36.0-255,66,27277,9,135340
22042,0.000788,74.125.130.0-255,2902,30179,9,135340
22043,0.000791,172.31.36.0-255,66,30245,9,135340
22044,0.002518,74.125.130.0-255,4320,34565,9,135340
22045,0.002523,172.31.36.0-255,66,34631,9,135340
22046,0.002548,74.125.130.0-255,1484,36115,9,135340
22047,0.002618,74.125.130.0-255,5738,41853,9,135340
22048,0.002638,74.125.130.0-255,7156,49009,9,135340
22049,0.003181,74.125.130.0-255,2902,51911,9,135340
22050,0.003806,172.31.36.0-255,66,51977,9,135340
22051,0.004008,74.125.130.0-255,4320,56297,9,135340
22052,0.004013,172.31.36.0-255,66,56363,9,135340
22053,0.004048,172.31.36.0-255,66,56429,9,135340
22054,0.004735,74.125.130.0-255,7156,63585,9,135340
22055,0.00474,172.31.36.0-255,66,63651,9,135340
22056,0.006297,74.125.130.0-255,5738,69389,9,135340
22057,0.006303,172.31.36.0-255,66,69455,9,135340
22058,0.006333,74.125.130.0-255,5738,75193,9,135340
22059,0.006454,74.125.130.0-255,5738,80931,9,135340
22060,0.006902,74.125.130.0-255,7156,88087,9,135340
22061,0.007345,74.125.130.0-255,7156,95243,9,135340
22062,0.007714,74.125.130.0-255,5738,100981,9,135340
22063,0.008107,74.125.130.0-255,1484,102465,9,135340
22064,0.008443,74.125.130.0-255,3816,106281,9,135340
22065,0.00845,172.31.36.0-255,66,106347,9,135340
22066,0.008456,172.31.36.0-255,66,106413,9,135340
22067,0.010967,172.31.36.0-255,66,106479,9,135340
22068,0.011019,172.31.36.0-255,66,106545,9,135340
22069,0.011094,172.31.36.0-255,66,106611,9,135340
22070,0.011158,172.31.36.0-255,66,106677,9,135340
22071,0.011518,74.125.130.0-255,7156,113833,9,135340
22072,0.011523,172.31.36.0-255,66,113899,9,135340
22073,0.011573,172.31.36.0-255,66,113965,9,135340
22074,0.011973,172.31.36.0-255,66,114031,9,135340
22075,0.012007,172.31.36.0-255,66,114097,9,135340
22076,0.013465,172.31.36.0-255,66,114163,9,135340
22077,0.013508,74.125.130.0-255,5910,120073,9,135340
22078,0.013511,172.31.36.0-255,66,120139,9,135340
22079,0.013542,172.31.36.0-255,66,120205,9,135340
22080,0.013594,172.31.36.0-255,66,120271,9,135340
22081,0.014021,74.125.130.0-255,7156,127427,9,135340
22082,0.014025,172.31.36.0-255,66,127493,9,135340
22083,0.014068,172.31.36.0-255,66,127559,9,135340
22084,0.014096,74.125.130.0-255,1999,129558,9,135340
22085,0.014099,172.31.36.0-255,66,129624,9,135340
22086,0.014582,172.31.36.0-255,105,129729,9,135340
22087,0.021417,74.125.130.0-255,66,129795,9,135340
22088,0.027095,172.31.36.0-255,172,129967,9,135340
22089,0.02713,172.31.36.0-255,1118,131085,9,135340
22090,0.027172,172.31.36.0-255,1514,132599,9,135340
22091,0.027174,172.31.36.0-255,1514,134113,9,135340
22092,0.027175,172.31.36.0-255,963,135076,9,135340
22093,0.028585,104.244.42.0-255,66,135142,9,135340
22094,0.028618,104.244.42.0-255,66,135208,9,135340
22095,0.028675,104.244.42.0-255,66,135274,9,135340
22096,0.02869,104.244.42.0-255,66,135340,9,135340
22097,0.0,172.217.194.0-255,153,153,9,167897
22098,1.5e-05,172.31.36.0-255,66,219,9,167897
22099,2.2e-05,172.217.194.0-255,1484,1703,9,167897
22100,2.7e-05,172.31.36.0-255,66,1769,9,167897
22101,4e-05,172.217.194.0-255,2902,4671,9,167897
22102,4.4e-05,172.31.36.0-255,66,4737,9,167897
22103,5.1e-05,172.217.194.0-255,4320,9057,9,167897
22104,5.3e-05,172.31.36.0-255,66,9123,9,167897
22105,9.4e-05,172.31.36.0-255,66,9189,9,167897
22106,0.000116,172.217.194.0-255,646,9835,9,167897
22107,0.000118,172.31.36.0-255,66,9901,9,167897
22108,0.000136,172.31.36.0-255,66,9967,9,167897
22109,0.000241,172.217.194.0-255,1484,11451,9,167897
22110,0.000243,172.31.36.0-255,66,11517,9,167897
22111,0.000249,172.217.194.0-255,2902,14419,9,167897
22112,0.000251,172.31.36.0-255,66,14485,9,167897
22113,0.000281,172.217.194.0-255,5738,20223,9,167897
22114,0.000284,172.31.36.0-255,66,20289,9,167897
22115,0.000288,172.217.194.0-255,1484,21773,9,167897
22116,0.00029,172.31.36.0-255,66,21839,9,167897
22117,0.000326,172.31.36.0-255,66,21905,9,167897
22118,0.000338,172.31.36.0-255,66,21971,9,167897
22119,0.000343,172.217.194.0-255,3961,25932,9,167897
22120,0.000345,172.31.36.0-255,66,25998,9,167897
22121,0.00213,172.217.194.0-255,1484,27482,9,167897
22122,0.002139,172.31.36.0-255,66,27548,9,167897
22123,0.002149,172.217.194.0-255,2902,30450,9,167897
22124,0.002151,172.31.36.0-255,66,30516,9,167897
22125,0.002163,172.217.194.0-255,5738,36254,9,167897
22126,0.002165,172.31.36.0-255,66,36320,9,167897
22127,0.002171,172.217.194.0-255,5738,42058,9,167897
22128,0.002173,172.31.36.0-255,66,42124,9,167897
22129,0.002206,172.31.36.0-255,66,42190,9,167897
22130,0.002232,172.217.194.0-255,4320,46510,9,167897
22131,0.002234,172.31.36.0-255,66,46576,9,167897
22132,0.00224,172.217.194.0-255,5020,51596,9,167897
22133,0.002241,172.31.36.0-255,66,51662,9,167897
22134,0.002385,172.217.194.0-255,1484,53146,9,167897
22135,0.002395,172.217.194.0-255,2902,56048,9,167897
22136,0.002399,172.31.36.0-255,66,56114,9,167897
22137,0.002407,172.217.194.0-255,5738,61852,9,167897
22138,0.002408,172.31.36.0-255,66,61918,9,167897
22139,0.002411,172.217.194.0-255,1484,63402,9,167897
22140,0.00242,172.31.36.0-255,78,63480,9,167897
22141,0.002428,172.217.194.0-255,7156,70636,9,167897
22142,0.002431,172.31.36.0-255,66,70702,9,167897
22143,0.002443,172.31.36.0-255,66,70768,9,167897
22144,0.002471,172.217.194.0-255,1484,72252,9,167897
22145,0.002482,172.217.194.0-255,3602,75854,9,167897
22146,0.002484,172.31.36.0-255,66,75920,9,167897
22147,0.002489,172.217.194.0-255,2902,78822,9,167897
22148,0.002491,172.31.36.0-255,66,78888,9,167897
22149,0.002512,172.31.36.0-255,66,78954,9,167897
22150,0.002517,172.217.194.0-255,4320,83274,9,167897
22151,0.002519,172.31.36.0-255,66,83340,9,167897
22152,0.002522,172.217.194.0-255,1484,84824,9,167897
22153,0.00253,172.217.194.0-255,7156,91980,9,167897
22154,0.002533,172.31.36.0-255,66,92046,9,167897
22155,0.002563,172.217.194.0-255,5020,97066,9,167897
22156,0.002566,172.31.36.0-255,66,97132,9,167897
22157,0.002585,172.31.36.0-255,66,97198,9,167897
22158,0.002599,172.31.36.0-255,66,97264,9,167897
22159,0.002649,172.217.194.0-255,7156,104420,9,167897
22160,0.002651,172.31.36.0-255,66,104486,9,167897
22161,0.002687,172.217.194.0-255,2902,107388,9,167897
22162,0.00269,172.31.36.0-255,66,107454,9,167897
22163,0.002704,172.31.36.0-255,66,107520,9,167897
22164,0.002711,172.217.194.0-255,1484,109004,9,167897
22165,0.002714,172.217.194.0-255,1484,110488,9,167897
22166,0.002716,172.31.36.0-255,66,110554,9,167897
22167,0.002728,172.31.36.0-255,66,110620,9,167897
22168,0.002739,172.31.36.0-255,66,110686,9,167897
22169,0.002745,172.217.194.0-255,5738,116424,9,167897
22170,0.002749,172.31.36.0-255,66,116490,9,167897
22171,0.002772,172.31.36.0-255,66,116556,9,167897
22172,0.002783,172.31.36.0-255,66,116622,9,167897
22173,0.002828,172.31.36.0-255,66,116688,9,167897
22174,0.002843,172.217.194.0-255,1484,118172,9,167897
22175,0.002848,172.217.194.0-255,2902,121074,9,167897
22176,0.002852,172.217.194.0-255,2902,123976,9,167897
22177,0.002877,172.217.194.0-255,2902,126878,9,167897
22178,0.002882,172.217.194.0-255,4320,131198,9,167897
22179,0.002907,172.217.194.0-255,5738,136936,9,167897
22180,0.00292,172.217.194.0-255,1484,138420,9,167897
22181,0.002939,172.217.194.0-255,7156,145576,9,167897
22182,0.002986,172.217.194.0-255,3602,149178,9,167897
22183,0.003018,172.217.194.0-255,5738,154916,9,167897
22184,0.003107,172.217.194.0-255,2184,157100,9,167897
22185,0.003127,172.217.194.0-255,105,157205,9,167897
22186,0.003874,172.31.36.0-255,66,157271,9,167897
22187,0.010547,172.31.36.0-255,105,157376,9,167897
22188,0.012891,172.217.194.0-255,66,157442,9,167897
22189,0.035426,172.31.36.0-255,164,157606,9,167897
22190,0.035462,172.31.36.0-255,1125,158731,9,167897
22191,0.035547,172.31.36.0-255,1514,160245,9,167897
22192,0.035548,172.31.36.0-255,1514,161759,9,167897
22193,0.035555,172.31.36.0-255,1514,163273,9,167897
22194,0.035556,172.31.36.0-255,1514,164787,9,167897
22195,0.035574,172.31.36.0-255,1514,166301,9,167897
22196,0.035576,172.31.36.0-255,1158,167459,9,167897
22197,0.037006,104.244.42.0-255,66,167525,9,167897
22198,0.037019,104.244.42.0-255,66,167591,9,167897
22199,0.037093,104.244.42.0-255,66,167657,9,167897
22200,0.037117,104.244.42.0-255,66,167723,9,167897
22201,0.049957,172.31.36.0-255,108,167831,9,167897
22202,0.051508,104.244.42.0-255,66,167897,9,167897
22203,0.0,74.125.24.0-255,298,298,9,360626
22204,2.4e-05,172.31.36.0-255,66,364,9,360626
22205,3.1e-05,74.125.24.0-255,1484,1848,9,360626
22206,3.4e-05,172.31.36.0-255,66,1914,9,360626
22207,5e-05,74.125.24.0-255,4320,6234,9,360626
22208,5.3e-05,172.31.36.0-255,66,6300,9,360626
22209,6.3e-05,172.31.36.0-255,66,6366,9,360626
22210,8.3e-05,74.125.24.0-255,1484,7850,9,360626
22211,8.6e-05,172.31.36.0-255,66,7916,9,360626
22212,9.1e-05,74.125.24.0-255,2902,10818,9,360626
22213,9.3e-05,172.31.36.0-255,66,10884,9,360626
22214,0.00013,74.125.24.0-255,5738,16622,9,360626
22215,0.000133,172.31.36.0-255,66,16688,9,360626
22216,0.00014,74.125.24.0-255,5738,22426,9,360626
22217,0.000142,172.31.36.0-255,66,22492,9,360626
22218,0.000177,74.125.24.0-255,1125,23617,9,360626
22219,0.00018,172.31.36.0-255,66,23683,9,360626
22220,0.000188,74.125.24.0-255,7156,30839,9,360626
22221,0.00019,172.31.36.0-255,66,30905,9,360626
22222,0.000194,74.125.24.0-255,2902,33807,9,360626
22223,0.000199,172.31.36.0-255,66,33873,9,360626
22224,0.000233,74.125.24.0-255,6797,40670,9,360626
22225,0.000236,172.31.36.0-255,66,40736,9,360626
22226,0.000261,74.125.24.0-255,1484,42220,9,360626
22227,0.000263,172.31.36.0-255,66,42286,9,360626
22228,0.000268,74.125.24.0-255,2902,45188,9,360626
22229,0.00027,172.31.36.0-255,66,45254,9,360626
22230,0.000277,74.125.24.0-255,5738,50992,9,360626
22231,0.00028,172.31.36.0-255,66,51058,9,360626
22232,0.000287,74.125.24.0-255,5738,56796,9,360626
22233,0.000291,172.31.36.0-255,66,56862,9,360626
22234,0.000328,74.125.24.0-255,1417,58279,9,360626
22235,0.000369,74.125.24.0-255,415,58694,9,360626
22236,0.000372,172.31.36.0-255,66,58760,9,360626
22237,0.000623,74.125.24.0-255,1484,60244,9,360626
22238,0.00063,74.125.24.0-255,2902,63146,9,360626
22239,0.000635,172.31.36.0-255,66,63212,9,360626
22240,0.000656,74.125.24.0-255,5738,68950,9,360626
22241,0.000659,172.31.36.0-255,66,69016,9,360626
22242,0.0007,74.125.24.0-255,5738,74754,9,360626
22243,0.000704,172.31.36.0-255,66,74820,9,360626
22244,0.000707,172.31.36.0-255,66,74886,9,360626
22245,0.000748,74.125.24.0-255,5020,79906,9,360626
22246,0.000751,172.31.36.0-255,66,79972,9,360626
22247,0.001043,74.125.24.0-255,1484,81456,9,360626
22248,0.001073,74.125.24.0-255,1484,82940,9,360626
22249,0.001076,172.31.36.0-255,66,83006,9,360626
22250,0.001109,74.125.24.0-255,1484,84490,9,360626
22251,0.001115,74.125.24.0-255,5738,90228,9,360626
22252,0.001118,172.31.36.0-255,66,90294,9,360626
22253,0.001136,172.31.36.0-255,66,90360,9,360626
22254,0.001149,172.31.36.0-255,66,90426,9,360626
22255,0.001706,74.125.24.0-255,1484,91910,9,360626
22256,0.001712,74.125.24.0-255,2902,94812,9,360626
22257,0.001715,172.31.36.0-255,66,94878,9,360626
22258,0.00172,74.125.24.0-255,1484,96362,9,360626
22259,0.001748,74.125.24.0-255,4320,100682,9,360626
22260,0.00175,172.31.36.0-255,66,100748,9,360626
22261,0.001757,74.125.24.0-255,5738,106486,9,360626
22262,0.001759,172.31.36.0-255,66,106552,9,360626
22263,0.001804,172.31.36.0-255,66,106618,9,360626
22264,0.001809,74.125.24.0-255,5020,111638,9,360626
22265,0.001811,172.31.36.0-255,66,111704,9,360626
22266,0.002362,74.125.24.0-255,1484,113188,9,360626
22267,0.002372,74.125.24.0-255,2902,116090,9,360626
22268,0.002376,172.31.36.0-255,66,116156,9,360626
22269,0.004134,74.125.24.0-255,1484,117640,9,360626
22270,0.004673,74.125.24.0-255,4320,121960,9,360626
22271,0.004678,172.31.36.0-255,66,122026,9,360626
22272,0.007016,74.125.24.0-255,5738,127764,9,360626
22273,0.007019,172.31.36.0-255,66,127830,9,360626
22274,0.009344,74.125.24.0-255,5738,133568,9,360626
22275,0.009351,172.31.36.0-255,66,133634,9,360626
22276,0.011675,74.125.24.0-255,5738,139372,9,360626
22277,0.011686,172.31.36.0-255,66,139438,9,360626
22278,0.014007,74.125.24.0-255,5738,145176,9,360626
22279,0.014021,172.31.36.0-255,66,145242,9,360626
22280,0.016391,74.125.24.0-255,5738,150980,9,360626
22281,0.016404,172.31.36.0-255,66,151046,9,360626
22282,0.018771,74.125.24.0-255,5738,156784,9,360626
22283,0.018785,172.31.36.0-255,66,156850,9,360626
22284,0.02113,74.125.24.0-255,5738,162588,9,360626
22285,0.021143,172.31.36.0-255,66,162654,9,360626
22286,0.023486,74.125.24.0-255,5738,168392,9,360626
22287,0.023496,172.31.36.0-255,66,168458,9,360626
22288,0.025806,74.125.24.0-255,5738,174196,9,360626
22289,0.025816,172.31.36.0-255,66,174262,9,360626
22290,0.028136,74.125.24.0-255,5738,180000,9,360626
22291,0.028148,172.31.36.0-255,66,180066,9,360626
22292,0.030525,74.125.24.0-255,5738,185804,9,360626
22293,0.030535,172.31.36.0-255,66,185870,9,360626
22294,0.032882,74.125.24.0-255,5738,191608,9,360626
22295,0.032895,172.31.36.0-255,66,191674,9,360626
22296,0.03521,74.125.24.0-255,5738,197412,9,360626
22297,0.035221,172.31.36.0-255,66,197478,9,360626
22298,0.037576,74.125.24.0-255,5738,203216,9,360626
22299,0.037587,172.31.36.0-255,66,203282,9,360626
22300,0.039974,74.125.24.0-255,5738,209020,9,360626
22301,0.039986,172.31.36.0-255,66,209086,9,360626
22302,0.042314,74.125.24.0-255,5738,214824,9,360626
22303,0.042325,172.31.36.0-255,66,214890,9,360626
22304,0.044679,74.125.24.0-255,5738,220628,9,360626
22305,0.044697,172.31.36.0-255,66,220694,9,360626
22306,0.047017,74.125.24.0-255,5738,226432,9,360626
22307,0.047028,172.31.36.0-255,66,226498,9,360626
22308,0.049416,74.125.24.0-255,5738,232236,9,360626
22309,0.049432,172.31.36.0-255,66,232302,9,360626
22310,0.051782,74.125.24.0-255,5738,238040,9,360626
22311,0.051797,172.31.36.0-255,66,238106,9,360626
22312,0.053519,172.31.36.0-255,172,238278,9,360626
22313,0.053552,172.31.36.0-255,1116,239394,9,360626
22314,0.053625,172.31.36.0-255,1514,240908,9,360626
22315,0.053645,172.31.36.0-255,1514,242422,9,360626
22316,0.053647,172.31.36.0-255,1514,243936,9,360626
22317,0.053666,172.31.36.0-255,106,244042,9,360626
22318,0.05417,74.125.24.0-255,5738,249780,9,360626
22319,0.054177,172.31.36.0-255,66,249846,9,360626
22320,0.055072,104.244.42.0-255,66,249912,9,360626
22321,0.055128,104.244.42.0-255,66,249978,9,360626
22322,0.055208,104.244.42.0-255,66,250044,9,360626
22323,0.055213,104.244.42.0-255,66,250110,9,360626
22324,0.055253,104.244.42.0-255,66,250176,9,360626
22325,0.055838,104.244.42.0-255,108,250284,9,360626
22326,0.055849,172.31.36.0-255,66,250350,9,360626
22327,0.0565,74.125.24.0-255,5738,256088,9,360626
22328,0.056504,172.31.36.0-255,66,256154,9,360626
22329,0.058892,74.125.24.0-255,5738,261892,9,360626
22330,0.058904,172.31.36.0-255,66,261958,9,360626
22331,0.061227,74.125.24.0-255,5738,267696,9,360626
22332,0.06124,172.31.36.0-255,66,267762,9,360626
22333,0.063559,74.125.24.0-255,5738,273500,9,360626
22334,0.063569,172.31.36.0-255,66,273566,9,360626
22335,0.065878,74.125.24.0-255,5738,279304,9,360626
22336,0.06589,172.31.36.0-255,66,279370,9,360626
22337,0.068207,74.125.24.0-255,5738,285108,9,360626
22338,0.068221,172.31.36.0-255,66,285174,9,360626
22339,0.070567,74.125.24.0-255,5738,290912,9,360626
22340,0.070577,172.31.36.0-255,66,290978,9,360626
22341,0.072949,74.125.24.0-255,5738,296716,9,360626
22342,0.072964,172.31.36.0-255,66,296782,9,360626
22343,0.075329,74.125.24.0-255,5738,302520,9,360626
22344,0.07534,172.31.36.0-255,66,302586,9,360626
22345,0.077718,74.125.24.0-255,5738,308324,9,360626
22346,0.077729,172.31.36.0-255,66,308390,9,360626
22347,0.08006,74.125.24.0-255,5738,314128,9,360626
22348,0.080073,172.31.36.0-255,66,314194,9,360626
22349,0.082404,74.125.24.0-255,5738,319932,9,360626
22350,0.082413,172.31.36.0-255,66,319998,9,360626
22351,0.08474,74.125.24.0-255,5738,325736,9,360626
22352,0.084759,172.31.36.0-255,66,325802,9,360626
22353,0.087104,74.125.24.0-255,5738,331540,9,360626
22354,0.087115,172.31.36.0-255,66,331606,9,360626
22355,0.089456,74.125.24.0-255,5738,337344,9,360626
22356,0.089464,172.31.36.0-255,66,337410,9,360626
22357,0.091801,74.125.24.0-255,5738,343148,9,360626
22358,0.091809,172.31.36.0-255,66,343214,9,360626
22359,0.094145,74.125.24.0-255,5738,348952,9,360626
22360,0.094156,172.31.36.0-255,66,349018,9,360626
22361,0.096497,74.125.24.0-255,5738,354756,9,360626
22362,0.096508,172.31.36.0-255,66,354822,9,360626
22363,0.098897,74.125.24.0-255,5738,360560,9,360626
22364,0.098906,172.31.36.0-255,66,360626,9,360626
22365,0.0,172.217.194.0-255,151,151,9,331017
22366,1.4e-05,172.31.36.0-255,66,217,9,331017
22367,2e-05,172.217.194.0-255,1484,1701,9,331017
22368,2.4e-05,172.31.36.0-255,66,1767,9,331017
22369,2.8e-05,172.217.194.0-255,1484,3251,9,331017
22370,3e-05,172.31.36.0-255,66,3317,9,331017
22371,6.3e-05,172.217.194.0-255,1484,4801,9,331017
22372,6.6e-05,172.31.36.0-255,66,4867,9,331017
22373,7.3e-05,172.217.194.0-255,5738,10605,9,331017
22374,7.5e-05,172.31.36.0-255,66,10671,9,331017
22375,9.5e-05,172.217.194.0-255,5738,16409,9,331017
22376,9.8e-05,172.31.36.0-255,66,16475,9,331017
22377,0.000125,172.31.36.0-255,66,16541,9,331017
22378,0.000161,172.217.194.0-255,2902,19443,9,331017
22379,0.000164,172.31.36.0-255,66,19509,9,331017
22380,0.000182,172.217.194.0-255,3961,23470,9,331017
22381,0.000185,172.31.36.0-255,66,23536,9,331017
22382,0.000196,172.217.194.0-255,1484,25020,9,331017
22383,0.000198,172.31.36.0-255,66,25086,9,331017
22384,0.000203,172.217.194.0-255,2902,27988,9,331017
22385,0.000205,172.31.36.0-255,66,28054,9,331017
22386,0.000236,172.217.194.0-255,5738,33792,9,331017
22387,0.000239,172.31.36.0-255,66,33858,9,331017
22388,0.000256,172.217.194.0-255,1484,35342,9,331017
22389,0.000258,172.31.36.0-255,66,35408,9,331017
22390,0.00028,172.31.36.0-255,66,35474,9,331017
22391,0.000358,172.217.194.0-255,5738,41212,9,331017
22392,0.000362,172.31.36.0-255,66,41278,9,331017
22393,0.000379,172.217.194.0-255,4251,45529,9,331017
22394,0.000382,172.31.36.0-255,66,45595,9,331017
22395,0.000421,172.217.194.0-255,2902,48497,9,331017
22396,0.000424,172.31.36.0-255,66,48563,9,331017
22397,0.000451,172.31.36.0-255,66,48629,9,331017
22398,0.000491,172.217.194.0-255,4320,52949,9,331017
22399,0.000494,172.31.36.0-255,66,53015,9,331017
22400,0.00052,172.31.36.0-255,66,53081,9,331017
22401,0.000583,172.217.194.0-255,5738,58819,9,331017
22402,0.000587,172.31.36.0-255,66,58885,9,331017
22403,0.000631,172.31.36.0-255,66,58951,9,331017
22404,0.001103,172.217.194.0-255,1484,60435,9,331017
22405,0.00111,172.217.194.0-255,2902,63337,9,331017
22406,0.001115,172.31.36.0-255,66,63403,9,331017
22407,0.001123,172.217.194.0-255,5738,69141,9,331017
22408,0.001125,172.31.36.0-255,66,69207,9,331017
22409,0.00115,172.217.194.0-255,7156,76363,9,331017
22410,0.001154,172.31.36.0-255,66,76429,9,331017
22411,0.001178,172.217.194.0-255,5738,82167,9,331017
22412,0.001182,172.31.36.0-255,66,82233,9,331017
22413,0.001234,172.217.194.0-255,7156,89389,9,331017
22414,0.001239,172.31.36.0-255,66,89455,9,331017
22415,0.001255,172.217.194.0-255,1484,90939,9,331017
22416,0.001287,172.217.194.0-255,2184,93123,9,331017
22417,0.001291,172.31.36.0-255,66,93189,9,331017
22418,0.001327,172.217.194.0-255,5738,98927,9,331017
22419,0.00133,172.31.36.0-255,66,98993,9,331017
22420,0.001352,172.217.194.0-255,7156,106149,9,331017
22421,0.001355,172.31.36.0-255,66,106215,9,331017
22422,0.001399,172.217.194.0-255,4320,110535,9,331017
22423,0.001405,172.31.36.0-255,66,110601,9,331017
22424,0.001439,172.31.36.0-255,66,110667,9,331017
22425,0.001534,172.31.36.0-255,66,110733,9,331017
22426,0.001595,172.217.194.0-255,3602,114335,9,331017
22427,0.001598,172.31.36.0-255,66,114401,9,331017
22428,0.001962,172.217.194.0-255,1484,115885,9,331017
22429,0.00198,172.217.194.0-255,2902,118787,9,331017
22430,0.001983,172.31.36.0-255,66,118853,9,331017
22431,0.002005,172.217.194.0-255,5738,124591,9,331017
22432,0.002009,172.31.36.0-255,66,124657,9,331017
22433,0.002041,172.31.36.0-255,66,124723,9,331017
22434,0.002096,172.217.194.0-255,2902,127625,9,331017
22435,0.002099,172.31.36.0-255,66,127691,9,331017
22436,0.002119,172.217.194.0-255,5738,133429,9,331017
22437,0.002122,172.31.36.0-255,66,133495,9,331017
22438,0.00215,172.217.194.0-255,2184,135679,9,331017
22439,0.002152,172.31.36.0-255,66,135745,9,331017
22440,0.004357,172.217.194.0-255,2902,138647,9,331017
22441,0.004361,172.31.36.0-255,66,138713,9,331017
22442,0.004402,172.217.194.0-255,2902,141615,9,331017
22443,0.004404,172.31.36.0-255,66,141681,9,331017
22444,0.006584,172.217.194.0-255,2902,144583,9,331017
22445,0.006591,172.31.36.0-255,66,144649,9,331017
22446,0.006645,172.217.194.0-255,2902,147551,9,331017
22447,0.00665,172.31.36.0-255,66,147617,9,331017
22448,0.00883,172.217.194.0-255,2902,150519,9,331017
22449,0.00884,172.31.36.0-255,66,150585,9,331017
22450,0.0089,172.217.194.0-255,2902,153487,9,331017
22451,0.008902,172.31.36.0-255,66,153553,9,331017
22452,0.011126,172.217.194.0-255,2902,156455,9,331017
22453,0.011136,172.31.36.0-255,66,156521,9,331017
22454,0.011159,172.217.194.0-255,2902,159423,9,331017
22455,0.011161,172.31.36.0-255,66,159489,9,331017
22456,0.013392,172.217.194.0-255,4320,163809,9,331017
22457,0.013402,172.31.36.0-255,66,163875,9,331017
22458,0.01342,172.217.194.0-255,1484,165359,9,331017
22459,0.015649,172.217.194.0-255,4320,169679,9,331017
22460,0.015659,172.31.36.0-255,66,169745,9,331017
22461,0.017891,172.217.194.0-255,5738,175483,9,331017
22462,0.017902,172.31.36.0-255,66,175549,9,331017
22463,0.020154,172.217.194.0-255,5738,181287,9,331017
22464,0.020163,172.31.36.0-255,66,181353,9,331017
22465,0.022419,172.217.194.0-255,5738,187091,9,331017
22466,0.022426,172.31.36.0-255,66,187157,9,331017
22467,0.024681,172.217.194.0-255,5738,192895,9,331017
22468,0.02469,172.31.36.0-255,66,192961,9,331017
22469,0.02696,172.217.194.0-255,5738,198699,9,331017
22470,0.026969,172.31.36.0-255,66,198765,9,331017
22471,0.028166,172.31.36.0-255,190,198955,9,331017
22472,0.028199,172.31.36.0-255,1117,200072,9,331017
22473,0.028254,172.31.36.0-255,1514,201586,9,331017
22474,0.028256,172.31.36.0-255,1514,203100,9,331017
22475,0.028258,172.31.36.0-255,1514,204614,9,331017
22476,0.028259,172.31.36.0-255,1514,206128,9,331017
22477,0.028285,172.31.36.0-255,1485,207613,9,331017
22478,0.029188,172.217.194.0-255,5738,213351,9,331017
22479,0.029194,172.31.36.0-255,66,213417,9,331017
22480,0.029721,104.244.42.0-255,66,213483,9,331017
22481,0.029771,104.244.42.0-255,66,213549,9,331017
22482,0.029828,104.244.42.0-255,66,213615,9,331017
22483,0.029873,104.244.42.0-255,66,213681,9,331017
22484,0.0305,104.244.42.0-255,108,213789,9,331017
22485,0.030509,172.31.36.0-255,66,213855,9,331017
22486,0.031429,172.217.194.0-255,5738,219593,9,331017
22487,0.031435,172.31.36.0-255,66,219659,9,331017
22488,0.033657,172.217.194.0-255,2902,222561,9,331017
22489,0.033663,172.31.36.0-255,66,222627,9,331017
22490,0.033689,172.217.194.0-255,2902,225529,9,331017
22491,0.033692,172.31.36.0-255,66,225595,9,331017
22492,0.035934,172.217.194.0-255,5738,231333,9,331017
22493,0.035939,172.31.36.0-255,66,231399,9,331017
22494,0.038205,172.217.194.0-255,5738,237137,9,331017
22495,0.03821,172.31.36.0-255,66,237203,9,331017
22496,0.040449,172.217.194.0-255,2902,240105,9,331017
22497,0.040454,172.31.36.0-255,66,240171,9,331017
22498,0.040482,172.217.194.0-255,2902,243073,9,331017
22499,0.040485,172.31.36.0-255,66,243139,9,331017
22500,0.042688,172.217.194.0-255,2902,246041,9,331017
22501,0.042693,172.31.36.0-255,66,246107,9,331017
22502,0.042762,172.217.194.0-255,2902,249009,9,331017
22503,0.042767,172.31.36.0-255,66,249075,9,331017
22504,0.044955,172.217.194.0-255,2902,251977,9,331017
22505,0.04496,172.31.36.0-255,66,252043,9,331017
22506,0.04501,172.217.194.0-255,2902,254945,9,331017
22507,0.045013,172.31.36.0-255,66,255011,9,331017
22508,0.047211,172.217.194.0-255,2902,257913,9,331017
22509,0.047217,172.31.36.0-255,66,257979,9,331017
22510,0.047252,172.217.194.0-255,2902,260881,9,331017
22511,0.047255,172.31.36.0-255,66,260947,9,331017
22512,0.049448,172.217.194.0-255,2902,263849,9,331017
22513,0.049452,172.31.36.0-255,66,263915,9,331017
22514,0.049488,172.217.194.0-255,2902,266817,9,331017
22515,0.049491,172.31.36.0-255,66,266883,9,331017
22516,0.051669,172.217.194.0-255,2902,269785,9,331017
22517,0.051674,172.31.36.0-255,66,269851,9,331017
22518,0.051718,172.217.194.0-255,2902,272753,9,331017
22519,0.051721,172.31.36.0-255,66,272819,9,331017
22520,0.053914,172.217.194.0-255,2902,275721,9,331017
22521,0.053919,172.31.36.0-255,66,275787,9,331017
22522,0.053996,172.217.194.0-255,2902,278689,9,331017
22523,0.054001,172.31.36.0-255,66,278755,9,331017
22524,0.056159,172.217.194.0-255,1484,280239,9,331017
22525,0.056212,172.217.194.0-255,4320,284559,9,331017
22526,0.056217,172.31.36.0-255,66,284625,9,331017
22527,0.058442,172.217.194.0-255,5738,290363,9,331017
22528,0.058447,172.31.36.0-255,66,290429,9,331017
22529,0.060697,172.217.194.0-255,4320,294749,9,331017
22530,0.060702,172.31.36.0-255,66,294815,9,331017
22531,0.060734,172.217.194.0-255,1484,296299,9,331017
22532,0.062945,172.217.194.0-255,4320,300619,9,331017
22533,0.06295,172.31.36.0-255,66,300685,9,331017
22534,0.065202,172.217.194.0-255,5738,306423,9,331017
22535,0.065207,172.31.36.0-255,66,306489,9,331017
22536,0.067446,172.217.194.0-255,5738,312227,9,331017
22537,0.067451,172.31.36.0-255,66,312293,9,331017
22538,0.069699,172.217.194.0-255,4320,316613,9,331017
22539,0.069704,172.31.36.0-255,66,316679,9,331017
22540,0.069756,172.217.194.0-255,1484,318163,9,331017
22541,0.071929,172.217.194.0-255,4320,322483,9,331017
22542,0.071934,172.31.36.0-255,66,322549,9,331017
22543,0.074168,172.217.194.0-255,4320,326869,9,331017
22544,0.074173,172.31.36.0-255,66,326935,9,331017
22545,0.074206,172.217.194.0-255,1484,328419,9,331017
22546,0.076413,172.217.194.0-255,2361,330780,9,331017
22547,0.076418,172.31.36.0-255,66,330846,9,331017
22548,0.077385,172.31.36.0-255,105,330951,9,331017
22549,0.079607,172.217.194.0-255,66,331017,9,331017
22550,0.0,74.125.130.0-255,153,153,9,407754
22551,3.3e-05,172.31.36.0-255,66,219,9,407754
22552,4e-05,74.125.130.0-255,1484,1703,9,407754
22553,4.4e-05,172.31.36.0-255,66,1769,9,407754
22554,4.7e-05,74.125.130.0-255,1484,3253,9,407754
22555,4.9e-05,172.31.36.0-255,66,3319,9,407754
22556,7.7e-05,74.125.130.0-255,2902,6221,9,407754
22557,8e-05,172.31.36.0-255,66,6287,9,407754
22558,8.7e-05,74.125.130.0-255,5738,12025,9,407754
22559,9e-05,172.31.36.0-255,66,12091,9,407754
22560,9.4e-05,74.125.130.0-255,2058,14149,9,407754
22561,9.6e-05,172.31.36.0-255,66,14215,9,407754
22562,0.000132,74.125.130.0-255,4320,18535,9,407754
22563,0.000135,172.31.36.0-255,66,18601,9,407754
22564,0.000157,74.125.130.0-255,5738,24339,9,407754
22565,0.000159,172.31.36.0-255,66,24405,9,407754
22566,0.000164,74.125.130.0-255,4320,28725,9,407754
22567,0.000166,172.31.36.0-255,66,28791,9,407754
22568,0.000195,74.125.130.0-255,2543,31334,9,407754
22569,0.000198,172.31.36.0-255,66,31400,9,407754
22570,0.000402,74.125.130.0-255,1484,32884,9,407754
22571,0.000406,172.31.36.0-255,66,32950,9,407754
22572,0.000412,74.125.130.0-255,2902,35852,9,407754
22573,0.000415,172.31.36.0-255,66,35918,9,407754
22574,0.000443,74.125.130.0-255,5738,41656,9,407754
22575,0.000446,172.31.36.0-255,66,41722,9,407754
22576,0.000451,74.125.130.0-255,2902,44624,9,407754
22577,0.000453,172.31.36.0-255,66,44690,9,407754
22578,0.000466,74.125.130.0-255,1484,46174,9,407754
22579,0.000471,172.31.36.0-255,66,46240,9,407754
22580,0.00048,74.125.130.0-255,2543,48783,9,407754
22581,0.000482,172.31.36.0-255,66,48849,9,407754
22582,0.000503,74.125.130.0-255,4320,53169,9,407754
22583,0.000513,172.31.36.0-255,66,53235,9,407754
22584,0.000528,74.125.130.0-255,5738,58973,9,407754
22585,0.000542,172.31.36.0-255,66,59039,9,407754
22586,0.000573,74.125.130.0-255,7048,66087,9,407754
22587,0.000585,172.31.36.0-255,66,66153,9,407754
22588,0.000632,74.125.130.0-255,118,66271,9,407754
22589,0.000834,172.31.36.0-255,66,66337,9,407754
22590,0.000963,74.125.130.0-255,1484,67821,9,407754
22591,0.000972,74.125.130.0-255,2902,70723,9,407754
22592,0.001005,74.125.130.0-255,4320,75043,9,407754
22593,0.001022,74.125.130.0-255,1484,76527,9,407754
22594,0.001036,74.125.130.0-255,4320,80847,9,407754
22595,0.001061,74.125.130.0-255,4320,85167,9,407754
22596,0.001078,74.125.130.0-255,4320,89487,9,407754
22597,0.001094,74.125.130.0-255,4320,93807,9,407754
22598,0.001111,74.125.130.0-255,5738,99545,9,407754
22599,0.001115,74.125.130.0-255,766,100311,9,407754
22600,0.001564,74.125.130.0-255,1484,101795,9,407754
22601,0.001588,74.125.130.0-255,2902,104697,9,407754
22602,0.001599,74.125.130.0-255,2902,107599,9,407754
22603,0.00161,74.125.130.0-255,2902,110501,9,407754
22604,0.001613,74.125.130.0-255,1484,111985,9,407754
22605,0.001635,74.125.130.0-255,2902,114887,9,407754
22606,0.001671,74.125.130.0-255,2902,117789,9,407754
22607,0.001685,74.125.130.0-255,2902,120691,9,407754
22608,0.001702,74.125.130.0-255,4320,125011,9,407754
22609,0.001714,74.125.130.0-255,2902,127913,9,407754
22610,0.001729,74.125.130.0-255,1484,129397,9,407754
22611,0.001733,74.125.130.0-255,2902,132299,9,407754
22612,0.001765,74.125.130.0-255,2184,134483,9,407754
22613,0.003771,172.31.36.0-255,66,134549,9,407754
22614,0.005803,74.125.130.0-255,5738,140287,9,407754
22615,0.005808,172.31.36.0-255,66,140353,9,407754
22616,0.007825,74.125.130.0-255,5738,146091,9,407754
22617,0.00783,172.31.36.0-255,66,146157,9,407754
22618,0.009848,74.125.130.0-255,5738,151895,9,407754
22619,0.009855,172.31.36.0-255,66,151961,9,407754
22620,0.011896,74.125.130.0-255,5738,157699,9,407754
22621,0.011904,172.31.36.0-255,66,157765,9,407754
22622,0.013927,74.125.130.0-255,5738,163503,9,407754
22623,0.013937,172.31.36.0-255,66,163569,9,407754
22624,0.015961,74.125.130.0-255,5738,169307,9,407754
22625,0.015969,172.31.36.0-255,66,169373,9,407754
22626,0.017985,74.125.130.0-255,5738,175111,9,407754
22627,0.017992,172.31.36.0-255,66,175177,9,407754
22628,0.020024,74.125.130.0-255,5738,180915,9,407754
22629,0.020035,172.31.36.0-255,66,180981,9,407754
22630,0.022062,74.125.130.0-255,5738,186719,9,407754
22631,0.022069,172.31.36.0-255,66,186785,9,407754
22632,0.024094,74.125.130.0-255,5738,192523,9,407754
22633,0.024101,172.31.36.0-255,66,192589,9,407754
22634,0.026121,74.125.130.0-255,5738,198327,9,407754
22635,0.026129,172.31.36.0-255,66,198393,9,407754
22636,0.028158,74.125.130.0-255,5738,204131,9,407754
22637,0.028166,172.31.36.0-255,66,204197,9,407754
22638,0.030182,74.125.130.0-255,5738,209935,9,407754
22639,0.030191,172.31.36.0-255,66,210001,9,407754
22640,0.032215,74.125.130.0-255,5738,215739,9,407754
22641,0.032223,172.31.36.0-255,66,215805,9,407754
22642,0.03425,74.125.130.0-255,5738,221543,9,407754
22643,0.03426,172.31.36.0-255,66,221609,9,407754
22644,0.036281,74.125.130.0-255,5738,227347,9,407754
22645,0.036289,172.31.36.0-255,66,227413,9,407754
22646,0.038316,74.125.130.0-255,5738,233151,9,407754
22647,0.038324,172.31.36.0-255,66,233217,9,407754
22648,0.040349,74.125.130.0-255,5738,238955,9,407754
22649,0.040374,172.31.36.0-255,66,239021,9,407754
22650,0.042445,74.125.130.0-255,5738,244759,9,407754
22651,0.042452,172.31.36.0-255,66,244825,9,407754
22652,0.044478,74.125.130.0-255,5738,250563,9,407754
22653,0.044486,172.31.36.0-255,66,250629,9,407754
22654,0.04654,74.125.130.0-255,5738,256367,9,407754
22655,0.046548,172.31.36.0-255,66,256433,9,407754
22656,0.048573,74.125.130.0-255,5738,262171,9,407754
22657,0.048581,172.31.36.0-255,66,262237,9,407754
22658,0.050595,74.125.130.0-255,5738,267975,9,407754
22659,0.050601,172.31.36.0-255,66,268041,9,407754
22660,0.052631,74.125.130.0-255,5738,273779,9,407754
22661,0.052639,172.31.36.0-255,66,273845,9,407754
22662,0.054655,74.125.130.0-255,5738,279583,9,407754
22663,0.054663,172.31.36.0-255,66,279649,9,407754
22664,0.05672,74.125.130.0-255,5738,285387,9,407754
22665,0.056728,172.31.36.0-255,66,285453,9,407754
22666,0.058756,74.125.130.0-255,5738,291191,9,407754
22667,0.058764,172.31.36.0-255,66,291257,9,407754
22668,0.060793,74.125.130.0-255,5738,296995,9,407754
22669,0.060799,172.31.36.0-255,66,297061,9,407754
22670,0.061177,172.31.36.0-255,171,297232,9,407754
22671,0.061206,172.31.36.0-255,1070,298302,9,407754
22672,0.062702,104.244.42.0-255,66,298368,9,407754
22673,0.062746,104.244.42.0-255,66,298434,9,407754
22674,0.062819,74.125.130.0-255,5738,304172,9,407754
22675,0.062823,172.31.36.0-255,66,304238,9,407754
22676,0.064832,74.125.130.0-255,5738,309976,9,407754
22677,0.064837,172.31.36.0-255,66,310042,9,407754
22678,0.066866,74.125.130.0-255,5738,315780,9,407754
22679,0.066872,172.31.36.0-255,66,315846,9,407754
22680,0.068897,74.125.130.0-255,5738,321584,9,407754
22681,0.068902,172.31.36.0-255,66,321650,9,407754
22682,0.070918,74.125.130.0-255,5738,327388,9,407754
22683,0.070924,172.31.36.0-255,66,327454,9,407754
22684,0.072944,74.125.130.0-255,5738,333192,9,407754
22685,0.072949,172.31.36.0-255,66,333258,9,407754
22686,0.074973,74.125.130.0-255,5738,338996,9,407754
22687,0.07498,172.31.36.0-255,66,339062,9,407754
22688,0.077017,74.125.130.0-255,5738,344800,9,407754
22689,0.077023,172.31.36.0-255,66,344866,9,407754
22690,0.079038,74.125.130.0-255,5738,350604,9,407754
22691,0.079044,172.31.36.0-255,66,350670,9,407754
22692,0.081064,74.125.130.0-255,5738,356408,9,407754
22693,0.081069,172.31.36.0-255,66,356474,9,407754
22694,0.083082,74.125.130.0-255,5738,362212,9,407754
22695,0.083087,172.31.36.0-255,66,362278,9,407754
22696,0.085109,74.125.130.0-255,5738,368016,9,407754
22697,0.085116,172.31.36.0-255,66,368082,9,407754
22698,0.087158,74.125.130.0-255,5738,373820,9,407754
22699,0.087164,172.31.36.0-255,66,373886,9,407754
22700,0.089174,74.125.130.0-255,4320,378206,9,407754
22701,0.08918,172.31.36.0-255,66,378272,9,407754
22702,0.089209,74.125.130.0-255,1484,379756,9,407754
22703,0.091194,74.125.130.0-255,4320,384076,9,407754
22704,0.0912,172.31.36.0-255,66,384142,9,407754
22705,0.093218,74.125.130.0-255,5738,389880,9,407754
22706,0.093277,172.31.36.0-255,66,389946,9,407754
22707,0.095288,74.125.130.0-255,2902,392848,9,407754
22708,0.095293,172.31.36.0-255,66,392914,9,407754
22709,0.095326,74.125.130.0-255,2902,395816,9,407754
22710,0.095345,172.31.36.0-255,66,395882,9,407754
22711,0.097301,74.125.130.0-255,2902,398784,9,407754
22712,0.097307,172.31.36.0-255,66,398850,9,407754
22713,0.097349,74.125.130.0-255,2902,401752,9,407754
22714,0.097362,172.31.36.0-255,66,401818,9,407754
22715,0.09931,74.125.130.0-255,2902,404720,9,407754
22716,0.099315,172.31.36.0-255,66,404786,9,407754
22717,0.099367,74.125.130.0-255,2902,407688,9,407754
22718,0.099392,172.31.36.0-255,66,407754,9,407754
22719,0.0,74.125.24.0-255,153,153,9,217261
22720,2.8e-05,172.31.36.0-255,66,219,9,217261
22721,3.7e-05,74.125.24.0-255,1484,1703,9,217261
22722,4.1e-05,172.31.36.0-255,66,1769,9,217261
22723,4.7e-05,74.125.24.0-255,2902,4671,9,217261
22724,6.2e-05,172.31.36.0-255,66,4737,9,217261
22725,7.1e-05,74.125.24.0-255,7156,11893,9,217261
22726,7.4e-05,172.31.36.0-255,66,11959,9,217261
22727,8e-05,74.125.24.0-255,3484,15443,9,217261
22728,8.3e-05,172.31.36.0-255,66,15509,9,217261
22729,9.8e-05,172.31.36.0-255,66,15575,9,217261
22730,0.00016,172.31.36.0-255,66,15641,9,217261
22731,0.000177,172.31.36.0-255,66,15707,9,217261
22732,0.00018,74.125.24.0-255,110,15817,9,217261
22733,0.000182,172.31.36.0-255,66,15883,9,217261
22734,0.000258,74.125.24.0-255,1484,17367,9,217261
22735,0.000261,172.31.36.0-255,66,17433,9,217261
22736,0.000266,74.125.24.0-255,2902,20335,9,217261
22737,0.000268,172.31.36.0-255,66,20401,9,217261
22738,0.000275,74.125.24.0-255,5738,26139,9,217261
22739,0.000283,172.31.36.0-255,66,26205,9,217261
22740,0.00029,74.125.24.0-255,5738,31943,9,217261
22741,0.000292,172.31.36.0-255,66,32009,9,217261
22742,0.000333,74.125.24.0-255,7156,39165,9,217261
22743,0.000336,172.31.36.0-255,66,39231,9,217261
22744,0.000347,172.31.36.0-255,66,39297,9,217261
22745,0.000351,74.125.24.0-255,2448,41745,9,217261
22746,0.000353,172.31.36.0-255,66,41811,9,217261
22747,0.000403,74.125.24.0-255,1484,43295,9,217261
22748,0.00042,74.125.24.0-255,2902,46197,9,217261
22749,0.000423,172.31.36.0-255,66,46263,9,217261
22750,0.000429,74.125.24.0-255,5738,52001,9,217261
22751,0.000432,172.31.36.0-255,66,52067,9,217261
22752,0.000441,74.125.24.0-255,2902,54969,9,217261
22753,0.000443,172.31.36.0-255,66,55035,9,217261
22754,0.00048,172.31.36.0-255,66,55101,9,217261
22755,0.000488,74.125.24.0-255,7156,62257,9,217261
22756,0.000491,172.31.36.0-255,66,62323,9,217261
22757,0.00052,74.125.24.0-255,3602,65925,9,217261
22758,0.000523,172.31.36.0-255,66,65991,9,217261
22759,0.000732,74.125.24.0-255,1484,67475,9,217261
22760,0.000739,74.125.24.0-255,2902,70377,9,217261
22761,0.000743,172.31.36.0-255,66,70443,9,217261
22762,0.000747,74.125.24.0-255,1484,71927,9,217261
22763,0.000774,74.125.24.0-255,4320,76247,9,217261
22764,0.000777,172.31.36.0-255,66,76313,9,217261
22765,0.000784,74.125.24.0-255,5738,82051,9,217261
22766,0.000786,172.31.36.0-255,66,82117,9,217261
22767,0.000794,74.125.24.0-255,7156,89273,9,217261
22768,0.000796,172.31.36.0-255,66,89339,9,217261
22769,0.000812,74.125.24.0-255,5738,95077,9,217261
22770,0.000821,74.125.24.0-255,5020,100097,9,217261
22771,0.000861,172.31.36.0-255,66,100163,9,217261
22772,0.000868,172.31.36.0-255,66,100229,9,217261
22773,0.000914,74.125.24.0-255,1484,101713,9,217261
22774,0.00092,74.125.24.0-255,2902,104615,9,217261
22775,0.000923,172.31.36.0-255,66,104681,9,217261
22776,0.000926,74.125.24.0-255,1484,106165,9,217261
22777,0.000953,74.125.24.0-255,4320,110485,9,217261
22778,0.000957,172.31.36.0-255,66,110551,9,217261
22779,0.000963,74.125.24.0-255,4320,114871,9,217261
22780,0.000965,172.31.36.0-255,66,114937,9,217261
22781,0.000996,172.31.36.0-255,66,115003,9,217261
22782,0.000999,74.125.24.0-255,1484,116487,9,217261
22783,0.001029,172.31.36.0-255,66,116553,9,217261
22784,0.001212,74.125.24.0-255,1484,118037,9,217261
22785,0.001218,74.125.24.0-255,2902,120939,9,217261
22786,0.00122,74.125.24.0-255,1484,122423,9,217261
22787,0.001225,172.31.36.0-255,66,122489,9,217261
22788,0.001238,74.125.24.0-255,4320,126809,9,217261
22789,0.00124,172.31.36.0-255,66,126875,9,217261
22790,0.001273,172.31.36.0-255,66,126941,9,217261
22791,0.001278,74.125.24.0-255,4320,131261,9,217261
22792,0.00128,172.31.36.0-255,66,131327,9,217261
22793,0.001308,74.125.24.0-255,6438,137765,9,217261
22794,0.001311,172.31.36.0-255,66,137831,9,217261
22795,0.001326,74.125.24.0-255,2902,140733,9,217261
22796,0.001329,172.31.36.0-255,66,140799,9,217261
22797,0.001339,74.125.24.0-255,4320,145119,9,217261
22798,0.001341,172.31.36.0-255,66,145185,9,217261
22799,0.001344,74.125.24.0-255,1484,146669,9,217261
22800,0.001385,74.125.24.0-255,7156,153825,9,217261
22801,0.001388,172.31.36.0-255,66,153891,9,217261
22802,0.001401,74.125.24.0-255,7156,161047,9,217261
22803,0.001403,172.31.36.0-255,66,161113,9,217261
22804,0.001464,172.31.36.0-255,66,161179,9,217261
22805,0.001481,172.31.36.0-255,66,161245,9,217261
22806,0.001494,172.31.36.0-255,66,161311,9,217261
22807,0.0015,74.125.24.0-255,3602,164913,9,217261
22808,0.001502,172.31.36.0-255,66,164979,9,217261
22809,0.00153,74.125.24.0-255,4320,169299,9,217261
22810,0.001533,172.31.36.0-255,66,169365,9,217261
22811,0.00154,74.125.24.0-255,5738,175103,9,217261
22812,0.001542,172.31.36.0-255,66,175169,9,217261
22813,0.00155,74.125.24.0-255,7156,182325,9,217261
22814,0.001552,172.31.36.0-255,66,182391,9,217261
22815,0.001575,74.125.24.0-255,4320,186711,9,217261
22816,0.001577,172.31.36.0-255,66,186777,9,217261
22817,0.001586,74.125.24.0-255,7156,193933,9,217261
22818,0.001588,172.31.36.0-255,66,193999,9,217261
22819,0.001616,74.125.24.0-255,5020,199019,9,217261
22820,0.001619,172.31.36.0-255,66,199085,9,217261
22821,0.001637,74.125.24.0-255,1484,200569,9,217261
22822,0.001643,74.125.24.0-255,2902,203471,9,217261
22823,0.001645,172.31.36.0-255,66,203537,9,217261
22824,0.001677,74.125.24.0-255,5738,209275,9,217261
22825,0.00168,172.31.36.0-255,66,209341,9,217261
22826,0.001727,172.31.36.0-255,66,209407,9,217261
22827,0.001766,74.125.24.0-255,2902,212309,9,217261
22828,0.001768,172.31.36.0-255,66,212375,9,217261
22829,0.001782,172.31.36.0-255,66,212441,9,217261
22830,0.001794,172.31.36.0-255,66,212507,9,217261
22831,0.001813,172.31.36.0-255,66,212573,9,217261
22832,0.001857,172.31.36.0-255,66,212639,9,217261
22833,0.001861,74.125.24.0-255,105,212744,9,217261
22834,0.015277,172.31.36.0-255,66,212810,9,217261
22835,0.015333,172.31.36.0-255,105,212915,9,217261
22836,0.017263,74.125.24.0-255,66,212981,9,217261
22837,0.034474,172.31.36.0-255,167,213148,9,217261
22838,0.03451,172.31.36.0-255,1116,214264,9,217261
22839,0.034574,172.31.36.0-255,1514,215778,9,217261
22840,0.034577,172.31.36.0-255,1285,217063,9,217261
22841,0.03599,104.244.42.0-255,66,217129,9,217261
22842,0.036092,104.244.42.0-255,66,217195,9,217261
22843,0.036113,104.244.42.0-255,66,217261,9,217261
22844,0.0,74.125.24.0-255,153,153,9,252454
22845,2e-05,172.31.36.0-255,66,219,9,252454
22846,2.7e-05,74.125.24.0-255,1484,1703,9,252454
22847,3e-05,172.31.36.0-255,66,1769,9,252454
22848,3.5e-05,74.125.24.0-255,2902,4671,9,252454
22849,3.8e-05,172.31.36.0-255,66,4737,9,252454
22850,4.5e-05,74.125.24.0-255,7156,11893,9,252454
22851,4.7e-05,172.31.36.0-255,66,11959,9,252454
22852,5.1e-05,74.125.24.0-255,2043,14002,9,252454
22853,5.4e-05,172.31.36.0-255,66,14068,9,252454
22854,9e-05,172.31.36.0-255,66,14134,9,252454
22855,9.6e-05,74.125.24.0-255,4320,18454,9,252454
22856,9.8e-05,172.31.36.0-255,66,18520,9,252454
22857,0.000109,74.125.24.0-255,1125,19645,9,252454
22858,0.000111,172.31.36.0-255,66,19711,9,252454
22859,0.000173,74.125.24.0-255,1484,21195,9,252454
22860,0.000175,172.31.36.0-255,66,21261,9,252454
22861,0.00018,74.125.24.0-255,2902,24163,9,252454
22862,0.000182,172.31.36.0-255,66,24229,9,252454
22863,0.000193,74.125.24.0-255,1484,25713,9,252454
22864,0.000195,172.31.36.0-255,66,25779,9,252454
22865,0.000199,74.125.24.0-255,2902,28681,9,252454
22866,0.000201,172.31.36.0-255,66,28747,9,252454
22867,0.000227,74.125.24.0-255,5738,34485,9,252454
22868,0.000229,172.31.36.0-255,66,34551,9,252454
22869,0.000247,74.125.24.0-255,1484,36035,9,252454
22870,0.000248,172.31.36.0-255,66,36101,9,252454
22871,0.000286,172.31.36.0-255,66,36167,9,252454
22872,0.000302,74.125.24.0-255,1484,37651,9,252454
22873,0.000304,172.31.36.0-255,66,37717,9,252454
22874,0.000316,74.125.24.0-255,4241,41958,9,252454
22875,0.000333,74.125.24.0-255,376,42334,9,252454
22876,0.000413,172.31.36.0-255,66,42400,9,252454
22877,0.00047,74.125.24.0-255,1484,43884,9,252454
22878,0.000475,74.125.24.0-255,2902,46786,9,252454
22879,0.000478,74.125.24.0-255,1484,48270,9,252454
22880,0.000495,74.125.24.0-255,4320,52590,9,252454
22881,0.000502,74.125.24.0-255,6797,59387,9,252454
22882,0.000506,172.31.36.0-255,66,59453,9,252454
22883,0.000557,74.125.24.0-255,2543,61996,9,252454
22884,0.000565,172.31.36.0-255,66,62062,9,252454
22885,0.000624,74.125.24.0-255,1484,63546,9,252454
22886,0.000629,74.125.24.0-255,2902,66448,9,252454
22887,0.000633,172.31.36.0-255,66,66514,9,252454
22888,0.000654,74.125.24.0-255,5738,72252,9,252454
22889,0.000659,74.125.24.0-255,4320,76572,9,252454
22890,0.000664,172.31.36.0-255,66,76638,9,252454
22891,0.00069,74.125.24.0-255,1484,78122,9,252454
22892,0.0007,172.31.36.0-255,66,78188,9,252454
22893,0.000713,74.125.24.0-255,7156,85344,9,252454
22894,0.000723,74.125.24.0-255,766,86110,9,252454
22895,0.000737,172.31.36.0-255,66,86176,9,252454
22896,0.000765,74.125.24.0-255,1484,87660,9,252454
22897,0.000769,74.125.24.0-255,2902,90562,9,252454
22898,0.000778,172.31.36.0-255,66,90628,9,252454
22899,0.000788,74.125.24.0-255,5738,96366,9,252454
22900,0.000792,172.31.36.0-255,66,96432,9,252454
22901,0.000866,172.31.36.0-255,66,96498,9,252454
22902,0.000886,74.125.24.0-255,2184,98682,9,252454
22903,0.000891,74.125.24.0-255,2902,101584,9,252454
22904,0.000895,172.31.36.0-255,66,101650,9,252454
22905,0.000918,74.125.24.0-255,7156,108806,9,252454
22906,0.000923,74.125.24.0-255,4320,113126,9,252454
22907,0.000929,172.31.36.0-255,66,113192,9,252454
22908,0.000972,172.31.36.0-255,66,113258,9,252454
22909,0.000985,74.125.24.0-255,2902,116160,9,252454
22910,0.000999,74.125.24.0-255,3602,119762,9,252454
22911,0.001004,172.31.36.0-255,66,119828,9,252454
22912,0.001022,74.125.24.0-255,1484,121312,9,252454
22913,0.001033,74.125.24.0-255,2902,124214,9,252454
22914,0.001046,74.125.24.0-255,5738,129952,9,252454
22915,0.001066,74.125.24.0-255,2902,132854,9,252454
22916,0.001074,172.31.36.0-255,66,132920,9,252454
22917,0.001107,74.125.24.0-255,7156,140076,9,252454
22918,0.00112,172.31.36.0-255,66,140142,9,252454
22919,0.001133,74.125.24.0-255,3602,143744,9,252454
22920,0.001158,172.31.36.0-255,66,143810,9,252454
22921,0.001284,74.125.24.0-255,1484,145294,9,252454
22922,0.001297,74.125.24.0-255,1484,146778,9,252454
22923,0.001304,172.31.36.0-255,66,146844,9,252454
22924,0.001317,74.125.24.0-255,1484,148328,9,252454
22925,0.001323,74.125.24.0-255,5738,154066,9,252454
22926,0.001331,172.31.36.0-255,66,154132,9,252454
22927,0.001347,74.125.24.0-255,7156,161288,9,252454
22928,0.001361,172.31.36.0-255,66,161354,9,252454
22929,0.001404,74.125.24.0-255,5738,167092,9,252454
22930,0.001407,74.125.24.0-255,2184,169276,9,252454
22931,0.001409,172.31.36.0-255,66,169342,9,252454
22932,0.001415,172.31.36.0-255,66,169408,9,252454
22933,0.001574,74.125.24.0-255,1484,170892,9,252454
22934,0.001592,74.125.24.0-255,2902,173794,9,252454
22935,0.001598,74.125.24.0-255,5738,179532,9,252454
22936,0.00161,74.125.24.0-255,1484,181016,9,252454
22937,0.001619,172.31.36.0-255,66,181082,9,252454
22938,0.00166,172.31.36.0-255,66,181148,9,252454
22939,0.001684,74.125.24.0-255,2184,183332,9,252454
22940,0.001691,172.31.36.0-255,66,183398,9,252454
22941,0.001706,74.125.24.0-255,2902,186300,9,252454
22942,0.001712,74.125.24.0-255,7156,193456,9,252454
22943,0.001733,74.125.24.0-255,1484,194940,9,252454
22944,0.001743,172.31.36.0-255,66,195006,9,252454
22945,0.001755,172.31.36.0-255,66,195072,9,252454
22946,0.001774,74.125.24.0-255,2902,197974,9,252454
22947,0.001803,74.125.24.0-255,4320,202294,9,252454
22948,0.001879,74.125.24.0-255,5738,208032,9,252454
22949,0.001893,74.125.24.0-255,6438,214470,9,252454
22950,0.001921,74.125.24.0-255,4320,218790,9,252454
22951,0.001932,74.125.24.0-255,2902,221692,9,252454
22952,0.001936,74.125.24.0-255,2902,224594,9,252454
22953,0.001957,74.125.24.0-255,5738,230332,9,252454
22954,0.00196,74.125.24.0-255,1484,231816,9,252454
22955,0.001994,74.125.24.0-255,3602,235418,9,252454
22956,0.002045,74.125.24.0-255,7156,242574,9,252454
22957,0.002063,74.125.24.0-255,3076,245650,9,252454
22958,0.002075,74.125.24.0-255,105,245755,9,252454
22959,0.008038,172.31.36.0-255,66,245821,9,252454
22960,0.0154,172.31.36.0-255,105,245926,9,252454
22961,0.01766,74.125.24.0-255,66,245992,9,252454
22962,0.048207,172.31.36.0-255,172,246164,9,252454
22963,0.048242,172.31.36.0-255,1116,247280,9,252454
22964,0.048328,172.31.36.0-255,1514,248794,9,252454
22965,0.04833,172.31.36.0-255,1514,250308,9,252454
22966,0.048336,172.31.36.0-255,1514,251822,9,252454
22967,0.048337,172.31.36.0-255,368,252190,9,252454
22968,0.049763,104.244.42.0-255,66,252256,9,252454
22969,0.049793,104.244.42.0-255,66,252322,9,252454
22970,0.04991,104.244.42.0-255,66,252388,9,252454
22971,0.049916,104.244.42.0-255,66,252454,9,252454
22972,0.0,74.125.68.0-255,146,146,9,380794
22973,1.3e-05,172.31.36.0-255,66,212,9,380794
22974,2e-05,74.125.68.0-255,1484,1696,9,380794
22975,2.4e-05,172.31.36.0-255,66,1762,9,380794
22976,3.1e-05,74.125.68.0-255,2902,4664,9,380794
22977,3.4e-05,172.31.36.0-255,66,4730,9,380794
22978,5e-05,74.125.68.0-255,1484,6214,9,380794
22979,5.3e-05,172.31.36.0-255,66,6280,9,380794
22980,7.8e-05,74.125.68.0-255,2902,9182,9,380794
22981,8.1e-05,172.31.36.0-255,66,9248,9,380794
22982,0.0001,74.125.68.0-255,6302,15550,9,380794
22983,0.000102,172.31.36.0-255,66,15616,9,380794
22984,0.000106,74.125.68.0-255,1484,17100,9,380794
22985,0.000108,172.31.36.0-255,66,17166,9,380794
22986,0.000128,74.125.68.0-255,1484,18650,9,380794
22987,0.00013,172.31.36.0-255,66,18716,9,380794
22988,0.000137,74.125.68.0-255,4320,23036,9,380794
22989,0.000139,172.31.36.0-255,66,23102,9,380794
22990,0.00016,74.125.68.0-255,2902,26004,9,380794
22991,0.000163,172.31.36.0-255,66,26070,9,380794
22992,0.000179,74.125.68.0-255,5379,31449,9,380794
22993,0.000182,172.31.36.0-255,66,31515,9,380794
22994,0.000264,74.125.68.0-255,1484,32999,9,380794
22995,0.000268,172.31.36.0-255,66,33065,9,380794
22996,0.000298,74.125.68.0-255,2902,35967,9,380794
22997,0.000301,172.31.36.0-255,66,36033,9,380794
22998,0.000307,74.125.68.0-255,4320,40353,9,380794
22999,0.000309,172.31.36.0-255,66,40419,9,380794
23000,0.000321,74.125.68.0-255,1484,41903,9,380794
23001,0.000323,172.31.36.0-255,66,41969,9,380794
23002,0.00033,74.125.68.0-255,6797,48766,9,380794
23003,0.000332,172.31.36.0-255,66,48832,9,380794
23004,0.000369,74.125.68.0-255,5738,54570,9,380794
23005,0.000373,172.31.36.0-255,66,54636,9,380794
23006,0.000387,74.125.68.0-255,4320,58956,9,380794
23007,0.00039,172.31.36.0-255,66,59022,9,380794
23008,0.000431,74.125.68.0-255,7110,66132,9,380794
23009,0.000434,172.31.36.0-255,66,66198,9,380794
23010,0.000452,74.125.68.0-255,373,66571,9,380794
23011,0.000573,74.125.68.0-255,1484,68055,9,380794
23012,0.000579,172.31.36.0-255,66,68121,9,380794
23013,0.000585,74.125.68.0-255,2902,71023,9,380794
23014,0.000587,172.31.36.0-255,66,71089,9,380794
23015,0.000591,74.125.68.0-255,2902,73991,9,380794
23016,0.000593,172.31.36.0-255,66,74057,9,380794
23017,0.000608,74.125.68.0-255,2902,76959,9,380794
23018,0.00061,172.31.36.0-255,66,77025,9,380794
23019,0.000614,74.125.68.0-255,2902,79927,9,380794
23020,0.000617,172.31.36.0-255,66,79993,9,380794
23021,0.00064,74.125.68.0-255,2902,82895,9,380794
23022,0.000642,172.31.36.0-255,66,82961,9,380794
23023,0.00065,74.125.68.0-255,7156,90117,9,380794
23024,0.000652,172.31.36.0-255,66,90183,9,380794
23025,0.000705,172.31.36.0-255,66,90249,9,380794
23026,0.00072,74.125.68.0-255,766,91015,9,380794
23027,0.000833,74.125.68.0-255,1484,92499,9,380794
23028,0.000844,172.31.36.0-255,66,92565,9,380794
23029,0.00085,74.125.68.0-255,2902,95467,9,380794
23030,0.000852,172.31.36.0-255,66,95533,9,380794
23031,0.000875,74.125.68.0-255,5738,101271,9,380794
23032,0.000878,172.31.36.0-255,66,101337,9,380794
23033,0.000882,74.125.68.0-255,2902,104239,9,380794
23034,0.000884,172.31.36.0-255,66,104305,9,380794
23035,0.00091,74.125.68.0-255,2902,107207,9,380794
23036,0.000912,172.31.36.0-255,66,107273,9,380794
23037,0.000931,74.125.68.0-255,7156,114429,9,380794
23038,0.000934,172.31.36.0-255,66,114495,9,380794
23039,0.000939,74.125.68.0-255,4320,118815,9,380794
23040,0.000941,172.31.36.0-255,66,118881,9,380794
23041,0.000982,74.125.68.0-255,4320,123201,9,380794
23042,0.000987,172.31.36.0-255,66,123267,9,380794
23043,0.000997,74.125.68.0-255,2184,125451,9,380794
23044,0.001,172.31.36.0-255,66,125517,9,380794
23045,0.001074,74.125.68.0-255,1484,127001,9,380794
23046,0.00108,74.125.68.0-255,2902,129903,9,380794
23047,0.001084,172.31.36.0-255,66,129969,9,380794
23048,0.001117,74.125.68.0-255,5738,135707,9,380794
23049,0.00112,172.31.36.0-255,66,135773,9,380794
23050,0.001125,74.125.68.0-255,4320,140093,9,380794
23051,0.001127,172.31.36.0-255,66,140159,9,380794
23052,0.001156,74.125.68.0-255,5738,145897,9,380794
23053,0.00116,172.31.36.0-255,66,145963,9,380794
23054,0.001163,74.125.68.0-255,1484,147447,9,380794
23055,0.001188,172.31.36.0-255,66,147513,9,380794
23056,0.00121,74.125.68.0-255,1484,148997,9,380794
23057,0.001215,74.125.68.0-255,2184,151181,9,380794
23058,0.001218,172.31.36.0-255,66,151247,9,380794
23059,0.001309,74.125.68.0-255,1484,152731,9,380794
23060,0.001334,74.125.68.0-255,2902,155633,9,380794
23061,0.001337,172.31.36.0-255,66,155699,9,380794
23062,0.001343,74.125.68.0-255,4320,160019,9,380794
23063,0.001345,172.31.36.0-255,66,160085,9,380794
23064,0.001348,74.125.68.0-255,1484,161569,9,380794
23065,0.001377,74.125.68.0-255,4320,165889,9,380794
23066,0.001379,172.31.36.0-255,66,165955,9,380794
23067,0.001395,74.125.68.0-255,4320,170275,9,380794
23068,0.001397,172.31.36.0-255,66,170341,9,380794
23069,0.001418,74.125.68.0-255,4320,174661,9,380794
23070,0.001421,172.31.36.0-255,66,174727,9,380794
23071,0.001428,74.125.68.0-255,7156,181883,9,380794
23072,0.001431,172.31.36.0-255,66,181949,9,380794
23073,0.001451,74.125.68.0-255,2902,184851,9,380794
23074,0.001454,172.31.36.0-255,66,184917,9,380794
23075,0.001456,74.125.68.0-255,766,185683,9,380794
23076,0.001474,74.125.68.0-255,1484,187167,9,380794
23077,0.001477,74.125.68.0-255,1484,188651,9,380794
23078,0.001481,172.31.36.0-255,66,188717,9,380794
23079,0.001506,74.125.68.0-255,2902,191619,9,380794
23080,0.001509,172.31.36.0-255,66,191685,9,380794
23081,0.001515,74.125.68.0-255,4320,196005,9,380794
23082,0.001518,172.31.36.0-255,66,196071,9,380794
23083,0.001535,74.125.68.0-255,1484,197555,9,380794
23084,0.001538,74.125.68.0-255,1484,199039,9,380794
23085,0.001541,172.31.36.0-255,66,199105,9,380794
23086,0.001568,172.31.36.0-255,66,199171,9,380794
23087,0.001595,172.31.36.0-255,66,199237,9,380794
23088,0.001598,74.125.68.0-255,766,200003,9,380794
23089,0.001625,74.125.68.0-255,1484,201487,9,380794
23090,0.001627,172.31.36.0-255,66,201553,9,380794
23091,0.001645,74.125.68.0-255,1484,203037,9,380794
23092,0.001671,74.125.68.0-255,2902,205939,9,380794
23093,0.001674,172.31.36.0-255,66,206005,9,380794
23094,0.001698,74.125.68.0-255,5738,211743,9,380794
23095,0.001701,172.31.36.0-255,66,211809,9,380794
23096,0.001737,74.125.68.0-255,7156,218965,9,380794
23097,0.00174,172.31.36.0-255,66,219031,9,380794
23098,0.001747,74.125.68.0-255,5738,224769,9,380794
23099,0.001749,172.31.36.0-255,66,224835,9,380794
23100,0.001768,74.125.68.0-255,7156,231991,9,380794
23101,0.001771,172.31.36.0-255,66,232057,9,380794
23102,0.001806,74.125.68.0-255,2184,234241,9,380794
23103,0.00181,172.31.36.0-255,66,234307,9,380794
23104,0.001889,74.125.68.0-255,1484,235791,9,380794
23105,0.001934,74.125.68.0-255,2902,238693,9,380794
23106,0.001939,172.31.36.0-255,66,238759,9,380794
23107,0.001946,74.125.68.0-255,5738,244497,9,380794
23108,0.001948,172.31.36.0-255,66,244563,9,380794
23109,0.001954,74.125.68.0-255,4320,248883,9,380794
23110,0.001956,172.31.36.0-255,66,248949,9,380794
23111,0.00199,74.125.68.0-255,7156,256105,9,380794
23112,0.001993,172.31.36.0-255,66,256171,9,380794
23113,0.002006,172.31.36.0-255,66,256237,9,380794
23114,0.002156,74.125.68.0-255,1484,257721,9,380794
23115,0.002164,74.125.68.0-255,2902,260623,9,380794
23116,0.002167,172.31.36.0-255,66,260689,9,380794
23117,0.002185,74.125.68.0-255,1484,262173,9,380794
23118,0.002204,74.125.68.0-255,4320,266493,9,380794
23119,0.002207,172.31.36.0-255,66,266559,9,380794
23120,0.002213,74.125.68.0-255,4320,270879,9,380794
23121,0.002215,172.31.36.0-255,66,270945,9,380794
23122,0.002218,74.125.68.0-255,1484,272429,9,380794
23123,0.002242,74.125.68.0-255,4320,276749,9,380794
23124,0.002257,74.125.68.0-255,5738,282487,9,380794
23125,0.002271,74.125.68.0-255,2902,285389,9,380794
23126,0.002292,74.125.68.0-255,5020,290409,9,380794
23127,0.002473,172.31.36.0-255,66,290475,9,380794
23128,0.004763,74.125.68.0-255,5738,296213,9,380794
23129,0.004769,172.31.36.0-255,66,296279,9,380794
23130,0.007053,74.125.68.0-255,5738,302017,9,380794
23131,0.007059,172.31.36.0-255,66,302083,9,380794
23132,0.00934,74.125.68.0-255,5738,307821,9,380794
23133,0.009347,172.31.36.0-255,66,307887,9,380794
23134,0.011633,74.125.68.0-255,5738,313625,9,380794
23135,0.011641,172.31.36.0-255,66,313691,9,380794
23136,0.01394,74.125.68.0-255,5738,319429,9,380794
23137,0.013956,172.31.36.0-255,66,319495,9,380794
23138,0.016244,74.125.68.0-255,5738,325233,9,380794
23139,0.016256,172.31.36.0-255,66,325299,9,380794
23140,0.018542,74.125.68.0-255,5738,331037,9,380794
23141,0.018552,172.31.36.0-255,66,331103,9,380794
23142,0.020848,74.125.68.0-255,5738,336841,9,380794
23143,0.020856,172.31.36.0-255,66,336907,9,380794
23144,0.023136,74.125.68.0-255,5738,342645,9,380794
23145,0.023144,172.31.36.0-255,66,342711,9,380794
23146,0.025422,74.125.68.0-255,5738,348449,9,380794
23147,0.025429,172.31.36.0-255,66,348515,9,380794
23148,0.02772,74.125.68.0-255,5738,354253,9,380794
23149,0.027728,172.31.36.0-255,66,354319,9,380794
23150,0.030027,74.125.68.0-255,5738,360057,9,380794
23151,0.030034,172.31.36.0-255,66,360123,9,380794
23152,0.032325,74.125.68.0-255,5738,365861,9,380794
23153,0.032333,172.31.36.0-255,66,365927,9,380794
23154,0.03461,74.125.68.0-255,5537,371464,9,380794
23155,0.034617,172.31.36.0-255,66,371530,9,380794
23156,0.034797,172.31.36.0-255,105,371635,9,380794
23157,0.035291,172.31.36.0-255,172,371807,9,380794
23158,0.035322,172.31.36.0-255,1116,372923,9,380794
23159,0.035383,172.31.36.0-255,1514,374437,9,380794
23160,0.035385,172.31.36.0-255,1514,375951,9,380794
23161,0.035392,172.31.36.0-255,1514,377465,9,380794
23162,0.035393,172.31.36.0-255,1514,378979,9,380794
23163,0.035423,172.31.36.0-255,1485,380464,9,380794
23164,0.036814,104.244.42.0-255,66,380530,9,380794
23165,0.036843,104.244.42.0-255,66,380596,9,380794
23166,0.036992,104.244.42.0-255,66,380662,9,380794
23167,0.037006,104.244.42.0-255,66,380728,9,380794
23168,0.037039,74.125.68.0-255,66,380794,9,380794
23169,0.0,172.217.194.0-255,146,146,9,340229
23170,1.6e-05,172.31.36.0-255,66,212,9,340229
23171,2.2e-05,172.217.194.0-255,1484,1696,9,340229
23172,2.8e-05,172.31.36.0-255,66,1762,9,340229
23173,4.2e-05,172.217.194.0-255,2902,4664,9,340229
23174,4.6e-05,172.31.36.0-255,66,4730,9,340229
23175,5.3e-05,172.217.194.0-255,5738,10468,9,340229
23176,5.5e-05,172.31.36.0-255,66,10534,9,340229
23177,9.1e-05,172.217.194.0-255,6310,16844,9,340229
23178,9.5e-05,172.31.36.0-255,66,16910,9,340229
23179,0.000102,172.217.194.0-255,7156,24066,9,340229
23180,0.000105,172.31.36.0-255,66,24132,9,340229
23181,0.000137,172.217.194.0-255,6797,30929,9,340229
23182,0.00014,172.31.36.0-255,66,30995,9,340229
23183,0.000175,172.217.194.0-255,2902,33897,9,340229
23184,0.000178,172.31.36.0-255,66,33963,9,340229
23185,0.000181,172.217.194.0-255,1484,35447,9,340229
23186,0.000183,172.31.36.0-255,66,35513,9,340229
23187,0.000205,172.217.194.0-255,2902,38415,9,340229
23188,0.000208,172.31.36.0-255,66,38481,9,340229
23189,0.000223,172.31.36.0-255,66,38547,9,340229
23190,0.000226,172.217.194.0-255,1125,39672,9,340229
23191,0.000228,172.31.36.0-255,66,39738,9,340229
23192,0.000276,172.217.194.0-255,1484,41222,9,340229
23193,0.000278,172.31.36.0-255,66,41288,9,340229
23194,0.000288,172.217.194.0-255,4320,45608,9,340229
23195,0.00029,172.31.36.0-255,66,45674,9,340229
23196,0.000297,172.217.194.0-255,5738,51412,9,340229
23197,0.0003,172.31.36.0-255,66,51478,9,340229
23198,0.00034,172.217.194.0-255,5653,57131,9,340229
23199,0.000344,172.31.36.0-255,66,57197,9,340229
23200,0.000368,172.217.194.0-255,120,57317,9,340229
23201,0.000779,172.217.194.0-255,381,57698,9,340229
23202,0.000985,172.217.194.0-255,1484,59182,9,340229
23203,0.000988,172.217.194.0-255,1484,60666,9,340229
23204,0.000994,172.31.36.0-255,66,60732,9,340229
23205,0.001006,172.217.194.0-255,1484,62216,9,340229
23206,0.001013,172.31.36.0-255,66,62282,9,340229
23207,0.001021,172.217.194.0-255,5738,68020,9,340229
23208,0.001023,172.31.36.0-255,66,68086,9,340229
23209,0.001036,172.31.36.0-255,66,68152,9,340229
23210,0.001073,172.217.194.0-255,1484,69636,9,340229
23211,0.001088,172.31.36.0-255,66,69702,9,340229
23212,0.001651,172.217.194.0-255,1484,71186,9,340229
23213,0.00166,172.217.194.0-255,2902,74088,9,340229
23214,0.001664,172.31.36.0-255,66,74154,9,340229
23215,0.001672,172.217.194.0-255,5738,79892,9,340229
23216,0.001675,172.31.36.0-255,66,79958,9,340229
23217,0.001691,172.31.36.0-255,66,80024,9,340229
23218,0.001704,172.217.194.0-255,4320,84344,9,340229
23219,0.001707,172.31.36.0-255,66,84410,9,340229
23220,0.001723,172.31.36.0-255,66,84476,9,340229
23221,0.001756,172.217.194.0-255,7156,91632,9,340229
23222,0.001759,172.31.36.0-255,66,91698,9,340229
23223,0.001762,172.217.194.0-255,1484,93182,9,340229
23224,0.001792,172.217.194.0-255,7156,100338,9,340229
23225,0.001795,172.31.36.0-255,66,100404,9,340229
23226,0.001808,172.31.36.0-255,66,100470,9,340229
23227,0.001835,172.217.194.0-255,4320,104790,9,340229
23228,0.001837,172.31.36.0-255,66,104856,9,340229
23229,0.00184,172.217.194.0-255,766,105622,9,340229
23230,0.001869,172.217.194.0-255,1484,107106,9,340229
23231,0.001871,172.31.36.0-255,66,107172,9,340229
23232,0.001876,172.217.194.0-255,2902,110074,9,340229
23233,0.001878,172.31.36.0-255,66,110140,9,340229
23234,0.001912,172.217.194.0-255,5738,115878,9,340229
23235,0.001915,172.31.36.0-255,66,115944,9,340229
23236,0.001933,172.31.36.0-255,66,116010,9,340229
23237,0.001957,172.217.194.0-255,2902,118912,9,340229
23238,0.00196,172.31.36.0-255,66,118978,9,340229
23239,0.001987,172.31.36.0-255,66,119044,9,340229
23240,0.004373,172.217.194.0-255,5738,124782,9,340229
23241,0.004382,172.31.36.0-255,66,124848,9,340229
23242,0.006745,172.217.194.0-255,5738,130586,9,340229
23243,0.006752,172.31.36.0-255,66,130652,9,340229
23244,0.009121,172.217.194.0-255,5738,136390,9,340229
23245,0.009127,172.31.36.0-255,66,136456,9,340229
23246,0.011491,172.217.194.0-255,5738,142194,9,340229
23247,0.011501,172.31.36.0-255,66,142260,9,340229
23248,0.013946,172.217.194.0-255,5738,147998,9,340229
23249,0.013954,172.31.36.0-255,66,148064,9,340229
23250,0.016342,172.217.194.0-255,5738,153802,9,340229
23251,0.016351,172.31.36.0-255,66,153868,9,340229
23252,0.018714,172.217.194.0-255,5738,159606,9,340229
23253,0.018722,172.31.36.0-255,66,159672,9,340229
23254,0.0211,172.217.194.0-255,5738,165410,9,340229
23255,0.021112,172.31.36.0-255,66,165476,9,340229
23256,0.023517,172.217.194.0-255,5738,171214,9,340229
23257,0.023524,172.31.36.0-255,66,171280,9,340229
23258,0.025911,172.217.194.0-255,5738,177018,9,340229
23259,0.025917,172.31.36.0-255,66,177084,9,340229
23260,0.028308,172.217.194.0-255,5738,182822,9,340229
23261,0.028316,172.31.36.0-255,66,182888,9,340229
23262,0.03071,172.217.194.0-255,5738,188626,9,340229
23263,0.030715,172.31.36.0-255,66,188692,9,340229
23264,0.033096,172.217.194.0-255,5738,194430,9,340229
23265,0.033104,172.31.36.0-255,66,194496,9,340229
23266,0.035489,172.217.194.0-255,5738,200234,9,340229
23267,0.035497,172.31.36.0-255,66,200300,9,340229
23268,0.037857,172.217.194.0-255,5738,206038,9,340229
23269,0.037865,172.31.36.0-255,66,206104,9,340229
23270,0.040256,172.217.194.0-255,5738,211842,9,340229
23271,0.040265,172.31.36.0-255,66,211908,9,340229
23272,0.042662,172.217.194.0-255,5738,217646,9,340229
23273,0.042676,172.31.36.0-255,66,217712,9,340229
23274,0.045055,172.217.194.0-255,5738,223450,9,340229
23275,0.045063,172.31.36.0-255,66,223516,9,340229
23276,0.047424,172.217.194.0-255,5738,229254,9,340229
23277,0.047431,172.31.36.0-255,66,229320,9,340229
23278,0.04983,172.217.194.0-255,5738,235058,9,340229
23279,0.049838,172.31.36.0-255,66,235124,9,340229
23280,0.052207,172.217.194.0-255,5738,240862,9,340229
23281,0.052215,172.31.36.0-255,66,240928,9,340229
23282,0.054566,172.217.194.0-255,5738,246666,9,340229
23283,0.054576,172.31.36.0-255,66,246732,9,340229
23284,0.056968,172.217.194.0-255,5738,252470,9,340229
23285,0.056976,172.31.36.0-255,66,252536,9,340229
23286,0.057809,172.31.36.0-255,172,252708,9,340229
23287,0.057843,172.31.36.0-255,1070,253778,9,340229
23288,0.059364,172.217.194.0-255,5738,259516,9,340229
23289,0.059372,172.31.36.0-255,66,259582,9,340229
23290,0.059385,104.244.42.0-255,66,259648,9,340229
23291,0.059396,104.244.42.0-255,66,259714,9,340229
23292,0.061775,172.217.194.0-255,5738,265452,9,340229
23293,0.061782,172.31.36.0-255,66,265518,9,340229
23294,0.064188,172.217.194.0-255,5738,271256,9,340229
23295,0.064195,172.31.36.0-255,66,271322,9,340229
23296,0.066605,172.217.194.0-255,5738,277060,9,340229
23297,0.066612,172.31.36.0-255,66,277126,9,340229
23298,0.069008,172.217.194.0-255,5738,282864,9,340229
23299,0.069015,172.31.36.0-255,66,282930,9,340229
23300,0.071414,172.217.194.0-255,5738,288668,9,340229
23301,0.071421,172.31.36.0-255,66,288734,9,340229
23302,0.073804,172.217.194.0-255,5738,294472,9,340229
23303,0.073811,172.31.36.0-255,66,294538,9,340229
23304,0.076173,172.217.194.0-255,5738,300276,9,340229
23305,0.076179,172.31.36.0-255,66,300342,9,340229
23306,0.078545,172.217.194.0-255,5738,306080,9,340229
23307,0.078552,172.31.36.0-255,66,306146,9,340229
23308,0.080955,172.217.194.0-255,5738,311884,9,340229
23309,0.080961,172.31.36.0-255,66,311950,9,340229
23310,0.083341,172.217.194.0-255,5738,317688,9,340229
23311,0.083348,172.31.36.0-255,66,317754,9,340229
23312,0.085735,172.217.194.0-255,5738,323492,9,340229
23313,0.085742,172.31.36.0-255,66,323558,9,340229
23314,0.088138,172.217.194.0-255,5738,329296,9,340229
23315,0.088156,172.31.36.0-255,66,329362,9,340229
23316,0.090573,172.217.194.0-255,5738,335100,9,340229
23317,0.090579,172.31.36.0-255,66,335166,9,340229
23318,0.092958,172.217.194.0-255,4826,339992,9,340229
23319,0.092966,172.31.36.0-255,66,340058,9,340229
23320,0.09316,172.31.36.0-255,105,340163,9,340229
23321,0.09551,172.217.194.0-255,66,340229,9,340229
23322,0.0,74.125.24.0-255,150,150,9,397292
23323,2e-05,172.31.36.0-255,66,216,9,397292
23324,2.8e-05,74.125.24.0-255,1484,1700,9,397292
23325,3.2e-05,172.31.36.0-255,66,1766,9,397292
23326,3.7e-05,74.125.24.0-255,2902,4668,9,397292
23327,4e-05,172.31.36.0-255,66,4734,9,397292
23328,4.7e-05,74.125.24.0-255,5738,10472,9,397292
23329,5e-05,172.31.36.0-255,66,10538,9,397292
23330,0.000125,74.125.24.0-255,3421,13959,9,397292
23331,0.000129,172.31.36.0-255,66,14025,9,397292
23332,0.000133,74.125.24.0-255,1484,15509,9,397292
23333,0.000136,172.31.36.0-255,66,15575,9,397292
23334,0.00014,74.125.24.0-255,2902,18477,9,397292
23335,0.000142,172.31.36.0-255,66,18543,9,397292
23336,0.000149,74.125.24.0-255,5738,24281,9,397292
23337,0.000151,172.31.36.0-255,66,24347,9,397292
23338,0.00017,74.125.24.0-255,1484,25831,9,397292
23339,0.000172,172.31.36.0-255,66,25897,9,397292
23340,0.000198,74.125.24.0-255,5379,31276,9,397292
23341,0.0002,172.31.36.0-255,66,31342,9,397292
23342,0.000208,74.125.24.0-255,7156,38498,9,397292
23343,0.00021,172.31.36.0-255,66,38564,9,397292
23344,0.000239,74.125.24.0-255,7156,45720,9,397292
23345,0.000241,172.31.36.0-255,66,45786,9,397292
23346,0.000267,74.125.24.0-255,2543,48329,9,397292
23347,0.000269,172.31.36.0-255,66,48395,9,397292
23348,0.00036,74.125.24.0-255,1484,49879,9,397292
23349,0.000362,172.31.36.0-255,66,49945,9,397292
23350,0.000365,74.125.24.0-255,1484,51429,9,397292
23351,0.000368,172.31.36.0-255,66,51495,9,397292
23352,0.00038,74.125.24.0-255,1484,52979,9,397292
23353,0.000381,172.31.36.0-255,66,53045,9,397292
23354,0.000388,74.125.24.0-255,5738,58783,9,397292
23355,0.000391,172.31.36.0-255,66,58849,9,397292
23356,0.000447,74.125.24.0-255,2902,61751,9,397292
23357,0.00045,172.31.36.0-255,66,61817,9,397292
23358,0.00047,74.125.24.0-255,4573,66390,9,397292
23359,0.000472,172.31.36.0-255,66,66456,9,397292
23360,0.000666,74.125.24.0-255,1484,67940,9,397292
23361,0.00068,74.125.24.0-255,2902,70842,9,397292
23362,0.000683,172.31.36.0-255,66,70908,9,397292
23363,0.000703,74.125.24.0-255,5738,76646,9,397292
23364,0.000706,172.31.36.0-255,66,76712,9,397292
23365,0.000731,74.125.24.0-255,4320,81032,9,397292
23366,0.000734,172.31.36.0-255,66,81098,9,397292
23367,0.000752,74.125.24.0-255,2543,83641,9,397292
23368,0.000754,172.31.36.0-255,66,83707,9,397292
23369,0.000817,74.125.24.0-255,1484,85191,9,397292
23370,0.000829,74.125.24.0-255,2902,88093,9,397292
23371,0.000832,172.31.36.0-255,66,88159,9,397292
23372,0.000835,74.125.24.0-255,1484,89643,9,397292
23373,0.000853,74.125.24.0-255,4320,93963,9,397292
23374,0.000856,172.31.36.0-255,66,94029,9,397292
23375,0.000886,74.125.24.0-255,6797,100826,9,397292
23376,0.000889,172.31.36.0-255,66,100892,9,397292
23377,0.002855,74.125.24.0-255,5738,106630,9,397292
23378,0.002863,172.31.36.0-255,66,106696,9,397292
23379,0.004843,74.125.24.0-255,5738,112434,9,397292
23380,0.004849,172.31.36.0-255,66,112500,9,397292
23381,0.006795,74.125.24.0-255,5738,118238,9,397292
23382,0.006799,172.31.36.0-255,66,118304,9,397292
23383,0.008757,74.125.24.0-255,5738,124042,9,397292
23384,0.008764,172.31.36.0-255,66,124108,9,397292
23385,0.01074,74.125.24.0-255,5738,129846,9,397292
23386,0.010748,172.31.36.0-255,66,129912,9,397292
23387,0.012726,74.125.24.0-255,5738,135650,9,397292
23388,0.012736,172.31.36.0-255,66,135716,9,397292
23389,0.014686,74.125.24.0-255,5738,141454,9,397292
23390,0.014695,172.31.36.0-255,66,141520,9,397292
23391,0.016699,74.125.24.0-255,5738,147258,9,397292
23392,0.016713,172.31.36.0-255,66,147324,9,397292
23393,0.018669,74.125.24.0-255,5738,153062,9,397292
23394,0.018677,172.31.36.0-255,66,153128,9,397292
23395,0.020649,74.125.24.0-255,5738,158866,9,397292
23396,0.020657,172.31.36.0-255,66,158932,9,397292
23397,0.022634,74.125.24.0-255,5738,164670,9,397292
23398,0.022642,172.31.36.0-255,66,164736,9,397292
23399,0.024613,74.125.24.0-255,5738,170474,9,397292
23400,0.02462,172.31.36.0-255,66,170540,9,397292
23401,0.026587,74.125.24.0-255,5738,176278,9,397292
23402,0.026595,172.31.36.0-255,66,176344,9,397292
23403,0.028537,74.125.24.0-255,5738,182082,9,397292
23404,0.028546,172.31.36.0-255,66,182148,9,397292
23405,0.030544,74.125.24.0-255,5738,187886,9,397292
23406,0.030551,172.31.36.0-255,66,187952,9,397292
23407,0.032495,74.125.24.0-255,5738,193690,9,397292
23408,0.032503,172.31.36.0-255,66,193756,9,397292
23409,0.034463,74.125.24.0-255,5738,199494,9,397292
23410,0.03447,172.31.36.0-255,66,199560,9,397292
23411,0.036432,74.125.24.0-255,5738,205298,9,397292
23412,0.036441,172.31.36.0-255,66,205364,9,397292
23413,0.038402,74.125.24.0-255,5738,211102,9,397292
23414,0.03841,172.31.36.0-255,66,211168,9,397292
23415,0.040367,74.125.24.0-255,5738,216906,9,397292
23416,0.040379,172.31.36.0-255,66,216972,9,397292
23417,0.042357,74.125.24.0-255,5738,222710,9,397292
23418,0.042369,172.31.36.0-255,66,222776,9,397292
23419,0.044337,74.125.24.0-255,5738,228514,9,397292
23420,0.044346,172.31.36.0-255,66,228580,9,397292
23421,0.046301,74.125.24.0-255,5738,234318,9,397292
23422,0.04631,172.31.36.0-255,66,234384,9,397292
23423,0.048273,74.125.24.0-255,5738,240122,9,397292
23424,0.048282,172.31.36.0-255,66,240188,9,397292
23425,0.050239,74.125.24.0-255,5738,245926,9,397292
23426,0.050246,172.31.36.0-255,66,245992,9,397292
23427,0.052264,74.125.24.0-255,5738,251730,9,397292
23428,0.052272,172.31.36.0-255,66,251796,9,397292
23429,0.054233,74.125.24.0-255,5738,257534,9,397292
23430,0.05424,172.31.36.0-255,66,257600,9,397292
23431,0.056178,74.125.24.0-255,5738,263338,9,397292
23432,0.056185,172.31.36.0-255,66,263404,9,397292
23433,0.056975,172.31.36.0-255,172,263576,9,397292
23434,0.057006,172.31.36.0-255,1115,264691,9,397292
23435,0.057075,172.31.36.0-255,1514,266205,9,397292
23436,0.057078,172.31.36.0-255,1514,267719,9,397292
23437,0.057079,172.31.36.0-255,1514,269233,9,397292
23438,0.057081,172.31.36.0-255,107,269340,9,397292
23439,0.058182,74.125.24.0-255,5738,275078,9,397292
23440,0.05819,172.31.36.0-255,66,275144,9,397292
23441,0.058492,104.244.42.0-255,66,275210,9,397292
23442,0.058558,104.244.42.0-255,66,275276,9,397292
23443,0.058657,104.244.42.0-255,66,275342,9,397292
23444,0.058661,104.244.42.0-255,66,275408,9,397292
23445,0.060165,74.125.24.0-255,5738,281146,9,397292
23446,0.060172,172.31.36.0-255,66,281212,9,397292
23447,0.062136,74.125.24.0-255,5738,286950,9,397292
23448,0.062143,172.31.36.0-255,66,287016,9,397292
23449,0.064116,74.125.24.0-255,5738,292754,9,397292
23450,0.064125,172.31.36.0-255,66,292820,9,397292
23451,0.066104,74.125.24.0-255,5738,298558,9,397292
23452,0.06611,172.31.36.0-255,66,298624,9,397292
23453,0.068122,74.125.24.0-255,5738,304362,9,397292
23454,0.068129,172.31.36.0-255,66,304428,9,397292
23455,0.070065,74.125.24.0-255,5738,310166,9,397292
23456,0.070072,172.31.36.0-255,66,310232,9,397292
23457,0.072041,74.125.24.0-255,5738,315970,9,397292
23458,0.072047,172.31.36.0-255,66,316036,9,397292
23459,0.074014,74.125.24.0-255,5738,321774,9,397292
23460,0.074026,172.31.36.0-255,66,321840,9,397292
23461,0.076006,74.125.24.0-255,5738,327578,9,397292
23462,0.076017,172.31.36.0-255,66,327644,9,397292
23463,0.07802,74.125.24.0-255,5738,333382,9,397292
23464,0.078035,172.31.36.0-255,66,333448,9,397292
23465,0.080001,74.125.24.0-255,5738,339186,9,397292
23466,0.08001,172.31.36.0-255,66,339252,9,397292
23467,0.081974,74.125.24.0-255,5738,344990,9,397292
23468,0.081981,172.31.36.0-255,66,345056,9,397292
23469,0.083942,74.125.24.0-255,5738,350794,9,397292
23470,0.083949,172.31.36.0-255,66,350860,9,397292
23471,0.08597,74.125.24.0-255,5738,356598,9,397292
23472,0.085977,172.31.36.0-255,66,356664,9,397292
23473,0.087932,74.125.24.0-255,5738,362402,9,397292
23474,0.087938,172.31.36.0-255,66,362468,9,397292
23475,0.089922,74.125.24.0-255,5738,368206,9,397292
23476,0.089928,172.31.36.0-255,66,368272,9,397292
23477,0.091926,74.125.24.0-255,5738,374010,9,397292
23478,0.091931,172.31.36.0-255,66,374076,9,397292
23479,0.093938,74.125.24.0-255,5738,379814,9,397292
23480,0.093945,172.31.36.0-255,66,379880,9,397292
23481,0.095941,74.125.24.0-255,5738,385618,9,397292
23482,0.095947,172.31.36.0-255,66,385684,9,397292
23483,0.097982,74.125.24.0-255,5738,391422,9,397292
23484,0.097995,172.31.36.0-255,66,391488,9,397292
23485,0.099974,74.125.24.0-255,5738,397226,9,397292
23486,0.09998,172.31.36.0-255,66,397292,9,397292
23487,0.0,74.125.24.0-255,153,153,9,352419
23488,2.3e-05,172.31.36.0-255,66,219,9,352419
23489,3e-05,74.125.24.0-255,1484,1703,9,352419
23490,3.5e-05,172.31.36.0-255,66,1769,9,352419
23491,5e-05,74.125.24.0-255,2902,4671,9,352419
23492,5.3e-05,172.31.36.0-255,66,4737,9,352419
23493,6e-05,74.125.24.0-255,5738,10475,9,352419
23494,6.3e-05,172.31.36.0-255,66,10541,9,352419
23495,7e-05,74.125.24.0-255,3393,13934,9,352419
23496,7.3e-05,172.31.36.0-255,66,14000,9,352419
23497,0.000113,74.125.24.0-255,4320,18320,9,352419
23498,0.000116,172.31.36.0-255,66,18386,9,352419
23499,0.000129,172.31.36.0-255,66,18452,9,352419
23500,0.000139,74.125.24.0-255,2543,20995,9,352419
23501,0.000141,172.31.36.0-255,66,21061,9,352419
23502,0.000246,74.125.24.0-255,1484,22545,9,352419
23503,0.000251,172.31.36.0-255,66,22611,9,352419
23504,0.000256,74.125.24.0-255,2902,25513,9,352419
23505,0.000259,172.31.36.0-255,66,25579,9,352419
23506,0.000266,74.125.24.0-255,5738,31317,9,352419
23507,0.000268,172.31.36.0-255,66,31383,9,352419
23508,0.000281,74.125.24.0-255,6797,38180,9,352419
23509,0.000284,172.31.36.0-255,66,38246,9,352419
23510,0.000319,74.125.24.0-255,7156,45402,9,352419
23511,0.000322,172.31.36.0-255,66,45468,9,352419
23512,0.000325,74.125.24.0-255,1484,46952,9,352419
23513,0.000327,172.31.36.0-255,66,47018,9,352419
23514,0.000364,74.125.24.0-255,7156,54174,9,352419
23515,0.000367,172.31.36.0-255,66,54240,9,352419
23516,0.000371,74.125.24.0-255,1457,55697,9,352419
23517,0.000373,172.31.36.0-255,66,55763,9,352419
23518,0.000532,74.125.24.0-255,346,56109,9,352419
23519,0.000638,74.125.24.0-255,1484,57593,9,352419
23520,0.000644,172.31.36.0-255,66,57659,9,352419
23521,0.000649,74.125.24.0-255,2902,60561,9,352419
23522,0.000652,172.31.36.0-255,66,60627,9,352419
23523,0.000658,74.125.24.0-255,5738,66365,9,352419
23524,0.000666,172.31.36.0-255,66,66431,9,352419
23525,0.000671,74.125.24.0-255,4320,70751,9,352419
23526,0.000674,172.31.36.0-255,66,70817,9,352419
23527,0.00072,74.125.24.0-255,2543,73360,9,352419
23528,0.000723,172.31.36.0-255,66,73426,9,352419
23529,0.000738,172.31.36.0-255,66,73492,9,352419
23530,0.000742,74.125.24.0-255,2543,76035,9,352419
23531,0.000745,172.31.36.0-255,66,76101,9,352419
23532,0.001815,74.125.24.0-255,1484,77585,9,352419
23533,0.001826,74.125.24.0-255,2902,80487,9,352419
23534,0.00183,172.31.36.0-255,66,80553,9,352419
23535,0.00184,74.125.24.0-255,5738,86291,9,352419
23536,0.001842,172.31.36.0-255,66,86357,9,352419
23537,0.001848,74.125.24.0-255,5738,92095,9,352419
23538,0.00185,172.31.36.0-255,66,92161,9,352419
23539,0.00188,74.125.24.0-255,4320,96481,9,352419
23540,0.001887,172.31.36.0-255,66,96547,9,352419
23541,0.001899,172.31.36.0-255,66,96613,9,352419
23542,0.001931,74.125.24.0-255,5020,101633,9,352419
23543,0.001933,172.31.36.0-255,66,101699,9,352419
23544,0.002167,74.125.24.0-255,1484,103183,9,352419
23545,0.002175,74.125.24.0-255,2902,106085,9,352419
23546,0.002179,172.31.36.0-255,66,106151,9,352419
23547,0.002187,74.125.24.0-255,5738,111889,9,352419
23548,0.002189,172.31.36.0-255,66,111955,9,352419
23549,0.0022,74.125.24.0-255,4320,116275,9,352419
23550,0.002202,172.31.36.0-255,66,116341,9,352419
23551,0.002256,172.31.36.0-255,66,116407,9,352419
23552,0.002266,172.31.36.0-255,66,116473,9,352419
23553,0.002272,74.125.24.0-255,2902,119375,9,352419
23554,0.002274,172.31.36.0-255,66,119441,9,352419
23555,0.002312,74.125.24.0-255,5738,125179,9,352419
23556,0.002315,172.31.36.0-255,66,125245,9,352419
23557,0.002331,172.31.36.0-255,66,125311,9,352419
23558,0.00235,172.31.36.0-255,66,125377,9,352419
23559,0.004663,74.125.24.0-255,5738,131115,9,352419
23560,0.004669,172.31.36.0-255,66,131181,9,352419
23561,0.00699,74.125.24.0-255,5738,136919,9,352419
23562,0.006994,172.31.36.0-255,66,136985,9,352419
23563,0.009312,74.125.24.0-255,5738,142723,9,352419
23564,0.00932,172.31.36.0-255,66,142789,9,352419
23565,0.011618,74.125.24.0-255,5738,148527,9,352419
23566,0.011626,172.31.36.0-255,66,148593,9,352419
23567,0.013941,74.125.24.0-255,5738,154331,9,352419
23568,0.013949,172.31.36.0-255,66,154397,9,352419
23569,0.016264,74.125.24.0-255,5738,160135,9,352419
23570,0.016272,172.31.36.0-255,66,160201,9,352419
23571,0.018582,74.125.24.0-255,5738,165939,9,352419
23572,0.018589,172.31.36.0-255,66,166005,9,352419
23573,0.020914,74.125.24.0-255,5738,171743,9,352419
23574,0.020922,172.31.36.0-255,66,171809,9,352419
23575,0.023237,74.125.24.0-255,5738,177547,9,352419
23576,0.023245,172.31.36.0-255,66,177613,9,352419
23577,0.025569,74.125.24.0-255,5738,183351,9,352419
23578,0.025577,172.31.36.0-255,66,183417,9,352419
23579,0.027887,74.125.24.0-255,5738,189155,9,352419
23580,0.027894,172.31.36.0-255,66,189221,9,352419
23581,0.030226,74.125.24.0-255,5738,194959,9,352419
23582,0.030248,172.31.36.0-255,66,195025,9,352419
23583,0.030976,172.31.36.0-255,188,195213,9,352419
23584,0.031007,172.31.36.0-255,960,196173,9,352419
23585,0.03107,172.31.36.0-255,1514,197687,9,352419
23586,0.031071,172.31.36.0-255,1514,199201,9,352419
23587,0.031077,172.31.36.0-255,1514,200715,9,352419
23588,0.031079,172.31.36.0-255,1514,202229,9,352419
23589,0.031097,172.31.36.0-255,988,203217,9,352419
23590,0.032521,104.244.42.0-255,66,203283,9,352419
23591,0.032564,74.125.24.0-255,5738,209021,9,352419
23592,0.032568,172.31.36.0-255,66,209087,9,352419
23593,0.032694,104.244.42.0-255,66,209153,9,352419
23594,0.032699,104.244.42.0-255,66,209219,9,352419
23595,0.032702,104.244.42.0-255,66,209285,9,352419
23596,0.034893,74.125.24.0-255,5738,215023,9,352419
23597,0.0349,172.31.36.0-255,66,215089,9,352419
23598,0.03722,74.125.24.0-255,5738,220827,9,352419
23599,0.037231,172.31.36.0-255,66,220893,9,352419
23600,0.039563,74.125.24.0-255,5738,226631,9,352419
23601,0.03957,172.31.36.0-255,66,226697,9,352419
23602,0.041877,74.125.24.0-255,5738,232435,9,352419
23603,0.041885,172.31.36.0-255,66,232501,9,352419
23604,0.044207,74.125.24.0-255,5738,238239,9,352419
23605,0.044213,172.31.36.0-255,66,238305,9,352419
23606,0.046506,74.125.24.0-255,5738,244043,9,352419
23607,0.046512,172.31.36.0-255,66,244109,9,352419
23608,0.04884,74.125.24.0-255,5738,249847,9,352419
23609,0.048846,172.31.36.0-255,66,249913,9,352419
23610,0.051151,74.125.24.0-255,5738,255651,9,352419
23611,0.051158,172.31.36.0-255,66,255717,9,352419
23612,0.053534,74.125.24.0-255,5738,261455,9,352419
23613,0.053544,172.31.36.0-255,66,261521,9,352419
23614,0.055865,74.125.24.0-255,5738,267259,9,352419
23615,0.055871,172.31.36.0-255,66,267325,9,352419
23616,0.058216,74.125.24.0-255,5738,273063,9,352419
23617,0.058222,172.31.36.0-255,66,273129,9,352419
23618,0.060572,74.125.24.0-255,5738,278867,9,352419
23619,0.060579,172.31.36.0-255,66,278933,9,352419
23620,0.062905,74.125.24.0-255,5738,284671,9,352419
23621,0.062912,172.31.36.0-255,66,284737,9,352419
23622,0.065224,74.125.24.0-255,5738,290475,9,352419
23623,0.065231,172.31.36.0-255,66,290541,9,352419
23624,0.067534,74.125.24.0-255,5738,296279,9,352419
23625,0.067541,172.31.36.0-255,66,296345,9,352419
23626,0.069873,74.125.24.0-255,5738,302083,9,352419
23627,0.069883,172.31.36.0-255,66,302149,9,352419
23628,0.072204,74.125.24.0-255,5738,307887,9,352419
23629,0.07221,172.31.36.0-255,66,307953,9,352419
23630,0.074536,74.125.24.0-255,5738,313691,9,352419
23631,0.074543,172.31.36.0-255,66,313757,9,352419
23632,0.076886,74.125.24.0-255,5738,319495,9,352419
23633,0.076893,172.31.36.0-255,66,319561,9,352419
23634,0.079219,74.125.24.0-255,5738,325299,9,352419
23635,0.079225,172.31.36.0-255,66,325365,9,352419
23636,0.081555,74.125.24.0-255,4320,329685,9,352419
23637,0.081561,172.31.36.0-255,66,329751,9,352419
23638,0.081588,74.125.24.0-255,1484,331235,9,352419
23639,0.083893,74.125.24.0-255,2902,334137,9,352419
23640,0.083899,172.31.36.0-255,66,334203,9,352419
23641,0.086245,74.125.24.0-255,5738,339941,9,352419
23642,0.086255,172.31.36.0-255,66,340007,9,352419
23643,0.088585,74.125.24.0-255,5738,345745,9,352419
23644,0.08859,172.31.36.0-255,66,345811,9,352419
23645,0.090924,74.125.24.0-255,5738,351549,9,352419
23646,0.09093,172.31.36.0-255,66,351615,9,352419
23647,0.093226,74.125.24.0-255,567,352182,9,352419
23648,0.093343,172.31.36.0-255,66,352248,9,352419
23649,0.093376,172.31.36.0-255,105,352353,9,352419
23650,0.095656,74.125.24.0-255,66,352419,9,352419
23651,0.0,172.31.36.0-255,172,172,9,11794
23652,3.3e-05,172.31.36.0-255,1140,1312,9,11794
23653,0.000119,172.31.36.0-255,1514,2826,9,11794
23654,0.000121,172.31.36.0-255,1514,4340,9,11794
23655,0.000126,172.31.36.0-255,1514,5854,9,11794
23656,0.000127,172.31.36.0-255,1514,7368,9,11794
23657,0.000149,172.31.36.0-255,1514,8882,9,11794
23658,0.00015,172.31.36.0-255,1514,10396,9,11794
23659,0.000172,172.31.36.0-255,1134,11530,9,11794
23660,0.001549,104.244.42.0-255,66,11596,9,11794
23661,0.001587,104.244.42.0-255,66,11662,9,11794
23662,0.001695,104.244.42.0-255,66,11728,9,11794
23663,0.001702,104.244.42.0-255,66,11794,9,11794
23664,0.0,74.125.24.0-255,146,146,9,317835
23665,3.7e-05,172.31.36.0-255,66,212,9,317835
23666,4.5e-05,74.125.24.0-255,1484,1696,9,317835
23667,4.9e-05,172.31.36.0-255,66,1762,9,317835
23668,5.4e-05,74.125.24.0-255,2902,4664,9,317835
23669,6.5e-05,172.31.36.0-255,66,4730,9,317835
23670,7.2e-05,74.125.24.0-255,7156,11886,9,317835
23671,7.5e-05,172.31.36.0-255,66,11952,9,317835
23672,7.8e-05,74.125.24.0-255,2038,13990,9,317835
23673,8.1e-05,172.31.36.0-255,66,14056,9,317835
23674,0.000156,74.125.24.0-255,1484,15540,9,317835
23675,0.00016,172.31.36.0-255,66,15606,9,317835
23676,0.000172,74.125.24.0-255,1484,17090,9,317835
23677,0.000181,172.31.36.0-255,66,17156,9,317835
23678,0.000205,74.125.24.0-255,1484,18640,9,317835
23679,0.000208,172.31.36.0-255,66,18706,9,317835
23680,0.000215,74.125.24.0-255,5738,24444,9,317835
23681,0.000217,172.31.36.0-255,66,24510,9,317835
23682,0.000226,74.125.24.0-255,6797,31307,9,317835
23683,0.000229,172.31.36.0-255,66,31373,9,317835
23684,0.000479,74.125.24.0-255,1484,32857,9,317835
23685,0.000484,172.31.36.0-255,66,32923,9,317835
23686,0.00049,74.125.24.0-255,2902,35825,9,317835
23687,0.000494,172.31.36.0-255,66,35891,9,317835
23688,0.000506,74.125.24.0-255,5738,41629,9,317835
23689,0.000511,172.31.36.0-255,66,41695,9,317835
23690,0.000556,74.125.24.0-255,2902,44597,9,317835
23691,0.00056,172.31.36.0-255,66,44663,9,317835
23692,0.000589,74.125.24.0-255,3961,48624,9,317835
23693,0.000592,172.31.36.0-255,66,48690,9,317835
23694,0.000633,74.125.24.0-255,1484,50174,9,317835
23695,0.000637,172.31.36.0-255,66,50240,9,317835
23696,0.000641,74.125.24.0-255,2902,53142,9,317835
23697,0.000645,172.31.36.0-255,66,53208,9,317835
23698,0.000647,74.125.24.0-255,5738,58946,9,317835
23699,0.000649,172.31.36.0-255,66,59012,9,317835
23700,0.000689,74.125.24.0-255,5738,64750,9,317835
23701,0.000693,172.31.36.0-255,66,64816,9,317835
23702,0.000718,74.125.24.0-255,1457,66273,9,317835
23703,0.000721,172.31.36.0-255,66,66339,9,317835
23704,0.000837,74.125.24.0-255,110,66449,9,317835
23705,0.000841,172.31.36.0-255,66,66515,9,317835
23706,0.000956,74.125.24.0-255,1484,67999,9,317835
23707,0.00096,172.31.36.0-255,66,68065,9,317835
23708,0.000968,74.125.24.0-255,2902,70967,9,317835
23709,0.000971,172.31.36.0-255,66,71033,9,317835
23710,0.00098,74.125.24.0-255,2902,73935,9,317835
23711,0.000983,172.31.36.0-255,66,74001,9,317835
23712,0.001012,74.125.24.0-255,2902,76903,9,317835
23713,0.001015,172.31.36.0-255,66,76969,9,317835
23714,0.001029,74.125.24.0-255,6797,83766,9,317835
23715,0.001032,172.31.36.0-255,66,83832,9,317835
23716,0.001046,172.31.36.0-255,66,83898,9,317835
23717,0.00105,74.125.24.0-255,2786,86684,9,317835
23718,0.001052,172.31.36.0-255,66,86750,9,317835
23719,0.002125,74.125.24.0-255,1484,88234,9,317835
23720,0.002132,172.31.36.0-255,66,88300,9,317835
23721,0.00214,74.125.24.0-255,2902,91202,9,317835
23722,0.002141,172.31.36.0-255,66,91268,9,317835
23723,0.002144,74.125.24.0-255,1484,92752,9,317835
23724,0.002146,172.31.36.0-255,66,92818,9,317835
23725,0.002181,74.125.24.0-255,4320,97138,9,317835
23726,0.002183,172.31.36.0-255,66,97204,9,317835
23727,0.002191,74.125.24.0-255,7156,104360,9,317835
23728,0.002194,172.31.36.0-255,66,104426,9,317835
23729,0.002269,74.125.24.0-255,3602,108028,9,317835
23730,0.004994,172.31.36.0-255,66,108094,9,317835
23731,0.007637,74.125.24.0-255,5738,113832,9,317835
23732,0.007644,172.31.36.0-255,66,113898,9,317835
23733,0.010279,74.125.24.0-255,5738,119636,9,317835
23734,0.010289,172.31.36.0-255,66,119702,9,317835
23735,0.012953,74.125.24.0-255,5738,125440,9,317835
23736,0.012961,172.31.36.0-255,66,125506,9,317835
23737,0.015599,74.125.24.0-255,5738,131244,9,317835
23738,0.015614,172.31.36.0-255,66,131310,9,317835
23739,0.018271,74.125.24.0-255,5738,137048,9,317835
23740,0.018284,172.31.36.0-255,66,137114,9,317835
23741,0.02089,74.125.24.0-255,5738,142852,9,317835
23742,0.020898,172.31.36.0-255,66,142918,9,317835
23743,0.023575,74.125.24.0-255,5738,148656,9,317835
23744,0.023584,172.31.36.0-255,66,148722,9,317835
23745,0.026255,74.125.24.0-255,5738,154460,9,317835
23746,0.02627,172.31.36.0-255,66,154526,9,317835
23747,0.028909,74.125.24.0-255,5738,160264,9,317835
23748,0.028918,172.31.36.0-255,66,160330,9,317835
23749,0.031608,74.125.24.0-255,5738,166068,9,317835
23750,0.031619,172.31.36.0-255,66,166134,9,317835
23751,0.033619,172.31.36.0-255,171,166305,9,317835
23752,0.033649,172.31.36.0-255,1140,167445,9,317835
23753,0.033698,172.31.36.0-255,1514,168959,9,317835
23754,0.0337,172.31.36.0-255,1514,170473,9,317835
23755,0.033705,172.31.36.0-255,1514,171987,9,317835
23756,0.033707,172.31.36.0-255,1514,173501,9,317835
23757,0.033725,172.31.36.0-255,322,173823,9,317835
23758,0.034289,74.125.24.0-255,5738,179561,9,317835
23759,0.034296,172.31.36.0-255,66,179627,9,317835
23760,0.035167,104.244.42.0-255,66,179693,9,317835
23761,0.035196,104.244.42.0-255,66,179759,9,317835
23762,0.035252,104.244.42.0-255,66,179825,9,317835
23763,0.035257,104.244.42.0-255,66,179891,9,317835
23764,0.036938,74.125.24.0-255,5738,185629,9,317835
23765,0.036945,172.31.36.0-255,66,185695,9,317835
23766,0.039594,74.125.24.0-255,5738,191433,9,317835
23767,0.039615,172.31.36.0-255,66,191499,9,317835
23768,0.042236,74.125.24.0-255,5738,197237,9,317835
23769,0.042242,172.31.36.0-255,66,197303,9,317835
23770,0.044943,74.125.24.0-255,5738,203041,9,317835
23771,0.044949,172.31.36.0-255,66,203107,9,317835
23772,0.047576,74.125.24.0-255,5738,208845,9,317835
23773,0.047581,172.31.36.0-255,66,208911,9,317835
23774,0.050263,74.125.24.0-255,4320,213231,9,317835
23775,0.050269,172.31.36.0-255,66,213297,9,317835
23776,0.050301,74.125.24.0-255,1484,214781,9,317835
23777,0.052909,74.125.24.0-255,4320,219101,9,317835
23778,0.052915,172.31.36.0-255,66,219167,9,317835
23779,0.055583,74.125.24.0-255,5738,224905,9,317835
23780,0.05596,172.31.36.0-255,66,224971,9,317835
23781,0.058585,74.125.24.0-255,5738,230709,9,317835
23782,0.058593,172.31.36.0-255,66,230775,9,317835
23783,0.061252,74.125.24.0-255,5738,236513,9,317835
23784,0.061258,172.31.36.0-255,66,236579,9,317835
23785,0.063923,74.125.24.0-255,5738,242317,9,317835
23786,0.063928,172.31.36.0-255,66,242383,9,317835
23787,0.066522,74.125.24.0-255,5738,248121,9,317835
23788,0.066527,172.31.36.0-255,66,248187,9,317835
23789,0.069181,74.125.24.0-255,5738,253925,9,317835
23790,0.069187,172.31.36.0-255,66,253991,9,317835
23791,0.071835,74.125.24.0-255,5738,259729,9,317835
23792,0.07184,172.31.36.0-255,66,259795,9,317835
23793,0.07448,74.125.24.0-255,5738,265533,9,317835
23794,0.074485,172.31.36.0-255,66,265599,9,317835
23795,0.077124,74.125.24.0-255,5738,271337,9,317835
23796,0.07713,172.31.36.0-255,66,271403,9,317835
23797,0.079775,74.125.24.0-255,5738,277141,9,317835
23798,0.079782,172.31.36.0-255,66,277207,9,317835
23799,0.082398,74.125.24.0-255,5738,282945,9,317835
23800,0.082404,172.31.36.0-255,66,283011,9,317835
23801,0.085053,74.125.24.0-255,5738,288749,9,317835
23802,0.085059,172.31.36.0-255,66,288815,9,317835
23803,0.087672,74.125.24.0-255,5738,294553,9,317835
23804,0.087677,172.31.36.0-255,66,294619,9,317835
23805,0.090362,74.125.24.0-255,5738,300357,9,317835
23806,0.090367,172.31.36.0-255,66,300423,9,317835
23807,0.092991,74.125.24.0-255,5738,306161,9,317835
23808,0.092996,172.31.36.0-255,66,306227,9,317835
23809,0.095601,74.125.24.0-255,5738,311965,9,317835
23810,0.095621,172.31.36.0-255,66,312031,9,317835
23811,0.098257,74.125.24.0-255,5738,317769,9,317835
23812,0.098262,172.31.36.0-255,66,317835,9,317835
23813,0.0,74.125.200.0-255,289,289,9,357866
23814,2.3e-05,172.31.36.0-255,66,355,9,357866
23815,3.1e-05,74.125.200.0-255,1484,1839,9,357866
23816,3.5e-05,172.31.36.0-255,66,1905,9,357866
23817,3.8e-05,74.125.200.0-255,1484,3389,9,357866
23818,4.1e-05,172.31.36.0-255,66,3455,9,357866
23819,4.7e-05,74.125.200.0-255,2902,6357,9,357866
23820,5e-05,172.31.36.0-255,66,6423,9,357866
23821,6.9e-05,74.125.200.0-255,2902,9325,9,357866
23822,7.2e-05,172.31.36.0-255,66,9391,9,357866
23823,9.6e-05,74.125.200.0-255,4320,13711,9,357866
23824,9.9e-05,172.31.36.0-255,66,13777,9,357866
23825,0.000102,74.125.200.0-255,443,14220,9,357866
23826,0.000104,172.31.36.0-255,66,14286,9,357866
23827,0.000278,74.125.200.0-255,1484,15770,9,357866
23828,0.000283,172.31.36.0-255,66,15836,9,357866
23829,0.00029,74.125.200.0-255,2902,18738,9,357866
23830,0.000292,172.31.36.0-255,66,18804,9,357866
23831,0.000316,74.125.200.0-255,5738,24542,9,357866
23832,0.000318,172.31.36.0-255,66,24608,9,357866
23833,0.000321,74.125.200.0-255,1484,26092,9,357866
23834,0.000324,172.31.36.0-255,66,26158,9,357866
23835,0.000349,74.125.200.0-255,2902,29060,9,357866
23836,0.000352,172.31.36.0-255,66,29126,9,357866
23837,0.000391,74.125.200.0-255,2543,31669,9,357866
23838,0.000394,172.31.36.0-255,66,31735,9,357866
23839,0.000409,74.125.200.0-255,2902,34637,9,357866
23840,0.000412,172.31.36.0-255,66,34703,9,357866
23841,0.000437,74.125.200.0-255,4320,39023,9,357866
23842,0.00044,172.31.36.0-255,66,39089,9,357866
23843,0.000447,74.125.200.0-255,5738,44827,9,357866
23844,0.000449,172.31.36.0-255,66,44893,9,357866
23845,0.00048,172.31.36.0-255,66,44959,9,357866
23846,0.000496,74.125.200.0-255,1484,46443,9,357866
23847,0.000501,74.125.200.0-255,2902,49345,9,357866
23848,0.000504,172.31.36.0-255,66,49411,9,357866
23849,0.000538,74.125.200.0-255,6438,55849,9,357866
23850,0.000541,172.31.36.0-255,66,55915,9,357866
23851,0.000552,74.125.200.0-255,648,56563,9,357866
23852,0.000626,74.125.200.0-255,1484,58047,9,357866
23853,0.00063,172.31.36.0-255,66,58113,9,357866
23854,0.000634,74.125.200.0-255,1484,59597,9,357866
23855,0.00065,74.125.200.0-255,1484,61081,9,357866
23856,0.000652,172.31.36.0-255,66,61147,9,357866
23857,0.000659,74.125.200.0-255,5738,66885,9,357866
23858,0.000662,172.31.36.0-255,66,66951,9,357866
23859,0.000675,74.125.200.0-255,1484,68435,9,357866
23860,0.0007,74.125.200.0-255,7156,75591,9,357866
23861,0.000731,74.125.200.0-255,7156,82747,9,357866
23862,0.000736,172.31.36.0-255,66,82813,9,357866
23863,0.000739,172.31.36.0-255,66,82879,9,357866
23864,0.000749,74.125.200.0-255,2902,85781,9,357866
23865,0.000756,74.125.200.0-255,5020,90801,9,357866
23866,0.000759,172.31.36.0-255,66,90867,9,357866
23867,0.000767,172.31.36.0-255,66,90933,9,357866
23868,0.000791,74.125.200.0-255,1484,92417,9,357866
23869,0.000805,74.125.200.0-255,2902,95319,9,357866
23870,0.00081,172.31.36.0-255,66,95385,9,357866
23871,0.000833,74.125.200.0-255,5738,101123,9,357866
23872,0.000836,172.31.36.0-255,66,101189,9,357866
23873,0.00084,74.125.200.0-255,2902,104091,9,357866
23874,0.000842,172.31.36.0-255,66,104157,9,357866
23875,0.000854,74.125.200.0-255,1484,105641,9,357866
23876,0.000881,172.31.36.0-255,66,105707,9,357866
23877,0.000894,172.31.36.0-255,66,105773,9,357866
23878,0.000921,74.125.200.0-255,215,105988,9,357866
23879,0.001029,74.125.200.0-255,1484,107472,9,357866
23880,0.001034,172.31.36.0-255,66,107538,9,357866
23881,0.001038,74.125.200.0-255,1484,109022,9,357866
23882,0.001054,74.125.200.0-255,1484,110506,9,357866
23883,0.001056,172.31.36.0-255,66,110572,9,357866
23884,0.001062,74.125.200.0-255,5738,116310,9,357866
23885,0.001064,172.31.36.0-255,66,116376,9,357866
23886,0.001089,74.125.200.0-255,5738,122114,9,357866
23887,0.001092,172.31.36.0-255,66,122180,9,357866
23888,0.00112,74.125.200.0-255,5738,127918,9,357866
23889,0.001122,172.31.36.0-255,66,127984,9,357866
23890,0.001136,172.31.36.0-255,66,128050,9,357866
23891,0.00147,74.125.200.0-255,1484,129534,9,357866
23892,0.001477,74.125.200.0-255,2902,132436,9,357866
23893,0.001482,172.31.36.0-255,66,132502,9,357866
23894,0.001487,74.125.200.0-255,1484,133986,9,357866
23895,0.00149,74.125.200.0-255,1484,135470,9,357866
23896,0.001492,172.31.36.0-255,66,135536,9,357866
23897,0.001512,74.125.200.0-255,1484,137020,9,357866
23898,0.001518,74.125.200.0-255,5738,142758,9,357866
23899,0.00152,172.31.36.0-255,66,142824,9,357866
23900,0.001553,74.125.200.0-255,5738,148562,9,357866
23901,0.001556,172.31.36.0-255,66,148628,9,357866
23902,0.001577,74.125.200.0-255,5738,154366,9,357866
23903,0.00158,172.31.36.0-255,66,154432,9,357866
23904,0.001603,172.31.36.0-255,66,154498,9,357866
23905,0.001633,172.31.36.0-255,66,154564,9,357866
23906,0.001638,74.125.200.0-255,2902,157466,9,357866
23907,0.00164,172.31.36.0-255,66,157532,9,357866
23908,0.001662,74.125.200.0-255,7156,164688,9,357866
23909,0.001664,172.31.36.0-255,66,164754,9,357866
23910,0.00167,74.125.200.0-255,4320,169074,9,357866
23911,0.001673,172.31.36.0-255,66,169140,9,357866
23912,0.001703,74.125.200.0-255,7156,176296,9,357866
23913,0.001707,172.31.36.0-255,66,176362,9,357866
23914,0.001712,74.125.200.0-255,3602,179964,9,357866
23915,0.001714,172.31.36.0-255,66,180030,9,357866
23916,0.001798,74.125.200.0-255,1484,181514,9,357866
23917,0.001815,74.125.200.0-255,2902,184416,9,357866
23918,0.001818,172.31.36.0-255,66,184482,9,357866
23919,0.001823,74.125.200.0-255,2902,187384,9,357866
23920,0.001826,172.31.36.0-255,66,187450,9,357866
23921,0.001844,74.125.200.0-255,2902,190352,9,357866
23922,0.001847,172.31.36.0-255,66,190418,9,357866
23923,0.001858,74.125.200.0-255,4320,194738,9,357866
23924,0.00186,172.31.36.0-255,66,194804,9,357866
23925,0.001867,74.125.200.0-255,5738,200542,9,357866
23926,0.001869,172.31.36.0-255,66,200608,9,357866
23927,0.001888,74.125.200.0-255,1484,202092,9,357866
23928,0.00191,172.31.36.0-255,66,202158,9,357866
23929,0.001915,74.125.200.0-255,2184,204342,9,357866
23930,0.001917,172.31.36.0-255,66,204408,9,357866
23931,0.001961,74.125.200.0-255,1484,205892,9,357866
23932,0.001965,74.125.200.0-255,1484,207376,9,357866
23933,0.001967,172.31.36.0-255,66,207442,9,357866
23934,0.001993,74.125.200.0-255,1484,208926,9,357866
23935,0.002,74.125.200.0-255,5738,214664,9,357866
23936,0.002002,172.31.36.0-255,66,214730,9,357866
23937,0.002007,74.125.200.0-255,2902,217632,9,357866
23938,0.002009,172.31.36.0-255,66,217698,9,357866
23939,0.002068,172.31.36.0-255,66,217764,9,357866
23940,0.004083,74.125.200.0-255,5738,223502,9,357866
23941,0.004092,172.31.36.0-255,66,223568,9,357866
23942,0.006127,74.125.200.0-255,5738,229306,9,357866
23943,0.006136,172.31.36.0-255,66,229372,9,357866
23944,0.008193,74.125.200.0-255,5738,235110,9,357866
23945,0.008224,172.31.36.0-255,66,235176,9,357866
23946,0.010262,74.125.200.0-255,5738,240914,9,357866
23947,0.01027,172.31.36.0-255,66,240980,9,357866
23948,0.012289,74.125.200.0-255,5738,246718,9,357866
23949,0.012296,172.31.36.0-255,66,246784,9,357866
23950,0.014319,74.125.200.0-255,5738,252522,9,357866
23951,0.014327,172.31.36.0-255,66,252588,9,357866
23952,0.01636,74.125.200.0-255,5738,258326,9,357866
23953,0.016369,172.31.36.0-255,66,258392,9,357866
23954,0.018392,74.125.200.0-255,5738,264130,9,357866
23955,0.018399,172.31.36.0-255,66,264196,9,357866
23956,0.020424,74.125.200.0-255,5738,269934,9,357866
23957,0.020435,172.31.36.0-255,66,270000,9,357866
23958,0.022467,74.125.200.0-255,5738,275738,9,357866
23959,0.022477,172.31.36.0-255,66,275804,9,357866
23960,0.024496,74.125.200.0-255,5738,281542,9,357866
23961,0.024504,172.31.36.0-255,66,281608,9,357866
23962,0.026518,74.125.200.0-255,5738,287346,9,357866
23963,0.026526,172.31.36.0-255,66,287412,9,357866
23964,0.028547,74.125.200.0-255,5738,293150,9,357866
23965,0.028554,172.31.36.0-255,66,293216,9,357866
23966,0.030586,74.125.200.0-255,5738,298954,9,357866
23967,0.030593,172.31.36.0-255,66,299020,9,357866
23968,0.032609,74.125.200.0-255,5738,304758,9,357866
23969,0.032616,172.31.36.0-255,66,304824,9,357866
23970,0.034633,74.125.200.0-255,5738,310562,9,357866
23971,0.034638,172.31.36.0-255,66,310628,9,357866
23972,0.036657,74.125.200.0-255,5738,316366,9,357866
23973,0.036665,172.31.36.0-255,66,316432,9,357866
23974,0.038696,74.125.200.0-255,5738,322170,9,357866
23975,0.038703,172.31.36.0-255,66,322236,9,357866
23976,0.040724,74.125.200.0-255,5738,327974,9,357866
23977,0.040732,172.31.36.0-255,66,328040,9,357866
23978,0.042747,74.125.200.0-255,5738,333778,9,357866
23979,0.04276,172.31.36.0-255,66,333844,9,357866
23980,0.044779,74.125.200.0-255,5738,339582,9,357866
23981,0.044786,172.31.36.0-255,66,339648,9,357866
23982,0.046045,172.31.36.0-255,167,339815,9,357866
23983,0.046086,172.31.36.0-255,1115,340930,9,357866
23984,0.046164,172.31.36.0-255,1514,342444,9,357866
23985,0.046166,172.31.36.0-255,1514,343958,9,357866
23986,0.046172,172.31.36.0-255,1514,345472,9,357866
23987,0.046173,172.31.36.0-255,1514,346986,9,357866
23988,0.046192,172.31.36.0-255,1488,348474,9,357866
23989,0.046805,74.125.200.0-255,5738,354212,9,357866
23990,0.046812,172.31.36.0-255,66,354278,9,357866
23991,0.047606,104.244.42.0-255,66,354344,9,357866
23992,0.047659,104.244.42.0-255,66,354410,9,357866
23993,0.047702,104.244.42.0-255,66,354476,9,357866
23994,0.047759,104.244.42.0-255,66,354542,9,357866
23995,0.048828,74.125.200.0-255,3087,357629,9,357866
23996,0.048836,172.31.36.0-255,66,357695,9,357866
23997,0.049011,172.31.36.0-255,105,357800,9,357866
23998,0.050985,74.125.200.0-255,66,357866,9,357866
23999,0.0,74.125.68.0-255,150,150,9,363333
24000,2.6e-05,172.31.36.0-255,66,216,9,363333
24001,3.3e-05,74.125.68.0-255,1484,1700,9,363333
24002,3.7e-05,172.31.36.0-255,66,1766,9,363333
24003,4.2e-05,74.125.68.0-255,2902,4668,9,363333
24004,4.4e-05,172.31.36.0-255,66,4734,9,363333
24005,6e-05,74.125.68.0-255,7156,11890,9,363333
24006,6.3e-05,172.31.36.0-255,66,11956,9,363333
24007,6.8e-05,74.125.68.0-255,2002,13958,9,363333
24008,7e-05,172.31.36.0-255,66,14024,9,363333
24009,7.4e-05,74.125.68.0-255,2902,16926,9,363333
24010,7.7e-05,172.31.36.0-255,66,16992,9,363333
24011,0.000114,74.125.68.0-255,7156,24148,9,363333
24012,0.000118,172.31.36.0-255,66,24214,9,363333
24013,0.000123,74.125.68.0-255,2902,27116,9,363333
24014,0.000125,172.31.36.0-255,66,27182,9,363333
24015,0.000168,74.125.68.0-255,3961,31143,9,363333
24016,0.000173,172.31.36.0-255,66,31209,9,363333
24017,0.000229,74.125.68.0-255,1484,32693,9,363333
24018,0.000233,172.31.36.0-255,66,32759,9,363333
24019,0.000238,74.125.68.0-255,2902,35661,9,363333
24020,0.000241,172.31.36.0-255,66,35727,9,363333
24021,0.000303,74.125.68.0-255,5738,41465,9,363333
24022,0.000307,172.31.36.0-255,66,41531,9,363333
24023,0.000311,74.125.68.0-255,2902,44433,9,363333
24024,0.000314,172.31.36.0-255,66,44499,9,363333
24025,0.000326,172.31.36.0-255,66,44565,9,363333
24026,0.000332,74.125.68.0-255,4320,48885,9,363333
24027,0.000334,172.31.36.0-255,66,48951,9,363333
24028,0.00038,74.125.68.0-255,5379,54330,9,363333
24029,0.000384,172.31.36.0-255,66,54396,9,363333
24030,0.00073,74.125.68.0-255,647,55043,9,363333
24031,0.000767,74.125.68.0-255,1484,56527,9,363333
24032,0.000771,172.31.36.0-255,66,56593,9,363333
24033,0.000799,74.125.68.0-255,2902,59495,9,363333
24034,0.000803,172.31.36.0-255,66,59561,9,363333
24035,0.00081,74.125.68.0-255,5738,65299,9,363333
24036,0.000812,172.31.36.0-255,66,65365,9,363333
24037,0.000845,172.31.36.0-255,66,65431,9,363333
24038,0.000852,74.125.68.0-255,7156,72587,9,363333
24039,0.000854,172.31.36.0-255,66,72653,9,363333
24040,0.000889,74.125.68.0-255,2902,75555,9,363333
24041,0.000894,172.31.36.0-255,66,75621,9,363333
24042,0.000895,74.125.68.0-255,5020,80641,9,363333
24043,0.000898,172.31.36.0-255,66,80707,9,363333
24044,0.001437,74.125.68.0-255,1484,82191,9,363333
24045,0.001448,74.125.68.0-255,2902,85093,9,363333
24046,0.001452,172.31.36.0-255,66,85159,9,363333
24047,0.001484,74.125.68.0-255,5738,90897,9,363333
24048,0.001487,172.31.36.0-255,66,90963,9,363333
24049,0.001494,74.125.68.0-255,5738,96701,9,363333
24050,0.001496,172.31.36.0-255,66,96767,9,363333
24051,0.001517,74.125.68.0-255,1484,98251,9,363333
24052,0.001522,74.125.68.0-255,2902,101153,9,363333
24053,0.001525,172.31.36.0-255,66,101219,9,363333
24054,0.001557,74.125.68.0-255,5738,106957,9,363333
24055,0.00156,172.31.36.0-255,66,107023,9,363333
24056,0.001584,74.125.68.0-255,2902,109925,9,363333
24057,0.001587,172.31.36.0-255,66,109991,9,363333
24058,0.00161,74.125.68.0-255,5020,115011,9,363333
24059,0.001612,172.31.36.0-255,66,115077,9,363333
24060,0.003856,74.125.68.0-255,5738,120815,9,363333
24061,0.003862,172.31.36.0-255,66,120881,9,363333
24062,0.006096,74.125.68.0-255,5738,126619,9,363333
24063,0.006101,172.31.36.0-255,66,126685,9,363333
24064,0.008343,74.125.68.0-255,5738,132423,9,363333
24065,0.00835,172.31.36.0-255,66,132489,9,363333
24066,0.010611,74.125.68.0-255,5738,138227,9,363333
24067,0.01062,172.31.36.0-255,66,138293,9,363333
24068,0.012865,74.125.68.0-255,5738,144031,9,363333
24069,0.012872,172.31.36.0-255,66,144097,9,363333
24070,0.01513,74.125.68.0-255,5738,149835,9,363333
24071,0.01514,172.31.36.0-255,66,149901,9,363333
24072,0.017389,74.125.68.0-255,5738,155639,9,363333
24073,0.017397,172.31.36.0-255,66,155705,9,363333
24074,0.019645,74.125.68.0-255,5738,161443,9,363333
24075,0.019651,172.31.36.0-255,66,161509,9,363333
24076,0.021888,74.125.68.0-255,5738,167247,9,363333
24077,0.021895,172.31.36.0-255,66,167313,9,363333
24078,0.024128,74.125.68.0-255,5738,173051,9,363333
24079,0.024135,172.31.36.0-255,66,173117,9,363333
24080,0.026385,74.125.68.0-255,5738,178855,9,363333
24081,0.026392,172.31.36.0-255,66,178921,9,363333
24082,0.028639,74.125.68.0-255,5738,184659,9,363333
24083,0.028647,172.31.36.0-255,66,184725,9,363333
24084,0.030884,74.125.68.0-255,5738,190463,9,363333
24085,0.030891,172.31.36.0-255,66,190529,9,363333
24086,0.031484,172.31.36.0-255,172,190701,9,363333
24087,0.031515,172.31.36.0-255,1115,191816,9,363333
24088,0.031546,172.31.36.0-255,561,192377,9,363333
24089,0.033014,104.244.42.0-255,66,192443,9,363333
24090,0.033075,104.244.42.0-255,66,192509,9,363333
24091,0.033079,104.244.42.0-255,66,192575,9,363333
24092,0.033174,74.125.68.0-255,5738,198313,9,363333
24093,0.03318,172.31.36.0-255,66,198379,9,363333
24094,0.035416,74.125.68.0-255,4320,202699,9,363333
24095,0.035422,172.31.36.0-255,66,202765,9,363333
24096,0.035456,74.125.68.0-255,1484,204249,9,363333
24097,0.037688,74.125.68.0-255,4320,208569,9,363333
24098,0.037694,172.31.36.0-255,66,208635,9,363333
24099,0.03994,74.125.68.0-255,5738,214373,9,363333
24100,0.039945,172.31.36.0-255,66,214439,9,363333
24101,0.042207,74.125.68.0-255,5738,220177,9,363333
24102,0.042213,172.31.36.0-255,66,220243,9,363333
24103,0.044447,74.125.68.0-255,4320,224563,9,363333
24104,0.044452,172.31.36.0-255,66,224629,9,363333
24105,0.044489,74.125.68.0-255,1484,226113,9,363333
24106,0.046685,74.125.68.0-255,4320,230433,9,363333
24107,0.046691,172.31.36.0-255,66,230499,9,363333
24108,0.048943,74.125.68.0-255,4320,234819,9,363333
24109,0.048949,172.31.36.0-255,66,234885,9,363333
24110,0.048975,74.125.68.0-255,1484,236369,9,363333
24111,0.051169,74.125.68.0-255,4320,240689,9,363333
24112,0.051174,172.31.36.0-255,66,240755,9,363333
24113,0.053414,74.125.68.0-255,5738,246493,9,363333
24114,0.05342,172.31.36.0-255,66,246559,9,363333
24115,0.055666,74.125.68.0-255,4320,250879,9,363333
24116,0.055672,172.31.36.0-255,66,250945,9,363333
24117,0.055708,74.125.68.0-255,1484,252429,9,363333
24118,0.05792,74.125.68.0-255,4320,256749,9,363333
24119,0.057925,172.31.36.0-255,66,256815,9,363333
24120,0.060158,74.125.68.0-255,5738,262553,9,363333
24121,0.060164,172.31.36.0-255,66,262619,9,363333
24122,0.0624,74.125.68.0-255,5738,268357,9,363333
24123,0.062405,172.31.36.0-255,66,268423,9,363333
24124,0.064642,74.125.68.0-255,5738,274161,9,363333
24125,0.064647,172.31.36.0-255,66,274227,9,363333
24126,0.066881,74.125.68.0-255,2902,277129,9,363333
24127,0.066886,172.31.36.0-255,66,277195,9,363333
24128,0.066924,74.125.68.0-255,2902,280097,9,363333
24129,0.066927,172.31.36.0-255,66,280163,9,363333
24130,0.069126,74.125.68.0-255,2902,283065,9,363333
24131,0.069131,172.31.36.0-255,66,283131,9,363333
24132,0.069164,74.125.68.0-255,2902,286033,9,363333
24133,0.069168,172.31.36.0-255,66,286099,9,363333
24134,0.071382,74.125.68.0-255,2902,289001,9,363333
24135,0.071387,172.31.36.0-255,66,289067,9,363333
24136,0.071425,74.125.68.0-255,2902,291969,9,363333
24137,0.071428,172.31.36.0-255,66,292035,9,363333
24138,0.073615,74.125.68.0-255,2902,294937,9,363333
24139,0.073621,172.31.36.0-255,66,295003,9,363333
24140,0.073657,74.125.68.0-255,2902,297905,9,363333
24141,0.07366,172.31.36.0-255,66,297971,9,363333
24142,0.075844,74.125.68.0-255,2902,300873,9,363333
24143,0.07585,172.31.36.0-255,66,300939,9,363333
24144,0.075884,74.125.68.0-255,2902,303841,9,363333
24145,0.075886,172.31.36.0-255,66,303907,9,363333
24146,0.078093,74.125.68.0-255,2902,306809,9,363333
24147,0.078098,172.31.36.0-255,66,306875,9,363333
24148,0.078135,74.125.68.0-255,2902,309777,9,363333
24149,0.078138,172.31.36.0-255,66,309843,9,363333
24150,0.080358,74.125.68.0-255,2902,312745,9,363333
24151,0.080364,172.31.36.0-255,66,312811,9,363333
24152,0.0804,74.125.68.0-255,2902,315713,9,363333
24153,0.080403,172.31.36.0-255,66,315779,9,363333
24154,0.082599,74.125.68.0-255,2902,318681,9,363333
24155,0.082605,172.31.36.0-255,66,318747,9,363333
24156,0.082637,74.125.68.0-255,2902,321649,9,363333
24157,0.08264,172.31.36.0-255,66,321715,9,363333
24158,0.084841,74.125.68.0-255,2902,324617,9,363333
24159,0.084846,172.31.36.0-255,66,324683,9,363333
24160,0.084882,74.125.68.0-255,2902,327585,9,363333
24161,0.084885,172.31.36.0-255,66,327651,9,363333
24162,0.087096,74.125.68.0-255,2902,330553,9,363333
24163,0.087102,172.31.36.0-255,66,330619,9,363333
24164,0.087122,74.125.68.0-255,2902,333521,9,363333
24165,0.087125,172.31.36.0-255,66,333587,9,363333
24166,0.089337,74.125.68.0-255,2902,336489,9,363333
24167,0.089343,172.31.36.0-255,66,336555,9,363333
24168,0.089379,74.125.68.0-255,2902,339457,9,363333
24169,0.089382,172.31.36.0-255,66,339523,9,363333
24170,0.09157,74.125.68.0-255,2902,342425,9,363333
24171,0.091576,172.31.36.0-255,66,342491,9,363333
24172,0.091606,74.125.68.0-255,2902,345393,9,363333
24173,0.091609,172.31.36.0-255,66,345459,9,363333
24174,0.093816,74.125.68.0-255,2902,348361,9,363333
24175,0.093821,172.31.36.0-255,66,348427,9,363333
24176,0.093857,74.125.68.0-255,2902,351329,9,363333
24177,0.09386,172.31.36.0-255,66,351395,9,363333
24178,0.096038,74.125.68.0-255,1484,352879,9,363333
24179,0.096074,74.125.68.0-255,1484,354363,9,363333
24180,0.096079,172.31.36.0-255,66,354429,9,363333
24181,0.096106,74.125.68.0-255,2902,357331,9,363333
24182,0.09611,172.31.36.0-255,66,357397,9,363333
24183,0.098305,74.125.68.0-255,2902,360299,9,363333
24184,0.09831,172.31.36.0-255,66,360365,9,363333
24185,0.098348,74.125.68.0-255,2902,363267,9,363333
24186,0.098352,172.31.36.0-255,66,363333,9,363333
24187,0.0,74.125.24.0-255,153,153,9,334779
24188,3e-05,172.31.36.0-255,66,219,9,334779
24189,3.7e-05,74.125.24.0-255,1484,1703,9,334779
24190,4.2e-05,172.31.36.0-255,66,1769,9,334779
24191,4.7e-05,74.125.24.0-255,2902,4671,9,334779
24192,5e-05,172.31.36.0-255,66,4737,9,334779
24193,5.3e-05,74.125.24.0-255,1484,6221,9,334779
24194,5.6e-05,172.31.36.0-255,66,6287,9,334779
24195,8.4e-05,74.125.24.0-255,4320,10607,9,334779
24196,8.9e-05,172.31.36.0-255,66,10673,9,334779
24197,9.8e-05,74.125.24.0-255,3457,14130,9,334779
24198,0.000101,172.31.36.0-255,66,14196,9,334779
24199,0.000149,74.125.24.0-255,4320,18516,9,334779
24200,0.000153,172.31.36.0-255,66,18582,9,334779
24201,0.000173,74.125.24.0-255,4320,22902,9,334779
24202,0.000177,172.31.36.0-255,66,22968,9,334779
24203,0.000218,172.31.36.0-255,66,23034,9,334779
24204,0.000339,74.125.24.0-255,1484,24518,9,334779
24205,0.000342,74.125.24.0-255,1484,26002,9,334779
24206,0.000344,172.31.36.0-255,66,26068,9,334779
24207,0.000348,172.31.36.0-255,66,26134,9,334779
24208,0.000363,74.125.24.0-255,1484,27618,9,334779
24209,0.000366,172.31.36.0-255,66,27684,9,334779
24210,0.000372,74.125.24.0-255,4320,32004,9,334779
24211,0.000375,172.31.36.0-255,66,32070,9,334779
24212,0.000401,74.125.24.0-255,4320,36390,9,334779
24213,0.000404,172.31.36.0-255,66,36456,9,334779
24214,0.000428,74.125.24.0-255,5379,41835,9,334779
24215,0.000431,172.31.36.0-255,66,41901,9,334779
24216,0.000435,74.125.24.0-255,2902,44803,9,334779
24217,0.000438,172.31.36.0-255,66,44869,9,334779
24218,0.000478,74.125.24.0-255,7156,52025,9,334779
24219,0.000482,172.31.36.0-255,66,52091,9,334779
24220,0.000503,74.125.24.0-255,5379,57470,9,334779
24221,0.000506,172.31.36.0-255,66,57536,9,334779
24222,0.000509,74.125.24.0-255,363,57899,9,334779
24223,0.000534,74.125.24.0-255,125,58024,9,334779
24224,0.000627,74.125.24.0-255,1484,59508,9,334779
24225,0.000631,172.31.36.0-255,66,59574,9,334779
24226,0.000636,74.125.24.0-255,2902,62476,9,334779
24227,0.000638,172.31.36.0-255,66,62542,9,334779
24228,0.000655,74.125.24.0-255,1484,64026,9,334779
24229,0.000674,74.125.24.0-255,4320,68346,9,334779
24230,0.000677,172.31.36.0-255,66,68412,9,334779
24231,0.000701,74.125.24.0-255,1484,69896,9,334779
24232,0.000716,74.125.24.0-255,5379,75275,9,334779
24233,0.000719,172.31.36.0-255,66,75341,9,334779
24234,0.000726,74.125.24.0-255,7156,82497,9,334779
24235,0.000728,172.31.36.0-255,66,82563,9,334779
24236,0.000751,74.125.24.0-255,7156,89719,9,334779
24237,0.000754,172.31.36.0-255,66,89785,9,334779
24238,0.000758,74.125.24.0-255,2543,92328,9,334779
24239,0.00076,172.31.36.0-255,66,92394,9,334779
24240,0.000847,74.125.24.0-255,352,92746,9,334779
24241,0.00113,172.31.36.0-255,66,92812,9,334779
24242,0.001266,74.125.24.0-255,1484,94296,9,334779
24243,0.001276,74.125.24.0-255,2902,97198,9,334779
24244,0.001279,172.31.36.0-255,66,97264,9,334779
24245,0.001287,74.125.24.0-255,5738,103002,9,334779
24246,0.001289,172.31.36.0-255,66,103068,9,334779
24247,0.001343,172.31.36.0-255,66,103134,9,334779
24248,0.001363,74.125.24.0-255,4320,107454,9,334779
24249,0.001367,172.31.36.0-255,66,107520,9,334779
24250,0.001379,172.31.36.0-255,66,107586,9,334779
24251,0.001546,74.125.24.0-255,1484,109070,9,334779
24252,0.001553,74.125.24.0-255,2902,111972,9,334779
24253,0.001557,172.31.36.0-255,66,112038,9,334779
24254,0.001576,74.125.24.0-255,1484,113522,9,334779
24255,0.001587,74.125.24.0-255,1484,115006,9,334779
24256,0.001589,172.31.36.0-255,66,115072,9,334779
24257,0.001608,74.125.24.0-255,2902,117974,9,334779
24258,0.00161,172.31.36.0-255,66,118040,9,334779
24259,0.001622,172.31.36.0-255,66,118106,9,334779
24260,0.001659,172.31.36.0-255,66,118172,9,334779
24261,0.001682,74.125.24.0-255,3602,121774,9,334779
24262,0.001685,172.31.36.0-255,66,121840,9,334779
24263,0.001702,172.31.36.0-255,66,121906,9,334779
24264,0.001709,74.125.24.0-255,6438,128344,9,334779
24265,0.001711,172.31.36.0-255,66,128410,9,334779
24266,0.001833,74.125.24.0-255,1484,129894,9,334779
24267,0.001839,74.125.24.0-255,2902,132796,9,334779
24268,0.001842,172.31.36.0-255,66,132862,9,334779
24269,0.001865,74.125.24.0-255,5738,138600,9,334779
24270,0.001868,172.31.36.0-255,66,138666,9,334779
24271,0.00188,74.125.24.0-255,2902,141568,9,334779
24272,0.0019,172.31.36.0-255,66,141634,9,334779
24273,0.001925,172.31.36.0-255,66,141700,9,334779
24274,0.001931,74.125.24.0-255,5738,147438,9,334779
24275,0.001933,172.31.36.0-255,66,147504,9,334779
24276,0.001947,74.125.24.0-255,1484,148988,9,334779
24277,0.001953,74.125.24.0-255,3602,152590,9,334779
24278,0.001955,172.31.36.0-255,66,152656,9,334779
24279,0.002181,74.125.24.0-255,1484,154140,9,334779
24280,0.002198,74.125.24.0-255,2902,157042,9,334779
24281,0.0022,172.31.36.0-255,66,157108,9,334779
24282,0.002204,74.125.24.0-255,1484,158592,9,334779
24283,0.002222,74.125.24.0-255,4320,162912,9,334779
24284,0.002224,172.31.36.0-255,66,162978,9,334779
24285,0.002255,74.125.24.0-255,2902,165880,9,334779
24286,0.002258,172.31.36.0-255,66,165946,9,334779
24287,0.002282,74.125.24.0-255,7156,173102,9,334779
24288,0.002284,172.31.36.0-255,66,173168,9,334779
24289,0.002296,172.31.36.0-255,66,173234,9,334779
24290,0.0023,74.125.24.0-255,2184,175418,9,334779
24291,0.002302,172.31.36.0-255,66,175484,9,334779
24292,0.004605,74.125.24.0-255,4320,179804,9,334779
24293,0.004611,172.31.36.0-255,66,179870,9,334779
24294,0.004631,74.125.24.0-255,1484,181354,9,334779
24295,0.006931,74.125.24.0-255,4320,185674,9,334779
24296,0.006938,172.31.36.0-255,66,185740,9,334779
24297,0.009268,74.125.24.0-255,5738,191478,9,334779
24298,0.009275,172.31.36.0-255,66,191544,9,334779
24299,0.011581,74.125.24.0-255,5738,197282,9,334779
24300,0.011588,172.31.36.0-255,66,197348,9,334779
24301,0.013909,74.125.24.0-255,5738,203086,9,334779
24302,0.013915,172.31.36.0-255,66,203152,9,334779
24303,0.016285,74.125.24.0-255,5738,208890,9,334779
24304,0.016294,172.31.36.0-255,66,208956,9,334779
24305,0.018601,74.125.24.0-255,5738,214694,9,334779
24306,0.018608,172.31.36.0-255,66,214760,9,334779
24307,0.020912,74.125.24.0-255,5738,220498,9,334779
24308,0.020919,172.31.36.0-255,66,220564,9,334779
24309,0.023234,74.125.24.0-255,5738,226302,9,334779
24310,0.023241,172.31.36.0-255,66,226368,9,334779
24311,0.025529,74.125.24.0-255,5738,232106,9,334779
24312,0.025534,172.31.36.0-255,66,232172,9,334779
24313,0.027849,74.125.24.0-255,5738,237910,9,334779
24314,0.027856,172.31.36.0-255,66,237976,9,334779
24315,0.030223,74.125.24.0-255,4320,242296,9,334779
24316,0.03023,172.31.36.0-255,66,242362,9,334779
24317,0.030249,74.125.24.0-255,1484,243846,9,334779
24318,0.032567,74.125.24.0-255,4320,248166,9,334779
24319,0.032574,172.31.36.0-255,66,248232,9,334779
24320,0.034899,74.125.24.0-255,5738,253970,9,334779
24321,0.034905,172.31.36.0-255,66,254036,9,334779
24322,0.037235,74.125.24.0-255,5738,259774,9,334779
24323,0.037243,172.31.36.0-255,66,259840,9,334779
24324,0.039579,74.125.24.0-255,5738,265578,9,334779
24325,0.039587,172.31.36.0-255,66,265644,9,334779
24326,0.041919,74.125.24.0-255,5738,271382,9,334779
24327,0.041927,172.31.36.0-255,66,271448,9,334779
24328,0.042461,172.31.36.0-255,176,271624,9,334779
24329,0.04249,172.31.36.0-255,1115,272739,9,334779
24330,0.042541,172.31.36.0-255,1514,274253,9,334779
24331,0.042542,172.31.36.0-255,1514,275767,9,334779
24332,0.042543,172.31.36.0-255,1514,277281,9,334779
24333,0.042544,172.31.36.0-255,1514,278795,9,334779
24334,0.042546,172.31.36.0-255,1382,280177,9,334779
24335,0.044019,104.244.42.0-255,66,280243,9,334779
24336,0.044027,104.244.42.0-255,66,280309,9,334779
24337,0.044122,104.244.42.0-255,66,280375,9,334779
24338,0.044127,104.244.42.0-255,66,280441,9,334779
24339,0.044268,74.125.24.0-255,5738,286179,9,334779
24340,0.044276,172.31.36.0-255,66,286245,9,334779
24341,0.046598,74.125.24.0-255,5738,291983,9,334779
24342,0.046603,172.31.36.0-255,66,292049,9,334779
24343,0.048914,74.125.24.0-255,4320,296369,9,334779
24344,0.048919,172.31.36.0-255,66,296435,9,334779
24345,0.048948,74.125.24.0-255,1484,297919,9,334779
24346,0.051246,74.125.24.0-255,4320,302239,9,334779
24347,0.051252,172.31.36.0-255,66,302305,9,334779
24348,0.053547,74.125.24.0-255,5738,308043,9,334779
24349,0.053551,172.31.36.0-255,66,308109,9,334779
24350,0.05586,74.125.24.0-255,5738,313847,9,334779
24351,0.055865,172.31.36.0-255,66,313913,9,334779
24352,0.058207,74.125.24.0-255,5738,319651,9,334779
24353,0.058212,172.31.36.0-255,66,319717,9,334779
24354,0.060504,74.125.24.0-255,5738,325455,9,334779
24355,0.060509,172.31.36.0-255,66,325521,9,334779
24356,0.062825,74.125.24.0-255,5738,331259,9,334779
24357,0.06283,172.31.36.0-255,66,331325,9,334779
24358,0.065174,74.125.24.0-255,3217,334542,9,334779
24359,0.065179,172.31.36.0-255,66,334608,9,334779
24360,0.065362,172.31.36.0-255,105,334713,9,334779
24361,0.067654,74.125.24.0-255,66,334779,9,334779
24362,0.0,172.217.194.0-255,153,153,9,328617
24363,2.1e-05,172.31.36.0-255,66,219,9,328617
24364,2.8e-05,172.217.194.0-255,1484,1703,9,328617
24365,3.4e-05,172.31.36.0-255,66,1769,9,328617
24366,5.1e-05,172.217.194.0-255,2902,4671,9,328617
24367,5.5e-05,172.31.36.0-255,66,4737,9,328617
24368,6.2e-05,172.217.194.0-255,7156,11893,9,328617
24369,6.6e-05,172.31.36.0-255,66,11959,9,328617
24370,7e-05,172.217.194.0-255,2078,14037,9,328617
24371,7.2e-05,172.31.36.0-255,66,14103,9,328617
24372,7.5e-05,172.217.194.0-255,1484,15587,9,328617
24373,7.7e-05,172.31.36.0-255,66,15653,9,328617
24374,0.000121,172.31.36.0-255,66,15719,9,328617
24375,0.000127,172.217.194.0-255,5379,21098,9,328617
24376,0.00013,172.31.36.0-255,66,21164,9,328617
24377,0.000173,172.217.194.0-255,1484,22648,9,328617
24378,0.000176,172.31.36.0-255,66,22714,9,328617
24379,0.000182,172.217.194.0-255,2902,25616,9,328617
24380,0.000184,172.31.36.0-255,66,25682,9,328617
24381,0.000196,172.217.194.0-255,5738,31420,9,328617
24382,0.000199,172.31.36.0-255,66,31486,9,328617
24383,0.000227,172.217.194.0-255,6797,38283,9,328617
24384,0.000231,172.31.36.0-255,66,38349,9,328617
24385,0.00029,172.217.194.0-255,7156,45505,9,328617
24386,0.000295,172.31.36.0-255,66,45571,9,328617
24387,0.000321,172.31.36.0-255,66,45637,9,328617
24388,0.000324,172.217.194.0-255,1419,47056,9,328617
24389,0.000326,172.31.36.0-255,66,47122,9,328617
24390,0.000624,172.217.194.0-255,383,47505,9,328617
24391,0.000631,172.31.36.0-255,66,47571,9,328617
24392,0.000636,172.217.194.0-255,1484,49055,9,328617
24393,0.000642,172.217.194.0-255,2902,51957,9,328617
24394,0.000644,172.31.36.0-255,66,52023,9,328617
24395,0.000668,172.217.194.0-255,1484,53507,9,328617
24396,0.000687,172.31.36.0-255,66,53573,9,328617
24397,0.000691,172.217.194.0-255,1125,54698,9,328617
24398,0.000747,172.217.194.0-255,1484,56182,9,328617
24399,0.000751,172.31.36.0-255,66,56248,9,328617
24400,0.000757,172.217.194.0-255,2902,59150,9,328617
24401,0.00076,172.31.36.0-255,66,59216,9,328617
24402,0.000772,172.217.194.0-255,5738,64954,9,328617
24403,0.000775,172.31.36.0-255,66,65020,9,328617
24404,0.000779,172.217.194.0-255,2902,67922,9,328617
24405,0.000781,172.31.36.0-255,66,67988,9,328617
24406,0.000815,172.217.194.0-255,3961,71949,9,328617
24407,0.000818,172.31.36.0-255,66,72015,9,328617
24408,0.001408,172.217.194.0-255,1484,73499,9,328617
24409,0.001415,172.217.194.0-255,2902,76401,9,328617
24410,0.001419,172.31.36.0-255,66,76467,9,328617
24411,0.001426,172.217.194.0-255,5738,82205,9,328617
24412,0.001428,172.31.36.0-255,66,82271,9,328617
24413,0.001438,172.217.194.0-255,2902,85173,9,328617
24414,0.00144,172.31.36.0-255,66,85239,9,328617
24415,0.001468,172.217.194.0-255,4320,89559,9,328617
24416,0.00147,172.31.36.0-255,66,89625,9,328617
24417,0.001481,172.31.36.0-255,66,89691,9,328617
24418,0.001512,172.217.194.0-255,4320,94011,9,328617
24419,0.001515,172.31.36.0-255,66,94077,9,328617
24420,0.001519,172.217.194.0-255,2184,96261,9,328617
24421,0.001521,172.31.36.0-255,66,96327,9,328617
24422,0.001754,172.217.194.0-255,1484,97811,9,328617
24423,0.001775,172.217.194.0-255,2902,100713,9,328617
24424,0.001778,172.31.36.0-255,66,100779,9,328617
24425,0.001785,172.217.194.0-255,5738,106517,9,328617
24426,0.001786,172.31.36.0-255,66,106583,9,328617
24427,0.00185,172.31.36.0-255,66,106649,9,328617
24428,0.001861,172.31.36.0-255,66,106715,9,328617
24429,0.001881,172.217.194.0-255,3602,110317,9,328617
24430,0.001884,172.31.36.0-255,66,110383,9,328617
24431,0.001887,172.217.194.0-255,1484,111867,9,328617
24432,0.00189,172.217.194.0-255,1484,113351,9,328617
24433,0.001891,172.31.36.0-255,66,113417,9,328617
24434,0.001916,172.217.194.0-255,1484,114901,9,328617
24435,0.001922,172.217.194.0-255,5738,120639,9,328617
24436,0.001924,172.31.36.0-255,66,120705,9,328617
24437,0.001954,172.31.36.0-255,66,120771,9,328617
24438,0.001958,172.217.194.0-255,2902,123673,9,328617
24439,0.00196,172.31.36.0-255,66,123739,9,328617
24440,0.001999,172.217.194.0-255,7156,130895,9,328617
24441,0.002002,172.31.36.0-255,66,130961,9,328617
24442,0.002007,172.217.194.0-255,5020,135981,9,328617
24443,0.00201,172.31.36.0-255,66,136047,9,328617
24444,0.002036,172.217.194.0-255,1484,137531,9,328617
24445,0.002039,172.217.194.0-255,1484,139015,9,328617
24446,0.002041,172.31.36.0-255,66,139081,9,328617
24447,0.002067,172.217.194.0-255,1484,140565,9,328617
24448,0.002073,172.217.194.0-255,5738,146303,9,328617
24449,0.002075,172.31.36.0-255,66,146369,9,328617
24450,0.002085,172.31.36.0-255,66,146435,9,328617
24451,0.002115,172.217.194.0-255,4320,150755,9,328617
24452,0.002117,172.31.36.0-255,66,150821,9,328617
24453,0.002133,172.31.36.0-255,66,150887,9,328617
24454,0.002156,172.217.194.0-255,4320,155207,9,328617
24455,0.002159,172.31.36.0-255,66,155273,9,328617
24456,0.00219,172.217.194.0-255,1484,156757,9,328617
24457,0.002198,172.217.194.0-255,7156,163913,9,328617
24458,0.0022,172.31.36.0-255,66,163979,9,328617
24459,0.002217,172.31.36.0-255,66,164045,9,328617
24460,0.002223,172.217.194.0-255,5738,169783,9,328617
24461,0.002225,172.31.36.0-255,66,169849,9,328617
24462,0.002228,172.217.194.0-255,766,170615,9,328617
24463,0.003243,172.31.36.0-255,66,170681,9,328617
24464,0.004534,172.217.194.0-255,4320,175001,9,328617
24465,0.00454,172.31.36.0-255,66,175067,9,328617
24466,0.005543,172.217.194.0-255,1484,176551,9,328617
24467,0.006873,172.217.194.0-255,4320,180871,9,328617
24468,0.006878,172.31.36.0-255,66,180937,9,328617
24469,0.009382,172.217.194.0-255,5738,186675,9,328617
24470,0.009446,172.31.36.0-255,66,186741,9,328617
24471,0.011784,172.217.194.0-255,5738,192479,9,328617
24472,0.011793,172.31.36.0-255,66,192545,9,328617
24473,0.014129,172.217.194.0-255,5738,198283,9,328617
24474,0.014139,172.31.36.0-255,66,198349,9,328617
24475,0.016479,172.217.194.0-255,5738,204087,9,328617
24476,0.016487,172.31.36.0-255,66,204153,9,328617
24477,0.018813,172.217.194.0-255,5738,209891,9,328617
24478,0.018819,172.31.36.0-255,66,209957,9,328617
24479,0.02116,172.217.194.0-255,5738,215695,9,328617
24480,0.021167,172.31.36.0-255,66,215761,9,328617
24481,0.023506,172.217.194.0-255,5738,221499,9,328617
24482,0.023512,172.31.36.0-255,66,221565,9,328617
24483,0.025874,172.217.194.0-255,5738,227303,9,328617
24484,0.025881,172.31.36.0-255,66,227369,9,328617
24485,0.02821,172.217.194.0-255,5738,233107,9,328617
24486,0.028216,172.31.36.0-255,66,233173,9,328617
24487,0.030546,172.217.194.0-255,5738,238911,9,328617
24488,0.030553,172.31.36.0-255,66,238977,9,328617
24489,0.032893,172.217.194.0-255,5738,244715,9,328617
24490,0.032903,172.31.36.0-255,66,244781,9,328617
24491,0.035244,172.217.194.0-255,5738,250519,9,328617
24492,0.035251,172.31.36.0-255,66,250585,9,328617
24493,0.037602,172.217.194.0-255,5738,256323,9,328617
24494,0.037613,172.31.36.0-255,66,256389,9,328617
24495,0.039941,172.217.194.0-255,5738,262127,9,328617
24496,0.039949,172.31.36.0-255,66,262193,9,328617
24497,0.042281,172.217.194.0-255,5738,267931,9,328617
24498,0.04229,172.31.36.0-255,66,267997,9,328617
24499,0.043601,172.31.36.0-255,182,268179,9,328617
24500,0.044388,172.31.36.0-255,1116,269295,9,328617
24501,0.044624,172.217.194.0-255,5738,275033,9,328617
24502,0.044631,172.31.36.0-255,66,275099,9,328617
24503,0.044665,172.31.36.0-255,1514,276613,9,328617
24504,0.044667,172.31.36.0-255,1514,278127,9,328617
24505,0.044671,172.31.36.0-255,1514,279641,9,328617
24506,0.044673,172.31.36.0-255,106,279747,9,328617
24507,0.045113,104.244.42.0-255,66,279813,9,328617
24508,0.045951,104.244.42.0-255,66,279879,9,328617
24509,0.046188,104.244.42.0-255,66,279945,9,328617
24510,0.046236,104.244.42.0-255,66,280011,9,328617
24511,0.046955,172.217.194.0-255,5738,285749,9,328617
24512,0.046961,172.31.36.0-255,66,285815,9,328617
24513,0.04931,172.217.194.0-255,5738,291553,9,328617
24514,0.049321,172.31.36.0-255,66,291619,9,328617
24515,0.051681,172.217.194.0-255,5738,297357,9,328617
24516,0.051691,172.31.36.0-255,66,297423,9,328617
24517,0.054034,172.217.194.0-255,5738,303161,9,328617
24518,0.054051,172.31.36.0-255,66,303227,9,328617
24519,0.056388,172.217.194.0-255,5738,308965,9,328617
24520,0.056394,172.31.36.0-255,66,309031,9,328617
24521,0.058717,172.217.194.0-255,1484,310515,9,328617
24522,0.058754,172.217.194.0-255,4320,314835,9,328617
24523,0.058758,172.31.36.0-255,66,314901,9,328617
24524,0.061089,172.217.194.0-255,5738,320639,9,328617
24525,0.061094,172.31.36.0-255,66,320705,9,328617
24526,0.063424,172.217.194.0-255,2902,323607,9,328617
24527,0.063429,172.31.36.0-255,66,323673,9,328617
24528,0.063462,172.217.194.0-255,2902,326575,9,328617
24529,0.063465,172.31.36.0-255,66,326641,9,328617
24530,0.065755,172.217.194.0-255,1739,328380,9,328617
24531,0.065761,172.31.36.0-255,66,328446,9,328617
24532,0.065958,172.31.36.0-255,105,328551,9,328617
24533,0.068278,172.217.194.0-255,66,328617,9,328617
24534,0.0,172.217.194.0-255,153,153,9,286714
24535,1.7e-05,172.31.36.0-255,66,219,9,286714
24536,2.4e-05,172.217.194.0-255,1484,1703,9,286714
24537,2.9e-05,172.31.36.0-255,66,1769,9,286714
24538,3.5e-05,172.217.194.0-255,2902,4671,9,286714
24539,3.8e-05,172.31.36.0-255,66,4737,9,286714
24540,4.6e-05,172.217.194.0-255,7156,11893,9,286714
24541,5.7e-05,172.31.36.0-255,66,11959,9,286714
24542,7.3e-05,172.217.194.0-255,2902,14861,9,286714
24543,7.6e-05,172.31.36.0-255,66,14927,9,286714
24544,0.000114,172.31.36.0-255,66,14993,9,286714
24545,0.00012,172.217.194.0-255,4320,19313,9,286714
24546,0.000122,172.31.36.0-255,66,19379,9,286714
24547,0.000147,172.217.194.0-255,2543,21922,9,286714
24548,0.000153,172.31.36.0-255,66,21988,9,286714
24549,0.000182,172.217.194.0-255,4320,26308,9,286714
24550,0.000186,172.31.36.0-255,66,26374,9,286714
24551,0.000193,172.217.194.0-255,5738,32112,9,286714
24552,0.000195,172.31.36.0-255,66,32178,9,286714
24553,0.000205,172.217.194.0-255,4320,36498,9,286714
24554,0.000207,172.31.36.0-255,66,36564,9,286714
24555,0.000256,172.31.36.0-255,66,36630,9,286714
24556,0.000263,172.217.194.0-255,7156,43786,9,286714
24557,0.000266,172.31.36.0-255,66,43852,9,286714
24558,0.000296,172.217.194.0-255,4268,48120,9,286714
24559,0.000299,172.31.36.0-255,66,48186,9,286714
24560,0.000302,172.217.194.0-255,379,48565,9,286714
24561,0.000303,172.31.36.0-255,66,48631,9,286714
24562,0.00048,172.217.194.0-255,1484,50115,9,286714
24563,0.000485,172.31.36.0-255,66,50181,9,286714
24564,0.000491,172.217.194.0-255,2902,53083,9,286714
24565,0.000494,172.31.36.0-255,66,53149,9,286714
24566,0.000505,172.217.194.0-255,5738,58887,9,286714
24567,0.000509,172.31.36.0-255,66,58953,9,286714
24568,0.000512,172.217.194.0-255,1484,60437,9,286714
24569,0.000534,172.31.36.0-255,66,60503,9,286714
24570,0.000568,172.217.194.0-255,2902,63405,9,286714
24571,0.00057,172.31.36.0-255,66,63471,9,286714
24572,0.000581,172.31.36.0-255,66,63537,9,286714
24573,0.000589,172.217.194.0-255,2184,65721,9,286714
24574,0.000592,172.31.36.0-255,66,65787,9,286714
24575,0.000999,172.217.194.0-255,1484,67271,9,286714
24576,0.001008,172.217.194.0-255,2902,70173,9,286714
24577,0.001014,172.31.36.0-255,66,70239,9,286714
24578,0.001021,172.217.194.0-255,5738,75977,9,286714
24579,0.001024,172.31.36.0-255,66,76043,9,286714
24580,0.001052,172.217.194.0-255,5738,81781,9,286714
24581,0.001054,172.31.36.0-255,66,81847,9,286714
24582,0.001088,172.217.194.0-255,7156,89003,9,286714
24583,0.001092,172.31.36.0-255,66,89069,9,286714
24584,0.001109,172.31.36.0-255,66,89135,9,286714
24585,0.001189,172.217.194.0-255,1484,90619,9,286714
24586,0.001194,172.217.194.0-255,2902,93521,9,286714
24587,0.001197,172.31.36.0-255,66,93587,9,286714
24588,0.001203,172.217.194.0-255,2902,96489,9,286714
24589,0.001205,172.31.36.0-255,66,96555,9,286714
24590,0.00124,172.217.194.0-255,2902,99457,9,286714
24591,0.001243,172.31.36.0-255,66,99523,9,286714
24592,0.001257,172.31.36.0-255,66,99589,9,286714
24593,0.001272,172.31.36.0-255,66,99655,9,286714
24594,0.001285,172.217.194.0-255,2184,101839,9,286714
24595,0.001287,172.31.36.0-255,66,101905,9,286714
24596,0.0015,172.217.194.0-255,1484,103389,9,286714
24597,0.001506,172.217.194.0-255,2902,106291,9,286714
24598,0.00151,172.31.36.0-255,66,106357,9,286714
24599,0.001517,172.217.194.0-255,5738,112095,9,286714
24600,0.001519,172.31.36.0-255,66,112161,9,286714
24601,0.001558,172.217.194.0-255,2902,115063,9,286714
24602,0.001561,172.31.36.0-255,66,115129,9,286714
24603,0.001581,172.217.194.0-255,5379,120508,9,286714
24604,0.001584,172.31.36.0-255,66,120574,9,286714
24605,0.001591,172.217.194.0-255,7156,127730,9,286714
24606,0.001594,172.31.36.0-255,66,127796,9,286714
24607,0.001616,172.217.194.0-255,1484,129280,9,286714
24608,0.001633,172.31.36.0-255,66,129346,9,286714
24609,0.001674,172.31.36.0-255,66,129412,9,286714
24610,0.001677,172.217.194.0-255,1484,130896,9,286714
24611,0.001683,172.217.194.0-255,3602,134498,9,286714
24612,0.00169,172.31.36.0-255,66,134564,9,286714
24613,0.001864,172.217.194.0-255,1484,136048,9,286714
24614,0.001869,172.217.194.0-255,1484,137532,9,286714
24615,0.001872,172.31.36.0-255,66,137598,9,286714
24616,0.001901,172.217.194.0-255,1484,139082,9,286714
24617,0.001909,172.217.194.0-255,5738,144820,9,286714
24618,0.001911,172.31.36.0-255,66,144886,9,286714
24619,0.00193,172.31.36.0-255,66,144952,9,286714
24620,0.001941,172.31.36.0-255,66,145018,9,286714
24621,0.001963,172.217.194.0-255,2184,147202,9,286714
24622,0.001974,172.31.36.0-255,66,147268,9,286714
24623,0.002147,172.217.194.0-255,1484,148752,9,286714
24624,0.002152,172.217.194.0-255,1484,150236,9,286714
24625,0.002155,172.31.36.0-255,66,150302,9,286714
24626,0.002184,172.217.194.0-255,1484,151786,9,286714
24627,0.002191,172.217.194.0-255,5738,157524,9,286714
24628,0.002194,172.31.36.0-255,66,157590,9,286714
24629,0.002201,172.217.194.0-255,5738,163328,9,286714
24630,0.002203,172.31.36.0-255,66,163394,9,286714
24631,0.002238,172.217.194.0-255,7156,170550,9,286714
24632,0.002241,172.31.36.0-255,66,170616,9,286714
24633,0.002258,172.31.36.0-255,66,170682,9,286714
24634,0.00228,172.217.194.0-255,1484,172166,9,286714
24635,0.002285,172.217.194.0-255,2902,175068,9,286714
24636,0.002288,172.31.36.0-255,66,175134,9,286714
24637,0.002291,172.217.194.0-255,1484,176618,9,286714
24638,0.002317,172.217.194.0-255,4320,180938,9,286714
24639,0.002334,172.31.36.0-255,66,181004,9,286714
24640,0.002337,172.31.36.0-255,66,181070,9,286714
24641,0.002387,172.31.36.0-255,66,181136,9,286714
24642,0.004879,172.217.194.0-255,5738,186874,9,286714
24643,0.004886,172.31.36.0-255,66,186940,9,286714
24644,0.007402,172.217.194.0-255,5738,192678,9,286714
24645,0.00741,172.31.36.0-255,66,192744,9,286714
24646,0.00992,172.217.194.0-255,5738,198482,9,286714
24647,0.009926,172.31.36.0-255,66,198548,9,286714
24648,0.012476,172.217.194.0-255,5738,204286,9,286714
24649,0.012493,172.31.36.0-255,66,204352,9,286714
24650,0.01503,172.217.194.0-255,5738,210090,9,286714
24651,0.015047,172.31.36.0-255,66,210156,9,286714
24652,0.017602,172.217.194.0-255,5738,215894,9,286714
24653,0.017619,172.31.36.0-255,66,215960,9,286714
24654,0.020139,172.217.194.0-255,5738,221698,9,286714
24655,0.020154,172.31.36.0-255,66,221764,9,286714
24656,0.022689,172.217.194.0-255,5738,227502,9,286714
24657,0.022703,172.31.36.0-255,66,227568,9,286714
24658,0.025227,172.217.194.0-255,5738,233306,9,286714
24659,0.025234,172.31.36.0-255,66,233372,9,286714
24660,0.027775,172.217.194.0-255,5738,239110,9,286714
24661,0.027782,172.31.36.0-255,66,239176,9,286714
24662,0.030333,172.217.194.0-255,5738,244914,9,286714
24663,0.030344,172.31.36.0-255,66,244980,9,286714
24664,0.031353,172.31.36.0-255,167,245147,9,286714
24665,0.031391,172.31.36.0-255,1116,246263,9,286714
24666,0.031461,172.31.36.0-255,1514,247777,9,286714
24667,0.031463,172.31.36.0-255,1283,249060,9,286714
24668,0.032856,172.217.194.0-255,2902,251962,9,286714
24669,0.032862,172.31.36.0-255,66,252028,9,286714
24670,0.032893,104.244.42.0-255,66,252094,9,286714
24671,0.032902,172.217.194.0-255,2902,254996,9,286714
24672,0.032905,172.31.36.0-255,66,255062,9,286714
24673,0.03299,104.244.42.0-255,66,255128,9,286714
24674,0.033047,104.244.42.0-255,66,255194,9,286714
24675,0.035384,172.217.194.0-255,2902,258096,9,286714
24676,0.035392,172.31.36.0-255,66,258162,9,286714
24677,0.035426,172.217.194.0-255,2902,261064,9,286714
24678,0.035429,172.31.36.0-255,66,261130,9,286714
24679,0.037927,172.217.194.0-255,5738,266868,9,286714
24680,0.037934,172.31.36.0-255,66,266934,9,286714
24681,0.040426,172.217.194.0-255,5738,272672,9,286714
24682,0.040435,172.31.36.0-255,66,272738,9,286714
24683,0.042977,172.217.194.0-255,5738,278476,9,286714
24684,0.042991,172.31.36.0-255,66,278542,9,286714
24685,0.045541,172.217.194.0-255,5738,284280,9,286714
24686,0.045554,172.31.36.0-255,66,284346,9,286714
24687,0.04808,172.217.194.0-255,2131,286477,9,286714
24688,0.048088,172.31.36.0-255,66,286543,9,286714
24689,0.048927,172.31.36.0-255,105,286648,9,286714
24690,0.051421,172.217.194.0-255,66,286714,9,286714
24691,0.0,74.125.24.0-255,153,153,9,329020
24692,3.4e-05,172.31.36.0-255,66,219,9,329020
24693,4.1e-05,74.125.24.0-255,1484,1703,9,329020
24694,4.5e-05,172.31.36.0-255,66,1769,9,329020
24695,4.8e-05,74.125.24.0-255,1484,3253,9,329020
24696,5.8e-05,172.31.36.0-255,66,3319,9,329020
24697,8.8e-05,74.125.24.0-255,4320,7639,9,329020
24698,9.1e-05,172.31.36.0-255,66,7705,9,329020
24699,0.000114,74.125.24.0-255,1484,9189,9,329020
24700,0.000116,172.31.36.0-255,66,9255,9,329020
24701,0.000121,74.125.24.0-255,2902,12157,9,329020
24702,0.000124,172.31.36.0-255,66,12223,9,329020
24703,0.000158,74.125.24.0-255,3484,15707,9,329020
24704,0.000162,172.31.36.0-255,66,15773,9,329020
24705,0.000211,74.125.24.0-255,4320,20093,9,329020
24706,0.000215,172.31.36.0-255,66,20159,9,329020
24707,0.000221,74.125.24.0-255,2902,23061,9,329020
24708,0.000223,172.31.36.0-255,66,23127,9,329020
24709,0.000249,74.125.24.0-255,2902,26029,9,329020
24710,0.000252,172.31.36.0-255,66,26095,9,329020
24711,0.000284,74.125.24.0-255,5379,31474,9,329020
24712,0.000288,172.31.36.0-255,66,31540,9,329020
24713,0.000342,74.125.24.0-255,1484,33024,9,329020
24714,0.000346,172.31.36.0-255,66,33090,9,329020
24715,0.000352,74.125.24.0-255,2902,35992,9,329020
24716,0.000354,172.31.36.0-255,66,36058,9,329020
24717,0.000357,74.125.24.0-255,1484,37542,9,329020
24718,0.000367,172.31.36.0-255,66,37608,9,329020
24719,0.000391,74.125.24.0-255,4320,41928,9,329020
24720,0.000395,172.31.36.0-255,66,41994,9,329020
24721,0.000398,74.125.24.0-255,1484,43478,9,329020
24722,0.0004,172.31.36.0-255,66,43544,9,329020
24723,0.000447,172.31.36.0-255,66,43610,9,329020
24724,0.000453,74.125.24.0-255,4320,47930,9,329020
24725,0.000458,172.31.36.0-255,66,47996,9,329020
24726,0.000488,74.125.24.0-255,5688,53684,9,329020
24727,0.000492,172.31.36.0-255,66,53750,9,329020
24728,0.00052,74.125.24.0-255,113,53863,9,329020
24729,0.000831,172.31.36.0-255,66,53929,9,329020
24730,0.001019,74.125.24.0-255,329,54258,9,329020
24731,0.001224,74.125.24.0-255,1484,55742,9,329020
24732,0.00123,172.31.36.0-255,66,55808,9,329020
24733,0.001238,74.125.24.0-255,2902,58710,9,329020
24734,0.00124,172.31.36.0-255,66,58776,9,329020
24735,0.001253,74.125.24.0-255,5738,64514,9,329020
24736,0.001256,172.31.36.0-255,66,64580,9,329020
24737,0.001261,74.125.24.0-255,4320,68900,9,329020
24738,0.001263,172.31.36.0-255,66,68966,9,329020
24739,0.001306,74.125.24.0-255,4320,73286,9,329020
24740,0.001309,172.31.36.0-255,66,73352,9,329020
24741,0.001344,74.125.24.0-255,7156,80508,9,329020
24742,0.001347,172.31.36.0-255,66,80574,9,329020
24743,0.001358,172.31.36.0-255,66,80640,9,329020
24744,0.001791,74.125.24.0-255,1484,82124,9,329020
24745,0.001807,74.125.24.0-255,2902,85026,9,329020
24746,0.001811,172.31.36.0-255,66,85092,9,329020
24747,0.001819,74.125.24.0-255,5738,90830,9,329020
24748,0.00182,172.31.36.0-255,66,90896,9,329020
24749,0.001836,74.125.24.0-255,1484,92380,9,329020
24750,0.001871,172.31.36.0-255,66,92446,9,329020
24751,0.001884,172.31.36.0-255,66,92512,9,329020
24752,0.002002,74.125.24.0-255,1484,93996,9,329020
24753,0.002007,74.125.24.0-255,2902,96898,9,329020
24754,0.00201,172.31.36.0-255,66,96964,9,329020
24755,0.002038,74.125.24.0-255,5738,102702,9,329020
24756,0.00204,172.31.36.0-255,66,102768,9,329020
24757,0.002045,74.125.24.0-255,2902,105670,9,329020
24758,0.002047,172.31.36.0-255,66,105736,9,329020
24759,0.002086,172.31.36.0-255,66,105802,9,329020
24760,0.002098,172.31.36.0-255,66,105868,9,329020
24761,0.002117,74.125.24.0-255,2902,108770,9,329020
24762,0.00212,172.31.36.0-255,66,108836,9,329020
24763,0.002164,172.31.36.0-255,66,108902,9,329020
24764,0.0022,172.31.36.0-255,66,108968,9,329020
24765,0.004465,74.125.24.0-255,1484,110452,9,329020
24766,0.004481,74.125.24.0-255,4320,114772,9,329020
24767,0.004484,172.31.36.0-255,66,114838,9,329020
24768,0.006774,74.125.24.0-255,5738,120576,9,329020
24769,0.00678,172.31.36.0-255,66,120642,9,329020
24770,0.009091,74.125.24.0-255,5738,126380,9,329020
24771,0.0091,172.31.36.0-255,66,126446,9,329020
24772,0.011413,74.125.24.0-255,5738,132184,9,329020
24773,0.011428,172.31.36.0-255,66,132250,9,329020
24774,0.013719,74.125.24.0-255,5738,137988,9,329020
24775,0.013735,172.31.36.0-255,66,138054,9,329020
24776,0.016018,74.125.24.0-255,5738,143792,9,329020
24777,0.01603,172.31.36.0-255,66,143858,9,329020
24778,0.018332,74.125.24.0-255,5738,149596,9,329020
24779,0.018343,172.31.36.0-255,66,149662,9,329020
24780,0.020663,74.125.24.0-255,5738,155400,9,329020
24781,0.020672,172.31.36.0-255,66,155466,9,329020
24782,0.02298,74.125.24.0-255,5738,161204,9,329020
24783,0.022994,172.31.36.0-255,66,161270,9,329020
24784,0.025336,74.125.24.0-255,5738,167008,9,329020
24785,0.02535,172.31.36.0-255,66,167074,9,329020
24786,0.027666,74.125.24.0-255,5738,172812,9,329020
24787,0.027674,172.31.36.0-255,66,172878,9,329020
24788,0.02829,172.31.36.0-255,172,173050,9,329020
24789,0.028318,172.31.36.0-255,1116,174166,9,329020
24790,0.028361,172.31.36.0-255,560,174726,9,329020
24791,0.029866,104.244.42.0-255,66,174792,9,329020
24792,0.029873,104.244.42.0-255,66,174858,9,329020
24793,0.029957,104.244.42.0-255,66,174924,9,329020
24794,0.02997,74.125.24.0-255,4320,179244,9,329020
24795,0.029973,172.31.36.0-255,66,179310,9,329020
24796,0.030004,74.125.24.0-255,1484,180794,9,329020
24797,0.032239,74.125.24.0-255,4320,185114,9,329020
24798,0.032245,172.31.36.0-255,66,185180,9,329020
24799,0.034586,74.125.24.0-255,5738,190918,9,329020
24800,0.034591,172.31.36.0-255,66,190984,9,329020
24801,0.036908,74.125.24.0-255,5738,196722,9,329020
24802,0.036913,172.31.36.0-255,66,196788,9,329020
24803,0.039155,74.125.24.0-255,5738,202526,9,329020
24804,0.039161,172.31.36.0-255,66,202592,9,329020
24805,0.041451,74.125.24.0-255,5738,208330,9,329020
24806,0.041457,172.31.36.0-255,66,208396,9,329020
24807,0.043725,74.125.24.0-255,5738,214134,9,329020
24808,0.043732,172.31.36.0-255,66,214200,9,329020
24809,0.04603,74.125.24.0-255,5738,219938,9,329020
24810,0.046036,172.31.36.0-255,66,220004,9,329020
24811,0.048313,74.125.24.0-255,5738,225742,9,329020
24812,0.048318,172.31.36.0-255,66,225808,9,329020
24813,0.050571,74.125.24.0-255,5738,231546,9,329020
24814,0.050576,172.31.36.0-255,66,231612,9,329020
24815,0.052864,74.125.24.0-255,5738,237350,9,329020
24816,0.052869,172.31.36.0-255,66,237416,9,329020
24817,0.055186,74.125.24.0-255,5738,243154,9,329020
24818,0.055192,172.31.36.0-255,66,243220,9,329020
24819,0.057535,74.125.24.0-255,5738,248958,9,329020
24820,0.057541,172.31.36.0-255,66,249024,9,329020
24821,0.059863,74.125.24.0-255,5738,254762,9,329020
24822,0.05987,172.31.36.0-255,66,254828,9,329020
24823,0.062143,74.125.24.0-255,5738,260566,9,329020
24824,0.062148,172.31.36.0-255,66,260632,9,329020
24825,0.064424,74.125.24.0-255,5738,266370,9,329020
24826,0.06443,172.31.36.0-255,66,266436,9,329020
24827,0.066724,74.125.24.0-255,5738,272174,9,329020
24828,0.066729,172.31.36.0-255,66,272240,9,329020
24829,0.06905,74.125.24.0-255,5738,277978,9,329020
24830,0.069056,172.31.36.0-255,66,278044,9,329020
24831,0.07134,74.125.24.0-255,5738,283782,9,329020
24832,0.07136,172.31.36.0-255,66,283848,9,329020
24833,0.073632,74.125.24.0-255,5738,289586,9,329020
24834,0.073639,172.31.36.0-255,66,289652,9,329020
24835,0.075938,74.125.24.0-255,5738,295390,9,329020
24836,0.075944,172.31.36.0-255,66,295456,9,329020
24837,0.078262,74.125.24.0-255,5738,301194,9,329020
24838,0.078268,172.31.36.0-255,66,301260,9,329020
24839,0.080564,74.125.24.0-255,5738,306998,9,329020
24840,0.08057,172.31.36.0-255,66,307064,9,329020
24841,0.082876,74.125.24.0-255,5738,312802,9,329020
24842,0.082881,172.31.36.0-255,66,312868,9,329020
24843,0.085239,74.125.24.0-255,4320,317188,9,329020
24844,0.085245,172.31.36.0-255,66,317254,9,329020
24845,0.085281,74.125.24.0-255,1484,318738,9,329020
24846,0.08758,74.125.24.0-255,4320,323058,9,329020
24847,0.087585,172.31.36.0-255,66,323124,9,329020
24848,0.089915,74.125.24.0-255,5659,328783,9,329020
24849,0.089921,172.31.36.0-255,66,328849,9,329020
24850,0.091021,172.31.36.0-255,105,328954,9,329020
24851,0.093291,74.125.24.0-255,66,329020,9,329020
24852,0.0,74.125.68.0-255,153,153,9,425086
24853,3.2e-05,172.31.36.0-255,66,219,9,425086
24854,3.8e-05,74.125.68.0-255,1484,1703,9,425086
24855,4.2e-05,172.31.36.0-255,66,1769,9,425086
24856,4.7e-05,74.125.68.0-255,2902,4671,9,425086
24857,5e-05,172.31.36.0-255,66,4737,9,425086
24858,5.6e-05,74.125.68.0-255,7156,11893,9,425086
24859,5.8e-05,172.31.36.0-255,66,11959,9,425086
24860,6.4e-05,74.125.68.0-255,6310,18269,9,425086
24861,6.6e-05,172.31.36.0-255,66,18335,9,425086
24862,9.2e-05,74.125.68.0-255,4320,22655,9,425086
24863,9.5e-05,172.31.36.0-255,66,22721,9,425086
24864,0.000118,74.125.68.0-255,1484,24205,9,425086
24865,0.000121,172.31.36.0-255,66,24271,9,425086
24866,0.000139,74.125.68.0-255,4320,28591,9,425086
24867,0.000141,172.31.36.0-255,66,28657,9,425086
24868,0.000145,74.125.68.0-255,2543,31200,9,425086
24869,0.000147,172.31.36.0-255,66,31266,9,425086
24870,0.000245,74.125.68.0-255,1484,32750,9,425086
24871,0.00025,172.31.36.0-255,66,32816,9,425086
24872,0.00026,74.125.68.0-255,2902,35718,9,425086
24873,0.000263,172.31.36.0-255,66,35784,9,425086
24874,0.000279,74.125.68.0-255,2902,38686,9,425086
24875,0.000282,172.31.36.0-255,66,38752,9,425086
24876,0.000294,74.125.68.0-255,2902,41654,9,425086
24877,0.000296,172.31.36.0-255,66,41720,9,425086
24878,0.0003,74.125.68.0-255,2902,44622,9,425086
24879,0.000302,172.31.36.0-255,66,44688,9,425086
24880,0.000326,74.125.68.0-255,3961,48649,9,425086
24881,0.000329,172.31.36.0-255,66,48715,9,425086
24882,0.000343,74.125.68.0-255,7156,55871,9,425086
24883,0.000346,172.31.36.0-255,66,55937,9,425086
24884,0.000354,74.125.68.0-255,1484,57421,9,425086
24885,0.000387,74.125.68.0-255,1484,58905,9,425086
24886,0.00039,172.31.36.0-255,66,58971,9,425086
24887,0.000411,74.125.68.0-255,7071,66042,9,425086
24888,0.000413,74.125.68.0-255,131,66173,9,425086
24889,0.000416,172.31.36.0-255,66,66239,9,425086
24890,0.000498,74.125.68.0-255,1484,67723,9,425086
24891,0.000501,172.31.36.0-255,66,67789,9,425086
24892,0.000521,74.125.68.0-255,2902,70691,9,425086
24893,0.000524,172.31.36.0-255,66,70757,9,425086
24894,0.000542,74.125.68.0-255,1484,72241,9,425086
24895,0.000564,74.125.68.0-255,4320,76561,9,425086
24896,0.000567,172.31.36.0-255,66,76627,9,425086
24897,0.000571,74.125.68.0-255,2902,79529,9,425086
24898,0.000573,172.31.36.0-255,66,79595,9,425086
24899,0.000589,74.125.68.0-255,3662,83257,9,425086
24900,0.000591,172.31.36.0-255,66,83323,9,425086
24901,0.000722,74.125.68.0-255,1484,84807,9,425086
24902,0.000744,74.125.68.0-255,1484,86291,9,425086
24903,0.000748,172.31.36.0-255,66,86357,9,425086
24904,0.000785,74.125.68.0-255,2902,89259,9,425086
24905,0.000788,172.31.36.0-255,66,89325,9,425086
24906,0.000794,74.125.68.0-255,5738,95063,9,425086
24907,0.000796,172.31.36.0-255,66,95129,9,425086
24908,0.000803,74.125.68.0-255,5738,100867,9,425086
24909,0.000805,172.31.36.0-255,66,100933,9,425086
24910,0.000835,74.125.68.0-255,7156,108089,9,425086
24911,0.000837,172.31.36.0-255,66,108155,9,425086
24912,0.000858,74.125.68.0-255,5738,113893,9,425086
24913,0.000861,172.31.36.0-255,66,113959,9,425086
24914,0.000875,74.125.68.0-255,3602,117561,9,425086
24915,0.000877,172.31.36.0-255,66,117627,9,425086
24916,0.000893,74.125.68.0-255,1484,119111,9,425086
24917,0.000912,74.125.68.0-255,2902,122013,9,425086
24918,0.000915,172.31.36.0-255,66,122079,9,425086
24919,0.000935,74.125.68.0-255,5738,127817,9,425086
24920,0.000937,172.31.36.0-255,66,127883,9,425086
24921,0.000958,74.125.68.0-255,6797,134680,9,425086
24922,0.000961,172.31.36.0-255,66,134746,9,425086
24923,0.000993,74.125.68.0-255,7156,141902,9,425086
24924,0.000996,172.31.36.0-255,66,141968,9,425086
24925,0.001011,74.125.68.0-255,1484,143452,9,425086
24926,0.001014,74.125.68.0-255,2902,146354,9,425086
24927,0.001016,172.31.36.0-255,66,146420,9,425086
24928,0.001044,74.125.68.0-255,5738,152158,9,425086
24929,0.001046,172.31.36.0-255,66,152224,9,425086
24930,0.001062,74.125.68.0-255,1484,153708,9,425086
24931,0.001072,74.125.68.0-255,1484,155192,9,425086
24932,0.001074,172.31.36.0-255,66,155258,9,425086
24933,0.00109,74.125.68.0-255,1484,156742,9,425086
24934,0.001125,74.125.68.0-255,2902,159644,9,425086
24935,0.001128,172.31.36.0-255,66,159710,9,425086
24936,0.001149,74.125.68.0-255,1484,161194,9,425086
24937,0.001155,74.125.68.0-255,5738,166932,9,425086
24938,0.001158,172.31.36.0-255,66,166998,9,425086
24939,0.001161,74.125.68.0-255,2184,169182,9,425086
24940,0.001163,172.31.36.0-255,66,169248,9,425086
24941,0.001274,74.125.68.0-255,1484,170732,9,425086
24942,0.001298,74.125.68.0-255,1484,172216,9,425086
24943,0.001301,172.31.36.0-255,66,172282,9,425086
24944,0.001316,74.125.68.0-255,1484,173766,9,425086
24945,0.001329,74.125.68.0-255,4320,178086,9,425086
24946,0.001331,172.31.36.0-255,66,178152,9,425086
24947,0.001359,74.125.68.0-255,1484,179636,9,425086
24948,0.001374,74.125.68.0-255,4320,183956,9,425086
24949,0.001376,172.31.36.0-255,66,184022,9,425086
24950,0.001379,74.125.68.0-255,1484,185506,9,425086
24951,0.001397,74.125.68.0-255,5738,191244,9,425086
24952,0.001399,172.31.36.0-255,66,191310,9,425086
24953,0.001403,74.125.68.0-255,2902,194212,9,425086
24954,0.001404,172.31.36.0-255,66,194278,9,425086
24955,0.00142,74.125.68.0-255,1484,195762,9,425086
24956,0.001435,74.125.68.0-255,2902,198664,9,425086
24957,0.001437,172.31.36.0-255,66,198730,9,425086
24958,0.001469,74.125.68.0-255,5020,203750,9,425086
24959,0.001472,172.31.36.0-255,66,203816,9,425086
24960,0.001809,74.125.68.0-255,1484,205300,9,425086
24961,0.001827,74.125.68.0-255,2902,208202,9,425086
24962,0.001829,172.31.36.0-255,66,208268,9,425086
24963,0.001849,74.125.68.0-255,1484,209752,9,425086
24964,0.001866,74.125.68.0-255,4320,214072,9,425086
24965,0.001868,172.31.36.0-255,66,214138,9,425086
24966,0.001871,74.125.68.0-255,1484,215622,9,425086
24967,0.001923,74.125.68.0-255,2902,218524,9,425086
24968,0.001925,172.31.36.0-255,66,218590,9,425086
24969,0.001931,74.125.68.0-255,5738,224328,9,425086
24970,0.001933,172.31.36.0-255,66,224394,9,425086
24971,0.001936,74.125.68.0-255,1484,225878,9,425086
24972,0.001952,74.125.68.0-255,1484,227362,9,425086
24973,0.001954,172.31.36.0-255,66,227428,9,425086
24974,0.001979,74.125.68.0-255,7156,234584,9,425086
24975,0.001981,172.31.36.0-255,66,234650,9,425086
24976,0.001983,74.125.68.0-255,1484,236134,9,425086
24977,0.002026,74.125.68.0-255,2184,238318,9,425086
24978,0.002029,172.31.36.0-255,66,238384,9,425086
24979,0.003997,74.125.68.0-255,1484,239868,9,425086
24980,0.004041,74.125.68.0-255,1484,241352,9,425086
24981,0.004043,172.31.36.0-255,66,241418,9,425086
24982,0.004059,74.125.68.0-255,2902,244320,9,425086
24983,0.004061,172.31.36.0-255,66,244386,9,425086
24984,0.00608,74.125.68.0-255,4320,248706,9,425086
24985,0.006088,172.31.36.0-255,66,248772,9,425086
24986,0.006111,74.125.68.0-255,1484,250256,9,425086
24987,0.008125,74.125.68.0-255,4320,254576,9,425086
24988,0.008131,172.31.36.0-255,66,254642,9,425086
24989,0.010177,74.125.68.0-255,5738,260380,9,425086
24990,0.010184,172.31.36.0-255,66,260446,9,425086
24991,0.012214,74.125.68.0-255,4320,264766,9,425086
24992,0.012221,172.31.36.0-255,66,264832,9,425086
24993,0.012238,74.125.68.0-255,1484,266316,9,425086
24994,0.014261,74.125.68.0-255,4320,270636,9,425086
24995,0.014269,172.31.36.0-255,66,270702,9,425086
24996,0.016309,74.125.68.0-255,5738,276440,9,425086
24997,0.016318,172.31.36.0-255,66,276506,9,425086
24998,0.018365,74.125.68.0-255,5738,282244,9,425086
24999,0.018374,172.31.36.0-255,66,282310,9,425086
25000,0.020406,74.125.68.0-255,5738,288048,9,425086
25001,0.020413,172.31.36.0-255,66,288114,9,425086
25002,0.02245,74.125.68.0-255,5738,293852,9,425086
25003,0.022458,172.31.36.0-255,66,293918,9,425086
25004,0.024491,74.125.68.0-255,5738,299656,9,425086
25005,0.024498,172.31.36.0-255,66,299722,9,425086
25006,0.026538,74.125.68.0-255,5738,305460,9,425086
25007,0.026545,172.31.36.0-255,66,305526,9,425086
25008,0.028581,74.125.68.0-255,5738,311264,9,425086
25009,0.028589,172.31.36.0-255,66,311330,9,425086
25010,0.030614,74.125.68.0-255,5738,317068,9,425086
25011,0.030619,172.31.36.0-255,66,317134,9,425086
25012,0.032666,74.125.68.0-255,5738,322872,9,425086
25013,0.032672,172.31.36.0-255,66,322938,9,425086
25014,0.034712,74.125.68.0-255,5738,328676,9,425086
25015,0.03472,172.31.36.0-255,66,328742,9,425086
25016,0.036754,74.125.68.0-255,5738,334480,9,425086
25017,0.036761,172.31.36.0-255,66,334546,9,425086
25018,0.038794,74.125.68.0-255,5738,340284,9,425086
25019,0.038802,172.31.36.0-255,66,340350,9,425086
25020,0.040842,74.125.68.0-255,5738,346088,9,425086
25021,0.04085,172.31.36.0-255,66,346154,9,425086
25022,0.042901,74.125.68.0-255,5738,351892,9,425086
25023,0.042907,172.31.36.0-255,66,351958,9,425086
25024,0.044949,74.125.68.0-255,5738,357696,9,425086
25025,0.044956,172.31.36.0-255,66,357762,9,425086
25026,0.046998,74.125.68.0-255,5738,363500,9,425086
25027,0.047005,172.31.36.0-255,66,363566,9,425086
25028,0.049045,74.125.68.0-255,5738,369304,9,425086
25029,0.049057,172.31.36.0-255,66,369370,9,425086
25030,0.051103,74.125.68.0-255,5738,375108,9,425086
25031,0.051109,172.31.36.0-255,66,375174,9,425086
25032,0.053157,74.125.68.0-255,5738,380912,9,425086
25033,0.053164,172.31.36.0-255,66,380978,9,425086
25034,0.055211,74.125.68.0-255,5738,386716,9,425086
25035,0.055218,172.31.36.0-255,66,386782,9,425086
25036,0.056425,172.31.36.0-255,172,386954,9,425086
25037,0.056455,172.31.36.0-255,1070,388024,9,425086
25038,0.057249,74.125.68.0-255,5738,393762,9,425086
25039,0.057256,172.31.36.0-255,66,393828,9,425086
25040,0.057977,104.244.42.0-255,66,393894,9,425086
25041,0.058029,104.244.42.0-255,66,393960,9,425086
25042,0.059297,74.125.68.0-255,5738,399698,9,425086
25043,0.059302,172.31.36.0-255,66,399764,9,425086
25044,0.06137,74.125.68.0-255,4320,404084,9,425086
25045,0.061375,172.31.36.0-255,66,404150,9,425086
25046,0.061409,74.125.68.0-255,1484,405634,9,425086
25047,0.06341,74.125.68.0-255,2902,408536,9,425086
25048,0.063415,172.31.36.0-255,66,408602,9,425086
25049,0.063439,74.125.68.0-255,1484,410086,9,425086
25050,0.065448,74.125.68.0-255,4320,414406,9,425086
25051,0.065453,172.31.36.0-255,66,414472,9,425086
25052,0.067488,74.125.68.0-255,5738,420210,9,425086
25053,0.067494,172.31.36.0-255,66,420276,9,425086
25054,0.069537,74.125.68.0-255,4573,424849,9,425086
25055,0.069542,172.31.36.0-255,66,424915,9,425086
25056,0.069737,172.31.36.0-255,105,425020,9,425086
25057,0.071739,74.125.68.0-255,66,425086,9,425086
25058,0.0,172.217.194.0-255,146,146,9,163840
25059,3.3e-05,172.31.36.0-255,66,212,9,163840
25060,4.1e-05,172.217.194.0-255,1484,1696,9,163840
25061,4.5e-05,172.31.36.0-255,66,1762,9,163840
25062,5e-05,172.217.194.0-255,2902,4664,9,163840
25063,6.1e-05,172.31.36.0-255,66,4730,9,163840
25064,6.8e-05,172.217.194.0-255,7156,11886,9,163840
25065,7.1e-05,172.31.36.0-255,66,11952,9,163840
25066,7.5e-05,172.217.194.0-255,1931,13883,9,163840
25067,7.7e-05,172.31.36.0-255,66,13949,9,163840
25068,0.000113,172.217.194.0-255,1484,15433,9,163840
25069,0.000116,172.31.36.0-255,66,15499,9,163840
25070,0.00015,172.31.36.0-255,66,15565,9,163840
25071,0.000153,172.217.194.0-255,1484,17049,9,163840
25072,0.000155,172.31.36.0-255,66,17115,9,163840
25073,0.000171,172.31.36.0-255,66,17181,9,163840
25074,0.00018,172.217.194.0-255,6438,23619,9,163840
25075,0.000182,172.31.36.0-255,66,23685,9,163840
25076,0.000345,172.217.194.0-255,1484,25169,9,163840
25077,0.000349,172.31.36.0-255,66,25235,9,163840
25078,0.000382,172.217.194.0-255,2902,28137,9,163840
25079,0.000386,172.31.36.0-255,66,28203,9,163840
25080,0.00039,172.217.194.0-255,2902,31105,9,163840
25081,0.000393,172.31.36.0-255,66,31171,9,163840
25082,0.000406,172.217.194.0-255,7156,38327,9,163840
25083,0.000409,172.31.36.0-255,66,38393,9,163840
25084,0.000451,172.31.36.0-255,66,38459,9,163840
25085,0.000513,172.31.36.0-255,66,38525,9,163840
25086,0.000519,172.217.194.0-255,5738,44263,9,163840
25087,0.000522,172.31.36.0-255,66,44329,9,163840
25088,0.000539,172.31.36.0-255,66,44395,9,163840
25089,0.000712,172.217.194.0-255,1484,45879,9,163840
25090,0.000727,172.217.194.0-255,2902,48781,9,163840
25091,0.000732,172.31.36.0-255,66,48847,9,163840
25092,0.000761,172.217.194.0-255,5738,54585,9,163840
25093,0.000764,172.31.36.0-255,66,54651,9,163840
25094,0.000771,172.217.194.0-255,5738,60389,9,163840
25095,0.000773,172.31.36.0-255,66,60455,9,163840
25096,0.000799,172.217.194.0-255,7156,67611,9,163840
25097,0.000803,172.31.36.0-255,66,67677,9,163840
25098,0.000804,172.217.194.0-255,4320,71997,9,163840
25099,0.000812,172.31.36.0-255,66,72063,9,163840
25100,0.000849,172.217.194.0-255,6438,78501,9,163840
25101,0.000852,172.31.36.0-255,66,78567,9,163840
25102,0.001101,172.217.194.0-255,1484,80051,9,163840
25103,0.001107,172.217.194.0-255,1484,81535,9,163840
25104,0.001109,172.31.36.0-255,66,81601,9,163840
25105,0.001137,172.217.194.0-255,1484,83085,9,163840
25106,0.001144,172.217.194.0-255,5738,88823,9,163840
25107,0.001147,172.31.36.0-255,66,88889,9,163840
25108,0.001155,172.217.194.0-255,7156,96045,9,163840
25109,0.001158,172.31.36.0-255,66,96111,9,163840
25110,0.001176,172.31.36.0-255,66,96177,9,163840
25111,0.001206,172.217.194.0-255,2902,99079,9,163840
25112,0.001209,172.31.36.0-255,66,99145,9,163840
25113,0.001229,172.31.36.0-255,66,99211,9,163840
25114,0.001237,172.217.194.0-255,7156,106367,9,163840
25115,0.00124,172.31.36.0-255,66,106433,9,163840
25116,0.001282,172.217.194.0-255,7156,113589,9,163840
25117,0.001285,172.31.36.0-255,66,113655,9,163840
25118,0.001295,172.31.36.0-255,66,113721,9,163840
25119,0.001312,172.31.36.0-255,66,113787,9,163840
25120,0.001328,172.31.36.0-255,66,113853,9,163840
25121,0.001331,172.217.194.0-255,1484,115337,9,163840
25122,0.001371,172.31.36.0-255,66,115403,9,163840
25123,0.001401,172.217.194.0-255,3602,119005,9,163840
25124,0.001404,172.31.36.0-255,66,119071,9,163840
25125,0.001466,172.31.36.0-255,66,119137,9,163840
25126,0.001498,172.217.194.0-255,7156,126293,9,163840
25127,0.001503,172.217.194.0-255,3602,129895,9,163840
25128,0.001503,172.31.36.0-255,66,129961,9,163840
25129,0.001508,172.31.36.0-255,66,130027,9,163840
25130,0.001528,172.31.36.0-255,66,130093,9,163840
25131,0.001537,172.31.36.0-255,66,130159,9,163840
25132,0.001542,172.217.194.0-255,5738,135897,9,163840
25133,0.001545,172.31.36.0-255,66,135963,9,163840
25134,0.001551,172.217.194.0-255,7156,143119,9,163840
25135,0.001553,172.31.36.0-255,66,143185,9,163840
25136,0.001567,172.31.36.0-255,66,143251,9,163840
25137,0.001572,172.217.194.0-255,6438,149689,9,163840
25138,0.001574,172.31.36.0-255,66,149755,9,163840
25139,0.001712,172.217.194.0-255,1484,151239,9,163840
25140,0.001718,172.217.194.0-255,2902,154141,9,163840
25141,0.001722,172.31.36.0-255,66,154207,9,163840
25142,0.001752,172.217.194.0-255,4320,158527,9,163840
25143,0.001755,172.31.36.0-255,66,158593,9,163840
25144,0.001782,172.217.194.0-255,1484,160077,9,163840
25145,0.001786,172.217.194.0-255,1484,161561,9,163840
25146,0.001788,172.31.36.0-255,66,161627,9,163840
25147,0.001799,172.31.36.0-255,66,161693,9,163840
25148,0.001851,172.31.36.0-255,66,161759,9,163840
25149,0.001886,172.31.36.0-255,66,161825,9,163840
25150,0.001897,172.31.36.0-255,66,161891,9,163840
25151,0.001939,172.31.36.0-255,66,161957,9,163840
25152,0.001982,172.31.36.0-255,66,162023,9,163840
25153,0.001986,172.217.194.0-255,97,162120,9,163840
25154,0.001988,172.217.194.0-255,105,162225,9,163840
25155,0.003675,172.31.36.0-255,66,162291,9,163840
25156,0.003703,172.31.36.0-255,105,162396,9,163840
25157,0.00601,172.217.194.0-255,66,162462,9,163840
25158,0.042035,172.31.36.0-255,176,162638,9,163840
25159,0.042066,172.31.36.0-255,1070,163708,9,163840
25160,0.043557,104.244.42.0-255,66,163774,9,163840
25161,0.043601,104.244.42.0-255,66,163840,9,163840
25162,0.0,74.125.68.0-255,153,153,9,373645
25163,3.3e-05,172.31.36.0-255,66,219,9,373645
25164,4e-05,74.125.68.0-255,1484,1703,9,373645
25165,4.5e-05,172.31.36.0-255,66,1769,9,373645
25166,4.8e-05,74.125.68.0-255,1484,3253,9,373645
25167,5.1e-05,172.31.36.0-255,66,3319,9,373645
25168,7.2e-05,74.125.68.0-255,1484,4803,9,373645
25169,7.4e-05,172.31.36.0-255,66,4869,9,373645
25170,7.9e-05,74.125.68.0-255,2902,7771,9,373645
25171,8.1e-05,172.31.36.0-255,66,7837,9,373645
25172,0.000111,74.125.68.0-255,4320,12157,9,373645
25173,0.000113,172.31.36.0-255,66,12223,9,373645
25174,0.000117,74.125.68.0-255,2028,14251,9,373645
25175,0.000119,172.31.36.0-255,66,14317,9,373645
25176,0.000187,74.125.68.0-255,2902,17219,9,373645
25177,0.000191,172.31.36.0-255,66,17285,9,373645
25178,0.000209,74.125.68.0-255,4320,21605,9,373645
25179,0.000212,172.31.36.0-255,66,21671,9,373645
25180,0.000231,74.125.68.0-255,1484,23155,9,373645
25181,0.000234,172.31.36.0-255,66,23221,9,373645
25182,0.000239,74.125.68.0-255,2902,26123,9,373645
25183,0.000241,172.31.36.0-255,66,26189,9,373645
25184,0.000291,74.125.68.0-255,4320,30509,9,373645
25185,0.000295,172.31.36.0-255,66,30575,9,373645
25186,0.000308,74.125.68.0-255,1125,31700,9,373645
25187,0.000311,172.31.36.0-255,66,31766,9,373645
25188,0.000398,74.125.68.0-255,1484,33250,9,373645
25189,0.000402,172.31.36.0-255,66,33316,9,373645
25190,0.000446,74.125.68.0-255,2902,36218,9,373645
25191,0.000455,172.31.36.0-255,66,36284,9,373645
25192,0.000477,74.125.68.0-255,4320,40604,9,373645
25193,0.00048,172.31.36.0-255,66,40670,9,373645
25194,0.000485,74.125.68.0-255,2902,43572,9,373645
25195,0.000488,172.31.36.0-255,66,43638,9,373645
25196,0.000515,74.125.68.0-255,4320,47958,9,373645
25197,0.000518,172.31.36.0-255,66,48024,9,373645
25198,0.000537,74.125.68.0-255,5738,53762,9,373645
25199,0.00054,172.31.36.0-255,66,53828,9,373645
25200,0.000553,74.125.68.0-255,1484,55312,9,373645
25201,0.000574,74.125.68.0-255,7156,62468,9,373645
25202,0.000578,172.31.36.0-255,66,62534,9,373645
25203,0.000594,74.125.68.0-255,1484,64018,9,373645
25204,0.000599,74.125.68.0-255,2184,66202,9,373645
25205,0.000601,172.31.36.0-255,66,66268,9,373645
25206,0.000641,74.125.68.0-255,392,66660,9,373645
25207,0.000658,74.125.68.0-255,118,66778,9,373645
25208,0.000775,74.125.68.0-255,1484,68262,9,373645
25209,0.00078,172.31.36.0-255,66,68328,9,373645
25210,0.000786,74.125.68.0-255,2902,71230,9,373645
25211,0.000788,172.31.36.0-255,66,71296,9,373645
25212,0.000805,74.125.68.0-255,5738,77034,9,373645
25213,0.000808,172.31.36.0-255,66,77100,9,373645
25214,0.000839,74.125.68.0-255,7156,84256,9,373645
25215,0.000843,172.31.36.0-255,66,84322,9,373645
25216,0.000865,74.125.68.0-255,5738,90060,9,373645
25217,0.000868,172.31.36.0-255,66,90126,9,373645
25218,0.000903,74.125.68.0-255,1484,91610,9,373645
25219,0.000934,172.31.36.0-255,66,91676,9,373645
25220,0.000953,74.125.68.0-255,330,92006,9,373645
25221,0.000993,74.125.68.0-255,1484,93490,9,373645
25222,0.000996,172.31.36.0-255,66,93556,9,373645
25223,0.001,74.125.68.0-255,1484,95040,9,373645
25224,0.001018,74.125.68.0-255,2902,97942,9,373645
25225,0.001022,74.125.68.0-255,2902,100844,9,373645
25226,0.001024,172.31.36.0-255,66,100910,9,373645
25227,0.001028,172.31.36.0-255,66,100976,9,373645
25228,0.001046,74.125.68.0-255,2902,103878,9,373645
25229,0.001049,172.31.36.0-255,66,103944,9,373645
25230,0.001061,172.31.36.0-255,66,104010,9,373645
25231,0.001067,74.125.68.0-255,4320,108330,9,373645
25232,0.001069,172.31.36.0-255,66,108396,9,373645
25233,0.001098,74.125.68.0-255,5738,114134,9,373645
25234,0.001101,172.31.36.0-255,66,114200,9,373645
25235,0.001104,74.125.68.0-255,766,114966,9,373645
25236,0.001295,74.125.68.0-255,1484,116450,9,373645
25237,0.001299,172.31.36.0-255,66,116516,9,373645
25238,0.001324,74.125.68.0-255,2902,119418,9,373645
25239,0.001328,172.31.36.0-255,66,119484,9,373645
25240,0.001333,74.125.68.0-255,2902,122386,9,373645
25241,0.001335,172.31.36.0-255,66,122452,9,373645
25242,0.00135,74.125.68.0-255,2902,125354,9,373645
25243,0.001353,172.31.36.0-255,66,125420,9,373645
25244,0.001359,74.125.68.0-255,5738,131158,9,373645
25245,0.001362,172.31.36.0-255,66,131224,9,373645
25246,0.001383,74.125.68.0-255,2902,134126,9,373645
25247,0.001385,172.31.36.0-255,66,134192,9,373645
25248,0.001398,172.31.36.0-255,66,134258,9,373645
25249,0.001418,74.125.68.0-255,5020,139278,9,373645
25250,0.001421,172.31.36.0-255,66,139344,9,373645
25251,0.001861,74.125.68.0-255,1484,140828,9,373645
25252,0.001871,74.125.68.0-255,2902,143730,9,373645
25253,0.001876,172.31.36.0-255,66,143796,9,373645
25254,0.00188,74.125.68.0-255,1484,145280,9,373645
25255,0.001884,74.125.68.0-255,1484,146764,9,373645
25256,0.001886,172.31.36.0-255,66,146830,9,373645
25257,0.001905,74.125.68.0-255,1484,148314,9,373645
25258,0.001911,74.125.68.0-255,4320,152634,9,373645
25259,0.001914,172.31.36.0-255,66,152700,9,373645
25260,0.001941,74.125.68.0-255,1484,154184,9,373645
25261,0.001948,74.125.68.0-255,7156,161340,9,373645
25262,0.001951,172.31.36.0-255,66,161406,9,373645
25263,0.001961,172.31.36.0-255,66,161472,9,373645
25264,0.001982,74.125.68.0-255,3602,165074,9,373645
25265,0.001985,172.31.36.0-255,66,165140,9,373645
25266,0.002048,74.125.68.0-255,1484,166624,9,373645
25267,0.002066,74.125.68.0-255,2902,169526,9,373645
25268,0.002069,172.31.36.0-255,66,169592,9,373645
25269,0.002092,74.125.68.0-255,4320,173912,9,373645
25270,0.002095,172.31.36.0-255,66,173978,9,373645
25271,0.002101,74.125.68.0-255,5738,179716,9,373645
25272,0.002103,172.31.36.0-255,66,179782,9,373645
25273,0.002164,172.31.36.0-255,66,179848,9,373645
25274,0.002182,74.125.68.0-255,1484,181332,9,373645
25275,0.002203,74.125.68.0-255,6438,187770,9,373645
25276,0.002206,172.31.36.0-255,66,187836,9,373645
25277,0.004424,74.125.68.0-255,5738,193574,9,373645
25278,0.004432,172.31.36.0-255,66,193640,9,373645
25279,0.00663,74.125.68.0-255,5738,199378,9,373645
25280,0.006633,172.31.36.0-255,66,199444,9,373645
25281,0.008858,74.125.68.0-255,5738,205182,9,373645
25282,0.008864,172.31.36.0-255,66,205248,9,373645
25283,0.011073,74.125.68.0-255,5738,210986,9,373645
25284,0.011083,172.31.36.0-255,66,211052,9,373645
25285,0.013298,74.125.68.0-255,5738,216790,9,373645
25286,0.013307,172.31.36.0-255,66,216856,9,373645
25287,0.015531,74.125.68.0-255,5738,222594,9,373645
25288,0.015541,172.31.36.0-255,66,222660,9,373645
25289,0.017754,74.125.68.0-255,5738,228398,9,373645
25290,0.017765,172.31.36.0-255,66,228464,9,373645
25291,0.019977,74.125.68.0-255,5738,234202,9,373645
25292,0.019984,172.31.36.0-255,66,234268,9,373645
25293,0.022205,74.125.68.0-255,5738,240006,9,373645
25294,0.022214,172.31.36.0-255,66,240072,9,373645
25295,0.024425,74.125.68.0-255,5738,245810,9,373645
25296,0.024433,172.31.36.0-255,66,245876,9,373645
25297,0.026647,74.125.68.0-255,5738,251614,9,373645
25298,0.026655,172.31.36.0-255,66,251680,9,373645
25299,0.028862,74.125.68.0-255,4320,256000,9,373645
25300,0.028868,172.31.36.0-255,66,256066,9,373645
25301,0.028897,74.125.68.0-255,1484,257550,9,373645
25302,0.03108,74.125.68.0-255,4320,261870,9,373645
25303,0.031088,172.31.36.0-255,66,261936,9,373645
25304,0.033302,74.125.68.0-255,5738,267674,9,373645
25305,0.033311,172.31.36.0-255,66,267740,9,373645
25306,0.035544,74.125.68.0-255,5738,273478,9,373645
25307,0.035554,172.31.36.0-255,66,273544,9,373645
25308,0.037775,74.125.68.0-255,5738,279282,9,373645
25309,0.037784,172.31.36.0-255,66,279348,9,373645
25310,0.040003,74.125.68.0-255,5738,285086,9,373645
25311,0.040012,172.31.36.0-255,66,285152,9,373645
25312,0.042227,74.125.68.0-255,5738,290890,9,373645
25313,0.042236,172.31.36.0-255,66,290956,9,373645
25314,0.044445,74.125.68.0-255,5738,296694,9,373645
25315,0.044452,172.31.36.0-255,66,296760,9,373645
25316,0.046664,74.125.68.0-255,5738,302498,9,373645
25317,0.046671,172.31.36.0-255,66,302564,9,373645
25318,0.048886,74.125.68.0-255,5738,308302,9,373645
25319,0.048896,172.31.36.0-255,66,308368,9,373645
25320,0.051125,74.125.68.0-255,5738,314106,9,373645
25321,0.051134,172.31.36.0-255,66,314172,9,373645
25322,0.053347,74.125.68.0-255,5738,319910,9,373645
25323,0.053353,172.31.36.0-255,66,319976,9,373645
25324,0.054107,172.31.36.0-255,172,320148,9,373645
25325,0.054136,172.31.36.0-255,1070,321218,9,373645
25326,0.055573,74.125.68.0-255,5738,326956,9,373645
25327,0.05558,172.31.36.0-255,66,327022,9,373645
25328,0.055635,104.244.42.0-255,66,327088,9,373645
25329,0.055696,104.244.42.0-255,66,327154,9,373645
25330,0.057787,74.125.68.0-255,5738,332892,9,373645
25331,0.057792,172.31.36.0-255,66,332958,9,373645
25332,0.06001,74.125.68.0-255,5738,338696,9,373645
25333,0.060016,172.31.36.0-255,66,338762,9,373645
25334,0.062228,74.125.68.0-255,5738,344500,9,373645
25335,0.062234,172.31.36.0-255,66,344566,9,373645
25336,0.064438,74.125.68.0-255,5738,350304,9,373645
25337,0.064443,172.31.36.0-255,66,350370,9,373645
25338,0.06667,74.125.68.0-255,5738,356108,9,373645
25339,0.066675,172.31.36.0-255,66,356174,9,373645
25340,0.068884,74.125.68.0-255,4320,360494,9,373645
25341,0.068905,172.31.36.0-255,66,360560,9,373645
25342,0.068921,74.125.68.0-255,1484,362044,9,373645
25343,0.071114,74.125.68.0-255,4320,366364,9,373645
25344,0.07112,172.31.36.0-255,66,366430,9,373645
25345,0.073346,74.125.68.0-255,5738,372168,9,373645
25346,0.073351,172.31.36.0-255,66,372234,9,373645
25347,0.07555,74.125.68.0-255,1174,373408,9,373645
25348,0.075789,172.31.36.0-255,66,373474,9,373645
25349,0.075816,172.31.36.0-255,105,373579,9,373645
25350,0.077994,74.125.68.0-255,66,373645,9,373645
25351,0.0,172.31.36.0-255,105,105,9,276
25352,0.001476,157.240.13.0-255,105,210,9,276
25353,0.001489,172.31.36.0-255,66,276,9,276
25354,0.0,74.125.24.0-255,153,153,9,344358
25355,2.2e-05,172.31.36.0-255,66,219,9,344358
25356,2.9e-05,74.125.24.0-255,1484,1703,9,344358
25357,3.5e-05,172.31.36.0-255,66,1769,9,344358
25358,4.1e-05,74.125.24.0-255,2902,4671,9,344358
25359,4.4e-05,172.31.36.0-255,66,4737,9,344358
25360,5.1e-05,74.125.24.0-255,5738,10475,9,344358
25361,5.4e-05,172.31.36.0-255,66,10541,9,344358
25362,8.7e-05,74.125.24.0-255,3444,13985,9,344358
25363,9e-05,172.31.36.0-255,66,14051,9,344358
25364,0.00037,74.125.24.0-255,1484,15535,9,344358
25365,0.000375,172.31.36.0-255,66,15601,9,344358
25366,0.00038,74.125.24.0-255,2902,18503,9,344358
25367,0.000383,172.31.36.0-255,66,18569,9,344358
25368,0.000388,74.125.24.0-255,4320,22889,9,344358
25369,0.000391,172.31.36.0-255,66,22955,9,344358
25370,0.000426,74.125.24.0-255,5738,28693,9,344358
25371,0.000429,172.31.36.0-255,66,28759,9,344358
25372,0.000463,74.125.24.0-255,2543,31302,9,344358
25373,0.000466,172.31.36.0-255,66,31368,9,344358
25374,0.000611,74.125.24.0-255,1484,32852,9,344358
25375,0.000615,172.31.36.0-255,66,32918,9,344358
25376,0.000635,74.125.24.0-255,2902,35820,9,344358
25377,0.000638,172.31.36.0-255,66,35886,9,344358
25378,0.000641,74.125.24.0-255,1484,37370,9,344358
25379,0.000643,172.31.36.0-255,66,37436,9,344358
25380,0.000658,74.125.24.0-255,4320,41756,9,344358
25381,0.000661,172.31.36.0-255,66,41822,9,344358
25382,0.000678,74.125.24.0-255,4320,46142,9,344358
25383,0.00068,172.31.36.0-255,66,46208,9,344358
25384,0.000702,74.125.24.0-255,6797,53005,9,344358
25385,0.000705,172.31.36.0-255,66,53071,9,344358
25386,0.000766,74.125.24.0-255,5738,58809,9,344358
25387,0.00077,172.31.36.0-255,66,58875,9,344358
25388,0.000794,74.125.24.0-255,6797,65672,9,344358
25389,0.000797,172.31.36.0-255,66,65738,9,344358
25390,0.000839,74.125.24.0-255,368,66106,9,344358
25391,0.000842,172.31.36.0-255,66,66172,9,344358
25392,0.000845,74.125.24.0-255,408,66580,9,344358
25393,0.000847,172.31.36.0-255,66,66646,9,344358
25394,0.001282,74.125.24.0-255,1484,68130,9,344358
25395,0.001286,172.31.36.0-255,66,68196,9,344358
25396,0.00129,74.125.24.0-255,1484,69680,9,344358
25397,0.001305,74.125.24.0-255,1484,71164,9,344358
25398,0.001311,172.31.36.0-255,66,71230,9,344358
25399,0.001327,74.125.24.0-255,2902,74132,9,344358
25400,0.001347,74.125.24.0-255,7156,81288,9,344358
25401,0.001353,172.31.36.0-255,66,81354,9,344358
25402,0.001374,74.125.24.0-255,4320,85674,9,344358
25403,0.001405,172.31.36.0-255,66,85740,9,344358
25404,0.001494,74.125.24.0-255,3602,89342,9,344358
25405,0.001498,172.31.36.0-255,66,89408,9,344358
25406,0.002341,74.125.24.0-255,1484,90892,9,344358
25407,0.002348,172.31.36.0-255,66,90958,9,344358
25408,0.002357,74.125.24.0-255,2902,93860,9,344358
25409,0.002359,172.31.36.0-255,66,93926,9,344358
25410,0.002366,74.125.24.0-255,4320,98246,9,344358
25411,0.002368,172.31.36.0-255,66,98312,9,344358
25412,0.002389,74.125.24.0-255,1484,99796,9,344358
25413,0.002397,74.125.24.0-255,5738,105534,9,344358
25414,0.002408,74.125.24.0-255,1484,107018,9,344358
25415,0.002477,74.125.24.0-255,5738,112756,9,344358
25416,0.002561,74.125.24.0-255,2184,114940,9,344358
25417,0.002585,74.125.24.0-255,1484,116424,9,344358
25418,0.002602,74.125.24.0-255,4320,120744,9,344358
25419,0.002612,74.125.24.0-255,1484,122228,9,344358
25420,0.002633,74.125.24.0-255,2902,125130,9,344358
25421,0.002668,74.125.24.0-255,1484,126614,9,344358
25422,0.00273,74.125.24.0-255,1484,128098,9,344358
25423,0.002764,74.125.24.0-255,2902,131000,9,344358
25424,0.007455,172.31.36.0-255,66,131066,9,344358
25425,0.010014,74.125.24.0-255,5738,136804,9,344358
25426,0.010026,172.31.36.0-255,66,136870,9,344358
25427,0.012631,74.125.24.0-255,5738,142608,9,344358
25428,0.012642,172.31.36.0-255,66,142674,9,344358
25429,0.015222,74.125.24.0-255,5738,148412,9,344358
25430,0.01524,172.31.36.0-255,66,148478,9,344358
25431,0.017798,74.125.24.0-255,5738,154216,9,344358
25432,0.017807,172.31.36.0-255,66,154282,9,344358
25433,0.020398,74.125.24.0-255,5738,160020,9,344358
25434,0.020406,172.31.36.0-255,66,160086,9,344358
25435,0.022956,74.125.24.0-255,5738,165824,9,344358
25436,0.022968,172.31.36.0-255,66,165890,9,344358
25437,0.025522,74.125.24.0-255,5738,171628,9,344358
25438,0.025532,172.31.36.0-255,66,171694,9,344358
25439,0.028087,74.125.24.0-255,5738,177432,9,344358
25440,0.028093,172.31.36.0-255,66,177498,9,344358
25441,0.028816,172.31.36.0-255,171,177669,9,344358
25442,0.028846,172.31.36.0-255,1115,178784,9,344358
25443,0.028904,172.31.36.0-255,1514,180298,9,344358
25444,0.028906,172.31.36.0-255,1284,181582,9,344358
25445,0.03039,104.244.42.0-255,66,181648,9,344358
25446,0.030424,104.244.42.0-255,66,181714,9,344358
25447,0.030471,104.244.42.0-255,66,181780,9,344358
25448,0.030637,74.125.24.0-255,5738,187518,9,344358
25449,0.030642,172.31.36.0-255,66,187584,9,344358
25450,0.033177,74.125.24.0-255,5738,193322,9,344358
25451,0.033185,172.31.36.0-255,66,193388,9,344358
25452,0.035736,74.125.24.0-255,5738,199126,9,344358
25453,0.035748,172.31.36.0-255,66,199192,9,344358
25454,0.038359,74.125.24.0-255,5738,204930,9,344358
25455,0.038374,172.31.36.0-255,66,204996,9,344358
25456,0.040921,74.125.24.0-255,5738,210734,9,344358
25457,0.04093,172.31.36.0-255,66,210800,9,344358
25458,0.043489,74.125.24.0-255,5738,216538,9,344358
25459,0.043498,172.31.36.0-255,66,216604,9,344358
25460,0.046048,74.125.24.0-255,5738,222342,9,344358
25461,0.046058,172.31.36.0-255,66,222408,9,344358
25462,0.048572,74.125.24.0-255,5738,228146,9,344358
25463,0.04858,172.31.36.0-255,66,228212,9,344358
25464,0.051109,74.125.24.0-255,5738,233950,9,344358
25465,0.051117,172.31.36.0-255,66,234016,9,344358
25466,0.053661,74.125.24.0-255,5738,239754,9,344358
25467,0.053672,172.31.36.0-255,66,239820,9,344358
25468,0.056246,74.125.24.0-255,5738,245558,9,344358
25469,0.056257,172.31.36.0-255,66,245624,9,344358
25470,0.058832,74.125.24.0-255,5738,251362,9,344358
25471,0.05884,172.31.36.0-255,66,251428,9,344358
25472,0.061387,74.125.24.0-255,5738,257166,9,344358
25473,0.061394,172.31.36.0-255,66,257232,9,344358
25474,0.06396,74.125.24.0-255,5738,262970,9,344358
25475,0.063966,172.31.36.0-255,66,263036,9,344358
25476,0.066516,74.125.24.0-255,5738,268774,9,344358
25477,0.066524,172.31.36.0-255,66,268840,9,344358
25478,0.069045,74.125.24.0-255,5738,274578,9,344358
25479,0.069053,172.31.36.0-255,66,274644,9,344358
25480,0.071603,74.125.24.0-255,5738,280382,9,344358
25481,0.071612,172.31.36.0-255,66,280448,9,344358
25482,0.074186,74.125.24.0-255,5738,286186,9,344358
25483,0.074193,172.31.36.0-255,66,286252,9,344358
25484,0.076749,74.125.24.0-255,5738,291990,9,344358
25485,0.076756,172.31.36.0-255,66,292056,9,344358
25486,0.079286,74.125.24.0-255,5738,297794,9,344358
25487,0.079293,172.31.36.0-255,66,297860,9,344358
25488,0.081821,74.125.24.0-255,5738,303598,9,344358
25489,0.081828,172.31.36.0-255,66,303664,9,344358
25490,0.084356,74.125.24.0-255,5738,309402,9,344358
25491,0.084364,172.31.36.0-255,66,309468,9,344358
25492,0.086896,74.125.24.0-255,5738,315206,9,344358
25493,0.086903,172.31.36.0-255,66,315272,9,344358
25494,0.089453,74.125.24.0-255,5738,321010,9,344358
25495,0.089462,172.31.36.0-255,66,321076,9,344358
25496,0.092028,74.125.24.0-255,5738,326814,9,344358
25497,0.092036,172.31.36.0-255,66,326880,9,344358
25498,0.094564,74.125.24.0-255,5738,332618,9,344358
25499,0.09457,172.31.36.0-255,66,332684,9,344358
25500,0.097169,74.125.24.0-255,5738,338422,9,344358
25501,0.097175,172.31.36.0-255,66,338488,9,344358
25502,0.099707,74.125.24.0-255,4320,342808,9,344358
25503,0.099714,172.31.36.0-255,66,342874,9,344358
25504,0.099732,74.125.24.0-255,1484,344358,9,344358
25505,0.0,172.31.36.0-255,105,105,9,276
25506,0.001493,157.240.13.0-255,105,210,9,276
25507,0.001509,172.31.36.0-255,66,276,9,276
25508,0.0,74.125.24.0-255,66,66,9,66
25509,0.0,74.82.47.0-255,60,60,9,114
25510,2.5e-05,172.31.36.0-255,54,114,9,114
25511,0.0,172.217.27.0-255,146,146,9,413073
25512,2.4e-05,172.31.36.0-255,66,212,9,413073
25513,3.2e-05,172.217.27.0-255,1484,1696,9,413073
25514,3.6e-05,172.31.36.0-255,66,1762,9,413073
25515,4.2e-05,172.217.27.0-255,2902,4664,9,413073
25516,4.5e-05,172.31.36.0-255,66,4730,9,413073
25517,5.4e-05,172.217.27.0-255,7156,11886,9,413073
25518,5.8e-05,172.31.36.0-255,66,11952,9,413073
25519,7.2e-05,172.31.36.0-255,66,12018,9,413073
25520,8.6e-05,172.31.36.0-255,66,12084,9,413073
25521,0.000263,172.217.27.0-255,1484,13568,9,413073
25522,0.000268,172.31.36.0-255,66,13634,9,413073
25523,0.000274,172.217.27.0-255,2902,16536,9,413073
25524,0.000277,172.31.36.0-255,66,16602,9,413073
25525,0.000284,172.217.27.0-255,5738,22340,9,413073
25526,0.000288,172.31.36.0-255,66,22406,9,413073
25527,0.000333,172.217.27.0-255,6797,29203,9,413073
25528,0.000336,172.31.36.0-255,66,29269,9,413073
25529,0.000343,172.217.27.0-255,7156,36425,9,413073
25530,0.000346,172.31.36.0-255,66,36491,9,413073
25531,0.00035,172.217.27.0-255,2902,39393,9,413073
25532,0.000352,172.31.36.0-255,66,39459,9,413073
25533,0.000382,172.217.27.0-255,6797,46256,9,413073
25534,0.000385,172.31.36.0-255,66,46322,9,413073
25535,0.000388,172.217.27.0-255,389,46711,9,413073
25536,0.00039,172.31.36.0-255,66,46777,9,413073
25537,0.001037,172.217.27.0-255,121,46898,9,413073
25538,0.001043,172.31.36.0-255,66,46964,9,413073
25539,0.001181,172.217.27.0-255,1484,48448,9,413073
25540,0.001185,172.31.36.0-255,66,48514,9,413073
25541,0.001191,172.217.27.0-255,2902,51416,9,413073
25542,0.001194,172.31.36.0-255,66,51482,9,413073
25543,0.001223,172.217.27.0-255,4320,55802,9,413073
25544,0.001225,172.31.36.0-255,66,55868,9,413073
25545,0.001232,172.217.27.0-255,5738,61606,9,413073
25546,0.001234,172.31.36.0-255,66,61672,9,413073
25547,0.001255,172.217.27.0-255,5379,67051,9,413073
25548,0.001258,172.31.36.0-255,66,67117,9,413073
25549,0.001262,172.217.27.0-255,2902,70019,9,413073
25550,0.001264,172.31.36.0-255,66,70085,9,413073
25551,0.001282,172.217.27.0-255,2902,72987,9,413073
25552,0.001284,172.31.36.0-255,66,73053,9,413073
25553,0.001321,172.217.27.0-255,5738,78791,9,413073
25554,0.001324,172.31.36.0-255,66,78857,9,413073
25555,0.001341,172.217.27.0-255,2543,81400,9,413073
25556,0.001343,172.31.36.0-255,66,81466,9,413073
25557,0.002981,172.217.27.0-255,5738,87204,9,413073
25558,0.002988,172.31.36.0-255,66,87270,9,413073
25559,0.004649,172.217.27.0-255,5738,93008,9,413073
25560,0.004656,172.31.36.0-255,66,93074,9,413073
25561,0.006309,172.217.27.0-255,2902,95976,9,413073
25562,0.006315,172.31.36.0-255,66,96042,9,413073
25563,0.006339,172.217.27.0-255,2902,98944,9,413073
25564,0.006341,172.31.36.0-255,66,99010,9,413073
25565,0.007967,172.217.27.0-255,2902,101912,9,413073
25566,0.007973,172.31.36.0-255,66,101978,9,413073
25567,0.007994,172.217.27.0-255,2902,104880,9,413073
25568,0.007997,172.31.36.0-255,66,104946,9,413073
25569,0.009631,172.217.27.0-255,5738,110684,9,413073
25570,0.009638,172.31.36.0-255,66,110750,9,413073
25571,0.011295,172.217.27.0-255,5738,116488,9,413073
25572,0.011302,172.31.36.0-255,66,116554,9,413073
25573,0.012964,172.217.27.0-255,5738,122292,9,413073
25574,0.012972,172.31.36.0-255,66,122358,9,413073
25575,0.014626,172.217.27.0-255,5738,128096,9,413073
25576,0.014633,172.31.36.0-255,66,128162,9,413073
25577,0.016293,172.217.27.0-255,5738,133900,9,413073
25578,0.0163,172.31.36.0-255,66,133966,9,413073
25579,0.017966,172.217.27.0-255,5738,139704,9,413073
25580,0.017974,172.31.36.0-255,66,139770,9,413073
25581,0.019645,172.217.27.0-255,5738,145508,9,413073
25582,0.019654,172.31.36.0-255,66,145574,9,413073
25583,0.021322,172.217.27.0-255,5738,151312,9,413073
25584,0.02133,172.31.36.0-255,66,151378,9,413073
25585,0.022994,172.217.27.0-255,5738,157116,9,413073
25586,0.023002,172.31.36.0-255,66,157182,9,413073
25587,0.024667,172.217.27.0-255,5738,162920,9,413073
25588,0.024675,172.31.36.0-255,66,162986,9,413073
25589,0.02634,172.217.27.0-255,5738,168724,9,413073
25590,0.026348,172.31.36.0-255,66,168790,9,413073
25591,0.028009,172.217.27.0-255,5738,174528,9,413073
25592,0.028016,172.31.36.0-255,66,174594,9,413073
25593,0.029672,172.217.27.0-255,5738,180332,9,413073
25594,0.029679,172.31.36.0-255,66,180398,9,413073
25595,0.031331,172.217.27.0-255,5738,186136,9,413073
25596,0.031339,172.31.36.0-255,66,186202,9,413073
25597,0.033001,172.217.27.0-255,5738,191940,9,413073
25598,0.033008,172.31.36.0-255,66,192006,9,413073
25599,0.034668,172.217.27.0-255,5738,197744,9,413073
25600,0.034676,172.31.36.0-255,66,197810,9,413073
25601,0.036339,172.217.27.0-255,5738,203548,9,413073
25602,0.036346,172.31.36.0-255,66,203614,9,413073
25603,0.038039,172.217.27.0-255,5738,209352,9,413073
25604,0.038047,172.31.36.0-255,66,209418,9,413073
25605,0.039707,172.217.27.0-255,5738,215156,9,413073
25606,0.039715,172.31.36.0-255,66,215222,9,413073
25607,0.041369,172.217.27.0-255,5738,220960,9,413073
25608,0.041373,172.31.36.0-255,66,221026,9,413073
25609,0.043026,172.217.27.0-255,5738,226764,9,413073
25610,0.043034,172.31.36.0-255,66,226830,9,413073
25611,0.04469,172.217.27.0-255,5738,232568,9,413073
25612,0.044698,172.31.36.0-255,66,232634,9,413073
25613,0.046366,172.217.27.0-255,5738,238372,9,413073
25614,0.046373,172.31.36.0-255,66,238438,9,413073
25615,0.048036,172.217.27.0-255,5738,244176,9,413073
25616,0.048044,172.31.36.0-255,66,244242,9,413073
25617,0.049702,172.217.27.0-255,5738,249980,9,413073
25618,0.049709,172.31.36.0-255,66,250046,9,413073
25619,0.051372,172.217.27.0-255,5738,255784,9,413073
25620,0.05138,172.31.36.0-255,66,255850,9,413073
25621,0.053061,172.217.27.0-255,5738,261588,9,413073
25622,0.053068,172.31.36.0-255,66,261654,9,413073
25623,0.054753,172.217.27.0-255,5738,267392,9,413073
25624,0.05476,172.31.36.0-255,66,267458,9,413073
25625,0.05642,172.217.27.0-255,5738,273196,9,413073
25626,0.056427,172.31.36.0-255,66,273262,9,413073
25627,0.058087,172.217.27.0-255,5738,279000,9,413073
25628,0.058094,172.31.36.0-255,66,279066,9,413073
25629,0.059752,172.217.27.0-255,5738,284804,9,413073
25630,0.059761,172.31.36.0-255,66,284870,9,413073
25631,0.061423,172.217.27.0-255,5738,290608,9,413073
25632,0.061431,172.31.36.0-255,66,290674,9,413073
25633,0.062093,172.31.36.0-255,221,290895,9,413073
25634,0.062121,172.31.36.0-255,1116,292011,9,413073
25635,0.062185,172.31.36.0-255,1514,293525,9,413073
25636,0.062187,172.31.36.0-255,1514,295039,9,413073
25637,0.062192,172.31.36.0-255,1514,296553,9,413073
25638,0.062193,172.31.36.0-255,106,296659,9,413073
25639,0.063084,172.217.27.0-255,5738,302397,9,413073
25640,0.063091,172.31.36.0-255,66,302463,9,413073
25641,0.063658,104.244.42.0-255,66,302529,9,413073
25642,0.063699,104.244.42.0-255,66,302595,9,413073
25643,0.063736,104.244.42.0-255,66,302661,9,413073
25644,0.063741,104.244.42.0-255,66,302727,9,413073
25645,0.064757,172.217.27.0-255,5738,308465,9,413073
25646,0.064764,172.31.36.0-255,66,308531,9,413073
25647,0.066431,172.217.27.0-255,5738,314269,9,413073
25648,0.066438,172.31.36.0-255,66,314335,9,413073
25649,0.068102,172.217.27.0-255,5738,320073,9,413073
25650,0.068108,172.31.36.0-255,66,320139,9,413073
25651,0.06977,172.217.27.0-255,5738,325877,9,413073
25652,0.069776,172.31.36.0-255,66,325943,9,413073
25653,0.071451,172.217.27.0-255,5738,331681,9,413073
25654,0.071458,172.31.36.0-255,66,331747,9,413073
25655,0.073118,172.217.27.0-255,5738,337485,9,413073
25656,0.073125,172.31.36.0-255,66,337551,9,413073
25657,0.07478,172.217.27.0-255,5738,343289,9,413073
25658,0.074786,172.31.36.0-255,66,343355,9,413073
25659,0.076454,172.217.27.0-255,5738,349093,9,413073
25660,0.076461,172.31.36.0-255,66,349159,9,413073
25661,0.078134,172.217.27.0-255,5738,354897,9,413073
25662,0.078142,172.31.36.0-255,66,354963,9,413073
25663,0.079806,172.217.27.0-255,5738,360701,9,413073
25664,0.079813,172.31.36.0-255,66,360767,9,413073
25665,0.081478,172.217.27.0-255,5738,366505,9,413073
25666,0.081485,172.31.36.0-255,66,366571,9,413073
25667,0.083152,172.217.27.0-255,5738,372309,9,413073
25668,0.083159,172.31.36.0-255,66,372375,9,413073
25669,0.084831,172.217.27.0-255,5738,378113,9,413073
25670,0.084839,172.31.36.0-255,66,378179,9,413073
25671,0.086514,172.217.27.0-255,5738,383917,9,413073
25672,0.086521,172.31.36.0-255,66,383983,9,413073
25673,0.088173,172.217.27.0-255,5738,389721,9,413073
25674,0.08818,172.31.36.0-255,66,389787,9,413073
25675,0.089849,172.217.27.0-255,5738,395525,9,413073
25676,0.089857,172.31.36.0-255,66,395591,9,413073
25677,0.091563,172.217.27.0-255,5738,401329,9,413073
25678,0.091569,172.31.36.0-255,66,401395,9,413073
25679,0.093231,172.217.27.0-255,5738,407133,9,413073
25680,0.093237,172.31.36.0-255,66,407199,9,413073
25681,0.094905,172.217.27.0-255,5637,412836,9,413073
25682,0.094912,172.31.36.0-255,66,412902,9,413073
25683,0.095104,172.31.36.0-255,105,413007,9,413073
25684,0.096729,172.217.27.0-255,66,413073,9,413073
25685,0.0,172.253.118.0-255,298,298,9,354846
25686,3.5e-05,172.31.36.0-255,66,364,9,354846
25687,4.1e-05,172.253.118.0-255,1484,1848,9,354846
25688,4.5e-05,172.31.36.0-255,66,1914,9,354846
25689,5.1e-05,172.253.118.0-255,4320,6234,9,354846
25690,5.3e-05,172.31.36.0-255,66,6300,9,354846
25691,5.9e-05,172.253.118.0-255,7156,13456,9,354846
25692,6.2e-05,172.31.36.0-255,66,13522,9,354846
25693,6.4e-05,172.253.118.0-255,438,13960,9,354846
25694,6.6e-05,172.31.36.0-255,66,14026,9,354846
25695,0.000241,172.253.118.0-255,1484,15510,9,354846
25696,0.000245,172.31.36.0-255,66,15576,9,354846
25697,0.00025,172.253.118.0-255,2902,18478,9,354846
25698,0.000253,172.31.36.0-255,66,18544,9,354846
25699,0.000273,172.253.118.0-255,5738,24282,9,354846
25700,0.000276,172.31.36.0-255,66,24348,9,354846
25701,0.000306,172.253.118.0-255,6797,31145,9,354846
25702,0.000309,172.31.36.0-255,66,31211,9,354846
25703,0.000688,172.253.118.0-255,1484,32695,9,354846
25704,0.000693,172.31.36.0-255,66,32761,9,354846
25705,0.000715,172.253.118.0-255,2902,35663,9,354846
25706,0.000718,172.31.36.0-255,66,35729,9,354846
25707,0.000723,172.253.118.0-255,2902,38631,9,354846
25708,0.000725,172.31.36.0-255,66,38697,9,354846
25709,0.000731,172.253.118.0-255,7156,45853,9,354846
25710,0.000736,172.31.36.0-255,66,45919,9,354846
25711,0.000746,172.253.118.0-255,1484,47403,9,354846
25712,0.000748,172.31.36.0-255,66,47469,9,354846
25713,0.000793,172.31.36.0-255,66,47535,9,354846
25714,0.000798,172.253.118.0-255,2543,50078,9,354846
25715,0.000801,172.31.36.0-255,66,50144,9,354846
25716,0.000907,172.253.118.0-255,412,50556,9,354846
25717,0.000946,172.253.118.0-255,330,50886,9,354846
25718,0.001024,172.31.36.0-255,66,50952,9,354846
25719,0.001161,172.253.118.0-255,1484,52436,9,354846
25720,0.001181,172.253.118.0-255,2902,55338,9,354846
25721,0.001185,172.31.36.0-255,66,55404,9,354846
25722,0.001193,172.253.118.0-255,5738,61142,9,354846
25723,0.001195,172.31.36.0-255,66,61208,9,354846
25724,0.001198,172.253.118.0-255,1484,62692,9,354846
25725,0.001225,172.31.36.0-255,66,62758,9,354846
25726,0.001232,172.253.118.0-255,7156,69914,9,354846
25727,0.001234,172.31.36.0-255,66,69980,9,354846
25728,0.001275,172.253.118.0-255,3602,73582,9,354846
25729,0.001278,172.31.36.0-255,66,73648,9,354846
25730,0.001396,172.253.118.0-255,1484,75132,9,354846
25731,0.001414,172.253.118.0-255,2902,78034,9,354846
25732,0.001417,172.31.36.0-255,66,78100,9,354846
25733,0.001421,172.253.118.0-255,1484,79584,9,354846
25734,0.00144,172.253.118.0-255,4320,83904,9,354846
25735,0.001443,172.31.36.0-255,66,83970,9,354846
25736,0.001475,172.31.36.0-255,66,84036,9,354846
25737,0.001478,172.253.118.0-255,1484,85520,9,354846
25738,0.001506,172.31.36.0-255,66,85586,9,354846
25739,0.00228,172.253.118.0-255,1484,87070,9,354846
25740,0.00229,172.253.118.0-255,2902,89972,9,354846
25741,0.002294,172.31.36.0-255,66,90038,9,354846
25742,0.002302,172.253.118.0-255,5738,95776,9,354846
25743,0.002304,172.31.36.0-255,66,95842,9,354846
25744,0.00231,172.253.118.0-255,5738,101580,9,354846
25745,0.002312,172.31.36.0-255,66,101646,9,354846
25746,0.00238,172.31.36.0-255,66,101712,9,354846
25747,0.002386,172.253.118.0-255,5020,106732,9,354846
25748,0.002388,172.31.36.0-255,66,106798,9,354846
25749,0.00468,172.253.118.0-255,5738,112536,9,354846
25750,0.004687,172.31.36.0-255,66,112602,9,354846
25751,0.006989,172.253.118.0-255,5738,118340,9,354846
25752,0.006996,172.31.36.0-255,66,118406,9,354846
25753,0.009292,172.253.118.0-255,5738,124144,9,354846
25754,0.0093,172.31.36.0-255,66,124210,9,354846
25755,0.011617,172.253.118.0-255,5738,129948,9,354846
25756,0.011628,172.31.36.0-255,66,130014,9,354846
25757,0.013958,172.253.118.0-255,5738,135752,9,354846
25758,0.013969,172.31.36.0-255,66,135818,9,354846
25759,0.016297,172.253.118.0-255,5738,141556,9,354846
25760,0.016308,172.31.36.0-255,66,141622,9,354846
25761,0.01864,172.253.118.0-255,5738,147360,9,354846
25762,0.018649,172.31.36.0-255,66,147426,9,354846
25763,0.020975,172.253.118.0-255,5738,153164,9,354846
25764,0.020984,172.31.36.0-255,66,153230,9,354846
25765,0.023285,172.253.118.0-255,5738,158968,9,354846
25766,0.023293,172.31.36.0-255,66,159034,9,354846
25767,0.025645,172.253.118.0-255,2902,161936,9,354846
25768,0.025655,172.31.36.0-255,66,162002,9,354846
25769,0.025681,172.253.118.0-255,2902,164904,9,354846
25770,0.025685,172.31.36.0-255,66,164970,9,354846
25771,0.027991,172.253.118.0-255,5738,170708,9,354846
25772,0.027998,172.31.36.0-255,66,170774,9,354846
25773,0.03033,172.253.118.0-255,5738,176512,9,354846
25774,0.030339,172.31.36.0-255,66,176578,9,354846
25775,0.03247,172.31.36.0-255,172,176750,9,354846
25776,0.032497,172.31.36.0-255,1117,177867,9,354846
25777,0.032557,172.31.36.0-255,1514,179381,9,354846
25778,0.032559,172.31.36.0-255,1514,180895,9,354846
25779,0.032564,172.31.36.0-255,1514,182409,9,354846
25780,0.032566,172.31.36.0-255,1514,183923,9,354846
25781,0.03259,172.31.36.0-255,1485,185408,9,354846
25782,0.032674,172.253.118.0-255,5738,191146,9,354846
25783,0.032682,172.31.36.0-255,66,191212,9,354846
25784,0.034196,104.244.42.0-255,66,191278,9,354846
25785,0.034316,104.244.42.0-255,66,191344,9,354846
25786,0.034365,104.244.42.0-255,66,191410,9,354846
25787,0.034995,172.253.118.0-255,4320,195730,9,354846
25788,0.035001,172.31.36.0-255,66,195796,9,354846
25789,0.035031,172.253.118.0-255,1484,197280,9,354846
25790,0.037308,172.253.118.0-255,4320,201600,9,354846
25791,0.037314,172.31.36.0-255,66,201666,9,354846
25792,0.039633,172.253.118.0-255,4320,205986,9,354846
25793,0.039639,172.31.36.0-255,66,206052,9,354846
25794,0.039662,172.253.118.0-255,1484,207536,9,354846
25795,0.041931,172.253.118.0-255,4320,211856,9,354846
25796,0.041937,172.31.36.0-255,66,211922,9,354846
25797,0.044242,172.253.118.0-255,5738,217660,9,354846
25798,0.044247,172.31.36.0-255,66,217726,9,354846
25799,0.046544,172.253.118.0-255,5738,223464,9,354846
25800,0.046549,172.31.36.0-255,66,223530,9,354846
25801,0.048873,172.253.118.0-255,5738,229268,9,354846
25802,0.048879,172.31.36.0-255,66,229334,9,354846
25803,0.051212,172.253.118.0-255,5738,235072,9,354846
25804,0.051219,172.31.36.0-255,66,235138,9,354846
25805,0.053538,172.253.118.0-255,5738,240876,9,354846
25806,0.053545,172.31.36.0-255,66,240942,9,354846
25807,0.055867,172.253.118.0-255,5738,246680,9,354846
25808,0.055872,172.31.36.0-255,66,246746,9,354846
25809,0.058175,172.253.118.0-255,5738,252484,9,354846
25810,0.058181,172.31.36.0-255,66,252550,9,354846
25811,0.060517,172.253.118.0-255,5738,258288,9,354846
25812,0.060523,172.31.36.0-255,66,258354,9,354846
25813,0.062845,172.253.118.0-255,5738,264092,9,354846
25814,0.062851,172.31.36.0-255,66,264158,9,354846
25815,0.065162,172.253.118.0-255,4320,268478,9,354846
25816,0.065168,172.31.36.0-255,66,268544,9,354846
25817,0.065202,172.253.118.0-255,1484,270028,9,354846
25818,0.067487,172.253.118.0-255,4320,274348,9,354846
25819,0.067493,172.31.36.0-255,66,274414,9,354846
25820,0.069834,172.253.118.0-255,4320,278734,9,354846
25821,0.069838,172.31.36.0-255,66,278800,9,354846
25822,0.069871,172.253.118.0-255,1484,280284,9,354846
25823,0.072153,172.253.118.0-255,4320,284604,9,354846
25824,0.072159,172.31.36.0-255,66,284670,9,354846
25825,0.074505,172.253.118.0-255,5738,290408,9,354846
25826,0.074512,172.31.36.0-255,66,290474,9,354846
25827,0.07679,172.253.118.0-255,5738,296212,9,354846
25828,0.076796,172.31.36.0-255,66,296278,9,354846
25829,0.079119,172.253.118.0-255,5738,302016,9,354846
25830,0.079124,172.31.36.0-255,66,302082,9,354846
25831,0.081445,172.253.118.0-255,2902,304984,9,354846
25832,0.08145,172.31.36.0-255,66,305050,9,354846
25833,0.081481,172.253.118.0-255,2902,307952,9,354846
25834,0.081484,172.31.36.0-255,66,308018,9,354846
25835,0.083746,172.253.118.0-255,2902,310920,9,354846
25836,0.083752,172.31.36.0-255,66,310986,9,354846
25837,0.083795,172.253.118.0-255,2902,313888,9,354846
25838,0.083799,172.31.36.0-255,66,313954,9,354846
25839,0.086064,172.253.118.0-255,2902,316856,9,354846
25840,0.086069,172.31.36.0-255,66,316922,9,354846
25841,0.086098,172.253.118.0-255,2902,319824,9,354846
25842,0.0861,172.31.36.0-255,66,319890,9,354846
25843,0.08836,172.253.118.0-255,2902,322792,9,354846
25844,0.088366,172.31.36.0-255,66,322858,9,354846
25845,0.088404,172.253.118.0-255,2902,325760,9,354846
25846,0.088408,172.31.36.0-255,66,325826,9,354846
25847,0.090689,172.253.118.0-255,5738,331564,9,354846
25848,0.090696,172.31.36.0-255,66,331630,9,354846
25849,0.093003,172.253.118.0-255,5738,337368,9,354846
25850,0.093009,172.31.36.0-255,66,337434,9,354846
25851,0.09531,172.253.118.0-255,5738,343172,9,354846
25852,0.095316,172.31.36.0-255,66,343238,9,354846
25853,0.097644,172.253.118.0-255,5738,348976,9,354846
25854,0.09765,172.31.36.0-255,66,349042,9,354846
25855,0.099961,172.253.118.0-255,5738,354780,9,354846
25856,0.099967,172.31.36.0-255,66,354846,9,354846
25857,0.0,172.217.194.0-255,153,153,9,327419
25858,2.4e-05,172.31.36.0-255,66,219,9,327419
25859,3.2e-05,172.217.194.0-255,1484,1703,9,327419
25860,3.6e-05,172.31.36.0-255,66,1769,9,327419
25861,5.1e-05,172.217.194.0-255,2902,4671,9,327419
25862,5.5e-05,172.31.36.0-255,66,4737,9,327419
25863,5.8e-05,172.217.194.0-255,1484,6221,9,327419
25864,6.1e-05,172.31.36.0-255,66,6287,9,327419
25865,7e-05,172.217.194.0-255,5738,12025,9,327419
25866,7.3e-05,172.31.36.0-255,66,12091,9,327419
25867,9e-05,172.31.36.0-255,66,12157,9,327419
25868,9.7e-05,172.217.194.0-255,5379,17536,9,327419
25869,0.000101,172.31.36.0-255,66,17602,9,327419
25870,0.000123,172.217.194.0-255,1484,19086,9,327419
25871,0.000131,172.31.36.0-255,66,19152,9,327419
25872,0.000136,172.217.194.0-255,2902,22054,9,327419
25873,0.000138,172.31.36.0-255,66,22120,9,327419
25874,0.000145,172.217.194.0-255,5738,27858,9,327419
25875,0.000148,172.31.36.0-255,66,27924,9,327419
25876,0.000192,172.217.194.0-255,4320,32244,9,327419
25877,0.000195,172.31.36.0-255,66,32310,9,327419
25878,0.000213,172.217.194.0-255,2543,34853,9,327419
25879,0.000215,172.31.36.0-255,66,34919,9,327419
25880,0.00024,172.217.194.0-255,1484,36403,9,327419
25881,0.000242,172.31.36.0-255,66,36469,9,327419
25882,0.000267,172.217.194.0-255,2902,39371,9,327419
25883,0.00027,172.31.36.0-255,66,39437,9,327419
25884,0.000276,172.217.194.0-255,5738,45175,9,327419
25885,0.000279,172.31.36.0-255,66,45241,9,327419
25886,0.000295,172.217.194.0-255,4320,49561,9,327419
25887,0.000297,172.31.36.0-255,66,49627,9,327419
25888,0.000323,172.217.194.0-255,1484,51111,9,327419
25889,0.00034,172.217.194.0-255,1736,52847,9,327419
25890,0.000343,172.31.36.0-255,66,52913,9,327419
25891,0.000374,172.217.194.0-255,1484,54397,9,327419
25892,0.000387,172.217.194.0-255,2902,57299,9,327419
25893,0.00039,172.31.36.0-255,66,57365,9,327419
25894,0.000395,172.217.194.0-255,4320,61685,9,327419
25895,0.000397,172.31.36.0-255,66,61751,9,327419
25896,0.000427,172.217.194.0-255,1484,63235,9,327419
25897,0.000432,172.217.194.0-255,4320,67555,9,327419
25898,0.000435,172.31.36.0-255,66,67621,9,327419
25899,0.000459,172.217.194.0-255,1994,69615,9,327419
25900,0.000462,172.31.36.0-255,66,69681,9,327419
25901,0.000468,172.217.194.0-255,4320,74001,9,327419
25902,0.00047,172.31.36.0-255,66,74067,9,327419
25903,0.000501,172.217.194.0-255,2902,76969,9,327419
25904,0.000503,172.31.36.0-255,66,77035,9,327419
25905,0.00052,172.31.36.0-255,66,77101,9,327419
25906,0.000523,172.217.194.0-255,1484,78585,9,327419
25907,0.000547,172.217.194.0-255,2902,81487,9,327419
25908,0.00055,172.31.36.0-255,66,81553,9,327419
25909,0.00058,172.217.194.0-255,5738,87291,9,327419
25910,0.000582,172.31.36.0-255,66,87357,9,327419
25911,0.000614,172.217.194.0-255,2902,90259,9,327419
25912,0.000617,172.31.36.0-255,66,90325,9,327419
25913,0.000643,172.217.194.0-255,3961,94286,9,327419
25914,0.000647,172.31.36.0-255,66,94352,9,327419
25915,0.000658,172.217.194.0-255,7156,101508,9,327419
25916,0.000661,172.31.36.0-255,66,101574,9,327419
25917,0.000674,172.31.36.0-255,66,101640,9,327419
25918,0.000805,172.217.194.0-255,1484,103124,9,327419
25919,0.000811,172.217.194.0-255,2902,106026,9,327419
25920,0.000814,172.31.36.0-255,66,106092,9,327419
25921,0.000823,172.217.194.0-255,5738,111830,9,327419
25922,0.000831,172.31.36.0-255,66,111896,9,327419
25923,0.000844,172.217.194.0-255,2902,114798,9,327419
25924,0.00085,172.31.36.0-255,66,114864,9,327419
25925,0.000878,172.217.194.0-255,3961,118825,9,327419
25926,0.000882,172.31.36.0-255,66,118891,9,327419
25927,0.001035,172.217.194.0-255,1484,120375,9,327419
25928,0.001053,172.217.194.0-255,2902,123277,9,327419
25929,0.001057,172.31.36.0-255,66,123343,9,327419
25930,0.001085,172.217.194.0-255,5738,129081,9,327419
25931,0.001088,172.31.36.0-255,66,129147,9,327419
25932,0.001095,172.217.194.0-255,4320,133467,9,327419
25933,0.001097,172.31.36.0-255,66,133533,9,327419
25934,0.001131,172.217.194.0-255,5738,139271,9,327419
25935,0.001135,172.31.36.0-255,66,139337,9,327419
25936,0.001139,172.217.194.0-255,2902,142239,9,327419
25937,0.001142,172.31.36.0-255,66,142305,9,327419
25938,0.001183,172.217.194.0-255,2184,144489,9,327419
25939,0.001187,172.31.36.0-255,66,144555,9,327419
25940,0.00119,172.31.36.0-255,66,144621,9,327419
25941,0.001212,172.217.194.0-255,4320,148941,9,327419
25942,0.001219,172.31.36.0-255,66,149007,9,327419
25943,0.001237,172.217.194.0-255,4320,153327,9,327419
25944,0.001239,172.31.36.0-255,66,153393,9,327419
25945,0.001272,172.217.194.0-255,1484,154877,9,327419
25946,0.00128,172.217.194.0-255,6797,161674,9,327419
25947,0.001283,172.31.36.0-255,66,161740,9,327419
25948,0.001286,172.217.194.0-255,1484,163224,9,327419
25949,0.001313,172.217.194.0-255,5738,168962,9,327419
25950,0.001316,172.31.36.0-255,66,169028,9,327419
25951,0.001322,172.217.194.0-255,5738,174766,9,327419
25952,0.001324,172.31.36.0-255,66,174832,9,327419
25953,0.001351,172.217.194.0-255,1484,176316,9,327419
25954,0.001366,172.217.194.0-255,2543,178859,9,327419
25955,0.001368,172.31.36.0-255,66,178925,9,327419
25956,0.001396,172.217.194.0-255,2902,181827,9,327419
25957,0.0014,172.31.36.0-255,66,181893,9,327419
25958,0.00141,172.217.194.0-255,1484,183377,9,327419
25959,0.001427,172.217.194.0-255,5738,189115,9,327419
25960,0.001429,172.31.36.0-255,66,189181,9,327419
25961,0.00148,172.217.194.0-255,2902,192083,9,327419
25962,0.001484,172.31.36.0-255,66,192149,9,327419
25963,0.001537,172.31.36.0-255,66,192215,9,327419
25964,0.001562,172.31.36.0-255,66,192281,9,327419
25965,0.001631,172.217.194.0-255,1484,193765,9,327419
25966,0.001637,172.217.194.0-255,2902,196667,9,327419
25967,0.00164,172.31.36.0-255,66,196733,9,327419
25968,0.001643,172.217.194.0-255,1484,198217,9,327419
25969,0.001667,172.217.194.0-255,4320,202537,9,327419
25970,0.00167,172.31.36.0-255,66,202603,9,327419
25971,0.001678,172.217.194.0-255,6797,209400,9,327419
25972,0.001681,172.31.36.0-255,66,209466,9,327419
25973,0.002034,172.217.194.0-255,1484,210950,9,327419
25974,0.00205,172.217.194.0-255,2902,213852,9,327419
25975,0.002054,172.31.36.0-255,66,213918,9,327419
25976,0.00206,172.217.194.0-255,2902,216820,9,327419
25977,0.002062,172.31.36.0-255,66,216886,9,327419
25978,0.002086,172.217.194.0-255,2902,219788,9,327419
25979,0.002089,172.31.36.0-255,66,219854,9,327419
25980,0.002101,172.217.194.0-255,7156,227010,9,327419
25981,0.002104,172.31.36.0-255,66,227076,9,327419
25982,0.002134,172.217.194.0-255,5738,232814,9,327419
25983,0.002137,172.31.36.0-255,66,232880,9,327419
25984,0.00215,172.31.36.0-255,66,232946,9,327419
25985,0.002152,172.217.194.0-255,766,233712,9,327419
25986,0.002213,172.217.194.0-255,1484,235196,9,327419
25987,0.002216,172.31.36.0-255,66,235262,9,327419
25988,0.002221,172.217.194.0-255,4320,239582,9,327419
25989,0.002224,172.31.36.0-255,66,239648,9,327419
25990,0.002234,172.217.194.0-255,4320,243968,9,327419
25991,0.002236,172.31.36.0-255,66,244034,9,327419
25992,0.002249,172.31.36.0-255,66,244100,9,327419
25993,0.00229,172.31.36.0-255,66,244166,9,327419
25994,0.002318,172.217.194.0-255,2902,247068,9,327419
25995,0.002321,172.31.36.0-255,66,247134,9,327419
25996,0.002354,172.31.36.0-255,66,247200,9,327419
25997,0.004685,172.217.194.0-255,5738,252938,9,327419
25998,0.004697,172.31.36.0-255,66,253004,9,327419
25999,0.007041,172.217.194.0-255,5738,258742,9,327419
26000,0.007054,172.31.36.0-255,66,258808,9,327419
26001,0.009362,172.217.194.0-255,5738,264546,9,327419
26002,0.009374,172.31.36.0-255,66,264612,9,327419
26003,0.011697,172.217.194.0-255,5738,270350,9,327419
26004,0.011711,172.31.36.0-255,66,270416,9,327419
26005,0.01408,172.217.194.0-255,5738,276154,9,327419
26006,0.01409,172.31.36.0-255,66,276220,9,327419
26007,0.01647,172.217.194.0-255,5738,281958,9,327419
26008,0.016481,172.31.36.0-255,66,282024,9,327419
26009,0.018808,172.217.194.0-255,5738,287762,9,327419
26010,0.018816,172.31.36.0-255,66,287828,9,327419
26011,0.021221,172.217.194.0-255,5738,293566,9,327419
26012,0.021229,172.31.36.0-255,66,293632,9,327419
26013,0.02352,172.217.194.0-255,5738,299370,9,327419
26014,0.023528,172.31.36.0-255,66,299436,9,327419
26015,0.025868,172.217.194.0-255,5738,305174,9,327419
26016,0.02588,172.31.36.0-255,66,305240,9,327419
26017,0.028175,172.217.194.0-255,5738,310978,9,327419
26018,0.028183,172.31.36.0-255,66,311044,9,327419
26019,0.030528,172.217.194.0-255,5738,316782,9,327419
26020,0.030534,172.31.36.0-255,66,316848,9,327419
26021,0.032862,172.217.194.0-255,400,317248,9,327419
26022,0.033002,172.31.36.0-255,66,317314,9,327419
26023,0.033043,172.31.36.0-255,105,317419,9,327419
26024,0.035285,172.217.194.0-255,66,317485,9,327419
26025,0.037699,172.31.36.0-255,188,317673,9,327419
26026,0.037738,172.31.36.0-255,960,318633,9,327419
26027,0.037821,172.31.36.0-255,1514,320147,9,327419
26028,0.037823,172.31.36.0-255,1514,321661,9,327419
26029,0.037829,172.31.36.0-255,1514,323175,9,327419
26030,0.03783,172.31.36.0-255,1514,324689,9,327419
26031,0.037851,172.31.36.0-255,1514,326203,9,327419
26032,0.037852,172.31.36.0-255,952,327155,9,327419
26033,0.039316,104.244.42.0-255,66,327221,9,327419
26034,0.039346,104.244.42.0-255,66,327287,9,327419
26035,0.039408,104.244.42.0-255,66,327353,9,327419
26036,0.039422,104.244.42.0-255,66,327419,9,327419
26037,0.0,74.125.24.0-255,152,152,9,230204
26038,3.3e-05,172.31.36.0-255,66,218,9,230204
26039,4.1e-05,74.125.24.0-255,1484,1702,9,230204
26040,4.5e-05,172.31.36.0-255,66,1768,9,230204
26041,5e-05,74.125.24.0-255,2902,4670,9,230204
26042,5.3e-05,172.31.36.0-255,66,4736,9,230204
26043,6.1e-05,74.125.24.0-255,7156,11892,9,230204
26044,6.3e-05,172.31.36.0-255,66,11958,9,230204
26045,9.7e-05,74.125.24.0-255,4940,16898,9,230204
26046,0.0001,172.31.36.0-255,66,16964,9,230204
26047,0.000106,74.125.24.0-255,5738,22702,9,230204
26048,0.000108,172.31.36.0-255,66,22768,9,230204
26049,0.00012,172.31.36.0-255,66,22834,9,230204
26050,0.000143,74.125.24.0-255,1484,24318,9,230204
26051,0.000146,172.31.36.0-255,66,24384,9,230204
26052,0.000159,172.31.36.0-255,66,24450,9,230204
26053,0.000298,74.125.24.0-255,1484,25934,9,230204
26054,0.000303,172.31.36.0-255,66,26000,9,230204
26055,0.000312,74.125.24.0-255,2902,28902,9,230204
26056,0.000314,172.31.36.0-255,66,28968,9,230204
26057,0.00032,74.125.24.0-255,4320,33288,9,230204
26058,0.000323,172.31.36.0-255,66,33354,9,230204
26059,0.000345,74.125.24.0-255,1484,34838,9,230204
26060,0.000348,172.31.36.0-255,66,34904,9,230204
26061,0.000352,74.125.24.0-255,1484,36388,9,230204
26062,0.000355,172.31.36.0-255,66,36454,9,230204
26063,0.000374,74.125.24.0-255,1484,37938,9,230204
26064,0.000377,172.31.36.0-255,66,38004,9,230204
26065,0.000398,74.125.24.0-255,4301,42305,9,230204
26066,0.000404,172.31.36.0-255,66,42371,9,230204
26067,0.000495,74.125.24.0-255,1484,43855,9,230204
26068,0.000514,74.125.24.0-255,2902,46757,9,230204
26069,0.000518,74.125.24.0-255,2902,49659,9,230204
26070,0.000518,172.31.36.0-255,66,49725,9,230204
26071,0.000522,172.31.36.0-255,66,49791,9,230204
26072,0.000542,74.125.24.0-255,2902,52693,9,230204
26073,0.000545,172.31.36.0-255,66,52759,9,230204
26074,0.000551,74.125.24.0-255,4320,57079,9,230204
26075,0.000553,172.31.36.0-255,66,57145,9,230204
26076,0.000559,74.125.24.0-255,5738,62883,9,230204
26077,0.000562,172.31.36.0-255,66,62949,9,230204
26078,0.000583,172.31.36.0-255,66,63015,9,230204
26079,0.000601,74.125.24.0-255,3882,66897,9,230204
26080,0.000603,172.31.36.0-255,66,66963,9,230204
26081,0.000749,74.125.24.0-255,1484,68447,9,230204
26082,0.000754,74.125.24.0-255,2902,71349,9,230204
26083,0.000758,172.31.36.0-255,66,71415,9,230204
26084,0.000781,74.125.24.0-255,5738,77153,9,230204
26085,0.000784,172.31.36.0-255,66,77219,9,230204
26086,0.000816,74.125.24.0-255,5738,82957,9,230204
26087,0.000819,172.31.36.0-255,66,83023,9,230204
26088,0.000838,74.125.24.0-255,2902,85925,9,230204
26089,0.000841,172.31.36.0-255,66,85991,9,230204
26090,0.000857,74.125.24.0-255,4320,90311,9,230204
26091,0.00086,172.31.36.0-255,66,90377,9,230204
26092,0.000894,172.31.36.0-255,66,90443,9,230204
26093,0.000917,74.125.24.0-255,5738,96181,9,230204
26094,0.000921,172.31.36.0-255,66,96247,9,230204
26095,0.000924,74.125.24.0-255,1484,97731,9,230204
26096,0.000943,74.125.24.0-255,5738,103469,9,230204
26097,0.000949,172.31.36.0-255,66,103535,9,230204
26098,0.000964,74.125.24.0-255,2902,106437,9,230204
26099,0.000966,172.31.36.0-255,66,106503,9,230204
26100,0.001002,172.31.36.0-255,66,106569,9,230204
26101,0.001009,74.125.24.0-255,6438,113007,9,230204
26102,0.001012,172.31.36.0-255,66,113073,9,230204
26103,0.00104,74.125.24.0-255,1484,114557,9,230204
26104,0.001043,74.125.24.0-255,1484,116041,9,230204
26105,0.001046,172.31.36.0-255,66,116107,9,230204
26106,0.001058,74.125.24.0-255,1484,117591,9,230204
26107,0.001065,74.125.24.0-255,5738,123329,9,230204
26108,0.001069,172.31.36.0-255,66,123395,9,230204
26109,0.001083,74.125.24.0-255,1484,124879,9,230204
26110,0.00111,172.31.36.0-255,66,124945,9,230204
26111,0.001114,74.125.24.0-255,2902,127847,9,230204
26112,0.001116,172.31.36.0-255,66,127913,9,230204
26113,0.001152,74.125.24.0-255,4320,132233,9,230204
26114,0.001156,172.31.36.0-255,66,132299,9,230204
26115,0.001175,74.125.24.0-255,3602,135901,9,230204
26116,0.001177,172.31.36.0-255,66,135967,9,230204
26117,0.001252,74.125.24.0-255,1484,137451,9,230204
26118,0.001258,74.125.24.0-255,2902,140353,9,230204
26119,0.00126,172.31.36.0-255,66,140419,9,230204
26120,0.001267,74.125.24.0-255,5738,146157,9,230204
26121,0.001269,172.31.36.0-255,66,146223,9,230204
26122,0.001274,74.125.24.0-255,2902,149125,9,230204
26123,0.001276,172.31.36.0-255,66,149191,9,230204
26124,0.001311,172.31.36.0-255,66,149257,9,230204
26125,0.001317,74.125.24.0-255,7156,156413,9,230204
26126,0.001321,172.31.36.0-255,66,156479,9,230204
26127,0.001354,74.125.24.0-255,3602,160081,9,230204
26128,0.001357,172.31.36.0-255,66,160147,9,230204
26129,0.001495,74.125.24.0-255,1484,161631,9,230204
26130,0.001499,74.125.24.0-255,1484,163115,9,230204
26131,0.001502,172.31.36.0-255,66,163181,9,230204
26132,0.001516,74.125.24.0-255,1484,164665,9,230204
26133,0.001522,74.125.24.0-255,5738,170403,9,230204
26134,0.001525,172.31.36.0-255,66,170469,9,230204
26135,0.00155,74.125.24.0-255,2902,173371,9,230204
26136,0.001552,172.31.36.0-255,66,173437,9,230204
26137,0.001585,172.31.36.0-255,66,173503,9,230204
26138,0.001593,74.125.24.0-255,7156,180659,9,230204
26139,0.001595,172.31.36.0-255,66,180725,9,230204
26140,0.001632,74.125.24.0-255,1484,182209,9,230204
26141,0.00166,172.31.36.0-255,66,182275,9,230204
26142,0.001687,74.125.24.0-255,1484,183759,9,230204
26143,0.001688,172.31.36.0-255,66,183825,9,230204
26144,0.00172,172.31.36.0-255,66,183891,9,230204
26145,0.001725,74.125.24.0-255,2184,186075,9,230204
26146,0.001727,172.31.36.0-255,66,186141,9,230204
26147,0.001731,74.125.24.0-255,2902,189043,9,230204
26148,0.001734,172.31.36.0-255,66,189109,9,230204
26149,0.001737,74.125.24.0-255,7156,196265,9,230204
26150,0.00174,172.31.36.0-255,66,196331,9,230204
26151,0.001778,74.125.24.0-255,2902,199233,9,230204
26152,0.001781,172.31.36.0-255,66,199299,9,230204
26153,0.001816,172.31.36.0-255,66,199365,9,230204
26154,0.001829,172.31.36.0-255,66,199431,9,230204
26155,0.001842,172.31.36.0-255,66,199497,9,230204
26156,0.001847,74.125.24.0-255,2902,202399,9,230204
26157,0.001849,172.31.36.0-255,66,202465,9,230204
26158,0.001875,74.125.24.0-255,4320,206785,9,230204
26159,0.001878,172.31.36.0-255,66,206851,9,230204
26160,0.001916,74.125.24.0-255,4320,211171,9,230204
26161,0.00192,172.31.36.0-255,66,211237,9,230204
26162,0.001955,172.31.36.0-255,66,211303,9,230204
26163,0.001958,74.125.24.0-255,1484,212787,9,230204
26164,0.001965,74.125.24.0-255,5738,218525,9,230204
26165,0.001967,172.31.36.0-255,66,218591,9,230204
26166,0.002005,172.31.36.0-255,66,218657,9,230204
26167,0.002008,74.125.24.0-255,1484,220141,9,230204
26168,0.002037,172.31.36.0-255,66,220207,9,230204
26169,0.002043,74.125.24.0-255,5311,225518,9,230204
26170,0.002046,172.31.36.0-255,66,225584,9,230204
26171,0.002049,74.125.24.0-255,105,225689,9,230204
26172,0.003645,172.31.36.0-255,66,225755,9,230204
26173,0.003674,172.31.36.0-255,105,225860,9,230204
26174,0.005609,74.125.24.0-255,66,225926,9,230204
26175,0.030729,172.31.36.0-255,167,226093,9,230204
26176,0.030759,172.31.36.0-255,1116,227209,9,230204
26177,0.030807,172.31.36.0-255,1514,228723,9,230204
26178,0.030809,172.31.36.0-255,1283,230006,9,230204
26179,0.032288,104.244.42.0-255,66,230072,9,230204
26180,0.032305,104.244.42.0-255,66,230138,9,230204
26181,0.032375,104.244.42.0-255,66,230204,9,230204
26182,0.0,74.125.200.0-255,153,153,9,349350
26183,2.4e-05,172.31.36.0-255,66,219,9,349350
26184,3.1e-05,74.125.200.0-255,1484,1703,9,349350
26185,3.5e-05,172.31.36.0-255,66,1769,9,349350
26186,3.9e-05,74.125.200.0-255,2902,4671,9,349350
26187,4.2e-05,172.31.36.0-255,66,4737,9,349350
26188,5.7e-05,74.125.200.0-255,5738,10475,9,349350
26189,6e-05,172.31.36.0-255,66,10541,9,349350
26190,9.7e-05,74.125.200.0-255,3484,14025,9,349350
26191,9.9e-05,172.31.36.0-255,66,14091,9,349350
26192,0.000182,74.125.200.0-255,1484,15575,9,349350
26193,0.000185,172.31.36.0-255,66,15641,9,349350
26194,0.000199,74.125.200.0-255,2902,18543,9,349350
26195,0.000206,172.31.36.0-255,66,18609,9,349350
26196,0.000212,74.125.200.0-255,5738,24347,9,349350
26197,0.000215,172.31.36.0-255,66,24413,9,349350
26198,0.000223,74.125.200.0-255,6797,31210,9,349350
26199,0.000225,172.31.36.0-255,66,31276,9,349350
26200,0.00025,74.125.200.0-255,5738,37014,9,349350
26201,0.000253,172.31.36.0-255,66,37080,9,349350
26202,0.000287,74.125.200.0-255,7156,44236,9,349350
26203,0.00029,172.31.36.0-255,66,44302,9,349350
26204,0.000296,74.125.200.0-255,3961,48263,9,349350
26205,0.000298,172.31.36.0-255,66,48329,9,349350
26206,0.00034,74.125.200.0-255,4320,52649,9,349350
26207,0.000343,172.31.36.0-255,66,52715,9,349350
26208,0.000348,74.125.200.0-255,2902,55617,9,349350
26209,0.000351,172.31.36.0-255,66,55683,9,349350
26210,0.000356,74.125.200.0-255,2902,58585,9,349350
26211,0.000362,172.31.36.0-255,66,58651,9,349350
26212,0.000392,74.125.200.0-255,1484,60135,9,349350
26213,0.000395,172.31.36.0-255,66,60201,9,349350
26214,0.000402,74.125.200.0-255,5379,65580,9,349350
26215,0.000429,74.125.200.0-255,678,66258,9,349350
26216,0.00051,74.125.200.0-255,1484,67742,9,349350
26217,0.000528,74.125.200.0-255,2902,70644,9,349350
26218,0.000546,74.125.200.0-255,4320,74964,9,349350
26219,0.000571,74.125.200.0-255,5738,80702,9,349350
26220,0.000604,74.125.200.0-255,4320,85022,9,349350
26221,0.000614,172.31.36.0-255,66,85088,9,349350
26222,0.000639,172.31.36.0-255,66,85154,9,349350
26223,0.000653,74.125.200.0-255,6797,91951,9,349350
26224,0.000687,172.31.36.0-255,66,92017,9,349350
26225,0.000934,74.125.200.0-255,1484,93501,9,349350
26226,0.000954,74.125.200.0-255,2902,96403,9,349350
26227,0.000966,172.31.36.0-255,66,96469,9,349350
26228,0.000975,74.125.200.0-255,4320,100789,9,349350
26229,0.00098,172.31.36.0-255,66,100855,9,349350
26230,0.000994,74.125.200.0-255,2902,103757,9,349350
26231,0.001025,74.125.200.0-255,5738,109495,9,349350
26232,0.001031,74.125.200.0-255,4320,113815,9,349350
26233,0.001046,172.31.36.0-255,66,113881,9,349350
26234,0.001059,74.125.200.0-255,4320,118201,9,349350
26235,0.001099,172.31.36.0-255,66,118267,9,349350
26236,0.001154,74.125.200.0-255,1484,119751,9,349350
26237,0.001174,74.125.200.0-255,2902,122653,9,349350
26238,0.001179,172.31.36.0-255,66,122719,9,349350
26239,0.001199,74.125.200.0-255,5738,128457,9,349350
26240,0.001205,74.125.200.0-255,4320,132777,9,349350
26241,0.001217,172.31.36.0-255,66,132843,9,349350
26242,0.00123,74.125.200.0-255,5738,138581,9,349350
26243,0.001241,74.125.200.0-255,5738,144319,9,349350
26244,0.001259,74.125.200.0-255,5738,150057,9,349350
26245,0.001263,74.125.200.0-255,2184,152241,9,349350
26246,0.001311,172.31.36.0-255,66,152307,9,349350
26247,0.001321,74.125.200.0-255,2902,155209,9,349350
26248,0.001326,74.125.200.0-255,4320,159529,9,349350
26249,0.001343,74.125.200.0-255,2902,162431,9,349350
26250,0.001346,172.31.36.0-255,66,162497,9,349350
26251,0.001363,74.125.200.0-255,5738,168235,9,349350
26252,0.001391,74.125.200.0-255,2902,171137,9,349350
26253,0.001413,74.125.200.0-255,4320,175457,9,349350
26254,0.001418,172.31.36.0-255,66,175523,9,349350
26255,0.001466,74.125.200.0-255,5738,181261,9,349350
26256,0.00149,74.125.200.0-255,3961,185222,9,349350
26257,0.001494,172.31.36.0-255,66,185288,9,349350
26258,0.001501,172.31.36.0-255,66,185354,9,349350
26259,0.001591,74.125.200.0-255,1484,186838,9,349350
26260,0.001609,74.125.200.0-255,1484,188322,9,349350
26261,0.001625,172.31.36.0-255,66,188388,9,349350
26262,0.00163,74.125.200.0-255,2902,191290,9,349350
26263,0.001635,172.31.36.0-255,66,191356,9,349350
26264,0.001667,74.125.200.0-255,5738,197094,9,349350
26265,0.001672,74.125.200.0-255,4320,201414,9,349350
26266,0.001685,172.31.36.0-255,66,201480,9,349350
26267,0.001689,74.125.200.0-255,4320,205800,9,349350
26268,0.00171,172.31.36.0-255,66,205866,9,349350
26269,0.001735,74.125.200.0-255,3602,209468,9,349350
26270,0.00174,172.31.36.0-255,66,209534,9,349350
26271,0.001863,74.125.200.0-255,1484,211018,9,349350
26272,0.001867,74.125.200.0-255,2902,213920,9,349350
26273,0.001893,74.125.200.0-255,5738,219658,9,349350
26274,0.001898,172.31.36.0-255,66,219724,9,349350
26275,0.001925,74.125.200.0-255,5738,225462,9,349350
26276,0.00193,172.31.36.0-255,66,225528,9,349350
26277,0.001957,74.125.200.0-255,7156,232684,9,349350
26278,0.00196,74.125.200.0-255,1484,234168,9,349350
26279,0.001978,74.125.200.0-255,5738,239906,9,349350
26280,0.001987,172.31.36.0-255,66,239972,9,349350
26281,0.001993,74.125.200.0-255,1484,241456,9,349350
26282,0.002019,74.125.200.0-255,7156,248612,9,349350
26283,0.002024,172.31.36.0-255,66,248678,9,349350
26284,0.002031,74.125.200.0-255,2184,250862,9,349350
26285,0.002035,74.125.200.0-255,4320,255182,9,349350
26286,0.002044,172.31.36.0-255,66,255248,9,349350
26287,0.002078,74.125.200.0-255,7156,262404,9,349350
26288,0.002084,74.125.200.0-255,6438,268842,9,349350
26289,0.002097,172.31.36.0-255,66,268908,9,349350
26290,0.00212,74.125.200.0-255,1484,270392,9,349350
26291,0.002132,74.125.200.0-255,2902,273294,9,349350
26292,0.002143,172.31.36.0-255,66,273360,9,349350
26293,0.002155,74.125.200.0-255,5738,279098,9,349350
26294,0.002185,74.125.200.0-255,4320,283418,9,349350
26295,0.002194,172.31.36.0-255,66,283484,9,349350
26296,0.002221,74.125.200.0-255,5738,289222,9,349350
26297,0.002234,74.125.200.0-255,2184,291406,9,349350
26298,0.002269,172.31.36.0-255,66,291472,9,349350
26299,0.002298,74.125.200.0-255,2902,294374,9,349350
26300,0.002305,74.125.200.0-255,7156,301530,9,349350
26301,0.002308,74.125.200.0-255,2902,304432,9,349350
26302,0.002313,74.125.200.0-255,7156,311588,9,349350
26303,0.002327,74.125.200.0-255,4320,315908,9,349350
26304,0.002338,74.125.200.0-255,1484,317392,9,349350
26305,0.002355,172.31.36.0-255,66,317458,9,349350
26306,0.004669,74.125.200.0-255,5738,323196,9,349350
26307,0.004675,172.31.36.0-255,66,323262,9,349350
26308,0.006992,74.125.200.0-255,5738,329000,9,349350
26309,0.006999,172.31.36.0-255,66,329066,9,349350
26310,0.009313,74.125.200.0-255,5738,334804,9,349350
26311,0.009319,172.31.36.0-255,66,334870,9,349350
26312,0.011643,74.125.200.0-255,5738,340608,9,349350
26313,0.011649,172.31.36.0-255,66,340674,9,349350
26314,0.013983,74.125.200.0-255,5738,346412,9,349350
26315,0.013991,172.31.36.0-255,66,346478,9,349350
26316,0.016284,74.125.200.0-255,588,347066,9,349350
26317,0.017153,172.31.36.0-255,66,347132,9,349350
26318,0.0172,172.31.36.0-255,105,347237,9,349350
26319,0.019483,74.125.200.0-255,66,347303,9,349350
26320,0.038178,172.31.36.0-255,172,347475,9,349350
26321,0.038213,172.31.36.0-255,1115,348590,9,349350
26322,0.038273,172.31.36.0-255,562,349152,9,349350
26323,0.039739,104.244.42.0-255,66,349218,9,349350
26324,0.039769,104.244.42.0-255,66,349284,9,349350
26325,0.039814,104.244.42.0-255,66,349350,9,349350
26326,0.0,74.125.24.0-255,150,150,9,290284
26327,2.9e-05,172.31.36.0-255,66,216,9,290284
26328,3.5e-05,74.125.24.0-255,1484,1700,9,290284
26329,4e-05,172.31.36.0-255,66,1766,9,290284
26330,4.5e-05,74.125.24.0-255,2902,4668,9,290284
26331,4.7e-05,172.31.36.0-255,66,4734,9,290284
26332,5.3e-05,74.125.24.0-255,7156,11890,9,290284
26333,5.7e-05,172.31.36.0-255,66,11956,9,290284
26334,9.3e-05,74.125.24.0-255,2148,14104,9,290284
26335,9.7e-05,172.31.36.0-255,66,14170,9,290284
26336,0.000151,74.125.24.0-255,1484,15654,9,290284
26337,0.000154,172.31.36.0-255,66,15720,9,290284
26338,0.000159,74.125.24.0-255,2902,18622,9,290284
26339,0.000162,172.31.36.0-255,66,18688,9,290284
26340,0.000195,74.125.24.0-255,5738,24426,9,290284
26341,0.000198,172.31.36.0-255,66,24492,9,290284
26342,0.000204,74.125.24.0-255,5738,30230,9,290284
26343,0.000206,172.31.36.0-255,66,30296,9,290284
26344,0.000251,172.31.36.0-255,66,30362,9,290284
26345,0.000256,74.125.24.0-255,3961,34323,9,290284
26346,0.000258,172.31.36.0-255,66,34389,9,290284
26347,0.000297,74.125.24.0-255,5738,40127,9,290284
26348,0.000301,172.31.36.0-255,66,40193,9,290284
26349,0.000325,74.125.24.0-255,7156,47349,9,290284
26350,0.000328,172.31.36.0-255,66,47415,9,290284
26351,0.000357,74.125.24.0-255,4233,51648,9,290284
26352,0.00036,172.31.36.0-255,66,51714,9,290284
26353,0.001155,74.125.24.0-255,130,51844,9,290284
26354,0.00116,172.31.36.0-255,66,51910,9,290284
26355,0.001168,74.125.24.0-255,350,52260,9,290284
26356,0.00117,172.31.36.0-255,66,52326,9,290284
26357,0.001703,74.125.24.0-255,1484,53810,9,290284
26358,0.00171,74.125.24.0-255,2902,56712,9,290284
26359,0.001713,172.31.36.0-255,66,56778,9,290284
26360,0.001738,74.125.24.0-255,5738,62516,9,290284
26361,0.00174,172.31.36.0-255,66,62582,9,290284
26362,0.001756,74.125.24.0-255,1484,64066,9,290284
26363,0.001782,172.31.36.0-255,66,64132,9,290284
26364,0.001806,74.125.24.0-255,1484,65616,9,290284
26365,0.001825,172.31.36.0-255,66,65682,9,290284
26366,0.004384,74.125.24.0-255,5738,71420,9,290284
26367,0.004388,172.31.36.0-255,66,71486,9,290284
26368,0.006933,74.125.24.0-255,5738,77224,9,290284
26369,0.00694,172.31.36.0-255,66,77290,9,290284
26370,0.009452,74.125.24.0-255,4320,81610,9,290284
26371,0.009459,172.31.36.0-255,66,81676,9,290284
26372,0.00948,74.125.24.0-255,1484,83160,9,290284
26373,0.011998,74.125.24.0-255,4320,87480,9,290284
26374,0.012006,172.31.36.0-255,66,87546,9,290284
26375,0.014556,74.125.24.0-255,5738,93284,9,290284
26376,0.014563,172.31.36.0-255,66,93350,9,290284
26377,0.017094,74.125.24.0-255,5738,99088,9,290284
26378,0.017102,172.31.36.0-255,66,99154,9,290284
26379,0.019651,74.125.24.0-255,5738,104892,9,290284
26380,0.019658,172.31.36.0-255,66,104958,9,290284
26381,0.020446,172.31.36.0-255,172,105130,9,290284
26382,0.020482,172.31.36.0-255,1116,106246,9,290284
26383,0.020513,172.31.36.0-255,1506,107752,9,290284
26384,0.021989,104.244.42.0-255,66,107818,9,290284
26385,0.02203,104.244.42.0-255,66,107884,9,290284
26386,0.022083,104.244.42.0-255,66,107950,9,290284
26387,0.022176,74.125.24.0-255,2902,110852,9,290284
26388,0.022181,172.31.36.0-255,66,110918,9,290284
26389,0.022212,74.125.24.0-255,2902,113820,9,290284
26390,0.022216,172.31.36.0-255,66,113886,9,290284
26391,0.024714,74.125.24.0-255,2902,116788,9,290284
26392,0.024719,172.31.36.0-255,66,116854,9,290284
26393,0.02478,74.125.24.0-255,2902,119756,9,290284
26394,0.024784,172.31.36.0-255,66,119822,9,290284
26395,0.027274,74.125.24.0-255,2902,122724,9,290284
26396,0.02728,172.31.36.0-255,66,122790,9,290284
26397,0.027339,74.125.24.0-255,2902,125692,9,290284
26398,0.027343,172.31.36.0-255,66,125758,9,290284
26399,0.029824,74.125.24.0-255,2902,128660,9,290284
26400,0.029829,172.31.36.0-255,66,128726,9,290284
26401,0.029887,74.125.24.0-255,2902,131628,9,290284
26402,0.029891,172.31.36.0-255,66,131694,9,290284
26403,0.032355,74.125.24.0-255,2902,134596,9,290284
26404,0.032362,172.31.36.0-255,66,134662,9,290284
26405,0.032424,74.125.24.0-255,2902,137564,9,290284
26406,0.032428,172.31.36.0-255,66,137630,9,290284
26407,0.034886,74.125.24.0-255,2902,140532,9,290284
26408,0.034891,172.31.36.0-255,66,140598,9,290284
26409,0.034993,74.125.24.0-255,2902,143500,9,290284
26410,0.034997,172.31.36.0-255,66,143566,9,290284
26411,0.037458,74.125.24.0-255,2902,146468,9,290284
26412,0.037463,172.31.36.0-255,66,146534,9,290284
26413,0.037514,74.125.24.0-255,2902,149436,9,290284
26414,0.03752,172.31.36.0-255,66,149502,9,290284
26415,0.040019,74.125.24.0-255,2902,152404,9,290284
26416,0.040024,172.31.36.0-255,66,152470,9,290284
26417,0.04008,74.125.24.0-255,2902,155372,9,290284
26418,0.040084,172.31.36.0-255,66,155438,9,290284
26419,0.042563,74.125.24.0-255,2902,158340,9,290284
26420,0.042568,172.31.36.0-255,66,158406,9,290284
26421,0.042635,74.125.24.0-255,2902,161308,9,290284
26422,0.04264,172.31.36.0-255,66,161374,9,290284
26423,0.045104,74.125.24.0-255,2902,164276,9,290284
26424,0.04511,172.31.36.0-255,66,164342,9,290284
26425,0.045167,74.125.24.0-255,2902,167244,9,290284
26426,0.045171,172.31.36.0-255,66,167310,9,290284
26427,0.047609,74.125.24.0-255,2902,170212,9,290284
26428,0.047629,172.31.36.0-255,66,170278,9,290284
26429,0.047683,74.125.24.0-255,2902,173180,9,290284
26430,0.04769,172.31.36.0-255,66,173246,9,290284
26431,0.050155,74.125.24.0-255,2902,176148,9,290284
26432,0.050161,172.31.36.0-255,66,176214,9,290284
26433,0.050249,74.125.24.0-255,2902,179116,9,290284
26434,0.050254,172.31.36.0-255,66,179182,9,290284
26435,0.052693,74.125.24.0-255,2902,182084,9,290284
26436,0.0527,172.31.36.0-255,66,182150,9,290284
26437,0.052807,74.125.24.0-255,2902,185052,9,290284
26438,0.052811,172.31.36.0-255,66,185118,9,290284
26439,0.055231,74.125.24.0-255,2902,188020,9,290284
26440,0.055238,172.31.36.0-255,66,188086,9,290284
26441,0.05537,74.125.24.0-255,2902,190988,9,290284
26442,0.055377,172.31.36.0-255,66,191054,9,290284
26443,0.057796,74.125.24.0-255,2902,193956,9,290284
26444,0.057803,172.31.36.0-255,66,194022,9,290284
26445,0.057923,74.125.24.0-255,2902,196924,9,290284
26446,0.057928,172.31.36.0-255,66,196990,9,290284
26447,0.060363,74.125.24.0-255,2902,199892,9,290284
26448,0.060369,172.31.36.0-255,66,199958,9,290284
26449,0.060446,74.125.24.0-255,2902,202860,9,290284
26450,0.06045,172.31.36.0-255,66,202926,9,290284
26451,0.062912,74.125.24.0-255,1484,204410,9,290284
26452,0.062968,74.125.24.0-255,2902,207312,9,290284
26453,0.062972,172.31.36.0-255,66,207378,9,290284
26454,0.06299,74.125.24.0-255,1484,208862,9,290284
26455,0.065489,74.125.24.0-255,4320,213182,9,290284
26456,0.065494,172.31.36.0-255,66,213248,9,290284
26457,0.068038,74.125.24.0-255,5738,218986,9,290284
26458,0.068044,172.31.36.0-255,66,219052,9,290284
26459,0.070628,74.125.24.0-255,2902,221954,9,290284
26460,0.070633,172.31.36.0-255,66,222020,9,290284
26461,0.070664,74.125.24.0-255,2902,224922,9,290284
26462,0.070668,172.31.36.0-255,66,224988,9,290284
26463,0.073161,74.125.24.0-255,2902,227890,9,290284
26464,0.073165,172.31.36.0-255,66,227956,9,290284
26465,0.073226,74.125.24.0-255,2902,230858,9,290284
26466,0.07323,172.31.36.0-255,66,230924,9,290284
26467,0.075677,74.125.24.0-255,2902,233826,9,290284
26468,0.075682,172.31.36.0-255,66,233892,9,290284
26469,0.075739,74.125.24.0-255,2902,236794,9,290284
26470,0.075743,172.31.36.0-255,66,236860,9,290284
26471,0.078212,74.125.24.0-255,2902,239762,9,290284
26472,0.078217,172.31.36.0-255,66,239828,9,290284
26473,0.078258,74.125.24.0-255,2902,242730,9,290284
26474,0.078262,172.31.36.0-255,66,242796,9,290284
26475,0.080753,74.125.24.0-255,2902,245698,9,290284
26476,0.080758,172.31.36.0-255,66,245764,9,290284
26477,0.080789,74.125.24.0-255,2902,248666,9,290284
26478,0.080793,172.31.36.0-255,66,248732,9,290284
26479,0.083282,74.125.24.0-255,2902,251634,9,290284
26480,0.083288,172.31.36.0-255,66,251700,9,290284
26481,0.083333,74.125.24.0-255,2902,254602,9,290284
26482,0.083337,172.31.36.0-255,66,254668,9,290284
26483,0.085813,74.125.24.0-255,2902,257570,9,290284
26484,0.085818,172.31.36.0-255,66,257636,9,290284
26485,0.085866,74.125.24.0-255,2902,260538,9,290284
26486,0.08587,172.31.36.0-255,66,260604,9,290284
26487,0.088387,74.125.24.0-255,2902,263506,9,290284
26488,0.088393,172.31.36.0-255,66,263572,9,290284
26489,0.088435,74.125.24.0-255,2902,266474,9,290284
26490,0.088438,172.31.36.0-255,66,266540,9,290284
26491,0.090935,74.125.24.0-255,2902,269442,9,290284
26492,0.090941,172.31.36.0-255,66,269508,9,290284
26493,0.091028,74.125.24.0-255,2902,272410,9,290284
26494,0.091032,172.31.36.0-255,66,272476,9,290284
26495,0.09348,74.125.24.0-255,2902,275378,9,290284
26496,0.093486,172.31.36.0-255,66,275444,9,290284
26497,0.09354,74.125.24.0-255,2902,278346,9,290284
26498,0.093544,172.31.36.0-255,66,278412,9,290284
26499,0.095998,74.125.24.0-255,2902,281314,9,290284
26500,0.096003,172.31.36.0-255,66,281380,9,290284
26501,0.096048,74.125.24.0-255,2902,284282,9,290284
26502,0.096052,172.31.36.0-255,66,284348,9,290284
26503,0.098533,74.125.24.0-255,2902,287250,9,290284
26504,0.098538,172.31.36.0-255,66,287316,9,290284
26505,0.098584,74.125.24.0-255,2902,290218,9,290284
26506,0.098588,172.31.36.0-255,66,290284,9,290284
26507,0.0,172.31.36.0-255,164,164,9,230
26508,0.007279,74.125.24.0-255,66,230,9,230
26509,0.0,172.217.194.0-255,143,143,9,362576
26510,2.1e-05,172.31.36.0-255,66,209,9,362576
26511,2.8e-05,172.217.194.0-255,1484,1693,9,362576
26512,3.3e-05,172.31.36.0-255,66,1759,9,362576
26513,3.9e-05,172.217.194.0-255,2902,4661,9,362576
26514,4.2e-05,172.31.36.0-255,66,4727,9,362576
26515,5.1e-05,172.217.194.0-255,7156,11883,9,362576
26516,5.5e-05,172.31.36.0-255,66,11949,9,362576
26517,6e-05,172.217.194.0-255,2058,14007,9,362576
26518,6.3e-05,172.31.36.0-255,66,14073,9,362576
26519,6.9e-05,172.217.194.0-255,4320,18393,9,362576
26520,7.2e-05,172.31.36.0-255,66,18459,9,362576
26521,9.7e-05,172.217.194.0-255,2902,21361,9,362576
26522,0.0001,172.31.36.0-255,66,21427,9,362576
26523,0.000112,172.31.36.0-255,66,21493,9,362576
26524,0.000115,172.217.194.0-255,1125,22618,9,362576
26525,0.000117,172.31.36.0-255,66,22684,9,362576
26526,0.000181,172.217.194.0-255,1484,24168,9,362576
26527,0.000184,172.31.36.0-255,66,24234,9,362576
26528,0.000189,172.217.194.0-255,2902,27136,9,362576
26529,0.000192,172.31.36.0-255,66,27202,9,362576
26530,0.000219,172.217.194.0-255,5738,32940,9,362576
26531,0.000222,172.31.36.0-255,66,33006,9,362576
26532,0.000239,172.217.194.0-255,2902,35908,9,362576
26533,0.000241,172.31.36.0-255,66,35974,9,362576
26534,0.000254,172.217.194.0-255,1484,37458,9,362576
26535,0.000256,172.31.36.0-255,66,37524,9,362576
26536,0.000271,172.217.194.0-255,2543,40067,9,362576
26537,0.000273,172.31.36.0-255,66,40133,9,362576
26538,0.000291,172.217.194.0-255,4320,44453,9,362576
26539,0.000293,172.31.36.0-255,66,44519,9,362576
26540,0.000322,172.217.194.0-255,2902,47421,9,362576
26541,0.000331,172.217.194.0-255,7156,54577,9,362576
26542,0.000348,172.217.194.0-255,2836,57413,9,362576
26543,0.000351,172.217.194.0-255,383,57796,9,362576
26544,0.000618,172.31.36.0-255,66,57862,9,362576
26545,0.000767,172.217.194.0-255,1484,59346,9,362576
26546,0.000775,172.217.194.0-255,2902,62248,9,362576
26547,0.000796,172.217.194.0-255,5738,67986,9,362576
26548,0.000804,172.31.36.0-255,66,68052,9,362576
26549,0.000817,172.217.194.0-255,7156,75208,9,362576
26550,0.000823,172.31.36.0-255,66,75274,9,362576
26551,0.000834,172.217.194.0-255,5738,81012,9,362576
26552,0.000873,172.31.36.0-255,66,81078,9,362576
26553,0.001389,172.217.194.0-255,1484,82562,9,362576
26554,0.001394,172.217.194.0-255,1484,84046,9,362576
26555,0.001398,172.31.36.0-255,66,84112,9,362576
26556,0.001418,172.217.194.0-255,1484,85596,9,362576
26557,0.001425,172.217.194.0-255,5738,91334,9,362576
26558,0.001463,172.217.194.0-255,7156,98490,9,362576
26559,0.001482,172.31.36.0-255,66,98556,9,362576
26560,0.001497,172.217.194.0-255,4320,102876,9,362576
26561,0.001501,172.217.194.0-255,2184,105060,9,362576
26562,0.001534,172.31.36.0-255,66,105126,9,362576
26563,0.001994,172.217.194.0-255,1484,106610,9,362576
26564,0.002004,172.217.194.0-255,2902,109512,9,362576
26565,0.002009,172.31.36.0-255,66,109578,9,362576
26566,0.002016,172.217.194.0-255,5738,115316,9,362576
26567,0.002041,172.217.194.0-255,7156,122472,9,362576
26568,0.002058,172.217.194.0-255,5738,128210,9,362576
26569,0.002078,172.217.194.0-255,766,128976,9,362576
26570,0.007443,172.31.36.0-255,66,129042,9,362576
26571,0.009717,172.217.194.0-255,5738,134780,9,362576
26572,0.009726,172.31.36.0-255,66,134846,9,362576
26573,0.011967,172.217.194.0-255,5738,140584,9,362576
26574,0.011976,172.31.36.0-255,66,140650,9,362576
26575,0.014234,172.217.194.0-255,5738,146388,9,362576
26576,0.014242,172.31.36.0-255,66,146454,9,362576
26577,0.016498,172.217.194.0-255,5738,152192,9,362576
26578,0.016506,172.31.36.0-255,66,152258,9,362576
26579,0.018775,172.217.194.0-255,5738,157996,9,362576
26580,0.018782,172.31.36.0-255,66,158062,9,362576
26581,0.021043,172.217.194.0-255,5738,163800,9,362576
26582,0.02105,172.31.36.0-255,66,163866,9,362576
26583,0.023314,172.217.194.0-255,5738,169604,9,362576
26584,0.023324,172.31.36.0-255,66,169670,9,362576
26585,0.025578,172.217.194.0-255,5738,175408,9,362576
26586,0.025586,172.31.36.0-255,66,175474,9,362576
26587,0.027851,172.217.194.0-255,5738,181212,9,362576
26588,0.027871,172.31.36.0-255,66,181278,9,362576
26589,0.030118,172.217.194.0-255,5738,187016,9,362576
26590,0.030126,172.31.36.0-255,66,187082,9,362576
26591,0.032386,172.217.194.0-255,5738,192820,9,362576
26592,0.032394,172.31.36.0-255,66,192886,9,362576
26593,0.034646,172.217.194.0-255,5738,198624,9,362576
26594,0.034654,172.31.36.0-255,66,198690,9,362576
26595,0.036895,172.217.194.0-255,5738,204428,9,362576
26596,0.036901,172.31.36.0-255,66,204494,9,362576
26597,0.039172,172.217.194.0-255,5738,210232,9,362576
26598,0.03918,172.31.36.0-255,66,210298,9,362576
26599,0.041432,172.217.194.0-255,5738,216036,9,362576
26600,0.041444,172.31.36.0-255,66,216102,9,362576
26601,0.043694,172.217.194.0-255,5738,221840,9,362576
26602,0.043701,172.31.36.0-255,66,221906,9,362576
26603,0.045967,172.217.194.0-255,5738,227644,9,362576
26604,0.045975,172.31.36.0-255,66,227710,9,362576
26605,0.048228,172.217.194.0-255,5738,233448,9,362576
26606,0.048236,172.31.36.0-255,66,233514,9,362576
26607,0.050475,172.217.194.0-255,5738,239252,9,362576
26608,0.050484,172.31.36.0-255,66,239318,9,362576
26609,0.052731,172.217.194.0-255,5738,245056,9,362576
26610,0.052738,172.31.36.0-255,66,245122,9,362576
26611,0.054995,172.217.194.0-255,5738,250860,9,362576
26612,0.055001,172.31.36.0-255,66,250926,9,362576
26613,0.057317,172.217.194.0-255,5738,256664,9,362576
26614,0.057323,172.31.36.0-255,66,256730,9,362576
26615,0.059557,172.217.194.0-255,5738,262468,9,362576
26616,0.059566,172.31.36.0-255,66,262534,9,362576
26617,0.061827,172.217.194.0-255,5738,268272,9,362576
26618,0.061835,172.31.36.0-255,66,268338,9,362576
26619,0.063557,172.31.36.0-255,172,268510,9,362576
26620,0.063591,172.31.36.0-255,1070,269580,9,362576
26621,0.064096,172.217.194.0-255,5738,275318,9,362576
26622,0.064103,172.31.36.0-255,66,275384,9,362576
26623,0.065113,104.244.42.0-255,66,275450,9,362576
26624,0.065154,104.244.42.0-255,66,275516,9,362576
26625,0.066374,172.217.194.0-255,5738,281254,9,362576
26626,0.066383,172.31.36.0-255,66,281320,9,362576
26627,0.068631,172.217.194.0-255,5738,287058,9,362576
26628,0.068638,172.31.36.0-255,66,287124,9,362576
26629,0.070886,172.217.194.0-255,5738,292862,9,362576
26630,0.070893,172.31.36.0-255,66,292928,9,362576
26631,0.073146,172.217.194.0-255,5738,298666,9,362576
26632,0.073153,172.31.36.0-255,66,298732,9,362576
26633,0.075395,172.217.194.0-255,5738,304470,9,362576
26634,0.075402,172.31.36.0-255,66,304536,9,362576
26635,0.077628,172.217.194.0-255,5738,310274,9,362576
26636,0.077635,172.31.36.0-255,66,310340,9,362576
26637,0.079904,172.217.194.0-255,5738,316078,9,362576
26638,0.079911,172.31.36.0-255,66,316144,9,362576
26639,0.082195,172.217.194.0-255,5738,321882,9,362576
26640,0.082201,172.31.36.0-255,66,321948,9,362576
26641,0.084496,172.217.194.0-255,5738,327686,9,362576
26642,0.084502,172.31.36.0-255,66,327752,9,362576
26643,0.086757,172.217.194.0-255,5738,333490,9,362576
26644,0.086763,172.31.36.0-255,66,333556,9,362576
26645,0.089024,172.217.194.0-255,5738,339294,9,362576
26646,0.089031,172.31.36.0-255,66,339360,9,362576
26647,0.091288,172.217.194.0-255,5738,345098,9,362576
26648,0.091294,172.31.36.0-255,66,345164,9,362576
26649,0.093569,172.217.194.0-255,5738,350902,9,362576
26650,0.093576,172.31.36.0-255,66,350968,9,362576
26651,0.095823,172.217.194.0-255,5738,356706,9,362576
26652,0.09583,172.31.36.0-255,66,356772,9,362576
26653,0.098101,172.217.194.0-255,5738,362510,9,362576
26654,0.098108,172.31.36.0-255,66,362576,9,362576
26655,0.0,172.217.194.0-255,153,153,9,352398
26656,1.7e-05,172.31.36.0-255,66,219,9,352398
26657,2.3e-05,172.217.194.0-255,1484,1703,9,352398
26658,2.8e-05,172.31.36.0-255,66,1769,9,352398
26659,3.4e-05,172.217.194.0-255,2902,4671,9,352398
26660,3.8e-05,172.31.36.0-255,66,4737,9,352398
26661,4.6e-05,172.217.194.0-255,7156,11893,9,352398
26662,5e-05,172.31.36.0-255,66,11959,9,352398
26663,5.4e-05,172.217.194.0-255,2103,14062,9,352398
26664,5.8e-05,172.31.36.0-255,66,14128,9,352398
26665,0.000272,172.217.194.0-255,1484,15612,9,352398
26666,0.000278,172.31.36.0-255,66,15678,9,352398
26667,0.000284,172.217.194.0-255,2902,18580,9,352398
26668,0.000287,172.31.36.0-255,66,18646,9,352398
26669,0.000293,172.217.194.0-255,5738,24384,9,352398
26670,0.000296,172.31.36.0-255,66,24450,9,352398
26671,0.000302,172.217.194.0-255,4320,28770,9,352398
26672,0.000304,172.31.36.0-255,66,28836,9,352398
26673,0.000358,172.31.36.0-255,66,28902,9,352398
26674,0.000381,172.217.194.0-255,3961,32863,9,352398
26675,0.000384,172.31.36.0-255,66,32929,9,352398
26676,0.000392,172.217.194.0-255,6797,39726,9,352398
26677,0.000395,172.31.36.0-255,66,39792,9,352398
26678,0.000513,172.217.194.0-255,1484,41276,9,352398
26679,0.000518,172.31.36.0-255,66,41342,9,352398
26680,0.000523,172.217.194.0-255,2902,44244,9,352398
26681,0.000526,172.31.36.0-255,66,44310,9,352398
26682,0.00053,172.217.194.0-255,2902,47212,9,352398
26683,0.000532,172.31.36.0-255,66,47278,9,352398
26684,0.000551,172.217.194.0-255,2902,50180,9,352398
26685,0.000554,172.31.36.0-255,66,50246,9,352398
26686,0.000593,172.217.194.0-255,7156,57402,9,352398
26687,0.000597,172.31.36.0-255,66,57468,9,352398
26688,0.000615,172.217.194.0-255,287,57755,9,352398
26689,0.000644,172.31.36.0-255,66,57821,9,352398
26690,0.000662,172.217.194.0-255,4320,62141,9,352398
26691,0.000665,172.31.36.0-255,66,62207,9,352398
26692,0.00069,172.217.194.0-255,3961,66168,9,352398
26693,0.000693,172.31.36.0-255,66,66234,9,352398
26694,0.0007,172.217.194.0-255,7156,73390,9,352398
26695,0.000702,172.31.36.0-255,66,73456,9,352398
26696,0.000723,172.217.194.0-255,1484,74940,9,352398
26697,0.000728,172.217.194.0-255,2902,77842,9,352398
26698,0.000731,172.31.36.0-255,66,77908,9,352398
26699,0.00075,172.217.194.0-255,5379,83287,9,352398
26700,0.000753,172.31.36.0-255,66,83353,9,352398
26701,0.001659,172.217.194.0-255,1484,84837,9,352398
26702,0.001668,172.217.194.0-255,2902,87739,9,352398
26703,0.001673,172.31.36.0-255,66,87805,9,352398
26704,0.001681,172.217.194.0-255,5738,93543,9,352398
26705,0.001683,172.31.36.0-255,66,93609,9,352398
26706,0.001723,172.31.36.0-255,66,93675,9,352398
26707,0.001744,172.217.194.0-255,4320,97995,9,352398
26708,0.001746,172.31.36.0-255,66,98061,9,352398
26709,0.001772,172.217.194.0-255,6438,104499,9,352398
26710,0.001774,172.31.36.0-255,66,104565,9,352398
26711,0.004064,172.217.194.0-255,5738,110303,9,352398
26712,0.004071,172.31.36.0-255,66,110369,9,352398
26713,0.006361,172.217.194.0-255,5738,116107,9,352398
26714,0.006365,172.31.36.0-255,66,116173,9,352398
26715,0.008664,172.217.194.0-255,5738,121911,9,352398
26716,0.008672,172.31.36.0-255,66,121977,9,352398
26717,0.010968,172.217.194.0-255,5738,127715,9,352398
26718,0.010977,172.31.36.0-255,66,127781,9,352398
26719,0.013276,172.217.194.0-255,5738,133519,9,352398
26720,0.013287,172.31.36.0-255,66,133585,9,352398
26721,0.01561,172.217.194.0-255,5738,139323,9,352398
26722,0.015637,172.31.36.0-255,66,139389,9,352398
26723,0.017926,172.217.194.0-255,5738,145127,9,352398
26724,0.017938,172.31.36.0-255,66,145193,9,352398
26725,0.020226,172.217.194.0-255,5738,150931,9,352398
26726,0.020234,172.31.36.0-255,66,150997,9,352398
26727,0.022514,172.217.194.0-255,5738,156735,9,352398
26728,0.022522,172.31.36.0-255,66,156801,9,352398
26729,0.0248,172.217.194.0-255,2902,159703,9,352398
26730,0.024807,172.31.36.0-255,66,159769,9,352398
26731,0.024829,172.217.194.0-255,2902,162671,9,352398
26732,0.024832,172.31.36.0-255,66,162737,9,352398
26733,0.027094,172.217.194.0-255,4320,167057,9,352398
26734,0.027101,172.31.36.0-255,66,167123,9,352398
26735,0.027122,172.217.194.0-255,1484,168607,9,352398
26736,0.029373,172.217.194.0-255,2902,171509,9,352398
26737,0.02938,172.31.36.0-255,66,171575,9,352398
26738,0.031642,172.217.194.0-255,5738,177313,9,352398
26739,0.031649,172.31.36.0-255,66,177379,9,352398
26740,0.033945,172.217.194.0-255,5738,183117,9,352398
26741,0.033953,172.31.36.0-255,66,183183,9,352398
26742,0.036249,172.217.194.0-255,5738,188921,9,352398
26743,0.036257,172.31.36.0-255,66,188987,9,352398
26744,0.038554,172.217.194.0-255,5738,194725,9,352398
26745,0.038562,172.31.36.0-255,66,194791,9,352398
26746,0.040854,172.217.194.0-255,5738,200529,9,352398
26747,0.040862,172.31.36.0-255,66,200595,9,352398
26748,0.043128,172.217.194.0-255,5738,206333,9,352398
26749,0.043135,172.31.36.0-255,66,206399,9,352398
26750,0.045403,172.217.194.0-255,5738,212137,9,352398
26751,0.045411,172.31.36.0-255,66,212203,9,352398
26752,0.046211,172.31.36.0-255,172,212375,9,352398
26753,0.046254,172.31.36.0-255,1116,213491,9,352398
26754,0.046323,172.31.36.0-255,1514,215005,9,352398
26755,0.046325,172.31.36.0-255,1514,216519,9,352398
26756,0.04633,172.31.36.0-255,1514,218033,9,352398
26757,0.046331,172.31.36.0-255,609,218642,9,352398
26758,0.04768,172.217.194.0-255,5738,224380,9,352398
26759,0.047687,172.31.36.0-255,66,224446,9,352398
26760,0.047753,104.244.42.0-255,66,224512,9,352398
26761,0.047816,104.244.42.0-255,66,224578,9,352398
26762,0.047918,104.244.42.0-255,66,224644,9,352398
26763,0.047924,104.244.42.0-255,66,224710,9,352398
26764,0.050008,172.217.194.0-255,5738,230448,9,352398
26765,0.050014,172.31.36.0-255,66,230514,9,352398
26766,0.05228,172.217.194.0-255,5738,236252,9,352398
26767,0.052286,172.31.36.0-255,66,236318,9,352398
26768,0.054573,172.217.194.0-255,5738,242056,9,352398
26769,0.05458,172.31.36.0-255,66,242122,9,352398
26770,0.056861,172.217.194.0-255,5738,247860,9,352398
26771,0.056868,172.31.36.0-255,66,247926,9,352398
26772,0.059145,172.217.194.0-255,5738,253664,9,352398
26773,0.059151,172.31.36.0-255,66,253730,9,352398
26774,0.061428,172.217.194.0-255,5738,259468,9,352398
26775,0.061434,172.31.36.0-255,66,259534,9,352398
26776,0.063731,172.217.194.0-255,5738,265272,9,352398
26777,0.063737,172.31.36.0-255,66,265338,9,352398
26778,0.06599,172.217.194.0-255,5738,271076,9,352398
26779,0.065998,172.31.36.0-255,66,271142,9,352398
26780,0.068276,172.217.194.0-255,5738,276880,9,352398
26781,0.068283,172.31.36.0-255,66,276946,9,352398
26782,0.070569,172.217.194.0-255,5738,282684,9,352398
26783,0.070577,172.31.36.0-255,66,282750,9,352398
26784,0.072856,172.217.194.0-255,5738,288488,9,352398
26785,0.072862,172.31.36.0-255,66,288554,9,352398
26786,0.075142,172.217.194.0-255,5738,294292,9,352398
26787,0.075149,172.31.36.0-255,66,294358,9,352398
26788,0.077428,172.217.194.0-255,5738,300096,9,352398
26789,0.077434,172.31.36.0-255,66,300162,9,352398
26790,0.079728,172.217.194.0-255,5738,305900,9,352398
26791,0.079735,172.31.36.0-255,66,305966,9,352398
26792,0.082019,172.217.194.0-255,5738,311704,9,352398
26793,0.082026,172.31.36.0-255,66,311770,9,352398
26794,0.084302,172.217.194.0-255,5738,317508,9,352398
26795,0.084309,172.31.36.0-255,66,317574,9,352398
26796,0.086601,172.217.194.0-255,5738,323312,9,352398
26797,0.086608,172.31.36.0-255,66,323378,9,352398
26798,0.088895,172.217.194.0-255,5738,329116,9,352398
26799,0.088901,172.31.36.0-255,66,329182,9,352398
26800,0.091214,172.217.194.0-255,5738,334920,9,352398
26801,0.091221,172.31.36.0-255,66,334986,9,352398
26802,0.093513,172.217.194.0-255,5738,340724,9,352398
26803,0.09352,172.31.36.0-255,66,340790,9,352398
26804,0.095805,172.217.194.0-255,5738,346528,9,352398
26805,0.095811,172.31.36.0-255,66,346594,9,352398
26806,0.098112,172.217.194.0-255,5738,352332,9,352398
26807,0.098118,172.31.36.0-255,66,352398,9,352398
26808,0.0,74.125.24.0-255,161,161,9,271177
26809,2.4e-05,172.31.36.0-255,66,227,9,271177
26810,5.4e-05,74.125.24.0-255,1484,1711,9,271177
26811,5.9e-05,172.31.36.0-255,66,1777,9,271177
26812,6.5e-05,74.125.24.0-255,2902,4679,9,271177
26813,6.9e-05,172.31.36.0-255,66,4745,9,271177
26814,7.5e-05,74.125.24.0-255,4320,9065,9,271177
26815,7.8e-05,172.31.36.0-255,66,9131,9,271177
26816,8.5e-05,74.125.24.0-255,4887,14018,9,271177
26817,8.9e-05,172.31.36.0-255,66,14084,9,271177
26818,0.000288,74.125.24.0-255,1484,15568,9,271177
26819,0.000293,172.31.36.0-255,66,15634,9,271177
26820,0.0003,74.125.24.0-255,2902,18536,9,271177
26821,0.000302,172.31.36.0-255,66,18602,9,271177
26822,0.000328,74.125.24.0-255,5738,24340,9,271177
26823,0.000331,172.31.36.0-255,66,24406,9,271177
26824,0.000339,74.125.24.0-255,1484,25890,9,271177
26825,0.000341,172.31.36.0-255,66,25956,9,271177
26826,0.000346,74.125.24.0-255,2902,28858,9,271177
26827,0.000349,172.31.36.0-255,66,28924,9,271177
26828,0.000397,74.125.24.0-255,6797,35721,9,271177
26829,0.0004,172.31.36.0-255,66,35787,9,271177
26830,0.000417,172.31.36.0-255,66,35853,9,271177
26831,0.000436,172.31.36.0-255,66,35919,9,271177
26832,0.000439,74.125.24.0-255,135,36054,9,271177
26833,0.000442,172.31.36.0-255,66,36120,9,271177
26834,0.000754,74.125.24.0-255,1484,37604,9,271177
26835,0.000759,172.31.36.0-255,66,37670,9,271177
26836,0.000766,74.125.24.0-255,2902,40572,9,271177
26837,0.000768,172.31.36.0-255,66,40638,9,271177
26838,0.000781,74.125.24.0-255,5738,46376,9,271177
26839,0.000803,172.31.36.0-255,66,46442,9,271177
26840,0.000841,172.31.36.0-255,66,46508,9,271177
26841,0.000896,74.125.24.0-255,766,47274,9,271177
26842,0.000924,74.125.24.0-255,1484,48758,9,271177
26843,0.000927,74.125.24.0-255,1484,50242,9,271177
26844,0.000939,172.31.36.0-255,66,50308,9,271177
26845,0.000943,74.125.24.0-255,1484,51792,9,271177
26846,0.000948,74.125.24.0-255,4320,56112,9,271177
26847,0.000968,74.125.24.0-255,1484,57596,9,271177
26848,0.000979,172.31.36.0-255,66,57662,9,271177
26849,0.001004,74.125.24.0-255,2902,60564,9,271177
26850,0.001041,172.31.36.0-255,66,60630,9,271177
26851,0.001057,74.125.24.0-255,2184,62814,9,271177
26852,0.00113,74.125.24.0-255,6714,69528,9,271177
26853,0.001147,172.31.36.0-255,66,69594,9,271177
26854,0.001405,74.125.24.0-255,1484,71078,9,271177
26855,0.001411,74.125.24.0-255,2902,73980,9,271177
26856,0.001417,74.125.24.0-255,5738,79718,9,271177
26857,0.00143,172.31.36.0-255,66,79784,9,271177
26858,0.001437,74.125.24.0-255,4320,84104,9,271177
26859,0.001442,172.31.36.0-255,66,84170,9,271177
26860,0.001469,74.125.24.0-255,1484,85654,9,271177
26861,0.001511,74.125.24.0-255,7156,92810,9,271177
26862,0.001516,172.31.36.0-255,66,92876,9,271177
26863,0.001536,74.125.24.0-255,4320,97196,9,271177
26864,0.001543,74.125.24.0-255,5738,102934,9,271177
26865,0.001561,172.31.36.0-255,66,103000,9,271177
26866,0.001605,172.31.36.0-255,66,103066,9,271177
26867,0.001623,74.125.24.0-255,2184,105250,9,271177
26868,0.00163,74.125.24.0-255,5738,110988,9,271177
26869,0.001653,74.125.24.0-255,5738,116726,9,271177
26870,0.001673,74.125.24.0-255,2902,119628,9,271177
26871,0.001677,172.31.36.0-255,66,119694,9,271177
26872,0.001684,172.31.36.0-255,66,119760,9,271177
26873,0.001709,74.125.24.0-255,6438,126198,9,271177
26874,0.00173,172.31.36.0-255,66,126264,9,271177
26875,0.001775,74.125.24.0-255,1484,127748,9,271177
26876,0.001781,74.125.24.0-255,2902,130650,9,271177
26877,0.001786,172.31.36.0-255,66,130716,9,271177
26878,0.001809,74.125.24.0-255,5738,136454,9,271177
26879,0.00182,172.31.36.0-255,66,136520,9,271177
26880,0.001859,74.125.24.0-255,2902,139422,9,271177
26881,0.001866,74.125.24.0-255,7156,146578,9,271177
26882,0.001887,74.125.24.0-255,3602,150180,9,271177
26883,0.001895,172.31.36.0-255,66,150246,9,271177
26884,0.00401,74.125.24.0-255,5738,155984,9,271177
26885,0.004016,172.31.36.0-255,66,156050,9,271177
26886,0.006097,74.125.24.0-255,5738,161788,9,271177
26887,0.006105,172.31.36.0-255,66,161854,9,271177
26888,0.008214,74.125.24.0-255,2902,164756,9,271177
26889,0.00822,172.31.36.0-255,66,164822,9,271177
26890,0.008246,74.125.24.0-255,2902,167724,9,271177
26891,0.008249,172.31.36.0-255,66,167790,9,271177
26892,0.01029,74.125.24.0-255,2902,170692,9,271177
26893,0.010296,172.31.36.0-255,66,170758,9,271177
26894,0.010346,74.125.24.0-255,2902,173660,9,271177
26895,0.010349,172.31.36.0-255,66,173726,9,271177
26896,0.012366,74.125.24.0-255,2902,176628,9,271177
26897,0.012374,172.31.36.0-255,66,176694,9,271177
26898,0.012441,74.125.24.0-255,2902,179596,9,271177
26899,0.012445,172.31.36.0-255,66,179662,9,271177
26900,0.014422,74.125.24.0-255,2902,182564,9,271177
26901,0.01443,172.31.36.0-255,66,182630,9,271177
26902,0.014494,74.125.24.0-255,2902,185532,9,271177
26903,0.014497,172.31.36.0-255,66,185598,9,271177
26904,0.016507,74.125.24.0-255,2902,188500,9,271177
26905,0.016516,172.31.36.0-255,66,188566,9,271177
26906,0.016579,74.125.24.0-255,1484,190050,9,271177
26907,0.016632,74.125.24.0-255,1484,191534,9,271177
26908,0.016635,172.31.36.0-255,66,191600,9,271177
26909,0.018601,74.125.24.0-255,2902,194502,9,271177
26910,0.018608,172.31.36.0-255,66,194568,9,271177
26911,0.018743,74.125.24.0-255,2902,197470,9,271177
26912,0.018749,172.31.36.0-255,66,197536,9,271177
26913,0.020684,74.125.24.0-255,2902,200438,9,271177
26914,0.020692,172.31.36.0-255,66,200504,9,271177
26915,0.02084,74.125.24.0-255,2902,203406,9,271177
26916,0.020845,172.31.36.0-255,66,203472,9,271177
26917,0.02274,74.125.24.0-255,2902,206374,9,271177
26918,0.022749,172.31.36.0-255,66,206440,9,271177
26919,0.022874,74.125.24.0-255,2902,209342,9,271177
26920,0.022879,172.31.36.0-255,66,209408,9,271177
26921,0.024806,74.125.24.0-255,2902,212310,9,271177
26922,0.024816,172.31.36.0-255,66,212376,9,271177
26923,0.024946,74.125.24.0-255,2902,215278,9,271177
26924,0.02495,172.31.36.0-255,66,215344,9,271177
26925,0.026902,74.125.24.0-255,2902,218246,9,271177
26926,0.02691,172.31.36.0-255,66,218312,9,271177
26927,0.027041,74.125.24.0-255,2902,221214,9,271177
26928,0.027046,172.31.36.0-255,66,221280,9,271177
26929,0.028989,74.125.24.0-255,2902,224182,9,271177
26930,0.028996,172.31.36.0-255,66,224248,9,271177
26931,0.029104,74.125.24.0-255,2902,227150,9,271177
26932,0.029109,172.31.36.0-255,66,227216,9,271177
26933,0.031072,74.125.24.0-255,2902,230118,9,271177
26934,0.031079,172.31.36.0-255,66,230184,9,271177
26935,0.031199,74.125.24.0-255,2902,233086,9,271177
26936,0.031204,172.31.36.0-255,66,233152,9,271177
26937,0.033183,74.125.24.0-255,2902,236054,9,271177
26938,0.033191,172.31.36.0-255,66,236120,9,271177
26939,0.033236,74.125.24.0-255,2902,239022,9,271177
26940,0.033239,172.31.36.0-255,66,239088,9,271177
26941,0.035251,74.125.24.0-255,2902,241990,9,271177
26942,0.035259,172.31.36.0-255,66,242056,9,271177
26943,0.035314,74.125.24.0-255,2902,244958,9,271177
26944,0.035318,172.31.36.0-255,66,245024,9,271177
26945,0.037346,74.125.24.0-255,2902,247926,9,271177
26946,0.037352,172.31.36.0-255,66,247992,9,271177
26947,0.037427,74.125.24.0-255,2902,250894,9,271177
26948,0.037431,172.31.36.0-255,66,250960,9,271177
26949,0.039466,74.125.24.0-255,2902,253862,9,271177
26950,0.039473,172.31.36.0-255,66,253928,9,271177
26951,0.039512,74.125.24.0-255,2902,256830,9,271177
26952,0.039515,172.31.36.0-255,66,256896,9,271177
26953,0.041536,74.125.24.0-255,2902,259798,9,271177
26954,0.041544,172.31.36.0-255,66,259864,9,271177
26955,0.041591,74.125.24.0-255,2902,262766,9,271177
26956,0.041594,172.31.36.0-255,66,262832,9,271177
26957,0.043617,74.125.24.0-255,2902,265734,9,271177
26958,0.043623,172.31.36.0-255,66,265800,9,271177
26959,0.043692,74.125.24.0-255,2902,268702,9,271177
26960,0.0437,172.31.36.0-255,66,268768,9,271177
26961,0.045659,74.125.24.0-255,798,269566,9,271177
26962,0.045798,172.31.36.0-255,66,269632,9,271177
26963,0.045838,172.31.36.0-255,105,269737,9,271177
26964,0.047906,74.125.24.0-255,66,269803,9,271177
26965,0.068329,172.31.36.0-255,172,269975,9,271177
26966,0.068358,172.31.36.0-255,1070,271045,9,271177
26967,0.069945,104.244.42.0-255,66,271111,9,271177
26968,0.069955,104.244.42.0-255,66,271177,9,271177
26969,0.0,172.217.194.0-255,289,289,9,146447
26970,2.5e-05,172.31.36.0-255,66,355,9,146447
26971,3.1e-05,172.217.194.0-255,1484,1839,9,146447
26972,3.5e-05,172.31.36.0-255,66,1905,9,146447
26973,4e-05,172.217.194.0-255,4320,6225,9,146447
26974,5e-05,172.31.36.0-255,66,6291,9,146447
26975,5.3e-05,172.217.194.0-255,1484,7775,9,146447
26976,5.5e-05,172.31.36.0-255,66,7841,9,146447
26977,9.6e-05,172.217.194.0-255,6096,13937,9,146447
26978,9.9e-05,172.31.36.0-255,66,14003,9,146447
26979,0.000138,172.217.194.0-255,1484,15487,9,146447
26980,0.000141,172.31.36.0-255,66,15553,9,146447
26981,0.000147,172.217.194.0-255,2902,18455,9,146447
26982,0.000149,172.31.36.0-255,66,18521,9,146447
26983,0.000155,172.217.194.0-255,5738,24259,9,146447
26984,0.000161,172.31.36.0-255,66,24325,9,146447
26985,0.00019,172.217.194.0-255,4320,28645,9,146447
26986,0.000194,172.31.36.0-255,66,28711,9,146447
26987,0.000235,172.31.36.0-255,66,28777,9,146447
26988,0.000248,172.31.36.0-255,66,28843,9,146447
26989,0.00029,172.31.36.0-255,66,28909,9,146447
26990,0.000293,172.217.194.0-255,366,29275,9,146447
26991,0.000297,172.31.36.0-255,66,29341,9,146447
26992,0.000827,172.217.194.0-255,1484,30825,9,146447
26993,0.000833,172.31.36.0-255,66,30891,9,146447
26994,0.000838,172.217.194.0-255,2902,33793,9,146447
26995,0.00084,172.31.36.0-255,66,33859,9,146447
26996,0.000846,172.217.194.0-255,5738,39597,9,146447
26997,0.000848,172.31.36.0-255,66,39663,9,146447
26998,0.000893,172.31.36.0-255,66,39729,9,146447
26999,0.000904,172.31.36.0-255,66,39795,9,146447
27000,0.00091,172.217.194.0-255,5020,44815,9,146447
27001,0.000912,172.31.36.0-255,66,44881,9,146447
27002,0.000945,172.217.194.0-255,5738,50619,9,146447
27003,0.000948,172.31.36.0-255,66,50685,9,146447
27004,0.000955,172.217.194.0-255,4320,55005,9,146447
27005,0.000957,172.31.36.0-255,66,55071,9,146447
27006,0.000998,172.31.36.0-255,66,55137,9,146447
27007,0.001009,172.31.36.0-255,66,55203,9,146447
27008,0.001012,172.217.194.0-255,1484,56687,9,146447
27009,0.001044,172.217.194.0-255,3602,60289,9,146447
27010,0.001047,172.31.36.0-255,66,60355,9,146447
27011,0.001198,172.217.194.0-255,1484,61839,9,146447
27012,0.001215,172.217.194.0-255,1484,63323,9,146447
27013,0.001219,172.31.36.0-255,66,63389,9,146447
27014,0.00124,172.217.194.0-255,1484,64873,9,146447
27015,0.001247,172.217.194.0-255,5738,70611,9,146447
27016,0.001253,172.217.194.0-255,5738,76349,9,146447
27017,0.001253,172.31.36.0-255,66,76415,9,146447
27018,0.001256,172.31.36.0-255,66,76481,9,146447
27019,0.001293,172.217.194.0-255,7156,83637,9,146447
27020,0.001302,172.31.36.0-255,66,83703,9,146447
27021,0.001314,172.31.36.0-255,66,83769,9,146447
27022,0.001375,172.217.194.0-255,1484,85253,9,146447
27023,0.001381,172.217.194.0-255,2902,88155,9,146447
27024,0.001384,172.31.36.0-255,66,88221,9,146447
27025,0.00139,172.217.194.0-255,5738,93959,9,146447
27026,0.001392,172.31.36.0-255,66,94025,9,146447
27027,0.001413,172.31.36.0-255,66,94091,9,146447
27028,0.001424,172.31.36.0-255,66,94157,9,146447
27029,0.001427,172.217.194.0-255,766,94923,9,146447
27030,0.001518,172.217.194.0-255,1484,96407,9,146447
27031,0.001522,172.31.36.0-255,66,96473,9,146447
27032,0.001526,172.217.194.0-255,2902,99375,9,146447
27033,0.001529,172.31.36.0-255,66,99441,9,146447
27034,0.001535,172.217.194.0-255,5738,105179,9,146447
27035,0.001537,172.31.36.0-255,66,105245,9,146447
27036,0.001546,172.217.194.0-255,1484,106729,9,146447
27037,0.00159,172.31.36.0-255,66,106795,9,146447
27038,0.001604,172.31.36.0-255,66,106861,9,146447
27039,0.001634,172.217.194.0-255,1484,108345,9,146447
27040,0.001657,172.217.194.0-255,1484,109829,9,146447
27041,0.00166,172.31.36.0-255,66,109895,9,146447
27042,0.001667,172.217.194.0-255,4320,114215,9,146447
27043,0.001669,172.31.36.0-255,66,114281,9,146447
27044,0.001687,172.31.36.0-255,66,114347,9,146447
27045,0.001749,172.31.36.0-255,66,114413,9,146447
27046,0.001807,172.217.194.0-255,1484,115897,9,146447
27047,0.001813,172.217.194.0-255,2902,118799,9,146447
27048,0.001817,172.31.36.0-255,66,118865,9,146447
27049,0.001823,172.217.194.0-255,5738,124603,9,146447
27050,0.001827,172.31.36.0-255,66,124669,9,146447
27051,0.001868,172.31.36.0-255,66,124735,9,146447
27052,0.001913,172.31.36.0-255,66,124801,9,146447
27053,0.001919,172.217.194.0-255,4320,129121,9,146447
27054,0.001922,172.31.36.0-255,66,129187,9,146447
27055,0.001954,172.217.194.0-255,7156,136343,9,146447
27056,0.001959,172.31.36.0-255,66,136409,9,146447
27057,0.001982,172.31.36.0-255,66,136475,9,146447
27058,0.001994,172.31.36.0-255,66,136541,9,146447
27059,0.002048,172.31.36.0-255,66,136607,9,146447
27060,0.002064,172.31.36.0-255,66,136673,9,146447
27061,0.00212,172.31.36.0-255,66,136739,9,146447
27062,0.002172,172.31.36.0-255,66,136805,9,146447
27063,0.002175,172.217.194.0-255,1484,138289,9,146447
27064,0.002179,172.217.194.0-255,1484,139773,9,146447
27065,0.002181,172.31.36.0-255,66,139839,9,146447
27066,0.002198,172.31.36.0-255,66,139905,9,146447
27067,0.002201,172.217.194.0-255,105,140010,9,146447
27068,0.006653,172.31.36.0-255,66,140076,9,146447
27069,0.006681,172.31.36.0-255,105,140181,9,146447
27070,0.008684,172.217.194.0-255,66,140247,9,146447
27071,0.041868,172.31.36.0-255,172,140419,9,146447
27072,0.041899,172.31.36.0-255,1116,141535,9,146447
27073,0.041961,172.31.36.0-255,1514,143049,9,146447
27074,0.041963,172.31.36.0-255,1514,144563,9,146447
27075,0.041969,172.31.36.0-255,1514,146077,9,146447
27076,0.04197,172.31.36.0-255,106,146183,9,146447
27077,0.043417,104.244.42.0-255,66,146249,9,146447
27078,0.043624,104.244.42.0-255,66,146315,9,146447
27079,0.043628,104.244.42.0-255,66,146381,9,146447
27080,0.043632,104.244.42.0-255,66,146447,9,146447
27081,0.0,172.31.36.0-255,105,105,9,276
27082,0.081958,31.13.82.0-255,105,210,9,276
27083,0.081974,172.31.36.0-255,66,276,9,276
27084,0.0,74.125.130.0-255,146,146,9,349790
27085,2.4e-05,172.31.36.0-255,66,212,9,349790
27086,3.1e-05,74.125.130.0-255,1484,1696,9,349790
27087,3.7e-05,172.31.36.0-255,66,1762,9,349790
27088,4.3e-05,74.125.130.0-255,2902,4664,9,349790
27089,4.6e-05,172.31.36.0-255,66,4730,9,349790
27090,5.3e-05,74.125.130.0-255,7156,11886,9,349790
27091,5.6e-05,172.31.36.0-255,66,11952,9,349790
27092,8.6e-05,74.125.130.0-255,3502,15454,9,349790
27093,8.9e-05,172.31.36.0-255,66,15520,9,349790
27094,0.000111,74.125.130.0-255,4320,19840,9,349790
27095,0.000115,172.31.36.0-255,66,19906,9,349790
27096,0.000153,74.125.130.0-255,5738,25644,9,349790
27097,0.000156,172.31.36.0-255,66,25710,9,349790
27098,0.000172,74.125.130.0-255,1484,27194,9,349790
27099,0.000175,172.31.36.0-255,66,27260,9,349790
27100,0.000194,74.125.130.0-255,3961,31221,9,349790
27101,0.000196,172.31.36.0-255,66,31287,9,349790
27102,0.0006,74.125.130.0-255,1484,32771,9,349790
27103,0.000604,74.125.130.0-255,1484,34255,9,349790
27104,0.000615,172.31.36.0-255,66,34321,9,349790
27105,0.000619,172.31.36.0-255,66,34387,9,349790
27106,0.000623,74.125.130.0-255,1484,35871,9,349790
27107,0.000625,172.31.36.0-255,66,35937,9,349790
27108,0.000633,74.125.130.0-255,5738,41675,9,349790
27109,0.000635,172.31.36.0-255,66,41741,9,349790
27110,0.00064,74.125.130.0-255,2902,44643,9,349790
27111,0.000642,172.31.36.0-255,66,44709,9,349790
27112,0.000646,74.125.130.0-255,1484,46193,9,349790
27113,0.000648,172.31.36.0-255,66,46259,9,349790
27114,0.000673,74.125.130.0-255,2543,48802,9,349790
27115,0.000676,172.31.36.0-255,66,48868,9,349790
27116,0.000681,74.125.130.0-255,4320,53188,9,349790
27117,0.000704,74.125.130.0-255,4320,57508,9,349790
27118,0.000709,74.125.130.0-255,2902,60410,9,349790
27119,0.000736,172.31.36.0-255,66,60476,9,349790
27120,0.000749,74.125.130.0-255,5379,65855,9,349790
27121,0.000777,74.125.130.0-255,647,66502,9,349790
27122,0.00078,172.31.36.0-255,66,66568,9,349790
27123,0.000902,74.125.130.0-255,1484,68052,9,349790
27124,0.000921,74.125.130.0-255,2902,70954,9,349790
27125,0.000953,74.125.130.0-255,1484,72438,9,349790
27126,0.000957,74.125.130.0-255,1484,73922,9,349790
27127,0.000974,74.125.130.0-255,1484,75406,9,349790
27128,0.000977,74.125.130.0-255,1484,76890,9,349790
27129,0.000998,74.125.130.0-255,4320,81210,9,349790
27130,0.001002,74.125.130.0-255,2543,83753,9,349790
27131,0.001079,74.125.130.0-255,1484,85237,9,349790
27132,0.001102,74.125.130.0-255,2902,88139,9,349790
27133,0.001133,74.125.130.0-255,5738,93877,9,349790
27134,0.001156,74.125.130.0-255,6797,100674,9,349790
27135,0.001679,74.125.130.0-255,1484,102158,9,349790
27136,0.001687,74.125.130.0-255,2902,105060,9,349790
27137,0.001692,74.125.130.0-255,2902,107962,9,349790
27138,0.001705,74.125.130.0-255,2902,110864,9,349790
27139,0.00172,74.125.130.0-255,5738,116602,9,349790
27140,0.001731,74.125.130.0-255,1484,118086,9,349790
27141,0.001754,74.125.130.0-255,2902,120988,9,349790
27142,0.001804,74.125.130.0-255,2184,123172,9,349790
27143,0.007069,172.31.36.0-255,66,123238,9,349790
27144,0.009378,74.125.130.0-255,5738,128976,9,349790
27145,0.009385,172.31.36.0-255,66,129042,9,349790
27146,0.011679,74.125.130.0-255,5738,134780,9,349790
27147,0.012765,172.31.36.0-255,66,134846,9,349790
27148,0.015062,74.125.130.0-255,5738,140584,9,349790
27149,0.015072,172.31.36.0-255,66,140650,9,349790
27150,0.017376,74.125.130.0-255,5738,146388,9,349790
27151,0.017384,172.31.36.0-255,66,146454,9,349790
27152,0.019681,74.125.130.0-255,5738,152192,9,349790
27153,0.019689,172.31.36.0-255,66,152258,9,349790
27154,0.021981,74.125.130.0-255,5738,157996,9,349790
27155,0.021988,172.31.36.0-255,66,158062,9,349790
27156,0.024273,74.125.130.0-255,5738,163800,9,349790
27157,0.024279,172.31.36.0-255,66,163866,9,349790
27158,0.02657,74.125.130.0-255,5738,169604,9,349790
27159,0.026578,172.31.36.0-255,66,169670,9,349790
27160,0.028862,74.125.130.0-255,5738,175408,9,349790
27161,0.028871,172.31.36.0-255,66,175474,9,349790
27162,0.03077,172.31.36.0-255,172,175646,9,349790
27163,0.0308,172.31.36.0-255,1070,176716,9,349790
27164,0.031176,74.125.130.0-255,5738,182454,9,349790
27165,0.031183,172.31.36.0-255,66,182520,9,349790
27166,0.032299,104.244.42.0-255,66,182586,9,349790
27167,0.032333,104.244.42.0-255,66,182652,9,349790
27168,0.033481,74.125.130.0-255,5738,188390,9,349790
27169,0.033488,172.31.36.0-255,66,188456,9,349790
27170,0.033644,104.244.42.0-255,108,188564,9,349790
27171,0.033648,172.31.36.0-255,66,188630,9,349790
27172,0.035783,74.125.130.0-255,5738,194368,9,349790
27173,0.035789,172.31.36.0-255,66,194434,9,349790
27174,0.03808,74.125.130.0-255,5738,200172,9,349790
27175,0.038086,172.31.36.0-255,66,200238,9,349790
27176,0.040381,74.125.130.0-255,5738,205976,9,349790
27177,0.040388,172.31.36.0-255,66,206042,9,349790
27178,0.04269,74.125.130.0-255,5738,211780,9,349790
27179,0.042695,172.31.36.0-255,66,211846,9,349790
27180,0.044985,74.125.130.0-255,5738,217584,9,349790
27181,0.044997,172.31.36.0-255,66,217650,9,349790
27182,0.047293,74.125.130.0-255,5738,223388,9,349790
27183,0.047299,172.31.36.0-255,66,223454,9,349790
27184,0.049624,74.125.130.0-255,5738,229192,9,349790
27185,0.049633,172.31.36.0-255,66,229258,9,349790
27186,0.051921,74.125.130.0-255,5738,234996,9,349790
27187,0.051927,172.31.36.0-255,66,235062,9,349790
27188,0.054222,74.125.130.0-255,5738,240800,9,349790
27189,0.054229,172.31.36.0-255,66,240866,9,349790
27190,0.056521,74.125.130.0-255,5738,246604,9,349790
27191,0.056527,172.31.36.0-255,66,246670,9,349790
27192,0.058825,74.125.130.0-255,5738,252408,9,349790
27193,0.058834,172.31.36.0-255,66,252474,9,349790
27194,0.061136,74.125.130.0-255,5738,258212,9,349790
27195,0.061143,172.31.36.0-255,66,258278,9,349790
27196,0.063441,74.125.130.0-255,4320,262598,9,349790
27197,0.063448,172.31.36.0-255,66,262664,9,349790
27198,0.063468,74.125.130.0-255,1484,264148,9,349790
27199,0.065737,74.125.130.0-255,4320,268468,9,349790
27200,0.065743,172.31.36.0-255,66,268534,9,349790
27201,0.068037,74.125.130.0-255,5738,274272,9,349790
27202,0.068087,172.31.36.0-255,66,274338,9,349790
27203,0.070383,74.125.130.0-255,5738,280076,9,349790
27204,0.07039,172.31.36.0-255,66,280142,9,349790
27205,0.072685,74.125.130.0-255,5738,285880,9,349790
27206,0.072691,172.31.36.0-255,66,285946,9,349790
27207,0.074995,74.125.130.0-255,5738,291684,9,349790
27208,0.075002,172.31.36.0-255,66,291750,9,349790
27209,0.077297,74.125.130.0-255,5738,297488,9,349790
27210,0.077303,172.31.36.0-255,66,297554,9,349790
27211,0.07959,74.125.130.0-255,5738,303292,9,349790
27212,0.079596,172.31.36.0-255,66,303358,9,349790
27213,0.081889,74.125.130.0-255,5738,309096,9,349790
27214,0.081895,172.31.36.0-255,66,309162,9,349790
27215,0.084183,74.125.130.0-255,5738,314900,9,349790
27216,0.08419,172.31.36.0-255,66,314966,9,349790
27217,0.086484,74.125.130.0-255,5738,320704,9,349790
27218,0.086492,172.31.36.0-255,66,320770,9,349790
27219,0.088789,74.125.130.0-255,5738,326508,9,349790
27220,0.088796,172.31.36.0-255,66,326574,9,349790
27221,0.091088,74.125.130.0-255,5738,332312,9,349790
27222,0.091095,172.31.36.0-255,66,332378,9,349790
27223,0.093394,74.125.130.0-255,5738,338116,9,349790
27224,0.093401,172.31.36.0-255,66,338182,9,349790
27225,0.095687,74.125.130.0-255,5738,343920,9,349790
27226,0.095693,172.31.36.0-255,66,343986,9,349790
27227,0.097996,74.125.130.0-255,5738,349724,9,349790
27228,0.098002,172.31.36.0-255,66,349790,9,349790
27229,0.0,74.125.24.0-255,298,298,9,337154
27230,1.7e-05,172.31.36.0-255,66,364,9,337154
27231,2.3e-05,74.125.24.0-255,1484,1848,9,337154
27232,2.8e-05,172.31.36.0-255,66,1914,9,337154
27233,3.5e-05,74.125.24.0-255,4320,6234,9,337154
27234,3.9e-05,172.31.36.0-255,66,6300,9,337154
27235,5.1e-05,172.31.36.0-255,66,6366,9,337154
27236,9.5e-05,74.125.24.0-255,4320,10686,9,337154
27237,9.9e-05,172.31.36.0-255,66,10752,9,337154
27238,0.000106,74.125.24.0-255,5738,16490,9,337154
27239,0.000108,172.31.36.0-255,66,16556,9,337154
27240,0.000145,74.125.24.0-255,5738,22294,9,337154
27241,0.000148,172.31.36.0-255,66,22360,9,337154
27242,0.000166,74.125.24.0-255,1125,23485,9,337154
27243,0.000169,172.31.36.0-255,66,23551,9,337154
27244,0.000462,74.125.24.0-255,1484,25035,9,337154
27245,0.000468,172.31.36.0-255,66,25101,9,337154
27246,0.000473,74.125.24.0-255,2902,28003,9,337154
27247,0.000477,172.31.36.0-255,66,28069,9,337154
27248,0.000484,74.125.24.0-255,5738,33807,9,337154
27249,0.000486,172.31.36.0-255,66,33873,9,337154
27250,0.00052,74.125.24.0-255,5738,39611,9,337154
27251,0.000523,172.31.36.0-255,66,39677,9,337154
27252,0.000556,172.31.36.0-255,66,39743,9,337154
27253,0.000561,74.125.24.0-255,4320,44063,9,337154
27254,0.000563,172.31.36.0-255,66,44129,9,337154
27255,0.000601,74.125.24.0-255,5379,49508,9,337154
27256,0.000605,172.31.36.0-255,66,49574,9,337154
27257,0.002607,74.125.24.0-255,5738,55312,9,337154
27258,0.002615,172.31.36.0-255,66,55378,9,337154
27259,0.004631,74.125.24.0-255,5738,61116,9,337154
27260,0.004639,172.31.36.0-255,66,61182,9,337154
27261,0.006661,74.125.24.0-255,5738,66920,9,337154
27262,0.006667,172.31.36.0-255,66,66986,9,337154
27263,0.008689,74.125.24.0-255,5738,72724,9,337154
27264,0.008696,172.31.36.0-255,66,72790,9,337154
27265,0.010718,74.125.24.0-255,5738,78528,9,337154
27266,0.010727,172.31.36.0-255,66,78594,9,337154
27267,0.012739,74.125.24.0-255,5738,84332,9,337154
27268,0.012747,172.31.36.0-255,66,84398,9,337154
27269,0.014758,74.125.24.0-255,5738,90136,9,337154
27270,0.015874,172.31.36.0-255,66,90202,9,337154
27271,0.017874,74.125.24.0-255,5738,95940,9,337154
27272,0.017884,172.31.36.0-255,66,96006,9,337154
27273,0.019933,74.125.24.0-255,5738,101744,9,337154
27274,0.01994,172.31.36.0-255,66,101810,9,337154
27275,0.021944,74.125.24.0-255,5738,107548,9,337154
27276,0.02195,172.31.36.0-255,66,107614,9,337154
27277,0.023986,74.125.24.0-255,5738,113352,9,337154
27278,0.023994,172.31.36.0-255,66,113418,9,337154
27279,0.026009,74.125.24.0-255,5738,119156,9,337154
27280,0.026017,172.31.36.0-255,66,119222,9,337154
27281,0.028074,74.125.24.0-255,5738,124960,9,337154
27282,0.028083,172.31.36.0-255,66,125026,9,337154
27283,0.030121,74.125.24.0-255,5738,130764,9,337154
27284,0.030129,172.31.36.0-255,66,130830,9,337154
27285,0.031112,172.31.36.0-255,172,131002,9,337154
27286,0.031139,172.31.36.0-255,1115,132117,9,337154
27287,0.031198,172.31.36.0-255,1514,133631,9,337154
27288,0.0312,172.31.36.0-255,1514,135145,9,337154
27289,0.031205,172.31.36.0-255,1514,136659,9,337154
27290,0.031206,172.31.36.0-255,1514,138173,9,337154
27291,0.031223,172.31.36.0-255,1381,139554,9,337154
27292,0.032171,74.125.24.0-255,5738,145292,9,337154
27293,0.032178,172.31.36.0-255,66,145358,9,337154
27294,0.032663,104.244.42.0-255,66,145424,9,337154
27295,0.032698,104.244.42.0-255,66,145490,9,337154
27296,0.032757,104.244.42.0-255,66,145556,9,337154
27297,0.032778,104.244.42.0-255,66,145622,9,337154
27298,0.034202,74.125.24.0-255,5738,151360,9,337154
27299,0.034207,172.31.36.0-255,66,151426,9,337154
27300,0.036242,74.125.24.0-255,5738,157164,9,337154
27301,0.03625,172.31.36.0-255,66,157230,9,337154
27302,0.038269,74.125.24.0-255,5738,162968,9,337154
27303,0.038275,172.31.36.0-255,66,163034,9,337154
27304,0.04031,74.125.24.0-255,5738,168772,9,337154
27305,0.040317,172.31.36.0-255,66,168838,9,337154
27306,0.042324,74.125.24.0-255,5738,174576,9,337154
27307,0.042331,172.31.36.0-255,66,174642,9,337154
27308,0.044369,74.125.24.0-255,5738,180380,9,337154
27309,0.044376,172.31.36.0-255,66,180446,9,337154
27310,0.046392,74.125.24.0-255,5738,186184,9,337154
27311,0.0464,172.31.36.0-255,66,186250,9,337154
27312,0.048409,74.125.24.0-255,5738,191988,9,337154
27313,0.048417,172.31.36.0-255,66,192054,9,337154
27314,0.05044,74.125.24.0-255,5738,197792,9,337154
27315,0.050448,172.31.36.0-255,66,197858,9,337154
27316,0.052483,74.125.24.0-255,5738,203596,9,337154
27317,0.052493,172.31.36.0-255,66,203662,9,337154
27318,0.054549,74.125.24.0-255,5738,209400,9,337154
27319,0.054558,172.31.36.0-255,66,209466,9,337154
27320,0.056608,74.125.24.0-255,5738,215204,9,337154
27321,0.056616,172.31.36.0-255,66,215270,9,337154
27322,0.058625,74.125.24.0-255,5738,221008,9,337154
27323,0.058634,172.31.36.0-255,66,221074,9,337154
27324,0.060649,74.125.24.0-255,5738,226812,9,337154
27325,0.060657,172.31.36.0-255,66,226878,9,337154
27326,0.062704,74.125.24.0-255,5738,232616,9,337154
27327,0.062713,172.31.36.0-255,66,232682,9,337154
27328,0.064736,74.125.24.0-255,5738,238420,9,337154
27329,0.064745,172.31.36.0-255,66,238486,9,337154
27330,0.066815,74.125.24.0-255,5738,244224,9,337154
27331,0.066823,172.31.36.0-255,66,244290,9,337154
27332,0.068852,74.125.24.0-255,5738,250028,9,337154
27333,0.068859,172.31.36.0-255,66,250094,9,337154
27334,0.070895,74.125.24.0-255,5738,255832,9,337154
27335,0.070904,172.31.36.0-255,66,255898,9,337154
27336,0.072959,74.125.24.0-255,5738,261636,9,337154
27337,0.072967,172.31.36.0-255,66,261702,9,337154
27338,0.074965,74.125.24.0-255,5738,267440,9,337154
27339,0.074974,172.31.36.0-255,66,267506,9,337154
27340,0.07699,74.125.24.0-255,5738,273244,9,337154
27341,0.076997,172.31.36.0-255,66,273310,9,337154
27342,0.079083,74.125.24.0-255,5738,279048,9,337154
27343,0.07909,172.31.36.0-255,66,279114,9,337154
27344,0.081163,74.125.24.0-255,5738,284852,9,337154
27345,0.08117,172.31.36.0-255,66,284918,9,337154
27346,0.083231,74.125.24.0-255,5738,290656,9,337154
27347,0.083238,172.31.36.0-255,66,290722,9,337154
27348,0.085292,74.125.24.0-255,5738,296460,9,337154
27349,0.085298,172.31.36.0-255,66,296526,9,337154
27350,0.087314,74.125.24.0-255,5738,302264,9,337154
27351,0.087321,172.31.36.0-255,66,302330,9,337154
27352,0.089319,74.125.24.0-255,5738,308068,9,337154
27353,0.089325,172.31.36.0-255,66,308134,9,337154
27354,0.091357,74.125.24.0-255,5738,313872,9,337154
27355,0.091364,172.31.36.0-255,66,313938,9,337154
27356,0.09343,74.125.24.0-255,5738,319676,9,337154
27357,0.093436,172.31.36.0-255,66,319742,9,337154
27358,0.095452,74.125.24.0-255,5738,325480,9,337154
27359,0.095459,172.31.36.0-255,66,325546,9,337154
27360,0.09748,74.125.24.0-255,5738,331284,9,337154
27361,0.097487,172.31.36.0-255,66,331350,9,337154
27362,0.09952,74.125.24.0-255,5738,337088,9,337154
27363,0.099526,172.31.36.0-255,66,337154,9,337154
27364,0.0,172.31.36.0-255,105,105,9,459
27365,0.000216,172.31.36.0-255,90,195,9,459
27366,0.000227,172.31.36.0-255,66,261,9,459
27367,0.002506,74.125.24.0-255,66,327,9,459
27368,0.002539,74.125.24.0-255,66,393,9,459
27369,0.002562,172.31.36.0-255,66,459,9,459
27370,0.0,74.125.24.0-255,153,153,9,362914
27371,2.3e-05,172.31.36.0-255,66,219,9,362914
27372,3.1e-05,74.125.24.0-255,1484,1703,9,362914
27373,3.5e-05,172.31.36.0-255,66,1769,9,362914
27374,5e-05,74.125.24.0-255,2902,4671,9,362914
27375,5.3e-05,172.31.36.0-255,66,4737,9,362914
27376,6.1e-05,74.125.24.0-255,7156,11893,9,362914
27377,6.3e-05,172.31.36.0-255,66,11959,9,362914
27378,6.8e-05,74.125.24.0-255,2003,13962,9,362914
27379,7.1e-05,172.31.36.0-255,66,14028,9,362914
27380,0.000138,74.125.24.0-255,1484,15512,9,362914
27381,0.000141,172.31.36.0-255,66,15578,9,362914
27382,0.000147,74.125.24.0-255,2902,18480,9,362914
27383,0.000149,172.31.36.0-255,66,18546,9,362914
27384,0.000178,74.125.24.0-255,4320,22866,9,362914
27385,0.000181,172.31.36.0-255,66,22932,9,362914
27386,0.000204,74.125.24.0-255,1484,24416,9,362914
27387,0.000207,172.31.36.0-255,66,24482,9,362914
27388,0.000215,74.125.24.0-255,6797,31279,9,362914
27389,0.000217,172.31.36.0-255,66,31345,9,362914
27390,0.000259,74.125.24.0-255,7156,38501,9,362914
27391,0.000263,172.31.36.0-255,66,38567,9,362914
27392,0.000301,172.31.36.0-255,66,38633,9,362914
27393,0.000304,74.125.24.0-255,1125,39758,9,362914
27394,0.000306,172.31.36.0-255,66,39824,9,362914
27395,0.000784,74.125.24.0-255,1484,41308,9,362914
27396,0.00079,172.31.36.0-255,66,41374,9,362914
27397,0.000795,74.125.24.0-255,2902,44276,9,362914
27398,0.000797,172.31.36.0-255,66,44342,9,362914
27399,0.000801,74.125.24.0-255,1484,45826,9,362914
27400,0.000803,172.31.36.0-255,66,45892,9,362914
27401,0.000834,74.125.24.0-255,4320,50212,9,362914
27402,0.000837,172.31.36.0-255,66,50278,9,362914
27403,0.000874,74.125.24.0-255,6797,57075,9,362914
27404,0.000877,172.31.36.0-255,66,57141,9,362914
27405,0.000885,74.125.24.0-255,7156,64297,9,362914
27406,0.000887,172.31.36.0-255,66,64363,9,362914
27407,0.00093,172.31.36.0-255,66,64429,9,362914
27408,0.000987,74.125.24.0-255,1484,65913,9,362914
27409,0.000994,74.125.24.0-255,2902,68815,9,362914
27410,0.000997,172.31.36.0-255,66,68881,9,362914
27411,0.001027,74.125.24.0-255,5738,74619,9,362914
27412,0.00103,172.31.36.0-255,66,74685,9,362914
27413,0.001069,74.125.24.0-255,6797,81482,9,362914
27414,0.001073,172.31.36.0-255,66,81548,9,362914
27415,0.001142,74.125.24.0-255,1484,83032,9,362914
27416,0.001147,74.125.24.0-255,2902,85934,9,362914
27417,0.00115,172.31.36.0-255,66,86000,9,362914
27418,0.001171,74.125.24.0-255,5738,91738,9,362914
27419,0.001174,172.31.36.0-255,66,91804,9,362914
27420,0.001214,74.125.24.0-255,7156,98960,9,362914
27421,0.001223,172.31.36.0-255,66,99026,9,362914
27422,0.001227,172.31.36.0-255,66,99092,9,362914
27423,0.0013,74.125.24.0-255,2902,101994,9,362914
27424,0.001303,172.31.36.0-255,66,102060,9,362914
27425,0.001347,172.31.36.0-255,66,102126,9,362914
27426,0.001872,74.125.24.0-255,1484,103610,9,362914
27427,0.001878,74.125.24.0-255,2902,106512,9,362914
27428,0.001881,172.31.36.0-255,66,106578,9,362914
27429,0.001902,74.125.24.0-255,5738,112316,9,362914
27430,0.001904,172.31.36.0-255,66,112382,9,362914
27431,0.001943,172.31.36.0-255,66,112448,9,362914
27432,0.001951,74.125.24.0-255,7156,119604,9,362914
27433,0.001953,172.31.36.0-255,66,119670,9,362914
27434,0.001982,74.125.24.0-255,3602,123272,9,362914
27435,0.001985,172.31.36.0-255,66,123338,9,362914
27436,0.0022,74.125.24.0-255,1484,124822,9,362914
27437,0.002204,74.125.24.0-255,1484,126306,9,362914
27438,0.002207,172.31.36.0-255,66,126372,9,362914
27439,0.002233,74.125.24.0-255,1484,127856,9,362914
27440,0.00224,74.125.24.0-255,5738,133594,9,362914
27441,0.002243,172.31.36.0-255,66,133660,9,362914
27442,0.002248,74.125.24.0-255,4320,137980,9,362914
27443,0.00225,172.31.36.0-255,66,138046,9,362914
27444,0.002282,74.125.24.0-255,1484,139530,9,362914
27445,0.002295,172.31.36.0-255,66,139596,9,362914
27446,0.002332,74.125.24.0-255,4320,143916,9,362914
27447,0.002335,172.31.36.0-255,66,143982,9,362914
27448,0.002341,74.125.24.0-255,5020,149002,9,362914
27449,0.002342,172.31.36.0-255,66,149068,9,362914
27450,0.004642,74.125.24.0-255,5738,154806,9,362914
27451,0.004648,172.31.36.0-255,66,154872,9,362914
27452,0.007088,74.125.24.0-255,2902,157774,9,362914
27453,0.007092,172.31.36.0-255,66,157840,9,362914
27454,0.007118,74.125.24.0-255,2902,160742,9,362914
27455,0.00712,172.31.36.0-255,66,160808,9,362914
27456,0.009371,74.125.24.0-255,2902,163710,9,362914
27457,0.009378,172.31.36.0-255,66,163776,9,362914
27458,0.009417,74.125.24.0-255,2902,166678,9,362914
27459,0.00942,172.31.36.0-255,66,166744,9,362914
27460,0.011662,74.125.24.0-255,2902,169646,9,362914
27461,0.011671,172.31.36.0-255,66,169712,9,362914
27462,0.011734,74.125.24.0-255,2902,172614,9,362914
27463,0.011737,172.31.36.0-255,66,172680,9,362914
27464,0.013971,74.125.24.0-255,2902,175582,9,362914
27465,0.013979,172.31.36.0-255,66,175648,9,362914
27466,0.01401,74.125.24.0-255,2902,178550,9,362914
27467,0.014013,172.31.36.0-255,66,178616,9,362914
27468,0.016258,74.125.24.0-255,2902,181518,9,362914
27469,0.016266,172.31.36.0-255,66,181584,9,362914
27470,0.016301,74.125.24.0-255,2902,184486,9,362914
27471,0.016303,172.31.36.0-255,66,184552,9,362914
27472,0.018586,74.125.24.0-255,5738,190290,9,362914
27473,0.018596,172.31.36.0-255,66,190356,9,362914
27474,0.020881,74.125.24.0-255,5738,196094,9,362914
27475,0.020887,172.31.36.0-255,66,196160,9,362914
27476,0.023187,74.125.24.0-255,5738,201898,9,362914
27477,0.023196,172.31.36.0-255,66,201964,9,362914
27478,0.025472,74.125.24.0-255,5738,207702,9,362914
27479,0.025478,172.31.36.0-255,66,207768,9,362914
27480,0.027791,74.125.24.0-255,5738,213506,9,362914
27481,0.027798,172.31.36.0-255,66,213572,9,362914
27482,0.029431,172.31.36.0-255,172,213744,9,362914
27483,0.029463,172.31.36.0-255,1116,214860,9,362914
27484,0.029523,172.31.36.0-255,1514,216374,9,362914
27485,0.029525,172.31.36.0-255,1514,217888,9,362914
27486,0.02953,172.31.36.0-255,1514,219402,9,362914
27487,0.029531,172.31.36.0-255,359,219761,9,362914
27488,0.030088,74.125.24.0-255,5738,225499,9,362914
27489,0.030094,172.31.36.0-255,66,225565,9,362914
27490,0.030945,104.244.42.0-255,66,225631,9,362914
27491,0.031,104.244.42.0-255,66,225697,9,362914
27492,0.031061,104.244.42.0-255,66,225763,9,362914
27493,0.031064,104.244.42.0-255,66,225829,9,362914
27494,0.031747,104.244.42.0-255,108,225937,9,362914
27495,0.031753,172.31.36.0-255,66,226003,9,362914
27496,0.032389,74.125.24.0-255,2902,228905,9,362914
27497,0.032395,172.31.36.0-255,66,228971,9,362914
27498,0.032427,74.125.24.0-255,2902,231873,9,362914
27499,0.03243,172.31.36.0-255,66,231939,9,362914
27500,0.034681,74.125.24.0-255,2902,234841,9,362914
27501,0.034688,172.31.36.0-255,66,234907,9,362914
27502,0.034714,74.125.24.0-255,2902,237809,9,362914
27503,0.034717,172.31.36.0-255,66,237875,9,362914
27504,0.036977,74.125.24.0-255,2902,240777,9,362914
27505,0.036984,172.31.36.0-255,66,240843,9,362914
27506,0.037014,74.125.24.0-255,2902,243745,9,362914
27507,0.037018,172.31.36.0-255,66,243811,9,362914
27508,0.039252,74.125.24.0-255,2902,246713,9,362914
27509,0.039262,172.31.36.0-255,66,246779,9,362914
27510,0.039285,74.125.24.0-255,2902,249681,9,362914
27511,0.039289,172.31.36.0-255,66,249747,9,362914
27512,0.04156,74.125.24.0-255,2902,252649,9,362914
27513,0.04157,172.31.36.0-255,66,252715,9,362914
27514,0.041602,74.125.24.0-255,2902,255617,9,362914
27515,0.041605,172.31.36.0-255,66,255683,9,362914
27516,0.043847,74.125.24.0-255,2902,258585,9,362914
27517,0.043854,172.31.36.0-255,66,258651,9,362914
27518,0.043874,74.125.24.0-255,2902,261553,9,362914
27519,0.043877,172.31.36.0-255,66,261619,9,362914
27520,0.046137,74.125.24.0-255,2902,264521,9,362914
27521,0.046143,172.31.36.0-255,66,264587,9,362914
27522,0.046171,74.125.24.0-255,2902,267489,9,362914
27523,0.046174,172.31.36.0-255,66,267555,9,362914
27524,0.048421,74.125.24.0-255,2902,270457,9,362914
27525,0.048426,172.31.36.0-255,66,270523,9,362914
27526,0.048503,74.125.24.0-255,2902,273425,9,362914
27527,0.048506,172.31.36.0-255,66,273491,9,362914
27528,0.050738,74.125.24.0-255,2902,276393,9,362914
27529,0.050744,172.31.36.0-255,66,276459,9,362914
27530,0.050777,74.125.24.0-255,2902,279361,9,362914
27531,0.05078,172.31.36.0-255,66,279427,9,362914
27532,0.053037,74.125.24.0-255,2902,282329,9,362914
27533,0.053043,172.31.36.0-255,66,282395,9,362914
27534,0.053079,74.125.24.0-255,2902,285297,9,362914
27535,0.053081,172.31.36.0-255,66,285363,9,362914
27536,0.055337,74.125.24.0-255,2902,288265,9,362914
27537,0.055344,172.31.36.0-255,66,288331,9,362914
27538,0.055382,74.125.24.0-255,2902,291233,9,362914
27539,0.055385,172.31.36.0-255,66,291299,9,362914
27540,0.057602,74.125.24.0-255,2902,294201,9,362914
27541,0.057607,172.31.36.0-255,66,294267,9,362914
27542,0.057633,74.125.24.0-255,2902,297169,9,362914
27543,0.057636,172.31.36.0-255,66,297235,9,362914
27544,0.059893,74.125.24.0-255,2902,300137,9,362914
27545,0.059899,172.31.36.0-255,66,300203,9,362914
27546,0.059933,74.125.24.0-255,2902,303105,9,362914
27547,0.059935,172.31.36.0-255,66,303171,9,362914
27548,0.062194,74.125.24.0-255,2902,306073,9,362914
27549,0.0622,172.31.36.0-255,66,306139,9,362914
27550,0.062234,74.125.24.0-255,2902,309041,9,362914
27551,0.062237,172.31.36.0-255,66,309107,9,362914
27552,0.064493,74.125.24.0-255,2902,312009,9,362914
27553,0.0645,172.31.36.0-255,66,312075,9,362914
27554,0.064521,74.125.24.0-255,2902,314977,9,362914
27555,0.064524,172.31.36.0-255,66,315043,9,362914
27556,0.066784,74.125.24.0-255,2902,317945,9,362914
27557,0.06679,172.31.36.0-255,66,318011,9,362914
27558,0.06682,74.125.24.0-255,2902,320913,9,362914
27559,0.066822,172.31.36.0-255,66,320979,9,362914
27560,0.069104,74.125.24.0-255,5738,326717,9,362914
27561,0.069109,172.31.36.0-255,66,326783,9,362914
27562,0.071402,74.125.24.0-255,5738,332521,9,362914
27563,0.071408,172.31.36.0-255,66,332587,9,362914
27564,0.073676,74.125.24.0-255,5738,338325,9,362914
27565,0.073683,172.31.36.0-255,66,338391,9,362914
27566,0.075958,74.125.24.0-255,5738,344129,9,362914
27567,0.075964,172.31.36.0-255,66,344195,9,362914
27568,0.078247,74.125.24.0-255,5738,349933,9,362914
27569,0.078253,172.31.36.0-255,66,349999,9,362914
27570,0.08054,74.125.24.0-255,5738,355737,9,362914
27571,0.080549,172.31.36.0-255,66,355803,9,362914
27572,0.08284,74.125.24.0-255,5738,361541,9,362914
27573,0.082847,172.31.36.0-255,66,361607,9,362914
27574,0.085147,74.125.24.0-255,1070,362677,9,362914
27575,0.085294,172.31.36.0-255,66,362743,9,362914
27576,0.085334,172.31.36.0-255,105,362848,9,362914
27577,0.087609,74.125.24.0-255,66,362914,9,362914
27578,0.0,172.217.194.0-255,298,298,9,346807
27579,3.4e-05,172.31.36.0-255,66,364,9,346807
27580,4e-05,172.217.194.0-255,1484,1848,9,346807
27581,4.5e-05,172.31.36.0-255,66,1914,9,346807
27582,5e-05,172.217.194.0-255,4320,6234,9,346807
27583,5.3e-05,172.31.36.0-255,66,6300,9,346807
27584,5.9e-05,172.217.194.0-255,5738,12038,9,346807
27585,6.2e-05,172.31.36.0-255,66,12104,9,346807
27586,6.9e-05,172.217.194.0-255,6112,18216,9,346807
27587,7.1e-05,172.31.36.0-255,66,18282,9,346807
27588,0.0001,172.31.36.0-255,66,18348,9,346807
27589,0.000123,172.217.194.0-255,2902,21250,9,346807
27590,0.000125,172.31.36.0-255,66,21316,9,346807
27591,0.000129,172.217.194.0-255,1484,22800,9,346807
27592,0.000131,172.31.36.0-255,66,22866,9,346807
27593,0.000149,172.217.194.0-255,2902,25768,9,346807
27594,0.000151,172.31.36.0-255,66,25834,9,346807
27595,0.000155,172.217.194.0-255,1484,27318,9,346807
27596,0.000158,172.31.36.0-255,66,27384,9,346807
27597,0.000185,172.217.194.0-255,7156,34540,9,346807
27598,0.000188,172.31.36.0-255,66,34606,9,346807
27599,0.000214,172.217.194.0-255,7156,41762,9,346807
27600,0.000217,172.31.36.0-255,66,41828,9,346807
27601,0.000243,172.31.36.0-255,66,41894,9,346807
27602,0.000246,172.217.194.0-255,434,42328,9,346807
27603,0.000248,172.31.36.0-255,66,42394,9,346807
27604,0.000313,172.217.194.0-255,1484,43878,9,346807
27605,0.000318,172.217.194.0-255,2902,46780,9,346807
27606,0.000319,172.31.36.0-255,66,46846,9,346807
27607,0.000324,172.31.36.0-255,66,46912,9,346807
27608,0.00033,172.217.194.0-255,1484,48396,9,346807
27609,0.00035,172.217.194.0-255,4320,52716,9,346807
27610,0.000353,172.31.36.0-255,66,52782,9,346807
27611,0.000384,172.217.194.0-255,4320,57102,9,346807
27612,0.000388,172.31.36.0-255,66,57168,9,346807
27613,0.000419,172.31.36.0-255,66,57234,9,346807
27614,0.000431,172.31.36.0-255,66,57300,9,346807
27615,0.00112,172.217.194.0-255,1484,58784,9,346807
27616,0.001126,172.217.194.0-255,2902,61686,9,346807
27617,0.001129,172.31.36.0-255,66,61752,9,346807
27618,0.001135,172.217.194.0-255,2902,64654,9,346807
27619,0.001137,172.31.36.0-255,66,64720,9,346807
27620,0.00115,172.217.194.0-255,2902,67622,9,346807
27621,0.001153,172.31.36.0-255,66,67688,9,346807
27622,0.001161,172.217.194.0-255,7156,74844,9,346807
27623,0.001164,172.31.36.0-255,66,74910,9,346807
27624,0.001189,172.217.194.0-255,4320,79230,9,346807
27625,0.001192,172.31.36.0-255,66,79296,9,346807
27626,0.001208,172.217.194.0-255,4320,83616,9,346807
27627,0.001211,172.31.36.0-255,66,83682,9,346807
27628,0.001239,172.31.36.0-255,66,83748,9,346807
27629,0.001432,172.217.194.0-255,1484,85232,9,346807
27630,0.00144,172.217.194.0-255,2902,88134,9,346807
27631,0.001443,172.31.36.0-255,66,88200,9,346807
27632,0.00145,172.217.194.0-255,5738,93938,9,346807
27633,0.001453,172.31.36.0-255,66,94004,9,346807
27634,0.001458,172.217.194.0-255,4320,98324,9,346807
27635,0.001461,172.31.36.0-255,66,98390,9,346807
27636,0.001478,172.217.194.0-255,1484,99874,9,346807
27637,0.001489,172.31.36.0-255,66,99940,9,346807
27638,0.001509,172.217.194.0-255,4320,104260,9,346807
27639,0.001512,172.31.36.0-255,66,104326,9,346807
27640,0.001517,172.217.194.0-255,2902,107228,9,346807
27641,0.001519,172.31.36.0-255,66,107294,9,346807
27642,0.001533,172.217.194.0-255,2184,109478,9,346807
27643,0.001536,172.31.36.0-255,66,109544,9,346807
27644,0.002077,172.217.194.0-255,1484,111028,9,346807
27645,0.002085,172.217.194.0-255,2902,113930,9,346807
27646,0.002088,172.31.36.0-255,66,113996,9,346807
27647,0.002095,172.217.194.0-255,5738,119734,9,346807
27648,0.002097,172.31.36.0-255,66,119800,9,346807
27649,0.002099,172.217.194.0-255,1484,121284,9,346807
27650,0.002125,172.31.36.0-255,66,121350,9,346807
27651,0.002136,172.31.36.0-255,66,121416,9,346807
27652,0.004416,172.217.194.0-255,5738,127154,9,346807
27653,0.004424,172.31.36.0-255,66,127220,9,346807
27654,0.00674,172.217.194.0-255,5738,132958,9,346807
27655,0.00675,172.31.36.0-255,66,133024,9,346807
27656,0.009027,172.217.194.0-255,5738,138762,9,346807
27657,0.009033,172.31.36.0-255,66,138828,9,346807
27658,0.011345,172.217.194.0-255,5738,144566,9,346807
27659,0.011376,172.31.36.0-255,66,144632,9,346807
27660,0.013678,172.217.194.0-255,5738,150370,9,346807
27661,0.013698,172.31.36.0-255,66,150436,9,346807
27662,0.016002,172.217.194.0-255,5738,156174,9,346807
27663,0.016018,172.31.36.0-255,66,156240,9,346807
27664,0.0183,172.217.194.0-255,5738,161978,9,346807
27665,0.018311,172.31.36.0-255,66,162044,9,346807
27666,0.020597,172.217.194.0-255,5738,167782,9,346807
27667,0.020611,172.31.36.0-255,66,167848,9,346807
27668,0.022959,172.217.194.0-255,5738,173586,9,346807
27669,0.022977,172.31.36.0-255,66,173652,9,346807
27670,0.025317,172.217.194.0-255,5738,179390,9,346807
27671,0.025333,172.31.36.0-255,66,179456,9,346807
27672,0.027635,172.217.194.0-255,5738,185194,9,346807
27673,0.027653,172.31.36.0-255,66,185260,9,346807
27674,0.02995,172.217.194.0-255,5738,190998,9,346807
27675,0.029971,172.31.36.0-255,66,191064,9,346807
27676,0.032252,172.217.194.0-255,5738,196802,9,346807
27677,0.032266,172.31.36.0-255,66,196868,9,346807
27678,0.034551,172.217.194.0-255,5738,202606,9,346807
27679,0.034565,172.31.36.0-255,66,202672,9,346807
27680,0.036857,172.217.194.0-255,5738,208410,9,346807
27681,0.036873,172.31.36.0-255,66,208476,9,346807
27682,0.039171,172.217.194.0-255,5738,214214,9,346807
27683,0.039184,172.31.36.0-255,66,214280,9,346807
27684,0.041486,172.217.194.0-255,5738,220018,9,346807
27685,0.041503,172.31.36.0-255,66,220084,9,346807
27686,0.043792,172.217.194.0-255,5738,225822,9,346807
27687,0.04381,172.31.36.0-255,66,225888,9,346807
27688,0.046105,172.217.194.0-255,5738,231626,9,346807
27689,0.046122,172.31.36.0-255,66,231692,9,346807
27690,0.048388,172.217.194.0-255,5738,237430,9,346807
27691,0.048402,172.31.36.0-255,66,237496,9,346807
27692,0.048483,172.31.36.0-255,176,237672,9,346807
27693,0.048513,172.31.36.0-255,1117,238789,9,346807
27694,0.048565,172.31.36.0-255,1514,240303,9,346807
27695,0.048567,172.31.36.0-255,1514,241817,9,346807
27696,0.048572,172.31.36.0-255,1514,243331,9,346807
27697,0.048573,172.31.36.0-255,105,243436,9,346807
27698,0.049997,104.244.42.0-255,66,243502,9,346807
27699,0.050054,104.244.42.0-255,66,243568,9,346807
27700,0.050098,104.244.42.0-255,66,243634,9,346807
27701,0.050102,104.244.42.0-255,66,243700,9,346807
27702,0.050682,172.217.194.0-255,5738,249438,9,346807
27703,0.050689,172.31.36.0-255,66,249504,9,346807
27704,0.052975,172.217.194.0-255,5738,255242,9,346807
27705,0.052988,172.31.36.0-255,66,255308,9,346807
27706,0.055271,172.217.194.0-255,5738,261046,9,346807
27707,0.055287,172.31.36.0-255,66,261112,9,346807
27708,0.057611,172.217.194.0-255,5738,266850,9,346807
27709,0.05763,172.31.36.0-255,66,266916,9,346807
27710,0.059906,172.217.194.0-255,5738,272654,9,346807
27711,0.05992,172.31.36.0-255,66,272720,9,346807
27712,0.062212,172.217.194.0-255,5738,278458,9,346807
27713,0.062227,172.31.36.0-255,66,278524,9,346807
27714,0.064508,172.217.194.0-255,5738,284262,9,346807
27715,0.064524,172.31.36.0-255,66,284328,9,346807
27716,0.066843,172.217.194.0-255,5738,290066,9,346807
27717,0.066853,172.31.36.0-255,66,290132,9,346807
27718,0.069103,172.217.194.0-255,5738,295870,9,346807
27719,0.06911,172.31.36.0-255,66,295936,9,346807
27720,0.071398,172.217.194.0-255,5738,301674,9,346807
27721,0.071405,172.31.36.0-255,66,301740,9,346807
27722,0.073687,172.217.194.0-255,2902,304642,9,346807
27723,0.073691,172.31.36.0-255,66,304708,9,346807
27724,0.073718,172.217.194.0-255,2902,307610,9,346807
27725,0.073721,172.31.36.0-255,66,307676,9,346807
27726,0.075949,172.217.194.0-255,2902,310578,9,346807
27727,0.075954,172.31.36.0-255,66,310644,9,346807
27728,0.075989,172.217.194.0-255,2902,313546,9,346807
27729,0.075992,172.31.36.0-255,66,313612,9,346807
27730,0.078218,172.217.194.0-255,2902,316514,9,346807
27731,0.078226,172.31.36.0-255,66,316580,9,346807
27732,0.078263,172.217.194.0-255,2902,319482,9,346807
27733,0.078266,172.31.36.0-255,66,319548,9,346807
27734,0.080472,172.217.194.0-255,2902,322450,9,346807
27735,0.080478,172.31.36.0-255,66,322516,9,346807
27736,0.080514,172.217.194.0-255,2902,325418,9,346807
27737,0.080517,172.31.36.0-255,66,325484,9,346807
27738,0.082744,172.217.194.0-255,2902,328386,9,346807
27739,0.082751,172.31.36.0-255,66,328452,9,346807
27740,0.08279,172.217.194.0-255,2902,331354,9,346807
27741,0.082793,172.31.36.0-255,66,331420,9,346807
27742,0.085025,172.217.194.0-255,2902,334322,9,346807
27743,0.085032,172.31.36.0-255,66,334388,9,346807
27744,0.085066,172.217.194.0-255,2902,337290,9,346807
27745,0.085068,172.31.36.0-255,66,337356,9,346807
27746,0.087296,172.217.194.0-255,2902,340258,9,346807
27747,0.087304,172.31.36.0-255,66,340324,9,346807
27748,0.087388,172.217.194.0-255,2902,343226,9,346807
27749,0.087393,172.31.36.0-255,66,343292,9,346807
27750,0.089582,172.217.194.0-255,2902,346194,9,346807
27751,0.089588,172.31.36.0-255,66,346260,9,346807
27752,0.08963,172.217.194.0-255,310,346570,9,346807
27753,0.089765,172.31.36.0-255,66,346636,9,346807
27754,0.089795,172.31.36.0-255,105,346741,9,346807
27755,0.092037,172.217.194.0-255,66,346807,9,346807
27756,0.0,74.125.24.0-255,630,630,9,1576
27757,0.011133,172.31.36.0-255,236,866,9,1576
27758,0.01118,172.31.36.0-255,384,1250,9,1576
27759,0.011865,172.31.36.0-255,97,1347,9,1576
27760,0.013525,74.125.24.0-255,97,1444,9,1576
27761,0.018528,74.125.24.0-255,66,1510,9,1576
27762,0.049997,172.31.36.0-255,66,1576,9,1576
27763,0.0,172.217.194.0-255,146,146,9,213705
27764,2e-05,172.31.36.0-255,66,212,9,213705
27765,2.7e-05,172.217.194.0-255,1484,1696,9,213705
27766,3.2e-05,172.31.36.0-255,66,1762,9,213705
27767,4.5e-05,172.217.194.0-255,2902,4664,9,213705
27768,4.8e-05,172.31.36.0-255,66,4730,9,213705
27769,5.5e-05,172.217.194.0-255,7156,11886,9,213705
27770,5.8e-05,172.31.36.0-255,66,11952,9,213705
27771,6.2e-05,172.217.194.0-255,2052,14004,9,213705
27772,6.6e-05,172.31.36.0-255,66,14070,9,213705
27773,0.000119,172.217.194.0-255,1484,15554,9,213705
27774,0.000122,172.31.36.0-255,66,15620,9,213705
27775,0.000128,172.217.194.0-255,2902,18522,9,213705
27776,0.00013,172.31.36.0-255,66,18588,9,213705
27777,0.000135,172.217.194.0-255,2902,21490,9,213705
27778,0.000137,172.31.36.0-255,66,21556,9,213705
27779,0.000176,172.217.194.0-255,2902,24458,9,213705
27780,0.000179,172.31.36.0-255,66,24524,9,213705
27781,0.000195,172.31.36.0-255,66,24590,9,213705
27782,0.000209,172.31.36.0-255,66,24656,9,213705
27783,0.000232,172.217.194.0-255,1484,26140,9,213705
27784,0.000234,172.31.36.0-255,66,26206,9,213705
27785,0.000248,172.31.36.0-255,66,26272,9,213705
27786,0.000276,172.217.194.0-255,2463,28735,9,213705
27787,0.000278,172.31.36.0-255,66,28801,9,213705
27788,0.000281,172.217.194.0-255,119,28920,9,213705
27789,0.000284,172.31.36.0-255,66,28986,9,213705
27790,0.000287,172.217.194.0-255,377,29363,9,213705
27791,0.00029,172.31.36.0-255,66,29429,9,213705
27792,0.000475,172.217.194.0-255,1484,30913,9,213705
27793,0.000482,172.217.194.0-255,2902,33815,9,213705
27794,0.000486,172.31.36.0-255,66,33881,9,213705
27795,0.000494,172.217.194.0-255,5738,39619,9,213705
27796,0.000496,172.31.36.0-255,66,39685,9,213705
27797,0.000536,172.31.36.0-255,66,39751,9,213705
27798,0.000572,172.31.36.0-255,66,39817,9,213705
27799,0.000867,172.217.194.0-255,1484,41301,9,213705
27800,0.000882,172.217.194.0-255,2902,44203,9,213705
27801,0.000886,172.31.36.0-255,66,44269,9,213705
27802,0.000894,172.217.194.0-255,5738,50007,9,213705
27803,0.000896,172.31.36.0-255,66,50073,9,213705
27804,0.000903,172.217.194.0-255,5738,55811,9,213705
27805,0.000905,172.31.36.0-255,66,55877,9,213705
27806,0.000917,172.217.194.0-255,7156,63033,9,213705
27807,0.000919,172.31.36.0-255,66,63099,9,213705
27808,0.00097,172.31.36.0-255,66,63165,9,213705
27809,0.001659,172.217.194.0-255,1484,64649,9,213705
27810,0.001667,172.217.194.0-255,2902,67551,9,213705
27811,0.001671,172.31.36.0-255,66,67617,9,213705
27812,0.001678,172.217.194.0-255,5738,73355,9,213705
27813,0.001681,172.31.36.0-255,66,73421,9,213705
27814,0.001752,172.31.36.0-255,66,73487,9,213705
27815,0.001764,172.31.36.0-255,66,73553,9,213705
27816,0.001767,172.217.194.0-255,766,74319,9,213705
27817,0.001793,172.217.194.0-255,1484,75803,9,213705
27818,0.001795,172.31.36.0-255,66,75869,9,213705
27819,0.001801,172.217.194.0-255,4320,80189,9,213705
27820,0.001803,172.31.36.0-255,66,80255,9,213705
27821,0.001835,172.217.194.0-255,7156,87411,9,213705
27822,0.001838,172.31.36.0-255,66,87477,9,213705
27823,0.001848,172.31.36.0-255,66,87543,9,213705
27824,0.001887,172.31.36.0-255,66,87609,9,213705
27825,0.001927,172.217.194.0-255,1484,89093,9,213705
27826,0.001942,172.217.194.0-255,2902,91995,9,213705
27827,0.001944,172.31.36.0-255,66,92061,9,213705
27828,0.001952,172.217.194.0-255,5738,97799,9,213705
27829,0.001954,172.31.36.0-255,66,97865,9,213705
27830,0.001958,172.217.194.0-255,1484,99349,9,213705
27831,0.001993,172.217.194.0-255,7156,106505,9,213705
27832,0.001997,172.31.36.0-255,66,106571,9,213705
27833,0.002027,172.217.194.0-255,7156,113727,9,213705
27834,0.002031,172.31.36.0-255,66,113793,9,213705
27835,0.002063,172.31.36.0-255,66,113859,9,213705
27836,0.00211,172.217.194.0-255,1484,115343,9,213705
27837,0.002114,172.217.194.0-255,2902,118245,9,213705
27838,0.002118,172.217.194.0-255,2902,121147,9,213705
27839,0.002123,172.31.36.0-255,66,121213,9,213705
27840,0.00213,172.31.36.0-255,66,121279,9,213705
27841,0.002135,172.217.194.0-255,2902,124181,9,213705
27842,0.002137,172.31.36.0-255,66,124247,9,213705
27843,0.002163,172.217.194.0-255,1484,125731,9,213705
27844,0.002171,172.31.36.0-255,66,125797,9,213705
27845,0.002203,172.31.36.0-255,66,125863,9,213705
27846,0.002218,172.31.36.0-255,66,125929,9,213705
27847,0.002223,172.217.194.0-255,4320,130249,9,213705
27848,0.002226,172.31.36.0-255,66,130315,9,213705
27849,0.002268,172.31.36.0-255,66,130381,9,213705
27850,0.002285,172.31.36.0-255,66,130447,9,213705
27851,0.0023,172.31.36.0-255,66,130513,9,213705
27852,0.004591,172.217.194.0-255,5738,136251,9,213705
27853,0.004598,172.31.36.0-255,66,136317,9,213705
27854,0.00687,172.217.194.0-255,5738,142055,9,213705
27855,0.006878,172.31.36.0-255,66,142121,9,213705
27856,0.009162,172.217.194.0-255,5738,147859,9,213705
27857,0.009168,172.31.36.0-255,66,147925,9,213705
27858,0.011454,172.217.194.0-255,5738,153663,9,213705
27859,0.011461,172.31.36.0-255,66,153729,9,213705
27860,0.013746,172.217.194.0-255,5738,159467,9,213705
27861,0.013755,172.31.36.0-255,66,159533,9,213705
27862,0.016007,172.217.194.0-255,5738,165271,9,213705
27863,0.016016,172.31.36.0-255,66,165337,9,213705
27864,0.018301,172.217.194.0-255,5738,171075,9,213705
27865,0.018309,172.31.36.0-255,66,171141,9,213705
27866,0.020609,172.217.194.0-255,5738,176879,9,213705
27867,0.02062,172.31.36.0-255,66,176945,9,213705
27868,0.0229,172.217.194.0-255,5738,182683,9,213705
27869,0.022908,172.31.36.0-255,66,182749,9,213705
27870,0.025174,172.217.194.0-255,5738,188487,9,213705
27871,0.025182,172.31.36.0-255,66,188553,9,213705
27872,0.027451,172.217.194.0-255,5738,194291,9,213705
27873,0.027459,172.31.36.0-255,66,194357,9,213705
27874,0.02973,172.217.194.0-255,2902,197259,9,213705
27875,0.029739,172.31.36.0-255,66,197325,9,213705
27876,0.029748,172.217.194.0-255,2902,200227,9,213705
27877,0.029752,172.31.36.0-255,66,200293,9,213705
27878,0.032022,172.217.194.0-255,5738,206031,9,213705
27879,0.03203,172.31.36.0-255,66,206097,9,213705
27880,0.03429,172.217.194.0-255,5738,211835,9,213705
27881,0.034298,172.31.36.0-255,66,211901,9,213705
27882,0.036544,172.217.194.0-255,193,212094,9,213705
27883,0.036725,172.31.36.0-255,66,212160,9,213705
27884,0.036765,172.31.36.0-255,105,212265,9,213705
27885,0.039011,172.217.194.0-255,66,212331,9,213705
27886,0.058561,172.31.36.0-255,172,212503,9,213705
27887,0.058595,172.31.36.0-255,1070,213573,9,213705
27888,0.060052,104.244.42.0-255,66,213639,9,213705
27889,0.060063,104.244.42.0-255,66,213705,9,213705
27890,0.0,74.125.24.0-255,150,150,9,269337
27891,1.6e-05,172.31.36.0-255,66,216,9,269337
27892,2.4e-05,74.125.24.0-255,1484,1700,9,269337
27893,2.8e-05,172.31.36.0-255,66,1766,9,269337
27894,4.6e-05,74.125.24.0-255,1484,3250,9,269337
27895,4.8e-05,172.31.36.0-255,66,3316,9,269337
27896,5.2e-05,74.125.24.0-255,1484,4800,9,269337
27897,5.5e-05,172.31.36.0-255,66,4866,9,269337
27898,7.1e-05,74.125.24.0-255,1484,6350,9,269337
27899,7.3e-05,172.31.36.0-255,66,6416,9,269337
27900,8.3e-05,74.125.24.0-255,5738,12154,9,269337
27901,8.7e-05,172.31.36.0-255,66,12220,9,269337
27902,9.3e-05,74.125.24.0-255,3446,15666,9,269337
27903,9.5e-05,172.31.36.0-255,66,15732,9,269337
27904,0.000128,172.31.36.0-255,66,15798,9,269337
27905,0.00015,74.125.24.0-255,3961,19759,9,269337
27906,0.000153,172.31.36.0-255,66,19825,9,269337
27907,0.000196,74.125.24.0-255,1484,21309,9,269337
27908,0.000199,172.31.36.0-255,66,21375,9,269337
27909,0.000203,74.125.24.0-255,2902,24277,9,269337
27910,0.000205,172.31.36.0-255,66,24343,9,269337
27911,0.000208,74.125.24.0-255,1484,25827,9,269337
27912,0.00021,172.31.36.0-255,66,25893,9,269337
27913,0.000237,74.125.24.0-255,4320,30213,9,269337
27914,0.000239,172.31.36.0-255,66,30279,9,269337
27915,0.000276,172.31.36.0-255,66,30345,9,269337
27916,0.000297,74.125.24.0-255,5379,35724,9,269337
27917,0.000299,172.31.36.0-255,66,35790,9,269337
27918,0.00031,172.31.36.0-255,66,35856,9,269337
27919,0.000312,74.125.24.0-255,114,35970,9,269337
27920,0.000729,74.125.24.0-255,331,36301,9,269337
27921,0.000927,172.31.36.0-255,66,36367,9,269337
27922,0.001097,74.125.24.0-255,1484,37851,9,269337
27923,0.001107,74.125.24.0-255,2902,40753,9,269337
27924,0.001111,172.31.36.0-255,66,40819,9,269337
27925,0.001119,74.125.24.0-255,5738,46557,9,269337
27926,0.001122,172.31.36.0-255,66,46623,9,269337
27927,0.001168,172.31.36.0-255,66,46689,9,269337
27928,0.001181,172.31.36.0-255,66,46755,9,269337
27929,0.001963,74.125.24.0-255,1484,48239,9,269337
27930,0.001973,74.125.24.0-255,2902,51141,9,269337
27931,0.001978,172.31.36.0-255,66,51207,9,269337
27932,0.001986,74.125.24.0-255,5738,56945,9,269337
27933,0.001988,172.31.36.0-255,66,57011,9,269337
27934,0.002019,172.31.36.0-255,66,57077,9,269337
27935,0.002025,74.125.24.0-255,4320,61397,9,269337
27936,0.002027,172.31.36.0-255,66,61463,9,269337
27937,0.002057,74.125.24.0-255,6438,67901,9,269337
27938,0.002059,172.31.36.0-255,66,67967,9,269337
27939,0.002228,74.125.24.0-255,1484,69451,9,269337
27940,0.002232,74.125.24.0-255,2902,72353,9,269337
27941,0.002235,172.31.36.0-255,66,72419,9,269337
27942,0.002238,74.125.24.0-255,1484,73903,9,269337
27943,0.002252,74.125.24.0-255,4320,78223,9,269337
27944,0.002255,172.31.36.0-255,66,78289,9,269337
27945,0.00226,74.125.24.0-255,4320,82609,9,269337
27946,0.002263,172.31.36.0-255,66,82675,9,269337
27947,0.00229,74.125.24.0-255,2902,85577,9,269337
27948,0.002292,172.31.36.0-255,66,85643,9,269337
27949,0.002307,172.31.36.0-255,66,85709,9,269337
27950,0.002311,74.125.24.0-255,2184,87893,9,269337
27951,0.002313,172.31.36.0-255,66,87959,9,269337
27952,0.002336,74.125.24.0-255,2902,90861,9,269337
27953,0.002339,172.31.36.0-255,66,90927,9,269337
27954,0.002359,74.125.24.0-255,4320,95247,9,269337
27955,0.002362,172.31.36.0-255,66,95313,9,269337
27956,0.002379,74.125.24.0-255,2902,98215,9,269337
27957,0.002382,172.31.36.0-255,66,98281,9,269337
27958,0.002385,74.125.24.0-255,1484,99765,9,269337
27959,0.002409,172.31.36.0-255,66,99831,9,269337
27960,0.002435,74.125.24.0-255,4320,104151,9,269337
27961,0.002437,172.31.36.0-255,66,104217,9,269337
27962,0.002444,74.125.24.0-255,7156,111373,9,269337
27963,0.002447,172.31.36.0-255,66,111439,9,269337
27964,0.002469,74.125.24.0-255,2902,114341,9,269337
27965,0.002472,172.31.36.0-255,66,114407,9,269337
27966,0.002494,172.31.36.0-255,66,114473,9,269337
27967,0.002535,172.31.36.0-255,66,114539,9,269337
27968,0.002547,172.31.36.0-255,66,114605,9,269337
27969,0.002583,74.125.24.0-255,2902,117507,9,269337
27970,0.002585,172.31.36.0-255,66,117573,9,269337
27971,0.002619,172.31.36.0-255,66,117639,9,269337
27972,0.002635,172.31.36.0-255,66,117705,9,269337
27973,0.002649,172.31.36.0-255,66,117771,9,269337
27974,0.005579,74.125.24.0-255,5738,123509,9,269337
27975,0.005582,172.31.36.0-255,66,123575,9,269337
27976,0.008202,74.125.24.0-255,5738,129313,9,269337
27977,0.008208,172.31.36.0-255,66,129379,9,269337
27978,0.010808,74.125.24.0-255,5738,135117,9,269337
27979,0.010816,172.31.36.0-255,66,135183,9,269337
27980,0.013409,74.125.24.0-255,5738,140921,9,269337
27981,0.013417,172.31.36.0-255,66,140987,9,269337
27982,0.016015,74.125.24.0-255,5738,146725,9,269337
27983,0.016025,172.31.36.0-255,66,146791,9,269337
27984,0.018664,74.125.24.0-255,5738,152529,9,269337
27985,0.018673,172.31.36.0-255,66,152595,9,269337
27986,0.021292,74.125.24.0-255,5738,158333,9,269337
27987,0.021301,172.31.36.0-255,66,158399,9,269337
27988,0.023893,74.125.24.0-255,5738,164137,9,269337
27989,0.0239,172.31.36.0-255,66,164203,9,269337
27990,0.026523,74.125.24.0-255,5738,169941,9,269337
27991,0.026531,172.31.36.0-255,66,170007,9,269337
27992,0.029139,74.125.24.0-255,5738,175745,9,269337
27993,0.029147,172.31.36.0-255,66,175811,9,269337
27994,0.031793,74.125.24.0-255,5738,181549,9,269337
27995,0.031801,172.31.36.0-255,66,181615,9,269337
27996,0.034424,74.125.24.0-255,5738,187353,9,269337
27997,0.034433,172.31.36.0-255,66,187419,9,269337
27998,0.037018,74.125.24.0-255,5738,193157,9,269337
27999,0.037026,172.31.36.0-255,66,193223,9,269337
28000,0.039655,74.125.24.0-255,5738,198961,9,269337
28001,0.03967,172.31.36.0-255,66,199027,9,269337
28002,0.042314,74.125.24.0-255,5738,204765,9,269337
28003,0.042321,172.31.36.0-255,66,204831,9,269337
28004,0.044907,74.125.24.0-255,5738,210569,9,269337
28005,0.044916,172.31.36.0-255,66,210635,9,269337
28006,0.047519,74.125.24.0-255,5738,216373,9,269337
28007,0.047527,172.31.36.0-255,66,216439,9,269337
28008,0.05015,74.125.24.0-255,5738,222177,9,269337
28009,0.05016,172.31.36.0-255,66,222243,9,269337
28010,0.052782,74.125.24.0-255,5738,227981,9,269337
28011,0.052791,172.31.36.0-255,66,228047,9,269337
28012,0.05545,74.125.24.0-255,5738,233785,9,269337
28013,0.055459,172.31.36.0-255,66,233851,9,269337
28014,0.057812,172.31.36.0-255,172,234023,9,269337
28015,0.057846,172.31.36.0-255,1070,235093,9,269337
28016,0.058061,74.125.24.0-255,5738,240831,9,269337
28017,0.058068,172.31.36.0-255,66,240897,9,269337
28018,0.059395,104.244.42.0-255,66,240963,9,269337
28019,0.059402,104.244.42.0-255,66,241029,9,269337
28020,0.060674,74.125.24.0-255,5738,246767,9,269337
28021,0.06068,172.31.36.0-255,66,246833,9,269337
28022,0.063289,74.125.24.0-255,5738,252571,9,269337
28023,0.063294,172.31.36.0-255,66,252637,9,269337
28024,0.065907,74.125.24.0-255,5738,258375,9,269337
28025,0.065913,172.31.36.0-255,66,258441,9,269337
28026,0.068572,74.125.24.0-255,5738,264179,9,269337
28027,0.068579,172.31.36.0-255,66,264245,9,269337
28028,0.071229,74.125.24.0-255,4855,269100,9,269337
28029,0.071235,172.31.36.0-255,66,269166,9,269337
28030,0.071382,172.31.36.0-255,105,269271,9,269337
28031,0.073991,74.125.24.0-255,66,269337,9,269337
28032,0.0,74.125.24.0-255,153,153,9,312120
28033,1.7e-05,172.31.36.0-255,66,219,9,312120
28034,2.4e-05,74.125.24.0-255,1484,1703,9,312120
28035,2.9e-05,172.31.36.0-255,66,1769,9,312120
28036,3.4e-05,74.125.24.0-255,2902,4671,9,312120
28037,3.6e-05,172.31.36.0-255,66,4737,9,312120
28038,4.2e-05,74.125.24.0-255,4320,9057,9,312120
28039,4.4e-05,172.31.36.0-255,66,9123,9,312120
28040,7.8e-05,74.125.24.0-255,2902,12025,9,312120
28041,8.1e-05,172.31.36.0-255,66,12091,9,312120
28042,8.6e-05,74.125.24.0-255,1966,14057,9,312120
28043,8.8e-05,172.31.36.0-255,66,14123,9,312120
28044,9.2e-05,74.125.24.0-255,2902,17025,9,312120
28045,9.4e-05,172.31.36.0-255,66,17091,9,312120
28046,0.000101,74.125.24.0-255,7156,24247,9,312120
28047,0.000104,172.31.36.0-255,66,24313,9,312120
28048,0.00011,74.125.24.0-255,5738,30051,9,312120
28049,0.000113,172.31.36.0-255,66,30117,9,312120
28050,0.000146,74.125.24.0-255,1125,31242,9,312120
28051,0.000149,172.31.36.0-255,66,31308,9,312120
28052,0.000221,74.125.24.0-255,1484,32792,9,312120
28053,0.000225,172.31.36.0-255,66,32858,9,312120
28054,0.00023,74.125.24.0-255,2902,35760,9,312120
28055,0.000233,172.31.36.0-255,66,35826,9,312120
28056,0.000239,74.125.24.0-255,5738,41564,9,312120
28057,0.000242,172.31.36.0-255,66,41630,9,312120
28058,0.000274,74.125.24.0-255,6797,48427,9,312120
28059,0.000279,172.31.36.0-255,66,48493,9,312120
28060,0.000299,74.125.24.0-255,1484,49977,9,312120
28061,0.000302,172.31.36.0-255,66,50043,9,312120
28062,0.000325,74.125.24.0-255,2902,52945,9,312120
28063,0.000328,172.31.36.0-255,66,53011,9,312120
28064,0.000335,74.125.24.0-255,5738,58749,9,312120
28065,0.000338,172.31.36.0-255,66,58815,9,312120
28066,0.000359,74.125.24.0-255,4320,63135,9,312120
28067,0.000362,172.31.36.0-255,66,63201,9,312120
28068,0.000385,74.125.24.0-255,2923,66124,9,312120
28069,0.000388,172.31.36.0-255,66,66190,9,312120
28070,0.000391,74.125.24.0-255,330,66520,9,312120
28071,0.000944,74.125.24.0-255,1484,68004,9,312120
28072,0.000948,74.125.24.0-255,1484,69488,9,312120
28073,0.000954,172.31.36.0-255,66,69554,9,312120
28074,0.000966,74.125.24.0-255,1484,71038,9,312120
28075,0.000968,172.31.36.0-255,66,71104,9,312120
28076,0.000974,74.125.24.0-255,2902,74006,9,312120
28077,0.000976,172.31.36.0-255,66,74072,9,312120
28078,0.001004,74.125.24.0-255,7156,81228,9,312120
28079,0.001007,172.31.36.0-255,66,81294,9,312120
28080,0.001019,172.31.36.0-255,66,81360,9,312120
28081,0.001036,74.125.24.0-255,1484,82844,9,312120
28082,0.00108,172.31.36.0-255,66,82910,9,312120
28083,0.001279,74.125.24.0-255,1484,84394,9,312120
28084,0.001286,74.125.24.0-255,2902,87296,9,312120
28085,0.00129,172.31.36.0-255,66,87362,9,312120
28086,0.001296,74.125.24.0-255,5738,93100,9,312120
28087,0.001298,172.31.36.0-255,66,93166,9,312120
28088,0.001302,74.125.24.0-255,2902,96068,9,312120
28089,0.001304,172.31.36.0-255,66,96134,9,312120
28090,0.001348,172.31.36.0-255,66,96200,9,312120
28091,0.001355,74.125.24.0-255,7156,103356,9,312120
28092,0.001358,172.31.36.0-255,66,103422,9,312120
28093,0.001385,74.125.24.0-255,3051,106473,9,312120
28094,0.001388,172.31.36.0-255,66,106539,9,312120
28095,0.001391,74.125.24.0-255,1484,108023,9,312120
28096,0.001408,74.125.24.0-255,2902,110925,9,312120
28097,0.001411,172.31.36.0-255,66,110991,9,312120
28098,0.001415,74.125.24.0-255,1484,112475,9,312120
28099,0.001454,172.31.36.0-255,66,112541,9,312120
28100,0.001463,172.31.36.0-255,66,112607,9,312120
28101,0.001466,74.125.24.0-255,1484,114091,9,312120
28102,0.001484,74.125.24.0-255,7156,121247,9,312120
28103,0.001487,172.31.36.0-255,66,121313,9,312120
28104,0.001507,74.125.24.0-255,2184,123497,9,312120
28105,0.001511,172.31.36.0-255,66,123563,9,312120
28106,0.001565,74.125.24.0-255,1484,125047,9,312120
28107,0.001571,74.125.24.0-255,2902,127949,9,312120
28108,0.001575,172.31.36.0-255,66,128015,9,312120
28109,0.001581,74.125.24.0-255,4320,132335,9,312120
28110,0.001583,172.31.36.0-255,66,132401,9,312120
28111,0.001604,74.125.24.0-255,1484,133885,9,312120
28112,0.001617,172.31.36.0-255,66,133951,9,312120
28113,0.001621,74.125.24.0-255,2902,136853,9,312120
28114,0.001623,172.31.36.0-255,66,136919,9,312120
28115,0.001644,74.125.24.0-255,7156,144075,9,312120
28116,0.001647,172.31.36.0-255,66,144141,9,312120
28117,0.00165,74.125.24.0-255,766,144907,9,312120
28118,0.001741,74.125.24.0-255,1484,146391,9,312120
28119,0.001744,172.31.36.0-255,66,146457,9,312120
28120,0.001748,74.125.24.0-255,2902,149359,9,312120
28121,0.00175,172.31.36.0-255,66,149425,9,312120
28122,0.001753,74.125.24.0-255,1484,150909,9,312120
28123,0.00178,74.125.24.0-255,4320,155229,9,312120
28124,0.001782,172.31.36.0-255,66,155295,9,312120
28125,0.001789,74.125.24.0-255,7156,162451,9,312120
28126,0.001791,172.31.36.0-255,66,162517,9,312120
28127,0.001832,172.31.36.0-255,66,162583,9,312120
28128,0.001851,74.125.24.0-255,5738,168321,9,312120
28129,0.001854,172.31.36.0-255,66,168387,9,312120
28130,0.001858,74.125.24.0-255,2184,170571,9,312120
28131,0.00186,172.31.36.0-255,66,170637,9,312120
28132,0.001864,74.125.24.0-255,2902,173539,9,312120
28133,0.001865,172.31.36.0-255,66,173605,9,312120
28134,0.001872,74.125.24.0-255,7156,180761,9,312120
28135,0.001874,172.31.36.0-255,66,180827,9,312120
28136,0.001879,74.125.24.0-255,4320,185147,9,312120
28137,0.001881,172.31.36.0-255,66,185213,9,312120
28138,0.001907,74.125.24.0-255,4320,189533,9,312120
28139,0.00191,172.31.36.0-255,66,189599,9,312120
28140,0.001932,74.125.24.0-255,2902,192501,9,312120
28141,0.001934,172.31.36.0-255,66,192567,9,312120
28142,0.00196,172.31.36.0-255,66,192633,9,312120
28143,0.001978,74.125.24.0-255,1484,194117,9,312120
28144,0.001983,74.125.24.0-255,2902,197019,9,312120
28145,0.001985,172.31.36.0-255,66,197085,9,312120
28146,0.002004,74.125.24.0-255,2902,199987,9,312120
28147,0.002006,172.31.36.0-255,66,200053,9,312120
28148,0.002019,74.125.24.0-255,2902,202955,9,312120
28149,0.002022,172.31.36.0-255,66,203021,9,312120
28150,0.002027,74.125.24.0-255,5738,208759,9,312120
28151,0.002029,172.31.36.0-255,66,208825,9,312120
28152,0.002051,74.125.24.0-255,5738,214563,9,312120
28153,0.002054,172.31.36.0-255,66,214629,9,312120
28154,0.002072,74.125.24.0-255,2902,217531,9,312120
28155,0.002074,172.31.36.0-255,66,217597,9,312120
28156,0.00208,74.125.24.0-255,5738,223335,9,312120
28157,0.002082,172.31.36.0-255,66,223401,9,312120
28158,0.002096,74.125.24.0-255,3602,227003,9,312120
28159,0.002098,172.31.36.0-255,66,227069,9,312120
28160,0.002192,74.125.24.0-255,1484,228553,9,312120
28161,0.002197,74.125.24.0-255,2902,231455,9,312120
28162,0.002199,172.31.36.0-255,66,231521,9,312120
28163,0.002223,74.125.24.0-255,5738,237259,9,312120
28164,0.002225,172.31.36.0-255,66,237325,9,312120
28165,0.002229,74.125.24.0-255,2902,240227,9,312120
28166,0.002231,172.31.36.0-255,66,240293,9,312120
28167,0.002235,74.125.24.0-255,1484,241777,9,312120
28168,0.00227,74.125.24.0-255,5738,247515,9,312120
28169,0.002272,172.31.36.0-255,66,247581,9,312120
28170,0.002297,74.125.24.0-255,7156,254737,9,312120
28171,0.0023,172.31.36.0-255,66,254803,9,312120
28172,0.002305,74.125.24.0-255,4320,259123,9,312120
28173,0.002307,172.31.36.0-255,66,259189,9,312120
28174,0.00231,74.125.24.0-255,1484,260673,9,312120
28175,0.002313,74.125.24.0-255,766,261439,9,312120
28176,0.002315,172.31.36.0-255,66,261505,9,312120
28177,0.002344,74.125.24.0-255,1484,262989,9,312120
28178,0.002362,74.125.24.0-255,4320,267309,9,312120
28179,0.002365,172.31.36.0-255,66,267375,9,312120
28180,0.002368,74.125.24.0-255,1484,268859,9,312120
28181,0.002392,172.31.36.0-255,66,268925,9,312120
28182,0.002397,74.125.24.0-255,5738,274663,9,312120
28183,0.002399,172.31.36.0-255,66,274729,9,312120
28184,0.002437,74.125.24.0-255,2902,277631,9,312120
28185,0.00244,172.31.36.0-255,66,277697,9,312120
28186,0.002466,172.31.36.0-255,66,277763,9,312120
28187,0.002483,74.125.24.0-255,4320,282083,9,312120
28188,0.002486,172.31.36.0-255,66,282149,9,312120
28189,0.002511,172.31.36.0-255,66,282215,9,312120
28190,0.002523,172.31.36.0-255,66,282281,9,312120
28191,0.002538,74.125.24.0-255,2902,285183,9,312120
28192,0.00254,172.31.36.0-255,66,285249,9,312120
28193,0.002547,74.125.24.0-255,6438,291687,9,312120
28194,0.002549,172.31.36.0-255,66,291753,9,312120
28195,0.002583,74.125.24.0-255,7156,298909,9,312120
28196,0.002586,172.31.36.0-255,66,298975,9,312120
28197,0.002593,74.125.24.0-255,7156,306131,9,312120
28198,0.002596,172.31.36.0-255,66,306197,9,312120
28199,0.002663,74.125.24.0-255,3448,309645,9,312120
28200,0.002666,172.31.36.0-255,66,309711,9,312120
28201,0.002669,74.125.24.0-255,105,309816,9,312120
28202,0.004715,172.31.36.0-255,66,309882,9,312120
28203,0.004747,172.31.36.0-255,105,309987,9,312120
28204,0.006665,74.125.24.0-255,66,310053,9,312120
28205,0.03159,172.31.36.0-255,192,310245,9,312120
28206,0.031636,172.31.36.0-255,960,311205,9,312120
28207,0.031713,172.31.36.0-255,717,311922,9,312120
28208,0.033133,104.244.42.0-255,66,311988,9,312120
28209,0.033175,104.244.42.0-255,66,312054,9,312120
28210,0.033264,104.244.42.0-255,66,312120,9,312120
28211,0.0,74.125.24.0-255,153,153,9,342078
28212,2.9e-05,172.31.36.0-255,66,219,9,342078
28213,3.6e-05,74.125.24.0-255,1484,1703,9,342078
28214,4.1e-05,172.31.36.0-255,66,1769,9,342078
28215,4.8e-05,74.125.24.0-255,2902,4671,9,342078
28216,5.2e-05,172.31.36.0-255,66,4737,9,342078
28217,6.2e-05,74.125.24.0-255,7156,11893,9,342078
28218,6.6e-05,172.31.36.0-255,66,11959,9,342078
28219,7.1e-05,74.125.24.0-255,1975,13934,9,342078
28220,7.4e-05,172.31.36.0-255,66,14000,9,342078
28221,0.000218,74.125.24.0-255,1484,15484,9,342078
28222,0.000222,172.31.36.0-255,66,15550,9,342078
28223,0.000228,74.125.24.0-255,2902,18452,9,342078
28224,0.00023,172.31.36.0-255,66,18518,9,342078
28225,0.000234,74.125.24.0-255,1484,20002,9,342078
28226,0.000236,172.31.36.0-255,66,20068,9,342078
28227,0.00026,74.125.24.0-255,4320,24388,9,342078
28228,0.000263,172.31.36.0-255,66,24454,9,342078
28229,0.000266,74.125.24.0-255,1484,25938,9,342078
28230,0.000267,172.31.36.0-255,66,26004,9,342078
28231,0.000322,74.125.24.0-255,5379,31383,9,342078
28232,0.000326,172.31.36.0-255,66,31449,9,342078
28233,0.000768,74.125.24.0-255,1484,32933,9,342078
28234,0.000774,172.31.36.0-255,66,32999,9,342078
28235,0.000792,74.125.24.0-255,2902,35901,9,342078
28236,0.000795,172.31.36.0-255,66,35967,9,342078
28237,0.000798,74.125.24.0-255,1484,37451,9,342078
28238,0.0008,172.31.36.0-255,66,37517,9,342078
28239,0.00082,74.125.24.0-255,5738,43255,9,342078
28240,0.000822,172.31.36.0-255,66,43321,9,342078
28241,0.000836,74.125.24.0-255,1484,44805,9,342078
28242,0.000838,172.31.36.0-255,66,44871,9,342078
28243,0.000865,172.31.36.0-255,66,44937,9,342078
28244,0.00087,74.125.24.0-255,4320,49257,9,342078
28245,0.000872,172.31.36.0-255,66,49323,9,342078
28246,0.000895,74.125.24.0-255,1484,50807,9,342078
28247,0.000901,74.125.24.0-255,2543,53350,9,342078
28248,0.000904,172.31.36.0-255,66,53416,9,342078
28249,0.001499,74.125.24.0-255,647,54063,9,342078
28250,0.001709,74.125.24.0-255,1484,55547,9,342078
28251,0.001716,172.31.36.0-255,66,55613,9,342078
28252,0.001723,74.125.24.0-255,2902,58515,9,342078
28253,0.001726,172.31.36.0-255,66,58581,9,342078
28254,0.001754,74.125.24.0-255,5738,64319,9,342078
28255,0.001756,172.31.36.0-255,66,64385,9,342078
28256,0.00176,74.125.24.0-255,1484,65869,9,342078
28257,0.001772,74.125.24.0-255,2902,68771,9,342078
28258,0.001775,172.31.36.0-255,66,68837,9,342078
28259,0.001794,74.125.24.0-255,2902,71739,9,342078
28260,0.001797,172.31.36.0-255,66,71805,9,342078
28261,0.001812,172.31.36.0-255,66,71871,9,342078
28262,0.001816,74.125.24.0-255,2184,74055,9,342078
28263,0.001818,172.31.36.0-255,66,74121,9,342078
28264,0.002162,74.125.24.0-255,1484,75605,9,342078
28265,0.002171,74.125.24.0-255,2902,78507,9,342078
28266,0.002176,172.31.36.0-255,66,78573,9,342078
28267,0.002183,74.125.24.0-255,5738,84311,9,342078
28268,0.002186,172.31.36.0-255,66,84377,9,342078
28269,0.00219,74.125.24.0-255,2902,87279,9,342078
28270,0.002193,172.31.36.0-255,66,87345,9,342078
28271,0.002217,74.125.24.0-255,4320,91665,9,342078
28272,0.002219,172.31.36.0-255,66,91731,9,342078
28273,0.00223,172.31.36.0-255,66,91797,9,342078
28274,0.00225,74.125.24.0-255,5738,97535,9,342078
28275,0.002253,172.31.36.0-255,66,97601,9,342078
28276,0.002257,74.125.24.0-255,2184,99785,9,342078
28277,0.002259,172.31.36.0-255,66,99851,9,342078
28278,0.004634,74.125.24.0-255,5738,105589,9,342078
28279,0.004642,172.31.36.0-255,66,105655,9,342078
28280,0.006997,74.125.24.0-255,5738,111393,9,342078
28281,0.007004,172.31.36.0-255,66,111459,9,342078
28282,0.00936,74.125.24.0-255,5738,117197,9,342078
28283,0.00937,172.31.36.0-255,66,117263,9,342078
28284,0.011741,74.125.24.0-255,5738,123001,9,342078
28285,0.011759,172.31.36.0-255,66,123067,9,342078
28286,0.014136,74.125.24.0-255,5738,128805,9,342078
28287,0.014155,172.31.36.0-255,66,128871,9,342078
28288,0.016521,74.125.24.0-255,5738,134609,9,342078
28289,0.016538,172.31.36.0-255,66,134675,9,342078
28290,0.018916,74.125.24.0-255,5738,140413,9,342078
28291,0.018929,172.31.36.0-255,66,140479,9,342078
28292,0.021287,74.125.24.0-255,5738,146217,9,342078
28293,0.021302,172.31.36.0-255,66,146283,9,342078
28294,0.023674,74.125.24.0-255,5738,152021,9,342078
28295,0.023692,172.31.36.0-255,66,152087,9,342078
28296,0.026087,74.125.24.0-255,5738,157825,9,342078
28297,0.026101,172.31.36.0-255,66,157891,9,342078
28298,0.02852,74.125.24.0-255,5738,163629,9,342078
28299,0.028535,172.31.36.0-255,66,163695,9,342078
28300,0.030895,74.125.24.0-255,5738,169433,9,342078
28301,0.030908,172.31.36.0-255,66,169499,9,342078
28302,0.033283,74.125.24.0-255,5738,175237,9,342078
28303,0.033298,172.31.36.0-255,66,175303,9,342078
28304,0.035668,74.125.24.0-255,5738,181041,9,342078
28305,0.035681,172.31.36.0-255,66,181107,9,342078
28306,0.038057,74.125.24.0-255,5738,186845,9,342078
28307,0.038076,172.31.36.0-255,66,186911,9,342078
28308,0.040465,74.125.24.0-255,5738,192649,9,342078
28309,0.040483,172.31.36.0-255,66,192715,9,342078
28310,0.042824,74.125.24.0-255,5738,198453,9,342078
28311,0.042838,172.31.36.0-255,66,198519,9,342078
28312,0.045208,74.125.24.0-255,5738,204257,9,342078
28313,0.045216,172.31.36.0-255,66,204323,9,342078
28314,0.047577,74.125.24.0-255,5738,210061,9,342078
28315,0.047585,172.31.36.0-255,66,210127,9,342078
28316,0.049937,74.125.24.0-255,4320,214447,9,342078
28317,0.049944,172.31.36.0-255,66,214513,9,342078
28318,0.049961,74.125.24.0-255,1484,215997,9,342078
28319,0.05038,172.31.36.0-255,188,216185,9,342078
28320,0.050416,172.31.36.0-255,960,217145,9,342078
28321,0.050488,172.31.36.0-255,1514,218659,9,342078
28322,0.05049,172.31.36.0-255,1514,220173,9,342078
28323,0.050495,172.31.36.0-255,1514,221687,9,342078
28324,0.050496,172.31.36.0-255,1013,222700,9,342078
28325,0.051982,104.244.42.0-255,66,222766,9,342078
28326,0.051991,104.244.42.0-255,66,222832,9,342078
28327,0.052031,104.244.42.0-255,66,222898,9,342078
28328,0.052036,104.244.42.0-255,66,222964,9,342078
28329,0.052304,74.125.24.0-255,4320,227284,9,342078
28330,0.052312,172.31.36.0-255,66,227350,9,342078
28331,0.054699,74.125.24.0-255,5738,233088,9,342078
28332,0.054707,172.31.36.0-255,66,233154,9,342078
28333,0.057096,74.125.24.0-255,5738,238892,9,342078
28334,0.057104,172.31.36.0-255,66,238958,9,342078
28335,0.059483,74.125.24.0-255,5738,244696,9,342078
28336,0.059492,172.31.36.0-255,66,244762,9,342078
28337,0.061842,74.125.24.0-255,5738,250500,9,342078
28338,0.061849,172.31.36.0-255,66,250566,9,342078
28339,0.064192,74.125.24.0-255,5738,256304,9,342078
28340,0.0642,172.31.36.0-255,66,256370,9,342078
28341,0.066564,74.125.24.0-255,5738,262108,9,342078
28342,0.066571,172.31.36.0-255,66,262174,9,342078
28343,0.068939,74.125.24.0-255,5738,267912,9,342078
28344,0.068951,172.31.36.0-255,66,267978,9,342078
28345,0.071321,74.125.24.0-255,5738,273716,9,342078
28346,0.071333,172.31.36.0-255,66,273782,9,342078
28347,0.073723,74.125.24.0-255,5738,279520,9,342078
28348,0.073735,172.31.36.0-255,66,279586,9,342078
28349,0.076108,74.125.24.0-255,5738,285324,9,342078
28350,0.076125,172.31.36.0-255,66,285390,9,342078
28351,0.078505,74.125.24.0-255,5738,291128,9,342078
28352,0.078517,172.31.36.0-255,66,291194,9,342078
28353,0.080913,74.125.24.0-255,4320,295514,9,342078
28354,0.080923,172.31.36.0-255,66,295580,9,342078
28355,0.080945,74.125.24.0-255,1484,297064,9,342078
28356,0.083292,74.125.24.0-255,4320,301384,9,342078
28357,0.0833,172.31.36.0-255,66,301450,9,342078
28358,0.085693,74.125.24.0-255,5738,307188,9,342078
28359,0.085705,172.31.36.0-255,66,307254,9,342078
28360,0.088101,74.125.24.0-255,5738,312992,9,342078
28361,0.088112,172.31.36.0-255,66,313058,9,342078
28362,0.090493,74.125.24.0-255,5738,318796,9,342078
28363,0.090501,172.31.36.0-255,66,318862,9,342078
28364,0.092859,74.125.24.0-255,5738,324600,9,342078
28365,0.092867,172.31.36.0-255,66,324666,9,342078
28366,0.095211,74.125.24.0-255,5738,330404,9,342078
28367,0.09522,172.31.36.0-255,66,330470,9,342078
28368,0.097583,74.125.24.0-255,5738,336208,9,342078
28369,0.097601,172.31.36.0-255,66,336274,9,342078
28370,0.099955,74.125.24.0-255,5738,342012,9,342078
28371,0.09997,172.31.36.0-255,66,342078,9,342078
28372,0.0,172.217.194.0-255,153,153,9,299762
28373,2.6e-05,172.31.36.0-255,66,219,9,299762
28374,3.3e-05,172.217.194.0-255,1484,1703,9,299762
28375,3.7e-05,172.31.36.0-255,66,1769,9,299762
28376,4.1e-05,172.217.194.0-255,2902,4671,9,299762
28377,5.1e-05,172.31.36.0-255,66,4737,9,299762
28378,5.8e-05,172.217.194.0-255,7156,11893,9,299762
28379,6e-05,172.31.36.0-255,66,11959,9,299762
28380,0.000108,172.217.194.0-255,2077,14036,9,299762
28381,0.000111,172.31.36.0-255,66,14102,9,299762
28382,0.000115,172.217.194.0-255,1484,15586,9,299762
28383,0.000116,172.31.36.0-255,66,15652,9,299762
28384,0.000145,172.217.194.0-255,1484,17136,9,299762
28385,0.000149,172.31.36.0-255,66,17202,9,299762
28386,0.000156,172.217.194.0-255,7156,24358,9,299762
28387,0.000159,172.31.36.0-255,66,24424,9,299762
28388,0.000166,172.217.194.0-255,6797,31221,9,299762
28389,0.000168,172.31.36.0-255,66,31287,9,299762
28390,0.000285,172.217.194.0-255,1484,32771,9,299762
28391,0.000291,172.31.36.0-255,66,32837,9,299762
28392,0.000297,172.217.194.0-255,1484,34321,9,299762
28393,0.000299,172.31.36.0-255,66,34387,9,299762
28394,0.000317,172.217.194.0-255,1484,35871,9,299762
28395,0.000319,172.31.36.0-255,66,35937,9,299762
28396,0.000323,172.217.194.0-255,1484,37421,9,299762
28397,0.000326,172.31.36.0-255,66,37487,9,299762
28398,0.000334,172.217.194.0-255,5738,43225,9,299762
28399,0.000336,172.31.36.0-255,66,43291,9,299762
28400,0.000369,172.217.194.0-255,5738,49029,9,299762
28401,0.000372,172.31.36.0-255,66,49095,9,299762
28402,0.000402,172.217.194.0-255,5379,54474,9,299762
28403,0.000406,172.31.36.0-255,66,54540,9,299762
28404,0.000419,172.217.194.0-255,5738,60278,9,299762
28405,0.000422,172.31.36.0-255,66,60344,9,299762
28406,0.000457,172.217.194.0-255,5379,65723,9,299762
28407,0.000461,172.31.36.0-255,66,65789,9,299762
28408,0.000495,172.217.194.0-255,646,66435,9,299762
28409,0.00075,172.31.36.0-255,66,66501,9,299762
28410,0.000763,172.217.194.0-255,1484,67985,9,299762
28411,0.000773,172.217.194.0-255,2902,70887,9,299762
28412,0.000776,172.31.36.0-255,66,70953,9,299762
28413,0.000808,172.217.194.0-255,5738,76691,9,299762
28414,0.000811,172.31.36.0-255,66,76757,9,299762
28415,0.000816,172.217.194.0-255,4320,81077,9,299762
28416,0.000818,172.31.36.0-255,66,81143,9,299762
28417,0.000851,172.31.36.0-255,66,81209,9,299762
28418,0.000879,172.217.194.0-255,5738,86947,9,299762
28419,0.000882,172.31.36.0-255,66,87013,9,299762
28420,0.000908,172.217.194.0-255,5020,92033,9,299762
28421,0.000911,172.31.36.0-255,66,92099,9,299762
28422,0.000993,172.217.194.0-255,1484,93583,9,299762
28423,0.000999,172.217.194.0-255,2902,96485,9,299762
28424,0.001003,172.31.36.0-255,66,96551,9,299762
28425,0.001011,172.217.194.0-255,1484,98035,9,299762
28426,0.001029,172.217.194.0-255,4320,102355,9,299762
28427,0.001032,172.31.36.0-255,66,102421,9,299762
28428,0.001036,172.217.194.0-255,2902,105323,9,299762
28429,0.001038,172.31.36.0-255,66,105389,9,299762
28430,0.001089,172.217.194.0-255,7156,112545,9,299762
28431,0.001093,172.31.36.0-255,66,112611,9,299762
28432,0.001108,172.31.36.0-255,66,112677,9,299762
28433,0.001152,172.217.194.0-255,1484,114161,9,299762
28434,0.001158,172.217.194.0-255,2902,117063,9,299762
28435,0.001161,172.31.36.0-255,66,117129,9,299762
28436,0.001193,172.217.194.0-255,5738,122867,9,299762
28437,0.001197,172.31.36.0-255,66,122933,9,299762
28438,0.001204,172.217.194.0-255,7156,130089,9,299762
28439,0.001207,172.31.36.0-255,66,130155,9,299762
28440,0.001265,172.31.36.0-255,66,130221,9,299762
28441,0.001298,172.217.194.0-255,5020,135241,9,299762
28442,0.001301,172.31.36.0-255,66,135307,9,299762
28443,0.001328,172.217.194.0-255,5738,141045,9,299762
28444,0.001331,172.31.36.0-255,66,141111,9,299762
28445,0.001335,172.217.194.0-255,2902,144013,9,299762
28446,0.001338,172.31.36.0-255,66,144079,9,299762
28447,0.001369,172.217.194.0-255,4320,148399,9,299762
28448,0.001373,172.31.36.0-255,66,148465,9,299762
28449,0.001388,172.31.36.0-255,66,148531,9,299762
28450,0.001394,172.217.194.0-255,6438,154969,9,299762
28451,0.001397,172.31.36.0-255,66,155035,9,299762
28452,0.001523,172.217.194.0-255,1484,156519,9,299762
28453,0.001539,172.217.194.0-255,2902,159421,9,299762
28454,0.001543,172.31.36.0-255,66,159487,9,299762
28455,0.00155,172.217.194.0-255,5738,165225,9,299762
28456,0.001553,172.31.36.0-255,66,165291,9,299762
28457,0.001612,172.217.194.0-255,1484,166775,9,299762
28458,0.001636,172.31.36.0-255,66,166841,9,299762
28459,0.001642,172.217.194.0-255,5738,172579,9,299762
28460,0.001645,172.31.36.0-255,66,172645,9,299762
28461,0.001656,172.217.194.0-255,5020,177665,9,299762
28462,0.001658,172.31.36.0-255,66,177731,9,299762
28463,0.001703,172.217.194.0-255,1484,179215,9,299762
28464,0.001707,172.217.194.0-255,1484,180699,9,299762
28465,0.00171,172.31.36.0-255,66,180765,9,299762
28466,0.001733,172.217.194.0-255,1484,182249,9,299762
28467,0.00174,172.217.194.0-255,5738,187987,9,299762
28468,0.001743,172.31.36.0-255,66,188053,9,299762
28469,0.001748,172.217.194.0-255,5738,193791,9,299762
28470,0.001766,172.31.36.0-255,66,193857,9,299762
28471,0.001779,172.31.36.0-255,66,193923,9,299762
28472,0.001816,172.217.194.0-255,1484,195407,9,299762
28473,0.001825,172.217.194.0-255,5020,200427,9,299762
28474,0.00183,172.31.36.0-255,66,200493,9,299762
28475,0.002234,172.217.194.0-255,1484,201977,9,299762
28476,0.002248,172.217.194.0-255,2902,204879,9,299762
28477,0.002252,172.31.36.0-255,66,204945,9,299762
28478,0.002279,172.217.194.0-255,5738,210683,9,299762
28479,0.002282,172.31.36.0-255,66,210749,9,299762
28480,0.002313,172.31.36.0-255,66,210815,9,299762
28481,0.002348,172.31.36.0-255,66,210881,9,299762
28482,0.002501,172.217.194.0-255,1484,212365,9,299762
28483,0.002513,172.217.194.0-255,2902,215267,9,299762
28484,0.002515,172.31.36.0-255,66,215333,9,299762
28485,0.002541,172.217.194.0-255,5738,221071,9,299762
28486,0.002543,172.31.36.0-255,66,221137,9,299762
28487,0.002575,172.217.194.0-255,4320,225457,9,299762
28488,0.002577,172.31.36.0-255,66,225523,9,299762
28489,0.002602,172.217.194.0-255,5738,231261,9,299762
28490,0.002605,172.31.36.0-255,66,231327,9,299762
28491,0.002614,172.31.36.0-255,66,231393,9,299762
28492,0.002629,172.217.194.0-255,2902,234295,9,299762
28493,0.002631,172.31.36.0-255,66,234361,9,299762
28494,0.002639,172.217.194.0-255,2184,236545,9,299762
28495,0.002641,172.31.36.0-255,66,236611,9,299762
28496,0.002669,172.217.194.0-255,2902,239513,9,299762
28497,0.002675,172.31.36.0-255,66,239579,9,299762
28498,0.002704,172.217.194.0-255,7156,246735,9,299762
28499,0.002707,172.31.36.0-255,66,246801,9,299762
28500,0.002742,172.31.36.0-255,66,246867,9,299762
28501,0.002745,172.217.194.0-255,1484,248351,9,299762
28502,0.002774,172.31.36.0-255,66,248417,9,299762
28503,0.002804,172.217.194.0-255,4320,252737,9,299762
28504,0.002806,172.31.36.0-255,66,252803,9,299762
28505,0.002836,172.217.194.0-255,6438,259241,9,299762
28506,0.002839,172.31.36.0-255,66,259307,9,299762
28507,0.002841,172.217.194.0-255,1484,260791,9,299762
28508,0.002846,172.217.194.0-255,4320,265111,9,299762
28509,0.002848,172.31.36.0-255,66,265177,9,299762
28510,0.002886,172.31.36.0-255,66,265243,9,299762
28511,0.002892,172.217.194.0-255,7156,272399,9,299762
28512,0.002894,172.31.36.0-255,66,272465,9,299762
28513,0.002954,172.217.194.0-255,5020,277485,9,299762
28514,0.002957,172.31.36.0-255,66,277551,9,299762
28515,0.002962,172.217.194.0-255,5738,283289,9,299762
28516,0.002965,172.31.36.0-255,66,283355,9,299762
28517,0.002971,172.217.194.0-255,7011,290366,9,299762
28518,0.002973,172.31.36.0-255,66,290432,9,299762
28519,0.003008,172.217.194.0-255,105,290537,9,299762
28520,0.008244,172.31.36.0-255,66,290603,9,299762
28521,0.008271,172.31.36.0-255,105,290708,9,299762
28522,0.010535,172.217.194.0-255,66,290774,9,299762
28523,0.040008,172.31.36.0-255,172,290946,9,299762
28524,0.040036,172.31.36.0-255,1116,292062,9,299762
28525,0.040098,172.31.36.0-255,1514,293576,9,299762
28526,0.0401,172.31.36.0-255,1514,295090,9,299762
28527,0.040105,172.31.36.0-255,1514,296604,9,299762
28528,0.040106,172.31.36.0-255,1514,298118,9,299762
28529,0.040126,172.31.36.0-255,1380,299498,9,299762
28530,0.041529,104.244.42.0-255,66,299564,9,299762
28531,0.041586,104.244.42.0-255,66,299630,9,299762
28532,0.041638,104.244.42.0-255,66,299696,9,299762
28533,0.04168,104.244.42.0-255,66,299762,9,299762
28534,0.0,172.31.36.0-255,105,105,9,276
28535,0.074136,31.13.82.0-255,105,210,9,276
28536,0.074152,172.31.36.0-255,66,276,9,276
28537,0.0,172.31.36.0-255,105,105,9,276
28538,0.068349,31.13.82.0-255,105,210,9,276
28539,0.068361,172.31.36.0-255,66,276,9,276
28540,0.0,172.217.194.0-255,161,161,9,279764
28541,1.6e-05,172.31.36.0-255,66,227,9,279764
28542,2.3e-05,172.217.194.0-255,1484,1711,9,279764
28543,2.8e-05,172.31.36.0-255,66,1777,9,279764
28544,4.5e-05,172.217.194.0-255,2902,4679,9,279764
28545,4.9e-05,172.31.36.0-255,66,4745,9,279764
28546,8.6e-05,172.217.194.0-255,4320,9065,9,279764
28547,8.9e-05,172.31.36.0-255,66,9131,9,279764
28548,0.000187,172.217.194.0-255,4884,14015,9,279764
28549,0.000191,172.31.36.0-255,66,14081,9,279764
28550,0.000262,172.217.194.0-255,5738,19819,9,279764
28551,0.000266,172.31.36.0-255,66,19885,9,279764
28552,0.000375,172.217.194.0-255,4320,24205,9,279764
28553,0.00038,172.31.36.0-255,66,24271,9,279764
28554,0.000418,172.31.36.0-255,66,24337,9,279764
28555,0.000678,172.217.194.0-255,7156,31493,9,279764
28556,0.000683,172.31.36.0-255,66,31559,9,279764
28557,0.000721,172.31.36.0-255,66,31625,9,279764
28558,0.001028,172.217.194.0-255,1484,33109,9,279764
28559,0.001034,172.31.36.0-255,66,33175,9,279764
28560,0.001081,172.31.36.0-255,66,33241,9,279764
28561,0.001251,172.217.194.0-255,397,33638,9,279764
28562,0.001257,172.31.36.0-255,66,33704,9,279764
28563,0.001288,172.217.194.0-255,7156,40860,9,279764
28564,0.00129,172.31.36.0-255,66,40926,9,279764
28565,0.001349,172.31.36.0-255,66,40992,9,279764
28566,0.001988,172.217.194.0-255,4320,45312,9,279764
28567,0.001997,172.31.36.0-255,66,45378,9,279764
28568,0.00263,172.217.194.0-255,5738,51116,9,279764
28569,0.003123,172.217.194.0-255,1484,52600,9,279764
28570,0.003137,172.217.194.0-255,5738,58338,9,279764
28571,0.003236,172.217.194.0-255,7156,65494,9,279764
28572,0.004713,172.31.36.0-255,66,65560,9,279764
28573,0.007068,172.217.194.0-255,5738,71298,9,279764
28574,0.007074,172.31.36.0-255,66,71364,9,279764
28575,0.009483,172.217.194.0-255,5738,77102,9,279764
28576,0.00949,172.31.36.0-255,66,77168,9,279764
28577,0.011888,172.217.194.0-255,5738,82906,9,279764
28578,0.011897,172.31.36.0-255,66,82972,9,279764
28579,0.014251,172.217.194.0-255,5738,88710,9,279764
28580,0.01426,172.31.36.0-255,66,88776,9,279764
28581,0.016607,172.217.194.0-255,5738,94514,9,279764
28582,0.016616,172.31.36.0-255,66,94580,9,279764
28583,0.019002,172.217.194.0-255,4320,98900,9,279764
28584,0.019012,172.31.36.0-255,66,98966,9,279764
28585,0.019048,172.217.194.0-255,1484,100450,9,279764
28586,0.021405,172.217.194.0-255,4320,104770,9,279764
28587,0.021414,172.31.36.0-255,66,104836,9,279764
28588,0.023837,172.217.194.0-255,5738,110574,9,279764
28589,0.023886,172.31.36.0-255,66,110640,9,279764
28590,0.026262,172.217.194.0-255,5738,116378,9,279764
28591,0.02627,172.31.36.0-255,66,116444,9,279764
28592,0.028629,172.217.194.0-255,5738,122182,9,279764
28593,0.028637,172.31.36.0-255,66,122248,9,279764
28594,0.031025,172.217.194.0-255,4320,126568,9,279764
28595,0.031033,172.31.36.0-255,66,126634,9,279764
28596,0.031061,172.217.194.0-255,1484,128118,9,279764
28597,0.033412,172.217.194.0-255,4320,132438,9,279764
28598,0.033421,172.31.36.0-255,66,132504,9,279764
28599,0.035834,172.217.194.0-255,5738,138242,9,279764
28600,0.035928,172.31.36.0-255,66,138308,9,279764
28601,0.037924,172.31.36.0-255,176,138484,9,279764
28602,0.037955,172.31.36.0-255,1117,139601,9,279764
28603,0.038011,172.31.36.0-255,560,140161,9,279764
28604,0.038321,172.217.194.0-255,5738,145899,9,279764
28605,0.038327,172.31.36.0-255,66,145965,9,279764
28606,0.039475,104.244.42.0-255,66,146031,9,279764
28607,0.039513,104.244.42.0-255,66,146097,9,279764
28608,0.039562,104.244.42.0-255,66,146163,9,279764
28609,0.040734,172.217.194.0-255,5738,151901,9,279764
28610,0.040741,172.31.36.0-255,66,151967,9,279764
28611,0.04315,172.217.194.0-255,5738,157705,9,279764
28612,0.043156,172.31.36.0-255,66,157771,9,279764
28613,0.045536,172.217.194.0-255,5738,163509,9,279764
28614,0.045543,172.31.36.0-255,66,163575,9,279764
28615,0.047924,172.217.194.0-255,4320,167895,9,279764
28616,0.04793,172.31.36.0-255,66,167961,9,279764
28617,0.047957,172.217.194.0-255,1484,169445,9,279764
28618,0.050343,172.217.194.0-255,4320,173765,9,279764
28619,0.05035,172.31.36.0-255,66,173831,9,279764
28620,0.052697,172.217.194.0-255,5738,179569,9,279764
28621,0.052744,172.31.36.0-255,66,179635,9,279764
28622,0.055128,172.217.194.0-255,5738,185373,9,279764
28623,0.055135,172.31.36.0-255,66,185439,9,279764
28624,0.057543,172.217.194.0-255,5738,191177,9,279764
28625,0.05755,172.31.36.0-255,66,191243,9,279764
28626,0.059931,172.217.194.0-255,5738,196981,9,279764
28627,0.059938,172.31.36.0-255,66,197047,9,279764
28628,0.062316,172.217.194.0-255,5738,202785,9,279764
28629,0.062322,172.31.36.0-255,66,202851,9,279764
28630,0.064733,172.217.194.0-255,5738,208589,9,279764
28631,0.06474,172.31.36.0-255,66,208655,9,279764
28632,0.067106,172.217.194.0-255,5738,214393,9,279764
28633,0.067112,172.31.36.0-255,66,214459,9,279764
28634,0.069529,172.217.194.0-255,5738,220197,9,279764
28635,0.069535,172.31.36.0-255,66,220263,9,279764
28636,0.071935,172.217.194.0-255,5738,226001,9,279764
28637,0.071941,172.31.36.0-255,66,226067,9,279764
28638,0.074338,172.217.194.0-255,5738,231805,9,279764
28639,0.074345,172.31.36.0-255,66,231871,9,279764
28640,0.076732,172.217.194.0-255,5738,237609,9,279764
28641,0.076739,172.31.36.0-255,66,237675,9,279764
28642,0.079108,172.217.194.0-255,5738,243413,9,279764
28643,0.079114,172.31.36.0-255,66,243479,9,279764
28644,0.081531,172.217.194.0-255,5738,249217,9,279764
28645,0.081538,172.31.36.0-255,66,249283,9,279764
28646,0.083919,172.217.194.0-255,5738,255021,9,279764
28647,0.083925,172.31.36.0-255,66,255087,9,279764
28648,0.086325,172.217.194.0-255,5738,260825,9,279764
28649,0.086331,172.31.36.0-255,66,260891,9,279764
28650,0.088733,172.217.194.0-255,5738,266629,9,279764
28651,0.08874,172.31.36.0-255,66,266695,9,279764
28652,0.091152,172.217.194.0-255,5738,272433,9,279764
28653,0.091159,172.31.36.0-255,66,272499,9,279764
28654,0.093545,172.217.194.0-255,5738,278237,9,279764
28655,0.093556,172.31.36.0-255,66,278303,9,279764
28656,0.09597,172.217.194.0-255,1224,279527,9,279764
28657,0.096104,172.31.36.0-255,66,279593,9,279764
28658,0.096139,172.31.36.0-255,105,279698,9,279764
28659,0.098491,172.217.194.0-255,66,279764,9,279764
28660,0.0,216.58.221.0-255,146,146,9,304799
28661,2.3e-05,172.31.36.0-255,66,212,9,304799
28662,3.1e-05,216.58.221.0-255,1484,1696,9,304799
28663,3.6e-05,172.31.36.0-255,66,1762,9,304799
28664,4.1e-05,216.58.221.0-255,2902,4664,9,304799
28665,4.4e-05,172.31.36.0-255,66,4730,9,304799
28666,6.2e-05,216.58.221.0-255,7156,11886,9,304799
28667,6.6e-05,172.31.36.0-255,66,11952,9,304799
28668,7.9e-05,172.31.36.0-255,66,12018,9,304799
28669,8.2e-05,216.58.221.0-255,1484,13502,9,304799
28670,8.5e-05,172.31.36.0-255,66,13568,9,304799
28671,0.000124,172.31.36.0-255,66,13634,9,304799
28672,0.000128,216.58.221.0-255,1125,14759,9,304799
28673,0.00013,172.31.36.0-255,66,14825,9,304799
28674,0.000181,216.58.221.0-255,1484,16309,9,304799
28675,0.000183,172.31.36.0-255,66,16375,9,304799
28676,0.000207,216.58.221.0-255,2902,19277,9,304799
28677,0.000209,172.31.36.0-255,66,19343,9,304799
28678,0.000215,216.58.221.0-255,4320,23663,9,304799
28679,0.000217,172.31.36.0-255,66,23729,9,304799
28680,0.000243,216.58.221.0-255,1484,25213,9,304799
28681,0.000246,172.31.36.0-255,66,25279,9,304799
28682,0.000249,216.58.221.0-255,1484,26763,9,304799
28683,0.000252,172.31.36.0-255,66,26829,9,304799
28684,0.000281,216.58.221.0-255,5379,32208,9,304799
28685,0.000284,172.31.36.0-255,66,32274,9,304799
28686,0.000308,216.58.221.0-255,1484,33758,9,304799
28687,0.000311,172.31.36.0-255,66,33824,9,304799
28688,0.000316,216.58.221.0-255,2902,36726,9,304799
28689,0.000318,172.31.36.0-255,66,36792,9,304799
28690,0.00036,216.58.221.0-255,5738,42530,9,304799
28691,0.000362,172.31.36.0-255,66,42596,9,304799
28692,0.00037,216.58.221.0-255,6797,49393,9,304799
28693,0.000372,172.31.36.0-255,66,49459,9,304799
28694,0.000375,216.58.221.0-255,356,49815,9,304799
28695,0.001085,172.31.36.0-255,66,49881,9,304799
28696,0.001201,216.58.221.0-255,132,50013,9,304799
28697,0.001245,216.58.221.0-255,1484,51497,9,304799
28698,0.001249,172.31.36.0-255,66,51563,9,304799
28699,0.001256,216.58.221.0-255,2902,54465,9,304799
28700,0.001258,172.31.36.0-255,66,54531,9,304799
28701,0.001268,216.58.221.0-255,2902,57433,9,304799
28702,0.00127,172.31.36.0-255,66,57499,9,304799
28703,0.001304,216.58.221.0-255,2902,60401,9,304799
28704,0.001307,172.31.36.0-255,66,60467,9,304799
28705,0.001316,216.58.221.0-255,6797,67264,9,304799
28706,0.001317,172.31.36.0-255,66,67330,9,304799
28707,0.00134,216.58.221.0-255,1484,68814,9,304799
28708,0.001364,216.58.221.0-255,2902,71716,9,304799
28709,0.001367,172.31.36.0-255,66,71782,9,304799
28710,0.001374,216.58.221.0-255,5738,77520,9,304799
28711,0.001376,172.31.36.0-255,66,77586,9,304799
28712,0.001413,216.58.221.0-255,6797,84383,9,304799
28713,0.001416,172.31.36.0-255,66,84449,9,304799
28714,0.001464,216.58.221.0-255,1484,85933,9,304799
28715,0.001479,216.58.221.0-255,2902,88835,9,304799
28716,0.001482,172.31.36.0-255,66,88901,9,304799
28717,0.001489,216.58.221.0-255,4320,93221,9,304799
28718,0.00149,172.31.36.0-255,66,93287,9,304799
28719,0.001509,216.58.221.0-255,1484,94771,9,304799
28720,0.001514,216.58.221.0-255,4320,99091,9,304799
28721,0.001516,172.31.36.0-255,66,99157,9,304799
28722,0.001538,216.58.221.0-255,2902,102059,9,304799
28723,0.00154,172.31.36.0-255,66,102125,9,304799
28724,0.001574,216.58.221.0-255,7156,109281,9,304799
28725,0.001576,172.31.36.0-255,66,109347,9,304799
28726,0.001607,216.58.221.0-255,7156,116503,9,304799
28727,0.001609,172.31.36.0-255,66,116569,9,304799
28728,0.001614,216.58.221.0-255,2184,118753,9,304799
28729,0.001616,172.31.36.0-255,66,118819,9,304799
28730,0.001619,216.58.221.0-255,1484,120303,9,304799
28731,0.001623,216.58.221.0-255,2902,123205,9,304799
28732,0.001627,172.31.36.0-255,66,123271,9,304799
28733,0.001632,216.58.221.0-255,4320,127591,9,304799
28734,0.001635,172.31.36.0-255,66,127657,9,304799
28735,0.001657,216.58.221.0-255,1484,129141,9,304799
28736,0.001663,216.58.221.0-255,4320,133461,9,304799
28737,0.001666,172.31.36.0-255,66,133527,9,304799
28738,0.001708,172.31.36.0-255,66,133593,9,304799
28739,0.001753,172.31.36.0-255,66,133659,9,304799
28740,0.001778,216.58.221.0-255,1484,135143,9,304799
28741,0.001783,216.58.221.0-255,2902,138045,9,304799
28742,0.001785,172.31.36.0-255,66,138111,9,304799
28743,0.001793,216.58.221.0-255,5738,143849,9,304799
28744,0.001796,172.31.36.0-255,66,143915,9,304799
28745,0.001801,216.58.221.0-255,4320,148235,9,304799
28746,0.001803,172.31.36.0-255,66,148301,9,304799
28747,0.001806,216.58.221.0-255,1484,149785,9,304799
28748,0.001855,172.31.36.0-255,66,149851,9,304799
28749,0.001865,172.31.36.0-255,66,149917,9,304799
28750,0.001957,216.58.221.0-255,1484,151401,9,304799
28751,0.001973,216.58.221.0-255,2902,154303,9,304799
28752,0.001977,172.31.36.0-255,66,154369,9,304799
28753,0.001983,216.58.221.0-255,4320,158689,9,304799
28754,0.001986,172.31.36.0-255,66,158755,9,304799
28755,0.002012,216.58.221.0-255,1484,160239,9,304799
28756,0.002019,216.58.221.0-255,7156,167395,9,304799
28757,0.002022,172.31.36.0-255,66,167461,9,304799
28758,0.002057,172.31.36.0-255,66,167527,9,304799
28759,0.00206,216.58.221.0-255,1484,169011,9,304799
28760,0.002084,216.58.221.0-255,2902,171913,9,304799
28761,0.002087,172.31.36.0-255,66,171979,9,304799
28762,0.00209,216.58.221.0-255,1484,173463,9,304799
28763,0.002094,216.58.221.0-255,2184,175647,9,304799
28764,0.002096,172.31.36.0-255,66,175713,9,304799
28765,0.002421,216.58.221.0-255,1484,177197,9,304799
28766,0.002429,216.58.221.0-255,2902,180099,9,304799
28767,0.002435,172.31.36.0-255,66,180165,9,304799
28768,0.002442,216.58.221.0-255,5738,185903,9,304799
28769,0.002445,172.31.36.0-255,66,185969,9,304799
28770,0.002463,216.58.221.0-255,4320,190289,9,304799
28771,0.002465,172.31.36.0-255,66,190355,9,304799
28772,0.002501,216.58.221.0-255,1484,191839,9,304799
28773,0.002517,172.31.36.0-255,66,191905,9,304799
28774,0.002523,216.58.221.0-255,5020,196925,9,304799
28775,0.002525,172.31.36.0-255,66,196991,9,304799
28776,0.00263,216.58.221.0-255,1484,198475,9,304799
28777,0.002654,216.58.221.0-255,2902,201377,9,304799
28778,0.002657,172.31.36.0-255,66,201443,9,304799
28779,0.002661,216.58.221.0-255,2902,204345,9,304799
28780,0.002664,172.31.36.0-255,66,204411,9,304799
28781,0.002674,216.58.221.0-255,4320,208731,9,304799
28782,0.002676,172.31.36.0-255,66,208797,9,304799
28783,0.002683,216.58.221.0-255,5738,214535,9,304799
28784,0.002685,172.31.36.0-255,66,214601,9,304799
28785,0.002711,216.58.221.0-255,2902,217503,9,304799
28786,0.002713,172.31.36.0-255,66,217569,9,304799
28787,0.002721,216.58.221.0-255,7156,224725,9,304799
28788,0.002724,172.31.36.0-255,66,224791,9,304799
28789,0.002755,216.58.221.0-255,2902,227693,9,304799
28790,0.002757,172.31.36.0-255,66,227759,9,304799
28791,0.002761,216.58.221.0-255,1484,229243,9,304799
28792,0.002803,172.31.36.0-255,66,229309,9,304799
28793,0.002815,172.31.36.0-255,66,229375,9,304799
28794,0.002898,216.58.221.0-255,5020,234395,9,304799
28795,0.002901,216.58.221.0-255,1484,235879,9,304799
28796,0.002905,216.58.221.0-255,2902,238781,9,304799
28797,0.002911,216.58.221.0-255,5738,244519,9,304799
28798,0.002926,216.58.221.0-255,4320,248839,9,304799
28799,0.002965,216.58.221.0-255,4320,253159,9,304799
28800,0.00298,216.58.221.0-255,5020,258179,9,304799
28801,0.003084,216.58.221.0-255,1484,259663,9,304799
28802,0.003089,216.58.221.0-255,2902,262565,9,304799
28803,0.003095,216.58.221.0-255,5738,268303,9,304799
28804,0.003112,216.58.221.0-255,5738,274041,9,304799
28805,0.003119,216.58.221.0-255,7156,281197,9,304799
28806,0.003154,216.58.221.0-255,4320,285517,9,304799
28807,0.003187,216.58.221.0-255,7156,292673,9,304799
28808,0.003222,216.58.221.0-255,2752,295425,9,304799
28809,0.003226,216.58.221.0-255,105,295530,9,304799
28810,0.007467,172.31.36.0-255,66,295596,9,304799
28811,0.010192,172.31.36.0-255,105,295701,9,304799
28812,0.012142,216.58.221.0-255,66,295767,9,304799
28813,0.035981,172.31.36.0-255,176,295943,9,304799
28814,0.036019,172.31.36.0-255,1115,297058,9,304799
28815,0.036089,172.31.36.0-255,1514,298572,9,304799
28816,0.036091,172.31.36.0-255,1514,300086,9,304799
28817,0.036092,172.31.36.0-255,1514,301600,9,304799
28818,0.036093,172.31.36.0-255,1514,303114,9,304799
28819,0.036094,172.31.36.0-255,1487,304601,9,304799
28820,0.037576,104.244.42.0-255,66,304667,9,304799
28821,0.037588,104.244.42.0-255,66,304733,9,304799
28822,0.037668,104.244.42.0-255,66,304799,9,304799
28823,0.0,172.217.194.0-255,150,150,9,325845
28824,1.4e-05,172.31.36.0-255,66,216,9,325845
28825,2e-05,172.217.194.0-255,1484,1700,9,325845
28826,2.6e-05,172.31.36.0-255,66,1766,9,325845
28827,3.2e-05,172.217.194.0-255,2902,4668,9,325845
28828,3.4e-05,172.31.36.0-255,66,4734,9,325845
28829,4.2e-05,172.217.194.0-255,7156,11890,9,325845
28830,4.5e-05,172.31.36.0-255,66,11956,9,325845
28831,8.9e-05,172.31.36.0-255,66,12022,9,325845
28832,9.6e-05,172.217.194.0-255,6797,18819,9,325845
28833,9.9e-05,172.31.36.0-255,66,18885,9,325845
28834,0.000428,172.217.194.0-255,1484,20369,9,325845
28835,0.000435,172.31.36.0-255,66,20435,9,325845
28836,0.000441,172.217.194.0-255,2902,23337,9,325845
28837,0.000443,172.31.36.0-255,66,23403,9,325845
28838,0.00045,172.217.194.0-255,5738,29141,9,325845
28839,0.000453,172.31.36.0-255,66,29207,9,325845
28840,0.000456,172.217.194.0-255,1484,30691,9,325845
28841,0.000458,172.31.36.0-255,66,30757,9,325845
28842,0.000488,172.217.194.0-255,5379,36136,9,325845
28843,0.000491,172.31.36.0-255,66,36202,9,325845
28844,0.000494,172.217.194.0-255,1484,37686,9,325845
28845,0.000496,172.31.36.0-255,66,37752,9,325845
28846,0.00051,172.217.194.0-255,1484,39236,9,325845
28847,0.000513,172.31.36.0-255,66,39302,9,325845
28848,0.00055,172.31.36.0-255,66,39368,9,325845
28849,0.000572,172.217.194.0-255,2902,42270,9,325845
28850,0.000575,172.31.36.0-255,66,42336,9,325845
28851,0.000579,172.217.194.0-255,2543,44879,9,325845
28852,0.000582,172.31.36.0-255,66,44945,9,325845
28853,0.000584,172.217.194.0-255,379,45324,9,325845
28854,0.001002,172.31.36.0-255,66,45390,9,325845
28855,0.001174,172.217.194.0-255,363,45753,9,325845
28856,0.00129,172.217.194.0-255,1484,47237,9,325845
28857,0.001295,172.31.36.0-255,66,47303,9,325845
28858,0.001301,172.217.194.0-255,2902,50205,9,325845
28859,0.001304,172.31.36.0-255,66,50271,9,325845
28860,0.001309,172.217.194.0-255,2902,53173,9,325845
28861,0.001311,172.31.36.0-255,66,53239,9,325845
28862,0.001343,172.217.194.0-255,2902,56141,9,325845
28863,0.001346,172.31.36.0-255,66,56207,9,325845
28864,0.001354,172.217.194.0-255,5738,61945,9,325845
28865,0.001356,172.31.36.0-255,66,62011,9,325845
28866,0.001368,172.31.36.0-255,66,62077,9,325845
28867,0.001394,172.217.194.0-255,1484,63561,9,325845
28868,0.001401,172.217.194.0-255,5020,68581,9,325845
28869,0.001403,172.31.36.0-255,66,68647,9,325845
28870,0.002155,172.217.194.0-255,1484,70131,9,325845
28871,0.002164,172.217.194.0-255,2902,73033,9,325845
28872,0.002169,172.31.36.0-255,66,73099,9,325845
28873,0.002177,172.217.194.0-255,5738,78837,9,325845
28874,0.002179,172.31.36.0-255,66,78903,9,325845
28875,0.002185,172.217.194.0-255,4320,83223,9,325845
28876,0.002188,172.31.36.0-255,66,83289,9,325845
28877,0.002239,172.31.36.0-255,66,83355,9,325845
28878,0.002245,172.217.194.0-255,4320,87675,9,325845
28879,0.002247,172.31.36.0-255,66,87741,9,325845
28880,0.002264,172.217.194.0-255,3602,91343,9,325845
28881,0.002267,172.31.36.0-255,66,91409,9,325845
28882,0.00247,172.217.194.0-255,1484,92893,9,325845
28883,0.002478,172.217.194.0-255,2902,95795,9,325845
28884,0.002483,172.31.36.0-255,66,95861,9,325845
28885,0.00249,172.217.194.0-255,5738,101599,9,325845
28886,0.002492,172.31.36.0-255,66,101665,9,325845
28887,0.002531,172.31.36.0-255,66,101731,9,325845
28888,0.002545,172.31.36.0-255,66,101797,9,325845
28889,0.005047,172.217.194.0-255,4320,106117,9,325845
28890,0.005053,172.31.36.0-255,66,106183,9,325845
28891,0.005072,172.217.194.0-255,1484,107667,9,325845
28892,0.007567,172.217.194.0-255,4320,111987,9,325845
28893,0.007573,172.31.36.0-255,66,112053,9,325845
28894,0.010081,172.217.194.0-255,4320,116373,9,325845
28895,0.010088,172.31.36.0-255,66,116439,9,325845
28896,0.010106,172.217.194.0-255,1484,117923,9,325845
28897,0.012619,172.217.194.0-255,4320,122243,9,325845
28898,0.012627,172.31.36.0-255,66,122309,9,325845
28899,0.015153,172.217.194.0-255,5738,128047,9,325845
28900,0.015161,172.31.36.0-255,66,128113,9,325845
28901,0.017668,172.217.194.0-255,5738,133851,9,325845
28902,0.017677,172.31.36.0-255,66,133917,9,325845
28903,0.0202,172.217.194.0-255,5738,139655,9,325845
28904,0.020211,172.31.36.0-255,66,139721,9,325845
28905,0.022722,172.217.194.0-255,5738,145459,9,325845
28906,0.022732,172.31.36.0-255,66,145525,9,325845
28907,0.025248,172.217.194.0-255,5738,151263,9,325845
28908,0.025255,172.31.36.0-255,66,151329,9,325845
28909,0.027772,172.217.194.0-255,5738,157067,9,325845
28910,0.027779,172.31.36.0-255,66,157133,9,325845
28911,0.030315,172.217.194.0-255,5738,162871,9,325845
28912,0.030323,172.31.36.0-255,66,162937,9,325845
28913,0.032919,172.217.194.0-255,5738,168675,9,325845
28914,0.032932,172.31.36.0-255,66,168741,9,325845
28915,0.035492,172.217.194.0-255,5738,174479,9,325845
28916,0.0355,172.31.36.0-255,66,174545,9,325845
28917,0.038054,172.217.194.0-255,5738,180283,9,325845
28918,0.038062,172.31.36.0-255,66,180349,9,325845
28919,0.040598,172.217.194.0-255,5738,186087,9,325845
28920,0.040606,172.31.36.0-255,66,186153,9,325845
28921,0.043104,172.217.194.0-255,5738,191891,9,325845
28922,0.043112,172.31.36.0-255,66,191957,9,325845
28923,0.04562,172.217.194.0-255,5738,197695,9,325845
28924,0.045644,172.31.36.0-255,66,197761,9,325845
28925,0.048162,172.217.194.0-255,5738,203499,9,325845
28926,0.04817,172.31.36.0-255,66,203565,9,325845
28927,0.050672,172.217.194.0-255,5738,209303,9,325845
28928,0.05068,172.31.36.0-255,66,209369,9,325845
28929,0.05322,172.217.194.0-255,5738,215107,9,325845
28930,0.053232,172.31.36.0-255,66,215173,9,325845
28931,0.055762,172.217.194.0-255,5738,220911,9,325845
28932,0.055773,172.31.36.0-255,66,220977,9,325845
28933,0.058303,172.217.194.0-255,5738,226715,9,325845
28934,0.05831,172.31.36.0-255,66,226781,9,325845
28935,0.058754,172.31.36.0-255,172,226953,9,325845
28936,0.058782,172.31.36.0-255,1116,228069,9,325845
28937,0.058854,172.31.36.0-255,1514,229583,9,325845
28938,0.058856,172.31.36.0-255,1514,231097,9,325845
28939,0.058858,172.31.36.0-255,1514,232611,9,325845
28940,0.058858,172.31.36.0-255,106,232717,9,325845
28941,0.060323,104.244.42.0-255,66,232783,9,325845
28942,0.060383,104.244.42.0-255,66,232849,9,325845
28943,0.060424,104.244.42.0-255,66,232915,9,325845
28944,0.060437,104.244.42.0-255,66,232981,9,325845
28945,0.060857,172.217.194.0-255,5738,238719,9,325845
28946,0.060862,172.31.36.0-255,66,238785,9,325845
28947,0.063391,172.217.194.0-255,5738,244523,9,325845
28948,0.063399,172.31.36.0-255,66,244589,9,325845
28949,0.065923,172.217.194.0-255,5738,250327,9,325845
28950,0.06593,172.31.36.0-255,66,250393,9,325845
28951,0.068476,172.217.194.0-255,5738,256131,9,325845
28952,0.068487,172.31.36.0-255,66,256197,9,325845
28953,0.071009,172.217.194.0-255,5738,261935,9,325845
28954,0.071016,172.31.36.0-255,66,262001,9,325845
28955,0.073541,172.217.194.0-255,5738,267739,9,325845
28956,0.073548,172.31.36.0-255,66,267805,9,325845
28957,0.076063,172.217.194.0-255,5738,273543,9,325845
28958,0.076071,172.31.36.0-255,66,273609,9,325845
28959,0.07858,172.217.194.0-255,5738,279347,9,325845
28960,0.078588,172.31.36.0-255,66,279413,9,325845
28961,0.0811,172.217.194.0-255,5738,285151,9,325845
28962,0.081106,172.31.36.0-255,66,285217,9,325845
28963,0.083654,172.217.194.0-255,5738,290955,9,325845
28964,0.083666,172.31.36.0-255,66,291021,9,325845
28965,0.086209,172.217.194.0-255,5738,296759,9,325845
28966,0.086217,172.31.36.0-255,66,296825,9,325845
28967,0.088752,172.217.194.0-255,5738,302563,9,325845
28968,0.088759,172.31.36.0-255,66,302629,9,325845
28969,0.091282,172.217.194.0-255,5738,308367,9,325845
28970,0.091288,172.31.36.0-255,66,308433,9,325845
28971,0.093777,172.217.194.0-255,5738,314171,9,325845
28972,0.093786,172.31.36.0-255,66,314237,9,325845
28973,0.09633,172.217.194.0-255,5738,319975,9,325845
28974,0.096336,172.31.36.0-255,66,320041,9,325845
28975,0.098858,172.217.194.0-255,5738,325779,9,325845
28976,0.098867,172.31.36.0-255,66,325845,9,325845
28977,0.0,172.217.194.0-255,153,153,9,347937
28978,3.3e-05,172.31.36.0-255,66,219,9,347937
28979,4e-05,172.217.194.0-255,1484,1703,9,347937
28980,4.4e-05,172.31.36.0-255,66,1769,9,347937
28981,4.8e-05,172.217.194.0-255,2902,4671,9,347937
28982,5e-05,172.31.36.0-255,66,4737,9,347937
28983,7.5e-05,172.217.194.0-255,4320,9057,9,347937
28984,7.8e-05,172.31.36.0-255,66,9123,9,347937
28985,0.0001,172.217.194.0-255,1484,10607,9,347937
28986,0.000102,172.31.36.0-255,66,10673,9,347937
28987,0.000107,172.217.194.0-255,3465,14138,9,347937
28988,0.000109,172.31.36.0-255,66,14204,9,347937
28989,0.000153,172.217.194.0-255,1484,15688,9,347937
28990,0.000156,172.31.36.0-255,66,15754,9,347937
28991,0.000161,172.217.194.0-255,2902,18656,9,347937
28992,0.000164,172.31.36.0-255,66,18722,9,347937
28993,0.000204,172.217.194.0-255,2902,21624,9,347937
28994,0.000207,172.31.36.0-255,66,21690,9,347937
28995,0.000213,172.217.194.0-255,4320,26010,9,347937
28996,0.000215,172.31.36.0-255,66,26076,9,347937
28997,0.000236,172.217.194.0-255,2902,28978,9,347937
28998,0.000238,172.31.36.0-255,66,29044,9,347937
28999,0.000256,172.217.194.0-255,1484,30528,9,347937
29000,0.000259,172.31.36.0-255,66,30594,9,347937
29001,0.000293,172.217.194.0-255,5379,35973,9,347937
29002,0.000296,172.31.36.0-255,66,36039,9,347937
29003,0.000319,172.217.194.0-255,5738,41777,9,347937
29004,0.000321,172.31.36.0-255,66,41843,9,347937
29005,0.000339,172.217.194.0-255,2902,44745,9,347937
29006,0.000342,172.31.36.0-255,66,44811,9,347937
29007,0.000361,172.217.194.0-255,3961,48772,9,347937
29008,0.000363,172.31.36.0-255,66,48838,9,347937
29009,0.001039,172.217.194.0-255,1484,50322,9,347937
29010,0.001064,172.217.194.0-255,2902,53224,9,347937
29011,0.001069,172.31.36.0-255,66,53290,9,347937
29012,0.001091,172.217.194.0-255,1484,54774,9,347937
29013,0.001105,172.217.194.0-255,4320,59094,9,347937
29014,0.001107,172.31.36.0-255,66,59160,9,347937
29015,0.001111,172.217.194.0-255,2902,62062,9,347937
29016,0.001112,172.31.36.0-255,66,62128,9,347937
29017,0.001128,172.217.194.0-255,3961,66089,9,347937
29018,0.00113,172.31.36.0-255,66,66155,9,347937
29019,0.001285,172.217.194.0-255,1484,67639,9,347937
29020,0.001291,172.217.194.0-255,2902,70541,9,347937
29021,0.001294,172.31.36.0-255,66,70607,9,347937
29022,0.001314,172.217.194.0-255,4320,74927,9,347937
29023,0.001316,172.31.36.0-255,66,74993,9,347937
29024,0.001328,172.217.194.0-255,1484,76477,9,347937
29025,0.001359,172.31.36.0-255,66,76543,9,347937
29026,0.001377,172.217.194.0-255,1484,78027,9,347937
29027,0.001383,172.217.194.0-255,7156,85183,9,347937
29028,0.001384,172.31.36.0-255,66,85249,9,347937
29029,0.001398,172.217.194.0-255,1484,86733,9,347937
29030,0.00141,172.217.194.0-255,2184,88917,9,347937
29031,0.001412,172.31.36.0-255,66,88983,9,347937
29032,0.001416,172.217.194.0-255,4320,93303,9,347937
29033,0.001418,172.31.36.0-255,66,93369,9,347937
29034,0.001447,172.217.194.0-255,5738,99107,9,347937
29035,0.001449,172.31.36.0-255,66,99173,9,347937
29036,0.001464,172.217.194.0-255,4320,103493,9,347937
29037,0.001466,172.31.36.0-255,66,103559,9,347937
29038,0.001469,172.217.194.0-255,2423,105982,9,347937
29039,0.001472,172.31.36.0-255,66,106048,9,347937
29040,0.002438,172.217.194.0-255,1484,107532,9,347937
29041,0.002442,172.217.194.0-255,1484,109016,9,347937
29042,0.002444,172.31.36.0-255,66,109082,9,347937
29043,0.00246,172.217.194.0-255,1484,110566,9,347937
29044,0.002478,172.217.194.0-255,5738,116304,9,347937
29045,0.00248,172.31.36.0-255,66,116370,9,347937
29046,0.002507,172.217.194.0-255,2902,119272,9,347937
29047,0.002509,172.31.36.0-255,66,119338,9,347937
29048,0.002536,172.31.36.0-255,66,119404,9,347937
29049,0.002541,172.217.194.0-255,7156,126560,9,347937
29050,0.002543,172.31.36.0-255,66,126626,9,347937
29051,0.002557,172.217.194.0-255,1484,128110,9,347937
29052,0.002587,172.31.36.0-255,66,128176,9,347937
29053,0.002609,172.217.194.0-255,7156,135332,9,347937
29054,0.002611,172.31.36.0-255,66,135398,9,347937
29055,0.002615,172.217.194.0-255,3602,139000,9,347937
29056,0.002617,172.31.36.0-255,66,139066,9,347937
29057,0.005171,172.217.194.0-255,1484,140550,9,347937
29058,0.005185,172.217.194.0-255,4320,144870,9,347937
29059,0.005189,172.31.36.0-255,66,144936,9,347937
29060,0.00776,172.217.194.0-255,5738,150674,9,347937
29061,0.007766,172.31.36.0-255,66,150740,9,347937
29062,0.010375,172.217.194.0-255,5738,156478,9,347937
29063,0.010383,172.31.36.0-255,66,156544,9,347937
29064,0.012965,172.217.194.0-255,5738,162282,9,347937
29065,0.012972,172.31.36.0-255,66,162348,9,347937
29066,0.015587,172.217.194.0-255,4320,166668,9,347937
29067,0.015594,172.31.36.0-255,66,166734,9,347937
29068,0.015613,172.217.194.0-255,1484,168218,9,347937
29069,0.018208,172.217.194.0-255,4320,172538,9,347937
29070,0.018216,172.31.36.0-255,66,172604,9,347937
29071,0.020787,172.217.194.0-255,5738,178342,9,347937
29072,0.020796,172.31.36.0-255,66,178408,9,347937
29073,0.023352,172.217.194.0-255,5738,184146,9,347937
29074,0.023359,172.31.36.0-255,66,184212,9,347937
29075,0.025955,172.217.194.0-255,5738,189950,9,347937
29076,0.025963,172.31.36.0-255,66,190016,9,347937
29077,0.028557,172.217.194.0-255,5738,195754,9,347937
29078,0.028566,172.31.36.0-255,66,195820,9,347937
29079,0.031141,172.217.194.0-255,5738,201558,9,347937
29080,0.031149,172.31.36.0-255,66,201624,9,347937
29081,0.033759,172.217.194.0-255,5738,207362,9,347937
29082,0.033768,172.31.36.0-255,66,207428,9,347937
29083,0.036387,172.217.194.0-255,4320,211748,9,347937
29084,0.036393,172.31.36.0-255,66,211814,9,347937
29085,0.03641,172.217.194.0-255,1484,213298,9,347937
29086,0.037129,172.31.36.0-255,199,213497,9,347937
29087,0.037158,172.31.36.0-255,1070,214567,9,347937
29088,0.038678,104.244.42.0-255,66,214633,9,347937
29089,0.03872,104.244.42.0-255,66,214699,9,347937
29090,0.038998,172.217.194.0-255,2902,217601,9,347937
29091,0.039002,172.31.36.0-255,66,217667,9,347937
29092,0.039034,172.217.194.0-255,1484,219151,9,347937
29093,0.039355,104.244.42.0-255,108,219259,9,347937
29094,0.039361,172.31.36.0-255,66,219325,9,347937
29095,0.041541,172.217.194.0-255,4320,223645,9,347937
29096,0.041547,172.31.36.0-255,66,223711,9,347937
29097,0.044142,172.217.194.0-255,4320,228031,9,347937
29098,0.044148,172.31.36.0-255,66,228097,9,347937
29099,0.044174,172.217.194.0-255,1484,229581,9,347937
29100,0.046748,172.217.194.0-255,4320,233901,9,347937
29101,0.046753,172.31.36.0-255,66,233967,9,347937
29102,0.049341,172.217.194.0-255,5738,239705,9,347937
29103,0.049347,172.31.36.0-255,66,239771,9,347937
29104,0.051938,172.217.194.0-255,4320,244091,9,347937
29105,0.051944,172.31.36.0-255,66,244157,9,347937
29106,0.051968,172.217.194.0-255,1484,245641,9,347937
29107,0.054537,172.217.194.0-255,4320,249961,9,347937
29108,0.054542,172.31.36.0-255,66,250027,9,347937
29109,0.057162,172.217.194.0-255,4320,254347,9,347937
29110,0.057166,172.31.36.0-255,66,254413,9,347937
29111,0.05719,172.217.194.0-255,1484,255897,9,347937
29112,0.059753,172.217.194.0-255,4320,260217,9,347937
29113,0.059758,172.31.36.0-255,66,260283,9,347937
29114,0.062394,172.217.194.0-255,5738,266021,9,347937
29115,0.062399,172.31.36.0-255,66,266087,9,347937
29116,0.065009,172.217.194.0-255,5738,271825,9,347937
29117,0.065014,172.31.36.0-255,66,271891,9,347937
29118,0.067621,172.217.194.0-255,5738,277629,9,347937
29119,0.067626,172.31.36.0-255,66,277695,9,347937
29120,0.070242,172.217.194.0-255,5738,283433,9,347937
29121,0.070247,172.31.36.0-255,66,283499,9,347937
29122,0.072817,172.217.194.0-255,2902,286401,9,347937
29123,0.072822,172.31.36.0-255,66,286467,9,347937
29124,0.072849,172.217.194.0-255,2902,289369,9,347937
29125,0.072852,172.31.36.0-255,66,289435,9,347937
29126,0.075425,172.217.194.0-255,1484,290919,9,347937
29127,0.075457,172.217.194.0-255,4320,295239,9,347937
29128,0.075462,172.31.36.0-255,66,295305,9,347937
29129,0.078047,172.217.194.0-255,5738,301043,9,347937
29130,0.078052,172.31.36.0-255,66,301109,9,347937
29131,0.080648,172.217.194.0-255,5738,306847,9,347937
29132,0.080654,172.31.36.0-255,66,306913,9,347937
29133,0.083201,172.217.194.0-255,5738,312651,9,347937
29134,0.083206,172.31.36.0-255,66,312717,9,347937
29135,0.085812,172.217.194.0-255,5738,318455,9,347937
29136,0.085817,172.31.36.0-255,66,318521,9,347937
29137,0.088449,172.217.194.0-255,2902,321423,9,347937
29138,0.088454,172.31.36.0-255,66,321489,9,347937
29139,0.08848,172.217.194.0-255,2902,324391,9,347937
29140,0.088482,172.31.36.0-255,66,324457,9,347937
29141,0.091075,172.217.194.0-255,2902,327359,9,347937
29142,0.09108,172.31.36.0-255,66,327425,9,347937
29143,0.091112,172.217.194.0-255,2902,330327,9,347937
29144,0.091115,172.31.36.0-255,66,330393,9,347937
29145,0.093687,172.217.194.0-255,5738,336131,9,347937
29146,0.093693,172.31.36.0-255,66,336197,9,347937
29147,0.096301,172.217.194.0-255,5738,341935,9,347937
29148,0.096307,172.31.36.0-255,66,342001,9,347937
29149,0.098938,172.217.194.0-255,2902,344903,9,347937
29150,0.098943,172.31.36.0-255,66,344969,9,347937
29151,0.098973,172.217.194.0-255,2902,347871,9,347937
29152,0.098976,172.31.36.0-255,66,347937,9,347937
29153,0.0,74.125.24.0-255,153,153,9,245038
29154,3.1e-05,172.31.36.0-255,66,219,9,245038
29155,3.8e-05,74.125.24.0-255,1484,1703,9,245038
29156,4.3e-05,172.31.36.0-255,66,1769,9,245038
29157,4.8e-05,74.125.24.0-255,2902,4671,9,245038
29158,5.9e-05,172.31.36.0-255,66,4737,9,245038
29159,6.7e-05,74.125.24.0-255,7156,11893,9,245038
29160,7e-05,172.31.36.0-255,66,11959,9,245038
29161,0.000101,74.125.24.0-255,2068,14027,9,245038
29162,0.000104,172.31.36.0-255,66,14093,9,245038
29163,0.000178,74.125.24.0-255,1484,15577,9,245038
29164,0.000183,172.31.36.0-255,66,15643,9,245038
29165,0.000189,74.125.24.0-255,1484,17127,9,245038
29166,0.000193,172.31.36.0-255,66,17193,9,245038
29167,0.000215,74.125.24.0-255,1484,18677,9,245038
29168,0.000218,172.31.36.0-255,66,18743,9,245038
29169,0.000226,74.125.24.0-255,5738,24481,9,245038
29170,0.000228,172.31.36.0-255,66,24547,9,245038
29171,0.000231,74.125.24.0-255,1484,26031,9,245038
29172,0.000233,172.31.36.0-255,66,26097,9,245038
29173,0.000269,74.125.24.0-255,5379,31476,9,245038
29174,0.000273,172.31.36.0-255,66,31542,9,245038
29175,0.000287,74.125.24.0-255,1484,33026,9,245038
29176,0.000294,172.31.36.0-255,66,33092,9,245038
29177,0.000299,74.125.24.0-255,2902,35994,9,245038
29178,0.000302,172.31.36.0-255,66,36060,9,245038
29179,0.000305,74.125.24.0-255,1484,37544,9,245038
29180,0.000307,172.31.36.0-255,66,37610,9,245038
29181,0.000344,74.125.24.0-255,4320,41930,9,245038
29182,0.000348,172.31.36.0-255,66,41996,9,245038
29183,0.000355,74.125.24.0-255,6797,48793,9,245038
29184,0.000358,172.31.36.0-255,66,48859,9,245038
29185,0.000399,74.125.24.0-255,1484,50343,9,245038
29186,0.000404,74.125.24.0-255,1484,51827,9,245038
29187,0.000406,172.31.36.0-255,66,51893,9,245038
29188,0.000418,74.125.24.0-255,1484,53377,9,245038
29189,0.000426,74.125.24.0-255,1484,54861,9,245038
29190,0.000428,172.31.36.0-255,66,54927,9,245038
29191,0.00045,74.125.24.0-255,4320,59247,9,245038
29192,0.000453,172.31.36.0-255,66,59313,9,245038
29193,0.000459,74.125.24.0-255,4320,63633,9,245038
29194,0.000462,172.31.36.0-255,66,63699,9,245038
29195,0.000514,74.125.24.0-255,3154,66853,9,245038
29196,0.000517,172.31.36.0-255,66,66919,9,245038
29197,0.000685,74.125.24.0-255,1484,68403,9,245038
29198,0.000699,74.125.24.0-255,2902,71305,9,245038
29199,0.000702,172.31.36.0-255,66,71371,9,245038
29200,0.000708,74.125.24.0-255,2902,74273,9,245038
29201,0.000712,172.31.36.0-255,66,74339,9,245038
29202,0.000734,74.125.24.0-255,2902,77241,9,245038
29203,0.000742,172.31.36.0-255,66,77307,9,245038
29204,0.000746,74.125.24.0-255,1484,78791,9,245038
29205,0.00078,172.31.36.0-255,66,78857,9,245038
29206,0.000787,74.125.24.0-255,5738,84595,9,245038
29207,0.00079,172.31.36.0-255,66,84661,9,245038
29208,0.000822,74.125.24.0-255,3961,88622,9,245038
29209,0.000825,172.31.36.0-255,66,88688,9,245038
29210,0.001146,74.125.24.0-255,1484,90172,9,245038
29211,0.001152,74.125.24.0-255,2902,93074,9,245038
29212,0.001158,172.31.36.0-255,66,93140,9,245038
29213,0.001187,74.125.24.0-255,5738,98878,9,245038
29214,0.001191,172.31.36.0-255,66,98944,9,245038
29215,0.001237,172.31.36.0-255,66,99010,9,245038
29216,0.001241,74.125.24.0-255,2902,101912,9,245038
29217,0.001244,172.31.36.0-255,66,101978,9,245038
29218,0.001284,74.125.24.0-255,1484,103462,9,245038
29219,0.0013,74.125.24.0-255,6438,109900,9,245038
29220,0.001304,172.31.36.0-255,66,109966,9,245038
29221,0.001564,74.125.24.0-255,1484,111450,9,245038
29222,0.001589,74.125.24.0-255,2902,114352,9,245038
29223,0.001593,172.31.36.0-255,66,114418,9,245038
29224,0.001625,74.125.24.0-255,5738,120156,9,245038
29225,0.001629,172.31.36.0-255,66,120222,9,245038
29226,0.001636,74.125.24.0-255,5738,125960,9,245038
29227,0.001638,172.31.36.0-255,66,126026,9,245038
29228,0.001676,74.125.24.0-255,7156,133182,9,245038
29229,0.001679,172.31.36.0-255,66,133248,9,245038
29230,0.001714,172.31.36.0-255,66,133314,9,245038
29231,0.001763,172.31.36.0-255,66,133380,9,245038
29232,0.001771,74.125.24.0-255,5738,139118,9,245038
29233,0.001772,172.31.36.0-255,66,139184,9,245038
29234,0.001855,172.31.36.0-255,66,139250,9,245038
29235,0.002006,74.125.24.0-255,1484,140734,9,245038
29236,0.002026,74.125.24.0-255,2902,143636,9,245038
29237,0.002029,172.31.36.0-255,66,143702,9,245038
29238,0.002036,74.125.24.0-255,2902,146604,9,245038
29239,0.002039,172.31.36.0-255,66,146670,9,245038
29240,0.00206,74.125.24.0-255,2902,149572,9,245038
29241,0.002069,172.31.36.0-255,66,149638,9,245038
29242,0.002075,74.125.24.0-255,2902,152540,9,245038
29243,0.002078,172.31.36.0-255,66,152606,9,245038
29244,0.002081,74.125.24.0-255,1484,154090,9,245038
29245,0.002129,172.31.36.0-255,66,154156,9,245038
29246,0.002139,172.31.36.0-255,66,154222,9,245038
29247,0.002167,74.125.24.0-255,2184,156406,9,245038
29248,0.002171,172.31.36.0-255,66,156472,9,245038
29249,0.002387,74.125.24.0-255,1484,157956,9,245038
29250,0.002404,74.125.24.0-255,2902,160858,9,245038
29251,0.002407,172.31.36.0-255,66,160924,9,245038
29252,0.002412,74.125.24.0-255,2902,163826,9,245038
29253,0.002414,172.31.36.0-255,66,163892,9,245038
29254,0.002433,74.125.24.0-255,2902,166794,9,245038
29255,0.002441,172.31.36.0-255,66,166860,9,245038
29256,0.002447,74.125.24.0-255,4320,171180,9,245038
29257,0.002449,172.31.36.0-255,66,171246,9,245038
29258,0.002492,172.31.36.0-255,66,171312,9,245038
29259,0.002504,172.31.36.0-255,66,171378,9,245038
29260,0.002521,172.31.36.0-255,66,171444,9,245038
29261,0.002605,74.125.24.0-255,5738,177182,9,245038
29262,0.002627,74.125.24.0-255,7156,184338,9,245038
29263,0.002662,74.125.24.0-255,5738,190076,9,245038
29264,0.002696,74.125.24.0-255,1484,191560,9,245038
29265,0.008081,172.31.36.0-255,66,191626,9,245038
29266,0.010702,74.125.24.0-255,5738,197364,9,245038
29267,0.01071,172.31.36.0-255,66,197430,9,245038
29268,0.013361,74.125.24.0-255,5738,203168,9,245038
29269,0.013373,172.31.36.0-255,66,203234,9,245038
29270,0.016013,74.125.24.0-255,5738,208972,9,245038
29271,0.016023,172.31.36.0-255,66,209038,9,245038
29272,0.018639,74.125.24.0-255,5738,214776,9,245038
29273,0.018647,172.31.36.0-255,66,214842,9,245038
29274,0.021251,74.125.24.0-255,5738,220580,9,245038
29275,0.021258,172.31.36.0-255,66,220646,9,245038
29276,0.02389,74.125.24.0-255,5738,226384,9,245038
29277,0.023901,172.31.36.0-255,66,226450,9,245038
29278,0.026517,74.125.24.0-255,5738,232188,9,245038
29279,0.026526,172.31.36.0-255,66,232254,9,245038
29280,0.029156,74.125.24.0-255,5738,237992,9,245038
29281,0.029166,172.31.36.0-255,66,238058,9,245038
29282,0.030023,172.31.36.0-255,167,238225,9,245038
29283,0.030064,172.31.36.0-255,1116,239341,9,245038
29284,0.0301,172.31.36.0-255,1514,240855,9,245038
29285,0.030102,172.31.36.0-255,1283,242138,9,245038
29286,0.031594,104.244.42.0-255,66,242204,9,245038
29287,0.031636,104.244.42.0-255,66,242270,9,245038
29288,0.031687,104.244.42.0-255,66,242336,9,245038
29289,0.031808,74.125.24.0-255,2465,244801,9,245038
29290,0.031813,172.31.36.0-255,66,244867,9,245038
29291,0.032005,172.31.36.0-255,105,244972,9,245038
29292,0.034587,74.125.24.0-255,66,245038,9,245038
29293,0.0,172.217.27.0-255,146,146,9,314936
29294,2.9e-05,172.31.36.0-255,66,212,9,314936
29295,3.5e-05,172.217.27.0-255,1484,1696,9,314936
29296,3.9e-05,172.31.36.0-255,66,1762,9,314936
29297,4.4e-05,172.217.27.0-255,2902,4664,9,314936
29298,5.4e-05,172.31.36.0-255,66,4730,9,314936
29299,8.2e-05,172.217.27.0-255,5738,10468,9,314936
29300,8.7e-05,172.31.36.0-255,66,10534,9,314936
29301,0.000227,172.31.36.0-255,66,10600,9,314936
29302,0.000255,172.217.27.0-255,584,11184,9,314936
29303,0.000259,172.31.36.0-255,66,11250,9,314936
29304,0.00051,172.217.27.0-255,6797,18047,9,314936
29305,0.000515,172.31.36.0-255,66,18113,9,314936
29306,0.000649,172.217.27.0-255,5738,23851,9,314936
29307,0.000655,172.31.36.0-255,66,23917,9,314936
29308,0.000684,172.217.27.0-255,1484,25401,9,314936
29309,0.000688,172.31.36.0-255,66,25467,9,314936
29310,0.000776,172.217.27.0-255,7156,32623,9,314936
29311,0.000781,172.31.36.0-255,66,32689,9,314936
29312,0.000812,172.31.36.0-255,66,32755,9,314936
29313,0.001125,172.31.36.0-255,66,32821,9,314936
29314,0.001317,172.217.27.0-255,114,32935,9,314936
29315,0.001321,172.31.36.0-255,66,33001,9,314936
29316,0.001356,172.31.36.0-255,66,33067,9,314936
29317,0.00161,172.217.27.0-255,4320,37387,9,314936
29318,0.001614,172.31.36.0-255,66,37453,9,314936
29319,0.001653,172.31.36.0-255,66,37519,9,314936
29320,0.002058,172.31.36.0-255,66,37585,9,314936
29321,0.002094,172.31.36.0-255,66,37651,9,314936
29322,0.002744,172.217.27.0-255,7156,44807,9,314936
29323,0.002748,172.31.36.0-255,66,44873,9,314936
29324,0.002793,172.31.36.0-255,66,44939,9,314936
29325,0.004415,172.217.27.0-255,5738,50677,9,314936
29326,0.004419,172.31.36.0-255,66,50743,9,314936
29327,0.006047,172.217.27.0-255,5738,56481,9,314936
29328,0.006053,172.31.36.0-255,66,56547,9,314936
29329,0.007676,172.217.27.0-255,5738,62285,9,314936
29330,0.007683,172.31.36.0-255,66,62351,9,314936
29331,0.00932,172.217.27.0-255,5738,68089,9,314936
29332,0.009328,172.31.36.0-255,66,68155,9,314936
29333,0.010962,172.217.27.0-255,5738,73893,9,314936
29334,0.010969,172.31.36.0-255,66,73959,9,314936
29335,0.0126,172.217.27.0-255,5738,79697,9,314936
29336,0.012608,172.31.36.0-255,66,79763,9,314936
29337,0.01424,172.217.27.0-255,5738,85501,9,314936
29338,0.014248,172.31.36.0-255,66,85567,9,314936
29339,0.015886,172.217.27.0-255,5738,91305,9,314936
29340,0.015894,172.31.36.0-255,66,91371,9,314936
29341,0.017519,172.217.27.0-255,5738,97109,9,314936
29342,0.017527,172.31.36.0-255,66,97175,9,314936
29343,0.019155,172.217.27.0-255,5738,102913,9,314936
29344,0.019162,172.31.36.0-255,66,102979,9,314936
29345,0.020798,172.217.27.0-255,5738,108717,9,314936
29346,0.020805,172.31.36.0-255,66,108783,9,314936
29347,0.022442,172.217.27.0-255,5738,114521,9,314936
29348,0.022448,172.31.36.0-255,66,114587,9,314936
29349,0.024078,172.217.27.0-255,5738,120325,9,314936
29350,0.024085,172.31.36.0-255,66,120391,9,314936
29351,0.02572,172.217.27.0-255,5738,126129,9,314936
29352,0.025728,172.31.36.0-255,66,126195,9,314936
29353,0.027402,172.217.27.0-255,5738,131933,9,314936
29354,0.027409,172.31.36.0-255,66,131999,9,314936
29355,0.02904,172.217.27.0-255,5738,137737,9,314936
29356,0.029047,172.31.36.0-255,66,137803,9,314936
29357,0.030683,172.217.27.0-255,5738,143541,9,314936
29358,0.030691,172.31.36.0-255,66,143607,9,314936
29359,0.031604,172.31.36.0-255,172,143779,9,314936
29360,0.031635,172.31.36.0-255,1115,144894,9,314936
29361,0.031703,172.31.36.0-255,1514,146408,9,314936
29362,0.031705,172.31.36.0-255,1514,147922,9,314936
29363,0.031706,172.31.36.0-255,1514,149436,9,314936
29364,0.031708,172.31.36.0-255,1514,150950,9,314936
29365,0.031735,172.31.36.0-255,1487,152437,9,314936
29366,0.03232,172.217.27.0-255,5738,158175,9,314936
29367,0.032326,172.31.36.0-255,66,158241,9,314936
29368,0.033167,104.244.42.0-255,66,158307,9,314936
29369,0.033231,104.244.42.0-255,66,158373,9,314936
29370,0.033246,104.244.42.0-255,66,158439,9,314936
29371,0.033299,104.244.42.0-255,66,158505,9,314936
29372,0.033955,172.217.27.0-255,5738,164243,9,314936
29373,0.033962,172.31.36.0-255,66,164309,9,314936
29374,0.035605,172.217.27.0-255,5738,170047,9,314936
29375,0.035613,172.31.36.0-255,66,170113,9,314936
29376,0.037259,172.217.27.0-255,5738,175851,9,314936
29377,0.037266,172.31.36.0-255,66,175917,9,314936
29378,0.038901,172.217.27.0-255,5738,181655,9,314936
29379,0.038908,172.31.36.0-255,66,181721,9,314936
29380,0.04055,172.217.27.0-255,5738,187459,9,314936
29381,0.040557,172.31.36.0-255,66,187525,9,314936
29382,0.042201,172.217.27.0-255,5738,193263,9,314936
29383,0.042207,172.31.36.0-255,66,193329,9,314936
29384,0.043867,172.217.27.0-255,5738,199067,9,314936
29385,0.043874,172.31.36.0-255,66,199133,9,314936
29386,0.045519,172.217.27.0-255,5738,204871,9,314936
29387,0.045525,172.31.36.0-255,66,204937,9,314936
29388,0.047188,172.217.27.0-255,5738,210675,9,314936
29389,0.047194,172.31.36.0-255,66,210741,9,314936
29390,0.048819,172.217.27.0-255,5738,216479,9,314936
29391,0.048825,172.31.36.0-255,66,216545,9,314936
29392,0.050447,172.217.27.0-255,5738,222283,9,314936
29393,0.050453,172.31.36.0-255,66,222349,9,314936
29394,0.052089,172.217.27.0-255,5738,228087,9,314936
29395,0.052095,172.31.36.0-255,66,228153,9,314936
29396,0.053724,172.217.27.0-255,5738,233891,9,314936
29397,0.053731,172.31.36.0-255,66,233957,9,314936
29398,0.055359,172.217.27.0-255,5738,239695,9,314936
29399,0.055365,172.31.36.0-255,66,239761,9,314936
29400,0.056985,172.217.27.0-255,5738,245499,9,314936
29401,0.056992,172.31.36.0-255,66,245565,9,314936
29402,0.05862,172.217.27.0-255,4320,249885,9,314936
29403,0.058626,172.31.36.0-255,66,249951,9,314936
29404,0.058654,172.217.27.0-255,1484,251435,9,314936
29405,0.06026,172.217.27.0-255,4320,255755,9,314936
29406,0.060268,172.31.36.0-255,66,255821,9,314936
29407,0.061906,172.217.27.0-255,5738,261559,9,314936
29408,0.061912,172.31.36.0-255,66,261625,9,314936
29409,0.063547,172.217.27.0-255,5738,267363,9,314936
29410,0.063553,172.31.36.0-255,66,267429,9,314936
29411,0.065177,172.217.27.0-255,5738,273167,9,314936
29412,0.065183,172.31.36.0-255,66,273233,9,314936
29413,0.066809,172.217.27.0-255,4320,277553,9,314936
29414,0.066815,172.31.36.0-255,66,277619,9,314936
29415,0.066846,172.217.27.0-255,1484,279103,9,314936
29416,0.068446,172.217.27.0-255,4320,283423,9,314936
29417,0.068451,172.31.36.0-255,66,283489,9,314936
29418,0.070086,172.217.27.0-255,5738,289227,9,314936
29419,0.070093,172.31.36.0-255,66,289293,9,314936
29420,0.071738,172.217.27.0-255,5738,295031,9,314936
29421,0.071745,172.31.36.0-255,66,295097,9,314936
29422,0.07338,172.217.27.0-255,5738,300835,9,314936
29423,0.073387,172.31.36.0-255,66,300901,9,314936
29424,0.07503,172.217.27.0-255,5738,306639,9,314936
29425,0.075037,172.31.36.0-255,66,306705,9,314936
29426,0.076683,172.217.27.0-255,4320,311025,9,314936
29427,0.076689,172.31.36.0-255,66,311091,9,314936
29428,0.07672,172.217.27.0-255,1484,312575,9,314936
29429,0.078332,172.217.27.0-255,2124,314699,9,314936
29430,0.078338,172.31.36.0-255,66,314765,9,314936
29431,0.078528,172.31.36.0-255,105,314870,9,314936
29432,0.080136,172.217.27.0-255,66,314936,9,314936
29433,0.0,172.217.194.0-255,153,153,9,366418
29434,2.4e-05,172.31.36.0-255,66,219,9,366418
29435,3.2e-05,172.217.194.0-255,1484,1703,9,366418
29436,3.7e-05,172.31.36.0-255,66,1769,9,366418
29437,4.3e-05,172.217.194.0-255,2902,4671,9,366418
29438,4.6e-05,172.31.36.0-255,66,4737,9,366418
29439,5.2e-05,172.217.194.0-255,4320,9057,9,366418
29440,5.4e-05,172.31.36.0-255,66,9123,9,366418
29441,7.8e-05,172.217.194.0-255,2902,12025,9,366418
29442,8.1e-05,172.31.36.0-255,66,12091,9,366418
29443,8.6e-05,172.217.194.0-255,2048,14139,9,366418
29444,8.8e-05,172.31.36.0-255,66,14205,9,366418
29445,0.000202,172.217.194.0-255,1484,15689,9,366418
29446,0.000206,172.31.36.0-255,66,15755,9,366418
29447,0.000212,172.217.194.0-255,2902,18657,9,366418
29448,0.000214,172.31.36.0-255,66,18723,9,366418
29449,0.00023,172.217.194.0-255,2902,21625,9,366418
29450,0.000232,172.31.36.0-255,66,21691,9,366418
29451,0.000239,172.217.194.0-255,4320,26011,9,366418
29452,0.000241,172.31.36.0-255,66,26077,9,366418
29453,0.000275,172.31.36.0-255,66,26143,9,366418
29454,0.000283,172.217.194.0-255,7156,33299,9,366418
29455,0.000285,172.31.36.0-255,66,33365,9,366418
29456,0.000324,172.217.194.0-255,1484,34849,9,366418
29457,0.000327,172.31.36.0-255,66,34915,9,366418
29458,0.000345,172.217.194.0-255,3961,38876,9,366418
29459,0.000348,172.31.36.0-255,66,38942,9,366418
29460,0.000384,172.217.194.0-255,5738,44680,9,366418
29461,0.000387,172.31.36.0-255,66,44746,9,366418
29462,0.000394,172.217.194.0-255,7156,51902,9,366418
29463,0.000396,172.31.36.0-255,66,51968,9,366418
29464,0.000435,172.217.194.0-255,4572,56540,9,366418
29465,0.000473,172.31.36.0-255,66,56606,9,366418
29466,0.000878,172.217.194.0-255,1484,58090,9,366418
29467,0.000893,172.217.194.0-255,2902,60992,9,366418
29468,0.000897,172.31.36.0-255,66,61058,9,366418
29469,0.000917,172.217.194.0-255,5738,66796,9,366418
29470,0.000932,172.31.36.0-255,66,66862,9,366418
29471,0.000948,172.217.194.0-255,7156,74018,9,366418
29472,0.000965,172.31.36.0-255,66,74084,9,366418
29473,0.000971,172.217.194.0-255,3961,78045,9,366418
29474,0.000986,172.31.36.0-255,66,78111,9,366418
29475,0.000995,172.217.194.0-255,1125,79236,9,366418
29476,0.001347,172.31.36.0-255,66,79302,9,366418
29477,0.001925,172.217.194.0-255,1484,80786,9,366418
29478,0.001936,172.217.194.0-255,2902,83688,9,366418
29479,0.001943,172.217.194.0-255,5738,89426,9,366418
29480,0.00196,172.217.194.0-255,2902,92328,9,366418
29481,0.002025,172.217.194.0-255,5738,98066,9,366418
29482,0.002044,172.217.194.0-255,4320,102386,9,366418
29483,0.002061,172.217.194.0-255,5738,108124,9,366418
29484,0.002074,172.217.194.0-255,5738,113862,9,366418
29485,0.002077,172.217.194.0-255,1484,115346,9,366418
29486,0.002129,172.217.194.0-255,4320,119666,9,366418
29487,0.002142,172.217.194.0-255,2184,121850,9,366418
29488,0.002302,172.217.194.0-255,1484,123334,9,366418
29489,0.002317,172.217.194.0-255,1484,124818,9,366418
29490,0.002329,172.217.194.0-255,1484,126302,9,366418
29491,0.002335,172.217.194.0-255,5738,132040,9,366418
29492,0.00684,172.31.36.0-255,66,132106,9,366418
29493,0.009149,172.217.194.0-255,5738,137844,9,366418
29494,0.009157,172.31.36.0-255,66,137910,9,366418
29495,0.011478,172.217.194.0-255,5738,143648,9,366418
29496,0.011485,172.31.36.0-255,66,143714,9,366418
29497,0.013845,172.217.194.0-255,5738,149452,9,366418
29498,0.014865,172.31.36.0-255,66,149518,9,366418
29499,0.017201,172.217.194.0-255,5738,155256,9,366418
29500,0.017211,172.31.36.0-255,66,155322,9,366418
29501,0.01952,172.217.194.0-255,5738,161060,9,366418
29502,0.019529,172.31.36.0-255,66,161126,9,366418
29503,0.021848,172.217.194.0-255,5738,166864,9,366418
29504,0.021857,172.31.36.0-255,66,166930,9,366418
29505,0.024195,172.217.194.0-255,5738,172668,9,366418
29506,0.024207,172.31.36.0-255,66,172734,9,366418
29507,0.026551,172.217.194.0-255,5738,178472,9,366418
29508,0.026563,172.31.36.0-255,66,178538,9,366418
29509,0.028869,172.217.194.0-255,5738,184276,9,366418
29510,0.02888,172.31.36.0-255,66,184342,9,366418
29511,0.031217,172.217.194.0-255,5738,190080,9,366418
29512,0.031226,172.31.36.0-255,66,190146,9,366418
29513,0.033525,172.217.194.0-255,5738,195884,9,366418
29514,0.033534,172.31.36.0-255,66,195950,9,366418
29515,0.035847,172.217.194.0-255,5738,201688,9,366418
29516,0.035857,172.31.36.0-255,66,201754,9,366418
29517,0.036428,172.31.36.0-255,175,201929,9,366418
29518,0.036457,172.31.36.0-255,1139,203068,9,366418
29519,0.036531,172.31.36.0-255,1514,204582,9,366418
29520,0.036533,172.31.36.0-255,1514,206096,9,366418
29521,0.036534,172.31.36.0-255,1514,207610,9,366418
29522,0.03654,172.31.36.0-255,1514,209124,9,366418
29523,0.036541,172.31.36.0-255,322,209446,9,366418
29524,0.037984,104.244.42.0-255,66,209512,9,366418
29525,0.038033,104.244.42.0-255,66,209578,9,366418
29526,0.038106,104.244.42.0-255,66,209644,9,366418
29527,0.038111,104.244.42.0-255,66,209710,9,366418
29528,0.03817,172.217.194.0-255,5738,215448,9,366418
29529,0.038175,172.31.36.0-255,66,215514,9,366418
29530,0.040511,172.217.194.0-255,5738,221252,9,366418
29531,0.040523,172.31.36.0-255,66,221318,9,366418
29532,0.042854,172.217.194.0-255,5738,227056,9,366418
29533,0.042861,172.31.36.0-255,66,227122,9,366418
29534,0.045196,172.217.194.0-255,5738,232860,9,366418
29535,0.045203,172.31.36.0-255,66,232926,9,366418
29536,0.047509,172.217.194.0-255,5738,238664,9,366418
29537,0.047516,172.31.36.0-255,66,238730,9,366418
29538,0.049837,172.217.194.0-255,5738,244468,9,366418
29539,0.049845,172.31.36.0-255,66,244534,9,366418
29540,0.052153,172.217.194.0-255,5738,250272,9,366418
29541,0.052164,172.31.36.0-255,66,250338,9,366418
29542,0.054464,172.217.194.0-255,5738,256076,9,366418
29543,0.05447,172.31.36.0-255,66,256142,9,366418
29544,0.05682,172.217.194.0-255,5738,261880,9,366418
29545,0.056831,172.31.36.0-255,66,261946,9,366418
29546,0.059166,172.217.194.0-255,5738,267684,9,366418
29547,0.059173,172.31.36.0-255,66,267750,9,366418
29548,0.061498,172.217.194.0-255,5738,273488,9,366418
29549,0.061505,172.31.36.0-255,66,273554,9,366418
29550,0.06382,172.217.194.0-255,5738,279292,9,366418
29551,0.063828,172.31.36.0-255,66,279358,9,366418
29552,0.066163,172.217.194.0-255,5738,285096,9,366418
29553,0.066172,172.31.36.0-255,66,285162,9,366418
29554,0.068497,172.217.194.0-255,5738,290900,9,366418
29555,0.068504,172.31.36.0-255,66,290966,9,366418
29556,0.070811,172.217.194.0-255,5738,296704,9,366418
29557,0.070818,172.31.36.0-255,66,296770,9,366418
29558,0.073172,172.217.194.0-255,5738,302508,9,366418
29559,0.073186,172.31.36.0-255,66,302574,9,366418
29560,0.075515,172.217.194.0-255,5738,308312,9,366418
29561,0.075522,172.31.36.0-255,66,308378,9,366418
29562,0.077833,172.217.194.0-255,5738,314116,9,366418
29563,0.077839,172.31.36.0-255,66,314182,9,366418
29564,0.080143,172.217.194.0-255,5738,319920,9,366418
29565,0.080151,172.31.36.0-255,66,319986,9,366418
29566,0.082465,172.217.194.0-255,5738,325724,9,366418
29567,0.082472,172.31.36.0-255,66,325790,9,366418
29568,0.084786,172.217.194.0-255,5738,331528,9,366418
29569,0.084795,172.31.36.0-255,66,331594,9,366418
29570,0.087101,172.217.194.0-255,5738,337332,9,366418
29571,0.087108,172.31.36.0-255,66,337398,9,366418
29572,0.089436,172.217.194.0-255,5738,343136,9,366418
29573,0.089446,172.31.36.0-255,66,343202,9,366418
29574,0.091761,172.217.194.0-255,5738,348940,9,366418
29575,0.091768,172.31.36.0-255,66,349006,9,366418
29576,0.094118,172.217.194.0-255,5738,354744,9,366418
29577,0.094125,172.31.36.0-255,66,354810,9,366418
29578,0.096456,172.217.194.0-255,5738,360548,9,366418
29579,0.096462,172.31.36.0-255,66,360614,9,366418
29580,0.09878,172.217.194.0-255,5738,366352,9,366418
29581,0.098787,172.31.36.0-255,66,366418,9,366418
29582,0.0,172.31.36.0-255,105,105,9,276
29583,0.001788,157.240.13.0-255,105,210,9,276
29584,0.001803,172.31.36.0-255,66,276,9,276
29585,0.0,74.125.24.0-255,153,153,9,360940
29586,9.1e-05,172.31.36.0-255,66,219,9,360940
29587,9.8e-05,74.125.24.0-255,1484,1703,9,360940
29588,0.000102,172.31.36.0-255,66,1769,9,360940
29589,0.000107,74.125.24.0-255,2902,4671,9,360940
29590,0.00011,172.31.36.0-255,66,4737,9,360940
29591,0.000116,74.125.24.0-255,7156,11893,9,360940
29592,0.000117,172.31.36.0-255,66,11959,9,360940
29593,0.000123,74.125.24.0-255,3485,15444,9,360940
29594,0.000125,172.31.36.0-255,66,15510,9,360940
29595,0.000138,172.31.36.0-255,66,15576,9,360940
29596,0.000141,74.125.24.0-255,2543,18119,9,360940
29597,0.000144,172.31.36.0-255,66,18185,9,360940
29598,0.00017,74.125.24.0-255,1484,19669,9,360940
29599,0.000172,172.31.36.0-255,66,19735,9,360940
29600,0.000177,74.125.24.0-255,2902,22637,9,360940
29601,0.000179,172.31.36.0-255,66,22703,9,360940
29602,0.000196,74.125.24.0-255,4320,27023,9,360940
29603,0.000199,172.31.36.0-255,66,27089,9,360940
29604,0.000221,74.125.24.0-255,1484,28573,9,360940
29605,0.000223,172.31.36.0-255,66,28639,9,360940
29606,0.000226,74.125.24.0-255,1484,30123,9,360940
29607,0.000228,172.31.36.0-255,66,30189,9,360940
29608,0.000261,172.31.36.0-255,66,30255,9,360940
29609,0.000272,172.31.36.0-255,66,30321,9,360940
29610,0.000312,74.125.24.0-255,3961,34282,9,360940
29611,0.000315,172.31.36.0-255,66,34348,9,360940
29612,0.000513,74.125.24.0-255,645,34993,9,360940
29613,0.00052,172.31.36.0-255,66,35059,9,360940
29614,0.001042,74.125.24.0-255,1484,36543,9,360940
29615,0.001054,74.125.24.0-255,2902,39445,9,360940
29616,0.001058,172.31.36.0-255,66,39511,9,360940
29617,0.001064,74.125.24.0-255,2902,42413,9,360940
29618,0.001082,74.125.24.0-255,2902,45315,9,360940
29619,0.001086,74.125.24.0-255,1484,46799,9,360940
29620,0.001174,74.125.24.0-255,4320,51119,9,360940
29621,0.001369,74.125.24.0-255,1484,52603,9,360940
29622,0.001375,74.125.24.0-255,1484,54087,9,360940
29623,0.001389,74.125.24.0-255,1484,55571,9,360940
29624,0.001395,74.125.24.0-255,5738,61309,9,360940
29625,0.00142,74.125.24.0-255,5738,67047,9,360940
29626,0.001436,74.125.24.0-255,7156,74203,9,360940
29627,0.001475,74.125.24.0-255,2184,76387,9,360940
29628,0.00185,74.125.24.0-255,1484,77871,9,360940
29629,0.001864,74.125.24.0-255,2902,80773,9,360940
29630,0.00188,74.125.24.0-255,2902,83675,9,360940
29631,0.001893,74.125.24.0-255,2902,86577,9,360940
29632,0.001907,74.125.24.0-255,4320,90897,9,360940
29633,0.001925,74.125.24.0-255,7156,98053,9,360940
29634,0.001929,74.125.24.0-255,2902,100955,9,360940
29635,0.006424,172.31.36.0-255,66,101021,9,360940
29636,0.008503,74.125.24.0-255,5738,106759,9,360940
29637,0.00851,172.31.36.0-255,66,106825,9,360940
29638,0.01073,74.125.24.0-255,5738,112563,9,360940
29639,0.011753,172.31.36.0-255,66,112629,9,360940
29640,0.013824,74.125.24.0-255,5738,118367,9,360940
29641,0.013834,172.31.36.0-255,66,118433,9,360940
29642,0.015899,74.125.24.0-255,5738,124171,9,360940
29643,0.015909,172.31.36.0-255,66,124237,9,360940
29644,0.018001,74.125.24.0-255,4320,128557,9,360940
29645,0.018008,172.31.36.0-255,66,128623,9,360940
29646,0.018029,74.125.24.0-255,1484,130107,9,360940
29647,0.020062,74.125.24.0-255,4320,134427,9,360940
29648,0.02007,172.31.36.0-255,66,134493,9,360940
29649,0.022136,74.125.24.0-255,5738,140231,9,360940
29650,0.02219,172.31.36.0-255,66,140297,9,360940
29651,0.024268,74.125.24.0-255,5738,146035,9,360940
29652,0.024274,172.31.36.0-255,66,146101,9,360940
29653,0.026327,74.125.24.0-255,5738,151839,9,360940
29654,0.026335,172.31.36.0-255,66,151905,9,360940
29655,0.028423,74.125.24.0-255,5738,157643,9,360940
29656,0.02843,172.31.36.0-255,66,157709,9,360940
29657,0.030482,74.125.24.0-255,5738,163447,9,360940
29658,0.030489,172.31.36.0-255,66,163513,9,360940
29659,0.031678,172.31.36.0-255,172,163685,9,360940
29660,0.03171,172.31.36.0-255,1116,164801,9,360940
29661,0.031972,172.31.36.0-255,1514,166315,9,360940
29662,0.031974,172.31.36.0-255,1514,167829,9,360940
29663,0.031976,172.31.36.0-255,1514,169343,9,360940
29664,0.031981,172.31.36.0-255,1514,170857,9,360940
29665,0.031982,172.31.36.0-255,1485,172342,9,360940
29666,0.032584,74.125.24.0-255,5738,178080,9,360940
29667,0.032591,172.31.36.0-255,66,178146,9,360940
29668,0.033233,104.244.42.0-255,66,178212,9,360940
29669,0.033294,104.244.42.0-255,66,178278,9,360940
29670,0.033589,104.244.42.0-255,66,178344,9,360940
29671,0.034632,74.125.24.0-255,5738,184082,9,360940
29672,0.034637,172.31.36.0-255,66,184148,9,360940
29673,0.036733,74.125.24.0-255,5738,189886,9,360940
29674,0.03674,172.31.36.0-255,66,189952,9,360940
29675,0.03884,74.125.24.0-255,5738,195690,9,360940
29676,0.038846,172.31.36.0-255,66,195756,9,360940
29677,0.04091,74.125.24.0-255,5738,201494,9,360940
29678,0.040917,172.31.36.0-255,66,201560,9,360940
29679,0.042983,74.125.24.0-255,5738,207298,9,360940
29680,0.042988,172.31.36.0-255,66,207364,9,360940
29681,0.045044,74.125.24.0-255,5738,213102,9,360940
29682,0.045048,172.31.36.0-255,66,213168,9,360940
29683,0.047178,74.125.24.0-255,5738,218906,9,360940
29684,0.047187,172.31.36.0-255,66,218972,9,360940
29685,0.049244,74.125.24.0-255,5738,224710,9,360940
29686,0.049251,172.31.36.0-255,66,224776,9,360940
29687,0.051313,74.125.24.0-255,5738,230514,9,360940
29688,0.051319,172.31.36.0-255,66,230580,9,360940
29689,0.053381,74.125.24.0-255,5738,236318,9,360940
29690,0.053386,172.31.36.0-255,66,236384,9,360940
29691,0.05544,74.125.24.0-255,5738,242122,9,360940
29692,0.055445,172.31.36.0-255,66,242188,9,360940
29693,0.057511,74.125.24.0-255,4320,246508,9,360940
29694,0.057517,172.31.36.0-255,66,246574,9,360940
29695,0.057545,74.125.24.0-255,1484,248058,9,360940
29696,0.05958,74.125.24.0-255,4320,252378,9,360940
29697,0.059603,172.31.36.0-255,66,252444,9,360940
29698,0.06166,74.125.24.0-255,5738,258182,9,360940
29699,0.061714,172.31.36.0-255,66,258248,9,360940
29700,0.063783,74.125.24.0-255,4320,262568,9,360940
29701,0.063789,172.31.36.0-255,66,262634,9,360940
29702,0.063822,74.125.24.0-255,1484,264118,9,360940
29703,0.065845,74.125.24.0-255,4320,268438,9,360940
29704,0.06585,172.31.36.0-255,66,268504,9,360940
29705,0.067906,74.125.24.0-255,4320,272824,9,360940
29706,0.067912,172.31.36.0-255,66,272890,9,360940
29707,0.067943,74.125.24.0-255,1484,274374,9,360940
29708,0.069964,74.125.24.0-255,4320,278694,9,360940
29709,0.069969,172.31.36.0-255,66,278760,9,360940
29710,0.072018,74.125.24.0-255,5738,284498,9,360940
29711,0.072065,172.31.36.0-255,66,284564,9,360940
29712,0.074142,74.125.24.0-255,5738,290302,9,360940
29713,0.074149,172.31.36.0-255,66,290368,9,360940
29714,0.076212,74.125.24.0-255,5738,296106,9,360940
29715,0.076217,172.31.36.0-255,66,296172,9,360940
29716,0.078267,74.125.24.0-255,5738,301910,9,360940
29717,0.078272,172.31.36.0-255,66,301976,9,360940
29718,0.080325,74.125.24.0-255,5738,307714,9,360940
29719,0.08033,172.31.36.0-255,66,307780,9,360940
29720,0.082373,74.125.24.0-255,5738,313518,9,360940
29721,0.082378,172.31.36.0-255,66,313584,9,360940
29722,0.084444,74.125.24.0-255,5738,319322,9,360940
29723,0.08445,172.31.36.0-255,66,319388,9,360940
29724,0.086523,74.125.24.0-255,2902,322290,9,360940
29725,0.086528,172.31.36.0-255,66,322356,9,360940
29726,0.086562,74.125.24.0-255,2902,325258,9,360940
29727,0.086585,172.31.36.0-255,66,325324,9,360940
29728,0.088577,74.125.24.0-255,2902,328226,9,360940
29729,0.088582,172.31.36.0-255,66,328292,9,360940
29730,0.088662,74.125.24.0-255,2902,331194,9,360940
29731,0.088676,172.31.36.0-255,66,331260,9,360940
29732,0.090667,74.125.24.0-255,2902,334162,9,360940
29733,0.090672,172.31.36.0-255,66,334228,9,360940
29734,0.090732,74.125.24.0-255,2902,337130,9,360940
29735,0.090766,172.31.36.0-255,66,337196,9,360940
29736,0.092746,74.125.24.0-255,2902,340098,9,360940
29737,0.092751,172.31.36.0-255,66,340164,9,360940
29738,0.09282,74.125.24.0-255,2902,343066,9,360940
29739,0.092827,172.31.36.0-255,66,343132,9,360940
29740,0.09481,74.125.24.0-255,2902,346034,9,360940
29741,0.094815,172.31.36.0-255,66,346100,9,360940
29742,0.094885,74.125.24.0-255,2902,349002,9,360940
29743,0.094896,172.31.36.0-255,66,349068,9,360940
29744,0.096861,74.125.24.0-255,2902,351970,9,360940
29745,0.096867,172.31.36.0-255,66,352036,9,360940
29746,0.096973,74.125.24.0-255,2902,354938,9,360940
29747,0.096978,172.31.36.0-255,66,355004,9,360940
29748,0.098902,74.125.24.0-255,2902,357906,9,360940
29749,0.098907,172.31.36.0-255,66,357972,9,360940
29750,0.099037,74.125.24.0-255,2902,360874,9,360940
29751,0.099041,172.31.36.0-255,66,360940,9,360940
29752,0.0,74.125.24.0-255,153,153,9,311960
29753,2.4e-05,172.31.36.0-255,66,219,9,311960
29754,3.1e-05,74.125.24.0-255,1484,1703,9,311960
29755,3.5e-05,172.31.36.0-255,66,1769,9,311960
29756,4.1e-05,74.125.24.0-255,2902,4671,9,311960
29757,4.4e-05,172.31.36.0-255,66,4737,9,311960
29758,5.2e-05,74.125.24.0-255,7156,11893,9,311960
29759,5.5e-05,172.31.36.0-255,66,11959,9,311960
29760,0.000109,172.31.36.0-255,66,12025,9,311960
29761,0.000121,172.31.36.0-255,66,12091,9,311960
29762,0.000244,74.125.24.0-255,1484,13575,9,311960
29763,0.000249,172.31.36.0-255,66,13641,9,311960
29764,0.000254,74.125.24.0-255,2902,16543,9,311960
29765,0.000256,172.31.36.0-255,66,16609,9,311960
29766,0.00028,74.125.24.0-255,5738,22347,9,311960
29767,0.000283,172.31.36.0-255,66,22413,9,311960
29768,0.000306,74.125.24.0-255,1484,23897,9,311960
29769,0.000309,172.31.36.0-255,66,23963,9,311960
29770,0.000339,172.31.36.0-255,66,24029,9,311960
29771,0.000347,74.125.24.0-255,5738,29767,9,311960
29772,0.000349,172.31.36.0-255,66,29833,9,311960
29773,0.000382,74.125.24.0-255,6797,36630,9,311960
29774,0.000385,172.31.36.0-255,66,36696,9,311960
29775,0.000422,74.125.24.0-255,357,37053,9,311960
29776,0.000425,172.31.36.0-255,66,37119,9,311960
29777,0.000557,74.125.24.0-255,1484,38603,9,311960
29778,0.000561,172.31.36.0-255,66,38669,9,311960
29779,0.000566,74.125.24.0-255,2902,41571,9,311960
29780,0.000568,172.31.36.0-255,66,41637,9,311960
29781,0.000571,74.125.24.0-255,1484,43121,9,311960
29782,0.000594,74.125.24.0-255,2902,46023,9,311960
29783,0.0006,172.31.36.0-255,66,46089,9,311960
29784,0.00074,172.31.36.0-255,66,46155,9,311960
29785,0.00088,74.125.24.0-255,1484,47639,9,311960
29786,0.000896,74.125.24.0-255,2902,50541,9,311960
29787,0.000905,172.31.36.0-255,66,50607,9,311960
29788,0.000912,74.125.24.0-255,5738,56345,9,311960
29789,0.000921,172.31.36.0-255,66,56411,9,311960
29790,0.000951,74.125.24.0-255,5738,62149,9,311960
29791,0.000957,172.31.36.0-255,66,62215,9,311960
29792,0.000978,74.125.24.0-255,5738,67953,9,311960
29793,0.000997,172.31.36.0-255,66,68019,9,311960
29794,0.001735,74.125.24.0-255,1484,69503,9,311960
29795,0.001745,74.125.24.0-255,2902,72405,9,311960
29796,0.00175,172.31.36.0-255,66,72471,9,311960
29797,0.001759,74.125.24.0-255,5738,78209,9,311960
29798,0.001762,172.31.36.0-255,66,78275,9,311960
29799,0.001768,74.125.24.0-255,5738,84013,9,311960
29800,0.00177,172.31.36.0-255,66,84079,9,311960
29801,0.00179,74.125.24.0-255,7156,91235,9,311960
29802,0.001792,172.31.36.0-255,66,91301,9,311960
29803,0.001817,74.125.24.0-255,5738,97039,9,311960
29804,0.00182,172.31.36.0-255,66,97105,9,311960
29805,0.001827,74.125.24.0-255,5020,102125,9,311960
29806,0.001829,172.31.36.0-255,66,102191,9,311960
29807,0.001927,74.125.24.0-255,1484,103675,9,311960
29808,0.001933,74.125.24.0-255,2902,106577,9,311960
29809,0.001936,172.31.36.0-255,66,106643,9,311960
29810,0.001952,74.125.24.0-255,5738,112381,9,311960
29811,0.002027,74.125.24.0-255,4320,116701,9,311960
29812,0.002072,74.125.24.0-255,4320,121021,9,311960
29813,0.002172,74.125.24.0-255,766,121787,9,311960
29814,0.002233,74.125.24.0-255,1484,123271,9,311960
29815,0.002241,74.125.24.0-255,2902,126173,9,311960
29816,0.002255,74.125.24.0-255,1484,127657,9,311960
29817,0.002269,74.125.24.0-255,4320,131977,9,311960
29818,0.002301,74.125.24.0-255,1484,133461,9,311960
29819,0.002335,74.125.24.0-255,5020,138481,9,311960
29820,0.006734,172.31.36.0-255,66,138547,9,311960
29821,0.009035,74.125.24.0-255,5738,144285,9,311960
29822,0.009044,172.31.36.0-255,66,144351,9,311960
29823,0.011364,74.125.24.0-255,5738,150089,9,311960
29824,0.011373,172.31.36.0-255,66,150155,9,311960
29825,0.013686,74.125.24.0-255,1484,151639,9,311960
29826,0.013728,74.125.24.0-255,4320,155959,9,311960
29827,0.013735,172.31.36.0-255,66,156025,9,311960
29828,0.016044,74.125.24.0-255,5738,161763,9,311960
29829,0.016051,172.31.36.0-255,66,161829,9,311960
29830,0.018307,74.125.24.0-255,5738,167567,9,311960
29831,0.018314,172.31.36.0-255,66,167633,9,311960
29832,0.020664,74.125.24.0-255,5738,173371,9,311960
29833,0.020676,172.31.36.0-255,66,173437,9,311960
29834,0.022983,74.125.24.0-255,5738,179175,9,311960
29835,0.022993,172.31.36.0-255,66,179241,9,311960
29836,0.025299,74.125.24.0-255,5738,184979,9,311960
29837,0.025307,172.31.36.0-255,66,185045,9,311960
29838,0.02761,74.125.24.0-255,5738,190783,9,311960
29839,0.027618,172.31.36.0-255,66,190849,9,311960
29840,0.029905,74.125.24.0-255,5738,196587,9,311960
29841,0.029914,172.31.36.0-255,66,196653,9,311960
29842,0.032216,74.125.24.0-255,5738,202391,9,311960
29843,0.032224,172.31.36.0-255,66,202457,9,311960
29844,0.034549,74.125.24.0-255,5738,208195,9,311960
29845,0.034558,172.31.36.0-255,66,208261,9,311960
29846,0.036844,74.125.24.0-255,5738,213999,9,311960
29847,0.036854,172.31.36.0-255,66,214065,9,311960
29848,0.039136,74.125.24.0-255,5738,219803,9,311960
29849,0.039145,172.31.36.0-255,66,219869,9,311960
29850,0.041443,74.125.24.0-255,5738,225607,9,311960
29851,0.041453,172.31.36.0-255,66,225673,9,311960
29852,0.043724,74.125.24.0-255,5738,231411,9,311960
29853,0.043734,172.31.36.0-255,66,231477,9,311960
29854,0.046016,74.125.24.0-255,5738,237215,9,311960
29855,0.046025,172.31.36.0-255,66,237281,9,311960
29856,0.048365,74.125.24.0-255,5738,243019,9,311960
29857,0.048374,172.31.36.0-255,66,243085,9,311960
29858,0.050659,74.125.24.0-255,5738,248823,9,311960
29859,0.050668,172.31.36.0-255,66,248889,9,311960
29860,0.050843,172.31.36.0-255,226,249115,9,311960
29861,0.050872,172.31.36.0-255,1116,250231,9,311960
29862,0.050942,172.31.36.0-255,1514,251745,9,311960
29863,0.050944,172.31.36.0-255,1514,253259,9,311960
29864,0.050949,172.31.36.0-255,1514,254773,9,311960
29865,0.050949,172.31.36.0-255,106,254879,9,311960
29866,0.052379,104.244.42.0-255,66,254945,9,311960
29867,0.052439,104.244.42.0-255,66,255011,9,311960
29868,0.052542,104.244.42.0-255,66,255077,9,311960
29869,0.052546,104.244.42.0-255,66,255143,9,311960
29870,0.052991,74.125.24.0-255,5738,260881,9,311960
29871,0.052998,172.31.36.0-255,66,260947,9,311960
29872,0.055317,74.125.24.0-255,5738,266685,9,311960
29873,0.055324,172.31.36.0-255,66,266751,9,311960
29874,0.057654,74.125.24.0-255,5738,272489,9,311960
29875,0.057661,172.31.36.0-255,66,272555,9,311960
29876,0.059954,74.125.24.0-255,5738,278293,9,311960
29877,0.059962,172.31.36.0-255,66,278359,9,311960
29878,0.062285,74.125.24.0-255,5738,284097,9,311960
29879,0.062292,172.31.36.0-255,66,284163,9,311960
29880,0.064572,74.125.24.0-255,5738,289901,9,311960
29881,0.06458,172.31.36.0-255,66,289967,9,311960
29882,0.066865,74.125.24.0-255,5738,295705,9,311960
29883,0.066872,172.31.36.0-255,66,295771,9,311960
29884,0.069231,74.125.24.0-255,5738,301509,9,311960
29885,0.069238,172.31.36.0-255,66,301575,9,311960
29886,0.071579,74.125.24.0-255,5738,307313,9,311960
29887,0.071587,172.31.36.0-255,66,307379,9,311960
29888,0.073915,74.125.24.0-255,4344,311723,9,311960
29889,0.073922,172.31.36.0-255,66,311789,9,311960
29890,0.074096,172.31.36.0-255,105,311894,9,311960
29891,0.076342,74.125.24.0-255,66,311960,9,311960
29892,0.0,74.125.24.0-255,150,150,9,301422
29893,2.7e-05,172.31.36.0-255,66,216,9,301422
29894,3.6e-05,74.125.24.0-255,1484,1700,9,301422
29895,4.1e-05,172.31.36.0-255,66,1766,9,301422
29896,4.6e-05,74.125.24.0-255,2902,4668,9,301422
29897,4.8e-05,172.31.36.0-255,66,4734,9,301422
29898,5.4e-05,74.125.24.0-255,7156,11890,9,301422
29899,5.7e-05,172.31.36.0-255,66,11956,9,301422
29900,6.1e-05,74.125.24.0-255,2067,14023,9,301422
29901,6.5e-05,172.31.36.0-255,66,14089,9,301422
29902,9.1e-05,74.125.24.0-255,2902,16991,9,301422
29903,9.4e-05,172.31.36.0-255,66,17057,9,301422
29904,9.7e-05,74.125.24.0-255,1484,18541,9,301422
29905,9.9e-05,172.31.36.0-255,66,18607,9,301422
29906,0.000115,74.125.24.0-255,4320,22927,9,301422
29907,0.000119,172.31.36.0-255,66,22993,9,301422
29908,0.000134,74.125.24.0-255,1484,24477,9,301422
29909,0.000137,172.31.36.0-255,66,24543,9,301422
29910,0.000162,74.125.24.0-255,4320,28863,9,301422
29911,0.000165,172.31.36.0-255,66,28929,9,301422
29912,0.000186,74.125.24.0-255,2543,31472,9,301422
29913,0.000189,172.31.36.0-255,66,31538,9,301422
29914,0.00023,74.125.24.0-255,1484,33022,9,301422
29915,0.000233,172.31.36.0-255,66,33088,9,301422
29916,0.000255,74.125.24.0-255,1484,34572,9,301422
29917,0.000257,172.31.36.0-255,66,34638,9,301422
29918,0.00028,74.125.24.0-255,1484,36122,9,301422
29919,0.000284,172.31.36.0-255,66,36188,9,301422
29920,0.000289,74.125.24.0-255,5738,41926,9,301422
29921,0.000292,172.31.36.0-255,66,41992,9,301422
29922,0.000322,172.31.36.0-255,66,42058,9,301422
29923,0.000344,74.125.24.0-255,3961,46019,9,301422
29924,0.000347,172.31.36.0-255,66,46085,9,301422
29925,0.000354,74.125.24.0-255,5738,51823,9,301422
29926,0.000357,172.31.36.0-255,66,51889,9,301422
29927,0.00038,74.125.24.0-255,3961,55850,9,301422
29928,0.000383,172.31.36.0-255,66,55916,9,301422
29929,0.000437,74.125.24.0-255,413,56329,9,301422
29930,0.000614,74.125.24.0-255,1484,57813,9,301422
29931,0.000617,172.31.36.0-255,66,57879,9,301422
29932,0.000623,74.125.24.0-255,2902,60781,9,301422
29933,0.000625,74.125.24.0-255,1484,62265,9,301422
29934,0.000641,74.125.24.0-255,4320,66585,9,301422
29935,0.000644,172.31.36.0-255,66,66651,9,301422
29936,0.00065,172.31.36.0-255,66,66717,9,301422
29937,0.000656,74.125.24.0-255,4320,71037,9,301422
29938,0.000658,172.31.36.0-255,66,71103,9,301422
29939,0.000686,172.31.36.0-255,66,71169,9,301422
29940,0.000699,172.31.36.0-255,66,71235,9,301422
29941,0.000874,74.125.24.0-255,1484,72719,9,301422
29942,0.000892,74.125.24.0-255,2902,75621,9,301422
29943,0.000897,172.31.36.0-255,66,75687,9,301422
29944,0.000904,74.125.24.0-255,5738,81425,9,301422
29945,0.000907,172.31.36.0-255,66,81491,9,301422
29946,0.000947,172.31.36.0-255,66,81557,9,301422
29947,0.000959,172.31.36.0-255,66,81623,9,301422
29948,0.000962,74.125.24.0-255,766,82389,9,301422
29949,0.001365,172.31.36.0-255,66,82455,9,301422
29950,0.001658,74.125.24.0-255,1484,83939,9,301422
29951,0.001669,74.125.24.0-255,2902,86841,9,301422
29952,0.001673,172.31.36.0-255,66,86907,9,301422
29953,0.001681,74.125.24.0-255,5738,92645,9,301422
29954,0.001683,172.31.36.0-255,66,92711,9,301422
29955,0.001714,172.31.36.0-255,66,92777,9,301422
29956,0.001726,74.125.24.0-255,1484,94261,9,301422
29957,0.001755,74.125.24.0-255,7156,101417,9,301422
29958,0.001759,172.31.36.0-255,66,101483,9,301422
29959,0.001785,74.125.24.0-255,3602,105085,9,301422
29960,0.001788,172.31.36.0-255,66,105151,9,301422
29961,0.001801,172.31.36.0-255,66,105217,9,301422
29962,0.001812,172.31.36.0-255,66,105283,9,301422
29963,0.001847,172.31.36.0-255,66,105349,9,301422
29964,0.001851,74.125.24.0-255,2184,107533,9,301422
29965,0.001853,172.31.36.0-255,66,107599,9,301422
29966,0.001899,74.125.24.0-255,2902,110501,9,301422
29967,0.001903,172.31.36.0-255,66,110567,9,301422
29968,0.001908,74.125.24.0-255,1484,112051,9,301422
29969,0.001915,74.125.24.0-255,5738,117789,9,301422
29970,0.001918,172.31.36.0-255,66,117855,9,301422
29971,0.001972,74.125.24.0-255,5738,123593,9,301422
29972,0.001977,172.31.36.0-255,66,123659,9,301422
29973,0.002001,74.125.24.0-255,7156,130815,9,301422
29974,0.002004,172.31.36.0-255,66,130881,9,301422
29975,0.002015,172.31.36.0-255,66,130947,9,301422
29976,0.002021,74.125.24.0-255,5020,135967,9,301422
29977,0.002023,172.31.36.0-255,66,136033,9,301422
29978,0.002028,74.125.24.0-255,5738,141771,9,301422
29979,0.00203,172.31.36.0-255,66,141837,9,301422
29980,0.002048,172.31.36.0-255,66,141903,9,301422
29981,0.002081,74.125.24.0-255,2902,144805,9,301422
29982,0.002084,172.31.36.0-255,66,144871,9,301422
29983,0.002096,172.31.36.0-255,66,144937,9,301422
29984,0.004134,74.125.24.0-255,5738,150675,9,301422
29985,0.004141,172.31.36.0-255,66,150741,9,301422
29986,0.006193,74.125.24.0-255,4320,155061,9,301422
29987,0.006197,172.31.36.0-255,66,155127,9,301422
29988,0.006214,74.125.24.0-255,1484,156611,9,301422
29989,0.008229,74.125.24.0-255,4320,160931,9,301422
29990,0.008236,172.31.36.0-255,66,160997,9,301422
29991,0.010263,74.125.24.0-255,5738,166735,9,301422
29992,0.01027,172.31.36.0-255,66,166801,9,301422
29993,0.012298,74.125.24.0-255,5738,172539,9,301422
29994,0.012305,172.31.36.0-255,66,172605,9,301422
29995,0.014374,74.125.24.0-255,5738,178343,9,301422
29996,0.014384,172.31.36.0-255,66,178409,9,301422
29997,0.016423,74.125.24.0-255,5738,184147,9,301422
29998,0.016431,172.31.36.0-255,66,184213,9,301422
29999,0.018488,74.125.24.0-255,5738,189951,9,301422
30000,0.018495,172.31.36.0-255,66,190017,9,301422
30001,0.020528,74.125.24.0-255,5738,195755,9,301422
30002,0.020535,172.31.36.0-255,66,195821,9,301422
30003,0.022584,74.125.24.0-255,5738,201559,9,301422
30004,0.022591,172.31.36.0-255,66,201625,9,301422
30005,0.024624,74.125.24.0-255,5738,207363,9,301422
30006,0.024632,172.31.36.0-255,66,207429,9,301422
30007,0.026668,74.125.24.0-255,5738,213167,9,301422
30008,0.026674,172.31.36.0-255,66,213233,9,301422
30009,0.027627,172.31.36.0-255,199,213432,9,301422
30010,0.027657,172.31.36.0-255,1116,214548,9,301422
30011,0.027705,172.31.36.0-255,1514,216062,9,301422
30012,0.027707,172.31.36.0-255,1285,217347,9,301422
30013,0.028689,74.125.24.0-255,5738,223085,9,301422
30014,0.028695,172.31.36.0-255,66,223151,9,301422
30015,0.029141,104.244.42.0-255,66,223217,9,301422
30016,0.029183,104.244.42.0-255,66,223283,9,301422
30017,0.029277,104.244.42.0-255,66,223349,9,301422
30018,0.030746,74.125.24.0-255,5738,229087,9,301422
30019,0.030751,172.31.36.0-255,66,229153,9,301422
30020,0.032806,74.125.24.0-255,5738,234891,9,301422
30021,0.032811,172.31.36.0-255,66,234957,9,301422
30022,0.034873,74.125.24.0-255,5738,240695,9,301422
30023,0.034879,172.31.36.0-255,66,240761,9,301422
30024,0.036942,74.125.24.0-255,5738,246499,9,301422
30025,0.036947,172.31.36.0-255,66,246565,9,301422
30026,0.038983,74.125.24.0-255,5738,252303,9,301422
30027,0.038989,172.31.36.0-255,66,252369,9,301422
30028,0.041032,74.125.24.0-255,5738,258107,9,301422
30029,0.041037,172.31.36.0-255,66,258173,9,301422
30030,0.043067,74.125.24.0-255,5738,263911,9,301422
30031,0.043087,172.31.36.0-255,66,263977,9,301422
30032,0.045094,74.125.24.0-255,5738,269715,9,301422
30033,0.045099,172.31.36.0-255,66,269781,9,301422
30034,0.047111,74.125.24.0-255,4320,274101,9,301422
30035,0.047116,172.31.36.0-255,66,274167,9,301422
30036,0.047178,74.125.24.0-255,1484,275651,9,301422
30037,0.049135,74.125.24.0-255,4320,279971,9,301422
30038,0.049141,172.31.36.0-255,66,280037,9,301422
30039,0.05119,74.125.24.0-255,5738,285775,9,301422
30040,0.051195,172.31.36.0-255,66,285841,9,301422
30041,0.053253,74.125.24.0-255,5738,291579,9,301422
30042,0.053258,172.31.36.0-255,66,291645,9,301422
30043,0.055301,74.125.24.0-255,4320,295965,9,301422
30044,0.055307,172.31.36.0-255,66,296031,9,301422
30045,0.055338,74.125.24.0-255,1484,297515,9,301422
30046,0.057383,74.125.24.0-255,3670,301185,9,301422
30047,0.057388,172.31.36.0-255,66,301251,9,301422
30048,0.057564,172.31.36.0-255,105,301356,9,301422
30049,0.059594,74.125.24.0-255,66,301422,9,301422
30050,0.0,172.253.118.0-255,150,150,9,347168
30051,2.5e-05,172.31.36.0-255,66,216,9,347168
30052,3.3e-05,172.253.118.0-255,1484,1700,9,347168
30053,3.7e-05,172.31.36.0-255,66,1766,9,347168
30054,4.4e-05,172.253.118.0-255,2902,4668,9,347168
30055,4.8e-05,172.31.36.0-255,66,4734,9,347168
30056,5.4e-05,172.253.118.0-255,4320,9054,9,347168
30057,5.6e-05,172.31.36.0-255,66,9120,9,347168
30058,6.2e-05,172.253.118.0-255,4902,14022,9,347168
30059,6.5e-05,172.31.36.0-255,66,14088,9,347168
30060,0.000106,172.253.118.0-255,1484,15572,9,347168
30061,0.000109,172.31.36.0-255,66,15638,9,347168
30062,0.000115,172.253.118.0-255,2902,18540,9,347168
30063,0.000117,172.31.36.0-255,66,18606,9,347168
30064,0.000125,172.253.118.0-255,5738,24344,9,347168
30065,0.000127,172.31.36.0-255,66,24410,9,347168
30066,0.000157,172.253.118.0-255,6797,31207,9,347168
30067,0.00016,172.31.36.0-255,66,31273,9,347168
30068,0.000274,172.253.118.0-255,1484,32757,9,347168
30069,0.000279,172.31.36.0-255,66,32823,9,347168
30070,0.000285,172.253.118.0-255,2902,35725,9,347168
30071,0.000287,172.31.36.0-255,66,35791,9,347168
30072,0.000293,172.253.118.0-255,5738,41529,9,347168
30073,0.000296,172.31.36.0-255,66,41595,9,347168
30074,0.000326,172.253.118.0-255,6797,48392,9,347168
30075,0.000329,172.31.36.0-255,66,48458,9,347168
30076,0.000334,172.253.118.0-255,4320,52778,9,347168
30077,0.000336,172.31.36.0-255,66,52844,9,347168
30078,0.000359,172.31.36.0-255,66,52910,9,347168
30079,0.000362,172.253.118.0-255,1484,54394,9,347168
30080,0.000364,172.31.36.0-255,66,54460,9,347168
30081,0.000395,172.253.118.0-255,1438,55898,9,347168
30082,0.000479,172.253.118.0-255,109,56007,9,347168
30083,0.000641,172.253.118.0-255,1484,57491,9,347168
30084,0.000647,172.31.36.0-255,66,57557,9,347168
30085,0.000654,172.253.118.0-255,2902,60459,9,347168
30086,0.000657,172.31.36.0-255,66,60525,9,347168
30087,0.000662,172.253.118.0-255,4320,64845,9,347168
30088,0.000664,172.31.36.0-255,66,64911,9,347168
30089,0.000684,172.253.118.0-255,1484,66395,9,347168
30090,0.00069,172.253.118.0-255,2902,69297,9,347168
30091,0.000693,172.31.36.0-255,66,69363,9,347168
30092,0.000732,172.31.36.0-255,66,69429,9,347168
30093,0.000739,172.253.118.0-255,7156,76585,9,347168
30094,0.00074,172.31.36.0-255,66,76651,9,347168
30095,0.000768,172.253.118.0-255,2543,79194,9,347168
30096,0.000771,172.31.36.0-255,66,79260,9,347168
30097,0.001071,172.253.118.0-255,1484,80744,9,347168
30098,0.001078,172.253.118.0-255,2902,83646,9,347168
30099,0.001082,172.31.36.0-255,66,83712,9,347168
30100,0.001089,172.253.118.0-255,5738,89450,9,347168
30101,0.001092,172.31.36.0-255,66,89516,9,347168
30102,0.001121,172.253.118.0-255,7156,96672,9,347168
30103,0.001125,172.31.36.0-255,66,96738,9,347168
30104,0.001129,172.253.118.0-255,2902,99640,9,347168
30105,0.001131,172.31.36.0-255,66,99706,9,347168
30106,0.001154,172.253.118.0-255,5738,105444,9,347168
30107,0.001157,172.31.36.0-255,66,105510,9,347168
30108,0.001163,172.253.118.0-255,4320,109830,9,347168
30109,0.001166,172.31.36.0-255,66,109896,9,347168
30110,0.001188,172.253.118.0-255,3602,113498,9,347168
30111,0.001192,172.31.36.0-255,66,113564,9,347168
30112,0.00121,172.253.118.0-255,1484,115048,9,347168
30113,0.001215,172.253.118.0-255,2902,117950,9,347168
30114,0.001218,172.31.36.0-255,66,118016,9,347168
30115,0.001242,172.253.118.0-255,5738,123754,9,347168
30116,0.001246,172.31.36.0-255,66,123820,9,347168
30117,0.001253,172.253.118.0-255,4320,128140,9,347168
30118,0.001255,172.31.36.0-255,66,128206,9,347168
30119,0.001278,172.31.36.0-255,66,128272,9,347168
30120,0.001285,172.253.118.0-255,7156,135428,9,347168
30121,0.001288,172.31.36.0-255,66,135494,9,347168
30122,0.001314,172.253.118.0-255,3602,139096,9,347168
30123,0.001317,172.31.36.0-255,66,139162,9,347168
30124,0.001509,172.253.118.0-255,1484,140646,9,347168
30125,0.001514,172.253.118.0-255,2902,143548,9,347168
30126,0.001517,172.31.36.0-255,66,143614,9,347168
30127,0.001539,172.253.118.0-255,5738,149352,9,347168
30128,0.001543,172.31.36.0-255,66,149418,9,347168
30129,0.00156,172.253.118.0-255,4320,153738,9,347168
30130,0.001562,172.31.36.0-255,66,153804,9,347168
30131,0.001601,172.31.36.0-255,66,153870,9,347168
30132,0.001612,172.31.36.0-255,66,153936,9,347168
30133,0.001616,172.253.118.0-255,2184,156120,9,347168
30134,0.001617,172.31.36.0-255,66,156186,9,347168
30135,0.001642,172.253.118.0-255,2902,159088,9,347168
30136,0.001645,172.31.36.0-255,66,159154,9,347168
30137,0.001668,172.253.118.0-255,7156,166310,9,347168
30138,0.001671,172.31.36.0-255,66,166376,9,347168
30139,0.001676,172.253.118.0-255,4320,170696,9,347168
30140,0.001678,172.31.36.0-255,66,170762,9,347168
30141,0.001693,172.253.118.0-255,1484,172246,9,347168
30142,0.001718,172.31.36.0-255,66,172312,9,347168
30143,0.001738,172.253.118.0-255,6438,178750,9,347168
30144,0.001742,172.31.36.0-255,66,178816,9,347168
30145,0.001793,172.253.118.0-255,1484,180300,9,347168
30146,0.001799,172.253.118.0-255,2902,183202,9,347168
30147,0.001801,172.31.36.0-255,66,183268,9,347168
30148,0.001808,172.253.118.0-255,5738,189006,9,347168
30149,0.001811,172.31.36.0-255,66,189072,9,347168
30150,0.001896,172.31.36.0-255,66,189138,9,347168
30151,0.001899,172.31.36.0-255,66,189204,9,347168
30152,0.001902,172.253.118.0-255,766,189970,9,347168
30153,0.00197,172.253.118.0-255,1484,191454,9,347168
30154,0.001974,172.31.36.0-255,66,191520,9,347168
30155,0.001979,172.253.118.0-255,2902,194422,9,347168
30156,0.001981,172.31.36.0-255,66,194488,9,347168
30157,0.002008,172.253.118.0-255,5738,200226,9,347168
30158,0.002012,172.31.36.0-255,66,200292,9,347168
30159,0.002028,172.253.118.0-255,7156,207448,9,347168
30160,0.00203,172.31.36.0-255,66,207514,9,347168
30161,0.002059,172.253.118.0-255,5738,213252,9,347168
30162,0.002061,172.31.36.0-255,66,213318,9,347168
30163,0.002069,172.253.118.0-255,7156,220474,9,347168
30164,0.002071,172.31.36.0-255,66,220540,9,347168
30165,0.002074,172.253.118.0-255,1484,222024,9,347168
30166,0.004075,172.253.118.0-255,4320,226344,9,347168
30167,0.00408,172.31.36.0-255,66,226410,9,347168
30168,0.006103,172.253.118.0-255,5738,232148,9,347168
30169,0.006109,172.31.36.0-255,66,232214,9,347168
30170,0.008144,172.253.118.0-255,5738,237952,9,347168
30171,0.008151,172.31.36.0-255,66,238018,9,347168
30172,0.010169,172.253.118.0-255,5738,243756,9,347168
30173,0.010175,172.31.36.0-255,66,243822,9,347168
30174,0.012185,172.253.118.0-255,5738,249560,9,347168
30175,0.012194,172.31.36.0-255,66,249626,9,347168
30176,0.014218,172.253.118.0-255,5738,255364,9,347168
30177,0.014227,172.31.36.0-255,66,255430,9,347168
30178,0.016232,172.253.118.0-255,5738,261168,9,347168
30179,0.016238,172.31.36.0-255,66,261234,9,347168
30180,0.018254,172.253.118.0-255,5738,266972,9,347168
30181,0.018261,172.31.36.0-255,66,267038,9,347168
30182,0.020278,172.253.118.0-255,5738,272776,9,347168
30183,0.020285,172.31.36.0-255,66,272842,9,347168
30184,0.022315,172.253.118.0-255,5738,278580,9,347168
30185,0.022322,172.31.36.0-255,66,278646,9,347168
30186,0.024325,172.253.118.0-255,5738,284384,9,347168
30187,0.024332,172.31.36.0-255,66,284450,9,347168
30188,0.026353,172.253.118.0-255,5738,290188,9,347168
30189,0.026361,172.31.36.0-255,66,290254,9,347168
30190,0.028389,172.253.118.0-255,5738,295992,9,347168
30191,0.028396,172.31.36.0-255,66,296058,9,347168
30192,0.030425,172.253.118.0-255,5738,301796,9,347168
30193,0.030433,172.31.36.0-255,66,301862,9,347168
30194,0.032451,172.253.118.0-255,5738,307600,9,347168
30195,0.032458,172.31.36.0-255,66,307666,9,347168
30196,0.034485,172.253.118.0-255,5738,313404,9,347168
30197,0.034492,172.31.36.0-255,66,313470,9,347168
30198,0.036506,172.253.118.0-255,5738,319208,9,347168
30199,0.036513,172.31.36.0-255,66,319274,9,347168
30200,0.038527,172.253.118.0-255,5738,325012,9,347168
30201,0.038533,172.31.36.0-255,66,325078,9,347168
30202,0.040562,172.253.118.0-255,5738,330816,9,347168
30203,0.040569,172.31.36.0-255,66,330882,9,347168
30204,0.042593,172.253.118.0-255,5738,336620,9,347168
30205,0.042604,172.31.36.0-255,66,336686,9,347168
30206,0.043567,172.31.36.0-255,172,336858,9,347168
30207,0.043619,172.31.36.0-255,1116,337974,9,347168
30208,0.043702,172.31.36.0-255,1514,339488,9,347168
30209,0.043704,172.31.36.0-255,1514,341002,9,347168
30210,0.043705,172.31.36.0-255,1514,342516,9,347168
30211,0.043706,172.31.36.0-255,609,343125,9,347168
30212,0.044615,172.253.118.0-255,3368,346493,9,347168
30213,0.044622,172.31.36.0-255,66,346559,9,347168
30214,0.044825,172.31.36.0-255,105,346664,9,347168
30215,0.045059,104.244.42.0-255,66,346730,9,347168
30216,0.045113,104.244.42.0-255,66,346796,9,347168
30217,0.045214,104.244.42.0-255,66,346862,9,347168
30218,0.045219,104.244.42.0-255,66,346928,9,347168
30219,0.046,104.244.42.0-255,108,347036,9,347168
30220,0.046007,172.31.36.0-255,66,347102,9,347168
30221,0.04679,172.253.118.0-255,66,347168,9,347168
30222,0.0,74.125.24.0-255,153,153,9,333781
30223,3.3e-05,172.31.36.0-255,66,219,9,333781
30224,4e-05,74.125.24.0-255,1484,1703,9,333781
30225,4.4e-05,172.31.36.0-255,66,1769,9,333781
30226,4.9e-05,74.125.24.0-255,2902,4671,9,333781
30227,5.2e-05,172.31.36.0-255,66,4737,9,333781
30228,5.8e-05,74.125.24.0-255,7156,11893,9,333781
30229,6.1e-05,172.31.36.0-255,66,11959,9,333781
30230,6.7e-05,74.125.24.0-255,4911,16870,9,333781
30231,7e-05,172.31.36.0-255,66,16936,9,333781
30232,0.00013,172.31.36.0-255,66,17002,9,333781
30233,0.000256,74.125.24.0-255,1484,18486,9,333781
30234,0.00026,172.31.36.0-255,66,18552,9,333781
30235,0.000266,74.125.24.0-255,2902,21454,9,333781
30236,0.000268,172.31.36.0-255,66,21520,9,333781
30237,0.000287,74.125.24.0-255,1484,23004,9,333781
30238,0.00029,172.31.36.0-255,66,23070,9,333781
30239,0.000312,74.125.24.0-255,4320,27390,9,333781
30240,0.000316,172.31.36.0-255,66,27456,9,333781
30241,0.000336,74.125.24.0-255,5738,33194,9,333781
30242,0.000338,172.31.36.0-255,66,33260,9,333781
30243,0.00037,74.125.24.0-255,4320,37580,9,333781
30244,0.000374,172.31.36.0-255,66,37646,9,333781
30245,0.000388,74.125.24.0-255,1125,38771,9,333781
30246,0.000392,172.31.36.0-255,66,38837,9,333781
30247,0.000399,74.125.24.0-255,5738,44575,9,333781
30248,0.000402,172.31.36.0-255,66,44641,9,333781
30249,0.000421,74.125.24.0-255,6797,51438,9,333781
30250,0.000424,172.31.36.0-255,66,51504,9,333781
30251,0.000462,74.125.24.0-255,645,52149,9,333781
30252,0.000465,172.31.36.0-255,66,52215,9,333781
30253,0.000827,74.125.24.0-255,1484,53699,9,333781
30254,0.000834,74.125.24.0-255,1484,55183,9,333781
30255,0.000837,172.31.36.0-255,66,55249,9,333781
30256,0.000859,74.125.24.0-255,1484,56733,9,333781
30257,0.000866,74.125.24.0-255,5738,62471,9,333781
30258,0.000869,172.31.36.0-255,66,62537,9,333781
30259,0.000876,74.125.24.0-255,5738,68275,9,333781
30260,0.000878,172.31.36.0-255,66,68341,9,333781
30261,0.000918,172.31.36.0-255,66,68407,9,333781
30262,0.000924,74.125.24.0-255,5020,73427,9,333781
30263,0.000926,172.31.36.0-255,66,73493,9,333781
30264,0.001496,74.125.24.0-255,1484,74977,9,333781
30265,0.001507,74.125.24.0-255,2902,77879,9,333781
30266,0.001512,172.31.36.0-255,66,77945,9,333781
30267,0.001519,74.125.24.0-255,4320,82265,9,333781
30268,0.001521,172.31.36.0-255,66,82331,9,333781
30269,0.001536,74.125.24.0-255,1484,83815,9,333781
30270,0.00154,74.125.24.0-255,2902,86717,9,333781
30271,0.001542,172.31.36.0-255,66,86783,9,333781
30272,0.001569,74.125.24.0-255,2902,89685,9,333781
30273,0.001572,172.31.36.0-255,66,89751,9,333781
30274,0.001585,172.31.36.0-255,66,89817,9,333781
30275,0.001591,74.125.24.0-255,5020,94837,9,333781
30276,0.001593,172.31.36.0-255,66,94903,9,333781
30277,0.002388,74.125.24.0-255,1484,96387,9,333781
30278,0.002395,74.125.24.0-255,2902,99289,9,333781
30279,0.0024,172.31.36.0-255,66,99355,9,333781
30280,0.002406,74.125.24.0-255,4320,103675,9,333781
30281,0.002408,172.31.36.0-255,66,103741,9,333781
30282,0.002421,74.125.24.0-255,1484,105225,9,333781
30283,0.00245,74.125.24.0-255,4320,109545,9,333781
30284,0.002452,172.31.36.0-255,66,109611,9,333781
30285,0.002477,74.125.24.0-255,7156,116767,9,333781
30286,0.002479,172.31.36.0-255,66,116833,9,333781
30287,0.002503,172.31.36.0-255,66,116899,9,333781
30288,0.00252,74.125.24.0-255,3602,120501,9,333781
30289,0.002522,172.31.36.0-255,66,120567,9,333781
30290,0.005092,74.125.24.0-255,5738,126305,9,333781
30291,0.005097,172.31.36.0-255,66,126371,9,333781
30292,0.007702,74.125.24.0-255,5738,132109,9,333781
30293,0.00771,172.31.36.0-255,66,132175,9,333781
30294,0.010433,74.125.24.0-255,5738,137913,9,333781
30295,0.010494,172.31.36.0-255,66,137979,9,333781
30296,0.013082,74.125.24.0-255,5738,143717,9,333781
30297,0.013092,172.31.36.0-255,66,143783,9,333781
30298,0.015661,74.125.24.0-255,5738,149521,9,333781
30299,0.015671,172.31.36.0-255,66,149587,9,333781
30300,0.018287,74.125.24.0-255,5738,155325,9,333781
30301,0.018298,172.31.36.0-255,66,155391,9,333781
30302,0.020849,74.125.24.0-255,5738,161129,9,333781
30303,0.020858,172.31.36.0-255,66,161195,9,333781
30304,0.023455,74.125.24.0-255,5738,166933,9,333781
30305,0.023463,172.31.36.0-255,66,166999,9,333781
30306,0.026006,74.125.24.0-255,5738,172737,9,333781
30307,0.026014,172.31.36.0-255,66,172803,9,333781
30308,0.028587,74.125.24.0-255,5738,178541,9,333781
30309,0.028598,172.31.36.0-255,66,178607,9,333781
30310,0.031183,74.125.24.0-255,4320,182927,9,333781
30311,0.031194,172.31.36.0-255,66,182993,9,333781
30312,0.031215,74.125.24.0-255,1484,184477,9,333781
30313,0.032731,172.31.36.0-255,172,184649,9,333781
30314,0.032766,172.31.36.0-255,1117,185766,9,333781
30315,0.032808,172.31.36.0-255,1514,187280,9,333781
30316,0.03281,172.31.36.0-255,1514,188794,9,333781
30317,0.032815,172.31.36.0-255,1514,190308,9,333781
30318,0.032816,172.31.36.0-255,1514,191822,9,333781
30319,0.032834,172.31.36.0-255,1499,193321,9,333781
30320,0.033745,74.125.24.0-255,2902,196223,9,333781
30321,0.033752,172.31.36.0-255,66,196289,9,333781
30322,0.034315,104.244.42.0-255,66,196355,9,333781
30323,0.034485,104.244.42.0-255,66,196421,9,333781
30324,0.034487,104.244.42.0-255,66,196487,9,333781
30325,0.035464,104.244.42.0-255,108,196595,9,333781
30326,0.035484,172.31.36.0-255,66,196661,9,333781
30327,0.036268,74.125.24.0-255,5738,202399,9,333781
30328,0.036272,172.31.36.0-255,66,202465,9,333781
30329,0.038827,74.125.24.0-255,4320,206785,9,333781
30330,0.038833,172.31.36.0-255,66,206851,9,333781
30331,0.038855,74.125.24.0-255,1484,208335,9,333781
30332,0.0414,74.125.24.0-255,4320,212655,9,333781
30333,0.041406,172.31.36.0-255,66,212721,9,333781
30334,0.043975,74.125.24.0-255,5738,218459,9,333781
30335,0.043982,172.31.36.0-255,66,218525,9,333781
30336,0.046511,74.125.24.0-255,5738,224263,9,333781
30337,0.046517,172.31.36.0-255,66,224329,9,333781
30338,0.049106,74.125.24.0-255,5738,230067,9,333781
30339,0.049111,172.31.36.0-255,66,230133,9,333781
30340,0.051639,74.125.24.0-255,5738,235871,9,333781
30341,0.051644,172.31.36.0-255,66,235937,9,333781
30342,0.054213,74.125.24.0-255,5738,241675,9,333781
30343,0.054219,172.31.36.0-255,66,241741,9,333781
30344,0.056759,74.125.24.0-255,4320,246061,9,333781
30345,0.056765,172.31.36.0-255,66,246127,9,333781
30346,0.056791,74.125.24.0-255,1484,247611,9,333781
30347,0.059317,74.125.24.0-255,4320,251931,9,333781
30348,0.059323,172.31.36.0-255,66,251997,9,333781
30349,0.061869,74.125.24.0-255,4320,256317,9,333781
30350,0.061875,172.31.36.0-255,66,256383,9,333781
30351,0.061907,74.125.24.0-255,1484,257867,9,333781
30352,0.064423,74.125.24.0-255,2902,260769,9,333781
30353,0.064429,172.31.36.0-255,66,260835,9,333781
30354,0.064456,74.125.24.0-255,1484,262319,9,333781
30355,0.066971,74.125.24.0-255,4320,266639,9,333781
30356,0.066976,172.31.36.0-255,66,266705,9,333781
30357,0.069545,74.125.24.0-255,4320,271025,9,333781
30358,0.06955,172.31.36.0-255,66,271091,9,333781
30359,0.06958,74.125.24.0-255,1484,272575,9,333781
30360,0.072088,74.125.24.0-255,4320,276895,9,333781
30361,0.072093,172.31.36.0-255,66,276961,9,333781
30362,0.074654,74.125.24.0-255,5738,282699,9,333781
30363,0.074659,172.31.36.0-255,66,282765,9,333781
30364,0.077208,74.125.24.0-255,5738,288503,9,333781
30365,0.077214,172.31.36.0-255,66,288569,9,333781
30366,0.079789,74.125.24.0-255,5738,294307,9,333781
30367,0.079795,172.31.36.0-255,66,294373,9,333781
30368,0.082332,74.125.24.0-255,4320,298693,9,333781
30369,0.082338,172.31.36.0-255,66,298759,9,333781
30370,0.082372,74.125.24.0-255,1484,300243,9,333781
30371,0.084918,74.125.24.0-255,4320,304563,9,333781
30372,0.084923,172.31.36.0-255,66,304629,9,333781
30373,0.087475,74.125.24.0-255,5738,310367,9,333781
30374,0.087481,172.31.36.0-255,66,310433,9,333781
30375,0.090029,74.125.24.0-255,2902,313335,9,333781
30376,0.090034,172.31.36.0-255,66,313401,9,333781
30377,0.090068,74.125.24.0-255,2902,316303,9,333781
30378,0.090072,172.31.36.0-255,66,316369,9,333781
30379,0.092598,74.125.24.0-255,5738,322107,9,333781
30380,0.092603,172.31.36.0-255,66,322173,9,333781
30381,0.095147,74.125.24.0-255,5738,327911,9,333781
30382,0.095153,172.31.36.0-255,66,327977,9,333781
30383,0.097704,74.125.24.0-255,5738,333715,9,333781
30384,0.097711,172.31.36.0-255,66,333781,9,333781
30385,0.0,74.125.24.0-255,146,146,9,337779
30386,1.7e-05,172.31.36.0-255,66,212,9,337779
30387,2.3e-05,74.125.24.0-255,1484,1696,9,337779
30388,2.7e-05,172.31.36.0-255,66,1762,9,337779
30389,5.7e-05,74.125.24.0-255,2902,4664,9,337779
30390,6e-05,172.31.36.0-255,66,4730,9,337779
30391,6.5e-05,74.125.24.0-255,2902,7632,9,337779
30392,6.8e-05,172.31.36.0-255,66,7698,9,337779
30393,9.4e-05,74.125.24.0-255,2902,10600,9,337779
30394,9.7e-05,172.31.36.0-255,66,10666,9,337779
30395,0.000102,74.125.24.0-255,3474,14140,9,337779
30396,0.000104,172.31.36.0-255,66,14206,9,337779
30397,0.000293,74.125.24.0-255,1484,15690,9,337779
30398,0.000298,172.31.36.0-255,66,15756,9,337779
30399,0.000305,74.125.24.0-255,2902,18658,9,337779
30400,0.000308,172.31.36.0-255,66,18724,9,337779
30401,0.000327,74.125.24.0-255,4320,23044,9,337779
30402,0.00033,172.31.36.0-255,66,23110,9,337779
30403,0.000345,74.125.24.0-255,1484,24594,9,337779
30404,0.000348,172.31.36.0-255,66,24660,9,337779
30405,0.000356,74.125.24.0-255,6797,31457,9,337779
30406,0.000359,172.31.36.0-255,66,31523,9,337779
30407,0.000392,74.125.24.0-255,7156,38679,9,337779
30408,0.000395,172.31.36.0-255,66,38745,9,337779
30409,0.000401,74.125.24.0-255,4320,43065,9,337779
30410,0.000403,172.31.36.0-255,66,43131,9,337779
30411,0.00044,74.125.24.0-255,2902,46033,9,337779
30412,0.000443,172.31.36.0-255,66,46099,9,337779
30413,0.000477,172.31.36.0-255,66,46165,9,337779
30414,0.000484,74.125.24.0-255,5738,51903,9,337779
30415,0.000486,172.31.36.0-255,66,51969,9,337779
30416,0.000518,74.125.24.0-255,3602,55571,9,337779
30417,0.000521,172.31.36.0-255,66,55637,9,337779
30418,0.000538,74.125.24.0-255,444,56081,9,337779
30419,0.00054,172.31.36.0-255,66,56147,9,337779
30420,0.000614,74.125.24.0-255,331,56478,9,337779
30421,0.000618,172.31.36.0-255,66,56544,9,337779
30422,0.000916,74.125.24.0-255,1484,58028,9,337779
30423,0.000921,172.31.36.0-255,66,58094,9,337779
30424,0.000927,74.125.24.0-255,2902,60996,9,337779
30425,0.000929,172.31.36.0-255,66,61062,9,337779
30426,0.000948,74.125.24.0-255,5738,66800,9,337779
30427,0.000951,172.31.36.0-255,66,66866,9,337779
30428,0.000972,74.125.24.0-255,1484,68350,9,337779
30429,0.000975,172.31.36.0-255,66,68416,9,337779
30430,0.001015,172.31.36.0-255,66,68482,9,337779
30431,0.00105,172.31.36.0-255,66,68548,9,337779
30432,0.00126,74.125.24.0-255,1484,70032,9,337779
30433,0.001266,74.125.24.0-255,2902,72934,9,337779
30434,0.001269,172.31.36.0-255,66,73000,9,337779
30435,0.001323,74.125.24.0-255,5738,78738,9,337779
30436,0.001332,74.125.24.0-255,5738,84476,9,337779
30437,0.001338,172.31.36.0-255,66,84542,9,337779
30438,0.001361,74.125.24.0-255,7156,91698,9,337779
30439,0.001397,74.125.24.0-255,2184,93882,9,337779
30440,0.001404,172.31.36.0-255,66,93948,9,337779
30441,0.001414,74.125.24.0-255,2902,96850,9,337779
30442,0.001429,74.125.24.0-255,4320,101170,9,337779
30443,0.001441,172.31.36.0-255,66,101236,9,337779
30444,0.001451,74.125.24.0-255,2902,104138,9,337779
30445,0.001454,74.125.24.0-255,2902,107040,9,337779
30446,0.00146,172.31.36.0-255,66,107106,9,337779
30447,0.001473,74.125.24.0-255,7156,114262,9,337779
30448,0.001489,74.125.24.0-255,2902,117164,9,337779
30449,0.001512,172.31.36.0-255,66,117230,9,337779
30450,0.001518,74.125.24.0-255,5020,122250,9,337779
30451,0.001528,172.31.36.0-255,66,122316,9,337779
30452,0.00157,172.31.36.0-255,66,122382,9,337779
30453,0.001606,172.31.36.0-255,66,122448,9,337779
30454,0.001615,74.125.24.0-255,2184,124632,9,337779
30455,0.001617,74.125.24.0-255,1484,126116,9,337779
30456,0.001628,74.125.24.0-255,1484,127600,9,337779
30457,0.001631,172.31.36.0-255,66,127666,9,337779
30458,0.001643,74.125.24.0-255,7156,134822,9,337779
30459,0.001664,172.31.36.0-255,66,134888,9,337779
30460,0.001716,172.31.36.0-255,66,134954,9,337779
30461,0.001732,74.125.24.0-255,1484,136438,9,337779
30462,0.00174,74.125.24.0-255,6438,142876,9,337779
30463,0.001757,172.31.36.0-255,66,142942,9,337779
30464,0.001814,74.125.24.0-255,1484,144426,9,337779
30465,0.00182,74.125.24.0-255,2902,147328,9,337779
30466,0.001832,74.125.24.0-255,1484,148812,9,337779
30467,0.001847,74.125.24.0-255,4320,153132,9,337779
30468,0.001849,74.125.24.0-255,1484,154616,9,337779
30469,0.001852,172.31.36.0-255,66,154682,9,337779
30470,0.001862,172.31.36.0-255,66,154748,9,337779
30471,0.001866,74.125.24.0-255,1484,156232,9,337779
30472,0.001885,74.125.24.0-255,4320,160552,9,337779
30473,0.001906,74.125.24.0-255,5738,166290,9,337779
30474,0.001912,74.125.24.0-255,5738,172028,9,337779
30475,0.001915,172.31.36.0-255,66,172094,9,337779
30476,0.001929,74.125.24.0-255,5020,177114,9,337779
30477,0.001932,172.31.36.0-255,66,177180,9,337779
30478,0.001962,172.31.36.0-255,66,177246,9,337779
30479,0.004072,74.125.24.0-255,5738,182984,9,337779
30480,0.004079,172.31.36.0-255,66,183050,9,337779
30481,0.006142,74.125.24.0-255,5738,188788,9,337779
30482,0.006148,172.31.36.0-255,66,188854,9,337779
30483,0.008206,74.125.24.0-255,5738,194592,9,337779
30484,0.008212,172.31.36.0-255,66,194658,9,337779
30485,0.010235,74.125.24.0-255,5738,200396,9,337779
30486,0.010242,172.31.36.0-255,66,200462,9,337779
30487,0.012314,74.125.24.0-255,5738,206200,9,337779
30488,0.012321,172.31.36.0-255,66,206266,9,337779
30489,0.014372,74.125.24.0-255,5738,212004,9,337779
30490,0.014382,172.31.36.0-255,66,212070,9,337779
30491,0.016451,74.125.24.0-255,5738,217808,9,337779
30492,0.016458,172.31.36.0-255,66,217874,9,337779
30493,0.018517,74.125.24.0-255,5738,223612,9,337779
30494,0.018525,172.31.36.0-255,66,223678,9,337779
30495,0.020617,74.125.24.0-255,5738,229416,9,337779
30496,0.020626,172.31.36.0-255,66,229482,9,337779
30497,0.022703,74.125.24.0-255,2902,232384,9,337779
30498,0.02271,172.31.36.0-255,66,232450,9,337779
30499,0.022731,74.125.24.0-255,2902,235352,9,337779
30500,0.022756,172.31.36.0-255,66,235418,9,337779
30501,0.024769,74.125.24.0-255,2902,238320,9,337779
30502,0.024776,172.31.36.0-255,66,238386,9,337779
30503,0.024804,74.125.24.0-255,2902,241288,9,337779
30504,0.024824,172.31.36.0-255,66,241354,9,337779
30505,0.026835,74.125.24.0-255,2902,244256,9,337779
30506,0.026843,172.31.36.0-255,66,244322,9,337779
30507,0.02688,74.125.24.0-255,2902,247224,9,337779
30508,0.026901,172.31.36.0-255,66,247290,9,337779
30509,0.028888,74.125.24.0-255,2902,250192,9,337779
30510,0.028896,172.31.36.0-255,66,250258,9,337779
30511,0.028936,74.125.24.0-255,2902,253160,9,337779
30512,0.028957,172.31.36.0-255,66,253226,9,337779
30513,0.030938,74.125.24.0-255,2902,256128,9,337779
30514,0.030946,172.31.36.0-255,66,256194,9,337779
30515,0.030986,74.125.24.0-255,2902,259096,9,337779
30516,0.031007,172.31.36.0-255,66,259162,9,337779
30517,0.033013,74.125.24.0-255,2902,262064,9,337779
30518,0.03302,172.31.36.0-255,66,262130,9,337779
30519,0.033043,74.125.24.0-255,2902,265032,9,337779
30520,0.03308,172.31.36.0-255,66,265098,9,337779
30521,0.035075,74.125.24.0-255,2902,268000,9,337779
30522,0.035083,172.31.36.0-255,66,268066,9,337779
30523,0.035124,74.125.24.0-255,2902,270968,9,337779
30524,0.035141,172.31.36.0-255,66,271034,9,337779
30525,0.037152,74.125.24.0-255,2902,273936,9,337779
30526,0.037159,172.31.36.0-255,66,274002,9,337779
30527,0.037191,74.125.24.0-255,2902,276904,9,337779
30528,0.037214,172.31.36.0-255,66,276970,9,337779
30529,0.03786,172.31.36.0-255,172,277142,9,337779
30530,0.037893,172.31.36.0-255,1117,278259,9,337779
30531,0.037959,172.31.36.0-255,1514,279773,9,337779
30532,0.037961,172.31.36.0-255,1514,281287,9,337779
30533,0.037962,172.31.36.0-255,1514,282801,9,337779
30534,0.037967,172.31.36.0-255,1514,284315,9,337779
30535,0.037968,172.31.36.0-255,1485,285800,9,337779
30536,0.039213,74.125.24.0-255,2902,288702,9,337779
30537,0.039221,172.31.36.0-255,66,288768,9,337779
30538,0.03926,74.125.24.0-255,2902,291670,9,337779
30539,0.039378,172.31.36.0-255,66,291736,9,337779
30540,0.0394,104.244.42.0-255,66,291802,9,337779
30541,0.039468,104.244.42.0-255,66,291868,9,337779
30542,0.039518,104.244.42.0-255,66,291934,9,337779
30543,0.04126,74.125.24.0-255,2902,294836,9,337779
30544,0.041267,172.31.36.0-255,66,294902,9,337779
30545,0.041416,74.125.24.0-255,2902,297804,9,337779
30546,0.041421,172.31.36.0-255,66,297870,9,337779
30547,0.043352,74.125.24.0-255,2902,300772,9,337779
30548,0.043358,172.31.36.0-255,66,300838,9,337779
30549,0.043502,74.125.24.0-255,2902,303740,9,337779
30550,0.043507,172.31.36.0-255,66,303806,9,337779
30551,0.045417,74.125.24.0-255,2902,306708,9,337779
30552,0.045424,172.31.36.0-255,66,306774,9,337779
30553,0.045532,74.125.24.0-255,2902,309676,9,337779
30554,0.045536,172.31.36.0-255,66,309742,9,337779
30555,0.047502,74.125.24.0-255,2902,312644,9,337779
30556,0.047508,172.31.36.0-255,66,312710,9,337779
30557,0.047605,74.125.24.0-255,2902,315612,9,337779
30558,0.047609,172.31.36.0-255,66,315678,9,337779
30559,0.049545,74.125.24.0-255,2902,318580,9,337779
30560,0.049551,172.31.36.0-255,66,318646,9,337779
30561,0.049629,74.125.24.0-255,2902,321548,9,337779
30562,0.049648,172.31.36.0-255,66,321614,9,337779
30563,0.051632,74.125.24.0-255,2902,324516,9,337779
30564,0.051639,172.31.36.0-255,66,324582,9,337779
30565,0.051676,74.125.24.0-255,1484,326066,9,337779
30566,0.051691,74.125.24.0-255,1484,327550,9,337779
30567,0.051715,172.31.36.0-255,66,327616,9,337779
30568,0.053686,74.125.24.0-255,2902,330518,9,337779
30569,0.053693,172.31.36.0-255,66,330584,9,337779
30570,0.053765,74.125.24.0-255,2902,333486,9,337779
30571,0.053787,172.31.36.0-255,66,333552,9,337779
30572,0.055777,74.125.24.0-255,2902,336454,9,337779
30573,0.055783,172.31.36.0-255,66,336520,9,337779
30574,0.055816,74.125.24.0-255,1022,337542,9,337779
30575,0.055942,172.31.36.0-255,66,337608,9,337779
30576,0.055978,172.31.36.0-255,105,337713,9,337779
30577,0.05801,74.125.24.0-255,66,337779,9,337779
30578,0.0,74.125.68.0-255,146,146,9,344071
30579,3.5e-05,172.31.36.0-255,66,212,9,344071
30580,4.1e-05,74.125.68.0-255,1484,1696,9,344071
30581,4.6e-05,172.31.36.0-255,66,1762,9,344071
30582,5.1e-05,74.125.68.0-255,2902,4664,9,344071
30583,5.3e-05,172.31.36.0-255,66,4730,9,344071
30584,5.9e-05,74.125.68.0-255,5738,10468,9,344071
30585,6.2e-05,172.31.36.0-255,66,10534,9,344071
30586,8.5e-05,74.125.68.0-255,3393,13927,9,344071
30587,8.8e-05,172.31.36.0-255,66,13993,9,344071
30588,0.000763,74.125.68.0-255,1484,15477,9,344071
30589,0.000769,172.31.36.0-255,66,15543,9,344071
30590,0.000779,74.125.68.0-255,2902,18445,9,344071
30591,0.000781,172.31.36.0-255,66,18511,9,344071
30592,0.000785,74.125.68.0-255,1484,19995,9,344071
30593,0.000787,172.31.36.0-255,66,20061,9,344071
30594,0.000808,74.125.68.0-255,1484,21545,9,344071
30595,0.00081,172.31.36.0-255,66,21611,9,344071
30596,0.000816,74.125.68.0-255,4320,25931,9,344071
30597,0.000818,172.31.36.0-255,66,25997,9,344071
30598,0.000846,74.125.68.0-255,5379,31376,9,344071
30599,0.000849,172.31.36.0-255,66,31442,9,344071
30600,0.00119,74.125.68.0-255,1484,32926,9,344071
30601,0.001196,172.31.36.0-255,66,32992,9,344071
30602,0.001202,74.125.68.0-255,2902,35894,9,344071
30603,0.001204,172.31.36.0-255,66,35960,9,344071
30604,0.001229,74.125.68.0-255,5738,41698,9,344071
30605,0.001231,172.31.36.0-255,66,41764,9,344071
30606,0.001238,74.125.68.0-255,5738,47502,9,344071
30607,0.00124,172.31.36.0-255,66,47568,9,344071
30608,0.001262,74.125.68.0-255,1484,49052,9,344071
30609,0.001264,172.31.36.0-255,66,49118,9,344071
30610,0.001281,74.125.68.0-255,5379,54497,9,344071
30611,0.001284,74.125.68.0-255,1484,55981,9,344071
30612,0.001304,74.125.68.0-255,5738,61719,9,344071
30613,0.001335,74.125.68.0-255,3961,65680,9,344071
30614,0.001856,74.125.68.0-255,646,66326,9,344071
30615,0.002013,74.125.68.0-255,1484,67810,9,344071
30616,0.003302,172.31.36.0-255,66,67876,9,344071
30617,0.005329,74.125.68.0-255,5738,73614,9,344071
30618,0.005341,172.31.36.0-255,66,73680,9,344071
30619,0.007365,74.125.68.0-255,5738,79418,9,344071
30620,0.007378,172.31.36.0-255,66,79484,9,344071
30621,0.009394,74.125.68.0-255,5738,85222,9,344071
30622,0.009407,172.31.36.0-255,66,85288,9,344071
30623,0.011411,74.125.68.0-255,5738,91026,9,344071
30624,0.013636,172.31.36.0-255,66,91092,9,344071
30625,0.015654,74.125.68.0-255,5738,96830,9,344071
30626,0.015665,172.31.36.0-255,66,96896,9,344071
30627,0.017667,74.125.68.0-255,5738,102634,9,344071
30628,0.017673,172.31.36.0-255,66,102700,9,344071
30629,0.019671,74.125.68.0-255,5738,108438,9,344071
30630,0.019678,172.31.36.0-255,66,108504,9,344071
30631,0.021692,74.125.68.0-255,5738,114242,9,344071
30632,0.0217,172.31.36.0-255,66,114308,9,344071
30633,0.023748,74.125.68.0-255,5738,120046,9,344071
30634,0.023762,172.31.36.0-255,66,120112,9,344071
30635,0.025784,74.125.68.0-255,5738,125850,9,344071
30636,0.025799,172.31.36.0-255,66,125916,9,344071
30637,0.027831,74.125.68.0-255,5738,131654,9,344071
30638,0.027839,172.31.36.0-255,66,131720,9,344071
30639,0.029844,74.125.68.0-255,5738,137458,9,344071
30640,0.029851,172.31.36.0-255,66,137524,9,344071
30641,0.031863,74.125.68.0-255,5738,143262,9,344071
30642,0.03187,172.31.36.0-255,66,143328,9,344071
30643,0.033882,74.125.68.0-255,5738,149066,9,344071
30644,0.033889,172.31.36.0-255,66,149132,9,344071
30645,0.035886,74.125.68.0-255,5738,154870,9,344071
30646,0.035892,172.31.36.0-255,66,154936,9,344071
30647,0.036707,172.31.36.0-255,188,155124,9,344071
30648,0.036741,172.31.36.0-255,960,156084,9,344071
30649,0.036798,172.31.36.0-255,1514,157598,9,344071
30650,0.036801,172.31.36.0-255,1514,159112,9,344071
30651,0.036802,172.31.36.0-255,1514,160626,9,344071
30652,0.036804,172.31.36.0-255,1514,162140,9,344071
30653,0.036831,172.31.36.0-255,1514,163654,9,344071
30654,0.036837,172.31.36.0-255,953,164607,9,344071
30655,0.037909,74.125.68.0-255,5738,170345,9,344071
30656,0.037915,172.31.36.0-255,66,170411,9,344071
30657,0.03822,104.244.42.0-255,66,170477,9,344071
30658,0.038308,104.244.42.0-255,66,170543,9,344071
30659,0.038395,104.244.42.0-255,66,170609,9,344071
30660,0.038398,104.244.42.0-255,66,170675,9,344071
30661,0.039927,74.125.68.0-255,5738,176413,9,344071
30662,0.039934,172.31.36.0-255,66,176479,9,344071
30663,0.041938,74.125.68.0-255,5738,182217,9,344071
30664,0.041943,172.31.36.0-255,66,182283,9,344071
30665,0.043936,74.125.68.0-255,5738,188021,9,344071
30666,0.043942,172.31.36.0-255,66,188087,9,344071
30667,0.045941,74.125.68.0-255,4320,192407,9,344071
30668,0.045946,172.31.36.0-255,66,192473,9,344071
30669,0.045978,74.125.68.0-255,1484,193957,9,344071
30670,0.04794,74.125.68.0-255,4320,198277,9,344071
30671,0.047945,172.31.36.0-255,66,198343,9,344071
30672,0.049939,74.125.68.0-255,5738,204081,9,344071
30673,0.049992,172.31.36.0-255,66,204147,9,344071
30674,0.051986,74.125.68.0-255,1484,205631,9,344071
30675,0.052011,74.125.68.0-255,4320,209951,9,344071
30676,0.052016,172.31.36.0-255,66,210017,9,344071
30677,0.054037,74.125.68.0-255,5738,215755,9,344071
30678,0.054042,172.31.36.0-255,66,215821,9,344071
30679,0.056039,74.125.68.0-255,2902,218723,9,344071
30680,0.056044,172.31.36.0-255,66,218789,9,344071
30681,0.05607,74.125.68.0-255,2902,221691,9,344071
30682,0.05609,172.31.36.0-255,66,221757,9,344071
30683,0.058035,74.125.68.0-255,2902,224659,9,344071
30684,0.05804,172.31.36.0-255,66,224725,9,344071
30685,0.058076,74.125.68.0-255,2902,227627,9,344071
30686,0.058145,172.31.36.0-255,66,227693,9,344071
30687,0.060037,74.125.68.0-255,2902,230595,9,344071
30688,0.060043,172.31.36.0-255,66,230661,9,344071
30689,0.060138,74.125.68.0-255,2902,233563,9,344071
30690,0.060143,172.31.36.0-255,66,233629,9,344071
30691,0.062047,74.125.68.0-255,2902,236531,9,344071
30692,0.062052,172.31.36.0-255,66,236597,9,344071
30693,0.062136,74.125.68.0-255,2902,239499,9,344071
30694,0.062143,172.31.36.0-255,66,239565,9,344071
30695,0.064053,74.125.68.0-255,2902,242467,9,344071
30696,0.064058,172.31.36.0-255,66,242533,9,344071
30697,0.064132,74.125.68.0-255,2902,245435,9,344071
30698,0.064136,172.31.36.0-255,66,245501,9,344071
30699,0.066049,74.125.68.0-255,2902,248403,9,344071
30700,0.066054,172.31.36.0-255,66,248469,9,344071
30701,0.066131,74.125.68.0-255,2902,251371,9,344071
30702,0.066135,172.31.36.0-255,66,251437,9,344071
30703,0.068044,74.125.68.0-255,2902,254339,9,344071
30704,0.068049,172.31.36.0-255,66,254405,9,344071
30705,0.068123,74.125.68.0-255,2902,257307,9,344071
30706,0.068127,172.31.36.0-255,66,257373,9,344071
30707,0.070046,74.125.68.0-255,2902,260275,9,344071
30708,0.070052,172.31.36.0-255,66,260341,9,344071
30709,0.070118,74.125.68.0-255,2902,263243,9,344071
30710,0.070132,172.31.36.0-255,66,263309,9,344071
30711,0.07205,74.125.68.0-255,2902,266211,9,344071
30712,0.072056,172.31.36.0-255,66,266277,9,344071
30713,0.072138,74.125.68.0-255,1484,267761,9,344071
30714,0.072162,74.125.68.0-255,1484,269245,9,344071
30715,0.072244,172.31.36.0-255,66,269311,9,344071
30716,0.074052,74.125.68.0-255,1484,270795,9,344071
30717,0.074243,74.125.68.0-255,4320,275115,9,344071
30718,0.074249,172.31.36.0-255,66,275181,9,344071
30719,0.076253,74.125.68.0-255,5738,280919,9,344071
30720,0.076304,172.31.36.0-255,66,280985,9,344071
30721,0.078303,74.125.68.0-255,5738,286723,9,344071
30722,0.078309,172.31.36.0-255,66,286789,9,344071
30723,0.080309,74.125.68.0-255,5738,292527,9,344071
30724,0.080316,172.31.36.0-255,66,292593,9,344071
30725,0.082322,74.125.68.0-255,5738,298331,9,344071
30726,0.082328,172.31.36.0-255,66,298397,9,344071
30727,0.084338,74.125.68.0-255,5738,304135,9,344071
30728,0.084346,172.31.36.0-255,66,304201,9,344071
30729,0.086344,74.125.68.0-255,5738,309939,9,344071
30730,0.08635,172.31.36.0-255,66,310005,9,344071
30731,0.088396,74.125.68.0-255,2902,312907,9,344071
30732,0.088401,172.31.36.0-255,66,312973,9,344071
30733,0.088427,74.125.68.0-255,2902,315875,9,344071
30734,0.088446,172.31.36.0-255,66,315941,9,344071
30735,0.090437,74.125.68.0-255,2902,318843,9,344071
30736,0.090443,172.31.36.0-255,66,318909,9,344071
30737,0.090474,74.125.68.0-255,2902,321811,9,344071
30738,0.090499,172.31.36.0-255,66,321877,9,344071
30739,0.092435,74.125.68.0-255,2902,324779,9,344071
30740,0.09244,172.31.36.0-255,66,324845,9,344071
30741,0.092484,74.125.68.0-255,2902,327747,9,344071
30742,0.092499,172.31.36.0-255,66,327813,9,344071
30743,0.094434,74.125.68.0-255,2902,330715,9,344071
30744,0.094439,172.31.36.0-255,66,330781,9,344071
30745,0.094487,74.125.68.0-255,2902,333683,9,344071
30746,0.094497,172.31.36.0-255,66,333749,9,344071
30747,0.096433,74.125.68.0-255,1484,335233,9,344071
30748,0.09648,74.125.68.0-255,2902,338135,9,344071
30749,0.096486,172.31.36.0-255,66,338201,9,344071
30750,0.096505,74.125.68.0-255,1484,339685,9,344071
30751,0.098484,74.125.68.0-255,4320,344005,9,344071
30752,0.098489,172.31.36.0-255,66,344071,9,344071
30753,0.0,74.125.24.0-255,153,153,9,380232
30754,2.8e-05,172.31.36.0-255,66,219,9,380232
30755,3.4e-05,74.125.24.0-255,1484,1703,9,380232
30756,3.8e-05,172.31.36.0-255,66,1769,9,380232
30757,4.4e-05,74.125.24.0-255,2902,4671,9,380232
30758,4.8e-05,172.31.36.0-255,66,4737,9,380232
30759,5.1e-05,74.125.24.0-255,1484,6221,9,380232
30760,5.4e-05,172.31.36.0-255,66,6287,9,380232
30761,5.9e-05,74.125.24.0-255,5738,12025,9,380232
30762,6.2e-05,172.31.36.0-255,66,12091,9,380232
30763,8.5e-05,74.125.24.0-255,5738,17829,9,380232
30764,8.8e-05,172.31.36.0-255,66,17895,9,380232
30765,0.000113,172.31.36.0-255,66,17961,9,380232
30766,0.00012,74.125.24.0-255,5379,23340,9,380232
30767,0.000122,172.31.36.0-255,66,23406,9,380232
30768,0.000164,74.125.24.0-255,1484,24890,9,380232
30769,0.000167,172.31.36.0-255,66,24956,9,380232
30770,0.000172,74.125.24.0-255,2902,27858,9,380232
30771,0.000174,172.31.36.0-255,66,27924,9,380232
30772,0.00018,74.125.24.0-255,5738,33662,9,380232
30773,0.000182,172.31.36.0-255,66,33728,9,380232
30774,0.000203,74.125.24.0-255,5738,39466,9,380232
30775,0.000205,172.31.36.0-255,66,39532,9,380232
30776,0.00023,74.125.24.0-255,5738,45270,9,380232
30777,0.000233,172.31.36.0-255,66,45336,9,380232
30778,0.000261,172.31.36.0-255,66,45402,9,380232
30779,0.000266,74.125.24.0-255,4235,49637,9,380232
30780,0.000268,172.31.36.0-255,66,49703,9,380232
30781,0.000761,74.125.24.0-255,132,49835,9,380232
30782,0.000765,172.31.36.0-255,66,49901,9,380232
30783,0.000769,74.125.24.0-255,345,50246,9,380232
30784,0.000803,172.31.36.0-255,66,50312,9,380232
30785,0.001489,74.125.24.0-255,1484,51796,9,380232
30786,0.001501,74.125.24.0-255,2902,54698,9,380232
30787,0.001505,74.125.24.0-255,1484,56182,9,380232
30788,0.001528,74.125.24.0-255,2902,59084,9,380232
30789,0.001534,74.125.24.0-255,7156,66240,9,380232
30790,0.001548,74.125.24.0-255,1484,67724,9,380232
30791,0.001557,172.31.36.0-255,66,67790,9,380232
30792,0.00157,74.125.24.0-255,7156,74946,9,380232
30793,0.001576,172.31.36.0-255,66,75012,9,380232
30794,0.001587,74.125.24.0-255,7156,82168,9,380232
30795,0.001619,74.125.24.0-255,2184,84352,9,380232
30796,0.001637,172.31.36.0-255,66,84418,9,380232
30797,0.00177,74.125.24.0-255,1484,85902,9,380232
30798,0.001775,74.125.24.0-255,1484,87386,9,380232
30799,0.001787,74.125.24.0-255,1484,88870,9,380232
30800,0.001789,74.125.24.0-255,1484,90354,9,380232
30801,0.001797,172.31.36.0-255,66,90420,9,380232
30802,0.001807,74.125.24.0-255,4320,94740,9,380232
30803,0.00181,74.125.24.0-255,1484,96224,9,380232
30804,0.001813,172.31.36.0-255,66,96290,9,380232
30805,0.001856,172.31.36.0-255,66,96356,9,380232
30806,0.001872,74.125.24.0-255,5738,102094,9,380232
30807,0.00189,74.125.24.0-255,5020,107114,9,380232
30808,0.001893,172.31.36.0-255,66,107180,9,380232
30809,0.001952,74.125.24.0-255,1484,108664,9,380232
30810,0.001965,74.125.24.0-255,2902,111566,9,380232
30811,0.00197,172.31.36.0-255,66,111632,9,380232
30812,0.001979,74.125.24.0-255,4320,115952,9,380232
30813,0.001983,172.31.36.0-255,66,116018,9,380232
30814,0.001993,74.125.24.0-255,1484,117502,9,380232
30815,0.002004,74.125.24.0-255,1484,118986,9,380232
30816,0.002016,74.125.24.0-255,2902,121888,9,380232
30817,0.002037,74.125.24.0-255,5738,127626,9,380232
30818,0.002042,172.31.36.0-255,66,127692,9,380232
30819,0.002076,74.125.24.0-255,5020,132712,9,380232
30820,0.002096,172.31.36.0-255,66,132778,9,380232
30821,0.00436,74.125.24.0-255,4320,137098,9,380232
30822,0.004365,172.31.36.0-255,66,137164,9,380232
30823,0.004383,74.125.24.0-255,1484,138648,9,380232
30824,0.006637,74.125.24.0-255,4320,142968,9,380232
30825,0.006643,172.31.36.0-255,66,143034,9,380232
30826,0.008925,74.125.24.0-255,5738,148772,9,380232
30827,0.008975,172.31.36.0-255,66,148838,9,380232
30828,0.011324,74.125.24.0-255,5738,154576,9,380232
30829,0.011331,172.31.36.0-255,66,154642,9,380232
30830,0.013632,74.125.24.0-255,5738,160380,9,380232
30831,0.01364,172.31.36.0-255,66,160446,9,380232
30832,0.015996,74.125.24.0-255,5738,166184,9,380232
30833,0.016007,172.31.36.0-255,66,166250,9,380232
30834,0.018283,74.125.24.0-255,5738,171988,9,380232
30835,0.018293,172.31.36.0-255,66,172054,9,380232
30836,0.020581,74.125.24.0-255,5738,177792,9,380232
30837,0.020589,172.31.36.0-255,66,177858,9,380232
30838,0.022909,74.125.24.0-255,5738,183596,9,380232
30839,0.022916,172.31.36.0-255,66,183662,9,380232
30840,0.025196,74.125.24.0-255,5738,189400,9,380232
30841,0.025205,172.31.36.0-255,66,189466,9,380232
30842,0.027524,74.125.24.0-255,5738,195204,9,380232
30843,0.027534,172.31.36.0-255,66,195270,9,380232
30844,0.029827,74.125.24.0-255,5738,201008,9,380232
30845,0.029837,172.31.36.0-255,66,201074,9,380232
30846,0.031715,172.31.36.0-255,172,201246,9,380232
30847,0.031758,172.31.36.0-255,1116,202362,9,380232
30848,0.031836,172.31.36.0-255,1514,203876,9,380232
30849,0.03184,172.31.36.0-255,1514,205390,9,380232
30850,0.031841,172.31.36.0-255,1514,206904,9,380232
30851,0.031846,172.31.36.0-255,1514,208418,9,380232
30852,0.031847,172.31.36.0-255,1486,209904,9,380232
30853,0.03215,74.125.24.0-255,5738,215642,9,380232
30854,0.032157,172.31.36.0-255,66,215708,9,380232
30855,0.033265,104.244.42.0-255,66,215774,9,380232
30856,0.033368,104.244.42.0-255,66,215840,9,380232
30857,0.033438,104.244.42.0-255,66,215906,9,380232
30858,0.034484,74.125.24.0-255,4320,220226,9,380232
30859,0.034488,172.31.36.0-255,66,220292,9,380232
30860,0.034533,74.125.24.0-255,1484,221776,9,380232
30861,0.036762,74.125.24.0-255,4320,226096,9,380232
30862,0.036768,172.31.36.0-255,66,226162,9,380232
30863,0.039079,74.125.24.0-255,5738,231900,9,380232
30864,0.039131,172.31.36.0-255,66,231966,9,380232
30865,0.041408,74.125.24.0-255,5738,237704,9,380232
30866,0.041414,172.31.36.0-255,66,237770,9,380232
30867,0.04373,74.125.24.0-255,5738,243508,9,380232
30868,0.04374,172.31.36.0-255,66,243574,9,380232
30869,0.046014,74.125.24.0-255,5738,249312,9,380232
30870,0.046023,172.31.36.0-255,66,249378,9,380232
30871,0.048311,74.125.24.0-255,5738,255116,9,380232
30872,0.048319,172.31.36.0-255,66,255182,9,380232
30873,0.050607,74.125.24.0-255,5738,260920,9,380232
30874,0.050615,172.31.36.0-255,66,260986,9,380232
30875,0.052905,74.125.24.0-255,5738,266724,9,380232
30876,0.052911,172.31.36.0-255,66,266790,9,380232
30877,0.055252,74.125.24.0-255,5738,272528,9,380232
30878,0.055259,172.31.36.0-255,66,272594,9,380232
30879,0.057535,74.125.24.0-255,5738,278332,9,380232
30880,0.05754,172.31.36.0-255,66,278398,9,380232
30881,0.05982,74.125.24.0-255,5738,284136,9,380232
30882,0.059826,172.31.36.0-255,66,284202,9,380232
30883,0.062089,74.125.24.0-255,5738,289940,9,380232
30884,0.062095,172.31.36.0-255,66,290006,9,380232
30885,0.064373,74.125.24.0-255,5738,295744,9,380232
30886,0.064378,172.31.36.0-255,66,295810,9,380232
30887,0.066671,74.125.24.0-255,5738,301548,9,380232
30888,0.066676,172.31.36.0-255,66,301614,9,380232
30889,0.06894,74.125.24.0-255,5738,307352,9,380232
30890,0.068946,172.31.36.0-255,66,307418,9,380232
30891,0.071241,74.125.24.0-255,5738,313156,9,380232
30892,0.071246,172.31.36.0-255,66,313222,9,380232
30893,0.073536,74.125.24.0-255,5738,318960,9,380232
30894,0.073541,172.31.36.0-255,66,319026,9,380232
30895,0.075801,74.125.24.0-255,5738,324764,9,380232
30896,0.075807,172.31.36.0-255,66,324830,9,380232
30897,0.078079,74.125.24.0-255,4320,329150,9,380232
30898,0.078084,172.31.36.0-255,66,329216,9,380232
30899,0.078111,74.125.24.0-255,1484,330700,9,380232
30900,0.080375,74.125.24.0-255,4320,335020,9,380232
30901,0.08038,172.31.36.0-255,66,335086,9,380232
30902,0.082654,74.125.24.0-255,5738,340824,9,380232
30903,0.082708,172.31.36.0-255,66,340890,9,380232
30904,0.084992,74.125.24.0-255,1484,342374,9,380232
30905,0.085024,74.125.24.0-255,4320,346694,9,380232
30906,0.085028,172.31.36.0-255,66,346760,9,380232
30907,0.08732,74.125.24.0-255,5738,352498,9,380232
30908,0.087325,172.31.36.0-255,66,352564,9,380232
30909,0.089637,74.125.24.0-255,4320,356884,9,380232
30910,0.089642,172.31.36.0-255,66,356950,9,380232
30911,0.089672,74.125.24.0-255,1484,358434,9,380232
30912,0.091922,74.125.24.0-255,4320,362754,9,380232
30913,0.091927,172.31.36.0-255,66,362820,9,380232
30914,0.094228,74.125.24.0-255,5738,368558,9,380232
30915,0.09428,172.31.36.0-255,66,368624,9,380232
30916,0.096579,74.125.24.0-255,5738,374362,9,380232
30917,0.096585,172.31.36.0-255,66,374428,9,380232
30918,0.098874,74.125.24.0-255,5738,380166,9,380232
30919,0.098879,172.31.36.0-255,66,380232,9,380232
30920,0.0,74.125.68.0-255,143,143,9,393222
30921,2.9e-05,172.31.36.0-255,66,209,9,393222
30922,3.6e-05,74.125.68.0-255,1484,1693,9,393222
30923,4e-05,172.31.36.0-255,66,1759,9,393222
30924,4.6e-05,74.125.68.0-255,2902,4661,9,393222
30925,5.5e-05,172.31.36.0-255,66,4727,9,393222
30926,6.1e-05,74.125.68.0-255,5738,10465,9,393222
30927,6.4e-05,172.31.36.0-255,66,10531,9,393222
30928,9.8e-05,74.125.68.0-255,3448,13979,9,393222
30929,0.000101,172.31.36.0-255,66,14045,9,393222
30930,0.000269,74.125.68.0-255,1484,15529,9,393222
30931,0.000274,172.31.36.0-255,66,15595,9,393222
30932,0.000278,74.125.68.0-255,1484,17079,9,393222
30933,0.000281,172.31.36.0-255,66,17145,9,393222
30934,0.000314,74.125.68.0-255,2902,20047,9,393222
30935,0.000318,172.31.36.0-255,66,20113,9,393222
30936,0.000326,74.125.68.0-255,5738,25851,9,393222
30937,0.000328,172.31.36.0-255,66,25917,9,393222
30938,0.000341,74.125.68.0-255,5379,31296,9,393222
30939,0.000344,172.31.36.0-255,66,31362,9,393222
30940,0.000391,74.125.68.0-255,1484,32846,9,393222
30941,0.000394,172.31.36.0-255,66,32912,9,393222
30942,0.000426,74.125.68.0-255,4320,37232,9,393222
30943,0.00043,172.31.36.0-255,66,37298,9,393222
30944,0.000437,74.125.68.0-255,7156,44454,9,393222
30945,0.00044,172.31.36.0-255,66,44520,9,393222
30946,0.000454,74.125.68.0-255,7156,51676,9,393222
30947,0.000457,172.31.36.0-255,66,51742,9,393222
30948,0.000461,74.125.68.0-255,2902,54644,9,393222
30949,0.000464,172.31.36.0-255,66,54710,9,393222
30950,0.000499,74.125.68.0-255,5738,60448,9,393222
30951,0.000508,172.31.36.0-255,66,60514,9,393222
30952,0.000515,74.125.68.0-255,5020,65534,9,393222
30953,0.000517,172.31.36.0-255,66,65600,9,393222
30954,0.00052,74.125.68.0-255,396,65996,9,393222
30955,0.000563,74.125.68.0-255,111,66107,9,393222
30956,0.000822,74.125.68.0-255,1484,67591,9,393222
30957,0.000826,172.31.36.0-255,66,67657,9,393222
30958,0.000831,74.125.68.0-255,2902,70559,9,393222
30959,0.000833,172.31.36.0-255,66,70625,9,393222
30960,0.000862,74.125.68.0-255,5738,76363,9,393222
30961,0.000865,172.31.36.0-255,66,76429,9,393222
30962,0.00087,74.125.68.0-255,4320,80749,9,393222
30963,0.000872,172.31.36.0-255,66,80815,9,393222
30964,0.000895,74.125.68.0-255,2902,83717,9,393222
30965,0.000898,172.31.36.0-255,66,83783,9,393222
30966,0.00091,74.125.68.0-255,4320,88103,9,393222
30967,0.000912,172.31.36.0-255,66,88169,9,393222
30968,0.000942,74.125.68.0-255,5738,93907,9,393222
30969,0.000945,172.31.36.0-255,66,93973,9,393222
30970,0.000971,74.125.68.0-255,1484,95457,9,393222
30971,0.000975,74.125.68.0-255,2902,98359,9,393222
30972,0.000977,172.31.36.0-255,66,98425,9,393222
30973,0.001001,74.125.68.0-255,2184,100609,9,393222
30974,0.001006,172.31.36.0-255,66,100675,9,393222
30975,0.001127,74.125.68.0-255,333,101008,9,393222
30976,0.001133,172.31.36.0-255,66,101074,9,393222
30977,0.001167,74.125.68.0-255,1484,102558,9,393222
30978,0.00119,74.125.68.0-255,4320,106878,9,393222
30979,0.001193,172.31.36.0-255,66,106944,9,393222
30980,0.001221,74.125.68.0-255,4320,111264,9,393222
30981,0.001225,172.31.36.0-255,66,111330,9,393222
30982,0.001232,74.125.68.0-255,5738,117068,9,393222
30983,0.001234,172.31.36.0-255,66,117134,9,393222
30984,0.001271,74.125.68.0-255,7156,124290,9,393222
30985,0.001275,172.31.36.0-255,66,124356,9,393222
30986,0.00128,74.125.68.0-255,2902,127258,9,393222
30987,0.001281,172.31.36.0-255,66,127324,9,393222
30988,0.001304,74.125.68.0-255,5738,133062,9,393222
30989,0.001312,172.31.36.0-255,66,133128,9,393222
30990,0.001317,74.125.68.0-255,2184,135312,9,393222
30991,0.001319,172.31.36.0-255,66,135378,9,393222
30992,0.001423,74.125.68.0-255,1484,136862,9,393222
30993,0.001441,74.125.68.0-255,2902,139764,9,393222
30994,0.001444,172.31.36.0-255,66,139830,9,393222
30995,0.00145,74.125.68.0-255,2902,142732,9,393222
30996,0.001452,172.31.36.0-255,66,142798,9,393222
30997,0.001485,74.125.68.0-255,2902,145700,9,393222
30998,0.001488,172.31.36.0-255,66,145766,9,393222
30999,0.001496,74.125.68.0-255,7156,152922,9,393222
31000,0.001498,172.31.36.0-255,66,152988,9,393222
31001,0.001537,172.31.36.0-255,66,153054,9,393222
31002,0.001566,74.125.68.0-255,5020,158074,9,393222
31003,0.001569,172.31.36.0-255,66,158140,9,393222
31004,0.001574,74.125.68.0-255,2902,161042,9,393222
31005,0.001576,172.31.36.0-255,66,161108,9,393222
31006,0.001603,74.125.68.0-255,2902,164010,9,393222
31007,0.001606,172.31.36.0-255,66,164076,9,393222
31008,0.00161,74.125.68.0-255,1484,165560,9,393222
31009,0.001647,172.31.36.0-255,66,165626,9,393222
31010,0.001667,172.31.36.0-255,66,165692,9,393222
31011,0.001671,74.125.68.0-255,2184,167876,9,393222
31012,0.001673,172.31.36.0-255,66,167942,9,393222
31013,0.003909,74.125.68.0-255,5738,173680,9,393222
31014,0.003916,172.31.36.0-255,66,173746,9,393222
31015,0.00619,74.125.68.0-255,4320,178066,9,393222
31016,0.006195,172.31.36.0-255,66,178132,9,393222
31017,0.00622,74.125.68.0-255,1484,179616,9,393222
31018,0.00845,74.125.68.0-255,4320,183936,9,393222
31019,0.008457,172.31.36.0-255,66,184002,9,393222
31020,0.010723,74.125.68.0-255,4320,188322,9,393222
31021,0.01073,172.31.36.0-255,66,188388,9,393222
31022,0.010758,74.125.68.0-255,1484,189872,9,393222
31023,0.012982,74.125.68.0-255,4320,194192,9,393222
31024,0.012989,172.31.36.0-255,66,194258,9,393222
31025,0.015269,74.125.68.0-255,5738,199996,9,393222
31026,0.015279,172.31.36.0-255,66,200062,9,393222
31027,0.017535,74.125.68.0-255,5738,205800,9,393222
31028,0.017542,172.31.36.0-255,66,205866,9,393222
31029,0.019801,74.125.68.0-255,5738,211604,9,393222
31030,0.019809,172.31.36.0-255,66,211670,9,393222
31031,0.022074,74.125.68.0-255,5738,217408,9,393222
31032,0.022081,172.31.36.0-255,66,217474,9,393222
31033,0.024336,74.125.68.0-255,5738,223212,9,393222
31034,0.024343,172.31.36.0-255,66,223278,9,393222
31035,0.026617,74.125.68.0-255,5738,229016,9,393222
31036,0.026624,172.31.36.0-255,66,229082,9,393222
31037,0.02889,74.125.68.0-255,5738,234820,9,393222
31038,0.028898,172.31.36.0-255,66,234886,9,393222
31039,0.031152,74.125.68.0-255,5738,240624,9,393222
31040,0.03116,172.31.36.0-255,66,240690,9,393222
31041,0.033443,74.125.68.0-255,5738,246428,9,393222
31042,0.033454,172.31.36.0-255,66,246494,9,393222
31043,0.035714,74.125.68.0-255,5738,252232,9,393222
31044,0.03572,172.31.36.0-255,66,252298,9,393222
31045,0.037993,74.125.68.0-255,5738,258036,9,393222
31046,0.038001,172.31.36.0-255,66,258102,9,393222
31047,0.040251,74.125.68.0-255,5738,263840,9,393222
31048,0.040258,172.31.36.0-255,66,263906,9,393222
31049,0.041678,172.31.36.0-255,229,264135,9,393222
31050,0.041756,172.31.36.0-255,1115,265250,9,393222
31051,0.041922,172.31.36.0-255,1514,266764,9,393222
31052,0.041924,172.31.36.0-255,1514,268278,9,393222
31053,0.041929,172.31.36.0-255,1514,269792,9,393222
31054,0.041929,172.31.36.0-255,107,269899,9,393222
31055,0.042507,74.125.68.0-255,5738,275637,9,393222
31056,0.042514,172.31.36.0-255,66,275703,9,393222
31057,0.043263,104.244.42.0-255,66,275769,9,393222
31058,0.043294,104.244.42.0-255,66,275835,9,393222
31059,0.043465,104.244.42.0-255,66,275901,9,393222
31060,0.043472,104.244.42.0-255,66,275967,9,393222
31061,0.044764,74.125.68.0-255,5738,281705,9,393222
31062,0.04477,172.31.36.0-255,66,281771,9,393222
31063,0.047024,74.125.68.0-255,5738,287509,9,393222
31064,0.04703,172.31.36.0-255,66,287575,9,393222
31065,0.049276,74.125.68.0-255,4320,291895,9,393222
31066,0.049282,172.31.36.0-255,66,291961,9,393222
31067,0.049315,74.125.68.0-255,1484,293445,9,393222
31068,0.05154,74.125.68.0-255,4320,297765,9,393222
31069,0.051546,172.31.36.0-255,66,297831,9,393222
31070,0.053803,74.125.68.0-255,5738,303569,9,393222
31071,0.053808,172.31.36.0-255,66,303635,9,393222
31072,0.056065,74.125.68.0-255,5738,309373,9,393222
31073,0.05607,172.31.36.0-255,66,309439,9,393222
31074,0.058331,74.125.68.0-255,5738,315177,9,393222
31075,0.058338,172.31.36.0-255,66,315243,9,393222
31076,0.060586,74.125.68.0-255,4320,319563,9,393222
31077,0.060591,172.31.36.0-255,66,319629,9,393222
31078,0.060624,74.125.68.0-255,1484,321113,9,393222
31079,0.06286,74.125.68.0-255,4320,325433,9,393222
31080,0.062866,172.31.36.0-255,66,325499,9,393222
31081,0.065127,74.125.68.0-255,5738,331237,9,393222
31082,0.065134,172.31.36.0-255,66,331303,9,393222
31083,0.067405,74.125.68.0-255,5738,337041,9,393222
31084,0.067412,172.31.36.0-255,66,337107,9,393222
31085,0.069667,74.125.68.0-255,5738,342845,9,393222
31086,0.069674,172.31.36.0-255,66,342911,9,393222
31087,0.071934,74.125.68.0-255,5738,348649,9,393222
31088,0.071941,172.31.36.0-255,66,348715,9,393222
31089,0.074207,74.125.68.0-255,5738,354453,9,393222
31090,0.074214,172.31.36.0-255,66,354519,9,393222
31091,0.076473,74.125.68.0-255,5738,360257,9,393222
31092,0.076479,172.31.36.0-255,66,360323,9,393222
31093,0.078739,74.125.68.0-255,5738,366061,9,393222
31094,0.078745,172.31.36.0-255,66,366127,9,393222
31095,0.081023,74.125.68.0-255,5738,371865,9,393222
31096,0.081029,172.31.36.0-255,66,371931,9,393222
31097,0.083286,74.125.68.0-255,5738,377669,9,393222
31098,0.083292,172.31.36.0-255,66,377735,9,393222
31099,0.085556,74.125.68.0-255,5738,383473,9,393222
31100,0.085562,172.31.36.0-255,66,383539,9,393222
31101,0.087819,74.125.68.0-255,5738,389277,9,393222
31102,0.087824,172.31.36.0-255,66,389343,9,393222
31103,0.090083,74.125.68.0-255,3642,392985,9,393222
31104,0.090088,172.31.36.0-255,66,393051,9,393222
31105,0.090252,172.31.36.0-255,105,393156,9,393222
31106,0.09247,74.125.68.0-255,66,393222,9,393222
31107,0.0,172.217.160.0-255,299,299,9,376929
31108,1.6e-05,172.31.36.0-255,66,365,9,376929
31109,2.2e-05,172.217.160.0-255,1484,1849,9,376929
31110,2.6e-05,172.31.36.0-255,66,1915,9,376929
31111,3e-05,172.217.160.0-255,1484,3399,9,376929
31112,3.4e-05,172.31.36.0-255,66,3465,9,376929
31113,4e-05,172.217.160.0-255,2902,6367,9,376929
31114,4.3e-05,172.31.36.0-255,66,6433,9,376929
31115,5e-05,172.217.160.0-255,5738,12171,9,376929
31116,5.3e-05,172.31.36.0-255,66,12237,9,376929
31117,5.6e-05,172.217.160.0-255,1484,13721,9,376929
31118,5.8e-05,172.31.36.0-255,66,13787,9,376929
31119,6.2e-05,172.217.160.0-255,476,14263,9,376929
31120,6.4e-05,172.31.36.0-255,66,14329,9,376929
31121,0.000158,172.217.160.0-255,1484,15813,9,376929
31122,0.000161,172.31.36.0-255,66,15879,9,376929
31123,0.000165,172.217.160.0-255,1484,17363,9,376929
31124,0.000167,172.31.36.0-255,66,17429,9,376929
31125,0.000172,172.217.160.0-255,2902,20331,9,376929
31126,0.000174,172.31.36.0-255,66,20397,9,376929
31127,0.000177,172.217.160.0-255,1484,21881,9,376929
31128,0.000179,172.31.36.0-255,66,21947,9,376929
31129,0.000206,172.217.160.0-255,4320,26267,9,376929
31130,0.000209,172.31.36.0-255,66,26333,9,376929
31131,0.000224,172.31.36.0-255,66,26399,9,376929
31132,0.000227,172.217.160.0-255,1484,27883,9,376929
31133,0.000229,172.31.36.0-255,66,27949,9,376929
31134,0.000265,172.31.36.0-255,66,28015,9,376929
31135,0.000271,172.217.160.0-255,4320,32335,9,376929
31136,0.000274,172.31.36.0-255,66,32401,9,376929
31137,0.000298,172.31.36.0-255,66,32467,9,376929
31138,0.000583,172.217.160.0-255,126,32593,9,376929
31139,0.000727,172.217.160.0-255,1484,34077,9,376929
31140,0.000732,172.31.36.0-255,66,34143,9,376929
31141,0.000738,172.217.160.0-255,2902,37045,9,376929
31142,0.000741,172.31.36.0-255,66,37111,9,376929
31143,0.000745,172.217.160.0-255,2902,40013,9,376929
31144,0.000747,172.31.36.0-255,66,40079,9,376929
31145,0.000769,172.217.160.0-255,2902,42981,9,376929
31146,0.000772,172.31.36.0-255,66,43047,9,376929
31147,0.000785,172.31.36.0-255,66,43113,9,376929
31148,0.000804,172.217.160.0-255,1484,44597,9,376929
31149,0.000815,172.31.36.0-255,66,44663,9,376929
31150,0.00082,172.217.160.0-255,2497,47160,9,376929
31151,0.000822,172.31.36.0-255,66,47226,9,376929
31152,0.001404,172.217.160.0-255,1484,48710,9,376929
31153,0.001412,172.217.160.0-255,2902,51612,9,376929
31154,0.001417,172.31.36.0-255,66,51678,9,376929
31155,0.001424,172.217.160.0-255,5738,57416,9,376929
31156,0.001426,172.31.36.0-255,66,57482,9,376929
31157,0.00143,172.217.160.0-255,1484,58966,9,376929
31158,0.001451,172.217.160.0-255,7156,66122,9,376929
31159,0.001453,172.31.36.0-255,66,66188,9,376929
31160,0.001474,172.217.160.0-255,4320,70508,9,376929
31161,0.001476,172.31.36.0-255,66,70574,9,376929
31162,0.001525,172.217.160.0-255,4320,74894,9,376929
31163,0.001529,172.31.36.0-255,66,74960,9,376929
31164,0.00154,172.217.160.0-255,6438,81398,9,376929
31165,0.001542,172.31.36.0-255,66,81464,9,376929
31166,0.003208,172.217.160.0-255,5738,87202,9,376929
31167,0.003216,172.31.36.0-255,66,87268,9,376929
31168,0.004847,172.217.160.0-255,4320,91588,9,376929
31169,0.004851,172.31.36.0-255,66,91654,9,376929
31170,0.004869,172.217.160.0-255,1484,93138,9,376929
31171,0.006497,172.217.160.0-255,4320,97458,9,376929
31172,0.006504,172.31.36.0-255,66,97524,9,376929
31173,0.008136,172.217.160.0-255,5738,103262,9,376929
31174,0.008142,172.31.36.0-255,66,103328,9,376929
31175,0.009773,172.217.160.0-255,5738,109066,9,376929
31176,0.00978,172.31.36.0-255,66,109132,9,376929
31177,0.011416,172.217.160.0-255,5738,114870,9,376929
31178,0.011424,172.31.36.0-255,66,114936,9,376929
31179,0.013045,172.217.160.0-255,5738,120674,9,376929
31180,0.013053,172.31.36.0-255,66,120740,9,376929
31181,0.014691,172.217.160.0-255,5738,126478,9,376929
31182,0.014699,172.31.36.0-255,66,126544,9,376929
31183,0.016336,172.217.160.0-255,5738,132282,9,376929
31184,0.016345,172.31.36.0-255,66,132348,9,376929
31185,0.017978,172.217.160.0-255,5738,138086,9,376929
31186,0.017986,172.31.36.0-255,66,138152,9,376929
31187,0.019612,172.217.160.0-255,5738,143890,9,376929
31188,0.01962,172.31.36.0-255,66,143956,9,376929
31189,0.021242,172.217.160.0-255,5738,149694,9,376929
31190,0.021249,172.31.36.0-255,66,149760,9,376929
31191,0.022877,172.217.160.0-255,5738,155498,9,376929
31192,0.022885,172.31.36.0-255,66,155564,9,376929
31193,0.024513,172.217.160.0-255,5738,161302,9,376929
31194,0.02452,172.31.36.0-255,66,161368,9,376929
31195,0.026152,172.217.160.0-255,5738,167106,9,376929
31196,0.02616,172.31.36.0-255,66,167172,9,376929
31197,0.026284,172.31.36.0-255,101,167273,9,376929
31198,0.027789,172.217.160.0-255,5738,173011,9,376929
31199,0.027797,172.31.36.0-255,66,173077,9,376929
31200,0.027871,172.217.160.0-255,66,173143,9,376929
31201,0.029444,172.217.160.0-255,5738,178881,9,376929
31202,0.029452,172.31.36.0-255,66,178947,9,376929
31203,0.031076,172.217.160.0-255,5738,184685,9,376929
31204,0.031083,172.31.36.0-255,66,184751,9,376929
31205,0.032712,172.217.160.0-255,5738,190489,9,376929
31206,0.032719,172.31.36.0-255,66,190555,9,376929
31207,0.033582,172.31.36.0-255,176,190731,9,376929
31208,0.033614,172.31.36.0-255,1117,191848,9,376929
31209,0.03368,172.31.36.0-255,1514,193362,9,376929
31210,0.033681,172.31.36.0-255,1514,194876,9,376929
31211,0.033687,172.31.36.0-255,1514,196390,9,376929
31212,0.033688,172.31.36.0-255,1514,197904,9,376929
31213,0.033717,172.31.36.0-255,1485,199389,9,376929
31214,0.034368,172.217.160.0-255,5738,205127,9,376929
31215,0.034374,172.31.36.0-255,66,205193,9,376929
31216,0.035167,104.244.42.0-255,66,205259,9,376929
31217,0.035174,104.244.42.0-255,66,205325,9,376929
31218,0.035314,104.244.42.0-255,66,205391,9,376929
31219,0.03532,104.244.42.0-255,66,205457,9,376929
31220,0.036002,172.217.160.0-255,5738,211195,9,376929
31221,0.036009,172.31.36.0-255,66,211261,9,376929
31222,0.037648,172.217.160.0-255,5738,216999,9,376929
31223,0.037656,172.31.36.0-255,66,217065,9,376929
31224,0.039306,172.217.160.0-255,5738,222803,9,376929
31225,0.039313,172.31.36.0-255,66,222869,9,376929
31226,0.040936,172.217.160.0-255,5738,228607,9,376929
31227,0.040945,172.31.36.0-255,66,228673,9,376929
31228,0.04258,172.217.160.0-255,5738,234411,9,376929
31229,0.042587,172.31.36.0-255,66,234477,9,376929
31230,0.044221,172.217.160.0-255,5738,240215,9,376929
31231,0.044228,172.31.36.0-255,66,240281,9,376929
31232,0.045858,172.217.160.0-255,5738,246019,9,376929
31233,0.045865,172.31.36.0-255,66,246085,9,376929
31234,0.04752,172.217.160.0-255,5738,251823,9,376929
31235,0.047526,172.31.36.0-255,66,251889,9,376929
31236,0.049172,172.217.160.0-255,5738,257627,9,376929
31237,0.04918,172.31.36.0-255,66,257693,9,376929
31238,0.050816,172.217.160.0-255,5738,263431,9,376929
31239,0.050822,172.31.36.0-255,66,263497,9,376929
31240,0.052508,172.217.160.0-255,5738,269235,9,376929
31241,0.052514,172.31.36.0-255,66,269301,9,376929
31242,0.054158,172.217.160.0-255,5738,275039,9,376929
31243,0.054164,172.31.36.0-255,66,275105,9,376929
31244,0.055801,172.217.160.0-255,5738,280843,9,376929
31245,0.055808,172.31.36.0-255,66,280909,9,376929
31246,0.057445,172.217.160.0-255,5738,286647,9,376929
31247,0.057452,172.31.36.0-255,66,286713,9,376929
31248,0.059087,172.217.160.0-255,5738,292451,9,376929
31249,0.059093,172.31.36.0-255,66,292517,9,376929
31250,0.060743,172.217.160.0-255,5738,298255,9,376929
31251,0.060749,172.31.36.0-255,66,298321,9,376929
31252,0.062387,172.217.160.0-255,5738,304059,9,376929
31253,0.062394,172.31.36.0-255,66,304125,9,376929
31254,0.064041,172.217.160.0-255,5738,309863,9,376929
31255,0.064049,172.31.36.0-255,66,309929,9,376929
31256,0.065683,172.217.160.0-255,5738,315667,9,376929
31257,0.065692,172.31.36.0-255,66,315733,9,376929
31258,0.06733,172.217.160.0-255,5738,321471,9,376929
31259,0.067341,172.31.36.0-255,66,321537,9,376929
31260,0.06898,172.217.160.0-255,5738,327275,9,376929
31261,0.068989,172.31.36.0-255,66,327341,9,376929
31262,0.070624,172.217.160.0-255,5738,333079,9,376929
31263,0.070631,172.31.36.0-255,66,333145,9,376929
31264,0.072266,172.217.160.0-255,5738,338883,9,376929
31265,0.072273,172.31.36.0-255,66,338949,9,376929
31266,0.073919,172.217.160.0-255,5738,344687,9,376929
31267,0.073925,172.31.36.0-255,66,344753,9,376929
31268,0.075559,172.217.160.0-255,5738,350491,9,376929
31269,0.075565,172.31.36.0-255,66,350557,9,376929
31270,0.077187,172.217.160.0-255,5738,356295,9,376929
31271,0.077194,172.31.36.0-255,66,356361,9,376929
31272,0.078825,172.217.160.0-255,1484,357845,9,376929
31273,0.078859,172.217.160.0-255,4320,362165,9,376929
31274,0.078865,172.31.36.0-255,66,362231,9,376929
31275,0.0805,172.217.160.0-255,5738,367969,9,376929
31276,0.080507,172.31.36.0-255,66,368035,9,376929
31277,0.082143,172.217.160.0-255,5738,373773,9,376929
31278,0.08215,172.31.36.0-255,66,373839,9,376929
31279,0.083786,172.217.160.0-255,2853,376692,9,376929
31280,0.083793,172.31.36.0-255,66,376758,9,376929
31281,0.083961,172.31.36.0-255,105,376863,9,376929
31282,0.08979,172.217.160.0-255,66,376929,9,376929
31283,0.0,74.125.24.0-255,374,374,9,267257
31284,2.9e-05,172.31.36.0-255,66,440,9,267257
31285,3.5e-05,74.125.24.0-255,1484,1924,9,267257
31286,3.8e-05,172.31.36.0-255,66,1990,9,267257
31287,4.2e-05,74.125.24.0-255,1484,3474,9,267257
31288,4.4e-05,172.31.36.0-255,66,3540,9,267257
31289,6.3e-05,74.125.24.0-255,2902,6442,9,267257
31290,6.5e-05,172.31.36.0-255,66,6508,9,267257
31291,0.000252,172.31.36.0-255,66,6574,9,267257
31292,0.000588,74.125.24.0-255,4320,10894,9,267257
31293,0.000592,172.31.36.0-255,66,10960,9,267257
31294,0.00062,172.31.36.0-255,66,11026,9,267257
31295,0.001257,172.31.36.0-255,66,11092,9,267257
31296,0.002306,74.125.24.0-255,2902,13994,9,267257
31297,0.002309,172.31.36.0-255,66,14060,9,267257
31298,0.003523,74.125.24.0-255,2902,16962,9,267257
31299,0.003529,172.31.36.0-255,66,17028,9,267257
31300,0.004597,74.125.24.0-255,2902,19930,9,267257
31301,0.004605,172.31.36.0-255,66,19996,9,267257
31302,0.005805,74.125.24.0-255,2902,22898,9,267257
31303,0.005812,172.31.36.0-255,66,22964,9,267257
31304,0.006872,74.125.24.0-255,2902,25866,9,267257
31305,0.006878,172.31.36.0-255,66,25932,9,267257
31306,0.008082,74.125.24.0-255,2902,28834,9,267257
31307,0.00809,172.31.36.0-255,66,28900,9,267257
31308,0.009145,74.125.24.0-255,2902,31802,9,267257
31309,0.009152,172.31.36.0-255,66,31868,9,267257
31310,0.01035,74.125.24.0-255,2902,34770,9,267257
31311,0.010357,172.31.36.0-255,66,34836,9,267257
31312,0.011418,74.125.24.0-255,2902,37738,9,267257
31313,0.011427,172.31.36.0-255,66,37804,9,267257
31314,0.01263,74.125.24.0-255,2902,40706,9,267257
31315,0.012639,172.31.36.0-255,66,40772,9,267257
31316,0.013691,74.125.24.0-255,2902,43674,9,267257
31317,0.013699,172.31.36.0-255,66,43740,9,267257
31318,0.014917,74.125.24.0-255,2902,46642,9,267257
31319,0.014928,172.31.36.0-255,66,46708,9,267257
31320,0.015983,74.125.24.0-255,2902,49610,9,267257
31321,0.015989,172.31.36.0-255,66,49676,9,267257
31322,0.017252,74.125.24.0-255,2902,52578,9,267257
31323,0.017258,172.31.36.0-255,66,52644,9,267257
31324,0.018238,74.125.24.0-255,2902,55546,9,267257
31325,0.018245,172.31.36.0-255,66,55612,9,267257
31326,0.019121,172.31.36.0-255,172,55784,9,267257
31327,0.019152,172.31.36.0-255,613,56397,9,267257
31328,0.019553,74.125.24.0-255,2902,59299,9,267257
31329,0.01956,172.31.36.0-255,66,59365,9,267257
31330,0.020504,74.125.24.0-255,2902,62267,9,267257
31331,0.020509,172.31.36.0-255,66,62333,9,267257
31332,0.020633,104.244.42.0-255,66,62399,9,267257
31333,0.020682,104.244.42.0-255,66,62465,9,267257
31334,0.021834,74.125.24.0-255,2902,65367,9,267257
31335,0.021842,172.31.36.0-255,66,65433,9,267257
31336,0.022757,74.125.24.0-255,2902,68335,9,267257
31337,0.022766,172.31.36.0-255,66,68401,9,267257
31338,0.024111,74.125.24.0-255,2902,71303,9,267257
31339,0.024122,172.31.36.0-255,66,71369,9,267257
31340,0.025077,74.125.24.0-255,2902,74271,9,267257
31341,0.025083,172.31.36.0-255,66,74337,9,267257
31342,0.026392,74.125.24.0-255,2902,77239,9,267257
31343,0.026484,172.31.36.0-255,66,77305,9,267257
31344,0.02735,74.125.24.0-255,2902,80207,9,267257
31345,0.027358,172.31.36.0-255,66,80273,9,267257
31346,0.028747,74.125.24.0-255,2902,83175,9,267257
31347,0.028755,172.31.36.0-255,66,83241,9,267257
31348,0.029629,74.125.24.0-255,2902,86143,9,267257
31349,0.029637,172.31.36.0-255,66,86209,9,267257
31350,0.031016,74.125.24.0-255,2902,89111,9,267257
31351,0.031026,172.31.36.0-255,66,89177,9,267257
31352,0.031917,74.125.24.0-255,2902,92079,9,267257
31353,0.031925,172.31.36.0-255,66,92145,9,267257
31354,0.03329,74.125.24.0-255,2902,95047,9,267257
31355,0.033299,172.31.36.0-255,66,95113,9,267257
31356,0.034191,74.125.24.0-255,2902,98015,9,267257
31357,0.034198,172.31.36.0-255,66,98081,9,267257
31358,0.035582,74.125.24.0-255,2902,100983,9,267257
31359,0.035588,172.31.36.0-255,66,101049,9,267257
31360,0.036461,74.125.24.0-255,2902,103951,9,267257
31361,0.036467,172.31.36.0-255,66,104017,9,267257
31362,0.037838,74.125.24.0-255,2902,106919,9,267257
31363,0.037844,172.31.36.0-255,66,106985,9,267257
31364,0.038731,74.125.24.0-255,2902,109887,9,267257
31365,0.038735,172.31.36.0-255,66,109953,9,267257
31366,0.040116,74.125.24.0-255,2902,112855,9,267257
31367,0.040121,172.31.36.0-255,66,112921,9,267257
31368,0.04101,74.125.24.0-255,2902,115823,9,267257
31369,0.041015,172.31.36.0-255,66,115889,9,267257
31370,0.042435,74.125.24.0-255,2902,118791,9,267257
31371,0.04244,172.31.36.0-255,66,118857,9,267257
31372,0.043257,74.125.24.0-255,2902,121759,9,267257
31373,0.043262,172.31.36.0-255,66,121825,9,267257
31374,0.044706,74.125.24.0-255,2902,124727,9,267257
31375,0.044712,172.31.36.0-255,66,124793,9,267257
31376,0.045553,74.125.24.0-255,2902,127695,9,267257
31377,0.045559,172.31.36.0-255,66,127761,9,267257
31378,0.046993,74.125.24.0-255,2902,130663,9,267257
31379,0.046998,172.31.36.0-255,66,130729,9,267257
31380,0.047791,74.125.24.0-255,2902,133631,9,267257
31381,0.047797,172.31.36.0-255,66,133697,9,267257
31382,0.049285,74.125.24.0-255,2902,136599,9,267257
31383,0.049291,172.31.36.0-255,66,136665,9,267257
31384,0.050093,74.125.24.0-255,2902,139567,9,267257
31385,0.050098,172.31.36.0-255,66,139633,9,267257
31386,0.05154,74.125.24.0-255,2902,142535,9,267257
31387,0.051546,172.31.36.0-255,66,142601,9,267257
31388,0.05237,74.125.24.0-255,2902,145503,9,267257
31389,0.052375,172.31.36.0-255,66,145569,9,267257
31390,0.053791,74.125.24.0-255,2902,148471,9,267257
31391,0.053796,172.31.36.0-255,66,148537,9,267257
31392,0.054661,74.125.24.0-255,2902,151439,9,267257
31393,0.054667,172.31.36.0-255,66,151505,9,267257
31394,0.056102,74.125.24.0-255,2902,154407,9,267257
31395,0.056107,172.31.36.0-255,66,154473,9,267257
31396,0.056926,74.125.24.0-255,2902,157375,9,267257
31397,0.056931,172.31.36.0-255,66,157441,9,267257
31398,0.058363,74.125.24.0-255,2902,160343,9,267257
31399,0.058368,172.31.36.0-255,66,160409,9,267257
31400,0.059194,74.125.24.0-255,2902,163311,9,267257
31401,0.059199,172.31.36.0-255,66,163377,9,267257
31402,0.06061,74.125.24.0-255,2902,166279,9,267257
31403,0.060614,172.31.36.0-255,66,166345,9,267257
31404,0.061453,74.125.24.0-255,2902,169247,9,267257
31405,0.06146,172.31.36.0-255,66,169313,9,267257
31406,0.06285,74.125.24.0-255,2902,172215,9,267257
31407,0.062856,172.31.36.0-255,66,172281,9,267257
31408,0.06372,74.125.24.0-255,2902,175183,9,267257
31409,0.06374,172.31.36.0-255,66,175249,9,267257
31410,0.065131,74.125.24.0-255,2902,178151,9,267257
31411,0.065139,172.31.36.0-255,66,178217,9,267257
31412,0.065989,74.125.24.0-255,2902,181119,9,267257
31413,0.065994,172.31.36.0-255,66,181185,9,267257
31414,0.067397,74.125.24.0-255,2902,184087,9,267257
31415,0.067402,172.31.36.0-255,66,184153,9,267257
31416,0.068271,74.125.24.0-255,2902,187055,9,267257
31417,0.068276,172.31.36.0-255,66,187121,9,267257
31418,0.069668,74.125.24.0-255,2902,190023,9,267257
31419,0.069674,172.31.36.0-255,66,190089,9,267257
31420,0.070535,74.125.24.0-255,2902,192991,9,267257
31421,0.070541,172.31.36.0-255,66,193057,9,267257
31422,0.071937,74.125.24.0-255,2902,195959,9,267257
31423,0.071944,172.31.36.0-255,66,196025,9,267257
31424,0.0728,74.125.24.0-255,2902,198927,9,267257
31425,0.072805,172.31.36.0-255,66,198993,9,267257
31426,0.074216,74.125.24.0-255,2902,201895,9,267257
31427,0.074222,172.31.36.0-255,66,201961,9,267257
31428,0.075082,74.125.24.0-255,2902,204863,9,267257
31429,0.075088,172.31.36.0-255,66,204929,9,267257
31430,0.076483,74.125.24.0-255,2902,207831,9,267257
31431,0.076488,172.31.36.0-255,66,207897,9,267257
31432,0.07735,74.125.24.0-255,2902,210799,9,267257
31433,0.077356,172.31.36.0-255,66,210865,9,267257
31434,0.078742,74.125.24.0-255,2902,213767,9,267257
31435,0.078748,172.31.36.0-255,66,213833,9,267257
31436,0.079607,74.125.24.0-255,2902,216735,9,267257
31437,0.079612,172.31.36.0-255,66,216801,9,267257
31438,0.081005,74.125.24.0-255,2902,219703,9,267257
31439,0.08101,172.31.36.0-255,66,219769,9,267257
31440,0.081892,74.125.24.0-255,2902,222671,9,267257
31441,0.081898,172.31.36.0-255,66,222737,9,267257
31442,0.083297,74.125.24.0-255,2902,225639,9,267257
31443,0.083304,172.31.36.0-255,66,225705,9,267257
31444,0.084159,74.125.24.0-255,2902,228607,9,267257
31445,0.084165,172.31.36.0-255,66,228673,9,267257
31446,0.085603,74.125.24.0-255,2902,231575,9,267257
31447,0.08561,172.31.36.0-255,66,231641,9,267257
31448,0.086427,74.125.24.0-255,2902,234543,9,267257
31449,0.086433,172.31.36.0-255,66,234609,9,267257
31450,0.087865,74.125.24.0-255,2902,237511,9,267257
31451,0.087871,172.31.36.0-255,66,237577,9,267257
31452,0.088693,74.125.24.0-255,2902,240479,9,267257
31453,0.088698,172.31.36.0-255,66,240545,9,267257
31454,0.09012,74.125.24.0-255,2902,243447,9,267257
31455,0.090125,172.31.36.0-255,66,243513,9,267257
31456,0.090961,74.125.24.0-255,2902,246415,9,267257
31457,0.090967,172.31.36.0-255,66,246481,9,267257
31458,0.092428,74.125.24.0-255,2902,249383,9,267257
31459,0.092433,172.31.36.0-255,66,249449,9,267257
31460,0.093225,74.125.24.0-255,2902,252351,9,267257
31461,0.093231,172.31.36.0-255,66,252417,9,267257
31462,0.094712,74.125.24.0-255,2902,255319,9,267257
31463,0.094719,172.31.36.0-255,66,255385,9,267257
31464,0.095488,74.125.24.0-255,2902,258287,9,267257
31465,0.095494,172.31.36.0-255,66,258353,9,267257
31466,0.096988,74.125.24.0-255,2902,261255,9,267257
31467,0.096994,172.31.36.0-255,66,261321,9,267257
31468,0.09778,74.125.24.0-255,2902,264223,9,267257
31469,0.097786,172.31.36.0-255,66,264289,9,267257
31470,0.099277,74.125.24.0-255,2902,267191,9,267257
31471,0.099286,172.31.36.0-255,66,267257,9,267257
31472,0.0,74.125.68.0-255,146,146,9,406214
31473,2.7e-05,172.31.36.0-255,66,212,9,406214
31474,3.4e-05,74.125.68.0-255,1484,1696,9,406214
31475,3.8e-05,172.31.36.0-255,66,1762,9,406214
31476,4.2e-05,74.125.68.0-255,2902,4664,9,406214
31477,4.5e-05,172.31.36.0-255,66,4730,9,406214
31478,4.8e-05,74.125.68.0-255,1484,6214,9,406214
31479,5e-05,172.31.36.0-255,66,6280,9,406214
31480,8e-05,74.125.68.0-255,4320,10600,9,406214
31481,8.3e-05,172.31.36.0-255,66,10666,9,406214
31482,8.8e-05,74.125.68.0-255,3457,14123,9,406214
31483,9.1e-05,172.31.36.0-255,66,14189,9,406214
31484,0.000145,74.125.68.0-255,1484,15673,9,406214
31485,0.000148,172.31.36.0-255,66,15739,9,406214
31486,0.000154,74.125.68.0-255,2902,18641,9,406214
31487,0.000157,172.31.36.0-255,66,18707,9,406214
31488,0.000164,74.125.68.0-255,5738,24445,9,406214
31489,0.000166,172.31.36.0-255,66,24511,9,406214
31490,0.000173,74.125.68.0-255,6797,31308,9,406214
31491,0.000176,172.31.36.0-255,66,31374,9,406214
31492,0.000321,74.125.68.0-255,1484,32858,9,406214
31493,0.000325,172.31.36.0-255,66,32924,9,406214
31494,0.00033,74.125.68.0-255,2902,35826,9,406214
31495,0.000333,172.31.36.0-255,66,35892,9,406214
31496,0.000335,74.125.68.0-255,1484,37376,9,406214
31497,0.000337,172.31.36.0-255,66,37442,9,406214
31498,0.000358,74.125.68.0-255,4320,41762,9,406214
31499,0.000361,172.31.36.0-255,66,41828,9,406214
31500,0.000383,74.125.68.0-255,6797,48625,9,406214
31501,0.000386,172.31.36.0-255,66,48691,9,406214
31502,0.000412,74.125.68.0-255,7156,55847,9,406214
31503,0.000415,172.31.36.0-255,66,55913,9,406214
31504,0.000418,74.125.68.0-255,1484,57397,9,406214
31505,0.00042,172.31.36.0-255,66,57463,9,406214
31506,0.000454,172.31.36.0-255,66,57529,9,406214
31507,0.000665,74.125.68.0-255,412,57941,9,406214
31508,0.000669,172.31.36.0-255,66,58007,9,406214
31509,0.000841,74.125.68.0-255,1484,59491,9,406214
31510,0.000846,172.31.36.0-255,66,59557,9,406214
31511,0.0009,74.125.68.0-255,2902,62459,9,406214
31512,0.000904,172.31.36.0-255,66,62525,9,406214
31513,0.000909,74.125.68.0-255,2902,65427,9,406214
31514,0.000912,172.31.36.0-255,66,65493,9,406214
31515,0.000917,74.125.68.0-255,4320,69813,9,406214
31516,0.00092,172.31.36.0-255,66,69879,9,406214
31517,0.000924,74.125.68.0-255,2902,72781,9,406214
31518,0.000926,172.31.36.0-255,66,72847,9,406214
31519,0.000956,74.125.68.0-255,5738,78585,9,406214
31520,0.00096,172.31.36.0-255,66,78651,9,406214
31521,0.000968,74.125.68.0-255,7156,85807,9,406214
31522,0.00097,172.31.36.0-255,66,85873,9,406214
31523,0.000989,74.125.68.0-255,2902,88775,9,406214
31524,0.000992,172.31.36.0-255,66,88841,9,406214
31525,0.000997,74.125.68.0-255,3602,92443,9,406214
31526,0.000999,172.31.36.0-255,66,92509,9,406214
31527,0.001045,74.125.68.0-255,333,92842,9,406214
31528,0.001049,172.31.36.0-255,66,92908,9,406214
31529,0.001179,74.125.68.0-255,1484,94392,9,406214
31530,0.001184,172.31.36.0-255,66,94458,9,406214
31531,0.00119,74.125.68.0-255,2902,97360,9,406214
31532,0.001192,172.31.36.0-255,66,97426,9,406214
31533,0.001226,74.125.68.0-255,2902,100328,9,406214
31534,0.00123,172.31.36.0-255,66,100394,9,406214
31535,0.001248,74.125.68.0-255,2902,103296,9,406214
31536,0.001251,172.31.36.0-255,66,103362,9,406214
31537,0.001263,172.31.36.0-255,66,103428,9,406214
31538,0.001267,74.125.68.0-255,2902,106330,9,406214
31539,0.001269,172.31.36.0-255,66,106396,9,406214
31540,0.001294,172.31.36.0-255,66,106462,9,406214
31541,0.001298,74.125.68.0-255,2184,108646,9,406214
31542,0.001327,172.31.36.0-255,66,108712,9,406214
31543,0.001509,74.125.68.0-255,1484,110196,9,406214
31544,0.00154,74.125.68.0-255,1484,111680,9,406214
31545,0.001553,172.31.36.0-255,66,111746,9,406214
31546,0.001557,74.125.68.0-255,1484,113230,9,406214
31547,0.001562,74.125.68.0-255,5738,118968,9,406214
31548,0.001567,74.125.68.0-255,5738,124706,9,406214
31549,0.001572,172.31.36.0-255,66,124772,9,406214
31550,0.00158,74.125.68.0-255,1484,126256,9,406214
31551,0.001584,74.125.68.0-255,4320,130576,9,406214
31552,0.001606,74.125.68.0-255,4320,134896,9,406214
31553,0.001621,74.125.68.0-255,1484,136380,9,406214
31554,0.001641,74.125.68.0-255,5738,142118,9,406214
31555,0.001644,172.31.36.0-255,66,142184,9,406214
31556,0.001648,172.31.36.0-255,66,142250,9,406214
31557,0.001662,74.125.68.0-255,766,143016,9,406214
31558,0.001814,74.125.68.0-255,1484,144500,9,406214
31559,0.001817,172.31.36.0-255,66,144566,9,406214
31560,0.001821,74.125.68.0-255,1484,146050,9,406214
31561,0.001834,74.125.68.0-255,1484,147534,9,406214
31562,0.001836,74.125.68.0-255,1484,149018,9,406214
31563,0.001843,172.31.36.0-255,66,149084,9,406214
31564,0.001854,74.125.68.0-255,2902,151986,9,406214
31565,0.001876,74.125.68.0-255,4320,156306,9,406214
31566,0.001883,172.31.36.0-255,66,156372,9,406214
31567,0.001899,74.125.68.0-255,1484,157856,9,406214
31568,0.001903,74.125.68.0-255,2902,160758,9,406214
31569,0.001908,172.31.36.0-255,66,160824,9,406214
31570,0.00193,74.125.68.0-255,4320,165144,9,406214
31571,0.001933,74.125.68.0-255,1484,166628,9,406214
31572,0.001941,172.31.36.0-255,66,166694,9,406214
31573,0.001953,74.125.68.0-255,2902,169596,9,406214
31574,0.001965,172.31.36.0-255,66,169662,9,406214
31575,0.001975,74.125.68.0-255,5738,175400,9,406214
31576,0.001991,172.31.36.0-255,66,175466,9,406214
31577,0.002009,74.125.68.0-255,2184,177650,9,406214
31578,0.002013,172.31.36.0-255,66,177716,9,406214
31579,0.002032,74.125.68.0-255,1484,179200,9,406214
31580,0.002044,74.125.68.0-255,1484,180684,9,406214
31581,0.002047,74.125.68.0-255,1484,182168,9,406214
31582,0.002051,172.31.36.0-255,66,182234,9,406214
31583,0.002062,74.125.68.0-255,2902,185136,9,406214
31584,0.002081,172.31.36.0-255,66,185202,9,406214
31585,0.002096,74.125.68.0-255,5738,190940,9,406214
31586,0.002113,172.31.36.0-255,66,191006,9,406214
31587,0.002159,74.125.68.0-255,5738,196744,9,406214
31588,0.002164,74.125.68.0-255,1484,198228,9,406214
31589,0.002184,74.125.68.0-255,5738,203966,9,406214
31590,0.002201,74.125.68.0-255,2902,206868,9,406214
31591,0.002218,74.125.68.0-255,4320,211188,9,406214
31592,0.002226,172.31.36.0-255,66,211254,9,406214
31593,0.002255,74.125.68.0-255,766,212020,9,406214
31594,0.002929,172.31.36.0-255,66,212086,9,406214
31595,0.00453,74.125.68.0-255,4320,216406,9,406214
31596,0.004533,172.31.36.0-255,66,216472,9,406214
31597,0.005231,74.125.68.0-255,1484,217956,9,406214
31598,0.005235,172.31.36.0-255,66,218022,9,406214
31599,0.006845,74.125.68.0-255,4320,222342,9,406214
31600,0.006852,172.31.36.0-255,66,222408,9,406214
31601,0.007534,74.125.68.0-255,1484,223892,9,406214
31602,0.009152,74.125.68.0-255,4320,228212,9,406214
31603,0.01038,172.31.36.0-255,66,228278,9,406214
31604,0.012692,74.125.68.0-255,5738,234016,9,406214
31605,0.0127,172.31.36.0-255,66,234082,9,406214
31606,0.015018,74.125.68.0-255,5738,239820,9,406214
31607,0.015026,172.31.36.0-255,66,239886,9,406214
31608,0.01736,74.125.68.0-255,5738,245624,9,406214
31609,0.017369,172.31.36.0-255,66,245690,9,406214
31610,0.019681,74.125.68.0-255,5738,251428,9,406214
31611,0.019689,172.31.36.0-255,66,251494,9,406214
31612,0.021992,74.125.68.0-255,5738,257232,9,406214
31613,0.021999,172.31.36.0-255,66,257298,9,406214
31614,0.024341,74.125.68.0-255,5738,263036,9,406214
31615,0.024348,172.31.36.0-255,66,263102,9,406214
31616,0.026655,74.125.68.0-255,5738,268840,9,406214
31617,0.026661,172.31.36.0-255,66,268906,9,406214
31618,0.028966,74.125.68.0-255,5738,274644,9,406214
31619,0.028974,172.31.36.0-255,66,274710,9,406214
31620,0.031278,74.125.68.0-255,5738,280448,9,406214
31621,0.031286,172.31.36.0-255,66,280514,9,406214
31622,0.033623,74.125.68.0-255,5738,286252,9,406214
31623,0.033631,172.31.36.0-255,66,286318,9,406214
31624,0.035671,172.31.36.0-255,172,286490,9,406214
31625,0.035727,172.31.36.0-255,1115,287605,9,406214
31626,0.035797,172.31.36.0-255,1514,289119,9,406214
31627,0.035799,172.31.36.0-255,1514,290633,9,406214
31628,0.0358,172.31.36.0-255,1514,292147,9,406214
31629,0.035805,172.31.36.0-255,1514,293661,9,406214
31630,0.035825,172.31.36.0-255,1489,295150,9,406214
31631,0.035939,74.125.68.0-255,5738,300888,9,406214
31632,0.035946,172.31.36.0-255,66,300954,9,406214
31633,0.037199,104.244.42.0-255,66,301020,9,406214
31634,0.037264,104.244.42.0-255,66,301086,9,406214
31635,0.03733,104.244.42.0-255,66,301152,9,406214
31636,0.037358,104.244.42.0-255,66,301218,9,406214
31637,0.038254,74.125.68.0-255,5738,306956,9,406214
31638,0.038261,172.31.36.0-255,66,307022,9,406214
31639,0.040577,74.125.68.0-255,5738,312760,9,406214
31640,0.040584,172.31.36.0-255,66,312826,9,406214
31641,0.042895,74.125.68.0-255,5738,318564,9,406214
31642,0.042901,172.31.36.0-255,66,318630,9,406214
31643,0.045212,74.125.68.0-255,5738,324368,9,406214
31644,0.045218,172.31.36.0-255,66,324434,9,406214
31645,0.04754,74.125.68.0-255,5738,330172,9,406214
31646,0.04755,172.31.36.0-255,66,330238,9,406214
31647,0.049879,74.125.68.0-255,5738,335976,9,406214
31648,0.049885,172.31.36.0-255,66,336042,9,406214
31649,0.052204,74.125.68.0-255,5738,341780,9,406214
31650,0.05221,172.31.36.0-255,66,341846,9,406214
31651,0.054529,74.125.68.0-255,5738,347584,9,406214
31652,0.054534,172.31.36.0-255,66,347650,9,406214
31653,0.056845,74.125.68.0-255,5738,353388,9,406214
31654,0.05685,172.31.36.0-255,66,353454,9,406214
31655,0.059156,74.125.68.0-255,4320,357774,9,406214
31656,0.059162,172.31.36.0-255,66,357840,9,406214
31657,0.05918,74.125.68.0-255,1484,359324,9,406214
31658,0.061461,74.125.68.0-255,4320,363644,9,406214
31659,0.061465,172.31.36.0-255,66,363710,9,406214
31660,0.063772,74.125.68.0-255,5738,369448,9,406214
31661,0.063813,172.31.36.0-255,66,369514,9,406214
31662,0.066135,74.125.68.0-255,5738,375252,9,406214
31663,0.066141,172.31.36.0-255,66,375318,9,406214
31664,0.068457,74.125.68.0-255,5738,381056,9,406214
31665,0.068463,172.31.36.0-255,66,381122,9,406214
31666,0.070779,74.125.68.0-255,5738,386860,9,406214
31667,0.070786,172.31.36.0-255,66,386926,9,406214
31668,0.07311,74.125.68.0-255,5738,392664,9,406214
31669,0.073116,172.31.36.0-255,66,392730,9,406214
31670,0.075429,74.125.68.0-255,5738,398468,9,406214
31671,0.075436,172.31.36.0-255,66,398534,9,406214
31672,0.077745,74.125.68.0-255,5738,404272,9,406214
31673,0.077751,172.31.36.0-255,66,404338,9,406214
31674,0.080056,74.125.68.0-255,1639,405977,9,406214
31675,0.080061,172.31.36.0-255,66,406043,9,406214
31676,0.080195,172.31.36.0-255,105,406148,9,406214
31677,0.082467,74.125.68.0-255,66,406214,9,406214
31678,0.0,74.125.24.0-255,296,296,9,236785
31679,3.3e-05,172.31.36.0-255,66,362,9,236785
31680,3.9e-05,74.125.24.0-255,1484,1846,9,236785
31681,4.4e-05,172.31.36.0-255,66,1912,9,236785
31682,4.9e-05,74.125.24.0-255,4320,6232,9,236785
31683,6.1e-05,172.31.36.0-255,66,6298,9,236785
31684,7.4e-05,172.31.36.0-255,66,6364,9,236785
31685,7.9e-05,74.125.24.0-255,5738,12102,9,236785
31686,8.2e-05,172.31.36.0-255,66,12168,9,236785
31687,0.000122,172.31.36.0-255,66,12234,9,236785
31688,0.000153,74.125.24.0-255,1484,13718,9,236785
31689,0.000156,172.31.36.0-255,66,13784,9,236785
31690,0.000187,74.125.24.0-255,2902,16686,9,236785
31691,0.000189,172.31.36.0-255,66,16752,9,236785
31692,0.000198,74.125.24.0-255,5738,22490,9,236785
31693,0.000201,172.31.36.0-255,66,22556,9,236785
31694,0.000217,172.31.36.0-255,66,22622,9,236785
31695,0.000228,172.31.36.0-255,66,22688,9,236785
31696,0.00026,74.125.24.0-255,7073,29761,9,236785
31697,0.000262,172.31.36.0-255,66,29827,9,236785
31698,0.000265,74.125.24.0-255,380,30207,9,236785
31699,0.000267,172.31.36.0-255,66,30273,9,236785
31700,0.000424,74.125.24.0-255,1484,31757,9,236785
31701,0.000429,172.31.36.0-255,66,31823,9,236785
31702,0.000435,74.125.24.0-255,2902,34725,9,236785
31703,0.000438,172.31.36.0-255,66,34791,9,236785
31704,0.000473,74.125.24.0-255,5738,40529,9,236785
31705,0.000476,172.31.36.0-255,66,40595,9,236785
31706,0.000482,74.125.24.0-255,4320,44915,9,236785
31707,0.000484,172.31.36.0-255,66,44981,9,236785
31708,0.000528,172.31.36.0-255,66,45047,9,236785
31709,0.000529,74.125.24.0-255,6797,51844,9,236785
31710,0.000532,172.31.36.0-255,66,51910,9,236785
31711,0.000633,74.125.24.0-255,1484,53394,9,236785
31712,0.000638,74.125.24.0-255,1484,54878,9,236785
31713,0.00064,172.31.36.0-255,66,54944,9,236785
31714,0.000668,74.125.24.0-255,1484,56428,9,236785
31715,0.000674,74.125.24.0-255,5738,62166,9,236785
31716,0.000677,172.31.36.0-255,66,62232,9,236785
31717,0.000683,74.125.24.0-255,4320,66552,9,236785
31718,0.000685,172.31.36.0-255,66,66618,9,236785
31719,0.000688,74.125.24.0-255,1484,68102,9,236785
31720,0.00073,172.31.36.0-255,66,68168,9,236785
31721,0.000734,172.31.36.0-255,66,68234,9,236785
31722,0.000764,74.125.24.0-255,3602,71836,9,236785
31723,0.000768,172.31.36.0-255,66,71902,9,236785
31724,0.00078,172.31.36.0-255,66,71968,9,236785
31725,0.000797,172.31.36.0-255,66,72034,9,236785
31726,0.001158,74.125.24.0-255,1484,73518,9,236785
31727,0.001173,74.125.24.0-255,2902,76420,9,236785
31728,0.001177,172.31.36.0-255,66,76486,9,236785
31729,0.001184,74.125.24.0-255,5738,82224,9,236785
31730,0.001186,172.31.36.0-255,66,82290,9,236785
31731,0.001207,74.125.24.0-255,5738,88028,9,236785
31732,0.00121,172.31.36.0-255,66,88094,9,236785
31733,0.001236,74.125.24.0-255,7156,95250,9,236785
31734,0.001239,172.31.36.0-255,66,95316,9,236785
31735,0.001247,74.125.24.0-255,7156,102472,9,236785
31736,0.001249,172.31.36.0-255,66,102538,9,236785
31737,0.001275,74.125.24.0-255,3602,106140,9,236785
31738,0.001278,172.31.36.0-255,66,106206,9,236785
31739,0.001299,74.125.24.0-255,4320,110526,9,236785
31740,0.001303,172.31.36.0-255,66,110592,9,236785
31741,0.001314,172.31.36.0-255,66,110658,9,236785
31742,0.001319,74.125.24.0-255,4320,114978,9,236785
31743,0.001322,172.31.36.0-255,66,115044,9,236785
31744,0.001361,74.125.24.0-255,7156,122200,9,236785
31745,0.001364,172.31.36.0-255,66,122266,9,236785
31746,0.001385,74.125.24.0-255,7156,129422,9,236785
31747,0.001389,172.31.36.0-255,66,129488,9,236785
31748,0.001437,172.31.36.0-255,66,129554,9,236785
31749,0.001459,172.31.36.0-255,66,129620,9,236785
31750,0.001472,172.31.36.0-255,66,129686,9,236785
31751,0.001491,74.125.24.0-255,1484,131170,9,236785
31752,0.001502,74.125.24.0-255,2902,134072,9,236785
31753,0.001505,172.31.36.0-255,66,134138,9,236785
31754,0.001509,74.125.24.0-255,1484,135622,9,236785
31755,0.001536,74.125.24.0-255,4320,139942,9,236785
31756,0.00154,172.31.36.0-255,66,140008,9,236785
31757,0.001551,172.31.36.0-255,66,140074,9,236785
31758,0.001592,74.125.24.0-255,5738,145812,9,236785
31759,0.001595,172.31.36.0-255,66,145878,9,236785
31760,0.00164,74.125.24.0-255,4320,150198,9,236785
31761,0.001644,172.31.36.0-255,66,150264,9,236785
31762,0.001651,74.125.24.0-255,5020,155284,9,236785
31763,0.001653,172.31.36.0-255,66,155350,9,236785
31764,0.001737,74.125.24.0-255,1484,156834,9,236785
31765,0.001754,74.125.24.0-255,2902,159736,9,236785
31766,0.001758,172.31.36.0-255,66,159802,9,236785
31767,0.001779,74.125.24.0-255,5738,165540,9,236785
31768,0.001783,172.31.36.0-255,66,165606,9,236785
31769,0.001787,74.125.24.0-255,2902,168508,9,236785
31770,0.001789,172.31.36.0-255,66,168574,9,236785
31771,0.001838,172.31.36.0-255,66,168640,9,236785
31772,0.001845,74.125.24.0-255,5738,174378,9,236785
31773,0.001848,172.31.36.0-255,66,174444,9,236785
31774,0.001883,74.125.24.0-255,5020,179464,9,236785
31775,0.001888,172.31.36.0-255,66,179530,9,236785
31776,0.001942,74.125.24.0-255,1484,181014,9,236785
31777,0.001965,74.125.24.0-255,2902,183916,9,236785
31778,0.00197,172.31.36.0-255,66,183982,9,236785
31779,0.001976,74.125.24.0-255,5738,189720,9,236785
31780,0.001979,172.31.36.0-255,66,189786,9,236785
31781,0.001982,74.125.24.0-255,1484,191270,9,236785
31782,0.002016,74.125.24.0-255,4320,195590,9,236785
31783,0.00202,172.31.36.0-255,66,195656,9,236785
31784,0.002027,74.125.24.0-255,5738,201394,9,236785
31785,0.00203,172.31.36.0-255,66,201460,9,236785
31786,0.002073,74.125.24.0-255,7156,208616,9,236785
31787,0.002079,172.31.36.0-255,66,208682,9,236785
31788,0.002085,74.125.24.0-255,5020,213702,9,236785
31789,0.002088,172.31.36.0-255,66,213768,9,236785
31790,0.002095,74.125.24.0-255,5738,219506,9,236785
31791,0.002097,172.31.36.0-255,66,219572,9,236785
31792,0.002134,74.125.24.0-255,1484,221056,9,236785
31793,0.002145,172.31.36.0-255,66,221122,9,236785
31794,0.002158,172.31.36.0-255,66,221188,9,236785
31795,0.002188,172.31.36.0-255,66,221254,9,236785
31796,0.002211,74.125.24.0-255,766,222020,9,236785
31797,0.002217,74.125.24.0-255,5738,227758,9,236785
31798,0.002219,172.31.36.0-255,66,227824,9,236785
31799,0.002246,74.125.24.0-255,2349,230173,9,236785
31800,0.002249,172.31.36.0-255,66,230239,9,236785
31801,0.002274,74.125.24.0-255,105,230344,9,236785
31802,0.008369,172.31.36.0-255,66,230410,9,236785
31803,0.008397,172.31.36.0-255,105,230515,9,236785
31804,0.010701,74.125.24.0-255,66,230581,9,236785
31805,0.047187,172.31.36.0-255,176,230757,9,236785
31806,0.047219,172.31.36.0-255,1115,231872,9,236785
31807,0.04728,172.31.36.0-255,1514,233386,9,236785
31808,0.047282,172.31.36.0-255,1514,234900,9,236785
31809,0.047283,172.31.36.0-255,1514,236414,9,236785
31810,0.047284,172.31.36.0-255,107,236521,9,236785
31811,0.048767,104.244.42.0-255,66,236587,9,236785
31812,0.048825,104.244.42.0-255,66,236653,9,236785
31813,0.048914,104.244.42.0-255,66,236719,9,236785
31814,0.048919,104.244.42.0-255,66,236785,9,236785
31815,0.0,172.31.36.0-255,105,105,9,276
31816,0.001778,157.240.13.0-255,105,210,9,276
31817,0.001791,172.31.36.0-255,66,276,9,276
31818,0.0,74.125.24.0-255,153,153,9,331711
31819,3e-05,172.31.36.0-255,66,219,9,331711
31820,3.7e-05,74.125.24.0-255,1484,1703,9,331711
31821,4e-05,172.31.36.0-255,66,1769,9,331711
31822,6.4e-05,74.125.24.0-255,1484,3253,9,331711
31823,6.6e-05,172.31.36.0-255,66,3319,9,331711
31824,7.8e-05,74.125.24.0-255,2902,6221,9,331711
31825,8e-05,172.31.36.0-255,66,6287,9,331711
31826,8.4e-05,74.125.24.0-255,2902,9189,9,331711
31827,8.7e-05,172.31.36.0-255,66,9255,9,331711
31828,0.000113,74.125.24.0-255,2902,12157,9,331711
31829,0.000115,172.31.36.0-255,66,12223,9,331711
31830,0.000122,74.125.24.0-255,2058,14281,9,331711
31831,0.000126,172.31.36.0-255,66,14347,9,331711
31832,0.000174,74.125.24.0-255,1484,15831,9,331711
31833,0.000176,172.31.36.0-255,66,15897,9,331711
31834,0.000181,74.125.24.0-255,2902,18799,9,331711
31835,0.000183,172.31.36.0-255,66,18865,9,331711
31836,0.000214,74.125.24.0-255,5738,24603,9,331711
31837,0.000217,172.31.36.0-255,66,24669,9,331711
31838,0.000222,74.125.24.0-255,4320,28989,9,331711
31839,0.000224,172.31.36.0-255,66,29055,9,331711
31840,0.000256,74.125.24.0-255,2543,31598,9,331711
31841,0.000259,172.31.36.0-255,66,31664,9,331711
31842,0.000329,74.125.24.0-255,1484,33148,9,331711
31843,0.000332,172.31.36.0-255,66,33214,9,331711
31844,0.000336,74.125.24.0-255,1484,34698,9,331711
31845,0.000338,172.31.36.0-255,66,34764,9,331711
31846,0.000359,74.125.24.0-255,1484,36248,9,331711
31847,0.000361,172.31.36.0-255,66,36314,9,331711
31848,0.000367,74.125.24.0-255,5738,42052,9,331711
31849,0.000369,172.31.36.0-255,66,42118,9,331711
31850,0.000376,74.125.24.0-255,6797,48915,9,331711
31851,0.000388,172.31.36.0-255,66,48981,9,331711
31852,0.000422,74.125.24.0-255,2543,51524,9,331711
31853,0.000434,172.31.36.0-255,66,51590,9,331711
31854,0.000436,74.125.24.0-255,358,51948,9,331711
31855,0.000481,74.125.24.0-255,135,52083,9,331711
31856,0.000615,74.125.24.0-255,348,52431,9,331711
31857,0.000717,172.31.36.0-255,66,52497,9,331711
31858,0.000954,74.125.24.0-255,1484,53981,9,331711
31859,0.000972,74.125.24.0-255,2902,56883,9,331711
31860,0.000978,74.125.24.0-255,5738,62621,9,331711
31861,0.00099,172.31.36.0-255,66,62687,9,331711
31862,0.001001,74.125.24.0-255,5738,68425,9,331711
31863,0.001016,172.31.36.0-255,66,68491,9,331711
31864,0.001034,74.125.24.0-255,7156,75647,9,331711
31865,0.001038,74.125.24.0-255,2902,78549,9,331711
31866,0.001041,172.31.36.0-255,66,78615,9,331711
31867,0.001045,172.31.36.0-255,66,78681,9,331711
31868,0.001061,74.125.24.0-255,7156,85837,9,331711
31869,0.001065,172.31.36.0-255,66,85903,9,331711
31870,0.001086,74.125.24.0-255,766,86669,9,331711
31871,0.001237,172.31.36.0-255,66,86735,9,331711
31872,0.00126,74.125.24.0-255,1484,88219,9,331711
31873,0.001275,74.125.24.0-255,2902,91121,9,331711
31874,0.001279,74.125.24.0-255,2902,94023,9,331711
31875,0.001283,172.31.36.0-255,66,94089,9,331711
31876,0.001293,74.125.24.0-255,2902,96991,9,331711
31877,0.001297,74.125.24.0-255,2902,99893,9,331711
31878,0.001303,172.31.36.0-255,66,99959,9,331711
31879,0.001312,74.125.24.0-255,5738,105697,9,331711
31880,0.001316,172.31.36.0-255,66,105763,9,331711
31881,0.001331,74.125.24.0-255,4320,110083,9,331711
31882,0.001339,172.31.36.0-255,66,110149,9,331711
31883,0.00135,172.31.36.0-255,66,110215,9,331711
31884,0.001425,74.125.24.0-255,1484,111699,9,331711
31885,0.001436,74.125.24.0-255,2902,114601,9,331711
31886,0.001439,172.31.36.0-255,66,114667,9,331711
31887,0.001443,74.125.24.0-255,2902,117569,9,331711
31888,0.001453,172.31.36.0-255,66,117635,9,331711
31889,0.001466,74.125.24.0-255,2902,120537,9,331711
31890,0.001471,172.31.36.0-255,66,120603,9,331711
31891,0.001477,74.125.24.0-255,7156,127759,9,331711
31892,0.001485,172.31.36.0-255,66,127825,9,331711
31893,0.001505,74.125.24.0-255,5738,133563,9,331711
31894,0.001517,172.31.36.0-255,66,133629,9,331711
31895,0.00152,74.125.24.0-255,1484,135113,9,331711
31896,0.001556,74.125.24.0-255,2902,138015,9,331711
31897,0.001558,172.31.36.0-255,66,138081,9,331711
31898,0.001569,172.31.36.0-255,66,138147,9,331711
31899,0.001599,74.125.24.0-255,7156,145303,9,331711
31900,0.001599,172.31.36.0-255,66,145369,9,331711
31901,0.001604,172.31.36.0-255,66,145435,9,331711
31902,0.001627,74.125.24.0-255,5738,151173,9,331711
31903,0.001634,172.31.36.0-255,66,151239,9,331711
31904,0.001655,172.31.36.0-255,66,151305,9,331711
31905,0.001731,74.125.24.0-255,1484,152789,9,331711
31906,0.001734,74.125.24.0-255,1484,154273,9,331711
31907,0.001743,172.31.36.0-255,66,154339,9,331711
31908,0.001753,74.125.24.0-255,1484,155823,9,331711
31909,0.001762,74.125.24.0-255,5738,161561,9,331711
31910,0.001767,172.31.36.0-255,66,161627,9,331711
31911,0.001831,172.31.36.0-255,66,161693,9,331711
31912,0.001841,172.31.36.0-255,66,161759,9,331711
31913,0.001894,74.125.24.0-255,1484,163243,9,331711
31914,0.001911,74.125.24.0-255,1484,164727,9,331711
31915,0.001915,172.31.36.0-255,66,164793,9,331711
31916,0.001928,74.125.24.0-255,1484,166277,9,331711
31917,0.001938,74.125.24.0-255,4320,170597,9,331711
31918,0.001941,172.31.36.0-255,66,170663,9,331711
31919,0.001962,172.31.36.0-255,66,170729,9,331711
31920,0.001983,74.125.24.0-255,7156,177885,9,331711
31921,0.001992,172.31.36.0-255,66,177951,9,331711
31922,0.002018,74.125.24.0-255,1484,179435,9,331711
31923,0.002031,172.31.36.0-255,66,179501,9,331711
31924,0.004022,74.125.24.0-255,5738,185239,9,331711
31925,0.004027,172.31.36.0-255,66,185305,9,331711
31926,0.006022,74.125.24.0-255,5738,191043,9,331711
31927,0.006027,172.31.36.0-255,66,191109,9,331711
31928,0.008015,74.125.24.0-255,5738,196847,9,331711
31929,0.008022,172.31.36.0-255,66,196913,9,331711
31930,0.010023,74.125.24.0-255,5738,202651,9,331711
31931,0.010029,172.31.36.0-255,66,202717,9,331711
31932,0.012031,74.125.24.0-255,5738,208455,9,331711
31933,0.012039,172.31.36.0-255,66,208521,9,331711
31934,0.014039,74.125.24.0-255,5738,214259,9,331711
31935,0.014046,172.31.36.0-255,66,214325,9,331711
31936,0.016047,74.125.24.0-255,5738,220063,9,331711
31937,0.017176,172.31.36.0-255,66,220129,9,331711
31938,0.019169,74.125.24.0-255,5738,225867,9,331711
31939,0.019176,172.31.36.0-255,66,225933,9,331711
31940,0.021174,74.125.24.0-255,5738,231671,9,331711
31941,0.021182,172.31.36.0-255,66,231737,9,331711
31942,0.023155,74.125.24.0-255,5738,237475,9,331711
31943,0.023162,172.31.36.0-255,66,237541,9,331711
31944,0.025163,74.125.24.0-255,5738,243279,9,331711
31945,0.025168,172.31.36.0-255,66,243345,9,331711
31946,0.027168,74.125.24.0-255,5738,249083,9,331711
31947,0.027176,172.31.36.0-255,66,249149,9,331711
31948,0.029178,74.125.24.0-255,5738,254887,9,331711
31949,0.029185,172.31.36.0-255,66,254953,9,331711
31950,0.031182,74.125.24.0-255,5738,260691,9,331711
31951,0.031188,172.31.36.0-255,66,260757,9,331711
31952,0.033179,74.125.24.0-255,5738,266495,9,331711
31953,0.033186,172.31.36.0-255,66,266561,9,331711
31954,0.035164,74.125.24.0-255,5738,272299,9,331711
31955,0.035171,172.31.36.0-255,66,272365,9,331711
31956,0.037168,74.125.24.0-255,5738,278103,9,331711
31957,0.037175,172.31.36.0-255,66,278169,9,331711
31958,0.039173,74.125.24.0-255,5738,283907,9,331711
31959,0.03918,172.31.36.0-255,66,283973,9,331711
31960,0.041177,74.125.24.0-255,5738,289711,9,331711
31961,0.041185,172.31.36.0-255,66,289777,9,331711
31962,0.043193,74.125.24.0-255,5738,295515,9,331711
31963,0.0432,172.31.36.0-255,66,295581,9,331711
31964,0.045164,74.125.24.0-255,5738,301319,9,331711
31965,0.04517,172.31.36.0-255,66,301385,9,331711
31966,0.047211,74.125.24.0-255,5738,307123,9,331711
31967,0.047218,172.31.36.0-255,66,307189,9,331711
31968,0.049249,74.125.24.0-255,5738,312927,9,331711
31969,0.049257,172.31.36.0-255,66,312993,9,331711
31970,0.051241,74.125.24.0-255,5738,318731,9,331711
31971,0.051248,172.31.36.0-255,66,318797,9,331711
31972,0.053223,74.125.24.0-255,5738,324535,9,331711
31973,0.053248,172.31.36.0-255,66,324601,9,331711
31974,0.055254,74.125.24.0-255,3091,327692,9,331711
31975,0.055261,172.31.36.0-255,66,327758,9,331711
31976,0.055469,172.31.36.0-255,105,327863,9,331711
31977,0.057417,74.125.24.0-255,66,327929,9,331711
31978,0.062795,172.31.36.0-255,172,328101,9,331711
31979,0.062822,172.31.36.0-255,1117,329218,9,331711
31980,0.06289,172.31.36.0-255,1514,330732,9,331711
31981,0.062892,172.31.36.0-255,781,331513,9,331711
31982,0.064304,104.244.42.0-255,66,331579,9,331711
31983,0.064329,104.244.42.0-255,66,331645,9,331711
31984,0.064398,104.244.42.0-255,66,331711,9,331711
31985,0.0,74.125.68.0-255,153,153,9,377076
31986,2.8e-05,172.31.36.0-255,66,219,9,377076
31987,6.9e-05,74.125.68.0-255,1484,1703,9,377076
31988,7.3e-05,172.31.36.0-255,66,1769,9,377076
31989,7.9e-05,74.125.68.0-255,2902,4671,9,377076
31990,8.3e-05,172.31.36.0-255,66,4737,9,377076
31991,8.6e-05,74.125.68.0-255,1484,6221,9,377076
31992,9e-05,172.31.36.0-255,66,6287,9,377076
31993,0.000105,74.125.68.0-255,2902,9189,9,377076
31994,0.000109,172.31.36.0-255,66,9255,9,377076
31995,0.000122,74.125.68.0-255,1484,10739,9,377076
31996,0.000125,172.31.36.0-255,66,10805,9,377076
31997,0.000153,74.125.68.0-255,4901,15706,9,377076
31998,0.000156,172.31.36.0-255,66,15772,9,377076
31999,0.000159,74.125.68.0-255,1484,17256,9,377076
32000,0.000161,172.31.36.0-255,66,17322,9,377076
32001,0.000165,74.125.68.0-255,2902,20224,9,377076
32002,0.000168,172.31.36.0-255,66,20290,9,377076
32003,0.00017,74.125.68.0-255,1484,21774,9,377076
32004,0.000172,172.31.36.0-255,66,21840,9,377076
32005,0.000197,74.125.68.0-255,4320,26160,9,377076
32006,0.0002,172.31.36.0-255,66,26226,9,377076
32007,0.000204,74.125.68.0-255,2902,29128,9,377076
32008,0.000207,172.31.36.0-255,66,29194,9,377076
32009,0.000239,74.125.68.0-255,2543,31737,9,377076
32010,0.000242,172.31.36.0-255,66,31803,9,377076
32011,0.000302,74.125.68.0-255,1484,33287,9,377076
32012,0.000306,172.31.36.0-255,66,33353,9,377076
32013,0.000341,74.125.68.0-255,2902,36255,9,377076
32014,0.000345,74.125.68.0-255,2902,39157,9,377076
32015,0.000347,172.31.36.0-255,66,39223,9,377076
32016,0.000352,172.31.36.0-255,66,39289,9,377076
32017,0.000367,74.125.68.0-255,4320,43609,9,377076
32018,0.000371,172.31.36.0-255,66,43675,9,377076
32019,0.000399,74.125.68.0-255,5379,49054,9,377076
32020,0.000403,172.31.36.0-255,66,49120,9,377076
32021,0.000428,74.125.68.0-255,5738,54858,9,377076
32022,0.00043,172.31.36.0-255,66,54924,9,377076
32023,0.000452,74.125.68.0-255,5738,60662,9,377076
32024,0.000455,172.31.36.0-255,66,60728,9,377076
32025,0.000508,74.125.68.0-255,5687,66415,9,377076
32026,0.000511,172.31.36.0-255,66,66481,9,377076
32027,0.000528,74.125.68.0-255,118,66599,9,377076
32028,0.000621,74.125.68.0-255,1484,68083,9,377076
32029,0.000625,172.31.36.0-255,66,68149,9,377076
32030,0.00063,74.125.68.0-255,2902,71051,9,377076
32031,0.000632,172.31.36.0-255,66,71117,9,377076
32032,0.000656,74.125.68.0-255,2902,74019,9,377076
32033,0.000659,172.31.36.0-255,66,74085,9,377076
32034,0.00069,74.125.68.0-255,4320,78405,9,377076
32035,0.000693,172.31.36.0-255,66,78471,9,377076
32036,0.000703,74.125.68.0-255,2902,81373,9,377076
32037,0.000705,172.31.36.0-255,66,81439,9,377076
32038,0.000728,74.125.68.0-255,2902,84341,9,377076
32039,0.000731,172.31.36.0-255,66,84407,9,377076
32040,0.000738,74.125.68.0-255,7156,91563,9,377076
32041,0.00074,172.31.36.0-255,66,91629,9,377076
32042,0.000747,74.125.68.0-255,5738,97367,9,377076
32043,0.00075,172.31.36.0-255,66,97433,9,377076
32044,0.00077,74.125.68.0-255,2902,100335,9,377076
32045,0.000774,172.31.36.0-255,66,100401,9,377076
32046,0.000777,74.125.68.0-255,766,101167,9,377076
32047,0.000819,74.125.68.0-255,1746,102913,9,377076
32048,0.000822,172.31.36.0-255,66,102979,9,377076
32049,0.000826,74.125.68.0-255,1484,104463,9,377076
32050,0.000844,74.125.68.0-255,2902,107365,9,377076
32051,0.000847,172.31.36.0-255,66,107431,9,377076
32052,0.000852,74.125.68.0-255,2902,110333,9,377076
32053,0.000854,172.31.36.0-255,66,110399,9,377076
32054,0.000873,74.125.68.0-255,4320,114719,9,377076
32055,0.000875,172.31.36.0-255,66,114785,9,377076
32056,0.000907,74.125.68.0-255,1484,116269,9,377076
32057,0.000911,74.125.68.0-255,2902,119171,9,377076
32058,0.000915,172.31.36.0-255,66,119237,9,377076
32059,0.000938,74.125.68.0-255,5738,124975,9,377076
32060,0.000942,172.31.36.0-255,66,125041,9,377076
32061,0.000945,74.125.68.0-255,1484,126525,9,377076
32062,0.000967,74.125.68.0-255,7156,133681,9,377076
32063,0.00097,172.31.36.0-255,66,133747,9,377076
32064,0.001002,74.125.68.0-255,2184,135931,9,377076
32065,0.001005,172.31.36.0-255,66,135997,9,377076
32066,0.001025,74.125.68.0-255,2902,138899,9,377076
32067,0.001028,172.31.36.0-255,66,138965,9,377076
32068,0.001046,74.125.68.0-255,5738,144703,9,377076
32069,0.001049,172.31.36.0-255,66,144769,9,377076
32070,0.001064,74.125.68.0-255,1484,146253,9,377076
32071,0.001067,74.125.68.0-255,1484,147737,9,377076
32072,0.001069,172.31.36.0-255,66,147803,9,377076
32073,0.001081,74.125.68.0-255,2902,150705,9,377076
32074,0.001084,172.31.36.0-255,66,150771,9,377076
32075,0.001136,74.125.68.0-255,2902,153673,9,377076
32076,0.00114,172.31.36.0-255,66,153739,9,377076
32077,0.00116,74.125.68.0-255,1484,155223,9,377076
32078,0.001166,74.125.68.0-255,5738,160961,9,377076
32079,0.001169,172.31.36.0-255,66,161027,9,377076
32080,0.001175,74.125.68.0-255,5738,166765,9,377076
32081,0.001178,172.31.36.0-255,66,166831,9,377076
32082,0.001189,74.125.68.0-255,1484,168315,9,377076
32083,0.001204,74.125.68.0-255,2184,170499,9,377076
32084,0.001207,172.31.36.0-255,66,170565,9,377076
32085,0.001254,74.125.68.0-255,1484,172049,9,377076
32086,0.00127,74.125.68.0-255,2902,174951,9,377076
32087,0.001274,172.31.36.0-255,66,175017,9,377076
32088,0.001278,74.125.68.0-255,2902,177919,9,377076
32089,0.00128,172.31.36.0-255,66,177985,9,377076
32090,0.001294,74.125.68.0-255,2902,180887,9,377076
32091,0.001296,172.31.36.0-255,66,180953,9,377076
32092,0.001317,74.125.68.0-255,5738,186691,9,377076
32093,0.001319,172.31.36.0-255,66,186757,9,377076
32094,0.001331,74.125.68.0-255,4320,191077,9,377076
32095,0.001334,172.31.36.0-255,66,191143,9,377076
32096,0.001354,74.125.68.0-255,1484,192627,9,377076
32097,0.001369,74.125.68.0-255,5738,198365,9,377076
32098,0.001373,172.31.36.0-255,66,198431,9,377076
32099,0.00142,74.125.68.0-255,5738,204169,9,377076
32100,0.001423,172.31.36.0-255,66,204235,9,377076
32101,0.001436,74.125.68.0-255,766,205001,9,377076
32102,0.001509,74.125.68.0-255,1484,206485,9,377076
32103,0.001513,172.31.36.0-255,66,206551,9,377076
32104,0.001562,74.125.68.0-255,1484,208035,9,377076
32105,0.001608,74.125.68.0-255,2902,210937,9,377076
32106,0.001613,172.31.36.0-255,66,211003,9,377076
32107,0.001642,74.125.68.0-255,4320,215323,9,377076
32108,0.001645,172.31.36.0-255,66,215389,9,377076
32109,0.001667,74.125.68.0-255,4320,219709,9,377076
32110,0.00167,172.31.36.0-255,66,219775,9,377076
32111,0.001675,74.125.68.0-255,4320,224095,9,377076
32112,0.001677,172.31.36.0-255,66,224161,9,377076
32113,0.001689,74.125.68.0-255,1484,225645,9,377076
32114,0.001693,74.125.68.0-255,1484,227129,9,377076
32115,0.001695,172.31.36.0-255,66,227195,9,377076
32116,0.001733,172.31.36.0-255,66,227261,9,377076
32117,0.001737,74.125.68.0-255,2184,229445,9,377076
32118,0.001739,172.31.36.0-255,66,229511,9,377076
32119,0.001871,74.125.68.0-255,1484,230995,9,377076
32120,0.001877,74.125.68.0-255,2902,233897,9,377076
32121,0.00188,172.31.36.0-255,66,233963,9,377076
32122,0.001899,74.125.68.0-255,4320,238283,9,377076
32123,0.001902,172.31.36.0-255,66,238349,9,377076
32124,0.001932,74.125.68.0-255,1484,239833,9,377076
32125,0.001938,74.125.68.0-255,5738,245571,9,377076
32126,0.001942,172.31.36.0-255,66,245637,9,377076
32127,0.001944,74.125.68.0-255,7156,252793,9,377076
32128,0.001946,172.31.36.0-255,66,252859,9,377076
32129,0.001985,172.31.36.0-255,66,252925,9,377076
32130,0.002004,74.125.68.0-255,1484,254409,9,377076
32131,0.002031,74.125.68.0-255,4320,258729,9,377076
32132,0.002031,172.31.36.0-255,66,258795,9,377076
32133,0.002034,172.31.36.0-255,66,258861,9,377076
32134,0.002065,74.125.68.0-255,5738,264599,9,377076
32135,0.002069,172.31.36.0-255,66,264665,9,377076
32136,0.002096,172.31.36.0-255,66,264731,9,377076
32137,0.002098,74.125.68.0-255,766,265497,9,377076
32138,0.00213,74.125.68.0-255,2902,268399,9,377076
32139,0.002134,172.31.36.0-255,66,268465,9,377076
32140,0.002147,74.125.68.0-255,7156,275621,9,377076
32141,0.00215,172.31.36.0-255,66,275687,9,377076
32142,0.002155,74.125.68.0-255,2902,278589,9,377076
32143,0.002157,172.31.36.0-255,66,278655,9,377076
32144,0.00219,172.31.36.0-255,66,278721,9,377076
32145,0.002195,74.125.68.0-255,2902,281623,9,377076
32146,0.002197,172.31.36.0-255,66,281689,9,377076
32147,0.002202,74.125.68.0-255,4320,286009,9,377076
32148,0.002206,172.31.36.0-255,66,286075,9,377076
32149,0.002241,74.125.68.0-255,5020,291095,9,377076
32150,0.002246,172.31.36.0-255,66,291161,9,377076
32151,0.004472,74.125.68.0-255,5738,296899,9,377076
32152,0.004479,172.31.36.0-255,66,296965,9,377076
32153,0.006695,74.125.68.0-255,5738,302703,9,377076
32154,0.006701,172.31.36.0-255,66,302769,9,377076
32155,0.008921,74.125.68.0-255,5738,308507,9,377076
32156,0.008927,172.31.36.0-255,66,308573,9,377076
32157,0.011141,74.125.68.0-255,5738,314311,9,377076
32158,0.011147,172.31.36.0-255,66,314377,9,377076
32159,0.013369,74.125.68.0-255,5738,320115,9,377076
32160,0.013377,172.31.36.0-255,66,320181,9,377076
32161,0.015607,74.125.68.0-255,5738,325919,9,377076
32162,0.015615,172.31.36.0-255,66,325985,9,377076
32163,0.017846,74.125.68.0-255,5738,331723,9,377076
32164,0.017855,172.31.36.0-255,66,331789,9,377076
32165,0.020073,74.125.68.0-255,5738,337527,9,377076
32166,0.020081,172.31.36.0-255,66,337593,9,377076
32167,0.022321,74.125.68.0-255,5738,343331,9,377076
32168,0.02233,172.31.36.0-255,66,343397,9,377076
32169,0.024551,74.125.68.0-255,5738,349135,9,377076
32170,0.024557,172.31.36.0-255,66,349201,9,377076
32171,0.026774,74.125.68.0-255,5738,354939,9,377076
32172,0.026783,172.31.36.0-255,66,355005,9,377076
32173,0.029005,74.125.68.0-255,5738,360743,9,377076
32174,0.029012,172.31.36.0-255,66,360809,9,377076
32175,0.031229,74.125.68.0-255,5738,366547,9,377076
32176,0.031236,172.31.36.0-255,66,366613,9,377076
32177,0.032479,172.31.36.0-255,167,366780,9,377076
32178,0.032509,172.31.36.0-255,1116,367896,9,377076
32179,0.032547,172.31.36.0-255,1514,369410,9,377076
32180,0.032549,172.31.36.0-255,1285,370695,9,377076
32181,0.033454,74.125.68.0-255,5738,376433,9,377076
32182,0.033461,172.31.36.0-255,66,376499,9,377076
32183,0.033962,104.244.42.0-255,66,376565,9,377076
32184,0.033994,104.244.42.0-255,66,376631,9,377076
32185,0.03404,104.244.42.0-255,66,376697,9,377076
32186,0.035633,74.125.68.0-255,142,376839,9,377076
32187,0.035774,172.31.36.0-255,66,376905,9,377076
32188,0.035801,172.31.36.0-255,105,377010,9,377076
32189,0.037974,74.125.68.0-255,66,377076,9,377076
32190,0.0,172.217.194.0-255,147,147,9,324450
32191,3.1e-05,172.31.36.0-255,66,213,9,324450
32192,3.7e-05,172.217.194.0-255,1484,1697,9,324450
32193,4.2e-05,172.31.36.0-255,66,1763,9,324450
32194,4.6e-05,172.217.194.0-255,2902,4665,9,324450
32195,4.9e-05,172.31.36.0-255,66,4731,9,324450
32196,5.7e-05,172.217.194.0-255,5738,10469,9,324450
32197,5.9e-05,172.31.36.0-255,66,10535,9,324450
32198,8.2e-05,172.217.194.0-255,1484,12019,9,324450
32199,8.4e-05,172.31.36.0-255,66,12085,9,324450
32200,0.000104,172.217.194.0-255,1993,14078,9,324450
32201,0.000106,172.31.36.0-255,66,14144,9,324450
32202,0.000137,172.217.194.0-255,2902,17046,9,324450
32203,0.00014,172.31.36.0-255,66,17112,9,324450
32204,0.000144,172.217.194.0-255,1484,18596,9,324450
32205,0.000146,172.31.36.0-255,66,18662,9,324450
32206,0.000161,172.217.194.0-255,2902,21564,9,324450
32207,0.000163,172.31.36.0-255,66,21630,9,324450
32208,0.000167,172.217.194.0-255,1484,23114,9,324450
32209,0.000168,172.31.36.0-255,66,23180,9,324450
32210,0.000195,172.217.194.0-255,7156,30336,9,324450
32211,0.000197,172.31.36.0-255,66,30402,9,324450
32212,0.000203,172.217.194.0-255,2902,33304,9,324450
32213,0.000206,172.31.36.0-255,66,33370,9,324450
32214,0.000235,172.217.194.0-255,5379,38749,9,324450
32215,0.000239,172.31.36.0-255,66,38815,9,324450
32216,0.00025,172.31.36.0-255,66,38881,9,324450
32217,0.000253,172.217.194.0-255,1125,40006,9,324450
32218,0.000254,172.31.36.0-255,66,40072,9,324450
32219,0.000269,172.217.194.0-255,1484,41556,9,324450
32220,0.000271,172.31.36.0-255,66,41622,9,324450
32221,0.000297,172.217.194.0-255,4320,45942,9,324450
32222,0.000301,172.217.194.0-255,1484,47426,9,324450
32223,0.000319,172.31.36.0-255,66,47492,9,324450
32224,0.000327,172.217.194.0-255,5738,53230,9,324450
32225,0.000337,172.31.36.0-255,66,53296,9,324450
32226,0.000354,172.217.194.0-255,2902,56198,9,324450
32227,0.000358,172.31.36.0-255,66,56264,9,324450
32228,0.000366,172.217.194.0-255,1705,57969,9,324450
32229,0.000373,172.31.36.0-255,66,58035,9,324450
32230,0.000687,172.217.194.0-255,1484,59519,9,324450
32231,0.000693,172.217.194.0-255,2902,62421,9,324450
32232,0.000703,172.31.36.0-255,66,62487,9,324450
32233,0.000706,172.217.194.0-255,1484,63971,9,324450
32234,0.000723,172.217.194.0-255,4320,68291,9,324450
32235,0.000732,172.31.36.0-255,66,68357,9,324450
32236,0.000748,172.217.194.0-255,1484,69841,9,324450
32237,0.000785,172.217.194.0-255,7156,76997,9,324450
32238,0.00079,172.31.36.0-255,66,77063,9,324450
32239,0.000831,172.217.194.0-255,3602,80665,9,324450
32240,0.000835,172.31.36.0-255,66,80731,9,324450
32241,0.001862,172.217.194.0-255,1484,82215,9,324450
32242,0.001873,172.217.194.0-255,2902,85117,9,324450
32243,0.001877,172.31.36.0-255,66,85183,9,324450
32244,0.001884,172.217.194.0-255,5738,90921,9,324450
32245,0.001888,172.217.194.0-255,4320,95241,9,324450
32246,0.001911,172.217.194.0-255,7156,102397,9,324450
32247,0.001926,172.217.194.0-255,7156,109553,9,324450
32248,0.001939,172.217.194.0-255,1484,111037,9,324450
32249,0.001943,172.217.194.0-255,3602,114639,9,324450
32250,0.002389,172.31.36.0-255,66,114705,9,324450
32251,0.00502,172.217.194.0-255,5738,120443,9,324450
32252,0.005025,172.31.36.0-255,66,120509,9,324450
32253,0.007658,172.217.194.0-255,5738,126247,9,324450
32254,0.007664,172.31.36.0-255,66,126313,9,324450
32255,0.010531,172.217.194.0-255,5738,132051,9,324450
32256,0.010539,172.31.36.0-255,66,132117,9,324450
32257,0.013194,172.217.194.0-255,5738,137855,9,324450
32258,0.013202,172.31.36.0-255,66,137921,9,324450
32259,0.015825,172.217.194.0-255,5738,143659,9,324450
32260,0.015834,172.31.36.0-255,66,143725,9,324450
32261,0.018468,172.217.194.0-255,5738,149463,9,324450
32262,0.018476,172.31.36.0-255,66,149529,9,324450
32263,0.021099,172.217.194.0-255,5738,155267,9,324450
32264,0.021107,172.31.36.0-255,66,155333,9,324450
32265,0.023746,172.217.194.0-255,5738,161071,9,324450
32266,0.023756,172.31.36.0-255,66,161137,9,324450
32267,0.026383,172.217.194.0-255,5738,166875,9,324450
32268,0.026393,172.31.36.0-255,66,166941,9,324450
32269,0.02889,172.31.36.0-255,188,167129,9,324450
32270,0.028947,172.31.36.0-255,960,168089,9,324450
32271,0.02903,172.31.36.0-255,1514,169603,9,324450
32272,0.029032,172.31.36.0-255,1514,171117,9,324450
32273,0.029037,172.31.36.0-255,1514,172631,9,324450
32274,0.029038,172.31.36.0-255,1514,174145,9,324450
32275,0.02906,172.217.194.0-255,5738,179883,9,324450
32276,0.029066,172.31.36.0-255,66,179949,9,324450
32277,0.029074,172.31.36.0-255,1514,181463,9,324450
32278,0.029075,172.31.36.0-255,953,182416,9,324450
32279,0.030476,104.244.42.0-255,66,182482,9,324450
32280,0.030568,104.244.42.0-255,66,182548,9,324450
32281,0.03061,104.244.42.0-255,66,182614,9,324450
32282,0.03075,104.244.42.0-255,66,182680,9,324450
32283,0.031689,172.217.194.0-255,5738,188418,9,324450
32284,0.031694,172.31.36.0-255,66,188484,9,324450
32285,0.034372,172.217.194.0-255,5738,194222,9,324450
32286,0.034379,172.31.36.0-255,66,194288,9,324450
32287,0.037013,172.217.194.0-255,5738,200026,9,324450
32288,0.037019,172.31.36.0-255,66,200092,9,324450
32289,0.039647,172.217.194.0-255,5738,205830,9,324450
32290,0.039657,172.31.36.0-255,66,205896,9,324450
32291,0.042256,172.217.194.0-255,5738,211634,9,324450
32292,0.042261,172.31.36.0-255,66,211700,9,324450
32293,0.04488,172.217.194.0-255,4320,216020,9,324450
32294,0.044885,172.31.36.0-255,66,216086,9,324450
32295,0.044909,172.217.194.0-255,1484,217570,9,324450
32296,0.047502,172.217.194.0-255,4320,221890,9,324450
32297,0.047507,172.31.36.0-255,66,221956,9,324450
32298,0.050138,172.217.194.0-255,5738,227694,9,324450
32299,0.05021,172.31.36.0-255,66,227760,9,324450
32300,0.052861,172.217.194.0-255,5738,233498,9,324450
32301,0.052868,172.31.36.0-255,66,233564,9,324450
32302,0.055495,172.217.194.0-255,5738,239302,9,324450
32303,0.0555,172.31.36.0-255,66,239368,9,324450
32304,0.058121,172.217.194.0-255,4320,243688,9,324450
32305,0.058127,172.31.36.0-255,66,243754,9,324450
32306,0.058157,172.217.194.0-255,1484,245238,9,324450
32307,0.060768,172.217.194.0-255,4320,249558,9,324450
32308,0.060773,172.31.36.0-255,66,249624,9,324450
32309,0.063407,172.217.194.0-255,4320,253944,9,324450
32310,0.063412,172.31.36.0-255,66,254010,9,324450
32311,0.063444,172.217.194.0-255,1484,255494,9,324450
32312,0.066045,172.217.194.0-255,2902,258396,9,324450
32313,0.06605,172.31.36.0-255,66,258462,9,324450
32314,0.068684,172.217.194.0-255,5738,264200,9,324450
32315,0.06875,172.31.36.0-255,66,264266,9,324450
32316,0.071382,172.217.194.0-255,5738,270004,9,324450
32317,0.071387,172.31.36.0-255,66,270070,9,324450
32318,0.074069,172.217.194.0-255,5738,275808,9,324450
32319,0.074077,172.31.36.0-255,66,275874,9,324450
32320,0.076707,172.217.194.0-255,4320,280194,9,324450
32321,0.076713,172.31.36.0-255,66,280260,9,324450
32322,0.076742,172.217.194.0-255,1484,281744,9,324450
32323,0.079349,172.217.194.0-255,4320,286064,9,324450
32324,0.079356,172.31.36.0-255,66,286130,9,324450
32325,0.082021,172.217.194.0-255,5738,291868,9,324450
32326,0.082094,172.31.36.0-255,66,291934,9,324450
32327,0.084737,172.217.194.0-255,4320,296254,9,324450
32328,0.084743,172.31.36.0-255,66,296320,9,324450
32329,0.084779,172.217.194.0-255,1484,297804,9,324450
32330,0.087349,172.217.194.0-255,2902,300706,9,324450
32331,0.087354,172.31.36.0-255,66,300772,9,324450
32332,0.087382,172.217.194.0-255,1484,302256,9,324450
32333,0.089975,172.217.194.0-255,4320,306576,9,324450
32334,0.090039,172.31.36.0-255,66,306642,9,324450
32335,0.092647,172.217.194.0-255,2902,309544,9,324450
32336,0.092653,172.31.36.0-255,66,309610,9,324450
32337,0.092683,172.217.194.0-255,2902,312512,9,324450
32338,0.09271,172.31.36.0-255,66,312578,9,324450
32339,0.09526,172.217.194.0-255,2902,315480,9,324450
32340,0.095266,172.31.36.0-255,66,315546,9,324450
32341,0.095321,172.217.194.0-255,2902,318448,9,324450
32342,0.095361,172.31.36.0-255,66,318514,9,324450
32343,0.097892,172.217.194.0-255,2902,321416,9,324450
32344,0.097897,172.31.36.0-255,66,321482,9,324450
32345,0.097993,172.217.194.0-255,2902,324384,9,324450
32346,0.097998,172.31.36.0-255,66,324450,9,324450
32347,0.0,74.125.68.0-255,153,153,9,370770
32348,2.5e-05,172.31.36.0-255,66,219,9,370770
32349,3.2e-05,74.125.68.0-255,1484,1703,9,370770
32350,3.7e-05,172.31.36.0-255,66,1769,9,370770
32351,4.2e-05,74.125.68.0-255,2902,4671,9,370770
32352,4.5e-05,172.31.36.0-255,66,4737,9,370770
32353,5.8e-05,74.125.68.0-255,2902,7639,9,370770
32354,6.2e-05,172.31.36.0-255,66,7705,9,370770
32355,8.9e-05,74.125.68.0-255,4320,12025,9,370770
32356,9.2e-05,172.31.36.0-255,66,12091,9,370770
32357,0.00012,74.125.68.0-255,2083,14174,9,370770
32358,0.000123,172.31.36.0-255,66,14240,9,370770
32359,0.000257,74.125.68.0-255,1484,15724,9,370770
32360,0.000261,172.31.36.0-255,66,15790,9,370770
32361,0.000293,74.125.68.0-255,2902,18692,9,370770
32362,0.000296,172.31.36.0-255,66,18758,9,370770
32363,0.000331,74.125.68.0-255,5738,24496,9,370770
32364,0.000334,172.31.36.0-255,66,24562,9,370770
32365,0.00034,74.125.68.0-255,4320,28882,9,370770
32366,0.000342,172.31.36.0-255,66,28948,9,370770
32367,0.000369,74.125.68.0-255,2543,31491,9,370770
32368,0.000376,172.31.36.0-255,66,31557,9,370770
32369,0.000486,74.125.68.0-255,1484,33041,9,370770
32370,0.00049,172.31.36.0-255,66,33107,9,370770
32371,0.000519,74.125.68.0-255,2902,36009,9,370770
32372,0.000522,172.31.36.0-255,66,36075,9,370770
32373,0.000525,74.125.68.0-255,1484,37559,9,370770
32374,0.000527,172.31.36.0-255,66,37625,9,370770
32375,0.000555,74.125.68.0-255,2902,40527,9,370770
32376,0.000557,74.125.68.0-255,1484,42011,9,370770
32377,0.000565,172.31.36.0-255,66,42077,9,370770
32378,0.000569,172.31.36.0-255,66,42143,9,370770
32379,0.000597,74.125.68.0-255,6797,48940,9,370770
32380,0.000599,172.31.36.0-255,66,49006,9,370770
32381,0.00061,172.31.36.0-255,66,49072,9,370770
32382,0.000635,74.125.68.0-255,1484,50556,9,370770
32383,0.000662,74.125.68.0-255,4320,54876,9,370770
32384,0.000665,172.31.36.0-255,66,54942,9,370770
32385,0.000669,74.125.68.0-255,2543,57485,9,370770
32386,0.000671,172.31.36.0-255,66,57551,9,370770
32387,0.000709,74.125.68.0-255,419,57970,9,370770
32388,0.000781,74.125.68.0-255,324,58294,9,370770
32389,0.001137,74.125.68.0-255,1484,59778,9,370770
32390,0.001144,172.31.36.0-255,66,59844,9,370770
32391,0.001154,74.125.68.0-255,2902,62746,9,370770
32392,0.001156,172.31.36.0-255,66,62812,9,370770
32393,0.00116,74.125.68.0-255,1484,64296,9,370770
32394,0.001183,74.125.68.0-255,4320,68616,9,370770
32395,0.001185,172.31.36.0-255,66,68682,9,370770
32396,0.001191,74.125.68.0-255,4320,73002,9,370770
32397,0.001192,172.31.36.0-255,66,73068,9,370770
32398,0.001219,74.125.68.0-255,2902,75970,9,370770
32399,0.001221,172.31.36.0-255,66,76036,9,370770
32400,0.001224,74.125.68.0-255,1484,77520,9,370770
32401,0.001262,172.31.36.0-255,66,77586,9,370770
32402,0.001285,74.125.68.0-255,3602,81188,9,370770
32403,0.001288,172.31.36.0-255,66,81254,9,370770
32404,0.001568,74.125.68.0-255,1484,82738,9,370770
32405,0.001582,74.125.68.0-255,2902,85640,9,370770
32406,0.001585,172.31.36.0-255,66,85706,9,370770
32407,0.001606,74.125.68.0-255,5738,91444,9,370770
32408,0.001608,172.31.36.0-255,66,91510,9,370770
32409,0.001645,74.125.68.0-255,7156,98666,9,370770
32410,0.001648,172.31.36.0-255,66,98732,9,370770
32411,0.001653,74.125.68.0-255,2902,101634,9,370770
32412,0.001655,172.31.36.0-255,66,101700,9,370770
32413,0.001689,74.125.68.0-255,5738,107438,9,370770
32414,0.0017,172.31.36.0-255,66,107504,9,370770
32415,0.001704,172.31.36.0-255,66,107570,9,370770
32416,0.001931,74.125.68.0-255,1484,109054,9,370770
32417,0.001937,74.125.68.0-255,2902,111956,9,370770
32418,0.00194,172.31.36.0-255,66,112022,9,370770
32419,0.001969,74.125.68.0-255,2902,114924,9,370770
32420,0.001971,172.31.36.0-255,66,114990,9,370770
32421,0.002001,74.125.68.0-255,2902,117892,9,370770
32422,0.002003,172.31.36.0-255,66,117958,9,370770
32423,0.002009,74.125.68.0-255,4320,122278,9,370770
32424,0.002011,172.31.36.0-255,66,122344,9,370770
32425,0.002026,74.125.68.0-255,2902,125246,9,370770
32426,0.00205,172.31.36.0-255,66,125312,9,370770
32427,0.002053,172.31.36.0-255,66,125378,9,370770
32428,0.002078,74.125.68.0-255,2902,128280,9,370770
32429,0.00208,172.31.36.0-255,66,128346,9,370770
32430,0.00211,74.125.68.0-255,3602,131948,9,370770
32431,0.002113,172.31.36.0-255,66,132014,9,370770
32432,0.004357,74.125.68.0-255,1484,133498,9,370770
32433,0.004386,74.125.68.0-255,2902,136400,9,370770
32434,0.00439,172.31.36.0-255,66,136466,9,370770
32435,0.00442,74.125.68.0-255,1484,137950,9,370770
32436,0.006666,74.125.68.0-255,4320,142270,9,370770
32437,0.006669,172.31.36.0-255,66,142336,9,370770
32438,0.008943,74.125.68.0-255,5738,148074,9,370770
32439,0.00895,172.31.36.0-255,66,148140,9,370770
32440,0.011229,74.125.68.0-255,5738,153878,9,370770
32441,0.011237,172.31.36.0-255,66,153944,9,370770
32442,0.013523,74.125.68.0-255,5738,159682,9,370770
32443,0.01353,172.31.36.0-255,66,159748,9,370770
32444,0.015815,74.125.68.0-255,5738,165486,9,370770
32445,0.015824,172.31.36.0-255,66,165552,9,370770
32446,0.018105,74.125.68.0-255,5738,171290,9,370770
32447,0.018111,172.31.36.0-255,66,171356,9,370770
32448,0.020395,74.125.68.0-255,5738,177094,9,370770
32449,0.020401,172.31.36.0-255,66,177160,9,370770
32450,0.022683,74.125.68.0-255,5738,182898,9,370770
32451,0.02269,172.31.36.0-255,66,182964,9,370770
32452,0.024971,74.125.68.0-255,5738,188702,9,370770
32453,0.024979,172.31.36.0-255,66,188768,9,370770
32454,0.027258,74.125.68.0-255,5738,194506,9,370770
32455,0.027266,172.31.36.0-255,66,194572,9,370770
32456,0.029539,74.125.68.0-255,5738,200310,9,370770
32457,0.029548,172.31.36.0-255,66,200376,9,370770
32458,0.031869,74.125.68.0-255,5738,206114,9,370770
32459,0.031876,172.31.36.0-255,66,206180,9,370770
32460,0.034164,74.125.68.0-255,5738,211918,9,370770
32461,0.03417,172.31.36.0-255,66,211984,9,370770
32462,0.036452,74.125.68.0-255,4320,216304,9,370770
32463,0.036459,172.31.36.0-255,66,216370,9,370770
32464,0.036486,74.125.68.0-255,1484,217854,9,370770
32465,0.038767,74.125.68.0-255,4320,222174,9,370770
32466,0.038774,172.31.36.0-255,66,222240,9,370770
32467,0.041061,74.125.68.0-255,5738,227978,9,370770
32468,0.04107,172.31.36.0-255,66,228044,9,370770
32469,0.043358,74.125.68.0-255,5738,233782,9,370770
32470,0.043366,172.31.36.0-255,66,233848,9,370770
32471,0.045641,74.125.68.0-255,5738,239586,9,370770
32472,0.045649,172.31.36.0-255,66,239652,9,370770
32473,0.047938,74.125.68.0-255,5738,245390,9,370770
32474,0.047946,172.31.36.0-255,66,245456,9,370770
32475,0.050238,74.125.68.0-255,5738,251194,9,370770
32476,0.050247,172.31.36.0-255,66,251260,9,370770
32477,0.052534,74.125.68.0-255,5738,256998,9,370770
32478,0.052543,172.31.36.0-255,66,257064,9,370770
32479,0.054822,74.125.68.0-255,5738,262802,9,370770
32480,0.054831,172.31.36.0-255,66,262868,9,370770
32481,0.057137,74.125.68.0-255,5738,268606,9,370770
32482,0.057145,172.31.36.0-255,66,268672,9,370770
32483,0.059426,74.125.68.0-255,5738,274410,9,370770
32484,0.059434,172.31.36.0-255,66,274476,9,370770
32485,0.061782,74.125.68.0-255,5738,280214,9,370770
32486,0.061791,172.31.36.0-255,66,280280,9,370770
32487,0.064082,74.125.68.0-255,5738,286018,9,370770
32488,0.064094,172.31.36.0-255,66,286084,9,370770
32489,0.066378,74.125.68.0-255,5738,291822,9,370770
32490,0.066387,172.31.36.0-255,66,291888,9,370770
32491,0.068678,74.125.68.0-255,5738,297626,9,370770
32492,0.068686,172.31.36.0-255,66,297692,9,370770
32493,0.070962,74.125.68.0-255,5738,303430,9,370770
32494,0.070969,172.31.36.0-255,66,303496,9,370770
32495,0.073257,74.125.68.0-255,5738,309234,9,370770
32496,0.073267,172.31.36.0-255,66,309300,9,370770
32497,0.075545,74.125.68.0-255,5738,315038,9,370770
32498,0.075553,172.31.36.0-255,66,315104,9,370770
32499,0.077847,74.125.68.0-255,4320,319424,9,370770
32500,0.077855,172.31.36.0-255,66,319490,9,370770
32501,0.077889,74.125.68.0-255,1484,320974,9,370770
32502,0.080136,74.125.68.0-255,2902,323876,9,370770
32503,0.080145,172.31.36.0-255,66,323942,9,370770
32504,0.082434,74.125.68.0-255,5738,329680,9,370770
32505,0.082442,172.31.36.0-255,66,329746,9,370770
32506,0.084728,74.125.68.0-255,5738,335484,9,370770
32507,0.084735,172.31.36.0-255,66,335550,9,370770
32508,0.087016,74.125.68.0-255,2902,338452,9,370770
32509,0.087024,172.31.36.0-255,66,338518,9,370770
32510,0.087059,74.125.68.0-255,2902,341420,9,370770
32511,0.087062,172.31.36.0-255,66,341486,9,370770
32512,0.089303,74.125.68.0-255,2902,344388,9,370770
32513,0.089311,172.31.36.0-255,66,344454,9,370770
32514,0.089345,74.125.68.0-255,2902,347356,9,370770
32515,0.089349,172.31.36.0-255,66,347422,9,370770
32516,0.091595,74.125.68.0-255,2902,350324,9,370770
32517,0.091603,172.31.36.0-255,66,350390,9,370770
32518,0.091633,74.125.68.0-255,2902,353292,9,370770
32519,0.091636,172.31.36.0-255,66,353358,9,370770
32520,0.093892,74.125.68.0-255,5738,359096,9,370770
32521,0.093899,172.31.36.0-255,66,359162,9,370770
32522,0.096198,74.125.68.0-255,5738,364900,9,370770
32523,0.096206,172.31.36.0-255,66,364966,9,370770
32524,0.098538,74.125.68.0-255,5738,370704,9,370770
32525,0.098546,172.31.36.0-255,66,370770,9,370770
32526,0.0,74.125.24.0-255,150,150,9,301858
32527,1.8e-05,172.31.36.0-255,66,216,9,301858
32528,2.5e-05,74.125.24.0-255,1484,1700,9,301858
32529,2.8e-05,172.31.36.0-255,66,1766,9,301858
32530,3.4e-05,74.125.24.0-255,2902,4668,9,301858
32531,3.7e-05,172.31.36.0-255,66,4734,9,301858
32532,4.4e-05,74.125.24.0-255,5738,10472,9,301858
32533,4.8e-05,172.31.36.0-255,66,10538,9,301858
32534,9.3e-05,74.125.24.0-255,3447,13985,9,301858
32535,9.5e-05,172.31.36.0-255,66,14051,9,301858
32536,0.000114,74.125.24.0-255,4320,18371,9,301858
32537,0.000117,172.31.36.0-255,66,18437,9,301858
32538,0.000122,74.125.24.0-255,2902,21339,9,301858
32539,0.000124,172.31.36.0-255,66,21405,9,301858
32540,0.000177,74.125.24.0-255,7156,28561,9,301858
32541,0.000181,172.31.36.0-255,66,28627,9,301858
32542,0.000186,74.125.24.0-255,2543,31170,9,301858
32543,0.000188,172.31.36.0-255,66,31236,9,301858
32544,0.000278,74.125.24.0-255,1484,32720,9,301858
32545,0.000281,172.31.36.0-255,66,32786,9,301858
32546,0.000308,74.125.24.0-255,2902,35688,9,301858
32547,0.00031,172.31.36.0-255,66,35754,9,301858
32548,0.000316,74.125.24.0-255,4320,40074,9,301858
32549,0.000318,172.31.36.0-255,66,40140,9,301858
32550,0.000347,74.125.24.0-255,1484,41624,9,301858
32551,0.000349,172.31.36.0-255,66,41690,9,301858
32552,0.000357,74.125.24.0-255,6797,48487,9,301858
32553,0.000359,172.31.36.0-255,66,48553,9,301858
32554,0.000368,74.125.24.0-255,7156,55709,9,301858
32555,0.000371,172.31.36.0-255,66,55775,9,301858
32556,0.00042,172.31.36.0-255,66,55841,9,301858
32557,0.000436,74.125.24.0-255,109,55950,9,301858
32558,0.000541,74.125.24.0-255,332,56282,9,301858
32559,0.000819,74.125.24.0-255,1484,57766,9,301858
32560,0.000823,172.31.36.0-255,66,57832,9,301858
32561,0.000828,74.125.24.0-255,2902,60734,9,301858
32562,0.00083,172.31.36.0-255,66,60800,9,301858
32563,0.000836,74.125.24.0-255,5738,66538,9,301858
32564,0.000838,172.31.36.0-255,66,66604,9,301858
32565,0.000842,74.125.24.0-255,2902,69506,9,301858
32566,0.000844,172.31.36.0-255,66,69572,9,301858
32567,0.000862,74.125.24.0-255,5738,75310,9,301858
32568,0.000864,172.31.36.0-255,66,75376,9,301858
32569,0.000901,74.125.24.0-255,7156,82532,9,301858
32570,0.000903,172.31.36.0-255,66,82598,9,301858
32571,0.000932,172.31.36.0-255,66,82664,9,301858
32572,0.001092,74.125.24.0-255,1484,84148,9,301858
32573,0.001107,74.125.24.0-255,2902,87050,9,301858
32574,0.00111,172.31.36.0-255,66,87116,9,301858
32575,0.001116,74.125.24.0-255,4320,91436,9,301858
32576,0.001117,172.31.36.0-255,66,91502,9,301858
32577,0.00113,74.125.24.0-255,1484,92986,9,301858
32578,0.001136,74.125.24.0-255,5738,98724,9,301858
32579,0.001139,172.31.36.0-255,66,98790,9,301858
32580,0.001171,74.125.24.0-255,7156,105946,9,301858
32581,0.001174,172.31.36.0-255,66,106012,9,301858
32582,0.001183,172.31.36.0-255,66,106078,9,301858
32583,0.001204,74.125.24.0-255,2184,108262,9,301858
32584,0.001206,172.31.36.0-255,66,108328,9,301858
32585,0.001316,74.125.24.0-255,1484,109812,9,301858
32586,0.001322,74.125.24.0-255,2902,112714,9,301858
32587,0.001325,172.31.36.0-255,66,112780,9,301858
32588,0.001344,74.125.24.0-255,5738,118518,9,301858
32589,0.001347,172.31.36.0-255,66,118584,9,301858
32590,0.001368,74.125.24.0-255,4320,122904,9,301858
32591,0.001371,172.31.36.0-255,66,122970,9,301858
32592,0.001393,74.125.24.0-255,2902,125872,9,301858
32593,0.001395,172.31.36.0-255,66,125938,9,301858
32594,0.001409,172.31.36.0-255,66,126004,9,301858
32595,0.001433,74.125.24.0-255,2184,128188,9,301858
32596,0.001435,172.31.36.0-255,66,128254,9,301858
32597,0.001438,74.125.24.0-255,1484,129738,9,301858
32598,0.001451,74.125.24.0-255,1484,131222,9,301858
32599,0.001453,172.31.36.0-255,66,131288,9,301858
32600,0.001457,74.125.24.0-255,2902,134190,9,301858
32601,0.001459,172.31.36.0-255,66,134256,9,301858
32602,0.001483,74.125.24.0-255,7156,141412,9,301858
32603,0.001487,172.31.36.0-255,66,141478,9,301858
32604,0.001491,74.125.24.0-255,2902,144380,9,301858
32605,0.001493,172.31.36.0-255,66,144446,9,301858
32606,0.001536,172.31.36.0-255,66,144512,9,301858
32607,0.001542,74.125.24.0-255,5020,149532,9,301858
32608,0.001545,172.31.36.0-255,66,149598,9,301858
32609,0.001668,74.125.24.0-255,1484,151082,9,301858
32610,0.00169,74.125.24.0-255,2902,153984,9,301858
32611,0.001696,172.31.36.0-255,66,154050,9,301858
32612,0.001702,74.125.24.0-255,5738,159788,9,301858
32613,0.001704,172.31.36.0-255,66,159854,9,301858
32614,0.001708,74.125.24.0-255,1484,161338,9,301858
32615,0.001727,74.125.24.0-255,1484,162822,9,301858
32616,0.001729,172.31.36.0-255,66,162888,9,301858
32617,0.001734,74.125.24.0-255,2902,165790,9,301858
32618,0.001736,172.31.36.0-255,66,165856,9,301858
32619,0.001753,74.125.24.0-255,7156,173012,9,301858
32620,0.001755,172.31.36.0-255,66,173078,9,301858
32621,0.001815,74.125.24.0-255,2184,175262,9,301858
32622,0.002105,74.125.24.0-255,1484,176746,9,301858
32623,0.002149,74.125.24.0-255,2902,179648,9,301858
32624,0.002153,74.125.24.0-255,1484,181132,9,301858
32625,0.002156,74.125.24.0-255,1484,182616,9,301858
32626,0.002184,74.125.24.0-255,2902,185518,9,301858
32627,0.0022,74.125.24.0-255,1484,187002,9,301858
32628,0.002216,74.125.24.0-255,1484,188486,9,301858
32629,0.002258,74.125.24.0-255,1484,189970,9,301858
32630,0.00226,74.125.24.0-255,1484,191454,9,301858
32631,0.002263,74.125.24.0-255,1484,192938,9,301858
32632,0.002281,74.125.24.0-255,6438,199376,9,301858
32633,0.002299,74.125.24.0-255,2902,202278,9,301858
32634,0.002323,74.125.24.0-255,5738,208016,9,301858
32635,0.002337,74.125.24.0-255,4320,212336,9,301858
32636,0.002343,74.125.24.0-255,4320,216656,9,301858
32637,0.002362,74.125.24.0-255,7156,223812,9,301858
32638,0.002367,74.125.24.0-255,2902,226714,9,301858
32639,0.00237,74.125.24.0-255,1484,228198,9,301858
32640,0.002374,74.125.24.0-255,2902,231100,9,301858
32641,0.002397,74.125.24.0-255,2184,233284,9,301858
32642,0.002417,74.125.24.0-255,1484,234768,9,301858
32643,0.00242,74.125.24.0-255,1484,236252,9,301858
32644,0.002437,74.125.24.0-255,1484,237736,9,301858
32645,0.002477,74.125.24.0-255,7156,244892,9,301858
32646,0.00248,74.125.24.0-255,1484,246376,9,301858
32647,0.002494,74.125.24.0-255,1484,247860,9,301858
32648,0.002518,74.125.24.0-255,4320,252180,9,301858
32649,0.002533,74.125.24.0-255,4320,256500,9,301858
32650,0.002585,74.125.24.0-255,6438,262938,9,301858
32651,0.002589,74.125.24.0-255,2902,265840,9,301858
32652,0.002606,74.125.24.0-255,4320,270160,9,301858
32653,0.00262,74.125.24.0-255,1484,271644,9,301858
32654,0.002666,74.125.24.0-255,2902,274546,9,301858
32655,0.002682,74.125.24.0-255,5738,280284,9,301858
32656,0.002705,74.125.24.0-255,1484,281768,9,301858
32657,0.002753,74.125.24.0-255,6438,288206,9,301858
32658,0.00276,74.125.24.0-255,7156,295362,9,301858
32659,0.002774,74.125.24.0-255,4780,300142,9,301858
32660,0.002822,74.125.24.0-255,105,300247,9,301858
32661,0.005313,172.31.36.0-255,66,300313,9,301858
32662,0.008029,172.31.36.0-255,105,300418,9,301858
32663,0.010061,74.125.24.0-255,66,300484,9,301858
32664,0.057796,172.31.36.0-255,172,300656,9,301858
32665,0.05783,172.31.36.0-255,1070,301726,9,301858
32666,0.059397,104.244.42.0-255,66,301792,9,301858
32667,0.059435,104.244.42.0-255,66,301858,9,301858
32668,0.0,172.31.36.0-255,105,105,9,276
32669,0.067482,31.13.82.0-255,105,210,9,276
32670,0.067505,172.31.36.0-255,66,276,9,276
32671,0.0,74.125.24.0-255,97,97,9,163
32672,0.039754,172.31.36.0-255,66,163,9,163
32673,0.0,74.125.24.0-255,153,153,9,366737
32674,2.7e-05,172.31.36.0-255,66,219,9,366737
32675,3.4e-05,74.125.24.0-255,1484,1703,9,366737
32676,3.8e-05,172.31.36.0-255,66,1769,9,366737
32677,4.3e-05,74.125.24.0-255,2902,4671,9,366737
32678,4.6e-05,172.31.36.0-255,66,4737,9,366737
32679,7.2e-05,74.125.24.0-255,2902,7639,9,366737
32680,7.4e-05,172.31.36.0-255,66,7705,9,366737
32681,8e-05,74.125.24.0-255,4320,12025,9,366737
32682,8.2e-05,172.31.36.0-255,66,12091,9,366737
32683,8.6e-05,74.125.24.0-255,1975,14066,9,366737
32684,8.8e-05,172.31.36.0-255,66,14132,9,366737
32685,0.000137,74.125.24.0-255,1484,15616,9,366737
32686,0.00014,172.31.36.0-255,66,15682,9,366737
32687,0.000145,74.125.24.0-255,2902,18584,9,366737
32688,0.000147,172.31.36.0-255,66,18650,9,366737
32689,0.000171,74.125.24.0-255,5738,24388,9,366737
32690,0.000174,172.31.36.0-255,66,24454,9,366737
32691,0.000204,74.125.24.0-255,6797,31251,9,366737
32692,0.000208,172.31.36.0-255,66,31317,9,366737
32693,0.0009,74.125.24.0-255,1484,32801,9,366737
32694,0.000906,172.31.36.0-255,66,32867,9,366737
32695,0.000917,74.125.24.0-255,2902,35769,9,366737
32696,0.00092,172.31.36.0-255,66,35835,9,366737
32697,0.000927,74.125.24.0-255,5738,41573,9,366737
32698,0.00093,172.31.36.0-255,66,41639,9,366737
32699,0.000953,74.125.24.0-255,6797,48436,9,366737
32700,0.000956,172.31.36.0-255,66,48502,9,366737
32701,0.001331,74.125.24.0-255,1484,49986,9,366737
32702,0.001339,172.31.36.0-255,66,50052,9,366737
32703,0.001346,74.125.24.0-255,2902,52954,9,366737
32704,0.001348,172.31.36.0-255,66,53020,9,366737
32705,0.001354,74.125.24.0-255,5738,58758,9,366737
32706,0.00136,74.125.24.0-255,4320,63078,9,366737
32707,0.001405,74.125.24.0-255,2543,65621,9,366737
32708,0.001522,74.125.24.0-255,1484,67105,9,366737
32709,0.001527,74.125.24.0-255,2902,70007,9,366737
32710,0.001548,74.125.24.0-255,5738,75745,9,366737
32711,0.001551,74.125.24.0-255,1484,77229,9,366737
32712,0.001571,74.125.24.0-255,5379,82608,9,366737
32713,0.001605,74.125.24.0-255,1484,84092,9,366737
32714,0.001618,74.125.24.0-255,2902,86994,9,366737
32715,0.001631,74.125.24.0-255,4320,91314,9,366737
32716,0.001652,74.125.24.0-255,5738,97052,9,366737
32717,0.001677,74.125.24.0-255,3123,100175,9,366737
32718,0.002052,74.125.24.0-255,1484,101659,9,366737
32719,0.002066,74.125.24.0-255,2902,104561,9,366737
32720,0.002099,74.125.24.0-255,2902,107463,9,366737
32721,0.002109,74.125.24.0-255,2902,110365,9,366737
32722,0.002112,74.125.24.0-255,1484,111849,9,366737
32723,0.002123,74.125.24.0-255,4320,116169,9,366737
32724,0.002139,74.125.24.0-255,7156,123325,9,366737
32725,0.002142,74.125.24.0-255,1484,124809,9,366737
32726,0.002163,74.125.24.0-255,7156,131965,9,366737
32727,0.002179,74.125.24.0-255,2184,134149,9,366737
32728,0.00252,74.125.24.0-255,1484,135633,9,366737
32729,0.002523,74.125.24.0-255,1484,137117,9,366737
32730,0.002534,74.125.24.0-255,1484,138601,9,366737
32731,0.002556,74.125.24.0-255,5738,144339,9,366737
32732,0.002561,74.125.24.0-255,4320,148659,9,366737
32733,0.002595,74.125.24.0-255,7156,155815,9,366737
32734,0.002627,74.125.24.0-255,3602,159417,9,366737
32735,0.003717,172.31.36.0-255,66,159483,9,366737
32736,0.006311,74.125.24.0-255,4320,163803,9,366737
32737,0.006318,172.31.36.0-255,66,163869,9,366737
32738,0.006334,74.125.24.0-255,1484,165353,9,366737
32739,0.008888,74.125.24.0-255,4320,169673,9,366737
32740,0.008895,172.31.36.0-255,66,169739,9,366737
32741,0.011656,74.125.24.0-255,5738,175477,9,366737
32742,0.012528,172.31.36.0-255,66,175543,9,366737
32743,0.01513,74.125.24.0-255,5738,181281,9,366737
32744,0.015139,172.31.36.0-255,66,181347,9,366737
32745,0.01772,74.125.24.0-255,5738,187085,9,366737
32746,0.017729,172.31.36.0-255,66,187151,9,366737
32747,0.020326,74.125.24.0-255,5738,192889,9,366737
32748,0.020333,172.31.36.0-255,66,192955,9,366737
32749,0.022931,74.125.24.0-255,5738,198693,9,366737
32750,0.022942,172.31.36.0-255,66,198759,9,366737
32751,0.025522,74.125.24.0-255,5738,204497,9,366737
32752,0.025531,172.31.36.0-255,66,204563,9,366737
32753,0.028083,74.125.24.0-255,5738,210301,9,366737
32754,0.02809,172.31.36.0-255,66,210367,9,366737
32755,0.030686,74.125.24.0-255,5738,216105,9,366737
32756,0.030694,172.31.36.0-255,66,216171,9,366737
32757,0.033272,74.125.24.0-255,5738,221909,9,366737
32758,0.033279,172.31.36.0-255,66,221975,9,366737
32759,0.035869,74.125.24.0-255,5738,227713,9,366737
32760,0.035876,172.31.36.0-255,66,227779,9,366737
32761,0.038467,74.125.24.0-255,5738,233517,9,366737
32762,0.038474,172.31.36.0-255,66,233583,9,366737
32763,0.041089,74.125.24.0-255,5738,239321,9,366737
32764,0.041098,172.31.36.0-255,66,239387,9,366737
32765,0.043682,74.125.24.0-255,5738,245125,9,366737
32766,0.043713,172.31.36.0-255,66,245191,9,366737
32767,0.046306,74.125.24.0-255,5738,250929,9,366737
32768,0.046316,172.31.36.0-255,66,250995,9,366737
32769,0.048893,74.125.24.0-255,5738,256733,9,366737
32770,0.048902,172.31.36.0-255,66,256799,9,366737
32771,0.051485,74.125.24.0-255,5738,262537,9,366737
32772,0.051509,172.31.36.0-255,66,262603,9,366737
32773,0.0541,74.125.24.0-255,5738,268341,9,366737
32774,0.054107,172.31.36.0-255,66,268407,9,366737
32775,0.056698,74.125.24.0-255,5738,274145,9,366737
32776,0.056706,172.31.36.0-255,66,274211,9,366737
32777,0.059308,74.125.24.0-255,5738,279949,9,366737
32778,0.059317,172.31.36.0-255,66,280015,9,366737
32779,0.061223,172.31.36.0-255,188,280203,9,366737
32780,0.061252,172.31.36.0-255,562,280765,9,366737
32781,0.06191,74.125.24.0-255,5738,286503,9,366737
32782,0.061917,172.31.36.0-255,66,286569,9,366737
32783,0.062787,104.244.42.0-255,66,286635,9,366737
32784,0.062887,104.244.42.0-255,66,286701,9,366737
32785,0.064479,74.125.24.0-255,5738,292439,9,366737
32786,0.064484,172.31.36.0-255,66,292505,9,366737
32787,0.067083,74.125.24.0-255,5738,298243,9,366737
32788,0.067089,172.31.36.0-255,66,298309,9,366737
32789,0.069672,74.125.24.0-255,5738,304047,9,366737
32790,0.069678,172.31.36.0-255,66,304113,9,366737
32791,0.072279,74.125.24.0-255,4320,308433,9,366737
32792,0.072285,172.31.36.0-255,66,308499,9,366737
32793,0.072312,74.125.24.0-255,1484,309983,9,366737
32794,0.074872,74.125.24.0-255,4320,314303,9,366737
32795,0.074878,172.31.36.0-255,66,314369,9,366737
32796,0.077458,74.125.24.0-255,5738,320107,9,366737
32797,0.077511,172.31.36.0-255,66,320173,9,366737
32798,0.080083,74.125.24.0-255,5738,325911,9,366737
32799,0.080089,172.31.36.0-255,66,325977,9,366737
32800,0.082649,74.125.24.0-255,5738,331715,9,366737
32801,0.082654,172.31.36.0-255,66,331781,9,366737
32802,0.085221,74.125.24.0-255,5738,337519,9,366737
32803,0.085226,172.31.36.0-255,66,337585,9,366737
32804,0.087801,74.125.24.0-255,2902,340487,9,366737
32805,0.087807,172.31.36.0-255,66,340553,9,366737
32806,0.087836,74.125.24.0-255,2902,343455,9,366737
32807,0.087864,172.31.36.0-255,66,343521,9,366737
32808,0.090411,74.125.24.0-255,5738,349259,9,366737
32809,0.090473,172.31.36.0-255,66,349325,9,366737
32810,0.093038,74.125.24.0-255,5738,355063,9,366737
32811,0.093045,172.31.36.0-255,66,355129,9,366737
32812,0.095595,74.125.24.0-255,5738,360867,9,366737
32813,0.095601,172.31.36.0-255,66,360933,9,366737
32814,0.098197,74.125.24.0-255,5738,366671,9,366737
32815,0.098203,172.31.36.0-255,66,366737,9,366737
32816,0.0,172.31.36.0-255,188,188,9,11745
32817,3.3e-05,172.31.36.0-255,982,1170,9,11745
32818,0.000124,172.31.36.0-255,1514,2684,9,11745
32819,0.000126,172.31.36.0-255,1514,4198,9,11745
32820,0.000128,172.31.36.0-255,1514,5712,9,11745
32821,0.000129,172.31.36.0-255,1514,7226,9,11745
32822,0.000135,172.31.36.0-255,1514,8740,9,11745
32823,0.000137,172.31.36.0-255,1514,10254,9,11745
32824,0.000138,172.31.36.0-255,1293,11547,9,11745
32825,0.001549,104.244.42.0-255,66,11613,9,11745
32826,0.001649,104.244.42.0-255,66,11679,9,11745
32827,0.00171,104.244.42.0-255,66,11745,9,11745
32828,0.0,172.217.194.0-255,146,146,9,172008
32829,1.7e-05,172.31.36.0-255,66,212,9,172008
32830,2.3e-05,172.217.194.0-255,1484,1696,9,172008
32831,2.7e-05,172.31.36.0-255,66,1762,9,172008
32832,3.1e-05,172.217.194.0-255,1484,3246,9,172008
32833,3.3e-05,172.31.36.0-255,66,3312,9,172008
32834,5.7e-05,172.217.194.0-255,1484,4796,9,172008
32835,6.1e-05,172.31.36.0-255,66,4862,9,172008
32836,7.5e-05,172.217.194.0-255,7156,12018,9,172008
32837,7.7e-05,172.31.36.0-255,66,12084,9,172008
32838,0.000121,172.31.36.0-255,66,12150,9,172008
32839,0.000134,172.31.36.0-255,66,12216,9,172008
32840,0.000206,172.217.194.0-255,1484,13700,9,172008
32841,0.00021,172.31.36.0-255,66,13766,9,172008
32842,0.000237,172.217.194.0-255,2902,16668,9,172008
32843,0.00024,172.31.36.0-255,66,16734,9,172008
32844,0.000243,172.217.194.0-255,1484,18218,9,172008
32845,0.000246,172.31.36.0-255,66,18284,9,172008
32846,0.000267,172.217.194.0-255,4320,22604,9,172008
32847,0.00027,172.31.36.0-255,66,22670,9,172008
32848,0.000281,172.217.194.0-255,5738,28408,9,172008
32849,0.000283,172.31.36.0-255,66,28474,9,172008
32850,0.000311,172.217.194.0-255,4320,32794,9,172008
32851,0.000314,172.31.36.0-255,66,32860,9,172008
32852,0.000339,172.31.36.0-255,66,32926,9,172008
32853,0.000343,172.217.194.0-255,4251,37177,9,172008
32854,0.000346,172.31.36.0-255,66,37243,9,172008
32855,0.000349,172.217.194.0-255,366,37609,9,172008
32856,0.000351,172.31.36.0-255,66,37675,9,172008
32857,0.000422,172.217.194.0-255,1484,39159,9,172008
32858,0.000428,172.217.194.0-255,2902,42061,9,172008
32859,0.000431,172.31.36.0-255,66,42127,9,172008
32860,0.000438,172.217.194.0-255,5738,47865,9,172008
32861,0.00044,172.31.36.0-255,66,47931,9,172008
32862,0.000474,172.31.36.0-255,66,47997,9,172008
32863,0.000505,172.217.194.0-255,1484,49481,9,172008
32864,0.000517,172.31.36.0-255,66,49547,9,172008
32865,0.00052,172.217.194.0-255,766,50313,9,172008
32866,0.000697,172.217.194.0-255,1484,51797,9,172008
32867,0.000701,172.31.36.0-255,66,51863,9,172008
32868,0.000707,172.217.194.0-255,2902,54765,9,172008
32869,0.000709,172.31.36.0-255,66,54831,9,172008
32870,0.000715,172.217.194.0-255,5738,60569,9,172008
32871,0.000717,172.31.36.0-255,66,60635,9,172008
32872,0.000726,172.217.194.0-255,1484,62119,9,172008
32873,0.000771,172.31.36.0-255,66,62185,9,172008
32874,0.000797,172.31.36.0-255,66,62251,9,172008
32875,0.000822,172.217.194.0-255,3602,65853,9,172008
32876,0.000827,172.31.36.0-255,66,65919,9,172008
32877,0.000859,172.217.194.0-255,1484,67403,9,172008
32878,0.000862,172.217.194.0-255,1484,68887,9,172008
32879,0.000871,172.31.36.0-255,66,68953,9,172008
32880,0.000875,172.217.194.0-255,1484,70437,9,172008
32881,0.000881,172.217.194.0-255,5738,76175,9,172008
32882,0.000888,172.31.36.0-255,66,76241,9,172008
32883,0.000925,172.31.36.0-255,66,76307,9,172008
32884,0.00096,172.31.36.0-255,66,76373,9,172008
32885,0.0011,172.217.194.0-255,1484,77857,9,172008
32886,0.001109,172.217.194.0-255,2902,80759,9,172008
32887,0.001112,172.31.36.0-255,66,80825,9,172008
32888,0.001118,172.217.194.0-255,5738,86563,9,172008
32889,0.001121,172.31.36.0-255,66,86629,9,172008
32890,0.001129,172.217.194.0-255,1484,88113,9,172008
32891,0.001162,172.31.36.0-255,66,88179,9,172008
32892,0.001194,172.217.194.0-255,4320,92499,9,172008
32893,0.001197,172.31.36.0-255,66,92565,9,172008
32894,0.001227,172.31.36.0-255,66,92631,9,172008
32895,0.003309,172.217.194.0-255,1484,94115,9,172008
32896,0.003319,172.217.194.0-255,2902,97017,9,172008
32897,0.003324,172.31.36.0-255,66,97083,9,172008
32898,0.003328,172.217.194.0-255,1484,98567,9,172008
32899,0.003354,172.217.194.0-255,4320,102887,9,172008
32900,0.003356,172.31.36.0-255,66,102953,9,172008
32901,0.00337,172.31.36.0-255,66,103019,9,172008
32902,0.003412,172.217.194.0-255,5738,108757,9,172008
32903,0.003415,172.31.36.0-255,66,108823,9,172008
32904,0.003448,172.217.194.0-255,5020,113843,9,172008
32905,0.003451,172.31.36.0-255,66,113909,9,172008
32906,0.004096,172.217.194.0-255,1484,115393,9,172008
32907,0.004113,172.217.194.0-255,2902,118295,9,172008
32908,0.004115,172.31.36.0-255,66,118361,9,172008
32909,0.004144,172.217.194.0-255,5738,124099,9,172008
32910,0.004146,172.31.36.0-255,66,124165,9,172008
32911,0.004152,172.217.194.0-255,2902,127067,9,172008
32912,0.004154,172.31.36.0-255,66,127133,9,172008
32913,0.004198,172.31.36.0-255,66,127199,9,172008
32914,0.004205,172.217.194.0-255,5738,132937,9,172008
32915,0.004207,172.31.36.0-255,66,133003,9,172008
32916,0.00424,172.217.194.0-255,5020,138023,9,172008
32917,0.004242,172.31.36.0-255,66,138089,9,172008
32918,0.004249,172.217.194.0-255,5738,143827,9,172008
32919,0.004251,172.31.36.0-255,66,143893,9,172008
32920,0.004265,172.31.36.0-255,66,143959,9,172008
32921,0.004296,172.217.194.0-255,2902,146861,9,172008
32922,0.004299,172.31.36.0-255,66,146927,9,172008
32923,0.004332,172.31.36.0-255,66,146993,9,172008
32924,0.00434,172.217.194.0-255,7156,154149,9,172008
32925,0.004342,172.31.36.0-255,66,154215,9,172008
32926,0.004372,172.31.36.0-255,66,154281,9,172008
32927,0.004407,172.31.36.0-255,66,154347,9,172008
32928,0.004423,172.31.36.0-255,66,154413,9,172008
32929,0.004441,172.31.36.0-255,66,154479,9,172008
32930,0.004446,172.217.194.0-255,3602,158081,9,172008
32931,0.004449,172.31.36.0-255,66,158147,9,172008
32932,0.004488,172.217.194.0-255,7156,165303,9,172008
32933,0.004491,172.31.36.0-255,66,165369,9,172008
32934,0.00457,172.217.194.0-255,97,165466,9,172008
32935,0.004583,172.217.194.0-255,105,165571,9,172008
32936,0.007946,172.31.36.0-255,66,165637,9,172008
32937,0.009651,172.31.36.0-255,105,165742,9,172008
32938,0.011941,172.217.194.0-255,66,165808,9,172008
32939,0.046717,172.31.36.0-255,172,165980,9,172008
32940,0.04675,172.31.36.0-255,1116,167096,9,172008
32941,0.046829,172.31.36.0-255,1514,168610,9,172008
32942,0.046831,172.31.36.0-255,1514,170124,9,172008
32943,0.046835,172.31.36.0-255,1514,171638,9,172008
32944,0.046836,172.31.36.0-255,106,171744,9,172008
32945,0.048212,104.244.42.0-255,66,171810,9,172008
32946,0.048241,104.244.42.0-255,66,171876,9,172008
32947,0.048334,104.244.42.0-255,66,171942,9,172008
32948,0.048339,104.244.42.0-255,66,172008,9,172008
32949,0.0,74.125.24.0-255,153,153,9,369577
32950,2.3e-05,172.31.36.0-255,66,219,9,369577
32951,2.9e-05,74.125.24.0-255,1484,1703,9,369577
32952,3.2e-05,172.31.36.0-255,66,1769,9,369577
32953,3.7e-05,74.125.24.0-255,2902,4671,9,369577
32954,3.9e-05,172.31.36.0-255,66,4737,9,369577
32955,7.2e-05,74.125.24.0-255,7156,11893,9,369577
32956,7.5e-05,172.31.36.0-255,66,11959,9,369577
32957,7.8e-05,74.125.24.0-255,1978,13937,9,369577
32958,8e-05,172.31.36.0-255,66,14003,9,369577
32959,0.0001,74.125.24.0-255,2902,16905,9,369577
32960,0.000102,172.31.36.0-255,66,16971,9,369577
32961,0.000132,74.125.24.0-255,7156,24127,9,369577
32962,0.000134,172.31.36.0-255,66,24193,9,369577
32963,0.000137,74.125.24.0-255,1484,25677,9,369577
32964,0.000138,172.31.36.0-255,66,25743,9,369577
32965,0.000167,74.125.24.0-255,4320,30063,9,369577
32966,0.00017,172.31.36.0-255,66,30129,9,369577
32967,0.000192,74.125.24.0-255,1125,31254,9,369577
32968,0.000194,172.31.36.0-255,66,31320,9,369577
32969,0.000211,74.125.24.0-255,5738,37058,9,369577
32970,0.000214,172.31.36.0-255,66,37124,9,369577
32971,0.000216,74.125.24.0-255,1484,38608,9,369577
32972,0.000218,172.31.36.0-255,66,38674,9,369577
32973,0.000251,74.125.24.0-255,5738,44412,9,369577
32974,0.000254,172.31.36.0-255,66,44478,9,369577
32975,0.000264,172.31.36.0-255,66,44544,9,369577
32976,0.000297,74.125.24.0-255,5379,49923,9,369577
32977,0.0003,172.31.36.0-255,66,49989,9,369577
32978,0.000306,74.125.24.0-255,5713,55702,9,369577
32979,0.00031,172.31.36.0-255,66,55768,9,369577
32980,0.000516,74.125.24.0-255,111,55879,9,369577
32981,0.000551,74.125.24.0-255,331,56210,9,369577
32982,0.000685,172.31.36.0-255,66,56276,9,369577
32983,0.001809,74.125.24.0-255,1484,57760,9,369577
32984,0.001818,74.125.24.0-255,2902,60662,9,369577
32985,0.001822,172.31.36.0-255,66,60728,9,369577
32986,0.001828,74.125.24.0-255,5738,66466,9,369577
32987,0.00183,172.31.36.0-255,66,66532,9,369577
32988,0.001833,74.125.24.0-255,1484,68016,9,369577
32989,0.001851,74.125.24.0-255,2902,70918,9,369577
32990,0.001853,172.31.36.0-255,66,70984,9,369577
32991,0.001862,172.31.36.0-255,66,71050,9,369577
32992,0.001889,74.125.24.0-255,2902,73952,9,369577
32993,0.001891,172.31.36.0-255,66,74018,9,369577
32994,0.0019,172.31.36.0-255,66,74084,9,369577
32995,0.003875,74.125.24.0-255,5738,79822,9,369577
32996,0.003881,172.31.36.0-255,66,79888,9,369577
32997,0.005814,74.125.24.0-255,5738,85626,9,369577
32998,0.00582,172.31.36.0-255,66,85692,9,369577
32999,0.007805,74.125.24.0-255,5738,91430,9,369577
33000,0.007813,172.31.36.0-255,66,91496,9,369577
33001,0.009761,74.125.24.0-255,5738,97234,9,369577
33002,0.009766,172.31.36.0-255,66,97300,9,369577
33003,0.01174,74.125.24.0-255,5738,103038,9,369577
33004,0.011751,172.31.36.0-255,66,103104,9,369577
33005,0.013727,74.125.24.0-255,5738,108842,9,369577
33006,0.013735,172.31.36.0-255,66,108908,9,369577
33007,0.015706,74.125.24.0-255,5738,114646,9,369577
33008,0.015715,172.31.36.0-255,66,114712,9,369577
33009,0.017674,74.125.24.0-255,5738,120450,9,369577
33010,0.017682,172.31.36.0-255,66,120516,9,369577
33011,0.019627,74.125.24.0-255,5738,126254,9,369577
33012,0.019633,172.31.36.0-255,66,126320,9,369577
33013,0.021571,74.125.24.0-255,5738,132058,9,369577
33014,0.021576,172.31.36.0-255,66,132124,9,369577
33015,0.021886,172.31.36.0-255,188,132312,9,369577
33016,0.021918,172.31.36.0-255,960,133272,9,369577
33017,0.022011,172.31.36.0-255,1514,134786,9,369577
33018,0.022013,172.31.36.0-255,1514,136300,9,369577
33019,0.022018,172.31.36.0-255,1514,137814,9,369577
33020,0.022018,172.31.36.0-255,517,138331,9,369577
33021,0.023427,104.244.42.0-255,66,138397,9,369577
33022,0.023446,104.244.42.0-255,66,138463,9,369577
33023,0.023522,74.125.24.0-255,5738,144201,9,369577
33024,0.023525,172.31.36.0-255,66,144267,9,369577
33025,0.023578,104.244.42.0-255,66,144333,9,369577
33026,0.023583,104.244.42.0-255,66,144399,9,369577
33027,0.024254,104.244.42.0-255,108,144507,9,369577
33028,0.024276,172.31.36.0-255,66,144573,9,369577
33029,0.025456,74.125.24.0-255,5738,150311,9,369577
33030,0.02546,172.31.36.0-255,66,150377,9,369577
33031,0.027422,74.125.24.0-255,5738,156115,9,369577
33032,0.027426,172.31.36.0-255,66,156181,9,369577
33033,0.029365,74.125.24.0-255,5738,161919,9,369577
33034,0.02937,172.31.36.0-255,66,161985,9,369577
33035,0.031295,74.125.24.0-255,5738,167723,9,369577
33036,0.0313,172.31.36.0-255,66,167789,9,369577
33037,0.033242,74.125.24.0-255,5738,173527,9,369577
33038,0.033246,172.31.36.0-255,66,173593,9,369577
33039,0.035195,74.125.24.0-255,5738,179331,9,369577
33040,0.0352,172.31.36.0-255,66,179397,9,369577
33041,0.037158,74.125.24.0-255,5738,185135,9,369577
33042,0.037163,172.31.36.0-255,66,185201,9,369577
33043,0.039122,74.125.24.0-255,5738,190939,9,369577
33044,0.039139,172.31.36.0-255,66,191005,9,369577
33045,0.041102,74.125.24.0-255,5738,196743,9,369577
33046,0.041107,172.31.36.0-255,66,196809,9,369577
33047,0.043065,74.125.24.0-255,5738,202547,9,369577
33048,0.043071,172.31.36.0-255,66,202613,9,369577
33049,0.045031,74.125.24.0-255,5738,208351,9,369577
33050,0.045036,172.31.36.0-255,66,208417,9,369577
33051,0.046979,74.125.24.0-255,5738,214155,9,369577
33052,0.046984,172.31.36.0-255,66,214221,9,369577
33053,0.048953,74.125.24.0-255,5738,219959,9,369577
33054,0.048959,172.31.36.0-255,66,220025,9,369577
33055,0.050894,74.125.24.0-255,5738,225763,9,369577
33056,0.0509,172.31.36.0-255,66,225829,9,369577
33057,0.052854,74.125.24.0-255,5738,231567,9,369577
33058,0.05286,172.31.36.0-255,66,231633,9,369577
33059,0.054824,74.125.24.0-255,5738,237371,9,369577
33060,0.05483,172.31.36.0-255,66,237437,9,369577
33061,0.056775,74.125.24.0-255,5738,243175,9,369577
33062,0.056782,172.31.36.0-255,66,243241,9,369577
33063,0.058734,74.125.24.0-255,4320,247561,9,369577
33064,0.05874,172.31.36.0-255,66,247627,9,369577
33065,0.058766,74.125.24.0-255,1484,249111,9,369577
33066,0.060687,74.125.24.0-255,4320,253431,9,369577
33067,0.060692,172.31.36.0-255,66,253497,9,369577
33068,0.062644,74.125.24.0-255,5738,259235,9,369577
33069,0.06265,172.31.36.0-255,66,259301,9,369577
33070,0.064606,74.125.24.0-255,5738,265039,9,369577
33071,0.064611,172.31.36.0-255,66,265105,9,369577
33072,0.066594,74.125.24.0-255,5738,270843,9,369577
33073,0.066599,172.31.36.0-255,66,270909,9,369577
33074,0.068566,74.125.24.0-255,5738,276647,9,369577
33075,0.068571,172.31.36.0-255,66,276713,9,369577
33076,0.070564,74.125.24.0-255,5738,282451,9,369577
33077,0.070569,172.31.36.0-255,66,282517,9,369577
33078,0.072501,74.125.24.0-255,5738,288255,9,369577
33079,0.072506,172.31.36.0-255,66,288321,9,369577
33080,0.074453,74.125.24.0-255,5738,294059,9,369577
33081,0.074459,172.31.36.0-255,66,294125,9,369577
33082,0.076412,74.125.24.0-255,5738,299863,9,369577
33083,0.076419,172.31.36.0-255,66,299929,9,369577
33084,0.078364,74.125.24.0-255,5738,305667,9,369577
33085,0.078368,172.31.36.0-255,66,305733,9,369577
33086,0.080306,74.125.24.0-255,5738,311471,9,369577
33087,0.08031,172.31.36.0-255,66,311537,9,369577
33088,0.082265,74.125.24.0-255,5738,317275,9,369577
33089,0.08227,172.31.36.0-255,66,317341,9,369577
33090,0.08422,74.125.24.0-255,5738,323079,9,369577
33091,0.084226,172.31.36.0-255,66,323145,9,369577
33092,0.086184,74.125.24.0-255,5738,328883,9,369577
33093,0.086189,172.31.36.0-255,66,328949,9,369577
33094,0.088117,74.125.24.0-255,5738,334687,9,369577
33095,0.088122,172.31.36.0-255,66,334753,9,369577
33096,0.09009,74.125.24.0-255,5738,340491,9,369577
33097,0.090095,172.31.36.0-255,66,340557,9,369577
33098,0.092051,74.125.24.0-255,5738,346295,9,369577
33099,0.092056,172.31.36.0-255,66,346361,9,369577
33100,0.094009,74.125.24.0-255,5738,352099,9,369577
33101,0.094015,172.31.36.0-255,66,352165,9,369577
33102,0.095964,74.125.24.0-255,5738,357903,9,369577
33103,0.095969,172.31.36.0-255,66,357969,9,369577
33104,0.097898,74.125.24.0-255,5738,363707,9,369577
33105,0.097903,172.31.36.0-255,66,363773,9,369577
33106,0.099853,74.125.24.0-255,5738,369511,9,369577
33107,0.099874,172.31.36.0-255,66,369577,9,369577
33108,0.0,172.31.36.0-255,105,105,9,276
33109,0.00148,157.240.13.0-255,105,210,9,276
33110,0.001493,172.31.36.0-255,66,276,9,276
33111,0.0,172.31.36.0-255,105,105,9,276
33112,0.001794,157.240.13.0-255,105,210,9,276
33113,0.001808,172.31.36.0-255,66,276,9,276
33114,0.0,74.125.24.0-255,153,153,9,256598
33115,2.7e-05,172.31.36.0-255,66,219,9,256598
33116,3.4e-05,74.125.24.0-255,1484,1703,9,256598
33117,3.7e-05,172.31.36.0-255,66,1769,9,256598
33118,4.2e-05,74.125.24.0-255,2902,4671,9,256598
33119,4.5e-05,172.31.36.0-255,66,4737,9,256598
33120,5.3e-05,74.125.24.0-255,7156,11893,9,256598
33121,5.6e-05,172.31.36.0-255,66,11959,9,256598
33122,6e-05,74.125.24.0-255,1984,13943,9,256598
33123,6.3e-05,172.31.36.0-255,66,14009,9,256598
33124,0.000964,74.125.24.0-255,1484,15493,9,256598
33125,0.000972,172.31.36.0-255,66,15559,9,256598
33126,0.000994,74.125.24.0-255,2902,18461,9,256598
33127,0.000996,172.31.36.0-255,66,18527,9,256598
33128,0.001003,74.125.24.0-255,5738,24265,9,256598
33129,0.001005,172.31.36.0-255,66,24331,9,256598
33130,0.001028,74.125.24.0-255,6797,31128,9,256598
33131,0.001031,172.31.36.0-255,66,31194,9,256598
33132,0.00133,74.125.24.0-255,1484,32678,9,256598
33133,0.001335,172.31.36.0-255,66,32744,9,256598
33134,0.001344,74.125.24.0-255,2902,35646,9,256598
33135,0.001347,172.31.36.0-255,66,35712,9,256598
33136,0.001354,74.125.24.0-255,5738,41450,9,256598
33137,0.001356,172.31.36.0-255,66,41516,9,256598
33138,0.001361,74.125.24.0-255,2902,44418,9,256598
33139,0.001363,172.31.36.0-255,66,44484,9,256598
33140,0.001394,172.31.36.0-255,66,44550,9,256598
33141,0.00141,74.125.24.0-255,1125,45675,9,256598
33142,0.001412,172.31.36.0-255,66,45741,9,256598
33143,0.001419,74.125.24.0-255,5738,51479,9,256598
33144,0.001422,172.31.36.0-255,66,51545,9,256598
33145,0.001442,74.125.24.0-255,3961,55506,9,256598
33146,0.001445,172.31.36.0-255,66,55572,9,256598
33147,0.002255,74.125.24.0-255,648,56220,9,256598
33148,0.002279,172.31.36.0-255,66,56286,9,256598
33149,0.002478,74.125.24.0-255,1484,57770,9,256598
33150,0.002485,74.125.24.0-255,2902,60672,9,256598
33151,0.002489,172.31.36.0-255,66,60738,9,256598
33152,0.002497,74.125.24.0-255,5738,66476,9,256598
33153,0.002498,172.31.36.0-255,66,66542,9,256598
33154,0.002512,74.125.24.0-255,2902,69444,9,256598
33155,0.002514,172.31.36.0-255,66,69510,9,256598
33156,0.002541,172.31.36.0-255,66,69576,9,256598
33157,0.002549,74.125.24.0-255,7156,76732,9,256598
33158,0.002551,172.31.36.0-255,66,76798,9,256598
33159,0.002591,74.125.24.0-255,3602,80400,9,256598
33160,0.002595,172.31.36.0-255,66,80466,9,256598
33161,0.002986,74.125.24.0-255,1484,81950,9,256598
33162,0.002994,74.125.24.0-255,2902,84852,9,256598
33163,0.002998,172.31.36.0-255,66,84918,9,256598
33164,0.003006,74.125.24.0-255,5738,90656,9,256598
33165,0.003008,172.31.36.0-255,66,90722,9,256598
33166,0.003041,172.31.36.0-255,66,90788,9,256598
33167,0.003047,74.125.24.0-255,5738,96526,9,256598
33168,0.003049,172.31.36.0-255,66,96592,9,256598
33169,0.00309,74.125.24.0-255,5020,101612,9,256598
33170,0.003093,172.31.36.0-255,66,101678,9,256598
33171,0.003098,74.125.24.0-255,2902,104580,9,256598
33172,0.003099,172.31.36.0-255,66,104646,9,256598
33173,0.003115,74.125.24.0-255,2902,107548,9,256598
33174,0.003118,172.31.36.0-255,66,107614,9,256598
33175,0.003124,74.125.24.0-255,5738,113352,9,256598
33176,0.003127,172.31.36.0-255,66,113418,9,256598
33177,0.003152,74.125.24.0-255,7156,120574,9,256598
33178,0.003154,172.31.36.0-255,66,120640,9,256598
33179,0.003161,74.125.24.0-255,5738,126378,9,256598
33180,0.003163,172.31.36.0-255,66,126444,9,256598
33181,0.003189,74.125.24.0-255,5738,132182,9,256598
33182,0.003191,172.31.36.0-255,66,132248,9,256598
33183,0.003212,74.125.24.0-255,3602,135850,9,256598
33184,0.003215,172.31.36.0-255,66,135916,9,256598
33185,0.00322,74.125.24.0-255,4320,140236,9,256598
33186,0.003223,172.31.36.0-255,66,140302,9,256598
33187,0.00324,74.125.24.0-255,5738,146040,9,256598
33188,0.003243,172.31.36.0-255,66,146106,9,256598
33189,0.003249,74.125.24.0-255,4320,150426,9,256598
33190,0.003251,172.31.36.0-255,66,150492,9,256598
33191,0.003293,74.125.24.0-255,2902,153394,9,256598
33192,0.003296,172.31.36.0-255,66,153460,9,256598
33193,0.003327,172.31.36.0-255,66,153526,9,256598
33194,0.003332,74.125.24.0-255,3602,157128,9,256598
33195,0.003334,172.31.36.0-255,66,157194,9,256598
33196,0.003368,74.125.24.0-255,1484,158678,9,256598
33197,0.003374,74.125.24.0-255,2902,161580,9,256598
33198,0.003376,172.31.36.0-255,66,161646,9,256598
33199,0.003397,74.125.24.0-255,4320,165966,9,256598
33200,0.003401,172.31.36.0-255,66,166032,9,256598
33201,0.003407,74.125.24.0-255,5738,171770,9,256598
33202,0.00341,172.31.36.0-255,66,171836,9,256598
33203,0.003413,74.125.24.0-255,1484,173320,9,256598
33204,0.003441,172.31.36.0-255,66,173386,9,256598
33205,0.003452,172.31.36.0-255,66,173452,9,256598
33206,0.003802,74.125.24.0-255,1484,174936,9,256598
33207,0.003808,74.125.24.0-255,2902,177838,9,256598
33208,0.003812,172.31.36.0-255,66,177904,9,256598
33209,0.003817,74.125.24.0-255,2902,180806,9,256598
33210,0.00382,172.31.36.0-255,66,180872,9,256598
33211,0.003844,74.125.24.0-255,2902,183774,9,256598
33212,0.003847,172.31.36.0-255,66,183840,9,256598
33213,0.003858,74.125.24.0-255,5738,189578,9,256598
33214,0.00386,172.31.36.0-255,66,189644,9,256598
33215,0.00388,74.125.24.0-255,2902,192546,9,256598
33216,0.003883,172.31.36.0-255,66,192612,9,256598
33217,0.003907,172.31.36.0-255,66,192678,9,256598
33218,0.003929,74.125.24.0-255,5020,197698,9,256598
33219,0.003932,172.31.36.0-255,66,197764,9,256598
33220,0.004054,74.125.24.0-255,1484,199248,9,256598
33221,0.004068,74.125.24.0-255,2902,202150,9,256598
33222,0.004071,172.31.36.0-255,66,202216,9,256598
33223,0.004088,74.125.24.0-255,1484,203700,9,256598
33224,0.004103,74.125.24.0-255,4320,208020,9,256598
33225,0.004106,172.31.36.0-255,66,208086,9,256598
33226,0.004111,74.125.24.0-255,2902,210988,9,256598
33227,0.004114,172.31.36.0-255,66,211054,9,256598
33228,0.004132,74.125.24.0-255,7156,218210,9,256598
33229,0.004135,172.31.36.0-255,66,218276,9,256598
33230,0.004163,74.125.24.0-255,7156,225432,9,256598
33231,0.004166,172.31.36.0-255,66,225498,9,256598
33232,0.00419,74.125.24.0-255,6438,231936,9,256598
33233,0.004193,172.31.36.0-255,66,232002,9,256598
33234,0.004197,74.125.24.0-255,2902,234904,9,256598
33235,0.004199,172.31.36.0-255,66,234970,9,256598
33236,0.004219,74.125.24.0-255,5738,240708,9,256598
33237,0.004222,172.31.36.0-255,66,240774,9,256598
33238,0.00425,172.31.36.0-255,66,240840,9,256598
33239,0.004263,172.31.36.0-255,66,240906,9,256598
33240,0.004291,74.125.24.0-255,3602,244508,9,256598
33241,0.004294,172.31.36.0-255,66,244574,9,256598
33242,0.00431,172.31.36.0-255,66,244640,9,256598
33243,0.004324,172.31.36.0-255,66,244706,9,256598
33244,0.004389,74.125.24.0-255,2902,247608,9,256598
33245,0.004392,172.31.36.0-255,66,247674,9,256598
33246,0.004433,172.31.36.0-255,66,247740,9,256598
33247,0.004456,172.31.36.0-255,66,247806,9,256598
33248,0.00446,74.125.24.0-255,2528,250334,9,256598
33249,0.004463,172.31.36.0-255,66,250400,9,256598
33250,0.004466,74.125.24.0-255,105,250505,9,256598
33251,0.006578,172.31.36.0-255,66,250571,9,256598
33252,0.006616,172.31.36.0-255,105,250676,9,256598
33253,0.008918,74.125.24.0-255,66,250742,9,256598
33254,0.039907,172.31.36.0-255,188,250930,9,256598
33255,0.039937,172.31.36.0-255,960,251890,9,256598
33256,0.040015,172.31.36.0-255,1514,253404,9,256598
33257,0.040016,172.31.36.0-255,1514,254918,9,256598
33258,0.040018,172.31.36.0-255,1242,256160,9,256598
33259,0.041437,104.244.42.0-255,66,256226,9,256598
33260,0.041448,104.244.42.0-255,66,256292,9,256598
33261,0.041523,104.244.42.0-255,66,256358,9,256598
33262,0.041529,104.244.42.0-255,66,256424,9,256598
33263,0.04215,104.244.42.0-255,108,256532,9,256598
33264,0.042157,172.31.36.0-255,66,256598,9,256598
33265,0.0,74.125.24.0-255,153,153,9,349671
33266,1.5e-05,172.31.36.0-255,66,219,9,349671
33267,2.2e-05,74.125.24.0-255,1484,1703,9,349671
33268,2.7e-05,172.31.36.0-255,66,1769,9,349671
33269,3.3e-05,74.125.24.0-255,2902,4671,9,349671
33270,3.5e-05,172.31.36.0-255,66,4737,9,349671
33271,4.4e-05,74.125.24.0-255,7156,11893,9,349671
33272,4.8e-05,172.31.36.0-255,66,11959,9,349671
33273,5.2e-05,74.125.24.0-255,1966,13925,9,349671
33274,5.5e-05,172.31.36.0-255,66,13991,9,349671
33275,0.000212,74.125.24.0-255,1484,15475,9,349671
33276,0.000216,172.31.36.0-255,66,15541,9,349671
33277,0.000222,74.125.24.0-255,2902,18443,9,349671
33278,0.000226,172.31.36.0-255,66,18509,9,349671
33279,0.000232,74.125.24.0-255,4320,22829,9,349671
33280,0.000235,172.31.36.0-255,66,22895,9,349671
33281,0.000257,74.125.24.0-255,1484,24379,9,349671
33282,0.00026,172.31.36.0-255,66,24445,9,349671
33283,0.000291,74.125.24.0-255,4320,28765,9,349671
33284,0.000294,172.31.36.0-255,66,28831,9,349671
33285,0.000313,74.125.24.0-255,2543,31374,9,349671
33286,0.000315,172.31.36.0-255,66,31440,9,349671
33287,0.000577,74.125.24.0-255,1484,32924,9,349671
33288,0.000584,172.31.36.0-255,66,32990,9,349671
33289,0.000589,74.125.24.0-255,2902,35892,9,349671
33290,0.000591,172.31.36.0-255,66,35958,9,349671
33291,0.000598,74.125.24.0-255,5738,41696,9,349671
33292,0.000601,172.31.36.0-255,66,41762,9,349671
33293,0.000642,172.31.36.0-255,66,41828,9,349671
33294,0.000654,172.31.36.0-255,66,41894,9,349671
33295,0.000671,74.125.24.0-255,1125,43019,9,349671
33296,0.000694,74.125.24.0-255,400,43419,9,349671
33297,0.000885,74.125.24.0-255,344,43763,9,349671
33298,0.000889,172.31.36.0-255,66,43829,9,349671
33299,0.000909,74.125.24.0-255,1484,45313,9,349671
33300,0.000929,74.125.24.0-255,2902,48215,9,349671
33301,0.000932,172.31.36.0-255,66,48281,9,349671
33302,0.000948,74.125.24.0-255,1484,49765,9,349671
33303,0.000954,74.125.24.0-255,4320,54085,9,349671
33304,0.000956,172.31.36.0-255,66,54151,9,349671
33305,0.00097,74.125.24.0-255,1484,55635,9,349671
33306,0.000998,74.125.24.0-255,5379,61014,9,349671
33307,0.001003,172.31.36.0-255,66,61080,9,349671
33308,0.001491,74.125.24.0-255,1484,62564,9,349671
33309,0.001499,74.125.24.0-255,2902,65466,9,349671
33310,0.001503,172.31.36.0-255,66,65532,9,349671
33311,0.001526,74.125.24.0-255,5738,71270,9,349671
33312,0.001529,172.31.36.0-255,66,71336,9,349671
33313,0.001546,74.125.24.0-255,1484,72820,9,349671
33314,0.001571,74.125.24.0-255,5379,78199,9,349671
33315,0.001574,172.31.36.0-255,66,78265,9,349671
33316,0.00368,74.125.24.0-255,5738,84003,9,349671
33317,0.003687,172.31.36.0-255,66,84069,9,349671
33318,0.00579,74.125.24.0-255,5738,89807,9,349671
33319,0.005794,172.31.36.0-255,66,89873,9,349671
33320,0.007943,74.125.24.0-255,5738,95611,9,349671
33321,0.007951,172.31.36.0-255,66,95677,9,349671
33322,0.010049,74.125.24.0-255,5738,101415,9,349671
33323,0.010056,172.31.36.0-255,66,101481,9,349671
33324,0.012214,74.125.24.0-255,5738,107219,9,349671
33325,0.012221,172.31.36.0-255,66,107285,9,349671
33326,0.014341,74.125.24.0-255,5738,113023,9,349671
33327,0.014349,172.31.36.0-255,66,113089,9,349671
33328,0.016475,74.125.24.0-255,5738,118827,9,349671
33329,0.016483,172.31.36.0-255,66,118893,9,349671
33330,0.0186,74.125.24.0-255,5738,124631,9,349671
33331,0.018609,172.31.36.0-255,66,124697,9,349671
33332,0.02075,74.125.24.0-255,5738,130435,9,349671
33333,0.020759,172.31.36.0-255,66,130501,9,349671
33334,0.022886,74.125.24.0-255,5738,136239,9,349671
33335,0.022898,172.31.36.0-255,66,136305,9,349671
33336,0.025037,74.125.24.0-255,5738,142043,9,349671
33337,0.025046,172.31.36.0-255,66,142109,9,349671
33338,0.027164,74.125.24.0-255,5738,147847,9,349671
33339,0.027171,172.31.36.0-255,66,147913,9,349671
33340,0.029331,74.125.24.0-255,5738,153651,9,349671
33341,0.029338,172.31.36.0-255,66,153717,9,349671
33342,0.031454,74.125.24.0-255,5738,159455,9,349671
33343,0.031462,172.31.36.0-255,66,159521,9,349671
33344,0.03161,172.31.36.0-255,188,159709,9,349671
33345,0.03164,172.31.36.0-255,960,160669,9,349671
33346,0.031774,172.31.36.0-255,1514,162183,9,349671
33347,0.031776,172.31.36.0-255,1514,163697,9,349671
33348,0.031777,172.31.36.0-255,1514,165211,9,349671
33349,0.031779,172.31.36.0-255,1514,166725,9,349671
33350,0.03178,172.31.36.0-255,1514,168239,9,349671
33351,0.03181,172.31.36.0-255,962,169201,9,349671
33352,0.033189,104.244.42.0-255,66,169267,9,349671
33353,0.0332,104.244.42.0-255,66,169333,9,349671
33354,0.03334,104.244.42.0-255,66,169399,9,349671
33355,0.033346,104.244.42.0-255,66,169465,9,349671
33356,0.03358,74.125.24.0-255,5738,175203,9,349671
33357,0.033588,172.31.36.0-255,66,175269,9,349671
33358,0.03401,104.244.42.0-255,108,175377,9,349671
33359,0.034018,172.31.36.0-255,66,175443,9,349671
33360,0.035741,74.125.24.0-255,5738,181181,9,349671
33361,0.035748,172.31.36.0-255,66,181247,9,349671
33362,0.037875,74.125.24.0-255,5738,186985,9,349671
33363,0.037885,172.31.36.0-255,66,187051,9,349671
33364,0.040026,74.125.24.0-255,5738,192789,9,349671
33365,0.040033,172.31.36.0-255,66,192855,9,349671
33366,0.042131,74.125.24.0-255,5738,198593,9,349671
33367,0.042139,172.31.36.0-255,66,198659,9,349671
33368,0.044314,74.125.24.0-255,5738,204397,9,349671
33369,0.044322,172.31.36.0-255,66,204463,9,349671
33370,0.046426,74.125.24.0-255,5738,210201,9,349671
33371,0.046434,172.31.36.0-255,66,210267,9,349671
33372,0.048545,74.125.24.0-255,5738,216005,9,349671
33373,0.048553,172.31.36.0-255,66,216071,9,349671
33374,0.050666,74.125.24.0-255,5738,221809,9,349671
33375,0.050673,172.31.36.0-255,66,221875,9,349671
33376,0.052851,74.125.24.0-255,5738,227613,9,349671
33377,0.05286,172.31.36.0-255,66,227679,9,349671
33378,0.054991,74.125.24.0-255,5738,233417,9,349671
33379,0.054998,172.31.36.0-255,66,233483,9,349671
33380,0.057114,74.125.24.0-255,5738,239221,9,349671
33381,0.057124,172.31.36.0-255,66,239287,9,349671
33382,0.059281,74.125.24.0-255,5738,245025,9,349671
33383,0.059288,172.31.36.0-255,66,245091,9,349671
33384,0.06141,74.125.24.0-255,5738,250829,9,349671
33385,0.061417,172.31.36.0-255,66,250895,9,349671
33386,0.063552,74.125.24.0-255,5738,256633,9,349671
33387,0.063559,172.31.36.0-255,66,256699,9,349671
33388,0.065686,74.125.24.0-255,5738,262437,9,349671
33389,0.065694,172.31.36.0-255,66,262503,9,349671
33390,0.067852,74.125.24.0-255,5738,268241,9,349671
33391,0.06786,172.31.36.0-255,66,268307,9,349671
33392,0.07002,74.125.24.0-255,5738,274045,9,349671
33393,0.070028,172.31.36.0-255,66,274111,9,349671
33394,0.072174,74.125.24.0-255,5738,279849,9,349671
33395,0.072181,172.31.36.0-255,66,279915,9,349671
33396,0.074343,74.125.24.0-255,5738,285653,9,349671
33397,0.07435,172.31.36.0-255,66,285719,9,349671
33398,0.076463,74.125.24.0-255,5738,291457,9,349671
33399,0.076472,172.31.36.0-255,66,291523,9,349671
33400,0.078648,74.125.24.0-255,5738,297261,9,349671
33401,0.078656,172.31.36.0-255,66,297327,9,349671
33402,0.080768,74.125.24.0-255,5738,303065,9,349671
33403,0.080775,172.31.36.0-255,66,303131,9,349671
33404,0.082896,74.125.24.0-255,5738,308869,9,349671
33405,0.082903,172.31.36.0-255,66,308935,9,349671
33406,0.083638,172.31.36.0-255,108,309043,9,349671
33407,0.085045,74.125.24.0-255,5738,314781,9,349671
33408,0.085053,172.31.36.0-255,66,314847,9,349671
33409,0.087191,74.125.24.0-255,5738,320585,9,349671
33410,0.087198,172.31.36.0-255,66,320651,9,349671
33411,0.089322,74.125.24.0-255,5738,326389,9,349671
33412,0.089331,172.31.36.0-255,66,326455,9,349671
33413,0.091477,74.125.24.0-255,5738,332193,9,349671
33414,0.091489,172.31.36.0-255,66,332259,9,349671
33415,0.093601,74.125.24.0-255,5738,337997,9,349671
33416,0.093612,172.31.36.0-255,66,338063,9,349671
33417,0.095727,74.125.24.0-255,5738,343801,9,349671
33418,0.095738,172.31.36.0-255,66,343867,9,349671
33419,0.097894,74.125.24.0-255,5738,349605,9,349671
33420,0.097902,172.31.36.0-255,66,349671,9,349671
33421,0.0,172.217.27.0-255,146,146,9,404061
33422,2e-05,172.31.36.0-255,66,212,9,404061
33423,2.7e-05,172.217.27.0-255,1484,1696,9,404061
33424,3.1e-05,172.31.36.0-255,66,1762,9,404061
33425,6.4e-05,172.217.27.0-255,1484,3246,9,404061
33426,6.7e-05,172.31.36.0-255,66,3312,9,404061
33427,7.1e-05,172.217.27.0-255,1484,4796,9,404061
33428,7.3e-05,172.31.36.0-255,66,4862,9,404061
33429,7.9e-05,172.217.27.0-255,2902,7764,9,404061
33430,8.3e-05,172.31.36.0-255,66,7830,9,404061
33431,8.8e-05,172.217.27.0-255,2902,10732,9,404061
33432,9e-05,172.31.36.0-255,66,10798,9,404061
33433,9.6e-05,172.217.27.0-255,3483,14281,9,404061
33434,9.9e-05,172.31.36.0-255,66,14347,9,404061
33435,0.000109,172.31.36.0-255,66,14413,9,404061
33436,0.000113,172.217.27.0-255,1484,15897,9,404061
33437,0.000115,172.31.36.0-255,66,15963,9,404061
33438,0.000152,172.217.27.0-255,6797,22760,9,404061
33439,0.000154,172.31.36.0-255,66,22826,9,404061
33440,0.000178,172.217.27.0-255,1484,24310,9,404061
33441,0.00018,172.31.36.0-255,66,24376,9,404061
33442,0.000209,172.217.27.0-255,2902,27278,9,404061
33443,0.000212,172.31.36.0-255,66,27344,9,404061
33444,0.000231,172.217.27.0-255,4320,31664,9,404061
33445,0.000234,172.31.36.0-255,66,31730,9,404061
33446,0.000237,172.217.27.0-255,1484,33214,9,404061
33447,0.000239,172.31.36.0-255,66,33280,9,404061
33448,0.000268,172.217.27.0-255,4320,37600,9,404061
33449,0.000274,172.31.36.0-255,66,37666,9,404061
33450,0.000278,172.217.27.0-255,2543,40209,9,404061
33451,0.00028,172.31.36.0-255,66,40275,9,404061
33452,0.00032,172.217.27.0-255,1484,41759,9,404061
33453,0.00034,172.217.27.0-255,2902,44661,9,404061
33454,0.000344,172.31.36.0-255,66,44727,9,404061
33455,0.00035,172.217.27.0-255,5738,50465,9,404061
33456,0.000353,172.31.36.0-255,66,50531,9,404061
33457,0.000382,172.217.27.0-255,7121,57652,9,404061
33458,0.000385,172.31.36.0-255,66,57718,9,404061
33459,0.000838,172.217.27.0-255,353,58071,9,404061
33460,0.000999,172.217.27.0-255,1484,59555,9,404061
33461,0.001004,172.31.36.0-255,66,59621,9,404061
33462,0.001009,172.217.27.0-255,2902,62523,9,404061
33463,0.001011,172.31.36.0-255,66,62589,9,404061
33464,0.001019,172.217.27.0-255,5738,68327,9,404061
33465,0.001025,172.31.36.0-255,66,68393,9,404061
33466,0.00103,172.217.27.0-255,4320,72713,9,404061
33467,0.001032,172.31.36.0-255,66,72779,9,404061
33468,0.001072,172.31.36.0-255,66,72845,9,404061
33469,0.001076,172.217.27.0-255,1484,74329,9,404061
33470,0.001103,172.217.27.0-255,5379,79708,9,404061
33471,0.001106,172.31.36.0-255,66,79774,9,404061
33472,0.002727,172.217.27.0-255,5738,85512,9,404061
33473,0.002734,172.31.36.0-255,66,85578,9,404061
33474,0.004347,172.217.27.0-255,5738,91316,9,404061
33475,0.004351,172.31.36.0-255,66,91382,9,404061
33476,0.005969,172.217.27.0-255,5738,97120,9,404061
33477,0.005973,172.31.36.0-255,66,97186,9,404061
33478,0.0076,172.217.27.0-255,5738,102924,9,404061
33479,0.007607,172.31.36.0-255,66,102990,9,404061
33480,0.009233,172.217.27.0-255,5738,108728,9,404061
33481,0.00924,172.31.36.0-255,66,108794,9,404061
33482,0.010865,172.217.27.0-255,5738,114532,9,404061
33483,0.010873,172.31.36.0-255,66,114598,9,404061
33484,0.012508,172.217.27.0-255,5738,120336,9,404061
33485,0.012523,172.31.36.0-255,66,120402,9,404061
33486,0.01416,172.217.27.0-255,5738,126140,9,404061
33487,0.01417,172.31.36.0-255,66,126206,9,404061
33488,0.015796,172.217.27.0-255,5738,131944,9,404061
33489,0.015804,172.31.36.0-255,66,132010,9,404061
33490,0.017433,172.217.27.0-255,5738,137748,9,404061
33491,0.017441,172.31.36.0-255,66,137814,9,404061
33492,0.019062,172.217.27.0-255,5738,143552,9,404061
33493,0.01907,172.31.36.0-255,66,143618,9,404061
33494,0.020699,172.217.27.0-255,5738,149356,9,404061
33495,0.020708,172.31.36.0-255,66,149422,9,404061
33496,0.022336,172.217.27.0-255,5738,155160,9,404061
33497,0.022345,172.31.36.0-255,66,155226,9,404061
33498,0.023976,172.217.27.0-255,5738,160964,9,404061
33499,0.023985,172.31.36.0-255,66,161030,9,404061
33500,0.025615,172.217.27.0-255,5738,166768,9,404061
33501,0.025623,172.31.36.0-255,66,166834,9,404061
33502,0.027253,172.217.27.0-255,5738,172572,9,404061
33503,0.027261,172.31.36.0-255,66,172638,9,404061
33504,0.027367,172.31.36.0-255,171,172809,9,404061
33505,0.027395,172.31.36.0-255,1116,173925,9,404061
33506,0.027454,172.31.36.0-255,1514,175439,9,404061
33507,0.027455,172.31.36.0-255,1285,176724,9,404061
33508,0.028858,104.244.42.0-255,66,176790,9,404061
33509,0.02889,104.244.42.0-255,66,176856,9,404061
33510,0.028909,172.217.27.0-255,5738,182594,9,404061
33511,0.028914,172.31.36.0-255,66,182660,9,404061
33512,0.02895,104.244.42.0-255,66,182726,9,404061
33513,0.030541,172.217.27.0-255,5738,188464,9,404061
33514,0.030547,172.31.36.0-255,66,188530,9,404061
33515,0.03217,172.217.27.0-255,5738,194268,9,404061
33516,0.032177,172.31.36.0-255,66,194334,9,404061
33517,0.033809,172.217.27.0-255,5738,200072,9,404061
33518,0.033816,172.31.36.0-255,66,200138,9,404061
33519,0.035441,172.217.27.0-255,5738,205876,9,404061
33520,0.035448,172.31.36.0-255,66,205942,9,404061
33521,0.037075,172.217.27.0-255,5738,211680,9,404061
33522,0.037082,172.31.36.0-255,66,211746,9,404061
33523,0.038715,172.217.27.0-255,5738,217484,9,404061
33524,0.038723,172.31.36.0-255,66,217550,9,404061
33525,0.040358,172.217.27.0-255,5738,223288,9,404061
33526,0.040365,172.31.36.0-255,66,223354,9,404061
33527,0.042029,172.217.27.0-255,5738,229092,9,404061
33528,0.042036,172.31.36.0-255,66,229158,9,404061
33529,0.043666,172.217.27.0-255,5738,234896,9,404061
33530,0.043674,172.31.36.0-255,66,234962,9,404061
33531,0.045301,172.217.27.0-255,5738,240700,9,404061
33532,0.045307,172.31.36.0-255,66,240766,9,404061
33533,0.046936,172.217.27.0-255,5738,246504,9,404061
33534,0.046943,172.31.36.0-255,66,246570,9,404061
33535,0.048564,172.217.27.0-255,5738,252308,9,404061
33536,0.04857,172.31.36.0-255,66,252374,9,404061
33537,0.050193,172.217.27.0-255,5738,258112,9,404061
33538,0.050201,172.31.36.0-255,66,258178,9,404061
33539,0.051837,172.217.27.0-255,5738,263916,9,404061
33540,0.051844,172.31.36.0-255,66,263982,9,404061
33541,0.053482,172.217.27.0-255,5738,269720,9,404061
33542,0.053489,172.31.36.0-255,66,269786,9,404061
33543,0.055117,172.217.27.0-255,5738,275524,9,404061
33544,0.055123,172.31.36.0-255,66,275590,9,404061
33545,0.056776,172.217.27.0-255,5738,281328,9,404061
33546,0.056782,172.31.36.0-255,66,281394,9,404061
33547,0.058416,172.217.27.0-255,5738,287132,9,404061
33548,0.058422,172.31.36.0-255,66,287198,9,404061
33549,0.060053,172.217.27.0-255,5738,292936,9,404061
33550,0.06006,172.31.36.0-255,66,293002,9,404061
33551,0.061691,172.217.27.0-255,5738,298740,9,404061
33552,0.061697,172.31.36.0-255,66,298806,9,404061
33553,0.063326,172.217.27.0-255,5738,304544,9,404061
33554,0.063333,172.31.36.0-255,66,304610,9,404061
33555,0.064958,172.217.27.0-255,5738,310348,9,404061
33556,0.064966,172.31.36.0-255,66,310414,9,404061
33557,0.066595,172.217.27.0-255,5738,316152,9,404061
33558,0.066603,172.31.36.0-255,66,316218,9,404061
33559,0.068238,172.217.27.0-255,5738,321956,9,404061
33560,0.068244,172.31.36.0-255,66,322022,9,404061
33561,0.069877,172.217.27.0-255,5738,327760,9,404061
33562,0.069883,172.31.36.0-255,66,327826,9,404061
33563,0.07151,172.217.27.0-255,5738,333564,9,404061
33564,0.071517,172.31.36.0-255,66,333630,9,404061
33565,0.073142,172.217.27.0-255,5738,339368,9,404061
33566,0.073149,172.31.36.0-255,66,339434,9,404061
33567,0.074778,172.217.27.0-255,5738,345172,9,404061
33568,0.074785,172.31.36.0-255,66,345238,9,404061
33569,0.076418,172.217.27.0-255,5738,350976,9,404061
33570,0.076424,172.31.36.0-255,66,351042,9,404061
33571,0.078054,172.217.27.0-255,5738,356780,9,404061
33572,0.07806,172.31.36.0-255,66,356846,9,404061
33573,0.079694,172.217.27.0-255,5738,362584,9,404061
33574,0.0797,172.31.36.0-255,66,362650,9,404061
33575,0.081333,172.217.27.0-255,5738,368388,9,404061
33576,0.08134,172.31.36.0-255,66,368454,9,404061
33577,0.082978,172.217.27.0-255,5738,374192,9,404061
33578,0.082985,172.31.36.0-255,66,374258,9,404061
33579,0.084618,172.217.27.0-255,5738,379996,9,404061
33580,0.084625,172.31.36.0-255,66,380062,9,404061
33581,0.086256,172.217.27.0-255,5738,385800,9,404061
33582,0.086264,172.31.36.0-255,66,385866,9,404061
33583,0.0879,172.217.27.0-255,5738,391604,9,404061
33584,0.087907,172.31.36.0-255,66,391670,9,404061
33585,0.08953,172.217.27.0-255,5738,397408,9,404061
33586,0.089536,172.31.36.0-255,66,397474,9,404061
33587,0.091161,172.217.27.0-255,5738,403212,9,404061
33588,0.091168,172.31.36.0-255,66,403278,9,404061
33589,0.092765,172.217.27.0-255,546,403824,9,404061
33590,0.092965,172.31.36.0-255,66,403890,9,404061
33591,0.093002,172.31.36.0-255,105,403995,9,404061
33592,0.094594,172.217.27.0-255,66,404061,9,404061
33593,0.0,172.31.36.0-255,105,105,9,459
33594,0.000202,172.31.36.0-255,90,195,9,459
33595,0.000212,172.31.36.0-255,66,261,9,459
33596,0.001953,216.58.203.0-255,66,327,9,459
33597,0.001968,216.58.203.0-255,66,393,9,459
33598,0.00198,172.31.36.0-255,66,459,9,459
33599,0.0,74.125.68.0-255,146,146,9,349936
33600,2.2e-05,172.31.36.0-255,66,212,9,349936
33601,2.9e-05,74.125.68.0-255,1484,1696,9,349936
33602,3.4e-05,172.31.36.0-255,66,1762,9,349936
33603,4e-05,74.125.68.0-255,2902,4664,9,349936
33604,4.2e-05,172.31.36.0-255,66,4730,9,349936
33605,4.7e-05,74.125.68.0-255,2902,7632,9,349936
33606,4.9e-05,172.31.36.0-255,66,7698,9,349936
33607,5.5e-05,74.125.68.0-255,2902,10600,9,349936
33608,5.7e-05,172.31.36.0-255,66,10666,9,349936
33609,7.9e-05,74.125.68.0-255,1484,12150,9,349936
33610,8.2e-05,172.31.36.0-255,66,12216,9,349936
33611,8.9e-05,74.125.68.0-255,1982,14198,9,349936
33612,9.2e-05,172.31.36.0-255,66,14264,9,349936
33613,0.00014,74.125.68.0-255,1484,15748,9,349936
33614,0.000142,172.31.36.0-255,66,15814,9,349936
33615,0.000164,74.125.68.0-255,2902,18716,9,349936
33616,0.000166,172.31.36.0-255,66,18782,9,349936
33617,0.000173,74.125.68.0-255,5738,24520,9,349936
33618,0.000176,172.31.36.0-255,66,24586,9,349936
33619,0.000193,74.125.68.0-255,1484,26070,9,349936
33620,0.000195,172.31.36.0-255,66,26136,9,349936
33621,0.000222,74.125.68.0-255,5379,31515,9,349936
33622,0.000224,172.31.36.0-255,66,31581,9,349936
33623,0.000233,74.125.68.0-255,7156,38737,9,349936
33624,0.000235,172.31.36.0-255,66,38803,9,349936
33625,0.000239,74.125.68.0-255,2902,41705,9,349936
33626,0.000241,172.31.36.0-255,66,41771,9,349936
33627,0.000244,74.125.68.0-255,1484,43255,9,349936
33628,0.000246,172.31.36.0-255,66,43321,9,349936
33629,0.000266,74.125.68.0-255,2902,46223,9,349936
33630,0.000269,172.31.36.0-255,66,46289,9,349936
33631,0.000292,74.125.68.0-255,2543,48832,9,349936
33632,0.000295,172.31.36.0-255,66,48898,9,349936
33633,0.000698,74.125.68.0-255,1484,50382,9,349936
33634,0.00072,74.125.68.0-255,2902,53284,9,349936
33635,0.000724,172.31.36.0-255,66,53350,9,349936
33636,0.000731,74.125.68.0-255,4320,57670,9,349936
33637,0.000733,172.31.36.0-255,66,57736,9,349936
33638,0.000785,172.31.36.0-255,66,57802,9,349936
33639,0.000803,74.125.68.0-255,377,58179,9,349936
33640,0.000952,74.125.68.0-255,1484,59663,9,349936
33641,0.000956,172.31.36.0-255,66,59729,9,349936
33642,0.000972,74.125.68.0-255,1484,61213,9,349936
33643,0.000977,74.125.68.0-255,2902,64115,9,349936
33644,0.000979,172.31.36.0-255,66,64181,9,349936
33645,0.001019,74.125.68.0-255,4320,68501,9,349936
33646,0.001022,172.31.36.0-255,66,68567,9,349936
33647,0.00104,74.125.68.0-255,1484,70051,9,349936
33648,0.001068,74.125.68.0-255,2902,72953,9,349936
33649,0.001071,172.31.36.0-255,66,73019,9,349936
33650,0.001098,74.125.68.0-255,2543,75562,9,349936
33651,0.001101,172.31.36.0-255,66,75628,9,349936
33652,0.001107,74.125.68.0-255,5738,81366,9,349936
33653,0.001109,172.31.36.0-255,66,81432,9,349936
33654,0.001112,74.125.68.0-255,1484,82916,9,349936
33655,0.00114,74.125.68.0-255,5738,88654,9,349936
33656,0.001143,172.31.36.0-255,66,88720,9,349936
33657,0.00116,74.125.68.0-255,1484,90204,9,349936
33658,0.001188,74.125.68.0-255,2543,92747,9,349936
33659,0.001192,172.31.36.0-255,66,92813,9,349936
33660,0.003381,74.125.68.0-255,1484,94297,9,349936
33661,0.003423,74.125.68.0-255,1484,95781,9,349936
33662,0.003427,172.31.36.0-255,66,95847,9,349936
33663,0.003447,74.125.68.0-255,2902,98749,9,349936
33664,0.00345,172.31.36.0-255,66,98815,9,349936
33665,0.005662,74.125.68.0-255,1484,100299,9,349936
33666,0.005674,74.125.68.0-255,1484,101783,9,349936
33667,0.005677,172.31.36.0-255,66,101849,9,349936
33668,0.005696,74.125.68.0-255,2902,104751,9,349936
33669,0.005699,172.31.36.0-255,66,104817,9,349936
33670,0.007903,74.125.68.0-255,2902,107719,9,349936
33671,0.00791,172.31.36.0-255,66,107785,9,349936
33672,0.007932,74.125.68.0-255,2902,110687,9,349936
33673,0.007935,172.31.36.0-255,66,110753,9,349936
33674,0.010145,74.125.68.0-255,2902,113655,9,349936
33675,0.010154,172.31.36.0-255,66,113721,9,349936
33676,0.010173,74.125.68.0-255,2902,116623,9,349936
33677,0.010176,172.31.36.0-255,66,116689,9,349936
33678,0.012407,74.125.68.0-255,5738,122427,9,349936
33679,0.012416,172.31.36.0-255,66,122493,9,349936
33680,0.014664,74.125.68.0-255,5738,128231,9,349936
33681,0.014675,172.31.36.0-255,66,128297,9,349936
33682,0.016929,74.125.68.0-255,5738,134035,9,349936
33683,0.016936,172.31.36.0-255,66,134101,9,349936
33684,0.019187,74.125.68.0-255,5738,139839,9,349936
33685,0.019195,172.31.36.0-255,66,139905,9,349936
33686,0.021448,74.125.68.0-255,5738,145643,9,349936
33687,0.021456,172.31.36.0-255,66,145709,9,349936
33688,0.023702,74.125.68.0-255,5738,151447,9,349936
33689,0.02371,172.31.36.0-255,66,151513,9,349936
33690,0.025294,172.31.36.0-255,172,151685,9,349936
33691,0.025326,172.31.36.0-255,1116,152801,9,349936
33692,0.025389,172.31.36.0-255,1514,154315,9,349936
33693,0.025391,172.31.36.0-255,1514,155829,9,349936
33694,0.025392,172.31.36.0-255,1514,157343,9,349936
33695,0.025394,172.31.36.0-255,359,157702,9,349936
33696,0.025942,74.125.68.0-255,2902,160604,9,349936
33697,0.025949,172.31.36.0-255,66,160670,9,349936
33698,0.025969,74.125.68.0-255,2902,163572,9,349936
33699,0.025972,172.31.36.0-255,66,163638,9,349936
33700,0.02688,104.244.42.0-255,66,163704,9,349936
33701,0.02692,104.244.42.0-255,66,163770,9,349936
33702,0.026982,104.244.42.0-255,66,163836,9,349936
33703,0.026988,104.244.42.0-255,66,163902,9,349936
33704,0.027592,104.244.42.0-255,108,164010,9,349936
33705,0.027601,172.31.36.0-255,66,164076,9,349936
33706,0.028193,74.125.68.0-255,2902,166978,9,349936
33707,0.0282,172.31.36.0-255,66,167044,9,349936
33708,0.028219,74.125.68.0-255,2902,169946,9,349936
33709,0.028222,172.31.36.0-255,66,170012,9,349936
33710,0.030448,74.125.68.0-255,5738,175750,9,349936
33711,0.030455,172.31.36.0-255,66,175816,9,349936
33712,0.03271,74.125.68.0-255,5738,181554,9,349936
33713,0.032717,172.31.36.0-255,66,181620,9,349936
33714,0.034972,74.125.68.0-255,5738,187358,9,349936
33715,0.034979,172.31.36.0-255,66,187424,9,349936
33716,0.037241,74.125.68.0-255,5738,193162,9,349936
33717,0.037249,172.31.36.0-255,66,193228,9,349936
33718,0.039492,74.125.68.0-255,5738,198966,9,349936
33719,0.039497,172.31.36.0-255,66,199032,9,349936
33720,0.041743,74.125.68.0-255,5738,204770,9,349936
33721,0.041749,172.31.36.0-255,66,204836,9,349936
33722,0.043996,74.125.68.0-255,5738,210574,9,349936
33723,0.044002,172.31.36.0-255,66,210640,9,349936
33724,0.046247,74.125.68.0-255,5738,216378,9,349936
33725,0.046256,172.31.36.0-255,66,216444,9,349936
33726,0.048504,74.125.68.0-255,5738,222182,9,349936
33727,0.048509,172.31.36.0-255,66,222248,9,349936
33728,0.050755,74.125.68.0-255,5738,227986,9,349936
33729,0.05076,172.31.36.0-255,66,228052,9,349936
33730,0.053058,74.125.68.0-255,5738,233790,9,349936
33731,0.053063,172.31.36.0-255,66,233856,9,349936
33732,0.05532,74.125.68.0-255,5738,239594,9,349936
33733,0.055325,172.31.36.0-255,66,239660,9,349936
33734,0.057597,74.125.68.0-255,5738,245398,9,349936
33735,0.057604,172.31.36.0-255,66,245464,9,349936
33736,0.059858,74.125.68.0-255,5738,251202,9,349936
33737,0.059865,172.31.36.0-255,66,251268,9,349936
33738,0.062105,74.125.68.0-255,5738,257006,9,349936
33739,0.062112,172.31.36.0-255,66,257072,9,349936
33740,0.064369,74.125.68.0-255,5738,262810,9,349936
33741,0.064376,172.31.36.0-255,66,262876,9,349936
33742,0.066663,74.125.68.0-255,5738,268614,9,349936
33743,0.066669,172.31.36.0-255,66,268680,9,349936
33744,0.068919,74.125.68.0-255,5738,274418,9,349936
33745,0.068925,172.31.36.0-255,66,274484,9,349936
33746,0.071176,74.125.68.0-255,5738,280222,9,349936
33747,0.071182,172.31.36.0-255,66,280288,9,349936
33748,0.073423,74.125.68.0-255,5738,286026,9,349936
33749,0.073429,172.31.36.0-255,66,286092,9,349936
33750,0.075691,74.125.68.0-255,5738,291830,9,349936
33751,0.075696,172.31.36.0-255,66,291896,9,349936
33752,0.077951,74.125.68.0-255,5738,297634,9,349936
33753,0.077958,172.31.36.0-255,66,297700,9,349936
33754,0.080199,74.125.68.0-255,5738,303438,9,349936
33755,0.080206,172.31.36.0-255,66,303504,9,349936
33756,0.082446,74.125.68.0-255,5738,309242,9,349936
33757,0.082453,172.31.36.0-255,66,309308,9,349936
33758,0.084697,74.125.68.0-255,5738,315046,9,349936
33759,0.084704,172.31.36.0-255,66,315112,9,349936
33760,0.086955,74.125.68.0-255,5738,320850,9,349936
33761,0.086962,172.31.36.0-255,66,320916,9,349936
33762,0.089216,74.125.68.0-255,5738,326654,9,349936
33763,0.089222,172.31.36.0-255,66,326720,9,349936
33764,0.091474,74.125.68.0-255,5738,332458,9,349936
33765,0.09148,172.31.36.0-255,66,332524,9,349936
33766,0.09373,74.125.68.0-255,5738,338262,9,349936
33767,0.093736,172.31.36.0-255,66,338328,9,349936
33768,0.095978,74.125.68.0-255,5738,344066,9,349936
33769,0.095985,172.31.36.0-255,66,344132,9,349936
33770,0.098233,74.125.68.0-255,5738,349870,9,349936
33771,0.098239,172.31.36.0-255,66,349936,9,349936
33772,0.0,74.125.24.0-255,146,146,9,394742
33773,2.2e-05,172.31.36.0-255,66,212,9,394742
33774,2.8e-05,74.125.24.0-255,1484,1696,9,394742
33775,3.3e-05,172.31.36.0-255,66,1762,9,394742
33776,4.7e-05,74.125.24.0-255,2902,4664,9,394742
33777,5.1e-05,172.31.36.0-255,66,4730,9,394742
33778,5.6e-05,74.125.24.0-255,2902,7632,9,394742
33779,5.8e-05,172.31.36.0-255,66,7698,9,394742
33780,0.000103,74.125.24.0-255,6232,13930,9,394742
33781,0.000107,172.31.36.0-255,66,13996,9,394742
33782,0.00014,74.125.24.0-255,2902,16898,9,394742
33783,0.000143,172.31.36.0-255,66,16964,9,394742
33784,0.000149,74.125.24.0-255,4320,21284,9,394742
33785,0.000152,172.31.36.0-255,66,21350,9,394742
33786,0.000211,74.125.24.0-255,5738,27088,9,394742
33787,0.000213,172.31.36.0-255,66,27154,9,394742
33788,0.000242,74.125.24.0-255,2902,30056,9,394742
33789,0.000245,172.31.36.0-255,66,30122,9,394742
33790,0.000249,74.125.24.0-255,1125,31247,9,394742
33791,0.000251,172.31.36.0-255,66,31313,9,394742
33792,0.000315,74.125.24.0-255,1484,32797,9,394742
33793,0.000318,172.31.36.0-255,66,32863,9,394742
33794,0.000323,74.125.24.0-255,2902,35765,9,394742
33795,0.000325,172.31.36.0-255,66,35831,9,394742
33796,0.000328,74.125.24.0-255,1484,37315,9,394742
33797,0.000336,172.31.36.0-255,66,37381,9,394742
33798,0.000369,74.125.24.0-255,4320,41701,9,394742
33799,0.000372,172.31.36.0-255,66,41767,9,394742
33800,0.000378,74.125.24.0-255,4320,46087,9,394742
33801,0.00038,172.31.36.0-255,66,46153,9,394742
33802,0.000391,172.31.36.0-255,66,46219,9,394742
33803,0.000418,74.125.24.0-255,3961,50180,9,394742
33804,0.00043,74.125.24.0-255,7108,57288,9,394742
33805,0.000589,172.31.36.0-255,66,57354,9,394742
33806,0.001159,74.125.24.0-255,111,57465,9,394742
33807,0.001198,172.31.36.0-255,66,57531,9,394742
33808,0.001307,74.125.24.0-255,1484,59015,9,394742
33809,0.001315,74.125.24.0-255,1484,60499,9,394742
33810,0.001319,172.31.36.0-255,66,60565,9,394742
33811,0.001352,74.125.24.0-255,1484,62049,9,394742
33812,0.001359,74.125.24.0-255,5738,67787,9,394742
33813,0.001362,172.31.36.0-255,66,67853,9,394742
33814,0.001368,74.125.24.0-255,5738,73591,9,394742
33815,0.001371,172.31.36.0-255,66,73657,9,394742
33816,0.001387,74.125.24.0-255,4320,77977,9,394742
33817,0.001389,172.31.36.0-255,66,78043,9,394742
33818,0.001418,74.125.24.0-255,3961,82004,9,394742
33819,0.001421,172.31.36.0-255,66,82070,9,394742
33820,0.001425,74.125.24.0-255,1484,83554,9,394742
33821,0.001458,172.31.36.0-255,66,83620,9,394742
33822,0.001912,74.125.24.0-255,1484,85104,9,394742
33823,0.001931,74.125.24.0-255,2902,88006,9,394742
33824,0.001936,172.31.36.0-255,66,88072,9,394742
33825,0.001945,74.125.24.0-255,5738,93810,9,394742
33826,0.001967,74.125.24.0-255,7156,100966,9,394742
33827,0.001988,74.125.24.0-255,5738,106704,9,394742
33828,0.001993,74.125.24.0-255,4320,111024,9,394742
33829,0.00201,74.125.24.0-255,2902,113926,9,394742
33830,0.002028,74.125.24.0-255,3602,117528,9,394742
33831,0.005498,172.31.36.0-255,66,117594,9,394742
33832,0.007456,74.125.24.0-255,5738,123332,9,394742
33833,0.007462,172.31.36.0-255,66,123398,9,394742
33834,0.009451,74.125.24.0-255,5738,129136,9,394742
33835,0.009458,172.31.36.0-255,66,129202,9,394742
33836,0.011426,74.125.24.0-255,5738,134940,9,394742
33837,0.011435,172.31.36.0-255,66,135006,9,394742
33838,0.013384,74.125.24.0-255,5738,140744,9,394742
33839,0.013391,172.31.36.0-255,66,140810,9,394742
33840,0.015367,74.125.24.0-255,5738,146548,9,394742
33841,0.015376,172.31.36.0-255,66,146614,9,394742
33842,0.017451,74.125.24.0-255,4320,150934,9,394742
33843,0.017458,172.31.36.0-255,66,151000,9,394742
33844,0.017487,74.125.24.0-255,1484,152484,9,394742
33845,0.019406,74.125.24.0-255,4320,156804,9,394742
33846,0.019412,172.31.36.0-255,66,156870,9,394742
33847,0.02138,74.125.24.0-255,5738,162608,9,394742
33848,0.021388,172.31.36.0-255,66,162674,9,394742
33849,0.023331,74.125.24.0-255,5738,168412,9,394742
33850,0.023339,172.31.36.0-255,66,168478,9,394742
33851,0.025382,74.125.24.0-255,5738,174216,9,394742
33852,0.025391,172.31.36.0-255,66,174282,9,394742
33853,0.027392,74.125.24.0-255,5738,180020,9,394742
33854,0.027399,172.31.36.0-255,66,180086,9,394742
33855,0.029379,74.125.24.0-255,5738,185824,9,394742
33856,0.029388,172.31.36.0-255,66,185890,9,394742
33857,0.031348,74.125.24.0-255,5738,191628,9,394742
33858,0.031356,172.31.36.0-255,66,191694,9,394742
33859,0.033385,74.125.24.0-255,5738,197432,9,394742
33860,0.033392,172.31.36.0-255,66,197498,9,394742
33861,0.035332,74.125.24.0-255,5738,203236,9,394742
33862,0.035339,172.31.36.0-255,66,203302,9,394742
33863,0.037318,74.125.24.0-255,5738,209040,9,394742
33864,0.037325,172.31.36.0-255,66,209106,9,394742
33865,0.039302,74.125.24.0-255,5738,214844,9,394742
33866,0.03931,172.31.36.0-255,66,214910,9,394742
33867,0.041301,74.125.24.0-255,5738,220648,9,394742
33868,0.041308,172.31.36.0-255,66,220714,9,394742
33869,0.043278,74.125.24.0-255,5738,226452,9,394742
33870,0.043287,172.31.36.0-255,66,226518,9,394742
33871,0.045257,74.125.24.0-255,5738,232256,9,394742
33872,0.045265,172.31.36.0-255,66,232322,9,394742
33873,0.046105,172.31.36.0-255,172,232494,9,394742
33874,0.046136,172.31.36.0-255,1118,233612,9,394742
33875,0.04621,172.31.36.0-255,1514,235126,9,394742
33876,0.046216,172.31.36.0-255,1514,236640,9,394742
33877,0.046217,172.31.36.0-255,1130,237770,9,394742
33878,0.047261,74.125.24.0-255,5738,243508,9,394742
33879,0.047268,172.31.36.0-255,66,243574,9,394742
33880,0.047626,104.244.42.0-255,66,243640,9,394742
33881,0.047692,104.244.42.0-255,66,243706,9,394742
33882,0.047813,104.244.42.0-255,66,243772,9,394742
33883,0.047818,104.244.42.0-255,66,243838,9,394742
33884,0.04926,74.125.24.0-255,5738,249576,9,394742
33885,0.049267,172.31.36.0-255,66,249642,9,394742
33886,0.051213,74.125.24.0-255,5738,255380,9,394742
33887,0.051218,172.31.36.0-255,66,255446,9,394742
33888,0.053189,74.125.24.0-255,5738,261184,9,394742
33889,0.053196,172.31.36.0-255,66,261250,9,394742
33890,0.05518,74.125.24.0-255,5738,266988,9,394742
33891,0.055188,172.31.36.0-255,66,267054,9,394742
33892,0.057157,74.125.24.0-255,5738,272792,9,394742
33893,0.057167,172.31.36.0-255,66,272858,9,394742
33894,0.059157,74.125.24.0-255,5738,278596,9,394742
33895,0.059164,172.31.36.0-255,66,278662,9,394742
33896,0.061122,74.125.24.0-255,5738,284400,9,394742
33897,0.061129,172.31.36.0-255,66,284466,9,394742
33898,0.063082,74.125.24.0-255,5738,290204,9,394742
33899,0.063089,172.31.36.0-255,66,290270,9,394742
33900,0.065048,74.125.24.0-255,5738,296008,9,394742
33901,0.065055,172.31.36.0-255,66,296074,9,394742
33902,0.067006,74.125.24.0-255,5738,301812,9,394742
33903,0.067012,172.31.36.0-255,66,301878,9,394742
33904,0.068986,74.125.24.0-255,5738,307616,9,394742
33905,0.068991,172.31.36.0-255,66,307682,9,394742
33906,0.070951,74.125.24.0-255,5738,313420,9,394742
33907,0.070958,172.31.36.0-255,66,313486,9,394742
33908,0.072938,74.125.24.0-255,5738,319224,9,394742
33909,0.072944,172.31.36.0-255,66,319290,9,394742
33910,0.074919,74.125.24.0-255,5738,325028,9,394742
33911,0.074926,172.31.36.0-255,66,325094,9,394742
33912,0.076877,74.125.24.0-255,5738,330832,9,394742
33913,0.076883,172.31.36.0-255,66,330898,9,394742
33914,0.07886,74.125.24.0-255,5738,336636,9,394742
33915,0.078866,172.31.36.0-255,66,336702,9,394742
33916,0.08083,74.125.24.0-255,5738,342440,9,394742
33917,0.080837,172.31.36.0-255,66,342506,9,394742
33918,0.082791,74.125.24.0-255,5738,348244,9,394742
33919,0.082798,172.31.36.0-255,66,348310,9,394742
33920,0.084812,74.125.24.0-255,5738,354048,9,394742
33921,0.084818,172.31.36.0-255,66,354114,9,394742
33922,0.086768,74.125.24.0-255,5738,359852,9,394742
33923,0.086774,172.31.36.0-255,66,359918,9,394742
33924,0.088752,74.125.24.0-255,5738,365656,9,394742
33925,0.088758,172.31.36.0-255,66,365722,9,394742
33926,0.090727,74.125.24.0-255,5738,371460,9,394742
33927,0.090734,172.31.36.0-255,66,371526,9,394742
33928,0.092703,74.125.24.0-255,5738,377264,9,394742
33929,0.092709,172.31.36.0-255,66,377330,9,394742
33930,0.094669,74.125.24.0-255,5738,383068,9,394742
33931,0.094676,172.31.36.0-255,66,383134,9,394742
33932,0.09667,74.125.24.0-255,5738,388872,9,394742
33933,0.096677,172.31.36.0-255,66,388938,9,394742
33934,0.098667,74.125.24.0-255,5738,394676,9,394742
33935,0.098674,172.31.36.0-255,66,394742,9,394742
33936,0.0,74.125.68.0-255,153,153,9,375448
33937,3.3e-05,172.31.36.0-255,66,219,9,375448
33938,4e-05,74.125.68.0-255,1484,1703,9,375448
33939,4.4e-05,172.31.36.0-255,66,1769,9,375448
33940,4.8e-05,74.125.68.0-255,2902,4671,9,375448
33941,5.1e-05,172.31.36.0-255,66,4737,9,375448
33942,5.4e-05,74.125.68.0-255,1484,6221,9,375448
33943,5.7e-05,172.31.36.0-255,66,6287,9,375448
33944,6.2e-05,74.125.68.0-255,2902,9189,9,375448
33945,6.5e-05,172.31.36.0-255,66,9255,9,375448
33946,0.000127,74.125.68.0-255,4320,13575,9,375448
33947,0.000132,172.31.36.0-255,66,13641,9,375448
33948,0.000153,74.125.68.0-255,2104,15745,9,375448
33949,0.000155,172.31.36.0-255,66,15811,9,375448
33950,0.000159,74.125.68.0-255,2902,18713,9,375448
33951,0.000162,172.31.36.0-255,66,18779,9,375448
33952,0.00017,74.125.68.0-255,4320,23099,9,375448
33953,0.000172,172.31.36.0-255,66,23165,9,375448
33954,0.000181,172.31.36.0-255,66,23231,9,375448
33955,0.000188,74.125.68.0-255,5738,28969,9,375448
33956,0.00019,172.31.36.0-255,66,29035,9,375448
33957,0.00021,74.125.68.0-255,4320,33355,9,375448
33958,0.000213,172.31.36.0-255,66,33421,9,375448
33959,0.000234,74.125.68.0-255,2902,36323,9,375448
33960,0.000237,172.31.36.0-255,66,36389,9,375448
33961,0.000243,74.125.68.0-255,3602,39991,9,375448
33962,0.000245,172.31.36.0-255,66,40057,9,375448
33963,0.000357,74.125.68.0-255,1484,41541,9,375448
33964,0.000361,172.31.36.0-255,66,41607,9,375448
33965,0.000367,74.125.68.0-255,2902,44509,9,375448
33966,0.000369,172.31.36.0-255,66,44575,9,375448
33967,0.000398,74.125.68.0-255,5738,50313,9,375448
33968,0.000402,172.31.36.0-255,66,50379,9,375448
33969,0.000439,74.125.68.0-255,6797,57176,9,375448
33970,0.000443,172.31.36.0-255,66,57242,9,375448
33971,0.000446,74.125.68.0-255,645,57887,9,375448
33972,0.000829,172.31.36.0-255,66,57953,9,375448
33973,0.001164,74.125.68.0-255,1484,59437,9,375448
33974,0.001174,74.125.68.0-255,2902,62339,9,375448
33975,0.001179,172.31.36.0-255,66,62405,9,375448
33976,0.001183,74.125.68.0-255,1484,63889,9,375448
33977,0.001206,74.125.68.0-255,4320,68209,9,375448
33978,0.001209,172.31.36.0-255,66,68275,9,375448
33979,0.001212,74.125.68.0-255,1484,69759,9,375448
33980,0.001239,172.31.36.0-255,66,69825,9,375448
33981,0.001256,74.125.68.0-255,1484,71309,9,375448
33982,0.001262,74.125.68.0-255,4320,75629,9,375448
33983,0.001264,172.31.36.0-255,66,75695,9,375448
33984,0.001291,172.31.36.0-255,66,75761,9,375448
33985,0.001503,74.125.68.0-255,1484,77245,9,375448
33986,0.001512,74.125.68.0-255,2902,80147,9,375448
33987,0.001516,172.31.36.0-255,66,80213,9,375448
33988,0.001521,74.125.68.0-255,2902,83115,9,375448
33989,0.001523,172.31.36.0-255,66,83181,9,375448
33990,0.001539,74.125.68.0-255,4320,87501,9,375448
33991,0.001541,172.31.36.0-255,66,87567,9,375448
33992,0.001559,74.125.68.0-255,4320,91887,9,375448
33993,0.00156,172.31.36.0-255,66,91953,9,375448
33994,0.001572,74.125.68.0-255,4320,96273,9,375448
33995,0.001574,172.31.36.0-255,66,96339,9,375448
33996,0.001579,74.125.68.0-255,2902,99241,9,375448
33997,0.001581,172.31.36.0-255,66,99307,9,375448
33998,0.001595,74.125.68.0-255,2902,102209,9,375448
33999,0.001597,172.31.36.0-255,66,102275,9,375448
34000,0.001604,74.125.68.0-255,7156,109431,9,375448
34001,0.001605,172.31.36.0-255,66,109497,9,375448
34002,0.001631,74.125.68.0-255,3602,113099,9,375448
34003,0.001634,172.31.36.0-255,66,113165,9,375448
34004,0.001639,74.125.68.0-255,4320,117485,9,375448
34005,0.001641,172.31.36.0-255,66,117551,9,375448
34006,0.001673,172.31.36.0-255,66,117617,9,375448
34007,0.001677,74.125.68.0-255,2902,120519,9,375448
34008,0.001679,172.31.36.0-255,66,120585,9,375448
34009,0.001694,74.125.68.0-255,2902,123487,9,375448
34010,0.001697,172.31.36.0-255,66,123553,9,375448
34011,0.001703,74.125.68.0-255,7156,130709,9,375448
34012,0.001705,172.31.36.0-255,66,130775,9,375448
34013,0.001729,74.125.68.0-255,3602,134377,9,375448
34014,0.001731,172.31.36.0-255,66,134443,9,375448
34015,0.001757,74.125.68.0-255,4320,138763,9,375448
34016,0.001759,172.31.36.0-255,66,138829,9,375448
34017,0.00178,74.125.68.0-255,5738,144567,9,375448
34018,0.001783,172.31.36.0-255,66,144633,9,375448
34019,0.001787,74.125.68.0-255,2902,147535,9,375448
34020,0.001788,172.31.36.0-255,66,147601,9,375448
34021,0.001804,74.125.68.0-255,4320,151921,9,375448
34022,0.001806,172.31.36.0-255,66,151987,9,375448
34023,0.001835,74.125.68.0-255,7156,159143,9,375448
34024,0.001838,172.31.36.0-255,66,159209,9,375448
34025,0.001858,74.125.68.0-255,5738,164947,9,375448
34026,0.00186,172.31.36.0-255,66,165013,9,375448
34027,0.001873,74.125.68.0-255,3602,168615,9,375448
34028,0.001874,172.31.36.0-255,66,168681,9,375448
34029,0.001894,74.125.68.0-255,4320,173001,9,375448
34030,0.001914,172.31.36.0-255,66,173067,9,375448
34031,0.001934,74.125.68.0-255,4320,177387,9,375448
34032,0.001938,172.31.36.0-255,66,177453,9,375448
34033,0.00196,74.125.68.0-255,2902,180355,9,375448
34034,0.001962,172.31.36.0-255,66,180421,9,375448
34035,0.001972,172.31.36.0-255,66,180487,9,375448
34036,0.001975,74.125.68.0-255,1484,181971,9,375448
34037,0.00199,74.125.68.0-255,4320,186291,9,375448
34038,0.001992,172.31.36.0-255,66,186357,9,375448
34039,0.002017,74.125.68.0-255,7156,193513,9,375448
34040,0.00202,172.31.36.0-255,66,193579,9,375448
34041,0.002023,74.125.68.0-255,2184,195763,9,375448
34042,0.002025,172.31.36.0-255,66,195829,9,375448
34043,0.002085,74.125.68.0-255,2902,198731,9,375448
34044,0.002087,172.31.36.0-255,66,198797,9,375448
34045,0.002094,74.125.68.0-255,7156,205953,9,375448
34046,0.002097,172.31.36.0-255,66,206019,9,375448
34047,0.002106,74.125.68.0-255,4320,210339,9,375448
34048,0.002108,172.31.36.0-255,66,210405,9,375448
34049,0.002114,74.125.68.0-255,5738,216143,9,375448
34050,0.002116,172.31.36.0-255,66,216209,9,375448
34051,0.002119,74.125.68.0-255,1484,217693,9,375448
34052,0.002153,172.31.36.0-255,66,217759,9,375448
34053,0.002156,74.125.68.0-255,766,218525,9,375448
34054,0.004449,74.125.68.0-255,1484,220009,9,375448
34055,0.004452,172.31.36.0-255,66,220075,9,375448
34056,0.004469,74.125.68.0-255,2902,222977,9,375448
34057,0.004471,172.31.36.0-255,66,223043,9,375448
34058,0.006739,74.125.68.0-255,5738,228781,9,375448
34059,0.006746,172.31.36.0-255,66,228847,9,375448
34060,0.007866,172.31.36.0-255,101,228948,9,375448
34061,0.00903,74.125.68.0-255,5738,234686,9,375448
34062,0.009036,172.31.36.0-255,66,234752,9,375448
34063,0.010102,74.125.68.0-255,66,234818,9,375448
34064,0.011317,74.125.68.0-255,5738,240556,9,375448
34065,0.011326,172.31.36.0-255,66,240622,9,375448
34066,0.01363,74.125.68.0-255,5738,246360,9,375448
34067,0.013642,172.31.36.0-255,66,246426,9,375448
34068,0.015924,74.125.68.0-255,5738,252164,9,375448
34069,0.015933,172.31.36.0-255,66,252230,9,375448
34070,0.018231,74.125.68.0-255,5738,257968,9,375448
34071,0.018239,172.31.36.0-255,66,258034,9,375448
34072,0.020536,74.125.68.0-255,5738,263772,9,375448
34073,0.020541,172.31.36.0-255,66,263838,9,375448
34074,0.022838,74.125.68.0-255,5738,269576,9,375448
34075,0.022845,172.31.36.0-255,66,269642,9,375448
34076,0.025133,74.125.68.0-255,5738,275380,9,375448
34077,0.025139,172.31.36.0-255,66,275446,9,375448
34078,0.027422,74.125.68.0-255,5738,281184,9,375448
34079,0.027429,172.31.36.0-255,66,281250,9,375448
34080,0.028682,172.31.36.0-255,172,281422,9,375448
34081,0.028708,172.31.36.0-255,1116,282538,9,375448
34082,0.028753,172.31.36.0-255,1514,284052,9,375448
34083,0.028754,172.31.36.0-255,1514,285566,9,375448
34084,0.028759,172.31.36.0-255,1514,287080,9,375448
34085,0.02876,172.31.36.0-255,1063,288143,9,375448
34086,0.029704,74.125.68.0-255,1484,289627,9,375448
34087,0.029734,74.125.68.0-255,4320,293947,9,375448
34088,0.029739,172.31.36.0-255,66,294013,9,375448
34089,0.030258,104.244.42.0-255,66,294079,9,375448
34090,0.030266,104.244.42.0-255,66,294145,9,375448
34091,0.030334,104.244.42.0-255,66,294211,9,375448
34092,0.030337,104.244.42.0-255,66,294277,9,375448
34093,0.032027,74.125.68.0-255,5738,300015,9,375448
34094,0.032034,172.31.36.0-255,66,300081,9,375448
34095,0.034315,74.125.68.0-255,4320,304401,9,375448
34096,0.034322,172.31.36.0-255,66,304467,9,375448
34097,0.034352,74.125.68.0-255,1484,305951,9,375448
34098,0.036616,74.125.68.0-255,4320,310271,9,375448
34099,0.036623,172.31.36.0-255,66,310337,9,375448
34100,0.038907,74.125.68.0-255,5738,316075,9,375448
34101,0.038912,172.31.36.0-255,66,316141,9,375448
34102,0.041199,74.125.68.0-255,5738,321879,9,375448
34103,0.041205,172.31.36.0-255,66,321945,9,375448
34104,0.043491,74.125.68.0-255,5738,327683,9,375448
34105,0.043496,172.31.36.0-255,66,327749,9,375448
34106,0.045781,74.125.68.0-255,5738,333487,9,375448
34107,0.045788,172.31.36.0-255,66,333553,9,375448
34108,0.048069,74.125.68.0-255,5738,339291,9,375448
34109,0.048077,172.31.36.0-255,66,339357,9,375448
34110,0.050367,74.125.68.0-255,5738,345095,9,375448
34111,0.050376,172.31.36.0-255,66,345161,9,375448
34112,0.052656,74.125.68.0-255,4320,349481,9,375448
34113,0.052661,172.31.36.0-255,66,349547,9,375448
34114,0.052697,74.125.68.0-255,1484,351031,9,375448
34115,0.054934,74.125.68.0-255,2902,353933,9,375448
34116,0.054939,172.31.36.0-255,66,353999,9,375448
34117,0.05722,74.125.68.0-255,5738,359737,9,375448
34118,0.057226,172.31.36.0-255,66,359803,9,375448
34119,0.059501,74.125.68.0-255,5738,365541,9,375448
34120,0.059507,172.31.36.0-255,66,365607,9,375448
34121,0.061794,74.125.68.0-255,5738,371345,9,375448
34122,0.061799,172.31.36.0-255,66,371411,9,375448
34123,0.064084,74.125.68.0-255,3800,375211,9,375448
34124,0.06409,172.31.36.0-255,66,375277,9,375448
34125,0.064285,172.31.36.0-255,105,375382,9,375448
34126,0.071839,74.125.68.0-255,66,375448,9,375448
34127,0.0,74.125.130.0-255,153,153,9,361715
34128,3.3e-05,172.31.36.0-255,66,219,9,361715
34129,4e-05,74.125.130.0-255,1484,1703,9,361715
34130,4.5e-05,172.31.36.0-255,66,1769,9,361715
34131,4.8e-05,74.125.130.0-255,1484,3253,9,361715
34132,5e-05,172.31.36.0-255,66,3319,9,361715
34133,8.6e-05,74.125.130.0-255,1484,4803,9,361715
34134,9e-05,172.31.36.0-255,66,4869,9,361715
34135,9.4e-05,74.125.130.0-255,2902,7771,9,361715
34136,9.6e-05,172.31.36.0-255,66,7837,9,361715
34137,0.000108,74.125.130.0-255,4320,12157,9,361715
34138,0.000111,172.31.36.0-255,66,12223,9,361715
34139,0.000143,74.125.130.0-255,3456,15679,9,361715
34140,0.000146,172.31.36.0-255,66,15745,9,361715
34141,0.000152,74.125.130.0-255,4320,20065,9,361715
34142,0.000154,172.31.36.0-255,66,20131,9,361715
34143,0.000188,74.125.130.0-255,7156,27287,9,361715
34144,0.000192,172.31.36.0-255,66,27353,9,361715
34145,0.000232,74.125.130.0-255,3961,31314,9,361715
34146,0.000236,172.31.36.0-255,66,31380,9,361715
34147,0.000405,74.125.130.0-255,1484,32864,9,361715
34148,0.00041,172.31.36.0-255,66,32930,9,361715
34149,0.000415,74.125.130.0-255,1484,34414,9,361715
34150,0.000417,172.31.36.0-255,66,34480,9,361715
34151,0.000447,74.125.130.0-255,1484,35964,9,361715
34152,0.00045,172.31.36.0-255,66,36030,9,361715
34153,0.000454,74.125.130.0-255,1484,37514,9,361715
34154,0.000456,172.31.36.0-255,66,37580,9,361715
34155,0.000461,74.125.130.0-255,2902,40482,9,361715
34156,0.000463,172.31.36.0-255,66,40548,9,361715
34157,0.000476,74.125.130.0-255,5738,46286,9,361715
34158,0.000478,172.31.36.0-255,66,46352,9,361715
34159,0.000481,74.125.130.0-255,1484,47836,9,361715
34160,0.000509,74.125.130.0-255,2543,50379,9,361715
34161,0.000512,172.31.36.0-255,66,50445,9,361715
34162,0.000539,74.125.130.0-255,4320,54765,9,361715
34163,0.000544,172.31.36.0-255,66,54831,9,361715
34164,0.000574,74.125.130.0-255,5738,60569,9,361715
34165,0.000578,74.125.130.0-255,2902,63471,9,361715
34166,0.000579,172.31.36.0-255,66,63537,9,361715
34167,0.000583,172.31.36.0-255,66,63603,9,361715
34168,0.000599,74.125.130.0-255,2833,66436,9,361715
34169,0.000602,172.31.36.0-255,66,66502,9,361715
34170,0.000648,74.125.130.0-255,365,66867,9,361715
34171,0.000782,74.125.130.0-255,1484,68351,9,361715
34172,0.000786,172.31.36.0-255,66,68417,9,361715
34173,0.000805,74.125.130.0-255,2902,71319,9,361715
34174,0.000811,74.125.130.0-255,5738,77057,9,361715
34175,0.000811,172.31.36.0-255,66,77123,9,361715
34176,0.000814,172.31.36.0-255,66,77189,9,361715
34177,0.00086,172.31.36.0-255,66,77255,9,361715
34178,0.000865,74.125.130.0-255,2902,80157,9,361715
34179,0.000867,172.31.36.0-255,66,80223,9,361715
34180,0.000898,74.125.130.0-255,7156,87379,9,361715
34181,0.000902,172.31.36.0-255,66,87445,9,361715
34182,0.000907,74.125.130.0-255,5020,92465,9,361715
34183,0.000909,172.31.36.0-255,66,92531,9,361715
34184,0.000968,74.125.130.0-255,1484,94015,9,361715
34185,0.000984,74.125.130.0-255,2902,96917,9,361715
34186,0.000987,172.31.36.0-255,66,96983,9,361715
34187,0.000991,74.125.130.0-255,1484,98467,9,361715
34188,0.001016,74.125.130.0-255,4320,102787,9,361715
34189,0.001019,172.31.36.0-255,66,102853,9,361715
34190,0.001052,172.31.36.0-255,66,102919,9,361715
34191,0.001119,172.31.36.0-255,66,102985,9,361715
34192,0.001164,74.125.130.0-255,1484,104469,9,361715
34193,0.001181,74.125.130.0-255,2902,107371,9,361715
34194,0.001185,172.31.36.0-255,66,107437,9,361715
34195,0.001196,74.125.130.0-255,4320,111757,9,361715
34196,0.001204,172.31.36.0-255,66,111823,9,361715
34197,0.001232,74.125.130.0-255,5738,117561,9,361715
34198,0.001234,172.31.36.0-255,66,117627,9,361715
34199,0.001261,74.125.130.0-255,2902,120529,9,361715
34200,0.001265,172.31.36.0-255,66,120595,9,361715
34201,0.001268,74.125.130.0-255,1484,122079,9,361715
34202,0.0013,74.125.130.0-255,5738,127817,9,361715
34203,0.001303,172.31.36.0-255,66,127883,9,361715
34204,0.001335,74.125.130.0-255,5738,133621,9,361715
34205,0.001338,172.31.36.0-255,66,133687,9,361715
34206,0.001343,74.125.130.0-255,3602,137289,9,361715
34207,0.001346,172.31.36.0-255,66,137355,9,361715
34208,0.001521,74.125.130.0-255,1484,138839,9,361715
34209,0.001538,74.125.130.0-255,2902,141741,9,361715
34210,0.001541,172.31.36.0-255,66,141807,9,361715
34211,0.001567,74.125.130.0-255,4320,146127,9,361715
34212,0.001569,172.31.36.0-255,66,146193,9,361715
34213,0.001592,74.125.130.0-255,2902,149095,9,361715
34214,0.001594,172.31.36.0-255,66,149161,9,361715
34215,0.001618,74.125.130.0-255,5738,154899,9,361715
34216,0.001621,172.31.36.0-255,66,154965,9,361715
34217,0.001655,172.31.36.0-255,66,155031,9,361715
34218,0.001658,74.125.130.0-255,1484,156515,9,361715
34219,0.001699,74.125.130.0-255,5020,161535,9,361715
34220,0.001703,172.31.36.0-255,66,161601,9,361715
34221,0.001794,74.125.130.0-255,1484,163085,9,361715
34222,0.001819,74.125.130.0-255,2902,165987,9,361715
34223,0.001823,172.31.36.0-255,66,166053,9,361715
34224,0.001849,74.125.130.0-255,2902,168955,9,361715
34225,0.001852,172.31.36.0-255,66,169021,9,361715
34226,0.001884,74.125.130.0-255,4320,173341,9,361715
34227,0.001887,172.31.36.0-255,66,173407,9,361715
34228,0.001899,172.31.36.0-255,66,173473,9,361715
34229,0.001909,74.125.130.0-255,4320,177793,9,361715
34230,0.001912,172.31.36.0-255,66,177859,9,361715
34231,0.001917,74.125.130.0-255,4320,182179,9,361715
34232,0.00192,172.31.36.0-255,66,182245,9,361715
34233,0.001942,74.125.130.0-255,1484,183729,9,361715
34234,0.001951,74.125.130.0-255,1484,185213,9,361715
34235,0.001954,172.31.36.0-255,66,185279,9,361715
34236,0.001983,74.125.130.0-255,5020,190299,9,361715
34237,0.001986,172.31.36.0-255,66,190365,9,361715
34238,0.001992,74.125.130.0-255,7156,197521,9,361715
34239,0.001995,172.31.36.0-255,66,197587,9,361715
34240,0.002012,74.125.130.0-255,5738,203325,9,361715
34241,0.002014,172.31.36.0-255,66,203391,9,361715
34242,0.002053,172.31.36.0-255,66,203457,9,361715
34243,0.002061,74.125.130.0-255,7156,210613,9,361715
34244,0.002063,172.31.36.0-255,66,210679,9,361715
34245,0.002086,74.125.130.0-255,2184,212863,9,361715
34246,0.002094,172.31.36.0-255,66,212929,9,361715
34247,0.002315,74.125.130.0-255,1484,214413,9,361715
34248,0.002328,74.125.130.0-255,2902,217315,9,361715
34249,0.002332,172.31.36.0-255,66,217381,9,361715
34250,0.002361,74.125.130.0-255,4320,221701,9,361715
34251,0.002364,172.31.36.0-255,66,221767,9,361715
34252,0.002371,74.125.130.0-255,5738,227505,9,361715
34253,0.002373,172.31.36.0-255,66,227571,9,361715
34254,0.002392,74.125.130.0-255,1484,229055,9,361715
34255,0.002424,172.31.36.0-255,66,229121,9,361715
34256,0.00243,74.125.130.0-255,5738,234859,9,361715
34257,0.002432,172.31.36.0-255,66,234925,9,361715
34258,0.002465,74.125.130.0-255,2184,237109,9,361715
34259,0.002468,172.31.36.0-255,66,237175,9,361715
34260,0.002535,74.125.130.0-255,1484,238659,9,361715
34261,0.00493,74.125.130.0-255,1484,240143,9,361715
34262,0.004937,172.31.36.0-255,66,240209,9,361715
34263,0.004968,74.125.130.0-255,2902,243111,9,361715
34264,0.004971,172.31.36.0-255,66,243177,9,361715
34265,0.007447,74.125.130.0-255,2902,246079,9,361715
34266,0.007454,172.31.36.0-255,66,246145,9,361715
34267,0.007484,74.125.130.0-255,2902,249047,9,361715
34268,0.007487,172.31.36.0-255,66,249113,9,361715
34269,0.009963,74.125.130.0-255,2902,252015,9,361715
34270,0.009971,172.31.36.0-255,66,252081,9,361715
34271,0.010012,74.125.130.0-255,2902,254983,9,361715
34272,0.010016,172.31.36.0-255,66,255049,9,361715
34273,0.012492,74.125.130.0-255,2902,257951,9,361715
34274,0.012499,172.31.36.0-255,66,258017,9,361715
34275,0.012531,74.125.130.0-255,2902,260919,9,361715
34276,0.012534,172.31.36.0-255,66,260985,9,361715
34277,0.015015,74.125.130.0-255,2902,263887,9,361715
34278,0.015023,172.31.36.0-255,66,263953,9,361715
34279,0.015053,74.125.130.0-255,2902,266855,9,361715
34280,0.015056,172.31.36.0-255,66,266921,9,361715
34281,0.017533,74.125.130.0-255,2902,269823,9,361715
34282,0.017542,172.31.36.0-255,66,269889,9,361715
34283,0.017575,74.125.130.0-255,2902,272791,9,361715
34284,0.017578,172.31.36.0-255,66,272857,9,361715
34285,0.020061,74.125.130.0-255,2902,275759,9,361715
34286,0.020068,172.31.36.0-255,66,275825,9,361715
34287,0.020103,74.125.130.0-255,2902,278727,9,361715
34288,0.020107,172.31.36.0-255,66,278793,9,361715
34289,0.022575,74.125.130.0-255,2902,281695,9,361715
34290,0.022582,172.31.36.0-255,66,281761,9,361715
34291,0.022616,74.125.130.0-255,2902,284663,9,361715
34292,0.02262,172.31.36.0-255,66,284729,9,361715
34293,0.025096,74.125.130.0-255,2902,287631,9,361715
34294,0.025103,172.31.36.0-255,66,287697,9,361715
34295,0.025139,74.125.130.0-255,2902,290599,9,361715
34296,0.025144,172.31.36.0-255,66,290665,9,361715
34297,0.027612,74.125.130.0-255,2902,293567,9,361715
34298,0.027618,172.31.36.0-255,66,293633,9,361715
34299,0.027648,74.125.130.0-255,2902,296535,9,361715
34300,0.027651,172.31.36.0-255,66,296601,9,361715
34301,0.03016,74.125.130.0-255,5738,302339,9,361715
34302,0.030166,172.31.36.0-255,66,302405,9,361715
34303,0.032689,74.125.130.0-255,5738,308143,9,361715
34304,0.032696,172.31.36.0-255,66,308209,9,361715
34305,0.035209,74.125.130.0-255,5738,313947,9,361715
34306,0.035216,172.31.36.0-255,66,314013,9,361715
34307,0.03774,74.125.130.0-255,5738,319751,9,361715
34308,0.03775,172.31.36.0-255,66,319817,9,361715
34309,0.040266,74.125.130.0-255,5738,325555,9,361715
34310,0.040278,172.31.36.0-255,66,325621,9,361715
34311,0.042792,74.125.130.0-255,5738,331359,9,361715
34312,0.0428,172.31.36.0-255,66,331425,9,361715
34313,0.043869,172.31.36.0-255,172,331597,9,361715
34314,0.043897,172.31.36.0-255,1115,332712,9,361715
34315,0.043951,172.31.36.0-255,1514,334226,9,361715
34316,0.043953,172.31.36.0-255,1514,335740,9,361715
34317,0.043957,172.31.36.0-255,1514,337254,9,361715
34318,0.043958,172.31.36.0-255,610,337864,9,361715
34319,0.045312,74.125.130.0-255,5738,343602,9,361715
34320,0.045319,172.31.36.0-255,66,343668,9,361715
34321,0.045433,104.244.42.0-255,66,343734,9,361715
34322,0.045479,104.244.42.0-255,66,343800,9,361715
34323,0.045532,104.244.42.0-255,66,343866,9,361715
34324,0.045537,104.244.42.0-255,66,343932,9,361715
34325,0.047834,74.125.130.0-255,5738,349670,9,361715
34326,0.04784,172.31.36.0-255,66,349736,9,361715
34327,0.050343,74.125.130.0-255,4320,354056,9,361715
34328,0.050347,172.31.36.0-255,66,354122,9,361715
34329,0.050376,74.125.130.0-255,1484,355606,9,361715
34330,0.052861,74.125.130.0-255,4320,359926,9,361715
34331,0.052867,172.31.36.0-255,66,359992,9,361715
34332,0.055372,74.125.130.0-255,1486,361478,9,361715
34333,0.055377,172.31.36.0-255,66,361544,9,361715
34334,0.055554,172.31.36.0-255,105,361649,9,361715
34335,0.05802,74.125.130.0-255,66,361715,9,361715
34336,0.0,172.31.36.0-255,105,105,9,276
34337,0.081538,31.13.82.0-255,105,210,9,276
34338,0.081551,172.31.36.0-255,66,276,9,276
34339,0.0,172.31.36.0-255,105,105,9,276
34340,0.072754,31.13.82.0-255,105,210,9,276
34341,0.072777,172.31.36.0-255,66,276,9,276
34342,0.0,74.125.24.0-255,153,153,9,277440
34343,2.2e-05,172.31.36.0-255,66,219,9,277440
34344,2.9e-05,74.125.24.0-255,1484,1703,9,277440
34345,3.3e-05,172.31.36.0-255,66,1769,9,277440
34346,3.6e-05,74.125.24.0-255,1484,3253,9,277440
34347,4.9e-05,172.31.36.0-255,66,3319,9,277440
34348,5.6e-05,74.125.24.0-255,4320,7639,9,277440
34349,5.9e-05,172.31.36.0-255,66,7705,9,277440
34350,0.000101,74.125.24.0-255,6255,13960,9,277440
34351,0.000105,172.31.36.0-255,66,14026,9,277440
34352,0.000259,74.125.24.0-255,1484,15510,9,277440
34353,0.000264,172.31.36.0-255,66,15576,9,277440
34354,0.00027,74.125.24.0-255,2902,18478,9,277440
34355,0.000273,172.31.36.0-255,66,18544,9,277440
34356,0.000277,74.125.24.0-255,2902,21446,9,277440
34357,0.000279,172.31.36.0-255,66,21512,9,277440
34358,0.000303,74.125.24.0-255,2902,24414,9,277440
34359,0.00031,172.31.36.0-255,66,24480,9,277440
34360,0.000331,74.125.24.0-255,6797,31277,9,277440
34361,0.000334,172.31.36.0-255,66,31343,9,277440
34362,0.00057,74.125.24.0-255,1484,32827,9,277440
34363,0.000575,172.31.36.0-255,66,32893,9,277440
34364,0.00058,74.125.24.0-255,2902,35795,9,277440
34365,0.000584,74.125.24.0-255,2902,38697,9,277440
34366,0.000585,172.31.36.0-255,66,38763,9,277440
34367,0.000588,172.31.36.0-255,66,38829,9,277440
34368,0.000606,74.125.24.0-255,2902,41731,9,277440
34369,0.000609,172.31.36.0-255,66,41797,9,277440
34370,0.000639,74.125.24.0-255,6797,48594,9,277440
34371,0.000643,172.31.36.0-255,66,48660,9,277440
34372,0.000871,74.125.24.0-255,1484,50144,9,277440
34373,0.000876,172.31.36.0-255,66,50210,9,277440
34374,0.000883,74.125.24.0-255,2902,53112,9,277440
34375,0.000886,172.31.36.0-255,66,53178,9,277440
34376,0.000913,74.125.24.0-255,4320,57498,9,277440
34377,0.000917,172.31.36.0-255,66,57564,9,277440
34378,0.000947,74.125.24.0-255,1484,59048,9,277440
34379,0.000956,74.125.24.0-255,7145,66193,9,277440
34380,0.000958,172.31.36.0-255,66,66259,9,277440
34381,0.001052,74.125.24.0-255,330,66589,9,277440
34382,0.001472,74.125.24.0-255,1484,68073,9,277440
34383,0.001478,172.31.36.0-255,66,68139,9,277440
34384,0.001485,74.125.24.0-255,2902,71041,9,277440
34385,0.001487,172.31.36.0-255,66,71107,9,277440
34386,0.00151,74.125.24.0-255,5738,76845,9,277440
34387,0.001518,172.31.36.0-255,66,76911,9,277440
34388,0.001525,74.125.24.0-255,5738,82649,9,277440
34389,0.001527,172.31.36.0-255,66,82715,9,277440
34390,0.001555,74.125.24.0-255,1125,83840,9,277440
34391,0.001823,74.125.24.0-255,1484,85324,9,277440
34392,0.001825,172.31.36.0-255,66,85390,9,277440
34393,0.001842,74.125.24.0-255,2902,88292,9,277440
34394,0.001844,172.31.36.0-255,66,88358,9,277440
34395,0.00185,74.125.24.0-255,5738,94096,9,277440
34396,0.001852,172.31.36.0-255,66,94162,9,277440
34397,0.001855,74.125.24.0-255,1484,95646,9,277440
34398,0.001898,74.125.24.0-255,2902,98548,9,277440
34399,0.0019,172.31.36.0-255,66,98614,9,277440
34400,0.001921,74.125.24.0-255,2543,101157,9,277440
34401,0.001923,172.31.36.0-255,66,101223,9,277440
34402,0.002329,74.125.24.0-255,1484,102707,9,277440
34403,0.002344,74.125.24.0-255,2902,105609,9,277440
34404,0.002347,172.31.36.0-255,66,105675,9,277440
34405,0.00235,74.125.24.0-255,1484,107159,9,277440
34406,0.002372,74.125.24.0-255,4320,111479,9,277440
34407,0.002375,172.31.36.0-255,66,111545,9,277440
34408,0.002381,74.125.24.0-255,4320,115865,9,277440
34409,0.002383,172.31.36.0-255,66,115931,9,277440
34410,0.002416,172.31.36.0-255,66,115997,9,277440
34411,0.002425,172.31.36.0-255,66,116063,9,277440
34412,0.002449,74.125.24.0-255,2184,118247,9,277440
34413,0.002451,172.31.36.0-255,66,118313,9,277440
34414,0.00294,74.125.24.0-255,1484,119797,9,277440
34415,0.002943,74.125.24.0-255,1484,121281,9,277440
34416,0.002945,172.31.36.0-255,66,121347,9,277440
34417,0.002971,74.125.24.0-255,1484,122831,9,277440
34418,0.002977,74.125.24.0-255,5738,128569,9,277440
34419,0.002979,172.31.36.0-255,66,128635,9,277440
34420,0.002985,74.125.24.0-255,5738,134373,9,277440
34421,0.002987,172.31.36.0-255,66,134439,9,277440
34422,0.003003,172.31.36.0-255,66,134505,9,277440
34423,0.003033,74.125.24.0-255,5020,139525,9,277440
34424,0.003035,172.31.36.0-255,66,139591,9,277440
34425,0.003482,74.125.24.0-255,1484,141075,9,277440
34426,0.003504,74.125.24.0-255,1484,142559,9,277440
34427,0.003507,172.31.36.0-255,66,142625,9,277440
34428,0.00351,74.125.24.0-255,1484,144109,9,277440
34429,0.003516,74.125.24.0-255,7156,151265,9,277440
34430,0.003518,172.31.36.0-255,66,151331,9,277440
34431,0.003526,74.125.24.0-255,2902,154233,9,277440
34432,0.003528,172.31.36.0-255,66,154299,9,277440
34433,0.003557,74.125.24.0-255,4320,158619,9,277440
34434,0.00356,172.31.36.0-255,66,158685,9,277440
34435,0.003562,74.125.24.0-255,1484,160169,9,277440
34436,0.00359,172.31.36.0-255,66,160235,9,277440
34437,0.003612,74.125.24.0-255,3602,163837,9,277440
34438,0.003615,172.31.36.0-255,66,163903,9,277440
34439,0.004076,74.125.24.0-255,1484,165387,9,277440
34440,0.004092,74.125.24.0-255,2902,168289,9,277440
34441,0.004095,172.31.36.0-255,66,168355,9,277440
34442,0.004101,74.125.24.0-255,5738,174093,9,277440
34443,0.004103,172.31.36.0-255,66,174159,9,277440
34444,0.004147,172.31.36.0-255,66,174225,9,277440
34445,0.004153,74.125.24.0-255,5738,179963,9,277440
34446,0.004155,172.31.36.0-255,66,180029,9,277440
34447,0.00418,74.125.24.0-255,1484,181513,9,277440
34448,0.004185,74.125.24.0-255,3602,185115,9,277440
34449,0.004187,172.31.36.0-255,66,185181,9,277440
34450,0.00473,74.125.24.0-255,1484,186665,9,277440
34451,0.004738,74.125.24.0-255,2902,189567,9,277440
34452,0.004743,172.31.36.0-255,66,189633,9,277440
34453,0.004747,74.125.24.0-255,1484,191117,9,277440
34454,0.004816,74.125.24.0-255,5738,196855,9,277440
34455,0.004821,172.31.36.0-255,66,196921,9,277440
34456,0.004846,172.31.36.0-255,66,196987,9,277440
34457,0.00486,172.31.36.0-255,66,197053,9,277440
34458,0.004863,74.125.24.0-255,766,197819,9,277440
34459,0.005674,74.125.24.0-255,1484,199303,9,277440
34460,0.00568,172.31.36.0-255,66,199369,9,277440
34461,0.005685,74.125.24.0-255,2902,202271,9,277440
34462,0.005687,172.31.36.0-255,66,202337,9,277440
34463,0.005693,74.125.24.0-255,5738,208075,9,277440
34464,0.005705,74.125.24.0-255,4320,212395,9,277440
34465,0.005704,172.31.36.0-255,66,212461,9,277440
34466,0.005708,172.31.36.0-255,66,212527,9,277440
34467,0.005751,172.31.36.0-255,66,212593,9,277440
34468,0.005754,74.125.24.0-255,1484,214077,9,277440
34469,0.005779,74.125.24.0-255,6438,220515,9,277440
34470,0.005782,172.31.36.0-255,66,220581,9,277440
34471,0.006252,74.125.24.0-255,1484,222065,9,277440
34472,0.006274,74.125.24.0-255,2902,224967,9,277440
34473,0.006278,172.31.36.0-255,66,225033,9,277440
34474,0.006285,74.125.24.0-255,5738,230771,9,277440
34475,0.006287,172.31.36.0-255,66,230837,9,277440
34476,0.006298,74.125.24.0-255,4320,235157,9,277440
34477,0.006301,172.31.36.0-255,66,235223,9,277440
34478,0.006342,172.31.36.0-255,66,235289,9,277440
34479,0.006359,172.31.36.0-255,66,235355,9,277440
34480,0.00718,74.125.24.0-255,1484,236839,9,277440
34481,0.007189,74.125.24.0-255,2902,239741,9,277440
34482,0.007192,172.31.36.0-255,66,239807,9,277440
34483,0.007208,74.125.24.0-255,4320,244127,9,277440
34484,0.007214,172.31.36.0-255,66,244193,9,277440
34485,0.007239,74.125.24.0-255,1484,245677,9,277440
34486,0.00725,172.31.36.0-255,66,245743,9,277440
34487,0.007279,74.125.24.0-255,5738,251481,9,277440
34488,0.007281,172.31.36.0-255,66,251547,9,277440
34489,0.007315,172.31.36.0-255,66,251613,9,277440
34490,0.007373,74.125.24.0-255,1484,253097,9,277440
34491,0.007394,74.125.24.0-255,2902,255999,9,277440
34492,0.007395,172.31.36.0-255,66,256065,9,277440
34493,0.007429,74.125.24.0-255,5738,261803,9,277440
34494,0.007431,172.31.36.0-255,66,261869,9,277440
34495,0.007449,172.31.36.0-255,66,261935,9,277440
34496,0.007473,74.125.24.0-255,1484,263419,9,277440
34497,0.007496,172.31.36.0-255,66,263485,9,277440
34498,0.007499,74.125.24.0-255,1484,264969,9,277440
34499,0.007533,172.31.36.0-255,66,265035,9,277440
34500,0.007537,74.125.24.0-255,2802,267837,9,277440
34501,0.007539,172.31.36.0-255,66,267903,9,277440
34502,0.007597,74.125.24.0-255,97,268000,9,277440
34503,0.007678,74.125.24.0-255,105,268105,9,277440
34504,0.009883,172.31.36.0-255,66,268171,9,277440
34505,0.009911,172.31.36.0-255,105,268276,9,277440
34506,0.011895,74.125.24.0-255,66,268342,9,277440
34507,0.033894,172.31.36.0-255,176,268518,9,277440
34508,0.033926,172.31.36.0-255,1115,269633,9,277440
34509,0.033983,172.31.36.0-255,1514,271147,9,277440
34510,0.034003,172.31.36.0-255,1514,272661,9,277440
34511,0.034005,172.31.36.0-255,1514,274175,9,277440
34512,0.034025,172.31.36.0-255,1514,275689,9,277440
34513,0.034026,172.31.36.0-255,1487,277176,9,277440
34514,0.035451,104.244.42.0-255,66,277242,9,277440
34515,0.035462,104.244.42.0-255,66,277308,9,277440
34516,0.035537,104.244.42.0-255,66,277374,9,277440
34517,0.035618,104.244.42.0-255,66,277440,9,277440
34518,0.0,172.217.194.0-255,146,146,9,196433
34519,2.9e-05,172.31.36.0-255,66,212,9,196433
34520,3.6e-05,172.217.194.0-255,1484,1696,9,196433
34521,4.1e-05,172.31.36.0-255,66,1762,9,196433
34522,4.6e-05,172.217.194.0-255,2902,4664,9,196433
34523,4.9e-05,172.31.36.0-255,66,4730,9,196433
34524,6.2e-05,172.217.194.0-255,5738,10468,9,196433
34525,6.4e-05,172.31.36.0-255,66,10534,9,196433
34526,0.000111,172.217.194.0-255,3439,13973,9,196433
34527,0.000114,172.31.36.0-255,66,14039,9,196433
34528,0.000119,172.217.194.0-255,4320,18359,9,196433
34529,0.000121,172.31.36.0-255,66,18425,9,196433
34530,0.000168,172.31.36.0-255,66,18491,9,196433
34531,0.000171,172.217.194.0-255,1484,19975,9,196433
34532,0.000173,172.31.36.0-255,66,20041,9,196433
34533,0.000176,172.217.194.0-255,1125,21166,9,196433
34534,0.000177,172.31.36.0-255,66,21232,9,196433
34535,0.000215,172.217.194.0-255,1484,22716,9,196433
34536,0.000219,172.31.36.0-255,66,22782,9,196433
34537,0.000223,172.217.194.0-255,4320,27102,9,196433
34538,0.000225,172.31.36.0-255,66,27168,9,196433
34539,0.00026,172.31.36.0-255,66,27234,9,196433
34540,0.000263,172.217.194.0-255,1125,28359,9,196433
34541,0.000265,172.31.36.0-255,66,28425,9,196433
34542,0.001371,172.217.194.0-255,1484,29909,9,196433
34543,0.001378,172.31.36.0-255,66,29975,9,196433
34544,0.001388,172.217.194.0-255,2902,32877,9,196433
34545,0.00139,172.31.36.0-255,66,32943,9,196433
34546,0.001404,172.217.194.0-255,5738,38681,9,196433
34547,0.001406,172.31.36.0-255,66,38747,9,196433
34548,0.001439,172.217.194.0-255,6797,45544,9,196433
34549,0.001442,172.31.36.0-255,66,45610,9,196433
34550,0.001445,172.217.194.0-255,1484,47094,9,196433
34551,0.001472,172.217.194.0-255,5738,52832,9,196433
34552,0.001474,172.31.36.0-255,66,52898,9,196433
34553,0.00148,172.217.194.0-255,5738,58636,9,196433
34554,0.001482,172.31.36.0-255,66,58702,9,196433
34555,0.001515,172.217.194.0-255,2902,61604,9,196433
34556,0.001518,172.31.36.0-255,66,61670,9,196433
34557,0.001549,172.31.36.0-255,66,61736,9,196433
34558,0.001555,172.217.194.0-255,5379,67115,9,196433
34559,0.001557,172.31.36.0-255,66,67181,9,196433
34560,0.001595,172.217.194.0-255,7156,74337,9,196433
34561,0.001599,172.31.36.0-255,66,74403,9,196433
34562,0.001609,172.31.36.0-255,66,74469,9,196433
34563,0.00164,172.31.36.0-255,66,74535,9,196433
34564,0.001665,172.217.194.0-255,2902,77437,9,196433
34565,0.001672,172.31.36.0-255,66,77503,9,196433
34566,0.001675,172.217.194.0-255,766,78269,9,196433
34567,0.001705,172.31.36.0-255,66,78335,9,196433
34568,0.001732,172.217.194.0-255,4320,82655,9,196433
34569,0.001735,172.31.36.0-255,66,82721,9,196433
34570,0.001756,172.31.36.0-255,66,82787,9,196433
34571,0.001761,172.217.194.0-255,4184,86971,9,196433
34572,0.001764,172.31.36.0-255,66,87037,9,196433
34573,0.001811,172.217.194.0-255,7156,94193,9,196433
34574,0.001815,172.31.36.0-255,66,94259,9,196433
34575,0.001824,172.31.36.0-255,66,94325,9,196433
34576,0.001865,172.31.36.0-255,66,94391,9,196433
34577,0.001868,172.217.194.0-255,766,95157,9,196433
34578,0.001954,172.217.194.0-255,1484,96641,9,196433
34579,0.001957,172.31.36.0-255,66,96707,9,196433
34580,0.001961,172.217.194.0-255,2902,99609,9,196433
34581,0.001964,172.31.36.0-255,66,99675,9,196433
34582,0.001969,172.217.194.0-255,4320,103995,9,196433
34583,0.001976,172.31.36.0-255,66,104061,9,196433
34584,0.002004,172.217.194.0-255,1484,105545,9,196433
34585,0.002018,172.31.36.0-255,66,105611,9,196433
34586,0.002025,172.217.194.0-255,7156,112767,9,196433
34587,0.002027,172.31.36.0-255,66,112833,9,196433
34588,0.002037,172.217.194.0-255,3602,116435,9,196433
34589,0.002039,172.31.36.0-255,66,116501,9,196433
34590,0.002075,172.217.194.0-255,1484,117985,9,196433
34591,0.002078,172.217.194.0-255,1484,119469,9,196433
34592,0.002082,172.31.36.0-255,66,119535,9,196433
34593,0.002107,172.217.194.0-255,1484,121019,9,196433
34594,0.002113,172.217.194.0-255,5738,126757,9,196433
34595,0.002116,172.31.36.0-255,66,126823,9,196433
34596,0.002122,172.217.194.0-255,5738,132561,9,196433
34597,0.002124,172.31.36.0-255,66,132627,9,196433
34598,0.002142,172.217.194.0-255,7156,139783,9,196433
34599,0.002145,172.31.36.0-255,66,139849,9,196433
34600,0.002168,172.217.194.0-255,1484,141333,9,196433
34601,0.002175,172.217.194.0-255,1484,142817,9,196433
34602,0.002177,172.31.36.0-255,66,142883,9,196433
34603,0.002188,172.31.36.0-255,66,142949,9,196433
34604,0.002261,172.217.194.0-255,1484,144433,9,196433
34605,0.002267,172.217.194.0-255,2902,147335,9,196433
34606,0.00227,172.31.36.0-255,66,147401,9,196433
34607,0.002276,172.217.194.0-255,5738,153139,9,196433
34608,0.002279,172.31.36.0-255,66,153205,9,196433
34609,0.002313,172.31.36.0-255,66,153271,9,196433
34610,0.002318,172.217.194.0-255,4320,157591,9,196433
34611,0.002321,172.31.36.0-255,66,157657,9,196433
34612,0.002346,172.217.194.0-255,6438,164095,9,196433
34613,0.002353,172.31.36.0-255,66,164161,9,196433
34614,0.002384,172.217.194.0-255,5738,169899,9,196433
34615,0.002387,172.31.36.0-255,66,169965,9,196433
34616,0.002395,172.217.194.0-255,7156,177121,9,196433
34617,0.002397,172.31.36.0-255,66,177187,9,196433
34618,0.002431,172.31.36.0-255,66,177253,9,196433
34619,0.002437,172.217.194.0-255,6438,183691,9,196433
34620,0.002439,172.31.36.0-255,66,183757,9,196433
34621,0.002473,172.31.36.0-255,66,183823,9,196433
34622,0.002531,172.31.36.0-255,66,183889,9,196433
34623,0.002538,172.31.36.0-255,66,183955,9,196433
34624,0.002544,172.217.194.0-255,5738,189693,9,196433
34625,0.00255,172.31.36.0-255,66,189759,9,196433
34626,0.002614,172.31.36.0-255,66,189825,9,196433
34627,0.002632,172.31.36.0-255,66,189891,9,196433
34628,0.002635,172.217.194.0-255,105,189996,9,196433
34629,0.005355,172.31.36.0-255,66,190062,9,196433
34630,0.005391,172.31.36.0-255,105,190167,9,196433
34631,0.007344,172.217.194.0-255,66,190233,9,196433
34632,0.067069,172.31.36.0-255,172,190405,9,196433
34633,0.067114,172.31.36.0-255,1117,191522,9,196433
34634,0.067213,172.31.36.0-255,1514,193036,9,196433
34635,0.067215,172.31.36.0-255,1514,194550,9,196433
34636,0.067216,172.31.36.0-255,1514,196064,9,196433
34637,0.067244,172.31.36.0-255,105,196169,9,196433
34638,0.068625,104.244.42.0-255,66,196235,9,196433
34639,0.068669,104.244.42.0-255,66,196301,9,196433
34640,0.068768,104.244.42.0-255,66,196367,9,196433
34641,0.068771,104.244.42.0-255,66,196433,9,196433
34642,0.0,74.125.200.0-255,153,153,9,340781
34643,2.3e-05,172.31.36.0-255,66,219,9,340781
34644,3e-05,74.125.200.0-255,1484,1703,9,340781
34645,3.4e-05,172.31.36.0-255,66,1769,9,340781
34646,4.1e-05,74.125.200.0-255,2902,4671,9,340781
34647,4.4e-05,172.31.36.0-255,66,4737,9,340781
34648,4.8e-05,74.125.200.0-255,1484,6221,9,340781
34649,5e-05,172.31.36.0-255,66,6287,9,340781
34650,5.5e-05,74.125.200.0-255,2902,9189,9,340781
34651,5.8e-05,172.31.36.0-255,66,9255,9,340781
34652,8e-05,74.125.200.0-255,1484,10739,9,340781
34653,8.2e-05,172.31.36.0-255,66,10805,9,340781
34654,0.000107,74.125.200.0-255,3503,14308,9,340781
34655,0.00011,172.31.36.0-255,66,14374,9,340781
34656,0.000141,74.125.200.0-255,1484,15858,9,340781
34657,0.000144,172.31.36.0-255,66,15924,9,340781
34658,0.000149,74.125.200.0-255,2902,18826,9,340781
34659,0.000152,172.31.36.0-255,66,18892,9,340781
34660,0.000171,74.125.200.0-255,5738,24630,9,340781
34661,0.000174,172.31.36.0-255,66,24696,9,340781
34662,0.000203,74.125.200.0-255,6797,31493,9,340781
34663,0.000206,172.31.36.0-255,66,31559,9,340781
34664,0.00035,74.125.200.0-255,1484,33043,9,340781
34665,0.000354,172.31.36.0-255,66,33109,9,340781
34666,0.00036,74.125.200.0-255,2902,36011,9,340781
34667,0.000362,172.31.36.0-255,66,36077,9,340781
34668,0.000393,74.125.200.0-255,5738,41815,9,340781
34669,0.000396,172.31.36.0-255,66,41881,9,340781
34670,0.000416,74.125.200.0-255,6797,48678,9,340781
34671,0.000419,172.31.36.0-255,66,48744,9,340781
34672,0.000464,74.125.200.0-255,1484,50228,9,340781
34673,0.000468,172.31.36.0-255,66,50294,9,340781
34674,0.000482,74.125.200.0-255,2902,53196,9,340781
34675,0.000484,172.31.36.0-255,66,53262,9,340781
34676,0.000487,74.125.200.0-255,1484,54746,9,340781
34677,0.000492,74.125.200.0-255,1484,56230,9,340781
34678,0.000494,172.31.36.0-255,66,56296,9,340781
34679,0.000508,74.125.200.0-255,1484,57780,9,340781
34680,0.000515,74.125.200.0-255,5738,63518,9,340781
34681,0.000517,172.31.36.0-255,66,63584,9,340781
34682,0.000541,74.125.200.0-255,2543,66127,9,340781
34683,0.000544,172.31.36.0-255,66,66193,9,340781
34684,0.000568,74.125.200.0-255,391,66584,9,340781
34685,0.000614,74.125.200.0-255,353,66937,9,340781
34686,0.001071,74.125.200.0-255,1484,68421,9,340781
34687,0.001076,172.31.36.0-255,66,68487,9,340781
34688,0.001082,74.125.200.0-255,2902,71389,9,340781
34689,0.001084,172.31.36.0-255,66,71455,9,340781
34690,0.001087,74.125.200.0-255,1484,72939,9,340781
34691,0.001124,74.125.200.0-255,2902,75841,9,340781
34692,0.001127,172.31.36.0-255,66,75907,9,340781
34693,0.001133,74.125.200.0-255,5738,81645,9,340781
34694,0.001135,172.31.36.0-255,66,81711,9,340781
34695,0.001143,74.125.200.0-255,7156,88867,9,340781
34696,0.001145,172.31.36.0-255,66,88933,9,340781
34697,0.001168,74.125.200.0-255,4320,93253,9,340781
34698,0.001171,172.31.36.0-255,66,93319,9,340781
34699,0.001177,74.125.200.0-255,4320,97639,9,340781
34700,0.001179,172.31.36.0-255,66,97705,9,340781
34701,0.001198,74.125.200.0-255,3602,101307,9,340781
34702,0.0012,172.31.36.0-255,66,101373,9,340781
34703,0.002425,74.125.200.0-255,1484,102857,9,340781
34704,0.002437,74.125.200.0-255,2902,105759,9,340781
34705,0.002441,172.31.36.0-255,66,105825,9,340781
34706,0.002451,74.125.200.0-255,5738,111563,9,340781
34707,0.002453,172.31.36.0-255,66,111629,9,340781
34708,0.002457,74.125.200.0-255,2902,114531,9,340781
34709,0.002459,172.31.36.0-255,66,114597,9,340781
34710,0.002462,74.125.200.0-255,1484,116081,9,340781
34711,0.002485,74.125.200.0-255,2902,118983,9,340781
34712,0.002488,172.31.36.0-255,66,119049,9,340781
34713,0.002498,172.31.36.0-255,66,119115,9,340781
34714,0.002518,74.125.200.0-255,1484,120599,9,340781
34715,0.00253,74.125.200.0-255,2902,123501,9,340781
34716,0.002533,172.31.36.0-255,66,123567,9,340781
34717,0.002551,74.125.200.0-255,1484,125051,9,340781
34718,0.002564,74.125.200.0-255,2184,127235,9,340781
34719,0.002566,172.31.36.0-255,66,127301,9,340781
34720,0.005084,74.125.200.0-255,1484,128785,9,340781
34721,0.005125,74.125.200.0-255,4320,133105,9,340781
34722,0.005129,172.31.36.0-255,66,133171,9,340781
34723,0.007708,74.125.200.0-255,5738,138909,9,340781
34724,0.007716,172.31.36.0-255,66,138975,9,340781
34725,0.010294,74.125.200.0-255,5738,144713,9,340781
34726,0.010302,172.31.36.0-255,66,144779,9,340781
34727,0.012884,74.125.200.0-255,5738,150517,9,340781
34728,0.012893,172.31.36.0-255,66,150583,9,340781
34729,0.015468,74.125.200.0-255,5738,156321,9,340781
34730,0.015479,172.31.36.0-255,66,156387,9,340781
34731,0.018066,74.125.200.0-255,5738,162125,9,340781
34732,0.018076,172.31.36.0-255,66,162191,9,340781
34733,0.020653,74.125.200.0-255,5738,167929,9,340781
34734,0.020661,172.31.36.0-255,66,167995,9,340781
34735,0.023243,74.125.200.0-255,5738,173733,9,340781
34736,0.023251,172.31.36.0-255,66,173799,9,340781
34737,0.025855,74.125.200.0-255,5738,179537,9,340781
34738,0.025863,172.31.36.0-255,66,179603,9,340781
34739,0.028432,74.125.200.0-255,5738,185341,9,340781
34740,0.02844,172.31.36.0-255,66,185407,9,340781
34741,0.031009,74.125.200.0-255,5738,191145,9,340781
34742,0.031017,172.31.36.0-255,66,191211,9,340781
34743,0.031569,172.31.36.0-255,168,191379,9,340781
34744,0.0316,172.31.36.0-255,1070,192449,9,340781
34745,0.03313,104.244.42.0-255,66,192515,9,340781
34746,0.033138,104.244.42.0-255,66,192581,9,340781
34747,0.033636,74.125.200.0-255,5738,198319,9,340781
34748,0.033643,172.31.36.0-255,66,198385,9,340781
34749,0.036268,74.125.200.0-255,5738,204123,9,340781
34750,0.036275,172.31.36.0-255,66,204189,9,340781
34751,0.038846,74.125.200.0-255,5738,209927,9,340781
34752,0.038853,172.31.36.0-255,66,209993,9,340781
34753,0.041443,74.125.200.0-255,5738,215731,9,340781
34754,0.041455,172.31.36.0-255,66,215797,9,340781
34755,0.044037,74.125.200.0-255,5738,221535,9,340781
34756,0.044043,172.31.36.0-255,66,221601,9,340781
34757,0.046629,74.125.200.0-255,5738,227339,9,340781
34758,0.046635,172.31.36.0-255,66,227405,9,340781
34759,0.049226,74.125.200.0-255,5738,233143,9,340781
34760,0.049233,172.31.36.0-255,66,233209,9,340781
34761,0.051826,74.125.200.0-255,5738,238947,9,340781
34762,0.051833,172.31.36.0-255,66,239013,9,340781
34763,0.054419,74.125.200.0-255,5738,244751,9,340781
34764,0.054426,172.31.36.0-255,66,244817,9,340781
34765,0.057011,74.125.200.0-255,5738,250555,9,340781
34766,0.057018,172.31.36.0-255,66,250621,9,340781
34767,0.059598,74.125.200.0-255,5738,256359,9,340781
34768,0.059604,172.31.36.0-255,66,256425,9,340781
34769,0.062189,74.125.200.0-255,4320,260745,9,340781
34770,0.062195,172.31.36.0-255,66,260811,9,340781
34771,0.062214,74.125.200.0-255,1484,262295,9,340781
34772,0.064763,74.125.200.0-255,4320,266615,9,340781
34773,0.06477,172.31.36.0-255,66,266681,9,340781
34774,0.067355,74.125.200.0-255,5738,272419,9,340781
34775,0.067362,172.31.36.0-255,66,272485,9,340781
34776,0.069969,74.125.200.0-255,5738,278223,9,340781
34777,0.069976,172.31.36.0-255,66,278289,9,340781
34778,0.072561,74.125.200.0-255,5738,284027,9,340781
34779,0.072568,172.31.36.0-255,66,284093,9,340781
34780,0.07515,74.125.200.0-255,5738,289831,9,340781
34781,0.075155,172.31.36.0-255,66,289897,9,340781
34782,0.077734,74.125.200.0-255,5738,295635,9,340781
34783,0.077741,172.31.36.0-255,66,295701,9,340781
34784,0.080326,74.125.200.0-255,5738,301439,9,340781
34785,0.080333,172.31.36.0-255,66,301505,9,340781
34786,0.082907,74.125.200.0-255,5738,307243,9,340781
34787,0.082913,172.31.36.0-255,66,307309,9,340781
34788,0.085493,74.125.200.0-255,5738,313047,9,340781
34789,0.0855,172.31.36.0-255,66,313113,9,340781
34790,0.088071,74.125.200.0-255,5738,318851,9,340781
34791,0.088077,172.31.36.0-255,66,318917,9,340781
34792,0.090656,74.125.200.0-255,5738,324655,9,340781
34793,0.090663,172.31.36.0-255,66,324721,9,340781
34794,0.093234,74.125.200.0-255,4320,329041,9,340781
34795,0.093256,172.31.36.0-255,66,329107,9,340781
34796,0.093278,74.125.200.0-255,1484,330591,9,340781
34797,0.095814,74.125.200.0-255,4320,334911,9,340781
34798,0.095821,172.31.36.0-255,66,334977,9,340781
34799,0.098384,74.125.200.0-255,5738,340715,9,340781
34800,0.098392,172.31.36.0-255,66,340781,9,340781
34801,0.0,74.125.24.0-255,158,158,9,284742
34802,2.3e-05,172.31.36.0-255,66,224,9,284742
34803,3.1e-05,74.125.24.0-255,1484,1708,9,284742
34804,3.5e-05,172.31.36.0-255,66,1774,9,284742
34805,4.2e-05,74.125.24.0-255,2902,4676,9,284742
34806,4.6e-05,172.31.36.0-255,66,4742,9,284742
34807,6.1e-05,74.125.24.0-255,7156,11898,9,284742
34808,6.5e-05,172.31.36.0-255,66,11964,9,284742
34809,9.3e-05,74.125.24.0-255,2067,14031,9,284742
34810,9.6e-05,172.31.36.0-255,66,14097,9,284742
34811,0.000235,74.125.24.0-255,1484,15581,9,284742
34812,0.000238,172.31.36.0-255,66,15647,9,284742
34813,0.000244,74.125.24.0-255,2902,18549,9,284742
34814,0.000247,172.31.36.0-255,66,18615,9,284742
34815,0.000275,74.125.24.0-255,4320,22935,9,284742
34816,0.000279,172.31.36.0-255,66,23001,9,284742
34817,0.000304,74.125.24.0-255,1484,24485,9,284742
34818,0.000306,172.31.36.0-255,66,24551,9,284742
34819,0.000313,74.125.24.0-255,4320,28871,9,284742
34820,0.000315,172.31.36.0-255,66,28937,9,284742
34821,0.000344,74.125.24.0-255,2543,31480,9,284742
34822,0.000346,172.31.36.0-255,66,31546,9,284742
34823,0.000396,74.125.24.0-255,1484,33030,9,284742
34824,0.0004,172.31.36.0-255,66,33096,9,284742
34825,0.000405,74.125.24.0-255,2902,35998,9,284742
34826,0.000407,172.31.36.0-255,66,36064,9,284742
34827,0.000414,74.125.24.0-255,5738,41802,9,284742
34828,0.000422,172.31.36.0-255,66,41868,9,284742
34829,0.000448,74.125.24.0-255,5738,47606,9,284742
34830,0.00045,172.31.36.0-255,66,47672,9,284742
34831,0.00049,172.31.36.0-255,66,47738,9,284742
34832,0.0005,172.31.36.0-255,66,47804,9,284742
34833,0.000529,74.125.24.0-255,1744,49548,9,284742
34834,0.000532,172.31.36.0-255,66,49614,9,284742
34835,0.002407,74.125.24.0-255,1484,51098,9,284742
34836,0.002422,74.125.24.0-255,2902,54000,9,284742
34837,0.002429,172.31.36.0-255,66,54066,9,284742
34838,0.002439,74.125.24.0-255,5738,59804,9,284742
34839,0.002441,172.31.36.0-255,66,59870,9,284742
34840,0.00245,74.125.24.0-255,2902,62772,9,284742
34841,0.002453,172.31.36.0-255,66,62838,9,284742
34842,0.002474,172.31.36.0-255,66,62904,9,284742
34843,0.00249,172.31.36.0-255,66,62970,9,284742
34844,0.002493,74.125.24.0-255,766,63736,9,284742
34845,0.005087,74.125.24.0-255,4320,68056,9,284742
34846,0.005093,172.31.36.0-255,66,68122,9,284742
34847,0.007693,74.125.24.0-255,5738,73860,9,284742
34848,0.0077,172.31.36.0-255,66,73926,9,284742
34849,0.010323,74.125.24.0-255,5738,79664,9,284742
34850,0.010331,172.31.36.0-255,66,79730,9,284742
34851,0.012947,74.125.24.0-255,5738,85468,9,284742
34852,0.012956,172.31.36.0-255,66,85534,9,284742
34853,0.01561,74.125.24.0-255,5738,91272,9,284742
34854,0.015619,172.31.36.0-255,66,91338,9,284742
34855,0.018231,74.125.24.0-255,5738,97076,9,284742
34856,0.018246,172.31.36.0-255,66,97142,9,284742
34857,0.020847,74.125.24.0-255,5738,102880,9,284742
34858,0.020856,172.31.36.0-255,66,102946,9,284742
34859,0.023489,74.125.24.0-255,5738,108684,9,284742
34860,0.023497,172.31.36.0-255,66,108750,9,284742
34861,0.026109,74.125.24.0-255,5738,114488,9,284742
34862,0.026118,172.31.36.0-255,66,114554,9,284742
34863,0.028747,74.125.24.0-255,5738,120292,9,284742
34864,0.028758,172.31.36.0-255,66,120358,9,284742
34865,0.031364,74.125.24.0-255,5738,126096,9,284742
34866,0.031372,172.31.36.0-255,66,126162,9,284742
34867,0.033975,74.125.24.0-255,5738,131900,9,284742
34868,0.033986,172.31.36.0-255,66,131966,9,284742
34869,0.036608,74.125.24.0-255,5738,137704,9,284742
34870,0.036616,172.31.36.0-255,66,137770,9,284742
34871,0.039224,74.125.24.0-255,4320,142090,9,284742
34872,0.039232,172.31.36.0-255,66,142156,9,284742
34873,0.039262,74.125.24.0-255,1484,143640,9,284742
34874,0.040451,172.31.36.0-255,172,143812,9,284742
34875,0.040491,172.31.36.0-255,1116,144928,9,284742
34876,0.040559,172.31.36.0-255,1514,146442,9,284742
34877,0.040561,172.31.36.0-255,1514,147956,9,284742
34878,0.040563,172.31.36.0-255,1514,149470,9,284742
34879,0.040568,172.31.36.0-255,1514,150984,9,284742
34880,0.040569,172.31.36.0-255,1486,152470,9,284742
34881,0.041821,74.125.24.0-255,4320,156790,9,284742
34882,0.041828,172.31.36.0-255,66,156856,9,284742
34883,0.041998,104.244.42.0-255,66,156922,9,284742
34884,0.042033,104.244.42.0-255,66,156988,9,284742
34885,0.042158,104.244.42.0-255,66,157054,9,284742
34886,0.044438,74.125.24.0-255,5738,162792,9,284742
34887,0.044444,172.31.36.0-255,66,162858,9,284742
34888,0.047055,74.125.24.0-255,5738,168596,9,284742
34889,0.047064,172.31.36.0-255,66,168662,9,284742
34890,0.049673,74.125.24.0-255,5738,174400,9,284742
34891,0.049681,172.31.36.0-255,66,174466,9,284742
34892,0.052284,74.125.24.0-255,5738,180204,9,284742
34893,0.052291,172.31.36.0-255,66,180270,9,284742
34894,0.054887,74.125.24.0-255,5738,186008,9,284742
34895,0.054894,172.31.36.0-255,66,186074,9,284742
34896,0.057488,74.125.24.0-255,5738,191812,9,284742
34897,0.057496,172.31.36.0-255,66,191878,9,284742
34898,0.060105,74.125.24.0-255,5738,197616,9,284742
34899,0.060112,172.31.36.0-255,66,197682,9,284742
34900,0.062726,74.125.24.0-255,5738,203420,9,284742
34901,0.062732,172.31.36.0-255,66,203486,9,284742
34902,0.065351,74.125.24.0-255,5738,209224,9,284742
34903,0.065362,172.31.36.0-255,66,209290,9,284742
34904,0.067982,74.125.24.0-255,5738,215028,9,284742
34905,0.067989,172.31.36.0-255,66,215094,9,284742
34906,0.070606,74.125.24.0-255,5738,220832,9,284742
34907,0.070612,172.31.36.0-255,66,220898,9,284742
34908,0.073219,74.125.24.0-255,5738,226636,9,284742
34909,0.073226,172.31.36.0-255,66,226702,9,284742
34910,0.075832,74.125.24.0-255,5738,232440,9,284742
34911,0.075839,172.31.36.0-255,66,232506,9,284742
34912,0.078447,74.125.24.0-255,5738,238244,9,284742
34913,0.078454,172.31.36.0-255,66,238310,9,284742
34914,0.081067,74.125.24.0-255,5738,244048,9,284742
34915,0.081085,172.31.36.0-255,66,244114,9,284742
34916,0.083717,74.125.24.0-255,5738,249852,9,284742
34917,0.083724,172.31.36.0-255,66,249918,9,284742
34918,0.086354,74.125.24.0-255,5738,255656,9,284742
34919,0.086361,172.31.36.0-255,66,255722,9,284742
34920,0.088955,74.125.24.0-255,5738,261460,9,284742
34921,0.088961,172.31.36.0-255,66,261526,9,284742
34922,0.091571,74.125.24.0-255,5738,267264,9,284742
34923,0.09158,172.31.36.0-255,66,267330,9,284742
34924,0.094164,74.125.24.0-255,5738,273068,9,284742
34925,0.094171,172.31.36.0-255,66,273134,9,284742
34926,0.096826,74.125.24.0-255,5738,278872,9,284742
34927,0.096837,172.31.36.0-255,66,278938,9,284742
34928,0.099468,74.125.24.0-255,5738,284676,9,284742
34929,0.099474,172.31.36.0-255,66,284742,9,284742
34930,0.0,74.125.24.0-255,153,153,9,379624
34931,2.1e-05,172.31.36.0-255,66,219,9,379624
34932,2.9e-05,74.125.24.0-255,1484,1703,9,379624
34933,3.3e-05,172.31.36.0-255,66,1769,9,379624
34934,4.7e-05,74.125.24.0-255,2902,4671,9,379624
34935,5.1e-05,172.31.36.0-255,66,4737,9,379624
34936,5.9e-05,74.125.24.0-255,7156,11893,9,379624
34937,6.3e-05,172.31.36.0-255,66,11959,9,379624
34938,6.7e-05,74.125.24.0-255,1993,13952,9,379624
34939,7.1e-05,172.31.36.0-255,66,14018,9,379624
34940,8.5e-05,172.31.36.0-255,66,14084,9,379624
34941,9.2e-05,74.125.24.0-255,5379,19463,9,379624
34942,9.5e-05,172.31.36.0-255,66,19529,9,379624
34943,0.00014,74.125.24.0-255,2902,22431,9,379624
34944,0.000143,172.31.36.0-255,66,22497,9,379624
34945,0.000149,74.125.24.0-255,4320,26817,9,379624
34946,0.000151,172.31.36.0-255,66,26883,9,379624
34947,0.000165,74.125.24.0-255,7156,34039,9,379624
34948,0.000168,172.31.36.0-255,66,34105,9,379624
34949,0.000189,74.125.24.0-255,1484,35589,9,379624
34950,0.000192,172.31.36.0-255,66,35655,9,379624
34951,0.0002,74.125.24.0-255,1125,36780,9,379624
34952,0.000202,172.31.36.0-255,66,36846,9,379624
34953,0.000549,74.125.24.0-255,1484,38330,9,379624
34954,0.000554,172.31.36.0-255,66,38396,9,379624
34955,0.000561,74.125.24.0-255,2902,41298,9,379624
34956,0.000564,172.31.36.0-255,66,41364,9,379624
34957,0.000575,74.125.24.0-255,5738,47102,9,379624
34958,0.000578,172.31.36.0-255,66,47168,9,379624
34959,0.000581,74.125.24.0-255,1484,48652,9,379624
34960,0.000583,172.31.36.0-255,66,48718,9,379624
34961,0.000618,74.125.24.0-255,5379,54097,9,379624
34962,0.000621,172.31.36.0-255,66,54163,9,379624
34963,0.000753,74.125.24.0-255,1484,55647,9,379624
34964,0.000773,74.125.24.0-255,1484,57131,9,379624
34965,0.000776,172.31.36.0-255,66,57197,9,379624
34966,0.000804,74.125.24.0-255,1484,58681,9,379624
34967,0.000812,74.125.24.0-255,5738,64419,9,379624
34968,0.000814,172.31.36.0-255,66,64485,9,379624
34969,0.000844,74.125.24.0-255,1484,65969,9,379624
34970,0.000848,74.125.24.0-255,2902,68871,9,379624
34971,0.00085,172.31.36.0-255,66,68937,9,379624
34972,0.000881,74.125.24.0-255,6797,75734,9,379624
34973,0.000884,172.31.36.0-255,66,75800,9,379624
34974,0.000889,74.125.24.0-255,2902,78702,9,379624
34975,0.000891,172.31.36.0-255,66,78768,9,379624
34976,0.000923,74.125.24.0-255,4320,83088,9,379624
34977,0.000926,172.31.36.0-255,66,83154,9,379624
34978,0.000931,74.125.24.0-255,2902,86056,9,379624
34979,0.000933,172.31.36.0-255,66,86122,9,379624
34980,0.000963,74.125.24.0-255,2543,88665,9,379624
34981,0.000965,172.31.36.0-255,66,88731,9,379624
34982,0.001233,74.125.24.0-255,646,89377,9,379624
34983,0.001295,74.125.24.0-255,1484,90861,9,379624
34984,0.001299,172.31.36.0-255,66,90927,9,379624
34985,0.001304,74.125.24.0-255,2902,93829,9,379624
34986,0.001306,172.31.36.0-255,66,93895,9,379624
34987,0.001327,74.125.24.0-255,4320,98215,9,379624
34988,0.001333,172.31.36.0-255,66,98281,9,379624
34989,0.001357,74.125.24.0-255,1484,99765,9,379624
34990,0.001361,74.125.24.0-255,1484,101249,9,379624
34991,0.001363,172.31.36.0-255,66,101315,9,379624
34992,0.001369,74.125.24.0-255,4320,105635,9,379624
34993,0.001371,172.31.36.0-255,66,105701,9,379624
34994,0.001399,74.125.24.0-255,4320,110021,9,379624
34995,0.001402,172.31.36.0-255,66,110087,9,379624
34996,0.001408,74.125.24.0-255,5738,115825,9,379624
34997,0.00141,172.31.36.0-255,66,115891,9,379624
34998,0.001445,74.125.24.0-255,7156,123047,9,379624
34999,0.001448,74.125.24.0-255,217,123264,9,379624
35000,0.001452,172.31.36.0-255,66,123330,9,379624
35001,0.001533,74.125.24.0-255,1484,124814,9,379624
35002,0.001539,172.31.36.0-255,66,124880,9,379624
35003,0.001549,74.125.24.0-255,2902,127782,9,379624
35004,0.001551,172.31.36.0-255,66,127848,9,379624
35005,0.001561,74.125.24.0-255,4320,132168,9,379624
35006,0.001564,172.31.36.0-255,66,132234,9,379624
35007,0.001588,74.125.24.0-255,1484,133718,9,379624
35008,0.0016,74.125.24.0-255,7156,140874,9,379624
35009,0.001603,172.31.36.0-255,66,140940,9,379624
35010,0.00163,74.125.24.0-255,5738,146678,9,379624
35011,0.001632,172.31.36.0-255,66,146744,9,379624
35012,0.001664,74.125.24.0-255,7156,153900,9,379624
35013,0.001667,172.31.36.0-255,66,153966,9,379624
35014,0.001696,74.125.24.0-255,3602,157568,9,379624
35015,0.0017,172.31.36.0-255,66,157634,9,379624
35016,0.001757,74.125.24.0-255,1484,159118,9,379624
35017,0.001762,74.125.24.0-255,2902,162020,9,379624
35018,0.001764,172.31.36.0-255,66,162086,9,379624
35019,0.00177,74.125.24.0-255,5738,167824,9,379624
35020,0.001773,172.31.36.0-255,66,167890,9,379624
35021,0.001789,172.31.36.0-255,66,167956,9,379624
35022,0.001828,74.125.24.0-255,4320,172276,9,379624
35023,0.001831,172.31.36.0-255,66,172342,9,379624
35024,0.00184,74.125.24.0-255,7156,179498,9,379624
35025,0.001842,172.31.36.0-255,66,179564,9,379624
35026,0.001854,74.125.24.0-255,3602,183166,9,379624
35027,0.001856,172.31.36.0-255,66,183232,9,379624
35028,0.001887,74.125.24.0-255,4320,187552,9,379624
35029,0.00189,172.31.36.0-255,66,187618,9,379624
35030,0.001902,172.31.36.0-255,66,187684,9,379624
35031,0.001927,74.125.24.0-255,1484,189168,9,379624
35032,0.001944,172.31.36.0-255,66,189234,9,379624
35033,0.001949,74.125.24.0-255,3602,192836,9,379624
35034,0.001952,172.31.36.0-255,66,192902,9,379624
35035,0.004187,74.125.24.0-255,5738,198640,9,379624
35036,0.004194,172.31.36.0-255,66,198706,9,379624
35037,0.006489,74.125.24.0-255,5738,204444,9,379624
35038,0.006496,172.31.36.0-255,66,204510,9,379624
35039,0.008763,74.125.24.0-255,5738,210248,9,379624
35040,0.008766,172.31.36.0-255,66,210314,9,379624
35041,0.011059,74.125.24.0-255,5738,216052,9,379624
35042,0.011069,172.31.36.0-255,66,216118,9,379624
35043,0.013362,74.125.24.0-255,5738,221856,9,379624
35044,0.013379,172.31.36.0-255,66,221922,9,379624
35045,0.01564,74.125.24.0-255,5738,227660,9,379624
35046,0.015651,172.31.36.0-255,66,227726,9,379624
35047,0.017923,74.125.24.0-255,5738,233464,9,379624
35048,0.017932,172.31.36.0-255,66,233530,9,379624
35049,0.020208,74.125.24.0-255,5738,239268,9,379624
35050,0.020216,172.31.36.0-255,66,239334,9,379624
35051,0.022452,74.125.24.0-255,5738,245072,9,379624
35052,0.02246,172.31.36.0-255,66,245138,9,379624
35053,0.024708,74.125.24.0-255,5738,250876,9,379624
35054,0.024716,172.31.36.0-255,66,250942,9,379624
35055,0.026968,74.125.24.0-255,5738,256680,9,379624
35056,0.026976,172.31.36.0-255,66,256746,9,379624
35057,0.029253,74.125.24.0-255,5738,262484,9,379624
35058,0.029259,172.31.36.0-255,66,262550,9,379624
35059,0.029685,172.31.36.0-255,172,262722,9,379624
35060,0.029716,172.31.36.0-255,1070,263792,9,379624
35061,0.03125,104.244.42.0-255,66,263858,9,379624
35062,0.031258,104.244.42.0-255,66,263924,9,379624
35063,0.03149,74.125.24.0-255,4320,268244,9,379624
35064,0.031497,172.31.36.0-255,66,268310,9,379624
35065,0.031527,74.125.24.0-255,1484,269794,9,379624
35066,0.033775,74.125.24.0-255,4320,274114,9,379624
35067,0.033782,172.31.36.0-255,66,274180,9,379624
35068,0.036022,74.125.24.0-255,5738,279918,9,379624
35069,0.036029,172.31.36.0-255,66,279984,9,379624
35070,0.03829,74.125.24.0-255,5738,285722,9,379624
35071,0.038296,172.31.36.0-255,66,285788,9,379624
35072,0.040538,74.125.24.0-255,5738,291526,9,379624
35073,0.040544,172.31.36.0-255,66,291592,9,379624
35074,0.042801,74.125.24.0-255,5738,297330,9,379624
35075,0.042807,172.31.36.0-255,66,297396,9,379624
35076,0.045071,74.125.24.0-255,5738,303134,9,379624
35077,0.045083,172.31.36.0-255,66,303200,9,379624
35078,0.047397,74.125.24.0-255,5738,308938,9,379624
35079,0.047403,172.31.36.0-255,66,309004,9,379624
35080,0.049685,74.125.24.0-255,5738,314742,9,379624
35081,0.049691,172.31.36.0-255,66,314808,9,379624
35082,0.051977,74.125.24.0-255,5738,320546,9,379624
35083,0.051983,172.31.36.0-255,66,320612,9,379624
35084,0.054223,74.125.24.0-255,5738,326350,9,379624
35085,0.054229,172.31.36.0-255,66,326416,9,379624
35086,0.056476,74.125.24.0-255,5738,332154,9,379624
35087,0.056484,172.31.36.0-255,66,332220,9,379624
35088,0.05874,74.125.24.0-255,5738,337958,9,379624
35089,0.058747,172.31.36.0-255,66,338024,9,379624
35090,0.061011,74.125.24.0-255,5738,343762,9,379624
35091,0.061017,172.31.36.0-255,66,343828,9,379624
35092,0.063271,74.125.24.0-255,5738,349566,9,379624
35093,0.063277,172.31.36.0-255,66,349632,9,379624
35094,0.065543,74.125.24.0-255,5738,355370,9,379624
35095,0.06555,172.31.36.0-255,66,355436,9,379624
35096,0.067786,74.125.24.0-255,5738,361174,9,379624
35097,0.067793,172.31.36.0-255,66,361240,9,379624
35098,0.070066,74.125.24.0-255,5738,366978,9,379624
35099,0.070074,172.31.36.0-255,66,367044,9,379624
35100,0.072366,74.125.24.0-255,5738,372782,9,379624
35101,0.072374,172.31.36.0-255,66,372848,9,379624
35102,0.074642,74.125.24.0-255,5738,378586,9,379624
35103,0.074649,172.31.36.0-255,66,378652,9,379624
35104,0.076886,74.125.24.0-255,735,379387,9,379624
35105,0.077032,172.31.36.0-255,66,379453,9,379624
35106,0.077073,172.31.36.0-255,105,379558,9,379624
35107,0.079295,74.125.24.0-255,66,379624,9,379624
35108,0.0,172.217.194.0-255,295,295,9,191284
35109,1.6e-05,172.31.36.0-255,66,361,9,191284
35110,2.3e-05,172.217.194.0-255,1484,1845,9,191284
35111,2.7e-05,172.31.36.0-255,66,1911,9,191284
35112,3.4e-05,172.217.194.0-255,4320,6231,9,191284
35113,3.8e-05,172.31.36.0-255,66,6297,9,191284
35114,6.3e-05,172.217.194.0-255,4320,10617,9,191284
35115,6.6e-05,172.31.36.0-255,66,10683,9,191284
35116,8.8e-05,172.217.194.0-255,4749,15432,9,191284
35117,9.1e-05,172.31.36.0-255,66,15498,9,191284
35118,9.4e-05,172.217.194.0-255,1484,16982,9,191284
35119,9.6e-05,172.31.36.0-255,66,17048,9,191284
35120,0.000131,172.31.36.0-255,66,17114,9,191284
35121,0.00015,172.217.194.0-255,1484,18598,9,191284
35122,0.000153,172.31.36.0-255,66,18664,9,191284
35123,0.000157,172.217.194.0-255,1125,19789,9,191284
35124,0.000159,172.31.36.0-255,66,19855,9,191284
35125,0.000162,172.217.194.0-255,1484,21339,9,191284
35126,0.000164,172.31.36.0-255,66,21405,9,191284
35127,0.00017,172.217.194.0-255,4320,25725,9,191284
35128,0.000173,172.31.36.0-255,66,25791,9,191284
35129,0.00018,172.217.194.0-255,5738,31529,9,191284
35130,0.000183,172.31.36.0-255,66,31595,9,191284
35131,0.000204,172.217.194.0-255,4320,35915,9,191284
35132,0.000207,172.31.36.0-255,66,35981,9,191284
35133,0.000218,172.31.36.0-255,66,36047,9,191284
35134,0.000221,172.217.194.0-255,1484,37531,9,191284
35135,0.000223,172.31.36.0-255,66,37597,9,191284
35136,0.000252,172.31.36.0-255,66,37663,9,191284
35137,0.000255,172.217.194.0-255,101,37764,9,191284
35138,0.000323,172.217.194.0-255,1484,39248,9,191284
35139,0.000327,172.31.36.0-255,66,39314,9,191284
35140,0.000332,172.217.194.0-255,2902,42216,9,191284
35141,0.000334,172.31.36.0-255,66,42282,9,191284
35142,0.000347,172.217.194.0-255,1484,43766,9,191284
35143,0.000363,172.217.194.0-255,4320,48086,9,191284
35144,0.000366,172.31.36.0-255,66,48152,9,191284
35145,0.000383,172.217.194.0-255,1484,49636,9,191284
35146,0.000413,172.31.36.0-255,66,49702,9,191284
35147,0.000446,172.31.36.0-255,66,49768,9,191284
35148,0.000481,172.217.194.0-255,2902,52670,9,191284
35149,0.000484,172.31.36.0-255,66,52736,9,191284
35150,0.000512,172.31.36.0-255,66,52802,9,191284
35151,0.000546,172.217.194.0-255,7156,59958,9,191284
35152,0.000548,172.31.36.0-255,66,60024,9,191284
35153,0.000571,172.217.194.0-255,1484,61508,9,191284
35154,0.000586,172.31.36.0-255,66,61574,9,191284
35155,0.000592,172.217.194.0-255,4320,65894,9,191284
35156,0.000595,172.31.36.0-255,66,65960,9,191284
35157,0.000601,172.217.194.0-255,5738,71698,9,191284
35158,0.000604,172.31.36.0-255,66,71764,9,191284
35159,0.000611,172.217.194.0-255,7156,78920,9,191284
35160,0.000614,172.31.36.0-255,66,78986,9,191284
35161,0.000647,172.217.194.0-255,4320,83306,9,191284
35162,0.00065,172.31.36.0-255,66,83372,9,191284
35163,0.000664,172.31.36.0-255,66,83438,9,191284
35164,0.000693,172.31.36.0-255,66,83504,9,191284
35165,0.000737,172.31.36.0-255,66,83570,9,191284
35166,0.000748,172.31.36.0-255,66,83636,9,191284
35167,0.000793,172.217.194.0-255,1484,85120,9,191284
35168,0.000798,172.217.194.0-255,2902,88022,9,191284
35169,0.000801,172.31.36.0-255,66,88088,9,191284
35170,0.000827,172.217.194.0-255,5738,93826,9,191284
35171,0.000831,172.31.36.0-255,66,93892,9,191284
35172,0.000838,172.217.194.0-255,7156,101048,9,191284
35173,0.00084,172.31.36.0-255,66,101114,9,191284
35174,0.000879,172.217.194.0-255,5738,106852,9,191284
35175,0.000882,172.31.36.0-255,66,106918,9,191284
35176,0.000906,172.31.36.0-255,66,106984,9,191284
35177,0.000911,172.217.194.0-255,2184,109168,9,191284
35178,0.000913,172.31.36.0-255,66,109234,9,191284
35179,0.000943,172.217.194.0-255,7156,116390,9,191284
35180,0.000946,172.31.36.0-255,66,116456,9,191284
35181,0.00095,172.217.194.0-255,2902,119358,9,191284
35182,0.000952,172.31.36.0-255,66,119424,9,191284
35183,0.000971,172.217.194.0-255,5738,125162,9,191284
35184,0.000974,172.31.36.0-255,66,125228,9,191284
35185,0.000983,172.217.194.0-255,4320,129548,9,191284
35186,0.000986,172.31.36.0-255,66,129614,9,191284
35187,0.001029,172.31.36.0-255,66,129680,9,191284
35188,0.001032,172.217.194.0-255,766,130446,9,191284
35189,0.001074,172.217.194.0-255,1484,131930,9,191284
35190,0.001077,172.31.36.0-255,66,131996,9,191284
35191,0.001082,172.217.194.0-255,2902,134898,9,191284
35192,0.001084,172.31.36.0-255,66,134964,9,191284
35193,0.001091,172.217.194.0-255,5738,140702,9,191284
35194,0.001093,172.31.36.0-255,66,140768,9,191284
35195,0.001101,172.217.194.0-255,7156,147924,9,191284
35196,0.001104,172.31.36.0-255,66,147990,9,191284
35197,0.001165,172.31.36.0-255,66,148056,9,191284
35198,0.001169,172.217.194.0-255,2184,150240,9,191284
35199,0.001171,172.31.36.0-255,66,150306,9,191284
35200,0.001224,172.217.194.0-255,2902,153208,9,191284
35201,0.001227,172.31.36.0-255,66,153274,9,191284
35202,0.001234,172.217.194.0-255,7156,160430,9,191284
35203,0.001236,172.31.36.0-255,66,160496,9,191284
35204,0.001266,172.31.36.0-255,66,160562,9,191284
35205,0.001274,172.217.194.0-255,7156,167718,9,191284
35206,0.001276,172.31.36.0-255,66,167784,9,191284
35207,0.001301,172.217.194.0-255,5020,172804,9,191284
35208,0.001303,172.31.36.0-255,66,172870,9,191284
35209,0.001361,172.217.194.0-255,1484,174354,9,191284
35210,0.001367,172.217.194.0-255,2902,177256,9,191284
35211,0.001371,172.31.36.0-255,66,177322,9,191284
35212,0.001374,172.217.194.0-255,1484,178806,9,191284
35213,0.001395,172.217.194.0-255,4320,183126,9,191284
35214,0.001398,172.31.36.0-255,66,183192,9,191284
35215,0.001402,172.217.194.0-255,2902,186094,9,191284
35216,0.001405,172.31.36.0-255,66,186160,9,191284
35217,0.001432,172.31.36.0-255,66,186226,9,191284
35218,0.001444,172.31.36.0-255,66,186292,9,191284
35219,0.001465,172.217.194.0-255,1484,187776,9,191284
35220,0.001503,172.31.36.0-255,66,187842,9,191284
35221,0.001515,172.31.36.0-255,66,187908,9,191284
35222,0.001539,172.217.194.0-255,2902,190810,9,191284
35223,0.001542,172.31.36.0-255,66,190876,9,191284
35224,0.00157,172.31.36.0-255,66,190942,9,191284
35225,0.001573,172.217.194.0-255,105,191047,9,191284
35226,0.010509,172.31.36.0-255,66,191113,9,191284
35227,0.010553,172.31.36.0-255,105,191218,9,191284
35228,0.012615,172.217.194.0-255,66,191284,9,191284
35229,0.0,172.217.194.0-255,153,153,9,329336
35230,2.2e-05,172.31.36.0-255,66,219,9,329336
35231,2.8e-05,172.217.194.0-255,1484,1703,9,329336
35232,3.3e-05,172.31.36.0-255,66,1769,9,329336
35233,3.8e-05,172.217.194.0-255,2902,4671,9,329336
35234,4.9e-05,172.31.36.0-255,66,4737,9,329336
35235,5.6e-05,172.217.194.0-255,7156,11893,9,329336
35236,5.9e-05,172.31.36.0-255,66,11959,9,329336
35237,6.4e-05,172.217.194.0-255,4320,16279,9,329336
35238,6.8e-05,172.31.36.0-255,66,16345,9,329336
35239,9.9e-05,172.217.194.0-255,3487,19832,9,329336
35240,0.000102,172.31.36.0-255,66,19898,9,329336
35241,0.000115,172.31.36.0-255,66,19964,9,329336
35242,0.000119,172.217.194.0-255,2543,22507,9,329336
35243,0.000121,172.31.36.0-255,66,22573,9,329336
35244,0.000197,172.217.194.0-255,1484,24057,9,329336
35245,0.0002,172.31.36.0-255,66,24123,9,329336
35246,0.000205,172.217.194.0-255,2902,27025,9,329336
35247,0.000207,172.31.36.0-255,66,27091,9,329336
35248,0.000226,172.217.194.0-255,5738,32829,9,329336
35249,0.000229,172.31.36.0-255,66,32895,9,329336
35250,0.000239,172.217.194.0-255,5738,38633,9,329336
35251,0.000241,172.31.36.0-255,66,38699,9,329336
35252,0.000268,172.217.194.0-255,1125,39824,9,329336
35253,0.00027,172.31.36.0-255,66,39890,9,329336
35254,0.000296,172.217.194.0-255,1484,41374,9,329336
35255,0.000298,172.31.36.0-255,66,41440,9,329336
35256,0.000303,172.217.194.0-255,4320,45760,9,329336
35257,0.000305,172.31.36.0-255,66,45826,9,329336
35258,0.000341,172.31.36.0-255,66,45892,9,329336
35259,0.000381,172.217.194.0-255,1706,47598,9,329336
35260,0.000455,172.217.194.0-255,1484,49082,9,329336
35261,0.000469,172.217.194.0-255,2902,51984,9,329336
35262,0.000486,172.217.194.0-255,5738,57722,9,329336
35263,0.000531,172.217.194.0-255,4320,62042,9,329336
35264,0.000546,172.217.194.0-255,2543,64585,9,329336
35265,0.000582,172.217.194.0-255,2902,67487,9,329336
35266,0.000591,172.217.194.0-255,1484,68971,9,329336
35267,0.000616,172.217.194.0-255,5738,74709,9,329336
35268,0.000619,172.31.36.0-255,66,74775,9,329336
35269,0.000624,172.31.36.0-255,66,74841,9,329336
35270,0.000651,172.217.194.0-255,6797,81638,9,329336
35271,0.00068,172.31.36.0-255,66,81704,9,329336
35272,0.001115,172.217.194.0-255,1484,83188,9,329336
35273,0.001129,172.217.194.0-255,2902,86090,9,329336
35274,0.001134,172.31.36.0-255,66,86156,9,329336
35275,0.001165,172.217.194.0-255,5738,91894,9,329336
35276,0.001188,172.31.36.0-255,66,91960,9,329336
35277,0.001205,172.217.194.0-255,766,92726,9,329336
35278,0.00139,172.217.194.0-255,1484,94210,9,329336
35279,0.001394,172.31.36.0-255,66,94276,9,329336
35280,0.001399,172.217.194.0-255,2902,97178,9,329336
35281,0.001422,172.217.194.0-255,5738,102916,9,329336
35282,0.001438,172.217.194.0-255,4320,107236,9,329336
35283,0.001441,172.31.36.0-255,66,107302,9,329336
35284,0.001445,172.31.36.0-255,66,107368,9,329336
35285,0.00149,172.217.194.0-255,2184,109552,9,329336
35286,0.001507,172.31.36.0-255,66,109618,9,329336
35287,0.001879,172.217.194.0-255,1484,111102,9,329336
35288,0.001885,172.217.194.0-255,2902,114004,9,329336
35289,0.001888,172.31.36.0-255,66,114070,9,329336
35290,0.001922,172.217.194.0-255,1484,115554,9,329336
35291,0.001949,172.217.194.0-255,4320,119874,9,329336
35292,0.001953,172.217.194.0-255,4320,124194,9,329336
35293,0.001966,172.217.194.0-255,4320,128514,9,329336
35294,0.001976,172.31.36.0-255,66,128580,9,329336
35295,0.001985,172.217.194.0-255,3602,132182,9,329336
35296,0.00199,172.31.36.0-255,66,132248,9,329336
35297,0.002017,172.217.194.0-255,1484,133732,9,329336
35298,0.002036,172.217.194.0-255,1484,135216,9,329336
35299,0.002045,172.31.36.0-255,66,135282,9,329336
35300,0.002052,172.217.194.0-255,1484,136766,9,329336
35301,0.002078,172.217.194.0-255,5738,142504,9,329336
35302,0.002126,172.217.194.0-255,5738,148242,9,329336
35303,0.002129,172.31.36.0-255,66,148308,9,329336
35304,0.002135,172.31.36.0-255,66,148374,9,329336
35305,0.00218,172.31.36.0-255,66,148440,9,329336
35306,0.002227,172.217.194.0-255,1484,149924,9,329336
35307,0.002231,172.217.194.0-255,1484,151408,9,329336
35308,0.002235,172.31.36.0-255,66,151474,9,329336
35309,0.002264,172.217.194.0-255,1484,152958,9,329336
35310,0.00227,172.217.194.0-255,5738,158696,9,329336
35311,0.002276,172.217.194.0-255,5738,164434,9,329336
35312,0.002292,172.217.194.0-255,4320,168754,9,329336
35313,0.002309,172.31.36.0-255,66,168820,9,329336
35314,0.002337,172.217.194.0-255,5020,173840,9,329336
35315,0.002349,172.31.36.0-255,66,173906,9,329336
35316,0.004676,172.217.194.0-255,5738,179644,9,329336
35317,0.004686,172.31.36.0-255,66,179710,9,329336
35318,0.006983,172.217.194.0-255,5738,185448,9,329336
35319,0.009226,172.31.36.0-255,66,185514,9,329336
35320,0.011732,172.217.194.0-255,5738,191252,9,329336
35321,0.01316,172.31.36.0-255,66,191318,9,329336
35322,0.015468,172.217.194.0-255,5738,197056,9,329336
35323,0.015481,172.31.36.0-255,66,197122,9,329336
35324,0.017779,172.217.194.0-255,5738,202860,9,329336
35325,0.017787,172.31.36.0-255,66,202926,9,329336
35326,0.020112,172.217.194.0-255,5738,208664,9,329336
35327,0.02012,172.31.36.0-255,66,208730,9,329336
35328,0.022437,172.217.194.0-255,5738,214468,9,329336
35329,0.022449,172.31.36.0-255,66,214534,9,329336
35330,0.024777,172.217.194.0-255,5738,220272,9,329336
35331,0.024786,172.31.36.0-255,66,220338,9,329336
35332,0.027102,172.217.194.0-255,5738,226076,9,329336
35333,0.02711,172.31.36.0-255,66,226142,9,329336
35334,0.029432,172.217.194.0-255,5738,231880,9,329336
35335,0.02944,172.31.36.0-255,66,231946,9,329336
35336,0.03177,172.217.194.0-255,5738,237684,9,329336
35337,0.031777,172.31.36.0-255,66,237750,9,329336
35338,0.034113,172.217.194.0-255,5738,243488,9,329336
35339,0.034121,172.31.36.0-255,66,243554,9,329336
35340,0.035093,172.31.36.0-255,172,243726,9,329336
35341,0.035126,172.31.36.0-255,1116,244842,9,329336
35342,0.03517,172.31.36.0-255,560,245402,9,329336
35343,0.036442,172.217.194.0-255,5738,251140,9,329336
35344,0.03645,172.31.36.0-255,66,251206,9,329336
35345,0.036664,104.244.42.0-255,66,251272,9,329336
35346,0.036672,104.244.42.0-255,66,251338,9,329336
35347,0.036789,104.244.42.0-255,66,251404,9,329336
35348,0.03879,172.217.194.0-255,5738,257142,9,329336
35349,0.038802,172.31.36.0-255,66,257208,9,329336
35350,0.041139,172.217.194.0-255,4320,261528,9,329336
35351,0.041144,172.31.36.0-255,66,261594,9,329336
35352,0.041174,172.217.194.0-255,1484,263078,9,329336
35353,0.043454,172.217.194.0-255,4320,267398,9,329336
35354,0.04346,172.31.36.0-255,66,267464,9,329336
35355,0.045757,172.217.194.0-255,2902,270366,9,329336
35356,0.045763,172.31.36.0-255,66,270432,9,329336
35357,0.045798,172.217.194.0-255,2902,273334,9,329336
35358,0.045815,172.31.36.0-255,66,273400,9,329336
35359,0.048059,172.217.194.0-255,2902,276302,9,329336
35360,0.048064,172.31.36.0-255,66,276368,9,329336
35361,0.0481,172.217.194.0-255,2902,279270,9,329336
35362,0.04811,172.31.36.0-255,66,279336,9,329336
35363,0.050354,172.217.194.0-255,2902,282238,9,329336
35364,0.050359,172.31.36.0-255,66,282304,9,329336
35365,0.050396,172.217.194.0-255,2902,285206,9,329336
35366,0.050402,172.31.36.0-255,66,285272,9,329336
35367,0.052678,172.217.194.0-255,2902,288174,9,329336
35368,0.052685,172.31.36.0-255,66,288240,9,329336
35369,0.052721,172.217.194.0-255,2902,291142,9,329336
35370,0.052737,172.31.36.0-255,66,291208,9,329336
35371,0.054977,172.217.194.0-255,2902,294110,9,329336
35372,0.054986,172.31.36.0-255,66,294176,9,329336
35373,0.055044,172.217.194.0-255,2902,297078,9,329336
35374,0.055332,172.31.36.0-255,66,297144,9,329336
35375,0.057281,172.217.194.0-255,2902,300046,9,329336
35376,0.057286,172.31.36.0-255,66,300112,9,329336
35377,0.05764,172.217.194.0-255,2902,303014,9,329336
35378,0.057645,172.31.36.0-255,66,303080,9,329336
35379,0.059592,172.217.194.0-255,2902,305982,9,329336
35380,0.059597,172.31.36.0-255,66,306048,9,329336
35381,0.059941,172.217.194.0-255,2902,308950,9,329336
35382,0.059947,172.31.36.0-255,66,309016,9,329336
35383,0.061882,172.217.194.0-255,1484,310500,9,329336
35384,0.062242,172.217.194.0-255,4320,314820,9,329336
35385,0.062299,172.31.36.0-255,66,314886,9,329336
35386,0.064608,172.217.194.0-255,5738,320624,9,329336
35387,0.064668,172.31.36.0-255,66,320690,9,329336
35388,0.066985,172.217.194.0-255,5738,326428,9,329336
35389,0.066991,172.31.36.0-255,66,326494,9,329336
35390,0.069306,172.217.194.0-255,2605,329099,9,329336
35391,0.069313,172.31.36.0-255,66,329165,9,329336
35392,0.07038,172.31.36.0-255,105,329270,9,329336
35393,0.072654,172.217.194.0-255,66,329336,9,329336
35394,0.0,172.217.194.0-255,149,149,9,388794
35395,1.2e-05,172.31.36.0-255,66,215,9,388794
35396,2.7e-05,172.217.194.0-255,1484,1699,9,388794
35397,3.1e-05,172.31.36.0-255,66,1765,9,388794
35398,5.2e-05,172.217.194.0-255,1484,3249,9,388794
35399,5.4e-05,172.31.36.0-255,66,3315,9,388794
35400,7.4e-05,172.217.194.0-255,1484,4799,9,388794
35401,7.7e-05,172.31.36.0-255,66,4865,9,388794
35402,8.6e-05,172.217.194.0-255,7156,12021,9,388794
35403,8.8e-05,172.31.36.0-255,66,12087,9,388794
35404,9.2e-05,172.217.194.0-255,2038,14125,9,388794
35405,9.4e-05,172.31.36.0-255,66,14191,9,388794
35406,0.000115,172.217.194.0-255,1484,15675,9,388794
35407,0.000117,172.31.36.0-255,66,15741,9,388794
35408,0.000122,172.217.194.0-255,2902,18643,9,388794
35409,0.000124,172.31.36.0-255,66,18709,9,388794
35410,0.000131,172.217.194.0-255,5738,24447,9,388794
35411,0.000133,172.31.36.0-255,66,24513,9,388794
35412,0.000162,172.217.194.0-255,4320,28833,9,388794
35413,0.000164,172.31.36.0-255,66,28899,9,388794
35414,0.000179,172.217.194.0-255,2543,31442,9,388794
35415,0.000182,172.31.36.0-255,66,31508,9,388794
35416,0.000192,172.217.194.0-255,7156,38664,9,388794
35417,0.000194,172.31.36.0-255,66,38730,9,388794
35418,0.000218,172.31.36.0-255,66,38796,9,388794
35419,0.000257,172.217.194.0-255,2902,41698,9,388794
35420,0.00026,172.31.36.0-255,66,41764,9,388794
35421,0.000283,172.217.194.0-255,5738,47502,9,388794
35422,0.000285,172.31.36.0-255,66,47568,9,388794
35423,0.000315,172.217.194.0-255,2902,50470,9,388794
35424,0.000318,172.31.36.0-255,66,50536,9,388794
35425,0.000334,172.217.194.0-255,5691,56227,9,388794
35426,0.000336,172.31.36.0-255,66,56293,9,388794
35427,0.000339,172.217.194.0-255,365,56658,9,388794
35428,0.000397,172.217.194.0-255,1484,58142,9,388794
35429,0.0004,172.31.36.0-255,66,58208,9,388794
35430,0.000403,172.217.194.0-255,1484,59692,9,388794
35431,0.000416,172.217.194.0-255,1484,61176,9,388794
35432,0.000418,172.31.36.0-255,66,61242,9,388794
35433,0.000441,172.217.194.0-255,2902,64144,9,388794
35434,0.000443,172.31.36.0-255,66,64210,9,388794
35435,0.000451,172.217.194.0-255,7156,71366,9,388794
35436,0.000453,172.31.36.0-255,66,71432,9,388794
35437,0.000471,172.217.194.0-255,3961,75393,9,388794
35438,0.000473,172.31.36.0-255,66,75459,9,388794
35439,0.000485,172.31.36.0-255,66,75525,9,388794
35440,0.000507,172.217.194.0-255,2902,78427,9,388794
35441,0.000509,172.31.36.0-255,66,78493,9,388794
35442,0.000522,172.217.194.0-255,2543,81036,9,388794
35443,0.000524,172.31.36.0-255,66,81102,9,388794
35444,0.00119,172.217.194.0-255,1484,82586,9,388794
35445,0.001197,172.217.194.0-255,2902,85488,9,388794
35446,0.001201,172.31.36.0-255,66,85554,9,388794
35447,0.001207,172.217.194.0-255,5738,91292,9,388794
35448,0.001209,172.31.36.0-255,66,91358,9,388794
35449,0.00126,172.217.194.0-255,7156,98514,9,388794
35450,0.001263,172.31.36.0-255,66,98580,9,388794
35451,0.001277,172.31.36.0-255,66,98646,9,388794
35452,0.001281,172.217.194.0-255,2184,100830,9,388794
35453,0.001283,172.31.36.0-255,66,100896,9,388794
35454,0.002219,172.217.194.0-255,1484,102380,9,388794
35455,0.00223,172.217.194.0-255,2902,105282,9,388794
35456,0.002235,172.31.36.0-255,66,105348,9,388794
35457,0.002244,172.217.194.0-255,5738,111086,9,388794
35458,0.002246,172.31.36.0-255,66,111152,9,388794
35459,0.002267,172.217.194.0-255,5738,116890,9,388794
35460,0.002269,172.31.36.0-255,66,116956,9,388794
35461,0.002283,172.217.194.0-255,1484,118440,9,388794
35462,0.002311,172.217.194.0-255,4320,122760,9,388794
35463,0.002313,172.31.36.0-255,66,122826,9,388794
35464,0.002337,172.217.194.0-255,7156,129982,9,388794
35465,0.002339,172.31.36.0-255,66,130048,9,388794
35466,0.004579,172.217.194.0-255,5738,135786,9,388794
35467,0.004584,172.31.36.0-255,66,135852,9,388794
35468,0.006813,172.217.194.0-255,5738,141590,9,388794
35469,0.006818,172.31.36.0-255,66,141656,9,388794
35470,0.009062,172.217.194.0-255,5738,147394,9,388794
35471,0.00907,172.31.36.0-255,66,147460,9,388794
35472,0.011347,172.217.194.0-255,5738,153198,9,388794
35473,0.011355,172.31.36.0-255,66,153264,9,388794
35474,0.013633,172.217.194.0-255,5738,159002,9,388794
35475,0.013641,172.31.36.0-255,66,159068,9,388794
35476,0.015895,172.217.194.0-255,5738,164806,9,388794
35477,0.015904,172.31.36.0-255,66,164872,9,388794
35478,0.01817,172.217.194.0-255,5738,170610,9,388794
35479,0.018178,172.31.36.0-255,66,170676,9,388794
35480,0.02044,172.217.194.0-255,5738,176414,9,388794
35481,0.020447,172.31.36.0-255,66,176480,9,388794
35482,0.022697,172.217.194.0-255,5738,182218,9,388794
35483,0.022704,172.31.36.0-255,66,182284,9,388794
35484,0.02496,172.217.194.0-255,5738,188022,9,388794
35485,0.024969,172.31.36.0-255,66,188088,9,388794
35486,0.027207,172.217.194.0-255,5738,193826,9,388794
35487,0.027214,172.31.36.0-255,66,193892,9,388794
35488,0.029451,172.217.194.0-255,5738,199630,9,388794
35489,0.029459,172.31.36.0-255,66,199696,9,388794
35490,0.031709,172.217.194.0-255,5738,205434,9,388794
35491,0.031717,172.31.36.0-255,66,205500,9,388794
35492,0.032916,172.31.36.0-255,172,205672,9,388794
35493,0.032949,172.31.36.0-255,1117,206789,9,388794
35494,0.03301,172.31.36.0-255,1514,208303,9,388794
35495,0.033012,172.31.36.0-255,1514,209817,9,388794
35496,0.033017,172.31.36.0-255,1514,211331,9,388794
35497,0.033018,172.31.36.0-255,1514,212845,9,388794
35498,0.033046,172.31.36.0-255,1499,214344,9,388794
35499,0.033998,172.217.194.0-255,5738,220082,9,388794
35500,0.034005,172.31.36.0-255,66,220148,9,388794
35501,0.034457,104.244.42.0-255,66,220214,9,388794
35502,0.034728,104.244.42.0-255,66,220280,9,388794
35503,0.034734,104.244.42.0-255,66,220346,9,388794
35504,0.034738,104.244.42.0-255,66,220412,9,388794
35505,0.034741,104.244.42.0-255,66,220478,9,388794
35506,0.036274,172.217.194.0-255,5738,226216,9,388794
35507,0.03628,172.31.36.0-255,66,226282,9,388794
35508,0.038531,172.217.194.0-255,5738,232020,9,388794
35509,0.038537,172.31.36.0-255,66,232086,9,388794
35510,0.040785,172.217.194.0-255,5738,237824,9,388794
35511,0.040794,172.31.36.0-255,66,237890,9,388794
35512,0.043052,172.217.194.0-255,5738,243628,9,388794
35513,0.043058,172.31.36.0-255,66,243694,9,388794
35514,0.045296,172.217.194.0-255,5738,249432,9,388794
35515,0.045303,172.31.36.0-255,66,249498,9,388794
35516,0.047558,172.217.194.0-255,5738,255236,9,388794
35517,0.047564,172.31.36.0-255,66,255302,9,388794
35518,0.049826,172.217.194.0-255,5738,261040,9,388794
35519,0.049832,172.31.36.0-255,66,261106,9,388794
35520,0.05211,172.217.194.0-255,5738,266844,9,388794
35521,0.052116,172.31.36.0-255,66,266910,9,388794
35522,0.054404,172.217.194.0-255,5738,272648,9,388794
35523,0.05441,172.31.36.0-255,66,272714,9,388794
35524,0.056657,172.217.194.0-255,5738,278452,9,388794
35525,0.056663,172.31.36.0-255,66,278518,9,388794
35526,0.05892,172.217.194.0-255,5738,284256,9,388794
35527,0.058926,172.31.36.0-255,66,284322,9,388794
35528,0.061197,172.217.194.0-255,5738,290060,9,388794
35529,0.061204,172.31.36.0-255,66,290126,9,388794
35530,0.063456,172.217.194.0-255,5738,295864,9,388794
35531,0.063462,172.31.36.0-255,66,295930,9,388794
35532,0.065718,172.217.194.0-255,5738,301668,9,388794
35533,0.065724,172.31.36.0-255,66,301734,9,388794
35534,0.068,172.217.194.0-255,5738,307472,9,388794
35535,0.068007,172.31.36.0-255,66,307538,9,388794
35536,0.070242,172.217.194.0-255,5738,313276,9,388794
35537,0.070249,172.31.36.0-255,66,313342,9,388794
35538,0.072483,172.217.194.0-255,5738,319080,9,388794
35539,0.07249,172.31.36.0-255,66,319146,9,388794
35540,0.074757,172.217.194.0-255,5738,324884,9,388794
35541,0.074764,172.31.36.0-255,66,324950,9,388794
35542,0.077007,172.217.194.0-255,5738,330688,9,388794
35543,0.077013,172.31.36.0-255,66,330754,9,388794
35544,0.07927,172.217.194.0-255,5738,336492,9,388794
35545,0.079277,172.31.36.0-255,66,336558,9,388794
35546,0.081538,172.217.194.0-255,5738,342296,9,388794
35547,0.081544,172.31.36.0-255,66,342362,9,388794
35548,0.083806,172.217.194.0-255,5738,348100,9,388794
35549,0.083812,172.31.36.0-255,66,348166,9,388794
35550,0.086051,172.217.194.0-255,5738,353904,9,388794
35551,0.086059,172.31.36.0-255,66,353970,9,388794
35552,0.088317,172.217.194.0-255,5738,359708,9,388794
35553,0.088323,172.31.36.0-255,66,359774,9,388794
35554,0.090571,172.217.194.0-255,5738,365512,9,388794
35555,0.090577,172.31.36.0-255,66,365578,9,388794
35556,0.092841,172.217.194.0-255,5738,371316,9,388794
35557,0.092847,172.31.36.0-255,66,371382,9,388794
35558,0.095111,172.217.194.0-255,5738,377120,9,388794
35559,0.095117,172.31.36.0-255,66,377186,9,388794
35560,0.097363,172.217.194.0-255,5738,382924,9,388794
35561,0.09737,172.31.36.0-255,66,382990,9,388794
35562,0.099629,172.217.194.0-255,5738,388728,9,388794
35563,0.099635,172.31.36.0-255,66,388794,9,388794
35564,0.0,74.125.130.0-255,296,296,9,358264
35565,2.8e-05,172.31.36.0-255,66,362,9,358264
35566,3.5e-05,74.125.130.0-255,1484,1846,9,358264
35567,4e-05,172.31.36.0-255,66,1912,9,358264
35568,4.5e-05,74.125.130.0-255,2902,4814,9,358264
35569,4.7e-05,172.31.36.0-255,66,4880,9,358264
35570,5.3e-05,74.125.130.0-255,5738,10618,9,358264
35571,5.5e-05,172.31.36.0-255,66,10684,9,358264
35572,6.3e-05,74.125.130.0-255,5738,16422,9,358264
35573,6.5e-05,172.31.36.0-255,66,16488,9,358264
35574,9.6e-05,172.31.36.0-255,66,16554,9,358264
35575,0.000104,74.125.130.0-255,6797,23351,9,358264
35576,0.000106,172.31.36.0-255,66,23417,9,358264
35577,0.000559,74.125.130.0-255,1484,24901,9,358264
35578,0.000564,172.31.36.0-255,66,24967,9,358264
35579,0.000572,74.125.130.0-255,2902,27869,9,358264
35580,0.000574,172.31.36.0-255,66,27935,9,358264
35581,0.000578,74.125.130.0-255,2902,30837,9,358264
35582,0.00058,172.31.36.0-255,66,30903,9,358264
35583,0.000584,74.125.130.0-255,4320,35223,9,358264
35584,0.000587,172.31.36.0-255,66,35289,9,358264
35585,0.00061,74.125.130.0-255,4320,39609,9,358264
35586,0.000613,172.31.36.0-255,66,39675,9,358264
35587,0.000643,74.125.130.0-255,5379,45054,9,358264
35588,0.000646,172.31.36.0-255,66,45120,9,358264
35589,0.000656,172.31.36.0-255,66,45186,9,358264
35590,0.000691,74.125.130.0-255,1484,46670,9,358264
35591,0.000695,172.31.36.0-255,66,46736,9,358264
35592,0.000713,74.125.130.0-255,1379,48115,9,358264
35593,0.000717,172.31.36.0-255,66,48181,9,358264
35594,0.00072,74.125.130.0-255,117,48298,9,358264
35595,0.000724,74.125.130.0-255,381,48679,9,358264
35596,0.000903,74.125.130.0-255,1484,50163,9,358264
35597,0.000911,172.31.36.0-255,66,50229,9,358264
35598,0.000916,74.125.130.0-255,2902,53131,9,358264
35599,0.000919,172.31.36.0-255,66,53197,9,358264
35600,0.000924,74.125.130.0-255,5738,58935,9,358264
35601,0.000926,172.31.36.0-255,66,59001,9,358264
35602,0.000965,172.31.36.0-255,66,59067,9,358264
35603,0.000981,74.125.130.0-255,1484,60551,9,358264
35604,0.000994,74.125.130.0-255,1484,62035,9,358264
35605,0.000997,172.31.36.0-255,66,62101,9,358264
35606,0.001024,172.31.36.0-255,66,62167,9,358264
35607,0.001426,74.125.130.0-255,1484,63651,9,358264
35608,0.001434,74.125.130.0-255,2902,66553,9,358264
35609,0.001439,172.31.36.0-255,66,66619,9,358264
35610,0.001445,74.125.130.0-255,4320,70939,9,358264
35611,0.001447,172.31.36.0-255,66,71005,9,358264
35612,0.001458,74.125.130.0-255,1484,72489,9,358264
35613,0.001484,172.31.36.0-255,66,72555,9,358264
35614,0.001506,74.125.130.0-255,4320,76875,9,358264
35615,0.001508,172.31.36.0-255,66,76941,9,358264
35616,0.001515,74.125.130.0-255,7156,84097,9,358264
35617,0.001518,172.31.36.0-255,66,84163,9,358264
35618,0.001537,74.125.130.0-255,3602,87765,9,358264
35619,0.001539,172.31.36.0-255,66,87831,9,358264
35620,0.001571,74.125.130.0-255,1484,89315,9,358264
35621,0.001589,74.125.130.0-255,2902,92217,9,358264
35622,0.001591,172.31.36.0-255,66,92283,9,358264
35623,0.001595,74.125.130.0-255,2902,95185,9,358264
35624,0.001597,172.31.36.0-255,66,95251,9,358264
35625,0.001616,74.125.130.0-255,2902,98153,9,358264
35626,0.001619,172.31.36.0-255,66,98219,9,358264
35627,0.001631,74.125.130.0-255,1484,99703,9,358264
35628,0.001635,74.125.130.0-255,2902,102605,9,358264
35629,0.001637,172.31.36.0-255,66,102671,9,358264
35630,0.00164,74.125.130.0-255,1484,104155,9,358264
35631,0.00166,74.125.130.0-255,2902,107057,9,358264
35632,0.001662,172.31.36.0-255,66,107123,9,358264
35633,0.001671,172.31.36.0-255,66,107189,9,358264
35634,0.001723,74.125.130.0-255,6438,113627,9,358264
35635,0.001726,172.31.36.0-255,66,113693,9,358264
35636,0.001775,74.125.130.0-255,1484,115177,9,358264
35637,0.001792,74.125.130.0-255,2902,118079,9,358264
35638,0.001794,172.31.36.0-255,66,118145,9,358264
35639,0.001797,74.125.130.0-255,1484,119629,9,358264
35640,0.001815,74.125.130.0-255,4320,123949,9,358264
35641,0.001817,172.31.36.0-255,66,124015,9,358264
35642,0.001832,74.125.130.0-255,1484,125499,9,358264
35643,0.001856,74.125.130.0-255,5738,131237,9,358264
35644,0.001858,172.31.36.0-255,66,131303,9,358264
35645,0.00188,74.125.130.0-255,4320,135623,9,358264
35646,0.001882,172.31.36.0-255,66,135689,9,358264
35647,0.001887,74.125.130.0-255,4320,140009,9,358264
35648,0.001889,172.31.36.0-255,66,140075,9,358264
35649,0.001911,172.31.36.0-255,66,140141,9,358264
35650,0.002015,74.125.130.0-255,1484,141625,9,358264
35651,0.002018,74.125.130.0-255,1484,143109,9,358264
35652,0.002021,172.31.36.0-255,66,143175,9,358264
35653,0.002036,74.125.130.0-255,1484,144659,9,358264
35654,0.002039,74.125.130.0-255,1484,146143,9,358264
35655,0.002041,172.31.36.0-255,66,146209,9,358264
35656,0.002045,74.125.130.0-255,2902,149111,9,358264
35657,0.002047,172.31.36.0-255,66,149177,9,358264
35658,0.002049,74.125.130.0-255,1484,150661,9,358264
35659,0.002069,74.125.130.0-255,4320,154981,9,358264
35660,0.002071,172.31.36.0-255,66,155047,9,358264
35661,0.002076,74.125.130.0-255,2902,157949,9,358264
35662,0.002078,172.31.36.0-255,66,158015,9,358264
35663,0.002107,172.31.36.0-255,66,158081,9,358264
35664,0.002113,74.125.130.0-255,6438,164519,9,358264
35665,0.002115,172.31.36.0-255,66,164585,9,358264
35666,0.004311,74.125.130.0-255,1484,166069,9,358264
35667,0.004332,74.125.130.0-255,4320,170389,9,358264
35668,0.004335,172.31.36.0-255,66,170455,9,358264
35669,0.006544,74.125.130.0-255,5738,176193,9,358264
35670,0.006551,172.31.36.0-255,66,176259,9,358264
35671,0.008772,74.125.130.0-255,5738,181997,9,358264
35672,0.008778,172.31.36.0-255,66,182063,9,358264
35673,0.011174,74.125.130.0-255,5738,187801,9,358264
35674,0.011228,172.31.36.0-255,66,187867,9,358264
35675,0.01346,74.125.130.0-255,5738,193605,9,358264
35676,0.013467,172.31.36.0-255,66,193671,9,358264
35677,0.015673,74.125.130.0-255,5738,199409,9,358264
35678,0.01568,172.31.36.0-255,66,199475,9,358264
35679,0.0179,74.125.130.0-255,5738,205213,9,358264
35680,0.017908,172.31.36.0-255,66,205279,9,358264
35681,0.020109,74.125.130.0-255,5738,211017,9,358264
35682,0.020117,172.31.36.0-255,66,211083,9,358264
35683,0.022347,74.125.130.0-255,5738,216821,9,358264
35684,0.022354,172.31.36.0-255,66,216887,9,358264
35685,0.02457,74.125.130.0-255,5738,222625,9,358264
35686,0.024577,172.31.36.0-255,66,222691,9,358264
35687,0.02677,74.125.130.0-255,5738,228429,9,358264
35688,0.026778,172.31.36.0-255,66,228495,9,358264
35689,0.028988,74.125.130.0-255,4320,232815,9,358264
35690,0.028996,172.31.36.0-255,66,232881,9,358264
35691,0.029028,74.125.130.0-255,1484,234365,9,358264
35692,0.031212,74.125.130.0-255,4320,238685,9,358264
35693,0.031219,172.31.36.0-255,66,238751,9,358264
35694,0.033426,74.125.130.0-255,5738,244489,9,358264
35695,0.033435,172.31.36.0-255,66,244555,9,358264
35696,0.035636,74.125.130.0-255,5738,250293,9,358264
35697,0.035643,172.31.36.0-255,66,250359,9,358264
35698,0.037848,74.125.130.0-255,5738,256097,9,358264
35699,0.037855,172.31.36.0-255,66,256163,9,358264
35700,0.040088,74.125.130.0-255,5738,261901,9,358264
35701,0.040094,172.31.36.0-255,66,261967,9,358264
35702,0.042296,74.125.130.0-255,5738,267705,9,358264
35703,0.042304,172.31.36.0-255,66,267771,9,358264
35704,0.04451,74.125.130.0-255,5738,273509,9,358264
35705,0.044518,172.31.36.0-255,66,273575,9,358264
35706,0.046756,74.125.130.0-255,5738,279313,9,358264
35707,0.046763,172.31.36.0-255,66,279379,9,358264
35708,0.048968,74.125.130.0-255,5738,285117,9,358264
35709,0.048975,172.31.36.0-255,66,285183,9,358264
35710,0.051171,74.125.130.0-255,5738,290921,9,358264
35711,0.051177,172.31.36.0-255,66,290987,9,358264
35712,0.053368,74.125.130.0-255,4320,295307,9,358264
35713,0.053375,172.31.36.0-255,66,295373,9,358264
35714,0.053404,74.125.130.0-255,1484,296857,9,358264
35715,0.055568,74.125.130.0-255,4320,301177,9,358264
35716,0.055576,172.31.36.0-255,66,301243,9,358264
35717,0.057789,74.125.130.0-255,5738,306981,9,358264
35718,0.057798,172.31.36.0-255,66,307047,9,358264
35719,0.060097,74.125.130.0-255,5738,312785,9,358264
35720,0.060103,172.31.36.0-255,66,312851,9,358264
35721,0.060134,172.31.36.0-255,172,313023,9,358264
35722,0.060157,172.31.36.0-255,1117,314140,9,358264
35723,0.060279,172.31.36.0-255,1514,315654,9,358264
35724,0.060281,172.31.36.0-255,1514,317168,9,358264
35725,0.060282,172.31.36.0-255,1514,318682,9,358264
35726,0.060283,172.31.36.0-255,105,318787,9,358264
35727,0.061844,104.244.42.0-255,66,318853,9,358264
35728,0.061853,104.244.42.0-255,66,318919,9,358264
35729,0.061873,104.244.42.0-255,66,318985,9,358264
35730,0.061878,104.244.42.0-255,66,319051,9,358264
35731,0.062301,74.125.130.0-255,5738,324789,9,358264
35732,0.062308,172.31.36.0-255,66,324855,9,358264
35733,0.062807,104.244.42.0-255,108,324963,9,358264
35734,0.062831,172.31.36.0-255,66,325029,9,358264
35735,0.064501,74.125.130.0-255,5738,330767,9,358264
35736,0.064507,172.31.36.0-255,66,330833,9,358264
35737,0.066699,74.125.130.0-255,5738,336571,9,358264
35738,0.066705,172.31.36.0-255,66,336637,9,358264
35739,0.068891,74.125.130.0-255,5738,342375,9,358264
35740,0.068896,172.31.36.0-255,66,342441,9,358264
35741,0.071106,74.125.130.0-255,4320,346761,9,358264
35742,0.071111,172.31.36.0-255,66,346827,9,358264
35743,0.071144,74.125.130.0-255,1484,348311,9,358264
35744,0.073304,74.125.130.0-255,4320,352631,9,358264
35745,0.07331,172.31.36.0-255,66,352697,9,358264
35746,0.075505,74.125.130.0-255,5330,358027,9,358264
35747,0.075511,172.31.36.0-255,66,358093,9,358264
35748,0.075724,172.31.36.0-255,105,358198,9,358264
35749,0.07789,74.125.130.0-255,66,358264,9,358264
35750,0.0,172.217.194.0-255,152,152,9,228149
35751,3.4e-05,172.31.36.0-255,66,218,9,228149
35752,4.2e-05,172.217.194.0-255,1484,1702,9,228149
35753,4.6e-05,172.31.36.0-255,66,1768,9,228149
35754,5.1e-05,172.217.194.0-255,2902,4670,9,228149
35755,5.4e-05,172.31.36.0-255,66,4736,9,228149
35756,6e-05,172.217.194.0-255,5738,10474,9,228149
35757,6.3e-05,172.31.36.0-255,66,10540,9,228149
35758,0.000107,172.31.36.0-255,66,10606,9,228149
35759,0.000114,172.217.194.0-255,6797,17403,9,228149
35760,0.000117,172.31.36.0-255,66,17469,9,228149
35761,0.000266,172.217.194.0-255,1484,18953,9,228149
35762,0.00027,172.31.36.0-255,66,19019,9,228149
35763,0.000275,172.217.194.0-255,1484,20503,9,228149
35764,0.000278,172.31.36.0-255,66,20569,9,228149
35765,0.000291,172.217.194.0-255,1484,22053,9,228149
35766,0.000293,172.31.36.0-255,66,22119,9,228149
35767,0.000296,172.217.194.0-255,1484,23603,9,228149
35768,0.000298,172.31.36.0-255,66,23669,9,228149
35769,0.000314,172.217.194.0-255,4320,27989,9,228149
35770,0.000318,172.31.36.0-255,66,28055,9,228149
35771,0.000341,172.217.194.0-255,2902,30957,9,228149
35772,0.000344,172.31.36.0-255,66,31023,9,228149
35773,0.000365,172.31.36.0-255,66,31089,9,228149
35774,0.000371,172.217.194.0-255,5738,36827,9,228149
35775,0.000374,172.31.36.0-255,66,36893,9,228149
35776,0.000413,172.217.194.0-255,7086,43979,9,228149
35777,0.000417,172.31.36.0-255,66,44045,9,228149
35778,0.00042,172.217.194.0-255,101,44146,9,228149
35779,0.000423,172.31.36.0-255,66,44212,9,228149
35780,0.000541,172.217.194.0-255,1484,45696,9,228149
35781,0.000546,172.217.194.0-255,1484,47180,9,228149
35782,0.000549,172.31.36.0-255,66,47246,9,228149
35783,0.000569,172.217.194.0-255,1484,48730,9,228149
35784,0.000576,172.217.194.0-255,5738,54468,9,228149
35785,0.00058,172.31.36.0-255,66,54534,9,228149
35786,0.000607,172.31.36.0-255,66,54600,9,228149
35787,0.000628,172.217.194.0-255,4320,58920,9,228149
35788,0.000631,172.31.36.0-255,66,58986,9,228149
35789,0.000637,172.217.194.0-255,5738,64724,9,228149
35790,0.00064,172.31.36.0-255,66,64790,9,228149
35791,0.000673,172.217.194.0-255,5020,69810,9,228149
35792,0.000677,172.31.36.0-255,66,69876,9,228149
35793,0.000712,172.217.194.0-255,5738,75614,9,228149
35794,0.000715,172.31.36.0-255,66,75680,9,228149
35795,0.00072,172.217.194.0-255,2902,78582,9,228149
35796,0.000722,172.31.36.0-255,66,78648,9,228149
35797,0.000746,172.217.194.0-255,4320,82968,9,228149
35798,0.00075,172.31.36.0-255,66,83034,9,228149
35799,0.000764,172.31.36.0-255,66,83100,9,228149
35800,0.00077,172.217.194.0-255,6438,89538,9,228149
35801,0.000772,172.31.36.0-255,66,89604,9,228149
35802,0.00084,172.217.194.0-255,1484,91088,9,228149
35803,0.000845,172.217.194.0-255,2902,93990,9,228149
35804,0.000848,172.31.36.0-255,66,94056,9,228149
35805,0.000854,172.217.194.0-255,5738,99794,9,228149
35806,0.000857,172.31.36.0-255,66,99860,9,228149
35807,0.000863,172.217.194.0-255,5738,105598,9,228149
35808,0.000865,172.31.36.0-255,66,105664,9,228149
35809,0.000881,172.217.194.0-255,2902,108566,9,228149
35810,0.000885,172.31.36.0-255,66,108632,9,228149
35811,0.000922,172.31.36.0-255,66,108698,9,228149
35812,0.000928,172.217.194.0-255,5020,113718,9,228149
35813,0.00093,172.31.36.0-255,66,113784,9,228149
35814,0.000967,172.217.194.0-255,1484,115268,9,228149
35815,0.000972,172.217.194.0-255,2902,118170,9,228149
35816,0.000975,172.31.36.0-255,66,118236,9,228149
35817,0.000978,172.217.194.0-255,1484,119720,9,228149
35818,0.000998,172.217.194.0-255,4320,124040,9,228149
35819,0.001001,172.31.36.0-255,66,124106,9,228149
35820,0.001047,172.31.36.0-255,66,124172,9,228149
35821,0.001067,172.217.194.0-255,4320,128492,9,228149
35822,0.00107,172.31.36.0-255,66,128558,9,228149
35823,0.001077,172.217.194.0-255,7156,135714,9,228149
35824,0.001079,172.31.36.0-255,66,135780,9,228149
35825,0.001099,172.31.36.0-255,66,135846,9,228149
35826,0.001104,172.217.194.0-255,4320,140166,9,228149
35827,0.001107,172.31.36.0-255,66,140232,9,228149
35828,0.001128,172.217.194.0-255,7156,147388,9,228149
35829,0.001132,172.31.36.0-255,66,147454,9,228149
35830,0.001138,172.217.194.0-255,3602,151056,9,228149
35831,0.00114,172.31.36.0-255,66,151122,9,228149
35832,0.001164,172.217.194.0-255,4320,155442,9,228149
35833,0.001167,172.31.36.0-255,66,155508,9,228149
35834,0.00117,172.217.194.0-255,1484,156992,9,228149
35835,0.001189,172.217.194.0-255,7156,164148,9,228149
35836,0.001192,172.31.36.0-255,66,164214,9,228149
35837,0.001236,172.31.36.0-255,66,164280,9,228149
35838,0.001243,172.217.194.0-255,7156,171436,9,228149
35839,0.001246,172.31.36.0-255,66,171502,9,228149
35840,0.001263,172.217.194.0-255,3318,174820,9,228149
35841,0.001269,172.31.36.0-255,66,174886,9,228149
35842,0.001276,172.31.36.0-255,66,174952,9,228149
35843,0.001309,172.31.36.0-255,66,175018,9,228149
35844,0.001327,172.217.194.0-255,6438,181456,9,228149
35845,0.001334,172.31.36.0-255,66,181522,9,228149
35846,0.001379,172.217.194.0-255,1484,183006,9,228149
35847,0.001401,172.217.194.0-255,2902,185908,9,228149
35848,0.001405,172.31.36.0-255,66,185974,9,228149
35849,0.001409,172.217.194.0-255,1484,187458,9,228149
35850,0.001433,172.217.194.0-255,4320,191778,9,228149
35851,0.001437,172.31.36.0-255,66,191844,9,228149
35852,0.001455,172.31.36.0-255,66,191910,9,228149
35853,0.001493,172.31.36.0-255,66,191976,9,228149
35854,0.001504,172.217.194.0-255,5020,196996,9,228149
35855,0.001509,172.31.36.0-255,66,197062,9,228149
35856,0.001629,172.217.194.0-255,1484,198546,9,228149
35857,0.001635,172.217.194.0-255,2902,201448,9,228149
35858,0.001638,172.31.36.0-255,66,201514,9,228149
35859,0.001661,172.217.194.0-255,5738,207252,9,228149
35860,0.001675,172.31.36.0-255,66,207318,9,228149
35861,0.00168,172.217.194.0-255,4320,211638,9,228149
35862,0.001689,172.31.36.0-255,66,211704,9,228149
35863,0.001709,172.31.36.0-255,66,211770,9,228149
35864,0.00171,172.217.194.0-255,7156,218926,9,228149
35865,0.001713,172.31.36.0-255,66,218992,9,228149
35866,0.001778,172.217.194.0-255,4320,223312,9,228149
35867,0.001782,172.31.36.0-255,66,223378,9,228149
35868,0.001827,172.31.36.0-255,66,223444,9,228149
35869,0.001847,172.217.194.0-255,105,223549,9,228149
35870,0.001851,172.31.36.0-255,66,223615,9,228149
35871,0.003715,172.31.36.0-255,105,223720,9,228149
35872,0.006368,172.217.194.0-255,66,223786,9,228149
35873,0.046695,172.31.36.0-255,176,223962,9,228149
35874,0.046728,172.31.36.0-255,1116,225078,9,228149
35875,0.046797,172.31.36.0-255,1514,226592,9,228149
35876,0.046798,172.31.36.0-255,1359,227951,9,228149
35877,0.04826,104.244.42.0-255,66,228017,9,228149
35878,0.048298,104.244.42.0-255,66,228083,9,228149
35879,0.048347,104.244.42.0-255,66,228149,9,228149
35880,0.0,74.125.68.0-255,152,152,9,263264
35881,3.5e-05,172.31.36.0-255,66,218,9,263264
35882,4.2e-05,74.125.68.0-255,1484,1702,9,263264
35883,4.6e-05,172.31.36.0-255,66,1768,9,263264
35884,5.1e-05,74.125.68.0-255,2902,4670,9,263264
35885,5.4e-05,172.31.36.0-255,66,4736,9,263264
35886,7.2e-05,74.125.68.0-255,5738,10474,9,263264
35887,7.5e-05,172.31.36.0-255,66,10540,9,263264
35888,0.000103,74.125.68.0-255,3445,13985,9,263264
35889,0.000105,172.31.36.0-255,66,14051,9,263264
35890,0.000141,74.125.68.0-255,1484,15535,9,263264
35891,0.000145,172.31.36.0-255,66,15601,9,263264
35892,0.00016,74.125.68.0-255,2902,18503,9,263264
35893,0.000162,172.31.36.0-255,66,18569,9,263264
35894,0.00019,74.125.68.0-255,5738,24307,9,263264
35895,0.000193,172.31.36.0-255,66,24373,9,263264
35896,0.000206,74.125.68.0-255,2902,27275,9,263264
35897,0.000209,172.31.36.0-255,66,27341,9,263264
35898,0.000224,74.125.68.0-255,1484,28825,9,263264
35899,0.000227,172.31.36.0-255,66,28891,9,263264
35900,0.00025,74.125.68.0-255,2543,31434,9,263264
35901,0.000253,172.31.36.0-255,66,31500,9,263264
35902,0.000457,74.125.68.0-255,1484,32984,9,263264
35903,0.000461,172.31.36.0-255,66,33050,9,263264
35904,0.000478,74.125.68.0-255,2902,35952,9,263264
35905,0.000481,172.31.36.0-255,66,36018,9,263264
35906,0.000484,74.125.68.0-255,1484,37502,9,263264
35907,0.000486,172.31.36.0-255,66,37568,9,263264
35908,0.000491,74.125.68.0-255,2902,40470,9,263264
35909,0.000494,172.31.36.0-255,66,40536,9,263264
35910,0.000525,74.125.68.0-255,5738,46274,9,263264
35911,0.000529,172.31.36.0-255,66,46340,9,263264
35912,0.000562,74.125.68.0-255,4320,50660,9,263264
35913,0.000565,172.31.36.0-255,66,50726,9,263264
35914,0.000584,74.125.68.0-255,2543,53269,9,263264
35915,0.000587,172.31.36.0-255,66,53335,9,263264
35916,0.000602,74.125.68.0-255,1484,54819,9,263264
35917,0.000617,74.125.68.0-255,5738,60557,9,263264
35918,0.00062,172.31.36.0-255,66,60623,9,263264
35919,0.000665,74.125.68.0-255,5379,66002,9,263264
35920,0.000668,172.31.36.0-255,66,66068,9,263264
35921,0.001379,74.125.68.0-255,647,66715,9,263264
35922,0.001466,74.125.68.0-255,1484,68199,9,263264
35923,0.001471,172.31.36.0-255,66,68265,9,263264
35924,0.00149,74.125.68.0-255,2902,71167,9,263264
35925,0.001492,172.31.36.0-255,66,71233,9,263264
35926,0.001515,74.125.68.0-255,5738,76971,9,263264
35927,0.001518,172.31.36.0-255,66,77037,9,263264
35928,0.001545,74.125.68.0-255,7156,84193,9,263264
35929,0.001548,172.31.36.0-255,66,84259,9,263264
35930,0.001587,74.125.68.0-255,2902,87161,9,263264
35931,0.001589,172.31.36.0-255,66,87227,9,263264
35932,0.00162,172.31.36.0-255,66,87293,9,263264
35933,0.001688,74.125.68.0-255,3602,90895,9,263264
35934,0.001691,172.31.36.0-255,66,90961,9,263264
35935,0.001738,74.125.68.0-255,1484,92445,9,263264
35936,0.001754,74.125.68.0-255,1484,93929,9,263264
35937,0.001756,172.31.36.0-255,66,93995,9,263264
35938,0.001774,74.125.68.0-255,1484,95479,9,263264
35939,0.001779,74.125.68.0-255,4320,99799,9,263264
35940,0.001781,172.31.36.0-255,66,99865,9,263264
35941,0.001786,74.125.68.0-255,4320,104185,9,263264
35942,0.001788,172.31.36.0-255,66,104251,9,263264
35943,0.001808,74.125.68.0-255,4320,108571,9,263264
35944,0.00181,172.31.36.0-255,66,108637,9,263264
35945,0.001854,74.125.68.0-255,2902,111539,9,263264
35946,0.001856,172.31.36.0-255,66,111605,9,263264
35947,0.001875,74.125.68.0-255,4320,115925,9,263264
35948,0.001877,172.31.36.0-255,66,115991,9,263264
35949,0.001914,74.125.68.0-255,4320,120311,9,263264
35950,0.001917,172.31.36.0-255,66,120377,9,263264
35951,0.001929,74.125.68.0-255,4320,124697,9,263264
35952,0.001931,172.31.36.0-255,66,124763,9,263264
35953,0.001959,74.125.68.0-255,766,125529,9,263264
35954,0.002102,74.125.68.0-255,1484,127013,9,263264
35955,0.002104,172.31.36.0-255,66,127079,9,263264
35956,0.002117,74.125.68.0-255,2902,129981,9,263264
35957,0.002119,172.31.36.0-255,66,130047,9,263264
35958,0.002141,74.125.68.0-255,5738,135785,9,263264
35959,0.002144,172.31.36.0-255,66,135851,9,263264
35960,0.002167,74.125.68.0-255,2902,138753,9,263264
35961,0.002169,172.31.36.0-255,66,138819,9,263264
35962,0.002183,74.125.68.0-255,4320,143139,9,263264
35963,0.002185,172.31.36.0-255,66,143205,9,263264
35964,0.002228,74.125.68.0-255,1484,144689,9,263264
35965,0.002255,74.125.68.0-255,7156,151845,9,263264
35966,0.002258,172.31.36.0-255,66,151911,9,263264
35967,0.002293,74.125.68.0-255,4320,156231,9,263264
35968,0.002296,172.31.36.0-255,66,156297,9,263264
35969,0.002313,74.125.68.0-255,3602,159899,9,263264
35970,0.002315,172.31.36.0-255,66,159965,9,263264
35971,0.002357,74.125.68.0-255,2902,162867,9,263264
35972,0.002359,172.31.36.0-255,66,162933,9,263264
35973,0.002397,172.31.36.0-255,66,162999,9,263264
35974,0.00247,74.125.68.0-255,1484,164483,9,263264
35975,0.002495,74.125.68.0-255,7156,171639,9,263264
35976,0.002498,172.31.36.0-255,66,171705,9,263264
35977,0.002529,74.125.68.0-255,1484,173189,9,263264
35978,0.002532,74.125.68.0-255,1484,174673,9,263264
35979,0.002533,172.31.36.0-255,66,174739,9,263264
35980,0.002543,74.125.68.0-255,1484,176223,9,263264
35981,0.002591,74.125.68.0-255,5020,181243,9,263264
35982,0.002593,172.31.36.0-255,66,181309,9,263264
35983,0.002607,172.31.36.0-255,66,181375,9,263264
35984,0.002678,74.125.68.0-255,1484,182859,9,263264
35985,0.002692,74.125.68.0-255,5738,188597,9,263264
35986,0.002694,172.31.36.0-255,66,188663,9,263264
35987,0.002713,172.31.36.0-255,66,188729,9,263264
35988,0.002783,74.125.68.0-255,3602,192331,9,263264
35989,0.002785,172.31.36.0-255,66,192397,9,263264
35990,0.002807,74.125.68.0-255,4320,196717,9,263264
35991,0.002809,172.31.36.0-255,66,196783,9,263264
35992,0.002821,74.125.68.0-255,1484,198267,9,263264
35993,0.002838,74.125.68.0-255,1484,199751,9,263264
35994,0.00284,172.31.36.0-255,66,199817,9,263264
35995,0.002872,74.125.68.0-255,5738,205555,9,263264
35996,0.002876,172.31.36.0-255,66,205621,9,263264
35997,0.002906,172.31.36.0-255,66,205687,9,263264
35998,0.002922,74.125.68.0-255,2902,208589,9,263264
35999,0.002925,172.31.36.0-255,66,208655,9,263264
36000,0.002996,74.125.68.0-255,2184,210839,9,263264
36001,0.003,74.125.68.0-255,1484,212323,9,263264
36002,0.003015,74.125.68.0-255,1484,213807,9,263264
36003,0.00303,74.125.68.0-255,1484,215291,9,263264
36004,0.003037,74.125.68.0-255,5738,221029,9,263264
36005,0.003056,74.125.68.0-255,4320,225349,9,263264
36006,0.003087,74.125.68.0-255,4320,229669,9,263264
36007,0.003128,74.125.68.0-255,1484,231153,9,263264
36008,0.003287,74.125.68.0-255,5738,236891,9,263264
36009,0.003296,172.31.36.0-255,66,236957,9,263264
36010,0.003306,74.125.68.0-255,2902,239859,9,263264
36011,0.003332,172.31.36.0-255,66,239925,9,263264
36012,0.003344,74.125.68.0-255,4320,244245,9,263264
36013,0.003352,172.31.36.0-255,66,244311,9,263264
36014,0.00338,172.31.36.0-255,66,244377,9,263264
36015,0.003416,74.125.68.0-255,1484,245861,9,263264
36016,0.003436,74.125.68.0-255,4320,250181,9,263264
36017,0.003449,172.31.36.0-255,66,250247,9,263264
36018,0.003473,172.31.36.0-255,66,250313,9,263264
36019,0.003483,74.125.68.0-255,1484,251797,9,263264
36020,0.003563,74.125.68.0-255,4320,256117,9,263264
36021,0.003568,172.31.36.0-255,66,256183,9,263264
36022,0.003604,172.31.36.0-255,66,256249,9,263264
36023,0.003693,172.31.36.0-255,66,256315,9,263264
36024,0.003695,74.125.68.0-255,2884,259199,9,263264
36025,0.00371,172.31.36.0-255,66,259265,9,263264
36026,0.003863,172.31.36.0-255,66,259331,9,263264
36027,0.003904,74.125.68.0-255,2050,261381,9,263264
36028,0.00391,172.31.36.0-255,66,261447,9,263264
36029,0.003914,74.125.68.0-255,105,261552,9,263264
36030,0.004028,172.31.36.0-255,101,261653,9,263264
36031,0.005957,172.31.36.0-255,105,261758,9,263264
36032,0.006261,74.125.68.0-255,66,261824,9,263264
36033,0.008161,74.125.68.0-255,66,261890,9,263264
36034,0.050923,172.31.36.0-255,172,262062,9,263264
36035,0.050955,172.31.36.0-255,1070,263132,9,263264
36036,0.052486,104.244.42.0-255,66,263198,9,263264
36037,0.052519,104.244.42.0-255,66,263264,9,263264
36038,0.0,74.125.24.0-255,297,297,9,361844
36039,3.1e-05,172.31.36.0-255,66,363,9,361844
36040,3.8e-05,74.125.24.0-255,1484,1847,9,361844
36041,4.2e-05,172.31.36.0-255,66,1913,9,361844
36042,4.9e-05,74.125.24.0-255,4320,6233,9,361844
36043,5.2e-05,172.31.36.0-255,66,6299,9,361844
36044,6.2e-05,172.31.36.0-255,66,6365,9,361844
36045,0.000102,74.125.24.0-255,2902,9267,9,361844
36046,0.000105,172.31.36.0-255,66,9333,9,361844
36047,0.000111,74.125.24.0-255,2902,12235,9,361844
36048,0.000113,172.31.36.0-255,66,12301,9,361844
36049,0.00013,74.125.24.0-255,1484,13785,9,361844
36050,0.000133,172.31.36.0-255,66,13851,9,361844
36051,0.000144,172.31.36.0-255,66,13917,9,361844
36052,0.000148,74.125.24.0-255,1125,15042,9,361844
36053,0.000149,172.31.36.0-255,66,15108,9,361844
36054,0.000266,74.125.24.0-255,1484,16592,9,361844
36055,0.000271,172.31.36.0-255,66,16658,9,361844
36056,0.000274,74.125.24.0-255,1484,18142,9,361844
36057,0.000277,172.31.36.0-255,66,18208,9,361844
36058,0.000289,74.125.24.0-255,1484,19692,9,361844
36059,0.000291,172.31.36.0-255,66,19758,9,361844
36060,0.000299,74.125.24.0-255,5738,25496,9,361844
36061,0.000301,172.31.36.0-255,66,25562,9,361844
36062,0.000325,74.125.24.0-255,2902,28464,9,361844
36063,0.000331,172.31.36.0-255,66,28530,9,361844
36064,0.000338,74.125.24.0-255,3961,32491,9,361844
36065,0.000341,172.31.36.0-255,66,32557,9,361844
36066,0.000345,74.125.24.0-255,2902,35459,9,361844
36067,0.000347,172.31.36.0-255,66,35525,9,361844
36068,0.000369,74.125.24.0-255,2902,38427,9,361844
36069,0.000372,172.31.36.0-255,66,38493,9,361844
36070,0.000379,74.125.24.0-255,7156,45649,9,361844
36071,0.000389,172.31.36.0-255,66,45715,9,361844
36072,0.000405,74.125.24.0-255,3961,49676,9,361844
36073,0.000418,172.31.36.0-255,66,49742,9,361844
36074,0.000432,74.125.24.0-255,411,50153,9,361844
36075,0.00084,172.31.36.0-255,66,50219,9,361844
36076,0.000882,74.125.24.0-255,333,50552,9,361844
36077,0.000907,172.31.36.0-255,66,50618,9,361844
36078,0.001375,74.125.24.0-255,1484,52102,9,361844
36079,0.001386,74.125.24.0-255,2902,55004,9,361844
36080,0.001391,172.31.36.0-255,66,55070,9,361844
36081,0.001399,74.125.24.0-255,5738,60808,9,361844
36082,0.001402,172.31.36.0-255,66,60874,9,361844
36083,0.001444,172.31.36.0-255,66,60940,9,361844
36084,0.001469,74.125.24.0-255,5738,66678,9,361844
36085,0.001472,172.31.36.0-255,66,66744,9,361844
36086,0.001489,74.125.24.0-255,5020,71764,9,361844
36087,0.001685,74.125.24.0-255,1484,73248,9,361844
36088,0.001691,74.125.24.0-255,1484,74732,9,361844
36089,0.001713,74.125.24.0-255,1484,76216,9,361844
36090,0.001721,74.125.24.0-255,5738,81954,9,361844
36091,0.001726,74.125.24.0-255,5738,87692,9,361844
36092,0.001763,74.125.24.0-255,2902,90594,9,361844
36093,0.00178,74.125.24.0-255,2184,92778,9,361844
36094,0.001845,74.125.24.0-255,1484,94262,9,361844
36095,0.001878,74.125.24.0-255,1484,95746,9,361844
36096,0.0019,74.125.24.0-255,1484,97230,9,361844
36097,0.001907,74.125.24.0-255,5738,102968,9,361844
36098,0.00204,74.125.24.0-255,1484,104452,9,361844
36099,0.002061,74.125.24.0-255,2902,107354,9,361844
36100,0.002067,74.125.24.0-255,2902,110256,9,361844
36101,0.002091,74.125.24.0-255,7156,117412,9,361844
36102,0.00487,172.31.36.0-255,66,117478,9,361844
36103,0.006977,74.125.24.0-255,5738,123216,9,361844
36104,0.006983,172.31.36.0-255,66,123282,9,361844
36105,0.009076,74.125.24.0-255,5738,129020,9,361844
36106,0.009082,172.31.36.0-255,66,129086,9,361844
36107,0.011155,74.125.24.0-255,5738,134824,9,361844
36108,0.011165,172.31.36.0-255,66,134890,9,361844
36109,0.01331,74.125.24.0-255,5738,140628,9,361844
36110,0.013318,172.31.36.0-255,66,140694,9,361844
36111,0.015401,74.125.24.0-255,5738,146432,9,361844
36112,0.015408,172.31.36.0-255,66,146498,9,361844
36113,0.017481,74.125.24.0-255,5738,152236,9,361844
36114,0.017488,172.31.36.0-255,66,152302,9,361844
36115,0.019569,74.125.24.0-255,5738,158040,9,361844
36116,0.019576,172.31.36.0-255,66,158106,9,361844
36117,0.021654,74.125.24.0-255,5738,163844,9,361844
36118,0.021661,172.31.36.0-255,66,163910,9,361844
36119,0.023798,74.125.24.0-255,5738,169648,9,361844
36120,0.023804,172.31.36.0-255,66,169714,9,361844
36121,0.025892,74.125.24.0-255,5738,175452,9,361844
36122,0.025899,172.31.36.0-255,66,175518,9,361844
36123,0.02797,74.125.24.0-255,5738,181256,9,361844
36124,0.027978,172.31.36.0-255,66,181322,9,361844
36125,0.030051,74.125.24.0-255,5738,187060,9,361844
36126,0.030058,172.31.36.0-255,66,187126,9,361844
36127,0.032144,74.125.24.0-255,5738,192864,9,361844
36128,0.032151,172.31.36.0-255,66,192930,9,361844
36129,0.034222,74.125.24.0-255,5738,198668,9,361844
36130,0.034229,172.31.36.0-255,66,198734,9,361844
36131,0.036289,74.125.24.0-255,5738,204472,9,361844
36132,0.036296,172.31.36.0-255,66,204538,9,361844
36133,0.038384,74.125.24.0-255,5738,210276,9,361844
36134,0.038392,172.31.36.0-255,66,210342,9,361844
36135,0.04047,74.125.24.0-255,5738,216080,9,361844
36136,0.040481,172.31.36.0-255,66,216146,9,361844
36137,0.042545,74.125.24.0-255,5738,221884,9,361844
36138,0.042552,172.31.36.0-255,66,221950,9,361844
36139,0.044632,74.125.24.0-255,5738,227688,9,361844
36140,0.04464,172.31.36.0-255,66,227754,9,361844
36141,0.046711,74.125.24.0-255,5738,233492,9,361844
36142,0.046719,172.31.36.0-255,66,233558,9,361844
36143,0.047369,172.31.36.0-255,172,233730,9,361844
36144,0.047413,172.31.36.0-255,1118,234848,9,361844
36145,0.047488,172.31.36.0-255,1514,236362,9,361844
36146,0.04749,172.31.36.0-255,1514,237876,9,361844
36147,0.047491,172.31.36.0-255,1130,239006,9,361844
36148,0.048787,74.125.24.0-255,5738,244744,9,361844
36149,0.048794,172.31.36.0-255,66,244810,9,361844
36150,0.048888,104.244.42.0-255,66,244876,9,361844
36151,0.048985,104.244.42.0-255,66,244942,9,361844
36152,0.049034,104.244.42.0-255,66,245008,9,361844
36153,0.049039,104.244.42.0-255,66,245074,9,361844
36154,0.049633,104.244.42.0-255,108,245182,9,361844
36155,0.049657,172.31.36.0-255,66,245248,9,361844
36156,0.050865,74.125.24.0-255,5738,250986,9,361844
36157,0.050869,172.31.36.0-255,66,251052,9,361844
36158,0.052963,74.125.24.0-255,5738,256790,9,361844
36159,0.052969,172.31.36.0-255,66,256856,9,361844
36160,0.055038,74.125.24.0-255,5738,262594,9,361844
36161,0.055043,172.31.36.0-255,66,262660,9,361844
36162,0.057109,74.125.24.0-255,5738,268398,9,361844
36163,0.057114,172.31.36.0-255,66,268464,9,361844
36164,0.059176,74.125.24.0-255,5738,274202,9,361844
36165,0.059181,172.31.36.0-255,66,274268,9,361844
36166,0.061236,74.125.24.0-255,5738,280006,9,361844
36167,0.061241,172.31.36.0-255,66,280072,9,361844
36168,0.063322,74.125.24.0-255,5738,285810,9,361844
36169,0.063328,172.31.36.0-255,66,285876,9,361844
36170,0.065393,74.125.24.0-255,5738,291614,9,361844
36171,0.065398,172.31.36.0-255,66,291680,9,361844
36172,0.067452,74.125.24.0-255,5738,297418,9,361844
36173,0.067457,172.31.36.0-255,66,297484,9,361844
36174,0.069529,74.125.24.0-255,5738,303222,9,361844
36175,0.069535,172.31.36.0-255,66,303288,9,361844
36176,0.071583,74.125.24.0-255,5738,309026,9,361844
36177,0.071588,172.31.36.0-255,66,309092,9,361844
36178,0.073661,74.125.24.0-255,5738,314830,9,361844
36179,0.073667,172.31.36.0-255,66,314896,9,361844
36180,0.075748,74.125.24.0-255,5738,320634,9,361844
36181,0.075763,172.31.36.0-255,66,320700,9,361844
36182,0.077825,74.125.24.0-255,5738,326438,9,361844
36183,0.07783,172.31.36.0-255,66,326504,9,361844
36184,0.079897,74.125.24.0-255,5738,332242,9,361844
36185,0.079902,172.31.36.0-255,66,332308,9,361844
36186,0.081971,74.125.24.0-255,5738,338046,9,361844
36187,0.081976,172.31.36.0-255,66,338112,9,361844
36188,0.084056,74.125.24.0-255,5738,343850,9,361844
36189,0.084062,172.31.36.0-255,66,343916,9,361844
36190,0.086151,74.125.24.0-255,5738,349654,9,361844
36191,0.086156,172.31.36.0-255,66,349720,9,361844
36192,0.088229,74.125.24.0-255,5738,355458,9,361844
36193,0.088236,172.31.36.0-255,66,355524,9,361844
36194,0.090299,74.125.24.0-255,5738,361262,9,361844
36195,0.090306,172.31.36.0-255,66,361328,9,361844
36196,0.092326,74.125.24.0-255,279,361607,9,361844
36197,0.092876,172.31.36.0-255,66,361673,9,361844
36198,0.092905,172.31.36.0-255,105,361778,9,361844
36199,0.094909,74.125.24.0-255,66,361844,9,361844
36200,0.0,74.125.24.0-255,152,152,9,257086
36201,2.8e-05,172.31.36.0-255,66,218,9,257086
36202,3.5e-05,74.125.24.0-255,1484,1702,9,257086
36203,4e-05,172.31.36.0-255,66,1768,9,257086
36204,4.6e-05,74.125.24.0-255,2902,4670,9,257086
36205,4.9e-05,172.31.36.0-255,66,4736,9,257086
36206,5.4e-05,74.125.24.0-255,4320,9056,9,257086
36207,5.7e-05,172.31.36.0-255,66,9122,9,257086
36208,9.3e-05,172.31.36.0-255,66,9188,9,257086
36209,9.6e-05,74.125.24.0-255,1484,10672,9,257086
36210,9.8e-05,172.31.36.0-255,66,10738,9,257086
36211,0.000128,172.31.36.0-255,66,10804,9,257086
36212,0.00017,74.125.24.0-255,1484,12288,9,257086
36213,0.000174,172.31.36.0-255,66,12354,9,257086
36214,0.00018,74.125.24.0-255,2902,15256,9,257086
36215,0.000182,172.31.36.0-255,66,15322,9,257086
36216,0.00021,74.125.24.0-255,5738,21060,9,257086
36217,0.000214,172.31.36.0-255,66,21126,9,257086
36218,0.000221,74.125.24.0-255,6797,27923,9,257086
36219,0.000223,172.31.36.0-255,66,27989,9,257086
36220,0.000324,74.125.24.0-255,1484,29473,9,257086
36221,0.000329,172.31.36.0-255,66,29539,9,257086
36222,0.000335,74.125.24.0-255,2902,32441,9,257086
36223,0.000337,172.31.36.0-255,66,32507,9,257086
36224,0.000343,74.125.24.0-255,4320,36827,9,257086
36225,0.000345,172.31.36.0-255,66,36893,9,257086
36226,0.000368,74.125.24.0-255,1484,38377,9,257086
36227,0.000371,172.31.36.0-255,66,38443,9,257086
36228,0.000377,74.125.24.0-255,4320,42763,9,257086
36229,0.000379,172.31.36.0-255,66,42829,9,257086
36230,0.000403,74.125.24.0-255,2543,45372,9,257086
36231,0.000406,172.31.36.0-255,66,45438,9,257086
36232,0.000462,74.125.24.0-255,1484,46922,9,257086
36233,0.000468,74.125.24.0-255,2902,49824,9,257086
36234,0.000472,172.31.36.0-255,66,49890,9,257086
36235,0.000476,74.125.24.0-255,1484,51374,9,257086
36236,0.000491,74.125.24.0-255,4320,55694,9,257086
36237,0.000495,172.31.36.0-255,66,55760,9,257086
36238,0.000516,172.31.36.0-255,66,55826,9,257086
36239,0.000715,74.125.24.0-255,1484,57310,9,257086
36240,0.000721,74.125.24.0-255,2902,60212,9,257086
36241,0.000724,172.31.36.0-255,66,60278,9,257086
36242,0.000731,74.125.24.0-255,5738,66016,9,257086
36243,0.000733,172.31.36.0-255,66,66082,9,257086
36244,0.000771,172.31.36.0-255,66,66148,9,257086
36245,0.000778,74.125.24.0-255,7156,73304,9,257086
36246,0.000781,172.31.36.0-255,66,73370,9,257086
36247,0.00081,74.125.24.0-255,3037,76407,9,257086
36248,0.000813,172.31.36.0-255,66,76473,9,257086
36249,0.001012,74.125.24.0-255,1484,77957,9,257086
36250,0.001018,74.125.24.0-255,2902,80859,9,257086
36251,0.001021,172.31.36.0-255,66,80925,9,257086
36252,0.001025,74.125.24.0-255,2902,83827,9,257086
36253,0.001027,172.31.36.0-255,66,83893,9,257086
36254,0.001043,74.125.24.0-255,2902,86795,9,257086
36255,0.001046,172.31.36.0-255,66,86861,9,257086
36256,0.001053,74.125.24.0-255,5738,92599,9,257086
36257,0.001055,172.31.36.0-255,66,92665,9,257086
36258,0.001081,74.125.24.0-255,7156,99821,9,257086
36259,0.001084,172.31.36.0-255,66,99887,9,257086
36260,0.001096,172.31.36.0-255,66,99953,9,257086
36261,0.001133,74.125.24.0-255,4320,104273,9,257086
36262,0.001138,172.31.36.0-255,66,104339,9,257086
36263,0.001165,172.31.36.0-255,66,104405,9,257086
36264,0.001178,74.125.24.0-255,1484,105889,9,257086
36265,0.001191,74.125.24.0-255,1484,107373,9,257086
36266,0.001194,172.31.36.0-255,66,107439,9,257086
36267,0.001216,74.125.24.0-255,1484,108923,9,257086
36268,0.001222,74.125.24.0-255,5738,114661,9,257086
36269,0.001225,172.31.36.0-255,66,114727,9,257086
36270,0.001228,74.125.24.0-255,1484,116211,9,257086
36271,0.001233,74.125.24.0-255,4320,120531,9,257086
36272,0.001235,172.31.36.0-255,66,120597,9,257086
36273,0.001256,74.125.24.0-255,4320,124917,9,257086
36274,0.001261,172.31.36.0-255,66,124983,9,257086
36275,0.001298,172.31.36.0-255,66,125049,9,257086
36276,0.001441,74.125.24.0-255,1484,126533,9,257086
36277,0.001447,74.125.24.0-255,2902,129435,9,257086
36278,0.00145,172.31.36.0-255,66,129501,9,257086
36279,0.001457,74.125.24.0-255,4320,133821,9,257086
36280,0.00146,172.31.36.0-255,66,133887,9,257086
36281,0.001469,74.125.24.0-255,1484,135371,9,257086
36282,0.001475,74.125.24.0-255,5738,141109,9,257086
36283,0.001477,172.31.36.0-255,66,141175,9,257086
36284,0.001518,172.31.36.0-255,66,141241,9,257086
36285,0.001523,74.125.24.0-255,4320,145561,9,257086
36286,0.001525,172.31.36.0-255,66,145627,9,257086
36287,0.001543,74.125.24.0-255,766,146393,9,257086
36288,0.001753,74.125.24.0-255,1484,147877,9,257086
36289,0.001757,172.31.36.0-255,66,147943,9,257086
36290,0.001762,74.125.24.0-255,2902,150845,9,257086
36291,0.001764,172.31.36.0-255,66,150911,9,257086
36292,0.001775,74.125.24.0-255,1484,152395,9,257086
36293,0.001787,74.125.24.0-255,1484,153879,9,257086
36294,0.001789,172.31.36.0-255,66,153945,9,257086
36295,0.001794,74.125.24.0-255,4320,158265,9,257086
36296,0.001796,172.31.36.0-255,66,158331,9,257086
36297,0.001799,74.125.24.0-255,1484,159815,9,257086
36298,0.001819,74.125.24.0-255,4320,164135,9,257086
36299,0.001822,172.31.36.0-255,66,164201,9,257086
36300,0.001849,74.125.24.0-255,2902,167103,9,257086
36301,0.001853,172.31.36.0-255,66,167169,9,257086
36302,0.001866,172.31.36.0-255,66,167235,9,257086
36303,0.00192,74.125.24.0-255,2184,169419,9,257086
36304,0.001924,172.31.36.0-255,66,169485,9,257086
36305,0.001928,74.125.24.0-255,2902,172387,9,257086
36306,0.00193,172.31.36.0-255,66,172453,9,257086
36307,0.001937,74.125.24.0-255,7156,179609,9,257086
36308,0.00194,172.31.36.0-255,66,179675,9,257086
36309,0.001954,172.31.36.0-255,66,179741,9,257086
36310,0.001961,74.125.24.0-255,5738,185479,9,257086
36311,0.001963,172.31.36.0-255,66,185545,9,257086
36312,0.001985,74.125.24.0-255,6438,191983,9,257086
36313,0.001988,172.31.36.0-255,66,192049,9,257086
36314,0.001993,74.125.24.0-255,2902,194951,9,257086
36315,0.001994,172.31.36.0-255,66,195017,9,257086
36316,0.002029,172.31.36.0-255,66,195083,9,257086
36317,0.002052,74.125.24.0-255,4320,199403,9,257086
36318,0.002057,172.31.36.0-255,66,199469,9,257086
36319,0.002068,172.31.36.0-255,66,199535,9,257086
36320,0.002071,74.125.24.0-255,1484,201019,9,257086
36321,0.002094,74.125.24.0-255,3602,204621,9,257086
36322,0.002098,172.31.36.0-255,66,204687,9,257086
36323,0.002129,74.125.24.0-255,1484,206171,9,257086
36324,0.002134,74.125.24.0-255,2902,209073,9,257086
36325,0.002137,172.31.36.0-255,66,209139,9,257086
36326,0.002144,74.125.24.0-255,5738,214877,9,257086
36327,0.002147,172.31.36.0-255,66,214943,9,257086
36328,0.002183,172.31.36.0-255,66,215009,9,257086
36329,0.002196,172.31.36.0-255,66,215075,9,257086
36330,0.002215,74.125.24.0-255,766,215841,9,257086
36331,0.002241,74.125.24.0-255,1484,217325,9,257086
36332,0.002245,172.31.36.0-255,66,217391,9,257086
36333,0.002252,74.125.24.0-255,4320,221711,9,257086
36334,0.002256,172.31.36.0-255,66,221777,9,257086
36335,0.002259,74.125.24.0-255,1484,223261,9,257086
36336,0.002278,74.125.24.0-255,7156,230417,9,257086
36337,0.002282,172.31.36.0-255,66,230483,9,257086
36338,0.002304,74.125.24.0-255,1484,231967,9,257086
36339,0.002311,74.125.24.0-255,7156,239123,9,257086
36340,0.002315,172.31.36.0-255,66,239189,9,257086
36341,0.002318,74.125.24.0-255,1484,240673,9,257086
36342,0.002361,172.31.36.0-255,66,240739,9,257086
36343,0.002365,74.125.24.0-255,2902,243641,9,257086
36344,0.002368,172.31.36.0-255,66,243707,9,257086
36345,0.004709,74.125.24.0-255,3874,247581,9,257086
36346,0.004715,172.31.36.0-255,66,247647,9,257086
36347,0.009474,172.31.36.0-255,105,247752,9,257086
36348,0.011753,74.125.24.0-255,66,247818,9,257086
36349,0.032219,172.31.36.0-255,172,247990,9,257086
36350,0.032246,172.31.36.0-255,1115,249105,9,257086
36351,0.032312,172.31.36.0-255,1514,250619,9,257086
36352,0.032314,172.31.36.0-255,1514,252133,9,257086
36353,0.032315,172.31.36.0-255,1514,253647,9,257086
36354,0.032317,172.31.36.0-255,1514,255161,9,257086
36355,0.032345,172.31.36.0-255,1487,256648,9,257086
36356,0.03374,104.244.42.0-255,66,256714,9,257086
36357,0.033751,104.244.42.0-255,66,256780,9,257086
36358,0.033857,104.244.42.0-255,66,256846,9,257086
36359,0.034003,104.244.42.0-255,66,256912,9,257086
36360,0.03579,104.244.42.0-255,108,257020,9,257086
36361,0.035814,172.31.36.0-255,66,257086,9,257086
36362,0.0,74.125.24.0-255,152,152,9,195529
36363,3.4e-05,172.31.36.0-255,66,218,9,195529
36364,4.1e-05,74.125.24.0-255,1484,1702,9,195529
36365,4.5e-05,172.31.36.0-255,66,1768,9,195529
36366,5e-05,74.125.24.0-255,2902,4670,9,195529
36367,5.2e-05,172.31.36.0-255,66,4736,9,195529
36368,6e-05,74.125.24.0-255,7156,11892,9,195529
36369,6.3e-05,172.31.36.0-255,66,11958,9,195529
36370,6.6e-05,74.125.24.0-255,1484,13442,9,195529
36371,6.9e-05,172.31.36.0-255,66,13508,9,195529
36372,0.000114,172.31.36.0-255,66,13574,9,195529
36373,0.00012,74.125.24.0-255,2543,16117,9,195529
36374,0.000122,172.31.36.0-255,66,16183,9,195529
36375,0.000187,74.125.24.0-255,1484,17667,9,195529
36376,0.00019,172.31.36.0-255,66,17733,9,195529
36377,0.000195,74.125.24.0-255,2902,20635,9,195529
36378,0.000198,172.31.36.0-255,66,20701,9,195529
36379,0.000206,74.125.24.0-255,5738,26439,9,195529
36380,0.00021,172.31.36.0-255,66,26505,9,195529
36381,0.000246,172.31.36.0-255,66,26571,9,195529
36382,0.000267,74.125.24.0-255,2543,29114,9,195529
36383,0.000269,172.31.36.0-255,66,29180,9,195529
36384,0.000276,74.125.24.0-255,7156,36336,9,195529
36385,0.000279,172.31.36.0-255,66,36402,9,195529
36386,0.000294,74.125.24.0-255,2817,39219,9,195529
36387,0.000297,172.31.36.0-255,66,39285,9,195529
36388,0.00036,74.125.24.0-255,127,39412,9,195529
36389,0.000363,172.31.36.0-255,66,39478,9,195529
36390,0.000479,74.125.24.0-255,1484,40962,9,195529
36391,0.000483,74.125.24.0-255,2902,43864,9,195529
36392,0.000484,172.31.36.0-255,66,43930,9,195529
36393,0.000488,172.31.36.0-255,66,43996,9,195529
36394,0.00051,74.125.24.0-255,5738,49734,9,195529
36395,0.000513,172.31.36.0-255,66,49800,9,195529
36396,0.000548,74.125.24.0-255,5738,55538,9,195529
36397,0.000551,172.31.36.0-255,66,55604,9,195529
36398,0.000564,74.125.24.0-255,1125,56729,9,195529
36399,0.000573,74.125.24.0-255,7156,63885,9,195529
36400,0.000576,172.31.36.0-255,66,63951,9,195529
36401,0.000598,74.125.24.0-255,2902,66853,9,195529
36402,0.000601,172.31.36.0-255,66,66919,9,195529
36403,0.000625,74.125.24.0-255,7083,74002,9,195529
36404,0.00063,172.31.36.0-255,66,74068,9,195529
36405,0.000758,74.125.24.0-255,1484,75552,9,195529
36406,0.000761,74.125.24.0-255,1484,77036,9,195529
36407,0.000765,172.31.36.0-255,66,77102,9,195529
36408,0.00078,74.125.24.0-255,1484,78586,9,195529
36409,0.000786,74.125.24.0-255,5738,84324,9,195529
36410,0.000789,172.31.36.0-255,66,84390,9,195529
36411,0.000798,74.125.24.0-255,7156,91546,9,195529
36412,0.000801,172.31.36.0-255,66,91612,9,195529
36413,0.000822,74.125.24.0-255,5738,97350,9,195529
36414,0.000824,172.31.36.0-255,66,97416,9,195529
36415,0.000836,172.31.36.0-255,66,97482,9,195529
36416,0.000838,74.125.24.0-255,766,98248,9,195529
36417,0.001423,172.31.36.0-255,66,98314,9,195529
36418,0.001447,74.125.24.0-255,1484,99798,9,195529
36419,0.001454,74.125.24.0-255,2902,102700,9,195529
36420,0.001457,172.31.36.0-255,66,102766,9,195529
36421,0.00148,74.125.24.0-255,4320,107086,9,195529
36422,0.001482,172.31.36.0-255,66,107152,9,195529
36423,0.001488,74.125.24.0-255,5738,112890,9,195529
36424,0.00149,172.31.36.0-255,66,112956,9,195529
36425,0.00153,172.31.36.0-255,66,113022,9,195529
36426,0.00154,172.31.36.0-255,66,113088,9,195529
36427,0.001612,74.125.24.0-255,5738,118826,9,195529
36428,0.001616,172.31.36.0-255,66,118892,9,195529
36429,0.001641,172.31.36.0-255,66,118958,9,195529
36430,0.001657,74.125.24.0-255,766,119724,9,195529
36431,0.001659,172.31.36.0-255,66,119790,9,195529
36432,0.001674,74.125.24.0-255,5738,125528,9,195529
36433,0.001677,172.31.36.0-255,66,125594,9,195529
36434,0.001717,172.31.36.0-255,66,125660,9,195529
36435,0.001719,74.125.24.0-255,5738,131398,9,195529
36436,0.001722,172.31.36.0-255,66,131464,9,195529
36437,0.001728,74.125.24.0-255,4320,135784,9,195529
36438,0.00173,172.31.36.0-255,66,135850,9,195529
36439,0.00175,74.125.24.0-255,3602,139452,9,195529
36440,0.001754,172.31.36.0-255,66,139518,9,195529
36441,0.001766,172.31.36.0-255,66,139584,9,195529
36442,0.001787,74.125.24.0-255,4320,143904,9,195529
36443,0.00179,172.31.36.0-255,66,143970,9,195529
36444,0.001829,172.31.36.0-255,66,144036,9,195529
36445,0.001836,74.125.24.0-255,6438,150474,9,195529
36446,0.001839,172.31.36.0-255,66,150540,9,195529
36447,0.001842,74.125.24.0-255,1484,152024,9,195529
36448,0.001847,74.125.24.0-255,2902,154926,9,195529
36449,0.001849,172.31.36.0-255,66,154992,9,195529
36450,0.001878,74.125.24.0-255,5738,160730,9,195529
36451,0.001883,172.31.36.0-255,66,160796,9,195529
36452,0.001887,74.125.24.0-255,2902,163698,9,195529
36453,0.00189,172.31.36.0-255,66,163764,9,195529
36454,0.001913,172.31.36.0-255,66,163830,9,195529
36455,0.001916,74.125.24.0-255,1484,165314,9,195529
36456,0.001947,172.31.36.0-255,101,165415,9,195529
36457,0.001955,172.31.36.0-255,66,165481,9,195529
36458,0.002003,172.31.36.0-255,66,165547,9,195529
36459,0.002015,172.31.36.0-255,66,165613,9,195529
36460,0.002056,74.125.24.0-255,4320,169933,9,195529
36461,0.002059,172.31.36.0-255,66,169999,9,195529
36462,0.002092,172.31.36.0-255,66,170065,9,195529
36463,0.002096,74.125.24.0-255,2902,172967,9,195529
36464,0.002098,172.31.36.0-255,66,173033,9,195529
36465,0.002123,74.125.24.0-255,4320,177353,9,195529
36466,0.002128,172.31.36.0-255,66,177419,9,195529
36467,0.002135,74.125.24.0-255,7156,184575,9,195529
36468,0.00214,172.31.36.0-255,66,184641,9,195529
36469,0.002147,74.125.24.0-255,1484,186125,9,195529
36470,0.002158,74.125.24.0-255,1484,187609,9,195529
36471,0.00216,172.31.36.0-255,66,187675,9,195529
36472,0.00219,172.31.36.0-255,66,187741,9,195529
36473,0.002234,74.125.24.0-255,2902,190643,9,195529
36474,0.002238,172.31.36.0-255,66,190709,9,195529
36475,0.002275,172.31.36.0-255,66,190775,9,195529
36476,0.00229,172.31.36.0-255,66,190841,9,195529
36477,0.002305,172.31.36.0-255,66,190907,9,195529
36478,0.002307,74.125.24.0-255,105,191012,9,195529
36479,0.004271,74.125.24.0-255,66,191078,9,195529
36480,0.008311,172.31.36.0-255,105,191183,9,195529
36481,0.010621,74.125.24.0-255,66,191249,9,195529
36482,0.033466,172.31.36.0-255,167,191416,9,195529
36483,0.033494,172.31.36.0-255,1116,192532,9,195529
36484,0.033558,172.31.36.0-255,1514,194046,9,195529
36485,0.033559,172.31.36.0-255,1285,195331,9,195529
36486,0.034987,104.244.42.0-255,66,195397,9,195529
36487,0.035041,104.244.42.0-255,66,195463,9,195529
36488,0.035109,104.244.42.0-255,66,195529,9,195529
36489,0.0,91.189.92.0-255,60,60,9,120
36490,1.9e-05,91.189.92.0-255,60,120,9,120
36491,0.0,74.125.24.0-255,151,151,9,173079
36492,3.1e-05,172.31.36.0-255,66,217,9,173079
36493,3.8e-05,74.125.24.0-255,1484,1701,9,173079
36494,4.2e-05,172.31.36.0-255,66,1767,9,173079
36495,4.7e-05,74.125.24.0-255,2902,4669,9,173079
36496,5.1e-05,172.31.36.0-255,66,4735,9,173079
36497,6.5e-05,74.125.24.0-255,7156,11891,9,173079
36498,6.9e-05,172.31.36.0-255,66,11957,9,173079
36499,7.3e-05,74.125.24.0-255,2020,13977,9,173079
36500,7.6e-05,172.31.36.0-255,66,14043,9,173079
36501,0.000164,74.125.24.0-255,1484,15527,9,173079
36502,0.000168,172.31.36.0-255,66,15593,9,173079
36503,0.000175,74.125.24.0-255,2902,18495,9,173079
36504,0.000178,172.31.36.0-255,66,18561,9,173079
36505,0.000192,74.125.24.0-255,4320,22881,9,173079
36506,0.000195,172.31.36.0-255,66,22947,9,173079
36507,0.000224,74.125.24.0-255,1484,24431,9,173079
36508,0.000227,172.31.36.0-255,66,24497,9,173079
36509,0.000234,74.125.24.0-255,6797,31294,9,173079
36510,0.000237,172.31.36.0-255,66,31360,9,173079
36511,0.000249,74.125.24.0-255,5738,37098,9,173079
36512,0.000251,172.31.36.0-255,66,37164,9,173079
36513,0.000271,74.125.24.0-255,1484,38648,9,173079
36514,0.000274,172.31.36.0-255,66,38714,9,173079
36515,0.000292,172.31.36.0-255,66,38780,9,173079
36516,0.000322,74.125.24.0-255,7156,45936,9,173079
36517,0.000329,172.31.36.0-255,66,46002,9,173079
36518,0.000368,74.125.24.0-255,1479,47481,9,173079
36519,0.00037,172.31.36.0-255,66,47547,9,173079
36520,0.000373,172.31.36.0-255,66,47613,9,173079
36521,0.001019,74.125.24.0-255,1484,49097,9,173079
36522,0.001029,74.125.24.0-255,2902,51999,9,173079
36523,0.001033,172.31.36.0-255,66,52065,9,173079
36524,0.001041,74.125.24.0-255,5738,57803,9,173079
36525,0.001043,172.31.36.0-255,66,57869,9,173079
36526,0.001078,74.125.24.0-255,5738,63607,9,173079
36527,0.001082,172.31.36.0-255,66,63673,9,173079
36528,0.001108,172.31.36.0-255,66,63739,9,173079
36529,0.00112,172.31.36.0-255,66,63805,9,173079
36530,0.001124,74.125.24.0-255,2902,66707,9,173079
36531,0.001127,172.31.36.0-255,66,66773,9,173079
36532,0.001173,172.31.36.0-255,66,66839,9,173079
36533,0.001427,74.125.24.0-255,1484,68323,9,173079
36534,0.001435,74.125.24.0-255,2902,71225,9,173079
36535,0.001438,172.31.36.0-255,66,71291,9,173079
36536,0.001444,74.125.24.0-255,4320,75611,9,173079
36537,0.001446,172.31.36.0-255,66,75677,9,173079
36538,0.001462,74.125.24.0-255,1484,77161,9,173079
36539,0.001502,74.125.24.0-255,2902,80063,9,173079
36540,0.001504,172.31.36.0-255,66,80129,9,173079
36541,0.001528,172.31.36.0-255,66,80195,9,173079
36542,0.001539,172.31.36.0-255,66,80261,9,173079
36543,0.001554,172.31.36.0-255,66,80327,9,173079
36544,0.001588,74.125.24.0-255,7156,87483,9,173079
36545,0.00159,172.31.36.0-255,66,87549,9,173079
36546,0.001599,172.31.36.0-255,66,87615,9,173079
36547,0.001682,74.125.24.0-255,1484,89099,9,173079
36548,0.001697,74.125.24.0-255,2902,92001,9,173079
36549,0.001699,172.31.36.0-255,66,92067,9,173079
36550,0.001705,74.125.24.0-255,4320,96387,9,173079
36551,0.001707,172.31.36.0-255,66,96453,9,173079
36552,0.001736,74.125.24.0-255,1484,97937,9,173079
36553,0.001749,172.31.36.0-255,66,98003,9,173079
36554,0.001758,172.31.36.0-255,66,98069,9,173079
36555,0.001792,74.125.24.0-255,2184,100253,9,173079
36556,0.001794,172.31.36.0-255,66,100319,9,173079
36557,0.001938,74.125.24.0-255,1484,101803,9,173079
36558,0.001952,74.125.24.0-255,2902,104705,9,173079
36559,0.001955,172.31.36.0-255,66,104771,9,173079
36560,0.001979,74.125.24.0-255,5738,110509,9,173079
36561,0.001982,172.31.36.0-255,66,110575,9,173079
36562,0.002012,74.125.24.0-255,4320,114895,9,173079
36563,0.002014,172.31.36.0-255,66,114961,9,173079
36564,0.002047,172.31.36.0-255,66,115027,9,173079
36565,0.00207,172.31.36.0-255,66,115093,9,173079
36566,0.00208,172.31.36.0-255,66,115159,9,173079
36567,0.002109,74.125.24.0-255,4320,119479,9,173079
36568,0.002111,172.31.36.0-255,66,119545,9,173079
36569,0.002154,172.31.36.0-255,66,119611,9,173079
36570,0.002161,74.125.24.0-255,7156,126767,9,173079
36571,0.002217,74.125.24.0-255,4320,131087,9,173079
36572,0.002283,74.125.24.0-255,4320,135407,9,173079
36573,0.006711,172.31.36.0-255,66,135473,9,173079
36574,0.008999,74.125.24.0-255,5738,141211,9,173079
36575,0.009005,172.31.36.0-255,66,141277,9,173079
36576,0.011308,74.125.24.0-255,5738,147015,9,173079
36577,0.011317,172.31.36.0-255,66,147081,9,173079
36578,0.013627,74.125.24.0-255,5738,152819,9,173079
36579,0.013637,172.31.36.0-255,66,152885,9,173079
36580,0.015941,74.125.24.0-255,4320,157205,9,173079
36581,0.01595,172.31.36.0-255,66,157271,9,173079
36582,0.015984,74.125.24.0-255,1484,158755,9,173079
36583,0.018238,74.125.24.0-255,4320,163075,9,173079
36584,0.018244,172.31.36.0-255,66,163141,9,173079
36585,0.020555,74.125.24.0-255,3327,166468,9,173079
36586,0.020561,172.31.36.0-255,66,166534,9,173079
36587,0.020746,172.31.36.0-255,105,166639,9,173079
36588,0.022984,74.125.24.0-255,66,166705,9,173079
36589,0.055114,172.31.36.0-255,172,166877,9,173079
36590,0.055145,172.31.36.0-255,1117,167994,9,173079
36591,0.055214,172.31.36.0-255,1514,169508,9,173079
36592,0.055215,172.31.36.0-255,1514,171022,9,173079
36593,0.055216,172.31.36.0-255,1514,172536,9,173079
36594,0.055218,172.31.36.0-255,105,172641,9,173079
36595,0.056662,104.244.42.0-255,66,172707,9,173079
36596,0.056803,104.244.42.0-255,66,172773,9,173079
36597,0.056807,104.244.42.0-255,66,172839,9,173079
36598,0.05681,104.244.42.0-255,66,172905,9,173079
36599,0.059159,104.244.42.0-255,108,173013,9,173079
36600,0.059176,172.31.36.0-255,66,173079,9,173079
36601,0.0,74.125.24.0-255,143,143,9,362347
36602,2.1e-05,172.31.36.0-255,66,209,9,362347
36603,2.8e-05,74.125.24.0-255,1484,1693,9,362347
36604,3.2e-05,172.31.36.0-255,66,1759,9,362347
36605,3.8e-05,74.125.24.0-255,2902,4661,9,362347
36606,4.2e-05,172.31.36.0-255,66,4727,9,362347
36607,6.4e-05,74.125.24.0-255,5738,10465,9,362347
36608,6.7e-05,172.31.36.0-255,66,10531,9,362347
36609,9.7e-05,74.125.24.0-255,3467,13998,9,362347
36610,0.0001,172.31.36.0-255,66,14064,9,362347
36611,0.000212,74.125.24.0-255,1484,15548,9,362347
36612,0.000217,172.31.36.0-255,66,15614,9,362347
36613,0.000222,74.125.24.0-255,2902,18516,9,362347
36614,0.000224,172.31.36.0-255,66,18582,9,362347
36615,0.000228,74.125.24.0-255,1484,20066,9,362347
36616,0.000229,172.31.36.0-255,66,20132,9,362347
36617,0.000255,74.125.24.0-255,4320,24452,9,362347
36618,0.000258,172.31.36.0-255,66,24518,9,362347
36619,0.000265,74.125.24.0-255,6797,31315,9,362347
36620,0.000268,172.31.36.0-255,66,31381,9,362347
36621,0.000275,74.125.24.0-255,7156,38537,9,362347
36622,0.000277,172.31.36.0-255,66,38603,9,362347
36623,0.000313,172.31.36.0-255,66,38669,9,362347
36624,0.000334,74.125.24.0-255,1484,40153,9,362347
36625,0.000336,172.31.36.0-255,66,40219,9,362347
36626,0.000343,74.125.24.0-255,7156,47375,9,362347
36627,0.000346,172.31.36.0-255,66,47441,9,362347
36628,0.000363,74.125.24.0-255,3961,51402,9,362347
36629,0.000365,172.31.36.0-255,66,51468,9,362347
36630,0.000465,74.125.24.0-255,1484,52952,9,362347
36631,0.000468,172.31.36.0-255,66,53018,9,362347
36632,0.000475,74.125.24.0-255,2902,55920,9,362347
36633,0.000493,74.125.24.0-255,5738,61658,9,362347
36634,0.000528,74.125.24.0-255,4320,65978,9,362347
36635,0.000552,172.31.36.0-255,66,66044,9,362347
36636,0.000563,74.125.24.0-255,4320,70364,9,362347
36637,0.000568,172.31.36.0-255,66,70430,9,362347
36638,0.000593,74.125.24.0-255,6141,76571,9,362347
36639,0.000607,172.31.36.0-255,66,76637,9,362347
36640,0.000868,74.125.24.0-255,1484,78121,9,362347
36641,0.000873,74.125.24.0-255,1484,79605,9,362347
36642,0.00088,172.31.36.0-255,66,79671,9,362347
36643,0.0009,74.125.24.0-255,1484,81155,9,362347
36644,0.000907,74.125.24.0-255,5738,86893,9,362347
36645,0.000913,74.125.24.0-255,5738,92631,9,362347
36646,0.000918,172.31.36.0-255,66,92697,9,362347
36647,0.000949,74.125.24.0-255,7156,99853,9,362347
36648,0.000963,74.125.24.0-255,2184,102037,9,362347
36649,0.000969,172.31.36.0-255,66,102103,9,362347
36650,0.001143,74.125.24.0-255,1484,103587,9,362347
36651,0.001149,74.125.24.0-255,2902,106489,9,362347
36652,0.001154,172.31.36.0-255,66,106555,9,362347
36653,0.00118,74.125.24.0-255,5738,112293,9,362347
36654,0.001186,74.125.24.0-255,5738,118031,9,362347
36655,0.001188,74.125.24.0-255,1484,119515,9,362347
36656,0.001192,172.31.36.0-255,66,119581,9,362347
36657,0.00123,74.125.24.0-255,5020,124601,9,362347
36658,0.00127,172.31.36.0-255,66,124667,9,362347
36659,0.001423,74.125.24.0-255,1484,126151,9,362347
36660,0.001443,74.125.24.0-255,2902,129053,9,362347
36661,0.001449,74.125.24.0-255,5738,134791,9,362347
36662,0.001457,172.31.36.0-255,66,134857,9,362347
36663,0.001464,74.125.24.0-255,1484,136341,9,362347
36664,0.001491,74.125.24.0-255,4320,140661,9,362347
36665,0.001502,172.31.36.0-255,66,140727,9,362347
36666,0.001512,74.125.24.0-255,2902,143629,9,362347
36667,0.001518,172.31.36.0-255,66,143695,9,362347
36668,0.001529,74.125.24.0-255,3602,147297,9,362347
36669,0.001555,172.31.36.0-255,66,147363,9,362347
36670,0.002152,74.125.24.0-255,1484,148847,9,362347
36671,0.002159,74.125.24.0-255,2902,151749,9,362347
36672,0.002162,172.31.36.0-255,66,151815,9,362347
36673,0.002168,74.125.24.0-255,4320,156135,9,362347
36674,0.002182,74.125.24.0-255,1484,157619,9,362347
36675,0.002187,74.125.24.0-255,4320,161939,9,362347
36676,0.0022,74.125.24.0-255,2902,164841,9,362347
36677,0.002211,172.31.36.0-255,66,164907,9,362347
36678,0.002235,74.125.24.0-255,2902,167809,9,362347
36679,0.002238,74.125.24.0-255,2184,169993,9,362347
36680,0.00224,172.31.36.0-255,66,170059,9,362347
36681,0.002271,172.31.36.0-255,66,170125,9,362347
36682,0.00232,74.125.24.0-255,1484,171609,9,362347
36683,0.002324,74.125.24.0-255,1484,173093,9,362347
36684,0.002336,74.125.24.0-255,1484,174577,9,362347
36685,0.002343,172.31.36.0-255,66,174643,9,362347
36686,0.002355,74.125.24.0-255,1484,176127,9,362347
36687,0.002369,74.125.24.0-255,2902,179029,9,362347
36688,0.002375,172.31.36.0-255,66,179095,9,362347
36689,0.002399,74.125.24.0-255,5738,184833,9,362347
36690,0.00241,74.125.24.0-255,4320,189153,9,362347
36691,0.002418,74.125.24.0-255,5738,194891,9,362347
36692,0.002444,74.125.24.0-255,5738,200629,9,362347
36693,0.002473,74.125.24.0-255,3602,204231,9,362347
36694,0.007812,172.31.36.0-255,66,204297,9,362347
36695,0.010403,74.125.24.0-255,5738,210035,9,362347
36696,0.010411,172.31.36.0-255,66,210101,9,362347
36697,0.012994,74.125.24.0-255,5738,215839,9,362347
36698,0.01301,172.31.36.0-255,66,215905,9,362347
36699,0.015556,74.125.24.0-255,5738,221643,9,362347
36700,0.015562,172.31.36.0-255,66,221709,9,362347
36701,0.018149,74.125.24.0-255,5738,227447,9,362347
36702,0.018156,172.31.36.0-255,66,227513,9,362347
36703,0.020785,74.125.24.0-255,5738,233251,9,362347
36704,0.020793,172.31.36.0-255,66,233317,9,362347
36705,0.023374,74.125.24.0-255,5738,239055,9,362347
36706,0.023389,172.31.36.0-255,66,239121,9,362347
36707,0.025967,74.125.24.0-255,5738,244859,9,362347
36708,0.025974,172.31.36.0-255,66,244925,9,362347
36709,0.028504,74.125.24.0-255,5738,250663,9,362347
36710,0.028513,172.31.36.0-255,66,250729,9,362347
36711,0.029522,172.31.36.0-255,176,250905,9,362347
36712,0.029557,172.31.36.0-255,1118,252023,9,362347
36713,0.029618,172.31.36.0-255,1514,253537,9,362347
36714,0.02962,172.31.36.0-255,1514,255051,9,362347
36715,0.029643,172.31.36.0-255,963,256014,9,362347
36716,0.031047,104.244.42.0-255,66,256080,9,362347
36717,0.031084,104.244.42.0-255,66,256146,9,362347
36718,0.03112,74.125.24.0-255,5738,261884,9,362347
36719,0.031125,172.31.36.0-255,66,261950,9,362347
36720,0.03116,104.244.42.0-255,66,262016,9,362347
36721,0.031164,104.244.42.0-255,66,262082,9,362347
36722,0.033665,74.125.24.0-255,5738,267820,9,362347
36723,0.033672,172.31.36.0-255,66,267886,9,362347
36724,0.036233,74.125.24.0-255,5738,273624,9,362347
36725,0.036239,172.31.36.0-255,66,273690,9,362347
36726,0.038801,74.125.24.0-255,5738,279428,9,362347
36727,0.038813,172.31.36.0-255,66,279494,9,362347
36728,0.041381,74.125.24.0-255,5738,285232,9,362347
36729,0.041391,172.31.36.0-255,66,285298,9,362347
36730,0.044012,74.125.24.0-255,5738,291036,9,362347
36731,0.044019,172.31.36.0-255,66,291102,9,362347
36732,0.046608,74.125.24.0-255,5738,296840,9,362347
36733,0.046614,172.31.36.0-255,66,296906,9,362347
36734,0.049167,74.125.24.0-255,5738,302644,9,362347
36735,0.049174,172.31.36.0-255,66,302710,9,362347
36736,0.051722,74.125.24.0-255,5738,308448,9,362347
36737,0.05173,172.31.36.0-255,66,308514,9,362347
36738,0.054316,74.125.24.0-255,5738,314252,9,362347
36739,0.054325,172.31.36.0-255,66,314318,9,362347
36740,0.056913,74.125.24.0-255,5738,320056,9,362347
36741,0.056921,172.31.36.0-255,66,320122,9,362347
36742,0.059541,74.125.24.0-255,5738,325860,9,362347
36743,0.059547,172.31.36.0-255,66,325926,9,362347
36744,0.062124,74.125.24.0-255,5738,331664,9,362347
36745,0.062131,172.31.36.0-255,66,331730,9,362347
36746,0.064742,74.125.24.0-255,5738,337468,9,362347
36747,0.064748,172.31.36.0-255,66,337534,9,362347
36748,0.067326,74.125.24.0-255,5738,343272,9,362347
36749,0.067332,172.31.36.0-255,66,343338,9,362347
36750,0.06994,74.125.24.0-255,5738,349076,9,362347
36751,0.069948,172.31.36.0-255,66,349142,9,362347
36752,0.072518,74.125.24.0-255,5738,354880,9,362347
36753,0.072525,172.31.36.0-255,66,354946,9,362347
36754,0.075057,74.125.24.0-255,5738,360684,9,362347
36755,0.075063,172.31.36.0-255,66,360750,9,362347
36756,0.077589,74.125.24.0-255,1360,362110,9,362347
36757,0.07773,172.31.36.0-255,66,362176,9,362347
36758,0.077768,172.31.36.0-255,105,362281,9,362347
36759,0.080279,74.125.24.0-255,66,362347,9,362347
36760,0.0,74.125.200.0-255,150,150,9,401584
36761,2.9e-05,172.31.36.0-255,66,216,9,401584
36762,3.6e-05,74.125.200.0-255,1484,1700,9,401584
36763,4e-05,172.31.36.0-255,66,1766,9,401584
36764,4.5e-05,74.125.200.0-255,2902,4668,9,401584
36765,4.7e-05,172.31.36.0-255,66,4734,9,401584
36766,5.5e-05,74.125.200.0-255,7156,11890,9,401584
36767,5.7e-05,172.31.36.0-255,66,11956,9,401584
36768,6.1e-05,74.125.200.0-255,2039,13995,9,401584
36769,6.3e-05,172.31.36.0-255,66,14061,9,401584
36770,0.000145,74.125.200.0-255,1484,15545,9,401584
36771,0.00015,172.31.36.0-255,66,15611,9,401584
36772,0.000166,74.125.200.0-255,1484,17095,9,401584
36773,0.000169,172.31.36.0-255,66,17161,9,401584
36774,0.000186,74.125.200.0-255,2902,20063,9,401584
36775,0.000188,172.31.36.0-255,66,20129,9,401584
36776,0.000194,74.125.200.0-255,4320,24449,9,401584
36777,0.000196,172.31.36.0-255,66,24515,9,401584
36778,0.000219,74.125.200.0-255,1484,25999,9,401584
36779,0.000221,172.31.36.0-255,66,26065,9,401584
36780,0.000227,74.125.200.0-255,4320,30385,9,401584
36781,0.00023,172.31.36.0-255,66,30451,9,401584
36782,0.000251,74.125.200.0-255,1125,31576,9,401584
36783,0.000254,172.31.36.0-255,66,31642,9,401584
36784,0.000271,74.125.200.0-255,1484,33126,9,401584
36785,0.000273,172.31.36.0-255,66,33192,9,401584
36786,0.000302,74.125.200.0-255,4320,37512,9,401584
36787,0.000307,172.31.36.0-255,66,37578,9,401584
36788,0.000313,74.125.200.0-255,4320,41898,9,401584
36789,0.000316,172.31.36.0-255,66,41964,9,401584
36790,0.000319,74.125.200.0-255,1484,43448,9,401584
36791,0.000321,172.31.36.0-255,66,43514,9,401584
36792,0.000343,74.125.200.0-255,4320,47834,9,401584
36793,0.000346,172.31.36.0-255,66,47900,9,401584
36794,0.000349,74.125.200.0-255,1125,49025,9,401584
36795,0.000675,172.31.36.0-255,66,49091,9,401584
36796,0.000694,74.125.200.0-255,1484,50575,9,401584
36797,0.000718,74.125.200.0-255,1484,52059,9,401584
36798,0.000722,172.31.36.0-255,66,52125,9,401584
36799,0.000727,74.125.200.0-255,2902,55027,9,401584
36800,0.000729,172.31.36.0-255,66,55093,9,401584
36801,0.000733,74.125.200.0-255,2902,57995,9,401584
36802,0.000735,172.31.36.0-255,66,58061,9,401584
36803,0.000748,74.125.200.0-255,2902,60963,9,401584
36804,0.000751,172.31.36.0-255,66,61029,9,401584
36805,0.000767,74.125.200.0-255,2902,63931,9,401584
36806,0.000769,172.31.36.0-255,66,63997,9,401584
36807,0.000786,74.125.200.0-255,2543,66540,9,401584
36808,0.000789,172.31.36.0-255,66,66606,9,401584
36809,0.000839,74.125.200.0-255,1484,68090,9,401584
36810,0.000844,74.125.200.0-255,2902,70992,9,401584
36811,0.000847,172.31.36.0-255,66,71058,9,401584
36812,0.000868,74.125.200.0-255,1484,72542,9,401584
36813,0.000872,74.125.200.0-255,1484,74026,9,401584
36814,0.000874,172.31.36.0-255,66,74092,9,401584
36815,0.00089,74.125.200.0-255,1484,75576,9,401584
36816,0.000896,74.125.200.0-255,4320,79896,9,401584
36817,0.000899,172.31.36.0-255,66,79962,9,401584
36818,0.000916,74.125.200.0-255,1484,81446,9,401584
36819,0.00092,74.125.200.0-255,2543,83989,9,401584
36820,0.000923,172.31.36.0-255,66,84055,9,401584
36821,0.000927,74.125.200.0-255,2902,86957,9,401584
36822,0.000931,172.31.36.0-255,66,87023,9,401584
36823,0.000951,74.125.200.0-255,4320,91343,9,401584
36824,0.000954,172.31.36.0-255,66,91409,9,401584
36825,0.000975,74.125.200.0-255,2902,94311,9,401584
36826,0.000978,172.31.36.0-255,66,94377,9,401584
36827,0.000985,74.125.200.0-255,6797,101174,9,401584
36828,0.000986,172.31.36.0-255,66,101240,9,401584
36829,0.001017,74.125.200.0-255,4320,105560,9,401584
36830,0.001021,172.31.36.0-255,66,105626,9,401584
36831,0.001047,74.125.200.0-255,4320,109946,9,401584
36832,0.00105,172.31.36.0-255,66,110012,9,401584
36833,0.001067,74.125.200.0-255,1484,111496,9,401584
36834,0.001075,74.125.200.0-255,6683,118179,9,401584
36835,0.001077,172.31.36.0-255,66,118245,9,401584
36836,0.002052,74.125.200.0-255,1484,119729,9,401584
36837,0.002062,74.125.200.0-255,2902,122631,9,401584
36838,0.002067,172.31.36.0-255,66,122697,9,401584
36839,0.002074,74.125.200.0-255,5738,128435,9,401584
36840,0.002076,172.31.36.0-255,66,128501,9,401584
36841,0.002079,74.125.200.0-255,1484,129985,9,401584
36842,0.002109,74.125.200.0-255,4469,134454,9,401584
36843,0.002111,172.31.36.0-255,66,134520,9,401584
36844,0.002257,74.125.200.0-255,1484,136004,9,401584
36845,0.002271,74.125.200.0-255,1484,137488,9,401584
36846,0.002273,172.31.36.0-255,66,137554,9,401584
36847,0.002289,74.125.200.0-255,1484,139038,9,401584
36848,0.002293,74.125.200.0-255,2902,141940,9,401584
36849,0.002295,172.31.36.0-255,66,142006,9,401584
36850,0.0023,74.125.200.0-255,4320,146326,9,401584
36851,0.002302,172.31.36.0-255,66,146392,9,401584
36852,0.002314,74.125.200.0-255,1484,147876,9,401584
36853,0.002331,74.125.200.0-255,7156,155032,9,401584
36854,0.002333,172.31.36.0-255,66,155098,9,401584
36855,0.002352,74.125.200.0-255,4320,159418,9,401584
36856,0.002354,172.31.36.0-255,66,159484,9,401584
36857,0.002371,74.125.200.0-255,2902,162386,9,401584
36858,0.002373,172.31.36.0-255,66,162452,9,401584
36859,0.002386,74.125.200.0-255,2902,165354,9,401584
36860,0.002388,172.31.36.0-255,66,165420,9,401584
36861,0.002407,74.125.200.0-255,3602,169022,9,401584
36862,0.002409,172.31.36.0-255,66,169088,9,401584
36863,0.004718,74.125.200.0-255,1484,170572,9,401584
36864,0.004744,74.125.200.0-255,2902,173474,9,401584
36865,0.004746,172.31.36.0-255,66,173540,9,401584
36866,0.00476,74.125.200.0-255,1484,175024,9,401584
36867,0.007147,74.125.200.0-255,2902,177926,9,401584
36868,0.007153,172.31.36.0-255,66,177992,9,401584
36869,0.007175,74.125.200.0-255,1484,179476,9,401584
36870,0.009519,74.125.200.0-255,4320,183796,9,401584
36871,0.009527,172.31.36.0-255,66,183862,9,401584
36872,0.011893,74.125.200.0-255,5738,189600,9,401584
36873,0.011901,172.31.36.0-255,66,189666,9,401584
36874,0.014266,74.125.200.0-255,5738,195404,9,401584
36875,0.014274,172.31.36.0-255,66,195470,9,401584
36876,0.016657,74.125.200.0-255,5738,201208,9,401584
36877,0.016667,172.31.36.0-255,66,201274,9,401584
36878,0.019023,74.125.200.0-255,5738,207012,9,401584
36879,0.019031,172.31.36.0-255,66,207078,9,401584
36880,0.021393,74.125.200.0-255,5738,212816,9,401584
36881,0.0214,172.31.36.0-255,66,212882,9,401584
36882,0.023779,74.125.200.0-255,5738,218620,9,401584
36883,0.023786,172.31.36.0-255,66,218686,9,401584
36884,0.026144,74.125.200.0-255,5738,224424,9,401584
36885,0.026152,172.31.36.0-255,66,224490,9,401584
36886,0.028515,74.125.200.0-255,5738,230228,9,401584
36887,0.028528,172.31.36.0-255,66,230294,9,401584
36888,0.030897,74.125.200.0-255,5738,236032,9,401584
36889,0.030905,172.31.36.0-255,66,236098,9,401584
36890,0.033274,74.125.200.0-255,5738,241836,9,401584
36891,0.033281,172.31.36.0-255,66,241902,9,401584
36892,0.035645,74.125.200.0-255,5738,247640,9,401584
36893,0.035653,172.31.36.0-255,66,247706,9,401584
36894,0.038033,74.125.200.0-255,5738,253444,9,401584
36895,0.038057,172.31.36.0-255,66,253510,9,401584
36896,0.040424,74.125.200.0-255,5738,259248,9,401584
36897,0.040432,172.31.36.0-255,66,259314,9,401584
36898,0.042795,74.125.200.0-255,5738,265052,9,401584
36899,0.042804,172.31.36.0-255,66,265118,9,401584
36900,0.045182,74.125.200.0-255,5738,270856,9,401584
36901,0.045189,172.31.36.0-255,66,270922,9,401584
36902,0.047554,74.125.200.0-255,5738,276660,9,401584
36903,0.047566,172.31.36.0-255,66,276726,9,401584
36904,0.049937,74.125.200.0-255,5738,282464,9,401584
36905,0.049947,172.31.36.0-255,66,282530,9,401584
36906,0.052302,74.125.200.0-255,5738,288268,9,401584
36907,0.052311,172.31.36.0-255,66,288334,9,401584
36908,0.054677,74.125.200.0-255,5738,294072,9,401584
36909,0.054686,172.31.36.0-255,66,294138,9,401584
36910,0.055313,172.31.36.0-255,188,294326,9,401584
36911,0.055359,172.31.36.0-255,960,295286,9,401584
36912,0.05546,172.31.36.0-255,1514,296800,9,401584
36913,0.055463,172.31.36.0-255,938,297738,9,401584
36914,0.056888,104.244.42.0-255,66,297804,9,401584
36915,0.056911,104.244.42.0-255,66,297870,9,401584
36916,0.056989,104.244.42.0-255,66,297936,9,401584
36917,0.057034,74.125.200.0-255,1484,299420,9,401584
36918,0.057062,74.125.200.0-255,4320,303740,9,401584
36919,0.057067,172.31.36.0-255,66,303806,9,401584
36920,0.059418,74.125.200.0-255,5738,309544,9,401584
36921,0.059424,172.31.36.0-255,66,309610,9,401584
36922,0.061785,74.125.200.0-255,5738,315348,9,401584
36923,0.061792,172.31.36.0-255,66,315414,9,401584
36924,0.064146,74.125.200.0-255,5738,321152,9,401584
36925,0.064151,172.31.36.0-255,66,321218,9,401584
36926,0.066506,74.125.200.0-255,4320,325538,9,401584
36927,0.066512,172.31.36.0-255,66,325604,9,401584
36928,0.066539,74.125.200.0-255,1484,327088,9,401584
36929,0.068871,74.125.200.0-255,4320,331408,9,401584
36930,0.068876,172.31.36.0-255,66,331474,9,401584
36931,0.07123,74.125.200.0-255,5738,337212,9,401584
36932,0.071236,172.31.36.0-255,66,337278,9,401584
36933,0.073583,74.125.200.0-255,5738,343016,9,401584
36934,0.073588,172.31.36.0-255,66,343082,9,401584
36935,0.075944,74.125.200.0-255,5738,348820,9,401584
36936,0.075949,172.31.36.0-255,66,348886,9,401584
36937,0.078319,74.125.200.0-255,5738,354624,9,401584
36938,0.078326,172.31.36.0-255,66,354690,9,401584
36939,0.080688,74.125.200.0-255,5738,360428,9,401584
36940,0.080694,172.31.36.0-255,66,360494,9,401584
36941,0.083054,74.125.200.0-255,4320,364814,9,401584
36942,0.083059,172.31.36.0-255,66,364880,9,401584
36943,0.083089,74.125.200.0-255,1484,366364,9,401584
36944,0.085441,74.125.200.0-255,4320,370684,9,401584
36945,0.085448,172.31.36.0-255,66,370750,9,401584
36946,0.087797,74.125.200.0-255,4320,375070,9,401584
36947,0.087803,172.31.36.0-255,66,375136,9,401584
36948,0.087831,74.125.200.0-255,1484,376620,9,401584
36949,0.090173,74.125.200.0-255,2902,379522,9,401584
36950,0.090178,172.31.36.0-255,66,379588,9,401584
36951,0.090205,74.125.200.0-255,1484,381072,9,401584
36952,0.092544,74.125.200.0-255,4320,385392,9,401584
36953,0.09255,172.31.36.0-255,66,385458,9,401584
36954,0.094904,74.125.200.0-255,5738,391196,9,401584
36955,0.094909,172.31.36.0-255,66,391262,9,401584
36956,0.097265,74.125.200.0-255,4320,395582,9,401584
36957,0.097271,172.31.36.0-255,66,395648,9,401584
36958,0.097301,74.125.200.0-255,1484,397132,9,401584
36959,0.099624,74.125.200.0-255,2902,400034,9,401584
36960,0.099629,172.31.36.0-255,66,400100,9,401584
36961,0.099659,74.125.200.0-255,1484,401584,9,401584
36962,0.0,74.125.68.0-255,153,153,9,307165
36963,2.8e-05,172.31.36.0-255,66,219,9,307165
36964,6.7e-05,74.125.68.0-255,1484,1703,9,307165
36965,7.2e-05,172.31.36.0-255,66,1769,9,307165
36966,7.5e-05,74.125.68.0-255,1484,3253,9,307165
36967,7.8e-05,172.31.36.0-255,66,3319,9,307165
36968,9e-05,74.125.68.0-255,1484,4803,9,307165
36969,9.3e-05,172.31.36.0-255,66,4869,9,307165
36970,0.000119,74.125.68.0-255,4320,9189,9,307165
36971,0.000121,172.31.36.0-255,66,9255,9,307165
36972,0.000142,74.125.68.0-255,4320,13575,9,307165
36973,0.000145,172.31.36.0-255,66,13641,9,307165
36974,0.000166,74.125.68.0-255,4872,18513,9,307165
36975,0.00017,172.31.36.0-255,66,18579,9,307165
36976,0.000183,172.31.36.0-255,66,18645,9,307165
36977,0.000188,74.125.68.0-255,2543,21188,9,307165
36978,0.00019,172.31.36.0-255,66,21254,9,307165
36979,0.00028,74.125.68.0-255,1484,22738,9,307165
36980,0.000284,172.31.36.0-255,66,22804,9,307165
36981,0.000304,74.125.68.0-255,2902,25706,9,307165
36982,0.000307,172.31.36.0-255,66,25772,9,307165
36983,0.000313,74.125.68.0-255,5738,31510,9,307165
36984,0.000315,172.31.36.0-255,66,31576,9,307165
36985,0.000349,172.31.36.0-255,66,31642,9,307165
36986,0.000363,74.125.68.0-255,2902,34544,9,307165
36987,0.000368,172.31.36.0-255,66,34610,9,307165
36988,0.000383,74.125.68.0-255,5738,40348,9,307165
36989,0.000386,172.31.36.0-255,66,40414,9,307165
36990,0.000393,74.125.68.0-255,5738,46152,9,307165
36991,0.000395,172.31.36.0-255,66,46218,9,307165
36992,0.000433,74.125.68.0-255,1483,47701,9,307165
36993,0.000462,74.125.68.0-255,328,48029,9,307165
36994,0.000465,172.31.36.0-255,66,48095,9,307165
36995,0.000674,74.125.68.0-255,1484,49579,9,307165
36996,0.000681,74.125.68.0-255,2902,52481,9,307165
36997,0.000686,172.31.36.0-255,66,52547,9,307165
36998,0.000695,74.125.68.0-255,2902,55449,9,307165
36999,0.000698,172.31.36.0-255,66,55515,9,307165
37000,0.000726,74.125.68.0-255,4320,59835,9,307165
37001,0.000729,172.31.36.0-255,66,59901,9,307165
37002,0.000735,74.125.68.0-255,4320,64221,9,307165
37003,0.000737,172.31.36.0-255,66,64287,9,307165
37004,0.000752,74.125.68.0-255,4320,68607,9,307165
37005,0.000755,172.31.36.0-255,66,68673,9,307165
37006,0.00076,74.125.68.0-255,4320,72993,9,307165
37007,0.000763,172.31.36.0-255,66,73059,9,307165
37008,0.000769,74.125.68.0-255,5738,78797,9,307165
37009,0.000772,172.31.36.0-255,66,78863,9,307165
37010,0.000795,74.125.68.0-255,1484,80347,9,307165
37011,0.000808,74.125.68.0-255,2184,82531,9,307165
37012,0.000811,172.31.36.0-255,66,82597,9,307165
37013,0.000845,74.125.68.0-255,4320,86917,9,307165
37014,0.000849,172.31.36.0-255,66,86983,9,307165
37015,0.00087,74.125.68.0-255,5738,92721,9,307165
37016,0.000872,172.31.36.0-255,66,92787,9,307165
37017,0.000895,74.125.68.0-255,7156,99943,9,307165
37018,0.000898,172.31.36.0-255,66,100009,9,307165
37019,0.000921,74.125.68.0-255,4320,104329,9,307165
37020,0.000924,172.31.36.0-255,66,104395,9,307165
37021,0.000929,74.125.68.0-255,4320,108715,9,307165
37022,0.000932,172.31.36.0-255,66,108781,9,307165
37023,0.00096,74.125.68.0-255,5738,114519,9,307165
37024,0.000964,172.31.36.0-255,66,114585,9,307165
37025,0.000983,74.125.68.0-255,2184,116769,9,307165
37026,0.000987,172.31.36.0-255,66,116835,9,307165
37027,0.001004,74.125.68.0-255,2902,119737,9,307165
37028,0.001007,172.31.36.0-255,66,119803,9,307165
37029,0.001025,74.125.68.0-255,4320,124123,9,307165
37030,0.001028,172.31.36.0-255,66,124189,9,307165
37031,0.001031,74.125.68.0-255,1484,125673,9,307165
37032,0.001054,74.125.68.0-255,7156,132829,9,307165
37033,0.001056,172.31.36.0-255,66,132895,9,307165
37034,0.001062,74.125.68.0-255,5738,138633,9,307165
37035,0.001064,172.31.36.0-255,66,138699,9,307165
37036,0.001068,74.125.68.0-255,1484,140183,9,307165
37037,0.001091,74.125.68.0-255,5738,145921,9,307165
37038,0.001094,172.31.36.0-255,66,145987,9,307165
37039,0.001109,74.125.68.0-255,5020,151007,9,307165
37040,0.001112,172.31.36.0-255,66,151073,9,307165
37041,0.001165,74.125.68.0-255,1484,152557,9,307165
37042,0.001168,74.125.68.0-255,1484,154041,9,307165
37043,0.001171,172.31.36.0-255,66,154107,9,307165
37044,0.001189,74.125.68.0-255,1484,155591,9,307165
37045,0.001195,74.125.68.0-255,4320,159911,9,307165
37046,0.001198,172.31.36.0-255,66,159977,9,307165
37047,0.001211,74.125.68.0-255,1484,161461,9,307165
37048,0.001217,74.125.68.0-255,2902,164363,9,307165
37049,0.001219,172.31.36.0-255,66,164429,9,307165
37050,0.001224,74.125.68.0-255,4320,168749,9,307165
37051,0.001227,172.31.36.0-255,66,168815,9,307165
37052,0.001248,172.31.36.0-255,66,168881,9,307165
37053,0.001253,74.125.68.0-255,2902,171783,9,307165
37054,0.001257,172.31.36.0-255,66,171849,9,307165
37055,0.001282,74.125.68.0-255,4320,176169,9,307165
37056,0.001285,172.31.36.0-255,66,176235,9,307165
37057,0.001288,74.125.68.0-255,766,177001,9,307165
37058,0.001363,74.125.68.0-255,1484,178485,9,307165
37059,0.001366,172.31.36.0-255,66,178551,9,307165
37060,0.001371,74.125.68.0-255,2902,181453,9,307165
37061,0.001373,172.31.36.0-255,66,181519,9,307165
37062,0.001393,74.125.68.0-255,5738,187257,9,307165
37063,0.001396,172.31.36.0-255,66,187323,9,307165
37064,0.0014,74.125.68.0-255,1484,188807,9,307165
37065,0.001418,74.125.68.0-255,4320,193127,9,307165
37066,0.001421,172.31.36.0-255,66,193193,9,307165
37067,0.001427,74.125.68.0-255,4320,197513,9,307165
37068,0.001429,172.31.36.0-255,66,197579,9,307165
37069,0.001444,74.125.68.0-255,2902,200481,9,307165
37070,0.001447,172.31.36.0-255,66,200547,9,307165
37071,0.001465,74.125.68.0-255,5738,206285,9,307165
37072,0.001467,172.31.36.0-255,66,206351,9,307165
37073,0.001483,74.125.68.0-255,5020,211371,9,307165
37074,0.001485,172.31.36.0-255,66,211437,9,307165
37075,0.001513,172.31.36.0-255,66,211503,9,307165
37076,0.001524,74.125.68.0-255,4320,215823,9,307165
37077,0.001528,172.31.36.0-255,66,215889,9,307165
37078,0.001589,172.31.36.0-255,66,215955,9,307165
37079,0.001592,74.125.68.0-255,766,216721,9,307165
37080,0.001621,74.125.68.0-255,1484,218205,9,307165
37081,0.001624,172.31.36.0-255,66,218271,9,307165
37082,0.001629,74.125.68.0-255,2902,221173,9,307165
37083,0.001632,172.31.36.0-255,66,221239,9,307165
37084,0.001659,74.125.68.0-255,5738,226977,9,307165
37085,0.001662,172.31.36.0-255,66,227043,9,307165
37086,0.001667,74.125.68.0-255,2902,229945,9,307165
37087,0.00167,172.31.36.0-255,66,230011,9,307165
37088,0.00167,74.125.68.0-255,2902,232913,9,307165
37089,0.001673,172.31.36.0-255,66,232979,9,307165
37090,0.001698,74.125.68.0-255,1484,234463,9,307165
37091,0.001709,172.31.36.0-255,66,234529,9,307165
37092,0.001717,74.125.68.0-255,7156,241685,9,307165
37093,0.00172,172.31.36.0-255,66,241751,9,307165
37094,0.001748,74.125.68.0-255,766,242517,9,307165
37095,0.001849,74.125.68.0-255,1484,244001,9,307165
37096,0.001853,172.31.36.0-255,66,244067,9,307165
37097,0.001858,74.125.68.0-255,2902,246969,9,307165
37098,0.00186,172.31.36.0-255,66,247035,9,307165
37099,0.001864,74.125.68.0-255,1484,248519,9,307165
37100,0.001877,74.125.68.0-255,2902,251421,9,307165
37101,0.00188,172.31.36.0-255,66,251487,9,307165
37102,0.0019,74.125.68.0-255,4320,255807,9,307165
37103,0.001903,172.31.36.0-255,66,255873,9,307165
37104,0.001921,74.125.68.0-255,1484,257357,9,307165
37105,0.001932,172.31.36.0-255,66,257423,9,307165
37106,0.001971,74.125.68.0-255,4320,261743,9,307165
37107,0.001976,172.31.36.0-255,66,261809,9,307165
37108,0.002,74.125.68.0-255,6438,268247,9,307165
37109,0.002004,172.31.36.0-255,66,268313,9,307165
37110,0.00201,172.31.36.0-255,66,268379,9,307165
37111,0.00203,74.125.68.0-255,2902,271281,9,307165
37112,0.002033,172.31.36.0-255,66,271347,9,307165
37113,0.002048,172.31.36.0-255,66,271413,9,307165
37114,0.002063,74.125.68.0-255,1484,272897,9,307165
37115,0.002089,172.31.36.0-255,66,272963,9,307165
37116,0.002122,172.31.36.0-255,66,273029,9,307165
37117,0.002129,74.125.68.0-255,7156,280185,9,307165
37118,0.002132,172.31.36.0-255,66,280251,9,307165
37119,0.004222,74.125.68.0-255,5738,285989,9,307165
37120,0.004229,172.31.36.0-255,66,286055,9,307165
37121,0.006299,74.125.68.0-255,4320,290375,9,307165
37122,0.006303,172.31.36.0-255,66,290441,9,307165
37123,0.006316,74.125.68.0-255,1484,291925,9,307165
37124,0.008369,74.125.68.0-255,4320,296245,9,307165
37125,0.008373,172.31.36.0-255,66,296311,9,307165
37126,0.01045,74.125.68.0-255,5738,302049,9,307165
37127,0.010457,172.31.36.0-255,66,302115,9,307165
37128,0.012528,74.125.68.0-255,2241,304356,9,307165
37129,0.012535,172.31.36.0-255,66,304422,9,307165
37130,0.016783,172.31.36.0-255,105,304527,9,307165
37131,0.016811,172.31.36.0-255,105,304632,9,307165
37132,0.017051,172.31.36.0-255,90,304722,9,307165
37133,0.017062,172.31.36.0-255,66,304788,9,307165
37134,0.018829,74.125.68.0-255,66,304854,9,307165
37135,0.018842,74.125.68.0-255,66,304920,9,307165
37136,0.019083,74.125.68.0-255,66,304986,9,307165
37137,0.019111,74.125.68.0-255,66,305052,9,307165
37138,0.01912,172.31.36.0-255,66,305118,9,307165
37139,0.037285,172.31.36.0-255,172,305290,9,307165
37140,0.037314,172.31.36.0-255,1117,306407,9,307165
37141,0.037346,172.31.36.0-255,560,306967,9,307165
37142,0.038778,104.244.42.0-255,66,307033,9,307165
37143,0.038798,104.244.42.0-255,66,307099,9,307165
37144,0.038818,104.244.42.0-255,66,307165,9,307165
37145,0.0,172.31.36.0-255,105,105,9,276
37146,0.067209,31.13.82.0-255,105,210,9,276
37147,0.067229,172.31.36.0-255,66,276,9,276
37148,0.0,172.31.36.0-255,188,188,9,11811
37149,3.4e-05,172.31.36.0-255,982,1170,9,11811
37150,0.000126,172.31.36.0-255,1514,2684,9,11811
37151,0.000128,172.31.36.0-255,1514,4198,9,11811
37152,0.000129,172.31.36.0-255,1514,5712,9,11811
37153,0.000131,172.31.36.0-255,1514,7226,9,11811
37154,0.000137,172.31.36.0-255,1514,8740,9,11811
37155,0.000138,172.31.36.0-255,1514,10254,9,11811
37156,0.000139,172.31.36.0-255,1293,11547,9,11811
37157,0.001565,104.244.42.0-255,66,11613,9,11811
37158,0.001637,104.244.42.0-255,66,11679,9,11811
37159,0.001725,104.244.42.0-255,66,11745,9,11811
37160,0.001731,104.244.42.0-255,66,11811,9,11811
37161,0.0,74.125.24.0-255,153,153,9,341551
37162,1.3e-05,172.31.36.0-255,66,219,9,341551
37163,2e-05,74.125.24.0-255,1484,1703,9,341551
37164,2.5e-05,172.31.36.0-255,66,1769,9,341551
37165,3.1e-05,74.125.24.0-255,2902,4671,9,341551
37166,3.4e-05,172.31.36.0-255,66,4737,9,341551
37167,4.2e-05,74.125.24.0-255,7156,11893,9,341551
37168,4.6e-05,172.31.36.0-255,66,11959,9,341551
37169,7e-05,74.125.24.0-255,4320,16279,9,341551
37170,7.3e-05,172.31.36.0-255,66,16345,9,341551
37171,0.0001,172.31.36.0-255,66,16411,9,341551
37172,0.000127,74.125.24.0-255,3961,20372,9,341551
37173,0.00013,172.31.36.0-255,66,20438,9,341551
37174,0.000389,74.125.24.0-255,1484,21922,9,341551
37175,0.000395,74.125.24.0-255,2902,24824,9,341551
37176,0.000401,172.31.36.0-255,66,24890,9,341551
37177,0.000406,172.31.36.0-255,66,24956,9,341551
37178,0.000426,74.125.24.0-255,5738,30694,9,341551
37179,0.000429,172.31.36.0-255,66,30760,9,341551
37180,0.000432,74.125.24.0-255,1484,32244,9,341551
37181,0.000434,172.31.36.0-255,66,32310,9,341551
37182,0.000442,74.125.24.0-255,5738,38048,9,341551
37183,0.000444,172.31.36.0-255,66,38114,9,341551
37184,0.000458,74.125.24.0-255,3961,42075,9,341551
37185,0.00046,172.31.36.0-255,66,42141,9,341551
37186,0.000466,74.125.24.0-255,4320,46461,9,341551
37187,0.000469,172.31.36.0-255,66,46527,9,341551
37188,0.000502,172.31.36.0-255,66,46593,9,341551
37189,0.000969,74.125.24.0-255,377,46970,9,341551
37190,0.000976,172.31.36.0-255,66,47036,9,341551
37191,0.001113,74.125.24.0-255,1484,48520,9,341551
37192,0.001138,74.125.24.0-255,2902,51422,9,341551
37193,0.001141,172.31.36.0-255,66,51488,9,341551
37194,0.001149,74.125.24.0-255,5738,57226,9,341551
37195,0.001151,172.31.36.0-255,66,57292,9,341551
37196,0.001174,74.125.24.0-255,4320,61612,9,341551
37197,0.001177,172.31.36.0-255,66,61678,9,341551
37198,0.001193,74.125.24.0-255,4320,65998,9,341551
37199,0.001196,172.31.36.0-255,66,66064,9,341551
37200,0.001237,172.31.36.0-255,66,66130,9,341551
37201,0.001245,74.125.24.0-255,6797,72927,9,341551
37202,0.001247,172.31.36.0-255,66,72993,9,341551
37203,0.003344,74.125.24.0-255,4320,77313,9,341551
37204,0.003351,172.31.36.0-255,66,77379,9,341551
37205,0.00337,74.125.24.0-255,1484,78863,9,341551
37206,0.00542,74.125.24.0-255,4320,83183,9,341551
37207,0.005425,172.31.36.0-255,66,83249,9,341551
37208,0.007533,74.125.24.0-255,5738,88987,9,341551
37209,0.007541,172.31.36.0-255,66,89053,9,341551
37210,0.00967,74.125.24.0-255,5738,94791,9,341551
37211,0.00968,172.31.36.0-255,66,94857,9,341551
37212,0.011796,74.125.24.0-255,5738,100595,9,341551
37213,0.011805,172.31.36.0-255,66,100661,9,341551
37214,0.01397,74.125.24.0-255,5738,106399,9,341551
37215,0.013979,172.31.36.0-255,66,106465,9,341551
37216,0.016166,74.125.24.0-255,5738,112203,9,341551
37217,0.016175,172.31.36.0-255,66,112269,9,341551
37218,0.01832,74.125.24.0-255,5738,118007,9,341551
37219,0.018328,172.31.36.0-255,66,118073,9,341551
37220,0.020424,74.125.24.0-255,5738,123811,9,341551
37221,0.020431,172.31.36.0-255,66,123877,9,341551
37222,0.022543,74.125.24.0-255,5738,129615,9,341551
37223,0.022551,172.31.36.0-255,66,129681,9,341551
37224,0.024659,74.125.24.0-255,5738,135419,9,341551
37225,0.024667,172.31.36.0-255,66,135485,9,341551
37226,0.026787,74.125.24.0-255,5738,141223,9,341551
37227,0.026795,172.31.36.0-255,66,141289,9,341551
37228,0.028884,74.125.24.0-255,5738,147027,9,341551
37229,0.028893,172.31.36.0-255,66,147093,9,341551
37230,0.02976,172.31.36.0-255,167,147260,9,341551
37231,0.029794,172.31.36.0-255,1116,148376,9,341551
37232,0.029852,172.31.36.0-255,1514,149890,9,341551
37233,0.029854,172.31.36.0-255,1283,151173,9,341551
37234,0.030997,74.125.24.0-255,5738,156911,9,341551
37235,0.031004,172.31.36.0-255,66,156977,9,341551
37236,0.031294,104.244.42.0-255,66,157043,9,341551
37237,0.031347,104.244.42.0-255,66,157109,9,341551
37238,0.031442,104.244.42.0-255,66,157175,9,341551
37239,0.033103,74.125.24.0-255,5738,162913,9,341551
37240,0.033111,172.31.36.0-255,66,162979,9,341551
37241,0.035255,74.125.24.0-255,5738,168717,9,341551
37242,0.035262,172.31.36.0-255,66,168783,9,341551
37243,0.037354,74.125.24.0-255,5738,174521,9,341551
37244,0.037361,172.31.36.0-255,66,174587,9,341551
37245,0.03946,74.125.24.0-255,5738,180325,9,341551
37246,0.039467,172.31.36.0-255,66,180391,9,341551
37247,0.041608,74.125.24.0-255,5738,186129,9,341551
37248,0.041618,172.31.36.0-255,66,186195,9,341551
37249,0.043749,74.125.24.0-255,5738,191933,9,341551
37250,0.043756,172.31.36.0-255,66,191999,9,341551
37251,0.045869,74.125.24.0-255,5738,197737,9,341551
37252,0.045876,172.31.36.0-255,66,197803,9,341551
37253,0.048043,74.125.24.0-255,5738,203541,9,341551
37254,0.04805,172.31.36.0-255,66,203607,9,341551
37255,0.050215,74.125.24.0-255,5738,209345,9,341551
37256,0.050222,172.31.36.0-255,66,209411,9,341551
37257,0.052315,74.125.24.0-255,5738,215149,9,341551
37258,0.052322,172.31.36.0-255,66,215215,9,341551
37259,0.054465,74.125.24.0-255,5738,220953,9,341551
37260,0.054472,172.31.36.0-255,66,221019,9,341551
37261,0.056637,74.125.24.0-255,5738,226757,9,341551
37262,0.056645,172.31.36.0-255,66,226823,9,341551
37263,0.058797,74.125.24.0-255,5738,232561,9,341551
37264,0.058803,172.31.36.0-255,66,232627,9,341551
37265,0.060895,74.125.24.0-255,5738,238365,9,341551
37266,0.060901,172.31.36.0-255,66,238431,9,341551
37267,0.063004,74.125.24.0-255,5738,244169,9,341551
37268,0.063011,172.31.36.0-255,66,244235,9,341551
37269,0.065146,74.125.24.0-255,5738,249973,9,341551
37270,0.065154,172.31.36.0-255,66,250039,9,341551
37271,0.067318,74.125.24.0-255,5738,255777,9,341551
37272,0.067326,172.31.36.0-255,66,255843,9,341551
37273,0.069453,74.125.24.0-255,5738,261581,9,341551
37274,0.06946,172.31.36.0-255,66,261647,9,341551
37275,0.071622,74.125.24.0-255,5738,267385,9,341551
37276,0.071629,172.31.36.0-255,66,267451,9,341551
37277,0.073748,74.125.24.0-255,5738,273189,9,341551
37278,0.073756,172.31.36.0-255,66,273255,9,341551
37279,0.075844,74.125.24.0-255,5738,278993,9,341551
37280,0.075851,172.31.36.0-255,66,279059,9,341551
37281,0.078001,74.125.24.0-255,5738,284797,9,341551
37282,0.078008,172.31.36.0-255,66,284863,9,341551
37283,0.080083,74.125.24.0-255,4320,289183,9,341551
37284,0.080089,172.31.36.0-255,66,289249,9,341551
37285,0.080109,74.125.24.0-255,1484,290733,9,341551
37286,0.082244,74.125.24.0-255,4320,295053,9,341551
37287,0.082251,172.31.36.0-255,66,295119,9,341551
37288,0.084428,74.125.24.0-255,5738,300857,9,341551
37289,0.084434,172.31.36.0-255,66,300923,9,341551
37290,0.086618,74.125.24.0-255,5738,306661,9,341551
37291,0.086625,172.31.36.0-255,66,306727,9,341551
37292,0.088735,74.125.24.0-255,5738,312465,9,341551
37293,0.088742,172.31.36.0-255,66,312531,9,341551
37294,0.09088,74.125.24.0-255,5738,318269,9,341551
37295,0.090888,172.31.36.0-255,66,318335,9,341551
37296,0.093005,74.125.24.0-255,5738,324073,9,341551
37297,0.093013,172.31.36.0-255,66,324139,9,341551
37298,0.095151,74.125.24.0-255,5738,329877,9,341551
37299,0.095161,172.31.36.0-255,66,329943,9,341551
37300,0.097249,74.125.24.0-255,5738,335681,9,341551
37301,0.097258,172.31.36.0-255,66,335747,9,341551
37302,0.099369,74.125.24.0-255,5738,341485,9,341551
37303,0.099384,172.31.36.0-255,66,341551,9,341551
37304,0.0,172.31.36.0-255,105,105,9,276
37305,0.07367,31.13.82.0-255,105,210,9,276
37306,0.073691,172.31.36.0-255,66,276,9,276
37307,0.0,172.217.194.0-255,153,153,9,152397
37308,2.4e-05,172.31.36.0-255,66,219,9,152397
37309,3.1e-05,172.217.194.0-255,1484,1703,9,152397
37310,3.5e-05,172.31.36.0-255,66,1769,9,152397
37311,4.1e-05,172.217.194.0-255,2902,4671,9,152397
37312,4.5e-05,172.31.36.0-255,66,4737,9,152397
37313,5.3e-05,172.217.194.0-255,7156,11893,9,152397
37314,5.6e-05,172.31.36.0-255,66,11959,9,152397
37315,6e-05,172.217.194.0-255,2056,14015,9,152397
37316,6.2e-05,172.31.36.0-255,66,14081,9,152397
37317,9e-05,172.217.194.0-255,2902,16983,9,152397
37318,9.4e-05,172.31.36.0-255,66,17049,9,152397
37319,0.000101,172.217.194.0-255,7156,24205,9,152397
37320,0.000104,172.31.36.0-255,66,24271,9,152397
37321,0.000107,172.217.194.0-255,1484,25755,9,152397
37322,0.000109,172.31.36.0-255,66,25821,9,152397
37323,0.000139,172.217.194.0-255,5379,31200,9,152397
37324,0.000141,172.31.36.0-255,66,31266,9,152397
37325,0.000157,172.217.194.0-255,1484,32750,9,152397
37326,0.000159,172.31.36.0-255,66,32816,9,152397
37327,0.000175,172.217.194.0-255,2902,35718,9,152397
37328,0.000177,172.31.36.0-255,66,35784,9,152397
37329,0.000184,172.217.194.0-255,5738,41522,9,152397
37330,0.000186,172.31.36.0-255,66,41588,9,152397
37331,0.000202,172.217.194.0-255,2902,44490,9,152397
37332,0.000204,172.31.36.0-255,66,44556,9,152397
37333,0.000245,172.31.36.0-255,66,44622,9,152397
37334,0.000257,172.31.36.0-255,66,44688,9,152397
37335,0.000259,172.217.194.0-255,389,45077,9,152397
37336,0.000262,172.31.36.0-255,66,45143,9,152397
37337,0.000298,172.217.194.0-255,386,45529,9,152397
37338,0.000454,172.217.194.0-255,1484,47013,9,152397
37339,0.000459,172.31.36.0-255,66,47079,9,152397
37340,0.000465,172.217.194.0-255,2902,49981,9,152397
37341,0.000468,172.31.36.0-255,66,50047,9,152397
37342,0.000475,172.217.194.0-255,5738,55785,9,152397
37343,0.000477,172.31.36.0-255,66,55851,9,152397
37344,0.000529,172.31.36.0-255,66,55917,9,152397
37345,0.000553,172.217.194.0-255,1484,57401,9,152397
37346,0.000566,172.31.36.0-255,66,57467,9,152397
37347,0.000688,172.217.194.0-255,1484,58951,9,152397
37348,0.000692,172.217.194.0-255,2902,61853,9,152397
37349,0.000699,172.31.36.0-255,66,61919,9,152397
37350,0.00072,172.217.194.0-255,5738,67657,9,152397
37351,0.000723,172.31.36.0-255,66,67723,9,152397
37352,0.000735,172.31.36.0-255,66,67789,9,152397
37353,0.000752,172.217.194.0-255,4320,72109,9,152397
37354,0.000754,172.31.36.0-255,66,72175,9,152397
37355,0.000766,172.31.36.0-255,66,72241,9,152397
37356,0.000769,172.217.194.0-255,766,73007,9,152397
37357,0.000797,172.217.194.0-255,1484,74491,9,152397
37358,0.0008,172.31.36.0-255,66,74557,9,152397
37359,0.000805,172.217.194.0-255,2902,77459,9,152397
37360,0.000807,172.31.36.0-255,66,77525,9,152397
37361,0.000819,172.217.194.0-255,1484,79009,9,152397
37362,0.000826,172.217.194.0-255,5738,84747,9,152397
37363,0.000829,172.31.36.0-255,66,84813,9,152397
37364,0.000861,172.217.194.0-255,4320,89133,9,152397
37365,0.000864,172.31.36.0-255,66,89199,9,152397
37366,0.000875,172.31.36.0-255,66,89265,9,152397
37367,0.000905,172.31.36.0-255,66,89331,9,152397
37368,0.000937,172.217.194.0-255,4320,93651,9,152397
37369,0.00094,172.31.36.0-255,66,93717,9,152397
37370,0.000947,172.217.194.0-255,5738,99455,9,152397
37371,0.000949,172.31.36.0-255,66,99521,9,152397
37372,0.00099,172.31.36.0-255,66,99587,9,152397
37373,0.000995,172.217.194.0-255,4320,103907,9,152397
37374,0.000997,172.31.36.0-255,66,103973,9,152397
37375,0.001025,172.31.36.0-255,66,104039,9,152397
37376,0.001039,172.217.194.0-255,1484,105523,9,152397
37377,0.001043,172.217.194.0-255,2902,108425,9,152397
37378,0.001045,172.31.36.0-255,66,108491,9,152397
37379,0.001049,172.217.194.0-255,1484,109975,9,152397
37380,0.00107,172.217.194.0-255,4320,114295,9,152397
37381,0.001073,172.31.36.0-255,66,114361,9,152397
37382,0.001078,172.217.194.0-255,4320,118681,9,152397
37383,0.001082,172.31.36.0-255,66,118747,9,152397
37384,0.001103,172.31.36.0-255,66,118813,9,152397
37385,0.001116,172.31.36.0-255,66,118879,9,152397
37386,0.001138,172.217.194.0-255,1484,120363,9,152397
37387,0.001184,172.31.36.0-255,66,120429,9,152397
37388,0.001211,172.217.194.0-255,5738,126167,9,152397
37389,0.001214,172.31.36.0-255,66,126233,9,152397
37390,0.001225,172.31.36.0-255,66,126299,9,152397
37391,0.001293,172.31.36.0-255,66,126365,9,152397
37392,0.001306,172.31.36.0-255,66,126431,9,152397
37393,0.001318,172.31.36.0-255,66,126497,9,152397
37394,0.001323,172.217.194.0-255,4320,130817,9,152397
37395,0.001325,172.31.36.0-255,66,130883,9,152397
37396,0.001331,172.217.194.0-255,5738,136621,9,152397
37397,0.001334,172.31.36.0-255,66,136687,9,152397
37398,0.001345,172.31.36.0-255,66,136753,9,152397
37399,0.001365,172.217.194.0-255,2902,139655,9,152397
37400,0.001367,172.31.36.0-255,66,139721,9,152397
37401,0.001381,172.31.36.0-255,66,139787,9,152397
37402,0.001404,172.217.194.0-255,5738,145525,9,152397
37403,0.001407,172.31.36.0-255,66,145591,9,152397
37404,0.001457,172.31.36.0-255,66,145657,9,152397
37405,0.001467,172.31.36.0-255,66,145723,9,152397
37406,0.001529,172.31.36.0-255,66,145789,9,152397
37407,0.001544,172.31.36.0-255,66,145855,9,152397
37408,0.001547,172.217.194.0-255,105,145960,9,152397
37409,0.004437,172.31.36.0-255,66,146026,9,152397
37410,0.004475,172.31.36.0-255,105,146131,9,152397
37411,0.006654,172.217.194.0-255,66,146197,9,152397
37412,0.056372,172.31.36.0-255,172,146369,9,152397
37413,0.056408,172.31.36.0-255,1117,147486,9,152397
37414,0.056498,172.31.36.0-255,1514,149000,9,152397
37415,0.0565,172.31.36.0-255,1514,150514,9,152397
37416,0.056501,172.31.36.0-255,1514,152028,9,152397
37417,0.056557,172.31.36.0-255,105,152133,9,152397
37418,0.057912,104.244.42.0-255,66,152199,9,152397
37419,0.057922,104.244.42.0-255,66,152265,9,152397
37420,0.058017,104.244.42.0-255,66,152331,9,152397
37421,0.058081,104.244.42.0-255,66,152397,9,152397
37422,0.0,172.217.194.0-255,152,152,9,183806
37423,2.2e-05,172.31.36.0-255,66,218,9,183806
37424,3e-05,172.217.194.0-255,1484,1702,9,183806
37425,3.4e-05,172.31.36.0-255,66,1768,9,183806
37426,4e-05,172.217.194.0-255,2902,4670,9,183806
37427,4.3e-05,172.31.36.0-255,66,4736,9,183806
37428,5.1e-05,172.217.194.0-255,7156,11892,9,183806
37429,5.3e-05,172.31.36.0-255,66,11958,9,183806
37430,5.8e-05,172.217.194.0-255,2064,14022,9,183806
37431,6.1e-05,172.31.36.0-255,66,14088,9,183806
37432,8.9e-05,172.217.194.0-255,5738,19826,9,183806
37433,9.2e-05,172.31.36.0-255,66,19892,9,183806
37434,0.000113,172.217.194.0-255,5738,25630,9,183806
37435,0.000116,172.31.36.0-255,66,25696,9,183806
37436,0.00013,172.31.36.0-255,66,25762,9,183806
37437,0.000159,172.217.194.0-255,4320,30082,9,183806
37438,0.000161,172.31.36.0-255,66,30148,9,183806
37439,0.000168,172.217.194.0-255,6438,36586,9,183806
37440,0.00017,172.31.36.0-255,66,36652,9,183806
37441,0.00019,172.217.194.0-255,7156,43808,9,183806
37442,0.000192,172.31.36.0-255,66,43874,9,183806
37443,0.000214,172.217.194.0-255,4320,48194,9,183806
37444,0.000216,172.31.36.0-255,66,48260,9,183806
37445,0.000251,172.217.194.0-255,4320,52580,9,183806
37446,0.000254,172.31.36.0-255,66,52646,9,183806
37447,0.000266,172.217.194.0-255,1416,54062,9,183806
37448,0.000268,172.31.36.0-255,66,54128,9,183806
37449,0.000608,172.217.194.0-255,98,54226,9,183806
37450,0.000614,172.31.36.0-255,66,54292,9,183806
37451,0.000752,172.217.194.0-255,1484,55776,9,183806
37452,0.000757,172.31.36.0-255,66,55842,9,183806
37453,0.000762,172.217.194.0-255,2902,58744,9,183806
37454,0.000764,172.31.36.0-255,66,58810,9,183806
37455,0.000768,172.217.194.0-255,1484,60294,9,183806
37456,0.00079,172.217.194.0-255,4320,64614,9,183806
37457,0.000793,172.31.36.0-255,66,64680,9,183806
37458,0.000826,172.31.36.0-255,66,64746,9,183806
37459,0.000888,172.31.36.0-255,66,64812,9,183806
37460,0.000931,172.217.194.0-255,1484,66296,9,183806
37461,0.000936,172.217.194.0-255,2902,69198,9,183806
37462,0.000942,172.31.36.0-255,66,69264,9,183806
37463,0.000953,172.217.194.0-255,5738,75002,9,183806
37464,0.000956,172.31.36.0-255,66,75068,9,183806
37465,0.000981,172.217.194.0-255,4320,79388,9,183806
37466,0.000984,172.31.36.0-255,66,79454,9,183806
37467,0.00103,172.31.36.0-255,66,79520,9,183806
37468,0.00104,172.31.36.0-255,66,79586,9,183806
37469,0.001212,172.217.194.0-255,1484,81070,9,183806
37470,0.001218,172.217.194.0-255,2902,83972,9,183806
37471,0.001221,172.31.36.0-255,66,84038,9,183806
37472,0.001248,172.217.194.0-255,5738,89776,9,183806
37473,0.001251,172.31.36.0-255,66,89842,9,183806
37474,0.001285,172.31.36.0-255,66,89908,9,183806
37475,0.001296,172.31.36.0-255,66,89974,9,183806
37476,0.001316,172.217.194.0-255,2184,92158,9,183806
37477,0.001319,172.31.36.0-255,66,92224,9,183806
37478,0.001835,172.217.194.0-255,1484,93708,9,183806
37479,0.001842,172.217.194.0-255,2902,96610,9,183806
37480,0.001846,172.31.36.0-255,66,96676,9,183806
37481,0.001858,172.217.194.0-255,1484,98160,9,183806
37482,0.001878,172.217.194.0-255,4320,102480,9,183806
37483,0.001881,172.31.36.0-255,66,102546,9,183806
37484,0.001885,172.217.194.0-255,2902,105448,9,183806
37485,0.001887,172.31.36.0-255,66,105514,9,183806
37486,0.001913,172.31.36.0-255,66,105580,9,183806
37487,0.001964,172.31.36.0-255,66,105646,9,183806
37488,0.001985,172.217.194.0-255,4320,109966,9,183806
37489,0.001987,172.31.36.0-255,66,110032,9,183806
37490,0.002013,172.217.194.0-255,6438,116470,9,183806
37491,0.002016,172.31.36.0-255,66,116536,9,183806
37492,0.002028,172.31.36.0-255,66,116602,9,183806
37493,0.002034,172.217.194.0-255,4320,120922,9,183806
37494,0.002037,172.31.36.0-255,66,120988,9,183806
37495,0.002067,172.31.36.0-255,66,121054,9,183806
37496,0.002108,172.217.194.0-255,1484,122538,9,183806
37497,0.002125,172.217.194.0-255,2902,125440,9,183806
37498,0.002129,172.31.36.0-255,66,125506,9,183806
37499,0.002136,172.217.194.0-255,5738,131244,9,183806
37500,0.002138,172.31.36.0-255,66,131310,9,183806
37501,0.002183,172.31.36.0-255,66,131376,9,183806
37502,0.002194,172.31.36.0-255,66,131442,9,183806
37503,0.00222,172.217.194.0-255,2184,133626,9,183806
37504,0.002223,172.31.36.0-255,66,133692,9,183806
37505,0.002251,172.31.36.0-255,66,133758,9,183806
37506,0.002294,172.217.194.0-255,7156,140914,9,183806
37507,0.002297,172.31.36.0-255,66,140980,9,183806
37508,0.002316,172.217.194.0-255,2902,143882,9,183806
37509,0.002318,172.31.36.0-255,66,143948,9,183806
37510,0.002334,172.31.36.0-255,66,144014,9,183806
37511,0.002359,172.31.36.0-255,66,144080,9,183806
37512,0.002382,172.217.194.0-255,5738,149818,9,183806
37513,0.002385,172.31.36.0-255,66,149884,9,183806
37514,0.002401,172.217.194.0-255,4320,154204,9,183806
37515,0.00242,172.217.194.0-255,7156,161360,9,183806
37516,0.002437,172.217.194.0-255,5738,167098,9,183806
37517,0.002466,172.217.194.0-255,5738,172836,9,183806
37518,0.006772,172.31.36.0-255,66,172902,9,183806
37519,0.007036,172.31.36.0-255,101,173003,9,183806
37520,0.009302,172.217.194.0-255,105,173108,9,183806
37521,0.009583,172.217.194.0-255,66,173174,9,183806
37522,0.010408,172.31.36.0-255,105,173279,9,183806
37523,0.012931,172.217.194.0-255,66,173345,9,183806
37524,0.03898,172.31.36.0-255,172,173517,9,183806
37525,0.039017,172.31.36.0-255,1116,174633,9,183806
37526,0.039083,172.31.36.0-255,1514,176147,9,183806
37527,0.039086,172.31.36.0-255,1514,177661,9,183806
37528,0.039087,172.31.36.0-255,1514,179175,9,183806
37529,0.039088,172.31.36.0-255,1514,180689,9,183806
37530,0.039116,172.31.36.0-255,1514,182203,9,183806
37531,0.039118,172.31.36.0-255,1165,183368,9,183806
37532,0.040527,104.244.42.0-255,66,183434,9,183806
37533,0.040539,104.244.42.0-255,66,183500,9,183806
37534,0.04068,104.244.42.0-255,66,183566,9,183806
37535,0.040686,104.244.42.0-255,66,183632,9,183806
37536,0.045815,172.31.36.0-255,108,183740,9,183806
37537,0.04733,104.244.42.0-255,66,183806,9,183806
37538,0.0,172.253.118.0-255,296,296,9,275675
37539,2.3e-05,172.31.36.0-255,66,362,9,275675
37540,3e-05,172.253.118.0-255,1484,1846,9,275675
37541,3.4e-05,172.31.36.0-255,66,1912,9,275675
37542,4e-05,172.253.118.0-255,4320,6232,9,275675
37543,5.3e-05,172.31.36.0-255,66,6298,9,275675
37544,6.6e-05,172.31.36.0-255,66,6364,9,275675
37545,7.9e-05,172.31.36.0-255,66,6430,9,275675
37546,0.000105,172.253.118.0-255,5379,11809,9,275675
37547,0.000112,172.31.36.0-255,66,11875,9,275675
37548,0.000165,172.253.118.0-255,1484,13359,9,275675
37549,0.000168,172.31.36.0-255,66,13425,9,275675
37550,0.000173,172.253.118.0-255,2902,16327,9,275675
37551,0.000175,172.31.36.0-255,66,16393,9,275675
37552,0.000205,172.253.118.0-255,4320,20713,9,275675
37553,0.000207,172.31.36.0-255,66,20779,9,275675
37554,0.000213,172.253.118.0-255,5738,26517,9,275675
37555,0.000216,172.31.36.0-255,66,26583,9,275675
37556,0.000242,172.253.118.0-255,2543,29126,9,275675
37557,0.000244,172.31.36.0-255,66,29192,9,275675
37558,0.00291,172.253.118.0-255,1484,30676,9,275675
37559,0.002919,172.31.36.0-255,66,30742,9,275675
37560,0.002929,172.253.118.0-255,2902,33644,9,275675
37561,0.002937,172.31.36.0-255,66,33710,9,275675
37562,0.002941,172.253.118.0-255,1484,35194,9,275675
37563,0.002944,172.31.36.0-255,66,35260,9,275675
37564,0.00522,172.253.118.0-255,2902,38162,9,275675
37565,0.005224,172.31.36.0-255,66,38228,9,275675
37566,0.005268,172.253.118.0-255,2902,41130,9,275675
37567,0.005282,172.31.36.0-255,66,41196,9,275675
37568,0.007547,172.253.118.0-255,2902,44098,9,275675
37569,0.007553,172.31.36.0-255,66,44164,9,275675
37570,0.007576,172.253.118.0-255,2902,47066,9,275675
37571,0.007579,172.31.36.0-255,66,47132,9,275675
37572,0.009864,172.253.118.0-255,2902,50034,9,275675
37573,0.009871,172.31.36.0-255,66,50100,9,275675
37574,0.0099,172.253.118.0-255,2902,53002,9,275675
37575,0.009903,172.31.36.0-255,66,53068,9,275675
37576,0.012194,172.253.118.0-255,4320,57388,9,275675
37577,0.012202,172.31.36.0-255,66,57454,9,275675
37578,0.012233,172.253.118.0-255,1484,58938,9,275675
37579,0.014504,172.253.118.0-255,4320,63258,9,275675
37580,0.014513,172.31.36.0-255,66,63324,9,275675
37581,0.016837,172.253.118.0-255,5738,69062,9,275675
37582,0.016848,172.31.36.0-255,66,69128,9,275675
37583,0.019152,172.253.118.0-255,5738,74866,9,275675
37584,0.019162,172.31.36.0-255,66,74932,9,275675
37585,0.021439,172.253.118.0-255,5738,80670,9,275675
37586,0.021449,172.31.36.0-255,66,80736,9,275675
37587,0.023738,172.253.118.0-255,5738,86474,9,275675
37588,0.023747,172.31.36.0-255,66,86540,9,275675
37589,0.025392,172.31.36.0-255,172,86712,9,275675
37590,0.025424,172.31.36.0-255,1116,87828,9,275675
37591,0.025485,172.31.36.0-255,1514,89342,9,275675
37592,0.025487,172.31.36.0-255,1514,90856,9,275675
37593,0.025492,172.31.36.0-255,1514,92370,9,275675
37594,0.025493,172.31.36.0-255,1063,93433,9,275675
37595,0.026034,172.253.118.0-255,2902,96335,9,275675
37596,0.02604,172.31.36.0-255,66,96401,9,275675
37597,0.026067,172.253.118.0-255,2902,99303,9,275675
37598,0.02607,172.31.36.0-255,66,99369,9,275675
37599,0.02696,104.244.42.0-255,66,99435,9,275675
37600,0.026995,104.244.42.0-255,66,99501,9,275675
37601,0.027053,104.244.42.0-255,66,99567,9,275675
37602,0.027058,104.244.42.0-255,66,99633,9,275675
37603,0.027703,104.244.42.0-255,108,99741,9,275675
37604,0.027711,172.31.36.0-255,66,99807,9,275675
37605,0.028342,172.253.118.0-255,4320,104127,9,275675
37606,0.028347,172.31.36.0-255,66,104193,9,275675
37607,0.028375,172.253.118.0-255,1484,105677,9,275675
37608,0.03064,172.253.118.0-255,4320,109997,9,275675
37609,0.030648,172.31.36.0-255,66,110063,9,275675
37610,0.032945,172.253.118.0-255,5738,115801,9,275675
37611,0.032953,172.31.36.0-255,66,115867,9,275675
37612,0.035253,172.253.118.0-255,5738,121605,9,275675
37613,0.03526,172.31.36.0-255,66,121671,9,275675
37614,0.037551,172.253.118.0-255,5738,127409,9,275675
37615,0.037558,172.31.36.0-255,66,127475,9,275675
37616,0.039878,172.253.118.0-255,5738,133213,9,275675
37617,0.03989,172.31.36.0-255,66,133279,9,275675
37618,0.042173,172.253.118.0-255,5738,139017,9,275675
37619,0.042182,172.31.36.0-255,66,139083,9,275675
37620,0.044492,172.253.118.0-255,5738,144821,9,275675
37621,0.0445,172.31.36.0-255,66,144887,9,275675
37622,0.046819,172.253.118.0-255,5738,150625,9,275675
37623,0.046828,172.31.36.0-255,66,150691,9,275675
37624,0.049144,172.253.118.0-255,5738,156429,9,275675
37625,0.049156,172.31.36.0-255,66,156495,9,275675
37626,0.051474,172.253.118.0-255,5738,162233,9,275675
37627,0.051487,172.31.36.0-255,66,162299,9,275675
37628,0.053794,172.253.118.0-255,5738,168037,9,275675
37629,0.053803,172.31.36.0-255,66,168103,9,275675
37630,0.056115,172.253.118.0-255,5738,173841,9,275675
37631,0.056123,172.31.36.0-255,66,173907,9,275675
37632,0.058407,172.253.118.0-255,5738,179645,9,275675
37633,0.058414,172.31.36.0-255,66,179711,9,275675
37634,0.060718,172.253.118.0-255,5738,185449,9,275675
37635,0.060731,172.31.36.0-255,66,185515,9,275675
37636,0.063046,172.253.118.0-255,5738,191253,9,275675
37637,0.063053,172.31.36.0-255,66,191319,9,275675
37638,0.065376,172.253.118.0-255,5738,197057,9,275675
37639,0.065388,172.31.36.0-255,66,197123,9,275675
37640,0.067698,172.253.118.0-255,5738,202861,9,275675
37641,0.067705,172.31.36.0-255,66,202927,9,275675
37642,0.070009,172.253.118.0-255,5738,208665,9,275675
37643,0.070016,172.31.36.0-255,66,208731,9,275675
37644,0.072304,172.253.118.0-255,4320,213051,9,275675
37645,0.072311,172.31.36.0-255,66,213117,9,275675
37646,0.072339,172.253.118.0-255,1484,214601,9,275675
37647,0.074626,172.253.118.0-255,4320,218921,9,275675
37648,0.074634,172.31.36.0-255,66,218987,9,275675
37649,0.076938,172.253.118.0-255,4320,223307,9,275675
37650,0.076945,172.31.36.0-255,66,223373,9,275675
37651,0.076971,172.253.118.0-255,1484,224857,9,275675
37652,0.079245,172.253.118.0-255,4320,229177,9,275675
37653,0.079257,172.31.36.0-255,66,229243,9,275675
37654,0.081582,172.253.118.0-255,5738,234981,9,275675
37655,0.08159,172.31.36.0-255,66,235047,9,275675
37656,0.083906,172.253.118.0-255,5738,240785,9,275675
37657,0.083913,172.31.36.0-255,66,240851,9,275675
37658,0.086259,172.253.118.0-255,5738,246589,9,275675
37659,0.086266,172.31.36.0-255,66,246655,9,275675
37660,0.08859,172.253.118.0-255,5738,252393,9,275675
37661,0.088598,172.31.36.0-255,66,252459,9,275675
37662,0.090902,172.253.118.0-255,5738,258197,9,275675
37663,0.090909,172.31.36.0-255,66,258263,9,275675
37664,0.093206,172.253.118.0-255,5738,264001,9,275675
37665,0.093212,172.31.36.0-255,66,264067,9,275675
37666,0.09551,172.253.118.0-255,5738,269805,9,275675
37667,0.095518,172.31.36.0-255,66,269871,9,275675
37668,0.097825,172.253.118.0-255,5738,275609,9,275675
37669,0.097833,172.31.36.0-255,66,275675,9,275675
37670,0.0,172.31.36.0-255,105,105,9,213384
37671,0.057641,172.217.24.0-255,153,258,9,213384
37672,0.057662,172.31.36.0-255,66,324,9,213384
37673,0.057669,172.217.24.0-255,1484,1808,9,213384
37674,0.057673,172.31.36.0-255,66,1874,9,213384
37675,0.057679,172.217.24.0-255,2902,4776,9,213384
37676,0.057683,172.31.36.0-255,66,4842,9,213384
37677,0.05769,172.217.24.0-255,4320,9162,9,213384
37678,0.057693,172.31.36.0-255,66,9228,9,213384
37679,0.057699,172.217.24.0-255,4837,14065,9,213384
37680,0.057702,172.31.36.0-255,66,14131,9,213384
37681,0.057705,172.217.24.0-255,1484,15615,9,213384
37682,0.057708,172.31.36.0-255,66,15681,9,213384
37683,0.057712,172.217.24.0-255,2902,18583,9,213384
37684,0.057715,172.31.36.0-255,66,18649,9,213384
37685,0.057721,172.217.24.0-255,4320,22969,9,213384
37686,0.057724,172.31.36.0-255,66,23035,9,213384
37687,0.057728,172.217.24.0-255,2902,25937,9,213384
37688,0.057731,172.31.36.0-255,66,26003,9,213384
37689,0.057734,172.217.24.0-255,1484,27487,9,213384
37690,0.057737,172.31.36.0-255,66,27553,9,213384
37691,0.057761,172.217.24.0-255,2902,30455,9,213384
37692,0.057764,172.31.36.0-255,66,30521,9,213384
37693,0.057767,172.217.24.0-255,1125,31646,9,213384
37694,0.057769,172.31.36.0-255,66,31712,9,213384
37695,0.057874,172.217.24.0-255,1484,33196,9,213384
37696,0.057877,172.31.36.0-255,66,33262,9,213384
37697,0.057883,172.217.24.0-255,2902,36164,9,213384
37698,0.057886,172.31.36.0-255,66,36230,9,213384
37699,0.057913,172.217.24.0-255,2902,39132,9,213384
37700,0.057916,172.31.36.0-255,66,39198,9,213384
37701,0.05792,172.217.24.0-255,2902,42100,9,213384
37702,0.057923,172.31.36.0-255,66,42166,9,213384
37703,0.057928,172.217.24.0-255,4320,46486,9,213384
37704,0.057931,172.31.36.0-255,66,46552,9,213384
37705,0.057936,172.217.24.0-255,2543,49095,9,213384
37706,0.057938,172.31.36.0-255,66,49161,9,213384
37707,0.057953,172.217.24.0-255,4320,53481,9,213384
37708,0.057956,172.31.36.0-255,66,53547,9,213384
37709,0.057973,172.217.24.0-255,4320,57867,9,213384
37710,0.057975,172.31.36.0-255,66,57933,9,213384
37711,0.057983,172.217.24.0-255,5738,63671,9,213384
37712,0.057986,172.31.36.0-255,66,63737,9,213384
37713,0.058034,172.217.24.0-255,2874,66611,9,213384
37714,0.058037,172.31.36.0-255,66,66677,9,213384
37715,0.058557,172.217.24.0-255,113,66790,9,213384
37716,0.058748,172.217.24.0-255,1484,68274,9,213384
37717,0.058753,172.217.24.0-255,2902,71176,9,213384
37718,0.058759,172.217.24.0-255,5738,76914,9,213384
37719,0.058771,172.31.36.0-255,66,76980,9,213384
37720,0.058776,172.31.36.0-255,66,77046,9,213384
37721,0.058778,172.31.36.0-255,66,77112,9,213384
37722,0.058784,172.217.24.0-255,5738,82850,9,213384
37723,0.058787,172.31.36.0-255,66,82916,9,213384
37724,0.058793,172.217.24.0-255,6797,89713,9,213384
37725,0.058795,172.31.36.0-255,66,89779,9,213384
37726,0.058818,172.217.24.0-255,1484,91263,9,213384
37727,0.05885,172.31.36.0-255,66,91329,9,213384
37728,0.060816,172.217.24.0-255,5738,97067,9,213384
37729,0.060823,172.31.36.0-255,66,97133,9,213384
37730,0.062757,172.217.24.0-255,5738,102871,9,213384
37731,0.062763,172.31.36.0-255,66,102937,9,213384
37732,0.064706,172.217.24.0-255,5738,108675,9,213384
37733,0.064713,172.31.36.0-255,66,108741,9,213384
37734,0.066652,172.217.24.0-255,5738,114479,9,213384
37735,0.066659,172.31.36.0-255,66,114545,9,213384
37736,0.067949,31.13.82.0-255,105,114650,9,213384
37737,0.067959,172.31.36.0-255,66,114716,9,213384
37738,0.068603,172.217.24.0-255,5738,120454,9,213384
37739,0.068609,172.31.36.0-255,66,120520,9,213384
37740,0.070554,172.217.24.0-255,5738,126258,9,213384
37741,0.070561,172.31.36.0-255,66,126324,9,213384
37742,0.072498,172.217.24.0-255,5738,132062,9,213384
37743,0.072507,172.31.36.0-255,66,132128,9,213384
37744,0.074443,172.217.24.0-255,5738,137866,9,213384
37745,0.07445,172.31.36.0-255,66,137932,9,213384
37746,0.076399,172.217.24.0-255,5738,143670,9,213384
37747,0.076406,172.31.36.0-255,66,143736,9,213384
37748,0.078348,172.217.24.0-255,5738,149474,9,213384
37749,0.078357,172.31.36.0-255,66,149540,9,213384
37750,0.080294,172.217.24.0-255,5738,155278,9,213384
37751,0.0803,172.31.36.0-255,66,155344,9,213384
37752,0.082236,172.217.24.0-255,5738,161082,9,213384
37753,0.082242,172.31.36.0-255,66,161148,9,213384
37754,0.084181,172.217.24.0-255,5738,166886,9,213384
37755,0.084188,172.31.36.0-255,66,166952,9,213384
37756,0.086136,172.217.24.0-255,5738,172690,9,213384
37757,0.086146,172.31.36.0-255,66,172756,9,213384
37758,0.088085,172.217.24.0-255,5738,178494,9,213384
37759,0.088093,172.31.36.0-255,66,178560,9,213384
37760,0.090034,172.217.24.0-255,5738,184298,9,213384
37761,0.09004,172.31.36.0-255,66,184364,9,213384
37762,0.091979,172.217.24.0-255,5738,190102,9,213384
37763,0.091986,172.31.36.0-255,66,190168,9,213384
37764,0.09392,172.217.24.0-255,5738,195906,9,213384
37765,0.093926,172.31.36.0-255,66,195972,9,213384
37766,0.095871,172.217.24.0-255,5738,201710,9,213384
37767,0.095879,172.31.36.0-255,66,201776,9,213384
37768,0.097819,172.217.24.0-255,5738,207514,9,213384
37769,0.097826,172.31.36.0-255,66,207580,9,213384
37770,0.099771,172.217.24.0-255,5738,213318,9,213384
37771,0.099781,172.31.36.0-255,66,213384,9,213384
37772,0.0,172.31.36.0-255,74,74,9,7182
37773,0.001539,104.244.42.0-255,74,148,9,7182
37774,0.001561,172.31.36.0-255,66,214,9,7182
37775,0.005096,172.31.36.0-255,583,797,9,7182
37776,0.006706,104.244.42.0-255,66,863,9,7182
37777,0.008771,104.244.42.0-255,3353,4216,9,7182
37778,0.008782,172.31.36.0-255,66,4282,9,7182
37779,0.013034,172.31.36.0-255,192,4474,9,7182
37780,0.013458,172.31.36.0-255,243,4717,9,7182
37781,0.014972,104.244.42.0-255,308,5025,9,7182
37782,0.014983,172.31.36.0-255,408,5433,9,7182
37783,0.015045,104.244.42.0-255,110,5543,9,7182
37784,0.015249,104.244.42.0-255,104,5647,9,7182
37785,0.015275,172.31.36.0-255,104,5751,9,7182
37786,0.016921,104.244.42.0-255,625,6376,9,7182
37787,0.017957,172.31.36.0-255,740,7116,9,7182
37788,0.060242,104.244.42.0-255,66,7182,9,7182
37789,0.0,74.125.24.0-255,153,153,9,285884
37790,2e-05,172.31.36.0-255,66,219,9,285884
37791,2.7e-05,74.125.24.0-255,1484,1703,9,285884
37792,3.1e-05,172.31.36.0-255,66,1769,9,285884
37793,3.6e-05,74.125.24.0-255,2902,4671,9,285884
37794,3.8e-05,172.31.36.0-255,66,4737,9,285884
37795,5.7e-05,74.125.24.0-255,2902,7639,9,285884
37796,5.9e-05,172.31.36.0-255,66,7705,9,285884
37797,8.3e-05,74.125.24.0-255,1484,9189,9,285884
37798,8.6e-05,172.31.36.0-255,66,9255,9,285884
37799,9.3e-05,74.125.24.0-255,4913,14168,9,285884
37800,9.5e-05,172.31.36.0-255,66,14234,9,285884
37801,0.000102,74.125.24.0-255,7156,21390,9,285884
37802,0.000104,172.31.36.0-255,66,21456,9,285884
37803,0.000133,74.125.24.0-255,4320,25776,9,285884
37804,0.000136,172.31.36.0-255,66,25842,9,285884
37805,0.000142,74.125.24.0-255,5379,31221,9,285884
37806,0.000145,172.31.36.0-255,66,31287,9,285884
37807,0.000337,74.125.24.0-255,1484,32771,9,285884
37808,0.000341,172.31.36.0-255,66,32837,9,285884
37809,0.000346,74.125.24.0-255,2902,35739,9,285884
37810,0.000349,172.31.36.0-255,66,35805,9,285884
37811,0.000372,74.125.24.0-255,4320,40125,9,285884
37812,0.000375,172.31.36.0-255,66,40191,9,285884
37813,0.000382,74.125.24.0-255,5738,45929,9,285884
37814,0.000384,172.31.36.0-255,66,45995,9,285884
37815,0.0004,74.125.24.0-255,2902,48897,9,285884
37816,0.000403,172.31.36.0-255,66,48963,9,285884
37817,0.000444,74.125.24.0-255,4320,53283,9,285884
37818,0.00045,172.31.36.0-255,66,53349,9,285884
37819,0.000467,172.31.36.0-255,66,53415,9,285884
37820,0.000473,74.125.24.0-255,3602,57017,9,285884
37821,0.000474,172.31.36.0-255,66,57083,9,285884
37822,0.000497,74.125.24.0-255,647,57730,9,285884
37823,0.000521,74.125.24.0-255,1484,59214,9,285884
37824,0.000524,172.31.36.0-255,66,59280,9,285884
37825,0.000541,74.125.24.0-255,4320,63600,9,285884
37826,0.000544,172.31.36.0-255,66,63666,9,285884
37827,0.000573,172.31.36.0-255,66,63732,9,285884
37828,0.000576,74.125.24.0-255,1484,65216,9,285884
37829,0.000607,172.31.36.0-255,66,65282,9,285884
37830,0.000629,74.125.24.0-255,2902,68184,9,285884
37831,0.000632,172.31.36.0-255,66,68250,9,285884
37832,0.000637,74.125.24.0-255,3602,71852,9,285884
37833,0.00064,172.31.36.0-255,66,71918,9,285884
37834,0.000699,74.125.24.0-255,1484,73402,9,285884
37835,0.000705,74.125.24.0-255,2902,76304,9,285884
37836,0.000708,74.125.24.0-255,1484,77788,9,285884
37837,0.000709,172.31.36.0-255,66,77854,9,285884
37838,0.000728,74.125.24.0-255,4320,82174,9,285884
37839,0.000731,172.31.36.0-255,66,82240,9,285884
37840,0.000738,74.125.24.0-255,5738,87978,9,285884
37841,0.00074,172.31.36.0-255,66,88044,9,285884
37842,0.00076,74.125.24.0-255,7156,95200,9,285884
37843,0.000763,172.31.36.0-255,66,95266,9,285884
37844,0.000769,74.125.24.0-255,4320,99586,9,285884
37845,0.000771,172.31.36.0-255,66,99652,9,285884
37846,0.000801,74.125.24.0-255,6438,106090,9,285884
37847,0.000804,172.31.36.0-255,66,106156,9,285884
37848,0.000809,74.125.24.0-255,2902,109058,9,285884
37849,0.000811,172.31.36.0-255,66,109124,9,285884
37850,0.000836,172.31.36.0-255,66,109190,9,285884
37851,0.000843,74.125.24.0-255,7156,116346,9,285884
37852,0.000845,172.31.36.0-255,66,116412,9,285884
37853,0.000867,74.125.24.0-255,2902,119314,9,285884
37854,0.00087,172.31.36.0-255,66,119380,9,285884
37855,0.000875,74.125.24.0-255,2902,122282,9,285884
37856,0.000877,172.31.36.0-255,66,122348,9,285884
37857,0.000901,172.31.36.0-255,66,122414,9,285884
37858,0.001018,74.125.24.0-255,1484,123898,9,285884
37859,0.001025,74.125.24.0-255,2902,126800,9,285884
37860,0.001028,172.31.36.0-255,66,126866,9,285884
37861,0.001031,74.125.24.0-255,1484,128350,9,285884
37862,0.001055,74.125.24.0-255,4320,132670,9,285884
37863,0.001058,172.31.36.0-255,66,132736,9,285884
37864,0.001069,172.31.36.0-255,66,132802,9,285884
37865,0.001083,74.125.24.0-255,2902,135704,9,285884
37866,0.001085,172.31.36.0-255,66,135770,9,285884
37867,0.001098,172.31.36.0-255,66,135836,9,285884
37868,0.001226,74.125.24.0-255,1484,137320,9,285884
37869,0.001231,74.125.24.0-255,1484,138804,9,285884
37870,0.001234,172.31.36.0-255,66,138870,9,285884
37871,0.001248,74.125.24.0-255,1484,140354,9,285884
37872,0.001254,74.125.24.0-255,5738,146092,9,285884
37873,0.001257,172.31.36.0-255,66,146158,9,285884
37874,0.00126,74.125.24.0-255,1484,147642,9,285884
37875,0.001286,172.31.36.0-255,66,147708,9,285884
37876,0.001293,74.125.24.0-255,7156,154864,9,285884
37877,0.001296,172.31.36.0-255,66,154930,9,285884
37878,0.001336,74.125.24.0-255,3602,158532,9,285884
37879,0.001339,172.31.36.0-255,66,158598,9,285884
37880,0.001393,74.125.24.0-255,1484,160082,9,285884
37881,0.001397,74.125.24.0-255,2902,162984,9,285884
37882,0.001399,74.125.24.0-255,1484,164468,9,285884
37883,0.001401,172.31.36.0-255,66,164534,9,285884
37884,0.001419,74.125.24.0-255,4320,168854,9,285884
37885,0.001422,172.31.36.0-255,66,168920,9,285884
37886,0.001454,172.31.36.0-255,66,168986,9,285884
37887,0.001487,172.31.36.0-255,66,169052,9,285884
37888,0.001494,74.125.24.0-255,5020,174072,9,285884
37889,0.001496,172.31.36.0-255,66,174138,9,285884
37890,0.001562,74.125.24.0-255,1484,175622,9,285884
37891,0.001567,74.125.24.0-255,2902,178524,9,285884
37892,0.001569,172.31.36.0-255,66,178590,9,285884
37893,0.00159,74.125.24.0-255,4320,182910,9,285884
37894,0.001593,172.31.36.0-255,66,182976,9,285884
37895,0.001617,74.125.24.0-255,5738,188714,9,285884
37896,0.00162,172.31.36.0-255,66,188780,9,285884
37897,0.001643,74.125.24.0-255,5738,194518,9,285884
37898,0.001647,172.31.36.0-255,66,194584,9,285884
37899,0.001661,74.125.24.0-255,5738,200322,9,285884
37900,0.001664,172.31.36.0-255,66,200388,9,285884
37901,0.001689,74.125.24.0-255,4320,204708,9,285884
37902,0.001694,172.31.36.0-255,66,204774,9,285884
37903,0.001704,74.125.24.0-255,3602,208376,9,285884
37904,0.001706,172.31.36.0-255,66,208442,9,285884
37905,0.001797,74.125.24.0-255,1484,209926,9,285884
37906,0.001802,74.125.24.0-255,2902,212828,9,285884
37907,0.001805,172.31.36.0-255,66,212894,9,285884
37908,0.001823,74.125.24.0-255,4320,217214,9,285884
37909,0.001826,172.31.36.0-255,66,217280,9,285884
37910,0.001852,74.125.24.0-255,1484,218764,9,285884
37911,0.001866,172.31.36.0-255,66,218830,9,285884
37912,0.001896,74.125.24.0-255,4320,223150,9,285884
37913,0.001899,172.31.36.0-255,66,223216,9,285884
37914,0.001922,74.125.24.0-255,6438,229654,9,285884
37915,0.001925,172.31.36.0-255,66,229720,9,285884
37916,0.001977,74.125.24.0-255,1484,231204,9,285884
37917,0.001996,74.125.24.0-255,2902,234106,9,285884
37918,0.002,172.31.36.0-255,66,234172,9,285884
37919,0.002019,74.125.24.0-255,5738,239910,9,285884
37920,0.002023,172.31.36.0-255,66,239976,9,285884
37921,0.002036,74.125.24.0-255,1484,241460,9,285884
37922,0.002059,172.31.36.0-255,66,241526,9,285884
37923,0.002064,74.125.24.0-255,4320,245846,9,285884
37924,0.002066,172.31.36.0-255,66,245912,9,285884
37925,0.002109,74.125.24.0-255,2902,248814,9,285884
37926,0.002112,172.31.36.0-255,66,248880,9,285884
37927,0.002133,74.125.24.0-255,3602,252482,9,285884
37928,0.002136,172.31.36.0-255,66,252548,9,285884
37929,0.002202,74.125.24.0-255,1484,254032,9,285884
37930,0.002206,74.125.24.0-255,1484,255516,9,285884
37931,0.002211,172.31.36.0-255,66,255582,9,285884
37932,0.002216,74.125.24.0-255,1484,257066,9,285884
37933,0.002222,74.125.24.0-255,2902,259968,9,285884
37934,0.002225,172.31.36.0-255,66,260034,9,285884
37935,0.002247,74.125.24.0-255,2902,262936,9,285884
37936,0.002251,172.31.36.0-255,66,263002,9,285884
37937,0.002257,172.31.36.0-255,101,263103,9,285884
37938,0.002261,172.31.36.0-255,66,263169,9,285884
37939,0.002278,74.125.24.0-255,7156,270325,9,285884
37940,0.002281,172.31.36.0-255,66,270391,9,285884
37941,0.002297,74.125.24.0-255,2902,273293,9,285884
37942,0.002299,172.31.36.0-255,66,273359,9,285884
37943,0.002305,74.125.24.0-255,4320,277679,9,285884
37944,0.002307,172.31.36.0-255,66,277745,9,285884
37945,0.002344,172.31.36.0-255,66,277811,9,285884
37946,0.002346,74.125.24.0-255,1465,279276,9,285884
37947,0.004538,74.125.24.0-255,66,279342,9,285884
37948,0.004589,74.125.24.0-255,105,279447,9,285884
37949,0.004594,172.31.36.0-255,66,279513,9,285884
37950,0.009304,172.31.36.0-255,105,279618,9,285884
37951,0.01535,74.125.24.0-255,66,279684,9,285884
37952,0.042447,172.31.36.0-255,172,279856,9,285884
37953,0.042478,172.31.36.0-255,1115,280971,9,285884
37954,0.042547,172.31.36.0-255,1514,282485,9,285884
37955,0.042548,172.31.36.0-255,1514,283999,9,285884
37956,0.04255,172.31.36.0-255,1514,285513,9,285884
37957,0.04255,172.31.36.0-255,107,285620,9,285884
37958,0.043991,104.244.42.0-255,66,285686,9,285884
37959,0.044032,104.244.42.0-255,66,285752,9,285884
37960,0.044146,104.244.42.0-255,66,285818,9,285884
37961,0.044152,104.244.42.0-255,66,285884,9,285884
37962,0.0,172.217.194.0-255,152,152,9,307570
37963,1.6e-05,172.31.36.0-255,66,218,9,307570
37964,2.2e-05,172.217.194.0-255,1484,1702,9,307570
37965,2.6e-05,172.31.36.0-255,66,1768,9,307570
37966,3.3e-05,172.217.194.0-255,2902,4670,9,307570
37967,3.6e-05,172.31.36.0-255,66,4736,9,307570
37968,5.3e-05,172.217.194.0-255,7156,11892,9,307570
37969,5.6e-05,172.31.36.0-255,66,11958,9,307570
37970,6e-05,172.217.194.0-255,2002,13960,9,307570
37971,6.3e-05,172.31.36.0-255,66,14026,9,307570
37972,6.9e-05,172.217.194.0-255,4320,18346,9,307570
37973,7.2e-05,172.31.36.0-255,66,18412,9,307570
37974,0.00011,172.217.194.0-255,7156,25568,9,307570
37975,0.000113,172.31.36.0-255,66,25634,9,307570
37976,0.00012,172.217.194.0-255,5379,31013,9,307570
37977,0.000123,172.31.36.0-255,66,31079,9,307570
37978,0.00015,172.217.194.0-255,4320,35399,9,307570
37979,0.000153,172.31.36.0-255,66,35465,9,307570
37980,0.000184,172.217.194.0-255,1484,36949,9,307570
37981,0.000187,172.31.36.0-255,66,37015,9,307570
37982,0.000194,172.217.194.0-255,7156,44171,9,307570
37983,0.000197,172.31.36.0-255,66,44237,9,307570
37984,0.000202,172.217.194.0-255,3961,48198,9,307570
37985,0.000205,172.31.36.0-255,66,48264,9,307570
37986,0.000227,172.217.194.0-255,4320,52584,9,307570
37987,0.000231,172.31.36.0-255,66,52650,9,307570
37988,0.000274,172.31.36.0-255,66,52716,9,307570
37989,0.000278,172.217.194.0-255,2543,55259,9,307570
37990,0.000281,172.31.36.0-255,66,55325,9,307570
37991,0.000601,172.217.194.0-255,646,55971,9,307570
37992,0.000607,172.31.36.0-255,66,56037,9,307570
37993,0.000999,172.217.194.0-255,1484,57521,9,307570
37994,0.001007,172.217.194.0-255,2902,60423,9,307570
37995,0.00101,172.31.36.0-255,66,60489,9,307570
37996,0.001041,172.217.194.0-255,5738,66227,9,307570
37997,0.001044,172.31.36.0-255,66,66293,9,307570
37998,0.001047,172.217.194.0-255,1484,67777,9,307570
37999,0.001084,172.31.36.0-255,66,67843,9,307570
38000,0.001095,172.31.36.0-255,66,67909,9,307570
38001,0.001112,172.217.194.0-255,2184,70093,9,307570
38002,0.001115,172.31.36.0-255,66,70159,9,307570
38003,0.001132,172.31.36.0-255,66,70225,9,307570
38004,0.001156,172.217.194.0-255,1484,71709,9,307570
38005,0.001169,172.31.36.0-255,66,71775,9,307570
38006,0.001245,172.217.194.0-255,5738,77513,9,307570
38007,0.001249,172.31.36.0-255,66,77579,9,307570
38008,0.00128,172.217.194.0-255,4471,82050,9,307570
38009,0.001284,172.31.36.0-255,66,82116,9,307570
38010,0.001297,172.31.36.0-255,66,82182,9,307570
38011,0.001309,172.31.36.0-255,66,82248,9,307570
38012,0.001321,172.31.36.0-255,66,82314,9,307570
38013,0.001346,172.217.194.0-255,1484,83798,9,307570
38014,0.001364,172.217.194.0-255,2902,86700,9,307570
38015,0.001367,172.31.36.0-255,66,86766,9,307570
38016,0.001373,172.217.194.0-255,4320,91086,9,307570
38017,0.001375,172.31.36.0-255,66,91152,9,307570
38018,0.001402,172.217.194.0-255,1484,92636,9,307570
38019,0.001416,172.31.36.0-255,66,92702,9,307570
38020,0.00142,172.217.194.0-255,2902,95604,9,307570
38021,0.001423,172.31.36.0-255,66,95670,9,307570
38022,0.001467,172.31.36.0-255,66,95736,9,307570
38023,0.001986,172.217.194.0-255,1484,97220,9,307570
38024,0.002,172.217.194.0-255,2902,100122,9,307570
38025,0.002004,172.31.36.0-255,66,100188,9,307570
38026,0.00201,172.217.194.0-255,2902,103090,9,307570
38027,0.002012,172.31.36.0-255,66,103156,9,307570
38028,0.002047,172.217.194.0-255,2902,106058,9,307570
38029,0.002053,172.31.36.0-255,66,106124,9,307570
38030,0.002057,172.31.36.0-255,66,106190,9,307570
38031,0.00209,172.217.194.0-255,4320,110510,9,307570
38032,0.002094,172.31.36.0-255,66,110576,9,307570
38033,0.002103,172.31.36.0-255,66,110642,9,307570
38034,0.004141,172.217.194.0-255,5738,116380,9,307570
38035,0.004148,172.31.36.0-255,66,116446,9,307570
38036,0.006183,172.217.194.0-255,5738,122184,9,307570
38037,0.006186,172.31.36.0-255,66,122250,9,307570
38038,0.008229,172.217.194.0-255,5738,127988,9,307570
38039,0.008236,172.31.36.0-255,66,128054,9,307570
38040,0.010322,172.217.194.0-255,5738,133792,9,307570
38041,0.010329,172.31.36.0-255,66,133858,9,307570
38042,0.012405,172.217.194.0-255,5738,139596,9,307570
38043,0.012418,172.31.36.0-255,66,139662,9,307570
38044,0.014442,172.217.194.0-255,5738,145400,9,307570
38045,0.014455,172.31.36.0-255,66,145466,9,307570
38046,0.016519,172.217.194.0-255,5738,151204,9,307570
38047,0.016534,172.31.36.0-255,66,151270,9,307570
38048,0.018614,172.217.194.0-255,5738,157008,9,307570
38049,0.018629,172.31.36.0-255,66,157074,9,307570
38050,0.020645,172.217.194.0-255,5738,162812,9,307570
38051,0.020653,172.31.36.0-255,66,162878,9,307570
38052,0.022697,172.217.194.0-255,5738,168616,9,307570
38053,0.022708,172.31.36.0-255,66,168682,9,307570
38054,0.024763,172.217.194.0-255,5738,174420,9,307570
38055,0.024774,172.31.36.0-255,66,174486,9,307570
38056,0.026814,172.217.194.0-255,5738,180224,9,307570
38057,0.026821,172.31.36.0-255,66,180290,9,307570
38058,0.028851,172.217.194.0-255,5738,186028,9,307570
38059,0.028858,172.31.36.0-255,66,186094,9,307570
38060,0.030946,172.217.194.0-255,5738,191832,9,307570
38061,0.030953,172.31.36.0-255,66,191898,9,307570
38062,0.032971,172.217.194.0-255,5738,197636,9,307570
38063,0.032978,172.31.36.0-255,66,197702,9,307570
38064,0.034482,172.31.36.0-255,176,197878,9,307570
38065,0.034505,172.31.36.0-255,1115,198993,9,307570
38066,0.034569,172.31.36.0-255,1514,200507,9,307570
38067,0.034571,172.31.36.0-255,1514,202021,9,307570
38068,0.034573,172.31.36.0-255,1514,203535,9,307570
38069,0.034574,172.31.36.0-255,1514,205049,9,307570
38070,0.034575,172.31.36.0-255,1486,206535,9,307570
38071,0.035017,172.217.194.0-255,5738,212273,9,307570
38072,0.035023,172.31.36.0-255,66,212339,9,307570
38073,0.036039,104.244.42.0-255,66,212405,9,307570
38074,0.03606,104.244.42.0-255,66,212471,9,307570
38075,0.036135,104.244.42.0-255,66,212537,9,307570
38076,0.037079,172.217.194.0-255,5738,218275,9,307570
38077,0.037087,172.31.36.0-255,66,218341,9,307570
38078,0.039133,172.217.194.0-255,5738,224079,9,307570
38079,0.039139,172.31.36.0-255,66,224145,9,307570
38080,0.04115,172.217.194.0-255,5738,229883,9,307570
38081,0.041171,172.31.36.0-255,66,229949,9,307570
38082,0.043195,172.217.194.0-255,5738,235687,9,307570
38083,0.043201,172.31.36.0-255,66,235753,9,307570
38084,0.045234,172.217.194.0-255,4320,240073,9,307570
38085,0.04524,172.31.36.0-255,66,240139,9,307570
38086,0.045278,172.217.194.0-255,1484,241623,9,307570
38087,0.047272,172.217.194.0-255,4320,245943,9,307570
38088,0.047278,172.31.36.0-255,66,246009,9,307570
38089,0.049327,172.217.194.0-255,5738,251747,9,307570
38090,0.049332,172.31.36.0-255,66,251813,9,307570
38091,0.051354,172.217.194.0-255,2902,254715,9,307570
38092,0.05136,172.31.36.0-255,66,254781,9,307570
38093,0.051389,172.217.194.0-255,2902,257683,9,307570
38094,0.051392,172.31.36.0-255,66,257749,9,307570
38095,0.053413,172.217.194.0-255,2902,260651,9,307570
38096,0.053418,172.31.36.0-255,66,260717,9,307570
38097,0.053458,172.217.194.0-255,2902,263619,9,307570
38098,0.053461,172.31.36.0-255,66,263685,9,307570
38099,0.055444,172.217.194.0-255,2902,266587,9,307570
38100,0.05545,172.31.36.0-255,66,266653,9,307570
38101,0.055514,172.217.194.0-255,2902,269555,9,307570
38102,0.055518,172.31.36.0-255,66,269621,9,307570
38103,0.057482,172.217.194.0-255,1484,271105,9,307570
38104,0.057513,172.217.194.0-255,1484,272589,9,307570
38105,0.057517,172.31.36.0-255,66,272655,9,307570
38106,0.057543,172.217.194.0-255,2902,275557,9,307570
38107,0.057546,172.31.36.0-255,66,275623,9,307570
38108,0.059557,172.217.194.0-255,2902,278525,9,307570
38109,0.059563,172.31.36.0-255,66,278591,9,307570
38110,0.059621,172.217.194.0-255,2902,281493,9,307570
38111,0.059626,172.31.36.0-255,66,281559,9,307570
38112,0.061622,172.217.194.0-255,2902,284461,9,307570
38113,0.061627,172.31.36.0-255,66,284527,9,307570
38114,0.061664,172.217.194.0-255,2902,287429,9,307570
38115,0.061667,172.31.36.0-255,66,287495,9,307570
38116,0.063657,172.217.194.0-255,2902,290397,9,307570
38117,0.063663,172.31.36.0-255,66,290463,9,307570
38118,0.063699,172.217.194.0-255,2902,293365,9,307570
38119,0.063703,172.31.36.0-255,66,293431,9,307570
38120,0.06569,172.217.194.0-255,2902,296333,9,307570
38121,0.065695,172.31.36.0-255,66,296399,9,307570
38122,0.065741,172.217.194.0-255,2902,299301,9,307570
38123,0.065745,172.31.36.0-255,66,299367,9,307570
38124,0.067735,172.217.194.0-255,2902,302269,9,307570
38125,0.06774,172.31.36.0-255,66,302335,9,307570
38126,0.06778,172.217.194.0-255,2902,305237,9,307570
38127,0.067783,172.31.36.0-255,66,305303,9,307570
38128,0.069767,172.217.194.0-255,2030,307333,9,307570
38129,0.069773,172.31.36.0-255,66,307399,9,307570
38130,0.069955,172.31.36.0-255,105,307504,9,307570
38131,0.071936,172.217.194.0-255,66,307570,9,307570
38132,0.0,74.125.200.0-255,146,146,9,438183
38133,3.6e-05,172.31.36.0-255,66,212,9,438183
38134,4.3e-05,74.125.200.0-255,1484,1696,9,438183
38135,4.7e-05,172.31.36.0-255,66,1762,9,438183
38136,5.3e-05,74.125.200.0-255,2902,4664,9,438183
38137,5.6e-05,172.31.36.0-255,66,4730,9,438183
38138,5.9e-05,74.125.200.0-255,1484,6214,9,438183
38139,6.2e-05,172.31.36.0-255,66,6280,9,438183
38140,6.7e-05,74.125.200.0-255,2902,9182,9,438183
38141,6.9e-05,172.31.36.0-255,66,9248,9,438183
38142,0.000105,74.125.200.0-255,4876,14124,9,438183
38143,0.000109,172.31.36.0-255,66,14190,9,438183
38144,0.000529,74.125.200.0-255,1484,15674,9,438183
38145,0.000534,172.31.36.0-255,66,15740,9,438183
38146,0.000544,74.125.200.0-255,2902,18642,9,438183
38147,0.000547,172.31.36.0-255,66,18708,9,438183
38148,0.000551,74.125.200.0-255,1484,20192,9,438183
38149,0.000553,172.31.36.0-255,66,20258,9,438183
38150,0.000584,74.125.200.0-255,2902,23160,9,438183
38151,0.000587,172.31.36.0-255,66,23226,9,438183
38152,0.000594,74.125.200.0-255,5738,28964,9,438183
38153,0.000597,172.31.36.0-255,66,29030,9,438183
38154,0.0006,74.125.200.0-255,1484,30514,9,438183
38155,0.000602,172.31.36.0-255,66,30580,9,438183
38156,0.000632,74.125.200.0-255,2543,33123,9,438183
38157,0.000635,172.31.36.0-255,66,33189,9,438183
38158,0.000684,74.125.200.0-255,4320,37509,9,438183
38159,0.00069,172.31.36.0-255,66,37575,9,438183
38160,0.000696,74.125.200.0-255,5738,43313,9,438183
38161,0.000698,172.31.36.0-255,66,43379,9,438183
38162,0.000702,74.125.200.0-255,2902,46281,9,438183
38163,0.000704,172.31.36.0-255,66,46347,9,438183
38164,0.000727,74.125.200.0-255,2902,49249,9,438183
38165,0.00073,172.31.36.0-255,66,49315,9,438183
38166,0.000737,74.125.200.0-255,7156,56471,9,438183
38167,0.000739,172.31.36.0-255,66,56537,9,438183
38168,0.000773,74.125.200.0-255,5738,62275,9,438183
38169,0.000776,172.31.36.0-255,66,62341,9,438183
38170,0.000818,74.125.200.0-255,3602,65943,9,438183
38171,0.000822,172.31.36.0-255,66,66009,9,438183
38172,0.000825,74.125.200.0-255,426,66435,9,438183
38173,0.000828,172.31.36.0-255,66,66501,9,438183
38174,0.001032,74.125.200.0-255,1484,67985,9,438183
38175,0.001038,172.31.36.0-255,66,68051,9,438183
38176,0.001044,74.125.200.0-255,2902,70953,9,438183
38177,0.001047,172.31.36.0-255,66,71019,9,438183
38178,0.001066,74.125.200.0-255,1484,72503,9,438183
38179,0.001071,74.125.200.0-255,2902,75405,9,438183
38180,0.001082,172.31.36.0-255,66,75471,9,438183
38181,0.001091,74.125.200.0-255,1484,76955,9,438183
38182,0.001113,74.125.200.0-255,4320,81275,9,438183
38183,0.001117,74.125.200.0-255,1484,82759,9,438183
38184,0.00112,74.125.200.0-255,1484,84243,9,438183
38185,0.001131,74.125.200.0-255,1484,85727,9,438183
38186,0.001153,74.125.200.0-255,2902,88629,9,438183
38187,0.001168,74.125.200.0-255,2902,91531,9,438183
38188,0.001171,74.125.200.0-255,1484,93015,9,438183
38189,0.001174,74.125.200.0-255,2902,95917,9,438183
38190,0.001179,172.31.36.0-255,66,95983,9,438183
38191,0.001201,172.31.36.0-255,66,96049,9,438183
38192,0.001233,74.125.200.0-255,5020,101069,9,438183
38193,0.001239,172.31.36.0-255,66,101135,9,438183
38194,0.001246,74.125.200.0-255,349,101484,9,438183
38195,0.001441,74.125.200.0-255,1484,102968,9,438183
38196,0.001445,172.31.36.0-255,66,103034,9,438183
38197,0.001448,74.125.200.0-255,1484,104518,9,438183
38198,0.001462,74.125.200.0-255,1484,106002,9,438183
38199,0.001466,74.125.200.0-255,2902,108904,9,438183
38200,0.00149,74.125.200.0-255,4320,113224,9,438183
38201,0.001496,172.31.36.0-255,66,113290,9,438183
38202,0.001508,74.125.200.0-255,4320,117610,9,438183
38203,0.001523,74.125.200.0-255,4320,121930,9,438183
38204,0.001527,74.125.200.0-255,2902,124832,9,438183
38205,0.001542,74.125.200.0-255,1484,126316,9,438183
38206,0.001545,172.31.36.0-255,66,126382,9,438183
38207,0.001584,74.125.200.0-255,2902,129284,9,438183
38208,0.001589,172.31.36.0-255,66,129350,9,438183
38209,0.001612,74.125.200.0-255,6438,135788,9,438183
38210,0.001616,172.31.36.0-255,66,135854,9,438183
38211,0.001777,74.125.200.0-255,1484,137338,9,438183
38212,0.001793,74.125.200.0-255,2902,140240,9,438183
38213,0.001796,172.31.36.0-255,66,140306,9,438183
38214,0.001816,74.125.200.0-255,4320,144626,9,438183
38215,0.001822,172.31.36.0-255,66,144692,9,438183
38216,0.00184,74.125.200.0-255,1484,146176,9,438183
38217,0.001864,74.125.200.0-255,7156,153332,9,438183
38218,0.001869,74.125.200.0-255,4320,157652,9,438183
38219,0.001893,74.125.200.0-255,5738,163390,9,438183
38220,0.001905,172.31.36.0-255,66,163456,9,438183
38221,0.001933,74.125.200.0-255,2902,166358,9,438183
38222,0.001945,74.125.200.0-255,1484,167842,9,438183
38223,0.001952,172.31.36.0-255,66,167908,9,438183
38224,0.001965,74.125.200.0-255,2184,170092,9,438183
38225,0.001982,172.31.36.0-255,66,170158,9,438183
38226,0.002057,74.125.200.0-255,1484,171642,9,438183
38227,0.002075,74.125.200.0-255,1484,173126,9,438183
38228,0.002077,172.31.36.0-255,66,173192,9,438183
38229,0.004051,74.125.200.0-255,2902,176094,9,438183
38230,0.004056,172.31.36.0-255,66,176160,9,438183
38231,0.004116,74.125.200.0-255,2902,179062,9,438183
38232,0.004119,172.31.36.0-255,66,179128,9,438183
38233,0.006093,74.125.200.0-255,2902,182030,9,438183
38234,0.0061,172.31.36.0-255,66,182096,9,438183
38235,0.006167,74.125.200.0-255,2902,184998,9,438183
38236,0.006196,172.31.36.0-255,66,185064,9,438183
38237,0.008148,74.125.200.0-255,2902,187966,9,438183
38238,0.008157,172.31.36.0-255,66,188032,9,438183
38239,0.00823,74.125.200.0-255,2902,190934,9,438183
38240,0.008257,172.31.36.0-255,66,191000,9,438183
38241,0.010202,74.125.200.0-255,2902,193902,9,438183
38242,0.010209,172.31.36.0-255,66,193968,9,438183
38243,0.010303,74.125.200.0-255,2902,196870,9,438183
38244,0.010309,172.31.36.0-255,66,196936,9,438183
38245,0.012256,74.125.200.0-255,2902,199838,9,438183
38246,0.012266,172.31.36.0-255,66,199904,9,438183
38247,0.012344,74.125.200.0-255,2902,202806,9,438183
38248,0.012368,172.31.36.0-255,66,202872,9,438183
38249,0.014317,74.125.200.0-255,2902,205774,9,438183
38250,0.014325,172.31.36.0-255,66,205840,9,438183
38251,0.014407,74.125.200.0-255,2902,208742,9,438183
38252,0.014422,172.31.36.0-255,66,208808,9,438183
38253,0.016374,74.125.200.0-255,2902,211710,9,438183
38254,0.016379,172.31.36.0-255,66,211776,9,438183
38255,0.016469,74.125.200.0-255,2902,214678,9,438183
38256,0.016492,172.31.36.0-255,66,214744,9,438183
38257,0.018464,74.125.200.0-255,2902,217646,9,438183
38258,0.01847,172.31.36.0-255,66,217712,9,438183
38259,0.018526,74.125.200.0-255,1484,219196,9,438183
38260,0.018545,74.125.200.0-255,1484,220680,9,438183
38261,0.01857,172.31.36.0-255,66,220746,9,438183
38262,0.020519,74.125.200.0-255,2902,223648,9,438183
38263,0.020525,172.31.36.0-255,66,223714,9,438183
38264,0.020622,74.125.200.0-255,2902,226616,9,438183
38265,0.020651,172.31.36.0-255,66,226682,9,438183
38266,0.022571,74.125.200.0-255,2902,229584,9,438183
38267,0.022578,172.31.36.0-255,66,229650,9,438183
38268,0.022694,74.125.200.0-255,2902,232552,9,438183
38269,0.0227,172.31.36.0-255,66,232618,9,438183
38270,0.02463,74.125.200.0-255,2902,235520,9,438183
38271,0.024636,172.31.36.0-255,66,235586,9,438183
38272,0.024749,74.125.200.0-255,2902,238488,9,438183
38273,0.024755,172.31.36.0-255,66,238554,9,438183
38274,0.026683,74.125.200.0-255,2902,241456,9,438183
38275,0.026689,172.31.36.0-255,66,241522,9,438183
38276,0.026804,74.125.200.0-255,2902,244424,9,438183
38277,0.026824,172.31.36.0-255,66,244490,9,438183
38278,0.028762,74.125.200.0-255,2902,247392,9,438183
38279,0.028768,172.31.36.0-255,66,247458,9,438183
38280,0.028871,74.125.200.0-255,2902,250360,9,438183
38281,0.028876,172.31.36.0-255,66,250426,9,438183
38282,0.030813,74.125.200.0-255,2902,253328,9,438183
38283,0.030818,172.31.36.0-255,66,253394,9,438183
38284,0.030935,74.125.200.0-255,2902,256296,9,438183
38285,0.030966,172.31.36.0-255,66,256362,9,438183
38286,0.031473,172.31.36.0-255,176,256538,9,438183
38287,0.031517,172.31.36.0-255,1115,257653,9,438183
38288,0.031602,172.31.36.0-255,1514,259167,9,438183
38289,0.031604,172.31.36.0-255,1514,260681,9,438183
38290,0.031605,172.31.36.0-255,1514,262195,9,438183
38291,0.031606,172.31.36.0-255,1514,263709,9,438183
38292,0.031607,172.31.36.0-255,1486,265195,9,438183
38293,0.032862,74.125.200.0-255,2902,268097,9,438183
38294,0.032869,172.31.36.0-255,66,268163,9,438183
38295,0.033017,104.244.42.0-255,66,268229,9,438183
38296,0.033025,74.125.200.0-255,2902,271131,9,438183
38297,0.03303,172.31.36.0-255,66,271197,9,438183
38298,0.033116,104.244.42.0-255,66,271263,9,438183
38299,0.033215,104.244.42.0-255,66,271329,9,438183
38300,0.034917,74.125.200.0-255,2902,274231,9,438183
38301,0.034924,172.31.36.0-255,66,274297,9,438183
38302,0.035076,74.125.200.0-255,2902,277199,9,438183
38303,0.035081,172.31.36.0-255,66,277265,9,438183
38304,0.036997,74.125.200.0-255,2902,280167,9,438183
38305,0.037005,172.31.36.0-255,66,280233,9,438183
38306,0.037119,74.125.200.0-255,2902,283135,9,438183
38307,0.037135,172.31.36.0-255,66,283201,9,438183
38308,0.039059,74.125.200.0-255,2902,286103,9,438183
38309,0.039065,172.31.36.0-255,66,286169,9,438183
38310,0.039182,74.125.200.0-255,2902,289071,9,438183
38311,0.039189,172.31.36.0-255,66,289137,9,438183
38312,0.041102,74.125.200.0-255,2902,292039,9,438183
38313,0.041108,172.31.36.0-255,66,292105,9,438183
38314,0.041229,74.125.200.0-255,2902,295007,9,438183
38315,0.041235,172.31.36.0-255,66,295073,9,438183
38316,0.043149,74.125.200.0-255,2902,297975,9,438183
38317,0.043155,172.31.36.0-255,66,298041,9,438183
38318,0.043275,74.125.200.0-255,2902,300943,9,438183
38319,0.04328,172.31.36.0-255,66,301009,9,438183
38320,0.0452,74.125.200.0-255,2902,303911,9,438183
38321,0.045206,172.31.36.0-255,66,303977,9,438183
38322,0.045315,74.125.200.0-255,2902,306879,9,438183
38323,0.045339,172.31.36.0-255,66,306945,9,438183
38324,0.047253,74.125.200.0-255,2902,309847,9,438183
38325,0.04726,172.31.36.0-255,66,309913,9,438183
38326,0.047371,74.125.200.0-255,2902,312815,9,438183
38327,0.047376,172.31.36.0-255,66,312881,9,438183
38328,0.049298,74.125.200.0-255,2902,315783,9,438183
38329,0.049304,172.31.36.0-255,66,315849,9,438183
38330,0.049443,74.125.200.0-255,2902,318751,9,438183
38331,0.049448,172.31.36.0-255,66,318817,9,438183
38332,0.051346,74.125.200.0-255,2902,321719,9,438183
38333,0.051353,172.31.36.0-255,66,321785,9,438183
38334,0.05149,74.125.200.0-255,2902,324687,9,438183
38335,0.051496,172.31.36.0-255,66,324753,9,438183
38336,0.053395,74.125.200.0-255,2902,327655,9,438183
38337,0.0534,172.31.36.0-255,66,327721,9,438183
38338,0.053541,74.125.200.0-255,2902,330623,9,438183
38339,0.053546,172.31.36.0-255,66,330689,9,438183
38340,0.055469,74.125.200.0-255,2902,333591,9,438183
38341,0.055474,172.31.36.0-255,66,333657,9,438183
38342,0.055657,74.125.200.0-255,2902,336559,9,438183
38343,0.055662,172.31.36.0-255,66,336625,9,438183
38344,0.057534,74.125.200.0-255,2902,339527,9,438183
38345,0.057541,172.31.36.0-255,66,339593,9,438183
38346,0.057713,74.125.200.0-255,2902,342495,9,438183
38347,0.057719,172.31.36.0-255,66,342561,9,438183
38348,0.059595,74.125.200.0-255,2902,345463,9,438183
38349,0.059601,172.31.36.0-255,66,345529,9,438183
38350,0.059764,74.125.200.0-255,2902,348431,9,438183
38351,0.05977,172.31.36.0-255,66,348497,9,438183
38352,0.061647,74.125.200.0-255,2902,351399,9,438183
38353,0.061654,172.31.36.0-255,66,351465,9,438183
38354,0.061816,74.125.200.0-255,2902,354367,9,438183
38355,0.061821,172.31.36.0-255,66,354433,9,438183
38356,0.063706,74.125.200.0-255,2902,357335,9,438183
38357,0.063712,172.31.36.0-255,66,357401,9,438183
38358,0.063868,74.125.200.0-255,2902,360303,9,438183
38359,0.063874,172.31.36.0-255,66,360369,9,438183
38360,0.065765,74.125.200.0-255,2902,363271,9,438183
38361,0.065771,172.31.36.0-255,66,363337,9,438183
38362,0.065926,74.125.200.0-255,2902,366239,9,438183
38363,0.065931,172.31.36.0-255,66,366305,9,438183
38364,0.067815,74.125.200.0-255,2902,369207,9,438183
38365,0.067822,172.31.36.0-255,66,369273,9,438183
38366,0.067977,74.125.200.0-255,2902,372175,9,438183
38367,0.067983,172.31.36.0-255,66,372241,9,438183
38368,0.069864,74.125.200.0-255,1484,373725,9,438183
38369,0.06987,172.31.36.0-255,66,373791,9,438183
38370,0.069901,74.125.200.0-255,1484,375275,9,438183
38371,0.070021,74.125.200.0-255,2902,378177,9,438183
38372,0.070028,172.31.36.0-255,66,378243,9,438183
38373,0.071907,74.125.200.0-255,1484,379727,9,438183
38374,0.072063,74.125.200.0-255,4320,384047,9,438183
38375,0.07207,172.31.36.0-255,66,384113,9,438183
38376,0.074119,74.125.200.0-255,5738,389851,9,438183
38377,0.074172,172.31.36.0-255,66,389917,9,438183
38378,0.07622,74.125.200.0-255,5738,395655,9,438183
38379,0.076225,172.31.36.0-255,66,395721,9,438183
38380,0.078275,74.125.200.0-255,5738,401459,9,438183
38381,0.07828,172.31.36.0-255,66,401525,9,438183
38382,0.080329,74.125.200.0-255,5738,407263,9,438183
38383,0.080335,172.31.36.0-255,66,407329,9,438183
38384,0.082415,74.125.200.0-255,5738,413067,9,438183
38385,0.082421,172.31.36.0-255,66,413133,9,438183
38386,0.084487,74.125.200.0-255,5738,418871,9,438183
38387,0.084495,172.31.36.0-255,66,418937,9,438183
38388,0.086536,74.125.200.0-255,5738,424675,9,438183
38389,0.086542,172.31.36.0-255,66,424741,9,438183
38390,0.088584,74.125.200.0-255,5738,430479,9,438183
38391,0.088589,172.31.36.0-255,66,430545,9,438183
38392,0.09065,74.125.200.0-255,5738,436283,9,438183
38393,0.090658,172.31.36.0-255,66,436349,9,438183
38394,0.092695,74.125.200.0-255,1597,437946,9,438183
38395,0.0927,172.31.36.0-255,66,438012,9,438183
38396,0.092899,172.31.36.0-255,105,438117,9,438183
38397,0.09492,74.125.200.0-255,66,438183,9,438183
38398,0.0,74.125.24.0-255,153,153,9,246511
38399,2.6e-05,172.31.36.0-255,66,219,9,246511
38400,3.4e-05,74.125.24.0-255,1484,1703,9,246511
38401,3.9e-05,172.31.36.0-255,66,1769,9,246511
38402,4.4e-05,74.125.24.0-255,2902,4671,9,246511
38403,5.4e-05,172.31.36.0-255,66,4737,9,246511
38404,6.2e-05,74.125.24.0-255,7156,11893,9,246511
38405,6.5e-05,172.31.36.0-255,66,11959,9,246511
38406,6.8e-05,74.125.24.0-255,1964,13923,9,246511
38407,7.1e-05,172.31.36.0-255,66,13989,9,246511
38408,9.6e-05,74.125.24.0-255,1484,15473,9,246511
38409,9.9e-05,172.31.36.0-255,66,15539,9,246511
38410,0.000147,172.31.36.0-255,66,15605,9,246511
38411,0.000153,74.125.24.0-255,5379,20984,9,246511
38412,0.000155,172.31.36.0-255,66,21050,9,246511
38413,0.000228,74.125.24.0-255,1484,22534,9,246511
38414,0.000231,172.31.36.0-255,66,22600,9,246511
38415,0.000236,74.125.24.0-255,2902,25502,9,246511
38416,0.000238,172.31.36.0-255,66,25568,9,246511
38417,0.000244,74.125.24.0-255,4320,29888,9,246511
38418,0.000251,172.31.36.0-255,66,29954,9,246511
38419,0.000282,74.125.24.0-255,1484,31438,9,246511
38420,0.000285,172.31.36.0-255,66,31504,9,246511
38421,0.000295,74.125.24.0-255,6797,38301,9,246511
38422,0.000299,172.31.36.0-255,66,38367,9,246511
38423,0.000306,74.125.24.0-255,7156,45523,9,246511
38424,0.000309,172.31.36.0-255,66,45589,9,246511
38425,0.000354,172.31.36.0-255,66,45655,9,246511
38426,0.000382,74.125.24.0-255,110,45765,9,246511
38427,0.000385,172.31.36.0-255,66,45831,9,246511
38428,0.000506,74.125.24.0-255,1484,47315,9,246511
38429,0.000512,74.125.24.0-255,2902,50217,9,246511
38430,0.000516,172.31.36.0-255,66,50283,9,246511
38431,0.000521,74.125.24.0-255,2902,53185,9,246511
38432,0.000524,172.31.36.0-255,66,53251,9,246511
38433,0.000584,74.125.24.0-255,7156,60407,9,246511
38434,0.000588,172.31.36.0-255,66,60473,9,246511
38435,0.000593,74.125.24.0-255,2543,63016,9,246511
38436,0.000595,172.31.36.0-255,66,63082,9,246511
38437,0.0006,74.125.24.0-255,2902,65984,9,246511
38438,0.000602,172.31.36.0-255,66,66050,9,246511
38439,0.000609,74.125.24.0-255,7156,73206,9,246511
38440,0.000611,172.31.36.0-255,66,73272,9,246511
38441,0.000616,74.125.24.0-255,2902,76174,9,246511
38442,0.00062,172.31.36.0-255,66,76240,9,246511
38443,0.000645,74.125.24.0-255,4225,80465,9,246511
38444,0.000648,172.31.36.0-255,66,80531,9,246511
38445,0.000842,74.125.24.0-255,1484,82015,9,246511
38446,0.000849,74.125.24.0-255,2902,84917,9,246511
38447,0.000853,172.31.36.0-255,66,84983,9,246511
38448,0.000881,74.125.24.0-255,5738,90721,9,246511
38449,0.000885,172.31.36.0-255,66,90787,9,246511
38450,0.000893,74.125.24.0-255,7156,97943,9,246511
38451,0.000895,172.31.36.0-255,66,98009,9,246511
38452,0.000899,74.125.24.0-255,2902,100911,9,246511
38453,0.000901,172.31.36.0-255,66,100977,9,246511
38454,0.000944,172.31.36.0-255,66,101043,9,246511
38455,0.000949,74.125.24.0-255,2184,103227,9,246511
38456,0.000951,172.31.36.0-255,66,103293,9,246511
38457,0.000955,74.125.24.0-255,2902,106195,9,246511
38458,0.000957,172.31.36.0-255,66,106261,9,246511
38459,0.000986,74.125.24.0-255,2902,109163,9,246511
38460,0.000989,172.31.36.0-255,66,109229,9,246511
38461,0.000995,74.125.24.0-255,4320,113549,9,246511
38462,0.000997,172.31.36.0-255,66,113615,9,246511
38463,0.001021,74.125.24.0-255,5738,119353,9,246511
38464,0.001025,172.31.36.0-255,66,119419,9,246511
38465,0.001051,74.125.24.0-255,2902,122321,9,246511
38466,0.001054,172.31.36.0-255,66,122387,9,246511
38467,0.00106,74.125.24.0-255,4320,126707,9,246511
38468,0.001062,172.31.36.0-255,66,126773,9,246511
38469,0.001101,172.31.36.0-255,66,126839,9,246511
38470,0.001339,74.125.24.0-255,1484,128323,9,246511
38471,0.001345,74.125.24.0-255,2902,131225,9,246511
38472,0.001349,172.31.36.0-255,66,131291,9,246511
38473,0.001378,74.125.24.0-255,5738,137029,9,246511
38474,0.001382,172.31.36.0-255,66,137095,9,246511
38475,0.001389,74.125.24.0-255,5738,142833,9,246511
38476,0.001391,172.31.36.0-255,66,142899,9,246511
38477,0.001429,172.31.36.0-255,66,142965,9,246511
38478,0.001452,74.125.24.0-255,1484,144449,9,246511
38479,0.001459,74.125.24.0-255,5020,149469,9,246511
38480,0.001462,172.31.36.0-255,66,149535,9,246511
38481,0.001542,74.125.24.0-255,1484,151019,9,246511
38482,0.001547,74.125.24.0-255,2902,153921,9,246511
38483,0.00155,172.31.36.0-255,66,153987,9,246511
38484,0.001555,74.125.24.0-255,2902,156889,9,246511
38485,0.001557,172.31.36.0-255,66,156955,9,246511
38486,0.001578,74.125.24.0-255,2902,159857,9,246511
38487,0.00158,172.31.36.0-255,66,159923,9,246511
38488,0.001598,172.31.36.0-255,66,159989,9,246511
38489,0.001628,74.125.24.0-255,2902,162891,9,246511
38490,0.001631,172.31.36.0-255,66,162957,9,246511
38491,0.001647,172.31.36.0-255,66,163023,9,246511
38492,0.001684,74.125.24.0-255,6438,169461,9,246511
38493,0.001688,172.31.36.0-255,66,169527,9,246511
38494,0.001706,172.31.36.0-255,66,169593,9,246511
38495,0.001726,172.31.36.0-255,66,169659,9,246511
38496,0.001801,172.31.36.0-255,66,169725,9,246511
38497,0.001807,74.125.24.0-255,5020,174745,9,246511
38498,0.00181,172.31.36.0-255,66,174811,9,246511
38499,0.001812,74.125.24.0-255,1484,176295,9,246511
38500,0.001817,74.125.24.0-255,2902,179197,9,246511
38501,0.001819,74.125.24.0-255,1484,180681,9,246511
38502,0.001821,172.31.36.0-255,66,180747,9,246511
38503,0.001855,74.125.24.0-255,4320,185067,9,246511
38504,0.001859,172.31.36.0-255,66,185133,9,246511
38505,0.001872,172.31.36.0-255,66,185199,9,246511
38506,0.001879,74.125.24.0-255,7156,192355,9,246511
38507,0.001882,172.31.36.0-255,66,192421,9,246511
38508,0.001908,74.125.24.0-255,3602,196023,9,246511
38509,0.001911,172.31.36.0-255,66,196089,9,246511
38510,0.001934,74.125.24.0-255,1484,197573,9,246511
38511,0.001962,74.125.24.0-255,2902,200475,9,246511
38512,0.001965,172.31.36.0-255,66,200541,9,246511
38513,0.00197,74.125.24.0-255,1484,202025,9,246511
38514,0.001992,74.125.24.0-255,7156,209181,9,246511
38515,0.001996,172.31.36.0-255,66,209247,9,246511
38516,0.002001,74.125.24.0-255,4320,213567,9,246511
38517,0.002004,172.31.36.0-255,66,213633,9,246511
38518,0.00203,74.125.24.0-255,2902,216535,9,246511
38519,0.002034,172.31.36.0-255,66,216601,9,246511
38520,0.002062,74.125.24.0-255,4320,220921,9,246511
38521,0.002074,172.31.36.0-255,66,220987,9,246511
38522,0.002096,172.31.36.0-255,66,221053,9,246511
38523,0.002113,74.125.24.0-255,1484,222537,9,246511
38524,0.002134,74.125.24.0-255,2902,225439,9,246511
38525,0.002137,172.31.36.0-255,66,225505,9,246511
38526,0.002143,74.125.24.0-255,5738,231243,9,246511
38527,0.002145,172.31.36.0-255,66,231309,9,246511
38528,0.002149,74.125.24.0-255,2902,234211,9,246511
38529,0.002159,172.31.36.0-255,66,234277,9,246511
38530,0.002186,74.125.24.0-255,1484,235761,9,246511
38531,0.0022,172.31.36.0-255,66,235827,9,246511
38532,0.002206,74.125.24.0-255,2902,238729,9,246511
38533,0.002208,172.31.36.0-255,66,238795,9,246511
38534,0.002246,172.31.36.0-255,66,238861,9,246511
38535,0.002271,172.31.36.0-255,66,238927,9,246511
38536,0.002275,74.125.24.0-255,105,239032,9,246511
38537,0.002569,172.31.36.0-255,101,239133,9,246511
38538,0.0036,172.31.36.0-255,105,239238,9,246511
38539,0.005059,74.125.24.0-255,66,239304,9,246511
38540,0.006076,74.125.24.0-255,66,239370,9,246511
38541,0.044491,172.31.36.0-255,188,239558,9,246511
38542,0.044741,172.31.36.0-255,960,240518,9,246511
38543,0.044825,172.31.36.0-255,1514,242032,9,246511
38544,0.044827,172.31.36.0-255,1514,243546,9,246511
38545,0.044828,172.31.36.0-255,1514,245060,9,246511
38546,0.044829,172.31.36.0-255,1013,246073,9,246511
38547,0.046003,104.244.42.0-255,66,246139,9,246511
38548,0.046262,104.244.42.0-255,66,246205,9,246511
38549,0.046336,104.244.42.0-255,66,246271,9,246511
38550,0.046374,104.244.42.0-255,66,246337,9,246511
38551,0.046871,104.244.42.0-255,108,246445,9,246511
38552,0.046895,172.31.36.0-255,66,246511,9,246511
38553,0.0,172.217.194.0-255,152,152,9,296230
38554,3.3e-05,172.31.36.0-255,66,218,9,296230
38555,4e-05,172.217.194.0-255,1484,1702,9,296230
38556,4.4e-05,172.31.36.0-255,66,1768,9,296230
38557,4.9e-05,172.217.194.0-255,2902,4670,9,296230
38558,5.8e-05,172.31.36.0-255,66,4736,9,296230
38559,6.6e-05,172.217.194.0-255,7156,11892,9,296230
38560,6.8e-05,172.31.36.0-255,66,11958,9,296230
38561,7.2e-05,172.217.194.0-255,1947,13905,9,296230
38562,7.5e-05,172.31.36.0-255,66,13971,9,296230
38563,0.000104,172.217.194.0-255,1484,15455,9,296230
38564,0.000108,172.31.36.0-255,66,15521,9,296230
38565,0.000111,172.217.194.0-255,1484,17005,9,296230
38566,0.000113,172.31.36.0-255,66,17071,9,296230
38567,0.000147,172.217.194.0-255,1484,18555,9,296230
38568,0.000149,172.31.36.0-255,66,18621,9,296230
38569,0.000156,172.217.194.0-255,5738,24359,9,296230
38570,0.000158,172.31.36.0-255,66,24425,9,296230
38571,0.000166,172.217.194.0-255,6797,31222,9,296230
38572,0.000168,172.31.36.0-255,66,31288,9,296230
38573,0.000207,172.31.36.0-255,66,31354,9,296230
38574,0.000229,172.217.194.0-255,2902,34256,9,296230
38575,0.000231,172.31.36.0-255,66,34322,9,296230
38576,0.000237,172.217.194.0-255,2543,36865,9,296230
38577,0.00024,172.31.36.0-255,66,36931,9,296230
38578,0.000787,172.217.194.0-255,1484,38415,9,296230
38579,0.000792,172.31.36.0-255,66,38481,9,296230
38580,0.000803,172.217.194.0-255,2902,41383,9,296230
38581,0.000812,172.31.36.0-255,66,41449,9,296230
38582,0.00082,172.217.194.0-255,5738,47187,9,296230
38583,0.000823,172.31.36.0-255,66,47253,9,296230
38584,0.000829,172.217.194.0-255,5738,52991,9,296230
38585,0.000832,172.31.36.0-255,66,53057,9,296230
38586,0.000876,172.217.194.0-255,1125,54182,9,296230
38587,0.000882,172.217.194.0-255,1484,55666,9,296230
38588,0.000885,172.31.36.0-255,66,55732,9,296230
38589,0.000898,172.217.194.0-255,1484,57216,9,296230
38590,0.000924,172.217.194.0-255,2902,60118,9,296230
38591,0.000927,172.31.36.0-255,66,60184,9,296230
38592,0.000938,172.31.36.0-255,66,60250,9,296230
38593,0.000983,172.31.36.0-255,66,60316,9,296230
38594,0.001014,172.217.194.0-255,2543,62859,9,296230
38595,0.001017,172.31.36.0-255,66,62925,9,296230
38596,0.001022,172.217.194.0-255,3961,66886,9,296230
38597,0.001024,172.31.36.0-255,66,66952,9,296230
38598,0.001031,172.217.194.0-255,5738,72690,9,296230
38599,0.001033,172.31.36.0-255,66,72756,9,296230
38600,0.001061,172.217.194.0-255,7156,79912,9,296230
38601,0.001065,172.31.36.0-255,66,79978,9,296230
38602,0.001068,172.217.194.0-255,1484,81462,9,296230
38603,0.001118,172.31.36.0-255,66,81528,9,296230
38604,0.001122,172.217.194.0-255,1484,83012,9,296230
38605,0.001128,172.217.194.0-255,3974,86986,9,296230
38606,0.00113,172.31.36.0-255,66,87052,9,296230
38607,0.001244,172.217.194.0-255,1484,88536,9,296230
38608,0.00125,172.217.194.0-255,2902,91438,9,296230
38609,0.001254,172.31.36.0-255,66,91504,9,296230
38610,0.001261,172.217.194.0-255,5738,97242,9,296230
38611,0.001263,172.31.36.0-255,66,97308,9,296230
38612,0.001323,172.31.36.0-255,66,97374,9,296230
38613,0.00136,172.31.36.0-255,66,97440,9,296230
38614,0.001416,172.217.194.0-255,1484,98924,9,296230
38615,0.001422,172.217.194.0-255,2902,101826,9,296230
38616,0.001425,172.31.36.0-255,66,101892,9,296230
38617,0.001471,172.217.194.0-255,2902,104794,9,296230
38618,0.001473,172.31.36.0-255,66,104860,9,296230
38619,0.001498,172.217.194.0-255,2902,107762,9,296230
38620,0.0015,172.31.36.0-255,66,107828,9,296230
38621,0.001513,172.31.36.0-255,66,107894,9,296230
38622,0.001523,172.31.36.0-255,66,107960,9,296230
38623,0.001551,172.217.194.0-255,2184,110144,9,296230
38624,0.001553,172.31.36.0-255,66,110210,9,296230
38625,0.001569,172.217.194.0-255,5738,115948,9,296230
38626,0.001595,172.217.194.0-255,4320,120268,9,296230
38627,0.0016,172.217.194.0-255,4320,124588,9,296230
38628,0.001607,172.31.36.0-255,66,124654,9,296230
38629,0.001646,172.31.36.0-255,66,124720,9,296230
38630,0.00176,172.217.194.0-255,1484,126204,9,296230
38631,0.001782,172.217.194.0-255,2902,129106,9,296230
38632,0.001787,172.217.194.0-255,5738,134844,9,296230
38633,0.001789,172.217.194.0-255,1484,136328,9,296230
38634,0.001793,172.31.36.0-255,66,136394,9,296230
38635,0.001805,172.217.194.0-255,4320,140714,9,296230
38636,0.001829,172.31.36.0-255,66,140780,9,296230
38637,0.001853,172.217.194.0-255,5020,145800,9,296230
38638,0.001865,172.31.36.0-255,66,145866,9,296230
38639,0.002075,172.217.194.0-255,1484,147350,9,296230
38640,0.002081,172.217.194.0-255,2902,150252,9,296230
38641,0.002084,172.31.36.0-255,66,150318,9,296230
38642,0.002113,172.217.194.0-255,5738,156056,9,296230
38643,0.002118,172.217.194.0-255,2902,158958,9,296230
38644,0.002126,172.31.36.0-255,66,159024,9,296230
38645,0.002155,172.217.194.0-255,5738,164762,9,296230
38646,0.002176,172.217.194.0-255,5020,169782,9,296230
38647,0.002185,172.31.36.0-255,66,169848,9,296230
38648,0.004472,172.217.194.0-255,5738,175586,9,296230
38649,0.004479,172.31.36.0-255,66,175652,9,296230
38650,0.006817,172.217.194.0-255,5738,181390,9,296230
38651,0.006822,172.31.36.0-255,66,181456,9,296230
38652,0.009157,172.217.194.0-255,5738,187194,9,296230
38653,0.009163,172.31.36.0-255,66,187260,9,296230
38654,0.011469,172.217.194.0-255,5738,192998,9,296230
38655,0.011476,172.31.36.0-255,66,193064,9,296230
38656,0.013811,172.217.194.0-255,5738,198802,9,296230
38657,0.013818,172.31.36.0-255,66,198868,9,296230
38658,0.016131,172.217.194.0-255,5738,204606,9,296230
38659,0.016144,172.31.36.0-255,66,204672,9,296230
38660,0.018435,172.217.194.0-255,5738,210410,9,296230
38661,0.018445,172.31.36.0-255,66,210476,9,296230
38662,0.020764,172.217.194.0-255,4320,214796,9,296230
38663,0.020771,172.31.36.0-255,66,214862,9,296230
38664,0.0208,172.217.194.0-255,1484,216346,9,296230
38665,0.023117,172.217.194.0-255,4320,220666,9,296230
38666,0.023123,172.31.36.0-255,66,220732,9,296230
38667,0.0255,172.217.194.0-255,5738,226470,9,296230
38668,0.025506,172.31.36.0-255,66,226536,9,296230
38669,0.027817,172.217.194.0-255,5738,232274,9,296230
38670,0.027824,172.31.36.0-255,66,232340,9,296230
38671,0.029938,172.31.36.0-255,172,232512,9,296230
38672,0.029995,172.31.36.0-255,1116,233628,9,296230
38673,0.030072,172.31.36.0-255,1514,235142,9,296230
38674,0.030074,172.31.36.0-255,1514,236656,9,296230
38675,0.030079,172.31.36.0-255,1514,238170,9,296230
38676,0.03008,172.31.36.0-255,359,238529,9,296230
38677,0.03014,172.217.194.0-255,5738,244267,9,296230
38678,0.030147,172.31.36.0-255,66,244333,9,296230
38679,0.03147,104.244.42.0-255,66,244399,9,296230
38680,0.031509,104.244.42.0-255,66,244465,9,296230
38681,0.031632,104.244.42.0-255,66,244531,9,296230
38682,0.031636,104.244.42.0-255,66,244597,9,296230
38683,0.032471,172.217.194.0-255,5738,250335,9,296230
38684,0.032479,172.31.36.0-255,66,250401,9,296230
38685,0.034778,172.217.194.0-255,5738,256139,9,296230
38686,0.034784,172.31.36.0-255,66,256205,9,296230
38687,0.037061,172.217.194.0-255,5738,261943,9,296230
38688,0.037069,172.31.36.0-255,66,262009,9,296230
38689,0.039397,172.217.194.0-255,5738,267747,9,296230
38690,0.039403,172.31.36.0-255,66,267813,9,296230
38691,0.041675,172.217.194.0-255,5738,273551,9,296230
38692,0.041681,172.31.36.0-255,66,273617,9,296230
38693,0.044013,172.217.194.0-255,5738,279355,9,296230
38694,0.044019,172.31.36.0-255,66,279421,9,296230
38695,0.046311,172.217.194.0-255,5738,285159,9,296230
38696,0.046317,172.31.36.0-255,66,285225,9,296230
38697,0.048631,172.217.194.0-255,5738,290963,9,296230
38698,0.048642,172.31.36.0-255,66,291029,9,296230
38699,0.050935,172.217.194.0-255,2902,293931,9,296230
38700,0.050941,172.31.36.0-255,66,293997,9,296230
38701,0.050991,172.217.194.0-255,1996,295993,9,296230
38702,0.050995,172.31.36.0-255,66,296059,9,296230
38703,0.051968,172.31.36.0-255,105,296164,9,296230
38704,0.05423,172.217.194.0-255,66,296230,9,296230
38705,0.0,74.125.24.0-255,153,153,9,352900
38706,2.7e-05,172.31.36.0-255,66,219,9,352900
38707,3.4e-05,74.125.24.0-255,1484,1703,9,352900
38708,3.8e-05,172.31.36.0-255,66,1769,9,352900
38709,4.4e-05,74.125.24.0-255,2902,4671,9,352900
38710,5.5e-05,172.31.36.0-255,66,4737,9,352900
38711,6.2e-05,74.125.24.0-255,7156,11893,9,352900
38712,6.4e-05,172.31.36.0-255,66,11959,9,352900
38713,7.1e-05,74.125.24.0-255,6248,18207,9,352900
38714,7.3e-05,172.31.36.0-255,66,18273,9,352900
38715,7.9e-05,74.125.24.0-255,7156,25429,9,352900
38716,8.2e-05,172.31.36.0-255,66,25495,9,352900
38717,0.000121,74.125.24.0-255,1484,26979,9,352900
38718,0.000124,172.31.36.0-255,66,27045,9,352900
38719,0.00015,74.125.24.0-255,3961,31006,9,352900
38720,0.000153,172.31.36.0-255,66,31072,9,352900
38721,0.00016,74.125.24.0-255,5738,36810,9,352900
38722,0.000163,172.31.36.0-255,66,36876,9,352900
38723,0.000171,74.125.24.0-255,5738,42614,9,352900
38724,0.000173,172.31.36.0-255,66,42680,9,352900
38725,0.000215,74.125.24.0-255,2902,45582,9,352900
38726,0.000218,172.31.36.0-255,66,45648,9,352900
38727,0.000236,74.125.24.0-255,2543,48191,9,352900
38728,0.000239,172.31.36.0-255,66,48257,9,352900
38729,0.000733,74.125.24.0-255,1484,49741,9,352900
38730,0.000739,172.31.36.0-255,66,49807,9,352900
38731,0.000748,74.125.24.0-255,2902,52709,9,352900
38732,0.00075,172.31.36.0-255,66,52775,9,352900
38733,0.000764,74.125.24.0-255,5738,58513,9,352900
38734,0.000767,172.31.36.0-255,66,58579,9,352900
38735,0.000777,172.31.36.0-255,66,58645,9,352900
38736,0.000836,74.125.24.0-255,1484,60129,9,352900
38737,0.000855,74.125.24.0-255,2902,63031,9,352900
38738,0.000858,172.31.36.0-255,66,63097,9,352900
38739,0.000866,74.125.24.0-255,5738,68835,9,352900
38740,0.000868,172.31.36.0-255,66,68901,9,352900
38741,0.000871,74.125.24.0-255,1484,70385,9,352900
38742,0.000917,172.31.36.0-255,66,70451,9,352900
38743,0.000924,74.125.24.0-255,5738,76189,9,352900
38744,0.000926,172.31.36.0-255,66,76255,9,352900
38745,0.000946,74.125.24.0-255,3602,79857,9,352900
38746,0.000954,172.31.36.0-255,66,79923,9,352900
38747,0.001003,74.125.24.0-255,1484,81407,9,352900
38748,0.001008,74.125.24.0-255,2902,84309,9,352900
38749,0.001011,172.31.36.0-255,66,84375,9,352900
38750,0.001019,74.125.24.0-255,5738,90113,9,352900
38751,0.001021,172.31.36.0-255,66,90179,9,352900
38752,0.001063,172.31.36.0-255,66,90245,9,352900
38753,0.001066,74.125.24.0-255,1484,91729,9,352900
38754,0.001101,172.31.36.0-255,66,91795,9,352900
38755,0.001959,74.125.24.0-255,1484,93279,9,352900
38756,0.001966,74.125.24.0-255,2902,96181,9,352900
38757,0.001971,172.31.36.0-255,66,96247,9,352900
38758,0.001975,74.125.24.0-255,1484,97731,9,352900
38759,0.002,74.125.24.0-255,4320,102051,9,352900
38760,0.002003,172.31.36.0-255,66,102117,9,352900
38761,0.002007,74.125.24.0-255,4320,106437,9,352900
38762,0.00201,172.31.36.0-255,66,106503,9,352900
38763,0.002021,74.125.24.0-255,7156,113659,9,352900
38764,0.002023,172.31.36.0-255,66,113725,9,352900
38765,0.002053,74.125.24.0-255,4320,118045,9,352900
38766,0.002055,172.31.36.0-255,66,118111,9,352900
38767,0.002065,172.31.36.0-255,66,118177,9,352900
38768,0.002088,74.125.24.0-255,2902,121079,9,352900
38769,0.002091,172.31.36.0-255,66,121145,9,352900
38770,0.002119,74.125.24.0-255,1484,122629,9,352900
38771,0.002125,74.125.24.0-255,5738,128367,9,352900
38772,0.002127,172.31.36.0-255,66,128433,9,352900
38773,0.002138,172.31.36.0-255,66,128499,9,352900
38774,0.002141,74.125.24.0-255,1484,129983,9,352900
38775,0.002179,172.31.36.0-255,66,130049,9,352900
38776,0.004449,74.125.24.0-255,4320,134369,9,352900
38777,0.004452,172.31.36.0-255,66,134435,9,352900
38778,0.004502,74.125.24.0-255,1484,135919,9,352900
38779,0.006738,74.125.24.0-255,4320,140239,9,352900
38780,0.006744,172.31.36.0-255,66,140305,9,352900
38781,0.009003,74.125.24.0-255,5738,146043,9,352900
38782,0.009011,172.31.36.0-255,66,146109,9,352900
38783,0.011303,74.125.24.0-255,5738,151847,9,352900
38784,0.011311,172.31.36.0-255,66,151913,9,352900
38785,0.013573,74.125.24.0-255,5738,157651,9,352900
38786,0.013581,172.31.36.0-255,66,157717,9,352900
38787,0.015893,74.125.24.0-255,5738,163455,9,352900
38788,0.015902,172.31.36.0-255,66,163521,9,352900
38789,0.018168,74.125.24.0-255,5738,169259,9,352900
38790,0.018175,172.31.36.0-255,66,169325,9,352900
38791,0.020484,74.125.24.0-255,5738,175063,9,352900
38792,0.02049,172.31.36.0-255,66,175129,9,352900
38793,0.022798,74.125.24.0-255,5738,180867,9,352900
38794,0.022806,172.31.36.0-255,66,180933,9,352900
38795,0.025104,74.125.24.0-255,5738,186671,9,352900
38796,0.02511,172.31.36.0-255,66,186737,9,352900
38797,0.027379,74.125.24.0-255,5738,192475,9,352900
38798,0.027386,172.31.36.0-255,66,192541,9,352900
38799,0.029689,74.125.24.0-255,5738,198279,9,352900
38800,0.029697,172.31.36.0-255,66,198345,9,352900
38801,0.031963,74.125.24.0-255,4320,202665,9,352900
38802,0.031969,172.31.36.0-255,66,202731,9,352900
38803,0.031999,74.125.24.0-255,1484,204215,9,352900
38804,0.034235,74.125.24.0-255,4320,208535,9,352900
38805,0.034241,172.31.36.0-255,66,208601,9,352900
38806,0.036527,74.125.24.0-255,5738,214339,9,352900
38807,0.036535,172.31.36.0-255,66,214405,9,352900
38808,0.038827,74.125.24.0-255,5738,220143,9,352900
38809,0.038833,172.31.36.0-255,66,220209,9,352900
38810,0.041118,74.125.24.0-255,5738,225947,9,352900
38811,0.041124,172.31.36.0-255,66,226013,9,352900
38812,0.043391,74.125.24.0-255,5738,231751,9,352900
38813,0.043398,172.31.36.0-255,66,231817,9,352900
38814,0.045676,74.125.24.0-255,5738,237555,9,352900
38815,0.045683,172.31.36.0-255,66,237621,9,352900
38816,0.047961,74.125.24.0-255,5738,243359,9,352900
38817,0.047967,172.31.36.0-255,66,243425,9,352900
38818,0.049416,172.31.36.0-255,188,243613,9,352900
38819,0.04949,172.31.36.0-255,960,244573,9,352900
38820,0.049757,172.31.36.0-255,1514,246087,9,352900
38821,0.049764,172.31.36.0-255,938,247025,9,352900
38822,0.050233,74.125.24.0-255,5738,252763,9,352900
38823,0.050238,172.31.36.0-255,66,252829,9,352900
38824,0.050969,104.244.42.0-255,66,252895,9,352900
38825,0.051059,104.244.42.0-255,66,252961,9,352900
38826,0.051353,104.244.42.0-255,66,253027,9,352900
38827,0.052492,74.125.24.0-255,5738,258765,9,352900
38828,0.052498,172.31.36.0-255,66,258831,9,352900
38829,0.054788,74.125.24.0-255,5738,264569,9,352900
38830,0.054794,172.31.36.0-255,66,264635,9,352900
38831,0.057123,74.125.24.0-255,5738,270373,9,352900
38832,0.057128,172.31.36.0-255,66,270439,9,352900
38833,0.0594,74.125.24.0-255,5738,276177,9,352900
38834,0.059405,172.31.36.0-255,66,276243,9,352900
38835,0.061667,74.125.24.0-255,5738,281981,9,352900
38836,0.061672,172.31.36.0-255,66,282047,9,352900
38837,0.063953,74.125.24.0-255,5738,287785,9,352900
38838,0.063958,172.31.36.0-255,66,287851,9,352900
38839,0.066225,74.125.24.0-255,5738,293589,9,352900
38840,0.066231,172.31.36.0-255,66,293655,9,352900
38841,0.068523,74.125.24.0-255,5738,299393,9,352900
38842,0.068529,172.31.36.0-255,66,299459,9,352900
38843,0.070793,74.125.24.0-255,2902,302361,9,352900
38844,0.070816,172.31.36.0-255,66,302427,9,352900
38845,0.070845,74.125.24.0-255,2902,305329,9,352900
38846,0.07085,172.31.36.0-255,66,305395,9,352900
38847,0.073105,74.125.24.0-255,5738,311133,9,352900
38848,0.07311,172.31.36.0-255,66,311199,9,352900
38849,0.075358,74.125.24.0-255,1484,312683,9,352900
38850,0.075393,74.125.24.0-255,4320,317003,9,352900
38851,0.075398,172.31.36.0-255,66,317069,9,352900
38852,0.077651,74.125.24.0-255,5738,322807,9,352900
38853,0.077658,172.31.36.0-255,66,322873,9,352900
38854,0.080005,74.125.24.0-255,5738,328611,9,352900
38855,0.080012,172.31.36.0-255,66,328677,9,352900
38856,0.082323,74.125.24.0-255,5738,334415,9,352900
38857,0.082329,172.31.36.0-255,66,334481,9,352900
38858,0.084649,74.125.24.0-255,5738,340219,9,352900
38859,0.084654,172.31.36.0-255,66,340285,9,352900
38860,0.086896,74.125.24.0-255,5738,346023,9,352900
38861,0.086901,172.31.36.0-255,66,346089,9,352900
38862,0.089196,74.125.24.0-255,5738,351827,9,352900
38863,0.089201,172.31.36.0-255,66,351893,9,352900
38864,0.09143,74.125.24.0-255,770,352663,9,352900
38865,0.091589,172.31.36.0-255,66,352729,9,352900
38866,0.091617,172.31.36.0-255,105,352834,9,352900
38867,0.093848,74.125.24.0-255,66,352900,9,352900
38868,0.0,172.217.194.0-255,146,146,9,232206
38869,2.5e-05,172.31.36.0-255,66,212,9,232206
38870,3.2e-05,172.217.194.0-255,1484,1696,9,232206
38871,3.6e-05,172.31.36.0-255,66,1762,9,232206
38872,4.2e-05,172.217.194.0-255,2902,4664,9,232206
38873,4.5e-05,172.31.36.0-255,66,4730,9,232206
38874,0.000107,172.217.194.0-255,1484,6214,9,232206
38875,0.000111,172.31.36.0-255,66,6280,9,232206
38876,0.000136,172.217.194.0-255,5738,12018,9,232206
38877,0.000141,172.31.36.0-255,66,12084,9,232206
38878,0.000234,172.217.194.0-255,4850,16934,9,232206
38879,0.000238,172.31.36.0-255,66,17000,9,232206
38880,0.000364,172.31.36.0-255,66,17066,9,232206
38881,0.000385,172.217.194.0-255,2543,19609,9,232206
38882,0.000389,172.31.36.0-255,66,19675,9,232206
38883,0.000655,172.31.36.0-255,66,19741,9,232206
38884,0.000691,172.31.36.0-255,66,19807,9,232206
38885,0.001012,172.217.194.0-255,5738,25545,9,232206
38886,0.001018,172.31.36.0-255,66,25611,9,232206
38887,0.001145,172.31.36.0-255,66,25677,9,232206
38888,0.001164,172.217.194.0-255,2543,28220,9,232206
38889,0.001168,172.31.36.0-255,66,28286,9,232206
38890,0.001341,172.217.194.0-255,646,28932,9,232206
38891,0.001345,172.31.36.0-255,66,28998,9,232206
38892,0.001361,172.217.194.0-255,1484,30482,9,232206
38893,0.001363,172.31.36.0-255,66,30548,9,232206
38894,0.001403,172.217.194.0-255,4320,34868,9,232206
38895,0.001406,172.31.36.0-255,66,34934,9,232206
38896,0.001523,172.31.36.0-255,66,35000,9,232206
38897,0.001739,172.217.194.0-255,2184,37184,9,232206
38898,0.001756,172.31.36.0-255,66,37250,9,232206
38899,0.002095,172.31.36.0-255,66,37316,9,232206
38900,0.002114,172.217.194.0-255,2902,40218,9,232206
38901,0.002157,172.31.36.0-255,66,40284,9,232206
38902,0.002331,172.217.194.0-255,7156,47440,9,232206
38903,0.002335,172.31.36.0-255,66,47506,9,232206
38904,0.002357,172.217.194.0-255,5738,53244,9,232206
38905,0.00237,172.31.36.0-255,66,53310,9,232206
38906,0.002613,172.217.194.0-255,5738,59048,9,232206
38907,0.002617,172.31.36.0-255,66,59114,9,232206
38908,0.002678,172.31.36.0-255,66,59180,9,232206
38909,0.003163,172.217.194.0-255,5738,64918,9,232206
38910,0.003167,172.31.36.0-255,66,64984,9,232206
38911,0.003207,172.31.36.0-255,66,65050,9,232206
38912,0.007811,172.31.36.0-255,66,65116,9,232206
38913,0.010146,172.217.194.0-255,5738,70854,9,232206
38914,0.010164,172.31.36.0-255,66,70920,9,232206
38915,0.012474,172.217.194.0-255,5738,76658,9,232206
38916,0.020644,172.217.194.0-255,1484,78142,9,232206
38917,0.021697,172.31.36.0-255,66,78208,9,232206
38918,0.024026,172.217.194.0-255,5738,83946,9,232206
38919,0.024043,172.31.36.0-255,66,84012,9,232206
38920,0.02634,172.217.194.0-255,5738,89750,9,232206
38921,0.026351,172.31.36.0-255,66,89816,9,232206
38922,0.026498,172.31.36.0-255,188,90004,9,232206
38923,0.026544,172.31.36.0-255,960,90964,9,232206
38924,0.026663,172.31.36.0-255,1514,92478,9,232206
38925,0.026666,172.31.36.0-255,1514,93992,9,232206
38926,0.026671,172.31.36.0-255,1514,95506,9,232206
38927,0.026673,172.31.36.0-255,1514,97020,9,232206
38928,0.026706,172.31.36.0-255,1514,98534,9,232206
38929,0.026707,172.31.36.0-255,962,99496,9,232206
38930,0.028093,104.244.42.0-255,66,99562,9,232206
38931,0.028138,104.244.42.0-255,66,99628,9,232206
38932,0.028275,104.244.42.0-255,66,99694,9,232206
38933,0.028283,104.244.42.0-255,66,99760,9,232206
38934,0.028646,172.217.194.0-255,5738,105498,9,232206
38935,0.028655,172.31.36.0-255,66,105564,9,232206
38936,0.030961,172.217.194.0-255,5738,111302,9,232206
38937,0.0376,172.31.36.0-255,66,111368,9,232206
38938,0.039638,172.217.194.0-255,1484,112852,9,232206
38939,0.039878,172.217.194.0-255,4320,117172,9,232206
38940,0.039887,172.31.36.0-255,66,117238,9,232206
38941,0.042211,172.217.194.0-255,5738,122976,9,232206
38942,0.042275,172.31.36.0-255,66,123042,9,232206
38943,0.044577,172.217.194.0-255,5738,128780,9,232206
38944,0.044585,172.31.36.0-255,66,128846,9,232206
38945,0.046885,172.217.194.0-255,5738,134584,9,232206
38946,0.046893,172.31.36.0-255,66,134650,9,232206
38947,0.049182,172.217.194.0-255,5738,140388,9,232206
38948,0.04919,172.31.36.0-255,66,140454,9,232206
38949,0.051491,172.217.194.0-255,1484,141938,9,232206
38950,0.051529,172.217.194.0-255,4320,146258,9,232206
38951,0.051534,172.31.36.0-255,66,146324,9,232206
38952,0.053853,172.217.194.0-255,5738,152062,9,232206
38953,0.05387,172.31.36.0-255,66,152128,9,232206
38954,0.056171,172.217.194.0-255,5738,157866,9,232206
38955,0.05618,172.31.36.0-255,66,157932,9,232206
38956,0.058462,172.217.194.0-255,5738,163670,9,232206
38957,0.0616,172.31.36.0-255,66,163736,9,232206
38958,0.063943,172.217.194.0-255,5738,169474,9,232206
38959,0.063954,172.31.36.0-255,66,169540,9,232206
38960,0.065667,172.31.36.0-255,108,169648,9,232206
38961,0.066286,172.217.194.0-255,5738,175386,9,232206
38962,0.066294,172.31.36.0-255,66,175452,9,232206
38963,0.067223,104.244.42.0-255,66,175518,9,232206
38964,0.068589,172.217.194.0-255,5738,181256,9,232206
38965,0.068598,172.31.36.0-255,66,181322,9,232206
38966,0.070913,172.217.194.0-255,5738,187060,9,232206
38967,0.075757,172.31.36.0-255,66,187126,9,232206
38968,0.078049,172.217.194.0-255,5738,192864,9,232206
38969,0.078064,172.31.36.0-255,66,192930,9,232206
38970,0.080387,172.217.194.0-255,5738,198668,9,232206
38971,0.080402,172.31.36.0-255,66,198734,9,232206
38972,0.08271,172.217.194.0-255,5738,204472,9,232206
38973,0.084185,172.31.36.0-255,66,204538,9,232206
38974,0.086507,172.217.194.0-255,4320,208858,9,232206
38975,0.086519,172.31.36.0-255,66,208924,9,232206
38976,0.086549,172.217.194.0-255,1484,210408,9,232206
38977,0.088844,172.217.194.0-255,4320,214728,9,232206
38978,0.088856,172.31.36.0-255,66,214794,9,232206
38979,0.09117,172.217.194.0-255,5738,220532,9,232206
38980,0.095069,172.31.36.0-255,66,220598,9,232206
38981,0.097364,172.217.194.0-255,5738,226336,9,232206
38982,0.097378,172.31.36.0-255,66,226402,9,232206
38983,0.099678,172.217.194.0-255,5738,232140,9,232206
38984,0.09969,172.31.36.0-255,66,232206,9,232206
38985,0.0,172.217.194.0-255,150,150,9,258555
38986,1.6e-05,172.31.36.0-255,66,216,9,258555
38987,2.3e-05,172.217.194.0-255,1484,1700,9,258555
38988,2.8e-05,172.31.36.0-255,66,1766,9,258555
38989,3.3e-05,172.217.194.0-255,2902,4668,9,258555
38990,4.3e-05,172.31.36.0-255,66,4734,9,258555
38991,4.9e-05,172.217.194.0-255,5738,10472,9,258555
38992,5.2e-05,172.31.36.0-255,66,10538,9,258555
38993,7.9e-05,172.217.194.0-255,3448,13986,9,258555
38994,8.3e-05,172.31.36.0-255,66,14052,9,258555
38995,0.00014,172.217.194.0-255,1484,15536,9,258555
38996,0.000143,172.31.36.0-255,66,15602,9,258555
38997,0.000148,172.217.194.0-255,2902,18504,9,258555
38998,0.00015,172.31.36.0-255,66,18570,9,258555
38999,0.000169,172.217.194.0-255,5738,24308,9,258555
39000,0.000171,172.31.36.0-255,66,24374,9,258555
39001,0.000179,172.217.194.0-255,6797,31171,9,258555
39002,0.000185,172.31.36.0-255,66,31237,9,258555
39003,0.000205,172.217.194.0-255,1484,32721,9,258555
39004,0.000208,172.31.36.0-255,66,32787,9,258555
39005,0.00025,172.31.36.0-255,66,32853,9,258555
39006,0.000271,172.31.36.0-255,66,32919,9,258555
39007,0.000275,172.217.194.0-255,2184,35103,9,258555
39008,0.000277,172.31.36.0-255,66,35169,9,258555
39009,0.000494,172.217.194.0-255,380,35549,9,258555
39010,0.000499,172.31.36.0-255,66,35615,9,258555
39011,0.000732,172.217.194.0-255,365,35980,9,258555
39012,0.000736,172.31.36.0-255,66,36046,9,258555
39013,0.000877,172.217.194.0-255,1484,37530,9,258555
39014,0.000881,172.31.36.0-255,66,37596,9,258555
39015,0.000888,172.217.194.0-255,2902,40498,9,258555
39016,0.00089,172.31.36.0-255,66,40564,9,258555
39017,0.000901,172.217.194.0-255,5738,46302,9,258555
39018,0.000904,172.31.36.0-255,66,46368,9,258555
39019,0.000909,172.217.194.0-255,2902,49270,9,258555
39020,0.000911,172.31.36.0-255,66,49336,9,258555
39021,0.000959,172.31.36.0-255,66,49402,9,258555
39022,0.000971,172.31.36.0-255,66,49468,9,258555
39023,0.001133,172.217.194.0-255,1484,50952,9,258555
39024,0.001139,172.217.194.0-255,2902,53854,9,258555
39025,0.001142,172.31.36.0-255,66,53920,9,258555
39026,0.001149,172.217.194.0-255,5738,59658,9,258555
39027,0.001151,172.31.36.0-255,66,59724,9,258555
39028,0.001193,172.31.36.0-255,66,59790,9,258555
39029,0.001199,172.217.194.0-255,5738,65528,9,258555
39030,0.001202,172.31.36.0-255,66,65594,9,258555
39031,0.001226,172.217.194.0-255,5020,70614,9,258555
39032,0.001234,172.31.36.0-255,66,70680,9,258555
39033,0.001702,172.217.194.0-255,1484,72164,9,258555
39034,0.001708,172.217.194.0-255,2902,75066,9,258555
39035,0.001711,172.31.36.0-255,66,75132,9,258555
39036,0.001716,172.217.194.0-255,2902,78034,9,258555
39037,0.001718,172.31.36.0-255,66,78100,9,258555
39038,0.001749,172.217.194.0-255,2902,81002,9,258555
39039,0.001752,172.31.36.0-255,66,81068,9,258555
39040,0.001769,172.31.36.0-255,66,81134,9,258555
39041,0.001782,172.31.36.0-255,66,81200,9,258555
39042,0.001984,172.217.194.0-255,1484,82684,9,258555
39043,0.00199,172.217.194.0-255,2902,85586,9,258555
39044,0.001993,172.31.36.0-255,66,85652,9,258555
39045,0.002036,172.217.194.0-255,2902,88554,9,258555
39046,0.002038,172.31.36.0-255,66,88620,9,258555
39047,0.002063,172.217.194.0-255,2902,91522,9,258555
39048,0.002066,172.31.36.0-255,66,91588,9,258555
39049,0.002079,172.31.36.0-255,66,91654,9,258555
39050,0.002091,172.31.36.0-255,66,91720,9,258555
39051,0.002121,172.217.194.0-255,1484,93204,9,258555
39052,0.002126,172.217.194.0-255,2902,96106,9,258555
39053,0.002128,172.31.36.0-255,66,96172,9,258555
39054,0.002131,172.217.194.0-255,1484,97656,9,258555
39055,0.00216,172.217.194.0-255,4320,101976,9,258555
39056,0.002163,172.31.36.0-255,66,102042,9,258555
39057,0.00217,172.217.194.0-255,7156,109198,9,258555
39058,0.002172,172.31.36.0-255,66,109264,9,258555
39059,0.002192,172.31.36.0-255,66,109330,9,258555
39060,0.002197,172.217.194.0-255,2184,111514,9,258555
39061,0.002199,172.31.36.0-255,66,111580,9,258555
39062,0.002349,172.217.194.0-255,1484,113064,9,258555
39063,0.002355,172.217.194.0-255,2902,115966,9,258555
39064,0.002359,172.31.36.0-255,66,116032,9,258555
39065,0.002363,172.217.194.0-255,1484,117516,9,258555
39066,0.00239,172.217.194.0-255,4320,121836,9,258555
39067,0.002392,172.31.36.0-255,66,121902,9,258555
39068,0.002415,172.31.36.0-255,66,121968,9,258555
39069,0.002446,172.217.194.0-255,1484,123452,9,258555
39070,0.00246,172.31.36.0-255,66,123518,9,258555
39071,0.002488,172.31.36.0-255,66,123584,9,258555
39072,0.002496,172.217.194.0-255,7156,130740,9,258555
39073,0.002499,172.31.36.0-255,66,130806,9,258555
39074,0.00253,172.217.194.0-255,766,131572,9,258555
39075,0.002613,172.217.194.0-255,1484,133056,9,258555
39076,0.002628,172.31.36.0-255,66,133122,9,258555
39077,0.002634,172.217.194.0-255,2902,136024,9,258555
39078,0.002637,172.31.36.0-255,66,136090,9,258555
39079,0.002647,172.217.194.0-255,5738,141828,9,258555
39080,0.00265,172.31.36.0-255,66,141894,9,258555
39081,0.002658,172.217.194.0-255,7156,149050,9,258555
39082,0.002661,172.31.36.0-255,66,149116,9,258555
39083,0.005324,172.217.194.0-255,5738,154854,9,258555
39084,0.005331,172.31.36.0-255,66,154920,9,258555
39085,0.007972,172.217.194.0-255,5738,160658,9,258555
39086,0.007976,172.31.36.0-255,66,160724,9,258555
39087,0.010627,172.217.194.0-255,5738,166462,9,258555
39088,0.010635,172.31.36.0-255,66,166528,9,258555
39089,0.013287,172.217.194.0-255,5738,172266,9,258555
39090,0.013295,172.31.36.0-255,66,172332,9,258555
39091,0.015946,172.217.194.0-255,5738,178070,9,258555
39092,0.015954,172.31.36.0-255,66,178136,9,258555
39093,0.018597,172.217.194.0-255,5738,183874,9,258555
39094,0.018606,172.31.36.0-255,66,183940,9,258555
39095,0.021276,172.217.194.0-255,5738,189678,9,258555
39096,0.021284,172.31.36.0-255,66,189744,9,258555
39097,0.023935,172.217.194.0-255,5738,195482,9,258555
39098,0.023943,172.31.36.0-255,66,195548,9,258555
39099,0.026579,172.217.194.0-255,5738,201286,9,258555
39100,0.026585,172.31.36.0-255,66,201352,9,258555
39101,0.029246,172.217.194.0-255,5738,207090,9,258555
39102,0.029253,172.31.36.0-255,66,207156,9,258555
39103,0.031896,172.217.194.0-255,5738,212894,9,258555
39104,0.031905,172.31.36.0-255,66,212960,9,258555
39105,0.03453,172.217.194.0-255,5738,218698,9,258555
39106,0.034537,172.31.36.0-255,66,218764,9,258555
39107,0.035125,172.31.36.0-255,176,218940,9,258555
39108,0.035154,172.31.36.0-255,1115,220055,9,258555
39109,0.035222,172.31.36.0-255,1514,221569,9,258555
39110,0.035224,172.31.36.0-255,1514,223083,9,258555
39111,0.035225,172.31.36.0-255,1514,224597,9,258555
39112,0.035226,172.31.36.0-255,1514,226111,9,258555
39113,0.035252,172.31.36.0-255,1488,227599,9,258555
39114,0.036671,104.244.42.0-255,66,227665,9,258555
39115,0.03668,104.244.42.0-255,66,227731,9,258555
39116,0.036776,104.244.42.0-255,66,227797,9,258555
39117,0.037162,172.217.194.0-255,5738,233535,9,258555
39118,0.037169,172.31.36.0-255,66,233601,9,258555
39119,0.039824,172.217.194.0-255,5738,239339,9,258555
39120,0.03983,172.31.36.0-255,66,239405,9,258555
39121,0.042479,172.217.194.0-255,5738,245143,9,258555
39122,0.042488,172.31.36.0-255,66,245209,9,258555
39123,0.045136,172.217.194.0-255,5738,250947,9,258555
39124,0.045142,172.31.36.0-255,66,251013,9,258555
39125,0.047787,172.217.194.0-255,5738,256751,9,258555
39126,0.047793,172.31.36.0-255,66,256817,9,258555
39127,0.050429,172.217.194.0-255,1042,257859,9,258555
39128,0.050588,172.31.36.0-255,105,257964,9,258555
39129,0.050622,172.31.36.0-255,105,258069,9,258555
39130,0.05088,172.31.36.0-255,90,258159,9,258555
39131,0.05089,172.31.36.0-255,66,258225,9,258555
39132,0.053199,172.217.194.0-255,66,258291,9,258555
39133,0.053233,172.217.194.0-255,66,258357,9,258555
39134,0.053463,172.217.194.0-255,66,258423,9,258555
39135,0.053498,172.217.194.0-255,66,258489,9,258555
39136,0.053521,172.31.36.0-255,66,258555,9,258555
39137,0.0,216.58.221.0-255,66,66,9,66
39138,0.0,74.125.24.0-255,150,150,9,294591
39139,3.1e-05,172.31.36.0-255,66,216,9,294591
39140,3.7e-05,74.125.24.0-255,1484,1700,9,294591
39141,4.1e-05,172.31.36.0-255,66,1766,9,294591
39142,4.5e-05,74.125.24.0-255,2902,4668,9,294591
39143,4.8e-05,172.31.36.0-255,66,4734,9,294591
39144,5.4e-05,74.125.24.0-255,7156,11890,9,294591
39145,5.7e-05,172.31.36.0-255,66,11956,9,294591
39146,5.9e-05,74.125.24.0-255,1484,13440,9,294591
39147,6.1e-05,172.31.36.0-255,66,13506,9,294591
39148,8.8e-05,172.31.36.0-255,66,13572,9,294591
39149,0.000106,74.125.24.0-255,1484,15056,9,294591
39150,0.000108,172.31.36.0-255,66,15122,9,294591
39151,0.000128,74.125.24.0-255,6797,21919,9,294591
39152,0.00013,172.31.36.0-255,66,21985,9,294591
39153,0.000164,74.125.24.0-255,4320,26305,9,294591
39154,0.000167,172.31.36.0-255,66,26371,9,294591
39155,0.000184,74.125.24.0-255,2902,29273,9,294591
39156,0.000186,172.31.36.0-255,66,29339,9,294591
39157,0.00019,74.125.24.0-255,2902,32241,9,294591
39158,0.000192,172.31.36.0-255,66,32307,9,294591
39159,0.00021,74.125.24.0-255,5738,38045,9,294591
39160,0.000212,172.31.36.0-255,66,38111,9,294591
39161,0.000214,74.125.24.0-255,1125,39236,9,294591
39162,0.000216,172.31.36.0-255,66,39302,9,294591
39163,0.000273,74.125.24.0-255,1484,40786,9,294591
39164,0.000276,172.31.36.0-255,66,40852,9,294591
39165,0.000281,74.125.24.0-255,2902,43754,9,294591
39166,0.000283,172.31.36.0-255,66,43820,9,294591
39167,0.000295,74.125.24.0-255,4320,48140,9,294591
39168,0.000297,172.31.36.0-255,66,48206,9,294591
39169,0.000319,74.125.24.0-255,1484,49690,9,294591
39170,0.000327,74.125.24.0-255,7147,56837,9,294591
39171,0.00033,172.31.36.0-255,66,56903,9,294591
39172,0.000411,74.125.24.0-255,329,57232,9,294591
39173,0.000635,74.125.24.0-255,1484,58716,9,294591
39174,0.000639,172.31.36.0-255,66,58782,9,294591
39175,0.000643,74.125.24.0-255,2902,61684,9,294591
39176,0.000645,74.125.24.0-255,1484,63168,9,294591
39177,0.000647,172.31.36.0-255,66,63234,9,294591
39178,0.000659,74.125.24.0-255,4320,67554,9,294591
39179,0.000661,172.31.36.0-255,66,67620,9,294591
39180,0.000667,74.125.24.0-255,4320,71940,9,294591
39181,0.000669,172.31.36.0-255,66,72006,9,294591
39182,0.00069,74.125.24.0-255,2543,74549,9,294591
39183,0.000692,172.31.36.0-255,66,74615,9,294591
39184,0.000696,74.125.24.0-255,2902,77517,9,294591
39185,0.000698,172.31.36.0-255,66,77583,9,294591
39186,0.000722,74.125.24.0-255,2543,80126,9,294591
39187,0.000723,172.31.36.0-255,66,80192,9,294591
39188,0.000742,172.31.36.0-255,66,80258,9,294591
39189,0.001004,74.125.24.0-255,1484,81742,9,294591
39190,0.001008,74.125.24.0-255,1484,83226,9,294591
39191,0.001011,172.31.36.0-255,66,83292,9,294591
39192,0.001026,74.125.24.0-255,1484,84776,9,294591
39193,0.001031,74.125.24.0-255,2902,87678,9,294591
39194,0.001033,172.31.36.0-255,66,87744,9,294591
39195,0.001053,74.125.24.0-255,2902,90646,9,294591
39196,0.001055,172.31.36.0-255,66,90712,9,294591
39197,0.001084,172.31.36.0-255,66,90778,9,294591
39198,0.001084,74.125.24.0-255,5738,96516,9,294591
39199,0.001087,172.31.36.0-255,66,96582,9,294591
39200,0.001132,74.125.24.0-255,5020,101602,9,294591
39201,0.001135,172.31.36.0-255,66,101668,9,294591
39202,0.001173,74.125.24.0-255,1484,103152,9,294591
39203,0.001219,74.125.24.0-255,2902,106054,9,294591
39204,0.001222,172.31.36.0-255,66,106120,9,294591
39205,0.001228,74.125.24.0-255,5738,111858,9,294591
39206,0.00123,172.31.36.0-255,66,111924,9,294591
39207,0.001233,74.125.24.0-255,2902,114826,9,294591
39208,0.001235,172.31.36.0-255,66,114892,9,294591
39209,0.00124,74.125.24.0-255,4320,119212,9,294591
39210,0.001242,172.31.36.0-255,66,119278,9,294591
39211,0.001269,172.31.36.0-255,66,119344,9,294591
39212,0.001292,172.31.36.0-255,66,119410,9,294591
39213,0.001354,74.125.24.0-255,1484,120894,9,294591
39214,0.001378,74.125.24.0-255,2902,123796,9,294591
39215,0.001381,172.31.36.0-255,66,123862,9,294591
39216,0.001384,74.125.24.0-255,1484,125346,9,294591
39217,0.001396,74.125.24.0-255,2902,128248,9,294591
39218,0.001401,74.125.24.0-255,4320,132568,9,294591
39219,0.001402,172.31.36.0-255,66,132634,9,294591
39220,0.001405,172.31.36.0-255,66,132700,9,294591
39221,0.001414,74.125.24.0-255,4320,137020,9,294591
39222,0.001416,172.31.36.0-255,66,137086,9,294591
39223,0.001457,172.31.36.0-255,66,137152,9,294591
39224,0.001477,74.125.24.0-255,4320,141472,9,294591
39225,0.001479,172.31.36.0-255,66,141538,9,294591
39226,0.001501,74.125.24.0-255,5738,147276,9,294591
39227,0.001504,172.31.36.0-255,66,147342,9,294591
39228,0.001523,74.125.24.0-255,4320,151662,9,294591
39229,0.001526,172.31.36.0-255,66,151728,9,294591
39230,0.001551,74.125.24.0-255,7156,158884,9,294591
39231,0.001554,172.31.36.0-255,66,158950,9,294591
39232,0.00156,74.125.24.0-255,5738,164688,9,294591
39233,0.001563,172.31.36.0-255,66,164754,9,294591
39234,0.001607,74.125.24.0-255,7156,171910,9,294591
39235,0.00161,172.31.36.0-255,66,171976,9,294591
39236,0.001628,172.31.36.0-255,66,172042,9,294591
39237,0.001632,74.125.24.0-255,1484,173526,9,294591
39238,0.00167,172.31.36.0-255,66,173592,9,294591
39239,0.00168,172.31.36.0-255,66,173658,9,294591
39240,0.001682,74.125.24.0-255,766,174424,9,294591
39241,0.001709,74.125.24.0-255,1484,175908,9,294591
39242,0.001712,172.31.36.0-255,66,175974,9,294591
39243,0.001732,74.125.24.0-255,4320,180294,9,294591
39244,0.001735,172.31.36.0-255,66,180360,9,294591
39245,0.001739,74.125.24.0-255,2902,183262,9,294591
39246,0.001742,172.31.36.0-255,66,183328,9,294591
39247,0.00178,172.31.36.0-255,66,183394,9,294591
39248,0.00181,172.31.36.0-255,66,183460,9,294591
39249,0.001846,74.125.24.0-255,3602,187062,9,294591
39250,0.00185,172.31.36.0-255,66,187128,9,294591
39251,0.00189,74.125.24.0-255,1484,188612,9,294591
39252,0.001895,74.125.24.0-255,2902,191514,9,294591
39253,0.001898,172.31.36.0-255,66,191580,9,294591
39254,0.001902,74.125.24.0-255,1484,193064,9,294591
39255,0.00192,74.125.24.0-255,4320,197384,9,294591
39256,0.001923,172.31.36.0-255,66,197450,9,294591
39257,0.001955,172.31.36.0-255,66,197516,9,294591
39258,0.001962,74.125.24.0-255,5738,203254,9,294591
39259,0.001965,172.31.36.0-255,66,203320,9,294591
39260,0.002018,74.125.24.0-255,5020,208340,9,294591
39261,0.002023,172.31.36.0-255,66,208406,9,294591
39262,0.002041,74.125.24.0-255,1484,209890,9,294591
39263,0.004044,74.125.24.0-255,4320,214210,9,294591
39264,0.004053,172.31.36.0-255,66,214276,9,294591
39265,0.006127,74.125.24.0-255,5738,220014,9,294591
39266,0.006142,172.31.36.0-255,66,220080,9,294591
39267,0.008182,74.125.24.0-255,5738,225818,9,294591
39268,0.008198,172.31.36.0-255,66,225884,9,294591
39269,0.010211,74.125.24.0-255,5738,231622,9,294591
39270,0.010218,172.31.36.0-255,66,231688,9,294591
39271,0.012236,74.125.24.0-255,5738,237426,9,294591
39272,0.012241,172.31.36.0-255,66,237492,9,294591
39273,0.014282,74.125.24.0-255,5738,243230,9,294591
39274,0.01429,172.31.36.0-255,66,243296,9,294591
39275,0.016332,74.125.24.0-255,5738,249034,9,294591
39276,0.016344,172.31.36.0-255,66,249100,9,294591
39277,0.018368,74.125.24.0-255,5738,254838,9,294591
39278,0.018374,172.31.36.0-255,66,254904,9,294591
39279,0.020419,74.125.24.0-255,5738,260642,9,294591
39280,0.020425,172.31.36.0-255,66,260708,9,294591
39281,0.02245,74.125.24.0-255,5738,266446,9,294591
39282,0.022456,172.31.36.0-255,66,266512,9,294591
39283,0.024489,74.125.24.0-255,5738,272250,9,294591
39284,0.024499,172.31.36.0-255,66,272316,9,294591
39285,0.026517,74.125.24.0-255,5738,278054,9,294591
39286,0.026524,172.31.36.0-255,66,278120,9,294591
39287,0.028539,74.125.24.0-255,5738,283858,9,294591
39288,0.028547,172.31.36.0-255,66,283924,9,294591
39289,0.030579,74.125.24.0-255,5738,289662,9,294591
39290,0.030586,172.31.36.0-255,66,289728,9,294591
39291,0.032574,74.125.24.0-255,149,289877,9,294591
39292,0.032666,172.31.36.0-255,105,289982,9,294591
39293,0.032696,172.31.36.0-255,105,290087,9,294591
39294,0.032957,172.31.36.0-255,90,290177,9,294591
39295,0.032968,172.31.36.0-255,66,290243,9,294591
39296,0.034666,74.125.24.0-255,66,290309,9,294591
39297,0.034697,74.125.24.0-255,66,290375,9,294591
39298,0.034943,74.125.24.0-255,66,290441,9,294591
39299,0.034956,74.125.24.0-255,66,290507,9,294591
39300,0.034962,172.31.36.0-255,66,290573,9,294591
39301,0.043455,172.31.36.0-255,172,290745,9,294591
39302,0.043488,172.31.36.0-255,1116,291861,9,294591
39303,0.043533,172.31.36.0-255,1514,293375,9,294591
39304,0.043535,172.31.36.0-255,1018,294393,9,294591
39305,0.044953,104.244.42.0-255,66,294459,9,294591
39306,0.044979,104.244.42.0-255,66,294525,9,294591
39307,0.045039,104.244.42.0-255,66,294591,9,294591
39308,0.0,172.217.194.0-255,153,153,9,359758
39309,2.1e-05,172.31.36.0-255,66,219,9,359758
39310,2.8e-05,172.217.194.0-255,1484,1703,9,359758
39311,3.3e-05,172.31.36.0-255,66,1769,9,359758
39312,3.9e-05,172.217.194.0-255,2902,4671,9,359758
39313,4.2e-05,172.31.36.0-255,66,4737,9,359758
39314,5e-05,172.217.194.0-255,7156,11893,9,359758
39315,5.3e-05,172.31.36.0-255,66,11959,9,359758
39316,8.8e-05,172.31.36.0-255,66,12025,9,359758
39317,0.000108,172.217.194.0-255,3961,15986,9,359758
39318,0.000111,172.31.36.0-255,66,16052,9,359758
39319,0.000158,172.217.194.0-255,1484,17536,9,359758
39320,0.00016,172.31.36.0-255,66,17602,9,359758
39321,0.000174,172.217.194.0-255,2902,20504,9,359758
39322,0.000177,172.31.36.0-255,66,20570,9,359758
39323,0.000184,172.217.194.0-255,5738,26308,9,359758
39324,0.000186,172.31.36.0-255,66,26374,9,359758
39325,0.000213,172.217.194.0-255,6797,33171,9,359758
39326,0.000216,172.31.36.0-255,66,33237,9,359758
39327,0.000474,172.217.194.0-255,1484,34721,9,359758
39328,0.000479,172.31.36.0-255,66,34787,9,359758
39329,0.000485,172.217.194.0-255,2902,37689,9,359758
39330,0.000487,172.31.36.0-255,66,37755,9,359758
39331,0.000495,172.217.194.0-255,5738,43493,9,359758
39332,0.000498,172.31.36.0-255,66,43559,9,359758
39333,0.000528,172.217.194.0-255,7110,50669,9,359758
39334,0.000531,172.31.36.0-255,66,50735,9,359758
39335,0.000626,172.217.194.0-255,364,51099,9,359758
39336,0.00063,172.31.36.0-255,66,51165,9,359758
39337,0.000756,172.217.194.0-255,1484,52649,9,359758
39338,0.00076,172.31.36.0-255,66,52715,9,359758
39339,0.000766,172.217.194.0-255,2902,55617,9,359758
39340,0.000768,172.31.36.0-255,66,55683,9,359758
39341,0.000798,172.217.194.0-255,5738,61421,9,359758
39342,0.000801,172.31.36.0-255,66,61487,9,359758
39343,0.000823,172.217.194.0-255,5738,67225,9,359758
39344,0.000825,172.31.36.0-255,66,67291,9,359758
39345,0.00085,172.217.194.0-255,3961,71252,9,359758
39346,0.000852,172.31.36.0-255,66,71318,9,359758
39347,0.000864,172.31.36.0-255,66,71384,9,359758
39348,0.000869,172.217.194.0-255,3961,75345,9,359758
39349,0.000872,172.31.36.0-255,66,75411,9,359758
39350,0.002022,172.217.194.0-255,1484,76895,9,359758
39351,0.002033,172.217.194.0-255,2902,79797,9,359758
39352,0.002038,172.31.36.0-255,66,79863,9,359758
39353,0.002047,172.217.194.0-255,5738,85601,9,359758
39354,0.002049,172.31.36.0-255,66,85667,9,359758
39355,0.002088,172.31.36.0-255,66,85733,9,359758
39356,0.002093,172.217.194.0-255,2902,88635,9,359758
39357,0.002095,172.31.36.0-255,66,88701,9,359758
39358,0.002117,172.31.36.0-255,66,88767,9,359758
39359,0.004228,172.217.194.0-255,5738,94505,9,359758
39360,0.004234,172.31.36.0-255,66,94571,9,359758
39361,0.006348,172.217.194.0-255,5738,100309,9,359758
39362,0.006352,172.31.36.0-255,66,100375,9,359758
39363,0.008489,172.217.194.0-255,5738,106113,9,359758
39364,0.008497,172.31.36.0-255,66,106179,9,359758
39365,0.010623,172.217.194.0-255,5738,111917,9,359758
39366,0.010632,172.31.36.0-255,66,111983,9,359758
39367,0.012766,172.217.194.0-255,5738,117721,9,359758
39368,0.012775,172.31.36.0-255,66,117787,9,359758
39369,0.014898,172.217.194.0-255,5738,123525,9,359758
39370,0.014906,172.31.36.0-255,66,123591,9,359758
39371,0.017007,172.217.194.0-255,5738,129329,9,359758
39372,0.017016,172.31.36.0-255,66,129395,9,359758
39373,0.019127,172.217.194.0-255,2902,132297,9,359758
39374,0.019135,172.31.36.0-255,66,132363,9,359758
39375,0.019155,172.217.194.0-255,2902,135265,9,359758
39376,0.019158,172.31.36.0-255,66,135331,9,359758
39377,0.021227,172.217.194.0-255,2902,138233,9,359758
39378,0.021236,172.31.36.0-255,66,138299,9,359758
39379,0.021258,172.217.194.0-255,2902,141201,9,359758
39380,0.021261,172.31.36.0-255,66,141267,9,359758
39381,0.023346,172.217.194.0-255,2902,144169,9,359758
39382,0.023354,172.31.36.0-255,66,144235,9,359758
39383,0.023401,172.217.194.0-255,2902,147137,9,359758
39384,0.023404,172.31.36.0-255,66,147203,9,359758
39385,0.025457,172.217.194.0-255,2902,150105,9,359758
39386,0.025466,172.31.36.0-255,66,150171,9,359758
39387,0.025504,172.217.194.0-255,2902,153073,9,359758
39388,0.025507,172.31.36.0-255,66,153139,9,359758
39389,0.027561,172.217.194.0-255,2902,156041,9,359758
39390,0.027569,172.31.36.0-255,66,156107,9,359758
39391,0.027588,172.217.194.0-255,1484,157591,9,359758
39392,0.027604,172.217.194.0-255,1484,159075,9,359758
39393,0.027608,172.31.36.0-255,66,159141,9,359758
39394,0.028281,172.31.36.0-255,164,159305,9,359758
39395,0.02833,172.31.36.0-255,1125,160430,9,359758
39396,0.028408,172.31.36.0-255,1514,161944,9,359758
39397,0.02841,172.31.36.0-255,1514,163458,9,359758
39398,0.028415,172.31.36.0-255,1514,164972,9,359758
39399,0.028416,172.31.36.0-255,1514,166486,9,359758
39400,0.028435,172.31.36.0-255,1476,167962,9,359758
39401,0.029717,172.217.194.0-255,5738,173700,9,359758
39402,0.029724,172.31.36.0-255,66,173766,9,359758
39403,0.029791,104.244.42.0-255,66,173832,9,359758
39404,0.029893,104.244.42.0-255,66,173898,9,359758
39405,0.029947,104.244.42.0-255,66,173964,9,359758
39406,0.030052,104.244.42.0-255,66,174030,9,359758
39407,0.031861,172.217.194.0-255,5738,179768,9,359758
39408,0.031867,172.31.36.0-255,66,179834,9,359758
39409,0.03402,172.217.194.0-255,5738,185572,9,359758
39410,0.034028,172.31.36.0-255,66,185638,9,359758
39411,0.036161,172.217.194.0-255,5738,191376,9,359758
39412,0.036168,172.31.36.0-255,66,191442,9,359758
39413,0.038298,172.217.194.0-255,5738,197180,9,359758
39414,0.03831,172.31.36.0-255,66,197246,9,359758
39415,0.040451,172.217.194.0-255,5738,202984,9,359758
39416,0.040459,172.31.36.0-255,66,203050,9,359758
39417,0.042579,172.217.194.0-255,5738,208788,9,359758
39418,0.042586,172.31.36.0-255,66,208854,9,359758
39419,0.044723,172.217.194.0-255,5738,214592,9,359758
39420,0.04473,172.31.36.0-255,66,214658,9,359758
39421,0.046833,172.217.194.0-255,5738,220396,9,359758
39422,0.04684,172.31.36.0-255,66,220462,9,359758
39423,0.048951,172.217.194.0-255,5738,226200,9,359758
39424,0.048958,172.31.36.0-255,66,226266,9,359758
39425,0.051059,172.217.194.0-255,5738,232004,9,359758
39426,0.051066,172.31.36.0-255,66,232070,9,359758
39427,0.053183,172.217.194.0-255,5738,237808,9,359758
39428,0.05319,172.31.36.0-255,66,237874,9,359758
39429,0.055309,172.217.194.0-255,5738,243612,9,359758
39430,0.055316,172.31.36.0-255,66,243678,9,359758
39431,0.05746,172.217.194.0-255,5738,249416,9,359758
39432,0.057467,172.31.36.0-255,66,249482,9,359758
39433,0.059576,172.217.194.0-255,5738,255220,9,359758
39434,0.059582,172.31.36.0-255,66,255286,9,359758
39435,0.061702,172.217.194.0-255,5738,261024,9,359758
39436,0.061709,172.31.36.0-255,66,261090,9,359758
39437,0.063862,172.217.194.0-255,5738,266828,9,359758
39438,0.063869,172.31.36.0-255,66,266894,9,359758
39439,0.066011,172.217.194.0-255,5738,272632,9,359758
39440,0.066021,172.31.36.0-255,66,272698,9,359758
39441,0.068154,172.217.194.0-255,5738,278436,9,359758
39442,0.068161,172.31.36.0-255,66,278502,9,359758
39443,0.070272,172.217.194.0-255,5738,284240,9,359758
39444,0.070279,172.31.36.0-255,66,284306,9,359758
39445,0.072396,172.217.194.0-255,5738,290044,9,359758
39446,0.072403,172.31.36.0-255,66,290110,9,359758
39447,0.074518,172.217.194.0-255,5738,295848,9,359758
39448,0.074525,172.31.36.0-255,66,295914,9,359758
39449,0.076688,172.217.194.0-255,5738,301652,9,359758
39450,0.076695,172.31.36.0-255,66,301718,9,359758
39451,0.078844,172.217.194.0-255,5738,307456,9,359758
39452,0.07885,172.31.36.0-255,66,307522,9,359758
39453,0.081002,172.217.194.0-255,5738,313260,9,359758
39454,0.081009,172.31.36.0-255,66,313326,9,359758
39455,0.083152,172.217.194.0-255,5738,319064,9,359758
39456,0.083159,172.31.36.0-255,66,319130,9,359758
39457,0.0853,172.217.194.0-255,5738,324868,9,359758
39458,0.085307,172.31.36.0-255,66,324934,9,359758
39459,0.087427,172.217.194.0-255,5738,330672,9,359758
39460,0.087434,172.31.36.0-255,66,330738,9,359758
39461,0.089582,172.217.194.0-255,5738,336476,9,359758
39462,0.089589,172.31.36.0-255,66,336542,9,359758
39463,0.091711,172.217.194.0-255,5738,342280,9,359758
39464,0.091719,172.31.36.0-255,66,342346,9,359758
39465,0.093852,172.217.194.0-255,5738,348084,9,359758
39466,0.093858,172.31.36.0-255,66,348150,9,359758
39467,0.095981,172.217.194.0-255,5738,353888,9,359758
39468,0.095987,172.31.36.0-255,66,353954,9,359758
39469,0.098124,172.217.194.0-255,5738,359692,9,359758
39470,0.098131,172.31.36.0-255,66,359758,9,359758
39471,0.0,172.217.194.0-255,155,155,9,356310
39472,2.3e-05,172.31.36.0-255,66,221,9,356310
39473,3.1e-05,172.217.194.0-255,1484,1705,9,356310
39474,3.6e-05,172.31.36.0-255,66,1771,9,356310
39475,4.2e-05,172.217.194.0-255,2902,4673,9,356310
39476,4.5e-05,172.31.36.0-255,66,4739,9,356310
39477,5.3e-05,172.217.194.0-255,7156,11895,9,356310
39478,5.7e-05,172.31.36.0-255,66,11961,9,356310
39479,6.8e-05,172.31.36.0-255,66,12027,9,356310
39480,0.000102,172.31.36.0-255,66,12093,9,356310
39481,0.000106,172.217.194.0-255,2543,14636,9,356310
39482,0.000108,172.31.36.0-255,66,14702,9,356310
39483,0.000154,172.217.194.0-255,1484,16186,9,356310
39484,0.000156,172.31.36.0-255,66,16252,9,356310
39485,0.000161,172.217.194.0-255,2902,19154,9,356310
39486,0.000163,172.31.36.0-255,66,19220,9,356310
39487,0.000169,172.217.194.0-255,5738,24958,9,356310
39488,0.000172,172.31.36.0-255,66,25024,9,356310
39489,0.000176,172.217.194.0-255,2902,27926,9,356310
39490,0.000178,172.31.36.0-255,66,27992,9,356310
39491,0.000201,172.217.194.0-255,3961,31953,9,356310
39492,0.000204,172.31.36.0-255,66,32019,9,356310
39493,0.001072,172.217.194.0-255,1484,33503,9,356310
39494,0.001079,172.31.36.0-255,66,33569,9,356310
39495,0.001089,172.217.194.0-255,2902,36471,9,356310
39496,0.001091,172.31.36.0-255,66,36537,9,356310
39497,0.001143,172.217.194.0-255,5738,42275,9,356310
39498,0.001146,172.31.36.0-255,66,42341,9,356310
39499,0.00116,172.217.194.0-255,2902,45243,9,356310
39500,0.001162,172.31.36.0-255,66,45309,9,356310
39501,0.001184,172.217.194.0-255,3961,49270,9,356310
39502,0.001186,172.31.36.0-255,66,49336,9,356310
39503,0.001193,172.217.194.0-255,7156,56492,9,356310
39504,0.001195,172.31.36.0-255,66,56558,9,356310
39505,0.0012,172.217.194.0-255,2902,59460,9,356310
39506,0.001202,172.31.36.0-255,66,59526,9,356310
39507,0.001226,172.217.194.0-255,6797,66323,9,356310
39508,0.001228,172.31.36.0-255,66,66389,9,356310
39509,0.001239,172.31.36.0-255,66,66455,9,356310
39510,0.001256,172.217.194.0-255,1484,67939,9,356310
39511,0.001264,172.217.194.0-255,6797,74736,9,356310
39512,0.001267,172.31.36.0-255,66,74802,9,356310
39513,0.001287,172.217.194.0-255,646,75448,9,356310
39514,0.001548,172.217.194.0-255,1484,76932,9,356310
39515,0.00157,172.31.36.0-255,66,76998,9,356310
39516,0.001576,172.217.194.0-255,2902,79900,9,356310
39517,0.001579,172.31.36.0-255,66,79966,9,356310
39518,0.001586,172.217.194.0-255,5738,85704,9,356310
39519,0.001588,172.31.36.0-255,66,85770,9,356310
39520,0.001606,172.217.194.0-255,5738,91508,9,356310
39521,0.001609,172.31.36.0-255,66,91574,9,356310
39522,0.001629,172.217.194.0-255,562,92136,9,356310
39523,0.001647,172.217.194.0-255,4320,96456,9,356310
39524,0.00165,172.31.36.0-255,66,96522,9,356310
39525,0.001673,172.217.194.0-255,2902,99424,9,356310
39526,0.001675,172.31.36.0-255,66,99490,9,356310
39527,0.001688,172.31.36.0-255,66,99556,9,356310
39528,0.001695,172.217.194.0-255,7156,106712,9,356310
39529,0.001698,172.31.36.0-255,66,106778,9,356310
39530,0.001722,172.31.36.0-255,66,106844,9,356310
39531,0.001726,172.217.194.0-255,766,107610,9,356310
39532,0.002192,172.217.194.0-255,1484,109094,9,356310
39533,0.002197,172.31.36.0-255,66,109160,9,356310
39534,0.002203,172.217.194.0-255,2902,112062,9,356310
39535,0.002206,172.31.36.0-255,66,112128,9,356310
39536,0.002232,172.217.194.0-255,5738,117866,9,356310
39537,0.002235,172.31.36.0-255,66,117932,9,356310
39538,0.00224,172.217.194.0-255,2902,120834,9,356310
39539,0.002242,172.31.36.0-255,66,120900,9,356310
39540,0.002272,172.31.36.0-255,66,120966,9,356310
39541,0.002312,172.31.36.0-255,66,121032,9,356310
39542,0.004645,172.217.194.0-255,4320,125352,9,356310
39543,0.004649,172.31.36.0-255,66,125418,9,356310
39544,0.004663,172.217.194.0-255,1484,126902,9,356310
39545,0.006974,172.217.194.0-255,4320,131222,9,356310
39546,0.00698,172.31.36.0-255,66,131288,9,356310
39547,0.009318,172.217.194.0-255,5738,137026,9,356310
39548,0.009325,172.31.36.0-255,66,137092,9,356310
39549,0.011657,172.217.194.0-255,5738,142830,9,356310
39550,0.011666,172.31.36.0-255,66,142896,9,356310
39551,0.013994,172.217.194.0-255,5738,148634,9,356310
39552,0.014002,172.31.36.0-255,66,148700,9,356310
39553,0.016335,172.217.194.0-255,5738,154438,9,356310
39554,0.016342,172.31.36.0-255,66,154504,9,356310
39555,0.018667,172.217.194.0-255,4320,158824,9,356310
39556,0.018674,172.31.36.0-255,66,158890,9,356310
39557,0.018692,172.217.194.0-255,1484,160374,9,356310
39558,0.021001,172.217.194.0-255,4320,164694,9,356310
39559,0.02101,172.31.36.0-255,66,164760,9,356310
39560,0.023347,172.217.194.0-255,4320,169080,9,356310
39561,0.023355,172.31.36.0-255,66,169146,9,356310
39562,0.023377,172.217.194.0-255,1484,170630,9,356310
39563,0.02574,172.217.194.0-255,4320,174950,9,356310
39564,0.025747,172.31.36.0-255,66,175016,9,356310
39565,0.028097,172.217.194.0-255,5738,180754,9,356310
39566,0.028104,172.31.36.0-255,66,180820,9,356310
39567,0.030413,172.217.194.0-255,5738,186558,9,356310
39568,0.03042,172.31.36.0-255,66,186624,9,356310
39569,0.032767,172.217.194.0-255,5738,192362,9,356310
39570,0.032775,172.31.36.0-255,66,192428,9,356310
39571,0.035114,172.217.194.0-255,5738,198166,9,356310
39572,0.035123,172.31.36.0-255,66,198232,9,356310
39573,0.037445,172.217.194.0-255,5738,203970,9,356310
39574,0.037453,172.31.36.0-255,66,204036,9,356310
39575,0.039782,172.217.194.0-255,5738,209774,9,356310
39576,0.03979,172.31.36.0-255,66,209840,9,356310
39577,0.040194,172.31.36.0-255,168,210008,9,356310
39578,0.040225,172.31.36.0-255,1070,211078,9,356310
39579,0.041764,104.244.42.0-255,66,211144,9,356310
39580,0.041773,104.244.42.0-255,66,211210,9,356310
39581,0.04213,172.217.194.0-255,5738,216948,9,356310
39582,0.042137,172.31.36.0-255,66,217014,9,356310
39583,0.044458,172.217.194.0-255,5738,222752,9,356310
39584,0.044466,172.31.36.0-255,66,222818,9,356310
39585,0.046824,172.217.194.0-255,5738,228556,9,356310
39586,0.04683,172.31.36.0-255,66,228622,9,356310
39587,0.049184,172.217.194.0-255,5738,234360,9,356310
39588,0.04919,172.31.36.0-255,66,234426,9,356310
39589,0.051537,172.217.194.0-255,5738,240164,9,356310
39590,0.051544,172.31.36.0-255,66,240230,9,356310
39591,0.053887,172.217.194.0-255,5738,245968,9,356310
39592,0.053894,172.31.36.0-255,66,246034,9,356310
39593,0.056227,172.217.194.0-255,5738,251772,9,356310
39594,0.056234,172.31.36.0-255,66,251838,9,356310
39595,0.058573,172.217.194.0-255,5738,257576,9,356310
39596,0.058579,172.31.36.0-255,66,257642,9,356310
39597,0.060926,172.217.194.0-255,5738,263380,9,356310
39598,0.060933,172.31.36.0-255,66,263446,9,356310
39599,0.063261,172.217.194.0-255,5738,269184,9,356310
39600,0.063271,172.31.36.0-255,66,269250,9,356310
39601,0.065623,172.217.194.0-255,5738,274988,9,356310
39602,0.065628,172.31.36.0-255,66,275054,9,356310
39603,0.067968,172.217.194.0-255,5738,280792,9,356310
39604,0.067973,172.31.36.0-255,66,280858,9,356310
39605,0.070312,172.217.194.0-255,5738,286596,9,356310
39606,0.070319,172.31.36.0-255,66,286662,9,356310
39607,0.072664,172.217.194.0-255,5738,292400,9,356310
39608,0.072671,172.31.36.0-255,66,292466,9,356310
39609,0.075013,172.217.194.0-255,5738,298204,9,356310
39610,0.07502,172.31.36.0-255,66,298270,9,356310
39611,0.077352,172.217.194.0-255,5738,304008,9,356310
39612,0.077359,172.31.36.0-255,66,304074,9,356310
39613,0.079701,172.217.194.0-255,5738,309812,9,356310
39614,0.079708,172.31.36.0-255,66,309878,9,356310
39615,0.082047,172.217.194.0-255,5738,315616,9,356310
39616,0.082053,172.31.36.0-255,66,315682,9,356310
39617,0.084405,172.217.194.0-255,5738,321420,9,356310
39618,0.084411,172.31.36.0-255,66,321486,9,356310
39619,0.086745,172.217.194.0-255,5738,327224,9,356310
39620,0.086752,172.31.36.0-255,66,327290,9,356310
39621,0.089116,172.217.194.0-255,5738,333028,9,356310
39622,0.089123,172.31.36.0-255,66,333094,9,356310
39623,0.091586,172.217.194.0-255,5738,338832,9,356310
39624,0.091593,172.31.36.0-255,66,338898,9,356310
39625,0.09392,172.217.194.0-255,5738,344636,9,356310
39626,0.093928,172.31.36.0-255,66,344702,9,356310
39627,0.09626,172.217.194.0-255,5738,350440,9,356310
39628,0.096266,172.31.36.0-255,66,350506,9,356310
39629,0.098605,172.217.194.0-255,5738,356244,9,356310
39630,0.098612,172.31.36.0-255,66,356310,9,356310
39631,0.0,172.31.36.0-255,105,105,9,276
39632,0.072593,31.13.82.0-255,105,210,9,276
39633,0.072608,172.31.36.0-255,66,276,9,276
39634,0.0,172.31.36.0-255,105,105,9,459
39635,0.000202,172.31.36.0-255,90,195,9,459
39636,0.000212,172.31.36.0-255,66,261,9,459
39637,0.002478,74.125.200.0-255,66,327,9,459
39638,0.002493,74.125.200.0-255,66,393,9,459
39639,0.002505,172.31.36.0-255,66,459,9,459
39640,0.0,52.10.223.0-255,97,97,9,260
39641,0.00016,172.31.36.0-255,97,194,9,260
39642,0.000173,172.31.36.0-255,66,260,9,260
39643,0.0,172.31.36.0-255,66,66,9,66
39644,0.0,74.125.130.0-255,143,143,9,422436
39645,1.7e-05,172.31.36.0-255,66,209,9,422436
39646,2.3e-05,74.125.130.0-255,1484,1693,9,422436
39647,2.7e-05,172.31.36.0-255,66,1759,9,422436
39648,3.1e-05,74.125.130.0-255,1484,3243,9,422436
39649,4.2e-05,172.31.36.0-255,66,3309,9,422436
39650,4.9e-05,74.125.130.0-255,2902,6211,9,422436
39651,5.3e-05,172.31.36.0-255,66,6277,9,422436
39652,5.7e-05,74.125.130.0-255,1484,7761,9,422436
39653,6e-05,172.31.36.0-255,66,7827,9,422436
39654,7.9e-05,74.125.130.0-255,4320,12147,9,422436
39655,8.6e-05,172.31.36.0-255,66,12213,9,422436
39656,9.3e-05,74.125.130.0-255,4919,17132,9,422436
39657,9.6e-05,172.31.36.0-255,66,17198,9,422436
39658,0.0001,74.125.130.0-255,2902,20100,9,422436
39659,0.000102,172.31.36.0-255,66,20166,9,422436
39660,0.000133,74.125.130.0-255,2902,23068,9,422436
39661,0.000137,172.31.36.0-255,66,23134,9,422436
39662,0.000144,74.125.130.0-255,5738,28872,9,422436
39663,0.000146,172.31.36.0-255,66,28938,9,422436
39664,0.00017,74.125.130.0-255,2543,31481,9,422436
39665,0.000172,172.31.36.0-255,66,31547,9,422436
39666,0.0005,74.125.130.0-255,1484,33031,9,422436
39667,0.000507,172.31.36.0-255,66,33097,9,422436
39668,0.000513,74.125.130.0-255,2902,35999,9,422436
39669,0.000516,172.31.36.0-255,66,36065,9,422436
39670,0.000554,74.125.130.0-255,5738,41803,9,422436
39671,0.000558,74.125.130.0-255,2902,44705,9,422436
39672,0.000563,74.125.130.0-255,3961,48666,9,422436
39673,0.000567,172.31.36.0-255,66,48732,9,422436
39674,0.00057,172.31.36.0-255,66,48798,9,422436
39675,0.000579,172.31.36.0-255,66,48864,9,422436
39676,0.000606,74.125.130.0-255,1484,50348,9,422436
39677,0.000632,74.125.130.0-255,7156,57504,9,422436
39678,0.000653,74.125.130.0-255,2902,60406,9,422436
39679,0.000661,172.31.36.0-255,66,60472,9,422436
39680,0.000702,74.125.130.0-255,5379,65851,9,422436
39681,0.000704,74.125.130.0-255,645,66496,9,422436
39682,0.000732,172.31.36.0-255,66,66562,9,422436
39683,0.000776,74.125.130.0-255,1484,68046,9,422436
39684,0.000804,74.125.130.0-255,1484,69530,9,422436
39685,0.000823,172.31.36.0-255,66,69596,9,422436
39686,0.000828,74.125.130.0-255,2902,72498,9,422436
39687,0.000834,74.125.130.0-255,4320,76818,9,422436
39688,0.000854,74.125.130.0-255,1484,78302,9,422436
39689,0.000858,74.125.130.0-255,2902,81204,9,422436
39690,0.00086,172.31.36.0-255,66,81270,9,422436
39691,0.000868,74.125.130.0-255,2543,83813,9,422436
39692,0.000892,172.31.36.0-255,66,83879,9,422436
39693,0.000945,74.125.130.0-255,1484,85363,9,422436
39694,0.000966,74.125.130.0-255,2902,88265,9,422436
39695,0.000981,172.31.36.0-255,66,88331,9,422436
39696,0.000992,74.125.130.0-255,4320,92651,9,422436
39697,0.001009,74.125.130.0-255,1484,94135,9,422436
39698,0.001014,74.125.130.0-255,4320,98455,9,422436
39699,0.001017,172.31.36.0-255,66,98521,9,422436
39700,0.001048,172.31.36.0-255,66,98587,9,422436
39701,0.00106,74.125.130.0-255,2543,101130,9,422436
39702,0.001085,172.31.36.0-255,66,101196,9,422436
39703,0.001392,74.125.130.0-255,1484,102680,9,422436
39704,0.001413,74.125.130.0-255,2902,105582,9,422436
39705,0.001417,172.31.36.0-255,66,105648,9,422436
39706,0.001446,74.125.130.0-255,4320,109968,9,422436
39707,0.001463,74.125.130.0-255,2902,112870,9,422436
39708,0.001469,172.31.36.0-255,66,112936,9,422436
39709,0.001499,74.125.130.0-255,4320,117256,9,422436
39710,0.001502,74.125.130.0-255,1484,118740,9,422436
39711,0.001517,172.31.36.0-255,66,118806,9,422436
39712,0.001522,74.125.130.0-255,2902,121708,9,422436
39713,0.001527,172.31.36.0-255,66,121774,9,422436
39714,0.001557,74.125.130.0-255,5738,127512,9,422436
39715,0.001568,74.125.130.0-255,1484,128996,9,422436
39716,0.001577,172.31.36.0-255,66,129062,9,422436
39717,0.001608,74.125.130.0-255,2902,131964,9,422436
39718,0.001613,74.125.130.0-255,2902,134866,9,422436
39719,0.001632,172.31.36.0-255,66,134932,9,422436
39720,0.001653,74.125.130.0-255,766,135698,9,422436
39721,0.001847,74.125.130.0-255,1484,137182,9,422436
39722,0.001851,172.31.36.0-255,66,137248,9,422436
39723,0.001882,74.125.130.0-255,1484,138732,9,422436
39724,0.001886,74.125.130.0-255,2902,141634,9,422436
39725,0.001902,172.31.36.0-255,66,141700,9,422436
39726,0.001919,74.125.130.0-255,5738,147438,9,422436
39727,0.001925,74.125.130.0-255,2902,150340,9,422436
39728,0.001937,74.125.130.0-255,1484,151824,9,422436
39729,0.001941,74.125.130.0-255,2902,154726,9,422436
39730,0.001958,74.125.130.0-255,2902,157628,9,422436
39731,0.00196,74.125.130.0-255,1484,159112,9,422436
39732,0.001967,172.31.36.0-255,66,159178,9,422436
39733,0.00199,74.125.130.0-255,4320,163498,9,422436
39734,0.001993,74.125.130.0-255,1484,164982,9,422436
39735,0.002001,172.31.36.0-255,66,165048,9,422436
39736,0.002029,74.125.130.0-255,5020,170068,9,422436
39737,0.002043,172.31.36.0-255,66,170134,9,422436
39738,0.002214,74.125.130.0-255,1484,171618,9,422436
39739,0.00223,74.125.130.0-255,1484,173102,9,422436
39740,0.002234,172.31.36.0-255,66,173168,9,422436
39741,0.002252,74.125.130.0-255,2902,176070,9,422436
39742,0.002261,172.31.36.0-255,66,176136,9,422436
39743,0.004489,74.125.130.0-255,2902,179038,9,422436
39744,0.004496,172.31.36.0-255,66,179104,9,422436
39745,0.004526,74.125.130.0-255,2902,182006,9,422436
39746,0.006563,172.31.36.0-255,66,182072,9,422436
39747,0.006747,74.125.130.0-255,2902,184974,9,422436
39748,0.006753,172.31.36.0-255,66,185040,9,422436
39749,0.008806,74.125.130.0-255,2902,187942,9,422436
39750,0.008813,172.31.36.0-255,66,188008,9,422436
39751,0.008985,74.125.130.0-255,2902,190910,9,422436
39752,0.00899,172.31.36.0-255,66,190976,9,422436
39753,0.011065,74.125.130.0-255,2902,193878,9,422436
39754,0.011073,172.31.36.0-255,66,193944,9,422436
39755,0.011237,74.125.130.0-255,2902,196846,9,422436
39756,0.01306,172.31.36.0-255,66,196912,9,422436
39757,0.013329,74.125.130.0-255,2902,199814,9,422436
39758,0.013336,172.31.36.0-255,66,199880,9,422436
39759,0.01532,74.125.130.0-255,2902,202782,9,422436
39760,0.015581,74.125.130.0-255,2902,205684,9,422436
39761,0.016818,172.31.36.0-255,66,205750,9,422436
39762,0.019074,74.125.130.0-255,5738,211488,9,422436
39763,0.019084,172.31.36.0-255,66,211554,9,422436
39764,0.021367,74.125.130.0-255,5738,217292,9,422436
39765,0.021374,172.31.36.0-255,66,217358,9,422436
39766,0.023632,74.125.130.0-255,5738,223096,9,422436
39767,0.023645,172.31.36.0-255,66,223162,9,422436
39768,0.025902,74.125.130.0-255,5738,228900,9,422436
39769,0.02591,172.31.36.0-255,66,228966,9,422436
39770,0.028155,74.125.130.0-255,5738,234704,9,422436
39771,0.028163,172.31.36.0-255,66,234770,9,422436
39772,0.030491,74.125.130.0-255,5738,240508,9,422436
39773,0.030499,172.31.36.0-255,66,240574,9,422436
39774,0.03276,74.125.130.0-255,5738,246312,9,422436
39775,0.032772,172.31.36.0-255,66,246378,9,422436
39776,0.035042,74.125.130.0-255,5738,252116,9,422436
39777,0.035053,172.31.36.0-255,66,252182,9,422436
39778,0.037317,74.125.130.0-255,5738,257920,9,422436
39779,0.037329,172.31.36.0-255,66,257986,9,422436
39780,0.039583,74.125.130.0-255,5738,263724,9,422436
39781,0.039591,172.31.36.0-255,66,263790,9,422436
39782,0.041871,74.125.130.0-255,5738,269528,9,422436
39783,0.041883,172.31.36.0-255,66,269594,9,422436
39784,0.044133,74.125.130.0-255,4320,273914,9,422436
39785,0.044141,172.31.36.0-255,66,273980,9,422436
39786,0.044171,74.125.130.0-255,1484,275464,9,422436
39787,0.04427,172.31.36.0-255,172,275636,9,422436
39788,0.044299,172.31.36.0-255,1116,276752,9,422436
39789,0.044373,172.31.36.0-255,1514,278266,9,422436
39790,0.044376,172.31.36.0-255,1514,279780,9,422436
39791,0.044377,172.31.36.0-255,1514,281294,9,422436
39792,0.044382,172.31.36.0-255,1514,282808,9,422436
39793,0.044383,172.31.36.0-255,1486,284294,9,422436
39794,0.045825,104.244.42.0-255,66,284360,9,422436
39795,0.045922,104.244.42.0-255,66,284426,9,422436
39796,0.045975,104.244.42.0-255,66,284492,9,422436
39797,0.0464,74.125.130.0-255,4320,288812,9,422436
39798,0.046406,172.31.36.0-255,66,288878,9,422436
39799,0.04866,74.125.130.0-255,5738,294616,9,422436
39800,0.048712,172.31.36.0-255,66,294682,9,422436
39801,0.050968,74.125.130.0-255,5738,300420,9,422436
39802,0.050974,172.31.36.0-255,66,300486,9,422436
39803,0.053234,74.125.130.0-255,5738,306224,9,422436
39804,0.053241,172.31.36.0-255,66,306290,9,422436
39805,0.055505,74.125.130.0-255,5738,312028,9,422436
39806,0.055512,172.31.36.0-255,66,312094,9,422436
39807,0.057769,74.125.130.0-255,5738,317832,9,422436
39808,0.057777,172.31.36.0-255,66,317898,9,422436
39809,0.060031,74.125.130.0-255,5738,323636,9,422436
39810,0.060039,172.31.36.0-255,66,323702,9,422436
39811,0.062319,74.125.130.0-255,5738,329440,9,422436
39812,0.062327,172.31.36.0-255,66,329506,9,422436
39813,0.064585,74.125.130.0-255,5738,335244,9,422436
39814,0.064592,172.31.36.0-255,66,335310,9,422436
39815,0.066863,74.125.130.0-255,5738,341048,9,422436
39816,0.06687,172.31.36.0-255,66,341114,9,422436
39817,0.069139,74.125.130.0-255,5738,346852,9,422436
39818,0.069146,172.31.36.0-255,66,346918,9,422436
39819,0.071419,74.125.130.0-255,5738,352656,9,422436
39820,0.071425,172.31.36.0-255,66,352722,9,422436
39821,0.073687,74.125.130.0-255,5738,358460,9,422436
39822,0.073694,172.31.36.0-255,66,358526,9,422436
39823,0.075968,74.125.130.0-255,5738,364264,9,422436
39824,0.075975,172.31.36.0-255,66,364330,9,422436
39825,0.078234,74.125.130.0-255,5738,370068,9,422436
39826,0.07824,172.31.36.0-255,66,370134,9,422436
39827,0.080506,74.125.130.0-255,5738,375872,9,422436
39828,0.080512,172.31.36.0-255,66,375938,9,422436
39829,0.082758,74.125.130.0-255,1484,377422,9,422436
39830,0.082786,74.125.130.0-255,4320,381742,9,422436
39831,0.082792,172.31.36.0-255,66,381808,9,422436
39832,0.085066,74.125.130.0-255,5738,387546,9,422436
39833,0.085076,172.31.36.0-255,66,387612,9,422436
39834,0.087378,74.125.130.0-255,5738,393350,9,422436
39835,0.087386,172.31.36.0-255,66,393416,9,422436
39836,0.08964,74.125.130.0-255,5738,399154,9,422436
39837,0.089646,172.31.36.0-255,66,399220,9,422436
39838,0.091912,74.125.130.0-255,5738,404958,9,422436
39839,0.091919,172.31.36.0-255,66,405024,9,422436
39840,0.094177,74.125.130.0-255,5738,410762,9,422436
39841,0.094183,172.31.36.0-255,66,410828,9,422436
39842,0.096444,74.125.130.0-255,5738,416566,9,422436
39843,0.096451,172.31.36.0-255,66,416632,9,422436
39844,0.098705,74.125.130.0-255,5738,422370,9,422436
39845,0.098712,172.31.36.0-255,66,422436,9,422436
39846,0.0,74.125.24.0-255,153,153,9,330101
39847,1.6e-05,172.31.36.0-255,66,219,9,330101
39848,2.2e-05,74.125.24.0-255,1484,1703,9,330101
39849,2.6e-05,172.31.36.0-255,66,1769,9,330101
39850,3.2e-05,74.125.24.0-255,2902,4671,9,330101
39851,3.4e-05,172.31.36.0-255,66,4737,9,330101
39852,6.3e-05,74.125.24.0-255,7156,11893,9,330101
39853,6.6e-05,172.31.36.0-255,66,11959,9,330101
39854,9.2e-05,172.31.36.0-255,66,12025,9,330101
39855,0.000124,172.31.36.0-255,66,12091,9,330101
39856,0.000128,74.125.24.0-255,2543,14634,9,330101
39857,0.00013,172.31.36.0-255,66,14700,9,330101
39858,0.0002,74.125.24.0-255,1484,16184,9,330101
39859,0.000203,172.31.36.0-255,66,16250,9,330101
39860,0.000221,74.125.24.0-255,2902,19152,9,330101
39861,0.000224,172.31.36.0-255,66,19218,9,330101
39862,0.00023,74.125.24.0-255,5738,24956,9,330101
39863,0.000233,172.31.36.0-255,66,25022,9,330101
39864,0.000252,74.125.24.0-255,6797,31819,9,330101
39865,0.000255,172.31.36.0-255,66,31885,9,330101
39866,0.000262,74.125.24.0-255,7156,39041,9,330101
39867,0.000265,172.31.36.0-255,66,39107,9,330101
39868,0.000307,172.31.36.0-255,66,39173,9,330101
39869,0.000324,74.125.24.0-255,1454,40627,9,330101
39870,0.000326,172.31.36.0-255,66,40693,9,330101
39871,0.000437,74.125.24.0-255,114,40807,9,330101
39872,0.000441,172.31.36.0-255,66,40873,9,330101
39873,0.000586,74.125.24.0-255,332,41205,9,330101
39874,0.000591,172.31.36.0-255,66,41271,9,330101
39875,0.000742,74.125.24.0-255,1484,42755,9,330101
39876,0.000748,74.125.24.0-255,1484,44239,9,330101
39877,0.00075,172.31.36.0-255,66,44305,9,330101
39878,0.000772,74.125.24.0-255,1484,45789,9,330101
39879,0.000779,74.125.24.0-255,5738,51527,9,330101
39880,0.000781,172.31.36.0-255,66,51593,9,330101
39881,0.000784,74.125.24.0-255,1484,53077,9,330101
39882,0.000807,172.31.36.0-255,66,53143,9,330101
39883,0.000826,74.125.24.0-255,2543,55686,9,330101
39884,0.000829,172.31.36.0-255,66,55752,9,330101
39885,0.000838,172.31.36.0-255,66,55818,9,330101
39886,0.000841,74.125.24.0-255,1125,56943,9,330101
39887,0.001291,172.31.36.0-255,66,57009,9,330101
39888,0.001406,74.125.24.0-255,1484,58493,9,330101
39889,0.001413,74.125.24.0-255,2902,61395,9,330101
39890,0.001416,172.31.36.0-255,66,61461,9,330101
39891,0.001421,74.125.24.0-255,2902,64363,9,330101
39892,0.001423,172.31.36.0-255,66,64429,9,330101
39893,0.001438,74.125.24.0-255,2902,67331,9,330101
39894,0.00144,172.31.36.0-255,66,67397,9,330101
39895,0.001447,74.125.24.0-255,7156,74553,9,330101
39896,0.001449,172.31.36.0-255,66,74619,9,330101
39897,0.001472,74.125.24.0-255,5738,80357,9,330101
39898,0.001474,172.31.36.0-255,66,80423,9,330101
39899,0.001514,172.31.36.0-255,66,80489,9,330101
39900,0.00193,74.125.24.0-255,1484,81973,9,330101
39901,0.001938,74.125.24.0-255,2902,84875,9,330101
39902,0.001942,172.31.36.0-255,66,84941,9,330101
39903,0.001949,74.125.24.0-255,5738,90679,9,330101
39904,0.00195,172.31.36.0-255,66,90745,9,330101
39905,0.001955,74.125.24.0-255,4320,95065,9,330101
39906,0.001957,172.31.36.0-255,66,95131,9,330101
39907,0.001996,172.31.36.0-255,66,95197,9,330101
39908,0.002027,74.125.24.0-255,2902,98099,9,330101
39909,0.002028,172.31.36.0-255,66,98165,9,330101
39910,0.002044,74.125.24.0-255,5020,103185,9,330101
39911,0.002046,172.31.36.0-255,66,103251,9,330101
39912,0.002076,74.125.24.0-255,1484,104735,9,330101
39913,0.002088,74.125.24.0-255,2902,107637,9,330101
39914,0.00209,172.31.36.0-255,66,107703,9,330101
39915,0.002094,74.125.24.0-255,1484,109187,9,330101
39916,0.002109,74.125.24.0-255,4320,113507,9,330101
39917,0.002111,172.31.36.0-255,66,113573,9,330101
39918,0.002114,74.125.24.0-255,1484,115057,9,330101
39919,0.002116,74.125.24.0-255,1484,116541,9,330101
39920,0.002118,172.31.36.0-255,66,116607,9,330101
39921,0.00215,172.31.36.0-255,66,116673,9,330101
39922,0.002181,172.31.36.0-255,66,116739,9,330101
39923,0.002355,74.125.24.0-255,1484,118223,9,330101
39924,0.002368,74.125.24.0-255,2902,121125,9,330101
39925,0.002371,172.31.36.0-255,66,121191,9,330101
39926,0.002375,74.125.24.0-255,1484,122675,9,330101
39927,0.002392,74.125.24.0-255,4320,126995,9,330101
39928,0.002395,172.31.36.0-255,66,127061,9,330101
39929,0.002398,74.125.24.0-255,1484,128545,9,330101
39930,0.002425,172.31.36.0-255,66,128611,9,330101
39931,0.004838,74.125.24.0-255,5738,134349,9,330101
39932,0.004843,172.31.36.0-255,66,134415,9,330101
39933,0.007253,74.125.24.0-255,5738,140153,9,330101
39934,0.007259,172.31.36.0-255,66,140219,9,330101
39935,0.009627,74.125.24.0-255,5738,145957,9,330101
39936,0.009634,172.31.36.0-255,66,146023,9,330101
39937,0.012042,74.125.24.0-255,5738,151761,9,330101
39938,0.012051,172.31.36.0-255,66,151827,9,330101
39939,0.014451,74.125.24.0-255,5738,157565,9,330101
39940,0.014459,172.31.36.0-255,66,157631,9,330101
39941,0.01684,74.125.24.0-255,5738,163369,9,330101
39942,0.016858,172.31.36.0-255,66,163435,9,330101
39943,0.019241,74.125.24.0-255,5738,169173,9,330101
39944,0.019258,172.31.36.0-255,66,169239,9,330101
39945,0.021648,74.125.24.0-255,5738,174977,9,330101
39946,0.021662,172.31.36.0-255,66,175043,9,330101
39947,0.024034,74.125.24.0-255,5738,180781,9,330101
39948,0.024051,172.31.36.0-255,66,180847,9,330101
39949,0.026438,74.125.24.0-255,5738,186585,9,330101
39950,0.026446,172.31.36.0-255,66,186651,9,330101
39951,0.028823,74.125.24.0-255,5738,192389,9,330101
39952,0.028831,172.31.36.0-255,66,192455,9,330101
39953,0.031212,74.125.24.0-255,5738,198193,9,330101
39954,0.031219,172.31.36.0-255,66,198259,9,330101
39955,0.033608,74.125.24.0-255,5738,203997,9,330101
39956,0.033616,172.31.36.0-255,66,204063,9,330101
39957,0.036026,74.125.24.0-255,5738,209801,9,330101
39958,0.036035,172.31.36.0-255,66,209867,9,330101
39959,0.03847,74.125.24.0-255,5738,215605,9,330101
39960,0.038478,172.31.36.0-255,66,215671,9,330101
39961,0.040878,74.125.24.0-255,5738,221409,9,330101
39962,0.040892,172.31.36.0-255,66,221475,9,330101
39963,0.043265,74.125.24.0-255,5738,227213,9,330101
39964,0.043275,172.31.36.0-255,66,227279,9,330101
39965,0.045681,74.125.24.0-255,5738,233017,9,330101
39966,0.045691,172.31.36.0-255,66,233083,9,330101
39967,0.048073,74.125.24.0-255,5738,238821,9,330101
39968,0.048082,172.31.36.0-255,66,238887,9,330101
39969,0.050473,74.125.24.0-255,5738,244625,9,330101
39970,0.05048,172.31.36.0-255,66,244691,9,330101
39971,0.050679,172.31.36.0-255,176,244867,9,330101
39972,0.05071,172.31.36.0-255,1116,245983,9,330101
39973,0.05089,172.31.36.0-255,1514,247497,9,330101
39974,0.050893,172.31.36.0-255,1358,248855,9,330101
39975,0.052198,104.244.42.0-255,66,248921,9,330101
39976,0.052243,104.244.42.0-255,66,248987,9,330101
39977,0.052439,104.244.42.0-255,66,249053,9,330101
39978,0.052861,74.125.24.0-255,5738,254791,9,330101
39979,0.052867,172.31.36.0-255,66,254857,9,330101
39980,0.055293,74.125.24.0-255,5738,260595,9,330101
39981,0.0553,172.31.36.0-255,66,260661,9,330101
39982,0.057689,74.125.24.0-255,5738,266399,9,330101
39983,0.057696,172.31.36.0-255,66,266465,9,330101
39984,0.060085,74.125.24.0-255,5738,272203,9,330101
39985,0.060092,172.31.36.0-255,66,272269,9,330101
39986,0.062506,74.125.24.0-255,5738,278007,9,330101
39987,0.062512,172.31.36.0-255,66,278073,9,330101
39988,0.064924,74.125.24.0-255,5738,283811,9,330101
39989,0.064931,172.31.36.0-255,66,283877,9,330101
39990,0.067325,74.125.24.0-255,5738,289615,9,330101
39991,0.067331,172.31.36.0-255,66,289681,9,330101
39992,0.069716,74.125.24.0-255,5738,295419,9,330101
39993,0.069722,172.31.36.0-255,66,295485,9,330101
39994,0.072098,74.125.24.0-255,5738,301223,9,330101
39995,0.072105,172.31.36.0-255,66,301289,9,330101
39996,0.07449,74.125.24.0-255,5738,307027,9,330101
39997,0.074496,172.31.36.0-255,66,307093,9,330101
39998,0.07688,74.125.24.0-255,5738,312831,9,330101
39999,0.076886,172.31.36.0-255,66,312897,9,330101
40000,0.079275,74.125.24.0-255,5738,318635,9,330101
40001,0.07928,172.31.36.0-255,66,318701,9,330101
40002,0.081637,74.125.24.0-255,5738,324439,9,330101
40003,0.081643,172.31.36.0-255,66,324505,9,330101
40004,0.084016,74.125.24.0-255,5359,329864,9,330101
40005,0.084022,172.31.36.0-255,66,329930,9,330101
40006,0.084199,172.31.36.0-255,105,330035,9,330101
40007,0.086543,74.125.24.0-255,66,330101,9,330101
40008,0.0,172.217.194.0-255,143,143,9,314325
40009,2.3e-05,172.31.36.0-255,66,209,9,314325
40010,3.1e-05,172.217.194.0-255,1484,1693,9,314325
40011,3.6e-05,172.31.36.0-255,66,1759,9,314325
40012,4.2e-05,172.217.194.0-255,2902,4661,9,314325
40013,4.5e-05,172.31.36.0-255,66,4727,9,314325
40014,5.2e-05,172.217.194.0-255,7156,11883,9,314325
40015,5.5e-05,172.31.36.0-255,66,11949,9,314325
40016,6e-05,172.217.194.0-255,2104,14053,9,314325
40017,6.3e-05,172.31.36.0-255,66,14119,9,314325
40018,0.000204,172.217.194.0-255,1484,15603,9,314325
40019,0.00021,172.31.36.0-255,66,15669,9,314325
40020,0.000216,172.217.194.0-255,2902,18571,9,314325
40021,0.000219,172.31.36.0-255,66,18637,9,314325
40022,0.000222,172.217.194.0-255,1484,20121,9,314325
40023,0.000224,172.31.36.0-255,66,20187,9,314325
40024,0.000251,172.217.194.0-255,4320,24507,9,314325
40025,0.000254,172.31.36.0-255,66,24573,9,314325
40026,0.000282,172.217.194.0-255,2902,27475,9,314325
40027,0.000285,172.31.36.0-255,66,27541,9,314325
40028,0.000319,172.31.36.0-255,66,27607,9,314325
40029,0.000327,172.217.194.0-255,7156,34763,9,314325
40030,0.000329,172.31.36.0-255,66,34829,9,314325
40031,0.000366,172.217.194.0-255,2543,37372,9,314325
40032,0.000369,172.31.36.0-255,66,37438,9,314325
40033,0.000428,172.217.194.0-255,1484,38922,9,314325
40034,0.000431,172.31.36.0-255,66,38988,9,314325
40035,0.000436,172.217.194.0-255,2902,41890,9,314325
40036,0.000439,172.31.36.0-255,66,41956,9,314325
40037,0.000443,172.217.194.0-255,1484,43440,9,314325
40038,0.000445,172.31.36.0-255,66,43506,9,314325
40039,0.000462,172.217.194.0-255,4320,47826,9,314325
40040,0.000465,172.31.36.0-255,66,47892,9,314325
40041,0.000472,172.217.194.0-255,6797,54689,9,314325
40042,0.000474,172.31.36.0-255,66,54755,9,314325
40043,0.000511,172.217.194.0-255,646,55401,9,314325
40044,0.000532,172.217.194.0-255,1484,56885,9,314325
40045,0.000535,172.31.36.0-255,66,56951,9,314325
40046,0.000554,172.217.194.0-255,4320,61271,9,314325
40047,0.000557,172.31.36.0-255,66,61337,9,314325
40048,0.000562,172.217.194.0-255,4320,65657,9,314325
40049,0.000564,172.31.36.0-255,66,65723,9,314325
40050,0.000583,172.217.194.0-255,1484,67207,9,314325
40051,0.000591,172.217.194.0-255,7156,74363,9,314325
40052,0.000594,172.31.36.0-255,66,74429,9,314325
40053,0.000597,172.217.194.0-255,1484,75913,9,314325
40054,0.000635,172.31.36.0-255,66,75979,9,314325
40055,0.000638,172.217.194.0-255,766,76745,9,314325
40056,0.000695,172.217.194.0-255,1484,78229,9,314325
40057,0.000699,172.31.36.0-255,66,78295,9,314325
40058,0.000704,172.217.194.0-255,2902,81197,9,314325
40059,0.000707,172.31.36.0-255,66,81263,9,314325
40060,0.000734,172.217.194.0-255,5738,87001,9,314325
40061,0.000738,172.31.36.0-255,66,87067,9,314325
40062,0.000743,172.217.194.0-255,4320,91387,9,314325
40063,0.000745,172.31.36.0-255,66,91453,9,314325
40064,0.000767,172.31.36.0-255,66,91519,9,314325
40065,0.000778,172.31.36.0-255,66,91585,9,314325
40066,0.000803,172.217.194.0-255,2184,93769,9,314325
40067,0.000805,172.31.36.0-255,66,93835,9,314325
40068,0.000809,172.217.194.0-255,1484,95319,9,314325
40069,0.000826,172.217.194.0-255,4320,99639,9,314325
40070,0.00083,172.31.36.0-255,66,99705,9,314325
40071,0.000847,172.217.194.0-255,7156,106861,9,314325
40072,0.000851,172.31.36.0-255,66,106927,9,314325
40073,0.000856,172.217.194.0-255,2902,109829,9,314325
40074,0.000858,172.31.36.0-255,66,109895,9,314325
40075,0.000894,172.31.36.0-255,66,109961,9,314325
40076,0.000901,172.217.194.0-255,6438,116399,9,314325
40077,0.000903,172.31.36.0-255,66,116465,9,314325
40078,0.001369,172.217.194.0-255,1484,117949,9,314325
40079,0.001386,172.217.194.0-255,2902,120851,9,314325
40080,0.00139,172.31.36.0-255,66,120917,9,314325
40081,0.001394,172.217.194.0-255,1484,122401,9,314325
40082,0.001416,172.217.194.0-255,4320,126721,9,314325
40083,0.001419,172.31.36.0-255,66,126787,9,314325
40084,0.00145,172.31.36.0-255,66,126853,9,314325
40085,0.001485,172.217.194.0-255,4320,131173,9,314325
40086,0.001488,172.31.36.0-255,66,131239,9,314325
40087,0.001511,172.217.194.0-255,6438,137677,9,314325
40088,0.001514,172.31.36.0-255,66,137743,9,314325
40089,0.001574,172.217.194.0-255,1484,139227,9,314325
40090,0.001592,172.217.194.0-255,2902,142129,9,314325
40091,0.001595,172.31.36.0-255,66,142195,9,314325
40092,0.001601,172.217.194.0-255,2902,145097,9,314325
40093,0.001603,172.31.36.0-255,66,145163,9,314325
40094,0.001616,172.217.194.0-255,2902,148065,9,314325
40095,0.001619,172.31.36.0-255,66,148131,9,314325
40096,0.001622,172.217.194.0-255,1484,149615,9,314325
40097,0.00166,172.217.194.0-255,4320,153935,9,314325
40098,0.001664,172.31.36.0-255,66,154001,9,314325
40099,0.001667,172.31.36.0-255,66,154067,9,314325
40100,0.001688,172.217.194.0-255,5738,159805,9,314325
40101,0.001691,172.31.36.0-255,66,159871,9,314325
40102,0.001694,172.217.194.0-255,766,160637,9,314325
40103,0.001768,172.217.194.0-255,1484,162121,9,314325
40104,0.001771,172.31.36.0-255,66,162187,9,314325
40105,0.001777,172.217.194.0-255,2902,165089,9,314325
40106,0.001779,172.31.36.0-255,66,165155,9,314325
40107,0.001782,172.217.194.0-255,1484,166639,9,314325
40108,0.0018,172.217.194.0-255,2902,169541,9,314325
40109,0.001802,172.31.36.0-255,66,169607,9,314325
40110,0.001819,172.31.36.0-255,66,169673,9,314325
40111,0.001877,172.31.36.0-255,66,169739,9,314325
40112,0.002368,172.217.194.0-255,1484,171223,9,314325
40113,0.002374,172.217.194.0-255,2902,174125,9,314325
40114,0.002377,172.31.36.0-255,66,174191,9,314325
40115,0.002383,172.217.194.0-255,2902,177093,9,314325
40116,0.002385,172.31.36.0-255,66,177159,9,314325
40117,0.002398,172.217.194.0-255,2902,180061,9,314325
40118,0.002401,172.217.194.0-255,2902,182963,9,314325
40119,0.002405,172.31.36.0-255,66,183029,9,314325
40120,0.002407,172.31.36.0-255,66,183095,9,314325
40121,0.002433,172.217.194.0-255,5738,188833,9,314325
40122,0.002436,172.31.36.0-255,66,188899,9,314325
40123,0.002455,172.217.194.0-255,1484,190383,9,314325
40124,0.002475,172.217.194.0-255,7156,197539,9,314325
40125,0.002478,172.31.36.0-255,66,197605,9,314325
40126,0.0025,172.217.194.0-255,6438,204043,9,314325
40127,0.002503,172.31.36.0-255,66,204109,9,314325
40128,0.002514,172.31.36.0-255,66,204175,9,314325
40129,0.002536,172.217.194.0-255,5738,209913,9,314325
40130,0.002538,172.31.36.0-255,66,209979,9,314325
40131,0.002545,172.217.194.0-255,5738,215717,9,314325
40132,0.002547,172.31.36.0-255,66,215783,9,314325
40133,0.002577,172.217.194.0-255,7156,222939,9,314325
40134,0.002579,172.31.36.0-255,66,223005,9,314325
40135,0.002585,172.217.194.0-255,4320,227325,9,314325
40136,0.002587,172.31.36.0-255,66,227391,9,314325
40137,0.002599,172.217.194.0-255,766,228157,9,314325
40138,0.00508,172.217.194.0-255,4320,232477,9,314325
40139,0.005089,172.31.36.0-255,66,232543,9,314325
40140,0.007602,172.217.194.0-255,4320,236863,9,314325
40141,0.007608,172.31.36.0-255,66,236929,9,314325
40142,0.007632,172.217.194.0-255,1484,238413,9,314325
40143,0.010151,172.217.194.0-255,4320,242733,9,314325
40144,0.010157,172.31.36.0-255,66,242799,9,314325
40145,0.012672,172.217.194.0-255,5738,248537,9,314325
40146,0.01268,172.31.36.0-255,66,248603,9,314325
40147,0.015183,172.217.194.0-255,5738,254341,9,314325
40148,0.015192,172.31.36.0-255,66,254407,9,314325
40149,0.017715,172.217.194.0-255,5738,260145,9,314325
40150,0.017723,172.31.36.0-255,66,260211,9,314325
40151,0.020314,172.217.194.0-255,5738,265949,9,314325
40152,0.020325,172.31.36.0-255,66,266015,9,314325
40153,0.022855,172.217.194.0-255,5738,271753,9,314325
40154,0.022867,172.31.36.0-255,66,271819,9,314325
40155,0.0254,172.217.194.0-255,5738,277557,9,314325
40156,0.025411,172.31.36.0-255,66,277623,9,314325
40157,0.027962,172.217.194.0-255,5738,283361,9,314325
40158,0.027969,172.31.36.0-255,66,283427,9,314325
40159,0.030477,172.217.194.0-255,5738,289165,9,314325
40160,0.030487,172.31.36.0-255,66,289231,9,314325
40161,0.033025,172.217.194.0-255,5738,294969,9,314325
40162,0.033034,172.31.36.0-255,66,295035,9,314325
40163,0.03552,172.217.194.0-255,5738,300773,9,314325
40164,0.035528,172.31.36.0-255,66,300839,9,314325
40165,0.036517,172.31.36.0-255,167,301006,9,314325
40166,0.03655,172.31.36.0-255,1116,302122,9,314325
40167,0.036607,172.31.36.0-255,1514,303636,9,314325
40168,0.036608,172.31.36.0-255,1283,304919,9,314325
40169,0.038091,172.217.194.0-255,5738,310657,9,314325
40170,0.038098,172.31.36.0-255,66,310723,9,314325
40171,0.038106,104.244.42.0-255,66,310789,9,314325
40172,0.038116,104.244.42.0-255,66,310855,9,314325
40173,0.038178,104.244.42.0-255,66,310921,9,314325
40174,0.0406,172.217.194.0-255,2642,313563,9,314325
40175,0.040607,172.31.36.0-255,66,313629,9,314325
40176,0.04077,172.31.36.0-255,105,313734,9,314325
40177,0.040804,172.31.36.0-255,105,313839,9,314325
40178,0.041056,172.31.36.0-255,90,313929,9,314325
40179,0.041065,172.31.36.0-255,66,313995,9,314325
40180,0.043258,172.217.194.0-255,66,314061,9,314325
40181,0.043284,172.217.194.0-255,66,314127,9,314325
40182,0.043545,172.217.194.0-255,66,314193,9,314325
40183,0.043664,172.217.194.0-255,66,314259,9,314325
40184,0.043679,172.31.36.0-255,66,314325,9,314325
40185,0.0,74.125.24.0-255,142,142,9,238277
40186,2.2e-05,172.31.36.0-255,66,208,9,238277
40187,2.9e-05,74.125.24.0-255,1484,1692,9,238277
40188,3.3e-05,172.31.36.0-255,66,1758,9,238277
40189,3.9e-05,74.125.24.0-255,2902,4660,9,238277
40190,4.2e-05,172.31.36.0-255,66,4726,9,238277
40191,4.9e-05,74.125.24.0-255,7156,11882,9,238277
40192,5.3e-05,172.31.36.0-255,66,11948,9,238277
40193,5.6e-05,74.125.24.0-255,2064,14012,9,238277
40194,5.9e-05,172.31.36.0-255,66,14078,9,238277
40195,0.000162,74.125.24.0-255,1484,15562,9,238277
40196,0.000165,172.31.36.0-255,66,15628,9,238277
40197,0.000169,74.125.24.0-255,1484,17112,9,238277
40198,0.000171,172.31.36.0-255,66,17178,9,238277
40199,0.000185,74.125.24.0-255,1484,18662,9,238277
40200,0.000187,172.31.36.0-255,66,18728,9,238277
40201,0.000194,74.125.24.0-255,5738,24466,9,238277
40202,0.000196,172.31.36.0-255,66,24532,9,238277
40203,0.000201,74.125.24.0-255,4320,28852,9,238277
40204,0.000203,172.31.36.0-255,66,28918,9,238277
40205,0.000217,74.125.24.0-255,2543,31461,9,238277
40206,0.000219,172.31.36.0-255,66,31527,9,238277
40207,0.000265,172.31.36.0-255,66,31593,9,238277
40208,0.000312,172.31.36.0-255,66,31659,9,238277
40209,0.000331,74.125.24.0-255,2480,34139,9,238277
40210,0.000334,172.31.36.0-255,66,34205,9,238277
40211,0.000336,74.125.24.0-255,412,34617,9,238277
40212,0.000338,172.31.36.0-255,66,34683,9,238277
40213,0.000507,74.125.24.0-255,1484,36167,9,238277
40214,0.000512,172.31.36.0-255,66,36233,9,238277
40215,0.000517,74.125.24.0-255,2902,39135,9,238277
40216,0.000525,74.125.24.0-255,5738,44873,9,238277
40217,0.000571,172.31.36.0-255,66,44939,9,238277
40218,0.000579,74.125.24.0-255,1484,46423,9,238277
40219,0.000587,74.125.24.0-255,7156,53579,9,238277
40220,0.000599,172.31.36.0-255,66,53645,9,238277
40221,0.000613,74.125.24.0-255,3602,57247,9,238277
40222,0.000634,172.31.36.0-255,66,57313,9,238277
40223,0.001265,74.125.24.0-255,1484,58797,9,238277
40224,0.001271,74.125.24.0-255,1484,60281,9,238277
40225,0.001275,172.31.36.0-255,66,60347,9,238277
40226,0.001299,74.125.24.0-255,1484,61831,9,238277
40227,0.001306,74.125.24.0-255,5738,67569,9,238277
40228,0.001324,74.125.24.0-255,5738,73307,9,238277
40229,0.001341,172.31.36.0-255,66,73373,9,238277
40230,0.001373,74.125.24.0-255,5020,78393,9,238277
40231,0.001379,172.31.36.0-255,66,78459,9,238277
40232,0.001401,74.125.24.0-255,5738,84197,9,238277
40233,0.001407,74.125.24.0-255,4320,88517,9,238277
40234,0.001422,172.31.36.0-255,66,88583,9,238277
40235,0.001437,74.125.24.0-255,7156,95739,9,238277
40236,0.001443,172.31.36.0-255,66,95805,9,238277
40237,0.001453,74.125.24.0-255,4320,100125,9,238277
40238,0.001471,74.125.24.0-255,1484,101609,9,238277
40239,0.001478,172.31.36.0-255,66,101675,9,238277
40240,0.001502,74.125.24.0-255,5020,106695,9,238277
40241,0.001509,74.125.24.0-255,7156,113851,9,238277
40242,0.001547,172.31.36.0-255,66,113917,9,238277
40243,0.001567,74.125.24.0-255,2902,116819,9,238277
40244,0.001574,172.31.36.0-255,66,116885,9,238277
40245,0.001596,74.125.24.0-255,4320,121205,9,238277
40246,0.001612,172.31.36.0-255,66,121271,9,238277
40247,0.001693,74.125.24.0-255,5020,126291,9,238277
40248,0.001696,74.125.24.0-255,1484,127775,9,238277
40249,0.001706,172.31.36.0-255,66,127841,9,238277
40250,0.001711,74.125.24.0-255,2902,130743,9,238277
40251,0.001716,172.31.36.0-255,66,130809,9,238277
40252,0.001728,74.125.24.0-255,4320,135129,9,238277
40253,0.001734,74.125.24.0-255,5738,140867,9,238277
40254,0.001747,74.125.24.0-255,1484,142351,9,238277
40255,0.00176,172.31.36.0-255,66,142417,9,238277
40256,0.001812,172.31.36.0-255,66,142483,9,238277
40257,0.001866,74.125.24.0-255,1484,143967,9,238277
40258,0.001889,74.125.24.0-255,2902,146869,9,238277
40259,0.001906,74.125.24.0-255,2902,149771,9,238277
40260,0.001915,172.31.36.0-255,66,149837,9,238277
40261,0.001924,74.125.24.0-255,2902,152739,9,238277
40262,0.001927,74.125.24.0-255,1484,154223,9,238277
40263,0.001977,74.125.24.0-255,766,154989,9,238277
40264,0.001983,172.31.36.0-255,66,155055,9,238277
40265,0.002014,74.125.24.0-255,1484,156539,9,238277
40266,0.00203,74.125.24.0-255,2902,159441,9,238277
40267,0.002033,74.125.24.0-255,1484,160925,9,238277
40268,0.002038,172.31.36.0-255,66,160991,9,238277
40269,0.002052,74.125.24.0-255,4320,165311,9,238277
40270,0.002056,74.125.24.0-255,1484,166795,9,238277
40271,0.00207,172.31.36.0-255,66,166861,9,238277
40272,0.002092,74.125.24.0-255,2902,169763,9,238277
40273,0.0021,172.31.36.0-255,66,169829,9,238277
40274,0.002107,74.125.24.0-255,5738,175567,9,238277
40275,0.002121,74.125.24.0-255,2184,177751,9,238277
40276,0.002135,74.125.24.0-255,2902,180653,9,238277
40277,0.002154,172.31.36.0-255,66,180719,9,238277
40278,0.002188,74.125.24.0-255,1484,182203,9,238277
40279,0.002208,74.125.24.0-255,2184,184387,9,238277
40280,0.002215,172.31.36.0-255,66,184453,9,238277
40281,0.00453,74.125.24.0-255,5738,190191,9,238277
40282,0.004536,172.31.36.0-255,66,190257,9,238277
40283,0.006846,74.125.24.0-255,5738,195995,9,238277
40284,0.010397,172.31.36.0-255,66,196061,9,238277
40285,0.012733,74.125.24.0-255,5738,201799,9,238277
40286,0.012744,172.31.36.0-255,66,201865,9,238277
40287,0.015053,74.125.24.0-255,5738,207603,9,238277
40288,0.015062,172.31.36.0-255,66,207669,9,238277
40289,0.017401,74.125.24.0-255,5738,213407,9,238277
40290,0.01742,172.31.36.0-255,66,213473,9,238277
40291,0.01977,74.125.24.0-255,5738,219211,9,238277
40292,0.019779,172.31.36.0-255,66,219277,9,238277
40293,0.02214,74.125.24.0-255,5738,225015,9,238277
40294,0.022816,172.31.36.0-255,66,225081,9,238277
40295,0.025163,74.125.24.0-255,5738,230819,9,238277
40296,0.02517,172.31.36.0-255,66,230885,9,238277
40297,0.027478,74.125.24.0-255,1021,231906,9,238277
40298,0.02762,172.31.36.0-255,66,231972,9,238277
40299,0.027659,172.31.36.0-255,105,232077,9,238277
40300,0.029987,74.125.24.0-255,66,232143,9,238277
40301,0.050243,172.31.36.0-255,172,232315,9,238277
40302,0.050278,172.31.36.0-255,1115,233430,9,238277
40303,0.050371,172.31.36.0-255,1514,234944,9,238277
40304,0.050373,172.31.36.0-255,1514,236458,9,238277
40305,0.050378,172.31.36.0-255,1514,237972,9,238277
40306,0.050379,172.31.36.0-255,107,238079,9,238277
40307,0.051798,104.244.42.0-255,66,238145,9,238277
40308,0.051902,104.244.42.0-255,66,238211,9,238277
40309,0.05195,104.244.42.0-255,66,238277,9,238277
40310,0.0,172.31.36.0-255,188,188,9,11984
40311,4.1e-05,172.31.36.0-255,982,1170,9,11984
40312,0.000116,172.31.36.0-255,1514,2684,9,11984
40313,0.000119,172.31.36.0-255,1514,4198,9,11984
40314,0.00012,172.31.36.0-255,1514,5712,9,11984
40315,0.000121,172.31.36.0-255,1514,7226,9,11984
40316,0.000122,172.31.36.0-255,1514,8740,9,11984
40317,0.000163,172.31.36.0-255,1514,10254,9,11984
40318,0.000165,172.31.36.0-255,1292,11546,9,11984
40319,0.001582,104.244.42.0-255,66,11612,9,11984
40320,0.001667,104.244.42.0-255,66,11678,9,11984
40321,0.001701,104.244.42.0-255,66,11744,9,11984
40322,0.00172,104.244.42.0-255,66,11810,9,11984
40323,0.002409,104.244.42.0-255,108,11918,9,11984
40324,0.002418,172.31.36.0-255,66,11984,9,11984
40325,0.0,74.125.24.0-255,153,153,9,374809
40326,1.6e-05,172.31.36.0-255,66,219,9,374809
40327,2.3e-05,74.125.24.0-255,1484,1703,9,374809
40328,2.7e-05,172.31.36.0-255,66,1769,9,374809
40329,3.3e-05,74.125.24.0-255,2902,4671,9,374809
40330,3.5e-05,172.31.36.0-255,66,4737,9,374809
40331,4.2e-05,74.125.24.0-255,5738,10475,9,374809
40332,4.5e-05,172.31.36.0-255,66,10541,9,374809
40333,8e-05,74.125.24.0-255,3368,13909,9,374809
40334,8.3e-05,172.31.36.0-255,66,13975,9,374809
40335,0.000124,74.125.24.0-255,2902,16877,9,374809
40336,0.000126,172.31.36.0-255,66,16943,9,374809
40337,0.00013,74.125.24.0-255,1484,18427,9,374809
40338,0.000131,172.31.36.0-255,66,18493,9,374809
40339,0.000146,74.125.24.0-255,2902,21395,9,374809
40340,0.000149,172.31.36.0-255,66,21461,9,374809
40341,0.00016,172.31.36.0-255,66,21527,9,374809
40342,0.000163,74.125.24.0-255,1125,22652,9,374809
40343,0.000164,172.31.36.0-255,66,22718,9,374809
40344,0.000527,74.125.24.0-255,1484,24202,9,374809
40345,0.000533,172.31.36.0-255,66,24268,9,374809
40346,0.000539,74.125.24.0-255,2902,27170,9,374809
40347,0.000541,172.31.36.0-255,66,27236,9,374809
40348,0.000548,74.125.24.0-255,5738,32974,9,374809
40349,0.00055,172.31.36.0-255,66,33040,9,374809
40350,0.000584,74.125.24.0-255,6797,39837,9,374809
40351,0.000587,172.31.36.0-255,66,39903,9,374809
40352,0.000709,74.125.24.0-255,1484,41387,9,374809
40353,0.000713,172.31.36.0-255,66,41453,9,374809
40354,0.000719,74.125.24.0-255,2902,44355,9,374809
40355,0.000721,172.31.36.0-255,66,44421,9,374809
40356,0.000728,74.125.24.0-255,5738,50159,9,374809
40357,0.000733,74.125.24.0-255,2902,53061,9,374809
40358,0.000758,172.31.36.0-255,66,53127,9,374809
40359,0.00078,74.125.24.0-255,4572,57699,9,374809
40360,0.000799,172.31.36.0-255,66,57765,9,374809
40361,0.001119,74.125.24.0-255,1484,59249,9,374809
40362,0.001128,74.125.24.0-255,2902,62151,9,374809
40363,0.001131,172.31.36.0-255,66,62217,9,374809
40364,0.00114,74.125.24.0-255,5738,67955,9,374809
40365,0.001143,74.125.24.0-255,1484,69439,9,374809
40366,0.001177,74.125.24.0-255,4320,73759,9,374809
40367,0.001194,74.125.24.0-255,5379,79138,9,374809
40368,0.001199,74.125.24.0-255,2902,82040,9,374809
40369,0.001879,74.125.24.0-255,1484,83524,9,374809
40370,0.001887,74.125.24.0-255,2902,86426,9,374809
40371,0.001894,74.125.24.0-255,5738,92164,9,374809
40372,0.001897,74.125.24.0-255,1484,93648,9,374809
40373,0.001915,74.125.24.0-255,4320,97968,9,374809
40374,0.001922,74.125.24.0-255,7156,105124,9,374809
40375,0.00194,74.125.24.0-255,5738,110862,9,374809
40376,0.001957,74.125.24.0-255,5020,115882,9,374809
40377,0.002212,74.125.24.0-255,1484,117366,9,374809
40378,0.002216,74.125.24.0-255,1484,118850,9,374809
40379,0.002231,74.125.24.0-255,1484,120334,9,374809
40380,0.002236,74.125.24.0-255,2902,123236,9,374809
40381,0.002256,74.125.24.0-255,2902,126138,9,374809
40382,0.002261,74.125.24.0-255,4320,130458,9,374809
40383,0.002289,74.125.24.0-255,4320,134778,9,374809
40384,0.002315,74.125.24.0-255,7156,141934,9,374809
40385,0.005886,172.31.36.0-255,66,142000,9,374809
40386,0.008235,74.125.24.0-255,5738,147738,9,374809
40387,0.008243,172.31.36.0-255,66,147804,9,374809
40388,0.010615,74.125.24.0-255,5738,153542,9,374809
40389,0.011484,172.31.36.0-255,66,153608,9,374809
40390,0.013893,74.125.24.0-255,5738,159346,9,374809
40391,0.013904,172.31.36.0-255,66,159412,9,374809
40392,0.016307,74.125.24.0-255,5738,165150,9,374809
40393,0.016318,172.31.36.0-255,66,165216,9,374809
40394,0.018682,74.125.24.0-255,5738,170954,9,374809
40395,0.018691,172.31.36.0-255,66,171020,9,374809
40396,0.021087,74.125.24.0-255,5738,176758,9,374809
40397,0.021094,172.31.36.0-255,66,176824,9,374809
40398,0.023491,74.125.24.0-255,5738,182562,9,374809
40399,0.023501,172.31.36.0-255,66,182628,9,374809
40400,0.02589,74.125.24.0-255,5738,188366,9,374809
40401,0.025898,172.31.36.0-255,66,188432,9,374809
40402,0.028255,74.125.24.0-255,5738,194170,9,374809
40403,0.028261,172.31.36.0-255,66,194236,9,374809
40404,0.02894,172.31.36.0-255,172,194408,9,374809
40405,0.028973,172.31.36.0-255,1116,195524,9,374809
40406,0.029043,172.31.36.0-255,1514,197038,9,374809
40407,0.029045,172.31.36.0-255,1514,198552,9,374809
40408,0.02905,172.31.36.0-255,1514,200066,9,374809
40409,0.029051,172.31.36.0-255,359,200425,9,374809
40410,0.030501,104.244.42.0-255,66,200491,9,374809
40411,0.03055,104.244.42.0-255,66,200557,9,374809
40412,0.030649,74.125.24.0-255,5738,206295,9,374809
40413,0.030654,172.31.36.0-255,66,206361,9,374809
40414,0.03066,104.244.42.0-255,66,206427,9,374809
40415,0.030671,104.244.42.0-255,66,206493,9,374809
40416,0.033016,74.125.24.0-255,5738,212231,9,374809
40417,0.033023,172.31.36.0-255,66,212297,9,374809
40418,0.035398,74.125.24.0-255,5738,218035,9,374809
40419,0.035405,172.31.36.0-255,66,218101,9,374809
40420,0.037778,74.125.24.0-255,5738,223839,9,374809
40421,0.037785,172.31.36.0-255,66,223905,9,374809
40422,0.040158,74.125.24.0-255,5738,229643,9,374809
40423,0.040165,172.31.36.0-255,66,229709,9,374809
40424,0.042511,74.125.24.0-255,5738,235447,9,374809
40425,0.042518,172.31.36.0-255,66,235513,9,374809
40426,0.044915,74.125.24.0-255,5738,241251,9,374809
40427,0.044923,172.31.36.0-255,66,241317,9,374809
40428,0.047286,74.125.24.0-255,5738,247055,9,374809
40429,0.047293,172.31.36.0-255,66,247121,9,374809
40430,0.049677,74.125.24.0-255,5738,252859,9,374809
40431,0.049684,172.31.36.0-255,66,252925,9,374809
40432,0.052051,74.125.24.0-255,5738,258663,9,374809
40433,0.052061,172.31.36.0-255,66,258729,9,374809
40434,0.054442,74.125.24.0-255,5738,264467,9,374809
40435,0.054449,172.31.36.0-255,66,264533,9,374809
40436,0.056818,74.125.24.0-255,5738,270271,9,374809
40437,0.056826,172.31.36.0-255,66,270337,9,374809
40438,0.059184,74.125.24.0-255,5738,276075,9,374809
40439,0.059191,172.31.36.0-255,66,276141,9,374809
40440,0.061564,74.125.24.0-255,5738,281879,9,374809
40441,0.061571,172.31.36.0-255,66,281945,9,374809
40442,0.063944,74.125.24.0-255,5738,287683,9,374809
40443,0.063951,172.31.36.0-255,66,287749,9,374809
40444,0.066322,74.125.24.0-255,5738,293487,9,374809
40445,0.066329,172.31.36.0-255,66,293553,9,374809
40446,0.068699,74.125.24.0-255,5738,299291,9,374809
40447,0.068705,172.31.36.0-255,66,299357,9,374809
40448,0.071095,74.125.24.0-255,5738,305095,9,374809
40449,0.071102,172.31.36.0-255,66,305161,9,374809
40450,0.07349,74.125.24.0-255,5738,310899,9,374809
40451,0.073497,172.31.36.0-255,66,310965,9,374809
40452,0.075875,74.125.24.0-255,5738,316703,9,374809
40453,0.075882,172.31.36.0-255,66,316769,9,374809
40454,0.07824,74.125.24.0-255,5738,322507,9,374809
40455,0.078247,172.31.36.0-255,66,322573,9,374809
40456,0.08064,74.125.24.0-255,5738,328311,9,374809
40457,0.080647,172.31.36.0-255,66,328377,9,374809
40458,0.083015,74.125.24.0-255,5738,334115,9,374809
40459,0.083021,172.31.36.0-255,66,334181,9,374809
40460,0.085437,74.125.24.0-255,5738,339919,9,374809
40461,0.085447,172.31.36.0-255,66,339985,9,374809
40462,0.087824,74.125.24.0-255,5738,345723,9,374809
40463,0.087831,172.31.36.0-255,66,345789,9,374809
40464,0.090212,74.125.24.0-255,5738,351527,9,374809
40465,0.090219,172.31.36.0-255,66,351593,9,374809
40466,0.09258,74.125.24.0-255,5738,357331,9,374809
40467,0.092586,172.31.36.0-255,66,357397,9,374809
40468,0.094984,74.125.24.0-255,5738,363135,9,374809
40469,0.094991,172.31.36.0-255,66,363201,9,374809
40470,0.09737,74.125.24.0-255,5738,368939,9,374809
40471,0.097376,172.31.36.0-255,66,369005,9,374809
40472,0.099756,74.125.24.0-255,5738,374743,9,374809
40473,0.099763,172.31.36.0-255,66,374809,9,374809
40474,0.0,172.217.194.0-255,148,148,9,300433
40475,2.4e-05,172.31.36.0-255,66,214,9,300433
40476,3.2e-05,172.217.194.0-255,1484,1698,9,300433
40477,3.6e-05,172.31.36.0-255,66,1764,9,300433
40478,5e-05,172.217.194.0-255,2902,4666,9,300433
40479,5.3e-05,172.31.36.0-255,66,4732,9,300433
40480,6.1e-05,172.217.194.0-255,7156,11888,9,300433
40481,6.3e-05,172.31.36.0-255,66,11954,9,300433
40482,7.7e-05,172.31.36.0-255,66,12020,9,300433
40483,9.9e-05,172.217.194.0-255,2003,14023,9,300433
40484,0.000102,172.31.36.0-255,66,14089,9,300433
40485,0.000107,172.217.194.0-255,3961,18050,9,300433
40486,0.000115,172.31.36.0-255,66,18116,9,300433
40487,0.000121,172.217.194.0-255,4320,22436,9,300433
40488,0.000123,172.31.36.0-255,66,22502,9,300433
40489,0.000168,172.31.36.0-255,66,22568,9,300433
40490,0.000186,172.31.36.0-255,66,22634,9,300433
40491,0.000206,172.217.194.0-255,5366,28000,9,300433
40492,0.000208,172.31.36.0-255,66,28066,9,300433
40493,0.000318,172.217.194.0-255,1484,29550,9,300433
40494,0.000321,172.31.36.0-255,66,29616,9,300433
40495,0.000326,172.217.194.0-255,2902,32518,9,300433
40496,0.000329,172.31.36.0-255,66,32584,9,300433
40497,0.000384,172.217.194.0-255,5738,38322,9,300433
40498,0.000387,172.31.36.0-255,66,38388,9,300433
40499,0.000392,172.217.194.0-255,4320,42708,9,300433
40500,0.000395,172.31.36.0-255,66,42774,9,300433
40501,0.000412,172.31.36.0-255,66,42840,9,300433
40502,0.000485,172.217.194.0-255,1484,44324,9,300433
40503,0.000491,172.217.194.0-255,2902,47226,9,300433
40504,0.000518,172.217.194.0-255,2902,50128,9,300433
40505,0.000523,172.217.194.0-255,2902,53030,9,300433
40506,0.000543,172.217.194.0-255,4320,57350,9,300433
40507,0.000586,172.217.194.0-255,7156,64506,9,300433
40508,0.00059,172.217.194.0-255,1484,65990,9,300433
40509,0.000607,172.217.194.0-255,2184,68174,9,300433
40510,0.000672,172.31.36.0-255,66,68240,9,300433
40511,0.000795,172.217.194.0-255,1484,69724,9,300433
40512,0.000801,172.217.194.0-255,2902,72626,9,300433
40513,0.000814,172.217.194.0-255,4320,76946,9,300433
40514,0.000828,172.217.194.0-255,1484,78430,9,300433
40515,0.000831,172.217.194.0-255,1484,79914,9,300433
40516,0.00085,172.217.194.0-255,7156,87070,9,300433
40517,0.000876,172.31.36.0-255,66,87136,9,300433
40518,0.000881,172.217.194.0-255,1484,88620,9,300433
40519,0.000911,172.31.36.0-255,66,88686,9,300433
40520,0.000923,172.217.194.0-255,3602,92288,9,300433
40521,0.000952,172.217.194.0-255,4320,96608,9,300433
40522,0.000967,172.217.194.0-255,1484,98092,9,300433
40523,0.00097,172.31.36.0-255,66,98158,9,300433
40524,0.001002,172.217.194.0-255,7156,105314,9,300433
40525,0.001009,172.217.194.0-255,5738,111052,9,300433
40526,0.001035,172.217.194.0-255,5020,116072,9,300433
40527,0.001051,172.31.36.0-255,66,116138,9,300433
40528,0.001083,172.217.194.0-255,1484,117622,9,300433
40529,0.001089,172.217.194.0-255,2902,120524,9,300433
40530,0.001112,172.217.194.0-255,5738,126262,9,300433
40531,0.001127,172.217.194.0-255,4320,130582,9,300433
40532,0.001131,172.31.36.0-255,66,130648,9,300433
40533,0.00115,172.217.194.0-255,7156,137804,9,300433
40534,0.001155,172.31.36.0-255,66,137870,9,300433
40535,0.001166,172.217.194.0-255,5738,143608,9,300433
40536,0.001287,172.31.36.0-255,66,143674,9,300433
40537,0.003495,172.217.194.0-255,5738,149412,9,300433
40538,0.003501,172.31.36.0-255,66,149478,9,300433
40539,0.005725,172.217.194.0-255,5738,155216,9,300433
40540,0.008795,172.31.36.0-255,66,155282,9,300433
40541,0.011025,172.217.194.0-255,5738,161020,9,300433
40542,0.011033,172.31.36.0-255,66,161086,9,300433
40543,0.013238,172.217.194.0-255,5738,166824,9,300433
40544,0.013246,172.31.36.0-255,66,166890,9,300433
40545,0.015441,172.217.194.0-255,5738,172628,9,300433
40546,0.01545,172.31.36.0-255,66,172694,9,300433
40547,0.017675,172.217.194.0-255,4320,177014,9,300433
40548,0.017685,172.31.36.0-255,66,177080,9,300433
40549,0.01772,172.217.194.0-255,1484,178564,9,300433
40550,0.019915,172.217.194.0-255,4320,182884,9,300433
40551,0.019925,172.31.36.0-255,66,182950,9,300433
40552,0.022122,172.217.194.0-255,5738,188688,9,300433
40553,0.022168,172.31.36.0-255,66,188754,9,300433
40554,0.024371,172.217.194.0-255,5738,194492,9,300433
40555,0.024378,172.31.36.0-255,66,194558,9,300433
40556,0.026588,172.217.194.0-255,5738,200296,9,300433
40557,0.026596,172.31.36.0-255,66,200362,9,300433
40558,0.028795,172.217.194.0-255,5738,206100,9,300433
40559,0.028801,172.31.36.0-255,66,206166,9,300433
40560,0.031005,172.217.194.0-255,5738,211904,9,300433
40561,0.031012,172.31.36.0-255,66,211970,9,300433
40562,0.03322,172.217.194.0-255,5738,217708,9,300433
40563,0.033228,172.31.36.0-255,66,217774,9,300433
40564,0.035448,172.217.194.0-255,5738,223512,9,300433
40565,0.035456,172.31.36.0-255,66,223578,9,300433
40566,0.037656,172.217.194.0-255,5738,229316,9,300433
40567,0.037665,172.31.36.0-255,66,229382,9,300433
40568,0.039894,172.217.194.0-255,5738,235120,9,300433
40569,0.039902,172.31.36.0-255,66,235186,9,300433
40570,0.042122,172.217.194.0-255,5738,240924,9,300433
40571,0.042131,172.31.36.0-255,66,240990,9,300433
40572,0.043492,172.31.36.0-255,176,241166,9,300433
40573,0.043524,172.31.36.0-255,1115,242281,9,300433
40574,0.043594,172.31.36.0-255,1514,243795,9,300433
40575,0.043596,172.31.36.0-255,1514,245309,9,300433
40576,0.043597,172.31.36.0-255,1514,246823,9,300433
40577,0.043598,172.31.36.0-255,107,246930,9,300433
40578,0.044361,172.217.194.0-255,5738,252668,9,300433
40579,0.044368,172.31.36.0-255,66,252734,9,300433
40580,0.045054,104.244.42.0-255,66,252800,9,300433
40581,0.045109,104.244.42.0-255,66,252866,9,300433
40582,0.045188,104.244.42.0-255,66,252932,9,300433
40583,0.045194,104.244.42.0-255,66,252998,9,300433
40584,0.046594,172.217.194.0-255,5738,258736,9,300433
40585,0.046603,172.31.36.0-255,66,258802,9,300433
40586,0.048835,172.217.194.0-255,5738,264540,9,300433
40587,0.048846,172.31.36.0-255,66,264606,9,300433
40588,0.051059,172.217.194.0-255,5738,270344,9,300433
40589,0.051072,172.31.36.0-255,66,270410,9,300433
40590,0.053284,172.217.194.0-255,5738,276148,9,300433
40591,0.053292,172.31.36.0-255,66,276214,9,300433
40592,0.05554,172.217.194.0-255,5738,281952,9,300433
40593,0.055547,172.31.36.0-255,66,282018,9,300433
40594,0.05778,172.217.194.0-255,5738,287756,9,300433
40595,0.05779,172.31.36.0-255,66,287822,9,300433
40596,0.060017,172.217.194.0-255,5738,293560,9,300433
40597,0.060024,172.31.36.0-255,66,293626,9,300433
40598,0.062232,172.217.194.0-255,5738,299364,9,300433
40599,0.062242,172.31.36.0-255,66,299430,9,300433
40600,0.064432,172.217.194.0-255,766,300196,9,300433
40601,0.064577,172.31.36.0-255,66,300262,9,300433
40602,0.064616,172.31.36.0-255,105,300367,9,300433
40603,0.066803,172.217.194.0-255,66,300433,9,300433
40604,0.0,172.217.194.0-255,298,298,9,280269
40605,2.4e-05,172.31.36.0-255,66,364,9,280269
40606,3e-05,172.217.194.0-255,1484,1848,9,280269
40607,3.4e-05,172.31.36.0-255,66,1914,9,280269
40608,3.8e-05,172.217.194.0-255,1484,3398,9,280269
40609,4.1e-05,172.31.36.0-255,66,3464,9,280269
40610,5.5e-05,172.217.194.0-255,2902,6366,9,280269
40611,5.8e-05,172.31.36.0-255,66,6432,9,280269
40612,6.5e-05,172.217.194.0-255,5738,12170,9,280269
40613,6.8e-05,172.31.36.0-255,66,12236,9,280269
40614,0.0001,172.217.194.0-255,1904,14140,9,280269
40615,0.000103,172.31.36.0-255,66,14206,9,280269
40616,0.000112,172.217.194.0-255,7156,21362,9,280269
40617,0.000114,172.31.36.0-255,66,21428,9,280269
40618,0.00014,172.217.194.0-255,2902,24330,9,280269
40619,0.000143,172.31.36.0-255,66,24396,9,280269
40620,0.00015,172.217.194.0-255,7156,31552,9,280269
40621,0.000153,172.31.36.0-255,66,31618,9,280269
40622,0.000185,172.217.194.0-255,2902,34520,9,280269
40623,0.000187,172.31.36.0-255,66,34586,9,280269
40624,0.000217,172.31.36.0-255,66,34652,9,280269
40625,0.00022,172.217.194.0-255,766,35418,9,280269
40626,0.000222,172.31.36.0-255,66,35484,9,280269
40627,0.005134,172.217.194.0-255,1484,36968,9,280269
40628,0.005164,172.31.36.0-255,66,37034,9,280269
40629,0.005176,172.217.194.0-255,2902,39936,9,280269
40630,0.005186,172.31.36.0-255,66,40002,9,280269
40631,0.00519,172.217.194.0-255,1484,41486,9,280269
40632,0.005193,172.31.36.0-255,66,41552,9,280269
40633,0.0074,172.217.194.0-255,1484,43036,9,280269
40634,0.007407,172.31.36.0-255,66,43102,9,280269
40635,0.007437,172.217.194.0-255,4320,47422,9,280269
40636,0.00744,172.31.36.0-255,66,47488,9,280269
40637,0.009635,172.217.194.0-255,1484,48972,9,280269
40638,0.009671,172.217.194.0-255,4269,53241,9,280269
40639,0.009676,172.31.36.0-255,66,53307,9,280269
40640,0.014573,172.217.194.0-255,1484,54791,9,280269
40641,0.014595,172.217.194.0-255,2902,57693,9,280269
40642,0.014604,172.31.36.0-255,66,57759,9,280269
40643,0.014611,172.217.194.0-255,1484,59243,9,280269
40644,0.016896,172.217.194.0-255,4320,63563,9,280269
40645,0.016907,172.31.36.0-255,66,63629,9,280269
40646,0.019187,172.217.194.0-255,5738,69367,9,280269
40647,0.019203,172.31.36.0-255,66,69433,9,280269
40648,0.02148,172.217.194.0-255,5738,75171,9,280269
40649,0.021489,172.31.36.0-255,66,75237,9,280269
40650,0.023753,172.217.194.0-255,5738,80975,9,280269
40651,0.023763,172.31.36.0-255,66,81041,9,280269
40652,0.026034,172.217.194.0-255,5738,86779,9,280269
40653,0.026042,172.31.36.0-255,66,86845,9,280269
40654,0.028335,172.217.194.0-255,5738,92583,9,280269
40655,0.028344,172.31.36.0-255,66,92649,9,280269
40656,0.030613,172.217.194.0-255,5738,98387,9,280269
40657,0.030628,172.31.36.0-255,66,98453,9,280269
40658,0.032891,172.217.194.0-255,5738,104191,9,280269
40659,0.032899,172.31.36.0-255,66,104257,9,280269
40660,0.035151,172.217.194.0-255,5738,109995,9,280269
40661,0.035161,172.31.36.0-255,66,110061,9,280269
40662,0.037428,172.217.194.0-255,5738,115799,9,280269
40663,0.037438,172.31.36.0-255,66,115865,9,280269
40664,0.038961,172.31.36.0-255,192,116057,9,280269
40665,0.038994,172.31.36.0-255,1116,117173,9,280269
40666,0.039067,172.31.36.0-255,1514,118687,9,280269
40667,0.039069,172.31.36.0-255,1514,120201,9,280269
40668,0.039074,172.31.36.0-255,1514,121715,9,280269
40669,0.039075,172.31.36.0-255,1514,123229,9,280269
40670,0.039101,172.31.36.0-255,1486,124715,9,280269
40671,0.039706,172.217.194.0-255,5738,130453,9,280269
40672,0.039714,172.31.36.0-255,66,130519,9,280269
40673,0.040484,104.244.42.0-255,66,130585,9,280269
40674,0.040587,104.244.42.0-255,66,130651,9,280269
40675,0.040633,104.244.42.0-255,66,130717,9,280269
40676,0.041979,172.217.194.0-255,5738,136455,9,280269
40677,0.041987,172.31.36.0-255,66,136521,9,280269
40678,0.044261,172.217.194.0-255,4320,140841,9,280269
40679,0.044268,172.31.36.0-255,66,140907,9,280269
40680,0.044299,172.217.194.0-255,1484,142391,9,280269
40681,0.046572,172.217.194.0-255,4320,146711,9,280269
40682,0.046581,172.31.36.0-255,66,146777,9,280269
40683,0.04885,172.217.194.0-255,5738,152515,9,280269
40684,0.048858,172.31.36.0-255,66,152581,9,280269
40685,0.051167,172.217.194.0-255,5738,158319,9,280269
40686,0.051179,172.31.36.0-255,66,158385,9,280269
40687,0.053462,172.217.194.0-255,5738,164123,9,280269
40688,0.053469,172.31.36.0-255,66,164189,9,280269
40689,0.055766,172.217.194.0-255,5738,169927,9,280269
40690,0.055773,172.31.36.0-255,66,169993,9,280269
40691,0.058027,172.217.194.0-255,5738,175731,9,280269
40692,0.058034,172.31.36.0-255,66,175797,9,280269
40693,0.060332,172.217.194.0-255,5738,181535,9,280269
40694,0.060339,172.31.36.0-255,66,181601,9,280269
40695,0.062593,172.217.194.0-255,5738,187339,9,280269
40696,0.0626,172.31.36.0-255,66,187405,9,280269
40697,0.06494,172.217.194.0-255,5738,193143,9,280269
40698,0.064948,172.31.36.0-255,66,193209,9,280269
40699,0.067194,172.217.194.0-255,5738,198947,9,280269
40700,0.067201,172.31.36.0-255,66,199013,9,280269
40701,0.069486,172.217.194.0-255,5738,204751,9,280269
40702,0.069496,172.31.36.0-255,66,204817,9,280269
40703,0.071783,172.217.194.0-255,5738,210555,9,280269
40704,0.071793,172.31.36.0-255,66,210621,9,280269
40705,0.074112,172.217.194.0-255,5738,216359,9,280269
40706,0.07412,172.31.36.0-255,66,216425,9,280269
40707,0.076398,172.217.194.0-255,5738,222163,9,280269
40708,0.076405,172.31.36.0-255,66,222229,9,280269
40709,0.078671,172.217.194.0-255,5738,227967,9,280269
40710,0.078678,172.31.36.0-255,66,228033,9,280269
40711,0.080975,172.217.194.0-255,5738,233771,9,280269
40712,0.080984,172.31.36.0-255,66,233837,9,280269
40713,0.083251,172.217.194.0-255,5738,239575,9,280269
40714,0.083267,172.31.36.0-255,66,239641,9,280269
40715,0.085554,172.217.194.0-255,5738,245379,9,280269
40716,0.085563,172.31.36.0-255,66,245445,9,280269
40717,0.087848,172.217.194.0-255,5738,251183,9,280269
40718,0.087856,172.31.36.0-255,66,251249,9,280269
40719,0.090118,172.217.194.0-255,5738,256987,9,280269
40720,0.090125,172.31.36.0-255,66,257053,9,280269
40721,0.092399,172.217.194.0-255,5738,262791,9,280269
40722,0.092406,172.31.36.0-255,66,262857,9,280269
40723,0.094687,172.217.194.0-255,5738,268595,9,280269
40724,0.094698,172.31.36.0-255,66,268661,9,280269
40725,0.096976,172.217.194.0-255,5738,274399,9,280269
40726,0.096981,172.31.36.0-255,66,274465,9,280269
40727,0.099281,172.217.194.0-255,5738,280203,9,280269
40728,0.099287,172.31.36.0-255,66,280269,9,280269
40729,0.0,74.125.68.0-255,298,298,9,353650
40730,2.6e-05,172.31.36.0-255,66,364,9,353650
40731,3.3e-05,74.125.68.0-255,1484,1848,9,353650
40732,3.7e-05,172.31.36.0-255,66,1914,9,353650
40733,5e-05,74.125.68.0-255,1484,3398,9,353650
40734,5.3e-05,172.31.36.0-255,66,3464,9,353650
40735,6.7e-05,74.125.68.0-255,2902,6366,9,353650
40736,7e-05,172.31.36.0-255,66,6432,9,353650
40737,9.7e-05,74.125.68.0-255,4320,10752,9,353650
40738,0.0001,172.31.36.0-255,66,10818,9,353650
40739,0.000116,74.125.68.0-255,1484,12302,9,353650
40740,0.000119,172.31.36.0-255,66,12368,9,353650
40741,0.000139,74.125.68.0-255,1484,13852,9,353650
40742,0.000141,172.31.36.0-255,66,13918,9,353650
40743,0.000157,74.125.68.0-255,4715,18633,9,353650
40744,0.000161,172.31.36.0-255,66,18699,9,353650
40745,0.000164,74.125.68.0-255,1484,20183,9,353650
40746,0.000166,172.31.36.0-255,66,20249,9,353650
40747,0.000171,74.125.68.0-255,2902,23151,9,353650
40748,0.000173,172.31.36.0-255,66,23217,9,353650
40749,0.0002,74.125.68.0-255,5738,28955,9,353650
40750,0.000203,172.31.36.0-255,66,29021,9,353650
40751,0.000206,74.125.68.0-255,1484,30505,9,353650
40752,0.000208,172.31.36.0-255,66,30571,9,353650
40753,0.000249,74.125.68.0-255,1125,31696,9,353650
40754,0.000252,172.31.36.0-255,66,31762,9,353650
40755,0.00034,74.125.68.0-255,1484,33246,9,353650
40756,0.000346,172.31.36.0-255,66,33312,9,353650
40757,0.000351,74.125.68.0-255,2902,36214,9,353650
40758,0.000353,172.31.36.0-255,66,36280,9,353650
40759,0.000356,74.125.68.0-255,1484,37764,9,353650
40760,0.000358,172.31.36.0-255,66,37830,9,353650
40761,0.000374,74.125.68.0-255,2902,40732,9,353650
40762,0.000377,172.31.36.0-255,66,40798,9,353650
40763,0.000379,74.125.68.0-255,1484,42282,9,353650
40764,0.000405,74.125.68.0-255,7156,49438,9,353650
40765,0.000409,172.31.36.0-255,66,49504,9,353650
40766,0.000419,172.31.36.0-255,66,49570,9,353650
40767,0.000465,172.31.36.0-255,66,49636,9,353650
40768,0.000483,74.125.68.0-255,428,50064,9,353650
40769,0.000598,74.125.68.0-255,1484,51548,9,353650
40770,0.000602,172.31.36.0-255,66,51614,9,353650
40771,0.000654,74.125.68.0-255,1484,53098,9,353650
40772,0.000682,74.125.68.0-255,2902,56000,9,353650
40773,0.000685,172.31.36.0-255,66,56066,9,353650
40774,0.000719,74.125.68.0-255,1484,57550,9,353650
40775,0.000724,74.125.68.0-255,2902,60452,9,353650
40776,0.000727,172.31.36.0-255,66,60518,9,353650
40777,0.000736,74.125.68.0-255,1484,62002,9,353650
40778,0.000757,74.125.68.0-255,4320,66322,9,353650
40779,0.00076,172.31.36.0-255,66,66388,9,353650
40780,0.000764,74.125.68.0-255,1484,67872,9,353650
40781,0.000768,74.125.68.0-255,2902,70774,9,353650
40782,0.000771,172.31.36.0-255,66,70840,9,353650
40783,0.00079,74.125.68.0-255,5738,76578,9,353650
40784,0.000793,172.31.36.0-255,66,76644,9,353650
40785,0.000807,74.125.68.0-255,1484,78128,9,353650
40786,0.000826,74.125.68.0-255,2902,81030,9,353650
40787,0.000829,172.31.36.0-255,66,81096,9,353650
40788,0.000862,74.125.68.0-255,1484,82580,9,353650
40789,0.000881,74.125.68.0-255,2184,84764,9,353650
40790,0.000884,172.31.36.0-255,66,84830,9,353650
40791,0.000952,74.125.68.0-255,1484,86314,9,353650
40792,0.000964,74.125.68.0-255,1484,87798,9,353650
40793,0.000967,172.31.36.0-255,66,87864,9,353650
40794,0.000986,74.125.68.0-255,1484,89348,9,353650
40795,0.000992,74.125.68.0-255,5738,95086,9,353650
40796,0.000995,172.31.36.0-255,66,95152,9,353650
40797,0.001015,74.125.68.0-255,5738,100890,9,353650
40798,0.001018,172.31.36.0-255,66,100956,9,353650
40799,0.001054,74.125.68.0-255,1484,102440,9,353650
40800,0.001068,74.125.68.0-255,2902,105342,9,353650
40801,0.001071,172.31.36.0-255,66,105408,9,353650
40802,0.001086,74.125.68.0-255,5738,111146,9,353650
40803,0.001088,172.31.36.0-255,66,111212,9,353650
40804,0.001115,74.125.68.0-255,7156,118368,9,353650
40805,0.001118,172.31.36.0-255,66,118434,9,353650
40806,0.001154,74.125.68.0-255,766,119200,9,353650
40807,0.001303,74.125.68.0-255,1484,120684,9,353650
40808,0.001307,172.31.36.0-255,66,120750,9,353650
40809,0.001311,74.125.68.0-255,1484,122234,9,353650
40810,0.001326,74.125.68.0-255,2902,125136,9,353650
40811,0.001331,172.31.36.0-255,66,125202,9,353650
40812,0.001353,74.125.68.0-255,5738,130940,9,353650
40813,0.001355,172.31.36.0-255,66,131006,9,353650
40814,0.001369,74.125.68.0-255,4320,135326,9,353650
40815,0.001372,172.31.36.0-255,66,135392,9,353650
40816,0.001416,74.125.68.0-255,5738,141130,9,353650
40817,0.001419,172.31.36.0-255,66,141196,9,353650
40818,0.001423,74.125.68.0-255,1484,142680,9,353650
40819,0.001426,74.125.68.0-255,2902,145582,9,353650
40820,0.001428,172.31.36.0-255,66,145648,9,353650
40821,0.001459,74.125.68.0-255,5738,151386,9,353650
40822,0.001462,172.31.36.0-255,66,151452,9,353650
40823,0.001466,74.125.68.0-255,2184,153636,9,353650
40824,0.001468,172.31.36.0-255,66,153702,9,353650
40825,0.001661,74.125.68.0-255,1484,155186,9,353650
40826,0.001665,74.125.68.0-255,1484,156670,9,353650
40827,0.001668,172.31.36.0-255,66,156736,9,353650
40828,0.001686,74.125.68.0-255,1484,158220,9,353650
40829,0.001693,74.125.68.0-255,5738,163958,9,353650
40830,0.001695,172.31.36.0-255,66,164024,9,353650
40831,0.001729,172.31.36.0-255,66,164090,9,353650
40832,0.001746,74.125.68.0-255,1484,165574,9,353650
40833,0.001753,74.125.68.0-255,7156,172730,9,353650
40834,0.001756,172.31.36.0-255,66,172796,9,353650
40835,0.001778,74.125.68.0-255,4320,177116,9,353650
40836,0.001781,172.31.36.0-255,66,177182,9,353650
40837,0.001785,74.125.68.0-255,2184,179366,9,353650
40838,0.001787,172.31.36.0-255,66,179432,9,353650
40839,0.00179,74.125.68.0-255,2902,182334,9,353650
40840,0.001792,172.31.36.0-255,66,182400,9,353650
40841,0.001811,74.125.68.0-255,1484,183884,9,353650
40842,0.001829,74.125.68.0-255,5738,189622,9,353650
40843,0.001832,172.31.36.0-255,66,189688,9,353650
40844,0.001837,74.125.68.0-255,2902,192590,9,353650
40845,0.001839,172.31.36.0-255,66,192656,9,353650
40846,0.001844,74.125.68.0-255,4320,196976,9,353650
40847,0.001847,172.31.36.0-255,66,197042,9,353650
40848,0.001879,172.31.36.0-255,66,197108,9,353650
40849,0.001885,74.125.68.0-255,5738,202846,9,353650
40850,0.001888,172.31.36.0-255,66,202912,9,353650
40851,0.001915,74.125.68.0-255,4320,207232,9,353650
40852,0.001918,172.31.36.0-255,66,207298,9,353650
40853,0.001939,74.125.68.0-255,2184,209482,9,353650
40854,0.001941,172.31.36.0-255,66,209548,9,353650
40855,0.001946,74.125.68.0-255,2902,212450,9,353650
40856,0.001948,172.31.36.0-255,66,212516,9,353650
40857,0.001958,74.125.68.0-255,4320,216836,9,353650
40858,0.00196,172.31.36.0-255,66,216902,9,353650
40859,0.001971,172.31.36.0-255,66,216968,9,353650
40860,0.001976,74.125.68.0-255,4320,221288,9,353650
40861,0.001979,172.31.36.0-255,66,221354,9,353650
40862,0.002003,74.125.68.0-255,2902,224256,9,353650
40863,0.002007,172.31.36.0-255,66,224322,9,353650
40864,0.002025,74.125.68.0-255,4320,228642,9,353650
40865,0.002028,172.31.36.0-255,66,228708,9,353650
40866,0.002043,74.125.68.0-255,3602,232310,9,353650
40867,0.002047,172.31.36.0-255,66,232376,9,353650
40868,0.002051,74.125.68.0-255,2902,235278,9,353650
40869,0.002053,172.31.36.0-255,66,235344,9,353650
40870,0.002059,74.125.68.0-255,4320,239664,9,353650
40871,0.002061,172.31.36.0-255,66,239730,9,353650
40872,0.002093,74.125.68.0-255,1484,241214,9,353650
40873,0.002095,172.31.36.0-255,66,241280,9,353650
40874,0.002097,74.125.68.0-255,2902,244182,9,353650
40875,0.002099,172.31.36.0-255,66,244248,9,353650
40876,0.002113,74.125.68.0-255,2902,247150,9,353650
40877,0.002116,172.31.36.0-255,66,247216,9,353650
40878,0.002137,74.125.68.0-255,2902,250118,9,353650
40879,0.00214,172.31.36.0-255,66,250184,9,353650
40880,0.002146,74.125.68.0-255,6438,256622,9,353650
40881,0.002148,172.31.36.0-255,66,256688,9,353650
40882,0.002184,74.125.68.0-255,7156,263844,9,353650
40883,0.002188,172.31.36.0-255,66,263910,9,353650
40884,0.00221,74.125.68.0-255,1484,265394,9,353650
40885,0.002231,74.125.68.0-255,7156,272550,9,353650
40886,0.002234,172.31.36.0-255,66,272616,9,353650
40887,0.002239,74.125.68.0-255,2902,275518,9,353650
40888,0.002241,172.31.36.0-255,66,275584,9,353650
40889,0.002246,74.125.68.0-255,4320,279904,9,353650
40890,0.002248,172.31.36.0-255,66,279970,9,353650
40891,0.002282,172.31.36.0-255,66,280036,9,353650
40892,0.002286,74.125.68.0-255,2184,282220,9,353650
40893,0.002287,172.31.36.0-255,66,282286,9,353650
40894,0.002338,74.125.68.0-255,2902,285188,9,353650
40895,0.002341,172.31.36.0-255,66,285254,9,353650
40896,0.002346,74.125.68.0-255,4320,289574,9,353650
40897,0.002348,172.31.36.0-255,66,289640,9,353650
40898,0.002355,74.125.68.0-255,5738,295378,9,353650
40899,0.002367,172.31.36.0-255,66,295444,9,353650
40900,0.002371,74.125.68.0-255,1484,296928,9,353650
40901,0.002387,74.125.68.0-255,7156,304084,9,353650
40902,0.002394,172.31.36.0-255,66,304150,9,353650
40903,0.002411,74.125.68.0-255,2902,307052,9,353650
40904,0.002415,74.125.68.0-255,2902,309954,9,353650
40905,0.002426,172.31.36.0-255,66,310020,9,353650
40906,0.002442,74.125.68.0-255,1484,311504,9,353650
40907,0.002459,74.125.68.0-255,7156,318660,9,353650
40908,0.002462,172.31.36.0-255,66,318726,9,353650
40909,0.002481,74.125.68.0-255,3602,322328,9,353650
40910,0.002485,172.31.36.0-255,66,322394,9,353650
40911,0.002496,74.125.68.0-255,4320,326714,9,353650
40912,0.002501,172.31.36.0-255,66,326780,9,353650
40913,0.002525,74.125.68.0-255,2902,329682,9,353650
40914,0.002534,74.125.68.0-255,1484,331166,9,353650
40915,0.00254,172.31.36.0-255,66,331232,9,353650
40916,0.002558,74.125.68.0-255,4320,335552,9,353650
40917,0.002563,172.31.36.0-255,66,335618,9,353650
40918,0.002586,74.125.68.0-255,7156,342774,9,353650
40919,0.002589,74.125.68.0-255,1373,344147,9,353650
40920,0.002603,172.31.36.0-255,66,344213,9,353650
40921,0.005132,74.125.68.0-255,105,344318,9,353650
40922,0.009038,172.31.36.0-255,66,344384,9,353650
40923,0.009077,172.31.36.0-255,105,344489,9,353650
40924,0.011604,74.125.68.0-255,66,344555,9,353650
40925,0.035749,172.31.36.0-255,172,344727,9,353650
40926,0.035793,172.31.36.0-255,1115,345842,9,353650
40927,0.035831,172.31.36.0-255,1514,347356,9,353650
40928,0.035832,172.31.36.0-255,1514,348870,9,353650
40929,0.035834,172.31.36.0-255,1514,350384,9,353650
40930,0.035838,172.31.36.0-255,1514,351898,9,353650
40931,0.035864,172.31.36.0-255,1488,353386,9,353650
40932,0.037241,104.244.42.0-255,66,353452,9,353650
40933,0.037275,104.244.42.0-255,66,353518,9,353650
40934,0.037353,104.244.42.0-255,66,353584,9,353650
40935,0.037382,104.244.42.0-255,66,353650,9,353650
40936,0.0,172.217.194.0-255,153,153,9,372116
40937,3.4e-05,172.31.36.0-255,66,219,9,372116
40938,4.1e-05,172.217.194.0-255,1484,1703,9,372116
40939,4.5e-05,172.31.36.0-255,66,1769,9,372116
40940,5e-05,172.217.194.0-255,2902,4671,9,372116
40941,5.2e-05,172.31.36.0-255,66,4737,9,372116
40942,5.9e-05,172.217.194.0-255,7156,11893,9,372116
40943,6.1e-05,172.31.36.0-255,66,11959,9,372116
40944,6.7e-05,172.217.194.0-255,3476,15435,9,372116
40945,6.9e-05,172.31.36.0-255,66,15501,9,372116
40946,7.2e-05,172.217.194.0-255,1484,16985,9,372116
40947,7.5e-05,172.31.36.0-255,66,17051,9,372116
40948,0.000107,172.217.194.0-255,2902,19953,9,372116
40949,0.000109,172.31.36.0-255,66,20019,9,372116
40950,0.000119,172.31.36.0-255,66,20085,9,372116
40951,0.000122,172.217.194.0-255,1125,21210,9,372116
40952,0.000124,172.31.36.0-255,66,21276,9,372116
40953,0.000159,172.217.194.0-255,4320,25596,9,372116
40954,0.000162,172.31.36.0-255,66,25662,9,372116
40955,0.000184,172.217.194.0-255,4320,29982,9,372116
40956,0.000186,172.31.36.0-255,66,30048,9,372116
40957,0.000206,172.217.194.0-255,4320,34368,9,372116
40958,0.000209,172.31.36.0-255,66,34434,9,372116
40959,0.000228,172.217.194.0-255,3961,38395,9,372116
40960,0.000231,172.31.36.0-255,66,38461,9,372116
40961,0.000846,172.217.194.0-255,1484,39945,9,372116
40962,0.000851,172.31.36.0-255,66,40011,9,372116
40963,0.000873,172.217.194.0-255,2902,42913,9,372116
40964,0.000877,172.31.36.0-255,66,42979,9,372116
40965,0.000884,172.217.194.0-255,5738,48717,9,372116
40966,0.000886,172.31.36.0-255,66,48783,9,372116
40967,0.000891,172.217.194.0-255,2902,51685,9,372116
40968,0.000895,172.31.36.0-255,66,51751,9,372116
40969,0.000917,172.217.194.0-255,3961,55712,9,372116
40970,0.00092,172.31.36.0-255,66,55778,9,372116
40971,0.001011,172.217.194.0-255,1484,57262,9,372116
40972,0.001017,172.217.194.0-255,2902,60164,9,372116
40973,0.001021,172.31.36.0-255,66,60230,9,372116
40974,0.001043,172.217.194.0-255,5738,65968,9,372116
40975,0.001047,172.31.36.0-255,66,66034,9,372116
40976,0.001052,172.217.194.0-255,4320,70354,9,372116
40977,0.001053,172.31.36.0-255,66,70420,9,372116
40978,0.001073,172.217.194.0-255,5379,75799,9,372116
40979,0.001075,172.31.36.0-255,66,75865,9,372116
40980,0.001115,172.217.194.0-255,2902,78767,9,372116
40981,0.001118,172.31.36.0-255,66,78833,9,372116
40982,0.001147,172.31.36.0-255,66,78899,9,372116
40983,0.001287,172.217.194.0-255,1484,80383,9,372116
40984,0.001292,172.217.194.0-255,2902,83285,9,372116
40985,0.001295,172.31.36.0-255,66,83351,9,372116
40986,0.001299,172.217.194.0-255,1484,84835,9,372116
40987,0.001315,172.217.194.0-255,4320,89155,9,372116
40988,0.001318,172.31.36.0-255,66,89221,9,372116
40989,0.001344,172.217.194.0-255,4320,93541,9,372116
40990,0.001347,172.31.36.0-255,66,93607,9,372116
40991,0.001371,172.217.194.0-255,7156,100763,9,372116
40992,0.001374,172.31.36.0-255,66,100829,9,372116
40993,0.001395,172.217.194.0-255,1484,102313,9,372116
40994,0.001407,172.31.36.0-255,66,102379,9,372116
40995,0.001472,172.217.194.0-255,1484,103863,9,372116
40996,0.001487,172.217.194.0-255,2902,106765,9,372116
40997,0.001489,172.31.36.0-255,66,106831,9,372116
40998,0.001494,172.217.194.0-255,2902,109733,9,372116
40999,0.001496,172.31.36.0-255,66,109799,9,372116
41000,0.001511,172.217.194.0-255,2902,112701,9,372116
41001,0.001514,172.31.36.0-255,66,112767,9,372116
41002,0.001527,172.217.194.0-255,4320,117087,9,372116
41003,0.00153,172.31.36.0-255,66,117153,9,372116
41004,0.001545,172.217.194.0-255,5738,122891,9,372116
41005,0.001548,172.31.36.0-255,66,122957,9,372116
41006,0.001581,172.31.36.0-255,66,123023,9,372116
41007,0.002224,172.217.194.0-255,1484,124507,9,372116
41008,0.002235,172.217.194.0-255,2902,127409,9,372116
41009,0.002239,172.31.36.0-255,66,127475,9,372116
41010,0.002247,172.217.194.0-255,5738,133213,9,372116
41011,0.002249,172.31.36.0-255,66,133279,9,372116
41012,0.00229,172.31.36.0-255,66,133345,9,372116
41013,0.002301,172.31.36.0-255,66,133411,9,372116
41014,0.002304,172.217.194.0-255,766,134177,9,372116
41015,0.003707,172.31.36.0-255,66,134243,9,372116
41016,0.004638,172.217.194.0-255,2902,137145,9,372116
41017,0.004643,172.31.36.0-255,66,137211,9,372116
41018,0.004672,172.217.194.0-255,1484,138695,9,372116
41019,0.006003,172.217.194.0-255,1484,140179,9,372116
41020,0.006008,172.31.36.0-255,66,140245,9,372116
41021,0.006923,172.217.194.0-255,2902,143147,9,372116
41022,0.006927,172.31.36.0-255,66,143213,9,372116
41023,0.008312,172.217.194.0-255,2902,146115,9,372116
41024,0.008319,172.31.36.0-255,66,146181,9,372116
41025,0.009218,172.217.194.0-255,2902,149083,9,372116
41026,0.009225,172.31.36.0-255,66,149149,9,372116
41027,0.010607,172.217.194.0-255,2902,152051,9,372116
41028,0.010615,172.31.36.0-255,66,152117,9,372116
41029,0.011523,172.217.194.0-255,2902,155019,9,372116
41030,0.011529,172.31.36.0-255,66,155085,9,372116
41031,0.012919,172.217.194.0-255,2902,157987,9,372116
41032,0.012927,172.31.36.0-255,66,158053,9,372116
41033,0.013837,172.217.194.0-255,2902,160955,9,372116
41034,0.013844,172.31.36.0-255,66,161021,9,372116
41035,0.015214,172.217.194.0-255,2902,163923,9,372116
41036,0.015222,172.31.36.0-255,66,163989,9,372116
41037,0.01618,172.217.194.0-255,2902,166891,9,372116
41038,0.016187,172.31.36.0-255,66,166957,9,372116
41039,0.017514,172.217.194.0-255,2902,169859,9,372116
41040,0.017522,172.31.36.0-255,66,169925,9,372116
41041,0.018501,172.217.194.0-255,2902,172827,9,372116
41042,0.018507,172.31.36.0-255,66,172893,9,372116
41043,0.019833,172.217.194.0-255,2902,175795,9,372116
41044,0.019841,172.31.36.0-255,66,175861,9,372116
41045,0.020788,172.217.194.0-255,2902,178763,9,372116
41046,0.020796,172.31.36.0-255,66,178829,9,372116
41047,0.022144,172.217.194.0-255,2902,181731,9,372116
41048,0.022151,172.31.36.0-255,66,181797,9,372116
41049,0.023119,172.217.194.0-255,2902,184699,9,372116
41050,0.023126,172.31.36.0-255,66,184765,9,372116
41051,0.024462,172.217.194.0-255,2902,187667,9,372116
41052,0.024469,172.31.36.0-255,66,187733,9,372116
41053,0.02542,172.217.194.0-255,2902,190635,9,372116
41054,0.025427,172.31.36.0-255,66,190701,9,372116
41055,0.026479,172.31.36.0-255,172,190873,9,372116
41056,0.026512,172.31.36.0-255,1115,191988,9,372116
41057,0.026564,172.31.36.0-255,1514,193502,9,372116
41058,0.026566,172.31.36.0-255,1514,195016,9,372116
41059,0.026568,172.31.36.0-255,1514,196530,9,372116
41060,0.026572,172.31.36.0-255,1514,198044,9,372116
41061,0.026573,172.31.36.0-255,1486,199530,9,372116
41062,0.026761,172.217.194.0-255,2902,202432,9,372116
41063,0.026768,172.31.36.0-255,66,202498,9,372116
41064,0.027753,172.217.194.0-255,2902,205400,9,372116
41065,0.027758,172.31.36.0-255,66,205466,9,372116
41066,0.028067,104.244.42.0-255,66,205532,9,372116
41067,0.028087,104.244.42.0-255,66,205598,9,372116
41068,0.028184,104.244.42.0-255,66,205664,9,372116
41069,0.028793,104.244.42.0-255,108,205772,9,372116
41070,0.028814,172.31.36.0-255,66,205838,9,372116
41071,0.029063,172.217.194.0-255,2902,208740,9,372116
41072,0.029067,172.31.36.0-255,66,208806,9,372116
41073,0.030048,172.217.194.0-255,2902,211708,9,372116
41074,0.030054,172.31.36.0-255,66,211774,9,372116
41075,0.031382,172.217.194.0-255,2902,214676,9,372116
41076,0.031388,172.31.36.0-255,66,214742,9,372116
41077,0.032333,172.217.194.0-255,2902,217644,9,372116
41078,0.032338,172.31.36.0-255,66,217710,9,372116
41079,0.033689,172.217.194.0-255,2902,220612,9,372116
41080,0.033694,172.31.36.0-255,66,220678,9,372116
41081,0.03461,172.217.194.0-255,2902,223580,9,372116
41082,0.034615,172.31.36.0-255,66,223646,9,372116
41083,0.035994,172.217.194.0-255,2902,226548,9,372116
41084,0.035999,172.31.36.0-255,66,226614,9,372116
41085,0.036912,172.217.194.0-255,2902,229516,9,372116
41086,0.036917,172.31.36.0-255,66,229582,9,372116
41087,0.038271,172.217.194.0-255,2902,232484,9,372116
41088,0.038276,172.31.36.0-255,66,232550,9,372116
41089,0.039209,172.217.194.0-255,2902,235452,9,372116
41090,0.039214,172.31.36.0-255,66,235518,9,372116
41091,0.040558,172.217.194.0-255,2902,238420,9,372116
41092,0.040563,172.31.36.0-255,66,238486,9,372116
41093,0.041526,172.217.194.0-255,2902,241388,9,372116
41094,0.041531,172.31.36.0-255,66,241454,9,372116
41095,0.042849,172.217.194.0-255,2902,244356,9,372116
41096,0.042854,172.31.36.0-255,66,244422,9,372116
41097,0.043819,172.217.194.0-255,2902,247324,9,372116
41098,0.043839,172.31.36.0-255,66,247390,9,372116
41099,0.045154,172.217.194.0-255,2902,250292,9,372116
41100,0.045159,172.31.36.0-255,66,250358,9,372116
41101,0.04615,172.217.194.0-255,2902,253260,9,372116
41102,0.046155,172.31.36.0-255,66,253326,9,372116
41103,0.047459,172.217.194.0-255,2902,256228,9,372116
41104,0.047464,172.31.36.0-255,66,256294,9,372116
41105,0.048441,172.217.194.0-255,2902,259196,9,372116
41106,0.048446,172.31.36.0-255,66,259262,9,372116
41107,0.049765,172.217.194.0-255,2902,262164,9,372116
41108,0.049772,172.31.36.0-255,66,262230,9,372116
41109,0.05075,172.217.194.0-255,2902,265132,9,372116
41110,0.050755,172.31.36.0-255,66,265198,9,372116
41111,0.052061,172.217.194.0-255,2902,268100,9,372116
41112,0.052066,172.31.36.0-255,66,268166,9,372116
41113,0.053036,172.217.194.0-255,2902,271068,9,372116
41114,0.053041,172.31.36.0-255,66,271134,9,372116
41115,0.05439,172.217.194.0-255,2902,274036,9,372116
41116,0.054396,172.31.36.0-255,66,274102,9,372116
41117,0.055344,172.217.194.0-255,2902,277004,9,372116
41118,0.055349,172.31.36.0-255,66,277070,9,372116
41119,0.056666,172.217.194.0-255,2902,279972,9,372116
41120,0.056671,172.31.36.0-255,66,280038,9,372116
41121,0.057643,172.217.194.0-255,2902,282940,9,372116
41122,0.057648,172.31.36.0-255,66,283006,9,372116
41123,0.058955,172.217.194.0-255,2902,285908,9,372116
41124,0.05896,172.31.36.0-255,66,285974,9,372116
41125,0.059953,172.217.194.0-255,2902,288876,9,372116
41126,0.059958,172.31.36.0-255,66,288942,9,372116
41127,0.061247,172.217.194.0-255,2902,291844,9,372116
41128,0.061252,172.31.36.0-255,66,291910,9,372116
41129,0.062246,172.217.194.0-255,2902,294812,9,372116
41130,0.062251,172.31.36.0-255,66,294878,9,372116
41131,0.063551,172.217.194.0-255,2902,297780,9,372116
41132,0.063557,172.31.36.0-255,66,297846,9,372116
41133,0.064596,172.217.194.0-255,2902,300748,9,372116
41134,0.064601,172.31.36.0-255,66,300814,9,372116
41135,0.065847,172.217.194.0-255,2902,303716,9,372116
41136,0.065852,172.31.36.0-255,66,303782,9,372116
41137,0.066928,172.217.194.0-255,2902,306684,9,372116
41138,0.066934,172.31.36.0-255,66,306750,9,372116
41139,0.068175,172.217.194.0-255,2902,309652,9,372116
41140,0.06818,172.31.36.0-255,66,309718,9,372116
41141,0.069251,172.217.194.0-255,2902,312620,9,372116
41142,0.069256,172.31.36.0-255,66,312686,9,372116
41143,0.070478,172.217.194.0-255,2902,315588,9,372116
41144,0.070484,172.31.36.0-255,66,315654,9,372116
41145,0.071554,172.217.194.0-255,2902,318556,9,372116
41146,0.071559,172.31.36.0-255,66,318622,9,372116
41147,0.072784,172.217.194.0-255,2902,321524,9,372116
41148,0.072789,172.31.36.0-255,66,321590,9,372116
41149,0.073838,172.217.194.0-255,2902,324492,9,372116
41150,0.073843,172.31.36.0-255,66,324558,9,372116
41151,0.075099,172.217.194.0-255,2902,327460,9,372116
41152,0.075104,172.31.36.0-255,66,327526,9,372116
41153,0.076149,172.217.194.0-255,2902,330428,9,372116
41154,0.076154,172.31.36.0-255,66,330494,9,372116
41155,0.077405,172.217.194.0-255,2902,333396,9,372116
41156,0.07741,172.31.36.0-255,66,333462,9,372116
41157,0.078423,172.217.194.0-255,2902,336364,9,372116
41158,0.078428,172.31.36.0-255,66,336430,9,372116
41159,0.079706,172.217.194.0-255,2902,339332,9,372116
41160,0.079711,172.31.36.0-255,66,339398,9,372116
41161,0.080717,172.217.194.0-255,2902,342300,9,372116
41162,0.080723,172.31.36.0-255,66,342366,9,372116
41163,0.08202,172.217.194.0-255,2902,345268,9,372116
41164,0.082025,172.31.36.0-255,66,345334,9,372116
41165,0.082993,172.217.194.0-255,2902,348236,9,372116
41166,0.082999,172.31.36.0-255,66,348302,9,372116
41167,0.084321,172.217.194.0-255,2902,351204,9,372116
41168,0.084326,172.31.36.0-255,66,351270,9,372116
41169,0.085298,172.217.194.0-255,2902,354172,9,372116
41170,0.085303,172.31.36.0-255,66,354238,9,372116
41171,0.086627,172.217.194.0-255,2902,357140,9,372116
41172,0.086632,172.31.36.0-255,66,357206,9,372116
41173,0.08759,172.217.194.0-255,2902,360108,9,372116
41174,0.087596,172.31.36.0-255,66,360174,9,372116
41175,0.088919,172.217.194.0-255,2902,363076,9,372116
41176,0.088923,172.31.36.0-255,66,363142,9,372116
41177,0.089911,172.217.194.0-255,2902,366044,9,372116
41178,0.089917,172.31.36.0-255,66,366110,9,372116
41179,0.091206,172.217.194.0-255,2902,369012,9,372116
41180,0.091211,172.31.36.0-255,66,369078,9,372116
41181,0.092211,172.217.194.0-255,2801,371879,9,372116
41182,0.092217,172.31.36.0-255,66,371945,9,372116
41183,0.092395,172.31.36.0-255,105,372050,9,372116
41184,0.094647,172.217.194.0-255,66,372116,9,372116
41185,0.0,74.125.68.0-255,297,297,9,350492
41186,3.2e-05,172.31.36.0-255,66,363,9,350492
41187,3.9e-05,74.125.68.0-255,1484,1847,9,350492
41188,4.4e-05,172.31.36.0-255,66,1913,9,350492
41189,5.6e-05,74.125.68.0-255,2902,4815,9,350492
41190,6e-05,172.31.36.0-255,66,4881,9,350492
41191,6.6e-05,74.125.68.0-255,5738,10619,9,350492
41192,6.9e-05,172.31.36.0-255,66,10685,9,350492
41193,7.2e-05,74.125.68.0-255,1484,12169,9,350492
41194,7.6e-05,172.31.36.0-255,66,12235,9,350492
41195,0.000109,74.125.68.0-255,1780,14015,9,350492
41196,0.000112,172.31.36.0-255,66,14081,9,350492
41197,0.000539,74.125.68.0-255,1484,15565,9,350492
41198,0.000545,172.31.36.0-255,66,15631,9,350492
41199,0.000555,74.125.68.0-255,2902,18533,9,350492
41200,0.000568,172.31.36.0-255,66,18599,9,350492
41201,0.000575,74.125.68.0-255,5738,24337,9,350492
41202,0.000578,172.31.36.0-255,66,24403,9,350492
41203,0.000602,74.125.68.0-255,1484,25887,9,350492
41204,0.00061,172.31.36.0-255,66,25953,9,350492
41205,0.000617,74.125.68.0-255,2902,28855,9,350492
41206,0.000619,172.31.36.0-255,66,28921,9,350492
41207,0.000652,74.125.68.0-255,2543,31464,9,350492
41208,0.000656,172.31.36.0-255,66,31530,9,350492
41209,0.000765,74.125.68.0-255,1484,33014,9,350492
41210,0.000772,172.31.36.0-255,66,33080,9,350492
41211,0.000777,74.125.68.0-255,1484,34564,9,350492
41212,0.000779,172.31.36.0-255,66,34630,9,350492
41213,0.0008,74.125.68.0-255,1484,36114,9,350492
41214,0.000808,172.31.36.0-255,66,36180,9,350492
41215,0.000811,74.125.68.0-255,1484,37664,9,350492
41216,0.000813,172.31.36.0-255,66,37730,9,350492
41217,0.000818,74.125.68.0-255,2902,40632,9,350492
41218,0.00082,172.31.36.0-255,66,40698,9,350492
41219,0.000845,74.125.68.0-255,5738,46436,9,350492
41220,0.000849,172.31.36.0-255,66,46502,9,350492
41221,0.000854,74.125.68.0-255,2543,49045,9,350492
41222,0.000856,172.31.36.0-255,66,49111,9,350492
41223,0.000885,74.125.68.0-255,2902,52013,9,350492
41224,0.000889,172.31.36.0-255,66,52079,9,350492
41225,0.000892,74.125.68.0-255,1484,53563,9,350492
41226,0.000931,74.125.68.0-255,5738,59301,9,350492
41227,0.000935,172.31.36.0-255,66,59367,9,350492
41228,0.000939,74.125.68.0-255,1484,60851,9,350492
41229,0.000977,74.125.68.0-255,1484,62335,9,350492
41230,0.000982,172.31.36.0-255,66,62401,9,350492
41231,0.00101,74.125.68.0-255,3961,66362,9,350492
41232,0.001014,172.31.36.0-255,66,66428,9,350492
41233,0.001833,74.125.68.0-255,646,67074,9,350492
41234,0.001929,74.125.68.0-255,1484,68558,9,350492
41235,0.001935,172.31.36.0-255,66,68624,9,350492
41236,0.001965,74.125.68.0-255,1484,70108,9,350492
41237,0.001983,74.125.68.0-255,2902,73010,9,350492
41238,0.001987,172.31.36.0-255,66,73076,9,350492
41239,0.002015,74.125.68.0-255,5738,78814,9,350492
41240,0.002018,172.31.36.0-255,66,78880,9,350492
41241,0.002046,74.125.68.0-255,7156,86036,9,350492
41242,0.002048,172.31.36.0-255,66,86102,9,350492
41243,0.00206,74.125.68.0-255,2902,89004,9,350492
41244,0.002066,172.31.36.0-255,66,89070,9,350492
41245,0.002092,74.125.68.0-255,2902,91972,9,350492
41246,0.002094,172.31.36.0-255,66,92038,9,350492
41247,0.002101,74.125.68.0-255,7156,99194,9,350492
41248,0.002103,172.31.36.0-255,66,99260,9,350492
41249,0.002111,74.125.68.0-255,2184,101444,9,350492
41250,0.002113,172.31.36.0-255,66,101510,9,350492
41251,0.004402,74.125.68.0-255,5738,107248,9,350492
41252,0.004406,172.31.36.0-255,66,107314,9,350492
41253,0.006709,74.125.68.0-255,5738,113052,9,350492
41254,0.006716,172.31.36.0-255,66,113118,9,350492
41255,0.009027,74.125.68.0-255,5738,118856,9,350492
41256,0.009035,172.31.36.0-255,66,118922,9,350492
41257,0.01134,74.125.68.0-255,5738,124660,9,350492
41258,0.011347,172.31.36.0-255,66,124726,9,350492
41259,0.013666,74.125.68.0-255,5738,130464,9,350492
41260,0.013674,172.31.36.0-255,66,130530,9,350492
41261,0.016006,74.125.68.0-255,5738,136268,9,350492
41262,0.016025,172.31.36.0-255,66,136334,9,350492
41263,0.018382,74.125.68.0-255,5738,142072,9,350492
41264,0.018392,172.31.36.0-255,66,142138,9,350492
41265,0.020737,74.125.68.0-255,5738,147876,9,350492
41266,0.020758,172.31.36.0-255,66,147942,9,350492
41267,0.023062,74.125.68.0-255,5738,153680,9,350492
41268,0.023069,172.31.36.0-255,66,153746,9,350492
41269,0.025386,74.125.68.0-255,5738,159484,9,350492
41270,0.025393,172.31.36.0-255,66,159550,9,350492
41271,0.027734,74.125.68.0-255,5738,165288,9,350492
41272,0.027745,172.31.36.0-255,66,165354,9,350492
41273,0.030087,74.125.68.0-255,5738,171092,9,350492
41274,0.030107,172.31.36.0-255,66,171158,9,350492
41275,0.032444,74.125.68.0-255,5738,176896,9,350492
41276,0.032463,172.31.36.0-255,66,176962,9,350492
41277,0.03479,74.125.68.0-255,5738,182700,9,350492
41278,0.034808,172.31.36.0-255,66,182766,9,350492
41279,0.037121,74.125.68.0-255,5738,188504,9,350492
41280,0.037129,172.31.36.0-255,66,188570,9,350492
41281,0.039461,74.125.68.0-255,5738,194308,9,350492
41282,0.039473,172.31.36.0-255,66,194374,9,350492
41283,0.041783,74.125.68.0-255,5738,200112,9,350492
41284,0.041792,172.31.36.0-255,66,200178,9,350492
41285,0.044104,74.125.68.0-255,5738,205916,9,350492
41286,0.044111,172.31.36.0-255,66,205982,9,350492
41287,0.04642,74.125.68.0-255,5738,211720,9,350492
41288,0.046429,172.31.36.0-255,66,211786,9,350492
41289,0.048736,74.125.68.0-255,5738,217524,9,350492
41290,0.048743,172.31.36.0-255,66,217590,9,350492
41291,0.051057,74.125.68.0-255,5738,223328,9,350492
41292,0.051065,172.31.36.0-255,66,223394,9,350492
41293,0.052489,172.31.36.0-255,176,223570,9,350492
41294,0.052545,172.31.36.0-255,1116,224686,9,350492
41295,0.052629,172.31.36.0-255,1514,226200,9,350492
41296,0.052631,172.31.36.0-255,1514,227714,9,350492
41297,0.052632,172.31.36.0-255,1514,229228,9,350492
41298,0.052633,172.31.36.0-255,368,229596,9,350492
41299,0.053371,74.125.68.0-255,2902,232498,9,350492
41300,0.053378,172.31.36.0-255,66,232564,9,350492
41301,0.053409,74.125.68.0-255,2902,235466,9,350492
41302,0.053413,172.31.36.0-255,66,235532,9,350492
41303,0.054008,104.244.42.0-255,66,235598,9,350492
41304,0.054091,104.244.42.0-255,66,235664,9,350492
41305,0.054183,104.244.42.0-255,66,235730,9,350492
41306,0.054186,104.244.42.0-255,66,235796,9,350492
41307,0.055666,74.125.68.0-255,2902,238698,9,350492
41308,0.055671,172.31.36.0-255,66,238764,9,350492
41309,0.05571,74.125.68.0-255,2902,241666,9,350492
41310,0.055713,172.31.36.0-255,66,241732,9,350492
41311,0.057969,74.125.68.0-255,2902,244634,9,350492
41312,0.057975,172.31.36.0-255,66,244700,9,350492
41313,0.05801,74.125.68.0-255,2902,247602,9,350492
41314,0.058013,172.31.36.0-255,66,247668,9,350492
41315,0.060272,74.125.68.0-255,2902,250570,9,350492
41316,0.060295,172.31.36.0-255,66,250636,9,350492
41317,0.060336,74.125.68.0-255,2902,253538,9,350492
41318,0.06034,172.31.36.0-255,66,253604,9,350492
41319,0.062656,74.125.68.0-255,5738,259342,9,350492
41320,0.062675,172.31.36.0-255,66,259408,9,350492
41321,0.06501,74.125.68.0-255,5738,265146,9,350492
41322,0.06503,172.31.36.0-255,66,265212,9,350492
41323,0.067356,74.125.68.0-255,5738,270950,9,350492
41324,0.067366,172.31.36.0-255,66,271016,9,350492
41325,0.069699,74.125.68.0-255,5738,276754,9,350492
41326,0.069716,172.31.36.0-255,66,276820,9,350492
41327,0.072021,74.125.68.0-255,5738,282558,9,350492
41328,0.072026,172.31.36.0-255,66,282624,9,350492
41329,0.074333,74.125.68.0-255,5738,288362,9,350492
41330,0.074339,172.31.36.0-255,66,288428,9,350492
41331,0.076655,74.125.68.0-255,5738,294166,9,350492
41332,0.076661,172.31.36.0-255,66,294232,9,350492
41333,0.078966,74.125.68.0-255,4320,298552,9,350492
41334,0.07897,172.31.36.0-255,66,298618,9,350492
41335,0.079002,74.125.68.0-255,1484,300102,9,350492
41336,0.081275,74.125.68.0-255,2902,303004,9,350492
41337,0.081279,172.31.36.0-255,66,303070,9,350492
41338,0.081309,74.125.68.0-255,1484,304554,9,350492
41339,0.083589,74.125.68.0-255,4320,308874,9,350492
41340,0.083593,172.31.36.0-255,66,308940,9,350492
41341,0.085892,74.125.68.0-255,2902,311842,9,350492
41342,0.085898,172.31.36.0-255,66,311908,9,350492
41343,0.085931,74.125.68.0-255,2902,314810,9,350492
41344,0.085934,172.31.36.0-255,66,314876,9,350492
41345,0.088193,74.125.68.0-255,2902,317778,9,350492
41346,0.088198,172.31.36.0-255,66,317844,9,350492
41347,0.088249,74.125.68.0-255,2902,320746,9,350492
41348,0.088253,172.31.36.0-255,66,320812,9,350492
41349,0.09051,74.125.68.0-255,2902,323714,9,350492
41350,0.090515,172.31.36.0-255,66,323780,9,350492
41351,0.090559,74.125.68.0-255,2902,326682,9,350492
41352,0.090562,172.31.36.0-255,66,326748,9,350492
41353,0.092811,74.125.68.0-255,2902,329650,9,350492
41354,0.092817,172.31.36.0-255,66,329716,9,350492
41355,0.092859,74.125.68.0-255,2902,332618,9,350492
41356,0.092863,172.31.36.0-255,66,332684,9,350492
41357,0.095133,74.125.68.0-255,2902,335586,9,350492
41358,0.095139,172.31.36.0-255,66,335652,9,350492
41359,0.095208,74.125.68.0-255,2902,338554,9,350492
41360,0.095213,172.31.36.0-255,66,338620,9,350492
41361,0.09745,74.125.68.0-255,2902,341522,9,350492
41362,0.097455,172.31.36.0-255,66,341588,9,350492
41363,0.097498,74.125.68.0-255,2902,344490,9,350492
41364,0.097501,172.31.36.0-255,66,344556,9,350492
41365,0.09975,74.125.68.0-255,2902,347458,9,350492
41366,0.099756,172.31.36.0-255,66,347524,9,350492
41367,0.0998,74.125.68.0-255,2902,350426,9,350492
41368,0.099804,172.31.36.0-255,66,350492,9,350492
41369,0.0,74.125.200.0-255,148,148,9,361762
41370,2.6e-05,172.31.36.0-255,66,214,9,361762
41371,3.4e-05,74.125.200.0-255,1484,1698,9,361762
41372,3.9e-05,172.31.36.0-255,66,1764,9,361762
41373,5.2e-05,74.125.200.0-255,2902,4666,9,361762
41374,5.5e-05,172.31.36.0-255,66,4732,9,361762
41375,6.4e-05,74.125.200.0-255,7156,11888,9,361762
41376,6.6e-05,172.31.36.0-255,66,11954,9,361762
41377,7e-05,74.125.200.0-255,2041,13995,9,361762
41378,7.4e-05,172.31.36.0-255,66,14061,9,361762
41379,0.000105,74.125.200.0-255,1484,15545,9,361762
41380,0.000108,172.31.36.0-255,66,15611,9,361762
41381,0.000142,172.31.36.0-255,66,15677,9,361762
41382,0.000148,74.125.200.0-255,5379,21056,9,361762
41383,0.000151,172.31.36.0-255,66,21122,9,361762
41384,0.000154,74.125.200.0-255,1484,22606,9,361762
41385,0.000156,172.31.36.0-255,66,22672,9,361762
41386,0.000161,74.125.200.0-255,2902,25574,9,361762
41387,0.000164,172.31.36.0-255,66,25640,9,361762
41388,0.000197,74.125.200.0-255,5738,31378,9,361762
41389,0.000203,172.31.36.0-255,66,31444,9,361762
41390,0.000208,74.125.200.0-255,2902,34346,9,361762
41391,0.00021,172.31.36.0-255,66,34412,9,361762
41392,0.000252,74.125.200.0-255,3961,38373,9,361762
41393,0.000255,172.31.36.0-255,66,38439,9,361762
41394,0.000303,74.125.200.0-255,1484,39923,9,361762
41395,0.000306,172.31.36.0-255,66,39989,9,361762
41396,0.00031,74.125.200.0-255,2902,42891,9,361762
41397,0.000312,172.31.36.0-255,66,42957,9,361762
41398,0.000317,74.125.200.0-255,2902,45859,9,361762
41399,0.000324,172.31.36.0-255,66,45925,9,361762
41400,0.000352,74.125.200.0-255,2902,48827,9,361762
41401,0.000359,172.31.36.0-255,66,48893,9,361762
41402,0.000363,74.125.200.0-255,2902,51795,9,361762
41403,0.000366,172.31.36.0-255,66,51861,9,361762
41404,0.000408,74.125.200.0-255,3961,55822,9,361762
41405,0.000411,172.31.36.0-255,66,55888,9,361762
41406,0.000413,74.125.200.0-255,649,56537,9,361762
41407,0.000905,74.125.200.0-255,1484,58021,9,361762
41408,0.000911,172.31.36.0-255,66,58087,9,361762
41409,0.000918,74.125.200.0-255,2902,60989,9,361762
41410,0.00092,172.31.36.0-255,66,61055,9,361762
41411,0.00096,74.125.200.0-255,5738,66793,9,361762
41412,0.000964,172.31.36.0-255,66,66859,9,361762
41413,0.000972,74.125.200.0-255,7156,74015,9,361762
41414,0.000974,172.31.36.0-255,66,74081,9,361762
41415,0.000983,74.125.200.0-255,2902,76983,9,361762
41416,0.000986,172.31.36.0-255,66,77049,9,361762
41417,0.001019,172.31.36.0-255,66,77115,9,361762
41418,0.001036,74.125.200.0-255,2184,79299,9,361762
41419,0.001042,172.31.36.0-255,66,79365,9,361762
41420,0.001228,74.125.200.0-255,1484,80849,9,361762
41421,0.00127,74.125.200.0-255,2902,83751,9,361762
41422,0.001274,172.31.36.0-255,66,83817,9,361762
41423,0.001278,74.125.200.0-255,1484,85301,9,361762
41424,0.001305,74.125.200.0-255,2902,88203,9,361762
41425,0.001308,172.31.36.0-255,66,88269,9,361762
41426,0.001312,74.125.200.0-255,1484,89753,9,361762
41427,0.001316,74.125.200.0-255,2902,92655,9,361762
41428,0.001318,172.31.36.0-255,66,92721,9,361762
41429,0.001349,74.125.200.0-255,1484,94205,9,361762
41430,0.001354,74.125.200.0-255,2902,97107,9,361762
41431,0.001356,172.31.36.0-255,66,97173,9,361762
41432,0.001397,74.125.200.0-255,4320,101493,9,361762
41433,0.0014,172.31.36.0-255,66,101559,9,361762
41434,0.001406,74.125.200.0-255,5738,107297,9,361762
41435,0.001408,172.31.36.0-255,66,107363,9,361762
41436,0.001435,74.125.200.0-255,1484,108847,9,361762
41437,0.001449,74.125.200.0-255,2902,111749,9,361762
41438,0.001451,172.31.36.0-255,66,111815,9,361762
41439,0.001467,74.125.200.0-255,2184,113999,9,361762
41440,0.00147,172.31.36.0-255,66,114065,9,361762
41441,0.00156,172.31.36.0-255,101,114166,9,361762
41442,0.001697,74.125.200.0-255,1484,115650,9,361762
41443,0.001703,74.125.200.0-255,2902,118552,9,361762
41444,0.001706,172.31.36.0-255,66,118618,9,361762
41445,0.001744,74.125.200.0-255,4320,122938,9,361762
41446,0.001747,172.31.36.0-255,66,123004,9,361762
41447,0.001751,74.125.200.0-255,1484,124488,9,361762
41448,0.001782,74.125.200.0-255,4320,128808,9,361762
41449,0.001784,172.31.36.0-255,66,128874,9,361762
41450,0.001816,74.125.200.0-255,5738,134612,9,361762
41451,0.001819,172.31.36.0-255,66,134678,9,361762
41452,0.001828,74.125.200.0-255,7156,141834,9,361762
41453,0.001829,172.31.36.0-255,66,141900,9,361762
41454,0.001864,74.125.200.0-255,6438,148338,9,361762
41455,0.001869,172.31.36.0-255,66,148404,9,361762
41456,0.00199,74.125.200.0-255,1484,149888,9,361762
41457,0.001994,74.125.200.0-255,1484,151372,9,361762
41458,0.001997,172.31.36.0-255,66,151438,9,361762
41459,0.002028,74.125.200.0-255,1484,152922,9,361762
41460,0.002034,74.125.200.0-255,5738,158660,9,361762
41461,0.002039,172.31.36.0-255,66,158726,9,361762
41462,0.002066,172.31.36.0-255,66,158792,9,361762
41463,0.002069,74.125.200.0-255,1484,160276,9,361762
41464,0.002089,74.125.200.0-255,5738,166014,9,361762
41465,0.002092,172.31.36.0-255,66,166080,9,361762
41466,0.002114,74.125.200.0-255,4320,170400,9,361762
41467,0.002116,172.31.36.0-255,66,170466,9,361762
41468,0.00212,74.125.200.0-255,2184,172650,9,361762
41469,0.002123,172.31.36.0-255,66,172716,9,361762
41470,0.002251,74.125.200.0-255,1484,174200,9,361762
41471,0.002271,74.125.200.0-255,1484,175684,9,361762
41472,0.002274,172.31.36.0-255,66,175750,9,361762
41473,0.002305,74.125.200.0-255,1484,177234,9,361762
41474,0.002313,74.125.200.0-255,5738,182972,9,361762
41475,0.002317,172.31.36.0-255,66,183038,9,361762
41476,0.002323,74.125.200.0-255,4320,187358,9,361762
41477,0.002325,172.31.36.0-255,66,187424,9,361762
41478,0.002365,74.125.200.0-255,1484,188908,9,361762
41479,0.002374,74.125.200.0-255,7156,196064,9,361762
41480,0.002377,172.31.36.0-255,66,196130,9,361762
41481,0.002389,172.31.36.0-255,66,196196,9,361762
41482,0.002415,74.125.200.0-255,2184,198380,9,361762
41483,0.002417,172.31.36.0-255,66,198446,9,361762
41484,0.002436,172.31.36.0-255,66,198512,9,361762
41485,0.00245,74.125.200.0-255,7156,205668,9,361762
41486,0.002453,172.31.36.0-255,66,205734,9,361762
41487,0.002467,74.125.200.0-255,1484,207218,9,361762
41488,0.002471,74.125.200.0-255,2902,210120,9,361762
41489,0.002474,172.31.36.0-255,66,210186,9,361762
41490,0.002514,74.125.200.0-255,7156,217342,9,361762
41491,0.002517,172.31.36.0-255,66,217408,9,361762
41492,0.002523,74.125.200.0-255,3602,221010,9,361762
41493,0.002526,172.31.36.0-255,66,221076,9,361762
41494,0.002532,74.125.200.0-255,4320,225396,9,361762
41495,0.002539,172.31.36.0-255,66,225462,9,361762
41496,0.002553,172.31.36.0-255,66,225528,9,361762
41497,0.002559,74.125.200.0-255,4320,229848,9,361762
41498,0.002565,172.31.36.0-255,66,229914,9,361762
41499,0.002601,74.125.200.0-255,2902,232816,9,361762
41500,0.002605,172.31.36.0-255,66,232882,9,361762
41501,0.002618,74.125.200.0-255,3602,236484,9,361762
41502,0.002651,74.125.200.0-255,4320,240804,9,361762
41503,0.002658,74.125.200.0-255,5738,246542,9,361762
41504,0.002672,74.125.200.0-255,1484,248026,9,361762
41505,0.00403,74.125.200.0-255,66,248092,9,361762
41506,0.008807,172.31.36.0-255,66,248158,9,361762
41507,0.011354,74.125.200.0-255,5738,253896,9,361762
41508,0.011372,172.31.36.0-255,66,253962,9,361762
41509,0.013904,74.125.200.0-255,5738,259700,9,361762
41510,0.013923,172.31.36.0-255,66,259766,9,361762
41511,0.016488,74.125.200.0-255,5738,265504,9,361762
41512,0.016507,172.31.36.0-255,66,265570,9,361762
41513,0.019041,74.125.200.0-255,5738,271308,9,361762
41514,0.019063,172.31.36.0-255,66,271374,9,361762
41515,0.021603,74.125.200.0-255,5738,277112,9,361762
41516,0.021619,172.31.36.0-255,66,277178,9,361762
41517,0.024162,74.125.200.0-255,5738,282916,9,361762
41518,0.024177,172.31.36.0-255,66,282982,9,361762
41519,0.02673,74.125.200.0-255,5738,288720,9,361762
41520,0.026742,172.31.36.0-255,66,288786,9,361762
41521,0.029283,74.125.200.0-255,5738,294524,9,361762
41522,0.029296,172.31.36.0-255,66,294590,9,361762
41523,0.031832,74.125.200.0-255,5738,300328,9,361762
41524,0.031848,172.31.36.0-255,66,300394,9,361762
41525,0.034372,74.125.200.0-255,5738,306132,9,361762
41526,0.03441,172.31.36.0-255,66,306198,9,361762
41527,0.036951,74.125.200.0-255,5738,311936,9,361762
41528,0.03697,172.31.36.0-255,66,312002,9,361762
41529,0.039546,74.125.200.0-255,5738,317740,9,361762
41530,0.039556,172.31.36.0-255,66,317806,9,361762
41531,0.040368,172.31.36.0-255,176,317982,9,361762
41532,0.040401,172.31.36.0-255,1115,319097,9,361762
41533,0.040471,172.31.36.0-255,1514,320611,9,361762
41534,0.040492,172.31.36.0-255,1514,322125,9,361762
41535,0.040494,172.31.36.0-255,1514,323639,9,361762
41536,0.040515,172.31.36.0-255,1514,325153,9,361762
41537,0.040517,172.31.36.0-255,1487,326640,9,361762
41538,0.041932,104.244.42.0-255,66,326706,9,361762
41539,0.04197,104.244.42.0-255,66,326772,9,361762
41540,0.042031,104.244.42.0-255,66,326838,9,361762
41541,0.042063,74.125.200.0-255,5738,332576,9,361762
41542,0.042079,172.31.36.0-255,66,332642,9,361762
41543,0.042089,104.244.42.0-255,66,332708,9,361762
41544,0.04461,74.125.200.0-255,5738,338446,9,361762
41545,0.044622,172.31.36.0-255,66,338512,9,361762
41546,0.047145,74.125.200.0-255,5738,344250,9,361762
41547,0.047157,172.31.36.0-255,66,344316,9,361762
41548,0.049698,74.125.200.0-255,5738,350054,9,361762
41549,0.049715,172.31.36.0-255,66,350120,9,361762
41550,0.052257,74.125.200.0-255,5738,355858,9,361762
41551,0.052266,172.31.36.0-255,66,355924,9,361762
41552,0.054788,74.125.200.0-255,5601,361525,9,361762
41553,0.054797,172.31.36.0-255,66,361591,9,361762
41554,0.055034,172.31.36.0-255,105,361696,9,361762
41555,0.061644,74.125.200.0-255,66,361762,9,361762
41556,0.0,172.217.194.0-255,153,153,9,208285
41557,2.1e-05,172.31.36.0-255,66,219,9,208285
41558,2.8e-05,172.217.194.0-255,1484,1703,9,208285
41559,3.3e-05,172.31.36.0-255,66,1769,9,208285
41560,3.8e-05,172.217.194.0-255,2902,4671,9,208285
41561,4.1e-05,172.31.36.0-255,66,4737,9,208285
41562,5.5e-05,172.217.194.0-255,4320,9057,9,208285
41563,5.7e-05,172.31.36.0-255,66,9123,9,208285
41564,7e-05,172.31.36.0-255,66,9189,9,208285
41565,8.9e-05,172.217.194.0-255,4320,13509,9,208285
41566,9.2e-05,172.31.36.0-255,66,13575,9,208285
41567,0.000131,172.31.36.0-255,66,13641,9,208285
41568,0.000143,172.217.194.0-255,1484,15125,9,208285
41569,0.000149,172.31.36.0-255,66,15191,9,208285
41570,0.000155,172.217.194.0-255,2902,18093,9,208285
41571,0.000158,172.31.36.0-255,66,18159,9,208285
41572,0.00019,172.217.194.0-255,4320,22479,9,208285
41573,0.000192,172.31.36.0-255,66,22545,9,208285
41574,0.000217,172.217.194.0-255,1484,24029,9,208285
41575,0.00022,172.31.36.0-255,66,24095,9,208285
41576,0.000241,172.31.36.0-255,66,24161,9,208285
41577,0.000247,172.217.194.0-255,5738,29899,9,208285
41578,0.00025,172.31.36.0-255,66,29965,9,208285
41579,0.000283,172.217.194.0-255,4273,34238,9,208285
41580,0.000285,172.31.36.0-255,66,34304,9,208285
41581,0.000288,172.217.194.0-255,99,34403,9,208285
41582,0.00029,172.31.36.0-255,66,34469,9,208285
41583,0.000311,172.217.194.0-255,1484,35953,9,208285
41584,0.000314,172.31.36.0-255,66,36019,9,208285
41585,0.000319,172.217.194.0-255,2902,38921,9,208285
41586,0.000321,172.31.36.0-255,66,38987,9,208285
41587,0.000358,172.217.194.0-255,7156,46143,9,208285
41588,0.000361,172.31.36.0-255,66,46209,9,208285
41589,0.000364,172.217.194.0-255,1484,47693,9,208285
41590,0.000406,172.217.194.0-255,2902,50595,9,208285
41591,0.00041,172.31.36.0-255,66,50661,9,208285
41592,0.000419,172.31.36.0-255,66,50727,9,208285
41593,0.00043,172.217.194.0-255,5738,56465,9,208285
41594,0.000432,172.31.36.0-255,66,56531,9,208285
41595,0.00047,172.217.194.0-255,3961,60492,9,208285
41596,0.000474,172.31.36.0-255,66,60558,9,208285
41597,0.000799,172.217.194.0-255,1484,62042,9,208285
41598,0.000805,172.217.194.0-255,2902,64944,9,208285
41599,0.000812,172.31.36.0-255,66,65010,9,208285
41600,0.000828,172.217.194.0-255,5738,70748,9,208285
41601,0.000832,172.31.36.0-255,66,70814,9,208285
41602,0.000851,172.217.194.0-255,5738,76552,9,208285
41603,0.000853,172.31.36.0-255,66,76618,9,208285
41604,0.000883,172.217.194.0-255,7156,83774,9,208285
41605,0.000886,172.31.36.0-255,66,83840,9,208285
41606,0.000904,172.31.36.0-255,66,83906,9,208285
41607,0.001912,172.217.194.0-255,1484,85390,9,208285
41608,0.00192,172.217.194.0-255,2902,88292,9,208285
41609,0.001925,172.31.36.0-255,66,88358,9,208285
41610,0.001933,172.217.194.0-255,5738,94096,9,208285
41611,0.001936,172.31.36.0-255,66,94162,9,208285
41612,0.001957,172.217.194.0-255,4320,98482,9,208285
41613,0.00196,172.31.36.0-255,66,98548,9,208285
41614,0.001995,172.31.36.0-255,66,98614,9,208285
41615,0.002007,172.31.36.0-255,66,98680,9,208285
41616,0.002223,172.217.194.0-255,1484,100164,9,208285
41617,0.002238,172.217.194.0-255,1484,101648,9,208285
41618,0.002241,172.31.36.0-255,66,101714,9,208285
41619,0.002247,172.217.194.0-255,4320,106034,9,208285
41620,0.00225,172.31.36.0-255,66,106100,9,208285
41621,0.002298,172.31.36.0-255,66,106166,9,208285
41622,0.002301,172.217.194.0-255,1484,107650,9,208285
41623,0.002304,172.31.36.0-255,78,107728,9,208285
41624,0.002312,172.217.194.0-255,7156,114884,9,208285
41625,0.00232,172.31.36.0-255,78,114962,9,208285
41626,0.002357,172.217.194.0-255,5738,120700,9,208285
41627,0.002361,172.31.36.0-255,66,120766,9,208285
41628,0.002365,172.217.194.0-255,2184,122950,9,208285
41629,0.002367,172.31.36.0-255,66,123016,9,208285
41630,0.002392,172.217.194.0-255,1484,124500,9,208285
41631,0.002396,172.217.194.0-255,1484,125984,9,208285
41632,0.002399,172.31.36.0-255,66,126050,9,208285
41633,0.002424,172.217.194.0-255,1484,127534,9,208285
41634,0.00243,172.217.194.0-255,5738,133272,9,208285
41635,0.002433,172.31.36.0-255,66,133338,9,208285
41636,0.002436,172.217.194.0-255,1484,134822,9,208285
41637,0.002455,172.31.36.0-255,66,134888,9,208285
41638,0.002525,172.31.36.0-255,66,134954,9,208285
41639,0.002551,172.217.194.0-255,3602,138556,9,208285
41640,0.002554,172.31.36.0-255,66,138622,9,208285
41641,0.002583,172.217.194.0-255,1484,140106,9,208285
41642,0.002596,172.217.194.0-255,2902,143008,9,208285
41643,0.002598,172.31.36.0-255,66,143074,9,208285
41644,0.002627,172.217.194.0-255,5738,148812,9,208285
41645,0.00263,172.31.36.0-255,66,148878,9,208285
41646,0.002648,172.217.194.0-255,7156,156034,9,208285
41647,0.00265,172.31.36.0-255,66,156100,9,208285
41648,0.002679,172.217.194.0-255,5738,161838,9,208285
41649,0.002696,172.217.194.0-255,7156,168994,9,208285
41650,0.002717,172.217.194.0-255,7156,176150,9,208285
41651,0.002755,172.217.194.0-255,4320,180470,9,208285
41652,0.002758,172.217.194.0-255,2184,182654,9,208285
41653,0.002761,172.217.194.0-255,1484,184138,9,208285
41654,0.002779,172.217.194.0-255,1484,185622,9,208285
41655,0.002785,172.217.194.0-255,5738,191360,9,208285
41656,0.002798,172.217.194.0-255,1484,192844,9,208285
41657,0.002804,172.217.194.0-255,4320,197164,9,208285
41658,0.002838,172.217.194.0-255,6438,203602,9,208285
41659,0.002851,172.217.194.0-255,1484,205086,9,208285
41660,0.002933,172.217.194.0-255,1484,206570,9,208285
41661,0.003012,172.217.194.0-255,105,206675,9,208285
41662,0.004783,172.31.36.0-255,66,206741,9,208285
41663,0.007891,172.31.36.0-255,105,206846,9,208285
41664,0.010097,172.217.194.0-255,66,206912,9,208285
41665,0.058815,172.31.36.0-255,171,207083,9,208285
41666,0.058844,172.31.36.0-255,1070,208153,9,208285
41667,0.060397,104.244.42.0-255,66,208219,9,208285
41668,0.060417,104.244.42.0-255,66,208285,9,208285
41669,0.0,74.125.24.0-255,153,153,9,356493
41670,2.9e-05,172.31.36.0-255,66,219,9,356493
41671,3.7e-05,74.125.24.0-255,1484,1703,9,356493
41672,4.1e-05,172.31.36.0-255,66,1769,9,356493
41673,4.6e-05,74.125.24.0-255,2902,4671,9,356493
41674,4.9e-05,172.31.36.0-255,66,4737,9,356493
41675,5.7e-05,74.125.24.0-255,7156,11893,9,356493
41676,6e-05,172.31.36.0-255,66,11959,9,356493
41677,8.6e-05,74.125.24.0-255,6329,18288,9,356493
41678,8.9e-05,172.31.36.0-255,66,18354,9,356493
41679,9.2e-05,74.125.24.0-255,1484,19838,9,356493
41680,9.4e-05,172.31.36.0-255,66,19904,9,356493
41681,0.000114,74.125.24.0-255,5738,25642,9,356493
41682,0.000116,172.31.36.0-255,66,25708,9,356493
41683,0.000175,172.31.36.0-255,66,25774,9,356493
41684,0.000182,74.125.24.0-255,6438,32212,9,356493
41685,0.000184,172.31.36.0-255,66,32278,9,356493
41686,0.000526,74.125.24.0-255,1484,33762,9,356493
41687,0.000531,172.31.36.0-255,66,33828,9,356493
41688,0.000537,74.125.24.0-255,2902,36730,9,356493
41689,0.000539,172.31.36.0-255,66,36796,9,356493
41690,0.000546,74.125.24.0-255,5738,42534,9,356493
41691,0.000549,172.31.36.0-255,66,42600,9,356493
41692,0.000552,74.125.24.0-255,1484,44084,9,356493
41693,0.000554,172.31.36.0-255,66,44150,9,356493
41694,0.0006,74.125.24.0-255,5379,49529,9,356493
41695,0.000604,172.31.36.0-255,66,49595,9,356493
41696,0.000656,74.125.24.0-255,1484,51079,9,356493
41697,0.000659,172.31.36.0-255,66,51145,9,356493
41698,0.000663,74.125.24.0-255,1484,52629,9,356493
41699,0.000665,172.31.36.0-255,66,52695,9,356493
41700,0.000679,74.125.24.0-255,1484,54179,9,356493
41701,0.000685,74.125.24.0-255,4320,58499,9,356493
41702,0.000688,172.31.36.0-255,66,58565,9,356493
41703,0.000713,74.125.24.0-255,1484,60049,9,356493
41704,0.000721,74.125.24.0-255,6797,66846,9,356493
41705,0.000724,172.31.36.0-255,66,66912,9,356493
41706,0.000727,74.125.24.0-255,645,67557,9,356493
41707,0.000769,74.125.24.0-255,1484,69041,9,356493
41708,0.000773,172.31.36.0-255,66,69107,9,356493
41709,0.000779,74.125.24.0-255,4320,73427,9,356493
41710,0.000783,172.31.36.0-255,66,73493,9,356493
41711,0.000794,74.125.24.0-255,1484,74977,9,356493
41712,0.000825,172.31.36.0-255,66,75043,9,356493
41713,0.000843,74.125.24.0-255,1125,76168,9,356493
41714,0.001045,172.31.36.0-255,66,76234,9,356493
41715,0.001658,74.125.24.0-255,1484,77718,9,356493
41716,0.00167,74.125.24.0-255,2902,80620,9,356493
41717,0.001674,172.31.36.0-255,66,80686,9,356493
41718,0.001681,74.125.24.0-255,4320,85006,9,356493
41719,0.001683,172.31.36.0-255,66,85072,9,356493
41720,0.001725,172.31.36.0-255,66,85138,9,356493
41721,0.00173,74.125.24.0-255,2902,88040,9,356493
41722,0.001732,172.31.36.0-255,66,88106,9,356493
41723,0.001768,172.31.36.0-255,66,88172,9,356493
41724,0.001772,74.125.24.0-255,766,88938,9,356493
41725,0.001816,74.125.24.0-255,1484,90422,9,356493
41726,0.001818,172.31.36.0-255,66,90488,9,356493
41727,0.001831,74.125.24.0-255,2902,93390,9,356493
41728,0.001833,172.31.36.0-255,66,93456,9,356493
41729,0.001857,74.125.24.0-255,5738,99194,9,356493
41730,0.00186,172.31.36.0-255,66,99260,9,356493
41731,0.001875,74.125.24.0-255,2902,102162,9,356493
41732,0.001877,172.31.36.0-255,66,102228,9,356493
41733,0.001902,74.125.24.0-255,4320,106548,9,356493
41734,0.001904,172.31.36.0-255,66,106614,9,356493
41735,0.001914,172.31.36.0-255,66,106680,9,356493
41736,0.001934,74.125.24.0-255,2902,109582,9,356493
41737,0.001936,172.31.36.0-255,66,109648,9,356493
41738,0.001955,74.125.24.0-255,5020,114668,9,356493
41739,0.001957,172.31.36.0-255,66,114734,9,356493
41740,0.00428,74.125.24.0-255,5738,120472,9,356493
41741,0.004285,172.31.36.0-255,66,120538,9,356493
41742,0.006618,74.125.24.0-255,5738,126276,9,356493
41743,0.006624,172.31.36.0-255,66,126342,9,356493
41744,0.008992,74.125.24.0-255,5738,132080,9,356493
41745,0.008998,172.31.36.0-255,66,132146,9,356493
41746,0.011359,74.125.24.0-255,5738,137884,9,356493
41747,0.011367,172.31.36.0-255,66,137950,9,356493
41748,0.013724,74.125.24.0-255,5738,143688,9,356493
41749,0.013733,172.31.36.0-255,66,143754,9,356493
41750,0.016075,74.125.24.0-255,5738,149492,9,356493
41751,0.016089,172.31.36.0-255,66,149558,9,356493
41752,0.018449,74.125.24.0-255,5738,155296,9,356493
41753,0.018457,172.31.36.0-255,66,155362,9,356493
41754,0.020769,74.125.24.0-255,5738,161100,9,356493
41755,0.020778,172.31.36.0-255,66,161166,9,356493
41756,0.023163,74.125.24.0-255,5738,166904,9,356493
41757,0.023172,172.31.36.0-255,66,166970,9,356493
41758,0.025514,74.125.24.0-255,5738,172708,9,356493
41759,0.025524,172.31.36.0-255,66,172774,9,356493
41760,0.027887,74.125.24.0-255,5738,178512,9,356493
41761,0.027895,172.31.36.0-255,66,178578,9,356493
41762,0.030221,74.125.24.0-255,5738,184316,9,356493
41763,0.03023,172.31.36.0-255,66,184382,9,356493
41764,0.032595,74.125.24.0-255,5738,190120,9,356493
41765,0.032604,172.31.36.0-255,66,190186,9,356493
41766,0.034942,74.125.24.0-255,5738,195924,9,356493
41767,0.034952,172.31.36.0-255,66,195990,9,356493
41768,0.037299,74.125.24.0-255,5738,201728,9,356493
41769,0.037308,172.31.36.0-255,66,201794,9,356493
41770,0.039623,74.125.24.0-255,5738,207532,9,356493
41771,0.03963,172.31.36.0-255,66,207598,9,356493
41772,0.041998,74.125.24.0-255,5738,213336,9,356493
41773,0.042005,172.31.36.0-255,66,213402,9,356493
41774,0.044352,74.125.24.0-255,5738,219140,9,356493
41775,0.044361,172.31.36.0-255,66,219206,9,356493
41776,0.046427,172.31.36.0-255,172,219378,9,356493
41777,0.046458,172.31.36.0-255,1116,220494,9,356493
41778,0.046505,172.31.36.0-255,1514,222008,9,356493
41779,0.046507,172.31.36.0-255,1514,223522,9,356493
41780,0.046511,172.31.36.0-255,1514,225036,9,356493
41781,0.046513,172.31.36.0-255,106,225142,9,356493
41782,0.046668,74.125.24.0-255,5738,230880,9,356493
41783,0.046674,172.31.36.0-255,66,230946,9,356493
41784,0.047968,104.244.42.0-255,66,231012,9,356493
41785,0.04802,104.244.42.0-255,66,231078,9,356493
41786,0.048067,104.244.42.0-255,66,231144,9,356493
41787,0.048072,104.244.42.0-255,66,231210,9,356493
41788,0.049001,74.125.24.0-255,5738,236948,9,356493
41789,0.049006,172.31.36.0-255,66,237014,9,356493
41790,0.051351,74.125.24.0-255,5738,242752,9,356493
41791,0.051358,172.31.36.0-255,66,242818,9,356493
41792,0.051472,172.31.36.0-255,101,242919,9,356493
41793,0.053778,74.125.24.0-255,5738,248657,9,356493
41794,0.053783,172.31.36.0-255,66,248723,9,356493
41795,0.053802,74.125.24.0-255,66,248789,9,356493
41796,0.05612,74.125.24.0-255,4320,253109,9,356493
41797,0.056126,172.31.36.0-255,66,253175,9,356493
41798,0.056156,74.125.24.0-255,1484,254659,9,356493
41799,0.058461,74.125.24.0-255,4320,258979,9,356493
41800,0.058467,172.31.36.0-255,66,259045,9,356493
41801,0.060797,74.125.24.0-255,5738,264783,9,356493
41802,0.060802,172.31.36.0-255,66,264849,9,356493
41803,0.063132,74.125.24.0-255,5738,270587,9,356493
41804,0.063138,172.31.36.0-255,66,270653,9,356493
41805,0.065451,74.125.24.0-255,5738,276391,9,356493
41806,0.065456,172.31.36.0-255,66,276457,9,356493
41807,0.067789,74.125.24.0-255,5738,282195,9,356493
41808,0.067795,172.31.36.0-255,66,282261,9,356493
41809,0.070129,74.125.24.0-255,5738,287999,9,356493
41810,0.070134,172.31.36.0-255,66,288065,9,356493
41811,0.072468,74.125.24.0-255,5738,293803,9,356493
41812,0.072474,172.31.36.0-255,66,293869,9,356493
41813,0.074877,74.125.24.0-255,5738,299607,9,356493
41814,0.074882,172.31.36.0-255,66,299673,9,356493
41815,0.077214,74.125.24.0-255,5738,305411,9,356493
41816,0.077219,172.31.36.0-255,66,305477,9,356493
41817,0.079563,74.125.24.0-255,5738,311215,9,356493
41818,0.079569,172.31.36.0-255,66,311281,9,356493
41819,0.081895,74.125.24.0-255,5738,317019,9,356493
41820,0.0819,172.31.36.0-255,66,317085,9,356493
41821,0.084214,74.125.24.0-255,4320,321405,9,356493
41822,0.084219,172.31.36.0-255,66,321471,9,356493
41823,0.084249,74.125.24.0-255,1484,322955,9,356493
41824,0.086569,74.125.24.0-255,4320,327275,9,356493
41825,0.086575,172.31.36.0-255,66,327341,9,356493
41826,0.088924,74.125.24.0-255,5738,333079,9,356493
41827,0.088929,172.31.36.0-255,66,333145,9,356493
41828,0.09127,74.125.24.0-255,5738,338883,9,356493
41829,0.091276,172.31.36.0-255,66,338949,9,356493
41830,0.093629,74.125.24.0-255,5738,344687,9,356493
41831,0.093635,172.31.36.0-255,66,344753,9,356493
41832,0.095997,74.125.24.0-255,5738,350491,9,356493
41833,0.096002,172.31.36.0-255,66,350557,9,356493
41834,0.098347,74.125.24.0-255,2902,353459,9,356493
41835,0.098352,172.31.36.0-255,66,353525,9,356493
41836,0.098385,74.125.24.0-255,2902,356427,9,356493
41837,0.098388,172.31.36.0-255,66,356493,9,356493
41838,0.0,74.125.68.0-255,296,296,9,340074
41839,2e-05,172.31.36.0-255,66,362,9,340074
41840,2.6e-05,74.125.68.0-255,1484,1846,9,340074
41841,3.1e-05,172.31.36.0-255,66,1912,9,340074
41842,3.4e-05,74.125.68.0-255,1484,3396,9,340074
41843,3.7e-05,172.31.36.0-255,66,3462,9,340074
41844,5.1e-05,74.125.68.0-255,2902,6364,9,340074
41845,5.4e-05,172.31.36.0-255,66,6430,9,340074
41846,6.1e-05,74.125.68.0-255,5738,12168,9,340074
41847,6.5e-05,172.31.36.0-255,66,12234,9,340074
41848,0.000134,74.125.68.0-255,6030,18264,9,340074
41849,0.000137,172.31.36.0-255,66,18330,9,340074
41850,0.000252,74.125.68.0-255,4320,22650,9,340074
41851,0.000256,172.31.36.0-255,66,22716,9,340074
41852,0.000286,74.125.68.0-255,2902,25618,9,340074
41853,0.000289,172.31.36.0-255,66,25684,9,340074
41854,0.000384,74.125.68.0-255,5379,31063,9,340074
41855,0.000388,172.31.36.0-255,66,31129,9,340074
41856,0.000488,74.125.68.0-255,5738,36867,9,340074
41857,0.000493,172.31.36.0-255,66,36933,9,340074
41858,0.000518,172.31.36.0-255,66,36999,9,340074
41859,0.000772,74.125.68.0-255,7156,44155,9,340074
41860,0.000777,172.31.36.0-255,66,44221,9,340074
41861,0.000821,172.31.36.0-255,66,44287,9,340074
41862,0.001112,74.125.68.0-255,111,44398,9,340074
41863,0.001116,172.31.36.0-255,66,44464,9,340074
41864,0.001121,74.125.68.0-255,331,44795,9,340074
41865,0.001123,172.31.36.0-255,66,44861,9,340074
41866,0.001146,74.125.68.0-255,2902,47763,9,340074
41867,0.001153,172.31.36.0-255,66,47829,9,340074
41868,0.001206,74.125.68.0-255,7156,54985,9,340074
41869,0.001225,172.31.36.0-255,66,55051,9,340074
41870,0.001343,74.125.68.0-255,6246,61297,9,340074
41871,0.001347,172.31.36.0-255,66,61363,9,340074
41872,0.001654,74.125.68.0-255,1484,62847,9,340074
41873,0.001714,74.125.68.0-255,1484,64331,9,340074
41874,0.001719,172.31.36.0-255,66,64397,9,340074
41875,0.001743,74.125.68.0-255,2902,67299,9,340074
41876,0.001774,74.125.68.0-255,1484,68783,9,340074
41877,0.001786,74.125.68.0-255,2902,71685,9,340074
41878,0.001848,74.125.68.0-255,1484,73169,9,340074
41879,0.001891,74.125.68.0-255,2902,76071,9,340074
41880,0.00194,74.125.68.0-255,5738,81809,9,340074
41881,0.002051,74.125.68.0-255,4320,86129,9,340074
41882,0.002068,74.125.68.0-255,2902,89031,9,340074
41883,0.002185,74.125.68.0-255,1484,90515,9,340074
41884,0.002206,74.125.68.0-255,5020,95535,9,340074
41885,0.006723,172.31.36.0-255,66,95601,9,340074
41886,0.008975,74.125.68.0-255,5738,101339,9,340074
41887,0.008988,172.31.36.0-255,66,101405,9,340074
41888,0.011241,74.125.68.0-255,5738,107143,9,340074
41889,0.011253,172.31.36.0-255,66,107209,9,340074
41890,0.013513,74.125.68.0-255,5738,112947,9,340074
41891,0.013529,172.31.36.0-255,66,113013,9,340074
41892,0.015782,74.125.68.0-255,5738,118751,9,340074
41893,0.015794,172.31.36.0-255,66,118817,9,340074
41894,0.01806,74.125.68.0-255,5738,124555,9,340074
41895,0.018075,172.31.36.0-255,66,124621,9,340074
41896,0.02033,74.125.68.0-255,5738,130359,9,340074
41897,0.020341,172.31.36.0-255,66,130425,9,340074
41898,0.022583,74.125.68.0-255,5738,136163,9,340074
41899,0.022588,172.31.36.0-255,66,136229,9,340074
41900,0.024846,74.125.68.0-255,5738,141967,9,340074
41901,0.024862,172.31.36.0-255,66,142033,9,340074
41902,0.027113,74.125.68.0-255,5738,147771,9,340074
41903,0.027124,172.31.36.0-255,66,147837,9,340074
41904,0.029371,74.125.68.0-255,5738,153575,9,340074
41905,0.029382,172.31.36.0-255,66,153641,9,340074
41906,0.031639,74.125.68.0-255,5738,159379,9,340074
41907,0.03165,172.31.36.0-255,66,159445,9,340074
41908,0.033902,74.125.68.0-255,5738,165183,9,340074
41909,0.033914,172.31.36.0-255,66,165249,9,340074
41910,0.036171,74.125.68.0-255,5738,170987,9,340074
41911,0.036185,172.31.36.0-255,66,171053,9,340074
41912,0.03843,74.125.68.0-255,5738,176791,9,340074
41913,0.038442,172.31.36.0-255,66,176857,9,340074
41914,0.040716,74.125.68.0-255,5738,182595,9,340074
41915,0.04074,172.31.36.0-255,66,182661,9,340074
41916,0.042998,74.125.68.0-255,5738,188399,9,340074
41917,0.043012,172.31.36.0-255,66,188465,9,340074
41918,0.045278,74.125.68.0-255,5738,194203,9,340074
41919,0.045293,172.31.36.0-255,66,194269,9,340074
41920,0.047565,74.125.68.0-255,5738,200007,9,340074
41921,0.047579,172.31.36.0-255,66,200073,9,340074
41922,0.048852,172.31.36.0-255,219,200292,9,340074
41923,0.048887,172.31.36.0-255,960,201252,9,340074
41924,0.048973,172.31.36.0-255,1514,202766,9,340074
41925,0.048975,172.31.36.0-255,1514,204280,9,340074
41926,0.04898,172.31.36.0-255,1514,205794,9,340074
41927,0.048981,172.31.36.0-255,524,206318,9,340074
41928,0.049821,74.125.68.0-255,5738,212056,9,340074
41929,0.04983,172.31.36.0-255,66,212122,9,340074
41930,0.05042,104.244.42.0-255,66,212188,9,340074
41931,0.050429,104.244.42.0-255,66,212254,9,340074
41932,0.050536,104.244.42.0-255,66,212320,9,340074
41933,0.050542,104.244.42.0-255,66,212386,9,340074
41934,0.052079,74.125.68.0-255,5738,218124,9,340074
41935,0.052088,172.31.36.0-255,66,218190,9,340074
41936,0.054334,74.125.68.0-255,5738,223928,9,340074
41937,0.054341,172.31.36.0-255,66,223994,9,340074
41938,0.056585,74.125.68.0-255,5738,229732,9,340074
41939,0.056594,172.31.36.0-255,66,229798,9,340074
41940,0.058834,74.125.68.0-255,5738,235536,9,340074
41941,0.058844,172.31.36.0-255,66,235602,9,340074
41942,0.061092,74.125.68.0-255,5738,241340,9,340074
41943,0.061105,172.31.36.0-255,66,241406,9,340074
41944,0.063354,74.125.68.0-255,5738,247144,9,340074
41945,0.063363,172.31.36.0-255,66,247210,9,340074
41946,0.065631,74.125.68.0-255,5738,252948,9,340074
41947,0.065641,172.31.36.0-255,66,253014,9,340074
41948,0.06792,74.125.68.0-255,5738,258752,9,340074
41949,0.067928,172.31.36.0-255,66,258818,9,340074
41950,0.070194,74.125.68.0-255,5738,264556,9,340074
41951,0.070203,172.31.36.0-255,66,264622,9,340074
41952,0.072451,74.125.68.0-255,5738,270360,9,340074
41953,0.07246,172.31.36.0-255,66,270426,9,340074
41954,0.074696,74.125.68.0-255,5738,276164,9,340074
41955,0.074706,172.31.36.0-255,66,276230,9,340074
41956,0.076956,74.125.68.0-255,5738,281968,9,340074
41957,0.076966,172.31.36.0-255,66,282034,9,340074
41958,0.079212,74.125.68.0-255,5738,287772,9,340074
41959,0.079223,172.31.36.0-255,66,287838,9,340074
41960,0.081506,74.125.68.0-255,5738,293576,9,340074
41961,0.081518,172.31.36.0-255,66,293642,9,340074
41962,0.08378,74.125.68.0-255,5738,299380,9,340074
41963,0.083789,172.31.36.0-255,66,299446,9,340074
41964,0.086041,74.125.68.0-255,5738,305184,9,340074
41965,0.086047,172.31.36.0-255,66,305250,9,340074
41966,0.088445,74.125.68.0-255,5738,310988,9,340074
41967,0.088452,172.31.36.0-255,66,311054,9,340074
41968,0.090702,74.125.68.0-255,5738,316792,9,340074
41969,0.090711,172.31.36.0-255,66,316858,9,340074
41970,0.092955,74.125.68.0-255,5738,322596,9,340074
41971,0.092964,172.31.36.0-255,66,322662,9,340074
41972,0.095198,74.125.68.0-255,5738,328400,9,340074
41973,0.095208,172.31.36.0-255,66,328466,9,340074
41974,0.097459,74.125.68.0-255,5738,334204,9,340074
41975,0.097469,172.31.36.0-255,66,334270,9,340074
41976,0.099723,74.125.68.0-255,5738,340008,9,340074
41977,0.099732,172.31.36.0-255,66,340074,9,340074
41978,0.0,74.125.24.0-255,152,152,9,355508
41979,2.3e-05,172.31.36.0-255,66,218,9,355508
41980,3.1e-05,74.125.24.0-255,1484,1702,9,355508
41981,3.6e-05,172.31.36.0-255,66,1768,9,355508
41982,4e-05,74.125.24.0-255,1484,3252,9,355508
41983,4.3e-05,172.31.36.0-255,66,3318,9,355508
41984,5e-05,74.125.24.0-255,2902,6220,9,355508
41985,5.3e-05,172.31.36.0-255,66,6286,9,355508
41986,6e-05,74.125.24.0-255,5738,12024,9,355508
41987,6.4e-05,172.31.36.0-255,66,12090,9,355508
41988,6.8e-05,74.125.24.0-255,2023,14113,9,355508
41989,7e-05,172.31.36.0-255,66,14179,9,355508
41990,0.000176,74.125.24.0-255,1484,15663,9,355508
41991,0.00018,172.31.36.0-255,66,15729,9,355508
41992,0.000193,74.125.24.0-255,2902,18631,9,355508
41993,0.000195,172.31.36.0-255,66,18697,9,355508
41994,0.000201,74.125.24.0-255,5738,24435,9,355508
41995,0.000203,172.31.36.0-255,66,24501,9,355508
41996,0.000227,74.125.24.0-255,2902,27403,9,355508
41997,0.000229,172.31.36.0-255,66,27469,9,355508
41998,0.000258,172.31.36.0-255,66,27535,9,355508
41999,0.000285,74.125.24.0-255,2902,30437,9,355508
42000,0.000287,172.31.36.0-255,66,30503,9,355508
42001,0.000315,172.31.36.0-255,66,30569,9,355508
42002,0.000344,74.125.24.0-255,1125,31694,9,355508
42003,0.000346,172.31.36.0-255,66,31760,9,355508
42004,0.000647,74.125.24.0-255,1484,33244,9,355508
42005,0.000652,172.31.36.0-255,66,33310,9,355508
42006,0.000657,74.125.24.0-255,2902,36212,9,355508
42007,0.000659,172.31.36.0-255,66,36278,9,355508
42008,0.000689,74.125.24.0-255,5738,42016,9,355508
42009,0.000692,172.31.36.0-255,66,42082,9,355508
42010,0.000698,74.125.24.0-255,5738,47820,9,355508
42011,0.000699,172.31.36.0-255,66,47886,9,355508
42012,0.00074,74.125.24.0-255,4320,52206,9,355508
42013,0.000743,172.31.36.0-255,66,52272,9,355508
42014,0.00077,172.31.36.0-255,66,52338,9,355508
42015,0.000827,74.125.24.0-255,3961,56299,9,355508
42016,0.00083,172.31.36.0-255,66,56365,9,355508
42017,0.000837,74.125.24.0-255,4320,60685,9,355508
42018,0.000839,172.31.36.0-255,66,60751,9,355508
42019,0.000868,172.31.36.0-255,66,60817,9,355508
42020,0.000884,74.125.24.0-255,1484,62301,9,355508
42021,0.00091,74.125.24.0-255,2543,64844,9,355508
42022,0.000913,172.31.36.0-255,66,64910,9,355508
42023,0.000967,74.125.24.0-255,1484,66394,9,355508
42024,0.000984,74.125.24.0-255,2902,69296,9,355508
42025,0.000987,172.31.36.0-255,66,69362,9,355508
42026,0.000993,74.125.24.0-255,5738,75100,9,355508
42027,0.000994,172.31.36.0-255,66,75166,9,355508
42028,0.001037,74.125.24.0-255,2902,78068,9,355508
42029,0.00104,172.31.36.0-255,66,78134,9,355508
42030,0.001059,74.125.24.0-255,3961,82095,9,355508
42031,0.001061,172.31.36.0-255,66,82161,9,355508
42032,0.001223,74.125.24.0-255,1484,83645,9,355508
42033,0.001265,74.125.24.0-255,1484,85129,9,355508
42034,0.001268,172.31.36.0-255,66,85195,9,355508
42035,0.001291,74.125.24.0-255,1484,86679,9,355508
42036,0.001297,74.125.24.0-255,5738,92417,9,355508
42037,0.001298,74.125.24.0-255,1484,93901,9,355508
42038,0.001302,172.31.36.0-255,66,93967,9,355508
42039,0.001313,74.125.24.0-255,5738,99705,9,355508
42040,0.001315,172.31.36.0-255,66,99771,9,355508
42041,0.001343,74.125.24.0-255,1484,101255,9,355508
42042,0.001348,74.125.24.0-255,2902,104157,9,355508
42043,0.00135,172.31.36.0-255,66,104223,9,355508
42044,0.001374,74.125.24.0-255,7156,111379,9,355508
42045,0.001377,172.31.36.0-255,66,111445,9,355508
42046,0.001407,74.125.24.0-255,3974,115419,9,355508
42047,0.00141,172.31.36.0-255,66,115485,9,355508
42048,0.001493,74.125.24.0-255,1484,116969,9,355508
42049,0.001515,74.125.24.0-255,2902,119871,9,355508
42050,0.001518,172.31.36.0-255,66,119937,9,355508
42051,0.001526,74.125.24.0-255,5738,125675,9,355508
42052,0.001528,172.31.36.0-255,66,125741,9,355508
42053,0.001552,74.125.24.0-255,5738,131479,9,355508
42054,0.001554,172.31.36.0-255,66,131545,9,355508
42055,0.001579,74.125.24.0-255,7156,138701,9,355508
42056,0.001582,172.31.36.0-255,66,138767,9,355508
42057,0.001626,74.125.24.0-255,1484,140251,9,355508
42058,0.001638,172.31.36.0-255,66,140317,9,355508
42059,0.0018,74.125.24.0-255,1484,141801,9,355508
42060,0.001805,74.125.24.0-255,2902,144703,9,355508
42061,0.001815,172.31.36.0-255,66,144769,9,355508
42062,0.001837,74.125.24.0-255,4320,149089,9,355508
42063,0.001839,172.31.36.0-255,66,149155,9,355508
42064,0.001861,74.125.24.0-255,1484,150639,9,355508
42065,0.001867,74.125.24.0-255,5738,156377,9,355508
42066,0.00187,172.31.36.0-255,66,156443,9,355508
42067,0.001906,172.31.36.0-255,66,156509,9,355508
42068,0.00195,74.125.24.0-255,1484,157993,9,355508
42069,0.001967,74.125.24.0-255,3602,161595,9,355508
42070,0.00197,172.31.36.0-255,66,161661,9,355508
42071,0.001973,74.125.24.0-255,1484,163145,9,355508
42072,0.001994,74.125.24.0-255,4320,167465,9,355508
42073,0.001997,172.31.36.0-255,66,167531,9,355508
42074,0.002014,74.125.24.0-255,5738,173269,9,355508
42075,0.002017,172.31.36.0-255,66,173335,9,355508
42076,0.002037,74.125.24.0-255,7156,180491,9,355508
42077,0.002039,172.31.36.0-255,66,180557,9,355508
42078,0.002112,172.31.36.0-255,66,180623,9,355508
42079,0.0022,74.125.24.0-255,1484,182107,9,355508
42080,0.002218,74.125.24.0-255,2902,185009,9,355508
42081,0.002222,172.31.36.0-255,66,185075,9,355508
42082,0.002239,74.125.24.0-255,5738,190813,9,355508
42083,0.002242,172.31.36.0-255,66,190879,9,355508
42084,0.002265,74.125.24.0-255,1484,192363,9,355508
42085,0.00227,74.125.24.0-255,2902,195265,9,355508
42086,0.002273,172.31.36.0-255,66,195331,9,355508
42087,0.002296,74.125.24.0-255,5738,201069,9,355508
42088,0.0023,172.31.36.0-255,66,201135,9,355508
42089,0.002305,74.125.24.0-255,2902,204037,9,355508
42090,0.002307,172.31.36.0-255,66,204103,9,355508
42091,0.002322,74.125.24.0-255,2902,207005,9,355508
42092,0.002325,172.31.36.0-255,66,207071,9,355508
42093,0.00234,74.125.24.0-255,1484,208555,9,355508
42094,0.002344,74.125.24.0-255,1484,210039,9,355508
42095,0.002346,172.31.36.0-255,66,210105,9,355508
42096,0.002369,74.125.24.0-255,5020,215125,9,355508
42097,0.002372,172.31.36.0-255,66,215191,9,355508
42098,0.002396,74.125.24.0-255,1484,216675,9,355508
42099,0.002416,74.125.24.0-255,5738,222413,9,355508
42100,0.002419,172.31.36.0-255,66,222479,9,355508
42101,0.002435,74.125.24.0-255,5738,228217,9,355508
42102,0.002438,172.31.36.0-255,66,228283,9,355508
42103,0.002456,74.125.24.0-255,2902,231185,9,355508
42104,0.002459,172.31.36.0-255,66,231251,9,355508
42105,0.002485,74.125.24.0-255,7156,238407,9,355508
42106,0.002488,172.31.36.0-255,66,238473,9,355508
42107,0.002518,172.31.36.0-255,66,238539,9,355508
42108,0.002571,74.125.24.0-255,2184,240723,9,355508
42109,0.002574,172.31.36.0-255,66,240789,9,355508
42110,0.005116,74.125.24.0-255,2902,243691,9,355508
42111,0.005125,172.31.36.0-255,66,243757,9,355508
42112,0.005176,74.125.24.0-255,2902,246659,9,355508
42113,0.005179,172.31.36.0-255,66,246725,9,355508
42114,0.007748,74.125.24.0-255,2902,249627,9,355508
42115,0.007755,172.31.36.0-255,66,249693,9,355508
42116,0.007787,74.125.24.0-255,2902,252595,9,355508
42117,0.00779,172.31.36.0-255,66,252661,9,355508
42118,0.01038,74.125.24.0-255,5738,258399,9,355508
42119,0.010387,172.31.36.0-255,66,258465,9,355508
42120,0.012983,74.125.24.0-255,5738,264203,9,355508
42121,0.012994,172.31.36.0-255,66,264269,9,355508
42122,0.01567,74.125.24.0-255,5738,270007,9,355508
42123,0.015678,172.31.36.0-255,66,270073,9,355508
42124,0.018301,74.125.24.0-255,5738,275811,9,355508
42125,0.01831,172.31.36.0-255,66,275877,9,355508
42126,0.02099,74.125.24.0-255,5738,281615,9,355508
42127,0.021002,172.31.36.0-255,66,281681,9,355508
42128,0.023623,74.125.24.0-255,5738,287419,9,355508
42129,0.023633,172.31.36.0-255,66,287485,9,355508
42130,0.026245,74.125.24.0-255,5738,293223,9,355508
42131,0.026253,172.31.36.0-255,66,293289,9,355508
42132,0.028901,74.125.24.0-255,5738,299027,9,355508
42133,0.028912,172.31.36.0-255,66,299093,9,355508
42134,0.031532,74.125.24.0-255,5738,304831,9,355508
42135,0.03154,172.31.36.0-255,66,304897,9,355508
42136,0.03326,172.31.36.0-255,188,305085,9,355508
42137,0.033292,172.31.36.0-255,960,306045,9,355508
42138,0.03335,172.31.36.0-255,1514,307559,9,355508
42139,0.033352,172.31.36.0-255,1514,309073,9,355508
42140,0.033356,172.31.36.0-255,1514,310587,9,355508
42141,0.033357,172.31.36.0-255,1514,312101,9,355508
42142,0.033376,172.31.36.0-255,1514,313615,9,355508
42143,0.033377,172.31.36.0-255,295,313910,9,355508
42144,0.034139,74.125.24.0-255,5738,319648,9,355508
42145,0.034145,172.31.36.0-255,66,319714,9,355508
42146,0.034832,104.244.42.0-255,66,319780,9,355508
42147,0.034876,104.244.42.0-255,66,319846,9,355508
42148,0.034924,104.244.42.0-255,66,319912,9,355508
42149,0.034938,104.244.42.0-255,66,319978,9,355508
42150,0.036762,74.125.24.0-255,5738,325716,9,355508
42151,0.036768,172.31.36.0-255,66,325782,9,355508
42152,0.039367,74.125.24.0-255,5738,331520,9,355508
42153,0.039377,172.31.36.0-255,66,331586,9,355508
42154,0.041971,74.125.24.0-255,5738,337324,9,355508
42155,0.041977,172.31.36.0-255,66,337390,9,355508
42156,0.044583,74.125.24.0-255,5738,343128,9,355508
42157,0.044591,172.31.36.0-255,66,343194,9,355508
42158,0.047215,74.125.24.0-255,5738,348932,9,355508
42159,0.047222,172.31.36.0-255,66,348998,9,355508
42160,0.049818,74.125.24.0-255,5738,354736,9,355508
42161,0.049826,172.31.36.0-255,66,354802,9,355508
42162,0.052428,74.125.24.0-255,469,355271,9,355508
42163,0.052567,172.31.36.0-255,66,355337,9,355508
42164,0.052607,172.31.36.0-255,105,355442,9,355508
42165,0.055201,74.125.24.0-255,66,355508,9,355508
42166,0.0,172.31.36.0-255,105,105,9,276
42167,0.083452,31.13.82.0-255,105,210,9,276
42168,0.083468,172.31.36.0-255,66,276,9,276
42169,0.0,74.125.130.0-255,153,153,9,378522
42170,1.7e-05,172.31.36.0-255,66,219,9,378522
42171,2.4e-05,74.125.130.0-255,1484,1703,9,378522
42172,2.8e-05,172.31.36.0-255,66,1769,9,378522
42173,3.4e-05,74.125.130.0-255,2902,4671,9,378522
42174,4.5e-05,172.31.36.0-255,66,4737,9,378522
42175,5.1e-05,74.125.130.0-255,2902,7639,9,378522
42176,5.3e-05,172.31.36.0-255,66,7705,9,378522
42177,8.9e-05,74.125.130.0-255,4320,12025,9,378522
42178,9.3e-05,172.31.36.0-255,66,12091,9,378522
42179,9.8e-05,74.125.130.0-255,2139,14230,9,378522
42180,0.0001,172.31.36.0-255,66,14296,9,378522
42181,0.00016,74.125.130.0-255,1484,15780,9,378522
42182,0.000163,172.31.36.0-255,66,15846,9,378522
42183,0.000168,74.125.130.0-255,2902,18748,9,378522
42184,0.000171,172.31.36.0-255,66,18814,9,378522
42185,0.000208,74.125.130.0-255,5738,24552,9,378522
42186,0.000211,172.31.36.0-255,66,24618,9,378522
42187,0.000216,74.125.130.0-255,4320,28938,9,378522
42188,0.000218,172.31.36.0-255,66,29004,9,378522
42189,0.000245,74.125.130.0-255,5379,34383,9,378522
42190,0.000248,172.31.36.0-255,66,34449,9,378522
42191,0.000257,74.125.130.0-255,2902,37351,9,378522
42192,0.00026,172.31.36.0-255,66,37417,9,378522
42193,0.000286,74.125.130.0-255,2902,40319,9,378522
42194,0.000289,172.31.36.0-255,66,40385,9,378522
42195,0.000301,74.125.130.0-255,7156,47541,9,378522
42196,0.000303,172.31.36.0-255,66,47607,9,378522
42197,0.000306,74.125.130.0-255,1125,48732,9,378522
42198,0.000308,172.31.36.0-255,66,48798,9,378522
42199,0.000388,74.125.130.0-255,1484,50282,9,378522
42200,0.000392,172.31.36.0-255,66,50348,9,378522
42201,0.00042,74.125.130.0-255,2902,53250,9,378522
42202,0.000423,172.31.36.0-255,66,53316,9,378522
42203,0.000429,74.125.130.0-255,4320,57636,9,378522
42204,0.000431,172.31.36.0-255,66,57702,9,378522
42205,0.00046,74.125.130.0-255,2902,60604,9,378522
42206,0.000462,172.31.36.0-255,66,60670,9,378522
42207,0.000484,74.125.130.0-255,5379,66049,9,378522
42208,0.000487,172.31.36.0-255,66,66115,9,378522
42209,0.00049,74.125.130.0-255,360,66475,9,378522
42210,0.000555,74.125.130.0-255,383,66858,9,378522
42211,0.000947,74.125.130.0-255,1484,68342,9,378522
42212,0.000951,74.125.130.0-255,1484,69826,9,378522
42213,0.000956,172.31.36.0-255,66,69892,9,378522
42214,0.000978,74.125.130.0-255,1484,71376,9,378522
42215,0.00098,172.31.36.0-255,66,71442,9,378522
42216,0.000986,74.125.130.0-255,2902,74344,9,378522
42217,0.000988,172.31.36.0-255,66,74410,9,378522
42218,0.000994,74.125.130.0-255,4320,78730,9,378522
42219,0.000996,172.31.36.0-255,66,78796,9,378522
42220,0.001029,74.125.130.0-255,5379,84175,9,378522
42221,0.001032,172.31.36.0-255,66,84241,9,378522
42222,0.001056,74.125.130.0-255,1484,85725,9,378522
42223,0.001072,74.125.130.0-255,2902,88627,9,378522
42224,0.001077,172.31.36.0-255,66,88693,9,378522
42225,0.001086,74.125.130.0-255,1484,90177,9,378522
42226,0.001105,74.125.130.0-255,4320,94497,9,378522
42227,0.001108,172.31.36.0-255,66,94563,9,378522
42228,0.001131,74.125.130.0-255,7156,101719,9,378522
42229,0.001134,172.31.36.0-255,66,101785,9,378522
42230,0.001164,74.125.130.0-255,5738,107523,9,378522
42231,0.001167,172.31.36.0-255,66,107589,9,378522
42232,0.001171,74.125.130.0-255,2902,110491,9,378522
42233,0.001173,172.31.36.0-255,66,110557,9,378522
42234,0.001209,172.31.36.0-255,66,110623,9,378522
42235,0.00169,74.125.130.0-255,1484,112107,9,378522
42236,0.001694,74.125.130.0-255,1484,113591,9,378522
42237,0.001704,172.31.36.0-255,66,113657,9,378522
42238,0.001708,74.125.130.0-255,1484,115141,9,378522
42239,0.001713,74.125.130.0-255,2902,118043,9,378522
42240,0.001715,172.31.36.0-255,66,118109,9,378522
42241,0.001724,74.125.130.0-255,2902,121011,9,378522
42242,0.001727,172.31.36.0-255,66,121077,9,378522
42243,0.00176,74.125.130.0-255,1484,122561,9,378522
42244,0.001773,74.125.130.0-255,1484,124045,9,378522
42245,0.001776,172.31.36.0-255,66,124111,9,378522
42246,0.001792,74.125.130.0-255,1484,125595,9,378522
42247,0.001803,74.125.130.0-255,4320,129915,9,378522
42248,0.001805,172.31.36.0-255,66,129981,9,378522
42249,0.001816,172.31.36.0-255,66,130047,9,378522
42250,0.001822,74.125.130.0-255,5738,135785,9,378522
42251,0.001825,172.31.36.0-255,66,135851,9,378522
42252,0.001847,74.125.130.0-255,766,136617,9,378522
42253,0.001851,74.125.130.0-255,1484,138101,9,378522
42254,0.001857,172.31.36.0-255,66,138167,9,378522
42255,0.001873,74.125.130.0-255,5738,143905,9,378522
42256,0.001876,172.31.36.0-255,66,143971,9,378522
42257,0.001894,74.125.130.0-255,7156,151127,9,378522
42258,0.001896,172.31.36.0-255,66,151193,9,378522
42259,0.001907,172.31.36.0-255,66,151259,9,378522
42260,0.001955,172.31.36.0-255,66,151325,9,378522
42261,0.002032,74.125.130.0-255,1484,152809,9,378522
42262,0.002038,74.125.130.0-255,2902,155711,9,378522
42263,0.002041,172.31.36.0-255,66,155777,9,378522
42264,0.002048,74.125.130.0-255,5738,161515,9,378522
42265,0.00205,172.31.36.0-255,66,161581,9,378522
42266,0.002091,172.31.36.0-255,66,161647,9,378522
42267,0.002097,74.125.130.0-255,5738,167385,9,378522
42268,0.002099,172.31.36.0-255,66,167451,9,378522
42269,0.002135,74.125.130.0-255,6438,173889,9,378522
42270,0.002138,172.31.36.0-255,66,173955,9,378522
42271,0.002223,74.125.130.0-255,1484,175439,9,378522
42272,0.002227,74.125.130.0-255,1484,176923,9,378522
42273,0.002231,172.31.36.0-255,66,176989,9,378522
42274,0.004363,74.125.130.0-255,2902,179891,9,378522
42275,0.004372,172.31.36.0-255,66,179957,9,378522
42276,0.004468,74.125.130.0-255,2902,182859,9,378522
42277,0.004471,172.31.36.0-255,66,182925,9,378522
42278,0.006593,74.125.130.0-255,2902,185827,9,378522
42279,0.006604,172.31.36.0-255,66,185893,9,378522
42280,0.006677,74.125.130.0-255,2902,188795,9,378522
42281,0.006681,172.31.36.0-255,66,188861,9,378522
42282,0.008824,74.125.130.0-255,2902,191763,9,378522
42283,0.008831,172.31.36.0-255,66,191829,9,378522
42284,0.008889,74.125.130.0-255,2902,194731,9,378522
42285,0.008892,172.31.36.0-255,66,194797,9,378522
42286,0.011054,74.125.130.0-255,2902,197699,9,378522
42287,0.011061,172.31.36.0-255,66,197765,9,378522
42288,0.0111,74.125.130.0-255,1484,199249,9,378522
42289,0.011115,74.125.130.0-255,1484,200733,9,378522
42290,0.011118,172.31.36.0-255,66,200799,9,378522
42291,0.013312,74.125.130.0-255,2902,203701,9,378522
42292,0.01332,172.31.36.0-255,66,203767,9,378522
42293,0.013353,74.125.130.0-255,2902,206669,9,378522
42294,0.013356,172.31.36.0-255,66,206735,9,378522
42295,0.015561,74.125.130.0-255,2902,209637,9,378522
42296,0.015571,172.31.36.0-255,66,209703,9,378522
42297,0.015603,74.125.130.0-255,2902,212605,9,378522
42298,0.015606,172.31.36.0-255,66,212671,9,378522
42299,0.017808,74.125.130.0-255,2902,215573,9,378522
42300,0.017817,172.31.36.0-255,66,215639,9,378522
42301,0.017846,74.125.130.0-255,2902,218541,9,378522
42302,0.017849,172.31.36.0-255,66,218607,9,378522
42303,0.020057,74.125.130.0-255,2902,221509,9,378522
42304,0.020065,172.31.36.0-255,66,221575,9,378522
42305,0.020095,74.125.130.0-255,2902,224477,9,378522
42306,0.020098,172.31.36.0-255,66,224543,9,378522
42307,0.022284,74.125.130.0-255,2902,227445,9,378522
42308,0.022291,172.31.36.0-255,66,227511,9,378522
42309,0.022335,74.125.130.0-255,2902,230413,9,378522
42310,0.022337,172.31.36.0-255,66,230479,9,378522
42311,0.024522,74.125.130.0-255,2902,233381,9,378522
42312,0.024529,172.31.36.0-255,66,233447,9,378522
42313,0.024569,74.125.130.0-255,2902,236349,9,378522
42314,0.024572,172.31.36.0-255,66,236415,9,378522
42315,0.026775,74.125.130.0-255,5738,242153,9,378522
42316,0.026783,172.31.36.0-255,66,242219,9,378522
42317,0.029015,74.125.130.0-255,5738,247957,9,378522
42318,0.029022,172.31.36.0-255,66,248023,9,378522
42319,0.031251,74.125.130.0-255,5738,253761,9,378522
42320,0.03126,172.31.36.0-255,66,253827,9,378522
42321,0.033533,74.125.130.0-255,5738,259565,9,378522
42322,0.03354,172.31.36.0-255,66,259631,9,378522
42323,0.033952,172.31.36.0-255,164,259795,9,378522
42324,0.033981,172.31.36.0-255,1070,260865,9,378522
42325,0.035488,104.244.42.0-255,66,260931,9,378522
42326,0.035534,104.244.42.0-255,66,260997,9,378522
42327,0.035769,74.125.130.0-255,5738,266735,9,378522
42328,0.035776,172.31.36.0-255,66,266801,9,378522
42329,0.038017,74.125.130.0-255,5738,272539,9,378522
42330,0.038025,172.31.36.0-255,66,272605,9,378522
42331,0.040268,74.125.130.0-255,5738,278343,9,378522
42332,0.040274,172.31.36.0-255,66,278409,9,378522
42333,0.042508,74.125.130.0-255,5738,284147,9,378522
42334,0.042515,172.31.36.0-255,66,284213,9,378522
42335,0.044751,74.125.130.0-255,5738,289951,9,378522
42336,0.044758,172.31.36.0-255,66,290017,9,378522
42337,0.046996,74.125.130.0-255,5738,295755,9,378522
42338,0.047003,172.31.36.0-255,66,295821,9,378522
42339,0.049249,74.125.130.0-255,5738,301559,9,378522
42340,0.049256,172.31.36.0-255,66,301625,9,378522
42341,0.051496,74.125.130.0-255,5738,307363,9,378522
42342,0.051506,172.31.36.0-255,66,307429,9,378522
42343,0.053753,74.125.130.0-255,5738,313167,9,378522
42344,0.05376,172.31.36.0-255,66,313233,9,378522
42345,0.055996,74.125.130.0-255,5738,318971,9,378522
42346,0.056002,172.31.36.0-255,66,319037,9,378522
42347,0.058252,74.125.130.0-255,5738,324775,9,378522
42348,0.058259,172.31.36.0-255,66,324841,9,378522
42349,0.060499,74.125.130.0-255,5738,330579,9,378522
42350,0.060507,172.31.36.0-255,66,330645,9,378522
42351,0.062743,74.125.130.0-255,5738,336383,9,378522
42352,0.06275,172.31.36.0-255,66,336449,9,378522
42353,0.064995,74.125.130.0-255,5738,342187,9,378522
42354,0.065003,172.31.36.0-255,66,342253,9,378522
42355,0.067241,74.125.130.0-255,5738,347991,9,378522
42356,0.067248,172.31.36.0-255,66,348057,9,378522
42357,0.069487,74.125.130.0-255,5738,353795,9,378522
42358,0.069494,172.31.36.0-255,66,353861,9,378522
42359,0.071726,74.125.130.0-255,5738,359599,9,378522
42360,0.071735,172.31.36.0-255,66,359665,9,378522
42361,0.073975,74.125.130.0-255,5738,365403,9,378522
42362,0.073982,172.31.36.0-255,66,365469,9,378522
42363,0.076216,74.125.130.0-255,4320,369789,9,378522
42364,0.076223,172.31.36.0-255,66,369855,9,378522
42365,0.076252,74.125.130.0-255,1484,371339,9,378522
42366,0.078447,74.125.130.0-255,4320,375659,9,378522
42367,0.078454,172.31.36.0-255,66,375725,9,378522
42368,0.080686,74.125.130.0-255,2560,378285,9,378522
42369,0.080694,172.31.36.0-255,66,378351,9,378522
42370,0.08087,172.31.36.0-255,105,378456,9,378522
42371,0.083054,74.125.130.0-255,66,378522,9,378522
42372,0.0,172.31.36.0-255,105,105,9,276
42373,0.001789,157.240.13.0-255,105,210,9,276
42374,0.001817,172.31.36.0-255,66,276,9,276
42375,0.0,74.125.68.0-255,66,66,9,66
42376,0.0,74.125.68.0-255,143,143,9,363854
42377,2.3e-05,172.31.36.0-255,66,209,9,363854
42378,3e-05,74.125.68.0-255,1484,1693,9,363854
42379,3.5e-05,172.31.36.0-255,66,1759,9,363854
42380,4.1e-05,74.125.68.0-255,2902,4661,9,363854
42381,4.4e-05,172.31.36.0-255,66,4727,9,363854
42382,5e-05,74.125.68.0-255,4320,9047,9,363854
42383,5.2e-05,172.31.36.0-255,66,9113,9,363854
42384,8.9e-05,74.125.68.0-255,4823,13936,9,363854
42385,9.1e-05,172.31.36.0-255,66,14002,9,363854
42386,0.000116,74.125.68.0-255,5738,19740,9,363854
42387,0.000118,172.31.36.0-255,66,19806,9,363854
42388,0.000123,74.125.68.0-255,2902,22708,9,363854
42389,0.000126,172.31.36.0-255,66,22774,9,363854
42390,0.000151,74.125.68.0-255,4320,27094,9,363854
42391,0.000153,172.31.36.0-255,66,27160,9,363854
42392,0.000177,74.125.68.0-255,1484,28644,9,363854
42393,0.000179,172.31.36.0-255,66,28710,9,363854
42394,0.000192,74.125.68.0-255,2543,31253,9,363854
42395,0.000195,172.31.36.0-255,66,31319,9,363854
42396,0.000275,74.125.68.0-255,1484,32803,9,363854
42397,0.000278,172.31.36.0-255,66,32869,9,363854
42398,0.000283,74.125.68.0-255,2902,35771,9,363854
42399,0.000285,172.31.36.0-255,66,35837,9,363854
42400,0.000332,74.125.68.0-255,4320,40157,9,363854
42401,0.000334,172.31.36.0-255,66,40223,9,363854
42402,0.00035,74.125.68.0-255,1484,41707,9,363854
42403,0.000352,172.31.36.0-255,66,41773,9,363854
42404,0.00036,74.125.68.0-255,7156,48929,9,363854
42405,0.000362,172.31.36.0-255,66,48995,9,363854
42406,0.000372,172.31.36.0-255,66,49061,9,363854
42407,0.000396,172.31.36.0-255,66,49127,9,363854
42408,0.000418,74.125.68.0-255,394,49521,9,363854
42409,0.000463,74.125.68.0-255,118,49639,9,363854
42410,0.000676,74.125.68.0-255,1484,51123,9,363854
42411,0.000681,172.31.36.0-255,66,51189,9,363854
42412,0.000685,74.125.68.0-255,1484,52673,9,363854
42413,0.000689,74.125.68.0-255,2902,55575,9,363854
42414,0.000692,172.31.36.0-255,66,55641,9,363854
42415,0.000728,74.125.68.0-255,4320,59961,9,363854
42416,0.000731,172.31.36.0-255,66,60027,9,363854
42417,0.000751,74.125.68.0-255,1484,61511,9,363854
42418,0.000758,74.125.68.0-255,4320,65831,9,363854
42419,0.00076,172.31.36.0-255,66,65897,9,363854
42420,0.000764,74.125.68.0-255,1484,67381,9,363854
42421,0.000795,74.125.68.0-255,4320,71701,9,363854
42422,0.000798,172.31.36.0-255,66,71767,9,363854
42423,0.000808,172.31.36.0-255,66,71833,9,363854
42424,0.000836,74.125.68.0-255,3602,75435,9,363854
42425,0.000839,172.31.36.0-255,66,75501,9,363854
42426,0.000882,74.125.68.0-255,1484,76985,9,363854
42427,0.000899,74.125.68.0-255,2902,79887,9,363854
42428,0.000902,172.31.36.0-255,66,79953,9,363854
42429,0.000924,74.125.68.0-255,5738,85691,9,363854
42430,0.000927,172.31.36.0-255,66,85757,9,363854
42431,0.00093,74.125.68.0-255,1484,87241,9,363854
42432,0.000958,74.125.68.0-255,5738,92979,9,363854
42433,0.000961,172.31.36.0-255,66,93045,9,363854
42434,0.000973,172.31.36.0-255,66,93111,9,363854
42435,0.001011,172.31.36.0-255,66,93177,9,363854
42436,0.001041,172.31.36.0-255,66,93243,9,363854
42437,0.001047,74.125.68.0-255,4320,97563,9,363854
42438,0.001049,172.31.36.0-255,66,97629,9,363854
42439,0.001054,74.125.68.0-255,2902,100531,9,363854
42440,0.001057,172.31.36.0-255,66,100597,9,363854
42441,0.001073,74.125.68.0-255,2902,103499,9,363854
42442,0.001075,172.31.36.0-255,66,103565,9,363854
42443,0.001081,74.125.68.0-255,4320,107885,9,363854
42444,0.001083,172.31.36.0-255,66,107951,9,363854
42445,0.001112,74.125.68.0-255,7156,115107,9,363854
42446,0.001115,172.31.36.0-255,66,115173,9,363854
42447,0.00112,74.125.68.0-255,3602,118775,9,363854
42448,0.001122,172.31.36.0-255,66,118841,9,363854
42449,0.001529,74.125.68.0-255,1484,120325,9,363854
42450,0.001547,74.125.68.0-255,1484,121809,9,363854
42451,0.001552,74.125.68.0-255,2902,124711,9,363854
42452,0.001556,172.31.36.0-255,66,124777,9,363854
42453,0.001564,172.31.36.0-255,66,124843,9,363854
42454,0.001568,74.125.68.0-255,1484,126327,9,363854
42455,0.001586,74.125.68.0-255,4320,130647,9,363854
42456,0.001589,172.31.36.0-255,66,130713,9,363854
42457,0.001592,74.125.68.0-255,1484,132197,9,363854
42458,0.00161,74.125.68.0-255,5738,137935,9,363854
42459,0.001612,172.31.36.0-255,66,138001,9,363854
42460,0.001639,172.31.36.0-255,66,138067,9,363854
42461,0.001675,74.125.68.0-255,6438,144505,9,363854
42462,0.001677,172.31.36.0-255,66,144571,9,363854
42463,0.002145,74.125.68.0-255,1484,146055,9,363854
42464,0.00215,74.125.68.0-255,1484,147539,9,363854
42465,0.002153,172.31.36.0-255,66,147605,9,363854
42466,0.002177,74.125.68.0-255,2902,150507,9,363854
42467,0.002179,172.31.36.0-255,66,150573,9,363854
42468,0.002186,74.125.68.0-255,5738,156311,9,363854
42469,0.002188,172.31.36.0-255,66,156377,9,363854
42470,0.002212,74.125.68.0-255,2902,159279,9,363854
42471,0.002214,172.31.36.0-255,66,159345,9,363854
42472,0.002232,74.125.68.0-255,5738,165083,9,363854
42473,0.002234,172.31.36.0-255,66,165149,9,363854
42474,0.002279,172.31.36.0-255,66,165215,9,363854
42475,0.002297,74.125.68.0-255,1484,166699,9,363854
42476,0.0023,74.125.68.0-255,1484,168183,9,363854
42477,0.002303,172.31.36.0-255,66,168249,9,363854
42478,0.004504,74.125.68.0-255,2902,171151,9,363854
42479,0.004511,172.31.36.0-255,66,171217,9,363854
42480,0.004533,74.125.68.0-255,2902,174119,9,363854
42481,0.004536,172.31.36.0-255,66,174185,9,363854
42482,0.006757,74.125.68.0-255,5738,179923,9,363854
42483,0.006764,172.31.36.0-255,66,179989,9,363854
42484,0.009006,74.125.68.0-255,5738,185727,9,363854
42485,0.009013,172.31.36.0-255,66,185793,9,363854
42486,0.011246,74.125.68.0-255,5738,191531,9,363854
42487,0.011253,172.31.36.0-255,66,191597,9,363854
42488,0.013489,74.125.68.0-255,5738,197335,9,363854
42489,0.013499,172.31.36.0-255,66,197401,9,363854
42490,0.015738,74.125.68.0-255,5738,203139,9,363854
42491,0.015748,172.31.36.0-255,66,203205,9,363854
42492,0.017983,74.125.68.0-255,5738,208943,9,363854
42493,0.017992,172.31.36.0-255,66,209009,9,363854
42494,0.020229,74.125.68.0-255,5738,214747,9,363854
42495,0.020238,172.31.36.0-255,66,214813,9,363854
42496,0.022472,74.125.68.0-255,5738,220551,9,363854
42497,0.02248,172.31.36.0-255,66,220617,9,363854
42498,0.024718,74.125.68.0-255,5738,226355,9,363854
42499,0.024725,172.31.36.0-255,66,226421,9,363854
42500,0.026964,74.125.68.0-255,5738,232159,9,363854
42501,0.026972,172.31.36.0-255,66,232225,9,363854
42502,0.029215,74.125.68.0-255,5738,237963,9,363854
42503,0.029223,172.31.36.0-255,66,238029,9,363854
42504,0.031453,74.125.68.0-255,5738,243767,9,363854
42505,0.03146,172.31.36.0-255,66,243833,9,363854
42506,0.032327,172.31.36.0-255,188,244021,9,363854
42507,0.032362,172.31.36.0-255,960,244981,9,363854
42508,0.032427,172.31.36.0-255,1514,246495,9,363854
42509,0.032429,172.31.36.0-255,1514,248009,9,363854
42510,0.032433,172.31.36.0-255,1514,249523,9,363854
42511,0.032434,172.31.36.0-255,515,250038,9,363854
42512,0.033703,74.125.68.0-255,5738,255776,9,363854
42513,0.03371,172.31.36.0-255,66,255842,9,363854
42514,0.033873,104.244.42.0-255,66,255908,9,363854
42515,0.03388,104.244.42.0-255,66,255974,9,363854
42516,0.033985,104.244.42.0-255,66,256040,9,363854
42517,0.033992,104.244.42.0-255,66,256106,9,363854
42518,0.035936,74.125.68.0-255,5738,261844,9,363854
42519,0.035943,172.31.36.0-255,66,261910,9,363854
42520,0.038179,74.125.68.0-255,5738,267648,9,363854
42521,0.038186,172.31.36.0-255,66,267714,9,363854
42522,0.040435,74.125.68.0-255,5738,273452,9,363854
42523,0.040443,172.31.36.0-255,66,273518,9,363854
42524,0.042684,74.125.68.0-255,5738,279256,9,363854
42525,0.04269,172.31.36.0-255,66,279322,9,363854
42526,0.044938,74.125.68.0-255,5738,285060,9,363854
42527,0.044945,172.31.36.0-255,66,285126,9,363854
42528,0.047181,74.125.68.0-255,5738,290864,9,363854
42529,0.047188,172.31.36.0-255,66,290930,9,363854
42530,0.049434,74.125.68.0-255,5738,296668,9,363854
42531,0.049442,172.31.36.0-255,66,296734,9,363854
42532,0.051677,74.125.68.0-255,5738,302472,9,363854
42533,0.051684,172.31.36.0-255,66,302538,9,363854
42534,0.05392,74.125.68.0-255,5738,308276,9,363854
42535,0.053928,172.31.36.0-255,66,308342,9,363854
42536,0.056159,74.125.68.0-255,5738,314080,9,363854
42537,0.056166,172.31.36.0-255,66,314146,9,363854
42538,0.058413,74.125.68.0-255,5738,319884,9,363854
42539,0.05842,172.31.36.0-255,66,319950,9,363854
42540,0.060664,74.125.68.0-255,5738,325688,9,363854
42541,0.06067,172.31.36.0-255,66,325754,9,363854
42542,0.062906,74.125.68.0-255,5738,331492,9,363854
42543,0.062913,172.31.36.0-255,66,331558,9,363854
42544,0.065153,74.125.68.0-255,5738,337296,9,363854
42545,0.06516,172.31.36.0-255,66,337362,9,363854
42546,0.067433,74.125.68.0-255,5738,343100,9,363854
42547,0.067439,172.31.36.0-255,66,343166,9,363854
42548,0.069671,74.125.68.0-255,5738,348904,9,363854
42549,0.069678,172.31.36.0-255,66,348970,9,363854
42550,0.07194,74.125.68.0-255,5738,354708,9,363854
42551,0.071948,172.31.36.0-255,66,354774,9,363854
42552,0.074217,74.125.68.0-255,5738,360512,9,363854
42553,0.074224,172.31.36.0-255,66,360578,9,363854
42554,0.076459,74.125.68.0-255,3039,363617,9,363854
42555,0.076466,172.31.36.0-255,66,363683,9,363854
42556,0.076654,172.31.36.0-255,105,363788,9,363854
42557,0.078839,74.125.68.0-255,66,363854,9,363854
42558,0.0,74.125.200.0-255,143,143,9,375881
42559,2.4e-05,172.31.36.0-255,66,209,9,375881
42560,3.1e-05,74.125.200.0-255,1484,1693,9,375881
42561,3.6e-05,172.31.36.0-255,66,1759,9,375881
42562,4.2e-05,74.125.200.0-255,2902,4661,9,375881
42563,4.6e-05,172.31.36.0-255,66,4727,9,375881
42564,6.3e-05,74.125.200.0-255,7156,11883,9,375881
42565,6.6e-05,172.31.36.0-255,66,11949,9,375881
42566,7.1e-05,74.125.200.0-255,2065,14014,9,375881
42567,7.3e-05,172.31.36.0-255,66,14080,9,375881
42568,0.000163,74.125.200.0-255,1484,15564,9,375881
42569,0.000167,172.31.36.0-255,66,15630,9,375881
42570,0.000194,74.125.200.0-255,2902,18532,9,375881
42571,0.000198,172.31.36.0-255,66,18598,9,375881
42572,0.000203,74.125.200.0-255,2902,21500,9,375881
42573,0.000205,172.31.36.0-255,66,21566,9,375881
42574,0.000233,74.125.200.0-255,1484,23050,9,375881
42575,0.000236,172.31.36.0-255,66,23116,9,375881
42576,0.000243,74.125.200.0-255,5738,28854,9,375881
42577,0.000245,172.31.36.0-255,66,28920,9,375881
42578,0.000255,74.125.200.0-255,2543,31463,9,375881
42579,0.000257,172.31.36.0-255,66,31529,9,375881
42580,0.000319,74.125.200.0-255,1484,33013,9,375881
42581,0.000323,172.31.36.0-255,66,33079,9,375881
42582,0.000327,74.125.200.0-255,1484,34563,9,375881
42583,0.000329,172.31.36.0-255,66,34629,9,375881
42584,0.000364,74.125.200.0-255,1484,36113,9,375881
42585,0.000372,172.31.36.0-255,66,36179,9,375881
42586,0.000377,74.125.200.0-255,4320,40499,9,375881
42587,0.00038,172.31.36.0-255,66,40565,9,375881
42588,0.000386,74.125.200.0-255,5738,46303,9,375881
42589,0.000389,172.31.36.0-255,66,46369,9,375881
42590,0.000405,74.125.200.0-255,2543,48912,9,375881
42591,0.000407,172.31.36.0-255,66,48978,9,375881
42592,0.000472,74.125.200.0-255,1484,50462,9,375881
42593,0.000495,74.125.200.0-255,2902,53364,9,375881
42594,0.000498,172.31.36.0-255,66,53430,9,375881
42595,0.000501,74.125.200.0-255,1484,54914,9,375881
42596,0.000517,74.125.200.0-255,2902,57816,9,375881
42597,0.00052,172.31.36.0-255,66,57882,9,375881
42598,0.000538,74.125.200.0-255,1484,59366,9,375881
42599,0.000557,74.125.200.0-255,4320,63686,9,375881
42600,0.00056,172.31.36.0-255,66,63752,9,375881
42601,0.000564,74.125.200.0-255,2543,66295,9,375881
42602,0.000566,172.31.36.0-255,66,66361,9,375881
42603,0.001414,74.125.200.0-255,646,67007,9,375881
42604,0.001899,74.125.200.0-255,1484,68491,9,375881
42605,0.001906,172.31.36.0-255,66,68557,9,375881
42606,0.001913,74.125.200.0-255,2902,71459,9,375881
42607,0.001915,172.31.36.0-255,66,71525,9,375881
42608,0.001928,74.125.200.0-255,5738,77263,9,375881
42609,0.00193,172.31.36.0-255,66,77329,9,375881
42610,0.001934,74.125.200.0-255,1484,78813,9,375881
42611,0.001969,74.125.200.0-255,5738,84551,9,375881
42612,0.001972,172.31.36.0-255,66,84617,9,375881
42613,0.001976,74.125.200.0-255,1484,86101,9,375881
42614,0.002014,172.31.36.0-255,66,86167,9,375881
42615,0.002019,74.125.200.0-255,2184,88351,9,375881
42616,0.00202,172.31.36.0-255,66,88417,9,375881
42617,0.00398,74.125.200.0-255,5738,94155,9,375881
42618,0.003985,172.31.36.0-255,66,94221,9,375881
42619,0.005964,74.125.200.0-255,5738,99959,9,375881
42620,0.005969,172.31.36.0-255,66,100025,9,375881
42621,0.007948,74.125.200.0-255,5738,105763,9,375881
42622,0.007955,172.31.36.0-255,66,105829,9,375881
42623,0.009922,74.125.200.0-255,5738,111567,9,375881
42624,0.00993,172.31.36.0-255,66,111633,9,375881
42625,0.011906,74.125.200.0-255,5738,117371,9,375881
42626,0.011915,172.31.36.0-255,66,117437,9,375881
42627,0.013882,74.125.200.0-255,5738,123175,9,375881
42628,0.013889,172.31.36.0-255,66,123241,9,375881
42629,0.01588,74.125.200.0-255,5738,128979,9,375881
42630,0.015888,172.31.36.0-255,66,129045,9,375881
42631,0.017868,74.125.200.0-255,5738,134783,9,375881
42632,0.017878,172.31.36.0-255,66,134849,9,375881
42633,0.019856,74.125.200.0-255,5738,140587,9,375881
42634,0.019864,172.31.36.0-255,66,140653,9,375881
42635,0.021843,74.125.200.0-255,5738,146391,9,375881
42636,0.021851,172.31.36.0-255,66,146457,9,375881
42637,0.02383,74.125.200.0-255,5738,152195,9,375881
42638,0.023838,172.31.36.0-255,66,152261,9,375881
42639,0.025818,74.125.200.0-255,4320,156581,9,375881
42640,0.025824,172.31.36.0-255,66,156647,9,375881
42641,0.025847,74.125.200.0-255,1484,158131,9,375881
42642,0.027832,74.125.200.0-255,4320,162451,9,375881
42643,0.027838,172.31.36.0-255,66,162517,9,375881
42644,0.029812,74.125.200.0-255,5738,168255,9,375881
42645,0.029821,172.31.36.0-255,66,168321,9,375881
42646,0.0318,74.125.200.0-255,5738,174059,9,375881
42647,0.031809,172.31.36.0-255,66,174125,9,375881
42648,0.033786,74.125.200.0-255,5738,179863,9,375881
42649,0.033795,172.31.36.0-255,66,179929,9,375881
42650,0.035775,74.125.200.0-255,5738,185667,9,375881
42651,0.035782,172.31.36.0-255,66,185733,9,375881
42652,0.037769,74.125.200.0-255,5738,191471,9,375881
42653,0.037775,172.31.36.0-255,66,191537,9,375881
42654,0.039754,74.125.200.0-255,5738,197275,9,375881
42655,0.039762,172.31.36.0-255,66,197341,9,375881
42656,0.041746,74.125.200.0-255,5738,203079,9,375881
42657,0.041755,172.31.36.0-255,66,203145,9,375881
42658,0.04374,74.125.200.0-255,5738,208883,9,375881
42659,0.043748,172.31.36.0-255,66,208949,9,375881
42660,0.045715,74.125.200.0-255,4320,213269,9,375881
42661,0.045721,172.31.36.0-255,66,213335,9,375881
42662,0.045744,74.125.200.0-255,1484,214819,9,375881
42663,0.045779,172.31.36.0-255,172,214991,9,375881
42664,0.045802,172.31.36.0-255,1115,216106,9,375881
42665,0.045864,172.31.36.0-255,1514,217620,9,375881
42666,0.045865,172.31.36.0-255,1514,219134,9,375881
42667,0.045866,172.31.36.0-255,1514,220648,9,375881
42668,0.045867,172.31.36.0-255,107,220755,9,375881
42669,0.047312,104.244.42.0-255,66,220821,9,375881
42670,0.047361,104.244.42.0-255,66,220887,9,375881
42671,0.047475,104.244.42.0-255,66,220953,9,375881
42672,0.047481,104.244.42.0-255,66,221019,9,375881
42673,0.047707,74.125.200.0-255,1484,222503,9,375881
42674,0.047712,172.31.36.0-255,66,222569,9,375881
42675,0.04774,74.125.200.0-255,2902,225471,9,375881
42676,0.047743,172.31.36.0-255,66,225537,9,375881
42677,0.049678,74.125.200.0-255,2902,228439,9,375881
42678,0.049686,172.31.36.0-255,66,228505,9,375881
42679,0.049714,74.125.200.0-255,2902,231407,9,375881
42680,0.049717,172.31.36.0-255,66,231473,9,375881
42681,0.051651,74.125.200.0-255,2902,234375,9,375881
42682,0.051658,172.31.36.0-255,66,234441,9,375881
42683,0.051692,74.125.200.0-255,2902,237343,9,375881
42684,0.051695,172.31.36.0-255,66,237409,9,375881
42685,0.053627,74.125.200.0-255,2902,240311,9,375881
42686,0.053634,172.31.36.0-255,66,240377,9,375881
42687,0.053659,74.125.200.0-255,2902,243279,9,375881
42688,0.053662,172.31.36.0-255,66,243345,9,375881
42689,0.055602,74.125.200.0-255,2902,246247,9,375881
42690,0.055608,172.31.36.0-255,66,246313,9,375881
42691,0.055639,74.125.200.0-255,2902,249215,9,375881
42692,0.055641,172.31.36.0-255,66,249281,9,375881
42693,0.057588,74.125.200.0-255,2902,252183,9,375881
42694,0.057593,172.31.36.0-255,66,252249,9,375881
42695,0.057623,74.125.200.0-255,2902,255151,9,375881
42696,0.057626,172.31.36.0-255,66,255217,9,375881
42697,0.059565,74.125.200.0-255,2902,258119,9,375881
42698,0.059573,172.31.36.0-255,66,258185,9,375881
42699,0.059605,74.125.200.0-255,2902,261087,9,375881
42700,0.059608,172.31.36.0-255,66,261153,9,375881
42701,0.061566,74.125.200.0-255,5738,266891,9,375881
42702,0.061575,172.31.36.0-255,66,266957,9,375881
42703,0.063558,74.125.200.0-255,5738,272695,9,375881
42704,0.063564,172.31.36.0-255,66,272761,9,375881
42705,0.065543,74.125.200.0-255,5738,278499,9,375881
42706,0.065551,172.31.36.0-255,66,278565,9,375881
42707,0.067518,74.125.200.0-255,5738,284303,9,375881
42708,0.067524,172.31.36.0-255,66,284369,9,375881
42709,0.069496,74.125.200.0-255,4320,288689,9,375881
42710,0.069503,172.31.36.0-255,66,288755,9,375881
42711,0.069521,74.125.200.0-255,1484,290239,9,375881
42712,0.071471,74.125.200.0-255,4320,294559,9,375881
42713,0.071477,172.31.36.0-255,66,294625,9,375881
42714,0.073453,74.125.200.0-255,5738,300363,9,375881
42715,0.07346,172.31.36.0-255,66,300429,9,375881
42716,0.075436,74.125.200.0-255,5738,306167,9,375881
42717,0.075446,172.31.36.0-255,66,306233,9,375881
42718,0.077446,74.125.200.0-255,5738,311971,9,375881
42719,0.077459,172.31.36.0-255,66,312037,9,375881
42720,0.079446,74.125.200.0-255,5738,317775,9,375881
42721,0.07946,172.31.36.0-255,66,317841,9,375881
42722,0.081446,74.125.200.0-255,5738,323579,9,375881
42723,0.081456,172.31.36.0-255,66,323645,9,375881
42724,0.083439,74.125.200.0-255,5738,329383,9,375881
42725,0.083445,172.31.36.0-255,66,329449,9,375881
42726,0.085413,74.125.200.0-255,5738,335187,9,375881
42727,0.085419,172.31.36.0-255,66,335253,9,375881
42728,0.087392,74.125.200.0-255,5738,340991,9,375881
42729,0.087397,172.31.36.0-255,66,341057,9,375881
42730,0.089365,74.125.200.0-255,5738,346795,9,375881
42731,0.089372,172.31.36.0-255,66,346861,9,375881
42732,0.091349,74.125.200.0-255,5738,352599,9,375881
42733,0.091355,172.31.36.0-255,66,352665,9,375881
42734,0.093364,74.125.200.0-255,5738,358403,9,375881
42735,0.09337,172.31.36.0-255,66,358469,9,375881
42736,0.095339,74.125.200.0-255,5738,364207,9,375881
42737,0.095346,172.31.36.0-255,66,364273,9,375881
42738,0.097333,74.125.200.0-255,5738,370011,9,375881
42739,0.09734,172.31.36.0-255,66,370077,9,375881
42740,0.099322,74.125.200.0-255,5738,375815,9,375881
42741,0.099328,172.31.36.0-255,66,375881,9,375881
42742,0.0,172.31.36.0-255,105,105,9,276
42743,0.068913,31.13.82.0-255,105,210,9,276
42744,0.068925,172.31.36.0-255,66,276,9,276
42745,0.0,172.217.194.0-255,152,152,9,139629
42746,2.3e-05,172.31.36.0-255,66,218,9,139629
42747,2.9e-05,172.217.194.0-255,1484,1702,9,139629
42748,3.2e-05,172.31.36.0-255,66,1768,9,139629
42749,3.7e-05,172.217.194.0-255,2902,4670,9,139629
42750,3.9e-05,172.31.36.0-255,66,4736,9,139629
42751,5.3e-05,172.217.194.0-255,7156,11892,9,139629
42752,5.5e-05,172.31.36.0-255,66,11958,9,139629
42753,5.9e-05,172.217.194.0-255,2047,14005,9,139629
42754,6.1e-05,172.31.36.0-255,66,14071,9,139629
42755,0.00011,172.217.194.0-255,5738,19809,9,139629
42756,0.000113,172.31.36.0-255,66,19875,9,139629
42757,0.000141,172.217.194.0-255,5738,25613,9,139629
42758,0.000144,172.31.36.0-255,66,25679,9,139629
42759,0.000159,172.31.36.0-255,66,25745,9,139629
42760,0.000169,172.31.36.0-255,66,25811,9,139629
42761,0.000206,172.217.194.0-255,2902,28713,9,139629
42762,0.000209,172.31.36.0-255,66,28779,9,139629
42763,0.000249,172.31.36.0-255,66,28845,9,139629
42764,0.000255,172.217.194.0-255,4273,33118,9,139629
42765,0.000257,172.31.36.0-255,66,33184,9,139629
42766,0.000311,172.217.194.0-255,367,33551,9,139629
42767,0.000315,172.31.36.0-255,66,33617,9,139629
42768,0.000361,172.217.194.0-255,1484,35101,9,139629
42769,0.000364,172.31.36.0-255,66,35167,9,139629
42770,0.000367,172.217.194.0-255,1484,36651,9,139629
42771,0.000372,172.31.36.0-255,66,36717,9,139629
42772,0.000388,172.217.194.0-255,1484,38201,9,139629
42773,0.000391,172.31.36.0-255,66,38267,9,139629
42774,0.000397,172.217.194.0-255,5738,44005,9,139629
42775,0.0004,172.31.36.0-255,66,44071,9,139629
42776,0.000407,172.217.194.0-255,6797,50868,9,139629
42777,0.000409,172.31.36.0-255,66,50934,9,139629
42778,0.000436,172.217.194.0-255,7156,58090,9,139629
42779,0.000439,172.31.36.0-255,66,58156,9,139629
42780,0.000479,172.217.194.0-255,4320,62476,9,139629
42781,0.000483,172.31.36.0-255,66,62542,9,139629
42782,0.000506,172.217.194.0-255,5379,67921,9,139629
42783,0.000509,172.31.36.0-255,66,67987,9,139629
42784,0.00055,172.217.194.0-255,1484,69471,9,139629
42785,0.000554,172.217.194.0-255,2902,72373,9,139629
42786,0.000557,172.31.36.0-255,66,72439,9,139629
42787,0.000561,172.217.194.0-255,1484,73923,9,139629
42788,0.000586,172.217.194.0-255,4320,78243,9,139629
42789,0.000589,172.31.36.0-255,66,78309,9,139629
42790,0.0006,172.31.36.0-255,66,78375,9,139629
42791,0.000631,172.217.194.0-255,4320,82695,9,139629
42792,0.000634,172.31.36.0-255,66,82761,9,139629
42793,0.000651,172.31.36.0-255,66,82827,9,139629
42794,0.000664,172.217.194.0-255,4320,87147,9,139629
42795,0.000671,172.31.36.0-255,66,87213,9,139629
42796,0.000712,172.31.36.0-255,66,87279,9,139629
42797,0.000718,172.217.194.0-255,5738,93017,9,139629
42798,0.000721,172.31.36.0-255,66,93083,9,139629
42799,0.000755,172.31.36.0-255,66,93149,9,139629
42800,0.000771,172.31.36.0-255,66,93215,9,139629
42801,0.000801,172.217.194.0-255,2902,96117,9,139629
42802,0.000805,172.31.36.0-255,66,96183,9,139629
42803,0.000827,172.31.36.0-255,66,96249,9,139629
42804,0.000843,172.31.36.0-255,66,96315,9,139629
42805,0.000877,172.217.194.0-255,5738,102053,9,139629
42806,0.000882,172.31.36.0-255,66,102119,9,139629
42807,0.000893,172.31.36.0-255,66,102185,9,139629
42808,0.000932,172.31.36.0-255,66,102251,9,139629
42809,0.000948,172.31.36.0-255,66,102317,9,139629
42810,0.001026,172.31.36.0-255,66,102383,9,139629
42811,0.00104,172.31.36.0-255,66,102449,9,139629
42812,0.001074,172.217.194.0-255,1484,103933,9,139629
42813,0.001088,172.31.36.0-255,66,103999,9,139629
42814,0.0011,172.31.36.0-255,66,104065,9,139629
42815,0.00114,172.31.36.0-255,66,104131,9,139629
42816,0.001141,172.217.194.0-255,5738,109869,9,139629
42817,0.001144,172.31.36.0-255,66,109935,9,139629
42818,0.00117,172.217.194.0-255,4320,114255,9,139629
42819,0.001174,172.31.36.0-255,66,114321,9,139629
42820,0.00121,172.31.36.0-255,66,114387,9,139629
42821,0.001214,172.217.194.0-255,3602,117989,9,139629
42822,0.001218,172.31.36.0-255,66,118055,9,139629
42823,0.001224,172.217.194.0-255,7156,125211,9,139629
42824,0.001227,172.31.36.0-255,66,125277,9,139629
42825,0.001283,172.31.36.0-255,66,125343,9,139629
42826,0.001297,172.31.36.0-255,66,125409,9,139629
42827,0.001311,172.31.36.0-255,66,125475,9,139629
42828,0.001336,172.217.194.0-255,1484,126959,9,139629
42829,0.00135,172.31.36.0-255,66,127025,9,139629
42830,0.001361,172.31.36.0-255,66,127091,9,139629
42831,0.001373,172.31.36.0-255,66,127157,9,139629
42832,0.001403,172.217.194.0-255,5361,132518,9,139629
42833,0.001407,172.31.36.0-255,66,132584,9,139629
42834,0.00141,172.217.194.0-255,105,132689,9,139629
42835,0.003298,172.31.36.0-255,66,132755,9,139629
42836,0.003321,172.31.36.0-255,105,132860,9,139629
42837,0.005551,172.217.194.0-255,66,132926,9,139629
42838,0.04,172.31.36.0-255,172,133098,9,139629
42839,0.040036,172.31.36.0-255,1115,134213,9,139629
42840,0.040101,172.31.36.0-255,1514,135727,9,139629
42841,0.040103,172.31.36.0-255,1514,137241,9,139629
42842,0.040104,172.31.36.0-255,1514,138755,9,139629
42843,0.040105,172.31.36.0-255,610,139365,9,139629
42844,0.041542,104.244.42.0-255,66,139431,9,139629
42845,0.041553,104.244.42.0-255,66,139497,9,139629
42846,0.041649,104.244.42.0-255,66,139563,9,139629
42847,0.041655,104.244.42.0-255,66,139629,9,139629
42848,0.0,74.125.200.0-255,153,153,9,310966
42849,1.6e-05,172.31.36.0-255,66,219,9,310966
42850,2.3e-05,74.125.200.0-255,1484,1703,9,310966
42851,2.8e-05,172.31.36.0-255,66,1769,9,310966
42852,4.1e-05,74.125.200.0-255,2902,4671,9,310966
42853,4.5e-05,172.31.36.0-255,66,4737,9,310966
42854,5.4e-05,74.125.200.0-255,7156,11893,9,310966
42855,5.7e-05,172.31.36.0-255,66,11959,9,310966
42856,6.1e-05,74.125.200.0-255,1975,13934,9,310966
42857,6.4e-05,172.31.36.0-255,66,14000,9,310966
42858,6.8e-05,74.125.200.0-255,1484,15484,9,310966
42859,7e-05,172.31.36.0-255,66,15550,9,310966
42860,0.000104,74.125.200.0-255,1484,17034,9,310966
42861,0.000108,172.31.36.0-255,66,17100,9,310966
42862,0.000116,74.125.200.0-255,7156,24256,9,310966
42863,0.000119,172.31.36.0-255,66,24322,9,310966
42864,0.000124,74.125.200.0-255,4320,28642,9,310966
42865,0.000126,172.31.36.0-255,66,28708,9,310966
42866,0.00017,74.125.200.0-255,2543,31251,9,310966
42867,0.000173,172.31.36.0-255,66,31317,9,310966
42868,0.000198,74.125.200.0-255,2902,34219,9,310966
42869,0.000201,172.31.36.0-255,66,34285,9,310966
42870,0.000204,74.125.200.0-255,1484,35769,9,310966
42871,0.000207,172.31.36.0-255,66,35835,9,310966
42872,0.000211,74.125.200.0-255,2902,38737,9,310966
42873,0.000213,172.31.36.0-255,66,38803,9,310966
42874,0.000239,74.125.200.0-255,2902,41705,9,310966
42875,0.000242,172.31.36.0-255,66,41771,9,310966
42876,0.000271,74.125.200.0-255,2902,44673,9,310966
42877,0.000274,172.31.36.0-255,66,44739,9,310966
42878,0.000279,74.125.200.0-255,3961,48700,9,310966
42879,0.000282,172.31.36.0-255,66,48766,9,310966
42880,0.000872,74.125.200.0-255,1484,50250,9,310966
42881,0.000877,74.125.200.0-255,1484,51734,9,310966
42882,0.000882,172.31.36.0-255,66,51800,9,310966
42883,0.000911,74.125.200.0-255,1484,53284,9,310966
42884,0.000918,74.125.200.0-255,5738,59022,9,310966
42885,0.000925,74.125.200.0-255,6797,65819,9,310966
42886,0.000942,172.31.36.0-255,66,65885,9,310966
42887,0.001003,74.125.200.0-255,1484,67369,9,310966
42888,0.001008,74.125.200.0-255,2902,70271,9,310966
42889,0.001012,74.125.200.0-255,2902,73173,9,310966
42890,0.00105,172.31.36.0-255,66,73239,9,310966
42891,0.001057,74.125.200.0-255,4320,77559,9,310966
42892,0.001059,74.125.200.0-255,1484,79043,9,310966
42893,0.001064,172.31.36.0-255,66,79109,9,310966
42894,0.001117,74.125.200.0-255,1484,80593,9,310966
42895,0.001122,74.125.200.0-255,2543,83136,9,310966
42896,0.001127,172.31.36.0-255,66,83202,9,310966
42897,0.001449,74.125.200.0-255,1484,84686,9,310966
42898,0.001467,74.125.200.0-255,2902,87588,9,310966
42899,0.00147,172.31.36.0-255,66,87654,9,310966
42900,0.001495,74.125.200.0-255,1484,89138,9,310966
42901,0.001515,74.125.200.0-255,2902,92040,9,310966
42902,0.001518,172.31.36.0-255,66,92106,9,310966
42903,0.001524,74.125.200.0-255,4320,96426,9,310966
42904,0.001543,74.125.200.0-255,5738,102164,9,310966
42905,0.00156,172.31.36.0-255,66,102230,9,310966
42906,0.001591,74.125.200.0-255,2902,105132,9,310966
42907,0.001595,74.125.200.0-255,2902,108034,9,310966
42908,0.001606,172.31.36.0-255,66,108100,9,310966
42909,0.001613,74.125.200.0-255,766,108866,9,310966
42910,0.001751,74.125.200.0-255,1484,110350,9,310966
42911,0.001755,74.125.200.0-255,1484,111834,9,310966
42912,0.00176,172.31.36.0-255,66,111900,9,310966
42913,0.00177,74.125.200.0-255,1484,113384,9,310966
42914,0.001781,74.125.200.0-255,4320,117704,9,310966
42915,0.001784,74.125.200.0-255,2902,120606,9,310966
42916,0.001799,74.125.200.0-255,2902,123508,9,310966
42917,0.001824,74.125.200.0-255,1484,124992,9,310966
42918,0.00183,172.31.36.0-255,66,125058,9,310966
42919,0.001868,74.125.200.0-255,4320,129378,9,310966
42920,0.001881,172.31.36.0-255,66,129444,9,310966
42921,0.001896,74.125.200.0-255,3602,133046,9,310966
42922,0.001902,172.31.36.0-255,66,133112,9,310966
42923,0.002015,74.125.200.0-255,1484,134596,9,310966
42924,0.002021,74.125.200.0-255,2902,137498,9,310966
42925,0.002028,172.31.36.0-255,66,137564,9,310966
42926,0.002039,74.125.200.0-255,4320,141884,9,310966
42927,0.002075,172.31.36.0-255,66,141950,9,310966
42928,0.002097,172.31.36.0-255,66,142016,9,310966
42929,0.002134,74.125.200.0-255,4320,146336,9,310966
42930,0.002149,74.125.200.0-255,3602,149938,9,310966
42931,0.002158,172.31.36.0-255,66,150004,9,310966
42932,0.002203,74.125.200.0-255,1484,151488,9,310966
42933,0.002226,74.125.200.0-255,2902,154390,9,310966
42934,0.002228,74.125.200.0-255,1484,155874,9,310966
42935,0.002238,172.31.36.0-255,66,155940,9,310966
42936,0.002243,74.125.200.0-255,1484,157424,9,310966
42937,0.002263,74.125.200.0-255,1484,158908,9,310966
42938,0.00227,74.125.200.0-255,5738,164646,9,310966
42939,0.002284,74.125.200.0-255,5738,170384,9,310966
42940,0.002299,74.125.200.0-255,5738,176122,9,310966
42941,0.002313,172.31.36.0-255,66,176188,9,310966
42942,0.002352,74.125.200.0-255,5738,181926,9,310966
42943,0.002357,172.31.36.0-255,66,181992,9,310966
42944,0.002368,74.125.200.0-255,2184,184176,9,310966
42945,0.00239,172.31.36.0-255,66,184242,9,310966
42946,0.00247,74.125.200.0-255,1484,185726,9,310966
42947,0.002476,74.125.200.0-255,2902,188628,9,310966
42948,0.002487,74.125.200.0-255,1484,190112,9,310966
42949,0.002494,172.31.36.0-255,66,190178,9,310966
42950,0.002522,74.125.200.0-255,5738,195916,9,310966
42951,0.002534,74.125.200.0-255,1484,197400,9,310966
42952,0.002552,74.125.200.0-255,2902,200302,9,310966
42953,0.002581,74.125.200.0-255,1484,201786,9,310966
42954,0.002596,74.125.200.0-255,4320,206106,9,310966
42955,0.002598,74.125.200.0-255,1484,207590,9,310966
42956,0.002658,74.125.200.0-255,2184,209774,9,310966
42957,0.00282,74.125.200.0-255,1484,211258,9,310966
42958,0.002844,74.125.200.0-255,1484,212742,9,310966
42959,0.002848,74.125.200.0-255,1484,214226,9,310966
42960,0.00287,74.125.200.0-255,1484,215710,9,310966
42961,0.002876,74.125.200.0-255,5738,221448,9,310966
42962,0.002896,74.125.200.0-255,7156,228604,9,310966
42963,0.002917,74.125.200.0-255,5738,234342,9,310966
42964,0.002935,74.125.200.0-255,2902,237244,9,310966
42965,0.002969,74.125.200.0-255,1484,238728,9,310966
42966,0.003015,74.125.200.0-255,1484,240212,9,310966
42967,0.003021,74.125.200.0-255,5738,245950,9,310966
42968,0.00303,74.125.200.0-255,7156,253106,9,310966
42969,0.003053,74.125.200.0-255,5020,258126,9,310966
42970,0.003078,74.125.200.0-255,5738,263864,9,310966
42971,0.003081,74.125.200.0-255,1484,265348,9,310966
42972,0.003119,74.125.200.0-255,5738,271086,9,310966
42973,0.003158,74.125.200.0-255,7156,278242,9,310966
42974,0.003192,74.125.200.0-255,4320,282562,9,310966
42975,0.003227,74.125.200.0-255,4320,286882,9,310966
42976,0.00323,74.125.200.0-255,1484,288366,9,310966
42977,0.003282,74.125.200.0-255,5020,293386,9,310966
42978,0.003285,74.125.200.0-255,1484,294870,9,310966
42979,0.003298,74.125.200.0-255,1484,296354,9,310966
42980,0.003314,74.125.200.0-255,7156,303510,9,310966
42981,0.003328,74.125.200.0-255,1402,304912,9,310966
42982,0.003378,74.125.200.0-255,105,305017,9,310966
42983,0.009004,172.31.36.0-255,66,305083,9,310966
42984,0.01107,172.31.36.0-255,105,305188,9,310966
42985,0.013386,74.125.200.0-255,66,305254,9,310966
42986,0.039968,172.31.36.0-255,172,305426,9,310966
42987,0.040006,172.31.36.0-255,1118,306544,9,310966
42988,0.040088,172.31.36.0-255,1514,308058,9,310966
42989,0.04009,172.31.36.0-255,1514,309572,9,310966
42990,0.040113,172.31.36.0-255,1130,310702,9,310966
42991,0.041516,104.244.42.0-255,66,310768,9,310966
42992,0.041627,104.244.42.0-255,66,310834,9,310966
42993,0.041675,104.244.42.0-255,66,310900,9,310966
42994,0.041679,104.244.42.0-255,66,310966,9,310966
42995,0.0,172.217.194.0-255,150,150,9,314022
42996,1.8e-05,172.31.36.0-255,66,216,9,314022
42997,2.5e-05,172.217.194.0-255,1484,1700,9,314022
42998,2.9e-05,172.31.36.0-255,66,1766,9,314022
42999,3.4e-05,172.217.194.0-255,2902,4668,9,314022
43000,3.8e-05,172.31.36.0-255,66,4734,9,314022
43001,4.5e-05,172.217.194.0-255,7156,11890,9,314022
43002,4.8e-05,172.31.36.0-255,66,11956,9,314022
43003,5.2e-05,172.217.194.0-255,2049,14005,9,314022
43004,5.4e-05,172.31.36.0-255,66,14071,9,314022
43005,0.000558,172.217.194.0-255,1484,15555,9,314022
43006,0.000564,172.31.36.0-255,66,15621,9,314022
43007,0.000572,172.217.194.0-255,2902,18523,9,314022
43008,0.000574,172.31.36.0-255,66,18589,9,314022
43009,0.00058,172.217.194.0-255,5738,24327,9,314022
43010,0.000582,172.31.36.0-255,66,24393,9,314022
43011,0.0006,172.217.194.0-255,2902,27295,9,314022
43012,0.000602,172.31.36.0-255,66,27361,9,314022
43013,0.000615,172.217.194.0-255,3961,31322,9,314022
43014,0.000618,172.31.36.0-255,66,31388,9,314022
43015,0.000794,172.217.194.0-255,1484,32872,9,314022
43016,0.000799,172.31.36.0-255,66,32938,9,314022
43017,0.000804,172.217.194.0-255,2902,35840,9,314022
43018,0.000806,172.31.36.0-255,66,35906,9,314022
43019,0.000833,172.217.194.0-255,5738,41644,9,314022
43020,0.000836,172.31.36.0-255,66,41710,9,314022
43021,0.000862,172.217.194.0-255,4320,46030,9,314022
43022,0.000866,172.31.36.0-255,66,46096,9,314022
43023,0.000893,172.31.36.0-255,66,46162,9,314022
43024,0.000913,172.217.194.0-255,2902,49064,9,314022
43025,0.000915,172.31.36.0-255,66,49130,9,314022
43026,0.000939,172.217.194.0-255,6797,55927,9,314022
43027,0.001163,172.31.36.0-255,66,55993,9,314022
43028,0.001924,172.217.194.0-255,646,56639,9,314022
43029,0.001992,172.217.194.0-255,1484,58123,9,314022
43030,0.001998,172.31.36.0-255,66,58189,9,314022
43031,0.002016,172.217.194.0-255,2902,61091,9,314022
43032,0.002035,172.217.194.0-255,5738,66829,9,314022
43033,0.002046,172.217.194.0-255,1484,68313,9,314022
43034,0.004207,172.31.36.0-255,66,68379,9,314022
43035,0.006452,172.217.194.0-255,4320,72699,9,314022
43036,0.006457,172.31.36.0-255,66,72765,9,314022
43037,0.00647,172.217.194.0-255,1484,74249,9,314022
43038,0.008684,172.217.194.0-255,4320,78569,9,314022
43039,0.008692,172.31.36.0-255,66,78635,9,314022
43040,0.010943,172.217.194.0-255,5738,84373,9,314022
43041,0.013858,172.31.36.0-255,66,84439,9,314022
43042,0.016097,172.217.194.0-255,5738,90177,9,314022
43043,0.01611,172.31.36.0-255,66,90243,9,314022
43044,0.018355,172.217.194.0-255,5738,95981,9,314022
43045,0.018367,172.31.36.0-255,66,96047,9,314022
43046,0.020593,172.217.194.0-255,5738,101785,9,314022
43047,0.0206,172.31.36.0-255,66,101851,9,314022
43048,0.022825,172.217.194.0-255,5738,107589,9,314022
43049,0.022833,172.31.36.0-255,66,107655,9,314022
43050,0.025053,172.217.194.0-255,5738,113393,9,314022
43051,0.025063,172.31.36.0-255,66,113459,9,314022
43052,0.027314,172.217.194.0-255,5738,119197,9,314022
43053,0.027324,172.31.36.0-255,66,119263,9,314022
43054,0.029599,172.217.194.0-255,5738,125001,9,314022
43055,0.029607,172.31.36.0-255,66,125067,9,314022
43056,0.03187,172.217.194.0-255,5738,130805,9,314022
43057,0.031879,172.31.36.0-255,66,130871,9,314022
43058,0.034108,172.217.194.0-255,5738,136609,9,314022
43059,0.034116,172.31.36.0-255,66,136675,9,314022
43060,0.034674,172.31.36.0-255,176,136851,9,314022
43061,0.034711,172.31.36.0-255,1115,137966,9,314022
43062,0.034786,172.31.36.0-255,1514,139480,9,314022
43063,0.034788,172.31.36.0-255,1514,140994,9,314022
43064,0.034789,172.31.36.0-255,1514,142508,9,314022
43065,0.03479,172.31.36.0-255,1514,144022,9,314022
43066,0.034818,172.31.36.0-255,1486,145508,9,314022
43067,0.036229,104.244.42.0-255,66,145574,9,314022
43068,0.036275,104.244.42.0-255,66,145640,9,314022
43069,0.036367,172.217.194.0-255,5738,151378,9,314022
43070,0.036373,172.31.36.0-255,66,151444,9,314022
43071,0.036404,104.244.42.0-255,66,151510,9,314022
43072,0.038609,172.217.194.0-255,5738,157248,9,314022
43073,0.038618,172.31.36.0-255,66,157314,9,314022
43074,0.040876,172.217.194.0-255,5738,163052,9,314022
43075,0.040883,172.31.36.0-255,66,163118,9,314022
43076,0.04311,172.217.194.0-255,5738,168856,9,314022
43077,0.043117,172.31.36.0-255,66,168922,9,314022
43078,0.045361,172.217.194.0-255,5738,174660,9,314022
43079,0.045368,172.31.36.0-255,66,174726,9,314022
43080,0.047608,172.217.194.0-255,5738,180464,9,314022
43081,0.047615,172.31.36.0-255,66,180530,9,314022
43082,0.049863,172.217.194.0-255,5738,186268,9,314022
43083,0.049873,172.31.36.0-255,66,186334,9,314022
43084,0.052136,172.217.194.0-255,5738,192072,9,314022
43085,0.052142,172.31.36.0-255,66,192138,9,314022
43086,0.054376,172.217.194.0-255,5738,197876,9,314022
43087,0.054382,172.31.36.0-255,66,197942,9,314022
43088,0.056651,172.217.194.0-255,5738,203680,9,314022
43089,0.056657,172.31.36.0-255,66,203746,9,314022
43090,0.058908,172.217.194.0-255,5738,209484,9,314022
43091,0.058914,172.31.36.0-255,66,209550,9,314022
43092,0.061157,172.217.194.0-255,5738,215288,9,314022
43093,0.061165,172.31.36.0-255,66,215354,9,314022
43094,0.063422,172.217.194.0-255,5738,221092,9,314022
43095,0.063429,172.31.36.0-255,66,221158,9,314022
43096,0.065685,172.217.194.0-255,5738,226896,9,314022
43097,0.06569,172.31.36.0-255,66,226962,9,314022
43098,0.067909,172.217.194.0-255,5738,232700,9,314022
43099,0.067915,172.31.36.0-255,66,232766,9,314022
43100,0.070179,172.217.194.0-255,5738,238504,9,314022
43101,0.070184,172.31.36.0-255,66,238570,9,314022
43102,0.072464,172.217.194.0-255,5738,244308,9,314022
43103,0.072471,172.31.36.0-255,66,244374,9,314022
43104,0.074722,172.217.194.0-255,5738,250112,9,314022
43105,0.074728,172.31.36.0-255,66,250178,9,314022
43106,0.076993,172.217.194.0-255,5738,255916,9,314022
43107,0.077005,172.31.36.0-255,66,255982,9,314022
43108,0.07927,172.217.194.0-255,5738,261720,9,314022
43109,0.079278,172.31.36.0-255,66,261786,9,314022
43110,0.081551,172.217.194.0-255,5738,267524,9,314022
43111,0.081559,172.31.36.0-255,66,267590,9,314022
43112,0.083826,172.217.194.0-255,5738,273328,9,314022
43113,0.083834,172.31.36.0-255,66,273394,9,314022
43114,0.086079,172.217.194.0-255,5738,279132,9,314022
43115,0.086086,172.31.36.0-255,66,279198,9,314022
43116,0.088315,172.217.194.0-255,5738,284936,9,314022
43117,0.088322,172.31.36.0-255,66,285002,9,314022
43118,0.0906,172.217.194.0-255,5738,290740,9,314022
43119,0.090607,172.31.36.0-255,66,290806,9,314022
43120,0.092871,172.217.194.0-255,5738,296544,9,314022
43121,0.092878,172.31.36.0-255,66,296610,9,314022
43122,0.095108,172.217.194.0-255,5738,302348,9,314022
43123,0.095114,172.31.36.0-255,66,302414,9,314022
43124,0.097356,172.217.194.0-255,5738,308152,9,314022
43125,0.097361,172.31.36.0-255,66,308218,9,314022
43126,0.099617,172.217.194.0-255,5738,313956,9,314022
43127,0.099623,172.31.36.0-255,66,314022,9,314022
43128,0.0,172.217.160.0-255,297,297,9,331241
43129,2e-05,172.31.36.0-255,66,363,9,331241
43130,2.7e-05,172.217.160.0-255,1484,1847,9,331241
43131,3.1e-05,172.31.36.0-255,66,1913,9,331241
43132,3.9e-05,172.217.160.0-255,4320,6233,9,331241
43133,4.2e-05,172.31.36.0-255,66,6299,9,331241
43134,5.4e-05,172.31.36.0-255,66,6365,9,331241
43135,6e-05,172.217.160.0-255,4320,10685,9,331241
43136,6.2e-05,172.31.36.0-255,66,10751,9,331241
43137,0.000101,172.31.36.0-255,66,10817,9,331241
43138,0.000105,172.217.160.0-255,2543,13360,9,331241
43139,0.000107,172.31.36.0-255,66,13426,9,331241
43140,0.000131,172.217.160.0-255,1484,14910,9,331241
43141,0.000134,172.31.36.0-255,66,14976,9,331241
43142,0.000139,172.217.160.0-255,2902,17878,9,331241
43143,0.000142,172.31.36.0-255,66,17944,9,331241
43144,0.000147,172.217.160.0-255,4320,22264,9,331241
43145,0.000149,172.31.36.0-255,66,22330,9,331241
43146,0.000166,172.217.160.0-255,1484,23814,9,331241
43147,0.000168,172.31.36.0-255,66,23880,9,331241
43148,0.000188,172.217.160.0-255,6797,30677,9,331241
43149,0.000191,172.31.36.0-255,66,30743,9,331241
43150,0.000216,172.217.160.0-255,2902,33645,9,331241
43151,0.000218,172.31.36.0-255,66,33711,9,331241
43152,0.00023,172.217.160.0-255,4320,38031,9,331241
43153,0.000232,172.31.36.0-255,66,38097,9,331241
43154,0.000251,172.217.160.0-255,1484,39581,9,331241
43155,0.000253,172.31.36.0-255,66,39647,9,331241
43156,0.000278,172.31.36.0-255,66,39713,9,331241
43157,0.00028,172.217.160.0-255,336,40049,9,331241
43158,0.000604,172.217.160.0-255,123,40172,9,331241
43159,0.000697,172.217.160.0-255,1484,41656,9,331241
43160,0.000703,172.31.36.0-255,66,41722,9,331241
43161,0.000709,172.217.160.0-255,2902,44624,9,331241
43162,0.000713,172.31.36.0-255,66,44690,9,331241
43163,0.000719,172.217.160.0-255,5738,50428,9,331241
43164,0.000722,172.31.36.0-255,66,50494,9,331241
43165,0.00074,172.217.160.0-255,2902,53396,9,331241
43166,0.000744,172.31.36.0-255,66,53462,9,331241
43167,0.000769,172.217.160.0-255,3961,57423,9,331241
43168,0.000773,172.31.36.0-255,66,57489,9,331241
43169,0.000781,172.217.160.0-255,7156,64645,9,331241
43170,0.000783,172.31.36.0-255,66,64711,9,331241
43171,0.000787,172.217.160.0-255,1484,66195,9,331241
43172,0.000791,172.217.160.0-255,2902,69097,9,331241
43173,0.000793,172.31.36.0-255,66,69163,9,331241
43174,0.00082,172.217.160.0-255,4320,73483,9,331241
43175,0.000823,172.31.36.0-255,66,73549,9,331241
43176,0.000826,172.217.160.0-255,1125,74674,9,331241
43177,0.001121,172.217.160.0-255,1484,76158,9,331241
43178,0.001127,172.31.36.0-255,66,76224,9,331241
43179,0.001134,172.217.160.0-255,2902,79126,9,331241
43180,0.001137,172.31.36.0-255,66,79192,9,331241
43181,0.001143,172.217.160.0-255,5738,84930,9,331241
43182,0.001145,172.31.36.0-255,66,84996,9,331241
43183,0.001194,172.31.36.0-255,66,85062,9,331241
43184,0.001209,172.217.160.0-255,4320,89382,9,331241
43185,0.001213,172.31.36.0-255,66,89448,9,331241
43186,0.001232,172.217.160.0-255,6438,95886,9,331241
43187,0.001236,172.31.36.0-255,66,95952,9,331241
43188,0.001261,172.217.160.0-255,7156,103108,9,331241
43189,0.001264,172.31.36.0-255,66,103174,9,331241
43190,0.001288,172.217.160.0-255,1484,104658,9,331241
43191,0.001301,172.31.36.0-255,66,104724,9,331241
43192,0.001307,172.217.160.0-255,4320,109044,9,331241
43193,0.00131,172.31.36.0-255,66,109110,9,331241
43194,0.001336,172.31.36.0-255,66,109176,9,331241
43195,0.001459,172.217.160.0-255,1484,110660,9,331241
43196,0.001467,172.217.160.0-255,2902,113562,9,331241
43197,0.001472,172.31.36.0-255,66,113628,9,331241
43198,0.001479,172.217.160.0-255,5738,119366,9,331241
43199,0.001481,172.31.36.0-255,66,119432,9,331241
43200,0.001486,172.217.160.0-255,4320,123752,9,331241
43201,0.001489,172.31.36.0-255,66,123818,9,331241
43202,0.001534,172.31.36.0-255,66,123884,9,331241
43203,0.001545,172.31.36.0-255,66,123950,9,331241
43204,0.001563,172.217.160.0-255,5738,129688,9,331241
43205,0.001567,172.31.36.0-255,66,129754,9,331241
43206,0.00158,172.217.160.0-255,1484,131238,9,331241
43207,0.00161,172.31.36.0-255,66,131304,9,331241
43208,0.001621,172.217.160.0-255,5738,137042,9,331241
43209,0.001626,172.31.36.0-255,66,137108,9,331241
43210,0.001658,172.217.160.0-255,2184,139292,9,331241
43211,0.001703,172.217.160.0-255,1484,140776,9,331241
43212,0.001707,172.31.36.0-255,66,140842,9,331241
43213,0.00336,172.217.160.0-255,4320,145162,9,331241
43214,0.003366,172.31.36.0-255,66,145228,9,331241
43215,0.005022,172.217.160.0-255,5738,150966,9,331241
43216,0.005027,172.31.36.0-255,66,151032,9,331241
43217,0.006674,172.217.160.0-255,5738,156770,9,331241
43218,0.00668,172.31.36.0-255,66,156836,9,331241
43219,0.008337,172.217.160.0-255,5738,162574,9,331241
43220,0.008344,172.31.36.0-255,66,162640,9,331241
43221,0.010012,172.217.160.0-255,5738,168378,9,331241
43222,0.01002,172.31.36.0-255,66,168444,9,331241
43223,0.011678,172.217.160.0-255,5738,174182,9,331241
43224,0.011684,172.31.36.0-255,66,174248,9,331241
43225,0.013332,172.217.160.0-255,5738,179986,9,331241
43226,0.013335,172.31.36.0-255,66,180052,9,331241
43227,0.014999,172.217.160.0-255,5738,185790,9,331241
43228,0.015005,172.31.36.0-255,66,185856,9,331241
43229,0.016662,172.217.160.0-255,5738,191594,9,331241
43230,0.016672,172.31.36.0-255,66,191660,9,331241
43231,0.018327,172.217.160.0-255,5738,197398,9,331241
43232,0.018336,172.31.36.0-255,66,197464,9,331241
43233,0.019989,172.217.160.0-255,5738,203202,9,331241
43234,0.019999,172.31.36.0-255,66,203268,9,331241
43235,0.021655,172.217.160.0-255,5738,209006,9,331241
43236,0.021662,172.31.36.0-255,66,209072,9,331241
43237,0.023333,172.217.160.0-255,5738,214810,9,331241
43238,0.023342,172.31.36.0-255,66,214876,9,331241
43239,0.024994,172.217.160.0-255,5738,220614,9,331241
43240,0.025004,172.31.36.0-255,66,220680,9,331241
43241,0.026657,172.217.160.0-255,5738,226418,9,331241
43242,0.026664,172.31.36.0-255,66,226484,9,331241
43243,0.028376,172.217.160.0-255,5738,232222,9,331241
43244,0.028383,172.31.36.0-255,66,232288,9,331241
43245,0.030037,172.217.160.0-255,5738,238026,9,331241
43246,0.030042,172.31.36.0-255,66,238092,9,331241
43247,0.031704,172.217.160.0-255,5738,243830,9,331241
43248,0.031711,172.31.36.0-255,66,243896,9,331241
43249,0.033371,172.217.160.0-255,5738,249634,9,331241
43250,0.033378,172.31.36.0-255,66,249700,9,331241
43251,0.035044,172.217.160.0-255,5738,255438,9,331241
43252,0.035051,172.31.36.0-255,66,255504,9,331241
43253,0.036705,172.217.160.0-255,5738,261242,9,331241
43254,0.036712,172.31.36.0-255,66,261308,9,331241
43255,0.038363,172.217.160.0-255,5738,267046,9,331241
43256,0.03837,172.31.36.0-255,66,267112,9,331241
43257,0.040028,172.217.160.0-255,5738,272850,9,331241
43258,0.040054,172.31.36.0-255,66,272916,9,331241
43259,0.041708,172.217.160.0-255,5738,278654,9,331241
43260,0.041715,172.31.36.0-255,66,278720,9,331241
43261,0.043372,172.217.160.0-255,5738,284458,9,331241
43262,0.043378,172.31.36.0-255,66,284524,9,331241
43263,0.045028,172.217.160.0-255,5738,290262,9,331241
43264,0.045035,172.31.36.0-255,66,290328,9,331241
43265,0.046683,172.217.160.0-255,5738,296066,9,331241
43266,0.04669,172.31.36.0-255,66,296132,9,331241
43267,0.048351,172.217.160.0-255,5738,301870,9,331241
43268,0.048358,172.31.36.0-255,66,301936,9,331241
43269,0.050021,172.217.160.0-255,5738,307674,9,331241
43270,0.050028,172.31.36.0-255,66,307740,9,331241
43271,0.050244,172.31.36.0-255,172,307912,9,331241
43272,0.050272,172.31.36.0-255,1116,309028,9,331241
43273,0.050319,172.31.36.0-255,1514,310542,9,331241
43274,0.050321,172.31.36.0-255,1514,312056,9,331241
43275,0.050322,172.31.36.0-255,1514,313570,9,331241
43276,0.050323,172.31.36.0-255,1514,315084,9,331241
43277,0.050324,172.31.36.0-255,1381,316465,9,331241
43278,0.051691,172.217.160.0-255,5738,322203,9,331241
43279,0.051698,172.31.36.0-255,66,322269,9,331241
43280,0.051814,104.244.42.0-255,66,322335,9,331241
43281,0.051822,104.244.42.0-255,66,322401,9,331241
43282,0.051902,104.244.42.0-255,66,322467,9,331241
43283,0.051907,104.244.42.0-255,66,322533,9,331241
43284,0.053369,172.217.160.0-255,4320,326853,9,331241
43285,0.053376,172.31.36.0-255,66,326919,9,331241
43286,0.053395,172.217.160.0-255,1484,328403,9,331241
43287,0.05503,172.217.160.0-255,2601,331004,9,331241
43288,0.055037,172.31.36.0-255,66,331070,9,331241
43289,0.055491,172.31.36.0-255,105,331175,9,331241
43290,0.057111,172.217.160.0-255,66,331241,9,331241
43291,0.0,74.125.24.0-255,153,153,9,252788
43292,5.2e-05,172.31.36.0-255,66,219,9,252788
43293,6e-05,74.125.24.0-255,1484,1703,9,252788
43294,6.4e-05,172.31.36.0-255,66,1769,9,252788
43295,6.9e-05,74.125.24.0-255,2902,4671,9,252788
43296,7.2e-05,172.31.36.0-255,66,4737,9,252788
43297,7.9e-05,74.125.24.0-255,7156,11893,9,252788
43298,8.2e-05,172.31.36.0-255,66,11959,9,252788
43299,9.8e-05,172.31.36.0-255,66,12025,9,252788
43300,0.00012,74.125.24.0-255,2543,14568,9,252788
43301,0.000123,172.31.36.0-255,66,14634,9,252788
43302,0.000169,74.125.24.0-255,1484,16118,9,252788
43303,0.000172,172.31.36.0-255,66,16184,9,252788
43304,0.000177,74.125.24.0-255,2902,19086,9,252788
43305,0.00018,172.31.36.0-255,66,19152,9,252788
43306,0.000184,74.125.24.0-255,1484,20636,9,252788
43307,0.000187,172.31.36.0-255,66,20702,9,252788
43308,0.000219,74.125.24.0-255,4320,25022,9,252788
43309,0.000223,172.31.36.0-255,66,25088,9,252788
43310,0.00023,74.125.24.0-255,6797,31885,9,252788
43311,0.000232,172.31.36.0-255,66,31951,9,252788
43312,0.000274,172.31.36.0-255,66,32017,9,252788
43313,0.000279,74.125.24.0-255,2818,34835,9,252788
43314,0.000281,172.31.36.0-255,66,34901,9,252788
43315,0.000284,74.125.24.0-255,413,35314,9,252788
43316,0.000287,172.31.36.0-255,66,35380,9,252788
43317,0.000498,74.125.24.0-255,1484,36864,9,252788
43318,0.000502,172.31.36.0-255,66,36930,9,252788
43319,0.000507,74.125.24.0-255,2902,39832,9,252788
43320,0.000511,172.31.36.0-255,66,39898,9,252788
43321,0.000522,74.125.24.0-255,2902,42800,9,252788
43322,0.000525,172.31.36.0-255,66,42866,9,252788
43323,0.000545,74.125.24.0-255,2902,45768,9,252788
43324,0.00055,172.31.36.0-255,66,45834,9,252788
43325,0.000558,172.31.36.0-255,66,45900,9,252788
43326,0.000562,74.125.24.0-255,2902,48802,9,252788
43327,0.000567,172.31.36.0-255,66,48868,9,252788
43328,0.000587,74.125.24.0-255,7156,56024,9,252788
43329,0.00059,172.31.36.0-255,66,56090,9,252788
43330,0.000593,74.125.24.0-255,215,56305,9,252788
43331,0.000705,74.125.24.0-255,1484,57789,9,252788
43332,0.00071,172.31.36.0-255,66,57855,9,252788
43333,0.000716,74.125.24.0-255,2902,60757,9,252788
43334,0.000719,172.31.36.0-255,66,60823,9,252788
43335,0.000723,74.125.24.0-255,2902,63725,9,252788
43336,0.000725,172.31.36.0-255,66,63791,9,252788
43337,0.000744,74.125.24.0-255,2902,66693,9,252788
43338,0.000747,172.31.36.0-255,66,66759,9,252788
43339,0.000773,172.31.36.0-255,66,66825,9,252788
43340,0.000794,74.125.24.0-255,2902,69727,9,252788
43341,0.000797,172.31.36.0-255,66,69793,9,252788
43342,0.000803,74.125.24.0-255,7156,76949,9,252788
43343,0.000806,172.31.36.0-255,66,77015,9,252788
43344,0.000833,74.125.24.0-255,3602,80617,9,252788
43345,0.000837,172.31.36.0-255,66,80683,9,252788
43346,0.000955,74.125.24.0-255,1484,82167,9,252788
43347,0.000968,74.125.24.0-255,2902,85069,9,252788
43348,0.000972,172.31.36.0-255,66,85135,9,252788
43349,0.000978,74.125.24.0-255,5738,90873,9,252788
43350,0.000981,172.31.36.0-255,66,90939,9,252788
43351,0.001001,74.125.24.0-255,2902,93841,9,252788
43352,0.001005,172.31.36.0-255,66,93907,9,252788
43353,0.001022,74.125.24.0-255,5738,99645,9,252788
43354,0.001025,172.31.36.0-255,66,99711,9,252788
43355,0.001052,74.125.24.0-255,4320,104031,9,252788
43356,0.001058,172.31.36.0-255,66,104097,9,252788
43357,0.001063,172.31.36.0-255,66,104163,9,252788
43358,0.001065,74.125.24.0-255,766,104929,9,252788
43359,0.001113,74.125.24.0-255,1484,106413,9,252788
43360,0.001116,172.31.36.0-255,66,106479,9,252788
43361,0.00112,74.125.24.0-255,1484,107963,9,252788
43362,0.001138,74.125.24.0-255,2902,110865,9,252788
43363,0.001141,172.31.36.0-255,66,110931,9,252788
43364,0.001147,74.125.24.0-255,7156,118087,9,252788
43365,0.00115,172.31.36.0-255,66,118153,9,252788
43366,0.001194,172.31.36.0-255,66,118219,9,252788
43367,0.0012,74.125.24.0-255,5020,123239,9,252788
43368,0.001202,172.31.36.0-255,66,123305,9,252788
43369,0.00126,74.125.24.0-255,1484,124789,9,252788
43370,0.001264,74.125.24.0-255,1484,126273,9,252788
43371,0.001267,172.31.36.0-255,66,126339,9,252788
43372,0.001287,74.125.24.0-255,1484,127823,9,252788
43373,0.001293,74.125.24.0-255,5738,133561,9,252788
43374,0.001295,172.31.36.0-255,66,133627,9,252788
43375,0.0013,74.125.24.0-255,2902,136529,9,252788
43376,0.001303,172.31.36.0-255,66,136595,9,252788
43377,0.001329,172.31.36.0-255,66,136661,9,252788
43378,0.001339,172.31.36.0-255,66,136727,9,252788
43379,0.001358,74.125.24.0-255,2184,138911,9,252788
43380,0.001361,172.31.36.0-255,66,138977,9,252788
43381,0.001528,74.125.24.0-255,1484,140461,9,252788
43382,0.001542,74.125.24.0-255,2902,143363,9,252788
43383,0.001546,172.31.36.0-255,66,143429,9,252788
43384,0.001569,74.125.24.0-255,5738,149167,9,252788
43385,0.001575,172.31.36.0-255,66,149233,9,252788
43386,0.001582,74.125.24.0-255,4320,153553,9,252788
43387,0.001585,172.31.36.0-255,66,153619,9,252788
43388,0.001612,172.31.36.0-255,66,153685,9,252788
43389,0.001618,74.125.24.0-255,5738,159423,9,252788
43390,0.00162,172.31.36.0-255,66,159489,9,252788
43391,0.001638,74.125.24.0-255,1484,160973,9,252788
43392,0.001659,74.125.24.0-255,3602,164575,9,252788
43393,0.001662,172.31.36.0-255,66,164641,9,252788
43394,0.001688,74.125.24.0-255,5738,170379,9,252788
43395,0.001691,172.31.36.0-255,66,170445,9,252788
43396,0.001702,172.31.36.0-255,66,170511,9,252788
43397,0.00174,74.125.24.0-255,1484,171995,9,252788
43398,0.001773,172.31.36.0-255,66,172061,9,252788
43399,0.001778,74.125.24.0-255,3602,175663,9,252788
43400,0.00178,172.31.36.0-255,66,175729,9,252788
43401,0.001802,74.125.24.0-255,1484,177213,9,252788
43402,0.001807,74.125.24.0-255,2902,180115,9,252788
43403,0.00181,172.31.36.0-255,66,180181,9,252788
43404,0.001836,74.125.24.0-255,5738,185919,9,252788
43405,0.001841,172.31.36.0-255,66,185985,9,252788
43406,0.001847,74.125.24.0-255,5738,191723,9,252788
43407,0.00185,172.31.36.0-255,66,191789,9,252788
43408,0.001885,172.31.36.0-255,66,191855,9,252788
43409,0.001891,74.125.24.0-255,5020,196875,9,252788
43410,0.001893,172.31.36.0-255,66,196941,9,252788
43411,0.001935,74.125.24.0-255,1484,198425,9,252788
43412,0.001941,74.125.24.0-255,2902,201327,9,252788
43413,0.001944,172.31.36.0-255,66,201393,9,252788
43414,0.001977,74.125.24.0-255,5738,207131,9,252788
43415,0.001981,172.31.36.0-255,66,207197,9,252788
43416,0.001992,172.31.36.0-255,66,207263,9,252788
43417,0.002018,74.125.24.0-255,4320,211583,9,252788
43418,0.002021,172.31.36.0-255,66,211649,9,252788
43419,0.002025,74.125.24.0-255,2902,214551,9,252788
43420,0.002027,172.31.36.0-255,66,214617,9,252788
43421,0.002053,172.31.36.0-255,66,214683,9,252788
43422,0.00209,172.31.36.0-255,66,214749,9,252788
43423,0.002101,172.31.36.0-255,66,214815,9,252788
43424,0.004077,74.125.24.0-255,5738,220553,9,252788
43425,0.004083,172.31.36.0-255,66,220619,9,252788
43426,0.00607,74.125.24.0-255,2902,223521,9,252788
43427,0.006073,172.31.36.0-255,66,223587,9,252788
43428,0.006085,74.125.24.0-255,2902,226489,9,252788
43429,0.006087,172.31.36.0-255,66,226555,9,252788
43430,0.008036,74.125.24.0-255,2902,229457,9,252788
43431,0.008042,172.31.36.0-255,66,229523,9,252788
43432,0.008069,74.125.24.0-255,2902,232425,9,252788
43433,0.008071,172.31.36.0-255,66,232491,9,252788
43434,0.010026,74.125.24.0-255,2902,235393,9,252788
43435,0.010033,172.31.36.0-255,66,235459,9,252788
43436,0.010052,74.125.24.0-255,2902,238361,9,252788
43437,0.010055,172.31.36.0-255,66,238427,9,252788
43438,0.012019,74.125.24.0-255,4797,243224,9,252788
43439,0.012025,172.31.36.0-255,66,243290,9,252788
43440,0.012439,172.31.36.0-255,105,243395,9,252788
43441,0.014374,74.125.24.0-255,66,243461,9,252788
43442,0.035625,172.31.36.0-255,175,243636,9,252788
43443,0.035682,172.31.36.0-255,1139,244775,9,252788
43444,0.03578,172.31.36.0-255,1514,246289,9,252788
43445,0.035782,172.31.36.0-255,1514,247803,9,252788
43446,0.035787,172.31.36.0-255,1514,249317,9,252788
43447,0.035789,172.31.36.0-255,1514,250831,9,252788
43448,0.035815,172.31.36.0-255,1514,252345,9,252788
43449,0.035816,172.31.36.0-255,179,252524,9,252788
43450,0.037168,104.244.42.0-255,66,252590,9,252788
43451,0.037205,104.244.42.0-255,66,252656,9,252788
43452,0.037333,104.244.42.0-255,66,252722,9,252788
43453,0.037337,104.244.42.0-255,66,252788,9,252788
43454,0.0,172.31.36.0-255,188,188,9,12053
43455,6.3e-05,172.31.36.0-255,982,1170,9,12053
43456,0.00015,172.31.36.0-255,1514,2684,9,12053
43457,0.000153,172.31.36.0-255,1514,4198,9,12053
43458,0.000154,172.31.36.0-255,1514,5712,9,12053
43459,0.000155,172.31.36.0-255,1514,7226,9,12053
43460,0.000188,172.31.36.0-255,1514,8740,9,12053
43461,0.00019,172.31.36.0-255,1514,10254,9,12053
43462,0.000191,172.31.36.0-255,1295,11549,9,12053
43463,0.001492,104.244.42.0-255,66,11615,9,12053
43464,0.001552,104.244.42.0-255,66,11681,9,12053
43465,0.001674,104.244.42.0-255,66,11747,9,12053
43466,0.001696,104.244.42.0-255,66,11813,9,12053
43467,0.0017,104.244.42.0-255,66,11879,9,12053
43468,0.002321,104.244.42.0-255,108,11987,9,12053
43469,0.002332,172.31.36.0-255,66,12053,9,12053
43470,0.0,74.125.130.0-255,146,146,9,352316
43471,2.5e-05,172.31.36.0-255,66,212,9,352316
43472,3.3e-05,74.125.130.0-255,1484,1696,9,352316
43473,3.7e-05,172.31.36.0-255,66,1762,9,352316
43474,4e-05,74.125.130.0-255,1484,3246,9,352316
43475,4.2e-05,172.31.36.0-255,66,3312,9,352316
43476,5.7e-05,74.125.130.0-255,2902,6214,9,352316
43477,6e-05,172.31.36.0-255,66,6280,9,352316
43478,6.7e-05,74.125.130.0-255,5738,12018,9,352316
43479,6.9e-05,172.31.36.0-255,66,12084,9,352316
43480,7.4e-05,74.125.130.0-255,2047,14131,9,352316
43481,7.7e-05,172.31.36.0-255,66,14197,9,352316
43482,8.3e-05,74.125.130.0-255,2902,17099,9,352316
43483,8.5e-05,172.31.36.0-255,66,17165,9,352316
43484,9.4e-05,74.125.130.0-255,7156,24321,9,352316
43485,9.8e-05,172.31.36.0-255,66,24387,9,352316
43486,0.000101,74.125.130.0-255,1484,25871,9,352316
43487,0.000104,172.31.36.0-255,66,25937,9,352316
43488,0.000135,74.125.130.0-255,5379,31316,9,352316
43489,0.000138,172.31.36.0-255,66,31382,9,352316
43490,0.000253,74.125.130.0-255,1484,32866,9,352316
43491,0.000257,172.31.36.0-255,66,32932,9,352316
43492,0.000264,74.125.130.0-255,2902,35834,9,352316
43493,0.000266,172.31.36.0-255,66,35900,9,352316
43494,0.000295,74.125.130.0-255,5738,41638,9,352316
43495,0.000298,172.31.36.0-255,66,41704,9,352316
43496,0.000329,74.125.130.0-255,5738,47442,9,352316
43497,0.000332,172.31.36.0-255,66,47508,9,352316
43498,0.000337,74.125.130.0-255,2902,50410,9,352316
43499,0.000339,172.31.36.0-255,66,50476,9,352316
43500,0.00037,74.125.130.0-255,3961,54437,9,352316
43501,0.000373,172.31.36.0-255,66,54503,9,352316
43502,0.00038,74.125.130.0-255,5738,60241,9,352316
43503,0.000382,172.31.36.0-255,66,60307,9,352316
43504,0.000417,74.125.130.0-255,5699,66006,9,352316
43505,0.00042,172.31.36.0-255,66,66072,9,352316
43506,0.00056,74.125.130.0-255,1484,67556,9,352316
43507,0.000567,172.31.36.0-255,66,67622,9,352316
43508,0.000586,74.125.130.0-255,2902,70524,9,352316
43509,0.000589,172.31.36.0-255,66,70590,9,352316
43510,0.000635,74.125.130.0-255,5738,76328,9,352316
43511,0.000639,172.31.36.0-255,66,76394,9,352316
43512,0.000643,74.125.130.0-255,2902,79296,9,352316
43513,0.000645,172.31.36.0-255,66,79362,9,352316
43514,0.000651,74.125.130.0-255,3961,83323,9,352316
43515,0.000657,172.31.36.0-255,66,83389,9,352316
43516,0.000711,172.31.36.0-255,66,83455,9,352316
43517,0.000715,74.125.130.0-255,2902,86357,9,352316
43518,0.000717,172.31.36.0-255,66,86423,9,352316
43519,0.000724,74.125.130.0-255,5680,92103,9,352316
43520,0.00073,172.31.36.0-255,66,92169,9,352316
43521,0.00076,74.125.130.0-255,1484,93653,9,352316
43522,0.000766,74.125.130.0-255,2902,96555,9,352316
43523,0.000769,172.31.36.0-255,66,96621,9,352316
43524,0.000772,74.125.130.0-255,1484,98105,9,352316
43525,0.000777,74.125.130.0-255,2902,101007,9,352316
43526,0.000779,172.31.36.0-255,66,101073,9,352316
43527,0.0008,74.125.130.0-255,4320,105393,9,352316
43528,0.000807,172.31.36.0-255,66,105459,9,352316
43529,0.000839,74.125.130.0-255,1484,106943,9,352316
43530,0.000852,172.31.36.0-255,66,107009,9,352316
43531,0.000876,74.125.130.0-255,1484,108493,9,352316
43532,0.000906,172.31.36.0-255,66,108559,9,352316
43533,0.001185,74.125.130.0-255,1484,110043,9,352316
43534,0.001201,74.125.130.0-255,2902,112945,9,352316
43535,0.001205,172.31.36.0-255,66,113011,9,352316
43536,0.001212,74.125.130.0-255,5738,118749,9,352316
43537,0.001214,172.31.36.0-255,66,118815,9,352316
43538,0.001246,74.125.130.0-255,5738,124553,9,352316
43539,0.001248,172.31.36.0-255,66,124619,9,352316
43540,0.001256,74.125.130.0-255,7156,131775,9,352316
43541,0.001258,172.31.36.0-255,66,131841,9,352316
43542,0.001295,172.31.36.0-255,66,131907,9,352316
43543,0.001363,74.125.130.0-255,1484,133391,9,352316
43544,0.001377,74.125.130.0-255,2902,136293,9,352316
43545,0.00138,172.31.36.0-255,66,136359,9,352316
43546,0.001384,74.125.130.0-255,1484,137843,9,352316
43547,0.001409,74.125.130.0-255,2902,140745,9,352316
43548,0.001412,172.31.36.0-255,66,140811,9,352316
43549,0.001417,74.125.130.0-255,4320,145131,9,352316
43550,0.00142,172.31.36.0-255,66,145197,9,352316
43551,0.001444,74.125.130.0-255,4320,149517,9,352316
43552,0.001451,172.31.36.0-255,66,149583,9,352316
43553,0.001458,74.125.130.0-255,5738,155321,9,352316
43554,0.001461,172.31.36.0-255,66,155387,9,352316
43555,0.001468,74.125.130.0-255,7156,162543,9,352316
43556,0.001471,172.31.36.0-255,66,162609,9,352316
43557,0.001499,74.125.130.0-255,3602,166211,9,352316
43558,0.001501,172.31.36.0-255,66,166277,9,352316
43559,0.001611,74.125.130.0-255,1484,167761,9,352316
43560,0.001637,74.125.130.0-255,2902,170663,9,352316
43561,0.00164,172.31.36.0-255,66,170729,9,352316
43562,0.001644,74.125.130.0-255,1484,172213,9,352316
43563,0.001649,74.125.130.0-255,2902,175115,9,352316
43564,0.001657,172.31.36.0-255,66,175181,9,352316
43565,0.001664,74.125.130.0-255,5738,180919,9,352316
43566,0.001666,172.31.36.0-255,66,180985,9,352316
43567,0.001701,172.31.36.0-255,66,181051,9,352316
43568,0.001706,74.125.130.0-255,2902,183953,9,352316
43569,0.001709,172.31.36.0-255,66,184019,9,352316
43570,0.001741,74.125.130.0-255,7156,191175,9,352316
43571,0.001744,74.125.130.0-255,766,191941,9,352316
43572,0.001761,172.31.36.0-255,66,192007,9,352316
43573,0.00193,74.125.130.0-255,1484,193491,9,352316
43574,0.001952,74.125.130.0-255,1484,194975,9,352316
43575,0.001956,172.31.36.0-255,66,195041,9,352316
43576,0.001962,74.125.130.0-255,2902,197943,9,352316
43577,0.001964,172.31.36.0-255,66,198009,9,352316
43578,0.001975,74.125.130.0-255,5738,203747,9,352316
43579,0.001978,172.31.36.0-255,66,203813,9,352316
43580,0.002022,74.125.130.0-255,7156,210969,9,352316
43581,0.002067,74.125.130.0-255,2902,213871,9,352316
43582,0.002084,74.125.130.0-255,3602,217473,9,352316
43583,0.002091,172.31.36.0-255,66,217539,9,352316
43584,0.002121,74.125.130.0-255,1484,219023,9,352316
43585,0.002133,74.125.130.0-255,2902,221925,9,352316
43586,0.002149,74.125.130.0-255,4320,226245,9,352316
43587,0.002157,172.31.36.0-255,66,226311,9,352316
43588,0.002194,74.125.130.0-255,4320,230631,9,352316
43589,0.002197,74.125.130.0-255,1484,232115,9,352316
43590,0.002218,74.125.130.0-255,4320,236435,9,352316
43591,0.002225,172.31.36.0-255,66,236501,9,352316
43592,0.002263,172.31.36.0-255,66,236567,9,352316
43593,0.002272,74.125.130.0-255,2902,239469,9,352316
43594,0.002277,172.31.36.0-255,66,239535,9,352316
43595,0.002295,74.125.130.0-255,4320,243855,9,352316
43596,0.002319,172.31.36.0-255,66,243921,9,352316
43597,0.004503,74.125.130.0-255,1484,245405,9,352316
43598,0.004538,74.125.130.0-255,4320,249725,9,352316
43599,0.004543,172.31.36.0-255,66,249791,9,352316
43600,0.006783,74.125.130.0-255,5738,255529,9,352316
43601,0.006792,172.31.36.0-255,66,255595,9,352316
43602,0.009026,74.125.130.0-255,5738,261333,9,352316
43603,0.009029,172.31.36.0-255,66,261399,9,352316
43604,0.011268,74.125.130.0-255,5738,267137,9,352316
43605,0.011276,172.31.36.0-255,66,267203,9,352316
43606,0.013515,74.125.130.0-255,5738,272941,9,352316
43607,0.013522,172.31.36.0-255,66,273007,9,352316
43608,0.015755,74.125.130.0-255,5738,278745,9,352316
43609,0.015763,172.31.36.0-255,66,278811,9,352316
43610,0.018004,74.125.130.0-255,5738,284549,9,352316
43611,0.018014,172.31.36.0-255,66,284615,9,352316
43612,0.020257,74.125.130.0-255,5738,290353,9,352316
43613,0.020267,172.31.36.0-255,66,290419,9,352316
43614,0.022529,74.125.130.0-255,5738,296157,9,352316
43615,0.02254,172.31.36.0-255,66,296223,9,352316
43616,0.02478,74.125.130.0-255,5738,301961,9,352316
43617,0.024788,172.31.36.0-255,66,302027,9,352316
43618,0.027024,74.125.130.0-255,5738,307765,9,352316
43619,0.027031,172.31.36.0-255,66,307831,9,352316
43620,0.029276,74.125.130.0-255,5738,313569,9,352316
43621,0.029286,172.31.36.0-255,66,313635,9,352316
43622,0.031531,74.125.130.0-255,5738,319373,9,352316
43623,0.03154,172.31.36.0-255,66,319439,9,352316
43624,0.033782,74.125.130.0-255,5738,325177,9,352316
43625,0.03379,172.31.36.0-255,66,325243,9,352316
43626,0.03603,74.125.130.0-255,5738,330981,9,352316
43627,0.036036,172.31.36.0-255,66,331047,9,352316
43628,0.036227,172.31.36.0-255,172,331219,9,352316
43629,0.036252,172.31.36.0-255,1070,332289,9,352316
43630,0.037746,104.244.42.0-255,66,332355,9,352316
43631,0.037787,104.244.42.0-255,66,332421,9,352316
43632,0.038259,74.125.130.0-255,4320,336741,9,352316
43633,0.038264,172.31.36.0-255,66,336807,9,352316
43634,0.038288,74.125.130.0-255,1484,338291,9,352316
43635,0.038371,104.244.42.0-255,108,338399,9,352316
43636,0.038375,172.31.36.0-255,66,338465,9,352316
43637,0.040503,74.125.130.0-255,4320,342785,9,352316
43638,0.040509,172.31.36.0-255,66,342851,9,352316
43639,0.042755,74.125.130.0-255,5738,348589,9,352316
43640,0.042762,172.31.36.0-255,66,348655,9,352316
43641,0.045001,74.125.130.0-255,3424,352079,9,352316
43642,0.045006,172.31.36.0-255,66,352145,9,352316
43643,0.04517,172.31.36.0-255,105,352250,9,352316
43644,0.047378,74.125.130.0-255,66,352316,9,352316
43645,0.0,172.217.194.0-255,149,149,9,164606
43646,3.5e-05,172.31.36.0-255,66,215,9,164606
43647,4.3e-05,172.217.194.0-255,1484,1699,9,164606
43648,4.8e-05,172.31.36.0-255,66,1765,9,164606
43649,5.3e-05,172.217.194.0-255,2902,4667,9,164606
43650,6.4e-05,172.31.36.0-255,66,4733,9,164606
43651,7.1e-05,172.217.194.0-255,5738,10471,9,164606
43652,7.4e-05,172.31.36.0-255,66,10537,9,164606
43653,0.000105,172.217.194.0-255,3489,14026,9,164606
43654,0.000108,172.31.36.0-255,66,14092,9,164606
43655,0.000267,172.217.194.0-255,1484,15576,9,164606
43656,0.000273,172.31.36.0-255,66,15642,9,164606
43657,0.000278,172.217.194.0-255,2902,18544,9,164606
43658,0.000281,172.31.36.0-255,66,18610,9,164606
43659,0.000316,172.217.194.0-255,2902,21512,9,164606
43660,0.000319,172.31.36.0-255,66,21578,9,164606
43661,0.000349,172.217.194.0-255,2902,24480,9,164606
43662,0.000354,172.31.36.0-255,66,24546,9,164606
43663,0.000357,172.217.194.0-255,1484,26030,9,164606
43664,0.000359,172.31.36.0-255,66,26096,9,164606
43665,0.000366,172.217.194.0-255,5379,31475,9,164606
43666,0.000371,172.31.36.0-255,66,31541,9,164606
43667,0.00043,172.217.194.0-255,1484,33025,9,164606
43668,0.000434,172.31.36.0-255,66,33091,9,164606
43669,0.000447,172.217.194.0-255,2902,35993,9,164606
43670,0.000454,172.31.36.0-255,66,36059,9,164606
43671,0.00046,172.217.194.0-255,4320,40379,9,164606
43672,0.000463,172.31.36.0-255,66,40445,9,164606
43673,0.000494,172.217.194.0-255,1484,41929,9,164606
43674,0.000497,172.31.36.0-255,66,41995,9,164606
43675,0.000514,172.31.36.0-255,66,42061,9,164606
43676,0.000527,172.31.36.0-255,66,42127,9,164606
43677,0.001234,172.217.194.0-255,646,42773,9,164606
43678,0.001268,172.217.194.0-255,1484,44257,9,164606
43679,0.001273,172.31.36.0-255,66,44323,9,164606
43680,0.001282,172.217.194.0-255,4320,48643,9,164606
43681,0.001284,172.31.36.0-255,66,48709,9,164606
43682,0.001327,172.31.36.0-255,66,48775,9,164606
43683,0.001347,172.31.36.0-255,66,48841,9,164606
43684,0.001372,172.217.194.0-255,1484,50325,9,164606
43685,0.001376,172.217.194.0-255,2184,52509,9,164606
43686,0.001379,172.31.36.0-255,66,52575,9,164606
43687,0.001464,172.217.194.0-255,1484,54059,9,164606
43688,0.001471,172.217.194.0-255,2902,56961,9,164606
43689,0.001474,172.31.36.0-255,66,57027,9,164606
43690,0.001481,172.217.194.0-255,5738,62765,9,164606
43691,0.001483,172.31.36.0-255,66,62831,9,164606
43692,0.001559,172.31.36.0-255,66,62897,9,164606
43693,0.001571,172.31.36.0-255,66,62963,9,164606
43694,0.001602,172.217.194.0-255,1484,64447,9,164606
43695,0.001609,172.217.194.0-255,2902,67349,9,164606
43696,0.001612,172.31.36.0-255,66,67415,9,164606
43697,0.001617,172.217.194.0-255,4320,71735,9,164606
43698,0.001619,172.31.36.0-255,66,71801,9,164606
43699,0.001643,172.217.194.0-255,1484,73285,9,164606
43700,0.001647,172.217.194.0-255,1484,74769,9,164606
43701,0.001649,172.31.36.0-255,66,74835,9,164606
43702,0.001653,172.217.194.0-255,2902,77737,9,164606
43703,0.001655,172.31.36.0-255,66,77803,9,164606
43704,0.00169,172.217.194.0-255,5738,83541,9,164606
43705,0.001693,172.31.36.0-255,66,83607,9,164606
43706,0.001712,172.217.194.0-255,4320,87927,9,164606
43707,0.001714,172.31.36.0-255,66,87993,9,164606
43708,0.001755,172.31.36.0-255,66,88059,9,164606
43709,0.00177,172.31.36.0-255,66,88125,9,164606
43710,0.00178,172.217.194.0-255,5738,93863,9,164606
43711,0.001816,172.31.36.0-255,66,93929,9,164606
43712,0.001821,172.31.36.0-255,66,93995,9,164606
43713,0.001847,172.217.194.0-255,1484,95479,9,164606
43714,0.001851,172.217.194.0-255,2902,98381,9,164606
43715,0.001858,172.217.194.0-255,5738,104119,9,164606
43716,0.001865,172.31.36.0-255,66,104185,9,164606
43717,0.001882,172.217.194.0-255,2902,107087,9,164606
43718,0.001897,172.31.36.0-255,66,107153,9,164606
43719,0.001973,172.31.36.0-255,66,107219,9,164606
43720,0.002078,172.217.194.0-255,1484,108703,9,164606
43721,0.002083,172.217.194.0-255,1484,110187,9,164606
43722,0.002095,172.217.194.0-255,1484,111671,9,164606
43723,0.002102,172.31.36.0-255,66,111737,9,164606
43724,0.002111,172.217.194.0-255,1484,113221,9,164606
43725,0.002142,172.217.194.0-255,4320,117541,9,164606
43726,0.002151,172.31.36.0-255,66,117607,9,164606
43727,0.002197,172.217.194.0-255,2184,119791,9,164606
43728,0.002213,172.31.36.0-255,66,119857,9,164606
43729,0.002294,172.217.194.0-255,1484,121341,9,164606
43730,0.00231,172.217.194.0-255,2902,124243,9,164606
43731,0.00232,172.31.36.0-255,66,124309,9,164606
43732,0.002336,172.217.194.0-255,2902,127211,9,164606
43733,0.002355,172.217.194.0-255,2902,130113,9,164606
43734,0.002374,172.217.194.0-255,2902,133015,9,164606
43735,0.002384,172.217.194.0-255,2902,135917,9,164606
43736,0.002388,172.31.36.0-255,66,135983,9,164606
43737,0.002394,172.31.36.0-255,66,136049,9,164606
43738,0.002417,172.217.194.0-255,1484,137533,9,164606
43739,0.002419,172.217.194.0-255,1484,139017,9,164606
43740,0.002508,172.31.36.0-255,66,139083,9,164606
43741,0.002524,172.217.194.0-255,3602,142685,9,164606
43742,0.002551,172.31.36.0-255,66,142751,9,164606
43743,0.002581,172.217.194.0-255,5738,148489,9,164606
43744,0.002584,172.217.194.0-255,2184,150673,9,164606
43745,0.002602,172.31.36.0-255,66,150739,9,164606
43746,0.002645,172.217.194.0-255,4320,155059,9,164606
43747,0.002665,172.217.194.0-255,97,155156,9,164606
43748,0.002676,172.31.36.0-255,66,155222,9,164606
43749,0.002713,172.217.194.0-255,105,155327,9,164606
43750,0.004817,172.31.36.0-255,66,155393,9,164606
43751,0.004854,172.31.36.0-255,105,155498,9,164606
43752,0.007114,172.217.194.0-255,66,155564,9,164606
43753,0.031587,172.31.36.0-255,172,155736,9,164606
43754,0.031633,172.31.36.0-255,1117,156853,9,164606
43755,0.031717,172.31.36.0-255,1514,158367,9,164606
43756,0.03172,172.31.36.0-255,1514,159881,9,164606
43757,0.031726,172.31.36.0-255,1514,161395,9,164606
43758,0.031727,172.31.36.0-255,1514,162909,9,164606
43759,0.031754,172.31.36.0-255,1499,164408,9,164606
43760,0.033152,104.244.42.0-255,66,164474,9,164606
43761,0.033201,104.244.42.0-255,66,164540,9,164606
43762,0.033336,104.244.42.0-255,66,164606,9,164606
43763,0.0,74.125.68.0-255,153,153,9,323162
43764,1.7e-05,172.31.36.0-255,66,219,9,323162
43765,2.4e-05,74.125.68.0-255,1484,1703,9,323162
43766,2.8e-05,172.31.36.0-255,66,1769,9,323162
43767,3.4e-05,74.125.68.0-255,2902,4671,9,323162
43768,3.8e-05,172.31.36.0-255,66,4737,9,323162
43769,4.1e-05,74.125.68.0-255,1484,6221,9,323162
43770,4.5e-05,172.31.36.0-255,66,6287,9,323162
43771,5e-05,74.125.68.0-255,2902,9189,9,323162
43772,5.3e-05,172.31.36.0-255,66,9255,9,323162
43773,8.8e-05,74.125.68.0-255,2902,12157,9,323162
43774,9.1e-05,172.31.36.0-255,66,12223,9,323162
43775,0.000112,74.125.68.0-255,3473,15696,9,323162
43776,0.000114,172.31.36.0-255,66,15762,9,323162
43777,0.000137,74.125.68.0-255,1484,17246,9,323162
43778,0.000139,172.31.36.0-255,66,17312,9,323162
43779,0.000143,74.125.68.0-255,2902,20214,9,323162
43780,0.000146,172.31.36.0-255,66,20280,9,323162
43781,0.000153,74.125.68.0-255,5738,26018,9,323162
43782,0.000156,172.31.36.0-255,66,26084,9,323162
43783,0.000207,74.125.68.0-255,5379,31463,9,323162
43784,0.00021,172.31.36.0-255,66,31529,9,323162
43785,0.000392,74.125.68.0-255,1484,33013,9,323162
43786,0.000396,172.31.36.0-255,66,33079,9,323162
43787,0.000403,74.125.68.0-255,2902,35981,9,323162
43788,0.000405,172.31.36.0-255,66,36047,9,323162
43789,0.000423,74.125.68.0-255,4320,40367,9,323162
43790,0.000427,172.31.36.0-255,66,40433,9,323162
43791,0.00045,74.125.68.0-255,1484,41917,9,323162
43792,0.000453,172.31.36.0-255,66,41983,9,323162
43793,0.000484,172.31.36.0-255,66,42049,9,323162
43794,0.000488,74.125.68.0-255,2902,44951,9,323162
43795,0.000534,172.31.36.0-255,66,45017,9,323162
43796,0.000557,74.125.68.0-255,115,45132,9,323162
43797,0.000583,172.31.36.0-255,66,45198,9,323162
43798,0.000659,74.125.68.0-255,1484,46682,9,323162
43799,0.000676,74.125.68.0-255,2902,49584,9,323162
43800,0.000681,74.125.68.0-255,2902,52486,9,323162
43801,0.000692,172.31.36.0-255,66,52552,9,323162
43802,0.000697,74.125.68.0-255,2902,55454,9,323162
43803,0.000702,172.31.36.0-255,66,55520,9,323162
43804,0.000749,74.125.68.0-255,1484,57004,9,323162
43805,0.000773,172.31.36.0-255,66,57070,9,323162
43806,0.000785,74.125.68.0-255,4320,61390,9,323162
43807,0.000801,74.125.68.0-255,5020,66410,9,323162
43808,0.000803,74.125.68.0-255,332,66742,9,323162
43809,0.000816,172.31.36.0-255,66,66808,9,323162
43810,0.000986,74.125.68.0-255,1484,68292,9,323162
43811,0.000991,74.125.68.0-255,2902,71194,9,323162
43812,0.001013,74.125.68.0-255,5738,76932,9,323162
43813,0.00103,172.31.36.0-255,66,76998,9,323162
43814,0.001036,74.125.68.0-255,4320,81318,9,323162
43815,0.001041,172.31.36.0-255,66,81384,9,323162
43816,0.001084,74.125.68.0-255,2902,84286,9,323162
43817,0.00109,172.31.36.0-255,66,84352,9,323162
43818,0.001112,74.125.68.0-255,4320,88672,9,323162
43819,0.001125,74.125.68.0-255,1484,90156,9,323162
43820,0.00113,172.31.36.0-255,66,90222,9,323162
43821,0.001141,74.125.68.0-255,7156,97378,9,323162
43822,0.001146,74.125.68.0-255,3602,100980,9,323162
43823,0.001151,172.31.36.0-255,66,101046,9,323162
43824,0.001258,74.125.68.0-255,1484,102530,9,323162
43825,0.001306,74.125.68.0-255,1484,104014,9,323162
43826,0.001312,172.31.36.0-255,66,104080,9,323162
43827,0.001325,74.125.68.0-255,2902,106982,9,323162
43828,0.001349,172.31.36.0-255,66,107048,9,323162
43829,0.001354,74.125.68.0-255,2902,109950,9,323162
43830,0.001359,172.31.36.0-255,66,110016,9,323162
43831,0.001367,74.125.68.0-255,1484,111500,9,323162
43832,0.001382,74.125.68.0-255,5738,117238,9,323162
43833,0.0014,74.125.68.0-255,1484,118722,9,323162
43834,0.001404,74.125.68.0-255,2902,121624,9,323162
43835,0.001421,172.31.36.0-255,66,121690,9,323162
43836,0.001426,74.125.68.0-255,2902,124592,9,323162
43837,0.001432,172.31.36.0-255,66,124658,9,323162
43838,0.001441,74.125.68.0-255,2902,127560,9,323162
43839,0.001454,74.125.68.0-255,4320,131880,9,323162
43840,0.001469,74.125.68.0-255,3602,135482,9,323162
43841,0.001479,172.31.36.0-255,66,135548,9,323162
43842,0.001563,74.125.68.0-255,1484,137032,9,323162
43843,0.001603,74.125.68.0-255,1484,138516,9,323162
43844,0.001607,172.31.36.0-255,66,138582,9,323162
43845,0.001612,74.125.68.0-255,2902,141484,9,323162
43846,0.001624,74.125.68.0-255,1484,142968,9,323162
43847,0.00164,74.125.68.0-255,4320,147288,9,323162
43848,0.001643,74.125.68.0-255,1484,148772,9,323162
43849,0.001647,172.31.36.0-255,66,148838,9,323162
43850,0.001658,74.125.68.0-255,2902,151740,9,323162
43851,0.001664,74.125.68.0-255,5738,157478,9,323162
43852,0.001683,172.31.36.0-255,66,157544,9,323162
43853,0.001696,74.125.68.0-255,5738,163282,9,323162
43854,0.001719,74.125.68.0-255,5738,169020,9,323162
43855,0.001722,74.125.68.0-255,766,169786,9,323162
43856,0.001729,172.31.36.0-255,66,169852,9,323162
43857,0.001907,74.125.68.0-255,1484,171336,9,323162
43858,0.001921,74.125.68.0-255,2902,174238,9,323162
43859,0.001925,172.31.36.0-255,66,174304,9,323162
43860,0.001957,74.125.68.0-255,5738,180042,9,323162
43861,0.001964,74.125.68.0-255,7156,187198,9,323162
43862,0.001977,74.125.68.0-255,1484,188682,9,323162
43863,0.001995,74.125.68.0-255,7156,195838,9,323162
43864,0.002011,74.125.68.0-255,4320,200158,9,323162
43865,0.002013,172.31.36.0-255,66,200224,9,323162
43866,0.002023,74.125.68.0-255,3602,203826,9,323162
43867,0.00206,172.31.36.0-255,66,203892,9,323162
43868,0.00209,74.125.68.0-255,1484,205376,9,323162
43869,0.002104,74.125.68.0-255,2902,208278,9,323162
43870,0.002118,74.125.68.0-255,4320,212598,9,323162
43871,0.002135,172.31.36.0-255,66,212664,9,323162
43872,0.002151,74.125.68.0-255,5738,218402,9,323162
43873,0.002172,74.125.68.0-255,2902,221304,9,323162
43874,0.002178,74.125.68.0-255,7156,228460,9,323162
43875,0.002182,74.125.68.0-255,2902,231362,9,323162
43876,0.002202,74.125.68.0-255,5738,237100,9,323162
43877,0.002219,74.125.68.0-255,5020,242120,9,323162
43878,0.002225,74.125.68.0-255,5738,247858,9,323162
43879,0.00226,74.125.68.0-255,1484,249342,9,323162
43880,0.002278,74.125.68.0-255,4320,253662,9,323162
43881,0.002303,74.125.68.0-255,7156,260818,9,323162
43882,0.002308,74.125.68.0-255,4320,265138,9,323162
43883,0.002333,74.125.68.0-255,4320,269458,9,323162
43884,0.002345,74.125.68.0-255,1484,270942,9,323162
43885,0.002382,74.125.68.0-255,4320,275262,9,323162
43886,0.002429,74.125.68.0-255,2902,278164,9,323162
43887,0.002452,74.125.68.0-255,1484,279648,9,323162
43888,0.002482,74.125.68.0-255,4320,283968,9,323162
43889,0.00253,74.125.68.0-255,5738,289706,9,323162
43890,0.002574,74.125.68.0-255,5738,295444,9,323162
43891,0.002603,74.125.68.0-255,5020,300464,9,323162
43892,0.006394,172.31.36.0-255,66,300530,9,323162
43893,0.008997,74.125.68.0-255,5738,306268,9,323162
43894,0.009004,172.31.36.0-255,66,306334,9,323162
43895,0.011591,74.125.68.0-255,5738,312072,9,323162
43896,0.011598,172.31.36.0-255,66,312138,9,323162
43897,0.014192,74.125.68.0-255,1517,313655,9,323162
43898,0.0142,172.31.36.0-255,66,313721,9,323162
43899,0.017451,172.31.36.0-255,105,313826,9,323162
43900,0.020012,74.125.68.0-255,66,313892,9,323162
43901,0.037504,172.31.36.0-255,172,314064,9,323162
43902,0.037538,172.31.36.0-255,1117,315181,9,323162
43903,0.03761,172.31.36.0-255,1514,316695,9,323162
43904,0.037613,172.31.36.0-255,1514,318209,9,323162
43905,0.037614,172.31.36.0-255,1514,319723,9,323162
43906,0.037615,172.31.36.0-255,1514,321237,9,323162
43907,0.037643,172.31.36.0-255,1487,322724,9,323162
43908,0.039035,104.244.42.0-255,66,322790,9,323162
43909,0.039047,104.244.42.0-255,66,322856,9,323162
43910,0.039167,104.244.42.0-255,66,322922,9,323162
43911,0.039214,104.244.42.0-255,66,322988,9,323162
43912,0.039925,104.244.42.0-255,108,323096,9,323162
43913,0.039936,172.31.36.0-255,66,323162,9,323162
43914,0.0,172.217.194.0-255,143,143,9,329732
43915,2.4e-05,172.31.36.0-255,66,209,9,329732
43916,3.1e-05,172.217.194.0-255,1484,1693,9,329732
43917,3.6e-05,172.31.36.0-255,66,1759,9,329732
43918,4.3e-05,172.217.194.0-255,2902,4661,9,329732
43919,4.6e-05,172.31.36.0-255,66,4727,9,329732
43920,5.1e-05,172.217.194.0-255,4320,9047,9,329732
43921,5.5e-05,172.31.36.0-255,66,9113,9,329732
43922,9.1e-05,172.31.36.0-255,66,9179,9,329732
43923,0.000103,172.31.36.0-255,66,9245,9,329732
43924,0.000123,172.217.194.0-255,1125,10370,9,329732
43925,0.000126,172.31.36.0-255,66,10436,9,329732
43926,0.000189,172.217.194.0-255,1484,11920,9,329732
43927,0.000192,172.31.36.0-255,66,11986,9,329732
43928,0.000197,172.217.194.0-255,2902,14888,9,329732
43929,0.000199,172.31.36.0-255,66,14954,9,329732
43930,0.000207,172.217.194.0-255,5738,20692,9,329732
43931,0.00021,172.31.36.0-255,66,20758,9,329732
43932,0.000237,172.217.194.0-255,4320,25078,9,329732
43933,0.00024,172.31.36.0-255,66,25144,9,329732
43934,0.000263,172.217.194.0-255,5379,30523,9,329732
43935,0.000266,172.31.36.0-255,66,30589,9,329732
43936,0.000278,172.31.36.0-255,66,30655,9,329732
43937,0.000321,172.217.194.0-255,4252,34907,9,329732
43938,0.000324,172.31.36.0-255,66,34973,9,329732
43939,0.001256,172.217.194.0-255,99,35072,9,329732
43940,0.001262,172.31.36.0-255,66,35138,9,329732
43941,0.001294,172.217.194.0-255,1484,36622,9,329732
43942,0.001297,172.31.36.0-255,66,36688,9,329732
43943,0.001301,172.217.194.0-255,1484,38172,9,329732
43944,0.00132,172.217.194.0-255,1484,39656,9,329732
43945,0.001327,172.217.194.0-255,5738,45394,9,329732
43946,0.001346,172.31.36.0-255,66,45460,9,329732
43947,0.001358,172.217.194.0-255,4320,49780,9,329732
43948,0.001363,172.31.36.0-255,66,49846,9,329732
43949,0.001408,172.217.194.0-255,766,50612,9,329732
43950,0.001418,172.31.36.0-255,66,50678,9,329732
43951,0.003411,172.217.194.0-255,5738,56416,9,329732
43952,0.003419,172.31.36.0-255,66,56482,9,329732
43953,0.005358,172.217.194.0-255,2902,59384,9,329732
43954,0.005373,172.217.194.0-255,2902,62286,9,329732
43955,0.00652,172.31.36.0-255,66,62352,9,329732
43956,0.008483,172.217.194.0-255,5738,68090,9,329732
43957,0.008492,172.31.36.0-255,66,68156,9,329732
43958,0.010486,172.217.194.0-255,5738,73894,9,329732
43959,0.010498,172.31.36.0-255,66,73960,9,329732
43960,0.012477,172.217.194.0-255,5738,79698,9,329732
43961,0.014311,172.31.36.0-255,66,79764,9,329732
43962,0.016336,172.217.194.0-255,5738,85502,9,329732
43963,0.016351,172.31.36.0-255,66,85568,9,329732
43964,0.018361,172.217.194.0-255,5738,91306,9,329732
43965,0.018377,172.31.36.0-255,66,91372,9,329732
43966,0.020347,172.217.194.0-255,5738,97110,9,329732
43967,0.020358,172.31.36.0-255,66,97176,9,329732
43968,0.022348,172.217.194.0-255,5738,102914,9,329732
43969,0.022361,172.31.36.0-255,66,102980,9,329732
43970,0.024327,172.217.194.0-255,5738,108718,9,329732
43971,0.024342,172.31.36.0-255,66,108784,9,329732
43972,0.02634,172.217.194.0-255,5738,114522,9,329732
43973,0.026351,172.31.36.0-255,66,114588,9,329732
43974,0.028354,172.217.194.0-255,5738,120326,9,329732
43975,0.028374,172.31.36.0-255,66,120392,9,329732
43976,0.030375,172.217.194.0-255,5738,126130,9,329732
43977,0.030396,172.31.36.0-255,66,126196,9,329732
43978,0.032367,172.217.194.0-255,5738,131934,9,329732
43979,0.032388,172.31.36.0-255,66,132000,9,329732
43980,0.034394,172.217.194.0-255,5738,137738,9,329732
43981,0.034415,172.31.36.0-255,66,137804,9,329732
43982,0.036356,172.217.194.0-255,5738,143542,9,329732
43983,0.03743,172.31.36.0-255,66,143608,9,329732
43984,0.039388,172.217.194.0-255,5738,149346,9,329732
43985,0.039403,172.31.36.0-255,66,149412,9,329732
43986,0.041359,172.217.194.0-255,5738,155150,9,329732
43987,0.04137,172.31.36.0-255,66,155216,9,329732
43988,0.043329,172.217.194.0-255,5738,160954,9,329732
43989,0.043339,172.31.36.0-255,66,161020,9,329732
43990,0.045304,172.217.194.0-255,5738,166758,9,329732
43991,0.045313,172.31.36.0-255,66,166824,9,329732
43992,0.047283,172.217.194.0-255,5738,172562,9,329732
43993,0.047293,172.31.36.0-255,66,172628,9,329732
43994,0.049262,172.217.194.0-255,5738,178366,9,329732
43995,0.049271,172.31.36.0-255,66,178432,9,329732
43996,0.051247,172.217.194.0-255,5738,184170,9,329732
43997,0.051258,172.31.36.0-255,66,184236,9,329732
43998,0.053225,172.217.194.0-255,5738,189974,9,329732
43999,0.053234,172.31.36.0-255,66,190040,9,329732
44000,0.055197,172.217.194.0-255,5738,195778,9,329732
44001,0.055605,172.31.36.0-255,66,195844,9,329732
44002,0.057586,172.217.194.0-255,5738,201582,9,329732
44003,0.057597,172.31.36.0-255,66,201648,9,329732
44004,0.059581,172.217.194.0-255,5738,207386,9,329732
44005,0.059591,172.31.36.0-255,66,207452,9,329732
44006,0.061539,172.217.194.0-255,5738,213190,9,329732
44007,0.061547,172.31.36.0-255,66,213256,9,329732
44008,0.061595,172.31.36.0-255,172,213428,9,329732
44009,0.061622,172.31.36.0-255,1116,214544,9,329732
44010,0.061688,172.31.36.0-255,1514,216058,9,329732
44011,0.06169,172.31.36.0-255,1514,217572,9,329732
44012,0.061692,172.31.36.0-255,1514,219086,9,329732
44013,0.061693,172.31.36.0-255,106,219192,9,329732
44014,0.063115,104.244.42.0-255,66,219258,9,329732
44015,0.063169,104.244.42.0-255,66,219324,9,329732
44016,0.063258,104.244.42.0-255,66,219390,9,329732
44017,0.063278,104.244.42.0-255,66,219456,9,329732
44018,0.063512,172.217.194.0-255,5738,225194,9,329732
44019,0.063518,172.31.36.0-255,66,225260,9,329732
44020,0.065463,172.217.194.0-255,5738,230998,9,329732
44021,0.06547,172.31.36.0-255,66,231064,9,329732
44022,0.067432,172.217.194.0-255,5738,236802,9,329732
44023,0.067441,172.31.36.0-255,66,236868,9,329732
44024,0.069429,172.217.194.0-255,5738,242606,9,329732
44025,0.069437,172.31.36.0-255,66,242672,9,329732
44026,0.071419,172.217.194.0-255,5738,248410,9,329732
44027,0.071428,172.31.36.0-255,66,248476,9,329732
44028,0.073418,172.217.194.0-255,5738,254214,9,329732
44029,0.073435,172.31.36.0-255,66,254280,9,329732
44030,0.075389,172.217.194.0-255,5738,260018,9,329732
44031,0.075398,172.31.36.0-255,66,260084,9,329732
44032,0.077396,172.217.194.0-255,5738,265822,9,329732
44033,0.077404,172.31.36.0-255,66,265888,9,329732
44034,0.079374,172.217.194.0-255,5738,271626,9,329732
44035,0.07938,172.31.36.0-255,66,271692,9,329732
44036,0.081395,172.217.194.0-255,5738,277430,9,329732
44037,0.081402,172.31.36.0-255,66,277496,9,329732
44038,0.083375,172.217.194.0-255,5738,283234,9,329732
44039,0.083382,172.31.36.0-255,66,283300,9,329732
44040,0.085367,172.217.194.0-255,5738,289038,9,329732
44041,0.08538,172.31.36.0-255,66,289104,9,329732
44042,0.087349,172.217.194.0-255,5738,294842,9,329732
44043,0.087361,172.31.36.0-255,66,294908,9,329732
44044,0.089327,172.217.194.0-255,5738,300646,9,329732
44045,0.089336,172.31.36.0-255,66,300712,9,329732
44046,0.091335,172.217.194.0-255,5738,306450,9,329732
44047,0.091351,172.31.36.0-255,66,306516,9,329732
44048,0.093343,172.217.194.0-255,5738,312254,9,329732
44049,0.093352,172.31.36.0-255,66,312320,9,329732
44050,0.095331,172.217.194.0-255,5738,318058,9,329732
44051,0.095343,172.31.36.0-255,66,318124,9,329732
44052,0.097329,172.217.194.0-255,5738,323862,9,329732
44053,0.097338,172.31.36.0-255,66,323928,9,329732
44054,0.099285,172.217.194.0-255,5738,329666,9,329732
44055,0.099294,172.31.36.0-255,66,329732,9,329732
44056,0.0,74.125.200.0-255,295,295,9,365855
44057,2.6e-05,172.31.36.0-255,66,361,9,365855
44058,3.4e-05,74.125.200.0-255,1484,1845,9,365855
44059,3.8e-05,172.31.36.0-255,66,1911,9,365855
44060,4.3e-05,74.125.200.0-255,4320,6231,9,365855
44061,4.5e-05,172.31.36.0-255,66,6297,9,365855
44062,7.8e-05,172.31.36.0-255,66,6363,9,365855
44063,0.000105,74.125.200.0-255,1484,7847,9,365855
44064,0.000107,172.31.36.0-255,66,7913,9,365855
44065,0.000127,74.125.200.0-255,2902,10815,9,365855
44066,0.00013,172.31.36.0-255,66,10881,9,365855
44067,0.000136,74.125.200.0-255,5738,16619,9,365855
44068,0.000138,172.31.36.0-255,66,16685,9,365855
44069,0.000171,74.125.200.0-255,6797,23482,9,365855
44070,0.000174,172.31.36.0-255,66,23548,9,365855
44071,0.000278,74.125.200.0-255,1484,25032,9,365855
44072,0.000282,172.31.36.0-255,66,25098,9,365855
44073,0.000286,74.125.200.0-255,2902,28000,9,365855
44074,0.000289,172.31.36.0-255,66,28066,9,365855
44075,0.000291,74.125.200.0-255,1484,29550,9,365855
44076,0.000293,172.31.36.0-255,66,29616,9,365855
44077,0.000316,74.125.200.0-255,4320,33936,9,365855
44078,0.000319,172.31.36.0-255,66,34002,9,365855
44079,0.000326,74.125.200.0-255,6797,40799,9,365855
44080,0.000328,172.31.36.0-255,66,40865,9,365855
44081,0.00036,74.125.200.0-255,4320,45185,9,365855
44082,0.000364,172.31.36.0-255,66,45251,9,365855
44083,0.000391,172.31.36.0-255,66,45317,9,365855
44084,0.000405,74.125.200.0-255,1484,46801,9,365855
44085,0.000422,172.31.36.0-255,66,46867,9,365855
44086,0.000441,74.125.200.0-255,2900,49767,9,365855
44087,0.000444,172.31.36.0-255,66,49833,9,365855
44088,0.000447,74.125.200.0-255,330,50163,9,365855
44089,0.000685,74.125.200.0-255,1484,51647,9,365855
44090,0.00069,172.31.36.0-255,66,51713,9,365855
44091,0.000694,74.125.200.0-255,1484,53197,9,365855
44092,0.000704,74.125.200.0-255,1484,54681,9,365855
44093,0.000706,172.31.36.0-255,66,54747,9,365855
44094,0.000726,74.125.200.0-255,4320,59067,9,365855
44095,0.000729,172.31.36.0-255,66,59133,9,365855
44096,0.00075,74.125.200.0-255,2902,62035,9,365855
44097,0.000752,172.31.36.0-255,66,62101,9,365855
44098,0.000774,74.125.200.0-255,5738,67839,9,365855
44099,0.000777,172.31.36.0-255,66,67905,9,365855
44100,0.000782,74.125.200.0-255,5738,73643,9,365855
44101,0.000784,172.31.36.0-255,66,73709,9,365855
44102,0.00079,74.125.200.0-255,5738,79447,9,365855
44103,0.000792,172.31.36.0-255,66,79513,9,365855
44104,0.00081,74.125.200.0-255,1484,80997,9,365855
44105,0.000815,74.125.200.0-255,3602,84599,9,365855
44106,0.000817,172.31.36.0-255,66,84665,9,365855
44107,0.001341,74.125.200.0-255,1484,86149,9,365855
44108,0.001349,74.125.200.0-255,2902,89051,9,365855
44109,0.001354,172.31.36.0-255,66,89117,9,365855
44110,0.00136,74.125.200.0-255,5738,94855,9,365855
44111,0.001362,172.31.36.0-255,66,94921,9,365855
44112,0.001393,74.125.200.0-255,1484,96405,9,365855
44113,0.001417,74.125.200.0-255,1484,97889,9,365855
44114,0.001419,172.31.36.0-255,66,97955,9,365855
44115,0.001424,74.125.200.0-255,4320,102275,9,365855
44116,0.001426,172.31.36.0-255,66,102341,9,365855
44117,0.001436,172.31.36.0-255,66,102407,9,365855
44118,0.001441,74.125.200.0-255,4320,106727,9,365855
44119,0.001443,172.31.36.0-255,66,106793,9,365855
44120,0.001466,74.125.200.0-255,1484,108277,9,365855
44121,0.001481,74.125.200.0-255,2184,110461,9,365855
44122,0.001483,172.31.36.0-255,66,110527,9,365855
44123,0.001698,74.125.200.0-255,1484,112011,9,365855
44124,0.00171,74.125.200.0-255,2902,114913,9,365855
44125,0.001712,172.31.36.0-255,66,114979,9,365855
44126,0.001715,74.125.200.0-255,1484,116463,9,365855
44127,0.001729,74.125.200.0-255,1484,117947,9,365855
44128,0.001731,172.31.36.0-255,66,118013,9,365855
44129,0.001736,74.125.200.0-255,4320,122333,9,365855
44130,0.001738,172.31.36.0-255,66,122399,9,365855
44131,0.001756,74.125.200.0-255,4320,126719,9,365855
44132,0.001758,172.31.36.0-255,66,126785,9,365855
44133,0.001773,74.125.200.0-255,4320,131105,9,365855
44134,0.001776,172.31.36.0-255,66,131171,9,365855
44135,0.001785,172.31.36.0-255,66,131237,9,365855
44136,0.001827,74.125.200.0-255,2902,134139,9,365855
44137,0.00183,172.31.36.0-255,66,134205,9,365855
44138,0.001847,74.125.200.0-255,2184,136389,9,365855
44139,0.001849,172.31.36.0-255,66,136455,9,365855
44140,0.001889,74.125.200.0-255,1484,137939,9,365855
44141,0.001903,74.125.200.0-255,2902,140841,9,365855
44142,0.001905,172.31.36.0-255,66,140907,9,365855
44143,0.001929,74.125.200.0-255,5738,146645,9,365855
44144,0.001931,172.31.36.0-255,66,146711,9,365855
44145,0.001935,74.125.200.0-255,2902,149613,9,365855
44146,0.001937,172.31.36.0-255,66,149679,9,365855
44147,0.00194,74.125.200.0-255,1484,151163,9,365855
44148,0.00197,172.31.36.0-255,66,151229,9,365855
44149,0.001973,74.125.200.0-255,1484,152713,9,365855
44150,0.001996,172.31.36.0-255,66,152779,9,365855
44151,0.00206,74.125.200.0-255,1484,154263,9,365855
44152,0.002073,74.125.200.0-255,2902,157165,9,365855
44153,0.002076,172.31.36.0-255,66,157231,9,365855
44154,0.002078,74.125.200.0-255,1484,158715,9,365855
44155,0.002092,74.125.200.0-255,2902,161617,9,365855
44156,0.002095,172.31.36.0-255,66,161683,9,365855
44157,0.002118,74.125.200.0-255,5738,167421,9,365855
44158,0.002121,172.31.36.0-255,66,167487,9,365855
44159,0.002145,172.31.36.0-255,66,167553,9,365855
44160,0.002148,74.125.200.0-255,1484,169037,9,365855
44161,0.002164,74.125.200.0-255,4320,173357,9,365855
44162,0.002166,172.31.36.0-255,66,173423,9,365855
44163,0.002191,74.125.200.0-255,4320,177743,9,365855
44164,0.002193,172.31.36.0-255,66,177809,9,365855
44165,0.002195,74.125.200.0-255,766,178575,9,365855
44166,0.00221,74.125.200.0-255,1484,180059,9,365855
44167,0.002212,172.31.36.0-255,66,180125,9,365855
44168,0.002229,74.125.200.0-255,1484,181609,9,365855
44169,0.002243,74.125.200.0-255,2902,184511,9,365855
44170,0.002245,172.31.36.0-255,66,184577,9,365855
44171,0.002269,74.125.200.0-255,2902,187479,9,365855
44172,0.002271,172.31.36.0-255,66,187545,9,365855
44173,0.002288,74.125.200.0-255,1484,189029,9,365855
44174,0.002298,74.125.200.0-255,1484,190513,9,365855
44175,0.0023,172.31.36.0-255,66,190579,9,365855
44176,0.002319,74.125.200.0-255,4320,194899,9,365855
44177,0.002321,172.31.36.0-255,66,194965,9,365855
44178,0.002324,74.125.200.0-255,1484,196449,9,365855
44179,0.002326,74.125.200.0-255,1484,197933,9,365855
44180,0.002328,172.31.36.0-255,66,197999,9,365855
44181,0.002358,74.125.200.0-255,4320,202319,9,365855
44182,0.002361,172.31.36.0-255,66,202385,9,365855
44183,0.002366,74.125.200.0-255,5738,208123,9,365855
44184,0.002368,172.31.36.0-255,66,208189,9,365855
44185,0.002402,74.125.200.0-255,5020,213209,9,365855
44186,0.002405,172.31.36.0-255,66,213275,9,365855
44187,0.002498,74.125.200.0-255,1484,214759,9,365855
44188,0.002513,74.125.200.0-255,1484,216243,9,365855
44189,0.002515,172.31.36.0-255,66,216309,9,365855
44190,0.002519,74.125.200.0-255,1484,217793,9,365855
44191,0.002531,74.125.200.0-255,2902,220695,9,365855
44192,0.002534,172.31.36.0-255,66,220761,9,365855
44193,0.002548,74.125.200.0-255,4320,225081,9,365855
44194,0.00255,172.31.36.0-255,66,225147,9,365855
44195,0.002578,74.125.200.0-255,1484,226631,9,365855
44196,0.002581,74.125.200.0-255,1484,228115,9,365855
44197,0.002583,172.31.36.0-255,66,228181,9,365855
44198,0.002589,74.125.200.0-255,5738,233919,9,365855
44199,0.002591,74.125.200.0-255,1484,235403,9,365855
44200,0.002596,74.125.200.0-255,4320,239723,9,365855
44201,0.002646,74.125.200.0-255,1484,241207,9,365855
44202,0.00265,74.125.200.0-255,4320,245527,9,365855
44203,0.002664,74.125.200.0-255,2184,247711,9,365855
44204,0.002743,74.125.200.0-255,1484,249195,9,365855
44205,0.002758,74.125.200.0-255,2902,252097,9,365855
44206,0.002771,74.125.200.0-255,1484,253581,9,365855
44207,0.002786,74.125.200.0-255,4320,257901,9,365855
44208,0.002808,74.125.200.0-255,5738,263639,9,365855
44209,0.002812,74.125.200.0-255,4320,267959,9,365855
44210,0.002822,74.125.200.0-255,2902,270861,9,365855
44211,0.002842,74.125.200.0-255,2902,273763,9,365855
44212,0.00297,74.125.200.0-255,1484,275247,9,365855
44213,0.002989,74.125.200.0-255,2902,278149,9,365855
44214,0.003022,74.125.200.0-255,1484,279633,9,365855
44215,0.003039,74.125.200.0-255,2902,282535,9,365855
44216,0.003045,74.125.200.0-255,4320,286855,9,365855
44217,0.003061,74.125.200.0-255,1484,288339,9,365855
44218,0.003088,74.125.200.0-255,7156,295495,9,365855
44219,0.003105,74.125.200.0-255,5738,301233,9,365855
44220,0.003118,74.125.200.0-255,2902,304135,9,365855
44221,0.003133,74.125.200.0-255,3602,307737,9,365855
44222,0.003563,74.125.200.0-255,1484,309221,9,365855
44223,0.003581,74.125.200.0-255,2902,312123,9,365855
44224,0.003602,74.125.200.0-255,1484,313607,9,365855
44225,0.003621,74.125.200.0-255,1484,315091,9,365855
44226,0.003654,74.125.200.0-255,2902,317993,9,365855
44227,0.003658,74.125.200.0-255,1484,319477,9,365855
44228,0.003685,74.125.200.0-255,5738,325215,9,365855
44229,0.003705,74.125.200.0-255,2902,328117,9,365855
44230,0.003708,74.125.200.0-255,1484,329601,9,365855
44231,0.003726,74.125.200.0-255,2902,332503,9,365855
44232,0.00375,74.125.200.0-255,2902,335405,9,365855
44233,0.003761,74.125.200.0-255,4320,339725,9,365855
44234,0.003803,74.125.200.0-255,4320,344045,9,365855
44235,0.00382,74.125.200.0-255,3602,347647,9,365855
44236,0.003833,74.125.200.0-255,1484,349131,9,365855
44237,0.00386,74.125.200.0-255,6600,355731,9,365855
44238,0.003864,74.125.200.0-255,97,355828,9,365855
44239,0.003892,74.125.200.0-255,105,355933,9,365855
44240,0.004077,74.125.200.0-255,129,356062,9,365855
44241,0.008881,172.31.36.0-255,66,356128,9,365855
44242,0.012093,172.31.36.0-255,105,356233,9,365855
44243,0.012121,172.31.36.0-255,105,356338,9,365855
44244,0.01239,172.31.36.0-255,90,356428,9,365855
44245,0.0124,172.31.36.0-255,66,356494,9,365855
44246,0.014265,74.125.200.0-255,66,356560,9,365855
44247,0.014279,74.125.200.0-255,66,356626,9,365855
44248,0.014566,74.125.200.0-255,66,356692,9,365855
44249,0.014582,74.125.200.0-255,66,356758,9,365855
44250,0.014591,172.31.36.0-255,66,356824,9,365855
44251,0.031827,172.31.36.0-255,176,357000,9,365855
44252,0.031862,172.31.36.0-255,1115,358115,9,365855
44253,0.031907,172.31.36.0-255,1514,359629,9,365855
44254,0.031909,172.31.36.0-255,1514,361143,9,365855
44255,0.03191,172.31.36.0-255,1514,362657,9,365855
44256,0.031912,172.31.36.0-255,1514,364171,9,365855
44257,0.031914,172.31.36.0-255,1486,365657,9,365855
44258,0.033389,104.244.42.0-255,66,365723,9,365855
44259,0.033466,104.244.42.0-255,66,365789,9,365855
44260,0.033511,104.244.42.0-255,66,365855,9,365855
44261,0.0,172.31.36.0-255,105,105,9,276
44262,0.067689,31.13.82.0-255,105,210,9,276
44263,0.067705,172.31.36.0-255,66,276,9,276
44264,0.0,172.217.194.0-255,153,153,9,311879
44265,2.2e-05,172.31.36.0-255,66,219,9,311879
44266,3e-05,172.217.194.0-255,1484,1703,9,311879
44267,3.4e-05,172.31.36.0-255,66,1769,9,311879
44268,4e-05,172.217.194.0-255,2902,4671,9,311879
44269,4.3e-05,172.31.36.0-255,66,4737,9,311879
44270,5e-05,172.217.194.0-255,5738,10475,9,311879
44271,5.2e-05,172.31.36.0-255,66,10541,9,311879
44272,5.6e-05,172.217.194.0-255,1484,12025,9,311879
44273,5.8e-05,172.31.36.0-255,66,12091,9,311879
44274,9.9e-05,172.31.36.0-255,66,12157,9,311879
44275,0.000106,172.217.194.0-255,6797,18954,9,311879
44276,0.000108,172.31.36.0-255,66,19020,9,311879
44277,0.000155,172.217.194.0-255,1484,20504,9,311879
44278,0.000159,172.31.36.0-255,66,20570,9,311879
44279,0.000164,172.217.194.0-255,2902,23472,9,311879
44280,0.000166,172.31.36.0-255,66,23538,9,311879
44281,0.00017,172.217.194.0-255,2902,26440,9,311879
44282,0.000172,172.31.36.0-255,66,26506,9,311879
44283,0.000185,172.217.194.0-255,2902,29408,9,311879
44284,0.000188,172.31.36.0-255,66,29474,9,311879
44285,0.000191,172.217.194.0-255,1484,30958,9,311879
44286,0.000194,172.31.36.0-255,66,31024,9,311879
44287,0.000223,172.217.194.0-255,4320,35344,9,311879
44288,0.000226,172.31.36.0-255,66,35410,9,311879
44289,0.000239,172.31.36.0-255,66,35476,9,311879
44290,0.000245,172.217.194.0-255,5294,40770,9,311879
44291,0.000247,172.31.36.0-255,66,40836,9,311879
44292,0.000269,172.217.194.0-255,114,40950,9,311879
44293,0.000272,172.31.36.0-255,66,41016,9,311879
44294,0.000394,172.217.194.0-255,1484,42500,9,311879
44295,0.000401,172.217.194.0-255,2902,45402,9,311879
44296,0.000411,172.31.36.0-255,66,45468,9,311879
44297,0.000419,172.217.194.0-255,2902,48370,9,311879
44298,0.00043,172.31.36.0-255,66,48436,9,311879
44299,0.000432,172.217.194.0-255,2902,51338,9,311879
44300,0.000436,172.217.194.0-255,2902,54240,9,311879
44301,0.00045,172.217.194.0-255,2902,57142,9,311879
44302,0.000452,172.31.36.0-255,66,57208,9,311879
44303,0.000452,172.217.194.0-255,1484,58692,9,311879
44304,0.000457,172.31.36.0-255,66,58758,9,311879
44305,0.000487,172.31.36.0-255,66,58824,9,311879
44306,0.000509,172.217.194.0-255,4760,63584,9,311879
44307,0.000513,172.31.36.0-255,66,63650,9,311879
44308,0.000557,172.31.36.0-255,66,63716,9,311879
44309,0.000593,172.31.36.0-255,66,63782,9,311879
44310,0.000635,172.217.194.0-255,1484,65266,9,311879
44311,0.000639,172.217.194.0-255,1484,66750,9,311879
44312,0.000651,172.217.194.0-255,1484,68234,9,311879
44313,0.000653,172.31.36.0-255,66,68300,9,311879
44314,0.000656,172.217.194.0-255,4320,72620,9,311879
44315,0.000669,172.31.36.0-255,66,72686,9,311879
44316,0.000672,172.217.194.0-255,1484,74170,9,311879
44317,0.000678,172.217.194.0-255,4320,78490,9,311879
44318,0.000683,172.31.36.0-255,66,78556,9,311879
44319,0.000703,172.217.194.0-255,2902,81458,9,311879
44320,0.00071,172.31.36.0-255,66,81524,9,311879
44321,0.000723,172.217.194.0-255,4320,85844,9,311879
44322,0.000742,172.217.194.0-255,3602,89446,9,311879
44323,0.000754,172.31.36.0-255,66,89512,9,311879
44324,0.001077,172.217.194.0-255,1484,90996,9,311879
44325,0.001082,172.217.194.0-255,2902,93898,9,311879
44326,0.001086,172.31.36.0-255,66,93964,9,311879
44327,0.001107,172.217.194.0-255,5738,99702,9,311879
44328,0.001114,172.31.36.0-255,66,99768,9,311879
44329,0.001139,172.31.36.0-255,66,99834,9,311879
44330,0.001202,172.31.36.0-255,66,99900,9,311879
44331,0.001611,172.217.194.0-255,1484,101384,9,311879
44332,0.00163,172.217.194.0-255,2902,104286,9,311879
44333,0.001634,172.31.36.0-255,66,104352,9,311879
44334,0.001657,172.217.194.0-255,5738,110090,9,311879
44335,0.001661,172.31.36.0-255,66,110156,9,311879
44336,0.001687,172.217.194.0-255,4320,114476,9,311879
44337,0.001695,172.31.36.0-255,66,114542,9,311879
44338,0.001701,172.217.194.0-255,2902,117444,9,311879
44339,0.001709,172.31.36.0-255,66,117510,9,311879
44340,0.001713,172.217.194.0-255,1484,118994,9,311879
44341,0.001743,172.217.194.0-255,2184,121178,9,311879
44342,0.001751,172.31.36.0-255,66,121244,9,311879
44343,0.001781,172.217.194.0-255,1484,122728,9,311879
44344,0.001798,172.217.194.0-255,2902,125630,9,311879
44345,0.0018,172.217.194.0-255,1484,127114,9,311879
44346,0.001805,172.31.36.0-255,66,127180,9,311879
44347,0.001822,172.217.194.0-255,4320,131500,9,311879
44348,0.001827,172.217.194.0-255,2902,134402,9,311879
44349,0.001833,172.31.36.0-255,66,134468,9,311879
44350,0.001844,172.217.194.0-255,4320,138788,9,311879
44351,0.001847,172.31.36.0-255,66,138854,9,311879
44352,0.00185,172.217.194.0-255,1484,140338,9,311879
44353,0.00189,172.217.194.0-255,2184,142522,9,311879
44354,0.00189,172.31.36.0-255,66,142588,9,311879
44355,0.001895,172.31.36.0-255,66,142654,9,311879
44356,0.002115,172.217.194.0-255,1484,144138,9,311879
44357,0.002121,172.217.194.0-255,2902,147040,9,311879
44358,0.002124,172.31.36.0-255,66,147106,9,311879
44359,0.002148,172.217.194.0-255,5738,152844,9,311879
44360,0.002152,172.31.36.0-255,66,152910,9,311879
44361,0.002186,172.217.194.0-255,2902,155812,9,311879
44362,0.00219,172.31.36.0-255,66,155878,9,311879
44363,0.002225,172.31.36.0-255,66,155944,9,311879
44364,0.002239,172.217.194.0-255,2902,158846,9,311879
44365,0.002249,172.31.36.0-255,66,158912,9,311879
44366,0.002256,172.217.194.0-255,7156,166068,9,311879
44367,0.002272,172.31.36.0-255,66,166134,9,311879
44368,0.002276,172.217.194.0-255,766,166900,9,311879
44369,0.002333,172.217.194.0-255,1484,168384,9,311879
44370,0.002336,172.31.36.0-255,66,168450,9,311879
44371,0.00234,172.217.194.0-255,1484,169934,9,311879
44372,0.002354,172.217.194.0-255,1484,171418,9,311879
44373,0.002359,172.217.194.0-255,4320,175738,9,311879
44374,0.002368,172.31.36.0-255,66,175804,9,311879
44375,0.002374,172.217.194.0-255,1484,177288,9,311879
44376,0.002378,172.217.194.0-255,2902,180190,9,311879
44377,0.002381,172.31.36.0-255,66,180256,9,311879
44378,0.004697,172.217.194.0-255,2902,183158,9,311879
44379,0.004704,172.31.36.0-255,66,183224,9,311879
44380,0.004721,172.217.194.0-255,2902,186126,9,311879
44381,0.006428,172.31.36.0-255,66,186192,9,311879
44382,0.007045,172.217.194.0-255,2902,189094,9,311879
44383,0.00705,172.31.36.0-255,66,189160,9,311879
44384,0.008774,172.217.194.0-255,2902,192062,9,311879
44385,0.008779,172.31.36.0-255,66,192128,9,311879
44386,0.009384,172.217.194.0-255,2902,195030,9,311879
44387,0.00939,172.31.36.0-255,66,195096,9,311879
44388,0.011109,172.217.194.0-255,2902,197998,9,311879
44389,0.011115,172.31.36.0-255,66,198064,9,311879
44390,0.011738,172.217.194.0-255,2902,200966,9,311879
44391,0.01307,172.31.36.0-255,66,201032,9,311879
44392,0.01347,172.217.194.0-255,2902,203934,9,311879
44393,0.013477,172.31.36.0-255,66,204000,9,311879
44394,0.015475,172.217.194.0-255,2902,206902,9,311879
44395,0.015483,172.31.36.0-255,66,206968,9,311879
44396,0.015841,172.217.194.0-255,2902,209870,9,311879
44397,0.016561,172.31.36.0-255,66,209936,9,311879
44398,0.01786,172.217.194.0-255,2902,212838,9,311879
44399,0.017868,172.31.36.0-255,66,212904,9,311879
44400,0.018918,172.217.194.0-255,2902,215806,9,311879
44401,0.018928,172.31.36.0-255,66,215872,9,311879
44402,0.020217,172.217.194.0-255,2902,218774,9,311879
44403,0.020224,172.31.36.0-255,66,218840,9,311879
44404,0.021308,172.217.194.0-255,2902,221742,9,311879
44405,0.021315,172.31.36.0-255,66,221808,9,311879
44406,0.022573,172.217.194.0-255,2902,224710,9,311879
44407,0.022579,172.31.36.0-255,66,224776,9,311879
44408,0.023654,172.217.194.0-255,2902,227678,9,311879
44409,0.02366,172.31.36.0-255,66,227744,9,311879
44410,0.024922,172.217.194.0-255,2902,230646,9,311879
44411,0.024929,172.31.36.0-255,66,230712,9,311879
44412,0.026018,172.217.194.0-255,2902,233614,9,311879
44413,0.026024,172.31.36.0-255,66,233680,9,311879
44414,0.027279,172.217.194.0-255,2902,236582,9,311879
44415,0.027286,172.31.36.0-255,66,236648,9,311879
44416,0.028415,172.217.194.0-255,2902,239550,9,311879
44417,0.028423,172.31.36.0-255,66,239616,9,311879
44418,0.029627,172.217.194.0-255,2902,242518,9,311879
44419,0.029634,172.31.36.0-255,66,242584,9,311879
44420,0.030758,172.217.194.0-255,2902,245486,9,311879
44421,0.030764,172.31.36.0-255,66,245552,9,311879
44422,0.03195,172.217.194.0-255,2902,248454,9,311879
44423,0.031956,172.31.36.0-255,66,248520,9,311879
44424,0.033089,172.217.194.0-255,2902,251422,9,311879
44425,0.033096,172.31.36.0-255,66,251488,9,311879
44426,0.034304,172.217.194.0-255,2902,254390,9,311879
44427,0.034311,172.31.36.0-255,66,254456,9,311879
44428,0.035429,172.217.194.0-255,2902,257358,9,311879
44429,0.035436,172.31.36.0-255,66,257424,9,311879
44430,0.036673,172.217.194.0-255,2902,260326,9,311879
44431,0.036679,172.31.36.0-255,66,260392,9,311879
44432,0.037782,172.217.194.0-255,2902,263294,9,311879
44433,0.037789,172.31.36.0-255,66,263360,9,311879
44434,0.039019,172.217.194.0-255,2902,266262,9,311879
44435,0.039026,172.31.36.0-255,66,266328,9,311879
44436,0.039827,172.31.36.0-255,172,266500,9,311879
44437,0.039854,172.31.36.0-255,1117,267617,9,311879
44438,0.039905,172.31.36.0-255,1514,269131,9,311879
44439,0.039907,172.31.36.0-255,1514,270645,9,311879
44440,0.039908,172.31.36.0-255,1514,272159,9,311879
44441,0.039909,172.31.36.0-255,1514,273673,9,311879
44442,0.039936,172.31.36.0-255,1485,275158,9,311879
44443,0.040109,172.217.194.0-255,2902,278060,9,311879
44444,0.040115,172.31.36.0-255,66,278126,9,311879
44445,0.041354,104.244.42.0-255,66,278192,9,311879
44446,0.041366,172.217.194.0-255,2902,281094,9,311879
44447,0.04137,172.31.36.0-255,66,281160,9,311879
44448,0.041414,104.244.42.0-255,66,281226,9,311879
44449,0.041465,104.244.42.0-255,66,281292,9,311879
44450,0.042441,172.217.194.0-255,2902,284194,9,311879
44451,0.042447,172.31.36.0-255,66,284260,9,311879
44452,0.043216,104.244.42.0-255,108,284368,9,311879
44453,0.043234,172.31.36.0-255,66,284434,9,311879
44454,0.043713,172.217.194.0-255,2902,287336,9,311879
44455,0.043717,172.31.36.0-255,66,287402,9,311879
44456,0.044775,172.217.194.0-255,2902,290304,9,311879
44457,0.04478,172.31.36.0-255,66,290370,9,311879
44458,0.046041,172.217.194.0-255,2902,293272,9,311879
44459,0.046047,172.31.36.0-255,66,293338,9,311879
44460,0.047117,172.217.194.0-255,2902,296240,9,311879
44461,0.047122,172.31.36.0-255,66,296306,9,311879
44462,0.048386,172.217.194.0-255,2902,299208,9,311879
44463,0.048391,172.31.36.0-255,66,299274,9,311879
44464,0.049478,172.217.194.0-255,2902,302176,9,311879
44465,0.049485,172.31.36.0-255,66,302242,9,311879
44466,0.050709,172.217.194.0-255,2902,305144,9,311879
44467,0.050716,172.31.36.0-255,66,305210,9,311879
44468,0.051806,172.217.194.0-255,2902,308112,9,311879
44469,0.051813,172.31.36.0-255,66,308178,9,311879
44470,0.053054,172.217.194.0-255,2902,311080,9,311879
44471,0.053059,172.31.36.0-255,66,311146,9,311879
44472,0.054111,172.217.194.0-255,496,311642,9,311879
44473,0.054265,172.31.36.0-255,66,311708,9,311879
44474,0.054293,172.31.36.0-255,105,311813,9,311879
44475,0.056587,172.217.194.0-255,66,311879,9,311879
44476,0.0,74.125.24.0-255,167,167,9,250234
44477,2.4e-05,172.31.36.0-255,66,233,9,250234
44478,3.2e-05,74.125.24.0-255,1484,1717,9,250234
44479,3.6e-05,172.31.36.0-255,66,1783,9,250234
44480,4.2e-05,74.125.24.0-255,2902,4685,9,250234
44481,4.6e-05,172.31.36.0-255,66,4751,9,250234
44482,5.4e-05,74.125.24.0-255,7156,11907,9,250234
44483,5.7e-05,172.31.36.0-255,66,11973,9,250234
44484,6.2e-05,74.125.24.0-255,2028,14001,9,250234
44485,6.5e-05,172.31.36.0-255,66,14067,9,250234
44486,0.00011,74.125.24.0-255,1484,15551,9,250234
44487,0.000112,172.31.36.0-255,66,15617,9,250234
44488,0.000118,74.125.24.0-255,2902,18519,9,250234
44489,0.000121,172.31.36.0-255,66,18585,9,250234
44490,0.000126,74.125.24.0-255,2902,21487,9,250234
44491,0.000128,172.31.36.0-255,66,21553,9,250234
44492,0.000147,74.125.24.0-255,2902,24455,9,250234
44493,0.00015,172.31.36.0-255,66,24521,9,250234
44494,0.000199,74.125.24.0-255,7156,31677,9,250234
44495,0.000202,172.31.36.0-255,66,31743,9,250234
44496,0.000219,74.125.24.0-255,6797,38540,9,250234
44497,0.000221,172.31.36.0-255,66,38606,9,250234
44498,0.000234,172.31.36.0-255,66,38672,9,250234
44499,0.000238,74.125.24.0-255,2902,41574,9,250234
44500,0.00024,172.31.36.0-255,66,41640,9,250234
44501,0.000268,74.125.24.0-255,2902,44542,9,250234
44502,0.000271,172.31.36.0-255,66,44608,9,250234
44503,0.000278,74.125.24.0-255,7156,51764,9,250234
44504,0.000281,172.31.36.0-255,66,51830,9,250234
44505,0.000286,74.125.24.0-255,3961,55791,9,250234
44506,0.000289,172.31.36.0-255,66,55857,9,250234
44507,0.000309,74.125.24.0-255,402,56259,9,250234
44508,0.000399,74.125.24.0-255,110,56369,9,250234
44509,0.000556,74.125.24.0-255,1484,57853,9,250234
44510,0.000561,172.31.36.0-255,66,57919,9,250234
44511,0.000566,74.125.24.0-255,2902,60821,9,250234
44512,0.000568,172.31.36.0-255,66,60887,9,250234
44513,0.000575,74.125.24.0-255,5738,66625,9,250234
44514,0.000577,172.31.36.0-255,66,66691,9,250234
44515,0.00058,74.125.24.0-255,1484,68175,9,250234
44516,0.000613,74.125.24.0-255,5379,73554,9,250234
44517,0.000616,172.31.36.0-255,66,73620,9,250234
44518,0.000623,74.125.24.0-255,7156,80776,9,250234
44519,0.000625,172.31.36.0-255,66,80842,9,250234
44520,0.000651,172.31.36.0-255,66,80908,9,250234
44521,0.001002,74.125.24.0-255,1484,82392,9,250234
44522,0.001009,74.125.24.0-255,2902,85294,9,250234
44523,0.001012,172.31.36.0-255,66,85360,9,250234
44524,0.001016,74.125.24.0-255,1484,86844,9,250234
44525,0.001036,74.125.24.0-255,4320,91164,9,250234
44526,0.001039,172.31.36.0-255,66,91230,9,250234
44527,0.001047,74.125.24.0-255,7156,98386,9,250234
44528,0.001049,172.31.36.0-255,66,98452,9,250234
44529,0.001067,74.125.24.0-255,5738,104190,9,250234
44530,0.00107,172.31.36.0-255,66,104256,9,250234
44531,0.001104,74.125.24.0-255,2184,106440,9,250234
44532,0.001109,172.31.36.0-255,66,106506,9,250234
44533,0.001117,172.31.36.0-255,66,106572,9,250234
44534,0.001495,74.125.24.0-255,1484,108056,9,250234
44535,0.001501,74.125.24.0-255,2902,110958,9,250234
44536,0.001505,172.31.36.0-255,66,111024,9,250234
44537,0.001529,74.125.24.0-255,5738,116762,9,250234
44538,0.001532,172.31.36.0-255,66,116828,9,250234
44539,0.001559,172.31.36.0-255,66,116894,9,250234
44540,0.001563,74.125.24.0-255,2902,119796,9,250234
44541,0.001566,172.31.36.0-255,66,119862,9,250234
44542,0.001595,74.125.24.0-255,2184,122046,9,250234
44543,0.001599,172.31.36.0-255,66,122112,9,250234
44544,0.001606,172.31.36.0-255,66,122178,9,250234
44545,0.001636,74.125.24.0-255,2902,125080,9,250234
44546,0.001639,172.31.36.0-255,66,125146,9,250234
44547,0.001646,74.125.24.0-255,7156,132302,9,250234
44548,0.001648,172.31.36.0-255,66,132368,9,250234
44549,0.001672,172.31.36.0-255,66,132434,9,250234
44550,0.001693,74.125.24.0-255,2902,135336,9,250234
44551,0.001696,172.31.36.0-255,66,135402,9,250234
44552,0.001701,74.125.24.0-255,4320,139722,9,250234
44553,0.001703,172.31.36.0-255,66,139788,9,250234
44554,0.001728,172.31.36.0-255,66,139854,9,250234
44555,0.001768,74.125.24.0-255,1484,141338,9,250234
44556,0.001773,74.125.24.0-255,2902,144240,9,250234
44557,0.001776,172.31.36.0-255,66,144306,9,250234
44558,0.001779,74.125.24.0-255,1484,145790,9,250234
44559,0.001797,74.125.24.0-255,4320,150110,9,250234
44560,0.0018,172.31.36.0-255,66,150176,9,250234
44561,0.001805,74.125.24.0-255,4320,154496,9,250234
44562,0.001808,172.31.36.0-255,66,154562,9,250234
44563,0.001864,172.31.36.0-255,66,154628,9,250234
44564,0.00187,74.125.24.0-255,3602,158230,9,250234
44565,0.001872,172.31.36.0-255,66,158296,9,250234
44566,0.001953,74.125.24.0-255,1484,159780,9,250234
44567,0.001959,74.125.24.0-255,2902,162682,9,250234
44568,0.001962,172.31.36.0-255,66,162748,9,250234
44569,0.001969,74.125.24.0-255,5738,168486,9,250234
44570,0.001971,172.31.36.0-255,66,168552,9,250234
44571,0.002011,172.31.36.0-255,66,168618,9,250234
44572,0.002018,74.125.24.0-255,7156,175774,9,250234
44573,0.00202,172.31.36.0-255,66,175840,9,250234
44574,0.002053,74.125.24.0-255,3602,179442,9,250234
44575,0.002056,172.31.36.0-255,66,179508,9,250234
44576,0.002095,74.125.24.0-255,1484,180992,9,250234
44577,0.002113,74.125.24.0-255,2902,183894,9,250234
44578,0.002116,172.31.36.0-255,66,183960,9,250234
44579,0.002122,74.125.24.0-255,5738,189698,9,250234
44580,0.002124,172.31.36.0-255,66,189764,9,250234
44581,0.002141,74.125.24.0-255,4320,194084,9,250234
44582,0.002143,172.31.36.0-255,66,194150,9,250234
44583,0.002161,74.125.24.0-255,7156,201306,9,250234
44584,0.002163,172.31.36.0-255,66,201372,9,250234
44585,0.002169,74.125.24.0-255,4320,205692,9,250234
44586,0.002171,172.31.36.0-255,66,205758,9,250234
44587,0.002204,74.125.24.0-255,4320,210078,9,250234
44588,0.002208,172.31.36.0-255,66,210144,9,250234
44589,0.002241,172.31.36.0-255,66,210210,9,250234
44590,0.002253,172.31.36.0-255,66,210276,9,250234
44591,0.002271,74.125.24.0-255,7156,217432,9,250234
44592,0.002297,74.125.24.0-255,2902,220334,9,250234
44593,0.002345,74.125.24.0-255,1484,221818,9,250234
44594,0.002352,74.125.24.0-255,6438,228256,9,250234
44595,0.002437,74.125.24.0-255,7156,235412,9,250234
44596,0.002497,74.125.24.0-255,5453,240865,9,250234
44597,0.0025,74.125.24.0-255,105,240970,9,250234
44598,0.008958,172.31.36.0-255,66,241036,9,250234
44599,0.011407,172.31.36.0-255,105,241141,9,250234
44600,0.01405,74.125.24.0-255,66,241207,9,250234
44601,0.035364,172.31.36.0-255,172,241379,9,250234
44602,0.035395,172.31.36.0-255,1115,242494,9,250234
44603,0.035466,172.31.36.0-255,1514,244008,9,250234
44604,0.035468,172.31.36.0-255,1514,245522,9,250234
44605,0.035469,172.31.36.0-255,1514,247036,9,250234
44606,0.03547,172.31.36.0-255,1514,248550,9,250234
44607,0.035472,172.31.36.0-255,1486,250036,9,250234
44608,0.036887,104.244.42.0-255,66,250102,9,250234
44609,0.036898,104.244.42.0-255,66,250168,9,250234
44610,0.03702,104.244.42.0-255,66,250234,9,250234
44611,0.0,74.125.24.0-255,153,153,9,332145
44612,3.2e-05,172.31.36.0-255,66,219,9,332145
44613,3.9e-05,74.125.24.0-255,1484,1703,9,332145
44614,4.4e-05,172.31.36.0-255,66,1769,9,332145
44615,4.9e-05,74.125.24.0-255,2902,4671,9,332145
44616,5.2e-05,172.31.36.0-255,66,4737,9,332145
44617,5.9e-05,74.125.24.0-255,7156,11893,9,332145
44618,6.2e-05,172.31.36.0-255,66,11959,9,332145
44619,9.1e-05,172.31.36.0-255,66,12025,9,332145
44620,0.000106,74.125.24.0-255,2077,14102,9,332145
44621,0.00011,172.31.36.0-255,66,14168,9,332145
44622,0.000117,74.125.24.0-255,4320,18488,9,332145
44623,0.000119,172.31.36.0-255,66,18554,9,332145
44624,0.00014,74.125.24.0-255,2543,21097,9,332145
44625,0.000143,172.31.36.0-255,66,21163,9,332145
44626,0.000239,74.125.24.0-255,1484,22647,9,332145
44627,0.000243,172.31.36.0-255,66,22713,9,332145
44628,0.000247,74.125.24.0-255,1484,24197,9,332145
44629,0.00025,172.31.36.0-255,66,24263,9,332145
44630,0.000262,74.125.24.0-255,1484,25747,9,332145
44631,0.000265,172.31.36.0-255,66,25813,9,332145
44632,0.000271,74.125.24.0-255,5738,31551,9,332145
44633,0.000274,172.31.36.0-255,66,31617,9,332145
44634,0.000279,74.125.24.0-255,2902,34519,9,332145
44635,0.000281,172.31.36.0-255,66,34585,9,332145
44636,0.000301,74.125.24.0-255,3961,38546,9,332145
44637,0.000305,172.31.36.0-255,66,38612,9,332145
44638,0.000328,74.125.24.0-255,4320,42932,9,332145
44639,0.000332,172.31.36.0-255,66,42998,9,332145
44640,0.000366,172.31.36.0-255,66,43064,9,332145
44641,0.00037,74.125.24.0-255,2543,45607,9,332145
44642,0.000373,172.31.36.0-255,66,45673,9,332145
44643,0.000494,74.125.24.0-255,393,46066,9,332145
44644,0.000809,172.31.36.0-255,66,46132,9,332145
44645,0.001029,74.125.24.0-255,349,46481,9,332145
44646,0.001311,74.125.24.0-255,1484,47965,9,332145
44647,0.001318,172.31.36.0-255,66,48031,9,332145
44648,0.001324,74.125.24.0-255,2902,50933,9,332145
44649,0.001326,172.31.36.0-255,66,50999,9,332145
44650,0.001331,74.125.24.0-255,2902,53901,9,332145
44651,0.001333,172.31.36.0-255,66,53967,9,332145
44652,0.00136,74.125.24.0-255,2902,56869,9,332145
44653,0.001363,172.31.36.0-255,66,56935,9,332145
44654,0.001371,74.125.24.0-255,7156,64091,9,332145
44655,0.001373,172.31.36.0-255,66,64157,9,332145
44656,0.001385,172.31.36.0-255,66,64223,9,332145
44657,0.001404,74.125.24.0-255,2902,67125,9,332145
44658,0.001407,74.125.24.0-255,2184,69309,9,332145
44659,0.001408,172.31.36.0-255,66,69375,9,332145
44660,0.001411,172.31.36.0-255,66,69441,9,332145
44661,0.001862,74.125.24.0-255,1484,70925,9,332145
44662,0.001874,74.125.24.0-255,2902,73827,9,332145
44663,0.001879,172.31.36.0-255,66,73893,9,332145
44664,0.001887,74.125.24.0-255,5738,79631,9,332145
44665,0.001889,172.31.36.0-255,66,79697,9,332145
44666,0.001893,74.125.24.0-255,1484,81181,9,332145
44667,0.001909,74.125.24.0-255,2902,84083,9,332145
44668,0.001911,172.31.36.0-255,66,84149,9,332145
44669,0.001952,172.31.36.0-255,66,84215,9,332145
44670,0.001963,172.31.36.0-255,66,84281,9,332145
44671,0.004291,74.125.24.0-255,1484,85765,9,332145
44672,0.00431,74.125.24.0-255,4320,90085,9,332145
44673,0.004312,172.31.36.0-255,66,90151,9,332145
44674,0.006625,74.125.24.0-255,2902,93053,9,332145
44675,0.00663,172.31.36.0-255,66,93119,9,332145
44676,0.006649,74.125.24.0-255,2902,96021,9,332145
44677,0.006652,172.31.36.0-255,66,96087,9,332145
44678,0.008967,74.125.24.0-255,5738,101825,9,332145
44679,0.008971,172.31.36.0-255,66,101891,9,332145
44680,0.011332,74.125.24.0-255,5738,107629,9,332145
44681,0.01134,172.31.36.0-255,66,107695,9,332145
44682,0.013666,74.125.24.0-255,5738,113433,9,332145
44683,0.013676,172.31.36.0-255,66,113499,9,332145
44684,0.016033,74.125.24.0-255,5738,119237,9,332145
44685,0.016041,172.31.36.0-255,66,119303,9,332145
44686,0.0184,74.125.24.0-255,5738,125041,9,332145
44687,0.018416,172.31.36.0-255,66,125107,9,332145
44688,0.02079,74.125.24.0-255,5738,130845,9,332145
44689,0.020804,172.31.36.0-255,66,130911,9,332145
44690,0.023174,74.125.24.0-255,5738,136649,9,332145
44691,0.023186,172.31.36.0-255,66,136715,9,332145
44692,0.025521,74.125.24.0-255,5738,142453,9,332145
44693,0.025532,172.31.36.0-255,66,142519,9,332145
44694,0.027868,74.125.24.0-255,5738,148257,9,332145
44695,0.027876,172.31.36.0-255,66,148323,9,332145
44696,0.030229,74.125.24.0-255,5738,154061,9,332145
44697,0.030235,172.31.36.0-255,66,154127,9,332145
44698,0.030488,172.31.36.0-255,172,154299,9,332145
44699,0.030517,172.31.36.0-255,1117,155416,9,332145
44700,0.030578,172.31.36.0-255,1514,156930,9,332145
44701,0.03058,172.31.36.0-255,1514,158444,9,332145
44702,0.030586,172.31.36.0-255,1514,159958,9,332145
44703,0.030587,172.31.36.0-255,1514,161472,9,332145
44704,0.030604,172.31.36.0-255,1499,162971,9,332145
44705,0.03206,104.244.42.0-255,66,163037,9,332145
44706,0.03211,104.244.42.0-255,66,163103,9,332145
44707,0.032174,104.244.42.0-255,66,163169,9,332145
44708,0.032543,74.125.24.0-255,2902,166071,9,332145
44709,0.032548,172.31.36.0-255,66,166137,9,332145
44710,0.032582,74.125.24.0-255,2902,169039,9,332145
44711,0.032585,172.31.36.0-255,66,169105,9,332145
44712,0.034884,74.125.24.0-255,2902,172007,9,332145
44713,0.034891,172.31.36.0-255,66,172073,9,332145
44714,0.034912,74.125.24.0-255,2902,174975,9,332145
44715,0.034915,172.31.36.0-255,66,175041,9,332145
44716,0.037211,74.125.24.0-255,2902,177943,9,332145
44717,0.037218,172.31.36.0-255,66,178009,9,332145
44718,0.037266,74.125.24.0-255,2902,180911,9,332145
44719,0.037269,172.31.36.0-255,66,180977,9,332145
44720,0.039564,74.125.24.0-255,2902,183879,9,332145
44721,0.03957,172.31.36.0-255,66,183945,9,332145
44722,0.039633,74.125.24.0-255,2902,186847,9,332145
44723,0.039637,172.31.36.0-255,66,186913,9,332145
44724,0.041976,74.125.24.0-255,2902,189815,9,332145
44725,0.041984,172.31.36.0-255,66,189881,9,332145
44726,0.042,74.125.24.0-255,2902,192783,9,332145
44727,0.042003,172.31.36.0-255,66,192849,9,332145
44728,0.044387,74.125.24.0-255,5738,198587,9,332145
44729,0.044393,172.31.36.0-255,66,198653,9,332145
44730,0.046772,74.125.24.0-255,5738,204391,9,332145
44731,0.046779,172.31.36.0-255,66,204457,9,332145
44732,0.049114,74.125.24.0-255,5738,210195,9,332145
44733,0.049122,172.31.36.0-255,66,210261,9,332145
44734,0.051469,74.125.24.0-255,5738,215999,9,332145
44735,0.051476,172.31.36.0-255,66,216065,9,332145
44736,0.053851,74.125.24.0-255,5738,221803,9,332145
44737,0.053857,172.31.36.0-255,66,221869,9,332145
44738,0.056203,74.125.24.0-255,5738,227607,9,332145
44739,0.056209,172.31.36.0-255,66,227673,9,332145
44740,0.058567,74.125.24.0-255,5738,233411,9,332145
44741,0.058574,172.31.36.0-255,66,233477,9,332145
44742,0.061093,74.125.24.0-255,5738,239215,9,332145
44743,0.061101,172.31.36.0-255,66,239281,9,332145
44744,0.063445,74.125.24.0-255,5738,245019,9,332145
44745,0.063451,172.31.36.0-255,66,245085,9,332145
44746,0.065791,74.125.24.0-255,5738,250823,9,332145
44747,0.065797,172.31.36.0-255,66,250889,9,332145
44748,0.068149,74.125.24.0-255,5738,256627,9,332145
44749,0.068156,172.31.36.0-255,66,256693,9,332145
44750,0.07049,74.125.24.0-255,5738,262431,9,332145
44751,0.070495,172.31.36.0-255,66,262497,9,332145
44752,0.072845,74.125.24.0-255,5738,268235,9,332145
44753,0.072851,172.31.36.0-255,66,268301,9,332145
44754,0.07521,74.125.24.0-255,5738,274039,9,332145
44755,0.075216,172.31.36.0-255,66,274105,9,332145
44756,0.077569,74.125.24.0-255,5738,279843,9,332145
44757,0.077576,172.31.36.0-255,66,279909,9,332145
44758,0.079946,74.125.24.0-255,5738,285647,9,332145
44759,0.079953,172.31.36.0-255,66,285713,9,332145
44760,0.082301,74.125.24.0-255,5738,291451,9,332145
44761,0.082307,172.31.36.0-255,66,291517,9,332145
44762,0.084727,74.125.24.0-255,5738,297255,9,332145
44763,0.084734,172.31.36.0-255,66,297321,9,332145
44764,0.087071,74.125.24.0-255,5738,303059,9,332145
44765,0.087078,172.31.36.0-255,66,303125,9,332145
44766,0.08941,74.125.24.0-255,5738,308863,9,332145
44767,0.089418,172.31.36.0-255,66,308929,9,332145
44768,0.091754,74.125.24.0-255,5738,314667,9,332145
44769,0.091761,172.31.36.0-255,66,314733,9,332145
44770,0.094106,74.125.24.0-255,5738,320471,9,332145
44771,0.094112,172.31.36.0-255,66,320537,9,332145
44772,0.096459,74.125.24.0-255,5738,326275,9,332145
44773,0.096467,172.31.36.0-255,66,326341,9,332145
44774,0.098806,74.125.24.0-255,5738,332079,9,332145
44775,0.098812,172.31.36.0-255,66,332145,9,332145
44776,0.0,172.253.118.0-255,153,153,9,376098
44777,3.5e-05,172.31.36.0-255,66,219,9,376098
44778,4.2e-05,172.253.118.0-255,1484,1703,9,376098
44779,4.6e-05,172.31.36.0-255,66,1769,9,376098
44780,5.8e-05,172.253.118.0-255,2902,4671,9,376098
44781,6.1e-05,172.31.36.0-255,66,4737,9,376098
44782,8.8e-05,172.253.118.0-255,7156,11893,9,376098
44783,9.3e-05,172.31.36.0-255,66,11959,9,376098
44784,0.000127,172.31.36.0-255,66,12025,9,376098
44785,0.000133,172.253.118.0-255,4320,16345,9,376098
44786,0.000135,172.31.36.0-255,66,16411,9,376098
44787,0.000159,172.253.118.0-255,4320,20731,9,376098
44788,0.000161,172.31.36.0-255,66,20797,9,376098
44789,0.00017,172.253.118.0-255,2543,23340,9,376098
44790,0.000173,172.31.36.0-255,66,23406,9,376098
44791,0.000292,172.253.118.0-255,1484,24890,9,376098
44792,0.000296,172.31.36.0-255,66,24956,9,376098
44793,0.0003,172.253.118.0-255,1484,26440,9,376098
44794,0.000303,172.31.36.0-255,66,26506,9,376098
44795,0.000329,172.253.118.0-255,1484,27990,9,376098
44796,0.000332,172.31.36.0-255,66,28056,9,376098
44797,0.000339,172.253.118.0-255,5738,33794,9,376098
44798,0.000341,172.31.36.0-255,66,33860,9,376098
44799,0.000355,172.253.118.0-255,6797,40657,9,376098
44800,0.000358,172.31.36.0-255,66,40723,9,376098
44801,0.000373,172.31.36.0-255,66,40789,9,376098
44802,0.000377,172.253.118.0-255,2814,43603,9,376098
44803,0.000379,172.31.36.0-255,66,43669,9,376098
44804,0.000407,172.253.118.0-255,134,43803,9,376098
44805,0.000411,172.31.36.0-255,66,43869,9,376098
44806,0.000495,172.253.118.0-255,1484,45353,9,376098
44807,0.000501,172.253.118.0-255,2902,48255,9,376098
44808,0.000504,172.31.36.0-255,66,48321,9,376098
44809,0.000507,172.253.118.0-255,1484,49805,9,376098
44810,0.000538,172.253.118.0-255,4320,54125,9,376098
44811,0.000541,172.31.36.0-255,66,54191,9,376098
44812,0.000546,172.253.118.0-255,2902,57093,9,376098
44813,0.000548,172.31.36.0-255,66,57159,9,376098
44814,0.000554,172.253.118.0-255,5738,62897,9,376098
44815,0.000557,172.31.36.0-255,66,62963,9,376098
44816,0.000593,172.253.118.0-255,5379,68342,9,376098
44817,0.000596,172.31.36.0-255,66,68408,9,376098
44818,0.000609,172.31.36.0-255,66,68474,9,376098
44819,0.000896,172.253.118.0-255,1484,69958,9,376098
44820,0.000903,172.253.118.0-255,2902,72860,9,376098
44821,0.000906,172.31.36.0-255,66,72926,9,376098
44822,0.000911,172.253.118.0-255,2902,75828,9,376098
44823,0.000914,172.31.36.0-255,66,75894,9,376098
44824,0.000945,172.253.118.0-255,2902,78796,9,376098
44825,0.000948,172.31.36.0-255,66,78862,9,376098
44826,0.000955,172.253.118.0-255,7156,86018,9,376098
44827,0.000959,172.31.36.0-255,66,86084,9,376098
44828,0.000968,172.31.36.0-255,66,86150,9,376098
44829,0.000973,172.253.118.0-255,2184,88334,9,376098
44830,0.000975,172.31.36.0-255,66,88400,9,376098
44831,0.002966,172.253.118.0-255,2902,91302,9,376098
44832,0.002972,172.31.36.0-255,66,91368,9,376098
44833,0.003009,172.253.118.0-255,2902,94270,9,376098
44834,0.003013,172.31.36.0-255,66,94336,9,376098
44835,0.005002,172.253.118.0-255,5738,100074,9,376098
44836,0.005008,172.31.36.0-255,66,100140,9,376098
44837,0.007008,172.253.118.0-255,2902,103042,9,376098
44838,0.007012,172.31.36.0-255,66,103108,9,376098
44839,0.007051,172.253.118.0-255,2902,106010,9,376098
44840,0.007054,172.31.36.0-255,66,106076,9,376098
44841,0.009014,172.253.118.0-255,2902,108978,9,376098
44842,0.009021,172.31.36.0-255,66,109044,9,376098
44843,0.009049,172.253.118.0-255,2902,111946,9,376098
44844,0.009052,172.31.36.0-255,66,112012,9,376098
44845,0.011026,172.253.118.0-255,2902,114914,9,376098
44846,0.011032,172.31.36.0-255,66,114980,9,376098
44847,0.011063,172.253.118.0-255,2902,117882,9,376098
44848,0.011067,172.31.36.0-255,66,117948,9,376098
44849,0.013036,172.253.118.0-255,2902,120850,9,376098
44850,0.013043,172.31.36.0-255,66,120916,9,376098
44851,0.013086,172.253.118.0-255,2902,123818,9,376098
44852,0.01309,172.31.36.0-255,66,123884,9,376098
44853,0.015045,172.253.118.0-255,2902,126786,9,376098
44854,0.015051,172.31.36.0-255,66,126852,9,376098
44855,0.015094,172.253.118.0-255,2902,129754,9,376098
44856,0.015097,172.31.36.0-255,66,129820,9,376098
44857,0.017057,172.253.118.0-255,2902,132722,9,376098
44858,0.017063,172.31.36.0-255,66,132788,9,376098
44859,0.01715,172.253.118.0-255,2902,135690,9,376098
44860,0.017155,172.31.36.0-255,66,135756,9,376098
44861,0.019069,172.253.118.0-255,2902,138658,9,376098
44862,0.019076,172.31.36.0-255,66,138724,9,376098
44863,0.019151,172.253.118.0-255,2902,141626,9,376098
44864,0.019156,172.31.36.0-255,66,141692,9,376098
44865,0.021104,172.253.118.0-255,2902,144594,9,376098
44866,0.021111,172.31.36.0-255,66,144660,9,376098
44867,0.021154,172.253.118.0-255,2902,147562,9,376098
44868,0.021158,172.31.36.0-255,66,147628,9,376098
44869,0.023118,172.253.118.0-255,2902,150530,9,376098
44870,0.023125,172.31.36.0-255,66,150596,9,376098
44871,0.023169,172.253.118.0-255,2902,153498,9,376098
44872,0.023173,172.31.36.0-255,66,153564,9,376098
44873,0.025132,172.253.118.0-255,2902,156466,9,376098
44874,0.02514,172.31.36.0-255,66,156532,9,376098
44875,0.025186,172.253.118.0-255,2902,159434,9,376098
44876,0.025191,172.31.36.0-255,66,159500,9,376098
44877,0.027161,172.253.118.0-255,2902,162402,9,376098
44878,0.027168,172.31.36.0-255,66,162468,9,376098
44879,0.027206,172.253.118.0-255,2902,165370,9,376098
44880,0.02721,172.31.36.0-255,66,165436,9,376098
44881,0.029178,172.253.118.0-255,2902,168338,9,376098
44882,0.029186,172.31.36.0-255,66,168404,9,376098
44883,0.02922,172.253.118.0-255,2902,171306,9,376098
44884,0.029224,172.31.36.0-255,66,171372,9,376098
44885,0.031199,172.253.118.0-255,2902,174274,9,376098
44886,0.031206,172.31.36.0-255,66,174340,9,376098
44887,0.031245,172.253.118.0-255,2902,177242,9,376098
44888,0.031249,172.31.36.0-255,66,177308,9,376098
44889,0.033213,172.253.118.0-255,2902,180210,9,376098
44890,0.03322,172.31.36.0-255,66,180276,9,376098
44891,0.033253,172.253.118.0-255,2902,183178,9,376098
44892,0.033258,172.31.36.0-255,66,183244,9,376098
44893,0.035245,172.253.118.0-255,2902,186146,9,376098
44894,0.035252,172.31.36.0-255,66,186212,9,376098
44895,0.035281,172.253.118.0-255,2902,189114,9,376098
44896,0.035283,172.31.36.0-255,66,189180,9,376098
44897,0.037264,172.253.118.0-255,2902,192082,9,376098
44898,0.037272,172.31.36.0-255,66,192148,9,376098
44899,0.037303,172.253.118.0-255,2902,195050,9,376098
44900,0.037305,172.31.36.0-255,66,195116,9,376098
44901,0.039129,172.31.36.0-255,176,195292,9,376098
44902,0.03923,172.31.36.0-255,1116,196408,9,376098
44903,0.039284,172.253.118.0-255,5738,202146,9,376098
44904,0.039291,172.31.36.0-255,66,202212,9,376098
44905,0.039556,172.31.36.0-255,1514,203726,9,376098
44906,0.039573,172.31.36.0-255,1514,205240,9,376098
44907,0.039574,172.31.36.0-255,1514,206754,9,376098
44908,0.039575,172.31.36.0-255,368,207122,9,376098
44909,0.040675,104.244.42.0-255,66,207188,9,376098
44910,0.04075,104.244.42.0-255,66,207254,9,376098
44911,0.041089,104.244.42.0-255,66,207320,9,376098
44912,0.041127,104.244.42.0-255,66,207386,9,376098
44913,0.0413,172.253.118.0-255,5738,213124,9,376098
44914,0.041311,172.31.36.0-255,66,213190,9,376098
44915,0.043336,172.253.118.0-255,5738,218928,9,376098
44916,0.043357,172.31.36.0-255,66,218994,9,376098
44917,0.045379,172.253.118.0-255,5738,224732,9,376098
44918,0.045396,172.31.36.0-255,66,224798,9,376098
44919,0.047425,172.253.118.0-255,5738,230536,9,376098
44920,0.047441,172.31.36.0-255,66,230602,9,376098
44921,0.049447,172.253.118.0-255,5738,236340,9,376098
44922,0.049452,172.31.36.0-255,66,236406,9,376098
44923,0.051453,172.253.118.0-255,5738,242144,9,376098
44924,0.051459,172.31.36.0-255,66,242210,9,376098
44925,0.053474,172.253.118.0-255,5738,247948,9,376098
44926,0.05348,172.31.36.0-255,66,248014,9,376098
44927,0.05549,172.253.118.0-255,5738,253752,9,376098
44928,0.055495,172.31.36.0-255,66,253818,9,376098
44929,0.057509,172.253.118.0-255,4320,258138,9,376098
44930,0.057514,172.31.36.0-255,66,258204,9,376098
44931,0.057551,172.253.118.0-255,1484,259688,9,376098
44932,0.059522,172.253.118.0-255,2902,262590,9,376098
44933,0.059528,172.31.36.0-255,66,262656,9,376098
44934,0.059562,172.253.118.0-255,1484,264140,9,376098
44935,0.061544,172.253.118.0-255,4320,268460,9,376098
44936,0.061549,172.31.36.0-255,66,268526,9,376098
44937,0.063553,172.253.118.0-255,5738,274264,9,376098
44938,0.063558,172.31.36.0-255,66,274330,9,376098
44939,0.065559,172.253.118.0-255,5738,280068,9,376098
44940,0.065564,172.31.36.0-255,66,280134,9,376098
44941,0.067581,172.253.118.0-255,5738,285872,9,376098
44942,0.067587,172.31.36.0-255,66,285938,9,376098
44943,0.069593,172.253.118.0-255,5738,291676,9,376098
44944,0.069599,172.31.36.0-255,66,291742,9,376098
44945,0.071595,172.253.118.0-255,4320,296062,9,376098
44946,0.0716,172.31.36.0-255,66,296128,9,376098
44947,0.07164,172.253.118.0-255,1484,297612,9,376098
44948,0.073611,172.253.118.0-255,2902,300514,9,376098
44949,0.073616,172.31.36.0-255,66,300580,9,376098
44950,0.073652,172.253.118.0-255,1484,302064,9,376098
44951,0.07561,172.253.118.0-255,4320,306384,9,376098
44952,0.075616,172.31.36.0-255,66,306450,9,376098
44953,0.07762,172.253.118.0-255,5738,312188,9,376098
44954,0.077625,172.31.36.0-255,66,312254,9,376098
44955,0.079621,172.253.118.0-255,5738,317992,9,376098
44956,0.079626,172.31.36.0-255,66,318058,9,376098
44957,0.081632,172.253.118.0-255,5738,323796,9,376098
44958,0.081637,172.31.36.0-255,66,323862,9,376098
44959,0.083656,172.253.118.0-255,5738,329600,9,376098
44960,0.083662,172.31.36.0-255,66,329666,9,376098
44961,0.085689,172.253.118.0-255,5738,335404,9,376098
44962,0.085694,172.31.36.0-255,66,335470,9,376098
44963,0.087713,172.253.118.0-255,5738,341208,9,376098
44964,0.087719,172.31.36.0-255,66,341274,9,376098
44965,0.089714,172.253.118.0-255,5738,347012,9,376098
44966,0.08972,172.31.36.0-255,66,347078,9,376098
44967,0.091715,172.253.118.0-255,5738,352816,9,376098
44968,0.09172,172.31.36.0-255,66,352882,9,376098
44969,0.093735,172.253.118.0-255,5738,358620,9,376098
44970,0.09374,172.31.36.0-255,66,358686,9,376098
44971,0.095805,172.253.118.0-255,5738,364424,9,376098
44972,0.095811,172.31.36.0-255,66,364490,9,376098
44973,0.097816,172.253.118.0-255,5738,370228,9,376098
44974,0.097822,172.31.36.0-255,66,370294,9,376098
44975,0.099838,172.253.118.0-255,5738,376032,9,376098
44976,0.099842,172.31.36.0-255,66,376098,9,376098
44977,0.0,172.31.36.0-255,105,105,9,459
44978,0.000262,172.31.36.0-255,90,195,9,459
44979,0.000272,172.31.36.0-255,66,261,9,459
44980,0.002586,74.125.24.0-255,66,327,9,459
44981,0.002607,74.125.24.0-255,66,393,9,459
44982,0.002624,172.31.36.0-255,66,459,9,459
44983,0.0,74.125.130.0-255,153,153,9,389554
44984,1.5e-05,172.31.36.0-255,66,219,9,389554
44985,4.6e-05,74.125.130.0-255,1484,1703,9,389554
44986,5e-05,172.31.36.0-255,66,1769,9,389554
44987,6.2e-05,74.125.130.0-255,1484,3253,9,389554
44988,6.5e-05,172.31.36.0-255,66,3319,9,389554
44989,7.9e-05,74.125.130.0-255,1484,4803,9,389554
44990,8.1e-05,172.31.36.0-255,66,4869,9,389554
44991,0.000113,74.125.130.0-255,5738,10607,9,389554
44992,0.000116,172.31.36.0-255,66,10673,9,389554
44993,0.000137,74.125.130.0-255,2902,13575,9,389554
44994,0.000139,172.31.36.0-255,66,13641,9,389554
44995,0.000151,74.125.130.0-255,3510,17151,9,389554
44996,0.000154,172.31.36.0-255,66,17217,9,389554
44997,0.000156,74.125.130.0-255,1484,18701,9,389554
44998,0.000158,172.31.36.0-255,66,18767,9,389554
44999,0.000161,74.125.130.0-255,1484,20251,9,389554
45000,0.000162,172.31.36.0-255,66,20317,9,389554
45001,0.000183,74.125.130.0-255,1484,21801,9,389554
45002,0.000184,172.31.36.0-255,66,21867,9,389554
45003,0.000187,74.125.130.0-255,1484,23351,9,389554
45004,0.000189,172.31.36.0-255,66,23417,9,389554
45005,0.00021,74.125.130.0-255,4320,27737,9,389554
45006,0.000212,172.31.36.0-255,66,27803,9,389554
45007,0.000215,74.125.130.0-255,1484,29287,9,389554
45008,0.000216,172.31.36.0-255,66,29353,9,389554
45009,0.000243,74.125.130.0-255,2543,31896,9,389554
45010,0.000246,172.31.36.0-255,66,31962,9,389554
45011,0.000854,74.125.130.0-255,1484,33446,9,389554
45012,0.00086,172.31.36.0-255,66,33512,9,389554
45013,0.000867,74.125.130.0-255,1484,34996,9,389554
45014,0.000869,172.31.36.0-255,66,35062,9,389554
45015,0.000874,74.125.130.0-255,2902,37964,9,389554
45016,0.000876,172.31.36.0-255,66,38030,9,389554
45017,0.000925,74.125.130.0-255,5738,43768,9,389554
45018,0.000928,172.31.36.0-255,66,43834,9,389554
45019,0.000931,74.125.130.0-255,1484,45318,9,389554
45020,0.000935,74.125.130.0-255,2902,48220,9,389554
45021,0.000937,172.31.36.0-255,66,48286,9,389554
45022,0.000957,74.125.130.0-255,1125,49411,9,389554
45023,0.001417,74.125.130.0-255,1484,50895,9,389554
45024,0.001424,172.31.36.0-255,66,50961,9,389554
45025,0.001429,74.125.130.0-255,2902,53863,9,389554
45026,0.001431,172.31.36.0-255,66,53929,9,389554
45027,0.001442,74.125.130.0-255,1484,55413,9,389554
45028,0.001455,74.125.130.0-255,4320,59733,9,389554
45029,0.001457,172.31.36.0-255,66,59799,9,389554
45030,0.001468,74.125.130.0-255,1484,61283,9,389554
45031,0.001485,74.125.130.0-255,4320,65603,9,389554
45032,0.001487,172.31.36.0-255,66,65669,9,389554
45033,0.001511,74.125.130.0-255,2902,68571,9,389554
45034,0.001513,172.31.36.0-255,66,68637,9,389554
45035,0.001534,74.125.130.0-255,3961,72598,9,389554
45036,0.001536,172.31.36.0-255,66,72664,9,389554
45037,0.00154,74.125.130.0-255,2902,75566,9,389554
45038,0.001541,172.31.36.0-255,66,75632,9,389554
45039,0.001556,74.125.130.0-255,4320,79952,9,389554
45040,0.001558,172.31.36.0-255,66,80018,9,389554
45041,0.001583,74.125.130.0-255,4320,84338,9,389554
45042,0.001585,172.31.36.0-255,66,84404,9,389554
45043,0.0016,74.125.130.0-255,4320,88724,9,389554
45044,0.001601,172.31.36.0-255,66,88790,9,389554
45045,0.001606,74.125.130.0-255,4320,93110,9,389554
45046,0.001608,172.31.36.0-255,66,93176,9,389554
45047,0.001613,74.125.130.0-255,5738,98914,9,389554
45048,0.001615,172.31.36.0-255,66,98980,9,389554
45049,0.001619,74.125.130.0-255,2184,101164,9,389554
45050,0.001621,172.31.36.0-255,66,101230,9,389554
45051,0.002012,74.125.130.0-255,1484,102714,9,389554
45052,0.002015,74.125.130.0-255,1484,104198,9,389554
45053,0.002016,172.31.36.0-255,66,104264,9,389554
45054,0.002033,74.125.130.0-255,1484,105748,9,389554
45055,0.002046,74.125.130.0-255,4320,110068,9,389554
45056,0.002048,172.31.36.0-255,66,110134,9,389554
45057,0.002064,74.125.130.0-255,1484,111618,9,389554
45058,0.002076,74.125.130.0-255,1484,113102,9,389554
45059,0.002078,172.31.36.0-255,66,113168,9,389554
45060,0.002106,172.31.36.0-255,66,113234,9,389554
45061,0.002109,74.125.130.0-255,2902,116136,9,389554
45062,0.002111,172.31.36.0-255,66,116202,9,389554
45063,0.004167,74.125.130.0-255,2902,119104,9,389554
45064,0.00417,172.31.36.0-255,66,119170,9,389554
45065,0.004186,74.125.130.0-255,2902,122072,9,389554
45066,0.004189,172.31.36.0-255,66,122138,9,389554
45067,0.00624,74.125.130.0-255,4320,126458,9,389554
45068,0.006248,172.31.36.0-255,66,126524,9,389554
45069,0.006267,74.125.130.0-255,1484,128008,9,389554
45070,0.008304,74.125.130.0-255,4320,132328,9,389554
45071,0.008311,172.31.36.0-255,66,132394,9,389554
45072,0.010406,74.125.130.0-255,5738,138132,9,389554
45073,0.010412,172.31.36.0-255,66,138198,9,389554
45074,0.012485,74.125.130.0-255,5738,143936,9,389554
45075,0.012497,172.31.36.0-255,66,144002,9,389554
45076,0.014573,74.125.130.0-255,5738,149740,9,389554
45077,0.014583,172.31.36.0-255,66,149806,9,389554
45078,0.01666,74.125.130.0-255,5738,155544,9,389554
45079,0.016667,172.31.36.0-255,66,155610,9,389554
45080,0.018733,74.125.130.0-255,5738,161348,9,389554
45081,0.018741,172.31.36.0-255,66,161414,9,389554
45082,0.020802,74.125.130.0-255,5738,167152,9,389554
45083,0.020811,172.31.36.0-255,66,167218,9,389554
45084,0.022888,74.125.130.0-255,5738,172956,9,389554
45085,0.022896,172.31.36.0-255,66,173022,9,389554
45086,0.02497,74.125.130.0-255,5738,178760,9,389554
45087,0.024975,172.31.36.0-255,66,178826,9,389554
45088,0.025083,172.31.36.0-255,172,178998,9,389554
45089,0.025108,172.31.36.0-255,1117,180115,9,389554
45090,0.025167,172.31.36.0-255,1514,181629,9,389554
45091,0.025168,172.31.36.0-255,1514,183143,9,389554
45092,0.025169,172.31.36.0-255,1514,184657,9,389554
45093,0.025174,172.31.36.0-255,1514,186171,9,389554
45094,0.025175,172.31.36.0-255,1485,187656,9,389554
45095,0.026642,104.244.42.0-255,66,187722,9,389554
45096,0.026649,104.244.42.0-255,66,187788,9,389554
45097,0.02677,104.244.42.0-255,66,187854,9,389554
45098,0.027043,74.125.130.0-255,2902,190756,9,389554
45099,0.027048,172.31.36.0-255,66,190822,9,389554
45100,0.027068,74.125.130.0-255,2902,193724,9,389554
45101,0.027071,172.31.36.0-255,66,193790,9,389554
45102,0.027455,104.244.42.0-255,108,193898,9,389554
45103,0.027463,172.31.36.0-255,66,193964,9,389554
45104,0.029098,74.125.130.0-255,2902,196866,9,389554
45105,0.029102,172.31.36.0-255,66,196932,9,389554
45106,0.029119,74.125.130.0-255,2902,199834,9,389554
45107,0.029121,172.31.36.0-255,66,199900,9,389554
45108,0.031171,74.125.130.0-255,4320,204220,9,389554
45109,0.031177,172.31.36.0-255,66,204286,9,389554
45110,0.031201,74.125.130.0-255,1484,205770,9,389554
45111,0.033242,74.125.130.0-255,4320,210090,9,389554
45112,0.033247,172.31.36.0-255,66,210156,9,389554
45113,0.03531,74.125.130.0-255,4320,214476,9,389554
45114,0.035316,172.31.36.0-255,66,214542,9,389554
45115,0.035343,74.125.130.0-255,1484,216026,9,389554
45116,0.037386,74.125.130.0-255,4320,220346,9,389554
45117,0.037391,172.31.36.0-255,66,220412,9,389554
45118,0.039456,74.125.130.0-255,1484,221896,9,389554
45119,0.039491,74.125.130.0-255,4320,226216,9,389554
45120,0.039496,172.31.36.0-255,66,226282,9,389554
45121,0.041566,74.125.130.0-255,4320,230602,9,389554
45122,0.041571,172.31.36.0-255,66,230668,9,389554
45123,0.041596,74.125.130.0-255,1484,232152,9,389554
45124,0.043629,74.125.130.0-255,4320,236472,9,389554
45125,0.043635,172.31.36.0-255,66,236538,9,389554
45126,0.045713,74.125.130.0-255,5738,242276,9,389554
45127,0.045719,172.31.36.0-255,66,242342,9,389554
45128,0.04779,74.125.130.0-255,4320,246662,9,389554
45129,0.047796,172.31.36.0-255,66,246728,9,389554
45130,0.047822,74.125.130.0-255,1484,248212,9,389554
45131,0.04986,74.125.130.0-255,4320,252532,9,389554
45132,0.049866,172.31.36.0-255,66,252598,9,389554
45133,0.051932,74.125.130.0-255,4320,256918,9,389554
45134,0.051937,172.31.36.0-255,66,256984,9,389554
45135,0.051962,74.125.130.0-255,1484,258468,9,389554
45136,0.053996,74.125.130.0-255,4320,262788,9,389554
45137,0.054001,172.31.36.0-255,66,262854,9,389554
45138,0.056102,74.125.130.0-255,5738,268592,9,389554
45139,0.056108,172.31.36.0-255,66,268658,9,389554
45140,0.058177,74.125.130.0-255,5738,274396,9,389554
45141,0.058182,172.31.36.0-255,66,274462,9,389554
45142,0.060247,74.125.130.0-255,5738,280200,9,389554
45143,0.060254,172.31.36.0-255,66,280266,9,389554
45144,0.062326,74.125.130.0-255,5738,286004,9,389554
45145,0.062332,172.31.36.0-255,66,286070,9,389554
45146,0.064392,74.125.130.0-255,4320,290390,9,389554
45147,0.064399,172.31.36.0-255,66,290456,9,389554
45148,0.064418,74.125.130.0-255,1484,291940,9,389554
45149,0.066466,74.125.130.0-255,4320,296260,9,389554
45150,0.066472,172.31.36.0-255,66,296326,9,389554
45151,0.068534,74.125.130.0-255,5738,302064,9,389554
45152,0.06854,172.31.36.0-255,66,302130,9,389554
45153,0.070609,74.125.130.0-255,4320,306450,9,389554
45154,0.070614,172.31.36.0-255,66,306516,9,389554
45155,0.070643,74.125.130.0-255,1484,308000,9,389554
45156,0.072689,74.125.130.0-255,4320,312320,9,389554
45157,0.072695,172.31.36.0-255,66,312386,9,389554
45158,0.074751,74.125.130.0-255,2902,315288,9,389554
45159,0.074756,172.31.36.0-255,66,315354,9,389554
45160,0.074789,74.125.130.0-255,2902,318256,9,389554
45161,0.074793,172.31.36.0-255,66,318322,9,389554
45162,0.076838,74.125.130.0-255,2902,321224,9,389554
45163,0.076844,172.31.36.0-255,66,321290,9,389554
45164,0.07687,74.125.130.0-255,2902,324192,9,389554
45165,0.076873,172.31.36.0-255,66,324258,9,389554
45166,0.078906,74.125.130.0-255,2902,327160,9,389554
45167,0.078912,172.31.36.0-255,66,327226,9,389554
45168,0.07894,74.125.130.0-255,2902,330128,9,389554
45169,0.078942,172.31.36.0-255,66,330194,9,389554
45170,0.080971,74.125.130.0-255,2902,333096,9,389554
45171,0.080977,172.31.36.0-255,66,333162,9,389554
45172,0.081006,74.125.130.0-255,2902,336064,9,389554
45173,0.081009,172.31.36.0-255,66,336130,9,389554
45174,0.08304,74.125.130.0-255,2902,339032,9,389554
45175,0.083046,172.31.36.0-255,66,339098,9,389554
45176,0.083074,74.125.130.0-255,2902,342000,9,389554
45177,0.083076,172.31.36.0-255,66,342066,9,389554
45178,0.085105,74.125.130.0-255,2902,344968,9,389554
45179,0.085111,172.31.36.0-255,66,345034,9,389554
45180,0.08514,74.125.130.0-255,2902,347936,9,389554
45181,0.085143,172.31.36.0-255,66,348002,9,389554
45182,0.087173,74.125.130.0-255,2902,350904,9,389554
45183,0.087179,172.31.36.0-255,66,350970,9,389554
45184,0.087208,74.125.130.0-255,2902,353872,9,389554
45185,0.087211,172.31.36.0-255,66,353938,9,389554
45186,0.089253,74.125.130.0-255,2902,356840,9,389554
45187,0.089258,172.31.36.0-255,66,356906,9,389554
45188,0.089288,74.125.130.0-255,2902,359808,9,389554
45189,0.089291,172.31.36.0-255,66,359874,9,389554
45190,0.091326,74.125.130.0-255,2902,362776,9,389554
45191,0.091333,172.31.36.0-255,66,362842,9,389554
45192,0.091365,74.125.130.0-255,2902,365744,9,389554
45193,0.091369,172.31.36.0-255,66,365810,9,389554
45194,0.093396,74.125.130.0-255,2902,368712,9,389554
45195,0.093403,172.31.36.0-255,66,368778,9,389554
45196,0.093435,74.125.130.0-255,2902,371680,9,389554
45197,0.093438,172.31.36.0-255,66,371746,9,389554
45198,0.095465,74.125.130.0-255,2902,374648,9,389554
45199,0.09547,172.31.36.0-255,66,374714,9,389554
45200,0.0955,74.125.130.0-255,2902,377616,9,389554
45201,0.095502,172.31.36.0-255,66,377682,9,389554
45202,0.097537,74.125.130.0-255,2902,380584,9,389554
45203,0.09754,172.31.36.0-255,66,380650,9,389554
45204,0.097572,74.125.130.0-255,2902,383552,9,389554
45205,0.097575,172.31.36.0-255,66,383618,9,389554
45206,0.099621,74.125.130.0-255,2902,386520,9,389554
45207,0.099628,172.31.36.0-255,66,386586,9,389554
45208,0.099662,74.125.130.0-255,2902,389488,9,389554
45209,0.099665,172.31.36.0-255,66,389554,9,389554
45210,0.0,172.31.36.0-255,105,105,9,459
45211,0.000222,172.31.36.0-255,90,195,9,459
45212,0.000233,172.31.36.0-255,66,261,9,459
45213,0.002544,74.125.200.0-255,66,327,9,459
45214,0.002577,74.125.200.0-255,66,393,9,459
45215,0.002602,172.31.36.0-255,66,459,9,459
45216,0.0,172.217.194.0-255,153,153,9,322142
45217,1.6e-05,172.31.36.0-255,66,219,9,322142
45218,2.4e-05,172.217.194.0-255,1484,1703,9,322142
45219,2.8e-05,172.31.36.0-255,66,1769,9,322142
45220,3.3e-05,172.217.194.0-255,2902,4671,9,322142
45221,3.6e-05,172.31.36.0-255,66,4737,9,322142
45222,5.2e-05,172.217.194.0-255,7156,11893,9,322142
45223,5.4e-05,172.31.36.0-255,66,11959,9,322142
45224,6e-05,172.217.194.0-255,2014,13973,9,322142
45225,6.2e-05,172.31.36.0-255,66,14039,9,322142
45226,0.00013,172.217.194.0-255,1484,15523,9,322142
45227,0.000133,172.31.36.0-255,66,15589,9,322142
45228,0.000138,172.217.194.0-255,2902,18491,9,322142
45229,0.000141,172.31.36.0-255,66,18557,9,322142
45230,0.000152,172.217.194.0-255,5738,24295,9,322142
45231,0.000155,172.31.36.0-255,66,24361,9,322142
45232,0.000181,172.217.194.0-255,1484,25845,9,322142
45233,0.000183,172.31.36.0-255,66,25911,9,322142
45234,0.000213,172.217.194.0-255,5379,31290,9,322142
45235,0.000216,172.31.36.0-255,66,31356,9,322142
45236,0.000264,172.217.194.0-255,1484,32840,9,322142
45237,0.000267,172.31.36.0-255,66,32906,9,322142
45238,0.000272,172.217.194.0-255,2902,35808,9,322142
45239,0.000274,172.31.36.0-255,66,35874,9,322142
45240,0.000278,172.217.194.0-255,1484,37358,9,322142
45241,0.000279,172.31.36.0-255,66,37424,9,322142
45242,0.000308,172.217.194.0-255,4320,41744,9,322142
45243,0.00031,172.31.36.0-255,66,41810,9,322142
45244,0.000318,172.217.194.0-255,7156,48966,9,322142
45245,0.000321,172.31.36.0-255,66,49032,9,322142
45246,0.000363,172.217.194.0-255,6797,55829,9,322142
45247,0.000366,172.31.36.0-255,66,55895,9,322142
45248,0.000382,172.31.36.0-255,66,55961,9,322142
45249,0.000385,172.217.194.0-255,395,56356,9,322142
45250,0.000405,172.217.194.0-255,381,56737,9,322142
45251,0.000757,172.217.194.0-255,1484,58221,9,322142
45252,0.000763,172.31.36.0-255,66,58287,9,322142
45253,0.00077,172.217.194.0-255,2902,61189,9,322142
45254,0.000772,172.31.36.0-255,66,61255,9,322142
45255,0.000782,172.217.194.0-255,2902,64157,9,322142
45256,0.000785,172.31.36.0-255,66,64223,9,322142
45257,0.000824,172.217.194.0-255,2902,67125,9,322142
45258,0.000828,172.31.36.0-255,66,67191,9,322142
45259,0.000835,172.217.194.0-255,7156,74347,9,322142
45260,0.000838,172.31.36.0-255,66,74413,9,322142
45261,0.000859,172.31.36.0-255,66,74479,9,322142
45262,0.000863,172.217.194.0-255,2184,76663,9,322142
45263,0.000865,172.31.36.0-255,66,76729,9,322142
45264,0.000987,172.217.194.0-255,1484,78213,9,322142
45265,0.001,172.217.194.0-255,2902,81115,9,322142
45266,0.001004,172.31.36.0-255,66,81181,9,322142
45267,0.001012,172.217.194.0-255,5738,86919,9,322142
45268,0.001014,172.31.36.0-255,66,86985,9,322142
45269,0.001033,172.217.194.0-255,1484,88469,9,322142
45270,0.001071,172.31.36.0-255,66,88535,9,322142
45271,0.001078,172.217.194.0-255,7156,95691,9,322142
45272,0.001081,172.31.36.0-255,66,95757,9,322142
45273,0.001112,172.217.194.0-255,3602,99359,9,322142
45274,0.001115,172.31.36.0-255,66,99425,9,322142
45275,0.001198,172.217.194.0-255,1484,100909,9,322142
45276,0.001203,172.217.194.0-255,2902,103811,9,322142
45277,0.001205,172.31.36.0-255,66,103877,9,322142
45278,0.001241,172.217.194.0-255,5738,109615,9,322142
45279,0.001244,172.31.36.0-255,66,109681,9,322142
45280,0.001257,172.31.36.0-255,66,109747,9,322142
45281,0.001283,172.217.194.0-255,1484,111231,9,322142
45282,0.001296,172.31.36.0-255,66,111297,9,322142
45283,0.001721,172.217.194.0-255,1484,112781,9,322142
45284,0.001727,172.217.194.0-255,2902,115683,9,322142
45285,0.001731,172.31.36.0-255,66,115749,9,322142
45286,0.00176,172.217.194.0-255,5738,121487,9,322142
45287,0.001762,172.31.36.0-255,66,121553,9,322142
45288,0.001767,172.217.194.0-255,2902,124455,9,322142
45289,0.001769,172.31.36.0-255,66,124521,9,322142
45290,0.001796,172.31.36.0-255,66,124587,9,322142
45291,0.001826,172.217.194.0-255,5738,130325,9,322142
45292,0.001828,172.31.36.0-255,66,130391,9,322142
45293,0.001836,172.217.194.0-255,6438,136829,9,322142
45294,0.001838,172.31.36.0-255,66,136895,9,322142
45295,0.002011,172.217.194.0-255,1484,138379,9,322142
45296,0.002018,172.217.194.0-255,2902,141281,9,322142
45297,0.002021,172.31.36.0-255,66,141347,9,322142
45298,0.002089,172.217.194.0-255,5738,147085,9,322142
45299,0.002094,172.31.36.0-255,66,147151,9,322142
45300,0.002111,172.31.36.0-255,66,147217,9,322142
45301,0.002119,172.217.194.0-255,5738,152955,9,322142
45302,0.002122,172.31.36.0-255,66,153021,9,322142
45303,0.002158,172.217.194.0-255,5020,158041,9,322142
45304,0.002161,172.31.36.0-255,66,158107,9,322142
45305,0.002169,172.217.194.0-255,7156,165263,9,322142
45306,0.002171,172.31.36.0-255,66,165329,9,322142
45307,0.002187,172.31.36.0-255,66,165395,9,322142
45308,0.002236,172.31.36.0-255,66,165461,9,322142
45309,0.002239,172.217.194.0-255,766,166227,9,322142
45310,0.004481,172.217.194.0-255,4320,170547,9,322142
45311,0.004489,172.31.36.0-255,66,170613,9,322142
45312,0.006751,172.217.194.0-255,4320,174933,9,322142
45313,0.006754,172.31.36.0-255,66,174999,9,322142
45314,0.006772,172.217.194.0-255,1484,176483,9,322142
45315,0.009031,172.217.194.0-255,4320,180803,9,322142
45316,0.009038,172.31.36.0-255,66,180869,9,322142
45317,0.011296,172.217.194.0-255,5738,186607,9,322142
45318,0.011304,172.31.36.0-255,66,186673,9,322142
45319,0.013605,172.217.194.0-255,5738,192411,9,322142
45320,0.013613,172.31.36.0-255,66,192477,9,322142
45321,0.015875,172.217.194.0-255,5738,198215,9,322142
45322,0.015883,172.31.36.0-255,66,198281,9,322142
45323,0.018161,172.217.194.0-255,5738,204019,9,322142
45324,0.018173,172.31.36.0-255,66,204085,9,322142
45325,0.020457,172.217.194.0-255,5738,209823,9,322142
45326,0.020465,172.31.36.0-255,66,209889,9,322142
45327,0.022744,172.217.194.0-255,5738,215627,9,322142
45328,0.022752,172.31.36.0-255,66,215693,9,322142
45329,0.025023,172.217.194.0-255,5738,221431,9,322142
45330,0.02503,172.31.36.0-255,66,221497,9,322142
45331,0.027297,172.217.194.0-255,5738,227235,9,322142
45332,0.027304,172.31.36.0-255,66,227301,9,322142
45333,0.029597,172.217.194.0-255,5738,233039,9,322142
45334,0.029604,172.31.36.0-255,66,233105,9,322142
45335,0.031881,172.217.194.0-255,5738,238843,9,322142
45336,0.031888,172.31.36.0-255,66,238909,9,322142
45337,0.033656,172.31.36.0-255,188,239097,9,322142
45338,0.033689,172.31.36.0-255,960,240057,9,322142
45339,0.033752,172.31.36.0-255,1514,241571,9,322142
45340,0.033754,172.31.36.0-255,1514,243085,9,322142
45341,0.033755,172.31.36.0-255,1090,244175,9,322142
45342,0.034147,172.217.194.0-255,5738,249913,9,322142
45343,0.034155,172.31.36.0-255,66,249979,9,322142
45344,0.035241,104.244.42.0-255,66,250045,9,322142
45345,0.035276,104.244.42.0-255,66,250111,9,322142
45346,0.03534,104.244.42.0-255,66,250177,9,322142
45347,0.035361,104.244.42.0-255,66,250243,9,322142
45348,0.036432,172.217.194.0-255,5738,255981,9,322142
45349,0.036438,172.31.36.0-255,66,256047,9,322142
45350,0.038732,172.217.194.0-255,5738,261785,9,322142
45351,0.038739,172.31.36.0-255,66,261851,9,322142
45352,0.041543,172.217.194.0-255,5738,267589,9,322142
45353,0.04155,172.31.36.0-255,66,267655,9,322142
45354,0.043821,172.217.194.0-255,5738,273393,9,322142
45355,0.04383,172.31.36.0-255,66,273459,9,322142
45356,0.046098,172.217.194.0-255,5738,279197,9,322142
45357,0.046105,172.31.36.0-255,66,279263,9,322142
45358,0.0484,172.217.194.0-255,5738,285001,9,322142
45359,0.048406,172.31.36.0-255,66,285067,9,322142
45360,0.050678,172.217.194.0-255,5738,290805,9,322142
45361,0.050684,172.31.36.0-255,66,290871,9,322142
45362,0.052942,172.217.194.0-255,5738,296609,9,322142
45363,0.052949,172.31.36.0-255,66,296675,9,322142
45364,0.055224,172.217.194.0-255,5738,302413,9,322142
45365,0.055231,172.31.36.0-255,66,302479,9,322142
45366,0.057525,172.217.194.0-255,5738,308217,9,322142
45367,0.057531,172.31.36.0-255,66,308283,9,322142
45368,0.059788,172.217.194.0-255,5738,314021,9,322142
45369,0.059794,172.31.36.0-255,66,314087,9,322142
45370,0.06207,172.217.194.0-255,5738,319825,9,322142
45371,0.062077,172.31.36.0-255,66,319891,9,322142
45372,0.064345,172.217.194.0-255,2014,321905,9,322142
45373,0.06435,172.31.36.0-255,66,321971,9,322142
45374,0.064519,172.31.36.0-255,105,322076,9,322142
45375,0.066764,172.217.194.0-255,66,322142,9,322142
45376,0.0,74.125.200.0-255,148,148,9,385218
45377,3.3e-05,172.31.36.0-255,66,214,9,385218
45378,4e-05,74.125.200.0-255,1484,1698,9,385218
45379,4.4e-05,172.31.36.0-255,66,1764,9,385218
45380,4.7e-05,74.125.200.0-255,1484,3248,9,385218
45381,4.9e-05,172.31.36.0-255,66,3314,9,385218
45382,9.1e-05,74.125.200.0-255,1484,4798,9,385218
45383,9.4e-05,172.31.36.0-255,66,4864,9,385218
45384,0.000102,74.125.200.0-255,4320,9184,9,385218
45385,0.000104,172.31.36.0-255,66,9250,9,385218
45386,0.000109,74.125.200.0-255,2902,12152,9,385218
45387,0.000111,172.31.36.0-255,66,12218,9,385218
45388,0.000135,74.125.200.0-255,2022,14240,9,385218
45389,0.000139,172.31.36.0-255,66,14306,9,385218
45390,0.000146,74.125.200.0-255,5738,20044,9,385218
45391,0.000149,172.31.36.0-255,66,20110,9,385218
45392,0.000153,74.125.200.0-255,2902,23012,9,385218
45393,0.000154,172.31.36.0-255,66,23078,9,385218
45394,0.000203,74.125.200.0-255,2902,25980,9,385218
45395,0.000207,172.31.36.0-255,66,26046,9,385218
45396,0.000229,74.125.200.0-255,1484,27530,9,385218
45397,0.000232,172.31.36.0-255,66,27596,9,385218
45398,0.000249,74.125.200.0-255,2902,30498,9,385218
45399,0.000252,172.31.36.0-255,66,30564,9,385218
45400,0.000255,74.125.200.0-255,1125,31689,9,385218
45401,0.000257,172.31.36.0-255,66,31755,9,385218
45402,0.0004,74.125.200.0-255,1484,33239,9,385218
45403,0.000405,172.31.36.0-255,66,33305,9,385218
45404,0.00041,74.125.200.0-255,2902,36207,9,385218
45405,0.000413,172.31.36.0-255,66,36273,9,385218
45406,0.000445,74.125.200.0-255,4320,40593,9,385218
45407,0.000448,172.31.36.0-255,66,40659,9,385218
45408,0.000477,74.125.200.0-255,1484,42143,9,385218
45409,0.000486,74.125.200.0-255,6797,48940,9,385218
45410,0.000489,172.31.36.0-255,66,49006,9,385218
45411,0.000496,74.125.200.0-255,7156,56162,9,385218
45412,0.000498,172.31.36.0-255,66,56228,9,385218
45413,0.000536,172.31.36.0-255,66,56294,9,385218
45414,0.000539,74.125.200.0-255,679,56973,9,385218
45415,0.000747,74.125.200.0-255,1484,58457,9,385218
45416,0.000751,172.31.36.0-255,66,58523,9,385218
45417,0.000756,74.125.200.0-255,1484,60007,9,385218
45418,0.000776,74.125.200.0-255,1484,61491,9,385218
45419,0.000779,172.31.36.0-255,66,61557,9,385218
45420,0.000786,74.125.200.0-255,5738,67295,9,385218
45421,0.000788,172.31.36.0-255,66,67361,9,385218
45422,0.000829,172.31.36.0-255,66,67427,9,385218
45423,0.000835,74.125.200.0-255,4320,71747,9,385218
45424,0.000837,172.31.36.0-255,66,71813,9,385218
45425,0.000868,74.125.200.0-255,5738,77551,9,385218
45426,0.000871,172.31.36.0-255,66,77617,9,385218
45427,0.000898,74.125.200.0-255,766,78383,9,385218
45428,0.001062,172.31.36.0-255,66,78449,9,385218
45429,0.001611,74.125.200.0-255,1484,79933,9,385218
45430,0.00162,74.125.200.0-255,1484,81417,9,385218
45431,0.001624,172.31.36.0-255,66,81483,9,385218
45432,0.001655,74.125.200.0-255,2902,84385,9,385218
45433,0.001658,172.31.36.0-255,66,84451,9,385218
45434,0.001665,74.125.200.0-255,5738,90189,9,385218
45435,0.001667,172.31.36.0-255,66,90255,9,385218
45436,0.001671,74.125.200.0-255,1484,91739,9,385218
45437,0.001723,74.125.200.0-255,2902,94641,9,385218
45438,0.001727,172.31.36.0-255,66,94707,9,385218
45439,0.001733,74.125.200.0-255,5738,100445,9,385218
45440,0.001735,172.31.36.0-255,66,100511,9,385218
45441,0.001739,74.125.200.0-255,1484,101995,9,385218
45442,0.001742,74.125.200.0-255,2902,104897,9,385218
45443,0.001744,172.31.36.0-255,66,104963,9,385218
45444,0.001772,74.125.200.0-255,5738,110701,9,385218
45445,0.001777,172.31.36.0-255,66,110767,9,385218
45446,0.001801,74.125.200.0-255,1633,112400,9,385218
45447,0.001804,172.31.36.0-255,66,112466,9,385218
45448,0.002091,74.125.200.0-255,1484,113950,9,385218
45449,0.002106,74.125.200.0-255,2902,116852,9,385218
45450,0.002108,172.31.36.0-255,66,116918,9,385218
45451,0.002136,74.125.200.0-255,5738,122656,9,385218
45452,0.002138,172.31.36.0-255,66,122722,9,385218
45453,0.002142,74.125.200.0-255,2902,125624,9,385218
45454,0.002143,172.31.36.0-255,66,125690,9,385218
45455,0.002166,74.125.200.0-255,4320,130010,9,385218
45456,0.002168,172.31.36.0-255,66,130076,9,385218
45457,0.0022,74.125.200.0-255,5738,135814,9,385218
45458,0.002203,172.31.36.0-255,66,135880,9,385218
45459,0.002206,74.125.200.0-255,1484,137364,9,385218
45460,0.00223,74.125.200.0-255,5738,143102,9,385218
45461,0.002233,172.31.36.0-255,66,143168,9,385218
45462,0.002238,74.125.200.0-255,3602,146770,9,385218
45463,0.00224,172.31.36.0-255,66,146836,9,385218
45464,0.004479,74.125.200.0-255,1484,148320,9,385218
45465,0.004494,74.125.200.0-255,4320,152640,9,385218
45466,0.004497,172.31.36.0-255,66,152706,9,385218
45467,0.006779,74.125.200.0-255,5738,158444,9,385218
45468,0.006786,172.31.36.0-255,66,158510,9,385218
45469,0.009061,74.125.200.0-255,5738,164248,9,385218
45470,0.009069,172.31.36.0-255,66,164314,9,385218
45471,0.011338,74.125.200.0-255,5738,170052,9,385218
45472,0.011348,172.31.36.0-255,66,170118,9,385218
45473,0.013619,74.125.200.0-255,5738,175856,9,385218
45474,0.013626,172.31.36.0-255,66,175922,9,385218
45475,0.015896,74.125.200.0-255,5738,181660,9,385218
45476,0.015904,172.31.36.0-255,66,181726,9,385218
45477,0.018192,74.125.200.0-255,5738,187464,9,385218
45478,0.018199,172.31.36.0-255,66,187530,9,385218
45479,0.020476,74.125.200.0-255,4320,191850,9,385218
45480,0.020482,172.31.36.0-255,66,191916,9,385218
45481,0.020517,74.125.200.0-255,1484,193400,9,385218
45482,0.022761,74.125.200.0-255,4320,197720,9,385218
45483,0.022768,172.31.36.0-255,66,197786,9,385218
45484,0.025038,74.125.200.0-255,5738,203524,9,385218
45485,0.025046,172.31.36.0-255,66,203590,9,385218
45486,0.027309,74.125.200.0-255,5738,209328,9,385218
45487,0.027317,172.31.36.0-255,66,209394,9,385218
45488,0.029586,74.125.200.0-255,5738,215132,9,385218
45489,0.029593,172.31.36.0-255,66,215198,9,385218
45490,0.030796,172.31.36.0-255,172,215370,9,385218
45491,0.030827,172.31.36.0-255,1070,216440,9,385218
45492,0.03186,74.125.200.0-255,5738,222178,9,385218
45493,0.031868,172.31.36.0-255,66,222244,9,385218
45494,0.032334,104.244.42.0-255,66,222310,9,385218
45495,0.032462,104.244.42.0-255,66,222376,9,385218
45496,0.034125,74.125.200.0-255,5738,228114,9,385218
45497,0.034132,172.31.36.0-255,66,228180,9,385218
45498,0.03641,74.125.200.0-255,5738,233918,9,385218
45499,0.036417,172.31.36.0-255,66,233984,9,385218
45500,0.038682,74.125.200.0-255,5738,239722,9,385218
45501,0.038688,172.31.36.0-255,66,239788,9,385218
45502,0.040951,74.125.200.0-255,4320,244108,9,385218
45503,0.040959,172.31.36.0-255,66,244174,9,385218
45504,0.040996,74.125.200.0-255,1484,245658,9,385218
45505,0.04322,74.125.200.0-255,4320,249978,9,385218
45506,0.043226,172.31.36.0-255,66,250044,9,385218
45507,0.045496,74.125.200.0-255,5738,255782,9,385218
45508,0.045504,172.31.36.0-255,66,255848,9,385218
45509,0.047768,74.125.200.0-255,5738,261586,9,385218
45510,0.047774,172.31.36.0-255,66,261652,9,385218
45511,0.050037,74.125.200.0-255,5738,267390,9,385218
45512,0.050043,172.31.36.0-255,66,267456,9,385218
45513,0.052305,74.125.200.0-255,4320,271776,9,385218
45514,0.052311,172.31.36.0-255,66,271842,9,385218
45515,0.052344,74.125.200.0-255,1484,273326,9,385218
45516,0.054594,74.125.200.0-255,2902,276228,9,385218
45517,0.054599,172.31.36.0-255,66,276294,9,385218
45518,0.056875,74.125.200.0-255,5738,282032,9,385218
45519,0.056881,172.31.36.0-255,66,282098,9,385218
45520,0.059141,74.125.200.0-255,5738,287836,9,385218
45521,0.059146,172.31.36.0-255,66,287902,9,385218
45522,0.061408,74.125.200.0-255,5738,293640,9,385218
45523,0.061416,172.31.36.0-255,66,293706,9,385218
45524,0.063686,74.125.200.0-255,5738,299444,9,385218
45525,0.063693,172.31.36.0-255,66,299510,9,385218
45526,0.065975,74.125.200.0-255,5738,305248,9,385218
45527,0.065984,172.31.36.0-255,66,305314,9,385218
45528,0.06826,74.125.200.0-255,5738,311052,9,385218
45529,0.068275,172.31.36.0-255,66,311118,9,385218
45530,0.07054,74.125.200.0-255,5738,316856,9,385218
45531,0.070548,172.31.36.0-255,66,316922,9,385218
45532,0.072813,74.125.200.0-255,4320,321242,9,385218
45533,0.072819,172.31.36.0-255,66,321308,9,385218
45534,0.072852,74.125.200.0-255,1484,322792,9,385218
45535,0.075077,74.125.200.0-255,4320,327112,9,385218
45536,0.075083,172.31.36.0-255,66,327178,9,385218
45537,0.077351,74.125.200.0-255,5738,332916,9,385218
45538,0.077361,172.31.36.0-255,66,332982,9,385218
45539,0.079626,74.125.200.0-255,5738,338720,9,385218
45540,0.079632,172.31.36.0-255,66,338786,9,385218
45541,0.081894,74.125.200.0-255,5738,344524,9,385218
45542,0.081902,172.31.36.0-255,66,344590,9,385218
45543,0.084177,74.125.200.0-255,5738,350328,9,385218
45544,0.084185,172.31.36.0-255,66,350394,9,385218
45545,0.086461,74.125.200.0-255,5738,356132,9,385218
45546,0.08647,172.31.36.0-255,66,356198,9,385218
45547,0.088737,74.125.200.0-255,5738,361936,9,385218
45548,0.088747,172.31.36.0-255,66,362002,9,385218
45549,0.091036,74.125.200.0-255,5738,367740,9,385218
45550,0.091046,172.31.36.0-255,66,367806,9,385218
45551,0.093352,74.125.200.0-255,5738,373544,9,385218
45552,0.093371,172.31.36.0-255,66,373610,9,385218
45553,0.095654,74.125.200.0-255,5738,379348,9,385218
45554,0.095666,172.31.36.0-255,66,379414,9,385218
45555,0.097944,74.125.200.0-255,5738,385152,9,385218
45556,0.097955,172.31.36.0-255,66,385218,9,385218
45557,0.0,172.31.36.0-255,105,105,9,276
45558,0.00215,157.240.13.0-255,105,210,9,276
45559,0.002165,172.31.36.0-255,66,276,9,276
45560,0.0,74.125.24.0-255,153,153,9,283102
45561,2.4e-05,172.31.36.0-255,66,219,9,283102
45562,3e-05,74.125.24.0-255,1484,1703,9,283102
45563,3.4e-05,172.31.36.0-255,66,1769,9,283102
45564,3.9e-05,74.125.24.0-255,2902,4671,9,283102
45565,4.2e-05,172.31.36.0-255,66,4737,9,283102
45566,5.7e-05,74.125.24.0-255,7156,11893,9,283102
45567,5.9e-05,172.31.36.0-255,66,11959,9,283102
45568,7e-05,172.31.36.0-255,66,12025,9,283102
45569,7.7e-05,74.125.24.0-255,7156,19181,9,283102
45570,7.9e-05,172.31.36.0-255,66,19247,9,283102
45571,0.000109,74.125.24.0-255,3961,23208,9,283102
45572,0.000112,172.31.36.0-255,66,23274,9,283102
45573,0.000169,74.125.24.0-255,1484,24758,9,283102
45574,0.000172,172.31.36.0-255,66,24824,9,283102
45575,0.000177,74.125.24.0-255,2902,27726,9,283102
45576,0.00018,172.31.36.0-255,66,27792,9,283102
45577,0.000208,74.125.24.0-255,5738,33530,9,283102
45578,0.000211,172.31.36.0-255,66,33596,9,283102
45579,0.000214,74.125.24.0-255,1484,35080,9,283102
45580,0.000216,172.31.36.0-255,66,35146,9,283102
45581,0.000254,74.125.24.0-255,5379,40525,9,283102
45582,0.000258,172.31.36.0-255,66,40591,9,283102
45583,0.000325,74.125.24.0-255,1484,42075,9,283102
45584,0.000329,172.31.36.0-255,66,42141,9,283102
45585,0.000334,74.125.24.0-255,2902,45043,9,283102
45586,0.000336,172.31.36.0-255,66,45109,9,283102
45587,0.000369,74.125.24.0-255,5738,50847,9,283102
45588,0.000372,172.31.36.0-255,66,50913,9,283102
45589,0.000383,172.31.36.0-255,66,50979,9,283102
45590,0.000429,74.125.24.0-255,2902,53881,9,283102
45591,0.000432,172.31.36.0-255,66,53947,9,283102
45592,0.000437,74.125.24.0-255,2902,56849,9,283102
45593,0.000439,172.31.36.0-255,66,56915,9,283102
45594,0.00046,74.125.24.0-255,1484,58399,9,283102
45595,0.000478,172.31.36.0-255,66,58465,9,283102
45596,0.000481,74.125.24.0-255,1125,59590,9,283102
45597,0.000503,74.125.24.0-255,1484,61074,9,283102
45598,0.000506,172.31.36.0-255,66,61140,9,283102
45599,0.000537,74.125.24.0-255,4320,65460,9,283102
45600,0.000541,172.31.36.0-255,66,65526,9,283102
45601,0.000548,74.125.24.0-255,7156,72682,9,283102
45602,0.000551,172.31.36.0-255,66,72748,9,283102
45603,0.000584,74.125.24.0-255,3961,76709,9,283102
45604,0.00059,172.31.36.0-255,66,76775,9,283102
45605,0.001049,74.125.24.0-255,1484,78259,9,283102
45606,0.001056,74.125.24.0-255,2902,81161,9,283102
45607,0.00106,172.31.36.0-255,66,81227,9,283102
45608,0.001066,74.125.24.0-255,2902,84129,9,283102
45609,0.001068,172.31.36.0-255,66,84195,9,283102
45610,0.001098,74.125.24.0-255,2902,87097,9,283102
45611,0.001104,172.31.36.0-255,66,87163,9,283102
45612,0.001105,74.125.24.0-255,7156,94319,9,283102
45613,0.001109,172.31.36.0-255,66,94385,9,283102
45614,0.001117,172.31.36.0-255,66,94451,9,283102
45615,0.001147,74.125.24.0-255,2902,97353,9,283102
45616,0.001155,172.31.36.0-255,66,97419,9,283102
45617,0.001163,74.125.24.0-255,6438,103857,9,283102
45618,0.001165,172.31.36.0-255,66,103923,9,283102
45619,0.001172,74.125.24.0-255,7156,111079,9,283102
45620,0.001174,172.31.36.0-255,66,111145,9,283102
45621,0.001222,172.31.36.0-255,66,111211,9,283102
45622,0.001259,74.125.24.0-255,1484,112695,9,283102
45623,0.001267,74.125.24.0-255,6438,119133,9,283102
45624,0.00127,172.31.36.0-255,66,119199,9,283102
45625,0.001297,172.31.36.0-255,66,119265,9,283102
45626,0.001308,172.31.36.0-255,66,119331,9,283102
45627,0.001402,74.125.24.0-255,1484,120815,9,283102
45628,0.001415,74.125.24.0-255,2902,123717,9,283102
45629,0.001419,172.31.36.0-255,66,123783,9,283102
45630,0.001425,74.125.24.0-255,5738,129521,9,283102
45631,0.001428,172.31.36.0-255,66,129587,9,283102
45632,0.001468,172.31.36.0-255,66,129653,9,283102
45633,0.001521,172.31.36.0-255,66,129719,9,283102
45634,0.001583,74.125.24.0-255,1484,131203,9,283102
45635,0.001597,74.125.24.0-255,2902,134105,9,283102
45636,0.0016,172.31.36.0-255,66,134171,9,283102
45637,0.001606,74.125.24.0-255,5738,139909,9,283102
45638,0.001608,172.31.36.0-255,66,139975,9,283102
45639,0.001624,74.125.24.0-255,1484,141459,9,283102
45640,0.001674,172.31.36.0-255,66,141525,9,283102
45641,0.00169,172.31.36.0-255,66,141591,9,283102
45642,0.001718,74.125.24.0-255,5020,146611,9,283102
45643,0.001721,172.31.36.0-255,66,146677,9,283102
45644,0.001728,74.125.24.0-255,5738,152415,9,283102
45645,0.001731,172.31.36.0-255,66,152481,9,283102
45646,0.001738,74.125.24.0-255,7156,159637,9,283102
45647,0.00174,172.31.36.0-255,66,159703,9,283102
45648,0.001781,74.125.24.0-255,5738,165441,9,283102
45649,0.001784,172.31.36.0-255,66,165507,9,283102
45650,0.001795,172.31.36.0-255,66,165573,9,283102
45651,0.001805,74.125.24.0-255,2184,167757,9,283102
45652,0.001808,172.31.36.0-255,66,167823,9,283102
45653,0.001926,74.125.24.0-255,1484,169307,9,283102
45654,0.001931,74.125.24.0-255,2902,172209,9,283102
45655,0.001934,172.31.36.0-255,66,172275,9,283102
45656,0.001958,74.125.24.0-255,1484,173759,9,283102
45657,0.001964,74.125.24.0-255,2902,176661,9,283102
45658,0.001966,172.31.36.0-255,66,176727,9,283102
45659,0.001997,74.125.24.0-255,5738,182465,9,283102
45660,0.002001,172.31.36.0-255,66,182531,9,283102
45661,0.002007,74.125.24.0-255,5738,188269,9,283102
45662,0.002009,172.31.36.0-255,66,188335,9,283102
45663,0.002041,74.125.24.0-255,2902,191237,9,283102
45664,0.002044,172.31.36.0-255,66,191303,9,283102
45665,0.002081,172.31.36.0-255,66,191369,9,283102
45666,0.004115,74.125.24.0-255,5738,197107,9,283102
45667,0.004123,172.31.36.0-255,66,197173,9,283102
45668,0.006127,74.125.24.0-255,5738,202911,9,283102
45669,0.006132,172.31.36.0-255,66,202977,9,283102
45670,0.008184,74.125.24.0-255,5738,208715,9,283102
45671,0.00819,172.31.36.0-255,66,208781,9,283102
45672,0.010225,74.125.24.0-255,5738,214519,9,283102
45673,0.01023,172.31.36.0-255,66,214585,9,283102
45674,0.012223,74.125.24.0-255,5738,220323,9,283102
45675,0.012229,172.31.36.0-255,66,220389,9,283102
45676,0.014224,74.125.24.0-255,5738,226127,9,283102
45677,0.014231,172.31.36.0-255,66,226193,9,283102
45678,0.016255,74.125.24.0-255,5738,231931,9,283102
45679,0.016261,172.31.36.0-255,66,231997,9,283102
45680,0.018298,74.125.24.0-255,5738,237735,9,283102
45681,0.018306,172.31.36.0-255,66,237801,9,283102
45682,0.020305,74.125.24.0-255,5738,243539,9,283102
45683,0.020312,172.31.36.0-255,66,243605,9,283102
45684,0.022349,74.125.24.0-255,5738,249343,9,283102
45685,0.022355,172.31.36.0-255,66,249409,9,283102
45686,0.024363,74.125.24.0-255,5738,255147,9,283102
45687,0.024369,172.31.36.0-255,66,255213,9,283102
45688,0.026363,74.125.24.0-255,5738,260951,9,283102
45689,0.026373,172.31.36.0-255,66,261017,9,283102
45690,0.028412,74.125.24.0-255,5738,266755,9,283102
45691,0.028419,172.31.36.0-255,66,266821,9,283102
45692,0.030491,74.125.24.0-255,5738,272559,9,283102
45693,0.030497,172.31.36.0-255,66,272625,9,283102
45694,0.03251,74.125.24.0-255,973,273598,9,283102
45695,0.032665,172.31.36.0-255,66,273664,9,283102
45696,0.032709,172.31.36.0-255,105,273769,9,283102
45697,0.034691,74.125.24.0-255,66,273835,9,283102
45698,0.03885,172.31.36.0-255,172,274007,9,283102
45699,0.038943,172.31.36.0-255,1116,275123,9,283102
45700,0.039206,172.31.36.0-255,1514,276637,9,283102
45701,0.039209,172.31.36.0-255,1514,278151,9,283102
45702,0.03921,172.31.36.0-255,1514,279665,9,283102
45703,0.039211,172.31.36.0-255,1514,281179,9,283102
45704,0.039241,172.31.36.0-255,1485,282664,9,283102
45705,0.04042,104.244.42.0-255,66,282730,9,283102
45706,0.040508,104.244.42.0-255,66,282796,9,283102
45707,0.040781,104.244.42.0-255,66,282862,9,283102
45708,0.040826,104.244.42.0-255,66,282928,9,283102
45709,0.041338,104.244.42.0-255,108,283036,9,283102
45710,0.041362,172.31.36.0-255,66,283102,9,283102
45711,0.0,74.125.24.0-255,153,153,9,341591
45712,2.4e-05,172.31.36.0-255,66,219,9,341591
45713,3.2e-05,74.125.24.0-255,1484,1703,9,341591
45714,3.7e-05,172.31.36.0-255,66,1769,9,341591
45715,5e-05,74.125.24.0-255,2902,4671,9,341591
45716,5.4e-05,172.31.36.0-255,66,4737,9,341591
45717,6e-05,74.125.24.0-255,4320,9057,9,341591
45718,6.4e-05,172.31.36.0-255,66,9123,9,341591
45719,0.000102,74.125.24.0-255,4928,14051,9,341591
45720,0.000105,172.31.36.0-255,66,14117,9,341591
45721,0.000167,74.125.24.0-255,1484,15601,9,341591
45722,0.00017,172.31.36.0-255,66,15667,9,341591
45723,0.000175,74.125.24.0-255,2902,18569,9,341591
45724,0.000177,172.31.36.0-255,66,18635,9,341591
45725,0.000207,74.125.24.0-255,4320,22955,9,341591
45726,0.00021,172.31.36.0-255,66,23021,9,341591
45727,0.000251,172.31.36.0-255,66,23087,9,341591
45728,0.000349,74.125.24.0-255,1484,24571,9,341591
45729,0.000353,172.31.36.0-255,66,24637,9,341591
45730,0.000357,74.125.24.0-255,1484,26121,9,341591
45731,0.000359,172.31.36.0-255,66,26187,9,341591
45732,0.00038,74.125.24.0-255,1484,27671,9,341591
45733,0.000382,172.31.36.0-255,66,27737,9,341591
45734,0.000389,74.125.24.0-255,5738,33475,9,341591
45735,0.000392,172.31.36.0-255,66,33541,9,341591
45736,0.000397,74.125.24.0-255,5738,39279,9,341591
45737,0.000402,172.31.36.0-255,66,39345,9,341591
45738,0.000465,172.31.36.0-255,66,39411,9,341591
45739,0.00047,74.125.24.0-255,4241,43652,9,341591
45740,0.000472,172.31.36.0-255,66,43718,9,341591
45741,0.000596,74.125.24.0-255,129,43847,9,341591
45742,0.000759,74.125.24.0-255,1484,45331,9,341591
45743,0.000764,172.31.36.0-255,66,45397,9,341591
45744,0.00077,74.125.24.0-255,2902,48299,9,341591
45745,0.000772,172.31.36.0-255,66,48365,9,341591
45746,0.000775,74.125.24.0-255,1484,49849,9,341591
45747,0.000803,74.125.24.0-255,4320,54169,9,341591
45748,0.000806,172.31.36.0-255,66,54235,9,341591
45749,0.000813,74.125.24.0-255,6797,61032,9,341591
45750,0.000816,172.31.36.0-255,66,61098,9,341591
45751,0.000855,74.125.24.0-255,5738,66836,9,341591
45752,0.00087,172.31.36.0-255,66,66902,9,341591
45753,0.000901,74.125.24.0-255,7156,74058,9,341591
45754,0.000906,74.125.24.0-255,4217,78275,9,341591
45755,0.00093,172.31.36.0-255,66,78341,9,341591
45756,0.0019,74.125.24.0-255,1484,79825,9,341591
45757,0.00191,74.125.24.0-255,2902,82727,9,341591
45758,0.001915,172.31.36.0-255,66,82793,9,341591
45759,0.001923,74.125.24.0-255,4320,87113,9,341591
45760,0.001925,172.31.36.0-255,66,87179,9,341591
45761,0.001944,172.31.36.0-255,66,87245,9,341591
45762,0.001972,74.125.24.0-255,1484,88729,9,341591
45763,0.002002,172.31.36.0-255,66,88795,9,341591
45764,0.004303,74.125.24.0-255,5738,94533,9,341591
45765,0.004309,172.31.36.0-255,66,94599,9,341591
45766,0.006581,74.125.24.0-255,5738,100337,9,341591
45767,0.006589,172.31.36.0-255,66,100403,9,341591
45768,0.008843,74.125.24.0-255,5738,106141,9,341591
45769,0.00885,172.31.36.0-255,66,106207,9,341591
45770,0.011117,74.125.24.0-255,5738,111945,9,341591
45771,0.011127,172.31.36.0-255,66,112011,9,341591
45772,0.013406,74.125.24.0-255,5738,117749,9,341591
45773,0.013416,172.31.36.0-255,66,117815,9,341591
45774,0.015684,74.125.24.0-255,5738,123553,9,341591
45775,0.015692,172.31.36.0-255,66,123619,9,341591
45776,0.017995,74.125.24.0-255,5738,129357,9,341591
45777,0.018006,172.31.36.0-255,66,129423,9,341591
45778,0.020276,74.125.24.0-255,5738,135161,9,341591
45779,0.020284,172.31.36.0-255,66,135227,9,341591
45780,0.022599,74.125.24.0-255,5738,140965,9,341591
45781,0.022609,172.31.36.0-255,66,141031,9,341591
45782,0.024883,74.125.24.0-255,5738,146769,9,341591
45783,0.024892,172.31.36.0-255,66,146835,9,341591
45784,0.027155,74.125.24.0-255,5738,152573,9,341591
45785,0.027163,172.31.36.0-255,66,152639,9,341591
45786,0.029449,74.125.24.0-255,5738,158377,9,341591
45787,0.029457,172.31.36.0-255,66,158443,9,341591
45788,0.03171,74.125.24.0-255,5738,164181,9,341591
45789,0.031719,172.31.36.0-255,66,164247,9,341591
45790,0.034003,74.125.24.0-255,5738,169985,9,341591
45791,0.03401,172.31.36.0-255,66,170051,9,341591
45792,0.034239,172.31.36.0-255,172,170223,9,341591
45793,0.034269,172.31.36.0-255,1117,171340,9,341591
45794,0.034342,172.31.36.0-255,1514,172854,9,341591
45795,0.034344,172.31.36.0-255,1514,174368,9,341591
45796,0.034345,172.31.36.0-255,1514,175882,9,341591
45797,0.034351,172.31.36.0-255,1514,177396,9,341591
45798,0.034353,172.31.36.0-255,1485,178881,9,341591
45799,0.035805,104.244.42.0-255,66,178947,9,341591
45800,0.035814,104.244.42.0-255,66,179013,9,341591
45801,0.0359,104.244.42.0-255,66,179079,9,341591
45802,0.036313,74.125.24.0-255,5738,184817,9,341591
45803,0.036321,172.31.36.0-255,66,184883,9,341591
45804,0.038641,74.125.24.0-255,5738,190621,9,341591
45805,0.038649,172.31.36.0-255,66,190687,9,341591
45806,0.040902,74.125.24.0-255,5738,196425,9,341591
45807,0.04091,172.31.36.0-255,66,196491,9,341591
45808,0.043194,74.125.24.0-255,5738,202229,9,341591
45809,0.043201,172.31.36.0-255,66,202295,9,341591
45810,0.045482,74.125.24.0-255,5738,208033,9,341591
45811,0.045488,172.31.36.0-255,66,208099,9,341591
45812,0.047755,74.125.24.0-255,5738,213837,9,341591
45813,0.047761,172.31.36.0-255,66,213903,9,341591
45814,0.050038,74.125.24.0-255,5738,219641,9,341591
45815,0.050045,172.31.36.0-255,66,219707,9,341591
45816,0.052361,74.125.24.0-255,5738,225445,9,341591
45817,0.052368,172.31.36.0-255,66,225511,9,341591
45818,0.054652,74.125.24.0-255,5738,231249,9,341591
45819,0.054658,172.31.36.0-255,66,231315,9,341591
45820,0.056943,74.125.24.0-255,5738,237053,9,341591
45821,0.05695,172.31.36.0-255,66,237119,9,341591
45822,0.059223,74.125.24.0-255,5738,242857,9,341591
45823,0.05923,172.31.36.0-255,66,242923,9,341591
45824,0.061497,74.125.24.0-255,5738,248661,9,341591
45825,0.061504,172.31.36.0-255,66,248727,9,341591
45826,0.063761,74.125.24.0-255,5738,254465,9,341591
45827,0.063768,172.31.36.0-255,66,254531,9,341591
45828,0.066035,74.125.24.0-255,5738,260269,9,341591
45829,0.066042,172.31.36.0-255,66,260335,9,341591
45830,0.068319,74.125.24.0-255,5738,266073,9,341591
45831,0.068326,172.31.36.0-255,66,266139,9,341591
45832,0.0706,74.125.24.0-255,5738,271877,9,341591
45833,0.070606,172.31.36.0-255,66,271943,9,341591
45834,0.072886,74.125.24.0-255,5738,277681,9,341591
45835,0.072895,172.31.36.0-255,66,277747,9,341591
45836,0.075189,74.125.24.0-255,5738,283485,9,341591
45837,0.075197,172.31.36.0-255,66,283551,9,341591
45838,0.077479,74.125.24.0-255,5738,289289,9,341591
45839,0.077485,172.31.36.0-255,66,289355,9,341591
45840,0.07977,74.125.24.0-255,5738,295093,9,341591
45841,0.079777,172.31.36.0-255,66,295159,9,341591
45842,0.082053,74.125.24.0-255,5738,300897,9,341591
45843,0.082059,172.31.36.0-255,66,300963,9,341591
45844,0.084322,74.125.24.0-255,5738,306701,9,341591
45845,0.084329,172.31.36.0-255,66,306767,9,341591
45846,0.086608,74.125.24.0-255,5738,312505,9,341591
45847,0.086614,172.31.36.0-255,66,312571,9,341591
45848,0.088894,74.125.24.0-255,5738,318309,9,341591
45849,0.088902,172.31.36.0-255,66,318375,9,341591
45850,0.091167,74.125.24.0-255,5738,324113,9,341591
45851,0.091173,172.31.36.0-255,66,324179,9,341591
45852,0.09345,74.125.24.0-255,5738,329917,9,341591
45853,0.093459,172.31.36.0-255,66,329983,9,341591
45854,0.095706,74.125.24.0-255,5738,335721,9,341591
45855,0.095712,172.31.36.0-255,66,335787,9,341591
45856,0.098001,74.125.24.0-255,5738,341525,9,341591
45857,0.098009,172.31.36.0-255,66,341591,9,341591
45858,0.0,172.31.36.0-255,66,66,9,66
45859,0.0,172.217.194.0-255,298,298,9,353272
45860,1.6e-05,172.31.36.0-255,66,364,9,353272
45861,2.2e-05,172.217.194.0-255,1484,1848,9,353272
45862,2.6e-05,172.31.36.0-255,66,1914,9,353272
45863,3.4e-05,172.217.194.0-255,4320,6234,9,353272
45864,4.6e-05,172.31.36.0-255,66,6300,9,353272
45865,5.8e-05,172.31.36.0-255,66,6366,9,353272
45866,0.000408,172.217.194.0-255,1484,7850,9,353272
45867,0.000413,172.31.36.0-255,66,7916,9,353272
45868,0.00042,172.217.194.0-255,2902,10818,9,353272
45869,0.000423,172.31.36.0-255,66,10884,9,353272
45870,0.000455,172.217.194.0-255,5738,16622,9,353272
45871,0.000458,172.31.36.0-255,66,16688,9,353272
45872,0.000461,172.217.194.0-255,1484,18172,9,353272
45873,0.000464,172.31.36.0-255,66,18238,9,353272
45874,0.00051,172.31.36.0-255,66,18304,9,353272
45875,0.000518,172.217.194.0-255,7156,25460,9,353272
45876,0.00052,172.31.36.0-255,66,25526,9,353272
45877,0.000524,172.217.194.0-255,2902,28428,9,353272
45878,0.00053,172.31.36.0-255,66,28494,9,353272
45879,0.000554,172.31.36.0-255,66,28560,9,353272
45880,0.000577,172.217.194.0-255,1484,30044,9,353272
45881,0.000579,172.31.36.0-255,66,30110,9,353272
45882,0.000584,172.217.194.0-255,2184,32294,9,353272
45883,0.000587,172.31.36.0-255,66,32360,9,353272
45884,0.000589,172.217.194.0-255,379,32739,9,353272
45885,0.000595,172.31.36.0-255,66,32805,9,353272
45886,0.000795,172.217.194.0-255,100,32905,9,353272
45887,0.0008,172.31.36.0-255,66,32971,9,353272
45888,0.000929,172.217.194.0-255,1484,34455,9,353272
45889,0.000962,172.217.194.0-255,2902,37357,9,353272
45890,0.000966,172.217.194.0-255,2902,40259,9,353272
45891,0.000973,172.31.36.0-255,66,40325,9,353272
45892,0.000982,172.31.36.0-255,66,40391,9,353272
45893,0.000986,172.217.194.0-255,2902,43293,9,353272
45894,0.000988,172.31.36.0-255,66,43359,9,353272
45895,0.000997,172.217.194.0-255,4320,47679,9,353272
45896,0.001,172.31.36.0-255,66,47745,9,353272
45897,0.00102,172.31.36.0-255,66,47811,9,353272
45898,0.001031,172.217.194.0-255,7156,54967,9,353272
45899,0.001034,172.31.36.0-255,66,55033,9,353272
45900,0.001072,172.217.194.0-255,3602,58635,9,353272
45901,0.001075,172.31.36.0-255,66,58701,9,353272
45902,0.001733,172.217.194.0-255,1484,60185,9,353272
45903,0.001742,172.217.194.0-255,2902,63087,9,353272
45904,0.001746,172.31.36.0-255,66,63153,9,353272
45905,0.001753,172.217.194.0-255,5738,68891,9,353272
45906,0.001755,172.31.36.0-255,66,68957,9,353272
45907,0.00178,172.217.194.0-255,5738,74695,9,353272
45908,0.001782,172.31.36.0-255,66,74761,9,353272
45909,0.001812,172.217.194.0-255,7156,81917,9,353272
45910,0.001814,172.31.36.0-255,66,81983,9,353272
45911,0.001826,172.217.194.0-255,2902,84885,9,353272
45912,0.001831,172.31.36.0-255,66,84951,9,353272
45913,0.001861,172.31.36.0-255,66,85017,9,353272
45914,0.00206,172.217.194.0-255,1484,86501,9,353272
45915,0.00208,172.217.194.0-255,2902,89403,9,353272
45916,0.002083,172.31.36.0-255,66,89469,9,353272
45917,0.002088,172.217.194.0-255,1484,90953,9,353272
45918,0.002115,172.217.194.0-255,4320,95273,9,353272
45919,0.002118,172.31.36.0-255,66,95339,9,353272
45920,0.00213,172.31.36.0-255,66,95405,9,353272
45921,0.002152,172.217.194.0-255,1484,96889,9,353272
45922,0.002177,172.217.194.0-255,2902,99791,9,353272
45923,0.00218,172.31.36.0-255,66,99857,9,353272
45924,0.002213,172.31.36.0-255,66,99923,9,353272
45925,0.00225,172.217.194.0-255,766,100689,9,353272
45926,0.004216,172.31.36.0-255,66,100755,9,353272
45927,0.004459,172.217.194.0-255,4320,105075,9,353272
45928,0.004467,172.31.36.0-255,66,105141,9,353272
45929,0.006427,172.217.194.0-255,1484,106625,9,353272
45930,0.006762,172.217.194.0-255,4320,110945,9,353272
45931,0.006766,172.31.36.0-255,66,111011,9,353272
45932,0.008995,172.217.194.0-255,5738,116749,9,353272
45933,0.009002,172.31.36.0-255,66,116815,9,353272
45934,0.011525,172.217.194.0-255,5738,122553,9,353272
45935,0.011535,172.31.36.0-255,66,122619,9,353272
45936,0.013808,172.217.194.0-255,5738,128357,9,353272
45937,0.013816,172.31.36.0-255,66,128423,9,353272
45938,0.016034,172.217.194.0-255,5738,134161,9,353272
45939,0.016041,172.31.36.0-255,66,134227,9,353272
45940,0.018277,172.217.194.0-255,5738,139965,9,353272
45941,0.018284,172.31.36.0-255,66,140031,9,353272
45942,0.020557,172.217.194.0-255,5738,145769,9,353272
45943,0.020566,172.31.36.0-255,66,145835,9,353272
45944,0.022799,172.217.194.0-255,5738,151573,9,353272
45945,0.022826,172.31.36.0-255,66,151639,9,353272
45946,0.025084,172.217.194.0-255,5738,157377,9,353272
45947,0.025091,172.31.36.0-255,66,157443,9,353272
45948,0.027356,172.217.194.0-255,5738,163181,9,353272
45949,0.027363,172.31.36.0-255,66,163247,9,353272
45950,0.02962,172.217.194.0-255,5738,168985,9,353272
45951,0.029627,172.31.36.0-255,66,169051,9,353272
45952,0.031854,172.217.194.0-255,5738,174789,9,353272
45953,0.031861,172.31.36.0-255,66,174855,9,353272
45954,0.034119,172.217.194.0-255,5738,180593,9,353272
45955,0.034128,172.31.36.0-255,66,180659,9,353272
45956,0.036396,172.217.194.0-255,5738,186397,9,353272
45957,0.036404,172.31.36.0-255,66,186463,9,353272
45958,0.038614,172.217.194.0-255,5738,192201,9,353272
45959,0.038621,172.31.36.0-255,66,192267,9,353272
45960,0.040868,172.217.194.0-255,5738,198005,9,353272
45961,0.040874,172.31.36.0-255,66,198071,9,353272
45962,0.041876,172.31.36.0-255,188,198259,9,353272
45963,0.041906,172.31.36.0-255,960,199219,9,353272
45964,0.04195,172.31.36.0-255,1514,200733,9,353272
45965,0.04197,172.31.36.0-255,1514,202247,9,353272
45966,0.041971,172.31.36.0-255,1514,203761,9,353272
45967,0.041991,172.31.36.0-255,1514,205275,9,353272
45968,0.042,172.31.36.0-255,1514,206789,9,353272
45969,0.042001,172.31.36.0-255,953,207742,9,353272
45970,0.043101,172.217.194.0-255,4320,212062,9,353272
45971,0.043125,172.31.36.0-255,66,212128,9,353272
45972,0.043148,172.217.194.0-255,1484,213612,9,353272
45973,0.043442,104.244.42.0-255,66,213678,9,353272
45974,0.043486,104.244.42.0-255,66,213744,9,353272
45975,0.043538,104.244.42.0-255,66,213810,9,353272
45976,0.043638,104.244.42.0-255,66,213876,9,353272
45977,0.043641,104.244.42.0-255,66,213942,9,353272
45978,0.045342,172.217.194.0-255,4320,218262,9,353272
45979,0.045349,172.31.36.0-255,66,218328,9,353272
45980,0.047601,172.217.194.0-255,5738,224066,9,353272
45981,0.047607,172.31.36.0-255,66,224132,9,353272
45982,0.049816,172.217.194.0-255,4320,228452,9,353272
45983,0.049821,172.31.36.0-255,66,228518,9,353272
45984,0.049855,172.217.194.0-255,1484,230002,9,353272
45985,0.052052,172.217.194.0-255,4320,234322,9,353272
45986,0.052056,172.31.36.0-255,66,234388,9,353272
45987,0.054273,172.217.194.0-255,5738,240126,9,353272
45988,0.054278,172.31.36.0-255,66,240192,9,353272
45989,0.056523,172.217.194.0-255,5738,245930,9,353272
45990,0.056528,172.31.36.0-255,66,245996,9,353272
45991,0.058787,172.217.194.0-255,5738,251734,9,353272
45992,0.058793,172.31.36.0-255,66,251800,9,353272
45993,0.061008,172.217.194.0-255,5738,257538,9,353272
45994,0.061013,172.31.36.0-255,66,257604,9,353272
45995,0.063295,172.217.194.0-255,4320,261924,9,353272
45996,0.0633,172.31.36.0-255,66,261990,9,353272
45997,0.063369,172.217.194.0-255,1484,263474,9,353272
45998,0.065506,172.217.194.0-255,4320,267794,9,353272
45999,0.065511,172.31.36.0-255,66,267860,9,353272
46000,0.067728,172.217.194.0-255,2902,270762,9,353272
46001,0.067733,172.31.36.0-255,66,270828,9,353272
46002,0.067762,172.217.194.0-255,2902,273730,9,353272
46003,0.067764,172.31.36.0-255,66,273796,9,353272
46004,0.069965,172.217.194.0-255,2902,276698,9,353272
46005,0.06997,172.31.36.0-255,66,276764,9,353272
46006,0.070023,172.217.194.0-255,1484,278248,9,353272
46007,0.070039,172.217.194.0-255,1484,279732,9,353272
46008,0.070042,172.31.36.0-255,66,279798,9,353272
46009,0.072186,172.217.194.0-255,2902,282700,9,353272
46010,0.072191,172.31.36.0-255,66,282766,9,353272
46011,0.072298,172.217.194.0-255,2902,285668,9,353272
46012,0.072303,172.31.36.0-255,66,285734,9,353272
46013,0.074405,172.217.194.0-255,2902,288636,9,353272
46014,0.07441,172.31.36.0-255,66,288702,9,353272
46015,0.074568,172.217.194.0-255,2902,291604,9,353272
46016,0.074574,172.31.36.0-255,66,291670,9,353272
46017,0.076645,172.217.194.0-255,1484,293154,9,353272
46018,0.076674,172.217.194.0-255,1484,294638,9,353272
46019,0.076678,172.31.36.0-255,66,294704,9,353272
46020,0.076826,172.217.194.0-255,2902,297606,9,353272
46021,0.076832,172.31.36.0-255,66,297672,9,353272
46022,0.078944,172.217.194.0-255,2902,300574,9,353272
46023,0.07895,172.31.36.0-255,66,300640,9,353272
46024,0.079058,172.217.194.0-255,2902,303542,9,353272
46025,0.079062,172.31.36.0-255,66,303608,9,353272
46026,0.081214,172.217.194.0-255,2902,306510,9,353272
46027,0.081219,172.31.36.0-255,66,306576,9,353272
46028,0.081264,172.217.194.0-255,2902,309478,9,353272
46029,0.081267,172.31.36.0-255,66,309544,9,353272
46030,0.08349,172.217.194.0-255,5738,315282,9,353272
46031,0.083496,172.31.36.0-255,66,315348,9,353272
46032,0.085745,172.217.194.0-255,5738,321086,9,353272
46033,0.085751,172.31.36.0-255,66,321152,9,353272
46034,0.087941,172.217.194.0-255,4320,325472,9,353272
46035,0.087946,172.31.36.0-255,66,325538,9,353272
46036,0.087975,172.217.194.0-255,1484,327022,9,353272
46037,0.090125,172.217.194.0-255,4320,331342,9,353272
46038,0.09013,172.31.36.0-255,66,331408,9,353272
46039,0.09232,172.217.194.0-255,5738,337146,9,353272
46040,0.092324,172.31.36.0-255,66,337212,9,353272
46041,0.094555,172.217.194.0-255,4320,341532,9,353272
46042,0.094561,172.31.36.0-255,66,341598,9,353272
46043,0.094593,172.217.194.0-255,1484,343082,9,353272
46044,0.096805,172.217.194.0-255,4320,347402,9,353272
46045,0.096811,172.31.36.0-255,66,347468,9,353272
46046,0.099075,172.217.194.0-255,5738,353206,9,353272
46047,0.099081,172.31.36.0-255,66,353272,9,353272
46048,0.0,172.31.36.0-255,105,105,9,276
46049,0.074295,31.13.82.0-255,105,210,9,276
46050,0.07432,172.31.36.0-255,66,276,9,276
46051,0.0,74.125.200.0-255,146,146,9,352746
46052,1.6e-05,172.31.36.0-255,66,212,9,352746
46053,2.3e-05,74.125.200.0-255,1484,1696,9,352746
46054,2.7e-05,172.31.36.0-255,66,1762,9,352746
46055,3.3e-05,74.125.200.0-255,2902,4664,9,352746
46056,3.5e-05,172.31.36.0-255,66,4730,9,352746
46057,5.8e-05,74.125.200.0-255,4320,9050,9,352746
46058,6.1e-05,172.31.36.0-255,66,9116,9,352746
46059,9.9e-05,74.125.200.0-255,4890,14006,9,352746
46060,0.000101,172.31.36.0-255,66,14072,9,352746
46061,0.00028,74.125.200.0-255,1484,15556,9,352746
46062,0.000285,172.31.36.0-255,66,15622,9,352746
46063,0.000289,74.125.200.0-255,1484,17106,9,352746
46064,0.000291,172.31.36.0-255,66,17172,9,352746
46065,0.000294,74.125.200.0-255,1484,18656,9,352746
46066,0.000296,172.31.36.0-255,66,18722,9,352746
46067,0.000322,74.125.200.0-255,1484,20206,9,352746
46068,0.000325,172.31.36.0-255,66,20272,9,352746
46069,0.000332,74.125.200.0-255,5738,26010,9,352746
46070,0.000335,172.31.36.0-255,66,26076,9,352746
46071,0.000349,74.125.200.0-255,1484,27560,9,352746
46072,0.000351,172.31.36.0-255,66,27626,9,352746
46073,0.000382,74.125.200.0-255,5379,33005,9,352746
46074,0.000386,172.31.36.0-255,66,33071,9,352746
46075,0.000393,74.125.200.0-255,7156,40227,9,352746
46076,0.000395,172.31.36.0-255,66,40293,9,352746
46077,0.000398,74.125.200.0-255,1484,41777,9,352746
46078,0.000402,172.31.36.0-255,66,41843,9,352746
46079,0.000442,172.31.36.0-255,66,41909,9,352746
46080,0.000477,74.125.200.0-255,399,42308,9,352746
46081,0.000479,172.31.36.0-255,66,42374,9,352746
46082,0.000514,74.125.200.0-255,108,42482,9,352746
46083,0.000797,172.31.36.0-255,66,42548,9,352746
46084,0.000806,74.125.200.0-255,332,42880,9,352746
46085,0.000814,172.31.36.0-255,66,42946,9,352746
46086,0.001385,74.125.200.0-255,1484,44430,9,352746
46087,0.001397,74.125.200.0-255,2902,47332,9,352746
46088,0.001402,172.31.36.0-255,66,47398,9,352746
46089,0.001408,74.125.200.0-255,2902,50300,9,352746
46090,0.001409,172.31.36.0-255,66,50366,9,352746
46091,0.001426,74.125.200.0-255,4320,54686,9,352746
46092,0.001428,172.31.36.0-255,66,54752,9,352746
46093,0.001447,74.125.200.0-255,2902,57654,9,352746
46094,0.001449,172.31.36.0-255,66,57720,9,352746
46095,0.001463,74.125.200.0-255,5738,63458,9,352746
46096,0.001465,172.31.36.0-255,66,63524,9,352746
46097,0.001469,74.125.200.0-255,4320,67844,9,352746
46098,0.001471,172.31.36.0-255,66,67910,9,352746
46099,0.001512,74.125.200.0-255,1484,69394,9,352746
46100,0.001535,172.31.36.0-255,66,69460,9,352746
46101,0.001631,74.125.200.0-255,1484,70944,9,352746
46102,0.001644,74.125.200.0-255,2902,73846,9,352746
46103,0.001646,172.31.36.0-255,66,73912,9,352746
46104,0.001672,74.125.200.0-255,5738,79650,9,352746
46105,0.001674,172.31.36.0-255,66,79716,9,352746
46106,0.001706,74.125.200.0-255,4320,84036,9,352746
46107,0.001708,172.31.36.0-255,66,84102,9,352746
46108,0.001737,74.125.200.0-255,2902,87004,9,352746
46109,0.001738,172.31.36.0-255,66,87070,9,352746
46110,0.001752,172.31.36.0-255,66,87136,9,352746
46111,0.001774,74.125.200.0-255,2184,89320,9,352746
46112,0.001776,172.31.36.0-255,66,89386,9,352746
46113,0.002281,74.125.200.0-255,1484,90870,9,352746
46114,0.002293,74.125.200.0-255,2902,93772,9,352746
46115,0.002296,172.31.36.0-255,66,93838,9,352746
46116,0.002326,74.125.200.0-255,5738,99576,9,352746
46117,0.002329,172.31.36.0-255,66,99642,9,352746
46118,0.002334,74.125.200.0-255,4320,103962,9,352746
46119,0.002336,172.31.36.0-255,66,104028,9,352746
46120,0.00235,74.125.200.0-255,2902,106930,9,352746
46121,0.002352,172.31.36.0-255,66,106996,9,352746
46122,0.004651,74.125.200.0-255,4320,111316,9,352746
46123,0.004657,172.31.36.0-255,66,111382,9,352746
46124,0.004673,74.125.200.0-255,1484,112866,9,352746
46125,0.006971,74.125.200.0-255,4320,117186,9,352746
46126,0.006977,172.31.36.0-255,66,117252,9,352746
46127,0.00929,74.125.200.0-255,5738,122990,9,352746
46128,0.009297,172.31.36.0-255,66,123056,9,352746
46129,0.011623,74.125.200.0-255,5738,128794,9,352746
46130,0.01163,172.31.36.0-255,66,128860,9,352746
46131,0.013964,74.125.200.0-255,5738,134598,9,352746
46132,0.013972,172.31.36.0-255,66,134664,9,352746
46133,0.016308,74.125.200.0-255,5738,140402,9,352746
46134,0.016317,172.31.36.0-255,66,140468,9,352746
46135,0.018641,74.125.200.0-255,5738,146206,9,352746
46136,0.01865,172.31.36.0-255,66,146272,9,352746
46137,0.020976,74.125.200.0-255,5738,152010,9,352746
46138,0.020983,172.31.36.0-255,66,152076,9,352746
46139,0.02331,74.125.200.0-255,5738,157814,9,352746
46140,0.023317,172.31.36.0-255,66,157880,9,352746
46141,0.025648,74.125.200.0-255,5738,163618,9,352746
46142,0.025656,172.31.36.0-255,66,163684,9,352746
46143,0.027979,74.125.200.0-255,5738,169422,9,352746
46144,0.027989,172.31.36.0-255,66,169488,9,352746
46145,0.030307,74.125.200.0-255,5738,175226,9,352746
46146,0.030314,172.31.36.0-255,66,175292,9,352746
46147,0.030332,172.31.36.0-255,172,175464,9,352746
46148,0.030354,172.31.36.0-255,1117,176581,9,352746
46149,0.030483,172.31.36.0-255,1514,178095,9,352746
46150,0.030485,172.31.36.0-255,1514,179609,9,352746
46151,0.030506,172.31.36.0-255,1514,181123,9,352746
46152,0.030507,172.31.36.0-255,1514,182637,9,352746
46153,0.030534,172.31.36.0-255,1485,184122,9,352746
46154,0.031968,104.244.42.0-255,66,184188,9,352746
46155,0.031977,104.244.42.0-255,66,184254,9,352746
46156,0.032104,104.244.42.0-255,66,184320,9,352746
46157,0.032155,104.244.42.0-255,66,184386,9,352746
46158,0.032632,74.125.200.0-255,1484,185870,9,352746
46159,0.032665,74.125.200.0-255,4320,190190,9,352746
46160,0.03267,172.31.36.0-255,66,190256,9,352746
46161,0.033488,104.244.42.0-255,108,190364,9,352746
46162,0.033497,172.31.36.0-255,66,190430,9,352746
46163,0.034983,74.125.200.0-255,5738,196168,9,352746
46164,0.034987,172.31.36.0-255,66,196234,9,352746
46165,0.037307,74.125.200.0-255,5738,201972,9,352746
46166,0.037312,172.31.36.0-255,66,202038,9,352746
46167,0.039639,74.125.200.0-255,4320,206358,9,352746
46168,0.039645,172.31.36.0-255,66,206424,9,352746
46169,0.039661,74.125.200.0-255,1484,207908,9,352746
46170,0.041967,74.125.200.0-255,4320,212228,9,352746
46171,0.041973,172.31.36.0-255,66,212294,9,352746
46172,0.044295,74.125.200.0-255,5738,218032,9,352746
46173,0.0443,172.31.36.0-255,66,218098,9,352746
46174,0.046631,74.125.200.0-255,5738,223836,9,352746
46175,0.046636,172.31.36.0-255,66,223902,9,352746
46176,0.04895,74.125.200.0-255,4320,228222,9,352746
46177,0.048955,172.31.36.0-255,66,228288,9,352746
46178,0.048986,74.125.200.0-255,1484,229772,9,352746
46179,0.051272,74.125.200.0-255,4320,234092,9,352746
46180,0.051278,172.31.36.0-255,66,234158,9,352746
46181,0.053592,74.125.200.0-255,5738,239896,9,352746
46182,0.053597,172.31.36.0-255,66,239962,9,352746
46183,0.055909,74.125.200.0-255,2902,242864,9,352746
46184,0.055914,172.31.36.0-255,66,242930,9,352746
46185,0.055944,74.125.200.0-255,2902,245832,9,352746
46186,0.055947,172.31.36.0-255,66,245898,9,352746
46187,0.058221,74.125.200.0-255,2902,248800,9,352746
46188,0.058226,172.31.36.0-255,66,248866,9,352746
46189,0.058263,74.125.200.0-255,2902,251768,9,352746
46190,0.058266,172.31.36.0-255,66,251834,9,352746
46191,0.06054,74.125.200.0-255,2902,254736,9,352746
46192,0.060546,172.31.36.0-255,66,254802,9,352746
46193,0.060576,74.125.200.0-255,2902,257704,9,352746
46194,0.060579,172.31.36.0-255,66,257770,9,352746
46195,0.062864,74.125.200.0-255,2902,260672,9,352746
46196,0.062869,172.31.36.0-255,66,260738,9,352746
46197,0.062937,74.125.200.0-255,2902,263640,9,352746
46198,0.062941,172.31.36.0-255,66,263706,9,352746
46199,0.065179,74.125.200.0-255,2902,266608,9,352746
46200,0.065184,172.31.36.0-255,66,266674,9,352746
46201,0.065254,74.125.200.0-255,2902,269576,9,352746
46202,0.065258,172.31.36.0-255,66,269642,9,352746
46203,0.067509,74.125.200.0-255,2902,272544,9,352746
46204,0.067515,172.31.36.0-255,66,272610,9,352746
46205,0.067578,74.125.200.0-255,2902,275512,9,352746
46206,0.067582,172.31.36.0-255,66,275578,9,352746
46207,0.069843,74.125.200.0-255,2902,278480,9,352746
46208,0.069849,172.31.36.0-255,66,278546,9,352746
46209,0.069891,74.125.200.0-255,2902,281448,9,352746
46210,0.069894,172.31.36.0-255,66,281514,9,352746
46211,0.072162,74.125.200.0-255,2902,284416,9,352746
46212,0.072168,172.31.36.0-255,66,284482,9,352746
46213,0.072205,74.125.200.0-255,2902,287384,9,352746
46214,0.072208,172.31.36.0-255,66,287450,9,352746
46215,0.074483,74.125.200.0-255,2902,290352,9,352746
46216,0.074489,172.31.36.0-255,66,290418,9,352746
46217,0.074522,74.125.200.0-255,2902,293320,9,352746
46218,0.074526,172.31.36.0-255,66,293386,9,352746
46219,0.0768,74.125.200.0-255,2902,296288,9,352746
46220,0.076805,172.31.36.0-255,66,296354,9,352746
46221,0.07684,74.125.200.0-255,2902,299256,9,352746
46222,0.076843,172.31.36.0-255,66,299322,9,352746
46223,0.07912,74.125.200.0-255,2902,302224,9,352746
46224,0.079125,172.31.36.0-255,66,302290,9,352746
46225,0.079158,74.125.200.0-255,2902,305192,9,352746
46226,0.079161,172.31.36.0-255,66,305258,9,352746
46227,0.081454,74.125.200.0-255,2902,308160,9,352746
46228,0.081459,172.31.36.0-255,66,308226,9,352746
46229,0.081491,74.125.200.0-255,2902,311128,9,352746
46230,0.081494,172.31.36.0-255,66,311194,9,352746
46231,0.083792,74.125.200.0-255,2902,314096,9,352746
46232,0.083798,172.31.36.0-255,66,314162,9,352746
46233,0.083829,74.125.200.0-255,2902,317064,9,352746
46234,0.083832,172.31.36.0-255,66,317130,9,352746
46235,0.086122,74.125.200.0-255,2902,320032,9,352746
46236,0.086127,172.31.36.0-255,66,320098,9,352746
46237,0.086159,74.125.200.0-255,2902,323000,9,352746
46238,0.086162,172.31.36.0-255,66,323066,9,352746
46239,0.088434,74.125.200.0-255,2902,325968,9,352746
46240,0.088455,172.31.36.0-255,66,326034,9,352746
46241,0.088475,74.125.200.0-255,2902,328936,9,352746
46242,0.088479,172.31.36.0-255,66,329002,9,352746
46243,0.090769,74.125.200.0-255,2902,331904,9,352746
46244,0.090774,172.31.36.0-255,66,331970,9,352746
46245,0.090805,74.125.200.0-255,2902,334872,9,352746
46246,0.090808,172.31.36.0-255,66,334938,9,352746
46247,0.093086,74.125.200.0-255,2902,337840,9,352746
46248,0.093092,172.31.36.0-255,66,337906,9,352746
46249,0.093123,74.125.200.0-255,2902,340808,9,352746
46250,0.093126,172.31.36.0-255,66,340874,9,352746
46251,0.09542,74.125.200.0-255,2902,343776,9,352746
46252,0.095424,172.31.36.0-255,66,343842,9,352746
46253,0.095454,74.125.200.0-255,2902,346744,9,352746
46254,0.095457,172.31.36.0-255,66,346810,9,352746
46255,0.09774,74.125.200.0-255,2902,349712,9,352746
46256,0.097745,172.31.36.0-255,66,349778,9,352746
46257,0.097779,74.125.200.0-255,2902,352680,9,352746
46258,0.097782,172.31.36.0-255,66,352746,9,352746
46259,0.0,74.125.24.0-255,153,153,9,312114
46260,1.7e-05,172.31.36.0-255,66,219,9,312114
46261,2.5e-05,74.125.24.0-255,1484,1703,9,312114
46262,3e-05,172.31.36.0-255,66,1769,9,312114
46263,4.3e-05,74.125.24.0-255,2902,4671,9,312114
46264,4.6e-05,172.31.36.0-255,66,4737,9,312114
46265,5.5e-05,74.125.24.0-255,7156,11893,9,312114
46266,5.8e-05,172.31.36.0-255,66,11959,9,312114
46267,6.2e-05,74.125.24.0-255,2076,14035,9,312114
46268,6.5e-05,172.31.36.0-255,66,14101,9,312114
46269,0.000371,74.125.24.0-255,1484,15585,9,312114
46270,0.000377,172.31.36.0-255,66,15651,9,312114
46271,0.000384,74.125.24.0-255,2902,18553,9,312114
46272,0.000387,172.31.36.0-255,66,18619,9,312114
46273,0.0004,74.125.24.0-255,5738,24357,9,312114
46274,0.000403,172.31.36.0-255,66,24423,9,312114
46275,0.00041,74.125.24.0-255,6797,31220,9,312114
46276,0.000412,172.31.36.0-255,66,31286,9,312114
46277,0.000462,172.31.36.0-255,66,31352,9,312114
46278,0.000478,172.31.36.0-255,66,31418,9,312114
46279,0.000513,74.125.24.0-255,3602,35020,9,312114
46280,0.000516,172.31.36.0-255,66,35086,9,312114
46281,0.000675,74.125.24.0-255,649,35735,9,312114
46282,0.000679,172.31.36.0-255,66,35801,9,312114
46283,0.00085,74.125.24.0-255,1484,37285,9,312114
46284,0.000854,172.31.36.0-255,66,37351,9,312114
46285,0.00086,74.125.24.0-255,2902,40253,9,312114
46286,0.000862,172.31.36.0-255,66,40319,9,312114
46287,0.000868,74.125.24.0-255,4320,44639,9,312114
46288,0.00087,172.31.36.0-255,66,44705,9,312114
46289,0.000899,74.125.24.0-255,1484,46189,9,312114
46290,0.000915,172.31.36.0-255,66,46255,9,312114
46291,0.00098,172.31.36.0-255,66,46321,9,312114
46292,0.001228,74.125.24.0-255,1484,47805,9,312114
46293,0.001242,74.125.24.0-255,2902,50707,9,312114
46294,0.001245,172.31.36.0-255,66,50773,9,312114
46295,0.00125,74.125.24.0-255,2902,53675,9,312114
46296,0.001253,172.31.36.0-255,66,53741,9,312114
46297,0.001273,74.125.24.0-255,2902,56643,9,312114
46298,0.001275,172.31.36.0-255,66,56709,9,312114
46299,0.001291,172.31.36.0-255,66,56775,9,312114
46300,0.001318,74.125.24.0-255,2902,59677,9,312114
46301,0.00132,172.31.36.0-255,66,59743,9,312114
46302,0.001334,172.31.36.0-255,66,59809,9,312114
46303,0.001337,74.125.24.0-255,1484,61293,9,312114
46304,0.001342,74.125.24.0-255,2902,64195,9,312114
46305,0.001345,172.31.36.0-255,66,64261,9,312114
46306,0.001352,74.125.24.0-255,5738,69999,9,312114
46307,0.001354,172.31.36.0-255,66,70065,9,312114
46308,0.001412,172.31.36.0-255,66,70131,9,312114
46309,0.001422,172.31.36.0-255,66,70197,9,312114
46310,0.001448,74.125.24.0-255,2184,72381,9,312114
46311,0.00145,172.31.36.0-255,66,72447,9,312114
46312,0.002077,74.125.24.0-255,1484,73931,9,312114
46313,0.002084,74.125.24.0-255,2902,76833,9,312114
46314,0.002087,172.31.36.0-255,66,76899,9,312114
46315,0.002093,74.125.24.0-255,5738,82637,9,312114
46316,0.002095,172.31.36.0-255,66,82703,9,312114
46317,0.002122,74.125.24.0-255,1484,84187,9,312114
46318,0.002153,172.31.36.0-255,66,84253,9,312114
46319,0.002162,172.31.36.0-255,66,84319,9,312114
46320,0.00219,74.125.24.0-255,2184,86503,9,312114
46321,0.002192,172.31.36.0-255,66,86569,9,312114
46322,0.004417,74.125.24.0-255,5738,92307,9,312114
46323,0.004424,172.31.36.0-255,66,92373,9,312114
46324,0.006699,74.125.24.0-255,4320,96693,9,312114
46325,0.006702,172.31.36.0-255,66,96759,9,312114
46326,0.006725,74.125.24.0-255,1484,98243,9,312114
46327,0.008967,74.125.24.0-255,4320,102563,9,312114
46328,0.008974,172.31.36.0-255,66,102629,9,312114
46329,0.011248,74.125.24.0-255,5738,108367,9,312114
46330,0.011258,172.31.36.0-255,66,108433,9,312114
46331,0.013549,74.125.24.0-255,5738,114171,9,312114
46332,0.013557,172.31.36.0-255,66,114237,9,312114
46333,0.015849,74.125.24.0-255,2902,117139,9,312114
46334,0.015862,172.31.36.0-255,66,117205,9,312114
46335,0.015892,74.125.24.0-255,2902,120107,9,312114
46336,0.015894,172.31.36.0-255,66,120173,9,312114
46337,0.018102,74.125.24.0-255,2902,123075,9,312114
46338,0.01811,172.31.36.0-255,66,123141,9,312114
46339,0.018149,74.125.24.0-255,2902,126043,9,312114
46340,0.018152,172.31.36.0-255,66,126109,9,312114
46341,0.020382,74.125.24.0-255,2902,129011,9,312114
46342,0.02039,172.31.36.0-255,66,129077,9,312114
46343,0.020417,74.125.24.0-255,2902,131979,9,312114
46344,0.02042,172.31.36.0-255,66,132045,9,312114
46345,0.022636,74.125.24.0-255,2902,134947,9,312114
46346,0.022645,172.31.36.0-255,66,135013,9,312114
46347,0.02268,74.125.24.0-255,2902,137915,9,312114
46348,0.022683,172.31.36.0-255,66,137981,9,312114
46349,0.024899,74.125.24.0-255,2902,140883,9,312114
46350,0.024907,172.31.36.0-255,66,140949,9,312114
46351,0.024985,74.125.24.0-255,2902,143851,9,312114
46352,0.024989,172.31.36.0-255,66,143917,9,312114
46353,0.027176,74.125.24.0-255,2902,146819,9,312114
46354,0.027184,172.31.36.0-255,66,146885,9,312114
46355,0.027233,74.125.24.0-255,2902,149787,9,312114
46356,0.027236,172.31.36.0-255,66,149853,9,312114
46357,0.029453,74.125.24.0-255,2902,152755,9,312114
46358,0.029461,172.31.36.0-255,66,152821,9,312114
46359,0.029494,74.125.24.0-255,2902,155723,9,312114
46360,0.029497,172.31.36.0-255,66,155789,9,312114
46361,0.031763,74.125.24.0-255,2902,158691,9,312114
46362,0.031773,172.31.36.0-255,66,158757,9,312114
46363,0.031805,74.125.24.0-255,2902,161659,9,312114
46364,0.031808,172.31.36.0-255,66,161725,9,312114
46365,0.034074,74.125.24.0-255,5738,167463,9,312114
46366,0.034082,172.31.36.0-255,66,167529,9,312114
46367,0.036344,74.125.24.0-255,5738,173267,9,312114
46368,0.036354,172.31.36.0-255,66,173333,9,312114
46369,0.038632,74.125.24.0-255,5738,179071,9,312114
46370,0.038641,172.31.36.0-255,66,179137,9,312114
46371,0.040872,74.125.24.0-255,5738,184875,9,312114
46372,0.04088,172.31.36.0-255,66,184941,9,312114
46373,0.04315,74.125.24.0-255,5738,190679,9,312114
46374,0.043159,172.31.36.0-255,66,190745,9,312114
46375,0.045394,74.125.24.0-255,5738,196483,9,312114
46376,0.045399,172.31.36.0-255,66,196549,9,312114
46377,0.045831,172.31.36.0-255,176,196725,9,312114
46378,0.045862,172.31.36.0-255,1115,197840,9,312114
46379,0.045921,172.31.36.0-255,1514,199354,9,312114
46380,0.045923,172.31.36.0-255,1514,200868,9,312114
46381,0.045924,172.31.36.0-255,1514,202382,9,312114
46382,0.045925,172.31.36.0-255,107,202489,9,312114
46383,0.047396,104.244.42.0-255,66,202555,9,312114
46384,0.047425,104.244.42.0-255,66,202621,9,312114
46385,0.047481,104.244.42.0-255,66,202687,9,312114
46386,0.047485,104.244.42.0-255,66,202753,9,312114
46387,0.047672,74.125.24.0-255,5738,208491,9,312114
46388,0.047682,172.31.36.0-255,66,208557,9,312114
46389,0.048548,104.244.42.0-255,108,208665,9,312114
46390,0.048559,172.31.36.0-255,66,208731,9,312114
46391,0.049985,74.125.24.0-255,5738,214469,9,312114
46392,0.049997,172.31.36.0-255,66,214535,9,312114
46393,0.052254,74.125.24.0-255,5738,220273,9,312114
46394,0.052262,172.31.36.0-255,66,220339,9,312114
46395,0.054501,74.125.24.0-255,5738,226077,9,312114
46396,0.054509,172.31.36.0-255,66,226143,9,312114
46397,0.056773,74.125.24.0-255,5738,231881,9,312114
46398,0.056779,172.31.36.0-255,66,231947,9,312114
46399,0.059051,74.125.24.0-255,5738,237685,9,312114
46400,0.059057,172.31.36.0-255,66,237751,9,312114
46401,0.06133,74.125.24.0-255,5738,243489,9,312114
46402,0.061336,172.31.36.0-255,66,243555,9,312114
46403,0.063592,74.125.24.0-255,5738,249293,9,312114
46404,0.063598,172.31.36.0-255,66,249359,9,312114
46405,0.065843,74.125.24.0-255,5738,255097,9,312114
46406,0.06585,172.31.36.0-255,66,255163,9,312114
46407,0.068128,74.125.24.0-255,5738,260901,9,312114
46408,0.068133,172.31.36.0-255,66,260967,9,312114
46409,0.070365,74.125.24.0-255,5738,266705,9,312114
46410,0.070371,172.31.36.0-255,66,266771,9,312114
46411,0.072633,74.125.24.0-255,5738,272509,9,312114
46412,0.072639,172.31.36.0-255,66,272575,9,312114
46413,0.074916,74.125.24.0-255,5738,278313,9,312114
46414,0.074922,172.31.36.0-255,66,278379,9,312114
46415,0.077219,74.125.24.0-255,5738,284117,9,312114
46416,0.077225,172.31.36.0-255,66,284183,9,312114
46417,0.079487,74.125.24.0-255,5738,289921,9,312114
46418,0.079494,172.31.36.0-255,66,289987,9,312114
46419,0.081761,74.125.24.0-255,5738,295725,9,312114
46420,0.081769,172.31.36.0-255,66,295791,9,312114
46421,0.084043,74.125.24.0-255,5738,301529,9,312114
46422,0.084049,172.31.36.0-255,66,301595,9,312114
46423,0.086289,74.125.24.0-255,5738,307333,9,312114
46424,0.086296,172.31.36.0-255,66,307399,9,312114
46425,0.088542,74.125.24.0-255,4478,311877,9,312114
46426,0.088549,172.31.36.0-255,66,311943,9,312114
46427,0.088755,172.31.36.0-255,105,312048,9,312114
46428,0.091002,74.125.24.0-255,66,312114,9,312114
46429,0.0,172.31.36.0-255,66,66,9,66
46430,0.0,172.31.36.0-255,105,105,9,276
46431,0.001757,157.240.13.0-255,105,210,9,276
46432,0.00177,172.31.36.0-255,66,276,9,276
46433,0.0,74.125.68.0-255,153,153,9,301083
46434,2.4e-05,172.31.36.0-255,66,219,9,301083
46435,3.1e-05,74.125.68.0-255,1484,1703,9,301083
46436,3.5e-05,172.31.36.0-255,66,1769,9,301083
46437,4.1e-05,74.125.68.0-255,2902,4671,9,301083
46438,4.6e-05,172.31.36.0-255,66,4737,9,301083
46439,4.9e-05,74.125.68.0-255,1484,6221,9,301083
46440,5.2e-05,172.31.36.0-255,66,6287,9,301083
46441,5.7e-05,74.125.68.0-255,2902,9189,9,301083
46442,6e-05,172.31.36.0-255,66,9255,9,301083
46443,0.000113,74.125.68.0-255,4923,14178,9,301083
46444,0.000117,172.31.36.0-255,66,14244,9,301083
46445,0.000173,74.125.68.0-255,5738,19982,9,301083
46446,0.000177,172.31.36.0-255,66,20048,9,301083
46447,0.00024,74.125.68.0-255,1484,21532,9,301083
46448,0.000243,172.31.36.0-255,66,21598,9,301083
46449,0.000263,74.125.68.0-255,4320,25918,9,301083
46450,0.000265,172.31.36.0-255,66,25984,9,301083
46451,0.000284,74.125.68.0-255,4320,30304,9,301083
46452,0.000287,172.31.36.0-255,66,30370,9,301083
46453,0.000363,74.125.68.0-255,2543,32913,9,301083
46454,0.000366,172.31.36.0-255,66,32979,9,301083
46455,0.000393,74.125.68.0-255,2902,35881,9,301083
46456,0.000395,172.31.36.0-255,66,35947,9,301083
46457,0.000416,172.31.36.0-255,66,36013,9,301083
46458,0.00043,74.125.68.0-255,3961,39974,9,301083
46459,0.000432,172.31.36.0-255,66,40040,9,301083
46460,0.000601,74.125.68.0-255,1484,41524,9,301083
46461,0.000606,172.31.36.0-255,66,41590,9,301083
46462,0.000612,74.125.68.0-255,2902,44492,9,301083
46463,0.000614,172.31.36.0-255,66,44558,9,301083
46464,0.000653,74.125.68.0-255,5738,50296,9,301083
46465,0.000673,172.31.36.0-255,66,50362,9,301083
46466,0.000724,74.125.68.0-255,4320,54682,9,301083
46467,0.000732,172.31.36.0-255,66,54748,9,301083
46468,0.000774,172.31.36.0-255,66,54814,9,301083
46469,0.000915,74.125.68.0-255,7156,61970,9,301083
46470,0.000924,172.31.36.0-255,66,62036,9,301083
46471,0.000935,74.125.68.0-255,2543,64579,9,301083
46472,0.001002,172.31.36.0-255,66,64645,9,301083
46473,0.001023,74.125.68.0-255,648,65293,9,301083
46474,0.001065,172.31.36.0-255,66,65359,9,301083
46475,0.001153,74.125.68.0-255,5738,71097,9,301083
46476,0.001157,172.31.36.0-255,66,71163,9,301083
46477,0.001206,172.31.36.0-255,66,71229,9,301083
46478,0.001453,74.125.68.0-255,1992,73221,9,301083
46479,0.001457,172.31.36.0-255,66,73287,9,301083
46480,0.001492,172.31.36.0-255,66,73353,9,301083
46481,0.001533,172.31.36.0-255,66,73419,9,301083
46482,0.001905,74.125.68.0-255,1484,74903,9,301083
46483,0.001921,74.125.68.0-255,2902,77805,9,301083
46484,0.001925,172.31.36.0-255,66,77871,9,301083
46485,0.001954,74.125.68.0-255,4320,82191,9,301083
46486,0.001967,74.125.68.0-255,1484,83675,9,301083
46487,0.00197,172.31.36.0-255,66,83741,9,301083
46488,0.002047,172.31.36.0-255,66,83807,9,301083
46489,0.002059,74.125.68.0-255,4320,88127,9,301083
46490,0.002079,172.31.36.0-255,66,88193,9,301083
46491,0.002213,74.125.68.0-255,5738,93931,9,301083
46492,0.002216,172.31.36.0-255,66,93997,9,301083
46493,0.002271,172.31.36.0-255,66,94063,9,301083
46494,0.002571,74.125.68.0-255,4320,98383,9,301083
46495,0.002576,172.31.36.0-255,66,98449,9,301083
46496,0.002623,172.31.36.0-255,66,98515,9,301083
46497,0.00471,74.125.68.0-255,5738,104253,9,301083
46498,0.004717,172.31.36.0-255,66,104319,9,301083
46499,0.006796,74.125.68.0-255,5738,110057,9,301083
46500,0.008057,172.31.36.0-255,66,110123,9,301083
46501,0.010132,74.125.68.0-255,5738,115861,9,301083
46502,0.01014,172.31.36.0-255,66,115927,9,301083
46503,0.01222,74.125.68.0-255,5738,121665,9,301083
46504,0.013554,172.31.36.0-255,66,121731,9,301083
46505,0.015646,74.125.68.0-255,5738,127469,9,301083
46506,0.015656,172.31.36.0-255,66,127535,9,301083
46507,0.01775,74.125.68.0-255,5738,133273,9,301083
46508,0.017759,172.31.36.0-255,66,133339,9,301083
46509,0.019841,74.125.68.0-255,5738,139077,9,301083
46510,0.019849,172.31.36.0-255,66,139143,9,301083
46511,0.021969,74.125.68.0-255,5738,144881,9,301083
46512,0.023084,172.31.36.0-255,66,144947,9,301083
46513,0.025173,74.125.68.0-255,5738,150685,9,301083
46514,0.025182,172.31.36.0-255,66,150751,9,301083
46515,0.027275,74.125.68.0-255,5738,156489,9,301083
46516,0.031162,172.31.36.0-255,66,156555,9,301083
46517,0.033263,74.125.68.0-255,5738,162293,9,301083
46518,0.033272,172.31.36.0-255,66,162359,9,301083
46519,0.035365,74.125.68.0-255,5738,168097,9,301083
46520,0.035374,172.31.36.0-255,66,168163,9,301083
46521,0.036991,172.31.36.0-255,172,168335,9,301083
46522,0.037026,172.31.36.0-255,1070,169405,9,301083
46523,0.037453,74.125.68.0-255,5738,175143,9,301083
46524,0.037461,172.31.36.0-255,66,175209,9,301083
46525,0.038523,104.244.42.0-255,66,175275,9,301083
46526,0.038573,104.244.42.0-255,66,175341,9,301083
46527,0.039268,104.244.42.0-255,108,175449,9,301083
46528,0.039275,172.31.36.0-255,66,175515,9,301083
46529,0.039566,74.125.68.0-255,5738,181253,9,301083
46530,0.039572,172.31.36.0-255,66,181319,9,301083
46531,0.041667,74.125.68.0-255,5738,187057,9,301083
46532,0.041674,172.31.36.0-255,66,187123,9,301083
46533,0.043762,74.125.68.0-255,5738,192861,9,301083
46534,0.043769,172.31.36.0-255,66,192927,9,301083
46535,0.045864,74.125.68.0-255,5738,198665,9,301083
46536,0.04587,172.31.36.0-255,66,198731,9,301083
46537,0.047964,74.125.68.0-255,5738,204469,9,301083
46538,0.04797,172.31.36.0-255,66,204535,9,301083
46539,0.050061,74.125.68.0-255,5738,210273,9,301083
46540,0.050068,172.31.36.0-255,66,210339,9,301083
46541,0.052162,74.125.68.0-255,5738,216077,9,301083
46542,0.052169,172.31.36.0-255,66,216143,9,301083
46543,0.054265,74.125.68.0-255,5738,221881,9,301083
46544,0.054271,172.31.36.0-255,66,221947,9,301083
46545,0.054369,172.31.36.0-255,101,222048,9,301083
46546,0.056363,74.125.68.0-255,5738,227786,9,301083
46547,0.056369,172.31.36.0-255,66,227852,9,301083
46548,0.056397,74.125.68.0-255,66,227918,9,301083
46549,0.058471,74.125.68.0-255,5738,233656,9,301083
46550,0.058476,172.31.36.0-255,66,233722,9,301083
46551,0.06056,74.125.68.0-255,5738,239460,9,301083
46552,0.060566,172.31.36.0-255,66,239526,9,301083
46553,0.062663,74.125.68.0-255,5738,245264,9,301083
46554,0.062668,172.31.36.0-255,66,245330,9,301083
46555,0.064755,74.125.68.0-255,5738,251068,9,301083
46556,0.064765,172.31.36.0-255,66,251134,9,301083
46557,0.066855,74.125.68.0-255,5738,256872,9,301083
46558,0.066862,172.31.36.0-255,66,256938,9,301083
46559,0.068961,74.125.68.0-255,5738,262676,9,301083
46560,0.068968,172.31.36.0-255,66,262742,9,301083
46561,0.071065,74.125.68.0-255,5738,268480,9,301083
46562,0.071071,172.31.36.0-255,66,268546,9,301083
46563,0.073171,74.125.68.0-255,5738,274284,9,301083
46564,0.073178,172.31.36.0-255,66,274350,9,301083
46565,0.075272,74.125.68.0-255,5738,280088,9,301083
46566,0.075278,172.31.36.0-255,66,280154,9,301083
46567,0.077363,74.125.68.0-255,5738,285892,9,301083
46568,0.07737,172.31.36.0-255,66,285958,9,301083
46569,0.079462,74.125.68.0-255,5738,291696,9,301083
46570,0.079468,172.31.36.0-255,66,291762,9,301083
46571,0.081574,74.125.68.0-255,5738,297500,9,301083
46572,0.081579,172.31.36.0-255,66,297566,9,301083
46573,0.083663,74.125.68.0-255,3280,300846,9,301083
46574,0.083668,172.31.36.0-255,66,300912,9,301083
46575,0.084552,172.31.36.0-255,105,301017,9,301083
46576,0.092287,74.125.68.0-255,66,301083,9,301083
46577,0.0,74.125.24.0-255,143,143,9,380978
46578,2.6e-05,172.31.36.0-255,66,209,9,380978
46579,3.5e-05,74.125.24.0-255,1484,1693,9,380978
46580,4e-05,172.31.36.0-255,66,1759,9,380978
46581,5.3e-05,74.125.24.0-255,2902,4661,9,380978
46582,5.6e-05,172.31.36.0-255,66,4727,9,380978
46583,6.4e-05,74.125.24.0-255,7156,11883,9,380978
46584,6.8e-05,172.31.36.0-255,66,11949,9,380978
46585,7.5e-05,74.125.24.0-255,2053,14002,9,380978
46586,7.9e-05,172.31.36.0-255,66,14068,9,380978
46587,0.000101,74.125.24.0-255,5738,19806,9,380978
46588,0.000109,172.31.36.0-255,66,19872,9,380978
46589,0.000117,74.125.24.0-255,7156,27028,9,380978
46590,0.00012,172.31.36.0-255,66,27094,9,380978
46591,0.000147,74.125.24.0-255,3961,31055,9,380978
46592,0.000154,172.31.36.0-255,66,31121,9,380978
46593,0.000196,74.125.24.0-255,2902,34023,9,380978
46594,0.000199,172.31.36.0-255,66,34089,9,380978
46595,0.000204,74.125.24.0-255,2902,36991,9,380978
46596,0.000206,172.31.36.0-255,66,37057,9,380978
46597,0.000238,74.125.24.0-255,1484,38541,9,380978
46598,0.00024,172.31.36.0-255,66,38607,9,380978
46599,0.000256,172.31.36.0-255,66,38673,9,380978
46600,0.000259,74.125.24.0-255,1125,39798,9,380978
46601,0.000261,172.31.36.0-255,66,39864,9,380978
46602,0.000812,74.125.24.0-255,1484,41348,9,380978
46603,0.000818,172.31.36.0-255,66,41414,9,380978
46604,0.000825,74.125.24.0-255,2902,44316,9,380978
46605,0.000827,172.31.36.0-255,66,44382,9,380978
46606,0.00083,74.125.24.0-255,1484,45866,9,380978
46607,0.000837,172.31.36.0-255,66,45932,9,380978
46608,0.000867,74.125.24.0-255,4320,50252,9,380978
46609,0.000889,74.125.24.0-255,2902,53154,9,380978
46610,0.000905,74.125.24.0-255,3961,57115,9,380978
46611,0.00091,172.31.36.0-255,66,57181,9,380978
46612,0.001033,74.125.24.0-255,1484,58665,9,380978
46613,0.001039,74.125.24.0-255,2902,61567,9,380978
46614,0.001042,172.31.36.0-255,66,61633,9,380978
46615,0.001074,74.125.24.0-255,5738,67371,9,380978
46616,0.001085,74.125.24.0-255,1484,68855,9,380978
46617,0.0011,74.125.24.0-255,5379,74234,9,380978
46618,0.001117,172.31.36.0-255,66,74300,9,380978
46619,0.001156,74.125.24.0-255,1484,75784,9,380978
46620,0.001161,74.125.24.0-255,2902,78686,9,380978
46621,0.001165,172.31.36.0-255,66,78752,9,380978
46622,0.001175,74.125.24.0-255,4320,83072,9,380978
46623,0.001194,74.125.24.0-255,1484,84556,9,380978
46624,0.0012,74.125.24.0-255,5738,90294,9,380978
46625,0.001224,172.31.36.0-255,66,90360,9,380978
46626,0.001249,74.125.24.0-255,1125,91485,9,380978
46627,0.001315,74.125.24.0-255,645,92130,9,380978
46628,0.001318,172.31.36.0-255,66,92196,9,380978
46629,0.001641,74.125.24.0-255,1484,93680,9,380978
46630,0.001662,74.125.24.0-255,2902,96582,9,380978
46631,0.001666,172.31.36.0-255,66,96648,9,380978
46632,0.001673,74.125.24.0-255,4320,100968,9,380978
46633,0.001709,74.125.24.0-255,5738,106706,9,380978
46634,0.001727,74.125.24.0-255,2902,109608,9,380978
46635,0.00173,172.31.36.0-255,66,109674,9,380978
46636,0.001734,172.31.36.0-255,66,109740,9,380978
46637,0.001752,74.125.24.0-255,5738,115478,9,380978
46638,0.001783,74.125.24.0-255,4320,119798,9,380978
46639,0.001797,172.31.36.0-255,66,119864,9,380978
46640,0.00206,74.125.24.0-255,1484,121348,9,380978
46641,0.002068,74.125.24.0-255,1484,122832,9,380978
46642,0.002071,172.31.36.0-255,66,122898,9,380978
46643,0.002097,74.125.24.0-255,1484,124382,9,380978
46644,0.002101,74.125.24.0-255,2184,126566,9,380978
46645,0.002176,74.125.24.0-255,1484,128050,9,380978
46646,0.002192,74.125.24.0-255,2902,130952,9,380978
46647,0.002214,74.125.24.0-255,5738,136690,9,380978
46648,0.0023,74.125.24.0-255,4320,141010,9,380978
46649,0.008146,172.31.36.0-255,66,141076,9,380978
46650,0.010445,74.125.24.0-255,5738,146814,9,380978
46651,0.010461,172.31.36.0-255,66,146880,9,380978
46652,0.012745,74.125.24.0-255,5738,152618,9,380978
46653,0.012764,172.31.36.0-255,66,152684,9,380978
46654,0.015041,74.125.24.0-255,5738,158422,9,380978
46655,0.015063,172.31.36.0-255,66,158488,9,380978
46656,0.017385,74.125.24.0-255,5738,164226,9,380978
46657,0.017399,172.31.36.0-255,66,164292,9,380978
46658,0.019703,74.125.24.0-255,5738,170030,9,380978
46659,0.019713,172.31.36.0-255,66,170096,9,380978
46660,0.022027,74.125.24.0-255,5738,175834,9,380978
46661,0.022036,172.31.36.0-255,66,175900,9,380978
46662,0.024287,74.125.24.0-255,5738,181638,9,380978
46663,0.024298,172.31.36.0-255,66,181704,9,380978
46664,0.026594,74.125.24.0-255,5738,187442,9,380978
46665,0.026602,172.31.36.0-255,66,187508,9,380978
46666,0.028863,74.125.24.0-255,5738,193246,9,380978
46667,0.02887,172.31.36.0-255,66,193312,9,380978
46668,0.031171,74.125.24.0-255,5738,199050,9,380978
46669,0.031179,172.31.36.0-255,66,199116,9,380978
46670,0.033468,74.125.24.0-255,5738,204854,9,380978
46671,0.033482,172.31.36.0-255,66,204920,9,380978
46672,0.035724,74.125.24.0-255,5738,210658,9,380978
46673,0.035736,172.31.36.0-255,66,210724,9,380978
46674,0.037999,74.125.24.0-255,5738,216462,9,380978
46675,0.038008,172.31.36.0-255,66,216528,9,380978
46676,0.040233,172.31.36.0-255,172,216700,9,380978
46677,0.040276,74.125.24.0-255,5738,222438,9,380978
46678,0.040283,172.31.36.0-255,66,222504,9,380978
46679,0.04029,172.31.36.0-255,1117,223621,9,380978
46680,0.040382,172.31.36.0-255,1514,225135,9,380978
46681,0.040384,172.31.36.0-255,1514,226649,9,380978
46682,0.040391,172.31.36.0-255,1514,228163,9,380978
46683,0.040392,172.31.36.0-255,1514,229677,9,380978
46684,0.040421,172.31.36.0-255,1485,231162,9,380978
46685,0.0418,104.244.42.0-255,66,231228,9,380978
46686,0.041837,104.244.42.0-255,66,231294,9,380978
46687,0.04199,104.244.42.0-255,66,231360,9,380978
46688,0.042037,104.244.42.0-255,66,231426,9,380978
46689,0.042526,74.125.24.0-255,5738,237164,9,380978
46690,0.042533,172.31.36.0-255,66,237230,9,380978
46691,0.044821,74.125.24.0-255,5738,242968,9,380978
46692,0.044829,172.31.36.0-255,66,243034,9,380978
46693,0.047126,74.125.24.0-255,5738,248772,9,380978
46694,0.047131,172.31.36.0-255,66,248838,9,380978
46695,0.049416,74.125.24.0-255,4320,253158,9,380978
46696,0.049423,172.31.36.0-255,66,253224,9,380978
46697,0.049459,74.125.24.0-255,1484,254708,9,380978
46698,0.051678,74.125.24.0-255,4320,259028,9,380978
46699,0.051689,172.31.36.0-255,66,259094,9,380978
46700,0.053949,74.125.24.0-255,5738,264832,9,380978
46701,0.054004,172.31.36.0-255,66,264898,9,380978
46702,0.056252,74.125.24.0-255,5738,270636,9,380978
46703,0.056258,172.31.36.0-255,66,270702,9,380978
46704,0.058517,74.125.24.0-255,5738,276440,9,380978
46705,0.058523,172.31.36.0-255,66,276506,9,380978
46706,0.060778,74.125.24.0-255,5738,282244,9,380978
46707,0.060785,172.31.36.0-255,66,282310,9,380978
46708,0.063055,74.125.24.0-255,5738,288048,9,380978
46709,0.06306,172.31.36.0-255,66,288114,9,380978
46710,0.065366,74.125.24.0-255,5738,293852,9,380978
46711,0.065374,172.31.36.0-255,66,293918,9,380978
46712,0.067651,74.125.24.0-255,5738,299656,9,380978
46713,0.067666,172.31.36.0-255,66,299722,9,380978
46714,0.069938,74.125.24.0-255,5738,305460,9,380978
46715,0.069952,172.31.36.0-255,66,305526,9,380978
46716,0.072249,74.125.24.0-255,5738,311264,9,380978
46717,0.072266,172.31.36.0-255,66,311330,9,380978
46718,0.074591,74.125.24.0-255,5738,317068,9,380978
46719,0.074601,172.31.36.0-255,66,317134,9,380978
46720,0.076886,74.125.24.0-255,5738,322872,9,380978
46721,0.076901,172.31.36.0-255,66,322938,9,380978
46722,0.07919,74.125.24.0-255,5738,328676,9,380978
46723,0.079207,172.31.36.0-255,66,328742,9,380978
46724,0.081508,74.125.24.0-255,5738,334480,9,380978
46725,0.081523,172.31.36.0-255,66,334546,9,380978
46726,0.083793,74.125.24.0-255,5738,340284,9,380978
46727,0.083811,172.31.36.0-255,66,340350,9,380978
46728,0.086098,74.125.24.0-255,5738,346088,9,380978
46729,0.086115,172.31.36.0-255,66,346154,9,380978
46730,0.088414,74.125.24.0-255,5738,351892,9,380978
46731,0.088425,172.31.36.0-255,66,351958,9,380978
46732,0.09071,74.125.24.0-255,5738,357696,9,380978
46733,0.090717,172.31.36.0-255,66,357762,9,380978
46734,0.092981,74.125.24.0-255,5738,363500,9,380978
46735,0.092991,172.31.36.0-255,66,363566,9,380978
46736,0.095267,74.125.24.0-255,5738,369304,9,380978
46737,0.095273,172.31.36.0-255,66,369370,9,380978
46738,0.097539,74.125.24.0-255,5738,375108,9,380978
46739,0.097547,172.31.36.0-255,66,375174,9,380978
46740,0.099781,74.125.24.0-255,5738,380912,9,380978
46741,0.099788,172.31.36.0-255,66,380978,9,380978
46742,0.0,74.125.68.0-255,150,150,9,371326
46743,3.2e-05,172.31.36.0-255,66,216,9,371326
46744,4e-05,74.125.68.0-255,1484,1700,9,371326
46745,4.5e-05,172.31.36.0-255,66,1766,9,371326
46746,5e-05,74.125.68.0-255,2902,4668,9,371326
46747,6e-05,172.31.36.0-255,66,4734,9,371326
46748,6.8e-05,74.125.68.0-255,7156,11890,9,371326
46749,7e-05,172.31.36.0-255,66,11956,9,371326
46750,0.000107,74.125.68.0-255,5738,17694,9,371326
46751,0.00011,172.31.36.0-255,66,17760,9,371326
46752,0.000139,74.125.68.0-255,2058,19818,9,371326
46753,0.000143,172.31.36.0-255,66,19884,9,371326
46754,0.000151,74.125.68.0-255,7156,27040,9,371326
46755,0.000154,172.31.36.0-255,66,27106,9,371326
46756,0.000159,74.125.68.0-255,3961,31067,9,371326
46757,0.000162,172.31.36.0-255,66,31133,9,371326
46758,0.000289,74.125.68.0-255,1484,32617,9,371326
46759,0.000295,172.31.36.0-255,66,32683,9,371326
46760,0.000321,74.125.68.0-255,1484,34167,9,371326
46761,0.000324,172.31.36.0-255,66,34233,9,371326
46762,0.00033,74.125.68.0-255,2902,37135,9,371326
46763,0.000332,172.31.36.0-255,66,37201,9,371326
46764,0.000366,74.125.68.0-255,5738,42939,9,371326
46765,0.000369,172.31.36.0-255,66,43005,9,371326
46766,0.000374,74.125.68.0-255,2902,45907,9,371326
46767,0.000379,172.31.36.0-255,66,45973,9,371326
46768,0.00039,74.125.68.0-255,2543,48516,9,371326
46769,0.000393,172.31.36.0-255,66,48582,9,371326
46770,0.000422,74.125.68.0-255,1484,50066,9,371326
46771,0.000425,172.31.36.0-255,66,50132,9,371326
46772,0.00043,74.125.68.0-255,2902,53034,9,371326
46773,0.000432,172.31.36.0-255,66,53100,9,371326
46774,0.0005,74.125.68.0-255,5738,58838,9,371326
46775,0.000503,172.31.36.0-255,66,58904,9,371326
46776,0.000512,74.125.68.0-255,6797,65701,9,371326
46777,0.000514,172.31.36.0-255,66,65767,9,371326
46778,0.000516,74.125.68.0-255,397,66164,9,371326
46779,0.000665,74.125.68.0-255,346,66510,9,371326
46780,0.000854,172.31.36.0-255,66,66576,9,371326
46781,0.000949,74.125.68.0-255,1484,68060,9,371326
46782,0.000957,74.125.68.0-255,1484,69544,9,371326
46783,0.000961,172.31.36.0-255,66,69610,9,371326
46784,0.000966,74.125.68.0-255,2902,72512,9,371326
46785,0.000968,172.31.36.0-255,66,72578,9,371326
46786,0.000991,74.125.68.0-255,5738,78316,9,371326
46787,0.000993,172.31.36.0-255,66,78382,9,371326
46788,0.001024,74.125.68.0-255,2902,81284,9,371326
46789,0.001029,172.31.36.0-255,66,81350,9,371326
46790,0.001055,74.125.68.0-255,2543,83893,9,371326
46791,0.001059,172.31.36.0-255,66,83959,9,371326
46792,0.001789,74.125.68.0-255,1484,85443,9,371326
46793,0.001796,74.125.68.0-255,2902,88345,9,371326
46794,0.0018,172.31.36.0-255,66,88411,9,371326
46795,0.001828,74.125.68.0-255,2902,91313,9,371326
46796,0.00183,172.31.36.0-255,66,91379,9,371326
46797,0.001836,74.125.68.0-255,4320,95699,9,371326
46798,0.001838,172.31.36.0-255,66,95765,9,371326
46799,0.001883,74.125.68.0-255,5379,101144,9,371326
46800,0.001886,172.31.36.0-255,66,101210,9,371326
46801,0.002164,74.125.68.0-255,1484,102694,9,371326
46802,0.002178,74.125.68.0-255,1484,104178,9,371326
46803,0.00218,172.31.36.0-255,66,104244,9,371326
46804,0.002191,74.125.68.0-255,1484,105728,9,371326
46805,0.002197,74.125.68.0-255,1484,107212,9,371326
46806,0.002199,172.31.36.0-255,66,107278,9,371326
46807,0.002226,74.125.68.0-255,4320,111598,9,371326
46808,0.002228,172.31.36.0-255,66,111664,9,371326
46809,0.002236,74.125.68.0-255,7156,118820,9,371326
46810,0.002238,172.31.36.0-255,66,118886,9,371326
46811,0.002276,172.31.36.0-255,66,118952,9,371326
46812,0.002301,74.125.68.0-255,4320,123272,9,371326
46813,0.002304,172.31.36.0-255,66,123338,9,371326
46814,0.002328,74.125.68.0-255,3602,126940,9,371326
46815,0.00233,172.31.36.0-255,66,127006,9,371326
46816,0.004581,74.125.68.0-255,1484,128490,9,371326
46817,0.004602,74.125.68.0-255,1484,129974,9,371326
46818,0.004605,172.31.36.0-255,66,130040,9,371326
46819,0.004639,74.125.68.0-255,2902,132942,9,371326
46820,0.004641,172.31.36.0-255,66,133008,9,371326
46821,0.006899,74.125.68.0-255,2902,135910,9,371326
46822,0.006905,172.31.36.0-255,66,135976,9,371326
46823,0.00694,74.125.68.0-255,2902,138878,9,371326
46824,0.006944,172.31.36.0-255,66,138944,9,371326
46825,0.009207,74.125.68.0-255,2902,141846,9,371326
46826,0.009214,172.31.36.0-255,66,141912,9,371326
46827,0.00925,74.125.68.0-255,2902,144814,9,371326
46828,0.009254,172.31.36.0-255,66,144880,9,371326
46829,0.011531,74.125.68.0-255,2902,147782,9,371326
46830,0.011539,172.31.36.0-255,66,147848,9,371326
46831,0.011571,74.125.68.0-255,2902,150750,9,371326
46832,0.011575,172.31.36.0-255,66,150816,9,371326
46833,0.013835,74.125.68.0-255,2902,153718,9,371326
46834,0.013842,172.31.36.0-255,66,153784,9,371326
46835,0.013882,74.125.68.0-255,2902,156686,9,371326
46836,0.013884,172.31.36.0-255,66,156752,9,371326
46837,0.016147,74.125.68.0-255,2902,159654,9,371326
46838,0.016154,172.31.36.0-255,66,159720,9,371326
46839,0.016189,74.125.68.0-255,2902,162622,9,371326
46840,0.016192,172.31.36.0-255,66,162688,9,371326
46841,0.018457,74.125.68.0-255,2902,165590,9,371326
46842,0.018467,172.31.36.0-255,66,165656,9,371326
46843,0.018508,74.125.68.0-255,2902,168558,9,371326
46844,0.018512,172.31.36.0-255,66,168624,9,371326
46845,0.020755,74.125.68.0-255,2902,171526,9,371326
46846,0.020761,172.31.36.0-255,66,171592,9,371326
46847,0.02081,74.125.68.0-255,2902,174494,9,371326
46848,0.020815,172.31.36.0-255,66,174560,9,371326
46849,0.023063,74.125.68.0-255,2902,177462,9,371326
46850,0.023072,172.31.36.0-255,66,177528,9,371326
46851,0.023112,74.125.68.0-255,2902,180430,9,371326
46852,0.023116,172.31.36.0-255,66,180496,9,371326
46853,0.025389,74.125.68.0-255,2902,183398,9,371326
46854,0.025397,172.31.36.0-255,66,183464,9,371326
46855,0.02542,74.125.68.0-255,2902,186366,9,371326
46856,0.025424,172.31.36.0-255,66,186432,9,371326
46857,0.027703,74.125.68.0-255,2902,189334,9,371326
46858,0.02771,172.31.36.0-255,66,189400,9,371326
46859,0.027742,74.125.68.0-255,2902,192302,9,371326
46860,0.027745,172.31.36.0-255,66,192368,9,371326
46861,0.030017,74.125.68.0-255,2902,195270,9,371326
46862,0.030025,172.31.36.0-255,66,195336,9,371326
46863,0.030045,74.125.68.0-255,2902,198238,9,371326
46864,0.030049,172.31.36.0-255,66,198304,9,371326
46865,0.032334,74.125.68.0-255,2902,201206,9,371326
46866,0.03234,172.31.36.0-255,66,201272,9,371326
46867,0.032383,74.125.68.0-255,2902,204174,9,371326
46868,0.032387,172.31.36.0-255,66,204240,9,371326
46869,0.034646,74.125.68.0-255,2902,207142,9,371326
46870,0.034652,172.31.36.0-255,66,207208,9,371326
46871,0.03469,74.125.68.0-255,2902,210110,9,371326
46872,0.034695,172.31.36.0-255,66,210176,9,371326
46873,0.03697,74.125.68.0-255,4320,214496,9,371326
46874,0.036978,172.31.36.0-255,66,214562,9,371326
46875,0.037015,74.125.68.0-255,1484,216046,9,371326
46876,0.039295,74.125.68.0-255,4320,220366,9,371326
46877,0.039301,172.31.36.0-255,66,220432,9,371326
46878,0.041596,74.125.68.0-255,5738,226170,9,371326
46879,0.041605,172.31.36.0-255,66,226236,9,371326
46880,0.04394,74.125.68.0-255,5738,231974,9,371326
46881,0.043948,172.31.36.0-255,66,232040,9,371326
46882,0.04625,74.125.68.0-255,5738,237778,9,371326
46883,0.046258,172.31.36.0-255,66,237844,9,371326
46884,0.048581,74.125.68.0-255,5738,243582,9,371326
46885,0.048588,172.31.36.0-255,66,243648,9,371326
46886,0.0509,74.125.68.0-255,5738,249386,9,371326
46887,0.050907,172.31.36.0-255,66,249452,9,371326
46888,0.053214,74.125.68.0-255,5738,255190,9,371326
46889,0.053221,172.31.36.0-255,66,255256,9,371326
46890,0.055512,74.125.68.0-255,4320,259576,9,371326
46891,0.055519,172.31.36.0-255,66,259642,9,371326
46892,0.055551,74.125.68.0-255,1484,261126,9,371326
46893,0.057817,74.125.68.0-255,4320,265446,9,371326
46894,0.057824,172.31.36.0-255,66,265512,9,371326
46895,0.05937,172.31.36.0-255,172,265684,9,371326
46896,0.059399,172.31.36.0-255,1070,266754,9,371326
46897,0.060123,74.125.68.0-255,5738,272492,9,371326
46898,0.060131,172.31.36.0-255,66,272558,9,371326
46899,0.060933,104.244.42.0-255,66,272624,9,371326
46900,0.060971,104.244.42.0-255,66,272690,9,371326
46901,0.062425,74.125.68.0-255,5738,278428,9,371326
46902,0.062432,172.31.36.0-255,66,278494,9,371326
46903,0.064725,74.125.68.0-255,4320,282814,9,371326
46904,0.06473,172.31.36.0-255,66,282880,9,371326
46905,0.064767,74.125.68.0-255,1484,284364,9,371326
46906,0.067051,74.125.68.0-255,4320,288684,9,371326
46907,0.067056,172.31.36.0-255,66,288750,9,371326
46908,0.069382,74.125.68.0-255,2902,291652,9,371326
46909,0.069388,172.31.36.0-255,66,291718,9,371326
46910,0.069424,74.125.68.0-255,2902,294620,9,371326
46911,0.069427,172.31.36.0-255,66,294686,9,371326
46912,0.071704,74.125.68.0-255,5738,300424,9,371326
46913,0.071712,172.31.36.0-255,66,300490,9,371326
46914,0.074,74.125.68.0-255,2902,303392,9,371326
46915,0.074006,172.31.36.0-255,66,303458,9,371326
46916,0.074051,74.125.68.0-255,2902,306360,9,371326
46917,0.074054,172.31.36.0-255,66,306426,9,371326
46918,0.076326,74.125.68.0-255,2902,309328,9,371326
46919,0.076332,172.31.36.0-255,66,309394,9,371326
46920,0.076377,74.125.68.0-255,2902,312296,9,371326
46921,0.076381,172.31.36.0-255,66,312362,9,371326
46922,0.078626,74.125.68.0-255,2902,315264,9,371326
46923,0.078632,172.31.36.0-255,66,315330,9,371326
46924,0.078679,74.125.68.0-255,2902,318232,9,371326
46925,0.078685,172.31.36.0-255,66,318298,9,371326
46926,0.080932,74.125.68.0-255,2902,321200,9,371326
46927,0.080938,172.31.36.0-255,66,321266,9,371326
46928,0.080971,74.125.68.0-255,2902,324168,9,371326
46929,0.080973,172.31.36.0-255,66,324234,9,371326
46930,0.083228,74.125.68.0-255,2902,327136,9,371326
46931,0.083233,172.31.36.0-255,66,327202,9,371326
46932,0.083272,74.125.68.0-255,1484,328686,9,371326
46933,0.083288,74.125.68.0-255,1484,330170,9,371326
46934,0.083291,172.31.36.0-255,66,330236,9,371326
46935,0.085522,74.125.68.0-255,2902,333138,9,371326
46936,0.085527,172.31.36.0-255,66,333204,9,371326
46937,0.085575,74.125.68.0-255,2902,336106,9,371326
46938,0.085579,172.31.36.0-255,66,336172,9,371326
46939,0.08781,74.125.68.0-255,2902,339074,9,371326
46940,0.087815,172.31.36.0-255,66,339140,9,371326
46941,0.087863,74.125.68.0-255,2902,342042,9,371326
46942,0.087867,172.31.36.0-255,66,342108,9,371326
46943,0.090112,74.125.68.0-255,2902,345010,9,371326
46944,0.090119,172.31.36.0-255,66,345076,9,371326
46945,0.090158,74.125.68.0-255,2902,347978,9,371326
46946,0.090161,172.31.36.0-255,66,348044,9,371326
46947,0.092406,74.125.68.0-255,1484,349528,9,371326
46948,0.092444,74.125.68.0-255,4320,353848,9,371326
46949,0.09245,172.31.36.0-255,66,353914,9,371326
46950,0.094751,74.125.68.0-255,5738,359652,9,371326
46951,0.094757,172.31.36.0-255,66,359718,9,371326
46952,0.097053,74.125.68.0-255,5738,365456,9,371326
46953,0.097065,172.31.36.0-255,66,365522,9,371326
46954,0.099365,74.125.68.0-255,5738,371260,9,371326
46955,0.099372,172.31.36.0-255,66,371326,9,371326
46956,0.0,172.217.194.0-255,153,153,9,337106
46957,3.1e-05,172.31.36.0-255,66,219,9,337106
46958,3.9e-05,172.217.194.0-255,1484,1703,9,337106
46959,4.4e-05,172.31.36.0-255,66,1769,9,337106
46960,4.9e-05,172.217.194.0-255,2902,4671,9,337106
46961,5.9e-05,172.31.36.0-255,66,4737,9,337106
46962,6.6e-05,172.217.194.0-255,7156,11893,9,337106
46963,6.9e-05,172.31.36.0-255,66,11959,9,337106
46964,7.3e-05,172.217.194.0-255,2067,14026,9,337106
46965,7.5e-05,172.31.36.0-255,66,14092,9,337106
46966,0.000128,172.217.194.0-255,1484,15576,9,337106
46967,0.000132,172.31.36.0-255,66,15642,9,337106
46968,0.000137,172.217.194.0-255,2902,18544,9,337106
46969,0.00014,172.31.36.0-255,66,18610,9,337106
46970,0.000143,172.217.194.0-255,1484,20094,9,337106
46971,0.000144,172.31.36.0-255,66,20160,9,337106
46972,0.000187,172.217.194.0-255,4320,24480,9,337106
46973,0.00019,172.31.36.0-255,66,24546,9,337106
46974,0.000195,172.217.194.0-255,2902,27448,9,337106
46975,0.000197,172.31.36.0-255,66,27514,9,337106
46976,0.000227,172.217.194.0-255,3961,31475,9,337106
46977,0.00023,172.31.36.0-255,66,31541,9,337106
46978,0.000287,172.217.194.0-255,1484,33025,9,337106
46979,0.000291,172.31.36.0-255,66,33091,9,337106
46980,0.000296,172.217.194.0-255,2902,35993,9,337106
46981,0.000298,172.31.36.0-255,66,36059,9,337106
46982,0.000325,172.217.194.0-255,5738,41797,9,337106
46983,0.000328,172.31.36.0-255,66,41863,9,337106
46984,0.00036,172.217.194.0-255,2902,44765,9,337106
46985,0.000363,172.31.36.0-255,66,44831,9,337106
46986,0.000381,172.217.194.0-255,3961,48792,9,337106
46987,0.000384,172.31.36.0-255,66,48858,9,337106
46988,0.000463,172.217.194.0-255,1484,50342,9,337106
46989,0.000484,172.217.194.0-255,2902,53244,9,337106
46990,0.000487,172.31.36.0-255,66,53310,9,337106
46991,0.000492,172.217.194.0-255,2902,56212,9,337106
46992,0.000494,172.31.36.0-255,66,56278,9,337106
46993,0.000525,172.217.194.0-255,2902,59180,9,337106
46994,0.000531,172.217.194.0-255,4320,63500,9,337106
46995,0.000531,172.31.36.0-255,66,63566,9,337106
46996,0.000535,172.31.36.0-255,66,63632,9,337106
46997,0.000558,172.217.194.0-255,2854,66486,9,337106
46998,0.000561,172.31.36.0-255,66,66552,9,337106
46999,0.000593,172.217.194.0-255,366,66918,9,337106
47000,0.00065,172.217.194.0-255,1484,68402,9,337106
47001,0.000654,172.31.36.0-255,66,68468,9,337106
47002,0.000659,172.217.194.0-255,2902,71370,9,337106
47003,0.000662,172.31.36.0-255,66,71436,9,337106
47004,0.000683,172.217.194.0-255,5738,77174,9,337106
47005,0.000686,172.31.36.0-255,66,77240,9,337106
47006,0.00069,172.217.194.0-255,1484,78724,9,337106
47007,0.000741,172.31.36.0-255,66,78790,9,337106
47008,0.000755,172.31.36.0-255,66,78856,9,337106
47009,0.001219,172.217.194.0-255,1484,80340,9,337106
47010,0.001228,172.217.194.0-255,2902,83242,9,337106
47011,0.001231,172.31.36.0-255,66,83308,9,337106
47012,0.001236,172.217.194.0-255,1484,84792,9,337106
47013,0.001255,172.217.194.0-255,4320,89112,9,337106
47014,0.001257,172.31.36.0-255,66,89178,9,337106
47015,0.001293,172.31.36.0-255,66,89244,9,337106
47016,0.001306,172.31.36.0-255,66,89310,9,337106
47017,0.001335,172.217.194.0-255,766,90076,9,337106
47018,0.0014,172.217.194.0-255,1484,91560,9,337106
47019,0.001403,172.31.36.0-255,66,91626,9,337106
47020,0.001409,172.217.194.0-255,2902,94528,9,337106
47021,0.001411,172.31.36.0-255,66,94594,9,337106
47022,0.001416,172.217.194.0-255,2902,97496,9,337106
47023,0.001423,172.31.36.0-255,66,97562,9,337106
47024,0.001454,172.217.194.0-255,2902,100464,9,337106
47025,0.001458,172.31.36.0-255,66,100530,9,337106
47026,0.001466,172.217.194.0-255,7156,107686,9,337106
47027,0.001468,172.31.36.0-255,66,107752,9,337106
47028,0.001499,172.217.194.0-255,5738,113490,9,337106
47029,0.001503,172.31.36.0-255,66,113556,9,337106
47030,0.001514,172.31.36.0-255,66,113622,9,337106
47031,0.001697,172.217.194.0-255,1484,115106,9,337106
47032,0.001704,172.217.194.0-255,2902,118008,9,337106
47033,0.001708,172.31.36.0-255,66,118074,9,337106
47034,0.001715,172.217.194.0-255,5738,123812,9,337106
47035,0.001719,172.31.36.0-255,66,123878,9,337106
47036,0.001767,172.31.36.0-255,66,123944,9,337106
47037,0.001779,172.31.36.0-255,66,124010,9,337106
47038,0.001809,172.217.194.0-255,2902,126912,9,337106
47039,0.001812,172.31.36.0-255,66,126978,9,337106
47040,0.001817,172.217.194.0-255,4320,131298,9,337106
47041,0.00182,172.31.36.0-255,66,131364,9,337106
47042,0.001826,172.217.194.0-255,5738,137102,9,337106
47043,0.001829,172.31.36.0-255,66,137168,9,337106
47044,0.001857,172.217.194.0-255,2902,140070,9,337106
47045,0.001859,172.31.36.0-255,66,140136,9,337106
47046,0.001876,172.31.36.0-255,66,140202,9,337106
47047,0.001906,172.217.194.0-255,5020,145222,9,337106
47048,0.001909,172.31.36.0-255,66,145288,9,337106
47049,0.003955,172.217.194.0-255,5738,151026,9,337106
47050,0.003957,172.31.36.0-255,66,151092,9,337106
47051,0.00606,172.217.194.0-255,5738,156830,9,337106
47052,0.006067,172.31.36.0-255,66,156896,9,337106
47053,0.008163,172.217.194.0-255,5738,162634,9,337106
47054,0.008168,172.31.36.0-255,66,162700,9,337106
47055,0.010266,172.217.194.0-255,5738,168438,9,337106
47056,0.010274,172.31.36.0-255,66,168504,9,337106
47057,0.012353,172.217.194.0-255,5738,174242,9,337106
47058,0.012361,172.31.36.0-255,66,174308,9,337106
47059,0.014449,172.217.194.0-255,5738,180046,9,337106
47060,0.014462,172.31.36.0-255,66,180112,9,337106
47061,0.016524,172.217.194.0-255,5738,185850,9,337106
47062,0.016533,172.31.36.0-255,66,185916,9,337106
47063,0.018628,172.217.194.0-255,5738,191654,9,337106
47064,0.018635,172.31.36.0-255,66,191720,9,337106
47065,0.020771,172.217.194.0-255,5738,197458,9,337106
47066,0.020778,172.31.36.0-255,66,197524,9,337106
47067,0.02283,172.217.194.0-255,5738,203262,9,337106
47068,0.022837,172.31.36.0-255,66,203328,9,337106
47069,0.024907,172.217.194.0-255,5738,209066,9,337106
47070,0.024913,172.31.36.0-255,66,209132,9,337106
47071,0.02698,172.217.194.0-255,5738,214870,9,337106
47072,0.026987,172.31.36.0-255,66,214936,9,337106
47073,0.027777,172.31.36.0-255,172,215108,9,337106
47074,0.027822,172.31.36.0-255,1116,216224,9,337106
47075,0.027899,172.31.36.0-255,1514,217738,9,337106
47076,0.027901,172.31.36.0-255,1514,219252,9,337106
47077,0.027906,172.31.36.0-255,1514,220766,9,337106
47078,0.027907,172.31.36.0-255,1063,221829,9,337106
47079,0.029047,172.217.194.0-255,5738,227567,9,337106
47080,0.029052,172.31.36.0-255,66,227633,9,337106
47081,0.029336,104.244.42.0-255,66,227699,9,337106
47082,0.0294,104.244.42.0-255,66,227765,9,337106
47083,0.029477,104.244.42.0-255,66,227831,9,337106
47084,0.02948,104.244.42.0-255,66,227897,9,337106
47085,0.031108,172.217.194.0-255,4320,232217,9,337106
47086,0.031114,172.31.36.0-255,66,232283,9,337106
47087,0.031151,172.217.194.0-255,1484,233767,9,337106
47088,0.033212,172.217.194.0-255,4320,238087,9,337106
47089,0.033217,172.31.36.0-255,66,238153,9,337106
47090,0.035307,172.217.194.0-255,5738,243891,9,337106
47091,0.035314,172.31.36.0-255,66,243957,9,337106
47092,0.037364,172.217.194.0-255,5738,249695,9,337106
47093,0.03737,172.31.36.0-255,66,249761,9,337106
47094,0.039434,172.217.194.0-255,5738,255499,9,337106
47095,0.039439,172.31.36.0-255,66,255565,9,337106
47096,0.041533,172.217.194.0-255,5738,261303,9,337106
47097,0.041538,172.31.36.0-255,66,261369,9,337106
47098,0.04359,172.217.194.0-255,5738,267107,9,337106
47099,0.043596,172.31.36.0-255,66,267173,9,337106
47100,0.045669,172.217.194.0-255,5738,272911,9,337106
47101,0.045674,172.31.36.0-255,66,272977,9,337106
47102,0.047742,172.217.194.0-255,5738,278715,9,337106
47103,0.047747,172.31.36.0-255,66,278781,9,337106
47104,0.049815,172.217.194.0-255,1484,280265,9,337106
47105,0.049849,172.217.194.0-255,4320,284585,9,337106
47106,0.049854,172.31.36.0-255,66,284651,9,337106
47107,0.051927,172.217.194.0-255,2902,287553,9,337106
47108,0.051932,172.31.36.0-255,66,287619,9,337106
47109,0.051968,172.217.194.0-255,2902,290521,9,337106
47110,0.051972,172.31.36.0-255,66,290587,9,337106
47111,0.05402,172.217.194.0-255,4320,294907,9,337106
47112,0.054025,172.31.36.0-255,66,294973,9,337106
47113,0.054059,172.217.194.0-255,1484,296457,9,337106
47114,0.056075,172.217.194.0-255,4320,300777,9,337106
47115,0.05608,172.31.36.0-255,66,300843,9,337106
47116,0.058118,172.217.194.0-255,2902,303745,9,337106
47117,0.058124,172.31.36.0-255,66,303811,9,337106
47118,0.058154,172.217.194.0-255,2902,306713,9,337106
47119,0.058157,172.31.36.0-255,66,306779,9,337106
47120,0.060225,172.217.194.0-255,5738,312517,9,337106
47121,0.06023,172.31.36.0-255,66,312583,9,337106
47122,0.062296,172.217.194.0-255,4320,316903,9,337106
47123,0.062301,172.31.36.0-255,66,316969,9,337106
47124,0.062335,172.217.194.0-255,1484,318453,9,337106
47125,0.064375,172.217.194.0-255,2902,321355,9,337106
47126,0.06438,172.31.36.0-255,66,321421,9,337106
47127,0.064413,172.217.194.0-255,1484,322905,9,337106
47128,0.066444,172.217.194.0-255,4320,327225,9,337106
47129,0.06645,172.31.36.0-255,66,327291,9,337106
47130,0.068517,172.217.194.0-255,5738,333029,9,337106
47131,0.068524,172.31.36.0-255,66,333095,9,337106
47132,0.070593,172.217.194.0-255,3774,336869,9,337106
47133,0.070599,172.31.36.0-255,66,336935,9,337106
47134,0.070798,172.31.36.0-255,105,337040,9,337106
47135,0.07281,172.217.194.0-255,66,337106,9,337106
47136,0.0,74.125.24.0-255,153,153,9,372779
47137,3.2e-05,172.31.36.0-255,66,219,9,372779
47138,3.9e-05,74.125.24.0-255,1484,1703,9,372779
47139,4.4e-05,172.31.36.0-255,66,1769,9,372779
47140,4.8e-05,74.125.24.0-255,2902,4671,9,372779
47141,5.1e-05,172.31.36.0-255,66,4737,9,372779
47142,5.8e-05,74.125.24.0-255,7156,11893,9,372779
47143,6.1e-05,172.31.36.0-255,66,11959,9,372779
47144,6.4e-05,74.125.24.0-255,2033,13992,9,372779
47145,6.7e-05,172.31.36.0-255,66,14058,9,372779
47146,0.000155,74.125.24.0-255,1484,15542,9,372779
47147,0.000159,172.31.36.0-255,66,15608,9,372779
47148,0.000179,74.125.24.0-255,2902,18510,9,372779
47149,0.000182,172.31.36.0-255,66,18576,9,372779
47150,0.000186,74.125.24.0-255,2902,21478,9,372779
47151,0.000189,172.31.36.0-255,66,21544,9,372779
47152,0.000205,74.125.24.0-255,2902,24446,9,372779
47153,0.000207,172.31.36.0-255,66,24512,9,372779
47154,0.00021,74.125.24.0-255,1484,25996,9,372779
47155,0.000213,172.31.36.0-255,66,26062,9,372779
47156,0.00023,74.125.24.0-255,5379,31441,9,372779
47157,0.000233,172.31.36.0-255,66,31507,9,372779
47158,0.000322,74.125.24.0-255,1484,32991,9,372779
47159,0.000326,172.31.36.0-255,66,33057,9,372779
47160,0.000331,74.125.24.0-255,2902,35959,9,372779
47161,0.000334,172.31.36.0-255,66,36025,9,372779
47162,0.000341,74.125.24.0-255,5738,41763,9,372779
47163,0.000343,172.31.36.0-255,66,41829,9,372779
47164,0.00037,74.125.24.0-255,6797,48626,9,372779
47165,0.000375,172.31.36.0-255,66,48692,9,372779
47166,0.000747,74.125.24.0-255,1484,50176,9,372779
47167,0.000751,172.31.36.0-255,66,50242,9,372779
47168,0.00076,74.125.24.0-255,2902,53144,9,372779
47169,0.000762,172.31.36.0-255,66,53210,9,372779
47170,0.000767,74.125.24.0-255,2902,56112,9,372779
47171,0.000769,172.31.36.0-255,66,56178,9,372779
47172,0.000796,74.125.24.0-255,2902,59080,9,372779
47173,0.000799,172.31.36.0-255,66,59146,9,372779
47174,0.000805,74.125.24.0-255,4320,63466,9,372779
47175,0.000807,172.31.36.0-255,66,63532,9,372779
47176,0.000822,74.125.24.0-255,2543,66075,9,372779
47177,0.000825,172.31.36.0-255,66,66141,9,372779
47178,0.00091,74.125.24.0-255,1484,67625,9,372779
47179,0.000916,74.125.24.0-255,2902,70527,9,372779
47180,0.000919,172.31.36.0-255,66,70593,9,372779
47181,0.000955,74.125.24.0-255,5738,76331,9,372779
47182,0.000959,172.31.36.0-255,66,76397,9,372779
47183,0.000987,74.125.24.0-255,6797,83194,9,372779
47184,0.00099,172.31.36.0-255,66,83260,9,372779
47185,0.001025,74.125.24.0-255,7156,90416,9,372779
47186,0.001028,172.31.36.0-255,66,90482,9,372779
47187,0.001042,172.31.36.0-255,66,90548,9,372779
47188,0.001066,74.125.24.0-255,646,91194,9,372779
47189,0.001461,74.125.24.0-255,1484,92678,9,372779
47190,0.001467,172.31.36.0-255,66,92744,9,372779
47191,0.001473,74.125.24.0-255,2902,95646,9,372779
47192,0.001476,172.31.36.0-255,66,95712,9,372779
47193,0.001481,74.125.24.0-255,4320,100032,9,372779
47194,0.001483,172.31.36.0-255,66,100098,9,372779
47195,0.00151,74.125.24.0-255,1484,101582,9,372779
47196,0.001522,172.31.36.0-255,66,101648,9,372779
47197,0.001542,74.125.24.0-255,5738,107386,9,372779
47198,0.001544,172.31.36.0-255,66,107452,9,372779
47199,0.001569,172.31.36.0-255,66,107518,9,372779
47200,0.002109,74.125.24.0-255,1484,109002,9,372779
47201,0.002113,74.125.24.0-255,1484,110486,9,372779
47202,0.002116,172.31.36.0-255,66,110552,9,372779
47203,0.002132,74.125.24.0-255,1484,112036,9,372779
47204,0.002138,74.125.24.0-255,5738,117774,9,372779
47205,0.00214,172.31.36.0-255,66,117840,9,372779
47206,0.002145,74.125.24.0-255,2902,120742,9,372779
47207,0.002147,172.31.36.0-255,66,120808,9,372779
47208,0.002163,74.125.24.0-255,5738,126546,9,372779
47209,0.002165,172.31.36.0-255,66,126612,9,372779
47210,0.002186,74.125.24.0-255,4320,130932,9,372779
47211,0.002188,172.31.36.0-255,66,130998,9,372779
47212,0.002218,172.31.36.0-255,66,131064,9,372779
47213,0.004499,74.125.24.0-255,5738,136802,9,372779
47214,0.004506,172.31.36.0-255,66,136868,9,372779
47215,0.006763,74.125.24.0-255,5738,142606,9,372779
47216,0.006768,172.31.36.0-255,66,142672,9,372779
47217,0.00907,74.125.24.0-255,5738,148410,9,372779
47218,0.009077,172.31.36.0-255,66,148476,9,372779
47219,0.011338,74.125.24.0-255,5738,154214,9,372779
47220,0.011345,172.31.36.0-255,66,154280,9,372779
47221,0.013594,74.125.24.0-255,5738,160018,9,372779
47222,0.013599,172.31.36.0-255,66,160084,9,372779
47223,0.015872,74.125.24.0-255,5738,165822,9,372779
47224,0.01588,172.31.36.0-255,66,165888,9,372779
47225,0.018152,74.125.24.0-255,5738,171626,9,372779
47226,0.018161,172.31.36.0-255,66,171692,9,372779
47227,0.02044,74.125.24.0-255,5738,177430,9,372779
47228,0.020449,172.31.36.0-255,66,177496,9,372779
47229,0.022726,74.125.24.0-255,5738,183234,9,372779
47230,0.022731,172.31.36.0-255,66,183300,9,372779
47231,0.025005,74.125.24.0-255,5738,189038,9,372779
47232,0.025011,172.31.36.0-255,66,189104,9,372779
47233,0.027304,74.125.24.0-255,5738,194842,9,372779
47234,0.027311,172.31.36.0-255,66,194908,9,372779
47235,0.029577,74.125.24.0-255,5738,200646,9,372779
47236,0.029584,172.31.36.0-255,66,200712,9,372779
47237,0.031837,74.125.24.0-255,5738,206450,9,372779
47238,0.031845,172.31.36.0-255,66,206516,9,372779
47239,0.033056,172.31.36.0-255,172,206688,9,372779
47240,0.03309,172.31.36.0-255,1070,207758,9,372779
47241,0.034122,74.125.24.0-255,5738,213496,9,372779
47242,0.034129,172.31.36.0-255,66,213562,9,372779
47243,0.034588,104.244.42.0-255,66,213628,9,372779
47244,0.034628,104.244.42.0-255,66,213694,9,372779
47245,0.036429,74.125.24.0-255,5738,219432,9,372779
47246,0.036435,172.31.36.0-255,66,219498,9,372779
47247,0.038715,74.125.24.0-255,5738,225236,9,372779
47248,0.038721,172.31.36.0-255,66,225302,9,372779
47249,0.040978,74.125.24.0-255,5738,231040,9,372779
47250,0.041,172.31.36.0-255,66,231106,9,372779
47251,0.043252,74.125.24.0-255,5738,236844,9,372779
47252,0.043256,172.31.36.0-255,66,236910,9,372779
47253,0.043365,172.31.36.0-255,101,237011,9,372779
47254,0.045513,74.125.24.0-255,5738,242749,9,372779
47255,0.045517,172.31.36.0-255,66,242815,9,372779
47256,0.04558,74.125.24.0-255,66,242881,9,372779
47257,0.047798,74.125.24.0-255,5738,248619,9,372779
47258,0.047803,172.31.36.0-255,66,248685,9,372779
47259,0.05009,74.125.24.0-255,5738,254423,9,372779
47260,0.050095,172.31.36.0-255,66,254489,9,372779
47261,0.052359,74.125.24.0-255,5738,260227,9,372779
47262,0.052366,172.31.36.0-255,66,260293,9,372779
47263,0.054646,74.125.24.0-255,5738,266031,9,372779
47264,0.054651,172.31.36.0-255,66,266097,9,372779
47265,0.056894,74.125.24.0-255,5738,271835,9,372779
47266,0.0569,172.31.36.0-255,66,271901,9,372779
47267,0.059154,74.125.24.0-255,5738,277639,9,372779
47268,0.059159,172.31.36.0-255,66,277705,9,372779
47269,0.06142,74.125.24.0-255,4320,282025,9,372779
47270,0.061424,172.31.36.0-255,66,282091,9,372779
47271,0.061455,74.125.24.0-255,1484,283575,9,372779
47272,0.06367,74.125.24.0-255,4320,287895,9,372779
47273,0.063674,172.31.36.0-255,66,287961,9,372779
47274,0.065924,74.125.24.0-255,4320,292281,9,372779
47275,0.065929,172.31.36.0-255,66,292347,9,372779
47276,0.065964,74.125.24.0-255,1484,293831,9,372779
47277,0.06819,74.125.24.0-255,4320,298151,9,372779
47278,0.068196,172.31.36.0-255,66,298217,9,372779
47279,0.070461,74.125.24.0-255,5738,303955,9,372779
47280,0.070465,172.31.36.0-255,66,304021,9,372779
47281,0.072703,74.125.24.0-255,4320,308341,9,372779
47282,0.072707,172.31.36.0-255,66,308407,9,372779
47283,0.072734,74.125.24.0-255,1484,309891,9,372779
47284,0.074984,74.125.24.0-255,4320,314211,9,372779
47285,0.074988,172.31.36.0-255,66,314277,9,372779
47286,0.077264,74.125.24.0-255,5738,320015,9,372779
47287,0.07727,172.31.36.0-255,66,320081,9,372779
47288,0.079542,74.125.24.0-255,5738,325819,9,372779
47289,0.079548,172.31.36.0-255,66,325885,9,372779
47290,0.081822,74.125.24.0-255,5738,331623,9,372779
47291,0.081827,172.31.36.0-255,66,331689,9,372779
47292,0.08414,74.125.24.0-255,1484,333173,9,372779
47293,0.084168,74.125.24.0-255,4320,337493,9,372779
47294,0.084172,172.31.36.0-255,66,337559,9,372779
47295,0.086462,74.125.24.0-255,5738,343297,9,372779
47296,0.086468,172.31.36.0-255,66,343363,9,372779
47297,0.088748,74.125.24.0-255,5738,349101,9,372779
47298,0.088754,172.31.36.0-255,66,349167,9,372779
47299,0.091018,74.125.24.0-255,5738,354905,9,372779
47300,0.091023,172.31.36.0-255,66,354971,9,372779
47301,0.093269,74.125.24.0-255,2902,357873,9,372779
47302,0.093274,172.31.36.0-255,66,357939,9,372779
47303,0.093303,74.125.24.0-255,2902,360841,9,372779
47304,0.093307,172.31.36.0-255,66,360907,9,372779
47305,0.095544,74.125.24.0-255,2902,363809,9,372779
47306,0.095549,172.31.36.0-255,66,363875,9,372779
47307,0.095579,74.125.24.0-255,2902,366777,9,372779
47308,0.095582,172.31.36.0-255,66,366843,9,372779
47309,0.097804,74.125.24.0-255,2902,369745,9,372779
47310,0.097808,172.31.36.0-255,66,369811,9,372779
47311,0.097842,74.125.24.0-255,2902,372713,9,372779
47312,0.097845,172.31.36.0-255,66,372779,9,372779
47313,0.0,172.253.118.0-255,153,153,9,381632
47314,2.4e-05,172.31.36.0-255,66,219,9,381632
47315,3.1e-05,172.253.118.0-255,1484,1703,9,381632
47316,3.6e-05,172.31.36.0-255,66,1769,9,381632
47317,4.2e-05,172.253.118.0-255,2902,4671,9,381632
47318,4.6e-05,172.31.36.0-255,66,4737,9,381632
47319,4.9e-05,172.253.118.0-255,1484,6221,9,381632
47320,5.1e-05,172.31.36.0-255,66,6287,9,381632
47321,5.6e-05,172.253.118.0-255,1484,7771,9,381632
47322,5.8e-05,172.31.36.0-255,66,7837,9,381632
47323,8.2e-05,172.253.118.0-255,1484,9321,9,381632
47324,8.5e-05,172.31.36.0-255,66,9387,9,381632
47325,9.1e-05,172.253.118.0-255,2902,12289,9,381632
47326,9.3e-05,172.31.36.0-255,66,12355,9,381632
47327,0.000112,172.253.118.0-255,3376,15731,9,381632
47328,0.000115,172.31.36.0-255,66,15797,9,381632
47329,0.000123,172.253.118.0-255,7156,22953,9,381632
47330,0.000125,172.31.36.0-255,66,23019,9,381632
47331,0.000152,172.253.118.0-255,4320,27339,9,381632
47332,0.000155,172.31.36.0-255,66,27405,9,381632
47333,0.000176,172.253.118.0-255,3961,31366,9,381632
47334,0.000179,172.31.36.0-255,66,31432,9,381632
47335,0.000311,172.253.118.0-255,1484,32916,9,381632
47336,0.000314,172.31.36.0-255,66,32982,9,381632
47337,0.000336,172.253.118.0-255,2902,35884,9,381632
47338,0.000339,172.31.36.0-255,66,35950,9,381632
47339,0.000344,172.253.118.0-255,2902,38852,9,381632
47340,0.000346,172.31.36.0-255,66,38918,9,381632
47341,0.00036,172.253.118.0-255,2902,41820,9,381632
47342,0.000363,172.31.36.0-255,66,41886,9,381632
47343,0.000397,172.253.118.0-255,5738,47624,9,381632
47344,0.0004,172.31.36.0-255,66,47690,9,381632
47345,0.000424,172.253.118.0-255,5379,53069,9,381632
47346,0.000427,172.31.36.0-255,66,53135,9,381632
47347,0.000433,172.253.118.0-255,4320,57455,9,381632
47348,0.000435,172.31.36.0-255,66,57521,9,381632
47349,0.000472,172.31.36.0-255,66,57587,9,381632
47350,0.0005,172.253.118.0-255,646,58233,9,381632
47351,0.000644,172.253.118.0-255,1484,59717,9,381632
47352,0.000648,172.31.36.0-255,66,59783,9,381632
47353,0.000653,172.253.118.0-255,2902,62685,9,381632
47354,0.000656,172.31.36.0-255,66,62751,9,381632
47355,0.00069,172.253.118.0-255,5738,68489,9,381632
47356,0.000693,172.31.36.0-255,66,68555,9,381632
47357,0.000697,172.253.118.0-255,1484,70039,9,381632
47358,0.000717,172.253.118.0-255,6797,76836,9,381632
47359,0.00072,172.31.36.0-255,66,76902,9,381632
47360,0.000728,172.253.118.0-255,7156,84058,9,381632
47361,0.000731,172.31.36.0-255,66,84124,9,381632
47362,0.000747,172.253.118.0-255,1484,85608,9,381632
47363,0.00075,172.253.118.0-255,1484,87092,9,381632
47364,0.000752,172.31.36.0-255,66,87158,9,381632
47365,0.000776,172.253.118.0-255,5379,92537,9,381632
47366,0.000779,172.31.36.0-255,66,92603,9,381632
47367,0.001188,172.253.118.0-255,1484,94087,9,381632
47368,0.001195,172.253.118.0-255,2902,96989,9,381632
47369,0.001199,172.31.36.0-255,66,97055,9,381632
47370,0.001205,172.253.118.0-255,2902,99957,9,381632
47371,0.001207,172.31.36.0-255,66,100023,9,381632
47372,0.001222,172.253.118.0-255,2902,102925,9,381632
47373,0.001225,172.31.36.0-255,66,102991,9,381632
47374,0.001229,172.253.118.0-255,2902,105893,9,381632
47375,0.001231,172.31.36.0-255,66,105959,9,381632
47376,0.001258,172.253.118.0-255,7156,113115,9,381632
47377,0.001272,172.31.36.0-255,66,113181,9,381632
47378,0.00128,172.31.36.0-255,66,113247,9,381632
47379,0.001283,172.253.118.0-255,1484,114731,9,381632
47380,0.001288,172.253.118.0-255,2184,116915,9,381632
47381,0.00129,172.31.36.0-255,66,116981,9,381632
47382,0.001503,172.253.118.0-255,1484,118465,9,381632
47383,0.001509,172.253.118.0-255,2902,121367,9,381632
47384,0.001512,172.31.36.0-255,66,121433,9,381632
47385,0.001536,172.253.118.0-255,5738,127171,9,381632
47386,0.001539,172.31.36.0-255,66,127237,9,381632
47387,0.001544,172.253.118.0-255,2902,130139,9,381632
47388,0.001546,172.31.36.0-255,66,130205,9,381632
47389,0.001583,172.253.118.0-255,4320,134525,9,381632
47390,0.001586,172.31.36.0-255,66,134591,9,381632
47391,0.001609,172.253.118.0-255,5738,140329,9,381632
47392,0.001612,172.31.36.0-255,66,140395,9,381632
47393,0.001624,172.31.36.0-255,66,140461,9,381632
47394,0.003962,172.253.118.0-255,5738,146199,9,381632
47395,0.003985,172.31.36.0-255,66,146265,9,381632
47396,0.006329,172.253.118.0-255,2902,149167,9,381632
47397,0.006333,172.31.36.0-255,66,149233,9,381632
47398,0.006352,172.253.118.0-255,2902,152135,9,381632
47399,0.006354,172.31.36.0-255,66,152201,9,381632
47400,0.008679,172.253.118.0-255,2902,155103,9,381632
47401,0.008686,172.31.36.0-255,66,155169,9,381632
47402,0.008708,172.253.118.0-255,2902,158071,9,381632
47403,0.00871,172.31.36.0-255,66,158137,9,381632
47404,0.011055,172.253.118.0-255,2902,161039,9,381632
47405,0.011063,172.31.36.0-255,66,161105,9,381632
47406,0.011086,172.253.118.0-255,2902,164007,9,381632
47407,0.011088,172.31.36.0-255,66,164073,9,381632
47408,0.013429,172.253.118.0-255,5738,169811,9,381632
47409,0.013438,172.31.36.0-255,66,169877,9,381632
47410,0.015792,172.253.118.0-255,5738,175615,9,381632
47411,0.0158,172.31.36.0-255,66,175681,9,381632
47412,0.018145,172.253.118.0-255,5738,181419,9,381632
47413,0.018152,172.31.36.0-255,66,181485,9,381632
47414,0.020519,172.253.118.0-255,5738,187223,9,381632
47415,0.020528,172.31.36.0-255,66,187289,9,381632
47416,0.022897,172.253.118.0-255,5738,193027,9,381632
47417,0.022906,172.31.36.0-255,66,193093,9,381632
47418,0.025292,172.253.118.0-255,5738,198831,9,381632
47419,0.025305,172.31.36.0-255,66,198897,9,381632
47420,0.027658,172.253.118.0-255,5738,204635,9,381632
47421,0.027665,172.31.36.0-255,66,204701,9,381632
47422,0.030012,172.253.118.0-255,5738,210439,9,381632
47423,0.030019,172.31.36.0-255,66,210505,9,381632
47424,0.032399,172.253.118.0-255,5738,216243,9,381632
47425,0.032407,172.31.36.0-255,66,216309,9,381632
47426,0.034769,172.253.118.0-255,5738,222047,9,381632
47427,0.034777,172.31.36.0-255,66,222113,9,381632
47428,0.03715,172.253.118.0-255,5738,227851,9,381632
47429,0.037157,172.31.36.0-255,66,227917,9,381632
47430,0.039513,172.253.118.0-255,5738,233655,9,381632
47431,0.039526,172.31.36.0-255,66,233721,9,381632
47432,0.041868,172.253.118.0-255,5738,239459,9,381632
47433,0.041876,172.31.36.0-255,66,239525,9,381632
47434,0.044234,172.253.118.0-255,5738,245263,9,381632
47435,0.044255,172.31.36.0-255,66,245329,9,381632
47436,0.046629,172.253.118.0-255,5738,251067,9,381632
47437,0.046648,172.31.36.0-255,66,251133,9,381632
47438,0.04902,172.253.118.0-255,5738,256871,9,381632
47439,0.049033,172.31.36.0-255,66,256937,9,381632
47440,0.051387,172.253.118.0-255,5738,262675,9,381632
47441,0.051396,172.31.36.0-255,66,262741,9,381632
47442,0.053745,172.253.118.0-255,5738,268479,9,381632
47443,0.053754,172.31.36.0-255,66,268545,9,381632
47444,0.056123,172.253.118.0-255,4320,272865,9,381632
47445,0.056132,172.31.36.0-255,66,272931,9,381632
47446,0.056155,172.253.118.0-255,1484,274415,9,381632
47447,0.058497,172.253.118.0-255,4320,278735,9,381632
47448,0.058505,172.31.36.0-255,66,278801,9,381632
47449,0.060862,172.253.118.0-255,5738,284539,9,381632
47450,0.060875,172.31.36.0-255,66,284605,9,381632
47451,0.063248,172.253.118.0-255,5738,290343,9,381632
47452,0.063257,172.31.36.0-255,66,290409,9,381632
47453,0.065603,172.253.118.0-255,5738,296147,9,381632
47454,0.065611,172.31.36.0-255,66,296213,9,381632
47455,0.067987,172.253.118.0-255,5738,301951,9,381632
47456,0.067994,172.31.36.0-255,66,302017,9,381632
47457,0.070356,172.253.118.0-255,5738,307755,9,381632
47458,0.070363,172.31.36.0-255,66,307821,9,381632
47459,0.07277,172.253.118.0-255,5738,313559,9,381632
47460,0.072779,172.31.36.0-255,66,313625,9,381632
47461,0.075139,172.253.118.0-255,5738,319363,9,381632
47462,0.075145,172.31.36.0-255,66,319429,9,381632
47463,0.077508,172.253.118.0-255,5738,325167,9,381632
47464,0.077522,172.31.36.0-255,66,325233,9,381632
47465,0.079892,172.253.118.0-255,5738,330971,9,381632
47466,0.079901,172.31.36.0-255,66,331037,9,381632
47467,0.082254,172.253.118.0-255,5738,336775,9,381632
47468,0.082262,172.31.36.0-255,66,336841,9,381632
47469,0.084134,172.31.36.0-255,553,337394,9,381632
47470,0.084165,172.31.36.0-255,1118,338512,9,381632
47471,0.084229,172.31.36.0-255,1514,340026,9,381632
47472,0.084231,172.31.36.0-255,780,340806,9,381632
47473,0.084631,172.253.118.0-255,5738,346544,9,381632
47474,0.084638,172.31.36.0-255,66,346610,9,381632
47475,0.08569,104.244.42.0-255,66,346676,9,381632
47476,0.08573,104.244.42.0-255,66,346742,9,381632
47477,0.085769,104.244.42.0-255,66,346808,9,381632
47478,0.087,172.253.118.0-255,5738,352546,9,381632
47479,0.087007,172.31.36.0-255,66,352612,9,381632
47480,0.089378,172.253.118.0-255,5738,358350,9,381632
47481,0.089386,172.31.36.0-255,66,358416,9,381632
47482,0.091755,172.253.118.0-255,5738,364154,9,381632
47483,0.091762,172.31.36.0-255,66,364220,9,381632
47484,0.094128,172.253.118.0-255,5738,369958,9,381632
47485,0.094138,172.31.36.0-255,66,370024,9,381632
47486,0.096497,172.253.118.0-255,5738,375762,9,381632
47487,0.096504,172.31.36.0-255,66,375828,9,381632
47488,0.098867,172.253.118.0-255,5738,381566,9,381632
47489,0.098874,172.31.36.0-255,66,381632,9,381632
47490,0.0,172.31.36.0-255,105,105,9,276
47491,0.001757,157.240.13.0-255,105,210,9,276
47492,0.001771,172.31.36.0-255,66,276,9,276
47493,0.0,74.125.24.0-255,150,150,9,331405
47494,2.2e-05,172.31.36.0-255,66,216,9,331405
47495,2.9e-05,74.125.24.0-255,1484,1700,9,331405
47496,3.2e-05,172.31.36.0-255,66,1766,9,331405
47497,3.8e-05,74.125.24.0-255,2902,4668,9,331405
47498,4e-05,172.31.36.0-255,66,4734,9,331405
47499,5.3e-05,74.125.24.0-255,4320,9054,9,331405
47500,5.5e-05,172.31.36.0-255,66,9120,9,331405
47501,6.7e-05,172.31.36.0-255,66,9186,9,331405
47502,8e-05,172.31.36.0-255,66,9252,9,331405
47503,0.000119,74.125.24.0-255,1484,10736,9,331405
47504,0.000123,172.31.36.0-255,66,10802,9,331405
47505,0.000128,74.125.24.0-255,2902,13704,9,331405
47506,0.000129,172.31.36.0-255,66,13770,9,331405
47507,0.000135,74.125.24.0-255,5738,19508,9,331405
47508,0.000137,172.31.36.0-255,66,19574,9,331405
47509,0.000162,74.125.24.0-255,4320,23894,9,331405
47510,0.000164,172.31.36.0-255,66,23960,9,331405
47511,0.000187,74.125.24.0-255,2543,26503,9,331405
47512,0.000189,172.31.36.0-255,66,26569,9,331405
47513,0.0003,74.125.24.0-255,1484,28053,9,331405
47514,0.000304,172.31.36.0-255,66,28119,9,331405
47515,0.000329,74.125.24.0-255,2902,31021,9,331405
47516,0.000331,172.31.36.0-255,66,31087,9,331405
47517,0.000337,74.125.24.0-255,5738,36825,9,331405
47518,0.000339,172.31.36.0-255,66,36891,9,331405
47519,0.000362,74.125.24.0-255,4320,41211,9,331405
47520,0.000365,172.31.36.0-255,66,41277,9,331405
47521,0.000386,74.125.24.0-255,2880,44157,9,331405
47522,0.000388,172.31.36.0-255,66,44223,9,331405
47523,0.000391,74.125.24.0-255,341,44564,9,331405
47524,0.00063,74.125.24.0-255,1484,46048,9,331405
47525,0.000635,172.31.36.0-255,66,46114,9,331405
47526,0.000641,74.125.24.0-255,2902,49016,9,331405
47527,0.000643,172.31.36.0-255,66,49082,9,331405
47528,0.000653,74.125.24.0-255,5738,54820,9,331405
47529,0.000654,172.31.36.0-255,66,54886,9,331405
47530,0.000689,74.125.24.0-255,6797,61683,9,331405
47531,0.000691,172.31.36.0-255,66,61749,9,331405
47532,0.000808,74.125.24.0-255,1484,63233,9,331405
47533,0.000814,74.125.24.0-255,2902,66135,9,331405
47534,0.000817,172.31.36.0-255,66,66201,9,331405
47535,0.000843,74.125.24.0-255,5738,71939,9,331405
47536,0.000846,172.31.36.0-255,66,72005,9,331405
47537,0.000871,74.125.24.0-255,1484,73489,9,331405
47538,0.000897,74.125.24.0-255,7156,80645,9,331405
47539,0.000902,172.31.36.0-255,66,80711,9,331405
47540,0.000905,172.31.36.0-255,66,80777,9,331405
47541,0.000921,74.125.24.0-255,3038,83815,9,331405
47542,0.000923,172.31.36.0-255,66,83881,9,331405
47543,0.001213,74.125.24.0-255,1484,85365,9,331405
47544,0.001221,74.125.24.0-255,2902,88267,9,331405
47545,0.001224,172.31.36.0-255,66,88333,9,331405
47546,0.001228,74.125.24.0-255,1484,89817,9,331405
47547,0.001254,74.125.24.0-255,4320,94137,9,331405
47548,0.001257,172.31.36.0-255,66,94203,9,331405
47549,0.001265,74.125.24.0-255,7156,101359,9,331405
47550,0.001267,172.31.36.0-255,66,101425,9,331405
47551,0.001296,74.125.24.0-255,5738,107163,9,331405
47552,0.001299,172.31.36.0-255,66,107229,9,331405
47553,0.001309,172.31.36.0-255,66,107295,9,331405
47554,0.001335,74.125.24.0-255,2184,109479,9,331405
47555,0.001337,172.31.36.0-255,66,109545,9,331405
47556,0.001574,74.125.24.0-255,1484,111029,9,331405
47557,0.001582,74.125.24.0-255,2902,113931,9,331405
47558,0.001587,172.31.36.0-255,66,113997,9,331405
47559,0.001595,74.125.24.0-255,5738,119735,9,331405
47560,0.001598,172.31.36.0-255,66,119801,9,331405
47561,0.001623,74.125.24.0-255,1484,121285,9,331405
47562,0.001661,172.31.36.0-255,66,121351,9,331405
47563,0.001694,172.31.36.0-255,66,121417,9,331405
47564,0.00197,74.125.24.0-255,1484,122901,9,331405
47565,0.001976,74.125.24.0-255,2902,125803,9,331405
47566,0.001978,172.31.36.0-255,66,125869,9,331405
47567,0.001981,74.125.24.0-255,1484,127353,9,331405
47568,0.002006,74.125.24.0-255,4320,131673,9,331405
47569,0.002009,172.31.36.0-255,66,131739,9,331405
47570,0.002013,74.125.24.0-255,2902,134641,9,331405
47571,0.002016,172.31.36.0-255,66,134707,9,331405
47572,0.002057,172.31.36.0-255,66,134773,9,331405
47573,0.002064,74.125.24.0-255,7156,141929,9,331405
47574,0.002067,172.31.36.0-255,66,141995,9,331405
47575,0.002072,74.125.24.0-255,3602,145597,9,331405
47576,0.002074,172.31.36.0-255,66,145663,9,331405
47577,0.002128,74.125.24.0-255,4320,149983,9,331405
47578,0.002131,172.31.36.0-255,66,150049,9,331405
47579,0.002137,74.125.24.0-255,5738,155787,9,331405
47580,0.002139,172.31.36.0-255,66,155853,9,331405
47581,0.002178,172.31.36.0-255,66,155919,9,331405
47582,0.002189,172.31.36.0-255,66,155985,9,331405
47583,0.002213,74.125.24.0-255,3602,159587,9,331405
47584,0.002226,172.31.36.0-255,66,159653,9,331405
47585,0.004423,74.125.24.0-255,1484,161137,9,331405
47586,0.004454,74.125.24.0-255,4320,165457,9,331405
47587,0.004457,172.31.36.0-255,66,165523,9,331405
47588,0.006682,74.125.24.0-255,5738,171261,9,331405
47589,0.006689,172.31.36.0-255,66,171327,9,331405
47590,0.008898,74.125.24.0-255,5738,177065,9,331405
47591,0.008905,172.31.36.0-255,66,177131,9,331405
47592,0.011162,74.125.24.0-255,5738,182869,9,331405
47593,0.011171,172.31.36.0-255,66,182935,9,331405
47594,0.013435,74.125.24.0-255,5738,188673,9,331405
47595,0.013442,172.31.36.0-255,66,188739,9,331405
47596,0.015681,74.125.24.0-255,5738,194477,9,331405
47597,0.015692,172.31.36.0-255,66,194543,9,331405
47598,0.017933,74.125.24.0-255,5738,200281,9,331405
47599,0.01794,172.31.36.0-255,66,200347,9,331405
47600,0.020187,74.125.24.0-255,5738,206085,9,331405
47601,0.020193,172.31.36.0-255,66,206151,9,331405
47602,0.02244,74.125.24.0-255,5738,211889,9,331405
47603,0.022448,172.31.36.0-255,66,211955,9,331405
47604,0.024698,74.125.24.0-255,5738,217693,9,331405
47605,0.024705,172.31.36.0-255,66,217759,9,331405
47606,0.026917,74.125.24.0-255,5738,223497,9,331405
47607,0.026925,172.31.36.0-255,66,223563,9,331405
47608,0.029156,74.125.24.0-255,5738,229301,9,331405
47609,0.029165,172.31.36.0-255,66,229367,9,331405
47610,0.031397,74.125.24.0-255,5738,235105,9,331405
47611,0.031405,172.31.36.0-255,66,235171,9,331405
47612,0.031998,172.31.36.0-255,168,235339,9,331405
47613,0.032028,172.31.36.0-255,1123,236462,9,331405
47614,0.032087,172.31.36.0-255,1514,237976,9,331405
47615,0.032089,172.31.36.0-255,1011,238987,9,331405
47616,0.033526,104.244.42.0-255,66,239053,9,331405
47617,0.033578,104.244.42.0-255,66,239119,9,331405
47618,0.033612,74.125.24.0-255,2902,242021,9,331405
47619,0.033618,172.31.36.0-255,66,242087,9,331405
47620,0.033649,104.244.42.0-255,66,242153,9,331405
47621,0.033653,74.125.24.0-255,2902,245055,9,331405
47622,0.033656,172.31.36.0-255,66,245121,9,331405
47623,0.03583,74.125.24.0-255,2902,248023,9,331405
47624,0.035837,172.31.36.0-255,66,248089,9,331405
47625,0.035889,74.125.24.0-255,2902,250991,9,331405
47626,0.035893,172.31.36.0-255,66,251057,9,331405
47627,0.038067,74.125.24.0-255,2902,253959,9,331405
47628,0.038072,172.31.36.0-255,66,254025,9,331405
47629,0.038107,74.125.24.0-255,2902,256927,9,331405
47630,0.038109,172.31.36.0-255,66,256993,9,331405
47631,0.040294,74.125.24.0-255,2902,259895,9,331405
47632,0.040301,172.31.36.0-255,66,259961,9,331405
47633,0.040341,74.125.24.0-255,2902,262863,9,331405
47634,0.040344,172.31.36.0-255,66,262929,9,331405
47635,0.042512,74.125.24.0-255,2902,265831,9,331405
47636,0.042524,172.31.36.0-255,66,265897,9,331405
47637,0.042552,74.125.24.0-255,2902,268799,9,331405
47638,0.042556,172.31.36.0-255,66,268865,9,331405
47639,0.044786,74.125.24.0-255,5738,274603,9,331405
47640,0.044792,172.31.36.0-255,66,274669,9,331405
47641,0.047014,74.125.24.0-255,5738,280407,9,331405
47642,0.047021,172.31.36.0-255,66,280473,9,331405
47643,0.049273,74.125.24.0-255,5738,286211,9,331405
47644,0.04928,172.31.36.0-255,66,286277,9,331405
47645,0.051529,74.125.24.0-255,5738,292015,9,331405
47646,0.051536,172.31.36.0-255,66,292081,9,331405
47647,0.053752,74.125.24.0-255,5738,297819,9,331405
47648,0.053759,172.31.36.0-255,66,297885,9,331405
47649,0.055994,74.125.24.0-255,5738,303623,9,331405
47650,0.056001,172.31.36.0-255,66,303689,9,331405
47651,0.058239,74.125.24.0-255,5738,309427,9,331405
47652,0.058245,172.31.36.0-255,66,309493,9,331405
47653,0.060473,74.125.24.0-255,5738,315231,9,331405
47654,0.06048,172.31.36.0-255,66,315297,9,331405
47655,0.062724,74.125.24.0-255,5738,321035,9,331405
47656,0.062732,172.31.36.0-255,66,321101,9,331405
47657,0.064944,74.125.24.0-255,5738,326839,9,331405
47658,0.06495,172.31.36.0-255,66,326905,9,331405
47659,0.06717,74.125.24.0-255,4263,331168,9,331405
47660,0.067177,172.31.36.0-255,66,331234,9,331405
47661,0.067348,172.31.36.0-255,105,331339,9,331405
47662,0.069549,74.125.24.0-255,66,331405,9,331405
47663,0.0,172.217.160.0-255,181,181,9,398850
47664,3.1e-05,172.31.36.0-255,66,247,9,398850
47665,3.8e-05,172.217.160.0-255,1484,1731,9,398850
47666,4.3e-05,172.31.36.0-255,66,1797,9,398850
47667,5.5e-05,172.217.160.0-255,2902,4699,9,398850
47668,5.8e-05,172.31.36.0-255,66,4765,9,398850
47669,8.8e-05,172.217.160.0-255,1484,6249,9,398850
47670,9.1e-05,172.31.36.0-255,66,6315,9,398850
47671,9.5e-05,172.217.160.0-255,2902,9217,9,398850
47672,9.7e-05,172.31.36.0-255,66,9283,9,398850
47673,0.000124,172.217.160.0-255,4873,14156,9,398850
47674,0.000127,172.31.36.0-255,66,14222,9,398850
47675,0.00013,172.217.160.0-255,1484,15706,9,398850
47676,0.000132,172.31.36.0-255,66,15772,9,398850
47677,0.000157,172.217.160.0-255,4320,20092,9,398850
47678,0.00016,172.31.36.0-255,66,20158,9,398850
47679,0.000202,172.31.36.0-255,66,20224,9,398850
47680,0.000231,172.217.160.0-255,1484,21708,9,398850
47681,0.000233,172.31.36.0-255,66,21774,9,398850
47682,0.000259,172.217.160.0-255,2902,24676,9,398850
47683,0.000262,172.31.36.0-255,66,24742,9,398850
47684,0.000268,172.217.160.0-255,5738,30480,9,398850
47685,0.00027,172.31.36.0-255,66,30546,9,398850
47686,0.000283,172.217.160.0-255,5738,36284,9,398850
47687,0.000286,172.31.36.0-255,66,36350,9,398850
47688,0.00029,172.217.160.0-255,2902,39252,9,398850
47689,0.000292,172.31.36.0-255,66,39318,9,398850
47690,0.000336,172.31.36.0-255,66,39384,9,398850
47691,0.000361,172.217.160.0-255,2902,42286,9,398850
47692,0.000365,172.31.36.0-255,66,42352,9,398850
47693,0.00038,172.217.160.0-255,1408,43760,9,398850
47694,0.000813,172.31.36.0-255,66,43826,9,398850
47695,0.000976,172.217.160.0-255,103,43929,9,398850
47696,0.001097,172.217.160.0-255,1484,45413,9,398850
47697,0.001102,172.31.36.0-255,66,45479,9,398850
47698,0.001108,172.217.160.0-255,2902,48381,9,398850
47699,0.001131,172.217.160.0-255,4320,52701,9,398850
47700,0.001135,172.217.160.0-255,2902,55603,9,398850
47701,0.00115,172.217.160.0-255,2902,58505,9,398850
47702,0.001174,172.217.160.0-255,2543,61048,9,398850
47703,0.001236,172.217.160.0-255,1484,62532,9,398850
47704,0.00126,172.217.160.0-255,2902,65434,9,398850
47705,0.001266,172.217.160.0-255,5738,71172,9,398850
47706,0.00127,172.217.160.0-255,2902,74074,9,398850
47707,0.001288,172.217.160.0-255,3961,78035,9,398850
47708,0.001295,172.217.160.0-255,7156,85191,9,398850
47709,0.001366,172.217.160.0-255,7156,92347,9,398850
47710,0.001371,172.217.160.0-255,3602,95949,9,398850
47711,0.001455,172.217.160.0-255,1484,97433,9,398850
47712,0.001461,172.217.160.0-255,2902,100335,9,398850
47713,0.00147,172.217.160.0-255,5738,106073,9,398850
47714,0.001475,172.217.160.0-255,4320,110393,9,398850
47715,0.001505,172.217.160.0-255,5738,116131,9,398850
47716,0.001523,172.217.160.0-255,5738,121869,9,398850
47717,0.001531,172.217.160.0-255,5738,127607,9,398850
47718,0.001544,172.217.160.0-255,2184,129791,9,398850
47719,0.006659,172.31.36.0-255,66,129857,9,398850
47720,0.008663,172.217.160.0-255,5738,135595,9,398850
47721,0.00867,172.31.36.0-255,66,135661,9,398850
47722,0.010643,172.217.160.0-255,5738,141399,9,398850
47723,0.013264,172.31.36.0-255,66,141465,9,398850
47724,0.015244,172.217.160.0-255,5738,147203,9,398850
47725,0.015256,172.31.36.0-255,66,147269,9,398850
47726,0.017234,172.217.160.0-255,5738,153007,9,398850
47727,0.017243,172.31.36.0-255,66,153073,9,398850
47728,0.019221,172.217.160.0-255,5738,158811,9,398850
47729,0.019228,172.31.36.0-255,66,158877,9,398850
47730,0.021211,172.217.160.0-255,5738,164615,9,398850
47731,0.021217,172.31.36.0-255,66,164681,9,398850
47732,0.023196,172.217.160.0-255,5738,170419,9,398850
47733,0.023203,172.31.36.0-255,66,170485,9,398850
47734,0.025184,172.217.160.0-255,5738,176223,9,398850
47735,0.025191,172.31.36.0-255,66,176289,9,398850
47736,0.027175,172.217.160.0-255,5738,182027,9,398850
47737,0.027183,172.31.36.0-255,66,182093,9,398850
47738,0.029155,172.217.160.0-255,5738,187831,9,398850
47739,0.029163,172.31.36.0-255,66,187897,9,398850
47740,0.031137,172.217.160.0-255,5738,193635,9,398850
47741,0.031144,172.31.36.0-255,66,193701,9,398850
47742,0.03311,172.217.160.0-255,5738,199439,9,398850
47743,0.033118,172.31.36.0-255,66,199505,9,398850
47744,0.03315,172.31.36.0-255,172,199677,9,398850
47745,0.033177,172.31.36.0-255,1117,200794,9,398850
47746,0.033225,172.31.36.0-255,1514,202308,9,398850
47747,0.033226,172.31.36.0-255,1514,203822,9,398850
47748,0.033232,172.31.36.0-255,1514,205336,9,398850
47749,0.033233,172.31.36.0-255,1514,206850,9,398850
47750,0.033263,172.31.36.0-255,1499,208349,9,398850
47751,0.034673,104.244.42.0-255,66,208415,9,398850
47752,0.034754,104.244.42.0-255,66,208481,9,398850
47753,0.034798,104.244.42.0-255,66,208547,9,398850
47754,0.034858,104.244.42.0-255,66,208613,9,398850
47755,0.03509,172.217.160.0-255,5738,214351,9,398850
47756,0.035095,172.31.36.0-255,66,214417,9,398850
47757,0.037119,172.217.160.0-255,5738,220155,9,398850
47758,0.037125,172.31.36.0-255,66,220221,9,398850
47759,0.039095,172.217.160.0-255,4320,224541,9,398850
47760,0.039101,172.31.36.0-255,66,224607,9,398850
47761,0.03914,172.217.160.0-255,1484,226091,9,398850
47762,0.041085,172.217.160.0-255,4320,230411,9,398850
47763,0.041091,172.31.36.0-255,66,230477,9,398850
47764,0.043059,172.217.160.0-255,4320,234797,9,398850
47765,0.043064,172.31.36.0-255,66,234863,9,398850
47766,0.043104,172.217.160.0-255,1484,236347,9,398850
47767,0.045033,172.217.160.0-255,4320,240667,9,398850
47768,0.045038,172.31.36.0-255,66,240733,9,398850
47769,0.047009,172.217.160.0-255,5738,246471,9,398850
47770,0.04707,172.31.36.0-255,66,246537,9,398850
47771,0.049047,172.217.160.0-255,2902,249439,9,398850
47772,0.049052,172.31.36.0-255,66,249505,9,398850
47773,0.049085,172.217.160.0-255,2902,252407,9,398850
47774,0.049103,172.31.36.0-255,66,252473,9,398850
47775,0.051019,172.217.160.0-255,2902,255375,9,398850
47776,0.051024,172.31.36.0-255,66,255441,9,398850
47777,0.051072,172.217.160.0-255,2902,258343,9,398850
47778,0.051078,172.31.36.0-255,66,258409,9,398850
47779,0.052987,172.217.160.0-255,2902,261311,9,398850
47780,0.052993,172.31.36.0-255,66,261377,9,398850
47781,0.053071,172.217.160.0-255,2902,264279,9,398850
47782,0.053084,172.31.36.0-255,66,264345,9,398850
47783,0.054972,172.217.160.0-255,2902,267247,9,398850
47784,0.054978,172.31.36.0-255,66,267313,9,398850
47785,0.05504,172.217.160.0-255,2902,270215,9,398850
47786,0.055049,172.31.36.0-255,66,270281,9,398850
47787,0.056958,172.217.160.0-255,2902,273183,9,398850
47788,0.056963,172.31.36.0-255,66,273249,9,398850
47789,0.057033,172.217.160.0-255,2902,276151,9,398850
47790,0.057041,172.31.36.0-255,66,276217,9,398850
47791,0.058944,172.217.160.0-255,2902,279119,9,398850
47792,0.058949,172.31.36.0-255,66,279185,9,398850
47793,0.059017,172.217.160.0-255,2902,282087,9,398850
47794,0.059032,172.31.36.0-255,66,282153,9,398850
47795,0.060917,172.217.160.0-255,2902,285055,9,398850
47796,0.060923,172.31.36.0-255,66,285121,9,398850
47797,0.060985,172.217.160.0-255,2902,288023,9,398850
47798,0.061013,172.31.36.0-255,66,288089,9,398850
47799,0.06289,172.217.160.0-255,2902,290991,9,398850
47800,0.062896,172.31.36.0-255,66,291057,9,398850
47801,0.063003,172.217.160.0-255,2902,293959,9,398850
47802,0.063008,172.31.36.0-255,66,294025,9,398850
47803,0.064861,172.217.160.0-255,2902,296927,9,398850
47804,0.064866,172.31.36.0-255,66,296993,9,398850
47805,0.064973,172.217.160.0-255,2902,299895,9,398850
47806,0.064978,172.31.36.0-255,66,299961,9,398850
47807,0.066839,172.217.160.0-255,2902,302863,9,398850
47808,0.066845,172.31.36.0-255,66,302929,9,398850
47809,0.066938,172.217.160.0-255,2902,305831,9,398850
47810,0.066942,172.31.36.0-255,66,305897,9,398850
47811,0.068818,172.217.160.0-255,2902,308799,9,398850
47812,0.068823,172.31.36.0-255,66,308865,9,398850
47813,0.068908,172.217.160.0-255,2902,311767,9,398850
47814,0.068923,172.31.36.0-255,66,311833,9,398850
47815,0.070788,172.217.160.0-255,2902,314735,9,398850
47816,0.070793,172.31.36.0-255,66,314801,9,398850
47817,0.070881,172.217.160.0-255,2902,317703,9,398850
47818,0.070896,172.31.36.0-255,66,317769,9,398850
47819,0.07276,172.217.160.0-255,2902,320671,9,398850
47820,0.072765,172.31.36.0-255,66,320737,9,398850
47821,0.072854,172.217.160.0-255,2902,323639,9,398850
47822,0.072862,172.31.36.0-255,66,323705,9,398850
47823,0.074733,172.217.160.0-255,2902,326607,9,398850
47824,0.074738,172.31.36.0-255,66,326673,9,398850
47825,0.074821,172.217.160.0-255,2902,329575,9,398850
47826,0.074827,172.31.36.0-255,66,329641,9,398850
47827,0.074874,172.31.36.0-255,101,329742,9,398850
47828,0.076722,172.217.160.0-255,2902,332644,9,398850
47829,0.076728,172.31.36.0-255,66,332710,9,398850
47830,0.076786,172.217.160.0-255,2902,335612,9,398850
47831,0.076797,172.31.36.0-255,66,335678,9,398850
47832,0.076801,172.217.160.0-255,66,335744,9,398850
47833,0.078692,172.217.160.0-255,2902,338646,9,398850
47834,0.078697,172.31.36.0-255,66,338712,9,398850
47835,0.078754,172.217.160.0-255,2902,341614,9,398850
47836,0.078781,172.31.36.0-255,66,341680,9,398850
47837,0.080662,172.217.160.0-255,2902,344582,9,398850
47838,0.080667,172.31.36.0-255,66,344648,9,398850
47839,0.080739,172.217.160.0-255,2902,347550,9,398850
47840,0.080745,172.31.36.0-255,66,347616,9,398850
47841,0.082635,172.217.160.0-255,2902,350518,9,398850
47842,0.08264,172.31.36.0-255,66,350584,9,398850
47843,0.08271,172.217.160.0-255,2902,353486,9,398850
47844,0.082726,172.31.36.0-255,66,353552,9,398850
47845,0.084609,172.217.160.0-255,2902,356454,9,398850
47846,0.084614,172.31.36.0-255,66,356520,9,398850
47847,0.08469,172.217.160.0-255,2902,359422,9,398850
47848,0.084701,172.31.36.0-255,66,359488,9,398850
47849,0.086577,172.217.160.0-255,2902,362390,9,398850
47850,0.086583,172.31.36.0-255,66,362456,9,398850
47851,0.086662,172.217.160.0-255,2902,365358,9,398850
47852,0.086666,172.31.36.0-255,66,365424,9,398850
47853,0.088554,172.217.160.0-255,2902,368326,9,398850
47854,0.088559,172.31.36.0-255,66,368392,9,398850
47855,0.088619,172.217.160.0-255,2902,371294,9,398850
47856,0.088637,172.31.36.0-255,66,371360,9,398850
47857,0.090529,172.217.160.0-255,2902,374262,9,398850
47858,0.090534,172.31.36.0-255,66,374328,9,398850
47859,0.090603,172.217.160.0-255,2902,377230,9,398850
47860,0.090614,172.31.36.0-255,66,377296,9,398850
47861,0.092502,172.217.160.0-255,2902,380198,9,398850
47862,0.092507,172.31.36.0-255,66,380264,9,398850
47863,0.092614,172.217.160.0-255,2902,383166,9,398850
47864,0.092619,172.31.36.0-255,66,383232,9,398850
47865,0.094473,172.217.160.0-255,2902,386134,9,398850
47866,0.094478,172.31.36.0-255,66,386200,9,398850
47867,0.094574,172.217.160.0-255,2902,389102,9,398850
47868,0.094579,172.31.36.0-255,66,389168,9,398850
47869,0.096468,172.217.160.0-255,2902,392070,9,398850
47870,0.096474,172.31.36.0-255,66,392136,9,398850
47871,0.096545,172.217.160.0-255,2902,395038,9,398850
47872,0.096566,172.31.36.0-255,66,395104,9,398850
47873,0.098434,172.217.160.0-255,2902,398006,9,398850
47874,0.098439,172.31.36.0-255,66,398072,9,398850
47875,0.098503,172.217.160.0-255,673,398745,9,398850
47876,0.098642,172.31.36.0-255,105,398850,9,398850
47877,0.0,172.217.194.0-255,152,152,9,247337
47878,2.5e-05,172.31.36.0-255,66,218,9,247337
47879,3.3e-05,172.217.194.0-255,1484,1702,9,247337
47880,3.8e-05,172.31.36.0-255,66,1768,9,247337
47881,4.4e-05,172.217.194.0-255,2902,4670,9,247337
47882,4.8e-05,172.31.36.0-255,66,4736,9,247337
47883,6.5e-05,172.217.194.0-255,7156,11892,9,247337
47884,6.8e-05,172.31.36.0-255,66,11958,9,247337
47885,7.4e-05,172.217.194.0-255,4320,16278,9,247337
47886,7.7e-05,172.31.36.0-255,66,16344,9,247337
47887,0.000113,172.31.36.0-255,66,16410,9,247337
47888,0.000118,172.217.194.0-255,2543,18953,9,247337
47889,0.000121,172.31.36.0-255,66,19019,9,247337
47890,0.000155,172.217.194.0-255,2902,21921,9,247337
47891,0.000157,172.31.36.0-255,66,21987,9,247337
47892,0.000163,172.217.194.0-255,4320,26307,9,247337
47893,0.000166,172.31.36.0-255,66,26373,9,247337
47894,0.00017,172.217.194.0-255,2902,29275,9,247337
47895,0.000176,172.31.36.0-255,66,29341,9,247337
47896,0.000211,172.217.194.0-255,5738,35079,9,247337
47897,0.000214,172.31.36.0-255,66,35145,9,247337
47898,0.000225,172.31.36.0-255,66,35211,9,247337
47899,0.000258,172.217.194.0-255,5379,40590,9,247337
47900,0.000261,172.31.36.0-255,66,40656,9,247337
47901,0.000266,172.217.194.0-255,4249,44905,9,247337
47902,0.000269,172.31.36.0-255,66,44971,9,247337
47903,0.000271,172.217.194.0-255,98,45069,9,247337
47904,0.000278,172.31.36.0-255,66,45135,9,247337
47905,0.000375,172.217.194.0-255,366,45501,9,247337
47906,0.000379,172.31.36.0-255,66,45567,9,247337
47907,0.000602,172.217.194.0-255,1484,47051,9,247337
47908,0.00062,172.217.194.0-255,2902,49953,9,247337
47909,0.000623,172.217.194.0-255,1484,51437,9,247337
47910,0.000641,172.217.194.0-255,4320,55757,9,247337
47911,0.000655,172.217.194.0-255,5738,61495,9,247337
47912,0.00067,172.217.194.0-255,7156,68651,9,247337
47913,0.000673,172.217.194.0-255,1484,70135,9,247337
47914,0.000676,172.31.36.0-255,66,70201,9,247337
47915,0.000682,172.31.36.0-255,66,70267,9,247337
47916,0.000708,172.217.194.0-255,217,70484,9,247337
47917,0.000733,172.31.36.0-255,66,70550,9,247337
47918,0.000916,172.217.194.0-255,1484,72034,9,247337
47919,0.000949,172.217.194.0-255,2902,74936,9,247337
47920,0.000964,172.217.194.0-255,5738,80674,9,247337
47921,0.000978,172.31.36.0-255,66,80740,9,247337
47922,0.001071,172.217.194.0-255,2184,82924,9,247337
47923,0.001087,172.31.36.0-255,66,82990,9,247337
47924,0.001142,172.217.194.0-255,1484,84474,9,247337
47925,0.001166,172.217.194.0-255,2902,87376,9,247337
47926,0.001173,172.217.194.0-255,4320,91696,9,247337
47927,0.001191,172.217.194.0-255,1484,93180,9,247337
47928,0.001196,172.217.194.0-255,4320,97500,9,247337
47929,0.001228,172.217.194.0-255,1484,98984,9,247337
47930,0.001253,172.217.194.0-255,7156,106140,9,247337
47931,0.00127,172.217.194.0-255,2184,108324,9,247337
47932,0.001467,172.217.194.0-255,1484,109808,9,247337
47933,0.001472,172.217.194.0-255,1484,111292,9,247337
47934,0.001488,172.217.194.0-255,1484,112776,9,247337
47935,0.001496,172.217.194.0-255,5738,118514,9,247337
47936,0.001574,172.217.194.0-255,4320,122834,9,247337
47937,0.001613,172.217.194.0-255,2902,125736,9,247337
47938,0.00162,172.217.194.0-255,4320,130056,9,247337
47939,0.001623,172.217.194.0-255,1484,131540,9,247337
47940,0.001641,172.217.194.0-255,7156,138696,9,247337
47941,0.001663,172.217.194.0-255,7156,145852,9,247337
47942,0.00172,172.217.194.0-255,5738,151590,9,247337
47943,0.001742,172.217.194.0-255,5020,156610,9,247337
47944,0.001835,172.217.194.0-255,1484,158094,9,247337
47945,0.001858,172.217.194.0-255,2902,160996,9,247337
47946,0.001862,172.217.194.0-255,2902,163898,9,247337
47947,0.001885,172.217.194.0-255,1484,165382,9,247337
47948,0.001905,172.217.194.0-255,1484,166866,9,247337
47949,0.001929,172.217.194.0-255,7156,174022,9,247337
47950,0.001983,172.217.194.0-255,1484,175506,9,247337
47951,0.001987,172.217.194.0-255,1484,176990,9,247337
47952,0.001998,172.217.194.0-255,1484,178474,9,247337
47953,0.002005,172.217.194.0-255,5738,184212,9,247337
47954,0.002024,172.217.194.0-255,4320,188532,9,247337
47955,0.002103,172.217.194.0-255,2902,191434,9,247337
47956,0.002156,172.217.194.0-255,7156,198590,9,247337
47957,0.00217,172.217.194.0-255,1484,200074,9,247337
47958,0.002175,172.217.194.0-255,2902,202976,9,247337
47959,0.00218,172.217.194.0-255,4320,207296,9,247337
47960,0.002186,172.217.194.0-255,4320,211616,9,247337
47961,0.002188,172.217.194.0-255,1484,213100,9,247337
47962,0.002233,172.217.194.0-255,5738,218838,9,247337
47963,0.002253,172.217.194.0-255,3602,222440,9,247337
47964,0.002256,172.217.194.0-255,1484,223924,9,247337
47965,0.002322,172.217.194.0-255,4320,228244,9,247337
47966,0.00238,172.217.194.0-255,4320,232564,9,247337
47967,0.002397,172.217.194.0-255,1484,234048,9,247337
47968,0.002413,172.217.194.0-255,7156,241204,9,247337
47969,0.002442,172.217.194.0-255,4320,245524,9,247337
47970,0.002467,172.217.194.0-255,97,245621,9,247337
47971,0.002469,172.217.194.0-255,105,245726,9,247337
47972,0.005756,172.31.36.0-255,66,245792,9,247337
47973,0.008857,172.31.36.0-255,105,245897,9,247337
47974,0.01122,172.217.194.0-255,66,245963,9,247337
47975,0.037729,172.31.36.0-255,172,246135,9,247337
47976,0.037767,172.31.36.0-255,1070,247205,9,247337
47977,0.039282,104.244.42.0-255,66,247271,9,247337
47978,0.039423,104.244.42.0-255,66,247337,9,247337
47979,0.0,172.31.36.0-255,105,105,9,276
47980,0.070555,31.13.82.0-255,105,210,9,276
47981,0.070563,172.31.36.0-255,66,276,9,276
47982,0.0,172.217.194.0-255,208,208,9,195928
47983,1.8e-05,172.31.36.0-255,66,274,9,195928
47984,2.5e-05,172.217.194.0-255,1484,1758,9,195928
47985,2.9e-05,172.31.36.0-255,66,1824,9,195928
47986,3.6e-05,172.217.194.0-255,4320,6144,9,195928
47987,4e-05,172.31.36.0-255,66,6210,9,195928
47988,7.2e-05,172.217.194.0-255,2902,9112,9,195928
47989,7.6e-05,172.31.36.0-255,66,9178,9,195928
47990,0.000105,172.217.194.0-255,4320,13498,9,195928
47991,0.000108,172.31.36.0-255,66,13564,9,195928
47992,0.000119,172.31.36.0-255,66,13630,9,195928
47993,0.000131,172.31.36.0-255,66,13696,9,195928
47994,0.000146,172.217.194.0-255,1484,15180,9,195928
47995,0.000148,172.31.36.0-255,66,15246,9,195928
47996,0.000153,172.217.194.0-255,2902,18148,9,195928
47997,0.000155,172.31.36.0-255,66,18214,9,195928
47998,0.00019,172.217.194.0-255,5738,23952,9,195928
47999,0.000193,172.31.36.0-255,66,24018,9,195928
48000,0.000197,172.217.194.0-255,2902,26920,9,195928
48001,0.000199,172.31.36.0-255,66,26986,9,195928
48002,0.000217,172.217.194.0-255,3961,30947,9,195928
48003,0.00022,172.31.36.0-255,66,31013,9,195928
48004,0.000227,172.217.194.0-255,7156,38169,9,195928
48005,0.000229,172.31.36.0-255,66,38235,9,195928
48006,0.000247,172.217.194.0-255,1484,39719,9,195928
48007,0.00025,172.31.36.0-255,66,39785,9,195928
48008,0.000281,172.31.36.0-255,66,39851,9,195928
48009,0.000289,172.217.194.0-255,436,40287,9,195928
48010,0.000292,172.31.36.0-255,66,40353,9,195928
48011,0.000486,172.217.194.0-255,1484,41837,9,195928
48012,0.000493,172.217.194.0-255,2902,44739,9,195928
48013,0.000497,172.31.36.0-255,66,44805,9,195928
48014,0.000503,172.217.194.0-255,4320,49125,9,195928
48015,0.000506,172.31.36.0-255,66,49191,9,195928
48016,0.000528,172.217.194.0-255,1484,50675,9,195928
48017,0.00054,172.31.36.0-255,66,50741,9,195928
48018,0.00056,172.217.194.0-255,4320,55061,9,195928
48019,0.000563,172.31.36.0-255,66,55127,9,195928
48020,0.000576,172.31.36.0-255,66,55193,9,195928
48021,0.000805,172.217.194.0-255,1484,56677,9,195928
48022,0.000823,172.217.194.0-255,2902,59579,9,195928
48023,0.000826,172.31.36.0-255,66,59645,9,195928
48024,0.000833,172.217.194.0-255,5738,65383,9,195928
48025,0.000835,172.31.36.0-255,66,65449,9,195928
48026,0.000875,172.31.36.0-255,66,65515,9,195928
48027,0.000887,172.31.36.0-255,66,65581,9,195928
48028,0.000935,172.217.194.0-255,1484,67065,9,195928
48029,0.000951,172.217.194.0-255,2902,69967,9,195928
48030,0.000955,172.31.36.0-255,66,70033,9,195928
48031,0.000973,172.217.194.0-255,1484,71517,9,195928
48032,0.000978,172.217.194.0-255,2902,74419,9,195928
48033,0.000981,172.31.36.0-255,66,74485,9,195928
48034,0.001002,172.217.194.0-255,5738,80223,9,195928
48035,0.001005,172.31.36.0-255,66,80289,9,195928
48036,0.001041,172.217.194.0-255,7156,87445,9,195928
48037,0.001044,172.31.36.0-255,66,87511,9,195928
48038,0.001069,172.217.194.0-255,1484,88995,9,195928
48039,0.001082,172.31.36.0-255,66,89061,9,195928
48040,0.001085,172.217.194.0-255,766,89827,9,195928
48041,0.001088,172.217.194.0-255,1484,91311,9,195928
48042,0.00109,172.31.36.0-255,66,91377,9,195928
48043,0.001095,172.217.194.0-255,2902,94279,9,195928
48044,0.001098,172.31.36.0-255,66,94345,9,195928
48045,0.001116,172.217.194.0-255,1484,95829,9,195928
48046,0.001128,172.31.36.0-255,66,95895,9,195928
48047,0.001214,172.31.36.0-255,66,95961,9,195928
48048,0.001237,172.217.194.0-255,1484,97445,9,195928
48049,0.00125,172.31.36.0-255,66,97511,9,195928
48050,0.001263,172.31.36.0-255,66,97577,9,195928
48051,0.001283,172.31.36.0-255,66,97643,9,195928
48052,0.001287,172.217.194.0-255,2184,99827,9,195928
48053,0.00129,172.31.36.0-255,66,99893,9,195928
48054,0.001295,172.217.194.0-255,4320,104213,9,195928
48055,0.001297,172.31.36.0-255,66,104279,9,195928
48056,0.001336,172.31.36.0-255,66,104345,9,195928
48057,0.001343,172.217.194.0-255,5738,110083,9,195928
48058,0.001345,172.31.36.0-255,66,110149,9,195928
48059,0.001377,172.31.36.0-255,66,110215,9,195928
48060,0.001421,172.217.194.0-255,1484,111699,9,195928
48061,0.001437,172.217.194.0-255,2902,114601,9,195928
48062,0.001439,172.31.36.0-255,66,114667,9,195928
48063,0.001463,172.217.194.0-255,5738,120405,9,195928
48064,0.001465,172.31.36.0-255,66,120471,9,195928
48065,0.001476,172.217.194.0-255,1484,121955,9,195928
48066,0.001502,172.31.36.0-255,66,122021,9,195928
48067,0.001505,172.217.194.0-255,1484,123505,9,195928
48068,0.001518,172.217.194.0-255,2902,126407,9,195928
48069,0.001521,172.31.36.0-255,66,126473,9,195928
48070,0.00154,172.217.194.0-255,6438,132911,9,195928
48071,0.001543,172.31.36.0-255,66,132977,9,195928
48072,0.00155,172.217.194.0-255,5738,138715,9,195928
48073,0.001552,172.31.36.0-255,66,138781,9,195928
48074,0.001558,172.217.194.0-255,5738,144519,9,195928
48075,0.001561,172.31.36.0-255,66,144585,9,195928
48076,0.001582,172.217.194.0-255,1484,146069,9,195928
48077,0.001599,172.217.194.0-255,5738,151807,9,195928
48078,0.001602,172.31.36.0-255,66,151873,9,195928
48079,0.001635,172.31.36.0-255,66,151939,9,195928
48080,0.001643,172.217.194.0-255,6438,158377,9,195928
48081,0.001646,172.31.36.0-255,66,158443,9,195928
48082,0.00165,172.217.194.0-255,2902,161345,9,195928
48083,0.001652,172.31.36.0-255,66,161411,9,195928
48084,0.001658,172.217.194.0-255,4320,165731,9,195928
48085,0.00166,172.31.36.0-255,66,165797,9,195928
48086,0.001663,172.217.194.0-255,1484,167281,9,195928
48087,0.001686,172.217.194.0-255,7156,174437,9,195928
48088,0.001689,172.31.36.0-255,66,174503,9,195928
48089,0.001712,172.217.194.0-255,2902,177405,9,195928
48090,0.001714,172.31.36.0-255,66,177471,9,195928
48091,0.001747,172.31.36.0-255,66,177537,9,195928
48092,0.001775,172.217.194.0-255,3602,181139,9,195928
48093,0.001778,172.31.36.0-255,66,181205,9,195928
48094,0.001796,172.31.36.0-255,66,181271,9,195928
48095,0.001848,172.31.36.0-255,66,181337,9,195928
48096,0.001865,172.217.194.0-255,5020,186357,9,195928
48097,0.001867,172.31.36.0-255,66,186423,9,195928
48098,0.001878,172.31.36.0-255,66,186489,9,195928
48099,0.001881,172.217.194.0-255,105,186594,9,195928
48100,0.008951,172.31.36.0-255,66,186660,9,195928
48101,0.008995,172.31.36.0-255,105,186765,9,195928
48102,0.011479,172.217.194.0-255,66,186831,9,195928
48103,0.03957,172.31.36.0-255,176,187007,9,195928
48104,0.039606,172.31.36.0-255,1115,188122,9,195928
48105,0.039675,172.31.36.0-255,1514,189636,9,195928
48106,0.039677,172.31.36.0-255,1514,191150,9,195928
48107,0.039678,172.31.36.0-255,1514,192664,9,195928
48108,0.039679,172.31.36.0-255,1514,194178,9,195928
48109,0.03968,172.31.36.0-255,1486,195664,9,195928
48110,0.041105,104.244.42.0-255,66,195730,9,195928
48111,0.041124,104.244.42.0-255,66,195796,9,195928
48112,0.041251,104.244.42.0-255,66,195862,9,195928
48113,0.041295,104.244.42.0-255,66,195928,9,195928
48114,0.0,74.125.24.0-255,298,298,9,212420
48115,2e-05,172.31.36.0-255,66,364,9,212420
48116,2.5e-05,74.125.24.0-255,1484,1848,9,212420
48117,2.9e-05,172.31.36.0-255,66,1914,9,212420
48118,3.7e-05,74.125.24.0-255,4320,6234,9,212420
48119,4.1e-05,172.31.36.0-255,66,6300,9,212420
48120,7.8e-05,74.125.24.0-255,5738,12038,9,212420
48121,8.2e-05,172.31.36.0-255,66,12104,9,212420
48122,9.5e-05,74.125.24.0-255,1484,13588,9,212420
48123,9.8e-05,172.31.36.0-255,66,13654,9,212420
48124,0.00012,74.125.24.0-255,4675,18329,9,212420
48125,0.000123,172.31.36.0-255,66,18395,9,212420
48126,0.000135,172.31.36.0-255,66,18461,9,212420
48127,0.000164,74.125.24.0-255,2543,21004,9,212420
48128,0.000167,172.31.36.0-255,66,21070,9,212420
48129,0.000198,74.125.24.0-255,1484,22554,9,212420
48130,0.0002,172.31.36.0-255,66,22620,9,212420
48131,0.000215,74.125.24.0-255,1484,24104,9,212420
48132,0.000217,172.31.36.0-255,66,24170,9,212420
48133,0.000224,74.125.24.0-255,5738,29908,9,212420
48134,0.000227,172.31.36.0-255,66,29974,9,212420
48135,0.000243,74.125.24.0-255,2902,32876,9,212420
48136,0.000246,172.31.36.0-255,66,32942,9,212420
48137,0.000265,74.125.24.0-255,7156,40098,9,212420
48138,0.000268,172.31.36.0-255,66,40164,9,212420
48139,0.000279,172.31.36.0-255,66,40230,9,212420
48140,0.000351,74.125.24.0-255,5355,45585,9,212420
48141,0.000354,172.31.36.0-255,66,45651,9,212420
48142,0.000402,74.125.24.0-255,109,45760,9,212420
48143,0.000405,172.31.36.0-255,66,45826,9,212420
48144,0.000494,74.125.24.0-255,1484,47310,9,212420
48145,0.0005,74.125.24.0-255,2902,50212,9,212420
48146,0.000503,172.31.36.0-255,66,50278,9,212420
48147,0.000507,74.125.24.0-255,1484,51762,9,212420
48148,0.000526,74.125.24.0-255,4320,56082,9,212420
48149,0.000529,172.31.36.0-255,66,56148,9,212420
48150,0.000535,74.125.24.0-255,4320,60468,9,212420
48151,0.000538,172.31.36.0-255,66,60534,9,212420
48152,0.00054,74.125.24.0-255,1484,62018,9,212420
48153,0.000557,74.125.24.0-255,7156,69174,9,212420
48154,0.00056,172.31.36.0-255,66,69240,9,212420
48155,0.000584,74.125.24.0-255,2902,72142,9,212420
48156,0.000587,172.31.36.0-255,66,72208,9,212420
48157,0.000598,172.31.36.0-255,66,72274,9,212420
48158,0.000625,172.31.36.0-255,66,72340,9,212420
48159,0.000629,74.125.24.0-255,2902,75242,9,212420
48160,0.000631,172.31.36.0-255,66,75308,9,212420
48161,0.000646,74.125.24.0-255,4320,79628,9,212420
48162,0.000649,172.31.36.0-255,66,79694,9,212420
48163,0.000669,74.125.24.0-255,7156,86850,9,212420
48164,0.000671,172.31.36.0-255,66,86916,9,212420
48165,0.000702,172.31.36.0-255,66,86982,9,212420
48166,0.000705,74.125.24.0-255,766,87748,9,212420
48167,0.000777,74.125.24.0-255,7156,94904,9,212420
48168,0.00078,172.31.36.0-255,66,94970,9,212420
48169,0.000805,74.125.24.0-255,4320,99290,9,212420
48170,0.000807,172.31.36.0-255,66,99356,9,212420
48171,0.00082,172.31.36.0-255,66,99422,9,212420
48172,0.000833,172.31.36.0-255,66,99488,9,212420
48173,0.000871,74.125.24.0-255,1484,100972,9,212420
48174,0.000889,74.125.24.0-255,2902,103874,9,212420
48175,0.000891,172.31.36.0-255,66,103940,9,212420
48176,0.000913,74.125.24.0-255,5738,109678,9,212420
48177,0.000916,172.31.36.0-255,66,109744,9,212420
48178,0.000929,74.125.24.0-255,4320,114064,9,212420
48179,0.000931,172.31.36.0-255,66,114130,9,212420
48180,0.000959,172.31.36.0-255,66,114196,9,212420
48181,0.000967,74.125.24.0-255,7156,121352,9,212420
48182,0.000969,172.31.36.0-255,66,121418,9,212420
48183,0.000999,74.125.24.0-255,3602,125020,9,212420
48184,0.001002,172.31.36.0-255,66,125086,9,212420
48185,0.001103,74.125.24.0-255,1484,126570,9,212420
48186,0.001108,74.125.24.0-255,2902,129472,9,212420
48187,0.001111,172.31.36.0-255,66,129538,9,212420
48188,0.001145,74.125.24.0-255,5738,135276,9,212420
48189,0.001147,172.31.36.0-255,66,135342,9,212420
48190,0.001151,74.125.24.0-255,2902,138244,9,212420
48191,0.001154,172.31.36.0-255,66,138310,9,212420
48192,0.001157,74.125.24.0-255,1484,139794,9,212420
48193,0.001191,172.31.36.0-255,66,139860,9,212420
48194,0.001194,74.125.24.0-255,1484,141344,9,212420
48195,0.00122,172.31.36.0-255,66,141410,9,212420
48196,0.001313,74.125.24.0-255,1484,142894,9,212420
48197,0.001327,74.125.24.0-255,2902,145796,9,212420
48198,0.001331,172.31.36.0-255,66,145862,9,212420
48199,0.00135,74.125.24.0-255,1484,147346,9,212420
48200,0.001355,74.125.24.0-255,2902,150248,9,212420
48201,0.001358,172.31.36.0-255,66,150314,9,212420
48202,0.00138,74.125.24.0-255,5738,156052,9,212420
48203,0.001382,172.31.36.0-255,66,156118,9,212420
48204,0.001405,74.125.24.0-255,2902,159020,9,212420
48205,0.001407,172.31.36.0-255,66,159086,9,212420
48206,0.001448,74.125.24.0-255,2902,161988,9,212420
48207,0.001463,74.125.24.0-255,3602,165590,9,212420
48208,0.001498,74.125.24.0-255,2902,168492,9,212420
48209,0.001515,74.125.24.0-255,4320,172812,9,212420
48210,0.001553,74.125.24.0-255,2902,175714,9,212420
48211,0.001593,74.125.24.0-255,2184,177898,9,212420
48212,0.001614,172.31.36.0-255,66,177964,9,212420
48213,0.00163,74.125.24.0-255,1484,179448,9,212420
48214,0.001635,74.125.24.0-255,2902,182350,9,212420
48215,0.001638,74.125.24.0-255,1484,183834,9,212420
48216,0.001643,172.31.36.0-255,66,183900,9,212420
48217,0.00166,74.125.24.0-255,4320,188220,9,212420
48218,0.001662,74.125.24.0-255,1484,189704,9,212420
48219,0.001771,172.31.36.0-255,66,189770,9,212420
48220,0.001795,74.125.24.0-255,7156,196926,9,212420
48221,0.001817,172.31.36.0-255,66,196992,9,212420
48222,0.001829,74.125.24.0-255,2902,199894,9,212420
48223,0.001873,74.125.24.0-255,2902,202796,9,212420
48224,0.001885,172.31.36.0-255,66,202862,9,212420
48225,0.001913,74.125.24.0-255,105,202967,9,212420
48226,0.005008,172.31.36.0-255,66,203033,9,212420
48227,0.012135,172.31.36.0-255,105,203138,9,212420
48228,0.014354,74.125.24.0-255,66,203204,9,212420
48229,0.042603,172.31.36.0-255,172,203376,9,212420
48230,0.042634,172.31.36.0-255,1117,204493,9,212420
48231,0.042702,172.31.36.0-255,1514,206007,9,212420
48232,0.042703,172.31.36.0-255,1514,207521,9,212420
48233,0.042704,172.31.36.0-255,1514,209035,9,212420
48234,0.042709,172.31.36.0-255,1514,210549,9,212420
48235,0.04271,172.31.36.0-255,1499,212048,9,212420
48236,0.044198,104.244.42.0-255,66,212114,9,212420
48237,0.044228,104.244.42.0-255,66,212180,9,212420
48238,0.044315,104.244.42.0-255,66,212246,9,212420
48239,0.044943,104.244.42.0-255,108,212354,9,212420
48240,0.04495,172.31.36.0-255,66,212420,9,212420
48241,0.0,74.125.200.0-255,153,153,9,362210
48242,2.2e-05,172.31.36.0-255,66,219,9,362210
48243,3e-05,74.125.200.0-255,1484,1703,9,362210
48244,3.4e-05,172.31.36.0-255,66,1769,9,362210
48245,4e-05,74.125.200.0-255,2902,4671,9,362210
48246,4.3e-05,172.31.36.0-255,66,4737,9,362210
48247,7.1e-05,74.125.200.0-255,7156,11893,9,362210
48248,7.4e-05,172.31.36.0-255,66,11959,9,362210
48249,0.000182,74.125.200.0-255,2038,13997,9,362210
48250,0.000185,172.31.36.0-255,66,14063,9,362210
48251,0.000222,74.125.200.0-255,2902,16965,9,362210
48252,0.000227,172.31.36.0-255,66,17031,9,362210
48253,0.000276,74.125.200.0-255,7156,24187,9,362210
48254,0.00028,172.31.36.0-255,66,24253,9,362210
48255,0.000401,74.125.200.0-255,6797,31050,9,362210
48256,0.000406,172.31.36.0-255,66,31116,9,362210
48257,0.00055,74.125.200.0-255,1484,32600,9,362210
48258,0.000554,172.31.36.0-255,66,32666,9,362210
48259,0.000561,74.125.200.0-255,2902,35568,9,362210
48260,0.000564,172.31.36.0-255,66,35634,9,362210
48261,0.000599,74.125.200.0-255,4320,39954,9,362210
48262,0.000603,172.31.36.0-255,66,40020,9,362210
48263,0.000679,74.125.200.0-255,4320,44340,9,362210
48264,0.000683,172.31.36.0-255,66,44406,9,362210
48265,0.000703,74.125.200.0-255,3961,48367,9,362210
48266,0.000706,172.31.36.0-255,66,48433,9,362210
48267,0.000831,74.125.200.0-255,5738,54171,9,362210
48268,0.000835,172.31.36.0-255,66,54237,9,362210
48269,0.000852,74.125.200.0-255,2902,57139,9,362210
48270,0.000855,172.31.36.0-255,66,57205,9,362210
48271,0.000975,74.125.200.0-255,7156,64361,9,362210
48272,0.000979,172.31.36.0-255,66,64427,9,362210
48273,0.000996,74.125.200.0-255,1125,65552,9,362210
48274,0.001093,74.125.200.0-255,647,66199,9,362210
48275,0.001097,172.31.36.0-255,66,66265,9,362210
48276,0.001126,74.125.200.0-255,1484,67749,9,362210
48277,0.001139,74.125.200.0-255,2902,70651,9,362210
48278,0.00115,172.31.36.0-255,66,70717,9,362210
48279,0.001188,74.125.200.0-255,2902,73619,9,362210
48280,0.001202,74.125.200.0-255,2902,76521,9,362210
48281,0.001205,172.31.36.0-255,66,76587,9,362210
48282,0.00121,172.31.36.0-255,66,76653,9,362210
48283,0.001286,74.125.200.0-255,4320,80973,9,362210
48284,0.001299,74.125.200.0-255,2902,83875,9,362210
48285,0.001304,172.31.36.0-255,66,83941,9,362210
48286,0.001327,172.31.36.0-255,66,84007,9,362210
48287,0.001413,74.125.200.0-255,5738,89745,9,362210
48288,0.001424,172.31.36.0-255,66,89811,9,362210
48289,0.001436,74.125.200.0-255,5738,95549,9,362210
48290,0.001446,172.31.36.0-255,66,95615,9,362210
48291,0.001639,74.125.200.0-255,5738,101353,9,362210
48292,0.001643,172.31.36.0-255,66,101419,9,362210
48293,0.001673,172.31.36.0-255,66,101485,9,362210
48294,0.001854,74.125.200.0-255,7156,108641,9,362210
48295,0.001858,172.31.36.0-255,66,108707,9,362210
48296,0.008854,172.31.36.0-255,66,108773,9,362210
48297,0.010784,74.125.200.0-255,5738,114511,9,362210
48298,0.010796,172.31.36.0-255,66,114577,9,362210
48299,0.012729,74.125.200.0-255,5738,120315,9,362210
48300,0.012737,172.31.36.0-255,66,120381,9,362210
48301,0.01467,74.125.200.0-255,5738,126119,9,362210
48302,0.014678,172.31.36.0-255,66,126185,9,362210
48303,0.016615,74.125.200.0-255,5738,131923,9,362210
48304,0.016624,172.31.36.0-255,66,131989,9,362210
48305,0.018553,74.125.200.0-255,5738,137727,9,362210
48306,0.018562,172.31.36.0-255,66,137793,9,362210
48307,0.020486,74.125.200.0-255,5738,143531,9,362210
48308,0.020499,172.31.36.0-255,66,143597,9,362210
48309,0.022427,74.125.200.0-255,5738,149335,9,362210
48310,0.022435,172.31.36.0-255,66,149401,9,362210
48311,0.024358,74.125.200.0-255,5738,155139,9,362210
48312,0.024366,172.31.36.0-255,66,155205,9,362210
48313,0.026285,74.125.200.0-255,5738,160943,9,362210
48314,0.026292,172.31.36.0-255,66,161009,9,362210
48315,0.028204,74.125.200.0-255,5738,166747,9,362210
48316,0.028212,172.31.36.0-255,66,166813,9,362210
48317,0.03013,74.125.200.0-255,5738,172551,9,362210
48318,0.030137,172.31.36.0-255,66,172617,9,362210
48319,0.032057,74.125.200.0-255,5738,178355,9,362210
48320,0.032065,172.31.36.0-255,66,178421,9,362210
48321,0.033983,74.125.200.0-255,5738,184159,9,362210
48322,0.03399,172.31.36.0-255,66,184225,9,362210
48323,0.035916,74.125.200.0-255,5738,189963,9,362210
48324,0.035923,172.31.36.0-255,66,190029,9,362210
48325,0.037861,74.125.200.0-255,5738,195767,9,362210
48326,0.03787,172.31.36.0-255,66,195833,9,362210
48327,0.03982,74.125.200.0-255,5738,201571,9,362210
48328,0.039845,172.31.36.0-255,66,201637,9,362210
48329,0.041836,74.125.200.0-255,5738,207375,9,362210
48330,0.041858,172.31.36.0-255,66,207441,9,362210
48331,0.043826,74.125.200.0-255,5738,213179,9,362210
48332,0.043846,172.31.36.0-255,66,213245,9,362210
48333,0.045766,74.125.200.0-255,5738,218983,9,362210
48334,0.045774,172.31.36.0-255,66,219049,9,362210
48335,0.047698,74.125.200.0-255,5738,224787,9,362210
48336,0.047706,172.31.36.0-255,66,224853,9,362210
48337,0.049671,74.125.200.0-255,5738,230591,9,362210
48338,0.049678,172.31.36.0-255,66,230657,9,362210
48339,0.051606,74.125.200.0-255,5738,236395,9,362210
48340,0.051614,172.31.36.0-255,66,236461,9,362210
48341,0.053584,74.125.200.0-255,5738,242199,9,362210
48342,0.053601,172.31.36.0-255,66,242265,9,362210
48343,0.055532,74.125.200.0-255,5738,248003,9,362210
48344,0.055543,172.31.36.0-255,66,248069,9,362210
48345,0.05747,74.125.200.0-255,5738,253807,9,362210
48346,0.057478,172.31.36.0-255,66,253873,9,362210
48347,0.059402,74.125.200.0-255,5738,259611,9,362210
48348,0.05941,172.31.36.0-255,66,259677,9,362210
48349,0.061343,74.125.200.0-255,5738,265415,9,362210
48350,0.061351,172.31.36.0-255,66,265481,9,362210
48351,0.063294,74.125.200.0-255,5738,271219,9,362210
48352,0.063302,172.31.36.0-255,66,271285,9,362210
48353,0.064045,172.31.36.0-255,176,271461,9,362210
48354,0.064076,172.31.36.0-255,1070,272531,9,362210
48355,0.065236,74.125.200.0-255,5738,278269,9,362210
48356,0.065244,172.31.36.0-255,66,278335,9,362210
48357,0.065592,104.244.42.0-255,66,278401,9,362210
48358,0.065627,104.244.42.0-255,66,278467,9,362210
48359,0.067166,74.125.200.0-255,5738,284205,9,362210
48360,0.067174,172.31.36.0-255,66,284271,9,362210
48361,0.069107,74.125.200.0-255,5738,290009,9,362210
48362,0.069114,172.31.36.0-255,66,290075,9,362210
48363,0.071045,74.125.200.0-255,5738,295813,9,362210
48364,0.071051,172.31.36.0-255,66,295879,9,362210
48365,0.072973,74.125.200.0-255,5738,301617,9,362210
48366,0.07298,172.31.36.0-255,66,301683,9,362210
48367,0.074903,74.125.200.0-255,5738,307421,9,362210
48368,0.074911,172.31.36.0-255,66,307487,9,362210
48369,0.076868,74.125.200.0-255,5738,313225,9,362210
48370,0.076875,172.31.36.0-255,66,313291,9,362210
48371,0.078818,74.125.200.0-255,5738,319029,9,362210
48372,0.078825,172.31.36.0-255,66,319095,9,362210
48373,0.080741,74.125.200.0-255,5738,324833,9,362210
48374,0.080748,172.31.36.0-255,66,324899,9,362210
48375,0.082669,74.125.200.0-255,5738,330637,9,362210
48376,0.082676,172.31.36.0-255,66,330703,9,362210
48377,0.084594,74.125.200.0-255,5738,336441,9,362210
48378,0.084601,172.31.36.0-255,66,336507,9,362210
48379,0.086535,74.125.200.0-255,5738,342245,9,362210
48380,0.086547,172.31.36.0-255,66,342311,9,362210
48381,0.088483,74.125.200.0-255,5738,348049,9,362210
48382,0.08849,172.31.36.0-255,66,348115,9,362210
48383,0.090433,74.125.200.0-255,5738,353853,9,362210
48384,0.090439,172.31.36.0-255,66,353919,9,362210
48385,0.092354,74.125.200.0-255,5738,359657,9,362210
48386,0.092362,172.31.36.0-255,66,359723,9,362210
48387,0.09429,74.125.200.0-255,2250,361973,9,362210
48388,0.094297,172.31.36.0-255,66,362039,9,362210
48389,0.094488,172.31.36.0-255,105,362144,9,362210
48390,0.096375,74.125.200.0-255,66,362210,9,362210
